13.0758600235,80.2753829956,20,8199,8179
13.0760402679,80.275642395,8199,8674,475
13.0760402679,80.275642395,8674,8684,10
13.0759296417,80.2754516602,8684,13884,5200
13.0759296417,80.2754516602,13884,13894,10
13.0758399963,80.275390625,13894,19640,5746
13.0759401321,80.2754364014,19640,19973,333
13.0760002136,80.2753982544,19973,20347,374
13.0759601593,80.2754592896,20347,21114,767
13.0759601593,80.2754592896,21114,21124,10
13.0758895874,80.2755126953,21124,21134,10
13.075969696,80.2757034302,21134,21144,10
13.0760097504,80.2757415771,21144,21155,11
13.0760002136,80.2760620117,21155,21205,50
13.0760002136,80.2760620117,21205,21215,10
13.0759897232,80.2762908936,21215,21225,10
13.0763702393,80.2762908936,21225,21235,10
13.0768604279,80.276260376,21235,21245,10
13.0774297714,80.2761993408,21245,21256,11
13.0780496597,80.2761230469,21256,21266,10
13.0782699585,80.2756271362,21266,21276,10
13.0785503387,80.2751998901,21276,21286,10
13.0790996552,80.2751693726,21286,21296,10
13.0797300339,80.2753067017,21296,21306,10
13.0804395676,80.2752609253,21306,21316,10
13.0810098648,80.2752075195,21316,21326,10
13.0814504623,80.2751617432,21326,21336,10
13.0816497803,80.275177002,21336,21346,10
13.0818195343,80.2752304077,21346,21357,11
13.0819597244,80.275352478,21357,21367,10
13.0819997787,80.2755737305,21367,21377,10
13.0820302963,80.2758865356,21377,21387,10
13.0818996429,80.2760696411,21387,21397,10
13.0818996429,80.276512146,21397,21407,10
13.081990242,80.2772369385,21407,21417,10
13.0820903778,80.2780685425,21417,21427,10
13.082159996,80.2787780762,21427,21437,10
13.0822296143,80.2795562744,21437,21447,10
13.0823202133,80.2804718018,21447,21458,11
13.0823898315,80.2813568115,21458,21468,10
13.0825004578,80.2818374634,21468,21478,10
13.0831298828,80.2822494507,21478,21488,10
13.0839796066,80.2827682495,21488,21498,10
13.0847196579,80.2833175659,21498,21508,10
13.0851898193,80.2838363647,21508,21518,10
13.0854301453,80.2837371826,21518,21528,10
13.0856800079,80.2835922241,21528,21538,10
13.0860500336,80.2835769653,21538,21548,10
13.0863399506,80.2836303711,21548,21559,11
13.0866699219,80.2838821411,21559,21569,10
13.0870304108,80.2839279175,21569,21579,10
13.0874900818,80.2839279175,21579,21609,30
13.0874900818,80.2839279175,21609,21619,10
13.0876502991,80.2839279175,21619,21629,10
13.0878295898,80.2839202881,21629,21639,10
13.0880699158,80.2838897705,21639,22175,536
13.0880699158,80.2838897705,22175,22185,10
13.0880002975,80.2838821411,22185,22195,10
13.0881004333,80.2836914063,22195,22215,20
13.0881004333,80.2836914063,22215,22225,10
13.0882396698,80.2834396362,22225,22235,10
13.088259697,80.2830581665,22235,22245,10
13.0882797241,80.2825012207,22245,22255,10
13.0881595612,80.2818603516,22255,22265,10
13.0881795883,80.2814178467,22265,22275,10
13.0885601044,80.2816009521,22275,22286,11
13.0884799957,80.2822113037,22286,22296,10
13.0883903503,80.2827224731,22296,22306,10
13.0883598328,80.2830505371,22306,22316,10
13.0883998871,80.283531189,22316,22326,10
13.0884504318,80.2841415405,22326,22336,10
13.088470459,80.2848587036,22336,22346,10
13.0885095596,80.2854690552,22346,22356,10
13.0885696411,80.2861862183,22356,22366,10
13.0885801315,80.286529541,22366,22376,10
13.0886201859,80.2870483398,22376,22387,11
13.0886697769,80.2874908447,22387,22397,10
13.0887002945,80.287902832,22397,22407,10
13.0887498856,80.2884979248,22407,22417,10
13.0887899399,80.28881073,22417,22427,10
13.0888595581,80.289352417,22427,22437,10
13.0888795853,80.2895507813,22437,22447,10
13.0888996124,80.2901229858,22447,22457,10
13.0886898041,80.2904510498,22457,22467,10
13.088139534,80.2901763916,22467,22477,10
13.0874004364,80.2898178101,22477,22488,11
13.0864200592,80.2894821167,22488,22498,10
13.0854301453,80.2892303467,22498,22508,10
13.0845899582,80.2891616821,22508,22517,9
13.0838899612,80.2891616821,22517,22528,11
13.0831699371,80.2891998291,22528,22538,10
13.0825500488,80.2890014648,22538,22548,10
13.0819597244,80.2888183594,22548,22558,10
13.0813798904,80.2885818481,22558,22568,10
13.0807199478,80.2883834839,22568,22577,9
13.0799598694,80.2881469727,22577,22589,12
13.0787000656,80.2877578735,22589,22599,10
13.0776395798,80.2874679565,22599,22609,10
13.0766000748,80.2872085571,22609,22619,10
13.0756196976,80.2869186401,22619,22629,10
13.074839592,80.2864532471,22629,22639,10
13.0739498138,80.2860412598,22639,22649,10
13.0731496811,80.2858505249,22649,22659,10
13.0722904205,80.2853927612,22659,22669,10
13.0711097717,80.2850875854,22669,22679,10
13.0698204041,80.2847671509,22679,22690,11
13.0684700012,80.2844619751,22690,22700,10
13.0671796799,80.2842636108,22700,22710,10
13.0658597946,80.2839508057,22710,22720,10
13.064620018,80.2836685181,22720,22730,10
13.0642499924,80.2835922241,22730,22740,10
13.0639200211,80.2835006714,22740,22750,10
13.0632295609,80.2833175659,22750,22760,10
13.0623598099,80.2830886841,22760,22770,10
13.0612897873,80.2828369141,22770,22780,10
13.0600996017,80.2825927734,22780,22791,11
13.058719635,80.2823181152,22791,22801,10
13.0577297211,80.2821273804,22801,22811,10
13.057009697,80.2819824219,22811,22821,10
13.0567102432,80.2819213867,22821,22831,10
13.0563898087,80.2818527222,22831,22841,10
13.0556602478,80.2816925049,22841,22851,10
13.0546398163,80.2814788818,22851,22861,10
13.0534095764,80.2812576294,22861,22871,10
13.0521202087,80.2810592651,22871,22881,10
13.0509395599,80.2808914185,22881,22892,11
13.0497198105,80.2807235718,22892,22902,10
13.048500061,80.2805480957,22902,22912,10
13.0472402573,80.2803726196,22912,22922,10
13.0462398529,80.2802276611,22922,22932,10
13.0457000732,80.2801818848,22932,22942,10
13.0454902649,80.2801437378,22942,22952,10
13.0448799133,80.2800598145,22952,22962,10
13.0441398621,80.2799530029,22962,22972,10
13.0435695648,80.2798690796,22972,22982,10
13.0428600311,80.2796707153,22982,22993,11
13.0417404175,80.2794570923,22993,23003,10
13.0405597687,80.2792282104,23003,23013,10
13.0396203995,80.2790222168,23013,23023,10
13.0391101837,80.2788696289,23023,23033,10
13.0387897491,80.2787628174,23033,23043,10
13.0381603241,80.2785415649,23043,23053,10
13.0373802185,80.2783432007,23053,23063,10
13.0366401672,80.2780685425,23063,23073,10
13.0357704163,80.2778396606,23073,23083,10
13.0347795486,80.2776565552,23083,23093,10
13.0337400436,80.2773895264,23093,23104,11
13.0327396393,80.2774963379,23104,23114,10
13.0316896439,80.2776031494,23114,23124,10
13.0309095383,80.2772674561,23124,23134,10
13.0301303864,80.2768707275,23134,23144,10
13.0294704437,80.2766494751,23144,23154,10
13.028670311,80.2763977051,23154,23164,10
13.0278396606,80.2760925293,23164,23174,10
13.0268497467,80.2756576538,23174,23184,10
13.0260696411,80.2752914429,23184,23193,9
13.0257301331,80.2751312256,23193,23205,12
13.0254001617,80.2749862671,23205,23215,10
13.024720192,80.2746887207,23215,23225,10
13.0240697861,80.2740402222,23225,23235,10
13.0235004425,80.2732315063,23235,23245,10
13.0228004456,80.2722702026,23245,23255,10
13.02202034,80.2712478638,23255,23265,10
13.0212898254,80.2703323364,23265,23275,10
13.0208396912,80.269821167,23275,23285,10
13.0207595825,80.2697601318,23285,23295,10
13.0205001831,80.2694091797,23295,23305,10
13.0200901031,80.2688522339,23305,23316,11
13.0194101334,80.2680435181,23316,23326,10
13.0187702179,80.2671585083,23326,23336,10
13.0186100006,80.2661132813,23336,23346,10
13.0187196732,80.2655181885,23346,23356,10
13.0189599991,80.2646789551,23356,23366,10
13.0190296173,80.2637023926,23366,23376,10
13.0189800262,80.2632827759,23376,23386,10
13.0188903809,80.2626037598,23386,23396,10
13.0187797546,80.2616882324,23396,23407,11
13.0183200836,80.2610397339,23407,23417,10
13.0174798965,80.2605209351,23417,23427,10
13.0165195465,80.2599182129,23427,23437,10
13.0160703659,80.2596969604,23437,23447,10
13.0160102844,80.2596664429,23447,23457,10
13.0155601501,80.2594833374,23457,23467,10
13.0147695541,80.2593307495,23467,23477,10
13.0138502121,80.2592926025,23477,23487,10
13.0127696991,80.259262085,23487,23496,9
13.0118103027,80.2592163086,23496,23508,12
13.0104398727,80.2592468262,23508,23518,10
13.0092201233,80.2592391968,23518,23528,10
13.0087003708,80.2592391968,23528,23538,10
13.0082197189,80.2592163086,23538,23548,10
13.0075798035,80.2593688965,23548,23558,10
13.0072002411,80.2587509155,23558,23568,10
13.0067901611,80.2580032349,23568,23578,10
13.0061502457,80.2574996948,23578,23588,10
13.0052604675,80.2572937012,23588,23598,10
13.0043001175,80.2570571899,23598,23609,11
13.0031700134,80.2568283081,23609,23619,10
13.0021800995,80.2566375732,23619,23629,10
13.0013303757,80.2565307617,23629,23639,10
13.0004901886,80.256401062,23639,23649,10
12.9995002747,80.2562179565,23649,23659,10
12.9988002777,80.2560882568,23659,23669,10
12.9986896515,80.256072998,23669,23679,10
12.9983901978,80.2560119629,23679,23689,10
12.998000145,80.2559585571,23689,23699,10
12.9977502823,80.2559509277,23699,23710,11
12.9971704483,80.2559127808,23710,23730,20
12.9971704483,80.2559127808,23730,23740,10
12.9969997406,80.2559204102,23740,23750,10
12.9967002869,80.2559127808,23750,23760,10
12.996049881,80.255897522,23760,23770,10
12.9952802658,80.2559204102,23770,23780,10
12.9944095612,80.2559585571,23780,23790,10
12.9934797287,80.2560424805,23790,23800,10
12.9923801422,80.2560882568,23800,23811,11
12.9911403656,80.2560577393,23811,23821,10
12.9902601242,80.2560272217,23821,23831,10
12.9892902374,80.2559967041,23831,23841,10
12.9884700775,80.2559280396,23841,23851,10
12.9882602692,80.2558822632,23851,23861,10
12.9879102707,80.255821228,23861,23871,10
12.9876203537,80.2557525635,23871,23881,10
12.9871797562,80.2556915283,23881,23891,10
12.9866504669,80.2555999756,23891,23901,10
12.9862699509,80.2555389404,23901,23911,10
12.9860601425,80.2555007935,23911,23922,11
12.9855804443,80.2554092407,23922,23932,10
12.9847803116,80.2552108765,23932,23942,10
12.9838695526,80.2550125122,23942,23952,10
12.9833602905,80.2548599243,23952,23962,10
12.9828500748,80.2547225952,23962,23972,10
12.9821996689,80.2544174194,23972,23982,10
12.9818897247,80.2537307739,23982,23992,10
12.981710434,80.2530212402,23992,24002,10
12.9811201096,80.2527923584,24002,24012,10
12.9806003571,80.2527999878,24012,24023,11
12.9798402786,80.2527084351,24023,24033,10
12.9791603088,80.2526626587,24033,24043,10
12.9789600372,80.2526397705,24043,24053,10
12.9786195755,80.2525100708,24053,24063,10
12.9779996872,80.2520904541,24063,24073,10
12.9771404266,80.251449585,24073,24083,10
12.975979805,80.251083374,24083,24093,10
12.9747200012,80.2507171631,24093,24103,10
12.9734201431,80.2503662109,24103,24113,10
12.9721298218,80.2500534058,24113,24124,11
12.9706697464,80.2496414185,24124,24134,10
12.9693403244,80.2491226196,24134,24144,10
12.968170166,80.248626709,24144,24154,10
12.9673099518,80.2482833862,24154,24164,10
12.9665002823,80.2478866577,24164,24174,10
12.9656295776,80.247543335,24174,24184,10
12.9653100967,80.247428894,24184,24194,10
12.9649801254,80.2472915649,24194,24204,10
12.9643001556,80.2470474243,24204,24213,9
12.963470459,80.246711731,24213,24225,12
12.9622297287,80.2461013794,24225,24235,10
12.9610595703,80.245552063,24235,24245,10
12.9598398209,80.2449798584,24245,24255,10
12.9585895538,80.2444076538,24255,24265,10
12.9577903748,80.2441101074,24265,24275,10
12.9570198059,80.2438430786,24275,24285,10
12.9563798904,80.2436218262,24285,24295,10
12.9559698105,80.2434310913,24295,24305,10
12.9552402496,80.2430877686,24305,24315,10
12.9543399811,80.2427062988,24315,24326,11
12.9534597397,80.2423171997,24326,24336,10
12.9525699615,80.2419815063,24336,24346,10
12.9515695572,80.2416305542,24346,24356,10
12.9505395889,80.2412796021,24356,24366,10
12.9495697021,80.2409973145,24366,24376,10
12.9487495422,80.2406997681,24376,24386,10
12.9478797913,80.2403335571,24386,24396,10
12.9471302032,80.240020752,24396,24406,10
12.9462299347,80.2396621704,24406,24416,10
12.9452104568,80.239112854,24416,24427,11
12.9442501068,80.2381286621,24427,24437,10
12.9433803558,80.237197876,24437,24447,10
12.9423103333,80.2364883423,24447,24457,10
12.9410104752,80.2361526489,24457,24467,10
12.9395799637,80.235710144,24467,24487,20
12.9395799637,80.235710144,24487,24497,10
12.9392204285,80.2355422974,24497,24507,10
12.9385299683,80.2351608276,24507,24517,10
12.9376096725,80.2347335815,24517,24528,11
12.9364004135,80.2341537476,24528,24538,10
12.9357204437,80.2339477539,24538,24548,10
12.9356603622,80.2340774536,24548,24558,10
12.935549736,80.2343978882,24558,24568,10
12.9353399277,80.2349700928,24568,24578,10
12.9351701736,80.2353973389,24578,24588,10
12.9349803925,80.2354202271,24588,24598,10
12.9346904755,80.2352905273,24598,24608,10
12.9341402054,80.2350692749,24608,24618,10
12.9338998795,80.2350311279,24618,24628,10
12.9337797165,80.2354125977,24628,24639,11
12.9336099625,80.2360992432,24639,24649,10
12.9332799911,80.2361602783,24649,24659,10
12.9332304001,80.2361526489,24659,24669,10
12.9330301285,80.2361373901,24669,24679,10
12.9329795837,80.2364196777,24679,24689,10
12.9329299927,80.2367782593,24689,24699,10
12.9329099655,80.2369003296,24699,24709,10
12.9327697754,80.2372817993,24709,24719,10
12.9326200485,80.2376708984,24719,24729,10
12.9323196411,80.2383575439,24729,24740,11
12.9321603775,80.2386932373,24740,24750,10
12.9316701889,80.2387008667,24750,24760,10
12.9312295914,80.2385406494,24760,24780,20
12.9312295914,80.2385406494,24780,24790,10
12.931139946,80.2384796143,24790,24800,10
12.9309902191,80.2384414673,24800,24810,10
12.9305496216,80.2382888794,24810,24820,10
12.9298496246,80.23802948,24820,24830,10
12.9295501709,80.2381591797,24830,24841,11
12.9294300079,80.238609314,24841,24851,10
12.929309845,80.2389907837,24851,24861,10
12.929019928,80.2389907837,24861,24871,10
12.9283800125,80.2388381958,24871,24891,20
12.9283800125,80.2388381958,24891,24901,10
12.9281997681,80.238822937,24901,24911,10
12.9277801514,80.2387008667,24911,24921,10
12.9271001816,80.23853302,24921,24931,10
12.9263296127,80.2383270264,24931,24942,11
12.9256000519,80.2381286621,24942,24952,10
12.9254903793,80.238319397,24952,24962,10
12.9257602692,80.2382736206,24962,25032,70
12.9257602692,80.2382736206,25032,25043,11
12.9258899689,80.2382125854,25043,25053,10
12.9262104034,80.2382888794,25053,25063,10
12.9266901016,80.2384185791,25063,25073,10
12.9272203445,80.2385406494,25073,25083,10
12.9277896881,80.2386779785,25083,25093,10
12.928319931,80.2388076782,25093,25164,71
12.928319931,80.2388076782,25164,25174,10
12.9285097122,80.2388534546,25174,25184,10
12.9289999008,80.2389831543,25184,25194,10
12.9293699265,80.2389221191,25194,25204,10
12.9294595718,80.2385482788,25204,25214,10
12.929599762,80.2380981445,25214,25224,10
12.9298000336,80.2379837036,25224,25234,10
12.930270195,80.2381668091,25234,25244,10
12.9312095642,80.2385025024,25244,25295,51
12.9312095642,80.2385025024,25295,25305,10
12.9313802719,80.2385635376,25305,25315,10
12.9316596985,80.2386627197,25315,25325,10
12.9321403503,80.2387466431,25325,25335,10
12.9322900772,80.2384719849,25335,25344,9
12.9323396683,80.23828125,25344,25356,12
12.9325304031,80.2377700806,25356,25366,10
12.9326896667,80.2373199463,25366,25376,10
12.9327497482,80.2371292114,25376,25386,10
12.9329099655,80.2367706299,25386,25396,10
12.932970047,80.2363433838,25396,25406,10
12.932970047,80.2362213135,25406,25416,10
12.9331598282,80.2361221313,25416,25436,20
12.9331598282,80.2361221313,25436,25446,10
12.9334802628,80.2362136841,25446,25457,11
12.9336700439,80.2358322144,25457,25467,10
12.9337902069,80.2353591919,25467,25477,10
12.9339895248,80.2350082397,25477,25487,10
12.9344100952,80.2351989746,25487,25497,10
12.9348201752,80.2353820801,25497,25507,10
12.9350099564,80.2354736328,25507,25517,10
12.9351902008,80.2353210449,25517,25527,10
12.9354000092,80.2347412109,25527,25638,111
12.9354000092,80.2347412109,25638,25648,10
12.9355802536,80.2343521118,25648,25659,11
12.935790062,80.2338867188,25659,25669,10
12.9358997345,80.2337799072,25669,25679,10
12.9362897873,80.2339324951,25679,25689,10
12.9369297028,80.2342224121,25689,25699,10
12.9377098083,80.2345962524,25699,25709,10
12.9386301041,80.2350692749,25709,25719,10
12.9397802353,80.2356262207,25719,25739,20
12.9397802353,80.2356262207,25739,25749,10
12.9400100708,80.235748291,25749,25760,11
12.9406299591,80.2359695435,25760,25770,10
12.9414196014,80.2361679077,25770,25780,10
12.9423704147,80.2364196777,25780,25790,10
12.9433498383,80.2369766235,25790,25800,10
12.9441795349,80.2378616333,25800,25810,10
12.9450302124,80.2388000488,25810,25820,10
12.946100235,80.2394866943,25820,25830,10
12.9471597672,80.239906311,25830,25840,10
12.9474000931,80.2399978638,25840,25850,10
12.9474802017,80.2400436401,25850,25861,11
12.947930336,80.2402420044,25861,25871,10
12.9484195709,80.2404632568,25871,25881,10
12.9487800598,80.2405471802,25881,25891,10
12.9489297867,80.2406082153,25891,25901,10
12.9493703842,80.2407989502,25901,25911,10
12.9500703812,80.241027832,25911,25921,10
12.9508399963,80.2412414551,25921,25931,10
12.9510602951,80.2413101196,25931,25941,10
12.9511203766,80.2413330078,25941,25951,10
12.9515199661,80.2414932251,25951,25961,10
12.9521799088,80.2417297363,25961,25972,11
12.9530897141,80.2420806885,25972,25982,10
12.9540901184,80.242477417,25982,25992,10
12.9550304413,80.2428131104,25992,26002,10
12.9557800293,80.2430725098,26002,26012,10
12.9565296173,80.2433319092,26012,26022,10
12.9572200775,80.2436828613,26022,26032,10
12.9580497742,80.2440719604,26032,26042,10
12.9588403702,80.2443695068,26042,26052,10
12.9590101242,80.2444381714,26052,26062,10
12.9590997696,80.2444915771,26062,26073,11
12.9595603943,80.2447280884,26073,26083,10
12.9602298737,80.2450637817,26083,26093,10
12.9610795975,80.2454528809,26093,26103,10
12.962100029,80.2459564209,26103,26113,10
12.9631500244,80.2464828491,26113,26123,10
12.9639101028,80.2468338013,26123,26133,10
12.9645795822,80.2470779419,26133,26143,10
12.9654102325,80.2473602295,26143,26153,10
12.9666404724,80.2478179932,26153,26174,21
12.9666404724,80.2478179932,26174,26184,10
12.9669399261,80.2479934692,26184,26194,10
12.9675197601,80.2482910156,26194,26204,10
12.9683303833,80.2486190796,26204,26214,10
12.9693403244,80.2489776611,26214,26224,10
12.970459938,80.249420166,26224,26234,10
12.9716796875,80.2497787476,26234,26244,10
12.9729299545,80.2501220703,26244,26254,10
12.9742002487,80.2504577637,26254,26264,10
12.9754896164,80.2508392334,26264,26275,11
12.976940155,80.2512588501,26275,26285,10
12.9780397415,80.2519607544,26285,26295,10
12.9785604477,80.2523193359,26295,26305,10
12.9785699844,80.2523269653,26305,26315,10
12.9786996841,80.2524185181,26315,26325,10
12.9792003632,80.2525787354,26325,26335,10
12.9799003601,80.2526397705,26335,26345,10
12.9806604385,80.2526626587,26345,26355,10
12.9815998077,80.2526397705,26355,26365,10
12.982749939,80.2526016235,26365,26376,11
12.9841003418,80.2523498535,26376,26386,10
12.9853401184,80.251991272,26386,26396,10
12.9865198135,80.2517166138,26396,26406,10
12.9873399734,80.2514572144,26406,26416,10
12.9878501892,80.2514266968,26416,26426,10
12.9880199432,80.2520294189,26426,26436,10
12.9879903793,80.2529678345,26436,26446,10
12.9878902435,80.254119873,26446,26456,10
12.9878101349,80.255241394,26456,26466,10
12.9877796173,80.2556304932,26466,26537,71
12.9877796173,80.2556304932,26537,26547,10
12.9877901077,80.2557983398,26547,26557,10
12.9881896973,80.255859375,26557,26567,10
12.9886302948,80.2558898926,26567,26577,10
12.9886398315,80.2558898926,26577,26588,11
12.9890604019,80.2559432983,26588,26598,10
12.9897298813,80.2559967041,26598,26608,10
12.9905500412,80.2559814453,26608,26618,10
12.9914598465,80.2560577393,26618,26628,10
12.9925203323,80.2560577393,26628,26638,10
12.9936504364,80.2559890747,26638,26648,10
12.9947395325,80.255897522,26648,26658,10
12.9957103729,80.2558670044,26658,26668,10
12.9964399338,80.255859375,26668,26678,10
12.9968700409,80.255859375,26678,26689,11
12.9972200394,80.255859375,26689,26699,10
12.9977703094,80.2559127808,26699,26709,10
12.9985303879,80.2559814453,26709,26739,30
12.9985303879,80.2559814453,26739,26749,10
12.998840332,80.2560577393,26749,26759,10
12.9994001389,80.2561569214,26759,26769,10
13.0000400543,80.2562789917,26769,26779,10
13.0008602142,80.2564086914,26779,26790,11
13.0017995834,80.2565765381,26790,26800,10
13.0026302338,80.2567214966,26800,26810,10
13.0033798218,80.2568664551,26810,26820,10
13.0041999817,80.257019043,26820,26830,10
13.0051202774,80.2572021484,26830,26840,10
13.0059404373,80.2573623657,26840,26850,10
13.0062799454,80.2574081421,26850,26880,30
13.0062799454,80.2574081421,26880,26891,11
13.006360054,80.2574386597,26891,26901,10
13.0066900253,80.2575073242,26901,26911,10
13.0069599152,80.2578811646,26911,26921,10
13.0073404312,80.2584381104,26921,26931,10
13.0081300735,80.2588500977,26931,26941,10
13.0085697174,80.2589874268,26941,26951,10
13.0086803436,80.2590332031,26951,26961,10
13.0090904236,80.2590789795,26961,26971,10
13.0098304749,80.2590789795,26971,26981,10
13.0108003616,80.2590789795,26981,26992,11
13.0120201111,80.2590713501,26992,27002,10
13.0131998062,80.2591094971,27002,27012,10
13.0143499374,80.2591629028,27012,27022,10
13.0155296326,80.2592315674,27022,27032,10
13.0162601471,80.2595291138,27032,27042,10
13.0164499283,80.2596817017,27042,27052,10
13.0164499283,80.2596893311,27052,27062,10
13.0166501999,80.2598724365,27062,27072,10
13.0171899796,80.2602386475,27072,27082,10
13.0179195404,80.2607574463,27082,27092,10
13.0187797546,80.2613525391,27092,27103,11
13.0195398331,80.262046814,27103,27113,10
13.0201702118,80.2626571655,27113,27123,10
13.0202198029,80.2630081177,27123,27133,10
13.019659996,80.2629470825,27133,27143,10
13.019109726,80.2629623413,27143,27153,10
13.0190696716,80.2634277344,27153,27163,10
13.0191402435,80.2642364502,27163,27173,10
13.0189304352,80.2650985718,27173,27183,10
13.018819809,80.2655105591,27183,27193,10
13.018699646,80.2661590576,27193,27204,11
13.0188302994,80.2670974731,27204,27214,10
13.0193996429,80.2679595947,27214,27224,10
13.0201196671,80.2688064575,27224,27234,10
13.0207996368,80.2696380615,27234,27244,10
13.0213499069,80.2702713013,27244,27254,10
13.0214700699,80.2704162598,27254,27264,10
13.0216903687,80.2707214355,27264,27274,10
13.0221099854,80.2712783813,27274,27284,10
13.0226697922,80.2720031738,27284,27294,10
13.0233402252,80.2729110718,27294,27305,11
13.0238704681,80.2736206055,27305,27345,40
13.0238704681,80.2736206055,27345,27355,10
13.0239400864,80.2737884521,27355,27365,10
13.0242996216,80.274269104,27365,27375,10
13.0249004364,80.2747268677,27375,27385,10
13.0252799988,80.2748794556,27385,27395,10
13.0254201889,80.2749176025,27395,27406,11
13.0256204605,80.2750167847,27406,27416,10
13.0261602402,80.2752914429,27416,27426,10
13.02684021,80.2755889893,27426,27436,10
13.0276098251,80.2759475708,27436,27446,10
13.028380394,80.2762908936,27446,27456,10
13.0291404724,80.2765731812,27456,27466,10
13.0298995972,80.2767486572,27466,27476,10
13.0304098129,80.2769699097,27476,27486,10
13.0307397842,80.2771530151,27486,27496,10
13.0313196182,80.2775115967,27496,27507,11
13.0321598053,80.2775192261,27507,27517,10
13.0327100754,80.2774887085,27517,27527,10
13.0327196121,80.2774887085,27527,27537,10
13.0330200195,80.2774581909,27537,27557,20
13.0330200195,80.2774581909,27557,27567,10
13.0332803726,80.2774200439,27567,27577,10
13.0338001251,80.2773666382,27577,27587,10
13.0345201492,80.2775726318,27587,27597,10
13.035320282,80.2777099609,27597,27608,11
13.0360202789,80.2778625488,27608,27618,10
13.0367803574,80.2780838013,27618,27628,10
13.0374002457,80.2782974243,27628,27638,10
13.0381298065,80.2784805298,27638,27648,10
13.0387401581,80.2786407471,27648,27658,10
13.0387897491,80.2786636353,27658,27668,10
13.0389404297,80.2787322998,27668,27678,10
13.0392599106,80.2788391113,27678,27688,10
13.0398302078,80.279006958,27688,27698,10
13.0406398773,80.2792129517,27698,27708,10
13.0416603088,80.2794036865,27708,27719,11
13.042889595,80.2795715332,27719,27729,10
13.0437898636,80.2798080444,27729,27739,10
13.0443696976,80.2799301147,27739,27749,10
13.045129776,80.2799987793,27749,27759,10
13.0455904007,80.2800598145,27759,27769,10
13.045630455,80.2800674438,27769,27779,10
13.046090126,80.2801513672,27779,27789,10
13.0468797684,80.2802581787,27789,27799,10
13.047949791,80.280418396,27799,27809,10
13.0491600037,80.2806091309,27809,27820,11
13.0504999161,80.2807769775,27820,27830,10
13.0513601303,80.280921936,27830,27840,10
13.0522403717,80.2810516357,27840,27850,10
13.0531702042,80.2811889648,27850,27860,10
13.0541496277,80.2813568115,27860,27870,10
13.0552396774,80.2815628052,27870,27880,10
13.056189537,80.2817382813,27880,27890,10
13.0565395355,80.2818069458,27890,27900,10
13.0565700531,80.2818069458,27900,27910,10
13.0569696426,80.2818984985,27910,27921,11
13.0574798584,80.2820129395,27921,27931,10
13.0580596924,80.2821273804,27931,27941,10
13.0588903427,80.2823028564,27941,27951,10
13.0599002838,80.2825164795,27951,27961,10
13.061050415,80.2827529907,27961,27971,10
13.0621795654,80.2830123901,27971,27981,10
13.0631198883,80.2832107544,27981,27991,10
13.0638303757,80.2833404541,27991,28001,10
13.0639200211,80.2833633423,28001,28011,10
13.0641403198,80.2834320068,28011,28022,11
13.0648403168,80.2835922241,28022,28032,10
13.0657997131,80.2838134766,28032,28042,10
13.0669898987,80.2840270996,28042,28052,10
13.0677995682,80.2841796875,28052,28062,10
13.068570137,80.2843475342,28062,28072,10
13.0695199966,80.2845916748,28072,28082,10
13.0706796646,80.2848892212,28082,28092,10
13.0719404221,80.2852172852,28092,28102,10
13.0731697083,80.285369873,28102,28112,10
13.0740804672,80.2857284546,28112,28123,11
13.0749998093,80.2864837646,28123,28133,10
13.0760402679,80.2870407104,28133,28143,10
13.077249527,80.2873382568,28143,28153,10
13.0785102844,80.287651062,28153,28163,10
13.0795202255,80.2880401611,28163,28173,10
13.0799598694,80.2880935669,28173,28183,10
13.0804700851,80.288192749,28183,28193,10
13.0808401108,80.2882995605,28193,28203,10
13.0809803009,80.2883529663,28203,28213,10
13.0815000534,80.288520813,28213,28222,9
13.082159996,80.2887573242,28222,28234,12
13.0830698013,80.2891693115,28234,28244,10
13.0838899612,80.2891769409,28244,28254,10
13.0848302841,80.2891616821,28254,28264,10
13.0858402252,80.2892990112,28264,28274,10
13.0869197845,80.2895812988,28274,28284,10
13.0877895355,80.2899017334,28284,28294,10
13.0888395309,80.2901763916,28294,28375,81
13.0888395309,80.2901763916,28375,28385,10
13.0886802673,80.2904815674,28385,28395,10
13.0881204605,80.2901916504,28395,28405,10
13.087269783,80.2898712158,28405,28415,10
13.0862998962,80.2895965576,28415,28425,10
13.0856199265,80.2891998291,28425,28436,11
13.0851697922,80.2882232666,28436,28446,10
13.0851697922,80.2870178223,28446,28456,10
13.0852603912,80.2857971191,28456,28466,10
13.0853595734,80.2847137451,28466,28476,10
13.0852804184,80.2843093872,28476,28486,10
13.0853300095,80.2839736938,28486,28496,10
13.0854902267,80.2835998535,28496,28506,10
13.0858001709,80.283531189,28506,28516,10
13.0861597061,80.2835388184,28516,28526,10
13.0864801407,80.2836914063,28526,28537,11
13.0868396759,80.2839431763,28537,28547,10
13.0872001648,80.2839279175,28547,28557,10
13.0876102448,80.2839431763,28557,28567,10
13.08796978,80.2839508057,28567,28587,20
13.08796978,80.2839508057,28587,28597,10
13.0881595612,80.2838363647,28597,29021,424
13.0880002975,80.2839508057,29021,30354,1333
13.0880002975,80.2839508057,30354,30364,10
13.088139534,80.2837219238,30364,30374,10
13.0882797241,80.283493042,30374,30384,10
13.0883302689,80.2831802368,30384,30394,10
13.0883102417,80.2826385498,30394,30405,11
13.0882501602,80.2820892334,30405,30415,10
13.0880804062,80.2815628052,30415,30425,10
13.0882902145,80.2814407349,30425,30435,10
13.0885696411,80.2817001343,30435,30445,10
13.0884599686,80.2822723389,30445,30455,10
13.0883703232,80.2828674316,30455,30465,10
13.0883598328,80.2832794189,30465,30475,10
13.0883998871,80.2839584351,30475,30485,10
13.0884599686,80.2849578857,30485,30546,61
13.0884599686,80.2849578857,30546,30556,10
13.0884895325,80.2851867676,30556,30566,10
13.0885400772,80.2855834961,30566,30576,10
13.0885601044,80.285949707,30576,30586,10
13.0885696411,80.2864303589,30586,30596,10
13.0885601044,80.2868728638,30596,30607,11
13.0886001587,80.287437439,30607,30617,10
13.0886201859,80.2876815796,30617,30627,10
13.0886697769,80.2882080078,30627,30637,10
13.0887098312,80.2886199951,30637,30647,10
13.0887498856,80.2890167236,30647,30657,10
13.0887899399,80.2894668579,30657,30677,20
13.0887899399,80.2894668579,30677,30687,10
13.0888299942,80.2899017334,30687,30697,10
13.0887699127,80.2904891968,30697,30708,11
13.0882797241,80.2902603149,30708,30718,10
13.0875301361,80.2899017334,30718,30728,10
13.0866203308,80.2895584106,30728,30738,10
13.0854196548,80.2892608643,30738,30748,10
13.084280014,80.2892227173,30748,30758,10
13.083319664,80.2892532349,30758,30768,10
13.0823202133,80.2889404297,30768,30778,10
13.081199646,80.2885513306,30778,30788,10
13.0801496506,80.2882385254,30788,30798,10
13.0799798965,80.2882080078,30798,30808,10
13.0797100067,80.2881698608,30808,30819,11
13.079079628,80.2879562378,30819,30829,10
13.0783100128,80.287651062,30829,30839,10
13.0773000717,80.2873916626,30839,30849,10
13.0761499405,80.2871017456,30849,30859,10
13.0750198364,80.2865829468,30859,30869,10
13.0739002228,80.2860565186,30869,30879,10
13.0729904175,80.2857971191,30879,30889,10
13.0721101761,80.285369873,30889,30899,10
13.0710802078,80.2850875854,30899,30909,10
13.0699100494,80.2847976685,30909,30920,11
13.068570137,80.2844924927,30920,30930,10
13.0673704147,80.2842712402,30930,30940,10
13.0661296844,80.2839889526,30940,30950,10
13.0648899078,80.283706665,30950,30960,10
13.063949585,80.283493042,30960,30970,10
13.0629997253,80.2832336426,30970,30980,10
13.0623502731,80.2830810547,30980,30990,10
13.0620803833,80.2830429077,30990,31000,10
13.061920166,80.2829818726,31000,31010,10
13.0616903305,80.282913208,31010,31021,11
13.061050415,80.2827835083,31021,31031,10
13.060210228,80.282623291,31031,31041,10
13.0592098236,80.2824172974,31041,31051,10
13.0580797195,80.2822113037,31051,31061,10
13.0567703247,80.2819366455,31061,31081,20
13.0567703247,80.2819366455,31081,31091,10
13.0565595627,80.2818908691,31091,31101,10
13.0559902191,80.2817611694,31101,31111,10
13.0551795959,80.2815933228,31111,31121,10
13.0541696548,80.2813796997,31121,31132,11
13.0528802872,80.2811584473,31132,31142,10
13.0516796112,80.2809829712,31142,31152,10
13.0504999161,80.2808227539,31152,31162,10
13.0492897034,80.2806396484,31162,31172,10
13.0480499268,80.280456543,31172,31182,10
13.0467996597,80.2802886963,31182,31192,10
13.045800209,80.280166626,31192,31221,29
13.045800209,80.280166626,31221,31233,12
13.045800209,80.2801818848,31233,31243,10
13.0454397202,80.280128479,31243,31253,10
13.0447998047,80.2800369263,31253,31263,10
13.0440101624,80.2799224854,31263,31273,10
13.0431804657,80.2797622681,31273,31283,10
13.0422201157,80.279548645,31283,31293,10
13.0412197113,80.2793807983,31293,31303,10
13.0403003693,80.2791824341,31303,31313,10
13.0395803452,80.2789993286,31313,31323,10
13.0391798019,80.2788925171,31323,31334,11
13.0391597748,80.2788772583,31334,31344,10
13.0389795303,80.2787780762,31344,31354,10
13.0386295319,80.2786712646,31354,31364,10
13.0380802155,80.2784881592,31364,31374,10
13.0375299454,80.2783432007,31374,31384,10
13.0369100571,80.278137207,31384,31394,10
13.0362300873,80.2779006958,31394,31404,10
13.0355396271,80.2777633667,31404,31414,10
13.0348796844,80.277633667,31414,31424,10
13.0340795517,80.2774505615,31424,31435,11
13.0334100723,80.2773895264,31435,31445,10
13.0328102112,80.2774963379,31445,31455,10
13.0322399139,80.2775192261,31455,31465,10
13.0317296982,80.2775802612,31465,31475,10
13.0313596725,80.2775268555,31475,31485,10
13.0313596725,80.2775421143,31485,31495,10
13.0311498642,80.2774429321,31495,31505,10
13.0308904648,80.2772903442,31505,31515,10
13.0308103561,80.2772598267,31515,31525,10
13.0304098129,80.2770080566,31525,31536,11
13.0298404694,80.2767562866,31536,31546,10
13.0290699005,80.276550293,31546,31556,10
13.028429985,80.276260376,31556,31566,10
13.0277004242,80.2759475708,31566,31576,10
13.0270500183,80.275680542,31576,31586,10
13.0263996124,80.2754211426,31586,31596,10
13.0261602402,80.2753601074,31596,31636,40
13.0261602402,80.2753601074,31636,31647,11
13.0257797241,80.2751464844,31647,31657,10
13.025179863,80.274887085,31657,31667,10
13.0244398117,80.2744598389,31667,31677,10
13.0238800049,80.2737197876,31677,31687,10
13.0233898163,80.2730789185,31687,31697,10
13.0228204727,80.2723083496,31697,31707,10
13.0221300125,80.2714080811,31707,31717,10
13.0214796066,80.2705917358,31717,31727,10
13.0211496353,80.2701873779,31727,31737,10
13.0211400986,80.2701797485,31737,31748,11
13.0210599899,80.270111084,31748,31758,10
13.0209703445,80.2699966431,31758,31768,10
13.0208396912,80.2698364258,31768,31778,10
13.020529747,80.2694320679,31778,31788,10
13.0200395584,80.2687988281,31788,31798,10
13.0194597244,80.2680587769,31798,31808,10
13.0188102722,80.2672195435,31808,31818,10
13.0186195374,80.266166687,31818,31828,10
13.018699646,80.2656021118,31828,31838,10
13.018910408,80.2648620605,31838,31849,11
13.0190496445,80.2638702393,31849,31859,10
13.0189800262,80.2634124756,31859,31869,10
13.018910408,80.2630004883,31869,31879,10
13.018910408,80.2629470825,31879,31889,10
13.0188703537,80.2625579834,31889,31899,10
13.0187797546,80.2618789673,31899,31909,10
13.0185604095,80.2612686157,31909,31919,10
13.017999649,80.260887146,31919,31929,10
13.0173301697,80.2604217529,31929,31939,10
13.0160999298,80.2596969604,31939,31960,21
13.0160999298,80.2596969604,31960,31970,10
13.0160903931,80.2596817017,31970,31980,10
13.0157604218,80.2595291138,31980,31990,10
13.0151901245,80.2593612671,31990,32000,10
13.0144395828,80.2593002319,32000,32010,10
13.0136003494,80.2592697144,32010,32020,10
13.0126304626,80.2592391968,32020,32030,10
13.0116100311,80.2592010498,32030,32040,10
13.0105600357,80.2592086792,32040,32051,11
13.009469986,80.2592163086,32051,32061,10
13.0088500977,80.2591934204,32061,32071,10
13.0085897446,80.2592010498,32071,32081,10
13.0081100464,80.2592163086,32081,32091,10
13.0075302124,80.2593307495,32091,32101,10
13.0072097778,80.2587890625,32101,32121,20
13.0072097778,80.2587890625,32121,32131,10
13.0070695877,80.2584686279,32131,32141,10
13.0067796707,80.2579879761,32141,32151,10
13.0061998367,80.2575836182,32151,32162,11
13.0054101944,80.2573623657,32162,32172,10
13.0048704147,80.2572097778,32172,32182,10
13.0044002533,80.2571029663,32182,32192,10
13.0038003922,80.2569580078,32192,32202,10
13.0033397675,80.2568588257,32202,32212,10
13.0032997131,80.2568588257,32212,32222,10
13.0031099319,80.2568206787,32222,32273,51
13.0031099319,80.2568206787,32273,32283,10
13.0030097961,80.2567672729,32283,32293,10
13.0027103424,80.2567367554,32293,32303,10
13.0022001266,80.2566375732,32303,32313,10
13.0015602112,80.2565536499,32313,32323,10
13.0008096695,80.256439209,32323,32333,10
13.0001096725,80.2563171387,32333,32364,31
13.0001096725,80.2563171387,32364,32374,10
12.9999198914,80.2563095093,32374,32384,10
12.99958992,80.2562866211,32384,32394,10
12.9991598129,80.2561798096,32394,32404,10
12.9987602234,80.2560806274,32404,32434,30
12.9987602234,80.2560806274,32434,32444,10
12.998459816,80.2559814453,32444,32454,10
12.9981203079,80.2559890747,32454,32464,10
12.9976596832,80.2559661865,32464,32485,21
12.9976596832,80.2559661865,32485,32495,10
12.9975404739,80.2560119629,32495,32505,10
12.9972896576,80.2559509277,32505,32515,10
12.996919632,80.2559280396,32515,32525,10
12.9965600967,80.2559127808,32525,32535,10
12.9965000153,80.255897522,32535,32545,10
12.9961595535,80.255897522,32545,32555,10
12.9957103729,80.2558822632,32555,32565,10
12.99518013,80.255897522,32565,32576,11
12.9943599701,80.2559509277,32576,32586,10
12.9935598373,80.2560272217,32586,32596,10
12.9926300049,80.256072998,32596,32606,10
12.9915800095,80.2560424805,32606,32616,10
12.9909601212,80.2560119629,32616,32626,10
12.9906902313,80.2560119629,32626,32636,10
12.9904499054,80.2559967041,32636,32646,10
12.989979744,80.2560195923,32646,32656,10
12.9892597198,80.2559432983,32656,32666,10
12.9887800217,80.255897522,32666,32677,11
12.9884500504,80.2558670044,32677,32687,10
12.987859726,80.2557907104,32687,32697,10
12.9871702194,80.2556610107,32697,32707,10
12.9864797592,80.2555618286,32707,32717,10
12.9863595963,80.255531311,32717,32727,10
12.9861001968,80.2555007935,32727,32848,121
12.9861001968,80.2555007935,32848,32858,10
12.9856395721,80.2554473877,32858,32868,10
12.9850902557,80.2553024292,32868,32877,9
12.9846401215,80.2551803589,32877,32889,12
12.9839696884,80.2550125122,32889,32899,10
12.9835796356,80.2549133301,32899,32909,10
12.9832801819,80.2548065186,32909,32919,10
12.9827604294,80.2546463013,32919,32929,10
12.9821195602,80.2543029785,32929,32939,10
12.9818401337,80.2535629272,32939,32949,10
12.9815597534,80.2528381348,32949,32959,10
12.9807901382,80.2527770996,32959,32969,10
12.9801197052,80.2527923584,32969,32979,10
12.9798698425,80.252746582,32979,32990,11
12.9795999527,80.2526931763,32990,33000,10
12.9790897369,80.2526321411,33000,33010,10
12.9785900116,80.2525405884,33010,33020,10
12.9785804749,80.2525405884,33020,33030,10
12.9785203934,80.2525100708,33030,33040,10
12.9781703949,80.2522735596,33040,33050,10
12.9776296616,80.2517776489,33050,33060,10
12.9768295288,80.2513275146,33060,33070,10
12.9758195877,80.2510223389,33070,33079,9
12.974820137,80.2507324219,33079,33091,12
12.9734201431,80.2503585815,33091,33101,10
12.9722099304,80.2500534058,33101,33111,10
12.9709501266,80.249710083,33111,33121,10
12.9696998596,80.2492599487,33121,33131,10
12.9684400558,80.2488098145,33131,33141,10
12.9672498703,80.2483215332,33141,33151,10
12.9663801193,80.2478790283,33151,33161,10
12.9656095505,80.2475585938,33161,33171,10
12.9649000168,80.2473373413,33171,33202,31
12.9649000168,80.2473373413,33202,33212,10
12.9647703171,80.2472686768,33212,33222,10
12.9643201828,80.2471008301,33222,33232,10
12.9636602402,80.2468490601,33232,33272,40
12.9636602402,80.2468490601,33272,33282,10
12.9633197784,80.2466506958,33282,33292,10
12.9627799988,80.2463684082,33292,33303,11
12.961930275,80.2459487915,33303,33313,10
12.9610004425,80.2454910278,33313,33323,10
12.959400177,80.2448120117,33323,33353,30
12.959400177,80.2448120117,33353,33363,10
12.9590997696,80.2446594238,33363,33373,10
12.9585399628,80.2444076538,33373,33383,10
12.957859993,80.2441177368,33383,33393,10
12.9571199417,80.2438430786,33393,33404,11
12.9564504623,80.2435913086,33404,33414,10
12.9564304352,80.2435913086,33414,33424,10
12.9561796188,80.2434921265,33424,33434,10
12.9556398392,80.2432403564,33434,33444,10
12.9548997879,80.2429199219,33444,33454,10
12.9540596008,80.2425689697,33454,33464,10
12.9532203674,80.2422103882,33464,33474,10
12.9522304535,80.2418212891,33474,33484,10
12.9516897202,80.2416610718,33484,33494,10
12.9516801834,80.2416610718,33494,33505,11
12.9515895844,80.2416305542,33505,33515,10
12.9511499405,80.2414779663,33515,33525,10
12.9504699707,80.2412490845,33525,33535,10
12.9498300552,80.2410430908,33535,33585,50
12.9498300552,80.2410430908,33585,33595,10
12.9497098923,80.2409896851,33595,33606,11
12.9493703842,80.2408905029,33606,33616,10
12.9489297867,80.2407226563,33616,33626,10
12.9482603073,80.240447998,33626,33636,10
12.9475603104,80.2401580811,33636,33646,10
12.9468603134,80.239906311,33646,33666,20
12.9468603134,80.239906311,33666,33676,10
12.9467401505,80.2398605347,33676,33686,10
12.9462995529,80.2396697998,33686,33696,10
12.9456300735,80.2393722534,33696,33706,10
12.9449501038,80.238861084,33706,33717,11
12.9443798065,80.2381973267,33717,33727,10
12.9441299438,80.2379302979,33727,33737,10
12.944029808,80.237739563,33737,33747,10
12.9439096451,80.2375564575,33747,33757,10
12.9435396194,80.2372589111,33757,33767,10
12.9432601929,80.2370071411,33767,33777,10
12.943189621,80.2369232178,33777,33787,10
12.9428501129,80.2367019653,33787,33797,10
12.9425401688,80.236579895,33797,33806,9
12.9423303604,80.2365112305,33806,33818,12
12.9420900345,80.2364273071,33818,33828,10
12.9418401718,80.2363586426,33828,33838,10
12.9416103363,80.2362976074,33838,33848,10
12.9414701462,80.2362670898,33848,33858,10
12.9413499832,80.2362365723,33858,33868,10
12.941069603,80.2361602783,33868,33878,10
12.9406099319,80.2360534668,33878,33888,10
12.9402303696,80.2359390259,33888,33898,10
12.9397802353,80.2357788086,33898,33929,31
12.9397802353,80.2357788086,33929,33939,10
12.9395799637,80.2357406616,33939,33949,10
12.939330101,80.2356185913,33949,33959,10
12.9390802383,80.2355117798,33959,33969,10
12.9387798309,80.2353820801,33969,33979,10
12.9385995865,80.2352676392,33979,33989,10
12.938369751,80.2351608276,33989,33999,10
12.937959671,80.2349472046,33999,34009,10
12.9374599457,80.2347106934,34009,34020,11
12.9372501373,80.2346115112,34020,34030,10
12.9365997314,80.2342834473,34030,34161,131
12.9362096786,80.234161377,34161,34232,71
12.9362096786,80.234161377,34232,34242,10
12.9358701706,80.2339477539,34242,34252,10
12.9357204437,80.2339324951,34252,34262,10
12.9356298447,80.2341918945,34262,34272,10
12.9354200363,80.2348098755,34272,34282,10
12.9352302551,80.2353591919,34282,34292,10
12.9350595474,80.2354278564,34292,34302,10
12.9347696304,80.2352981567,34302,34312,10
12.9342403412,80.2350769043,34312,34322,10
12.9339599609,80.234992981,34322,34333,11
12.9337797165,80.235458374,34333,34343,10
12.9335899353,80.2361068726,34343,34353,10
12.9332199097,80.2361373901,34353,34363,10
12.933139801,80.2361068726,34363,34373,10
12.9329900742,80.236328125,34373,34383,10
12.9328804016,80.2369232178,34383,34393,10
12.9327402115,80.2373123169,34393,34403,10
12.9325304031,80.2378234863,34403,34413,10
12.9322900772,80.2384414673,34413,34423,10
12.9322500229,80.2384719849,34423,34433,10
12.932100296,80.2386779785,34433,34444,11
12.9312601089,80.23853302,34444,34464,20
12.9312601089,80.23853302,34464,34474,10
12.9312000275,80.2385177612,34474,34484,10
12.9308099747,80.2383575439,34484,34494,10
12.930150032,80.2381362915,34494,34504,10
12.929599762,80.23802948,34504,34514,10
12.9295597076,80.238243103,34514,34524,10
12.9294204712,80.2387008667,34524,34534,10
12.929309845,80.2389984131,34534,34545,11
12.9288797379,80.2389297485,34545,34555,10
12.9284000397,80.238822937,34555,34575,20
12.9284000397,80.238822937,34575,34585,10
12.9283399582,80.2387924194,34585,34595,10
12.9281797409,80.2387466431,34595,34605,10
12.9277896881,80.2386474609,34605,34615,10
12.9270801544,80.2384796143,34615,34625,10
12.9262399673,80.2382736206,34625,34635,10
12.9255399704,80.2380981445,34635,34646,11
12.9256401062,80.2383117676,34646,34686,40
12.9256401062,80.2383117676,34686,34696,10
12.9257297516,80.238243103,34696,34706,10
12.926030159,80.2381896973,34706,34716,10
12.9266395569,80.2383804321,34716,34726,10
12.9274301529,80.238571167,34726,34736,10
12.9281702042,80.2387313843,34736,34747,11
12.92827034,80.2387619019,34747,34757,10
12.9285898209,80.238861084,34757,34767,10
12.9291801453,80.2390136719,34767,34777,10
12.9293804169,80.2387619019,34777,34787,10
12.9295396805,80.2382202148,34787,34797,10
12.9296598434,80.2379608154,34797,34807,10
12.9301204681,80.2380828857,34807,34817,10
12.9308300018,80.2383499146,34817,34827,10
12.9312095642,80.2384872437,34827,34837,10
12.9312896729,80.2385177612,34837,34847,10
12.931599617,80.2386322021,34847,34858,11
12.9321699142,80.2386169434,34858,34868,10
12.9322795868,80.2383499146,34868,34878,10
12.9324502945,80.2379074097,34878,34888,10
12.9326896667,80.2372894287,34888,34898,10
12.9327697754,80.2370529175,34898,34908,10
12.9329595566,80.2365570068,34908,34918,10
12.9330797195,80.236076355,34918,34928,10
12.9332304001,80.2360992432,34928,34938,10
12.9333496094,80.2361373901,34938,34948,10
12.9336299896,80.2359466553,34948,34959,11
12.9337902069,80.2352676392,34959,34969,10
12.9340400696,80.2350006104,34969,34979,10
12.9344301224,80.2351837158,34979,34989,10
12.9348602295,80.2353591919,34989,34999,10
12.9350795746,80.2354431152,34999,35009,10
12.9351797104,80.2352600098,35009,35019,10
12.9353303909,80.2348709106,35019,35029,10
12.9356098175,80.2341690063,35029,35039,10
12.9357595444,80.2338867188,35039,35049,10
12.9359197617,80.2337493896,35049,35060,11
12.9364299774,80.2339935303,35060,35070,10
12.9371795654,80.2343597412,35070,35080,10
12.9381599426,80.2348403931,35080,35090,10
12.9392499924,80.2353973389,35090,35100,10
12.9399003983,80.2356567383,35100,35110,10
12.9399499893,80.2356872559,35110,35120,10
12.9404096603,80.2358627319,35120,35130,10
12.9411802292,80.2360610962,35130,35140,10
12.9421701431,80.2363204956,35140,35150,10
12.9432001114,80.2368392944,35150,35160,10
12.9440498352,80.2377090454,35160,35171,11
12.945019722,80.2387924194,35171,35181,10
12.946149826,80.2395095825,35181,35191,10
12.9472303391,80.2399368286,35191,35201,10
12.9473600388,80.239982605,35201,35211,10
12.9476499557,80.2400970459,35211,35221,10
12.9481496811,80.2403182983,35221,35231,10
12.9487695694,80.2405471802,35231,35241,10
12.9490804672,80.2406768799,35241,35251,10
12.9497003555,80.2409210205,35251,35261,10
12.9505596161,80.2411804199,35261,35272,11
12.9511804581,80.2413482666,35272,35282,10
12.9512395859,80.2413787842,35282,35292,10
12.9516897202,80.2415390015,35292,35302,10
12.9524097443,80.2418136597,35302,35312,10
12.9533596039,80.2421798706,35312,35322,10
12.9542503357,80.2425384521,35322,35332,10
12.9549598694,80.2427978516,35332,35342,10
12.9556703568,80.2430801392,35342,35352,10
12.956199646,80.2432403564,35352,35383,31
12.9563398361,80.2432937622,35383,35403,20
12.9563398361,80.2432937622,35403,35413,10
12.9564800262,80.243347168,35413,35423,10
12.9569597244,80.243560791,35423,35433,10
12.9577302933,80.2439193726,35433,35443,10
12.9588298798,80.2444000244,35443,35463,20
12.9588298798,80.2444000244,35463,35474,11
12.9592399597,80.2446365356,35474,35484,10
12.9598903656,80.2449417114,35484,35494,10
12.9607496262,80.2453308105,35494,35504,10
12.9617996216,80.2458190918,35504,35514,10
12.9629001617,80.2463531494,35514,35524,10
12.963470459,80.2466125488,35524,35585,61
12.963470459,80.2466125488,35585,35595,10
12.9636898041,80.2467575073,35595,35605,10
12.9641895294,80.2469482422,35605,35615,10
12.9649496078,80.2472000122,35615,35625,10
12.9664802551,80.247756958,35625,35645,20
12.9664802551,80.247756958,35645,35655,10
12.9666004181,80.2478179932,35655,35665,10
12.967089653,80.2480773926,35665,35675,10
12.9678401947,80.2484207153,35675,35686,11
12.9689397812,80.2488632202,35686,35696,10
12.9700803757,80.2493209839,35696,35706,10
12.9713096619,80.2497177124,35706,35716,10
12.9725904465,80.250038147,35716,35726,10
12.9738998413,80.2503967285,35726,35736,10
12.9752197266,80.2507705688,35736,35746,10
12.976559639,80.2511520386,35746,35756,10
12.9785203934,80.2522888184,35756,35775,19
12.9785203934,80.2522888184,35775,35787,12
12.9788703918,80.2524719238,35787,35797,10
12.979470253,80.2525482178,35797,35807,10
12.9796104431,80.2525634766,35807,35817,10
12.9800395966,80.2526016235,35817,35827,10
12.9807395935,80.2525863647,35827,35837,10
12.9815397263,80.2525787354,35837,35847,10
12.9821996689,80.2525482178,35847,35857,10
12.9826803207,80.252532959,35857,35867,10
12.9831199646,80.2524871826,35867,35877,10
12.9835195541,80.2524185181,35877,35887,10
12.9840297699,80.2522735596,35887,35898,11
12.9843997955,80.2521591187,35898,35908,10
12.9847602844,80.2520828247,35908,35918,10
12.9856100082,80.2518386841,35918,35968,50
12.9856100082,80.2518386841,35968,35978,10
12.9858102798,80.2517700195,35978,36301,323
12.9858102798,80.2517700195,36301,36312,11
12.9859800339,80.2516174316,36312,36322,10
12.9862804413,80.2515869141,36322,36332,10
12.9867296219,80.2515182495,36332,36342,10
12.9872703552,80.2513580322,36342,36352,10
12.9876804352,80.2512817383,36352,36362,10
12.9879102707,80.2514801025,36362,36372,10
12.9879798889,80.2518463135,36372,36382,10
12.9879999161,80.2525100708,36382,36392,10
12.9879102707,80.2535476685,36392,36402,10
12.987830162,80.2544021606,36402,36413,11
12.9878396988,80.2551879883,36413,36502,89
12.9875802994,80.2551422119,36502,36524,22
12.9875802994,80.2551422119,36524,36534,10
12.9875602722,80.2552108765,36534,36544,10
12.9876499176,80.2556686401,36544,36554,10
12.988120079,80.255821228,36554,36564,10
12.9882802963,80.2558288574,36564,36574,10
12.9885196686,80.255859375,36574,36584,10
12.9887599945,80.2558670044,36584,36594,10
12.988820076,80.255859375,36594,36604,10
12.9892702103,80.255897522,36604,36614,10
12.9899702072,80.2559585571,36614,36625,11
12.9908504486,80.2559814453,36625,36635,10
12.9916801453,80.2560119629,36635,36645,10
12.9925899506,80.2560195923,36645,36655,10
12.9934101105,80.2559661865,36655,36665,10
12.9939603806,80.2559585571,36665,36675,10
12.9946498871,80.255897522,36675,36685,10
12.9954595566,80.2558288574,36685,36695,10
12.9962501526,80.2558364868,36695,36705,10
12.9967298508,80.2558364868,36705,36715,10
12.9970502853,80.2558288574,36715,36726,11
12.9975099564,80.2558517456,36726,36736,10
12.997879982,80.2558670044,36736,36746,10
12.9980096817,80.2558822632,36746,36756,10
12.9983596802,80.2559204102,36756,36766,10
12.9990501404,80.2560119629,36766,36786,20
12.9990501404,80.2560119629,36786,36796,10
12.999130249,80.2560119629,36796,36806,10
12.9991798401,80.2560195923,36806,36816,10
12.9992704391,80.2560424805,36816,36827,11
12.9996700287,80.256149292,36827,36837,10
13.0002002716,80.2562484741,36837,36847,10
13.0009803772,80.2563934326,36847,36857,10
13.0016002655,80.2565078735,36857,36867,10
13.0020303726,80.2565765381,36867,36877,10
13.0024900436,80.256652832,36877,36887,10
13.002699852,80.2567062378,36887,36897,10
13.0031099319,80.2567901611,36897,36907,10
13.0036802292,80.2568893433,36907,36917,10
13.0043001175,80.2570037842,36917,36927,10
13.0050802231,80.2571716309,36927,36938,11
13.005689621,80.2573165894,36938,36948,10
13.0060100555,80.2573928833,36948,36958,10
13.0065002441,80.2574996948,36958,36968,10
13.0068702698,80.2577667236,36968,36978,10
13.0072803497,80.2583770752,36978,36988,10
13.0078897476,80.2587509155,36988,36998,10
13.0085296631,80.258972168,36998,37008,10
13.0085601807,80.2589797974,37008,37018,10
13.0087003708,80.2590179443,37018,37028,10
13.0092401505,80.2590637207,37028,37039,11
13.0101299286,80.2590713501,37039,37049,10
13.0109901428,80.2590637207,37049,37059,10
13.0119695663,80.2590408325,37059,37069,10
13.0131196976,80.2590866089,37069,37079,10
13.014380455,80.2591400146,37079,37089,10
13.0154895782,80.2591934204,37089,37099,10
13.0163002014,80.2595367432,37099,37119,20
13.0163002014,80.2595367432,37119,37129,10
13.0164804459,80.2597122192,37129,37140,11
13.0168399811,80.2599563599,37140,37150,10
13.017370224,80.2603378296,37150,37160,10
13.0180501938,80.2608032227,37160,37170,10
13.0186195374,80.2611923218,37170,37180,10
13.018989563,80.2615127563,37180,37190,10
13.0194101334,80.2618789673,37190,37200,10
13.0199298859,80.2624206543,37200,37210,10
13.0203504562,80.2629165649,37210,37220,10
13.0200395584,80.2629699707,37220,37229,9
13.0194396973,80.2629318237,37229,37241,12
13.0190401077,80.263168335,37241,37251,10
13.0191202164,80.2638626099,37251,37261,10
13.0190000534,80.2647781372,37261,37270,9
13.0188503265,80.2653198242,37270,37281,11
13.0187196732,80.26587677,37281,37291,10
13.0187397003,80.2666473389,37291,37301,10
13.0191202164,80.267539978,37301,37311,10
13.0198402405,80.268447876,37311,37321,10
13.0205802917,80.2693481445,37321,37331,10
13.0211801529,80.2701034546,37331,37341,10
13.021490097,80.2704696655,37341,37352,11
13.02161026,80.2706298828,37352,37362,10
13.0219602585,80.2710876465,37362,37372,10
13.0224504471,80.2717285156,37372,37382,10
13.023059845,80.2725219727,37382,37392,10
13.0238800049,80.2736282349,37392,37432,40
13.0238800049,80.2736282349,37432,37442,10
13.0239496231,80.2737426758,37442,37453,11
13.0243701935,80.2742919922,37453,37463,10
13.0250902176,80.2747497559,37463,37473,10
13.0253696442,80.2748718262,37473,37483,10
13.02546978,80.2749404907,37483,37493,10
13.0258998871,80.275138855,37493,37503,10
13.0264701843,80.2754135132,37503,37513,10
13.0271100998,80.2757034302,37513,37523,10
13.0277996063,80.2760162354,37523,37533,10
13.028550148,80.2763214111,37533,37543,10
13.0292797089,80.2765808105,37543,37554,11
13.0300598145,80.276802063,37554,37564,10
13.0307598114,80.2771530151,37564,37574,10
13.0314302444,80.2775192261,37574,37584,10
13.031999588,80.2775268555,37584,37594,10
13.0324201584,80.2774810791,37594,37604,10
13.0327301025,80.2774505615,37604,37614,10
13.0328397751,80.2774505615,37614,37624,10
13.0332298279,80.2773895264,37624,37644,20
13.0332298279,80.2773895264,37644,37654,10
13.0334196091,80.2773132324,37654,37665,11
13.0340204239,80.277381897,37665,37675,10
13.0348300934,80.2775802612,37675,37685,10
13.0356903076,80.2777404785,37685,37695,10
13.0366601944,80.2779693604,37695,37705,10
13.0374603271,80.2782592773,37705,37715,10
13.0384702682,80.2785415649,37715,37725,10
13.0389299393,80.2786636353,37725,37735,10
13.0389604568,80.278678894,37735,37745,10
13.0392599106,80.2788009644,37745,37755,10
13.0398397446,80.2789764404,37755,37766,11
13.040769577,80.2792205811,37766,37776,10
13.04185009,80.2794036865,37776,37786,10
13.0429000854,80.279510498,37786,37796,10
13.0436401367,80.2797012329,37796,37806,10
13.0444002151,80.2798690796,37806,37816,10
13.0452604294,80.2799835205,37816,37826,10
13.0457401276,80.2800521851,37826,37836,10
13.0458803177,80.2800674438,37836,37846,10
13.0464296341,80.2801437378,37846,37856,10
13.0472698212,80.2802734375,37856,37867,11
13.0483398438,80.2804336548,37867,37877,10
13.049369812,80.2805786133,37877,37887,10
13.050330162,80.280708313,37887,37897,10
13.0513601303,80.2808685303,37897,37907,10
13.0523796082,80.2810287476,37907,37917,10
13.0534000397,80.2811965942,37917,37927,10
13.0543498993,80.2813491821,37927,37937,10
13.0552196503,80.2815093994,37937,37947,10
13.0558900833,80.2816390991,37947,37957,10
13.0564603806,80.2817611694,37957,37978,21
13.0564603806,80.2817611694,37978,37988,10
13.0567502975,80.281829834,37988,37998,10
13.0570001602,80.2818832397,37998,38008,10
13.0570402145,80.2818908691,38008,38018,10
13.0574197769,80.2819595337,38018,38028,10
13.0580501556,80.2821121216,38028,38038,10
13.0587902069,80.2822570801,38038,38048,10
13.0596199036,80.2824172974,38048,38058,10
13.0604200363,80.2825775146,38058,38068,10
13.0611600876,80.2827529907,38068,38079,11
13.0617799759,80.2828826904,38079,38089,10
13.0625600815,80.2830505371,38089,38099,10
13.0631399155,80.2831726074,38099,38109,10
13.0631504059,80.2831802368,38109,38119,10
13.063369751,80.283241272,38119,38129,10
13.0639896393,80.2833786011,38129,38169,40
13.0639896393,80.2833786011,38169,38180,11
13.0643396378,80.2834777832,38180,38190,10
13.0650596619,80.2836380005,38190,38200,10
13.0660495758,80.2838592529,38200,38210,10
13.0672197342,80.2841110229,38210,38220,10
13.0682096481,80.284286499,38220,38230,10
13.0693397522,80.284538269,38230,38240,10
13.0705699921,80.2848587036,38240,38250,10
13.071849823,80.2851867676,38250,38260,10
13.0730495453,80.2853164673,38260,38270,10
13.0740203857,80.2856292725,38270,38291,21
13.0740203857,80.2856292725,38291,38301,10
13.0741701126,80.2858581543,38301,38311,10
13.074640274,80.2862319946,38311,38321,10
13.0753602982,80.2866821289,38321,38331,10
13.0763502121,80.2870788574,38331,38341,10
13.0775299072,80.2873687744,38341,38351,10
13.0787601471,80.287689209,38351,38361,10
13.0798301697,80.2880630493,38361,38371,10
13.0805902481,80.2881774902,38371,38381,10
13.0807104111,80.2882080078,38381,38392,11
13.0808401108,80.288269043,38392,38402,10
13.0813798904,80.288482666,38402,38412,10
13.0821800232,80.2887573242,38412,38422,10
13.0831403732,80.2891464233,38422,38432,10
13.0840797424,80.2891387939,38432,38442,10
13.0852003098,80.2891387939,38442,38452,10
13.0864200592,80.2894210815,38452,38462,10
13.0874500275,80.2897491455,38462,38472,10
13.0881004333,80.2900238037,38472,38482,10
13.0887203217,80.2901000977,38482,38513,31
13.0887203217,80.2901000977,38513,38523,10
13.088809967,80.2901000977,38523,38533,10
13.0888595581,80.2901992798,38533,38543,10
13.0886898041,80.2903823853,38543,38553,10
13.0881996155,80.2901611328,38553,38563,10
13.0874996185,80.2898864746,38563,38573,10
13.086640358,80.2896499634,38573,38583,10
13.0858898163,80.2894821167,38583,38594,11
13.0854997635,80.2889709473,38594,38604,10
13.0851697922,80.288230896,38604,38614,10
13.0852203369,80.2862625122,38614,38624,10
13.0852203369,80.2862625122,38624,38634,10
13.0853204727,80.2852096558,38634,38644,10
13.0859603882,80.2835235596,38644,38684,40
13.0859603882,80.2835235596,38684,38705,21
13.0868501663,80.2839126587,38705,38745,40
13.0868501663,80.2839126587,38745,38755,10
13.0870895386,80.2838592529,38755,38765,10
13.0873603821,80.2838821411,38765,38775,10
13.0877599716,80.2839279175,38775,38785,10
13.0880899429,80.2838287354,38785,38896,111
13.0880498886,80.2837371826,38896,39361,465
13.0880899429,80.2839584351,39361,39553,192
13.088060379,80.2838821411,39553,39704,151
13.088060379,80.2838821411,39704,39714,10
13.0881099701,80.2838897705,39714,40169,455
13.0881099701,80.2838897705,40169,40179,10
13.088060379,80.2837524414,40179,40714,535
13.0880899429,80.2838973999,40714,40815,101
13.088139534,80.2836608887,40815,40835,20
13.088139534,80.2836608887,40835,40845,10
13.0882997513,80.283416748,40845,40855,10
13.0882797241,80.2830963135,40855,40865,10
13.0882902145,80.2827224731,40865,40875,10
13.0882797241,80.282409668,40875,40884,9
13.0882501602,80.2822189331,40884,40896,12
13.0880699158,80.2816619873,40896,40906,10
13.088259697,80.281463623,40906,40916,10
13.0885801315,80.2816467285,40916,40926,10
13.0885000229,80.2821426392,40926,40936,10
13.0884304047,80.2825927734,40936,40946,10
13.0883798599,80.2829818726,40946,40956,10
13.0883798599,80.2835388184,40956,40966,10
13.0883903503,80.2838592529,40966,40976,10
13.0884103775,80.2843780518,40976,40986,10
13.0884304047,80.2850112915,40986,41037,51
13.0884304047,80.2850112915,41037,41047,10
13.0883798599,80.2850875854,41047,41057,10
13.0883998871,80.2853012085,41057,41067,10
13.0884599686,80.2856063843,41067,41087,20
13.0884599686,80.2856063843,41087,41097,10
13.0885000229,80.2858505249,41097,41108,11
13.0885295868,80.2863311768,41108,41118,10
13.0885400772,80.2865829468,41118,41128,10
13.0885696411,80.2871017456,41128,41138,10
13.0886096954,80.2874679565,41138,41148,10
13.088640213,80.2878265381,41148,41158,10
13.0886602402,80.2881317139,41158,41168,10
13.0886898041,80.2884979248,41168,41178,10
13.0887203217,80.2888183594,41178,41188,10
13.0887899399,80.2893218994,41188,41198,10
13.0888004303,80.2893829346,41198,41209,11
13.0888204575,80.2896270752,41209,41219,10
13.0888395309,80.2900085449,41219,41259,40
13.0888395309,80.2900085449,41259,41269,10
13.0887899399,80.2901916504,41269,41279,10
13.0887298584,80.2904434204,41279,41289,10
13.0882902145,80.2902679443,41289,41299,10
13.087679863,80.2899780273,41299,41310,11
13.0868902206,80.2896499634,41310,41320,10
13.0859203339,80.2893676758,41320,41330,10
13.085100174,80.2891998291,41330,41340,10
13.0840101242,80.2892913818,41340,41350,10
13.0830602646,80.2892684937,41350,41360,10
13.0821304321,80.2888870239,41360,41370,10
13.0815000534,80.2886428833,41370,41380,10
13.0806598663,80.2883911133,41380,41390,10
13.0800104141,80.2882232666,41390,41400,10
13.0799198151,80.2882080078,41400,41411,11
13.0793895721,80.2881011963,41411,41421,10
13.0786399841,80.2877578735,41421,41431,10
13.077580452,80.2874679565,41431,41441,10
13.076379776,80.2871704102,41441,41451,10
13.0740299225,80.2861022949,41451,41461,10
13.0740299225,80.2861022949,41461,41471,10
13.0729904175,80.2857818604,41471,41480,9
13.0720396042,80.2853393555,41480,41522,42
13.0669498444,80.2841720581,41522,41532,10
13.0657100677,80.2838973999,41532,41542,10
13.0646896362,80.2836532593,41542,41552,10
13.0641002655,80.283531189,41552,41562,10
13.0634298325,80.2833709717,41562,41572,10
13.0626001358,80.2831802368,41572,41582,10
13.0624103546,80.2831420898,41582,41592,10
13.0621004105,80.2830810547,41592,41602,10
13.0614204407,80.2828979492,41602,41612,10
13.060549736,80.282699585,41612,41623,11
13.0594100952,80.2824478149,41623,41633,10
13.0582895279,80.2822494507,41633,41643,10
13.0573797226,80.2820663452,41643,41653,10
13.0568199158,80.2819519043,41653,41663,10
13.0567903519,80.2819366455,41663,41673,10
13.0566501617,80.2819137573,41673,41683,10
13.0560598373,80.2817764282,41683,41693,10
13.0552101135,80.2816009521,41693,41703,10
13.0541200638,80.2813796997,41703,41713,10
13.0529298782,80.2811965942,41713,41724,11
13.0517301559,80.281036377,41724,41734,10
13.0506801605,80.2808914185,41734,41744,10
13.0499801636,80.2807769775,41744,41754,10
13.0492401123,80.2806625366,41754,41764,10
13.0482597351,80.2805175781,41764,41774,10
13.0471000671,80.2803497314,41774,41784,10
13.0459699631,80.2802124023,41784,41794,10
13.04570961,80.2801818848,41794,41804,10
13.0456495285,80.2801818848,41804,41814,10
13.0452003479,80.2801208496,41814,41825,11
13.044380188,80.2799911499,41825,41835,10
13.043970108,80.2799301147,41835,41845,10
13.0437898636,80.2799224854,41845,41855,10
13.0432596207,80.2798233032,41855,41865,10
13.0424804688,80.2796173096,41865,41875,10
13.0414104462,80.2794723511,41875,41885,10
13.0403499603,80.2792434692,41885,41895,10
13.039059639,80.2788772583,41895,41915,20
13.039059639,80.2788772583,41915,41925,10
13.0388002396,80.2787780762,41925,41936,11
13.0382795334,80.2786178589,41936,41946,10
13.0376596451,80.2784194946,41946,41956,10
13.0371799469,80.2782974243,41956,41966,10
13.0366897583,80.2781524658,41966,41976,10
13.0361995697,80.2779693604,41976,41986,10
13.03565979,80.2778091431,41986,41996,10
13.0349998474,80.2777023315,41996,42006,10
13.0343904495,80.2776031494,42006,42016,10
13.0338401794,80.2774505615,42016,42026,10
13.0333900452,80.2774505615,42026,42037,11
13.0327100754,80.2775192261,42037,42047,10
13.0320596695,80.2775726318,42047,42057,10
13.0314302444,80.2775878906,42057,42067,10
13.0311403275,80.2774200439,42067,42087,20
13.0311403275,80.2774200439,42087,42097,10
13.0307502747,80.2772598267,42097,42107,10
13.0301103592,80.2768936157,42107,42117,10
13.0295801163,80.2767028809,42117,42127,10
13.0287504196,80.2764968872,42127,42137,10
13.027970314,80.2761764526,42137,42148,11
13.0269699097,80.275718689,42148,42158,10
13.02602005,80.2752838135,42158,42178,20
13.02602005,80.2752838135,42178,42188,10
13.0257501602,80.275138855,42188,42198,10
13.0253200531,80.2749633789,42198,42208,10
13.0246801376,80.2746429443,42208,42218,10
13.0241603851,80.2741088867,42218,42228,10
13.0236196518,80.2734069824,42228,42238,10
13.0229797363,80.2725372314,42238,42249,11
13.0221395493,80.271446228,42249,42259,10
13.0215797424,80.2707366943,42259,42269,10
13.0212001801,80.2703018188,42269,42279,10
13.0209903717,80.270072937,42279,42289,10
13.0209798813,80.2700500488,42289,42299,10
13.0208101273,80.2698135376,42299,42309,10
13.0205001831,80.2693710327,42309,42319,10
13.0200195313,80.2688217163,42319,42329,10
13.0194997787,80.2681808472,42329,42338,9
13.0189199448,80.2674865723,42338,42350,12
13.0186004639,80.2662887573,42350,42360,10
13.0186595917,80.2656784058,42360,42370,10
13.0188798904,80.2649078369,42370,42380,10
13.0190496445,80.2639923096,42380,42390,10
13.0189800262,80.2635269165,42390,42400,10
13.0189199448,80.2631607056,42400,42410,10
13.0189199448,80.2630691528,42410,42420,10
13.0188798904,80.2626876831,42420,42430,10
13.0188102722,80.2619628906,42430,42440,10
13.0187397003,80.2615127563,42440,42450,10
13.0185499191,80.2612533569,42450,42461,11
13.0180196762,80.2609329224,42461,42471,10
13.0174198151,80.2605285645,42471,42481,10
13.0160999298,80.2597503662,42481,42501,20
13.0160999298,80.2597503662,42501,42511,10
13.0159397125,80.2596511841,42511,42521,10
13.01541996,80.2594528198,42521,42531,10
13.014670372,80.2593307495,42531,42541,10
13.0137796402,80.2592926025,42541,42551,10
13.0126600266,80.2592086792,42551,42562,11
13.011469841,80.2592010498,42562,42572,10
13.0105199814,80.2592315674,42572,42582,10
13.0094995499,80.2592315674,42582,42592,10
13.0088996887,80.2592010498,42592,42602,10
13.0086603165,80.2592086792,42602,42612,10
13.0081701279,80.2592010498,42612,42622,10
13.0077104568,80.2593688965,42622,42632,10
13.0073003769,80.2589187622,42632,42642,10
13.0071897507,80.2587509155,42642,42652,10
13.0070495605,80.2584991455,42652,42663,11
13.0066995621,80.2579727173,42663,42673,10
13.0063695908,80.2576217651,42673,42683,10
13.0060596466,80.2575073242,42683,42693,10
13.0056200027,80.2574081421,42693,42703,10
13.0051298141,80.2572479248,42703,42713,10
13.0044698715,80.2571487427,42713,42723,10
13.004240036,80.2571105957,42723,42733,10
13.004070282,80.2571105957,42733,42743,10
13.0038795471,80.2570495605,42743,42753,10
13.0037002563,80.257019043,42753,42763,10
13.0034799576,80.2569580078,42763,42774,11
13.0029401779,80.2568435669,42774,42854,80
13.0029401779,80.2568435669,42854,42864,10
13.0023603439,80.2566986084,42864,42875,11
13.0018100739,80.2566299438,42875,42885,10
13.0009899139,80.2565231323,42885,42895,10
12.9999704361,80.2563400269,42895,42925,30
12.9999704361,80.2563400269,42925,42935,10
12.9995603561,80.2562789917,42935,42945,10
12.9991197586,80.2562103271,42945,42955,10
12.9984903336,80.256111145,42955,42976,21
12.9984903336,80.256111145,42976,42986,10
12.9984703064,80.2560882568,42986,42996,10
12.9981098175,80.2560195923,42996,43006,10
12.9976196289,80.2559509277,43006,43016,10
12.9970197678,80.2559204102,43016,43026,10
12.9966897964,80.2559204102,43026,43036,10
12.9960403442,80.2559127808,43036,43046,10
12.9953804016,80.2559432983,43046,43056,10
12.9947900772,80.2559280396,43056,43066,10
12.9944400787,80.2559661865,43066,43075,9
12.9939403534,80.2560501099,43075,43087,12
12.9929599762,80.2561035156,43087,43097,10
12.9919099808,80.256111145,43097,43107,10
12.9908504486,80.2560806274,43107,43117,10
12.9900798798,80.256072998,43117,43127,10
12.9892997742,80.2559661865,43127,43137,10
12.9881496429,80.2558670044,43137,43218,81
12.9881496429,80.2558670044,43218,43228,10
12.9880304337,80.2557678223,43228,43238,10
12.9876203537,80.2557373047,43238,43248,10
12.9871101379,80.2556686401,43248,43258,10
12.9863395691,80.2555770874,43258,43278,20
12.9863395691,80.2555770874,43278,43288,10
12.9860496521,80.2555236816,43288,43299,11
12.9856796265,80.2554397583,43299,43309,10
12.9850597382,80.2553100586,43309,43319,10
12.9846200943,80.2552337646,43319,43329,10
12.9844703674,80.2551574707,43329,43339,10
12.9841003418,80.2550811768,43339,43349,10
12.9836597443,80.2549514771,43349,43359,10
12.9832201004,80.2548294067,43359,43369,10
12.9825897217,80.2546920776,43369,43379,10
12.982049942,80.2541732788,43379,43389,10
12.9818000793,80.2533569336,43389,43400,11
12.9812097549,80.252822876,43400,43410,10
12.9803104401,80.2527770996,43410,43420,10
12.9792299271,80.2526779175,43420,43430,10
12.9787502289,80.2526321411,43430,43440,10
12.9784803391,80.2524871826,43440,43450,10
12.9778995514,80.2520370483,43450,43460,10
12.977060318,80.2514266968,43460,43469,9
12.9759998322,80.2510910034,43469,43480,11
12.9746303558,80.2506866455,43480,43490,10
12.9733896255,80.2503509521,43490,43501,11
12.9719495773,80.2499923706,43501,43511,10
12.9708595276,80.249710083,43511,43521,10
12.9697599411,80.2493362427,43521,43531,10
12.9686698914,80.2489929199,43531,43541,10
12.9675397873,80.2485733032,43541,43551,10
12.9667196274,80.2481613159,43551,43561,10
12.9659500122,80.2477798462,43561,43571,10
12.9653997421,80.2475509644,43571,43581,10
12.9653100967,80.2474975586,43581,43591,10
12.9648103714,80.2473220825,43591,43601,10
12.9640398026,80.2470092773,43601,43612,11
12.9634399414,80.2467498779,43612,43622,10
12.9629898071,80.2465286255,43622,43632,10
12.9623003006,80.2461700439,43632,43642,10
12.961350441,80.2457122803,43642,43652,10
12.9602298737,80.2451782227,43652,43662,10
12.9594802856,80.2448883057,43662,43672,10
12.9592895508,80.2447814941,43672,43682,10
12.9587001801,80.2445068359,43682,43692,10
12.9579000473,80.2441864014,43692,43702,10
12.957159996,80.2438812256,43702,43713,11
12.9564304352,80.2436065674,43713,43723,10
12.9563598633,80.2435836792,43723,43733,10
12.955909729,80.2433929443,43733,43743,10
12.9551496506,80.243057251,43743,43753,10
12.9541501999,80.2426376343,43753,43763,10
12.9530496597,80.2422027588,43763,43773,10
12.952050209,80.2418136597,43773,43783,10
12.9510803223,80.2414932251,43783,43793,10
12.9499502182,80.2411575317,43793,43803,10
12.949259758,80.2409362793,43803,43824,21
12.949259758,80.2409362793,43824,43834,10
12.9489898682,80.2408370972,43834,43844,10
12.9484500885,80.2405929565,43844,43854,10
12.9476003647,80.2402496338,43854,43864,10
12.9469900131,80.2399978638,43864,43874,10
12.9467496872,80.239906311,43874,43884,10
12.9464902878,80.2397918701,43884,43894,10
12.9458599091,80.2395019531,43894,43904,10
12.9450397491,80.2390213013,43904,43915,11
12.9441404343,80.2380523682,43915,43925,10
12.9432697296,80.2371292114,43925,43935,10
12.9421396255,80.2364425659,43935,43945,10
12.9407997131,80.2360992432,43945,43955,10
12.9395704269,80.2357330322,43955,43975,20
12.9395704269,80.2357330322,43975,43985,10
12.9392404556,80.2355575562,43985,43995,10
12.9385595322,80.2352371216,43995,44005,10
12.9376401901,80.2347869873,44005,44015,10
12.9366102219,80.2342834473,44015,44026,11
12.9359197617,80.2339706421,44026,44036,10
12.9356298447,80.2340698242,44036,44046,10
12.9355802536,80.2342224121,44046,44056,10
12.9354000092,80.2347183228,44056,44066,10
12.9350996017,80.235496521,44066,44086,20
12.9350996017,80.235496521,44086,44096,10
12.9350500107,80.2355117798,44096,44105,9
12.9349403381,80.235458374,44105,44116,11
12.9348201752,80.2353897095,44116,44127,11
12.9343004227,80.235168457,44127,44137,10
12.9338798523,80.2350692749,44137,44147,10
12.9337100983,80.2356033325,44147,44157,10
12.9334697723,80.2362365723,44157,44167,10
12.9329996109,80.2361602783,44167,44177,10
12.9329395294,80.2363586426,44177,44187,10
12.9327898026,80.2369918823,44187,44197,10
12.9326295853,80.2373504639,44197,44207,10
12.9324798584,80.2377624512,44207,44217,10
12.9323701859,80.2380981445,44217,44227,10
12.9321899414,80.2385025024,44227,44238,11
12.931810379,80.2387237549,44238,44248,10
12.9313001633,80.2385787964,44248,44258,10
12.9312200546,80.2385635376,44258,44268,10
12.9310798645,80.2385177612,44268,44278,10
12.9306497574,80.2383728027,44278,44288,10
12.9299402237,80.2381134033,44288,44298,10
12.9295501709,80.2381896973,44298,44308,10
12.9294300079,80.2385482788,44308,44318,10
12.9292802811,80.2389984131,44318,44327,9
12.9289598465,80.2389984131,44327,44339,12
12.9283599854,80.2388534546,44339,44359,20
12.9283599854,80.2388534546,44359,44369,10
12.9280900955,80.2387771606,44369,44379,10
12.9274997711,80.2386398315,44379,44389,10
12.9266395569,80.2384185791,44389,44399,10
12.9257297516,80.2381896973,44399,44409,10
12.9255399704,80.2383575439,44409,44440,31
12.9255399704,80.2383575439,44440,44450,10
12.9257898331,80.2382202148,44450,44460,10
12.9263000488,80.2383117676,44460,44470,10
12.9270401001,80.2384796143,44470,44480,10
12.9281997681,80.2387771606,44480,44500,20
12.9281997681,80.2387771606,44500,44510,10
12.9283504486,80.2388305664,44510,44520,10
12.9288396835,80.2389297485,44520,44530,10
12.9293003082,80.238899231,44530,44540,10
12.9294395447,80.2385025024,44540,44551,11
12.929599762,80.2380599976,44551,44561,10
12.9299898148,80.2380599976,44561,44571,10
12.9311800003,80.2385025024,44571,44591,20
12.9311800003,80.2385025024,44591,44601,10
12.9313697815,80.238571167,44601,44611,10
12.9317502975,80.2386932373,44611,44620,9
12.9322004318,80.2386169434,44620,44631,11
12.9322900772,80.2383499146,44631,44641,10
12.9323596954,80.2381286621,44641,44652,11
12.9325704575,80.2376022339,44652,44662,10
12.9327001572,80.2371902466,44662,44672,10
12.932849884,80.2368392944,44672,44682,10
12.9331798553,80.2361373901,44682,44712,30
12.9331798553,80.2361373901,44712,44722,10
12.9333295822,80.2361679077,44722,44732,10
12.9335699081,80.2361297607,44732,44742,10
12.9336500168,80.235786438,44742,44753,11
12.9338302612,80.2351531982,44753,44763,10
12.9340000153,80.2350234985,44763,44773,10
12.9343595505,80.235168457,44773,44783,10
12.9349002838,80.2353973389,44783,44793,10
12.935090065,80.235458374,44793,44803,10
12.9351997375,80.2352371216,44803,44813,10
12.935379982,80.2348022461,44813,44823,10
12.9357795715,80.2338867188,44823,44853,30
12.9357795715,80.2338867188,44853,44864,11
12.935790062,80.2338180542,44864,44874,10
12.9361000061,80.2338790894,44874,44884,10
12.9366903305,80.2341537476,44884,44894,10
12.9374799728,80.2345428467,44894,44904,10
12.9384698868,80.2350387573,44904,44914,10
12.9395303726,80.2355804443,44914,44924,10
12.9398698807,80.2357330322,44924,44934,10
12.9399795532,80.2357711792,44934,44944,10
12.9404602051,80.2359313965,44944,44954,10
12.9412202835,80.2361221313,44954,44965,11
12.9423103333,80.2364120483,44965,44975,10
12.9433298111,80.2370223999,44975,44985,10
12.9441995621,80.2379608154,44985,44995,10
12.9451303482,80.2389373779,44995,45005,10
12.9463300705,80.239616394,45005,45015,10
12.9472303391,80.2399597168,45015,45025,10
12.9473104477,80.2399902344,45025,45035,10
12.9476900101,80.2401504517,45035,45045,10
12.9483699799,80.2404708862,45045,45055,10
12.9489097595,80.2406768799,45055,45096,41
12.9489097595,80.2406768799,45096,45106,10
12.9492301941,80.2408218384,45106,45116,10
12.9498500824,80.2409973145,45116,45126,10
12.9506702423,80.2412261963,45126,45136,10
12.9511203766,80.2413635254,45136,45146,10
12.9513301849,80.2414474487,45146,45156,10
12.9518899918,80.2416610718,45156,45165,9
12.9525699615,80.2419433594,45165,45177,12
12.9537401199,80.2423934937,45177,45187,10
12.9547901154,80.2428207397,45187,45197,10
12.9554796219,80.243057251,45197,45207,10
12.9562797546,80.2433319092,45207,45217,10
12.9566898346,80.2434997559,45217,45227,10
12.9573698044,80.2438201904,45227,45237,10
12.9582595825,80.2442092896,45237,45247,10
12.9589500427,80.2444763184,45247,45257,10
12.9590797424,80.2445602417,45257,45267,10
12.9594697952,80.2447662354,45267,45278,11
12.9601802826,80.2451019287,45278,45288,10
12.9610300064,80.2454986572,45288,45298,10
12.9620800018,80.2460174561,45298,45308,10
12.9630002975,80.2464370728,45308,45318,10
12.9633903503,80.2466583252,45318,45328,10
12.9639596939,80.2469024658,45328,45338,10
12.9647703171,80.2472000122,45338,45348,10
12.965760231,80.2474975586,45348,45358,10
12.9664697647,80.2477493286,45358,45368,10
12.9665002823,80.247756958,45368,45378,10
12.9666595459,80.2478485107,45378,45389,11
12.9671802521,80.2481384277,45389,45399,10
12.9679603577,80.2484893799,45399,45409,10
12.9689502716,80.2489089966,45409,45419,10
12.9700803757,80.2493515015,45419,45429,10
12.9713001251,80.2497634888,45429,45439,10
12.9725904465,80.2500991821,45439,45449,10
12.9738998413,80.2504272461,45449,45459,10
12.9752197266,80.2508087158,45459,45469,10
12.9765701294,80.2511901855,45469,45479,10
12.9777202606,80.2517318726,45479,45490,11
12.97838974,80.2522506714,45490,45500,10
12.9784898758,80.2523193359,45500,45510,10
12.9788398743,80.2524795532,45510,45520,10
12.9793701172,80.2525787354,45520,45540,20
12.9793701172,80.2525787354,45540,45550,10
12.9794301987,80.2525787354,45550,45559,9
12.9797897339,80.2526321411,45559,45570,11
12.9805202484,80.2526397705,45570,45580,10
12.9814100266,80.2526092529,45580,45591,11
12.9826002121,80.2525787354,45591,45601,10
12.9835700989,80.2524719238,45601,45611,10
12.9844999313,80.2522201538,45611,45621,10
12.9851102829,80.2519989014,45621,45631,10
12.9853096008,80.251953125,45631,45641,10
12.9855804443,80.2518920898,45641,45651,10
12.9858798981,80.2517776489,45651,45661,10
12.9862203598,80.2516937256,45661,45671,10
12.9867095947,80.2515716553,45671,45782,111
12.9867095947,80.2515716553,45782,45792,10
12.9868001938,80.2515792847,45792,45803,11
12.9872999191,80.2514266968,45803,45813,10
12.9876804352,80.2513580322,45813,45823,10
12.9878902435,80.2516708374,45823,45833,10
12.9879999161,80.2522735596,45833,45843,10
12.9879198074,80.2531585693,45843,45853,10
12.987859726,80.2539672852,45853,45863,10
12.9877996445,80.2546920776,45863,45873,10
12.9877500534,80.2554626465,45873,45974,101
12.9877500534,80.2554626465,45974,45984,10
12.9876403809,80.2555618286,45984,45994,10
12.9878101349,80.255821228,45994,46004,10
12.9880895615,80.2558517456,46004,46015,11
12.9881296158,80.2558517456,46015,46025,10
12.9883098602,80.255859375,46025,46035,10
12.9886598587,80.2558822632,46035,46045,10
12.9887800217,80.2558898926,46045,46055,10
12.9891004562,80.2559204102,46055,46065,10
12.9897203445,80.2559967041,46065,46075,10
12.9904603958,80.2559661865,46075,46085,10
12.991109848,80.2560195923,46085,46095,10
12.9919595718,80.2560424805,46095,46105,10
12.9928598404,80.2560195923,46105,46116,11
12.993229866,80.2559661865,46116,46126,10
12.9934902191,80.2559432983,46126,46136,10
12.9937200546,80.2559585571,46136,46146,10
12.9939699173,80.2559814453,46146,46156,10
12.9944400787,80.2559280396,46156,46237,81
12.9944400787,80.2559280396,46237,46247,10
12.9947900772,80.2558517456,46247,46257,10
12.995010376,80.255859375,46257,46267,10
12.9953298569,80.255859375,46267,46277,10
12.9955596924,80.2558517456,46277,46286,9
12.99559021,80.255859375,46286,46297,11
12.995759964,80.2559280396,46297,46328,31
12.995759964,80.2559280396,46328,46338,10
12.9958896637,80.2559509277,46338,46348,10
12.996219635,80.2559127808,46348,46358,10
12.9966802597,80.2558670044,46358,46368,10
12.9970302582,80.2558517456,46368,46378,10
12.9973602295,80.255859375,46378,46388,10
12.9979696274,80.255897522,46388,46398,10
12.998339653,80.2559509277,46398,46408,10
12.9983797073,80.2559585571,46408,46417,9
12.9985103607,80.2559967041,46417,46429,12
12.9990997314,80.256072998,46429,46439,10
12.9995002747,80.2561264038,46439,46449,10
12.9997997284,80.256187439,46449,46459,10
13.0001401901,80.2562713623,46459,46469,10
13.0007696152,80.2563781738,46469,46479,10
13.0012702942,80.2564620972,46479,46489,10
13.0015497208,80.2565383911,46489,46498,9
13.0019903183,80.2566223145,46498,46509,11
13.0025396347,80.2567062378,46509,46519,10
13.0030498505,80.2567977905,46519,46529,10
13.0036697388,80.2568893433,46529,46540,11
13.004070282,80.2570037842,46540,46550,10
13.0045003891,80.2570724487,46550,46560,10
13.0050697327,80.2571868896,46560,46570,10
13.0055704117,80.2573013306,46570,46620,50
13.0055704117,80.2573013306,46620,46629,9
13.0057401657,80.2573776245,46629,46641,12
13.0063495636,80.2573776245,46641,46651,10
13.0068798065,80.2578964233,46651,46661,10
13.0074996948,80.2585830688,46661,46671,10
13.0085401535,80.2589797974,46671,46701,30
13.0085401535,80.2589797974,46701,46711,10
13.0089597702,80.2590866089,46711,46721,10
13.0096702576,80.2590789795,46721,46730,9
13.0105199814,80.2590866089,46730,46742,12
13.0119104385,80.2591094971,46742,46752,10
13.0131597519,80.259147644,46752,46762,10
13.0144796371,80.2592010498,46762,46772,10
13.0155801773,80.2592697144,46772,46782,10
13.0163698196,80.2596282959,46782,46832,50
13.0163698196,80.2596282959,46832,46842,10
13.0164003372,80.2597198486,46842,46853,11
13.0167999268,80.2600097656,46853,46863,10
13.0174102783,80.2604217529,46863,46873,10
13.018119812,80.2609176636,46873,46883,10
13.0187902451,80.2614212036,46883,46893,10
13.0193099976,80.2618408203,46893,46903,10
13.019659996,80.2621994019,46903,46913,10
13.0201997757,80.2627029419,46913,46922,9
13.0202598572,80.2629623413,46922,46933,11
13.0196800232,80.2629623413,46933,46943,10
13.0191001892,80.2629623413,46943,46954,11
13.0190296173,80.263458252,46954,46964,10
13.0191001892,80.2642669678,46964,46974,10
13.0188598633,80.2651596069,46974,46984,10
13.0187397003,80.2655715942,46984,46994,10
13.0186500549,80.2662887573,46994,47004,10
13.0187997818,80.2671585083,47004,47014,10
13.0194396973,80.2680587769,47014,47024,10
13.0201702118,80.2689819336,47024,47034,10
13.0207195282,80.2695999146,47034,47044,10
13.0211896896,80.2701568604,47044,47055,11
13.0214300156,80.2704315186,47055,47065,10
13.0215797424,80.2705917358,47065,47075,10
13.0219402313,80.2710571289,47075,47085,10
13.0224399567,80.2717285156,47085,47095,10
13.023059845,80.2725372314,47095,47105,10
13.0238103867,80.2735519409,47105,47145,40
13.0238103867,80.2735519409,47145,47155,10
13.0238199234,80.2735824585,47155,47166,11
13.0241003036,80.2739715576,47166,47176,10
13.0245895386,80.2745513916,47176,47186,10
13.0254802704,80.2749404907,47186,47206,20
13.0254802704,80.2749404907,47206,47216,10
13.0256700516,80.2750473022,47216,47236,20
13.0256700516,80.2750473022,47236,47246,10
13.0257797241,80.2751083374,47246,47256,10
13.0261802673,80.2753067017,47256,47267,11
13.0268602371,80.2756195068,47267,47277,10
13.0276098251,80.275970459,47277,47287,10
13.0283002853,80.2762680054,47287,47297,10
13.0290203094,80.2764968872,47297,47307,10
13.0297803879,80.2767028809,47307,47317,10
13.0301103592,80.2768325806,47317,47327,10
13.0306301117,80.2770996094,47327,47337,10
13.0313196182,80.2775115967,47337,47347,10
13.0321598053,80.2774887085,47347,47357,10
13.0323400497,80.2774581909,47357,47368,11
13.0325498581,80.2774505615,47368,47378,10
13.0326499939,80.2774581909,47378,47388,10
13.0329399109,80.2774276733,47388,47418,30
13.0329399109,80.2774276733,47418,47428,10
13.0331096649,80.2773971558,47428,47438,10
13.0336303711,80.2773132324,47438,47458,20
13.0336303711,80.2773132324,47458,47467,9
13.0337095261,80.2773513794,47467,47479,12
13.0340204239,80.2774124146,47479,47489,10
13.0342702866,80.2774887085,47489,47499,10
13.0346803665,80.2775802612,47499,47509,10
13.0350599289,80.2776412964,47509,47519,10
13.0351696014,80.277671814,47519,47529,10
13.0353803635,80.2777099609,47529,47539,10
13.035490036,80.2777404785,47539,47549,10
13.0359601974,80.2778167725,47549,47559,10
13.0367002487,80.2780227661,47559,47569,10
13.0374803543,80.2782974243,47569,47580,11
13.0384101868,80.2785720825,47580,47590,10
13.0389003754,80.2786712646,47590,47600,10
13.0389499664,80.2787017822,47600,47610,10
13.0389795303,80.2787094116,47610,47620,10
13.0392799377,80.2788314819,47620,47630,10
13.0398797989,80.2789993286,47630,47640,10
13.0406799316,80.2792129517,47640,47650,10
13.0416898727,80.2793884277,47650,47660,10
13.0427904129,80.2795333862,47660,47670,10
13.0438604355,80.2797775269,47670,47681,11
13.045129776,80.2799987793,47681,47691,10
13.0461397171,80.2801208496,47691,47711,20
13.0461397171,80.2801208496,47711,47721,10
13.0463199615,80.280166626,47721,47731,10
13.0467500687,80.2802581787,47731,47741,10
13.0472698212,80.2803421021,47741,47782,41
13.0472698212,80.2803421021,47782,47792,10
13.0476303101,80.2803192139,47792,47802,10
13.0480899811,80.2804031372,47802,47812,10
13.0488500595,80.2805023193,47812,47822,10
13.0497999191,80.2806625366,47822,47832,10
13.0506401062,80.2807617188,47832,47842,10
13.0513296127,80.2808837891,47842,47852,10
13.0522203445,80.2810287476,47852,47861,9
13.0532398224,80.2811813354,47861,47872,11
13.054599762,80.2814331055,47872,47882,10
13.0557403564,80.2816467285,47882,47893,11
13.0565500259,80.2818069458,47893,47903,10
13.0565595627,80.2818069458,47903,47913,10
13.0567398071,80.2818374634,47913,47923,10
13.057299614,80.2819519043,47923,47933,10
13.0580396652,80.2820968628,47933,47943,10
13.0588903427,80.2822799683,47943,47953,10
13.0608100891,80.2826766968,47953,47963,10
13.0608100891,80.2826766968,47963,47973,10
13.0614900589,80.2828369141,47973,47983,10
13.0622196198,80.2829971313,47983,47994,11
13.0631399155,80.283203125,47994,48014,20
13.0631399155,80.283203125,48014,48024,10
13.0633201599,80.2832489014,48024,48034,10
13.063750267,80.2834014893,48034,48044,10
13.0644302368,80.2835388184,48044,48054,10
13.0652999878,80.2837295532,48054,48064,10
13.0664100647,80.2839584351,48064,48074,10
13.0675601959,80.2842025757,48074,48084,10
13.0685796738,80.2843933105,48084,48094,10
13.0697402954,80.2846832275,48094,48104,10
13.0710000992,80.2849884033,48104,48115,11
13.0724401474,80.2853469849,48115,48125,10
13.0739603043,80.28565979,48125,48135,10
13.0739603043,80.28565979,48135,48145,10
13.0743198395,80.2860717773,48145,48153,8
13.0748596191,80.2864074707,48153,48195,42
13.0794095993,80.2880020142,48195,48207,12
13.0805797577,80.2882232666,48207,48217,10
13.0808296204,80.2882919312,48217,48227,10
13.0808696747,80.2883071899,48227,48237,10
13.0812301636,80.2884368896,48237,48247,10
13.0818996429,80.2886734009,48247,48257,10
13.08273983,80.2890472412,48257,48267,10
13.0837602615,80.2891693115,48267,48277,10
13.0849599838,80.2891235352,48277,48287,10
13.0862703323,80.2893600464,48287,48296,9
13.0871400833,80.2896270752,48296,48308,12
13.08796978,80.2899780273,48308,48318,10
13.0884199142,80.2901000977,48318,48328,10
13.088809967,80.2901535034,48328,48368,40
13.088809967,80.2901535034,48368,48378,10
13.0887804031,80.2904205322,48378,48388,10
13.0883998871,80.2902832031,48388,48398,10
13.087770462,80.2900238037,48398,48409,11
13.0871601105,80.2898178101,48409,48419,10
13.0865898132,80.2896575928,48419,48429,10
13.0860595703,80.2895278931,48429,48439,10
13.0856199265,80.2891998291,48439,48449,10
13.0852098465,80.2884292603,48449,48458,9
13.0851202011,80.2874526978,48458,48469,11
13.0852403641,80.2860565186,48469,48479,10
13.0853500366,80.2847671509,48479,48489,10
13.0853300095,80.2839279175,48489,48499,10
13.0854501724,80.2836303711,48499,48509,10
13.0856599808,80.2835083008,48509,48510,1
13.0857000351,80.2835083008,48510,48530,20
13.0865297318,80.283531189,48530,48610,80
13.0865297318,80.283531189,48610,48621,11
13.0863599777,80.2836914063,48621,48631,10
13.0861597061,80.2835388184,48631,48641,10
13.085940361,80.2835693359,48641,48651,10
13.0859003067,80.2835769653,48651,48661,10
13.0855398178,80.2835617065,48661,48671,10
13.0854701996,80.283241272,48671,48681,10
13.0855197906,80.282699585,48681,48691,10
13.0855798721,80.2822189331,48691,48701,10
13.085650444,80.2818222046,48701,48710,9
13.0857000351,80.2813873291,48710,48722,12
13.0857000351,80.2812728882,48722,48732,10
13.0857200623,80.2810821533,48732,48742,10
13.0857801437,80.2808227539,48742,48752,10
13.0857400894,80.2806930542,48752,48762,10
13.0856304169,80.2802429199,48762,48772,10
13.085439682,80.2796325684,48772,48782,10
13.0846996307,80.2792816162,48782,48792,10
13.0840101242,80.2791900635,48792,48802,10
13.0833501816,80.2789916992,48802,48812,10
13.0825500488,80.2786865234,48812,48822,10
13.082110405,80.2784805298,48822,48833,11
13.0819501877,80.2781677246,48833,48843,10
13.0818996429,80.2776412964,48843,48853,10
13.0818395615,80.27709198,48853,48863,10
13.0817403793,80.2764129639,48863,48873,10
13.0816001892,80.2757568359,48873,48883,10
13.0814800262,80.2753219604,48883,48893,10
13.0812997818,80.2751693726,48893,48903,10
13.0809297562,80.2752380371,48903,48913,10
13.080499649,80.2752990723,48913,48922,9
13.0800600052,80.275352478,48922,48934,12
13.0794000626,80.2753219604,48934,48944,10
13.0786800385,80.2752227783,48944,48954,10
13.0782299042,80.2757492065,48954,48964,10
13.0777797699,80.2762374878,48964,48974,10
13.0769395828,80.2762908936,48974,48984,10
13.0761995316,80.2763290405,48984,48994,10
13.0758800507,80.2761993408,48994,49004,10
13.0759401321,80.2758102417,49004,49024,20
13.0759401321,80.2758102417,49024,49035,11
13.0760002136,80.2753829956,49035,49045,10
13.0760498047,80.2747192383,49045,49176,131
13.0760498047,80.2747192383,49176,49186,10
13.0760202408,80.2746505737,49186,49196,10
13.0758600235,80.2747268677,49196,49206,10
13.0758800507,80.2750396729,49206,49216,10
13.0759496689,80.2753982544,49216,49226,10
13.0762300491,80.2755279541,49226,51306,2080
13.0763397217,80.2755126953,51306,52094,788
13.076259613,80.2755966187,52094,52629,535
13.076259613,80.2755966187,52629,52639,10
13.0760097504,80.2758789063,52639,52669,30
13.0760097504,80.2758789063,52669,52679,10
13.075920105,80.2760620117,52679,52688,9
13.0759096146,80.2761383057,52688,52700,12
13.075799942,80.2763519287,52700,52710,10
13.0753498077,80.2763824463,52710,52720,10
13.0750102997,80.2763671875,52720,52730,10
13.0744895935,80.2764282227,52730,52740,10
13.0740804672,80.2767028809,52740,52750,10
13.0744400024,80.2772293091,52750,52760,10
13.075050354,80.2778701782,52760,52770,10
13.0758199692,80.2785873413,52770,52780,10
13.0764703751,80.2793807983,52780,52790,10
13.077170372,80.2801132202,52790,52801,11
13.0779399872,80.2809295654,52801,52811,10
13.0785303116,80.2815628052,52811,52821,10
13.0789804459,80.2819213867,52821,52831,10
13.0794401169,80.2816390991,52831,52841,10
13.0799999237,80.2811126709,52841,52851,10
13.0806598663,80.2807312012,52851,52861,10
13.0814504623,80.2809371948,52861,52871,10
13.0821399689,80.28150177,52871,52881,10
13.0826702118,80.2819213867,52881,52891,10
13.0833501816,80.2823486328,52891,52902,11
13.083990097,80.2827606201,52902,52912,10
13.084569931,80.2831802368,52912,52922,10
13.0850095749,80.2836303711,52922,52932,10
13.085269928,80.2838363647,52932,52942,10
13.0854997635,80.2835922241,52942,52952,10
13.0857400894,80.2835464478,52952,52962,10
13.0860795975,80.2835617065,52962,52972,10
13.086350441,80.2836608887,52972,52982,10
13.0867795944,80.2839202881,52982,53002,20
13.0867795944,80.2839202881,53002,53013,11
13.0869998932,80.2839279175,53013,53023,10
13.0872402191,80.2839431763,53023,53063,40
13.0872402191,80.2839431763,53063,53073,10
13.0875101089,80.2839431763,53073,53083,10
13.0875701904,80.2839279175,53083,53093,10
13.0878000259,80.2839202881,53093,53215,122
13.0878000259,80.2839202881,53215,53225,10
13.0880804062,80.2838668823,53225,53235,10
13.0881595612,80.2838287354,53235,53245,10
13.0881700516,80.2837600708,53245,53255,10
13.0881795883,80.2836990356,53255,53265,10
13.0882701874,80.2835464478,53265,53275,10
13.0882997513,80.2833862305,53275,53285,10
13.0883102417,80.2831878662,53285,53295,10
13.0882902145,80.2829208374,53295,53305,10
13.0882997513,80.2825469971,53305,53316,11
13.0882701874,80.2822494507,53316,53326,10
13.0881996155,80.2819366455,53326,53336,10
13.0881004333,80.2814865112,53336,53346,10
13.0884199142,80.281463623,53346,53356,10
13.08852005,80.2817611694,53356,53366,10
13.0884599686,80.2821578979,53366,53376,10
13.0883998871,80.2825317383,53376,53386,10
13.0883703232,80.2827301025,53386,53396,10
13.0883598328,80.2829208374,53396,53406,10
13.0883197784,80.2830963135,53406,53416,10
13.0883197784,80.2832717896,53416,53427,11
13.0883197784,80.2834777832,53427,53447,20
13.0883197784,80.2834777832,53447,53457,10
13.0882997513,80.2836380005,53457,53467,10
13.0883197784,80.2839813232,53467,53477,10
13.0884103775,80.2846679688,53477,53497,20
13.0884103775,80.2846679688,53497,53507,10
13.0884504318,80.2848892212,53507,53517,10
13.0884504318,80.2852172852,53517,53528,11
13.0884895325,80.2855987549,53528,53538,10
13.0884799957,80.2858963013,53538,53548,10
13.0884895325,80.2862625122,53548,53558,10
13.0885095596,80.2865600586,53558,53568,10
13.0885295868,80.2869110107,53568,53578,10
13.0885400772,80.2870101929,53578,53588,10
13.0885696411,80.2872314453,53588,53598,10
13.0885896683,80.2874526978,53598,53608,10
13.0886001587,80.2877731323,53608,53618,10
13.0886497498,80.288192749,53618,53629,11
13.0886802673,80.2884674072,53629,53639,10
13.0887002945,80.2886810303,53639,53649,10
13.088760376,80.2891387939,53649,53659,10
13.0887804031,80.2893295288,53659,53669,10
13.0888004303,80.2897262573,53669,53780,111
13.0888004303,80.2897262573,53780,53790,10
13.088809967,80.2901687622,53790,53800,10
13.0887804031,80.2903366089,53800,53810,10
13.0884199142,80.2902374268,53810,53820,10
13.0877799988,80.2899627686,53820,53830,10
13.0869903564,80.289642334,53830,53841,11
13.0857400894,80.2892990112,53841,53851,10
13.0845003128,80.2891693115,53851,53861,10
13.0834598541,80.2892074585,53861,53871,10
13.0824403763,80.2889785767,53871,53881,10
13.0812702179,80.2885437012,53881,53891,10
13.0802097321,80.288192749,53891,53901,10
13.0797796249,80.2881774902,53901,53911,10
13.0797796249,80.2881774902,53911,53921,10
13.079369545,80.2880935669,53921,53930,9
13.0787696838,80.2878112793,53930,53940,10
13.0778398514,80.2875366211,53940,53952,12
13.0764598846,80.2871932983,53952,53962,10
13.0752496719,80.2867584229,53962,53972,10
13.074090004,80.2861175537,53972,53982,10
13.0729598999,80.2857666016,53982,53992,10
13.071849823,80.2852935791,53992,54002,10
13.0706195831,80.2849578857,54002,54012,10
13.0693101883,80.2846603394,54012,54022,10
13.0682001114,80.2844161987,54022,54032,10
13.0671300888,80.2842178345,54032,54042,10
13.0659103394,80.2839431763,54042,54053,11
13.0645799637,80.2836303711,54053,54063,10
13.0637598038,80.2834396362,54063,54072,9
13.0631799698,80.2833175659,54072,54083,11
13.0625600815,80.2831802368,54083,54093,10
13.0624704361,80.2831573486,54093,54103,10
13.0621700287,80.2830734253,54103,54113,10
13.0615501404,80.2829208374,54113,54123,10
13.0607299805,80.2827606201,54123,54133,10
13.059709549,80.2825393677,54133,54143,10
13.0585403442,80.2823028564,54143,54154,11
13.0577402115,80.2821502686,54154,54164,10
13.0570697784,80.2819976807,54164,54174,10
13.0566902161,80.2819290161,54174,54184,10
13.056599617,80.2819213867,54184,54194,10
13.0561304092,80.2818069458,54194,54204,10
13.0553598404,80.2816390991,54204,54214,10
13.0543603897,80.2814407349,54214,54224,10
13.0531797409,80.2812194824,54224,54234,10
13.0519304276,80.281036377,54234,54244,10
13.0506601334,80.2808532715,54244,54255,11
13.0492296219,80.2806472778,54255,54265,10
13.0479001999,80.2804489136,54265,54275,10
13.0465803146,80.2802810669,54275,54285,10
13.0456895828,80.280166626,54285,54295,10
13.0456495285,80.280166626,54295,54305,10
13.0452804565,80.2801208496,54305,54315,10
13.0446100235,80.2800292969,54315,54325,10
13.0440797806,80.2799377441,54325,54335,10
13.0437898636,80.2798995972,54335,54345,10
13.043589592,80.2798690796,54345,54356,11
13.043299675,80.2798233032,54356,54366,10
13.042719841,80.2796707153,54366,54376,10
13.0418701172,80.279510498,54376,54386,10
13.0407800674,80.2793197632,54386,54396,10
13.0390396118,80.2788696289,54396,54416,20
13.0390396118,80.2788696289,54416,54426,10
13.0388298035,80.2787628174,54426,54436,10
13.0382900238,80.2786026001,54436,54446,10
13.0375404358,80.2783813477,54446,54457,11
13.0366096497,80.2780685425,54457,54467,10
13.035610199,80.2778396606,54467,54477,10
13.0344896317,80.2776412964,54477,54487,10
13.033659935,80.2774276733,54487,54497,10
13.0334796906,80.2774429321,54497,54507,10
13.033080101,80.2775115967,54507,54517,10
13.0325202942,80.2775497437,54517,54527,10
13.0318698883,80.277633667,54527,54537,10
13.0313501358,80.2775878906,54537,54547,10
13.0309295654,80.2773208618,54547,54557,10
13.0309200287,80.2773132324,54557,54568,11
13.0307598114,80.2771835327,54568,54578,10
13.0303401947,80.2769393921,54578,54588,10
13.0297203064,80.2767105103,54588,54598,10
13.0288600922,80.2764663696,54598,54608,10
13.0279598236,80.2761306763,54608,54618,10
13.0270500183,80.2757034302,54618,54628,10
13.0260601044,80.2752685547,54628,54658,30
13.0260601044,80.2752685547,54658,54669,11
13.0257396698,80.2751235962,54669,54679,10
13.0251398087,80.2748794556,54679,54689,10
13.0241498947,80.2741775513,54689,54709,20
13.0241498947,80.2741775513,54709,54719,10
13.0241098404,80.2741622925,54719,54729,10
13.0239095688,80.2738571167,54729,54739,10
13.0235700607,80.2733764648,54739,54749,10
13.0230998993,80.2727127075,54749,54759,10
13.0224895477,80.2719192505,54759,54769,10
13.0217504501,80.2709732056,54769,54780,11
13.0209598541,80.2699890137,54780,54790,10
13.0208396912,80.2698669434,54790,54800,10
13.0207099915,80.2696914673,54800,54810,10
13.0203800201,80.2692565918,54810,54820,10
13.0198898315,80.2686386108,54820,54830,10
13.0192899704,80.2679290771,54830,54840,10
13.018699646,80.2670211792,54840,54850,10
13.0185899734,80.2660522461,54850,54860,10
13.0187101364,80.2654571533,54860,54870,10
13.0189399719,80.2646484375,54870,54881,11
13.018989563,80.2636413574,54881,54891,10
13.0188903809,80.2630386353,54891,54911,20
13.0188903809,80.2630386353,54911,54921,10
13.0188703537,80.2626800537,54921,54931,10
13.0187997818,80.2620391846,54931,54941,10
13.0185899734,80.2612762451,54941,54951,10
13.0179300308,80.2608108521,54951,54961,10
13.0172100067,80.2603225708,54961,54970,9
13.0165300369,80.2599029541,54970,54982,12
13.0161504745,80.2596969604,54982,54992,10
13.0160598755,80.2596664429,54992,55002,10
13.0156698227,80.2594985962,55002,55012,10
13.0150403976,80.2593383789,55012,55022,10
13.0142602921,80.2593002319,55022,55032,10
13.0133600235,80.259262085,55032,55042,10
13.0122995377,80.2592315674,55042,55052,10
13.0113296509,80.2592010498,55052,55062,10
13.0103397369,80.2592391968,55062,55072,10
13.0094299316,80.2592315674,55072,55083,11
13.009059906,80.2592163086,55083,55093,10
13.0087900162,80.2592391968,55093,55103,10
13.0085296631,80.2592391968,55103,55113,10
13.0080404282,80.2592926025,55113,55123,10
13.0076503754,80.2594070435,55123,55133,10
13.0073003769,80.2590789795,55133,55143,10
13.0071401596,80.258682251,55143,55153,10
13.0071401596,80.2586669922,55153,55163,10
13.0070295334,80.2584381104,55163,55173,10
13.006770134,80.2579574585,55173,55184,11
13.0064296722,80.2575836182,55184,55194,10
13.0059299469,80.2574234009,55194,55204,10
13.0051603317,80.2572479248,55204,55214,10
13.0043001175,80.2570724487,55214,55224,10
13.0037298203,80.2569580078,55224,55234,10
13.0034103394,80.2568893433,55234,55244,10
13.0029001236,80.2567825317,55244,55315,71
13.0029001236,80.2567825317,55315,55325,10
13.002530098,80.2567062378,55325,55335,10
13.0022001266,80.256652832,55335,55345,10
13.0013999939,80.2565536499,55345,55416,71
13.0013999939,80.2565536499,55416,55426,10
13.0013303757,80.2565002441,55426,55436,10
13.00096035,80.256439209,55436,55446,10
13.0003204346,80.2563476563,55446,55456,10
12.9994897842,80.2562179565,55456,55466,10
12.9985799789,80.256111145,55466,55485,19
12.9985799789,80.256111145,55485,55497,12
12.9984302521,80.2561035156,55497,55507,10
12.9980297089,80.2560195923,55507,55517,10
12.997469902,80.2559585571,55517,55527,10
12.9968299866,80.2559432983,55527,55537,10
12.996219635,80.2559127808,55537,55547,10
12.9954004288,80.2559432983,55547,55557,10
12.9944295883,80.2559890747,55557,55567,10
12.9933300018,80.2560806274,55567,55577,10
12.9921398163,80.2561187744,55577,55587,10
12.9910202026,80.2560577393,55587,55597,10
12.9903898239,80.2560272217,55597,55608,11
12.9898004532,80.2560195923,55608,55618,10
12.9890098572,80.2559890747,55618,55628,10
12.988120079,80.2558898926,55628,55638,10
12.9871997833,80.2557220459,55638,55648,10
12.986289978,80.255569458,55648,55658,10
12.9860496521,80.2555236816,55658,55668,10
12.9859895706,80.2555007935,55668,55678,10
12.9856300354,80.2554092407,55678,55688,10
12.9850101471,80.2552719116,55688,55698,10
12.9841995239,80.2550582886,55698,55709,11
12.9832897186,80.2547988892,55709,55717,8
12.9828500748,80.2546691895,55717,55728,11
12.9823102951,80.2545013428,55728,55739,11
12.9821395874,80.2543411255,55739,55749,10
12.9819402695,80.2539672852,55749,55759,10
12.9818000793,80.2534332275,55759,55769,10
12.981470108,80.2528305054,55769,55779,10
12.9805698395,80.2527999878,55779,55789,10
12.979929924,80.2527618408,55789,55799,10
12.9785995483,80.2525787354,55799,55820,21
12.9785995483,80.2525787354,55820,55830,10
12.9783296585,80.2524108887,55830,55840,10
12.9778499603,80.251991272,55840,55850,10
12.9771499634,80.251449585,55850,55860,10
12.9761104584,80.2510986328,55860,55870,10
12.9749603271,80.2507705688,55870,55880,10
12.9737501144,80.2504272461,55880,55890,10
12.9724998474,80.2500915527,55890,55900,10
12.9711999893,80.24974823,55900,55911,11
12.9697799683,80.2492675781,55911,55921,10
12.9685001373,80.2487869263,55921,55931,10
12.9673595428,80.2483291626,55931,55941,10
12.9665298462,80.2479324341,55941,55951,10
12.9657297134,80.2475814819,55951,55961,10
12.9650201797,80.2473526001,55961,55981,20
12.9650201797,80.2473526001,55981,55991,10
12.9650001526,80.2473373413,55991,56001,10
12.9646501541,80.2472076416,56001,56011,10
12.9640302658,80.2469787598,56011,56022,11
12.9631700516,80.24659729,56022,56032,10
12.9622001648,80.2461013794,56032,56042,10
12.9611101151,80.2455596924,56042,56052,10
12.959980011,80.2450485229,56052,56062,10
12.9593000412,80.244758606,56062,56072,10
12.9592199326,80.2447280884,56072,56082,10
12.958820343,80.2445526123,56082,56092,10
12.9581403732,80.2442626953,56092,56102,10
12.9574804306,80.2440185547,56102,56112,10
12.9569196701,80.2439193726,56112,56224,112
12.9569196701,80.2439193726,56224,56234,10
12.9565200806,80.2437515259,56234,56254,20
12.9565200806,80.2437515259,56254,56264,10
12.9560699463,80.243560791,56264,56274,10
12.955499649,80.2432174683,56274,56284,10
12.954750061,80.2428436279,56284,56294,10
12.9538202286,80.2424621582,56294,56304,10
12.9527196884,80.2420272827,56304,56313,9
12.9518604279,80.2417373657,56313,56324,11
12.9517698288,80.2416992188,56324,56335,11
12.9512996674,80.2415313721,56335,56345,10
12.9505701065,80.2412719727,56345,56355,10
12.9496803284,80.2410125732,56355,56365,10
12.9487199783,80.2406768799,56365,56375,10
12.9476699829,80.2402191162,56375,56385,10
12.9470596313,80.2399902344,56385,56395,10
12.9469804764,80.2399597168,56395,56405,10
12.9467601776,80.2398529053,56405,56415,10
12.9462299347,80.2396316528,56415,56425,10
12.9455003738,80.2393035889,56425,56436,11
12.9447097778,80.2386169434,56436,56446,10
12.9439201355,80.2377471924,56446,56456,10
12.9430599213,80.236869812,56456,56466,10
12.9419002533,80.236328125,56466,56476,10
12.9406003952,80.2360229492,56476,56486,10
12.9395904541,80.235710144,56486,56506,20
12.9395904541,80.235710144,56506,56516,10
12.9393501282,80.2355804443,56516,56526,10
12.9388198853,80.2353210449,56526,56537,11
12.9379796982,80.2349014282,56537,56547,10
12.937040329,80.2344512939,56547,56557,10
12.9361896515,80.234046936,56557,56567,10
12.9357404709,80.2338790894,56567,56577,10
12.9355401993,80.2342224121,56577,56587,10
12.935379982,80.2347106934,56587,56597,10
12.9353704453,80.2347183228,56597,56607,10
12.9352903366,80.2349777222,56607,56617,10
12.9351501465,80.2353820801,56617,56627,10
12.9349603653,80.2354125977,56627,56637,10
12.9347200394,80.2352981567,56637,56648,11
12.9341497421,80.2350616455,56648,56658,10
12.9338102341,80.2350997925,56658,56668,10
12.9336595535,80.2357177734,56668,56678,10
12.9334497452,80.2362136841,56678,56688,10
12.9331598282,80.2361373901,56688,56698,10
12.93309021,80.2361297607,56698,56708,10
12.9329395294,80.2363433838,56708,56718,10
12.9328603745,80.2368392944,56718,56728,10
12.9326896667,80.2372970581,56728,56738,10
12.9325704575,80.2376022339,56738,56749,11
12.932299614,80.238319397,56749,56759,10
12.9321899414,80.2385864258,56759,56769,10
12.9318199158,80.2387466431,56769,56779,10
12.931189537,80.2385482788,56779,56819,40
12.931189537,80.2385482788,56819,56829,10
12.9310598373,80.2384872437,56829,56839,10
12.9306402206,80.2383422852,56839,56850,11
12.9298601151,80.2380523682,56850,56860,10
12.9295196533,80.2381668091,56860,56870,10
12.9294395447,80.2384719849,56870,56880,10
12.9292898178,80.2389526367,56880,56890,10
12.9290599823,80.2390213013,56890,56900,10
12.9283399582,80.2388381958,56900,56940,40
12.9283399582,80.2388381958,56940,56950,10
12.9281797409,80.2387924194,56950,56961,11
12.9275102615,80.2386322021,56961,56971,10
12.9266195297,80.2384109497,56971,56981,10
12.9256496429,80.2381515503,56981,56991,10
12.9255504608,80.2383575439,56991,57021,30
12.9255504608,80.2383575439,57021,57031,10
12.9257497787,80.2382278442,57031,57193,162
12.9257497787,80.2382278442,57193,57203,10
12.9258298874,80.2381286621,57203,57213,10
12.9262199402,80.2382507324,57213,57223,10
12.9269399643,80.2384262085,57223,57233,10
12.9278402328,80.2386627197,57233,57243,10
12.9282798767,80.2387771606,57243,57253,10
12.9284095764,80.2388076782,57253,57263,10
12.9289798737,80.2389602661,57263,57274,11
12.9293603897,80.2388381958,57274,57284,10
12.9295196533,80.2383499146,57284,57294,10
12.9296503067,80.2380218506,57294,57304,10
12.9301595688,80.2381515503,57304,57314,10
12.9311504364,80.2384872437,57314,57334,20
12.9311504364,80.2384872437,57334,57344,10
12.9314002991,80.238571167,57344,57354,10
12.9319200516,80.2387313843,57354,57364,10
12.9322395325,80.2384796143,57364,57375,11
12.9323396683,80.2381362915,57375,57385,10
12.9326000214,80.2375030518,57385,57395,10
12.9327402115,80.2371826172,57395,57405,10
12.9328899384,80.2367935181,57405,57415,10
12.9329900742,80.2362213135,57415,57425,10
12.9332304001,80.2361602783,57425,57435,10
12.9334201813,80.2361907959,57435,57445,10
12.9336299896,80.2358627319,57445,57455,10
12.9337797165,80.2352523804,57455,57465,10
12.9338903427,80.2350006104,57465,57476,11
12.9341802597,80.2350769043,57476,57486,10
12.9347801208,80.2353363037,57486,57496,10
12.9350500107,80.2354507446,57496,57506,10
12.9351797104,80.2352828979,57506,57516,10
12.9353399277,80.2349014282,57516,57526,10
12.9356403351,80.2341384888,57526,57536,10
12.9358797073,80.2338027954,57536,57546,10
12.9364900589,80.2340698242,57546,57556,10
12.9372901917,80.2344436646,57556,57566,10
12.9383296967,80.2349472046,57566,57577,11
12.9395103455,80.2355270386,57577,57587,10
12.9398202896,80.2356719971,57587,57597,10
12.9400396347,80.2357788086,57597,57607,10
12.9406795502,80.2359695435,57607,57617,10
12.9415903091,80.2361984253,57617,57627,10
12.9427099228,80.2365570068,57627,57637,10
12.9436597824,80.2373428345,57637,57647,10
12.9445400238,80.2383117676,57647,57657,10
12.9454698563,80.2392196655,57657,57667,10
12.9466600418,80.2397384644,57667,57677,10
12.9473400116,80.2399978638,57677,57688,11
12.9473600388,80.2400131226,57688,57698,10
12.9476900101,80.2401428223,57698,57708,10
12.9482803345,80.2403717041,57708,57718,10
12.9488801956,80.2406311035,57718,57728,10
12.949549675,80.2409210205,57728,57738,10
12.950340271,80.2411193848,57738,57748,10
12.9511299133,80.2413787842,57748,57758,10
12.9519796371,80.2416915894,57758,57768,10
12.9530096054,80.2420806885,57768,57777,9
12.953789711,80.2423706055,57777,57789,12
12.9544296265,80.2426376343,57789,57799,10
12.9551296234,80.2429122925,57799,57809,10
12.955909729,80.2431488037,57809,57819,10
12.9563598633,80.2432937622,57819,57839,20
12.9563598633,80.2432937622,57839,57849,10
12.9567804337,80.2434692383,57849,57859,10
12.9574604034,80.2438278198,57859,57869,10
12.9584197998,80.2442398071,57869,57879,10
12.9589500427,80.2444534302,57879,57890,11
12.9591398239,80.2445831299,57890,57900,10
12.9597196579,80.2448577881,57900,57910,10
12.9605798721,80.2452468872,57910,57920,10
12.9616603851,80.2457504272,57920,57930,10
12.9628200531,80.2463226318,57930,57940,10
12.9639196396,80.2468414307,57940,57950,10
12.9651098251,80.2472763062,57950,57960,10
12.9663200378,80.2477264404,57960,57970,10
12.9669103622,80.2480010986,57970,57980,10
12.966919899,80.248008728,57980,57990,10
12.9670600891,80.2481002808,57990,58001,11
12.9676504135,80.248336792,58001,58011,10
12.9685201645,80.2486877441,58011,58021,10
12.9695901871,80.2491226196,58021,58031,10
12.9708003998,80.2495803833,58031,58041,10
12.9720897675,80.249961853,58041,58051,10
12.9733896255,80.2502670288,58051,58061,10
12.9747104645,80.2506332397,58061,58071,10
12.9760599136,80.2510375977,58071,58081,10
12.9773702621,80.2514877319,58081,58091,10
12.97838974,80.2522506714,58091,58102,11
12.9786100388,80.2523803711,58102,58112,10
12.978969574,80.252532959,58112,58122,10
12.979590416,80.2526016235,58122,58132,10
12.9797296524,80.2526016235,58132,58142,10
12.9801502228,80.2526168823,58142,58152,10
12.980919838,80.2525863647,58152,58162,10
12.9818201065,80.2525634766,58162,58172,10
12.982000351,80.2525634766,58172,58182,10
12.9820995331,80.252571106,58182,58192,10
12.9825496674,80.2525482178,58192,58203,11
12.9832296371,80.2524871826,58203,58213,10
12.9836797714,80.2524108887,58213,58223,10
12.984290123,80.2522583008,58223,58233,10
12.9847202301,80.2521362305,58233,58243,10
12.9850597382,80.2520294189,58243,58455,212
12.9850597382,80.2520294189,58455,58465,10
12.9853801727,80.251953125,58465,58475,10
12.9857902527,80.2518386841,58475,58485,10
12.9861097336,80.2517776489,58485,58495,10
12.9865102768,80.251701355,58495,58504,9
12.9871397018,80.2515029907,58504,58516,12
12.987830162,80.2514572144,58516,58526,10
12.987950325,80.2518997192,58526,58536,10
12.9879798889,80.2526016235,58536,58546,10
12.9879198074,80.2534103394,58546,58556,10
12.987859726,80.2542037964,58556,58566,10
12.9878196716,80.2549667358,58566,58576,10
12.9877996445,80.2551803589,58576,58616,40
12.9877996445,80.2551803589,58616,58627,11
12.9877099991,80.2554931641,58627,58637,10
12.9877300262,80.2557983398,58637,58647,10
12.9881296158,80.2558364868,58647,58657,10
12.9882202148,80.2558517456,58657,58667,10
12.9886198044,80.255897522,58667,58677,10
12.9888496399,80.2559432983,58677,58687,10
12.9894104004,80.2559661865,58687,58697,10
12.9902296066,80.2559585571,58697,58707,10
12.9909801483,80.2560119629,58707,58717,10
12.9918403625,80.2559890747,58717,58728,11
12.9929304123,80.2559585571,58728,58738,10
12.993689537,80.2558822632,58738,58748,10
12.9940595627,80.2559204102,58748,58758,10
12.994389534,80.2559204102,58758,58768,10
12.9947500229,80.2559127808,58768,58778,10
12.9950199127,80.255897522,58778,58808,30
12.9950199127,80.255897522,58808,58818,10
12.9951000214,80.2558288574,58818,58829,11
12.9951000214,80.2558135986,58829,58839,10
12.9951601028,80.2558135986,58839,58849,10
12.9954299927,80.2558822632,58849,58859,10
12.9957895279,80.2559204102,58859,58869,10
12.9961996078,80.2559204102,58869,58879,10
12.9965801239,80.2558898926,58879,58930,51
12.9965801239,80.2558898926,58930,58940,10
12.9968795776,80.2559509277,58940,58950,10
12.9971904755,80.2559509277,58950,58960,10
12.997759819,80.2559585571,58960,58970,10
12.9984998703,80.2559814453,58970,58980,10
12.9990901947,80.256072998,58980,59030,50
12.9990901947,80.256072998,59030,59041,11
12.999329567,80.2561416626,59041,59051,10
12.9997701645,80.2562408447,59051,59061,10
13.0004501343,80.2563705444,59061,59071,10
13.0012998581,80.2565078735,59071,59081,10
13.0019302368,80.2566223145,59081,59091,10
13.002409935,80.2566833496,59091,59101,10
13.0027599335,80.2567520142,59101,59111,10
13.0032196045,80.2568435669,59111,59121,10
13.0038499832,80.2569580078,59121,59131,10
13.0043897629,80.2570800781,59131,59142,11
13.0050697327,80.2572174072,59142,59152,10
13.0058298111,80.2573699951,59152,59212,60
13.0058298111,80.2573699951,59212,59222,10
13.0059995651,80.2573928833,59222,59232,10
13.0063400269,80.2574462891,59232,59241,9
13.0067796707,80.2576522827,59241,59253,12
13.0073099136,80.2584762573,59253,59263,10
13.0082101822,80.2589416504,59263,59273,10
13.0085897446,80.2590789795,59273,59283,10
13.0087499619,80.2591171265,59283,59293,10
13.0093002319,80.259147644,59293,59303,10
13.0101699829,80.259147644,59303,59314,11
13.0113801956,80.2591323853,59314,59324,10
13.0125904083,80.2591934204,59324,59334,10
13.0138902664,80.2592315674,59334,59344,10
13.015130043,80.2592315674,59344,59355,11
13.0161304474,80.2594985962,59355,59365,10
13.0164804459,80.259727478,59365,59375,10
13.0166101456,80.2598495483,59375,59385,10
13.0170402527,80.2601318359,59385,59395,10
13.0175800323,80.2605133057,59395,59405,10
13.0181303024,80.260887146,59405,59415,10
13.0187997818,80.2613677979,59415,59425,10
13.0192699432,80.2617721558,59425,59435,10
13.019659996,80.2621612549,59435,59445,10
13.0202503204,80.2627029419,59445,59456,11
13.0201196671,80.2630310059,59456,59466,10
13.0195102692,80.2629776001,59466,59476,10
13.0190296173,80.2630233765,59476,59486,10
13.0190601349,80.2635803223,59486,59496,10
13.0191202164,80.2643814087,59496,59506,10
13.0188703537,80.2652587891,59506,59516,10
13.0187702179,80.265663147,59516,59526,10
13.018699646,80.2663726807,59526,59536,10
13.0188999176,80.267288208,59536,59546,10
13.0195999146,80.2682037354,59546,59557,11
13.0203304291,80.2691116333,59557,59567,10
13.0208597183,80.2697296143,59567,59577,10
13.0213603973,80.2703170776,59577,59587,10
13.0214796066,80.2704696655,59587,59597,10
13.0216999054,80.2707519531,59597,59607,10
13.0221204758,80.2713165283,59607,59617,10
13.0226898193,80.2720718384,59617,59627,10
13.0233697891,80.2729797363,59627,59637,10
13.0238800049,80.2736587524,59637,59678,41
13.0238800049,80.2736587524,59678,59688,10
13.0239400864,80.2737579346,59688,59698,10
13.0242700577,80.2741928101,59698,59708,10
13.0253801346,80.2749023438,59708,59728,20
13.0253801346,80.2749023438,59728,59738,10
13.0256595612,80.2750701904,59738,59748,10
13.0261602402,80.2752990723,59748,59758,10
13.0268697739,80.2756195068,59758,59769,11
13.0277395248,80.2760314941,59769,59779,10
13.0283498764,80.2762908936,59779,59789,10
13.0285701752,80.2763671875,59789,59799,10
13.0290002823,80.276512146,59799,59809,10
13.0294704437,80.2766723633,59809,59819,10
13.0294904709,80.2766723633,59819,59829,10
13.0296401978,80.2767105103,59829,59839,10
13.030500412,80.2770690918,59839,59870,31
13.030500412,80.2770690918,59870,59880,10
13.0306501389,80.2771682739,59880,59890,10
13.0308103561,80.2772293091,59890,59910,20
13.0310201645,80.2773666382,59910,59960,50
13.0310201645,80.2773666382,59960,59970,10
13.0312700272,80.2774887085,59970,60031,61
13.0312700272,80.2774887085,60031,60041,10
13.0314903259,80.277633667,60041,60172,131
13.031829834,80.277633667,60172,60263,91
13.031829834,80.277633667,60263,60273,10
13.0318803787,80.2776412964,60273,60283,10
13.0320997238,80.2776031494,60283,60294,11
13.0324802399,80.277557373,60294,60304,10
13.0327796936,80.277557373,60304,60314,10
13.0330295563,80.2775115967,60314,60334,20
13.0330295563,80.2775115967,60334,60344,10
13.0331602097,80.2774887085,60344,60354,10
13.033539772,80.2773895264,60354,60383,29
13.033539772,80.2773895264,60383,60395,12
13.033949852,80.2774581909,60395,60405,10
13.034239769,80.2775421143,60405,60415,10
13.0342903137,80.277557373,60415,60425,10
13.0344800949,80.2776184082,60425,60435,10
13.0346603394,80.2776565552,60435,60445,10
13.0348300934,80.2776870728,60445,60455,10
13.0352096558,80.2777328491,60455,60485,30
13.0352096558,80.2777328491,60485,60496,11
13.0355501175,80.2778091431,60496,60506,10
13.0360097885,80.2779006958,60506,60516,10
13.0366001129,80.2780380249,60516,60526,10
13.0369796753,80.2781982422,60526,60536,10
13.0374803543,80.2783813477,60536,60546,10
13.038189888,80.2785720825,60546,60556,10
13.0387401581,80.2787094116,60556,60566,10
13.0388402939,80.2787628174,60566,60576,10
13.0392198563,80.2788772583,60576,60586,10
13.0397500992,80.2790374756,60586,60596,10
13.0405302048,80.2792282104,60596,60607,11
13.0416402817,80.2794494629,60607,60617,10
13.0439596176,80.2798919678,60617,60627,10
13.0439596176,80.2798919678,60627,60637,10
13.0449800491,80.2800598145,60637,60646,9
13.0456600189,80.2801208496,60646,60657,11
13.0458402634,80.2801437378,60657,60667,10
13.0463199615,80.2802200317,60667,60677,10
13.0470399857,80.2803268433,60677,60687,10
13.0479202271,80.2804489136,60687,60697,10
13.0487003326,80.2805633545,60697,60708,11
13.0494604111,80.280670166,60708,60717,9
13.0501804352,80.2807617188,60717,60728,11
13.051030159,80.2809066772,60728,60738,10
13.0519199371,80.2810287476,60738,60748,10
13.0526103973,80.2811279297,60748,60758,10
13.0534496307,80.2812576294,60758,60768,10
13.0543003082,80.2814102173,60768,60778,10
13.0551595688,80.2815704346,60778,60788,10
13.0558996201,80.2817230225,60788,60798,10
13.0560398102,80.28175354,60798,60809,11
13.0561199188,80.2818069458,60809,60819,10
13.0564403534,80.2818832397,60819,60829,10
13.0569696426,80.2819976807,60829,60839,10
13.057559967,80.2821121216,60839,60849,10
13.0582199097,80.2822418213,60849,60859,10
13.059129715,80.2824325562,60859,60869,10
13.060090065,80.2826385498,60869,60879,10
13.0609302521,80.2827987671,60879,60889,10
13.0617599487,80.2829666138,60889,60899,10
13.0625200272,80.2831268311,60899,60910,11
13.0631198883,80.2832565308,60910,60920,10
13.0631504059,80.2832717896,60920,60930,10
13.0633296967,80.2833175659,60930,60940,10
13.0636997223,80.2834091187,60940,60950,10
13.0642595291,80.2835235596,60950,60960,10
13.0650596619,80.2837219238,60960,60970,10
13.0661802292,80.2839508057,60970,60980,10
13.0673799515,80.2842330933,60980,60990,10
13.0682601929,80.2843704224,60990,61000,10
13.0691299438,80.2845687866,61000,61010,10
13.0702295303,80.2848510742,61010,61021,11
13.0715703964,80.2851791382,61021,61031,10
13.0727500916,80.2854003906,61031,61041,10
13.0739202499,80.2855606079,61041,61051,10
13.0747299194,80.2863464355,61051,61061,10
13.0757398605,80.2869720459,61061,61071,10
13.0768995285,80.2872924805,61071,61081,10
13.0781497955,80.2876205444,61081,61091,10
13.0793304443,80.2880096436,61091,61101,10
13.0802297592,80.2882003784,61101,61110,9
13.0806999207,80.2883224487,61110,61122,12
13.0809497833,80.2884216309,61122,61132,10
13.0815401077,80.2886199951,61132,61142,10
13.0823402405,80.2889175415,61142,61152,10
13.0830898285,80.2892303467,61152,61162,10
13.0838499069,80.2892303467,61162,61172,10
13.0847797394,80.2891998291,61172,61182,10
13.0857801437,80.2892990112,61182,61192,10
13.0868701935,80.2895889282,61192,61202,10
13.0876302719,80.2898635864,61202,61212,10
13.08852005,80.2901763916,61212,61233,21
13.08852005,80.2901763916,61233,61243,10
13.0886802673,80.2901611328,61243,61253,10
13.0887098312,80.2901611328,61253,61263,10
13.0888595581,80.2902908325,61263,61273,10
13.088640213,80.2904281616,61273,61283,10
13.0880699158,80.2901611328,61283,61293,10
13.0877504349,80.2900238037,61293,61303,10
13.0874004364,80.2898788452,61303,61313,10
13.0868501663,80.2897109985,61313,61322,9
13.0863304138,80.2895584106,61322,61334,12
13.0857200623,80.2893676758,61334,61344,10
13.0853595734,80.2887802124,61344,61354,10
13.0851202011,80.2879333496,61354,61364,10
13.0851402283,80.2871398926,61364,61374,10
13.0852098465,80.286277771,61374,61384,10
13.0852804184,80.28540802,61384,61394,10
13.0853099823,80.2846374512,61394,61404,10
13.0852098465,80.2841262817,61404,61414,10
13.0852098465,80.2841110229,61414,61424,10
13.0853595734,80.2838592529,61424,61435,11
13.0855102539,80.283531189,61435,61445,10
13.0859804153,80.2835235596,61445,61455,10
13.0864400864,80.2836608887,61455,61465,10
13.0867996216,80.2839279175,61465,61475,10
13.0869398117,80.2839508057,61475,61485,10
13.0872001648,80.2839508057,61485,61495,10
13.0874700546,80.2839736938,61495,61505,10
13.0878200531,80.2839889526,61505,61546,41
13.0878200531,80.2839889526,61546,61556,10
13.0879402161,80.2839889526,61556,61758,202
13.0879402161,80.2839889526,61758,61768,10
13.0881500244,80.2838973999,61768,61788,20
13.0881500244,80.2838973999,61788,61798,10
13.0881700516,80.2836303711,61798,61808,10
13.0882997513,80.283493042,61808,61818,10
13.0883398056,80.2833633423,61818,61828,10
13.0883197784,80.2830810547,61828,61838,10
13.0882997513,80.2826080322,61838,61849,11
13.088259697,80.282119751,61849,61859,10
13.0881900787,80.2819366455,61859,61869,10
13.0881299973,80.2814407349,61869,61889,20
13.0881299973,80.2814407349,61889,61899,10
13.0884399414,80.281463623,61899,61909,10
13.0885801315,80.2816772461,61909,61919,10
13.0885601044,80.2818832397,61919,61929,10
13.0885000229,80.282119751,61929,61939,10
13.0884599686,80.2823486328,61939,61950,11
13.0884199142,80.2825393677,61950,61960,10
13.0883798599,80.2828292847,61960,61970,10
13.0883703232,80.2833633423,61970,61980,10
13.0883903503,80.2835769653,61980,61990,10
13.0884103775,80.2840499878,61990,62000,10
13.0884799957,80.2849807739,62000,62040,40
13.0884799957,80.2849807739,62040,62050,10
13.0884799957,80.285118103,62050,62061,11
13.0884895325,80.2856292725,62061,62071,10
13.0885295868,80.2858505249,62071,62081,10
13.0885601044,80.2863311768,62081,62091,10
13.0885696411,80.2865524292,62091,62101,10
13.0885896683,80.2870330811,62101,62111,10
13.0886497498,80.2874832153,62111,62121,10
13.0886602402,80.2877120972,62121,62131,10
13.0887002945,80.2882385254,62131,62141,10
13.0887298584,80.2886428833,62141,62151,10
13.088809967,80.2893981934,62151,62172,21
13.088809967,80.2893981934,62172,62182,10
13.0888395309,80.2900238037,62182,62222,40
13.0888395309,80.2900238037,62222,62232,10
13.0888395309,80.2900619507,62232,62242,10
13.088809967,80.2903823853,62242,62252,10
13.0885400772,80.2903823853,62252,62263,11
13.0879402161,80.2900619507,62263,62273,10
13.087269783,80.2897491455,62273,62283,10
13.086400032,80.2894668579,62283,62293,10
13.0852003098,80.2891998291,62293,62303,10
13.0840997696,80.2891998291,62303,62313,10
13.0831699371,80.2892303467,62313,62323,10
13.0821800232,80.2888717651,62323,62333,10
13.081029892,80.2884597778,62333,62343,10
13.0803804398,80.2882995605,62343,62352,9
13.0801897049,80.2882537842,62352,62364,12
13.080039978,80.2882232666,62364,62374,10
13.0797100067,80.2881622314,62374,62384,10
13.0790700912,80.287979126,62384,62393,9
13.0783004761,80.2876815796,62393,62404,11
13.0772304535,80.2873764038,62404,62414,10
13.0761995316,80.287109375,62414,62424,10
13.0750904083,80.2866287231,62424,62434,10
13.0739202499,80.2860565186,62434,62444,10
13.072719574,80.2856216431,62444,62454,10
13.0714597702,80.2852020264,62454,62464,10
13.0701398849,80.2848434448,62464,62475,11
13.0687198639,80.2845077515,62475,62485,10
13.0682697296,80.2844085693,62485,62495,10
13.0682296753,80.2844009399,62495,62505,10
13.0678100586,80.2843475342,62505,62515,10
13.0670499802,80.2842102051,62515,62525,10
13.0660495758,80.2839736938,62525,62535,10
13.0649900436,80.283706665,62535,62545,10
13.0643396378,80.2835769653,62545,62555,10
13.0636997223,80.2834091187,62555,62565,10
13.0630903244,80.2832794189,62565,62576,11
13.0625600815,80.2831497192,62576,62586,10
13.0625,80.2831420898,62586,62596,10
13.0623998642,80.2831115723,62596,62606,10
13.0619297028,80.2830123901,62606,62616,10
13.0614995956,80.2828903198,62616,62626,10
13.0612001419,80.2828216553,62626,62636,10
13.0608100891,80.2827224731,62636,62646,10
13.0602397919,80.2826309204,62646,62656,10
13.0595197678,80.2825164795,62656,62666,10
13.0587396622,80.2823486328,62666,62677,11
13.057849884,80.2821731567,62677,62697,20
13.057849884,80.2821731567,62697,62707,10
13.0575399399,80.2820968628,62707,62717,10
13.0568304062,80.2819519043,62717,62737,20
13.0568304062,80.2819519043,62737,62747,10
13.0565500259,80.2818908691,62747,62757,10
13.0559501648,80.28175354,62757,62767,10
13.0550804138,80.2815628052,62767,62778,11
13.0538396835,80.2813415527,62778,62788,10
13.0526199341,80.2811508179,62788,62798,10
13.0515098572,80.28099823,62798,62808,10
13.0511798859,80.280960083,62808,62818,10
13.0511102676,80.2809371948,62818,62828,10
13.0506801605,80.2808837891,62828,62838,10
13.0499801636,80.2807693481,62838,62848,10
13.0491504669,80.2806396484,62848,62858,10
13.0480804443,80.2804718018,62858,62868,10
13.0468597412,80.2802963257,62868,62879,11
13.0454902649,80.2801437378,62879,62889,10
13.0451202393,80.2801132202,62889,62899,10
13.0448303223,80.2800598145,62899,62909,10
13.0444803238,80.2800216675,62909,62919,10
13.0442199707,80.2799682617,62919,62929,10
13.0438203812,80.2799072266,62929,62939,10
13.043129921,80.2797698975,62939,62949,10
13.0422401428,80.2795715332,62949,62959,10
13.0411596298,80.2793731689,62959,62969,10
13.0402803421,80.2791824341,62969,62979,10
13.0394601822,80.2789382935,62979,62990,11
13.0390796661,80.2788696289,62990,63000,10
13.0389995575,80.2788619995,63000,63010,10
13.0388402939,80.2788009644,63010,63020,10
13.0383300781,80.2786178589,63020,63030,10
13.0375795364,80.2784118652,63030,63040,10
13.0370798111,80.2782592773,63040,63050,10
13.0363903046,80.2779998779,63050,63060,10
13.0355300903,80.2778167725,63060,63070,10
13.0345602036,80.277633667,63070,63079,9
13.0339202881,80.2774505615,63079,63091,12
13.0332098007,80.2774963379,63091,63101,10
13.0324497223,80.2775497437,63101,63111,10
13.0315303802,80.277633667,63111,63121,10
13.0310401917,80.2773895264,63121,63131,10
13.0310297012,80.2773895264,63131,63141,10
13.0309696198,80.2772979736,63141,63151,10
13.0305900574,80.2770767212,63151,63161,10
13.0298595428,80.276802063,63161,63171,10
13.0292301178,80.2766113281,63171,63181,10
13.028429985,80.2763519287,63181,63192,11
13.0274600983,80.275932312,63192,63202,10
13.0266504288,80.2755584717,63202,63212,10
13.0261602402,80.2753372192,63212,63222,10
13.0261497498,80.2753295898,63222,63232,10
13.0258302689,80.2751693726,63232,63242,10
13.0252504349,80.2749328613,63242,63252,10
13.024479866,80.274520874,63252,63262,10
13.0240497589,80.2740402222,63262,63303,41
13.0240497589,80.2740402222,63303,63313,10
13.0238704681,80.2737503052,63313,63323,10
13.0235004425,80.2732467651,63323,63333,10
13.0229997635,80.2725830078,63333,63343,10
13.022359848,80.2717285156,63343,63353,10
13.0216798782,80.270866394,63353,63363,10
13.0210800171,80.2701187134,63363,63372,9
13.020819664,80.269859314,63372,63383,11
13.0206804276,80.2696609497,63383,63393,10
13.0203399658,80.269203186,63393,63404,11
13.019780159,80.2685089111,63404,63414,10
13.0191297531,80.2677383423,63414,63424,10
13.0186595917,80.2666931152,63424,63434,10
13.0186395645,80.2659072876,63434,63444,10
13.0187997818,80.2652587891,63444,63454,10
13.0190496445,80.2644271851,63454,63464,10
13.0190496445,80.263923645,63464,63474,10
13.0190000534,80.2635574341,63474,63484,10
13.018910408,80.263092041,63484,63494,10
13.0188999176,80.2629699707,63494,63505,11
13.0188703537,80.2625579834,63505,63515,10
13.0187797546,80.2618484497,63515,63525,10
13.018699646,80.2614364624,63525,63535,10
13.0184202194,80.2611618042,63535,63545,10
13.0178699493,80.2608184814,63545,63555,10
13.0172595978,80.2604064941,63555,63565,10
13.0168800354,80.2601699829,63565,63575,10
13.016579628,80.2599563599,63575,63585,10
13.0160198212,80.2596588135,63585,63595,10
13.0158996582,80.2596130371,63595,63606,11
13.0157403946,80.2595367432,63606,63616,10
13.0152397156,80.2593917847,63616,63626,10
13.0145101547,80.2593231201,63626,63636,10
13.0136604309,80.2593002319,63636,63646,10
13.0125999451,80.259262085,63646,63656,10
13.0115499496,80.2592163086,63656,63666,10
13.0106801987,80.2592468262,63666,63676,10
13.0096502304,80.2592697144,63676,63686,10
13.0089502335,80.2592391968,63686,63696,10
13.0087003708,80.2592391968,63696,63706,10
13.0082998276,80.2591781616,63706,63717,11
13.007610321,80.2594070435,63717,63727,10
13.0071601868,80.258682251,63727,63767,40
13.0071601868,80.258682251,63767,63777,10
13.0070199966,80.2584381104,63777,63787,10
13.0068502426,80.2581863403,63787,63797,10
13.0066604614,80.2578811646,63797,63806,9
13.0066099167,80.2578125,63806,63818,12
13.0063295364,80.2576065063,63818,63828,10
13.0059299469,80.2574768066,63828,63838,10
13.0053596497,80.2573165894,63838,63848,10
13.0045995712,80.2571716309,63848,63858,10
13.0037899017,80.2570037842,63858,63868,10
13.0031604767,80.2568817139,63868,63878,10
13.0026397705,80.2567901611,63878,63908,30
13.0026397705,80.2567901611,63908,63919,11
13.0025596619,80.2567596436,63919,63929,10
13.0022697449,80.2567214966,63929,63939,10
13.0017004013,80.2566299438,63939,63949,10
13.00096035,80.2565307617,63949,63959,10
13.0001802444,80.2564086914,63959,63979,20
13.0001802444,80.2564086914,63979,63989,10
12.9999103546,80.256401062,63989,63999,10
12.9995603561,80.2563323975,63999,64009,10
12.9991798401,80.2562179565,64009,64020,11
12.9984798431,80.256111145,64020,64050,30
12.9984798431,80.256111145,64050,64060,10
12.9983797073,80.2560577393,64060,64070,10
12.9982795715,80.2560501099,64070,64080,10
12.998000145,80.2559814453,64080,64090,10
12.9971199036,80.2559432983,64090,64151,61
12.9971199036,80.2559432983,64151,64161,10
12.9968795776,80.2559661865,64161,64171,10
12.9964704514,80.2559509277,64171,64181,10
12.9958295822,80.2559432983,64181,64191,10
12.9952001572,80.2559509277,64191,64201,10
12.9951696396,80.2559432983,64201,64211,10
12.9948101044,80.2559509277,64211,64221,10
12.9942102432,80.2559890747,64221,64232,11
12.9933300018,80.256072998,64232,64242,10
12.9923496246,80.2561264038,64242,64252,10
12.9912204742,80.256072998,64252,64262,10
12.9901800156,80.2560272217,64262,64272,10
12.9893102646,80.2559814453,64272,64282,10
12.9884901047,80.2559280396,64282,64292,10
12.9880800247,80.2558898926,64292,64302,10
12.9876003265,80.255821228,64302,64312,10
12.9870996475,80.2557220459,64312,64322,10
12.986700058,80.2556610107,64322,64333,11
12.9863796234,80.255607605,64333,64343,10
12.9859695435,80.2555236816,64343,64373,30
12.9859695435,80.2555236816,64373,64383,10
12.985710144,80.2554626465,64383,64393,10
12.9851999283,80.2553405762,64393,64402,9
12.9845504761,80.2551727295,64402,64413,11
12.9840803146,80.2550582886,64413,64423,10
12.9839696884,80.255027771,64423,64434,11
12.9835500717,80.2549209595,64434,64444,10
12.9832296371,80.2548370361,64444,64454,10
12.9827604294,80.2546768188,64454,64464,10
12.9821796417,80.2543869019,64464,64474,10
12.9819002151,80.2537765503,64474,64484,10
12.9817199707,80.253036499,64484,64494,10
12.9800796509,80.2527694702,64494,64504,10
12.9800796509,80.2527694702,64504,64514,10
12.9790000916,80.2526626587,64514,64524,10
12.9782104492,80.2523498535,64524,64545,21
12.9780597687,80.2521972656,64545,64555,10
12.977640152,80.2518081665,64555,64565,10
12.9769496918,80.2513809204,64565,64575,10
12.9759902954,80.2510986328,64575,64585,10
12.9748897552,80.2507781982,64585,64595,10
12.9737300873,80.2504577637,64595,64605,10
12.9725103378,80.2501602173,64605,64615,10
12.9712495804,80.2498321533,64615,64625,10
12.970000267,80.249420166,64625,64635,10
12.9687595367,80.2489395142,64635,64646,11
12.9674301147,80.2484130859,64646,64656,10
12.9666404724,80.2480163574,64656,64666,10
12.966050148,80.247756958,64666,64676,10
12.9653100967,80.2474594116,64676,64686,10
12.9648103714,80.2473373413,64686,64696,10
12.9647798538,80.2473068237,64696,64706,10
12.9644298553,80.2471313477,64706,64716,10
12.9640197754,80.246963501,64716,64726,10
12.9637804031,80.246887207,64726,64736,10
12.9633197784,80.246673584,64736,64747,11
12.9625396729,80.2462768555,64747,64757,10
12.9616498947,80.2458496094,64757,64767,10
12.9606304169,80.2453689575,64767,64777,10
12.959280014,80.2447967529,64777,64797,20
12.959280014,80.2447967529,64797,64807,10
12.958990097,80.2446594238,64807,64817,10
12.9584102631,80.2444076538,64817,64827,10
12.95773983,80.2441635132,64827,64837,10
12.9564599991,80.2436904907,64837,64858,21
12.9564599991,80.2436904907,64858,64868,10
12.9561595917,80.2435836792,64868,64878,10
12.9556102753,80.2432937622,64878,64888,10
12.954870224,80.2429428101,64888,64898,10
12.9539604187,80.2425613403,64898,64908,10
12.9529104233,80.2421188354,64908,64918,10
12.9516201019,80.2416915894,64918,64938,20
12.9516201019,80.2416915894,64938,64949,11
12.9512195587,80.2415313721,64949,64959,10
12.9506597519,80.2413406372,64959,64969,10
12.9500799179,80.2411727905,64969,64979,10
12.9494199753,80.2409820557,64979,64989,10
12.9486999512,80.2406921387,64989,64999,10
12.9478302002,80.2403182983,64999,65009,10
12.9470596313,80.240020752,65009,65029,20
12.9470596313,80.240020752,65029,65039,10
12.9469604492,80.2399673462,65039,65049,10
12.9465398788,80.2398071289,65049,65060,11
12.9458303452,80.2395019531,65060,65070,10
12.9451398849,80.2390594482,65070,65080,10
12.9444599152,80.2383499146,65080,65090,10
12.9437303543,80.2375717163,65090,65100,10
12.9429798126,80.2368392944,65100,65110,10
12.9419002533,80.2363586426,65110,65120,10
12.9406900406,80.236076355,65120,65130,10
12.9392700195,80.2356109619,65130,65150,20
12.9392700195,80.2356109619,65150,65161,11
12.9391298294,80.2355194092,65161,65171,10
12.9386997223,80.2352905273,65171,65181,10
12.9380397797,80.2349624634,65181,65191,10
12.9372701645,80.2345733643,65191,65201,10
12.9364099503,80.2341766357,65201,65211,10
12.9360198975,80.2339935303,65211,65221,10
12.935959816,80.2339706421,65221,65231,10
12.935669899,80.2339782715,65231,65241,10
12.935500145,80.234413147,65241,65251,10
12.9353399277,80.2348709106,65251,65262,11
12.9351797104,80.2353668213,65262,65272,10
12.9350099564,80.2354812622,65272,65282,10
12.934800148,80.2353973389,65282,65292,10
12.9343395233,80.2351913452,65292,65302,10
12.933930397,80.2350387573,65302,65312,10
12.9337596893,80.2355194092,65312,65322,10
12.9335803986,80.2361984253,65322,65332,10
12.933139801,80.2361679077,65332,65342,10
12.932970047,80.2364196777,65342,65352,10
12.9328298569,80.2370223999,65352,65363,11
12.9326896667,80.2373809814,65363,65373,10
12.9325304031,80.2378082275,65373,65383,10
12.9323701859,80.2382202148,65383,65393,10
12.9322395325,80.2385177612,65393,65403,10
12.9320802689,80.2387695313,65403,65413,10
12.9312095642,80.238571167,65413,65494,81
12.9312095642,80.238571167,65494,65504,10
12.9309396744,80.2384490967,65504,65514,10
12.9304103851,80.2382736206,65514,65524,10
12.9297504425,80.23802948,65524,65534,10
12.9295301437,80.2381973267,65534,65544,10
12.9294700623,80.2385025024,65544,65554,10
12.9293298721,80.2389602661,65554,65564,10
12.9291496277,80.2390594482,65564,65575,11
12.9283800125,80.2388916016,65575,65625,50
12.9283800125,80.2388916016,65625,65635,10
12.9282999039,80.2388534546,65635,65645,10
12.9279298782,80.2387466431,65645,65655,10
12.9273395538,80.238609314,65655,65665,10
12.9265899658,80.2384185791,65665,65676,11
12.9257202148,80.2381896973,65676,65686,10
12.9254102707,80.238319397,65686,65696,10
12.9257497787,80.2382736206,65696,65726,30
12.9257497787,80.2382736206,65726,65736,10
12.926030159,80.2382736206,65736,65746,10
12.9264097214,80.2383804321,65746,65756,10
12.9269304276,80.2385101318,65756,65766,10
12.9275598526,80.2386627197,65766,65777,11
12.9282302856,80.2388381958,65777,65787,10
12.9282598495,80.2388381958,65787,65797,10
12.9285297394,80.238899231,65797,65807,10
12.929019928,80.2390289307,65807,65817,10
12.9293498993,80.2389602661,65817,65827,10
12.9294595718,80.2385482788,65827,65837,10
12.9295797348,80.2381515503,65837,65847,10
12.9297895432,80.2380218506,65847,65857,10
12.9303503036,80.238243103,65857,65867,10
12.9310398102,80.2384872437,65867,65878,11
12.9312095642,80.2385482788,65878,65888,10
12.9313201904,80.2385864258,65888,65898,10
12.9316596985,80.2387084961,65898,65908,10
12.9321603775,80.2387008667,65908,65918,10
12.9322595596,80.2384567261,65918,65928,10
12.9323797226,80.2381591797,65928,65938,10
12.9326000214,80.2375564575,65938,65948,10
12.9327297211,80.2372283936,65948,65958,10
12.9328699112,80.2368774414,65958,65968,10
12.9329595566,80.2364120483,65968,65978,10
12.9330501556,80.2361602783,65978,65989,11
12.9331598282,80.2361679077,65989,65999,10
12.933429718,80.2362518311,65999,66009,10
12.9336004257,80.236038208,66009,66019,10
12.9337396622,80.235496521,66019,66029,10
12.9339199066,80.2350387573,66029,66039,10
12.9342002869,80.2351379395,66039,66049,10
12.9345998764,80.2353286743,66049,66059,10
12.9349298477,80.2354507446,66059,66069,10
12.9350299835,80.2355117798,66069,66079,10
12.9351902008,80.2353973389,66079,66090,11
12.9352798462,80.2350692749,66090,66100,10
12.9355201721,80.2344207764,66100,66110,10
12.9357595444,80.2339172363,66110,66150,40
12.9357595444,80.2339172363,66150,66160,10
12.9358596802,80.2338027954,66160,66170,10
12.9361896515,80.2339477539,66170,66180,10
12.9368095398,80.2342605591,66180,66191,11
12.9377603531,80.2347106934,66191,66201,10
12.9387798309,80.2352218628,66201,66211,10
12.9395704269,80.2356109619,66211,66231,20
12.9395704269,80.2356109619,66231,66241,10
12.9396800995,80.2356719971,66241,66251,10
12.9401798248,80.2358932495,66251,66261,10
12.9409599304,80.2361068726,66261,66271,10
12.9419698715,80.2363586426,66271,66281,10
12.9430398941,80.2368087769,66281,66292,11
12.9439897537,80.2377166748,66292,66301,9
12.9447498322,80.2385482788,66301,66312,11
12.9457798004,80.239402771,66312,66322,10
12.9465303421,80.2397232056,66322,66332,10
12.9468097687,80.2398605347,66332,66342,10
12.9474000931,80.2400665283,66342,66362,20
12.9474000931,80.2400665283,66362,66372,10
12.9477100372,80.2401885986,66372,66382,10
12.9482898712,80.2404403687,66382,66392,10
12.9488801956,80.2406616211,66392,66473,81
12.9488801956,80.2406616211,66473,66483,10
12.9489898682,80.2406997681,66483,66493,10
12.9494695663,80.2408905029,66493,66504,11
12.9502897263,80.2411422729,66504,66514,10
12.9509601593,80.2413406372,66514,66533,19
12.9509601593,80.2413406372,66533,66544,11
12.9512996674,80.2414932251,66544,66554,10
12.9519395828,80.2417221069,66554,66564,10
12.952750206,80.2420196533,66564,66574,10
12.9535903931,80.2423324585,66574,66584,10
12.9541597366,80.2425613403,66584,66593,9
12.9547300339,80.2427902222,66593,66605,12
12.9555196762,80.243057251,66605,66615,10
12.9562301636,80.2432785034,66615,66625,10
12.9564199448,80.243347168,66625,66635,10
12.956700325,80.2434692383,66635,66645,10
12.9572601318,80.2437820435,66645,66655,10
12.9579296112,80.2440795898,66655,66665,10
12.9586200714,80.2443618774,66665,66685,20
12.9586200714,80.2443618774,66685,66694,9
12.958729744,80.2444763184,66694,66706,12
12.9593095779,80.2447280884,66706,66716,10
12.9600496292,80.2450714111,66716,66726,10
12.9610099792,80.2454910278,66726,66736,10
12.962100029,80.2460021973,66736,66746,10
12.9628000259,80.2463378906,66746,66756,10
12.9632396698,80.2465896606,66756,66766,10
12.9637403488,80.2468490601,66766,66776,10
12.9644203186,80.2471008301,66776,66786,10
12.9652004242,80.2473602295,66786,66796,10
12.9658699036,80.2475891113,66796,66806,10
12.9661798477,80.247718811,66806,66817,11
12.9662799835,80.2477874756,66817,66827,10
12.9667100906,80.2479400635,66827,66847,20
12.9667100906,80.2479400635,66847,66857,10
12.9669799805,80.2481079102,66857,66867,10
12.9675502777,80.2483901978,66867,66877,10
12.9683103561,80.2487030029,66877,66887,10
12.9692201614,80.2490615845,66887,66897,10
12.9702396393,80.2494506836,66897,66907,10
12.9713497162,80.2498092651,66907,66918,11
12.9725599289,80.2501068115,66918,66928,10
12.9736499786,80.2504119873,66928,66938,10
12.9747800827,80.2507171631,66938,66948,10
12.9759502411,80.2510604858,66948,66958,10
12.9773597717,80.2514877319,66958,66988,30
12.9773597717,80.2514877319,66988,66998,10
12.9775495529,80.2516326904,66998,67008,10
12.9779901505,80.2520065308,67008,67019,11
12.9785203934,80.2523803711,67019,67029,10
12.9785299301,80.2523880005,67029,67039,10
12.9786901474,80.2524795532,67039,67049,10
12.979180336,80.2526321411,67049,67059,10
12.9795703888,80.2526473999,67059,67109,50
12.9795703888,80.2526473999,67109,67120,11
12.9796104431,80.2526397705,67120,67130,10
12.9797697067,80.2526702881,67130,67140,10
12.980219841,80.2526626587,67140,67241,101
12.980219841,80.2526626587,67241,67251,10
12.9806098938,80.2526626587,67251,67261,10
12.9811296463,80.2526397705,67261,67271,10
12.9818296432,80.2526397705,67271,67281,10
12.9825296402,80.2526016235,67281,67291,10
12.9831495285,80.2525405884,67291,67301,10
12.9835700989,80.2524719238,67301,67311,10
12.9840898514,80.2523498535,67311,67321,10
12.9845104218,80.2522201538,67321,67332,11
12.9849395752,80.2520980835,67332,67342,10
12.9851903915,80.2520217896,67342,67352,10
12.9854698181,80.251953125,67352,67362,10
12.9859600067,80.2518005371,67362,67372,10
12.9865198135,80.2516937256,67372,67382,10
12.9872198105,80.2514877319,67382,67675,293
12.9872198105,80.2514877319,67675,67685,10
12.9875202179,80.2514419556,67685,67695,10
12.9878501892,80.2515411377,67695,67705,10
12.9879798889,80.2520828247,67705,67715,10
12.9879798889,80.2526397705,67715,67725,10
12.9879102707,80.2535324097,67725,67735,10
12.9878196716,80.2545623779,67735,67746,11
12.9877595901,80.255607605,67746,67857,111
12.9877595901,80.255607605,67857,67867,10
12.9877700806,80.2558135986,67867,67877,10
12.9880104065,80.255897522,67877,67887,10
12.9881896973,80.255897522,67887,67897,10
12.988360405,80.2559127808,67897,67927,30
12.988360405,80.2559127808,67927,67937,10
12.9887599945,80.2559814453,67937,67948,11
12.9894304276,80.2560195923,67948,67958,10
12.990240097,80.256072998,67958,67968,10
12.9909095764,80.2561035156,67968,67978,10
12.9916296005,80.2561187744,67978,67988,10
12.9922895432,80.2561187744,67988,67998,10
12.9928302765,80.2560882568,67998,68008,10
12.9933004379,80.2560501099,68008,68018,10
12.9938602448,80.2560195923,68018,68028,10
12.9942998886,80.2559967041,68028,68038,10
12.994720459,80.2559432983,68038,68049,11
12.9951496124,80.2559204102,68049,68170,121
12.9951496124,80.2559204102,68170,68180,10
12.9956302643,80.2559585571,68180,68190,10
12.9959402084,80.2559585571,68190,68200,10
12.9963502884,80.2559509277,68200,68210,10
12.9968595505,80.2559280396,68210,68220,10
12.9971599579,80.2559280396,68220,68230,10
12.9975795746,80.2559509277,68230,68240,10
12.998049736,80.2559890747,68240,68250,10
12.998290062,80.2560195923,68250,68261,11
12.9984798431,80.256072998,68261,68271,10
12.9988298416,80.2560882568,68271,68301,30
12.9988298416,80.2560882568,68301,68311,10
12.9990701675,80.2561569214,68311,68321,10
12.9995098114,80.2562179565,68321,68331,10
13.0002098083,80.2563705444,68331,68341,10
13.0010595322,80.2565078735,68341,68351,10
13.0017995834,80.256652832,68351,68360,9
13.0023298264,80.256729126,68360,68372,12
13.0027399063,80.2568206787,68372,68382,10
13.0029802322,80.2568664551,68382,68392,10
13.0032300949,80.2569198608,68392,68402,10
13.0036201477,80.2569885254,68402,68412,10
13.0040798187,80.2570877075,68412,68422,10
13.0044498444,80.2571487427,68422,68432,10
13.0049200058,80.2572479248,68432,68442,10
13.005900383,80.2574310303,68442,68473,31
13.005900383,80.2574310303,68473,68483,10
13.0061998367,80.2574920654,68483,68493,10
13.0066795349,80.2575836182,68493,68503,10
13.0069503784,80.2580108643,68503,68513,10
13.0073699951,80.2585525513,68513,68523,10
13.0085401535,80.2590408325,68523,68543,20
13.0085401535,80.2590408325,68543,68553,10
13.0086202621,80.2591018677,68553,68562,9
13.0088796616,80.2591629028,68562,68574,12
13.0093698502,80.259147644,68574,68584,10
13.0100803375,80.2591629028,68584,68594,10
13.0109500885,80.259147644,68594,68604,10
13.0119304657,80.2591629028,68604,68614,10
13.0130596161,80.2592010498,68614,68624,10
13.0142498016,80.2592010498,68624,68634,10
13.0154600143,80.2592926025,68634,68644,10
13.016409874,80.259727478,68644,68664,20
13.016409874,80.259727478,68664,68675,11
13.0164499283,80.2597732544,68675,68685,10
13.0167303085,80.2600021362,68685,68695,10
13.0172300339,80.2603378296,68695,68705,10
13.0178804398,80.2607879639,68705,68715,10
13.0184803009,80.261177063,68715,68725,10
13.0189199448,80.2615432739,68725,68735,10
13.0193500519,80.2619094849,68735,68745,10
13.0197296143,80.2623519897,68745,68755,10
13.0203199387,80.262840271,68755,68765,10
13.020190239,80.2630767822,68765,68776,11
13.0196800232,80.2630310059,68776,68786,10
13.0191602707,80.2630004883,68786,68796,10
13.0190000534,80.2633209229,68796,68806,10
13.0190896988,80.2640075684,68806,68816,10
13.0189800262,80.2648620605,68816,68826,10
13.018819809,80.265411377,68826,68836,10
13.018699646,80.2658615112,68836,68846,10
13.0186796188,80.2665863037,68846,68856,10
13.018910408,80.2673873901,68856,68866,10
13.0194997787,80.2681884766,68866,68877,11
13.0202302933,80.2690811157,68877,68887,10
13.0206098557,80.26953125,68887,68897,10
13.0208797455,80.2698822021,68897,68907,10
13.0214395523,80.2705307007,68907,68927,20
13.0214395523,80.2705307007,68927,68937,10
13.0215301514,80.2706604004,68937,68947,10
13.0218200684,80.2710189819,68947,68957,10
13.0222597122,80.2715988159,68957,68967,10
13.0227499008,80.2722625732,68967,68977,10
13.0232801437,80.2729721069,68977,68988,11
13.0238599777,80.2737503052,68988,68998,10
13.0241699219,80.2741699219,68998,69008,10
13.0244703293,80.2745285034,69008,69018,10
13.0250101089,80.2748413086,69018,69028,10
13.0253200531,80.2749404907,69028,69058,30
13.0253200531,80.2749404907,69058,69068,10
13.0255899429,80.2750930786,69068,69078,10
13.02602005,80.2752838135,69078,69089,11
13.0265197754,80.2755279541,69089,69099,10
13.0270795822,80.2757720947,69099,69109,10
13.0276403427,80.2760467529,69109,69119,10
13.0282697678,80.2763137817,69119,69129,10
13.0289201736,80.2765426636,69129,69139,10
13.0294504166,80.2767028809,69139,69149,10
13.0298700333,80.2768173218,69149,69159,10
13.0302600861,80.2770004272,69159,69169,10
13.0308103561,80.2772521973,69169,69178,9
13.0314102173,80.2776031494,69178,69190,12
13.0320901871,80.2776184082,69190,69200,10
13.0322904587,80.2775802612,69200,69210,10
13.0327196121,80.2775268555,69210,69230,20
13.0327196121,80.2775268555,69230,69240,10
13.0331497192,80.2774810791,69240,69260,20
13.0331497192,80.2774810791,69260,69270,10
13.0332298279,80.2774429321,69270,69280,10
13.0336103439,80.277381897,69280,69291,11
13.0342998505,80.277557373,69291,69301,10
13.0351295471,80.2777481079,69301,69311,10
13.035900116,80.2778778076,69311,69321,10
13.0367002487,80.2781219482,69321,69331,10
13.0371999741,80.2783203125,69331,69341,10
13.0375099182,80.2784118652,69341,69351,10
13.0381002426,80.2785491943,69351,69361,10
13.0388002396,80.2787322998,69361,69391,30
13.0388002396,80.2787322998,69391,69402,11
13.0390796661,80.2788162231,69402,69412,10
13.0394697189,80.2789535522,69412,69422,10
13.0401496887,80.2791366577,69422,69432,10
13.0409803391,80.2793273926,69432,69442,10
13.0419797897,80.2795028687,69442,69452,10
13.0430898666,80.2796173096,69452,69491,39
13.0430898666,80.2796173096,69491,69503,12
13.0431699753,80.2796401978,69503,69513,10
13.0436000824,80.2797775269,69513,69523,10
13.0443096161,80.2799377441,69523,69533,10
13.04570961,80.280128479,69533,69553,20
13.04570961,80.280128479,69553,69563,10
13.0460100174,80.2801818848,69563,69573,10
13.0466403961,80.2802810669,69573,69583,10
13.0474596024,80.2803878784,69583,69593,10
13.0484104156,80.2805328369,69593,69604,11
13.0495195389,80.2806930542,69604,69614,10
13.0503997803,80.2808227539,69614,69624,10
13.0512800217,80.2809524536,69624,69634,10
13.0521802902,80.2810897827,69634,69644,10
13.0528297424,80.2811889648,69644,69654,10
13.0532598495,80.28125,69654,69664,10
13.0539598465,80.2813568115,69664,69674,10
13.0548095703,80.2815322876,69674,69684,10
13.0556097031,80.2816696167,69684,69694,10
13.0559301376,80.2817382813,69694,69705,11
13.0564203262,80.2818374634,69705,69725,20
13.0564203262,80.2818374634,69725,69735,10
13.0566396713,80.2818984985,69735,69745,10
13.0572004318,80.2820205688,69745,69755,10
13.0579395294,80.2821731567,69755,69765,10
13.0588502884,80.2823562622,69765,69775,10
13.0599098206,80.2825698853,69775,69785,10
13.0607995987,80.2827529907,69785,69795,10
13.0616703033,80.2829284668,69795,69805,10
13.0629301071,80.2832107544,69805,69846,41
13.0629301071,80.2832107544,69846,69856,10
13.0630197525,80.2832717896,69856,69866,10
13.06346035,80.2833633423,69866,69876,10
13.0641298294,80.2835006714,69876,69886,10
13.0647802353,80.2836608887,69886,69896,10
13.0656003952,80.2838516235,69896,69906,10
13.0666399002,80.2840881348,69906,69917,11
13.0679502487,80.2843170166,69917,69927,10
13.0691299438,80.284576416,69927,69937,10
13.0702800751,80.2848587036,69937,69947,10
13.0714597702,80.28515625,69947,69957,10
13.0725898743,80.2853775024,69957,69967,10
13.0736598969,80.2854690552,69967,69977,10
13.0741701126,80.2858963013,69977,69987,10
13.0743999481,80.2861480713,69987,69997,10
13.0744304657,80.2862091064,69997,70007,10
13.0747804642,80.2864379883,70007,70018,11
13.0753803253,80.286819458,70018,70028,10
13.0760803223,80.2871017456,70028,70038,10
13.07695961,80.2873306274,70038,70048,10
13.0780200958,80.2875900269,70048,70058,10
13.0791397095,80.2879714966,70058,70068,10
13.0797595978,80.2881469727,70068,70078,10
13.0799999237,80.2881774902,70078,70088,10
13.0808401108,80.2883529663,70088,70107,19
13.0808401108,80.2883529663,70107,70119,12
13.0809803009,80.2884216309,70119,70129,10
13.0814599991,80.2885971069,70129,70139,10
13.0821895599,80.2888412476,70139,70149,10
13.0829896927,80.2892227173,70149,70159,10
13.0839099884,80.2892379761,70159,70169,10
13.0850200653,80.2892074585,70169,70179,10
13.0862598419,80.2894515991,70179,70189,10
13.0873003006,80.2897567749,70189,70199,10
13.0879802704,80.2900619507,70199,70209,10
13.0887899399,80.2902374268,70209,70250,41
13.0887899399,80.2902374268,70250,70260,10
13.0887899399,80.2903671265,70260,70270,10
13.0885896683,80.2904815674,70270,70280,10
13.0882396698,80.2902908325,70280,70290,10
13.0878696442,80.2901229858,70290,70300,10
13.0872898102,80.2899093628,70300,70310,10
13.086640358,80.2897186279,70310,70320,10
13.0860700607,80.2895812988,70320,70331,11
13.0855197906,80.2891387939,70331,70341,10
13.085149765,80.2883605957,70341,70351,10
13.0850801468,80.2873382568,70351,70361,10
13.0851802826,80.2861633301,70361,70371,10
13.0852603912,80.2851791382,70371,70381,10
13.0852603912,80.284576416,70381,70391,10
13.0852203369,80.284362793,70391,70401,10
13.0853099823,80.2839736938,70401,70411,10
13.0854196548,80.2836532593,70411,70442,31
13.0854196548,80.2836532593,70442,70452,10
13.0858097076,80.2835769653,70452,70462,10
13.086230278,80.2836074829,70462,70472,10
13.0866098404,80.2839126587,70472,70482,10
13.0871200562,80.2839813232,70482,70492,10
13.0875902176,80.2839813232,70492,70502,10
13.0881004333,80.2838516235,70502,71411,909
13.0881004333,80.2838516235,71411,71421,10
13.0880804062,80.2837219238,71421,71441,20
13.0880804062,80.2837219238,71441,71451,10
13.0882701874,80.2834701538,71451,71461,10
13.088259697,80.2831726074,71461,71472,11
13.088259697,80.2827606201,71472,71482,10
13.0882501602,80.2824172974,71482,71492,10
13.0881700516,80.2820129395,71492,71502,10
13.0880002975,80.2816085815,71502,71512,10
13.0880403519,80.2814712524,71512,71522,10
13.0883398056,80.28150177,71522,71532,10
13.0885095596,80.2817306519,71532,71542,10
13.0884504318,80.2820892334,71542,71552,10
13.0883903503,80.2823791504,71552,71562,10
13.0883302689,80.2827301025,71562,71573,11
13.0882997513,80.2833480835,71573,71583,10
13.0883102417,80.2836685181,71583,71593,10
13.0883102417,80.2838973999,71593,71603,10
13.0883102417,80.2841262817,71603,71613,10
13.0883798599,80.2848510742,71613,71653,40
13.0883798599,80.2848510742,71653,71662,9
13.0884199142,80.2851715088,71662,71674,12
13.0884599686,80.28565979,71674,71684,10
13.088470459,80.2860870361,71684,71694,10
13.0884799957,80.2863922119,71694,71704,10
13.0884895325,80.2866210938,71704,71714,10
13.0884895325,80.2867736816,71714,71724,10
13.0885000229,80.2870330811,71724,71734,10
13.0885095596,80.287399292,71734,71744,10
13.0885295868,80.2875976563,71744,71754,10
13.0885696411,80.2879562378,71754,71764,10
13.0886297226,80.288520813,71764,71774,10
13.0886497498,80.2887802124,71774,71785,11
13.0887203217,80.2893295288,71785,71795,10
13.0887203217,80.2893676758,71795,71805,10
13.0887298584,80.2895965576,71805,71906,101
13.0887298584,80.2899627686,71906,71926,20
13.0887298584,80.2899627686,71926,71936,10
13.0887699127,80.2900466919,71936,71946,10
13.0887403488,80.290222168,71946,71956,10
13.0887002945,80.2904663086,71956,71966,10
13.0884599686,80.2904434204,71966,71976,10
13.0881204605,80.2902526855,71976,71987,11
13.0875196457,80.2899627686,71987,71997,10
13.0867395401,80.2896575928,71997,72007,10
13.0857000351,80.2893829346,72007,72017,10
13.0847196579,80.2892227173,72017,72027,10
13.0837802887,80.2892608643,72027,72037,10
13.0829801559,80.2892684937,72037,72047,10
13.0822000504,80.2889404297,72047,72057,10
13.0814399719,80.2886810303,72057,72067,10
13.080739975,80.2884597778,72067,72077,10
13.0801401138,80.2882614136,72077,72088,11
13.079460144,80.2881469727,72088,72098,10
13.078669548,80.2878189087,72098,72108,10
13.0776500702,80.2875366211,72108,72118,10
13.076499939,80.2872619629,72118,72128,10
13.075460434,80.2869262695,72128,72138,10
13.0747098923,80.2864608765,72138,72148,10
13.0737495422,80.2860794067,72148,72158,10
13.0727901459,80.2857208252,72158,72168,10
13.0717201233,80.2853088379,72168,72178,10
13.0705099106,80.2850036621,72178,72188,10
13.0692396164,80.2846984863,72188,72199,11
13.0679197311,80.2844085693,72199,72209,10
13.0668201447,80.2842102051,72209,72219,10
13.0656900406,80.2839508057,72219,72229,10
13.0647802353,80.2837371826,72229,72239,10
13.0643396378,80.2836380005,72239,72249,10
13.0642004013,80.2835998535,72249,72259,10
13.0637598038,80.2834701538,72259,72269,10
13.0630702972,80.2833328247,72269,72279,10
13.0625200272,80.2831802368,72279,72289,10
13.0625,80.2831802368,72289,72300,11
13.0624904633,80.2831802368,72300,72310,10
13.0621299744,80.2830963135,72310,72320,10
13.0616197586,80.282951355,72320,72330,10
13.0610198975,80.2828216553,72330,72340,10
13.060259819,80.2826766968,72340,72350,10
13.0594701767,80.2825317383,72350,72360,10
13.0586395264,80.2823562622,72360,72370,10
13.0578899384,80.2822113037,72370,72380,10
13.0573301315,80.2820968628,72380,72390,10
13.0566596985,80.2819595337,72390,72411,21
13.0566596985,80.2819595337,72411,72421,10
13.0563602448,80.2818908691,72421,72431,10
13.0557403564,80.2817611694,72431,72441,10
13.0549201965,80.2815933228,72441,72451,10
13.0539102554,80.2813873291,72451,72461,10
13.0528297424,80.2812194824,72461,72471,10
13.0517396927,80.2810592651,72471,72481,10
13.0509996414,80.2809371948,72481,72491,10
13.0509500504,80.2809295654,72491,72502,11
13.0505104065,80.2808685303,72502,72512,10
13.0498399734,80.2807693481,72512,72522,10
13.0489902496,80.2806472778,72522,72532,10
13.0479402542,80.2805023193,72532,72542,10
13.0467700958,80.2803421021,72542,72552,10
13.0457201004,80.2802124023,72552,72562,10
13.0447301865,80.2800674438,72562,72572,10
13.0439300537,80.2799606323,72572,72582,10
13.0434799194,80.2798995972,72582,72592,10
13.0429000854,80.2797470093,72592,72603,11
13.0420103073,80.2795715332,72603,72613,10
13.0410995483,80.2794113159,72613,72623,10
13.0401096344,80.2791976929,72623,72633,10
13.0395402908,80.2790603638,72633,72643,10
13.0390396118,80.2789306641,72643,72653,10
13.0390100479,80.2789077759,72653,72663,10
13.0389003754,80.2788696289,72663,72673,10
13.0386104584,80.2787475586,72673,72683,10
13.038069725,80.2785873413,72683,72693,10
13.0373497009,80.2783889771,72693,72704,11
13.0366897583,80.2781600952,72704,72714,10
13.0359897614,80.2779312134,72714,72724,10
13.0353298187,80.2777709961,72724,72734,10
13.0347003937,80.2776870728,72734,72744,10
13.0339803696,80.2775115967,72744,72754,10
13.0337295532,80.2774276733,72754,72764,10
13.0336704254,80.2774124146,72764,72774,10
13.0332803726,80.2774734497,72774,72784,10
13.0327997208,80.2775192261,72784,72794,10
13.0322399139,80.2775726318,72794,72804,10
13.031999588,80.2776031494,72804,72815,11
13.0315504074,80.2776489258,72815,72825,10
13.0309696198,80.2773971558,72825,72835,10
13.0308599472,80.2773284912,72835,72845,10
13.0307502747,80.2772521973,72845,72855,10
13.0303297043,80.2770233154,72855,72865,10
13.0298204422,80.2768096924,72865,72875,10
13.0293197632,80.2766799927,72875,72885,10
13.028670311,80.2764816284,72885,72895,10
13.0278997421,80.2761688232,72895,72905,10
13.0272102356,80.2758712769,72905,72916,11
13.0264196396,80.2755126953,72916,72926,10
13.0258903503,80.2752914429,72926,72936,10
13.0258798599,80.2752838135,72936,72946,10
13.0257797241,80.2752304077,72946,72956,10
13.0253696442,80.2750473022,72956,72966,10
13.0246896744,80.2747421265,72966,72976,10
13.024140358,80.2742385864,72976,72986,10
13.0240802765,80.2741699219,72986,72996,10
13.0240297318,80.2741088867,72996,73006,10
13.0237998962,80.2737731934,73006,73017,11
13.0233697891,80.2731781006,73017,73027,10
13.0228700638,80.2724761963,73027,73037,10
13.0221996307,80.2716217041,73037,73047,10
13.0215196609,80.2707519531,73047,73057,10
13.0209102631,80.2700119019,73057,73067,10
13.020819664,80.2699127197,73067,73077,10
13.0207395554,80.2698287964,73077,73087,10
13.0204801559,80.2694778442,73087,73097,10
13.0200500488,80.2689437866,73097,73107,10
13.0194997787,80.2682571411,73107,73118,11
13.0187902451,80.2673797607,73118,73128,10
13.0185699463,80.2663726807,73128,73138,10
13.0186100006,80.2658233643,73138,73148,10
13.0187902451,80.2651290894,73148,73158,10
13.0190095901,80.2642974854,73158,73168,10
13.0189399719,80.2636108398,73168,73178,10
13.0188903809,80.2632522583,73178,73188,10
13.018819809,80.2626266479,73188,73198,10
13.0187301636,80.2618637085,73198,73208,10
13.0186195374,80.2614135742,73208,73218,10
13.0183200836,80.261177063,73218,73229,11
13.0178804398,80.2608566284,73229,73239,10
13.0173597336,80.2605285645,73239,73249,10
13.0167198181,80.2601165771,73249,73259,10
13.0161800385,80.2598266602,73259,73269,10
13.0161600113,80.2598114014,73269,73279,10
13.0159301758,80.2596588135,73279,73289,10
13.0153999329,80.2594680786,73289,73299,10
13.0146398544,80.2593688965,73299,73309,10
13.0138196945,80.2593536377,73309,73319,10
13.012840271,80.2593231201,73319,73330,11
13.0116996765,80.2592773438,73330,73340,10
13.0106801987,80.2592773438,73340,73350,10
13.0095396042,80.2593002319,73350,73360,10
13.0088596344,80.2592926025,73360,73370,10
13.0086097717,80.2592926025,73370,73380,10
13.0081701279,80.2592697144,73380,73390,10
13.0075998306,80.2594223022,73390,73400,10
13.0071296692,80.2587814331,73400,73431,31
13.0071296692,80.2587814331,73431,73441,10
13.0069704056,80.2584762573,73441,73451,10
13.0066604614,80.2579727173,73451,73461,10
13.0060997009,80.2575683594,73461,73471,10
13.0055999756,80.2574691772,73471,73481,10
13.0051803589,80.2573318481,73481,73491,10
13.0045700073,80.2572021484,73491,73501,10
13.0038099289,80.2570266724,73501,73511,10
13.0032901764,80.256942749,73511,73521,10
13.002869606,80.2568664551,73521,73532,11
13.0027599335,80.2568511963,73532,73542,10
13.0024003983,80.2567901611,73542,73552,10
13.0018701553,80.256690979,73552,73562,10
13.0011301041,80.2565917969,73562,73572,10
13.0003204346,80.2564468384,73572,73582,10
12.9995298386,80.2563400269,73582,73592,10
12.9989004135,80.256187439,73592,73653,61
12.9989004135,80.256187439,73653,73663,10
12.9985399246,80.2560882568,73663,73673,10
12.9979496002,80.2560195923,73673,73683,10
12.9972400665,80.2559661865,73683,73693,10
12.9970903397,80.2559585571,73693,73703,10
12.9969997406,80.2559585571,73703,73713,10
12.9967699051,80.2559585571,73713,73723,10
12.9964399338,80.2559585571,73723,73734,11
12.9959201813,80.2559661865,73734,73744,10
12.9954004288,80.2559814453,73744,73754,10
12.9948196411,80.2559890747,73754,73764,10
12.9942398071,80.2560424805,73764,73774,10
12.9934902191,80.2561035156,73774,73784,10
12.9925699234,80.2561416626,73784,73794,10
12.9914798737,80.2561416626,73794,73804,10
12.9906797409,80.2561187744,73804,73814,10
12.9901199341,80.2561035156,73814,73824,10
12.9894599915,80.256072998,73824,73834,10
12.9889602661,80.2560501099,73834,73845,11
12.9887599945,80.2560195923,73845,73855,10
12.9884996414,80.2559890747,73855,73865,10
12.9880895615,80.2559280396,73865,73875,10
12.9876499176,80.2558822632,73875,73885,10
12.9873304367,80.2558135986,73885,73895,10
12.9870595932,80.2557525635,73895,73905,10
12.9867601395,80.2557067871,73905,73915,10
12.9864597321,80.2556610107,73915,73946,31
12.9864597321,80.2556610107,73946,73956,10
12.9862499237,80.2556228638,73956,73966,10
12.9862003326,80.255607605,73966,73976,10
12.9861402512,80.2555923462,73976,73986,10
12.9857797623,80.2555084229,73986,73996,10
12.9852895737,80.2553787231,73996,74006,10
12.984749794,80.255241394,74006,74016,10
12.9842700958,80.2551193237,74016,74026,10
12.9837398529,80.254989624,74026,74036,10
12.9832897186,80.2548675537,74036,74047,11
12.9827404022,80.254699707,74047,74057,10
12.9821596146,80.2544631958,74057,74067,10
12.9818401337,80.253868103,74067,74077,10
12.981710434,80.2532806396,74077,74087,10
12.9811697006,80.2528610229,74087,74097,10
12.9804096222,80.2528533936,74097,74107,10
12.9797096252,80.2528076172,74107,74117,10
12.978969574,80.2527236938,74117,74127,10
12.9785804749,80.2526626587,74127,74136,9
12.9785404205,80.2526321411,74136,74148,12
12.9781198502,80.2523193359,74148,74158,10
12.9775295258,80.2518005371,74158,74168,10
12.976650238,80.2513427734,74168,74178,10
12.9755601883,80.2510070801,74178,74188,10
12.9743995667,80.2506713867,74188,74198,10
12.9732103348,80.2503433228,74198,74208,10
12.9719696045,80.2500228882,74208,74218,10
12.9707298279,80.249671936,74218,74228,10
12.9695501328,80.2492370605,74228,74238,10
12.9683599472,80.2487792969,74238,74249,11
12.9671001434,80.248260498,74249,74259,10
12.966219902,80.2478408813,74259,74269,10
12.9650201797,80.2474212646,74269,74289,20
12.9650201797,80.2474212646,74289,74299,10
12.9648599625,80.2473373413,74299,74309,10
12.9644002914,80.2471694946,74309,74319,10
12.9634399414,80.2467880249,74319,74339,20
12.9634399414,80.2467880249,74339,74349,10
12.9632997513,80.2467422485,74349,74360,11
12.9628000259,80.2464904785,74360,74370,10
12.9621200562,80.2461471558,74370,74380,10
12.9613304138,80.2457580566,74380,74390,10
12.9603996277,80.2453308105,74390,74400,10
12.9593000412,80.2448577881,74400,74420,20
12.9593000412,80.2448577881,74420,74430,10
12.9589595795,80.2447128296,74430,74440,10
12.9583797455,80.2444381714,74440,74450,10
12.9577798843,80.2442092896,74450,74461,11
12.9572000504,80.2440185547,74461,74471,10
12.9569101334,80.2439498901,74471,74481,10
12.9567499161,80.2439117432,74481,74491,10
12.9564695358,80.2438430786,74491,74511,20
12.9564695358,80.2438430786,74511,74521,10
12.9563903809,80.2437973022,74521,74531,10
12.9563398361,80.2437896729,74531,74541,10
12.9561004639,80.2437133789,74541,74550,9
12.9556903839,80.2434387207,74550,74562,12
12.9548997879,80.2430267334,74562,74572,10
12.9541397095,80.2427062988,74572,74582,10
12.9533195496,80.2423706055,74582,74592,10
12.9524297714,80.2419967651,74592,74602,10
12.9518003464,80.2418136597,74602,74632,30
12.9518003464,80.2418136597,74632,74642,10
12.9514904022,80.2416915894,74642,74693,51
12.9510498047,80.2415390015,74693,74713,20
12.9510498047,80.2415390015,74713,74723,10
12.9508399963,80.2414932251,74723,74733,10
12.9505901337,80.2414093018,74733,74743,10
12.9503202438,80.241317749,74743,74753,10
12.9500799179,80.2412490845,74753,74764,11
12.9498901367,80.2411880493,74764,74804,40
12.9498901367,80.2411880493,74804,74814,10
12.9494400024,80.2410507202,74814,74824,10
12.9490804672,80.2409362793,74824,74834,10
12.9488296509,80.2408370972,74834,74844,10
12.9482698441,80.2405929565,74844,74854,10
12.947019577,80.2400817871,74854,74895,41
12.947019577,80.2400817871,74895,74905,10
12.9468202591,80.2399902344,74905,74915,10
12.9463195801,80.2397918701,74915,74925,10
12.9456195831,80.2394790649,74925,74935,10
12.9449195862,80.2389678955,74935,74945,10
12.9441995621,80.2381973267,74945,74955,10
12.9434604645,80.2373962402,74955,74965,10
12.9426403046,80.2367095947,74965,74976,11
12.9414300919,80.2363128662,74976,74986,10
12.9404401779,80.2360687256,74986,74996,10
12.9396400452,80.2358322144,74996,75006,10
12.9395198822,80.2357711792,75006,75016,10
12.9394798279,80.2357635498,75016,75026,10
12.9391098022,80.2355804443,75026,75036,10
12.9384698868,80.2352676392,75036,75046,10
12.9377202988,80.2348937988,75046,75056,10
12.9368495941,80.2344589233,75056,75066,10
12.9360599518,80.2340927124,75066,75077,11
12.9356298447,80.2340316772,75077,75087,10
12.9356298447,80.2340393066,75087,75097,10
12.9356002808,80.23412323,75097,75107,10
12.9354600906,80.2344894409,75107,75117,10
12.9352397919,80.2350769043,75117,75127,10
12.9350795746,80.235458374,75127,75137,10
12.9349298477,80.235496521,75137,75147,10
12.934709549,80.2353973389,75147,75157,10
12.933930397,80.2350692749,75157,75178,21
12.933930397,80.2350692749,75178,75188,10
12.9337596893,80.235168457,75188,75198,10
12.9336395264,80.2356872559,75198,75208,10
12.9334802628,80.2362518311,75208,75218,10
12.9331502914,80.2362136841,75218,75238,20
12.9331502914,80.2362136841,75238,75248,10
12.9329099655,80.236289978,75248,75258,10
12.9328699112,80.2367172241,75258,75268,10
12.9327697754,80.2370529175,75268,75277,9
12.9326496124,80.2373504639,75277,75289,12
12.9324903488,80.2377929688,75289,75299,10
12.9322500229,80.2383880615,75299,75309,10
12.9321498871,80.2386322021,75309,75319,10
12.9319000244,80.238822937,75319,75329,10
12.9311599731,80.238609314,75329,75369,40
12.9311599731,80.238609314,75369,75379,10
12.9309597015,80.2385177612,75379,75390,11
12.9303598404,80.2383117676,75390,75400,10
12.9296798706,80.2380599976,75400,75410,10
12.9294700623,80.238243103,75410,75420,10
12.9293804169,80.2385787964,75420,75430,10
12.9292497635,80.2390136719,75430,75440,10
12.9289903641,80.2390670776,75440,75450,10
12.9283103943,80.238899231,75450,75491,41
12.9283103943,80.238899231,75491,75501,10
12.9282598495,80.2388763428,75501,75511,10
12.92786026,80.2387924194,75511,75521,10
12.9272899628,80.2386322021,75521,75531,10
12.9266300201,80.2384719849,75531,75541,10
12.9258804321,80.2382736206,75541,75551,10
12.9253797531,80.2382202148,75551,75561,10
12.9256896973,80.238319397,75561,75592,31
12.9256896973,80.238319397,75592,75602,10
12.9258098602,80.2382507324,75602,75612,10
12.9261903763,80.238319397,75612,75622,10
12.9267997742,80.2384796143,75622,75632,10
12.9274597168,80.2386627197,75632,75642,10
12.928150177,80.238822937,75642,75652,10
12.9281997681,80.2388305664,75652,75662,10
12.9283599854,80.2388687134,75662,75672,10
12.9288902283,80.2389984131,75672,75682,10
12.9292898178,80.2389831543,75682,75692,10
12.9293899536,80.238609314,75692,75703,11
12.9295396805,80.2381210327,75703,75713,10
12.9298095703,80.2380371094,75713,75723,10
12.9303197861,80.238243103,75723,75733,10
12.9309997559,80.2384872437,75733,75743,10
12.931139946,80.2385406494,75743,75753,10
12.9313497543,80.2386169434,75753,75763,10
12.9318504333,80.2387771606,75763,75773,10
12.9321498871,80.238609314,75773,75783,10
12.9322099686,80.2383880615,75783,75793,10
12.9323501587,80.2380371094,75793,75804,11
12.9326000214,80.2373733521,75804,75814,10
12.9327001572,80.2371292114,75814,75824,10
12.932849884,80.2367019653,75824,75834,10
12.9329204559,80.2361907959,75834,75844,10
12.933139801,80.2361526489,75844,75854,10
12.933380127,80.2362213135,75854,75864,10
12.9335002899,80.2362136841,75864,75874,10
12.9335803986,80.2358703613,75874,75884,10
12.9337396622,80.2352981567,75884,75894,10
12.9339399338,80.2350082397,75894,75905,11
12.9342603683,80.235168457,75905,75915,10
12.9347696304,80.2353897095,75915,75925,10
12.9351196289,80.2353973389,75925,75945,20
12.9351196289,80.2353973389,75945,75955,10
12.9351396561,80.235168457,75955,75965,10
12.9353704453,80.2346191406,75965,75975,10
12.9356298447,80.2340011597,75975,75985,10
12.935790062,80.2337722778,75985,75994,9
12.9360799789,80.2338409424,75994,76006,12
12.936249733,80.2339630127,76006,76016,10
12.9367599487,80.2342224121,76016,76026,10
12.9375400543,80.2345962524,76026,76036,10
12.9384803772,80.2350616455,76036,76046,10
12.9395904541,80.2356262207,76046,76066,20
12.9395904541,80.2356262207,76066,76076,10
12.9398202896,80.2357406616,76076,76086,10
12.9404497147,80.2359695435,76086,76096,10
12.9413204193,80.2361984253,76096,76107,11
12.9425296783,80.2365493774,76107,76117,10
12.9435100555,80.2372589111,76117,76127,10
12.9443902969,80.2382202148,76127,76136,9
12.9486103058,80.2405776978,76136,76245,109
12.9486103058,80.2405776978,76245,76255,10
12.948800087,80.2406387329,76255,76265,10
12.9493198395,80.240852356,76265,76275,10
12.9500398636,80.2410812378,76275,76285,10
12.950799942,80.2412796021,76285,76295,10
12.9509801865,80.2413482666,76295,76305,10
12.9512796402,80.2414703369,76305,76316,11
12.9519300461,80.2416992188,76316,76326,10
12.9527196884,80.2419967651,76326,76336,10
12.9535903931,80.2423400879,76336,76346,10
12.954460144,80.2426986694,76346,76356,10
12.9551095963,80.2429504395,76356,76366,10
12.9558801651,80.2432098389,76366,76376,10
12.956319809,80.2433624268,76376,76386,10
12.9563302994,80.2433624268,76386,76396,10
12.9567403793,80.2435302734,76396,76406,10
12.9574298859,80.2438583374,76406,76417,11
12.958319664,80.2442398071,76417,76427,10
12.958820343,80.2444381714,76427,76437,10
12.9589300156,80.2444992065,76437,76447,10
12.959400177,80.244720459,76447,76457,10
12.9601097107,80.2450637817,76457,76467,10
12.9610300064,80.2454910278,76467,76477,10
12.9620895386,80.2460098267,76477,76487,10
12.9631004333,80.2465209961,76487,76507,20
12.9631004333,80.2465209961,76507,76517,10
12.9633998871,80.2466583252,76517,76528,11
12.964050293,80.2469406128,76528,76538,10
12.9649000168,80.2472381592,76538,76548,10
12.9658002853,80.2475280762,76548,76558,10
12.9665403366,80.2478179932,76558,76578,20
12.9665403366,80.2478179932,76578,76588,10
12.9667596817,80.2479629517,76588,76598,10
12.9671297073,80.2481536865,76598,76608,10
12.9678897858,80.2484817505,76608,76618,10
12.968870163,80.2488632202,76618,76629,11
12.9701004028,80.2493515015,76629,76639,10
12.971329689,80.24974823,76639,76649,10
12.9726104736,80.2500915527,76649,76659,10
12.9738502502,80.2504196167,76659,76669,10
12.9750795364,80.2507705688,76669,76679,10
12.9763803482,80.2511367798,76679,76689,10
12.9775400162,80.2516174316,76689,76699,10
12.9783401489,80.2522735596,76699,76709,10
12.9785604477,80.2523880005,76709,76719,10
12.978679657,80.2524490356,76719,76730,11
12.9792699814,80.2525787354,76730,76740,10
12.9796495438,80.2525863647,76740,76790,50
12.9796495438,80.2525863647,76790,76800,10
12.9799203873,80.2526016235,76800,76810,10
12.9805002213,80.2526168823,76810,76820,10
12.9812602997,80.2526168823,76820,76831,11
12.982339859,80.2526016235,76831,76841,10
12.9835195541,80.2524795532,76841,76851,10
12.9847297668,80.2521591187,76851,76861,10
12.9855298996,80.2519302368,76861,76871,10
12.9856004715,80.2519073486,76871,76881,10
12.9857902527,80.2518768311,76881,76891,10
12.986120224,80.2517700195,76891,76901,10
12.9865999222,80.2516326904,76901,76911,10
12.9872503281,80.2514190674,76911,77032,121
12.9872503281,80.2514190674,77032,77043,11
12.9873304367,80.251411438,77043,77053,10
12.987660408,80.251373291,77053,77063,10
12.9879102707,80.251701355,77063,77073,10
12.9879903793,80.2523574829,77073,77083,10
12.9878997803,80.2532272339,77083,77093,10
12.987830162,80.2541885376,77093,77103,10
12.9877595901,80.2551803589,77103,77113,10
12.9877300262,80.2556533813,77113,77123,10
12.987739563,80.2557678223,77123,77133,10
12.9881401062,80.255859375,77133,77144,11
12.9886302948,80.255897522,77144,77154,10
12.9886398315,80.255897522,77154,77164,10
12.9887399673,80.2559127808,77164,77174,10
12.9891796112,80.2559509277,77174,77184,10
12.9898796082,80.2559661865,77184,77194,10
12.9906301498,80.2559585571,77194,77204,10
12.990940094,80.2559967041,77204,77214,10
12.9916000366,80.2560119629,77214,77224,10
12.9925003052,80.2560272217,77224,77234,10
12.9934902191,80.2559814453,77234,77245,11
12.9944095612,80.2559127808,77245,77255,10
12.9952402115,80.2558364868,77255,77265,10
12.9958600998,80.2558288574,77265,77275,10
12.9964504242,80.2558288574,77275,77285,10
12.9969396591,80.255821228,77285,77295,10
12.9973297119,80.2558288574,77295,77305,10
12.9975595474,80.2558517456,77305,77315,10
12.9978399277,80.255897522,77315,77325,10
12.9982204437,80.2559204102,77325,77335,10
12.9989099503,80.2560195923,77335,77356,21
12.9989099503,80.2560195923,77356,77366,10
12.9992198944,80.256111145,77366,77376,10
12.9996004105,80.256187439,77376,77386,10
13.0000400543,80.2562789917,77386,77396,10
13.0007095337,80.2563934326,77396,77406,10
13.0012903214,80.2564926147,77406,77416,10
13.0017404556,80.2565765381,77416,77426,10
13.0022296906,80.256652832,77426,77436,10
13.0026397705,80.2567367554,77436,77446,10
13.0031204224,80.2568283081,77446,77457,11
13.0037698746,80.256942749,77457,77467,10
13.0044403076,80.2570571899,77467,77477,10
13.0051803589,80.2572021484,77477,77487,10
13.0064401627,80.2574081421,77487,77558,71
13.0064401627,80.2574081421,77558,77568,10
13.006649971,80.257522583,77568,77578,10
13.0069704056,80.2581100464,77578,77588,10
13.0076303482,80.258682251,77588,77598,10
13.0084600449,80.2589797974,77598,77608,10
13.0085201263,80.2590026855,77608,77618,10
13.0087499619,80.2590789795,77618,77628,10
13.0093002319,80.2590789795,77628,77638,10
13.0101299286,80.2591018677,77638,77648,10
13.0111904144,80.2590789795,77648,77659,11
13.0124702454,80.2590866089,77659,77669,10
13.0137195587,80.2591400146,77669,77679,10
13.0149898529,80.2591934204,77679,77689,10
13.0164299011,80.2597122192,77689,77709,20
13.0164299011,80.2597122192,77709,77719,10
13.0165596008,80.2598419189,77719,77729,10
13.0170402527,80.2601928711,77729,77739,10
13.0177297592,80.2606582642,77739,77749,10
13.0185604095,80.2612075806,77749,77760,11
13.0192604065,80.2618179321,77760,77770,10
13.0198602676,80.2624206543,77770,77780,10
13.0202903748,80.2629928589,77780,77790,10
13.0197496414,80.2629776001,77790,77800,10
13.0190896988,80.2629470825,77800,77810,10
13.0190000534,80.2634124756,77810,77820,10
13.0190896988,80.264213562,77820,77830,10
13.0188703537,80.2651062012,77830,77840,10
13.0187501907,80.2655410767,77840,77850,10
13.0186395645,80.2661895752,77850,77861,11
13.0187797546,80.2671127319,77861,77871,10
13.019370079,80.2679901123,77871,77881,10
13.0201101303,80.2688980103,77881,77891,10
13.0207395554,80.2696762085,77891,77901,10
13.0213098526,80.2703399658,77901,77911,10
13.0214195251,80.2704696655,77911,77921,10
13.0215702057,80.2706604004,77921,77931,10
13.0219297409,80.2711486816,77931,77941,10
13.0224399567,80.271812439,77941,77951,10
13.0230302811,80.2726135254,77951,77961,10
13.0235099792,80.2732315063,77961,77972,11
13.0235996246,80.2733535767,77972,77982,10
13.0238304138,80.2736587524,77982,77992,10
13.0240898132,80.274017334,77992,78002,10
13.0243196487,80.2743377686,78002,78012,10
13.0245103836,80.2745666504,78012,78022,10
13.0249004364,80.274772644,78022,78032,10
13.0253095627,80.274887085,78032,78042,10
13.0253400803,80.2749099731,78042,78052,10
13.02546978,80.2749862671,78052,78062,10
13.0258703232,80.275177002,78062,78073,11
13.0263795853,80.2754211426,78073,78083,10
13.0270004272,80.2757110596,78083,78093,10
13.0277500153,80.2760162354,78093,78103,10
13.0284500122,80.2762985229,78103,78113,10
13.029009819,80.276512146,78113,78123,10
13.0293502808,80.2765884399,78123,78133,10
13.0296201706,80.2766723633,78133,78143,10
13.0300798416,80.2768325806,78143,78153,10
13.0306501389,80.2771072388,78153,78163,10
13.0312099457,80.2774581909,78163,78174,11
13.0319700241,80.277557373,78174,78184,10
13.0327396393,80.2774734497,78184,78214,30
13.0327396393,80.2774734497,78214,78224,10
13.0330696106,80.2774505615,78224,78234,10
13.0335302353,80.2773513794,78234,78244,10
13.0340900421,80.2774581909,78244,78254,10
13.0347900391,80.2776107788,78254,78264,10
13.0352697372,80.2776794434,78264,78275,11
13.0357103348,80.2777786255,78275,78285,10
13.0363903046,80.277923584,78285,78295,10
13.037150383,80.2782287598,78295,78305,10
13.0373601913,80.2782897949,78305,78315,10
13.0378198624,80.2784118652,78315,78325,10
13.0388803482,80.2786865234,78325,78345,20
13.0388803482,80.2786865234,78345,78355,10
13.0391597748,80.2788085938,78355,78365,10
13.0396404266,80.2789611816,78365,78376,11
13.0404996872,80.2791900635,78376,78386,10
13.0415401459,80.2793807983,78386,78396,10
13.0427103043,80.2795333862,78396,78406,10
13.0437803268,80.2797775269,78406,78416,10
13.0448799133,80.2799911499,78416,78426,10
13.0456695557,80.2800827026,78426,78436,10
13.0457801819,80.280090332,78436,78446,10
13.0462198257,80.280166626,78446,78456,10
13.0469903946,80.2802810669,78456,78466,10
13.0479803085,80.280418396,78466,78477,11
13.0491504669,80.2805786133,78477,78486,9
13.0497903824,80.280670166,78486,78497,11
13.0501403809,80.2807235718,78497,78507,10
13.0506401062,80.2808227539,78507,78517,10
13.0512695313,80.2809066772,78517,78527,10
13.0520896912,80.2810287476,78527,78537,10
13.0531396866,80.2811889648,78537,78547,10
13.0543203354,80.2813873291,78547,78557,10
13.055439949,80.2816009521,78557,78567,10
13.0558700562,80.2817077637,78567,78577,10
13.0562400818,80.2817687988,78577,78588,11
13.0564203262,80.2818069458,78588,78598,10
13.0565099716,80.2818222046,78598,78608,10
13.0569200516,80.2818984985,78608,78618,10
13.0576295853,80.2820587158,78618,78628,10
13.0585403442,80.2822494507,78628,78638,10
13.0596199036,80.2824707031,78638,78648,10
13.0604896545,80.2826385498,78648,78658,10
13.0614500046,80.2828369141,78658,78668,10
13.0624799728,80.2830581665,78668,78678,10
13.0631504059,80.2832107544,78678,78689,11
13.0632696152,80.283241272,78689,78699,10
13.0638999939,80.2833633423,78699,78719,20
13.0638999939,80.2833633423,78719,78729,10
13.0641803741,80.2834396362,78729,78739,10
13.0647802353,80.2835922241,78739,78749,10
13.0657100677,80.2838134766,78749,78759,10
13.0668802261,80.2840881348,78759,78769,10
13.0681200027,80.2843093872,78769,78779,10
13.0693502426,80.2845916748,78779,78790,11
13.0707597733,80.2849578857,78790,78800,10
13.0720996857,80.2852783203,78800,78810,10
13.0733804703,80.2853622437,78810,78820,10
13.0741596222,80.2859115601,78820,78830,10
13.0750703812,80.2865524292,78830,78840,10
13.0760097504,80.2870407104,78840,78850,10
13.0771598816,80.2873382568,78850,78860,10
13.078379631,80.287651062,78860,78870,10
13.0794200897,80.2880477905,78870,78880,10
13.0802898407,80.2882232666,78880,78891,11
13.0810403824,80.2884063721,78891,78901,10
13.0817804337,80.2886810303,78901,78911,10
13.0821399689,80.288772583,78911,78921,10
13.08273983,80.2890701294,78921,78931,10
13.0835895538,80.2892074585,78931,78941,10
13.0845603943,80.2891693115,78941,78951,10
13.0857601166,80.2892837524,78951,78961,10
13.0869197845,80.2895889282,78961,78971,10
13.0878000259,80.2899169922,78971,78981,10
13.0887498856,80.2901611328,78981,79032,51
13.0887498856,80.2901611328,79032,79042,10
13.0888395309,80.2903137207,79042,79052,10
13.0886001587,80.2904281616,79052,79062,10
13.088139534,80.2901763916,79062,79072,10
13.0876398087,80.2899627686,79072,79082,10
13.087100029,80.2897872925,79082,79092,10
13.0865001678,80.2896194458,79092,79103,11
13.0857601166,80.2894210815,79103,79113,10
13.0853395462,80.2887496948,79113,79123,10
13.0851202011,80.2877426147,79123,79133,10
13.0851898193,80.2865829468,79133,79143,10
13.0852804184,80.2855224609,79143,79153,10
13.0853300095,80.2845993042,79153,79163,10
13.0852499008,80.2842712402,79163,79173,10
13.0852804184,80.2841033936,79173,79183,10
13.0854196548,80.2837905884,79183,79193,10
13.0855503082,80.2835388184,79193,79204,11
13.0859003067,80.2835388184,79204,79214,10
13.0862398148,80.2835693359,79214,79223,9
13.0865402222,80.283821106,79223,79234,11
13.0870599747,80.2839431763,79234,79244,10
13.0876398087,80.2839508057,79244,79264,20
13.0876398087,80.2839508057,79264,79274,10
13.0877799988,80.2839431763,79274,79284,10
13.0880203247,80.2839431763,79284,79294,10
13.0881204605,80.2837371826,79294,79305,11
13.0882101059,80.2835617065,79305,79315,10
13.0883102417,80.2833862305,79315,79325,10
13.0883197784,80.2829589844,79325,79335,10
13.0882902145,80.2824783325,79335,79345,10
13.0882196426,80.2819900513,79345,79355,10
13.0880203247,80.2815628052,79355,79365,10
13.0875701904,80.2813873291,79365,79375,10
13.0871696472,80.2812805176,79375,79385,10
13.0867004395,80.2811508179,79385,79395,10
13.0864095688,80.2810897827,79395,79406,11
13.0860004425,80.2809524536,79406,79416,10
13.0856895447,80.2805709839,79416,79426,10
13.0855503082,80.2799377441,79426,79436,10
13.0851602554,80.2794418335,79436,79446,10
13.0847101212,80.279296875,79446,79456,10
13.0841999054,80.2792282104,79456,79466,10
13.0836801529,80.2791366577,79466,79476,10
13.0832004547,80.2789535522,79476,79486,10
13.0828695297,80.2788162231,79486,79496,10
13.0826196671,80.2787399292,79496,79506,10
13.0823297501,80.2786178589,79506,79517,11
13.0820703506,80.2784729004,79517,79527,10
13.0819702148,80.2781829834,79527,79537,10
13.0819396973,80.2777481079,79537,79547,10
13.081870079,80.2772293091,79547,79557,10
13.0818099976,80.2766571045,79557,79567,10
13.0816698074,80.2760162354,79567,79577,10
13.081609726,80.2756576538,79577,79587,10
13.0815200806,80.2753601074,79587,79607,20
13.0815200806,80.2753601074,79607,79618,11
13.0813703537,80.2751998901,79618,79628,10
13.0809803009,80.2752532959,79628,79638,10
13.0804195404,80.2753219604,79638,79648,10
13.0797595978,80.275390625,79648,79658,10
13.079079628,80.2752685547,79658,79668,10
13.0783700943,80.2754364014,79668,79678,10
13.0780496597,80.2761917114,79678,79688,10
13.0773096085,80.2762985229,79688,79698,10
13.0766096115,80.2763519287,79698,79708,10
13.0761203766,80.2763824463,79708,79719,11
13.075969696,80.2763595581,79719,79729,10
13.0758895874,80.2761611938,79729,79739,10
13.0759096146,80.2758789063,79739,79749,10
13.0760297775,80.2754211426,79749,79759,10
13.0758600235,80.2751693726,79759,79809,50
13.0758600235,80.2751693726,79809,79820,11
