12.9866399765,80.2594223022,16,1635,1619
12.9866399765,80.2595825195,1635,3123,1488
12.9866399765,80.2595825195,3123,3133,10
12.986749649,80.259552002,3133,6382,3249
12.9865703583,80.2594985962,6382,7718,1336
12.9866600037,80.2595596313,7718,8224,506
12.9866600037,80.2595596313,8224,8234,10
12.9865598679,80.2594299316,8234,8416,182
12.986700058,80.2595977783,8416,9054,638
12.9865503311,80.2595291138,9054,10947,1893
12.9867601395,80.2596282959,10947,11200,253
12.9866695404,80.2594680786,11200,11594,394
12.9867401123,80.2596282959,11594,14023,2429
12.986700058,80.2595214844,14023,15157,1134
12.9867401123,80.2595825195,15157,16920,1763
12.9866199493,80.2594985962,16920,20614,3694
12.9867801666,80.2594604492,20614,21242,628
12.9866304398,80.2594833374,21242,21313,71
12.9868097305,80.2594680786,21313,22902,1589
12.9866104126,80.259437561,22902,24807,1905
12.9868602753,80.2595367432,24807,26244,1437
12.9868602753,80.2595367432,26244,26254,10
12.9867095947,80.2593917847,26254,26264,10
12.986749649,80.2591171265,26264,26274,10
12.9868402481,80.2590103149,26274,26284,10
12.9868803024,80.2587203979,26284,26294,10
12.9872102737,80.2586212158,26294,26487,193
12.9873800278,80.2585372925,26487,26760,273
12.9874401093,80.2585678101,26760,26790,30
12.9874401093,80.2585678101,26790,26800,10
12.9874601364,80.2585525513,26800,26810,10
12.9875202179,80.2582473755,26810,26820,10
12.9875297546,80.2576217651,26820,26831,11
12.9875802994,80.2566833496,26831,26841,10
12.9876298904,80.2558517456,26841,26851,10
12.9877595901,80.2551193237,26851,26861,10
12.9878396988,80.2542190552,26861,26871,10
12.9879102707,80.2533416748,26871,26881,10
12.9879903793,80.2523803711,26881,26891,10
12.9879302979,80.2518768311,26891,26901,10
12.9879302979,80.2518692017,26901,26912,11
12.9878797531,80.2515869141,26912,26922,10
12.9880199432,80.2512893677,26922,26932,10
12.9886903763,80.2511291504,26932,26942,10
12.9897499084,80.250869751,26942,26952,10
12.9910802841,80.250541687,26952,26962,10
12.9925203323,80.2501983643,26962,26972,10
12.9939098358,80.2498474121,26972,26982,10
12.9953899384,80.2494812012,26982,26993,11
12.9970598221,80.2490386963,26993,27003,10
12.9986000061,80.2486724854,27003,27013,10
13.0001401901,80.2482910156,27013,27023,10
13.0015897751,80.2479324341,27023,27033,10
13.0027198792,80.2476577759,27033,27043,10
13.0039796829,80.2474517822,27043,27053,10
13.0052604675,80.2472610474,27053,27063,10
13.0061597824,80.2470016479,27063,27073,10
13.0066299438,80.246383667,27073,27084,11
13.0067100525,80.2456130981,27084,27094,10
13.0066699982,80.2446365356,27094,27104,10
13.0066604614,80.2438964844,27104,27114,10
13.0066604614,80.243560791,27114,27124,10
13.0066404343,80.2429428101,27124,27134,10
13.0066099167,80.2420196533,27134,27144,10
13.0066604614,80.2410964966,27144,27154,10
13.0067596436,80.2401199341,27154,27165,11
13.0069999695,80.2388687134,27165,27175,10
13.0072202682,80.2378768921,27175,27185,10
13.0073699951,80.2372512817,27185,27195,10
13.0075397491,80.2365112305,27195,27205,10
13.0077199936,80.2354888916,27205,27215,10
13.0079402924,80.2343902588,27215,27225,10
13.0081501007,80.233291626,27225,27235,10
13.0083799362,80.2322235107,27235,27245,10
13.0085401535,80.2312698364,27245,27256,11
13.0087995529,80.2299575806,27256,27266,10
13.009059906,80.2287063599,27266,27276,10
13.0094499588,80.2276000977,27276,27286,10
13.0099000931,80.226600647,27286,27296,10
13.010310173,80.2257995605,27296,27306,10
13.0106897354,80.2249908447,27306,27316,10
13.0110301971,80.2241897583,27316,27326,10
13.0112400055,80.2235412598,27326,27337,11
13.0115404129,80.2228469849,27337,27347,10
13.0118703842,80.2220611572,27347,27357,10
13.0122804642,80.2215118408,27357,27367,10
13.0124797821,80.2217407227,27367,27377,10
13.0130996704,80.222442627,27377,27387,10
13.0136699677,80.2230606079,27387,27397,10
13.0141801834,80.2236785889,27397,27407,10
13.0146503448,80.2242126465,27407,27418,11
13.0152997971,80.2248764038,27418,27428,10
13.0159397125,80.2253189087,27428,27438,10
13.0167703629,80.2252426147,27438,27448,10
13.0177001953,80.2248687744,27448,27458,10
13.0187101364,80.2244567871,27458,27468,10
13.0197401047,80.2245483398,27468,27488,20
13.0197401047,80.2245483398,27488,27498,10
13.0199403763,80.2247009277,27498,27509,11
13.0204601288,80.2250976563,27509,27519,10
13.0211496353,80.2256164551,27519,27529,10
13.0219602585,80.2262496948,27529,27539,10
13.0227603912,80.2269287109,27539,27549,10
13.0235395432,80.2275924683,27549,27559,10
13.0241603851,80.2281494141,27559,27569,10
13.0244503021,80.2285232544,27569,27620,51
13.0244503021,80.2285232544,27620,27630,10
13.0242395401,80.2286071777,27630,27640,10
13.0240097046,80.2283172607,27640,27650,10
13.0237998962,80.2280273438,27650,27660,10
13.0236196518,80.2278518677,27660,27671,11
13.0234003067,80.2276611328,27671,27964,293
13.0234003067,80.2276611328,27964,27974,10
13.0233001709,80.2274169922,27974,27984,10
13.0230197906,80.2270965576,27984,27994,10
13.0227403641,80.2268295288,27994,28005,11
13.0224599838,80.2266082764,28005,28015,10
13.0220899582,80.2262802124,28015,28025,10
13.0217599869,80.2260818481,28025,28035,10
13.0214500427,80.2258377075,28035,28045,10
13.0211200714,80.2255935669,28045,28055,10
13.0207195282,80.2252731323,28055,28065,10
13.0203199387,80.2250213623,28065,28075,10
13.0199203491,80.2247924805,28075,28085,10
13.019900322,80.2247772217,28085,28096,11
13.0195503235,80.2245864868,28096,28106,10
13.0188398361,80.2245330811,28106,28116,10
13.0180597305,80.224822998,28116,28126,10
13.0171203613,80.225189209,28126,28136,10
13.0163202286,80.2255172729,28136,28146,10
13.0155200958,80.2257766724,28146,28156,10
13.0147695541,80.2260665894,28156,28166,10
13.0142602921,80.2262573242,28166,28177,11
13.0140399933,80.2263793945,28177,28187,10
13.0138998032,80.2264328003,28187,28197,10
13.013420105,80.2266082764,28197,28207,10
13.0127496719,80.2268600464,28207,28217,10
13.0119800568,80.227180481,28217,28227,10
13.011179924,80.2274932861,28227,28237,10
13.0104103088,80.2278289795,28237,28247,10
13.0098199844,80.2280807495,28247,28258,11
13.0093202591,80.2282791138,28258,28268,10
13.0090799332,80.228767395,28268,28278,10
13.008939743,80.2295684814,28278,28288,10
13.0087795258,80.2304534912,28288,28298,10
13.0086202621,80.2313308716,28298,28308,10
13.0084104538,80.2323074341,28308,28318,10
13.0082998276,80.2333679199,28318,28328,10
13.0082702637,80.2335510254,28328,28338,10
13.0082302094,80.2336196899,28338,28349,11
13.008099556,80.2340774536,28349,28359,10
13.0079402924,80.2348175049,28359,28369,10
13.0077600479,80.2357025146,28369,28379,10
13.0075597763,80.2366409302,28379,28389,10
13.0073699951,80.2377090454,28389,28399,10
13.0072202682,80.2387466431,28399,28409,10
13.0068998337,80.2400588989,28409,28430,21
13.0068998337,80.2400588989,28430,28440,10
13.0068397522,80.2404403687,28440,28450,10
13.0067396164,80.2413024902,28450,28460,10
13.0067501068,80.2423934937,28460,28470,10
13.0067501068,80.2434310913,28470,28480,10
13.0067501068,80.2442932129,28480,28490,10
13.0066995621,80.2447433472,28490,28531,41
13.0066995621,80.2447433472,28531,28541,10
13.0066404343,80.2450637817,28541,28551,10
13.0067195892,80.2455368042,28551,28561,10
13.0067396164,80.2461776733,28561,28571,10
13.006770134,80.246887207,28571,28581,10
13.0065097809,80.2473678589,28581,28591,10
13.0061702728,80.2473831177,28591,28602,11
13.0058803558,80.2473602295,28602,28612,10
13.005200386,80.2473602295,28612,28622,10
13.0043096542,80.2474365234,28622,28632,10
13.0033903122,80.2475891113,28632,28642,10
13.0028495789,80.2476806641,28642,28652,10
13.0026597977,80.2477111816,28652,28662,10
13.0024204254,80.2477798462,28662,28672,10
13.0019302368,80.2479019165,28672,28683,11
13.0010299683,80.2481307983,28683,28693,10
12.9999904633,80.2483901978,28693,28703,10
12.998840332,80.2486801147,28703,28713,10
12.9980697632,80.2488937378,28713,28723,10
12.998000145,80.2489013672,28723,28733,10
12.9975500107,80.2489929199,28733,28743,10
12.9967699051,80.2491836548,28743,28753,10
12.9958000183,80.2494277954,28753,28764,11
12.9945297241,80.2497787476,28764,28774,10
12.9932603836,80.2500762939,28774,28784,10
12.9919900894,80.2503814697,28784,28794,10
12.9910497665,80.2506484985,28794,28804,10
12.9909601212,80.2506713867,28804,28814,10
12.9906797409,80.2507324219,28814,28824,10
12.990070343,80.2509002686,28824,28834,10
12.9893398285,80.251083374,28834,28844,10
12.9885101318,80.2512817383,28844,28855,11
12.9876499176,80.2514572144,28855,28865,10
12.9870300293,80.2516479492,28865,28875,10
12.9867401123,80.251739502,28875,28885,10
12.9863195419,80.2518463135,28885,28895,10
12.985619545,80.2519989014,28895,28905,10
12.9846200943,80.2522583008,28905,28915,10
12.9834604263,80.2525634766,28915,28925,10
12.9822101593,80.2526931763,28925,28936,11
12.9809398651,80.2527313232,28936,28946,10
12.9802398682,80.2527770996,28946,28956,10
12.9799203873,80.2527770996,28956,28966,10
12.9794301987,80.2527084351,28966,28976,10
12.9787902832,80.2526321411,28976,28986,10
12.9787197113,80.2526016235,28986,28996,10
12.9785804749,80.2525405884,28996,29006,10
12.9781198502,80.2522201538,29006,29017,11
12.9773797989,80.2515792847,29017,29027,10
12.9763498306,80.2511520386,29027,29037,10
12.9751596451,80.2508087158,29037,29047,10
12.9739303589,80.2504730225,29047,29057,10
12.9726896286,80.2501296997,29057,29067,10
12.9714803696,80.2498168945,29067,29077,10
12.9702796936,80.2494430542,29077,29087,10
12.9691200256,80.2489929199,29087,29097,10
12.9680299759,80.2485580444,29097,29108,11
12.9670200348,80.2481384277,29108,29118,10
12.9660997391,80.2477111816,29118,29128,10
12.9652204514,80.2473983765,29128,29138,10
12.965180397,80.2473831177,29138,29148,10
12.9650402069,80.2473373413,29148,29158,10
12.9645395279,80.2471389771,29158,29168,10
12.963809967,80.2468566895,29168,29189,21
12.963809967,80.2468566895,29189,29199,10
12.9636297226,80.2467803955,29199,29209,10
12.9631204605,80.2464904785,29209,29219,10
12.9623003006,80.2460708618,29219,29229,10
12.9613103867,80.2455978394,29229,29239,10
12.9602499008,80.2451400757,29239,29249,10
12.9595403671,80.2448577881,29249,29259,10
12.9594802856,80.2448272705,29259,29269,10
12.9593601227,80.2447280884,29269,29280,11
12.9588403702,80.2444915771,29280,29290,10
12.95814991,80.2441864014,29290,29300,10
12.9577102661,80.2440185547,29300,29310,10
12.957110405,80.243812561,29310,29320,10
12.9566497803,80.2436294556,29320,29350,30
12.9566497803,80.2436294556,29350,29361,11
12.9562797546,80.2434921265,29361,29371,10
12.9556398392,80.2432022095,29371,29381,10
12.9547996521,80.2428665161,29381,29391,10
12.9539699554,80.2425308228,29391,29401,10
12.9531402588,80.2421798706,29401,29411,10
12.9522800446,80.2418518066,29411,29421,10
12.9518098831,80.2416915894,29421,29431,10
12.9516897202,80.2416687012,29431,29442,11
12.9516601563,80.2416610718,29442,29452,10
12.9513597488,80.2415313721,29452,29462,10
12.9507598877,80.241317749,29462,29472,10
12.9501495361,80.2411270142,29472,29482,10
12.9498596191,80.2410583496,29482,29492,10
12.949640274,80.2410125732,29492,29502,10
12.9491796494,80.2408599854,29502,29543,41
12.9491796494,80.2408599854,29543,29553,10
12.9490499496,80.2408218384,29553,29563,10
12.94851017,80.2405776978,29563,29573,10
12.9471797943,80.2400436401,29573,29593,20
12.9471797943,80.2400436401,29593,29603,10
12.947019577,80.2399597168,29603,29614,11
12.9464101791,80.239692688,29614,29624,10
12.9456300735,80.2393264771,29624,29634,10
12.944899559,80.2387466431,29634,29644,10
12.9441699982,80.237953186,29644,29654,10
12.9433603287,80.2370910645,29654,29664,10
12.9423999786,80.2365036011,29664,29674,10
12.9419403076,80.2363815308,29674,29705,31
12.9419403076,80.2363815308,29705,29715,10
12.9416799545,80.2363128662,29715,29725,10
12.9413995743,80.2362365723,29725,29735,10
12.9412002563,80.2361831665,29735,29745,10
12.9409999847,80.2361373901,29745,29755,10
12.940779686,80.2360916138,29755,29775,20
12.940779686,80.2360916138,29775,29786,11
12.9404497147,80.2360229492,29786,29796,10
12.940199852,80.2359390259,29796,29806,10
12.9399595261,80.2358703613,29806,29816,10
12.9398698807,80.2358322144,29816,29826,10
12.9398097992,80.2358093262,29826,29836,10
12.9395904541,80.2357177734,29836,29948,112
12.9395904541,80.2357177734,29948,29958,10
12.9391298294,80.235458374,29958,30049,91
12.9389095306,80.2352981567,30049,30089,40
12.9389095306,80.2352981567,30089,30099,10
12.9384098053,80.2350921631,30099,30130,31
12.9382400513,80.2350082397,30130,30190,60
12.9382400513,80.2350082397,30190,30200,10
12.9378099442,80.2347488403,30200,30261,61
12.9378099442,80.2347488403,30261,30271,10
12.9375801086,80.2346801758,30271,30281,10
12.9374103546,80.2345962524,30281,30342,61
12.9374103546,80.2345962524,30342,30352,10
12.9372301102,80.2345199585,30352,30362,10
12.9371404648,80.2344512939,30362,30373,11
12.9368400574,80.2343215942,30373,30474,101
12.9368400574,80.2343215942,30474,30484,10
12.9366903305,80.2342834473,30484,30494,10
12.936340332,80.2341537476,30494,30534,40
12.936340332,80.2341537476,30534,30545,11
12.9360704422,80.2339096069,30545,30666,121
12.9357204437,80.2337875366,30666,30707,41
12.9357204437,80.2337875366,30707,30717,10
12.9355201721,80.2336883545,30717,30727,10
12.9353399277,80.2336196899,30727,30737,10
12.9351196289,80.2335281372,30737,30798,61
12.9348201752,80.2333984375,30798,30838,40
12.9347696304,80.2333679199,30838,30858,20
12.9347696304,80.2333679199,30858,30868,10
12.9345598221,80.2332763672,30868,30879,11
12.9344501495,80.2332229614,30879,30889,10
12.9342498779,80.2331314087,30889,30899,10
12.9340200424,80.2330093384,30899,30939,40
12.9340200424,80.2330093384,30939,30949,10
12.9336900711,80.2328567505,30949,30959,10
12.9336795807,80.2328491211,30959,30970,11
12.933549881,80.2328109741,30970,30980,10
12.9334201813,80.2327804565,30980,30990,10
12.9333896637,80.2327728271,30990,31000,10
12.9331998825,80.2326812744,31000,31010,10
12.9330101013,80.2325897217,31010,31020,10
12.9330101013,80.2325820923,31020,31030,10
12.932800293,80.2324905396,31030,31040,10
12.9327802658,80.2324829102,31040,31051,11
12.9326601028,80.2323989868,31051,31061,10
12.9324598312,80.2323226929,31061,31071,10
12.9321203232,80.232208252,31071,31081,10
12.9315595627,80.2320404053,31081,31091,10
12.9307203293,80.2317581177,31091,31101,10
12.9297199249,80.2314987183,31101,31111,10
12.9291801453,80.2314376831,31111,31121,10
12.9290399551,80.2313995361,31121,31132,11
12.928440094,80.2312927246,31132,31142,10
12.9275197983,80.2311630249,31142,31152,10
12.9260501862,80.231010437,31152,31172,20
12.9260501862,80.231010437,31172,31182,10
12.9259500504,80.2310028076,31182,31192,10
12.9254703522,80.2309494019,31192,31202,10
12.9246301651,80.2308425903,31202,31212,10
12.9235496521,80.2306976318,31212,31223,11
12.92208004,80.2304382324,31223,31233,10
12.9204902649,80.2302322388,31233,31243,10
12.9189596176,80.2300186157,31243,31253,10
12.9175100327,80.229850769,31253,31263,10
12.9160203934,80.229637146,31263,31273,10
12.9147396088,80.2294616699,31273,31283,10
12.9141902924,80.2294006348,31283,31293,10
12.9139795303,80.2293701172,31293,31304,11
12.9132003784,80.2292785645,31304,31334,30
12.9132003784,80.2292785645,31334,31344,10
12.9130001068,80.2292175293,31344,31354,10
12.9124002457,80.2291412354,31354,31364,10
12.9115200043,80.2290115356,31364,31374,10
12.9104499817,80.2288665771,31374,31384,10
12.9092903137,80.2286834717,31384,31395,11
12.9081697464,80.2285003662,31395,31405,10
12.9071302414,80.2283935547,31405,31506,101
12.9071302414,80.2283935547,31506,31516,10
12.9071102142,80.2283706665,31516,31526,10
12.9067897797,80.2283096313,31526,31536,10
12.9062004089,80.2282409668,31536,31546,10
12.9056501389,80.2282028198,31546,31557,11
12.904999733,80.2281570435,31557,31567,10
12.9042701721,80.2281265259,31567,31577,10
12.9037399292,80.2281036377,31577,31587,10
12.9028596878,80.2280807495,31587,31597,10
12.9018096924,80.2280197144,31597,31627,30
12.9018096924,80.2280197144,31627,31637,10
12.901599884,80.2280197144,31637,31648,11
12.9010400772,80.2279815674,31648,31658,10
12.9005403519,80.2279663086,31658,31668,10
12.9002399445,80.2279510498,31668,31678,10
12.9000902176,80.2279510498,31678,31688,10
12.8995599747,80.2279129028,31688,31698,10
12.8986597061,80.227897644,31698,31729,31
12.8986597061,80.227897644,31729,31739,10
12.8985795975,80.2278671265,31739,31749,10
12.898229599,80.2278137207,31749,31759,10
12.8975496292,80.2277679443,31759,31769,10
12.8966598511,80.227722168,31769,31779,10
12.8955898285,80.2276763916,31779,31789,10
12.8944101334,80.2276229858,31789,31799,10
12.8933601379,80.2274932861,31799,31809,10
12.8926200867,80.2273864746,31809,31820,11
12.8919897079,80.2273483276,31820,31830,10
12.8912296295,80.2273406982,31830,31840,10
12.8902397156,80.2273406982,31840,31850,10
12.8894996643,80.2273406982,31850,31860,10
12.8890800476,80.2273712158,31860,31870,10
12.8885202408,80.2273483276,31870,31880,10
12.8877096176,80.2272720337,31880,31890,10
12.8867101669,80.2271194458,31890,31901,11
12.8857002258,80.2268981934,31901,31911,10
12.8851804733,80.2267684937,31911,31931,20
12.8851804733,80.2267684937,31931,31941,10
12.8849601746,80.2266998291,31941,31951,10
12.8844404221,80.2266693115,31951,31961,10
12.8836202621,80.2266769409,31961,31971,10
12.8825597763,80.2266998291,31971,31981,10
12.8813199997,80.2267227173,31981,31992,11
12.8799695969,80.2267303467,31992,32002,10
12.878780365,80.2267684937,32002,32012,10
12.8778495789,80.2268600464,32012,32022,10
12.877530098,80.2269134521,32022,32032,10
12.8773097992,80.2269210815,32032,32042,10
12.8770799637,80.2269515991,32042,32052,10
12.8768196106,80.2269821167,32052,32073,21
12.8768196106,80.2269821167,32073,32083,10
12.8766298294,80.2269821167,32083,32093,10
12.8760995865,80.2269821167,32093,32103,10
12.8753004074,80.2269210815,32103,32113,10
12.8742799759,80.2267913818,32113,32123,10
12.8731002808,80.2266998291,32123,32133,10
12.8723201752,80.2267074585,32133,32143,10
12.872300148,80.2267074585,32143,32154,11
12.871919632,80.2266693115,32154,32164,10
12.8711996078,80.2266311646,32164,32174,10
12.8702001572,80.2265625,32174,32184,10
12.8690004349,80.2264175415,32184,32194,10
12.8676395416,80.2264099121,32194,32204,10
12.8664102554,80.2265319824,32204,32214,10
12.8651800156,80.2265701294,32214,32224,10
12.8637695313,80.2265319824,32224,32234,10
12.8623695374,80.2265625,32234,32245,11
12.861120224,80.2266082764,32245,32255,10
12.8603096008,80.2265625,32255,32265,10
12.860250473,80.2265396118,32265,32275,10
12.8598899841,80.2264633179,32275,32285,10
12.8591899872,80.226348877,32285,32295,10
12.8584003448,80.2262496948,32295,32305,10
12.8573999405,80.226272583,32305,32315,10
12.8562002182,80.2263793945,32315,32326,11
12.85476017,80.2265396118,32326,32336,10
12.8534698486,80.2266464233,32336,32346,10
12.8521499634,80.2266616821,32346,32356,10
12.8507404327,80.2266082764,32356,32366,10
12.8495597839,80.2266235352,32366,32386,20
12.8495597839,80.2266235352,32386,32396,10
12.8491601944,80.226600647,32396,32407,11
12.8483104706,80.2265777588,32407,32417,10
12.8472995758,80.226600647,32417,32427,10
12.846830368,80.226600647,32427,32437,10
12.846619606,80.2265930176,32437,32447,10
12.8464603424,80.2265625,32447,32457,10
12.846039772,80.2265777588,32457,32467,10
12.8453598022,80.2265777588,32467,32477,10
12.8446903229,80.2266387939,32477,32498,21
12.8446903229,80.2266387939,32498,32508,10
12.8444404602,80.226600647,32508,32518,10
12.8437795639,80.2266616821,32518,32528,10
12.8428401947,80.226852417,32528,32538,10
12.8416700363,80.2271194458,32538,32548,10
12.8404197693,80.2274627686,32548,32599,51
12.8404197693,80.2274627686,32599,32609,10
12.8401203156,80.2275619507,32609,32670,61
12.8401203156,80.2275619507,32670,32680,10
12.8397397995,80.2276611328,32680,32690,10
12.8396196365,80.227722168,32690,32700,10
12.8391504288,80.2278366089,32700,32710,10
12.8383197784,80.2280502319,32710,32720,10
12.8374700546,80.2282180786,32720,32730,10
12.8358898163,80.2284622192,32730,32740,10
12.8345098495,80.2286605835,32740,32751,11
12.8324604034,80.2291030884,32751,32832,81
12.8324604034,80.2291030884,32832,32842,10
12.8323602676,80.2290802002,32842,32852,10
12.8318996429,80.2291793823,32852,32862,10
12.8311100006,80.2294006348,32862,32872,10
12.8300895691,80.2297592163,32872,32882,10
12.8289403915,80.2302474976,32882,32892,10
12.8277301788,80.2309036255,32892,32902,10
12.8259000778,80.2313919067,32902,32923,21
12.8259000778,80.2313919067,32923,32933,10
12.825510025,80.2313919067,32933,32943,10
12.8247203827,80.2313537598,32943,32953,10
12.8237104416,80.231086731,32953,32963,10
12.8224496841,80.2306976318,32963,32973,10
12.8210802078,80.2304382324,32973,32983,10
12.8197898865,80.2304611206,32983,32993,10
12.8189001083,80.23046875,32993,33004,11
12.8188199997,80.2304229736,33004,33014,10
12.8183803558,80.23021698,33014,33024,10
12.8175497055,80.2298431396,33024,33034,10
12.8163900375,80.2294616699,33034,33044,10
12.8149299622,80.2292404175,33044,33054,10
12.8134202957,80.2288970947,33054,33064,10
12.8118801117,80.2283630371,33064,33074,10
12.8104000092,80.2277984619,33074,33084,10
12.8092002869,80.2272262573,33084,33095,11
12.8081903458,80.2264480591,33095,33105,10
12.807220459,80.2256011963,33105,33115,10
12.8064002991,80.2248535156,33115,33125,10
12.8055896759,80.2241668701,33125,33135,10
12.8048601151,80.2239532471,33135,33145,10
12.8047704697,80.2239379883,33145,33155,10
12.804400444,80.2238922119,33155,33165,10
12.8036603928,80.2238235474,33165,33176,11
12.8026599884,80.2237167358,33176,33186,10
12.8015403748,80.2235794067,33186,33196,10
12.8008298874,80.2235412598,33196,33206,10
12.8008298874,80.2235336304,33206,33216,10
12.8007602692,80.2235031128,33216,33226,10
12.8002996445,80.2234802246,33226,33236,10
12.7994604111,80.2234191895,33236,33246,10
12.7982997894,80.2232818604,33246,33256,10
12.7969999313,80.2230987549,33256,33267,11
12.7959003448,80.2229232788,33267,33277,10
12.795800209,80.22290802,33277,33287,10
12.7957496643,80.2228927612,33287,33297,10
12.7952404022,80.2227630615,33297,33307,10
12.7943496704,80.222618103,33307,33317,10
12.7931499481,80.222442627,33317,33327,10
12.7917804718,80.2221679688,33327,33337,10
12.7903604507,80.2218170166,33337,33348,11
12.789440155,80.221572876,33348,33358,10
12.7889204025,80.2213668823,33358,33368,10
12.7882099152,80.2210998535,33368,33378,10
12.7875204086,80.2208328247,33378,33388,10
12.7869701385,80.2206192017,33388,33398,10
12.7866096497,80.220451355,33398,33418,20
12.7866096497,80.220451355,33418,33429,11
12.7862796783,80.2203063965,33429,33439,10
12.7861499786,80.2205963135,33439,33449,10
12.786190033,80.2209777832,33449,33459,10
12.7862100601,80.2215499878,33459,33469,10
12.7862997055,80.222038269,33469,34795,1326
12.7862997055,80.222038269,34795,34805,10
12.7863197327,80.2217102051,34805,34815,10
12.7862796783,80.2212600708,34815,34825,10
12.7862701416,80.2208328247,34825,34835,10
12.7862596512,80.2203979492,34835,34845,10
12.7865495682,80.2204284668,34845,34866,21
12.7865495682,80.2204284668,34866,34876,10
12.7867002487,80.2205276489,34876,34886,10
12.7870903015,80.2206802368,34886,34896,10
12.7877101898,80.2209091187,34896,34906,10
12.7883300781,80.2211608887,34906,34916,10
12.789059639,80.2214431763,34916,34926,10
12.7897195816,80.2216873169,34926,34936,10
12.7903699875,80.221862793,34936,34947,11
12.7912597656,80.2220687866,34947,34957,10
12.7922401428,80.2222671509,34957,35098,141
12.7922401428,80.2222671509,35098,35108,10
12.7922697067,80.2222824097,35108,35119,11
12.7927398682,80.2223892212,35119,35129,10
12.7935199738,80.2225189209,35129,35139,10
12.7945404053,80.2226867676,35139,35149,10
12.7955904007,80.222869873,35149,35159,10
12.7961702347,80.2229385376,35159,35169,10
12.7963895798,80.2229690552,35169,35179,10
12.796500206,80.2229995728,35179,35189,10
12.7969799042,80.2230987549,35189,35200,11
12.7978200912,80.2232666016,35200,35210,10
12.7987499237,80.2233810425,35210,35220,10
12.7999000549,80.2234802246,35220,35230,10
12.8010101318,80.2235565186,35230,35240,10
12.8014698029,80.2236099243,35240,35250,10
12.8015098572,80.2236328125,35250,35260,10
12.8015804291,80.2236404419,35260,35270,10
12.8016500473,80.2236404419,35270,35280,10
12.8021802902,80.2236862183,35280,35291,11
12.8031597137,80.2238388062,35291,35301,10
12.8042898178,80.2239379883,35301,35311,10
12.8050804138,80.2240219116,35311,35321,10
12.8052196503,80.2240600586,35321,35331,10
12.8054800034,80.2241516113,35331,35341,10
12.8055696487,80.2241973877,35341,35351,10
12.8059997559,80.2245025635,35351,35361,10
12.8066501617,80.2250900269,35361,35372,11
12.8076095581,80.2259216309,35372,35382,10
12.8086795807,80.2268066406,35382,35392,10
12.8099002838,80.2276000977,35392,35402,10
12.8110799789,80.2281036377,35402,35412,10
12.8124198914,80.2285766602,35412,35422,10
12.8139400482,80.2290802002,35422,35432,10
12.8155498505,80.2293624878,35432,35442,10
12.8171701431,80.2296676636,35442,35452,10
12.8185501099,80.2302932739,35452,35463,11
12.8196496964,80.23046875,35463,35473,10
12.8197803497,80.2304611206,35473,35483,10
12.8199996948,80.2304534912,35483,35493,10
12.8206701279,80.2304382324,35493,35503,10
12.8216104507,80.2304916382,35503,35513,10
12.8227500916,80.2307815552,35513,35523,10
12.8239898682,80.2311401367,35523,35533,10
12.8253602982,80.2313766479,35533,35544,11
12.8261203766,80.2313308716,35544,35554,10
12.8261804581,80.2313232422,35554,35564,10
12.8266296387,80.2312774658,35564,35574,10
12.8274097443,80.2310714722,35574,35584,10
12.8283700943,80.2305374146,35584,35594,10
12.8295402527,80.2299804688,35594,35604,10
12.8310804367,80.229347229,35604,35645,41
12.8310804367,80.229347229,35645,35655,10
12.8313102722,80.2292785645,35655,35665,10
12.8315896988,80.2292098999,35665,35675,10
12.8321199417,80.2290878296,35675,35685,10
12.8329801559,80.2289199829,35685,35695,10
12.8340902328,80.2287216187,35695,35705,10
12.8353300095,80.2285308838,35705,35716,11
12.8368196487,80.228302002,35716,35726,10
12.8381996155,80.2280502319,35726,35736,10
12.8390398026,80.2277908325,35736,35746,10
12.8394804001,80.2276000977,35746,35766,20
12.8394804001,80.2276000977,35766,35776,10
12.8396501541,80.2275619507,35776,35786,10
12.8401203156,80.2275085449,35786,35796,10
12.8409099579,80.2273025513,35796,35807,11
12.8420295715,80.2270126343,35807,35817,10
12.8432197571,80.2267684937,35817,35827,10
12.8444700241,80.226600647,35827,35837,10
12.845290184,80.2265396118,35837,35847,10
12.8453102112,80.2265396118,35847,35857,10
12.8457202911,80.2265472412,35857,35867,10
12.846449852,80.2265472412,35867,35877,10
12.8473997116,80.2265472412,35877,35888,11
12.84856987,80.2265472412,35888,35898,10
12.84953022,80.2265319824,35898,35908,10
12.8501901627,80.2265014648,35908,35918,10
12.8502902985,80.2265167236,35918,35928,10
12.8507900238,80.2265396118,35928,35938,10
12.8515901566,80.2265701294,35938,35948,10
12.8526697159,80.2266235352,35948,35958,10
12.8539600372,80.2265625,35958,35969,11
12.8555402756,80.2264022827,35969,35979,10
12.857000351,80.2262496948,35979,35989,10
12.8582696915,80.2261810303,35989,35999,10
12.8594102859,80.2263031006,35999,36009,10
12.8605699539,80.2264633179,36009,36019,10
12.8607397079,80.2264785767,36019,36029,10
12.8609895706,80.2265167236,36029,36039,10
12.8615999222,80.2265319824,36039,36049,10
12.8625802994,80.2264709473,36049,36060,11
12.8639602661,80.2264785767,36060,36070,10
12.8653802872,80.2265472412,36070,36080,10
12.8668298721,80.2264785767,36080,36090,10
12.8682203293,80.226348877,36090,36100,10
12.8696298599,80.2264633179,36100,36110,10
12.8710699081,80.226600647,36110,36120,10
12.8722896576,80.2266082764,36120,36130,10
12.872879982,80.2266082764,36130,36141,11
12.8731002808,80.2266311646,36141,36151,10
12.8737096786,80.2266616821,36151,36161,10
12.8745603561,80.2267608643,36161,36171,10
12.8756504059,80.2268981934,36171,36181,10
12.8766202927,80.2268829346,36181,36191,10
12.8767404556,80.2268600464,36191,36201,10
12.8770399094,80.226852417,36201,36211,10
12.8777198792,80.2267990112,36211,36221,10
12.8786897659,80.2267303467,36221,36232,11
12.8800296783,80.2266769409,36232,36242,10
12.8814001083,80.2266616821,36242,36252,10
12.882809639,80.2266464233,36252,36262,10
12.8842000961,80.2266387939,36262,36270,8
12.8850603104,80.2266235352,36270,36282,12
12.8852596283,80.2266464233,36282,36292,10
12.8857603073,80.2267532349,36292,36302,10
12.8865804672,80.2269821167,36302,36313,11
12.8878297806,80.2272109985,36313,36323,10
12.8891897202,80.2273025513,36323,36333,10
12.8907203674,80.2273025513,36333,36343,10
12.8918104172,80.2272796631,36343,36404,61
12.8918104172,80.2272796631,36404,36414,10
12.8921699524,80.2273025513,36414,36424,10
12.8926496506,80.2273406982,36424,36434,10
12.8934497833,80.2274627686,36434,36444,10
12.8944702148,80.2275619507,36444,36454,10
12.8955802917,80.2276229858,36454,36464,10
12.8967199326,80.2276611328,36464,36474,10
12.8978099823,80.2276992798,36474,36485,11
12.8986797333,80.2277526855,36485,36495,10
12.899939537,80.2278137207,36495,36636,141
12.899939537,80.2278137207,36636,36646,10
12.9002399445,80.2278137207,36646,36657,11
12.900560379,80.2278366089,36657,36667,10
12.9008998871,80.2278671265,36667,36677,10
12.9012298584,80.2279205322,36677,36687,10
12.9013996124,80.2279434204,36687,36697,10
12.9016704559,80.2279586792,36697,36707,10
12.9022502899,80.2279663086,36707,36717,10
12.9029798508,80.2279815674,36717,36808,91
12.9029798508,80.2279815674,36808,36819,11
12.9031400681,80.2279434204,36819,36829,10
12.9036502838,80.2279968262,36829,36839,10
12.9044704437,80.2280578613,36839,36849,10
12.9052400589,80.2281036377,36849,36899,50
12.9053697586,80.2280883789,36899,36960,61
12.9053697586,80.2280883789,36960,36970,10
12.9054603577,80.2281723022,36970,36980,10
12.9056396484,80.2281799316,36980,36991,11
12.9058704376,80.2282028198,36991,37001,10
12.9060602188,80.228187561,37001,37011,10
12.9062404633,80.2282028198,37011,37021,10
12.9064903259,80.2282028198,37021,37031,10
12.9066896439,80.2282180786,37031,37041,10
12.9070196152,80.2282562256,37041,37051,10
12.9073200226,80.228302002,37051,37061,10
12.9080896378,80.2284164429,37061,37071,10
12.9093399048,80.2286300659,37071,37082,11
12.9107904434,80.2288589478,37082,37092,10
12.9121799469,80.229057312,37092,37102,10
12.9133300781,80.2292022705,37102,37112,10
12.9138002396,80.2292633057,37112,37122,10
12.9139299393,80.2292785645,37122,37132,10
12.9145402908,80.2293624878,37132,37142,10
12.9154901505,80.2295227051,37142,37152,10
12.9165802002,80.2296676636,37152,37163,11
12.9175596237,80.2297973633,37163,37173,10
12.9185304642,80.2299423218,37173,37183,10
12.919500351,80.2300720215,37183,37193,10
12.9207696915,80.23021698,37193,37203,10
12.9222898483,80.2304229736,37203,37213,10
12.9239597321,80.230682373,37213,37223,10
12.9255104065,80.2308578491,37223,37233,10
12.9264097214,80.2309417725,37233,37244,11
12.9265203476,80.2309494019,37244,37254,10
12.9269399643,80.2310028076,37254,37264,10
12.9277296066,80.2311019897,37264,37274,10
12.9284496307,80.2311935425,37274,37284,10
12.9288702011,80.2312698364,37284,37294,10
12.9295101166,80.2313995361,37294,37304,10
12.9304504395,80.231628418,37304,37314,10
12.9316196442,80.2320022583,37314,37324,10
12.932849884,80.232421875,37324,37335,11
12.9336900711,80.232749939,37335,37345,10
12.9336996078,80.2327575684,37345,37355,10
12.9340200424,80.2329406738,37355,37365,10
12.9347000122,80.2332382202,37365,37375,10
12.9354000092,80.233581543,37375,37385,10
12.9356002808,80.2337036133,37385,37395,10
12.9362096786,80.2339782715,37395,37405,10
12.9371099472,80.2343978882,37405,37416,11
12.9384098053,80.2350234985,37416,37426,10
12.9397201538,80.2356719971,37426,37446,20
12.9397201538,80.2356719971,37446,37456,10
12.9400596619,80.2358169556,37456,37466,10
12.9408102036,80.236038208,37466,37476,10
12.9417896271,80.2362670898,37476,37486,10
12.9429302216,80.2367019653,37486,37497,11
12.9440402985,80.2377624512,37497,37507,10
12.9450902939,80.2389221191,37507,37517,10
12.9464101791,80.2396621704,37517,37527,10
12.9472703934,80.2399902344,37527,37537,10
12.9474000931,80.2400283813,37537,37547,10
12.9476604462,80.2401580811,37547,37557,10
12.9481801987,80.2403869629,37557,37608,51
12.9481801987,80.2403869629,37608,37618,10
12.9484195709,80.2404632568,37618,37628,10
12.9489603043,80.2406692505,37628,37638,10
12.9492397308,80.2407836914,37638,37648,10
12.9498701096,80.2409820557,37648,37658,10
12.9506397247,80.2411880493,37658,37669,11
12.9511098862,80.2413635254,37669,37679,10
12.9511404037,80.2414093018,37679,37689,10
12.9516401291,80.241607666,37689,37699,10
12.9516401291,80.241607666,37699,37709,10
12.952170372,80.2417984009,37709,37719,10
12.9529600143,80.2421035767,37719,37729,10
12.9537801743,80.2424163818,37729,37739,10
12.9544296265,80.2426681519,37739,37749,10
12.9550104141,80.2428894043,37749,37762,13
12.9563703537,80.2433776855,37762,37782,20
12.9563703537,80.2433776855,37782,37792,10
12.9567604065,80.2435379028,37792,37801,9
12.9574298859,80.243850708,37801,37812,11
12.9585399628,80.2443313599,37812,37832,20
12.9585399628,80.2443313599,37832,37843,11
12.9587602615,80.2444915771,37843,37853,10
12.959280014,80.2447280884,37853,37863,10
12.9600696564,80.2450790405,37863,37873,10
12.9610996246,80.2455368042,37873,37883,10
12.9621095657,80.2460327148,37883,37893,10
12.9630203247,80.2464828491,37893,37903,10
12.9638395309,80.2468719482,37903,37913,10
12.9647502899,80.2471923828,37913,37924,11
12.9661102295,80.2476501465,37924,37944,20
12.9661102295,80.2476501465,37944,37954,10
12.9663000107,80.247718811,37954,37964,10
12.9665699005,80.2478485107,37964,37974,10
12.966919899,80.2480392456,37974,37984,10
12.9676103592,80.248336792,37984,37994,10
12.9685201645,80.2487030029,37994,38004,10
12.9696302414,80.249168396,38004,38015,11
12.9710597992,80.2496795654,38015,38025,10
12.9723997116,80.2500534058,38025,38035,10
12.9733400345,80.250289917,38035,38045,10
12.9745397568,80.250617981,38045,38055,10
12.9759902954,80.2510223389,38055,38065,10
12.9772500992,80.2514190674,38065,38075,10
12.9781303406,80.2520599365,38075,38085,10
12.9783201218,80.2521972656,38085,38096,11
12.9783802032,80.252243042,38096,38106,10
12.9787902832,80.252456665,38106,38116,10
12.9793100357,80.252571106,38116,38177,61
12.9793100357,80.252571106,38177,38187,10
12.9795303345,80.2526321411,38187,38197,10
12.9800100327,80.2526626587,38197,38207,10
12.9806900024,80.2526931763,38207,38217,10
12.9815998077,80.2526626587,38217,38227,10
12.9827203751,80.2526016235,38227,38237,10
12.9837198257,80.2524185181,38237,38247,10
12.9844102859,80.2522277832,38247,38257,10
12.9846601486,80.2521514893,38257,38581,324
12.9846601486,80.2521514893,38581,38591,10
12.9848899841,80.2520980835,38591,38602,11
12.9855699539,80.2518997192,38602,38612,10
12.9862003326,80.251739502,38612,38622,10
12.9868803024,80.2515716553,38622,38632,10
12.9873104095,80.2514419556,38632,38642,10
12.9876403809,80.2513427734,38642,38652,10
12.9881496429,80.2512283325,38652,38662,10
12.9895896912,80.2508392334,38662,38703,41
12.9895896912,80.2508392334,38703,38713,10
12.989780426,80.250869751,38713,38723,10
12.9903802872,80.2507019043,38723,38733,10
12.9912900925,80.2504577637,38733,38743,10
12.9924602509,80.2501602173,38743,38753,10
12.9938297272,80.2498092651,38753,38763,10
12.9953298569,80.2494277954,38763,38774,11
12.9968099594,80.2490234375,38774,38784,10
12.9970798492,80.2489624023,38784,38794,10
12.9974803925,80.2488708496,38794,38804,10
12.9982500076,80.2486801147,38804,38814,10
12.9993400574,80.2484207153,38814,38824,10
13.0006399155,80.2480773926,38824,38834,10
13.0019598007,80.2477798462,38834,38844,10
13.0031700134,80.2475204468,38844,38854,10
13.0044803619,80.2473373413,38854,38865,11
13.0058403015,80.2470779419,38865,38875,10
13.0065803528,80.2463684082,38875,38895,20
13.0065803528,80.2463684082,38895,38905,10
13.0066604614,80.2461700439,38905,38914,9
13.0066900253,80.2455596924,38914,38925,11
13.0066604614,80.2449417114,38925,38935,10
13.0066604614,80.2443618774,38935,38946,11
13.006649971,80.2439880371,38946,38956,10
13.006649971,80.2436981201,38956,38966,10
13.0066099167,80.2431106567,38966,38976,10
13.0065898895,80.2422485352,38976,38986,10
13.0066204071,80.2412261963,38986,38995,9
13.0067596436,80.2403106689,38995,39047,52
13.0067596436,80.2403106689,39047,39057,10
13.0067996979,80.2402191162,39057,39067,10
13.0068702698,80.2398834229,39067,39077,10
13.0069904327,80.2390289307,39077,39087,10
13.0071897507,80.2380371094,39087,39097,10
13.007349968,80.2373275757,39097,39107,10
13.0074396133,80.2367095947,39107,39118,11
13.0074501038,80.2366867065,39118,39128,10
13.0075302124,80.2364883423,39128,39138,10
13.0076704025,80.2359008789,39138,39148,10
13.0077896118,80.2352600098,39148,39158,10
13.0079097748,80.2347183228,39158,39168,10
13.0080699921,80.2340011597,39168,39178,10
13.0082597733,80.2329177856,39178,39188,10
13.008480072,80.2317581177,39188,39199,11
13.0087995529,80.23021698,39199,39209,10
13.0090303421,80.2290420532,39209,39219,10
13.0093402863,80.2278594971,39219,39229,10
13.0098400116,80.2266998291,39229,39239,10
13.0104198456,80.2254867554,39239,39249,10
13.0108604431,80.2245407104,39249,39259,10
13.0110702515,80.2240066528,39259,39269,10
13.0113096237,80.2235336304,39269,39279,10
13.0115804672,80.2229385376,39279,39290,11
13.0119600296,80.2220077515,39290,39300,10
13.0123500824,80.2214813232,39300,39310,10
13.0127000809,80.2219314575,39310,39320,10
13.0131998062,80.2225112915,39320,39330,10
13.0137300491,80.2230987549,39330,39340,10
13.0140399933,80.223487854,39340,39350,10
13.0143604279,80.2238616943,39350,39360,10
13.0149097443,80.2244262695,39360,39371,11
13.0153799057,80.2249221802,39371,39381,10
13.0156297684,80.225112915,39381,39391,10
13.0157299042,80.2251815796,39391,39401,10
13.0162696838,80.2253570557,39401,39411,10
13.0171203613,80.2250976563,39411,39421,10
13.017999649,80.2247390747,39421,39431,10
13.0188598633,80.2244033813,39431,39441,10
13.0195798874,80.2244186401,39441,39532,91
13.0195798874,80.2244186401,39532,39543,11
13.0197401047,80.224647522,39543,39553,10
13.0202198029,80.2249832153,39553,39563,10
13.0208597183,80.2254180908,39563,39573,10
13.0214099884,80.2258834839,39573,39583,10
13.0220804214,80.2264099121,39583,39593,10
13.0227804184,80.2270126343,39593,39603,10
13.0233297348,80.2275238037,39603,39613,10
13.0238704681,80.2279815674,39613,39623,10
13.0242004395,80.2282791138,39623,39634,11
13.0242204666,80.2283096313,39634,39644,10
13.0243597031,80.2285308838,39644,39684,40
13.0243597031,80.2285308838,39684,39694,10
13.0243797302,80.2285919189,39694,39704,10
13.0241699219,80.2285766602,39704,39715,11
13.0238399506,80.2281188965,39715,39725,10
13.0234098434,80.2276916504,39725,39917,192
13.0234098434,80.2276916504,39917,39927,10
13.0233001709,80.2275390625,39927,39937,10
13.0230798721,80.2273635864,39937,39968,31
13.0230798721,80.2273635864,39968,39978,10
13.0229902267,80.2272109985,39978,39988,10
13.022649765,80.226890564,39988,39998,10
13.0221004486,80.2263793945,39998,40008,10
13.0214796066,80.2258987427,40008,40018,10
13.0208597183,80.2254180908,40018,40028,10
13.0198001862,80.2247161865,40028,40049,21
13.0198001862,80.2247161865,40049,40059,10
13.0197401047,80.2247009277,40059,40069,10
13.0192604065,80.2245178223,40069,40079,10
13.0184202194,80.2246398926,40079,40089,10
13.0174102783,80.2250595093,40089,40099,10
13.016579628,80.225402832,40099,40109,10
13.0156898499,80.2257232666,40109,40119,10
13.0149202347,80.226020813,40119,40129,10
13.0145196915,80.2261581421,40129,40140,11
13.0141401291,80.2263183594,40140,40150,10
13.0140304565,80.2263717651,40150,40160,10
13.0137500763,80.2265014648,40160,40170,10
13.0131597519,80.2266998291,40170,40180,10
13.0125198364,80.2268981934,40180,40190,10
13.0118703842,80.227142334,40190,40200,10
13.0105895996,80.2276611328,40200,40210,10
13.0096702576,80.2280731201,40210,40221,11
13.0090398788,80.2288513184,40221,40231,10
13.0088100433,80.2299804688,40231,40241,10
13.0085897446,80.2311325073,40241,40251,10
13.0083799362,80.2322692871,40251,40261,10
13.0081796646,80.2332763672,40261,40271,10
13.0080299377,80.2340393066,40271,40281,10
13.0078601837,80.2348175049,40281,40291,10
13.0078601837,80.2348327637,40291,40301,10
13.0078001022,80.2350769043,40301,40312,11
13.0076799393,80.2356796265,40312,40322,10
13.0075302124,80.2365264893,40322,40332,10
13.0073204041,80.2375335693,40332,40342,10
13.0071201324,80.2384872437,40342,40352,10
13.006939888,80.239402771,40352,40362,10
13.0068101883,80.2401580811,40362,40372,10
13.0066995621,80.2406997681,40372,40382,10
13.0066404343,80.2411193848,40382,40393,11
13.0066099167,80.2416610718,40393,40403,10
13.0066099167,80.241897583,40403,40413,10
13.0066003799,80.2423782349,40413,40423,10
13.0066099167,80.2428588867,40423,40433,10
13.0066099167,80.2432785034,40433,40463,30
13.0066099167,80.2432785034,40463,40474,11
13.0066299438,80.2439193726,40474,40494,20
13.0066299438,80.2439193726,40494,40504,10
13.0066099167,80.2440185547,40504,40514,10
13.0066204071,80.2443237305,40514,40524,10
13.0066604614,80.244758606,40524,40534,10
13.0066604614,80.245262146,40534,40544,10
13.0067300797,80.2457962036,40544,40565,21
13.0067300797,80.2457962036,40565,40575,10
13.0067300797,80.2462387085,40575,40585,10
13.0067596436,80.2466964722,40585,40595,10
13.0062398911,80.2473373413,40595,40615,20
13.0062398911,80.2473373413,40615,40625,10
13.0059404373,80.2472915649,40625,40635,10
13.0052604675,80.2472991943,40635,40646,11
13.0041503906,80.2473983765,40646,40656,10
13.0030603409,80.2475814819,40656,40666,10
13.002530098,80.2476882935,40666,40676,10
13.0020799637,80.2478027344,40676,40686,10
13.0013198853,80.2480010986,40686,40696,10
13.0003299713,80.248260498,40696,40706,10
12.9992799759,80.2485198975,40706,40716,10
12.9983100891,80.2487792969,40716,40726,10
12.9981203079,80.2488327026,40726,40737,11
12.9977502823,80.248916626,40737,40747,10
12.9969997406,80.2490997314,40747,40757,10
12.9959602356,80.2493515015,40757,40767,10
12.9948101044,80.2496414185,40767,40777,10
12.9936599731,80.2499389648,40777,40787,10
12.9925098419,80.2502212524,40787,40797,10
12.9914398193,80.2505111694,40797,40807,10
12.9909896851,80.2506332397,40807,40818,11
12.9905099869,80.2507400513,40818,40828,10
12.9897098541,80.2509384155,40828,40838,10
12.9892501831,80.2510604858,40838,40848,10
12.9890899658,80.2510910034,40848,40858,10
12.988820076,80.2511672974,40858,40868,10
12.9884395599,80.2512817383,40868,40878,10
12.9879302979,80.251411438,40878,40888,10
12.9874601364,80.2515106201,40888,40898,10
12.9869003296,80.2516784668,40898,40909,11
12.9861803055,80.2518386841,40909,40919,10
12.9852304459,80.2520599365,40919,40929,10
12.9840297699,80.2523803711,40929,40939,10
12.9828796387,80.2526168823,40939,40949,10
12.9816799164,80.2526779175,40949,40959,10
12.9807796478,80.2527389526,40959,40969,10
12.980389595,80.2527999878,40969,40979,10
12.980050087,80.252822876,40979,41010,31
12.980050087,80.252822876,41010,41020,10
12.9798202515,80.2527236938,41020,41030,10
12.9792404175,80.2526168823,41030,41040,10
12.9785404205,80.252532959,41040,41050,10
12.9785003662,80.2525024414,41050,41060,10
12.9781599045,80.2522735596,41060,41070,10
12.9775695801,80.2517471313,41070,41081,11
12.9765195847,80.2512435913,41081,41091,10
12.9754199982,80.2508926392,41091,41101,10
12.9743204117,80.2505722046,41101,41111,10
12.9732999802,80.2502975464,41111,41121,10
12.9722499847,80.2500305176,41121,41131,10
12.9711399078,80.2497406006,41131,41141,10
12.9700298309,80.249382019,41141,41151,10
12.968870163,80.2489471436,41151,41162,11
12.9676399231,80.2484207153,41162,41172,10
12.9666700363,80.2479705811,41172,41182,10
12.9656400681,80.2475509644,41182,41192,10
12.9649600983,80.2472991943,41192,41202,10
12.9648895264,80.247253418,41202,41212,10
12.9645996094,80.2471237183,41212,41222,10
12.9642400742,80.2469787598,41222,41232,10
12.9638299942,80.2468414307,41232,41243,11
12.9636602402,80.2467880249,41243,41253,10
12.9631204605,80.2465133667,41253,41263,10
12.9622001648,80.2460403442,41263,41273,10
12.9610900879,80.2455062866,41273,41283,10
12.960100174,80.2450637817,41283,41293,10
12.9593896866,80.2448120117,41293,41303,10
12.9592504501,80.2447433472,41303,41313,10
12.9587001801,80.2444763184,41313,41323,10
12.9579296112,80.2441635132,41323,41334,11
12.9568796158,80.2438583374,41334,41384,50
12.9565095901,80.2437515259,41384,41445,61
12.9565095901,80.2437515259,41445,41455,10
12.9560203552,80.2435073853,41455,41465,10
12.9553003311,80.2430801392,41465,41475,10
12.9542598724,80.2426223755,41475,41485,10
12.9530696869,80.2421188354,41485,41495,10
12.9519300461,80.2417221069,41495,41506,11
12.9508304596,80.2413635254,41506,41516,10
12.9497003555,80.2409973145,41516,41526,10
12.949139595,80.2407684326,41526,41536,10
12.9482698441,80.2404174805,41536,41546,10
12.9472904205,80.240020752,41546,41556,10
12.9463796616,80.2396469116,41556,41566,10
12.9453296661,80.2391662598,41566,41576,10
12.9445199966,80.2384033203,41576,41587,11
12.9436597824,80.2374572754,41587,41597,10
12.9427604675,80.236656189,41597,41607,10
12.9414997101,80.2362365723,41607,41617,10
12.9397201538,80.2357788086,41617,41637,20
12.9397201538,80.2357788086,41637,41647,10
12.939499855,80.2356796265,41647,41657,10
12.9389095306,80.2353668213,41657,41667,10
12.9380197525,80.2349090576,41667,41678,11
12.9368801117,80.2343521118,41678,41688,10
12.9360799789,80.2339401245,41688,41698,10
12.9355096817,80.2336807251,41698,41708,10
12.9338798523,80.2329788208,41708,41728,20
12.9338798523,80.2329788208,41728,41738,10
12.9336299896,80.2328567505,41738,41748,10
12.9330501556,80.2325820923,41748,41759,11
12.9319601059,80.2322006226,41759,41769,10
12.9308795929,80.2318115234,41769,41779,10
12.9297103882,80.2314834595,41779,41789,10
12.9287004471,80.2312774658,41789,41799,10
12.9275999069,80.2311325073,41799,41809,10
12.92648983,80.2310180664,41809,41819,10
12.9261598587,80.2310028076,41819,41829,10
12.9260501862,80.2309799194,41829,41839,10
12.9254999161,80.2309265137,41839,41850,11
12.9246196747,80.2308120728,41850,41860,10
12.9236698151,80.230682373,41860,41870,10
12.9224796295,80.2304992676,41870,41880,10
12.921090126,80.2303009033,41880,41890,10
12.9195995331,80.2301177979,41890,41900,10
12.9181098938,80.229927063,41900,41910,10
12.9168195724,80.2297592163,41910,41920,10
12.9156103134,80.229598999,41920,41931,11
12.9143295288,80.2294311523,41931,41941,10
12.9132995605,80.2293167114,41941,41951,10
12.9132099152,80.2293014526,41951,41961,10
12.9128799438,80.2292098999,41961,41971,10
12.9121303558,80.2291107178,41971,41981,10
12.9110803604,80.2289581299,41981,41991,10
12.9100999832,80.2288131714,41991,42001,10
12.9085597992,80.2285614014,42001,42011,10
12.9072999954,80.2283935547,42011,42032,21
12.9072999954,80.2283935547,42032,42042,10
12.9070501328,80.2283706665,42042,42052,10
12.9066896439,80.2283172607,42052,42062,10
12.9061002731,80.2282714844,42062,42072,10
12.9053897858,80.2282180786,42072,42082,10
12.9043998718,80.2281570435,42082,42092,10
12.9032897949,80.2281112671,42092,42103,11
12.9022302628,80.2280578613,42103,42113,10
12.901720047,80.2280197144,42113,42153,40
12.901720047,80.2280197144,42153,42163,10
12.9015398026,80.2280197144,42163,42173,10
12.901260376,80.228012085,42173,42183,10
12.9008703232,80.2279815674,42183,42194,11
12.9003896713,80.2279815674,42194,42204,10
12.9000196457,80.2279815674,42204,42214,10
12.8996496201,80.2279815674,42214,42224,10
12.8993597031,80.2279586792,42224,42234,10
12.8993301392,80.2279586792,42234,42244,10
12.8991298676,80.2279281616,42244,42254,10
12.8985300064,80.2279205322,42254,42264,10
12.8978099823,80.2278213501,42264,42275,11
12.8967695236,80.2277374268,42275,42285,10
12.8956604004,80.2276916504,42285,42295,10
12.8945198059,80.2276611328,42295,42305,10
12.8933696747,80.2275466919,42305,42315,10
12.8925504684,80.2274780273,42315,42325,10
12.8919095993,80.2273864746,42325,42335,10
12.8909797668,80.2273712158,42335,42345,10
12.889840126,80.2273712158,42345,42356,11
12.8885402679,80.2273712158,42356,42366,10
12.8873901367,80.2272491455,42366,42376,10
12.8862104416,80.2270126343,42376,42386,10
12.8851804733,80.2267913818,42386,42396,10
12.8848400116,80.2267608643,42396,42406,10
12.8846302032,80.2267532349,42406,42416,10
12.8839902878,80.2267379761,42416,42426,10
12.8830604553,80.2267227173,42426,42436,10
12.8818101883,80.2267303467,42436,42447,11
12.880279541,80.2267608643,42447,42457,10
12.8788900375,80.2267837524,42457,42467,10
12.8776903152,80.2268676758,42467,42477,10
12.8768796921,80.2269363403,42477,42487,10
12.8766002655,80.2269821167,42487,42497,10
12.8763103485,80.2269821167,42497,42507,10
12.8756198883,80.2269363403,42507,42517,10
12.8745603561,80.2268295288,42517,42528,11
12.8731603622,80.2267227173,42528,42538,10
12.8724403381,80.2267227173,42538,42548,10
12.8721599579,80.2267227173,42548,42558,10
12.8714199066,80.2266921997,42558,42568,10
12.8703899384,80.2266235352,42568,42578,10
12.869099617,80.2264633179,42578,42588,10
12.8676395416,80.2264404297,42588,42598,10
12.8662099838,80.2265777588,42598,42608,10
12.8647403717,80.2266082764,42608,42619,11
12.8630599976,80.2265625,42619,42629,10
12.8616695404,80.2266311646,42629,42639,10
12.8610496521,80.2266311646,42639,42649,10
12.8608703613,80.2266082764,42649,42659,10
12.8602399826,80.2265396118,42659,42669,10
12.8593997955,80.2264175415,42669,42679,10
12.8587398529,80.22631073,42679,42689,10
12.8578596115,80.2262573242,42689,42699,10
12.8567199707,80.226348877,42699,42710,11
12.8552503586,80.2265014648,42710,42720,10
12.8538999557,80.2266464233,42720,42730,10
12.8524398804,80.2267074585,42730,42740,10
12.8509302139,80.2266616821,42740,42750,10
12.8501996994,80.2266387939,42750,42760,10
12.8501796722,80.2266387939,42760,42770,10
12.8497896194,80.2266235352,42770,42780,10
12.84897995,80.2266082764,42780,42791,11
12.8477096558,80.2266082764,42791,42801,10
12.8465099335,80.2266235352,42801,42811,10
12.8456401825,80.2266082764,42811,42821,10
12.845290184,80.2266387939,42821,42831,10
12.8451700211,80.2266235352,42831,42841,10
12.844619751,80.2266693115,42841,42851,10
12.8437204361,80.2267684937,42851,42861,10
12.8425502777,80.2269821167,42861,42872,11
12.8412504196,80.2272567749,42872,42882,10
12.8402500153,80.2275390625,42882,42892,10
12.8396997452,80.2277069092,42892,42942,50
12.8396997452,80.2277069092,42942,42952,10
12.8392896652,80.2278594971,42952,42963,11
12.8384103775,80.2280578613,42963,42973,10
12.8372802734,80.2282791138,42973,42983,10
12.8359098434,80.228477478,42983,42993,10
12.8344097137,80.2287063599,42993,43003,10
12.8329401016,80.2289810181,43003,43013,10
12.8316802979,80.2292098999,43013,43033,20
12.8316802979,80.2292098999,43033,43044,11
12.8316602707,80.2291564941,43044,43054,10
12.8315601349,80.2288894653,43054,43064,10
12.8315095901,80.2286224365,43064,43074,10
12.8313798904,80.2279205322,43074,43084,10
12.8312301636,80.2273178101,43084,43094,10
12.8311595917,80.2268676758,43094,43104,10
12.8310203552,80.2261199951,43104,43114,10
12.831029892,80.2249984741,43114,43124,10
12.8310403824,80.2245864868,43124,43135,11
12.8310499191,80.2238693237,43135,43145,10
12.8310403824,80.2228775024,43145,43155,10
12.8310499191,80.2222290039,43155,43165,10
12.8310604095,80.2217788696,43165,43175,10
12.8311004639,80.2209014893,43175,43185,10
12.8311004639,80.2198867798,43185,43195,10
12.8310604095,80.2195968628,43195,43205,10
12.8305997849,80.2194671631,43205,43216,11
12.8293895721,80.2194595337,43216,43226,10
12.8283004761,80.2194824219,43226,43236,10
12.8275699615,80.2194671631,43236,43256,20
12.8275699615,80.2194671631,43256,43266,10
12.8271799088,80.2194366455,43266,43276,10
12.8263998032,80.2194366455,43276,43286,10
12.8260097504,80.2194366455,43286,43296,10
12.8254499435,80.2194519043,43296,43307,11
12.8252401352,80.2194290161,43307,43316,9
12.8248195648,80.2194137573,43316,43327,11
12.8239002228,80.2194137573,43327,43337,10
12.8230695724,80.2193984985,43337,43347,10
12.8227701187,80.2193832397,43347,43357,10
12.8226804733,80.2190475464,43357,43367,10
12.8226900101,80.2186889648,43367,43377,10
12.8226995468,80.2179107666,43377,43387,10
12.822719574,80.2160568237,43387,43398,11
12.822719574,80.2160568237,43398,43408,10
12.8229799271,80.2159805298,43408,43418,10
12.8233699799,80.216003418,43418,43428,10
12.8240995407,80.2160110474,43428,43438,10
12.8248195648,80.2160186768,43438,43755,317
12.8248195648,80.2160186768,43755,43765,10
12.8250703812,80.216178894,43765,43775,10
12.8255596161,80.216178894,43775,43785,10
12.8258399963,80.2163085938,43785,43795,10
12.8258495331,80.2168807983,43795,43805,10
12.8258600235,80.2176818848,43805,43816,11
12.8258600235,80.2185287476,43816,43826,10
12.8258695602,80.2193374634,43826,43836,10
12.8261098862,80.2194824219,43836,43846,10
12.8271903992,80.2194595337,43846,43866,20
12.8271903992,80.2194595337,43866,43876,10
12.8273096085,80.2194900513,43876,43886,10
12.8274898529,80.2194824219,43886,43896,10
12.8276700974,80.2194595337,43896,43907,11
12.8283395767,80.2194595337,43907,43917,10
12.8292798996,80.2194824219,43917,43927,10
12.8304004669,80.2194900513,43927,43937,10
12.8309497833,80.2194976807,43937,43947,10
12.8312196732,80.2199172974,43947,43957,10
12.8312196732,80.2207870483,43957,43967,10
12.831199646,80.2218170166,43967,43976,9
12.8311796188,80.2222290039,43976,43988,12
12.8311595917,80.2228469849,43988,43998,10
12.8311395645,80.2237167358,43998,44008,10
12.8311300278,80.224609375,44008,44018,10
12.8311300278,80.2249298096,44018,44028,10
12.8311195374,80.2256317139,44028,44038,10
12.8311595917,80.2265319824,44038,44048,10
12.8313999176,80.2276306152,44048,44058,10
12.8316202164,80.2286911011,44058,44069,11
12.8319597244,80.2291564941,44069,44079,10
12.8325996399,80.2290267944,44079,44089,10
12.8333396912,80.2288513184,44089,44099,10
12.8336801529,80.2287979126,44099,44109,10
12.8344402313,80.2286605835,44109,44119,10
12.8354196548,80.2285003662,44119,44129,10
12.8365402222,80.2283325195,44129,44139,10
12.8377199173,80.2281417847,44139,44149,10
12.8388004303,80.227897644,44149,44160,11
12.8393297195,80.2276763916,44160,44170,10
12.839630127,80.2276000977,44170,44180,10
12.8399496078,80.2275390625,44180,44190,10
12.8406095505,80.2274169922,44190,44200,10
12.8415603638,80.2271575928,44200,44210,10
12.8427000046,80.2269134521,44210,44220,10
12.8439302444,80.2267074585,44220,44230,10
12.8450803757,80.226600647,44230,44241,11
12.845459938,80.2265777588,44241,44251,10
12.8456001282,80.226600647,44251,44261,10
12.8462095261,80.2266082764,44261,44271,10
12.8471603394,80.226600647,44271,44281,10
12.8484401703,80.2265930176,44281,44291,10
12.8498001099,80.2265930176,44291,44301,10
12.8512201309,80.226600647,44301,44311,10
12.8527603149,80.2266693115,44311,44321,10
12.8544101715,80.2265701294,44321,44332,11
12.8558797836,80.2264099121,44332,44342,10
12.8573198318,80.2262496948,44342,44352,10
12.8586196899,80.2262268066,44352,44362,10
12.8599996567,80.2264175415,44362,44372,10
12.8614196777,80.2265777588,44372,44382,10
12.8627796173,80.2265014648,44382,44392,10
12.8642997742,80.2265167236,44392,44402,10
12.8657598495,80.2265777588,44402,44413,11
12.8672895432,80.2264480591,44413,44423,10
12.8686304092,80.2263793945,44423,44433,10
12.8699598312,80.2265167236,44433,44443,10
12.8712902069,80.2266311646,44443,44453,10
12.8725299835,80.2266387939,44453,44463,10
12.8729600906,80.2266387939,44463,44473,10
12.8731803894,80.2266464233,44473,44483,10
12.8738603592,80.2266998291,44483,44493,10
12.874830246,80.2268218994,44493,44504,11
12.8760595322,80.2269134521,44504,44514,10
12.8766002655,80.2268981934,44514,44524,10
12.8768901825,80.2268829346,44524,44534,10
12.8776102066,80.2268218994,44534,44544,10
12.8786001205,80.2267608643,44544,44554,10
12.8797998428,80.2267227173,44554,44564,10
12.8810396194,80.2267074585,44564,44574,10
12.8823604584,80.2266998291,44574,44585,11
12.883769989,80.2266693115,44585,44595,10
12.8849401474,80.2266616821,44595,44605,10
12.8861999512,80.2269287109,44605,44615,10
12.8874797821,80.2272186279,44615,44625,10
12.888710022,80.2273330688,44625,44635,10
12.8900003433,80.2273406982,44635,44645,10
12.8912601471,80.2273406982,44645,44655,10
12.8924503326,80.2273712158,44655,44665,10
12.893989563,80.2275619507,44665,44676,11
12.895359993,80.2276306152,44676,44686,10
12.8967695236,80.2276992798,44686,44696,10
12.8982896805,80.2277832031,44696,44706,10
12.8992700577,80.2278366089,44706,44716,10
12.9006004333,80.2279205322,44716,44838,122
12.9006004333,80.2279205322,44838,44848,10
12.9006795883,80.2279891968,44848,44858,10
12.9011001587,80.2280197144,44858,44868,10
12.9017400742,80.2280502319,44868,44878,10
12.9025201797,80.2280807495,44878,44888,10
12.9035396576,80.2281112671,44888,44898,10
12.9047298431,80.2281723022,44898,44908,10
12.9063901901,80.2282485962,44908,44939,31
12.9063901901,80.2282485962,44939,44949,10
12.9064598083,80.2282562256,44949,44959,10
12.9068202972,80.2282867432,44959,44969,10
12.9075698853,80.2284011841,44969,44979,10
12.9085302353,80.228553772,44979,44989,10
12.9098501205,80.228767395,44989,44999,10
12.9111700058,80.2289733887,44999,45010,11
12.9126195908,80.2291564941,45010,45020,10
12.913599968,80.2292785645,45020,45029,9
12.9140300751,80.2293395996,45029,45040,11
12.9142398834,80.2293701172,45040,45050,10
12.914850235,80.2294616699,45050,45060,10
12.9156703949,80.2295684814,45060,45070,10
12.9165897369,80.2296981812,45070,45080,10
12.9175796509,80.2298431396,45080,45090,10
12.9184503555,80.2299575806,45090,45101,11
12.9194202423,80.2300872803,45101,45111,10
12.9204502106,80.23021698,45111,45121,10
12.9215202332,80.2303619385,45121,45131,10
12.9227399826,80.2305221558,45131,45141,10
12.9241199493,80.2307281494,45141,45151,10
12.9254798889,80.2309036255,45151,45161,10
12.9268798828,80.2310714722,45161,45171,10
12.928319931,80.2312393188,45171,45182,11
12.9288597107,80.231300354,45182,45192,10
12.9292898178,80.2313995361,45192,45202,10
12.930150032,80.2316131592,45202,45212,10
12.9312295914,80.231880188,45212,45222,10
12.9324598312,80.2322998047,45222,45232,10
12.9335803986,80.2327423096,45232,45242,10
12.9346904755,80.2332611084,45242,45252,10
12.9359302521,80.2338409424,45252,45263,11
12.9373197556,80.2344894409,45263,45273,10
12.9386396408,80.235168457,45273,45283,10
12.9397602081,80.2357177734,45283,45293,10
12.9410896301,80.2361297607,45293,45303,10
12.9424600601,80.2365036011,45303,45313,10
12.9434900284,80.2372436523,45313,45323,10
12.9442100525,80.23802948,45323,45333,10
12.9452400208,80.2390975952,45333,45343,10
12.9461698532,80.2396011353,45343,45354,11
12.9473600388,80.2400512695,45354,45364,10
12.9475402832,80.2401275635,45364,45374,10
12.947719574,80.2401885986,45374,45384,10
12.9486999512,80.2405929565,45384,45414,30
12.9486999512,80.2405929565,45414,45424,10
12.9488801956,80.2406692505,45424,45435,11
12.9492702484,80.2408294678,45435,45445,10
12.9497299194,80.2409896851,45445,45455,10
12.9505195618,80.2412185669,45455,45465,10
12.9510402679,80.2413635254,45465,45475,10
12.9512796402,80.2414703369,45475,45485,10
12.9518995285,80.2416915894,45485,45495,10
12.9526996613,80.2419967651,45495,45505,10
12.9534902573,80.2423095703,45505,45515,10
12.9544200897,80.24269104,45515,45526,11
12.9551696777,80.2429733276,45526,45536,10
12.9563503265,80.2433319092,45536,45566,30
12.9563503265,80.2433319092,45566,45576,10
12.9566602707,80.2434616089,45576,45586,10
12.9573297501,80.243812561,45586,45596,10
12.9581003189,80.2441635132,45596,45607,11
12.9588499069,80.244468689,45607,45617,10
12.9588603973,80.244468689,45617,45627,10
12.9591398239,80.2446212769,45627,45637,10
12.9597501755,80.2449188232,45637,45647,10
12.9606103897,80.245300293,45647,45657,10
12.9616203308,80.2457809448,45657,45667,10
12.962439537,80.2461776733,45667,45677,10
12.9626502991,80.2462768555,45677,45687,10
12.9628400803,80.246383667,45687,45698,11
12.963259697,80.24659729,45698,45708,10
12.963640213,80.2468109131,45708,45718,10
12.9642601013,80.2470397949,45718,45728,10
12.9650802612,80.2473220825,45728,45738,10
12.9664096832,80.2478027344,45738,45758,20
12.9664096832,80.2478027344,45758,45768,10
12.9666204453,80.2479019165,45768,45779,11
12.9671297073,80.2481689453,45779,45789,10
12.9679403305,80.2485427856,45789,45799,10
12.969039917,80.2489700317,45799,45809,10
12.9702301025,80.2494506836,45809,45819,10
12.9714603424,80.2498397827,45819,45829,10
12.972700119,80.2501602173,45829,45839,10
12.9737796783,80.2504425049,45839,45849,10
12.9749097824,80.2507476807,45849,45860,11
12.9760198593,80.2510681152,45860,45870,10
12.9770402908,80.2513809204,45870,45880,10
12.9779596329,80.251991272,45880,45890,10
12.9785299301,80.2523574829,45890,45900,10
12.9785499573,80.2523803711,45900,45910,10
12.9788103104,80.2525024414,45910,45920,10
12.9791002274,80.2525787354,45920,45930,10
12.9791097641,80.2525787354,45930,45940,10
12.97935009,80.2526092529,45940,45951,11
12.9800395966,80.2526626587,45951,45961,10
12.9807701111,80.2526397705,45961,45971,10
12.9816102982,80.2526397705,45971,45981,10
12.9825201035,80.2526016235,45981,45991,10
12.9834403992,80.2525100708,45991,46001,10
12.9845199585,80.2522583008,46001,46011,10
12.9854803085,80.251991272,46011,46021,10
12.9863004684,80.2517471313,46021,46143,122
12.9863004684,80.2517471313,46143,46153,10
12.986579895,80.2517166138,46153,46163,10
12.9868898392,80.2516021729,46163,46173,10
12.9871397018,80.2515106201,46173,46183,10
12.9875402451,80.2514038086,46183,46193,10
12.9880895615,80.2512893677,46193,46204,11
12.9894304276,80.2509231567,46204,46224,20
12.9894304276,80.2509231567,46224,46234,10
12.9898700714,80.2508468628,46234,46244,10
12.9906196594,80.2506790161,46244,46254,10
12.9917001724,80.2503967285,46254,46264,10
12.9930696487,80.2500610352,46264,46274,10
12.9942398071,80.2497406006,46274,46283,9
12.9958896637,80.2493286133,46283,46295,12
12.997010231,80.2489929199,46295,46305,10
12.9970197678,80.2489929199,46305,46315,10
12.9973297119,80.2489318848,46315,46325,10
12.9980401993,80.2487487793,46325,46335,10
12.99903965,80.2484970093,46335,46345,10
13.0002498627,80.2481994629,46345,46355,10
13.0016098022,80.2478790283,46355,46365,10
13.0029401779,80.2475814819,46365,46376,11
13.0044403076,80.2473373413,46376,46386,10
13.005689621,80.2471237183,46386,46396,10
13.0064496994,80.2465362549,46396,46406,10
13.0065202713,80.2463912964,46406,46416,10
13.0065803528,80.2459716797,46416,46426,10
13.0066099167,80.2451934814,46426,46436,10
13.0065603256,80.2445297241,46436,46446,10
13.0065498352,80.2442626953,46446,46457,11
13.0065498352,80.2436676025,46457,46467,10
13.0065603256,80.2432174683,46467,46477,10
13.0065603256,80.2426376343,46477,46487,10
13.0065603256,80.2418212891,46487,46497,10
13.0066003799,80.2411270142,46497,46507,10
13.006649971,80.2405166626,46507,46517,10
13.0068302155,80.2397384644,46517,46527,10
13.0069599152,80.2389831543,46527,46537,10
13.0071401596,80.2381668091,46537,46548,11
13.0073404312,80.2372894287,46548,46558,10
13.0073795319,80.2368392944,46558,46568,10
13.007399559,80.2367782593,46568,46578,10
13.0075101852,80.2363815308,46578,46588,10
13.0076904297,80.2356796265,46588,46598,10
13.007900238,80.2346496582,46598,46608,10
13.0081701279,80.2333374023,46608,46618,10
13.0084400177,80.2319412231,46618,46629,11
13.0086698532,80.2306137085,46629,46639,10
13.0089197159,80.2293167114,46639,46649,10
13.0092601776,80.2279891968,46649,46659,10
13.0098199844,80.2267227173,46659,46669,10
13.010310173,80.2257537842,46669,46679,10
13.0105199814,80.2253875732,46679,46689,10
13.0105800629,80.2251968384,46689,46699,10
13.0107097626,80.2248535156,46699,46709,10
13.0108699799,80.2244415283,46709,46720,11
13.0109500885,80.2242507935,46720,46730,10
13.0111303329,80.2238616943,46730,46740,10
13.0112895966,80.2234191895,46740,46750,10
13.0115003586,80.2228164673,46750,46760,10
13.0117797852,80.2219467163,46760,46770,10
13.012169838,80.2214889526,46770,46780,10
13.0124597549,80.2217178345,46780,46790,10
13.0129404068,80.2223434448,46790,46801,11
13.0135202408,80.2229995728,46801,46811,10
13.0139398575,80.2235183716,46811,46821,10
13.0144100189,80.2239990234,46821,46831,10
13.0148296356,80.2244415283,46831,46841,10
13.014840126,80.2244491577,46841,46851,10
13.0150499344,80.2246932983,46851,46861,10
13.0153598785,80.2249832153,46861,46871,10
13.0157499313,80.2252120972,46871,46882,11
13.01583004,80.2252807617,46882,46892,10
13.0162296295,80.2253875732,46892,46902,10
13.0169200897,80.2251815796,46902,46912,10
13.0175104141,80.2249221802,46912,46922,10
13.0181398392,80.2246704102,46922,46932,10
13.0188798904,80.2244033813,46932,46942,10
13.0195798874,80.2244567871,46942,46983,41
13.0195798874,80.2244567871,46983,46993,10
13.0197401047,80.2246017456,46993,47003,10
13.0200195313,80.224822998,47003,47013,10
13.0206203461,80.2252578735,47013,47023,10
13.0213298798,80.2257766724,47023,47033,10
13.0220804214,80.2263717651,47033,47043,10
13.0228204727,80.2269821167,47043,47054,11
13.0234804153,80.2275924683,47054,47064,10
13.0240697861,80.2281265259,47064,47155,91
13.0240697861,80.2281265259,47155,47165,10
13.024140358,80.2282867432,47165,47175,10
13.0243797302,80.2285614014,47175,47215,40
13.0243797302,80.2285614014,47215,47226,11
13.0242900848,80.2286224365,47226,47236,10
13.0241699219,80.2285308838,47236,47246,10
13.0240402222,80.2284011841,47246,47256,10
13.0239601135,80.2282485962,47256,47266,10
13.0237503052,80.2279586792,47266,47276,10
13.023349762,80.2276077271,47276,47509,233
13.023349762,80.2276077271,47509,47519,10
13.0232095718,80.2273406982,47519,47651,132
13.023059845,80.2271194458,47651,47732,81
13.0229301453,80.2271194458,47732,47823,91
13.0229997635,80.2271575928,47823,47944,121
13.0229997635,80.2271575928,47944,47954,10
13.0229597092,80.2270584106,47954,47964,10
13.0226898193,80.2268218994,47964,47974,10
13.0222797394,80.2264328003,47974,47985,11
13.0215902328,80.2258682251,47985,47995,10
13.0208997726,80.2253417969,47995,48005,10
13.0202302933,80.224899292,48005,48015,10
13.0198202133,80.224647522,48015,48035,20
13.0198202133,80.224647522,48035,48045,10
13.019610405,80.2245864868,48045,48055,10
13.0188598633,80.2245101929,48055,48065,10
13.017829895,80.2248916626,48065,48076,11
13.0166597366,80.2253570557,48076,48086,10
13.0158500671,80.2256622314,48086,48096,10
13.0149002075,80.2260437012,48096,48106,10
13.0142803192,80.2262802124,48106,48116,10
13.0142202377,80.2262802124,48116,48126,10
13.0138502121,80.2264022827,48126,48136,10
13.0131797791,80.2266464233,48136,48146,10
13.0123195648,80.2269973755,48146,48157,11
13.0112895966,80.2274017334,48157,48167,10
13.0104398727,80.2277374268,48167,48177,10
13.0096998215,80.2280426025,48177,48187,10
13.0091104507,80.2286071777,48187,48197,10
13.0089101791,80.2295913696,48197,48207,10
13.0087003708,80.2306594849,48207,48217,10
13.0085296631,80.2317123413,48217,48227,10
13.0083198547,80.2327804565,48227,48237,10
13.0082302094,80.2334899902,48237,48248,11
13.0082197189,80.2335281372,48248,48258,10
13.0081396103,80.2337417603,48258,48268,10
13.0080795288,80.2340393066,48268,48278,10
13.0080003738,80.2345581055,48278,48288,10
13.0078897476,80.234992981,48288,48298,10
13.0078201294,80.2353820801,48298,48308,10
13.0076999664,80.2360992432,48308,48319,11
13.007519722,80.2370223999,48319,48330,11
13.0073299408,80.2379379272,48330,48340,10
13.0072002411,80.238571167,48340,48350,10
13.007060051,80.2393035889,48350,48360,10
13.0069198608,80.2401580811,48360,48370,10
13.0068101883,80.2406082153,48370,48380,10
13.0067796707,80.2407531738,48380,48390,10
13.0066995621,80.2412796021,48390,48400,10
13.0066995621,80.2422790527,48400,48411,11
13.0066900253,80.2431335449,48411,48421,10
13.0066795349,80.243560791,48421,48431,10
13.0066900253,80.2440338135,48431,48441,10
13.0066900253,80.244430542,48441,48451,10
13.0066604614,80.2446517944,48451,48461,10
13.0066604614,80.2450408936,48461,48471,10
13.006649971,80.245300293,48471,48481,10
13.0067195892,80.2459716797,48481,48491,10
13.0067300797,80.2464599609,48491,48502,11
13.0067195892,80.2467880249,48502,48512,10
13.0066404343,80.2472610474,48512,48522,10
13.0062799454,80.2473297119,48522,48532,10
13.0061798096,80.2473297119,48532,48542,10
13.0058403015,80.2473068237,48542,48552,10
13.0050697327,80.2472991943,48552,48562,10
13.0040102005,80.2474136353,48562,48572,10
13.0029201508,80.2475891113,48572,48583,11
13.0022497177,80.2477416992,48583,48593,10
13.0015296936,80.2479324341,48593,48603,10
13.0005397797,80.2481765747,48603,48613,10
12.9993600845,80.2484893799,48613,48623,10
12.9982995987,80.2487869263,48623,48633,10
12.9981203079,80.248840332,48633,48642,9
12.9977197647,80.248916626,48642,48653,11
12.9969797134,80.2490768433,48653,48663,10
12.9956197739,80.2494277954,48663,48674,11
12.9941301346,80.2498168945,48674,48684,10
12.9927797318,80.2501525879,48684,48694,10
12.9915103912,80.2504882813,48694,48704,10
12.9910297394,80.250617981,48704,48714,10
12.9908103943,80.2506484985,48714,48724,10
12.9902200699,80.2508010864,48724,48734,10
12.989780426,80.2509307861,48734,48815,81
12.989780426,80.2509307861,48815,48825,10
12.9895296097,80.2509994507,48825,48836,11
12.9890003204,80.2511291504,48836,48846,10
12.9886198044,80.2512283325,48846,48856,10
12.9882602692,80.2513427734,48856,48988,132
12.9882602692,80.2513427734,48988,48998,10
12.9881601334,80.2513198853,48998,49009,11
12.9878501892,80.251411438,49009,49019,10
12.9873304367,80.2515487671,49019,49029,10
12.9866800308,80.251739502,49029,49039,10
12.986000061,80.2518768311,49039,49049,10
12.9850997925,80.2521209717,49049,49059,10
12.9840497971,80.2524337769,49059,49069,10
12.9830198288,80.2526397705,49069,49079,10
12.9820299149,80.2526931763,49079,49089,10
12.9810400009,80.2527236938,49089,49100,11
12.9801597595,80.2527770996,49100,49110,10
12.9798402786,80.2527618408,49110,49120,10
12.9786596298,80.2525787354,49120,49140,20
12.9786596298,80.2525787354,49140,49150,10
12.9784002304,80.2524414063,49150,49160,10
12.9778299332,80.2519683838,49160,49170,10
12.9769897461,80.251373291,49170,49181,11
12.9757099152,80.2509536743,49181,49191,10
12.9745502472,80.250617981,49191,49201,10
12.973400116,80.250289917,49201,49211,10
12.972410202,80.2500228882,49211,49221,10
12.9712600708,80.249710083,49221,49231,10
12.9702796936,80.2493972778,49231,49241,10
12.968919754,80.248878479,49241,49251,10
12.9678602219,80.2484664917,49251,49261,10
12.9667596817,80.2479705811,49261,49272,11
12.965760231,80.247543335,49272,49282,10
12.9650497437,80.2473220825,49282,49302,20
12.9650497437,80.2473220825,49302,49312,10
12.9647197723,80.2471694946,49312,49322,10
12.9640197754,80.2469100952,49322,49332,10
12.9636297226,80.2467575073,49332,49342,10
12.963549614,80.2467193604,49342,49353,11
12.9629497528,80.2463989258,49353,49363,10
12.9620304108,80.2459411621,49363,49373,10
12.9608602524,80.2453765869,49373,49383,10
12.9596204758,80.2448806763,49383,49393,10
12.9593296051,80.244758606,49393,49403,10
12.9592695236,80.2447128296,49403,49413,10
12.958820343,80.2444992065,49413,49423,10
12.9580698013,80.2441711426,49423,49434,11
12.9574699402,80.2439498901,49434,49444,10
12.9565896988,80.2436904907,49444,49454,10
12.956199646,80.243522644,49454,49464,10
12.9556903839,80.2432785034,49464,49474,10
12.9549398422,80.2429199219,49474,49484,10
12.9540901184,80.2425689697,49484,49494,10
12.9532604218,80.2422180176,49494,49504,10
12.9523296356,80.2418670654,49504,49514,10
12.9517602921,80.2416992188,49514,49525,11
12.951669693,80.2416610718,49525,49535,10
12.9514398575,80.2415618896,49535,49545,10
12.950799942,80.2413330078,49545,49555,10
12.9498796463,80.2410430908,49555,49565,10
12.9491796494,80.2408218384,49565,49585,20
12.9491796494,80.2408218384,49585,49595,10
12.9489002228,80.2406921387,49595,49606,11
12.9481801987,80.2403869629,49606,49616,10
12.9473600388,80.2400588989,49616,49626,10
12.9466896057,80.2398529053,49626,49636,10
12.946680069,80.2398376465,49636,49646,10
12.9465398788,80.2397918701,49646,49656,10
12.945980072,80.2395324707,49656,49666,10
12.9451999664,80.2390899658,49666,49676,10
12.9443998337,80.23828125,49676,49686,10
12.9436998367,80.2374801636,49686,49697,11
12.9428396225,80.2366867065,49697,49707,10
12.9416503906,80.2362594604,49707,49717,10
12.9404401779,80.2359771729,49717,49727,10
12.9397802353,80.2357788086,49727,49737,10
12.9397296906,80.2357635498,49737,49747,10
12.9392499924,80.2355270386,49747,49757,10
12.9386396408,80.2352218628,49757,49767,10
12.937379837,80.2345733643,49767,49778,11
12.9362297058,80.2340316772,49778,49788,10
12.9357500076,80.2338104248,49788,49798,10
12.9350996017,80.2335128784,49798,49808,10
12.9343900681,80.2331924438,49808,49818,10
12.9339895248,80.2330169678,49818,49828,10
12.9339504242,80.233001709,49828,49838,10
12.933549881,80.2328109741,49838,49848,10
12.9327001572,80.2324523926,49848,49858,10
12.9315299988,80.2320404053,49858,49869,11
12.9299402237,80.231552124,49869,49879,10
12.9284496307,80.2312469482,49879,49889,10
12.9269695282,80.2310562134,49889,49899,10
12.925740242,80.2309112549,49899,49909,10
12.9244804382,80.2307510376,49909,49919,10
12.9232797623,80.2305984497,49919,49929,10
12.9217700958,80.2303695679,49929,49939,10
12.9201402664,80.2301712036,49939,49950,11
12.9185304642,80.2299804688,49950,49960,10
12.9173202515,80.2298126221,49960,49970,10
12.916179657,80.229637146,49970,49980,10
12.9147500992,80.2294387817,49980,49990,10
12.9132900238,80.2292785645,49990,50010,20
12.9132900238,80.2292785645,50010,50020,10
12.9132900238,80.2292404175,50020,50030,10
12.9127902985,80.2291488647,50030,50041,11
12.9117298126,80.2289962769,50041,50051,10
12.9104995728,80.2288284302,50051,50061,10
12.9092798233,80.2286376953,50061,50071,10
12.9081401825,80.2284469604,50071,50081,10
12.9068803787,80.228302002,50081,50132,51
12.9068803787,80.228302002,50132,50142,10
12.9067602158,80.2283096313,50142,50152,10
12.90625,80.2282485962,50152,50162,10
12.9055595398,80.228187561,50162,50172,10
12.9044704437,80.2281417847,50172,50182,10
12.9030799866,80.2280807495,50182,50192,10
12.9018297195,80.2280197144,50192,50202,10
12.9012498856,80.2280197144,50202,50223,21
12.9012498856,80.2280197144,50223,50233,10
12.9010095596,80.2279586792,50233,50243,10
12.9005699158,80.2279205322,50243,50253,10
12.8999900818,80.2278823853,50253,50263,10
12.899430275,80.2278671265,50263,50283,20
12.899430275,80.2278671265,50283,50294,11
12.8991804123,80.2278594971,50294,50304,10
12.8984804153,80.2278137207,50304,50314,10
12.8975000381,80.2277603149,50314,50324,10
12.8963403702,80.2276992798,50324,50334,10
12.8951997757,80.2276611328,50334,50344,10
12.8939599991,80.2275924683,50344,50354,10
12.8927602768,80.2274398804,50354,50364,10
12.8917102814,80.2273635864,50364,50374,10
12.8904104233,80.2273635864,50374,50385,11
12.888999939,80.2273635864,50385,50395,10
12.887720108,80.2272720337,50395,50405,10
12.8863096237,80.2269973755,50405,50415,10
12.8851804733,80.2267608643,50415,50425,10
12.884929657,80.2267379761,50425,50435,10
12.8848400116,80.2267303467,50435,50445,10
12.8843297958,80.2267074585,50445,50455,10
12.8835000992,80.2267227173,50455,50466,11
12.8822498322,80.2267303467,50466,50476,10
12.8809604645,80.2267379761,50476,50486,10
12.8795499802,80.2267608643,50486,50496,10
12.8780002594,80.2268371582,50496,50506,10
12.8768100739,80.2269592285,50506,50516,10
12.8764896393,80.2269821167,50516,50526,10
12.876449585,80.2269821167,50526,50536,10
12.8760595322,80.2269821167,50536,50546,10
12.8752603531,80.2269363403,50546,50557,11
12.8740301132,80.2267837524,50557,50567,10
12.8727998734,80.2267074585,50567,50577,10
12.8714704514,80.2266693115,50577,50587,10
12.8698797226,80.2265396118,50587,50597,10
12.8682403564,80.2263793945,50597,50607,10
12.8667001724,80.2265319824,50607,50617,10
12.86536026,80.2266387939,50617,50627,10
12.8639001846,80.2265396118,50627,50638,11
12.8622398376,80.2265625,50638,50648,10
12.8611097336,80.2266082764,50648,50658,10
12.8609695435,80.2266082764,50658,50668,10
12.8606901169,80.2265777588,50668,50678,10
12.8602695465,80.2265167236,50678,50688,10
12.8593702316,80.2263793945,50688,50698,10
12.8586301804,80.2262878418,50698,50708,10
12.857170105,80.2262878418,50708,50718,10
12.8557195663,80.2264404297,50718,50729,11
12.8539800644,80.2266235352,50729,50739,10
12.8522996902,80.2266693115,50739,50749,10
12.8507995605,80.2266235352,50749,50759,10
12.850060463,80.2266235352,50759,50769,10
12.8499803543,80.2266082764,50769,50779,10
12.8494796753,80.226600647,50779,50789,10
12.8486099243,80.226600647,50789,50799,10
12.8476200104,80.226600647,50799,50810,11
12.8464202881,80.2266082764,50810,50820,10
12.8450403214,80.2266311646,50820,50840,20
12.8450403214,80.2266311646,50840,50850,10
12.8448200226,80.2266235352,50850,50860,10
12.8442296982,80.2266387939,50860,50870,10
12.8432998657,80.2267379761,50870,50880,10
12.8421201706,80.2269668579,50880,50891,11
12.8407201767,80.2273635864,50891,50901,10
12.8398103714,80.2276611328,50901,50951,50
12.8398103714,80.2276611328,50951,50961,10
12.8395700455,80.2277603149,50961,50971,10
12.839220047,80.2278366089,50971,50982,11
12.8384103775,80.2280273438,50982,50992,10
12.8375797272,80.2282028198,50992,51002,10
12.8365898132,80.2283477783,51002,51012,10
12.835439682,80.2285308838,51012,51022,10
12.8342103958,80.228729248,51022,51032,10
12.8330602646,80.2289505005,51032,51042,10
12.8322601318,80.229133606,51042,51052,10
12.8322401047,80.2291412354,51052,51062,10
12.832110405,80.2291412354,51062,51073,11
12.8316602707,80.2292175293,51073,51083,10
12.8308401108,80.2294921875,51083,51093,10
12.8298397064,80.2298583984,51093,51102,9
12.8285303116,80.230430603,51102,51113,11
12.8270597458,80.2312088013,51113,51123,10
12.8259496689,80.2313995361,51123,51133,10
12.8257703781,80.2313766479,51133,51143,10
12.8252801895,80.2313919067,51143,51154,11
12.8243703842,80.2313079834,51154,51164,10
12.8232498169,80.2309875488,51164,51174,10
12.8219995499,80.2305984497,51174,51184,10
12.8207302094,80.2304382324,51184,51194,10
12.8195104599,80.2304763794,51194,51204,10
12.8189201355,80.2304916382,51204,51214,10
12.8186998367,80.2304077148,51214,51224,10
12.8180599213,80.2301025391,51224,51235,11
12.8169002533,80.2296066284,51235,51245,10
12.8154602051,80.2293624878,51245,51255,10
12.8140802383,80.229133606,51255,51265,10
12.8130197525,80.2287979126,51265,51275,10
12.8120203018,80.2284698486,51275,51285,10
12.8108100891,80.228012085,51285,51295,10
12.8096103668,80.2274703979,51295,51305,10
12.8085002899,80.2266921997,51305,51315,10
12.8074197769,80.2257766724,51315,51326,11
12.8065595627,80.2250213623,51326,51336,10
12.8058099747,80.224357605,51336,51346,10
12.8050203323,80.2239990234,51346,51356,10
12.8048095703,80.2239685059,51356,51366,10
12.8046598434,80.2239379883,51366,51376,10
12.8040800095,80.2238769531,51376,51386,10
12.8032302856,80.2238006592,51386,51396,10
12.8020896912,80.2236633301,51396,51407,11
12.8009595871,80.2235412598,51407,51417,10
12.800740242,80.2235488892,51417,51427,10
12.8003396988,80.2235031128,51427,51437,10
12.7996101379,80.2234420776,51437,51447,10
12.7987003326,80.2233428955,51447,51457,10
12.7976102829,80.2231903076,51457,51467,10
12.7965698242,80.2230072021,51467,51477,10
12.7957801819,80.2228775024,51477,51487,10
12.7957696915,80.2228622437,51487,51498,11
12.7953195572,80.2227401733,51498,51508,10
12.7945604324,80.222618103,51508,51518,10
12.793510437,80.2224578857,51518,51528,10
12.7923498154,80.2222824097,51528,51538,10
12.7912597656,80.2220230103,51538,51548,10
12.7902297974,80.2217712402,51548,51558,10
12.789349556,80.221496582,51558,51568,10
12.7885904312,80.2212219238,51568,51579,11
12.7877998352,80.220916748,51579,51589,10
12.7870702744,80.2206497192,51589,51609,20
12.7870702744,80.2206497192,51609,51619,10
12.7870197296,80.2206192017,51619,51629,10
12.7867898941,80.2205276489,51629,51639,10
12.7866401672,80.2204666138,51639,51649,10
12.7863998413,80.2203598022,51649,51659,10
12.7861795425,80.2204818726,51659,51670,11
12.786190033,80.2207870483,51670,51680,10
12.7861995697,80.221282959,51680,51690,10
12.7862300873,80.2216873169,51690,51811,121
12.7862300873,80.2216873169,51811,51821,10
12.786239624,80.2220611572,51821,51862,41
12.7862997055,80.2219467163,51862,52661,799
12.7862997055,80.2219467163,52661,52671,10
12.7861795425,80.2217025757,52671,52682,11
12.786190033,80.2214202881,52682,52712,30
12.786190033,80.2214202881,52712,52722,10
12.786190033,80.221206665,52722,52732,10
12.7861995697,80.220993042,52732,52742,10
12.7861995697,80.2208023071,52742,52752,10
12.7861795425,80.2205963135,52752,52762,10
12.7861995697,80.2203826904,52762,52783,21
12.7861995697,80.2203826904,52783,52793,10
12.7864303589,80.2203903198,52793,52803,10
12.7867202759,80.2204971313,52803,52813,10
12.7871198654,80.2206573486,52813,52823,10
12.7876796722,80.2208709717,52823,52833,10
12.7882995605,80.2211303711,52833,52843,10
12.789059639,80.2214202881,52843,52854,11
12.7897701263,80.2216796875,52854,52864,10
12.79047966,80.2218780518,52864,52874,10
12.7914400101,80.2221221924,52874,52884,10
12.792599678,80.2223815918,52884,52894,10
12.793800354,80.2225723267,52894,52904,10
12.794960022,80.2227478027,52904,52914,10
12.7957897186,80.2228927612,52914,52924,10
12.7963199615,80.2229919434,52924,52934,10
12.7970895767,80.2231369019,52934,52945,11
12.7983102798,80.2233123779,52945,52955,10
12.7995996475,80.2234420776,52955,52965,10
12.8009996414,80.2235565186,52965,52975,10
12.8023195267,80.2237014771,52975,52985,10
12.8032798767,80.2238311768,52985,52995,10
12.8040399551,80.2238922119,52995,53005,10
12.8048200607,80.2239608765,53005,53015,10
12.8056402206,80.2241897583,53015,53026,11
12.8065004349,80.224899292,53026,53036,10
12.8073596954,80.2256698608,53036,53046,10
12.8083200455,80.2264785767,53046,53056,10
12.8093795776,80.2273101807,53056,53066,10
12.8105802536,80.2278823853,53066,53076,10
12.8119697571,80.2284088135,53076,53086,10
12.8134698868,80.2289276123,53086,53096,10
12.8149795532,80.2292785645,53096,53106,10
12.8164796829,80.2294921875,53106,53117,11
12.8179197311,80.2299804688,53117,53127,10
12.8191003799,80.2304611206,53127,53137,10
12.8203601837,80.2304534912,53137,53147,10
12.8216400146,80.2304763794,53147,53157,10
12.8227500916,80.2307434082,53157,53167,10
12.8240299225,80.2311172485,53167,53177,10
12.8254003525,80.2313537598,53177,53187,10
12.826880455,80.231262207,53187,53198,11
12.828379631,80.2305603027,53198,53208,10
12.8296804428,80.2299499512,53208,53218,10
12.8309297562,80.2294464111,53218,53228,10
12.8314399719,80.2292480469,53228,53238,10
12.8316402435,80.2292404175,53238,53248,10
12.8318004608,80.2291870117,53248,53258,10
12.8323802948,80.2290725708,53258,53268,10
12.8333597183,80.2288970947,53268,53278,10
12.8346395493,80.2286987305,53278,53289,11
12.8362197876,80.2284393311,53289,53299,10
12.8376703262,80.2282028198,53299,53309,10
12.8388299942,80.2279281616,53309,53319,10
12.839509964,80.2277526855,53319,53349,30
12.839509964,80.2277526855,53349,53359,10
12.8396596909,80.2276763916,53359,53370,11
12.8402004242,80.2275314331,53370,53380,10
12.8409004211,80.2273406982,53380,53390,10
12.8417396545,80.2271194458,53390,53400,10
12.8427295685,80.226890564,53400,53410,10
12.8437595367,80.2267227173,53410,53420,10
12.8448696136,80.2266082764,53420,53430,10
12.8455400467,80.2265701294,53430,53440,10
12.8456296921,80.2265701294,53440,53450,10
12.8459300995,80.2265625,53450,53461,11
12.846739769,80.2265396118,53461,53471,10
12.8477201462,80.2265396118,53471,53481,10
12.8488101959,80.2265167236,53481,53491,10
12.8500995636,80.2265396118,53491,53501,10
12.8515396118,80.2265930176,53501,53511,10
12.8530197144,80.2266464233,53511,53521,10
12.8545103073,80.2265319824,53521,53531,10
12.8559503555,80.2263793945,53531,53542,11
12.8574895859,80.2261962891,53542,53552,10
12.8586397171,80.2262191772,53552,53562,10
12.859919548,80.2264099121,53562,53572,10
12.8613595963,80.2265625,53572,53582,10
12.862859726,80.2265014648,53582,53592,10
12.8643302917,80.2265319824,53592,53602,10
12.86577034,80.2265396118,53602,53612,10
12.8670396805,80.2264480591,53612,53622,10
12.8683395386,80.226348877,53622,53633,11
12.8697099686,80.2264862061,53633,53643,10
12.8710298538,80.2266235352,53643,53653,10
12.8722801208,80.2266464233,53653,53663,10
12.8731098175,80.2266693115,53663,53673,10
12.8740901947,80.2267303467,53673,53683,10
12.8753404617,80.2268981934,53683,53693,10
12.8763904572,80.2269210815,53693,53703,10
12.8772201538,80.2268600464,53703,53714,11
12.8784599304,80.2267608643,53714,53724,10
12.8796901703,80.2266998291,53724,53734,10
12.8809404373,80.2266921997,53734,53744,10
12.8822202682,80.2266769409,53744,53754,10
12.8835697174,80.2266921997,53754,53764,10
12.8847999573,80.2266616821,53764,53774,10
12.8859596252,80.2268676758,53774,53784,10
12.8872900009,80.2271881104,53784,53793,9
12.8884801865,80.2273330688,53793,53805,12
12.8900699615,80.2273406982,53805,53815,10
12.8914604187,80.2273406982,53815,53825,10
12.8928203583,80.2274093628,53825,53836,11
12.8941001892,80.2275695801,53836,53846,10
12.8957700729,80.2276535034,53846,53856,10
12.8971204758,80.2277069092,53856,53866,10
12.8984804153,80.2277908325,53866,53876,10
12.899600029,80.2278518677,53876,53887,11
12.900560379,80.2278366089,53887,53917,30
12.900560379,80.2278366089,53917,53927,10
12.9007797241,80.2279205322,53927,53937,10
12.9011602402,80.2279586792,53937,53947,10
12.9016895294,80.2279815674,53947,53957,10
12.9027004242,80.2279968262,53957,53978,21
12.9027004242,80.2279968262,53978,53988,10
12.9029798508,80.2280273438,53988,53998,10
12.9036302567,80.2280731201,53998,54008,10
12.9045295715,80.2281112671,54008,54018,10
12.9055700302,80.2281570435,54018,54028,10
12.9063196182,80.2282028198,54028,54069,41
12.9063196182,80.2282028198,54069,54079,10
12.90666008,80.2282104492,54079,54089,10
12.9072399139,80.2283172607,54089,54099,10
12.9082202911,80.2284622192,54099,54109,10
12.909529686,80.2286682129,54109,54119,10
12.9109201431,80.2288894653,54119,54129,10
12.9123697281,80.2290878296,54129,54139,10
12.9134902954,80.2292404175,54139,54150,11
12.9140100479,80.229309082,54150,54160,10
12.9140396118,80.2293624878,54160,54170,10
12.9144802094,80.2294235229,54170,54180,10
12.9153203964,80.2295379639,54180,54190,10
12.9165201187,80.2296981812,54190,54200,10
12.9179096222,80.2298812866,54200,54210,10
12.9193096161,80.2300567627,54210,54220,10
12.92070961,80.2302398682,54220,54231,11
12.9222297668,80.2304382324,54231,54241,10
12.9236898422,80.2306594849,54241,54251,10
12.9251499176,80.2308273315,54251,54261,10
12.9262599945,80.2309417725,54261,54271,10
12.9263601303,80.2309494019,54271,54281,10
12.9267301559,80.231010437,54281,54291,10
12.9275102615,80.2311019897,54291,54301,10
12.9285001755,80.2312469482,54301,54312,11
12.9295902252,80.2314834595,54312,54322,10
12.9307804108,80.2317810059,54322,54332,10
12.9321298599,80.2322006226,54332,54342,10
12.9333400726,80.2326278687,54342,54352,10
12.9336299896,80.232749939,54352,54362,10
12.9337396622,80.2328109741,54362,54372,10
12.9342899323,80.2330780029,54372,54382,10
12.9351797104,80.2334671021,54382,54392,10
12.93612957,80.2339172363,54392,54403,11
12.9373703003,80.2345275879,54403,54413,10
12.9385795593,80.2351226807,54413,54423,10
12.9396600723,80.2356491089,54423,54433,10
12.9398202896,80.2357025146,54433,54443,10
12.9400100708,80.2358093262,54443,54453,10
12.9406404495,80.236000061,54453,54463,10
12.9414997101,80.2362213135,54463,54473,10
12.9425001144,80.2365036011,54473,54484,11
12.9436397552,80.2373580933,54484,54494,10
12.9446697235,80.2384414673,54494,54504,10
12.9458599091,80.2393798828,54504,54514,10
12.9470300674,80.2398605347,54514,54524,10
12.9473896027,80.2400131226,54524,54534,10
12.9474802017,80.2400665283,54534,54544,10
12.9479598999,80.2402801514,54544,54554,10
12.9485902786,80.2405395508,54554,54564,10
12.9490804672,80.2407608032,54564,54575,11
12.9497900009,80.2409973145,54575,54585,10
12.9511003494,80.2414321899,54585,54605,20
12.9511003494,80.2414321899,54605,54615,10
12.9514799118,80.2415390015,54615,54625,10
12.9521303177,80.2417907715,54625,54635,10
12.9530096054,80.2421264648,54635,54645,10
12.9540996552,80.2425689697,54645,54656,11
12.9550695419,80.2429504395,54656,54666,10
12.9558200836,80.2432022095,54666,54676,10
12.9563102722,80.2433700562,54676,54696,20
12.9563102722,80.2433700562,54696,54706,10
12.9568395615,80.243598938,54706,54716,10
12.9575595856,80.2439575195,54716,54726,10
12.9585103989,80.2443237305,54726,54736,10
12.9589195251,80.244468689,54736,54747,11
12.9590301514,80.2445297241,54747,54757,10
12.9595403671,80.244758606,54757,54767,10
12.9603099823,80.2451171875,54767,54777,10
12.9613199234,80.2455978394,54777,54787,10
12.9624204636,80.2461395264,54787,54797,10
12.963060379,80.2464523315,54797,54807,10
12.9636297226,80.2467422485,54807,54817,10
12.9643697739,80.2470397949,54817,54828,11
12.9653596878,80.2473983765,54828,54838,10
12.9662904739,80.2477722168,54838,54848,10
12.966919899,80.2480392456,54848,54858,10
12.9669504166,80.2480621338,54858,54868,10
12.9671897888,80.2481765747,54868,54878,10
12.9678897858,80.2484970093,54878,54888,10
12.9688796997,80.248878479,54888,54898,10
12.9701700211,80.2493896484,54898,54909,11
12.9717197418,80.2498931885,54909,54919,10
12.97315979,80.2502670288,54919,54929,10
12.9746704102,80.2506713867,54929,54939,10
12.9761600494,80.251083374,54939,54949,10
12.9774303436,80.2515487671,54949,54959,10
12.9783201218,80.2522277832,54959,54969,10
12.9785203934,80.2523574829,54969,54979,10
12.9787101746,80.252456665,54979,54989,10
12.9796600342,80.2526397705,54989,55040,51
12.9796600342,80.2526397705,55040,55050,10
12.9799900055,80.2526397705,55050,55060,10
12.9806995392,80.2526397705,55060,55070,10
12.9816398621,80.2526168823,55070,55081,11
12.9829397202,80.2525634766,55081,55091,10
12.9841299057,80.2523269653,55091,55101,10
12.985449791,80.251953125,55101,55182,81
12.985449791,80.251953125,55182,55192,10
12.9858999252,80.2518234253,55192,55202,10
12.9863595963,80.2517623901,55202,55212,10
12.9870100021,80.2515563965,55212,55334,122
12.9870100021,80.2515563965,55334,55344,10
12.9874095917,80.2514266968,55344,55354,10
12.9877195358,80.2513885498,55354,55364,10
12.9879398346,80.2517700195,55364,55374,10
12.9879703522,80.251953125,55374,55384,10
12.9879598618,80.2520675659,55384,55394,10
12.9879598618,80.2525405884,55394,55404,10
12.9878797531,80.2534332275,55404,55414,10
12.9877796173,80.2546615601,55414,55425,11
12.9876899719,80.2555618286,55425,55435,10
12.9876203537,80.2561416626,55435,55445,10
12.9875802994,80.2563323975,55445,55455,10
12.9875402451,80.256477356,55455,55465,10
12.9875097275,80.2568283081,55465,55475,10
12.9874401093,80.2574996948,55475,55485,10
12.9873895645,80.2582168579,55485,55495,10
12.9873504639,80.2584991455,55495,55506,11
12.9871997833,80.2585678101,55506,55546,40
12.9871997833,80.2585678101,55546,55556,10
12.9869003296,80.2584991455,55556,55890,334
12.9869003296,80.2584991455,55890,55900,10
12.9867200851,80.2589416504,55900,59898,3998
12.9867200851,80.2589416504,59898,59908,10
12.9868803024,80.2589416504,59908,59918,10
12.9869699478,80.2587203979,59918,59928,10
12.9871902466,80.258682251,59928,59938,10
12.9873600006,80.2586593628,59938,59948,10
12.9873800278,80.2584762573,59948,59958,10
12.9874095917,80.2583084106,59958,59968,10
12.9874200821,80.2578887939,59968,59979,11
12.9874401093,80.2573623657,59979,59989,10
12.9874696732,80.2568969727,59989,59999,10
12.9875202179,80.2562103271,59999,60009,10
12.9875202179,80.2559432983,60009,60019,10
12.9876403809,80.2556762695,60019,60029,10
12.9876699448,80.2553787231,60029,60039,10
12.9877004623,80.254989624,60039,60049,10
12.9877195358,80.2548599243,60049,60060,11
12.9877796173,80.2542800903,60060,60070,10
12.9878396988,80.2535171509,60070,60080,10
12.9879398346,80.252456665,60080,60141,61
12.9879398346,80.252456665,60141,60151,10
12.987830162,80.2515563965,60151,60414,263
12.987830162,80.2515563965,60414,60424,10
12.9879102707,80.2512588501,60424,60434,10
12.9884195328,80.2511367798,60434,60444,10
12.9891004562,80.2510070801,60444,60454,10
12.9894695282,80.2509231567,60454,60464,10
12.9895296097,80.2509689331,60464,60474,10
12.9901695251,80.2508087158,60474,60485,11
12.9912395477,80.250541687,60485,60495,10
12.9933795929,80.2500076294,60495,60505,10
12.9933795929,80.2500076294,60505,60515,10
12.9945402145,80.2497024536,60515,60525,10
12.9956998825,80.2493972778,60525,60535,10
12.9968204498,80.2490997314,60535,60545,10
12.9969596863,80.2490463257,60545,60555,10
12.997130394,80.2490615845,60555,60567,12
12.9977903366,80.248878479,60567,60578,11
12.9990997314,80.2485580444,60578,60588,10
13.0002603531,80.2482528687,60588,60598,10
13.0013504028,80.2479782104,60598,60608,10
13.0020103455,80.247833252,60608,60618,10
13.0024499893,80.2477035522,60618,60628,10
13.0029697418,80.2476196289,60628,60637,9
13.0031604767,80.2475891113,60637,60648,11
13.0034103394,80.2475585938,60648,60659,11
13.0035896301,80.2475204468,60659,60669,10
13.003780365,80.2474975586,60669,60679,10
13.0038700104,80.247467041,60679,60689,10
13.0039300919,80.2474594116,60689,60699,10
13.004119873,80.2474365234,60699,60709,10
13.0044202805,80.247428894,60709,60719,10
13.0046195984,80.2473983765,60719,60729,10
13.0049200058,80.2473526001,60729,60750,21
13.0049200058,80.2473526001,60750,60760,10
13.0051698685,80.2473220825,60760,60780,20
13.0051698685,80.2473220825,60780,60790,10
13.0054597855,80.2472381592,60790,60800,10
13.0056200027,80.2471923828,60800,60831,31
13.0057897568,80.2471618652,60831,60871,40
13.0057897568,80.2471618652,60871,60881,10
13.0062103271,80.2469177246,60881,60891,10
13.0064096451,80.2467193604,60891,60901,10
13.006529808,80.2464065552,60901,60912,11
13.0065498352,80.2461395264,60912,60922,10
13.0065603256,80.2459869385,60922,60932,10
13.0066099167,80.2456588745,60932,60952,20
13.0066099167,80.2456588745,60952,60962,10
13.0066299438,80.2453536987,60962,60972,10
13.0066003799,80.245010376,60972,60982,10
13.0066099167,80.2447814941,60982,60993,11
13.0066299438,80.2445373535,60993,61003,10
13.0066099167,80.2442169189,61003,61013,10
13.0065803528,80.2438812256,61013,61023,10
13.0065603256,80.2434616089,61023,61033,10
13.006529808,80.2426986694,61033,61043,10
13.0065402985,80.2417984009,61043,61053,10
13.0065603256,80.2412796021,61053,61114,61
13.0065603256,80.2412796021,61114,61124,10
13.0066299438,80.2408905029,61124,61134,10
13.0066404343,80.2406997681,61134,61144,10
13.0066900253,80.2404098511,61144,61154,10
13.006819725,80.2397079468,61154,61165,11
13.0070400238,80.2385177612,61165,61175,10
13.0073003769,80.2374725342,61175,61185,10
13.0073900223,80.2368087769,61185,61195,10
13.0074195862,80.2367401123,61195,61205,10
13.0074701309,80.2366714478,61205,61215,10
13.0075397491,80.2364273071,61215,61225,10
13.007610321,80.236038208,61225,61235,10
13.0077600479,80.235168457,61235,61245,10
13.0080099106,80.2339706421,61245,61256,11
13.0082998276,80.2326202393,61256,61266,10
13.0085296631,80.2314071655,61266,61276,10
13.0087203979,80.2302017212,61276,61286,10
13.0089502335,80.2291793823,61286,61296,10
13.0093202591,80.2278671265,61296,61306,10
13.0097904205,80.226852417,61306,61316,10
13.010310173,80.2258377075,61316,61326,10
13.0106897354,80.2250518799,61326,61337,11
13.0110197067,80.2242584229,61337,61347,10
13.0113897324,80.2233581543,61347,61357,10
13.0116195679,80.2225799561,61357,61367,10
13.0118703842,80.2219467163,61367,61377,10
13.0121603012,80.2216720581,61377,61387,10
13.0124597549,80.2217788696,61387,61397,10
13.0127401352,80.2221679688,61397,61407,10
13.0132904053,80.2227020264,61407,61417,10
13.0137701035,80.2232818604,61417,61428,11
13.0144100189,80.2239532471,61428,61438,10
13.0149002075,80.2245025635,61438,61448,10
13.0153398514,80.2249069214,61448,61458,10
13.0155696869,80.2250518799,61458,61468,10
13.0156002045,80.2250900269,61468,61478,10
13.0159397125,80.2253265381,61478,61488,10
13.0165996552,80.2253265381,61488,61498,10
13.01720047,80.2250976563,61498,61509,11
13.0178604126,80.2248382568,61509,61519,10
13.0186796188,80.2245178223,61519,61529,10
13.0193395615,80.2243804932,61529,61549,20
13.0193395615,80.2243804932,61549,61559,10
13.0196399689,80.2245025635,61559,61590,31
13.0196399689,80.2245025635,61590,61600,10
13.0198698044,80.2246398926,61600,61610,10
13.0202302933,80.224937439,61610,61620,10
13.0206604004,80.2252502441,61620,61630,10
13.0211601257,80.2256164551,61630,61640,10
13.0215301514,80.2258834839,61640,61701,61
13.0215301514,80.2258834839,61701,61711,10
13.0217399597,80.2260513306,61711,61721,10
13.0221300125,80.2263565063,61721,61731,10
13.0226402283,80.2267990112,61731,61741,10
13.0231800079,80.2273025513,61741,61751,10
13.0235700607,80.2276611328,61751,61762,11
13.0240497589,80.2280807495,61762,61772,10
13.024430275,80.2285232544,61772,61832,60
13.024430275,80.2285232544,61832,61842,10
13.0243701935,80.2286376953,61842,61853,11
13.0240802765,80.2284469604,61853,61863,10
13.0237398148,80.228012085,61863,61873,10
13.0235395432,80.2278137207,61873,61883,10
13.0234804153,80.2277832031,61883,61893,10
13.0233802795,80.2276687622,61893,62085,192
13.0233802795,80.2276687622,62085,62095,10
13.0231704712,80.2273864746,62095,62106,11
13.0228300095,80.2270736694,62106,62116,10
13.0226097107,80.2268676758,62116,62126,10
13.0225000381,80.2267532349,62126,62136,10
13.0222501755,80.2265319824,62136,62146,10
13.0218000412,80.2261581421,62146,62156,10
13.0212697983,80.2257614136,62156,62166,10
13.0207595825,80.2253570557,62166,62176,10
13.0201396942,80.2249603271,62176,62187,11
13.0192699432,80.2245101929,62187,62197,10
13.0183601379,80.2246780396,62197,62207,10
13.0175800323,80.2249984741,62207,62217,10
13.0169095993,80.2252807617,62217,62227,10
13.0165395737,80.2254486084,62227,62237,10
13.0162000656,80.2255630493,62237,62247,10
13.0156297684,80.2257537842,62247,62257,10
13.0152797699,80.2258987427,62257,62268,11
13.0150003433,80.2260131836,62268,62278,10
13.0142698288,80.2262573242,62278,62298,20
13.0142698288,80.2262573242,62298,62308,10
13.0139703751,80.2263717651,62308,62318,10
13.0132198334,80.2266616821,62318,62328,10
13.0122804642,80.2270202637,62328,62338,10
13.0112800598,80.2274169922,62338,62348,10
13.0102796555,80.2278366089,62348,62359,11
13.0092601776,80.2284011841,62359,62369,10
13.0089597702,80.2295227051,62369,62379,10
13.0087099075,80.2308273315,62379,62389,10
13.008480072,80.2320632935,62389,62399,10
13.0082702637,80.2334594727,62399,62419,20
13.0082702637,80.2334594727,62419,62429,10
13.0081396103,80.2338409424,62429,62440,11
13.0079898834,80.2345733643,62440,62450,10
13.0078201294,80.2354278564,62450,62460,10
13.0076303482,80.2364196777,62460,62470,10
13.0074300766,80.237411499,62470,62480,10
13.0072803497,80.2382888794,62480,62490,10
13.0071401596,80.2390823364,62490,62500,10
13.0069599152,80.2400512695,62500,62541,41
13.0069599152,80.2400512695,62541,62551,10
13.0068702698,80.2406692505,62551,62571,20
13.0068702698,80.2406692505,62571,62581,10
13.0068397522,80.2407913208,62581,62591,10
13.0067901611,80.2412109375,62591,62601,10
13.0067396164,80.242149353,62601,62612,11
13.0067195892,80.2431488037,62612,62622,10
13.0067100525,80.2440414429,62622,62632,10
13.0066995621,80.2450714111,62632,62642,10
13.0067195892,80.2458572388,62642,62652,10
13.0067501068,80.246307373,62652,62662,10
13.0067796707,80.2465591431,62662,62672,10
13.0067796707,80.24659729,62672,62682,10
13.006770134,80.2470397949,62682,62713,31
13.006770134,80.2470397949,62713,62723,10
13.0066900253,80.2473602295,62723,62733,10
13.0061998367,80.2474594116,62733,62753,20
13.0061998367,80.2474594116,62753,62763,10
13.0058603287,80.2473831177,62763,62773,10
13.0050897598,80.2473678589,62773,62784,11
13.0038995743,80.2474899292,62784,62794,10
13.0028095245,80.2476577759,62794,62804,10
13.0022001266,80.2477798462,62804,62814,10
13.0014200211,80.2479629517,62814,62824,10
13.0003595352,80.2482223511,62824,62834,10
12.9991798401,80.2485198975,62834,62844,10
12.9980401993,80.2488021851,62844,62854,10
12.9967403412,80.2491073608,62854,62865,11
12.9953804016,80.249458313,62865,62875,10
12.9942598343,80.2497634888,62875,62885,10
12.9929800034,80.2500762939,62885,62895,10
12.9917898178,80.2503814697,62895,62905,10
12.9911298752,80.2505874634,62905,62915,10
12.9910802841,80.2506027222,62915,62925,10
12.9907302856,80.2506790161,62925,62935,10
12.9901895523,80.2508087158,62935,63016,81
12.9901895523,80.2508087158,63016,63026,10
12.9900302887,80.2508392334,63026,63037,11
12.9895095825,80.2509689331,63037,63047,10
12.9890699387,80.2510604858,63047,63057,10
12.9887304306,80.251159668,63057,63067,10
12.9884901047,80.2512207031,63067,63188,121
12.9884901047,80.2512207031,63188,63198,10
12.9882497787,80.2512283325,63198,63209,11
12.9880304337,80.2512969971,63209,63219,10
12.9877099991,80.2513809204,63219,63229,10
12.9871301651,80.2515487671,63229,63239,10
12.9863996506,80.2517623901,63239,63249,10
12.9855298996,80.2519836426,63249,63259,10
12.9844703674,80.2522583008,63259,63269,10
12.9833498001,80.2525405884,63269,63279,10
12.9823102951,80.2526397705,63279,63290,11
12.9811296463,80.2526702881,63290,63300,10
12.9803104401,80.2527236938,63300,63310,10
12.979590416,80.2526931763,63310,63320,10
12.978770256,80.2526016235,63320,63330,10
12.9786195755,80.2525634766,63330,63340,10
12.9785404205,80.252532959,63340,63350,10
12.9780597687,80.2521820068,63350,63360,10
12.9773702621,80.2515716553,63360,63371,11
12.9763097763,80.251159668,63371,63381,10
12.9750900269,80.2508163452,63381,63391,10
12.9738502502,80.2504730225,63391,63401,10
12.9727802277,80.2501983643,63401,63411,10
12.972029686,80.2499771118,63411,63421,10
12.9710798264,80.2497406006,63421,63431,10
12.970000267,80.2493667603,63431,63441,10
12.9696102142,80.2491989136,63441,63451,10
12.96916008,80.2490310669,63451,63462,11
12.9681396484,80.248626709,63462,63472,10
12.9672203064,80.2482376099,63472,63482,10
12.9664897919,80.2478790283,63482,63492,10
12.9656600952,80.247543335,63492,63502,10
12.965180397,80.2473907471,63502,63512,10
12.965180397,80.2473831177,63512,63522,10
12.9648399353,80.247253418,63522,63532,10
12.9642295837,80.2470321655,63532,63543,11
12.9638004303,80.2468795776,63543,63553,10
12.9632301331,80.2465896606,63553,63563,10
12.9624204636,80.2462005615,63563,63573,10
12.961520195,80.2457275391,63573,63583,10
12.9605703354,80.2452774048,63583,63593,10
12.9596204758,80.2448577881,63593,63603,10
12.9593000412,80.244758606,63603,63613,10
12.9592695236,80.2447433472,63613,63623,10
12.9589004517,80.2445678711,63623,63634,11
12.9580898285,80.2442321777,63634,63644,10
12.9575595856,80.2440414429,63644,63654,10
12.9567699432,80.243812561,63654,63684,30
12.956609726,80.2437362671,63684,63715,31
12.956609726,80.2437362671,63715,63725,10
12.956199646,80.2435836792,63725,63735,10
12.9555597305,80.2432403564,63735,63745,10
12.9551897049,80.2430419922,63745,63755,10
12.9547100067,80.2428207397,63755,63765,10
12.9539699554,80.2425003052,63765,63775,10
12.9530096054,80.2421112061,63775,63785,10
12.9521503448,80.2417984009,63785,63795,10
12.9517498016,80.2416687012,63795,63806,11
12.9516801834,80.2416534424,63806,63816,10
12.9515104294,80.2416000366,63816,63826,10
12.9506998062,80.241317749,63826,63836,10
12.949839592,80.2410583496,63836,63846,10
12.9492397308,80.2408828735,63846,63876,30
12.9492397308,80.2408828735,63876,63887,11
12.9491100311,80.2408294678,63887,63897,10
12.9485998154,80.2406082153,63897,63907,10
12.9477396011,80.2402572632,63907,63917,10
12.9469299316,80.2399291992,63917,63927,10
12.9468402863,80.2398910522,63927,63937,10
12.9468002319,80.2398605347,63937,63947,10
12.9464101791,80.2397003174,63947,63957,10
12.945690155,80.2393798828,63957,63968,11
12.9448204041,80.2387084961,63968,63978,10
12.9439401627,80.2377929688,63978,63988,10
12.9429397583,80.2368011475,63988,63998,10
12.9416704178,80.236289978,63998,64008,10
12.9403896332,80.2359771729,64008,64018,10
12.9396400452,80.2357177734,64018,64028,10
12.9396295547,80.2357177734,64028,64038,10
12.9392595291,80.2355422974,64038,64048,10
12.9385900497,80.2351837158,64048,64059,11
12.9373502731,80.2345733643,64059,64069,10
12.9362201691,80.2340316772,64069,64079,10
12.9352703094,80.233581543,64079,64089,10
12.9337701797,80.2329177856,64089,64109,20
12.9337701797,80.2329177856,64109,64119,10
12.9336595535,80.2328262329,64119,64129,10
12.9331197739,80.2325973511,64129,64140,11
12.9321203232,80.2322311401,64140,64150,10
12.9309196472,80.231842041,64150,64160,10
12.9296398163,80.2314987183,64160,64170,10
12.9284200668,80.231262207,64170,64180,10
12.9276103973,80.2311477661,64180,64190,10
12.926609993,80.2310409546,64190,64200,10
12.9261703491,80.2309875488,64200,64210,10
12.9261598587,80.2309875488,64210,64220,10
12.9259595871,80.2309494019,64220,64231,11
12.9248895645,80.2308273315,64231,64241,10
12.9237098694,80.2306976318,64241,64251,10
12.9224901199,80.230506897,64251,64261,10
12.9211997986,80.2303237915,64261,64271,10
12.9199695587,80.2301712036,64271,64281,10
12.9190797806,80.2300720215,64281,64291,10
12.9189300537,80.2300491333,64291,64301,10
12.9183397293,80.2299728394,64301,64312,11
12.9173603058,80.2298278809,64312,64322,10
12.9166603088,80.2297286987,64322,64332,10
12.9157304764,80.229598999,64332,64342,10
12.9146995544,80.2294311523,64342,64352,10
12.913599968,80.2293167114,64352,64362,10
12.9133396149,80.2293014526,64362,64372,10
12.9132795334,80.2292785645,64372,64382,10
12.9127702713,80.2291870117,64382,64393,11
12.9117803574,80.2290420532,64393,64403,10
12.9105501175,80.2288665771,64403,64413,10
12.9091796875,80.2286376953,64413,64423,10
12.9079198837,80.2284393311,64423,64433,10
12.9067897797,80.2282867432,64433,64514,81
12.9067897797,80.2282867432,64514,64524,10
12.9066400528,80.2282333374,64524,64534,10
12.9061403275,80.2282028198,64534,64544,10
12.9053001404,80.2281570435,64544,64554,10
12.9042901993,80.2281188965,64554,64565,11
12.9032297134,80.2280578613,64565,64575,10
12.9024200439,80.228012085,64575,64585,10
12.9018001556,80.2279815674,64585,64595,10
12.9011602402,80.2279586792,64595,64605,10
12.9006996155,80.2279205322,64605,64615,10
12.9001197815,80.227897644,64615,64625,10
12.8991498947,80.2278671265,64625,64645,20
12.8991498947,80.2278671265,64645,64656,11
12.8988399506,80.2278213501,64656,64666,10
12.8980998993,80.2277908325,64666,64676,10
12.8970804214,80.2277297974,64676,64686,10
12.8958597183,80.2276763916,64686,64696,10
12.8944702148,80.2276229858,64696,64706,10
12.8931398392,80.2274780273,64706,64716,10
12.8925504684,80.2274093628,64716,64787,71
12.8925504684,80.2274093628,64787,64797,10
12.8922100067,80.2273864746,64797,64807,10
12.8914203644,80.2273712158,64807,64818,11
12.8902397156,80.2273406982,64818,64828,10
12.8891401291,80.2273635864,64828,64838,10
12.8882303238,80.2273101807,64838,64848,10
12.8872003555,80.227180481,64848,64858,10
12.8859901428,80.2269134521,64858,64868,10
12.8850297928,80.2267532349,64868,64878,10
12.8847799301,80.2267379761,64878,64888,10
12.8845901489,80.2267303467,64888,64898,10
12.883939743,80.2267303467,64898,64909,11
12.8828601837,80.2267303467,64909,64919,10
12.881649971,80.2267379761,64919,64929,10
12.8803596497,80.2267532349,64929,64939,10
12.8790302277,80.2267608643,64939,64949,10
12.8776397705,80.2268829346,64949,64959,10
12.8764600754,80.2269897461,64959,64979,20
12.8764600754,80.2269897461,64979,64990,11
12.87596035,80.2269897461,64990,65000,10
12.8750896454,80.2269210815,65000,65010,10
12.8739299774,80.2267684937,65010,65020,10
12.8727703094,80.2267074585,65020,65030,10
12.8725500107,80.2267227173,65030,65040,10
12.872179985,80.2266998291,65040,65050,10
12.871339798,80.2266616821,65050,65060,10
12.8702001572,80.2265777588,65060,65071,11
12.8686599731,80.2264099121,65071,65081,10
12.8671197891,80.2264709473,65081,65091,10
12.8656101227,80.2265777588,65091,65101,10
12.8639602661,80.2265396118,65101,65111,10
12.8622598648,80.2265472412,65111,65121,10
12.8610496521,80.226600647,65121,65131,10
12.8609399796,80.2266082764,65131,65141,10
12.8604602814,80.2265472412,65141,65151,10
12.8596401215,80.2264328003,65151,65162,11
12.8587503433,80.2263031006,65162,65172,10
12.8578901291,80.2262496948,65172,65182,10
12.8568096161,80.2263336182,65182,65192,10
12.8556203842,80.2264633179,65192,65202,10
12.8543395996,80.2265930176,65202,65212,10
12.8530902863,80.2266998291,65212,65222,10
12.8518800735,80.2266616821,65222,65232,10
12.8507204056,80.2266235352,65232,65243,11
12.8498497009,80.2266235352,65243,65253,10
12.8498001099,80.2266235352,65253,65263,10
12.8493099213,80.226600647,65263,65273,10
12.8484401703,80.2265930176,65273,65283,10
12.8473396301,80.226600647,65283,65293,10
12.8462600708,80.2265930176,65293,65303,10
12.845580101,80.2266082764,65303,65334,31
12.845580101,80.2266082764,65334,65344,10
12.8451404572,80.2266387939,65344,65354,10
12.8444004059,80.2266769409,65354,65364,10
12.8434200287,80.2267990112,65364,65374,10
12.8422603607,80.2270202637,65374,65384,10
12.840880394,80.2273635864,65384,65394,10
12.8400297165,80.2276077271,65394,65404,10
12.839679718,80.2277374268,65404,65415,11
12.8392696381,80.2278594971,65415,65425,10
12.8387403488,80.2279815674,65425,65435,10
12.8379201889,80.2281494141,65435,65445,10
12.8367996216,80.2283401489,65445,65455,10
12.8354301453,80.2285308838,65455,65465,10
12.8340196609,80.228767395,65465,65475,10
12.8327598572,80.2290267944,65475,65485,10
12.8322696686,80.2291412354,65485,65496,11
12.8321399689,80.2291564941,65496,65506,10
12.8316202164,80.2292709351,65506,65516,10
12.8307800293,80.2295379639,65516,65526,10
12.8296403885,80.2299499512,65526,65536,10
12.8283500671,80.2305603027,65536,65546,10
12.8270998001,80.2312164307,65546,65556,10
12.8257904053,80.2313919067,65556,65566,10
12.8244800568,80.231338501,65566,65576,10
12.8231801987,80.23097229,65576,65587,11
12.8221597672,80.2306518555,65587,65597,10
12.8212995529,80.2304763794,65597,65607,10
12.8204097748,80.2304763794,65607,65617,10
12.8194799423,80.230506897,65617,65627,10
12.8190202713,80.2305221558,65627,65637,10
12.818810463,80.2304611206,65637,65647,10
12.8182497025,80.2301864624,65647,65657,10
12.8173303604,80.2297668457,65657,65668,11
12.8159103394,80.2294311523,65668,65678,10
12.8144598007,80.2292175293,65678,65688,10
12.813079834,80.2288284302,65688,65698,10
12.8117198944,80.2283477783,65698,65708,10
12.8106498718,80.2279663086,65708,65718,10
12.8104801178,80.227897644,65718,65728,10
12.809920311,80.2276382446,65728,65738,10
12.8091001511,80.227180481,65738,65748,10
12.8081102371,80.2263870239,65748,65759,11
12.8070602417,80.2254867554,65759,65769,10
12.8063898087,80.224899292,65769,65779,10
12.8056402206,80.2242736816,65779,65789,10
12.8049602509,80.2240219116,65789,65807,18
12.8049602509,80.2240219116,65807,65819,12
12.8048295975,80.2239837646,65819,65829,10
12.804400444,80.2239227295,65829,65840,11
12.8033895493,80.2238388062,65840,65850,10
12.8026199341,80.223739624,65850,65860,10
12.8019695282,80.2236633301,65860,65870,10
12.8010997772,80.2235870361,65870,65880,10
12.8005895615,80.2235565186,65880,65890,10
12.8002195358,80.2235031128,65890,65900,10
12.7995300293,80.2234420776,65900,65910,10
12.7984800339,80.2232894897,65910,65921,11
12.7970504761,80.2230911255,65921,65931,10
12.7958602905,80.2229003906,65931,65941,10
12.7948799133,80.2227478027,65941,65951,10
12.7946100235,80.2227172852,65951,65961,10
12.7941102982,80.2226409912,65961,65971,10
12.7932500839,80.2225112915,65971,65981,10
12.79226017,80.2223434448,65981,65991,10
12.7912797928,80.2220993042,65991,66001,10
12.7902498245,80.2218399048,66001,66012,11
12.7895097733,80.2216262817,66012,66022,10
12.7889003754,80.2213973999,66022,66032,10
12.7882003784,80.2211303711,66032,66042,10
12.7877397537,80.2209625244,66042,66052,10
12.7873296738,80.2208023071,66052,66062,10
12.7869701385,80.2206726074,66062,66072,10
12.786450386,80.220489502,66072,66113,41
12.786450386,80.220489502,66113,66123,10
12.7862195969,80.2203979492,66123,66133,10
12.7861404419,80.2205429077,66133,66143,10
12.7861700058,80.2208633423,66143,66153,10
12.7861995697,80.2211990356,66153,66163,10
12.786239624,80.2215576172,66163,66173,10
12.7862501144,80.2220535278,66173,66862,689
12.7862501144,80.2220535278,66862,66872,10
12.7862195969,80.2217102051,66872,66882,10
12.7862195969,80.2215499878,66882,66892,10
12.7862195969,80.2215270996,66892,66902,10
12.7861795425,80.221282959,66902,66912,10
12.786190033,80.2210235596,66912,66922,10
12.7861604691,80.2207565308,66922,66933,11
12.7861795425,80.2204208374,66933,66953,20
12.7861795425,80.2204208374,66953,66963,10
12.7864198685,80.2204589844,66963,66973,10
12.7865896225,80.2205429077,66973,66983,10
12.7866001129,80.2205429077,66983,66993,10
12.7868499756,80.2206726074,66993,67003,10
12.7872104645,80.2208023071,67003,67014,11
12.787730217,80.2210006714,67014,67024,10
12.7882099152,80.2211914063,67024,67034,10
12.7887601852,80.2213897705,67034,67044,10
12.7893800735,80.2216186523,67044,67054,10
12.7898197174,80.2217712402,67054,67064,10
12.7903604507,80.2219085693,67064,67074,10
12.7910404205,80.2220687866,67074,67084,10
12.7916698456,80.2222366333,67084,67094,10
12.792429924,80.2224197388,67094,67105,11
12.7933702469,80.2225570679,67105,67115,10
12.7942304611,80.2226867676,67115,67125,10
12.7950801849,80.2228317261,67125,67135,10
12.795920372,80.2229690552,67135,67145,10
12.796500206,80.2230682373,67145,67155,10
12.7966003418,80.2230911255,67155,67165,10
12.7970504761,80.2231826782,67165,67175,10
12.7977104187,80.2232894897,67175,67186,11
12.7985200882,80.2234115601,67186,67196,10
12.7993297577,80.2235031128,67196,67206,10
12.800239563,80.2235565186,67206,67216,10
12.8016700745,80.2236785889,67216,67236,20
12.8016700745,80.2236785889,67236,67246,10
12.80189991,80.2237091064,67246,67256,10
12.802479744,80.223777771,67256,67267,11
12.8030996323,80.2238693237,67267,67277,10
12.8038597107,80.2239379883,67277,67287,10
12.8046998978,80.2240066528,67287,67297,10
12.8055801392,80.2242202759,67297,67317,20
12.8055801392,80.2242202759,67317,67327,10
12.8057203293,80.2243118286,67327,67337,10
12.8060798645,80.2246170044,67337,67347,10
12.8066501617,80.2251205444,67347,67358,11
12.8073596954,80.225730896,67358,67368,10
12.8079900742,80.2262573242,67368,67378,10
12.808719635,80.2268829346,67378,67388,10
12.8094797134,80.2274475098,67388,67398,10
12.8102903366,80.2278137207,67398,67408,10
12.8111495972,80.2281723022,67408,67418,10
12.81208992,80.2285232544,67418,67428,10
12.813079834,80.2288665771,67428,67439,11
12.8142204285,80.2292098999,67439,67449,10
12.8152704239,80.2293777466,67449,67459,10
12.8163700104,80.2295379639,67459,67469,10
12.8174695969,80.2298431396,67469,67479,10
12.8183698654,80.2302627563,67479,67489,10
12.8191404343,80.2305374146,67489,67499,10
12.8198795319,80.2304992676,67499,67509,10
12.8199195862,80.230506897,67509,67520,11
12.8201398849,80.230506897,67520,67530,10
12.8208198547,80.2304992676,67530,67540,10
12.8217201233,80.2305603027,67540,67550,10
12.8226804733,80.2308197021,67550,67560,10
12.8237199783,80.2311325073,67560,67570,10
12.8247003555,80.2313537598,67570,67580,10
12.8261203766,80.2313919067,67580,67600,20
12.8261203766,80.2313919067,67600,67611,11
12.8264799118,80.2313537598,67611,67621,10
12.8271198273,80.2312393188,67621,67631,10
12.8278598785,80.2308731079,67631,67641,10
12.8286304474,80.2304382324,67641,67651,10
12.8294696808,80.2300567627,67651,67661,10
12.830280304,80.2297286987,67661,67671,10
12.8306999207,80.2295684814,67671,67732,61
12.8306999207,80.2295684814,67732,67742,10
12.8307695389,80.2296218872,67742,67752,10
12.8311004639,80.2294769287,67752,67762,10
12.8315200806,80.229309082,67762,67772,10
12.8315696716,80.2292861938,67772,67783,11
12.8316001892,80.2292709351,67783,67793,10
12.8318595886,80.2292098999,67793,67803,10
12.832280159,80.2291183472,67803,67813,10
12.832909584,80.2289962769,67813,67823,10
12.8336601257,80.2288818359,67823,67833,10
12.8345003128,80.2287216187,67833,67843,10
12.8353900909,80.2285766602,67843,67853,10
12.8363199234,80.2284164429,67853,67864,11
12.8373804092,80.2282562256,67864,67874,10
12.8383197784,80.2280578613,67874,67884,10
12.839050293,80.2278594971,67884,67894,10
12.839389801,80.2276992798,67894,67904,10
12.8394002914,80.2276992798,67904,67914,10
12.8395700455,80.2276382446,67914,67924,10
12.8397798538,80.2276000977,67924,67934,10
12.840180397,80.2275466919,67934,67945,11
12.8407096863,80.2274017334,67945,67985,40
12.8407096863,80.2274017334,67985,67995,10
12.840880394,80.2273864746,67995,68005,10
12.8412799835,80.2272872925,68005,68015,10
12.8419103622,80.2271194458,68015,68025,10
12.8426799774,80.2269592285,68025,68036,11
12.8436002731,80.2267990112,68036,68046,10
12.8444404602,80.2266998291,68046,68056,10
12.8452796936,80.2266387939,68056,68086,30
12.8452796936,80.2266387939,68086,68096,10
12.8455295563,80.2266082764,68096,68106,10
12.8458204269,80.226600647,68106,68117,11
12.8464097977,80.226600647,68117,68127,10
12.8472604752,80.2265930176,68127,68137,10
12.848279953,80.2265777588,68137,68147,10
12.8490800858,80.2265777588,68147,68157,10
12.8498802185,80.2265777588,68157,68167,10
12.8500995636,80.226600647,68167,68177,10
12.8503704071,80.226600647,68177,68187,10
12.8509101868,80.2266235352,68187,68198,11
12.8518800735,80.2266235352,68198,68268,70
12.8518800735,80.2266235352,68268,68278,10
12.8519802094,80.2266464233,68278,68289,11
12.8524999619,80.2266921997,68289,68299,10
12.8532104492,80.2266998291,68299,68309,10
12.8540697098,80.2266235352,68309,68319,10
12.8550596237,80.2265014648,68319,68329,10
12.8561401367,80.2263793945,68329,68339,10
12.857339859,80.226272583,68339,68349,10
12.8581199646,80.2262420654,68349,68359,10
12.8586797714,80.2262878418,68359,68370,11
12.8596000671,80.2263870239,68370,68380,10
12.8605499268,80.2265319824,68380,68390,10
12.8608598709,80.2265701294,68390,68400,10
12.8609199524,80.2265777588,68400,68410,10
12.861240387,80.2265777588,68410,68420,10
12.8619003296,80.2265625,68420,68430,10
12.8627595901,80.2265319824,68430,68440,10
12.8637399673,80.2265319824,68440,68451,11
12.8649597168,80.2265777588,68451,68461,10
12.8661003113,80.2265701294,68461,68471,10
12.8672199249,80.2264709473,68471,68481,10
12.8683795929,80.2263870239,68481,68491,10
12.8694801331,80.2264862061,68491,68501,10
12.8705396652,80.2266082764,68501,68511,10
12.8714704514,80.2266693115,68511,68521,10
12.872179985,80.2266769409,68521,68531,10
12.8727502823,80.2266769409,68531,68552,21
12.8727502823,80.2266769409,68552,68562,10
12.8728704453,80.2266998291,68562,68572,10
12.873049736,80.2267074585,68572,68582,10
12.8732299805,80.2267074585,68582,68592,10
12.8735303879,80.2267303467,68592,68643,51
12.873840332,80.2267379761,68643,68673,30
12.873840332,80.2267379761,68673,68683,10
12.874130249,80.2267913818,68683,68693,10
12.8742904663,80.2268066406,68693,68704,11
12.874540329,80.226852417,68704,68714,10
12.8748397827,80.2268829346,68714,68754,40
12.8748397827,80.2268829346,68754,68764,10
12.8750600815,80.2269134521,68764,68774,10
12.8752298355,80.2269287109,68774,68815,41
12.8755903244,80.2269592285,68815,68855,40
12.8755903244,80.2269592285,68855,68865,10
12.8759899139,80.2269821167,68865,68876,11
12.8761997223,80.2269668579,68876,68886,10
12.8764801025,80.2269592285,68886,68896,10
12.8767995834,80.2269287109,68896,68916,20
12.8767995834,80.2269287109,68916,68926,10
12.8771696091,80.2269210815,68926,68936,10
12.8779296875,80.2268600464,68936,68946,10
12.8789196014,80.2267990112,68946,68957,11
12.880200386,80.2267608643,68957,68967,10
12.8814496994,80.2267379761,68967,68977,10
12.8827695847,80.2267303467,68977,68987,10
12.8841295242,80.2267227173,68987,68997,10
12.8852996826,80.2267379761,68997,69017,20
12.8852996826,80.2267379761,69017,69027,10
12.8853397369,80.2267532349,69027,69037,10
12.8857603073,80.2268371582,69037,69048,11
12.8865995407,80.2270736694,69048,69058,10
12.8874998093,80.2272567749,69058,69068,10
12.8885498047,80.2273635864,69068,69078,10
12.8897600174,80.2273712158,69078,69088,10
12.8910198212,80.2273635864,69088,69098,10
12.8920001984,80.2273712158,69098,69149,51
12.8920001984,80.2273712158,69149,69159,10
12.8920497894,80.2273788452,69159,69169,10
12.8923397064,80.2274017334,69169,69179,10
12.8929004669,80.2274475098,69179,69189,10
12.8936901093,80.2275466919,69189,69199,10
12.8946199417,80.2276306152,69199,69210,11
12.8957700729,80.2276916504,69210,69220,10
12.8968400955,80.2277374268,69220,69230,10
12.8979597092,80.2277908325,69230,69240,10
12.8991603851,80.2278671265,69240,69260,20
12.8991603851,80.2278671265,69260,69270,10
12.8994998932,80.2278900146,69270,69280,10
12.9000597,80.2279205322,69280,69290,10
12.9005203247,80.2279510498,69290,69301,11
12.9010400772,80.2279815674,69301,69311,10
12.9015302658,80.2280273438,69311,69321,10
12.9022197723,80.2280578613,69321,69331,10
12.9030103683,80.2280502319,69331,69351,20
12.9030103683,80.2280502319,69351,69361,10
12.9032201767,80.2280426025,69361,69371,10
12.9037904739,80.2281112671,69371,69382,11
12.9045801163,80.2281723022,69382,69392,10
12.9054203033,80.2282180786,69392,69402,10
12.9059495926,80.2282333374,69402,69473,71
12.9059495926,80.2282333374,69473,69483,10
12.9062404633,80.2282714844,69483,69493,10
12.9066095352,80.228302002,69493,69503,10
12.9070196152,80.2283401489,69503,69513,10
12.9070701599,80.2283477783,69513,69523,10
12.907500267,80.2284088135,69523,69533,10
12.9082803726,80.2285308838,69533,69543,10
12.909239769,80.2286834717,69543,69554,11
12.9108400345,80.2289428711,69554,69564,10
12.912320137,80.2291564941,69564,69574,10
12.913359642,80.229309082,69574,69584,10
12.9140396118,80.2293777466,69584,69604,20
12.9140396118,80.2293777466,69604,69614,10
12.9143400192,80.2294235229,69614,69624,10
12.9150600433,80.2295303345,69624,69635,11
12.9159698486,80.2296829224,69635,69645,10
12.9170103073,80.2298202515,69645,69655,10
12.9182395935,80.2300033569,69655,69665,10
12.9190502167,80.2301177979,69665,69675,10
12.9198198318,80.2302093506,69675,69685,10
12.9207696915,80.2303237915,69685,69695,10
12.9218597412,80.23046875,69695,69705,10
12.923119545,80.2306594849,69705,69716,11
12.9246397018,80.2308578491,69716,69726,10
12.9261703491,80.2310409546,69726,69736,10
12.9274101257,80.2311706543,69736,69746,10
12.9283895493,80.231300354,69746,69756,10
12.9288396835,80.2313766479,69756,69766,10
12.9295902252,80.2315292358,69766,69776,10
12.9305896759,80.2317886353,69776,69786,10
12.9317998886,80.2321777344,69786,69796,10
12.9329996109,80.2325820923,69796,69807,11
12.9335098267,80.2327804565,69807,69827,20
12.9335098267,80.2327804565,69827,69837,10
12.9339504242,80.2329711914,69837,69847,10
12.9347000122,80.2333068848,69847,69857,10
12.9356002808,80.2337188721,69857,69867,10
12.9365196228,80.234161377,69867,69877,10
12.9375896454,80.2346801758,69877,69888,11
12.9387798309,80.2352905273,69888,69898,10
12.9394798279,80.2356491089,69898,69908,10
12.9399404526,80.2358093262,69908,69928,20
12.9399404526,80.2358093262,69928,69938,10
12.9401702881,80.2359237671,69938,69948,10
12.9408502579,80.2361068726,69948,69958,10
12.9417896271,80.2363433838,69958,69968,10
12.9429197311,80.2367706299,69968,69979,11
12.944029808,80.2378463745,69979,69989,10
12.9450502396,80.2389602661,69989,69999,10
12.9463796616,80.2397384644,69999,70009,10
12.947520256,80.2401580811,70009,70029,20
12.947520256,80.2401580811,70029,70039,10
12.9478197098,80.2402801514,70039,70049,10
12.948340416,80.2405014038,70049,70060,11
12.9484701157,80.2405471802,70060,70070,10
12.9486503601,80.2406234741,70070,70080,10
12.9491701126,80.2408370972,70080,70090,10
12.9507102966,80.241317749,70090,70100,10
12.9507102966,80.241317749,70100,70110,10
12.9508800507,80.2413711548,70110,70120,10
12.9509801865,80.2414169312,70120,70130,10
12.9514799118,80.2415924072,70130,70141,11
12.9523096085,80.2418899536,70141,70151,10
12.9531402588,80.2422180176,70151,70161,10
12.9537200928,80.2424468994,70161,70171,10
12.9542398453,80.2426681519,70171,70181,10
12.954870224,80.2429199219,70181,70191,10
12.9554300308,80.2431030273,70191,70201,10
12.9563102722,80.2434234619,70201,70232,31
12.9563102722,80.2434234619,70232,70242,10
12.956489563,80.2434921265,70242,70251,9
12.9570703506,80.2437515259,70251,70262,11
12.9577903748,80.2440795898,70262,70271,9
12.9585199356,80.244392395,70271,70282,11
12.9589300156,80.2445373535,70282,70292,10
12.9590196609,80.2445907593,70292,70302,10
12.95952034,80.2448425293,70302,70313,11
12.9603500366,80.2452163696,70313,70323,10
12.9612798691,80.2456512451,70323,70333,10
12.962269783,80.2461395264,70333,70343,10
12.9630804062,80.2465515137,70343,70353,10
12.9637403488,80.2468566895,70353,70363,10
12.9646100998,80.247177124,70363,70373,10
12.9654197693,80.2474594116,70373,70383,10
12.9658603668,80.2476196289,70383,70394,11
12.965959549,80.2476730347,70394,70404,10
12.966170311,80.2477493286,70404,70414,10
12.9664697647,80.2478713989,70414,70434,20
12.9664697647,80.2478713989,70434,70444,10
12.9667196274,80.2480010986,70444,70454,10
12.9671497345,80.2482223511,70454,70464,10
12.9677495956,80.2484817505,70464,70474,10
12.9685497284,80.2487869263,70474,70485,11
12.9693403244,80.2491073608,70485,70495,10
12.97012043,80.249420166,70495,70505,10
12.9709596634,80.2497329712,70505,70515,10
12.9720096588,80.25,70515,70525,10
12.9730796814,80.2502822876,70525,70535,10
12.9740200043,80.2505187988,70535,70545,10
12.97453022,80.2506332397,70545,70555,10
12.9745197296,80.2506332397,70555,70566,11
12.9748401642,80.2507324219,70566,70576,10
12.9756402969,80.2509765625,70576,70586,10
12.9766998291,80.2512969971,70586,70596,10
12.9777002335,80.2518234253,70596,70606,10
12.978509903,80.2524185181,70606,70616,10
12.9785499573,80.2524414063,70616,70626,10
12.9785995483,80.2524719238,70626,70636,10
12.9792098999,80.2526397705,70636,70677,41
12.9792098999,80.2526397705,70677,70687,10
12.9796199799,80.2527084351,70687,70697,10
12.9800300598,80.2527313232,70697,70707,10
12.9805803299,80.2527313232,70707,70717,10
12.981300354,80.2526931763,70717,70727,10
12.9821100235,80.2526702881,70727,70768,41
12.9821100235,80.2526702881,70768,70778,10
12.9824199677,80.2526626587,70778,70788,10
12.9830503464,80.2526168823,70788,70798,10
12.9835300446,80.2525405884,70798,70808,10
12.9839801788,80.2524337769,70808,70819,11
12.9845399857,80.2522735596,70819,70829,10
12.984919548,80.2521820068,70829,70839,10
12.9853696823,80.2520523071,70839,70849,10
12.9857997894,80.2519378662,70849,70859,10
12.9863300323,80.2518005371,70859,70869,10
12.9868297577,80.2516708374,70869,70879,10
12.9872398376,80.2515411377,70879,70889,10
12.9875202179,80.2514572144,70889,70899,10
12.987660408,80.2514266968,70899,70910,11
12.9880199432,80.2513580322,70910,70920,10
12.9888296127,80.251159668,70920,70930,10
12.98939991,80.2509918213,70930,70940,10
12.9894504547,80.2509918213,70940,70950,10
12.989780426,80.2509231567,70950,70960,10
12.9907302856,80.2506790161,70960,70970,10
12.9917497635,80.2504196167,70970,70980,10
12.9927396774,80.2501831055,70980,70991,11
12.9940595627,80.2498397827,70991,71001,10
12.995349884,80.2495193481,71001,71011,10
12.9967098236,80.2491607666,71011,71021,10
12.9981403351,80.2488098145,71021,71031,10
12.9993600845,80.2484970093,71031,71041,10
13.0004901886,80.2482299805,71041,71051,10
13.0014696121,80.2480010986,71051,71061,10
13.0022497177,80.2477798462,71061,71072,11
13.0030202866,80.2476272583,71072,71082,10
13.003660202,80.2475128174,71082,71092,10
13.0037899017,80.2474975586,71092,71102,10
13.0043497086,80.247428894,71102,71112,10
13.0047998428,80.2473907471,71112,71122,10
13.0050001144,80.2473831177,71122,71132,10
13.005279541,80.2472915649,71132,71163,31
13.005279541,80.2472915649,71163,71173,10
13.0055704117,80.2472305298,71173,71203,30
13.0055704117,80.2472305298,71203,71213,10
13.0057697296,80.2472000122,71213,71223,10
13.0060596466,80.2470703125,71223,71264,41
13.0060596466,80.2470703125,71264,71274,10
13.0064096451,80.2466506958,71274,71294,20
13.0064096451,80.2466506958,71294,71304,10
13.0065202713,80.246383667,71304,71314,10
13.0065402985,80.2461013794,71314,71345,31
13.0065402985,80.2461013794,71345,71355,10
13.0065803528,80.2457962036,71355,71365,10
13.0065803528,80.2457504272,71365,71375,10
13.0066003799,80.245552063,71375,71385,10
13.0066099167,80.2453613281,71385,71395,10
13.0066003799,80.2451400757,71395,71405,10
13.0065803528,80.2449188232,71405,71416,11
13.0065803528,80.2446899414,71416,71426,10
13.0066003799,80.2445220947,71426,71436,10
13.0065803528,80.2442398071,71436,71446,10
13.0065803528,80.2438735962,71446,71456,10
13.0065603256,80.2434005737,71456,71466,10
13.0065498352,80.2426605225,71466,71476,10
13.0065498352,80.2418289185,71476,71486,10
13.0066404343,80.2408981323,71486,71557,71
13.0066404343,80.2408981323,71557,71567,10
13.0066699982,80.2405014038,71567,71578,11
13.0067596436,80.2401199341,71578,71588,10
13.0069799423,80.2391586304,71588,71598,10
13.0071697235,80.2380599976,71598,71608,10
13.007349968,80.2372436523,71608,71628,20
13.007349968,80.2372436523,71628,71638,10
13.0073795319,80.236907959,71638,71648,10
13.0073795319,80.2369003296,71648,71658,10
13.007519722,80.2363891602,71658,71669,11
13.0076799393,80.2356262207,71669,71679,10
13.0077800751,80.2349319458,71679,71689,10
13.0079698563,80.2340316772,71689,71699,10
13.0081996918,80.2328491211,71699,71709,10
13.0084495544,80.2315597534,71709,71719,10
13.0086698532,80.2303466797,71719,71729,10
13.0089302063,80.2292022705,71729,71739,10
13.0093297958,80.2277984619,71739,71750,11
13.0098600388,80.2266235352,71750,71760,10
13.0102396011,80.2257766724,71760,71770,10
13.0105400085,80.225151062,71770,71780,10
13.010720253,80.2247314453,71780,71790,10
13.0109996796,80.2241210938,71790,71800,10
13.0111999512,80.2236862183,71800,71820,20
13.0111999512,80.2236862183,71820,71831,11
13.0114297867,80.22315979,71831,71841,10
13.0116100311,80.2224884033,71841,71851,10
13.0120000839,80.2217025757,71851,71861,10
13.0123300552,80.2216415405,71861,71871,10
13.0126800537,80.2221221924,71871,71881,10
13.0131797791,80.2226715088,71881,71891,10
13.0136804581,80.2232437134,71891,71901,10
13.0142002106,80.2238235474,71901,71911,10
13.0146398544,80.2243423462,71911,71922,11
13.0148696899,80.2245483398,71922,71932,10
13.0153102875,80.2249832153,71932,71952,20
13.0153102875,80.2249832153,71952,71962,10
13.0153598785,80.2249908447,71962,71972,10
13.0154895782,80.2250976563,71972,71982,10
13.0157003403,80.2252578735,71982,71992,10
13.0161104202,80.2253875732,71992,72003,11
13.016579628,80.2253494263,72003,72013,10
13.0171003342,80.2251586914,72013,72023,10
13.0178699493,80.2248382568,72023,72033,10
13.0186595917,80.2245178223,72033,72043,10
13.0193500519,80.2243804932,72043,72073,30
13.0193500519,80.2243804932,72073,72083,10
13.0195798874,80.2245635986,72083,72094,11
13.0198898315,80.2247695923,72094,72104,10
13.0203504562,80.2251205444,72104,72114,10
13.0208101273,80.2254486084,72114,72124,10
13.0212602615,80.2257919312,72124,72134,10
13.0216798782,80.2260437012,72134,72650,516
13.0216798782,80.2260437012,72650,72660,10
13.0217399597,80.2260665894,72660,72670,10
13.0219402313,80.2262573242,72670,72681,11
13.0223903656,80.2266464233,72681,72691,10
13.0229196548,80.2271194458,72691,72701,10
13.0234098434,80.2275619507,72701,72711,10
13.0238704681,80.228012085,72711,72721,10
13.0243597031,80.2285232544,72721,72762,41
13.0243597031,80.2285232544,72762,72772,10
13.0242500305,80.2286682129,72772,72782,10
13.0240097046,80.2284698486,72782,72792,10
13.0237398148,80.2281036377,72792,72802,10
13.0235300064,80.2278671265,72802,72812,10
13.0233802795,80.2276687622,72812,72832,20
13.0233802795,80.2276687622,72832,72843,11
13.0232095718,80.2275238037,72843,72853,10
13.0229797363,80.2272872925,72853,72863,10
13.0225896835,80.2268981934,72863,72873,10
13.0224199295,80.2267074585,72873,72883,10
13.0220003128,80.2263183594,72883,72893,10
13.0214395523,80.2258911133,72893,72903,10
13.0207901001,80.2253799438,72903,72913,10
13.0200595856,80.2249069214,72913,72923,10
13.0192203522,80.2245025635,72923,72934,11
13.0183000565,80.2246932983,72934,72944,10
13.0174798965,80.2250289917,72944,72954,10
13.0166902542,80.2253570557,72954,72964,10
13.0162496567,80.2255325317,72964,72974,10
13.0157403946,80.2257003784,72974,72984,10
13.0152301788,80.2258987427,72984,72994,10
13.0146303177,80.2261428833,72994,73004,10
13.0142202377,80.2262878418,73004,73015,11
13.0137901306,80.2264633179,73015,73025,10
13.0131797791,80.2266998291,73025,73035,10
13.0124998093,80.2269592285,73035,73045,10
13.0117197037,80.2272720337,73045,73055,10
13.0108003616,80.2276382446,73055,73065,10
13.0099601746,80.2279815674,73065,73075,10
13.0092096329,80.2283477783,73075,73085,10
13.0089502335,80.2292785645,73085,73096,11
13.0087099075,80.2305526733,73096,73106,10
13.0085201263,80.2316894531,73106,73116,10
13.0083198547,80.2327194214,73116,73126,10
13.0081996918,80.2333908081,73126,73136,10
13.008099556,80.2337799072,73136,73146,10
13.0080003738,80.2342376709,73146,73156,10
13.0078496933,80.2349624634,73156,73166,10
13.0077295303,80.2355499268,73166,73176,10
13.007610321,80.2361831665,73176,73187,11
13.0074300766,80.2371368408,73187,73197,10
13.0072402954,80.238067627,73197,73205,8
13.0071001053,80.2388076782,73205,73217,12
13.0069799423,80.2395782471,73217,73237,20
13.0069799423,80.2395782471,73237,73247,10
13.0069599152,80.2397384644,73247,73257,10
13.0068397522,80.2400817871,73257,73268,11
13.0067596436,80.240562439,73268,73278,10
13.0066995621,80.2409362793,73278,73288,10
13.0066604614,80.2417602539,73288,73298,10
13.0066404343,80.2428665161,73298,73308,10
13.0066299438,80.2435379028,73308,73318,10
13.0066099167,80.2442779541,73318,73328,10
13.0066299438,80.2451477051,73328,73338,10
13.006649971,80.2457962036,73338,73348,10
13.0066795349,80.246383667,73348,73359,11
13.0066900253,80.2470779419,73359,73369,10
13.0061302185,80.247467041,73369,73389,20
13.0061302185,80.247467041,73389,73399,10
13.0059604645,80.247428894,73399,73409,10
13.005399704,80.2474136353,73409,73419,10
13.0045700073,80.2474594116,73419,73429,10
13.0036096573,80.2475967407,73429,73440,11
13.0026397705,80.2477493286,73440,73450,10
13.0022096634,80.2478485107,73450,73460,10
13.0015296936,80.248008728,73460,73470,10
13.0006399155,80.2482376099,73470,73480,10
12.9996404648,80.2484817505,73480,73490,10
12.9986000061,80.2487411499,73490,73500,10
12.9975996017,80.2489776611,73500,73510,10
12.9963302612,80.2492980957,73510,73521,11
12.9947395325,80.2497024536,73521,73531,10
12.9933595657,80.2500610352,73531,73541,10
12.9919700623,80.2503967285,73541,73551,10
12.9910202026,80.2506790161,73551,73561,10
12.9908800125,80.2507095337,73561,73571,10
12.9906196594,80.2507705688,73571,73581,10
12.9900302887,80.2509078979,73581,73591,10
12.9888601303,80.2512130737,73591,73806,215
12.9888601303,80.2512130737,73806,73816,10
12.9884004593,80.2512588501,73816,73826,10
12.9879903793,80.2513885498,73826,73836,10
12.9875602722,80.2515029907,73836,73846,10
12.9870700836,80.2516403198,73846,73856,10
12.9865703583,80.2517776489,73856,73867,11
12.9859304428,80.2519607544,73867,73877,10
12.9849596024,80.2521896362,73877,73887,10
12.983880043,80.2524871826,73887,73897,10
12.9829101563,80.2526779175,73897,73907,10
12.9818296432,80.2527389526,73907,73917,10
12.9808397293,80.2527618408,73917,73926,9
12.9801301956,80.2528076172,73926,73937,11
12.9795598984,80.2527770996,73937,73948,11
12.9785804749,80.2526473999,73948,73958,10
12.9785604477,80.2526397705,73958,73968,10
12.9782600403,80.252456665,73968,73978,10
12.9777097702,80.2519836426,73978,73988,10
12.9771795273,80.2515487671,73988,73998,10
12.9761104584,80.2511825562,73998,74008,10
12.9751701355,80.2509002686,74008,74018,10
12.9741201401,80.2506103516,74018,74028,10
12.9730997086,80.250328064,74028,74039,11
12.9722003937,80.2500915527,74039,74049,10
12.9712095261,80.2498321533,74049,74059,10
12.9702796936,80.2495422363,74059,74069,10
12.9694299698,80.249206543,74069,74079,10
12.968629837,80.248878479,74079,74089,10
12.9677095413,80.2485275269,74089,74099,10
12.9669504166,80.2482070923,74099,74109,10
12.966460228,80.2479705811,74109,74120,11
12.9657402039,80.2476577759,74120,74130,10
12.965089798,80.2474365234,74130,74150,20
12.965089798,80.2474365234,74150,74160,10
12.9646997452,80.247253418,74160,74170,10
12.9641399384,80.2470474243,74170,74180,10
12.9638004303,80.2469329834,74180,74190,10
12.96352005,80.2468185425,74190,74201,11
12.9628200531,80.2464599609,74201,74211,10
12.9618902206,80.2460021973,74211,74221,10
12.9608697891,80.2455215454,74221,74231,10
12.9598903656,80.2450790405,74231,74241,10
12.9593000412,80.2448577881,74241,74251,10
12.9591903687,80.2447967529,74251,74261,10
12.958729744,80.2445831299,74261,74271,10
12.9580402374,80.2442932129,74271,74281,10
12.9576101303,80.244140625,74281,74292,11
12.9571199417,80.2440032959,74292,74352,60
12.9567499161,80.2438735962,74352,74383,31
12.9567499161,80.2438735962,74383,74393,10
12.956489563,80.2437820435,74393,74423,30
12.956489563,80.2437820435,74423,74433,10
12.9560604095,80.2436294556,74433,74443,10
12.9555101395,80.2433013916,74443,74454,11
12.95470047,80.2429199219,74454,74464,10
12.9539804459,80.2426071167,74464,74474,10
12.9534101486,80.2423629761,74474,74484,10
12.9526700974,80.2420730591,74484,74494,10
12.9520301819,80.2418289185,74494,74504,10
12.9514598846,80.2416534424,74504,74534,30
12.9514598846,80.2416534424,74534,74545,11
12.9511604309,80.2415313721,74545,74555,10
12.9508304596,80.2414321899,74555,74605,50
12.9508304596,80.2414321899,74605,74615,10
12.9503803253,80.2413024902,74615,74626,11
12.9501104355,80.2412109375,74626,74636,10
12.9499197006,80.2411575317,74636,74646,10
12.9497404099,80.2411193848,74646,74656,10
12.9495201111,80.2410430908,74656,74666,10
12.9491796494,80.2409362793,74666,74676,10
12.9491596222,80.2409362793,74676,74686,10
12.9489402771,80.240852356,74686,74696,10
12.9483499527,80.2405929565,74696,74707,11
12.9471902847,80.2401275635,74707,74727,20
12.9471902847,80.2401275635,74727,74737,10
12.9468402863,80.2399902344,74737,74747,10
12.9461603165,80.2397079468,74747,74757,10
12.9453601837,80.2393035889,74757,74767,10
12.9446296692,80.2386398315,74767,74777,10
12.943860054,80.2377929688,74777,74787,10
12.9430503845,80.2369537354,74787,74798,11
12.9417200089,80.2363510132,74798,74808,10
12.9404602051,80.236038208,74808,74818,10
12.9397602081,80.2358398438,74818,74828,10
12.9396495819,80.2357788086,74828,74838,10
12.9391698837,80.2355575562,74838,74848,10
12.9385004044,80.2352218628,74848,74858,10
12.9378299713,80.2349014282,74858,74868,10
12.93708992,80.2345275879,74868,74879,11
12.936249733,80.2341308594,74879,74889,10
12.9357795715,80.2339172363,74889,74899,10
12.9350996017,80.2335968018,74899,74909,10
12.9343395233,80.2332611084,74909,74919,10
12.9339799881,80.2331085205,74919,74929,10
12.9337997437,80.2330093384,74929,74939,10
12.9335899353,80.2329025269,74939,74949,10
12.9330701828,80.2326583862,74949,74959,10
12.9322099686,80.2323532104,74959,74970,11
12.9312496185,80.2320175171,74970,74980,10
12.9302997589,80.2317276001,74980,74990,10
12.929400444,80.2315063477,74990,75000,10
12.9285497665,80.231338501,75000,75010,10
12.9276199341,80.2312164307,75010,75020,10
12.9265298843,80.2311019897,75020,75030,10
12.9256000519,80.2309875488,75030,75040,10
12.925069809,80.2309494019,75040,75051,11
12.9246702194,80.2308883667,75051,75061,10
12.9238796234,80.2307815552,75061,75071,10
12.9227399826,80.2306213379,75071,75081,10
12.9213600159,80.2304077148,75081,75091,10
12.9199104309,80.23021698,75091,75101,10
12.9187498093,80.2300491333,75101,75111,10
12.9175796509,80.229888916,75111,75121,10
12.9166202545,80.2297592163,75121,75132,11
12.9156703949,80.229637146,75132,75142,10
12.9146795273,80.2294998169,75142,75152,10
12.9139003754,80.2294082642,75152,75162,10
12.9136104584,80.2293930054,75162,75172,10
12.9135103226,80.2293777466,75172,75182,10
12.9132099152,80.2293395996,75182,75192,10
12.9127902985,80.2292633057,75192,75202,10
12.911939621,80.2291412354,75202,75212,10
12.9108600616,80.2289810181,75212,75223,11
12.9094800949,80.2287368774,75223,75233,10
12.908249855,80.2285308838,75233,75243,10
12.9075498581,80.2284164429,75243,75253,10
12.9073896408,80.2284088135,75253,75263,10
12.9071903229,80.2283782959,75263,75273,10
12.9068498611,80.2283401489,75273,75283,10
12.9067697525,80.228302002,75283,75293,10
12.9062995911,80.2282562256,75293,75304,11
12.9055099487,80.2282485962,75304,75314,10
12.9050397873,80.2282409668,75314,75324,10
12.9044799805,80.2282028198,75324,75334,10
12.9039201736,80.2281494141,75334,75344,10
12.9030799866,80.2281265259,75344,75354,10
12.9020004272,80.2280807495,75354,75364,10
12.9011297226,80.2280426025,75364,75374,10
12.9008302689,80.2280197144,75374,75385,11
12.9004001617,80.2279968262,75385,75395,10
12.8999795914,80.2279891968,75395,75405,10
12.8995800018,80.2279510498,75405,75415,10
12.8991804123,80.2279129028,75415,75435,20
12.8991804123,80.2279129028,75435,75445,10
12.898900032,80.2278671265,75445,75455,10
12.898440361,80.2278366089,75455,75465,10
12.8975696564,80.2277908325,75465,75476,11
12.8962402344,80.2277297974,75476,75486,10
12.894949913,80.2276763916,75486,75496,10
12.8936500549,80.2275772095,75496,75506,10
12.8924798965,80.2274627686,75506,75526,20
12.8924798965,80.2274627686,75526,75536,10
12.8921098709,80.227432251,75536,75546,10
12.8912096024,80.2274017334,75546,75557,11
12.8898200989,80.2274093628,75557,75567,10
12.8883104324,80.2273864746,75567,75577,10
12.8868703842,80.2272033691,75577,75587,10
12.8855495453,80.2268829346,75587,75597,10
12.8851003647,80.2267990112,75597,75607,10
12.8847103119,80.2267837524,75607,75617,10
12.8846902847,80.2267837524,75617,75627,10
12.8842096329,80.2267608643,75627,75637,10
12.883310318,80.2267684937,75637,75648,11
12.8820295334,80.2267608643,75648,75658,10
12.8807201385,80.2267837524,75658,75668,10
12.8793697357,80.2268066406,75668,75678,10
12.8779602051,80.2268981934,75678,75688,10
12.8768796921,80.2269897461,75688,75698,10
12.8765802383,80.2270507813,75698,75708,10
12.8764600754,80.2270278931,75708,75718,10
12.8760204315,80.2270202637,75718,75729,11
12.8749799728,80.2269287109,75729,75739,10
12.8736801147,80.2267684937,75739,75749,10
12.8722400665,80.2267303467,75749,75759,10
12.871509552,80.2267303467,75759,75769,10
12.8714399338,80.2267227173,75769,75779,10
12.8708496094,80.2266769409,75779,75789,10
12.8698596954,80.2265930176,75789,75799,10
12.8686199188,80.2264480591,75799,75810,11
12.8670797348,80.2265014648,75810,75820,10
12.8656396866,80.2266235352,75820,75830,10
12.8641796112,80.2265777588,75830,75840,10
12.8626499176,80.2265625,75840,75850,10
12.8614597321,80.2266235352,75850,75860,10
12.861120224,80.2266387939,75860,75870,10
12.8609399796,80.2266235352,75870,75880,10
12.860619545,80.226600647,75880,75890,10
12.8598403931,80.2265014648,75890,75901,11
12.8587503433,80.2263412476,75901,75911,10
12.8577604294,80.2262878418,75911,75921,10
12.856470108,80.2263870239,75921,75931,10
12.8551101685,80.2265319824,75931,75941,10
12.8536396027,80.2266693115,75941,75951,10
12.8520898819,80.2266998291,75951,75961,10
12.8507003784,80.2266235352,75961,75971,10
12.8495197296,80.226600647,75971,75982,11
12.8481998444,80.2265930176,75982,75992,10
12.8468198776,80.226600647,75992,76002,10
12.8458900452,80.2266387939,76002,76012,10
12.8455295563,80.2266387939,76012,76022,10
12.8454504013,80.2266311646,76022,76032,10
12.8449602127,80.2266464233,76032,76042,10
12.8442201614,80.2266921997,76042,76052,10
12.8434495926,80.2267913818,76052,76063,11
12.8424301147,80.2269973755,76063,76073,10
12.8413600922,80.2272415161,76073,76083,10
12.840379715,80.2275238037,76083,76094,11
12.8397197723,80.2277297974,76094,76124,30
12.8397197723,80.2277297974,76124,76134,10
12.8395004272,80.2277832031,76134,76144,10
12.8389196396,80.2279281616,76144,76155,11
12.8380403519,80.2281417847,76155,76165,10
12.8368902206,80.2283401489,76165,76175,10
12.8355102539,80.2285385132,76175,76185,10
12.8340902328,80.228767395,76185,76195,10
12.8328504562,80.2289886475,76195,76205,10
12.8322000504,80.2291412354,76205,76215,10
12.8320398331,80.2291564941,76215,76225,10
12.8314599991,80.2292785645,76225,76236,11
12.8305196762,80.2296218872,76236,76246,10
12.8296699524,80.2299423218,76246,76256,10
12.8287601471,80.2303390503,76256,76266,10
12.8276796341,80.2309417725,76266,76276,10
12.8265399933,80.2313537598,76276,76286,10
12.8254699707,80.2314224243,76286,76296,10
12.824640274,80.2313995361,76296,76306,10
12.8238201141,80.2312011719,76306,76317,11
12.8227796555,80.2308883667,76317,76327,10
12.8218603134,80.2306213379,76327,76337,10
12.8209896088,80.2304763794,76337,76347,10
12.8200302124,80.2305221558,76347,76357,10
12.8191900253,80.2305297852,76357,76367,10
12.818810463,80.230506897,76367,76377,10
12.8184099197,80.2303237915,76377,76387,10
12.8176698685,80.2299575806,76387,76397,10
12.8166503906,80.2295608521,76397,76408,11
12.8153600693,80.229347229,76408,76418,10
12.8141498566,80.2291564941,76418,76428,10
12.8129501343,80.2288208008,76428,76438,10
12.8118000031,80.2284088135,76438,76448,10
12.8107995987,80.2280426025,76448,76458,10
12.8098802567,80.2276306152,76458,76468,10
12.8089799881,80.2271499634,76468,76478,10
12.808139801,80.2264785767,76478,76489,11
12.8072795868,80.2257537842,76489,76499,10
12.8065500259,80.2250900269,76499,76509,10
12.8058204651,80.2244262695,76509,76519,10
12.8051204681,80.2240524292,76519,76529,10
12.804690361,80.2239608765,76529,76539,10
12.8040704727,80.2239227295,76539,76549,10
12.8032999039,80.2238616943,76549,76559,10
12.8025798798,80.2237625122,76559,76569,10
12.8016300201,80.2236480713,76569,76580,11
12.8006496429,80.2235565186,76580,76590,10
12.7996397018,80.2234802246,76590,76600,10
12.798620224,80.2233581543,76600,76610,10
12.7974700928,80.223197937,76610,76620,10
12.7964801788,80.2230300903,76620,76630,10
12.7956399918,80.222869873,76630,76640,10
12.7951097488,80.2227783203,76640,76650,10
12.7942800522,80.2226409912,76650,76661,11
12.7930898666,80.2224578857,76661,76671,10
12.79185009,80.2222137451,76671,76681,10
12.790719986,80.2219390869,76681,76691,10
12.7897195816,80.2216796875,76691,76701,10
12.7889299393,80.2213821411,76701,76711,10
12.788189888,80.2210922241,76711,76721,10
12.7876596451,80.2209091187,76721,76731,10
12.7871103287,80.2206878662,76731,76742,11
12.7864103317,80.220451355,76742,76762,20
12.7864103317,80.220451355,76762,76772,10
12.786239624,80.2203521729,76772,76782,10
12.7861299515,80.2204818726,76782,76792,10
12.7861204147,80.2207870483,76792,76802,10
12.7861299515,80.221031189,76802,76812,10
12.7861404419,80.2212600708,76812,76822,10
12.7861795425,80.2216262817,76822,76833,11
12.786190033,80.2219772339,76833,77511,678
12.786190033,80.2219772339,77511,77521,10
12.786239624,80.2215194702,77521,77551,30
12.786239624,80.2215194702,77551,77561,10
12.7861995697,80.2211303711,77561,77571,10
12.786190033,80.2208099365,77571,77582,11
12.786190033,80.2205581665,77582,77592,10
12.7862100601,80.2203979492,77592,77602,10
12.7862300873,80.2203598022,77602,77612,10
12.7863702774,80.2203826904,77612,77622,10
12.7864999771,80.220451355,77622,77632,10
12.7867498398,80.2205581665,77632,77642,10
12.7871799469,80.2207336426,77642,77652,10
12.7874803543,80.2208480835,77652,77662,10
12.7876596451,80.2209320068,77662,77673,11
12.7882003784,80.2211380005,77673,77683,10
12.788769722,80.2213668823,77683,77693,10
12.7894001007,80.2216033936,77693,77703,10
12.7898597717,80.2217636108,77703,77713,10
12.7904596329,80.2219085693,77713,77723,10
12.7912502289,80.2220993042,77723,77733,10
12.7919797897,80.2222900391,77733,77743,10
12.792889595,80.2224578857,77743,77754,11
12.7940502167,80.222618103,77754,77764,10
12.7951002121,80.2227935791,77764,77774,10
12.7960700989,80.2229614258,77774,77784,10
12.7969903946,80.2231216431,77784,77794,10
12.7979602814,80.2232818604,77794,77804,10
12.7989597321,80.2233886719,77804,77814,10
12.7999801636,80.2234802246,77814,77824,10
12.8010101318,80.2235794067,77824,77834,10
12.8018398285,80.2236709595,77834,77845,11
12.802280426,80.2237091064,77845,77855,10
12.8026504517,80.2237701416,77855,77865,10
12.8032398224,80.2238616943,77865,77875,10
12.804019928,80.2239227295,77875,77885,10
12.8047103882,80.2239837646,77885,77895,10
12.8053302765,80.2241210938,77895,77905,10
12.8055696487,80.2241897583,77905,77915,10
12.8059196472,80.2244720459,77915,77926,11
12.8064899445,80.2249832153,77926,77936,10
12.8070402145,80.225479126,77936,77946,10
12.8076696396,80.226020813,77946,77956,10
12.8083600998,80.226600647,77956,77966,10
12.8091001511,80.2272033691,77966,77976,10
12.809920311,80.2276611328,77976,77986,10
12.8108100891,80.2280273438,77986,77996,10
12.8116598129,80.2283401489,77996,78007,11
12.8128995895,80.2287902832,78007,78017,10
12.8139295578,80.2291183472,78017,78027,10
12.8149900436,80.2293167114,78027,78037,10
12.8160600662,80.2294769287,78037,78047,10
12.8171701431,80.2297210693,78047,78057,10
12.818189621,80.2301635742,78057,78067,10
12.819149971,80.2305221558,78067,78077,10
12.8201198578,80.2304992676,78077,78087,10
12.8211402893,80.2304763794,78087,78098,11
12.822259903,80.230682373,78098,78108,10
12.823340416,80.2310180664,78108,78118,10
12.8244495392,80.2312927246,78118,78128,10
12.8255500793,80.2314224243,78128,78138,10
12.8267202377,80.2313308716,78138,78148,10
12.8276596069,80.2309799194,78148,78158,10
12.8285598755,80.2304534912,78158,78167,9
12.829369545,80.2300720215,78167,78179,12
12.830499649,80.2296295166,78179,78189,10
12.8310203552,80.2294082642,78189,78199,10
12.8311796188,80.2293624878,78199,78209,10
12.8315896988,80.2292175293,78209,78219,10
12.8316402435,80.2292098999,78219,78229,10
12.8316698074,80.2291870117,78229,78239,10
12.8320798874,80.2291030884,78239,78249,10
12.8328199387,80.2289581299,78249,78259,10
12.8338403702,80.2287826538,78259,78270,11
12.835100174,80.2285690308,78270,78280,10
12.8363199234,80.2283935547,78280,78290,10
12.8374996185,80.2282028198,78290,78300,10
12.8385696411,80.2279891968,78300,78310,10
12.8394699097,80.227722168,78310,78351,41
12.8394699097,80.227722168,78351,78361,10
12.8398504257,80.2276000977,78361,78371,10
12.8405399323,80.2274169922,78371,78381,10
12.8414402008,80.227180481,78381,78391,10
12.8424100876,80.2269821167,78391,78401,10
12.8434801102,80.2267913818,78401,78411,10
12.8446102142,80.2266387939,78411,78421,10
12.845290184,80.2265930176,78421,78432,11
12.8452997208,80.2265930176,78432,78442,10
12.8456602097,80.2265777588,78442,78452,10
12.8463201523,80.2265777588,78452,78462,10
12.8471899033,80.2265777588,78462,78472,10
12.8481702805,80.2265777588,78472,78482,10
12.8492298126,80.2265701294,78482,78492,10
12.8500204086,80.2265930176,78492,78502,10
12.8507404327,80.2266235352,78502,78512,10
12.8517799377,80.2266616821,78512,78523,11
12.8532600403,80.2266998291,78523,78533,10
12.8546800613,80.2265625,78533,78543,10
12.856180191,80.2264022827,78543,78553,10
12.8577404022,80.2262496948,78553,78563,10
12.8591499329,80.2263412476,78563,78573,10
12.860619545,80.2265396118,78573,78583,10
12.8619804382,80.2265625,78583,78593,10
12.8634500504,80.2265090942,78593,78604,11
12.8652000427,80.2265777588,78604,78614,10
12.8668603897,80.2265014648,78614,78624,10
12.8683900833,80.2263793945,78624,78634,10
12.8698196411,80.2265319824,78634,78644,10
12.8711204529,80.2266387939,78644,78654,10
12.8722600937,80.2266769409,78654,78664,10
12.8729200363,80.2266616821,78664,78674,10
12.8731002808,80.2266693115,78674,78685,11
12.873840332,80.2267227173,78685,78695,10
12.8748598099,80.226852417,78695,78705,10
12.8760299683,80.2269363403,78705,78715,10
12.8766002655,80.2269134521,78715,78725,10
12.8767900467,80.226890564,78725,78735,10
12.8774003983,80.226852417,78735,78745,10
12.8783302307,80.2267913818,78745,78755,10
12.8792295456,80.2267608643,78755,78765,10
12.8804197311,80.2267303467,78765,78776,11
12.881819725,80.2267227173,78776,78786,10
12.8831796646,80.2266998291,78786,78796,10
12.8845100403,80.2266693115,78796,78806,10
12.8852596283,80.2266769409,78806,78816,10
12.8852796555,80.2266921997,78816,78826,10
12.8855600357,80.2267379761,78826,78836,10
12.8860902786,80.2268829346,78836,78846,10
12.8870401382,80.227142334,78846,78857,11
12.888299942,80.2273025513,78857,78867,10
12.8896598816,80.2273406982,78867,78877,10
12.8910903931,80.2273406982,78877,78887,10
12.8924102783,80.2273712158,78887,78897,10
12.8936700821,80.2275238037,78897,78907,10
12.8950996399,80.2276229858,78907,78917,10
12.8966503143,80.2276992798,78917,78927,10
12.8980302811,80.2277832031,78927,78937,10
12.8992300034,80.2278518677,78937,78948,11
12.9004297256,80.227897644,78948,78958,10
12.9011898041,80.2279663086,78958,78968,10
12.9020700455,80.2279968262,78968,78978,10
12.9025802612,80.228012085,78978,78988,10
12.9026298523,80.2280197144,78988,78998,10
12.9031295776,80.2280502319,78998,79008,10
12.9040298462,80.2281036377,79008,79018,10
12.9051399231,80.2281494141,79018,79029,11
12.906370163,80.2282333374,79029,79039,10
12.9068698883,80.2282562256,79039,79049,10
12.9068899155,80.2282562256,79049,79059,10
12.9072198868,80.228302002,79059,79069,10
12.907959938,80.2284088135,79069,79079,10
12.9089002609,80.2285614014,79079,79089,10
12.9099998474,80.2287521362,79089,79099,10
12.9111404419,80.2289276123,79099,79110,11
12.9123897552,80.229133606,79110,79120,10
12.9134101868,80.2292785645,79120,79130,10
12.9142599106,80.2293624878,79130,79140,10
12.9151296616,80.2294921875,79140,79150,10
12.9153795242,80.2295227051,79150,79160,10
12.9159002304,80.2296066284,79160,79170,10
12.9167499542,80.2297286987,79170,79180,10
12.9178104401,80.2298736572,79180,79190,10
12.9188699722,80.2300186157,79190,79201,11
12.9201202393,80.2301712036,79201,79211,10
12.9213399887,80.2303237915,79211,79221,10
12.9225997925,80.2305221558,79221,79231,10
12.923910141,80.2306976318,79231,79241,10
12.9250602722,80.2308578491,79241,79251,10
12.9260902405,80.2309875488,79251,79261,10
12.9272203445,80.2311019897,79261,79271,10
12.9282398224,80.2312164307,79271,79282,11
12.9288396835,80.2313079834,79282,79292,10
12.9292201996,80.2313995361,79292,79302,10
12.9299497604,80.2315673828,79302,79312,10
12.9308004379,80.2318191528,79312,79322,10
12.9316902161,80.2321166992,79322,79332,10
12.9326896667,80.2324523926,79332,79342,10
12.9335403442,80.2327728271,79342,79352,10
12.9337501526,80.2328567505,79352,79363,11
12.9343395233,80.2331314087,79363,79373,10
12.9350996017,80.2334823608,79373,79383,10
12.9357700348,80.2337875366,79383,79393,10
12.9365301132,80.2341537476,79393,79403,10
12.9374103546,80.2345733643,79403,79413,10
12.9384098053,80.2350616455,79413,79423,10
12.9392995834,80.235496521,79423,79433,10
12.9395303726,80.2356109619,79433,79443,10
12.9397602081,80.2357330322,79443,79454,11
12.9405498505,80.2360229492,79454,79464,10
12.9415998459,80.2362823486,79464,79474,10
12.9427700043,80.2366714478,79474,79484,10
12.9436998367,80.2374725342,79484,79494,10
12.9443597794,80.2381668091,79494,79504,10
12.9454498291,80.2392425537,79504,79514,10
12.946559906,80.2397537231,79514,79524,10
12.9473104477,80.2400512695,79524,79535,11
12.9475097656,80.2401275635,79535,79545,10
12.9482603073,80.2404403687,79545,79555,10
12.9491100311,80.2407836914,79555,79565,10
12.949930191,80.2410583496,79565,79575,10
12.9507904053,80.241317749,79575,79585,10
12.9511299133,80.2414016724,79585,79594,9
12.9512395859,80.2414398193,79594,79605,11
12.9517402649,80.2416305542,79605,79616,11
12.9529895782,80.2421112061,79616,79626,10
12.9538602829,80.2424468994,79626,79636,10
12.9539804459,80.2424926758,79636,79646,10
12.9545602798,80.242729187,79646,79656,10
12.9552001953,80.2429733276,79656,79666,10
12.9559602737,80.2432479858,79666,79676,10
12.9563703537,80.2434234619,79676,79686,10
12.9566802979,80.2435379028,79686,79696,10
12.9574098587,80.243888855,79696,79707,11
12.9581804276,80.2442474365,79707,79717,10
12.9587697983,80.2444915771,79717,79727,10
12.9593400955,80.2447128296,79727,79737,10
12.9596004486,80.2448425293,79737,79747,10
12.9602603912,80.2451477051,79747,79757,10
12.9611997604,80.2455825806,79757,79767,10
12.9621801376,80.2460708618,79767,79777,10
12.9631795883,80.2465820313,79777,79808,31
12.9631795883,80.2465820313,79808,79818,10
12.9632196426,80.2466430664,79818,79828,10
12.9634399414,80.2467575073,79828,79838,10
12.9639596939,80.246963501,79838,79848,10
12.9647397995,80.2472305298,79848,79858,10
12.9657001495,80.2475509644,79858,79868,10
12.9664497375,80.2478408813,79868,79879,11
12.9665203094,80.2478790283,79879,79889,10
12.9670000076,80.2481231689,79889,79899,10
12.9677801132,80.2484588623,79899,79909,10
12.9687299728,80.248840332,79909,79919,10
12.9696598053,80.249206543,79919,79929,10
12.9706697464,80.2496032715,79929,79939,10
12.9718399048,80.2499313354,79939,79949,10
12.9730997086,80.2502365112,79949,79960,11
12.9745101929,80.2506027222,79960,79970,10
12.9759597778,80.2510375977,79970,79980,10
12.9773397446,80.2515029907,79980,79990,10
12.9781799316,80.2521820068,79990,80000,10
12.9795703888,80.2526626587,80000,80041,41
12.9795703888,80.2526626587,80041,80051,10
12.9799003601,80.2526931763,80051,80061,10
12.980629921,80.2526931763,80061,80071,10
12.981590271,80.2526626587,80071,80081,10
12.9827804565,80.2526168823,80081,80091,10
12.9840202332,80.2523880005,80091,80101,10
12.984749794,80.252166748,80101,80121,20
12.984749794,80.252166748,80121,80132,11
12.9849500656,80.2521209717,80132,80142,10
12.9854898453,80.2519607544,80142,80202,60
12.9857997894,80.2518386841,80202,80253,51
12.9857997894,80.2518386841,80253,80263,10
12.9862003326,80.2517318726,80263,80273,10
12.9864902496,80.2516784668,80273,80283,10
12.9867696762,80.2516098022,80283,80364,81
12.9867696762,80.2516098022,80364,80374,10
12.9869403839,80.2515563965,80374,80385,11
12.9873504639,80.2514419556,80385,80395,10
12.9878501892,80.2513427734,80395,80405,10
12.9886102676,80.251159668,80405,80415,10
12.98939991,80.2509384155,80415,80425,10
12.9895296097,80.2509002686,80425,80435,10
12.9900503159,80.250793457,80435,80445,10
12.9909000397,80.250579834,80445,80455,10
12.9920501709,80.2502975464,80455,80466,11
12.9934301376,80.2499465942,80466,80476,10
12.9946203232,80.2496490479,80476,80486,10
12.9958095551,80.2493362427,80486,80496,10
12.9966802597,80.2490997314,80496,80506,10
12.9980201721,80.2487716675,80506,80516,10
12.9992599487,80.2484588623,80516,80526,10
13.0006999969,80.2480926514,80526,80536,10
13.0017595291,80.247833252,80536,80547,11
13.0025100708,80.2476501465,80547,80557,10
13.0034198761,80.2474975586,80557,80567,10
13.00440979,80.2473678589,80567,80577,10
13.005279541,80.247253418,80577,80587,10
13.0060195923,80.2470397949,80587,80597,10
13.0064897537,80.2465286255,80597,80607,10
13.0065803528,80.2463226318,80607,80617,10
13.0066299438,80.245880127,80617,80627,10
13.0066404343,80.2451477051,80627,80638,11
13.0066404343,80.2441329956,80638,80648,10
13.0066003799,80.2433166504,80648,80658,10
13.0065803528,80.2423095703,80658,80668,10
13.0066299438,80.2412490845,80668,80678,10
13.0068502426,80.2403564453,80678,80688,10
13.0069704056,80.2393417358,80688,80698,10
13.0071697235,80.2381515503,80698,80708,10
13.0073795319,80.2370605469,80708,80719,11
13.007399559,80.2369003296,80719,80729,10
13.0074596405,80.2367401123,80729,80739,10
13.0075702667,80.2362365723,80739,80749,10
13.0077295303,80.2354125977,80749,80759,10
13.0079202652,80.2345428467,80759,80769,10
13.008099556,80.2336502075,80769,80779,10
13.008310318,80.2326507568,80779,80789,10
13.0085401535,80.2314834595,80789,80799,10
13.008769989,80.2301864624,80799,80810,11
13.0090799332,80.2287368774,80810,80820,10
13.0094499588,80.2276916504,80820,80830,10
13.0099601746,80.2265625,80830,80840,10
13.0104703903,80.2255096436,80840,80850,10
13.0108804703,80.2246170044,80850,80860,10
13.0112400055,80.2237167358,80860,80870,10
13.0113201141,80.2234802246,80870,80880,10
13.0114898682,80.2230377197,80880,80891,11
13.012260437,80.2215499878,80891,80901,10
13.012260437,80.2215499878,80901,80911,10
13.0125398636,80.2218780518,80911,80921,10
13.0130596161,80.2224884033,80921,80931,10
13.013710022,80.2232284546,80931,80941,10
13.0141201019,80.2236404419,80941,80951,10
13.0146398544,80.2242431641,80951,80963,12
13.015130043,80.2247161865,80963,80974,11
13.0154600143,80.2249984741,80974,80985,11
13.0157403946,80.225227356,80985,80995,10
13.0166902542,80.2252883911,80995,81005,10
13.0175600052,80.2249298096,81005,81015,10
13.0186595917,80.2244796753,81015,81024,9
13.0193395615,80.2243423462,81024,81045,21
13.0193395615,80.2243423462,81045,81055,10
13.0197296143,80.2246170044,81055,81076,21
13.0197296143,80.2246170044,81076,81086,10
13.0199098587,80.224822998,81086,81096,10
13.0203695297,80.2251281738,81096,81106,10
13.0208997726,80.225479126,81106,81116,10
13.0217599869,80.2260818481,81116,81136,20
13.0217599869,80.2260818481,81136,81147,11
13.0218400955,80.2261199951,81147,81157,10
13.0221004486,80.2263336182,81157,81167,10
13.0224103928,80.2266235352,81167,81177,10
13.022600174,80.2267608643,81177,81187,10
13.0226602554,80.2267913818,81187,81197,10
13.0227804184,80.2269668579,81197,81207,10
13.0232696533,80.2274398804,81207,82300,1093
13.0232696533,80.2274398804,82300,82310,10
13.0234298706,80.2276077271,82310,82321,11
13.0237903595,80.227897644,82321,82331,10
13.0240898132,80.2282180786,82331,82341,10
13.0243396759,80.2284927368,82341,82351,10
13.0243196487,80.2286376953,82351,82361,10
13.0240602493,80.2284622192,82361,82371,10
13.0237503052,80.2280273438,82371,82381,10
13.0233697891,80.2276306152,82381,82391,10
13.0233001709,80.2275466919,82391,82402,11
13.0229101181,80.2271728516,82402,82412,10
13.0223999023,80.2266769409,82412,82422,10
13.0217895508,80.2261199951,82422,82432,10
13.0211601257,80.2256317139,82432,82442,10
13.0206804276,80.2252807617,82442,82452,10
13.0200796127,80.2248764038,82452,82462,10
13.0193996429,80.2244873047,82462,82472,10
13.0184698105,80.2245864868,82472,82482,10
13.0174798965,80.2250213623,82482,82533,51
13.0171098709,80.2251815796,82533,82553,20
13.0169296265,80.2252807617,82553,82584,31
13.0169296265,80.2252807617,82584,82594,10
13.0165300369,80.2253875732,82594,82604,10
13.0164299011,80.2253799438,82604,82614,10
13.0161600113,80.2254104614,82614,82624,10
13.0158195496,80.2256469727,82624,82634,10
13.0151500702,80.2259368896,82634,82644,10
13.0143995285,80.2262420654,82644,82655,11
13.0142202377,80.22631073,82655,82665,10
13.0136003494,80.2265396118,82665,82675,10
13.0126800537,80.2268676758,82675,82685,10
13.0117101669,80.2272567749,82685,82695,10
13.0106401443,80.2276916504,82695,82705,10
13.0095901489,80.2281417847,82705,82715,10
13.009059906,80.2289581299,82715,82725,10
13.0088300705,80.2301330566,82725,82735,10
13.0085897446,80.2313308716,82735,82746,11
13.0083398819,80.2325592041,82746,82756,10
13.0081796646,80.2334365845,82756,82766,10
13.0079698563,80.2344970703,82766,82776,10
13.0077295303,80.2356567383,82776,82786,10
13.0074996948,80.236869812,82786,82796,10
13.0072803497,80.2380599976,82796,82806,10
13.0070495605,80.2392730713,82806,82815,9
13.0068902969,80.2401199341,82815,82827,12
13.0068397522,80.2405700684,82827,82837,10
13.0067901611,80.2407913208,82837,82847,10
13.0067195892,80.241317749,82847,82857,10
13.0067195892,80.2422409058,82857,82867,10
13.0066795349,80.2431793213,82867,82877,10
13.0066604614,80.2440490723,82877,82887,10
13.006649971,80.2450714111,82887,82897,10
13.0066900253,80.2458877563,82897,82907,10
13.0067100525,80.2468414307,82907,82918,11
13.0066604614,80.2473220825,82918,82928,10
13.0063295364,80.2474365234,82928,82938,10
13.0062799454,80.247428894,82938,82948,10
13.0061597824,80.2473907471,82948,82958,10
13.005979538,80.2473831177,82958,82968,10
13.0054502487,80.2473907471,82968,82978,10
13.0045099258,80.2474365234,82978,82988,10
13.0032701492,80.2476196289,82988,82999,11
13.0019397736,80.2478713989,82999,83009,10
13.0006799698,80.2481918335,83009,83019,10
12.9992399216,80.248550415,83019,83029,10
12.9976701736,80.2489395142,83029,83039,10
12.9960203171,80.2493515015,83039,83049,10
12.9943704605,80.2497787476,83049,83059,10
12.9928598404,80.2501602173,83059,83069,10
12.9915504456,80.25050354,83069,83079,10
12.9904003143,80.2508010864,83079,83090,11
12.9895095825,80.2510223389,83090,83100,10
12.9886398315,80.2512283325,83100,83110,10
12.988120079,80.251411438,83110,83130,20
12.988120079,80.251411438,83130,83140,10
12.9879703522,80.251449585,83140,83150,10
12.9875097275,80.2515411377,83150,83160,10
12.9868402481,80.2517166138,83160,83171,11
12.9858398438,80.251991272,83171,83181,10
12.9847698212,80.252281189,83181,83191,10
12.9835796356,80.252571106,83191,83201,10
12.9823198318,80.2527008057,83201,83211,10
12.9809799194,80.2527313232,83211,83221,10
12.9798698425,80.2527694702,83221,83231,10
12.9788599014,80.2526626587,83231,83241,10
12.9785995483,80.2526016235,83241,83252,11
12.978509903,80.2525482178,83252,83262,10
12.9780101776,80.2521896362,83262,83272,10
12.9772195816,80.2515335083,83272,83282,10
12.9759998322,80.2511062622,83282,83292,10
12.9747495651,80.2507324219,83292,83302,10
12.9732599258,80.2503128052,83302,83312,10
12.971739769,80.2499237061,83312,83322,10
12.9703598022,80.24949646,83322,83332,10
12.9691095352,80.2490005493,83332,83343,11
12.9678297043,80.2484970093,83343,83353,10
12.9668102264,80.248046875,83353,83363,10
12.9660196304,80.2476730347,83363,83373,10
12.9652004242,80.2473831177,83373,83383,10
12.9650602341,80.2473373413,83383,83393,10
12.9645996094,80.2471389771,83393,83403,10
12.9638996124,80.246887207,83403,83413,10
12.9630899429,80.2465133667,83413,83424,11
12.9619197845,80.2459106445,83424,83434,10
12.9607095718,80.2453231812,83434,83444,10
12.9596300125,80.2448883057,83444,83454,10
12.9594497681,80.2447967529,83454,83464,10
12.9592103958,80.2446670532,83464,83474,10
12.9585399628,80.2443771362,83474,83484,10
12.95773983,80.2440490723,83484,83494,10
12.9568996429,80.2437820435,83494,83504,10
12.9563703537,80.243598938,83504,83515,11
12.9561300278,80.2434768677,83515,83525,10
12.9554004669,80.2431411743,83525,83535,10
12.9543800354,80.2426681519,83535,83545,10
12.9532604218,80.2421875,83545,83555,10
12.9519996643,80.2416992188,83555,83565,10
12.9511003494,80.2414169312,83565,83575,10
12.9508304596,80.2413406372,83575,83585,10
12.9502296448,80.2411499023,83585,83596,11
12.9491901398,80.2408218384,83596,83606,10
12.9481401443,80.2404022217,83606,83616,10
12.9469995499,80.2399291992,83616,83626,10
12.9458799362,80.2394638062,83626,83636,10
12.944899559,80.2388000488,83636,83646,10
12.9440002441,80.2378387451,83646,83656,10
12.9430599213,80.236869812,83656,83666,10
12.9419698715,80.2363433838,83666,83677,11
12.9407300949,80.236038208,83677,83687,10
12.939740181,80.2357406616,83687,83697,10
12.9395303726,80.2356491089,83697,83707,10
12.939040184,80.2353973389,83707,83717,10
12.9382095337,80.2349700928,83717,83727,10
12.9371900558,80.2344665527,83727,83737,10
12.93612957,80.2339706421,83737,83747,10
12.9356002808,80.2337417603,83747,83757,10
12.9349002838,80.2333984375,83757,83768,11
12.9338798523,80.2329483032,83768,83778,10
12.9337396622,80.2328872681,83778,83788,10
12.9333200455,80.2326889038,83788,83798,10
12.9324903488,80.2323608398,83798,83808,10
12.9314002991,80.2320022583,83808,83818,10
12.9301395416,80.2316207886,83818,83828,10
12.9288301468,80.2313232422,83828,83838,10
12.9274396896,80.2311172485,83838,83849,11
12.9258804321,80.2309494019,83849,83859,10
12.9245796204,80.230796814,83859,83869,10
12.9233398438,80.2306365967,83869,83879,10
12.92208004,80.2304534912,83879,83889,10
12.9208097458,80.2302703857,83889,83899,10
12.9194402695,80.2300872803,83899,83909,10
12.9181003571,80.229927063,83909,83919,10
12.9167098999,80.2297363281,83919,83929,10
12.9153404236,80.2295303345,83929,83940,11
12.9141302109,80.2293624878,83940,83950,10
12.9131603241,80.2292785645,83950,83960,10
12.9130401611,80.2292633057,83960,83970,10
12.9124603271,80.2291564941,83970,83980,10
12.9115600586,80.2290267944,83980,83990,10
12.9104604721,80.2288589478,83990,84000,10
12.9092903137,80.2286682129,84000,84010,10
12.9079999924,80.2284622192,84010,84021,11
12.9066696167,80.2282867432,84021,84031,10
12.9055299759,80.2282028198,84031,84041,10
12.9043598175,80.2281265259,84041,84051,10
12.9031095505,80.2280578613,84051,84061,10
12.9018297195,80.2279968262,84061,84071,10
12.9012203217,80.2279891968,84071,84142,71
12.9012203217,80.2279891968,84142,84152,10
12.9010095596,80.227897644,84152,84162,10
12.9006595612,80.2278671265,84162,84172,10
12.9001102448,80.2278213501,84172,84182,10
12.899430275,80.2277984619,84182,84193,11
12.8992595673,80.2278137207,84193,84203,10
12.8991003036,80.2277984619,84203,84213,10
12.8986101151,80.2277603149,84213,84223,10
12.8978099823,80.227722168,84223,84233,10
12.8967895508,80.2276687622,84233,84243,10
12.8954896927,80.2276229858,84243,84253,10
12.8941802979,80.2275695801,84253,84263,10
12.8929100037,80.2274398804,84263,84274,11
12.8917999268,80.2273483276,84274,84284,10
12.8905601501,80.2273406982,84284,84294,10
12.8892402649,80.2273406982,84294,84304,10
12.8881597519,80.2273025513,84304,84314,10
12.8870897293,80.2271575928,84314,84324,10
12.8858499527,80.2268600464,84324,84334,10
12.8845701218,80.2266998291,84334,84344,10
12.8832197189,80.2267074585,84344,84354,10
12.8818502426,80.2267227173,84354,84365,11
12.8803596497,80.2267303467,84365,84375,10
12.8793401718,80.2267532349,84375,84385,10
12.8782997131,80.2267990112,84385,84395,10
12.8771400452,80.2268981934,84395,84405,10
12.8763303757,80.2269821167,84405,84415,10
12.8761901855,80.2269973755,84415,84425,10
12.8755302429,80.2269668579,84425,84435,10
12.8746004105,80.226852417,84435,84456,21
12.872179985,80.2266998291,84456,84466,10
12.8715600967,80.2266998291,84466,84517,51
12.8661003113,80.2265777588,84517,84528,11
12.8643102646,80.2265701294,84528,84538,10
12.8628396988,80.2265319824,84538,84548,10
12.8615198135,80.226600647,84548,84558,10
12.8601799011,80.2265014648,84558,84568,10
12.8591299057,80.2263717651,84568,84578,10
12.8586196899,80.22631073,84578,84588,10
12.8579397202,80.2262802124,84588,84598,10
12.8568496704,80.2263412476,84598,84608,10
12.8555402756,80.2264785767,84608,84619,11
12.8540201187,80.2266387939,84619,84629,10
12.8524599075,80.2266998291,84629,84639,10
12.8507404327,80.2266235352,84639,84649,10
12.8490400314,80.2265777588,84649,84659,10
12.8473501205,80.2266082764,84659,84669,10
12.8459596634,80.2266082764,84669,84679,10
12.8452997208,80.2266387939,84679,84689,10
12.8450298309,80.2266464233,84689,84700,11
12.8441801071,80.2267227173,84700,84710,10
12.8430995941,80.2268676758,84710,84720,10
12.8418102264,80.2271499634,84720,84730,10
12.8405399323,80.2275009155,84730,84740,10
12.8396902084,80.2277374268,84740,84760,20
12.8396902084,80.2277374268,84760,84770,10
12.8395500183,80.2277526855,84770,84780,10
12.8390302658,80.2278900146,84780,84791,11
12.8380203247,80.2281417847,84791,84801,10
12.8368301392,80.2283401489,84801,84811,10
12.8353996277,80.228553772,84811,84821,10
12.8339004517,80.2287979126,84821,84831,10
12.8325996399,80.2290420532,84831,84841,10
12.8316202164,80.2292480469,84841,84851,10
12.8305902481,80.229598999,84851,84861,10
12.8294897079,80.2300186157,84861,84872,11
12.82833004,80.2305908203,84872,84882,10
12.8272800446,80.2311706543,84882,84892,10
12.8262195587,80.2313919067,84892,84902,10
12.8251399994,80.2314300537,84902,84912,10
12.8240804672,80.2312469482,84912,84922,10
12.8229503632,80.2309188843,84922,84932,10
12.8218898773,80.2305908203,84932,84942,10
12.8208398819,80.2304611206,84942,84953,11
12.8196601868,80.2304763794,84953,84963,10
12.8186101913,80.2303695679,84963,84973,10
12.8177099228,80.2299423218,84973,84983,10
12.8167200089,80.2295608521,84983,84993,10
12.8156404495,80.2293930054,84993,85003,10
12.8144102097,80.2292175293,85003,85013,10
12.8131599426,80.2288818359,85013,85023,10
12.8119401932,80.2284317017,85023,85033,10
12.8107204437,80.2279815674,85033,85044,11
12.8095798492,80.2274780273,85044,85054,10
12.8086996078,80.226890564,85054,85064,10
12.8078804016,80.2261962891,85064,85074,10
12.8070898056,80.2255172729,85074,85084,10
12.8062896729,80.2248001099,85084,85094,10
12.8055095673,80.2241592407,85094,85104,10
12.8046703339,80.2239303589,85104,85114,10
12.8037395477,80.2238616943,85114,85125,11
12.8027000427,80.223739624,85125,85135,10
12.8016796112,80.2236175537,85135,85145,10
12.8006000519,80.2235336304,85145,85155,10
12.7994604111,80.2234268188,85155,85165,10
12.7982597351,80.2233200073,85165,85175,10
12.79708004,80.2231521606,85175,85185,10
12.7960596085,80.2229690552,85185,85195,10
12.7949104309,80.2227783203,85195,85206,11
12.7937202454,80.2225875854,85206,85216,10
12.7925796509,80.2224273682,85216,85226,10
12.7915401459,80.2221832275,85226,85236,10
12.790430069,80.2219009399,85236,85246,10
12.7894096375,80.2216033936,85246,85256,10
12.7884998322,80.2212524414,85256,85266,10
12.7876396179,80.220916748,85266,85276,10
12.7870998383,80.2207107544,85276,85286,10
12.7865800858,80.2205123901,85286,85297,11
12.786190033,80.2203826904,85297,85307,10
12.7861204147,80.2205200195,85307,85317,10
12.7861404419,80.220993042,85317,85327,10
12.7861604691,80.2214431763,85327,85337,10
12.7862100601,80.2219696045,85337,85469,132
12.7862100601,80.2219696045,85469,85479,10
12.7861003876,80.2216491699,85479,85489,10
12.7861204147,80.2214431763,85489,85499,10
12.7861404419,80.2211532593,85499,85509,10
12.7861404419,80.2208099365,85509,85519,10
12.7861499786,80.2205810547,85519,85529,10
12.7862596512,80.2204437256,85529,85539,10
12.7865896225,80.2205581665,85539,85550,11
12.78703022,80.2207183838,85550,85560,10
12.7874202728,80.2208633423,85560,85570,10
12.7879400253,80.2210388184,85570,85580,10
12.7885599136,80.2212905884,85580,85590,10
12.7893295288,80.2215805054,85590,85600,10
12.7899599075,80.221786499,85600,85610,10
12.7908000946,80.2220001221,85610,85620,10
12.7917203903,80.2222213745,85620,85631,11
12.7929496765,80.2224807739,85631,85641,10
12.794090271,80.22265625,85641,85651,10
12.7952003479,80.2228317261,85651,85661,10
12.7961196899,80.2229919434,85661,85671,10
12.797249794,80.223197937,85671,85681,10
12.7986001968,80.2233734131,85681,85691,10
12.7997903824,80.2234802246,85691,85701,10
12.8009004593,80.2235794067,85701,85711,10
12.8017196655,80.2236633301,85711,85722,11
12.8026599884,80.2237701416,85722,85732,10
12.8034000397,80.2238693237,85732,85742,10
12.8041696548,80.2239303589,85742,85752,10
12.8048200607,80.2239990234,85752,85762,10
12.8054800034,80.2241592407,85762,85772,10
12.806139946,80.2246627808,85772,85782,10
12.8068199158,80.2252807617,85782,85792,10
12.8075304031,80.2258911133,85792,85803,11
12.8084201813,80.2266387939,85803,85813,10
12.8093500137,80.2273483276,85813,85823,10
12.8105096817,80.2278900146,85823,85833,10
12.81153965,80.2282867432,85833,85843,10
12.8125696182,80.2286529541,85843,85853,10
12.8136997223,80.2290267944,85853,85863,10
12.8146400452,80.2292480469,85863,85873,10
12.8155298233,80.2293930054,85873,85884,11
12.8167104721,80.2295684814,85884,85894,10
12.8177099228,80.2299423218,85894,85904,10
12.8187198639,80.2304077148,85904,85914,10
12.8196697235,80.2305221558,85914,85924,10
12.8206396103,80.2304916382,85924,85934,10
12.8217697144,80.2305603027,85934,85944,10
12.8229598999,80.2308883667,85944,85954,10
12.8241500854,80.2312088013,85954,85964,10
12.8252401352,80.2313995361,85964,85975,11
12.8265399933,80.2313232422,85975,85985,10
12.8276395798,80.2309494019,85985,85995,10
12.8286895752,80.2303771973,85995,86005,10
12.8297796249,80.2298965454,86005,86015,10
12.8308496475,80.2294692993,86015,86025,10
12.8311300278,80.229347229,86025,86035,10
12.831609726,80.2292175293,86035,86045,10
12.8324098587,80.2290496826,86045,86056,11
12.8336801529,80.2288284302,86056,86066,10
12.8348999023,80.2286300659,86066,86076,10
12.8362398148,80.2284317017,86076,86086,10
12.8375902176,80.2282180786,86086,86096,10
12.8388204575,80.2279281616,86096,86106,10
12.8394603729,80.227722168,86106,86136,30
12.8394603729,80.227722168,86136,86147,11
12.8396501541,80.2276611328,86147,86157,10
12.840259552,80.2275085449,86157,86167,10
12.8411798477,80.2272491455,86167,86177,10
12.8422803879,80.2269821167,86177,86187,10
12.8435001373,80.2267608643,86187,86197,10
12.8447999954,80.2266311646,86197,86207,10
12.8459300995,80.2265930176,86207,86217,10
12.8471002579,80.2265701294,86217,86228,11
12.8484897614,80.2265625,86228,86238,10
12.8497600555,80.2265701294,86238,86248,10
12.8512496948,80.2266082764,86248,86258,10
12.852930069,80.2266769409,86258,86268,10
12.8546104431,80.2265472412,86268,86278,10
12.856300354,80.2263717651,86278,86288,10
12.8579397202,80.2262420654,86288,86298,10
12.8593301773,80.2263565063,86298,86309,11
12.8607501984,80.2265396118,86309,86319,10
12.8610200882,80.2265777588,86319,86329,10
12.8615598679,80.2265777588,86329,86339,10
12.8625001907,80.2265396118,86339,86349,10
12.8637599945,80.2265167236,86349,86359,10
12.865240097,80.226600647,86359,86369,10
12.8663797379,80.2265625,86369,86379,10
