12.9966602325,80.1912002563,18,8022,8004
12.9968500137,80.1912612915,8022,8386,364
12.9966897964,80.191192627,8386,8840,454
12.9969797134,80.1913375854,8840,9204,364
12.9967002869,80.1912078857,9204,11344,2140
12.9968395233,80.1913604736,11344,11434,90
12.9966897964,80.1911697388,11434,16997,5563
12.9967498779,80.1911468506,16997,17108,111
12.9967098236,80.1912231445,17108,18803,1695
12.9968395233,80.1912612915,18803,18945,142
12.9967699051,80.1911468506,18945,19470,525
12.9968395233,80.1913299561,19470,19621,151
12.9967403412,80.1912002563,19621,20297,676
12.9967403412,80.1912002563,20297,20308,11
12.9967699051,80.1911087036,20308,20439,131
12.9967803955,80.1912918091,20439,22801,2362
12.9967803955,80.1912918091,22801,22811,10
12.9968004227,80.1914367676,22811,22841,30
12.9968004227,80.1914367676,22841,22851,10
12.9964199066,80.1913604736,22851,22862,11
12.9963197708,80.1911392212,22862,22872,10
12.9962301254,80.19090271,22872,22882,10
12.9961595535,80.1905899048,22882,22892,10
12.9960002899,80.1902236938,22892,23548,656
12.9960002899,80.1902236938,23548,23558,10
12.9959697723,80.1899337769,23558,23568,10
12.9959001541,80.1894989014,23568,23629,61
12.9959001541,80.1894989014,23629,23639,10
12.9960899353,80.1892776489,23639,23649,10
12.9963102341,80.1894607544,23649,23659,10
12.9966001511,80.1898117065,23659,23669,10
12.9969997406,80.1902770996,23669,23679,10
12.9974603653,80.1908569336,23679,23689,10
12.9977302551,80.1911697388,23689,23699,10
12.9981002808,80.19165802,23699,23709,10
12.9986200333,80.1922988892,23709,23720,11
12.9991998672,80.1930236816,23720,23730,10
12.9996700287,80.193649292,23730,23740,10
13.0002803802,80.194442749,23740,23750,10
13.0009498596,80.1952896118,23750,23760,10
13.0016698837,80.1961669922,23760,23770,10
13.0021400452,80.1971969604,23770,23780,10
13.0019397736,80.1984481812,23780,23790,10
13.0018396378,80.1996383667,23790,23800,10
13.0024995804,80.2005310059,23800,23810,10
13.0037698746,80.2009124756,23810,23831,21
13.0037698746,80.2009124756,23831,23841,10
13.0039396286,80.2009429932,23841,23851,10
13.004119873,80.2010116577,23851,23861,10
13.0043897629,80.2011108398,23861,23871,10
13.0047597885,80.2012405396,23871,23881,10
13.0053396225,80.2015609741,23881,23891,10
13.0058698654,80.2021865845,23891,23901,10
13.0062599182,80.2028884888,23901,23911,10
13.006770134,80.2033462524,23911,23922,11
13.0074195862,80.2036514282,23922,23932,10
13.0081501007,80.2036972046,23932,23942,10
13.0083599091,80.2029495239,23942,23952,10
13.0075798035,80.2032470703,23952,23962,10
13.0076799393,80.2042770386,23962,23972,10
13.0076799393,80.2053604126,23972,23982,10
13.0078401566,80.2065429688,23982,23992,10
13.0079803467,80.2076263428,23992,24002,10
13.0081195831,80.2087020874,24002,24012,10
13.0083599091,80.2098693848,24012,24022,10
13.008890152,80.2106170654,24022,24033,11
13.0092897415,80.2109680176,24033,24154,121
13.0092897415,80.2109680176,24154,24164,10
13.0091495514,80.2114028931,24164,24174,10
13.0091199875,80.2116775513,24174,24184,10
13.0092496872,80.2121200562,24184,24194,10
13.0094604492,80.2127838135,24194,24204,10
13.0097198486,80.2135009766,24204,24214,10
13.010020256,80.2142333984,24214,24224,10
13.0102300644,80.215057373,24224,24234,10
13.0104198456,80.2159729004,24234,24245,11
13.010840416,80.2169494629,24245,24255,10
13.0112600327,80.2178573608,24255,24265,10
13.0116100311,80.2188720703,24265,24275,10
13.0120000839,80.2201004028,24275,24285,10
13.0123500824,80.2212371826,24285,24295,10
13.0125102997,80.2219161987,24295,24305,10
13.0131502151,80.2226333618,24305,24315,10
13.0137996674,80.2233200073,24315,24325,10
13.0143299103,80.2238006592,24325,24334,9
13.0148801804,80.224357605,24334,24346,12
13.0153903961,80.2253189087,24346,24356,10
13.014960289,80.2258224487,24356,24366,10
13.0141601563,80.2261886597,24366,24376,10
13.013250351,80.2265930176,24376,24386,10
13.0123596191,80.2269668579,24386,24396,10
13.0114898682,80.2273635864,24396,24406,10
13.0104703903,80.2277603149,24406,24416,10
13.0097904205,80.2279891968,24416,24426,10
13.0095396042,80.2275466919,24426,24436,10
13.0098304749,80.2269363403,24436,24446,10
13.0101804733,80.2261428833,24446,24457,11
13.0106096268,80.2250671387,24457,24467,10
13.011059761,80.2239990234,24467,24477,10
13.0112104416,80.2231826782,24477,24487,10
13.0105695724,80.2228012085,24487,24497,10
13.0098199844,80.2224121094,24497,24507,10
13.0089502335,80.2219161987,24507,24517,10
13.0079803467,80.2214202881,24517,24527,10
13.0071201324,80.2209777832,24527,24537,10
13.0066099167,80.2207107544,24537,24547,10
13.0058403015,80.220489502,24547,24558,11
13.0048103333,80.2202682495,24558,24568,10
13.0038003922,80.2200927734,24568,24578,10
13.0028400421,80.2198181152,24578,24588,10
13.0020999908,80.2191772461,24588,24598,10
13.0015697479,80.2186203003,24598,24608,10
13.0008497238,80.218132019,24608,24618,10
13.0000400543,80.2175674438,24618,24628,10
12.9990100861,80.217010498,24628,24638,10
12.9978904724,80.2166213989,24638,24648,10
12.997130394,80.2165603638,24648,24657,9
12.9965000153,80.2166137695,24657,24669,12
12.9954996109,80.2168884277,24669,24679,10
12.9949102402,80.2172317505,24679,24689,10
12.9943704605,80.217590332,24689,24699,10
12.9937000275,80.2180404663,24699,24709,10
12.992939949,80.2185897827,24709,24719,10
12.9920396805,80.21925354,24719,24729,10
12.9913597107,80.2196121216,24729,24739,10
12.9909496307,80.2194595337,24739,24749,10
12.9905500412,80.219291687,24749,24759,10
12.9898996353,80.2190628052,24759,24770,11
12.9889802933,80.2187194824,24770,24780,10
12.987950325,80.218421936,24780,24790,10
12.9870300293,80.2182617188,24790,24800,10
12.9860801697,80.2180404663,24800,24810,10
12.9848403931,80.2179336548,24810,24820,10
12.984000206,80.2179870605,24820,24830,10
12.9839601517,80.2179870605,24830,24840,10
12.9836797714,80.2179489136,24840,24850,10
12.9831199646,80.217956543,24850,24860,10
12.9823503494,80.2179489136,24860,24869,9
12.9815101624,80.2180175781,24869,24881,12
12.9803600311,80.2183990479,24881,24891,10
12.9793901443,80.218788147,24891,24901,10
12.9786996841,80.219039917,24901,24911,10
12.978269577,80.2192306519,24911,24921,10
12.9776201248,80.2194976807,24921,24931,10
12.9767999649,80.2198181152,24931,24941,10
12.9759998322,80.220199585,24941,24951,10
12.9755897522,80.2204971313,24951,24961,10
12.9755496979,80.2207870483,24961,24970,9
12.9758396149,80.2210617065,24970,25153,183
12.9758396149,80.2210617065,25153,25162,9
12.9761400223,80.221282959,25162,25183,21
12.9761400223,80.221282959,25183,25194,11
12.9763202667,80.2212677002,25194,25204,10
12.9765996933,80.2212677002,25204,25214,10
12.9771499634,80.2212677002,25214,25224,10
12.9778003693,80.2212219238,25224,25234,10
12.9785995483,80.2211303711,25234,25244,10
12.9794197083,80.2211074829,25244,25254,10
12.980219841,80.2210388184,25254,25264,10
12.9809303284,80.2210235596,25264,25274,10
12.9813404083,80.2211685181,25274,25284,10
12.9818496704,80.2214813232,25284,25293,9
12.9821996689,80.2217178345,25293,25305,12
12.9825496674,80.2218170166,25305,25315,10
12.9828701019,80.2219390869,25315,25335,20
12.9828701019,80.2219390869,25335,25345,10
12.9833202362,80.2222213745,25345,25355,10
12.9836397171,80.2224121094,25355,25365,10
12.9840898514,80.2226791382,25365,25375,10
12.9846897125,80.2230224609,25375,25385,10
12.9853096008,80.2232284546,25385,25395,10
12.9855699539,80.2230377197,25395,25406,11
12.9864501953,80.2229614258,25406,25426,20
12.9864501953,80.2229614258,25426,25436,10
12.9868497849,80.2230377197,25436,25446,10
12.9873304367,80.2230682373,25446,25456,10
12.9878997803,80.2228164673,25456,25466,10
12.9884901047,80.2223968506,25466,25476,10
12.9890203476,80.221862793,25476,25486,10
12.98939991,80.2214126587,25486,25496,10
12.9898395538,80.2208709717,25496,25505,9
12.9905004501,80.2203369141,25505,25517,12
12.9913702011,80.2196807861,25517,25527,10
12.9919996262,80.2192306519,25527,25537,10
12.9927501678,80.2186965942,25537,25547,10
12.9935302734,80.2180633545,25547,25557,10
12.9943199158,80.2175369263,25557,25567,10
12.9951000214,80.2169723511,25567,25577,10
12.9959402084,80.2165985107,25577,25587,10
12.9968204498,80.2164764404,25587,25597,10
12.9972896576,80.2163314819,25597,25607,10
12.997590065,80.2160415649,25607,25618,11
12.9975996017,80.2160415649,25618,25628,10
12.9977998734,80.2159118652,25628,25638,10
12.9981298447,80.2155685425,25638,25648,10
12.9987297058,80.2151107788,25648,25668,20
12.9987297058,80.2151107788,25668,25678,10
12.9989404678,80.2148971558,25678,25688,10
12.9991798401,80.2146911621,25688,25698,10
12.9994497299,80.2144699097,25698,25708,10
12.999879837,80.2141113281,25708,25718,10
13.0002098083,80.2138137817,25718,25729,11
13.0006599426,80.2133331299,25729,25739,10
13.0013399124,80.2128295898,25739,25749,10
13.0020303726,80.2123413086,25749,25759,10
13.0026798248,80.2120819092,25759,25769,10
13.0031003952,80.2120285034,25769,25779,10
13.0035600662,80.2118530273,25779,25789,10
13.0035896301,80.2118225098,25789,25799,10
13.0036802292,80.2116012573,25799,25809,10
13.0036802292,80.2110595703,25809,25819,10
13.0036201477,80.2104415894,25819,25830,11
13.0035400391,80.2096862793,25830,25840,10
13.0036497116,80.2089385986,25840,25850,10
13.0041399002,80.2086486816,25850,25859,9
13.0048999786,80.2090072632,25859,25870,11
13.0059995651,80.2094497681,25870,25880,10
13.0069103241,80.2097320557,25880,25890,10
13.0074596405,80.2098236084,25890,25910,20
13.0074596405,80.2098236084,25910,25920,10
13.007900238,80.2099380493,25920,25931,11
13.0082197189,80.2099304199,25931,25941,10
13.0081100464,80.2095336914,25941,25951,10
13.0079898834,80.2087783813,25951,25961,10
13.0078201294,80.207901001,25961,25971,10
13.0076398849,80.2068099976,25971,25981,10
13.0075101852,80.2057037354,25981,25991,10
13.0074996948,80.2046508789,25991,26001,10
13.0074596405,80.2036972046,26001,26011,10
13.0072803497,80.2027893066,26011,26021,10
13.0066204071,80.2026901245,26021,26031,10
13.0067501068,80.2033004761,26031,26042,11
13.007349968,80.2035980225,26042,26052,10
13.008020401,80.2037124634,26052,26062,10
13.0089502335,80.2036590576,26062,26072,10
13.0101003647,80.2035980225,26072,26082,10
13.0113201141,80.2036819458,26082,26092,10
13.0125799179,80.2038574219,26092,26102,10
13.0136699677,80.2041625977,26102,26112,10
13.0145702362,80.2044906616,26112,26122,10
13.01541996,80.2048110962,26122,26132,10
13.0164299011,80.2052383423,26132,26142,10
13.0170602798,80.2052993774,26142,26153,11
13.0186500549,80.2059326172,26153,26173,20
13.0186500549,80.2059326172,26173,26183,10
13.0189504623,80.2060699463,26183,26193,10
13.0194597244,80.2062225342,26193,26203,10
13.0201997757,80.2062988281,26203,26213,10
13.0210800171,80.2062835693,26213,26223,10
13.0221300125,80.2063369751,26223,26233,10
13.0232200623,80.2065811157,26233,26243,10
13.0242700577,80.206703186,26243,26254,11
13.0244398117,80.206741333,26254,26264,10
13.0247297287,80.2067871094,26264,26274,10
13.0253095627,80.2069396973,26274,26284,10
13.0260400772,80.2073135376,26284,26294,10
13.0268297195,80.2077636719,26294,26304,10
13.0276498795,80.2082519531,26304,26314,10
13.0286798477,80.2086410522,26314,26324,10
13.0297899246,80.2089080811,26324,26334,10
13.0309495926,80.2092514038,26334,26344,10
13.0316095352,80.2094573975,26344,26353,9
13.031709671,80.2095108032,26353,26365,12
13.0321302414,80.2096176147,26365,26375,10
13.0327501297,80.2097015381,26375,26385,10
13.033539772,80.2098388672,26385,26395,10
13.034529686,80.2100219727,26395,26405,10
13.0350799561,80.2103271484,26405,26415,10
13.0350198746,80.210899353,26415,26425,10
13.0349998474,80.2112426758,26425,26445,20
13.0349998474,80.2112426758,26445,26455,10
13.0349197388,80.2116088867,26455,26466,11
13.0349798203,80.2121582031,26466,26476,10
13.0357503891,80.2122573853,26476,26486,10
13.0366601944,80.2123031616,26486,26496,10
13.0373497009,80.2122802734,26496,26506,10
13.0379896164,80.2122802734,26506,26516,10
13.0388402939,80.2122268677,26516,26526,10
13.0398397446,80.2122879028,26526,26536,10
13.0409498215,80.2123413086,26536,26546,10
13.0422201157,80.2123031616,26546,26556,10
13.0439300537,80.2122879028,26556,26577,21
13.0439300537,80.2122879028,26577,26587,10
13.0440797806,80.2122573853,26587,26597,10
13.044500351,80.212272644,26597,26607,10
13.0451097488,80.2122573853,26607,26617,10
13.045920372,80.2122497559,26617,26627,10
13.0468702316,80.2121963501,26627,26637,10
13.0478601456,80.2121124268,26637,26647,10
13.0482902527,80.212059021,26647,26657,10
13.0482997894,80.2120666504,26657,26667,10
13.0484895706,80.2120819092,26667,26678,11
13.0485200882,80.2120819092,26678,26688,10
13.0486803055,80.2120437622,26688,26698,10
13.0491304398,80.2119827271,26698,26708,10
13.0498399734,80.2119598389,26708,26758,50
13.0498399734,80.2119598389,26758,26768,10
13.0501699448,80.2119903564,26768,26778,10
13.0505895615,80.2119827271,26778,26789,11
13.051150322,80.2120132446,26789,26799,10
13.0521697998,80.2118911743,26799,26809,10
13.0533103943,80.2116317749,26809,26819,10
13.0543498993,80.2113723755,26819,26829,10
13.0551996231,80.2114105225,26829,26839,10
13.056139946,80.21144104,26839,26849,10
13.0572099686,80.2114181519,26849,26859,10
13.0577602386,80.2114486694,26859,26869,10
13.0577697754,80.21144104,26869,26879,10
13.0579795837,80.2114562988,26879,26890,11
13.0585203171,80.211479187,26890,26900,10
13.059220314,80.2115020752,26900,26910,10
13.0600500107,80.2115631104,26910,26919,9
13.0609502792,80.2115783691,26919,26930,11
13.0620298386,80.2115936279,26930,26940,10
13.0631504059,80.2115631104,26940,26960,20
13.0631504059,80.2115631104,26960,26970,10
13.0633296967,80.2115707397,26970,26980,10
13.0637702942,80.2115325928,26980,26990,10
13.0643997192,80.2113800049,26990,27001,11
13.0652198792,80.2109603882,27001,27011,10
13.0660600662,80.210319519,27011,27021,10
13.0668897629,80.2095794678,27021,27031,10
13.0673999786,80.2088012695,27031,27041,10
13.0675001144,80.2085418701,27041,27051,10
13.0677404404,80.208152771,27051,27061,10
13.0681200027,80.2075271606,27061,27071,10
13.0686197281,80.2068023682,27071,27081,10
13.069149971,80.2060089111,27081,27091,10
13.0696001053,80.2051773071,27091,27112,21
13.0696001053,80.2051773071,27112,27122,10
13.0697002411,80.205039978,27122,27132,10
13.0695800781,80.2048187256,27132,27142,10
13.0692901611,80.2049102783,27142,27152,10
13.0690202713,80.2053222656,27152,27162,10
13.0687599182,80.2049407959,27162,27192,30
13.0687599182,80.2049407959,27192,27203,11
13.0687999725,80.2047195435,27203,27213,10
13.0690898895,80.2046432495,27213,27223,10
13.0693798065,80.2047119141,27223,27233,10
13.0696201324,80.2047576904,27233,27243,10
13.0698900223,80.2048034668,27243,27253,10
13.0702199936,80.2044296265,27253,27263,10
13.0706796646,80.2038421631,27263,27273,10
13.0712795258,80.2031402588,27273,27283,10
13.0720996857,80.2021484375,27283,27334,51
13.0720996857,80.2021484375,27334,27344,10
13.0723400116,80.2018814087,27344,27354,10
13.0726604462,80.2015228271,27354,27364,10
13.0729799271,80.2011489868,27364,27374,10
13.0731401443,80.2009811401,27374,27384,10
13.0732603073,80.200881958,27384,27394,10
13.0734596252,80.2006607056,27394,27404,10
13.0738201141,80.2002487183,27404,27414,10
13.0744695663,80.1994934082,27414,27435,21
13.0744695663,80.1994934082,27435,27445,10
13.0747003555,80.1992874146,27445,27455,10
13.0752000809,80.1990966797,27455,27465,10
13.0759496689,80.1990203857,27465,27475,10
13.0768604279,80.1989974976,27475,27485,10
13.0775604248,80.1989364624,27485,27495,10
13.0784196854,80.1988296509,27495,27505,10
13.0793504715,80.1987380981,27505,27515,10
13.0803003311,80.1986465454,27515,27526,11
13.0814199448,80.1985778809,27526,27536,10
13.082400322,80.1985168457,27536,27546,10
13.0831003189,80.1985092163,27546,27556,10
13.0834999084,80.1984863281,27556,27566,10
13.0837497711,80.1985092163,27566,27576,10
13.0841703415,80.1985168457,27576,27586,10
13.0846204758,80.1985473633,27586,27596,10
13.0850496292,80.1985168457,27596,27606,10
13.0854301453,80.1984786987,27606,27616,10
13.0856895447,80.1984481812,27616,27626,10
13.0861701965,80.1984405518,27626,27637,11
13.0867996216,80.1984176636,27637,27647,10
13.0870399475,80.198387146,27647,27657,10
13.0871601105,80.1981201172,27657,27677,20
13.0871601105,80.1981201172,27677,27687,10
13.0871896744,80.1980209351,27687,27697,10
13.0872097015,80.1976776123,27697,27707,10
13.0872097015,80.1970901489,27707,27717,10
13.0872097015,80.1962585449,27717,27727,10
13.0872297287,80.1953582764,27727,27738,11
13.0872497559,80.1942825317,27738,27748,10
13.0872802734,80.1931610107,27748,27758,10
13.0873804092,80.1920471191,27758,27768,10
13.0875196457,80.1909332275,27768,27778,10
13.0876703262,80.1898117065,27778,27788,10
13.0876903534,80.1891021729,27788,27798,10
13.0876998901,80.188949585,27798,27808,10
13.0877199173,80.1888122559,27808,27818,10
13.0877504349,80.188369751,27818,27828,10
13.0878000259,80.1877212524,27828,27839,11
13.0878400803,80.1867980957,27839,27849,10
13.087849617,80.1859207153,27849,27859,10
13.0878696442,80.185256958,27859,27869,10
13.0879402161,80.1845626831,27869,27879,10
13.0879602432,80.1836776733,27879,27889,10
13.0879898071,80.1823196411,27889,27899,10
13.0880002975,80.1822814941,27899,27918,19
13.0880403519,80.1813583374,27918,27962,44
13.088060379,80.1790390015,27962,27992,30
13.088060379,80.1790390015,27992,28012,20
13.0881204605,80.1788406372,28012,28022,10
13.0881500244,80.1784515381,28022,28032,10
13.088139534,80.1778335571,28032,28042,10
13.088139534,80.1773834229,28042,28053,11
13.0881700516,80.1769485474,28053,28063,10
13.0882196426,80.1763000488,28063,28073,10
13.0882797241,80.1754837036,28073,28083,10
13.0883398056,80.1745376587,28083,28093,10
13.0884399414,80.1735534668,28093,28103,10
13.0884895325,80.172492981,28103,28113,10
13.0885095596,80.1719589233,28113,28123,10
13.0885095596,80.1719512939,28123,28133,10
13.08852005,80.1717681885,28133,28143,10
13.0885400772,80.1713180542,28143,28153,10
13.0886001587,80.1702575684,28153,28194,41
13.0886001587,80.1702575684,28194,28204,10
13.0886802673,80.1698226929,28204,28214,10
13.0888900757,80.1694793701,28214,28224,10
13.089389801,80.1695404053,28224,28234,10
13.0901498795,80.169593811,28234,28244,10
13.0910701752,80.1696395874,28244,28254,10
13.0921297073,80.169708252,28254,28264,10
13.093290329,80.1697616577,28264,28275,11
13.0945997238,80.1698608398,28275,28295,20
13.0945997238,80.1698608398,28295,28305,10
13.0949697495,80.1699066162,28305,28315,10
13.0952196121,80.169960022,28315,28325,10
13.0958204269,80.1699829102,28325,28335,10
13.0966596603,80.1700134277,28335,28345,10
13.0976295471,80.1700592041,28345,28355,10
13.0986003876,80.1701126099,28355,28365,10
13.0993003845,80.1701507568,28365,28376,11
13.0996704102,80.1700515747,28376,28386,10
13.0996599197,80.1697692871,28386,28426,40
13.0996599197,80.1697692871,28426,28436,10
13.0993700027,80.1696090698,28436,28446,10
13.0990800858,80.1696166992,28446,28456,10
13.0987501144,80.1697692871,28456,28466,10
13.0984401703,80.1696090698,28466,28477,11
13.0986003876,80.1694030762,28477,28487,10
13.0987300873,80.1694869995,28487,28497,10
13.0990400314,80.1695404053,28497,28507,10
13.09953022,80.1697311401,28507,28547,40
13.09953022,80.1697311401,28547,28557,10
13.0995998383,80.1700820923,28557,28709,152
13.0996103287,80.1701431274,28709,28941,232
13.0994596481,80.1702575684,28941,28971,30
13.0994596481,80.1702575684,28971,28981,10
13.0991697311,80.170211792,28981,28991,10
13.0988197327,80.1701812744,28991,29001,10
13.0982599258,80.1701431274,29001,29012,11
13.0974702835,80.1700897217,29012,29022,10
13.096619606,80.1700286865,29022,29032,10
13.095700264,80.1699905396,29032,29042,10
13.0949897766,80.1699295044,29042,29052,10
13.0947303772,80.1698989868,29052,29062,10
13.094499588,80.1698684692,29062,29072,10
13.0942296982,80.1698532104,29072,29082,10
13.0937995911,80.1697998047,29082,29092,10
13.0932102203,80.1698074341,29092,29102,10
13.0921297073,80.169708252,29102,29112,10
13.0909900665,80.1696472168,29112,29123,11
13.0897703171,80.169593811,29123,29133,10
13.0892000198,80.1695404053,29133,29143,10
13.0890798569,80.1695327759,29143,29153,10
13.0887804031,80.1696624756,29153,29163,10
13.0887203217,80.1701889038,29163,29173,10
13.0886602402,80.1709899902,29173,29183,10
13.0886297226,80.1718292236,29183,29193,10
13.0886201859,80.1719894409,29193,29203,10
13.0885801315,80.1722106934,29203,29213,10
13.0885601044,80.1727218628,29213,29224,11
13.08852005,80.1735534668,29224,29234,10
13.088470459,80.1744689941,29234,29244,10
13.0883998871,80.1753387451,29244,29254,10
13.088350296,80.1762695313,29254,29264,10
13.0883197784,80.1771392822,29264,29274,10
13.0882902145,80.1777114868,29274,29284,10
13.0882902145,80.1785507202,29284,29304,20
13.0882902145,80.1785507202,29304,29314,10
13.0882797241,80.178817749,29314,29324,10
13.0882797241,80.1789398193,29324,29335,11
13.0882797241,80.1792221069,29335,29345,10
13.0882701874,80.1796035767,29345,29355,10
13.0882396698,80.1801376343,29355,29365,10
13.0882301331,80.1807174683,29365,29375,10
13.0882301331,80.1808624268,29375,29385,10
13.0882196426,80.1810684204,29385,29395,10
13.0882101059,80.1813964844,29395,29435,40
13.0882101059,80.1813964844,29435,29446,11
13.0881795883,80.1817626953,29446,29456,10
13.0881900787,80.1819000244,29456,29466,10
13.0881795883,80.1820678711,29466,29476,10
13.0881795883,80.1822509766,29476,29486,10
13.088139534,80.1826705933,29486,29496,10
13.088139534,80.1832809448,29496,29506,10
13.0881004333,80.1841278076,29506,29516,10
13.0880498886,80.1849975586,29516,29526,10
13.0880098343,80.1856689453,29526,29536,10
13.0880002975,80.186340332,29536,29546,10
13.0879297256,80.1873703003,29546,29587,41
13.0879297256,80.1873703003,29587,29597,10
13.0879201889,80.1876983643,29597,29607,10
13.0879001617,80.1880111694,29607,29617,10
13.0878801346,80.1884689331,29617,29627,10
13.0878601074,80.1889266968,29627,29637,10
13.0878400803,80.1896820068,29637,29668,31
13.0878400803,80.1896820068,29668,29678,10
13.0878000259,80.1898880005,29678,29688,10
13.0877304077,80.1903381348,29688,29698,10
13.0876502991,80.1908416748,29698,29708,10
13.0875797272,80.1914901733,29708,29718,10
13.0874996185,80.1922225952,29718,29728,10
13.0874595642,80.1926193237,29728,29738,10
13.0874099731,80.1931686401,29738,29748,10
13.087389946,80.1939163208,29748,29757,9
13.0873804092,80.1946716309,29757,29769,12
13.0873603821,80.195022583,29769,29779,10
13.0873603821,80.1953201294,29779,29789,10
13.0873403549,80.1958694458,29789,29799,10
13.0873098373,80.1966400146,29799,29809,10
13.0872898102,80.1975097656,29809,29819,10
13.0872898102,80.1977767944,29819,29829,10
13.087269783,80.1979827881,29829,29839,10
13.0874004364,80.1984176636,29839,29849,10
13.0876398087,80.1984710693,29849,29859,10
13.088060379,80.1984405518,29859,29870,11
13.088760376,80.1984024048,29870,29880,10
13.0894203186,80.1984634399,29880,29890,10
13.0900297165,80.1985015869,29890,29900,10
13.0908298492,80.1985778809,29900,29910,10
13.0917100906,80.198638916,29910,29920,10
13.0926198959,80.1986465454,29920,29930,10
13.093000412,80.1986923218,29930,29940,10
13.0930299759,80.1989593506,29940,29950,10
13.0929603577,80.19947052,29950,29960,10
13.0929002762,80.2005310059,29960,29991,31
13.0929002762,80.2005310059,29991,30001,10
13.0926198959,80.2006607056,30001,30011,10
13.0921401978,80.2006378174,30011,30021,10
13.0913896561,80.2005767822,30021,30031,10
13.0908603668,80.2005691528,30031,30041,10
13.0901699066,80.2005615234,30041,30051,10
13.0893096924,80.2005233765,30051,30061,10
13.0883102417,80.2004470825,30061,30071,10
13.0875501633,80.2004318237,30071,30082,11
13.0870199203,80.2004318237,30082,30092,10
13.0863399506,80.2004318237,30092,30102,10
13.0857801437,80.2003936768,30102,30112,10
13.0856599808,80.2003707886,30112,30122,10
13.0853996277,80.200302124,30122,30132,10
13.0853700638,80.1999282837,30132,30142,10
13.0853395462,80.1993179321,30142,30152,10
13.0852499008,80.1986694336,30152,30162,10
13.0847997665,80.1986999512,30162,30172,10
13.0842895508,80.1986923218,30172,30182,10
13.0842399597,80.198677063,30182,30193,11
13.0839395523,80.1986999512,30193,30203,10
13.0830001831,80.1986618042,30203,30273,70
13.0830001831,80.1986618042,30273,30283,10
13.0826597214,80.1985931396,30283,30293,10
13.082110405,80.1986236572,30293,30304,11
13.0812702179,80.1986236572,30304,30314,10
13.080450058,80.198677063,30314,30324,10
13.0796203613,80.1987609863,30324,30334,10
13.0787296295,80.1988601685,30334,30344,10
13.0777797699,80.1989822388,30344,30354,10
13.0767097473,80.1991119385,30354,30364,10
13.0757102966,80.19921875,30364,30374,10
13.0750303268,80.1994094849,30374,30384,10
13.0743303299,80.1998214722,30384,30394,10
13.0738401413,80.2003097534,30394,30405,11
13.0735902786,80.2006378174,30405,30415,10
13.0735797882,80.2006530762,30415,30425,10
13.0735197067,80.2007217407,30425,30435,10
13.0732803345,80.2010269165,30435,30445,10
13.0728902817,80.2015304565,30445,30455,10
13.0724401474,80.2020874023,30455,30465,10
13.0719299316,80.202583313,30465,30475,10
13.0713300705,80.2032470703,30475,30485,10
13.0706596375,80.2040634155,30485,30495,10
13.0701503754,80.2047119141,30495,30505,10
13.0700502396,80.2049407959,30505,30516,11
13.0700397491,80.2049407959,30516,30526,10
13.0699195862,80.2050704956,30526,30536,10
13.0696401596,80.2049789429,30536,30546,10
13.0693397522,80.2049789429,30546,30556,10
13.0691099167,80.205406189,30556,30566,10
13.0687799454,80.2054824829,30566,30576,10
13.0680398941,80.2053985596,30576,30617,41
13.0680398941,80.2053985596,30617,30627,10
13.0679798126,80.2052230835,30627,30637,10
13.0681200027,80.2049865723,30637,30647,10
13.0684900284,80.2048873901,30647,30657,10
13.0687799454,80.204750061,30657,30667,10
13.0691299438,80.2046890259,30667,30717,50
13.0691299438,80.2046890259,30717,30728,11
13.0693302155,80.2047424316,30728,30738,10
13.0696802139,80.2048110962,30738,30748,10
13.069899559,80.2050933838,30748,30758,10
13.0696001053,80.205619812,30758,30768,10
13.0691604614,80.2063064575,30768,30778,10
13.0686798096,80.2070922852,30778,30788,10
13.0681295395,80.2079696655,30788,30798,10
13.0675201416,80.2089385986,30798,30808,10
13.0668497086,80.2099075317,30808,30818,10
13.0659599304,80.2106323242,30818,30828,10
13.0654697418,80.2110519409,30828,30839,11
13.0654001236,80.2111129761,30839,30849,10
13.0651197433,80.2112808228,30849,30859,10
13.0650901794,80.2112884521,30859,30869,10
13.0648899078,80.2113571167,30869,30879,10
13.064499855,80.2115478516,30879,30889,10
13.0639696121,80.2117080688,30889,30899,10
13.0635795593,80.2117385864,30899,30909,10
13.0630998611,80.2117919922,30909,30919,10
13.0624799728,80.2117462158,30919,30928,9
13.061920166,80.2116928101,30928,30940,12
13.0604200363,80.2117004395,30940,30950,10
13.0593004227,80.2116394043,30950,30960,10
13.057849884,80.2116088867,30960,30980,20
13.057849884,80.2116088867,30980,30990,10
13.0576200485,80.2116394043,30990,31000,10
13.0572595596,80.2115936279,31000,31010,10
13.0567102432,80.2115402222,31010,31020,10
13.0558595657,80.2115478516,31020,31030,10
13.0550003052,80.2114868164,31030,31040,10
13.0539999008,80.2116699219,31040,31051,11
13.0527801514,80.2120132446,31051,31061,10
13.05189991,80.2121963501,31061,31071,10
13.0514602661,80.2121887207,31071,31081,10
13.0511398315,80.2122497559,31081,31091,10
13.0507097244,80.212272644,31091,31100,9
13.0500202179,80.2121810913,31100,31141,41
13.0500202179,80.2121810913,31141,31152,11
13.0496196747,80.2121429443,31152,31162,10
13.0492696762,80.2121582031,31162,31172,10
13.0486803055,80.2121887207,31172,31182,10
13.0479097366,80.2122268677,31182,31192,10
13.0470104218,80.2123031616,31192,31202,10
13.0459299088,80.212348938,31202,31212,10
13.0448999405,80.212387085,31212,31242,30
13.0448999405,80.212387085,31242,31252,10
13.0448198318,80.212387085,31252,31263,11
13.0444803238,80.2124023438,31263,31273,10
13.0439395905,80.2123794556,31273,31283,10
13.043129921,80.212387085,31283,31293,10
13.0422296524,80.2124099731,31293,31303,10
13.0412397385,80.2124633789,31303,31313,10
13.0400295258,80.2123718262,31313,31323,10
13.0391702652,80.2124023438,31323,31333,10
13.0380401611,80.2123336792,31333,31343,10
13.0370798111,80.212348938,31343,31353,10
13.0363101959,80.2123794556,31353,31364,11
13.0352802277,80.2123718262,31364,31384,20
13.0352802277,80.2123718262,31384,31394,10
13.0351104736,80.2122802734,31394,31404,10
13.034819603,80.2122497559,31404,31414,10
13.0343198776,80.2121810913,31414,31434,20
13.0343198776,80.2121810913,31434,31444,10
13.0340995789,80.212059021,31444,31454,10
13.0337495804,80.2119903564,31454,31464,10
13.0331497192,80.2118835449,31464,31475,11
13.0324602127,80.2118301392,31475,31485,10
13.0321598053,80.2112731934,31485,31495,10
13.032119751,80.2106018066,31495,31505,10
13.0321502686,80.2098693848,31505,31515,10
13.0316400528,80.2095413208,31515,31535,20
13.0316400528,80.2095413208,31535,31545,10
13.0314397812,80.2095565796,31545,31555,10
13.031129837,80.2093811035,31555,31565,10
13.0305595398,80.2092132568,31565,31616,51
13.0305595398,80.2092132568,31616,31626,10
13.0302000046,80.2091598511,31626,31636,10
13.0297803879,80.2090606689,31636,31646,10
13.0297498703,80.2090606689,31646,31656,10
13.0295200348,80.208946228,31656,31666,10
13.0290498734,80.208770752,31666,31676,10
13.0282497406,80.2085800171,31676,31687,11
13.0274000168,80.2081985474,31687,31697,10
13.0266399384,80.2077407837,31697,31707,10
13.0258998871,80.20728302,31707,31717,10
13.0250501633,80.2070007324,31717,31727,10
13.0244598389,80.2068862915,31727,31737,10
13.0244398117,80.2068862915,31737,31747,10
13.0242004395,80.2068710327,31747,31757,10
13.023730278,80.2067871094,31757,31767,10
13.0229997635,80.2066497803,31767,31777,10
13.0221300125,80.2064437866,31777,31787,10
13.0214099884,80.2064208984,31787,31798,11
13.0203895569,80.2064437866,31798,31808,10
13.0196800232,80.2064285278,31808,31828,20
13.0196800232,80.2064285278,31828,31838,10
13.0193996429,80.2064208984,31838,31848,10
13.0192499161,80.2063674927,31848,31858,10
13.0191698074,80.2063522339,31858,31868,10
13.0188703537,80.2062835693,31868,31899,31
13.0188703537,80.2062835693,31899,31909,10
13.0185098648,80.2061462402,31909,31919,10
13.0181903839,80.2060394287,31919,31949,30
13.0181903839,80.2060394287,31949,31959,10
13.0177202225,80.2058486938,31959,31969,10
13.0173997879,80.2057418823,31969,31979,10
13.017080307,80.205581665,31979,31989,10
13.0163602829,80.205406189,31989,31999,10
13.0154695511,80.2050476074,31999,32010,11
13.0139198303,80.2044067383,32010,32050,40
13.0139198303,80.2044067383,32050,32060,10
13.0136604309,80.204460144,32060,32070,10
13.013589859,80.2045974731,32070,32080,10
13.0135097504,80.2049636841,32080,32090,10
13.0134296417,80.2054367065,32090,32100,10
13.0131998062,80.2063980103,32100,32110,10
13.0129804611,80.2073974609,32110,32121,11
13.0129003525,80.2080078125,32121,32131,10
13.0128498077,80.2085723877,32131,32141,10
13.012840271,80.2088623047,32141,32151,10
13.0129203796,80.2093200684,32151,32161,10
13.0131196976,80.2097396851,32161,32171,10
13.0131397247,80.2102890015,32171,32181,10
13.0129995346,80.2109985352,32181,32191,10
13.0128602982,80.2112426758,32191,32201,10
13.0125598907,80.2118606567,32201,32211,10
13.012260437,80.212348938,32211,32222,11
13.0118999481,80.2125701904,32222,32232,10
13.0115203857,80.2124404907,32232,32242,10
13.010890007,80.2120437622,32242,32252,10
13.0103597641,80.2116622925,32252,32262,10
13.010020256,80.2114181519,32262,32282,20
13.0097503662,80.2112731934,32282,32383,101
13.0097503662,80.2112731934,32383,32393,10
13.0094804764,80.2110214233,32393,32444,51
13.0091896057,80.2112731934,32444,32494,50
13.0089998245,80.2116317749,32494,32514,20
13.0089998245,80.2116317749,32514,32524,10
13.0090398788,80.2119064331,32524,32533,9
13.0090799332,80.2120513916,32533,32545,12
13.0091600418,80.2123031616,32545,32555,10
13.0093002319,80.2126464844,32555,32565,10
13.0094900131,80.2131118774,32565,32575,10
13.0096797943,80.2136306763,32575,32585,10
13.0099000931,80.2141189575,32585,32595,10
13.0100898743,80.2145690918,32595,32605,10
13.0101804733,80.2150878906,32605,32615,10
13.0102596283,80.2156906128,32615,32625,10
13.0105199814,80.2163085938,32625,32635,10
13.0108098984,80.2169494629,32635,32645,10
13.011179924,80.2177581787,32645,32656,11
13.0115499496,80.2188568115,32656,32666,10
13.0119304657,80.2200927734,32666,32676,10
13.0122995377,80.2211380005,32676,32686,10
13.0123300552,80.2213287354,32686,32696,10
13.0123996735,80.2214813232,32696,32706,10
13.0126104355,80.2218475342,32706,32716,10
13.0131196976,80.2224121094,32716,32726,10
13.0136499405,80.2230224609,32726,32736,10
13.0141000748,80.2236404419,32736,32746,10
13.0147600174,80.2243728638,32746,32756,10
13.0151996613,80.2249221802,32756,32767,11
13.0152702332,80.2250137329,32767,32777,10
13.0154104233,80.225227356,32777,32787,10
13.01541996,80.2255325317,32787,32797,10
13.0151901245,80.2258377075,32797,32807,10
13.0147399902,80.2259521484,32807,32817,10
13.0140600204,80.2262573242,32817,32827,10
13.0133600235,80.2265777588,32827,32837,10
13.0125904083,80.2268829346,32837,32847,10
13.0118398666,80.2271270752,32847,32857,10
13.0108804703,80.2276229858,32857,32868,11
13.0098199844,80.2279434204,32868,32878,10
13.0096302032,80.2274627686,32878,32888,10
13.0098495483,80.2269210815,32888,32898,10
13.0101900101,80.2261505127,32898,32908,10
13.0105600357,80.2253189087,32908,32918,10
13.010890007,80.2245025635,32918,32928,10
13.0111904144,80.2236175537,32928,32938,10
13.0113201141,80.2231903076,32938,32948,10
13.01101017,80.2230377197,32948,32958,10
13.0104198456,80.2226715088,32958,32968,10
13.0096702576,80.2222213745,32968,32979,11
13.0088195801,80.2217330933,32979,32989,10
13.0079803467,80.221282959,32989,32999,10
13.0071001053,80.2207794189,32999,33009,10
13.0061502457,80.2204437256,33009,33019,10
13.0050897598,80.2202911377,33019,33029,10
13.0042800903,80.2200164795,33029,33039,10
13.003490448,80.2197799683,33039,33049,10
13.0027799606,80.2194824219,33049,33059,10
13.0021295547,80.21900177,33059,33069,10
13.001660347,80.2186203003,33069,33080,11
13.0010004044,80.2181015015,33080,33090,10
13.0005702972,80.2179107666,33090,33100,10
13.0000495911,80.2175979614,33100,33110,10
12.9992599487,80.217048645,33110,33120,10
12.9984903336,80.2165908813,33120,33130,10
12.9981002808,80.2164993286,33130,33140,10
12.9978103638,80.2164993286,33140,33170,30
12.9974098206,80.216506958,33170,33191,21
12.9974098206,80.216506958,33191,33201,10
12.997130394,80.2164993286,33201,33211,10
12.996720314,80.2164993286,33211,33221,10
12.9963502884,80.2164382935,33221,33231,10
12.9957799911,80.2165222168,33231,33241,10
12.9952497482,80.2167282104,33241,33251,10
12.9947795868,80.2168731689,33251,33261,10
12.9940395355,80.2175292969,33261,33271,10
12.9932603836,80.2181396484,33271,33281,10
12.9921703339,80.2190933228,33281,33291,10
12.9915599823,80.2194976807,33291,33302,11
12.9912099838,80.2194671631,33302,33312,10
12.9911298752,80.2194290161,33312,33322,10
12.99077034,80.2192764282,33322,33332,10
12.9901895523,80.219078064,33332,33342,10
12.9893903732,80.2188034058,33342,33352,10
12.9884700775,80.21849823,33352,33362,10
12.9874296188,80.2183303833,33362,33372,10
12.9869298935,80.2182312012,33372,33382,10
12.9868497849,80.2182388306,33382,33392,10
12.986579895,80.218170166,33392,33403,11
12.9859399796,80.2179489136,33403,33413,10
12.984919548,80.2179031372,33413,33423,10
12.9840698242,80.2179794312,33423,33433,10
12.9839601517,80.2179794312,33433,33443,10
12.9837398529,80.2179794312,33443,33453,10
12.9832401276,80.2179718018,33453,33463,10
12.982460022,80.2179794312,33463,33473,10
12.9815597534,80.2180099487,33473,33483,10
12.9806995392,80.2182617188,33483,33493,10
12.9801998138,80.2184066772,33493,33503,10
12.9797801971,80.2185974121,33503,33514,11
12.979060173,80.2188796997,33514,33524,10
12.9786596298,80.2190170288,33524,33534,10
12.9781303406,80.2192001343,33534,33544,10
12.9772996902,80.219581604,33544,33554,10
12.9763698578,80.2200012207,33554,33564,10
12.9757900238,80.2202072144,33564,33594,30
12.9757900238,80.2202072144,33594,33604,10
12.9755802155,80.2204437256,33604,33615,11
12.9755001068,80.2207565308,33615,33625,10
12.9755401611,80.2208328247,33625,33635,10
12.9757699966,80.2209777832,33635,34069,434
12.9758996964,80.2210998535,34069,34634,565
12.9758996964,80.2210998535,34634,34644,10
12.9763202667,80.2212295532,34644,34654,10
12.9766702652,80.2212371826,34654,34664,10
12.9771995544,80.2212219238,34664,34674,10
12.9779100418,80.2211837769,34674,34684,10
12.9787101746,80.2211380005,34684,34695,11
12.9794902802,80.2210693359,34695,34705,10
12.9801597595,80.2210235596,34705,34715,10
12.9809503555,80.220993042,34715,34725,10
12.9815702438,80.221206665,34725,34735,10
12.9820404053,80.2215194702,34735,34745,10
12.9825000763,80.2216873169,34745,34755,10
12.9828901291,80.2218704224,34755,34775,20
12.9828901291,80.2218704224,34775,34785,10
12.9830999374,80.2220306396,34785,34794,9
12.9833097458,80.22215271,34794,34806,12
12.9835395813,80.2222824097,34806,34816,10
12.983830452,80.2224502563,34816,34826,10
12.9842596054,80.2227096558,34826,34836,10
12.9848804474,80.2230224609,34836,34846,10
12.9855098724,80.2230377197,34846,34856,10
12.9865598679,80.2228775024,34856,34876,20
12.9865598679,80.2228775024,34876,34886,10
12.986869812,80.2229537964,34886,34896,10
12.9869699478,80.2229614258,34896,34907,11
12.9873600006,80.2230224609,34907,34917,10
12.9877700806,80.2229995728,34917,34927,10
12.988240242,80.2227096558,34927,34937,10
12.9887695313,80.2222366333,34937,34947,10
12.9892196655,80.2216873169,34947,34957,10
12.9895801544,80.2211990356,34957,34967,10
12.9898796082,80.2208633423,34967,34977,10
12.9902896881,80.2204589844,34977,34987,10
12.9908704758,80.2200164795,34987,34997,10
12.9910402298,80.2199020386,34997,35007,10
12.9911804199,80.2198028564,35007,35018,11
12.9914903641,80.219581604,35018,35028,10
12.9916496277,80.2194519043,35028,35038,10
12.9919996262,80.2192001343,35038,35048,10
12.9925699234,80.218788147,35048,35058,10
12.9932203293,80.2182998657,35058,35068,10
12.994020462,80.2177505493,35068,35078,10
12.994720459,80.2172622681,35078,35088,10
12.9949302673,80.2171020508,35088,35098,10
12.9949703217,80.2170715332,35098,35108,10
12.9952297211,80.2168884277,35108,35119,11
12.9957895279,80.2166519165,35119,35129,10
12.9961299896,80.2165679932,35129,35139,10
12.9962396622,80.2165527344,35139,35149,10
12.9965200424,80.216506958,35149,35159,10
12.9971704483,80.2164306641,35159,35179,20
12.9971704483,80.2164306641,35179,35189,10
12.9973402023,80.2163391113,35189,35199,10
12.9975795746,80.2160720825,35199,35219,20
12.9975795746,80.2160720825,35219,35230,11
12.9977798462,80.2159194946,35230,35240,10
12.9981098175,80.2156295776,35240,35250,10
12.998550415,80.2153015137,35250,35260,10
12.9990901947,80.2147827148,35260,35270,10
12.9992904663,80.2145996094,35270,35280,10
12.9996700287,80.2142791748,35280,35290,10
13.0000400543,80.2139587402,35290,35300,10
13.0004501343,80.2136001587,35300,35310,10
13.00096035,80.2131500244,35310,35321,11
13.0014295578,80.2127914429,35321,35331,10
13.0018997192,80.2124404907,35331,35342,11
13.0025196075,80.2121200562,35342,35352,10
13.0030498505,80.2120513916,35352,35362,10
13.0036497116,80.2119598389,35362,35372,10
13.0037498474,80.2118377686,35372,35382,10
13.0038204193,80.2117767334,35382,35392,10
13.0037603378,80.2114562988,35392,35402,10
13.0037202835,80.2109375,35402,35412,10
13.0036697388,80.2105331421,35412,35422,10
13.0036201477,80.2102203369,35422,35432,10
13.003569603,80.2098083496,35432,35443,11
13.0036001205,80.2092590332,35443,35453,10
13.0037498474,80.2086791992,35453,35463,10
13.0043802261,80.208732605,35463,35473,10
13.0052499771,80.2091217041,35473,35483,10
13.005979538,80.2093963623,35483,35493,10
13.006310463,80.2095031738,35493,35503,10
13.006770134,80.2096328735,35503,35513,10
13.0074796677,80.2097702026,35513,35543,30
13.0074796677,80.2097702026,35543,35554,11
13.0078401566,80.2098693848,35554,35564,10
13.0080404282,80.2099380493,35564,35574,10
13.0081996918,80.2098083496,35574,35584,10
13.0080404282,80.2092666626,35584,35594,10
13.007900238,80.2085418701,35594,35604,10
13.0077600479,80.2076873779,35604,35614,10
13.0075502396,80.2068023682,35614,35624,10
13.0074100494,80.2058105469,35624,35634,10
13.0074300766,80.2050323486,35634,35644,10
13.0074596405,80.204498291,35644,35654,10
13.0074796677,80.2041015625,35654,35665,11
13.0074195862,80.2035598755,35665,35675,10
13.0072603226,80.2027816772,35675,35685,10
13.0067195892,80.2025604248,35685,35695,10
13.0065898895,80.2031326294,35695,35705,10
13.0070800781,80.2034683228,35705,35715,10
13.0077199936,80.2036590576,35715,35725,10
13.0085601807,80.2036514282,35725,35735,10
13.0096197128,80.2036132813,35735,35745,10
13.0108098984,80.2036209106,35745,35754,9
13.0119695663,80.2037582397,35754,35766,12
13.0131702423,80.2039718628,35766,35776,10
13.0135498047,80.2040634155,35776,35786,10
13.0139598846,80.2042236328,35786,35796,10
13.0150203705,80.2046127319,35796,35816,20
13.0150203705,80.2046127319,35816,35826,10
13.0151596069,80.2046737671,35826,35836,10
13.0154304504,80.204788208,35836,35846,10
13.0158395767,80.2050170898,35846,35856,10
13.0161504745,80.2051315308,35856,35866,10
13.0165996552,80.2054672241,35866,35877,11
13.0172300339,80.2055969238,35877,35887,10
13.0177001953,80.2056732178,35887,35897,10
13.0186100006,80.205947876,35897,35917,20
13.0186100006,80.205947876,35917,35927,10
13.0189695358,80.2060775757,35927,35937,10
13.0194997787,80.2062072754,35937,35947,10
13.0202703476,80.2062530518,35947,35957,10
13.0211496353,80.2062225342,35957,35966,9
13.0216598511,80.206237793,35966,35988,22
13.0216598511,80.206237793,35988,35998,10
13.0221004486,80.2063598633,35998,36008,10
13.0226202011,80.2064819336,36008,36018,10
13.0234203339,80.2065811157,36018,36028,10
13.0244503021,80.2067108154,36028,36048,20
13.0244503021,80.2067108154,36048,36058,10
13.0246095657,80.206741333,36058,36068,10
13.0250196457,80.2068405151,36068,36077,9
13.0256500244,80.2070236206,36077,36089,12
13.0265197754,80.2074508667,36089,36099,10
13.0272598267,80.2078933716,36099,36109,10
13.0281200409,80.208366394,36109,36119,10
13.0290699005,80.2086410522,36119,36129,10
13.0301303864,80.2089233398,36129,36169,40
13.0301303864,80.2089233398,36169,36179,10
13.0303297043,80.2089691162,36179,36189,10
13.0307502747,80.2090835571,36189,36200,11
13.0316095352,80.2093276978,36200,36230,30
13.0316095352,80.2093276978,36230,36240,10
13.0319404602,80.209487915,36240,36250,10
13.0323696136,80.2095794678,36250,36260,10
13.0330200195,80.2096481323,36260,36270,10
13.0338096619,80.2098007202,36270,36280,10
13.0346899033,80.2099761963,36280,36290,10
13.0350999832,80.2102966309,36290,36301,11
13.0350103378,80.2111587524,36301,36341,40
13.0350103378,80.2111587524,36341,36351,10
13.0349502563,80.2115402222,36351,36361,10
13.0349302292,80.2118225098,36361,36371,10
13.0349302292,80.2118606567,36371,36381,10
13.0351295471,80.2121505737,36381,36391,10
13.0356302261,80.2122116089,36391,36401,10
13.0361003876,80.2122573853,36401,36422,21
13.0361003876,80.2122573853,36422,36432,10
13.0364303589,80.2123565674,36432,36442,10
13.0366201401,80.2123794556,36442,36452,10
13.0368499756,80.2123565674,36452,36462,10
13.0371799469,80.2123413086,36462,36472,10
13.0376996994,80.2123336792,36472,36482,10
13.0384397507,80.2123031616,36482,36492,10
13.0392799377,80.2122573853,36492,36502,10
13.0402498245,80.2122421265,36502,36512,10
13.0413799286,80.2122116089,36512,36522,10
13.0425395966,80.2121734619,36522,36533,11
13.0436601639,80.2121505737,36533,36543,10
13.0441799164,80.2121734619,36543,36553,10
13.044719696,80.2121887207,36553,36563,10
13.0454902649,80.2121887207,36563,36573,10
13.0463600159,80.2121582031,36573,36583,10
13.0470399857,80.2121276855,36583,36593,10
13.0482797623,80.212059021,36593,36613,20
13.0482797623,80.212059021,36613,36624,11
13.0483798981,80.2120895386,36624,36634,10
13.0491399765,80.2120132446,36634,36724,90
13.0491399765,80.2120132446,36724,36735,11
13.0493497849,80.212020874,36735,36745,10
13.0496397018,80.2119979858,36745,36755,10
13.0498104095,80.2119598389,36755,36765,10
13.0499696732,80.2119369507,36765,36775,10
13.0502195358,80.2119369507,36775,36785,10
13.0506296158,80.2120285034,36785,36795,10
13.0510702133,80.2120819092,36795,36805,10
13.052189827,80.2119293213,36805,36815,10
13.0532102585,80.2116775513,36815,36825,10
13.0540599823,80.2114562988,36825,36835,10
13.0543403625,80.2114105225,36835,36846,11
13.0548095703,80.2114105225,36846,36856,10
13.0554704666,80.2114562988,36856,36866,10
13.0562896729,80.2114562988,36866,36876,10
13.0571498871,80.21144104,36876,36886,10
13.0573501587,80.2114334106,36886,36896,10
13.0576400757,80.2114486694,36896,36906,10
13.0577001572,80.21144104,36906,36916,10
13.0580396652,80.2114486694,36916,36926,10
13.0585899353,80.2114334106,36926,36936,10
13.058930397,80.2114028931,36936,36947,11
13.0594301224,80.2114105225,36947,36957,10
13.060090065,80.2114334106,36957,36967,10
13.0609703064,80.2114562988,36967,36977,10
13.0617198944,80.2116012573,36977,36987,10
13.0626001358,80.2115783691,36987,36997,10
13.0631303787,80.211517334,36997,37007,10
13.0631399155,80.211517334,37007,37017,10
13.063369751,80.2115020752,37017,37027,10
13.0638599396,80.2114334106,37027,37037,10
13.0644798279,80.2113189697,37037,37047,10
13.0651903152,80.2109832764,37047,37058,11
13.0660495758,80.2103424072,37058,37068,10
13.0668802261,80.2096099854,37068,37078,10
13.0674600601,80.2087631226,37078,37088,10
13.0678901672,80.2080307007,37088,37098,10
13.0683298111,80.2072601318,37098,37108,10
13.0688495636,80.2064285278,37108,37118,10
13.0693302155,80.2056427002,37118,37128,10
13.0696296692,80.2051086426,37128,37138,10
13.0696802139,80.2049636841,37138,37148,10
13.0695800781,80.2048187256,37148,37158,10
13.0692596436,80.2048034668,37158,37169,11
13.0689201355,80.2049789429,37169,37179,10
13.068810463,80.2048568726,37179,37219,40
13.068810463,80.2048568726,37219,37229,10
13.0688695908,80.2046737671,37229,37239,10
13.0691299438,80.2046279907,37239,37249,10
13.0694904327,80.2046966553,37249,37320,71
13.0694904327,80.2046966553,37320,37330,10
13.0698003769,80.2047805786,37330,37340,10
13.0701503754,80.2045822144,37340,37350,10
13.070520401,80.2040863037,37350,37360,10
13.0710802078,80.2033996582,37360,37370,10
13.072019577,80.2022171021,37370,37411,41
13.072019577,80.2022171021,37411,37421,10
13.07213974,80.2020874023,37421,37431,10
13.0723400116,80.2018814087,37431,37441,10
13.0726900101,80.2014770508,37441,37451,10
13.0731697083,80.2009277344,37451,37461,10
13.0736703873,80.2003173828,37461,37471,10
13.0740699768,80.199836731,37471,37481,10
13.0743598938,80.199508667,37481,37502,21
13.0743598938,80.199508667,37502,37512,10
13.0745096207,80.199432373,37512,37522,10
13.0748300552,80.1992034912,37522,37532,10
13.0754098892,80.1990280151,37532,37542,10
13.076210022,80.1990280151,37542,37552,10
13.0771503448,80.1989593506,37552,37562,10
13.0782203674,80.1988296509,37562,37572,10
13.0793304443,80.1986999512,37572,37581,9
13.0802602768,80.1986236572,37581,37593,12
13.0812702179,80.1985321045,37593,37603,10
13.0820198059,80.1984863281,37603,37613,10
13.0826997757,80.1984024048,37613,37623,10
13.0829496384,80.1984481812,37623,37633,10
13.083319664,80.1984481812,37633,37643,10
13.0835103989,80.1984710693,37643,37653,10
13.0837202072,80.1984786987,37653,37663,10
13.0841598511,80.1984634399,37663,37673,10
13.0846204758,80.1984710693,37673,37683,10
13.0849599838,80.1984786987,37683,37694,11
13.0852499008,80.1984634399,37694,37704,10
13.0855503082,80.1984786987,37704,37714,10
13.0858802795,80.1985168457,37714,37724,10
13.0864295959,80.1985015869,37724,37734,10
13.0868597031,80.1984634399,37734,37744,10
13.0870800018,80.1982498169,37744,37754,10
13.0871200562,80.1979217529,37754,37764,10
13.0871200562,80.1979064941,37764,37774,10
13.0871400833,80.1977005005,37774,37784,10
13.0871496201,80.1972732544,37784,37794,10
13.0871601105,80.1966629028,37794,37804,10
13.0871801376,80.1958236694,37804,37815,11
13.0872001648,80.1948699951,37815,37825,10
13.087220192,80.193862915,37825,37835,10
13.0872097015,80.1932067871,37835,37845,10
13.0872097015,80.1931610107,37845,37855,10
13.087220192,80.1930618286,37855,37865,10
13.0872297287,80.1927719116,37865,37875,10
13.0873098373,80.1923370361,37875,37885,10
13.0873804092,80.1917190552,37885,37895,10
13.0874795914,80.1909103394,37895,37905,10
13.0876102448,80.1900024414,37905,37916,11
13.0876598358,80.189163208,37916,37926,10
13.087679863,80.1890563965,37926,37936,10
13.0877103806,80.1887664795,37936,37946,10
13.0877199173,80.1884613037,37946,37986,40
13.0877199173,80.1884613037,37986,37996,10
13.0877799988,80.1881027222,37996,38006,10
13.087770462,80.1877212524,38006,38016,10
13.0877895355,80.1871032715,38016,38027,11
13.0878000259,80.1862487793,38027,38037,10
13.0878295898,80.1856384277,38037,38047,10
13.0878601074,80.185043335,38047,38057,10
13.0879001617,80.1836090088,38057,38067,10
13.0879001617,80.1836090088,38067,38077,10
13.0879497528,80.1827087402,38077,38086,9
13.08796978,80.1820068359,38086,38104,18
13.0880699158,80.1803665161,38104,38115,11
13.0880899429,80.1799087524,38115,38125,10
13.0880403519,80.1790237427,38125,38146,21
13.0880403519,80.1790237427,38146,38156,10
13.0881004333,80.1787033081,38156,38166,10
13.0880899429,80.178237915,38166,38176,10
13.0881004333,80.1775970459,38176,38186,10
13.0881204605,80.1770477295,38186,38196,10
13.0881795883,80.176361084,38196,38206,10
13.0882501602,80.1754989624,38206,38216,10
13.0882902145,80.1747970581,38216,38226,10
13.0883598328,80.1740875244,38226,38237,11
13.0884304047,80.1732025146,38237,38247,10
13.0884304047,80.1725463867,38247,38257,10
13.0884599686,80.1719818115,38257,38277,20
13.0884599686,80.1719818115,38277,38287,10
13.0885095596,80.1715316772,38287,38297,10
13.0885095596,80.171081543,38297,38307,10
13.0885696411,80.1704177856,38307,38317,10
13.0886096954,80.1701202393,38317,38348,31
13.0886096954,80.1701202393,38348,38358,10
13.0886201859,80.1699295044,38358,38368,10
13.0886802673,80.1695785522,38368,38378,10
13.0888595581,80.1694488525,38378,38388,10
13.0892000198,80.1694564819,38388,38398,10
13.0898103714,80.1695022583,38398,38408,10
13.0906801224,80.1695632935,38408,38418,10
13.0916500092,80.1696014404,38418,38428,10
13.0925102234,80.1696472168,38428,38438,10
13.0929698944,80.1697463989,38438,38448,10
13.0935401917,80.1697463989,38448,38459,11
13.0944404602,80.1697235107,38459,38469,10
13.0947704315,80.1697769165,38469,38479,10
13.0950698853,80.1698303223,38479,38489,10
13.0955295563,80.1698608398,38489,38499,10
13.0963497162,80.1698913574,38499,38509,10
13.0972499847,80.1699371338,38509,38519,10
13.0982198715,80.1699905396,38519,38529,10
13.0992298126,80.1700363159,38529,38539,10
13.0996799469,80.1697463989,38539,38590,51
13.099360466,80.1698379517,38590,38620,30
13.099360466,80.1698379517,38620,38630,10
13.0993204117,80.1700286865,38630,39084,454
13.0993204117,80.1700286865,39084,39094,10
13.0990104675,80.1702194214,39094,39105,11
13.0985898972,80.1701965332,39105,39115,10
13.0980901718,80.1701889038,39115,39125,10
13.0975503922,80.1701507568,39125,39135,10
13.0968198776,80.1701202393,39135,39145,10
13.0959196091,80.1700668335,39145,39155,10
13.0951299667,80.1699829102,39155,39165,10
13.0949296951,80.1699523926,39165,39175,10
13.0946102142,80.1698989868,39175,39185,10
13.0942602158,80.1698608398,39185,39195,10
13.0936803818,80.1698303223,39195,39205,10
13.0929098129,80.1697998047,39205,39216,11
13.0918703079,80.1697692871,39216,39226,10
13.0911302567,80.169708252,39226,39236,10
13.0902900696,80.1696472168,39236,39246,10
13.089220047,80.1695785522,39246,39307,61
13.089220047,80.1695785522,39307,39317,10
13.0889396667,80.1695327759,39317,39327,10
13.0887203217,80.1698608398,39327,39337,10
13.0887098312,80.1703109741,39337,39347,10
13.0886697769,80.1710510254,39347,39357,10
13.0886297226,80.171836853,39357,39367,10
13.0886201859,80.1718902588,39367,39377,10
13.0885801315,80.1720275879,39377,39387,10
13.0885801315,80.1723403931,39387,39397,10
13.0885295868,80.1729125977,39397,39407,10
13.0884895325,80.1738586426,39407,39417,10
13.0884199142,80.1747436523,39417,39428,11
13.088350296,80.1756134033,39428,39438,10
13.0882997513,80.1765289307,39438,39448,10
13.0882701874,80.1772689819,39448,39458,10
13.088259697,80.1779937744,39458,39468,10
13.0882701874,80.1785507202,39468,39478,10
13.088259697,80.1785736084,39478,39488,10
13.0882301331,80.1786575317,39488,39498,10
13.0882396698,80.1790084839,39498,39508,10
13.0882701874,80.1794815063,39508,39551,43
13.0882701874,80.1794815063,39551,39561,10
13.0881900787,80.1797790527,39561,39571,10
13.0881900787,80.180229187,39571,39581,10
13.0881700516,80.1809997559,39581,39591,10
13.088139534,80.1819000244,39591,39601,10
13.0881204605,80.1826934814,39601,39611,10
13.0881004333,80.1836013794,39611,39621,10
13.0880403519,80.1844024658,39621,39631,10
13.0880203247,80.1849365234,39631,39642,11
13.0880203247,80.1851501465,39642,39652,10
13.0880002975,80.1853866577,39652,39662,10
13.0880002975,80.1857299805,39662,39672,10
13.08796978,80.1864471436,39672,39682,10
13.0879497528,80.1872024536,39682,39692,10
13.0879402161,80.1875762939,39692,39702,10
13.0879402161,80.1878509521,39702,39712,10
13.0879096985,80.1882781982,39712,39722,10
13.0878696442,80.1887130737,39722,39732,10
13.0878000259,80.189781189,39732,39753,21
13.0878000259,80.189781189,39753,39763,10
13.0877599716,80.1901168823,39763,39773,10
13.0876998901,80.1906585693,39773,39783,10
13.0875797272,80.1915206909,39783,39793,10
13.0874700546,80.1921691895,39793,39803,10
13.087439537,80.1922531128,39803,39813,10
13.0874099731,80.1923675537,39813,39823,10
13.0874004364,80.1925430298,39823,39833,10
13.0873804092,80.1928787231,39833,39843,10
13.0873603821,80.1934967041,39843,39854,11
13.0873003006,80.1943817139,39854,39864,10
13.0872602463,80.1953125,39864,39874,10
13.0872602463,80.196182251,39874,39883,9
13.0872497559,80.1970291138,39883,39895,12
13.0872602463,80.1977767944,39895,39905,10
13.087269783,80.1979064941,39905,39915,10
13.0873403549,80.1982574463,39915,39925,10
13.0875196457,80.1984405518,39925,39935,10
13.08796978,80.1984176636,39935,39945,10
13.0885696411,80.1983795166,39945,39954,9
13.0890798569,80.1983795166,39954,39966,12
13.0894699097,80.1984329224,39966,39976,10
13.0898504257,80.1984481812,39976,39986,10
13.0905504227,80.1984863281,39986,39996,10
13.0916204453,80.1985702515,39996,40006,10
13.0924701691,80.198600769,40006,40016,10
13.093079567,80.1987380981,40016,40026,10
13.0930299759,80.1993789673,40026,40036,10
13.0929803848,80.2001419067,40036,40046,10
13.0929203033,80.2004470825,40046,40056,10
13.0926704407,80.2005996704,40056,40066,10
13.0921602249,80.2005996704,40066,40077,11
13.0913295746,80.2005996704,40077,40087,10
13.0904302597,80.2005691528,40087,40097,10
13.089630127,80.2005386353,40097,40107,10
13.0888996124,80.2005310059,40107,40117,10
13.088060379,80.2004928589,40117,40127,10
13.0876598358,80.2004699707,40127,40137,10
13.0874099731,80.2004470825,40137,40147,10
13.0870103836,80.2004394531,40147,40157,10
13.0863599777,80.2004089355,40157,40168,11
13.0859498978,80.2004013062,40168,40178,10
13.0857696533,80.2003707886,40178,40188,10
13.085559845,80.2003631592,40188,40198,10
13.0853500366,80.2003173828,40198,40208,10
13.0853204727,80.1999816895,40208,40218,10
13.0853099823,80.19947052,40218,40228,10
13.085269928,80.1988983154,40228,40238,10
13.0851602554,80.1987762451,40238,40248,10
13.0848999023,80.1987304688,40248,40258,10
13.0845298767,80.1986923218,40258,40268,10
13.0843696594,80.1986694336,40268,40278,10
13.0841903687,80.1986618042,40278,40289,11
13.0839099884,80.1986999512,40289,40299,10
13.0836000443,80.1986923218,40299,40309,10
13.0831403732,80.1986618042,40309,40319,10
13.0826101303,80.1986465454,40319,40329,10
13.0822601318,80.198677063,40329,40339,10
13.0820102692,80.198677063,40339,40349,10
13.0817403793,80.198677063,40349,40359,10
13.081489563,80.198677063,40359,40369,10
13.0809698105,80.1986999512,40369,40379,10
13.0801696777,80.1987609863,40379,40390,11
13.0791797638,80.1988296509,40390,40400,10
13.0781297684,80.1989364624,40400,40410,10
13.0769901276,80.1990814209,40410,40420,10
13.0760402679,80.1991729736,40420,40430,10
13.0751600266,80.1993331909,40430,40440,10
13.074379921,80.1997528076,40440,40450,10
13.073849678,80.2002410889,40450,40460,10
13.0737199783,80.2004013062,40460,40470,10
13.0735397339,80.2006072998,40470,40480,10
13.073220253,80.2010192871,40480,40490,10
13.072719574,80.2016372681,40490,40501,11
13.0724601746,80.2019729614,40501,40511,10
13.0723400116,80.2021026611,40511,40521,10
13.072019577,80.2023773193,40521,40531,10
13.0715904236,80.2028427124,40531,40541,10
13.0710000992,80.2035522461,40541,40551,10
13.0703802109,80.2043075562,40551,40561,10
13.0699796677,80.2049026489,40561,40601,40
13.0699796677,80.2049026489,40601,40612,11
13.0698604584,80.2050170898,40612,40622,10
13.0696601868,80.2049331665,40622,40632,10
13.0693902969,80.2048568726,40632,40642,10
13.0691204071,80.2051315308,40642,40652,10
13.0686903,80.205291748,40652,40662,10
13.068189621,80.205329895,40662,40712,50
13.068189621,80.205329895,40712,40723,11
13.0679302216,80.2051467896,40723,40733,10
13.0679302216,80.2051315308,40733,40743,10
13.0681400299,80.2049484253,40743,40753,10
13.0685596466,80.204788208,40753,40763,10
13.0688495636,80.2046813965,40763,40773,10
13.0691003799,80.2046585083,40773,40783,10
13.0693998337,80.2046813965,40783,40813,30
13.0693998337,80.2046813965,40813,40822,9
13.0698099136,80.2049331665,40822,40834,12
13.0695800781,80.2054977417,40834,40844,10
13.0691995621,80.2061691284,40844,40854,10
13.0687103271,80.2069778442,40854,40864,10
13.0681600571,80.2078933716,40864,40874,10
13.0675497055,80.2087631226,40874,40884,10
13.0669698715,80.2095718384,40884,40894,10
13.0661802292,80.2103271484,40894,40905,11
13.0652799606,80.2110977173,40905,40915,10
13.0649404526,80.2113113403,40915,40924,9
13.0649404526,80.2113113403,40924,40936,12
13.0643196106,80.2115707397,40936,40945,9
13.0639600754,80.2116622925,40945,40958,13
13.0639600754,80.2116699219,40958,40968,10
13.0635795593,80.2117004395,40968,40978,10
13.0630302429,80.2117614746,40978,40988,10
13.061340332,80.211769104,40988,40998,10
13.061340332,80.211769104,40998,41008,10
13.0603399277,80.2117462158,41008,41017,9
13.0593900681,80.2117004395,41017,41028,11
13.0584697723,80.2116470337,41028,41037,9
13.0579004288,80.2116165161,41037,41049,12
13.0577402115,80.2116088867,41049,41059,10
13.0574998856,80.2115783691,41059,41069,10
13.0570402145,80.2115783691,41069,41079,10
13.0563602448,80.2115631104,41079,41089,10
13.0555095673,80.2115325928,41089,41099,10
13.0546598434,80.2114868164,41099,41109,10
13.0539398193,80.2116622925,41109,41119,10
13.0530700684,80.2118988037,41119,41129,10
13.0522699356,80.2121505737,41129,41140,11
13.0512504578,80.2121582031,41140,41180,40
13.0512504578,80.2121582031,41180,41190,10
13.0507602692,80.2121810913,41190,41200,10
13.0502004623,80.2121734619,41200,41210,10
13.0499200821,80.2121887207,41210,41220,10
13.0495700836,80.2121887207,41220,41240,20
13.0495700836,80.2121887207,41240,41251,11
13.049200058,80.2121582031,41251,41261,10
13.0486001968,80.2121810913,41261,41271,10
13.0478401184,80.212272644,41271,41281,10
13.0468797684,80.2123336792,41281,41291,10
13.0457696915,80.2123794556,41291,41301,10
13.0448198318,80.2124328613,41301,41311,10
13.0441102982,80.2124481201,41311,41321,10
13.0431995392,80.2124176025,41321,41332,11
13.0425596237,80.2124176025,41332,41341,9
13.0419397354,80.2124099731,41341,41351,10
13.0411100388,80.2124176025,41351,41361,10
13.0401000977,80.2124099731,41361,41372,11
13.0391902924,80.2124176025,41372,41382,10
13.0383701324,80.2124633789,41382,41402,20
13.0383701324,80.2124633789,41402,41412,10
13.0380001068,80.2124481201,41412,41422,10
13.0375204086,80.2124176025,41422,41432,10
13.0369100571,80.212387085,41432,41442,10
13.0361700058,80.2123718262,41442,41452,10
13.0357398987,80.212348938,41452,41483,31
13.0357398987,80.212348938,41483,41493,10
13.0354204178,80.2123031616,41493,41503,10
13.0351200104,80.2122573853,41503,41513,10
13.0346698761,80.2122116089,41513,41553,40
13.0342102051,80.212097168,41553,41572,19
13.0342102051,80.212097168,41572,41584,12
13.0339698792,80.2120666504,41584,41594,10
13.0337495804,80.212020874,41594,41604,10
13.0333003998,80.2119369507,41604,41614,10
13.0326004028,80.2118301392,41614,41624,10
13.0320196152,80.2115707397,41624,41634,10
13.0320796967,80.2108383179,41634,41644,10
13.0321502686,80.2099609375,41644,41654,10
13.0317497253,80.2096176147,41654,41664,10
13.0304203033,80.2092514038,41664,41707,43
13.0304203033,80.2092514038,41707,41716,9
13.0300798416,80.2090682983,41716,41727,11
13.029709816,80.2089920044,41727,41737,10
13.0296897888,80.2089920044,41737,41746,9
13.0293798447,80.2089004517,41746,41756,10
13.0288095474,80.2087631226,41756,41766,10
13.0281496048,80.2085418701,41766,41777,11
13.0273599625,80.2081680298,41777,41786,9
13.0266599655,80.2077484131,41786,41798,12
13.0256500244,80.2071762085,41798,41808,10
13.0245504379,80.2069625854,41808,41818,10
13.0237903595,80.206817627,41818,41828,10
13.0235996246,80.20677948,41828,41838,10
13.0231599808,80.2067184448,41838,41848,10
13.0225696564,80.2065505981,41848,41858,10
13.0221595764,80.206489563,41858,41868,10
13.0217199326,80.2064819336,41868,41878,10
13.0210103989,80.2064819336,41878,41888,10
13.020070076,80.2064819336,41888,41897,9
13.0193004608,80.2064285278,41897,41909,12
13.0191898346,80.2063980103,41909,41919,10
13.0188598633,80.2062835693,41919,41929,10
13.0182199478,80.2060623169,41929,41939,10
13.0176496506,80.2058334351,41939,41949,10
13.0171298981,80.2056427002,41949,41959,10
13.0165596008,80.2053604126,41959,41969,10
13.015540123,80.2050704956,41969,41979,10
13.0144796371,80.2046966553,41979,41989,10
13.0136404037,80.204460144,41989,41999,10
13.0135602951,80.2046508789,41999,42010,11
13.0135002136,80.204788208,42010,42020,10
13.0134296417,80.2051620483,42020,42030,10
13.0132598877,80.2057876587,42030,42040,10
13.0130996704,80.2067184448,42040,42050,10
13.0129699707,80.2076568604,42050,42060,10
13.0128602982,80.2082977295,42060,42070,10
13.0128602982,80.2086334229,42070,42080,10
13.0129804611,80.2089691162,42080,42090,10
13.0131797791,80.2094802856,42090,42100,10
13.0131902695,80.2099914551,42100,42110,10
13.0129899979,80.2109375,42110,42121,11
13.0124702454,80.2119064331,42121,42131,10
13.0120000839,80.2126235962,42131,42141,10
13.0117902756,80.2127532959,42141,42151,10
13.0115003586,80.2126083374,42151,42161,10
13.0109996796,80.2122879028,42161,42171,10
13.0102100372,80.2115478516,42171,42191,20
13.0102100372,80.2115478516,42191,42201,10
13.0098400116,80.2113189697,42201,42232,31
13.0095596313,80.2110671997,42232,42272,40
13.0095596313,80.2110671997,42272,42282,10
13.0092601776,80.211151123,42282,42292,10
13.0092496872,80.2111587524,42292,42302,10
13.0090904236,80.2114868164,42302,42312,10
13.0092697144,80.2118682861,42312,42322,10
13.0094003677,80.2123718262,42322,42333,11
13.0095396042,80.2129974365,42333,42343,10
13.0097198486,80.2135467529,42343,42353,10
13.0099697113,80.2141494751,42353,42363,10
13.0101804733,80.2148590088,42363,42373,10
13.0101995468,80.2150802612,42373,42383,10
13.0102300644,80.2154312134,42383,42393,10
13.0103902817,80.216003418,42393,42403,10
13.0107603073,80.2168197632,42403,42413,10
13.0112199783,80.2178421021,42413,42423,10
13.0115995407,80.2188720703,42423,42433,10
13.0119800568,80.2200775146,42433,42444,11
13.0123100281,80.2211990356,42444,42454,10
13.0124197006,80.2215881348,42454,42464,10
13.0129003525,80.2222213745,42464,42474,10
13.0135402679,80.2229003906,42474,42484,10
13.0141496658,80.2235183716,42484,42494,10
13.0144500732,80.2239227295,42494,42504,10
13.0149202347,80.2245330811,42504,42524,20
13.0149202347,80.2245330811,42524,42534,10
13.0151195526,80.2247772217,42534,42543,9
13.0153303146,80.2250213623,42543,42555,12
13.0153598785,80.2255172729,42555,42565,10
13.0150098801,80.2258834839,42565,42575,10
13.0142602921,80.2261810303,42575,42585,10
13.0133600235,80.2265396118,42585,42595,10
13.0124101639,80.2269134521,42595,42605,10
13.0115404129,80.2272491455,42605,42615,10
13.0105695724,80.2276382446,42615,42625,10
13.0097703934,80.2279129028,42625,42635,10
13.0095500946,80.2275238037,42635,42645,10
13.0098199844,80.2269515991,42645,42656,11
13.0101699829,80.2261962891,42656,42665,9
13.0105400085,80.225402832,42665,42677,12
13.0108604431,80.224609375,42677,42687,10
13.0110998154,80.2239685059,42687,42697,10
13.011300087,80.2233963013,42697,42707,10
13.0109796524,80.2231369019,42707,42715,8
13.0104799271,80.22290802,42715,42727,12
13.0096502304,80.2223968506,42727,42737,10
13.0087900162,80.2219390869,42737,42747,10
13.0079097748,80.221496582,42747,42756,9
13.0071802139,80.2211303711,42756,42767,11
13.0064601898,80.2207794189,42767,42776,9
13.0058403015,80.2205886841,42776,42786,10
13.0048904419,80.2203674316,42786,42798,12
13.0035495758,80.220123291,42798,42808,10
13.0025596619,80.2196731567,42808,42818,10
13.0017995834,80.2189712524,42818,42828,10
13.0011396408,80.2183532715,42828,42838,10
13.0003900528,80.2178421021,42838,42848,10
12.9996299744,80.2173995972,42848,42858,10
12.9987096786,80.2169036865,42858,42868,10
12.9977703094,80.2166366577,42868,42879,11
12.9973402023,80.2166137695,42879,42889,10
12.9972400665,80.2165908813,42889,42899,10
12.9968700409,80.2166137695,42899,42909,10
12.9962596893,80.2166976929,42909,42919,10
12.9955301285,80.2169418335,42919,42928,9
12.99518013,80.2170715332,42928,42940,12
12.9949903488,80.2171401978,42940,42950,10
12.9946203232,80.2173461914,42950,42960,10
12.9941701889,80.2176818848,42960,42970,10
12.9938402176,80.2179107666,42970,42980,10
12.9933395386,80.218208313,42980,42991,11
12.9926595688,80.21875,42991,43000,9
12.991979599,80.2192611694,43000,43011,11
12.9909095764,80.2194290161,43011,43021,10
12.9909095764,80.2194290161,43021,43031,10
12.9907798767,80.2193832397,43031,43040,9
12.9904203415,80.2192764282,43040,43053,13
12.9895401001,80.218963623,43053,43063,10
12.9886798859,80.2186508179,43063,43073,10
12.9879302979,80.2184677124,43073,43083,10
12.9877300262,80.218421936,43083,43094,11
12.9872102737,80.2183303833,43094,43104,10
12.9864797592,80.2181625366,43104,43114,10
12.9856004715,80.2179718018,43114,43124,10
12.9845104218,80.2180023193,43124,43134,10
12.9839496613,80.2179794312,43134,43144,10
12.9838399887,80.2179336548,43144,43154,10
12.9833698273,80.2179489136,43154,43164,10
12.9826097488,80.2179718018,43164,43174,10
12.9816904068,80.2180175781,43174,43184,10
12.9808197021,80.2182617188,43184,43192,8
12.9803304672,80.218421936,43192,43205,13
12.9797000885,80.2186965942,43205,43215,10
12.9791002274,80.2189407349,43215,43225,10
12.978679657,80.219078064,43225,43235,10
12.9781303406,80.2193222046,43235,43245,10
12.9772996902,80.2196502686,43245,43255,10
12.9763698578,80.2200698853,43255,43265,10
12.9757995605,80.2203369141,43265,43295,30
12.9757995605,80.2203369141,43295,43305,10
12.9754800797,80.2205123901,43305,43318,13
12.975399971,80.2207489014,43318,43327,9
12.9756002426,80.2208023071,43327,43338,11
12.9759101868,80.2210083008,43338,43388,50
12.9761104584,80.221282959,43388,44034,646
12.9761104584,80.221282959,44034,44044,10
12.9763097763,80.2213363647,44044,44054,10
12.9765396118,80.2213516235,44054,44064,10
12.9768800735,80.2213363647,44064,44075,11
12.9774398804,80.2212600708,44075,44085,10
12.9779596329,80.2212524414,44085,44095,10
12.9786100388,80.2211990356,44095,44105,10
12.9792699814,80.2211380005,44105,44115,10
12.9799499512,80.2210922241,44115,44125,10
12.9805498123,80.2210235596,44125,44135,10
12.9811897278,80.2211227417,44135,44145,10
12.9815797806,80.2213134766,44145,44155,10
12.9816102982,80.2213287354,44155,44165,10
12.9817895889,80.2214584351,44165,44175,10
12.982000351,80.2216110229,44175,44186,11
12.9823703766,80.2217483521,44186,44196,10
12.9826698303,80.2218399048,44196,44208,12
12.9829502106,80.2219314575,44208,44218,10
12.9829902649,80.2219467163,44218,44228,10
12.9832897186,80.2221374512,44228,44238,10
12.9836196899,80.2223587036,44238,44248,10
12.9839601517,80.2225494385,44248,44258,10
12.9844102859,80.2227783203,44258,44267,9
12.984869957,80.2230606079,44267,44278,11
12.985449791,80.2231216431,44278,44289,11
12.9860095978,80.2229385376,44289,44297,8
12.9864301682,80.2229385376,44297,44309,12
12.9864597321,80.2229385376,44309,44317,8
12.9867095947,80.2229919434,44317,44329,12
12.9872198105,80.2230682373,44329,44339,10
12.9877996445,80.2229995728,44339,44349,10
12.9883203506,80.2225799561,44349,44359,10
12.9887399673,80.2221603394,44359,44367,8
12.9890203476,80.2218017578,44367,44378,11
12.9895401001,80.2211227417,44378,44389,11
12.9902296066,80.2204437256,44389,44400,11
12.9908800125,80.2199172974,44400,44410,10
12.9910497665,80.2198181152,44410,44420,10
12.991350174,80.2196121216,44420,44430,10
12.9917898178,80.2193374634,44430,44440,10
12.9924097061,80.2188568115,44440,44450,10
12.9930696487,80.2183532715,44450,44460,10
12.9939002991,80.2177886963,44460,44470,10
12.9945402145,80.217338562,44470,44480,10
12.9950895309,80.2169418335,44480,44490,10
12.9958295822,80.2166976929,44490,44500,10
12.9967403412,80.2165527344,44500,44511,11
12.9971399307,80.2164764404,44511,44521,10
12.997420311,80.216178894,44521,44531,10
12.9976701736,80.2159729004,44531,44551,20
12.9976701736,80.2159729004,44551,44561,10
12.9978103638,80.2158508301,44561,44571,10
12.998049736,80.2155990601,44571,44581,10
12.9984903336,80.2152175903,44581,44591,10
12.9989595413,80.2147903442,44591,44601,10
12.9991397858,80.2146377563,44601,44612,11
12.9995098114,80.21434021,44612,44622,10
12.9998703003,80.2140274048,44622,44632,10
13.0002698898,80.2136764526,44632,44642,10
13.0007896423,80.2132415771,44642,44652,10
13.0012598038,80.2129592896,44652,44662,10
13.0017595291,80.2125091553,44662,44672,10
13.0023603439,80.2122421265,44672,44682,10
13.0030698776,80.2121276855,44682,44692,10
13.0035295486,80.2120285034,44692,44702,10
13.0035600662,80.212020874,44702,44712,10
13.0036897659,80.2117080688,44712,44723,11
13.0036802292,80.211151123,44723,44733,10
13.0036201477,80.2105712891,44733,44743,10
13.0035495758,80.2099990845,44743,44753,10
13.0035600662,80.2093811035,44753,44763,10
13.0037603378,80.2086791992,44763,44773,10
13.0044403076,80.2088088989,44773,44783,10
13.0053100586,80.209197998,44783,44793,10
13.0061702728,80.2095413208,44793,44803,10
13.0067300797,80.2096862793,44803,44813,10
13.0069599152,80.2097320557,44813,44823,10
13.0073003769,80.2097625732,44823,44834,11
13.0073404312,80.209777832,44834,44844,10
13.0074996948,80.2098617554,44844,44854,10
13.0078897476,80.2099380493,44854,44864,10
13.0081195831,80.2099685669,44864,44874,10
13.0080795288,80.2095489502,44874,44884,10
13.0079803467,80.2089614868,44884,44894,10
13.0078802109,80.2081375122,44894,44904,10
13.0077695847,80.2073287964,44904,44914,10
13.0076704025,80.2066574097,44914,44925,11
13.0075998306,80.2060775757,44925,44935,10
13.0075302124,80.2055511475,44935,44945,10
13.007519722,80.2049789429,44945,44955,10
13.007519722,80.2044677734,44955,44965,10
13.0074996948,80.2039871216,44965,44975,10
13.0074195862,80.2032775879,44975,44985,10
13.0071401596,80.2025527954,44985,44995,10
13.0065698624,80.2027587891,44995,45005,10
13.0068597794,80.203338623,45005,45015,10
13.0075302124,80.2036437988,45015,45025,10
13.0083904266,80.2036972046,45025,45035,10
13.009469986,80.20362854,45035,45046,11
13.010840416,80.2036514282,45046,45056,10
13.0121202469,80.2037963867,45056,45066,10
13.0131998062,80.2040405273,45066,45076,10
13.0138702393,80.2042694092,45076,45086,10
13.0145702362,80.204498291,45086,45096,10
13.0150403976,80.2046813965,45096,45106,10
13.0150499344,80.2046890259,45106,45116,10
13.0153799057,80.2048568726,45116,45126,10
13.0159301758,80.205078125,45126,45136,10
13.0164699554,80.2052688599,45136,45147,11
13.0169696808,80.2054367065,45147,45157,10
13.0177297592,80.2056808472,45157,45167,10
13.0183897018,80.2059020996,45167,45177,10
13.0187597275,80.2060165405,45177,45187,10
13.0189199448,80.2060623169,45187,45197,10
13.0193395615,80.206199646,45197,45207,10
13.019900322,80.2062988281,45207,45217,10
13.0207300186,80.2063217163,45217,45228,11
13.0216999054,80.2063217163,45228,45238,10
13.0225000381,80.2064590454,45238,45248,10
13.0234203339,80.2066268921,45248,45257,9
13.0242500305,80.2067184448,45257,45267,10
13.0244703293,80.2067565918,45267,45277,10
13.0246801376,80.206817627,45277,45289,12
13.0253601074,80.2070007324,45289,45299,10
13.0261602402,80.207359314,45299,45309,10
13.0269403458,80.2078399658,45309,45319,10
13.0278596878,80.208366394,45319,45328,9
13.0288600922,80.2086715698,45328,45339,11
13.0299301147,80.2089614868,45339,45348,9
13.0308303833,80.2092208862,45348,45358,10
13.0315198898,80.2093963623,45358,45370,12
13.0315904617,80.2094268799,45370,45380,10
13.031999588,80.2095794678,45380,45398,18
13.031999588,80.2095794678,45398,45410,12
13.0321998596,80.2095718384,45410,45418,8
13.0325298309,80.2096176147,45418,45430,12
13.0332803726,80.2097625732,45430,45438,8
13.0339803696,80.2099075317,45438,45450,12
13.0349798203,80.2101669312,45450,45460,10
13.0349702835,80.2106704712,45460,45470,10
13.0349798203,80.2110595703,45470,45481,11
13.0349702835,80.211151123,45481,45491,10
13.0348701477,80.2117614746,45491,45511,20
13.0348701477,80.2117614746,45511,45521,10
13.0348396301,80.2119979858,45521,45531,10
13.0351600647,80.2121429443,45531,45541,10
13.0358104706,80.2122192383,45541,45551,10
13.036649704,80.2122802734,45551,45561,10
13.0374403,80.212310791,45561,45572,11
13.0383195877,80.2123031616,45572,45582,10
13.0392599106,80.2123031616,45582,45592,10
13.0404100418,80.2123184204,45592,45602,10
13.0416002274,80.212310791,45602,45612,10
13.0429096222,80.2123031616,45612,45622,10
13.0441598892,80.2123184204,45622,45723,101
13.0441598892,80.2123184204,45723,45733,10
13.0444898605,80.2123413086,45733,45743,10
13.0449199677,80.2123413086,45743,45753,10
13.045630455,80.2123336792,45753,45763,10
13.0464601517,80.2123031616,45763,45773,10
13.0474100113,80.2122268677,45773,45783,10
13.0486402512,80.2120437622,45783,45814,31
13.0486402512,80.2120437622,45814,45824,10
13.0488500595,80.2120285034,45824,45834,10
13.0495901108,80.2119903564,45834,45854,20
13.0495901108,80.2119903564,45854,45864,10
13.0498695374,80.2120285034,45864,45874,10
13.0499801636,80.2119979858,45874,45884,10
13.0502195358,80.2119903564,45884,45894,10
13.0504703522,80.212020874,45894,45904,10
13.0508403778,80.2120895386,45904,45915,11
13.0516796112,80.2119827271,45915,45925,10
13.0526895523,80.211807251,45925,45935,10
13.053730011,80.2115631104,45935,45945,10
13.0542497635,80.21144104,45945,45955,10
13.0545196533,80.2114105225,45955,45965,10
13.054889679,80.2114562988,45965,45975,10
13.0555200577,80.2114868164,45975,45985,10
13.056429863,80.211479187,45985,45995,10
13.0574302673,80.2114486694,45995,46005,10
13.0577402115,80.21144104,46005,46016,11
13.0580196381,80.2114562988,46016,46026,10
13.0585098267,80.2114715576,46026,46036,10
13.0591802597,80.2115097046,46036,46046,10
13.0600404739,80.2115478516,46046,46056,10
13.0610904694,80.2116012573,46056,46066,10
13.0621099472,80.2115631104,46066,46075,9
13.0630903244,80.2115097046,46075,46087,12
13.0632896423,80.211517334,46087,46097,10
13.0635995865,80.211517334,46097,46107,10
13.0639801025,80.211479187,46107,46118,11
13.0645999908,80.2113189697,46118,46128,10
13.0653600693,80.210899353,46128,46138,10
13.0661001205,80.2102813721,46138,46148,10
13.0668096542,80.2095108032,46148,46158,10
13.0672302246,80.2088394165,46158,46169,11
13.0676803589,80.208190918,46169,46179,10
13.0681600571,80.2074584961,46179,46189,10
13.0686998367,80.2066497803,46189,46198,9
13.0692396164,80.2058029175,46198,46209,11
13.0696802139,80.2049789429,46209,46219,10
13.0693502426,80.2048721313,46219,46229,10
13.0687198639,80.205078125,46229,46260,31
13.0687198639,80.205078125,46260,46269,9
13.0687704086,80.2048721313,46269,46280,11
13.0691404343,80.2046966553,46280,46290,10
13.0694599152,80.204750061,46290,46300,10
13.0697698593,80.2048187256,46300,46310,10
13.0700998306,80.204536438,46310,46320,10
13.0705604553,80.2039871216,46320,46330,10
13.071149826,80.2032775879,46330,46341,11
13.0715303421,80.2028274536,46341,46351,10
13.0718097687,80.202583313,46351,46361,10
13.0721197128,80.2022399902,46361,46371,10
13.0723695755,80.2019577026,46371,46381,10
13.0726995468,80.2015304565,46381,46391,10
13.0730895996,80.2010574341,46391,46401,10
13.0734996796,80.2006072998,46401,46411,10
13.0738801956,80.2001419067,46411,46421,10
13.0740804672,80.1998672485,46421,46431,10
13.0742702484,80.1996612549,46431,46441,10
13.0743703842,80.1995391846,46441,46452,11
13.0744600296,80.19947052,46452,46462,10
13.0747404099,80.1992721558,46462,46472,10
13.0753202438,80.1990814209,46472,46482,10
13.0760202408,80.1990509033,46482,46492,10
13.076880455,80.1990127563,46492,46502,10
13.07791996,80.1988830566,46502,46512,10
13.0789403915,80.1987686157,46512,46522,10
13.0799598694,80.1986694336,46522,46531,9
13.0809202194,80.1985778809,46531,46543,12
13.0821695328,80.1985321045,46543,46553,10
13.0828695297,80.1984786987,46553,46563,10
13.0833101273,80.1984710693,46563,46573,10
13.0837202072,80.1984863281,46573,46583,10
13.0841197968,80.1985015869,46583,46593,10
13.0846300125,80.1985168457,46593,46603,10
13.0850296021,80.1984863281,46603,46613,10
13.0853996277,80.1984481812,46613,46623,10
13.0858201981,80.1984329224,46623,46633,10
13.0864095688,80.1984634399,46633,46643,10
13.0867099762,80.1984481812,46643,46654,11
13.0869903564,80.1982803345,46654,46664,10
13.0870599747,80.1979675293,46664,46674,10
13.0870800018,80.1979370117,46674,46684,10
13.0871295929,80.1978378296,46684,46694,10
13.0871601105,80.1974563599,46694,46704,10
13.0871801376,80.1967926025,46704,46714,10
13.087220192,80.1959075928,46714,46724,10
13.0872497559,80.1949996948,46724,46734,10
13.0872402191,80.1942596436,46734,46744,10
13.0872602463,80.193397522,46744,46753,9
13.0872602463,80.1928634644,46753,46795,42
13.0872602463,80.1928634644,46795,46805,10
13.0873003006,80.1926422119,46805,46815,10
13.0873298645,80.1922683716,46815,46825,10
13.0874099731,80.1915817261,46825,46835,10
13.0875196457,80.1906967163,46835,46845,10
13.0876398087,80.1896972656,46845,46855,10
13.0876502991,80.1889266968,46855,46865,10
13.0876598358,80.1888885498,46865,46875,10
13.0876998901,80.1887283325,46875,46886,11
13.0876998901,80.1885528564,46886,46896,10
13.0877103806,80.1883087158,46896,46906,10
13.0877599716,80.1878890991,46906,46916,10
13.087770462,80.18724823,46916,46926,10
13.0877799988,80.186378479,46926,46936,10
13.0878295898,80.1854705811,46936,46946,10
13.0879096985,80.1847686768,46946,46956,10
13.0879297256,80.1842498779,46956,46966,10
13.0879497528,80.1836395264,46966,46977,11
13.0879602432,80.182800293,46977,46987,10
13.0879898071,80.1820297241,46987,46997,10
13.0880098343,80.1811981201,46997,47006,9
13.0880403519,80.1802978516,47006,47017,11
13.088060379,80.1794204712,47017,47027,10
13.0880403519,80.1788864136,47027,47037,10
13.0880498886,80.1788635254,47037,47047,10
13.0880699158,80.1786804199,47047,47057,10
13.0880699158,80.178237915,47057,47067,10
13.0880699158,80.1777496338,47067,47077,10
13.0881004333,80.1772689819,47077,47087,10
13.0881500244,80.1767425537,47087,47098,11
13.0882101059,80.1758728027,47098,47108,10
13.0882501602,80.1751022339,47108,47118,10
13.0882797241,80.1746063232,47118,47128,10
13.0883598328,80.1740493774,47128,47138,10
13.0884199142,80.1733474731,47138,47148,10
13.0884504318,80.1724624634,47148,47158,10
13.0884895325,80.1716918945,47158,47168,10
13.08852005,80.1714324951,47168,47220,52
13.08852005,80.1714324951,47220,47230,10
13.0886297226,80.1710510254,47230,47240,10
13.0886297226,80.171043396,47240,47250,10
13.0885896683,80.1707305908,47250,47260,10
13.0886001587,80.1703262329,47260,47270,10
13.0886497498,80.1698532104,47270,47280,10
13.0888700485,80.1695022583,47280,47290,10
13.0893297195,80.1695327759,47290,47300,10
13.0900602341,80.1695785522,47300,47311,11
13.0911302567,80.1696166992,47311,47321,10
13.0916900635,80.1696472168,47321,47331,10
13.09237957,80.1697006226,47331,47341,10
13.0931501389,80.1697616577,47341,47351,10
13.0937099457,80.1697921753,47351,47361,10
13.0937700272,80.1697921753,47361,47371,10
13.0942602158,80.1698379517,47371,47381,10
13.0945301056,80.1698532104,47381,47389,8
13.0947599411,80.1698532104,47389,47401,12
13.0950803757,80.1698989868,47401,47412,11
13.0957202911,80.1699066162,47412,47422,10
13.0965299606,80.169960022,47422,47432,10
13.0974798203,80.1699905396,47432,47442,10
13.0981998444,80.1700286865,47442,47452,10
13.0989398956,80.1700668335,47452,47462,10
13.0994997025,80.1700134277,47462,47472,10
13.0996599197,80.1698226929,47472,47482,10
13.0994701385,80.1696777344,47482,47512,30
13.0994701385,80.1696777344,47512,47523,11
13.0991201401,80.1695785522,47523,47533,10
13.0987300873,80.1695022583,47533,47593,60
13.098400116,80.1693267822,47593,47654,61
13.0982904434,80.1693191528,47654,48057,403
13.0982904434,80.1693191528,48057,48068,11
13.0982704163,80.1692810059,48068,48199,131
13.0983600616,80.1692962646,48199,48310,111
13.098279953,80.1693191528,48310,48605,295
13.0982904434,80.1693267822,48605,48806,201
13.0982503891,80.1693572998,48806,48968,162
13.0985202789,80.169380188,48968,49008,40
13.0985202789,80.169380188,49008,49018,10
13.0990495682,80.1695480347,49018,49069,51
13.0990495682,80.1695480347,49069,49079,10
13.099439621,80.1696472168,49079,49089,10
13.0995903015,80.1697235107,49089,49099,10
13.0996103287,80.1699523926,49099,49119,20
13.0996103287,80.1699523926,49119,49129,10
13.0994997025,80.1701583862,49129,49139,10
13.0992803574,80.1702423096,49139,49211,72
13.0992803574,80.1702423096,49211,49221,10
13.098859787,80.1701202393,49221,49230,9
13.0986099243,80.1701202393,49230,49241,11
13.0980396271,80.1700820923,49241,49250,9
13.0975799561,80.1700363159,49250,49260,10
13.0968904495,80.1700134277,49260,49272,12
13.0959596634,80.1699676514,49272,49280,8
13.0947399139,80.1698608398,49280,49300,20
13.0947399139,80.1698608398,49300,49311,11
13.094420433,80.1698532104,49311,49322,11
13.0940198898,80.1698303223,49322,49332,10
13.0933904648,80.1697769165,49332,49342,10
13.0928201675,80.1697463989,49342,49352,10
13.0921497345,80.169708252,49352,49362,10
13.0915002823,80.1696472168,49362,49373,11
13.0907697678,80.1696014404,49373,49381,8
13.0901699066,80.169593811,49381,49393,12
13.0892601013,80.1695098877,49393,49403,10
13.0887002945,80.1695709229,49403,49434,31
13.0887002945,80.1695709229,49434,49444,10
13.0886898041,80.1699066162,49444,49454,10
13.0887002945,80.1700668335,49454,49464,10
13.0886697769,80.1705169678,49464,49475,11
13.0886297226,80.1710205078,49475,49485,10
13.0886001587,80.1719207764,49485,49505,20
13.0886001587,80.1719207764,49505,49515,10
13.0885696411,80.1721725464,49515,49525,10
13.088549614,80.1726531982,49525,49535,10
13.0885095596,80.173248291,49535,49545,10
13.0884599686,80.1739501953,49545,49555,10
13.0884199142,80.1746826172,49555,49565,10
13.0883798599,80.1753234863,49565,49575,10
13.0883197784,80.1760177612,49575,49586,11
13.0882902145,80.1768722534,49586,49596,10
13.088259697,80.1773300171,49596,49606,10
13.0882701874,80.1777877808,49606,49616,10
13.088259697,80.1783218384,49616,49626,10
13.0882501602,80.1785888672,49626,49636,10
13.0882501602,80.1786193848,49636,49646,10
13.0882396698,80.1788711548,49646,49656,10
13.088259697,80.1794509888,49656,49686,30
13.088259697,80.1794509888,49686,49697,11
13.0882101059,80.1796798706,49697,49707,10
13.0882301331,80.1801223755,49707,49717,10
13.0881996155,80.1807403564,49717,49727,10
13.088139534,80.1819000244,49727,49747,20
13.088139534,80.1819000244,49747,49757,10
13.0881099701,80.1820983887,49757,49767,10
13.0881004333,80.1825332642,49767,49777,10
13.0880899429,80.1832199097,49777,49787,10
13.0880403519,80.1840591431,49787,49797,10
13.0880002975,80.1849975586,49797,49808,11
13.0879602432,80.1858901978,49808,49818,10
13.0879096985,80.1867370605,49818,49828,10
13.0878896713,80.1879196167,49828,49878,50
13.0878896713,80.1879196167,49878,49888,10
13.0878801346,80.1882629395,49888,49898,10
13.087849617,80.1886978149,49898,49909,11
13.0878400803,80.189453125,49909,49919,10
13.0878000259,80.1898727417,49919,49929,10
13.0878000259,80.1898803711,49929,49939,10
13.0877504349,80.1902236938,49939,49949,10
13.0876398087,80.190788269,49949,49959,10
13.0875501633,80.1915512085,49959,49969,10
13.087439537,80.1924285889,49969,49977,8
13.0873804092,80.1927719116,49977,50030,53
13.0873804092,80.1927719116,50030,50040,10
13.0873498917,80.1929397583,50040,50050,10
13.0873403549,80.1933822632,50050,50060,10
13.0873203278,80.1940612793,50060,50070,10
13.0873003006,80.1948623657,50070,50080,10
13.0873003006,80.1956710815,50080,50090,10
13.087269783,80.1965179443,50090,50100,10
13.0872402191,80.1973266602,50100,50109,9
13.0872402191,80.1977767944,50109,50120,11
13.087220192,80.1979370117,50120,50130,10
13.0872602463,80.1982879639,50130,50142,12
13.0873003006,80.1983566284,50142,50152,10
13.087439537,80.1984710693,50152,50162,10
13.0878095627,80.1984710693,50162,50172,10
13.0883998871,80.1984481812,50172,50180,8
13.0890302658,80.1984481812,50180,50192,12
13.0900802612,80.1984863281,50192,50200,8
13.0907897949,80.1985626221,50200,50211,11
13.0916500092,80.1986236572,50211,50222,11
13.0923299789,80.1986312866,50222,50231,9
13.0929098129,80.1986618042,50231,50241,10
13.0929698944,80.1989364624,50241,50253,12
13.0929203033,80.1996078491,50253,50263,10
13.0929098129,80.2002487183,50263,50271,8
13.0927600861,80.2004776001,50271,50281,10
13.0923900604,80.2005386353,50281,50291,10
13.0917301178,80.2005462646,50291,50303,12
13.0908098221,80.2005310059,50303,50311,8
13.0901699066,80.2005310059,50311,50323,12
13.0891799927,80.2004776001,50323,50331,8
13.0885095596,80.2004394531,50331,50344,13
13.0874795914,80.2004013062,50344,50354,10
13.0869998932,80.2004013062,50354,50364,10
13.086350441,80.2003936768,50364,50374,10
13.0856895447,80.2003631592,50374,50384,10
13.0855102539,80.2003479004,50384,50394,10
13.0853395462,80.2001266479,50394,50404,10
13.0853204727,80.1996307373,50404,50414,10
13.0852603912,80.1987304688,50414,50434,20
13.0852603912,80.1987304688,50434,50444,10
13.0849199295,80.1987533569,50444,50455,11
13.0843496323,80.1986999512,50455,50465,10
13.0841903687,80.198677063,50465,50475,10
13.0839300156,80.1986694336,50475,50485,10
13.0833902359,80.1986618042,50485,50495,10
13.0827102661,80.1986312866,50495,50505,10
13.0821695328,80.198638916,50505,50515,10
13.0816802979,80.1986465454,50515,50525,10
13.0810899734,80.1986312866,50525,50535,10
13.0805597305,80.1986618042,50535,50545,10
13.0798597336,80.1987228394,50545,50555,10
13.0790596008,80.1987762451,50555,50566,11
13.0781602859,80.198890686,50566,50576,10
13.0772895813,80.1990203857,50576,50586,10
13.0764398575,80.1991195679,50586,50596,10
13.0756797791,80.19921875,50596,50606,10
13.0748596191,80.19947052,50606,50616,10
13.0740499496,80.2000732422,50616,50626,10
13.0735902786,80.200592041,50626,50636,10
13.0735797882,80.2005996704,50636,50646,10
13.0734195709,80.2007980347,50646,50656,10
13.0730600357,80.2012023926,50656,50667,11
13.0725097656,80.2018814087,50667,50677,10
13.0719804764,80.2025222778,50677,50686,9
13.0713300705,80.2032318115,50686,50697,11
13.0704803467,80.204208374,50697,50707,10
13.0700902939,80.204750061,50707,50717,10
13.0699195862,80.2050170898,50717,50727,10
13.0698099136,80.2050704956,50727,50737,10
13.0695199966,80.2048873901,50737,50747,10
13.0691795349,80.2052001953,50747,50757,10
13.0687799454,80.2054901123,50757,50766,9
13.0683698654,80.2054977417,50766,50778,12
13.0680103302,80.2054595947,50778,50788,10
13.067990303,80.2054367065,50788,50798,10
13.0679397583,80.2051010132,50798,50919,121
13.0679397583,80.2051010132,50919,50929,10
13.068189621,80.2049026489,50929,50939,10
13.0684900284,80.204826355,50939,50949,10
13.0690002441,80.2046966553,50949,50959,10
13.0694599152,80.2047424316,50959,50969,10
13.0697202682,80.2048416138,50969,50979,10
13.0697498322,80.2052383423,50979,50989,10
13.0694303513,80.2057571411,50989,51000,11
13.0689201355,80.2065429688,51000,51010,10
13.0684204102,80.207359314,51010,51020,10
13.0678501129,80.2082901001,51020,51030,10
13.0674104691,80.209022522,51030,51040,10
13.0669698715,80.2097015381,51040,51050,10
13.0662498474,80.2103500366,51050,51060,10
13.0654697418,80.2109832764,51060,51070,10
13.065079689,80.2112808228,51070,51080,10
13.0650596619,80.2112884521,51080,51090,10
13.0647201538,80.2114562988,51090,51101,11
13.0641202927,80.2116775513,51101,51111,10
13.0638399124,80.211730957,51111,51121,10
13.0636901855,80.2117385864,51121,51131,10
13.0633296967,80.211730957,51131,51141,10
13.0627498627,80.2117614746,51141,51151,10
13.0621900558,80.2117996216,51151,51163,12
13.060959816,80.2117614746,51163,51172,9
13.0599899292,80.2116928101,51172,51182,10
13.0590000153,80.2116165161,51182,51193,11
13.0576000214,80.2116012573,51193,51214,21
13.0573797226,80.2115707397,51214,51232,18
13.0573797226,80.2115707397,51232,51242,10
13.0570497513,80.2115783691,51242,51252,10
13.056520462,80.2115707397,51252,51262,10
13.0557403564,80.2115478516,51262,51272,10
13.0548696518,80.2115020752,51272,51284,12
13.0538597107,80.2116775513,51284,51294,10
13.0531396866,80.2118682861,51294,51302,8
13.0525903702,80.2120285034,51302,51312,10
13.0519504547,80.2121887207,51312,51325,13
13.0511798859,80.2121734619,51325,51335,10
13.0503902435,80.2122192383,51335,51365,30
13.0503902435,80.2122192383,51365,51375,10
13.0501098633,80.2121429443,51375,51385,10
13.0498199463,80.2121582031,51385,51392,7
13.0496501923,80.2121810913,51392,51405,13
13.0495700836,80.2121810913,51405,51415,10
13.0494499207,80.2121963501,51415,51426,11
13.0489797592,80.2121887207,51426,51436,10
13.0483503342,80.2122116089,51436,51446,10
13.0475196838,80.2122573853,51446,51456,10
13.0466003418,80.2122879028,51456,51466,10
13.045630455,80.212310791,51466,51476,10
13.0445804596,80.2123565674,51476,51537,61
13.0445804596,80.2123565674,51537,51547,10
13.0443601608,80.2123184204,51547,51557,10
13.0439300537,80.2123184204,51557,51567,10
13.0432195663,80.2123336792,51567,51577,10
13.0423803329,80.2123413086,51577,51587,10
13.0413503647,80.212348938,51587,51597,10
13.0401697159,80.2123565674,51597,51607,10
13.0390396118,80.2124023438,51607,51617,10
13.0378799438,80.2123718262,51617,51627,10
13.036939621,80.2122802734,51627,51637,10
13.0360202789,80.2123031616,51637,51648,11
13.0354604721,80.2123184204,51648,51658,10
13.0352602005,80.2123336792,51658,51668,10
13.0349502563,80.2122879028,51668,51678,10
13.0346603394,80.2122268677,51678,51688,10
13.0341396332,80.2121276855,51688,51718,30
13.0341396332,80.2121276855,51718,51728,10
13.0337400436,80.2120437622,51728,51738,10
13.033370018,80.2119293213,51738,51748,10
13.032790184,80.211807251,51748,51759,11
13.031999588,80.2116012573,51759,51769,10
13.0320301056,80.2109603882,51769,51779,10
13.0320501328,80.2104187012,51779,51789,10
13.032119751,80.2098312378,51789,51799,10
13.0319499969,80.2095870972,51799,51809,10
13.031539917,80.2095031738,51809,51819,10
13.0308799744,80.2093276978,51819,51829,10
13.0296802521,80.2089614868,51829,51860,31
13.0296802521,80.2089614868,51860,51870,10
13.0292301178,80.2088317871,51870,51880,10
13.0285396576,80.2086410522,51880,51890,10
13.0277500153,80.2083587646,51890,51900,10
13.0270004272,80.2079315186,51900,51910,10
13.0261602402,80.2074432373,51910,51920,10
13.0251398087,80.2070465088,51920,51930,10
13.0242500305,80.2068862915,51930,51940,10
13.0241804123,80.2068710327,51940,51950,10
13.0238199234,80.2067565918,51950,51960,10
13.0233402252,80.2066726685,51960,51971,11
13.0224895477,80.20652771,51971,51981,10
13.0217399597,80.2064666748,51981,51991,10
13.0210800171,80.2064819336,51991,52001,10
13.0202198029,80.2064590454,52001,52011,10
13.0188703537,80.2062606812,52011,52031,20
13.0188703537,80.2062606812,52031,52041,10
13.0184698105,80.2060775757,52041,52051,10
13.0178699493,80.2058792114,52051,52060,9
13.0172796249,80.2056732178,52060,52071,11
13.0168199539,80.2054672241,52071,52082,11
13.0158500671,80.2050933838,52082,52092,10
13.0149803162,80.2047729492,52092,52102,10
13.0141296387,80.2044830322,52102,52113,11
13.013759613,80.2043609619,52113,52124,11
13.0135498047,80.2044830322,52124,52134,10
13.0135402679,80.204536438,52134,52143,9
13.0134897232,80.2046966553,52143,52153,10
13.0134000778,80.2050170898,52153,52162,9
13.013299942,80.2054290771,52162,52174,12
13.0131101608,80.2063903809,52174,52185,11
13.0129995346,80.2072067261,52185,52195,10
13.0129098892,80.2076416016,52195,52205,10
13.012840271,80.2079696655,52205,52215,10
13.012840271,80.2083892822,52215,52225,10
13.0128498077,80.2087783813,52225,52235,10
13.0129804611,80.2092437744,52235,52245,10
13.0130596161,80.2096405029,52245,52255,10
13.0130395889,80.2105026245,52255,52265,10
13.0127296448,80.2114715576,52265,52275,10
13.0123500824,80.2121582031,52275,52285,10
13.0120201111,80.2127532959,52285,52296,11
13.0117502213,80.2127685547,52296,52306,10
13.0113801956,80.2124786377,52306,52316,10
13.010840416,80.2120819092,52316,52326,10
13.0102300644,80.2116012573,52326,52336,10
13.0099802017,80.2114105225,52336,52346,10
13.0095796585,80.2110671997,52346,52376,30
13.0095796585,80.2110671997,52376,52386,10
13.0093002319,80.2109527588,52386,52396,10
13.0092201233,80.2111206055,52396,52407,11
13.0090904236,80.2114334106,52407,52417,10
13.0091495514,80.2118606567,52417,52427,10
13.0093202591,80.2124862671,52427,52437,10
13.0095901489,80.213180542,52437,52447,10
13.0098600388,80.2138824463,52447,52457,10
13.0101299286,80.2145767212,52457,52467,10
13.0102500916,80.215423584,52467,52477,10
13.0105895996,80.2163619995,52477,52487,10
13.0110397339,80.2173614502,52487,52497,10
13.011469841,80.2184066772,52497,52508,11
13.0119104385,80.2197723389,52508,52518,10
13.0122995377,80.2209701538,52518,52528,10
13.0124902725,80.2216262817,52528,52538,10
13.0129003525,80.2222366333,52538,52548,10
13.0133695602,80.2227172852,52548,52558,10
13.0137996674,80.2231826782,52558,52568,10
13.0140695572,80.2235717773,52568,52578,10
13.0145797729,80.2241134644,52578,52588,10
13.0148897171,80.2245330811,52588,52598,10
13.0150403976,80.224647522,52598,52608,10
13.0152196884,80.2247924805,52608,52619,11
13.0154104233,80.2250823975,52619,52629,10
13.0153903961,80.2254104614,52629,52639,10
13.0149002075,80.2258300781,52639,52659,20
13.0149002075,80.2258300781,52659,52669,10
13.0145998001,80.2260513306,52669,52679,10
13.01404953,80.2262420654,52679,52689,10
13.0133304596,80.2265396118,52689,52699,10
13.0124902725,80.2268829346,52699,52709,10
13.0115604401,80.2272262573,52709,52720,11
13.0105199814,80.2276611328,52720,52730,10
13.0097799301,80.2279205322,52730,52740,10
13.0094804764,80.2275924683,52740,52750,10
13.0096502304,80.2272033691,52750,52758,8
13.0098695755,80.2267227173,52758,52770,12
13.0102701187,80.2258071899,52770,52780,10
13.01060009,80.2250900269,52780,52790,10
13.010720253,80.2248687744,52790,52800,10
13.0108203888,80.2246627808,52800,52810,10
13.0109996796,80.2242202759,52810,52820,10
13.0112400055,80.2234420776,52820,52841,21
13.0112400055,80.2234420776,52841,52851,10
13.011179924,80.2231674194,52851,52861,10
13.0108299255,80.2229766846,52861,52871,10
13.0102500916,80.2226715088,52871,52881,10
13.0095300674,80.2222671509,52881,52891,10
13.0090503693,80.2220230103,52891,52901,10
13.0089302063,80.2219390869,52901,52911,10
13.0085401535,80.2217178345,52911,52921,10
13.0079402924,80.2213897705,52921,52931,10
13.0072097778,80.220993042,52931,52942,11
13.0063400269,80.2205734253,52942,52952,10
13.0053396225,80.2203521729,52952,52962,10
13.00440979,80.2201385498,52962,52972,10
13.003490448,80.2199401855,52972,52982,10
13.0026302338,80.219619751,52982,52992,10
13.0019397736,80.2189712524,52992,53002,10
13.0012702942,80.2183609009,53002,53012,10
13.0005502701,80.2179031372,53012,53022,10
12.9997997284,80.2174377441,53022,53032,10
12.9990501404,80.2170181274,53032,53041,9
12.9984197617,80.2167129517,53041,53054,13
12.9974403381,80.2165222168,53054,53064,10
12.9974002838,80.216506958,53064,53074,10
12.997209549,80.2165298462,53074,53084,10
12.9968395233,80.2165603638,53084,53094,10
12.9961500168,80.2166519165,53094,53104,10
12.995349884,80.2168502808,53104,53114,10
12.99518013,80.2169265747,53114,53124,10
12.9950504303,80.2170028687,53124,53134,10
12.9948396683,80.2171478271,53134,53144,10
12.9945201874,80.2173995972,53144,53153,9
12.9940795898,80.2177276611,53153,53165,12
12.9931697845,80.2182769775,53165,53175,10
12.9925003052,80.2188186646,53175,53185,10
12.991809845,80.2193908691,53185,53193,8
12.9916400909,80.2195663452,53193,53205,12
12.9912204742,80.2195205688,53205,53215,10
12.9910097122,80.2194366455,53215,53225,10
12.9908103943,80.2193603516,53225,53235,10
12.9903297424,80.2191696167,53235,53243,8
12.9897699356,80.2189712524,53243,53255,12
12.9887399673,80.2186126709,53255,53266,11
12.9879598618,80.218421936,53266,53276,10
12.9872102737,80.2182998657,53276,53286,10
12.9868202209,80.2182235718,53286,53296,10
12.9867801666,80.218208313,53296,53306,10
12.9864902496,80.2181167603,53306,53316,10
12.9858903885,80.217956543,53316,53326,10
12.9849395752,80.217880249,53326,53336,10
12.9840803146,80.2179412842,53336,53346,10
12.9838199615,80.2179489136,53346,53356,10
12.9836902618,80.2179489136,53356,53366,10
12.9832496643,80.2179412842,53366,53377,11
12.9825296402,80.2179412842,53377,53387,10
12.9816799164,80.2179718018,53387,53397,10
12.9807901382,80.2182235718,53397,53407,10
12.9800796509,80.2184829712,53407,53417,10
12.9794597626,80.2186965942,53417,53427,10
12.9787797928,80.2189483643,53427,53437,10
12.9783802032,80.2191009521,53437,53447,10
12.9777498245,80.2193603516,53447,53457,10
12.9769096375,80.2196807861,53457,53467,10
12.9760503769,80.2200698853,53467,53478,11
12.9756002426,80.2202911377,53478,53528,50
12.9756002426,80.2202911377,53528,53538,10
12.9754400253,80.2206192017,53538,53548,10
12.975689888,80.220741272,53548,53619,71
12.9759397507,80.220993042,53619,54123,504
12.9759397507,80.220993042,54123,54134,11
12.9762096405,80.2212295532,54134,54144,10
12.9762201309,80.2212371826,54144,54154,10
12.9764499664,80.2212371826,54154,54164,10
12.9765396118,80.2212524414,54164,54174,10
12.976770401,80.2212677002,54174,54184,10
12.9770898819,80.2212600708,54184,54194,10
12.9775495529,80.2211990356,54194,54204,10
12.9779701233,80.2211074829,54204,54214,10
12.9784803391,80.2210617065,54214,54224,10
12.9790697098,80.2210235596,54224,54234,10
12.9796695709,80.221031189,54234,54245,11
12.9803495407,80.2209701538,54245,54255,10
12.9809799194,80.2210083008,54255,54265,10
12.9816102982,80.2213363647,54265,54275,10
12.9819498062,80.2215194702,54275,54283,8
12.982170105,80.2216186523,54283,54295,12
12.9825696945,80.2216262817,54295,54305,10
12.9827299118,80.2216873169,54305,54314,9
12.9829702377,80.2218780518,54314,54324,10
12.9832801819,80.2221221924,54324,54335,11
12.983710289,80.2223892212,54335,54346,11
12.9842300415,80.2227401733,54346,54356,10
12.9847402573,80.2229919434,54356,54366,10
12.9852600098,80.2231521606,54366,54376,10
12.9855804443,80.2229232788,54376,54386,10
12.986120224,80.2229232788,54386,54396,10
12.9865999222,80.2229537964,54396,54426,30
12.9865999222,80.2229537964,54426,54436,10
12.987039566,80.2230529785,54436,54445,9
12.9873399734,80.2230300903,54445,54457,12
12.9878501892,80.2227020264,54457,54467,10
12.9885396957,80.2221679688,54467,54477,10
12.9892196655,80.2215270996,54477,54487,10
12.9897499084,80.2208862305,54487,54497,10
12.9902896881,80.2203674316,54497,54507,10
12.9904098511,80.2202835083,54507,54517,10
12.9907102585,80.2200775146,54517,54527,10
12.9911403656,80.2197265625,54527,54537,10
12.9915399551,80.2194213867,54537,54547,10
12.9920501709,80.2190933228,54547,54557,10
12.9926395416,80.2186508179,54557,54568,11
12.9933996201,80.2180099487,54568,54578,10
12.9941997528,80.2174911499,54578,54588,10
12.9947795868,80.2170410156,54588,54598,10
12.995349884,80.2166976929,54598,54608,10
12.9959201813,80.2164764404,54608,54628,20
12.9959201813,80.2164764404,54628,54638,10
12.9962301254,80.2165222168,54638,54648,10
12.9966402054,80.2164535522,54648,54679,31
12.9966402054,80.2164535522,54679,54689,10
12.9970302582,80.216468811,54689,54699,10
12.9972696304,80.2163009644,54699,54709,10
12.9975404739,80.2160263062,54709,54719,10
12.9976301193,80.2159881592,54719,54729,10
12.9978904724,80.2157363892,54729,54739,10
12.9982700348,80.2153625488,54739,54749,10
12.9987096786,80.214881897,54749,54759,10
12.9990501404,80.2146377563,54759,54769,10
12.9992904663,80.2144622803,54769,54780,11
12.9997501373,80.2141036987,54780,54790,10
13.000120163,80.2137680054,54790,54800,10
13.0005102158,80.2133407593,54800,54810,10
13.0009899139,80.2128372192,54810,54820,10
13.001540184,80.2124633789,54820,54830,10
13.0021295547,80.2121124268,54830,54840,10
13.0027599335,80.2119674683,54840,54850,10
13.0034599304,80.2119369507,54850,54891,41
13.0037097931,80.2117080688,54891,54911,20
13.0037097931,80.2117080688,54911,54921,10
13.0036802292,80.2112503052,54921,54931,10
13.0036201477,80.2107391357,54931,54941,10
13.0035495758,80.2102279663,54941,54951,10
13.003490448,80.2097396851,54951,54961,10
13.0035600662,80.2092132568,54961,54971,10
13.0039196014,80.2086181641,54971,54981,10
13.0047798157,80.2089767456,54981,54992,11
13.00578022,80.2094573975,54992,55002,10
13.0063295364,80.2096786499,55002,55012,10
13.0070104599,80.2098007202,55012,55021,9
13.0071897507,80.2098236084,55021,55032,11
13.0073795319,80.2098693848,55032,55042,10
13.0077400208,80.2099609375,55042,55052,10
13.0079803467,80.2098617554,55052,55062,10
13.0079298019,80.2094192505,55062,55072,10
13.0078496933,80.2087478638,55072,55080,8
13.0077495575,80.2079620361,55080,55092,12
13.0075798035,80.2068099976,55092,55103,11
13.0074501038,80.2057189941,55103,55113,10
13.0074396133,80.2046508789,55113,55123,10
13.007399559,80.2037124634,55123,55133,10
13.0073204041,80.2031173706,55133,55143,10
13.0072002411,80.2027435303,55143,55153,10
13.0068101883,80.2025222778,55153,55163,10
13.0064897537,80.2029037476,55163,55173,10
13.006770134,80.2033233643,55173,55183,10
13.0072803497,80.2035675049,55183,55193,10
13.007900238,80.2036895752,55193,55203,10
13.0087099075,80.203666687,55203,55214,11
13.0100097656,80.2035980225,55214,55224,10
13.0113697052,80.2036819458,55224,55234,10
13.0127096176,80.203918457,55234,55244,10
13.0134496689,80.2041397095,55244,55254,10
13.0141801834,80.2043914795,55254,55264,10
13.0149097443,80.2046127319,55264,55275,11
13.0149297714,80.2046203613,55275,55285,10
13.0152301788,80.2047119141,55285,55295,10
13.0158195496,80.2049789429,55295,55305,10
13.0161399841,80.205078125,55305,55316,11
13.0165100098,80.2051391602,55316,55324,8
13.0169095993,80.2052612305,55324,55336,12
13.0179195404,80.2056121826,55336,55346,10
13.0182695389,80.2057418823,55346,55356,10
13.0188102722,80.2059783936,55356,55365,9
13.0193300247,80.2061767578,55365,55376,11
13.0201196671,80.2062835693,55376,55386,10
13.0210504532,80.2062988281,55386,55396,10
13.0218200684,80.2062835693,55396,55405,9
13.0221996307,80.2062835693,55405,55415,10
13.0225095749,80.2063064575,55415,55427,12
13.0226802826,80.2062988281,55427,55437,10
13.0229997635,80.2063903809,55437,55447,10
13.0234203339,80.2065200806,55447,55457,10
13.024020195,80.206741333,55457,55467,10
13.0251703262,80.2071990967,55467,55477,10
13.0264701843,80.2077865601,55477,55487,10
13.0278501511,80.2083435059,55487,55497,10
13.0289096832,80.2086486816,55497,55507,10
13.0294904709,80.2088088989,55507,55517,10
13.0303096771,80.2090301514,55517,55527,10
13.0316200256,80.2094421387,55527,55548,21
13.0316200256,80.2094421387,55548,55558,10
13.0320196152,80.2096405029,55558,55568,10
13.0325603485,80.2097091675,55568,55578,10
13.0331201553,80.2097625732,55578,55588,10
13.034119606,80.2099227905,55588,55598,10
13.0349502563,80.2101974487,55598,55608,10
13.0348997116,80.2105636597,55608,55618,10
13.0349197388,80.2109222412,55618,55628,10
13.0348901749,80.2112121582,55628,55639,11
13.0348796844,80.211517334,55639,55659,20
13.0348796844,80.2117385864,55659,55689,30
13.0348796844,80.2117385864,55689,55699,10
13.0349302292,80.2121124268,55699,55709,10
13.0353298187,80.2122116089,55709,55710,1
13.0353899002,80.2122116089,55710,55729,19
13.0366897583,80.212310791,55729,55739,10
13.0369701385,80.2122879028,55739,55750,11
13.0372800827,80.2123031616,55750,55760,10
13.0377998352,80.2123031616,55760,55770,10
13.0386400223,80.2122879028,55770,55780,10
13.0394897461,80.2122879028,55780,55790,10
13.04047966,80.2122879028,55790,55800,10
13.0416698456,80.2124023438,55800,55810,10
13.042889595,80.2123413086,55810,55820,10
13.0441799164,80.2122802734,55820,55921,101
13.0441799164,80.2122802734,55921,55931,10
13.0444402695,80.2123184204,55931,55941,10
13.0449199677,80.212310791,55941,55951,10
13.0456199646,80.2123031616,55951,55961,10
13.0465097427,80.2122268677,55961,55972,11
13.0474996567,80.2121429443,55972,55982,10
13.0484800339,80.2119674683,55982,56002,20
13.0484800339,80.2119674683,56002,56012,10
13.0486898422,80.212020874,56012,56022,10
13.0490903854,80.2119598389,56022,56032,10
13.0495004654,80.2119216919,56032,56042,10
13.0495595932,80.2119064331,56042,56052,10
13.0497903824,80.2119522095,56052,56062,10
13.0499000549,80.2119369507,56062,56073,11
13.0502595901,80.2119293213,56073,56083,10
13.0505104065,80.2119598389,56083,56093,10
13.051030159,80.2118911743,56093,56103,10
13.0517902374,80.2116394043,56103,56113,10
13.0531702042,80.2114562988,56113,56123,10
13.0541400909,80.2113265991,56123,56133,10
13.0546398163,80.2113265991,56133,56143,10
13.0553197861,80.2113189697,56143,56153,10
13.0562496185,80.2113723755,56153,56163,10
13.0575895309,80.2113418579,56163,56184,21
13.0575895309,80.2113418579,56184,56194,10
13.0579795837,80.2114105225,56194,56204,10
13.0584201813,80.2113876343,56204,56214,10
13.0591497421,80.2114181519,56214,56224,10
13.0599002838,80.2114334106,56224,56234,10
13.0610704422,80.21144104,56234,56244,10
13.0620603561,80.2115402222,56244,56254,10
13.0629701614,80.2117233276,56254,56264,10
13.0630302429,80.2116622925,56264,56274,10
13.0631999969,80.2116012573,56274,56284,10
13.0635004044,80.2115402222,56284,56295,11
13.0639600754,80.2114562988,56295,56305,10
13.0646295547,80.2112426758,56305,56315,10
13.0653400421,80.2107696533,56315,56325,10
13.0661802292,80.2101821899,56325,56335,10
13.0670499802,80.2094192505,56335,56345,10
13.0673904419,80.208732605,56345,56355,10
13.067489624,80.2085571289,56355,56364,9
13.0676898956,80.2082366943,56364,56375,11
13.0681200027,80.2075881958,56375,56385,10
13.0685901642,80.2068710327,56385,56396,11
13.0691604614,80.2059402466,56396,56406,10
13.0696001053,80.2052078247,56406,56416,10
13.0695104599,80.2048187256,56416,56426,10
13.0692195892,80.2051010132,56426,56436,10
13.0687398911,80.2050018311,56436,56476,40
13.0687398911,80.2050018311,56476,56486,10
13.068810463,80.2048416138,56486,56495,9
13.0690097809,80.2047119141,56495,56507,12
13.0692796707,80.2047119141,56507,56517,10
13.0695495605,80.2047576904,56517,56527,10
13.0697603226,80.2048034668,56527,56537,10
13.0699396133,80.2046508789,56537,56547,10
13.0702600479,80.2042312622,56547,56557,10
13.0707597733,80.2036209106,56557,56567,10
13.0713701248,80.2029037476,56567,56577,10
13.0719604492,80.2022781372,56577,56607,30
13.0719604492,80.2022781372,56607,56618,11
13.0720100403,80.2023162842,56618,56628,10
13.0721998215,80.2021102905,56628,56638,10
13.072520256,80.201751709,56638,56648,10
13.0729103088,80.2012786865,56648,56658,10
13.0731601715,80.2009963989,56658,56668,10
13.0733699799,80.2008209229,56668,56678,10
13.0736703873,80.2005233765,56678,56688,10
13.0739603043,80.2001571655,56688,56698,10
13.0743398666,80.1996917725,56698,56708,10
13.0744600296,80.1995620728,56708,56719,11
13.0745801926,80.1994171143,56719,56729,10
13.0749397278,80.1992111206,56729,56739,10
13.0755596161,80.1990814209,56739,56749,10
13.076379776,80.1990432739,56749,56759,10
13.0773496628,80.19896698,56759,56769,10
13.0783500671,80.1988296509,56769,56779,10
13.0793504715,80.1987075806,56779,56789,10
13.0801496506,80.1986236572,56789,56799,10
13.0808801651,80.1985397339,56799,56809,10
13.081580162,80.1984786987,56809,56819,10
13.0823097229,80.1984405518,56819,56830,11
13.0829200745,80.1984481812,56830,56840,10
13.0834903717,80.1984405518,56840,56850,10
13.0838603973,80.1984786987,56850,56860,10
13.0843095779,80.1985015869,56860,56870,10
13.0846996307,80.1985015869,56870,56880,10
13.0850000381,80.1984481812,56880,56890,10
13.0853300095,80.1984024048,56890,56900,10
13.0857400894,80.1984405518,56900,56909,9
13.0861301422,80.1984634399,56909,56920,11
13.0865697861,80.1984176636,56920,56931,11
13.0869102478,80.1982116699,56931,56941,10
13.086979866,80.1980895996,56941,56951,10
13.087100029,80.1979904175,56951,56961,10
13.0871496201,80.1976623535,56961,56971,10
13.0871801376,80.1971130371,56971,56981,10
13.0872001648,80.1962966919,56981,56991,10
13.087220192,80.1954574585,56991,57001,10
13.087220192,80.1947402954,57001,57011,10
13.087220192,80.1939697266,57011,57021,10
13.087220192,80.1929321289,57021,57042,21
13.087220192,80.1929321289,57042,57052,10
13.0873203278,80.1928329468,57052,57062,10
13.0873498917,80.1925201416,57062,57072,10
13.0874099731,80.191947937,57072,57082,10
13.0875301361,80.1911087036,57082,57092,10
13.0876502991,80.1901168823,57092,57102,10
13.0877399445,80.189239502,57102,57112,10
13.0877504349,80.1891937256,57112,57122,10
13.0877799988,80.1891174316,57122,57132,10
13.0878000259,80.1887512207,57132,57142,10
13.0877799988,80.1883163452,57142,57173,31
13.0877799988,80.1883163452,57173,57183,10
13.087770462,80.1881637573,57183,57193,10
13.0877799988,80.1877670288,57193,57203,10
13.0878295898,80.1870803833,57203,57213,10
13.0878601074,80.1862716675,57213,57223,10
13.0878696442,80.1855697632,57223,57233,10
13.0878896713,80.1852111816,57233,57243,10
13.0879201889,80.184677124,57243,57254,11
13.0879402161,80.1838912964,57254,57264,10
13.0879602432,80.1830215454,57264,57274,10
13.0879802704,80.1823883057,57274,57284,10
13.0879802704,80.1823806763,57284,57294,10
13.0880203247,80.1821212769,57294,57304,10
13.088060379,80.1816177368,57304,57314,10
13.0881004333,80.1808624268,57314,57324,10
13.0881004333,80.1799697876,57324,57334,10
13.0881004333,80.179359436,57334,57344,10
13.0880899429,80.1787872314,57344,57354,10
13.0881004333,80.1787033081,57354,57365,11
13.0881099701,80.1784591675,57365,57375,10
13.0881099701,80.1779632568,57375,57385,10
13.0881299973,80.1772613525,57385,57395,10
13.0881700516,80.1766891479,57395,57405,10
13.0882301331,80.1758499146,57405,57415,10
13.0882902145,80.1749191284,57415,57425,10
13.0883598328,80.1742172241,57425,57435,10
13.0884199142,80.1735992432,57435,57445,10
13.088470459,80.1728134155,57445,57455,10
13.0885000229,80.1720809937,57455,57464,9
13.08852005,80.1717224121,57464,57476,12
13.0885400772,80.1715164185,57476,57486,10
13.0885801315,80.1710205078,57486,57496,10
13.0886297226,80.1700668335,57496,57536,40
13.0886297226,80.1700668335,57536,57546,10
13.0886898041,80.1697463989,57546,57556,10
13.0890102386,80.1695175171,57556,57566,10
13.089630127,80.1695709229,57566,57576,10
13.0904903412,80.169631958,57576,57587,11
13.0916099548,80.1696929932,57587,57597,10
13.0925798416,80.1697921753,57597,57607,10
13.0934495926,80.1697769165,57607,57617,10
13.0943098068,80.169708252,57617,57627,10
13.0947704315,80.1697769165,57627,57635,8
13.0950098038,80.1698226929,57635,57647,12
13.0955600739,80.1698608398,57647,57657,10
13.096329689,80.1698989868,57657,57667,10
13.0972003937,80.169960022,57667,57677,10
13.09815979,80.1700134277,57677,57688,11
13.0991401672,80.1700897217,57688,57698,10
13.0995903015,80.1700592041,57698,57708,10
13.0994701385,80.1696624756,57708,57738,30
13.0994701385,80.1696624756,57738,57748,10
13.099360466,80.1698608398,57748,57898,150
13.0994195938,80.1700973511,57898,58910,1012
13.0994195938,80.1700973511,58910,58920,10
13.099149704,80.1702423096,58920,58930,10
13.0989398956,80.1702194214,58930,58940,10
13.098739624,80.1701965332,58940,58950,10
13.0984601974,80.1701889038,58950,58960,10
13.0980396271,80.170173645,58960,58970,10
13.0975503922,80.1701278687,58970,58979,9
13.0969800949,80.1700973511,58979,58991,12
13.0960998535,80.1700515747,58991,59001,10
13.0953598022,80.1699981689,59001,59011,10
13.0949602127,80.1699829102,59011,59021,10
13.0947303772,80.1699523926,59021,59031,10
13.0944700241,80.1699295044,59031,59041,10
13.0940904617,80.1698989868,59041,59051,10
13.0935401917,80.1698684692,59051,59061,10
13.0928297043,80.1698608398,59061,59071,10
13.0919904709,80.1697998047,59071,59081,10
13.0912399292,80.1697311401,59081,59091,10
13.0909099579,80.1696929932,59091,59102,11
13.0902795792,80.1696624756,59102,59112,10
13.0895595551,80.1696166992,59112,59122,10
13.0889396667,80.169593811,59122,59192,70
13.0889396667,80.169593811,59192,59200,8
13.088809967,80.1695480347,59200,59213,13
13.0887002945,80.1699829102,59213,59223,10
13.0887203217,80.1705627441,59223,59233,10
13.0887403488,80.171257019,59233,59243,10
13.0886602402,80.1719207764,59243,59253,10
13.0886497498,80.1719512939,59253,59263,10
13.0886201859,80.1722488403,59263,59273,10
13.0885801315,80.1727828979,59273,59283,10
13.0885400772,80.1734619141,59283,59293,10
13.0884504318,80.1743469238,59293,59303,10
13.0884103775,80.1750488281,59303,59314,11
13.0883798599,80.1759262085,59314,59322,8
13.0883197784,80.1766586304,59322,59334,12
13.0882997513,80.177406311,59334,59344,10
13.0882701874,80.1785812378,59344,59364,20
13.0882701874,80.1785812378,59364,59374,10
13.088259697,80.1789016724,59374,59384,10
13.0882501602,80.1790008545,59384,59394,10
13.0882501602,80.1793212891,59394,59404,10
13.088259697,80.1798782349,59404,59414,10
13.0882301331,80.1806869507,59414,59425,11
13.0881795883,80.1816482544,59425,59435,10
13.088139534,80.1824798584,59435,59445,10
13.0881204605,80.1834106445,59445,59455,10
13.0880804062,80.184463501,59455,59465,10
13.0880203247,80.1853179932,59465,59495,30
13.0880203247,80.1853179932,59495,59505,10
13.0879898071,80.1856231689,59505,59515,10
13.0880002975,80.1860809326,59515,59541,26
13.08796978,80.1879882813,59541,59552,11
13.0879497528,80.1884765625,59552,59562,10
13.0879297256,80.1891937256,59562,59572,10
13.0878896713,80.1897735596,59572,59582,10
13.0878801346,80.1897964478,59582,59592,10
13.0878400803,80.1899414063,59592,59602,10
13.0878200531,80.1902694702,59602,59612,10
13.0877895355,80.1908187866,59612,59622,10
13.0876903534,80.1915893555,59622,59631,9
13.0874996185,80.1926574707,59631,59683,52
13.0874996185,80.1926574707,59683,59693,10
13.0874004364,80.192817688,59693,59703,10
13.0874004364,80.1930923462,59703,59713,10
13.0874004364,80.1936264038,59713,59723,10
13.0873699188,80.1943893433,59723,59733,10
13.0873298645,80.1952819824,59733,59743,10
13.0873098373,80.1962127686,59743,59754,11
13.087269783,80.197227478,59754,59764,10
13.0872497559,80.1977615356,59764,59774,10
13.0872402191,80.1977615356,59774,59784,10
13.0872297287,80.1980819702,59784,59794,10
13.0873298645,80.1984405518,59794,59804,10
13.0874900818,80.1985168457,59804,59814,10
13.0877895355,80.1985015869,59814,59824,10
13.0881795883,80.1983795166,59824,59834,10
13.0888004303,80.1983566284,59834,59843,9
13.0894298553,80.1984329224,59843,59855,12
13.0903396606,80.1985015869,59855,59865,10
13.0910396576,80.198600769,59865,59875,10
13.0917301178,80.1986465454,59875,59885,10
13.0925798416,80.198638916,59885,59895,10
13.093000412,80.1988067627,59895,59905,10
13.0929803848,80.1992797852,59905,59915,10
13.0929498672,80.1998519897,59915,59925,10
13.0929203033,80.2004318237,59925,59935,10
13.0929098129,80.2004699707,59935,59945,10
13.0926198959,80.200592041,59945,59955,10
13.0921297073,80.2005691528,59955,59966,11
13.0913696289,80.2005767822,59966,59976,10
13.0906496048,80.2005767822,59976,59986,10
13.0897903442,80.2005462646,59986,59996,10
13.0888299942,80.2005081177,59996,60006,10
13.0879201889,80.2004776001,60006,60016,10
13.0871095657,80.2004623413,60016,60026,10
13.086640358,80.2004394531,60026,60036,10
13.0860300064,80.2004318237,60036,60046,10
13.0857696533,80.2004165649,60046,60056,10
13.0856304169,80.2004013062,60056,60066,10
13.0855102539,80.200378418,60066,60077,11
13.0853004456,80.2002334595,60077,60089,12
13.0853099823,80.1997375488,60089,60099,10
13.0852804184,80.1991271973,60099,60109,10
13.0851697922,80.1987380981,60109,60119,10
13.0849399567,80.1987228394,60119,60129,10
13.0842695236,80.1987228394,60129,60159,30
13.0842695236,80.1987228394,60159,60169,10
13.0840301514,80.1987075806,60169,60180,11
13.0835800171,80.1987228394,60180,60190,10
13.0828800201,80.1986694336,60190,60200,10
13.082110405,80.1986999512,60200,60210,10
13.0816202164,80.1987228394,60210,60220,10
13.081029892,80.1987075806,60220,60230,10
13.0803804398,80.1987686157,60230,60240,10
13.0796403885,80.1988220215,60240,60250,10
13.0789403915,80.1988830566,60250,60260,10
13.078209877,80.1989593506,60260,60270,10
13.0773296356,80.1990585327,60270,60280,10
13.0766601563,80.1991271973,60280,60291,11
13.0759000778,80.1992263794,60291,60301,10
13.0750703812,80.1994094849,60301,60311,10
13.0742902756,80.1998596191,60311,60321,10
13.073679924,80.2005462646,60321,60351,30
13.073679924,80.2005462646,60351,60361,10
13.073559761,80.2007064819,60361,60371,10
13.0732402802,80.2010879517,60371,60381,10
13.0727596283,80.2016525269,60381,60390,9
13.0722703934,80.2022323608,60390,60402,12
13.071559906,80.2029876709,60402,60412,10
13.0709199905,80.2037200928,60412,60422,10
13.0702495575,80.204536438,60422,60432,10
13.0698404312,80.2051086426,60432,60462,30
13.0698404312,80.2051086426,60462,60472,10
13.0695800781,80.2049407959,60472,60482,10
13.0692596436,80.2049636841,60482,60492,10
13.0689496994,80.205406189,60492,60503,11
13.0685300827,80.2054977417,60503,60513,10
13.067990303,80.205406189,60513,60664,151
13.067990303,80.205406189,60664,60674,10
13.0680398941,80.205116272,60674,60684,10
13.0683298111,80.2050323486,60684,60694,10
13.0687999725,80.204788208,60694,60704,10
13.0693101883,80.2047805786,60704,60715,11
13.0696802139,80.2048416138,60715,60725,10
13.0698099136,80.2052536011,60725,60735,10
13.0694904327,80.2057800293,60735,60745,10
13.0690603256,80.2064819336,60745,60755,10
13.068570137,80.2072677612,60755,60765,10
13.0680398941,80.2081832886,60765,60775,10
13.0674295425,80.2091369629,60775,60785,10
13.0666999817,80.2100830078,60785,60795,10
13.0657396317,80.2108764648,60795,60805,10
13.0652999878,80.2112197876,60805,60815,10
13.0650501251,80.2114028931,60815,60826,11
13.0649900436,80.2114181519,60826,60836,10
13.0648899078,80.2114715576,60836,60846,10
13.0645599365,80.2116012573,60846,60856,10
13.0641098022,80.2117080688,60856,60866,10
13.0638504028,80.2116928101,60866,60876,10
13.0634803772,80.2117385864,60876,60886,10
13.0628404617,80.211807251,60886,60896,10
13.0621299744,80.211769104,60896,60906,10
13.0610904694,80.2117462158,60906,60916,10
13.0600099564,80.2117004395,60916,60926,10
13.058930397,80.2116775513,60926,60937,11
13.0580101013,80.2116394043,60937,60947,10
13.0576095581,80.2116317749,60947,60957,10
13.057510376,80.2116088867,60957,60967,10
13.0571804047,80.2115707397,60967,60977,10
13.0566596985,80.2115325928,60977,60987,10
13.0558204651,80.2115936279,60987,60997,10
13.0549001694,80.2116088867,60997,61007,10
13.0539798737,80.2117462158,61007,61017,10
13.0531702042,80.2119598389,61017,61026,9
13.0525598526,80.2121124268,61026,61038,12
13.0519895554,80.2122497559,61038,61048,10
13.0516395569,80.2122879028,61048,61058,10
13.051199913,80.2122192383,61058,61068,10
13.0511398315,80.2122192383,61068,61078,10
13.0509700775,80.2122268677,61078,61088,10
13.0506496429,80.2121734619,61088,61098,10
13.0500802994,80.2121582031,61098,61108,10
13.0495996475,80.2121963501,61108,61138,30
13.0495996475,80.2121963501,61138,61149,11
13.0492200851,80.2121887207,61149,61159,10
13.0487003326,80.2122116089,61159,61169,10
13.047949791,80.2122802734,61169,61179,10
13.0470600128,80.2123565674,61179,61189,10
13.0460300446,80.2124023438,61189,61199,10
13.0448503494,80.2124328613,61199,61209,10
13.0437498093,80.2124328613,61209,61219,10
13.042599678,80.2124023438,61219,61229,10
13.0415401459,80.2123184204,61229,61239,10
13.0403795242,80.2123718262,61239,61249,10
13.0393104553,80.2124099731,61249,61260,11
13.0384502411,80.2124328613,61260,61270,10
13.0377101898,80.2123565674,61270,61350,80
13.0377101898,80.2123565674,61350,61360,10
13.0374498367,80.2121582031,61360,61371,11
13.0369997025,80.2121963501,61371,61381,10
13.0363302231,80.2122192383,61381,61391,10
13.035369873,80.2122268677,61391,61401,10
13.0344495773,80.2121582031,61401,61451,50
13.0344495773,80.2121582031,61451,61461,10
13.0340595245,80.212097168,61461,61472,11
13.0337495804,80.2120285034,61472,61482,10
13.0332403183,80.2119293213,61482,61492,10
13.0324897766,80.211807251,61492,61502,10
13.031999588,80.2114562988,61502,61512,10
13.0320301056,80.2108001709,61512,61522,10
13.0320796967,80.2100067139,61522,61532,10
13.0317897797,80.2096328735,61532,61542,10
13.0310401917,80.2094497681,61542,61552,10
13.0305995941,80.2093505859,61552,61562,10
13.0304403305,80.2092666626,61562,61572,10
13.0300197601,80.2091064453,61572,61583,11
13.0297603607,80.2089920044,61583,61593,10
13.0294704437,80.2089080811,61593,61603,10
13.0294399261,80.2089080811,61603,61613,10
13.0291996002,80.2088165283,61613,61623,10
13.0285997391,80.2086791992,61623,61633,10
13.0278100967,80.208442688,61633,61643,10
13.0270900726,80.2080230713,61643,61653,10
13.0262899399,80.2075271606,61653,61663,10
13.0254096985,80.2070922852,61663,61672,9
13.0246696472,80.2069778442,61672,61684,12
13.0242395401,80.2069168091,61684,61694,10
13.0240802765,80.2068710327,61694,61704,10
13.0236597061,80.2067565918,61704,61714,10
13.0230197906,80.2066421509,61714,61724,10
13.0221395493,80.2064590454,61724,61734,10
13.0211000443,80.2064666748,61734,61744,10
13.0199804306,80.206489563,61744,61754,10
13.0191602707,80.2063827515,61754,61764,10
13.0191001892,80.2063598633,61764,61774,10
13.0190200806,80.2063064575,61774,61784,10
13.0185899734,80.206161499,61784,61795,11
13.0178604126,80.2059326172,61795,61805,10
13.0172700882,80.2056808472,61805,61815,10
13.016699791,80.2053985596,61815,61825,10
13.0156803131,80.2050704956,61825,61835,10
13.0145998001,80.2047195435,61835,61845,10
13.0139398575,80.2045211792,61845,61855,10
13.0139198303,80.204498291,61855,61865,10
13.0136699677,80.2044067383,61865,61875,10
13.0135498047,80.2046813965,61875,61885,10
13.0135202408,80.2047805786,61885,61895,10
13.0134096146,80.2051391602,61895,61906,11
13.0131998062,80.2058029175,61906,61916,10
13.0130596161,80.2065963745,61916,61926,10
13.0129995346,80.2074203491,61926,61936,10
13.0129098892,80.2078399658,61936,61946,10
13.0128803253,80.2082595825,61946,61956,10
13.0128898621,80.2086410522,61956,61966,10
13.0129203796,80.2090301514,61966,61976,10
13.0131397247,80.209602356,61976,61986,10
13.0132303238,80.2101821899,61986,61996,10
13.0130796432,80.2108917236,61996,62007,11
13.0126399994,80.2117614746,62007,62017,10
13.012169838,80.2124710083,62017,62027,10
13.0118904114,80.2128601074,62027,62037,10
13.0116701126,80.2127685547,62037,62047,10
13.0112495422,80.2124633789,62047,62057,10
13.0106601715,80.2119903564,62057,62067,10
13.0101604462,80.2115783691,62067,62107,40
13.0101604462,80.2115783691,62107,62118,11
13.0098495483,80.2113189697,62118,62128,10
13.00963974,80.2111587524,62128,62148,20
13.00963974,80.2111587524,62148,62158,10
13.0094203949,80.2110519409,62158,62168,10
13.0093002319,80.2111587524,62168,62178,10
13.0091104507,80.2114181519,62178,62188,10
13.0091104507,80.2118835449,62188,62198,10
13.0092897415,80.2124786377,62198,62208,10
13.0095500946,80.2131576538,62208,62219,11
13.0098495483,80.2139205933,62219,62229,10
13.0101299286,80.214630127,62229,62239,10
13.0102396011,80.2154006958,62239,62249,10
13.010430336,80.2161102295,62249,62259,10
13.0108604431,80.2170181274,62259,62269,10
13.011349678,80.2181396484,62269,62279,10
13.0117502213,80.2193527222,62279,62289,10
13.0121297836,80.2205734253,62289,62299,10
13.0123901367,80.2214736938,62299,62309,10
13.0126600266,80.2219619751,62309,62319,10
13.013130188,80.2225036621,62319,62330,11
13.0137901306,80.2232513428,62330,62340,10
13.0140695572,80.2235488892,62340,62350,10
13.0143098831,80.2238235474,62350,62360,10
13.0146903992,80.2242965698,62360,62370,10
13.0150299072,80.2246627808,62370,62380,10
13.0150499344,80.2246780396,62380,62390,10
13.0151700974,80.2248001099,62390,62400,10
13.0153999329,80.2250976563,62400,62410,10
13.0155096054,80.2254333496,62410,62420,10
13.0153503418,80.2257766724,62420,62430,10
13.0148200989,80.226020813,62430,62441,11
13.0142498016,80.2262420654,62441,62451,10
13.0135402679,80.2265167236,62451,62461,10
13.0126895905,80.2268371582,62461,62471,10
13.0118198395,80.2272186279,62471,62481,10
13.010890007,80.2275695801,62481,62491,10
13.0099802017,80.2279281616,62491,62501,10
13.0094900131,80.2278518677,62501,62511,10
13.0095300674,80.2275390625,62511,62521,10
13.0097198486,80.2270126343,62521,62531,10
13.0100097656,80.2262496948,62531,62542,11
13.0104799271,80.2253875732,62542,62552,10
13.010720253,80.2247772217,62552,62562,10
13.0108995438,80.2243804932,62562,62572,10
13.0112400055,80.2235107422,62572,62582,10
13.0109701157,80.2230377197,62582,62592,10
13.0105895996,80.2228164673,62592,62602,10
13.0101299286,80.2225723267,62602,62612,10
13.0094995499,80.2222137451,62612,62622,10
13.0087404251,80.2218170166,62622,62632,10
13.0080299377,80.2214279175,62632,62642,10
13.0072698593,80.2210235596,62642,62653,11
13.0063695908,80.2205734253,62653,62663,10
13.005399704,80.2203903198,62663,62673,10
13.0045204163,80.220199585,62673,62683,10
13.0034704208,80.2199630737,62683,62693,10
13.0024795532,80.2195205688,62693,62703,10
13.0017795563,80.2188186646,62703,62713,10
13.001159668,80.2182998657,62713,62723,10
13.000670433,80.2179489136,62723,62733,10
13.0003995895,80.2177429199,62733,62743,10
12.9998998642,80.2173995972,62743,62754,11
12.9992799759,80.217086792,62754,62764,10
12.998840332,80.2168579102,62764,62774,10
12.9981803894,80.216583252,62774,62784,10
12.9975204468,80.2165222168,62784,62794,10
12.997420311,80.216506958,62794,62804,10
12.9972000122,80.2164993286,62804,62814,10
12.9966802597,80.2165527344,62814,62824,10
12.9959497452,80.2167434692,62824,62834,10
12.9950799942,80.217086792,62834,62844,10
12.9945201874,80.2174606323,62844,62854,10
12.9941797256,80.2176818848,62854,62865,11
12.9938802719,80.217880249,62865,62875,10
12.9933996201,80.2182312012,62875,62885,10
12.9927396774,80.218711853,62885,62895,10
12.991979599,80.2192611694,62895,62905,10
12.9913702011,80.2195510864,62905,62915,10
12.9911298752,80.2194671631,62915,62925,10
12.9909200668,80.2193832397,62925,62935,10
12.9903802872,80.2191619873,62935,62945,10
12.9895601273,80.2189025879,62945,62955,10
12.9885902405,80.2185821533,62955,62965,10
12.9875202179,80.2183380127,62965,62976,11
12.9871997833,80.2182922363,62976,62986,10
12.9869699478,80.2182235718,62986,62996,10
12.9863996506,80.2181015015,62996,63006,10
12.9855804443,80.217918396,63006,63016,10
12.9848403931,80.2179107666,63016,63026,10
12.9842500687,80.2179336548,63026,63036,10
12.9834804535,80.217918396,63036,63046,10
12.982509613,80.2179412842,63046,63056,10
12.9813604355,80.2180633545,63056,63066,10
12.9802598953,80.218421936,63066,63077,11
12.9793395996,80.2188186646,63077,63087,10
12.9787197113,80.2190628052,63087,63097,10
12.9782495499,80.2192382813,63097,63107,10
12.9775104523,80.2195587158,63107,63117,10
12.976650238,80.2199172974,63117,63127,10
12.9760198593,80.2202377319,63127,63137,10
12.975859642,80.2203216553,63137,63147,10
12.9756002426,80.2204208374,63147,63157,10
12.9755001068,80.220741272,63157,63167,10
12.9756803513,80.2208328247,63167,63177,10
12.9759597778,80.2210769653,63177,63248,71
12.9761295319,80.221321106,63248,64096,848
12.9761295319,80.221321106,64096,64106,10
12.9764604568,80.2212677002,64106,64116,10
12.9766702652,80.2212600708,64116,64126,10
12.9769201279,80.2212524414,64126,64136,10
12.9771404266,80.2212677002,64136,64146,10
12.9774303436,80.2212219238,64146,64157,11
12.977809906,80.2211837769,64157,64167,10
12.9778900146,80.2211837769,64167,64177,10
12.9784402847,80.2211608887,64177,64187,10
12.9788799286,80.2211380005,64187,64197,10
12.9792900085,80.2210998535,64197,64207,10
12.9798297882,80.2210617065,64207,64217,10
12.9803800583,80.2210083008,64217,64227,10
12.9809904099,80.2210464478,64227,64237,10
12.9815397263,80.2212982178,64237,64247,10
12.9818201065,80.2215118408,64247,64258,11
12.9822998047,80.2217178345,64258,64278,20
12.9822998047,80.2217178345,64278,64288,10
12.9829702377,80.2220001221,64288,64308,20
12.9829702377,80.2220001221,64308,64318,10
12.9835300446,80.222366333,64318,64338,20
12.9835300446,80.222366333,64338,64348,10
12.9839000702,80.2226028442,64348,64358,10
12.9842996597,80.2228317261,64358,64369,11
12.9847202301,80.2230987549,64369,64379,10
12.9852600098,80.2232589722,64379,64389,10
12.9856300354,80.2230300903,64389,64399,10
12.9864196777,80.2229232788,64399,64429,30
12.9868497849,80.2229690552,64429,64449,20
12.9868497849,80.2229690552,64449,64459,10
12.9872398376,80.2230300903,64459,64469,10
12.9875602722,80.2229995728,64469,64480,11
12.9880895615,80.2226791382,64480,64490,10
12.9886598587,80.2221984863,64490,64500,10
12.9892501831,80.2216491699,64500,64510,10
12.9898099899,80.2210998535,64510,64520,10
12.990480423,80.2204208374,64520,64540,20
12.990480423,80.2204208374,64540,64550,10
12.9906902313,80.2202072144,64550,64560,10
12.9909896851,80.2199630737,64560,64570,10
12.9913797379,80.2196731567,64570,64581,11
12.9915399551,80.2195663452,64581,64591,10
12.9918298721,80.2193374634,64591,64601,10
12.9922895432,80.2190093994,64601,64611,10
12.9928798676,80.2185592651,64611,64621,10
12.9935302734,80.2180480957,64621,64631,10
12.9941196442,80.2176513672,64631,64641,10
12.9946603775,80.2172775269,64641,64651,10
12.9951696396,80.2169265747,64651,64661,10
12.9957103729,80.2166671753,64661,64671,10
12.9963502884,80.216506958,64671,64681,10
12.9969997406,80.216468811,64681,64692,11
12.997590065,80.2161026001,64692,64722,30
12.997590065,80.2161026001,64722,64732,10
12.997759819,80.2159576416,64732,64742,10
12.9980697632,80.2156677246,64742,64752,10
12.998459816,80.2153320313,64752,64762,10
12.9989595413,80.2148971558,64762,64772,10
12.999250412,80.2146911621,64772,64782,10
12.9996099472,80.2144088745,64782,64793,11
13.0,80.2140579224,64793,64803,10
13.0003700256,80.2137069702,64803,64813,10
13.0007400513,80.2133407593,64813,64823,10
13.0009899139,80.2131500244,64823,64833,10
13.0013303757,80.2129135132,64833,64843,10
13.0017499924,80.2125930786,64843,64853,10
13.0022001266,80.2123184204,64853,64863,10
13.002699852,80.2121429443,64863,64873,10
13.0037097931,80.2119827271,64873,64904,31
13.0037097931,80.2119827271,64904,64914,10
13.0037603378,80.2116165161,64914,64924,10
13.0037097931,80.2111282349,64924,64934,10
13.0036497116,80.2107620239,64934,64944,10
13.0035896301,80.2104263306,64944,64954,10
13.0035200119,80.2099990845,64954,64964,10
13.0035200119,80.2095336914,64964,64974,10
13.0036201477,80.2090301514,64974,64984,10
13.0039701462,80.2086410522,64984,64994,10
13.0047101974,80.2089614868,64994,65004,10
13.0055599213,80.2093200684,65004,65015,11
13.0065202713,80.2096405029,65015,65025,10
13.0070199966,80.209777832,65025,65035,10
13.0071802139,80.2098007202,65035,65045,10
13.0074501038,80.2098617554,65045,65085,40
13.0074501038,80.2098617554,65085,65095,10
13.0077600479,80.2099533081,65095,65105,10
13.0080404282,80.2100067139,65105,65116,11
13.0081501007,80.2098236084,65116,65126,10
13.008020401,80.2093963623,65126,65136,10
13.0079097748,80.2088699341,65136,65146,10
13.0077896118,80.2080612183,65146,65156,10
13.0076599121,80.2071990967,65156,65166,10
13.0075302124,80.2063980103,65166,65176,10
13.0074596405,80.2056427002,65176,65186,10
13.0074596405,80.2050704956,65186,65196,10
13.0074796677,80.2046279907,65196,65206,10
13.0074901581,80.2043304443,65206,65216,10
13.0074596405,80.2038803101,65216,65227,11
13.0073404312,80.2031784058,65227,65237,10
13.006939888,80.2025985718,65237,65247,10
13.0065202713,80.2029724121,65247,65257,10
13.0068597794,80.2034225464,65257,65267,10
13.0073699951,80.2036437988,65267,65277,10
13.0080604553,80.2037506104,65277,65287,10
13.0089302063,80.2037124634,65287,65297,10
13.010020256,80.2036514282,65297,65307,10
13.0112199783,80.2037124634,65307,65316,9
13.012260437,80.2038574219,65316,65327,11
13.0126895905,80.2039489746,65327,65338,11
13.0129098892,80.2040100098,65338,65348,10
13.0131397247,80.2040634155,65348,65358,10
13.0135202408,80.2041702271,65358,65368,10
13.013999939,80.2043304443,65368,65378,10
13.0145196915,80.2044906616,65378,65388,10
13.0149097443,80.2046432495,65388,65408,20
13.0149097443,80.2046432495,65408,65418,10
13.015130043,80.2047424316,65418,65428,10
13.0155200958,80.2048721313,65428,65439,11
13.0159797668,80.205078125,65439,65449,10
13.0160903931,80.2051086426,65449,65459,10
13.016500473,80.2051391602,65459,65469,10
13.0165195465,80.2051391602,65469,65479,10
13.0168600082,80.2053070068,65479,65489,10
13.0172195435,80.2054824829,65489,65499,10
13.0178203583,80.2056884766,65499,65509,10
13.018529892,80.2059173584,65509,65539,30
13.018529892,80.2059173584,65539,65550,11
13.018910408,80.2060699463,65550,65560,10
13.0192203522,80.206161499,65560,65570,10
13.0197095871,80.2062606812,65570,65580,10
13.0205497742,80.2063064575,65580,65590,10
13.0214195251,80.2063064575,65590,65600,10
13.0221700668,80.2063293457,65600,65610,10
13.0228004456,80.206489563,65610,65620,10
13.0235204697,80.2065887451,65620,65630,10
13.0239200592,80.2066268921,65630,65640,10
13.0243597031,80.2066802979,65640,65681,41
13.0243597031,80.2066802979,65681,65691,10
13.0246496201,80.2067565918,65691,65701,10
13.0250902176,80.2068710327,65701,65711,10
13.0258102417,80.2071380615,65711,65721,10
13.0264797211,80.2075271606,65721,65731,10
13.0271997452,80.2079620361,65731,65741,10
13.0279598236,80.2083969116,65741,65751,10
13.0286502838,80.2086334229,65751,65762,11
13.0290603638,80.2087478638,65762,65772,10
13.0294599533,80.2088623047,65772,65782,10
13.0298500061,80.2089691162,65782,65792,10
13.0301399231,80.2090682983,65792,65802,10
13.0306196213,80.2092208862,65802,65812,10
13.0315198898,80.2094497681,65812,65842,30
13.0315198898,80.2094497681,65842,65852,10
13.031829834,80.2095718384,65852,65863,11
13.0322799683,80.2096481323,65863,65873,10
13.0328798294,80.2097320557,65873,65883,10
13.0337696075,80.2098770142,65883,65893,10
13.0346498489,80.2100524902,65893,65903,10
13.0351295471,80.2102890015,65903,65913,10
13.0350103378,80.2108383179,65913,65923,10
13.0349998474,80.2113800049,65923,65963,40
13.0349998474,80.2113800049,65963,65974,11
13.0349302292,80.2116165161,65974,65984,10
13.0348796844,80.212020874,65984,65994,10
13.0351200104,80.2122879028,65994,66004,10
13.0357103348,80.212310791,66004,66014,10
13.0363101959,80.2123336792,66014,66024,10
13.0366697311,80.2123336792,66024,66034,10
13.0370903015,80.2123336792,66034,66044,10
13.0375099182,80.2123413086,66044,66054,10
13.0380601883,80.212348938,66054,66064,10
13.0387096405,80.212310791,66064,66075,11
13.0395803452,80.2122802734,66075,66085,10
13.04047966,80.2122879028,66085,66095,10
13.0414199829,80.2122802734,66095,66105,10
13.0422201157,80.2123031616,66105,66115,10
13.0431003571,80.2122497559,66115,66145,30
13.0431003571,80.2122497559,66145,66155,10
13.0432901382,80.2122573853,66155,66165,10
13.0436496735,80.2122573853,66165,66175,10
13.0440502167,80.2122573853,66175,66186,11
13.0444002151,80.2122573853,66186,66196,10
13.0448703766,80.2122573853,66196,66206,10
13.0455198288,80.2122421265,66206,66216,10
13.046210289,80.2121963501,66216,66226,10
13.0468702316,80.2121582031,66226,66236,10
13.0474996567,80.212097168,66236,66246,10
13.0480203629,80.2120437622,66246,66256,10
13.048119545,80.2120437622,66256,66266,10
13.0484104156,80.2120285034,66266,66327,61
13.0484104156,80.2120285034,66327,66337,10
13.0486097336,80.212020874,66337,66347,10
13.0489597321,80.2119827271,66347,66357,10
13.0493602753,80.2119369507,66357,66367,10
13.0494499207,80.2119522095,66367,66377,10
13.0497598648,80.2119293213,66377,66387,10
13.050160408,80.2119293213,66387,66408,21
13.050160408,80.2119293213,66408,66418,10
13.0506601334,80.2120513916,66418,66428,10
13.0514602661,80.2120132446,66428,66438,10
13.0526599884,80.211807251,66438,66448,10
13.0538196564,80.2115325928,66448,66458,10
13.0543203354,80.2113876343,66458,66468,10
13.0543203354,80.2114028931,66468,66478,10
13.0545597076,80.2113876343,66478,66488,10
13.0549898148,80.2113876343,66488,66498,10
13.0556297302,80.21144104,66498,66519,21
13.05727005,80.2114181519,66519,66539,20
13.05727005,80.2114181519,66539,66549,10
13.0575895309,80.2114334106,66549,66559,10
13.0580196381,80.2114486694,66559,66569,10
13.0585699081,80.2114486694,66569,66579,10
13.0587396622,80.2114486694,66579,66589,10
13.0589399338,80.2114486694,66589,66598,9
13.0592699051,80.2114868164,66598,66609,11
13.0598802567,80.2115325928,66609,66620,11
13.0607795715,80.2115707397,66620,66630,10
13.0615797043,80.2115936279,66630,66640,10
13.0623397827,80.2115783691,66640,66650,10
13.0632600784,80.2115325928,66650,66680,30
13.0632600784,80.2115325928,66680,66690,10
13.0635595322,80.2115402222,66690,66700,10
13.0639801025,80.2115020752,66700,66710,10
13.0645799637,80.2113418579,66710,66721,11
13.0653295517,80.2109069824,66721,66731,10
13.065990448,80.2103805542,66731,66741,10
13.0667104721,80.209777832,66741,66751,10
13.0671796799,80.2091293335,66751,66761,10
13.0675296783,80.2084884644,66761,66771,10
13.0679702759,80.2077789307,66771,66781,10
13.068479538,80.20703125,66781,66791,10
13.0689401627,80.2062988281,66791,66801,10
13.0693397522,80.2056808472,66801,66811,10
13.0695400238,80.2052993774,66811,66822,11
13.0695495605,80.2052764893,66822,66832,10
13.0696401596,80.2051391602,66832,66842,10
13.0696001053,80.2049026489,66842,66852,10
13.0693502426,80.2048797607,66852,66862,10
13.0691900253,80.2051696777,66862,66872,10
13.0689601898,80.2054367065,66872,66882,10
13.0689001083,80.2054367065,66882,66892,10
13.0687398911,80.2050018311,66892,66953,61
13.0687398911,80.2050018311,66953,66963,10
13.0687799454,80.2048187256,66963,66973,10
13.0690097809,80.2046813965,66973,66983,10
13.0694103241,80.2047424316,66983,66993,10
13.0697002411,80.2048187256,66993,67003,10
13.0700702667,80.2046127319,67003,67013,10
13.0704603195,80.2041320801,67013,67023,10
13.070980072,80.2034988403,67023,67032,9
13.0717401505,80.2025527954,67032,67054,22
13.0717401505,80.2025527954,67054,67064,10
13.0718402863,80.2024230957,67064,67074,10
13.0720996857,80.2021331787,67074,67084,10
13.0723695755,80.2018585205,67084,67094,10
13.072719574,80.2014389038,67094,67104,10
13.0730495453,80.2010803223,67104,67114,10
13.0733499527,80.2007522583,67114,67124,10
13.0736904144,80.2003479004,67124,67134,10
13.0740604401,80.1999206543,67134,67145,11
13.0743198395,80.1996078491,67145,67155,10
13.0746002197,80.1993484497,67155,67175,20
13.0746002197,80.1993484497,67175,67185,10
13.0746803284,80.1993179321,67185,67195,10
13.0749902725,80.1991882324,67195,67205,10
13.0754995346,80.1990966797,67205,67215,10
13.0761804581,80.1990814209,67215,67225,10
13.0769100189,80.1990432739,67225,67235,10
13.0776500702,80.1989593506,67235,67245,10
13.0784101486,80.1988601685,67245,67256,11
13.0789604187,80.1987991333,67256,67266,10
13.0791501999,80.1987762451,67266,67276,10
13.0794801712,80.1987609863,67276,67286,10
13.0800104141,80.1987075806,67286,67296,10
13.0806903839,80.1986465454,67296,67306,10
13.0815000534,80.1986236572,67306,67316,10
13.0822496414,80.1985626221,67316,67326,10
13.0827503204,80.1985397339,67326,67336,10
13.0830802917,80.1985397339,67336,67345,9
13.0832595825,80.1985473633,67345,67357,12
13.0834503174,80.1985626221,67357,67367,10
13.0836296082,80.1985626221,67367,67377,10
13.0836400986,80.1985473633,67377,67387,10
13.0839595795,80.1985626221,67387,67397,10
13.0841999054,80.1985702515,67397,67407,10
13.084230423,80.1985702515,67407,67417,10
13.084400177,80.1985931396,67417,67427,10
13.0846796036,80.1986083984,67427,67437,10
13.0850000381,80.1985397339,67437,67447,10
13.0853004456,80.1984863281,67447,67457,10
13.0855703354,80.1984710693,67457,67468,11
13.0859603882,80.1984405518,67468,67478,10
13.086350441,80.1984481812,67478,67488,10
13.0867004395,80.1984634399,67488,67498,10
13.0869598389,80.1984634399,67498,67508,10
13.087100029,80.1982803345,67508,67518,10
13.0871200562,80.1979598999,67518,67538,20
13.0871200562,80.1979598999,67538,67548,10
13.0871801376,80.1976470947,67548,67558,10
13.0871801376,80.1971511841,67558,67568,10
13.0871896744,80.1964416504,67568,67579,11
13.0872001648,80.1957168579,67579,67589,10
13.087220192,80.1951370239,67589,67599,10
13.087220192,80.1943588257,67599,67609,10
13.0872297287,80.1934967041,67609,67619,10
13.087220192,80.1930465698,67619,67680,61
13.087220192,80.1930465698,67680,67690,10
13.087220192,80.1929092407,67690,67700,10
13.087269783,80.1926269531,67700,67710,10
13.0873003006,80.1922225952,67710,67720,10
13.0873603821,80.1917190552,67720,67730,10
13.0874500275,80.191116333,67730,67740,10
13.0875797272,80.1903381348,67740,67750,10
13.0876598358,80.1895370483,67750,67760,10
13.0876703262,80.1891021729,67760,67791,31
13.0876703262,80.1891021729,67791,67801,10
13.0876998901,80.1887283325,67801,67811,10
13.0877199173,80.1884689331,67811,67821,10
13.0877199173,80.1882019043,67821,67831,10
13.0877199173,80.1878814697,67831,67841,10
13.0877399445,80.1873321533,67841,67851,10
13.0878000259,80.1865997314,67851,67861,10
13.0878000259,80.1859664917,67861,67871,10
13.0878000259,80.1855773926,67871,67881,10
13.0878295898,80.1854400635,67881,67892,11
13.0878400803,80.1850280762,67892,67902,10
13.087849617,80.184463501,67902,67912,10
13.0878896713,80.1836929321,67912,67922,10
13.0879201889,80.1829223633,67922,67932,10
13.0879898071,80.1821289063,67932,67942,10
13.0880403519,80.1812820435,67942,67952,10
13.0880699158,80.1803894043,67952,67962,10
13.0880498886,80.1797180176,67962,68023,61
13.0880498886,80.1797180176,68023,68033,10
13.0881004333,80.1794433594,68033,68043,10
13.0880403519,80.1789932251,68043,68063,20
13.0880403519,80.1789932251,68063,68073,10
13.0880699158,80.1787109375,68073,68083,10
13.0880699158,80.1782608032,68083,68092,9
13.0880699158,80.1778182983,68092,68104,12
13.0881004333,80.1770782471,68104,68114,10
13.0881595612,80.1762695313,68114,68124,10
13.0882196426,80.1753692627,68124,68134,10
13.0882797241,80.1745529175,68134,68144,10
13.088350296,80.173866272,68144,68154,10
13.0883998871,80.1733322144,68154,68164,10
13.0883998871,80.1731033325,68164,68174,10
13.0884304047,80.1725997925,68174,68184,10
13.0884599686,80.1718902588,68184,68204,20
13.0884599686,80.1718902588,68204,68215,11
13.0885000229,80.17162323,68215,68225,10
13.0885000229,80.1713180542,68225,68235,10
13.0885095596,80.1709136963,68235,68245,10
13.0885295868,80.1706771851,68245,68255,10
13.0885696411,80.1705474854,68255,68265,10
13.0885896683,80.1701812744,68265,68275,10
13.0886297226,80.1696395874,68275,68285,10
13.088760376,80.1695175171,68285,68295,10
13.0888996124,80.1695327759,68295,68305,10
13.0893001556,80.1695632935,68305,68316,11
13.0900201797,80.169631958,68316,68326,10
13.0908498764,80.1696929932,68326,68336,10
13.0916004181,80.1697463989,68336,68346,10
13.0923299789,80.1697769165,68346,68356,10
13.0931396484,80.1698379517,68356,68366,10
13.0939502716,80.1698684692,68366,68376,10
13.0945901871,80.1698989868,68376,68386,10
13.0948495865,80.169921875,68386,68396,10
13.0950698853,80.1699371338,68396,68406,10
13.0954999924,80.1699981689,68406,68416,10
13.0961399078,80.1700210571,68416,68427,11
13.0970001221,80.1700820923,68427,68437,10
13.0977697372,80.1701126099,68437,68447,10
13.0983295441,80.1701507568,68447,68457,10
13.0989999771,80.1701812744,68457,68467,10
13.0993499756,80.1701889038,68467,68477,10
13.0994701385,80.1700820923,68477,68487,10
13.0994300842,80.1698684692,68487,68497,10
13.0993099213,80.1698532104,68497,68507,10
13.0992898941,80.1700515747,68507,68568,61
13.0993299484,80.170211792,68568,69163,595
13.0993299484,80.170211792,69163,69173,10
13.0992202759,80.1703186035,69173,69184,11
13.0989904404,80.1703186035,69184,69194,10
13.0985498428,80.1702575684,69194,69204,10
13.0980796814,80.1701965332,69204,69214,10
13.0975904465,80.1701507568,69214,69224,10
13.0971002579,80.1700973511,69224,69234,10
13.0964202881,80.1700592041,69234,69244,10
13.0959196091,80.1700973511,69244,69254,10
13.0950098038,80.1700363159,69254,69285,31
13.0950098038,80.1700363159,69285,69295,10
13.094619751,80.1699371338,69295,69305,10
13.0943603516,80.169921875,69305,69315,10
13.0940599442,80.1698913574,69315,69325,10
13.0936698914,80.1698608398,69325,69335,10
13.0932598114,80.1698608398,69335,69345,10
13.0927696228,80.169883728,69345,69355,10
13.0921297073,80.1698226929,69355,69365,10
13.0914897919,80.1697692871,69365,69375,10
13.0908298492,80.1697006226,69375,69385,10
13.090180397,80.169670105,69385,69396,11
13.0894804001,80.1696166992,69396,69406,10
13.0889196396,80.1696090698,69406,69456,50
13.0889196396,80.1696090698,69456,69466,10
13.0886001587,80.1697311401,69466,69476,10
13.0886001587,80.1700973511,69476,69486,10
13.0885896683,80.1706008911,69486,69496,10
13.0885801315,80.1709976196,69496,69507,11
13.0885696411,80.171257019,69507,69517,10
13.0885601044,80.1720199585,69517,69547,30
13.0885601044,80.1720199585,69547,69557,10
13.0885400772,80.1723098755,69557,69567,10
13.08852005,80.1726989746,69567,69577,10
13.0884895325,80.173210144,69577,69587,10
13.088470459,80.1736907959,69587,69597,10
13.0884504318,80.1743011475,69597,69608,11
13.0883998871,80.174987793,69608,69618,10
13.0883598328,80.1756668091,69618,69628,10
13.0883102417,80.1764907837,69628,69638,10
13.0882701874,80.1771774292,69638,69648,10
13.088259697,80.1776275635,69648,69658,10
13.0882501602,80.1786804199,69658,69688,30
13.0882501602,80.1786804199,69688,69698,10
13.0882101059,80.1788330078,69698,69708,10
13.0882196426,80.1791610718,69708,69749,41
13.0882196426,80.1791610718,69749,69759,10
13.0882196426,80.1795120239,69759,69769,10
13.0882101059,80.1798782349,69769,69779,10
13.0881900787,80.1804580688,69779,69789,10
13.0881795883,80.1811904907,69789,69799,10
13.0881595612,80.1819763184,69799,69809,10
13.0881299973,80.182472229,69809,69820,11
13.0881099701,80.1828918457,69820,69830,10
13.0880804062,80.1835174561,69830,69840,10
13.0880498886,80.1842803955,69840,69850,10
13.0880298615,80.1849517822,69850,69860,10
13.0880203247,80.1853179932,69860,69870,10
13.0879802704,80.1856918335,69870,69880,10
13.0879602432,80.1862411499,69880,69890,10
13.0879201889,80.186920166,69890,69900,10
13.0879001617,80.1876373291,69900,69910,10
13.0878801346,80.1882476807,69910,69919,9
13.0878601074,80.1888504028,69919,69931,12
13.0878295898,80.1895065308,69931,69941,10
13.0877799988,80.1899795532,69941,69961,20
13.0877799988,80.1899795532,69961,69971,10
13.0876998901,80.1901321411,69971,69981,10
13.0876598358,80.1904983521,69981,69991,10
13.0875902176,80.191116333,69991,70001,10
13.0875101089,80.1918792725,70001,70011,10
13.0874300003,80.192489624,70011,70021,10
13.0873804092,80.192817688,70021,70032,11
13.0873603821,80.193321228,70032,70042,10
13.0873403549,80.1939620972,70042,70052,10
13.0873203278,80.1946868896,70052,70062,10
13.0873003006,80.1952514648,70062,70072,10
13.0872802734,80.1959075928,70072,70082,10
13.0872602463,80.1966934204,70082,70092,10
13.087220192,80.1979064941,70092,70112,20
13.087220192,80.1979064941,70112,70121,9
13.0872001648,80.1981506348,70121,70132,11
13.0872898102,80.1985015869,70132,70143,11
13.087439537,80.1985778809,70143,70153,10
13.0877504349,80.1985321045,70153,70163,10
13.088259697,80.1984710693,70163,70173,10
13.0885896683,80.1984710693,70173,70183,10
13.0888500214,80.1984863281,70183,70193,10
13.0890903473,80.1985092163,70193,70203,10
13.0894098282,80.1985321045,70203,70213,10
13.0898599625,80.1985473633,70213,70223,10
13.0904197693,80.1986083984,70223,70233,10
13.0909404755,80.1986618042,70233,70243,10
13.0915002823,80.1986999512,70243,70254,11
13.0922698975,80.1987304688,70254,70264,10
13.0928897858,80.1987533569,70264,70274,10
13.093000412,80.1989974976,70274,70284,10
13.0929498672,80.1995162964,70284,70294,10
13.0929298401,80.2001724243,70294,70304,10
13.0928897858,80.2007064819,70304,70314,10
13.0926599503,80.2006835938,70314,70324,10
13.0922498703,80.200592041,70324,70334,10
13.0915498734,80.2006225586,70334,70344,10
13.0908002853,80.2005233765,70344,70355,11
13.0899000168,80.2004699707,70355,70365,10
13.0890703201,80.2004623413,70365,70375,10
13.088350296,80.2004776001,70375,70385,10
13.0875797272,80.2004089355,70385,70395,10
13.0873403549,80.2004165649,70395,70405,10
13.086979866,80.2004089355,70405,70415,10
13.0865802765,80.2003707886,70415,70425,10
13.0861301422,80.2003707886,70425,70435,10
13.0856399536,80.2004013062,70435,70454,19
13.0856399536,80.2004013062,70454,70466,12
13.0852804184,80.2002563477,70466,70476,10
13.0852899551,80.2000198364,70476,70486,10
13.0853004456,80.1996078491,70486,70496,10
13.0852603912,80.1990509033,70496,70506,10
13.085149765,80.1987609863,70506,70516,10
13.0848302841,80.1987228394,70516,70526,10
13.0843200684,80.1987228394,70526,70536,10
13.084230423,80.1986999512,70536,70546,10
13.0840301514,80.198677063,70546,70556,10
13.0837402344,80.1987228394,70556,70567,11
13.0833101273,80.1986999512,70567,70577,10
13.0832195282,80.1986999512,70577,70587,10
13.0830402374,80.1986923218,70587,70597,10
13.0827302933,80.1986999512,70597,70607,10
13.082280159,80.1987228394,70607,70617,10
13.0819797516,80.1987380981,70617,70627,10
13.081580162,80.1987533569,70627,70637,10
13.0811901093,80.1987228394,70637,70647,10
13.0806303024,80.1987304688,70647,70657,10
13.0798902512,80.1987915039,70657,70667,10
13.079079628,80.1988525391,70667,70678,11
13.0783004761,80.1989517212,70678,70688,10
13.0774297714,80.1990432739,70688,70698,10
13.0765104294,80.1991424561,70698,70708,10
13.0755796432,80.199256897,70708,70718,10
13.074669838,80.1995773315,70718,70728,10
13.0740203857,80.200088501,70728,70738,10
13.0737104416,80.2004699707,70738,70758,20
13.0737104416,80.2004699707,70758,70768,10
13.0735502243,80.2006835938,70768,70778,10
13.0733003616,80.200958252,70778,70789,11
13.0730495453,80.2012710571,70789,70799,10
13.0728197098,80.2015304565,70799,70809,10
13.0727596283,80.2015991211,70809,70819,10
13.0726203918,80.2017669678,70819,70829,10
13.0724401474,80.2020111084,70829,70839,10
13.0722398758,80.2022399902,70839,70849,10
13.0719003677,80.202583313,70849,70859,10
13.071439743,80.2031097412,70859,70869,10
13.0708904266,80.2037506104,70869,70879,10
13.0703802109,80.2043685913,70879,70890,11
13.0699701309,80.2049179077,70890,70970,80
13.0699701309,80.2049179077,70970,70980,10
13.0697898865,80.2050704956,70980,70991,11
13.0695495605,80.2049407959,70991,71001,10
13.0692501068,80.2049407959,71001,71011,10
13.0689697266,80.2053375244,71011,71021,10
13.0684995651,80.2055206299,71021,71031,10
13.0680503845,80.2054901123,71031,71041,10
13.0679101944,80.2052230835,71041,71071,30
13.0679101944,80.2052230835,71071,71081,10
13.0679597855,80.2050704956,71081,71091,10
13.0682201385,80.2049713135,71091,71102,11
13.068570137,80.204826355,71102,71192,90
13.0689401627,80.2047576904,71192,71213,21
13.0689401627,80.2047576904,71213,71223,10
13.0692996979,80.2048034668,71223,71233,10
13.0695695877,80.2048492432,71233,71243,10
13.0697698593,80.2049713135,71243,71273,30
13.0697698593,80.2049713135,71273,71283,10
13.0698404312,80.2050704956,71283,71293,10
13.0698299408,80.205329895,71293,71303,10
13.0695495605,80.2057113647,71303,71314,11
13.0691404343,80.2063522339,71314,71324,10
13.0686798096,80.207069397,71324,71334,10
13.0682001114,80.207862854,71334,71344,10
13.0676898956,80.2086486816,71344,71354,10
13.067199707,80.2094192505,71354,71364,10
13.0665302277,80.2101821899,71364,71374,10
13.0657396317,80.2108535767,71374,71384,10
13.0651798248,80.2113189697,71384,71404,20
13.0651798248,80.2113189697,71404,71414,10
13.0648899078,80.21144104,71414,71425,11
13.0643501282,80.2116622925,71425,71435,10
13.063659668,80.2118225098,71435,71445,10
13.0629997253,80.2118301392,71445,71455,10
13.0623102188,80.2117767334,71455,71465,10
13.0617704391,80.2117080688,71465,71475,10
13.0604896545,80.211730957,71475,71485,10
13.0594701767,80.2116470337,71485,71495,10
13.0586099625,80.2116165161,71495,71505,10
13.0579996109,80.2115936279,71505,71515,10
13.0575399399,80.2116394043,71515,71526,11
13.0574197769,80.2116394043,71526,71536,10
13.057100296,80.2116470337,71536,71546,10
13.0566301346,80.2116470337,71546,71556,10
13.0559101105,80.2116165161,71556,71566,10
13.0551300049,80.2116317749,71566,71576,10
13.0546798706,80.2116317749,71576,71586,10
13.054309845,80.2116775513,71586,71596,10
13.0537500381,80.2117767334,71596,71606,10
13.0530900955,80.2119522095,71606,71616,10
13.052359581,80.2121276855,71616,71625,9
13.0519895554,80.2121963501,71625,71637,12
13.051609993,80.2122573853,71637,71647,10
13.0511598587,80.2122268677,71647,71657,10
13.0503702164,80.212272644,71657,71687,30
13.0503702164,80.212272644,71687,71697,10
13.0500202179,80.2122192383,71697,71707,10
13.0498399734,80.2122268677,71707,71717,10
13.0494298935,80.2122573853,71717,71737,20
13.0494298935,80.2122573853,71737,71748,11
13.0490598679,80.2122421265,71748,71788,40
13.0490598679,80.2122421265,71788,71798,10
13.0485801697,80.2122573853,71798,71808,10
13.0482301712,80.2123031616,71808,71818,10
13.0478401184,80.2123184204,71818,71828,10
13.0474500656,80.2123718262,71828,71837,9
13.0472803116,80.2123718262,71837,71849,12
13.0469102859,80.2123794556,71849,71859,10
13.0466098785,80.212387085,71859,71869,10
13.0461997986,80.2124023438,71869,71879,10
13.0458898544,80.2124176025,71879,71889,10
13.0454797745,80.2124404907,71889,72161,272
13.0454797745,80.2124404907,72161,72172,11
13.0451202393,80.2124633789,72172,72182,10
13.0450897217,80.2124633789,72182,72192,10
13.0447101593,80.2125091553,72192,72202,10
13.0443000793,80.2124862671,72202,72212,10
13.0437202454,80.2124481201,72212,72222,10
13.042889595,80.2124176025,72222,72232,10
13.0421304703,80.2124176025,72232,72242,10
13.0412597656,80.2124404907,72242,72252,10
13.0402297974,80.2124404907,72252,72262,10
13.0391302109,80.2124481201,72262,72272,10
13.0382204056,80.2124481201,72272,72283,11
13.0375499725,80.2124404907,72283,72293,10
13.0371904373,80.2124099731,72293,72303,10
13.0367298126,80.2124023438,72303,72313,10
13.0362195969,80.2124023438,72313,72323,10
13.0359296799,80.212387085,72323,72333,10
13.0357503891,80.2124023438,72333,72343,10
13.0354700089,80.2124023438,72343,72353,10
13.0352602005,80.2123565674,72353,72363,10
13.0351495743,80.2123336792,72363,72373,10
13.034740448,80.212272644,72373,72384,11
13.0345001221,80.2122192383,72384,72394,10
13.0341596603,80.2121810913,72394,72424,30
13.0341596603,80.2121810913,72424,72434,10
13.0337696075,80.2121124268,72434,72444,10
13.0335798264,80.2120285034,72444,72454,10
13.0331897736,80.2119674683,72454,72464,10
13.0326004028,80.2118835449,72464,72474,10
13.0320301056,80.2117080688,72474,72484,10
13.0320301056,80.2110977173,72484,72495,11
13.0320596695,80.2101974487,72495,72505,10
13.0320301056,80.2097930908,72505,72515,10
13.0316696167,80.2096328735,72515,72525,10
13.0311803818,80.2094802856,72525,72535,10
13.0304403305,80.2092971802,72535,72565,30
13.0304403305,80.2092971802,72565,72575,10
13.0300102234,80.2091369629,72575,72585,10
13.0296401978,80.2090377808,72585,72596,11
13.0295095444,80.2089996338,72596,72606,10
13.0293197632,80.2089233398,72606,72616,10
13.0288095474,80.2088012695,72616,72626,10
13.0280599594,80.2086029053,72626,72636,10
13.0273303986,80.2082519531,72636,72646,10
13.0265903473,80.2078018188,72646,72656,10
13.0257196426,80.2072982788,72656,72666,10
13.024769783,80.2070465088,72666,72676,10
13.0242300034,80.2069778442,72676,72685,9
13.0242099762,80.2069778442,72685,72697,12
13.0238704681,80.2068862915,72697,72707,10
13.0234498978,80.2067565918,72707,72717,10
13.0228099823,80.2065963745,72717,72727,10
13.0219497681,80.20652771,72727,72737,10
13.0211400986,80.2065200806,72737,72747,10
13.0201702118,80.2065429688,72747,72757,10
13.0190496445,80.206413269,72757,72777,20
13.0190496445,80.206413269,72777,72787,10
13.0187196732,80.2062835693,72787,72796,9
13.0180501938,80.2060928345,72796,72818,22
13.0180501938,80.2060928345,72818,72828,10
13.0175800323,80.2058868408,72828,72838,10
13.0171699524,80.2057495117,72838,72848,10
13.0165700912,80.205406189,72848,72858,10
13.0155897141,80.2050704956,72858,72868,10
13.0146598816,80.2047805786,72868,72878,10
13.0139398575,80.2045516968,72878,72888,10
13.0135402679,80.2045211792,72888,72898,10
13.0134897232,80.2046737671,72898,72908,10
13.0134401321,80.2048110962,72908,72919,11
13.0133495331,80.2052383423,72919,72929,10
13.0132303238,80.2057800293,72929,72939,10
13.0130996704,80.2063674927,72939,72949,10
13.013010025,80.2070007324,72949,72959,10
13.0129299164,80.207649231,72959,72969,10
13.0128698349,80.2080307007,72969,72979,10
13.0128297806,80.2085189819,72979,72989,10
13.0128297806,80.2088088989,72989,72999,10
13.0128698349,80.2092285156,72999,73009,10
13.0131101608,80.2096328735,73009,73020,11
13.0131397247,80.2101135254,73020,73030,10
13.0130500793,80.2107162476,73030,73040,10
13.0129699707,80.2109680176,73040,73050,10
13.0127801895,80.2114181519,73050,73060,10
13.0125198364,80.2119216919,73060,73070,10
13.011879921,80.212890625,73070,73100,30
13.011879921,80.212890625,73100,73110,10
13.0115995407,80.2128372192,73110,73120,10
13.0113601685,80.2125778198,73120,73131,11
13.0108098984,80.2121887207,73131,73141,10
13.0103998184,80.2119293213,73141,73151,10
13.0100498199,80.2116317749,73151,73161,10
13.0096702576,80.2113189697,73161,73211,50
13.0094203949,80.2110671997,73211,73242,31
13.0094203949,80.2110671997,73242,73252,10
13.0091896057,80.2112426758,73252,73262,10
13.0090398788,80.2114486694,73262,73272,10
13.0089702606,80.2116394043,73272,73282,10
13.0090703964,80.2120513916,73282,73292,10
13.0092496872,80.2125701904,73292,73302,10
13.009469986,80.2131729126,73302,73312,10
13.0096702576,80.2136993408,73312,73322,10
13.0098400116,80.2141418457,73322,73331,9
13.0100097656,80.2145462036,73331,73343,12
13.0101299286,80.2153091431,73343,73353,10
13.0102100372,80.2157669067,73353,73363,10
13.0104703903,80.2163772583,73363,73373,10
13.0108699799,80.2172317505,73373,73383,10
13.0113201141,80.2182998657,73383,73393,10
13.0117301941,80.2195510864,73393,73403,10
13.0120401382,80.2207107544,73403,73413,10
13.0123500824,80.2216262817,73413,73423,10
13.0128202438,80.2223205566,73423,73433,10
13.0134296417,80.2230224609,73433,73444,11
13.0139503479,80.2237091064,73444,73454,10
13.0149898529,80.2248001099,73454,73474,20
13.0149898529,80.2248001099,73474,73484,10
13.0151700974,80.2250595093,73484,73494,10
13.0153799057,80.2255020142,73494,73504,10
13.0150899887,80.2258987427,73504,73514,10
13.0148696899,80.2259597778,73514,73524,10
13.0147104263,80.2260437012,73524,73534,10
13.0143203735,80.2261962891,73534,73544,10
13.0136804581,80.2264633179,73544,73555,11
13.0127897263,80.2268218994,73555,73565,10
13.0119199753,80.227180481,73565,73575,10
13.01101017,80.2275390625,73575,73585,10
13.0101804733,80.2278594971,73585,73595,10
13.0095996857,80.2279586792,73595,73605,10
13.0095300674,80.2274932861,73605,73615,10
13.0097503662,80.2269363403,73615,73625,10
13.0100898743,80.2261428833,73625,73635,10
13.0103597641,80.2254486084,73635,73645,10
13.0106401443,80.2248382568,73645,73655,10
13.0109500885,80.2240982056,73655,73676,21
13.0109500885,80.2240982056,73676,73686,10
13.0110998154,80.2238311768,73686,73696,10
13.011179924,80.2235794067,73696,73706,10
13.0112495422,80.2233200073,73706,73716,10
13.0110397339,80.2231063843,73716,73726,10
13.0107698441,80.2228927612,73726,73736,10
13.0104703903,80.2227630615,73736,73745,9
13.0100498199,80.2225570679,73745,73756,11
13.0093402863,80.2221984863,73756,73767,11
13.0085296631,80.2217788696,73767,73777,10
13.0077600479,80.2213973999,73777,73787,10
13.0069198608,80.2209625244,73787,73797,10
13.006070137,80.220703125,73797,73807,10
13.0051498413,80.2204818726,73807,73817,10
13.0046195984,80.2203369141,73817,73827,10
13.0038204193,80.2201538086,73827,73837,10
13.0031003952,80.2199325562,73837,73847,10
13.0023803711,80.2194290161,73847,73857,10
13.0019102097,80.2191162109,73857,73867,10
13.0014801025,80.2187576294,73867,73878,11
13.0010204315,80.2183303833,73878,73888,10
13.0004701614,80.2179412842,73888,73898,10
12.9999704361,80.2175674438,73898,73908,10
12.9993000031,80.2172317505,73908,73918,10
12.9983596802,80.2168807983,73918,73928,10
12.9976997375,80.2167282104,73928,73938,10
12.9976797104,80.2167205811,73938,73948,10
12.9974002838,80.2166137695,73948,73958,10
12.9969501495,80.2166366577,73958,73968,10
12.9964399338,80.2167205811,73968,73979,11
12.9957504272,80.2169265747,73979,73989,10
12.9951601028,80.2171325684,73989,73999,10
12.9950704575,80.2171630859,73999,74009,10
12.9947900772,80.2173309326,74009,74019,10
12.9944200516,80.2176437378,74019,74029,10
12.9939603806,80.2179718018,74029,74039,10
12.993470192,80.2183074951,74039,74049,10
12.9928798676,80.2187423706,74049,74059,10
12.9923095703,80.2191619873,74059,74069,10
12.9916296005,80.2196121216,74069,74079,10
12.9913101196,80.2196884155,74079,74090,11
12.9908399582,80.2194900513,74090,74100,10
12.990070343,80.2192230225,74100,74110,10
12.9891395569,80.2188873291,74110,74120,10
12.9882297516,80.2185974121,74120,74130,10
12.9875402451,80.2184829712,74130,74140,10
12.9869203568,80.2183609009,74140,74150,10
12.986700058,80.2183227539,74150,74160,10
12.986530304,80.2182693481,74160,74170,10
12.9860401154,80.2181472778,74170,74180,10
12.9852199554,80.2180175781,74180,74191,11
12.9844303131,80.2180404663,74191,74201,10
12.9839601517,80.2180633545,74201,74211,10
12.9839296341,80.2180633545,74211,74221,10
12.9836502075,80.2180633545,74221,74231,10
12.9831399918,80.2180633545,74231,74241,10
12.982460022,80.2180633545,74241,74251,10
12.9817895889,80.2181091309,74251,74261,10
12.9809398651,80.2182922363,74261,74271,10
12.9801797867,80.2185592651,74271,74281,10
12.9797801971,80.2186889648,74281,74291,10
12.9791498184,80.218963623,74291,74302,11
12.9785900116,80.2191619873,74302,74312,10
12.9780101776,80.2193832397,74312,74322,10
12.9771995544,80.2197113037,74322,74332,10
12.9763402939,80.2200927734,74332,74342,10
12.9756498337,80.2204284668,74342,74443,101
12.9756498337,80.2204284668,74443,74453,10
12.9754104614,80.2207336426,74453,74483,30
12.9754104614,80.2207336426,74483,74493,10
12.9757204056,80.2210083008,74493,74564,71
12.9760103226,80.2212524414,74564,75917,1353
12.9760103226,80.2212524414,75917,75927,10
12.9763698578,80.2212524414,75927,75947,20
12.9763698578,80.2212524414,75947,75957,10
12.9767904282,80.221206665,75957,75967,10
12.9771795273,80.2212219238,75967,75977,10
12.977640152,80.2211990356,75977,75987,10
12.9780502319,80.2211685181,75987,75997,10
12.9784603119,80.2211532593,75997,76007,10
12.9788503647,80.2211227417,76007,76018,11
12.9792900085,80.2210769653,76018,76028,10
12.9797296524,80.2210693359,76028,76038,10
12.9801702499,80.2210235596,76038,76048,10
12.9806203842,80.2209701538,76048,76058,10
12.9811496735,80.2210464478,76058,76068,10
12.9817199707,80.2214202881,76068,76078,10
12.9822301865,80.2217025757,76078,76088,10
12.9829397202,80.2219467163,76088,76108,20
12.9831695557,80.2221069336,76108,76129,21
12.9831695557,80.2221069336,76129,76139,10
12.9834699631,80.222328186,76139,76149,10
12.9836397171,80.222442627,76149,76159,10
12.9839296341,80.2226104736,76159,76169,10
12.9842395782,80.2228088379,76169,76179,10
12.9846601486,80.2230377197,76179,76189,10
12.9851503372,80.2232437134,76189,76199,10
12.98554039,80.2230606079,76199,76209,10
12.9860296249,80.2229690552,76209,76218,9
12.9864501953,80.2229614258,76218,76230,12
12.9864797592,80.2229614258,76230,76240,10
12.986579895,80.2229614258,76240,76250,10
12.9868097305,80.2229766846,76250,76260,10
12.9871196747,80.2230377197,76260,76270,10
12.9876003265,80.2230606079,76270,76280,10
12.9881401062,80.2227935791,76280,76290,10
12.9885196686,80.2224807739,76290,76300,10
12.9888401031,80.2221221924,76300,76310,10
12.9892501831,80.2215576172,76310,76320,10
12.9895296097,80.2211532593,76320,76331,11
12.9904203415,80.2203216553,76331,76351,20
12.9904203415,80.2203216553,76351,76361,10
12.9906797409,80.220161438,76361,76371,10
12.9909000397,80.2199630737,76371,76381,10
12.9910297394,80.219871521,76381,76391,10
12.9913396835,80.2196884155,76391,76401,10
12.9916000366,80.2194824219,76401,76411,10
12.9919595718,80.2191619873,76411,76421,10
12.992480278,80.2187805176,76421,76430,9
12.9929800034,80.218421936,76430,76442,12
12.9936199188,80.2180023193,76442,76452,10
12.9940395355,80.2177200317,76452,76462,10
12.9944095612,80.2174606323,76462,76472,10
12.9948997498,80.2170791626,76472,76482,10
12.9955396652,80.2167434692,76482,76492,10
12.9962396622,80.2165298462,76492,76502,10
12.9969701767,80.2164764404,76502,76512,10
12.9974498749,80.2161712646,76512,76532,20
12.9974498749,80.2161712646,76532,76542,10
12.9976902008,80.2159118652,76542,76552,10
12.998000145,80.2155609131,76552,76563,11
12.9984798431,80.2151565552,76563,76573,10
12.9989595413,80.2147674561,76573,76583,10
12.9991703033,80.21459198,76583,76593,10
12.9995803833,80.2142791748,76593,76603,10
12.9998903275,80.214012146,76603,76613,10
13.0003004074,80.2136688232,76613,76623,10
13.0006999969,80.2133178711,76623,76633,10
13.0012197495,80.2129135132,76633,76643,10
13.0017204285,80.212562561,76643,76654,11
13.0022096634,80.2122573853,76654,76664,10
13.0027303696,80.212097168,76664,76674,10
13.0031700134,80.2120437622,76674,76683,9
13.0035896301,80.2119598389,76683,76694,11
13.0036201477,80.2119369507,76694,76704,10
13.0037097931,80.211769104,76704,76714,10
13.0037002563,80.2113494873,76714,76724,10
13.0036401749,80.2108535767,76724,76734,10
13.0035800934,80.2104797363,76734,76744,10
13.0035295486,80.2101593018,76744,76754,10
13.0034799576,80.2097396851,76754,76765,11
13.0035495758,80.2091674805,76765,76775,10
13.0037498474,80.2086486816,76775,76785,10
13.0043497086,80.2087783813,76785,76795,10
13.0051498413,80.2091522217,76795,76805,10
13.0059404373,80.2094573975,76805,76815,10
13.006480217,80.2096176147,76815,76825,10
13.0070104599,80.2097396851,76825,76835,10
13.0073299408,80.209777832,76835,76866,31
13.0073299408,80.209777832,76866,76876,10
13.0076398849,80.2098770142,76876,76886,10
13.0079698563,80.2099533081,76886,76896,10
13.0081100464,80.2098770142,76896,76906,10
13.0080099106,80.2095108032,76906,76916,10
13.0079202652,80.2089996338,76916,76926,10
13.0078001022,80.2082366943,76926,76936,10
13.0076599121,80.2073974609,76936,76946,10
13.007519722,80.2065200806,76946,76956,10
13.0074100494,80.2055892944,76956,76966,10
13.0074300766,80.2048110962,76966,76977,11
13.0074396133,80.2042312622,76977,76987,10
13.0074195862,80.2037582397,76987,76997,10
13.0072898865,80.2030334473,76997,77007,10
13.0067901611,80.2025680542,77007,77017,10
13.006480217,80.2029571533,77017,77027,10
13.006649971,80.2033004761,77027,77037,10
13.0069303513,80.2034683228,77037,77047,10
13.0073604584,80.2036437988,77047,77057,10
13.0079202652,80.2037124634,77057,77067,10
13.008649826,80.2036819458,77067,77077,10
13.0094995499,80.2036132813,77077,77088,11
13.0106601715,80.2036132813,77088,77098,10
13.0118198395,80.2037277222,77098,77108,10
13.0128498077,80.2039031982,77108,77118,10
13.0136804581,80.2041702271,77118,77128,10
13.0148897171,80.2045593262,77128,77148,20
13.0148897171,80.2045593262,77148,77158,10
13.0151596069,80.2045898438,77158,77168,10
13.0154495239,80.2047576904,77168,77178,10
13.0158100128,80.2048568726,77178,77189,11
13.0168304443,80.2051010132,77189,77199,10
13.0175895691,80.2054290771,77199,77209,10
13.0176897049,80.2054672241,77209,77219,10
13.0178804398,80.205619812,77219,77229,10
13.0186595917,80.2058868408,77229,77249,20
13.0186595917,80.2058868408,77249,77259,10
13.0187597275,80.2059402466,77259,77269,10
13.0191297531,80.2060623169,77269,77279,10
13.0197000504,80.206199646,77279,77289,10
13.0204200745,80.2062301636,77289,77300,11
13.0214300156,80.206237793,77300,77309,9
13.0220499039,80.2062835693,77309,77320,11
13.0228099823,80.2064285278,77320,77330,10
13.0235500336,80.20652771,77330,77340,10
13.0241699219,80.2066192627,77340,77350,10
13.0242395401,80.2066421509,77350,77360,10
13.0244398117,80.206703186,77360,77370,10
13.0247898102,80.2067871094,77370,77380,10
13.0254402161,80.2069625854,77380,77389,9
13.0261001587,80.20728302,77389,77401,12
13.0269498825,80.2078094482,77401,77411,10
13.0277299881,80.2082672119,77411,77421,10
13.0285797119,80.2085876465,77421,77431,10
13.0294103622,80.2088012695,77431,77441,10
13.0299797058,80.2089385986,77441,77451,10
13.0305500031,80.2090911865,77451,77461,10
13.0316696167,80.2093887329,77461,77491,30
13.0316696167,80.2093887329,77491,77500,9
13.031999588,80.2095489502,77500,77512,12
13.0326795578,80.2096176147,77512,77522,10
13.0332202911,80.2097396851,77522,77532,10
13.0341501236,80.2099304199,77532,77542,10
13.0348997116,80.2101135254,77542,77552,10
13.0349903107,80.2106018066,77552,77562,10
13.0349798203,80.2113037109,77562,77582,20
13.0349798203,80.2113037109,77582,77592,10
13.0349197388,80.2115783691,77592,77602,10
13.0348300934,80.2119293213,77602,77613,11
13.0351495743,80.2122573853,77613,77623,10
13.0357999802,80.2122573853,77623,77633,10
13.0366601944,80.2122879028,77633,77643,10
13.037320137,80.2122573853,77643,77653,10
13.0380601883,80.212272644,77653,77663,10
13.0389204025,80.2122573853,77663,77673,10
13.0398902893,80.2122573853,77673,77683,10
13.0410203934,80.2122573853,77683,77693,10
13.0421104431,80.2122268677,77693,77703,10
13.0432901382,80.2122268677,77703,77713,10
13.044260025,80.2122573853,77713,77794,81
13.044260025,80.2122573853,77794,77804,10
13.0444402695,80.2122192383,77804,77814,10
13.0447902679,80.2122192383,77814,77824,10
13.0453300476,80.2122116089,77824,77835,11
13.0461702347,80.2121810913,77835,77845,10
13.0469903946,80.2121505737,77845,77855,10
13.0478096008,80.2120819092,77855,77865,10
13.0485200882,80.2119903564,77865,77895,30
13.0485200882,80.2119903564,77895,77905,10
13.0487298965,80.212020874,77905,77915,10
13.0493803024,80.2119598389,77915,77936,21
13.0493803024,80.2119598389,77936,77946,10
13.0495100021,80.2119827271,77946,77956,10
13.0497598648,80.2119827271,77956,77966,10
13.0499801636,80.2119827271,77966,77976,10
13.0502700806,80.2119979858,77976,77986,10
13.0506896973,80.2120285034,77986,77996,10
13.0513496399,80.212020874,77996,78006,10
13.052280426,80.2119216919,78006,78016,10
13.0531997681,80.2117004395,78016,78026,10
13.0540304184,80.211479187,78026,78035,9
13.0541496277,80.2114562988,78035,78047,12
13.0545396805,80.2114105225,78047,78057,10
13.0550298691,80.2113800049,78057,78067,10
13.0557498932,80.2114105225,78067,78077,10
13.0565795898,80.2114105225,78077,78087,10
13.0573997498,80.2113723755,78087,78097,10
13.0575704575,80.2113571167,78097,78107,10
13.0577201843,80.2113494873,78107,78117,10
13.058139801,80.2113723755,78117,78127,10
13.0587396622,80.2114105225,78127,78136,9
13.0592803955,80.21144104,78136,78148,12
13.0602502823,80.2114868164,78148,78158,10
13.0611400604,80.211517334,78158,78168,10
13.0620203018,80.2115783691,78168,78178,10
13.0632400513,80.2115097046,78178,78198,20
13.0632400513,80.2115097046,78198,78208,10
13.0634803772,80.211517334,78208,78218,10
13.0638999939,80.2114868164,78218,78228,10
13.0643701553,80.2113571167,78228,78238,10
13.0650196075,80.2110366821,78238,78248,10
13.0657501221,80.2105331421,78248,78259,11
13.0665302277,80.2098770142,78259,78269,10
13.0671396255,80.2091827393,78269,78279,10
13.0675601959,80.208442688,78279,78289,10
13.0679798126,80.2077178955,78289,78299,10
13.0684700012,80.2069702148,78299,78309,10
13.068980217,80.2061691284,78309,78319,10
13.0693702698,80.2055587769,78319,78329,10
13.0694999695,80.2052612305,78329,78339,10
13.0695295334,80.2052001953,78339,78349,10
13.0696601868,80.2050018311,78349,78360,11
13.0694799423,80.204826355,78360,78370,10
13.0691795349,80.2049407959,78370,78380,10
13.068860054,80.2053375244,78380,78390,10
13.0687103271,80.2049484253,78390,78440,50
13.0687103271,80.2049484253,78440,78450,10
13.0688199997,80.2047729492,78450,78460,10
13.0691795349,80.2046966553,78460,78471,11
13.069560051,80.204750061,78471,78481,10
13.0698003769,80.2047576904,78481,78491,10
13.0700702667,80.204498291,78491,78501,10
13.0704298019,80.2040481567,78501,78511,10
13.0709600449,80.2034378052,78511,78521,10
13.0715398788,80.2027511597,78521,78531,10
13.0720701218,80.2021331787,78531,78541,10
13.0723896027,80.2017822266,78541,78551,10
13.0725498199,80.2016220093,78551,78561,10
13.0726995468,80.2014389038,78561,78572,11
13.0728302002,80.2012863159,78572,78582,10
13.0729198456,80.2011871338,78582,78592,10
13.0731697083,80.2009429932,78592,78602,10
13.07351017,80.2005462646,78602,78612,10
13.0739202499,80.2000579834,78612,78622,10
13.0742797852,80.1996536255,78622,78662,40
13.0742797852,80.1996536255,78662,78672,10
13.0745201111,80.19947052,78672,78683,11
13.0748300552,80.1992416382,78683,78693,10
13.0753498077,80.1990890503,78693,78703,10
13.0760402679,80.1990432739,78703,78713,10
13.0769395828,80.1989898682,78713,78723,10
13.0778102875,80.198890686,78723,78733,10
13.0787200928,80.1987686157,78733,78743,10
13.079580307,80.1986999512,78743,78753,10
13.0804395676,80.1986312866,78753,78763,10
13.081410408,80.1985778809,78763,78773,10
13.0823402405,80.1985015869,78773,78784,11
13.0831298828,80.1984634399,78784,78794,10
13.0837402344,80.1984405518,78794,78804,10
13.0843896866,80.1984710693,78804,78814,10
13.0850000381,80.1984634399,78814,78824,10
13.0854101181,80.1984481812,78824,78834,10
13.0859804153,80.1984176636,78834,78844,10
13.0865697861,80.1984100342,78844,78854,10
13.0870103836,80.1983795166,78854,78864,10
13.0871095657,80.1981582642,78864,78873,9
13.0871295929,80.1979293823,78873,78884,11
13.0871295929,80.1979217529,78884,78895,11
13.0871496201,80.1976623535,78895,78905,10
13.0871601105,80.1971664429,78905,78915,10
13.0871801376,80.1965713501,78915,78925,10
13.0872001648,80.1957931519,78925,78935,10
13.0872297287,80.1949615479,78935,78945,10
13.087220192,80.1940917969,78945,78955,10
13.087269783,80.192817688,78955,78985,30
13.087269783,80.192817688,78985,78995,10
13.0873098373,80.1924362183,78995,79006,11
13.0873603821,80.1918563843,79006,79016,10
13.0874004364,80.1911315918,79016,79026,10
13.0875101089,80.190246582,79026,79036,10
13.0876398087,80.1889419556,79036,79056,20
13.0876398087,80.1889419556,79056,79066,10
13.0877199173,80.1887512207,79066,79076,10
13.0877103806,80.1883087158,79076,79086,10
13.0877304077,80.1878814697,79086,79096,10
13.087770462,80.1872406006,79096,79107,11
13.0878000259,80.1863098145,79107,79117,10
13.0878000259,80.1854324341,79117,79127,10
13.0878801346,80.1845092773,79127,79137,10
13.0878896713,80.1834335327,79137,79147,10
13.0879402161,80.1822891235,79147,79157,10
13.0880098343,80.1812286377,79157,79167,10
13.0880498886,80.1804199219,79167,79177,10
13.088060379,80.1799468994,79177,79187,10
13.0880899429,80.1797027588,79187,79197,10
13.0880899429,80.1792907715,79197,79207,10
13.0880498886,80.1789169312,79207,79218,11
13.088060379,80.1788024902,79218,79228,10
13.0881004333,80.1787261963,79228,79238,10
13.0880899429,80.1783828735,79238,79248,10
13.0880899429,80.1778182983,79248,79258,10
13.0880899429,80.1771087646,79258,79268,10
13.088139534,80.176322937,79268,79278,10
13.0882101059,80.1754226685,79278,79288,10
13.0882797241,80.1744766235,79288,79298,10
13.0883598328,80.1736679077,79298,79308,10
13.0883903503,80.1728820801,79308,79318,10
13.0884304047,80.172088623,79318,79329,11
13.0884599686,80.171836853,79329,79339,10
13.0884799957,80.1717376709,79339,79349,10
13.0884895325,80.1713485718,79349,79359,10
13.0885295868,80.1707763672,79359,79369,10
13.0885601044,80.1700820923,79369,79379,10
13.0885896683,80.1696014404,79379,79399,20
13.0885896683,80.1696014404,79399,79409,10
13.0888204575,80.1694717407,79409,79419,10
13.0892095566,80.1694869995,79419,79430,11
13.0898895264,80.1695327759,79430,79440,10
13.0907697678,80.1696014404,79440,79449,9
13.0915298462,80.1696395874,79449,79460,11
13.0925798416,80.1697387695,79460,79470,10
13.0935401917,80.1697692871,79470,79480,10
13.094329834,80.1697998047,79480,79490,10
13.0947198868,80.1698074341,79490,79500,10
13.095000267,80.1698532104,79500,79510,10
13.0952997208,80.1698913574,79510,79519,9
13.0958499908,80.1699066162,79519,79531,12
13.096830368,80.1699371338,79531,79541,10
13.0977201462,80.169960022,79541,79551,10
13.0985803604,80.1700363159,79551,79561,10
13.0997600555,80.1700363159,79561,79642,81
13.0997600555,80.1700363159,79642,79652,10
13.0994701385,80.170249939,79652,79662,10
13.0992498398,80.1702270508,79662,79672,10
13.0989904404,80.1702880859,79672,80469,797
13.0986404419,80.1701507568,80469,80489,20
13.0986404419,80.1701507568,80489,80500,11
13.0983295441,80.1701583862,80500,80510,10
13.0978403091,80.1701278687,80510,80520,10
13.0972499847,80.1700973511,80520,80530,10
13.0965204239,80.1700592041,80530,80540,10
13.0958003998,80.1700210571,80540,80550,10
13.0948495865,80.169921875,80550,80570,20
13.0948495865,80.169921875,80570,80580,10
13.094499588,80.169921875,80580,80591,11
13.0941801071,80.1699295044,80591,80611,20
13.0929498672,80.1698379517,80611,80621,10
13.0921401978,80.1697921753,80621,80631,10
13.091340065,80.1697311401,80631,80641,10
13.0905504227,80.1696777344,80641,80651,10
13.0898303986,80.1696395874,80651,80661,10
13.089050293,80.1696014404,80661,80671,10
13.0886802673,80.1697616577,80671,80681,10
13.0886602402,80.1701965332,80681,80691,10
13.088640213,80.1706237793,80691,80701,10
13.0886001587,80.1712188721,80701,80712,11
13.0885896683,80.1718826294,80712,80722,10
13.0885801315,80.1719284058,80722,80732,10
13.0885601044,80.172203064,80732,80742,10
13.0885295868,80.1726379395,80742,80752,10
13.0885000229,80.1733627319,80752,80762,10
13.0884599686,80.174156189,80762,80772,10
13.0884199142,80.1749267578,80772,80782,10
13.0883703232,80.1756896973,80782,80792,10
13.0883197784,80.1765365601,80792,80802,10
13.0882797241,80.1772918701,80802,80812,10
13.0882701874,80.1779098511,80812,80823,11
13.088259697,80.1785430908,80823,80833,10
13.088259697,80.1785888672,80833,80843,10
13.0882396698,80.1786575317,80843,80853,10
13.0882396698,80.1790008545,80853,80863,10
13.0882396698,80.1796035767,80863,80873,10
13.0882196426,80.1803436279,80873,80883,10
13.0881900787,80.1812133789,80883,80893,10
13.088139534,80.1821594238,80893,80903,10
13.0881004333,80.183052063,80903,80913,10
13.088060379,80.1839981079,80913,80924,11
13.0880203247,80.1851425171,80924,80965,41
13.0879096985,80.188331604,80965,80975,10
13.0879001617,80.1887588501,80975,80985,10
13.0878601074,80.1893920898,80985,80995,10
13.0878200531,80.1898880005,80995,81005,10
13.0878200531,80.1899108887,81005,81015,10
13.0877799988,80.1901321411,81015,81025,10
13.0876998901,80.190612793,81025,81036,11
13.0875797272,80.1914291382,81036,81046,10
13.0874700546,80.1922531128,81046,81056,10
13.087439537,80.1926193237,81056,81086,30
13.087439537,80.1926193237,81086,81096,10
13.0874004364,80.1930084229,81096,81106,10
13.0873804092,80.1935195923,81106,81116,10
13.0873403549,80.1942367554,81116,81126,10
13.0873098373,80.195022583,81126,81135,9
13.0872802734,80.1958236694,81135,81147,12
13.0872602463,80.1969985962,81147,81157,10
13.0872497559,80.1979064941,81157,81167,10
13.0872497559,80.1979675293,81167,81177,10
13.0873203278,80.1983032227,81177,81187,10
13.0874795914,80.1984481812,81187,81197,10
13.0879096985,80.1984481812,81197,81207,10
13.0885896683,80.1984405518,81207,81217,10
13.0894002914,80.1984176636,81217,81227,10
13.0902700424,80.1984405518,81227,81237,10
13.0913295746,80.1985168457,81237,81248,11
13.0924701691,80.1985168457,81248,81258,10
13.0930595398,80.198677063,81258,81268,10
13.0929899216,80.1994018555,81268,81278,10
13.0929498672,80.2002105713,81278,81288,10
13.0928897858,80.2005233765,81288,81298,10
13.0924901962,80.2005767822,81298,81308,10
13.0918502808,80.2005615234,81308,81318,10
13.0909404755,80.2005310059,81318,81328,10
13.0900497437,80.2004776001,81328,81338,10
13.0891895294,80.2004699707,81338,81348,10
13.088259697,80.2004470825,81348,81359,11
13.0872802734,80.2004165649,81359,81369,10
13.0866603851,80.2003707886,81369,81379,10
13.0859298706,80.2003479004,81379,81389,10
13.0854101181,80.2003326416,81389,81399,10
13.0852098465,80.2002334595,81399,81409,10
13.0852298737,80.1999664307,81409,81419,10
13.0852804184,80.1996383667,81419,81429,10
13.0853004456,80.1990432739,81429,81439,10
13.0852098465,80.1987304688,81439,81449,10
13.0849399567,80.198677063,81449,81460,11
13.0843400955,80.1986465454,81460,81470,10
13.083530426,80.198638916,81470,81510,40
13.083530426,80.198638916,81510,81520,10
13.0830602646,80.1985931396,81520,81530,10
13.0824804306,80.1985931396,81530,81540,10
13.0817604065,80.1986312866,81540,81550,10
13.0814800262,80.1986312866,81550,81560,10
13.0812397003,80.1986236572,81560,81571,11
13.0807695389,80.1986236572,81571,81581,10
13.0801401138,80.1987075806,81581,81591,10
13.0793304443,80.1987991333,81591,81601,10
13.0784702301,80.1988983154,81601,81611,10
13.0774297714,80.1990203857,81611,81621,10
13.0763597488,80.1991424561,81621,81631,10
13.0752801895,80.1993103027,81631,81641,10
13.0742702484,80.199836731,81641,81651,10
13.0735702515,80.200630188,81651,81661,10
13.0734796524,80.2007675171,81661,81672,11
13.0732002258,80.2010879517,81672,81682,10
13.0727796555,80.2015991211,81682,81692,10
13.0723495483,80.2021331787,81692,81702,10
13.0720996857,80.2023773193,81702,81712,10
13.0717802048,80.2027587891,81712,81722,10
13.0712795258,80.2033233643,81722,81732,10
13.070690155,80.2040100098,81732,81742,10
13.0700902939,80.2048110962,81742,81752,10
13.069849968,80.2051086426,81752,81762,10
13.0696496964,80.2050018311,81762,81772,10
13.0694198608,80.2049179077,81772,81783,11
13.0691604614,80.2052993774,81783,81793,10
13.0687303543,80.2054595947,81793,81803,10
13.0681400299,80.2054672241,81803,81813,10
13.0680198669,80.2052001953,81813,81833,20
13.0680198669,80.2052001953,81833,81843,10
13.0680999756,80.2050628662,81843,81853,10
13.0682401657,80.2049636841,81853,81863,10
13.0685901642,80.204788208,81863,81873,10
13.0691003799,80.2046737671,81873,81884,11
13.069560051,80.2047119141,81884,81894,10
13.0698003769,80.2048187256,81894,81904,10
13.0698604584,80.2051010132,81904,81914,10
13.0696001053,80.2055206299,81914,81924,10
13.0692195892,80.2061233521,81924,81934,10
13.0687503815,80.2068862915,81934,81944,10
13.068189621,80.2078323364,81944,81954,10
13.0676698685,80.2086868286,81954,81964,10
13.0671796799,80.2094802856,81964,81974,10
13.0663995743,80.2102432251,81974,81984,10
13.0655002594,80.2109603882,81984,81995,11
13.0650100708,80.2113265991,81995,82005,10
13.064499855,80.2115631104,82005,82015,10
13.0637598038,80.2117080688,82015,82025,10
13.0630197525,80.211769104,82025,82035,10
13.0621900558,80.2117996216,82035,82045,10
13.0611600876,80.2117767334,82045,82055,10
13.0598402023,80.2117004395,82055,82065,10
13.0586900711,80.2116317749,82065,82075,10
13.0577697754,80.2116088867,82075,82085,10
13.0566701889,80.2115783691,82085,82096,11
13.0553703308,80.2115707397,82096,82106,10
13.0543203354,80.2115936279,82106,82116,10
13.0533704758,80.211807251,82116,82126,10
13.0524902344,80.2120666504,82126,82136,10
13.0515804291,80.2122116089,82136,82146,10
13.051150322,80.2121887207,82146,82156,10
13.0510196686,80.2121582031,82156,82166,10
13.0507001877,80.2121810913,82166,82176,10
13.0501003265,80.2121582031,82176,82186,10
13.049539566,80.2121505737,82186,82195,9
13.0493001938,80.2121887207,82195,82207,12
13.0490903854,80.2121810913,82207,82217,10
13.0486803055,80.2121887207,82217,82227,10
13.0480203629,80.2122497559,82227,82237,10
13.0471496582,80.212310791,82237,82247,10
13.0461502075,80.2123565674,82247,82257,10
13.0450201035,80.2124176025,82257,82287,30
13.0450201035,80.2124176025,82287,82297,10
13.0448999405,80.2123794556,82297,82308,11
13.0444803238,80.2124023438,82308,82318,10
13.0440196991,80.2123794556,82318,82328,10
13.0433797836,80.2123794556,82328,82338,10
13.0425100327,80.2123718262,82338,82348,10
13.0416202545,80.2123794556,82348,82358,10
13.0406703949,80.2123718262,82358,82368,10
13.0397796631,80.2123718262,82368,82378,10
13.0388698578,80.2124099731,82378,82388,10
13.0379695892,80.2124404907,82388,82398,10
13.0372800827,80.212387085,82398,82408,10
13.0365600586,80.2123336792,82408,82419,11
13.0355901718,80.212310791,82419,82429,10
13.0347299576,80.2122116089,82429,82439,10
13.0341501236,80.2121200562,82439,82459,20
13.0341501236,80.2121200562,82459,82469,10
13.0338802338,80.212059021,82469,82479,10
13.0333204269,80.2119369507,82479,82489,10
13.0325803757,80.2117767334,82489,82499,10
13.0320396423,80.2115631104,82499,82509,10
13.0320501328,80.2108764648,82509,82519,10
13.0321102142,80.2101211548,82519,82530,11
13.0319795609,80.2096328735,82530,82540,10
13.0314102173,80.2095031738,82540,82550,10
13.0305700302,80.2092819214,82550,82560,10
13.030090332,80.2090988159,82560,82570,10
13.0296497345,80.2089691162,82570,82580,10
13.0290298462,80.2088012695,82580,82590,10
13.0281496048,80.2085418701,82590,82600,10
13.0274295807,80.2082138062,82600,82610,10
13.0267801285,80.2078170776,82610,82620,10
13.0260601044,80.2073898315,82620,82631,11
13.0249996185,80.2070236206,82631,82641,10
13.023900032,80.2067871094,82641,82651,10
13.0228900909,80.2065887451,82651,82661,10
13.021730423,80.2064590454,82661,82671,10
13.0206203461,80.2064590454,82671,82681,10
13.0193996429,80.206413269,82681,82691,10
13.0189599991,80.2062835693,82691,82701,10
13.0186195374,80.2061462402,82701,82710,9
13.0180597305,80.2059783936,82710,82721,11
13.01720047,80.2056427002,82721,82731,10
13.016409874,80.205406189,82731,82742,11
13.014960289,80.2048873901,82742,82752,10
13.0139598846,80.2045288086,82752,82762,10
13.0134096146,80.2043380737,82762,82772,10
13.0131998062,80.2042770386,82772,82782,10
13.0126800537,80.2041168213,82782,82792,10
13.0118398666,80.2039031982,82792,82802,10
13.0110397339,80.2037811279,82802,82812,10
13.0102796555,80.203742981,82812,82822,10
13.0095396042,80.2037582397,82822,82831,9
13.0088796616,80.2038116455,82831,82843,12
13.0080404282,80.2038574219,82843,82853,10
13.0072698593,80.2037582397,82853,82863,10
13.0064096451,80.2033004761,82863,82873,10
13.0057001114,80.2023010254,82873,82883,10
13.0049600601,80.201423645,82883,82893,10
13.0045204163,80.2012023926,82893,82903,10
13.0036697388,80.2009811401,82903,82923,20
13.0036697388,80.2009811401,82923,82933,10
13.0034303665,80.2008895874,82933,82943,10
13.0030603409,80.2008285522,82943,82954,11
13.0025196075,80.2006530762,82954,82964,10
13.0020704269,80.2003707886,82964,82974,10
13.0017700195,80.1999282837,82974,83004,30
13.0016403198,80.1995620728,83004,83024,20
13.0016403198,80.1995620728,83024,83034,10
13.001660347,80.1991577148,83034,83044,10
13.0017595291,80.1986465454,83044,83055,11
13.0018901825,80.197883606,83055,83065,10
13.0018796921,80.1970367432,83065,83075,10
13.0015201569,80.1962966919,83075,83085,10
13.0008201599,80.1954574585,83085,83095,10
13.0001602173,80.1946182251,83095,83105,10
12.9996595383,80.1937637329,83105,83115,10
12.9990901947,80.1930999756,83115,83125,10
12.9984798431,80.1923599243,83125,83135,10
12.9980602264,80.1924514771,83135,83145,10
12.9976301193,80.1928100586,83145,83155,10
12.9971399307,80.1932220459,83155,83166,11
12.9969301224,80.1933135986,83166,83176,10
12.9968204498,80.1931686401,83176,83186,10
12.9967098236,80.1928863525,83186,83196,10
12.9965801239,80.1925125122,83196,83206,10
12.9964399338,80.1920928955,83206,83216,10
12.9962902069,80.1916427612,83216,83559,343
12.9962797165,80.1914215088,83559,86365,2806
12.9962797165,80.1914215088,86365,86375,10
