13.0147399902,80.225730896,16,97,81
13.0147399902,80.225730896,97,107,10
13.0147104263,80.225730896,107,1380,1273
13.0147800446,80.2257232666,1380,1713,333
13.0146903992,80.2256469727,1713,4199,2486
13.0145902634,80.2255401611,4199,4533,334
13.014749527,80.2256469727,4533,6139,1606
13.0147304535,80.2258377075,6139,6331,192
13.0147304535,80.2258377075,6331,6341,10
13.0147199631,80.2257003784,6341,6614,273
13.0148296356,80.2255706787,6614,6674,60
13.014840126,80.2258300781,6674,6957,283
13.0148696899,80.2257232666,6957,7755,798
13.0147695541,80.2256698608,7755,8412,657
13.0147695541,80.2256698608,8412,8422,10
13.0147399902,80.2256393433,8422,8957,535
13.014749527,80.2256317139,8957,11809,2852
13.0147695541,80.225692749,11809,13710,1901
13.0146903992,80.2256393433,13710,17114,3404
13.0148296356,80.225730896,17114,17468,354
13.0146999359,80.2257003784,17468,21630,4162
13.0146999359,80.2257003784,21630,21640,10
13.0146903992,80.2257614136,21640,21650,10
13.0144100189,80.2258224487,21650,21661,11
13.0142202377,80.22605896,21661,21691,30
13.0142202377,80.22605896,21691,21701,10
13.0142202377,80.2261962891,21701,21711,10
13.0139799118,80.2263412476,21711,21721,10
13.013420105,80.2265472412,21721,21731,10
13.0127096176,80.2268218994,21731,21741,10
13.0119104385,80.2271499634,21741,21751,10
13.0109195709,80.2275390625,21751,21762,11
13.0098600388,80.2279434204,21762,21772,10
13.0096502304,80.2273483276,21772,21782,10
13.010020256,80.2265090942,21782,21792,10
13.0104103088,80.2255935669,21792,21802,10
13.0107803345,80.2247161865,21802,21812,10
13.0111503601,80.2238311768,21812,21822,10
13.0113201141,80.2233963013,21822,21832,10
13.0113401413,80.2232284546,21832,21842,10
13.0115203857,80.2227783203,21842,21852,10
13.0118303299,80.2220535278,21852,21863,11
13.012140274,80.2211685181,21863,21873,10
13.0119895935,80.2204971313,21873,21889,16
13.0115604401,80.2192001343,21889,21901,12
13.0111999512,80.2180786133,21901,21911,10
13.0107698441,80.217048645,21911,21921,10
13.0103797913,80.2162399292,21921,21931,10
13.0100002289,80.2155227661,21931,21941,10
13.009469986,80.2147293091,21941,21951,10
13.0088596344,80.2138900757,21951,21962,11
13.0082502365,80.2133712769,21962,21972,10
13.0079097748,80.2131729126,21972,21982,10
13.007900238,80.213142395,21982,21991,9
13.0077199936,80.2129898071,21991,22002,11
13.0071401596,80.2127990723,22002,22012,10
13.006480217,80.2127685547,22012,22022,10
13.0057201385,80.2129592896,22022,22032,10
13.0050096512,80.2125320435,22032,22042,10
13.0041599274,80.2121505737,22042,22052,10
13.0031995773,80.212097168,22052,22063,11
13.002699852,80.212097168,22063,22073,10
13.0020799637,80.212348938,22073,22083,10
13.0014295578,80.2128295898,22083,22093,10
13.0006303787,80.2134399414,22093,22103,10
12.9998998642,80.2141265869,22103,22113,10
12.9994602203,80.2145004272,22113,22123,10
12.9990797043,80.2148513794,22123,22133,10
12.9986095428,80.2152404785,22133,22142,9
12.998049736,80.2157592773,22142,22152,10
12.9974298477,80.2163314819,22152,22164,12
12.9968395233,80.2165374756,22164,22174,10
12.996049881,80.2166595459,22174,22184,10
12.9951000214,80.2170562744,22184,22194,10
12.9943304062,80.2175979614,22194,22204,10
12.9934396744,80.2182388306,22204,22214,10
12.9925003052,80.2189025879,22214,22224,10
12.9915704727,80.2195892334,22224,22234,10
12.9906597137,80.2202835083,22234,22244,10
12.9898395538,80.2209396362,22244,22255,11
12.9890699387,80.2219390869,22255,22265,10
12.9882898331,80.2227630615,22265,22275,10
12.9873695374,80.2230682373,22275,22285,10
12.9864397049,80.2229537964,22285,22295,10
12.9855804443,80.2231369019,22295,22305,10
12.9849700928,80.2231903076,22305,22315,10
12.9841899872,80.2227478027,22315,22325,10
12.9836997986,80.2224578857,22325,22335,10
12.9832296371,80.22215271,22335,22345,10
12.9832201004,80.2221374512,22345,22356,11
12.9829301834,80.2220001221,22356,22366,10
12.9823904037,80.2218322754,22366,22376,10
12.9817199707,80.2214202881,22376,22386,10
12.980799675,80.221031189,22386,22396,10
12.9796695709,80.2211303711,22396,22406,10
12.9784803391,80.2211990356,22406,22416,10
12.9773397446,80.2212295532,22416,22425,9
12.9764099121,80.2212600708,22425,22435,10
12.9756402969,80.2210388184,22435,22467,32
12.9756402969,80.2210388184,22467,22477,10
12.9755802155,80.2209625244,22477,22487,10
12.9752597809,80.2207336426,22487,22497,10
12.9746599197,80.2204589844,22497,22507,10
12.973859787,80.220123291,22507,22517,10
12.9728403091,80.2197418213,22517,22527,10
12.9718904495,80.2193908691,22527,22537,10
12.9711399078,80.2191925049,22537,22548,11
12.9710302353,80.2191619873,22548,22558,10
12.9707202911,80.2189865112,22558,22568,10
12.9701595306,80.2187194824,22568,22578,10
12.9694795609,80.2184371948,22578,22588,10
12.9688100815,80.2181777954,22588,22598,10
12.9681301117,80.217918396,22598,22608,10
12.9674396515,80.2176513672,22608,22618,10
12.9665603638,80.217300415,22618,22628,10
12.9655303955,80.2168731689,22628,22638,10
12.9644498825,80.2164230347,22638,22649,11
12.9633398056,80.2159423828,22649,22659,10
12.9629201889,80.2157897949,22659,22669,10
12.9627399445,80.2157211304,22669,22679,10
12.9622297287,80.2155227661,22679,22689,10
12.9614896774,80.2152328491,22689,22699,10
12.960559845,80.2148590088,22699,22709,10
12.959569931,80.2144622803,22709,22719,10
12.9585504532,80.2140426636,22719,22729,10
12.9574699402,80.2136077881,22729,22739,10
12.9563798904,80.213180542,22739,22750,11
12.9552097321,80.2127304077,22750,22760,10
12.9542102814,80.2123336792,22760,22770,10
12.9532003403,80.2119293213,22770,22780,10
12.9521102905,80.2115402222,22780,22790,10
12.9510602951,80.2111206055,22790,22800,10
12.9500198364,80.2107009888,22800,22810,10
12.9490804672,80.210319519,22810,22820,10
12.9481201172,80.2099380493,22820,22830,10
12.9469995499,80.209487915,22830,22840,10
12.945810318,80.2090072632,22840,22851,11
12.9445199966,80.2084884644,22851,22861,10
12.9434404373,80.2080612183,22861,22871,10
12.9426603317,80.2072982788,22871,22881,10
12.9418697357,80.2065429688,22881,22891,10
12.9411201477,80.2060623169,22891,22901,10
12.9402999878,80.2057418823,22901,22911,10
12.9393396378,80.2054595947,22911,22921,10
12.9383497238,80.2051391602,22921,22931,10
12.9372797012,80.2048492432,22931,22942,11
12.9360599518,80.204498291,22942,22952,10
12.9350099564,80.2040634155,22952,22962,10
12.934009552,80.2039489746,22962,22972,10
12.9336395264,80.2039337158,22972,22982,10
12.9332895279,80.2038574219,22982,22992,10
12.9328603745,80.2036819458,22992,23002,10
12.932220459,80.2034606934,23002,23012,10
12.9314498901,80.2032012939,23012,23022,10
12.9306497574,80.2029495239,23022,23032,10
12.9297599792,80.2028198242,23032,23043,11
12.9294395447,80.2027816772,23043,23053,10
12.9290599823,80.2027282715,23053,23063,10
12.9285497665,80.2024765015,23063,23073,10
12.9284896851,80.2016601563,23073,23083,10
12.9284296036,80.2005691528,23083,23093,10
12.9282302856,80.1994628906,23093,23103,10
12.9277095795,80.1984329224,23103,23113,10
12.9268198013,80.1977462769,23113,23123,10
12.925860405,80.1975402832,23123,23133,10
12.9254798889,80.1975402832,23133,23144,11
12.9251699448,80.197517395,23144,23154,10
12.9245796204,80.1975326538,23154,23164,10
12.923789978,80.1975097656,23164,23174,10
12.9228401184,80.1973876953,23174,23184,10
12.9217796326,80.1971893311,23184,23194,10
12.9208202362,80.1968536377,23194,23204,10
12.9201002121,80.1966018677,23204,23214,10
12.9195404053,80.1963806152,23214,23224,10
12.9189500809,80.1959686279,23224,23234,10
12.9183197021,80.1953964233,23234,23245,11
12.9175100327,80.1946792603,23245,23255,10
12.9171495438,80.1942367554,23255,23265,10
12.9170303345,80.1938323975,23265,23275,10
12.9170398712,80.193107605,23275,23285,10
12.9171600342,80.1922607422,23285,23295,10
12.9172401428,80.1915664673,23295,23305,10
12.9172897339,80.1913833618,23305,23315,10
12.9173297882,80.1912231445,23315,23325,10
12.9173803329,80.1907424927,23325,23335,10
12.9174203873,80.1902084351,23335,23346,11
12.9176397324,80.1893997192,23346,23356,10
12.9181499481,80.188583374,23356,23366,10
12.918800354,80.1878585815,23366,23376,10
12.9194402695,80.1871414185,23376,23386,10
12.9202003479,80.1862716675,23386,23396,10
12.9206104279,80.1853713989,23396,23406,10
12.9203596115,80.1843414307,23406,23416,10
12.9201002121,80.1832275391,23416,23426,10
12.9199399948,80.1825866699,23426,23437,11
12.9199199677,80.1824417114,23437,23447,10
12.9198102951,80.1819000244,23447,23457,10
12.9196395874,80.1811828613,23457,23467,10
12.9194498062,80.180267334,23467,23477,10
12.9190797806,80.1792297363,23477,23487,10
12.9183998108,80.1783065796,23487,23497,10
12.9182596207,80.1772079468,23497,23507,10
12.9184799194,80.176071167,23507,23517,10
12.9187602997,80.1749572754,23517,23527,10
12.9190196991,80.1738204956,23527,23538,11
12.9193696976,80.1725387573,23538,23548,10
12.919670105,80.1714096069,23548,23557,9
12.9198102951,80.1709213257,23557,23569,12
12.9199304581,80.1705780029,23569,23579,10
12.9201498032,80.1698989868,23579,23589,10
12.9204397202,80.1689834595,23589,23599,10
12.9207801819,80.1679382324,23599,23609,10
12.9211397171,80.166809082,23609,23619,10
12.9215202332,80.1656723022,23619,23629,10
12.9218902588,80.1645431519,23629,23640,11
12.922249794,80.1633377075,23640,23650,10
12.9225997925,80.1622390747,23650,23660,10
12.9229402542,80.1611480713,23660,23670,10
12.9231595993,80.1603775024,23670,23680,10
12.9231796265,80.1603088379,23680,23690,10
12.9232997894,80.1598434448,23690,23700,10
12.9233903885,80.1590576172,23700,23710,10
12.923500061,80.1580276489,23710,23720,10
12.923620224,80.1568603516,23720,23731,11
12.9235897064,80.1555786133,23731,23741,10
12.9233903885,80.1549224854,23741,23751,10
12.9233598709,80.1548309326,23751,23761,10
12.9232797623,80.1544418335,23761,23771,10
12.9231100082,80.1537780762,23771,23781,10
12.9229001999,80.1529769897,23781,23791,10
12.9226903915,80.1520385742,23791,23801,10
12.922659874,80.1509933472,23801,23811,10
12.9226303101,80.1498565674,23811,23821,10
12.9225597382,80.1487197876,23821,23832,11
12.9225702286,80.1477279663,23832,23842,10
12.9225702286,80.1473083496,23842,23852,10
12.9225597382,80.1468505859,23852,23862,10
12.922539711,80.1466598511,23862,23871,9
12.9225502014,80.1461868286,23871,23882,11
12.9225101471,80.1453704834,23882,23891,9
12.9224901199,80.1445770264,23891,23901,10
12.9224596024,80.1436233521,23901,23912,11
12.922419548,80.1432571411,23912,23922,10
12.9224500656,80.1426010132,23922,23943,21
12.9224500656,80.1426010132,23943,23953,10
12.9224700928,80.1424026489,23953,23963,10
12.9224395752,80.1420822144,23963,23973,10
12.922419548,80.1419219971,23973,23983,10
12.922419548,80.1415634155,23983,23993,10
12.9224004745,80.1408462524,23993,24003,10
12.9223804474,80.1399383545,24003,24013,10
12.9223899841,80.1389465332,24013,24023,10
12.9224596024,80.1379013062,24023,24034,11
12.9225301743,80.1365966797,24034,24044,10
12.9225702286,80.1354293823,24044,24054,10
12.9225997925,80.1343231201,24054,24064,10
12.9226398468,80.133430481,24064,24074,10
12.922659874,80.1327209473,24074,24084,10
12.9226903915,80.1318588257,24084,24094,10
12.9227304459,80.1309280396,24094,24104,10
12.9227800369,80.1301498413,24104,24114,10
12.9228401184,80.1292877197,24114,24125,11
12.9229097366,80.12840271,24125,24135,10
12.9229097366,80.127822876,24135,24145,10
12.9229202271,80.1270370483,24145,24155,10
12.9229297638,80.1261520386,24155,24165,10
12.9229698181,80.1252975464,24165,24175,10
12.92304039,80.1243362427,24175,24185,10
12.9230804443,80.1232223511,24185,24195,10
12.923119545,80.1221008301,24195,24205,10
12.9232196808,80.1205825806,24205,24256,51
12.9232196808,80.1205825806,24256,24266,10
12.9232797623,80.120262146,24266,24276,10
12.9233102798,80.1196594238,24276,24286,10
12.9233398438,80.1189193726,24286,24296,10
12.9234199524,80.1180801392,24296,24306,10
12.9234895706,80.1173171997,24306,24316,10
12.923500061,80.1169281006,24316,24327,11
12.9235095978,80.1168518066,24327,24337,10
12.9235401154,80.1168365479,24337,24347,10
12.923620224,80.1170425415,24347,24357,10
12.9236001968,80.1175613403,24357,24367,10
12.9236001968,80.1181030273,24367,24377,10
12.9235401154,80.1188735962,24377,24387,10
12.9234199524,80.119720459,24387,24397,10
12.9233398438,80.1204910278,24397,24407,10
12.9233703613,80.1212005615,24407,25032,625
12.9233703613,80.1212005615,25032,25042,10
12.9232902527,80.1214828491,25042,25052,10
12.9232597351,80.1216964722,25052,25062,10
12.9232501984,80.1219482422,25062,25072,10
12.9232301712,80.1224899292,25072,25082,10
12.9231901169,80.1232833862,25082,25092,10
12.9231395721,80.1242523193,25092,25102,10
12.9231004715,80.1252212524,25102,25113,11
12.9230499268,80.1262893677,25113,25123,10
12.9230298996,80.1271972656,25123,25133,10
12.9230203629,80.127571106,25133,25143,10
12.9230098724,80.1276779175,25143,25153,10
12.9230003357,80.1279296875,25153,25163,10
12.9229602814,80.12840271,25163,25173,10
12.9229097366,80.1290435791,25173,25183,10
12.9228801727,80.1297988892,25183,25193,10
12.9228401184,80.1305923462,25193,25203,10
12.9228401184,80.131149292,25203,25214,11
12.9228096008,80.1316833496,25214,25224,10
12.9227800369,80.1324768066,25224,25234,10
12.9227399826,80.1334762573,25234,25244,10
12.9226799011,80.1345596313,25244,25254,10
12.9226303101,80.1356430054,25254,25264,10
12.9225997925,80.1365280151,25264,25274,10
12.9225797653,80.1370162964,25274,25284,10
12.922539711,80.1377563477,25284,25294,10
12.9224796295,80.1386413574,25294,25304,10
12.9224395752,80.1397323608,25304,25315,11
12.9224596024,80.1410293579,25315,25325,10
12.9224700928,80.1421508789,25325,25335,10
12.922539711,80.1434173584,25335,25355,20
12.922539711,80.1434173584,25355,25365,10
12.9225597382,80.1436004639,25365,25375,10
12.9225597382,80.1436462402,25375,25385,10
12.9225597382,80.1439590454,25385,25395,10
12.9225702286,80.1446533203,25395,25405,10
12.9226102829,80.1456069946,25405,25416,11
12.9226303101,80.1467971802,25416,25426,10
12.9226799011,80.1473617554,25426,25436,10
12.9226703644,80.1474304199,25436,25446,10
12.9226799011,80.1478424072,25446,25456,10
12.922659874,80.1485290527,25456,25466,10
12.9227104187,80.1494369507,25466,25476,10
12.9227199554,80.1505584717,25476,25486,10
12.9227399826,80.1515197754,25486,25496,10
12.9227800369,80.1519317627,25496,25506,10
12.9229001999,80.1525726318,25506,25517,11
12.923119545,80.1535263062,25517,25527,10
12.9233903885,80.1544723511,25527,25537,10
12.9234304428,80.1546173096,25537,25547,10
12.9234600067,80.1547317505,25547,25557,10
12.9235200882,80.1550216675,25557,25567,10
12.9236497879,80.1555786133,25567,25577,10
12.9237298965,80.1563873291,25577,25587,10
12.9236402512,80.1574630737,25587,25597,10
12.9235496521,80.1585083008,25597,25608,11
12.9234199524,80.1598434448,25608,25618,10
12.9232997894,80.1605224609,25618,25628,10
12.9232797623,80.1605682373,25628,25638,10
12.9231300354,80.1609725952,25638,25648,10
12.9229097366,80.1616668701,25648,25658,10
12.9226198196,80.1625823975,25658,25668,10
12.9222602844,80.1637115479,25668,25678,10
12.9218597412,80.1649093628,25678,25688,10
12.9214801788,80.1661224365,25688,25698,10
12.9211101532,80.1672668457,25698,25709,11
12.9207601547,80.1684188843,25709,25719,10
12.9204101563,80.1694869995,25719,25729,10
12.920129776,80.1705093384,25729,25739,10
12.9199695587,80.1710128784,25739,25749,10
12.9199495316,80.171043396,25749,25759,10
12.9198503494,80.1713104248,25759,25769,10
12.9196996689,80.1718292236,25769,25779,10
12.9195299149,80.1725616455,25779,25789,10
12.9192895889,80.1734008789,25789,25799,10
12.9190502167,80.1743469238,25799,25810,11
12.9188404083,80.17527771,25810,25820,10
12.9186201096,80.1760025024,25820,25830,10
12.9184598923,80.1768035889,25830,25840,10
12.9183101654,80.1778030396,25840,25850,10
12.9188404083,80.1787414551,25850,25860,10
12.9194297791,80.1797637939,25860,25870,10
12.9196796417,80.1809768677,25870,25880,10
12.9198999405,80.1820373535,25880,25890,10
12.9201498032,80.1830978394,25890,25900,10
12.9203996658,80.1841506958,25900,25911,11
12.9205799103,80.1848983765,25911,25931,20
12.9205799103,80.1848983765,25931,25941,10
12.9206600189,80.185218811,25941,25951,10
12.9206895828,80.1853637695,25951,25961,10
12.92070961,80.1855316162,25961,25971,10
12.9205598831,80.1860198975,25971,25981,10
12.9200696945,80.1865768433,25981,25991,10
12.9194898605,80.1872406006,25991,26001,10
12.9188404083,80.1879882813,26001,26012,11
12.9180297852,80.1889038086,26012,26022,10
12.917599678,80.1898498535,26022,26032,10
12.9174604416,80.1906661987,26032,26042,10
12.9173297882,80.1915664673,26042,26052,10
12.9172801971,80.1921234131,26052,26062,10
12.9172201157,80.1925811768,26062,26072,10
12.9171600342,80.1930923462,26072,26082,10
12.9171495438,80.1931381226,26082,26092,10
12.9171495438,80.1931991577,26092,26103,11
12.9171199799,80.1935882568,26103,26113,10
12.9172201157,80.1941604614,26113,26123,10
12.9176797867,80.1947402954,26123,26133,10
12.9183301926,80.1953430176,26133,26143,10
12.9191102982,80.1960296631,26143,26153,10
12.9201402664,80.1965713501,26153,26163,10
12.9209003448,80.1968231201,26163,26173,10
12.9215497971,80.1970672607,26173,26183,10
12.9224004745,80.197303772,26183,26193,10
12.9233503342,80.1974334717,26193,26204,11
12.9242401123,80.197479248,26204,26214,10
12.9251203537,80.1974563599,26214,26224,10
12.9253997803,80.1974563599,26224,26234,10
12.9258499146,80.1974487305,26234,26244,10
12.9265604019,80.197593689,26244,26254,10
12.9273395538,80.1979827881,26254,26264,10
12.9280004501,80.1987762451,26264,26274,10
12.9284095764,80.1997909546,26274,26284,10
12.9285297394,80.2008895874,26284,26294,10
12.9285697937,80.2020263672,26294,26305,11
12.9290895462,80.2026977539,26305,26315,10
12.9294900894,80.2027435303,26315,26325,10
12.9294996262,80.2027435303,26325,26335,10
12.9297103882,80.2027587891,26335,26345,10
12.930270195,80.2028274536,26345,26355,10
12.9309597015,80.2029800415,26355,26365,10
12.9317398071,80.2032318115,26365,26375,10
12.93268013,80.2035369873,26375,26385,10
12.9340000153,80.2038803101,26385,26406,21
12.9340000153,80.2038803101,26406,26416,10
12.9342699051,80.203918457,26416,26426,10
12.9347801208,80.2039794922,26426,26436,10
12.9354801178,80.2042236328,26436,26446,10
12.9363698959,80.2045288086,26446,26456,10
12.9374198914,80.2048416138,26456,26466,10
12.9384698868,80.205116272,26466,26476,10
12.9394397736,80.2054290771,26476,26486,10
12.9400596619,80.2056121826,26486,26496,10
12.9401597977,80.2056427002,26496,26507,11
12.9406604767,80.2058029175,26507,26517,10
12.9413499832,80.2061004639,26517,26527,10
12.9420995712,80.2066192627,26527,26537,10
12.9428300858,80.2073364258,26537,26547,10
12.9434995651,80.2080230713,26547,26557,10
12.9442300797,80.2082901001,26557,26567,10
12.9443502426,80.2083435059,26567,26577,10
12.9446001053,80.208442688,26577,26587,10
12.9451398849,80.2086410522,26587,26598,11
12.9459199905,80.2089309692,26598,26608,10
12.9466295242,80.2092132568,26608,26618,10
12.9472503662,80.2094497681,26618,26628,10
12.947930336,80.2097091675,26628,26638,10
12.9486103058,80.2099685669,26638,26648,10
12.9494199753,80.2102890015,26648,26658,10
12.9504404068,80.2107009888,26658,26668,10
12.9515199661,80.2111282349,26668,26678,10
12.9525499344,80.2115402222,26678,26688,10
12.953499794,80.2119293213,26688,26699,11
12.9545497894,80.212348938,26699,26709,10
12.9555997849,80.2127685547,26709,26719,10
12.9566698074,80.2131729126,26719,26729,10
12.9577302933,80.2136077881,26729,26739,10
12.9588003159,80.2140274048,26739,26749,10
12.9598302841,80.2144470215,26749,26759,10
12.9609003067,80.2148666382,26759,26769,10
12.9619703293,80.2153015137,26769,26779,10
12.9630203247,80.2156982422,26779,26789,10
12.9638395309,80.2160415649,26789,26800,11
12.9649000168,80.2165222168,26800,26810,10
12.9659204483,80.2169036865,26810,26820,10
12.9668197632,80.2172622681,26820,26830,10
12.9676399231,80.217590332,26830,26840,10
12.9684801102,80.217918396,26840,26850,10
12.9695396423,80.2183227539,26850,26860,10
12.9706401825,80.2187423706,26860,26870,10
12.9712600708,80.2189407349,26870,26880,10
12.9712896347,80.2189483643,26880,26890,10
12.9715003967,80.2190170288,26890,26901,11
12.9720201492,80.2192611694,26901,26911,10
12.9727401733,80.219543457,26911,26921,10
12.9735603333,80.2198562622,26921,26931,10
12.9743700027,80.2202072144,26931,26941,10
12.9750795364,80.2205200195,26941,26991,50
12.9750795364,80.2205200195,26991,27003,12
12.9751396179,80.2205963135,27003,27013,10
12.9753599167,80.2206802368,27013,27023,10
12.9757099152,80.220916748,27023,27033,10
12.9762096405,80.2212371826,27033,27062,29
12.9762096405,80.2212371826,27062,27072,10
12.9765195847,80.2212600708,27072,27083,11
12.9771604538,80.2212600708,27083,27094,11
12.9776802063,80.2212295532,27094,27104,10
12.9781703949,80.2212219238,27104,27114,10
12.9789400101,80.2211685181,27114,27124,10
12.9797296524,80.2211074829,27124,27134,10
12.9806404114,80.2210235596,27134,27144,10
12.9814395905,80.2211914063,27144,27154,10
12.9820404053,80.2215881348,27154,27164,10
12.9824800491,80.2217788696,27164,27174,10
12.9828996658,80.2219390869,27174,27184,10
12.9829101563,80.2219314575,27184,27195,11
12.9831600189,80.2220611572,27195,27205,10
12.9835796356,80.222366333,27205,27215,10
12.9841499329,80.2227325439,27215,27225,10
12.9848299026,80.2231063843,27225,27235,10
12.9854602814,80.2232208252,27235,27245,10
12.9860801697,80.2229385376,27245,27255,10
12.9864597321,80.2229614258,27255,27265,10
12.9865102768,80.2229614258,27265,27275,10
12.9867401123,80.2229995728,27275,27285,10
12.9871797562,80.2230606079,27285,27296,11
12.9878396988,80.2229995728,27296,27306,10
12.9884700775,80.2225265503,27306,27316,10
12.9890699387,80.2219161987,27316,27326,10
12.9896602631,80.2211227417,27326,27336,10
12.9903202057,80.2204437256,27336,27346,10
12.9905195236,80.2202911377,27346,27356,10
12.9906702042,80.2201766968,27356,27366,10
12.9910297394,80.219909668,27366,27376,10
12.9915800095,80.2194976807,27376,27386,10
12.9921598434,80.219078064,27386,27397,11
12.9929103851,80.2185287476,27397,27407,10
12.9937000275,80.217956543,27407,27417,10
12.9943799973,80.2174835205,27417,27427,10
12.9950895309,80.2169799805,27427,27437,10
12.9958600998,80.2166366577,27437,27447,10
12.9966802597,80.216506958,27447,27457,10
12.9973297119,80.2163314819,27457,27467,10
12.9976196289,80.2160491943,27467,27477,10
12.9976196289,80.2160415649,27477,27488,11
12.9977302551,80.2159500122,27488,27498,10
12.9980602264,80.2156829834,27498,27508,10
12.9988203049,80.2149963379,27508,27538,30
12.9988203049,80.2149963379,27538,27548,10
12.9989099503,80.2149505615,27548,27558,10
12.9991397858,80.2147598267,27558,27568,10
12.9993200302,80.2145614624,27568,27578,10
12.9996595383,80.2142562866,27578,27589,11
13.0000400543,80.2139434814,27589,27599,10
13.0004301071,80.2136001587,27599,27609,10
13.0009803772,80.2131195068,27609,27619,10
13.0015602112,80.2126998901,27619,27629,10
13.0021800995,80.2122879028,27629,27639,10
13.0027599335,80.2120895386,27639,27649,10
13.0032196045,80.2120666504,27649,27659,10
13.0037698746,80.2120132446,27659,27669,10
13.004240036,80.2120895386,27669,27679,10
13.004650116,80.2122573853,27679,27690,11
13.0050697327,80.212562561,27690,27706,16
13.0061998367,80.2127990723,27706,27718,12
13.0071201324,80.2127380371,27718,27728,10
13.0079202652,80.2130813599,27728,27748,20
13.0079202652,80.2130813599,27748,27758,10
13.0080003738,80.2131576538,27758,27768,10
13.0083999634,80.2133331299,27768,27778,10
13.0088500977,80.2137908936,27778,27789,11
13.0094003677,80.2145309448,27789,27798,9
13.009759903,80.2150421143,27798,27809,11
13.0101804733,80.2155838013,27809,27819,10
13.0106897354,80.2163162231,27819,27829,10
13.0109300613,80.2170410156,27829,27839,10
13.0113096237,80.2179718018,27839,27848,9
13.0116701126,80.21900177,27848,27859,11
13.0120897293,80.2203063965,27859,27869,10
13.0123996735,80.2211074829,27869,27879,10
13.0126399994,80.2215194702,27879,27890,11
13.0130300522,80.2221374512,27890,27900,10
13.0135402679,80.2227630615,27900,27910,10
13.0141601563,80.2234420776,27910,27920,10
13.0146398544,80.2239990234,27920,27930,10
13.015080452,80.2245864868,27930,27940,10
13.0155200958,80.224937439,27940,27960,20
13.0155200958,80.224937439,27960,27970,10
13.0157203674,80.2250671387,27970,27980,10
13.0162000656,80.2253036499,27980,27991,11
13.0170402527,80.225112915,27991,28001,10
13.017950058,80.2247467041,28001,28011,10
13.0188999176,80.2244033813,28011,28021,10
13.0194301605,80.2243804932,28021,28031,10
13.0199203491,80.2246398926,28031,28041,10
13.0205001831,80.2250595093,28041,28051,10
13.0210199356,80.2254333496,28051,28061,10
13.0219202042,80.2260894775,28061,28102,41
13.0219202042,80.2260894775,28102,28112,10
13.0221595764,80.2263183594,28112,28122,10
13.0225200653,80.2266387939,28122,28132,10
13.0230398178,80.2271118164,28132,28142,10
13.0236797333,80.2276992798,28142,28152,10
13.0243501663,80.2284164429,28152,28162,10
13.0249595642,80.2292633057,28162,28172,10
13.0255498886,80.2300186157,28172,28182,10
13.0259199142,80.2307128906,28182,28193,11
13.0261297226,80.2313537598,28193,28203,10
13.0266199112,80.2312164307,28203,28213,10
13.0274000168,80.231048584,28213,28223,10
13.0279397964,80.2309799194,28223,28233,10
13.0284700394,80.2309188843,28233,28243,10
13.0293798447,80.2308425903,28243,28253,10
13.0297698975,80.230796814,28253,28263,10
13.0304498672,80.2307434082,28263,28273,10
13.0311203003,80.230682373,28273,28284,11
13.0319900513,80.2306213379,28284,28294,10
13.032959938,80.2305374146,28294,28304,10
13.0338602066,80.23046875,28304,28314,10
13.0345201492,80.2303771973,28314,28344,30
13.0345201492,80.2303771973,28344,28354,10
13.0348100662,80.2303009033,28354,28364,10
13.0349597931,80.2301101685,28364,28374,10
13.0346403122,80.229927063,28374,29193,819
13.0344295502,80.2298583984,29193,29809,616
13.0341901779,80.2300796509,29809,30092,283
13.0341901779,80.2300796509,30092,30102,10
13.0340795517,80.2304611206,30102,30112,10
13.0336904526,80.2304229736,30112,30122,10
13.0329999924,80.23046875,30122,30132,10
13.0322399139,80.2305603027,30132,30142,10
13.0314302444,80.2306594849,30142,30152,10
13.0308904648,80.2307281494,30152,30162,10
13.030579567,80.2307434082,30162,30172,10
13.0301799774,80.2307815552,30172,30183,11
13.030090332,80.2307891846,30183,30193,10
13.029800415,80.2308273315,30193,30203,10
13.0295095444,80.2308807373,30203,30213,10
13.0290002823,80.2309036255,30213,30223,10
13.0284099579,80.2309570313,30223,30233,10
13.0278997421,80.231010437,30233,30243,10
13.0276603699,80.2310714722,30243,30259,16
13.0277004242,80.2318572998,30259,30271,12
13.0278596878,80.2326431274,30271,30282,11
13.0271196365,80.2329406738,30282,30363,81
13.0271196365,80.2329406738,30363,30374,11
13.0270204544,80.232963562,30374,30384,10
13.0268602371,80.2329406738,30384,30394,10
13.0265703201,80.2329788208,30394,30404,10
13.0263204575,80.2325973511,30404,30414,10
13.0261201859,80.2319488525,30414,30424,10
13.0258903503,80.2311019897,30424,30434,10
13.0254602432,80.2301483154,30434,30444,10
13.0248003006,80.2292480469,30444,30454,10
13.024189949,80.2284393311,30454,30464,10
13.0235595703,80.227722168,30464,30475,11
13.0231895447,80.2275390625,30475,30485,10
13.0230503082,80.227432251,30485,30505,20
13.0230503082,80.227432251,30505,30515,10
13.0228204727,80.2273025513,30515,30525,10
13.0226602554,80.2269668579,30525,30535,10
13.0223798752,80.2266464233,30535,30545,10
13.0218496323,80.2262115479,30545,30555,10
13.0212402344,80.2257385254,30555,30565,10
13.0205097198,80.2252197266,30565,30576,11
13.0195398331,80.224609375,30576,30586,10
13.0184602737,80.224647522,30586,30596,10
13.0174102783,80.2250595093,30596,30606,10
13.0164604187,80.2254562378,30606,30616,10
13.0156602859,80.225769043,30616,30626,10
13.0148897171,80.2260818481,30626,30636,10
13.0144100189,80.2262420654,30636,30646,10
13.0142202377,80.22631073,30646,30656,10
13.0137796402,80.2264709473,30656,30673,17
13.0125102997,80.2269287109,30673,30685,12
13.0113601685,80.2273788452,30685,30695,10
13.0102996826,80.2277984619,30695,30705,10
13.0095396042,80.227722168,30705,30715,10
13.0098199844,80.2269897461,30715,30723,8
13.0101203918,80.2263031006,30723,30733,10
13.0105695724,80.2252807617,30733,30744,11
13.0110301971,80.2241821289,30744,30755,11
13.0115098953,80.2230834961,30755,30765,10
13.011879921,80.2220077515,30765,30776,11
13.012140274,80.2211227417,30776,30786,10
13.0119600296,80.2204437256,30786,30795,9
13.0117301941,80.2197036743,30795,30806,11
13.0114297867,80.2187576294,30806,30816,10
13.011059761,80.2177429199,30816,30826,10
13.010720253,80.2169113159,30826,30836,10
13.0103597641,80.216217041,30836,30846,10
13.0100603104,80.2156524658,30846,30856,10
13.0099096298,80.2153396606,30856,30866,10
13.009759903,80.2150878906,30866,30877,11
13.0095701218,80.2148284912,30877,30887,10
13.0093202591,80.2145233154,30887,30897,10
13.0089902878,80.2140426636,30897,30907,10
13.0085601807,80.2135391235,30907,30947,40
13.0084199905,80.213432312,30947,31008,61
13.0084199905,80.213432312,31008,31018,10
13.008099556,80.2133102417,31018,31048,30
13.008099556,80.2133102417,31048,31058,10
13.0078001022,80.2130584717,31058,31068,10
13.0075502396,80.2128982544,31068,31079,11
13.0072002411,80.2128219604,31079,31089,10
13.0067396164,80.2127838135,31089,31099,10
13.0062599182,80.2128219604,31099,31109,10
13.0058002472,80.2129821777,31109,31118,9
13.0052900314,80.2126998901,31118,31128,10
13.0047998428,80.212387085,31128,31139,11
13.0041399002,80.2121276855,31139,31149,10
13.0036096573,80.2120819092,31149,31159,10
13.0032196045,80.2121124268,31159,31169,10
13.0027799606,80.212097168,31169,31180,11
13.0022201538,80.212272644,31180,31190,10
13.0017404556,80.2125778198,31190,31200,10
13.0012702942,80.2129516602,31200,31210,10
13.0007600784,80.2133407593,31210,31220,10
13.0002698898,80.2138137817,31220,31229,9
12.9998998642,80.2141799927,31229,31260,31
12.9998998642,80.2141799927,31260,31271,11
12.9996900558,80.2143478394,31271,31281,10
12.9993000031,80.2146682739,31281,31291,10
12.9990501404,80.2148971558,31291,31301,10
12.9986696243,80.2152023315,31301,31311,10
12.9981403351,80.2156829834,31311,31321,10
12.997420311,80.2163162231,31321,31372,51
12.997420311,80.2163162231,31372,31382,10
12.997209549,80.2165603638,31382,31392,10
12.9968004227,80.2165679932,31392,31402,10
12.9963598251,80.2166900635,31402,31412,10
12.9957399368,80.2167663574,31412,31422,10
12.9951400757,80.2170333862,31422,31431,9
12.9949502945,80.2171630859,31431,31441,10
12.9946203232,80.217376709,31441,31452,11
12.9941196442,80.2177276611,31452,31462,10
12.9934997559,80.2181930542,31462,31473,11
12.9927997589,80.2186889648,31473,31483,10
12.9920501709,80.21925354,31483,31493,10
12.9912996292,80.2197799683,31493,31503,10
12.9907999039,80.2201766968,31503,31513,10
12.9907398224,80.2202224731,31513,31523,10
12.9906997681,80.2202529907,31523,31533,10
12.9904603958,80.2204284668,31533,31543,10
12.9900598526,80.2208099365,31543,31553,10
12.9896402359,80.221321106,31553,31563,10
12.9892101288,80.2218322754,31563,31574,11
12.9886398315,80.2224197388,31574,31584,10
12.9881000519,80.2228775024,31584,31594,10
12.9876298904,80.2230911255,31594,31604,10
12.9875001907,80.2230987549,31604,31614,10
12.9871397018,80.2230300903,31614,31624,10
12.9866800308,80.2229690552,31624,31634,10
12.9859399796,80.2229614258,31634,31644,10
12.9854602814,80.2232894897,31644,31654,10
12.984919548,80.22315979,31654,31664,10
12.9845199585,80.2229385376,31664,31675,11
12.9843101501,80.2228317261,31675,31685,10
12.9841403961,80.2227172852,31685,31695,10
12.9839096069,80.2226028442,31695,31705,10
12.9836397171,80.2224502563,31705,31715,10
12.9834098816,80.2222900391,31715,31725,10
12.98320961,80.2221603394,31725,31745,20
12.98320961,80.2221603394,31745,31755,10
12.9830999374,80.2220687866,31755,31765,10
12.9829101563,80.2219772339,31765,31776,11
12.9823598862,80.2217712402,31776,31786,10
12.9817895889,80.2214431763,31786,31796,10
12.981300354,80.2211303711,31796,31806,10
12.9808797836,80.2210083008,31806,31816,10
12.9803199768,80.2210998535,31816,31826,10
12.9797401428,80.2211074829,31826,31836,10
12.9789600372,80.2211608887,31836,31846,10
12.9781398773,80.2211685181,31846,31856,10
12.9777698517,80.221206665,31856,31866,10
12.9772796631,80.2212219238,31866,31877,11
12.976149559,80.2212982178,31877,31937,60
12.976149559,80.2212982178,31937,31947,10
12.9759197235,80.2212982178,31947,31957,10
12.9756402969,80.2210464478,31957,31998,41
12.9756402969,80.2210464478,31998,32008,10
12.9755897522,80.2210083008,32008,32018,10
12.9752702713,80.2207794189,32018,32028,10
12.9746999741,80.2204971313,32028,32038,10
12.9739999771,80.2201919556,32038,32048,10
12.9733295441,80.219909668,32048,32058,10
12.9727201462,80.2196731567,32058,32068,10
12.9720401764,80.2194213867,32068,32079,11
12.9709997177,80.2191314697,32079,32099,20
12.9709997177,80.2191314697,32099,32109,10
12.9708204269,80.2190170288,32109,32119,10
12.970410347,80.2187805176,32119,32129,10
12.9698600769,80.2185821533,32129,32139,10
12.9692697525,80.2183380127,32139,32149,10
12.9686403275,80.2181015015,32149,32159,10
12.9679803848,80.2178268433,32159,32170,11
12.9672203064,80.2175292969,32170,32180,10
12.9664402008,80.2172164917,32180,32190,10
12.9655399323,80.2168502808,32190,32200,10
12.9645395279,80.2164382935,32200,32210,10
12.9635601044,80.216003418,32210,32220,10
12.9625701904,80.2155914307,32220,32230,10
12.961520195,80.2151794434,32230,32240,10
12.9604597092,80.2147598267,32240,32250,10
12.9594602585,80.2143936157,32250,32260,10
12.958439827,80.2139587402,32260,32270,10
12.9574804306,80.2135772705,32270,32287,17
12.9558897018,80.2129516602,32287,32299,12
12.9546203613,80.2124633789,32299,32309,10
12.9538698196,80.2121582031,32309,32317,8
12.9528799057,80.2117614746,32317,32327,10
12.9519395828,80.2113800049,32327,32340,13
12.950460434,80.2108078003,32340,32349,9
12.9495897293,80.2104721069,32349,32360,11
12.9486198425,80.2100906372,32360,32370,10
12.9476995468,80.2097320557,32370,32380,10
12.9465703964,80.2092819214,32380,32391,11
12.9452600479,80.2087478638,32391,32400,9
12.944439888,80.2084274292,32400,32411,11
12.9442396164,80.2083587646,32411,32421,10
12.9441299438,80.2083129883,32421,32431,10
12.9437103271,80.2081298828,32431,32441,10
12.9431400299,80.2078170776,32441,32451,10
12.9426498413,80.2072296143,32451,32461,10
12.9420900345,80.2066879272,32461,32472,11
12.9413404465,80.2061462402,32472,32482,10
12.9411001205,80.2060394287,32482,32492,10
12.9409103394,80.205947876,32492,32502,10
12.9404497147,80.2057723999,32502,32512,10
12.9398002625,80.2055664063,32512,32522,10
12.9390897751,80.2053604126,32522,32532,10
12.9383897781,80.2051391602,32532,32542,10
12.9376296997,80.2049179077,32542,32552,10
12.936829567,80.2046966553,32552,32562,10
12.9359903336,80.2044677734,32562,32573,11
12.9352197647,80.2041473389,32573,32583,10
12.9344997406,80.2039794922,32583,32593,10
12.933839798,80.2039337158,32593,32603,10
12.9338102341,80.203918457,32603,32613,10
12.9335899353,80.2039031982,32613,32623,10
12.933139801,80.2037811279,32623,32633,10
12.9327096939,80.2035903931,32633,32643,10
12.9320898056,80.20337677,32643,32653,10
12.9313802719,80.2031402588,32653,32663,10
12.9306297302,80.2029190063,32663,32674,11
12.9297304153,80.202796936,32674,32684,10
12.929599762,80.202796936,32684,32694,10
12.9295501709,80.202796936,32694,32704,10
12.9291801453,80.2027435303,32704,32714,10
12.9286499023,80.20262146,32714,32724,10
12.9284801483,80.2019729614,32724,32734,10
12.928440094,80.2010803223,32734,32744,10
12.9283800125,80.2000808716,32744,32754,10
12.9280996323,80.1991424561,32754,32764,10
12.9276504517,80.1983337402,32764,32775,11
12.9268598557,80.1977386475,32775,32785,10
12.926030159,80.1975097656,32785,32795,10
12.9254798889,80.197517395,32795,32805,10
12.9252195358,80.1975097656,32805,32815,10
12.9246997833,80.1975097656,32815,32825,10
12.9239702225,80.1974868774,32825,32835,10
12.9231595993,80.1974334717,32835,32845,10
12.9223098755,80.1973190308,32845,32855,10
12.9220600128,80.1972885132,32855,32865,10
12.9218902588,80.1972427368,32865,32876,11
12.9216003418,80.1971282959,32876,32886,10
12.9213399887,80.1970367432,32886,32896,10
12.9209403992,80.1968917847,32896,32906,10
12.9203996658,80.1967010498,32906,32916,10
12.9198102951,80.1964874268,32916,32926,10
12.9194002151,80.1962890625,32926,32936,10
12.9191398621,80.1961212158,32936,32946,10
12.9189996719,80.1959991455,32946,32956,10
12.9189901352,80.1959991455,32956,32966,10
12.9187402725,80.1957702637,32966,32977,11
12.9183301926,80.1953887939,32977,32987,10
12.9177999496,80.1949081421,32987,32997,10
12.9172697067,80.1943817139,32997,33007,10
12.9171600342,80.1942214966,33007,33017,10
12.917140007,80.1941833496,33017,33027,10
12.9170398712,80.1938171387,33027,33037,10
12.9170198441,80.1932525635,33037,33047,10
12.917140007,80.1923522949,33047,33078,31
12.917140007,80.1923522949,33078,33088,10
12.9172000885,80.1918563843,33088,33098,10
12.9172401428,80.1914215088,33098,33108,10
12.9172401428,80.1913909912,33108,33118,10
12.9172801971,80.1912078857,33118,33128,10
12.9173498154,80.1907806396,33128,33138,10
12.9173898697,80.1901931763,33138,33148,10
12.9175796509,80.1894683838,33148,33158,10
12.9179897308,80.1887130737,33158,33168,10
12.9186296463,80.1879806519,33168,33179,11
12.9194498062,80.1870803833,33179,33189,10
12.9202299118,80.1861877441,33189,33199,10
12.9205799103,80.185256958,33199,33209,10
12.92029953,80.1841812134,33209,33219,10
12.9200801849,80.1831512451,33219,33229,10
12.9199304581,80.1825714111,33229,33239,10
12.9199199677,80.1825332642,33239,33249,10
12.9198303223,80.1821365356,33249,33259,10
12.9197101593,80.1815032959,33259,33269,10
12.9195604324,80.1807403564,33269,33280,11
12.9193496704,80.1798171997,33280,33290,10
12.9188699722,80.1789474487,33290,33300,10
12.9182395935,80.1780471802,33300,33310,10
12.9182796478,80.176940918,33310,33320,10
12.9183301926,80.176612854,33320,33330,10
12.9183597565,80.1765289307,33330,33340,10
12.9184303284,80.1761627197,33340,33350,10
12.918589592,80.1755981445,33350,33360,10
12.9187602997,80.1748504639,33360,33370,10
12.9189596176,80.1740722656,33370,33381,11
12.919210434,80.1731109619,33381,33391,10
12.9194402695,80.1722412109,33391,33401,10
12.9196796417,80.1713485718,33401,33411,10
12.9198303223,80.1708679199,33411,33421,10
12.9198799133,80.1707382202,33421,33431,10
12.9200296402,80.1702575684,33431,33441,10
12.9202604294,80.1695098877,33441,33451,10
12.9205598831,80.1685791016,33451,33461,10
12.9208297729,80.1677322388,33461,33471,10
12.9211101532,80.1668701172,33471,33482,11
12.921500206,80.1657333374,33482,33492,10
12.9218301773,80.1647033691,33492,33502,10
12.9220695496,80.1639175415,33502,33512,10
12.9223203659,80.1631011963,33512,33528,16
12.9226999283,80.1619262695,33528,33540,12
12.9230804443,80.1606521606,33540,33560,20
12.9230804443,80.1606521606,33560,33570,10
12.9231395721,80.1604995728,33570,33581,11
12.9232501984,80.1601486206,33581,33591,10
12.9233598709,80.1593017578,33591,33601,10
12.9234695435,80.1583786011,33601,33610,9
12.9235696793,80.1573486328,33610,33621,11
12.9236698151,80.1562194824,33621,33631,10
12.9234895706,80.1552734375,33631,33641,10
12.9233598709,80.1549224854,33641,33651,10
12.9233598709,80.1547927856,33651,33661,10
12.9232797623,80.1544036865,33661,33671,10
12.9231300354,80.1538009644,33671,33682,11
12.9229402542,80.1530227661,33682,33692,10
12.9228496552,80.1526870728,33692,33702,10
12.9228000641,80.1524581909,33702,33712,10
12.9226999283,80.1520462036,33712,33722,10
12.9227104187,80.1519622803,33722,33732,10
12.9226903915,80.1516189575,33732,33742,10
12.9226799011,80.1509017944,33742,33752,10
12.9226503372,80.1499786377,33752,33762,10
12.9225997925,80.1489715576,33762,33772,10
12.9225797653,80.1481323242,33772,33783,11
12.9225502014,80.1476974487,33783,33793,10
12.922539711,80.147277832,33793,33803,10
12.922539711,80.1468582153,33803,33813,10
12.922539711,80.1467437744,33813,33823,10
12.922539711,80.1462783813,33823,33833,10
12.922539711,80.1455917358,33833,33843,10
12.9225101471,80.144821167,33843,33853,10
12.9224796295,80.1439590454,33853,33863,10
12.9224395752,80.1433868408,33863,33914,51
12.9224395752,80.1433868408,33914,33924,10
12.9224500656,80.143371582,33924,33934,10
12.9224395752,80.1429977417,33934,33944,10
12.9224500656,80.1425018311,33944,33954,10
12.9223899841,80.1415176392,33954,33974,20
12.9223899841,80.1415176392,33974,33985,11
12.9223899841,80.1411590576,33985,33995,10
12.9223899841,80.1406402588,33995,34005,10
12.9224004745,80.1400604248,34005,34015,10
12.9223899841,80.1393508911,34015,34025,10
12.9224395752,80.1385726929,34025,34035,10
12.9224700928,80.138130188,34035,34045,10
12.9224796295,80.137550354,34045,34055,10
12.9225196838,80.1367263794,34055,34065,10
12.9225597382,80.1357116699,34065,34076,11
12.9225997925,80.1344985962,34076,34086,10
12.922659874,80.1333694458,34086,34096,10
12.9226703644,80.1325073242,34096,34106,10
12.9226903915,80.1317596436,34106,34116,10
12.9227104187,80.1312026978,34116,34125,9
12.9227199554,80.1310577393,34125,34136,11
12.9227800369,80.1304626465,34136,34146,10
12.9228200912,80.129699707,34146,34156,10
12.9228601456,80.1289901733,34156,34166,10
12.9228897095,80.1283874512,34166,34177,11
12.9229202271,80.1277770996,34177,34187,10
12.9229402542,80.127166748,34187,34197,10
12.9229402542,80.1264038086,34197,34207,10
12.9229803085,80.1256484985,34207,34217,10
12.9230203629,80.1248703003,34217,34227,10
12.92304039,80.1240997314,34227,34237,10
12.9230604172,80.1232681274,34237,34247,10
12.9231004715,80.1223220825,34247,34257,10
12.923119545,80.1214828491,34257,34267,10
12.9231595993,80.1208877563,34267,34288,21
12.9231595993,80.1208877563,34288,34298,10
12.9231595993,80.1208114624,34298,34308,10
12.9232196808,80.1204223633,34308,34338,30
12.9232196808,80.1204223633,34338,34348,10
12.9232501984,80.120262146,34348,34358,10
12.9232902527,80.1197433472,34358,34368,10
12.9232997894,80.1191101074,34368,34379,11
12.923330307,80.118309021,34379,34389,10
12.9234399796,80.1174926758,34389,34399,10
12.9234695435,80.1168289185,34399,34429,30
12.9234695435,80.1168289185,34429,34439,10
12.923620224,80.1169281006,34439,34449,10
12.9235801697,80.1174087524,34449,34459,10
12.9236297607,80.118057251,34459,34469,10
12.9235401154,80.1188430786,34469,34480,11
12.9234304428,80.1196517944,34480,34490,10
12.9233598709,80.1201095581,34490,34500,10
12.9233598709,80.1201477051,34500,34510,10
12.9233598709,80.1204223633,34510,34520,10
12.9233398438,80.1209411621,34520,34530,10
12.9233503342,80.1214065552,34530,34921,391
12.9233503342,80.1214065552,34921,34931,10
12.9233198166,80.1216430664,34931,34941,10
12.9232797623,80.1222381592,34941,34951,10
12.9232397079,80.1230392456,34951,34961,10
12.9231996536,80.1238937378,34961,34971,10
12.9231700897,80.1246871948,34971,34982,11
12.9231300354,80.1253204346,34982,35012,30
12.9231300354,80.1253204346,35012,35022,10
12.9230804443,80.1257400513,35022,35032,10
12.9230604172,80.1262893677,35032,35042,10
12.9230604172,80.126991272,35042,35052,10
12.9230499268,80.1276016235,35052,35062,10
12.9230604172,80.128112793,35062,35072,10
12.9229803085,80.1287612915,35072,35083,11
12.9229097366,80.1295394897,35083,35093,10
12.9228801727,80.1302719116,35093,35103,10
12.9228801727,80.1309967041,35103,35113,10
12.9228496552,80.1312789917,35113,35123,10
12.9228096008,80.131477356,35123,35133,10
12.9227895737,80.1320419312,35133,35143,10
12.9227399826,80.1328811646,35143,35153,10
12.9226903915,80.1339111328,35153,35163,10
12.9226503372,80.1348419189,35163,35173,10
12.9226102829,80.1356430054,35173,35184,11
12.9225597382,80.1364974976,35184,35194,10
12.9225196838,80.1372909546,35194,35204,10
12.9224996567,80.1381912231,35204,35214,10
12.922419548,80.1390686035,35214,35224,10
12.922419548,80.140007019,35224,35234,10
12.9224500656,80.1407623291,35234,35244,10
12.9224500656,80.1417007446,35244,35254,10
12.9224796295,80.1424407959,35254,35270,16
12.9224996567,80.142578125,35270,35283,13
12.9225301743,80.1429290771,35283,35293,10
12.9225702286,80.1435012817,35293,35323,30
12.9225702286,80.1435012817,35323,35333,10
12.9225702286,80.1436920166,35333,35343,10
12.9225597382,80.1442489624,35343,35353,10
12.9226102829,80.1450500488,35353,35364,11
12.9226703644,80.1462097168,35364,35374,10
12.9226999283,80.1470413208,35374,35385,11
12.9226999283,80.1476135254,35385,35395,10
12.9226799011,80.1484069824,35395,35405,10
12.9227304459,80.1493911743,35405,35415,10
12.922750473,80.1504974365,35415,35425,10
12.9228200912,80.1514282227,35425,35445,20
12.9228200912,80.1514282227,35445,35455,10
12.9228096008,80.1516723633,35455,35465,10
12.9228496552,80.1521377563,35465,35475,10
12.9230098724,80.1528396606,35475,35486,11
12.9232397079,80.1537094116,35486,35496,10
12.9234600067,80.1544723511,35496,35506,10
12.923500061,80.1546096802,35506,35516,10
12.9235401154,80.1547775269,35516,35526,10
12.9236297607,80.1552276611,35526,35536,10
12.923789978,80.1559295654,35536,35546,10
12.9237098694,80.1568222046,35546,35556,10
12.9236097336,80.1579208374,35556,35566,10
12.9235095978,80.1590576172,35566,35577,11
12.9233999252,80.1602478027,35577,35597,20
12.9233999252,80.1602478027,35597,35607,10
12.9232997894,80.1605300903,35607,35617,10
12.923119545,80.1611022949,35617,35627,10
12.9228696823,80.1618728638,35627,35637,10
12.9226703644,80.1625137329,35637,35647,10
12.9225902557,80.1627807617,35647,35657,10
12.9223899841,80.1633911133,35657,35667,10
12.922129631,80.1641921997,35667,35678,11
12.9217796326,80.1652908325,35678,35688,10
12.9214601517,80.1662826538,35688,35698,10
12.9211597443,80.1672363281,35698,35708,10
12.9209604263,80.1679077148,35708,35718,10
12.9208698273,80.1680908203,35718,35728,10
12.9207296371,80.1684494019,35728,35738,10
12.9205904007,80.1689224243,35738,35748,10
12.92029953,80.1698532104,35748,35758,10
12.9200401306,80.1707229614,35758,35768,10
12.919960022,80.1709976196,35768,35779,11
12.9199399948,80.1711120605,35779,35789,10
12.9197998047,80.1715316772,35789,35799,10
12.9195899963,80.1721801758,35799,35809,10
12.919380188,80.1729736328,35809,35819,10
12.9191503525,80.1738586426,35819,35829,10
12.9188699722,80.1749191284,35829,35839,10
12.9185800552,80.1759872437,35839,35849,10
12.9184398651,80.1767120361,35849,35859,10
12.918419838,80.1769180298,35859,35869,10
12.9183197021,80.1775436401,35869,35880,11
12.9186096191,80.1783981323,35880,35890,10
12.9191904068,80.1791992188,35890,35899,9
12.9195203781,80.1801605225,35899,35910,11
12.9197797775,80.1814422607,35910,35920,10
12.9200401306,80.1826019287,35920,35930,10
12.9202604294,80.1835021973,35930,35940,10
12.9203996658,80.1840286255,35940,35950,10
12.9204998016,80.1844482422,35950,35960,10
12.9205799103,80.1848068237,35960,35970,10
12.9207000732,80.1852493286,35970,35991,21
12.9207000732,80.1852493286,35991,36001,10
12.9207201004,80.1855773926,36001,36011,10
12.9204797745,80.1860809326,36011,36021,10
12.9199800491,80.1866378784,36021,36031,10
12.9194402695,80.18724823,36031,36041,10
12.919090271,80.1876525879,36041,36051,10
12.9188299179,80.1879425049,36051,36061,10
12.9184999466,80.1883010864,36061,36071,10
12.9180603027,80.1887817383,36071,36082,11
12.9176797867,80.1895370483,36082,36092,10
12.9175300598,80.1903076172,36092,36102,10
12.9174604416,80.190826416,36102,36112,10
12.9174098969,80.1913604736,36112,36122,10
12.9173803329,80.1917419434,36122,36132,10
12.9173698425,80.1919784546,36132,36183,51
12.9173698425,80.1919784546,36183,36193,10
12.9173002243,80.1923599243,36193,36223,30
12.9173002243,80.1923599243,36223,36233,10
12.9172201157,80.1926498413,36233,36243,10
12.9171800613,80.1931381226,36243,36263,20
12.9171800613,80.1931381226,36263,36273,10
12.9172000885,80.1933898926,36273,36284,11
12.9172401428,80.1938018799,36284,36294,10
12.9172401428,80.1938705444,36294,36304,10
12.9173202515,80.1941986084,36304,36314,10
12.9176902771,80.1946487427,36314,36324,10
12.9182300568,80.1951675415,36324,36334,10
12.9188604355,80.1957626343,36334,36344,10
12.9196901321,80.1963500977,36344,36354,10
12.9205303192,80.1966781616,36354,36364,10
12.9208698273,80.1967926025,36364,36374,10
12.9212903976,80.196937561,36374,36385,11
12.9219398499,80.1971664429,36385,36395,10
12.9227399826,80.197303772,36395,36405,10
12.9235496521,80.1974105835,36405,36415,10
12.9243803024,80.1974411011,36415,36425,10
12.9249000549,80.1974411011,36425,36435,10
12.9252004623,80.1974334717,36435,36445,10
12.9254102707,80.1974334717,36445,36455,10
12.9257497787,80.1974334717,36455,36475,20
12.9257497787,80.1974334717,36475,36486,11
12.9260101318,80.1974411011,36486,36496,10
12.9262695313,80.197479248,36496,36506,10
12.9266796112,80.1976013184,36506,36516,10
12.9270401001,80.1977767944,36516,36526,10
12.9274501801,80.1980361938,36526,36536,10
12.9278402328,80.1985015869,36536,36546,10
12.9281902313,80.1991729736,36546,36556,10
12.9284296036,80.1998596191,36556,36566,10
12.9285097122,80.200592041,36566,36576,10
12.9285402298,80.2013473511,36576,36587,11
12.928560257,80.2019882202,36587,36597,10
12.9287395477,80.202583313,36597,36607,10
12.9293498993,80.2026672363,36607,36617,10
12.9294595718,80.2026672363,36617,36627,10
12.9297504425,80.2026901245,36627,36637,10
12.9303197861,80.2027816772,36637,36647,10
12.930970192,80.2029266357,36647,36657,10
12.93171978,80.2031707764,36657,36667,10
12.9323797226,80.2033996582,36667,36677,10
12.9328699112,80.2035598755,36677,36688,11
12.9332199097,80.2037200928,36688,36698,10
12.9338903427,80.2038192749,36698,36718,20
12.9338903427,80.2038192749,36718,36728,10
12.9340696335,80.2038116455,36728,36738,10
12.9344797134,80.2038726807,36738,36748,10
12.934920311,80.2039413452,36748,36758,10
12.9354400635,80.2041625977,36758,36768,10
12.9361600876,80.2044296265,36768,36778,10
12.9369497299,80.2046585083,36778,36789,11
12.9378499985,80.2049179077,36789,36799,10
12.9384498596,80.205078125,36799,36809,10
12.9389896393,80.2052536011,36809,36819,10
12.9395198822,80.2054214478,36819,36839,20
12.9395198822,80.2054214478,36839,36849,10
12.939740181,80.2054824829,36849,36859,10
12.9400396347,80.2055435181,36859,36879,20
12.9400396347,80.2055435181,36879,36889,10
12.9402999878,80.2056274414,36889,36900,11
12.9408302307,80.2058029175,36900,36910,10
12.9414596558,80.2061233521,36910,36920,10
12.942150116,80.2066192627,36920,36930,10
12.9425697327,80.206993103,36930,36940,10
12.942779541,80.2072372437,36940,36950,10
12.9430503845,80.2076263428,36950,36960,10
12.9434299469,80.2079620361,36960,36970,10
12.9439697266,80.2081604004,36970,36980,10
12.9441204071,80.2082138062,36980,36991,11
12.9441699982,80.2082366943,36991,37001,10
12.9444999695,80.2083816528,37001,37011,10
12.9450597763,80.2086029053,37011,37021,10
12.9457798004,80.2088699341,37021,37031,10
12.9465503693,80.2091598511,37031,37041,10
12.9472103119,80.2094192505,37041,37051,10
12.9478702545,80.2096786499,37051,37061,10
12.948559761,80.2099609375,37061,37071,10
12.9493398666,80.2102584839,37071,37081,10
12.9503803253,80.2106704712,37081,37092,11
12.9514198303,80.2110519409,37092,37102,10
12.9522399902,80.2113800049,37102,37112,10
12.9531002045,80.2117233276,37112,37122,10
12.9539499283,80.2120666504,37122,37132,10
12.9548196793,80.2124099731,37132,37142,10
12.9557600021,80.2127990723,37142,37152,10
12.9566698074,80.213142395,37152,47052,9900
12.9754695892,80.2204971313,47052,47064,12
12.9759998322,80.2201385498,47064,47074,10
12.9763402939,80.2199020386,47074,47084,10
12.9764900208,80.2198867798,47084,47094,10
12.9769802094,80.2197036743,47094,47104,10
12.9776096344,80.2194366455,47104,47114,10
12.9783496857,80.2191390991,47114,47124,10
12.9787302017,80.2190170288,47124,47134,10
12.97935009,80.2187271118,47134,47144,10
12.9800395966,80.2184677124,47144,47155,11
12.9808502197,80.2181777954,47155,47165,10
12.9816598892,80.217918396,47165,47175,10
12.9822597504,80.2178573608,47175,47185,10
12.9822902679,80.2178573608,47185,47195,10
12.9826602936,80.217880249,47195,47205,10
12.983300209,80.2178878784,47205,47215,10
12.9841098785,80.2178497314,47215,47225,10
12.9845695496,80.2178192139,47225,47235,10
12.9847898483,80.2178192139,47235,47246,11
12.9854602814,80.2178268433,47246,47256,10
12.9862499237,80.2179870605,47256,47266,10
12.9870300293,80.2181625366,47266,47276,10
12.9873800278,80.2182388306,47276,47286,10
12.987739563,80.2182998657,47286,47296,10
12.9884195328,80.2184524536,47296,47306,10
12.9891395569,80.2186584473,47306,47316,10
12.989979744,80.2189178467,47316,47326,10
12.9909601212,80.2192611694,47326,47336,10
12.9916200638,80.2193908691,47336,47346,10
12.9921398163,80.2190628052,47346,47363,17
12.9933004379,80.2181777954,47363,47375,12
12.9940795898,80.217590332,47375,47385,10
12.9946098328,80.2172012329,47385,47397,12
12.9951200485,80.2168579102,47397,47407,10
12.9956703186,80.2166519165,47407,47417,10
12.996219635,80.2165298462,47417,47427,10
12.9968395233,80.2164611816,47427,47437,10
12.9972696304,80.2163314819,47437,47447,10
12.9975700378,80.2160186768,47447,47458,11
12.9975795746,80.2160110474,47458,47468,10
12.9977798462,80.2158432007,47468,47478,10
12.9981603622,80.2154998779,47478,47488,10
12.9987297058,80.2150115967,47488,47498,10
12.9990997314,80.2147064209,47498,47509,11
12.9994001389,80.2144393921,47509,47519,10
12.999879837,80.2140274048,47519,47529,10
13.0003404617,80.2136077881,47529,47538,9
13.0008201599,80.2131729126,47538,47550,12
13.0015201569,80.212638855,47550,47560,10
13.0020904541,80.212272644,47560,47570,10
13.0026798248,80.2120819092,47570,47580,10
13.0033197403,80.2120437622,47580,47590,10
13.0038299561,80.2119598389,47590,47600,10
13.00440979,80.2121887207,47600,47610,10
13.0049495697,80.2124786377,47610,47620,10
13.005610466,80.2128601074,47620,47630,10
13.0061903,80.2127838135,47630,47640,10
13.0067300797,80.2127304077,47640,47651,11
13.0074300766,80.2127914429,47651,47661,10
13.0078601837,80.2130889893,47661,47671,10
13.0079803467,80.2131576538,47671,47681,10
13.0080404282,80.2131881714,47681,47691,10
13.0083398819,80.2133026123,47691,47701,10
13.0087299347,80.2136688232,47701,47711,10
13.0091896057,80.2142791748,47711,47721,10
13.009519577,80.2147521973,47721,47731,10
13.0096702576,80.2149810791,47731,47741,10
13.0099601746,80.2153701782,47741,47752,11
13.0104904175,80.2160110474,47752,47762,10
13.0107603073,80.2167205811,47762,47772,10
13.011059761,80.2174224854,47772,47782,10
13.011349678,80.2181777954,47782,47792,10
13.0116596222,80.2190704346,47792,47802,10
13.0119895935,80.2200775146,47802,47812,10
13.0122900009,80.2210083008,47812,47822,10
13.0124597549,80.2215881348,47822,47832,10
13.0129203796,80.2222213745,47832,47842,10
13.0134401321,80.2228469849,47842,47853,11
13.0140199661,80.2234802246,47853,47863,10
13.0143299103,80.2238922119,47863,47873,10
13.0147304535,80.2243728638,47873,47883,10
13.0151796341,80.2248687744,47883,47893,10
13.01541996,80.225189209,47893,47903,10
13.0154399872,80.2254714966,47903,47913,10
13.0152597427,80.2258071899,47913,47923,10
13.0149297714,80.2259368896,47923,47933,10
13.0149202347,80.2259521484,47933,47943,10
13.0148296356,80.2259902954,47943,47954,11
13.014550209,80.22605896,47954,47964,10
13.0145196915,80.2260665894,47964,47974,10
13.014380455,80.2261199951,47974,47984,10
13.0141801834,80.2261276245,47984,47994,10
13.0141296387,80.2255783081,47994,48184,190
13.0141296387,80.2255783081,48184,48194,10
13.0141201019,80.2253189087,48194,48204,10
13.0143699646,80.2254486084,48204,48214,10
13.014380455,80.2256164551,48214,49628,1414
13.014380455,80.2256164551,49628,49638,10
13.0143003464,80.2259063721,49638,49659,21
13.0142202377,80.2260665894,49659,49679,20
13.0142202377,80.2260665894,49679,49689,10
13.0141897202,80.2262496948,49689,49699,10
13.0138502121,80.2263870239,49699,49709,10
13.0132703781,80.2266311646,49709,49719,10
13.0125598907,80.2269134521,49719,49729,10
13.0116796494,80.2272415161,49729,49739,10
13.0106601715,80.2276382446,49739,49749,10
13.0098199844,80.2279510498,49749,49760,11
13.009519577,80.2275009155,49760,49770,10
13.0097703934,80.2269287109,49770,49780,10
13.0100402832,80.2263183594,49780,49790,10
13.0102500916,80.2258605957,49790,49800,10
13.0103998184,80.2255706787,49800,49850,50
13.0103998184,80.2255706787,49850,49861,11
13.0104904175,80.2253875732,49861,49871,10
13.0105400085,80.2253036499,49871,49881,10
13.01060009,80.225151062,49881,49891,10
13.0106897354,80.2249832153,49891,49901,10
13.0107698441,80.2247695923,49901,49911,10
13.0108995438,80.2244415283,49911,49921,10
13.0110397339,80.2240829468,49921,49931,10
13.0111999512,80.2236404419,49931,49962,31
13.0111999512,80.2236404419,49962,49972,10
13.0111999512,80.2235183716,49972,49982,10
13.0112895966,80.2232971191,49982,49992,10
13.011590004,80.2233810425,49992,50002,10
13.0121803284,80.2236480713,50002,50012,10
13.0126895905,80.2239227295,50012,50022,10
13.013299942,80.2242202759,50022,50032,10
13.0139703751,80.2245788574,50032,50042,10
13.0145902634,80.2249526978,50042,50052,10
13.0147695541,80.2250289917,50052,50063,11
13.0150203705,80.2251968384,50063,50073,10
13.0153102875,80.2253494263,50073,50083,10
13.0156698227,80.2253036499,50083,50099,16
13.0166196823,80.2252578735,50099,50111,12
13.0175695419,80.224861145,50111,50119,8
13.0183200836,80.2245635986,50119,50129,10
13.0192203522,80.2243270874,50129,50141,12
13.0195703506,80.2244186401,50141,50151,10
13.0197401047,80.2245483398,50151,50161,10
13.0201196671,80.2248306274,50161,50172,11
13.0206403732,80.225189209,50172,50182,10
13.0211496353,80.2255630493,50182,50192,10
13.0217599869,80.2260284424,50192,50202,10
13.0223798752,80.2265319824,50202,50212,10
13.0229797363,80.2270812988,50212,50222,10
13.0235900879,80.2276306152,50222,50232,10
13.0241699219,80.2282409668,50232,50242,10
13.0245399475,80.2287368774,50242,50252,10
13.0249204636,80.2292785645,50252,50262,10
13.025349617,80.2298431396,50262,50273,11
13.0257701874,80.2304992676,50273,50291,18
13.0263204575,80.231262207,50291,50303,12
13.0271596909,80.2310562134,50303,50311,8
13.0277500153,80.2309570313,50311,50323,12
13.0284700394,80.2308883667,50323,50333,10
13.0291004181,80.2308502197,50333,50353,20
13.0291004181,80.2308502197,50353,50363,10
13.0293197632,80.2307662964,50363,50373,10
13.0297403336,80.2307662964,50373,50384,11
13.0301799774,80.2307281494,50384,50394,10
13.030670166,80.230682373,50394,50404,10
13.03125,80.2306365967,50404,50414,10
13.0319404602,80.2305908203,50414,50424,10
13.0326700211,80.2305603027,50424,50434,10
13.0335197449,80.2304916382,50434,50443,9
13.0340995789,80.2304611206,50443,50454,11
13.0342102051,80.2304229736,50454,50465,11
13.0345697403,80.2303237915,50465,50475,10
13.0349197388,80.2301712036,50475,50485,10
13.0350399017,80.2299423218,50485,50495,10
13.0349397659,80.229850769,50495,50505,10
13.0345697403,80.2298126221,50505,50515,10
13.0342702866,80.2297973633,50515,50737,222
13.0342702866,80.2297973633,50737,50747,10
13.0342197418,80.2302017212,50747,50798,51
13.0342197418,80.2302017212,50798,50808,10
13.0340003967,80.2304534912,50808,50818,10
13.0335597992,80.23046875,50818,50828,10
13.0329799652,80.230506897,50828,50838,10
13.0323696136,80.2305603027,50838,50848,10
13.0316896439,80.2306518555,50848,50858,10
13.0310297012,80.2307128906,50858,50874,16
13.0304403305,80.2307662964,50874,50887,13
13.0300302505,80.230796814,50887,50897,10
13.0297403336,80.2308273315,50897,50907,10
13.0293798447,80.2308731079,50907,50917,10
13.0287704468,80.2309188843,50917,50927,10
13.0282897949,80.2309875488,50927,50937,10
13.0279798508,80.2310180664,50937,50947,10
13.0276603699,80.2311325073,50947,50957,10
13.0277004242,80.2315292358,50957,50967,10
13.0277795792,80.2321777344,50967,50978,11
13.0277395248,80.2327804565,50978,50988,10
13.0271997452,80.2329101563,50988,50997,9
13.0269098282,80.2329788208,50997,51007,10
13.0266399384,80.233039856,51007,51018,11
13.0263299942,80.2327880859,51018,51028,10
13.026140213,80.2321777344,51028,51038,10
13.0260601044,80.2317962646,51038,51048,10
13.0259199142,80.2312164307,51048,51055,7
13.0257501602,80.230682373,51055,51068,13
13.025179863,80.2297592163,51068,51079,11
13.0247402191,80.2292480469,51079,51089,10
13.0245199203,80.2289505005,51089,51099,10
13.0241098404,80.2284393311,51099,51109,10
13.023639679,80.2278823853,51109,51119,10
13.0230703354,80.2274627686,51119,51139,20
13.0230703354,80.2274627686,51139,51162,23
13.0227403641,80.227180481,51162,51174,12
13.0222702026,80.226600647,51174,51185,11
13.0215797424,80.226020813,51185,51195,10
13.0208597183,80.225440979,51195,51203,8
13.020409584,80.2251663208,51203,51215,12
13.0200796127,80.2249679565,51215,51225,10
13.0195198059,80.2246170044,51225,51235,10
13.0186195374,80.2246170044,51235,51245,10
13.0177097321,80.2249832153,51245,51255,10
13.0167999268,80.2253494263,51255,51265,10
13.0162401199,80.2255706787,51265,51275,10
13.0156402588,80.2257614136,51275,51286,11
13.0150604248,80.2260131836,51286,51296,10
13.0144395828,80.2262268066,51296,51306,10
13.0143003464,80.2262878418,51306,51316,10
13.0140800476,80.2263793945,51316,51326,10
13.0135097504,80.2265701294,51326,51336,10
13.0127401352,80.2268295288,51336,51346,10
13.0118598938,80.2271728516,51346,51356,10
13.0108604431,80.2275695801,51356,51366,10
13.0098896027,80.2279586792,51366,51377,11
13.0095701218,80.2274932861,51377,51386,9
13.0098104477,80.2269363403,51386,51397,11
13.0101604462,80.2261123657,51397,51407,10
13.0104999542,80.2252731323,51407,51417,10
13.010840416,80.2244567871,51417,51427,10
13.01101017,80.2240066528,51427,51437,10
13.0111303329,80.2236709595,51437,51447,10
13.0112104416,80.2234573364,51447,51456,9
13.0111198425,80.22315979,51456,51467,11
13.0106296539,80.2229003906,51467,51478,11
13.0100803375,80.2226028442,51478,51488,10
13.0094900131,80.2222824097,51488,51498,10
13.0088701248,80.2219314575,51498,51508,10
13.0082101822,80.2215805054,51508,51518,10
13.0075101852,80.2211990356,51518,51528,10
13.0069599152,80.2209091187,51528,51538,10
13.0062398911,80.2205886841,51538,51548,10
13.0054998398,80.2204284668,51548,51558,10
13.0049104691,80.2202987671,51558,51568,10
13.0043897629,80.2201766968,51568,51579,11
13.0040903091,80.2201004028,51579,51589,10
13.0034799576,80.2199478149,51589,51599,10
13.0027198792,80.2196502686,51599,51609,10
13.0020103455,80.2190170288,51609,51619,10
13.0013303757,80.2183914185,51619,51629,10
13.0006599426,80.217956543,51629,51639,10
13.0000495911,80.2175827026,51639,51649,10
12.9993801117,80.2171783447,51649,51659,10
12.9987001419,80.2168426514,51659,51669,10
12.9979295731,80.2165908813,51669,51680,11
12.9972896576,80.2165222168,51680,51690,10
12.9971199036,80.2165222168,51690,51700,10
12.9965696335,80.2165298462,51700,51710,10
12.9959096909,80.2166595459,51710,51720,10
12.9952201843,80.2169418335,51720,51730,10
12.9946699142,80.2173233032,51730,51740,10
12.99421978,80.2176818848,51740,51750,10
12.9937601089,80.2180099487,51750,51760,10
12.9931402206,80.2184295654,51760,51771,11
12.992480278,80.2189331055,51771,51781,10
12.9917802811,80.2194671631,51781,51791,10
12.9911699295,80.219909668,51791,51801,10
12.9907503128,80.220199585,51801,51811,10
12.9905996323,80.2203292847,51811,51821,10
12.9901599884,80.220703125,51821,51831,10
12.9896097183,80.2212905884,51831,51841,10
12.9890499115,80.2220306396,51841,51851,10
12.9884395599,80.2226104736,51851,51861,10
12.9877700806,80.2230911255,51861,51871,10
12.987279892,80.2230911255,51871,51882,11
12.9867200851,80.2229995728,51882,51892,10
12.9862098694,80.2229995728,51892,51902,10
12.9856901169,80.2230834961,51902,51912,10
12.9854803085,80.2232894897,51912,51922,10
12.9850597382,80.2232437134,51922,51932,10
12.9845600128,80.2229919434,51932,51942,10
12.9841499329,80.2227096558,51942,51952,10
12.9833402634,80.2222366333,51952,51973,21
12.9832201004,80.2221374512,51973,51993,20
12.9832201004,80.2221374512,51993,52003,10
12.9829301834,80.2220230103,52003,52013,10
12.9824304581,80.2218399048,52013,52023,10
12.981880188,80.221572876,52023,52033,10
12.9811496735,80.2211380005,52033,52043,10
12.980389595,80.2210769653,52043,52053,10
12.9796600342,80.2211303711,52053,52063,10
12.9791603088,80.2211608887,52063,52074,11
12.9784698486,80.2211990356,52074,52084,10
12.978099823,80.2211914063,52084,52094,10
12.9775400162,80.2212295532,52094,52104,10
12.976849556,80.2212600708,52104,52114,10
12.9762601852,80.221282959,52114,52124,10
12.9758396149,80.2211990356,52124,52134,10
12.9755601883,80.2209396362,52134,52144,10
12.9755401611,80.2209320068,52144,52154,10
12.9754199982,80.2207489014,52154,52164,10
12.9751596451,80.2206268311,52164,52175,11
12.9747200012,80.2203826904,52175,52185,10
12.9740800858,80.2201004028,52185,52195,10
12.9736299515,80.2199630737,52195,52205,10
12.9729299545,80.2197036743,52205,52215,10
12.9720602036,80.219367981,52215,52225,10
12.9713802338,80.2191619873,52225,52235,10
12.9708404541,80.2190093994,52235,52245,10
12.9707603455,80.2189788818,52245,52255,10
12.9703397751,80.2187805176,52255,52265,10
12.9696903229,80.2185287476,52265,52276,11
12.9689397812,80.2182388306,52276,52286,10
12.9682598114,80.2179718018,52286,52296,10
12.9675798416,80.2176971436,52296,52306,10
12.966750145,80.217376709,52306,52316,10
12.9657001495,80.2169494629,52316,52326,10
12.9645996094,80.2165222168,52326,52336,10
12.9637804031,80.216178894,52336,52346,10
12.9632396698,80.2159118652,52346,52356,10
12.9624795914,80.2156066895,52356,52366,10
12.9615402222,80.2152633667,52366,52377,11
12.9603796005,80.2147903442,52377,52387,10
12.9593400955,80.2143707275,52387,52397,10
12.9582595825,80.2139205933,52397,52407,10
12.9572601318,80.2135009766,52407,52417,10
12.9563503265,80.2131271362,52417,52427,10
12.9553003311,80.2127380371,52427,52437,10
12.9542102814,80.212310791,52437,52447,10
12.9531402588,80.2118835449,52447,52457,10
12.9520597458,80.2114715576,52457,52467,10
12.9509897232,80.2110595703,52467,52478,11
12.9498500824,80.2106018066,52478,52488,10
12.9489002228,80.2102127075,52488,52498,10
12.9478998184,80.2098312378,52498,52508,10
12.9467096329,80.2093582153,52508,52518,10
12.9454898834,80.2089004517,52518,52528,10
12.9444599152,80.2084884644,52528,52538,10
12.9442300797,80.2083969116,52538,52547,9
12.9439401627,80.2082595825,52547,52558,11
12.9432697296,80.2079772949,52558,52568,10
12.9427204132,80.2073822021,52568,52579,11
12.9419698715,80.2065963745,52579,52589,10
12.941160202,80.2060699463,52589,52599,10
12.9410295486,80.2060012817,52599,52609,10
12.9406795502,80.2058563232,52609,52619,10
12.9400596619,80.205657959,52619,52629,10
12.9393100739,80.2054367065,52629,52639,10
12.9384403229,80.2051696777,52639,52649,10
12.9374504089,80.2048797607,52649,55776,3127
12.9180898666,80.1951217651,55776,55788,12
12.9187402725,80.1957015991,55788,55798,10
12.919719696,80.1963806152,55798,55808,10
12.9204702377,80.196647644,55808,55818,10
12.9206695557,80.1967086792,55818,55829,11
12.920800209,80.1967391968,55829,55838,9
12.9211196899,80.1968536377,55838,55849,11
12.921620369,80.197052002,55849,55859,10
12.9223604202,80.1972427368,55859,55869,10
12.9232501984,80.1973495483,55869,55879,10
12.9241104126,80.1974182129,55879,55889,10
12.9250402451,80.1974105835,55889,55899,10
12.9253997803,80.1974334717,55899,55909,10
12.9259500504,80.1974334717,55909,55919,10
12.9265899658,80.1975631714,55919,55930,11
12.9272203445,80.1978988647,55930,55940,10
12.9277095795,80.1983566284,55940,55950,10
12.9280796051,80.1990585327,55950,55960,10
12.9283895493,80.1998901367,55960,55970,10
12.9284696579,80.200630188,55970,55980,10
12.9285202026,80.2015609741,55980,55990,10
12.9286203384,80.2024688721,55990,56000,10
12.9293498993,80.2026672363,56000,56010,10
12.9294395447,80.2026672363,56010,56020,10
12.9298095703,80.2027206421,56020,56031,11
12.9306097031,80.2028427124,56031,56041,10
12.931429863,80.2030792236,56041,56051,10
12.9322299957,80.203338623,56051,56061,10
12.9330501556,80.2036437988,56061,56071,10
12.9337902069,80.2038192749,56071,56081,10
12.9340200424,80.2038192749,56081,56091,10
12.9342803955,80.2038497925,56091,56101,10
12.9349002838,80.203956604,56101,56111,10
12.935669899,80.2042770386,56111,56121,10
12.9365797043,80.2045593262,56121,56131,10
12.9374704361,80.2048110962,56131,56142,11
12.93846035,80.205078125,56142,56152,10
12.9394302368,80.2053833008,56152,56162,10
12.9400100708,80.2055435181,56162,56172,10
12.9401502609,80.2055892944,56172,56182,10
12.9407100677,80.2057800293,56182,56192,10
12.941450119,80.2061462402,56192,56202,10
12.942199707,80.2067184448,56202,56212,10
12.9428501129,80.2074127197,56212,56222,10
12.9435100555,80.2080230713,56222,56233,11
12.9442396164,80.2082901001,56233,56243,10
12.9443702698,80.2083435059,56243,56253,10
12.944560051,80.2084121704,56253,56263,10
12.9451398849,80.2086181641,56263,56273,10
12.9459199905,80.2089080811,56273,56283,10
12.9468002319,80.2092590332,56283,56293,10
12.947640419,80.2096099854,56293,56303,10
12.9484996796,80.2099304199,56303,56313,10
12.9494104385,80.2102966309,56313,56323,10
12.9507102966,80.2108230591,56323,56334,11
12.9518899918,80.2113113403,56334,56344,10
12.9528999329,80.2116928101,56344,56354,10
12.9539003372,80.2120895386,56354,56364,10
12.9549703598,80.2125320435,56364,56374,10
12.9560403824,80.2129516602,56374,56384,10
12.9571304321,80.2133789063,56384,56394,10
12.9582195282,80.2138214111,56394,56404,10
12.9593200684,80.2142410278,56404,56414,10
12.9603996277,80.2146911621,56414,56424,10
12.9614095688,80.2150878906,56424,56435,11
12.9625396729,80.2155380249,56435,56444,9
12.9632997513,80.2158432007,56444,56455,11
12.9636297226,80.2159729004,56455,56465,10
12.9640798569,80.2161178589,56465,56475,10
12.9646701813,80.2163696289,56475,56485,10
12.9653902054,80.2166671753,56485,56495,10
12.9660701752,80.2169265747,56495,56505,10
12.966750145,80.2172012329,56505,56515,10
12.9674301147,80.2174911499,56515,56525,10
12.9680404663,80.2177581787,56525,56536,11
12.9688501358,80.2180633545,56536,56546,10
12.9697504044,80.218421936,56546,56556,10
12.970749855,80.2188110352,56556,56566,10
12.9712200165,80.2189483643,56566,56576,10
12.971280098,80.2189788818,56576,56586,10
12.9716796875,80.2191467285,56586,56596,10
12.9722995758,80.2194213867,56596,56606,10
12.9730796814,80.2197265625,56606,56616,10
12.9739198685,80.2200698853,56616,56627,11
12.9747400284,80.2204208374,56627,56637,10
12.9752998352,80.2205886841,56637,56647,10
12.9754695892,80.2205123901,56647,56657,10
12.9755802155,80.2203598022,56657,56667,10
12.9759502411,80.2201309204,56667,56677,10
12.976360321,80.2198791504,56677,56687,10
12.9764795303,80.2198028564,56687,56697,10
12.9769496918,80.219619751,56697,56707,10
12.9776201248,80.219329834,56707,56717,10
12.9783401489,80.2190170288,56717,56727,10
12.978770256,80.2188568115,56727,56738,11
12.9795398712,80.2186126709,56738,56748,10
12.9799699783,80.2184371948,56748,56758,10
12.9804000854,80.2182388306,56758,56768,10
12.9810304642,80.2180175781,56768,56784,16
12.9823303223,80.2178192139,56784,56796,12
12.9834604263,80.2177886963,56796,56806,10
12.9837799072,80.2177581787,56806,56816,10
12.9838895798,80.2177734375,56816,56826,10
12.9844198227,80.2177505493,56826,56837,11
12.9853200912,80.2177734375,56837,56847,10
12.9863300323,80.217956543,56847,56857,10
12.9873600006,80.2182006836,56857,56867,10
12.9883003235,80.2183990479,56867,56877,10
12.9893102646,80.2186889648,56877,56887,10
12.9903898239,80.2190628052,56887,56897,10
12.9913396835,80.219329834,56897,56907,10
12.9915399551,80.2193832397,56907,56917,10
12.9919395447,80.2192077637,56917,56927,10
12.9925699234,80.2187728882,56927,56938,11
12.9933300018,80.2182235718,56938,56948,10
12.9939899445,80.2176895142,56948,56958,10
12.9946098328,80.2172698975,56958,56968,10
12.9949197769,80.217010498,56968,56978,10
12.995349884,80.2167663574,56978,56988,10
12.9959802628,80.2165603638,56988,56998,10
12.9965496063,80.2164916992,56998,57008,10
12.9969701767,80.2164535522,57008,57018,10
12.9970903397,80.2164535522,57018,57029,11
12.9973802567,80.2162094116,57029,57039,10
12.9975595474,80.2160110474,57039,57049,10
12.9976396561,80.215927124,57049,57059,10
12.9980401993,80.2156219482,57059,57069,10
12.9986400604,80.2150726318,57069,57079,10
12.9991102219,80.2146530151,57079,57089,10
12.9994401932,80.2143173218,57089,57099,10
12.9998197556,80.2139968872,57099,57109,10
13.0004196167,80.213470459,57109,57119,10
13.0010995865,80.2129211426,57119,57130,11
13.0022802353,80.2121734619,57130,57261,131
13.0022802353,80.2121734619,57261,57271,10
13.0027303696,80.2120819092,57271,57281,10
13.003080368,80.2120437622,57281,57291,10
13.0036001205,80.2119979858,57291,57301,10
13.0043001175,80.2121276855,57301,57311,10
13.0049295425,80.2124328613,57311,57321,10
13.0056400299,80.2127990723,57321,57332,11
13.0065698624,80.2126922607,57332,57342,10
13.0078296661,80.2130203247,57342,57362,20
13.0078296661,80.2130203247,57362,57372,10
13.0080003738,80.2131271362,57372,57382,10
13.0085496902,80.2133789063,57382,57392,10
13.0090398788,80.2140579224,57392,57402,10
13.0095996857,80.2148666382,57402,57412,10
13.0101299286,80.2155303955,57412,57422,10
13.0106897354,80.2163772583,57422,57433,11
13.0110797882,80.217338562,57433,57443,10
13.0114202499,80.2182617188,57443,57453,10
13.0117998123,80.219367981,57453,57462,9
13.012140274,80.2204208374,57462,57473,11
13.0125398636,80.2214431763,57473,57483,10
13.0132102966,80.2222518921,57483,57493,10
13.013759613,80.2229766846,57493,57503,10
13.0142002106,80.2235488892,57503,57513,10
13.0145397186,80.2239303589,57513,57523,10
13.015080452,80.2246017456,57523,57534,11
13.0155496597,80.2249984741,57534,57544,10
13.0156002045,80.2250289917,57544,57554,10
13.0158395767,80.2251968384,57554,57564,10
13.0165195465,80.2252578735,57564,57574,10
13.0174398422,80.2249221802,57574,57584,10
13.0184497833,80.2245025635,57584,57594,10
13.0194501877,80.224357605,57594,57604,10
13.0198202133,80.2245483398,57604,57614,10
13.0202703476,80.2249069214,57614,57624,10
13.0208501816,80.2253494263,57624,57635,11
13.0214796066,80.2258224487,57635,57645,10
13.02202034,80.2262115479,57645,57655,10
13.0221700668,80.2263336182,57655,57665,10
13.0225400925,80.2266616821,57665,57681,16
13.0234203339,80.2274475098,57681,57693,12
13.0241498947,80.2281417847,57693,57701,8
13.0242795944,80.2282867432,57701,57713,12
13.0245103836,80.2286834717,57713,57723,10
13.0248699188,80.2291793823,57723,57733,10
13.0253200531,80.2297286987,57733,57744,11
13.025759697,80.2304229736,57744,57753,9
13.0260000229,80.2310333252,57753,57764,11
13.0263004303,80.231300354,57764,57773,9
13.0268201828,80.2311782837,57773,57784,11
13.0277099609,80.2309875488,57784,57795,11
13.0284795761,80.2308883667,57795,57805,10
13.0291795731,80.2308120728,57805,57846,41
13.0291795731,80.2308120728,57846,57856,10
13.0294103622,80.2308273315,57856,57866,10
13.0297002792,80.2308197021,57866,57876,10
13.0302801132,80.2307662964,57876,57886,10
13.0304899216,80.2307281494,57886,57896,10
13.0309200287,80.2306900024,57896,57906,10
13.0316295624,80.2305908203,57906,57916,10
13.032409668,80.2305374146,57916,57926,10
13.0332698822,80.230506897,57926,57936,10
13.0337495804,80.2304763794,57936,57947,11
13.0337495804,80.2304916382,57947,57957,10
13.0337896347,80.2305221558,57957,57967,10
13.034040451,80.2304992676,57967,57977,10
13.0345001221,80.2304000854,57977,57987,10
13.0349197388,80.2300872803,57987,58219,232
13.0345802307,80.2299728394,58219,59219,1000
13.0342102051,80.2299194336,59219,59463,244
13.0341997147,80.2303085327,59463,59503,40
13.0341997147,80.2303085327,59503,59513,10
13.034070015,80.2304992676,59513,59523,10
13.0336704254,80.2305221558,59523,59533,10
13.0330495834,80.2305831909,59533,59544,11
13.0322599411,80.2306518555,59544,59554,10
13.0315198898,80.2307128906,59554,59564,10
13.0307998657,80.2307662964,59564,59574,10
13.0301504135,80.2308197021,59574,59584,10
13.0296096802,80.2308883667,59584,59594,10
13.0292100906,80.2309112549,59594,59604,10
13.028550148,80.23097229,59604,59614,10
13.0278100967,80.2310333252,59614,59624,10
13.0276203156,80.2312088013,59624,59634,10
13.0277004242,80.2317962646,59634,59645,11
13.0277996063,80.232421875,59645,59655,10
13.0276699066,80.2328414917,59655,59665,10
13.026889801,80.233001709,59665,59705,40
13.026889801,80.233001709,59705,59715,10
13.0267801285,80.2330474854,59715,59725,10
13.0265197754,80.2330627441,59725,59735,10
13.0262804031,80.2326812744,59735,59746,11
13.0260696411,80.231918335,59746,59756,10
13.0258998871,80.2312393188,59756,59766,10
13.0256996155,80.2306137085,59766,59776,10
13.0248098373,80.2293319702,59776,59796,20
13.0248098373,80.2293319702,59796,59806,10
13.0247402191,80.2292175293,59806,59816,10
13.0246496201,80.2291030884,59816,59826,10
13.0243902206,80.228767395,59826,59836,10
13.0241804123,80.2285003662,59836,59847,11
13.0238304138,80.2280426025,59847,59857,10
13.0233097076,80.2275390625,59857,59873,16
13.0231103897,80.2275009155,59873,59885,12
13.0230398178,80.2274398804,59885,59895,10
13.0228700638,80.2273101807,59895,59905,10
13.022600174,80.2270202637,59905,59915,10
13.0224599838,80.2267684937,59915,59925,10
13.0219697952,80.2263412476,59925,59935,10
13.0214004517,80.2258987427,59935,59946,11
13.0207004547,80.2253799438,59946,59956,10
13.0201301575,80.2249984741,59956,59966,10
13.0191297531,80.2245178223,59966,59976,10
13.018119812,80.2248001099,59976,59986,10
13.0171003342,80.2252197266,59986,59996,10
13.0166797638,80.225402832,59996,60006,10
13.0164604187,80.2254867554,60006,60016,10
13.016119957,80.2256011963,60016,60026,10
13.0156698227,80.2257385254,60026,60036,10
13.0154600143,80.2258224487,60036,60047,11
13.0150403976,80.226020813,60047,60057,10
13.0145597458,80.2261810303,60057,60067,10
13.0142803192,80.2263183594,60067,60077,10
13.0140895844,80.2263793945,60077,60087,10
13.0135498047,80.2265472412,60087,60097,10
13.0128202438,80.2268218994,60097,60107,10
13.0119400024,80.2271575928,60107,60117,10
13.0109596252,80.2275390625,60117,60127,10
13.010430336,80.2277679443,60127,60137,10
13.010219574,80.2278671265,60137,60148,11
13.0102100372,80.2278671265,60148,60158,10
13.0100002289,80.2279510498,60158,60178,20
13.0100002289,80.2279510498,60178,60188,10
13.0098600388,80.2279815674,60188,60198,10
13.0096502304,80.2279205322,60198,60208,10
13.0095701218,80.2278137207,60208,60228,20
13.0095701218,80.2278137207,60228,60239,11
13.0095396042,80.2274932861,60239,60248,9
13.0097398758,80.2270584106,60248,60259,11
13.0099000931,80.2267303467,60259,60269,10
13.0099496841,80.2266387939,60269,60279,10
13.0101003647,80.2262420654,60279,60289,10
13.0105400085,80.2253036499,60289,60329,40
13.0105400085,80.2253036499,60329,60340,11
13.0106201172,80.2251434326,60340,60350,10
13.0108203888,80.2247161865,60350,60360,10
13.0110797882,80.2240371704,60360,60370,10
13.0113601685,80.2233886719,60370,60380,10
13.0116500854,80.22265625,60380,60389,9
13.0119304657,80.2219009399,60389,60399,10
13.0121603012,80.2211532593,60399,60410,11
13.0119304657,80.2203903198,60410,60420,10
13.0116596222,80.2194976807,60420,60430,10
13.0113401413,80.2185134888,60430,60441,11
13.0109701157,80.2175064087,60441,60451,10
13.0106201172,80.2167434692,60451,60461,10
13.0102300644,80.2160491943,60461,60471,10
13.0097999573,80.2152023315,60471,60481,10
13.0093202591,80.2145385742,60481,60490,9
13.0087995529,80.2138671875,60490,60501,11
13.0085096359,80.2135162354,60501,60511,10
13.0083503723,80.2134170532,60511,60542,31
13.0083503723,80.2134170532,60542,60552,10
13.0081996918,80.2133712769,60552,60562,10
13.008099556,80.2133178711,60562,60572,10
13.0079402924,80.2132263184,60572,60582,10
13.0078802109,80.2131729126,60582,60592,10
13.0076599121,80.2129821777,60592,60602,10
13.0072498322,80.2128295898,60602,60612,10
13.0066404343,80.2127685547,60612,60622,10
13.0060901642,80.2129516602,60622,60632,10
13.0055503845,80.2128829956,60632,60643,11
13.0048303604,80.2124710083,60643,60653,10
13.0039796829,80.2121429443,60653,60663,10
13.0036096573,80.2120666504,60663,60673,10
13.0032396317,80.2120895386,60673,60683,10
13.0027999878,80.212097168,60683,60693,10
13.0025100708,80.2121505737,60693,60703,10
13.0022296906,80.2122879028,60703,60713,10
13.0018396378,80.2125396729,60713,60723,10
13.0012702942,80.2129592896,60723,60733,10
13.0006198883,80.2134933472,60733,60744,11
12.9998598099,80.2141799927,60744,60754,10
12.9994297028,80.2145614624,60754,60764,10
12.9990501404,80.2148895264,60764,60774,10
12.9987602234,80.2151412964,60774,60784,10
12.9981498718,80.2156829834,60784,60794,10
12.9976596832,80.2161026001,60794,60804,10
12.9976196289,80.2161331177,60804,60814,10
12.9975204468,80.2162017822,60814,60824,10
12.9973201752,80.216468811,60824,60834,10
12.9968900681,80.2165374756,60834,60845,11
12.9962100983,80.2166290283,60845,60855,10
12.9956903458,80.2167510986,60855,60865,10
12.9954795837,80.2168426514,60865,60875,10
12.9952802658,80.2169570923,60875,60885,10
12.9949998856,80.2171325684,60885,60895,10
12.9945402145,80.2174530029,60895,60905,10
12.9940595627,80.2178192139,60905,60915,10
12.993519783,80.2181777954,60915,60925,10
12.9929304123,80.2186203003,60925,60935,10
12.9922199249,80.2191314697,60935,60946,11
12.9916095734,80.2195968628,60946,60956,10
12.9913196564,80.2198028564,60956,60966,10
12.9909000397,80.220123291,60966,60976,10
12.990819931,80.2201766968,60976,60986,10
12.9905004501,80.220413208,60986,60996,10
12.989979744,80.2208786011,60996,61006,10
12.9894104004,80.2215423584,61006,61016,10
12.9888401031,80.2222213745,61016,61026,10
12.9879398346,80.2230072021,61026,61067,41
12.9879398346,80.2230072021,61067,61077,10
12.9877796173,80.2230911255,61077,61087,10
12.9876003265,80.2231063843,61087,61097,10
12.9876003265,80.2231216431,61097,61107,10
12.987449646,80.2231063843,61107,61117,10
12.9874401093,80.2230987549,61117,61127,10
12.9872198105,80.2230834961,61127,61137,10
12.986989975,80.2230377197,61137,61148,11
12.9864196777,80.2229690552,61148,61158,10
12.9856700897,80.2230834961,61158,61168,10
12.9851398468,80.2232513428,61168,61178,10
12.9845399857,80.2229690552,61178,61188,10
12.9838895798,80.2226028442,61188,61198,10
12.9833202362,80.2222290039,61198,61228,30
12.9833202362,80.2222290039,61228,61238,10
12.9830999374,80.222076416,61238,61249,11
12.9827604294,80.2219085693,61249,61259,10
12.9823503494,80.2217788696,61259,61269,10
12.9818201065,80.2214584351,61269,61279,10
12.981089592,80.2210922241,61279,61289,10
12.9801797867,80.2211074829,61289,61299,10
12.979180336,80.2211608887,61299,61309,10
12.9782896042,80.2211990356,61309,61319,10
12.9775400162,80.2212371826,61319,61329,10
12.9767503738,80.2212600708,61329,61339,10
12.9760799408,80.2212905884,61339,61370,31
12.9760799408,80.2212905884,61370,61380,10
12.9758996964,80.2212905884,61380,61390,10
12.9756803513,80.2211074829,61390,61440,50
12.9756803513,80.2211074829,61440,61451,11
12.9753503799,80.2208175659,61451,61461,10
12.9748601913,80.2205810547,61461,61471,10
12.9741601944,80.2202911377,61471,61481,10
12.9733800888,80.2199783325,61481,61491,10
12.9724302292,80.219619751,61491,61501,10
12.9710597992,80.2192001343,61501,61521,20
12.9710597992,80.2192001343,61521,61531,10
12.9709701538,80.2191467285,61531,61542,11
12.9706497192,80.2189788818,61542,61552,10
12.97012043,80.21875,61552,61562,10
12.9694900513,80.2184906006,61562,61572,10
12.9688196182,80.2182235718,61572,61582,10
12.9681501389,80.217956543,61582,61592,10
12.9674797058,80.2176818848,61592,61602,10
12.966629982,80.2173461914,61602,61612,10
12.9655399323,80.2169036865,61612,61622,10
12.9643297195,80.2164230347,61622,61632,10
12.963350296,80.2159729004,61632,61643,11
12.9624300003,80.2155838013,61643,61653,10
12.9614295959,80.2151870728,61653,61663,10
12.9603796005,80.2147827148,61663,61673,10
12.959400177,80.2144012451,61673,61683,10
12.9584999084,80.2140274048,61683,61693,10
12.9574403763,80.2136230469,61693,61703,10
12.9563798904,80.213180542,61703,61713,10
12.9553003311,80.2127685547,61713,61723,10
12.954199791,80.2123413086,61723,61733,10
12.9531803131,80.2119293213,61733,61744,11
12.9520196915,80.2114868164,61744,61754,10
12.9509801865,80.2110900879,61754,61764,10
12.9499397278,80.2106781006,61764,61774,10
12.9490098953,80.2103118896,61774,61784,10
12.9481401443,80.2099685669,61784,61794,10
12.9470300674,80.2095336914,61794,61804,10
12.9457397461,80.2090072632,61804,61814,10
12.9446401596,80.2085723877,61814,61824,10
12.9443101883,80.2084503174,61824,61834,10
12.9441699982,80.2083969116,61834,61845,11
12.9436397552,80.2081604004,61845,61855,10
12.9430303574,80.2077713013,61855,61865,10
12.9424800873,80.207069397,61865,61875,10
12.9416799545,80.2064208984,61875,61885,10
12.9410600662,80.2060623169,61885,61895,10
12.9410400391,80.2060470581,61895,61905,10
12.9407701492,80.2059173584,61905,61915,10
12.9402303696,80.2057418823,61915,61925,10
12.9395303726,80.2055206299,61925,61935,10
12.9387998581,80.2052993774,61935,61945,10
12.9380197525,80.2050704956,61945,61956,11
12.9370698929,80.2048110962,61956,61966,10
12.9360904694,80.2045211792,61966,61976,10
12.9351997375,80.2041702271,61976,61986,10
12.9336700439,80.2039489746,61986,62006,20
12.9336700439,80.2039489746,62006,62016,10
12.9335403442,80.203918457,62016,62026,10
12.93309021,80.2037963867,62026,62036,10
12.9324398041,80.2035293579,62036,62047,11
12.9315700531,80.2032623291,62047,62057,10
12.930680275,80.2029800415,62057,62067,10
12.9297599792,80.2028427124,62067,62077,10
12.9294099808,80.2028121948,62077,62087,10
12.9293804169,80.202796936,62087,62097,10
12.929019928,80.2027435303,62097,62107,10
12.9285402298,80.2025527954,62107,62117,10
12.9284601212,80.2020263672,62117,62127,10
12.9284601212,80.201499939,62127,62137,10
12.928440094,80.2006988525,62137,62148,11
12.9282798767,80.1996383667,62148,62158,10
12.9278097153,80.198600769,62158,62167,9
12.9270601273,80.1978683472,62167,62178,11
12.9258403778,80.197517395,62178,62187,9
12.9254198074,80.197517395,62187,62198,11
12.9250297546,80.1975097656,62198,62208,10
12.9242696762,80.1975097656,62208,62218,10
12.9235496521,80.1974868774,62218,62228,10
12.9227104187,80.1973800659,62228,62238,10
12.9220695496,80.1973114014,62238,62249,11
12.9219703674,80.1972885132,62249,62259,10
12.9215297699,80.1971511841,62259,62269,10
12.920999527,80.1969528198,62269,62279,10
12.9203195572,80.1967163086,62279,62289,10
12.919549942,80.1964416504,62289,62298,9
12.9188804626,80.1959533691,62298,62309,11
12.918129921,80.1952514648,62309,62319,10
12.9173698425,80.1945495605,62319,62329,10
12.9170198441,80.1939086914,62329,62339,10
12.9170103073,80.1931686401,62339,62350,11
12.9171495438,80.1922988892,62350,62360,10
12.9172201157,80.1918106079,62360,62370,10
12.9172697067,80.1913833618,62370,62390,20
12.9172697067,80.1913833618,62390,62400,10
12.917309761,80.1912231445,62400,62410,10
12.9173603058,80.1906814575,62410,62420,10
12.9174604416,80.1899108887,62420,62430,10
12.9177799225,80.1890487671,62430,62439,9
12.9183797836,80.1883163452,62439,62451,12
12.9191999435,80.1874237061,62451,62461,10
12.9198999405,80.186630249,62461,62471,10
12.9205503464,80.1858062744,62471,62481,10
12.9204797745,80.1849594116,62481,62491,10
12.9203195572,80.1842575073,62491,62502,11
12.9201402664,80.1833724976,62502,62512,10
12.919960022,80.1826477051,62512,62522,10
12.9199104309,80.1824417114,62522,62532,10
12.9197998047,80.1820068359,62532,62542,10
12.9196500778,80.1812896729,62542,62553,11
12.9194498062,80.1803436279,62553,62563,10
12.9191999435,80.1794281006,62563,62573,10
12.9187202454,80.1787185669,62573,62583,10
12.9182195663,80.1778869629,62583,62593,10
12.918299675,80.1769638062,62593,62603,10
12.9183397293,80.1765899658,62603,62613,10
12.9184103012,80.1762924194,62613,62623,10
12.9185695648,80.1756973267,62623,62633,10
12.9187498093,80.1749420166,62633,62644,11
12.9190101624,80.1738967896,62644,62654,10
12.9192895889,80.1728363037,62654,62664,10
12.9195404053,80.1719512939,62664,62674,10
12.9197397232,80.1711883545,62674,62684,10
12.9198303223,80.1708984375,62684,62694,10
12.9199399948,80.1706237793,62694,62704,10
12.9201602936,80.1699676514,62704,62714,10
12.9204301834,80.1690673828,62714,62724,10
12.9207696915,80.1680221558,62724,62734,10
12.9210796356,80.1670532227,62734,62745,11
12.9215202332,80.1657028198,62745,62755,10
12.9218902588,80.1645584106,62755,62765,10
12.9222202301,80.1634368896,62765,62775,10
12.9225702286,80.1623382568,62775,62785,10
12.9229202271,80.1612472534,62785,62795,10
12.923119545,80.1605300903,62795,62805,10
12.923119545,80.1605224609,62805,62815,10
12.9231700897,80.1604232788,62815,62825,10
12.9232797623,80.159942627,62825,62835,10
12.9233703613,80.1591262817,62835,62845,10
12.9234695435,80.1580505371,62845,62856,11
12.9236001968,80.1567611694,62856,62866,10
12.9236097336,80.1557617188,62866,62876,10
12.9233703613,80.1549911499,62876,62886,10
12.9233703613,80.1549606323,62886,62902,16
12.9232997894,80.1545410156,62902,62914,12
12.9231004715,80.153717041,62914,62923,9
12.9229402542,80.1530532837,62923,62934,11
12.9226799011,80.1519622803,62934,62994,60
12.9226799011,80.1519622803,62994,63005,11
12.9226703644,80.1517791748,63005,63015,10
12.9226503372,80.1510391235,63015,63025,10
12.9226198196,80.1501617432,63025,63035,10
12.9225797653,80.1491470337,63035,63046,11
12.9225702286,80.1480178833,63046,63056,10
12.9225597382,80.1472167969,63056,63066,10
12.922539711,80.1468429565,63066,63076,10
12.922539711,80.1464920044,63076,63086,10
12.9225502014,80.1458206177,63086,63096,10
12.9225196838,80.1449813843,63096,63106,10
12.9224500656,80.1433868408,63106,63164,58
12.9224500656,80.1433868408,63164,63176,12
12.9224500656,80.1430587769,63176,63186,10
12.9224500656,80.1426086426,63186,63196,10
12.9224100113,80.1419296265,63196,63207,11
12.9223804474,80.1413421631,63207,63217,10
12.9223804474,80.1410980225,63217,63227,10
12.9223804474,80.1404724121,63227,63237,10
12.9223804474,80.1396102905,63237,63248,11
12.9224300385,80.138458252,63248,63258,10
12.9224796295,80.1373062134,63258,63268,10
12.922539711,80.136177063,63268,63278,10
12.9225597382,80.1351394653,63278,63288,10
12.9225902557,80.1346969604,63288,63298,10
12.9226303101,80.1340103149,63298,63308,10
12.922659874,80.1331634521,63308,63318,10
12.9226799011,80.1323394775,63318,63328,10
12.9226903915,80.1314620972,63328,63339,11
12.9226999283,80.131362915,63339,63349,10
12.9227199554,80.1312026978,63349,63359,10
12.9227399826,80.130821228,63359,63369,10
12.9227800369,80.1302032471,63369,63379,10
12.9228096008,80.1294784546,63379,63389,10
12.9228601456,80.1286392212,63389,63399,10
12.9228801727,80.128036499,63399,63409,10
12.9229001999,80.1273269653,63409,63419,10
12.9229001999,80.1265106201,63419,63429,10
12.9229402542,80.1255187988,63429,63439,10
12.9230003357,80.1243972778,63439,63450,11
12.9230604172,80.1231307983,63450,63460,10
12.9231004715,80.1219787598,63460,63470,10
12.9231796265,80.1207122803,63470,63500,30
12.9231796265,80.1207122803,63500,63510,10
12.9232301712,80.1204681396,63510,63520,10
12.9232797623,80.1198425293,63520,63530,10
12.9232902527,80.1190414429,63530,63540,10
12.9233398438,80.1183319092,63540,63551,11
12.9234399796,80.1170196533,63551,63581,30
12.9234399796,80.1170196533,63581,63591,10
12.9235496521,80.1168365479,63591,63601,10
12.9235801697,80.1171722412,63601,63611,10
12.9236497879,80.117767334,63611,63621,10
12.9235801697,80.1183776855,63621,63631,10
12.9235200882,80.119178772,63631,63641,10
12.9233798981,80.1200027466,63641,63652,11
12.9233102798,80.1207427979,63652,63662,10
12.9232997894,80.1211090088,63662,63672,10
12.9233102798,80.1213912964,63672,64490,818
12.9233102798,80.1213912964,64490,64500,10
12.9232597351,80.1214904785,64500,64510,10
12.9232501984,80.1217193604,64510,64520,10
12.9232301712,80.1221389771,64520,64530,10
12.9232196808,80.1226501465,64530,64540,10
12.9231796265,80.1232833862,64540,64551,11
12.9231595993,80.1239624023,64551,64561,10
12.923119545,80.1246337891,64561,64571,10
12.9230804443,80.125328064,64571,64581,10
12.9230203629,80.1260528564,64581,64591,10
12.9230003357,80.1268234253,64591,64601,10
12.9229602814,80.1276092529,64601,64611,10
12.9229097366,80.1282806396,64611,64621,10
12.9228696823,80.1289367676,64621,64631,10
12.9228200912,80.1296920776,64631,64641,10
12.9228000641,80.1303787231,64641,64652,11
12.9228096008,80.1311416626,64652,64662,10
12.9228000641,80.1312332153,64662,64672,10
12.9227800369,80.1315536499,64672,64682,10
12.922750473,80.1321792603,64682,64692,10
12.9227104187,80.1330108643,64692,64702,10
12.9226703644,80.1339416504,64702,64712,10
12.9226303101,80.1348724365,64712,64722,10
12.9225997925,80.1354827881,64722,64732,10
12.9225702286,80.1360168457,64732,64742,10
12.922539711,80.1366577148,64742,64753,11
12.9224996567,80.1374435425,64753,64763,10
12.9224596024,80.1381378174,64763,64773,10
12.9224100113,80.1388168335,64773,64783,10
12.9224004745,80.1396026611,64783,64793,10
12.922419548,80.1402206421,64793,64803,10
12.922419548,80.1407318115,64803,64813,10
12.9224395752,80.141456604,64813,64823,10
12.9224596024,80.1422271729,64823,64833,10
12.9225101471,80.1429672241,64833,64884,51
12.9225101471,80.1429672241,64884,64894,10
12.9225196838,80.1431808472,64894,64904,10
12.922539711,80.1436309814,64904,64914,10
12.922539711,80.143661499,64914,64930,16
12.922539711,80.1439208984,64930,64942,12
12.9225597382,80.1446228027,64942,64951,9
12.9225902557,80.1454086304,64951,64963,12
12.9226503372,80.1465988159,64963,64973,10
12.9226903915,80.1474075317,64973,64983,10
12.9226799011,80.1475601196,64983,64993,10
12.9226799011,80.1480331421,64993,65003,10
12.922659874,80.1487808228,65003,65013,10
12.9226999283,80.1496429443,65013,65022,9
12.9227304459,80.1507720947,65022,65033,11
12.9227800369,80.1520309448,65033,65043,10
12.9230003357,80.1531295776,65043,65054,11
12.9233798981,80.1545410156,65054,65074,20
12.9233798981,80.1545410156,65074,65084,10
12.9234600067,80.1548233032,65084,65094,10
12.9235296249,80.1551589966,65094,65104,10
12.9236698151,80.1557998657,65104,65114,10
12.9236698151,80.1566772461,65114,65124,10
12.9235801697,80.1577224731,65124,65134,10
12.9234800339,80.1587982178,65134,65145,11
12.9233598709,80.1599884033,65145,65155,10
12.9232797623,80.1604690552,65155,65165,10
12.9232702255,80.1604995728,65165,65175,10
12.923119545,80.1609115601,65175,65185,10
12.9228696823,80.1616287231,65185,65195,10
12.9225702286,80.1625671387,65195,65205,10
12.9222202301,80.1636428833,65205,65215,10
12.9218797684,80.1647491455,65215,65225,10
12.921500206,80.1659088135,65225,65235,10
12.9211196899,80.1670913696,65235,65245,10
12.9208202362,80.1680831909,65245,65256,11
12.9205303192,80.1690292358,65256,65266,10
12.9202404022,80.1699676514,65266,65276,10
12.9199895859,80.1707763672,65276,65286,10
12.9198999405,80.1710891724,65286,65296,10
12.9198598862,80.1712265015,65296,65306,10
12.919719696,80.1716995239,65306,65316,10
12.9195203781,80.1724014282,65316,65326,10
12.9193000793,80.1732177734,65326,65336,10
12.9190502167,80.1742019653,65336,65346,10
12.918800354,80.1753234863,65346,65357,11
12.9184904099,80.1764907837,65357,65367,10
12.918299675,80.1775512695,65367,65377,10
12.918680191,80.1785736084,65377,65387,10
12.9193296432,80.1795730591,65387,65397,10
12.9196100235,80.1807937622,65397,65407,10
12.9198799133,80.1820068359,65407,65417,10
12.9201202393,80.1830673218,65417,65427,10
12.92029953,80.1835784912,65427,65437,10
12.9203796387,80.1839904785,65437,65447,10
12.9204998016,80.1845932007,65447,65458,11
12.920630455,80.1852874756,65458,65468,10
12.9206495285,80.1853637695,65468,65478,10
12.9206800461,80.1856307983,65478,65488,10
12.9204101563,80.1861572266,65488,65498,10
12.9198799133,80.1867675781,65498,65508,10
12.919260025,80.1874923706,65508,65518,10
12.9186601639,80.1881790161,65518,65528,10
12.9180498123,80.1888809204,65528,65538,10
12.9175901413,80.1897888184,65538,65548,10
12.9174404144,80.1906204224,65548,65559,11
12.9173297882,80.1915206909,65559,65569,10
12.9172401428,80.1922836304,65569,65579,10
12.9171495438,80.1930007935,65579,65609,30
12.9171495438,80.1930007935,65609,65619,10
12.917090416,80.1933822632,65619,65629,10
12.9171800613,80.1940536499,65629,65639,10
12.917599678,80.1947097778,65639,65650,11
12.9183197021,80.1953735352,65650,65660,10
12.919090271,80.1960601807,65660,65670,10
12.9200496674,80.1965789795,65670,65680,10
12.9210195541,80.1969223022,65680,65690,10
12.9215297699,80.1971130371,65690,65700,10
12.9222297668,80.1973190308,65700,65710,10
12.9231796265,80.1974411011,65710,65730,20
12.9231796265,80.1974411011,65730,65740,10
12.9233598709,80.1974716187,65740,65750,10
12.9238500595,80.197517395,65750,65761,11
12.9246797562,80.1975402832,65761,65777,16
12.9254102707,80.197517395,65777,65789,12
12.9260396957,80.197517395,65789,65799,10
12.9262695313,80.1975631714,65799,65809,10
12.9265098572,80.1976165771,65809,65819,10
12.9269399643,80.1977996826,65819,65829,10
12.9275398254,80.1981964111,65829,65839,10
12.9280004501,80.198890686,65839,65849,10
12.9283599854,80.1997375488,65849,65860,11
12.9284801483,80.2005081177,65860,65870,10
12.9285202026,80.2012329102,65870,65880,10
12.9285497665,80.2019195557,65880,65890,10
12.9286203384,80.202507019,65890,65900,10
12.9294700623,80.2027587891,65900,65920,20
12.9294700623,80.2027587891,65920,65930,10
12.929889679,80.2028503418,65930,65940,10
12.9306001663,80.2029571533,65940,65951,11
12.9314699173,80.2032012939,65951,65960,9
12.9322299957,80.2034606934,65960,65971,11
12.9330596924,80.203742981,65971,65981,10
12.9340696335,80.2039413452,65981,66001,20
12.9340696335,80.2039413452,66001,66011,10
12.9342603683,80.2039413452,66011,66020,9
12.934630394,80.2039871216,66020,66031,11
12.9353399277,80.2042007446,66031,66041,10
12.9361200333,80.204498291,66041,66052,11
12.9370203018,80.2047576904,66052,66062,10
12.9378900528,80.2050018311,66062,66072,10
12.9383201599,80.205116272,66072,66082,10
12.9386796951,80.2052383423,66082,66092,10
12.9393396378,80.2054367065,66092,66102,10
12.9399900436,80.2056274414,66102,66112,10
12.9400701523,80.2056503296,66112,66122,10
12.9401903152,80.2057037354,66122,66132,10
12.9407100677,80.2058486938,66132,66142,10
12.9413795471,80.206161499,66142,66153,11
12.9420900345,80.2066726685,66153,66163,10
12.9425601959,80.207069397,66163,66173,10
12.9427204132,80.2072601318,66173,66183,10
12.942899704,80.2075195313,66183,66193,10
12.9433403015,80.2079772949,66193,66203,10
12.944029808,80.2082824707,66203,66213,10
12.9443302155,80.208366394,66213,66223,10
12.9445104599,80.208442688,66223,66233,10
12.9450502396,80.2086410522,66233,66243,10
12.9457902908,80.2089233398,66243,66254,11
12.9467000961,80.2092666626,66254,66264,10
12.9474401474,80.2095565796,66264,66274,10
12.9480600357,80.2098083496,66274,66284,10
12.9486904144,80.2100601196,66284,66294,10
12.949549675,80.2104034424,66294,66304,10
12.9506797791,80.2108612061,66304,66314,10
12.9517803192,80.2113113403,66314,66324,10
12.9527101517,80.2116622925,66324,66334,10
12.9533596039,80.2119369507,66334,66344,10
12.9541397095,80.2122421265,66344,66355,11
12.9552097321,80.212677002,66355,66365,10
12.9562397003,80.2130584717,66365,66375,10
12.9572401047,80.2134628296,66375,66385,10
12.9582700729,80.2138824463,66385,66395,10
12.959280014,80.2142715454,66395,66405,10
12.9601802826,80.2146530151,66405,66415,10
12.9610500336,80.2150115967,66415,66425,10
12.9619503021,80.21534729,66425,66435,10
12.9626903534,80.215637207,66435,66445,10
12.9628095627,80.2156906128,66445,66456,11
12.9629402161,80.2157363892,66456,66466,10
12.9633302689,80.2158966064,66466,66476,10
12.9636898041,80.2160263062,66476,66486,10
12.9642496109,80.2162780762,66486,66496,10
12.9649801254,80.2165908813,66496,66516,20
12.9664297104,80.2171478271,66516,66526,10
12.9670801163,80.2174072266,66526,66536,10
12.9677095413,80.2176818848,66536,66546,10
12.9682197571,80.2178878784,66546,66557,11
12.9688796997,80.2181396484,66557,66567,10
12.9697599411,80.2184906006,66567,66578,11
12.9707098007,80.2188491821,66578,66589,11
12.9712400436,80.2190170288,66589,66599,10
12.971280098,80.2190475464,66599,66609,10
12.9715795517,80.2191925049,66609,66619,10
12.9722299576,80.2194671631,66619,66629,10
12.9729003906,80.2197265625,66629,66639,10
12.9736204147,80.2200012207,66639,66649,10
12.9743003845,80.2203216553,66649,66660,11
12.9750003815,80.2206192017,66660,66670,10
12.975060463,80.2206497192,66670,66680,10
12.9753198624,80.2207183838,66680,66730,50
12.9753198624,80.2207183838,66730,66740,10
12.9754695892,80.2207336426,66740,66750,10
12.9757499695,80.2210235596,66750,66761,11
12.9762096405,80.2212905884,66761,66801,40
12.9762096405,80.2212905884,66801,66811,10
12.9764995575,80.2212219238,66811,66821,10
12.9770698547,80.2212677002,66821,66831,10
12.9776096344,80.2212371826,66831,66841,10
12.9779701233,80.2212295532,66841,66852,11
12.9783496857,80.2211990356,66852,66862,10
12.9788799286,80.2211532593,66862,66872,10
12.9794902802,80.2211303711,66872,66882,10
12.980219841,80.2210769653,66882,66892,10
12.9809398651,80.2210464478,66892,66902,10
12.9814395905,80.2212524414,66902,66912,10
12.9818296432,80.2215499878,66912,66922,10
12.9821500778,80.2217483521,66922,66932,10
12.9824695587,80.221862793,66932,66942,10
12.9828596115,80.2220001221,66942,66973,31
12.9828596115,80.2220001221,66973,66983,10
12.9831695557,80.2221603394,66983,66993,10
12.9835796356,80.2224502563,66993,67003,10
12.984000206,80.2226867676,67003,67013,10
12.9844198227,80.2229309082,67013,67023,10
12.9848003387,80.2231674194,67023,67033,10
12.9850196838,80.2232589722,67033,67043,10
12.9853897095,80.2233200073,67043,67054,11
12.9857301712,80.2230606079,67054,67064,10
12.9862804413,80.2229995728,67064,67074,10
12.9864196777,80.2230300903,67074,67084,10
12.9866199493,80.2230377197,67084,67094,10
12.9869003296,80.2230911255,67094,67104,10
12.9872598648,80.2231292725,67104,67114,10
12.9877996445,80.2230911255,67114,67124,10
12.9883203506,80.2226867676,67124,67134,10
12.9888000488,80.2222213745,67134,67150,16
12.9894599915,80.2212982178,67150,67163,13
12.99036026,80.2204284668,67163,67183,20
12.99036026,80.2204284668,67183,67193,10
12.9907197952,80.220161438,67193,67203,10
12.9911499023,80.2198486328,67203,67213,10
12.9917697906,80.2193908691,67213,67223,10
12.9923295975,80.218963623,67223,67233,10
12.9929304123,80.2185287476,67233,67243,10
12.9934902191,80.2181015015,67243,67254,11
12.9938802719,80.2178421021,67254,67265,11
12.9943304062,80.2175369263,67265,67285,20
12.9943304062,80.2175369263,67285,67295,10
12.9946403503,80.217338562,67295,67305,10
12.9949998856,80.2170715332,67305,67315,10
12.9954996109,80.2167892456,67315,67325,10
12.9960298538,80.2166213989,67325,67335,10
12.9962596893,80.216583252,67335,67345,10
12.9965600967,80.2165374756,67345,67356,11
12.9969100952,80.216506958,67356,67366,10
12.9971704483,80.2164916992,67366,67376,10
12.9974803925,80.2162017822,67376,67396,20
12.9974803925,80.2162017822,67396,67406,10
12.9975795746,80.2161102295,67406,67416,10
12.9978904724,80.2158508301,67416,67426,10
12.9983701706,80.2154312134,67426,67436,10
12.9989595413,80.2149200439,67436,67447,11
12.9992904663,80.2146530151,67447,67457,10
12.999710083,80.2142868042,67457,67467,10
13.0000896454,80.2139434814,67467,67477,10
13.0005397797,80.2135162354,67477,67487,10
13.0010700226,80.2130966187,67487,67497,10
13.0015497208,80.2127304077,67497,67507,10
13.0020198822,80.2124023438,67507,67516,9
13.0024700165,80.2121887207,67516,67527,11
13.002820015,80.2121429443,67527,67537,10
13.0032196045,80.212097168,67537,67548,11
13.0036697388,80.212059021,67548,67568,20
13.0036697388,80.212059021,67568,67578,10
13.0039796829,80.2120666504,67578,67588,10
13.0044603348,80.2122573853,67588,67598,10
13.0050401688,80.2125701904,67598,67608,10
13.005689621,80.2129364014,67608,67618,10
13.0063800812,80.2127838135,67618,67628,10
13.0070800781,80.2127990723,67628,67639,11
13.0077800751,80.2130432129,67639,67679,40
13.0077800751,80.2130432129,67679,67689,10
13.0078601837,80.2131195068,67689,67699,10
13.0080795288,80.2132492065,67699,67709,10
13.0083904266,80.2133789063,67709,67719,10
13.0087099075,80.2136764526,67719,67729,10
13.0089797974,80.2140426636,67729,67739,10
13.0095300674,80.2148284912,67739,67790,51
13.0095300674,80.2148284912,67790,67800,10
13.0095796585,80.2149124146,67800,67810,10
13.0095996857,80.2149734497,67810,67820,10
13.0098199844,80.2152023315,67820,67830,10
13.0101604462,80.2157363892,67830,67841,11
13.0106496811,80.2163619995,67841,67851,10
13.0108699799,80.2170181274,67851,67861,10
13.0112199783,80.2177734375,67861,67871,10
13.0115003586,80.2185287476,67871,67881,10
13.0118303299,80.2194366455,67881,67891,10
13.0121498108,80.2204437256,67891,67901,10
13.0123796463,80.2211074829,67901,67911,10
13.012550354,80.2214813232,67911,67921,10
13.0127401352,80.2217712402,67921,67931,10
13.0131196976,80.2222595215,67931,67941,10
13.0135602951,80.2228088379,67941,67952,11
13.0139598846,80.2232971191,67952,67962,10
13.0142402649,80.2236785889,67962,67972,10
13.0145101547,80.2239608765,67972,67982,10
13.0149002075,80.2244567871,67982,67992,10
13.0152101517,80.2248306274,67992,68008,16
13.0153903961,80.224937439,68008,68020,12
13.0155200958,80.2250366211,68020,68030,10
13.0156803131,80.2251815796,68030,68040,10
13.016289711,80.2253570557,68040,68048,8
13.0168600082,80.2252120972,68048,68061,13
13.017780304,80.2248535156,68061,68071,10
13.0186300278,80.2244873047,68071,68080,9
13.0191402435,80.2243728638,68080,68091,11
13.0192298889,80.2243804932,68091,68101,10
13.0194501877,80.2244415283,68101,68111,10
13.0196199417,80.2245330811,68111,68121,10
13.0199098587,80.2247314453,68121,68131,10
13.0202999115,80.2250213623,68131,68141,10
13.0207099915,80.2252807617,68141,68152,11
13.021109581,80.2256011963,68152,68162,10
13.0214700699,80.2258682251,68162,68172,10
13.0218801498,80.2261428833,68172,68192,20
13.0218801498,80.2261428833,68192,68202,10
13.0220298767,80.2262573242,68202,68212,10
13.0224399567,80.226600647,68212,68222,10
13.0229997635,80.2270812988,68222,68232,10
13.0235795975,80.2276382446,68232,68242,10
13.0241603851,80.2282409668,68242,68253,11
13.0246696472,80.2289810181,68253,68263,10
13.0250997543,80.2295379639,68263,68273,10
13.0255804062,80.230178833,68273,68283,10
13.0257196426,80.2304077148,68283,68293,10
13.0258398056,80.2306213379,68293,68313,20
13.0259103775,80.2307434082,68313,68333,20
13.0259103775,80.2307434082,68333,68343,10
13.0259799957,80.231010437,68343,68354,11
13.0260601044,80.231338501,68354,68364,10
13.02643013,80.231300354,68364,68374,10
13.0270996094,80.2311401367,68374,68384,10
13.0277204514,80.231010437,68384,68394,10
13.0277299881,80.231010437,68394,68404,10
13.027879715,80.231010437,68404,68414,10
13.0280704498,80.231010437,68414,68424,10
13.0283098221,80.23097229,68424,68434,10
13.0285997391,80.2309417725,68434,68445,11
13.0288200378,80.2309112549,68445,68455,10
13.0291204453,80.2309036255,68455,68465,10
13.0294599533,80.2308578491,68465,68475,10
13.0298595428,80.2308273315,68475,68485,10
13.0300798416,80.230796814,68485,68495,10
13.0302801132,80.2307815552,68495,68505,10
13.0304803848,80.2307662964,68505,68515,10
13.0306501389,80.2307662964,68515,68525,10
13.0310697556,80.2307434082,68525,68535,10
13.0317401886,80.2306976318,68535,68546,11
13.0325403214,80.2306213379,68546,68556,10
13.0331697464,80.2305831909,68556,68566,10
13.0337295532,80.2305526733,68566,68687,121
13.0337295532,80.2305526733,68687,68697,10
13.0338602066,80.2305984497,68697,68707,10
13.0341701508,80.2305603027,68707,68717,10
13.034529686,80.2304534912,68717,68727,10
13.0348396301,80.2303237915,68727,68737,10
13.034819603,80.2300415039,68737,68939,202
13.0344495773,80.2299880981,68939,69424,485
13.0341501236,80.2302398682,69424,69475,51
13.0341501236,80.2302398682,69475,69484,9
13.0338802338,80.230506897,69484,69495,11
13.0336503983,80.2304992676,69495,69505,10
13.0333003998,80.2305374146,69505,69515,10
13.0328798294,80.2305908203,69515,69525,10
13.0323295593,80.2306289673,69525,69535,10
13.0319499969,80.2306900024,69535,69546,11
13.0314397812,80.2307128906,69546,69556,10
13.0310201645,80.2307434082,69556,69566,10
13.0308303833,80.230758667,69566,69576,10
13.0305700302,80.2307891846,69576,69586,10
13.0302000046,80.2308120728,69586,69596,10
13.0300598145,80.2308425903,69596,69606,10
13.0298204422,80.2308807373,69606,69616,10
13.0296497345,80.2309112549,69616,69626,10
13.0293102264,80.2309188843,69626,69642,16
13.0282497406,80.231010437,69642,69655,13
13.0276403427,80.2311096191,69655,69663,8
13.0276603699,80.2314910889,69663,69673,10
13.0277500153,80.2321166992,69673,69684,11
13.0278596878,80.2327728271,69684,69694,10
13.0270500183,80.233001709,69694,69756,62
13.0270500183,80.233001709,69756,69766,10
13.0269603729,80.2330169678,69766,69776,10
13.0267496109,80.2330627441,69776,69786,10
13.0264902115,80.2330627441,69786,69796,10
13.026260376,80.2326507568,69796,69806,10
13.0260801315,80.2321014404,69806,69816,10
13.0259304047,80.2315826416,69816,69826,10
13.025759697,80.23097229,69826,69836,10
13.0254297256,80.2302627563,69836,69847,11
13.0250797272,80.2297210693,69847,69887,40
13.0250797272,80.2297210693,69887,69897,10
13.0249700546,80.2295303345,69897,69907,10
13.0247297287,80.2292175293,69907,69917,10
13.0244598389,80.2289123535,69917,69927,10
13.0241804123,80.2285308838,69927,69944,17
13.0235500336,80.2277984619,69944,69956,12
13.0232400894,80.2275695801,69956,69966,10
13.0230503082,80.2274932861,69966,69976,10
13.0230197906,80.2274703979,69976,69986,10
13.0229196548,80.2274169922,69986,69996,10
13.0227298737,80.2272872925,69996,70006,10
13.0226297379,80.2271881104,70006,70016,10
13.0225095749,80.2269134521,70016,70026,10
13.0221004486,80.2265396118,70026,70036,10
13.0215797424,80.2261123657,70036,70047,11
13.0209598541,80.2256164551,70047,70056,9
13.0205001831,80.2253036499,70056,70067,11
13.0203199387,80.2251815796,70067,70077,10
13.0201702118,80.2250823975,70077,70087,10
13.0197296143,80.2247619629,70087,70097,10
13.0190095901,80.2245483398,70097,70107,10
13.0181999207,80.2248077393,70107,70117,10
13.0173301697,80.2251815796,70117,70127,10
13.0166196823,80.225479126,70127,70137,10
13.0161600113,80.2256393433,70137,70148,11
13.015540123,80.2258300781,70148,70158,10
13.0151100159,80.2260284424,70158,70168,10
13.0150995255,80.2260284424,70168,70178,10
13.0148000717,80.2261428833,70178,70188,10
13.0144395828,80.2262496948,70188,70198,10
13.0141401291,80.2263793945,70198,70208,10
13.0137796402,80.2265090942,70208,70218,10
13.0131597519,80.2267532349,70218,70228,10
13.0123796463,80.2270507813,70228,70239,11
13.0113801956,80.2274398804,70239,70249,10
13.0103998184,80.2278289795,70249,70259,10
13.0095500946,80.2279281616,70259,70269,10
13.00963974,80.2273178101,70269,70279,10
13.0099802017,80.2266082764,70279,70289,10
13.0102996826,80.2258987427,70289,70299,10
13.0105199814,80.2254180908,70299,70309,10
13.0107002258,80.2249984741,70309,70319,10
13.0108203888,80.2247161865,70319,70329,10
13.0109596252,80.2243118286,70329,70340,11
13.0111103058,80.2239227295,70340,70350,10
13.0112199783,80.2235107422,70350,70360,10
13.0114097595,80.2230529785,70360,70370,10
13.0116996765,80.2223205566,70370,70380,10
13.0119495392,80.2216415405,70380,70390,10
13.0121097565,80.2212982178,70390,70400,10
13.0120897293,80.2209396362,70400,70410,10
13.0118999481,80.2204208374,70410,70420,10
13.0116100311,80.219581604,70420,70431,11
13.0113401413,80.2187271118,70431,70441,10
13.011059761,80.2179794312,70441,70451,10
13.0107698441,80.2172622681,70451,70461,10
13.0105495453,80.2167282104,70461,70471,10
13.0102901459,80.216217041,70471,70481,10
13.0099496841,80.2155380249,70481,70491,10
13.0095796585,80.2149810791,70491,70501,10
13.0094804764,80.2148513794,70501,70511,10
13.0094299316,80.2147827148,70511,70521,10
13.0092601776,80.2145462036,70521,70532,11
13.0090999603,80.2143630981,70532,70542,10
13.0089502335,80.2141189575,70542,70552,10
13.0088796616,80.2140197754,70552,70562,10
13.0088195801,80.2139511108,70562,70572,10
13.0086297989,80.213760376,70572,70612,40
13.0086297989,80.213760376,70612,70622,10
13.0083999634,80.2135391235,70622,70643,21
13.0083999634,80.2135391235,70643,70653,10
13.0081796646,80.2134017944,70653,70663,10
13.0081501007,80.2133865356,70663,70673,10
13.0079803467,80.2133026123,70673,70683,10
13.0077896118,80.213142395,70683,70693,10
13.0075397491,80.2129592896,70693,70703,10
13.0070695877,80.2128372192,70703,70713,10
13.0064201355,80.2128219604,70713,70723,10
13.0058002472,80.2130584717,70723,70733,10
13.0051698685,80.2127304077,70733,70744,11
13.0044403076,80.2123184204,70744,70755,11
13.0036802292,80.2121505737,70755,70765,10
13.003080368,80.2121734619,70765,70775,10
13.0023603439,80.2122573853,70775,70785,10
13.0018100739,80.2125778198,70785,70795,10
13.001449585,80.2128372192,70795,70805,10
13.0008897781,80.2132492065,70805,70815,10
13.0003404617,80.2137374878,70815,70825,10
12.9997901917,80.2142333984,70825,70836,11
12.9993495941,80.2145996094,70836,70846,10
12.9989995956,80.2149200439,70846,70856,10
12.9986200333,80.2152481079,70856,70865,9
12.9981899261,80.2156524658,70865,70876,11
12.9975404739,80.2161712646,70876,70886,10
12.997300148,80.2164382935,70886,70896,10
12.9972600937,80.2165527344,70896,70906,10
12.9970798492,80.2166137695,70906,70916,10
12.9967403412,80.2166290283,70916,70926,10
12.9964504242,80.2166595459,70926,70937,11
12.9956197739,80.2168502808,70937,70957,20
12.9956197739,80.2168502808,70957,70966,9
12.9952898026,80.2169876099,70966,70977,11
12.9949598312,80.2171936035,70977,70987,10
12.9944896698,80.2174987793,70987,70997,10
12.9941301346,80.2177810669,70997,71007,10
12.9937200546,80.2180862427,71007,71017,10
12.9931497574,80.2184829712,71017,71027,10
12.9927597046,80.2187423706,71027,71038,11
12.9921398163,80.2192001343,71038,71048,10
12.9917001724,80.219581604,71048,71058,10
12.9914197922,80.2197723389,71058,71068,10
12.9910001755,80.2200698853,71068,71078,10
12.9907903671,80.2202224731,71078,71088,10
12.9906597137,80.2203369141,71088,71098,10
12.9902801514,80.2206192017,71098,71391,293
12.9902801514,80.2206192017,71391,71400,9
12.9900102615,80.2208480835,71400,71492,92
12.9897603989,80.2208786011,71492,71585,93
12.9897603989,80.2208786011,71585,71595,10
12.9898004532,80.2210617065,71595,71605,10
12.9896602631,80.2212295532,71605,71615,10
12.9894800186,80.2213897705,71615,71656,41
12.9894800186,80.2213897705,71656,71666,10
12.9893198013,80.2214889526,71666,71676,10
12.9892501831,80.2216567993,71676,71696,20
12.9892501831,80.2216567993,71696,71706,10
12.9891004562,80.221862793,71706,71726,20
12.9891004562,80.221862793,71726,71737,11
12.9889802933,80.2220230103,71737,71747,10
12.9889698029,80.2220306396,71747,71757,10
12.9887399673,80.2222824097,71757,71837,80
12.9887399673,80.2222824097,71837,71847,10
12.9885101318,80.2225418091,71847,71859,12
12.9882898331,80.2227172852,71859,71869,10
12.9882698059,80.2227401733,71869,71879,10
12.9881696701,80.2228469849,71879,71899,20
12.9881696701,80.2228469849,71899,71909,10
12.9880695343,80.2229614258,71909,71919,10
12.9879198074,80.2230682373,71919,71930,11
12.9877796173,80.2231369019,71930,71940,10
12.9877004623,80.2231674194,71940,71950,10
12.9875001907,80.2231826782,71950,72000,50
12.9875001907,80.2231826782,72000,72010,10
12.987279892,80.2231292725,72010,72020,10
12.9869604111,80.2230987549,72020,72031,11
12.986700058,80.2230377197,72031,72041,10
12.9863004684,80.2230300903,72041,72051,10
12.9857301712,80.2230911255,72051,72061,10
12.98554039,80.2232131958,72061,72071,10
12.9854202271,80.2233505249,72071,72081,10
12.9851703644,80.2233428955,72081,72091,10
12.984869957,80.2232284546,72091,72101,10
12.9847297668,80.22315979,72101,72111,10
12.9844999313,80.2230224609,72111,72121,10
12.9842700958,80.2228775024,72121,72131,10
12.984120369,80.2227783203,72131,72142,11
12.9839696884,80.2227020264,72142,72180,38
12.9839696884,80.2227020264,72180,72190,10
12.983710289,80.2225494385,72190,72200,10
12.9835300446,80.2224273682,72200,72210,10
12.9833402634,80.2223129272,72210,72220,10
12.9833097458,80.2222824097,72220,72231,11
12.9831199646,80.2221298218,72231,72240,9
12.98279953,80.2219772339,72240,72251,11
12.9825296402,80.2218780518,72251,72260,9
12.9820899963,80.2217178345,72260,72271,11
12.9814796448,80.2213363647,72271,72281,10
12.9806499481,80.2211227417,72281,72291,10
12.9800195694,80.2211608887,72291,72301,10
12.9793596268,80.2211990356,72301,72311,10
12.9787502289,80.2212219238,72311,72321,10
12.978099823,80.2212600708,72321,72331,10
12.9775104523,80.221282959,72331,72342,11
12.9766798019,80.2212982178,72342,72352,10
12.9763402939,80.221321106,72352,72362,10
12.9759101868,80.2213668823,72362,72392,30
12.9759101868,80.2213668823,72392,72402,10
12.9756298065,80.2211608887,72402,72422,20
12.9756298065,80.2211608887,72422,72433,11
12.9755601883,80.2210617065,72433,72443,10
12.9754495621,80.2209625244,72443,72453,10
12.975060463,80.2206878662,72453,72463,10
12.9743995667,80.2203979492,72463,72473,10
12.9736204147,80.2200469971,72473,72483,10
12.9728097916,80.2197570801,72483,72493,10
12.9719200134,80.2194366455,72493,72503,10
12.9710998535,80.2192306519,72503,72524,21
12.9710998535,80.2192306519,72524,72534,10
12.9709396362,80.2191696167,72534,72544,10
12.9707803726,80.219078064,72544,72554,10
12.9705495834,80.2189178467,72554,72564,10
12.9701595306,80.2187576294,72564,72574,10
12.9697399139,80.2186203003,72574,72584,10
12.9693403244,80.2184677124,72584,72594,10
12.968919754,80.2183074951,72594,72604,10
12.9685001373,80.2181396484,72604,72614,10
12.9680595398,80.2179718018,72614,72625,11
12.967590332,80.2177810669,72625,72635,10
12.9670095444,80.2175369263,72635,72645,10
12.9661598206,80.2171936035,72645,72655,10
12.9651603699,80.2167816162,72655,72665,10
12.9642801285,80.2164611816,72665,72675,10
12.9635801315,80.2161407471,72675,72685,10
12.9630002975,80.2158508301,72685,72695,10
12.9623603821,80.2156219482,72695,72705,10
12.9616003036,80.2153167725,72705,72715,10
12.9606895447,80.2149581909,72715,72726,11
12.9596204758,80.2145462036,72726,72736,10
12.9586400986,80.2141418457,72736,72746,10
12.9576301575,80.2137374878,72746,72756,10
12.9567804337,80.2133789063,72756,72766,10
12.9558401108,80.2130203247,72766,72776,10
12.9548501968,80.212638855,72776,72786,10
12.954000473,80.2123031616,72786,72796,10
12.9531698227,80.2119369507,72796,72806,10
12.9521999359,80.2115631104,72806,72816,10
12.9511604309,80.211151123,72816,72827,11
12.9500198364,80.2107009888,72827,72837,10
12.9490995407,80.2103424072,72837,72847,10
12.9482603073,80.2099990845,72847,72857,10
12.9472503662,80.209602356,72857,72867,10
12.9460401535,80.2091522217,72867,72877,10
12.9449100494,80.2086868286,72877,72887,10
12.9441995621,80.208442688,72887,72897,10
12.9441900253,80.2084274292,72897,72907,10
12.9440498352,80.2083511353,72907,72917,10
12.9435997009,80.2081680298,72917,72928,11
12.9429397583,80.2077484131,72928,72938,10
12.9426002502,80.20728302,72938,72948,10
12.9421596527,80.2068710327,72948,72958,10
12.9415798187,80.206413269,72958,72968,10
12.9409999847,80.2061004639,72968,72978,10
12.9409399033,80.2060470581,72978,72988,10
12.940580368,80.2059020996,72988,72998,10
12.9399795532,80.2057113647,72998,73008,10
12.9392795563,80.2054977417,73008,73019,11
12.9384803772,80.2052383423,73019,73029,10
12.9377002716,80.2050170898,73029,73039,10
12.9368600845,80.2047805786,73039,73049,10
12.9358901978,80.2045135498,73049,73059,10
12.9351100922,80.2041778564,73059,73069,10
12.9346103668,80.2040328979,73069,73079,10
12.9343395233,80.2040023804,73079,73089,10
12.9340600967,80.2040023804,73089,73099,10
12.9340600967,80.2039871216,73099,73109,10
12.9340000153,80.2039871216,73109,73119,10
12.9336395264,80.2039794922,73119,73130,11
12.9334602356,80.2039413452,73130,73140,10
12.9329996109,80.2037963867,73140,73150,10
12.9323596954,80.2035675049,73150,73160,10
12.9316501617,80.2033309937,73160,73170,10
12.9308700562,80.2030792236,73170,73180,10
12.9300804138,80.202911377,73180,73190,10
12.9297599792,80.20287323,73190,73200,10
12.9296798706,80.2028579712,73200,73210,10
12.9294996262,80.2028274536,73210,73220,10
12.9290599823,80.2027664185,73220,73231,11
12.9285497665,80.2026519775,73231,73241,10
12.9284296036,80.2021484375,73241,73251,10
12.9284095764,80.2014389038,73251,73261,10
12.9283704758,80.200630188,73261,73271,10
12.9282598495,80.1997680664,73271,73287,16
12.9277601242,80.1986694336,73287,73299,12
12.9269895554,80.1979064941,73299,73309,10
12.9264097214,80.1976928711,73309,73318,9
12.9261903763,80.1976394653,73318,73330,12
12.925740242,80.1975784302,73330,73339,9
12.9254999161,80.197593689,73339,73350,11
12.9251899719,80.1975708008,73350,73360,10
12.9246196747,80.1975631714,73360,73370,10
12.9239501953,80.1975479126,73370,73379,9
12.9232501984,80.1975097656,73379,73390,11
12.9225301743,80.1974182129,73390,73400,10
12.9221496582,80.1973724365,73400,73410,10
12.9220504761,80.1973419189,73410,73421,11
12.9215698242,80.1971969604,73421,73431,10
12.921210289,80.1970672607,73431,73441,10
12.9210500717,80.1969985962,73441,73451,10
12.9206695557,80.1968765259,73451,73461,10
12.9200801849,80.1966629028,73461,73471,10
12.9194402695,80.1964111328,73471,73481,10
12.9188804626,80.1959991455,73481,73491,10
12.9183197021,80.1954879761,73491,73501,10
12.9176998138,80.1949386597,73501,73511,10
12.9171695709,80.1943969727,73511,73522,11
12.917090416,80.1942596436,73522,73532,10
12.9169902802,80.1940689087,73532,73542,10
12.9169502258,80.1938171387,73542,73552,10
12.9169397354,80.1934967041,73552,73562,10
12.9169502258,80.1933898926,73562,73572,10
12.9169597626,80.1932525635,73572,73582,10
12.9169998169,80.1928482056,73582,73592,10
12.9170303345,80.1924591064,73592,73602,10
12.917090416,80.192199707,73602,73612,10
12.917140007,80.1919174194,73612,73623,11
12.9172000885,80.1913986206,73623,73643,20
12.9172000885,80.1913986206,73643,73653,10
12.9172401428,80.1913223267,73653,73663,10
12.9172801971,80.1908569336,73663,73673,10
12.9173603058,80.1901321411,73673,73683,10
12.9175901413,80.1893386841,73683,73693,10
12.9181604385,80.1884994507,73693,73703,10
12.9187698364,80.1878433228,73703,73713,10
12.9193000793,80.1872634888,73713,73724,11
12.9201402664,80.1862869263,73724,73734,10
12.9204998016,80.1854019165,73734,73744,10
12.9202003479,80.1842193604,73744,73774,30
12.9202003479,80.1842193604,73774,73784,10
12.9201202393,80.1838531494,73784,73794,10
12.9199895859,80.1832199097,73794,73804,10
12.9198503494,80.1826095581,73804,73814,10
12.919839859,80.1825866699,73814,73825,11
12.9197597504,80.1822128296,73825,73835,10
12.9196300507,80.1815795898,73835,73845,10
12.9194698334,80.180809021,73845,73855,10
12.9192800522,80.1798782349,73855,73865,10
12.9189100266,80.1791305542,73865,73875,10
12.9185695648,80.1786804199,73875,73885,10
12.9181604385,80.178062439,73885,73895,10
12.9181804657,80.1771774292,73895,73905,10
12.9182796478,80.1766204834,73905,73915,10
12.9183301926,80.1763916016,73915,73926,11
12.9184904099,80.17578125,73926,73936,10
12.9186697006,80.1750183105,73936,73946,10
12.9188899994,80.1741104126,73946,73956,10
12.9191799164,80.1729888916,73956,73966,10
12.9194898605,80.1718978882,73966,73976,10
12.919719696,80.1710281372,73976,73986,10
12.9197301865,80.1709899902,73986,73996,10
12.9198503494,80.1706619263,73996,74006,10
12.9200801849,80.169960022,74006,74016,10
12.9203701019,80.1690063477,74016,74027,11
12.9207401276,80.1678466797,74027,74037,10
12.921090126,80.1667175293,74037,74047,10
12.9214601517,80.1656036377,74047,74057,10
12.9218301773,80.1644821167,74057,74067,10
12.9221401215,80.163482666,74067,74077,10
12.9223003387,80.1628875732,74077,74087,10
12.9224500656,80.1624298096,74087,74097,10
12.9226703644,80.1617279053,74097,74107,10
12.9229402542,80.160949707,74107,74118,11
12.92304039,80.1605300903,74118,74128,10
12.9231595993,80.1601409912,74128,74138,10
12.9232702255,80.1593704224,74138,74148,10
12.9233798981,80.1583099365,74148,74159,11
12.9234895706,80.1571502686,74159,74169,10
12.9235601425,80.1563262939,74169,74179,10
12.9234895706,80.1555786133,74179,74189,10
12.9232997894,80.1549606323,74189,74199,10
12.9232902527,80.1549606323,74199,74209,10
12.9232196808,80.1546401978,74209,74220,11
12.9230604172,80.1539382935,74220,74230,10
12.9228601456,80.1531066895,74230,74240,10
12.9226198196,80.15209198,74240,74250,10
12.9225997925,80.1514892578,74250,74260,10
12.9225797653,80.1507034302,74260,74270,10
12.9225597382,80.1496429443,74270,74280,10
12.9224996567,80.1484832764,74280,74290,10
12.9224901199,80.1476135254,74290,74300,10
12.9224901199,80.1468963623,74300,74310,10
12.9224901199,80.1461486816,74310,74321,11
12.9224500656,80.1451034546,74321,74331,10
12.9224100113,80.1439666748,74331,74341,10
12.9223899841,80.1431503296,74341,74411,70
12.9223899841,80.1431503296,74411,74422,11
12.922369957,80.142791748,74422,74432,10
12.9223604202,80.1421966553,74432,74442,10
12.9223098755,80.1413803101,74442,74462,20
12.9223098755,80.1413803101,74462,74472,10
12.9223203659,80.1411209106,74472,74482,10
12.9223098755,80.1405029297,74482,74492,10
12.9223003387,80.1397476196,74492,74502,10
12.9223203659,80.1389007568,74502,74512,10
12.9223804474,80.1380767822,74512,74523,11
12.9224300385,80.1371002197,74523,74533,10
12.9224796295,80.1360626221,74533,74543,10
12.9224996567,80.1351470947,74543,74553,10
12.922539711,80.1344985962,74553,74563,10
12.9225797653,80.1337127686,74563,74573,10
12.9225997925,80.1330032349,74573,74583,10
12.9226198196,80.1323699951,74583,74591,8
12.9226398468,80.1317672729,74591,74603,12
12.9226503372,80.1313095093,74603,74613,10
12.922659874,80.1311187744,74613,74624,11
12.9226999283,80.1304473877,74624,74634,10
12.9227399826,80.129737854,74634,74644,10
12.9227800369,80.1290435791,74644,74654,10
12.9228000641,80.1285018921,74654,74664,10
12.9228096008,80.1278991699,74664,74674,10
12.9228496552,80.1271362305,74674,74684,10
12.9228601456,80.1262893677,74684,74694,10
12.9228897095,80.1256637573,74694,74704,10
12.9229297638,80.1249389648,74704,74714,10
12.922949791,80.1240768433,74714,74725,11
12.9230003357,80.1229782104,74725,74735,10
12.92304039,80.1218566895,74735,74745,10
12.923119545,80.1206436157,74745,74765,20
12.923119545,80.1206436157,74765,74775,10
12.9231595993,80.1205215454,74775,74795,20
12.9231595993,80.1205215454,74795,74805,10
12.9232196808,80.1202392578,74805,74816,11
12.9232597351,80.1195297241,74816,74826,10
12.9232597351,80.1187286377,74826,74836,10
12.9233703613,80.1179199219,74836,74846,10
12.9234199524,80.1170578003,74846,74856,10
12.9234199524,80.1169891357,74856,74866,10
12.9233999252,80.1169815063,74866,74876,10
12.9235601425,80.1169815063,74876,74886,10
12.9234895706,80.1174697876,74886,74896,10
12.9235200882,80.1179962158,74896,74906,10
12.92345047,80.1187667847,74906,74917,11
12.9233598709,80.1196289063,74917,74927,10
12.9232902527,80.120300293,74927,74947,20
12.9232902527,80.120300293,74947,74957,10
12.9232797623,80.1203384399,74957,74967,10
12.9232702255,80.1206970215,74967,74977,10
12.9232597351,80.1211700439,74977,75088,111
12.9232597351,80.1211700439,75088,75098,10
12.923210144,80.1213226318,75098,75108,10
12.9231796265,80.1217422485,75108,75119,11
12.9231395721,80.1225280762,75119,75129,10
12.9230899811,80.1234664917,75129,75139,10
12.92304039,80.1245803833,75139,75149,10
12.9229803085,80.125579834,75149,75159,10
12.9229297638,80.1263198853,75159,75169,10
12.9229202271,80.1271972656,75169,75179,10
12.9228696823,80.1279373169,75179,75189,10
12.9228200912,80.1284713745,75189,75199,10
12.9227800369,80.1292190552,75199,75209,10
12.9227600098,80.1297531128,75209,75220,11
12.922750473,80.1300125122,75220,75230,10
12.9227399826,80.1304931641,75230,75240,10
12.9227399826,80.1311187744,75240,75250,10
12.9227399826,80.131439209,75250,75260,10
12.9227199554,80.1318664551,75260,75270,10
12.9226903915,80.1326293945,75270,75280,10
12.9226303101,80.1335067749,75280,75290,10
12.9225797653,80.1344985962,75290,75300,10
12.9225301743,80.1354217529,75300,75310,10
12.9224996567,80.1364212036,75310,75321,11
12.9224395752,80.1374130249,75321,75331,10
12.9224004745,80.1380310059,75331,75341,10
12.9223604202,80.1387634277,75341,75351,10
12.9223403931,80.1396408081,75351,75361,10
12.922369957,80.1405410767,75361,75371,10
12.9223804474,80.1414413452,75371,75381,10
12.9223899841,80.1420822144,75381,75391,10
12.922419548,80.1424789429,75391,75401,10
12.9224500656,80.1426086426,75401,75412,11
12.9224796295,80.1428604126,75412,75422,10
12.9225101471,80.1434020996,75422,75432,10
12.9225196838,80.143737793,75432,75442,10
12.9225196838,80.1437988281,75442,75452,10
12.9224996567,80.1441421509,75452,75462,10
12.9225101471,80.1448287964,75462,75472,10
12.9225597382,80.1457290649,75472,75482,10
12.9225797653,80.1466598511,75482,75492,10
12.9226102829,80.1473236084,75492,75502,10
12.9226303101,80.1475067139,75502,75513,11
12.9226102829,80.1480407715,75513,75523,10
12.9225902557,80.1488265991,75523,75533,10
12.9226198196,80.1498718262,75533,75543,10
12.922659874,80.1509170532,75543,75553,10
12.9226999283,80.1516723633,75553,75563,10
12.9227399826,80.1522064209,75563,75573,10
12.9229097366,80.1529693604,75573,75583,10
12.923119545,80.1537628174,75583,75593,10
12.9233398438,80.1545333862,75593,75603,10
12.9233999252,80.1547164917,75603,75614,11
12.9234895706,80.1551818848,75614,75624,10
12.9236402512,80.1558609009,75624,75634,10
12.9236097336,80.1568527222,75634,75650,16
12.9234399796,80.1586074829,75650,75662,12
12.9233398438,80.1598205566,75662,75670,8
12.9232797623,80.1603164673,75670,75682,12
12.9232196808,80.1604690552,75682,75692,10
12.9230298996,80.1610412598,75692,75702,10
12.9227695465,80.1618118286,75702,75713,11
12.9224395752,80.1628265381,75713,75723,10
12.9221200943,80.1638565063,75723,75733,10
12.9217796326,80.1648864746,75733,75743,10
12.9214200974,80.1660079956,75743,75753,10
12.9210395813,80.167137146,75753,75763,10
12.9207201004,80.1682128906,75763,75773,10
12.9203996658,80.1691970825,75773,75783,10
12.9201002121,80.170211792,75783,75793,10
12.9198703766,80.1709518433,75793,75803,10
12.9198703766,80.1709594727,75803,75814,11
12.9198198318,80.171081543,75814,75824,10
12.9197397232,80.1713562012,75824,75834,10
12.9196300507,80.1717376709,75834,75844,10
12.9194402695,80.172416687,75844,75854,10
12.9191999435,80.1732635498,75854,75864,10
12.9189395905,80.1743087769,75864,75874,10
12.918680191,80.175453186,75874,75884,10
12.918390274,80.1765899658,75884,75894,10
12.9181995392,80.1777572632,75894,75904,10
12.9187498093,80.1787796021,75904,75915,11
12.919380188,80.1799621582,75915,75925,10
12.9196395874,80.1812362671,75925,75935,10
12.9199304581,80.1825180054,75935,75945,10
12.92029953,80.183921814,75945,75996,51
12.92029953,80.183921814,75996,76007,11
12.9203300476,80.1840667725,76007,76017,10
12.920419693,80.1845932007,76017,76027,10
12.9205703735,80.185256958,76027,76037,10
12.9205799103,80.1853408813,76037,76047,10
12.9206104279,80.1856384277,76047,76057,10
12.9203596115,80.1861419678,76057,76067,10
12.9198598862,80.1867218018,76067,76076,9
12.9193201065,80.1873397827,76076,76086,10
12.9187602997,80.1879806519,76086,76097,11
12.9180297852,80.1887588501,76097,76108,11
12.9174995422,80.1897583008,76108,76118,10
12.9173603058,80.1906204224,76118,76128,10
12.917309761,80.1912384033,76128,76138,10
12.9172000885,80.1920318604,76138,76148,10
12.9170999527,80.1927490234,76148,76158,10
12.9170703888,80.1931228638,76158,76168,10
12.9170703888,80.1931381226,76168,76178,10
12.9170598984,80.193359375,76178,76188,10
12.9170799255,80.193862915,76188,76198,10
12.9173297882,80.194480896,76198,76209,11
12.9180002213,80.1951217651,76209,76219,10
12.9187097549,80.1957778931,76219,76229,10
12.9194803238,80.1963577271,76229,76239,10
12.9203500748,80.1967086792,76239,76249,10
12.9210596085,80.1969299316,76249,76259,10
12.9216003418,80.1971282959,76259,76269,10
12.9223299026,80.1973190308,76269,76279,10
12.922949791,80.1974029541,76279,76289,10
12.9235601425,80.197479248,76289,76299,10
12.9240198135,80.1975097656,76299,76310,11
12.9241304398,80.197517395,76310,76320,10
12.9246501923,80.197517395,76320,76330,10
12.925239563,80.1974868774,76330,76340,10
12.9256496429,80.1975021362,76340,76350,10
12.9263896942,80.1975784302,76350,76360,10
12.9272203445,80.1979827881,76360,76370,10
12.9279203415,80.1988220215,76370,76380,10
12.928319931,80.19972229,76380,76390,10
12.9284696579,80.200843811,76390,76400,10
12.9285001755,80.201713562,76400,76411,11
12.9285297394,80.2023162842,76411,76421,10
12.9290599823,80.2027130127,76421,76431,10
12.9294700623,80.2027511597,76431,76441,10
12.9298400879,80.2027893066,76441,76451,10
12.9303398132,80.20287323,76451,76461,10
12.9310102463,80.2030181885,76461,76471,10
12.9316797256,80.2032470703,76471,76481,10
12.9321804047,80.2034225464,76481,76491,10
12.9326601028,80.2035675049,76491,76501,10
12.9329795837,80.2036972046,76501,76512,11
12.9334201813,80.2038421631,76512,76522,10
12.9336099625,80.2038574219,76522,76532,10
12.9339399338,80.2038879395,76532,76542,10
12.9340000153,80.2039031982,76542,76552,10
12.9343204498,80.2038879395,76552,76562,10
12.9349403381,80.2040023804,76562,76572,10
12.9356203079,80.2042999268,76572,76582,10
12.9363002777,80.2045211792,76582,76592,10
12.937040329,80.2047424316,76592,76602,10
12.9378900528,80.2049789429,76602,76613,11
12.9389295578,80.205291748,76613,76623,10
12.9395999908,80.2054901123,76623,76633,10
12.9398803711,80.205581665,76633,76643,10
12.9402198792,80.2056884766,76643,76653,10
12.9406795502,80.2058410645,76653,76663,10
12.9412202835,80.2060775757,76663,76673,10
12.9418201447,80.2064666748,76673,76683,10
12.9423599243,80.2069091797,76683,76693,10
12.9428195953,80.2074127197,76693,76704,11
12.9433202744,80.2079620361,76704,76714,10
12.943860054,80.2081832886,76714,76724,10
12.9442901611,80.2083435059,76724,76734,10
12.9444799423,80.2084197998,76734,76744,10
12.9450502396,80.2086410522,76744,76754,10
12.9458398819,80.2089233398,76754,76764,10
12.94672966,80.2092895508,76764,76774,10
12.9475803375,80.2096176147,76774,76784,10
12.9483995438,80.2099380493,76784,76794,10
12.9493503571,80.2103271484,76794,76805,11
12.9506502151,80.2108535767,76805,76815,10
12.9518203735,80.2113189697,76815,76825,10
12.9527902603,80.2117004395,76825,76835,10
12.9534597397,80.2119903564,76835,76845,10
12.9542303085,80.2122879028,76845,76855,10
12.9552202225,80.212677002,76855,76865,10
12.9562797546,80.2130966187,76865,76875,10
12.9573802948,80.2135162354,76875,76885,10
12.9584703445,80.2139663696,76885,76895,10
12.9593296051,80.2143096924,76895,76906,11
12.9601202011,80.214630127,76906,76916,10
12.9610500336,80.2150115967,76916,76926,10
12.9621400833,80.2154312134,76926,76936,10
12.9631204605,80.2158203125,76936,76946,10
12.9633998871,80.215927124,76946,76956,10
12.9636201859,80.2160186768,76956,76966,10
12.9641895294,80.2162704468,76966,76976,10
12.9649496078,80.2165908813,76976,76986,10
12.9657897949,80.2169265747,76986,76996,10
12.9665899277,80.2172393799,76996,77007,11
12.9673099518,80.2174987793,77007,77017,10
12.9678201675,80.2177276611,77017,77027,10
12.9684400558,80.2179718018,77027,77037,10
12.9693498611,80.2183303833,77037,77047,10
12.9703998566,80.2187423706,77047,77057,10
12.9710197449,80.2189407349,77057,77067,10
12.9712200165,80.2190170288,77067,77077,10
12.9716100693,80.2191772461,77077,77087,10
12.9722995758,80.2194824219,77087,77097,10
12.973110199,80.2197875977,77097,77108,11
12.9739904404,80.2201538086,77108,77118,10
12.9746904373,80.2204589844,77118,77168,50
12.9746904373,80.2204589844,77168,77178,10
12.9751501083,80.2206420898,77178,77188,10
12.9755001068,80.2208175659,77188,77198,10
12.9757604599,80.2210617065,77198,77209,11
12.9760799408,80.2212524414,77209,77219,10
12.9760904312,80.2212524414,77219,77229,10
12.9763097763,80.2212219238,77229,77239,10
12.9768896103,80.2212219238,77239,77249,10
12.9777097702,80.2211990356,77249,77259,10
12.97838974,80.2211074829,77259,77269,10
12.9790897369,80.2210922241,77269,77279,10
12.979809761,80.2210617065,77279,77289,10
12.9813299179,80.2211685181,77289,77299,10
12.9813299179,80.2211685181,77299,77310,11
12.9820995331,80.2216796875,77310,77320,10
12.982509613,80.221862793,77320,77330,10
12.9828300476,80.2219467163,77330,77340,10
12.9829998016,80.2220306396,77340,77350,10
12.9832401276,80.2221908569,77350,77361,11
12.9836797714,80.2224731445,77361,77372,11
12.9842395782,80.2227935791,77372,77382,10
12.984869957,80.2231674194,77382,77392,10
12.985449791,80.2232666016,77392,77403,11
12.9860401154,80.2229690552,77403,77412,9
12.9869298935,80.2230300903,77412,77442,30
12.9869298935,80.2230300903,77442,77453,11
12.9874296188,80.2230606079,77453,77463,10
12.9880895615,80.2228012085,77463,77473,10
12.9887199402,80.2222213745,77473,77483,10
12.9892196655,80.2216491699,77483,77493,10
12.9897098541,80.2210083008,77493,77504,11
12.9904499054,80.2203216553,77504,77514,10
12.9910001755,80.219871521,77514,77524,10
12.991519928,80.2194595337,77524,77534,10
12.992099762,80.219039917,77534,77544,10
12.9926996231,80.2186279297,77544,77554,10
12.9932498932,80.2182006836,77554,77564,10
12.9937200546,80.2178726196,77564,77574,10
12.9940500259,80.2176437378,77574,77584,10
12.9944801331,80.2173233032,77584,77594,10
12.9945802689,80.2172470093,77594,77605,11
12.9949197769,80.2170410156,77605,77615,10
12.9953203201,80.2167892456,77615,77625,10
12.9957895279,80.2166290283,77625,77635,10
12.996219635,80.2165298462,77635,77685,50
12.996219635,80.2165298462,77685,77695,10
12.9964504242,80.2165298462,77695,77706,11
12.9966897964,80.2164993286,77706,77716,10
12.9967298508,80.2164916992,77716,77726,10
12.9968900681,80.2164764404,77726,77736,10
12.9970397949,80.2164764404,77736,77746,10
12.9972696304,80.2163696289,77746,77756,10
12.9975795746,80.2160568237,77756,77766,10
12.9977502823,80.2158966064,77766,77776,10
12.9982299805,80.2154769897,77776,77786,10
12.9988498688,80.2149429321,77786,77796,10
12.9992103577,80.214630127,77796,77807,11
12.999710083,80.2142105103,77807,77817,10
13.0001401901,80.2138290405,77817,77826,9
13.0006399155,80.2133712769,77826,77837,11
13.0011501312,80.2129592896,77837,77847,10
13.001660347,80.2125778198,77847,77857,10
13.002289772,80.2122192383,77857,77867,10
13.0030698776,80.2120895386,77867,77877,10
13.003660202,80.2120437622,77877,77887,10
13.0036897659,80.2120437622,77887,77898,11
13.0040102005,80.2120513916,77898,77908,10
13.0045499802,80.2122802734,77908,77918,10
13.0052204132,80.2126693726,77918,77928,10
13.0059995651,80.2129211426,77928,77938,10
13.0061998367,80.2128219604,77938,77948,10
13.0064001083,80.2127685547,77948,77958,10
13.0068302155,80.2127380371,77958,77968,10
13.0076999664,80.2129135132,77968,77988,20
13.0076999664,80.2129135132,77988,77999,11
13.007809639,80.2130432129,77999,78009,10
13.0078496933,80.2130966187,78009,78019,10
13.0082101822,80.2132797241,78019,78029,10
13.0087203979,80.2136917114,78029,78039,10
13.0091896057,80.214302063,78039,78049,10
13.0095100403,80.2147674561,78049,78059,10
13.0097198486,80.2150726318,78059,78069,10
13.0100097656,80.2154464722,78069,78079,10
13.0105104446,80.2160568237,78079,78089,10
13.0107898712,80.2167510986,78089,78100,11
13.0111598969,80.2176437378,78100,78110,10
13.0114803314,80.2185668945,78110,78120,10
13.0118598938,80.2196884155,78120,78130,10
13.0121498108,80.2206573486,78130,78140,10
13.0124702454,80.2213973999,78140,78150,10
13.0128698349,80.2219085693,78150,78160,10
13.0133600235,80.2224807739,78160,78170,10
13.0137395859,80.2229766846,78170,78180,10
13.0141401291,80.223487854,78180,78190,10
13.0143995285,80.2237625122,78190,78201,11
13.0147399902,80.2242202759,78201,78211,10
13.0152702332,80.2248764038,78211,78221,10
13.0157299042,80.225189209,78221,78231,10
13.0158996582,80.2252807617,78231,78241,10
13.0164699554,80.2253112793,78241,78251,10
13.0172796249,80.2250137329,78251,78261,10
13.0181999207,80.2246627808,78261,78271,10
13.0192604065,80.2244033813,78271,78281,10
13.0202102661,80.2248916626,78281,78291,10
13.0210800171,80.2255096436,78291,78301,10
13.0217103958,80.2259902954,78301,78312,11
13.0217895508,80.2260437012,78312,78322,10
13.022069931,80.2262496948,78322,78332,10
13.0226097107,80.2267532349,78332,78342,10
13.0232896805,80.2273788452,78342,78352,10
13.0240097046,80.2280502319,78352,78362,10
13.0242795944,80.2283401489,78362,78372,10
13.024479866,80.2286605835,78372,78382,10
13.024769783,80.2291183472,78382,78392,10
13.0251502991,80.229598999,78392,78403,11
13.0256204605,80.2302780151,78403,78413,10
13.0259199142,80.2309036255,78413,78423,10
13.02602005,80.2313079834,78423,78433,10
13.0263500214,80.2313079834,78433,78443,10
13.0270595551,80.2311325073,78443,78453,10
13.0277500153,80.2309799194,78453,78463,10
13.028169632,80.2309417725,78463,78473,10
13.0284004211,80.2309188843,78473,78483,10
13.0289697647,80.2308578491,78483,78493,10
13.0291900635,80.230796814,78493,78510,17
13.0298995972,80.2307510376,78510,78522,12
13.0304803848,80.2306900024,78522,78532,10
13.03083992,80.2306671143,78532,78542,10
13.0313997269,80.2306518555,78542,78551,9
13.0320396423,80.2305984497,78551,78562,11
13.032790184,80.2305374146,78562,78572,10
13.0337495804,80.2304534912,78572,78593,21
13.0337495804,80.2304534912,78593,78603,10
13.0339403152,80.2304229736,78603,78613,10
13.0340595245,80.2304229736,78613,78623,10
13.0346002579,80.2303314209,78623,78673,50
13.0349502563,80.230178833,78673,78694,21
13.0349502563,80.230178833,78694,78704,10
13.0349798203,80.2303695679,78704,78714,10
13.0346603394,80.2303619385,78714,78724,10
13.0342998505,80.2304534912,78724,78734,10
13.0339803696,80.2304763794,78734,78744,10
13.0334796906,80.2304992676,78744,78754,10
13.0329799652,80.2305297852,78754,78764,10
13.0325603485,80.2305603027,78764,78774,10
13.0321702957,80.2306213379,78774,78784,10
13.0316200256,80.2306594849,78784,78795,11
13.0311403275,80.2307128906,78795,78805,10
13.0309200287,80.2307281494,78805,78815,10
13.0306901932,80.2307510376,78815,78825,10
13.0303297043,80.2307891846,78825,78835,10
13.0298900604,80.2308273315,78835,78845,10
13.029419899,80.2309112549,78845,78855,10
13.0288200378,80.23097229,78855,78865,10
13.0281295776,80.2310791016,78865,78875,10
13.0277099609,80.2311172485,78875,78885,10
13.0276899338,80.2315292358,78885,78896,11
13.0277395248,80.2321166992,78896,78906,10
13.0278501511,80.2325973511,78906,78916,10
13.0276403427,80.2328491211,78916,78926,10
13.027179718,80.2329330444,78926,78956,30
13.027179718,80.2329330444,78956,78966,10
13.0269403458,80.2329483032,78966,78976,10
13.0268001556,80.2329788208,78976,78986,10
13.0265398026,80.233039856,78986,78997,11
13.026260376,80.2325210571,78997,79007,10
13.0261001587,80.2319412231,79007,79017,10
13.0260601044,80.2317733765,79017,79027,10
13.0260601044,80.2316818237,79027,79037,10
13.0260000229,80.2313995361,79037,79047,10
13.0258798599,80.2308731079,79047,79057,10
13.0255002975,80.2301101685,79057,79067,10
13.0248403549,80.229309082,79067,79077,10
13.0246295929,80.2290725708,79077,79087,10
13.0243797302,80.2287216187,79087,79098,11
13.0238895416,80.2280578613,79098,79108,10
13.0231895447,80.2273635864,79108,79118,10
13.022359848,80.2266235352,79118,79128,10
13.0215396881,80.2259597778,79128,79138,10
13.0207004547,80.2253265381,79138,79148,10
13.0197401047,80.2246932983,79148,79164,16
13.0178899765,80.2248916626,79164,79176,12
13.0165901184,80.2254333496,79176,79186,10
13.0156803131,80.2257385254,79186,79197,11
13.015080452,80.2259597778,79197,79206,9
13.015080452,80.2259674072,79206,79217,11
13.0145902634,80.2260971069,79217,79237,20
13.0145902634,80.2260971069,79237,79247,10
13.0143299103,80.2262191772,79247,79257,10
13.014169693,80.2257232666,79257,79338,81
13.014169693,80.2257232666,79338,79348,10
13.0143098831,80.225479126,79348,79358,10
13.0141296387,80.2252807617,79358,79368,10
