12.9868097305,80.2587890625,12,790,778
12.986530304,80.2587814331,790,1033,243
12.9867200851,80.2588424683,1033,3228,2195
12.9865598679,80.2588424683,3228,3805,577
12.9868001938,80.2588272095,3805,5171,1366
12.9866304398,80.2587585449,5171,6911,1740
12.9866304398,80.2587585449,6911,6921,10
12.9866304398,80.2587890625,6921,7670,749
12.9867897034,80.2587127686,7670,7852,182
12.9867897034,80.2587585449,7852,7973,121
12.9867200851,80.2587127686,7973,8216,243
12.9867401123,80.2587585449,8216,9501,1285
12.9867801666,80.2586669922,9501,11746,2245
12.9868001938,80.2587890625,11746,12861,1115
12.9865503311,80.2587432861,12861,13185,324
12.9867801666,80.2587203979,13185,14095,910
12.9865903854,80.2587585449,14095,14237,142
12.9867801666,80.2588424683,14237,15340,1103
12.9865999222,80.2587127686,15340,15755,415
12.9868001938,80.2588119507,15755,19914,4159
12.9865503311,80.2587585449,19914,20521,607
12.9865503311,80.2587585449,20521,20531,10
12.986700058,80.2589035034,20531,20542,11
12.9867696762,80.2590713501,20542,20552,10
12.9870004654,80.2590789795,20552,20562,10
12.9872198105,80.2591018677,20562,20572,10
12.9873104095,80.2588500977,20572,20582,10
12.9873600006,80.2583465576,20582,20592,10
12.9873800278,80.2577667236,20592,20643,51
12.9873800278,80.2577667236,20643,20653,10
12.9875097275,80.25756073,20653,20663,10
12.9875297546,80.2571792603,20663,20673,10
12.9875602722,80.2564926147,20673,20683,10
12.9875898361,80.255859375,20683,20693,10
12.9873800278,80.2557220459,20693,20703,10
12.9867200851,80.2555999756,20703,20713,10
12.98595047,80.2554626465,20713,20723,10
12.9850597382,80.255241394,20723,20734,11
12.9840202332,80.2549819946,20734,20744,10
12.9830999374,80.254737854,20744,20754,10
12.9822702408,80.2544937134,20754,20764,10
12.9819002151,80.2538909912,20764,20774,10
12.9817399979,80.2531585693,20774,20784,10
12.9812297821,80.2527923584,20784,20794,10
12.9805402756,80.2527770996,20794,20805,11
12.9796895981,80.2527008057,20805,20815,10
12.9787998199,80.2526016235,20815,20825,10
12.9780397415,80.2521591187,20825,20835,10
12.9771499634,80.2514724731,20835,20845,10
12.9758996964,80.2510528564,20845,20855,10
12.9746198654,80.2506790161,20855,20865,10
12.9735202789,80.2503814697,20865,20875,10
12.9722700119,80.2500534058,20875,20885,10
12.9709196091,80.2496795654,20885,20896,11
12.9695100784,80.2491836548,20896,20906,10
12.9680700302,80.248588562,20906,20916,10
12.9668598175,80.2480621338,20916,20926,10
12.9658002853,80.2475662231,20926,20936,10
12.9646196365,80.2471618652,20936,20946,10
12.963350296,80.2466506958,20946,20956,10
12.9619903564,80.2459564209,20956,20966,10
12.9606199265,80.2453079224,20966,20976,10
12.9593601227,80.2447509766,20976,20987,11
12.9581804276,80.2442626953,20987,20997,10
12.9573402405,80.243927002,20997,21007,10
12.9565200806,80.243598938,21007,21017,10
12.9563102722,80.2435073853,21017,21027,10
12.9558200836,80.2433013916,21027,21037,10
12.955039978,80.2429733276,21037,21047,10
12.9540700912,80.2425613403,21047,21057,10
12.9529304504,80.2420806885,21057,21067,10
12.9517498016,80.2416610718,21067,21078,11
12.9505596161,80.2412796021,21078,21088,10
12.949259758,80.2408828735,21088,21098,10
12.9486503601,80.2406616211,21098,21108,10
12.9478397369,80.2403030396,21108,21118,10
12.9468202591,80.2398834229,21118,21128,10
12.9456596375,80.2393798828,21128,21138,10
12.9446201324,80.2384872437,21138,21148,10
12.9437103271,80.2375106812,21148,21158,10
12.9423799515,80.2364883423,21158,21169,11
12.9407196045,80.236038208,21169,21179,10
12.9392995834,80.2355270386,21179,21189,10
12.9379701614,80.23487854,21189,21199,10
12.9367799759,80.2342834473,21199,21209,10
12.935839653,80.2338409424,21209,21219,10
12.9349803925,80.2334365845,21219,21229,10
12.9340696335,80.2330169678,21229,21239,10
12.9331502914,80.2326126099,21239,21250,11
12.9321899414,80.2322463989,21250,21260,10
12.9309101105,80.2318572998,21260,21270,10
12.9296503067,80.2314987183,21270,21280,10
12.9283504486,80.2312393188,21280,21290,10
12.9271402359,80.2310791016,21290,21300,10
12.9259300232,80.2309417725,21300,21310,10
12.9246101379,80.2307815552,21310,21320,10
12.9233198166,80.2306137085,21320,21330,10
12.9219799042,80.2304000854,21330,21340,10
12.9205999374,80.23021698,21340,21351,11
12.9191598892,80.2300415039,21351,21361,10
12.9177904129,80.2298583984,21361,21371,10
12.9163303375,80.2296600342,21371,21381,10
12.9149103165,80.2294616699,21381,21391,10
12.9137601852,80.229309082,21391,21401,10
12.9125699997,80.2291412354,21401,21411,10
12.911190033,80.2289581299,21411,21421,10
12.9097204208,80.2287521362,21421,21432,11
12.9081897736,80.2284927368,21432,21442,10
12.9068403244,80.2283325195,21442,21462,20
12.9068403244,80.2283325195,21462,21472,10
12.9067001343,80.2283096313,21472,21482,10
12.9062700272,80.2282714844,21482,21492,10
12.9054603577,80.2282180786,21492,21502,10
12.9043798447,80.2281494141,21502,21512,10
12.9030895233,80.2280807495,21512,21523,11
12.9016199112,80.2279968262,21523,21533,10
12.9005899429,80.2279281616,21533,21543,10
12.8997602463,80.227897644,21543,21553,10
12.8990697861,80.2278366089,21553,21563,10
12.8981800079,80.2277908325,21563,21573,10
12.8970804214,80.2277297974,21573,21583,10
12.895819664,80.2276687622,21583,21593,10
12.8944597244,80.2276077271,21593,21604,11
12.8931303024,80.2274703979,21604,21614,10
12.8916196823,80.2273635864,21614,21624,10
12.8901395798,80.2273406982,21624,21634,10
12.8888196945,80.2273635864,21634,21644,10
12.8877601624,80.2272567749,21644,21654,10
12.8867101669,80.2270812988,21654,21664,10
12.8855495453,80.2267913818,21664,21674,10
12.8847198486,80.2266769409,21674,21684,10
12.8837900162,80.2266998291,21684,21695,11
12.8826999664,80.2267227173,21695,21705,10
12.8818998337,80.2267303467,21705,21715,10
12.8809995651,80.2267227173,21715,21725,10
12.8798799515,80.2267303467,21725,21735,10
12.8785400391,80.2267837524,21735,21745,10
12.8771400452,80.2268981934,21745,21755,10
12.8758602142,80.2269592285,21755,21765,10
12.8745098114,80.2268066406,21765,21775,10
12.8732004166,80.2266998291,21775,21786,11
12.8717002869,80.2266464233,21786,21796,10
12.8702802658,80.2265625,21796,21806,10
12.8688097,80.2264022827,21806,21816,10
12.8674097061,80.2264404297,21816,21826,10
12.8664302826,80.2265396118,21826,21836,10
12.8654499054,80.2265777588,21836,21846,10
12.864279747,80.2265396118,21846,21856,10
12.8629598618,80.2265014648,21856,21867,11
12.8613901138,80.2265930176,21867,21877,10
12.8599796295,80.2264633179,21877,21887,10
12.859000206,80.226348877,21887,21897,10
12.8586397171,80.2262878418,21897,21907,10
12.8579902649,80.2262268066,21907,21917,10
12.8570404053,80.2262802124,21917,21927,10
12.855890274,80.2264099121,21927,21937,10
12.8545799255,80.2265396118,21937,21947,10
12.8531703949,80.2266693115,21947,21958,11
12.8516798019,80.2266311646,21958,21968,10
12.8500204086,80.2265625,21968,21978,10
12.8487300873,80.2265625,21978,21988,10
12.8474798203,80.2265625,21988,21998,10
12.8461799622,80.2265701294,21998,22008,10
12.8452301025,80.226600647,22008,22018,10
12.8441400528,80.2267074585,22018,22028,10
12.8428697586,80.226890564,22028,22038,10
12.8414802551,80.2271881104,22038,22049,11
12.8402795792,80.2275238037,22049,22059,10
12.8397302628,80.2276611328,22059,22069,10
12.8394098282,80.2277526855,22069,22079,10
12.8387203217,80.2279510498,22079,22089,10
12.8377504349,80.2281723022,22089,22099,10
12.8369197845,80.2283172607,22099,22109,10
12.8360795975,80.2284393311,22109,22119,10
12.834980011,80.2285995483,22119,22129,10
12.8337202072,80.2288208008,22129,22139,10
12.8325004578,80.2290420532,22139,22150,11
12.831700325,80.2291793823,22150,22160,10
12.8315200806,80.2286224365,22160,22170,10
12.8313503265,80.2277526855,22170,22180,10
12.8311300278,80.2266769409,22180,22190,10
12.8310604095,80.2255020142,22190,22200,10
12.8310604095,80.2247619629,22200,22210,10
12.8310804367,80.2243499756,22210,22221,11
12.8310804367,80.2235336304,22221,22231,10
12.8310604095,80.2226867676,22231,22241,10
12.8310499191,80.2222213745,22241,22251,10
12.8311195374,80.2221221924,22251,22261,10
12.8312196732,80.2222213745,22261,22271,10
12.8312196732,80.2222290039,22271,22281,10
12.831199646,80.2224731445,22281,22291,10
12.8311901093,80.2230377197,22291,22301,10
12.8311901093,80.2238998413,22301,22312,11
12.8311796188,80.2245635986,22312,22322,10
12.8311796188,80.2250976563,22322,22332,10
12.8311595917,80.2259216309,22332,22342,10
12.8312702179,80.2269592285,22342,22352,10
12.8315095901,80.2280578613,22352,22362,10
12.8316802979,80.2289199829,22362,22372,10
12.8318195343,80.2291564941,22372,22382,10
12.8322200775,80.2290725708,22382,22392,10
12.83273983,80.2289428711,22392,22635,243
12.83273983,80.2289428711,22635,22645,10
12.8329601288,80.2288818359,22645,22655,10
12.8335399628,80.2287902832,22655,22666,11
12.8344097137,80.2286376953,22666,22676,10
12.835559845,80.2284622192,22676,22686,10
12.8367900848,80.2282791138,22686,22696,10
12.8380002975,80.2280807495,22696,22706,10
12.8390102386,80.2278366089,22706,22716,10
12.8393297195,80.2277374268,22716,22726,10
12.8394603729,80.2276992798,22726,22736,10
12.839630127,80.2276229858,22736,22746,10
12.8402900696,80.2274475098,22746,22757,11
12.8413200378,80.227180481,22757,22767,10
12.8424501419,80.2269363403,22767,22777,10
12.8437700272,80.2267227173,22777,22787,10
12.845459938,80.2265396118,22787,22807,20
12.845459938,80.2265396118,22807,22817,10
12.8456001282,80.2265396118,22817,22827,10
12.8460798264,80.2265625,22827,22837,10
12.8469696045,80.2265625,22837,22848,11
12.8482103348,80.2265625,22848,22858,10
12.8494701385,80.2265396118,22858,22868,10
12.8500699997,80.2265167236,22868,22878,10
12.8504695892,80.2265319824,22878,22888,10
12.8512601852,80.2265777588,22888,22898,10
12.8523101807,80.2266235352,22898,22908,10
12.8535900116,80.2266082764,22908,22918,10
12.8550195694,80.2264633179,22918,22929,11
12.8567304611,80.2262802124,22929,22939,10
12.858300209,80.2261962891,22939,22949,10
12.8598299026,80.2263793945,22949,22959,10
12.8608798981,80.2265014648,22959,22969,10
12.8610601425,80.2265319824,22969,22979,10
12.8616800308,80.2265396118,22979,22989,10
12.8626203537,80.2264862061,22989,22999,10
12.8637199402,80.2264785767,22999,23009,10
12.8650598526,80.2265396118,23009,23020,11
12.866519928,80.2265014648,23020,23030,10
12.8682203293,80.2263565063,23030,23040,10
12.869799614,80.2264785767,23040,23050,10
12.8713302612,80.226600647,23050,23060,10
12.8728199005,80.2266387939,23060,23070,10
12.8743600845,80.2267532349,23070,23080,10
12.8758401871,80.2268981934,23080,23090,10
12.8768100739,80.2268829346,23090,23100,10
12.8768997192,80.2268829346,23100,23111,11
12.8775596619,80.2268295288,23111,23121,10
12.8785295486,80.2267532349,23121,23131,10
12.8796901703,80.2266998291,23131,23141,10
12.8809299469,80.2266998291,23141,23151,10
12.8821401596,80.2266769409,23151,23161,10
12.8835096359,80.2266616821,23161,23171,10
12.8848199844,80.2266464233,23171,23181,10
12.8851699829,80.2266616821,23181,23191,10
12.8854398727,80.2267074585,23191,23202,11
12.8861904144,80.2268981934,23202,23212,10
12.887169838,80.227142334,23212,23222,10
12.8883399963,80.2273101807,23222,23232,10
12.8897199631,80.2273406982,23232,23242,10
12.8912496567,80.2273406982,23242,23252,10
12.8926095963,80.2274017334,23252,23262,10
12.893819809,80.2275466919,23262,23272,10
12.895070076,80.2276306152,23272,23282,10
12.896490097,80.2276916504,23282,23293,11
12.8981800079,80.2277832031,23293,23303,10
12.8995399475,80.2278366089,23303,23313,10
12.9006099701,80.2278823853,23313,23323,10
12.9013900757,80.2279586792,23323,23333,10
12.9030199051,80.2279815674,23333,23353,20
12.9030199051,80.2279815674,23353,23363,10
12.9032001495,80.2279891968,23363,23374,11
12.9034404755,80.2280502319,23374,23384,10
12.9040699005,80.2280807495,23384,23394,10
12.904999733,80.2281265259,23394,23404,10
12.9060697556,80.2281799316,23404,23414,10
12.9065198898,80.2282333374,23414,23424,10
12.9068002701,80.2282333374,23424,23434,10
12.9069404602,80.2282409668,23434,23444,10
12.9073801041,80.2283096313,23444,23454,10
12.9081802368,80.2284317017,23454,23464,10
12.9092597961,80.2285995483,23464,23475,11
12.9106302261,80.228843689,23475,23485,10
12.9120397568,80.2290725708,23485,23495,10
12.9133996964,80.2292327881,23495,23505,10
12.9143400192,80.2293395996,23505,23515,10
12.9152898788,80.2294921875,23515,23525,10
12.9165401459,80.2296829224,23525,23535,10
12.9178800583,80.2298583984,23535,23545,10
12.9193296432,80.2300491333,23545,23556,11
12.9210796356,80.2302627563,23556,23566,10
12.9227399826,80.2304916382,23566,23576,10
12.9243602753,80.23072052,23576,23586,10
12.9257898331,80.2308883667,23586,23596,10
12.9263896942,80.2309494019,23596,23606,10
12.926659584,80.2309875488,23606,23616,10
12.9273195267,80.2310714722,23616,23626,10
12.9282903671,80.2311935425,23626,23636,10
12.9294204712,80.2313995361,23636,23647,11
12.930850029,80.2317733765,23647,23657,10
12.9322900772,80.2322311401,23657,23667,10
12.9334402084,80.2326507568,23667,23677,10
12.9336395264,80.232749939,23677,23687,10
12.9337797165,80.2328109741,23687,23697,10
12.9339799881,80.2328796387,23697,23707,10
12.934630394,80.2331924438,23707,23717,10
12.9355401993,80.2335968018,23717,23728,11
12.9366598129,80.2341690063,23728,23738,10
12.9378900528,80.2347564697,23738,23748,10
12.9391803741,80.2353668213,23748,23758,10
12.9397802353,80.2356491089,23758,23768,10
12.9398899078,80.2357177734,23768,23778,10
12.9404802322,80.2359237671,23778,23787,9
12.941280365,80.2361221313,23787,23798,11
12.9424800873,80.2364425659,23798,23808,10
12.9435100555,80.2371520996,23808,23819,11
12.944560051,80.2383117676,23819,23829,10
12.9456796646,80.2393417358,23829,23839,10
12.9469003677,80.2398376465,23839,23849,10
12.9474201202,80.2400283813,23849,23859,10
12.9477300644,80.2401504517,23859,23869,10
12.9483203888,80.2404022217,23869,23879,10
12.9488401413,80.2406082153,23879,23899,20
12.9488401413,80.2406082153,23899,23910,11
12.9490604401,80.2406768799,23910,23920,10
12.949669838,80.2409133911,23920,23930,10
12.9505395889,80.2411727905,23930,23940,10
12.9511699677,80.2413406372,23940,23950,10
12.9514799118,80.2414703369,23950,23960,10
12.9519996643,80.2416610718,23960,23970,10
12.9527597427,80.2419662476,23970,23980,10
12.953789711,80.2423934937,23980,23991,11
12.9548196793,80.2427978516,23991,24001,10
12.9557199478,80.2431182861,24001,24011,10
12.9563703537,80.2433700562,24011,24021,10
12.9567203522,80.2434997559,24021,24031,10
12.9574604034,80.2438430786,24031,24041,10
12.9583997726,80.2442474365,24041,24051,10
12.9589996338,80.244468689,24051,24061,10
12.9592199326,80.2445983887,24061,24071,10
12.9598302841,80.2448883057,24071,24082,11
12.9607896805,80.2453308105,24082,24092,10
12.9618396759,80.24584198,24092,24102,10
12.9630203247,80.246421814,24102,24112,10
12.9642295837,80.2469711304,24112,24122,10
12.9655599594,80.2474365234,24122,24132,10
12.9665403366,80.2477874756,24132,24142,10
12.9666700363,80.247833252,24142,24152,10
12.9670200348,80.2480316162,24152,24162,10
12.9676799774,80.2483825684,24162,24173,11
12.9688301086,80.2488174438,24173,24183,10
12.9700403214,80.2492980957,24183,24193,10
12.9714002609,80.2497634888,24193,24203,10
12.9729404449,80.2501678467,24203,24213,10
12.9745397568,80.2506027222,24213,24223,10
12.9759597778,80.2510223389,24223,24233,10
12.9772596359,80.2514724731,24233,24243,10
12.9783802032,80.2523193359,24243,24254,11
12.9792804718,80.2525482178,24254,24264,10
12.979809761,80.2526702881,24264,24284,20
12.979809761,80.2526702881,24284,24294,10
12.9800701141,80.2526702881,24294,24304,10
12.9806995392,80.2526626587,24304,24314,10
12.9816703796,80.2526321411,24314,24324,10
12.9828596115,80.2525863647,24324,24334,10
12.9841804504,80.2523422241,24334,24345,11
12.985710144,80.2519302368,24345,24355,10
12.9868602753,80.2516326904,24355,24365,10
12.9876203537,80.2513809204,24365,24405,40
12.9876203537,80.2513809204,24405,24415,10
12.9877004623,80.251373291,24415,24425,10
12.9881401062,80.2512664795,24425,24436,11
12.9890604019,80.2510299683,24436,24446,10
12.9895401001,80.2509002686,24446,24456,10
12.9896802902,80.250869751,24456,24466,10
12.9902000427,80.2507476807,24466,24476,10
12.9910497665,80.2505493164,24476,24486,10
12.9921197891,80.2502822876,24486,24496,10
12.9933795929,80.249961853,24496,24506,10
12.9947900772,80.2496109009,24506,24516,10
12.9960699081,80.2492599487,24516,24527,11
12.9967699051,80.2490692139,24527,24537,10
12.9973402023,80.2489471436,24537,24547,10
12.9982204437,80.2487411499,24547,24557,10
12.9991903305,80.2484970093,24557,24566,9
13.00041008,80.2481994629,24566,24577,11
13.0016298294,80.2479019165,24577,24587,10
13.0031995773,80.2475509644,24587,24597,10
13.004650116,80.2473602295,24597,24607,10
13.0059404373,80.2470779419,24607,24618,11
13.006529808,80.2464904785,24618,24628,10
13.0065402985,80.2464675903,24628,24638,10
13.0066699982,80.2460479736,24638,24648,10
13.0066604614,80.2452926636,24648,24658,10
13.006649971,80.2442779541,24658,24668,10
13.0066404343,80.2432022095,24668,24678,10
13.0065698624,80.2421035767,24678,24688,10
13.0066995621,80.2409515381,24688,24699,11
13.0070295334,80.2399978638,24699,24709,10
13.0072498322,80.2387466431,24709,24719,10
13.0074100494,80.2374420166,24719,24729,10
13.0074796677,80.2367019653,24729,24739,10
13.0075597763,80.2363967896,24739,24749,10
13.0076799393,80.235748291,24749,24759,10
13.0078601837,80.2348098755,24759,24769,10
13.0080795288,80.2337875366,24769,24779,10
13.0083599091,80.2323379517,24779,24790,11
13.0086402893,80.2307128906,24790,24800,10
13.0089101791,80.2293167114,24800,24810,10
13.0092201233,80.2280807495,24810,24820,10
13.009759903,80.2269134521,24820,24830,10
13.0102596283,80.2257614136,24830,24840,10
13.0107297897,80.224647522,24840,24850,10
13.0112199783,80.2235870361,24850,24860,10
13.0116701126,80.2224731445,24860,24870,10
13.0121297836,80.2214584351,24870,24881,11
13.0125799179,80.2217788696,24881,24891,10
13.0131196976,80.2224807739,24891,24901,10
13.0138597488,80.2232666016,24901,24911,10
13.0145702362,80.2240066528,24911,24921,10
13.0156097412,80.2250900269,24921,24941,20
13.0156097412,80.2250900269,24941,24951,10
13.016119957,80.2253723145,24951,24961,10
13.0168600082,80.225227356,24961,24972,11
13.0180797577,80.2247390747,24972,24982,10
13.0194597244,80.224357605,24982,25012,30
13.0194597244,80.224357605,25012,25022,10
13.0195398331,80.2243881226,25022,25032,10
13.019900322,80.2246170044,25032,25042,10
13.0205402374,80.225112915,25042,25053,11
13.021320343,80.2257080078,25053,25063,10
13.0221004486,80.2263336182,25063,25073,10
13.0229301453,80.2270507813,25073,25083,10
13.0236597061,80.2276992798,25083,25093,10
13.0241298676,80.2281036377,25093,25103,10
13.0244102478,80.2283782959,25103,25133,30
13.0244102478,80.2283782959,25133,25144,11
13.0244598389,80.2284927368,25144,25154,10
13.024310112,80.2285919189,25154,25164,10
13.0240001678,80.2282867432,25164,25174,10
13.0236997604,80.2279129028,25174,25184,10
13.0233898163,80.2276077271,25184,25194,10
13.0230798721,80.2273483276,25194,25427,233
13.0230798721,80.2273483276,25427,25437,10
13.0229997635,80.2271499634,25437,25447,10
13.0227098465,80.2268600464,25447,25457,10
13.0222997665,80.2264633179,25457,25467,10
13.0216398239,80.2259292603,25467,25477,10
13.0208301544,80.2253112793,25477,25487,10
13.0201301575,80.2248764038,25487,25508,21
13.0201301575,80.2248764038,25508,25518,10
13.0200004578,80.2248001099,25518,25528,10
13.0199604034,80.2247695923,25528,25538,10
13.0197896957,80.224647522,25538,25548,10
13.0192203522,80.2244415283,25548,25558,10
13.0185003281,80.2246170044,25558,25568,10
13.0173397064,80.2250595093,25568,25578,10
13.0165300369,80.2253875732,25578,25589,11
13.0156202316,80.2257232666,25589,25599,10
13.0142803192,80.2262420654,25599,25619,20
13.0142803192,80.2262420654,25619,25629,10
13.0140895844,80.22631073,25629,25639,10
13.0135402679,80.2265167236,25639,25649,10
13.012720108,80.226852417,25649,25659,10
13.0117502213,80.2272415161,25659,25669,10
13.0106801987,80.2276687622,25669,25680,11
13.0094804764,80.2281494141,25680,25690,10
13.0090799332,80.2288970947,25690,25700,10
13.0090303421,80.2294006348,25700,25710,10
13.0089702606,80.2298126221,25710,25720,10
13.0088996887,80.2302322388,25720,25791,71
13.0088996887,80.2302322388,25791,25801,10
13.0087604523,80.2306518555,25801,25811,10
13.0086603165,80.2311630249,25811,25821,10
13.0085000992,80.2320709229,25821,25831,10
13.0083599091,80.2331695557,25831,25841,10
13.0082998276,80.2335510254,25841,25852,11
13.0082597733,80.2336425781,25852,25862,10
13.0081100464,80.2340621948,25862,25872,10
13.0079202652,80.2348403931,25872,25882,10
13.0077295303,80.2358169556,25882,25892,10
13.0074996948,80.2370300293,25892,25902,10
13.0072603226,80.23828125,25902,25912,10
13.007060051,80.2393035889,25912,25922,10
13.0068998337,80.2400817871,25922,25932,10
13.0067501068,80.2408981323,25932,25943,11
13.0066795349,80.2419509888,25943,25953,10
13.0066900253,80.2429504395,25953,25963,10
13.0066699982,80.2441177368,25963,25973,10
13.0066795349,80.2454986572,25973,25983,10
13.0067501068,80.2466125488,25983,25993,10
13.0067596436,80.2472763062,25993,26003,10
13.0065803528,80.2473983765,26003,26013,10
13.0062999725,80.2473983765,26013,26023,10
13.0061903,80.2473907471,26023,26034,11
13.0060396194,80.2473907471,26034,26044,10
13.0057601929,80.2473602295,26044,26054,10
13.0051698685,80.2473678589,26054,26064,10
13.0043201447,80.247428894,26064,26074,10
13.0033397675,80.2475662231,26074,26084,10
13.0023603439,80.2477798462,26084,26094,10
13.0015697479,80.2479629517,26094,26104,10
13.0006799698,80.2481765747,26104,26115,11
12.9995498657,80.2484588623,26115,26125,10
12.998459816,80.2487716675,26125,26135,10
12.9981498718,80.2488479614,26135,26145,10
12.9978504181,80.248878479,26145,26155,10
12.9971904755,80.2490463257,26155,26165,10
12.9962596893,80.2492904663,26165,26175,10
12.99518013,80.2495803833,26175,26185,10
12.9939498901,80.2499008179,26185,26195,10
12.9926204681,80.2502212524,26195,26206,11
12.9913301468,80.250579834,26206,26216,10
12.991060257,80.2506484985,26216,26226,10
12.9909200668,80.2506637573,26226,26236,10
12.9903697968,80.250831604,26236,26246,10
12.9895496368,80.2510299683,26246,26256,10
12.9889001846,80.251159668,26256,26317,61
12.9889001846,80.251159668,26317,26327,10
12.9888000488,80.2511367798,26327,26337,10
12.9884195328,80.2512664795,26337,26347,10
12.988120079,80.2513809204,26347,26458,111
12.988120079,80.2513809204,26458,26469,11
12.987739563,80.2514266968,26469,26479,10
12.9871397018,80.2515869141,26479,26489,10
12.9862604141,80.2518234253,26489,26499,10
12.9851903915,80.2520904541,26499,26509,10
12.9839401245,80.2524185181,26509,26519,10
12.9825801849,80.2526397705,26519,26529,10
12.9812002182,80.2526931763,26529,26539,10
12.9801397324,80.2527389526,26539,26549,10
12.9788599014,80.2526397705,26549,26560,11
12.9785404205,80.2525405884,26560,26570,10
12.9783000946,80.2523574829,26570,26580,10
12.9777603149,80.2518997192,26580,26590,10
12.9769496918,80.2513580322,26590,26600,10
12.9758996964,80.2510223389,26600,26610,10
12.9746904373,80.2506790161,26610,26620,10
12.9733695984,80.2503204346,26620,26630,10
12.9719800949,80.249961853,26630,26640,10
12.970459938,80.2494888306,26640,26651,11
12.9688301086,80.248878479,26651,26661,10
12.96737957,80.2483520508,26661,26671,10
12.9661397934,80.247756958,26671,26681,10
12.965379715,80.2474594116,26681,26691,10
12.9653301239,80.2474136353,26691,26701,10
12.9649295807,80.2472229004,26701,26711,10
12.9642601013,80.2470016479,26711,26721,10
12.9634304047,80.2466506958,26721,26731,10
12.9624300003,80.2461395264,26731,26742,11
12.9611997604,80.2455368042,26742,26752,10
12.9600200653,80.2450408936,26752,26762,10
12.9593400955,80.244758606,26762,26772,10
12.959280014,80.244720459,26772,26782,10
12.9589500427,80.2445602417,26782,26792,10
12.9582996368,80.2442703247,26792,26802,10
12.9576301575,80.2440185547,26802,26812,10
12.9565200806,80.2436294556,26812,26853,41
12.9565200806,80.2436294556,26853,26863,10
12.9562702179,80.2435531616,26863,26873,10
12.9556999207,80.2432785034,26873,26883,10
12.9549198151,80.2429199219,26883,26893,10
12.9539604187,80.242477417,26893,26903,10
12.9528598785,80.2420120239,26903,26914,11
12.9519701004,80.2417526245,26914,26924,10
12.9518203735,80.2416687012,26924,26934,10
12.9513998032,80.2415084839,26934,26944,10
12.9507198334,80.2412719727,26944,26954,10
12.9498500824,80.2410202026,26954,26964,10
12.9489803314,80.2407302856,26964,26974,10
12.9479703903,80.2403030396,26974,26984,10
12.9470100403,80.2399520874,26984,26994,10
12.9468603134,80.2398986816,26994,27005,11
12.9464902878,80.2397384644,27005,27015,10
12.9458303452,80.239440918,27015,27025,10
12.9450902939,80.2389602661,27025,27035,10
12.9443702698,80.2381973267,27035,27045,10
12.943570137,80.2373123169,27045,27055,10
12.9425497055,80.2365188599,27055,27065,10
12.9412202835,80.2361526489,27065,27075,10
12.9401197433,80.2358932495,27075,27085,10
12.9399404526,80.2358169556,27085,27096,11
12.9396800995,80.2357025146,27096,27106,10
12.9390602112,80.2354202271,27106,27116,10
12.938249588,80.2350082397,27116,27126,10
12.9373102188,80.2345428467,27126,27136,10
12.9364204407,80.2341079712,27136,27146,10
12.935839653,80.2338409424,27146,27156,10
12.9350795746,80.2334823608,27156,27166,10
12.9341602325,80.2330780029,27166,27177,11
12.9339399338,80.2329788208,27177,27187,10
12.9338703156,80.2329406738,27187,27197,10
12.9334001541,80.2327194214,27197,27207,10
12.9326601028,80.2323989868,27207,27217,10
12.9317302704,80.2321014404,27217,27227,10
12.9306297302,80.2317810059,27227,27237,10
12.9293804169,80.2314529419,27237,27247,10
12.9281902313,80.2312164307,27247,27257,10
12.9269199371,80.231086731,27257,27268,11
12.9260396957,80.2310180664,27268,27278,10
12.9259595871,80.2310028076,27278,27288,10
12.9255304337,80.2309265137,27288,27298,10
12.9248104095,80.2308578491,27298,27308,10
12.9238996506,80.2307510376,27308,27318,10
12.9228401184,80.2305984497,27318,27328,10
12.921620369,80.2304077148,27328,27338,10
12.9202404022,80.2302093506,27338,27348,10
12.9187498093,80.2300109863,27348,27359,11
12.9170398712,80.2297897339,27359,27369,10
12.91588974,80.229637146,27369,27379,10
12.9151096344,80.2295532227,27379,27389,10
12.9142198563,80.2294235229,27389,27399,10
12.9138402939,80.2293777466,27399,27409,10
12.9137601852,80.229347229,27409,27419,10
12.9133901596,80.2292785645,27419,27429,10
12.9126996994,80.2291793823,27429,27439,10
12.9119501114,80.2290725708,27439,27450,11
12.9110202789,80.2289428711,27450,27460,10
12.9100103378,80.2287826538,27460,27470,10
12.9088802338,80.2286071777,27470,27480,10
12.907959938,80.2284927368,27480,27490,10
12.9074001312,80.2284317017,27490,27500,10
12.9069795609,80.2283477783,27500,27510,10
12.9065198898,80.228302002,27510,27520,10
12.9062204361,80.228302002,27520,27531,11
12.9058904648,80.2282485962,27531,27541,10
12.9051504135,80.2282104492,27541,27551,10
12.9043502808,80.2281799316,27551,27561,10
12.9037799835,80.2281570435,27561,27571,10
12.9036397934,80.2281570435,27571,27581,10
12.9034404755,80.2281417847,27581,27591,10
12.9032096863,80.2281265259,27591,27662,71
12.9028196335,80.2280883789,27662,27733,71
12.9028196335,80.2280883789,27733,27743,10
12.9023103714,80.2280578613,27743,27753,10
12.9021196365,80.2280502319,27753,27763,10
12.9019403458,80.2280197144,27763,27773,10
12.9017896652,80.228012085,27773,27783,10
12.9015302658,80.2279891968,27783,27793,10
12.9008798599,80.2279586792,27793,27804,11
12.8999795914,80.2279205322,27804,27814,10
12.8992099762,80.2278823853,27814,27824,10
12.8990697861,80.2278823853,27824,27834,10
12.8990497589,80.2278900146,27834,27844,10
12.8986501694,80.2278823853,27844,27854,10
12.8979301453,80.2278213501,27854,27864,10
12.8970098495,80.2277603149,27864,27874,10
12.8959598541,80.227722168,27874,27885,11
12.8946304321,80.2276763916,27885,27895,10
12.8934202194,80.2275619507,27895,27905,10
12.8925600052,80.2274475098,27905,27915,10
12.8917598724,80.2274017334,27915,27925,10
12.8907899857,80.2273864746,27925,27935,10
12.8896903992,80.2273864746,27935,27945,10
12.8886804581,80.2273712158,27945,27955,10
12.8875598907,80.2272567749,27955,27965,10
12.8863201141,80.2270202637,27965,27976,11
12.8850402832,80.2267532349,27976,27986,10
12.8846902847,80.2267379761,27986,27996,10
12.8843603134,80.2267379761,27996,28006,10
12.8836803436,80.2267379761,28006,28016,10
12.8827800751,80.2267532349,28016,28026,10
12.8816900253,80.2267608643,28026,28036,10
12.8804998398,80.2267684937,28036,28046,10
12.8791704178,80.2267990112,28046,28056,10
12.8777799606,80.2268829346,28056,28067,11
12.8766202927,80.2269897461,28067,28077,10
12.876250267,80.2270126343,28077,28087,10
12.8760995865,80.2270126343,28087,28097,10
12.8755397797,80.2269897461,28097,28107,10
12.8746900558,80.226890564,28107,28117,10
12.8736400604,80.2267684937,28117,28127,10
12.8726902008,80.2267379761,28127,28137,10
12.8725996017,80.2267379761,28137,28147,10
12.8722896576,80.2267303467,28147,28158,11
12.8716001511,80.2266998291,28158,28168,10
12.8706903458,80.2266464233,28168,28178,10
12.8696298599,80.2265396118,28178,28188,10
12.8684597015,80.2264099121,28188,28198,10
12.8671598434,80.2265014648,28198,28208,10
12.8657999039,80.2266235352,28208,28218,10
12.8643703461,80.2265777588,28218,28228,10
12.8628997803,80.2265472412,28228,28239,11
12.8609895706,80.2266235352,28239,28259,20
12.8609895706,80.2266235352,28259,28269,10
12.8607397079,80.2265701294,28269,28279,10
12.8601198196,80.2264862061,28279,28289,10
12.8593301773,80.2263870239,28289,28299,10
12.8590202332,80.226348877,28299,28309,10
12.8588600159,80.2263183594,28309,28319,10
12.8582801819,80.2262802124,28319,28330,11
12.8573799133,80.2262878418,28330,28340,10
12.8563804626,80.2264022827,28340,28350,10
12.855219841,80.2265167236,28350,28360,10
12.8539199829,80.2266616821,28360,28370,10
12.8525104523,80.2267227173,28370,28380,10
12.8510398865,80.2266387939,28380,28390,10
12.8495597839,80.226600647,28390,28400,10
12.8480300903,80.2266235352,28400,28410,10
12.8466501236,80.2266235352,28410,28421,11
12.8458003998,80.2266311646,28421,28431,10
12.8454799652,80.2266387939,28431,28441,10
12.8454399109,80.2266387939,28441,28451,10
12.8451299667,80.2266235352,28451,28461,10
12.8444795609,80.2266693115,28461,28471,10
12.8436002731,80.2267837524,28471,28481,10
12.8425598145,80.2269592285,28481,28491,10
12.8413801193,80.2272567749,28491,28501,10
12.8399801254,80.2276229858,28501,28572,71
12.8399801254,80.2276229858,28572,28582,10
12.8394403458,80.2278137207,28582,28593,11
12.8388395309,80.2279663086,28593,28603,10
12.8381004333,80.2281570435,28603,28613,10
12.8371295929,80.2283477783,28613,28623,10
12.8359899521,80.2285308838,28623,28633,10
12.8346996307,80.2287063599,28633,28643,10
12.8333501816,80.2289505005,28643,28653,10
12.8325500488,80.2291183472,28653,28673,20
12.8325500488,80.2291183472,28673,28684,11
12.8322601318,80.2291183472,28684,28694,10
12.8316602707,80.2292633057,28694,28704,10
12.8309402466,80.2294921875,28704,28714,10
12.8299398422,80.2298583984,28714,28724,10
12.8288002014,80.2303237915,28724,28734,10
12.8276195526,80.23097229,28734,28744,10
12.8262796402,80.2313995361,28744,28754,10
12.8247404099,80.2314224243,28754,28764,10
12.8231801987,80.2309799194,28764,28775,11
12.8213996887,80.2304992676,28775,28785,10
12.8198099136,80.2304992676,28785,28795,10
12.8189201355,80.230506897,28795,28805,10
12.8189001083,80.2304992676,28805,28815,10
12.8186702728,80.2304000854,28815,28825,10
12.8180198669,80.2300796509,28825,28835,10
12.8170700073,80.2296524048,28835,28845,10
12.8158798218,80.2294006348,28845,28856,11
12.8143796921,80.2291793823,28856,28866,10
12.8129396439,80.228767395,28866,28876,10
12.8114299774,80.2282333374,28876,28886,10
12.809920311,80.2276229858,28886,28896,10
12.808549881,80.2267532349,28896,28906,10
12.8073396683,80.2257232666,28906,28916,10
12.8064699173,80.2249526978,28916,28926,10
12.804980278,80.2240066528,28926,28947,21
12.804980278,80.2240066528,28947,28957,10
12.8046197891,80.2239532471,28957,28967,10
12.803899765,80.2238998413,28967,28977,10
12.8029403687,80.2238082886,28977,28987,10
12.8017501831,80.2236480713,28987,28997,10
12.8010501862,80.2236175537,28997,29007,10
12.8009595871,80.2235870361,29007,29017,10
12.8005104065,80.2235488892,29017,29027,10
12.7997903824,80.2234802246,29027,29038,11
12.7987203598,80.2233963013,29038,29048,10
12.7974596024,80.2232437134,29048,29058,10
12.796210289,80.2229995728,29058,29068,10
12.7958097458,80.2229385376,29068,29078,10
12.7957401276,80.22290802,29078,29088,10
12.795249939,80.2228012085,29088,29098,10
12.794380188,80.2226486206,29098,29108,10
12.7933101654,80.2224884033,29108,29118,10
12.792090416,80.2222824097,29118,29129,11
12.7906198502,80.2219161987,29129,29139,10
12.7895698547,80.2216415405,29139,29149,10
12.788860321,80.2213821411,29149,29159,10
12.7881498337,80.2210769653,29159,29169,10
12.787560463,80.2208328247,29169,29179,10
12.7867803574,80.2205276489,29179,29210,31
12.7867803574,80.2205276489,29210,29220,10
12.7865495682,80.2204589844,29220,29240,20
12.7865495682,80.2204589844,29240,29250,10
12.7864303589,80.2203598022,29250,29260,10
12.786239624,80.2203369141,29260,29270,10
12.786190033,80.220703125,29270,29280,10
12.7862100601,80.2212600708,29280,29290,10
12.7862195969,80.2213363647,29290,29300,10
12.786239624,80.2216567993,29300,29311,11
12.7862901688,80.2220077515,29311,31000,1689
12.7862901688,80.2220077515,31000,31010,10
12.7864103317,80.2218017578,31010,31020,10
12.7863197327,80.2214584351,31020,31030,10
12.7862701416,80.2209472656,31030,31040,10
12.786239624,80.2205963135,31040,31050,10
12.7862100601,80.220489502,31050,31061,11
12.7862195969,80.2203369141,31061,31071,10
12.7864303589,80.2203521729,31071,31081,10
12.786740303,80.2204666138,31081,31101,20
12.786740303,80.2204666138,31101,31111,10
12.78703022,80.2206192017,31111,31121,10
12.7875795364,80.2208404541,31121,31131,10
12.7882499695,80.2210998535,31131,31142,11
12.7891798019,80.2214736938,31142,31152,10
12.7898197174,80.2217025757,31152,31162,10
12.7904195786,80.221862793,31162,31172,10
12.7911996841,80.2220611572,31172,31182,10
12.7918901443,80.2222290039,31182,31192,10
12.7925796509,80.2223892212,31192,31202,10
12.7933101654,80.2225036621,31202,31212,10
12.7939996719,80.2226028442,31212,31222,10
12.7946395874,80.2227020264,31222,31233,11
12.7953195572,80.2228088379,31233,31243,10
12.7960996628,80.2229232788,31243,31253,10
12.7965097427,80.2229919434,31253,31263,10
12.7965898514,80.2230072021,31263,31273,10
12.7970399857,80.2230987549,31273,31283,10
12.7977399826,80.2232284546,31283,31293,10
12.7986097336,80.2233276367,31293,31303,10
12.7995595932,80.2234191895,31303,31313,10
12.8006000519,80.2235107422,31313,31324,11
12.8015403748,80.2236022949,31324,31334,10
12.8015699387,80.2236022949,31334,31344,10
12.8016300201,80.2236099243,31344,31354,10
12.8021202087,80.2236785889,31354,31364,10
12.8028001785,80.2237701416,31364,31374,10
12.8034000397,80.2238464355,31374,31384,10
12.8039703369,80.2238922119,31384,31394,10
12.8045301437,80.2239303589,31394,31404,10
12.8050403595,80.2239990234,31404,31415,11
12.8055400848,80.2241287231,31415,31425,10
12.8056097031,80.2241592407,31425,31435,10
12.8057804108,80.224281311,31435,31445,10
12.8062400818,80.2246780396,31445,31455,10
12.8069295883,80.2253036499,31455,31465,10
12.8077497482,80.226020813,31465,31475,10
12.8085403442,80.2266693115,31475,31485,10
12.8092002869,80.227180481,31485,31495,10
12.8095998764,80.2274169922,31495,31506,11
12.8101797104,80.2276992798,31506,31516,10
12.8109998703,80.2280502319,31516,31526,10
12.8120098114,80.2284164429,31526,31536,10
12.8131599426,80.2288284302,31536,31546,10
12.8144302368,80.2292022705,31546,31556,10
12.8158197403,80.2294006348,31556,31566,10
12.8172397614,80.2296600342,31566,31576,10
12.8185501099,80.2302780151,31576,31587,11
12.8197498322,80.2304534912,31587,31597,10
12.8198204041,80.2304382324,31597,31607,10
12.8198299408,80.2304382324,31607,31617,10
12.8202400208,80.2304382324,31617,31627,10
12.8210096359,80.2304382324,31627,31637,10
12.8219995499,80.2305679321,31637,31647,10
12.8230895996,80.2308883667,31647,31657,10
12.8242998123,80.2312088013,31657,31667,10
12.825630188,80.2313766479,31667,31678,11
12.8271398544,80.2312011719,31678,31688,10
12.8281297684,80.2306976318,31688,31698,10
12.8290195465,80.2302093506,31698,31708,10
12.8299303055,80.2298202515,31708,31718,10
12.8311300278,80.2293319702,31718,31738,20
12.8311300278,80.2293319702,31738,31748,10
12.8313102722,80.2292861938,31748,31758,10
12.8317899704,80.2291717529,31758,31769,11
12.8325796127,80.2289810181,31769,31779,10
12.8335103989,80.2288131714,31779,31789,10
12.8346395493,80.2286300659,31789,31799,10
12.8359098434,80.2284393311,31799,31809,10
12.8372602463,80.2282409668,31809,31819,10
12.8385696411,80.2279586792,31819,31829,10
12.8391399384,80.2277679443,31829,31839,10
12.8394002914,80.2276306152,31839,31860,21
12.8394002914,80.2276306152,31860,31870,10
12.8396701813,80.2275466919,31870,31880,10
12.8402204514,80.2275085449,31880,31890,10
12.8409500122,80.2273330688,31890,31900,10
12.8417100906,80.2271270752,31900,31910,10
12.8426799774,80.2268981934,31910,31920,10
12.8437900543,80.2267227173,31920,31930,10
12.8454799652,80.2265319824,31930,31951,21
12.8454799652,80.2265319824,31951,31961,10
12.8458795547,80.2265319824,31961,31971,10
12.8466100693,80.2265167236,31971,31981,10
12.8475999832,80.2265090942,31981,31991,10
12.8487100601,80.2265396118,31991,32001,10
12.8499498367,80.2265396118,32001,32011,10
12.8513002396,80.2265777588,32011,32021,10
12.8527498245,80.2266311646,32021,32031,10
12.8543100357,80.2265396118,32031,32042,11
12.856089592,80.2263565063,32042,32052,10
12.8577203751,80.2261886597,32052,32062,10
12.859120369,80.226272583,32062,32072,10
12.8605203629,80.2264709473,32072,32082,10
12.8619699478,80.2265396118,32082,32092,10
12.8634796143,80.2264785767,32092,32102,10
12.8651103973,80.2265472412,32102,32112,10
12.8668298721,80.2264785767,32112,32123,11
12.8687095642,80.2263565063,32123,32133,10
12.8704004288,80.2265625,32133,32143,10
12.8719596863,80.2266311646,32143,32153,10
12.8732795715,80.2266311646,32153,32163,10
12.8735399246,80.2266387939,32163,32173,10
12.8740596771,80.2266998291,32173,32183,10
12.874879837,80.2267990112,32183,32193,10
12.8758897781,80.2268981934,32193,32203,10
12.8767004013,80.226890564,32203,32214,11
12.8768396378,80.2268829346,32214,32224,10
12.8772096634,80.226852417,32224,32234,10
12.8779401779,80.2267990112,32234,32244,10
12.8789196014,80.2267303467,32244,32254,10
12.8800296783,80.2266921997,32254,32264,10
12.8812503815,80.2266921997,32264,32274,10
12.8826599121,80.2266769409,32274,32284,10
12.8840398788,80.2266616821,32284,32294,10
12.885020256,80.2266387939,32294,32305,11
12.8851995468,80.2266464233,32305,32315,10
12.8854198456,80.2266921997,32315,32325,10
12.8859996796,80.2268295288,32325,32335,10
12.886879921,80.2270584106,32335,32345,10
12.8879098892,80.2272415161,32345,32355,10
12.8891296387,80.2273330688,32355,32365,10
12.89041996,80.2273178101,32365,32375,10
12.8914899826,80.2273025513,32375,32385,10
12.8919095993,80.2272796631,32385,32396,11
12.89220047,80.2272796631,32396,32406,10
12.8924703598,80.2273101807,32406,32416,10
12.8930501938,80.2273864746,32416,32426,10
12.8938903809,80.2275314331,32426,32436,10
12.8949203491,80.2276077271,32436,32446,10
12.8961000443,80.2276611328,32446,32456,10
12.8974304199,80.227722168,32456,32466,10
12.8987197876,80.2277832031,32466,32476,10
12.8999099731,80.2278137207,32476,32527,51
12.8999099731,80.2278137207,32527,32537,10
12.9000797272,80.2278137207,32537,32628,91
12.9000797272,80.2278137207,32628,32638,10
12.9006004333,80.2278671265,32638,32648,10
12.9008903503,80.227897644,32648,32659,11
12.9012498856,80.2279281616,32659,32669,10
12.901599884,80.2279586792,32669,32679,10
12.9022197723,80.2279815674,32679,32689,10
12.9028596878,80.2279968262,32689,32699,10
12.9029302597,80.2279968262,32699,32709,10
12.9031496048,80.2279815674,32709,32719,10
12.9037103653,80.2280502319,32719,32729,10
12.904540062,80.2281112671,32729,32739,10
12.9054098129,80.2281417847,32739,32750,11
12.9058103561,80.2281494141,32750,32760,10
12.906129837,80.2281723022,32760,32770,10
12.9066896439,80.2282180786,32770,32780,10
12.9074697495,80.2283172607,32780,32790,10
12.9079999924,80.2283706665,32790,32800,10
12.9082298279,80.2284164429,32800,32810,10
12.9088802338,80.2285308838,32810,32820,10
12.9097795486,80.2286911011,32820,32830,10
12.9108600616,80.2288818359,32830,32841,11
12.912229538,80.2290725708,32841,32851,10
12.9134502411,80.2292175293,32851,32861,10
12.9140300751,80.2292861938,32861,32871,10
12.9140996933,80.229309082,32871,32881,10
12.9145402908,80.2293701172,32881,32891,10
12.9152698517,80.2294769287,32891,32901,10
12.9162302017,80.229637146,32901,32911,10
12.9171895981,80.2297821045,32911,32921,10
12.9179096222,80.2298736572,32921,32932,11
12.9189195633,80.2300033569,32932,32942,10
12.919960022,80.230140686,32942,32952,10
12.9211301804,80.2302780151,32952,32962,10
12.9224004745,80.23046875,32962,32972,10
12.9237804413,80.2306594849,32972,32982,10
12.9251804352,80.2308120728,32982,32992,10
12.9261102676,80.2309036255,32992,33002,10
12.9262695313,80.2309417725,33002,33012,10
12.9268102646,80.2310028076,33012,33023,11
12.9275598526,80.2310791016,33023,33033,10
12.9284095764,80.2312011719,33033,33043,10
12.9291496277,80.231338501,33043,33053,10
12.9298601151,80.2314910889,33053,33063,10
12.9306697845,80.2317123413,33063,33073,10
12.9316396713,80.2320175171,33073,33083,10
12.9326000214,80.2322998047,33083,33093,10
12.9333896637,80.2325973511,33093,33104,11
12.9335298538,80.2326583862,33104,33114,10
12.9336795807,80.232749939,33114,33124,10
12.9341602325,80.2329864502,33124,33134,10
12.9349298477,80.2333221436,33134,33144,10
12.9355201721,80.233581543,33144,33154,10
12.9356203079,80.2336273193,33154,33164,10
12.9357099533,80.2336730957,33164,33174,10
12.936249733,80.2339401245,33174,33184,10
12.9369602203,80.2342987061,33184,33195,11
12.937959671,80.2348098755,33195,33205,10
12.9390201569,80.2353363037,33205,33215,10
12.9397497177,80.2356567383,33215,33225,10
12.9398202896,80.2357025146,33225,33235,10
12.940320015,80.2358932495,33235,33245,10
12.9410800934,80.236076355,33245,33255,10
12.9420700073,80.236328125,33255,33265,10
12.9430503845,80.2367401123,33265,33275,10
12.9439096451,80.2375564575,33275,33286,11
12.9449195862,80.2386627197,33286,33296,10
12.9458303452,80.2393798828,33296,33306,10
12.9468202591,80.2397918701,33306,33316,10
12.9472799301,80.2399673462,33316,33326,10
12.9475603104,80.2400817871,33326,33397,71
12.9475603104,80.2400817871,33397,33407,10
12.9477100372,80.2401428223,33407,33417,10
12.9481601715,80.2403335571,33417,33427,10
12.9484901428,80.2404785156,33427,33437,10
12.9489402771,80.2406692505,33437,33447,10
12.9494304657,80.240852356,33447,33458,11
12.9497900009,80.2409667969,33458,33468,10
12.9503002167,80.2410964966,33468,33478,10
12.9506502151,80.2412033081,33478,33488,10
12.9507703781,80.2412414551,33488,33498,10
12.9509296417,80.2413024902,33498,33508,10
12.9513397217,80.2414321899,33508,33518,10
12.9516401291,80.2415466309,33518,33528,10
12.9521799088,80.2417678833,33528,33538,10
12.9529399872,80.2420806885,33538,33549,11
12.9537696838,80.242401123,33549,33559,10
12.9540901184,80.2425308228,33559,33569,10
12.95470047,80.2427825928,33569,33579,10
12.9554395676,80.2430267334,33579,33589,10
12.9561595917,80.2432174683,33589,33599,10
12.9563503265,80.2433013916,33599,33609,10
12.956410408,80.2433319092,33609,33619,10
12.9568004608,80.2435073853,33619,33629,10
12.9574899673,80.2438583374,33629,33640,11
12.9583997726,80.2442321777,33640,33650,10
12.9587898254,80.2444000244,33650,33660,10
12.9589796066,80.2445068359,33660,33670,10
12.95952034,80.244758606,33670,33680,10
12.9603099823,80.2451171875,33680,33690,10
12.9612703323,80.2455596924,33690,33700,10
12.9621696472,80.2460021973,33700,33710,10
12.96296978,80.246383667,33710,33720,10
12.9634599686,80.2466125488,33720,33781,61
12.9634599686,80.2466125488,33781,33791,10
12.9636201859,80.2466812134,33791,33801,10
12.9637002945,80.2467422485,33801,33811,10
12.9641199112,80.2469329834,33811,33822,11
12.9649000168,80.2472229004,33822,33832,10
12.9658098221,80.2475280762,33832,33842,10
12.9665203094,80.2477874756,33842,33852,10
12.9665498734,80.2478027344,33852,33862,10
12.9668598175,80.2479782104,33862,33872,10
12.9674901962,80.248260498,33872,33882,10
12.9683799744,80.2486190796,33882,33892,10
12.969420433,80.2490463257,33892,33903,11
12.9706602097,80.2495574951,33903,33913,10
12.9717998505,80.2498931885,33913,33923,10
12.9730100632,80.250213623,33923,33933,10
12.9742498398,80.2505187988,33933,33943,10
12.975569725,80.2508773804,33943,33953,10
12.9769802094,80.2513198853,33953,33963,10
12.9781503677,80.2520828247,33963,33973,10
12.9785900116,80.2523498535,33973,33983,10
12.9787302017,80.2524337769,33983,33994,11
12.9796495438,80.2526016235,33994,34044,50
12.9796495438,80.2526016235,34044,34054,10
12.9800195694,80.2526473999,34054,34064,10
12.9807195663,80.2526473999,34064,34074,10
12.9816598892,80.2526321411,34074,34085,11
12.9828300476,80.252571106,34085,34095,10
12.9839897156,80.2523193359,34095,34105,10
12.9856700897,80.2518463135,34105,34449,344
12.9858798981,80.2518234253,34449,34530,81
12.9858798981,80.2518234253,34530,34540,10
12.9860200882,80.2517776489,34540,34550,10
12.9861898422,80.2517318726,34550,34560,10
12.9865398407,80.2516403198,34560,34570,10
12.9867696762,80.2515792847,34570,34580,10
12.9870700836,80.2515029907,34580,34590,10
12.9874801636,80.2513580322,34590,34600,10
12.9877300262,80.2512969971,34600,34610,10
12.9880599976,80.2512435913,34610,34621,11
12.9888801575,80.2510375977,34621,34631,10
12.9897298813,80.250793457,34631,34641,10
12.9898195267,80.2507705688,34641,34651,10
12.9900503159,80.2507324219,34651,34661,10
12.9906396866,80.2505874634,34661,34671,10
12.9914903641,80.2503890991,34671,34681,10
12.9924898148,80.2501525879,34681,34691,10
12.9936304092,80.2498626709,34691,34701,10
12.9948501587,80.2495574951,34701,34712,11
12.9961595535,80.2491989136,34712,34722,10
12.996509552,80.2490921021,34722,34732,10
12.9968204498,80.2490005493,34732,34742,10
12.9974603653,80.2488632202,34742,34752,10
12.9983196259,80.2486572266,34752,34762,10
12.9993600845,80.2484130859,34762,34772,10
13.0003995895,80.2481536865,34772,34782,10
13.001709938,80.2478408813,34782,34793,11
13.0026903152,80.2476119995,34793,34803,10
13.0037202835,80.2474365234,34803,34813,10
13.0048503876,80.2472915649,34813,34823,10
13.0058803558,80.2470703125,34823,34833,10
13.0064201355,80.2466964722,34833,34843,10
13.0064401627,80.2466278076,34843,34853,10
13.0065498352,80.2464599609,34853,34863,10
13.0066604614,80.2459106445,34863,34873,10
13.0067195892,80.2451324463,34873,34884,11
13.0066795349,80.2440032959,34884,34894,10
13.0066900253,80.2428512573,34894,34904,10
13.0066299438,80.2415237427,34904,34914,10
13.0066795349,80.2406692505,34914,34924,10
13.0068798065,80.2398986816,34924,34934,10
13.0070400238,80.2388763428,34934,34944,10
13.0072498322,80.2377700806,34944,34954,10
13.0073699951,80.236831665,34954,34964,10
13.0074100494,80.2366867065,34964,34975,11
13.0074701309,80.2365188599,34975,34985,10
13.0075902939,80.236038208,34985,34995,10
13.0077400208,80.2352905273,34995,35005,10
13.0079202652,80.234413147,35005,35015,10
13.0081596375,80.2333374023,35015,35025,10
13.0084199905,80.2320022583,35025,35035,10
13.0087203979,80.230506897,35035,35045,10
13.0090303421,80.2289123535,35045,35055,10
13.009519577,80.2273406982,35055,35065,10
13.0101900101,80.2259521484,35065,35076,11
13.01060009,80.2251663208,35076,35086,10
13.0106897354,80.2250366211,35086,35096,10
13.0108203888,80.2246780396,35096,35106,10
13.0110998154,80.2240066528,35106,35116,10
13.0112695694,80.2235488892,35116,35126,10
13.0112695694,80.2235107422,35126,35136,10
13.0113201141,80.2232589722,35136,35146,10
13.0114297867,80.2230300903,35146,35157,11
13.011639595,80.2224578857,35157,35167,10
13.0119104385,80.2217025757,35167,35177,10
13.0122499466,80.2214126587,35177,35187,10
13.0124197006,80.2216033936,35187,35197,10
13.0126800537,80.2219772339,35197,35207,10
13.0128698349,80.2222900391,35207,35217,10
13.0131998062,80.2225875854,35217,35227,10
13.0136203766,80.2229919434,35227,35238,11
13.0139799118,80.2233428955,35238,35248,10
13.0142402649,80.2237625122,35248,35258,10
13.0146999359,80.2242889404,35258,35268,10
13.0156097412,80.2250595093,35268,35288,20
13.0156097412,80.2250595093,35288,35298,10
13.0157804489,80.2252807617,35298,35307,9
13.016409874,80.2253570557,35307,35318,11
13.0170001984,80.2251434326,35318,35329,11
13.0171403885,80.2250823975,35329,35339,10
13.0175600052,80.224899292,35339,35349,10
13.0178098679,80.2247924805,35349,35359,10
13.0180797577,80.2246704102,35359,35369,10
13.0181999207,80.2246170044,35369,35379,10
13.0183200836,80.2245788574,35379,35389,10
13.0185699463,80.2244796753,35389,35399,10
13.018989563,80.2242965698,35399,35409,10
13.0194997787,80.224319458,35409,35480,71
13.0194997787,80.224319458,35480,35490,10
13.0197601318,80.2245864868,35490,35500,10
13.0198602676,80.2246780396,35500,35511,11
13.02023983,80.2249603271,35511,35521,10
13.0205001831,80.2251205444,35521,35531,10
13.02064991,80.2252120972,35531,35541,10
13.0208501816,80.2253570557,35541,35561,20
13.0208501816,80.2253570557,35561,35571,10
13.021030426,80.2255172729,35571,35581,10
13.0212402344,80.2257232666,35581,35591,10
13.0215597153,80.2259597778,35591,35602,11
13.0219802856,80.2261886597,35602,35632,30
13.0219802856,80.2261886597,35632,35642,10
13.0222196579,80.2263565063,35642,35652,10
13.0223398209,80.2264785767,35652,35662,10
13.0225000381,80.2266464233,35662,35672,10
13.022649765,80.2267913818,35672,35682,10
13.0227499008,80.2269134521,35682,35693,11
13.0229101181,80.2270736694,35693,35703,10
13.0230197906,80.2272033691,35703,35713,10
13.0231199265,80.2273025513,35713,35723,10
13.0233001709,80.2274627686,35723,35733,10
13.0236196518,80.2276992798,35733,35743,10
13.0236997604,80.2277526855,35743,35753,10
13.023900032,80.2279129028,35753,35774,21
13.023900032,80.2279129028,35774,35784,10
13.024020195,80.2280273438,35784,35794,10
13.0241699219,80.2282104492,35794,35804,10
13.0243396759,80.2284698486,35804,35915,111
13.0243396759,80.2284698486,35915,35925,10
13.0243997574,80.2285003662,35925,35935,10
13.0243396759,80.2285995483,35935,35945,10
13.0241003036,80.2284088135,35945,35956,11
13.0238599777,80.2280502319,35956,35966,10
13.0236597061,80.2278137207,35966,35976,10
13.0234804153,80.2276382446,35976,36006,30
13.0234804153,80.2276382446,36006,36016,10
13.0232400894,80.2273712158,36016,36239,223
13.0232400894,80.2273712158,36239,36249,10
13.0229301453,80.2269973755,36249,36259,10
13.0225601196,80.2266235352,36259,36269,10
13.0220098495,80.2261276245,36269,36279,10
13.0212097168,80.2255401611,36279,36289,10
13.0202198029,80.224899292,36289,36299,10
13.0191202164,80.2244110107,36299,36310,11
13.0177297592,80.2248916626,36310,36320,10
13.0167303085,80.2253189087,36320,36330,10
13.016289711,80.2255401611,36330,36340,10
13.015879631,80.2256622314,36340,36350,10
13.0152301788,80.2258834839,36350,36360,10
13.0146102905,80.2261428833,36360,36370,10
13.0143899918,80.2262268066,36370,36380,10
13.0142602921,80.2262573242,36380,36390,10
13.0138597488,80.2264022827,36390,36401,11
13.0131502151,80.2266693115,36401,36411,10
13.0123195648,80.2269973755,36411,36421,10
13.011300087,80.2274169922,36421,36431,10
13.010310173,80.2278594971,36431,36441,10
13.009519577,80.2281799316,36441,36451,10
13.0091600418,80.2287826538,36451,36461,10
13.0090103149,80.2293395996,36461,36471,10
13.0088396072,80.2301177979,36471,36481,10
13.0086803436,80.2308807373,36481,36492,11
13.0085000992,80.2317581177,36492,36502,10
13.0083303452,80.2326583862,36502,36512,10
13.0082597733,80.2332992554,36512,36522,10
13.0082197189,80.233543396,36522,36532,10
13.008190155,80.2336196899,36532,36542,10
13.008099556,80.2339401245,36542,36552,10
13.0079898834,80.2343978882,36552,36562,10
13.0078601837,80.2350997925,36562,36572,10
13.0076904297,80.2359085083,36572,36583,11
13.0074996948,80.2368621826,36583,36593,10
13.0073404312,80.2376785278,36593,36603,10
13.007229805,80.2383728027,36603,36613,10
13.0071001053,80.2390365601,36613,36623,10
13.0069198608,80.2397689819,36623,36633,10
13.0067901611,80.2404632568,36633,36643,10
13.0066995621,80.2409896851,36643,36653,10
13.0067195892,80.2417526245,36653,36664,11
13.0067195892,80.242729187,36664,36674,10
13.0067100525,80.2440032959,36674,36694,20
13.0067100525,80.2440032959,36694,36704,10
13.0067100525,80.2443389893,36704,36714,10
13.0067195892,80.2447509766,36714,36724,10
13.0067195892,80.2451095581,36724,36734,10
13.0067300797,80.2455978394,36734,36744,10
13.0067501068,80.2462005615,36744,36765,21
13.0067501068,80.2462005615,36765,36775,10
13.0067501068,80.2465286255,36775,36785,10
13.0067396164,80.2467727661,36785,36795,10
13.0066404343,80.2473220825,36795,36805,10
13.0061597824,80.2473907471,36805,36825,20
13.0061597824,80.2473907471,36825,36835,10
13.0058603287,80.2473983765,36835,36846,11
13.0051898956,80.2473526001,36846,36856,10
13.0043096542,80.2474212646,36856,36866,10
13.0032501221,80.2475585938,36866,36876,10
13.0024003983,80.2477416992,36876,36886,10
13.0017299652,80.2479095459,36886,36896,10
13.0008497238,80.2481307983,36896,36906,10
12.9998598099,80.2484130859,36906,36916,10
12.9982204437,80.2488632202,36916,36937,21
12.9982204437,80.2488632202,36937,36947,10
12.998000145,80.2489013672,36947,36957,10
12.9974498749,80.2490005493,36957,36967,10
12.9966201782,80.249130249,36967,36977,10
12.9956598282,80.2493972778,36977,36987,10
12.9945898056,80.2496871948,36987,36997,10
12.9933996201,80.2500076294,36997,37007,10
12.992099762,80.2503509521,37007,37017,10
12.990940094,80.2506484985,37017,37210,193
12.9908399582,80.2505569458,37210,37240,30
12.9908399582,80.2505569458,37240,37250,10
12.9906597137,80.2506027222,37250,37260,10
12.9903097153,80.2507095337,37260,37270,10
12.9900398254,80.2508468628,37270,37280,10
12.9896402359,80.2509307861,37280,37291,11
12.9892101288,80.2510528564,37291,37301,10
12.9889202118,80.2511291504,37301,37311,10
12.9884901047,80.2512588501,37311,37321,10
12.9880800247,80.2513885498,37321,37331,10
12.9875898361,80.2514801025,37331,37341,10
12.9870595932,80.2516326904,37341,37351,10
12.9864997864,80.2517700195,37351,37361,10
12.9859304428,80.2519226074,37361,37371,10
12.9850502014,80.2521362305,37371,37382,11
12.983880043,80.2524490356,37382,37392,10
12.9826698303,80.2526473999,37392,37402,10
12.9815998077,80.2527084351,37402,37422,20
12.9815998077,80.2527084351,37422,37432,10
12.9813098907,80.2526931763,37432,37442,10
12.9809398651,80.2527084351,37442,37483,41
12.9809398651,80.2527084351,37483,37493,10
12.9805803299,80.2527313232,37493,37503,10
12.9805603027,80.2527236938,37503,37513,10
12.9804601669,80.2527236938,37513,37523,10
12.9802799225,80.2527313232,37523,37533,10
12.9799900055,80.2527313232,37533,37543,10
12.9796600342,80.2526779175,37543,37554,11
12.9789800644,80.2526321411,37554,37564,10
12.9787197113,80.2525787354,37564,37574,10
12.9786596298,80.2525482178,37574,37584,10
12.978269577,80.2523193359,37584,37594,10
12.9776802063,80.2517929077,37594,37604,10
12.9768295288,80.2512817383,37604,37614,10
12.9757795334,80.2509765625,37614,37624,10
12.974650383,80.2506637573,37624,37634,10
12.973400116,80.2502975464,37634,37645,11
12.9719400406,80.2498931885,37645,37655,10
12.9706401825,80.2495269775,37655,37665,10
12.9693603516,80.2490386963,37665,37675,10
12.9680099487,80.2485580444,37675,37685,10
12.9671297073,80.2482070923,37685,37695,10
12.9668998718,80.2480621338,37695,37705,10
12.9665699005,80.2479019165,37705,37715,10
12.9659204483,80.2476272583,37715,37725,10
12.9649000168,80.2472686768,37725,37746,21
12.9649000168,80.2472686768,37746,37756,10
12.9646701813,80.2471923828,37756,37766,10
12.96434021,80.2470626831,37766,37776,10
12.9641895294,80.2470016479,37776,37786,10
12.9639701843,80.2469177246,37786,37796,10
12.9635696411,80.2467727661,37796,37827,31
12.9635696411,80.2467727661,37827,37837,10
12.9634304047,80.2467193604,37837,37847,10
12.9629898071,80.2464599609,37847,37857,10
12.962220192,80.2460784912,37857,37867,10
12.9612998962,80.2456436157,37867,37877,10
12.9602098465,80.2451400757,37877,37887,10
12.959400177,80.2448196411,37887,37897,10
12.9593801498,80.2447967529,37897,37907,10
12.9591302872,80.2446365356,37907,37918,11
12.9584703445,80.2443466187,37918,37928,10
12.9578104019,80.2441329956,37928,37938,10
12.9571504593,80.243927002,37938,37948,10
12.9569501877,80.2438735962,37948,37958,10
12.9566898346,80.2437973022,37958,38019,61
12.9566898346,80.2437973022,38019,38029,10
12.9563999176,80.2436981201,38029,38039,10
12.9563999176,80.2436904907,38039,38049,10
12.9562397003,80.2436218262,38049,38059,10
12.9556798935,80.2432785034,38059,38069,10
12.9549398422,80.2428817749,38069,38079,10
12.9540300369,80.2425079346,38079,38090,11
12.95291996,80.2420578003,38090,38100,10
12.9519395828,80.2417297363,38100,38110,10
12.9516401291,80.2416229248,38110,38120,10
12.9514799118,80.241569519,38120,38130,10
12.9509496689,80.2413635254,38130,38140,10
12.9501399994,80.2411193848,38140,38150,10
12.9491901398,80.2408218384,38150,38160,10
12.9482002258,80.2404098511,38160,38170,10
12.9475002289,80.2401275635,38170,38181,11
12.9471597672,80.2399902344,38181,38191,10
12.9470500946,80.2399597168,38191,38201,10
12.9468097687,80.2398529053,38201,38211,10
12.9462604523,80.239616394,38211,38221,10
12.9455003738,80.2392730713,38221,38231,10
12.9447402954,80.2385787964,38231,38241,10
12.9439601898,80.237739563,38241,38251,10
12.9430599213,80.2368621826,38251,38261,10
12.9417896271,80.2362976074,38261,38272,11
12.9405603409,80.236000061,38272,38282,10
12.9399700165,80.2358322144,38282,38292,10
12.9397697449,80.2357406616,38292,38302,10
12.9396095276,80.2356491089,38302,38312,10
12.9391202927,80.2353973389,38312,38322,10
12.9384098053,80.2350311279,38322,38332,10
12.9374904633,80.234588623,38332,38342,10
12.9365196228,80.2341384888,38342,38352,10
12.9357795715,80.2338027954,38352,38363,11
12.9348802567,80.2333908081,38363,38373,10
12.9339504242,80.233001709,38373,38393,20
12.9339504242,80.233001709,38393,38403,10
12.9334897995,80.2327880859,38403,38413,10
12.932800293,80.2324829102,38413,38423,10
12.9319400787,80.2321624756,38423,38433,10
12.9309797287,80.2318572998,38433,38443,10
12.929980278,80.231590271,38443,38454,11
12.9292001724,80.2314300537,38454,38464,10
12.9291400909,80.2314224243,38464,38474,10
12.9289903641,80.2313690186,38474,38484,10
12.9284896851,80.2312698364,38484,38494,10
12.927740097,80.2311630249,38494,38504,10
12.9267702103,80.2310409546,38504,38514,10
12.9256801605,80.2309036255,38514,38524,10
12.9245100021,80.2307510376,38524,38534,10
12.9232196808,80.2305831909,38534,38545,11
12.9216804504,80.2303390503,38545,38555,10
12.9201602936,80.230140686,38555,38565,10
12.9186496735,80.2299499512,38565,38575,10
12.9174003601,80.2297973633,38575,38585,10
12.9163799286,80.2296524048,38585,38595,10
12.9152002335,80.2294921875,38595,38605,10
12.9134702682,80.2293014526,38605,38626,21
12.9134702682,80.2293014526,38626,38636,10
12.9131498337,80.2292327881,38636,38646,10
12.9124898911,80.2291412354,38646,38656,10
12.9116096497,80.2289962769,38656,38666,10
12.9105596542,80.2288513184,38666,38676,10
12.9093904495,80.2286376953,38676,38686,10
12.9083003998,80.2284469604,38686,38696,10
12.90721035,80.2283630371,38696,38777,81
12.90721035,80.2283630371,38777,38787,10
12.907119751,80.2283172607,38787,38797,10
12.9068098068,80.2282562256,38797,38808,11
12.906129837,80.2282028198,38808,38818,10
12.9056301117,80.228187561,38818,38838,20
12.9056301117,80.228187561,38838,38848,10
12.9053602219,80.228187561,38848,38858,10
12.9047698975,80.2281570435,38858,38868,10
12.9041700363,80.2281570435,38868,38878,10
12.9033603668,80.2281265259,38878,38888,10
12.9025201797,80.2280883789,38888,38899,11
12.9021701813,80.2280578613,38899,38909,10
12.902009964,80.2280502319,38909,39081,172
12.902009964,80.2280502319,39081,39091,10
12.90184021,80.2279815674,39091,39101,10
12.9016304016,80.2279586792,39101,39111,10
12.9012203217,80.2279205322,39111,39121,10
12.9006996155,80.227897644,39121,39131,10
12.9002304077,80.227897644,39131,39141,10
12.8998298645,80.2278823853,39141,39151,10
12.8996400833,80.2278671265,39151,39161,10
12.8994197845,80.2278823853,39161,39172,11
12.8993997574,80.2278823853,39172,39182,10
12.8992900848,80.2278823853,39182,39192,10
12.8989801407,80.2278594971,39192,39202,10
12.8983697891,80.2278137207,39202,39212,10
12.8976602554,80.2277374268,39212,39222,10
12.8968896866,80.2276992798,39222,39232,10
12.895939827,80.2276611328,39232,39242,10
12.8948602676,80.2276229858,39242,39253,11
12.8935403824,80.2275238037,39253,39263,10
12.8924303055,80.2274017334,39263,39273,10
12.8913602829,80.2273712158,39273,39283,10
12.8902797699,80.2273864746,39283,39293,10
12.8892297745,80.2273788452,39293,39303,10
12.8886203766,80.2273483276,39303,39313,10
12.887840271,80.2272796631,39313,39323,10
12.8868904114,80.2271194458,39323,39333,10
12.8858604431,80.2268676758,39333,39344,11
12.8851604462,80.2267532349,39344,39354,10
12.8850898743,80.2267303467,39354,39364,10
12.88463974,80.2267074585,39364,39374,10
12.8838996887,80.2267227173,39374,39384,10
12.8829097748,80.2267227173,39384,39394,10
12.8817796707,80.2267379761,39394,39404,10
12.8805198669,80.2267532349,39404,39414,10
12.8791503906,80.2267837524,39414,39424,10
12.8778095245,80.2268676758,39424,39435,11
12.8769798279,80.2269363403,39435,39445,10
12.8769397736,80.2269592285,39445,39455,10
12.8767004013,80.2269668579,39455,39465,10
12.8761396408,80.2269821167,39465,39475,10
12.8753404617,80.2269363403,39475,39485,10
12.874329567,80.2268218994,39485,39495,10
12.8733596802,80.2267227173,39495,39505,10
12.8730096817,80.2266921997,39505,39515,10
12.8727903366,80.2266693115,39515,39526,11
12.8720903397,80.2266616821,39526,39536,10
12.8711900711,80.2266311646,39536,39546,10
12.8701496124,80.2265625,39546,39556,10
12.8689699173,80.2264175415,39556,39566,10
12.8677501678,80.2264175415,39566,39576,10
12.8664798737,80.2265472412,39576,39586,10
12.8651599884,80.2266082764,39586,39596,10
12.8637800217,80.2265319824,39596,39606,10
12.8624296188,80.2265396118,39606,39617,11
12.8613901138,80.2266235352,39617,39627,10
12.861289978,80.2266311646,39627,39637,10
12.8610801697,80.2266235352,39637,39647,10
12.8605499268,80.2265625,39647,39657,10
12.8597202301,80.2264404297,39657,39667,10
12.8590402603,80.226348877,39667,39677,10
12.8585500717,80.2262802124,39677,39687,10
12.8578100204,80.2262420654,39687,39697,10
12.856880188,80.2263031006,39697,39708,11
12.8557195663,80.2264175415,39708,39718,10
12.8545103073,80.2265472412,39718,39728,10
12.8531799316,80.2266769409,39728,39738,10
12.8517599106,80.2266387939,39738,39748,10
12.8504400253,80.2265930176,39748,39758,10
12.8492898941,80.226600647,39758,39768,10
12.8480100632,80.2266082764,39768,39778,10
12.8466501236,80.2266311646,39778,39788,10
12.8456602097,80.2266311646,39788,39799,11
12.8454704285,80.2266387939,39799,39809,10
12.845410347,80.2266311646,39809,39819,10
12.8450202942,80.2266311646,39819,39829,10
12.8443403244,80.2266769409,39829,39839,10
12.8434200287,80.2267837524,39839,39849,10
12.8424301147,80.2269592285,39849,39859,10
12.8412599564,80.2272415161,39859,39869,10
12.8400402069,80.2275924683,39869,39930,61
12.8400402069,80.2275924683,39930,39940,10
12.8397102356,80.2276687622,39940,39950,10
12.8394498825,80.2277297974,39950,39960,10
12.8388700485,80.2278900146,39960,39971,11
12.8379201889,80.2281265259,39971,39981,10
12.8368797302,80.2283172607,39981,39991,10
12.8356704712,80.2285003662,39991,40001,10
12.8343601227,80.2286987305,40001,40011,10
12.8330202103,80.2289505005,40011,40021,10
12.8319997787,80.2291564941,40021,40031,10
12.8315896988,80.2291030884,40031,40041,10
12.8314800262,80.2286376953,40041,40062,21
12.8314800262,80.2286376953,40062,40072,10
12.8314800262,80.2284927368,40072,40082,10
12.8313903809,80.2279815674,40082,40092,10
12.8312301636,80.227180481,40092,40102,10
12.8310604095,80.2261810303,40102,40112,10
12.8310604095,80.2250595093,40112,40122,10
12.8310604095,80.2246170044,40122,40132,10
12.8310699463,80.2240829468,40132,40142,10
12.8310804367,80.2232437134,40142,40153,11
12.8310804367,80.2222900391,40153,40163,10
12.8310899734,80.2219390869,40163,40173,10
12.8311100006,80.2212677002,40173,40183,10
12.8311100006,80.2204284668,40183,40193,10
12.8311100006,80.2197265625,40193,40203,10
12.8308401108,80.2194519043,40203,40213,10
12.8301200867,80.2194595337,40213,40223,10
12.829199791,80.2194824219,40223,40233,10
12.8279495239,80.2194976807,40233,40304,71
12.8279495239,80.2194976807,40304,40314,10
12.8276100159,80.2194824219,40314,40324,10
12.8271503448,80.2194595337,40324,40335,11
12.8261804581,80.2194595337,40335,40345,10
12.825799942,80.2194519043,40345,40355,10
12.825220108,80.2194824219,40355,40365,10
12.8251895905,80.2194824219,40365,40375,10
12.8248500824,80.2194519043,40375,40385,10
12.8240995407,80.2194519043,40385,40395,10
12.8231401443,80.2194595337,40395,40405,10
12.8227796555,80.2194595337,40405,40416,11
12.8226804733,80.2193984985,40416,40426,10
12.8226203918,80.2191009521,40426,40436,10
12.8226299286,80.2186813354,40436,40446,10
12.822640419,80.2178573608,40446,40456,10
12.8226604462,80.2167816162,40456,40466,10
12.8226499557,80.2161178589,40466,40476,10
12.8226995468,80.2159576416,40476,40486,10
12.8229398727,80.2159729004,40486,40496,10
12.8234300613,80.2159805298,40496,40507,11
12.8241901398,80.2159805298,40507,40517,10
12.8246498108,80.216003418,40517,40527,10
12.8248195648,80.2159805298,40527,41022,495
12.8248195648,80.2159805298,41022,41032,10
12.8250303268,80.2160415649,41032,41043,11
12.8255596161,80.2160491943,41043,41053,10
12.8258399963,80.2161331177,41053,41063,10
12.8258895874,80.2167510986,41063,41073,10
12.8258800507,80.2176818848,41073,41083,10
12.8258800507,80.2187194824,41083,41094,11
12.8258800507,80.2193222046,41094,41104,10
12.826210022,80.2194213867,41104,41114,10
12.8268098831,80.2194519043,41114,41125,11
12.8273601532,80.2194595337,41125,41135,10
12.8276996613,80.2194595337,41135,41145,10
12.8283500671,80.2194595337,41145,41155,10
12.8292398453,80.2194595337,41155,41165,10
12.830039978,80.2194824219,41165,41175,10
12.8308401108,80.2194976807,41175,41185,10
12.8311300278,80.2197113037,41185,41195,10
12.8310899734,80.2203826904,41195,41205,10
12.8311004639,80.221282959,41205,41216,11
12.8311100006,80.222076416,41216,41226,10
12.8311195374,80.222442627,41226,41236,10
12.8311100006,80.2231826782,41236,41246,10
12.8311100006,80.2241287231,41246,41256,10
12.8311004639,80.2246780396,41256,41266,10
12.8311004639,80.2252426147,41266,41276,10
12.8311004639,80.2261428833,41276,41286,10
12.8312797546,80.2271881104,41286,41296,10
12.8314695358,80.2281570435,41296,41307,11
12.8316497803,80.2289428711,41307,41317,10
12.8318195343,80.2291183472,41317,41327,10
12.8322696686,80.2290420532,41327,41337,10
12.8331098557,80.2288894653,41337,41347,10
12.8342103958,80.2286911011,41347,41357,10
12.8354997635,80.2285079956,41357,41367,10
12.8368196487,80.2283172607,41367,41377,10
12.8381204605,80.2280883789,41377,41387,10
12.8390398026,80.2277984619,41387,41398,11
12.8395004272,80.2276000977,41398,41408,10
12.8399000168,80.2275085449,41408,41418,10
12.840669632,80.2273635864,41418,41428,10
12.8416595459,80.2270965576,41428,41438,10
12.8428401947,80.2268829346,41438,41448,10
12.8441400528,80.2266693115,41448,41458,10
12.8452596664,80.2265777588,41458,41468,10
12.8453798294,80.2265777588,41468,41478,10
12.8457298279,80.2265930176,41478,41489,11
12.846619606,80.2265701294,41489,41499,10
12.8477201462,80.2265777588,41499,41509,10
12.8490200043,80.2265777588,41509,41519,10
12.8504104614,80.2265777588,41519,41529,10
12.8518896103,80.2266387939,41529,41539,10
12.8533802032,80.2266464233,41539,41549,10
12.8549003601,80.2265014648,41549,41559,10
12.8564395905,80.2263412476,41559,41569,10
12.857919693,80.2261962891,41569,41580,11
12.859120369,80.2262802124,41580,41590,10
12.8603096008,80.2264480591,41590,41600,10
12.8608102798,80.2265090942,41600,41610,10
12.8611497879,80.2265319824,41610,41620,10
12.8619403839,80.2265167236,41620,41630,10
12.8630104065,80.2264709473,41630,41640,10
12.8642902374,80.2265014648,41640,41650,10
12.8656997681,80.2265625,41650,41660,10
12.8671398163,80.2264480591,41660,41671,11
12.8686704636,80.2263565063,41671,41681,10
12.8701000214,80.2265396118,41681,41691,10
12.871509552,80.2266235352,41691,41701,10
12.8727502823,80.2266387939,41701,41711,10
12.8740701675,80.2267227173,41711,41721,10
12.8754701614,80.226890564,41721,41731,10
12.8766803741,80.2268981934,41731,41741,10
12.877869606,80.2268066406,41741,41752,11
12.87940979,80.2267074585,41752,41762,10
12.8808698654,80.2267074585,41762,41772,10
12.8823404312,80.2266921997,41772,41782,10
12.8837203979,80.2266693115,41782,41792,10
12.8850803375,80.2266693115,41792,41802,10
12.8865203857,80.2269973755,41802,41812,10
12.8880195618,80.2272567749,41812,41822,10
12.8895397186,80.2273330688,41822,41832,10
12.8910198212,80.2273330688,41832,41843,11
12.8923797607,80.2273483276,41843,41853,10
12.8932800293,80.2274627686,41853,41863,10
12.8943796158,80.2275924683,41863,41873,10
12.8954601288,80.2276382446,41873,41883,10
12.8965196609,80.2276992798,41883,41893,10
12.8975601196,80.2277374268,41893,41903,10
12.8985204697,80.2277832031,41903,41913,10
12.8993196487,80.2278137207,41913,41923,10
12.900639534,80.2278594971,41923,42045,122
12.900639534,80.2278594971,42045,42055,10
12.9006795883,80.2279434204,42055,42065,10
12.9009199142,80.2279586792,42065,42075,10
12.9013900757,80.2279815674,42075,42085,10
12.9021701813,80.2280197144,42085,42095,10
12.9028501511,80.2280426025,42095,42105,10
12.9030599594,80.2280426025,42105,42116,11
12.9036998749,80.2280578613,42116,42126,10
12.9046001434,80.2281265259,42126,42136,10
12.9057397842,80.2282028198,42136,42146,10
12.9064102173,80.2282562256,42146,42197,51
12.9064102173,80.2282562256,42197,42207,10
12.9064903259,80.2282485962,42207,42217,10
12.9069795609,80.228302002,42217,42227,10
12.9078502655,80.2284088135,42227,42237,10
12.9090099335,80.2285995483,42237,42247,10
12.9104204178,80.228843689,42247,42257,10
12.9119195938,80.2290420532,42257,42267,10
12.9132699966,80.2292098999,42267,42277,10
12.9140396118,80.2293014526,42277,42288,11
12.9140996933,80.229309082,42288,42298,10
12.9144897461,80.2293624878,42298,42308,10
12.9152803421,80.2294769287,42308,42318,10
12.9163599014,80.2296676636,42318,42328,10
12.9176397324,80.2298583984,42328,42338,10
12.9190301895,80.2300491333,42338,42348,10
12.9205102921,80.2302322388,42348,42358,10
12.9220399857,80.2304382324,42358,42368,10
12.9235496521,80.2306594849,42368,42379,11
12.9250802994,80.2308578491,42379,42389,10
12.9265098572,80.2310180664,42389,42399,10
12.9278802872,80.2311706543,42399,42409,10
12.9289102554,80.2313232422,42409,42419,10
12.929980278,80.2315673828,42419,42429,10
12.9312000275,80.2319107056,42429,42439,10
12.9324598312,80.2323074341,42439,42449,10
12.9334096909,80.2326583862,42449,42459,10
12.9335403442,80.2327194214,42459,42470,11
12.9336500168,80.2327880859,42470,42480,10
12.9340295792,80.232963562,42480,42490,10
12.9347801208,80.2333068848,42490,42500,10
12.9356098175,80.2337188721,42500,42510,10
12.9363698959,80.2340927124,42510,42520,10
12.9372301102,80.2344970703,42520,42530,10
12.9381799698,80.2349624634,42530,42540,10
12.9391098022,80.2354202271,42540,42550,10
12.9400100708,80.2358398438,42550,42561,11
12.9413003922,80.2361907959,42561,42571,10
12.9425401688,80.236541748,42571,42581,10
12.9435195923,80.2372283936,42581,42591,10
12.9444198608,80.2382202148,42591,42601,10
12.9453802109,80.2391815186,42601,42611,10
12.9465103149,80.239692688,42611,42621,10
12.9472999573,80.2400131226,42621,42631,10
12.9473304749,80.240020752,42631,42641,10
12.9476900101,80.2401733398,42641,42652,11
12.9487304688,80.240562439,42652,42682,30
12.9487304688,80.240562439,42682,42692,10
12.9488201141,80.2406082153,42692,42702,10
12.9490995407,80.240737915,42702,42712,10
12.9492702484,80.2408218384,42712,42722,10
12.9498300552,80.2409896851,42722,42733,11
12.9507799149,80.2412719727,42733,42743,10
12.9511003494,80.2413864136,42743,42753,10
12.9511404037,80.2414398193,42753,42763,10
12.9515600204,80.2416000366,42763,42773,10
12.9523200989,80.2418823242,42773,42783,10
12.9532003403,80.2422027588,42783,42793,10
12.9536504745,80.2423706055,42793,42803,10
12.9540996552,80.2425384521,42803,42813,10
12.9548101425,80.2428207397,42813,42824,11
12.955619812,80.2430877686,42824,42834,10
12.9563598633,80.2433319092,42834,42854,20
12.9563598633,80.2433319092,42854,42864,10
12.9568395615,80.2435302734,42864,42874,10
12.9575004578,80.2438812256,42874,42884,10
12.9582004547,80.2441101074,42884,42894,10
12.9588403702,80.2444229126,42894,42904,10
12.9588804245,80.2444534302,42904,42915,11
12.9593400955,80.244720459,42915,42925,10
12.9600696564,80.2450408936,42925,42935,10
12.9610204697,80.2454833984,42935,42945,10
12.9621496201,80.2460632324,42945,42955,10
12.9633998871,80.2466583252,42955,43016,61
12.9633998871,80.2466583252,43016,43026,10
12.9635696411,80.2467422485,43026,43036,10
12.9640398026,80.2469329834,43036,43046,10
12.9648103714,80.2472229004,43046,43056,10
12.9658002853,80.2475585938,43056,43066,10
12.966629982,80.2478790283,43066,43076,10
12.9667797089,80.2479629517,43076,43086,10
12.9668302536,80.2480010986,43086,43097,11
12.9672002792,80.2481536865,43097,43107,10
12.9679603577,80.2484664917,43107,43117,10
12.9689397812,80.2488632202,43117,43127,10
12.9700698853,80.2492828369,43127,43137,10
12.9715003967,80.2497406006,43137,43147,10
12.9729299545,80.2501220703,43147,43157,10
12.9739999771,80.2504577637,43157,43167,10
12.975399971,80.2508621216,43167,43178,11
12.9768600464,80.2512664795,43178,43188,10
12.9779500961,80.2519302368,43188,43198,10
12.9785604477,80.2523498535,43198,43208,10
12.9786596298,80.2524108887,43208,43218,10
12.9791402817,80.2525787354,43218,43228,10
12.9798603058,80.2526397705,43228,43258,30
12.9798603058,80.2526397705,43258,43269,11
12.9799804688,80.2526626587,43269,43279,10
12.9805002213,80.2526702881,43279,43289,10
12.9813203812,80.2526626587,43289,43299,10
12.9823598862,80.2526168823,43299,43309,10
12.9836196899,80.2524795532,43309,43319,10
12.9849004745,80.2521362305,43319,43329,10
12.9857397079,80.2518997192,43329,43339,10
12.98595047,80.2518463135,43339,43349,10
12.9860897064,80.2517929077,43349,43360,11
12.9865999222,80.2516708374,43360,43370,10
12.9873199463,80.251449585,43370,43491,121
12.9873199463,80.251449585,43491,43501,10
12.9873304367,80.2514419556,43501,43511,10
12.9876699448,80.2513580322,43511,43521,10
12.9883403778,80.2511978149,43521,43531,10
12.9892597198,80.2509536743,43531,43542,11
12.9895200729,80.250869751,43542,43552,10
12.9895896912,80.2508392334,43552,43562,10
12.989979744,80.2507476807,43562,43572,10
12.990530014,80.2506484985,43572,43582,10
12.9916496277,80.2503814697,43582,43592,10
12.9926204681,80.2501525879,43592,43602,10
12.9936599731,80.2498779297,43602,43612,10
12.9948301315,80.2495803833,43612,43622,10
12.9959001541,80.2493133545,43622,43633,11
12.9965000153,80.2491378784,43633,43643,10
12.9965896606,80.249130249,43643,43653,10
12.9970598221,80.2490234375,43653,43663,10
12.9978599548,80.248840332,43663,43673,10
12.9986696243,80.248626709,43673,43683,10
13.0001401901,80.2482681274,43683,43693,10
13.001449585,80.2479629517,43693,43703,10
13.0022096634,80.2477416992,43703,43714,11
13.0032100677,80.2475585938,43714,43724,10
13.0042800903,80.2474136353,43724,43734,10
13.0054197311,80.2472229004,43734,43744,10
13.0064201355,80.2466812134,43744,43764,20
13.0064201355,80.2466812134,43764,43774,10
13.0065803528,80.2462997437,43774,43784,10
13.0066299438,80.2456436157,43784,43794,10
13.0066099167,80.2448196411,43794,43805,11
13.0066404343,80.243927002,43805,43815,10
13.0066404343,80.2430725098,43815,43825,10
13.006649971,80.2421035767,43825,43835,10
13.0066900253,80.241027832,43835,43845,10
13.006770134,80.2403182983,43845,43855,10
13.006939888,80.2396316528,43855,43865,10
13.0071001053,80.238822937,43865,43875,10
13.007349968,80.2375183105,43875,43885,10
13.0074300766,80.2368392944,43885,43896,11
13.0074396133,80.2368392944,43896,43906,10
13.0075502396,80.2364501953,43906,43916,10
13.0076999664,80.2357788086,43916,43926,10
13.0078697205,80.2348937988,43926,43936,10
13.0080900192,80.2338409424,43936,43946,10
13.0082597733,80.2329025269,43946,43956,10
13.0085296631,80.2315597534,43956,43966,10
13.0087499619,80.2304611206,43966,43976,10
13.0089702606,80.2294616699,43976,43987,11
13.0091896057,80.2283477783,43987,43997,10
13.0095396042,80.2274703979,43997,44007,10
13.0099697113,80.2264709473,44007,44017,10
13.0104703903,80.2253417969,44017,44027,10
13.0108299255,80.2245025635,44027,44037,10
13.0111198425,80.223777771,44037,44047,10
13.0114402771,80.2230606079,44047,44057,10
13.0117797852,80.2222213745,44057,44067,10
13.0121498108,80.2216033936,44067,44078,11
13.0124998093,80.2216186523,44078,44088,10
13.0129203796,80.2221832275,44088,44098,10
13.0135002136,80.2228393555,44098,44108,10
13.0140399933,80.2234725952,44108,44118,10
13.0142202377,80.2237091064,44118,44128,10
13.0145797729,80.2241287231,44128,44138,10
13.0151500702,80.2247161865,44138,44148,10
13.0155801773,80.2251815796,44148,44159,11
13.0159797668,80.2253417969,44159,44169,10
13.0161304474,80.2253570557,44169,44179,10
13.0166797638,80.2253036499,44179,44189,10
13.0173902512,80.2249984741,44189,44199,10
13.0179700851,80.2247619629,44199,44209,10
13.018699646,80.2244567871,44209,44219,10
13.0195102692,80.2244033813,44219,44290,71
13.0195102692,80.2244033813,44290,44300,10
13.0199298859,80.224609375,44300,44310,10
13.0202798843,80.2248687744,44310,44320,10
13.0208501816,80.2253036499,44320,44330,10
13.0214004517,80.2257614136,44330,44341,11
13.0221395493,80.2263412476,44341,44351,10
13.0228700638,80.2269668579,44351,44361,10
13.0235004425,80.2275619507,44361,44371,10
13.0238895416,80.2279205322,44371,44381,10
13.0244102478,80.2284698486,44381,44411,30
13.0244102478,80.2284698486,44411,44421,10
13.0243196487,80.2286605835,44421,44432,11
13.024140358,80.2284927368,44432,44442,10
13.0238304138,80.2280807495,44442,44452,10
13.0234603882,80.2277374268,44452,44573,121
13.0234603882,80.2277374268,44573,44583,10
13.0233697891,80.2274703979,44583,44725,142
13.0233697891,80.2274703979,44725,44735,10
13.0233402252,80.2273330688,44735,44745,10
13.0230798721,80.2271499634,44745,44755,10
13.0226602554,80.2267990112,44755,44765,10
13.0220098495,80.2262496948,44765,44775,10
13.0212402344,80.2256622314,44775,44786,11
13.0205097198,80.2251586914,44786,44796,10
13.0202999115,80.2250137329,44796,44806,10
13.0199804306,80.2247924805,44806,44816,10
13.0193796158,80.2244720459,44816,44826,10
13.0185899734,80.2245635986,44826,44836,10
13.0179595947,80.2248306274,44836,44846,10
13.0172100067,80.2251434326,44846,44856,10
13.016579628,80.2254180908,44856,44866,10
13.0161304474,80.2255783081,44866,44877,11
13.015540123,80.2257766724,44877,44887,10
13.0147800446,80.2260818481,44887,44897,10
13.0142698288,80.2262802124,44897,44907,10
13.0141601563,80.2263183594,44907,44917,10
13.013710022,80.2264785767,44917,44927,10
13.012960434,80.2266311646,44927,44937,10
13.0120096207,80.2269973755,44937,44947,10
13.01101017,80.2274475098,44947,44957,10
13.0099000931,80.2279281616,44957,44968,11
13.0090703964,80.2286987305,44968,44978,10
13.0088100433,80.2296218872,44978,44988,10
13.0085000992,80.2300491333,44988,44998,10
13.0082998276,80.2306671143,44998,45008,10
13.0080795288,80.2316513062,45008,45018,10
13.0080003738,80.232460022,45018,45028,10
13.0080699921,80.2331314087,45028,45038,10
13.0080404282,80.2337188721,45038,45049,11
13.0079298019,80.2344894409,45049,45059,10
13.0077400208,80.2354125977,45059,45069,10
13.0074901581,80.2366027832,45069,45079,10
13.0072498322,80.2376327515,45079,45089,10
13.0071001053,80.2384262085,45089,45099,10
13.0069904327,80.2390823364,45099,45109,10
13.0068902969,80.2398910522,45109,45119,10
13.0067501068,80.2407836914,45119,45129,10
13.0066404343,80.2416915894,45129,45140,11
13.0066604614,80.2426605225,45140,45150,10
13.0066204071,80.2434005737,45150,45160,10
13.0066003799,80.2440719604,45160,45170,10
13.0066099167,80.2441711426,45170,45180,10
13.0065803528,80.2446517944,45180,45190,10
13.0066003799,80.2449569702,45190,45200,10
13.0066204071,80.2454299927,45200,45210,10
13.0066604614,80.2459793091,45210,45220,10
13.0066795349,80.2462310791,45220,45231,11
13.0066900253,80.246421814,45231,45241,10
13.0066995621,80.2467727661,45241,45251,10
13.0066995621,80.2472000122,45251,45261,10
13.0061998367,80.2473602295,45261,45281,20
13.0061998367,80.2473602295,45281,45291,10
13.0057601929,80.2473373413,45291,45301,10
13.0050401688,80.2473526001,45301,45311,10
13.0040798187,80.2474365234,45311,45322,11
13.0029201508,80.2476425171,45322,45332,10
13.0022201538,80.2478103638,45332,45342,10
13.0014600754,80.2480010986,45342,45352,10
13.0004901886,80.2482376099,45352,45362,10
12.9993600845,80.2485198975,45362,45372,10
12.9982099533,80.2488174438,45372,45382,10
12.9978599548,80.2489318848,45382,45392,10
12.9977798462,80.2489395142,45392,45402,10
12.9973402023,80.2490615845,45402,45413,11
12.9964599609,80.2492218018,45413,45423,10
12.9954595566,80.2494430542,45423,45433,10
12.9943599701,80.2497634888,45433,45443,10
12.9931201935,80.2500762939,45443,45453,10
12.991809845,80.2504196167,45453,45463,10
12.9911203384,80.250617981,45463,45473,10
12.9910497665,80.250617981,45473,45483,10
12.9906702042,80.2507019043,45483,45493,10
12.9898099899,80.2508621216,45493,45524,31
12.9898099899,80.2508621216,45524,45534,10
12.9897003174,80.2507629395,45534,45544,10
12.989279747,80.250869751,45544,45554,10
12.9884395599,80.2511825562,45554,45676,122
12.9884395599,80.2511825562,45676,45686,10
12.9880895615,80.2513122559,45686,45696,10
12.9877099991,80.2514190674,45696,45706,10
12.9874200821,80.2515182495,45706,45716,10
12.9870901108,80.2516098022,45716,45726,10
12.9865398407,80.2517700195,45726,45736,10
12.9857797623,80.2519378662,45736,45746,10
12.9848403931,80.2521896362,45746,45756,10
12.9837398529,80.2525024414,45756,45767,11
12.982460022,80.2526779175,45767,45777,10
12.9812602997,80.2527084351,45777,45787,10
12.9802904129,80.2527389526,45787,45797,10
12.9794797897,80.2526931763,45797,45807,10
12.9789400101,80.2526626587,45807,45817,10
12.9788303375,80.2526397705,45817,45827,10
12.9786396027,80.252571106,45827,45837,10
12.9781503677,80.2522735596,45837,45847,10
12.9774999619,80.2516784668,45847,45858,11
12.9763698578,80.2511672974,45858,45868,10
12.9751701355,80.2508010864,45868,45878,10
12.9739303589,80.2504577637,45878,45888,10
12.9726896286,80.2501373291,45888,45898,10
12.971570015,80.2498626709,45898,45908,10
12.9706001282,80.2495803833,45908,45918,10
12.96916008,80.2490234375,45918,45928,10
12.9681196213,80.2486114502,45928,45938,10
12.9671497345,80.2481994629,45938,45949,11
12.966219902,80.247756958,45949,45959,10
12.9654397964,80.2474594116,45959,45969,10
12.9651603699,80.2473678589,45969,45979,10
12.9648895264,80.2472763062,45979,45989,10
12.9643802643,80.2470779419,45989,45999,10
12.9642496109,80.2470397949,45999,46009,10
12.9641399384,80.2470092773,46009,46019,10
12.9639396667,80.2469482422,46019,46029,10
12.9635095596,80.2467727661,46029,46040,11
12.9627399445,80.2463989258,46040,46050,10
12.9618396759,80.2459411621,46050,46060,10
12.9609203339,80.2454986572,46060,46070,10
12.9601802826,80.2451171875,46070,46080,10
12.9595403671,80.2448806763,46080,46090,10
12.95952034,80.2448577881,46090,46100,10
12.9593296051,80.244758606,46100,46110,10
12.958820343,80.2445068359,46110,46120,10
12.9581699371,80.2442321777,46120,46131,11
12.9575300217,80.2440185547,46131,46141,10
12.9568996429,80.2438430786,46141,46201,60
12.9568996429,80.2438430786,46201,46212,11
12.9566402435,80.2437820435,46212,46222,10
12.9564599991,80.2437210083,46222,46232,10
12.9564399719,80.2437133789,46232,46242,10
12.9561395645,80.2435836792,46242,46252,10
12.9556102753,80.2432785034,46252,46262,10
12.9549703598,80.2429580688,46262,46272,10
12.9541397095,80.2425994873,46272,46282,10
12.9534702301,80.2423095703,46282,46292,10
12.9527597427,80.2420196533,46292,46303,11
12.9518299103,80.2417221069,46303,46313,10
12.9516401291,80.2416534424,46313,46323,10
12.9513301849,80.2415390015,46323,46333,10
12.9506702423,80.2412872314,46333,46343,10
12.949839592,80.2409973145,46343,46353,10
12.9492397308,80.2408218384,46353,46363,10
12.9487400055,80.2406234741,46363,46373,10
12.9479598999,80.2403182983,46373,46383,10
12.9471797943,80.240020752,46383,46394,11
12.946969986,80.2399597168,46394,46404,10
12.9468202591,80.2398986816,46404,46414,10
12.9462995529,80.2396774292,46414,46424,10
12.9455499649,80.2393417358,46424,46434,10
12.9447603226,80.2386627197,46434,46444,10
12.9439401627,80.2377700806,46444,46454,10
12.9429798126,80.2368087769,46454,46464,10
12.941619873,80.2362670898,46464,46474,10
12.9402704239,80.2359390259,46474,46485,11
12.9399299622,80.2358322144,46485,46495,10
12.939620018,80.235710144,46495,46505,10
12.9391002655,80.2354812622,46505,46515,10
12.9383201599,80.2350769043,46515,46525,10
12.9373598099,80.2345962524,46525,46535,10
12.9362802505,80.2340774536,46535,46545,10
12.9350595474,80.2334976196,46545,46555,10
12.9338197708,80.2329483032,46555,46576,21
12.9338197708,80.2329483032,46576,46586,10
12.9334497452,80.2327728271,46586,46596,10
12.9327602386,80.2324676514,46596,46606,10
12.9317998886,80.232131958,46606,46616,10
12.9306602478,80.2317581177,46616,46626,10
12.9294395447,80.2314605713,46626,46636,10
12.9285001755,80.2312469482,46636,46646,10
12.9273796082,80.2311019897,46646,46656,10
12.926320076,80.2310028076,46656,46667,11
12.9258003235,80.23097229,46667,46677,10
12.925330162,80.2309036255,46677,46687,10
12.9245796204,80.2308120728,46687,46697,10
12.9235897064,80.2306976318,46697,46707,10
12.9224300385,80.2305297852,46707,46717,10
12.9210996628,80.2303390503,46717,46727,10
12.9196195602,80.2301635742,46727,46737,10
12.9181900024,80.2299728394,46737,46747,10
12.9170103073,80.2297973633,46747,46758,11
12.9155597687,80.2295913696,46758,46768,10
12.9141798019,80.2294006348,46768,46778,10
12.9132604599,80.2293167114,46778,46788,10
12.9131803513,80.2292785645,46788,46798,10
12.9127902985,80.2292098999,46798,46808,10
12.9120597839,80.2290878296,46808,46818,10
12.9110603333,80.2289581299,46818,46828,10
12.909910202,80.2287902832,46828,46839,11
12.9084796906,80.2285385132,46839,46849,10
12.9068002701,80.228302002,46849,46879,30
12.9068002701,80.228302002,46879,46889,10
12.9066400528,80.2283172607,46889,46899,10
12.9060697556,80.2282409668,46899,46909,10
12.9051599503,80.2281799316,46909,46919,10
12.9040403366,80.2281112671,46919,46930,11
12.9026403427,80.2280502319,46930,46940,10
12.9013900757,80.2279815674,46940,46950,10
12.9003295898,80.227897644,46950,46960,10
12.8998804092,80.2278900146,46960,46970,10
12.8994197845,80.2278900146,46970,46990,20
12.8994197845,80.2278900146,46990,47000,10
12.899189949,80.2278900146,47000,47010,10
12.8986101151,80.2278366089,47010,47021,11
12.8976402283,80.2277908325,47021,47031,10
12.8965997696,80.2277374268,47031,47041,10
12.8955202103,80.2276992798,47041,47051,10
12.8943004608,80.2276306152,47051,47061,10
12.8930997849,80.2275085449,47061,47071,10
12.8925800323,80.2274475098,47071,47081,10
12.8922195435,80.2274169922,47081,47091,10
12.891500473,80.2274017334,47091,47101,10
12.8905296326,80.2274017334,47101,47112,11
12.8892803192,80.2274017334,47112,47122,10
12.8880796432,80.2273635864,47122,47132,10
12.8867797852,80.2271575928,47132,47142,10
12.8854999542,80.2268371582,47142,47152,10
12.8849201202,80.2267684937,47152,47162,10
12.8847999573,80.2267608643,47162,47172,10
12.8843002319,80.2267532349,47172,47182,10
12.8835401535,80.2267379761,47182,47192,10
12.882349968,80.2267532349,47192,47203,11
12.880979538,80.2267608643,47203,47213,10
12.8795900345,80.2267913818,47213,47223,10
12.8780899048,80.2268600464,47223,47233,10
12.8770103455,80.2269592285,47233,47243,10
12.8762598038,80.2270202637,47243,47253,10
12.8760995865,80.2270202637,47253,47263,10
12.8757400513,80.2270126343,47263,47273,10
12.875,80.2269363403,47273,47283,10
12.8739795685,80.2267837524,47283,47294,11
12.8725795746,80.2266998291,47294,47304,10
12.8711500168,80.2266464233,47304,47314,10
12.8696298599,80.2265167236,47314,47324,10
12.8680200577,80.2264328003,47324,47334,10
12.866399765,80.2265625,47334,47344,10
12.864780426,80.226600647,47344,47354,10
12.8631401062,80.2265396118,47354,47364,10
12.8616695404,80.2266311646,47364,47374,10
12.86095047,80.2266464233,47374,47385,11
12.8607797623,80.2266387939,47385,47395,10
12.8602104187,80.2265625,47395,47405,10
12.8593101501,80.2264175415,47405,47415,10
12.8581895828,80.2262878418,47415,47425,10
12.8568601608,80.2263565063,47425,47435,10
12.8554000854,80.2265090942,47435,47445,10
12.8538599014,80.2266387939,47445,47455,10
12.8522500992,80.2266693115,47455,47466,11
12.8504495621,80.2266082764,47466,47476,10
12.8487901688,80.2266235352,47476,47486,10
12.8471603394,80.2266387939,47486,47496,10
12.8459997177,80.2266464233,47496,47506,10
12.8459300995,80.2266464233,47506,47516,10
12.8458995819,80.2266464233,47516,47526,10
12.8455600739,80.2266082764,47526,47536,10
12.8454303741,80.2265930176,47536,47546,10
12.8452796936,80.2265472412,47546,47557,11
12.8450899124,80.2265701294,47557,47567,10
12.8444595337,80.2266311646,47567,47577,10
12.8435401917,80.2267532349,47577,47587,10
12.8424301147,80.2269592285,47587,47597,10
12.8412904739,80.2272262573,47597,47607,10
12.8403701782,80.2275009155,47607,47617,10
12.8398399353,80.2276382446,47617,47637,20
12.8398399353,80.2276382446,47637,47648,11
12.8397397995,80.2276687622,47648,47658,10
12.8395395279,80.227722168,47658,47668,10
12.8389501572,80.227897644,47668,47678,10
12.8380203247,80.2281265259,47678,47688,10
12.8368902206,80.2283172607,47688,47698,10
12.8355798721,80.2285232544,47698,47708,10
12.8341503143,80.2287597656,47708,47718,10
12.8329000473,80.2289886475,47718,47728,10
12.8319101334,80.2291717529,47728,47739,11
12.831609726,80.2291412354,47739,47749,10
12.8315000534,80.2287368774,47749,47759,10
12.8315095901,80.2287216187,47759,47769,10
12.8314800262,80.2285003662,47769,47779,10
12.8313798904,80.2278900146,47779,47789,10
12.8311901093,80.2269668579,47789,47799,10
12.8310604095,80.2257995605,47799,47809,10
12.8310604095,80.2248001099,47809,47819,10
12.8310604095,80.2244110107,47819,47830,11
12.8310604095,80.2236175537,47830,47840,10
12.8310604095,80.2226486206,47840,47850,10
12.8310699463,80.2221374512,47850,47860,10
12.8310699463,80.2215881348,47860,47870,10
12.8310604095,80.2207565308,47870,47880,10
12.8310499191,80.2198181152,47880,47890,10
12.8309698105,80.2194900513,47890,47900,10
12.8303003311,80.2194366455,47900,47910,10
12.8293600082,80.2194290161,47910,47921,11
12.8281803131,80.2194366455,47921,47931,10
12.8275499344,80.2194671631,47931,47951,20
12.8275499344,80.2194671631,47951,47961,10
12.8275098801,80.2194824219,47961,47970,9
12.8270797729,80.2194595337,47970,47981,11
12.826379776,80.2194595337,47981,47991,10
12.8258600235,80.2194213867,47991,48001,10
12.8253002167,80.2194213867,48001,48012,11
12.8250598907,80.2194366455,48012,48022,10
12.8245401382,80.2194290161,48022,48032,10
12.8236703873,80.2193984985,48032,48042,10
12.8228998184,80.2193984985,48042,48052,10
12.8227100372,80.2193222046,48052,48062,10
12.8225402832,80.2189407349,48062,48072,10
12.8225498199,80.2184677124,48072,48082,10
12.8225603104,80.2175674438,48082,48093,11
12.8225803375,80.2163619995,48093,48103,10
12.8227500916,80.2158737183,48103,48113,10
12.82310009,80.215927124,48113,48123,10
12.8237400055,80.2159423828,48123,48133,10
12.8244304657,80.2159576416,48133,48153,20
12.8244304657,80.2159576416,48153,48163,10
12.824669838,80.216003418,48163,48173,10
12.8250904083,80.2159805298,48173,48204,31
12.8252096176,80.2159881592,48204,50186,1982
12.8252096176,80.2159881592,50186,50196,10
12.8255901337,80.2160873413,50196,50207,11
12.8258895874,80.2162322998,50207,50217,10
12.8259000778,80.216796875,50217,50227,10
12.8258895874,80.2176437378,50227,50237,10
12.8258895874,80.2186279297,50237,50247,10
12.8258895874,80.2193069458,50247,50258,11
12.8261203766,80.2194519043,50258,50267,9
12.8267402649,80.2194519043,50267,50278,11
12.8273696899,80.2194595337,50278,50288,10
12.8275003433,80.2194366455,50288,50299,11
12.8278102875,80.2194366455,50299,50309,10
12.8284702301,80.2194366455,50309,50319,10
12.8294200897,80.2194366455,50319,50329,10
12.8304595947,80.2194366455,50329,50339,10
12.8309297562,80.2194671631,50339,50349,10
12.8311796188,80.2199020386,50349,50359,10
12.8311595917,80.2207794189,50359,50369,10
12.8311395645,80.2217788696,50369,50379,10
12.8311395645,80.2221908569,50379,50390,11
12.8311300278,80.2227935791,50390,50400,10
12.8311195374,80.2236328125,50400,50410,10
12.8311195374,80.2245025635,50410,50420,10
12.8311100006,80.2249069214,50420,50430,10
12.8311100006,80.2256164551,50430,50440,10
12.8311395645,80.2265167236,50440,50450,10
12.8313598633,80.2275695801,50450,50460,10
12.8316001892,80.2286911011,50460,50470,10
12.831700325,80.2290420532,50470,50481,11
12.8319301605,80.2291183472,50481,50491,10
12.8325195313,80.2289962769,50491,50501,10
12.833439827,80.228843689,50501,50511,10
12.8346004486,80.2286529541,50511,50521,10
12.8359098434,80.2284469604,50521,50531,10
12.8373203278,80.2282409668,50531,50541,10
12.8385696411,80.2279510498,50541,50551,10
12.8391599655,80.2277374268,50551,50561,10
12.8394899368,80.2276000977,50561,50572,11
12.8396396637,80.2275695801,50572,50582,10
12.8401603699,80.2275009155,50582,50592,10
12.8409204483,80.2273025513,50592,50602,10
12.8419399261,80.2270431519,50602,50612,10
12.8430995941,80.2268218994,50612,50622,10
12.8444004059,80.2266464233,50622,50632,10
12.8453798294,80.2265777588,50632,50642,10
12.8454999924,80.2265701294,50642,50652,10
12.8458595276,80.2265625,50652,50663,11
12.8466596603,80.2265396118,50663,50673,10
12.8476896286,80.2265472412,50673,50683,10
12.8488903046,80.2265625,50683,50693,10
12.8502101898,80.2265777588,50693,50703,10
12.8516397476,80.2266082764,50703,50713,10
12.8530302048,80.2266693115,50713,50723,10
12.8544797897,80.2265396118,50723,50733,10
12.856010437,80.2263870239,50733,50744,11
12.8577404022,80.2262268066,50744,50754,10
12.8591003418,80.2262878418,50754,50764,10
12.8603601456,80.2264709473,50764,50774,10
12.8607902527,80.2265014648,50774,50784,10
12.8608398438,80.2265014648,50784,50794,10
12.8612098694,80.2265396118,50794,50804,10
12.8620195389,80.2265090942,50804,50814,10
12.8630800247,80.2264633179,50814,50824,10
12.8643198013,80.2265014648,50824,50835,11
12.8658895493,80.2265319824,50835,50845,10
12.8673601151,80.2264328003,50845,50855,10
12.8688802719,80.2263793945,50855,50865,10
12.8703804016,80.2265472412,50865,50875,10
12.8718395233,80.2266387939,50875,50885,10
12.8732700348,80.2266616821,50885,50895,10
12.8747301102,80.2267913818,50895,50905,10
12.8758897781,80.2268981934,50905,50915,10
12.87637043,80.2269134521,50915,50926,11
12.8765096664,80.2269210815,50926,50936,10
12.8767900467,80.2269210815,50936,50946,10
12.8774900436,80.2268829346,50946,50956,10
12.8785400391,80.2267913818,50956,50966,10
12.8797597885,80.2267303467,50966,50976,10
12.8811302185,80.2267227173,50976,50986,10
12.882610321,80.2266998291,50986,50996,10
12.8841104507,80.2266693115,50996,51006,10
12.8855895996,80.2267608643,51006,51017,11
12.8872003555,80.2271575928,51017,51027,10
12.8886995316,80.2273330688,51027,51037,10
12.8902597427,80.2273178101,51037,51047,10
12.8917503357,80.2273178101,51047,51057,10
12.8931398392,80.2274398804,51057,51067,10
12.8945703506,80.2276000977,51067,51077,10
12.8959999084,80.2276611328,51077,51087,10
12.8974599838,80.2277297974,51087,51097,10
12.8988399506,80.2277984619,51097,51108,11
12.9001197815,80.2278823853,51108,51118,10
12.9009599686,80.2279281616,51118,51128,10
12.9014396667,80.2279663086,51128,51138,10
12.9021196365,80.228012085,51138,51148,10
12.9026098251,80.2280426025,51148,51158,10
12.9031000137,80.2280273438,51158,51168,10
12.9033098221,80.2280426025,51168,51178,10
12.9039497375,80.2280731201,51178,51189,11
12.9049596786,80.2281265259,51189,51199,10
12.9059095383,80.2282028198,51199,51219,20
12.9059095383,80.2282028198,51219,51229,10
12.9060497284,80.2281723022,51229,51239,10
12.906539917,80.2282104492,51239,51249,10
12.9072198868,80.228302002,51249,51259,10
12.9080896378,80.2284469604,51259,51269,10
12.9092903137,80.2286376953,51269,51280,11
12.9106302261,80.2288589478,51280,51290,10
12.9118795395,80.2290267944,51290,51300,10
12.9129600525,80.2291870117,51300,51310,10
12.9140195847,80.2293319702,51310,51320,10
12.9152002335,80.2294921875,51320,51330,10
12.9164896011,80.2296676636,51330,51340,10
12.9176397324,80.2298431396,51340,51350,10
12.9188098907,80.2299728394,51350,51360,10
12.9201402664,80.230140686,51360,51371,11
12.9217700958,80.2303466797,51371,51381,10
12.923330307,80.2305831909,51381,51391,10
12.9248399734,80.2308120728,51391,51401,10
12.926320076,80.2309799194,51401,51411,10
12.9278097153,80.2311630249,51411,51421,10
12.9286298752,80.2312698364,51421,51431,10
12.9288797379,80.2313079834,51431,51441,10
12.9294996262,80.2314300537,51441,51451,10
12.9304304123,80.2316665649,51451,51462,11
12.9316797256,80.2320632935,51462,51472,10
12.9329299927,80.2324676514,51472,51482,10
12.9340696335,80.2329406738,51482,51492,10
12.9353199005,80.2334976196,51492,51502,10
12.9366502762,80.2341308594,51502,51512,10
12.9379997253,80.2347793579,51512,51522,10
12.9391698837,80.2353591919,51522,51532,10
12.9397802353,80.2356491089,51532,51542,10
12.9399499893,80.2357406616,51542,51553,11
12.9405298233,80.2359466553,51553,51563,10
12.9414300919,80.2361984253,51563,51573,10
12.9426202774,80.236541748,51573,51583,10
12.943479538,80.2371520996,51583,51593,10
12.9442300797,80.2379226685,51593,51603,10
12.9450998306,80.2388763428,51603,51613,10
12.946269989,80.2395782471,51613,51623,10
12.9472198486,80.2399520874,51623,51633,10
12.9475803375,80.2400970459,51633,51644,11
12.9483003616,80.2404022217,51644,51654,10
12.9492502213,80.2407913208,51654,51664,10
12.9504203796,80.2411727905,51664,51674,10
12.9515600204,80.2415618896,51674,51684,10
12.9523200989,80.2418365479,51684,51694,10
12.9531402588,80.242149353,51694,51704,10
12.9540596008,80.2424926758,51704,51714,10
12.9549798965,80.2428512573,51714,51725,11
12.9559202194,80.2431564331,51725,51735,10
12.9563703537,80.2433166504,51735,51755,20
12.9563703537,80.2433166504,51755,51765,10
12.9566602707,80.2434310913,51765,51775,10
12.9573602676,80.2437973022,51775,51785,10
12.958319664,80.2442092896,51785,51795,10
12.9590301514,80.2445220947,51795,51805,10
12.9598197937,80.2448806763,51805,51816,11
12.960940361,80.2453918457,51816,51826,10
12.9621400833,80.2460021973,51826,51836,10
12.9634504318,80.2466506958,51836,51876,40
12.9634504318,80.2466506958,51876,51886,10
12.9636001587,80.2466888428,51886,51896,10
12.9639701843,80.2468566895,51896,51907,11
12.9648103714,80.247177124,51907,51917,10
12.9657802582,80.2475204468,51917,51927,10
12.9667396545,80.2478790283,51927,51937,10
12.9668302536,80.2479324341,51937,51947,10
12.9669599533,80.2480010986,51947,51957,10
12.9674701691,80.2482376099,51957,51967,10
12.96833992,80.2486419678,51967,51977,10
12.969420433,80.2490692139,51977,51987,10
12.9706497192,80.2495422363,51987,51998,11
12.9721298218,80.249961853,51998,52008,10
12.9733695984,80.2502670288,52008,52018,10
12.9745798111,80.2506103516,52018,52028,10
12.9759101868,80.2510223389,52028,52038,10
12.9772596359,80.251449585,52038,52048,10
12.9782600403,80.2521820068,52048,52058,10
12.9785604477,80.2523574829,52058,52068,10
12.9785995483,80.2523803711,52068,52078,10
12.9789495468,80.252532959,52078,52089,11
12.979640007,80.2526168823,52089,52099,10
12.9804000854,80.2526702881,52099,52109,10
12.9814195633,80.2526397705,52109,52119,10
12.9826803207,80.2526016235,52119,52129,10
12.9837398529,80.2524414063,52129,52139,10
12.9851303101,80.2520599365,52139,52149,10
12.9860401154,80.2518081665,52149,52158,9
12.9864997864,80.2516937256,52158,52170,12
12.9869804382,80.2515182495,52170,52180,10
12.9874897003,80.2513809204,52180,52301,121
12.9874897003,80.2513809204,52301,52311,10
12.9875802994,80.2513275146,52311,52321,10
12.9877996445,80.2512969971,52321,52331,10
12.9883098602,80.2511825562,52331,52341,10
12.9891500473,80.2509918213,52341,52352,11
12.9894199371,80.2509078979,52352,52362,10
12.9898099899,80.2508392334,52362,52372,10
12.9905500412,80.2506713867,52372,52382,10
12.9915304184,80.2504425049,52382,52392,10
12.9926996231,80.2501525879,52392,52402,10
12.9940395355,80.2498016357,52402,52412,10
12.9954595566,80.2494506836,52412,52422,10
12.9968795776,80.2490768433,52422,52432,10
12.9983997345,80.2487030029,52432,52443,11
12.9999399185,80.248298645,52443,52453,10
13.0015001297,80.2479019165,52453,52463,10
13.0023803711,80.2476730347,52463,52473,10
13.0032501221,80.2475128174,52473,52483,10
13.0043401718,80.2473373413,52483,52493,10
13.0055303574,80.2471389771,52493,52503,10
13.0062999725,80.2467880249,52503,52513,10
13.0065498352,80.2463531494,52513,52523,10
13.0065498352,80.2463531494,52523,52534,11
13.0066204071,80.2457275391,52534,52544,10
13.0066204071,80.2449035645,52544,52554,10
13.0066003799,80.2441864014,52554,52564,10
13.0065803528,80.2437820435,52564,52574,10
13.0065803528,80.2433166504,52574,52587,13
13.0065603256,80.2425308228,52587,52597,10
13.0065603256,80.2411804199,52597,52607,10
13.0066604614,80.2406082153,52607,52618,11
13.0067501068,80.240196228,52618,52628,10
13.0069198608,80.2393569946,52628,52638,10
13.0070800781,80.2384796143,52638,52648,10
13.007229805,80.2377929688,52648,52658,10
13.0073604584,80.2370986938,52658,52668,10
13.0073900223,80.2368087769,52668,52678,10
13.0074596405,80.2365264893,52678,52688,10
13.0075798035,80.2360229492,52688,52698,10
13.0077896118,80.2350082397,52698,52709,11
13.0080099106,80.2338790894,52709,52719,10
13.0082902908,80.2325515747,52719,52729,10
13.0085496902,80.2312393188,52729,52739,10
13.0087795258,80.2300415039,52739,52749,10
13.0090503693,80.2286376953,52749,52759,10
13.0093603134,80.2276916504,52759,52769,10
13.0098400116,80.2266464233,52769,52779,10
13.0103702545,80.2255477905,52779,52789,10
13.01060009,80.225151062,52789,52800,11
13.0107297897,80.2248916626,52800,52810,10
13.010890007,80.2244796753,52810,52820,10
13.0111103058,80.2239303589,52820,52860,40
13.0111103058,80.2239303589,52860,52870,10
13.0112400055,80.2235412598,52870,52880,10
13.0112695694,80.2232894897,52880,52891,11
13.0114603043,80.2232284546,52891,52901,10
13.0119304657,80.2235488892,52901,52911,10
13.0126399994,80.2240066528,52911,52921,10
13.0137500763,80.2245483398,52921,52931,10
13.0146598816,80.2250595093,52931,52941,10
13.0150499344,80.2252578735,52941,52961,20
13.0150499344,80.2252578735,52961,52972,11
13.0153799057,80.2253265381,52972,52982,10
13.0158596039,80.2253494263,52982,52992,10
13.0166597366,80.2252883911,52992,53002,10
13.0175304413,80.2249526978,53002,53012,10
13.0183496475,80.2245864868,53012,53022,10
13.0194997787,80.224357605,53022,53042,20
13.0194997787,80.224357605,53042,53052,10
13.0197000504,80.2244720459,53052,53073,21
13.0197000504,80.2244720459,53073,53083,10
13.0198001862,80.2245788574,53083,53093,10
13.020190239,80.224899292,53093,53103,10
13.0209197998,80.2254180908,53103,53113,10
13.0218200684,80.2261199951,53113,53123,10
13.0227603912,80.2269210815,53123,53133,10
13.0234603882,80.2275314331,53133,53143,10
13.0239801407,80.2279586792,53143,53154,11
13.0241603851,80.2281570435,53154,53164,10
13.0242004395,80.2282409668,53164,53174,10
13.0243997574,80.228477478,53174,53204,30
13.0243997574,80.228477478,53204,53214,10
13.0243797302,80.2285003662,53214,53224,10
13.0241203308,80.2284927368,53224,53234,10
13.0237503052,80.2279891968,53234,53245,11
13.0234298706,80.2276763916,53245,53508,263
13.0234298706,80.2276763916,53508,53518,10
13.023349762,80.2274780273,53518,53528,10
13.0231599808,80.2272720337,53528,53538,10
13.0228595734,80.2269821167,53538,53548,10
13.0222797394,80.2264709473,53548,53558,10
13.0215101242,80.2258605957,53558,53568,10
13.0208797455,80.2253417969,53568,53578,10
13.0202598572,80.224937439,53578,53588,10
13.0199804306,80.2247390747,53588,53599,11
13.0199699402,80.2247390747,53599,53609,10
13.0198497772,80.2246780396,53609,53619,10
13.0192699432,80.2244262695,53619,53629,10
13.0184803009,80.2245635986,53629,53639,10
13.0176200867,80.2249298096,53639,53649,10
13.0167102814,80.2253265381,53649,53659,10
13.0159702301,80.2256011963,53659,53669,10
13.0152101517,80.2258987427,53669,53679,10
13.0147304535,80.2260971069,53679,53690,11
13.0143604279,80.2261962891,53690,53700,10
13.0140104294,80.2263336182,53700,53710,10
13.0133304596,80.2266082764,53710,53720,10
13.012430191,80.2269592285,53720,53730,10
13.0115003586,80.2273101807,53730,53740,10
13.0105400085,80.2276992798,53740,53750,10
13.0094203949,80.2281570435,53750,53760,10
13.0089998245,80.2292022705,53760,53770,10
13.0087404251,80.2304763794,53770,53781,11
13.0084896088,80.2318725586,53781,53791,10
13.0082902908,80.232963562,53791,53801,10
13.0081996918,80.2335281372,53801,53811,10
13.0081596375,80.2336730957,53811,53821,10
13.0080604553,80.2340698242,53821,53831,10
13.0079097748,80.2347412109,53831,53841,10
13.0077199936,80.2356719971,53841,53850,9
13.0075502396,80.2366409302,53850,53861,11
13.0073699951,80.2375488281,53861,53872,11
13.0071001053,80.2387619019,53872,53882,10
13.0069303513,80.2395782471,53882,53892,10
13.0067901611,80.2402496338,53892,53902,10
13.006649971,80.2409973145,53902,53912,10
13.0066099167,80.2415771484,53912,53922,10
13.0066099167,80.2416610718,53922,53932,10
13.0066099167,80.2420120239,53932,53942,10
13.0066099167,80.2426528931,53942,53953,11
13.0066299438,80.2433013916,53953,53963,10
13.006649971,80.2438201904,53963,53973,10
13.0066099167,80.2442626953,53973,53983,10
13.0065803528,80.2446212769,53983,53992,9
13.0066204071,80.2449188232,53992,54013,21
13.0066204071,80.2449188232,54013,54023,10
13.0066404343,80.2453918457,54023,54033,10
13.006649971,80.2454528809,54033,54044,11
13.0066699982,80.2457504272,54044,54054,10
13.0067300797,80.2461776733,54054,54064,10
13.0067596436,80.2468109131,54064,54074,10
13.0066995621,80.2472229004,54074,54084,10
13.006360054,80.2473602295,54084,54094,10
13.0061397552,80.2473526001,54094,54104,10
13.0055303574,80.2473297119,54104,54114,10
13.0046195984,80.2473602295,54114,54124,10
13.0036096573,80.2474975586,54124,54135,11
13.002699852,80.2476425171,54135,54145,10
13.002409935,80.2477264404,54145,54155,10
13.0019197464,80.2478637695,54155,54165,10
13.0010404587,80.2480697632,54165,54175,10
12.9999303818,80.2483520508,54175,54185,10
12.9986095428,80.2486724854,54185,54195,10
12.9971904755,80.2490081787,54195,54205,10
12.9958400726,80.2493515015,54205,54215,10
12.9945001602,80.2496871948,54215,54226,11
12.9929103851,80.2500915527,54226,54236,10
12.991399765,80.2504730225,54236,54246,10
12.9900197983,80.250831604,54246,54256,10
12.9889602661,80.2510986328,54256,54266,10
12.9882698059,80.2513198853,54266,54377,111
12.9882698059,80.2513198853,54377,54387,10
12.987739563,80.2514190674,54387,54397,10
12.9872303009,80.2515563965,54397,54408,11
12.9864301682,80.2517776489,54408,54418,10
12.9855499268,80.251991272,54418,54428,10
12.9844303131,80.252281189,54428,54438,10
12.9831695557,80.2525787354,54438,54448,10
12.9819402695,80.2526702881,54448,54458,10
12.9807796478,80.2527084351,54458,54468,10
12.9800395966,80.2527770996,54468,54478,10
12.9794797897,80.2527084351,54478,54489,11
12.9786901474,80.2526016235,54489,54499,10
12.978679657,80.2525863647,54499,54509,10
12.9783601761,80.2524185181,54509,54519,10
12.9777803421,80.2519226074,54519,54529,10
12.9769201279,80.2513275146,54529,54539,10
12.9757204056,80.2509613037,54539,54549,10
12.9743700027,80.250579834,54549,54559,10
12.9729099274,80.2501983643,54559,54569,10
12.9715099335,80.2498092651,54569,54580,11
12.969909668,80.2492980957,54580,54590,10
12.9684200287,80.2487182617,54590,54600,10
12.9670000076,80.2481231689,54600,54610,10
12.9660396576,80.2476577759,54610,54620,10
12.9649496078,80.2472610474,54620,54630,10
12.9639797211,80.2469024658,54630,54640,10
12.9634199142,80.2466812134,54640,54650,10
12.9626102448,80.2462387085,54650,54660,10
12.9617300034,80.2457962036,54660,54671,11
12.9606399536,80.245300293,54671,54681,10
12.9596204758,80.2448501587,54681,54691,10
12.9586696625,80.2444229126,54691,54701,10
12.9582300186,80.2442398071,54701,54711,10
12.9578504562,80.2440795898,54711,54721,10
12.9571800232,80.243850708,54721,54731,10
12.9565496445,80.2436981201,54731,54741,10
12.956489563,80.2436828613,54741,54751,10
12.9563798904,80.2436523438,54751,54762,11
12.9561500549,80.2435684204,54762,54772,10
12.9555702209,80.2432479858,54772,54782,10
12.9549503326,80.2429199219,54782,54792,10
12.9541797638,80.2425613403,54792,54802,10
12.9537096024,80.2423706055,54802,54812,10
12.9529304504,80.2420501709,54812,54822,10
12.9519195557,80.2416687012,54822,54832,10
12.9506998062,80.2412490845,54832,54842,10
12.9497299194,80.2409591675,54842,54853,11
12.9492998123,80.2408218384,54853,54863,10
12.9488401413,80.2406463623,54863,54873,10
12.9480800629,80.2403411865,54873,54883,10
12.9470701218,80.2399215698,54883,54893,10
12.9459495544,80.2394638062,54893,54903,10
12.9449396133,80.2388305664,54903,54913,10
12.9440898895,80.2378997803,54913,54923,10
12.9432401657,80.2369689941,54923,54933,10
12.9420099258,80.2362976074,54933,54944,11
12.9398603439,80.2357788086,54944,54964,20
12.9398603439,80.2357788086,54964,54974,10
12.9395704269,80.2356414795,54974,54984,10
12.9389801025,80.2353363037,54984,54994,10
12.938079834,80.2348937988,54994,55004,10
12.9369697571,80.234336853,55004,55014,10
12.9356899261,80.2337265015,55014,55025,11
12.9343500137,80.2331390381,55025,55035,10
12.9339799881,80.2329788208,55035,55045,10
12.9339199066,80.2329177856,55045,55055,10
12.9334602356,80.2327194214,55055,55065,10
12.9326601028,80.2323608398,55065,55075,10
12.9315795898,80.2320098877,55075,55085,10
12.9305400848,80.2316818237,55085,55095,10
12.9290895462,80.231338501,55095,55105,10
12.9287595749,80.2312774658,55105,55116,11
12.9280500412,80.2311706543,55116,55125,9
12.9271602631,80.2310562134,55125,55136,11
12.9258403778,80.2309036255,55136,55146,10
12.9245004654,80.2307510376,55146,55156,10
12.9230699539,80.2305679321,55156,55166,10
12.9215202332,80.2303390503,55166,55176,10
12.9198703766,80.230140686,55176,55186,10
12.918299675,80.2299499512,55186,55196,10
12.9167404175,80.2297286987,55196,55207,11
12.9151201248,80.2295074463,55207,55217,10
12.9138803482,80.2293395996,55217,55227,10
12.9136199951,80.2293167114,55227,55237,10
12.9132900238,80.2292709351,55237,55247,10
12.9125499725,80.2291488647,55247,55257,10
12.911529541,80.2289733887,55257,55267,10
12.9102897644,80.2287902832,55267,55277,10
12.9089403152,80.2285919189,55277,55287,10
12.90762043,80.2283706665,55287,55298,11
12.906419754,80.2282409668,55298,55308,10
12.9060001373,80.2282333374,55308,55318,10
12.9054899216,80.2281723022,55318,55328,10
12.9045801163,80.2281036377,55328,55338,10
12.9034795761,80.2280502319,55338,55348,10
12.9024000168,80.2279968262,55348,55358,10
12.9016599655,80.2279663086,55358,55368,10
12.9015598297,80.2279663086,55368,55378,10
12.9014596939,80.2279663086,55378,55389,11
12.9009399414,80.2279281616,55389,55399,10
12.900349617,80.2278671265,55399,55409,10
12.8995399475,80.2278366089,55409,55429,20
12.8995399475,80.2278366089,55429,55439,10
12.8992099762,80.2278289795,55439,55449,10
12.8984804153,80.2277832031,55449,55459,10
12.8974599838,80.227722168,55459,55469,10
12.8962402344,80.2276611328,55469,55480,11
12.8947696686,80.2276229858,55480,55490,10
12.8933801651,80.2275009155,55490,55500,10
12.8921804428,80.2273483276,55500,55510,10
12.890879631,80.2273178101,55510,55520,10
12.8894701004,80.2273178101,55520,55530,10
12.8880796432,80.2272796631,55530,55540,10
12.8866596222,80.2270812988,55540,55550,10
12.8855199814,80.2267913818,55550,55560,10
12.8844604492,80.2266693115,55560,55571,11
12.8829898834,80.2266998291,55571,55581,10
12.8817300797,80.2266998291,55581,55591,10
12.8804101944,80.2267303467,55591,55601,10
12.8789396286,80.2267684937,55601,55611,10
12.8774499893,80.2268829346,55611,55621,10
12.8763999939,80.2269515991,55621,55631,10
12.8752803802,80.2269134521,55631,55641,10
12.8739595413,80.2267608643,55641,55652,11
12.872590065,80.2266769409,55652,55662,10
12.8712596893,80.2266616821,55662,55672,10
12.869799614,80.2265090942,55672,55682,10
12.8682899475,80.2263565063,55682,55692,10
12.8668003082,80.2264862061,55692,55702,10
12.8653202057,80.2265625,55702,55712,10
12.8638801575,80.2265090942,55712,55722,10
12.8624801636,80.2265014648,55722,55732,10
12.8613004684,80.2265625,55732,55743,11
12.860039711,80.2264633179,55743,55753,10
12.8589897156,80.22631073,55753,55765,12
12.8580703735,80.2261962891,55765,55775,10
12.8566598892,80.2262878418,55775,55785,10
12.8554601669,80.2264328003,55785,55795,10
12.8538303375,80.226600647,55795,55805,10
12.8522796631,80.2266616821,55805,55815,10
12.8509902954,80.2266311646,55815,55825,10
12.8501701355,80.226600647,55825,55836,11
12.8501501083,80.226600647,55836,55846,10
12.8499002457,80.2265930176,55846,55856,10
12.8492298126,80.2265777588,55856,55866,10
12.8482503891,80.2265777588,55866,55876,10
12.8470401764,80.2265777588,55876,55886,10
12.8460798264,80.2265930176,55886,55896,10
12.8455495834,80.226600647,55896,55906,10
12.8453598022,80.226600647,55906,55916,10
12.8449497223,80.2266235352,55916,55927,11
12.8440999985,80.2266998291,55927,55937,10
12.843079567,80.2268371582,55937,55947,10
12.8418302536,80.2271118164,55947,55957,10
12.8405895233,80.2274169922,55957,55967,10
12.8399000168,80.2276000977,55967,55977,10
12.8395204544,80.2276992798,55977,55987,10
12.839050293,80.2278366089,55987,55997,10
12.8379402161,80.2281188965,55997,56007,10
12.8367500305,80.2283172607,56007,56018,11
12.8352499008,80.2285614014,56018,56028,10
12.8338603973,80.2288131714,56028,56038,10
12.8327703476,80.229019165,56038,56048,10
12.8324899673,80.2290802002,56048,56058,10
12.8321800232,80.2291412354,56058,56068,10
12.8314800262,80.2292861938,56068,56078,10
12.8304901123,80.2296218872,56078,56088,10
12.82929039,80.2300796509,56088,56098,10
12.8281002045,80.2307128906,56098,56109,11
12.8267803192,80.2312774658,56109,56119,10
12.8257598877,80.2313919067,56119,56129,10
12.8246803284,80.2313766479,56129,56139,10
12.8236598969,80.2311172485,56139,56149,10
12.8225002289,80.2307510376,56149,56159,10
12.8215198517,80.230506897,56159,56169,10
12.8205699921,80.2304611206,56169,56179,10
12.8194904327,80.230506897,56179,56190,11
12.8189296722,80.230506897,56190,56200,10
12.8187799454,80.23046875,56200,56210,10
12.8182096481,80.2301712036,56210,56220,10
12.8173103333,80.2297592163,56220,56230,10
12.8161802292,80.2294616699,56230,56240,10
12.8148403168,80.2292633057,56240,56250,10
12.8133897781,80.2289199829,56250,56260,10
12.8118801117,80.2284011841,56260,56270,10
12.8104000092,80.2278213501,56270,56281,11
12.8089103699,80.2270431519,56281,56291,10
12.8077201843,80.2260513306,56291,56301,10
12.8067998886,80.2252578735,56301,56311,10
12.8061504364,80.2246704102,56311,56321,10
12.8052301407,80.2240524292,56321,56331,10
12.8048496246,80.2239685059,56331,56341,10
12.8046197891,80.2239303589,56341,56351,10
12.8043003082,80.2238998413,56351,56361,10
12.803850174,80.2238464355,56361,56372,11
12.8029603958,80.2237625122,56372,56382,10
12.8018398285,80.2236175537,56382,56392,10
12.8009300232,80.2235717773,56392,56402,10
12.8005399704,80.2235412598,56402,56412,10
12.7997503281,80.2234725952,56412,56422,10
12.7987003326,80.2233428955,56422,56432,10
12.797419548,80.2231903076,56432,56442,10
12.7961797714,80.2229766846,56442,56452,10
12.7958498001,80.2229385376,56452,56463,11
12.7958402634,80.2229385376,56463,56473,10
12.7954301834,80.2228622437,56473,56483,10
12.7945995331,80.2227020264,56483,56493,10
12.7935304642,80.2225265503,56493,56503,10
12.7922401428,80.2223205566,56503,56513,10
12.7908697128,80.2219924927,56513,56523,10
12.7898197174,80.2217102051,56523,56533,10
12.7893600464,80.2215499878,56533,56543,10
12.7887001038,80.2212982178,56543,56554,11
12.787899971,80.2209777832,56554,56564,10
12.7875404358,80.2208328247,56564,56574,10
12.7874097824,80.2207794189,56574,56584,10
12.7870502472,80.2206420898,56584,56594,10
12.7867498398,80.2205276489,56594,56604,10
12.7862796783,80.2203369141,56604,56614,10
12.786190033,80.2203521729,56614,56624,10
12.7861499786,80.2205123901,56624,56634,10
12.7861499786,80.2205200195,56634,56645,11
12.786190033,80.2210388184,56645,56655,10
12.7862300873,80.2216186523,56655,56665,10
12.7862195969,80.2219161987,56665,58233,1568
12.7862195969,80.2219161987,58233,58243,10
12.7861099243,80.2218780518,58243,59052,809
12.7861099243,80.2218780518,59052,59062,10
12.786239624,80.2217712402,59062,59123,61
12.7861795425,80.2213668823,59123,59173,50
12.7861795425,80.2213668823,59173,59183,10
12.786190033,80.2210769653,59183,59214,31
12.786190033,80.2210769653,59214,59224,10
12.7861700058,80.2208480835,59224,59234,10
12.7861700058,80.2208099365,59234,59244,10
12.7861499786,80.2205810547,59244,59254,10
12.7862596512,80.2203521729,59254,59264,10
12.7863998413,80.2204208374,59264,59274,10
12.7864999771,80.2204818726,59274,59285,11
12.7867803574,80.2205810547,59285,59295,10
12.7871999741,80.220741272,59295,59305,10
12.7877502441,80.2209472656,59305,59315,10
12.7883501053,80.2211914063,59315,59325,10
12.7890796661,80.2214813232,59325,59335,10
12.7892599106,80.2215194702,59335,59345,10
12.7895097733,80.2216262817,59345,59365,20
12.7895097733,80.2216262817,59365,59376,11
12.7896299362,80.2216796875,59376,59386,10
12.7899599075,80.2217788696,59386,59396,10
12.7906599045,80.2219467163,59396,59406,10
12.7916202545,80.2221832275,59406,59416,10
12.7927799225,80.2224273682,59416,59426,10
12.7941198349,80.2226409912,59426,59436,10
12.7953996658,80.2228317261,59436,59446,10
12.7962303162,80.2229537964,59446,59456,10
12.7963199615,80.2229614258,59456,59467,11
12.7963399887,80.2229537964,59467,59477,10
12.7967596054,80.2230606079,59477,59487,10
12.7974700928,80.2232131958,59487,59497,10
12.7983703613,80.2233276367,59497,59507,10
12.7993602753,80.2234420776,59507,59517,10
12.8004703522,80.2235717773,59517,59527,10
12.8009796143,80.2235870361,59527,59568,41
12.8009796143,80.2235870361,59568,59578,10
12.801320076,80.2236404419,59578,59588,10
12.8015403748,80.2236480713,59588,59598,10
12.8021297455,80.2236862183,59598,59608,10
12.8026695251,80.2237625122,59608,59618,10
12.8032197952,80.2238311768,59618,59628,10
12.8039398193,80.2238769531,59628,59638,10
12.8050699234,80.224029541,59638,59669,31
12.8050699234,80.224029541,59669,59679,10
12.8053798676,80.2241363525,59679,59689,10
12.8059597015,80.2244796753,59689,59699,10
12.8066797256,80.2251205444,59699,59709,10
12.8075399399,80.2258682251,59709,59719,10
12.8085098267,80.2266921997,59719,59729,10
12.8095998764,80.2274780273,59729,59740,11
12.8109397888,80.2280502319,59740,59750,10
12.8121299744,80.2284927368,59750,59760,10
12.8134498596,80.2289505005,59760,59770,10
12.8146696091,80.2292480469,59770,59780,10
12.815580368,80.229347229,59780,59790,10
12.8163900375,80.2294921875,59790,59800,10
12.8172702789,80.2297134399,59800,59810,10
12.8180503845,80.2300567627,59810,59820,10
12.8186101913,80.2303237915,59820,59831,11
12.8193702698,80.230506897,59831,59841,10
12.8198003769,80.23046875,59841,59851,10
12.8199796677,80.2304763794,59851,59861,10
12.8205604553,80.2304611206,59861,59871,10
12.821439743,80.2304992676,59871,59881,10
12.8224401474,80.23072052,59881,59891,10
12.8234395981,80.2310333252,59891,59901,10
12.8243198395,80.2312393188,59901,59912,11
12.8253297806,80.2314300537,59912,59922,10
12.8263301849,80.2313766479,59922,59932,10
12.8272800446,80.2311782837,59932,59942,10
12.828040123,80.2307662964,59942,59952,10
12.8288898468,80.2303009033,59952,59962,10
12.8297901154,80.2299194336,59962,59972,10
12.8308496475,80.2294769287,59972,59992,20
12.8308496475,80.2294769287,59992,60003,11
12.8312397003,80.2293701172,60003,60013,10
12.8318099976,80.2292022705,60013,60023,10
12.8325595856,80.2290496826,60023,60033,10
12.8335199356,80.2288589478,60033,60043,10
12.8346595764,80.2286605835,60043,60053,10
12.8359603882,80.2284622192,60053,60063,10
12.8373403549,80.2282333374,60063,60073,10
12.8385601044,80.2279815674,60073,60083,10
12.8394403458,80.2277679443,60083,60114,31
12.8394403458,80.2277679443,60114,60124,10
12.8396997452,80.227722168,60124,60134,10
12.840259552,80.2275390625,60134,60144,10
12.8410797119,80.2273178101,60144,60154,10
12.8421201706,80.2270431519,60154,60164,10
12.8432397842,80.2268218994,60164,60174,10
12.8444795609,80.2266387939,60174,60185,11
12.845580101,80.2265625,60185,60195,10
12.845700264,80.2265472412,60195,60205,10
12.8459396362,80.2265625,60205,60215,10
12.8465099335,80.2265701294,60215,60225,10
12.8474597931,80.2265777588,60225,60235,10
12.8485403061,80.2265701294,60235,60245,10
12.8497400284,80.2265777588,60245,60255,10
12.8510599136,80.2266082764,60255,60265,10
12.8524799347,80.2266693115,60265,60276,11
12.8541498184,80.2265777588,60276,60286,10
12.8557395935,80.2264404297,60286,60296,10
12.8572597504,80.2262573242,60296,60306,10
12.8580904007,80.2262115479,60306,60316,10
12.8588399887,80.226272583,60316,60326,10
12.8597402573,80.2264099121,60326,60336,10
12.8608398438,80.2265777588,60336,60346,10
12.8621397018,80.2265625,60346,60356,10
12.8637199402,80.2264862061,60356,60367,11
12.8652801514,80.2265701294,60367,60377,10
12.866900444,80.2265014648,60377,60387,10
12.8685102463,80.2263793945,60387,60397,10
12.8700504303,80.2265319824,60397,60407,10
12.8714399338,80.2266387939,60407,60417,10
12.8725404739,80.2266464233,60417,60427,10
12.8733501434,80.2266769409,60427,60437,10
12.8743200302,80.2267684937,60437,60448,11
12.8756198883,80.2269210815,60448,60458,10
12.8764801025,80.2269363403,60458,60468,10
12.8767299652,80.2269134521,60468,60478,10
12.8768901825,80.2268981934,60478,60488,10
12.8775100708,80.2268371582,60488,60498,10
12.8784503937,80.2267608643,60498,60508,10
12.8794803619,80.2267074585,60508,60518,10
12.8807201385,80.2266998291,60518,60528,10
12.8820495605,80.2266998291,60528,60539,11
12.8835897446,80.2266769409,60539,60549,10
12.8848104477,80.2266464233,60549,60559,10
12.8854999542,80.2267074585,60559,60569,10
12.8863401413,80.2269210815,60569,60579,10
12.8873500824,80.2271881104,60579,60589,10
12.8885498047,80.2273178101,60589,60599,10
12.8898801804,80.2273406982,60599,60609,10
12.8913402557,80.2273178101,60609,60619,10
12.8927297592,80.2273712158,60619,60630,11
12.8942403793,80.2275619507,60630,60640,10
12.895529747,80.2276306152,60640,60650,10
12.8969497681,80.2276763916,60650,60660,10
12.8983802795,80.2277603149,60660,60670,10
12.8995800018,80.2278366089,60670,60680,10
12.9004096985,80.2278594971,60680,60741,61
12.9004096985,80.2278594971,60741,60751,10
12.900759697,80.2278366089,60751,60761,10
12.9012098312,80.2279281616,60761,60771,10
12.9017896652,80.2279663086,60771,60781,10
12.9028701782,80.228012085,60781,60801,20
12.9028701782,80.228012085,60801,60812,11
12.9032001495,80.2280502319,60812,60822,10
12.9039096832,80.2280883789,60822,60832,10
12.9048595428,80.2281417847,60832,60842,10
12.9057197571,80.2281723022,60842,60852,10
12.906129837,80.228187561,60852,60913,61
12.906129837,80.228187561,60913,60923,10
12.9062795639,80.228187561,60923,60933,10
12.90666008,80.2282562256,60933,60943,10
12.9073696136,80.2283401489,60943,60953,10
12.9081296921,80.2284698486,60953,60963,10
12.9095201492,80.2286987305,60963,60973,10
12.9108495712,80.2289199829,60973,60984,11
12.9124002457,80.229133606,60984,60994,10
12.9137001038,80.229309082,60994,61004,10
12.9140701294,80.2293167114,61004,61014,10
12.914270401,80.2293395996,61014,61024,10
12.9148197174,80.2294311523,61024,61034,10
12.9156599045,80.2295608521,61034,61044,10
12.9167203903,80.2297134399,61044,61054,10
12.9179801941,80.2298965454,61054,61064,10
12.9193000793,80.2300567627,61064,61075,11
12.9208498001,80.2302398682,61075,61085,10
12.9223604202,80.23046875,61085,61095,10
12.9238595963,80.2306900024,61095,61105,10
12.9253101349,80.2308731079,61105,61115,10
12.9264202118,80.23097229,61115,61125,10
12.926659584,80.2309799194,61125,61135,10
12.9270601273,80.2310333252,61135,61145,10
12.9277496338,80.2311172485,61145,61155,10
12.9286699295,80.2312698364,61155,61166,11
12.9298000336,80.2315063477,61166,61176,10
12.9309597015,80.2318115234,61176,61186,10
12.9322395325,80.2322311401,61186,61196,10
12.9333095551,80.2326202393,61196,61206,10
12.9335002899,80.2326965332,61206,61216,10
12.9336099625,80.2328033447,61216,61226,10
12.9340200424,80.2330093384,61226,61236,10
12.9347600937,80.2333297729,61236,61246,10
12.9356803894,80.2337188721,61246,61257,11
12.9368400574,80.2342834473,61257,61267,10
12.9380598068,80.2348709106,61267,61277,10
12.939040184,80.2353668213,61277,61287,10
12.9398202896,80.235710144,61287,61297,10
12.939909935,80.2357788086,61297,61307,10
12.9403600693,80.2359390259,61307,61317,10
12.9411001205,80.2361373901,61317,61327,10
12.9420900345,80.2364120483,61327,61337,10
12.9431400299,80.2368774414,61337,61348,11
12.9441299438,80.2378768921,61348,61358,10
12.9451303482,80.2389526367,61358,61368,10
12.9463996887,80.2397003174,61368,61378,10
12.9472198486,80.2400436401,61378,61388,10
12.9475803375,80.2401580811,61388,61398,10
12.9482002258,80.2403793335,61398,61428,30
12.9482002258,80.2403793335,61428,61439,11
12.9483203888,80.2404174805,61439,61449,10
12.9487199783,80.2405471802,61449,61479,30
12.9487199783,80.2405471802,61479,61489,10
12.9488897324,80.2406768799,61489,61499,10
12.9493598938,80.2408599854,61499,61509,10
12.9501199722,80.2411117554,61509,61520,11
12.9510402679,80.2413711548,61520,61530,10
12.9511995316,80.2414169312,61530,61540,10
12.9514102936,80.2415084839,61540,61550,10
12.9515304565,80.2415618896,61550,61560,10
12.9518604279,80.2416763306,61560,61570,10
12.9524202347,80.2419204712,61570,61580,10
12.9532699585,80.2422409058,61580,61590,10
12.9539604187,80.2425003052,61590,61600,10
12.9545898438,80.2427520752,61600,61611,11
12.955450058,80.243057251,61611,61621,10
12.9562501907,80.2433013916,61621,61631,10
12.9564199448,80.2433624268,61631,61641,10
12.956609726,80.2434616089,61641,61651,10
12.9571695328,80.2437286377,61651,61661,10
12.9580001831,80.2441101074,61661,61671,10
12.9586696625,80.2444000244,61671,61681,10
12.9588499069,80.244468689,61681,61691,10
12.9589996338,80.2445373535,61691,61702,11
12.9595499039,80.2447967529,61702,61712,10
12.9603204727,80.2451477051,61712,61722,10
12.9612503052,80.2455825806,61722,61732,10
12.9621200562,80.2460021973,61732,61742,10
12.9626102448,80.2462387085,61742,61752,10
12.9627504349,80.2462997437,61752,61762,10
12.9628896713,80.2463912964,61762,61772,10
12.9632396698,80.2465896606,61772,61782,10
12.9637498856,80.2468338013,61782,61793,11
12.9645996094,80.2471389771,61793,61803,10
12.9654998779,80.2474365234,61803,61813,10
12.9661598206,80.2477035522,61813,61823,10
12.9664201736,80.2478027344,61823,61833,10
12.9664497375,80.2478027344,61833,61843,10
12.9667100906,80.2479400635,61843,61853,10
12.9670600891,80.2481536865,61853,61863,10
12.9676904678,80.2484130859,61863,61873,10
12.9686002731,80.2487716675,61873,61884,11
12.9697599411,80.2492218018,61884,61894,10
12.9709997177,80.2496795654,61894,61904,10
12.9723501205,80.250038147,61904,61914,10
12.9737596512,80.2504196167,61914,61924,10
12.9749202728,80.2507629395,61924,61934,10
12.9765195847,80.2512130737,61934,61944,10
12.9776000977,80.251663208,61944,61954,10
12.9782800674,80.2521972656,61954,61964,10
12.9784002304,80.2522888184,61964,61976,12
12.9785203934,80.2523727417,61976,61985,9
12.979060173,80.2525787354,61985,61996,11
12.9796600342,80.2526626587,61996,62036,40
12.9796600342,80.2526626587,62036,62046,10
12.9797801971,80.2526779175,62046,62057,11
12.9803600311,80.2526931763,62057,62067,10
12.981180191,80.2526779175,62067,62077,10
12.982460022,80.2526397705,62077,62148,71
12.982460022,80.2526397705,62148,62158,10
12.9826898575,80.2526168823,62158,62168,10
12.9829702377,80.2525863647,62168,62178,10
12.9832000732,80.2525634766,62178,62188,10
12.983420372,80.252532959,62188,62198,10
12.9837598801,80.2524185181,62198,62279,81
12.9839401245,80.2523498535,62279,62340,61
12.9839401245,80.2523498535,62340,62350,10
12.9840202332,80.2523498535,62350,62360,10
12.9843997955,80.252243042,62360,62370,10
12.984869957,80.2520980835,62370,62380,10
12.9853801727,80.2519607544,62380,62390,10
12.9856901169,80.2518692017,62390,62400,10
12.9861402512,80.2517471313,62400,62410,10
12.986749649,80.2516098022,62410,62421,11
12.987660408,80.2513580322,62421,62431,10
12.9886198044,80.2511367798,62431,62441,10
12.9894304276,80.2508926392,62441,62451,10
12.9896402359,80.2508468628,62451,62461,10
12.9898395538,80.2508163452,62461,62471,10
12.9904098511,80.2506790161,62471,62481,10
12.9911298752,80.25050354,62481,62491,10
12.9922199249,80.2502365112,62491,62502,11
12.9934997559,80.2499237061,62502,62512,10
12.9947299957,80.2496032715,62512,62522,10
12.9959602356,80.2492828369,62522,62532,10
12.9968204498,80.2490310669,62532,62542,10
12.9968395233,80.2490310669,62542,62552,10
12.9971199036,80.2489929199,62552,62562,10
12.9977302551,80.248840332,62562,62572,10
12.9986000061,80.2486419678,62572,62582,10
12.9996004105,80.2483901978,62582,62593,11
13.0008602142,80.2480773926,62593,62603,10
13.0020399094,80.2478027344,62603,62613,10
13.0029802322,80.2475814819,62613,62623,10
13.0040998459,80.2473983765,62623,62633,10
13.0052995682,80.2472381592,62633,62643,10
13.0061597824,80.2469787598,62643,62653,10
13.0065402985,80.246383667,62653,62673,20
13.0065402985,80.246383667,62673,62684,11
13.0066204071,80.2459564209,62684,62694,10
13.0066204071,80.2456588745,62694,62704,10
13.0066299438,80.2455215454,62704,62714,10
13.0066404343,80.2452011108,62714,62724,10
13.006649971,80.2448577881,62724,62734,10
13.0066404343,80.2445907593,62734,62744,10
13.006649971,80.2442321777,62744,62754,10
13.0066404343,80.2438201904,62754,62764,10
13.0066204071,80.2433929443,62764,62775,11
13.0066099167,80.2427978516,62775,62785,10
13.0065898895,80.2420272827,62785,62795,10
13.0066003799,80.2414169312,62795,62805,10
13.0066099167,80.2412414551,62805,62815,10
13.0066299438,80.2409667969,62815,62825,10
13.0067195892,80.2404708862,62825,62835,10
13.0068998337,80.2397766113,62835,62845,10
13.0070199966,80.2389526367,62845,62855,10
13.0071697235,80.2381362915,62855,62866,11
13.0073900223,80.2370376587,62866,62886,20
13.0073900223,80.2370376587,62886,62896,10
13.0074195862,80.2368774414,62896,62906,10
13.0075502396,80.2364425659,62906,62916,10
13.0076999664,80.2358322144,62916,62926,10
13.0078601837,80.234992981,62926,62936,10
13.0080604553,80.2339782715,62936,62947,11
13.0083198547,80.2326812744,62947,62957,10
13.0085697174,80.231338501,62957,62967,10
13.0088195801,80.2300186157,62967,62977,10
13.0090398788,80.2288970947,62977,62987,10
13.0092401505,80.2280883789,62987,62997,10
13.0095796585,80.2273025513,62997,63007,10
13.0099601746,80.2265014648,63007,63017,10
13.0103597641,80.225730896,63017,63027,10
13.01060009,80.2252578735,63027,63038,11
13.0107002258,80.2250289917,63038,63048,10
13.0108098984,80.2247314453,63048,63058,10
13.01101017,80.2243270874,63058,63068,10
13.0112800598,80.2237319946,63068,63078,10
13.0115299225,80.2230911255,63078,63088,10
13.0118598938,80.2221832275,63088,63098,10
13.0121202469,80.2216186523,63098,63108,10
13.0124702454,80.2216873169,63108,63118,10
13.0129299164,80.2222976685,63118,63129,11
13.0135803223,80.2230300903,63129,63139,10
13.014169693,80.2237319946,63139,63149,10
13.0148496628,80.2244796753,63149,63159,10
13.0154800415,80.2250213623,63159,63169,10
13.0156402588,80.2251434326,63169,63179,10
13.0156803131,80.2251586914,63179,63189,10
13.0160303116,80.2253417969,63189,63199,10
13.0168304443,80.225227356,63199,63209,10
13.017829895,80.224822998,63209,63220,11
13.0195598602,80.2243881226,63220,63280,60
13.0195598602,80.2243881226,63280,63290,10
13.0197896957,80.2246932983,63290,63300,10
13.0200004578,80.2248382568,63300,63311,11
13.0201797485,80.2249603271,63311,63321,10
13.0205202103,80.225189209,63321,63331,10
13.0211601257,80.2256698608,63331,63341,10
13.0219202042,80.2262268066,63341,63351,10
13.0222997665,80.2264480591,63351,63877,526
13.0222997665,80.2264480591,63877,63887,10
13.0224103928,80.2267074585,63887,63897,10
13.0227603912,80.2269973755,63897,63907,10
13.0233602524,80.2275466919,63907,63917,10
13.0239801407,80.2281036377,63917,63928,11
13.0243997574,80.2285308838,63928,63958,30
13.0243997574,80.2285308838,63958,63968,10
13.0244398117,80.2285919189,63968,63978,10
13.0242004395,80.2285766602,63978,63988,10
13.0241003036,80.2284698486,63988,63998,10
13.023900032,80.228187561,63998,64009,11
13.0235204697,80.2277603149,64009,64019,10
13.0234098434,80.2276763916,64019,64029,10
13.0233201981,80.2275772095,64029,64039,10
13.0230998993,80.2273788452,64039,64049,10
13.0226898193,80.2269973755,64049,64059,10
13.0221300125,80.2264633179,64059,64069,10
13.021320343,80.2258224487,64069,64079,10
13.0205202103,80.2252197266,64079,64089,10
13.0199804306,80.2248535156,64089,64100,11
13.0199604034,80.2248382568,64100,64110,10
13.0198898315,80.2247924805,64110,64120,10
13.0194301605,80.2245407104,64120,64130,10
13.0185899734,80.2246017456,64130,64140,10
13.0175504684,80.2250289917,64140,64150,10
13.0167102814,80.2253723145,64150,64160,10
13.0156402588,80.225769043,64160,64170,10
13.0150003433,80.2260513306,64170,64180,10
13.014749527,80.2261581421,64180,64191,11
13.0141296387,80.2264175415,64191,64201,10
13.0139503479,80.2265090942,64201,64211,10
13.0138902664,80.2265472412,64211,64221,10
13.0135297775,80.2266464233,64221,64231,10
13.0129995346,80.2268218994,64231,64241,10
13.0121803284,80.227142334,64241,64251,10
13.0112400055,80.2275085449,64251,64261,10
13.0103702545,80.2278366089,64261,64271,10
13.0096797943,80.2281188965,64271,64282,11
13.0091495514,80.2285995483,64282,64292,10
13.0089797974,80.2294082642,64292,64302,10
13.008769989,80.2304229736,64302,64312,10
13.0085697174,80.2314300537,64312,64322,10
13.0083999634,80.2323379517,64322,64332,10
13.0082902908,80.2330322266,64332,64342,10
13.0082597733,80.2335205078,64342,64352,10
13.0082302094,80.2336425781,64352,64362,10
13.0081300735,80.2338867188,64362,64373,11
13.0080404282,80.2343063354,64373,64383,10
13.0079402924,80.2348175049,64383,64393,10
13.0079202652,80.2349319458,64393,64403,10
13.0079202652,80.2350311279,64403,64413,10
13.007809639,80.2355270386,64413,64423,10
13.0076398849,80.2363967896,64423,64433,10
13.0074396133,80.2374267578,64433,64443,10
13.0073003769,80.2380828857,64443,64454,11
13.0072002411,80.2386474609,64454,64464,10
13.0070495605,80.239440918,64464,64474,10
13.0069599152,80.2398529053,64474,64484,10
13.0069198608,80.2399978638,64484,64494,10
13.0068502426,80.2405090332,64494,64504,10
13.0067396164,80.2411499023,64504,64514,10
13.0067195892,80.2421722412,64514,64524,10
13.0066995621,80.2431716919,64524,64534,10
13.0066900253,80.2440567017,64534,64545,11
13.0067100525,80.2450027466,64545,64555,10
13.0066995621,80.2453765869,64555,64565,10
13.0067396164,80.2459869385,64565,64575,10
13.0067796707,80.2467498779,64575,64585,10
13.006770134,80.2470397949,64585,64595,10
13.0061903,80.2474212646,64595,64615,20
13.0061903,80.2474212646,64615,64625,10
13.005979538,80.2473831177,64625,64636,11
13.0052499771,80.2473602295,64636,64646,10
13.0042800903,80.247428894,64646,64656,10
13.0030899048,80.2475967407,64656,64666,10
13.0020103455,80.247833252,64666,64676,10
13.0008096695,80.2481307983,64676,64686,10
12.9994802475,80.2484893799,64686,64696,10
12.9983501434,80.2488098145,64696,64706,10
12.9980602264,80.2488937378,64706,64716,10
12.997590065,80.2489929199,64716,64727,11
12.9966402054,80.2491989136,64727,64737,10
12.9955196381,80.2494812012,64737,64747,10
12.9941997528,80.2498168945,64747,64757,10
12.9927797318,80.2501678467,64757,64767,10
12.991519928,80.2504806519,64767,64777,10
12.99036026,80.2507781982,64777,64787,10
12.9892101288,80.2510986328,64787,64797,10
12.9882097244,80.2513809204,64797,65020,223
12.9882097244,80.2513809204,65020,65030,10
12.9879598618,80.2513809204,65030,65040,10
12.9875097275,80.2515029907,65040,65050,10
12.9868297577,80.251701355,65050,65060,10
12.9860801697,80.2519073486,65060,65070,10
12.9850502014,80.2521591187,65070,65081,11
12.9836902618,80.2525100708,65081,65091,10
12.9824695587,80.2526473999,65091,65101,10
12.9813604355,80.2526779175,65101,65111,10
12.9803800583,80.2527084351,65111,65121,10
12.9795799255,80.2526931763,65121,65131,10
12.9788703918,80.2526016235,65131,65141,10
12.9784202576,80.2525100708,65141,65151,10
12.9783201218,80.2524337769,65151,65161,10
12.977930069,80.2520980835,65161,65172,11
12.9771404266,80.2514801025,65172,65182,10
12.9760398865,80.2510910034,65182,65192,10
12.9747600555,80.2507171631,65192,65202,10
12.9735803604,80.2503967285,65202,65212,10
12.9725103378,80.2501220703,65212,65222,10
12.9715499878,80.2498626709,65222,65232,10
12.9703998566,80.2495193481,65232,65242,10
12.9693202972,80.2490997314,65242,65252,10
12.9685001373,80.2488021851,65252,65263,11
12.9675502777,80.2484283447,65263,65273,10
12.9668998718,80.2481231689,65273,65283,10
12.9662399292,80.2477874756,65283,65293,10
12.9655599594,80.247543335,65293,65303,10
12.9655399323,80.247543335,65303,65313,10
12.9652500153,80.2474365234,65313,65323,10
12.9646196365,80.2472305298,65323,65333,10
12.9641599655,80.2470703125,65333,65344,11
12.9639797211,80.2470016479,65344,65354,10
12.9637804031,80.2469177246,65354,65384,30
12.9637804031,80.2469177246,65384,65394,10
12.9635000229,80.2467422485,65394,65404,10
12.9628801346,80.2463989258,65404,65414,10
12.9619398117,80.2459411621,65414,65424,10
12.9607896805,80.2453918457,65424,65435,11
12.9595499039,80.2448883057,65435,65445,10
12.9593000412,80.2447662354,65445,65455,10
12.9589996338,80.2446212769,65455,65465,10
12.9583396912,80.2443389893,65465,65475,10
12.9577102661,80.244102478,65475,65485,10
12.9569196701,80.243850708,65485,65495,10
12.9564399719,80.2437133789,65495,65515,20
12.9564399719,80.2437133789,65515,65526,11
12.9561395645,80.2435836792,65526,65536,10
12.9555101395,80.2432403564,65536,65546,10
12.9546203613,80.2428283691,65546,65556,10
12.9536600113,80.2424163818,65556,65566,10
12.9526195526,80.2419967651,65566,65576,10
12.9519395828,80.2417602539,65576,65586,10
12.9516000748,80.2416687012,65586,65596,10
12.9511995316,80.2415084839,65596,65606,10
12.9504699707,80.2412567139,65606,65617,11
12.9496603012,80.2410430908,65617,65627,10
12.9492301941,80.2408981323,65627,65637,10
12.9486198425,80.2406387329,65637,65647,10
12.9477500916,80.2402801514,65647,65657,10
12.9473304749,80.2401199341,65657,65667,10
12.9472398758,80.2400665283,65667,65677,10
12.9467401505,80.2398605347,65677,65687,10
12.9459400177,80.2395019531,65687,65697,10
12.9449501038,80.238861084,65697,65708,11
12.944149971,80.2380065918,65708,65718,10
12.943400383,80.237159729,65718,65728,10
12.9425802231,80.2365493774,65728,65738,10
12.9416599274,80.2362594604,65738,65748,10
12.9407300949,80.2360534668,65748,65758,10
12.9400501251,80.2358627319,65758,65768,10
12.9395198822,80.2357025146,65768,65778,10
12.9395103455,80.2357025146,65778,65789,11
12.9390296936,80.2354431152,65789,65799,10
12.9382696152,80.2350463867,65799,65809,10
12.9372797012,80.2345581055,65809,65819,10
12.9362297058,80.2340621948,65819,65829,10
12.9358100891,80.2338180542,65829,65839,10
12.9356203079,80.2337417603,65839,65849,10
12.9351701736,80.233543396,65849,65859,10
12.9343700409,80.2332077026,65859,65869,10
12.9338302612,80.2329788208,65869,65880,11
12.9336099625,80.2328567505,65880,65890,10
12.932970047,80.2325820923,65890,65900,10
12.9320201874,80.2322387695,65900,65910,10
12.9309101105,80.231842041,65910,65920,10
12.9297199249,80.2315292358,65920,65930,10
12.9287900925,80.231338501,65930,65940,10
12.9277496338,80.2311706543,65940,65950,10
12.926659584,80.2310409546,65950,65960,10
12.9257698059,80.2309417725,65960,65971,11
12.9244098663,80.2307815552,65971,65981,10
12.923119545,80.2306137085,65981,65991,10
12.9216604233,80.2303771973,65991,66001,10
12.9202203751,80.2302017212,66001,66011,10
12.9189100266,80.2300415039,66011,66021,10
12.9176502228,80.2298812866,66021,66031,10
12.916390419,80.2296981812,66031,66041,10
12.9153203964,80.2295532227,66041,66051,10
12.9143695831,80.2294235229,66051,66062,11
12.9136600494,80.2293319702,66062,66072,10
12.9134597778,80.2293014526,66072,66082,10
12.913020134,80.2292327881,66082,66092,10
12.9122600555,80.2291183472,66092,66102,10
12.9112501144,80.2289733887,66102,66112,10
12.9100799561,80.2287979126,66112,66122,10
12.908829689,80.2285919189,66122,66132,10
12.9077396393,80.2284088135,66132,66142,10
12.9070100784,80.2283096313,66142,66153,11
12.9064798355,80.2282562256,66153,66163,10
12.9056901932,80.2282028198,66163,66173,10
12.9047203064,80.2281494141,66173,66183,10
12.9039402008,80.2281112671,66183,66193,10
12.9029998779,80.2280731201,66193,66203,10
12.9020700455,80.2280426025,66203,66213,10
12.9015102386,80.2280273438,66213,66223,10
12.9011802673,80.2280502319,66223,66355,132
12.9011802673,80.2280502319,66355,66365,10
12.900639534,80.2279586792,66365,66375,10
12.9001102448,80.2279205322,66375,66385,10
12.8996896744,80.227897644,66385,66395,10
12.8996200562,80.2278900146,66395,66405,10
12.8995304108,80.227897644,66405,66416,11
12.8993501663,80.2279205322,66416,66426,10
12.8992900848,80.2279129028,66426,66436,10
12.8989295959,80.2279205322,66436,66446,10
12.8987197876,80.2279205322,66446,66456,10
12.898229599,80.2278594971,66456,66466,10
12.8973903656,80.2277908325,66466,66476,10
12.8963298798,80.2277374268,66476,66486,10
12.8952302933,80.2276763916,66486,66496,10
12.8941202164,80.2276229858,66496,66507,11
12.8930397034,80.2274780273,66507,66517,10
12.8925600052,80.227432251,66517,66567,50
12.8925600052,80.227432251,66567,66577,10
12.8925304413,80.2274169922,66577,66587,10
12.8920402527,80.2273788452,66587,66598,11
12.8910503387,80.2273712158,66598,66608,10
12.8899002075,80.2273712158,66608,66618,10
12.8885698318,80.2273712158,66618,66628,10
12.8871097565,80.2271881104,66628,66638,10
12.8857297897,80.2268829346,66638,66648,10
12.8849897385,80.2267684937,66648,66658,10
12.8848600388,80.2267532349,66658,66668,10
12.8843402863,80.2267532349,66668,66679,11
12.8833503723,80.2267532349,66679,66689,10
12.8822097778,80.2267608643,66689,66699,10
12.8808298111,80.2267608643,66699,66709,10
12.8793096542,80.2267837524,66709,66719,10
12.8777503967,80.2268829346,66719,66729,10
12.8767004013,80.2269973755,66729,66739,10
12.8765001297,80.2270278931,66739,66749,10
12.8761396408,80.2270431519,66749,66759,10
12.8753404617,80.2269897461,66759,66770,11
12.8741102219,80.2268371582,66770,66780,10
12.8728199005,80.2267379761,66780,66790,10
12.8713798523,80.2266693115,66790,66800,10
12.8698501587,80.2265625,66800,66810,10
12.8683099747,80.2264099121,66810,66820,10
12.8668403625,80.2265396118,66820,66830,10
12.8654298782,80.2266082764,66830,66840,10
12.863940239,80.2265701294,66840,66850,10
12.8624601364,80.2265930176,66850,66861,11
12.861289978,80.2266464233,66861,66871,10
12.8610200882,80.2266464233,66871,66881,10
12.8609399796,80.2266387939,66881,66891,10
12.8604698181,80.2265930176,66891,66901,10
12.8596000671,80.2264633179,66901,66911,10
12.8586397171,80.2263183594,66911,66921,10
12.8575601578,80.2263031006,66921,66931,10
12.8562602997,80.2264175415,66931,66941,10
12.8548002243,80.2265701294,66941,66952,11
12.8531703949,80.2267227173,66952,66962,10
12.8517198563,80.2266693115,66962,66972,10
12.8503503799,80.2266387939,66972,66982,10
12.8490800858,80.2266082764,66982,66992,10
12.8479404449,80.2266082764,66992,67002,10
12.8468704224,80.2266082764,67002,67012,10
12.8461198807,80.2266387939,67012,67022,10
12.8454399109,80.2266311646,67022,67032,10
12.8450899124,80.2266769409,67032,67043,11
12.844909668,80.2266921997,67043,67053,10
12.8441896439,80.2267227173,67053,67063,10
12.8431997299,80.2268295288,67063,67073,10
12.8419799805,80.2270889282,67073,67083,10
12.8406801224,80.2274475098,67083,67093,10
12.8399295807,80.2276992798,67093,67103,10
12.8395700455,80.2277832031,67103,67113,10
12.8391199112,80.227897644,67113,67124,11
12.8381795883,80.2281188965,67124,67134,10
12.8370599747,80.2283401489,67134,67144,10
12.8359003067,80.2285232544,67144,67154,10
12.8346004486,80.2287063599,67154,67164,10
12.8332195282,80.2289581299,67164,67174,10
12.832110405,80.2291717529,67174,67184,10
12.8318901062,80.2292098999,67184,67194,10
12.831609726,80.2291030884,67194,67204,10
12.8315696716,80.2289123535,67204,67215,11
12.8315000534,80.2286071777,67215,67225,10
12.8313703537,80.2279663086,67225,67235,10
12.8311901093,80.2270278931,67235,67245,10
12.8310403824,80.2257919312,67245,67255,10
12.8310604095,80.2248535156,67255,67265,10
12.8310604095,80.2244873047,67265,67275,10
12.8310403824,80.223739624,67275,67285,10
12.8310499191,80.2227630615,67285,67295,10
12.8310604095,80.2222595215,67295,67306,11
12.8310804367,80.2216491699,67306,67316,10
12.8310804367,80.2207717896,67316,67326,10
12.8311004639,80.2199172974,67326,67336,10
12.8310098648,80.2195892334,67336,67346,10
12.8303899765,80.2194900513,67346,67356,10
12.82970047,80.2194824219,67356,67366,10
12.8283996582,80.2194824219,67366,67376,10
12.8277196884,80.2194900513,67376,67386,10
12.8276395798,80.2194900513,67386,67397,11
12.827050209,80.2194824219,67397,67407,10
12.8263196945,80.2194671631,67407,67417,10
12.8259496689,80.2194366455,67417,67427,10
12.8258304596,80.2191314697,67427,67437,10
12.8258399963,80.218536377,67437,67447,10
12.8258695602,80.2176132202,67447,67457,10
12.8258600235,80.2165985107,67457,67467,10
12.8257703781,80.2160797119,67467,67477,10
12.8254804611,80.2160263062,67477,67488,11
12.8250303268,80.2160720825,67488,67589,101
12.8250303268,80.2160720825,67589,67599,10
12.8249197006,80.2160263062,67599,67609,10
12.8247804642,80.216003418,67609,67619,10
12.8243703842,80.216003418,67619,67629,10
12.8237895966,80.216003418,67629,67639,10
12.8235702515,80.2160186768,67639,67649,10
12.8230895996,80.2160186768,67649,67660,11
12.8227596283,80.2160263062,67660,67670,10
12.8226995468,80.2164230347,67670,67680,10
12.8226900101,80.2171783447,67680,67690,10
12.8226804733,80.218132019,67690,67699,9
12.8226804733,80.2189712524,67699,67710,11
12.8226900101,80.219291687,67710,67720,10
12.8226900101,80.2192993164,67720,67730,10
12.8227396011,80.2194671631,67730,67740,10
12.8229999542,80.2194824219,67740,67751,11
12.8237304688,80.2194976807,67751,67761,10
12.8246603012,80.2194900513,67761,67771,10
12.8254299164,80.2195281982,67771,67790,19
12.8254299164,80.2195281982,67790,67801,11
12.8258199692,80.2195663452,67801,67811,10
12.8263196945,80.219543457,67811,67820,9
12.8267498016,80.219543457,67820,67831,11
12.826880455,80.2195587158,67831,67842,11
12.8268995285,80.2195587158,67842,67852,10
12.8270998001,80.2195587158,67852,67862,10
12.8274297714,80.2195205688,67862,67882,20
12.8274297714,80.2195205688,67882,67892,10
12.8275403976,80.2195205688,67892,67902,10
12.8276996613,80.2195205688,67902,67913,11
12.828040123,80.2195205688,67913,67924,11
12.8286399841,80.2195281982,67924,67934,10
12.8291501999,80.2195205688,67934,67944,10
12.82970047,80.2195281982,67944,67954,10
12.8302202225,80.2195281982,67954,67964,10
12.8306798935,80.2195281982,67964,67974,10
12.8309001923,80.2195281982,67974,67984,10
12.8311796188,80.2197723389,67984,67994,10
12.8311901093,80.2202606201,67994,68004,10
12.8311796188,80.2208404541,68004,68015,11
12.8311901093,80.2215118408,68015,68025,10
12.8311901093,80.2220001221,68025,68035,10
12.8311901093,80.2222290039,68035,68045,10
12.8311595917,80.2224578857,68045,68055,10
12.8311796188,80.2228393555,68055,68065,10
12.8311700821,80.223197937,68065,68075,10
12.8311700821,80.2235870361,68075,68197,122
12.8311700821,80.2235870361,68197,68207,10
12.8311395645,80.2241134644,68207,68217,10
12.8311395645,80.2245788574,68217,68227,10
12.8311395645,80.224937439,68227,68237,10
12.8311395645,80.2255172729,68237,68247,10
12.8311500549,80.2263183594,68247,68257,10
12.8313102722,80.2272033691,68257,68267,10
12.8314504623,80.2278366089,68267,68298,31
12.8314504623,80.2278366089,68298,68308,10
12.8314800262,80.2280273438,68308,68319,11
12.8315095901,80.2282028198,68319,68329,10
12.8315601349,80.2284622192,68329,68339,10
12.8316297531,80.2287063599,68339,68380,41
12.8316698074,80.2289581299,68380,68400,20
12.8316698074,80.2289581299,68400,68410,10
12.8317098618,80.2291030884,68410,68420,10
12.8318004608,80.2292480469,68420,68430,10
12.8320903778,80.2291793823,68430,68440,10
12.83273983,80.2290496826,68440,68450,10
12.8336801529,80.2288894653,68450,68461,11
12.8348798752,80.2286682129,68461,68471,10
12.8361301422,80.2284927368,68471,68481,10
12.8374795914,80.2282791138,68481,68491,10
12.8384799957,80.2280426025,68491,68501,10
12.8389997482,80.2278823853,68501,68552,51
12.8393497467,80.227722168,68552,68592,40
12.8393497467,80.227722168,68592,68602,10
12.8396902084,80.2276077271,68602,68612,10
12.8403100967,80.2275238037,68612,68622,10
12.8411598206,80.2273330688,68622,68633,11
12.8423099518,80.2270507813,68633,68643,10
12.8435201645,80.2268218994,68643,68653,10
12.8446903229,80.2266693115,68653,68663,10
12.8451004028,80.2266464233,68663,68673,10
12.8451900482,80.2266616821,68673,68683,10
12.8455600739,80.2266616821,68683,68693,10
12.8460998535,80.2266464233,68693,68703,10
12.8469400406,80.2266464233,68703,68713,10
12.8479700089,80.2266387939,68713,68724,11
12.8491601944,80.2266387939,68724,68734,10
12.8499202728,80.2266387939,68734,68745,11
12.8501796722,80.2266311646,68745,68974,229
12.8722200394,80.2266769409,68974,68984,10
12.8731403351,80.2266998291,68984,68994,10
12.8734998703,80.2266998291,68994,69005,11
12.8736095428,80.2267074585,69005,69015,10
12.8736400604,80.2267074585,69015,69025,10
12.8737401962,80.2267227173,69025,69035,10
12.8739900589,80.2267379761,69035,69044,9
12.8742599487,80.2267837524,69044,69106,62
12.8742599487,80.2267837524,69106,69116,10
12.8746595383,80.2268371582,69116,69126,10
12.8749198914,80.2268829346,69126,69136,10
12.8749799728,80.2268829346,69136,69146,10
12.8752803802,80.2269210815,69146,69177,31
12.8752803802,80.2269210815,69177,69187,10
12.8755102158,80.2269363403,69187,69197,10
12.8756399155,80.2269363403,69197,69207,10
12.8757095337,80.2269515991,69207,69217,10
12.8759202957,80.2269592285,69217,69227,10
12.8761701584,80.2269668579,69227,69237,10
12.8761901855,80.2269668579,69237,69247,10
12.8762998581,80.2269592285,69247,69257,10
12.8764896393,80.2269668579,69257,69268,11
12.8768997192,80.2269363403,69268,69278,10
12.8776302338,80.2268981934,69278,69288,10
12.8786001205,80.226852417,69288,69298,10
12.8797397614,80.2267990112,69298,69308,10
12.8810501099,80.2267684937,69308,69318,10
12.8824796677,80.2267532349,69318,69328,10
12.8838195801,80.2267303467,69328,69338,10
12.8844203949,80.2266998291,69338,69348,10
12.8844404221,80.2266998291,69348,69359,11
12.8845100403,80.2267074585,69359,69369,10
12.8847103119,80.2267074585,69369,69379,10
12.8849401474,80.2267532349,69379,69389,10
12.8852901459,80.2267913818,69389,69399,10
12.8859395981,80.2269363403,69399,69409,10
12.8868598938,80.227180481,69409,69419,10
12.8879203796,80.2273483276,69419,69429,10
12.8891601563,80.2274017334,69429,69440,11
12.89041996,80.2273788452,69440,69450,10
12.891579628,80.2273712158,69450,69460,10
12.8926696777,80.2274398804,69460,69470,10
12.8936004639,80.2275466919,69470,69480,10
12.8943996429,80.2276382446,69480,69490,10
12.8952598572,80.2276763916,69490,69500,10
12.8963098526,80.227722168,69500,69510,10
12.8974504471,80.2277679443,69510,69520,10
12.8984098434,80.2278289795,69520,69531,11
12.899140358,80.2278671265,69531,69541,10
12.8994598389,80.2278823853,69541,69551,10
12.899600029,80.2278823853,69551,69561,10
12.8998098373,80.227897644,69561,69571,10
12.9000997543,80.2279129028,69571,69581,10
12.9006700516,80.2279586792,69581,69591,10
12.9014797211,80.2280273438,69591,69601,10
12.9022598267,80.2280502319,69601,69611,10
12.9024400711,80.2280578613,69611,69622,11
12.9026498795,80.2280807495,69622,69632,10
12.9032201767,80.2281188965,69632,69642,10
12.9040899277,80.2281799316,69642,69652,10
12.9048995972,80.2282180786,69652,69662,10
12.9055404663,80.2282562256,69662,69672,10
12.9059295654,80.2282791138,69672,69682,10
12.9062099457,80.228302002,69682,69763,81
12.9062099457,80.228302002,69763,69773,10
12.9063796997,80.228302002,69773,69783,10
12.9066400528,80.2283172607,69783,69794,11
12.9071998596,80.2283935547,69794,69804,10
12.9080400467,80.2285003662,69804,69814,10
12.9090995789,80.2286834717,69814,69824,10
12.9103403091,80.2288894653,69824,69834,10
12.9116802216,80.2290802002,69834,69844,10
12.912899971,80.2292327881,69844,69854,10
12.9137296677,80.2293167114,69854,69864,10
12.913769722,80.2293319702,69864,69874,10
12.9141597748,80.2294006348,69874,69885,11
12.9149703979,80.2295227051,69885,69895,10
12.9159603119,80.2296676636,69895,69905,10
12.9171304703,80.2298278809,69905,69915,10
12.9184398651,80.2300186157,69915,69925,10
12.9198598862,80.2302093506,69925,69935,10
12.9213895798,80.2303771973,69935,69945,10
12.9230003357,80.2306289673,69945,69955,10
12.9245100021,80.2308273315,69955,69965,10
12.9257602692,80.2309494019,69965,69976,11
12.9260902405,80.2309799194,69976,69986,10
12.9264297485,80.2310409546,69986,69996,10
12.9270801544,80.2311172485,69996,70006,10
12.92786026,80.2312088013,70006,70016,10
12.9284696579,80.2312774658,70016,70026,10
12.9290704727,80.2314224243,70026,70036,10
12.929889679,80.2315979004,70036,70046,10
12.9307403564,80.2318267822,70046,70055,9
12.9316596985,80.2321395874,70055,70067,12
12.932559967,80.2324295044,70067,70077,10
12.9333000183,80.2326812744,70077,70087,10
12.9333400726,80.2326965332,70087,70097,10
12.9335098267,80.2328033447,70097,70107,10
12.9340600967,80.233039856,70107,70117,10
12.9348897934,80.2334213257,70117,70127,10
12.9357995987,80.2338485718,70127,70137,10
12.9368095398,80.2343521118,70137,70148,11
12.93791008,80.23487854,70148,70158,10
12.9392404556,80.235496521,70158,70178,20
12.9392404556,80.235496521,70178,70188,10
12.9393796921,80.2356033325,70188,70198,10
12.9396495819,80.2357406616,70198,70208,10
12.9402799606,80.2359924316,70208,70218,10
12.9412498474,80.2362289429,70218,70228,10
12.9423503876,80.2365188599,70228,70239,11
12.9433498383,80.2371292114,70239,70249,10
12.9435997009,80.2374191284,70249,70259,10
12.9439601898,80.2378616333,70259,70269,10
12.9445400238,80.2384872437,70269,70279,10
12.9453201294,80.2392501831,70279,70289,10
12.9464502335,80.2397766113,70289,70299,10
12.9470500946,80.2399902344,70299,70309,10
12.9471998215,80.2400512695,70309,70319,10
12.9477396011,80.240272522,70319,70330,11
12.9485902786,80.2406311035,70330,70340,10
12.9492998123,80.2409210205,70340,70350,10
12.9499998093,80.2411499023,70350,70360,10
12.9507703781,80.2413864136,70360,70370,10
12.9514303207,80.2415466309,70370,70380,10
12.9515399933,80.2416000366,70380,70390,10
12.9518899918,80.2417373657,70390,70400,10
12.9525203705,80.2419815063,70400,70410,10
12.9532604218,80.2422637939,70410,70421,11
12.9537496567,80.2424621582,70421,70431,10
12.9538803101,80.2425079346,70431,70441,10
12.9540395737,80.2425765991,70441,70451,10
12.9545698166,80.2427902222,70451,70461,10
12.9552497864,80.2430419922,70461,70471,10
12.956319809,80.2434082031,70471,70532,61
12.956319809,80.2434082031,70532,70542,10
12.9568796158,80.2436523438,70542,70552,10
12.9576702118,80.2440414429,70552,70562,10
12.9584598541,80.2443695068,70562,70572,10
12.9589395523,80.2445602417,70572,70582,10
12.95911026,80.2446594238,70582,70593,11
12.9596300125,80.2449111938,70593,70603,10
12.9603595734,80.2452392578,70603,70613,10
12.9612703323,80.2456588745,70613,70623,10
12.962220192,80.2461166382,70623,70633,10
12.9629297256,80.2464523315,70633,70643,10
12.963060379,80.2465286255,70643,70653,10
12.9633798599,80.2466812134,70653,70663,10
12.9638500214,80.2469100952,70663,70673,10
12.9645500183,80.247177124,70673,70684,11
12.9655303955,80.2475128174,70684,70694,10
12.9663095474,80.2478027344,70694,70704,10
12.966460228,80.2478637695,70704,70714,10
12.9667396545,80.2480010986,70714,70724,10
12.9673204422,80.248298645,70724,70734,10
12.9681901932,80.2486801147,70734,70744,10
12.9690799713,80.2490310669,70744,70754,10
12.9700803757,80.2493972778,70754,70764,10
12.971039772,80.2497406006,70764,70775,11
12.9722099304,80.2500610352,70775,70785,10
12.9733600616,80.2503814697,70785,70795,10
12.974439621,80.2506637573,70795,70805,10
12.9755496979,80.2509765625,70805,70815,10
12.9766597748,80.2513122559,70815,70825,10
12.9777698517,80.2518997192,70825,70835,10
12.9784498215,80.2523880005,70835,70845,10
12.979060173,80.2526397705,70845,70855,10
12.9792900085,80.2526626587,70855,70866,11
12.9794502258,80.2526779175,70866,70876,10
12.9800701141,80.2527236938,70876,70886,10
12.981010437,80.2527236938,70886,70896,10
12.9821596146,80.2526931763,70896,70906,10
12.9832401276,80.2526016235,70906,70916,10
12.9840297699,80.2524185181,70916,70926,10
12.9847698212,80.2522277832,70926,70936,10
12.9850702286,80.2521362305,70936,70946,10
12.985250473,80.2520904541,70946,70957,11
12.9856300354,80.2520217896,70957,70967,10
12.9858703613,80.2519607544,70967,71381,414
12.9858703613,80.2519607544,71381,71392,11
12.9861497879,80.2518386841,71392,71402,10
12.9865999222,80.2517318726,71402,71412,10
12.9871702194,80.2515563965,71412,71422,10
12.9876499176,80.2514190674,71422,71432,10
12.9882898331,80.2512664795,71432,71442,10
12.989159584,80.2510375977,71442,71452,10
12.9893598557,80.2509994507,71452,71462,10
12.9895601273,80.2509689331,71462,71471,9
12.9899196625,80.2509231567,71471,71483,12
12.9906797409,80.2507324219,71483,71493,10
12.9915895462,80.25050354,71493,71503,10
12.9926900864,80.2502212524,71503,71513,10
12.993929863,80.2499008179,71513,71523,10
12.9953298569,80.2495574951,71523,71533,10
12.9966802597,80.249206543,71533,71543,10
12.9981002808,80.2488632202,71543,71553,10
13.0000200272,80.2483825684,71553,71563,10
13.0015201569,80.2479934692,71563,71574,11
13.0025997162,80.2477264404,71574,71584,10
13.0036897659,80.247543335,71584,71594,10
13.0049104691,80.2473831177,71594,71604,10
13.005979538,80.2471008301,71604,71614,10
13.0064496994,80.2466201782,71614,71624,10
13.0065498352,80.2464370728,71624,71634,10
13.0066099167,80.2458572388,71634,71644,10
13.0066099167,80.2454833984,71644,71655,11
13.0066003799,80.2452011108,71655,71665,10
13.0065803528,80.2450027466,71665,71675,10
13.0065898895,80.2448196411,71675,71685,10
13.0065898895,80.2447662354,71685,71695,10
13.0066099167,80.2444610596,71695,71705,10
13.0066099167,80.2442321777,71705,71715,10
13.0065898895,80.2438735962,71715,71725,10
13.0066003799,80.2436599731,71725,71735,10
13.0065803528,80.243347168,71735,71746,11
13.0065202713,80.2426834106,71746,71756,10
13.006529808,80.2417602539,71756,71766,10
13.0065603256,80.2408599854,71766,71786,20
13.0065603256,80.2408599854,71786,71796,10
13.0066003799,80.2406616211,71796,71806,10
13.0066404343,80.2405166626,71806,71816,10
13.006770134,80.2401580811,71816,71826,10
13.0069303513,80.2394485474,71826,71837,11
13.0071201324,80.2382507324,71837,71847,10
13.0072603226,80.2375869751,71847,71857,10
13.0073404312,80.2369384766,71857,71867,10
13.0073900223,80.2367095947,71867,71877,10
13.0074901581,80.2363891602,71877,71887,10
13.007610321,80.2358016968,71887,71897,10
13.0076999664,80.2352371216,71897,71907,10
13.0078401566,80.2345733643,71907,71917,10
13.0080099106,80.2338180542,71917,71928,11
13.0082597733,80.2326278687,71928,71938,10
13.0084896088,80.2314605713,71938,71948,10
13.0086803436,80.2303924561,71948,71958,10
13.0089302063,80.2291870117,71958,71968,10
13.009180069,80.2280578613,71968,71978,10
13.0096597672,80.2269897461,71978,71988,10
13.0101604462,80.2259674072,71988,71998,10
13.0105695724,80.225112915,71998,72009,11
13.0108604431,80.2243804932,72009,72019,10
13.0109796524,80.2240982056,72019,72029,10
13.0109901428,80.2240524292,72029,72039,10
13.0110998154,80.2238464355,72039,72049,10
13.0112400055,80.2234725952,72049,72059,10
13.0114202499,80.2231521606,72059,72069,10
13.0115804672,80.2226104736,72069,72079,10
13.0118103027,80.2219467163,72079,72089,10
13.0121097565,80.2215270996,72089,72100,11
13.0124502182,80.2217788696,72100,72110,10
13.0129098892,80.222366333,72110,72120,10
13.0134601593,80.2229766846,72120,72130,10
13.0138998032,80.2234725952,72130,72140,10
13.0142297745,80.2238693237,72140,72150,10
13.0147199631,80.2243881226,72150,72160,10
13.0149002075,80.2246017456,72160,72170,10
13.0151100159,80.224822998,72170,72180,10
13.015540123,80.2251968384,72180,72191,11
13.0156698227,80.2252731323,72191,72201,10
13.0162000656,80.2254180908,72201,72211,10
13.0168800354,80.2252578735,72211,72221,10
13.0177497864,80.224899292,72221,72231,10
13.0193099976,80.2244033813,72231,72261,30
13.0193099976,80.2244033813,72261,72271,10
13.0194396973,80.2244567871,72271,72282,11
13.0197601318,80.2246627808,72282,72292,10
13.0202302933,80.2250137329,72292,72302,10
13.0207300186,80.2253799438,72302,72312,10
13.0212602615,80.2257766724,72312,72322,10
13.021900177,80.2262573242,72322,72332,10
13.0225696564,80.2268295288,72332,72342,10
13.0231800079,80.2273788452,72342,72352,10
13.0236101151,80.2277832031,72352,72363,11
13.0242300034,80.2283706665,72363,72413,50
13.0242300034,80.2283706665,72413,72423,10
13.0243396759,80.2286300659,72423,72433,10
13.0240898132,80.2285995483,72433,72443,10
13.0238399506,80.2282562256,72443,72454,11
13.0236597061,80.2280502319,72454,72464,10
13.0235204697,80.2278900146,72464,72514,50
13.0235204697,80.2278900146,72514,72524,10
13.0233001709,80.2276382446,72524,72534,10
13.0228004456,80.2271881104,72534,72615,81
13.0228004456,80.2271881104,72615,72625,10
13.0225696564,80.2269668579,72625,72636,11
13.0221500397,80.2265472412,72636,72646,10
13.0216302872,80.2260971069,72646,72656,10
13.0211400986,80.2257232666,72656,72666,10
13.0206604004,80.2253494263,72666,72676,10
13.020409584,80.2252197266,72676,72686,10
13.0202999115,80.2251586914,72686,72696,10
13.0201997757,80.2250900269,72696,72706,10
13.0198097229,80.2248001099,72706,72717,11
13.0190296173,80.2245178223,72717,72727,10
13.0181703568,80.2247695923,72727,72737,10
13.0172395706,80.225151062,72737,72747,10
13.0166397095,80.2254180908,72747,72757,10
13.0163803101,80.2255172729,72757,72767,10
13.0159797668,80.2256469727,72767,72777,10
13.0153198242,80.2258834839,72777,72787,10
13.0145397186,80.2261886597,72787,72797,10
13.013759613,80.2265014648,72797,72808,11
13.0126800537,80.2269287109,72808,72818,10
13.0117301941,80.2273025513,72818,72828,10
13.0106897354,80.2277069092,72828,72838,10
13.0096197128,80.2281417847,72838,72848,10
13.0089597702,80.2289505005,72848,72858,10
13.0087404251,80.2301712036,72858,72868,10
13.0084896088,80.2314987183,72868,72878,10
13.0082597733,80.2327804565,72878,72888,10
13.0080499649,80.2338790894,72888,72899,11
13.0078001022,80.235168457,72899,72909,10
13.0075502396,80.2364501953,72909,72919,10
13.0073003769,80.2376785278,72919,72929,10
13.0070800781,80.2387619019,72929,72939,10
13.0069103241,80.2396621704,72939,72949,10
13.0067796707,80.2403411865,72949,72959,10
13.0066604614,80.2409362793,72959,72969,10
13.0065898895,80.2416305542,72969,72979,10
13.0065803528,80.2423171997,72979,72990,11
13.0066003799,80.2432098389,72990,73000,10
13.0066099167,80.2440872192,73000,73010,10
13.0066099167,80.2447967529,73010,73020,10
13.0066404343,80.2453994751,73020,73030,10
13.0066604614,80.2459106445,73030,73040,10
13.0066795349,80.2467422485,73040,73050,10
13.0066604614,80.2473602295,73050,73060,10
13.0062599182,80.2474975586,73060,73070,10
13.005399704,80.2474594116,73070,73081,11
13.0043897629,80.2474975586,73081,73091,10
13.0033597946,80.2476577759,73091,73101,10
13.0025501251,80.2478027344,73101,73111,10
13.0019397736,80.2479095459,73111,73121,10
13.0010795593,80.2481079102,73121,73131,10
13.0000295639,80.2483673096,73131,73141,10
12.9987802505,80.2486801147,73141,73151,10
12.9974098206,80.2490234375,73151,73162,11
12.9959096909,80.2493972778,73162,73172,10
12.994600296,80.2497711182,73172,73182,10
12.9932498932,80.2501220703,73182,73192,10
12.992099762,80.2503967285,73192,73202,10
12.9910802841,80.2506790161,73202,73364,162
12.9910802841,80.2506790161,73364,73374,10
12.9907798767,80.2507629395,73374,73384,10
12.9902896881,80.250869751,73384,73394,10
12.9898195267,80.2509994507,73394,73404,10
12.9895496368,80.2510681152,73404,73414,10
12.9892196655,80.251159668,73414,73424,10
12.988940239,80.2512283325,73424,73435,11
12.9884796143,80.251373291,73435,73445,10
12.9879398346,80.2516098022,73445,73455,10
12.9879398346,80.2523117065,73455,73465,10
12.9878501892,80.2533721924,73465,73475,10
12.9877500534,80.2544631958,73475,73485,10
12.9877004623,80.2550811768,73485,73495,10
12.9876003265,80.2557983398,73495,73667,172
12.9876003265,80.2557983398,73667,73677,10
12.9876203537,80.2558288574,73677,73687,10
12.9875402451,80.2562026978,73687,73698,11
12.9875001907,80.2568511963,73698,73708,10
12.9874801636,80.2571411133,73708,73718,10
12.9874296188,80.2577667236,73718,73728,10
12.9873600006,80.2586593628,73728,73738,10
12.9872398376,80.259262085,73738,73748,10
12.9871997833,80.2594223022,73748,73758,10
12.9871101379,80.2596511841,73758,73768,10
12.9870004654,80.2596588135,73768,73778,10
12.9868001938,80.2595901489,73778,73789,11
12.9865999222,80.259552002,73789,73799,10
12.9865703583,80.2593536377,73799,73809,10
12.9866399765,80.2591629028,73809,73819,10
12.9867296219,80.2590103149,73819,73829,10
12.9867601395,80.2585372925,73829,74112,283
12.9867601395,80.2585372925,74112,74122,10
12.9870595932,80.2586593628,74122,74648,526
12.9870996475,80.2585830688,74648,74932,284
12.9870996475,80.2585830688,74932,74942,10
12.9874000549,80.2588424683,74942,74952,10
12.9872999191,80.2592391968,74952,74962,10
12.9871997833,80.2595596313,74962,74972,10
12.9870595932,80.2596817017,74972,74982,10
12.986700058,80.2595825195,74982,75751,769
12.9867200851,80.2592086792,75751,79666,3915
12.9867200851,80.2592086792,79666,79676,10
12.9867095947,80.2590026855,79676,80485,809
12.9869604111,80.2590179443,80485,84359,3874
12.9867801666,80.2591781616,84359,84835,476
12.9867200851,80.258972168,84835,86039,1204
