12.9979200363,80.2568817139,16,20309,20293
12.9979496002,80.256942749,20309,21278,969
12.9980201721,80.2568969727,21278,21550,272
12.9980201721,80.2568969727,21550,21560,10
12.9979801178,80.2566375732,21560,21570,10
12.9979600906,80.2564086914,21570,21671,101
12.9977302551,80.2560806274,21671,21722,51
12.9977302551,80.2560806274,21722,21732,10
12.9974002838,80.2559204102,21732,21742,10
12.9971199036,80.2559204102,21742,21752,10
12.9967098236,80.2559204102,21752,23104,1352
12.9966096878,80.2556915283,23104,23195,91
12.9966096878,80.2556915283,23195,23205,10
12.9963798523,80.2557373047,23205,23215,10
12.9959001541,80.2557830811,23215,23225,10
12.9952697754,80.255821228,23225,23235,10
12.9946603775,80.255859375,23235,23245,10
12.9941797256,80.2559127808,23245,23255,10
12.9934597015,80.2559661865,23255,23265,10
12.9926395416,80.2560272217,23265,23276,11
12.9917297363,80.2560195923,23276,23286,10
12.9910497665,80.2559967041,23286,23296,10
12.9904403687,80.2559814453,23296,23306,10
12.989859581,80.2559661865,23306,23316,10
12.9892501831,80.2559280396,23316,23326,10
12.9885702133,80.2558822632,23326,23336,10
12.9879703522,80.2558364868,23336,23346,10
12.9877595901,80.2558135986,23346,23356,10
12.9875402451,80.2557220459,23356,23366,10
12.9869203568,80.2556228638,23366,23376,10
12.986120224,80.2554702759,23376,23387,11
12.9853801727,80.2553024292,23387,23403,16
12.9841804504,80.2550201416,23403,23415,12
12.9833498001,80.2547912598,23415,23425,10
12.9826097488,80.2545928955,23425,23434,9
12.9820995331,80.2542800903,23434,23444,10
12.9818696976,80.2537231445,23444,23455,11
12.981710434,80.2530212402,23455,23465,10
12.9812202454,80.2527770996,23465,23475,10
12.9804801941,80.2527770996,23475,23485,10
12.9798297882,80.2527008057,23485,23497,12
12.9787797928,80.2525787354,23497,23507,10
12.9779396057,80.2520523071,23507,23517,10
12.9771604538,80.2514266968,23517,23527,10
12.9762201309,80.251121521,23527,23537,10
12.9753103256,80.2508468628,23537,23547,10
12.9743900299,80.2506027222,23547,23557,10
12.9734201431,80.2503433228,23557,23567,10
12.9724502563,80.2500762939,23567,23577,10
12.9714803696,80.2498321533,23577,23587,10
12.9705295563,80.2495574951,23587,23597,10
12.9695701599,80.2491912842,23597,23608,11
12.9685001373,80.2487564087,23608,23618,10
12.9676103592,80.2484130859,23618,23628,10
12.9668598175,80.2480621338,23628,23638,10
12.9661598206,80.2477264404,23638,23648,10
12.9653501511,80.2473983765,23648,23658,10
12.9644002914,80.2470779419,23658,23668,10
12.9634799957,80.2466964722,23668,23678,10
12.962679863,80.246307373,23678,23688,10
12.9616699219,80.2458190918,23688,23698,10
12.9606599808,80.2453308105,23698,23708,10
12.9597101212,80.2449188232,23708,23719,11
12.9586000443,80.244430542,23719,23729,10
12.9578504562,80.244140625,23729,23739,10
12.9571800232,80.2438964844,23739,23749,10
12.956580162,80.2436828613,23749,23759,10
12.9563398361,80.2435684204,23759,23769,10
12.9559202194,80.2433929443,23769,23779,10
12.9552602768,80.2430877686,23779,23789,10
12.9544897079,80.2427597046,23789,23799,10
12.9535503387,80.2423400879,23799,23809,10
12.9525499344,80.2419509888,23809,23818,9
12.9517097473,80.2416610718,23818,23830,12
12.9503297806,80.2412109375,23830,23840,10
12.9493198395,80.2408905029,23840,23850,10
12.94851017,80.240562439,23850,23860,10
12.9476003647,80.2401809692,23860,23870,10
12.9468002319,80.2398529053,23870,23880,10
12.9460201263,80.2395172119,23880,23890,10
12.9452600479,80.239112854,23890,23900,10
12.9446201324,80.2384719849,23900,23910,10
12.9439697266,80.23777771,23910,23920,10
12.9433298111,80.2371063232,23920,23930,10
12.9425802231,80.2365570068,23930,23940,10
12.9415998459,80.2362594604,23940,23951,11
12.940580368,80.2360076904,23951,23961,10
12.9397497177,80.2357406616,23961,23971,10
12.9389200211,80.2353286743,23971,23981,10
12.9380397797,80.2349014282,23981,23991,10
12.9371595383,80.2344589233,23991,24001,10
12.9363498688,80.2340698242,24001,24011,10
12.9356603622,80.2337417603,24011,24021,10
12.9348897934,80.2333831787,24021,24031,10
12.9340600967,80.2330093384,24031,24041,10
12.9332504272,80.2326278687,24041,24051,10
12.932299614,80.2322692871,24051,24062,11
12.931189537,80.2319107056,24062,24072,10
12.9302396774,80.2316207886,24072,24082,10
12.9293203354,80.2313995361,24082,24092,10
12.9282398224,80.2312164307,24092,24102,10
12.9271602631,80.2310791016,24102,24112,10
12.9262104034,80.2309799194,24112,24122,10
12.9252996445,80.2308578491,24122,24132,10
12.9243602753,80.2307510376,24132,24142,10
12.9234199524,80.2306289673,24142,24152,10
12.9223604202,80.23046875,24152,24162,10
12.9211997986,80.2303009033,24162,24173,11
12.920009613,80.2301635742,24173,24183,10
12.9189596176,80.2300186157,24183,24193,10
12.9179401398,80.2298965454,24193,24203,10
12.9168901443,80.2297592163,24203,24213,10
12.9158802032,80.2296295166,24213,24223,10
12.9149303436,80.2294769287,24223,24233,10
12.9140100479,80.229347229,24233,24243,10
12.9132404327,80.2292480469,24243,24253,10
12.9124603271,80.229133606,24253,24263,10
12.9116001129,80.2289886475,24263,24273,10
12.9107503891,80.2288589478,24273,24284,11
12.9096603394,80.2286987305,24284,24294,10
12.9086799622,80.2285308838,24294,24304,10
12.9077701569,80.2283782959,24304,24314,10
12.906999588,80.2282867432,24314,24324,10
12.9066400528,80.2282714844,24324,24333,9
12.9062595367,80.2282409668,24333,24344,11
12.90625,80.2282409668,24344,24354,10
12.9059801102,80.2282028198,24354,24364,10
12.9053297043,80.2281570435,24364,24374,10
12.9044504166,80.2281188965,24374,24384,10
12.9035301208,80.2280731201,24384,24395,11
12.9024896622,80.2280197144,24395,24405,10
12.9018297195,80.2279815674,24405,24415,10
12.9013595581,80.2279968262,24415,24425,10
12.9013395309,80.2279968262,24425,24435,10
12.90102005,80.2279434204,24435,24445,10
12.9004802704,80.2278823853,24445,24455,10
12.8999099731,80.2278366089,24455,24465,10
12.8995199203,80.2278213501,24465,24475,10
12.8988599777,80.2277832031,24475,24485,10
12.8980197906,80.2277374268,24485,24495,10
12.897069931,80.2276763916,24495,24506,11
12.8958997726,80.2276306152,24506,24516,10
12.8948698044,80.2276000977,24516,24526,10
12.8939399719,80.2275390625,24526,24536,10
12.893119812,80.2274398804,24536,24546,10
12.8925895691,80.2273788452,24546,24556,10
12.8918800354,80.2273406982,24556,24566,10
12.8910198212,80.2273635864,24566,24576,10
12.8901195526,80.2273635864,24576,24586,10
12.8892402649,80.2273635864,24586,24596,10
12.8886098862,80.2273635864,24596,24606,10
12.888420105,80.2273483276,24606,24617,11
12.8879203796,80.2272796631,24617,24627,10
12.8871202469,80.2271728516,24627,24637,10
12.8861503601,80.2269363403,24637,24647,10
12.8852996826,80.2267532349,24647,24657,10
12.8844804764,80.2266769409,24657,24667,10
12.8835000992,80.2266769409,24667,24677,10
12.8824796677,80.2266998291,24677,24687,10
12.8814401627,80.2267227173,24687,24697,10
12.8802900314,80.2267227173,24697,24707,10
12.8792200089,80.2267379761,24707,24717,10
12.8781204224,80.2268218994,24717,24727,10
12.8771696091,80.2269134521,24727,24738,11
12.8765897751,80.2269515991,24738,24748,10
12.876449585,80.2267913818,24748,24758,10
12.876449585,80.2264862061,24758,24768,10
12.8765296936,80.2259979248,24768,24778,10
12.8765802383,80.2254104614,24778,24788,10
12.8766803741,80.2245864868,24788,24798,10
12.8767995834,80.2238311768,24798,24808,10
12.8770103455,80.2229232788,24808,24818,10
12.8772802353,80.2217788696,24818,24828,10
12.877530098,80.2206878662,24828,24839,11
12.8778095245,80.2195129395,24839,24849,10
12.8780403137,80.2184524536,24849,24859,10
12.8782501221,80.2174301147,24859,24869,10
12.8784503937,80.2164535522,24869,24879,10
12.8786296844,80.2156295776,24879,24889,10
12.8787899017,80.2148895264,24889,24899,10
12.8789796829,80.2138977051,24899,24909,10
12.8791599274,80.212928772,24909,24919,10
12.8793201447,80.2120895386,24919,24929,10
12.8794002533,80.2115783691,24929,24939,10
12.8794202805,80.2110671997,24939,24950,11
12.8790903091,80.2109375,24950,24960,10
12.8789596558,80.2109222412,24960,24970,10
12.8785295486,80.2108383179,24970,24980,10
12.8779602051,80.2107315063,24980,24990,10
12.8773603439,80.210609436,24990,25000,10
12.8766899109,80.2104873657,25000,25010,10
12.8760004044,80.2103500366,25010,25020,10
12.8753299713,80.2102432251,25020,25030,10
12.8748102188,80.2101364136,25030,25040,10
12.87458992,80.2101135254,25040,25050,10
12.8744401932,80.2100524902,25050,25061,11
12.8744001389,80.2098083496,25061,25071,10
12.8745203018,80.2095718384,25071,25081,10
12.8747797012,80.2096099854,25081,25091,10
12.8746795654,80.2098236084,25091,26622,1531
12.8746795654,80.2098236084,26622,26633,11
12.8746995926,80.2099533081,26633,26643,10
12.874710083,80.2101211548,26643,26653,10
12.8747997284,80.2101516724,26653,26663,10
12.8749399185,80.2101669312,26663,26673,10
12.8753795624,80.2102508545,26673,26683,10
12.87596035,80.2103729248,26683,26693,10
12.876660347,80.2105026245,26693,26703,10
12.8774003983,80.2106399536,26703,26713,10
12.8780202866,80.2107696533,26713,26723,10
12.8786697388,80.2108764648,26723,26733,10
12.8791999817,80.2109985352,26733,26754,21
12.8791999817,80.2109985352,26754,26764,10
12.8793201447,80.2110214233,26764,26774,10
12.8795003891,80.2112121582,26774,26784,10
12.8794298172,80.2116012573,26784,26794,10
12.8793201447,80.2121505737,26794,26804,10
12.8791904449,80.2128372192,26804,26814,10
12.8790502548,80.2135620117,26814,26824,10
12.8789196014,80.2143173218,26824,26834,10
12.8787603378,80.2151031494,26834,26844,10
12.8786001205,80.2158508301,26844,26855,11
12.8784599304,80.2166213989,26855,26865,10
12.8783798218,80.2170333862,26865,27026,161
12.8783798218,80.2170333862,27026,27036,10
12.8783597946,80.2171783447,27036,27046,10
12.8782396317,80.2176895142,27046,27056,10
12.8780698776,80.2185134888,27056,27066,10
12.8778495789,80.2194519043,27066,27077,11
12.8775701523,80.2206573486,27077,27087,10
12.8773002625,80.221862793,27087,27097,10
12.8770198822,80.2230377197,27097,27107,10
12.8767595291,80.2242279053,27107,27117,10
12.8766298294,80.2253723145,27117,27127,10
12.8765096664,80.2261962891,27127,27137,10
12.8764801025,80.2266693115,27137,27147,10
12.8764801025,80.2268676758,27147,27157,10
12.876660347,80.226890564,27157,27167,10
12.8767404556,80.2268829346,27167,27177,10
12.8768997192,80.2268829346,27177,27188,11
12.8774204254,80.2268295288,27188,27198,10
12.8781700134,80.2267837524,27198,27208,10
12.879070282,80.2267227173,27208,27218,10
12.880109787,80.2267227173,27218,27228,10
12.8813400269,80.2267074585,27228,27238,10
12.8825702667,80.2266998291,27238,27248,10
12.8837099075,80.2266921997,27248,27257,9
12.8845300674,80.2266616821,27257,27267,10
12.8851604462,80.2266616821,27267,27278,11
12.8852500916,80.2266693115,27278,27288,10
12.8853998184,80.2266998291,27288,27299,11
12.8859996796,80.2268371582,27299,27309,10
12.8867702484,80.2270431519,27309,27319,10
12.8875999451,80.2272033691,27319,27329,10
12.8883399963,80.2272567749,27329,27339,10
12.8885097504,80.2272720337,27339,27349,10
12.8886804581,80.2272796631,27349,27359,10
12.8891897202,80.2272872925,27359,27369,10
12.889960289,80.2272872925,27369,27379,10
12.8908395767,80.2273025513,27379,27389,10
12.8918199539,80.2273101807,27389,27399,10
12.8924303055,80.2273330688,27399,27410,11
12.8927602768,80.2273635864,27410,27420,10
12.8933401108,80.2274169922,27420,27430,10
12.8938999176,80.2274627686,27430,27440,10
12.8939599991,80.2274703979,27440,27450,10
12.8942298889,80.2275238037,27450,27460,10
12.8948202133,80.2275466919,27460,27470,10
12.89564991,80.2275924683,27470,27480,10
12.8966703415,80.2276306152,27480,27490,10
12.8977403641,80.2276763916,27490,27500,10
12.8987998962,80.2277526855,27500,27510,10
12.8997802734,80.2277984619,27510,27520,10
12.9004898071,80.2278137207,27520,27530,10
12.9008197784,80.2278137207,27530,27551,21
12.9008197784,80.2278137207,27551,27561,10
12.9009599686,80.2278366089,27561,27571,10
12.9014797211,80.2279281616,27571,27581,10
12.9020996094,80.2279586792,27581,27591,10
12.9026699066,80.2279586792,27591,27601,10
12.9027500153,80.2279663086,27601,27611,10
12.9029903412,80.2279663086,27611,27621,10
12.9035797119,80.2280273438,27621,27631,10
12.9044303894,80.2281036377,27631,27642,11
12.9052696228,80.2281417847,27642,27652,10
12.9058198929,80.2281570435,27652,27662,10
12.906129837,80.2281417847,27662,27672,10
12.906370163,80.2281494141,27672,27702,30
12.906370163,80.2281494141,27702,27712,10
12.9065904617,80.2281723022,27712,27722,10
12.9069595337,80.2282180786,27722,27732,10
12.9070396423,80.2282333374,27732,27742,10
12.9074602127,80.2282867432,27742,27753,11
12.9082603455,80.2284164429,27753,27763,10
12.9092197418,80.2285919189,27763,27773,10
12.9104204178,80.2287826538,27773,27783,10
12.9116401672,80.2289581299,27783,27793,10
12.9128704071,80.229133606,27793,27803,10
12.9137001038,80.2292175293,27803,27813,10
12.9140195847,80.2292633057,27813,27823,10
12.9140996933,80.2292709351,27823,27833,10
12.9145698547,80.2293395996,27833,27843,10
12.9153795242,80.2294616699,27843,27853,10
12.9163999557,80.2296066284,27853,27864,11
12.9177303314,80.2297897339,27864,27874,10
12.9188203812,80.2299423218,27874,27884,10
12.9194202423,80.2300033569,27884,27894,10
12.9195098877,80.2300186157,27894,27910,16
12.9202604294,80.2301177979,27910,27922,12
12.9213104248,80.2302627563,27922,27942,20
12.9236097336,80.2305984497,27942,27952,10
12.9247703552,80.230758667,27952,27962,10
12.9258003235,80.2308502197,27962,27973,11
12.92648983,80.2309417725,27973,27982,9
12.9265499115,80.2309494019,27982,27993,11
12.9269695282,80.2310028076,27993,28003,10
12.9276895523,80.2311019897,28003,28013,10
12.9285001755,80.2312088013,28013,28023,10
12.9296703339,80.2314529419,28023,28033,10
12.9308395386,80.2317581177,28033,28043,10
12.9319801331,80.2321166992,28043,28053,10
12.9327201843,80.2323379517,28053,28063,10
12.9333600998,80.2326202393,28063,28073,10
12.9336900711,80.2327728271,28073,28084,11
12.9337396622,80.2328033447,28084,28094,10
12.9340896606,80.2329483032,28094,28104,10
12.9347896576,80.2332687378,28104,28114,10
12.9356002808,80.2336425781,28114,28124,10
12.9364995956,80.2340698242,28124,28134,10
12.9374704361,80.2345581055,28134,28144,10
12.9384403229,80.2350387573,28144,28154,10
12.9391298294,80.2353668213,28154,28164,10
12.9393997192,80.2355117798,28164,28174,10
12.9393997192,80.2355194092,28174,28184,10
12.9397497177,80.235710144,28184,28195,11
12.9405202866,80.2359695435,28195,28205,10
12.9413995743,80.2361831665,28205,28215,10
12.9424800873,80.2364730835,28215,28225,10
12.9433898926,80.2370071411,28225,28235,10
12.9437799454,80.2373962402,28235,28245,10
12.9438695908,80.237487793,28245,28255,10
12.9442501068,80.2378997803,28255,28265,10
12.9448003769,80.2385177612,28265,28275,10
12.9453201294,80.2390670776,28275,28285,10
12.9464101791,80.2396316528,28285,28295,10
12.9471998215,80.2399368286,28295,28306,11
12.9474496841,80.2400436401,28306,28316,10
12.9476099014,80.2401123047,28316,28326,10
12.9480304718,80.2403030396,28326,28336,10
12.9482803345,80.2404022217,28336,28346,10
12.9484796524,80.2405014038,28346,28356,10
12.9488697052,80.2406082153,28356,28396,40
12.9488697052,80.2406082153,28396,28406,10
12.9489498138,80.2406692505,28406,28417,11
12.9494495392,80.2408599854,28417,28427,10
12.9501399994,80.2410736084,28427,28437,10
12.9509000778,80.2412872314,28437,28447,10
12.9511804581,80.2413787842,28447,28457,10
12.9512796402,80.2414169312,28457,28467,10
12.9517498016,80.2415924072,28467,28477,10
12.9525003433,80.2418823242,28477,28487,10
12.9532804489,80.2421798706,28487,28497,10
12.9539003372,80.2424316406,28497,28508,11
12.9545297623,80.24269104,28508,28517,9
12.9549798965,80.2428512573,28517,28528,11
12.9555797577,80.2430419922,28528,28539,11
12.9562397003,80.2433013916,28539,28549,10
12.9564304352,80.2433700562,28549,28559,10
12.9568300247,80.2435379028,28559,28569,10
12.9575595856,80.2438812256,28569,28579,10
12.9583997726,80.2442626953,28579,28589,10
12.9589796066,80.244468689,28589,28599,10
12.9590797424,80.2445068359,28599,28609,10
12.9594697952,80.2447128296,28609,28619,10
12.9601402283,80.2450180054,28619,28629,10
12.9610099792,80.2454528809,28629,28640,11
12.961979866,80.2459106445,28640,28650,10
12.9628200531,80.246307373,28650,28660,10
12.9634895325,80.2466506958,28660,28670,10
12.9640598297,80.2469177246,28670,28680,10
12.9647703171,80.247177124,28680,28690,10
12.9654798508,80.2474212646,28690,28700,10
12.9659700394,80.2475814819,28700,28710,10
12.9663600922,80.2477264404,28710,28720,10
12.9665203094,80.2478027344,28720,28730,10
12.9665498734,80.2478179932,28730,28740,10
12.9668798447,80.2479782104,28740,28751,11
12.9675302505,80.2483596802,28751,28761,10
12.9684801102,80.2487411499,28761,28771,10
12.9695901871,80.2491607666,28771,28781,10
12.9707403183,80.2496032715,28781,28791,10
12.9720001221,80.2499465942,28791,28801,10
12.9731798172,80.2502593994,28801,28811,10
12.9741296768,80.25050354,28811,28821,10
12.9747400284,80.250617981,28821,28831,10
12.9748697281,80.2506637573,28831,28841,10
12.9754199982,80.250831604,28841,28851,10
12.976269722,80.251083374,28851,28861,10
12.9772996902,80.2514419556,28861,28878,17
12.978679657,80.2524414063,28878,28890,12
12.9795598984,80.252571106,28890,28900,10
12.9799499512,80.2524032593,28900,28920,20
12.9799499512,80.2524032593,28920,28930,10
12.9800195694,80.2520828247,28930,28940,10
12.9801998138,80.2515792847,28940,28949,9
12.9804201126,80.2508468628,28949,28960,11
12.9806499481,80.2498397827,28960,28970,10
12.9807796478,80.2488098145,28970,28981,11
12.9808301926,80.2476196289,28981,28991,10
12.9809398651,80.2464904785,28991,29001,10
12.9810695648,80.245300293,29001,29010,9
12.9811601639,80.2445526123,29010,29021,11
12.981180191,80.2440719604,29021,29051,30
12.981180191,80.2440719604,29051,29061,10
12.9812002182,80.2437667847,29061,29081,20
12.9812002182,80.2437667847,29081,29092,11
12.9813604355,80.2434310913,29092,29102,10
12.9813804626,80.2430114746,29102,29112,10
12.9813804626,80.2427902222,29112,29122,10
12.9813899994,80.2427062988,29122,29132,10
12.9813899994,80.2423324585,29132,29142,10
12.9813699722,80.2416915894,29142,29152,10
12.9813804626,80.2408828735,29152,29162,10
12.9813699722,80.2401580811,29162,29172,10
12.9813604355,80.2395935059,29172,29182,10
12.9813299179,80.2389678955,29182,29192,10
12.9813203812,80.2382507324,29192,29203,11
12.981300354,80.2379684448,29203,29213,10
12.981300354,80.2376403809,29213,29222,9
12.9812803268,80.2370605469,29222,29233,11
12.9812602997,80.2361831665,29233,29243,10
12.9812297821,80.2353897095,29243,29253,10
12.9812202454,80.2347793579,29253,29263,10
12.9812498093,80.2343215942,29263,29273,10
12.9813299179,80.2340621948,29273,29283,10
12.9813804626,80.2339172363,29283,29293,10
12.9814596176,80.2337722778,29293,29303,10
12.981590271,80.2335205078,29303,29313,10
12.9816799164,80.2333374023,29313,29324,11
12.9818000793,80.2330780029,29324,29334,10
12.9819898605,80.2325820923,29334,29344,10
12.982000351,80.232131958,29344,29354,10
12.982000351,80.2316894531,29354,29364,10
12.9819097519,80.2311630249,29364,29374,10
12.9817199707,80.230682373,29374,29384,10
12.9813604355,80.2300796509,29384,29394,10
12.981010437,80.2295303345,29394,29404,10
12.9807796478,80.2291793823,29404,29414,10
12.9806604385,80.2289505005,29414,29424,10
12.9804401398,80.2286224365,29424,29435,11
12.9802999496,80.2282562256,29435,29445,10
12.9800901413,80.2279205322,29445,29455,10
12.9796495438,80.2271881104,29455,29465,10
12.9792804718,80.2265777588,29465,29475,10
12.9788999557,80.2259597778,29475,29485,10
12.9785003662,80.2253036499,29485,29495,10
12.9782304764,80.2248535156,29495,29505,10
12.9780397415,80.2244720459,29505,29515,10
12.977809906,80.2241363525,29515,29525,10
12.9777097702,80.2239837646,29525,29535,10
12.9774303436,80.2235336304,29535,29546,11
12.9771099091,80.2230224609,29546,29556,10
12.9771604538,80.2227020264,29556,29566,10
12.9772596359,80.2226791382,29566,29576,10
12.9775400162,80.2226028442,29576,29586,10
12.9775400162,80.2222290039,29586,29596,10
12.9774999619,80.2216796875,29596,29606,10
12.9774904251,80.2213363647,29606,29616,10
12.9775800705,80.2212219238,29616,29626,10
12.9779996872,80.221206665,29626,29636,10
12.9786500931,80.2211608887,29636,29646,10
12.9792499542,80.2211074829,29646,29657,11
12.9798803329,80.2210464478,29657,29667,10
12.9805402756,80.220993042,29667,29677,10
12.9810695648,80.2210617065,29677,29687,10
12.9816703796,80.2213516235,29687,29697,10
12.9822397232,80.2217407227,29697,29707,10
12.9829502106,80.2220077515,29707,29727,20
12.9829502106,80.2220077515,29727,29737,10
12.9831800461,80.2220993042,29737,29747,10
12.9835996628,80.2223968506,29747,29757,10
12.9841003418,80.2226791382,29757,29768,11
12.9846000671,80.2229766846,29768,29778,10
12.9851198196,80.2232589722,29778,29788,10
12.9853696823,80.2233123779,29788,29798,10
12.9855899811,80.2231521606,29798,29808,10
12.9861402512,80.2229919434,29808,29824,16
12.9865598679,80.2229690552,29824,29836,12
12.9869098663,80.2229995728,29836,29846,10
12.9872903824,80.2230606079,29846,29856,10
12.9879798889,80.2229537964,29856,29866,10
12.9885196686,80.2225418091,29866,29876,10
12.9890003204,80.2220230103,29876,29887,11
12.98939991,80.2215270996,29887,29897,10
12.989780426,80.2210388184,29897,29907,10
12.9903202057,80.2204971313,29907,29917,10
12.9904603958,80.2203903198,29917,29927,10
12.990530014,80.2203598022,29927,29937,10
12.9908599854,80.2201004028,29937,29947,10
12.9913196564,80.2197113037,29947,29957,10
12.9916601181,80.2194671631,29957,29967,10
12.9921598434,80.2191085815,29967,29977,10
12.9927997589,80.2186431885,29977,29987,10
12.9934501648,80.2181625366,29987,29998,11
12.994099617,80.2177124023,29998,30008,10
12.9944000244,80.2174835205,30008,30018,10
12.9947299957,80.2172393799,30018,30028,10
12.99518013,80.2169265747,30028,30038,10
12.9958200455,80.2166671753,30038,30048,10
12.9964504242,80.2165527344,30048,30058,10
12.9970703125,80.2164916992,30058,30068,10
12.9973897934,80.2162475586,30068,30078,10
12.9976596832,80.2160263062,30078,30088,10
12.9976902008,80.216003418,30088,30098,10
12.9978399277,80.2158813477,30098,30109,11
12.9982995987,80.2154922485,30109,30119,10
12.9989299774,80.2149581909,30119,30139,20
12.9989299774,80.2149581909,30139,30149,10
12.9990797043,80.21484375,30149,30159,10
12.999329567,80.2145996094,30159,30169,10
12.9998197556,80.2141799927,30169,30179,10
13.0002803802,80.213760376,30179,30189,10
13.0007696152,80.2133102417,30189,30199,10
13.0012102127,80.2129516602,30199,30209,10
13.001709938,80.2125930786,30209,30219,10
13.0023002625,80.2122192383,30219,30230,11
13.0027503967,80.2120819092,30230,30240,10
13.0031795502,80.212059021,30240,30250,10
13.0036897659,80.2119369507,30250,30260,10
13.0037202835,80.2118377686,30260,30270,10
13.0037202835,80.2114562988,30270,30280,10
13.0036697388,80.2108078003,30280,30290,10
13.003569603,80.2100372314,30290,30300,10
13.0036096573,80.2092208862,30300,30310,10
13.0039196014,80.2086105347,30310,30320,10
13.0046195984,80.2088775635,30320,30331,11
13.0054798126,80.2092666626,30331,30341,10
13.0061101913,80.2095031738,30341,30351,10
13.0067501068,80.2097015381,30351,30361,10
13.0071802139,80.2098007202,30361,30391,30
13.0071802139,80.2098007202,30391,30401,10
13.0074300766,80.2098617554,30401,30411,10
13.0076198578,80.2098999023,30411,30421,10
13.008020401,80.2099914551,30421,30431,10
13.0081796646,80.2096405029,30431,30442,11
13.008020401,80.2087020874,30442,30452,10
13.0078496933,80.2077102661,30452,30461,9
13.0076904297,80.2067871094,30461,30472,11
13.0075502396,80.2057037354,30472,30482,10
13.0075597763,80.2048034668,30482,30492,10
13.0075101852,80.2038879395,30492,30502,10
13.007349968,80.2030181885,30502,30512,10
13.0067996979,80.2025375366,30512,30520,8
13.0065698624,80.2031097412,30520,30532,12
13.007349968,80.2036437988,30532,30542,10
13.0083198547,80.203742981,30542,30552,10
13.0095300674,80.2036590576,30552,30563,11
13.0109195709,80.2036590576,30563,30573,10
13.0121297836,80.2038192749,30573,30583,10
13.0130996704,80.2040100098,30583,30593,10
13.0137395859,80.2043075562,30593,30613,20
13.0137395859,80.2043075562,30613,30623,10
13.0136804581,80.2045593262,30623,30633,10
13.0136098862,80.2047195435,30633,30643,10
13.0134496689,80.2051620483,30643,30653,10
13.0131797791,80.2059783936,30653,30664,11
13.0130300522,80.2068405151,30664,30674,10
13.012960434,80.2074584961,30674,30684,10
13.0129003525,80.2078170776,30684,30694,10
13.0128698349,80.2081832886,30694,30704,10
13.0128202438,80.208442688,30704,30714,10
13.0128602982,80.2088394165,30714,30724,10
13.0129995346,80.2094192505,30724,30734,10
13.0131502151,80.2098388672,30734,30744,10
13.0130701065,80.2106018066,30744,30754,10
13.0127897263,80.2113418579,30754,30764,10
13.012430191,80.2119903564,30764,30774,10
13.0120897293,80.2125091553,30774,30785,11
13.0118598938,80.2127838135,30785,30795,10
13.0115804672,80.212638855,30795,30805,10
13.0110998154,80.212272644,30805,30815,10
13.0106201172,80.2119216919,30815,30825,10
13.0102300644,80.2116088867,30825,30835,10
13.0098695755,80.2113418579,30835,30845,10
13.0095996857,80.2111434937,30845,30946,101
13.0095100403,80.2110900879,30946,31834,888
13.0095100403,80.2110900879,31834,31844,10
13.0093097687,80.2110366821,31844,31854,10
13.0090799332,80.2113494873,31854,31905,51
13.0090799332,80.2113494873,31905,31915,10
13.0090503693,80.2118225098,31915,31925,10
13.0091400146,80.212059021,31925,31935,10
13.0092601776,80.212387085,31935,31945,10
13.0094203949,80.2128295898,31945,31955,10
13.0096197128,80.2133331299,31955,31965,10
13.0098400116,80.2138519287,31965,31975,10
13.0100603104,80.2143783569,31975,31985,10
13.0101900101,80.2149810791,31985,31995,10
13.0102796555,80.2156982422,31995,32005,10
13.0105800629,80.2164077759,32005,32016,11
13.0110197067,80.2173080444,32016,32026,10
13.0113801956,80.2181777954,32026,32036,10
13.0117301941,80.2191085815,32036,32046,10
13.0120201111,80.2200622559,32046,32055,9
13.0122499466,80.2208328247,32055,32066,11
13.0123901367,80.2214279175,32066,32076,10
13.0127000809,80.2219390869,32076,32085,9
13.0130796432,80.2224197388,32085,32095,10
13.0135803223,80.2229919434,32095,32106,11
13.0141401291,80.2236099243,32106,32116,10
13.0145301819,80.2241363525,32116,32127,11
13.015080452,80.2247467041,32127,32137,10
13.0154600143,80.2253036499,32137,32147,10
13.0153102875,80.2257537842,32147,32157,10
13.0147199631,80.2260284424,32157,32167,10
13.0139703751,80.2263183594,32167,32177,10
13.0131797791,80.2266235352,32177,32187,10
13.0124397278,80.2269210815,32187,32197,10
13.0117502213,80.2271881104,32197,32207,10
13.0110301971,80.2274780273,32207,32217,10
13.0103902817,80.2277297974,32217,32227,10
13.0098199844,80.2279434204,32227,32238,11
13.0094804764,80.2277832031,32238,32429,191
13.0094804764,80.2277832031,32429,32439,10
13.0094804764,80.2276229858,32439,32449,10
13.0095796585,80.2273635864,32449,32460,11
13.0098304749,80.226852417,32460,32470,10
13.0101499557,80.2261734009,32470,32480,10
13.0104904175,80.2254180908,32480,32490,10
13.0107803345,80.2247314453,32490,32500,10
13.011059761,80.2239990234,32500,32510,10
13.0113601685,80.2233581543,32510,32520,10
13.0109796524,80.2230224609,32520,32530,10
13.010310173,80.2226715088,32530,32540,10
13.0096302032,80.2222976685,32540,32550,10
13.0089998245,80.2219467163,32550,32559,9
13.0085000992,80.2216567993,32559,32571,12
13.0077800751,80.2212982178,32571,32581,10
13.0071802139,80.2209701538,32581,32591,10
13.0065898895,80.2206726074,32591,32601,10
13.0058803558,80.2205123901,32601,32611,10
13.005109787,80.2203598022,32611,32621,10
13.0045604706,80.2202987671,32621,32631,10
13.0039196014,80.2201080322,32631,32641,10
13.0031604767,80.2199020386,32641,32651,10
13.0024499893,80.2194595337,32651,32661,10
13.0019598007,80.2189407349,32661,32671,10
13.0014400482,80.2184371948,32671,32682,11
13.0008001328,80.2180328369,32682,32692,10
13.0002298355,80.2176437378,32692,32702,10
12.9995698929,80.2172470093,32702,32712,10
12.9988098145,80.2168579102,32712,32722,10
12.9980297089,80.2165679932,32722,32732,10
12.9973897934,80.216506958,32732,32762,30
12.9973897934,80.216506958,32762,32772,10
12.9972496033,80.2164916992,32772,32782,10
12.9968900681,80.2165222168,32782,32792,10
12.9963998795,80.2166137695,32792,32803,11
12.9958896637,80.2167205811,32803,32813,10
12.995639801,80.2167663574,32813,32823,10
12.9953804016,80.2168579102,32823,32833,10
12.9951095581,80.2170181274,32833,32843,10
12.9948797226,80.2171707153,32843,32853,10
12.994720459,80.2172775269,32853,32863,10
12.9944400787,80.2174606323,32863,32873,10
12.9941501617,80.217666626,32873,32883,10
12.9938001633,80.2179107666,32883,32893,10
12.9933099747,80.21824646,32893,32903,10
12.9928798676,80.2185592651,32903,32914,11
12.9921503067,80.2191162109,32914,32924,10
12.9915800095,80.2195663452,32924,32934,10
12.9907197952,80.2202072144,32934,32964,30
12.9907197952,80.2202072144,32964,32974,10
12.9905996323,80.2202835083,32974,32984,10
12.99036026,80.220451355,32984,32994,10
12.9901199341,80.220741272,32994,33003,9
12.989689827,80.221206665,33003,33013,10
12.9892702103,80.2216796875,33013,33025,12
12.9887104034,80.2223205566,33025,33035,10
12.9882001877,80.2227783203,33035,33045,10
12.987830162,80.2230377197,33045,33055,10
12.9874200821,80.2230682373,33055,33065,10
12.9873800278,80.2230682373,33065,33075,10
12.9872903824,80.2230606079,33075,33085,10
12.9870300293,80.2230377197,33085,33095,10
12.9865703583,80.2229537964,33095,33105,10
12.9859800339,80.2229385376,33105,33115,10
12.9855604172,80.2231521606,33115,33125,10
12.9852695465,80.2232589722,33125,33135,10
12.9847602844,80.2230377197,33135,33146,11
12.98416996,80.2227172852,33146,33156,10
12.9837598801,80.2224807739,33156,33166,10
12.9831895828,80.2221069336,33166,33196,30
12.9831895828,80.2221069336,33196,33206,10
12.9830303192,80.2220077515,33206,33216,10
12.9827003479,80.2218322754,33216,33226,10
12.9821996689,80.2216491699,33226,33236,10
12.9816503525,80.2212905884,33236,33246,10
12.9810400009,80.2210388184,33246,33257,11
12.9802503586,80.2210769653,33257,33267,10
12.9795703888,80.2211380005,33267,33277,10
12.9790296555,80.2211608887,33277,33287,10
12.9783000946,80.2211837769,33287,33297,10
12.9777803421,80.2212219238,33297,33307,10
12.9772901535,80.2212371826,33307,33317,10
12.9770002365,80.2212295532,33317,33327,10
12.9766302109,80.2212371826,33327,33337,10
12.9762601852,80.2212295532,33337,33347,10
12.9762001038,80.2214813232,33347,33357,10
12.9764204025,80.2219085693,33357,33398,41
12.9764204025,80.2219085693,33398,33408,10
12.9764204025,80.2221221924,33408,33418,10
12.9765996933,80.2223892212,33418,33428,10
12.9769096375,80.2228088379,33428,33438,10
12.9772396088,80.2233200073,33438,33448,10
12.9776296616,80.2238998413,33448,33458,10
12.97797966,80.2244262695,33458,33468,10
12.9783401489,80.2249984741,33468,33479,11
12.9786701202,80.2256011963,33479,33489,10
12.9789400101,80.2260437012,33489,33499,10
12.9790897369,80.226272583,33499,33509,10
12.9791698456,80.2264175415,33509,33519,10
12.9793796539,80.2267608643,33519,33529,10
12.9796695709,80.2272567749,33529,33539,10
12.9800701141,80.2278900146,33539,33549,10
12.9804601669,80.2285308838,33549,33559,10
12.9807796478,80.2290496826,33559,33569,10
12.9810400009,80.2294616699,33569,33579,10
12.9812898636,80.229888916,33579,33590,11
12.9817199707,80.2305908203,33590,33610,20
12.9817199707,80.2305908203,33610,33620,10
12.9819097519,80.2309494019,33620,33630,10
12.9820203781,80.2314376831,33630,33640,10
12.982049942,80.2320632935,33640,33650,10
12.9820203781,80.2324829102,33650,33660,10
12.9819202423,80.2328567505,33660,33670,10
12.9816102982,80.233581543,33670,33690,20
12.9816102982,80.233581543,33690,33706,16
12.9814300537,80.2339782715,33706,33719,13
12.9812602997,80.2348327637,33719,33729,10
12.9812602997,80.2357177734,33729,33738,9
12.9812898636,80.2365264893,33738,33749,11
12.981300354,80.2374572754,33749,33759,10
12.9813098907,80.238067627,33759,33769,10
12.9813404083,80.2387771606,33769,33799,30
12.9813404083,80.2387771606,33799,33809,10
12.9813604355,80.2391204834,33809,33820,11
12.9813499451,80.2395935059,33820,33830,10
12.9813604355,80.2399597168,33830,33840,10
12.9813604355,80.2405014038,33840,33850,10
12.9813604355,80.2412185669,33850,33860,10
12.9813604355,80.2418518066,33860,33870,10
12.9813804626,80.2422103882,33870,33890,20
12.9813804626,80.2422103882,33890,33900,10
12.9813995361,80.2422714233,33900,33910,10
12.9813995361,80.2426834106,33910,33920,10
12.9813899994,80.243270874,33920,33931,11
12.9813098907,80.2438964844,33931,33941,10
12.9811897278,80.2447128296,33941,33951,10
12.9810800552,80.2456436157,33951,33961,10
12.9809598923,80.246711731,33961,33971,10
12.9808597565,80.2479019165,33971,33981,10
12.9807596207,80.2491531372,33981,33991,10
12.9805698395,80.2502670288,33991,34001,10
12.9803695679,80.2510528564,34001,34011,10
12.9801597595,80.2519378662,34011,34021,10
12.9799699783,80.252456665,34021,34092,71
12.9799699783,80.252456665,34092,34102,10
12.9799003601,80.2526779175,34102,34112,10
12.9797201157,80.2527389526,34112,34122,10
12.9792499542,80.2527008057,34122,34132,10
12.9785604477,80.2525482178,34132,34153,21
12.9785604477,80.2525482178,34153,34163,10
12.9782600403,80.2523193359,34163,34173,10
12.9777603149,80.2518615723,34173,34183,10
12.9770097733,80.251373291,34183,34193,10
12.9760303497,80.251083374,34193,34203,10
12.9750003815,80.250793457,34203,34213,10
12.9740495682,80.2505111694,34213,34223,10
12.97315979,80.2502975464,34223,34233,10
12.9725198746,80.2501602173,34233,34249,16
12.9724502563,80.2501373291,34249,34261,12
12.972410202,80.2501220703,34261,34272,11
12.9719295502,80.2499694824,34272,34282,10
12.9712095261,80.2497787476,34282,34292,10
12.9703397751,80.2495193481,34292,34302,10
12.9694004059,80.2491378784,34302,34312,10
12.9684801102,80.2487869263,34312,34320,8
12.9675502777,80.2484207153,34320,34332,12
12.9666996002,80.2480010986,34332,34342,10
12.9659004211,80.2476272583,34342,34352,10
12.9649600983,80.2473220825,34352,34373,21
12.9649600983,80.2473220825,34373,34384,11
12.9648504257,80.2472915649,34384,34394,10
12.9644203186,80.2471313477,34394,34404,10
12.9638299942,80.2469024658,34404,34413,9
12.9632997513,80.2466278076,34413,34424,11
12.9624099731,80.2461929321,34424,34434,10
12.9614601135,80.2456970215,34434,34444,10
12.9604301453,80.2452316284,34444,34454,10
12.9593801498,80.2448272705,34454,34474,20
12.9593801498,80.2448272705,34474,34484,10
12.9593400955,80.2447967529,34484,34495,11
12.9589195251,80.2445602417,34495,34505,10
12.9582595825,80.2442932129,34505,34514,9
12.9576301575,80.2440490723,34514,34525,11
12.9567804337,80.2437896729,34525,34535,10
12.9563999176,80.2436523438,34535,34545,10
12.9563999176,80.2436599731,34545,34555,10
12.9560003281,80.2434463501,34555,34565,10
12.9553203583,80.2430801392,34565,34575,10
12.9546804428,80.2427902222,34575,34585,10
12.9536104202,80.2423629761,34585,34595,10
12.9527797699,80.2420120239,34595,34606,11
12.9517803192,80.2416763306,34606,34626,20
12.9517803192,80.2416763306,34626,34636,10
12.9516000748,80.2415924072,34636,34646,10
12.9511604309,80.2414321899,34646,34656,10
12.9504499435,80.2412185669,34656,34666,10
12.9496097565,80.2409896851,34666,34676,10
12.9489297867,80.2407608032,34676,34686,10
12.9482097626,80.2404403687,34686,34696,10
12.9470996857,80.2399902344,34696,34716,20
12.9470996857,80.2399902344,34716,34727,11
12.9470396042,80.2399673462,34727,34737,10
12.9466400146,80.2397994995,34737,34747,10
12.9460000992,80.2395019531,34747,34757,10
12.9452800751,80.2390899658,34757,34767,10
12.9446496964,80.2384414673,34767,34777,10
12.9439201355,80.237663269,34777,34787,10
12.943400383,80.237159729,34787,34797,10
12.9433202744,80.2370834351,34797,34807,10
12.943110466,80.236869812,34807,34817,10
12.9425296783,80.2365264893,34817,34827,10
12.9416503906,80.2362594604,34827,34837,10
12.9406299591,80.2360076904,34837,34848,11
12.9398097992,80.2357711792,34848,34867,19
12.9398097992,80.2357711792,34867,34878,11
12.9396400452,80.2357330322,34878,34888,10
12.9391403198,80.2354736328,34888,34898,10
12.9384403229,80.2350921631,34898,34908,10
12.9376602173,80.234703064,34908,34918,10
12.9372301102,80.2345199585,34918,34928,10
12.9370803833,80.2344589233,34928,34938,10
12.9368200302,80.2343597412,34938,34949,11
12.936340332,80.2341384888,34949,34959,10
12.9361095428,80.2340316772,34959,35049,90
12.9361095428,80.2340316772,35049,35060,11
12.9358596802,80.2338867188,35060,35070,10
12.9357795715,80.2338180542,35070,35080,10
12.9356403351,80.2337265015,35080,35090,10
12.9352197647,80.233543396,35090,35100,10
12.9344997406,80.2332229614,35100,35110,10
12.9338998795,80.2329483032,35110,35130,20
12.9338998795,80.2329483032,35130,35140,10
12.9336795807,80.2328567505,35140,35150,10
12.9331502914,80.2326126099,35150,35160,10
12.9325399399,80.2323608398,35160,35170,10
12.931889534,80.232131958,35170,35181,11
12.9314899445,80.2320404053,35181,35191,10
12.9312095642,80.2319564819,35191,35201,10
12.9311704636,80.2319488525,35201,35211,10
12.9308996201,80.231880188,35211,35221,10
12.9305801392,80.2317581177,35221,35231,10
12.9302997589,80.2316894531,35231,35241,10
12.9301099777,80.2316513062,35241,35251,10
12.9299898148,80.2316436768,35251,35261,10
12.9298601151,80.231590271,35261,35271,10
12.9297800064,80.2315368652,35271,35281,10
12.929400444,80.2314605713,35281,35292,11
12.9286298752,80.2313079834,35292,35302,10
12.9278202057,80.2312011719,35302,35312,10
12.9270000458,80.231086731,35312,35322,10
12.9262800217,80.231010437,35322,35332,10
12.9260997772,80.231010437,35332,35342,10
12.9260797501,80.2310180664,35342,35352,10
12.9257001877,80.2309494019,35352,35362,10
12.9250497818,80.2308578491,35362,35372,10
12.924200058,80.2307510376,35372,35382,10
12.9232196808,80.2306213379,35382,35392,10
12.9220399857,80.2304382324,35392,35403,11
12.9206800461,80.2302627563,35403,35413,10
12.9193201065,80.2301177979,35413,35433,20
12.9193201065,80.2301177979,35433,35443,10
12.9190502167,80.2300796509,35443,35453,10
12.9184398651,80.2299804688,35453,35463,10
12.9176597595,80.2298812866,35463,35473,10
12.9170198441,80.2297973633,35473,35482,9
12.9163198471,80.2296829224,35482,35493,11
12.9152402878,80.2295227051,35493,35503,10
12.9141302109,80.2293930054,35503,35514,11
12.913359642,80.229309082,35514,35524,10
12.9132900238,80.2292861938,35524,35534,10
12.9132699966,80.2293014526,35534,35544,10
12.9128704071,80.2292098999,35544,35554,10
12.9121599197,80.2291030884,35554,35564,10
12.9113702774,80.2289962769,35564,35574,10
12.9107999802,80.2289199829,35574,35584,10
12.9104499817,80.2288589478,35584,35594,10
12.9104099274,80.2288513184,35594,35604,10
12.9101600647,80.2287979126,35604,35614,10
12.9097204208,80.2287368774,35614,35624,10
12.9092597961,80.2286834717,35624,35635,11
12.9087696075,80.2285995483,35635,35645,10
12.9084701538,80.2285385132,35645,35655,10
12.908249855,80.2285308838,35655,35786,131
12.908249855,80.2285308838,35786,35796,10
12.9080600739,80.2284927368,35796,35806,10
12.9076795578,80.2284164429,35806,35816,10
12.9070796967,80.2283630371,35816,35826,10
12.9066095352,80.228302002,35826,35836,10
12.9059400558,80.2282409668,35836,35846,10
12.9052000046,80.2282180786,35846,35857,11
12.9043903351,80.2282028198,35857,35877,20
12.9043903351,80.2282028198,35877,35887,10
12.9041500092,80.228187561,35887,35897,10
12.9037399292,80.2281570435,35897,36078,181
12.9037399292,80.2281570435,36078,36089,11
12.9032001495,80.2281036377,36089,36099,10
12.9029197693,80.2280883789,36099,36109,10
12.902680397,80.2280807495,36109,36119,10
12.9024000168,80.2280578613,36119,36129,10
12.9022798538,80.2280731201,36129,36139,10
12.9020595551,80.2280502319,36139,36149,10
12.9018802643,80.2280502319,36149,36159,10
12.9017000198,80.2280197144,36159,36169,10
12.9014501572,80.2280273438,36169,36179,10
12.9011802673,80.2280502319,36179,36371,192
12.9011802673,80.2280502319,36371,36381,10
12.9008903503,80.2279205322,36381,36391,10
12.9004802704,80.2278823853,36391,36401,10
12.8998403549,80.2278671265,36401,36411,10
12.8988399506,80.2278823853,36411,36432,21
12.8988399506,80.2278823853,36432,36442,10
12.8987398148,80.2278823853,36442,36452,10
12.8984098434,80.2278366089,36452,36462,10
12.8978099823,80.2277908325,36462,36472,10
12.8969497681,80.2277526855,36472,36482,10
12.8959102631,80.227722168,36482,36492,10
12.8946895599,80.2276611328,36492,36502,10
12.8935699463,80.2275924683,36502,36512,10
12.8931999207,80.2275238037,36512,36522,10
12.8931703568,80.2275085449,36522,36532,10
12.8929195404,80.2274780273,36532,36581,49
12.8929195404,80.2274780273,36581,36593,12
12.8928604126,80.2274398804,36593,36603,10
12.8924598694,80.2274017334,36603,36613,10
12.8917703629,80.2273635864,36613,36623,10
12.8909597397,80.2273712158,36623,36633,10
12.8899097443,80.2273788452,36633,36643,10
12.8892297745,80.2273864746,36643,36654,11
12.8886499405,80.2273864746,36654,36664,10
12.8884401321,80.2273788452,36664,36674,10
12.8881797791,80.2273406982,36674,36684,10
12.887550354,80.2272567749,36684,36694,10
12.8866996765,80.2270965576,36694,36704,10
12.8858003616,80.2268829346,36704,36714,10
12.885140419,80.2267379761,36714,36724,10
12.8848400116,80.2267227173,36724,36734,10
12.884759903,80.2267303467,36734,36744,10
12.8842697144,80.2267227173,36744,36754,10
12.8834600449,80.2267227173,36754,36764,10
12.8826904297,80.2267227173,36764,36775,11
12.8816995621,80.2267227173,36775,36785,10
12.8805904388,80.2267303467,36785,36795,10
12.879360199,80.2267608643,36795,36805,10
12.8781995773,80.2268295288,36805,36815,10
12.8771800995,80.2269287109,36815,36825,10
12.876660347,80.2269592285,36825,36835,10
12.8764696121,80.2268676758,36835,36845,10
12.8764400482,80.2265014648,36845,36865,20
12.8764400482,80.2265014648,36865,36875,10
12.8765001297,80.226348877,36875,36886,11
12.8765602112,80.2256622314,36886,36896,10
12.876660347,80.2247314453,36896,36906,10
12.8768396378,80.2236099243,36906,36916,10
12.8771400452,80.222328186,36916,36926,10
12.8774595261,80.2209625244,36926,36936,10
12.8777399063,80.2197113037,36936,36946,10
12.8780097961,80.2185211182,36946,36956,10
12.8782701492,80.2172622681,36956,36966,10
12.8785200119,80.2160186768,36966,36976,10
12.8787698746,80.2148895264,36976,36986,10
12.8789997101,80.2136993408,36986,36997,11
12.8792495728,80.2123184204,36997,37007,10
12.8794403076,80.2113189697,37007,37017,10
12.8791503906,80.2108917236,37017,37037,20
12.8791503906,80.2108917236,37037,37047,10
12.8789796829,80.2108917236,37047,37056,9
12.8785896301,80.2108306885,37056,37066,10
12.8779201508,80.2107086182,37066,37077,11
12.8770999908,80.2105407715,37077,37087,10
12.8762702942,80.2103805542,37087,37097,10
12.8754997253,80.2102432251,37097,37108,11
12.8748102188,80.2101287842,37108,37118,10
12.8743896484,80.2097930908,37118,37138,20
12.8743896484,80.2097930908,37138,37148,10
12.874420166,80.2096481323,37148,37158,10
12.8746404648,80.2095184326,37158,37168,10
12.8746404648,80.2098007202,37168,37501,333
12.8746404648,80.2098007202,37501,37511,10
12.874710083,80.2099609375,37511,37521,10
12.8748197556,80.2101593018,37521,37531,10
12.8752403259,80.2102279663,37531,37541,10
12.8758096695,80.2103271484,37541,37551,10
12.8763198853,80.2104034424,37551,37561,10
12.8766202927,80.2104797363,37561,37572,11
12.8774204254,80.2106399536,37572,37582,10
12.8783302307,80.2108078003,37582,37592,10
12.8793201447,80.2109985352,37592,37612,20
12.8793201447,80.2109985352,37612,37622,10
12.8793296814,80.2110290527,37622,37632,10
12.8794898987,80.2111282349,37632,37642,10
12.8794403076,80.2115707397,37642,37652,10
12.8792896271,80.2122879028,37652,37662,10
12.8791503906,80.2130126953,37662,37672,10
12.8789997101,80.2137908936,37672,37683,11
12.8788404465,80.2146682739,37683,37693,10
12.8786697388,80.2154769897,37693,37703,10
12.8784799576,80.2163009644,37703,37713,10
12.8783197403,80.217086792,37713,37722,9
12.8781604767,80.2178726196,37722,37733,11
12.8779602051,80.2188262939,37733,37742,9
12.8777599335,80.2196426392,37742,37753,11
12.8775501251,80.2205886841,37753,37763,10
12.8773202896,80.2215270996,37763,37773,10
12.8770999908,80.2225112915,37773,37783,10
12.8768796921,80.2234573364,37783,37794,11
12.8766899109,80.2244491577,37794,37804,10
12.8765897751,80.2252807617,37804,37814,10
12.8765096664,80.2260665894,37814,37824,10
12.876449585,80.226852417,37824,37854,30
12.876449585,80.226852417,37854,37864,10
12.8766298294,80.226890564,37864,37874,10
12.8771295547,80.226852417,37874,37884,10
12.8779602051,80.2267913818,37884,37894,10
12.8789901733,80.2267227173,37894,37904,10
12.8801498413,80.2266998291,37904,37915,11
12.8813896179,80.2266769409,37915,37925,10
12.8824796677,80.2266693115,37925,37935,10
12.8835000992,80.2266616821,37935,37945,10
12.8843202591,80.2266387939,37945,37955,10
12.8847999573,80.2266311646,37955,37965,10
12.8851699829,80.2266311646,37965,37975,10
12.8851804733,80.2266387939,37975,37985,10
12.8854598999,80.2266921997,37985,37995,10
12.8860998154,80.226852417,37995,38005,10
12.8869600296,80.2270812988,38005,38015,10
12.8879404068,80.2272186279,38015,38026,11
12.8890104294,80.2272567749,38026,38036,10
12.889380455,80.2272567749,38036,38046,10
12.8896303177,80.2272720337,38046,38056,10
12.890250206,80.2272796631,38056,38066,10
12.8907003403,80.2272720337,38066,38076,10
12.8908395767,80.2272567749,38076,38086,10
12.8909702301,80.2272720337,38086,38096,10
12.8913202286,80.2272796631,38096,38106,10
12.8918399811,80.2272872925,38106,38116,10
12.8925199509,80.2273178101,38116,38126,10
12.8932600021,80.2274093628,38126,38137,11
12.8940496445,80.2274932861,38137,38147,10
12.8941602707,80.2275009155,38147,38157,10
12.8944396973,80.2275466919,38157,38167,10
12.8951196671,80.2276000977,38167,38177,10
12.8960399628,80.2276306152,38177,38187,10
12.8970603943,80.2276687622,38187,38197,10
12.8980197906,80.227722168,38197,38207,10
12.898730278,80.2277603149,38207,38217,10
12.8992595673,80.2277679443,38217,38258,41
12.8993501663,80.2278137207,38258,38298,40
12.8993501663,80.2278137207,38298,38308,10
12.8994197845,80.2277984619,38308,38318,10
12.8998203278,80.2278137207,38318,38328,10
12.9001998901,80.2278289795,38328,38338,10
12.9006099701,80.2278366089,38338,38500,162
12.9006099701,80.2278366089,38500,38510,10
12.9007997513,80.2278366089,38510,38520,10
12.9011697769,80.227897644,38520,38530,10
12.9016199112,80.2279434204,38530,38540,10
12.9023504257,80.2279586792,38540,38550,10
12.9029302597,80.2279586792,38550,38560,10
12.9029502869,80.2279586792,38560,38570,10
12.9033002853,80.2279586792,38570,38580,10
12.9039201736,80.2280197144,38580,38591,11
12.9048299789,80.2280807495,38591,38601,10
12.9054498672,80.2281112671,38601,38611,10
12.9060201645,80.2281265259,38611,38681,70
12.9060201645,80.2281265259,38681,38691,10
12.9061603546,80.2281112671,38691,38702,11
12.9066696167,80.2281494141,38702,38712,10
12.9069404602,80.228187561,38712,38722,10
12.9070100784,80.2282485962,38722,38732,10
12.9074602127,80.228302002,38732,38742,10
12.908249855,80.2284164429,38742,38752,10
12.909239769,80.2285919189,38752,38762,10
12.9104404449,80.2287979126,38762,38772,10
12.9116802216,80.2289886475,38772,38782,10
12.9128904343,80.2291564941,38782,38792,10
12.9139995575,80.2292785645,38792,38812,20
12.9139995575,80.2292785645,38812,38823,11
12.9140996933,80.229309082,38823,38833,10
12.9145097733,80.2293624878,38833,38843,10
12.9150400162,80.2294235229,38843,38853,10
12.9156398773,80.2295074463,38853,38863,10
12.9163303375,80.2296218872,38863,38873,10
12.9170398712,80.2297134399,38873,38883,10
12.9177398682,80.2298202515,38883,38893,10
12.918419838,80.2299118042,38893,38903,10
12.9193000793,80.2300186157,38903,38923,20
12.9193000793,80.2300186157,38923,38934,11
12.9196596146,80.2300796509,38934,38944,10
12.9202604294,80.230140686,38944,38954,10
12.920920372,80.2302093506,38954,38964,10
12.9216995239,80.2303237915,38964,38974,10
12.9223899841,80.230430603,38974,38984,10
12.9230203629,80.2305221558,38984,38994,10
12.9236602783,80.2305984497,38994,39004,10
12.9243402481,80.2306900024,39004,39013,9
12.9248600006,80.2307662964,39013,39024,11
12.9255399704,80.2308502197,39024,39034,10
12.9264698029,80.2309570313,39034,39055,21
12.9264698029,80.2309570313,39055,39065,10
12.9267501831,80.2309799194,39065,39075,10
12.9273700714,80.2310562134,39075,39085,10
12.9281702042,80.2311477661,39085,39095,10
12.9286699295,80.2312164307,39095,39105,10
12.928730011,80.2312164307,39105,39115,10
12.9289398193,80.231262207,39115,39125,10
12.9294900894,80.2313919067,39125,39135,10
12.9302797318,80.2315826416,39135,39145,10
12.9312400818,80.2318725586,39145,39156,11
12.9324102402,80.2322463989,39156,39166,10
12.933259964,80.2325363159,39166,39176,10
12.9337301254,80.232749939,39176,39186,10
12.9337301254,80.2327575684,39186,39196,10
12.9338197708,80.2328033447,39196,39206,10
12.9341897964,80.2329788208,39206,39216,10
12.9347801208,80.2332382202,39216,39226,10
12.9354896545,80.2335662842,39226,39236,10
12.9362602234,80.2339401245,39236,39246,10
12.9371099472,80.2343597412,39246,39256,10
12.9380302429,80.2348098755,39256,39266,10
12.9388999939,80.2352371216,39266,39277,11
12.9399003983,80.2357177734,39277,39297,20
12.9399003983,80.2357177734,39297,39307,10
12.9402198792,80.2358169556,39307,39316,9
12.9407300949,80.2359695435,39316,39327,11
12.9415502548,80.2361907959,39327,39337,10
12.942440033,80.2364273071,39337,39347,10
12.9433298111,80.2369384766,39347,39357,10
12.9438199997,80.2374191284,39357,39367,10
12.9438400269,80.2374191284,39367,39377,10
12.9438695908,80.2374420166,39377,39388,11
12.9441604614,80.23777771,39388,39398,10
12.9446697235,80.2383499146,39398,39408,10
12.945309639,80.2390365601,39408,39418,10
12.9462099075,80.2395019531,39418,39428,10
12.9475002289,80.240020752,39428,39448,20
12.9475002289,80.240020752,39448,39458,10
12.9476804733,80.2400665283,39458,39468,10
12.948220253,80.2403106689,39468,39478,10
12.9489402771,80.2406005859,39478,39529,51
12.9489402771,80.2406005859,39529,39539,10
12.9491596222,80.2406921387,39539,39549,10
12.949760437,80.2408981323,39549,39559,10
12.9505996704,80.2411575317,39559,39569,10
12.9511404037,80.2413330078,39569,39579,10
12.9511804581,80.2413635254,39579,39589,10
12.9516000748,80.2415084839,39589,39599,10
12.9523200989,80.2418136597,39599,39610,11
12.95333004,80.2421798706,39610,39620,10
12.9540395737,80.2424697876,39620,39630,10
12.9547796249,80.2427368164,39630,39640,10
12.955499649,80.2429962158,39640,39650,10
12.9563102722,80.2433013916,39650,39680,30
12.9563102722,80.2433013916,39680,39690,10
12.9566602707,80.2434082031,39690,39700,10
12.9573497772,80.2437210083,39700,39710,10
12.9580698013,80.2440414429,39710,39721,11
12.9587697983,80.2443618774,39721,39741,20
12.9587697983,80.2443618774,39741,39751,10
12.958990097,80.2445297241,39751,39761,10
12.9596099854,80.2448196411,39761,39771,10
12.9604101181,80.2451782227,39771,39781,10
12.961400032,80.2456207275,39781,39791,10
12.9623403549,80.2460784912,39791,39801,10
12.9628200531,80.2462768555,39801,39811,10
12.9632101059,80.2464828491,39811,39821,10
12.9636802673,80.2467422485,39821,39831,10
12.9643802643,80.2470016479,39831,39842,11
12.9652900696,80.2473068237,39842,39852,10
12.9665002823,80.247756958,39852,39872,20
12.9665002823,80.247756958,39872,39882,10
12.9667701721,80.2479019165,39882,39892,10
12.966919899,80.2479782104,39892,39902,10
12.9669799805,80.2480316162,39902,39912,10
12.9672203064,80.2481613159,39912,39922,10
12.9677801132,80.2483901978,39922,39932,10
12.9686203003,80.2487411499,39932,39942,10
12.9696598053,80.2491836548,39942,39953,11
12.9710197449,80.2496566772,39953,39963,10
12.9723396301,80.2500228882,39963,39973,10
12.9735803604,80.2503433228,39973,39983,10
12.9747200012,80.2506408691,39983,39993,10
12.9750499725,80.2507171631,39993,40003,10
12.9753599167,80.2508087158,40003,40013,10
12.9760704041,80.2510375977,40013,40023,10
12.9770202637,80.2513427734,40023,40033,10
12.9779901505,80.2519989014,40033,40043,10
12.9787998199,80.252532959,40043,40053,10
12.9792804718,80.2525634766,40053,40064,11
12.9798402786,80.252532959,40064,40074,10
12.9799003601,80.2525100708,40074,40084,10
12.9800100327,80.2522125244,40084,40094,10
12.9801902771,80.2515716553,40094,40104,10
12.9804496765,80.2506790161,40104,40114,10
12.9806900024,80.2495574951,40114,40124,10
12.980799675,80.2483901978,40124,40134,10
12.980890274,80.247467041,40134,40144,10
12.981010437,80.2460174561,40144,40154,10
12.9811201096,80.2450485229,40154,40164,10
12.9812002182,80.2440185547,40164,40174,10
12.9813299179,80.243598938,40174,40185,11
12.9813604355,80.2431182861,40185,40195,10
12.9813699722,80.2429580688,40195,40205,10
12.9813804626,80.2427520752,40205,40215,10
12.9813699722,80.2422485352,40215,40225,10
12.9813699722,80.2415466309,40225,40235,10
12.9813604355,80.2406692505,40235,40245,10
12.9813404083,80.2398986816,40245,40255,10
12.9813203812,80.239616394,40255,40265,10
12.9813098907,80.2394485474,40265,40275,10
12.9812898636,80.2388763428,40275,40285,10
12.9812698364,80.2381896973,40285,40302,17
12.9812602997,80.2378234863,40302,40315,13
12.9812402725,80.2370681763,40315,40325,10
12.9812202454,80.2362670898,40325,40335,10
12.9812002182,80.2358016968,40335,40345,10
12.9811897278,80.235496521,40345,40354,9
12.9811897278,80.2352828979,40354,40365,11
12.981180191,80.235168457,40365,40375,10
12.981180191,80.2349395752,40375,40385,10
12.981180191,80.2344512939,40385,40406,21
12.981180191,80.2344512939,40406,40416,10
12.9812402725,80.2341766357,40416,40426,10
12.9813098907,80.2339935303,40426,40436,10
12.9813804626,80.2338485718,40436,40446,10
12.9814195633,80.233757019,40446,40456,10
12.9814996719,80.2335968018,40456,40466,10
12.9815301895,80.2335586548,40466,40476,10
12.9816398621,80.2333831787,40476,40486,10
12.9817800522,80.2330703735,40486,40496,10
12.9819498062,80.2325973511,40496,40506,10
12.9820203781,80.2322769165,40506,40516,10
12.9819898605,80.231880188,40516,40527,11
12.9819698334,80.2314910889,40527,40537,10
12.9818296432,80.2310180664,40537,40547,10
12.9815196991,80.2304077148,40547,40557,10
12.9811096191,80.2297363281,40557,40567,10
12.9808502197,80.2292404175,40567,40577,10
12.9806098938,80.2288589478,40577,40587,10
12.9804897308,80.2286911011,40587,40597,10
12.9802303314,80.2282562256,40597,40607,10
12.9798698425,80.2276611328,40607,40617,10
12.9794197083,80.2268981934,40617,40627,10
12.9788999557,80.226020813,40627,40638,11
12.9783697128,80.225151062,40638,40648,10
12.978099823,80.2247161865,40648,40658,10
12.9778900146,80.2244720459,40658,40668,10
12.9775600433,80.2238998413,40668,40678,10
12.9771404266,80.2232131958,40678,40688,10
12.9769496918,80.2228088379,40688,40698,10
12.9770803452,80.2227325439,40698,40708,10
12.9771203995,80.2227172852,40708,40718,10
12.9775295258,80.2226333618,40718,40728,10
12.977519989,80.2221679688,40728,40738,10
12.9774999619,80.2216033936,40738,40749,11
12.9774904251,80.2213363647,40749,40759,10
12.977809906,80.2212295532,40759,40769,10
12.9784297943,80.2211914063,40769,40779,10
12.9792003632,80.2211227417,40779,40789,10
12.9799604416,80.2210769653,40789,40799,10
12.9805002213,80.221031189,40799,40809,10
12.9811296463,80.2210617065,40809,40819,10
12.9815597534,80.2212982178,40819,40829,10
12.9818401337,80.2215194702,40829,40839,10
12.981880188,80.2215423584,40839,40849,10
12.9822702408,80.2217178345,40849,40860,11
12.9826402664,80.2218399048,40860,40870,10
12.9829397202,80.2219390869,40870,40880,10
12.9830703735,80.2219924927,40880,40890,10
12.9834003448,80.2222137451,40890,40900,10
12.983710289,80.2224197388,40900,40910,10
12.9842996597,80.2227935791,40910,40920,10
12.9850196838,80.223197937,40920,40930,10
12.9855899811,80.2231216431,40930,40940,10
12.9862604141,80.2229766846,40940,40950,10
12.9864597321,80.2229919434,40950,40960,10
12.9868001938,80.2230072021,40960,40970,10
12.9872198105,80.2230682373,40970,40982,12
12.9880695343,80.2228775024,40982,40992,10
12.9887399673,80.2222976685,40992,41002,10
12.9892301559,80.2216873169,41002,41012,10
12.9897699356,80.220993042,41012,41022,10
12.9903202057,80.2204437256,41022,41032,10
12.9904203415,80.2203826904,41032,41042,10
12.9906702042,80.2202224731,41042,41052,10
12.9911603928,80.2198104858,41052,41062,10
12.9914999008,80.2195892334,41062,41072,10
12.9917201996,80.2193832397,41072,41082,10
12.9923200607,80.218963623,41082,41093,11
12.9932003021,80.2183227539,41093,41103,10
12.9938898087,80.2178421021,41103,41112,9
12.9944601059,80.2174301147,41112,41123,11
12.9949903488,80.217048645,41123,41133,10
12.995349884,80.2168426514,41133,41143,10
12.9959802628,80.2166213989,41143,41153,10
12.9967403412,80.2164916992,41153,41163,10
12.9972200394,80.2164001465,41163,41173,10
12.9975500107,80.2160568237,41173,41183,10
12.9976501465,80.2160186768,41183,41193,10
12.998000145,80.2156982422,41193,41204,11
12.99862957,80.215133667,41204,41214,10
12.9990901947,80.2147674561,41214,41224,10
12.999420166,80.2145004272,41224,41234,10
12.9998598099,80.2140808105,41234,41244,10
13.0002698898,80.2137298584,41244,41254,10
13.0009298325,80.213180542,41254,41264,10
13.0014600754,80.2127838135,41264,41274,10
13.0020303726,80.2123794556,41274,41284,10
13.002579689,80.2121200562,41284,41293,9
13.003080368,80.2120819092,41293,41303,10
13.0034999847,80.212059021,41303,41315,12
13.0035600662,80.2120437622,41315,41325,10
13.0037002563,80.2118835449,41325,41335,10
13.0037002563,80.21144104,41335,41345,10
13.0036401749,80.2107391357,41345,41355,10
13.0035600662,80.2101516724,41355,41365,10
13.0035295486,80.2095565796,41365,41375,10
13.0036401749,80.208946228,41375,41385,10
13.0040397644,80.2086334229,41385,41395,10
13.004699707,80.2089309692,41395,41405,10
13.0053796768,80.2092285156,41405,41415,10
13.0059404373,80.2094421387,41415,41425,10
13.0063400269,80.2095718384,41425,41436,11
13.0068902969,80.2097320557,41436,41446,10
13.0070295334,80.2097625732,41446,41456,10
13.007109642,80.2097930908,41456,41466,10
13.0076799393,80.2098999023,41466,41476,10
13.008190155,80.2098922729,41476,41486,10
13.0080499649,80.2093200684,41486,41496,10
13.0078897476,80.2084274292,41496,41506,10
13.0077199936,80.2075271606,41506,41516,10
13.0075998306,80.2065811157,41516,41526,10
13.0075101852,80.205581665,41526,41536,10
13.0075397491,80.2047119141,41536,41547,11
13.0074501038,80.2037200928,41547,41556,9
13.0072803497,80.2028427124,41556,41567,11
13.0065498352,80.2027664185,41567,41577,10
13.0068798065,80.2034225464,41577,41587,10
13.0077400208,80.2037200928,41587,41597,10
13.0089998245,80.2036895752,41597,41607,10
13.0104703903,80.20362854,41607,41617,10
13.0118703842,80.2037582397,41617,41627,10
13.012960434,80.2039794922,41627,41637,10
13.0135803223,80.2041625977,41637,41647,10
13.0136995316,80.2042770386,41647,41658,11
13.0136604309,80.2045288086,41658,41667,9
13.0135002136,80.2049865723,41667,41678,11
13.0131902695,80.2059020996,41678,41688,10
13.0130195618,80.2068405151,41688,41698,10
13.0129499435,80.2075195313,41698,41707,9
13.0128898621,80.2078475952,41707,41718,11
13.0128602982,80.2082901001,41718,41728,10
13.0128602982,80.2086410522,41728,41738,10
13.0129699707,80.2092590332,41738,41748,10
13.0131397247,80.2097167969,41748,41758,10
13.0131101608,80.2104110718,41758,41769,11
13.0128002167,80.2113265991,41769,41779,10
13.0124101639,80.2119903564,41779,41789,10
13.0121002197,80.2124404907,41789,41799,10
13.0119104385,80.212677002,41799,41809,10
13.011639595,80.212677002,41809,41819,10
13.0110702515,80.2122802734,41819,41829,10
13.0104503632,80.2118225098,41829,41839,10
13.0103397369,80.2117462158,41839,41849,10
13.0101003647,80.2115478516,41849,41859,10
13.0097398758,80.2113113403,41859,42081,222
13.0094995499,80.2110519409,42081,42485,404
13.0094995499,80.2110519409,42485,42495,10
13.0091896057,80.2112731934,42495,42505,10
13.0090303421,80.2115631104,42505,42515,10
13.0090999603,80.2119369507,42515,42525,10
13.0093002319,80.2125091553,42525,42534,9
13.0094995499,80.2130584717,42534,42546,12
13.0097999573,80.2138214111,42546,42555,9
13.0100002289,80.214302063,42555,42566,11
13.0101604462,80.2149581909,42566,42576,10
13.0102300644,80.2154388428,42576,42586,10
13.0103998184,80.2159881592,42586,42596,10
13.0106601715,80.216583252,42596,42606,10
13.0109796524,80.2172698975,42606,42616,10
13.011300087,80.2180023193,42616,42626,10
13.0116100311,80.2188720703,42626,42636,10
13.0119104385,80.2197799683,42636,42646,10
13.0122003555,80.2206573486,42646,42655,9
13.0123300552,80.2212677002,42655,42665,10
13.0124702454,80.2216491699,42665,42677,12
13.0129699707,80.2221908569,42677,42687,10
13.0134801865,80.2227172852,42687,42697,10
13.0139503479,80.2232818604,42697,42707,10
13.0143499374,80.2237701416,42707,42717,10
13.0147800446,80.2244415283,42717,42727,10
13.0152397156,80.2249603271,42727,42737,10
13.0154399872,80.2253570557,42737,42747,10
13.0153398514,80.2257766724,42747,42757,10
13.0150899887,80.2259216309,42757,42767,10
13.0148601532,80.226020813,42767,42777,10
13.0142698288,80.2262496948,42777,42787,10
13.0134401321,80.2265625,42787,42798,11
13.0124397278,80.2269363403,42798,42808,10
13.0114603043,80.2273330688,42808,42818,10
13.0104904175,80.2276992798,42818,42828,10
13.0096998215,80.2279281616,42828,42838,10
13.0095500946,80.2274398804,42838,42848,10
13.0098600388,80.2267990112,42848,42858,10
13.0102300644,80.2259292603,42858,42868,10
13.0105104446,80.2252426147,42868,42878,10
13.0107898712,80.2247009277,42878,42888,10
13.0110902786,80.2240066528,42888,42898,10
13.0113296509,80.2233123779,42898,42909,11
13.0107002258,80.2229614258,42909,42919,10
13.0098695755,80.2225189209,42919,42929,10
13.0090799332,80.2220535278,42929,42939,10
13.0083799362,80.2216415405,42939,42949,10
13.0075798035,80.2212295532,42949,42959,10
13.0067396164,80.2208786011,42959,42969,10
13.0059204102,80.2205963135,42969,42978,9
13.0051403046,80.2203979492,42978,42988,10
13.0043497086,80.220199585,42988,42999,11
13.0036001205,80.2200164795,42999,43009,10
13.0026597977,80.2197113037,43009,43020,11
13.0019903183,80.219078064,43020,43030,10
13.0014095306,80.21849823,43030,43040,10
13.0007095337,80.2180480957,43040,43048,8
13.0002002716,80.2177124023,43048,43060,12
12.9994001389,80.2172164917,43060,43070,10
12.998459816,80.2167434692,43070,43078,8
12.9976797104,80.2165603638,43078,43089,11
12.9973096848,80.2165527344,43089,43100,11
12.9971399307,80.2165603638,43100,43110,10
12.9965600967,80.216583252,43110,43120,10
12.9957504272,80.2167510986,43120,43130,10
12.995059967,80.2170791626,43130,43140,10
12.9944801331,80.2174682617,43140,43151,11
12.9937295914,80.2180099487,43151,43161,10
12.9929599762,80.2185821533,43161,43171,10
12.9922504425,80.2191009521,43171,43181,10
12.9913396835,80.2197723389,43181,43191,10
12.9908599854,80.220123291,43191,43201,10
12.9908399582,80.2201385498,43201,43211,10
12.9905700684,80.2203369141,43211,43221,10
12.9900102615,80.2207870483,43221,43231,10
12.9895095825,80.2213363647,43231,43241,10
12.9890604019,80.2219390869,43241,43252,11
12.9876298904,80.2230911255,43252,43282,30
12.9876298904,80.2230911255,43282,43292,10
12.9871797562,80.2230682373,43292,43308,16
12.9865198135,80.2229614258,43308,43320,12
12.9858798981,80.2229919434,43320,43330,10
12.9855003357,80.2232589722,43330,43340,10
12.9847002029,80.2231292725,43340,43441,101
12.9847002029,80.2231292725,43441,43451,10
12.9844903946,80.2229995728,43451,43461,10
12.9840097427,80.2227325439,43461,43471,10
12.9836502075,80.2225265503,43471,43482,11
12.9832401276,80.2222213745,43482,43502,20
12.9832401276,80.2222213745,43502,43512,10
12.9829902649,80.2219772339,43512,43522,10
12.9825801849,80.2218017578,43522,43532,10
12.9818696976,80.2214584351,43532,43562,30
12.9818696976,80.2214584351,43562,43572,10
12.9814796448,80.2213363647,43572,43582,10
12.9810695648,80.2211685181,43582,43593,11
12.9802799225,80.2211532593,43593,43603,10
12.9795799255,80.2211608887,43603,43613,10
12.9787998199,80.2211990356,43613,43623,10
12.9784402847,80.2211608887,43623,43633,10
12.9777002335,80.2212371826,43633,43643,10
12.9768695831,80.2212600708,43643,43653,10
12.976269722,80.2212600708,43653,43663,10
12.9764204025,80.2218399048,43663,43704,41
12.9764204025,80.2218399048,43704,43714,10
12.9765396118,80.2222213745,43714,43724,10
12.9768800735,80.2227783203,43724,43734,10
12.9773397446,80.2235565186,43734,43744,10
12.9777603149,80.2242126465,43744,43754,10
12.9781904221,80.224899292,43754,43764,10
12.9785404205,80.2254486084,43764,43774,10
12.9785699844,80.2255020142,43774,43784,10
12.9786901474,80.2257080078,43784,43794,10
12.9789495468,80.2261581421,43794,43804,10
12.979180336,80.2265625,43804,43815,11
12.9794301987,80.2269363403,43815,43825,10
12.9797496796,80.2274475098,43825,43835,10
12.9801502228,80.2281036377,43835,43845,10
12.980509758,80.2287902832,43845,43855,10
12.9808101654,80.2292861938,43855,43865,10
12.9812097549,80.2298812866,43865,43875,10
12.9816598892,80.2305297852,43875,43895,20
12.9816598892,80.2305297852,43895,43905,10
12.9817199707,80.2306594849,43905,43915,10
12.981880188,80.2310714722,43915,43925,10
12.982000351,80.2316513062,43925,43935,10
12.982000351,80.2323379517,43935,43946,11
12.9818201065,80.2330474854,43946,43956,10
12.9816799164,80.2333526611,43956,43966,10
12.9815797806,80.2335891724,43966,43986,20
12.9815797806,80.2335891724,43986,43996,10
12.9813899994,80.2339706421,43996,44006,10
12.9812097549,80.2344894409,44006,44016,10
12.9811897278,80.2353210449,44016,44026,10
12.9812297821,80.2362136841,44026,44036,10
12.9812602997,80.2369003296,44036,44047,11
12.9812898636,80.237701416,44047,44057,10
12.9813098907,80.2387008667,44057,44076,19
12.9813098907,80.2387008667,44076,44087,11
12.9813299179,80.2387390137,44087,44097,10
12.9813299179,80.2391815186,44097,44107,10
12.9813404083,80.239692688,44107,44117,10
12.9813499451,80.2402496338,44117,44127,10
12.9813604355,80.2410736084,44127,44137,10
12.9813699722,80.2418823242,44137,44147,10
12.9813604355,80.2428817749,44147,44168,21
12.9813604355,80.2428817749,44168,44178,10
12.9813404083,80.2431182861,44178,44188,10
12.9813203812,80.2437286377,44188,44198,10
12.9811897278,80.2445907593,44198,44208,10
12.9810600281,80.2456436157,44208,44218,10
12.9809303284,80.2468414307,44218,44228,10
12.9808301926,80.2481536865,44228,44238,10
12.9807195663,80.249458313,44238,44248,10
12.9804801941,80.250617981,44248,44258,10
12.9801998138,80.2516479492,44258,44269,11
12.9800395966,80.252243042,44269,44279,10
12.9799499512,80.2524185181,44279,44289,10
12.9799003601,80.2526016235,44289,44329,40
12.9799003601,80.2526016235,44329,44339,10
12.9796495438,80.2527999878,44339,44349,10
12.9789896011,80.2527008057,44349,44359,10
12.9785003662,80.2525634766,44359,44369,10
12.9784803391,80.2525405884,44369,44379,10
12.9781303406,80.2522735596,44379,44390,11
12.9774503708,80.2516403198,44390,44400,10
12.9764404297,80.2512207031,44400,44410,10
12.9752197266,80.250869751,44410,44420,10
12.9739303589,80.2505111694,44420,44430,10
12.9725198746,80.2501831055,44430,44450,20
12.9725198746,80.2501831055,44450,44460,10
12.9723501205,80.2501373291,44460,44470,10
12.971830368,80.25,44470,44480,10
12.970990181,80.2497711182,44480,44490,10
12.9699296951,80.249420166,44490,44501,11
12.9687204361,80.2489776611,44501,44511,10
12.967590332,80.2485198975,44511,44521,10
12.9666204453,80.2480316162,44521,44531,10
12.9657402039,80.2476425171,44531,44541,10
12.9650802612,80.2474136353,44541,44551,10
12.9650602341,80.2473983765,44551,44561,10
12.9649095535,80.2473907471,44561,44571,10
12.9644298553,80.247177124,44571,44581,10
12.9637203217,80.246887207,44581,44591,10
12.9629001617,80.2464675903,44591,44601,10
12.9619102478,80.2459564209,44601,44612,11
12.9607896805,80.2454299927,44612,44622,10
12.9597501755,80.2449874878,44622,44632,10
12.9593601227,80.2448196411,44632,44642,10
12.9593400955,80.2448120117,44642,44652,10
12.9589195251,80.2446212769,44652,44662,10
12.9582195282,80.2443084717,44662,44672,10
12.9575996399,80.2440795898,44672,44682,10
12.957110405,80.243812561,44682,44712,30
12.9569997787,80.2437515259,44712,44753,41
12.9569997787,80.2437515259,44753,44763,10
12.9568500519,80.2436981201,44763,44773,10
12.9567604065,80.2436599731,44773,44782,9
12.9566297531,80.243598938,44782,44874,92
12.9566297531,80.243598938,44874,44884,10
12.9561595917,80.2434234619,44884,44894,10
12.9554700851,80.2431564331,44894,44904,10
12.9547700882,80.2428665161,44904,44914,10
12.9536399841,80.2424163818,44914,44924,10
12.9526195526,80.2419967651,44924,44934,10
12.9517297745,80.2417221069,44934,44944,10
12.9515800476,80.2416763306,44944,44955,11
12.9511804581,80.2415237427,44955,44965,10
12.9504804611,80.2412796021,44965,44975,10
12.9496297836,80.2409973145,44975,44985,10
12.9491701126,80.240852356,44985,44995,10
12.948559761,80.2406082153,44995,45005,10
12.9477796555,80.2403030396,45005,45015,10
12.9471902847,80.2400817871,45015,45025,10
12.9471702576,80.2400665283,45025,45035,10
12.9468097687,80.2398986816,45035,45045,10
12.9461402893,80.2396087646,45045,45055,10
12.9452896118,80.2391815186,45055,45066,11
12.9443597794,80.2382507324,45066,45076,10
12.943570137,80.2374572754,45076,45086,10
12.9432096481,80.2370986938,45086,45096,10
12.9431600571,80.2370529175,45096,45106,10
12.9428796768,80.2368011475,45106,45116,10
12.942199707,80.2364578247,45116,45126,10
12.9411897659,80.2361907959,45126,45136,10
12.9401197433,80.2359237671,45136,45146,10
12.9396095276,80.2357406616,45146,45156,10
12.9393997192,80.2356414795,45156,45166,10
12.9387903214,80.2353591919,45166,45176,10
12.9379196167,80.2349090576,45176,45187,11
12.9368200302,80.2343826294,45187,45197,10
12.9361095428,80.2340393066,45197,45207,10
12.9357500076,80.2338790894,45207,45217,10
12.9351596832,80.233581543,45217,45227,10
12.9343204498,80.2332077026,45227,45237,10
12.9338798523,80.2330093384,45237,45247,10
12.9337396622,80.2329330444,45247,45257,10
12.9332304001,80.2326812744,45257,45267,10
12.9323997498,80.2323608398,45267,45277,10
12.9313201904,80.2319793701,45277,45287,10
12.9301595688,80.2316436768,45287,45298,11
12.9289197922,80.2313995361,45298,45308,10
12.9277496338,80.2311935425,45308,45318,10
12.9266195297,80.2310714722,45318,45328,10
12.9261798859,80.2310409546,45328,45338,10
12.9259901047,80.2310180664,45338,45348,10
12.9253902435,80.2309417725,45348,45358,10
12.9245300293,80.2308273315,45358,45368,10
12.9234304428,80.2306900024,45368,45378,10
12.9222002029,80.2305221558,45378,45388,10
12.9208602905,80.2303314209,45388,45398,10
12.9197301865,80.2302093506,45398,45409,11
12.9193201065,80.2301635742,45409,45419,10
12.9189901352,80.2301101685,45419,45429,10
12.9182796478,80.2299880981,45429,45439,10
12.9173202515,80.2298583984,45439,45449,10
12.9166297913,80.2297821045,45449,45459,10
12.9157495499,80.229637146,45459,45469,10
12.9146099091,80.2294387817,45469,45479,10
12.9135704041,80.229309082,45479,45489,10
12.9128303528,80.2292404175,45489,45499,10
12.9127397537,80.2292404175,45499,45509,10
12.9123401642,80.2291793823,45509,45519,10
12.9115400314,80.2290496826,45519,45530,11
12.9103403091,80.2288818359,45530,45540,10
12.9090595245,80.2286682129,45540,45550,10
12.9079198837,80.2284927368,45550,45560,10
12.907119751,80.2283401489,45560,45580,20
12.907119751,80.2283401489,45580,45590,10
12.9069004059,80.2283401489,45590,45600,10
12.9064302444,80.2282867432,45600,45610,10
12.905579567,80.2282409668,45610,45626,16
12.9038896561,80.2281570435,45626,45638,12
12.9025001526,80.2280731201,45638,45648,10
12.9013996124,80.2279968262,45648,45659,11
12.9005403519,80.2279586792,45659,45669,10
12.8998603821,80.2279434204,45669,45679,10
12.8992300034,80.2279129028,45679,45689,10
12.8988199234,80.2279434204,45689,45699,10
12.8987903595,80.2279281616,45699,45709,10
12.8983898163,80.2278823853,45709,45719,10
12.897600174,80.2277984619,45719,45729,10
12.8963699341,80.2277374268,45729,45739,10
12.8951597214,80.2276763916,45739,45748,9
12.8941202164,80.2276306152,45748,45759,11
12.8933000565,80.2275466919,45759,45770,11
12.8927297592,80.2275009155,45770,45780,10
12.8925199509,80.2274627686,45780,45790,10
12.8918104172,80.2273864746,45790,45800,10
12.8907499313,80.2273788452,45800,45810,10
12.8894901276,80.2273864746,45810,45820,10
12.8882198334,80.2273635864,45820,45830,10
12.886879921,80.227180481,45830,45840,10
12.8855695724,80.2268676758,45840,45850,10
12.8848600388,80.2267837524,45850,45860,10
12.8846702576,80.2267608643,45860,45871,11
12.8838996887,80.2267303467,45871,45881,10
12.8828496933,80.2267303467,45881,45891,10
12.8815498352,80.2267532349,45891,45901,10
12.8801403046,80.2267608643,45901,45911,10
12.8786802292,80.2268066406,45911,45921,10
12.877409935,80.2269210815,45921,45931,10
12.8766098022,80.2269897461,45931,45941,10
12.8764600754,80.2269592285,45941,45951,10
12.8763904572,80.2266921997,45951,45961,10
12.8763904572,80.2266082764,45961,45971,10
12.8764400482,80.2262878418,45971,45982,11
12.876540184,80.225402832,45982,45992,10
12.876660347,80.2243118286,45992,46002,10
12.8769302368,80.2229919434,46002,46012,10
12.8772602081,80.2215576172,46012,46022,10
12.8775997162,80.2200698853,46022,46032,10
12.8779401779,80.2185821533,46032,46042,10
12.8782501221,80.2170715332,46042,46052,10
12.8785400391,80.215637207,46052,46062,10
12.8788099289,80.2143630981,46062,46072,10
12.8790502548,80.2130889893,46072,46082,10
12.8792695999,80.2118988037,46082,46092,10
12.8794002533,80.2111282349,46092,46103,11
12.8789997101,80.2109069824,46103,46113,10
12.8789396286,80.2109069824,46113,46123,10
12.8788795471,80.2109375,46123,46133,10
12.8783998489,80.2108535767,46133,46143,10
12.8776397705,80.2107162476,46143,46153,10
12.8767795563,80.2105407715,46153,46163,10
12.8757200241,80.2103424072,46163,46173,10
12.8747596741,80.2101669312,46173,46183,10
12.8743600845,80.2098999023,46183,46193,10
12.8743801117,80.209777832,46193,46202,9
12.8744096756,80.2097167969,46202,46214,12
12.8747997284,80.2097320557,46214,47565,1351
12.8749704361,80.2097396851,47565,47677,112
12.8749399185,80.209777832,47677,47849,172
12.8749399185,80.209777832,47849,47859,10
12.8746795654,80.2098312378,47859,47869,10
12.8746700287,80.2101135254,47869,47879,10
12.8751296997,80.2102203369,47879,47889,10
12.8757200241,80.210319519,47889,47899,10
12.8764200211,80.2104492188,47899,47909,10
12.8770799637,80.2105865479,47909,47919,10
12.8777503967,80.2107009888,47919,47929,10
12.8783798218,80.2108306885,47929,47940,11
12.8790597916,80.2109603882,47940,47950,10
12.8794698715,80.2111587524,47950,47960,10
12.879360199,80.2118225098,47960,47970,10
12.8791999817,80.2126464844,47970,47980,10
12.8790502548,80.213470459,47980,47990,10
12.8789100647,80.2141799927,47990,48000,10
12.8787002563,80.2152786255,48000,48010,10
12.8784799576,80.2162399292,48010,48020,10
12.878279686,80.2172164917,48020,48030,10
12.8780603409,80.2182922363,48030,48040,10
12.8778295517,80.2193222046,48040,48051,11
12.8775396347,80.2205810547,48051,48061,10
12.877240181,80.2218780518,48061,48071,10
12.8769197464,80.2232208252,48071,48081,10
12.876660347,80.2245407104,48081,48091,10
12.8765296936,80.2258224487,48091,48101,10
12.8764200211,80.2265625,48101,48111,10
12.8764400482,80.2268829346,48111,48121,10
12.8768501282,80.2268981934,48121,48131,10
12.8776903152,80.2268218994,48131,48141,10
12.878780365,80.2267227173,48141,48151,10
12.8800802231,80.2266616821,48151,48162,11
12.8816299438,80.2266311646,48162,48172,10
12.8830699921,80.2266082764,48172,48182,10
12.8844203949,80.2265701294,48182,48192,10
12.8856201172,80.2266998291,48192,48202,10
12.8869199753,80.2270431519,48202,48218,16
12.8889198303,80.2272567749,48218,48230,12
12.8906002045,80.2272720337,48230,48239,9
12.8916797638,80.2272567749,48239,48253,14
12.8931303024,80.2273788452,48253,48263,10
12.8941402435,80.2275085449,48263,48273,10
12.8946504593,80.2275085449,48273,48284,11
12.8949899673,80.2275238037,48284,48294,10
12.8958101273,80.2275466919,48294,48304,10
12.8969602585,80.2275924683,48304,48314,10
12.898150444,80.2276687622,48314,48324,10
12.8993196487,80.2277374268,48324,48347,23
12.9024801254,80.2278823853,48347,48367,20
12.9024801254,80.2278823853,48367,48379,12
12.9026203156,80.2278823853,48379,48389,10
12.9032402039,80.2279205322,48389,48398,9
12.9040603638,80.2279968262,48398,48410,12
12.9053602219,80.2280807495,48410,48420,10
12.9063396454,80.2281417847,48420,48459,39
12.9063396454,80.2281417847,48459,48470,11
12.906370163,80.2280578613,48470,48480,10
12.9064903259,80.2280426025,48480,48490,10
12.9072504044,80.2281799316,48490,48500,10
12.9072504044,80.2281799316,48500,48511,11
12.9083003998,80.2283782959,48511,48521,10
12.9095001221,80.2285995483,48521,48531,10
12.9108600616,80.2288284302,48531,48541,10
12.9122800827,80.2290420532,48541,48551,10
12.9136400223,80.2292404175,48551,48561,10
12.9149303436,80.2293777466,48561,48571,10
12.9160203934,80.2295379639,48571,48581,10
12.9170198441,80.2296829224,48581,48591,10
12.9183197021,80.2298583984,48591,48601,10
12.9191799164,80.2299575806,48601,48611,10
12.9192800522,80.2299728394,48611,48621,10
12.9197797775,80.2300491333,48621,48632,11
12.9207496643,80.2301864624,48632,48642,10
12.9219303131,80.2303466797,48642,48652,10
12.9232597351,80.2305603027,48652,48662,10
12.9246397018,80.230758667,48662,48672,10
12.925860405,80.2308807373,48672,48682,10
12.9264602661,80.2309188843,48682,48692,10
12.9265699387,80.2309112549,48692,48702,10
12.9271602631,80.2309875488,48702,48712,10
12.9280796051,80.2311401367,48712,48722,10
12.9290704727,80.2313079834,48722,48732,10
12.930100441,80.2315368652,48732,48743,11
12.9314603806,80.2319412231,48743,48753,10
12.9327297211,80.2323684692,48753,48763,10
12.9336204529,80.2327194214,48763,48773,10
12.9337701797,80.2327880859,48773,48783,10
12.9338598251,80.2328186035,48783,48793,10
12.9343204498,80.233039856,48793,48803,10
12.9350700378,80.2334213257,48803,48813,10
12.9356002808,80.2336730957,48813,48823,10
12.9360303879,80.23387146,48823,48833,10
12.9367904663,80.2342300415,48833,48843,10
12.9377803802,80.2347183228,48843,48860,17
12.9395704269,80.2355880737,48860,48872,12
12.9398603439,80.2357025146,48872,48882,10
12.940030098,80.2357635498,48882,48893,11
12.9407100677,80.236000061,48893,48903,10
12.9415302277,80.2361831665,48903,48911,8
12.9423999786,80.2364196777,48911,48922,11
12.9435195923,80.2371673584,48922,48934,12
12.9438400269,80.2374725342,48934,48944,10
12.9440402985,80.2377319336,48944,48954,10
12.9445295334,80.2383117676,48954,48965,11
12.9453601837,80.2391433716,48965,48974,9
12.9463396072,80.2396087646,48974,48985,11
12.9473695755,80.240020752,48985,49005,20
12.9473695755,80.240020752,49005,49015,10
12.9474401474,80.240020752,49015,49025,10
12.9478702545,80.240196228,49025,49035,10
12.9488296509,80.2405929565,49035,49086,51
12.9488296509,80.2405929565,49086,49096,10
12.9492797852,80.2407531738,49096,49106,10
12.9499797821,80.2409896851,49106,49116,10
12.9507303238,80.2412033081,49116,49126,10
12.9511203766,80.2413406372,49126,49136,10
12.9511203766,80.2413482666,49136,49146,10
12.9514503479,80.2415008545,49146,49156,10
12.9521198273,80.2417526245,49156,49166,10
12.9530000687,80.2420806885,49166,49176,10
12.9538402557,80.2424087524,49176,49186,10
12.95470047,80.2427597046,49186,49196,10
12.9555196762,80.2430496216,49196,49207,11
12.9562101364,80.2432785034,49207,49217,10
12.9565601349,80.2434234619,49217,49227,10
12.9571800232,80.2437210083,49227,49237,10
12.9580202103,80.2440795898,49237,49247,10
12.9585504532,80.2443008423,49247,49257,10
12.9586200714,80.2443466187,49257,49267,10
12.9590597153,80.2445678711,49267,49276,9
12.9594802856,80.244758606,49276,49287,11
12.9603099823,80.2451324463,49287,49297,10
12.9612998962,80.2455825806,49297,49308,11
12.9625301361,80.2461776733,49308,49318,10
12.9632501602,80.2465591431,49318,49328,10
12.9634799957,80.2466201782,49328,49338,10
12.9638395309,80.2468109131,49338,49348,10
12.9645299911,80.2470779419,49348,49358,10
12.9654502869,80.2473907471,49358,49368,10
12.9663896561,80.247718811,49368,49378,10
12.9667396545,80.2478790283,49378,49388,10
12.9668197632,80.2479324341,49388,49398,10
12.9672803879,80.2481994629,49398,49408,10
12.9680700302,80.2485198975,49408,49418,10
12.9690799713,80.2489395142,49418,49429,11
12.9703998566,80.2494506836,49429,49439,10
12.9717197418,80.2498168945,49439,49449,10
12.9730596542,80.2501602173,49449,49465,16
12.9745397568,80.250541687,49465,49477,12
12.9746799469,80.250579834,49477,49485,8
12.9750795364,80.2507019043,49485,49497,12
12.9760704041,80.2510070801,49497,49507,10
12.9771604538,80.251373291,49507,49517,10
12.9781703949,80.2521286011,49517,49527,10
12.9791002274,80.2525482178,49527,49536,9
12.9796895981,80.2525405884,49536,49548,12
12.9799499512,80.2522125244,49548,49558,10
12.9799604416,80.2521896362,49558,49568,10
12.9799995422,80.251991272,49568,49578,10
12.9801597595,80.2514801025,49578,49588,10
12.9804000854,80.2506484985,49588,49598,10
12.9806604385,80.2495803833,49598,49608,10
12.9807796478,80.248336792,49608,49618,10
12.9808597565,80.2470169067,49618,49628,10
12.9809799194,80.2457504272,49628,49638,10
12.9811296463,80.2445983887,49638,49648,10
12.9811601639,80.2440032959,49648,49659,11
12.9812202454,80.2437133789,49659,49669,10
12.9813404083,80.2434005737,49669,49679,10
12.9813404083,80.2430419922,49679,49689,10
12.9813404083,80.2429962158,49689,49699,10
12.9813499451,80.2428436279,49699,49709,10
12.9813699722,80.2424087524,49709,49719,10
12.9813699722,80.2417678833,49719,49729,10
12.9813499451,80.2408905029,49729,49739,10
12.9813404083,80.2400970459,49739,49749,10
12.9813203812,80.2393875122,49749,49759,10
12.981300354,80.2386398315,49759,49770,11
12.9812803268,80.2381362915,49770,49780,10
12.9812602997,80.2379379272,49780,49790,10
12.9812602997,80.2374572754,49790,49800,10
12.9812402725,80.2365875244,49800,49810,10
12.9812002182,80.2355804443,49810,49820,10
12.9811897278,80.2345962524,49820,49830,10
12.9813995361,80.2338180542,49830,49840,10
12.9815702438,80.2334976196,49840,49850,10
12.9816904068,80.2332000732,49850,49860,10
12.9817199707,80.2331619263,49860,49870,10
12.9818201065,80.2329406738,49870,49881,11
12.9819898605,80.2322921753,49881,49891,10
12.9819602966,80.2316970825,49891,49901,10
12.9817800522,80.2308578491,49901,49931,30
12.9817800522,80.2308578491,49931,49941,10
12.9816799164,80.2306671143,49941,49951,10
12.9813404083,80.2300872803,49951,49961,10
12.980919838,80.2294311523,49961,49971,10
12.980629921,80.2289428711,49971,49981,10
12.9805498123,80.2288208008,49981,49992,11
12.9802999496,80.2283706665,49992,50002,10
12.9800100327,80.2278213501,50002,50012,10
12.9795999527,80.2271575928,50012,50022,10
12.9792699814,80.2265777588,50022,50032,10
12.9790000916,80.2261428833,50032,50042,10
12.9785499573,80.225402832,50042,50052,10
12.9781103134,80.2246704102,50052,50062,10
12.9777402878,80.2241821289,50062,50072,10
12.9773302078,80.2235031128,50072,50082,10
12.9769601822,80.2228775024,50082,50092,10
12.9770002365,80.2226715088,50092,50102,10
12.9772100449,80.22265625,50102,50113,11
12.9774904251,80.2226104736,50113,50123,10
12.9774999619,80.2221298218,50123,50133,10
12.9774599075,80.221496582,50133,50143,10
12.9774398804,80.2212524414,50143,50153,10
12.9776601791,80.2211914063,50153,50163,10
12.9782400131,80.2211990356,50163,50173,10
12.9790401459,80.2211380005,50173,50183,10
12.9798698425,80.2210617065,50183,50192,9
12.980629921,80.2209777832,50192,50203,11
12.9814996719,80.221206665,50203,50213,10
12.9822397232,80.2216415405,50213,50224,11
12.982749939,80.221862793,50224,50234,10
12.98279953,80.2218933105,50234,50244,10
12.9829301834,80.2219696045,50244,50254,10
12.9832897186,80.2221679688,50254,50264,10
12.9837999344,80.2224807739,50264,50274,10
12.9842996597,80.2227706909,50274,50284,10
12.9849901199,80.2231674194,50284,50304,20
12.9859104156,80.2229690552,50304,50314,10
12.9864597321,80.2229614258,50314,50324,10
12.9866600037,80.2229995728,50324,50334,10
12.9872198105,80.2230911255,50334,50351,17
12.9876699448,80.2230606079,50351,50363,12
12.9881000519,80.2228393555,50363,50373,10
12.9884700775,80.2225112915,50373,50383,10
12.989159584,80.2217636108,50383,50393,10
12.9897603989,80.2210235596,50393,50403,10
12.99036026,80.2204818726,50403,50413,10
12.9909601212,80.2199707031,50413,50423,10
12.9915399551,80.2195281982,50423,50433,10
12.9921998978,80.219039917,50433,50442,9
12.9930095673,80.2184524536,50442,50453,11
12.9938802719,80.2177963257,50453,50464,11
12.9943199158,80.2174682617,50464,50474,10
12.9945201874,80.2173461914,50474,50484,10
12.9947595596,80.2171630859,50484,50494,10
12.995010376,80.217010498,50494,50504,10
12.9953899384,80.2168121338,50504,50514,10
12.9957704544,80.2166671753,50514,50524,10
12.9959001541,80.2166519165,50524,50534,10
12.996049881,80.2166290283,50534,50544,10
12.9961595535,80.2165985107,50544,50554,10
12.9964199066,80.2165374756,50554,50565,11
12.9965896606,80.2165298462,50565,50575,10
12.9967699051,80.216506958,50575,50585,10
12.9969797134,80.2164916992,50585,50595,10
12.997300148,80.2163314819,50595,50605,10
12.9974498749,80.2161712646,50605,50615,10
12.9975795746,80.2160720825,50615,50625,10
12.9980201721,80.215713501,50625,50635,10
12.9986801147,80.2151184082,50635,50645,10
12.9991397858,80.2147598267,50645,50655,10
12.9994897842,80.2144622803,50655,50665,10
12.9999799728,80.2140197754,50665,50676,11
13.0006103516,80.2134399414,50676,50686,10
13.0011997223,80.2129516602,50686,50696,10
13.0017795563,80.2125320435,50696,50706,10
13.0023603439,80.2121810913,50706,50716,10
13.0028800964,80.212059021,50716,50725,9
13.0032300949,80.2120819092,50725,50736,11
13.0036697388,80.2119293213,50736,50746,10
13.0036802292,80.2117996216,50746,50756,10
13.0036802292,80.2115478516,50756,50766,10
13.0036401749,80.2108764648,50766,50776,10
13.0035400391,80.2100296021,50776,50787,11
13.0036001205,80.2090682983,50787,50796,9
13.0039100647,80.2086105347,50796,50807,11
13.004699707,80.2089385986,50807,50817,10
13.0054998398,80.2092819214,50817,50827,10
13.0061597824,80.2095108032,50827,50837,10
13.0067501068,80.2097091675,50837,50847,10
13.007060051,80.209777832,50847,50857,10
13.0070695877,80.209777832,50857,50867,10
13.0073404312,80.2098693848,50867,50877,10
13.0078401566,80.2099304199,50877,50887,10
13.0081501007,80.2099075317,50887,50897,10
13.0080699921,80.2093429565,50897,50908,11
13.007900238,80.2081069946,50908,50918,10
13.0077400208,80.2071990967,50918,50928,10
13.0075902939,80.2063980103,50928,50938,10
13.0075302124,80.2056503296,50938,50948,10
13.0075101852,80.2048721313,50948,50958,10
13.0074796677,80.2041091919,50958,50968,10
13.0073900223,80.2033233643,50968,50978,10
13.0072603226,80.2027664185,50978,50988,10
13.0066099167,80.2026367188,50988,50998,10
13.006649971,80.2032775879,50998,51008,10
13.0072898865,80.2036590576,51008,51019,11
13.0082302094,80.2037277222,51019,51029,10
13.0093202591,80.2036514282,51029,51039,10
13.0104999542,80.2036209106,51039,51049,10
13.0117397308,80.203742981,51049,51059,10
13.0127801895,80.2039337158,51059,51069,10
13.0136899948,80.204246521,51069,51089,20
13.0136899948,80.204246521,51089,51099,10
13.0136499405,80.2043762207,51099,51109,10
13.0135602951,80.2046432495,51109,51119,10
13.0133600235,80.2052307129,51119,51129,10
13.0131797791,80.2058029175,51129,51140,11
13.0130395889,80.206413269,51140,51150,10
13.0129804611,80.2070999146,51150,51160,10
13.0128898621,80.2076416016,51160,51170,10
13.012840271,80.2080307007,51170,51180,10
13.0128698349,80.2084579468,51180,51196,16
13.0130195618,80.2093276978,51196,51208,12
13.0131502151,80.2098999023,51208,51218,10
13.0130596161,80.2105636597,51218,51228,10
13.012840271,80.2112197876,51228,51238,10
13.0125999451,80.2116775513,51238,51249,11
13.0122404099,80.2122802734,51249,51259,10
13.011879921,80.2127304077,51259,51269,10
13.0116195679,80.212677002,51269,51279,10
13.0111398697,80.2123184204,51279,51288,9
13.0106897354,80.2119827271,51288,51299,11
13.0102901459,80.2117233276,51299,51370,71
13.0102901459,80.2117233276,51370,51380,10
13.0101003647,80.2115936279,51380,51854,474
13.0099401474,80.2114028931,51854,51884,30
13.0099401474,80.2114028931,51884,51894,10
13.0096597672,80.2111816406,51894,51924,30
13.0096597672,80.2111816406,51924,51935,11
13.0094900131,80.2110366821,51935,51945,10
13.0093297958,80.2110595703,51945,51955,10
13.009180069,80.2112197876,51955,51965,10
13.0090303421,80.2115402222,51965,51975,10
13.0091495514,80.2120285034,51975,51985,10
13.0093202591,80.2125778198,51985,51995,10
13.0095701218,80.2132415771,51995,52005,10
13.0098800659,80.2139892578,52005,52015,10
13.0101099014,80.2146682739,52015,52025,10
13.0101995468,80.2153701782,52025,52035,10
13.0103998184,80.2160568237,52035,52046,11
13.0108098984,80.2169723511,52046,52056,10
13.011179924,80.2178192139,52056,52066,10
13.0115404129,80.2187728882,52066,52076,10
13.0118398666,80.2197113037,52076,52086,10
13.0121202469,80.2205963135,52086,52095,9
13.0123300552,80.2211990356,52095,52106,11
13.0125398636,80.2217025757,52106,52116,10
13.0128097534,80.2221069336,52116,52126,10
13.0131998062,80.2225570679,52126,52136,10
13.0136804581,80.2231216431,52136,52146,10
13.0140399933,80.2236480713,52146,52157,11
13.0145998001,80.2241897583,52157,52167,10
13.0150899887,80.2247390747,52167,52177,10
13.0153598785,80.2250518799,52177,52187,10
13.0154495239,80.2253723145,52187,52197,10
13.0152301788,80.225769043,52197,52207,10
13.0151596069,80.2258529663,52207,52217,10
13.0147800446,80.2260284424,52217,52227,10
13.0141201019,80.2262802124,52227,52237,10
13.013299942,80.226600647,52237,52247,10
13.012430191,80.2269668579,52247,52257,10
13.0113296509,80.2274017334,52257,52267,10
13.0102596283,80.2278366089,52267,52278,11
13.0095396042,80.2277984619,52278,52288,10
13.0097198486,80.2271270752,52288,52298,10
13.0101099014,80.2262802124,52298,52308,10
13.010430336,80.2255935669,52308,52317,9
13.01060009,80.2251281738,52317,52328,11
13.0107803345,80.2247314453,52328,52338,10
13.0108995438,80.224357605,52338,52348,10
13.0110197067,80.2241210938,52348,52358,10
13.0111103058,80.2238693237,52358,52368,10
13.0111999512,80.2236404419,52368,52378,10
13.0112895966,80.2232589722,52378,52389,11
13.0107498169,80.2229385376,52389,52399,10
13.0100097656,80.2225418091,52399,52408,9
13.0093603134,80.2221908569,52408,52419,11
13.0084600449,80.2217025757,52419,52429,10
13.0076599121,80.2212677002,52429,52439,10
13.0068902969,80.2208633423,52439,52449,10
13.0060997009,80.2205734253,52449,52459,10
13.005279541,80.2203903198,52459,52469,10
13.0044803619,80.220199585,52469,52478,9
13.003780365,80.2200393677,52478,52488,10
13.0030097961,80.2198028564,52488,52500,12
13.0022602081,80.2193069458,52500,52510,10
13.0019102097,80.2189025879,52510,52520,10
13.0015096664,80.2185211182,52520,52530,10
13.0010004044,80.2181625366,52530,52540,10
13.0005102158,80.2178421021,52540,52550,10
12.9999799728,80.2175216675,52550,52560,10
12.9995298386,80.2172622681,52560,52570,10
12.9989204407,80.2169494629,52570,52580,10
12.9982404709,80.2166519165,52580,52590,10
12.9978199005,80.2165679932,52590,52600,10
12.9977703094,80.2165603638,52600,52610,10
12.9975204468,80.2165374756,52610,52621,11
12.9970598221,80.216506958,52621,52631,10
12.996509552,80.2165603638,52631,52641,10
12.9957895279,80.2166900635,52641,52651,10
12.9951601028,80.2169723511,52651,52661,10
12.9946298599,80.217338562,52661,52671,10
12.99421978,80.2176437378,52671,52681,10
12.9939403534,80.2178421021,52681,52691,10
12.993519783,80.2181472778,52691,52701,10
12.9930696487,80.218460083,52701,52711,10
12.9925403595,80.2188568115,52711,52721,10
12.9919595718,80.2193222046,52721,52732,11
12.9914197922,80.2197418213,52732,52742,10
12.9909095764,80.2200927734,52742,52752,10
12.9903001785,80.2205200195,52752,52762,10
12.9896802902,80.2211608887,52762,52772,10
12.9891004562,80.2218399048,52772,52782,10
12.9884901047,80.2224884033,52782,52792,10
12.987830162,80.2230606079,52792,52802,10
12.9872102737,80.2230911255,52802,52812,10
12.9865198135,80.2229766846,52812,52822,10
12.9857997894,80.2230300903,52822,52832,10
12.9855003357,80.2232666016,52832,52842,10
12.9849901199,80.223197937,52842,52853,11
12.9843101501,80.2227935791,52853,52863,10
12.9836502075,80.2224197388,52863,52873,10
12.9832201004,80.2221298218,52873,52883,10
12.9830703735,80.222038269,52883,52893,10
12.9826402664,80.2218704224,52893,52903,10
12.982219696,80.2217330933,52903,52913,10
12.9817399979,80.2213973999,52913,52923,10
12.9810400009,80.2210769653,52923,52933,10
12.9801797867,80.2211074829,52933,52943,10
12.979470253,80.2211380005,52943,52953,10
12.9786996841,80.2211608887,52953,52964,11
12.977930069,80.2211685181,52964,52974,10
12.9771099091,80.2211990356,52974,52984,10
12.9764204025,80.2212219238,52984,52994,10
12.9761295319,80.2214736938,52994,53004,10
12.976360321,80.2217483521,53004,53014,10
12.9764204025,80.2218704224,53014,53024,10
12.9766798019,80.222328186,53024,53034,10
12.9771203995,80.2230606079,53034,53044,10
12.977689743,80.2239608765,53044,53054,10
12.9782304764,80.2248077393,53054,53070,16
12.9787397385,80.225692749,53070,53083,13
12.9793395996,80.2266693115,53083,53093,10
12.9797201157,80.2273406982,53093,53103,10
12.9798402786,80.2274932861,53103,53163,60
12.9798402786,80.2274932861,53163,53173,10
12.9799699783,80.2276229858,53173,53183,10
12.9802398682,80.2281036377,53183,53194,11
12.9807100296,80.2289810181,53194,53204,10
12.981300354,80.2299423218,53204,53214,10
12.9819202423,80.2310562134,53214,53224,10
12.9820699692,80.2321090698,53224,53234,10
12.9819097519,80.2328720093,53234,53244,10
12.9816198349,80.2334976196,53244,53254,10
12.9814996719,80.233757019,53254,53264,10
12.9812202454,80.2344589233,53264,53274,10
12.9812202454,80.2353286743,53274,53284,10
12.9812498093,80.2363586426,53284,53294,10
12.9812698364,80.2370223999,53294,53305,11
12.9812898636,80.2372436523,53305,53315,10
12.9812898636,80.2374191284,53315,53325,10
12.9812803268,80.2374725342,53325,53335,10
12.9813203812,80.2376785278,53335,53365,30
12.9813203812,80.2376785278,53365,53375,10
12.9813098907,80.2381362915,53375,53385,10
12.9813098907,80.2384719849,53385,53395,10
12.9813098907,80.2385482788,53395,53405,10
12.9813098907,80.2390289307,53405,53416,11
12.9813203812,80.2394714355,53416,53426,10
12.9813299179,80.2399902344,53426,53436,10
12.9813404083,80.2407531738,53436,53446,10
12.9813203812,80.2416381836,53446,53456,10
12.9813499451,80.2424621582,53456,53466,10
12.9813499451,80.2429199219,53466,53476,10
12.9813499451,80.2434616089,53476,53486,10
12.9812097549,80.2443695068,53486,53496,10
12.9810600281,80.2455596924,53496,53506,10
12.980919838,80.2469024658,53506,53522,16
12.9807500839,80.249130249,53522,53535,13
12.9804201126,80.2507781982,53535,53543,8
12.9801998138,80.2516174316,53543,53555,12
12.9800395966,80.2521896362,53555,53565,10
12.9798803329,80.2525100708,53565,53575,10
12.9798803329,80.2526016235,53575,53585,10
12.9798803329,80.2527236938,53585,53594,9
12.9795303345,80.2527389526,53594,53605,11
12.9786996841,80.2526168823,53605,53615,10
12.9778699875,80.2520065308,53615,53625,10
12.9767599106,80.2513198853,53625,53635,10
12.9754104614,80.2509307861,53635,53646,11
12.9739103317,80.25050354,53646,53656,10
12.9726896286,80.2501831055,53656,53666,10
12.9714403152,80.2498321533,53666,53676,10
12.97012043,80.2494277954,53676,53686,10
12.9687795639,80.2489089966,53686,53696,10
12.9675197601,80.2483901978,53696,53706,10
12.9665498734,80.2479171753,53706,53716,10
12.9655399323,80.2474899292,53716,53726,10
12.9645299911,80.2471466064,53726,53736,10
12.9634599686,80.2467422485,53736,53746,10
12.9623298645,80.2461395264,53746,53755,9
12.9615497589,80.2457580566,53755,53767,12
12.960559845,80.2452774048,53767,53777,10
12.9596500397,80.2448806763,53777,53787,10
12.958820343,80.2445220947,53787,53797,10
12.9578695297,80.244140625,53797,53807,10
12.9571399689,80.2438201904,53807,53817,10
12.9565000534,80.2435379028,53817,53868,51
12.9565000534,80.2435379028,53868,53878,10
12.9564599991,80.2435531616,53878,53888,10
12.9561796188,80.2434234619,53888,53898,10
12.9554300308,80.2431411743,53898,53908,10
12.9544200897,80.2427368164,53908,53918,10
12.9534196854,80.2423095703,53918,53928,10
12.9523200989,80.241859436,53928,53938,10
12.9513301849,80.2415237427,53938,53948,10
12.9498901367,80.2410888672,53948,53958,10
12.9489097595,80.2407608032,53958,53968,10
12.9478998184,80.2403335571,53968,53978,10
12.9469804764,80.2399597168,53978,53989,11
12.9459600449,80.2395019531,53989,53999,10
12.9449501038,80.2388534546,53999,54009,10
12.9440698624,80.2379226685,54009,54019,10
12.9433803558,80.2371826172,54019,54029,10
12.9432201385,80.2370071411,54029,54039,10
12.9428396225,80.2367019653,54039,54049,10
12.9420003891,80.236328125,54049,54059,10
12.9408397675,80.2360305786,54059,54069,10
12.9397697449,80.235710144,54069,54079,10
12.9386997223,80.2351913452,54079,54089,10
12.9376602173,80.2346801758,54089,54099,10
12.9367198944,80.2342376709,54099,54110,11
12.9360103607,80.2339019775,54110,54126,16
12.9350595474,80.2334518433,54126,54138,12
12.9341402054,80.2330093384,54138,54146,8
12.9333400726,80.2326507568,54146,54156,10
12.9321699142,80.2322006226,54156,54167,11
12.9307098389,80.2317428589,54167,54178,11
12.9294700623,80.2314300537,54178,54188,10
12.9278297424,80.2311401367,54188,54198,10
12.9263801575,80.2309799194,54198,54208,10
12.9249095917,80.2308120728,54208,54218,10
12.9234800339,80.2306289673,54218,54229,11
12.9218797684,80.2303924561,54229,54239,10
12.9203996658,80.2301864624,54239,54249,10
12.9189100266,80.2300033569,54249,54259,10
12.9175796509,80.2298431396,54259,54269,10
12.9159402847,80.2296066284,54269,54279,10
12.9144697189,80.2294006348,54279,54289,10
12.9131002426,80.2292175293,54289,54299,10
12.9118003845,80.2290420532,54299,54309,10
12.9104003906,80.228843689,54309,54319,10
12.9089803696,80.2286071777,54319,54330,11
12.9077196121,80.2284088135,54330,54340,10
12.9068002701,80.2282791138,54340,54350,10
12.9060697556,80.2282333374,54350,54360,10
12.904999733,80.2281799316,54360,54370,10
12.9038295746,80.2281265259,54370,54379,9
12.9028596878,80.2280807495,54379,54390,11
12.901889801,80.2280426025,54390,54400,10
12.9014701843,80.2280502319,54400,54410,10
12.90102005,80.2279968262,54410,54420,10
12.9004497528,80.2279434204,54420,54430,10
12.8997402191,80.2278900146,54430,54440,10
12.8989295959,80.2278366089,54440,54451,11
12.8977804184,80.2277679443,54451,54461,10
12.8964700699,80.2277069092,54461,54471,10
12.895070076,80.2276535034,54471,54481,10
12.8937797546,80.2275695801,54481,54491,10
12.8928804398,80.2274627686,54491,54501,10
12.8920898438,80.2273864746,54501,54511,10
12.8910102844,80.2274017334,54511,54521,10
12.889670372,80.2273712158,54521,54531,10
12.8883199692,80.2273406982,54531,54541,10
12.8869104385,80.2271575928,54541,54551,10
12.8855400085,80.2268218994,54551,54562,11
12.883939743,80.2266998291,54562,54572,10
12.8824501038,80.2267227173,54572,54582,10
12.8809604645,80.2267303467,54582,54592,10
12.8794803619,80.2267608643,54592,54602,10
12.8780202866,80.2268295288,54602,54612,10
12.8768596649,80.2269363403,54612,54622,10
12.8764696121,80.2268981934,54622,54638,16
12.8764400482,80.226272583,54638,54650,12
12.8765497208,80.2252197266,54650,54658,8
12.8766498566,80.2243423462,54658,54670,12
12.8769598007,80.2228622437,54670,54681,11
12.8773202896,80.2212982178,54681,54691,10
12.8776397705,80.219909668,54691,54700,9
12.8779401779,80.2186584473,54700,54711,11
12.8782596588,80.2170562744,54711,54721,10
12.878490448,80.2159118652,54721,54731,10
12.8787603378,80.2146224976,54731,54741,10
12.8789997101,80.2133102417,54741,54751,10
12.879240036,80.2120513916,54751,54761,10
12.8794002533,80.21118927,54761,54771,10
12.8790597916,80.210899353,54771,54781,10
12.878569603,80.2108306885,54781,54792,11
12.8778600693,80.2107009888,54792,54802,10
12.8771696091,80.2105712891,54802,54812,10
12.8764801025,80.2104415894,54812,54822,10
12.8758001328,80.210319519,54822,54832,10
12.8750200272,80.2101821899,54832,54842,10
12.8744697571,80.2100830078,54842,54852,10
12.8743600845,80.2099533081,54852,54862,10
12.8743696213,80.2098236084,54862,54872,10
12.8744897842,80.2095413208,54872,54882,10
12.8748197556,80.2096328735,54882,55980,1098
12.8749399185,80.2097473145,55980,56252,272
12.8749399185,80.2097473145,56252,56262,10
12.8749103546,80.2096405029,56262,56686,424
12.8749704361,80.2096328735,56686,56737,51
12.8749704361,80.2096328735,56737,56747,10
12.8747701645,80.209602356,56747,56979,232
12.8747701645,80.209602356,56979,56989,10
12.874710083,80.2097930908,56989,56999,10
12.8746900558,80.2098922729,56999,57009,10
12.8746500015,80.2100372314,57009,57019,10
12.8747701645,80.2101669312,57019,57029,10
12.8750801086,80.2102279663,57029,57039,10
12.8755598068,80.2103118896,57039,57049,10
12.8760299683,80.2103805542,57049,57059,10
12.8765001297,80.2104721069,57059,57070,11
12.8770904541,80.2105865479,57070,57080,10
12.8775997162,80.2106781006,57080,57090,10
12.8781700134,80.2108001709,57090,57100,10
12.878780365,80.210899353,57100,57110,10
12.8791999817,80.2109832764,57110,57120,10
12.8792295456,80.2109909058,57120,57130,10
12.8794803619,80.21118927,57130,57140,10
12.8793802261,80.2117996216,57140,57150,10
12.8792104721,80.2126464844,57150,57160,10
12.8790502548,80.2135162354,57160,57170,10
12.8788795471,80.2144393921,57170,57180,10
12.8786697388,80.215461731,57180,57191,11
12.8784303665,80.2165679932,57191,57201,10
12.8782300949,80.2175598145,57201,57211,10
12.8780298233,80.2185592651,57211,57221,10
12.8777999878,80.2195663452,57221,57231,10
12.8775596619,80.2206192017,57231,57247,16
12.8771295547,80.2224578857,57247,57259,12
12.8767995834,80.2238922119,57259,57267,8
12.876660347,80.2248382568,57267,57279,12
12.876540184,80.226020813,57279,57289,10
12.876449585,80.226600647,57289,57299,10
12.8764600754,80.2268981934,57299,57310,11
12.8764696121,80.2268981934,57310,57320,10
12.8767499924,80.2269287109,57320,57330,10
12.877409935,80.2268829346,57330,57340,10
12.8783597946,80.2267990112,57340,57350,10
12.8795204163,80.2267303467,57350,57360,10
12.8808403015,80.2267074585,57360,57368,8
12.8819599152,80.2266998291,57368,57378,10
12.8833503723,80.2266769409,57378,57390,12
12.8851900101,80.2266464233,57390,57410,20
12.8851900101,80.2266464233,57410,57421,11
12.885430336,80.2266921997,57421,57431,10
12.8858995438,80.2268295288,57431,57441,10
12.8866701126,80.2270507813,57441,57451,10
12.8876399994,80.2272109985,57451,57461,10
12.8884601593,80.2272567749,57461,57471,10
12.8885803223,80.2272567749,57471,57481,10
12.8890104294,80.2272720337,57481,57491,10
12.8898200989,80.2272796631,57491,57501,10
12.8908596039,80.2272872925,57501,57511,10
12.8918104172,80.2272796631,57511,57521,10
12.8924598694,80.2273101807,57521,57532,11
12.8933401108,80.2274169922,57532,57542,10
12.8940896988,80.2275009155,57542,57552,10
12.8941402435,80.2275009155,57552,57562,10
12.8945198059,80.2275238037,57562,57572,10
12.8951301575,80.2275695801,57572,57581,9
12.8959102631,80.2275924683,57581,57592,11
12.89702034,80.2276687622,57592,57602,10
12.8981800079,80.2277374268,57602,57612,10
12.8994503021,80.2277984619,57612,57622,10
12.9004497528,80.2277984619,57622,57632,10
12.9008197784,80.2278289795,57632,57643,11
12.9012899399,80.2278900146,57643,57653,10
12.9027004242,80.2279510498,57653,57673,20
12.9027004242,80.2279510498,57673,57683,10
12.9027299881,80.2279586792,57683,57693,10
12.9031295776,80.2279891968,57693,57703,10
12.9038600922,80.2280426025,57703,57713,10
12.9047899246,80.2281036377,57713,57723,10
12.9058198929,80.2281265259,57723,57733,10
12.9064302444,80.2281494141,57733,57743,10
12.9064903259,80.2281494141,57743,57753,10
12.90666008,80.2281494141,57753,57764,11
12.9069004059,80.2281799316,57764,57774,10
12.9071998596,80.2282333374,57774,57784,10
12.9078598022,80.2283172607,57784,57794,10
12.9087600708,80.2285003662,57794,57804,10
12.9099197388,80.2286987305,57804,57814,10
12.911239624,80.2289123535,57814,57824,10
12.9126195908,80.2291030884,57824,57834,10
12.9137096405,80.2292175293,57834,57844,10
12.9139995575,80.2292480469,57844,57854,10
12.9141101837,80.2293014526,57854,57864,10
12.9145803452,80.2293777466,57864,57875,11
12.9154500961,80.2294921875,57875,57885,10
12.9165096283,80.2296295166,57885,57895,10
12.9177598953,80.2297897339,57895,57905,10
12.9188699722,80.2299423218,57905,57915,10
12.9193096161,80.2299804688,57915,57925,10
12.9193401337,80.2299804688,57925,57935,10
12.9197702408,80.2300415039,57935,57945,10
12.9205303192,80.2301483154,57945,57955,10
12.9214801788,80.2302780151,57955,57965,10
12.922659874,80.23046875,57965,57975,10
12.9239597321,80.2306518555,57975,57986,11
12.9252195358,80.2307815552,57986,57996,10
12.9264297485,80.2309112549,57996,58036,40
12.9264297485,80.2309112549,58036,58046,10
12.9265699387,80.2309265137,58046,58056,10
12.9271001816,80.2310028076,58056,58066,10
12.9279003143,80.2311401367,58066,58076,10
12.9287204742,80.231262207,58076,58086,10
12.9296503067,80.2314605713,58086,58096,10
12.9307603836,80.2317581177,58096,58107,11
12.9320898056,80.2321777344,58107,58117,10
12.9332199097,80.2325668335,58117,58127,10
12.9337396622,80.2327804565,58127,58147,20
12.9337396622,80.2327804565,58147,58157,10
12.9339199066,80.2328414917,58157,58167,10
12.9344701767,80.2331237793,58167,58183,16
12.9356002808,80.2336578369,58183,58195,12
12.9363002777,80.2340011597,58195,58204,9
12.9369697571,80.2343063354,58204,58215,11
12.937959671,80.2348098755,58215,58226,11
12.9389400482,80.2353134155,58226,58236,10
12.939499855,80.2356033325,58236,58246,10
12.939620018,80.2356491089,58246,58256,10
12.9396800995,80.2356872559,58256,58266,10
12.9401397705,80.2358779907,58266,58276,10
12.9408998489,80.236076355,58276,58286,10
12.941860199,80.2362976074,58286,58296,10
12.9429197311,80.2367095947,58296,58306,10
12.9435596466,80.2372131348,58306,58316,10
12.9436702728,80.2373199463,58316,58327,11
12.9438199997,80.2375030518,58327,58337,10
12.9442396164,80.2380371094,58337,58347,10
12.9448699951,80.2387084961,58347,58357,10
12.9457302094,80.239402771,58357,58367,10
12.9467000961,80.2397918701,58367,58377,10
12.9472799301,80.240020752,58377,58387,10
12.9473800659,80.2400588989,58387,58397,10
12.9477901459,80.2402420044,58397,58407,10
12.9483699799,80.2404937744,58407,58417,10
12.9487400055,80.2406082153,58417,58437,20
12.9487400055,80.2406082153,58437,58448,11
12.9491701126,80.2408218384,58448,58458,10
12.9497995377,80.241027832,58458,58468,10
12.9505996704,80.2412719727,58468,58478,10
12.9513597488,80.2414779663,58478,58488,10
12.951499939,80.2415084839,58488,58498,10
12.95195961,80.2416992188,58498,58508,10
12.9526596069,80.2419815063,58508,58518,10
12.9534502029,80.2423019409,58518,58528,10
12.9545202255,80.2427520752,58528,58538,10
12.9552698135,80.243057251,58538,58548,10
12.9562997818,80.2434387207,58548,58579,31
12.9562997818,80.2434387207,58579,58589,10
12.956870079,80.243637085,58589,58599,10
12.9576396942,80.2439804077,58599,58609,10
12.9585199356,80.2443695068,58609,58619,10
12.9589796066,80.2445373535,58619,58629,10
12.9591398239,80.2446212769,58629,58639,10
12.9596996307,80.2449111938,58639,58649,10
12.9604997635,80.2452697754,58649,58659,10
12.9615402222,80.2457580566,58659,58670,11
12.9627504349,80.2463531494,58670,58680,10
12.9633703232,80.24659729,58680,58690,10
12.963470459,80.2466430664,58690,58700,10
12.9637002945,80.2467727661,58700,58710,10
12.9642601013,80.2470397949,58710,58720,10
12.9650497437,80.2473297119,58720,58730,10
12.9660596848,80.2476806641,58730,58740,10
12.9668197632,80.2480010986,58740,58750,10
12.9669399261,80.2480773926,58750,58760,10
12.9671401978,80.2482070923,58760,58770,10
12.9677495956,80.2484817505,58770,58781,11
12.9686899185,80.2488632202,58781,58791,10
12.9697904587,80.2493209839,58791,58800,9
12.9708995819,80.2497177124,58800,58811,11
12.9723701477,80.2500915527,58811,58821,10
12.9734601974,80.2503662109,58821,58831,10
12.974240303,80.2505187988,58831,58841,10
12.97453022,80.2505874634,58841,58851,10
12.9746103287,80.250617981,58851,58861,10
12.9750699997,80.2507781982,58861,58871,10
12.9758501053,80.2510223389,58871,58881,10
12.976849556,80.2513198853,58881,58892,11
12.9778995514,80.2519607544,58892,58902,10
12.9787502289,80.2525405884,58902,58912,10
12.9794197083,80.2526397705,58912,58922,10
12.9798402786,80.2525787354,58922,58932,10
12.9799404144,80.2524414063,58932,58942,10
12.9799499512,80.2522964478,58942,58952,10
12.9799900055,80.2520370483,58952,58962,10
12.9801797867,80.2515716553,58962,58972,10
12.9804201126,80.2507781982,58972,58982,10
12.9806404114,80.2498626709,58982,58992,10
12.9807596207,80.248840332,58992,59002,10
12.9808301926,80.2477874756,59002,59013,11
12.9809303284,80.2465133667,59013,59029,16
12.9811000824,80.2448883057,59029,59041,12
12.9811296463,80.2443237305,59041,59051,10
12.9811401367,80.2442169189,59051,59061,10
12.9811401367,80.2441329956,59061,59071,10
12.9811496735,80.2440719604,59071,59081,10
12.9811601639,80.2439727783,59081,59091,10
12.981180191,80.2438201904,59091,59101,10
12.9812698364,80.2436294556,59101,59111,10
12.9813404083,80.2432022095,59111,59122,11
12.9813604355,80.2428207397,59122,59132,10
12.9813499451,80.2428131104,59132,59142,10
12.9813604355,80.2425994873,59142,59152,10
12.9813604355,80.2421417236,59152,59162,10
12.9813499451,80.2414703369,59162,59172,10
12.9813404083,80.2406768799,59172,59182,10
12.9813404083,80.2399368286,59182,59192,10
12.981300354,80.2391204834,59192,59202,10
12.9812803268,80.2384033203,59202,59211,9
12.9812602997,80.2379837036,59211,59222,11
12.9812602997,80.2378616333,59222,59232,10
12.9812498093,80.2373580933,59232,59243,11
12.9812297821,80.2364501953,59243,59253,10
12.9812002182,80.2355804443,59253,59263,10
12.981180191,80.2347106934,59263,59273,10
12.9813604355,80.2339096069,59273,59283,10
12.9816198349,80.2333679199,59283,59293,10
12.9816703796,80.2332763672,59293,59303,10
12.9818401337,80.2329177856,59303,59313,10
12.9820203781,80.2323532104,59313,59323,10
12.982000351,80.2318878174,59323,59333,10
12.9819297791,80.2314300537,59333,59343,10
12.9818000793,80.2309570313,59343,59354,11
12.9815196991,80.2304382324,59354,59370,16
12.9809598923,80.2295379639,59370,59382,12
12.9806995392,80.2291412354,59382,59390,8
12.9806003571,80.2289810181,59390,59402,12
12.9805297852,80.2288818359,59402,59412,10
12.9802999496,80.2284622192,59412,59422,10
12.9802503586,80.2283172607,59422,59432,10
12.9802103043,80.2282562256,59432,59442,10
12.9799604416,80.2278594971,59442,59452,10
12.9795799255,80.2271881104,59452,59463,11
12.9790802002,80.226348877,59463,59473,10
12.9787797928,80.2258605957,59473,59483,10
12.9783802032,80.225189209,59483,59493,10
12.9780197144,80.2246627808,59493,59503,10
12.9777803421,80.224357605,59503,59513,10
12.9777002335,80.2242126465,59513,59523,10
12.9776096344,80.2240371704,59523,59533,10
12.9772996902,80.2235107422,59533,59543,10
12.9769601822,80.2229614258,59543,59553,10
12.9771995544,80.2227325439,59553,59574,21
12.9771995544,80.2227325439,59574,59584,10
12.9774999619,80.2226791382,59584,59594,10
12.9775104523,80.2221832275,59594,59604,10
12.9774799347,80.221496582,59604,59614,10
12.9774703979,80.221321106,59614,59624,10
12.9775695801,80.2212295532,59624,59634,10
12.9780302048,80.2212219238,59634,59644,10
12.9787597656,80.2211990356,59644,59654,10
12.9795799255,80.2211608887,59654,59664,10
12.9800701141,80.2211227417,59664,59674,10
12.9806203842,80.2210693359,59674,59684,10
12.9812602997,80.2211914063,59684,59695,11
12.9817800522,80.2215270996,59695,59705,10
12.9821596146,80.2217636108,59705,59715,10
12.9827203751,80.2219390869,59715,59725,10
12.9830102921,80.2220611572,59725,59735,10
12.9830999374,80.2221221924,59735,59745,10
12.983499527,80.2223815918,59745,59755,10
12.9839200974,80.2226409912,59755,59765,10
12.9844799042,80.2229690552,59765,59775,10
12.9850702286,80.2232818604,59775,59785,10
12.9854402542,80.2233505249,59785,59795,10
12.9856996536,80.2230987549,59795,59806,11
12.9863395691,80.2230224609,59806,59815,9
12.9865198135,80.2229995728,59815,59826,11
12.986749649,80.2230072021,59826,59836,10
12.9871997833,80.2230834961,59836,59846,10
12.9876804352,80.2230911255,59846,59856,10
12.9883098602,80.2227020264,59856,59866,10
12.9888896942,80.22215271,59866,59876,10
12.9893598557,80.2215805054,59876,59886,10
12.9898796082,80.2209091187,59886,59896,10
12.9904298782,80.2204437256,59896,59906,10
12.9905500412,80.2203369141,59906,59917,11
12.9909095764,80.2200622559,59917,59927,10
12.9913797379,80.2197036743,59927,59937,10
12.9919099808,80.2193069458,59937,59947,10
12.9925603867,80.2188262939,59947,59957,10
12.9933204651,80.2182769775,59957,59967,10
12.9939804077,80.2178115845,59967,59977,10
12.9945697784,80.2173919678,59977,59986,9
12.995059967,80.2170410156,59986,59996,10
12.9956798553,80.2167434692,59996,60006,10
12.9962902069,80.2166213989,60006,60017,11
12.9968700409,80.2165222168,60017,60027,10
12.997179985,80.2164611816,60027,60038,11
12.9975004196,80.2161483765,60038,60048,10
12.997590065,80.2160873413,60048,60058,10
12.9978599548,80.2158737183,60058,60068,10
12.9983501434,80.2154388428,60068,60078,10
12.9989795685,80.2149200439,60078,60088,10
12.9992599487,80.2146606445,60088,60098,10
12.9997301102,80.2142562866,60098,60108,10
13.0002603531,80.2137908936,60108,60118,10
13.0007095337,80.2133789063,60118,60128,10
13.001449585,80.2128295898,60128,60138,10
13.0020904541,80.2123718262,60138,60148,10
13.0027198792,80.2121276855,60148,60159,11
13.0033798218,80.212097168,60159,60169,10
13.0036802292,80.2119064331,60169,60179,10
13.0036897659,80.2113265991,60179,60189,10
13.0036096573,80.2105407715,60189,60199,10
13.0035200119,80.2097167969,60199,60209,10
13.0036201477,80.2090988159,60209,60219,10
13.0040798187,80.208656311,60219,60229,10
13.0047998428,80.2089920044,60229,60239,10
13.005490303,80.2092971802,60239,60249,10
13.0061597824,80.2095489502,60249,60260,11
13.0067195892,80.2097320557,60260,60530,270
13.0067195892,80.2097320557,60530,60540,10
13.0068998337,80.2097396851,60540,60550,10
13.0070695877,80.2097930908,60550,60560,10
13.0072603226,80.2098236084,60560,60570,10
13.0072698593,80.2098236084,60570,60580,10
13.0074796677,80.2098999023,60580,60590,10
13.0076198578,80.2099380493,60590,60601,11
13.0077896118,80.2099685669,60601,60611,10
13.0079298019,80.2099914551,60611,60621,10
13.008099556,80.2100372314,60621,60631,10
13.0081701279,80.2097091675,60631,60641,10
13.0080299377,80.2090072632,60641,60651,10
13.0078601837,80.2080001831,60651,60661,10
13.0076799393,80.2068786621,60661,60671,10
13.0075502396,80.2056808472,60671,60681,10
13.007519722,80.2045211792,60681,60691,10
13.0074501038,80.2036514282,60691,60701,10
13.0072498322,80.2026824951,60701,60712,11
13.0065202713,80.2028808594,60712,60722,10
13.0069904327,80.2035217285,60722,60732,10
13.0079097748,80.2037506104,60732,60742,10
13.009180069,80.2036972046,60742,60752,10
13.0105895996,80.203666687,60752,60762,10
13.0119400024,80.2038116455,60762,60772,10
13.0129804611,80.2040176392,60772,60782,10
13.0135602951,80.2042236328,60782,60792,10
13.013710022,80.2044830322,60792,60802,10
13.0135602951,80.2048568726,60802,60812,10
13.0135498047,80.2048568726,60812,60822,10
13.0134601593,80.205078125,60822,60833,11
13.0133399963,80.2054824829,60833,60843,10
13.0131797791,80.2059783936,60843,60853,10
13.0130796432,80.2064437866,60853,60863,10
13.0130300522,80.206817627,60863,60873,10
13.0129804611,80.20728302,60873,60883,10
13.0129098892,80.2077026367,60883,60893,10
13.0128803253,80.2080917358,60893,60903,10
13.0128898621,80.2086105347,60903,60913,10
13.012960434,80.2091369629,60913,60923,10
13.0132198334,80.2097930908,60923,60933,10
13.0131702423,80.2103118896,60933,60944,11
13.0129899979,80.2110900879,60944,60954,10
13.0126695633,80.2116775513,60954,60964,10
13.0123195648,80.2122192383,60964,60974,10
13.0119895935,80.2126617432,60974,60983,9
13.0118303299,80.2127990723,60983,60993,10
13.0114202499,80.2125015259,60993,61004,11
13.0107603073,80.2120437622,61004,61014,10
13.0102796555,80.2116775513,61014,61024,10
13.0099201202,80.2113723755,61024,61034,10
13.0096197128,80.2111816406,61034,61700,666
13.0096197128,80.2111816406,61700,61710,10
13.0092802048,80.2110900879,61710,61720,10
13.0091104507,80.2113418579,61720,61730,10
13.0090904236,80.2118835449,61730,61741,11
13.0093698502,80.2127227783,61741,61751,10
13.0096797943,80.2135009766,61751,61761,10
13.0100097656,80.214302063,61761,61771,10
13.0101995468,80.2151184082,61771,61781,10
13.0103797913,80.2159194946,61781,61791,10
13.010720253,80.2167434692,61791,61801,10
13.0111303329,80.2176589966,61801,61811,10
13.0115299225,80.2186965942,61811,61821,10
13.0119199753,80.2198791504,61821,61831,10
13.0122499466,80.2208709717,61831,61847,16
13.0126695633,80.221862793,61847,61860,13
13.0128898621,80.2222366333,61860,61870,10
13.0131196976,80.2224807739,61870,61880,10
13.0134601593,80.2228469849,61880,61890,10
13.0137901306,80.2232131958,61890,61899,9
13.0140895844,80.2235794067,61899,61910,11
13.01445961,80.224067688,61910,61920,10
13.0148696899,80.2245101929,61920,61930,10
13.0152101517,80.2249221802,61930,61940,10
13.0154800415,80.2253799438,61940,61950,10
13.0153999329,80.2257232666,61950,61961,11
13.0150403976,80.2259597778,61961,61972,11
13.0142803192,80.2262496948,61972,61982,10
13.0134496689,80.2265625,61982,61992,10
13.0125102997,80.2269363403,61992,62002,10
13.0114898682,80.2273406982,62002,62012,10
13.0104198456,80.2277679443,62012,62022,10
13.0096702576,80.2279205322,62022,62032,10
13.0095996857,80.2274017334,62032,62042,10
13.0099201202,80.2267074585,62042,62052,10
13.0102996826,80.2258605957,62052,62062,10
13.0106801987,80.2249908447,62062,62079,17
13.0111303329,80.2238311768,62079,62091,12
13.0112895966,80.2234191895,62091,62101,10
13.0113296509,80.2233200073,62101,62111,10
13.0111598969,80.2230987549,62111,62121,10
13.0105695724,80.2227935791,62121,62131,10
13.0098800659,80.2224273682,62131,62140,9
13.009059906,80.2219924927,62140,62151,11
13.0080499649,80.2214584351,62151,62161,10
13.0071001053,80.2209625244,62161,62171,10
13.0061903,80.2205886841,62171,62181,10
13.00522995,80.2203674316,62181,62192,11
13.0043401718,80.2201538086,62192,62202,10
13.0034799576,80.2199630737,62202,62212,10
13.0025997162,80.219619751,62212,62222,10
13.0019302368,80.2189483643,62222,62232,10
13.0013999939,80.2184524536,62232,62242,10
13.0009698868,80.2181472778,62242,62252,10
13.0004301071,80.2177963257,62252,62262,10
12.9996900558,80.2173614502,62262,62272,10
12.9989299774,80.2169418335,62272,62282,10
12.9981002808,80.2165985107,62282,62292,10
12.9973897934,80.216506958,62292,62313,21
12.9973897934,80.216506958,62313,62323,10
12.9970197678,80.216506958,62323,62333,10
12.9964799881,80.2165603638,62333,62343,10
12.9961099625,80.2166366577,62343,62353,10
12.9957799911,80.2167205811,62353,62363,10
12.9954204559,80.2168502808,62363,62383,20
12.9954204559,80.2168502808,62383,62393,10
12.9951601028,80.2169876099,62393,62403,10
12.994890213,80.2171783447,62403,62413,10
12.9944801331,80.2174530029,62413,62424,11
12.9940500259,80.2177734375,62424,62434,10
12.993519783,80.2181625366,62434,62444,10
12.9928798676,80.2186279297,62444,62454,10
12.9920797348,80.2192382813,62454,62464,10
12.9914798737,80.2196578979,62464,62474,10
12.9909000397,80.2200775146,62474,62484,10
12.9907798767,80.2201690674,62484,62494,10
12.9906196594,80.2203063965,62494,62504,10
12.9901895523,80.2206420898,62504,62514,10
12.9896097183,80.2212677002,62514,62524,10
12.9890098572,80.2220077515,62524,62535,11
12.9882698059,80.2227401733,62535,62545,10
12.987739563,80.2230834961,62545,62555,10
12.9876499176,80.2230987549,62555,62565,10
12.9872703552,80.2230682373,62565,62605,40
12.9872703552,80.2230682373,62605,62615,10
12.9869699478,80.2230224609,62615,62625,10
12.9866304398,80.2229690552,62625,62635,10
12.9865398407,80.2229690552,62635,62646,11
12.9862604141,80.2229614258,62646,62656,10
12.9857397079,80.2230300903,62656,62666,10
12.985250473,80.2232666016,62666,62676,10
12.98458004,80.2229614258,62676,62686,10
12.9839801788,80.222618103,62686,62696,10
12.9832000732,80.2220993042,62696,62716,20
12.9832000732,80.2220993042,62716,62726,10
12.9830999374,80.2220230103,62726,62736,10
12.9827003479,80.2218399048,62736,62746,10
12.9821996689,80.2216796875,62746,62757,11
12.9815196991,80.2212371826,62757,62767,10
12.9807100296,80.2210083008,62767,62777,10
12.9800701141,80.2210617065,62777,62787,10
12.9793195724,80.2211380005,62787,62797,10
12.978509903,80.2211685181,62797,62807,10
12.9776802063,80.2211990356,62807,62817,10
12.9768199921,80.2212295532,62817,62827,10
12.9762001038,80.2212600708,62827,62837,10
12.9761695862,80.2215499878,62837,62847,10
12.9764499664,80.2219161987,62847,62906,59
12.9764499664,80.2219161987,62906,62916,10
12.9765396118,80.222076416,62916,62926,10
12.9767799377,80.2224884033,62926,62936,10
12.9770803452,80.2230072021,62936,62946,10
12.9775295258,80.2237319946,62946,62956,10
12.9779396057,80.2243728638,62956,62966,10
12.9783000946,80.2249526978,62966,62976,10
12.9787302017,80.2256774902,62976,62986,10
12.9791297913,80.2263336182,62986,62997,11
12.9795598984,80.2270507813,62997,63007,10
12.9799203873,80.2276535034,63007,63017,10
12.9802503586,80.2281570435,63017,63027,10
12.9804296494,80.2285079956,63027,63037,10
12.980799675,80.229133606,63037,63047,10
12.9811496735,80.2297363281,63047,63057,10
12.9815101624,80.2302398682,63057,63067,10
12.981710434,80.2305374146,63067,63077,10
12.9817199707,80.2305831909,63077,63087,10
12.981880188,80.2309799194,63087,63098,11
12.9820404053,80.2316818237,63098,63108,10
12.9820604324,80.2322463989,63108,63118,10
12.9819602966,80.2328033447,63118,63128,10
12.9816303253,80.2335586548,63128,63148,20
12.9816303253,80.2335586548,63148,63158,10
12.981470108,80.2338562012,63158,63168,10
12.9812698364,80.234336853,63168,63178,10
12.9812297821,80.2350769043,63178,63188,10
12.9812602997,80.2359313965,63188,63198,10
12.9812803268,80.2368011475,63198,63209,11
12.981300354,80.2375564575,63209,63219,10
12.9813203812,80.2381362915,63219,63229,10
12.9813299179,80.2386932373,63229,63239,10
12.9813299179,80.2387084961,63239,63249,10
12.9813404083,80.2389373779,63249,63259,10
12.9813499451,80.2395019531,63259,63269,10
12.9813604355,80.240020752,63269,63279,10
12.9813699722,80.2406616211,63279,63289,10
12.9813995361,80.2411422729,63289,63299,10
12.9813804626,80.241897583,63299,63309,10
12.9813995361,80.2425613403,63309,63320,11
12.9813995361,80.2427825928,63320,63330,10
12.9813995361,80.2428894043,63330,63340,10
12.9813804626,80.243347168,63340,63350,10
12.9813203812,80.2439422607,63350,63360,10
12.9811897278,80.2448272705,63360,63370,10
12.9810600281,80.2459030151,63370,63380,10
12.9809398651,80.2471008301,63380,63390,10
12.9808502197,80.2483596802,63390,63400,10
12.9807395935,80.2496414185,63400,63410,10
12.9804697037,80.2508392334,63410,63420,10
12.9802303314,80.2517471313,63420,63430,10
12.9801197052,80.2521896362,63430,63441,11
12.9799203873,80.2526168823,63441,63471,30
12.9799203873,80.2526168823,63471,63481,10
12.9796600342,80.2527694702,63481,63491,10
12.9785404205,80.252571106,63491,63511,20
12.9785404205,80.252571106,63511,63521,10
12.9782896042,80.2523727417,63521,63531,10
12.9777297974,80.2518692017,63531,63541,10
12.9768695831,80.2513427734,63541,63552,11
12.9755897522,80.2509613037,63552,63562,10
12.9743204117,80.2506027222,63562,63572,10
12.9724502563,80.2501602173,63572,63592,20
12.9724502563,80.2501602173,63592,63602,10
12.972319603,80.2501220703,63602,63612,10
12.9717798233,80.2499465942,63612,63622,10
12.9709596634,80.2497329712,63622,63632,10
12.9699401855,80.2493667603,63632,63642,10
12.9688901901,80.2489471436,63642,63652,10
12.9678602219,80.2485427856,63652,63663,11
12.9669103622,80.2481079102,63663,63673,10
12.9660701752,80.247718811,63673,63683,10
12.9651203156,80.2473907471,63683,63713,30
12.9651203156,80.2473907471,63713,63723,10
12.9648303986,80.2472381592,63723,63733,10
12.9643001556,80.2470397949,63733,63743,10
12.9639902115,80.2469100952,63743,63753,10
12.9639396667,80.246887207,63753,63763,10
12.9636802673,80.2467803955,63763,63774,11
12.9631700516,80.2465362549,63774,63784,10
12.9624204636,80.2461776733,63784,63794,10
12.9615802765,80.2457809448,63794,63804,10
12.9606704712,80.2453613281,63804,63814,10
12.9598903656,80.2450408936,63814,63824,10
12.959400177,80.2448196411,63824,63834,10
12.9593601227,80.2447967529,63834,63844,10
12.9592599869,80.2447509766,63844,63854,10
12.9588003159,80.2445297241,63854,63864,10
12.9581003189,80.2442398071,63864,63874,10
12.9575500488,80.2440490723,63874,63885,11
12.9570198059,80.2438964844,63885,63975,90
12.9566602707,80.243812561,63975,64026,51
12.9566602707,80.243812561,64026,64036,10
12.9563703537,80.2437210083,64036,64046,10
12.9559698105,80.2434768677,64046,64056,10
12.9552898407,80.2430877686,64056,64066,10
12.9544200897,80.2427062988,64066,64076,10
12.9534597397,80.2423171997,64076,64086,10
12.952460289,80.2419281006,64086,64096,10
12.951789856,80.2417221069,64096,64106,10
12.9516201019,80.2416610718,64106,64117,11
12.9514799118,80.2416000366,64117,64127,10
12.9509801865,80.2414321899,64127,64137,10
12.9501800537,80.2412033081,64137,64147,10
12.9494495392,80.2409667969,64147,64157,10
12.9486999512,80.2406692505,64157,64167,10
12.9478197098,80.2403182983,64167,64177,10
12.9471998215,80.2400588989,64177,64187,10
12.9470300674,80.2399902344,64187,64197,10
12.9469203949,80.2399368286,64197,64207,10
12.9464702606,80.2397613525,64207,64217,10
12.9457597733,80.239440918,64217,64228,11
12.9449300766,80.2388687134,64228,64238,10
12.9441699982,80.238067627,64238,64248,10
12.9431800842,80.2370605469,64248,64268,20
12.9431800842,80.2370605469,64268,64278,10
12.9429502487,80.2368774414,64278,64288,10
12.9423503876,80.236541748,64288,64298,10
12.9414596558,80.2362670898,64298,64308,10
12.9406604767,80.2360687256,64308,64318,10
12.9398803711,80.2358703613,64318,64328,10
12.9398202896,80.2358627319,64328,64339,11
12.9396800995,80.2358016968,64339,64349,10
12.9391403198,80.2355270386,64349,64359,10
12.9383897781,80.2351226807,64359,64369,10
12.9374399185,80.2346496582,64369,64379,10
12.93653965,80.2342071533,64379,64389,10
12.9357404709,80.2338485718,64389,64399,10
12.9347801208,80.2334213257,64399,64409,10
12.9339199066,80.2330322266,64409,64429,20
12.9339199066,80.2330322266,64429,64439,10
12.9338302612,80.2329864502,64439,64449,10
12.9333295822,80.2327423096,64449,64460,11
12.9324998856,80.2323913574,64460,64470,10
12.9315299988,80.2320709229,64470,64480,10
12.9303503036,80.2317123413,64480,64490,10
12.9291095734,80.2314224243,64490,64500,10
12.9278402328,80.2312088013,64500,64510,10
12.9269304276,80.2311325073,64510,64520,10
12.9264001846,80.2310714722,64520,64530,10
12.9262399673,80.2310562134,64530,64540,10
12.9261198044,80.2310562134,64540,64550,10
12.925620079,80.2310028076,64550,64561,11
12.9247903824,80.2308883667,64561,64571,10
12.9238700867,80.2307662964,64571,64581,10
12.9227399826,80.2305908203,64581,64591,10
12.9215803146,80.2304229736,64591,64601,10
12.9205303192,80.2303009033,64601,64611,10
12.9196796417,80.23021698,64611,64621,10
12.919380188,80.230178833,64621,64631,10
12.9193601608,80.2301712036,64631,64641,10
12.9189996719,80.2300796509,64641,64651,10
12.9183301926,80.2299804688,64651,64661,10
12.9174203873,80.2298583984,64661,64671,10
12.9163398743,80.2297210693,64671,64682,11
12.9150295258,80.2295303345,64682,64692,10
12.9139604568,80.2294006348,64692,64702,10
12.9132699966,80.2293319702,64702,64722,20
12.9132699966,80.2293319702,64722,64732,10
12.9129199982,80.2292709351,64732,64742,10
12.912229538,80.2291488647,64742,64752,10
12.9113197327,80.229019165,64752,64768,16
12.9095001221,80.228729248,64768,64780,12
12.9083795547,80.2285385132,64780,64789,9
12.9077796936,80.2284622192,64789,64801,12
12.9075899124,80.2284622192,64801,64811,10
12.9075298309,80.2284469604,64811,64821,10
12.9071397781,80.2284011841,64821,64831,10
12.9065198898,80.2283477783,64831,64841,10
12.9058103561,80.228302002,64841,64851,10
12.9049301147,80.2282562256,64851,64861,10
12.9043102264,80.2282333374,64861,64871,10
12.9040603638,80.2282104492,64871,64881,10
12.9040002823,80.2282028198,64881,64891,10
12.903550148,80.2281723022,64891,64901,10
12.9028701782,80.2281417847,64901,64912,11
12.9020500183,80.2281036377,64912,64962,50
12.9020500183,80.2281036377,64962,64972,10
12.9016199112,80.2281036377,64972,64982,10
12.9011297226,80.2281036377,64982,64992,10
12.9007701874,80.2279968262,64992,65002,10
12.9005002975,80.2279815674,65002,65012,10
12.9003400803,80.2279815674,65012,65023,11
12.8998498917,80.2279815674,65023,65033,10
12.8990802765,80.2279510498,65033,65063,30
12.8990802765,80.2279510498,65063,65073,10
12.8988599777,80.2278900146,65073,65083,10
12.8983097076,80.2278518677,65083,65093,10
12.8973903656,80.2278213501,65093,65113,20
12.8973903656,80.2278213501,65113,65123,10
12.8973398209,80.2277984619,65123,65134,11
12.8969497681,80.2277832031,65134,65144,10
12.8964300156,80.2277603149,65144,65154,10
12.8957901001,80.2277297974,65154,65164,10
12.8949804306,80.2276992798,65164,65174,10
12.8941402435,80.2276611328,65174,65184,10
12.8931598663,80.2275619507,65184,65204,20
12.8931598663,80.2275619507,65204,65214,10
12.8929700851,80.2275390625,65214,65224,10
12.8926000595,80.2275009155,65224,65275,51
12.8926000595,80.2275009155,65275,65285,10
12.8924303055,80.2275238037,65285,65295,10
12.8919200897,80.2274703979,65295,65305,10
12.8911304474,80.2274398804,65305,65315,10
12.8901700974,80.227432251,65315,65325,10
12.8891096115,80.2274169922,65325,65335,10
12.8884801865,80.2274169922,65335,65345,10
12.8884000778,80.2274169922,65345,65356,11
12.8880996704,80.2273864746,65356,65366,10
12.8874998093,80.2273178101,65366,65376,10
12.8866701126,80.2271575928,65376,65386,10
12.8857297897,80.2269134521,65386,65396,10
12.8847398758,80.2267913818,65396,65426,30
12.8847398758,80.2267913818,65426,65436,10
12.8845396042,80.2267913818,65436,65446,10
12.8840799332,80.2267684937,65446,65456,10
12.8833398819,80.2267684937,65456,65467,11
12.8823299408,80.2267608643,65467,65477,10
12.8812599182,80.2267684937,65477,65487,10
12.8801202774,80.2267837524,65487,65497,10
12.8789701462,80.2267990112,65497,65507,10
12.8779096603,80.2268829346,65507,65517,10
12.876950264,80.2269668579,65517,65527,10
12.8765296936,80.2269821167,65527,65537,10
12.8764600754,80.2269210815,65537,65547,10
12.8764200211,80.2267684937,65547,65557,10
12.8764400482,80.2264099121,65557,65588,31
12.8764400482,80.2264099121,65588,65598,10
12.8765096664,80.2261123657,65598,65608,10
12.8765802383,80.2254867554,65608,65618,10
12.876660347,80.2246704102,65618,65628,10
12.8768196106,80.2237472534,65628,65638,10
12.8770704269,80.2226791382,65638,65648,10
12.8773403168,80.2215499878,65648,65658,10
12.8775997162,80.220413208,65658,65668,10
12.8778896332,80.2191696167,65668,65678,10
12.8781795502,80.2178497314,65678,65688,10
12.8784399033,80.2165222168,65688,65699,11
12.8787603378,80.2150802612,65699,65709,10
12.8790102005,80.2137374878,65709,65719,10
12.8792495728,80.2124633789,65719,65729,10
12.8794403076,80.2114562988,65729,65739,10
12.8789997101,80.2109603882,65739,65789,50
12.8789997101,80.2109603882,65789,65799,10
12.8789396286,80.2109527588,65799,65810,11
12.878490448,80.2108764648,65810,65820,10
12.8779401779,80.2107696533,65820,65830,10
12.8773603439,80.2106704712,65830,65840,10
12.8765602112,80.2105026245,65840,65850,10
12.8757600784,80.2103729248,65850,65860,10
12.8751401901,80.2102584839,65860,65870,10
12.8743896484,80.2098770142,65870,65931,61
12.8743896484,80.2098770142,65931,65941,10
12.8744401932,80.2098236084,65941,65951,10
12.8745603561,80.2096099854,65951,65961,10
12.8747797012,80.2096633911,65961,65971,10
12.8747797012,80.2098388672,65971,66102,131
12.8747797012,80.2098388672,66102,66112,10
12.8746500015,80.2101135254,66112,66122,10
12.8751001358,80.2102203369,66122,66132,10
12.8758001328,80.210357666,66132,66143,11
12.8765897751,80.2105102539,66143,66153,10
12.8772602081,80.210647583,66153,66163,10
12.8778495789,80.2107620239,66163,66173,10
12.8784303665,80.2108688354,66173,66183,10
12.8789596558,80.2109603882,66183,66193,10
12.8793897629,80.2110900879,66193,66202,9
12.8794603348,80.211517334,66202,66213,11
12.8794202805,80.2117385864,66213,66223,10
12.8793897629,80.2118606567,66223,66233,10
12.8792695999,80.2124786377,66233,66243,10
12.8790903091,80.2134017944,66243,66254,11
12.8788604736,80.2146224976,66254,66264,10
12.8786296844,80.2156982422,66264,66274,10
12.878370285,80.2169189453,66274,66284,10
12.8781404495,80.2181091309,66284,66294,10
12.8778800964,80.2192764282,66294,66304,10
12.8776102066,80.220451355,66304,66314,10
12.8773403168,80.2216415405,66314,66324,10
12.8770399094,80.2229232788,66324,66334,10
12.8767499924,80.2242202759,66334,66344,10
12.8766002655,80.225402832,66344,66354,10
12.8764801025,80.2262420654,66354,66365,11
12.876449585,80.2268981934,66365,66385,20
12.876449585,80.2268981934,66385,66395,10
12.8765001297,80.2269668579,66395,66405,10
12.8765296936,80.2269821167,66405,66415,10
12.8766803741,80.2269897461,66415,66425,10
12.877240181,80.2269363403,66425,66435,10
12.8781795502,80.2268676758,66435,66445,10
12.8794202805,80.2267990112,66445,66455,10
12.88078022,80.2267837524,66455,66465,10
12.8821401596,80.2267684937,66465,66475,10
12.8835096359,80.2267532349,66475,66486,11
12.8846998215,80.2267227173,66486,66496,10
12.8854398727,80.2267837524,66496,66506,10
12.8863096237,80.2270126343,66506,66516,10
12.8873195648,80.2272415161,66516,66526,10
12.8883800507,80.2273635864,66526,66536,10
12.8894796371,80.2273864746,66536,66546,10
12.8906602859,80.2273788452,66546,66556,10
12.8917198181,80.2273788452,66556,66566,10
12.8923597336,80.2274169922,66566,66645,79
12.8923597336,80.2274169922,66645,66655,10
12.8924503326,80.227432251,66655,66665,10
12.8930397034,80.2274932861,66665,66675,10
12.8939800262,80.2276077271,66675,66685,10
12.8953199387,80.2276916504,66685,66695,10
12.8965702057,80.2277297974,66695,66705,10
12.8976802826,80.2277832031,66705,66716,11
12.8986301422,80.2278137207,66716,66725,9
12.899140358,80.2278366089,66725,66736,11
12.8993701935,80.2278366089,66736,66806,70
12.8993701935,80.2278366089,66806,66817,11
12.8997097015,80.2278823853,66817,66827,10
12.9000301361,80.227897644,66827,66837,10
12.9004001617,80.2279434204,66837,66847,10
12.9007997513,80.2279663086,66847,66857,10
12.9012203217,80.228012085,66857,66867,10
12.9016799927,80.2280502319,66867,66877,10
12.9019899368,80.2280426025,66877,66887,10
12.9022502899,80.2280578613,66887,66897,10
12.9024801254,80.2280807495,66897,66907,10
12.9028997421,80.2280578613,66907,66917,10
12.9031200409,80.2280273438,66917,66927,10
12.9035797119,80.2280807495,66927,66938,11
12.9042596817,80.2281112671,66938,66948,10
12.904999733,80.2281570435,66948,66958,10
12.9056501389,80.2282028198,66958,66968,10
12.9059896469,80.2282333374,66968,67004,36
12.9059896469,80.2282333374,67004,67016,12
12.9063396454,80.2282791138,67016,67026,10
12.9065704346,80.2282867432,67026,67036,10
12.9069595337,80.2283477783,67036,67047,11
12.9077396393,80.2284393311,67047,67057,10
12.9086198807,80.2285919189,67057,67066,9
12.9094800949,80.2287216187,67066,67077,11
12.9106302261,80.2289199829,67077,67087,10
12.911529541,80.229057312,67087,67097,10
12.912150383,80.2291412354,67097,67107,10
12.9131097794,80.2292633057,67107,67116,9
12.9138402939,80.2293701172,67116,67126,10
12.9142799377,80.2293777466,67126,67137,11
12.9145402908,80.2294235229,67137,67147,10
12.9152698517,80.2295379639,67147,67158,11
12.9164104462,80.2296981812,67158,67168,10
12.9175195694,80.229850769,67168,67178,10
12.918510437,80.2299804688,67178,67188,10
12.9191398621,80.2300491333,67188,67198,10
12.9192199707,80.2300720215,67198,67208,10
12.9192695618,80.2300796509,67208,67218,10
12.9197597504,80.2301483154,67218,67228,10
12.920630455,80.2302474976,67228,67238,10
12.9217195511,80.2304000854,67238,67248,10
12.922829628,80.2305831909,67248,67266,18
12.9247999191,80.2308273315,67266,67279,13
12.925860405,80.2309494019,67279,67289,10
12.926320076,80.2310028076,67289,67299,10
12.9263896942,80.231010437,67299,67309,10
12.9266195297,80.2310333252,67309,67319,10
12.9272203445,80.2311019897,67319,67329,10
12.9279699326,80.2312011719,67329,67339,10
12.9285802841,80.2313079834,67339,67349,10
12.9287796021,80.231338501,67349,67359,10
12.9292402267,80.2314224243,67359,67369,10
12.9300203323,80.2315979004,67369,67379,10
12.9310598373,80.2318725586,67379,67390,11
12.932220459,80.2322387695,67390,67399,9
12.9331102371,80.2325286865,67399,67410,11
12.9335298538,80.2327194214,67410,67430,20
12.9335298538,80.2327194214,67430,67440,10
12.9337396622,80.2328262329,67440,67450,10
12.9342603683,80.2330627441,67450,67460,10
12.9350004196,80.2334289551,67460,67470,10
12.9356603622,80.2337417603,67470,67480,10
12.9364204407,80.2340774536,67480,67491,11
12.9372997284,80.2344970703,67491,67501,10
12.9381198883,80.2349014282,67501,67511,10
12.938949585,80.2352981567,67511,67521,10
12.9393796921,80.2355194092,67521,67541,20
12.9393796921,80.2355194092,67541,67551,10
12.9395599365,80.2356491089,67551,67561,10
12.9400901794,80.2358932495,67561,67571,10
12.9409198761,80.2361297607,67571,67580,9
12.9418201447,80.2363433838,67580,67591,11
12.9428596497,80.2367095947,67591,67601,10
12.9436597824,80.2373809814,67601,67612,11
12.9445495605,80.2383575439,67612,67622,10
12.9454603195,80.2392501831,67622,67632,10
12.9463195801,80.2396392822,67632,67642,10
12.9468202591,80.2398376465,67642,67652,10
12.947019577,80.2399215698,67652,67662,10
12.9470396042,80.2399291992,67662,67672,10
12.9472703934,80.2400588989,67672,67682,10
12.9477596283,80.2402572632,67682,67692,10
12.9483604431,80.2404785156,67692,67702,10
12.9486303329,80.240562439,67702,67874,172
12.9486303329,80.240562439,67874,67884,10
12.9489297867,80.2407302856,67884,67894,10
12.9494304657,80.2409362793,67894,67904,10
12.950220108,80.2411804199,67904,67914,10
12.9510602951,80.2414474487,67914,67924,10
12.9513397217,80.2415237427,67924,67934,10
12.9514799118,80.241569519,67934,67945,11
12.9519500732,80.2417526245,67945,67955,10
12.9526500702,80.2420196533,67955,67965,10
12.9535198212,80.2423477173,67965,67975,10
12.9541702271,80.2426071167,67975,67985,10
12.9549198151,80.2429122925,67985,67995,10
12.9557600021,80.2431488037,67995,68005,10
12.9563398361,80.2433395386,68005,68015,10
12.9567699432,80.2435379028,68015,68025,10
12.9574699402,80.2438735962,68025,68035,10
12.9580497742,80.244140625,68035,68045,10
12.9587097168,80.244392395,68045,68056,11
12.9588603973,80.2444610596,68056,68066,10
12.9589395523,80.2445220947,68066,68076,10
12.9593801498,80.2447280884,68076,68086,10
12.9600400925,80.2450408936,68086,68096,10
12.9608898163,80.2454376221,68096,68106,10
12.9618501663,80.2458877563,68106,68116,10
12.962679863,80.2462768555,68116,68126,10
12.9633197784,80.2465896606,68126,68146,20
12.9646196365,80.2471466064,68146,68156,10
12.9654302597,80.247428894,68156,68167,11
12.9667396545,80.2479476929,68167,68197,30
12.9667396545,80.2479476929,68197,68213,16
12.9674501419,80.2483215332,68213,68225,12
12.9684295654,80.2487106323,68225,68235,10
12.9694099426,80.2491073608,68235,68245,10
12.9704399109,80.24949646,68245,68255,10
12.971619606,80.2498626709,68255,68265,10
12.9728403091,80.2501831055,68265,68275,10
12.9738197327,80.2504425049,68275,68285,10
12.9749698639,80.2507705688,68285,68298,13
12.9764499664,80.2511901855,68298,68308,10
12.9775400162,80.251663208,68308,68318,10
12.9782800674,80.2522735596,68318,68328,10
12.9787397385,80.2525100708,68328,68338,10
12.979060173,80.2526016235,68338,68368,30
12.979060173,80.2526016235,68368,68391,23
12.9794902802,80.2526016235,68391,68404,13
12.9799804688,80.2522201538,68404,68424,20
12.9799804688,80.2522201538,68424,68432,8
12.9799900055,80.2520523071,68432,68444,12
12.9801597595,80.2515411377,68444,68454,10
12.9803800583,80.250831604,68454,68464,10
12.9805803299,80.2499465942,68464,68474,10
12.9807195663,80.2489395142,68474,68484,10
12.9807701111,80.2481384277,68484,68494,10
12.9808502197,80.2470321655,68494,68504,10
12.980919838,80.2462310791,68504,68515,11
12.9809799194,80.2454223633,68515,68626,111
12.981010437,80.2450180054,68626,68686,60
12.9810400009,80.2448425293,68686,68727,41
12.9810600281,80.2446212769,68727,68878,151
12.9810800552,80.2443084717,68878,68918,40
12.9810800552,80.2443084717,68918,68928,10
12.9811296463,80.2439422607,68928,68938,10
12.9811697006,80.2437973022,68938,68949,11
12.9812498093,80.2436828613,68949,68959,10
12.9812803268,80.2431335449,68959,69009,50
12.9812803268,80.2431335449,69009,69019,10
12.9813203812,80.2428894043,69019,69070,51
12.9813203812,80.2428894043,69070,69080,10
12.9813203812,80.2425079346,69080,69251,171
12.9813404083,80.2421264648,69251,69352,101
12.9813404083,80.2421264648,69352,69362,10
12.9813404083,80.2417907715,69362,69372,10
12.9813404083,80.2415924072,69372,69443,71
12.9813203812,80.2412109375,69443,69463,20
12.9813203812,80.2412109375,69463,69473,10
12.9813299179,80.2410583496,69473,69524,51
12.9813203812,80.2407608032,69524,69544,20
12.9813203812,80.2407608032,69544,69554,10
12.9813203812,80.2404403687,69554,69594,40
12.9813203812,80.2404403687,69594,69604,10
12.9813299179,80.2401428223,69604,69614,10
12.9813299179,80.2399520874,69614,69665,51
12.9813299179,80.2399520874,69665,69675,10
12.9813203812,80.2396697998,69675,69685,10
12.9813098907,80.2396316528,69685,69695,10
12.9813098907,80.2394638062,69695,69705,10
12.981300354,80.2392425537,69705,69715,10
12.9812898636,80.2389831543,69715,69725,10
12.9812803268,80.2387466431,69725,69736,11
12.9812698364,80.2386398315,69736,69746,10
12.9812602997,80.2383880615,69746,69756,10
12.9812498093,80.237991333,69756,69776,20
12.9812498093,80.237991333,69776,69786,10
12.9812602997,80.237701416,69786,69796,10
12.9812498093,80.2372817993,69796,69806,10
12.9812402725,80.2370071411,69806,69816,10
12.9812202454,80.2364501953,69816,69847,31
12.9812202454,80.2364501953,69847,69857,10
12.9812202454,80.2361373901,69857,69867,10
12.9812002182,80.235786438,69867,69877,10
12.9811897278,80.235458374,69877,69887,10
12.9811897278,80.2352981567,69887,69897,10
12.9811897278,80.2352218628,69897,69907,10
12.9811897278,80.234992981,69907,69917,10
12.9811897278,80.2347793579,69917,69927,10
12.9811897278,80.2345733643,69927,69937,10
12.9812202454,80.2344436646,69937,69947,10
12.9812698364,80.2341995239,69947,69958,11
12.9812803268,80.2341690063,69958,69968,10
12.9814195633,80.2338409424,69968,69988,20
12.9814195633,80.2338409424,69988,69998,10
12.9814996719,80.2336273193,69998,70008,10
12.9816102982,80.2333831787,70008,70018,10
12.9816503525,80.2332992554,70018,70028,10
12.981710434,80.2331771851,70028,70038,10
12.9818601608,80.2328109741,70038,70047,9
12.9819602966,80.2324676514,70047,70058,11
12.982000351,80.2321166992,70058,70068,10
12.9819698334,80.2315597534,70068,70078,10
12.9818201065,80.2309875488,70078,70089,11
12.9816398621,80.2307128906,70089,70099,10
12.9814500809,80.2304229736,70099,70109,10
12.9812002182,80.2300033569,70109,70119,10
12.9809904099,80.2296905518,70119,70129,10
12.9808397293,80.2294235229,70129,70139,10
12.980629921,80.2290496826,70139,70159,20
12.980629921,80.2290496826,70159,70169,10
12.9804496765,80.2287597656,70169,70179,10
12.9802999496,80.2284393311,70179,70190,11
12.9801197052,80.2281036377,70190,70200,10
12.9798402786,80.2276306152,70200,70210,10
12.9795703888,80.2271575928,70210,70220,10
12.9792604446,80.2266616821,70220,70230,10
12.9790000916,80.2262268066,70230,70240,10
12.9787902832,80.2258682251,70240,70250,10
12.9784603119,80.2253189087,70250,70260,10
12.9781904221,80.2248764038,70260,70270,10
12.9779996872,80.2246398926,70270,70280,10
12.9778003693,80.2244033813,70280,70290,10
12.9777498245,80.2242965698,70290,70301,11
12.9775896072,80.2240066528,70301,70311,10
12.9773197174,80.2235488892,70311,70321,10
12.9770298004,80.2230911255,70321,70331,10
12.976940155,80.22290802,70331,70341,10
12.9771604538,80.2227630615,70341,70371,30
12.9771604538,80.2227630615,70371,70381,10
12.9774904251,80.2226791382,70381,70391,10
12.9774999619,80.2222976685,70391,70401,10
12.9774703979,80.2218017578,70401,70412,11
12.9774503708,80.2213668823,70412,70422,10
12.9776096344,80.221282959,70422,70432,10
12.9778900146,80.2212677002,70432,70442,10
12.9782800674,80.2212371826,70442,70452,10
12.9788599014,80.221206665,70452,70462,10
12.9793796539,80.2211608887,70462,70472,10
12.979929924,80.2211303711,70472,70482,10
12.9804401398,80.2210769653,70482,70492,10
12.9809999466,80.2210998535,70492,70502,10
12.9815797806,80.2213973999,70502,70512,10
12.9820203781,80.2216796875,70512,70523,11
12.9824800491,80.2218704224,70523,70533,10
12.982919693,80.2220306396,70533,70543,10
12.9830102921,80.2220687866,70543,70553,10
12.9830999374,80.2221298218,70553,70563,10
12.9834604263,80.2223815918,70563,70573,10
12.9838695526,80.2226333618,70573,70583,10
12.9842996597,80.222869873,70583,70593,10
12.9849500656,80.2232513428,70593,70815,222
12.9849500656,80.2232513428,70815,70825,10
12.9853096008,80.2233963013,70825,70876,51
12.9853096008,80.2233963013,70876,70886,10
12.9854898453,80.2232666016,70886,71077,191
12.9857702255,80.2230834961,71077,71098,21
12.9859199524,80.2230377197,71098,71158,60
12.9859199524,80.2230377197,71158,71168,10
12.9860401154,80.2229919434,71168,71269,101
12.9860401154,80.2229919434,71269,71279,10
12.9860801697,80.2229995728,71279,71289,10
12.986120224,80.2229995728,71289,71299,10
12.9863395691,80.2230072021,71299,71310,11
12.9866800308,80.2230377197,71310,71370,60
12.9866800308,80.2230377197,71370,71380,10
12.987039566,80.2230911255,71380,71400,20
12.987039566,80.2230911255,71400,71410,10
12.9874601364,80.2231369019,71410,71421,11
12.987830162,80.2230300903,71421,71461,40
12.987830162,80.2230300903,71461,71471,10
12.9881496429,80.2228393555,71471,71491,20
12.9881496429,80.2228393555,71491,71501,10
12.9883298874,80.2227020264,71501,71511,10
12.9886198044,80.2224121094,71511,71521,10
12.9888601303,80.2221069336,71521,71532,11
12.9890804291,80.2218475342,71532,71542,10
12.9893102646,80.2215805054,71542,71552,10
12.9894599915,80.2213668823,71552,71562,10
12.9896602631,80.2210922241,71562,71572,10
12.9898996353,80.2208023071,71572,71582,10
12.9901103973,80.2206420898,71582,71592,10
12.9901800156,80.2205810547,71592,71602,10
12.99036026,80.220451355,71602,71612,10
12.99077034,80.2201385498,71612,71622,10
12.9912004471,80.2197875977,71622,71632,10
12.9916095734,80.2194671631,71632,71643,11
12.9922399521,80.2190170288,71643,71653,10
12.9927997589,80.2186203003,71653,71663,10
12.9933395386,80.2182388306,71663,71673,10
12.9938402176,80.2178878784,71673,71683,10
12.9942598343,80.217590332,71683,71693,10
12.9943599701,80.2175216675,71693,71703,10
12.9946098328,80.2173461914,71703,71713,10
12.9950199127,80.2170562744,71713,71723,10
12.9955301285,80.216796875,71723,71733,10
12.9961004257,80.2166290283,71733,71743,10
12.9967002869,80.2165603638,71743,71754,11
12.9970397949,80.2165374756,71754,71764,10
12.9970598221,80.2165374756,71764,71774,10
12.9972400665,80.2164764404,71774,71784,10
12.997420311,80.2163085938,71784,71794,10
12.9978599548,80.2158737183,71794,71804,10
12.9984102249,80.2153625488,71804,71814,10
12.9988803864,80.2149505615,71814,71824,10
12.9991798401,80.2147064209,71824,71834,10
12.9996099472,80.21434021,71834,71844,10
12.9999504089,80.2140426636,71844,71854,10
13.0004997253,80.2135467529,71854,71864,10
13.0009899139,80.2131195068,71864,71875,11
13.0014696121,80.2127838135,71875,71885,10
13.0018796921,80.2125015259,71885,71895,10
13.0022697449,80.212272644,71895,71905,10
13.0026702881,80.2121505737,71905,71915,10
13.0031499863,80.2121429443,71915,71925,10
13.0036096573,80.2120437622,71925,71935,10
13.003660202,80.2118988037,71935,71945,10
13.003660202,80.2115707397,71945,71955,10
13.0036096573,80.2108764648,71955,71965,10
13.0035104752,80.2101135254,71965,71975,10
13.0035400391,80.2093200684,71975,71986,11
13.0038003922,80.2086791992,71986,71996,10
13.00440979,80.2088699341,71996,72006,10
13.004989624,80.2091293335,72006,72014,8
13.0054998398,80.2093582153,72014,72026,12
13.0061798096,80.209602356,72026,72036,10
13.0066795349,80.209777832,72036,72046,10
13.0072202682,80.2098999023,72046,72056,10
13.0076799393,80.2099533081,72056,72076,20
13.0076799393,80.2099533081,72076,72086,10
13.0076999664,80.2099380493,72086,72097,11
13.0079402924,80.2099914551,72097,72107,10
13.0081195831,80.2098083496,72107,72117,10
13.0079898834,80.2091217041,72117,72127,10
13.0078496933,80.2082214355,72127,72137,10
13.0076999664,80.2072677612,72137,72147,10
13.0075502396,80.2061767578,72147,72157,10
13.0074901581,80.2051315308,72157,72167,10
13.0074596405,80.2041320801,72167,72177,10
13.007349968,80.2032394409,72177,72187,10
13.0069303513,80.2025680542,72187,72197,10
13.0065097809,80.2031402588,72197,72208,11
13.0069999695,80.2036132813,72208,72218,10
13.0078296661,80.2037963867,72218,72228,10
13.0089902878,80.203742981,72228,72238,10
13.0102500916,80.2036819458,72238,72248,10
13.0114297867,80.2037582397,72248,72258,10
13.0125999451,80.203956604,72258,72268,10
13.0131998062,80.2041168213,72268,72278,10
13.0132904053,80.2041931152,72278,72288,10
13.0136404037,80.2043685913,72288,72308,20
13.0136404037,80.2043685913,72308,72319,11
13.0136203766,80.2045898438,72319,72329,10
13.0134897232,80.2049179077,72329,72339,10
13.0132703781,80.2055892944,72339,72349,10
13.0130195618,80.206451416,72349,72359,10
13.012960434,80.2072677612,72359,72369,10
13.0128803253,80.2078170776,72369,72379,10
13.0128297806,80.2083435059,72379,72389,10
13.0128498077,80.2086791992,72389,72399,10
13.0129098892,80.2092514038,72399,72409,10
13.0131502151,80.2098388672,72409,72419,10
13.0130796432,80.2103500366,72419,72430,11
13.0129203796,80.2110824585,72430,72440,10
13.0126399994,80.2116012573,72440,72450,10
13.0122995377,80.2121734619,72450,72460,10
13.0120096207,80.2125930786,72460,72470,10
13.0118904114,80.2127914429,72470,72480,10
13.011639595,80.2127990723,72480,72490,10
13.0111398697,80.2124099731,72490,72500,10
13.0106801987,80.2120819092,72500,72510,10
13.0101499557,80.2116775513,72510,72530,20
13.0101499557,80.2116775513,72530,72541,11
13.0100498199,80.2116012573,72541,72551,10
13.0099000931,80.211479187,72551,72631,80
13.0099000931,80.211479187,72631,72641,10
13.0095701218,80.2112731934,72641,73055,414
13.0093002319,80.2110671997,73055,73075,20
13.0093002319,80.2110671997,73075,73085,10
13.0091199875,80.2113037109,73085,73095,10
13.0089502335,80.2115707397,73095,73106,11
13.0090799332,80.2120819092,73106,73116,10
13.0092601776,80.2126235962,73116,73126,10
13.0094404221,80.2130966187,73126,73136,10
13.00963974,80.2136383057,73136,73146,10
13.0098600388,80.2142028809,73146,73156,10
13.0100603104,80.2147979736,73156,73166,10
13.0101499557,80.215461731,73166,73176,10
13.0103397369,80.2161178589,73176,73186,10
13.0106496811,80.2168197632,73186,73196,10
13.01101017,80.2175369263,73196,73206,10
13.0113201141,80.2183609009,73206,73217,11
13.0116195679,80.2192611694,73217,73227,10
13.0118904114,80.2201309204,73227,73237,10
13.012140274,80.2209320068,73237,73247,10
13.0122995377,80.2215194702,73247,73257,10
13.0126495361,80.222038269,73257,73267,10
13.0130996704,80.222618103,73267,73277,10
13.0135498047,80.2231369019,73277,73287,10
13.0140695572,80.2237091064,73287,73297,10
13.0144500732,80.2241897583,73297,73307,10
13.0149402618,80.2247009277,73307,73317,10
13.01541996,80.2252883911,73317,73388,71
13.01541996,80.2252883911,73388,73398,10
13.0154495239,80.2255172729,73398,73408,10
13.0153598785,80.2257766724,73408,73418,10
13.0151796341,80.2259521484,73418,73428,10
13.0150299072,80.226020813,73428,73439,11
13.0145998001,80.2261581421,73439,73449,10
13.0141601563,80.2263183594,73449,73459,10
13.0135803223,80.2265472412,73459,73469,10
13.0128002167,80.226852417,73469,73479,10
13.0119304657,80.2272033691,73479,73489,10
13.0110797882,80.2275238037,73489,73499,10
13.0102500916,80.2278594971,73499,73509,10
13.0095100403,80.227897644,73509,73519,10
13.0095300674,80.2274780273,73519,73529,10
13.0097904205,80.2269287109,73529,73539,10
13.010140419,80.2261505127,73539,73550,11
13.0105495453,80.2251586914,73550,73560,10
13.0108804703,80.2242965698,73560,73570,10
13.0111198425,80.2236785889,73570,73580,10
13.0112304688,80.2232284546,73580,73590,10
13.010720253,80.2229385376,73590,73600,10
13.0099802017,80.2225723267,73600,73610,10
13.0092496872,80.2221984863,73610,73619,9
13.0087499619,80.2219161987,73619,73629,10
13.0081100464,80.2215805054,73629,73640,11
13.0072898865,80.2211380005,73640,73650,10
13.0065803528,80.2207717896,73650,73660,10
13.0057001114,80.2205581665,73660,73671,11
13.0047702789,80.2203369141,73671,73681,10
13.0040903091,80.2201766968,73681,73690,9
13.003490448,80.2200393677,73690,73701,11
13.002869606,80.2198562622,73701,73711,10
13.0028295517,80.2198410034,73711,73721,10
13.0027103424,80.2197799683,73721,73731,10
13.0023202896,80.2194824219,73731,73741,10
13.0018997192,80.2190170288,73741,73751,10
13.0014801025,80.2185974121,73751,73761,10
13.0009202957,80.2182235718,73761,73772,11
13.0001802444,80.2177276611,73772,73781,9
12.9995002747,80.2173309326,73781,73793,12
12.9986200333,80.2169036865,73793,73803,10
12.9978399277,80.2166366577,73803,73813,10
12.997300148,80.2165908813,73813,73833,20
12.997300148,80.2165908813,73833,73843,10
12.997130394,80.2165603638,73843,73853,10
12.996720314,80.2165985107,73853,73863,10
12.9960603714,80.2166976929,73863,73873,10
12.9955301285,80.2168273926,73873,73883,10
12.9951896667,80.2169876099,73883,73894,11
12.9948196411,80.2172393799,73894,73904,10
12.9944200516,80.2175216675,73904,73914,10
12.9940500259,80.2177963257,73914,73924,10
12.9937200546,80.2180404663,73924,73934,10
12.9931602478,80.2184295654,73934,73944,10
12.9925804138,80.2188491821,73944,73954,10
12.9919395447,80.2193222046,73954,73964,10
12.9915103912,80.2196426392,73964,73974,10
12.9911003113,80.2199172974,73974,73984,10
12.9907302856,80.2202072144,73984,73994,10
12.9907197952,80.2202072144,73994,74005,11
12.9904298782,80.2204208374,74005,74015,10
12.9899396896,80.2208099365,74015,74025,10
12.9895095825,80.2214202881,74025,74035,10
12.9890804291,80.2218933105,74035,74045,10
12.9887199402,80.2222824097,74045,74055,10
12.9883003235,80.2226867676,74055,74071,16
12.9877195358,80.2231063843,74071,74083,12
12.9875402451,80.2231369019,74083,74091,8
12.9874401093,80.2231292725,74091,74103,12
12.9869804382,80.2230834961,74103,74114,11
12.9866800308,80.2230300903,74114,74123,9
12.9863195419,80.2230224609,74123,74133,10
12.9858102798,80.2230224609,74133,74144,11
12.9853897095,80.2233200073,74144,74154,10
12.9849996567,80.2232589722,74154,74164,10
12.9845600128,80.2230606079,74164,74174,10
12.9840803146,80.2227706909,74174,74184,10
12.9835796356,80.2224884033,74184,74194,10
12.9832000732,80.2222366333,74194,74204,10
12.983130455,80.2221908569,74204,74214,10
12.9830503464,80.2221221924,74214,74225,11
12.9827003479,80.2219467163,74225,74235,10
12.9823999405,80.221862793,74235,74245,10
12.9818401337,80.2215805054,74245,74255,10
12.9813604355,80.2212524414,74255,74265,10
12.9807796478,80.2210769653,74265,74275,10
12.980050087,80.2211380005,74275,74285,10
12.9795198441,80.2211914063,74285,74295,10
12.9791202545,80.2212219238,74295,74305,10
12.9785604477,80.2212219238,74305,74315,10
12.9778795242,80.2212295532,74315,74325,10
12.9772396088,80.2212600708,74325,74336,11
12.9764900208,80.221282959,74336,74346,10
12.9760303497,80.2214279175,74346,74356,10
12.9763202667,80.2219467163,74356,74396,40
12.9763202667,80.2219467163,74396,74406,10
12.9764499664,80.2223129272,74406,74416,10
12.9767303467,80.2227401733,74416,74426,10
12.9769296646,80.2230377197,74426,74436,10
12.9772701263,80.2235717773,74436,74446,10
12.9777297974,80.224281311,74446,74457,11
12.9780902863,80.2248535156,74457,74467,10
12.978509903,80.2255325317,74467,74487,20
12.978509903,80.2255325317,74487,74497,10
12.9786996841,80.2258377075,74497,74507,10
12.9789896011,80.22631073,74507,74517,10
12.9792995453,80.2268218994,74517,74527,10
12.9796104431,80.2273406982,74527,74537,10
12.9799098969,80.2278213501,74537,74547,10
12.9802503586,80.2284011841,74547,74557,10
12.9805803299,80.2289581299,74557,74568,11
12.980890274,80.2294998169,74568,74578,10
12.9812297821,80.2300415039,74578,74588,10
12.9815597534,80.2305374146,74588,74598,10
12.981590271,80.2305908203,74598,74608,10
12.9816198349,80.2306289673,74608,74618,10
12.9817800522,80.2309799194,74618,74628,10
12.9819202423,80.2313766479,74628,74638,10
12.9819202423,80.2317276001,74638,74658,20
12.9819202423,80.2317276001,74658,74668,10
12.9819402695,80.2320022583,74668,74699,31
12.9819498062,80.2321014404,74699,74759,60
12.9819498062,80.2321014404,74759,74769,10
12.9819402695,80.2325363159,74769,74779,10
12.981880188,80.2328186035,74779,74790,11
12.9817495346,80.2331390381,74790,74820,30
12.9817495346,80.2331390381,74820,74830,10
12.9816303253,80.2333679199,74830,74840,10
12.9814901352,80.2337036133,74840,74850,10
12.9813699722,80.2339172363,74850,74860,10
12.9812803268,80.23412323,74860,74870,10
12.9812002182,80.2343521118,74870,74880,10
12.9811401367,80.2348937988,74880,74890,10
12.9811601639,80.235458374,74890,74901,11
12.9811697006,80.2357177734,74901,74911,10
12.981180191,80.2359771729,74911,74921,10
12.9812097549,80.2364578247,74921,74951,30
12.9812097549,80.2364578247,74951,74961,10
12.9812097549,80.2366333008,74961,75052,91
12.9812097549,80.2366333008,75052,75062,10
12.9812202454,80.2369232178,75062,75082,20
12.9812202454,80.2369232178,75082,75092,10
12.9812402725,80.237121582,75092,75102,10
12.9812402725,80.2374725342,75102,75314,212
12.9812402725,80.2378463745,75314,75334,20
12.9812402725,80.2378463745,75334,75345,11
12.9812297821,80.238067627,75345,75355,10
12.9812498093,80.23828125,75355,75365,10
12.9812498093,80.2385025024,75365,75375,10
12.9812602997,80.238899231,75375,75385,10
12.9812803268,80.2392501831,75385,75395,10
12.9812803268,80.2393035889,75395,75405,10
12.9812698364,80.2395401001,75405,75425,20
12.9812698364,80.2395401001,75425,75435,10
12.9812803268,80.2396774292,75435,75445,10
12.981300354,80.2400283813,75445,75455,10
12.9813098907,80.2405166626,75455,75466,11
12.9813098907,80.2411422729,75466,75476,10
12.9813203812,80.2416915894,75476,75486,10
12.9813203812,80.2421188354,75486,75496,10
12.9813299179,80.2425231934,75496,75506,10
12.9813203812,80.2426681519,75506,75516,10
12.9813299179,80.2427520752,75516,75526,10
12.9813098907,80.2431182861,75526,75536,10
12.981300354,80.2437286377,75536,75546,10
12.9811496735,80.2446136475,75546,75556,10
12.9810199738,80.2456970215,75556,75566,10
12.980890274,80.2468719482,75566,75577,11
12.980799675,80.2479705811,75577,75587,10
12.9806995392,80.249130249,75587,75596,9
12.9805898666,80.2499923706,75596,75607,11
12.9803104401,80.2511062622,75607,75617,10
12.9800901413,80.2519378662,75617,75627,10
12.9800395966,80.2521514893,75627,75637,10
12.9799404144,80.2524795532,75637,75647,10
12.9799203873,80.2527084351,75647,75657,10
12.9794797897,80.2527770996,75657,75667,10
12.9788103104,80.2527008057,75667,75677,10
12.9787197113,80.2526779175,75677,75688,11
12.978509903,80.252571106,75688,75698,10
12.97797966,80.2521896362,75698,75708,10
12.9772796631,80.2516021729,75708,75718,10
12.976269722,80.2512283325,75718,75728,10
12.9751501083,80.2509078979,75728,75738,10
12.9739398956,80.250579834,75738,75748,10
12.9728002548,80.250289917,75748,75758,10
12.9724197388,80.2501983643,75758,75768,10
12.9722099304,80.2501373291,75768,75778,10
12.9715795517,80.2499389648,75778,75788,10
12.9706602097,80.2496871948,75788,75799,11
12.9694404602,80.2492294312,75799,75809,10
12.9681997299,80.2487411499,75809,75819,10
12.9670000076,80.2482299805,75819,75829,10
12.9660997391,80.2477798462,75829,75839,10
12.9648399353,80.2473602295,75839,75859,20
12.9648399353,80.2473602295,75859,75869,10
12.9645900726,80.2472763062,75869,75879,10
12.9639997482,80.2470397949,75879,75889,10
12.9633398056,80.2467575073,75889,75899,10
12.9627199173,80.2464599609,75899,75910,11
12.9617595673,80.2459716797,75910,75920,10
12.9607801437,80.2454681396,75920,75930,10
12.9598999023,80.2450637817,75930,75940,10
12.9591999054,80.2447662354,75940,75950,10
12.9590997696,80.2447433472,75950,75960,10
12.958820343,80.2446212769,75960,75970,10
12.9581699371,80.2443237305,75970,75980,10
12.957449913,80.2440414429,75980,75990,10
12.9566698074,80.2438583374,75990,76000,10
12.9563703537,80.2437515259,76000,76010,10
12.9562997818,80.2437362671,76010,76021,11
12.9558897018,80.2434997559,76021,76031,10
12.9552202225,80.2431106567,76031,76041,10
12.9543399811,80.2427368164,76041,76051,10
12.9534101486,80.2423629761,76051,76061,10
12.9523601532,80.2419509888,76061,76071,10
12.9516496658,80.2417221069,76071,76081,10
12.9515695572,80.2416915894,76081,76091,10
12.9511299133,80.2415313721,76091,76101,10
12.9503297806,80.2412796021,76101,76111,10
12.9493904114,80.2409973145,76111,76121,10
12.9484195709,80.2405776978,76121,76132,11
12.9474201202,80.2401809692,76132,76142,10
12.9469900131,80.2400283813,76142,76152,10
12.9468698502,80.239982605,76152,76162,10
12.9463396072,80.2397537231,76162,76172,10
12.9455699921,80.2393798828,76172,76182,10
12.9447402954,80.2387237549,76182,76192,10
12.9438800812,80.2377929688,76192,76202,10
12.9430398941,80.2369308472,76202,76212,10
12.9418897629,80.236366272,76212,76222,10
12.9407396317,80.2360916138,76222,76232,10
12.9398403168,80.2358627319,76232,76243,11
12.9396800995,80.2358169556,76243,76253,10
12.9395198822,80.2357406616,76253,76263,10
12.938949585,80.2354431152,76263,76273,10
12.9381103516,80.2350006104,76273,76283,10
12.9370498657,80.2344818115,76283,76293,10
12.9361200333,80.2340164185,76293,76303,10
12.9358100891,80.2338485718,76303,76313,10
12.9356498718,80.2337875366,76313,76323,10
12.9351196289,80.233581543,76323,76333,10
12.9343004227,80.2332305908,76333,76343,10
12.9338302612,80.2330093384,76343,76354,11
12.9337902069,80.233001709,76354,76364,10
12.9333400726,80.2327804565,76364,76374,10
12.932559967,80.2324371338,76374,76384,10
12.9315795898,80.2321014404,76384,76394,10
12.9304304123,80.2317276001,76394,76404,10
12.9294996262,80.2314987183,76404,76414,10
12.9286804199,80.231338501,76414,76424,10
12.9279499054,80.2312164307,76424,76434,10
12.9269599915,80.2311172485,76434,76444,10
12.9261198044,80.2310180664,76444,76454,10
12.9251403809,80.2308883667,76454,76464,10
12.9239902496,80.2307434082,76464,76481,17
12.921790123,80.2304000854,76481,76493,12
12.9200801849,80.2301864624,76493,76503,10
12.9186496735,80.2300033569,76503,76513,10
12.9173002243,80.2298202515,76513,76523,10
12.9159202576,80.229637146,76523,76532,9
12.9149303436,80.2294998169,76532,76543,11
12.9137401581,80.2293319702,76543,76554,11
12.9132795334,80.229309082,76554,76566,12
12.9132604599,80.229309082,76566,76576,10
12.9128503799,80.2292098999,76576,76587,11
12.9119997025,80.2290878296,76587,76598,11
12.9108400345,80.2289199829,76598,76607,9
12.9097499847,80.2287521362,76607,76618,11
12.908659935,80.2285690308,76618,76628,10
12.9077301025,80.2284164429,76628,76638,10
12.9069404602,80.2283172607,76638,76648,10
12.9064998627,80.2282714844,76648,76657,9
12.9060201645,80.2282562256,76657,76668,11
12.905670166,80.2282409668,76668,76678,10
12.9049301147,80.228187561,76678,76688,10
12.9041404724,80.2281570435,76688,76699,11
12.9033298492,80.2281265259,76699,76709,10
12.9028902054,80.2281112671,76709,76799,90
12.9028902054,80.2281112671,76799,76810,11
12.902680397,80.2281188965,76810,76820,10
12.9022197723,80.2280883789,76820,76830,10
12.9017400742,80.2280578613,76830,76840,10
12.9010000229,80.2280502319,76840,76971,131
12.9010000229,80.2280502319,76971,76981,10
12.9006204605,80.2279586792,76981,76991,10
12.8999595642,80.2279205322,76991,77001,10
12.8994197845,80.227897644,77001,77011,10
12.8994102478,80.227897644,77011,77021,10
12.8993501663,80.227897644,77021,77032,11
12.8987998962,80.2278594971,77032,77042,10
12.8979501724,80.2277908325,77042,77052,10
12.8969202042,80.2277374268,77052,77062,10
12.8956804276,80.2276916504,77062,77072,10
12.8943395615,80.2276306152,77072,77082,10
12.8929595947,80.2274780273,77082,77092,10
12.8916196823,80.2273788452,77092,77102,10
12.8901996613,80.2273788452,77102,77112,10
12.8889398575,80.2274017334,77112,77122,10
12.8883600235,80.2274017334,77122,77132,10
12.8882198334,80.2273788452,77132,77142,10
12.8876695633,80.2273025513,77142,77153,11
12.8866901398,80.2271270752,77153,77163,10
12.8855600357,80.226852417,77163,77173,10
12.8847999573,80.2267608643,77173,77183,10
12.8847198486,80.2267608643,77183,77193,10
12.8842802048,80.2267379761,77193,77203,10
12.8834600449,80.2267227173,77203,77213,10
12.8823699951,80.2267303467,77213,77223,10
12.8810796738,80.2267379761,77223,77233,10
12.8797101974,80.2267379761,77233,77243,10
12.8783502579,80.2268066406,77243,77253,10
12.8772697449,80.2269210815,77253,77264,11
12.8765296936,80.2269821167,77264,77284,20
12.8765296936,80.2269821167,77284,77294,10
12.8764400482,80.2268066406,77294,77304,10
12.8763799667,80.2266693115,77304,77314,10
12.8763999939,80.2265930176,77314,77323,9
12.8764400482,80.2261734009,77323,77333,10
12.8765296936,80.2254104614,77333,77344,11
12.876660347,80.224357605,77344,77354,10
12.8768501282,80.2233581543,77354,77364,10
12.877120018,80.2221984863,77364,77375,11
12.8774404526,80.2208099365,77375,77385,10
12.8777399063,80.2195281982,77385,77395,10
12.8780298233,80.2182312012,77395,77405,10
12.8782901764,80.2169418335,77405,77415,10
12.8785600662,80.2156219482,77415,77425,10
12.8788299561,80.2143325806,77425,77435,10
12.8790903091,80.2129592896,77435,77445,10
12.8793401718,80.2116470337,77445,77455,10
12.8793401718,80.2110137939,77455,77465,10
12.8790197372,80.2109375,77465,77475,10
12.8790102005,80.2109375,77475,77486,11
12.8788995743,80.2109222412,77486,77496,10
12.8785200119,80.2108612061,77496,77506,10
12.8779001236,80.2107391357,77506,77522,16
12.8770103455,80.2105712891,77522,77535,13
12.8762397766,80.2104187012,77535,77545,10
12.8755702972,80.210319519,77545,77555,10
12.8751497269,80.2102584839,77555,77565,10
12.8746099472,80.2101516724,77565,77585,20
12.8746099472,80.2101516724,77585,77595,10
12.8744497299,80.2100830078,77595,77606,11
12.8743696213,80.2098922729,77606,77616,10
12.8744697571,80.209602356,77616,77626,10
12.874710083,80.209602356,77626,77635,9
12.8747196198,80.2098770142,77635,77645,10
12.8746995926,80.2101593018,77645,77656,11
12.8751802444,80.2102508545,77656,77666,10
12.8758802414,80.2104034424,77666,77676,10
12.8765802383,80.2105178833,77676,77686,10
12.8771400452,80.2106399536,77686,77696,10
12.8776798248,80.2107620239,77696,77706,10
12.8781900406,80.2108612061,77706,77716,10
12.8788499832,80.2109680176,77716,77727,11
12.8793897629,80.2111206055,77727,77737,10
12.87940979,80.2116088867,77737,77748,11
12.8792200089,80.2125778198,77748,77759,11
12.8789901733,80.2138214111,77759,77769,10
12.878780365,80.2149276733,77769,77779,10
12.8785600662,80.215927124,77779,77789,10
12.8782901764,80.2172164917,77789,77799,10
12.8780202866,80.2185592651,77799,77809,10
12.8777103424,80.2199172974,77809,77820,11
12.8773603439,80.2214126587,77820,77830,10
12.8770599365,80.2227401733,77830,77840,10
12.8767795563,80.2240066528,77840,77849,9
12.8766202927,80.2251968384,77849,77860,11
12.8765096664,80.2261505127,77860,77870,10
12.8764200211,80.2267303467,77870,77880,10
12.8765802383,80.2269515991,77880,77890,10
12.8772201538,80.2268981934,77890,77900,10
12.878080368,80.2268218994,77900,77910,10
12.8792600632,80.2267379761,77910,77920,10
12.8805599213,80.2267074585,77920,77931,11
12.8821001053,80.2266998291,77931,77941,10
12.8835201263,80.2266693115,77941,77951,10
12.88463974,80.2266387939,77951,77961,10
12.8852796555,80.2267227173,77961,77971,10
12.8861503601,80.2269134521,77971,77981,10
12.8873500824,80.2271881104,77981,77991,10
12.8886995316,80.2273178101,77991,78001,10
12.8901596069,80.2273330688,78001,78011,10
12.8916196823,80.2273330688,78011,78021,10
12.8929395676,80.2274093628,78021,78031,10
12.8940896988,80.2275466919,78031,78042,11
12.8954401016,80.2276306152,78042,78052,10
12.8968200684,80.2276916504,78052,78062,10
12.8981800079,80.2277679443,78062,78072,10
12.8993196487,80.2278213501,78072,78082,10
12.9001197815,80.2278289795,78082,78092,10
12.9005203247,80.2278671265,78092,78102,10
12.9009399414,80.2279205322,78102,78112,10
12.9013299942,80.2279586792,78112,78122,10
12.9020395279,80.2279968262,78122,78132,10
12.9028100967,80.2280426025,78132,78143,11
12.9038200378,80.2280807495,78143,78152,9
12.9046401978,80.2281036377,78152,78163,11
12.9050302505,80.2281188965,78163,78193,30
12.9050302505,80.2281188965,78193,78203,10
12.9051799774,80.2281112671,78203,78213,10
12.9055404663,80.2281417847,78213,78223,10
12.9059200287,80.2281570435,78223,78233,10
12.9063396454,80.2281799316,78233,78314,81
12.9063396454,80.2281799316,78314,78324,10
12.90666008,80.2282028198,78324,78334,10
12.9073600769,80.2282867432,78334,78344,10
12.9083900452,80.2284698486,78344,78354,10
12.9096603394,80.2286911011,78354,78364,10
12.9108896255,80.2288665771,78364,78375,11
12.9123601913,80.2290802002,78375,78385,10
12.913189888,80.2292098999,78385,78395,10
12.9142398834,80.2293395996,78395,78405,10
12.91547966,80.2295379639,78405,78415,10
12.9167699814,80.2297210693,78415,78425,10
12.9181499481,80.2299194336,78425,78435,10
12.9195804596,80.2301101685,78435,78445,10
12.9210500717,80.2302932739,78445,78455,10
12.9225101471,80.2304992676,78455,78465,10
12.9239797592,80.2307128906,78465,78474,9
12.9252595901,80.2308731079,78474,78486,12
12.9268102646,80.231048584,78486,78496,10
12.9281101227,80.2312011719,78496,78506,10
12.9292201996,80.2313995361,78506,78516,10
12.9304504395,80.2316970825,78516,78526,10
12.9317798615,80.2321090698,78526,78536,10
12.9330196381,80.2325363159,78536,78546,10
12.9339799881,80.232963562,78546,78556,10
12.9347896576,80.2333374023,78556,78566,10
12.9353599548,80.2335891724,78566,78576,10
12.9358997345,80.2338485718,78576,78586,10
12.9366502762,80.2342071533,78586,78597,11
12.9377698898,80.2347412109,78597,78607,10
12.9387302399,80.2351989746,78607,78617,10
12.9393796921,80.2355117798,78617,78627,10
12.9395103455,80.2355880737,78627,78637,10
12.9400701523,80.2358627319,78637,78647,10
12.9410295486,80.2361297607,78647,78657,10
12.9422101974,80.2363967896,78657,78667,10
12.9431495667,80.2368774414,78667,78677,10
12.9440002441,80.237739563,78677,78687,10
12.9448099136,80.2386398315,78687,78697,10
12.9455404282,80.2393035889,78697,78708,11
12.9466199875,80.2397689819,78708,78718,10
12.9474201202,80.2401123047,78718,78728,10
12.9482498169,80.2404632568,78728,78738,10
12.949139595,80.2407989502,78738,78748,10
12.9499597549,80.2410812378,78748,78758,10
12.9506998062,80.2413101196,78758,78768,10
12.9511995316,80.2414779663,78768,78778,10
12.9516000748,80.2416000366,78778,78788,10
12.9522304535,80.2418289185,78788,78798,10
12.9529895782,80.2421188354,78798,78808,10
12.9535999298,80.2423629761,78808,78818,10
12.9539699554,80.2425231934,78818,78829,11
12.9546003342,80.2427825928,78829,78849,20
12.9558296204,80.2432098389,78849,78865,16
12.9562997818,80.2433776855,78865,78877,12
12.9563302994,80.2433929443,78877,78887,10
12.9564599991,80.2434234619,78887,78897,10
12.9570503235,80.2437210083,78897,78907,10
12.9578304291,80.2440795898,78907,78917,10
12.9589500427,80.2445373535,78917,78927,10
12.9600496292,80.2450408936,78927,78938,11
12.961139679,80.245552063,78938,78947,9
12.9619998932,80.2459716797,78947,78958,11
12.9628200531,80.246383667,78958,78968,10
12.9635601044,80.2467498779,78968,78978,10
12.9643001556,80.2470397949,78978,78988,10
12.9651002884,80.2473297119,78988,78998,10
12.9657802582,80.2475585938,78998,79008,10
12.9662799835,80.2477722168,79008,79018,10
12.9668197632,80.2480316162,79018,79028,10
12.9675302505,80.2483596802,79028,79038,10
12.9684400558,80.2487106323,79038,79049,11
12.9693603516,80.2490768433,79049,79059,10
12.9702396393,80.2494277954,79059,79069,10
12.9713001251,80.2497711182,79069,79079,10
12.9723901749,80.2500610352,79079,79089,10
12.9734201431,80.2503433228,79089,79099,10
12.974360466,80.2506027222,79099,79109,10
12.9755296707,80.2509002686,79109,79119,10
12.976849556,80.2512969971,79119,79129,10
12.9779701233,80.2520217896,79129,79139,10
12.9788799286,80.2525634766,79139,79149,10
12.9795103073,80.2526092529,79149,79159,10
12.9799404144,80.2524185181,79159,79170,11
12.9799499512,80.2523574829,79170,79180,10
12.9799900055,80.2521820068,79180,79190,10
12.9801301956,80.2516784668,79190,79200,10
12.980389595,80.2508392334,79200,79210,10
12.9806604385,80.24974823,79210,79220,10
12.980799675,80.2484283447,79220,79230,10
12.980890274,80.2471618652,79230,79240,10
12.9810199738,80.2457885742,79240,79250,10
12.9811296463,80.2446365356,79250,79260,10
12.9812097549,80.2438583374,79260,79270,10
12.9813499451,80.2435073853,79270,79281,11
12.9813804626,80.2429885864,79281,79291,10
12.9813804626,80.2428283691,79291,79301,10
12.9813899994,80.24269104,79301,79311,10
12.9813804626,80.2422180176,79311,79321,10
12.9813899994,80.2415466309,79321,79331,10
12.9813995361,80.2408981323,79331,79341,10
12.9813604355,80.2400970459,79341,79351,10
12.9813203812,80.2394638062,79351,79361,10
12.981300354,80.2388381958,79361,79371,10
12.9812803268,80.2381286621,79371,79381,10
12.9812698364,80.23777771,79381,79392,11
12.9812602997,80.2374191284,79392,79402,10
12.9812498093,80.2366790771,79402,79412,10
12.9812402725,80.2359313965,79412,79422,10
12.9812002182,80.2350997925,79422,79432,10
12.9812803268,80.2342071533,79432,79442,10
12.9815502167,80.233581543,79442,79452,10
12.9816598892,80.2332992554,79452,79462,10
12.981760025,80.2331085205,79462,79472,10
12.9819498062,80.2326202393,79472,79482,10
12.9820299149,80.2321395874,79482,79492,10
12.982000351,80.2315063477,79492,79503,11
12.9818296432,80.2308425903,79503,79513,10
12.9815998077,80.2304992676,79513,79529,16
12.9810695648,80.229637146,79529,79541,12
12.9808502197,80.2291870117,79541,79550,9
12.9806499481,80.2288513184,79550,79561,11
12.9804201126,80.2284698486,79561,79571,10
12.9800796509,80.227897644,79571,79581,10
12.9797000885,80.2272796631,79581,79591,10
12.9793300629,80.2266235352,79591,79601,10
12.9789400101,80.2259902954,79601,79612,11
12.9784898758,80.2252426147,79612,79622,10
12.9783401489,80.2249984741,79622,79632,10
12.978269577,80.2248535156,79632,79642,10
12.9781599045,80.2247009277,79642,79652,10
12.97797966,80.2245178223,79652,79662,10
12.9777297974,80.2240982056,79662,79671,9
12.9774303436,80.2236099243,79671,79682,11
12.9771404266,80.2231369019,79682,79692,10
12.9769897461,80.222869873,79692,79701,9
12.9771099091,80.2227096558,79701,79712,11
12.9772195816,80.2227020264,79712,79723,11
12.9775400162,80.2225494385,79723,79733,10
12.977519989,80.2219772339,79733,79743,10
12.9774799347,80.2213668823,79743,79753,10
12.9775695801,80.2212295532,79753,79763,10
12.9780502319,80.221206665,79763,79773,10
12.9787397385,80.2211685181,79773,79783,10
12.979590416,80.2211227417,79783,79793,10
12.9804601669,80.2210388184,79793,79803,10
12.9812602997,80.2211532593,79803,79813,10
12.9819803238,80.2216110229,79813,79823,10
12.9826002121,80.2218780518,79823,79834,11
12.9830503464,80.2220611572,79834,79844,10
12.983130455,80.2221221924,79844,79854,10
12.9833498001,80.2222824097,79854,79864,10
12.9838199615,80.2225875854,79864,79880,16
12.9847297668,80.2231369019,79880,79892,12
12.9853801727,80.2233581543,79892,79902,10
12.9856300354,80.2231216431,79902,79912,10
12.9864501953,80.2230224609,79912,79920,8
12.9867296219,80.2230377197,79920,79931,11
12.9872398376,80.2231216431,79931,79942,11
12.9878997803,80.2230300903,79942,79952,10
12.9884796143,80.2225799561,79952,79963,11
12.9890804291,80.2219161987,79963,79974,11
12.9895496368,80.221282959,79974,79984,10
12.9901695251,80.2206192017,79984,79994,10
12.990819931,80.2201004028,79994,80004,10
12.9913902283,80.2196578979,80004,80014,10
12.9921102524,80.2191467285,80014,80024,10
12.9929599762,80.2185592651,80024,80034,10
12.9937400818,80.2179870605,80034,80044,10
12.994310379,80.2175674438,80044,80054,10
12.9949398041,80.2171020508,80054,80065,11
12.9957399368,80.2166976929,80065,80075,10
12.9965400696,80.2165374756,80075,80085,10
12.9970502853,80.2164916992,80085,80095,10
12.9972801208,80.2164001465,80095,80105,10
12.9974899292,80.216178894,80105,80115,10
12.997710228,80.2159805298,80115,80125,10
12.9982595444,80.2154998779,80125,80135,10
12.9988899231,80.2149734497,80135,80145,10
12.9992198944,80.2147064209,80145,80155,10
12.999710083,80.2142791748,80155,80165,10
13.0001296997,80.2139205933,80165,80176,11
13.0007801056,80.2133178711,80176,80186,10
13.0012702942,80.2129592896,80186,80196,10
13.0016803741,80.2126464844,80196,80206,10
13.0020103455,80.2124099731,80206,80216,10
13.0024795532,80.2121810913,80216,80226,10
13.0030403137,80.2121124268,80226,80236,10
13.0035800934,80.2120513916,80236,80246,10
13.0037002563,80.2118530273,80246,80256,10
13.0037002563,80.2114105225,80256,80266,10
13.0036401749,80.210647583,80266,80276,10
13.0035400391,80.2097702026,80276,80287,11
13.0036802292,80.2088928223,80287,80297,10
13.0042104721,80.2087173462,80297,80307,10
13.0050201416,80.2090988159,80307,80323,16
13.0061197281,80.2095413208,80323,80335,12
13.0068502426,80.2097625732,80335,80395,60
13.0068502426,80.2097625732,80395,80406,11
13.0068702698,80.2098007202,80406,80426,20
13.0068702698,80.2098007202,80426,80436,10
13.0071001053,80.2098693848,80436,80446,10
13.0075397491,80.2099380493,80446,80456,10
13.0077495575,80.2099609375,80456,80466,10
13.0080003738,80.2099990845,80466,80476,10
13.0081796646,80.2099761963,80476,80486,10
13.0081300735,80.2095489502,80486,80496,10
13.0079803467,80.2087402344,80496,80506,10
13.0078201294,80.2077407837,80506,80517,11
13.0076503754,80.2066726685,80517,80527,10
13.0075397491,80.2057037354,80527,80537,10
13.0075397491,80.2048416138,80537,80547,10
13.007519722,80.2040405273,80547,80557,10
13.007399559,80.2032394409,80557,80567,10
13.0070695877,80.2025680542,80567,80577,10
13.0065202713,80.2029571533,80577,80587,10
13.0070199966,80.2035217285,80587,80597,10
13.0077600479,80.2037582397,80597,80606,9
13.0083398819,80.2035903931,80606,80617,11
13.0081796646,80.2028427124,80617,80628,11
13.007519722,80.2032165527,80628,80638,10
13.007610321,80.2041931152,80638,80648,10
13.0076303482,80.2052078247,80648,80658,10
13.0077495575,80.2063522339,80658,80668,10
13.007900238,80.2074737549,80668,80678,10
13.0080404282,80.2085571289,80678,80688,10
13.0082902908,80.2098007202,80688,80698,10
13.0086603165,80.2108612061,80698,80708,10
13.0089502335,80.2116622925,80708,80718,10
13.0092601776,80.2124786377,80718,80728,10
13.0096502304,80.2134628296,80728,80739,11
13.0101003647,80.2146606445,80739,80749,10
13.0102701187,80.2157592773,80749,80759,10
13.0107002258,80.2167816162,80759,80769,10
13.0112304688,80.2179107666,80769,80779,10
13.0116596222,80.2191467285,80779,80789,10
13.0120601654,80.2204589844,80789,80799,10
13.0122900009,80.2213287354,80799,80809,10
13.012550354,80.2217712402,80809,80819,10
13.0130395889,80.2224197388,80819,80829,10
13.0136098862,80.2230682373,80829,80839,10
13.0142202377,80.2238006592,80839,80850,11
13.014749527,80.2244796753,80850,80858,8
13.0152997971,80.2251205444,80858,80870,12
13.0152101517,80.2258834839,80870,80880,10
13.0145101547,80.2261581421,80880,80890,10
13.0136804581,80.2265319824,80890,80900,10
13.0128498077,80.226852417,80900,80911,11
13.0125303268,80.2269668579,80911,80920,9
13.0123796463,80.2270126343,80920,80930,10
13.0120201111,80.2271728516,80930,80940,10
13.0112400055,80.2275085449,80940,80950,10
13.0102396011,80.2279434204,80950,80961,11
13.0092000961,80.2285079956,80961,80971,10
13.0089197159,80.2296066284,80971,80981,10
13.0086698532,80.2309112549,80981,80991,10
13.0084495544,80.2320785522,80991,81001,10
13.0082397461,80.2332000732,81001,81011,10
13.0080299377,80.2342224121,81011,81021,10
13.0078296661,80.2352371216,81021,81031,10
13.0076198578,80.236328125,81031,81041,10
13.0074195862,80.2373809814,81041,81051,10
13.0072402954,80.2383422852,81051,81061,10
13.0070800781,80.2392272949,81061,81072,11
13.0068998337,80.2401580811,81072,81082,10
13.0067596436,80.2410583496,81082,81092,10
13.0067195892,80.2420501709,81092,81102,10
13.0066900253,80.2430419922,81102,81112,10
13.0066604614,80.2438201904,81112,81122,10
13.0066795349,80.2449188232,81122,81132,10
13.0066900253,80.2459564209,81132,81142,10
13.0067195892,80.2469177246,81142,81152,10
13.0067100525,80.2479171753,81152,81162,10
13.0067501068,80.2490768433,81162,81172,10
13.0067796707,80.2501678467,81172,81183,11
13.0067996979,80.2512817383,81183,81193,10
13.0066795349,80.2519226074,81193,81203,10
13.0065402985,80.2527236938,81203,81213,10
13.006529808,80.2536468506,81213,81223,10
13.0065603256,80.2547225952,81223,81233,10
13.0065803528,80.2558135986,81233,81243,10
13.0065898895,80.2567596436,81243,81253,10
13.0066900253,80.2573165894,81253,81294,41
13.0066900253,80.2573165894,81294,81304,10
13.0066995621,80.2575073242,81304,81314,10
13.0063199997,80.2575836182,81314,81324,10
13.005689621,80.2574386597,81324,81334,10
13.0048599243,80.2572402954,81334,81344,10
13.0039796829,80.2570419312,81344,81354,10
13.0031404495,80.2568664551,81354,81364,10
13.0022497177,80.2566986084,81364,81374,10
13.0013799667,80.2565689087,81374,81384,10
13.0004796982,80.2564315796,81384,81394,10
12.9996004105,80.2562637329,81394,81404,10
12.9988698959,80.256111145,81404,81421,17
12.9979400635,80.2559890747,81421,81433,12
12.9977197647,80.2560424805,81433,81443,10
12.9976797104,80.2561187744,81443,81452,9
12.9976997375,80.2563095093,81452,81483,31
12.9976997375,80.2563095093,81483,81493,10
12.9978103638,80.2565078735,81493,81555,62
12.9978103638,80.2565078735,81555,81565,10
12.9978103638,80.2566223145,81565,81575,10
12.9977302551,80.2568588257,81575,81696,121
12.9976701736,80.2570571899,81696,81827,131
12.9976701736,80.2570571899,81827,81837,10
12.9976396561,80.2571792603,81837,81847,10
12.9979000092,80.2571182251,81847,81858,11
12.9978399277,80.2563934326,81858,82352,494
12.9976797104,80.2560501099,82352,82382,30
12.9976797104,80.2560501099,82382,82392,10
12.9974498749,80.2559585571,82392,82402,10
12.9971599579,80.2559509277,82402,82413,11
12.9968395233,80.2559204102,82413,82423,10
12.9964103699,80.2559127808,82423,82433,10
12.9959201813,80.2559127808,82433,82443,10
12.9953403473,80.2559280396,82443,82453,10
12.9948997498,80.2559280396,82453,82463,10
12.9943199158,80.2559814453,82463,82473,10
12.9937200546,80.2560195923,82473,82483,10
12.9930095673,80.256072998,82483,82493,10
12.9922199249,80.2560806274,82493,82503,10
12.9914102554,80.2560424805,82503,82513,10
12.9906997681,80.2560272217,82513,82524,11
12.9898700714,80.2559967041,82524,82534,10
12.9889802933,80.2559585571,82534,82544,10
12.988120079,80.2558822632,82544,82554,10
12.9877099991,80.2558898926,82554,82564,10
12.9875802994,80.2561187744,82564,82574,10
12.9875402451,80.2566986084,82574,82584,10
12.9874801636,80.2573623657,82584,82594,10
12.9874401093,80.2580184937,82594,82604,10
12.9874000549,80.2585067749,82604,82635,31
12.9874000549,80.2585067749,82635,82645,10
12.9874000549,80.2587432861,82645,82655,10
12.9873399734,80.2590713501,82655,82675,20
12.9873399734,80.2590713501,82675,82685,10
12.9871997833,80.2591171265,82685,82735,50
12.9871997833,80.2591171265,82735,82746,11
12.9873399734,80.2589111328,82746,82756,10
12.9873695374,80.2583999634,82756,83036,280
12.9873695374,80.2583999634,83036,83046,10
12.987449646,80.2579574585,83046,83056,10
12.9875001907,80.2574386597,83056,83066,10
12.9875602722,80.2567977905,83066,83076,10
12.9876003265,80.256072998,83076,83087,11
12.9877099991,80.2557678223,83087,83096,9
12.9880304337,80.2557830811,83096,83107,11
12.9886598587,80.2558670044,83107,83117,10
12.9894695282,80.2559509277,83117,83127,10
12.990240097,80.2560119629,83127,83137,10
12.9905004501,80.2559814453,83137,83147,10
12.9909801483,80.2560119629,83147,83157,10
12.9916696548,80.2560272217,83157,83167,10
12.9924602509,80.2560424805,83167,83177,10
12.9931898117,80.2559814453,83177,83187,10
12.9938201904,80.2559280396,83187,83198,11
12.9941501617,80.2559280396,83198,83208,10
12.9947595596,80.255859375,83208,83217,9
12.9954204559,80.2558670044,83217,83228,11
12.9962100983,80.255859375,83228,83238,10
12.9966802597,80.2558364868,83238,83248,10
12.9973602295,80.255859375,83248,83349,101
12.9973602295,80.255859375,83349,83359,10
12.9977197647,80.2559509277,83359,83369,10
12.9981403351,80.2559890747,83369,83379,10
12.9988298416,80.2560806274,83379,83389,10
12.9994001389,80.2561569214,83389,83399,10
13.0000295639,80.2562713623,83399,83409,10
13.0007400513,80.256401062,83409,83420,11
13.0014801025,80.2565002441,83420,83430,10
13.0021600723,80.2566070557,83430,83440,10
13.0028896332,80.2567367554,83440,83450,10
13.0036201477,80.2568893433,83450,83460,10
13.0043697357,80.2570266724,83460,83470,10
13.0051803589,80.2571868896,83470,83480,10
13.0059900284,80.2573699951,83480,83490,10
13.0063896179,80.2574234009,83490,83500,10
13.0064001083,80.2574234009,83500,83510,10
13.0065603256,80.2574768066,83510,83520,10
13.0068397522,80.2577590942,83520,83531,11
13.0072603226,80.258392334,83531,83541,10
13.0080404282,80.2587966919,83541,83551,10
13.0089502335,80.2590408325,83551,83561,10
13.010020256,80.2590484619,83561,83571,10
13.0111703873,80.2590332031,83571,83581,10
13.0122900009,80.2590484619,83581,83591,10
13.0134496689,80.2591018677,83591,83601,10
13.0146598816,80.259147644,83601,83611,10
13.0157804489,80.2593307495,83611,83621,10
13.0167102814,80.2598876953,83621,83631,10
13.0176095963,80.2604827881,83631,83642,11
13.0185003281,80.2610931396,83642,83652,10
13.0191802979,80.2616424561,83652,83662,10
13.0198202133,80.2623214722,83662,83672,10
13.02064991,80.2628097534,83672,83682,10
13.0215196609,80.2630767822,83682,83692,10
13.0220098495,80.2633209229,83692,83702,10
13.0222396851,80.263458252,83702,83712,10
13.0228700638,80.2638397217,83712,83722,10
13.0234899521,80.2641601563,83722,83732,10
13.0242395401,80.2645721436,83732,83742,10
13.0248804092,80.2650604248,83742,83752,10
13.0254402161,80.2654571533,83752,83762,10
13.0259599686,80.2657623291,83762,83773,11
13.0260400772,80.2658233643,83773,83783,10
13.0262298584,80.2658004761,83783,83793,10
13.0263004303,80.2655029297,83793,83803,10
13.0263299942,80.2653503418,83803,83813,10
13.0263595581,80.2651977539,83813,83823,10
13.0264196396,80.2648010254,83823,83833,10
13.0264997482,80.2643203735,83833,83843,10
13.0265903473,80.2634811401,83843,83853,10
13.0266704559,80.262878418,83853,83864,11
13.0267496109,80.2621765137,83864,83874,10
13.0268297195,80.2614974976,83874,83884,10
13.0269098282,80.260848999,83884,83894,10
13.027009964,80.2602310181,83894,83904,10
13.0270395279,80.2595825195,83904,83914,10
13.0270500183,80.2588729858,83914,83924,10
13.0270595551,80.2581176758,83924,83934,10
13.0270795822,80.2575302124,83934,83944,10
13.0270795822,80.2570800781,83944,83970,26
13.0274801254,80.2564468384,83970,83983,13
13.0283403397,80.2564620972,83983,83993,10
13.0287103653,80.2564926147,83993,84003,10
13.0292396545,80.2565765381,84003,84013,10
13.0299596786,80.2565994263,84013,84023,10
13.0305204391,80.2566070557,84023,84032,9
13.0307502747,80.2566299438,84032,84043,11
13.0310401917,80.2566375732,84043,84053,10
13.0315504074,80.2566833496,84053,84063,10
13.0322504044,80.2567596436,84063,84072,9
13.0329198837,80.2568511963,84072,84082,10
13.0336399078,80.2569198608,84082,84094,12
13.0344600677,80.2569732666,84094,84104,10
13.034740448,80.2566986084,84104,84114,10
13.0348300934,80.2560119629,84114,84124,10
13.0349397659,80.2552032471,84124,84134,10
13.0350103378,80.2546615601,84134,84144,10
13.0352096558,80.2545776367,84144,84154,10
13.035490036,80.2548370361,84154,84164,10
13.0359601974,80.255241394,84164,84174,10
13.0367002487,80.2557373047,84174,84184,10
13.0372800827,80.2561798096,84184,84194,10
13.0378398895,80.256401062,84194,84205,11
13.0380401611,80.2559509277,84205,84215,10
13.0381803513,80.2552032471,84215,84225,10
13.0383300781,80.2543792725,84225,84235,10
13.0384397507,80.2535324097,84235,84245,10
13.0385799408,80.2527084351,84245,84255,10
13.0387001038,80.2518615723,84255,84265,10
13.0387897491,80.2512969971,84265,84275,10
13.0388698578,80.2509307861,84275,84285,10
13.0389499664,80.2503662109,84285,84295,10
13.0389900208,80.2498703003,84295,84305,10
13.039059639,80.2492599487,84305,84316,11
13.0391101837,80.2489776611,84316,84326,10
13.0391798019,80.2484970093,84326,84336,10
13.0392799377,80.2479782104,84336,84346,10
13.0393896103,80.2471237183,84346,84376,30
13.0393896103,80.2471237183,84376,84392,16
13.0393800735,80.2468414307,84392,84404,12
13.0392198563,80.2464981079,84404,84414,10
13.0393695831,80.2460708618,84414,84424,10
13.0394296646,80.2457962036,84424,84434,10
13.0395803452,80.2453079224,84434,84445,11
13.0397796631,80.244468689,84445,84455,10
13.039899826,80.2437820435,84455,84464,9
13.0399999619,80.243270874,84464,84475,11
13.0401201248,80.2422790527,84475,84484,9
13.0402097702,80.2414093018,84484,84496,12
13.0403404236,80.2404327393,84496,84516,20
13.0404996872,80.2391586304,84516,84525,9
13.0405902863,80.2384414673,84525,84537,12
13.0407304764,80.237487793,84537,84547,10
13.0408201218,80.236656189,84547,84557,10
13.0409002304,80.2359771729,84557,84567,10
13.0410003662,80.2351608276,84567,84577,10
13.0411100388,80.2343063354,84577,84587,10
13.0407800674,80.2338790894,84587,84597,10
13.0405797958,80.2334671021,84597,84607,10
13.0407304764,80.232711792,84607,84616,9
13.0408296585,80.2321090698,84616,84627,11
13.0406198502,80.2319564819,84627,84637,10
13.0405502319,80.231842041,84637,84648,11
13.0407104492,80.2311935425,84648,84658,10
13.0408496857,80.2304534912,84658,84668,10
13.041009903,80.2297821045,84668,84678,10
13.0411596298,80.2290496826,84678,84688,10
13.0413198471,80.2283782959,84688,84698,10
13.0415096283,80.2276077271,84698,84707,9
13.0416402817,80.2270889282,84707,84718,11
13.0418100357,80.2264099121,84718,84728,10
13.0419998169,80.2255935669,84728,84738,10
13.042090416,80.2251586914,84738,84748,10
13.042090416,80.2250976563,84748,84759,11
13.0423002243,80.2250137329,84759,84769,10
13.0427598953,80.2251434326,84769,84779,10
13.043510437,80.2253417969,84779,84789,10
13.0441799164,80.2255630493,84789,84799,10
13.0447502136,80.2257232666,84799,84809,10
13.0452203751,80.2257919312,84809,84819,10
13.0459098816,80.2259979248,84819,84829,10
13.0466003418,80.2262268066,84829,84839,10
13.0468597412,80.22631073,84839,84849,10
13.047419548,80.2264785767,84849,84859,10
13.0481300354,80.2266998291,84859,84870,11
13.0489702225,80.226890564,84870,84880,10
13.0495004654,80.2269515991,84880,84890,10
13.0501499176,80.2270889282,84890,84900,10
13.0508203506,80.2272186279,84900,84910,10
13.051609993,80.2274017334,84910,84920,10
13.0523099899,80.2275466919,84920,84930,10
13.0530099869,80.2276992798,84930,84940,10
13.0536899567,80.2277984619,84940,84950,10
13.053899765,80.2275009155,84950,84960,10
13.0538396835,80.2267990112,84960,84970,10
13.0537099838,80.2258682251,84970,84981,11
13.0534696579,80.2247009277,84981,84991,10
13.0532798767,80.2238082886,84991,85001,10
13.0530796051,80.2228393555,85001,85011,10
13.0528001785,80.2218780518,85011,85021,10
13.0525197983,80.2209014893,85021,85031,10
13.0523099899,80.2201309204,85031,85041,10
13.0521097183,80.2193984985,85041,85051,10
13.05189991,80.2186965942,85051,85061,10
13.0516700745,80.2180786133,85061,85071,10
13.0515499115,80.2177734375,85071,85081,10
13.0513801575,80.2172088623,85081,85092,11
13.0511102676,80.2164535522,85092,85102,10
13.0509004593,80.2157516479,85102,85112,10
13.0506801605,80.2150192261,85112,85122,10
13.0504398346,80.2146377563,85122,85132,10
13.049949646,80.2146377563,85132,85142,10
13.0493402481,80.2146072388,85142,85152,10
13.0487203598,80.2145614624,85152,85162,10
13.04804039,80.2145004272,85162,85172,10
13.0476999283,80.2144699097,85172,85182,10
13.047249794,80.2144622803,85182,85192,10
13.0466403961,80.2145309448,85192,85203,11
13.0458602905,80.2146530151,85203,85212,9
13.0451803207,80.2147598267,85212,85223,11
13.0446100235,80.2147827148,85223,85233,10
13.0444898605,80.2146530151,85233,85243,10
13.0444898605,80.2142105103,85243,85253,10
13.0444297791,80.2134170532,85253,85263,10
13.044380188,80.2124862671,85263,85283,20
13.044380188,80.2124862671,85283,85293,10
13.0444097519,80.212387085,85293,85303,10
13.0447702408,80.2122802734,85303,85313,10
13.0454998016,80.2122268677,85313,85324,11
13.0464401245,80.2121887207,85324,85334,10
13.0470399857,80.2121200562,85334,85344,10
13.0470600128,80.2119674683,85344,85354,10
13.0470399857,80.2115097046,85354,85364,10
13.0469999313,80.2110137939,85364,85374,10
13.0472698212,80.2107925415,85374,85390,16
13.0482597351,80.2107696533,85390,85402,12
13.049030304,80.2108306885,85402,85412,10
13.0495901108,80.2108383179,85412,85433,21
13.0495901108,80.2108383179,85433,85443,10
13.049659729,80.2107086182,85443,85453,10
13.0496101379,80.2101821899,85453,85463,10
13.0495004654,80.2093887329,85463,85473,10
13.0493898392,80.2086181641,85473,85483,10
13.0491399765,80.2078475952,85483,85493,10
13.0489196777,80.2071990967,85493,85503,10
13.0488996506,80.2068862915,85503,85513,10
13.0491600037,80.206817627,85513,85523,10
13.0493202209,80.2070617676,85523,86109,586
13.0493202209,80.2071762085,86109,86139,30
13.0493202209,80.2071762085,86139,86149,10
13.0491695404,80.2073364258,86149,86159,10
13.0490198135,80.2073287964,86159,86169,10
13.0490398407,80.2075271606,86169,86179,10
13.0491600037,80.2080078125,86179,86189,10
13.0493297577,80.2085571289,86189,86199,10
13.0494203568,80.2089309692,86199,86209,10
13.0494804382,80.2091369629,86209,86220,11
13.0495004654,80.2095794678,86220,86230,10
13.0494804382,80.2096176147,86230,86240,10
13.0494699478,80.2098464966,86240,86250,10
13.049539566,80.2103500366,86250,86260,10
13.0496397018,80.2109985352,86260,86270,10
13.0498104095,80.2118606567,86270,86300,30
13.0498104095,80.2118606567,86300,86316,16
13.0498399734,80.2121505737,86316,86329,13
13.0499000549,80.2125167847,86329,86339,10
13.0499696732,80.2129821777,86339,86349,10
13.0500802994,80.2135162354,86349,86359,10
13.0502300262,80.2140579224,86359,86369,10
13.0504703522,80.21459198,86369,86379,10
13.0506801605,80.2151184082,86379,86389,10
