13.0747203827,80.275138855,17,17325,17308
13.0747203827,80.275138855,17325,17335,10
13.0748596191,80.275100708,17335,17345,10
13.074930191,80.2752532959,17345,17355,10
13.0750598907,80.2751998901,17355,17375,20
13.0750598907,80.2751998901,17375,17385,10
13.0751800537,80.2750091553,17385,17395,10
13.0753097534,80.2749633789,17395,17405,10
13.0756196976,80.2748718262,17405,17416,11
13.0758895874,80.2751464844,17416,17426,10
13.0760097504,80.2756576538,17426,17436,10
13.0760602951,80.2760009766,17436,18071,635
13.0760602951,80.2760009766,18071,18082,11
13.076210022,80.2762908936,18082,18092,10
13.0766897202,80.2762680054,18092,18102,10
13.0772199631,80.2762298584,18102,18112,10
13.0778398514,80.2761917114,18112,18122,10
13.0782203674,80.2757568359,18122,18132,10
13.0785799026,80.2751922607,18132,18142,10
13.0791597366,80.2751998901,18142,18152,10
13.0799503326,80.2752990723,18152,18162,10
13.0807800293,80.2752075195,18162,18172,10
13.0814399719,80.2751464844,18172,18182,10
13.0818195343,80.2752304077,18182,18193,11
13.0820999146,80.275390625,18193,18293,100
13.082159996,80.2757568359,18293,18475,182
13.082159996,80.2757568359,18475,18485,10
13.0820198059,80.2759933472,18485,18495,10
13.0818796158,80.2760696411,18495,18505,10
13.0818500519,80.2762832642,18505,18515,10
13.0818996429,80.2767715454,18515,18526,11
13.0819702148,80.2775497437,18526,18536,10
13.0820999146,80.2782592773,18536,18546,10
13.0821399689,80.2784500122,18546,18556,10
13.082159996,80.2788467407,18556,18566,10
13.0822200775,80.2796096802,18566,18576,10
13.0822896957,80.2805786133,18576,18586,10
13.0823297501,80.2815933228,18586,18606,20
13.0823297501,80.2815933228,18606,18615,9
13.0822401047,80.2816696167,18615,18626,11
13.0818195343,80.2814102173,18626,18636,10
13.0812902451,80.2808990479,18636,18647,11
13.0804700851,80.2807998657,18647,18657,10
13.0798101425,80.2813186646,18657,18667,10
13.0792703629,80.2818832397,18667,18677,10
13.0788002014,80.2822418213,18677,18687,10
13.0779800415,80.2826080322,18687,18697,10
13.07695961,80.2830963135,18697,18707,10
13.0760002136,80.2838592529,18707,18716,9
13.0752401352,80.2846908569,18716,18726,10
13.0745201111,80.2854309082,18726,18737,11
13.0741796494,80.2857589722,18737,18747,10
13.0739297867,80.285949707,18747,18758,11
13.0738601685,80.2859802246,18758,18768,10
13.0733804703,80.2859802246,18768,18778,10
13.0726099014,80.2855529785,18778,18788,10
13.0715703964,80.2852172852,18788,18798,10
13.0703697205,80.2849121094,18798,18808,10
13.0691795349,80.2846298218,18808,18818,10
13.0681495667,80.2843933105,18818,18828,10
13.0671100616,80.2842025757,18828,18838,10
13.0659198761,80.2839279175,18838,18848,10
13.0647802353,80.2836685181,18848,18858,10
13.0641202927,80.2835006714,18858,18869,11
13.0633897781,80.2833175659,18869,18879,10
13.0625896454,80.2831268311,18879,18889,10
13.0624198914,80.2830963135,18889,18899,10
13.0620203018,80.2829971313,18899,18909,10
13.0612602234,80.2828292847,18909,18919,10
13.0603399277,80.2826538086,18919,18929,10
13.0593299866,80.2824401855,18929,18939,10
13.0582704544,80.2822189331,18939,18949,10
13.0573797226,80.2820281982,18949,18959,10
13.0567502975,80.2819137573,18959,18969,10
13.05671978,80.2818984985,18969,18980,11
13.0565795898,80.281867981,18980,18990,10
13.0559797287,80.2817382813,18990,19000,10
13.0550899506,80.2815628052,19000,19010,10
13.0540895462,80.2813568115,19010,19020,10
13.0530700684,80.2811965942,19020,19030,10
13.0521297455,80.2810516357,19030,19040,10
13.0511598587,80.2809066772,19040,19050,10
13.0503902435,80.2807998657,19050,19060,10
13.0503101349,80.2807922363,19060,19070,10
13.0499401093,80.2807235718,19070,19080,10
13.0492095947,80.2806015015,19080,19091,11
13.0481004715,80.280456543,19091,19107,16
13.0464696884,80.2802124023,19107,19119,12
13.0457000732,80.2801437378,19119,19129,10
13.0455198288,80.2801132202,19129,19139,10
13.0449399948,80.2800292969,19139,19148,9
13.0442800522,80.2799301147,19148,19159,11
13.0432796478,80.2797622681,19159,19170,11
13.0422096252,80.2795333862,19170,19180,10
13.0410003662,80.2793197632,19180,19190,10
13.0398702621,80.2790527344,19190,19201,11
13.0391702652,80.2788772583,19201,19211,10
13.0390396118,80.2788314819,19211,19221,10
13.0389995575,80.2788009644,19221,19231,10
13.0385303497,80.2786331177,19231,19241,10
13.037730217,80.2783813477,19241,19251,10
13.0369701385,80.278137207,19251,19261,10
13.0361795425,80.2778701782,19261,19271,10
13.0353403091,80.2776870728,19271,19281,10
13.0344200134,80.2775421143,19281,19290,9
13.0336799622,80.2773590088,19290,19301,11
13.032959938,80.2774581909,19301,19312,11
13.0319900513,80.2775421143,19312,19322,10
13.0312099457,80.2774200439,19322,19332,10
13.0305995941,80.2770385742,19332,19342,10
13.0298404694,80.2766876221,19342,19352,10
13.0290002823,80.2764663696,19352,19362,10
13.0281095505,80.2761383057,19362,19371,9
13.027299881,80.2757720947,19371,19383,12
13.026260376,80.2753219604,19383,19393,10
13.0259504318,80.2751693726,19393,19403,10
13.0258598328,80.2751235962,19403,19413,10
13.0253400803,80.2749023438,19413,19424,11
13.0244598389,80.2744216919,19424,19434,10
13.0239095688,80.2737426758,19434,19444,10
13.0233402252,80.2729721069,19444,19454,10
13.022649765,80.2720718384,19454,19464,10
13.0219202042,80.2711105347,19464,19474,10
13.0213003159,80.2703399658,19474,19484,10
13.0208997726,80.2698822021,19484,19494,10
13.0207901001,80.2697525024,19494,19504,10
13.0204496384,80.2693023682,19504,19514,10
13.0198802948,80.2685775757,19514,19524,10
13.0192203522,80.2677688599,19524,19534,10
13.0187196732,80.2668609619,19534,19545,11
13.0186300278,80.2659988403,19545,19555,10
13.0187501907,80.2654571533,19555,19565,10
13.0189800262,80.2646789551,19565,19575,10
13.0190000534,80.2637786865,19575,19585,10
13.0189599991,80.2633895874,19585,19595,10
13.0188798904,80.2629013062,19595,19605,10
13.0187997818,80.262046814,19605,19615,10
13.0185203552,80.2612380981,19615,19625,10
13.0177602768,80.2607192993,19625,19635,10
13.0168199539,80.2601089478,19635,19645,10
13.0160903931,80.2596969604,19645,19656,11
13.0157003403,80.2595214844,19656,19666,10
13.015130043,80.2593688965,19666,19676,10
13.014289856,80.2593078613,19676,19686,10
13.0120096207,80.2592163086,19686,19696,10
13.0120096207,80.2592163086,19696,19706,10
13.0108995438,80.2592086792,19706,19716,10
13.0097799301,80.2592163086,19716,19726,10
13.0087995529,80.2592010498,19726,19746,20
13.0087995529,80.2592010498,19746,19756,10
13.0084600449,80.2592010498,19756,19768,12
13.0077199936,80.2593688965,19768,19778,10
13.0075902939,80.259437561,19778,19788,10
13.007349968,80.2596588135,19788,19798,10
13.007229805,80.2603225708,19798,19808,10
13.007399559,80.2611999512,19808,19818,10
13.0076503754,80.2621383667,19818,19828,10
13.0078001022,80.2627716064,19828,19838,10
13.0078897476,80.2631835938,19838,19848,10
13.0080099106,80.2637863159,19848,19858,10
13.0080003738,80.2648391724,19858,19868,10
13.0077896118,80.2659606934,19868,19879,11
13.0075798035,80.2668762207,19879,19889,10
13.0073404312,80.2678604126,19889,19899,10
13.0071201324,80.26902771,19899,19909,10
13.0068597794,80.2701568604,19909,19919,10
13.0061197281,80.2704162598,19919,19929,10
13.0053701401,80.2699508667,19929,19939,10
13.00440979,80.2693481445,19939,19949,10
13.003660202,80.2688674927,19949,19959,10
13.002820015,80.268371582,19959,19969,10
13.0019798279,80.2678833008,19969,19980,11
13.0011901855,80.2673873901,19980,19990,10
13.0009803772,80.267288208,19990,20000,10
13.0007696152,80.2671508789,20000,20010,10
13.0003900528,80.2668991089,20010,20020,10
12.9995803833,80.266998291,20020,20030,10
12.9984998703,80.2672805786,20030,20040,10
12.9973602295,80.2676086426,20040,20050,10
12.9962997437,80.2677536011,20050,20060,10
12.9956903458,80.2676696777,20060,20070,10
12.9956703186,80.2673416138,20070,20080,10
12.9956798553,80.267250061,20080,20090,10
12.9957399368,80.266708374,20090,20101,11
12.9958600998,80.2656936646,20101,20111,10
12.9959697723,80.2647323608,20111,20121,10
12.9960803986,80.2637786865,20121,20131,10
12.9961500168,80.2630081177,20131,20141,10
12.9961996078,80.2626037598,20141,20151,10
12.9962100983,80.262588501,20151,20161,10
12.9962396622,80.2622909546,20161,20171,10
12.9962997437,80.2616882324,20171,20181,10
12.9963998795,80.2607192993,20181,20191,10
12.9965200424,80.259803772,20191,20201,10
12.9965896606,80.2588577271,20201,20212,11
12.9966897964,80.2578811646,20212,20222,10
12.9967803955,80.2569732666,20222,20232,10
12.9968395233,80.2562179565,20232,20242,10
12.9968204498,80.2560424805,20242,20252,10
12.9968500137,80.2558364868,20252,20262,10
12.9968395233,80.2552032471,20262,20272,10
12.9965696335,80.2543487549,20272,20282,10
12.9957799911,80.2535705566,20282,20292,10
12.9951400757,80.2528610229,20292,20302,10
12.9947900772,80.2524414063,20302,20312,10
12.9941902161,80.2526016235,20312,20323,11
12.9933900833,80.2528305054,20323,20333,10
12.9927101135,80.2529373169,20333,20343,10
12.991900444,80.2530212402,20343,20353,10
12.9911699295,80.2535018921,20353,20363,10
12.9908504486,80.2543869019,20363,20373,10
12.990819931,80.2554321289,20373,20383,10
12.9907503128,80.2559280396,20383,20393,10
12.990480423,80.2559967041,20393,20403,10
12.9898195267,80.2559967041,20403,20413,10
12.9889097214,80.2559509277,20413,20423,10
12.9884500504,80.2559204102,20423,20434,11
12.9883899689,80.2559204102,20434,20444,10
12.9879598618,80.255859375,20444,20454,10
12.9875898361,80.256072998,20454,20464,10
12.9875402451,80.2567901611,20464,20474,10
12.9874801636,80.2577819824,20474,20484,10
12.9874000549,80.2588424683,20484,20494,10
12.9872198105,80.2595596313,20494,20565,71
12.9872198105,80.2595596313,20565,20575,10
12.9868898392,80.2595291138,20575,20585,10
12.9866304398,80.2594985962,20585,20595,10
12.9866104126,80.2592163086,20595,20605,10
12.9868202209,80.2591323853,20605,20756,151
12.9868202209,80.2591323853,20756,20767,11
12.9870700836,80.2590789795,20767,20777,10
12.9872303009,80.2591018677,20777,20787,10
12.9873199463,80.2591629028,20787,20797,10
12.9872999191,80.2594223022,20797,20807,10
12.9872198105,80.2595672607,20807,20817,10
12.987039566,80.2593994141,20817,21634,817
12.987039566,80.2593994141,21634,21644,10
12.9868803024,80.2594299316,21644,21654,10
12.9866600037,80.259262085,21654,21665,11
12.9869403839,80.2590408325,21665,21836,171
12.9869403839,80.2590408325,21836,21846,10
12.9870796204,80.2591781616,21846,21856,10
12.9871397018,80.2591781616,21856,21866,10
12.9873600006,80.2591171265,21866,21876,10
12.9874000549,80.2587890625,21876,21887,11
12.9874401093,80.2582397461,21887,21897,10
12.9874696732,80.2576522827,21897,21907,10
12.9875202179,80.2568588257,21907,21917,10
12.987569809,80.2560806274,21917,21927,10
12.9877595901,80.2557525635,21927,21937,10
12.9882202148,80.2558135986,21937,21947,10
12.9888000488,80.2558898926,21947,21957,10
12.9896097183,80.2559661865,21957,21967,10
12.99036026,80.2559814453,21967,21977,10
12.9906997681,80.2558822632,21977,21987,10
12.9907398224,80.2554473877,21987,21998,11
12.99077034,80.2545623779,21998,22008,10
12.9910001755,80.2537384033,22008,22018,10
12.991519928,80.2532424927,22018,22028,10
12.9920902252,80.253036499,22028,22038,10
12.9927301407,80.2529678345,22038,22048,10
12.9933900833,80.2528076172,22048,22058,10
12.994099617,80.2526473999,22058,22068,10
12.994720459,80.2525024414,22068,22078,10
12.995059967,80.2525405884,22078,22088,10
12.9951200485,80.2528915405,22088,22098,10
12.9951696396,80.2529830933,22098,22109,11
12.9955596924,80.2534103394,22109,22119,10
12.9962396622,80.2540664673,22119,22129,10
12.9968204498,80.2548370361,22129,22139,10
12.9969301224,80.2556686401,22139,22149,10
12.996919632,80.2559967041,22149,22159,10
12.9969100952,80.2561569214,22159,22175,16
12.9968595505,80.2567977905,22175,22187,12
12.9968500137,80.2568969727,22187,22197,10
12.9968204498,80.2573013306,22197,22207,10
12.9967498779,80.2580032349,22207,22217,10
12.9966497421,80.2587432861,22217,22228,11
12.9965400696,80.2595977783,22228,22238,10
12.9964504242,80.2603988647,22238,22247,9
12.9963903427,80.261100769,22247,22258,11
12.9962997437,80.261932373,22258,22269,11
12.9962301254,80.2623825073,22269,22279,10
12.9962100983,80.2625579834,22279,22289,10
12.9961299896,80.2631072998,22289,22299,10
12.996049881,80.2638931274,22299,22309,10
12.9959402084,80.2649078369,22309,22319,10
12.9958200455,80.2660064697,22319,22329,10
12.9957103729,80.2670516968,22329,22340,11
12.9957304001,80.2676696777,22340,22350,10
12.9961204529,80.2677078247,22350,22360,10
12.9961395264,80.2677230835,22360,22370,10
12.9965496063,80.2677688599,22370,22380,10
12.9973602295,80.2676010132,22380,22390,10
12.9983701706,80.2673187256,22390,22400,10
12.9994697571,80.2669372559,22400,22410,10
13.0003595352,80.2668304443,22410,22420,10
13.0006999969,80.2670974731,22420,22430,10
13.0010595322,80.2673110962,22430,22440,10
13.0011501312,80.2673797607,22440,22451,11
13.0016202927,80.2676925659,22451,22461,10
13.0024995804,80.2682189941,22461,22471,10
13.0032196045,80.2686386108,22471,22481,10
13.0034103394,80.2687530518,22481,22491,10
13.0036401749,80.2688980103,22491,22501,10
13.0041904449,80.2692718506,22501,22511,10
13.0051403046,80.2698287964,22511,22521,10
13.0060300827,80.270362854,22521,22531,10
13.0067300797,80.2702484131,22531,22541,10
13.0070199966,80.2694168091,22541,22551,10
13.0071601868,80.2684783936,22551,22562,11
13.0073795319,80.2672805786,22562,22572,10
13.0076303482,80.2663803101,22572,22582,10
13.0077400208,80.265953064,22582,22592,10
13.0079298019,80.26512146,22592,22602,10
13.0080299377,80.2641830444,22602,22612,10
13.007900238,80.2634811401,22612,22622,10
13.0077295303,80.262802124,22622,22632,10
13.007610321,80.262298584,22632,22642,10
13.0074300766,80.2616271973,22642,22652,10
13.0073900223,80.261428833,22652,22662,10
13.0073003769,80.2610321045,22662,22673,11
13.0072002411,80.2602767944,22673,22683,10
13.0073099136,80.2592391968,22683,22693,10
13.0075798035,80.2587203979,22693,22703,10
13.0083198547,80.2589263916,22703,22713,10
13.0085401535,80.2590103149,22713,22723,10
13.0088300705,80.2590713501,22723,22733,10
13.0097799301,80.2590789795,22733,22743,10
13.0111103058,80.2590866089,22743,22753,10
13.0126695633,80.2591171265,22753,22763,10
13.0142498016,80.2591781616,22763,22773,10
13.0156002045,80.2592773438,22773,22784,11
13.0164403915,80.2596817017,22784,22794,10
13.0165195465,80.2597579956,22794,22804,10
13.0168800354,80.2600479126,22804,22814,10
13.0176496506,80.2605819702,22814,22824,10
13.0185804367,80.2612075806,22824,22834,10
13.0193996429,80.2619094849,22834,22844,10
13.0201997757,80.2626571655,22844,22854,10
13.0202198029,80.2630233765,22854,22864,10
13.0195703506,80.2629623413,22864,22874,10
13.0190401077,80.2630004883,22874,22884,10
13.0191001892,80.263633728,22884,22895,11
13.0191698074,80.2640914917,22895,22905,10
13.0191001892,80.2645568848,22905,22915,10
13.0188999176,80.2652587891,22915,22924,9
13.0187597275,80.2657012939,22924,22935,11
13.0187196732,80.2665786743,22935,22945,10
13.0191602707,80.2676773071,22945,22955,10
13.0197896957,80.2685394287,22955,22965,10
13.0205402374,80.2694091797,22965,22975,10
13.0211696625,80.270111084,22975,22985,10
13.0214700699,80.2704772949,22985,22995,10
13.0215301514,80.2705535889,22995,23006,11
13.0218896866,80.2709884644,23006,23016,10
13.0224504471,80.2717208862,23016,23025,9
13.0230398178,80.2725067139,23025,23036,11
13.0236597061,80.2733612061,23036,23046,10
13.024020195,80.2738189697,23046,23056,10
13.0242996216,80.2743301392,23056,23066,10
13.0250196457,80.2748031616,23066,23076,10
13.0254001617,80.2749404907,23076,23086,10
13.025639534,80.275062561,23086,23096,10
13.0261201859,80.2752914429,23096,23106,10
13.0266599655,80.2755203247,23106,23117,11
13.0275602341,80.2759628296,23117,23127,10
13.0282497406,80.2762374878,23127,23137,10
13.029129982,80.2765579224,23137,23147,10
13.0298995972,80.2767410278,23147,23157,10
13.0299797058,80.2767791748,23157,23167,10
13.0303602219,80.2769775391,23167,23177,10
13.0310096741,80.27734375,23177,23187,10
13.0317897797,80.2775421143,23187,23197,10
13.0327100754,80.2774429321,23197,23207,10
13.0335903168,80.27734375,23207,23217,10
13.0344600677,80.2775421143,23217,23227,10
13.0353002548,80.2776412964,23227,23238,11
13.0363197327,80.2778778076,23238,23248,10
13.037150383,80.2781982422,23248,23258,10
13.0375995636,80.2783203125,23258,23268,10
13.0382699966,80.278503418,23268,23278,10
13.0388898849,80.2786483765,23278,23288,10
13.0390996933,80.2787475586,23288,23314,26
13.0390996933,80.2787475586,23314,23326,12
13.0393800735,80.2789535522,23326,23336,10
13.0401096344,80.279083252,23336,23347,11
13.0412302017,80.2793426514,23347,23357,10
13.0424098969,80.2795181274,23357,23367,10
13.0431404114,80.279586792,23367,23418,51
13.0431404114,80.279586792,23418,23428,10
13.0433301926,80.2796401978,23428,23438,10
13.0439100266,80.2798080444,23438,23448,10
13.0447397232,80.2799606323,23448,23459,11
13.0455503464,80.2800598145,23459,23469,10
13.0457801819,80.2800979614,23469,23479,10
13.0458498001,80.2801132202,23479,23489,10
13.046380043,80.2802200317,23489,23499,10
13.0473203659,80.2803268433,23499,23509,10
13.0484600067,80.2804794312,23509,23519,10
13.0492401123,80.2805786133,23519,23529,10
13.0493202209,80.2806015015,23529,23539,10
13.0497598648,80.2806930542,23539,23549,10
13.0505599976,80.2807998657,23549,23559,10
13.0515298843,80.2809524536,23559,23570,11
13.0529203415,80.2811584473,23570,23580,10
13.0544595718,80.2814178467,23580,23590,10
13.0558204651,80.2816696167,23590,23600,10
13.056520462,80.2818069458,23600,23610,10
13.0565700531,80.2818222046,23610,23620,10
13.0569801331,80.2819137573,23620,23630,10
13.0573701859,80.2819900513,23630,23646,16
13.0574398041,80.2819976807,23646,23658,12
13.0576400757,80.282043457,23658,23668,10
13.0583400726,80.2821884155,23668,23678,10
13.0593500137,80.282409668,23678,23689,11
13.0607404709,80.282699585,23689,23699,10
13.0620603561,80.2829589844,23699,23709,10
13.0630302429,80.2831497192,23709,23719,10
13.0632200241,80.283203125,23719,23729,10
13.0634498596,80.2832565308,23729,23739,10
13.0639295578,80.2833709717,23739,23769,30
13.0639295578,80.2833709717,23769,23779,10
13.0640802383,80.2834091187,23779,23789,10
13.0646600723,80.2835464478,23789,23800,11
13.0657997131,80.283821106,23800,23810,10
13.0671300888,80.2841186523,23810,23820,10
13.0684099197,80.2843475342,23820,23830,10
13.0698404312,80.2846908569,23830,23840,10
13.0712795258,80.2850494385,23840,23850,10
13.0726604462,80.2853393555,23850,23860,10
13.073800087,80.2854614258,23860,23870,10
13.0744304657,80.2860870361,23870,23880,10
13.0747404099,80.2863006592,23880,23890,10
13.0747699738,80.2863311768,23890,23900,10
13.0751895905,80.2866287231,23900,23911,11
13.0760498047,80.2870178223,23911,23921,10
13.0771198273,80.2872772217,23921,23931,10
13.0783596039,80.2875976563,23931,23941,10
13.0794801712,80.2880172729,23941,23951,10
13.0804395676,80.288192749,23951,23961,10
13.0808696747,80.2883224487,23961,23971,10
13.0811595917,80.2884216309,23971,23981,10
13.0818195343,80.2886428833,23981,23991,10
13.0823898315,80.288848877,23991,24001,10
13.0827903748,80.2890701294,24001,24011,10
13.0835695267,80.2891998291,24011,24022,11
13.0846099854,80.2891693115,24022,24032,10
13.0854597092,80.2892608643,24032,24042,10
13.0867004395,80.2895431519,24042,24052,10
13.087679863,80.2898788452,24052,24062,10
13.0885295868,80.2901382446,24062,24072,10
13.0888900757,80.2902297974,24072,24112,40
13.0888900757,80.2902297974,24112,24122,10
13.0887699127,80.2904205322,24122,24133,11
13.0882301331,80.2901763916,24133,24143,10
13.0873804092,80.2898635864,24143,24153,10
13.0865802765,80.289642334,24153,24163,10
13.0858697891,80.2894515991,24163,24173,10
13.0854701996,80.2889099121,24173,24183,10
13.0851602554,80.2881011963,24183,24193,10
13.0851697922,80.2870025635,24193,24203,10
13.085269928,80.2858276367,24203,24213,10
13.0853500366,80.2846984863,24213,24223,10
13.0852603912,80.2841033936,24223,24233,10
13.0854301453,80.2837295532,24233,24249,16
13.0857601166,80.2835388184,24249,24262,13
13.086350441,80.2836074829,24262,24272,10
13.0866003036,80.2837982178,24272,24281,9
13.087100029,80.2839202881,24281,25049,768
13.087100029,80.2839202881,25049,25059,10
13.0874795914,80.2838973999,25059,25069,10
13.0878801346,80.2839431763,25069,25089,20
13.0878801346,80.2839431763,25089,25099,10
13.0881595612,80.2837905884,25099,25119,20
13.0881595612,80.2837905884,25119,25129,10
13.0883102417,80.2834472656,25129,25140,11
13.0882997513,80.2830810547,25140,25150,10
13.0882997513,80.2826004028,25150,25160,10
13.0882396698,80.282081604,25160,25170,10
13.0881099701,80.2815628052,25170,25180,10
13.0882797241,80.2814331055,25180,25190,10
13.0885295868,80.2816390991,25190,25200,10
13.0884799957,80.2820892334,25200,25210,10
13.0883798599,80.2826080322,25210,25220,10
13.088350296,80.2830581665,25220,25230,10
13.0883703232,80.2835769653,25230,25240,10
13.0884103775,80.2842102051,25240,25251,11
13.0884504318,80.2849273682,25251,25261,10
13.0885000229,80.285369873,25261,25271,10
13.0885601044,80.2858581543,25271,25281,10
13.0885696411,80.2863693237,25281,25291,10
13.0886001587,80.2866516113,25291,25301,10
13.0886602402,80.2872161865,25301,25311,10
13.0886802673,80.2875213623,25311,25321,10
13.0886802673,80.2877502441,25321,25331,10
13.0887403488,80.2883300781,25331,25341,10
13.088760376,80.2886505127,25341,25357,16
13.0888004303,80.2890396118,25357,25370,13
13.0888795853,80.2895126343,25370,25380,10
13.0889196396,80.2900238037,25380,25388,8
13.08893013,80.2900390625,25388,25400,12
13.0887002945,80.2903823853,25400,25410,10
13.0879898071,80.2900390625,25410,25420,10
13.0871601105,80.289680481,25420,25430,10
13.0861597061,80.2893829346,25430,25440,10
13.0851297379,80.2891921997,25440,25448,8
13.0842599869,80.2892074585,25448,25460,12
13.0830497742,80.2891998291,25460,25470,10
13.0819597244,80.288772583,25470,25481,11
13.080739975,80.2883682251,25481,25490,9
13.0801401138,80.2882232666,25490,25500,10
13.0798597336,80.2881622314,25500,25511,11
13.079079628,80.2879333496,25511,25522,11
13.0778903961,80.2875289917,25522,25532,10
13.076259613,80.2871170044,25532,25542,10
13.0752000809,80.2867126465,25542,25552,10
13.0743303299,80.2861785889,25552,25562,10
13.0739297867,80.2861175537,25562,25572,10
13.0737895966,80.2860794067,25572,25583,11
13.0730895996,80.2857971191,25583,25593,10
13.07213974,80.2853317261,25593,25603,10
13.0708398819,80.2850036621,25603,25613,10
13.0693101883,80.2846374512,25613,25623,10
13.0679397583,80.2843399048,25623,25633,10
13.066450119,80.2840499878,25633,25643,10
13.0649404526,80.2836914063,25643,25653,10
13.0637798309,80.2834320068,25653,25663,10
13.0628299713,80.283203125,25663,25673,10
13.0624399185,80.2831192017,25673,25683,10
13.0623598099,80.2830886841,25683,25694,11
13.061750412,80.282951355,25694,25704,10
13.0607995987,80.2827377319,25704,25714,10
13.059679985,80.2824783325,25714,25724,10
13.0584802628,80.2822570801,25724,25734,10
13.0576896667,80.282119751,25734,25744,10
13.0570201874,80.2819824219,25744,25754,10
13.0566902161,80.2819137573,25754,25764,10
13.0564603806,80.2818603516,25764,25774,10
13.0557804108,80.2817077637,25774,25784,10
13.0548801422,80.2815170288,25784,25794,10
13.0538301468,80.2813186646,25794,25804,10
13.0527601242,80.2811508179,25804,25815,11
13.051609993,80.2809829712,25815,25825,10
13.0510101318,80.2808990479,25825,25835,10
13.0504302979,80.2808074951,25835,25845,10
13.0502996445,80.2807922363,25845,25855,10
13.050069809,80.28074646,25855,25865,10
13.0493497849,80.2806396484,25865,25875,10
13.0483903885,80.2805023193,25875,25885,10
13.0473403931,80.2803497314,25885,26099,214
13.0323200226,80.2774810791,26099,26110,11
13.0313901901,80.2775497437,26110,26120,10
13.0308599472,80.2772216797,26120,26131,11
13.0307798386,80.2771606445,26131,26142,11
13.0302295685,80.2768783569,26142,26152,10
13.0293903351,80.2766189575,26152,26163,11
13.0284500122,80.2762908936,26163,26172,9
13.0277299881,80.2759780884,26172,26184,12
13.0267400742,80.2755432129,26184,26194,10
13.0260095596,80.2752304077,26194,26204,10
13.0258798599,80.2751617432,26204,26214,10
13.0254001617,80.2749633789,26214,26224,10
13.0246400833,80.274597168,26224,26233,9
13.0242004395,80.2741775513,26233,26244,11
13.0236997604,80.2734909058,26244,26254,10
13.0231399536,80.2727279663,26254,26263,9
13.0225095749,80.2718887329,26263,26275,12
13.0217199326,80.2708587646,26275,26285,10
13.0211200714,80.270149231,26285,26295,10
13.0208597183,80.2698287964,26295,26305,10
13.0207595825,80.2696990967,26305,26315,10
13.0203800201,80.2691726685,26315,26325,10
13.0197896957,80.2684707642,26325,26335,10
13.0191602707,80.2676467896,26335,26345,10
13.0187196732,80.2668075562,26345,26355,10
13.0186500549,80.2659835815,26355,26365,10
13.0187997818,80.2652816772,26365,26375,10
13.0190401077,80.2643814087,26375,26385,10
13.018989563,80.2635803223,26385,26396,11
13.0189304352,80.2630767822,26396,26406,10
13.018910408,80.2628631592,26406,26416,10
13.0188598633,80.2623596191,26416,26426,10
13.0187702179,80.2616119385,26426,26436,10
13.0183401108,80.2610626221,26436,26446,10
13.0176296234,80.2605895996,26446,26456,10
13.0168504715,80.2600784302,26456,26466,10
13.0161895752,80.2597427368,26466,26476,10
13.0160598755,80.2596817017,26476,26486,10
13.0156497955,80.2595062256,26486,26497,11
13.0147199631,80.2593078613,26497,26507,10
13.0136804581,80.2592697144,26507,26517,10
13.0125198364,80.2592163086,26517,26527,10
13.0114097595,80.2591934204,26527,26537,10
13.0104999542,80.2592163086,26537,26547,10
13.0095100403,80.2592163086,26547,26557,10
13.0090303421,80.2592391968,26557,26567,10
13.0085401535,80.2592163086,26567,26576,9
13.0078201294,80.2593765259,26576,26587,11
13.0073404312,80.2589111328,26587,26597,10
13.0072402954,80.2586593628,26597,26608,11
13.0069904327,80.2581863403,26608,26618,10
13.0065202713,80.2576370239,26618,26628,10
13.0056200027,80.2573471069,26628,26638,10
13.0047702789,80.2571563721,26638,26648,10
13.0038995743,80.256980896,26648,26658,10
13.0030698776,80.2568206787,26658,26668,10
13.0022802353,80.2566833496,26668,26678,10
13.0014896393,80.2565765381,26678,26688,10
13.0005998611,80.2564315796,26688,26698,10
12.9998598099,80.2563018799,26698,26708,10
12.9993200302,80.2562026978,26708,26719,11
12.9987096786,80.256072998,26719,26729,10
12.9982404709,80.2559890747,26729,26739,10
12.9981603622,80.2559890747,26739,26749,10
12.9978599548,80.2559432983,26749,26759,10
12.9975795746,80.2559509277,26759,26769,10
12.9972896576,80.2559509277,26769,26779,10
12.9968795776,80.2559204102,26779,26789,10
12.9962902069,80.2558898926,26789,26799,10
12.9956798553,80.255859375,26799,26809,10
12.9949398041,80.2558898926,26809,26819,10
12.9941596985,80.2559432983,26819,26830,11
12.9932203293,80.2560501099,26830,26840,10
12.9920701981,80.2560806274,26840,26856,16
12.9908704758,80.256072998,26856,26868,12
12.9902200699,80.2559967041,26868,26878,10
12.989569664,80.2559814453,26878,26888,10
12.9889202118,80.2559509277,26888,26898,10
12.9886398315,80.2559509277,26898,26908,10
12.9882497787,80.2558898926,26908,26918,10
12.9878196716,80.2558517456,26918,26928,10
12.9876203537,80.2563171387,26928,26938,10
12.9875602722,80.2570724487,26938,26949,11
12.9875001907,80.2580032349,26949,26959,10
12.987449646,80.2585983276,26959,26969,10
12.9873895645,80.2592163086,26969,26979,10
12.9872703552,80.2595825195,26979,26989,10
12.9872303009,80.2596435547,26989,26998,9
12.9871501923,80.2596893311,26998,28048,1050
12.9871501923,80.2596893311,28048,28059,11
12.9868202209,80.2596588135,28059,28069,10
12.9864397049,80.2596817017,28069,28079,10
12.9860496521,80.2596817017,28079,28089,10
12.9856300354,80.2596206665,28089,28099,10
12.9849004745,80.2595214844,28099,28109,10
12.9843101501,80.2594833374,28109,28119,10
12.9839401245,80.2595214844,28119,28129,10
12.9832296371,80.2594833374,28129,28139,10
12.9826202393,80.2594528198,28139,28149,10
12.9818601608,80.2593917847,28149,28159,10
12.9810695648,80.2593688965,28159,28170,11
12.9802999496,80.2593231201,28170,28180,10
12.9795999527,80.2592163086,28180,28190,10
12.9789495468,80.2591400146,28190,28200,10
12.9782600403,80.259147644,28200,28210,10
12.9776697159,80.2591781616,28210,28220,10
12.9770698547,80.2591781616,28220,28230,10
12.9763803482,80.2590789795,28230,28240,10
12.9756402969,80.2589035034,28240,28250,10
12.9749403,80.258682251,28250,28260,10
12.9741001129,80.2584533691,28260,28311,51
12.9741096497,80.2580566406,28311,28351,40
12.9741096497,80.2580566406,28351,28361,10
12.9741401672,80.2576980591,28361,28371,10
12.9740200043,80.2576599121,28371,28381,10
12.9737300873,80.2576370239,28381,28392,11
12.9733200073,80.2575912476,28392,28402,10
12.9731702805,80.257598877,28402,28412,10
12.9730596542,80.2580108643,28412,28442,30
12.9730596542,80.2580108643,28442,28452,10
12.97315979,80.2582168579,28452,28462,10
12.9735803604,80.2582397461,28462,28896,434
12.9735803604,80.2582397461,28896,28906,10
12.9737997055,80.2582931519,28906,28916,10
12.9741001129,80.2583618164,28916,28926,10
12.9747800827,80.2585525513,28926,28936,10
12.9754800797,80.2587814331,28936,28946,10
12.976149559,80.258972168,28946,28957,11
12.9768695831,80.2591171265,28957,28967,10
12.9768800735,80.2591171265,28967,28977,10
12.9769601822,80.2591171265,28977,28987,10
12.9771404266,80.2591400146,28987,28997,10
12.9774398804,80.259147644,28997,29007,10
12.977809906,80.259147644,29007,29017,10
12.9784498215,80.2591094971,29017,29027,10
12.979180336,80.2591094971,29027,29037,10
12.9799404144,80.2592163086,29037,29047,10
12.9806995392,80.2593078613,29047,29057,10
12.9814796448,80.2593383789,29057,29068,11
12.9823999405,80.2593612671,29068,29078,10
12.9829502106,80.2593917847,29078,29088,10
12.9832000732,80.2594070435,29088,29098,10
12.9837198257,80.2594528198,29098,29108,10
12.984000206,80.2592163086,29108,29118,10
12.9840898514,80.2585678101,29118,29128,10
12.9841604233,80.2578964233,29128,29138,10
12.9844703674,80.2577667236,29138,29148,10
12.9850997925,80.2578201294,29148,29158,10
12.9859600067,80.2579116821,29158,29168,10
12.9870195389,80.2580184937,29168,29189,21
12.9870195389,80.2580184937,29189,29199,10
12.9872598648,80.2580718994,29199,29209,10
12.9874601364,80.2578887939,29209,29219,10
12.9874897003,80.2572937012,29219,29229,10
12.9875402451,80.2565689087,29229,29239,10
12.9875602722,80.255859375,29239,29350,111
12.9875602722,80.255859375,29350,29360,10
12.9879102707,80.2557830811,29360,29370,10
12.988650322,80.255859375,29370,29400,30
12.988650322,80.255859375,29400,29411,11
12.9888896942,80.2558898926,29411,29421,10
12.9894104004,80.2559432983,29421,29431,10
12.9901199341,80.2560119629,29431,29441,10
12.9907302856,80.2560195923,29441,29451,10
12.9914503098,80.2560424805,29451,29461,10
12.9921398163,80.256072998,29461,29477,16
12.9933099747,80.2560195923,29477,29489,12
12.9941797256,80.2559814453,29489,29499,10
12.9948797226,80.2559204102,29499,29509,10
12.9955701828,80.2558898926,29509,29520,11
12.9962997437,80.2558822632,29520,29530,10
12.9968204498,80.255859375,29530,29540,10
12.9972400665,80.2558898926,29540,29550,10
12.9977798462,80.2559127808,29550,29559,9
12.9982995987,80.2559814453,29559,29570,11
12.9988803864,80.2560424805,29570,29580,10
12.9989795685,80.2560577393,29580,29590,10
12.9990196228,80.256072998,29590,29600,10
12.999420166,80.2561416626,29600,29610,10
13.0001497269,80.2562789917,29610,29620,10
13.0010995865,80.2564620972,29620,29661,41
13.0010995865,80.2564620972,29661,29671,10
13.0014400482,80.2565231323,29671,29681,10
13.0019903183,80.2565994263,29681,29691,10
13.0027799606,80.2567367554,29691,29701,10
13.0034599304,80.2568664551,29701,29711,10
13.0045795441,80.2570800781,29711,29721,10
13.005399704,80.257232666,29721,29731,10
13.0058803558,80.2573471069,29731,29742,11
13.0064697266,80.2574462891,29742,29752,10
13.0069198608,80.2578582764,29752,29762,10
13.0073204041,80.2584686279,29762,29772,10
13.0085897446,80.2589797974,29772,29792,20
13.0085897446,80.2589797974,29792,29802,10
13.0087995529,80.2590408325,29802,29812,10
13.0095300674,80.2590637207,29812,29822,10
13.0106201172,80.2590789795,29822,29832,10
13.0118598938,80.2590789795,29832,29842,10
13.0132703781,80.2591323853,29842,29853,11
13.0147800446,80.2591781616,29853,29863,10
13.0158500671,80.2593383789,29863,29873,10
13.0166196823,80.2598114014,29873,29903,30
13.0166196823,80.2598114014,29903,29913,10
13.0166702271,80.2598800659,29913,29923,10
13.0170402527,80.2601318359,29923,29939,16
13.0180902481,80.2608566284,29939,29951,12
13.0187597275,80.2613372803,29951,29961,10
13.0194597244,80.2619628906,29961,29972,11
13.0200395584,80.2625579834,29972,29982,10
13.0202903748,80.2629699707,29982,29992,10
13.0198497772,80.2629776001,29992,30002,10
13.019200325,80.2629470825,30002,30012,10
13.0190601349,80.2632675171,30012,30021,9
13.0191297531,80.2638320923,30021,30032,11
13.0190296173,80.2648620605,30032,30041,9
13.0188903809,80.2653579712,30041,30052,11
13.0187397003,80.2659912109,30052,30062,10
13.0187797546,80.2668533325,30062,30072,10
13.0192403793,80.2677230835,30072,30083,11
13.0199604034,80.2686309814,30083,30093,10
13.0205898285,80.2694091797,30093,30103,10
13.0211801529,80.2701263428,30103,30113,10
13.0215101242,80.2705078125,30113,30123,10
13.0215902328,80.2705993652,30123,30133,10
13.0219402313,80.2710571289,30133,30143,10
13.0225296021,80.2718276978,30143,30153,10
13.0231399536,80.2726364136,30153,30163,10
13.023639679,80.2733230591,30163,30173,10
13.0239095688,80.27368927,30173,30200,27
13.0239095688,80.27368927,30200,30212,12
13.0239400864,80.2737579346,30212,30222,10
13.0241699219,80.2740707397,30222,30231,9
13.0246095657,80.2745666504,30231,30243,12
13.0253000259,80.274848938,30243,30253,10
13.0254001617,80.2749023438,30253,30263,10
13.0255203247,80.2749710083,30263,30273,10
13.0258598328,80.275138855,30273,30283,10
13.0264997482,80.275428772,30283,30293,10
13.0271396637,80.275718689,30293,30304,11
13.0279102325,80.2760925293,30304,30314,10
13.0285396576,80.2763366699,30314,30324,10
13.0290803909,80.2765274048,30324,30334,10
13.0294799805,80.2766265869,30334,30344,10
13.0298299789,80.2767333984,30344,30354,10
13.0298404694,80.2767333984,30354,30364,10
13.0301103592,80.2768325806,30364,30374,10
13.0306396484,80.2770996094,30374,30384,10
13.0311498642,80.2774200439,30384,30394,10
13.0316400528,80.2775802612,30394,30404,10
13.0318403244,80.2775726318,30404,30415,11
13.0321702957,80.2775421143,30415,30425,10
13.0327100754,80.2774887085,30425,30445,20
13.0327100754,80.2774887085,30445,30455,10
13.0329799652,80.2774810791,30455,30465,10
13.0335102081,80.2773666382,30465,30475,10
13.0340499878,80.2774734497,30475,30485,10
13.0345602036,80.2776031494,30485,30495,10
13.0350799561,80.2776565552,30495,30505,10
13.0355501175,80.2777404785,30505,30515,10
13.036190033,80.27784729,30515,30527,12
13.0368700027,80.2781066895,30527,30537,10
13.0370397568,80.2781829834,30537,30547,10
13.0374803543,80.2783203125,30547,30557,10
13.038310051,80.2785415649,30557,30567,10
13.0388698578,80.2786483765,30567,30577,10
13.0389003754,80.2786712646,30577,30587,10
13.0389699936,80.278717041,30587,30597,10
13.0392799377,80.2788391113,30597,30607,10
13.0399999619,80.2790374756,30607,30617,10
13.0408296585,80.2792510986,30617,30627,10
13.0417098999,80.2794113159,30627,30637,10
13.0425300598,80.279510498,30637,30648,11
13.0432796478,80.2795715332,30648,30658,10
13.0439300537,80.2797775269,30658,30668,10
13.0447397232,80.2799301147,30668,30678,10
13.0458097458,80.2800827026,30678,30698,20
13.0458097458,80.2800827026,30698,30708,10
13.0460300446,80.2801132202,30708,30718,10
13.0466995239,80.2802124023,30718,30728,10
13.0475997925,80.2803268433,30728,30738,10
13.0484895706,80.280456543,30738,30748,10
13.0492401123,80.2805633545,30748,30759,11
13.0493402481,80.2805709839,30759,30769,10
13.0495700836,80.2806091309,30769,30779,10
13.0500001907,80.280670166,30779,30789,10
13.0506401062,80.2807693481,30789,30799,10
13.0515003204,80.280921936,30799,30809,10
13.0524902344,80.2810592651,30809,30819,10
13.0534801483,80.2812194824,30819,30829,10
13.0544996262,80.2813873291,30829,30839,10
13.0554199219,80.2815628052,30839,30849,10
13.0561504364,80.2817001343,30849,30859,10
13.0563697815,80.28175354,30859,30870,11
13.0564098358,80.2817611694,30870,30880,10
13.0568199158,80.281867981,30880,30890,10
13.0574998856,80.2819976807,30890,30900,10
13.0584096909,80.2821807861,30900,30910,10
13.0593595505,80.282371521,30910,30920,10
13.0603199005,80.2825698853,30920,30930,10
13.0612802505,80.2827835083,30930,30940,10
13.0621595383,80.2829666138,30940,30950,10
13.0630903244,80.2831573486,30950,30970,20
13.0630903244,80.2831573486,30970,30981,11
13.0634002686,80.283241272,30981,30991,10
13.0635204315,80.2832717896,30991,31001,10
13.0639696121,80.2833786011,31001,31041,40
13.0639696121,80.2833786011,31041,31051,10
13.0642004013,80.2834320068,31051,31061,10
13.0645704269,80.2835235596,31061,31071,10
13.0653400421,80.2836914063,31071,31081,10
13.066450119,80.2839431763,31081,31092,11
13.0677404404,80.2842025757,31092,31102,10
13.0689401627,80.2844619751,31102,31112,10
13.0703496933,80.2848129272,31112,31122,10
13.0718002319,80.28515625,31122,31132,10
13.0730695724,80.2852783203,31132,31142,10
13.0739402771,80.2854995728,31142,31152,10
13.0741195679,80.2857437134,31152,31162,10
13.0747900009,80.2863006592,31162,31182,20
13.0747900009,80.2863006592,31182,31192,10
13.074839592,80.2863311768,31192,31202,10
13.0752096176,80.2865829468,31202,31213,11
13.0759401321,80.2869567871,31213,31223,10
13.0768404007,80.2871932983,31223,31233,10
13.0778598785,80.2874603271,31233,31243,10
13.078909874,80.2877502441,31243,31253,10
13.0796403885,80.2880172729,31253,31263,10
13.0798902512,80.2880401611,31263,31273,10
13.0803899765,80.2881469727,31273,31283,10
13.0808496475,80.2882995605,31283,31293,10
13.0809001923,80.2883224487,31293,31303,10
13.081319809,80.2884597778,31303,31313,10
13.0820198059,80.2886962891,31313,31324,11
13.082909584,80.2891082764,31324,31334,10
13.0838098526,80.2891693115,31334,31344,10
13.0847902298,80.2891387939,31344,31354,10
13.0857896805,80.2892608643,31354,31364,10
13.0869903564,80.2895812988,31364,31374,10
13.0876302719,80.2898178101,31374,31384,10
13.0881900787,80.2900390625,31384,31394,10
13.0888004303,80.2901535034,31394,31465,71
13.0888004303,80.2901535034,31465,31475,10
13.0887804031,80.290397644,31475,31485,10
13.0884304047,80.2902984619,31485,31495,10
13.0877199173,80.2899780273,31495,31505,10
13.0867996216,80.2896575928,31505,31515,10
13.0859203339,80.2894592285,31515,31525,10
13.0854997635,80.2889709473,31525,31535,10
13.0851802826,80.288230896,31535,31546,11
13.085149765,80.2871398926,31546,31556,10
13.0852499008,80.2860488892,31556,31566,10
13.0853395462,80.2849578857,31566,31576,10
13.0852603912,80.2841415405,31576,31586,10
13.0854301453,80.2837295532,31586,31596,10
13.0855703354,80.2835464478,31596,31606,10
13.0859003067,80.2835388184,31606,31616,10
13.0862903595,80.2835769653,31616,31626,10
13.0867700577,80.2839431763,31626,31737,111
13.0867700577,80.2839431763,31737,31747,10
13.0868301392,80.2837905884,31747,32322,575
13.0868301392,80.2837905884,32322,32333,11
13.0873098373,80.2838821411,32333,32343,10
13.0876398087,80.2838897705,32343,32353,10
13.0879602432,80.2838973999,32353,32373,20
13.0879602432,80.2838973999,32373,32383,10
13.0881795883,80.2837524414,32383,32403,20
13.0881795883,80.2837524414,32403,32413,10
13.0882701874,80.2835464478,32413,32423,10
13.088350296,80.2833099365,32423,32433,10
13.0883398056,80.2828292847,32433,32443,10
13.0883102417,80.2824172974,32443,32454,11
13.0882501602,80.2820510864,32454,32464,10
13.0880899429,80.2815628052,32464,32474,10
13.0882997513,80.2814331055,32474,32484,10
13.0885801315,80.2816162109,32484,32494,10
13.0885095596,80.282081604,32494,32504,10
13.0883798599,80.2826690674,32504,32514,10
13.0883598328,80.283241272,32514,32524,10
13.0883903503,80.2838363647,32524,32534,10
13.0884504318,80.2851333618,32534,32595,61
13.0883302689,80.2852935791,32595,32635,40
13.0883302689,80.2852935791,32635,32645,10
13.0883798599,80.2854614258,32645,32655,10
13.0884199142,80.2859573364,32655,32665,10
13.0884599686,80.2864379883,32665,32676,11
13.0884799957,80.2866897583,32676,32686,10
13.0885295868,80.2872161865,32686,32696,10
13.0885696411,80.2875366211,32696,32706,10
13.0886001587,80.2878570557,32706,32716,10
13.0886802673,80.2884521484,32716,32726,10
13.0887002945,80.2887115479,32726,32736,10
13.0887298584,80.2891387939,32736,32746,10
13.0887403488,80.2895431519,32746,32756,10
13.0887498856,80.2895431519,32756,32766,10
13.0887298584,80.2898406982,32766,32776,10
13.0887498856,80.2903213501,32776,32786,10
13.0886297226,80.2905426025,32786,32803,17
13.0877599716,80.2900009155,32803,32815,12
13.0868997574,80.2896270752,32815,32825,10
13.0859804153,80.2893600464,32825,32835,10
13.0850896835,80.2891235352,32835,32844,9
13.0841798782,80.2891616821,32844,32854,10
13.083319664,80.2891998291,32854,32865,11
13.0825004578,80.2890014648,32865,32875,10
13.0822896957,80.2889328003,32875,32885,10
13.0821304321,80.2888565063,32885,32895,10
13.0815601349,80.2886505127,32895,32906,11
13.0807600021,80.2883911133,32906,32916,10
13.0803203583,80.288230896,32916,32926,10
13.0800504684,80.2881622314,32926,32936,10
13.0799398422,80.2881469727,32936,32946,10
13.0794496536,80.2880630493,32946,32956,10
13.0786600113,80.2877426147,32956,32966,10
13.0776395798,80.2874298096,32966,32976,10
13.0764598846,80.2871170044,32976,32986,10
13.0753498077,80.2867431641,32986,32996,10
13.0745401382,80.2862625122,32996,33006,10
13.0741195679,80.2861175537,33006,33017,11
13.0740098953,80.2861099243,33017,33027,10
13.0735197067,80.2860031128,33027,33037,10
13.0728502274,80.2856521606,33037,33047,10
13.0719404221,80.2852935791,33047,33057,10
13.0708703995,80.2849884033,33057,33067,10
13.0697898865,80.2847213745,33067,33077,10
13.0690202713,80.284538269,33077,33087,10
13.0679798126,80.2843093872,33087,33097,10
13.067029953,80.2841567993,33097,33107,10
13.0660896301,80.2839431763,33107,33117,10
13.065199852,80.2837295532,33117,33128,11
13.0643901825,80.2835388184,33128,33138,10
13.0637798309,80.2833709717,33138,33148,10
13.063079834,80.2831802368,33148,33158,10
13.0624704361,80.2830505371,33158,33168,10
13.0624303818,80.2830429077,33168,33178,10
13.0622797012,80.2829971313,33178,33188,10
13.0618000031,80.2828979492,33188,33198,10
13.06112957,80.2827224731,33198,33208,10
13.0601596832,80.2825317383,33208,33218,10
13.0591497421,80.2823410034,33218,33235,17
13.0577001572,80.2820587158,33235,33247,12
13.0568704605,80.2818832397,33247,33276,29
13.0568704605,80.2818832397,33276,33287,11
13.0566701889,80.2818222046,33287,33299,12
13.0560998917,80.2817001343,33299,33309,10
13.0551395416,80.28150177,33309,33319,10
13.0541200638,80.281288147,33319,33329,10
13.0530395508,80.2811279297,33329,33340,11
13.0519199371,80.280960083,33340,33351,11
13.0509195328,80.2808303833,33351,33361,10
13.0503501892,80.2807693481,33361,33371,10
13.0502796173,80.2807617188,33371,33381,10
13.0499000549,80.2807006836,33381,33391,10
13.0491800308,80.2806015015,33391,33401,10
13.048330307,80.2804794312,33401,33411,10
13.0474100113,80.2803421021,33411,33421,10
13.046500206,80.2802200317,33421,33431,10
13.0458097458,80.2801437378,33431,33441,10
13.0456895828,80.2801208496,33441,33451,10
13.0455503464,80.2800979614,33451,33462,11
13.0449495316,80.2800216675,33462,33472,10
13.0442695618,80.2799224854,33472,33482,10
13.0436897278,80.2798233032,33482,33491,9
13.0431003571,80.2796936035,33491,33502,11
13.04226017,80.279510498,33502,33512,10
13.0412797928,80.2793273926,33512,33522,10
13.0403404236,80.2791290283,33522,33532,10
13.0396604538,80.2789230347,33532,33542,10
13.0392198563,80.2787704468,33542,33552,10
13.0391397476,80.2787780762,33552,33562,10
13.0390195847,80.2787780762,33562,33572,10
13.0385198593,80.2786178589,33572,33583,11
13.0377397537,80.2783737183,33583,33593,10
13.0375003815,80.2782897949,33593,33603,10
13.0374698639,80.2782821655,33603,33613,10
13.0371198654,80.2781677246,33613,33623,10
13.0365400314,80.277961731,33623,33633,10
13.0358600616,80.2777786255,33633,33643,10
13.0352897644,80.2776412964,33643,33653,10
13.0346403122,80.2775497437,33653,33663,10
13.0340595245,80.277381897,33663,33673,10
13.0338201523,80.2773284912,33673,33683,10
13.0336103439,80.2773132324,33683,33694,11
13.0331401825,80.2774505615,33694,33704,10
13.0325403214,80.2774429321,33704,33714,10
13.0319004059,80.2774963379,33714,33724,10
13.0308904648,80.2771987915,33724,33744,20
13.0308904648,80.2771987915,33744,33754,10
13.0308103561,80.2771530151,33754,33764,10
13.0303497314,80.2768630981,33764,33774,10
13.0298595428,80.2766799927,33774,33784,10
13.0291004181,80.2764587402,33784,33794,10
13.0284404755,80.2761688232,33794,33805,11
13.0276298523,80.2758102417,33805,33815,10
13.0267400742,80.2754364014,33815,33825,10
13.0261001587,80.275177002,33825,33835,10
13.0259599686,80.2751235962,33835,33845,10
13.0258998871,80.2751235962,33845,33855,10
13.0254497528,80.2749023438,33855,33865,10
13.0247001648,80.2745513916,33865,33874,9
13.024140358,80.274017334,33874,33885,11
13.0235204697,80.2731933594,33885,33895,10
13.0228996277,80.2723693848,33895,33905,10
13.0222797394,80.2715682983,33905,33916,11
13.0217103958,80.2708435059,33916,33926,10
13.0214099884,80.2704391479,33926,33936,10
13.0211896896,80.2701797485,33936,33946,10
13.0210695267,80.2699890137,33946,33966,20
13.0210695267,80.2699890137,33966,33976,10
13.0209197998,80.2698822021,33976,34006,30
13.0209197998,80.2698822021,34006,34016,10
13.0207996368,80.2697219849,34016,34027,11
13.0204601288,80.2693023682,34027,34037,10
13.0199804306,80.268661499,34037,34047,10
13.0193300247,80.2678833008,34047,34057,10
13.0187597275,80.2670593262,34057,34067,10
13.0186195374,80.266166687,34067,34077,10
13.018699646,80.2656173706,34077,34087,10
13.0190601349,80.2639312744,34087,34097,10
13.0190601349,80.2639312744,34097,34107,10
13.018989563,80.2634506226,34107,34117,10
13.0189599991,80.2632522583,34117,34127,10
13.0188999176,80.2629470825,34127,34137,10
13.0188798904,80.2627487183,34137,34148,11
13.0187997818,80.2620162964,34148,34159,11
13.0186796188,80.2613601685,34159,34170,11
13.0180397034,80.2608566284,34170,34180,10
13.0172796249,80.2603378296,34180,34189,9
13.0166397095,80.2599411011,34189,34200,11
13.0160598755,80.2596511841,34200,34210,10
13.0160398483,80.2596435547,34210,34220,10
13.0159101486,80.2595672607,34220,34230,10
13.0153999329,80.2593994141,34230,34240,10
13.0146598816,80.2592773438,34240,34251,11
13.0137195587,80.2592391968,34251,34261,10
13.0126304626,80.2592010498,34261,34271,10
13.0115499496,80.2591629028,34271,34281,10
13.0105600357,80.2591781616,34281,34291,10
13.0096702576,80.2591781616,34291,34301,10
13.0090103149,80.2591781616,34301,34311,10
13.0087203979,80.2591705322,34311,34321,10
13.0083198547,80.2590866089,34321,34331,10
13.0077295303,80.2593002319,34331,34341,10
13.0073204041,80.2598114014,34341,34351,10
13.0072097778,80.2602310181,34351,34361,10
13.0072803497,80.2606811523,34361,34372,11
13.007399559,80.2612075806,34372,34382,10
13.0074100494,80.2612762451,34382,34392,10
13.0074901581,80.2615585327,34392,34402,10
13.0075798035,80.2621231079,34402,34412,10
13.0076999664,80.2626190186,34412,34422,10
13.0078001022,80.2631225586,34422,34432,10
13.0079603195,80.263710022,34432,34442,10
13.0079402924,80.2646636963,34442,34452,10
13.0077896118,80.2655410767,34452,34462,10
13.0076398849,80.2661972046,34462,34472,10
13.0074796677,80.2668533325,34472,34483,11
13.0072097778,80.2678070068,34483,34493,10
13.0069904327,80.2687530518,34493,34503,10
13.0068101883,80.2697982788,34503,34513,10
13.0064401627,80.2704696655,34513,34523,10
13.0057201385,80.2701873779,34523,34533,10
13.0049600601,80.2696609497,34533,34543,10
13.004119873,80.2691268921,34543,34553,10
13.0032300949,80.2686309814,34553,34573,20
13.0032300949,80.2686309814,34573,34583,10
13.003080368,80.2685699463,34583,34594,11
13.0026102066,80.2682418823,34594,34604,10
13.0019197464,80.2678222656,34604,34614,10
13.0009899139,80.2672424316,34614,34634,20
13.0009899139,80.2672424316,34634,34644,10
13.0008802414,80.2671890259,34644,34654,10
13.0005903244,80.2669906616,34654,34664,10
13.0,80.2668685913,34664,34674,10
12.9992103577,80.2670593262,34674,34684,10
12.9984798431,80.2672729492,34684,34694,10
12.9978599548,80.2674636841,34694,34705,11
12.997179985,80.2676773071,34705,34715,10
12.9964799881,80.2677078247,34715,34725,10
12.9958200455,80.2676620483,34725,34735,10
12.9957304001,80.2673034668,34735,34765,30
12.9957304001,80.2673034668,34765,34775,10
12.9957399368,80.2672729492,34775,34785,10
12.9957704544,80.2668991089,34785,34795,10
12.9958295822,80.2662582397,34795,34805,10
12.9959096909,80.2655181885,34805,34815,10
12.9960098267,80.2647094727,34815,34826,11
12.9961204529,80.2637634277,34826,34836,10
12.9962100983,80.2630081177,34836,34846,10
12.9962596893,80.2625732422,34846,34856,10
12.9962701797,80.2625579834,34856,34866,10
12.9963302612,80.2624435425,34866,34876,10
12.9963703156,80.2620391846,34876,34886,10
12.9964103699,80.2616119385,34886,34896,10
12.9964704514,80.2609176636,34896,34906,10
12.9965600967,80.2602005005,34906,34916,10
12.9965801239,80.2596588135,34916,34927,11
12.996629715,80.258972168,34927,34937,10
12.9967298508,80.2582015991,34937,34947,10
12.9968099594,80.2574768066,34947,34957,10
12.9968595505,80.2568817139,34957,34967,10
12.9968795776,80.2564163208,34967,34977,10
12.9968996048,80.2559890747,34977,35078,101
12.9968996048,80.2559890747,35078,35088,10
12.9968795776,80.2558822632,35088,35098,10
12.9968900681,80.2555007935,35098,35108,10
12.9968299866,80.2548217773,35108,35118,10
12.9965496063,80.2542572021,35118,35128,10
12.9960002899,80.2537384033,35128,35138,10
12.9954099655,80.2531433105,35138,35148,10
12.9951601028,80.2527236938,35148,35159,11
12.9949102402,80.2524414063,35159,35169,10
12.9947299957,80.2524719238,35169,35179,10
12.9944696426,80.2525787354,35179,35189,10
12.9944601059,80.2525787354,35189,35199,10
12.994310379,80.2525634766,35199,35209,10
12.9939498901,80.2526702881,35209,35219,10
12.9934902191,80.2528381348,35219,35229,10
12.9930400848,80.2529220581,35229,35239,10
12.9926300049,80.2529678345,35239,35249,10
12.9920196533,80.2531433105,35249,35259,10
12.9914302826,80.2534484863,35259,35270,11
12.9910802841,80.2540435791,35270,35280,10
12.9908800125,80.2548370361,35280,35290,10
12.9907398224,80.255821228,35290,35378,88
12.9907398224,80.255821228,35378,35389,11
12.9907503128,80.2560577393,35389,35398,9
12.9907398224,80.2560806274,35398,35407,9
12.9905500412,80.2561035156,35407,35419,12
12.9901103973,80.2560501099,35419,35429,10
12.9895095825,80.2560424805,35429,35480,51
12.9895095825,80.2560424805,35480,35491,11
12.9892597198,80.2559967041,35491,35551,60
12.9892597198,80.2559967041,35551,35561,10
12.9891195297,80.2559814453,35561,35571,10
12.9889097214,80.2559661865,35571,35581,10
12.9887599945,80.2559585571,35581,35591,10
12.9884195328,80.2559432983,35591,35601,10
12.9880199432,80.2558898926,35601,35612,11
12.9877099991,80.2562789917,35612,35622,10
12.9876098633,80.2567672729,35622,35632,10
12.9875001907,80.2573928833,35632,35642,10
12.9874296188,80.2582778931,35642,35652,10
12.9873695374,80.2590789795,35652,35662,10
12.9872102737,80.259552002,35662,35692,30
12.9872102737,80.259552002,35692,35702,10
12.9870595932,80.2595977783,35702,35712,10
12.9870300293,80.2592468262,35712,35884,172
12.9870300293,80.2592468262,35884,35894,10
12.9872198105,80.2590179443,35894,35904,10
12.9873895645,80.2589569092,35904,35914,10
12.9873895645,80.2588729858,35914,35924,10
12.9874095917,80.2585601807,35924,35934,10
12.9874401093,80.2581787109,35934,35945,11
12.987449646,80.2578811646,35945,35955,10
12.9874696732,80.2574462891,35955,35965,10
12.9875001907,80.2570037842,35965,36005,40
12.9875001907,80.2570037842,36005,36015,10
12.9874897003,80.2566604614,36015,36025,10
12.9875202179,80.2562179565,36025,36041,16
12.9876003265,80.2557601929,36041,36053,12
12.987830162,80.2556762695,36053,36064,11
12.9879598618,80.2557067871,36064,36074,10
12.9881496429,80.2557525635,36074,36084,10
12.9884300232,80.2557983398,36084,36114,30
12.9884300232,80.2557983398,36114,36124,10
12.9885702133,80.255859375,36124,36134,10
12.9888696671,80.2558670044,36134,36144,10
12.989159584,80.255897522,36144,36154,10
12.9899196625,80.2559661865,36154,36165,11
12.9905500412,80.2559585571,36165,36175,10
12.9907503128,80.2557296753,36175,36185,10
12.9907503128,80.2551574707,36185,36195,10
12.9907598495,80.2543334961,36195,36205,10
12.9911403656,80.2536010742,36205,36215,10
12.9919300079,80.2530822754,36215,36225,10
12.9927501678,80.2529525757,36225,36235,10
12.9934196472,80.252822876,36235,36245,10
12.993929863,80.2526931763,36245,36255,10
12.9944801331,80.2525405884,36255,36265,10
12.9948797226,80.2524490356,36265,36275,10
12.9951400757,80.2526702881,36275,36285,10
12.9951400757,80.2527389526,36285,36296,11
12.9954204559,80.2531433105,36296,36306,10
12.9960603714,80.2537612915,36306,36316,10
12.9967403412,80.2545166016,36316,36326,10
12.9969100952,80.255317688,36326,36336,10
12.9969396591,80.2556762695,36336,36346,10
12.9969501495,80.2559432983,36346,36356,10
12.9968900681,80.2562866211,36356,36366,10
12.9968595505,80.2566833496,36366,36376,10
12.9968595505,80.2566986084,36376,36386,10
12.9968500137,80.2569122314,36386,36397,11
12.9967699051,80.2576370239,36397,36407,10
12.9966802597,80.2585372925,36407,36417,10
12.9966201782,80.2591094971,36417,36427,10
12.9965400696,80.2595825195,36427,36437,10
12.9965000153,80.2602310181,36437,36447,10
12.9964103699,80.2609634399,36447,36457,10
12.996339798,80.2615966797,36457,36467,10
12.9962902069,80.2620773315,36467,36477,10
12.9962797165,80.2621383667,36477,36487,10
12.9962701797,80.2622909546,36487,36497,10
12.9961795807,80.2628707886,36497,36508,11
12.9961204529,80.2635116577,36508,36524,16
12.9959802628,80.264831543,36524,36536,12
12.995929718,80.2653121948,36536,36546,10
12.9959096909,80.2654495239,36546,36556,10
12.9958496094,80.2659988403,36556,36566,10
12.9957399368,80.2669067383,36566,36576,10
12.9957399368,80.267539978,36576,36585,9
12.9961795807,80.2676391602,36585,36595,10
12.9962701797,80.2676467896,36595,36606,11
12.9964599609,80.2677001953,36606,36617,11
12.9971199036,80.267616272,36617,36628,11
12.9979801178,80.2673721313,36628,36638,10
12.9987001419,80.2671737671,36638,36648,10
12.9996204376,80.2668991089,36648,36658,10
13.0002603531,80.2667388916,36658,36668,10
13.0010795593,80.2672576904,36668,36688,20
13.0010795593,80.2672576904,36688,36698,10
13.0012598038,80.2674331665,36698,36708,10
13.0014696121,80.2675323486,36708,36718,10
13.0019903183,80.267868042,36718,36728,10
13.0027503967,80.2683486938,36728,36739,11
13.0033502579,80.2687072754,36739,36749,10
13.0034503937,80.2687835693,36749,36759,10
13.0037698746,80.2689971924,36759,36769,10
13.0044202805,80.2694168091,36769,36779,10
13.0053701401,80.2699890137,36779,36789,10
13.0062398911,80.2704467773,36789,36799,10
13.0068702698,80.2700195313,36799,36809,10
13.0070495605,80.2690887451,36809,36819,10
13.007109642,80.2682037354,36819,36829,10
13.0073404312,80.2671737671,36829,36839,10
13.0075597763,80.2664108276,36839,36850,11
13.0076904297,80.2657623291,36850,36860,10
13.0079202652,80.2648391724,36860,36870,10
13.0079698563,80.2640991211,36870,36880,10
13.007900238,80.2634963989,36880,36890,10
13.0077695847,80.2629013062,36890,36900,10
13.0076999664,80.2624969482,36900,36910,10
13.0074996948,80.2617797852,36910,36920,10
13.0074300766,80.261428833,36920,36930,10
13.0073900223,80.2613296509,36930,36940,10
13.0072898865,80.2609634399,36940,36950,10
13.0071697235,80.2604064941,36950,36961,11
13.0072603226,80.2598114014,36961,36971,10
13.0072803497,80.2590637207,36971,36981,10
13.0074501038,80.2586975098,36981,36991,10
13.0075998306,80.2586212158,36991,37001,10
13.0080604553,80.2588119507,37001,37011,10
13.0084400177,80.2589569092,37011,37225,214
13.0201301575,80.2630004883,37225,37238,13
13.0193796158,80.2629394531,37238,37248,10
13.0190296173,80.263092041,37248,37258,10
13.019109726,80.263710022,37258,37268,10
13.0191497803,80.2639770508,37268,37277,9
13.0191297531,80.2643585205,37277,37288,11
13.0189399719,80.2650604248,37288,37298,10
13.0187702179,80.2656478882,37298,37308,10
13.0187501907,80.2665176392,37308,37319,11
13.0191898346,80.2676086426,37319,37329,10
13.0198698044,80.2685012817,37329,37339,10
13.0204496384,80.2693023682,37339,37349,10
13.0208597183,80.2697677612,37349,37359,10
13.0211896896,80.2701568604,37359,37369,10
13.0214996338,80.2705078125,37369,37379,10
13.0215797424,80.2706375122,37379,37388,9
13.0218601227,80.2710266113,37388,37399,11
13.0224599838,80.2717819214,37399,37409,10
13.0230102539,80.2724761963,37409,37420,11
13.0235500336,80.2732315063,37420,37430,10
13.0237197876,80.2734298706,37430,37440,10
13.0237798691,80.2734909058,37440,37450,10
13.0239696503,80.2737731934,37450,37460,10
13.0242595673,80.2741775513,37460,37470,10
13.0247001648,80.2746429443,37470,37480,10
13.0252399445,80.2748565674,37480,37490,10
13.0254402161,80.2749404907,37490,37500,10
13.0256004333,80.2750320435,37500,37510,10
13.026049614,80.2752380371,37510,37520,10
13.0266599655,80.2755279541,37520,37531,11
13.0273599625,80.2758712769,37531,37541,10
13.0278997421,80.2761077881,37541,37551,10
13.0284404755,80.2763214111,37551,37561,10
13.0287704468,80.2764434814,37561,37571,10
13.0292797089,80.2765884399,37571,37581,10
13.0298204422,80.2767028809,37581,37591,10
13.0298995972,80.2767333984,37591,37601,10
13.0302000046,80.2768707275,37601,37610,9
13.0306997299,80.2771377563,37610,37621,11
13.03125,80.2774963379,37621,37631,10
13.0319099426,80.2775802612,37631,37642,11
13.0325698853,80.2774887085,37642,37652,10
13.0327301025,80.2774734497,37652,37662,10
13.0329704285,80.2774505615,37662,37672,10
13.0334701538,80.27734375,37672,37682,10
13.0340003967,80.2774200439,37682,37692,10
13.0346498489,80.2775802612,37692,37702,10
13.0353803635,80.2777175903,37702,37712,10
13.0361404419,80.2778396606,37712,37722,10
13.0368499756,80.2780838013,37722,37732,10
13.0375995636,80.2783432007,37732,37742,10
13.0384197235,80.2785568237,37742,37752,10
13.0389404297,80.2786865234,37752,37763,11
13.0390396118,80.2787628174,37763,37773,10
13.0394001007,80.2788772583,37773,37783,10
13.0401496887,80.2790985107,37783,37799,16
13.0418395996,80.2794189453,37799,37811,12
13.0432300568,80.2795791626,37811,37821,10
13.0441598892,80.2798614502,37821,37829,8
13.0448503494,80.2799377441,37829,37840,11
13.0456800461,80.2800521851,37840,37852,12
13.0458803177,80.2800827026,37852,37862,10
13.0464200974,80.2801513672,37862,37873,11
13.047419548,80.2802886963,37873,37882,9
13.0483198166,80.2804107666,37882,37893,11
13.049200058,80.2805328369,37893,37903,10
13.0493001938,80.2805404663,37903,37913,10
13.0495004654,80.2805786133,37913,37923,10
13.0499401093,80.2806472778,37923,37933,10
13.0504102707,80.2807235718,37933,37943,10
13.0507698059,80.2807693481,37943,37953,10
13.0513000488,80.2808609009,37953,37963,10
13.0521602631,80.2809906006,37963,37973,10
13.053030014,80.2811431885,37973,37984,11
13.0540599823,80.2813110352,37984,37994,10
13.0550003052,80.2814865112,37994,38004,10
13.0559797287,80.2816696167,38004,38014,10
13.0564804077,80.2817611694,38014,38024,10
13.056520462,80.2817687988,38024,38034,10
13.0565395355,80.2817764282,38034,38044,10
13.0569601059,80.281867981,38044,38054,10
13.0576295853,80.2820205688,38054,38064,10
13.0584001541,80.2821884155,38064,38074,10
13.0593004227,80.2823867798,38074,38084,10
13.0602798462,80.2825775146,38084,38094,10
13.061050415,80.2827224731,38094,38105,11
13.0615997314,80.2828369141,38105,38115,10
13.0621404648,80.2829666138,38115,38125,10
13.0628595352,80.2831268311,38125,38135,10
13.0631504059,80.2831802368,38135,38145,10
13.0633001328,80.283241272,38145,38155,10
13.0636196136,80.2833023071,38155,38165,10
13.0637197495,80.2833175659,38165,38175,10
13.0637998581,80.2833175659,38175,38185,10
13.0642595291,80.2834396362,38185,38195,10
13.0649795532,80.2835998535,38195,38205,10
13.0658502579,80.2837905884,38205,38216,11
13.0670099258,80.2840423584,38216,38226,10
13.0679197311,80.2842102051,38226,38236,10
13.0688199997,80.2844161987,38236,38246,10
13.0698604584,80.2846984863,38246,38256,10
13.0711202621,80.2850036621,38256,38266,10
13.0723800659,80.2852935791,38266,38276,10
13.0734901428,80.2853164673,38276,38286,10
13.0739603043,80.2855072021,38286,38296,10
13.0740003586,80.2855834961,38296,38306,10
13.0742702484,80.2859420776,38306,38316,10
13.0747003555,80.2862625122,38316,38327,11
13.0751199722,80.2865219116,38327,38337,10
13.0757598877,80.2869033813,38337,38347,10
13.0766601563,80.2871704102,38347,38357,10
13.0777797699,80.2874603271,38357,38367,10
13.0788402557,80.2877502441,38367,38377,10
13.0796403885,80.2880401611,38377,38387,10
13.080450058,80.2881698608,38387,38397,10
13.0806503296,80.288230896,38397,38407,10
13.0808200836,80.2882995605,38407,38417,10
13.0814199448,80.2885131836,38417,38427,10
13.0822296143,80.2887802124,38427,38438,11
13.0824403763,80.2888717651,38438,38448,10
13.0827102661,80.2890319824,38448,38458,10
13.0834102631,80.2891921997,38458,38468,10
13.0843000412,80.2891464233,38468,38478,10
13.0853004456,80.2891464233,38478,38488,10
13.0864896774,80.2894363403,38488,38498,10
13.0876502991,80.2898406982,38498,38508,10
13.0883798599,80.2901306152,38508,38518,10
13.0885801315,80.2901306152,38518,38528,10
13.0888004303,80.2901916504,38528,38609,81
13.0888004303,80.2901916504,38609,38619,10
13.0886201859,80.2904205322,38619,38629,10
13.0883598328,80.2902679443,38629,38639,10
13.0876302719,80.2899703979,38639,38649,10
13.0866603851,80.289680481,38649,38659,10
13.0858297348,80.2894897461,38659,38669,10
13.0855398178,80.2890472412,38669,38680,11
13.085149765,80.2880783081,38680,38690,10
13.0851697922,80.2870483398,38690,38700,10
13.0852499008,80.2861328125,38700,38710,10
13.0853395462,80.2853088379,38710,38720,10
13.0853700638,80.2845230103,38720,38730,10
13.0852804184,80.2841186523,38730,38740,10
13.0854301453,80.2837524414,38740,38750,10
13.0855197906,80.2835464478,38750,38760,10
13.0857601166,80.2835388184,38760,38770,10
13.0861101151,80.283531189,38770,38781,11
13.0864400864,80.2836990356,38781,38791,10
13.0867204666,80.2838973999,38791,38801,10
13.087100029,80.2839126587,38801,39073,272
13.0869398117,80.2838363647,39073,39457,384
13.0869398117,80.2838363647,39457,39467,10
13.0874996185,80.2838821411,39467,39477,10
13.0877599716,80.2838973999,39477,39527,50
13.0881204605,80.2838363647,39527,39568,41
13.0881204605,80.2838363647,39568,39578,10
13.0882997513,80.2833786011,39578,39588,10
13.0883102417,80.2830123901,39588,39598,10
13.0882997513,80.2826004028,39598,39608,10
13.0882997513,80.2823410034,39608,39618,10
13.088259697,80.2821121216,39618,39628,10
13.0881795883,80.2818069458,39628,39638,10
13.0880699158,80.2814865112,39638,39648,10
13.0882101059,80.2814407349,39648,39658,10
13.08852005,80.2815628052,39658,39668,10
13.0884895325,80.2819213867,39668,39678,10
13.0883903503,80.2824630737,39678,39689,11
13.0883197784,80.2830276489,39689,39699,10
13.0883197784,80.2830810547,39699,39709,10
13.0883398056,80.2834701538,39709,39719,10
13.0883703232,80.2841567993,39719,39729,10
13.0884103775,80.2849273682,39729,39739,10
13.0884504318,80.2854919434,39739,39749,10
13.0884599686,80.2856521606,39749,39759,10
13.0884799957,80.2860031128,39759,39769,10
13.0885000229,80.2863235474,39769,39779,10
13.08852005,80.286567688,39779,39789,10
13.0885400772,80.2869186401,39789,39800,11
13.088549614,80.2871627808,39800,39810,10
13.0885601044,80.2873382568,39810,39820,10
13.0885801315,80.2875595093,39820,39830,10
13.0886096954,80.2879867554,39830,39840,10
13.088640213,80.2883682251,39840,39850,10
13.0886602402,80.2885665894,39850,39860,10
13.0886802673,80.2888031006,39860,39870,10
13.088760376,80.2893295288,39870,39880,10
13.0887699127,80.2894592285,39880,39890,10
13.088760376,80.2897033691,39890,39900,10
13.0887804031,80.2902679443,39900,39951,51
13.0887804031,80.2902679443,39951,39961,10
13.0887002945,80.2904510498,39961,39971,10
13.0884799957,80.2903900146,39971,39981,10
13.0880098343,80.2901535034,39981,39991,10
13.0873098373,80.2898025513,39991,40001,10
13.0864896774,80.2895202637,40001,40011,10
13.0854997635,80.2892837524,40011,40022,11
13.0845403671,80.2892227173,40022,40032,10
13.0837097168,80.2892303467,40032,40042,10
13.0829496384,80.2891998291,40042,40052,10
13.0823001862,80.2889633179,40052,40062,10
13.0822296143,80.2889328003,40062,40072,10
13.0819997787,80.2888412476,40072,40088,16
13.0808897018,80.2884597778,40088,40100,12
13.080160141,80.2882385254,40100,40110,10
13.0799598694,80.2882080078,40110,40120,10
13.0798902512,80.288192749,40120,40130,10
13.0794200897,80.2881011963,40130,40139,9
13.0787401199,80.2877883911,40139,40151,12
13.0774402618,80.2874221802,40151,40160,9
13.0762500763,80.2871170044,40160,40171,11
13.0749597549,80.2865600586,40171,40181,10
13.073800087,80.2861022949,40181,40201,20
13.073800087,80.2861022949,40201,40211,10
13.0735197067,80.2860336304,40211,40221,10
13.0728998184,80.2857284546,40221,40231,10
13.0720996857,80.2853622437,40231,40241,10
13.0711297989,80.2851028442,40241,40252,11
13.0699901581,80.2848205566,40252,40262,10
13.0690402985,80.2845993042,40262,40272,10
13.0680398941,80.284362793,40272,40291,19
13.0680398941,80.284362793,40291,40302,11
13.0679597855,80.2843399048,40302,40312,10
13.0674600601,80.2842788696,40312,40322,10
13.0667104721,80.2841186523,40322,40332,10
13.0658798218,80.2839279175,40332,40342,10
13.065079689,80.2837524414,40342,40352,10
13.064499855,80.2836074829,40352,40363,11
13.0640201569,80.283493042,40363,40373,10
13.0634002686,80.2833328247,40373,40383,10
13.0624599457,80.2830886841,40383,40413,30
13.0624599457,80.2830886841,40413,40423,10
13.0624103546,80.2830734253,40423,40433,10
13.0620203018,80.2829666138,40433,40443,10
13.0613803864,80.2828216553,40443,40453,10
13.0606603622,80.2826385498,40453,40463,10
13.0598897934,80.2825088501,40463,40474,11
13.0589103699,80.2823181152,40474,40484,10
13.0581598282,80.2821807861,40484,40494,10
13.0577602386,80.2820968628,40494,40504,10
13.0573101044,80.2820129395,40504,40514,10
13.0567502975,80.2818908691,40514,40524,10
13.0566596985,80.2818832397,40524,40534,10
13.0565795898,80.2818832397,40534,40544,10
13.0561800003,80.2817993164,40544,40554,10
13.0555200577,80.2816619873,40554,40564,10
13.0547599792,80.28150177,40564,40574,10
13.0539102554,80.2813186646,40574,40585,11
13.0529298782,80.2811813354,40585,40595,10
13.0520601273,80.2810516357,40595,40605,10
13.0512199402,80.280921936,40605,40615,10
13.0504903793,80.2808380127,40615,40625,10
13.0502796173,80.2808074951,40625,40635,10
13.0502099991,80.2807998657,40635,40645,10
13.0497598648,80.2807388306,40645,40655,10
13.0490198135,80.2806091309,40655,40665,10
13.0482997894,80.2805023193,40665,40675,10
13.0470399857,80.2803192139,40675,40685,10
13.0461597443,80.2802200317,40685,40695,10
13.0456800461,80.2801589966,40695,40706,11
13.0456695557,80.2801589966,40706,40716,10
13.0454702377,80.2801437378,40716,40726,10
13.0449304581,80.2800598145,40726,40736,10
13.0442304611,80.2799606323,40736,40746,10
13.0437402725,80.2798919678,40746,40756,10
13.0436897278,80.279876709,40756,40766,10
13.0433998108,80.279838562,40766,40776,10
13.0427703857,80.2796707153,40776,40786,10
13.0418100357,80.2794876099,40786,40796,10
13.0408296585,80.2793121338,40796,40806,10
13.0399398804,80.2790908813,40806,40817,11
13.0389795303,80.2788162231,40817,40857,40
13.0389795303,80.2788162231,40857,40867,10
13.0386199951,80.2786865234,40867,40883,16
13.0376501083,80.2783584595,40883,40895,12
13.0372400284,80.2782516479,40895,40905,10
13.0368299484,80.2781066895,40905,40915,10
13.0362300873,80.2778778076,40915,40925,10
13.03565979,80.2777481079,40925,40936,11
13.035030365,80.2776184082,40936,40945,9
13.0344600677,80.2775497437,40945,40956,11
13.0337400436,80.277381897,40956,40967,11
13.0330200195,80.2774810791,40967,40977,10
13.0322904587,80.2775192261,40977,40987,10
13.0315198898,80.2775421143,40987,40997,10
13.0311002731,80.2773132324,40997,41007,10
13.0310697556,80.2773208618,41007,41017,10
13.0309400558,80.2772827148,41017,41026,9
13.0305099487,80.2770309448,41026,41037,11
13.0298299789,80.2767791748,41037,41047,10
13.0291996002,80.2766036987,41047,41058,11
13.0284500122,80.2762985229,41058,41067,9
13.0277500153,80.2760391235,41067,41078,11
13.0268697739,80.275680542,41078,41088,10
13.0259504318,80.2752380371,41088,41108,20
13.0259504318,80.2752380371,41108,41116,8
13.0258798599,80.2751998901,41116,41128,12
13.0252599716,80.2749176025,41128,41138,10
13.0244998932,80.2745513916,41138,41148,10
13.0240602493,80.2741012573,41148,41189,41
13.0240602493,80.2741012573,41189,41199,10
13.0238103867,80.2737426758,41199,41209,10
13.0233697891,80.2731170654,41209,41219,10
13.0228004456,80.2723464966,41219,41229,10
13.0221700668,80.2715377808,41229,41239,10
13.0215597153,80.2707595825,41239,41249,10
13.0210103989,80.2701034546,41249,41259,10
13.0207996368,80.2698364258,41259,41270,11
13.0207395554,80.2696685791,41270,41280,10
13.0198097229,80.2686004639,41280,41290,10
13.0198097229,80.2686004639,41290,41300,10
13.0191898346,80.2678604126,41300,41310,10
13.0186901093,80.2670822144,41310,41320,10
13.0186004639,80.266242981,41320,41330,10
13.0186595917,80.2657165527,41330,41340,10
13.0188598633,80.2649917603,41340,41350,10
13.0190401077,80.2641677856,41350,41361,11
13.018989563,80.2634963989,41361,41371,10
13.0189399719,80.2631072998,41371,41381,10
13.018910408,80.2629394531,41381,41392,11
13.0188999176,80.2625732422,41392,41402,10
13.0188102722,80.2618637085,41402,41412,10
13.0186796188,80.2613220215,41412,41422,10
13.018239975,80.2610321045,41422,41432,10
13.0176897049,80.2606506348,41432,41442,10
13.0170001984,80.2602005005,41442,41452,10
13.0161304474,80.2597198486,41452,41472,20
13.0161304474,80.2597198486,41472,41482,10
13.0158996582,80.2595977783,41482,41492,10
13.0151700974,80.2593765259,41492,41503,11
13.0140600204,80.2593002319,41503,41513,10
13.0129899979,80.259262085,41513,41523,10
13.0118999481,80.2592163086,41523,41533,10
13.0108604431,80.2592086792,41533,41543,10
13.0098600388,80.2592391968,41543,41553,10
13.0092096329,80.2592315674,41553,41563,10
13.0087795258,80.2592086792,41563,41573,10
13.0083599091,80.2591781616,41573,41583,10
13.0078296661,80.2593078613,41583,41593,10
13.007349968,80.259727478,41593,41603,10
13.007229805,80.2603912354,41603,41624,21
13.007229805,80.2603912354,41624,41634,10
13.0072698593,80.2607727051,41634,41644,10
13.0073900223,80.2612075806,41644,41654,10
13.0075702667,80.2619094849,41654,41664,10
13.0077295303,80.2626495361,41664,41674,10
13.0078601837,80.2630691528,41674,41684,10
13.0079698563,80.2636413574,41684,41694,10
13.0080604553,80.2641983032,41694,41704,10
13.0080099106,80.2649993896,41704,41714,10
13.0078496933,80.2657623291,41714,41725,11
13.0076799393,80.2664794922,41725,41735,10
13.0074996948,80.2671966553,41735,41745,10
13.0073795319,80.2679519653,41745,41755,10
13.0072202682,80.268699646,41755,41765,10
13.0070800781,80.2695617676,41765,41775,10
13.0067100525,80.2703018188,41775,41785,10
13.0059204102,80.2702407837,41785,41795,10
13.0050601959,80.2697525024,41795,41805,10
13.0042896271,80.269317627,41805,41815,10
13.0036697388,80.2689590454,41815,41825,10
13.0032100677,80.2687606812,41825,41846,21
13.0032100677,80.2687606812,41846,41856,10
13.0029096603,80.2684783936,41856,41866,10
13.0022602081,80.2680664063,41866,41876,10
13.0016498566,80.2676696777,41876,41886,10
13.0011701584,80.2673873901,41886,41896,10
13.0009803772,80.2673034668,41896,41906,10
13.0009298325,80.2672195435,41906,41916,10
13.0005998611,80.2670516968,41916,41926,10
13.0000495911,80.2669372559,41926,41936,10
12.9993400574,80.2670822144,41936,41946,10
12.9986600876,80.267250061,41946,41957,11
12.9981298447,80.2674179077,41957,41967,10
12.9976196289,80.2675628662,41967,41977,10
12.9970598221,80.2677230835,41977,41987,10
12.9963598251,80.2677536011,41987,41997,10
12.9958200455,80.2677230835,41997,42007,10
12.9956998825,80.2674713135,42007,42017,10
12.9956998825,80.2673187256,42017,42027,10
12.9957199097,80.2671279907,42027,42037,10
12.9958200455,80.2664871216,42037,42047,10
12.9959096909,80.2655792236,42047,42057,10
12.9960098267,80.2647399902,42057,42068,11
12.9961204529,80.2638473511,42068,42078,10
12.9961700439,80.2631607056,42078,42088,10
12.9962100983,80.2628326416,42088,42098,10
12.9962501526,80.2626266479,42098,42108,10
12.9962902069,80.2624816895,42108,42118,10
12.9963302612,80.2620697021,42118,42128,10
12.9963598251,80.2616729736,42128,42138,10
12.996430397,80.2609634399,42138,42148,10
12.9965200424,80.260307312,42148,42158,10
12.9965801239,80.2597198486,42158,42168,10
12.9966402054,80.2591400146,42168,42179,11
12.9967002869,80.2585372925,42179,42189,10
12.9967403412,80.2580871582,42189,42199,10
12.9967899323,80.2576370239,42199,42209,10
12.9968004227,80.257270813,42209,42219,10
12.9968395233,80.2568817139,42219,42229,10
12.9968500137,80.2565383911,42229,42269,40
12.9968500137,80.2565383911,42269,42279,10
12.9968595505,80.2563171387,42279,42290,11
12.9968795776,80.2558135986,42290,42300,10
12.9968500137,80.2551574707,42300,42310,10
12.9967403412,80.2546234131,42310,42320,10
12.9962100983,80.2540435791,42320,42330,10
12.9956502914,80.2535629272,42330,42340,10
12.9951696396,80.2529830933,42340,42350,10
12.9949398041,80.2524871826,42350,42360,10
12.9948301315,80.2524490356,42360,42370,10
12.994600296,80.2525100708,42370,42380,10
12.9944601059,80.2525634766,42380,42390,10
12.99421978,80.2526168823,42390,42400,10
12.9938697815,80.2527389526,42400,42411,11
12.9934101105,80.2528533936,42411,42421,10
12.9929800034,80.2529067993,42421,42431,10
12.9924201965,80.2530136108,42431,42441,10
12.9916601181,80.253326416,42441,42451,10
12.9911003113,80.2540206909,42451,42461,10
12.990819931,80.2548217773,42461,42471,10
12.9907999039,80.2556228638,42471,42481,10
12.9907102585,80.2560119629,42481,42491,10
12.9903497696,80.2560424805,42491,42501,10
12.9896402359,80.2560577393,42501,42511,10
12.9888801575,80.2560424805,42511,42522,11
12.9885196686,80.2559814453,42522,42532,10
12.9883804321,80.2559432983,42532,42542,10
12.9878902435,80.2558670044,42542,42552,10
12.9876203537,80.2560806274,42552,42562,10
12.9875497818,80.2567596436,42562,42572,10
12.9875001907,80.2575073242,42572,42582,10
12.987449646,80.2584609985,42582,42592,10
12.9873504639,80.2591781616,42592,42602,10
12.9871797562,80.2596511841,42602,42629,27
12.9871797562,80.2596511841,42629,42641,12
12.9869804382,80.2597885132,42641,42651,10
12.9868202209,80.2597122192,42651,42661,10
12.9865198135,80.2595901489,42661,42671,10
12.9865999222,80.2592010498,42671,42681,10
12.9869298935,80.2591781616,42681,42793,112
12.9869298935,80.2591781616,42793,42803,10
12.9873600006,80.2590637207,42803,42813,10
12.9873895645,80.2588806152,42813,42823,10
12.9874200821,80.2585372925,42823,42833,10
12.9874601364,80.2583236694,42833,42843,10
12.9874696732,80.2580718994,42843,42853,10
12.9875001907,80.2575683594,42853,42864,11
12.9875602722,80.2568893433,42864,42874,10
12.9876003265,80.2565536499,42874,42894,20
12.9876003265,80.2565536499,42894,42904,10
12.9876298904,80.2565002441,42904,42914,10
12.9876203537,80.2562103271,42914,42924,10
12.9877099991,80.2557983398,42924,42934,10
12.9880800247,80.2557983398,42934,42944,10
12.9881801605,80.2558288574,42944,42954,10
12.9882802963,80.2558822632,42954,42964,10
12.9884901047,80.255897522,42964,42975,11
12.9888095856,80.2559432983,42975,42985,10
12.988820076,80.2559432983,42985,42995,10
12.9890403748,80.2559661865,42995,43005,10
12.9895601273,80.2560119629,43005,43015,10
12.9902496338,80.2560195923,43015,43025,10
12.9907197952,80.2557983398,43025,43035,10
12.9907798767,80.2550964355,43035,43045,10
12.9909095764,80.2543411255,43045,43055,10
12.9911603928,80.2536468506,43055,43065,10
12.9915895462,80.2532424927,43065,43075,10
12.9920396805,80.253036499,43075,43086,11
12.9925699234,80.2529678345,43086,43096,10
12.9931001663,80.2529296875,43096,43106,10
12.9935998917,80.2527999878,43106,43116,10
12.9941797256,80.2526397705,43116,43126,10
12.9947500229,80.2525024414,43126,43135,9
12.9950399399,80.2526931763,43135,43145,10
12.9953098297,80.2531814575,43145,43156,11
12.9957895279,80.253616333,43156,43166,10
12.9963197708,80.2541503906,43166,43176,10
12.9966697693,80.2546234131,43176,43186,10
12.9968595505,80.2554626465,43186,43207,21
12.9968595505,80.2554626465,43207,43217,10
12.9969396591,80.2558364868,43217,43227,10
12.996919632,80.2561721802,43227,43237,10
12.9968900681,80.256401062,43237,43247,10
12.9968204498,80.2568435669,43247,43257,10
12.9967699051,80.2574386597,43257,43267,10
12.9966897964,80.2581863403,43267,43277,10
12.9966201782,80.2588577271,43277,43287,10
12.9965400696,80.2594909668,43287,43297,10
12.9965295792,80.2598495483,43297,43307,10
12.9964799881,80.2604522705,43307,43318,11
12.9963798523,80.2612915039,43318,43328,10
12.996339798,80.2619018555,43328,43338,10
12.9962997437,80.262260437,43338,43348,10
12.9962396622,80.2624664307,43348,43358,10
12.9961996078,80.2624969482,43358,43368,10
12.9961700439,80.2625579834,43368,43378,10
12.9961500168,80.2629623413,43378,43388,10
12.9960899353,80.2636489868,43388,43398,10
12.9960203171,80.2644805908,43398,43408,10
12.995880127,80.265296936,43408,43418,10
12.9957895279,80.2663803101,43418,43429,11
12.9956998825,80.2674484253,43429,43439,10
12.9962797165,80.267791748,43439,43459,20
12.9962797165,80.267791748,43459,43469,10
12.996509552,80.2678222656,43469,43479,10
12.996720314,80.2678222656,43479,43489,10
12.9972496033,80.2676925659,43489,43499,10
12.9976701736,80.2675704956,43499,43509,10
12.9982004166,80.2673797607,43509,43519,10
12.9988498688,80.2671890259,43519,43529,10
12.9996204376,80.266960144,43529,43540,11
13.0003499985,80.2668991089,43540,43550,10
13.0010004044,80.2672805786,43550,43570,20
13.0010004044,80.2672805786,43570,43580,10
13.0012798309,80.2674636841,43580,43590,10
13.0018196106,80.2677764893,43590,43600,10
13.0025501251,80.2682418823,43600,43610,10
13.0031604767,80.2686004639,43610,43620,10
13.0034399033,80.2687606812,43620,43630,10
13.0036096573,80.2688827515,43630,43640,10
13.0041303635,80.269203186,43640,43651,11
13.0049295425,80.2697067261,43651,43661,10
13.0057296753,80.2702026367,43661,43671,10
13.006480217,80.270401001,43671,43681,10
13.0069303513,80.2697525024,43681,43691,10
13.0070896149,80.2688674927,43691,43701,10
13.0072803497,80.2679977417,43701,43711,10
13.0075397491,80.2669906616,43711,43721,10
13.0077104568,80.2663879395,43721,43731,10
13.0078401566,80.2658004761,43731,43741,10
13.008020401,80.2649765015,43741,43751,10
13.008099556,80.264213562,43751,43768,17
13.007900238,80.2630310059,43768,43780,12
13.0077695847,80.2624969482,43780,43790,10
13.0075798035,80.2618484497,43790,43798,8
13.0074701309,80.2614135742,43798,43809,11
13.0074300766,80.2612686157,43809,43821,12
13.0073003769,80.2607192993,43821,43831,10
13.0072603226,80.2601470947,43831,43841,10
13.007399559,80.2592773438,43841,43851,10
13.0074596405,80.2587509155,43851,43861,10
13.0076704025,80.2586517334,43861,43871,10
13.008020401,80.2588119507,43871,43882,11
13.0085496902,80.2589797974,43882,43892,10
13.0085601807,80.2589874268,43892,43902,10
13.0088396072,80.2590866089,43902,43912,10
13.0095396042,80.2591018677,43912,43922,10
13.0105695724,80.2591018677,43922,43932,10
13.0116500854,80.2590789795,43932,43942,10
13.0127496719,80.2591171265,43942,43952,10
13.0138998032,80.2591629028,43952,43962,10
13.0150003433,80.2592086792,43962,43972,10
13.0158395767,80.2593612671,43972,43982,10
13.0163402557,80.2596206665,43982,43993,11
13.0164499283,80.2597198486,43993,44003,10
13.0164699554,80.2597579956,44003,44013,10
13.0167598724,80.259979248,44013,44023,10
13.0173301697,80.2603530884,44023,44033,10
13.0179796219,80.2608032227,44033,44043,10
13.0186195374,80.2612380981,44043,44053,10
13.0191497803,80.2616882324,44053,44063,10
13.0195598602,80.2620773315,44063,44073,10
13.0200595856,80.2625427246,44073,44083,10
13.0201101303,80.2629470825,44083,44093,10
13.019610405,80.2629470825,44093,44103,10
13.0190496445,80.2629699707,44103,44114,11
13.0190200806,80.2634735107,44114,44124,10
13.019080162,80.2639770508,44124,44134,10
13.0190696716,80.2640762329,44134,44144,10
13.0190000534,80.2645111084,44144,44154,10
13.0187797546,80.265083313,44154,44163,9
13.0186796188,80.2655792236,44163,44174,11
13.0186395645,80.266418457,44174,44184,10
13.0189399719,80.2674026489,44184,44194,10
13.0193996429,80.2680206299,44194,44204,10
13.0197200775,80.2684173584,44204,44214,10
13.0201501846,80.268989563,44214,44225,11
13.0204801559,80.2693862915,44225,44235,10
13.0206899643,80.2696380615,44235,44245,10
13.0210399628,80.2700500488,44245,44255,10
13.0214099884,80.2704467773,44255,44265,10
13.0214300156,80.2704696655,44265,44275,10
13.0216798782,80.2707901001,44275,44285,10
13.022190094,80.271446228,44285,44295,10
13.0228204727,80.272277832,44295,44305,10
13.0233802795,80.2730636597,44305,44315,10
13.0237598419,80.2735595703,44315,44325,10
13.0241003036,80.274017334,44325,44336,11
13.024479866,80.2744827271,44336,44346,10
13.0250597,80.2747879028,44346,44356,10
13.0253601074,80.2749099731,44356,44366,10
13.0254898071,80.2749710083,44366,44376,10
13.0258598328,80.275138855,44376,44386,10
13.0263700485,80.2753829956,44386,44396,10
13.0269498825,80.275642395,44396,44406,10
13.0275096893,80.2759017944,44406,44416,10
13.0280199051,80.2761230469,44416,44426,10
13.0283403397,80.276260376,44426,44446,20
13.0283403397,80.276260376,44446,44457,11
13.0286798477,80.2763900757,44457,44467,10
13.0290203094,80.2765274048,44467,44487,20
13.0290203094,80.2765274048,44487,44497,10
13.0292901993,80.2766113281,44497,44507,10
13.0295200348,80.2766571045,44507,44517,10
13.0296697617,80.2767028809,44517,44527,10
13.0299196243,80.2767562866,44527,44547,20
13.0299196243,80.2767562866,44547,44557,10
13.0302696228,80.2769088745,44557,44608,51
13.0302696228,80.2769088745,44608,44618,10
13.0305900574,80.2770767212,44618,44648,30
13.0309495926,80.2773208618,44648,44679,31
13.0309495926,80.2773208618,44679,44689,10
13.0312004089,80.2774276733,44689,44699,10
13.0314102173,80.2775421143,44699,44709,10
13.0316200256,80.2775802612,44709,44729,20
13.0316200256,80.2775802612,44729,44739,10
13.031999588,80.277557373,44739,44749,10
13.0323696136,80.2775192261,44749,44759,10
13.0326595306,80.2774810791,44759,44769,10
13.0328998566,80.2774581909,44769,44779,10
13.0330696106,80.2774505615,44779,44791,12
13.0331697464,80.2774429321,44791,44801,10
13.0335597992,80.2773513794,44801,44811,10
13.0340595245,80.2774581909,44811,44821,10
13.0347204208,80.2776184082,44821,44830,9
13.0354003906,80.2777328491,44830,44841,11
13.0362701416,80.2779006958,44841,44851,10
13.0370197296,80.2781677246,44851,44862,11
13.0376796722,80.2783584595,44862,44872,10
13.0384998322,80.2785797119,44872,44882,10
13.0388402939,80.2786636353,44882,44892,10
13.0389499664,80.2787094116,44892,44903,11
13.0392999649,80.2788391113,44903,44913,10
13.0400695801,80.2790908813,44913,44923,10
13.0411396027,80.2793426514,44923,44933,10
13.0423402786,80.2795410156,44933,44943,10
13.0433797836,80.2796707153,44943,44953,10
13.0441799164,80.279876709,44953,44963,10
13.0450296402,80.2799987793,44963,44973,10
13.0456800461,80.280090332,44973,44983,10
13.0457601547,80.2800979614,44983,44994,11
13.0461797714,80.2801589966,44994,45005,11
13.0470199585,80.2802810669,45005,45015,10
13.047949791,80.2804031372,45015,45027,12
13.049030304,80.2805633545,45027,45037,10
13.0493402481,80.2806015015,45037,45046,9
13.0495595932,80.2806396484,45046,45057,11
13.0502595901,80.2807617188,45057,45067,10
13.0511102676,80.2808914185,45067,45077,10
13.0521001816,80.281036377,45077,45087,10
13.0530996323,80.2811889648,45087,45097,10
13.0541200638,80.2813491821,45097,45106,9
13.0550003052,80.2815170288,45106,45117,11
13.055850029,80.2816772461,45117,45128,11
13.0564498901,80.2817993164,45128,45148,20
13.0564498901,80.2817993164,45148,45158,10
13.0567598343,80.281867981,45158,45168,10
13.0573396683,80.2819824219,45168,45198,30
13.0573396683,80.2819824219,45198,45208,10
13.0577096939,80.2820663452,45208,45218,10
13.0584697723,80.2822494507,45218,45228,10
13.0594797134,80.2824478149,45228,45238,10
13.0605602264,80.282661438,45238,45249,11
13.0616798401,80.2828903198,45249,45259,10
13.0631198883,80.2831802368,45259,45279,20
13.0632896423,80.2832183838,45279,45299,20
13.0632896423,80.2832183838,45299,45309,10
13.0636196136,80.2833404541,45309,45319,10
13.0641202927,80.2834625244,45319,45329,10
13.0648403168,80.2836303711,45329,45339,10
13.0657300949,80.283821106,45339,45349,10
13.066740036,80.2840194702,45349,45360,11
13.0678195953,80.2842178345,45360,45370,10
13.0688199997,80.2844314575,45370,45380,10
13.0698604584,80.2846908569,45380,45390,10
13.0708799362,80.284942627,45390,45400,10
13.0718698502,80.2851867676,45400,45410,10
13.0728302002,80.2852783203,45410,45420,10
13.0736598969,80.2853622437,45420,45430,10
13.0738697052,80.2854919434,45430,45440,10
13.0739498138,80.2855834961,45440,45450,10
13.0742197037,80.2859420776,45450,45460,10
13.074669838,80.2862701416,45460,45471,11
13.0747995377,80.2863464355,45471,45481,10
13.0752401352,80.2866287231,45481,45491,10
13.0759801865,80.2869873047,45491,45501,10
13.0770196915,80.2872695923,45501,45511,10
13.0781002045,80.2875595093,45511,45521,10
13.0790395737,80.2878570557,45521,45531,10
13.0797395706,80.2880706787,45531,45541,10
13.0798797607,80.2880935669,45541,45551,10
13.0803003311,80.2881698608,45551,45561,10
13.0807800293,80.2882995605,45561,45571,10
13.0808696747,80.2883377075,45571,45582,11
13.0813398361,80.2885131836,45582,45592,10
13.0820398331,80.2887496948,45592,45602,10
13.0827598572,80.2890777588,45602,45612,10
13.0835695267,80.2891998291,45612,45622,10
13.0844297409,80.2891693115,45622,45632,10
13.0853796005,80.2892227173,45632,45642,10
13.0864696503,80.2894821167,45642,45652,10
13.0874300003,80.2898025513,45652,45661,9
13.0881204605,80.2901000977,45661,45672,11
13.0886898041,80.2901382446,45672,45763,91
13.0886898041,80.2901382446,45763,45773,10
13.0887002945,80.2904281616,45773,45782,9
13.0883197784,80.2902679443,45782,45793,11
13.0877103806,80.2900009155,45793,45803,10
13.0870504379,80.2897872925,45803,45814,11
13.0864896774,80.2896270752,45814,45824,10
13.085940361,80.2894973755,45824,45834,10
13.0856399536,80.2892379761,45834,45842,8
13.0852804184,80.2885971069,45842,45853,11
13.0851202011,80.2877197266,45853,45865,12
13.0851802826,80.2866668701,45865,45875,10
13.0852403641,80.2859573364,45875,45884,9
13.0853300095,80.2849578857,45884,45895,11
13.0851898193,80.2842102051,45895,45905,10
13.0853300095,80.2839202881,45905,45915,10
13.0854797363,80.2835388184,45915,45926,11
13.0859298706,80.2835235596,45926,45936,10
13.0862798691,80.2835769653,45936,45946,10
13.086640358,80.2837524414,45946,45955,9
13.0870304108,80.2837295532,45955,45966,11
13.0874595642,80.2836990356,45966,45976,10
13.0879001617,80.2836380005,45976,46057,81
13.0879001617,80.2836380005,46057,46067,10
13.0881500244,80.2837371826,46067,46077,10
13.0882902145,80.2836685181,46077,46087,10
13.0883998871,80.2835998535,46087,46097,10
13.0883998871,80.283416748,46097,46107,10
13.0883798599,80.283203125,46107,46117,10
13.0883398056,80.2827606201,46117,46127,10
13.0882997513,80.282371521,46127,46137,10
13.0882396698,80.2819595337,46137,46148,11
13.0880203247,80.2815170288,46148,46158,10
13.0875997543,80.2814025879,46158,46168,10
13.0872001648,80.2812805176,46168,46208,40
13.0872001648,80.2812805176,46208,46218,10
13.0867900848,80.2811584473,46218,46228,10
13.0863599777,80.2810287476,46228,46238,10
13.0859603882,80.2809295654,46238,46248,10
13.085940361,80.280921936,46248,46258,10
13.0858201981,80.2808837891,46258,46277,19
13.0855703354,80.2800369263,46277,46289,12
13.0852203369,80.2795028687,46289,46299,10
13.0846996307,80.2793197632,46299,46309,10
13.0841999054,80.2792434692,46309,46319,10
13.0835695267,80.2790908813,46319,46329,10
13.0829601288,80.2788314819,46329,46339,10
13.0823898315,80.2786331177,46339,46369,30
13.0823898315,80.2786331177,46369,46380,11
13.0820999146,80.2784423828,46380,46390,10
13.0819501877,80.2780532837,46390,46400,10
13.0818595886,80.2773284912,46400,46410,10
13.0817804337,80.2766265869,46410,46420,10
13.0816698074,80.2760772705,46420,46430,10
13.0816001892,80.2758789063,46430,46440,10
13.0815601349,80.2757873535,46440,46450,10
13.0815296173,80.2756118774,46450,46460,10
13.0815000534,80.275428772,46460,46470,10
13.0814304352,80.2752227783,46470,46480,10
13.0811004639,80.2752075195,46480,46491,11
13.080329895,80.2753067017,46491,46501,10
13.0796003342,80.2753372192,46501,46511,10
13.078909874,80.2751998901,46511,46521,10
13.0782899857,80.2755584717,46521,46531,10
13.0779495239,80.2761993408,46531,46541,10
13.0771398544,80.2762680054,46541,46551,10
13.0760803223,80.2763366699,46551,46571,20
13.0760803223,80.2763366699,46571,46581,10
13.0758895874,80.2761764526,46581,46591,10
13.075920105,80.2759933472,46591,46602,11
13.0759296417,80.2757034302,46602,46612,10
13.0759296417,80.2753601074,46612,46622,10
13.0759401321,80.2749710083,46622,46632,10
13.075969696,80.2749099731,46632,46642,10
13.0760498047,80.274772644,46642,46934,292
13.0760498047,80.274772644,46934,46945,11
13.0759401321,80.2749862671,46945,47187,242
13.0759401321,80.2749862671,47187,47197,10
13.0756797791,80.2751464844,47197,47429,232
13.0757598877,80.2752685547,47429,47620,191
13.0757703781,80.2749710083,47620,48791,1171
13.0757799149,80.2747192383,48791,49971,1180
13.0757799149,80.2747192383,49971,49981,10
13.0755701065,80.2748184204,49981,50112,131
13.0754699707,80.2749023438,50112,53068,2956
13.0753602982,80.274810791,53068,54773,1705
13.0753602982,80.274810791,54773,54783,10
13.0753803253,80.2745437622,54783,54803,20
13.0754995346,80.2748794556,54803,56025,1222
13.075510025,80.2747497559,56025,56176,151
13.075510025,80.2747497559,56176,56186,10
13.0758304596,80.2748794556,56186,56267,81
13.0758304596,80.2748794556,56267,56277,10
13.0759000778,80.2750930786,56277,56287,10
13.0759401321,80.2753829956,56287,56297,10
13.0758895874,80.275718689,56297,56479,182
13.0758895874,80.275718689,56479,56489,10
13.0758800507,80.2759170532,56489,56499,10
13.0759000778,80.2760696411,56499,56509,10
13.075920105,80.2761993408,56509,56519,10
13.076259613,80.2762374878,56519,56530,11
13.0768499374,80.2762069702,56530,56540,10
13.0773801804,80.2761688232,56540,56550,10
13.0781002045,80.2760009766,56550,56560,10
13.0784196854,80.2752609253,56560,56570,10
13.0791597366,80.275177002,56570,56580,10
13.0799102783,80.2752914429,56580,56590,10
13.0805397034,80.2752380371,56590,56600,10
13.0808601379,80.2751998901,56600,56610,10
13.081199646,80.2751617432,56610,56620,10
13.0815496445,80.275138855,56620,56630,10
13.0819597244,80.2756195068,56630,56661,31
13.0819997787,80.275718689,56661,56691,30
13.0819997787,80.275718689,56691,56701,10
13.0818099976,80.2759933472,56701,56711,10
13.0818099976,80.2763519287,56711,56721,10
13.0818500519,80.2769088745,56721,56731,10
13.0819196701,80.2776565552,56731,56741,10
13.0820798874,80.278213501,56741,56762,21
13.0820798874,80.278213501,56762,56772,10
13.0821399689,80.2783432007,56772,56782,10
13.0821304321,80.2788772583,56782,56792,10
13.0822200775,80.279800415,56792,56802,10
13.0822896957,80.2808609009,56802,56812,10
13.0823297501,80.2815628052,56812,56822,10
13.0823202133,80.281578064,56822,56832,10
13.082400322,80.281791687,56832,56842,10
13.0829200745,80.2820892334,56842,56852,10
13.0836000443,80.2825088501,56852,56862,10
13.0842199326,80.282913208,56862,56873,11
13.0846996307,80.2832870483,56873,56883,10
13.0850000381,80.2836380005,56883,56893,10
13.0853500366,80.2837677002,56893,56903,10
13.085559845,80.2835617065,56903,56913,10
13.0858402252,80.2835617065,56913,56923,10
13.0861797333,80.2835464478,56923,56933,10
13.0864400864,80.2836990356,56933,56943,10
13.0868597031,80.2837600708,56943,56983,40
13.0868597031,80.2837600708,56983,56994,11
13.0873699188,80.2837219238,56994,57074,80
13.0877304077,80.2836914063,57074,57306,232
13.0880498886,80.2838668823,57306,57690,384
13.088139534,80.283706665,57690,57760,70
13.088139534,80.283706665,57760,57770,10
13.0883398056,80.2832565308,57770,57780,10
13.0883398056,80.2828674316,57780,57791,11
13.0883197784,80.2825927734,57791,57801,10
13.0883197784,80.2824935913,57801,57811,10
13.0882797241,80.2822494507,57811,57821,10
13.0881996155,80.2819595337,57821,57831,10
13.0880203247,80.2815628052,57831,57841,10
13.0876502991,80.2813720703,57841,57851,10
13.0870103836,80.2811965942,57851,57861,10
13.0865001678,80.2810516357,57861,57871,10
13.0859003067,80.2808685303,57871,57881,10
13.0856895447,80.2805328369,57881,57891,10
13.0855998993,80.280090332,57891,57902,11
13.0855398178,80.2799072266,57902,57912,10
13.0852804184,80.2794723511,57912,57922,10
13.0846099854,80.2792434692,57922,57932,10
13.083990097,80.2791595459,57932,57942,10
13.0832395554,80.2789077759,57942,57952,10
13.082449913,80.2785720825,57952,57982,30
13.082449913,80.2785720825,57982,57992,10
13.082400322,80.2785491943,57992,58002,10
13.0820798874,80.2783966064,58002,58013,11
13.0819196701,80.2779998779,58013,58023,10
13.0818300247,80.2773590088,58023,58033,10
13.0817499161,80.2765884399,58033,58053,20
13.0817499161,80.2765884399,58053,58063,10
13.0817403793,80.2763824463,58063,58073,10
13.081580162,80.2757797241,58073,58083,10
13.0815200806,80.2756118774,58083,58093,10
13.081489563,80.2754211426,58093,58103,10
13.0814399719,80.2752685547,58103,58113,10
13.0813798904,80.2751617432,58113,58124,11
13.0809698105,80.2751998901,58124,58134,10
13.0804595947,80.2752609253,58134,58144,10
13.0798301697,80.2753295898,58144,58154,10
13.0790901184,80.2752304077,58154,58164,10
13.0783395767,80.2754211426,58164,58174,10
13.0779600143,80.2761917114,58174,58184,10
13.0771198273,80.276260376,58184,58194,10
13.0763597488,80.2763214111,58194,58204,10
13.0756397247,80.2763519287,58204,58214,10
13.075050354,80.2764129639,58214,58224,10
13.0750398636,80.2764129639,58224,58234,10
13.074669838,80.2764129639,58234,58245,11
13.0740995407,80.2764511108,58245,58265,20
13.0740995407,80.2764511108,58265,58275,10
13.0740098953,80.2764511108,58275,58285,10
13.0735397339,80.2764587402,58285,58295,10
13.0730695724,80.2759780884,58295,58305,10
13.0726003647,80.2754211426,58305,58315,10
13.0720901489,80.2748565674,58315,58356,41
13.0720901489,80.2748565674,58356,58366,10
13.0720701218,80.2748184204,58366,58376,10
13.0717601776,80.2745895386,58376,58386,10
13.0711898804,80.2744598389,58386,58396,10
13.070810318,80.2743225098,58396,58406,10
13.0707798004,80.2742996216,58406,58416,10
13.0706501007,80.2741394043,58416,58426,10
13.0704698563,80.273727417,58426,58436,10
13.0701999664,80.2733383179,58436,58446,10
13.0697898865,80.2728805542,58446,58456,10
13.0692796707,80.2723617554,58456,58487,31
13.0692796707,80.2723617554,58487,58497,10
13.0690202713,80.2721405029,58497,58507,10
13.0684404373,80.2719421387,58507,58517,10
13.0680999756,80.2715606689,58517,58527,10
13.0679702759,80.271270752,58527,58547,20
13.0679702759,80.271270752,58547,58557,10
13.0678596497,80.2709503174,58557,58567,10
13.0673303604,80.2704315186,58567,58578,11
13.0666399002,80.2697372437,58578,58588,10
13.0664701462,80.2690429688,58588,58598,10
13.0663204193,80.2683486938,58598,58608,10
13.0657196045,80.2677536011,58608,58638,30
13.0657196045,80.2677536011,58638,58648,10
13.0654602051,80.2676773071,58648,58658,10
13.0653400421,80.2676620483,58658,58668,10
13.0652704239,80.2676391602,58668,58678,10
13.0648603439,80.2675628662,58678,58689,11
13.0643501282,80.2674789429,58689,58699,10
13.0640201569,80.2674179077,58699,58709,10
13.0637903214,80.2673721313,58709,58719,10
13.0634498596,80.2673110962,58719,58729,10
13.0631103516,80.2672576904,58729,58738,9
13.0628299713,80.2671890259,58738,58749,11
13.0625696182,80.2669830322,58749,58759,10
13.0623598099,80.2667236328,58759,58769,10
13.062040329,80.2663192749,58769,58779,10
13.0617303848,80.2659225464,58779,58789,10
13.0613098145,80.2654190063,58789,58799,10
13.0609397888,80.2651824951,58799,58810,11
13.0604801178,80.2654266357,58810,58820,10
13.0604295731,80.2654724121,58820,58830,10
13.0601596832,80.2655792236,58830,58840,10
13.0595197678,80.2655792236,58840,58850,10
13.0589199066,80.2654724121,58850,58860,10
13.0584497452,80.2654266357,58860,58880,20
13.0584497452,80.2654266357,58880,58890,10
13.0581502914,80.2653198242,58890,58900,10
13.0575504303,80.2650604248,58900,58910,10
13.0569801331,80.2647399902,58910,58921,11
13.0564002991,80.2645797729,58921,58931,10
13.0556001663,80.264503479,58931,58941,10
13.0548000336,80.2643737793,58941,58951,10
13.0544395447,80.2643203735,58951,58967,16
13.054400444,80.264289856,58967,58979,12
13.0538902283,80.2641372681,58979,58989,10
13.053440094,80.2639389038,58989,58999,10
13.0529603958,80.2638778687,58999,59009,10
13.0523700714,80.2638168335,59009,59019,10
13.05189991,80.2639007568,59019,59029,10
13.0517702103,80.2639465332,59029,59040,11
13.0516004562,80.263999939,59040,59050,10
13.0510196686,80.2641296387,59050,59060,10
13.0502195358,80.2641296387,59060,59070,10
13.0495195389,80.2640686035,59070,59080,10
13.0490598679,80.2646102905,59080,59090,10
13.0488796234,80.2650985718,59090,59100,10
13.0488195419,80.2652206421,59100,59110,10
13.0486602783,80.2654266357,59110,59120,10
13.0483102798,80.2658004761,59120,59130,10
13.0479402542,80.2661209106,59130,59141,11
13.0477695465,80.2658996582,59141,59151,10
13.0478401184,80.2652435303,59151,59161,10
13.0479202271,80.2644805908,59161,59171,10
13.0479898453,80.2639694214,59171,59181,10
13.0479898453,80.2636184692,59181,59191,10
13.0480098724,80.2629089355,59191,59201,10
13.0481700897,80.2621002197,59201,59211,10
13.0481796265,80.26171875,59211,59221,10
13.0480604172,80.2615585327,59221,59231,10
13.0478096008,80.2613830566,59231,59241,10
13.0476799011,80.2612762451,59241,59251,10
13.0473299026,80.2610626221,59251,59262,11
13.0464801788,80.2604980469,59262,59292,30
13.0464801788,80.2604980469,59292,59302,10
13.0459604263,80.2601776123,59302,59473,171
13.0459604263,80.2601776123,59473,59484,11
13.0457201004,80.2600402832,59484,59564,80
13.0457201004,80.2600402832,59564,59574,10
13.0453395844,80.2598800659,59574,59584,10
13.0447597504,80.2597885132,59584,59595,11
13.0439796448,80.2596817017,59595,59605,10
13.0438404083,80.2596588135,59605,59615,10
13.0434398651,80.2595977783,59615,59625,10
13.043009758,80.2595214844,59625,59635,10
13.0429201126,80.2594985962,59635,59645,10
13.0424499512,80.2593612671,59645,59655,10
13.0417995453,80.2590026855,59655,59665,10
13.0412902832,80.2587280273,59665,59675,10
13.0411500931,80.2586364746,59675,59685,10
13.0406503677,80.2583312988,59685,59695,10
13.0399599075,80.2579727173,59695,59705,10
13.0391798019,80.2575073242,59705,59716,11
13.0383501053,80.2568893433,59716,59726,10
13.0377397537,80.2567977905,59726,59736,10
13.0369195938,80.2569503784,59736,59746,10
13.0361404419,80.256980896,59746,59756,10
13.0355796814,80.2570114136,59756,59766,10
13.0352802277,80.2570419312,59766,59776,10
13.035030365,80.2570800781,59776,59785,9
13.0349302292,80.2570724487,59785,59796,11
13.0348300934,80.256980896,59796,59805,9
13.0348596573,80.2567825317,59805,59816,11
13.0348396301,80.2564926147,59816,59827,11
13.0348796844,80.256187439,59827,59837,10
13.0349397659,80.2558288574,59837,59846,9
13.0349702835,80.2556381226,59846,59856,10
13.0350103378,80.255279541,59856,59867,11
13.0350198746,80.2551727295,59867,59877,10
13.0350503922,80.2548904419,59877,59887,10
13.0349397659,80.2545166016,59887,59897,10
13.0347003937,80.2542800903,59897,59907,10
13.0346603394,80.2542190552,59907,59917,10
13.034239769,80.2538833618,59917,59927,10
13.0337600708,80.2535095215,59927,59938,11
13.0334196091,80.2532272339,59938,59948,10
13.0330095291,80.2529373169,59948,59958,10
13.0329799652,80.2529296875,59958,59968,10
13.03262043,80.2526321411,59968,59978,10
13.0320396423,80.2521972656,59978,59988,10
13.0313997269,80.251739502,59988,59998,10
13.0308198929,80.2513198853,59998,60008,10
13.030500412,80.2510910034,60008,60018,10
13.029999733,80.2507095337,60018,60028,10
13.0294799805,80.2503204346,60028,60044,16
13.0291404724,80.2506103516,60044,60057,13
13.0290498734,80.2514266968,60057,60067,10
13.0290803909,80.2521514893,60067,60077,10
13.0291004181,80.2528610229,60077,60087,10
13.0291404724,80.2535476685,60087,60096,9
13.0291204453,80.254119873,60096,60107,11
13.0290899277,80.2544403076,60107,60117,10
13.0290498734,80.2550735474,60117,60127,10
13.0289201736,80.2561798096,60127,60157,30
13.0289201736,80.2561798096,60157,60168,11
13.0286397934,80.2564697266,60168,60178,10
13.0280799866,80.256401062,60178,60188,10
13.0276403427,80.2564468384,60188,60198,10
13.0276203156,80.2564620972,60198,60208,10
13.0274400711,80.2564620972,60208,60218,10
13.0271196365,80.2564620972,60218,60228,10
13.0270900726,80.2562637329,60228,60238,10
13.0270900726,80.2559814453,60238,60248,10
13.0270996094,80.2557601929,60248,60258,10
13.0270996094,80.2551879883,60258,60268,10
13.027130127,80.2545928955,60268,60279,11
13.0271501541,80.2540435791,60279,60289,10
13.027299881,80.253288269,60289,60299,10
13.0274295807,80.2526702881,60299,60309,10
13.0276298523,80.2519989014,60309,60319,10
13.0277900696,80.2515563965,60319,60329,10
13.0279798508,80.2512283325,60329,60339,10
13.0282297134,80.250793457,60339,60349,10
13.0284795761,80.2503662109,60349,60390,41
13.0284795761,80.2503662109,60390,60400,10
13.0286302567,80.2500610352,60400,60430,30
13.0286302567,80.2500610352,60430,60440,10
13.0286903381,80.249961853,60440,60450,10
13.0289802551,80.2491989136,60450,60470,20
13.0289802551,80.2491989136,60470,60480,10
13.0291004181,80.2488098145,60480,60490,10
13.0291996002,80.2481689453,60490,60501,11
13.0293102264,80.2474136353,60501,60511,10
13.029419899,80.2466583252,60511,60521,10
13.0294799805,80.2462081909,60521,60612,91
13.0295495987,80.2461013794,60612,60632,20
13.0295495987,80.2461013794,60632,60642,10
13.0295200348,80.2457427979,60642,60652,10
13.0289697647,80.2456970215,60652,60662,10
13.028169632,80.2456512451,60662,60672,10
13.0275602341,80.2453384399,60672,60682,10
13.0273895264,80.2446212769,60682,60692,10
13.02684021,80.2440490723,60692,60702,10
13.02602005,80.2437667847,60702,60712,10
13.0251502991,80.2434768677,60712,60722,10
13.0242996216,80.2431793213,60722,60733,11
13.0235099792,80.2429122925,60733,60743,10
13.0227499008,80.2426605225,60743,60753,10
13.0220603943,80.24243927,60753,60773,20
13.0220603943,80.24243927,60773,60783,10
13.0218801498,80.2423706055,60783,60793,10
13.0213403702,80.2421798706,60793,60803,10
13.0206403732,80.2419433594,60803,60813,10
13.0199699402,80.2417221069,60813,60823,10
13.0189599991,80.2414321899,60823,60844,21
13.0189599991,80.2414321899,60844,60854,10
13.0188398361,80.2413864136,60854,60864,10
13.0184202194,80.2412567139,60864,60914,50
13.0184202194,80.2412567139,60914,60924,10
13.0180997849,80.2411422729,60924,60934,10
13.017660141,80.2410125732,60934,60944,10
13.017080307,80.2408828735,60944,60955,11
13.0162096024,80.2406921387,60955,60965,10
13.0155696869,80.2405776978,60965,60975,10
13.0149202347,80.2405090332,60975,60985,10
13.0140199661,80.2404403687,60985,60995,10
13.0129699707,80.240447998,60995,61005,10
13.0122098923,80.2404632568,61005,61015,10
13.0114402771,80.2404785156,61015,61025,10
13.01060009,80.2405014038,61025,61035,10
13.0096502304,80.2405395508,61035,61045,10
13.0085897446,80.2405166626,61045,61055,10
13.0076198578,80.2404403687,61055,61066,11
13.007060051,80.2403717041,61066,61076,10
13.0068902969,80.2405090332,61076,61116,40
13.0068902969,80.2405090332,61116,61126,10
13.0068502426,80.2406997681,61126,61136,10
13.0067996979,80.2409667969,61136,61146,10
13.0067796707,80.2413330078,61146,61156,10
13.0067501068,80.2420806885,61156,61172,16
13.0067396164,80.2429275513,61172,61185,13
13.0067396164,80.243270874,61185,61195,10
13.0067300797,80.2435684204,61195,61205,10
13.0067195892,80.2438583374,61205,61215,10
13.0067195892,80.2443084717,61215,61225,10
13.0067195892,80.2445831299,61225,61235,10
13.0067100525,80.2446136475,61235,61244,9
13.0067195892,80.2448425293,61244,61255,11
13.0067195892,80.2452316284,61255,61265,10
13.0067396164,80.2455978394,61265,61275,10
13.0067596436,80.24609375,61275,61285,10
13.0067796707,80.2465896606,61285,61296,11
13.006770134,80.2471923828,61296,61306,10
13.0061101913,80.2474136353,61306,61326,20
13.0061101913,80.2474136353,61326,61336,10
13.0058603287,80.2473983765,61336,61346,10
13.0052604675,80.2473831177,61346,61356,10
13.0044498444,80.2474365234,61356,61366,10
13.0035400391,80.2475662231,61366,61376,10
13.0025997162,80.247718811,61376,61386,10
13.0017499924,80.2479171753,61386,61396,10
13.0008201599,80.2481613159,61396,61407,11
12.9996795654,80.2484436035,61407,61417,10
12.9985799789,80.2487335205,61417,61427,10
12.9980401993,80.2488937378,61427,61437,10
12.9977197647,80.2489471436,61437,61447,10
12.9969797134,80.2490997314,61447,61457,10
12.9961004257,80.2493209839,61457,61467,10
12.9951696396,80.2495803833,61467,61477,10
12.99421978,80.2498168945,61477,61487,10
12.9932498932,80.2500610352,61487,61497,10
12.9922599792,80.2502975464,61497,61507,10
12.9912204742,80.2506027222,61507,61528,21
12.9912204742,80.2506027222,61528,61538,10
12.9909095764,80.2506637573,61538,61548,10
12.9902496338,80.2508163452,61548,61558,10
12.9895296097,80.2510070801,61558,61568,10
12.9891195297,80.251121521,61568,61659,91
12.9891195297,80.251121521,61659,61669,10
12.9889602661,80.251159668,61669,61679,10
12.9886302948,80.2512512207,61679,61689,10
12.9882097244,80.251373291,61689,61699,10
12.987739563,80.2514724731,61699,61709,10
12.9873600006,80.2515563965,61709,61719,10
12.9869203568,80.251663208,61719,61729,10
12.9863796234,80.2517929077,61729,61739,10
12.9861803055,80.2514190674,61739,61750,11
12.9861803055,80.2512969971,61750,61760,10
12.9862003326,80.2509765625,61760,61770,10
12.9862003326,80.2503509521,61770,61780,10
12.9862003326,80.2495803833,61780,61790,10
12.9862098694,80.2487411499,61790,61800,10
12.9862098694,80.2480926514,61800,61810,10
12.9862003326,80.2477493286,61810,61820,10
12.9862098694,80.2470703125,61820,61830,10
12.9862098694,80.2465362549,61830,61840,10
12.9862003326,80.2462387085,61840,61850,10
12.9861803055,80.24584198,61850,61861,11
12.9862003326,80.2451782227,61861,61871,10
12.9862098694,80.2446136475,61871,61881,10
12.9862098694,80.2437210083,61881,61891,10
12.9862003326,80.2431716919,61891,61901,10
12.9862003326,80.2431182861,61901,61911,10
12.9862098694,80.2428512573,61911,61921,10
12.9862098694,80.2422180176,61921,61931,10
12.9862298965,80.2414016724,61931,61941,10
12.9860801697,80.2410430908,61941,61951,10
12.985710144,80.2409362793,61951,61961,10
12.9853000641,80.2405776978,61961,62890,929
12.9856004715,80.2408065796,62890,62900,10
12.9856004715,80.2408065796,62900,62910,10
12.9856700897,80.2409973145,62910,62920,10
12.9860095978,80.2411499023,62920,62930,10
12.9862804413,80.2412185669,62930,62940,10
12.9863195419,80.2414474487,62940,62950,10
12.9863004684,80.2419281006,62950,62960,10
12.9863004684,80.2424926758,62960,62971,11
12.9863195419,80.2433395386,62971,62992,21
12.9863195419,80.2433395386,62992,63002,10
12.9863004684,80.2437515259,63002,63012,10
12.9863004684,80.244468689,63012,63022,10
12.9863004684,80.2452011108,63022,63032,10
12.9862499237,80.2462005615,63032,63052,20
12.9862499237,80.2462005615,63052,63062,10
12.9862003326,80.2462921143,63062,63072,10
12.9862003326,80.2464294434,63072,63082,10
12.9862003326,80.2467803955,63082,63092,10
12.9862203598,80.2472229004,63092,63103,11
12.986240387,80.2473220825,63103,63113,10
12.9862604141,80.2477035522,63113,63123,10
12.9862699509,80.2477416992,63123,63133,10
12.9862804413,80.2478637695,63133,63143,10
12.9862804413,80.2483520508,63143,63153,10
12.9862804413,80.2490386963,63153,63163,10
12.9862804413,80.2497024536,63163,63173,10
12.9863195419,80.25025177,63173,63203,30
12.9863195419,80.25025177,63203,63214,11
12.9863195419,80.25050354,63214,63224,10
12.9863004684,80.2511978149,63224,63234,10
12.9863395691,80.251701355,63234,63244,10
12.9864797592,80.2517623901,63244,63294,50
12.9864797592,80.2517623901,63294,63304,10
12.9865598679,80.2517166138,63304,63314,10
12.9869003296,80.2516174316,63314,63325,11
12.9872903824,80.2514801025,63325,63335,10
12.9877300262,80.2513809204,63335,63345,10
12.9883403778,80.2512283325,63345,63355,10
12.9895095825,80.2509307861,63355,63385,30
12.9895095825,80.2509307861,63385,63395,10
12.9895896912,80.2509231567,63395,63405,10
12.9899501801,80.2508621216,63405,63415,10
12.9905099869,80.2507171631,63415,63425,10
12.9912004471,80.250541687,63425,63436,11
12.9920301437,80.250328064,63436,63446,10
12.9928398132,80.2501296997,63446,63456,10
12.993689537,80.2499008179,63456,63466,10
12.9945497513,80.2496871948,63466,63476,10
12.9952602386,80.2495193481,63476,63486,10
12.9960403442,80.2493286133,63486,63496,10
12.9965801239,80.2491607666,63496,63505,9
12.9966001511,80.2491607666,63505,63516,11
12.9969100952,80.249130249,63516,63526,10
12.9976100922,80.2489471436,63526,63536,10
12.998459816,80.2487411499,63536,63546,10
12.9993801117,80.2484970093,63546,63557,11
13.0004396439,80.2482299805,63557,63567,10
13.0014200211,80.2480010986,63567,63577,10
13.0023002625,80.247756958,63577,63587,10
13.0034704208,80.2475128174,63587,63606,19
13.0034704208,80.2475128174,63606,63617,11
13.0038604736,80.2473983765,63617,63627,10
13.004360199,80.2473526001,63627,63637,10
13.0050201416,80.2472991943,63637,63647,10
13.0058202744,80.2471389771,63647,63657,10
13.0065202713,80.2465591431,63657,63698,41
13.0065202713,80.2465591431,63698,63708,10
13.0066299438,80.2462692261,63708,63718,10
13.0066404343,80.2456893921,63718,63728,10
13.0066299438,80.2450790405,63728,63738,10
13.0066299438,80.244468689,63738,63748,10
13.0066099167,80.2438964844,63748,63758,10
13.0065803528,80.2433700562,63758,63768,10
13.0065603256,80.2425765991,63768,63779,11
13.0065402985,80.2416763306,63779,63789,10
13.0065498352,80.2415390015,63789,63799,10
13.0066299438,80.2408599854,63799,63839,40
13.0066299438,80.2408599854,63839,63849,10
13.0067396164,80.2403182983,63849,63869,20
13.0067396164,80.2403182983,63869,63879,10
13.0070800781,80.240272522,63879,63890,11
13.0073404312,80.2403106689,63890,63900,10
13.0075502396,80.2403564453,63900,63910,10
13.0082397461,80.2404403687,63910,63920,10
13.0092401505,80.2404937744,63920,63930,10
13.0102901459,80.2404937744,63930,63940,10
13.0112895966,80.2404327393,63940,63950,10
13.0118398666,80.2404098511,63950,63960,10
13.0121297836,80.2404098511,63960,63970,10
13.0127296448,80.2403869629,63970,63980,10
13.0135297775,80.2403869629,63980,63990,10
13.0143699646,80.2404174805,63990,64000,10
13.0151996613,80.2405166626,64000,64011,11
13.016169548,80.2406692505,64011,64021,10
13.0170001984,80.2408599854,64021,64031,10
13.0178003311,80.2410430908,64031,64041,10
13.0186500549,80.2413024902,64041,64061,20
13.0186500549,80.2413024902,64061,64071,10
13.0187301636,80.2413330078,64071,64081,10
13.0191698074,80.2414627075,64081,64091,10
13.0195798874,80.2415771484,64091,64101,10
13.0201396942,80.2417602539,64101,64111,10
13.0208501816,80.2419967651,64111,64122,11
13.0216999054,80.2422790527,64122,64132,10
13.022359848,80.2424926758,64132,64142,10
13.0229902267,80.24269104,64142,64152,10
13.0232200623,80.2427597046,64152,64162,10
13.0233297348,80.2428207397,64162,64172,10
13.0237903595,80.2429962158,64172,64182,10
13.0244197845,80.2432098389,64182,64192,10
13.0251903534,80.2434921265,64192,64202,10
13.0259799957,80.2437591553,64202,64212,10
13.0267496109,80.2440185547,64212,64222,10
13.0273799896,80.2443771362,64222,64233,11
13.0275802612,80.2449264526,64233,64243,10
13.0276098251,80.2450180054,64243,64253,10
13.0278301239,80.2455368042,64253,64303,50
13.0278301239,80.2455368042,64303,64313,10
13.0280399323,80.2456970215,64313,64323,10
13.0284700394,80.2457122803,64323,64333,10
13.0289201736,80.2457122803,64333,64344,11
13.0294103622,80.2456588745,64344,64354,10
13.029540062,80.2460021973,64354,64364,10
13.0294704437,80.2465286255,64364,64374,10
13.0293598175,80.2470703125,64374,64384,10
13.0292701721,80.2476196289,64384,64394,10
13.0292100906,80.2481231689,64394,64404,10
13.0291404724,80.2485580444,64404,64455,51
13.0291404724,80.2485580444,64455,64465,10
13.0290603638,80.2489013672,64465,64475,10
13.0289802551,80.2492523193,64475,64485,10
13.028960228,80.2493591309,64485,64495,10
13.0289096832,80.2496032715,64495,64505,10
13.0290403366,80.2499237061,64505,64525,20
13.0290403366,80.2499237061,64525,64535,10
13.0292100906,80.2500762939,64535,64545,10
13.0296602249,80.2503890991,64545,64555,10
13.0298995972,80.250579834,64555,64565,10
13.029999733,80.2506637573,64565,64576,11
13.0301799774,80.2508087158,64576,64586,10
13.0305404663,80.251121521,64586,64595,9
13.0309495926,80.251449585,64595,64606,11
13.0315599442,80.2518692017,64606,64616,10
13.0322704315,80.2523574829,64616,64626,10
13.0326299667,80.2526397705,64626,64636,10
13.0327796936,80.2527618408,64636,64646,10
13.0330600739,80.2529830933,64646,64656,10
13.0333204269,80.2531509399,64656,64666,10
13.0335197449,80.253288269,64666,64676,10
13.0338401794,80.2535629272,64676,64687,11
13.0339899063,80.2536697388,64687,64697,10
13.0341997147,80.2538528442,64697,64707,10
13.0346803665,80.2541809082,64707,64723,16
13.0348596573,80.2543029785,64723,64735,12
13.0350399017,80.2544174194,64735,64745,10
13.035320282,80.2546691895,64745,64755,10
13.0358295441,80.2550811768,64755,64765,10
13.036359787,80.2554397583,64765,64775,10
13.0364103317,80.2554779053,64775,64785,10
13.036740303,80.2557296753,64785,64795,10
13.0369701385,80.255897522,64795,64806,11
13.0369796753,80.2559204102,64806,64816,10
13.0371704102,80.2560424805,64816,64826,10
13.0374803543,80.2562713623,64826,64835,9
13.0379295349,80.2565765381,64835,64846,11
13.0382499695,80.2568283081,64846,64856,10
13.0385198593,80.2570724487,64856,64866,10
13.0388898849,80.25730896,64866,64876,10
13.0393400192,80.257598877,64876,64886,10
13.0399198532,80.2578887939,64886,64896,10
13.0404996872,80.2582015991,64896,64907,11
13.0410995483,80.2585525513,64907,64917,10
13.0415296555,80.2587890625,64917,64927,10
13.0415401459,80.2587966919,64927,64937,10
13.0419101715,80.2590332031,64937,64947,10
13.0426502228,80.259437561,64947,64987,40
13.0426502228,80.259437561,64987,64997,10
13.0429496765,80.2595596313,64997,65007,10
13.0434503555,80.2596511841,65007,65017,10
13.0439596176,80.2597198486,65017,65028,11
13.0440502167,80.2597503662,65028,65038,10
13.0444803238,80.2598190308,65038,65048,10
13.0449304581,80.2598800659,65048,65118,70
13.0451498032,80.2600097656,65118,65159,41
13.0451498032,80.2600097656,65159,65169,10
13.045419693,80.2600402832,65169,65179,10
13.0457201004,80.2601089478,65179,65189,10
13.045999527,80.2602920532,65189,65199,10
13.0463399887,80.2605285645,65199,65209,10
13.0467100143,80.2607574463,65209,65219,10
13.0473499298,80.2611312866,65219,65239,20
13.0473499298,80.2611312866,65239,65250,11
13.0475597382,80.2612915039,65250,65260,10
13.0478696823,80.2614822388,65260,65270,10
13.0479001999,80.2614974976,65270,65280,10
13.0481595993,80.2616500854,65280,65290,10
13.0484600067,80.2618331909,65290,65300,10
13.0489797592,80.2620620728,65300,65310,10
13.0495004654,80.262260437,65310,65320,10
13.0498504639,80.2623062134,65320,65330,10
13.0502300262,80.2623672485,65330,65340,10
13.0508804321,80.2626190186,65340,65361,21
13.0508804321,80.2626190186,65361,65371,10
13.0511598587,80.2629394531,65371,65381,10
13.0515203476,80.2632675171,65381,65391,10
13.0523395538,80.2638168335,65391,65421,30
13.0523395538,80.2638168335,65421,65431,10
13.0526599884,80.2639007568,65431,65441,10
13.0531597137,80.263961792,65441,65451,10
13.0537004471,80.2640228271,65451,65461,10
13.054019928,80.2641983032,65461,65472,11
13.054479599,80.2643280029,65472,65492,20
13.054479599,80.2643280029,65492,65502,10
13.0547304153,80.2643890381,65502,65512,10
13.0550003052,80.2644424438,65512,65570,58
13.0550003052,80.2644424438,65570,65580,10
13.0551996231,80.264503479,65580,65590,10
13.0556497574,80.2645874023,65590,65601,11
13.0563097,80.2646408081,65601,65611,10
13.0571699142,80.2648620605,65611,65631,20
13.0571699142,80.2648620605,65631,65641,10
13.0574502945,80.2650299072,65641,65651,10
13.0579204559,80.2651596069,65651,65661,10
13.0579996109,80.2646636963,65661,65671,10
13.0579204559,80.2640228271,65671,65681,10
13.057849884,80.2635726929,65681,65691,10
13.057849884,80.2630996704,65691,65702,11
13.0577802658,80.2623672485,65702,65712,10
13.0576696396,80.2618484497,65712,65722,10
13.0575704575,80.261390686,65722,65732,10
13.0576000214,80.261100769,65732,65742,10
13.0579204559,80.2610321045,65742,65752,10
13.0584096909,80.2610168457,65752,65762,10
13.0589895248,80.2609863281,65762,65772,10
13.0595197678,80.2607727051,65772,65782,10
13.059920311,80.2606277466,65782,65792,10
13.0602703094,80.2610092163,65792,65802,10
13.0607700348,80.2615432739,65802,65813,11
13.0614004135,80.2621612549,65813,65823,10
13.0617103577,80.2624893188,65823,65833,10
13.0618200302,80.2626800537,65833,65843,10
13.0620603561,80.2629776001,65843,65859,16
13.0628595352,80.2639007568,65859,65891,32
13.0628595352,80.2639007568,65891,65900,9
13.0629997253,80.2640914917,65900,65911,11
13.0633602142,80.2645721436,65911,65921,10
13.0636997223,80.2651519775,65921,65932,11
13.0640296936,80.265663147,65932,65942,10
13.0644102097,80.2661209106,65942,65952,10
13.0647201538,80.2664794922,65952,65962,10
13.0648603439,80.2666931152,65962,65972,10
13.0650901794,80.266960144,65972,65982,10
13.0655202866,80.267250061,65982,65992,10
13.0658798218,80.2676773071,65992,66002,10
13.0661697388,80.2680206299,66002,66012,10
13.066280365,80.268157959,66012,66022,10
13.0665998459,80.2684173584,66022,66032,10
13.0670404434,80.2686233521,66032,66053,21
13.0670404434,80.2686233521,66053,66063,10
13.0671195984,80.2686920166,66063,66073,10
13.0674295425,80.2689285278,66073,66083,10
13.0678396225,80.2692337036,66083,66093,10
13.0682497025,80.2695007324,66093,66103,10
13.0683002472,80.2696075439,66103,66113,10
13.0682601929,80.2699127197,66113,66123,10
13.0682001114,80.2702178955,66123,66133,10
13.068189621,80.2703399658,66133,66143,10
13.0681600571,80.2707214355,66143,66154,11
13.0681400299,80.271232605,66154,66164,10
13.0683603287,80.2717208862,66164,66174,10
13.0688896179,80.2720184326,66174,66184,10
13.0693702698,80.2723617554,66184,66194,10
13.0697803497,80.2727813721,66194,66204,10
13.0700798035,80.2731170654,66204,66214,10
13.0703897476,80.2734832764,66214,66224,10
13.0709199905,80.2740631104,66224,66244,20
13.0709199905,80.2740631104,66244,66254,10
13.0712099075,80.2741928101,66254,66265,11
13.0717802048,80.2743988037,66265,66275,10
13.0721597672,80.2747802734,66275,66285,10
13.0725603104,80.2752075195,66285,66295,10
13.0729799271,80.275680542,66295,66305,10
13.073340416,80.2760391235,66305,66315,10
13.0735998154,80.2762908936,66315,66325,10
13.0739097595,80.2764205933,66325,66335,10
13.0744800568,80.2763824463,66335,66345,10
13.0751304626,80.2763595581,66345,66355,10
13.0756902695,80.2763519287,66355,66365,10
13.0763702393,80.2763214111,66365,66376,11
13.0771198273,80.2762832642,66376,66386,10
13.0778102875,80.2762374878,66386,66396,10
13.0782299042,80.2757873535,66396,66406,10
13.0785598755,80.2752380371,66406,66415,9
13.0791397095,80.2752380371,66415,66426,11
13.0798997879,80.2753372192,66426,66436,10
13.080499649,80.2752838135,66436,66446,10
13.0808401108,80.2752609253,66446,66456,10
13.0809001923,80.2752532959,66456,66466,10
13.0809602737,80.2752609253,66466,66476,10
13.0812702179,80.2752380371,66476,66487,11
13.081609726,80.2752304077,66487,66497,10
13.0819597244,80.2755584717,66497,66547,50
13.0819597244,80.2755584717,66547,66557,10
13.081990242,80.2756271362,66557,66567,10
13.0820302963,80.2757720947,66567,66577,10
13.0820102692,80.2759475708,66577,66588,11
13.0818300247,80.2762374878,66588,66599,11
13.0818796158,80.2768096924,66599,66608,9
13.0819196701,80.2773590088,66608,66619,11
13.0819997787,80.2779922485,66619,66629,10
13.0820903778,80.2785873413,66629,66639,10
13.082110405,80.2791976929,66639,66649,10
13.0821895599,80.2798919678,66649,66659,10
13.082280159,80.2807006836,66659,66669,10
13.0823497772,80.2814483643,66669,66679,10
13.0824604034,80.2819213867,66679,66689,10
13.0830898285,80.2823028564,66689,66699,10
13.083820343,80.2827377319,66699,66715,16
13.0847902298,80.2834625244,66715,66728,13
13.0852003098,80.2839202881,66728,66738,10
13.0854301453,80.2837677002,66738,66747,9
13.0856103897,80.2836380005,66747,66758,11
13.0859003067,80.2836303711,66758,66768,10
13.0861797333,80.2836532593,66768,66778,10
13.086350441,80.2837295532,66778,66788,10
13.0866098404,80.2838821411,66788,66798,10
13.086689949,80.2838668823,66798,66809,11
13.0870895386,80.283821106,66809,66840,31
13.0870895386,80.283821106,66840,66850,10
13.0873403549,80.2838287354,66850,66860,10
13.0875396729,80.283821106,66860,66880,20
13.0875396729,80.283821106,66880,66890,10
13.0876502991,80.2838287354,66890,66900,10
13.0878400803,80.2837982178,66900,66910,10
13.0880298615,80.2837982178,66910,67374,464
13.0880298615,80.2837982178,67374,67385,11
13.0883102417,80.2835769653,67385,67395,10
13.0883302689,80.2834396362,67395,67405,10
13.0883102417,80.283241272,67405,67415,10
13.0883102417,80.2830200195,67415,67425,10
13.0883102417,80.2826385498,67425,67475,50
13.0883102417,80.2826385498,67475,67485,10
13.0882797241,80.2822113037,67485,67495,10
13.0881795883,80.2818832397,67495,67506,11
13.0879201889,80.2815475464,67506,67516,10
13.087439537,80.2814025879,67516,67526,10
13.0868501663,80.2812271118,67526,67536,10
13.0863895416,80.2810974121,67536,67546,10
13.0859804153,80.2809677124,67546,67556,10
13.0859298706,80.2809524536,67556,67566,10
13.0858898163,80.2809371948,67566,67576,10
13.0857400894,80.2807693481,67576,67586,10
13.0856599808,80.2803878784,67586,67596,10
13.0855197906,80.2799377441,67596,67606,10
13.0851602554,80.2795181274,67606,67617,11
13.0846595764,80.2793807983,67617,67627,10
13.0844898224,80.2793426514,67627,67637,10
13.0840101242,80.279258728,67637,67647,10
13.0835199356,80.2791213989,67647,67657,10
13.0829401016,80.2788772583,67657,67667,10
13.0823402405,80.2786483765,67667,67677,10
13.081990242,80.2784118652,67677,67687,10
13.0819301605,80.2780075073,67687,67697,10
13.0818796158,80.277633667,67697,67707,10
13.0818195343,80.2773208618,67707,67717,10
13.0818195343,80.2772979736,67717,67728,11
13.0817899704,80.2770309448,67728,67738,10
13.0817604065,80.2768325806,67738,67748,10
13.0817804337,80.2767791748,67748,67758,10
13.0817203522,80.2763671875,67758,67768,10
13.0815601349,80.2758102417,67768,67788,20
13.0815601349,80.2758102417,67788,67798,10
13.0815401077,80.2755889893,67798,67808,10
13.0814399719,80.2753219604,67808,67818,10
13.0810604095,80.2752914429,67818,67828,10
13.0806398392,80.2753295898,67828,67839,11
13.080039978,80.2753982544,67839,67849,10
13.0794401169,80.2753677368,67849,67859,10
13.0787296295,80.2752532959,67859,67869,10
13.0782604218,80.2757415771,67869,67879,10
13.0779600143,80.2762680054,67879,67889,10
13.0772895813,80.2763137817,67889,67899,10
13.0766601563,80.2763519287,67899,67909,10
13.0760297775,80.2763977051,67909,67919,10
13.0753898621,80.2764205933,67919,67929,10
13.0748100281,80.2764434814,67929,67939,10
13.074259758,80.2764587402,67939,67949,10
13.0740404129,80.2764816284,67949,67960,11
13.0736303329,80.2765197754,67960,67970,10
13.073220253,80.2761611938,67970,67980,10
13.0727596283,80.275642395,67980,67990,10
13.0722503662,80.2751083374,67990,68000,10
13.0719203949,80.2747879028,68000,68030,30
13.0719203949,80.2747879028,68030,68040,10
13.071680069,80.2746505737,68040,68050,10
13.0711402893,80.2745437622,68050,68060,10
13.0707798004,80.2743911743,68060,68071,11
13.0706996918,80.274307251,68071,68081,10
13.0705900192,80.2741622925,68081,68091,10
13.0705003738,80.2738571167,68091,68101,10
13.0702295303,80.2734069824,68101,68111,10
13.0697898865,80.2729034424,68111,68121,10
13.0692796707,80.2723770142,68121,68131,10
13.0685796738,80.2720718384,68131,68192,61
13.0685796738,80.2720718384,68192,68202,10
13.0683603287,80.2719497681,68202,68212,10
13.0680799484,80.2715988159,68212,68222,10
13.0677900314,80.2710800171,68222,68232,10
13.0673303604,80.2705688477,68232,68242,10
13.0668001175,80.2700424194,68242,68252,10
13.0665302277,80.2695770264,68252,68262,10
13.0664396286,80.2691574097,68262,68272,10
13.0664100647,80.268661499,68272,68282,10
13.0662603378,80.2684020996,68282,68293,11
13.0659198761,80.2679977417,68293,68303,10
13.0656204224,80.2678070068,68303,68313,10
13.0652599335,80.2677001953,68313,68333,20
13.0652599335,80.2677001953,68333,68343,10
13.065030098,80.2676391602,68343,68353,10
13.0646800995,80.267578125,68353,68363,10
13.0643901825,80.2675628662,68363,68373,10
13.0641899109,80.2675170898,68373,68383,10
13.063949585,80.2674713135,68383,68393,10
13.0635995865,80.2674026489,68393,68404,11
13.0631799698,80.2673187256,68404,68414,10
13.0628404617,80.2673034668,68414,68424,10
13.0625896454,80.2670822144,68424,68434,10
13.0622901917,80.2667388916,68434,68444,10
13.061920166,80.2662582397,68444,68454,10
13.0615301132,80.2658004761,68454,68464,10
13.0611801147,80.26537323,68464,68474,10
13.0608797073,80.2652664185,68474,68484,10
13.0605602264,80.2654418945,68484,68504,20
13.0605602264,80.2654418945,68504,68515,11
13.0603704453,80.2655334473,68515,68525,10
13.0599498749,80.2656784058,68525,68535,10
13.0595197678,80.265663147,68535,68545,10
13.0593004227,80.2656173706,68545,68555,10
13.0586395264,80.2655105591,68555,68583,28
13.0586395264,80.2655105591,68583,68593,10
13.0584096909,80.2654266357,68593,68603,10
13.0578403473,80.2652206421,68603,68613,10
13.0572299957,80.2649307251,68613,68623,10
13.0571603775,80.2649002075,68623,68634,11
13.0570802689,80.2648696899,68634,68644,10
13.0566902161,80.2647018433,68644,68654,10
13.0560598373,80.2645874023,68654,68664,10
13.0553102493,80.264503479,68664,68674,10
13.054400444,80.2643508911,68674,68694,20
13.054400444,80.2643508911,68694,68704,10
13.0541801453,80.2642593384,68704,68714,10
13.0538101196,80.2641220093,68714,68725,11
13.0533704758,80.2639770508,68725,68735,10
13.0527801514,80.263923645,68735,68746,11
13.0522699356,80.2638702393,68746,68756,10
13.0520401001,80.2639083862,68756,68766,10
13.0517301559,80.2640228271,68766,68786,20
13.0517301559,80.2640228271,68786,68796,10
13.0514602661,80.2640991211,68796,68806,10
13.0509901047,80.2641830444,68806,68816,10
13.0503902435,80.2641983032,68816,68826,10
13.049779892,80.2641677856,68826,68836,10
13.049200058,80.2644195557,68836,68846,10
13.0489597321,80.2650299072,68846,68857,11
13.0489196777,80.26512146,68857,68867,10
13.0487203598,80.2654037476,68867,68877,10
13.0483198166,80.2658233643,68877,68887,10
13.0479602814,80.2661514282,68887,68897,10
13.0478000641,80.266242981,68897,68907,10
13.0477304459,80.2660980225,68907,68917,10
13.0477600098,80.2657318115,68917,68927,10
13.0477800369,80.2652587891,68927,68937,10
13.0478096008,80.2647781372,68937,68953,16
13.0479202271,80.2640609741,68953,68965,12
13.0479202271,80.2640380859,68965,68976,11
13.0479803085,80.263710022,68976,68986,10
13.0479602814,80.2633666992,68986,68996,10
13.0479803085,80.262878418,68996,69006,10
13.0480899811,80.262298584,69006,69016,10
13.0481300354,80.2618789673,69016,69026,10
13.04804039,80.2616500854,69026,69035,9
13.0478496552,80.2614974976,69035,69046,11
13.0474700928,80.2612533569,69046,69056,10
13.0470695496,80.2610092163,69056,69065,9
13.0464096069,80.2605209351,69065,69087,22
13.0464096069,80.2605209351,69087,69097,10
13.0461702347,80.2603530884,69097,69107,10
13.0458803177,80.2602005005,69107,69117,10
13.0457696915,80.2601165771,69117,69127,10
13.0453596115,80.2599716187,69127,69137,10
13.0447597504,80.2598419189,69137,69147,10
13.0443096161,80.2597808838,69147,69157,10
13.0438899994,80.2597198486,69157,69167,10
13.0437803268,80.2596969604,69167,69177,10
13.0434103012,80.2596435547,69177,69187,10
13.0431699753,80.2595825195,69187,69198,11
13.0428695679,80.2595367432,69198,69208,10
13.0425596237,80.2594833374,69208,69217,9
13.0421695709,80.2593002319,69217,69228,11
13.0416402817,80.258972168,69228,69238,10
13.0413103104,80.2587814331,69238,69248,10
13.041179657,80.2586975098,69248,69258,10
13.0408201218,80.2584533691,69258,69268,10
13.0402297974,80.2581634521,69268,69278,10
13.0395498276,80.2578201294,69278,69288,10
13.0388803482,80.2573394775,69288,69298,10
13.038189888,80.2568206787,69298,69309,11
13.037560463,80.256942749,69309,69319,10
13.036740303,80.2570114136,69319,69329,10
13.0358495712,80.2570114136,69329,69339,10
13.0349302292,80.2570800781,69339,69359,20
13.0349302292,80.2570800781,69359,69369,10
13.034819603,80.2568817139,69369,69379,10
13.0347700119,80.2565002441,69379,69389,10
13.0347995758,80.2559814453,69389,69399,10
13.034910202,80.2552337646,69399,69409,10
13.0349798203,80.2546463013,69409,69420,11
13.0347204208,80.2543487549,69420,69430,10
13.0343399048,80.2540817261,69430,69440,10
13.0340299606,80.2538223267,69440,69449,9
13.0337600708,80.2536087036,69449,69460,11
13.0330600739,80.2530822754,69460,69480,20
13.0330600739,80.2530822754,69480,69490,10
13.0327196121,80.2527694702,69490,69500,10
13.0323200226,80.2524795532,69500,69510,10
13.0318403244,80.2521362305,69510,69520,10
13.0313501358,80.2518234253,69520,69531,11
13.0309400558,80.2515792847,69531,69541,10
13.0306501389,80.2513580322,69541,69551,10
13.0305595398,80.2512588501,69551,69561,10
13.0302200317,80.2509994507,69561,69571,10
13.0296602249,80.2506027222,69571,69581,10
13.0290298462,80.2500762939,69581,69652,71
13.0290298462,80.2500762939,69652,69662,10
13.0287504196,80.2498626709,69662,69672,10
13.0289096832,80.2491912842,69672,69692,20
13.0289096832,80.2491912842,69692,69702,10
13.0289802551,80.248840332,69702,69712,10
13.0290603638,80.2482376099,69712,69722,10
13.0292196274,80.2475280762,69722,69732,10
13.0293397903,80.2467803955,69732,69763,31
13.0293397903,80.2467803955,69763,69773,10
13.0294399261,80.24659729,69773,69783,10
13.0294599533,80.2463607788,69783,69793,10
13.0295000076,80.2459716797,69793,69803,10
13.0291795731,80.2458190918,69803,69813,10
13.0286302567,80.2457580566,69813,69823,10
13.0279302597,80.2456588745,69823,69833,10
13.0275096893,80.245262146,69833,69843,10
13.0273599625,80.2445831299,69843,69853,10
13.02684021,80.2441101074,69853,69864,11
13.0260095596,80.2438278198,69864,69874,10
13.0250997543,80.243522644,69874,69884,10
13.0241603851,80.2432098389,69884,69894,10
13.0234203339,80.2429733276,69894,69904,10
13.0226402283,80.242729187,69904,69914,10
13.0219898224,80.2424926758,69914,69924,10
13.0219202042,80.2424697876,69924,69934,10
13.0217695236,80.2424163818,69934,69944,10
13.0212602615,80.2422332764,69944,69954,10
13.0206203461,80.2420272827,69954,69964,10
13.0200300217,80.2418289185,69964,69975,11
13.0193796158,80.2416610718,69975,69985,10
13.0191202164,80.2416000366,69985,69995,10
13.0190000534,80.2415466309,69995,70005,10
13.0188703537,80.2415084839,70005,70015,10
13.0187797546,80.2414932251,70015,70025,10
13.0182504654,80.241317749,70025,70096,71
13.0182504654,80.241317749,70096,70106,10
13.0180501938,80.2412185669,70106,70116,10
13.0178003311,80.2411499023,70116,70126,10
13.0172796249,80.2410430908,70126,70136,10
13.0166501999,80.2408981323,70136,70146,10
13.0160102844,80.2407836914,70146,70156,10
13.0155000687,80.2406997681,70156,70166,10
13.0149402618,80.2406234741,70166,70176,10
13.0142698288,80.2405395508,70176,70186,10
13.0136003494,80.2405014038,70186,70196,10
13.0128297806,80.2405166626,70196,70207,11
13.0120201111,80.2405090332,70207,70217,10
13.0113201141,80.2405090332,70217,70227,10
13.0106401443,80.2405166626,70227,70237,10
13.0099897385,80.2405319214,70237,70247,10
13.0092897415,80.2405395508,70247,70257,10
13.008600235,80.2405319214,70257,70267,10
13.0081195831,80.2405166626,70267,70429,162
13.0081195831,80.2405166626,70429,70439,10
13.0077896118,80.2405014038,70439,70449,10
13.0074300766,80.2404632568,70449,70459,10
13.0071401596,80.2404327393,70459,70469,10
13.0068702698,80.2404632568,70469,70479,10
13.0068101883,80.2407989502,70479,70489,10
13.0068101883,80.2408294678,70489,70499,10
13.0067596436,80.2411499023,70499,70509,10
13.0067300797,80.2417831421,70509,70519,10
13.0067300797,80.2424926758,70519,70529,10
13.0067100525,80.2432174683,70529,70540,11
13.0066900253,80.2439422607,70540,70550,10
13.0066995621,80.2446517944,70550,70560,10
13.0066995621,80.2453308105,70560,70570,10
13.0067396164,80.2460479736,70570,70580,10
13.0067596436,80.2468566895,70580,70590,10
13.0067195892,80.2474365234,70590,70640,50
13.0067195892,80.2474365234,70640,70651,11
13.0066003799,80.2474975586,70651,70661,10
13.0060796738,80.2474975586,70661,70681,20
13.0060796738,80.2474975586,70681,70691,10
13.0060300827,80.2474822998,70691,70701,10
13.0058202744,80.2474594116,70701,70711,10
13.0055103302,80.2474517822,70711,70721,10
13.0048704147,80.247467041,70721,70731,10
13.0042104721,80.247543335,70731,70741,10
13.0036001205,80.2475814819,70741,70751,10
13.0028495789,80.2477035522,70751,70762,11
13.0021600723,80.2478485107,70762,70772,10
13.001449585,80.2480316162,70772,70782,10
13.0007095337,80.2482070923,70782,70792,10
12.9999504089,80.2483978271,70792,70802,10
12.9992198944,80.2485733032,70802,70812,10
12.998550415,80.2487411499,70812,70822,10
12.9981203079,80.248878479,70822,70832,10
12.9980096817,80.2489089966,70832,70842,10
12.997469902,80.2490386963,70842,70852,10
12.9966802597,80.2492370605,70852,70862,10
12.9958400726,80.2494735718,70862,70872,10
12.9949998856,80.2496871948,70872,70883,11
12.9940395355,80.2499313354,70883,70893,10
12.9931602478,80.2501296997,70893,70903,10
12.9922704697,80.2503585815,70903,70913,10
12.9915800095,80.250541687,70913,70923,10
12.9910697937,80.2506866455,70923,70933,10
12.9910297394,80.2507019043,70933,70943,10
12.9908800125,80.2507324219,70943,70953,10
12.9904603958,80.2508392334,70953,71153,200
12.9904603958,80.2508392334,71153,71163,10
12.9903097153,80.2508392334,71163,71173,10
12.9898300171,80.2509689331,71173,71183,10
12.9893798828,80.2510986328,71183,71193,10
12.9890403748,80.2511901855,71193,71203,10
12.9887695313,80.2512435913,71203,71214,11
12.9883003235,80.2513809204,71214,71224,10
12.987859726,80.2514877319,71224,71234,10
12.9875602722,80.2515487671,71234,71244,10
12.9871797562,80.2516403198,71244,71254,10
12.9867801666,80.251739502,71254,71264,10
12.9863595963,80.2518386841,71264,71274,10
12.9861602783,80.2516326904,71274,71284,10
12.9861402512,80.2514266968,71284,71293,9
12.9861402512,80.2513198853,71293,71304,11
12.9861602783,80.2507781982,71304,71314,10
12.9861497879,80.2501831055,71314,71325,11
12.9861602783,80.24949646,71325,71335,10
12.9861602783,80.2488021851,71335,71345,10
12.9861602783,80.2480010986,71345,71355,10
12.9861698151,80.2472381592,71355,71365,10
12.9861402512,80.246711731,71365,71375,10
12.9861402512,80.2464065552,71375,71385,10
12.986120224,80.2457580566,71385,71395,10
12.9861402512,80.2451324463,71395,71405,10
12.9861602783,80.244468689,71405,71415,10
12.9861602783,80.2437210083,71415,71425,10
12.9861602783,80.2432327271,71425,71435,10
12.9861602783,80.2431564331,71435,71446,11
12.9861698151,80.2428970337,71446,71456,10
12.9861803055,80.2423934937,71456,71466,10
12.9861698151,80.2416992188,71466,71476,10
12.9861698151,80.2412109375,71476,71486,10
12.9859895706,80.2410888672,71486,71496,10
12.9856595993,80.2409973145,71496,71506,10
12.985250473,80.2406463623,71506,71577,71
12.9854898453,80.2406387329,71577,72888,1311
12.9854898453,80.2406387329,72888,72899,11
12.9855499268,80.2408065796,72899,72909,10
12.9855699539,80.2409591675,72909,72919,10
12.9857397079,80.2410736084,72919,72929,10
12.986000061,80.2411499023,72929,72939,10
12.9862098694,80.2412109375,72939,72949,10
12.986240387,80.2414321899,72949,72959,10
12.9862203598,80.2417831421,72959,72969,10
12.9862203598,80.2420120239,72969,72979,10
12.9862098694,80.2421569824,72979,72989,10
12.9862098694,80.242477417,72989,72999,10
12.9862098694,80.2429428101,72999,73009,10
12.9862203598,80.243309021,73009,73020,11
12.9862203598,80.2433319092,73020,73030,10
12.9862203598,80.243637085,73030,73040,10
12.9862203598,80.2441329956,73040,73050,10
12.9862098694,80.2446975708,73050,73060,10
12.9862003326,80.2451782227,73060,73070,10
12.9862003326,80.2456970215,73070,73080,10
12.9861602783,80.2460632324,73080,73090,10
12.9861402512,80.2460784912,73090,73100,10
12.9860801697,80.2461929321,73100,73110,10
12.9860601425,80.2465209961,73110,73120,10
12.9860401154,80.2467193604,73120,73131,11
12.9860401154,80.2470626831,73131,73141,10
12.9861001968,80.2474975586,73141,73151,10
12.9861402512,80.248008728,73151,73161,10
12.9861602783,80.2486114502,73161,73171,10
12.9861698151,80.2492370605,73171,73181,10
12.9861803055,80.2499008179,73181,73191,10
12.9861898422,80.2506637573,73191,73201,10
12.9862003326,80.251449585,73201,73211,10
12.9863100052,80.2517929077,73211,73221,10
12.986410141,80.2517700195,73221,73231,10
12.986749649,80.251663208,73231,73242,11
12.9875402451,80.251411438,73242,73332,90
12.9876499176,80.2515029907,73332,73514,182
12.9876499176,80.2515029907,73514,73524,10
12.9878797531,80.2514266968,73524,73534,10
12.9885396957,80.2512664795,73534,73544,10
12.9893798828,80.2510070801,73544,73564,20
12.9893798828,80.2510070801,73564,73575,11
12.9894695282,80.2509765625,73575,73585,10
12.9897699356,80.2509078979,73585,73595,10
12.9901199341,80.250793457,73595,73605,10
12.9905004501,80.2506866455,73605,73615,10
12.9908704758,80.2506103516,73615,73625,10
12.9912700653,80.25050354,73625,73635,10
12.9916601181,80.2503967285,73635,73645,10
12.9920797348,80.2502975464,73645,73655,10
12.9925403595,80.2501678467,73655,73665,10
12.9930095673,80.250038147,73665,73675,10
12.9935798645,80.2498931885,73675,73685,10
12.9942302704,80.2497406006,73685,73696,11
12.9949903488,80.2495574951,73696,73706,10
12.995759964,80.2493591309,73706,73715,9
12.9963903427,80.2491836548,73715,73726,11
12.996629715,80.2490997314,73726,73737,11
12.997010231,80.2490234375,73737,73747,10
12.9975500107,80.2489013672,73747,73757,10
12.9982004166,80.2487335205,73757,73767,10
12.9988698959,80.2485733032,73767,73777,10
12.9995803833,80.2484207153,73777,73787,10
13.000289917,80.2482376099,73787,73798,11
13.0011100769,80.248046875,73798,73808,10
13.0016698837,80.2479095459,73808,73818,10
13.0020599365,80.2478408813,73818,73828,10
13.0025997162,80.2477035522,73828,73838,10
13.0032196045,80.2475585938,73838,73848,10
13.0033597946,80.2475204468,73848,73858,10
13.0037002563,80.2474899292,73858,73868,10
13.0041503906,80.2474212646,73868,73878,10
13.0047998428,80.2473602295,73878,73894,16
13.0058403015,80.2471389771,73894,73906,12
13.0062599182,80.2468414307,73906,73916,10
13.0063800812,80.2466201782,73916,74139,223
13.0063800812,80.2466201782,74139,74149,10
13.0065002441,80.2464065552,74149,74159,10
13.0065698624,80.2458190918,74159,74169,10
13.0065603256,80.2450408936,74169,74179,10
13.0065498352,80.2442321777,74179,74189,10
13.0065402985,80.2434616089,74189,74199,10
13.0065002441,80.2426376343,74199,74209,10
13.006480217,80.2417602539,74209,74219,10
13.0065402985,80.2410964966,74219,74229,10
13.0066204071,80.2406463623,74229,74239,10
13.0066795349,80.2403411865,74239,74280,41
13.0066795349,80.2403411865,74280,74290,10
13.0069599152,80.2402420044,74290,74300,10
13.0072698593,80.2403182983,74300,74316,16
13.0074996948,80.2403717041,74316,74329,13
13.0082998276,80.2404632568,74329,74339,10
13.009059906,80.2404937744,74339,74349,10
13.0097999573,80.2404937744,74349,74359,10
13.0104799271,80.240447998,74359,74370,11
13.0113201141,80.2404174805,74370,74380,10
13.0117301941,80.2404174805,74380,74390,10
13.0118999481,80.2404174805,74390,74400,10
13.0123701096,80.2404174805,74400,74410,10
13.0130195618,80.2404327393,74410,74419,9
13.0138597488,80.2404327393,74419,74430,11
13.0148000717,80.2405319214,74430,74440,10
13.0156803131,80.2406387329,74440,74450,10
13.0165100098,80.2407913208,74450,74461,11
13.0172796249,80.2409591675,74461,74471,10
13.0176401138,80.2410430908,74471,74522,51
13.0176401138,80.2410430908,74522,74532,10
13.017999649,80.2411499023,74532,74542,10
13.0184803009,80.2412796021,74542,74552,10
13.0185403824,80.241317749,74552,74562,10
13.0188999176,80.2414169312,74562,74572,10
13.0194797516,80.2415924072,74572,74582,10
13.0202198029,80.2418289185,74582,74593,11
13.0209903717,80.2421035767,74593,74603,10
13.0217199326,80.2423171997,74603,74613,10
13.0224599838,80.2425994873,74613,74623,10
13.0231895447,80.2428131104,74623,74643,20
13.0231895447,80.2428131104,74643,74653,10
13.0234804153,80.2429199219,74653,74663,10
13.0239095688,80.2430877686,74663,74673,10
13.0245103836,80.2433013916,74673,74683,10
13.0251398087,80.2435302734,74683,74693,10
13.0257997513,80.2437515259,74693,74704,11
13.0265798569,80.2440109253,74704,74714,10
13.0271997452,80.2443008423,74714,74724,10
13.0274801254,80.2449188232,74724,74734,10
13.0275201797,80.2450714111,74734,74744,10
13.0275602341,80.2452316284,74744,74754,10
13.027759552,80.245552063,74754,74764,10
13.0283098221,80.2456512451,74764,74774,10
13.0289802551,80.2457199097,74774,74784,10
13.0294303894,80.2457580566,74784,74794,10
13.0294799805,80.2460632324,74794,74804,10
13.0293998718,80.2465133667,74804,74815,11
13.0293197632,80.2469406128,74815,74825,10
13.0292701721,80.247253418,74825,74835,10
13.0292100906,80.2476425171,74835,74845,10
13.0291500092,80.2482376099,74845,74855,10
13.029009819,80.2488632202,74855,74865,10
13.0288896561,80.2493209839,74865,74875,10
13.0288801193,80.2493591309,74875,74885,10
13.0288200378,80.2496414185,74885,74895,10
13.0289402008,80.2499771118,74895,74905,10
13.0293197632,80.2502593994,74905,74915,10
13.0296802521,80.2505264282,74915,74925,10
13.0298299789,80.2506637573,74925,74936,11
13.0300598145,80.2508468628,74936,74946,10
13.0304899216,80.251159668,74946,74956,10
13.0308799744,80.2514724731,74956,74966,10
13.0313501358,80.2518005371,74966,74976,10
13.0317497253,80.2520828247,74976,74986,10
13.0322504044,80.2524414063,74986,74996,10
13.0326499939,80.2527694702,74996,75006,10
13.0331401825,80.2531433105,75006,75016,10
13.0335903168,80.2534637451,75016,75026,10
13.0338802338,80.253692627,75026,75036,10
13.0340499878,80.2538223267,75036,75047,11
13.0344495773,80.2541122437,75047,75057,10
13.0348396301,80.2543792725,75057,75067,10
13.0350399017,80.2545471191,75067,75077,10
13.0354404449,80.2548599243,75077,75087,10
13.0358295441,80.2551574707,75087,75097,10
13.0361795425,80.2554016113,75097,75107,10
13.0363101959,80.2555007935,75107,75117,10
13.0364999771,80.2556381226,75117,75127,10
13.0369100571,80.2559432983,75127,75137,10
13.0373401642,80.2562484741,75137,75147,10
13.0377197266,80.2565002441,75147,75178,31
13.0377197266,80.2565002441,75178,75188,10
13.0378398895,80.256690979,75188,75198,10
13.0381002426,80.2568511963,75198,75208,10
13.0384702682,80.2570800781,75208,75218,10
13.0389604568,80.2573318481,75218,75228,10
13.0393400192,80.257598877,75228,75238,10
13.0396003723,80.2577819824,75238,75248,10
13.0399198532,80.2579269409,75248,75258,10
13.0403995514,80.2582092285,75258,75269,11
13.0408802032,80.2585067749,75269,75279,10
13.0413303375,80.2587814331,75279,75289,10
13.0414800644,80.2588577271,75289,75299,10
13.0417299271,80.2590179443,75299,75309,10
13.0418395996,80.2591094971,75309,75319,10
13.0420799255,80.259262085,75319,75329,10
13.0425300598,80.2594528198,75329,75339,10
13.0429601669,80.2595672607,75339,75349,10
13.0434303284,80.2596511841,75349,75359,10
13.0438203812,80.2597122192,75359,75369,10
13.0438404083,80.2597122192,75369,75380,11
13.0443496704,80.2598190308,75380,75390,10
13.0447597504,80.2598571777,75390,75400,10
13.0449495316,80.2598571777,75400,75410,10
13.0452003479,80.2598800659,75410,75420,10
13.0455503464,80.2600708008,75420,75430,10
13.0460195541,80.2603683472,75430,75440,10
13.046380043,80.260597229,75440,75450,10
13.0468997955,80.2609176636,75450,75459,9
13.0471696854,80.261100769,75459,75470,11
13.0471897125,80.2611236572,75470,75480,10
13.0474300385,80.2612686157,75480,75491,11
13.0477895737,80.2615127563,75491,75501,10
13.0480804443,80.261680603,75501,75511,10
13.0485401154,80.2619018555,75511,75521,10
13.0491600037,80.2621612549,75521,75531,10
13.0496101379,80.2622375488,75531,75541,10
13.0499801636,80.2623214722,75541,75551,10
13.050330162,80.2624435425,75551,75561,10
13.0507698059,80.2626419067,75561,75571,10
13.0509195328,80.2628173828,75571,75581,10
13.0512599945,80.263130188,75581,75591,10
13.0515298843,80.263343811,75591,75602,11
13.0518598557,80.2636108398,75602,75612,10
13.0522003174,80.2637863159,75612,75622,10
13.0522098541,80.2638015747,75622,75632,10
13.0525102615,80.2638473511,75632,75642,10
13.0530395508,80.2639312744,75642,75652,10
13.0535497665,80.263999939,75652,75662,10
13.0538101196,80.2640991211,75662,75672,10
13.054309845,80.264289856,75672,75682,10
13.054599762,80.2643508911,75682,75692,10
13.0547800064,80.2643814087,75692,75702,10
13.0553302765,80.2645111084,75702,75712,10
13.0560798645,80.2646026611,75712,75723,11
13.05671978,80.2646789551,75723,75733,10
13.0570898056,80.2648010254,75733,75743,10
13.0572004318,80.2648925781,75743,75753,10
13.0576200485,80.2651596069,75753,75763,10
13.0579395294,80.2649078369,75763,75773,10
13.057849884,80.2643203735,75773,75783,10
13.0577602386,80.263633728,75783,75793,10
13.0577297211,80.2629394531,75793,75803,10
13.0576696396,80.2623062134,75803,75813,10
13.0575399399,80.2616729736,75813,75823,10
13.0574398041,80.2611923218,75823,75834,11
13.0577802658,80.2610321045,75834,75844,10
13.0582895279,80.2609786987,75844,75854,10
13.0586395264,80.2609634399,75854,75864,10
13.0591001511,80.2609024048,75864,75874,10
13.0594902039,80.2606964111,75874,75884,10
13.0598096848,80.2605819702,75884,75894,10
13.0601701736,80.2610015869,75894,75904,10
13.0606098175,80.2614822388,75904,75914,10
13.0609703064,80.2618408203,75914,75924,10
13.0613603592,80.2622299194,75924,75934,10
13.0617103577,80.2626724243,75934,75945,11
13.0622196198,80.2632904053,75945,75955,10
13.062620163,80.2637405396,75955,75965,10
13.062959671,80.2641296387,75965,75975,10
13.0632696152,80.264541626,75975,75985,10
13.0635595322,80.2650222778,75985,75995,10
13.0637598038,80.2653808594,75995,76005,10
13.0639600754,80.2657012939,76005,76015,10
13.0643196106,80.2660980225,76015,76025,10
13.0646696091,80.2665405273,76025,76035,10
13.0650196075,80.2669525146,76035,76045,10
13.0654602051,80.2672805786,76045,76056,11
13.065870285,80.2677688599,76056,76066,10
13.0661001205,80.268081665,76066,76076,10
13.0663003922,80.2683029175,76076,76086,10
13.0664997101,80.268447876,76086,76096,10
13.0666599274,80.2685089111,76096,76106,10
13.0669298172,80.2686691284,76106,76116,10
13.0670404434,80.2687530518,76116,76126,10
13.0671396255,80.2688064575,76126,76136,10
13.067440033,80.268989563,76136,76146,10
13.0677995682,80.269241333,76146,76156,10
13.0681400299,80.2694625854,76156,76167,11
13.0682201385,80.2697372437,76167,76175,8
13.0681495667,80.270149231,76175,76187,12
13.0680704117,80.2707595825,76187,76197,10
13.0680704117,80.2712783813,76197,76207,10
13.0683002472,80.2716903687,76207,76217,10
13.0684700012,80.2718582153,76217,76227,10
13.0686302185,80.2719268799,76227,76237,10
13.0689401627,80.2720184326,76237,76247,10
13.0692501068,80.2723007202,76247,76257,10
13.0696296692,80.2726898193,76257,76267,10
13.0699901581,80.2730789185,76267,76278,11
13.0704097748,80.2735977173,76278,76288,10
13.0707302094,80.274017334,76288,76298,10
13.0709896088,80.2741012573,76298,76699,401
13.0709896088,80.2741012573,76699,76709,10
13.0714197159,80.2741775513,76709,76719,10
13.0717096329,80.274307251,76719,76730,11
13.0719404221,80.274520874,76730,76740,10
13.0721597672,80.2747573853,76740,76750,10
13.0724000931,80.2750320435,76750,76760,10
13.0726900101,80.275352478,76760,76770,10
13.0730800629,80.2757873535,76770,76780,10
13.07351017,80.276222229,76780,76790,10
13.0739297867,80.2763824463,76790,76800,10
13.0745296478,80.2763290405,76800,76810,10
13.0751800537,80.2762908936,76810,76820,10
13.0756502151,80.2762680054,76820,76830,10
13.0758895874,80.2761764526,76830,76851,21
13.0758895874,80.2761764526,76851,76861,10
13.0759000778,80.2761077881,76861,76871,10
13.0759000778,80.2758789063,76871,76881,10
13.0760602951,80.2755966187,76881,78856,1975
13.0760602951,80.2755966187,78856,78867,11
13.0761203766,80.2755966187,78867,78877,10
13.0760498047,80.2752990723,78877,78887,10
13.0757598877,80.2749023438,78887,78897,10
13.0754003525,80.2749099731,78897,78907,10
13.0751304626,80.2750320435,78907,78917,10
13.0749502182,80.275390625,78917,78927,10
