12.9864397049,80.2585830688,11,1245,1234
12.986700058,80.258682251,1245,4854,3609
12.9865398407,80.2586364746,4854,5127,273
12.986530304,80.258682251,5127,6240,1113
12.9866695404,80.258682251,6240,7150,910
12.9865398407,80.2586669922,7150,7787,637
12.9864597321,80.2585983276,7787,8171,384
12.9865598679,80.258682251,8171,16041,7870
12.9865598679,80.258682251,16041,16051,10
12.9866399765,80.2587966919,16051,16182,131
12.9866504669,80.2587203979,16182,16587,405
12.9867200851,80.2589111328,16587,18326,1739
12.9867200851,80.2589111328,18326,18336,10
12.9866504669,80.2588119507,18336,18447,111
12.9866504669,80.2588119507,18447,18457,10
12.9867200851,80.2588577271,18457,18467,10
12.9867401123,80.2590866089,18467,19549,1082
12.9864902496,80.2590866089,19549,21582,2033
12.9866600037,80.2590026855,21582,22573,991
12.9870004654,80.259147644,22573,22593,20
12.9870004654,80.259147644,22593,22603,10
12.9872398376,80.2589111328,22603,22613,10
12.9872999191,80.2586669922,22613,22623,10
12.9873504639,80.2583618164,22623,22633,10
12.9874000549,80.2580337524,22633,22643,10
12.9874696732,80.2576522827,22643,22836,193
12.9876203537,80.2574234009,22836,23139,303
12.9876203537,80.2574234009,23139,23149,10
12.9875402451,80.257270813,23149,23159,10
12.9875802994,80.2569122314,23159,23169,10
12.9876203537,80.2564086914,23169,23179,10
12.9876298904,80.2559814453,23179,23189,10
12.987739563,80.2554702759,23189,23200,11
12.9877901077,80.2546005249,23200,23210,10
12.987859726,80.2536468506,23210,23220,10
12.9879302979,80.2525863647,23220,23230,10
12.987859726,80.2517623901,23230,23270,40
12.987859726,80.2517623901,23270,23280,10
12.987830162,80.2515869141,23280,23290,10
12.987830162,80.2512817383,23290,23301,11
12.9883203506,80.2510986328,23301,23311,10
12.9889602661,80.2509307861,23311,23321,10
12.9893703461,80.2508163452,23321,23331,10
12.989780426,80.2507476807,23331,23341,10
12.9904699326,80.250617981,23341,23351,10
12.9913396835,80.2503967285,23351,23361,10
12.9923200607,80.2501602173,23361,23371,10
12.9934501648,80.2498931885,23371,23381,10
12.9946403503,80.2496032715,23381,23395,14
12.9959802628,80.2492370605,23395,23405,10
12.9978303909,80.2487869263,23405,23415,10
12.9995002747,80.2483825684,23415,23425,10
13.001159668,80.2479629517,23425,23435,10
13.0025997162,80.2475967407,23435,23445,10
13.0038795471,80.2473907471,23445,23455,10
13.0053796768,80.2471923828,23455,23465,10
13.0063695908,80.2467575073,23465,23475,10
13.0065002441,80.2465591431,23475,23486,11
13.0066099167,80.2460479736,23486,23496,10
13.0066404343,80.2453308105,23496,23505,9
13.006649971,80.2444915771,23505,23516,11
13.0066099167,80.2435302734,23516,23526,10
13.0065698624,80.2425003052,23526,23536,10
13.0066003799,80.2412872314,23536,23546,10
13.0067100525,80.2403564453,23546,23556,10
13.0068597794,80.2396469116,23556,23566,10
13.0070104599,80.2387313843,23566,23577,11
13.0073003769,80.2375183105,23577,23587,10
13.007399559,80.2367630005,23587,23597,10
13.0074901581,80.2364730835,23597,23607,10
13.0076398849,80.2358474731,23607,23617,10
13.0078201294,80.2349700928,23617,23627,10
13.0080003738,80.2339706421,23627,23637,10
13.0082197189,80.2328414917,23637,23647,10
13.0084600449,80.2316131592,23647,23657,10
13.0087099075,80.2303085327,23657,23668,11
13.0089597702,80.2289810181,23668,23678,10
13.0093202591,80.2277832031,23678,23688,10
13.0098600388,80.2266311646,23688,23698,10
13.0103302002,80.2256622314,23698,23708,10
13.0106897354,80.2247619629,23708,23718,10
13.0111999512,80.2236633301,23718,23728,10
13.0116100311,80.2226409912,23728,23738,10
13.0119600296,80.2216033936,23738,23748,10
13.0123195648,80.2214736938,23748,23759,11
13.0126495361,80.2219696045,23759,23769,10
13.0131196976,80.2225189209,23769,23779,10
13.0136604309,80.2231063843,23779,23789,10
13.0140399933,80.2236099243,23789,23799,10
13.0144395828,80.2240600586,23799,23809,10
13.0150403976,80.2246780396,23809,23819,10
13.0158500671,80.2252578735,23819,23829,10
13.016960144,80.2251205444,23829,23839,10
13.0181903839,80.2246322632,23839,23850,11
13.0193796158,80.2243804932,23850,23860,10
13.0200500488,80.2247695923,23860,23870,10
13.0207700729,80.2252807617,23870,23880,10
13.0215101242,80.2258987427,23880,23890,10
13.0223197937,80.2265396118,23890,23900,10
13.0230398178,80.2272033691,23900,23910,10
13.0236597061,80.2277374268,23910,23920,10
13.0242595673,80.2283172607,23920,23930,10
13.0244102478,80.2284698486,23930,23941,11
13.0243501663,80.2286071777,23941,23951,10
13.024189949,80.2285308838,23951,23961,10
13.0241298676,80.2284393311,23961,23971,10
13.0239400864,80.2281723022,23971,23981,10
13.023639679,80.2278366089,23981,23991,10
13.0232000351,80.227432251,23991,24163,172
13.0232000351,80.227432251,24163,24173,10
13.0230197906,80.2272186279,24173,24183,10
13.0230197906,80.2272109985,24183,24193,10
13.0227804184,80.2269363403,24193,24203,10
13.0222101212,80.2264709473,24203,24214,11
13.0214195251,80.2258300781,24214,24224,10
13.0203199387,80.2250518799,24224,24244,20
13.0203199387,80.2250518799,24244,24254,10
13.0202903748,80.2250366211,24254,24264,10
13.0200195313,80.2248535156,24264,24304,40
13.0200195313,80.2248535156,24304,24315,11
13.0198698044,80.2247924805,24315,24335,20
13.0198698044,80.2247924805,24335,24345,10
13.0198402405,80.2247390747,24345,24355,10
13.0193996429,80.2245330811,24355,24365,10
13.0186500549,80.2245788574,24365,24375,10
13.0177698135,80.2249221802,24375,24385,10
13.0168199539,80.2253112793,24385,24395,10
13.0159101486,80.2256164551,24395,24406,11
13.0150403976,80.2259902954,24406,24416,10
13.0142498016,80.2262802124,24416,24426,10
13.0141096115,80.2263717651,24426,24436,10
13.0136804581,80.2265396118,24436,24446,10
13.0134897232,80.2266235352,24446,24456,10
13.0129003525,80.2268295288,24456,24466,10
13.0120801926,80.2271499634,24466,24476,10
13.011059761,80.2275466919,24476,24486,10
13.0099000931,80.2280197144,24486,24497,11
13.0091295242,80.2288284302,24497,24507,10
13.0089197159,80.2299575806,24507,24517,10
13.0086803436,80.231262207,24517,24527,10
13.0084400177,80.2325973511,24527,24537,10
13.008310318,80.2335281372,24537,24547,10
13.0082702637,80.2336502075,24547,24557,10
13.008099556,80.2343063354,24557,24567,10
13.0079202652,80.2351379395,24567,24577,10
13.0077295303,80.236076355,24577,24588,11
13.0075302124,80.2372283936,24588,24598,10
13.0073204041,80.2382507324,24598,24608,10
13.0071201324,80.2392883301,24608,24618,10
13.0069904327,80.2399978638,24618,24689,71
13.0069904327,80.2399978638,24689,24699,10
13.0068702698,80.2405166626,24699,24709,10
13.006770134,80.2411727905,24709,24719,10
13.0067195892,80.2420578003,24719,24729,10
13.0066900253,80.2431030273,24729,24739,10
13.0066404343,80.2441177368,24739,24749,10
13.0066699982,80.2452468872,24749,24759,10
13.0067195892,80.2465591431,24759,24770,11
13.0065803528,80.2474212646,24770,24780,10
13.0063400269,80.2474365234,24780,24790,10
13.0061998367,80.2474136353,24790,24800,10
13.0061197281,80.2473907471,24800,24810,10
13.0056200027,80.2473297119,24810,24820,10
13.0047397614,80.2473602295,24820,24830,10
13.0036096573,80.2474975586,24830,24840,10
13.0023403168,80.2477416992,24840,24850,10
13.0009803772,80.2480773926,24850,24861,11
12.9992799759,80.2485275269,24861,24871,10
12.9981403351,80.2488479614,24871,24881,10
12.9979801178,80.2489013672,24881,24891,10
12.9973201752,80.2490234375,24891,24901,10
12.9963302612,80.2492523193,24901,24911,10
12.9951295853,80.2495574951,24911,24921,10
12.9938402176,80.2499008179,24921,24931,10
12.9925298691,80.2502212524,24931,24941,10
12.990940094,80.2506637573,24941,24962,21
12.990940094,80.2506637573,24962,24972,10
12.9906902313,80.2506866455,24972,24982,10
12.9903202057,80.2507705688,24982,24992,10
12.9896001816,80.2509002686,24992,25002,10
12.9887599945,80.2511062622,25002,25012,10
12.9880599976,80.2512969971,25012,25093,81
12.9880599976,80.2512969971,25093,25103,10
12.9878501892,80.2513427734,25103,25113,10
12.9873800278,80.2514801025,25113,25123,10
12.9866304398,80.2517166138,25123,25133,10
12.985710144,80.251953125,25133,25144,11
12.984459877,80.2522964478,25144,25154,10
12.9831800461,80.2526016235,25154,25164,10
12.9818096161,80.2526779175,25164,25174,10
12.9805898666,80.2527084351,25174,25184,10
12.9797697067,80.2527236938,25184,25194,10
12.9791002274,80.2526626587,25194,25204,10
12.9790296555,80.2526626587,25204,25214,10
12.9786300659,80.2525405884,25214,25224,10
12.9780197144,80.2521286011,25224,25235,11
12.9771499634,80.2514190674,25235,25245,10
12.9761400223,80.2510910034,25245,25255,10
12.9751396179,80.2508087158,25255,25265,10
12.9739398956,80.2504806519,25265,25275,10
12.9726800919,80.2501373291,25275,25285,10
12.9713401794,80.249786377,25285,25295,10
12.970000267,80.2493515015,25295,25305,10
12.9687595367,80.248840332,25305,25315,10
12.9676599503,80.2483978271,25315,25326,11
12.9666004181,80.2479019165,25326,25336,10
12.9655199051,80.2474975586,25336,25346,10
12.965180397,80.2473907471,25346,25356,10
12.9649801254,80.2473220825,25356,25366,10
12.9643697739,80.2471008301,25366,25376,10
12.9639396667,80.2469482422,25376,25386,10
12.9637899399,80.2468795776,25386,25396,10
12.9632797241,80.2466583252,25396,25406,10
12.9624700546,80.2462387085,25406,25417,11
12.9613704681,80.2456970215,25417,25427,10
12.9602203369,80.2451934814,25427,25437,10
12.9593400955,80.2448196411,25437,25447,10
12.9593200684,80.2447891235,25447,25457,10
12.9588804245,80.2445602417,25457,25467,10
12.9581298828,80.2442474365,25467,25477,10
12.9575004578,80.2440185547,25477,25487,10
12.9567203522,80.2437210083,25487,25497,10
12.9562902451,80.2435531616,25497,25508,11
12.9555702209,80.2432098389,25508,25518,10
12.9547700882,80.2428436279,25518,25528,10
12.9537601471,80.2424316406,25528,25538,10
12.9526395798,80.2419967651,25538,25548,10
12.9517202377,80.2416763306,25548,25558,10
12.9516096115,80.2416305542,25558,25568,10
12.9512996674,80.2415237427,25568,25578,10
12.9504098892,80.2412261963,25578,25588,10
12.949549675,80.2409362793,25588,25599,11
12.9492301941,80.2408676147,25599,25609,10
12.9487495422,80.2406921387,25609,25619,10
12.9479799271,80.2403793335,25619,25629,10
12.9471998215,80.2400588989,25629,25639,10
12.9470701218,80.2400131226,25639,25649,10
12.9467000961,80.2398376465,25649,25659,10
12.9459400177,80.2395172119,25659,25669,10
12.9450502396,80.2389907837,25669,25679,10
12.9441900253,80.238067627,25679,25690,11
12.9434204102,80.2372283936,25690,25700,10
12.9433298111,80.2371368408,25700,25710,10
12.9431800842,80.2369766235,25710,25720,10
12.9425802231,80.2365875244,25720,25730,10
12.9416303635,80.2362976074,25730,25740,10
12.9405403137,80.236000061,25740,25750,10
12.9397497177,80.2357635498,25750,25760,10
12.9396095276,80.235710144,25760,25770,10
12.939040184,80.2354507446,25770,25781,11
12.938079834,80.2349624634,25781,25791,10
12.937040329,80.2344436646,25791,25801,10
12.935959816,80.2339172363,25801,25811,10
12.9350204468,80.2334976196,25811,25821,10
12.9343595505,80.2332077026,25821,25831,10
12.9342498779,80.2331619263,25831,25841,10
12.9339799881,80.2330322266,25841,25851,10
12.9338302612,80.2329788208,25851,25861,10
12.933549881,80.2328414917,25861,25872,11
12.9329595566,80.2325592041,25872,25882,10
12.9320402145,80.2322311401,25882,25892,10
12.9309101105,80.2318496704,25892,25902,10
12.9296398163,80.2314987183,25902,25912,10
12.9290599823,80.2313995361,25912,25922,10
12.9287099838,80.2313308716,25922,25932,10
12.9280996323,80.2312316895,25932,25942,10
12.927280426,80.2311172485,25942,25952,10
12.9264602661,80.2310409546,25952,25962,10
12.9262695313,80.231010437,25962,25973,11
12.9260501862,80.2309570313,25973,25983,10
12.9253501892,80.2308807373,25983,25993,10
12.9244499207,80.2307662964,25993,26003,10
12.9234304428,80.2306365967,26003,26013,10
12.9222898483,80.2304763794,26013,26023,10
12.9210395813,80.2303009033,26023,26033,10
12.9196500778,80.2301177979,26033,26043,10
12.9182395935,80.2299423218,26043,26053,10
12.91685009,80.2297592163,26053,26064,11
12.9154396057,80.2295379639,26064,26074,10
12.9143400192,80.2294311523,26074,26084,10
12.9134502411,80.2293395996,26084,26094,10
12.913310051,80.2293167114,26094,26104,10
12.9132003784,80.2292785645,26104,26114,10
12.9126300812,80.2291793823,26114,26124,10
12.9118003845,80.229057312,26124,26134,10
12.9108400345,80.2289199829,26134,26144,10
12.9097700119,80.2287597656,26144,26155,11
12.908539772,80.2285385132,26155,26165,10
12.9074296951,80.2283782959,26165,26175,10
12.9064903259,80.2282867432,26175,26185,10
12.906080246,80.2282562256,26185,26195,10
12.9059495926,80.2282333374,26195,26205,10
12.9053697586,80.2281799316,26205,26215,10
12.9046201706,80.2281570435,26215,26225,10
12.9038896561,80.2281265259,26225,26235,10
12.9034204483,80.2281188965,26235,26246,11
12.9032201767,80.2281188965,26246,26256,10
12.9027004242,80.2281036377,26256,26266,10
12.9020204544,80.2280578613,26266,26276,10
12.9018001556,80.2280502319,26276,26286,10
12.9015102386,80.2280426025,26286,26296,10
12.9013595581,80.2280502319,26296,26326,30
12.9012403488,80.2280502319,26326,26347,21
12.9012403488,80.2280502319,26347,26357,10
12.9008302689,80.2279815674,26357,26367,10
12.9003295898,80.2279510498,26367,26377,10
12.8997402191,80.2279281616,26377,26407,30
12.8997402191,80.2279281616,26407,26417,10
12.8993997574,80.2279205322,26417,26428,11
12.8991003036,80.2279129028,26428,26438,10
12.8988599777,80.2279205322,26438,26448,10
12.8981599808,80.2278594971,26448,26458,10
12.8972797394,80.2277984619,26458,26468,10
12.8961000443,80.2277374268,26468,26478,10
12.8946695328,80.2276687622,26478,26488,10
12.8931999207,80.2275390625,26488,26498,10
12.8919296265,80.2274093628,26498,26508,10
12.8906803131,80.2274017334,26508,26519,11
12.88945961,80.2273864746,26519,26529,10
12.8888397217,80.2274169922,26529,26539,10
12.8880996704,80.2273712158,26539,26549,10
12.8870296478,80.2272186279,26549,26559,10
12.8858299255,80.2269287109,26559,26569,10
12.8850603104,80.2267913818,26569,26579,10
12.8847503662,80.2267684937,26579,26589,10
12.88422966,80.2267684937,26589,26599,10
12.8833599091,80.2267608643,26599,26610,11
12.882109642,80.2267837524,26610,26620,10
12.8808202744,80.2267990112,26620,26630,10
12.8797597885,80.2267990112,26630,26640,10
12.8780202866,80.2268981934,26640,26650,10
12.876999855,80.2269897461,26650,26660,10
12.8764095306,80.2270278931,26660,26670,10
12.87637043,80.2270202637,26670,26680,10
12.87596035,80.2269973755,26680,26690,10
12.8751497269,80.2269363403,26690,26701,11
12.8739900589,80.2268066406,26701,26711,10
12.8730401993,80.2267227173,26711,26721,10
12.8721904755,80.2266998291,26721,26731,10
12.8710002899,80.2266616821,26731,26741,10
12.8696699142,80.2265396118,26741,26751,10
12.8683595657,80.2264099121,26751,26761,10
12.8671798706,80.2265014648,26761,26771,10
12.8662796021,80.2266082764,26771,26781,10
12.8651399612,80.2266387939,26781,26791,10
12.8638000488,80.2265930176,26791,26802,11
12.8623104095,80.226600647,26802,26812,10
12.8612804413,80.2266616821,26812,26822,10
12.8611497879,80.2266464233,26822,26832,10
12.8607702255,80.2266082764,26832,26842,10
12.8599395752,80.2264862061,26842,26852,10
12.8591499329,80.2263793945,26852,26862,10
12.8586702347,80.2263183594,26862,26872,10
12.8579702377,80.2262878418,26872,26882,10
12.8569202423,80.2263565063,26882,26893,11
12.8555498123,80.2265014648,26893,26903,10
12.8542203903,80.2266387939,26903,26912,9
12.8528995514,80.2267303467,26912,26923,11
12.8513402939,80.2266616821,26923,26933,10
12.8502998352,80.2266387939,26933,26943,10
12.8500699997,80.2266387939,26943,26953,10
12.8495397568,80.2266311646,26953,26963,10
12.848690033,80.2266235352,26963,26973,10
12.8476600647,80.2266311646,26973,26984,11
12.8464603424,80.2266387939,26984,26994,10
12.8456201553,80.2266387939,26994,27004,10
12.8454303741,80.2266464233,27004,27014,10
12.8449602127,80.2266616821,27014,27024,10
12.8440799713,80.2267303467,27024,27034,10
12.8429203033,80.2269134521,27034,27044,10
12.8416004181,80.2271881104,27044,27054,10
12.8403701782,80.2275390625,27054,27064,10
12.8398199081,80.2276992798,27064,27095,31
12.8398199081,80.2276992798,27095,27105,10
12.8395700455,80.2277908325,27105,27115,10
12.8389196396,80.2279281616,27115,27125,10
12.8379201889,80.2281723022,27125,27135,10
12.836640358,80.2284088135,27135,27145,10
12.8353700638,80.2285919189,27145,27155,10
12.8341302872,80.2287826538,27155,27166,11
12.8322000504,80.2291717529,27166,27186,20
12.8322000504,80.2291717529,27186,27196,10
12.831990242,80.2291793823,27196,27206,10
12.8313398361,80.229347229,27206,27216,10
12.8304595947,80.2296600342,27216,27226,10
12.8294696808,80.2300262451,27226,27236,10
12.8284397125,80.230506897,27236,27246,10
12.8274002075,80.2311172485,27246,27257,11
12.826210022,80.2314300537,27257,27267,10
12.8257398605,80.2314605713,27267,27277,10
12.8254804611,80.2314605713,27277,27287,10
12.8247499466,80.2314300537,27287,27297,10
12.8236999512,80.2311630249,27297,27307,10
12.8224802017,80.2307815552,27307,27317,10
12.8211803436,80.2304992676,27317,27327,10
12.8199501038,80.2305221558,27327,27337,10
12.818810463,80.2304763794,27337,27348,11
12.8178100586,80.2300109863,27348,27358,10
12.8168802261,80.2296218872,27358,27368,10
12.8156499863,80.2294082642,27368,27378,10
12.8142499924,80.2291870117,27378,27388,10
12.8128700256,80.2287826538,27388,27398,10
12.8114795685,80.2282791138,27398,27408,10
12.8101596832,80.2277603149,27408,27418,10
12.8089399338,80.2270965576,27418,27428,10
12.8079204559,80.2262573242,27428,27439,11
12.8069295883,80.2253875732,27439,27449,10
12.8062696457,80.2248077393,27449,27459,10
12.8057603836,80.2243728638,27459,27469,10
12.804980278,80.2240371704,27469,27489,20
12.804980278,80.2240371704,27489,27499,10
12.8048000336,80.2239990234,27499,27509,10
12.8042001724,80.2239303589,27509,27519,10
12.8033599854,80.2238388062,27519,27530,11
12.8021802902,80.2237167358,27530,27540,10
12.8010702133,80.2236175537,27540,27550,10
12.800740242,80.2236022949,27550,27560,10
12.8003797531,80.2235794067,27560,27570,10
12.7996101379,80.2235336304,27570,27580,10
12.7985897064,80.2234191895,27580,27590,10
12.7973203659,80.2232437134,27590,27600,10
12.7960596085,80.2230224609,27600,27610,10
12.7956399918,80.2229385376,27610,27620,10
12.7954998016,80.22290802,27620,27631,11
12.7947998047,80.2227783203,27631,27641,10
12.7938699722,80.2226409912,27641,27651,10
12.792840004,80.2224884033,27651,27661,10
12.7917995453,80.2222366333,27661,27671,10
12.7906999588,80.2220001221,27671,27681,10
12.7898397446,80.2217636108,27681,27691,10
12.7891902924,80.2215194702,27691,27701,10
12.7885599136,80.2212905884,27701,27711,10
12.7879104614,80.2210006714,27711,27722,11
12.7874202728,80.2208175659,27722,27732,10
12.78703022,80.2206802368,27732,27742,10
12.7865695953,80.2204971313,27742,27762,20
12.7865695953,80.2204971313,27762,27772,10
12.7864999771,80.220451355,27772,27782,10
12.7862796783,80.2203903198,27782,27792,10
12.78606987,80.2202911377,27792,27802,10
12.7856903076,80.2201538086,27802,27813,11
12.7850103378,80.2197875977,27813,27823,10
12.7847003937,80.2196578979,27823,27833,10
12.7843904495,80.2194595337,27833,27843,10
12.7838001251,80.2191162109,27843,27853,10
12.7830400467,80.2186965942,27853,27863,10
12.7821302414,80.218208313,27863,27873,10
12.7812404633,80.2177200317,27873,27883,10
12.7803602219,80.2172470093,27883,27893,10
12.7795696259,80.2168273926,27893,27904,11
12.7786998749,80.2163925171,27904,28692,788
12.7786998749,80.2163925171,28692,28702,10
12.7785196304,80.2163009644,28702,28713,11
12.7780303955,80.2160720825,28713,28723,10
12.7774400711,80.2158203125,28723,28733,10
12.7765302658,80.2154312134,28733,28743,10
12.7754001617,80.2149505615,28743,28753,10
12.7743597031,80.2145309448,28753,28763,10
12.7733402252,80.2141113281,28763,28773,10
12.7722396851,80.2136917114,28773,28783,10
12.7711200714,80.2132873535,28783,28793,10
12.7707300186,80.2131271362,28793,28804,11
12.7708597183,80.2127990723,28804,28814,10
12.7710199356,80.2121124268,28814,28824,10
12.7713403702,80.21118927,28824,28834,10
12.771780014,80.210357666,28834,28844,10
12.7722196579,80.2094497681,28844,28854,10
12.7725095749,80.208480835,28854,28864,10
12.7727499008,80.2076263428,28864,28874,10
12.7729196548,80.2070236206,28874,28884,10
12.7731399536,80.2063217163,28884,28895,11
12.7733697891,80.2053222656,28895,28905,10
12.7735300064,80.2042388916,28905,28915,10
12.7736997604,80.2031173706,28915,28925,10
12.7738800049,80.2019882202,28925,28935,10
12.7739496231,80.2008666992,28935,28945,10
12.7740402222,80.1997833252,28945,28955,10
12.7741298676,80.1987533569,28955,28965,10
12.7741804123,80.1976776123,28965,28975,10
12.7742395401,80.1966400146,28975,28985,10
12.7742996216,80.1955337524,28985,28996,11
12.7744998932,80.1944732666,28996,29006,10
12.7747402191,80.1935501099,29006,29016,10
12.7751903534,80.1927185059,29016,29026,10
12.7753400803,80.1918792725,29026,29036,10
12.7751197815,80.1909790039,29036,29046,10
12.7744598389,80.1901626587,29046,29056,10
12.7736797333,80.1895217896,29056,29066,10
12.7726802826,80.1891326904,29066,29076,10
12.7715196609,80.1887207031,29076,29087,11
12.7710599899,80.188079834,29087,29097,10
12.770939827,80.187171936,29097,29107,10
12.7707595825,80.1852264404,29107,29116,9
12.7707595825,80.1852264404,29116,29127,11
12.7705097198,80.1846237183,29127,29137,10
12.7698602676,80.184463501,29137,29147,10
12.7693300247,80.1842575073,29147,29157,10
12.7689399719,80.1840286255,29157,29167,10
12.7686595917,80.1837692261,29167,29181,14
12.7683095932,80.1834716797,29181,29191,10
12.7676200867,80.1832427979,29191,29201,10
12.7671899796,80.18309021,29201,29211,10
12.7667198181,80.1828613281,29211,29221,10
12.7661399841,80.1827011108,29221,29231,10
12.7656803131,80.1826477051,29231,29241,10
12.7651596069,80.1825866699,29241,29251,10
12.7645902634,80.182510376,29251,29260,9
12.7640600204,80.1824264526,29260,29272,12
12.7635803223,80.1824569702,29272,29282,10
12.7634000778,80.1829376221,29282,29292,10
12.7632303238,80.1835021973,29292,29302,10
12.7631502151,80.1837463379,29302,29312,10
12.7630596161,80.1840362549,29312,29322,10
12.7630701065,80.1842575073,29322,29331,9
12.7630901337,80.1844863892,29331,29342,11
12.7630500793,80.1847763062,29342,29352,10
12.7628002167,80.1849975586,29352,29363,11
12.7625198364,80.1849365234,29363,29373,10
12.7621097565,80.1849365234,29373,29383,10
12.7617702484,80.1848983765,29383,29393,10
12.7615804672,80.1847000122,29393,29464,71
12.7615804672,80.1847000122,29464,29474,10
12.7617902756,80.1848907471,29474,29484,10
12.7619695663,80.1849212646,29484,29494,10
12.7622003555,80.1849365234,29494,29504,10
12.7625398636,80.1849517822,29504,29514,10
12.7628498077,80.1850128174,29514,29524,10
12.7630500793,80.1847763062,29524,29534,10
12.7630796432,80.1844024658,29534,29545,11
12.7630395889,80.1841125488,29545,29555,10
12.7630996704,80.1838684082,29555,29565,10
12.7631998062,80.1835479736,29565,29575,10
12.7632198334,80.1834793091,29575,29585,10
12.7633399963,80.1830825806,29585,29595,10
12.7634401321,80.1826095581,29595,29605,10
12.7637901306,80.1824188232,29605,29615,10
12.7643699646,80.1824798584,29615,29625,10
12.764960289,80.1825637817,29625,29636,11
12.7657403946,80.1826477051,29636,29646,10
12.7662401199,80.1827011108,29646,29656,10
12.7668399811,80.1828994751,29656,29666,10
12.7675104141,80.1831893921,29666,29676,10
12.7681598663,80.1834182739,29676,29686,10
12.7686195374,80.1837081909,29686,29696,10
12.7689599991,80.1840209961,29696,29706,10
12.7692699432,80.1842193604,29706,29747,41
12.7692699432,80.1842193604,29747,29757,10
12.7696504593,80.184387207,29757,29767,10
12.7702598572,80.1845932007,29767,29777,10
12.7706899643,80.1847229004,29777,29787,10
12.7707004547,80.1847229004,29787,29797,10
12.7707901001,80.1849975586,29797,29808,11
12.7708501816,80.185508728,29808,29817,9
12.7708597183,80.1862106323,29817,29829,12
12.7709598541,80.186920166,29829,29839,10
12.7709598541,80.1869812012,29839,29849,10
12.7709999084,80.1873703003,29849,29859,10
12.7709999084,80.187461853,29859,29869,10
12.7710399628,80.187789917,29869,29879,10
12.7711296082,80.1883926392,29879,29889,10
12.7714500427,80.1887664795,29889,29899,10
12.7721004486,80.1890182495,29899,29909,10
12.7728300095,80.1892700195,29909,29920,11
12.7736797333,80.1895904541,29920,29930,10
12.7743597031,80.1901092529,29930,29940,10
12.7750196457,80.1908569336,29940,29950,10
12.7753400803,80.1918563843,29950,29960,10
12.7753601074,80.1926269531,29960,29970,10
12.7748603821,80.1932983398,29970,29980,10
12.7746696472,80.1939163208,29980,30000,20
12.7746696472,80.1939163208,30000,30011,11
12.774600029,80.1941070557,30011,30021,10
12.774479866,80.1947402954,30021,30031,10
12.7742996216,80.1955490112,30031,30041,10
12.7742500305,80.1964416504,30041,30051,10
12.7742004395,80.1973876953,30051,30061,10
12.7741804123,80.1983337402,30061,30071,10
12.7740802765,80.1993408203,30071,30081,10
12.7739896774,80.2004013062,30081,30091,10
12.7739095688,80.2012710571,30091,30102,11
12.7739095688,80.2013015747,30102,30112,10
12.773900032,80.2014923096,30112,30122,10
12.773850441,80.202041626,30122,30132,10
12.7737998962,80.2027206421,30132,30142,10
12.7735996246,80.2035217285,30142,30152,10
12.7734804153,80.2044525146,30152,30162,10
12.7733602524,80.2053070068,30162,30172,10
12.7731800079,80.2061233521,30172,30182,10
12.7730302811,80.2066116333,30182,30193,11
12.7729597092,80.2067871094,30193,30203,10
12.7728395462,80.2072677612,30203,30213,10
12.7727003098,80.2077713013,30213,30223,10
12.7725296021,80.2083511353,30223,30233,10
12.772359848,80.2089767456,30233,30243,10
12.7719602585,80.2100601196,30243,30253,10
12.7715396881,80.2108764648,30253,30263,10
12.7712097168,80.2115707397,30263,30273,10
12.7710103989,80.2123184204,30273,30284,11
12.770819664,80.2129821777,30284,30294,10
12.7709903717,80.2131576538,30294,30304,10
12.7711296082,80.2131881714,30304,30314,10
12.7714195251,80.2132873535,30314,30324,10
12.7720499039,80.2135314941,30324,30334,10
12.7728595734,80.2138366699,30334,30344,10
12.7738199234,80.2142181396,30344,30354,10
12.7749004364,80.2146606445,30354,30364,10
12.7761001587,80.2151565552,30364,30375,11
12.7776002884,80.2157592773,30375,30385,10
12.7789897919,80.2164230347,30385,30395,10
12.7804298401,80.2171783447,30395,30405,10
12.7817802429,80.217918396,30405,30415,10
12.7829504013,80.2185592651,30415,30425,10
12.7839403152,80.2191314697,30425,30435,10
12.7847795486,80.2195968628,30435,30445,10
12.7853097916,80.219871521,30445,30455,10
12.7853603363,80.2199020386,30455,30466,11
12.7855997086,80.2200164795,30466,30496,30
12.7855997086,80.2200164795,30496,30506,10
12.7856903076,80.2200698853,30506,30516,10
12.7859897614,80.220199585,30516,30536,20
12.7859897614,80.220199585,30536,30546,10
12.7864999771,80.2204284668,30546,30577,31
12.7864999771,80.2204284668,30577,30587,10
12.7866802216,80.2204971313,30587,30597,10
12.7869901657,80.2206192017,30597,30607,10
12.7871599197,80.2206878662,30607,30617,10
12.7876501083,80.2208480835,30617,30627,10
12.7882404327,80.2210922241,30627,30637,10
12.7890195847,80.2213897705,30637,30647,10
12.7896995544,80.2216415405,30647,30658,11
12.7900104523,80.2217407227,30658,30668,10
12.7906599045,80.2219085693,30668,30678,10
12.7915000916,80.2221221924,30678,30688,10
12.7925395966,80.2223510742,30688,30698,10
12.793680191,80.2225418091,30698,30708,10
12.7948503494,80.2227172852,30708,30718,10
12.7964496613,80.2229690552,30718,30738,20
12.7964496613,80.2229690552,30738,30749,11
12.7967395782,80.2230377197,30749,30759,10
12.7974395752,80.2231826782,30759,30769,10
12.7983398438,80.2232971191,30769,30779,10
12.7993497849,80.2233963013,30779,30789,10
12.8004302979,80.223487854,30789,30799,10
12.8012599945,80.2235565186,30799,30809,10
12.8013896942,80.2235794067,30809,30819,10
12.8015604019,80.2236022949,30819,30829,10
12.8022203445,80.2236785889,30829,30840,11
12.8030395508,80.2238006592,30840,30850,10
12.8039197922,80.2238693237,30850,30860,10
12.8047704697,80.2239532471,30860,30870,10
12.8055095673,80.2241134644,30870,30890,20
12.8055095673,80.2241134644,30890,30900,10
12.8056001663,80.2241516113,30900,30910,10
12.805850029,80.224357605,30910,30920,10
12.8063697815,80.2247924805,30920,30931,11
12.8071098328,80.225440979,30931,30941,10
12.8079099655,80.2261123657,30941,30951,10
12.8087596893,80.2268218994,30951,30961,10
12.8097600937,80.2274780273,30961,30971,10
12.8108701706,80.2279815674,30971,30981,10
12.8120498657,80.2284088135,30981,30991,10
12.8133201599,80.2288513184,30991,31001,10
12.8146400452,80.2292098999,31001,31011,10
12.8159999847,80.2294006348,31011,31022,11
12.8174495697,80.2297286987,31022,31032,10
12.8186798096,80.2303009033,31032,31042,10
12.8196601868,80.2304534912,31042,31052,10
12.8198900223,80.2304382324,31052,31062,10
12.820019722,80.2304382324,31062,31072,10
12.8204298019,80.230430603,31072,31082,10
12.821269989,80.2304382324,31082,31092,10
12.822259903,80.2305984497,31092,31102,10
12.823390007,80.2309417725,31102,31113,11
12.8247299194,80.2312927246,31113,31123,10
12.825920105,80.2313308716,31123,31133,10
12.8263301849,80.231300354,31133,31143,10
12.8265800476,80.2312774658,31143,31153,10
12.827249527,80.2311401367,31153,31163,10
12.8281002045,80.2306976318,31163,31173,10
12.8290596008,80.2301712036,31173,31183,10
12.8300895691,80.2297592163,31183,31193,10
12.8311100006,80.2293624878,31193,31214,21
12.8311100006,80.2293624878,31214,31224,10
12.8311901093,80.2293624878,31224,31234,10
12.8315896988,80.2292175293,31234,31244,10
12.8322095871,80.229057312,31244,31254,10
12.8330402374,80.2289199829,31254,31264,10
12.8340997696,80.2287368774,31264,31274,10
12.8351898193,80.228553772,31274,31284,10
12.8362703323,80.2283935547,31284,31294,10
12.8374099731,80.2282104492,31294,31305,11
12.8386697769,80.2279205322,31305,31315,10
12.8392801285,80.2276992798,31315,31325,10
12.8394002914,80.2276535034,31325,31335,10
12.8395795822,80.2275619507,31335,31345,10
12.8401498795,80.2275085449,31345,31355,10
12.8411197662,80.2272796631,31355,31365,10
12.8422803879,80.2269897461,31365,31375,10
12.8432998657,80.2267913818,31375,31385,10
12.8441896439,80.2266616821,31385,31396,11
12.8451595306,80.2265701294,31396,31406,10
12.8456497192,80.2265319824,31406,31416,10
12.8458595276,80.2265014648,31416,31436,20
12.8458595276,80.2265014648,31436,31446,10
12.8460702896,80.2265167236,31446,31456,10
12.8468198776,80.2265319824,31456,31466,10
12.8479299545,80.2265167236,31466,31476,10
12.8492698669,80.2265014648,31476,31487,11
12.8500404358,80.2264785767,31487,31497,10
12.8500995636,80.2265014648,31497,31507,10
12.8506603241,80.2265319824,31507,31517,10
12.8516302109,80.2265625,31517,31527,10
12.8529195786,80.226600647,31527,31537,10
12.8544998169,80.2264785767,31537,31547,10
12.8562602997,80.2262878418,31547,31557,10
12.8579702377,80.2261581421,31557,31567,10
12.8592195511,80.2262496948,31567,31578,11
12.8605804443,80.2264404297,31578,31588,10
12.8608999252,80.2264709473,31588,31598,10
12.8614301682,80.2265014648,31598,31608,10
12.8624200821,80.2264709473,31608,31618,10
12.8636703491,80.2264709473,31618,31628,10
12.8650798798,80.2265167236,31628,31638,10
12.8664398193,80.2265014648,31638,31648,10
12.8678302765,80.2263717651,31648,31658,10
12.8691396713,80.2263793945,31658,31669,11
12.8707304001,80.2265472412,31669,31679,10
12.8727397919,80.2265930176,31679,31709,30
12.8727397919,80.2265930176,31709,31719,10
12.8727798462,80.226600647,31719,31729,10
12.873290062,80.2266464233,31729,31739,10
12.8738298416,80.2266769409,31739,31749,10
12.874710083,80.2267913818,31749,31760,11
12.8758897781,80.2268829346,31760,31770,10
12.8766202927,80.2268600464,31770,31790,20
12.8766202927,80.2268600464,31790,31800,10
12.8768796921,80.226852417,31800,31810,10
12.877579689,80.2268066406,31810,31820,10
12.8786201477,80.2267303467,31820,31830,10
12.8799200058,80.2266769409,31830,31840,10
12.8814201355,80.2266616821,31840,31851,11
12.8830099106,80.2266387939,31851,31861,10
12.88422966,80.2266311646,31861,31871,10
12.8850603104,80.2266235352,31871,31881,10
12.8851203918,80.2266311646,31881,31891,10
12.885219574,80.2266693115,31891,31901,10
12.8857803345,80.2267608643,31901,31911,10
12.8865995407,80.2269821167,31911,31921,10
12.887550354,80.2271728516,31921,31931,10
12.888589859,80.2272720337,31931,31941,10
12.8899002075,80.2272796631,31941,31952,11
12.8910303116,80.2272720337,31952,31962,10
12.8919095993,80.2272567749,31962,32012,50
12.8919095993,80.2272567749,32012,32022,10
12.8921203613,80.2272567749,32022,32032,10
12.8923397064,80.2272796631,32032,32043,11
12.8929595947,80.2273864746,32043,32053,10
12.8938798904,80.2275085449,32053,32063,10
12.8950099945,80.2275772095,32063,32073,10
12.896320343,80.2276306152,32073,32083,10
12.897600174,80.2276916504,32083,32093,10
12.898639679,80.2277374268,32093,32103,10
12.8992004395,80.2277679443,32103,32113,10
12.899479866,80.2277679443,32113,32123,10
12.8997097015,80.2277832031,32123,32134,11
12.8999700546,80.2277984619,32134,32144,10
12.9004497528,80.2278213501,32144,32154,10
12.9008302689,80.2278594971,32154,32164,10
12.9012804031,80.2279129028,32164,32174,10
12.9018497467,80.2279281616,32174,32184,10
12.9023799896,80.2279586792,32184,32194,10
12.902879715,80.2279663086,32194,32214,20
12.902879715,80.2279663086,32214,32225,11
12.9030199051,80.2279586792,32225,32235,10
12.9034996033,80.2279663086,32235,32245,10
12.9043703079,80.2280578613,32245,32255,10
12.9054203033,80.2281265259,32255,32265,10
12.9062204361,80.2281570435,32265,32275,10
12.9067001343,80.228187561,32275,32285,10
12.907119751,80.2282104492,32285,32305,20
12.907119751,80.2282104492,32305,32316,11
12.9074201584,80.2282562256,32316,32326,10
12.9081802368,80.2283782959,32326,32336,10
12.9092197418,80.2285614014,32336,32346,10
12.9104795456,80.228767395,32346,32356,10
12.9118404388,80.2289581299,32356,32366,10
12.9131002426,80.2291488647,32366,32376,10
12.9140195847,80.2292480469,32376,32396,20
12.9140195847,80.2292480469,32396,32407,11
12.9141397476,80.2292709351,32407,32417,10
12.9146604538,80.2293395996,32417,32427,10
12.9154701233,80.2294387817,32427,32437,10
12.9165000916,80.2296066284,32437,32447,10
12.9172697067,80.2297134399,32447,32457,10
12.918009758,80.2298278809,32457,32467,10
12.9189596176,80.2299728394,32467,32477,10
12.9200201035,80.2300872803,32477,32487,10
12.9212598801,80.2302474976,32487,32498,11
12.9228096008,80.2304763794,32498,32508,10
12.9243001938,80.2306671143,32508,32518,10
12.9256000519,80.2308425903,32518,32528,10
12.9263601303,80.2309036255,32528,32538,10
12.9263896942,80.2309112549,32538,32548,10
12.9265098572,80.2309112549,32548,32558,10
12.9270296097,80.2309799194,32558,32568,10
12.9278297424,80.2310791016,32568,32578,10
12.9287099838,80.2312011719,32578,32588,10
12.929690361,80.2314071655,32588,32599,11
12.9308996201,80.2317199707,32599,32609,10
12.9320001602,80.2320709229,32609,32619,10
12.9329500198,80.2323913574,32619,32629,10
12.9336004257,80.2326812744,32629,32669,40
12.9336004257,80.2326812744,32669,32679,10
12.9341001511,80.2329330444,32679,32690,11
12.934920311,80.233291626,32690,32700,10
12.9353599548,80.2334976196,32700,32710,10
12.9357204437,80.2336883545,32710,32720,10
12.9361696243,80.2338867188,32720,32730,10
12.9366598129,80.2341384888,32730,32740,10
12.9372797012,80.2344284058,32740,32750,10
12.9380702972,80.2348022461,32750,32760,10
12.9388599396,80.235168457,32760,32770,10
12.9393501282,80.2354202271,32770,32781,11
12.9396600723,80.2355880737,32781,32821,40
12.9396600723,80.2355880737,32821,32831,10
12.939789772,80.2356719971,32831,32841,10
12.9401903152,80.2358627319,32841,32851,10
12.9408903122,80.2360229492,32851,32861,10
12.9416503906,80.2361984253,32861,32872,11
12.9427604675,80.2365493774,32872,32882,10
12.9435796738,80.237197876,32882,32892,10
12.944270134,80.2379684448,32892,32902,10
12.9450302124,80.2387695313,32902,32912,10
12.9458799362,80.2393875122,32912,32922,10
12.946849823,80.2397766113,32922,32932,10
12.9474401474,80.2400131226,32932,32942,10
12.9474496841,80.2400131226,32942,32952,10
12.9475097656,80.2400131226,32952,32963,11
12.9479398727,80.240196228,32963,32973,10
12.9485998154,80.2404785156,32973,33094,121
12.9485998154,80.2404785156,33094,33104,10
12.9488201141,80.2405776978,33104,33114,10
12.9490699768,80.2406921387,33114,33124,10
12.9494104385,80.2408676147,33124,33134,10
12.9499998093,80.2410430908,33134,33145,11
12.9509601593,80.2412796021,33145,33175,30
12.9509601593,80.2412796021,33175,33185,10
12.9511404037,80.2413864136,33185,33195,10
12.9513502121,80.2414627075,33195,33205,10
12.9517698288,80.2415924072,33205,33215,10
12.9526395798,80.241897583,33215,33225,10
12.9533996582,80.2421875,33225,33236,11
12.9538698196,80.2423706055,33236,33246,10
12.9544801712,80.2426223755,33246,33256,10
12.9550199509,80.2428436279,33256,33266,10
12.9557104111,80.2430801392,33266,33276,10
12.9563503265,80.243270874,33276,33296,20
12.9563503265,80.243270874,33296,33306,10
12.9569101334,80.243560791,33306,33316,10
12.9576196671,80.2439117432,33316,33326,10
12.9581003189,80.2441101074,33326,33337,11
12.9589004517,80.2444381714,33337,33357,20
12.9589004517,80.2444381714,33357,33367,10
12.9590101242,80.2444763184,33367,33377,10
12.9593896866,80.2446899414,33377,33387,10
12.9600696564,80.2449874878,33387,33397,10
12.960940361,80.2453918457,33397,33407,10
12.9619398117,80.245880127,33407,33417,10
12.9629402161,80.2463607788,33417,33438,21
12.9629402161,80.2463607788,33438,33448,10
12.9631004333,80.2465362549,33448,33458,10
12.9635095596,80.2467193604,33458,33468,10
12.9639596939,80.2469100952,33468,33478,10
12.9647197723,80.2471923828,33478,33488,10
12.9656400681,80.2474822998,33488,33498,10
12.966460228,80.2477874756,33498,33539,41
12.966460228,80.2477874756,33539,33549,10
12.9666595459,80.2478485107,33549,33559,10
12.9668397903,80.2479782104,33559,33569,10
12.967499733,80.2482910156,33569,33579,10
12.9684000015,80.2486572266,33579,33589,10
12.9693603516,80.2490081787,33589,33599,10
12.9703903198,80.2494430542,33599,33610,11
12.9716300964,80.2498397827,33610,33620,10
12.9727401733,80.2501220703,33620,33630,10
12.9738302231,80.2503967285,33630,33640,10
12.9749403,80.2507019043,33640,33650,10
12.976099968,80.2510681152,33650,33660,10
12.9771404266,80.2513275146,33660,33670,10
12.977930069,80.2518386841,33670,33680,10
12.9786195755,80.2523498535,33680,33701,21
12.9786195755,80.2523498535,33701,33711,10
12.9787902832,80.2524414063,33711,33721,10
12.9793596268,80.252571106,33721,33731,10
12.9798402786,80.2526321411,33731,33792,61
12.9798402786,80.2526321411,33792,33802,10
12.9801998138,80.2526702881,33802,33812,10
12.9810600281,80.2526168823,33812,33893,81
12.9810600281,80.2526168823,33893,33903,10
12.9814596176,80.2525863647,33903,33913,10
12.9820699692,80.252571106,33913,33923,10
12.9826698303,80.2525482178,33923,33933,10
12.9830904007,80.2525100708,33933,33943,10
12.983499527,80.252456665,33943,33953,10
12.9840698242,80.2523269653,33953,33963,10
12.9845600128,80.2521972656,33963,33974,11
12.9848804474,80.2521133423,33974,33984,10
12.9853200912,80.2519836426,33984,33994,10
12.9857797623,80.2518615723,33994,34004,10
12.986240387,80.251739502,34004,34014,10
12.9868402481,80.2515792847,34014,34024,10
12.9872999191,80.2514419556,34024,34033,9
12.987660408,80.2513427734,34033,34044,11
12.9882001877,80.2512283325,34044,34054,10
12.9889097214,80.2510604858,34054,34065,11
12.9894304276,80.2509002686,34065,34095,30
12.9894304276,80.2509002686,34095,34105,10
12.9895601273,80.2509307861,34105,34115,10
12.989979744,80.2508163452,34115,34125,10
12.9907503128,80.250617981,34125,34135,10
12.9916601181,80.2503967285,34135,34145,10
12.9926795959,80.2501602173,34145,34155,10
12.9938602448,80.2498626709,34155,34166,11
12.9952402115,80.2494888306,34166,34176,10
12.9962902069,80.2491607666,34176,34186,10
12.9965801239,80.2490921021,34186,34196,10
12.9967803955,80.2490463257,34196,34206,10
12.9973497391,80.248916626,34206,34216,10
12.9982204437,80.2487335205,34216,34226,10
12.9992599487,80.2484588623,34226,34236,10
13.0005197525,80.2481231689,34236,34246,10
13.0015897751,80.2478637695,34246,34257,11
13.0021400452,80.2477264404,34257,34267,10
13.0026502609,80.2476272583,34267,34277,10
13.0034503937,80.2474899292,34277,34287,10
13.0044002533,80.2473602295,34287,34297,10
13.0053300858,80.2472305298,34297,34307,10
13.0061502457,80.246963501,34307,34317,10
13.0064697266,80.2466125488,34317,34337,20
13.0064697266,80.2466125488,34337,34348,11
13.0066003799,80.2462081909,34348,34358,10
13.006649971,80.24559021,34358,34368,10
13.0066404343,80.2448883057,34368,34378,10
13.0066003799,80.2441635132,34378,34388,10
13.0065803528,80.2435379028,34388,34398,10
13.0065698624,80.2427902222,34398,34408,10
13.0065498352,80.2421035767,34408,34418,10
13.0065402985,80.2417221069,34418,34428,10
13.0065498352,80.241607666,34428,34439,11
13.0066099167,80.2409591675,34439,34519,80
13.0066099167,80.2409591675,34519,34530,11
13.0066299438,80.240852356,34530,34540,10
13.0066404343,80.2407913208,34540,34550,10
13.0067501068,80.2403564453,34550,34560,10
13.0068998337,80.2397689819,34560,34570,10
13.0070295334,80.2388687134,34570,34580,10
13.0071697235,80.2379989624,34580,34590,10
13.0073099136,80.2374420166,34590,34600,10
13.0073795319,80.2369766235,34600,34621,21
13.0073795319,80.2369766235,34621,34631,10
13.0074300766,80.2368087769,34631,34641,10
13.0075597763,80.2363204956,34641,34651,10
13.0076904297,80.2356491089,34651,34661,10
13.0077695847,80.2352218628,34661,34671,10
13.0078601837,80.2346572876,34671,34681,10
13.0080003738,80.2339477539,34681,34691,10
13.0081796646,80.2330169678,34691,34701,10
13.0084199905,80.231918335,34701,34712,11
13.008649826,80.230796814,34712,34722,10
13.0088500977,80.2297592163,34722,34732,10
13.009059906,80.2286300659,34732,34742,10
13.0094099045,80.2276611328,34742,34752,10
13.0098400116,80.2266693115,34752,34762,10
13.0102796555,80.2257003784,34762,34772,10
13.0105400085,80.2250823975,34772,34782,10
13.0107698441,80.2245635986,34782,34792,10
13.0110797882,80.2238311768,34792,34803,11
13.0114603043,80.2229537964,34803,34813,10
13.0116300583,80.2221298218,34813,34823,10
13.0118999481,80.2216186523,34823,34833,10
13.0122203827,80.2216033936,34833,34843,10
13.0125703812,80.2220535278,34843,34853,10
13.0129098892,80.2226028442,34853,34863,10
13.013420105,80.2230606079,34863,34873,10
13.0139303207,80.2236328125,34873,34883,10
13.0144100189,80.2241592407,34883,34893,10
13.0149803162,80.2246627808,34893,34914,21
13.0149803162,80.2246627808,34914,34924,10
13.0152196884,80.2247772217,34924,34934,10
13.015370369,80.2248764038,34934,34944,10
13.0154495239,80.2249526978,34944,34954,10
13.0155601501,80.2250900269,34954,34964,10
13.0159702301,80.2253112793,34964,34974,10
13.0166397095,80.225227356,34974,34984,10
13.0174398422,80.2249221802,34984,34995,11
13.0183200836,80.224571228,34995,35005,10
13.0187597275,80.2243804932,35005,35015,10
13.0190696716,80.2242965698,35015,35025,10
13.0193796158,80.2243270874,35025,35035,10
13.0196304321,80.2244796753,35035,35045,10
13.0198602676,80.2246627808,35045,35055,10
13.0201396942,80.2248535156,35055,35065,10
13.0201797485,80.2248687744,35065,35075,10
13.0203800201,80.2249908447,35075,35096,21
13.0203800201,80.2249908447,35096,35106,10
13.02064991,80.2251586914,35106,35116,10
13.0208396912,80.2253265381,35116,35126,10
13.0210695267,80.2255401611,35126,35146,20
13.0210695267,80.2255401611,35146,35156,10
13.0213003159,80.2257614136,35156,35207,51
13.0213003159,80.2257614136,35207,35217,10
13.0216503143,80.2258987427,35217,35227,10
13.0217599869,80.2259902954,35227,35237,10
13.0219697952,80.2261428833,35237,35247,10
13.0220899582,80.2262878418,35247,35278,31
13.0220899582,80.2262878418,35278,35288,10
13.0223703384,80.2265014648,35288,35298,10
13.0225200653,80.2266235352,35298,35308,10
13.0226402283,80.2267532349,35308,35318,10
13.0227499008,80.2269134521,35318,35328,10
13.0228004456,80.2269515991,35328,35338,10
13.0230102539,80.2272109985,35338,35359,21
13.0230102539,80.2272109985,35359,35369,10
13.0232400894,80.2275009155,35369,35379,10
13.0234203339,80.2276535034,35379,35389,10
13.0235595703,80.2277297974,35389,35399,10
13.0237398148,80.2279129028,35399,35409,10
13.0239295959,80.2280578613,35409,35429,20
13.0239295959,80.2280578613,35429,35439,10
13.0240602493,80.2282714844,35439,35450,11
13.024140358,80.2283401489,35450,35460,10
13.0243501663,80.2285308838,35460,35470,10
13.0245103836,80.2287521362,35470,35480,10
13.0247097015,80.2290420532,35480,35490,10
13.024939537,80.2293395996,35490,35500,10
13.0250902176,80.2295227051,35500,35510,10
13.0251398087,80.2295532227,35510,35520,10
13.0252799988,80.2296829224,35520,35530,10
13.0254402161,80.2298812866,35530,35540,10
13.0255498886,80.2300415039,35540,35551,11
13.0256900787,80.2302780151,35551,35561,10
13.0257396698,80.2303695679,35561,35571,10
13.0258598328,80.2305374146,35571,35581,10
13.0260000229,80.2309570313,35581,35591,10
13.0262098312,80.2312316895,35591,35601,10
13.0268001556,80.2311019897,35601,35611,10
13.0275297165,80.23097229,35611,35621,10
13.0280303955,80.2309188843,35621,35631,10
13.0280504227,80.2309188843,35631,35642,11
13.0285997391,80.2308502197,35642,35652,10
13.029009819,80.2308425903,35652,35662,10
13.0293598175,80.230796814,35662,35672,10
13.0301399231,80.2307434082,35672,35692,20
13.0301399231,80.2307434082,35692,35702,10
13.0304498672,80.2306976318,35702,35712,10
13.0308198929,80.2306671143,35712,35722,10
13.0314903259,80.2306213379,35722,35733,11
13.0323095322,80.2305603027,35733,35743,10
13.032959938,80.2304992676,35743,35753,10
13.0335597992,80.2304763794,35753,35813,60
13.0335597992,80.2304763794,35813,35824,11
13.0338096619,80.2304992676,35824,35834,10
13.0341396332,80.2304611206,35834,35854,20
13.0341396332,80.2304611206,35854,35864,10
13.0346097946,80.2303237915,35864,35874,10
13.0348596573,80.2301635742,35874,35884,10
13.0350503922,80.229888916,35884,35894,10
13.0348396301,80.2297897339,35894,35904,10
13.0344400406,80.2297210693,35904,36218,314
13.0344400406,80.2297210693,36218,36228,10
13.034239769,80.2300491333,36228,36258,30
13.034239769,80.2300491333,36258,36268,10
13.0341396332,80.2303009033,36268,36278,10
13.0339403152,80.2303314209,36278,36289,11
13.0335702896,80.2303390503,36289,36299,10
13.0334396362,80.2303924561,36299,36309,10
13.0327997208,80.2304534912,36309,36319,10
13.031920433,80.2305526733,36319,36329,10
13.031129837,80.2306289673,36329,36339,10
13.0309400558,80.2306671143,36339,36349,10
13.0307302475,80.2307128906,36349,36359,10
13.03028965,80.2307662964,36359,36369,10
13.0299501419,80.230796814,36369,36390,21
13.0299501419,80.230796814,36390,36400,10
13.029709816,80.2308273315,36400,36410,10
13.0293397903,80.2308578491,36410,36420,10
13.0287303925,80.2309417725,36420,36430,10
13.0281095505,80.23097229,36430,36440,10
13.0278100967,80.2310562134,36440,36450,10
13.0277795792,80.231262207,36450,36460,10
13.027759552,80.2314605713,36460,36471,11
13.0277795792,80.2316207886,36471,36481,10
13.0277996063,80.2319564819,36481,36491,10
13.0278196335,80.232093811,36491,36501,10
13.0278701782,80.2322616577,36501,36511,10
13.027879715,80.232711792,36511,36531,20
13.0277500153,80.2327804565,36531,36551,20
13.0276203156,80.2328033447,36551,36683,132
13.0276203156,80.2328033447,36683,36693,10
13.0272397995,80.2329177856,36693,36703,10
13.0271196365,80.2329406738,36703,36713,10
13.0268697739,80.232963562,36713,36723,10
13.026599884,80.232963562,36723,36733,10
13.0264101028,80.2327575684,36733,36744,11
13.0262203217,80.232131958,36744,36754,10
13.0260696411,80.2315216064,36754,36764,10
13.0258798599,80.2308120728,36764,36774,10
13.0255002975,80.2300567627,36774,36784,10
13.0253295898,80.2298431396,36784,36794,10
13.0251998901,80.2296905518,36794,36804,10
13.0249996185,80.2294616699,36804,36814,10
13.0248098373,80.2292175293,36814,36824,10
13.024600029,80.2289581299,36824,36834,10
13.024430275,80.2287521362,36834,36845,11
13.0241804123,80.2284393311,36845,36855,10
13.0238599777,80.2280426025,36855,36865,10
13.0234603882,80.2276611328,36865,36895,30
13.0234603882,80.2276611328,36895,36905,10
13.0230703354,80.2272720337,36905,36915,10
13.0225296021,80.2267837524,36915,36925,10
13.0221204758,80.2264099121,36925,36936,11
13.0216598511,80.22605896,36936,36946,10
13.0211400986,80.2256469727,36946,36956,10
13.0206403732,80.2252883911,36956,36966,10
13.0201597214,80.2249679565,36966,36976,10
13.0194997787,80.2245483398,36976,36986,10
13.0185899734,80.224571228,36986,36996,10
13.0177097321,80.224937439,36996,37006,10
13.0168895721,80.2252807617,37006,37016,10
13.0166196823,80.2253875732,37016,37027,11
13.0163497925,80.2254714966,37027,37037,10
13.0158004761,80.2256393433,37037,37047,10
13.0152397156,80.2258682251,37047,37057,10
13.0145998001,80.2261581421,37057,37077,20
13.0145998001,80.2261581421,37077,37087,10
13.0141401291,80.226348877,37087,37097,10
13.013589859,80.2265319824,37097,37107,10
13.0129995346,80.2267379761,37107,37118,11
13.0120897293,80.2271118164,37118,37128,10
13.0111103058,80.2275238037,37128,37138,10
13.0100898743,80.2279434204,37138,37148,10
13.0092496872,80.2284088135,37148,37158,10
13.0090703964,80.2292022705,37158,37168,10
13.0088701248,80.23021698,37168,37178,10
13.0086803436,80.2311630249,37178,37188,10
13.0085000992,80.2320480347,37188,37198,10
13.0083303452,80.232963562,37198,37209,11
13.0082702637,80.2335281372,37209,37219,10
13.0082502365,80.2335968018,37219,37229,10
13.0081501007,80.2339172363,37229,37239,10
13.0080604553,80.2344512939,37239,37249,10
13.0080099106,80.2346115112,37249,37259,10
13.007900238,80.2350387573,37259,37269,10
13.0077695847,80.235748291,37269,37279,10
13.007610321,80.2366333008,37279,37289,10
13.0074596405,80.2374572754,37289,37300,11
13.0072898865,80.2383270264,37300,37310,10
13.0071601868,80.2388763428,37310,37320,10
13.0070495605,80.2394332886,37320,37330,10
13.0069198608,80.2402267456,37330,37340,10
13.0068702698,80.2405776978,37340,37350,10
13.0068302155,80.2407913208,37350,37360,10
13.0067796707,80.2413635254,37360,37370,10
13.0067596436,80.242149353,37370,37380,10
13.0067596436,80.2429275513,37380,37391,11
13.0067596436,80.2431716919,37391,37401,10
13.0067501068,80.2434997559,37401,37411,10
13.0067501068,80.2440109253,37411,37421,10
13.0067195892,80.2445831299,37421,37431,10
13.0067195892,80.2449874878,37431,37441,10
13.0067396164,80.2454376221,37441,37461,20
13.0067396164,80.2454376221,37461,37471,10
13.0067501068,80.24584198,37471,37482,11
13.0067501068,80.2461013794,37482,37492,10
13.0067901611,80.2465286255,37492,37502,10
13.0068101883,80.2470169067,37502,37512,10
13.0067796707,80.2471389771,37512,37522,10
13.0067100525,80.2473220825,37522,37532,10
13.0062599182,80.2473983765,37532,37542,10
13.0062103271,80.2474136353,37542,37552,10
13.0058403015,80.2473983765,37552,37562,10
13.005200386,80.2473678589,37562,37572,10
13.0043001175,80.247428894,37572,37583,11
13.0030698776,80.2475967407,37583,37593,10
13.0020599365,80.2478179932,37593,37603,10
13.0009803772,80.2481079102,37603,37613,10
12.9997396469,80.2484207153,37613,37623,10
12.998550415,80.2487487793,37623,37633,10
12.9979295731,80.248916626,37633,37643,10
12.9978199005,80.2489471436,37643,37653,10
12.9972000122,80.2490768433,37653,37663,10
12.9962596893,80.2492218018,37663,37674,11
12.995059967,80.2495117188,37674,37684,10
12.9939002991,80.2498703003,37684,37694,10
12.9926395416,80.2501983643,37694,37704,10
12.9916400909,80.2504730225,37704,37714,10
12.9911003113,80.250617981,37714,37765,51
12.9911003113,80.250617981,37765,37775,10
12.9909000397,80.2506103516,37775,37785,10
12.9905195236,80.2507095337,37785,37795,10
12.9898700714,80.2508621216,37795,37805,10
12.9892997742,80.2509918213,37805,37815,10
12.9889001846,80.2511520386,37815,37825,10
12.9884300232,80.2512893677,37825,37835,10
12.9879999161,80.2514038086,37835,37845,10
12.9875402451,80.2515029907,37845,37856,11
12.9871101379,80.2516174316,37856,37866,10
12.9866199493,80.2517471313,37866,37876,10
12.9858999252,80.2519378662,37876,37886,10
12.9848499298,80.2521896362,37886,37896,10
12.9836397171,80.2524871826,37896,37906,10
12.9825801849,80.2526397705,37906,37916,10
12.9816198349,80.2527008057,37916,37926,10
12.9807500839,80.252746582,37926,37957,31
12.9807500839,80.252746582,37957,37967,10
12.9804401398,80.2527923584,37967,37977,10
12.9800395966,80.2528076172,37977,38007,30
12.9800395966,80.2528076172,38007,38017,10
12.9798498154,80.2527236938,38017,38027,10
12.9795103073,80.2526702881,38027,38038,11
12.9787197113,80.2526168823,38038,38058,20
12.9787197113,80.2526168823,38058,38068,10
12.9784202576,80.2524719238,38068,38078,10
12.9778604507,80.2520294189,38078,38088,10
12.9770402908,80.2514190674,38088,38098,10
12.9759197235,80.2510604858,38098,38108,10
12.9748601913,80.2507324219,38108,38118,10
12.9738502502,80.2504196167,38118,38129,11
12.9727602005,80.2501373291,38129,38139,10
12.9716901779,80.2498474121,38139,38149,10
12.9706001282,80.2495422363,38149,38159,10
12.9696397781,80.2491836548,38159,38169,10
12.9686403275,80.248840332,38169,38179,10
12.9677696228,80.2484970093,38179,38189,10
12.9667396545,80.2480392456,38189,38199,10
12.9657201767,80.2475967407,38199,38209,10
12.9650402069,80.2473907471,38209,38219,10
12.9650096893,80.2473831177,38219,38230,11
12.9648103714,80.2473068237,38230,38240,10
12.9645900726,80.2472076416,38240,38250,10
12.9644498825,80.2471618652,38250,38260,10
12.9642601013,80.2470932007,38260,38270,10
12.9640398026,80.2470016479,38270,38280,10
12.9638204575,80.2469329834,38280,38310,30
12.9638204575,80.2469329834,38310,38321,11
12.9636602402,80.2468566895,38321,38331,10
12.9632196426,80.2466430664,38331,38341,10
12.962439537,80.2462387085,38341,38351,10
12.9614295959,80.2457199097,38351,38361,10
12.9602804184,80.2452011108,38361,38371,10
12.959400177,80.2448120117,38371,38381,10
12.9593400955,80.244758606,38381,38391,10
12.9589500427,80.2445831299,38391,38401,10
12.9582395554,80.2442932129,38401,38412,11
12.9579801559,80.2442016602,38412,38422,10
12.9570198059,80.2439117432,38422,38442,20
12.9568796158,80.2438583374,38442,38492,50
12.9565200806,80.2437667847,38492,38523,31
12.9565200806,80.2437667847,38523,38533,10
12.9564695358,80.2437133789,38533,38543,10
12.9563903809,80.2436828613,38543,38553,10
12.9560804367,80.2435531616,38553,38563,10
12.9554395676,80.2431716919,38563,38573,10
12.9547996521,80.2428665161,38573,38583,10
12.9541702271,80.2425994873,38583,38594,11
12.9537000656,80.2424316406,38594,38604,10
12.9531202316,80.2421722412,38604,38614,10
12.9523801804,80.2418823242,38614,38624,10
12.9516401291,80.2416610718,38624,38634,10
12.9515104294,80.2416305542,38634,38644,10
12.9509897232,80.2414398193,38644,38654,10
12.9503698349,80.2412261963,38654,38664,10
12.9497003555,80.2410430908,38664,38674,10
12.9491100311,80.2408599854,38674,38685,11
12.948340416,80.2405319214,38685,38695,10
12.9475297928,80.240196228,38695,38705,10
12.9472703934,80.2400970459,38705,38715,10
12.9472103119,80.2400588989,38715,38725,10
12.9467601776,80.2398529053,38725,38735,10
12.9459695816,80.2395172119,38735,38745,10
12.9451398849,80.2390365601,38745,38755,10
12.9444198608,80.2382888794,38755,38765,10
12.9436998367,80.237487793,38765,38776,11
12.9432001114,80.2369613647,38776,38786,10
12.9423999786,80.2364807129,38786,38796,10
12.9412603378,80.2361602783,38796,38806,10
12.9401397705,80.2359008789,38806,38816,10
12.9397201538,80.2357635498,38816,38826,10
12.9396095276,80.235710144,38826,38836,10
12.9394197464,80.2356185913,38836,38846,10
12.9388103485,80.2352981567,38846,38855,9
12.9380903244,80.2349319458,38855,38867,12
12.936920166,80.2343673706,38867,38877,10
12.9360799789,80.2339782715,38877,38887,10
12.9359397888,80.2339172363,38887,38897,10
12.9357204437,80.2338180542,38897,38907,10
12.9352903366,80.2336273193,38907,38917,10
12.934510231,80.2332611084,38917,38927,10
12.9338798523,80.233001709,38927,38937,10
12.9338598251,80.233001709,38937,38947,10
12.9336395264,80.2328720093,38947,38957,10
12.9329004288,80.2325363159,38957,38968,11
12.9320802689,80.2322463989,38968,38978,10
12.9312200546,80.2319869995,38978,38988,10
12.9301795959,80.2316818237,38988,38998,10
12.9291200638,80.2314376831,38998,39008,10
12.9284601212,80.2313079834,39008,39018,10
12.9274902344,80.2311630249,39018,39028,10
12.9264602661,80.2310409546,39028,39038,10
12.9260196686,80.2310180664,39038,39048,10
12.9257297516,80.2309875488,39048,39059,11
12.9249801636,80.2308731079,39059,39069,10
12.9240503311,80.2307662964,39069,39079,10
12.9229097366,80.2306137085,39079,39089,10
12.9216098785,80.2304077148,39089,39099,10
12.9202003479,80.2302322388,39099,39109,10
12.9188203812,80.2300491333,39109,39119,10
12.9175701141,80.2299194336,39119,39129,10
12.9163503647,80.2297286987,39129,39139,10
12.9152202606,80.2295532227,39139,39150,11
12.9140701294,80.2294082642,39150,39160,10
12.9132795334,80.2293395996,39160,39170,10
12.9131402969,80.229309082,39170,39180,10
12.9127502441,80.2292175293,39180,39190,10
12.9119997025,80.2291107178,39190,39200,10
12.9111204147,80.2289962769,39200,39210,10
12.9101800919,80.2288665771,39210,39220,10
12.9092302322,80.2287063599,39220,39230,10
12.9081401825,80.228553772,39230,39281,51
12.9081401825,80.228553772,39281,39291,10
12.9079904556,80.2285003662,39291,39372,81
12.9079904556,80.2285003662,39372,39382,10
12.9077997208,80.2284622192,39382,39392,10
12.9073200226,80.2284011841,39392,39402,10
12.9067201614,80.2283325195,39402,39412,10
12.9062204361,80.2282791138,39412,39423,11
12.9059200287,80.2282409668,39423,39433,10
12.9053401947,80.2282409668,39433,39443,10
12.9046001434,80.2282180786,39443,39453,10
12.9038000107,80.2281799316,39453,39493,40
12.9038000107,80.2281799316,39493,39503,10
12.9036998749,80.2282028198,39503,39513,10
12.9032402039,80.2281723022,39513,39524,11
12.9028100967,80.2281417847,39524,39534,10
12.9024896622,80.2281188965,39534,39544,10
12.9021196365,80.2281036377,39544,39554,10
12.9017801285,80.2280807495,39554,39564,10
12.9016399384,80.2280578613,39564,39574,10
12.9013004303,80.2280273438,39574,39584,10
12.9009504318,80.2280197144,39584,39594,10
12.9007301331,80.2279891968,39594,39604,10
12.9004602432,80.2279815674,39604,39615,11
12.9002599716,80.2279815674,39615,39625,10
12.8996696472,80.2279281616,39625,39645,20
12.8996696472,80.2279281616,39645,39655,10
12.8995599747,80.2279281616,39655,39665,10
12.8994598389,80.2279281616,39665,39675,10
12.899140358,80.227897644,39675,39685,10
12.8991003036,80.2279129028,39685,39695,10
12.8988304138,80.2278594971,39695,39706,11
12.8981895447,80.2278213501,39706,39716,10
12.8973703384,80.2277679443,39716,39726,10
12.8964796066,80.227722168,39726,39736,10
12.8954000473,80.2276763916,39736,39746,10
12.8942604065,80.2276077271,39746,39756,10
12.8929395676,80.2274780273,39756,39786,30
12.8929395676,80.2274780273,39786,39797,11
12.8926200867,80.2274398804,39797,39807,10
12.8921003342,80.2273788452,39807,39817,10
12.8912696838,80.2273406982,39817,39827,10
12.8902797699,80.2273635864,39827,39837,10
12.8891496658,80.2273788452,39837,39847,10
12.8880901337,80.2273101807,39847,39857,10
12.8869695663,80.2271575928,39857,39867,10
12.8858604431,80.2269134521,39867,39877,10
12.885219574,80.2267913818,39877,39888,11
12.8848695755,80.2267608643,39888,39898,10
12.8846998215,80.2267303467,39898,39908,10
12.8840904236,80.2267074585,39908,39918,10
12.8832101822,80.2267074585,39918,39928,10
12.8821496964,80.2267074585,39928,39938,10
12.8809995651,80.2267227173,39938,39948,10
12.8797798157,80.2267303467,39948,39958,10
12.8785200119,80.2267913818,39958,39968,10
12.8774499893,80.2268981934,39968,39979,11
12.8769798279,80.2269363403,39979,39989,10
12.8765201569,80.2269821167,39989,40009,20
12.8765201569,80.2269821167,40009,40019,10
12.8762598038,80.2269821167,40019,40029,10
12.8757696152,80.2269821167,40029,40039,10
12.8749799728,80.2269134521,40039,40049,10
12.87403965,80.2267990112,40049,40059,10
12.8729801178,80.2267227173,40059,40070,11
12.8717403412,80.2266769409,40070,40080,10
12.8704996109,80.226600647,40080,40090,10
12.8691701889,80.2264633179,40090,40100,10
12.8677797318,80.2264022827,40100,40110,10
12.8664703369,80.2265319824,40110,40120,10
12.8651199341,80.2265625,40120,40130,10
12.8636302948,80.2265167236,40130,40140,10
12.8621997833,80.2265625,40140,40150,10
12.8611097336,80.2266082764,40150,40160,10
12.8610200882,80.226600647,40160,40171,11
12.8605804443,80.2265625,40171,40181,10
12.859869957,80.2264709473,40181,40191,10
12.8589696884,80.2263412476,40191,40201,10
12.858039856,80.2262573242,40201,40211,10
12.8569602966,80.2263183594,40211,40221,10
12.8557395935,80.2264404297,40221,40231,10
12.8543395996,80.2265930176,40231,40241,10
12.8528604507,80.2266998291,40241,40251,10
12.8513402939,80.2266387939,40251,40262,11
12.8501501083,80.226600647,40262,40272,10
12.849820137,80.2266082764,40272,40282,10
12.8494796753,80.226600647,40282,40292,10
12.8486299515,80.226600647,40292,40302,10
12.8475704193,80.226600647,40302,40312,10
12.8464698792,80.226600647,40312,40322,10
12.8459596634,80.226600647,40322,40332,10
12.8456401825,80.226600647,40332,40342,10
12.8453798294,80.2266235352,40342,40353,11
12.845290184,80.2266235352,40353,40363,10
12.8448400497,80.2266464233,40363,40373,10
12.8441200256,80.2266998291,40373,40383,10
12.8432302475,80.2268218994,40383,40393,10
12.8420801163,80.2269897461,40393,40403,10
12.8409204483,80.2273330688,40403,40413,10
12.8406095505,80.227432251,40413,40423,10
12.8405303955,80.2274627686,40423,40433,10
12.8403396606,80.2275314331,40433,40484,51
12.8399896622,80.2276992798,40484,40524,40
12.8399896622,80.2276992798,40524,40535,11
12.8397397995,80.2277984619,40535,40545,10
12.8395795822,80.2278823853,40545,40555,10
12.8389396667,80.2279815674,40555,40565,10
12.838060379,80.2281723022,40565,40575,10
12.8370304108,80.2283477783,40575,40585,10
12.8358297348,80.2285003662,40585,40595,10
12.8345603943,80.2286911011,40595,40605,10
12.8332901001,80.2289428711,40605,40615,10
12.8323097229,80.2291412354,40615,40626,11
12.8321800232,80.2291564941,40626,40636,10
12.8320102692,80.2291870117,40636,40646,10
12.8317699432,80.2292480469,40646,40656,10
12.8311004639,80.2294311523,40656,40666,10
12.8301401138,80.2297821045,40666,40676,10
12.8289699554,80.2302398682,40676,40686,10
12.8278398514,80.2308578491,40686,40696,10
12.8266897202,80.2313308716,40696,40706,10
12.8258199692,80.2314529419,40706,40717,11
12.8253803253,80.2314834595,40717,40727,10
12.8246097565,80.2313995361,40727,40737,10
12.8237400055,80.2311630249,40737,40747,10
12.8226995468,80.2308425903,40747,40757,10
12.8215999603,80.2305374146,40757,40767,10
12.8205604553,80.2304992676,40767,40777,10
12.8195199966,80.2305374146,40777,40787,10
12.8188400269,80.2305374146,40787,40797,10
12.8186903,80.2304763794,40797,40807,10
12.8180904388,80.230178833,40807,40818,11
12.8171396255,80.2297515869,40818,40828,10
12.8159799576,80.2294769287,40828,40838,10
12.8147001266,80.2292785645,40838,40848,10
12.8134098053,80.2289810181,40848,40858,10
12.8120203018,80.2284927368,40858,40868,10
12.8106203079,80.2279586792,40868,40878,10
12.8092603683,80.2273406982,40878,40888,10
12.8081598282,80.2265014648,40888,40898,10
12.8071603775,80.2256469727,40898,40909,11
12.8064203262,80.2249832153,40909,40919,10
12.8057603836,80.2244033813,40919,40929,10
12.8051595688,80.2240829468,40929,40939,10
12.8048200607,80.2240066528,40939,40949,10
12.8045196533,80.2239608765,40949,40958,9
12.8037900925,80.2239074707,40958,40969,11
12.8027000427,80.2238006592,40969,40979,10
12.8014602661,80.2236480713,40979,40989,10
12.8002700806,80.2235336304,40989,41000,11
12.7988500595,80.2234420776,41000,41010,10
12.7975196838,80.2232513428,41010,41020,10
12.7962703705,80.2230300903,41020,41030,10
12.7952804565,80.2228393555,41030,41040,10
12.7941198349,80.2226409912,41040,41050,10
12.7928800583,80.2224578857,41050,41060,10
12.7917404175,80.2222213745,41060,41070,10
12.7906599045,80.2219467163,41070,41080,10
12.7897100449,80.2217025757,41080,41091,11
12.7890501022,80.2214736938,41091,41101,10
12.7884597778,80.2212600708,41101,41111,10
12.7877101898,80.2209320068,41111,41141,30
12.7877101898,80.2209320068,41141,41151,10
12.7876396179,80.2209320068,41151,41161,10
12.7873096466,80.2208175659,41161,41171,10
12.7870798111,80.2207336426,41171,41182,11
12.7867898941,80.2206268311,41182,41192,10
12.7866601944,80.2205963135,41192,41202,10
12.7864599228,80.2204971313,41202,41212,10
12.7862300873,80.2204208374,41212,41222,10
12.7861604691,80.2205581665,41222,41232,10
12.786190033,80.220916748,41232,41242,10
12.7862300873,80.2211914063,41242,41252,10
12.7862701416,80.2216720581,41252,41262,10
12.7862100601,80.2219314575,41262,41709,447
12.7862100601,80.2219314575,41709,41719,10
12.7861700058,80.2217407227,41719,41730,11
12.7861700058,80.2215118408,41730,41740,10
12.7861700058,80.2212219238,41740,41750,10
12.7861604691,80.220916748,41750,41790,40
12.7861604691,80.220916748,41790,41800,10
12.7861700058,80.2205581665,41800,41810,10
12.7861700058,80.2205429077,41810,41821,11
12.7863197327,80.2203674316,41821,41841,20
12.7863197327,80.2203674316,41841,41851,10
12.7865800858,80.2204971313,41851,41952,101
12.7865800858,80.2204971313,41952,41962,10
12.7871799469,80.2207183838,41962,41972,10
12.7877597809,80.2209014893,41972,41982,10
12.7884597778,80.2211380005,41982,41992,10
12.7891101837,80.2213592529,41992,42002,10
12.7897500992,80.2216033936,42002,42013,11
12.7906503677,80.2218399048,42013,42023,10
12.7917098999,80.2221221924,42023,42033,10
12.7928600311,80.222366333,42033,42043,10
12.7940502167,80.2225570679,42043,42053,10
12.7952203751,80.2227478027,42053,42063,10
12.7961997986,80.22290802,42063,42073,10
12.7963895798,80.2229385376,42073,42083,10
12.7967395782,80.2230224609,42083,42093,10
12.7974700928,80.22315979,42093,42104,11
12.7984695435,80.2232971191,42104,42114,10
12.7995004654,80.2234115601,42114,42124,10
12.8005895615,80.2235107422,42124,42134,10
12.801440239,80.2235794067,42134,42144,10
12.8017101288,80.2236175537,42144,42154,10
12.8024396896,80.2237091064,42154,42164,10
12.8032503128,80.2238311768,42164,42174,10
12.8041496277,80.2238922119,42174,42184,10
12.8048400879,80.2239532471,42184,42195,11
12.8054704666,80.2241134644,42195,42205,10
12.8054800034,80.2241210938,42205,42215,10
12.8055295944,80.2241592407,42215,42225,10
12.8057699203,80.224319458,42225,42235,10
12.8060302734,80.2245178223,42235,42245,10
12.8068599701,80.2252502441,42245,42255,10
12.8076000214,80.2258605957,42255,42265,10
12.8083095551,80.2264480591,42265,42275,10
12.8089895248,80.2270126343,42275,42286,11
12.8098497391,80.2275314331,42286,42296,10
12.8107500076,80.2279129028,42296,42306,10
12.8118495941,80.2283325195,42306,42316,10
12.8130702972,80.2287826538,42316,42326,10
12.8143596649,80.2291717529,42326,42336,10
12.8157196045,80.2293777466,42336,42346,10
12.8171100616,80.229637146,42346,42356,10
12.8183403015,80.2301712036,42356,42366,10
12.8194799423,80.23046875,42366,42377,11
12.8197498322,80.2304534912,42377,42387,10
12.8198003769,80.2304534912,42387,42397,10
12.8203697205,80.2304382324,42397,42407,10
12.8212795258,80.2304382324,42407,42417,10
12.8222703934,80.2306289673,42417,42427,10
12.8234100342,80.2309570313,42427,42437,10
12.8245697021,80.2312469482,42437,42447,10
12.8257598877,80.231338501,42447,42457,10
12.8269500732,80.2312316895,42457,42468,11
12.8282299042,80.2306137085,42468,42478,10
12.8294000626,80.2300109863,42478,42488,10
12.8303403854,80.2296524048,42488,42498,10
12.8309202194,80.2294235229,42498,42508,10
12.8310098648,80.2293777466,42508,42518,10
12.8312902451,80.2292785645,42518,42528,10
12.8316698074,80.2291717529,42528,42538,10
12.8322200775,80.2290267944,42538,42548,10
12.8329696655,80.2288894653,42548,42558,10
12.8337697983,80.2287597656,42558,42569,11
12.8346595764,80.2286071777,42569,42579,10
12.8354997635,80.2284927368,42579,42589,10
12.8364601135,80.2283401489,42589,42599,10
12.8374004364,80.228187561,42599,42609,10
12.8384199142,80.2279815674,42609,42619,10
12.8392000198,80.2277374268,42619,42629,10
12.8395996094,80.2276077271,42629,42639,10
12.8398895264,80.2275466919,42639,42649,10
12.8404197693,80.2274398804,42649,42660,11
12.8410797119,80.2272720337,42660,42670,10
12.8418598175,80.2270736694,42670,42680,10
12.8427495956,80.2269592285,42680,42690,10
12.8436803818,80.2268218994,42690,42700,10
12.8445997238,80.2267074585,42700,42710,10
12.8453798294,80.2266387939,42710,42720,10
12.8454799652,80.2266235352,42720,42730,10
12.8458995819,80.226600647,42730,42740,10
12.8466396332,80.2265777588,42740,42751,11
12.8476400375,80.2265625,42751,42761,10
12.8486003876,80.2265472412,42761,42771,10
12.8495998383,80.2265396118,42771,42781,10
12.850060463,80.2265167236,42781,42791,10
12.8502502441,80.2265167236,42791,42801,10
12.8509397507,80.2265396118,42801,42811,10
12.8519001007,80.2266082764,42811,42821,10
12.85297966,80.2266616821,42821,42831,10
12.8541603088,80.2265701294,42831,42842,11
12.8555698395,80.2264328003,42842,42852,10
12.8569402695,80.2262802124,42852,42862,10
12.8582000732,80.2261810303,42862,42872,10
12.8593196869,80.2262878418,42872,42882,10
12.8604001999,80.2264404297,42882,42892,10
12.8607597351,80.2264785767,42892,42902,10
12.8610801697,80.2265090942,42902,42912,10
12.8618202209,80.2265090942,42912,42922,10
12.8628396988,80.2264633179,42922,42933,11
12.8641901016,80.2265014648,42933,42943,10
12.8654499054,80.2265625,42943,42953,10
12.8666000366,80.2265014648,42953,42963,10
12.8679199219,80.2263793945,42963,42973,10
12.8693199158,80.2264328003,42973,42983,10
12.870759964,80.2265701294,42983,42993,10
12.8721103668,80.2266235352,42993,43003,10
12.8729400635,80.2266311646,43003,43013,10
12.8729496002,80.2266311646,43013,43024,11
12.8732795715,80.2266387939,43024,43034,10
12.8736200333,80.2266616821,43034,43044,10
12.8740196228,80.2266998291,43044,43054,10
12.874540329,80.2267608643,43054,43064,10
12.8753004074,80.226852417,43064,43074,10
12.876250267,80.2268981934,43074,43084,10
12.8767404556,80.2268600464,43084,43094,10
12.8769397736,80.226852417,43094,43104,10
12.8775997162,80.2267990112,43104,43115,11
12.8785896301,80.2267303467,43115,43125,10
12.8796100616,80.2266769409,43125,43135,10
12.880689621,80.2266693115,43135,43145,10
12.8818502426,80.2266616821,43145,43155,10
12.8830604553,80.2266616821,43155,43165,10
12.8843002319,80.2266387939,43165,43175,10
12.8852596283,80.2266616821,43175,43195,20
12.8852596283,80.2266616821,43195,43206,11
12.885310173,80.2266693115,43206,43216,10
12.8857803345,80.2267837524,43216,43226,10
12.886590004,80.2269973755,43226,43236,10
12.8876600266,80.2272186279,43236,43246,10
12.8889198303,80.2273025513,43246,43256,10
12.8903198242,80.2273025513,43256,43266,10
12.8917503357,80.2273330688,43266,43276,10
12.8929796219,80.2274169922,43276,43286,10
12.8942203522,80.2275390625,43286,43296,10
12.895409584,80.2276000977,43296,43307,11
12.8967199326,80.2276611328,43307,43317,10
12.8979597092,80.2277374268,43317,43327,10
12.8990802765,80.2277984619,43327,43337,10
12.8999004364,80.2278137207,43337,43347,10
12.9001197815,80.2278366089,43347,43357,10
12.900349617,80.2278594971,43357,43367,10
12.9006795883,80.2278823853,43367,43377,10
12.9012098312,80.2279205322,43377,43387,10
12.9017496109,80.2279281616,43387,43398,11
12.9020595551,80.2279586792,43398,43408,10
12.9022197723,80.2279891968,43408,43418,10
12.9026002884,80.228012085,43418,43428,10
12.9027299881,80.228012085,43428,43438,10
12.9028596878,80.228012085,43438,43448,10
12.9034404755,80.2280426025,43448,43458,10
12.9041996002,80.2280807495,43458,43468,10
12.904999733,80.2281494141,43468,43478,10
12.9064598083,80.2282104492,43478,43519,41
12.9064598083,80.2282104492,43519,43529,10
12.9067401886,80.2282180786,43529,43539,10
12.9070196152,80.2282409668,43539,43549,10
12.9076499939,80.2283172607,43549,43559,10
12.9085998535,80.2284698486,43559,43569,10
12.9096498489,80.2286376953,43569,43580,11
12.911190033,80.2288818359,43580,43590,10
12.9124603271,80.2290878296,43590,43600,10
12.9139699936,80.2293014526,43600,43620,20
12.9139699936,80.2293014526,43620,43630,10
12.9145002365,80.2294006348,43630,43640,10
12.9152603149,80.2294921875,43640,43650,10
12.9161996841,80.229637146,43650,43660,10
12.91726017,80.2297821045,43660,43671,11
12.9187297821,80.2299804688,43671,43681,10
12.920249939,80.2301712036,43681,43691,10
12.9216098785,80.2303314209,43691,43701,10
12.9230899811,80.2305831909,43701,43711,10
12.924659729,80.2307815552,43711,43721,10
12.926030159,80.2309265137,43721,43731,10
12.9263801575,80.2309417725,43731,43741,10
12.9268198013,80.2310028076,43741,43751,10
12.9276504517,80.2311096191,43751,43762,11
12.9286699295,80.2312698364,43762,43772,10
12.9297103882,80.2314910889,43772,43782,10
12.9308204651,80.2317810059,43782,43792,10
12.9319601059,80.232131958,43792,43802,10
12.9330596924,80.2324981689,43802,43812,10
12.9336996078,80.2327575684,43812,43822,10
12.9337701797,80.2328186035,43822,43832,10
12.9342002869,80.233001709,43832,43842,10
12.9349098206,80.2333297729,43842,43853,11
12.935549736,80.2336502075,43853,43863,10
12.9360599518,80.2338867188,43863,43873,10
12.9367399216,80.2342376709,43873,43883,10
12.9376296997,80.2346725464,43883,43893,10
12.9386997223,80.2351989746,43893,43903,10
12.9395704269,80.2356414795,43903,43913,10
12.9398403168,80.2357406616,43913,43923,10
12.939909935,80.2357711792,43923,43933,10
12.9404096603,80.2359466553,43933,43944,11
12.9412603378,80.2361526489,43944,43954,10
12.9421796799,80.236366272,43954,43964,10
12.9431400299,80.2368164063,43964,43974,10
12.9439601898,80.2376174927,43974,43984,10
12.9447603226,80.2385787964,43984,43994,10
12.9457502365,80.2392807007,43994,44004,10
12.9468002319,80.2397384644,44004,44014,10
12.9474000931,80.2399978638,44014,44024,10
12.9475002289,80.2400588989,44024,44035,11
12.9480600357,80.2403030396,44035,44045,10
12.9485797882,80.2404937744,44045,44055,10
12.9486999512,80.2405319214,44055,44065,10
12.9489803314,80.2406692505,44065,44075,10
12.9494304657,80.2408599854,44075,44085,10
12.9500904083,80.2410583496,44085,44095,10
12.9507598877,80.2412490845,44095,44105,10
12.9510297775,80.2413406372,44105,44115,10
12.951210022,80.2414627075,44115,44126,11
12.9517698288,80.2416610718,44126,44136,10
12.9524002075,80.241859436,44136,44146,10
12.9532299042,80.2421722412,44146,44156,10
12.9541597366,80.2425537109,44156,44166,10
12.9550695419,80.2429122925,44166,44176,10
12.9563503265,80.2434387207,44176,44206,30
12.9563503265,80.2434387207,44206,44216,10
12.956580162,80.2435302734,44216,44227,11
12.9572896957,80.2437973022,44227,44237,10
12.9579896927,80.2440872192,44237,44247,10
12.9583997726,80.2442474365,44247,44257,10
12.9588098526,80.2444381714,44257,44267,10
12.9589595795,80.2445220947,44267,44277,10
12.9592695236,80.2446899414,44277,44287,10
12.9598903656,80.2449569702,44287,44297,10
12.9607000351,80.2453079224,44297,44307,10
12.9616098404,80.2457427979,44307,44318,11
12.9625997543,80.2462081909,44318,44328,10
12.963139534,80.2464828491,44328,44348,20
12.963139534,80.2464828491,44348,44358,10
12.9632701874,80.2465591431,44358,44368,10
12.9636096954,80.2467422485,44368,44378,10
12.9639797211,80.246887207,44378,44388,10
12.9645900726,80.2471084595,44388,44398,10
12.9653596878,80.2473602295,44398,44409,11
12.9661998749,80.2476882935,44409,44419,10
12.9665498734,80.247833252,44419,44429,10
12.9666595459,80.2478713989,44429,44439,10
12.9667301178,80.2479019165,44439,44449,10
12.967089653,80.2480926514,44449,44459,10
12.9677400589,80.2483825684,44459,44469,10
12.9685297012,80.2487335205,44469,44479,10
12.9694795609,80.2490615845,44479,44489,10
12.9704799652,80.249420166,44489,44500,11
12.9717798233,80.2498397827,44500,44510,10
12.972990036,80.2501373291,44510,44520,10
12.9742097855,80.2505111694,44520,44530,10
12.9755001068,80.2508773804,44530,44540,10
12.9768104553,80.2512588501,44540,44550,10
12.9778795242,80.2518463135,44550,44560,10
12.9785299301,80.2523193359,44560,44591,31
12.9785299301,80.2523193359,44591,44601,10
12.9785699844,80.2523574829,44601,44611,10
12.9789800644,80.252532959,44611,44621,10
12.9796495438,80.2526016235,44621,44671,50
12.9796495438,80.2526016235,44671,44682,11
12.9800300598,80.2526626587,44682,44692,10
12.9806404114,80.2526397705,44692,44702,10
12.9814395905,80.2526168823,44702,44712,10
12.9823799133,80.2525787354,44712,44722,10
12.9835100174,80.252456665,44722,44732,10
12.9846801758,80.2521362305,44732,44742,10
12.9857702255,80.2518463135,44742,44752,10
12.9866600037,80.2516326904,44752,44762,10
12.9875001907,80.251373291,44762,44954,192
12.9877300262,80.2514190674,44954,44975,21
12.9877300262,80.2514190674,44975,44985,10
12.9877901077,80.2514190674,44985,44995,10
12.9881601334,80.2513427734,44995,45005,10
12.9888095856,80.251159668,45005,45015,10
12.9893598557,80.2509765625,45015,45025,10
12.9897899628,80.2508621216,45025,45035,10
12.9900999069,80.250793457,45035,45045,10
12.9907398224,80.2506408691,45045,45056,11
12.9916200638,80.2503967285,45056,45066,10
12.9925699234,80.2501602173,45066,45076,10
12.9936304092,80.2498931885,45076,45086,10
12.9947595596,80.2496032715,45086,45096,10
12.995880127,80.2493209839,45096,45106,10
12.9967699051,80.2490615845,45106,45116,10
12.9969596863,80.2490234375,45116,45126,10
12.9974803925,80.2488937378,45126,45136,10
12.9982995987,80.2487030029,45136,45147,11
12.9994697571,80.2483978271,45147,45157,10
13.0006999969,80.2480926514,45157,45167,10
13.0018997192,80.2478027344,45167,45177,10
13.0030603409,80.247543335,45177,45187,10
13.0042695999,80.2473678589,45187,45197,10
13.005399704,80.2471923828,45197,45207,10
13.0062198639,80.2468566895,45207,45217,10
13.0064897537,80.2464599609,45217,45227,10
13.0065202713,80.2464065552,45227,45238,11
13.0065698624,80.2460174561,45238,45248,10
13.0066099167,80.2454910278,45248,45258,10
13.0066299438,80.2449493408,45258,45268,10
13.0066299438,80.2444076538,45268,45278,10
13.0065803528,80.243812561,45278,45288,10
13.0065698624,80.2432403564,45288,45298,10
13.0065402985,80.2423782349,45298,45308,10
13.0065603256,80.2414398193,45308,45318,10
13.006649971,80.2403335571,45318,45349,31
13.006649971,80.2403335571,45349,45359,10
13.0066795349,80.2402420044,45359,45369,10
13.0068101883,80.2398910522,45369,45379,10
13.0068998337,80.2391586304,45379,45389,10
13.0070800781,80.2382583618,45389,45399,10
13.0073099136,80.2373123169,45399,45409,10
13.0073795319,80.2367019653,45409,45420,11
13.0074396133,80.236541748,45420,45430,10
13.0075798035,80.2360305786,45430,45440,10
13.0077495575,80.2352523804,45440,45450,10
13.0079402924,80.2342834473,45450,45460,10
13.0081796646,80.233039856,45460,45470,10
13.0084400177,80.2316665649,45470,45480,10
13.0086202621,80.2306671143,45480,45490,10
13.0089101791,80.2293930054,45490,45500,10
13.0090904236,80.2285003662,45500,45510,10
13.0093402863,80.2277603149,45510,45521,11
13.0097904205,80.2267532349,45521,45531,10
13.0102701187,80.2257232666,45531,45541,10
13.0105400085,80.225151062,45541,45551,10
13.0105400085,80.2251434326,45551,45561,10
13.0105895996,80.2250671387,45561,45571,10
13.0107498169,80.2247619629,45571,45581,10
13.0109596252,80.2241897583,45581,45591,10
13.0111398697,80.2237091064,45591,45601,10
13.0111904144,80.2233810425,45601,45612,11
13.0114402771,80.2227935791,45612,45622,10
13.0117502213,80.2219467163,45622,45632,10
13.012260437,80.2214889526,45632,45642,10
13.012550354,80.2218399048,45642,45652,10
13.0130300522,80.2223968506,45652,45662,10
13.0135803223,80.2230987549,45662,45672,10
13.01404953,80.2236480713,45672,45682,10
13.0145196915,80.2241516113,45682,45692,10
13.0151500702,80.2247467041,45692,45703,11
13.0156002045,80.2251205444,45703,45713,10
13.015709877,80.2252426147,45713,45723,10
13.0162601471,80.2254104614,45723,45733,10
13.017080307,80.2251434326,45733,45743,10
13.0178804398,80.2248001099,45743,45753,10
13.0186195374,80.2245025635,45753,45763,10
13.0195703506,80.2244567871,45763,45794,31
13.0195703506,80.2244567871,45794,45804,10
13.0197095871,80.2246398926,45804,45834,30
13.0197095871,80.2246398926,45834,45844,10
13.0200300217,80.2248306274,45844,45854,10
13.0205097198,80.2251815796,45854,45864,10
13.0211296082,80.2256317139,45864,45874,10
13.0218801498,80.2261581421,45874,45885,11
13.0225000381,80.226600647,45885,45905,20
13.0225000381,80.226600647,45905,45915,10
13.0227603912,80.2268600464,45915,45925,10
13.0231599808,80.2272186279,45925,45935,10
13.0236101151,80.2276382446,45935,45945,10
13.0240802765,80.2280731201,45945,45955,10
13.0243597031,80.2284164429,45955,46016,61
13.0243597031,80.2284164429,46016,46026,10
13.024310112,80.2285766602,46026,46036,10
13.024140358,80.2285079956,46036,46046,10
13.0238895416,80.2281799316,46046,46056,10
13.0236101151,80.2278594971,46056,46067,11
13.0234098434,80.2276535034,46067,46077,10
13.0234003067,80.2276382446,46077,46087,10
13.0233402252,80.2275619507,46087,46097,10
13.0231599808,80.2274093628,46097,46228,131
13.0231599808,80.2274093628,46228,46238,10
13.0229101181,80.2271499634,46238,46249,11
13.0227298737,80.2269897461,46249,46259,10
13.0226097107,80.226852417,46259,46269,10
13.0223398209,80.226600647,46269,46279,10
13.0218000412,80.2261581421,46279,46289,10
13.0212402344,80.2257080078,46289,46299,10
13.0206203461,80.2252197266,46299,46309,10
13.0198602676,80.2247161865,46309,46319,10
13.0189800262,80.2245178223,46319,46329,10
13.0181303024,80.2248306274,46329,46340,11
13.0172195435,80.2252120972,46340,46350,10
13.0168304443,80.2253570557,46350,46360,10
13.0166597366,80.2254486084,46360,46370,10
13.016500473,80.2255020142,46370,46380,10
13.0162096024,80.2256011963,46380,46390,10
13.0157804489,80.2257080078,46390,46400,10
13.0154600143,80.2258071899,46400,46410,10
13.0149803162,80.2259979248,46410,46420,10
13.0144100189,80.2261962891,46420,46430,10
13.0136604309,80.2265090942,46430,46441,11
13.0127601624,80.2268600464,46441,46451,10
13.011879921,80.2272186279,46451,46461,10
13.0109395981,80.2276000977,46461,46471,10
13.0100803375,80.2279663086,46471,46481,10
13.0093002319,80.2283630371,46481,46491,10
13.0090303421,80.2292633057,46491,46501,10
13.0088100433,80.2303619385,46501,46511,10
13.0085897446,80.2315216064,46511,46521,10
13.0083799362,80.2327194214,46521,46532,11
13.0081796646,80.2337265015,46532,46552,20
13.0081796646,80.2337265015,46552,46561,9
13.008099556,80.2341308594,46561,46572,11
13.0079898834,80.2346572876,46572,46582,10
13.0078897476,80.2351913452,46582,46592,10
13.0077295303,80.2360076904,46592,46602,10
13.0075502396,80.2368469238,46602,46612,10
13.0073404312,80.2377700806,46612,46623,11
13.0071897507,80.2384872437,46623,46633,10
13.0070400238,80.2391891479,46633,46643,10
13.0068798065,80.2399597168,46643,46653,10
13.0067195892,80.2407684326,46653,46663,10
13.0066299438,80.2416381836,46663,46673,10
13.0066204071,80.2424926758,46673,46683,10
13.0066299438,80.2432785034,46683,46693,10
13.0065898895,80.2441101074,46693,46703,10
13.0065898895,80.2449493408,46703,46714,11
13.0066404343,80.2456207275,46714,46724,10
13.0066795349,80.2463912964,46724,46734,10
13.0067100525,80.2472763062,46734,46784,50
13.0067100525,80.2472763062,46784,46794,10
13.0065603256,80.2474365234,46794,46805,11
13.0061397552,80.2474136353,46805,46815,10
13.005610466,80.2473831177,46815,46825,10
13.0047798157,80.2474136353,46825,46835,10
13.0037202835,80.2475204468,46835,46845,10
13.0025997162,80.247718811,46845,46855,10
13.0016403198,80.2479629517,46855,46865,10
13.000459671,80.2482528687,46865,46875,10
12.9991598129,80.248588562,46875,46885,10
12.9981203079,80.2488708496,46885,46896,11
12.9978704453,80.2489318848,46896,46906,10
12.997179985,80.2490921021,46906,46916,10
12.9962596893,80.2492980957,46916,46926,10
12.9952297211,80.2495422363,46926,46936,10
12.9941396713,80.2498397827,46936,46946,10
12.9929800034,80.2501373291,46946,46956,10
12.9918203354,80.2504425049,46956,46966,10
12.9909696579,80.2506713867,46966,46976,10
12.9908304214,80.2507019043,46976,46987,11
12.9901800156,80.250831604,46987,46997,10
12.9893398285,80.2509918213,46997,47007,10
12.9886198044,80.2512207031,47007,47017,10
12.9883003235,80.2513275146,47017,47027,10
12.988120079,80.2514038086,47027,47037,10
12.9880199432,80.2516174316,47037,47047,10
12.9880304337,80.2520294189,47047,47057,10
12.987950325,80.2530517578,47057,47067,10
12.9878702164,80.2539978027,47067,47078,11
12.9877700806,80.2547836304,47078,47088,10
12.9876499176,80.2553329468,47088,47098,10
12.9876003265,80.2558670044,47098,47108,10
12.9875402451,80.256439209,47108,47118,10
12.9874601364,80.256942749,47118,47128,10
12.9874000549,80.2575912476,47128,47138,10
12.9873199463,80.2582702637,47138,47148,10
12.9871702194,80.2584991455,47148,47340,192
12.9871397018,80.2585906982,47340,47492,152
12.9871397018,80.2585906982,47492,47502,10
12.9869298935,80.2585678101,47502,47654,152
12.9868402481,80.2587203979,47654,47775,121
12.9868402481,80.2587203979,47775,47785,10
12.9867601395,80.2588806152,47785,47795,10
12.9867401123,80.2591400146,47795,47816,21
12.9867401123,80.2591400146,47816,47826,10
12.9869098663,80.2591781616,47826,47836,10
12.9870901108,80.2591629028,47836,47846,10
12.9871301651,80.2591629028,47846,47856,10
12.9872598648,80.2592315674,47856,47866,10
12.9872398376,80.2594528198,47866,47876,10
12.9872198105,80.2595367432,47876,47886,10
12.9870300293,80.2595672607,47886,47896,10
12.9868803024,80.2595291138,47896,47907,11
12.9866199493,80.2594604492,47907,48788,881
12.9866600037,80.2595825195,48788,50072,1284
12.9865703583,80.2595825195,50072,52692,2620
12.9866104126,80.2593688965,52692,52712,20
12.9867401123,80.2590789795,52712,52783,71
12.9867401123,80.2590789795,52783,52793,10
12.9870004654,80.2591018677,52793,52803,10
12.9871301651,80.2591171265,52803,52813,10
12.9872999191,80.2587127686,52813,52844,31
12.9872999191,80.2587127686,52844,52854,10
12.9873504639,80.2583618164,52854,52864,10
12.9873895645,80.2579269409,52864,52874,10
12.987449646,80.2573471069,52874,52884,10
12.9875001907,80.2568206787,52884,52894,10
12.9875602722,80.2561798096,52894,52904,10
12.987660408,80.2555999756,52904,52915,11
12.9877195358,80.2549591064,52915,52925,10
12.9877796173,80.2543487549,52925,52935,10
12.9878396988,80.2536315918,52935,52945,10
12.9879102707,80.2528915405,52945,52955,10
12.9879198074,80.2520217896,52955,53046,91
12.9879198074,80.2520217896,53046,53056,10
12.9879102707,80.2519226074,53056,53066,10
12.9878396988,80.2515716553,53066,53076,10
12.9880304337,80.2512207031,53076,53086,10
12.9887399673,80.2510528564,53086,53097,11
12.9895401001,80.250831604,53097,53107,10
12.9896697998,80.2508163452,53107,53117,10
12.9898395538,80.2507705688,53117,53127,10
12.9904003143,80.2506408691,53127,53137,10
12.9911603928,80.2504577637,53137,53147,10
12.9920597076,80.2502365112,53147,53157,10
12.9931297302,80.2499694824,53157,53167,10
12.9943504333,80.249671936,53167,53177,10
12.9955301285,80.2493667603,53177,53188,11
12.9965896606,80.2490997314,53188,53198,10
12.9966897964,80.2490692139,53198,53208,10
12.997179985,80.2489624023,53208,53218,10
12.9980401993,80.2487411499,53218,53228,10
12.9990901947,80.2484817505,53228,53238,10
13.0002498627,80.2481765747,53238,53248,10
13.0014801025,80.2478790283,53248,53258,10
13.0025501251,80.2476196289,53258,53268,10
13.0037097931,80.2473983765,53268,53279,11
13.0050001144,80.247253418,53279,53289,10
13.006070137,80.2469482422,53289,53299,10
13.0064601898,80.2464981079,53299,53309,10
13.006529808,80.2463607788,53309,53319,10
13.0066003799,80.2458114624,53319,53329,10
13.0066795349,80.2451171875,53329,53339,10
13.0066604614,80.2444000244,53339,53349,10
13.0066099167,80.243560791,53349,53359,10
13.0065498352,80.2426605225,53359,53370,11
13.0065698624,80.2415008545,53370,53380,10
13.0067100525,80.2404403687,53380,53390,10
13.0068702698,80.2394790649,53390,53400,10
13.0070295334,80.2385787964,53400,53410,10
13.0072498322,80.2376708984,53410,53420,10
13.0073699951,80.2369613647,53420,53430,10
13.0074100494,80.2366790771,53430,53440,10
13.007519722,80.2364196777,53440,53450,10
13.0076599121,80.2357406616,53450,53460,10
13.0078401566,80.2349395752,53460,53471,11
13.0080699921,80.2337417603,53471,53481,10
13.0083198547,80.2324829102,53481,53491,10
13.0085601807,80.2312164307,53491,53501,10
13.0087995529,80.2300186157,53501,53511,10
13.0090398788,80.2288513184,53511,53521,10
13.009349823,80.2277679443,53521,53531,10
13.0098199844,80.2267227173,53531,53541,10
13.0102701187,80.225769043,53541,53551,10
13.0107002258,80.2248382568,53551,53562,11
13.0111598969,80.2238616943,53562,53572,10
13.0114297867,80.2229995728,53572,53582,10
13.0117502213,80.2222976685,53582,53592,10
13.0120801926,80.2215423584,53592,53602,10
13.0123796463,80.221572876,53602,53612,10
13.0127696991,80.2221298218,53612,53622,10
13.0132198334,80.222618103,53622,53632,10
13.0137395859,80.2231674194,53632,53642,10
13.0140600204,80.2237091064,53642,53653,11
13.0150203705,80.2245330811,53653,53683,30
13.0150203705,80.2245330811,53683,53693,10
13.015370369,80.2248916626,53693,53703,10
13.0156698227,80.2251586914,53703,53713,10
13.016289711,80.2253265381,53713,53723,10
13.017080307,80.2250595093,53723,53733,10
13.0179796219,80.2247009277,53733,53744,11
13.018910408,80.2243499756,53744,53754,10
13.0196399689,80.2244720459,53754,53764,10
13.02023983,80.2248382568,53764,53774,10
13.0203695297,80.224937439,53774,53784,10
13.020529747,80.2250976563,53784,53794,10
13.0209302902,80.2254180908,53794,53805,11
13.0214099884,80.2257766724,53805,53815,10
13.0221796036,80.2263717651,53815,53824,9
13.0228204727,80.2269592285,53824,53835,11
13.0235900879,80.2275924683,53835,53846,11
13.0240802765,80.2281265259,53846,53856,10
13.0242900848,80.2283935547,53856,53866,10
13.0241203308,80.2285232544,53866,53876,10
13.0239896774,80.2283401489,53876,53886,10
13.0239696503,80.2283096313,53886,53896,10
13.0238399506,80.2281112671,53896,53906,10
13.0236797333,80.2279281616,53906,53916,10
13.0235004425,80.2277374268,53916,53927,11
13.0231304169,80.2274017334,53927,54038,111
13.0230302811,80.2272033691,54038,54058,20
13.0230302811,80.2272033691,54058,54068,10
13.0229797363,80.2271499634,54068,54078,10
13.0228996277,80.2270812988,54078,54088,10
13.0228204727,80.2269973755,54088,54098,10
13.0227499008,80.2269210815,54098,54109,11
13.0225496292,80.2267303467,54109,54119,10
13.022190094,80.2264175415,54119,54129,10
13.0216703415,80.226020813,54129,54139,10
13.0211296082,80.2255935669,54139,54149,10
13.0205802917,80.225189209,54149,54159,10
13.0200796127,80.2248687744,54159,54169,10
13.0194797516,80.2245178223,54169,54179,10
13.0187397003,80.2245178223,54179,54189,10
13.0179700851,80.224822998,54189,54199,10
13.0171604156,80.225151062,54199,54210,11
13.0165300369,80.2254180908,54210,54220,10
13.0161104202,80.2255706787,54220,54230,10
13.0156002045,80.2257385254,54230,54240,10
13.0152702332,80.2258911133,54240,54250,10
13.0148296356,80.2260665894,54250,54260,10
13.0144300461,80.2262191772,54260,54290,30
13.0144300461,80.2262191772,54290,54301,11
13.0140600204,80.2263717651,54301,54311,10
13.0135602951,80.2265472412,54311,54321,10
13.0129699707,80.2267684937,54321,54331,10
13.0121803284,80.2270965576,54331,54341,10
13.0112800598,80.2274780273,54341,54351,10
13.0102901459,80.2278823853,54351,54361,10
13.0094499588,80.2282409668,54361,54371,10
13.0090904236,80.2288894653,54371,54381,10
13.0089197159,80.229850769,54381,54392,11
13.0087099075,80.2308578491,54392,54402,10
13.0085296631,80.2317810059,54402,54412,10
13.0083703995,80.2327423096,54412,54422,10
13.0082702637,80.233543396,54422,54432,10
13.0082302094,80.2336425781,54432,54442,10
13.0081195831,80.2340011597,54442,54452,10
13.0079698563,80.2346801758,54452,54462,10
13.0078201294,80.235496521,54462,54472,10
13.0076599121,80.2364196777,54472,54483,11
13.0074396133,80.2374725342,54483,54493,10
13.0072402954,80.2385406494,54493,54503,10
13.0069999695,80.2395401001,54503,54513,10
13.0068798065,80.2400436401,54513,54523,10
13.0068798065,80.2400588989,54523,54533,10
13.0068998337,80.240272522,54533,54543,10
13.0068597794,80.2407226563,54543,54553,10
13.0068502426,80.2407836914,54553,54563,10
13.0067996979,80.2411499023,54563,54574,11
13.0067195892,80.2419204712,54574,54584,10
13.0067195892,80.2427368164,54584,54594,10
13.0067300797,80.2434234619,54594,54604,10
13.0066900253,80.2440032959,54604,54614,10
13.0067100525,80.2444534302,54614,54624,10
13.0066604614,80.244682312,54624,54634,10
13.0066900253,80.2452468872,54634,54644,10
13.0067195892,80.2458267212,54644,54654,10
13.0067396164,80.2465820313,54654,54665,11
13.0067195892,80.2473526001,54665,54725,60
13.0067195892,80.2473526001,54725,54735,10
13.0064897537,80.2474594116,54735,54745,10
13.0060997009,80.2474594116,54745,54756,11
13.0059099197,80.2474212646,54756,54766,10
13.0052995682,80.2473678589,54766,54776,10
13.0044403076,80.2473983765,54776,54786,10
13.0034999847,80.247543335,54786,54796,10
13.0025997162,80.2476882935,54796,54806,10
13.0018796921,80.2478637695,54806,54816,10
13.0009202957,80.2481079102,54816,54826,10
12.9998197556,80.2483978271,54826,54836,10
12.99862957,80.2486877441,54836,54847,11
12.9974098206,80.2489929199,54847,54857,10
12.9964103699,80.2492370605,54857,54867,10
12.9954500198,80.2494812012,54867,54877,10
12.9944496155,80.2496795654,54877,54887,10
12.9935998917,80.2499313354,54887,54897,10
12.9926099777,80.2501831055,54897,54907,10
12.9916496277,80.2504425049,54907,54917,10
12.9909296036,80.2506408691,54917,54927,10
12.9906997681,80.2507019043,54927,54937,10
12.9900598526,80.2508621216,54937,54948,11
12.9896001816,80.2509231567,54948,55039,91
12.9896001816,80.2509231567,55039,55049,10
12.9893798828,80.2509231567,55049,55059,10
12.9890403748,80.2510070801,55059,55069,10
12.988699913,80.2511672974,55069,55079,10
12.9879798889,80.251373291,55079,55221,142
12.9879798889,80.251373291,55221,55231,10
12.9876699448,80.2514266968,55231,55241,10
12.9870300293,80.2516098022,55241,55251,10
12.9861803055,80.2518386841,55251,55261,10
12.9851799011,80.2520904541,55261,55271,10
12.9840803146,80.2524032593,55271,55281,10
12.9829902649,80.2526397705,55281,55291,10
12.9817895889,80.2527084351,55291,55301,10
12.9806003571,80.252746582,55301,55312,11
12.9795398712,80.2527236938,55312,55322,10
12.9786596298,80.2525863647,55322,55332,10
12.9785699844,80.2525634766,55332,55342,10
12.9783201218,80.2524185181,55342,55352,10
12.9777898788,80.2519683838,55352,55362,10
12.9770202637,80.2514190674,55362,55372,10
12.9759597778,80.2510681152,55372,55382,10
12.9747495651,80.2507171631,55382,55392,10
12.9734096527,80.2503509521,55392,55402,10
12.9720096588,80.2499771118,55402,55413,11
12.9703903198,80.2495193481,55413,55423,10
12.9690198898,80.2489929199,55423,55433,10
12.9678001404,80.2485122681,55433,55443,10
12.9668197632,80.2480773926,55443,55453,10
12.9662399292,80.2478027344,55453,55463,10
12.9655799866,80.2475509644,55463,55473,10
12.9650096893,80.2473602295,55473,55483,10
12.9649896622,80.2473526001,55483,55493,10
12.964630127,80.2472076416,55493,55504,11
12.9639101028,80.2469329834,55504,55514,10
12.9632902145,80.2466583252,55514,55524,10
12.9624700546,80.2462005615,55524,55534,10
12.961400032,80.2456893921,55534,55544,10
12.9602499008,80.2451782227,55544,55554,10
12.9593496323,80.2447967529,55554,55564,10
12.9592895508,80.2447662354,55564,55574,10
12.9588298798,80.2445526123,55574,55584,10
12.9580402374,80.2442016602,55584,55595,11
12.9572000504,80.2438201904,55595,55605,10
12.956700325,80.2436218262,55605,55645,40
12.9565401077,80.2435379028,55645,55716,71
12.9565401077,80.2435379028,55716,55725,9
12.9561796188,80.2433776855,55725,55736,11
12.955329895,80.2430801392,55736,55746,10
12.954369545,80.2426834106,55746,55756,10
12.9533700943,80.2422790527,55756,55766,10
12.9523096085,80.2418823242,55766,55777,11
12.9517202377,80.2416763306,55777,55787,10
12.9515800476,80.2416229248,55787,55797,10
12.9510097504,80.2414093018,55797,55807,10
12.9502000809,80.2411499023,55807,55817,10
12.9492397308,80.2408599854,55817,55827,10
12.9482803345,80.2404632568,55827,55837,10
12.9473896027,80.2400970459,55837,55847,10
12.9471702576,80.240020752,55847,55857,10
12.9471597672,80.2400131226,55857,55868,11
12.946680069,80.2398300171,55868,55878,10
12.9459104538,80.2394790649,55878,55888,10
12.9449996948,80.238899231,55888,55898,10
12.9441404343,80.2379608154,55898,55908,10
12.943189621,80.2369766235,55908,55918,10
12.94190979,80.2363433838,55918,55928,10
12.9404497147,80.2359771729,55928,55938,10
12.9397201538,80.235748291,55938,55948,10
12.9397001266,80.2357406616,55948,55959,11
12.9392004013,80.235496521,55959,55969,10
12.9383897781,80.2350692749,55969,55979,10
12.9374103546,80.234588623,55979,55989,10
12.9364299774,80.2341308594,55989,55999,10
12.9357795715,80.233833313,55999,56009,10
12.9356098175,80.2337493896,56009,56019,10
12.9350004196,80.2334823608,56019,56029,10
12.934129715,80.2331008911,56029,56039,10
12.933839798,80.232963562,56039,56049,10
12.9338302612,80.2329406738,56049,56060,11
12.9333696365,80.2327194214,56060,56070,10
12.9326601028,80.2324295044,56070,56080,10
12.9317302704,80.2321166992,56080,56090,10
12.9306402206,80.2317733765,56090,56100,10
12.9295396805,80.2314987183,56100,56110,10
12.9283800125,80.231262207,56110,56120,10
12.9271402359,80.2311019897,56120,56130,10
12.9263095856,80.2310180664,56130,56140,10
12.9261598587,80.2309875488,56140,56151,11
12.9255504608,80.2309036255,56151,56161,10
12.9247198105,80.230796814,56161,56171,10
12.9237699509,80.2306976318,56171,56181,10
12.9226503372,80.2305297852,56181,56191,10
12.9213695526,80.2303237915,56191,56201,10
12.9198904037,80.230140686,56201,56211,10
12.9183702469,80.2299423218,56211,56221,10
12.9169101715,80.2297515869,56221,56231,10
12.9156398773,80.2295684814,56231,56242,11
12.9142999649,80.2294006348,56242,56252,10
12.9134397507,80.2293167114,56252,56262,10
12.9133701324,80.2293167114,56262,56272,10
12.9132995605,80.2293014526,56272,56282,10
12.9128704071,80.2292175293,56282,56292,10
12.9120998383,80.2290878296,56292,56302,10
12.9112596512,80.2289733887,56302,56312,10
12.9103803635,80.2288513184,56312,56322,10
12.9092798233,80.2286834717,56322,56333,11
12.9081602097,80.2284927368,56333,56343,10
12.9071798325,80.2283401489,56343,56353,10
12.9066495895,80.2283096313,56353,56403,50
12.9066495895,80.2283096313,56403,56413,10
12.90625,80.2282791138,56413,56424,11
12.9061098099,80.2282562256,56424,56434,10
12.9055500031,80.2282333374,56434,56444,10
12.9048404694,80.2281799316,56444,56454,10
12.9040203094,80.2281417847,56454,56464,10
12.9031295776,80.2281036377,56464,56474,10
12.9023599625,80.2280578613,56474,56494,20
12.9023599625,80.2280578613,56494,56504,10
12.9020700455,80.2280426025,56504,56515,11
12.9015197754,80.228012085,56515,56525,10
12.9010896683,80.2279891968,56525,56535,10
12.9005203247,80.2279281616,56535,56545,10
12.8998603821,80.2279205322,56545,56555,10
12.8992996216,80.2278900146,56555,56575,20
12.8992996216,80.2278900146,56575,56585,10
12.8990802765,80.2278518677,56585,56595,10
12.8985204697,80.2278137207,56595,56605,10
12.8977499008,80.2277679443,56605,56616,11
12.896730423,80.227722168,56616,56626,10
12.8956699371,80.2276916504,56626,56636,10
12.8945703506,80.2276306152,56636,56646,10
12.8934402466,80.2275390625,56646,56656,10
12.892829895,80.2274780273,56656,56666,10
12.8927202225,80.2274780273,56666,56676,10
12.8925800323,80.2274627686,56676,56686,10
12.8924798965,80.2274475098,56686,56696,10
12.8920202255,80.2274017334,56696,56707,11
12.8910503387,80.2273864746,56707,56717,10
12.8899097443,80.2273788452,56717,56727,10
12.8887395859,80.2273635864,56727,56737,10
12.8875398636,80.2272567749,56737,56747,10
12.8863697052,80.2270507813,56747,56757,10
12.8852996826,80.2268066406,56757,56767,10
12.884759903,80.2267379761,56767,56777,10
12.8846502304,80.2267379761,56777,56787,10
12.8841199875,80.2267303467,56787,56798,11
12.8831701279,80.2267379761,56798,56808,10
12.882060051,80.2267608643,56808,56818,10
12.8808403015,80.2267684937,56818,56828,10
12.8795404434,80.2267913818,56828,56838,10
12.8781299591,80.2268600464,56838,56848,10
12.8768901825,80.2269515991,56848,56858,10
12.8763399124,80.2270126343,56858,56868,10
12.8761796951,80.2270278931,56868,56878,10
12.8756999969,80.2270202637,56878,56889,11
12.8748197556,80.2269287109,56889,56899,10
12.8739204407,80.2268218994,56899,56909,10
12.8730201721,80.2267608643,56909,56919,10
12.8727197647,80.2267532349,56919,56929,10
12.8726797104,80.2267608643,56929,56939,10
12.8722000122,80.2267379761,56939,56949,10
12.8713302612,80.2266998291,56949,56959,10
12.8702297211,80.2266235352,56959,56969,10
12.8690004349,80.2264785767,56969,56980,11
12.8675899506,80.2264862061,56980,56990,10
12.8663396835,80.226600647,56990,57000,10
12.8649597168,80.2266235352,57000,57010,10
12.8635196686,80.2265625,57010,57020,10
12.8621397018,80.2266235352,57020,57030,10
12.8611698151,80.2266616821,57030,57040,10
12.8610401154,80.2266464233,57040,57050,10
12.8606700897,80.2266235352,57050,57060,10
12.8599100113,80.2265167236,57060,57071,11
12.8589401245,80.2263565063,57071,57081,10
12.85820961,80.226272583,57081,57091,10
12.8571996689,80.2263031006,57091,57101,10
12.8559904099,80.2264175415,57101,57111,10
12.8546199799,80.2265625,57111,57121,10
12.8531303406,80.2267303467,57121,57131,10
12.851650238,80.2266921997,57131,57141,10
12.8504295349,80.2266464233,57141,57151,10
12.8498802185,80.2266387939,57151,57162,11
12.8495702744,80.2266464233,57162,57172,10
12.8488998413,80.2266387939,57172,57182,10
12.8479995728,80.2266387939,57182,57192,10
12.8469400406,80.2266616821,57192,57202,10
12.8460197449,80.2266464233,57202,57212,10
12.8454704285,80.2266387939,57212,57222,10
12.8454198837,80.2266387939,57222,57232,10
12.845290184,80.2266387939,57232,57242,10
12.8450298309,80.2266311646,57242,57252,10
12.8445997238,80.2266616821,57252,57263,11
12.8436403275,80.2266998291,57263,57273,10
12.8427200317,80.2268371582,57273,57283,10
12.8416204453,80.2270965576,57283,57293,10
12.8404998779,80.227432251,57293,57303,10
12.8398895264,80.2276229858,57303,57313,10
12.8396501541,80.2276916504,57313,57323,10
12.8395004272,80.2277374268,57323,57333,10
12.8389797211,80.2278823853,57333,57343,10
12.8382301331,80.2280807495,57343,57354,11
12.8372097015,80.2282791138,57354,57364,10
12.8361797333,80.2284317017,57364,57374,10
12.8350095749,80.2286071777,57374,57384,10
12.8338298798,80.2287979126,57384,57394,10
12.8327999115,80.2289886475,57394,57404,10
12.8322401047,80.2291107178,57404,57414,10
12.8321800232,80.2291107178,57414,57424,10
12.8318395615,80.2292098999,57424,57434,10
12.8312397003,80.2293701172,57434,57445,11
12.831029892,80.2294311523,57445,57455,10
12.8303899765,80.2296600342,57455,57465,10
12.8293504715,80.2300109863,57465,57475,10
12.8283100128,80.2305297852,57475,57485,10
12.827249527,80.2311325073,57485,57495,10
12.826259613,80.2313690186,57495,57505,10
12.8257703781,80.2314376831,57505,57515,10
12.8257303238,80.2314376831,57515,57525,10
12.8252696991,80.2314376831,57525,57536,11
12.8244495392,80.2313690186,57536,57546,10
12.8236103058,80.2311401367,57546,57556,10
12.8226699829,80.2308502197,57556,57566,10
12.821680069,80.2305679321,57566,57576,10
12.8206396103,80.2304992676,57576,57586,10
12.8188695908,80.230506897,57586,57606,20
12.8188695908,80.230506897,57606,57616,10
12.8184995651,80.2303466797,57616,57627,11
12.8177700043,80.2299880981,57627,57637,10
12.8168497086,80.229637146,57637,57647,10
12.8159103394,80.2294387817,57647,57657,10
12.8148803711,80.2292861938,57657,57667,10
12.8137798309,80.2290878296,57667,57677,10
12.8126802444,80.2287216187,57677,57687,10
12.8114995956,80.2282791138,57687,57697,10
12.8102903366,80.2277984619,57697,57707,10
12.8091697693,80.2272567749,57707,57718,11
12.8080997467,80.2264175415,57718,57728,10
12.8071899414,80.2256317139,57728,57738,10
12.806429863,80.224937439,57738,57748,10
12.8057403564,80.2243270874,57748,57758,10
12.8049402237,80.2239990234,57758,57778,20
12.8049402237,80.2239990234,57778,57788,10
12.8045396805,80.2239303589,57788,57798,10
12.8042097092,80.2238998413,57798,57809,11
12.8037500381,80.2238693237,57809,57819,10
12.8030996323,80.2238006592,57819,57829,10
12.8022203445,80.2237091064,57829,57839,10
12.8009796143,80.2236022949,57839,57889,50
12.8009796143,80.2236022949,57889,57899,10
12.800620079,80.2235870361,57899,57910,11
12.8000802994,80.2235412598,57910,57920,10
12.7994298935,80.2235031128,57920,57930,10
12.7986898422,80.2234115601,57930,58011,81
12.7986898422,80.2234115601,58011,58021,10
12.7983999252,80.2232589722,58021,58031,10
12.7977399826,80.223197937,58031,58041,10
12.7968997955,80.2230606079,58041,58051,10
12.7959699631,80.22290802,58051,58061,10
12.7956695557,80.2228622437,58061,58071,10
12.7956399918,80.2228622437,58071,58081,10
12.7952899933,80.2228088379,58081,58092,11
12.794500351,80.2226791382,58092,58102,10
12.7936296463,80.2225570679,58102,58112,10
12.792719841,80.2224197388,58112,58122,10
12.7917995453,80.2221984863,58122,58132,10
12.7908802032,80.2219924927,58132,58142,10
12.790019989,80.2217636108,58142,58152,10
12.7892503738,80.221496582,58152,58162,10
12.7885398865,80.2212371826,58162,58172,10
12.787899971,80.220993042,58172,58183,11
12.7875499725,80.2208709717,58183,58193,10
12.7872495651,80.2207565308,58193,58203,10
12.7871999741,80.220741272,58203,58213,10
12.7869501114,80.2206420898,58213,58314,101
12.7869501114,80.2206420898,58314,58324,10
12.7865600586,80.2205123901,58324,58334,10
12.7862796783,80.2203979492,58334,58344,10
12.7861700058,80.2204818726,58344,58354,10
12.7862100601,80.220916748,58354,58365,11
12.7862501144,80.2213592529,58365,58375,10
12.7862796783,80.2219009399,58375,59163,788
12.7862796783,80.2219009399,59163,59173,10
12.7861404419,80.2216491699,59173,59183,10
12.7861299515,80.2213592529,59183,59234,51
12.7861299515,80.2213592529,59234,59244,10
12.7861795425,80.2209472656,59244,59254,10
12.7861700058,80.2207183838,59254,59315,61
12.7861700058,80.2207183838,59315,59325,10
12.7863702774,80.2203674316,59325,59355,30
12.7863702774,80.2203674316,59355,59365,10
12.7867002487,80.2205429077,59365,59376,11
12.78703022,80.2206802368,59376,59386,10
12.7876596451,80.2209320068,59386,59396,10
12.7880802155,80.2210922241,59396,59406,10
12.7885704041,80.2212600708,59406,59416,10
12.7896099091,80.2216110229,59416,59436,20
12.7896099091,80.2216110229,59436,59446,10
12.7897996902,80.2216720581,59446,59456,10
12.7903499603,80.2218399048,59456,59467,11
12.7912597656,80.2220535278,59467,59477,10
12.7921800613,80.2222824097,59477,59487,10
12.7931995392,80.2224578857,59487,59497,10
12.7943401337,80.2226104736,59497,59507,10
12.7956104279,80.2228164673,59507,59517,10
12.796380043,80.2229537964,59517,59527,10
12.7964496613,80.2229690552,59527,59537,10
12.7965698242,80.2229995728,59537,59547,10
12.7971496582,80.2231216431,59547,59558,11
12.7981004715,80.2232818604,59558,59568,10
12.799030304,80.2234191895,59568,59578,10
12.7999200821,80.223487854,59578,59588,10
12.8006801605,80.2235794067,59588,59598,10
12.8010902405,80.2235794067,59598,59608,10
12.8012399673,80.2235565186,59608,59618,10
12.8014097214,80.2236022949,59618,59628,10
12.801440239,80.2236099243,59628,59638,10
12.8015203476,80.2236633301,59638,59649,11
12.8016195297,80.2236785889,59649,59659,10
12.8020601273,80.2236785889,59659,59669,10
12.8027496338,80.2237625122,59669,59679,10
12.8034000397,80.2238388062,59679,59689,10
12.8040504456,80.2238693237,59689,59699,10
12.8045501709,80.2239379883,59699,59709,10
12.8052101135,80.2240371704,59709,59729,20
12.8052101135,80.2240371704,59729,59739,10
12.8055400848,80.2241668701,59739,59750,11
12.8055696487,80.2241668701,59750,59760,10
12.8057003021,80.2242279053,59760,59770,10
12.8061504364,80.2245788574,59770,59780,10
12.8067798615,80.2251205444,59780,59790,10
12.8074598312,80.225730896,59790,59800,10
12.8082103729,80.2263793945,59800,59810,10
12.8090200424,80.2270584106,59810,59820,10
12.8099603653,80.2276000977,59820,59830,10
12.8109302521,80.2280197144,59830,59840,10
12.812210083,80.2284927368,59840,59851,11
12.8135204315,80.2289428711,59851,59861,10
12.8146400452,80.2292098999,59861,59871,10
12.8158798218,80.2293701172,59871,59881,10
12.8172397614,80.2296829224,59881,59891,10
12.8184995651,80.2302627563,59891,59901,10
12.8195896149,80.2304763794,59901,59911,10
12.8198604584,80.2304992676,59911,59921,10
12.8199701309,80.2305221558,59921,59932,11
12.8206501007,80.2304916382,59932,59942,10
12.821559906,80.2305221558,59942,59952,10
12.8225002289,80.2307281494,59952,59962,10
12.8235502243,80.2310180664,59962,59972,10
12.8247203827,80.2312927246,59972,59982,10
12.8258895874,80.2313766479,59982,60002,20
12.8258895874,80.2313766479,60002,60012,10
12.8260803223,80.2313995361,60012,60023,11
12.8268404007,80.2313308716,60023,60033,10
12.8277301788,80.2309494019,60033,60043,10
12.8286800385,80.2303771973,60043,60053,10
12.829580307,80.2299575806,60053,60063,10
12.8303403854,80.2296524048,60063,60073,10
12.8309297562,80.2294311523,60073,60093,20
12.8309297562,80.2294311523,60093,60103,10
12.8314599991,80.2292480469,60103,60144,41
12.8314599991,80.2292480469,60144,60154,10
12.8318004608,80.2291564941,60154,60164,10
12.8324804306,80.2290115356,60164,60174,10
12.8333902359,80.2288513184,60174,60184,10
12.83452034,80.2286682129,60184,60194,10
12.8357496262,80.2285003662,60194,60205,11
12.8371696472,80.2282791138,60205,60215,10
12.8383398056,80.2280273438,60215,60225,10
12.8393497467,80.2276916504,60225,60245,20
12.8393497467,80.2276916504,60245,60255,10
12.8395395279,80.2276306152,60255,60265,10
12.8395395279,80.2276229858,60265,60275,10
12.8398504257,80.2275238037,60275,60285,10
12.8404598236,80.2274703979,60285,60296,11
12.8414096832,80.2272415161,60296,60306,10
12.8424501419,80.2269973755,60306,60316,10
12.8436203003,80.2267990112,60316,60326,10
12.8446702957,80.2266387939,60326,60336,10
12.8452196121,80.2265930176,60336,60346,10
12.8453197479,80.2265777588,60346,60356,10
12.8453502655,80.2265625,60356,60366,10
12.8456897736,80.2265625,60366,60376,10
12.8462696075,80.2265701294,60376,60386,10
12.8471899033,80.2265701294,60386,60397,11
12.8484296799,80.2265625,60397,60407,10
12.8495998383,80.2265319824,60407,60417,10
12.8500795364,80.2265090942,60417,60427,10
12.8502998352,80.2265090942,60427,60437,10
12.8509502411,80.2265396118,60437,60447,10
12.8518104553,80.2265777588,60447,60457,10
12.8528299332,80.2266311646,60457,60467,10
12.8540000916,80.2265701294,60467,60477,10
12.8553800583,80.2264404297,60477,60488,11
12.8566799164,80.2263031006,60488,60498,10
12.8577299118,80.2261962891,60498,60508,10
12.8581895828,80.2261810303,60508,60518,10
12.8583602905,80.2261962891,60518,60528,10
12.8586797714,80.2262268066,60528,60538,10
12.8593902588,80.2263031006,60538,60548,10
12.8603401184,80.2264480591,60548,60558,10
12.8608598709,80.2265319824,60558,60568,10
12.8610401154,80.2265701294,60568,60579,11
12.861700058,80.2265396118,60579,60589,10
12.862569809,80.2265014648,60589,60599,10
12.8635902405,80.2264785767,60599,60609,10
12.864780426,80.2265396118,60609,60619,10
12.8660202026,80.2265472412,60619,60629,10
12.8673095703,80.2264328003,60629,60639,10
12.8687601089,80.2263793945,60639,60649,10
12.8702802658,80.2265625,60649,60659,10
12.8716602325,80.2266464233,60659,60670,11
12.8727397919,80.2266387939,60670,60680,10
12.8728704453,80.2266387939,60680,60690,10
12.8733100891,80.2266464233,60690,60700,10
12.8740797043,80.2267074585,60700,60710,10
12.8749799728,80.2268295288,60710,60720,10
12.87596035,80.2269134521,60720,60730,10
12.8765497208,80.2269210815,60730,60740,10
12.8767900467,80.2268829346,60740,60750,10
12.8769702911,80.2268829346,60750,60761,11
12.8776903152,80.2268218994,60761,60771,10
12.8785800934,80.2267608643,60771,60781,10
12.8796195984,80.2267074585,60781,60791,10
12.8807201385,80.2266998291,60791,60801,10
12.8818502426,80.2266769409,60801,60811,10
12.8829402924,80.2266693115,60811,60821,10
12.8840198517,80.2266464233,60821,60831,10
12.885020256,80.2266387939,60831,60841,10
12.8852596283,80.2266616821,60841,60852,11
12.8853902817,80.2266998291,60852,60862,10
12.8859195709,80.2267990112,60862,60872,10
12.8866996765,80.2270126343,60872,60882,10
12.8876399994,80.2272033691,60882,60892,10
12.8886699677,80.2273025513,60892,60902,10
12.8897895813,80.2273025513,60902,60912,10
12.8909502029,80.2273101807,60912,60922,10
12.8920402527,80.2273178101,60922,60932,10
12.8929796219,80.2274017334,60932,60943,11
12.8941497803,80.2275619507,60943,60953,10
12.8953895569,80.2276229858,60953,60963,10
12.8968296051,80.2276763916,60963,60973,10
12.8982400894,80.2277603149,60973,60983,10
12.8995895386,80.2278366089,60983,60993,10
12.9006004333,80.2278823853,60993,61003,10
12.9011297226,80.2279205322,61003,61013,10
12.9015598297,80.2279434204,61013,61023,10
12.9020500183,80.2279663086,61023,61033,10
12.9025802612,80.2279815674,61033,61044,11
12.9028196335,80.2279815674,61044,61054,10
12.9030303955,80.228012085,61054,61064,10
12.903670311,80.2280578613,61064,61074,10
12.9048900604,80.2281036377,61074,61094,20
12.9048900604,80.2281036377,61094,61104,10
12.9049501419,80.2281112671,61104,61114,10
12.9053001404,80.2281265259,61114,61124,10
12.9058504105,80.2281570435,61124,61135,11
12.9061002731,80.2281723022,61135,61145,10
12.9064998627,80.228187561,61145,61215,70
12.9064998627,80.228187561,61215,61226,11
12.906920433,80.2282180786,61226,61236,10
12.9070196152,80.2282180786,61236,61246,10
12.907409668,80.2282867432,61246,61256,10
12.9082202911,80.2284393311,61256,61266,10
12.9092903137,80.2286529541,61266,61276,10
12.9104604721,80.2288208008,61276,61286,10
12.9116601944,80.2289810181,61286,61296,10
12.9128799438,80.229133606,61296,61306,10
12.9138498306,80.2292633057,61306,61317,11
12.9141302109,80.2292785645,61317,61327,10
12.9142599106,80.229309082,61327,61337,10
12.9147901535,80.2293777466,61337,61347,10
12.9155302048,80.2295227051,61347,61357,10
12.9165201187,80.2296676636,61357,61367,10
12.9173803329,80.2297821045,61367,61377,10
12.9181900024,80.2298965454,61377,61387,10
12.919090271,80.2300186157,61387,61397,10
12.9201698303,80.2301712036,61397,61408,11
12.9214601517,80.2303009033,61408,61418,10
12.9226303101,80.2304763794,61418,61428,10
12.9238300323,80.2306594849,61428,61438,10
12.9250898361,80.2308578491,61438,61448,10
12.9264802933,80.23097229,61448,61468,20
12.9264802933,80.23097229,61468,61478,10
12.9267196655,80.2309799194,61478,61488,10
12.9272699356,80.231048584,61488,61499,11
12.9281101227,80.2311477661,61499,61509,10
12.9287004471,80.2312164307,61509,61519,10
12.9293003082,80.2313537598,61519,61529,10
12.9301204681,80.2315368652,61529,61539,10
12.9310703278,80.2317886353,61539,61549,10
12.9321298599,80.2321395874,61549,61559,10
12.93309021,80.2324829102,61559,61569,10
12.9337396622,80.2327575684,61569,61600,31
12.9337396622,80.2327575684,61600,61610,10
12.9344100952,80.2330780029,61610,61620,10
12.9351997375,80.2334136963,61620,61630,10
12.935839653,80.2337188721,61630,61640,10
12.9366798401,80.2341384888,61640,61650,10
12.9377603531,80.2346496582,61650,61660,10
12.9388904572,80.235206604,61660,61670,10
12.9396495819,80.2355804443,61670,61680,10
12.9397001266,80.2356033325,61680,61691,11
12.9399900436,80.2357177734,61691,61701,10
12.9407501221,80.2359466553,61701,61711,10
12.9417104721,80.2362136841,61711,61721,10
12.9427604675,80.2365722656,61721,61731,10
12.9436302185,80.2372512817,61731,61741,10
12.9442996979,80.2379837036,61741,61751,10
12.9453802109,80.2390975952,61751,61761,10
12.946390152,80.2396087646,61761,61771,10
12.9472198486,80.2399368286,61771,61782,11
12.9473800659,80.2400131226,61782,61792,10
12.9475698471,80.2400817871,61792,61802,10
12.94810009,80.2402801514,61802,61812,10
12.9485397339,80.2404632568,61812,61822,10
12.9490404129,80.2406692505,61822,61832,10
12.9493198395,80.2407989502,61832,61842,10
12.9498796463,80.2409362793,61842,61852,10
12.9505901337,80.2411499023,61852,61862,10
12.9507799149,80.2412185669,61862,61873,11
12.9509096146,80.2412567139,61873,61883,10
12.9513502121,80.2414169312,61883,61893,10
12.9515399933,80.2414932251,61893,61903,10
12.9520397186,80.2416534424,61903,61913,10
12.9527196884,80.2418899536,61913,61923,10
12.9534502029,80.2421875,61923,61933,10
12.9540100098,80.242401123,61933,61943,10
12.9546403885,80.2426605225,61943,61953,10
12.9555196762,80.2429962158,61953,61964,11
12.9563598633,80.2432479858,61964,61974,10
12.9567098618,80.2434234619,61974,61984,10
12.957400322,80.2437667847,61984,61994,10
12.9581003189,80.2440414429,61994,62004,10
12.9585800171,80.2442626953,62004,62014,10
12.9586200714,80.2442703247,62014,62024,10
12.9588098526,80.2444076538,62024,62034,10
12.9588899612,80.244468689,62034,62044,10
12.9593000412,80.2446594238,62044,62055,11
12.960100174,80.2450180054,62055,62065,10
12.9609603882,80.2453994751,62065,62075,10
12.9619197845,80.2458572388,62075,62085,10
12.9630298615,80.2464828491,62085,62105,20
12.9630298615,80.2464828491,62105,62115,10
12.9630298615,80.2466201782,62115,62125,10
12.9633197784,80.2467498779,62125,62135,10
12.9637498856,80.2469177246,62135,62146,11
12.9643096924,80.2471008301,62146,62156,10
12.9649896622,80.2473220825,62156,62166,10
12.9657201767,80.2475128174,62166,62176,10
12.9662904739,80.2477264404,62176,62186,10
12.966340065,80.2477493286,62186,62196,10
12.9666204453,80.2478485107,62196,62216,20
12.9666204453,80.2478485107,62216,62226,10
12.9668598175,80.2480010986,62226,62237,11
12.9672803879,80.2482070923,62237,62247,10
12.9680099487,80.2485198975,62247,62257,10
12.9687900543,80.248840332,62257,62267,10
12.9696798325,80.2491836548,62267,62277,10
12.9706602097,80.2495574951,62277,62287,10
12.9716901779,80.2498397827,62287,62297,10
12.9728002548,80.2501296997,62297,62307,10
12.9738101959,80.2504196167,62307,62317,10
12.9747600555,80.2506637573,62317,62327,10
12.9758300781,80.2509613037,62327,62338,11
12.9767103195,80.2512207031,62338,62348,10
12.9775104523,80.2515487671,62348,62358,10
12.9781503677,80.2520904541,62358,62368,10
12.9785604477,80.2523498535,62368,62509,141
12.9785604477,80.2523498535,62509,62520,11
12.9786996841,80.252456665,62520,62530,10
12.9795103073,80.2526473999,62530,62550,20
12.9795103073,80.2526473999,62550,62560,10
12.9798603058,80.2526702881,62560,62570,10
12.9804201126,80.2526779175,62570,62580,10
12.9811897278,80.2526626587,62580,62590,10
12.9822101593,80.2526168823,62590,62722,132
12.9822101593,80.2526168823,62722,62732,10
12.9827203751,80.2525482178,62732,62742,10
12.9833602905,80.2524871826,62742,62752,10
12.9840602875,80.2523193359,62752,62762,10
12.984749794,80.2521209717,62762,62772,10
12.9853696823,80.2519607544,62772,62782,10
12.9857196808,80.2518615723,62782,62793,11
12.9862699509,80.2517089844,62793,62803,10
12.9868202209,80.2515792847,62803,62813,10
12.9871101379,80.2514877319,62813,62823,10
12.9874696732,80.2513809204,62823,62833,10
12.9879598618,80.2512817383,62833,62843,10
12.9887104034,80.2511062622,62843,62853,10
12.9896202087,80.2508621216,62853,62873,20
12.9896202087,80.2508621216,62873,62883,10
12.989780426,80.2508468628,62883,62894,11
12.99036026,80.2507171631,62894,62904,10
12.9911203384,80.2505264282,62904,62914,10
12.9919900894,80.2503204346,62914,62924,10
12.992939949,80.2500915527,62924,62934,10
12.9940900803,80.2497787476,62934,62944,10
12.9952802658,80.24949646,62944,62954,10
12.996339798,80.2491989136,62954,62964,10
12.997179985,80.2489776611,62964,62974,10
12.9980697632,80.2487716675,62974,62985,11
12.9991903305,80.2484817505,62985,62995,10
13.0003004074,80.2482070923,62995,63005,10
13.0015602112,80.2479019165,63005,63015,10
13.0024900436,80.2476806641,63015,63025,10
13.0034503937,80.2475204468,63025,63035,10
13.0044202805,80.2473678589,63035,63045,10
13.0054702759,80.2472305298,63045,63055,10
13.0062103271,80.2469406128,63055,63065,10
13.0065002441,80.2464981079,63065,63076,11
13.0065097809,80.2464904785,63076,63086,10
13.0065498352,80.2463684082,63086,63096,10
13.0066299438,80.2458877563,63096,63106,10
13.0066404343,80.2453308105,63106,63116,10
13.0066299438,80.2447662354,63116,63126,10
13.0066003799,80.244392395,63126,63136,10
13.0065898895,80.2440032959,63136,63146,10
13.0065803528,80.2436065674,63146,63156,10
13.0065498352,80.2429962158,63156,63167,11
13.0065402985,80.2421112061,63167,63177,10
13.0065498352,80.2414398193,63177,63187,10
13.0066299438,80.2409362793,63187,63197,10
13.0067996979,80.2401885986,63197,63207,10
13.006939888,80.2393417358,63207,63217,10
13.0071001053,80.2384109497,63217,63227,10
13.0072402954,80.2377624512,63227,63237,10
13.0073604584,80.2372131348,63237,63247,10
13.0074300766,80.2367172241,63247,63258,11
13.0074396133,80.2366867065,63258,63268,10
13.0075397491,80.236328125,63268,63278,10
13.0076904297,80.2356414795,63278,63288,10
13.0078601837,80.2348098755,63288,63298,10
13.0080299377,80.2338790894,63298,63308,10
13.0082197189,80.2328872681,63308,63318,10
13.0084199905,80.2318878174,63318,63328,10
13.0086202621,80.2309036255,63328,63338,10
13.0087900162,80.2298965454,63338,63349,11
13.0089998245,80.228843689,63349,63359,10
13.0092802048,80.2278823853,63359,63369,10
13.0097398758,80.226890564,63369,63379,10
13.0101699829,80.2259979248,63379,63388,9
13.0106201172,80.2250595093,63388,63399,11
13.0109596252,80.2243423462,63399,63409,10
13.0113401413,80.2234191895,63409,63429,20
13.0113401413,80.2234191895,63429,63440,11
13.0113296509,80.2231826782,63440,63450,10
13.0114803314,80.2229232788,63450,63460,10
13.0116701126,80.2224502563,63460,63470,10
13.0119695663,80.2218933105,63470,63480,10
13.0122804642,80.2216186523,63480,63490,10
13.0124502182,80.221786499,63490,63500,10
13.0128202438,80.2222595215,63500,63510,10
13.0133199692,80.2227935791,63510,63520,10
13.0138301849,80.2233734131,63520,63531,11
13.0142498016,80.2238693237,63531,63541,10
13.014840126,80.2243804932,63541,63551,10
13.0152196884,80.2247695923,63551,63571,20
13.0152196884,80.2247695923,63571,63581,10
13.01541996,80.2249526978,63581,63591,10
13.0156097412,80.225112915,63591,63601,10
13.0157299042,80.2251968384,63601,63611,10
13.0160198212,80.2253570557,63611,63622,11
13.0164699554,80.2253799438,63622,63632,10
13.0170202255,80.2251815796,63632,63642,10
13.0176696777,80.2249069214,63642,63652,10
13.0184402466,80.2245864868,63652,63662,10
13.0196199417,80.2244491577,63662,63682,20
13.0196199417,80.2244491577,63682,63692,10
13.0196695328,80.2245178223,63692,63702,10
13.0198602676,80.2246627808,63702,63712,10
13.0202798843,80.2249526978,63712,63723,11
13.0208797455,80.2253799438,63723,63733,10
13.0214300156,80.2257766724,63733,63743,10
13.0220098495,80.2261810303,63743,63753,10
13.0221004486,80.2262496948,63753,63763,10
13.0222396851,80.2263793945,63763,63773,10
13.0227003098,80.2268066406,63773,63783,10
13.0233097076,80.2274017334,63783,63793,10
13.0237903595,80.2278366089,63793,63803,10
13.0242595673,80.2283401489,63803,63814,11
13.0245399475,80.2287521362,63814,63824,10
13.0248298645,80.2291793823,63824,63834,10
13.0253000259,80.2297973633,63834,63844,10
13.0257396698,80.230430603,63844,63854,10
13.0259399414,80.2308883667,63854,63864,10
13.0260400772,80.2312698364,63864,63874,10
13.0263595581,80.231300354,63874,63884,10
13.0269098282,80.2311325073,63884,63894,10
13.0275497437,80.2309799194,63894,63905,11
13.0284996033,80.2308731079,63905,63975,70
13.0288095474,80.2309494019,63975,64046,71
13.0288095474,80.2309494019,64046,64056,10
13.028840065,80.2309417725,64056,64066,10
13.0290203094,80.2308731079,64066,64076,10
13.0292701721,80.2308425903,64076,64087,11
13.0296201706,80.230796814,64087,64097,10
13.0297899246,80.2307891846,64097,64107,10
13.0298299789,80.230796814,64107,64117,10
13.0300598145,80.2307662964,64117,64127,10
13.0303497314,80.2307434082,64127,64137,10
13.0308103561,80.2306976318,64137,64147,10
13.0313396454,80.2306594849,64147,64157,10
13.0320501328,80.2305984497,64157,64167,10
13.0327701569,80.2305526733,64167,64178,11
13.0331296921,80.2305297852,64178,64188,10
13.0332202911,80.2305526733,64188,64198,10
13.0335702896,80.2304992676,64198,64208,10
13.0340900421,80.2304382324,64208,64218,10
13.0344295502,80.2304077148,64218,64228,10
13.0348396301,80.2302322388,64228,64238,10
13.0350399017,80.2298965454,64238,64279,41
13.0350399017,80.2298965454,64279,64289,10
13.0347604752,80.2297592163,64289,64299,10
13.0343999863,80.2297210693,64299,64339,40
13.0343999863,80.2297210693,64339,64348,9
13.0341396332,80.2301101685,64348,65067,719
13.0341396332,80.2304992676,65067,65098,31
13.0338802338,80.2304611206,65098,65118,20
13.0338802338,80.2304611206,65118,65128,10
13.0332803726,80.2304763794,65128,65138,10
13.0326900482,80.2304992676,65138,65148,10
13.0320997238,80.2305679321,65148,65158,10
13.0314798355,80.2306518555,65158,65168,10
13.0308799744,80.230682373,65168,65178,10
13.0304603577,80.2306976318,65178,65189,11
13.0301799774,80.2307434082,65189,65199,10
13.0299797058,80.2307662964,65199,65209,10
13.0299797058,80.230758667,65209,65219,10
13.0296802521,80.2308273315,65219,65229,10
13.0293598175,80.2308502197,65229,65239,10
13.0286397934,80.2308883667,65239,65249,10
13.0279598236,80.2309570313,65249,65259,10
13.0276699066,80.2311172485,65259,65269,10
13.0277004242,80.2315979004,65269,65279,10
13.027759552,80.2321166992,65279,65290,11
13.0278501511,80.2326583862,65290,65300,10
13.0274496078,80.2328414917,65300,65310,10
13.0269603729,80.2329330444,65310,65320,10
13.0266103745,80.2329788208,65320,65330,10
13.0263204575,80.2326202393,65330,65340,10
13.0261497498,80.2319717407,65340,65350,10
13.0259399414,80.2311706543,65350,65360,10
13.0257396698,80.2305603027,65360,65371,11
13.0255403519,80.2302093506,65371,65381,10
13.0250597,80.2295379639,65381,65451,70
13.0250597,80.2295379639,65451,65462,11
13.0248804092,80.2293167114,65462,65472,10
13.0246696472,80.2290725708,65472,65482,10
13.0246601105,80.229057312,65482,65492,10
13.0245895386,80.2289581299,65492,65502,10
13.0244197845,80.2287216187,65502,65512,10
13.0242595673,80.2285308838,65512,65522,10
13.0240497589,80.2283325195,65522,65532,10
13.0238399506,80.2280502319,65532,65542,10
13.023440361,80.2276611328,65542,65583,41
13.023440361,80.2276611328,65583,65593,10
13.0231800079,80.2273864746,65593,65603,10
13.0227499008,80.2269821167,65603,65613,10
13.0222702026,80.2265396118,65613,65623,10
13.0215702057,80.2259597778,65623,65633,10
13.0208902359,80.2254333496,65633,65643,10
13.0201196671,80.224899292,65643,65654,11
13.0192203522,80.2244110107,65654,65664,10
13.0182304382,80.2246170044,65664,65674,10
13.0172901154,80.2250289917,65674,65684,10
13.0166797638,80.2253189087,65684,65694,10
13.0164203644,80.225440979,65694,65704,10
13.0159101486,80.2256164551,65704,65714,10
13.0152301788,80.2258834839,65714,65724,10
13.0144901276,80.2261581421,65724,65734,10
13.0143003464,80.2262268066,65734,65745,11
13.0141000748,80.2262878418,65745,65755,10
13.0135602951,80.2265014648,65755,65765,10
13.0128602982,80.2267227173,65765,65775,10
13.0119800568,80.2270965576,65775,65785,10
13.011059761,80.2275009155,65785,65795,10
13.0101003647,80.2278900146,65795,65805,10
13.0092897415,80.228302002,65805,65815,10
13.0090303421,80.2291412354,65815,65825,10
13.0088701248,80.2300415039,65825,65836,11
13.0086603165,80.2311630249,65836,65846,10
13.0084896088,80.2321090698,65846,65856,10
13.0083198547,80.2329711914,65856,65866,10
13.0082597733,80.233543396,65866,65876,10
13.0082197189,80.2336502075,65876,65886,10
13.0080795288,80.234161377,65886,65896,10
13.0079498291,80.2348403931,65896,65906,10
13.0079402924,80.2349472046,65906,65916,10
13.0078897476,80.2351837158,65916,65927,11
13.0077600479,80.2358016968,65927,65937,10
13.0076503754,80.2363815308,65937,65947,10
13.0075702667,80.236869812,65947,65957,10
13.0074701309,80.2373504639,65957,65967,10
13.007399559,80.2377090454,65967,65977,10
13.0073204041,80.2381591797,65977,65987,10
13.0071601868,80.2389907837,65987,66098,111
13.0071001053,80.2393722534,66098,66119,21
13.0071001053,80.2393722534,66119,66129,10
13.0070400238,80.2396011353,66129,66139,10
13.0069503784,80.2400665283,66139,66149,10
13.0068998337,80.2405014038,66149,66159,10
13.0068902969,80.2405166626,66159,66169,10
13.006819725,80.2409515381,66169,66179,10
13.0067596436,80.241607666,66179,66189,10
13.0067195892,80.2423171997,66189,66200,11
13.0066795349,80.243057251,66200,66210,10
13.0066699982,80.2438583374,66210,66220,10
13.0066795349,80.2445907593,66220,66230,10
13.0066795349,80.2451019287,66230,66240,10
13.0066900253,80.2454299927,66240,66250,10
13.0066995621,80.245880127,66250,66260,10
13.0067100525,80.2464675903,66260,66270,10
13.0067195892,80.2471389771,66270,66280,10
13.0061197281,80.2473907471,66280,66301,21
13.0061197281,80.2473907471,66301,66311,10
13.0059604645,80.2473831177,66311,66321,10
13.0053596497,80.2473602295,66321,66331,10
13.0045003891,80.2474136353,66331,66341,10
13.0034103394,80.247543335,66341,66351,10
13.0024595261,80.247718811,66351,66361,10
13.0015497208,80.2479171753,66361,66371,10
13.0006103516,80.2481613159,66371,66381,10
12.9992799759,80.2485122681,66381,66392,11
12.9982500076,80.2487792969,66392,66402,10
12.9977197647,80.2489013672,66402,66412,10
12.9973201752,80.2490005493,66412,66422,10
12.9965200424,80.2491531372,66422,66432,10
12.99559021,80.2493667603,66432,66442,10
12.99477005,80.2495803833,66442,66452,10
12.9934797287,80.2499389648,66452,66462,10
12.992389679,80.2502212524,66462,66472,10
12.9908800125,80.250617981,66472,66503,31
12.9908800125,80.250617981,66503,66523,20
12.9902200699,80.2508010864,66523,66654,131
12.9902200699,80.2508010864,66654,66665,11
12.9898300171,80.2508468628,66665,66675,10
12.98939991,80.2509689331,66675,66685,10
12.9891004562,80.2510528564,66685,66695,10
12.9887504578,80.251121521,66695,66705,10
12.9883203506,80.2512512207,66705,66715,10
12.9878101349,80.251373291,66715,66725,10
12.9873399734,80.2515106201,66725,66735,10
12.9868297577,80.251663208,66735,66745,10
12.9862604141,80.2518081665,66745,66756,11
12.9853696823,80.2520294189,66756,66766,10
12.9843902588,80.2522964478,66766,66776,10
12.9833898544,80.252532959,66776,66786,10
12.9824695587,80.2526397705,66786,66796,10
12.9816799164,80.2526626587,66796,66806,10
12.981010437,80.2526779175,66806,66816,10
12.9805002213,80.2527313232,66816,66826,10
12.9802503586,80.2527694702,66826,66836,10
12.9798803329,80.252746582,66836,66847,11
12.9792995453,80.2526702881,66847,66857,10
12.978770256,80.2526016235,66857,66877,20
12.978770256,80.2526016235,66877,66887,10
12.9786701202,80.252571106,66887,66897,10
12.9783096313,80.2523803711,66897,66907,10
12.9777202606,80.2518997192,66907,66917,10
12.9770002365,80.2513885498,66917,66927,10
12.9760704041,80.251083374,66927,66938,11
12.9749202728,80.2507400513,66938,66948,10
12.9737901688,80.2504119873,66948,66958,10
12.9725399017,80.2500686646,66958,66968,10
12.9711503983,80.2497024536,66968,66978,10
12.9698495865,80.2492675781,66978,66988,10
12.9685001373,80.2488021851,66988,66998,10
12.9672403336,80.2482833862,66998,67008,10
12.9664897919,80.2479019165,67008,67018,10
12.9658603668,80.2476425171,67018,67029,11
12.9651498795,80.2473831177,67029,67059,30
12.9651498795,80.2473831177,67059,67069,10
12.9649200439,80.2472915649,67069,67079,10
12.9644804001,80.2471389771,67079,67089,10
12.9639501572,80.2469329834,67089,67099,10
12.9634895325,80.2467422485,67099,67109,10
12.962849617,80.2463912964,67109,67120,11
12.9619102478,80.2459182739,67120,67130,10
12.9609603882,80.2454681396,67130,67140,10
12.9600601196,80.2450714111,67140,67150,10
12.9594202042,80.2447967529,67150,67180,30
12.9594202042,80.2447967529,67180,67190,10
12.9590797424,80.2446365356,67190,67200,10
12.9583902359,80.2443389893,67200,67210,10
12.9576196671,80.2440338135,67210,67221,11
12.9567098618,80.2437515259,67221,67271,50
12.9567098618,80.2437515259,67271,67281,10
12.9563703537,80.2436218262,67281,67291,10
12.9560203552,80.2434463501,67291,67301,10
12.9553003311,80.243057251,67301,67312,11
12.9543199539,80.2426605225,67312,67322,10
12.9534502029,80.2423095703,67322,67332,10
12.9525499344,80.2419433594,67332,67342,10
12.9516296387,80.2416305542,67342,67362,20
12.9516296387,80.2416305542,67362,67372,10
12.9512701035,80.2414932251,67372,67382,10
12.9505996704,80.2412719727,67382,67392,10
12.9492998123,80.2408828735,67392,67413,21
12.9492998123,80.2408828735,67413,67423,10
12.948849678,80.2406997681,67423,67433,10
12.948220253,80.2404632568,67433,67443,10
12.9469900131,80.2399520874,67443,67483,40
12.9469900131,80.2399520874,67483,67494,11
12.9465999603,80.2397918701,67494,67504,10
12.945980072,80.2395172119,67504,67514,10
12.9452400208,80.2391281128,67514,67524,10
12.9445104599,80.2384185791,67524,67534,10
12.9436798096,80.237487793,67534,67544,10
12.9427204132,80.236618042,67544,67554,10
12.9415998459,80.2362136841,67554,67564,10
12.9404802322,80.2359619141,67564,67574,10
12.9397802353,80.2357711792,67574,67595,21
12.9397802353,80.2357711792,67595,67605,10
12.9396495819,80.235710144,67605,67615,10
12.9391298294,80.235458374,67615,67625,10
12.9383897781,80.2350769043,67625,67635,10
12.9375,80.23462677,67635,67645,10
12.9367198944,80.2342605591,67645,67655,10
12.935549736,80.2336883545,67655,67665,10
12.9345197678,80.2332305908,67665,67676,11
12.9338998795,80.2329483032,67676,67706,30
12.9338998795,80.2329483032,67706,67716,10
12.9334697723,80.2327423096,67716,67726,10
12.9327697754,80.2324295044,67726,67736,10
12.9318599701,80.2321166992,67736,67746,10
12.9308700562,80.2317886353,67746,67756,10
12.9298095703,80.2314987183,67756,67767,11
12.9287004471,80.231262207,67767,67777,10
12.9277200699,80.2311172485,67777,67787,10
12.9267902374,80.2310333252,67787,67797,10
12.9262104034,80.23097229,67797,67827,30
12.9262104034,80.23097229,67827,67837,10
12.925909996,80.2309494019,67837,67847,10
12.9252796173,80.2308731079,67847,67858,11
12.9244203568,80.2307662964,67858,67868,10
12.9234600067,80.2306365967,67868,67878,10
12.9223804474,80.23046875,67878,67888,10
12.9211997986,80.2302932739,67888,67898,10
12.9199399948,80.2301177979,67898,67908,10
12.9186401367,80.229927063,67908,67918,10
12.9174203873,80.2297821045,67918,67928,10
12.9162502289,80.2296066284,67928,67938,10
12.9149799347,80.2294311523,67938,67949,11
12.913769722,80.2292861938,67949,67959,10
12.9133195877,80.2292480469,67959,67979,20
12.9133195877,80.2292480469,67979,67989,10
12.9132699966,80.2292175293,67989,67999,10
12.9129295349,80.2291793823,67999,68009,10
12.9123401642,80.2291030884,68009,68019,10
12.9114904404,80.2289810181,68019,68029,10
12.9105300903,80.2288284302,68029,68039,10
12.9095697403,80.2286682129,68039,68050,11
12.9084196091,80.228477478,68050,68060,10
12.9074697495,80.2283401489,68060,68070,10
12.9070596695,80.2283096313,68070,68090,20
12.9070596695,80.2283096313,68090,68100,10
12.9068498611,80.2282791138,68100,68110,10
12.906370163,80.2282180786,68110,68120,10
12.9056797028,80.2281723022,68120,68130,10
12.9048595428,80.2281417847,68130,68141,11
12.9037799835,80.2280883789,68141,68151,10
12.9027795792,80.2280426025,68151,68161,10
12.9019203186,80.2279968262,68161,68171,10
12.9013004303,80.2279815674,68171,68232,61
12.9013004303,80.2279815674,68232,68242,10
12.9011001587,80.2280426025,68242,68252,10
12.9007396698,80.2279663086,68252,68262,10
12.9001197815,80.2279434204,68262,68272,10
12.8995800018,80.2279129028,68272,68282,10
12.8995704651,80.2279129028,68282,68292,10
12.8993902206,80.2278900146,68292,68302,10
12.899020195,80.2278594971,68302,68312,10
12.8982601166,80.2277908325,68312,68323,11
12.8971595764,80.2277069092,68323,68333,10
12.8959503174,80.2276535034,68333,68343,10
12.8948097229,80.2276077271,68343,68353,10
12.8937902451,80.2275466919,68353,68363,10
12.8929300308,80.2274703979,68363,68403,40
12.8929300308,80.2274703979,68403,68414,11
12.8927001953,80.2274169922,68414,68424,10
12.8922195435,80.2273864746,68424,68434,10
12.8914203644,80.2273635864,68434,68444,10
12.8904495239,80.2273483276,68444,68454,10
12.8892803192,80.2273483276,68454,68464,10
12.888420105,80.2273406982,68464,68474,10
12.8875303268,80.2272415161,68474,68484,10
12.8865203857,80.2270507813,68484,68494,10
12.8855104446,80.2267990112,68494,68505,11
12.8850603104,80.2267227173,68505,68515,10
12.8850402832,80.2267227173,68515,68525,10
12.8847198486,80.2266998291,68525,68545,20
12.8847198486,80.2266998291,68545,68555,10
12.8844203949,80.2266769409,68555,68565,10
12.8837795258,80.2266693115,68565,68575,10
12.8829603195,80.2266616821,68575,68585,10
12.8819999695,80.2266693115,68585,68596,11
12.8808403015,80.2266769409,68596,68606,10
12.8797101974,80.2266998291,68606,68616,10
12.8785200119,80.2267532349,68616,68626,10
12.877409935,80.2268371582,68626,68636,10
12.8763599396,80.2269363403,68636,68656,20
12.8763599396,80.2269363403,68656,68666,10
12.8761196136,80.2269515991,68666,68676,10
12.8754997253,80.2269287109,68676,68687,11
12.8744602203,80.2268218994,68687,68697,10
12.8733701706,80.2266998291,68697,68707,10
12.8727197647,80.2266616821,68707,68717,10
12.8726997375,80.2266464233,68717,68727,10
12.8723201752,80.2266082764,68727,68737,10
12.871509552,80.226600647,68737,68747,10
12.8704204559,80.2265396118,68747,68757,10
12.8690900803,80.2263870239,68757,68767,10
12.8677396774,80.226348877,68767,68777,10
12.8661003113,80.2265014648,68777,68788,11
12.8645200729,80.2265167236,68788,68798,10
12.8631801605,80.2264709473,68798,68808,10
12.8618402481,80.2265014648,68808,68818,10
12.8609199524,80.2265396118,68818,68828,10
12.8608798981,80.2265396118,68828,68838,10
12.8605203629,80.2265014648,68838,68848,10
12.8597698212,80.2264022827,68848,68858,10
12.8590803146,80.22631073,68858,68868,10
12.8586397171,80.2262573242,68868,68879,11
12.8578395844,80.2262268066,68879,68889,10
12.8569202423,80.2262802124,68889,68899,10
12.855890274,80.2263793945,68899,68909,10
12.8546800613,80.2265014648,68909,68919,10
12.8532896042,80.2266235352,68919,68929,10
12.8518295288,80.2265930176,68929,68939,10
12.8505096436,80.2265472412,68939,68949,10
12.8499097824,80.2265777588,68949,68959,10
12.8496398926,80.2265625,68959,68970,11
12.848950386,80.2265396118,68970,68980,10
12.8481397629,80.2265319824,68980,68990,10
12.8471603394,80.2265396118,68990,69000,10
12.8461704254,80.2265625,69000,69010,10
12.8453998566,80.2265625,69010,69030,20
12.8453998566,80.2265625,69030,69040,10
12.8452301025,80.2265625,69040,69050,10
12.844619751,80.2265777588,69050,69061,11
12.8437299728,80.2266998291,69061,69071,10
12.8427801132,80.226852417,69071,69081,10
12.8416900635,80.2270889282,69081,69091,10
12.8405303955,80.2274093628,69091,69101,10
12.8397302628,80.2277069092,69101,69131,30
12.8397302628,80.2277069092,69131,69141,10
12.839679718,80.2277069092,69141,69152,11
12.8393697739,80.2277679443,69152,69162,10
12.838640213,80.2278823853,69162,69172,10
12.8376502991,80.2281112671,69172,69182,10
12.8364200592,80.228302002,69182,69192,10
12.8349704742,80.2285308838,69192,69202,10
12.8336400986,80.2287597656,69202,69212,10
12.8322401047,80.2290496826,69212,69232,20
12.8322401047,80.2290496826,69232,69243,11
12.8319501877,80.2290878296,69243,69253,10
12.8317203522,80.2291412354,69253,69263,10
12.831319809,80.2292404175,69263,69273,10
12.8306303024,80.2294998169,69273,69283,10
12.8297796249,80.2298278809,69283,69293,10
12.829000473,80.2301101685,69293,69303,10
12.8281698227,80.2305679321,69303,69313,10
12.8274297714,80.2309799194,69313,69323,10
12.8265800476,80.231262207,69323,69334,11
12.8258695602,80.231338501,69334,69344,10
12.8255596161,80.2313613892,69344,69354,10
12.824839592,80.2313537598,69354,69364,10
12.8238296509,80.2311096191,69364,69374,10
12.8226804733,80.2307510376,69374,69384,10
12.821439743,80.2304229736,69384,69394,10
12.8202800751,80.2304000854,69394,69404,10
12.8192300797,80.230430603,69404,69414,10
12.8189001083,80.2304382324,69414,69425,11
12.8184995651,80.2302703857,69425,69435,10
12.8177404404,80.2299118042,69435,69445,10
12.8167800903,80.2295303345,69445,69455,10
12.8156099319,80.2293167114,69455,69465,10
12.8143396378,80.229133606,69465,69475,10
12.813079834,80.2287902832,69475,69485,10
12.8117599487,80.2283172607,69485,69495,10
12.810500145,80.2278366089,69495,69505,10
12.8095397949,80.2274169922,69505,69515,10
12.8085002899,80.2267227173,69515,69526,11
12.8074903488,80.2258605957,69526,69536,10
12.8068799973,80.2253265381,69536,69546,10
12.8063697815,80.2248687744,69546,69556,10
12.8058204651,80.2244033813,69556,69566,10
12.8051099777,80.2240371704,69566,69586,20
12.8051099777,80.2240371704,69586,69596,10
12.804889679,80.2239608765,69596,69606,10
12.8044996262,80.2239074707,69606,69617,11
12.8038301468,80.2238388062,69617,69627,10
12.8030796051,80.2237701416,69627,69637,10
12.8022203445,80.2236480713,69637,69647,10
12.8012800217,80.2235565186,69647,69657,10
12.8003101349,80.2234573364,69657,69667,10
12.7992095947,80.2233581543,69667,69677,10
12.7980298996,80.22315979,69677,69687,10
12.7968702316,80.2229995728,69687,69697,10
12.795920372,80.222869873,69697,69708,11
12.7956800461,80.2228469849,69708,69718,10
12.7954702377,80.2228088379,69718,69728,10
12.7949399948,80.2227401733,69728,69738,10
12.7941999435,80.2226104736,69738,69748,10
12.7933301926,80.2224807739,69748,69758,10
12.7924404144,80.2223434448,69758,69768,10
12.7914600372,80.2220916748,69768,69778,10
12.7903404236,80.2218170166,69778,69788,10
12.7896203995,80.2216186523,69788,69799,11
12.7892198563,80.221496582,69799,69809,10
12.7886400223,80.2212600708,69809,69819,10
12.788069725,80.2210388184,69819,69829,10
12.7872896194,80.2207565308,69829,69859,30
12.7872896194,80.2207565308,69859,69869,10
12.7867698669,80.2205581665,69869,69890,21
12.7867698669,80.2205581665,69890,69900,10
12.7867202759,80.2205200195,69900,69910,10
12.7865600586,80.2204589844,69910,69920,10
12.7864904404,80.2204437256,69920,69930,10
12.7863302231,80.2203826904,69930,69940,10
12.7861700058,80.2203063965,69940,69950,10
12.7857198715,80.2201309204,69950,69960,10
12.7855195999,80.2200317383,69960,69970,10
12.7851800919,80.2198486328,69970,69981,11
12.7846603394,80.2195968628,69981,70021,40
12.7846603394,80.2195968628,70021,70031,10
12.7845001221,80.2194900513,70031,70041,10
12.7840003967,80.2192001343,70041,70051,10
12.7831401825,80.2187194824,70051,70061,10
12.781999588,80.2180862427,70061,70072,11
12.7805595398,80.2173080444,70072,70082,10
12.7791996002,80.2165679932,70082,70092,10
12.7764196396,80.2153015137,70092,70102,10
12.7764196396,80.2153015137,70102,70112,10
12.7752399445,80.2148208618,70112,70122,10
12.7742595673,80.2144165039,70122,70132,10
12.773440361,80.2141036987,70132,70142,10
12.7726602554,80.2137985229,70142,70152,10
12.7718801498,80.213508606,70152,70163,11
12.7709102631,80.2131729126,70163,70175,12
12.7707004547,80.2130584717,70175,70185,10
12.7707901001,80.212852478,70185,70195,10
12.7708396912,80.2127685547,70195,70205,10
12.7709598541,80.2122879028,70205,70215,10
12.7711496353,80.211479187,70215,70225,10
12.7714996338,80.2107696533,70225,70235,10
12.7719602585,80.2098770142,70235,70245,10
12.7723197937,80.2089004517,70245,70256,11
12.7724399567,80.2083587646,70256,70266,10
12.7725801468,80.2078475952,70266,70276,10
12.772769928,80.2071685791,70276,70286,10
12.7729196548,80.2066497803,70286,70296,10
12.773059845,80.206199646,70296,70306,10
12.7731399536,80.2059173584,70306,70316,10
12.7733001709,80.2052230835,70316,70326,10
12.7733898163,80.204536438,70326,70336,10
12.7734804153,80.2036590576,70336,70346,10
12.7737503052,80.2023925781,70346,70357,11
12.7738399506,80.2010803223,70357,70367,10
12.7739400864,80.1999206543,70367,70377,10
12.7740402222,80.1988220215,70377,70387,10
12.7741098404,80.1977996826,70387,70397,10
12.7741498947,80.1968078613,70397,70407,10
12.774189949,80.1958618164,70407,70417,10
12.7743196487,80.1948928833,70417,70427,10
12.7744998932,80.1940689087,70427,70436,9
12.7746200562,80.1936035156,70436,70448,12
12.7746696472,80.1934585571,70448,70458,10
12.7747602463,80.1931762695,70458,70468,10
12.7751998901,80.1925888062,70468,70478,10
12.7753000259,80.1919326782,70478,70488,10
12.7751598358,80.1912078857,70488,70498,10
12.7747898102,80.1905212402,70498,70508,10
12.7741498947,80.1898574829,70508,70518,10
12.7734098434,80.1894226074,70518,70528,10
12.7725696564,80.1890563965,70528,70539,11
12.7717504501,80.1887969971,70539,70549,10
12.7711000443,80.1884613037,70549,70559,10
12.7709598541,80.18775177,70559,70569,10
12.7708797455,80.1869277954,70569,70579,10
12.7707395554,80.1856002808,70579,70588,9
12.7707395554,80.1856002808,70588,70599,11
12.7704200745,80.1845703125,70599,70619,20
12.7704200745,80.1845703125,70619,70630,11
12.7701101303,80.1844863892,70630,70640,10
12.7696504593,80.1843490601,70640,70653,13
12.7691898346,80.1841506958,70653,70663,10
12.7687397003,80.1838531494,70663,70673,10
12.7684202194,80.1835479736,70673,70683,10
12.7680797577,80.18334198,70683,70693,10
12.7675895691,80.1831817627,70693,70703,10
12.7671403885,80.1830215454,70703,70713,10
12.7666501999,80.1827926636,70713,70724,11
12.7659902573,80.1826019287,70724,70734,10
12.7655601501,80.1825714111,70734,70744,10
12.7650003433,80.1824874878,70744,70754,10
12.764380455,80.1824111938,70754,70764,10
12.7639303207,80.1823501587,70764,70774,10
12.7635002136,80.1824417114,70774,70784,10
12.7633304596,80.1828994751,70784,70794,10
12.7631797791,80.1834030151,70794,70804,10
12.7630996704,80.1836013794,70804,70815,11
12.7630395889,80.1837692261,70815,70825,10
12.7629804611,80.1839981079,70825,70835,10
12.763010025,80.1843032837,70835,70845,10
12.7630195618,80.1845779419,70845,70855,10
12.7629899979,80.1848220825,70855,70865,10
12.7628097534,80.1850204468,70865,70875,10
12.7625904083,80.1849899292,70875,70885,10
12.762169838,80.1849822998,70885,70895,10
12.7617998123,80.1849594116,70895,70906,11
12.7615203857,80.184753418,70906,71361,455
12.7614898682,80.1847610474,71361,71462,101
12.7614898682,80.1847610474,71462,71472,10
12.7615699768,80.1847915649,71472,71482,10
12.7618198395,80.1848373413,71482,71492,10
12.7621097565,80.1848602295,71492,71502,10
12.7623596191,80.1848602295,71502,71512,10
12.7626199722,80.1849136353,71512,71522,10
12.7628898621,80.1849365234,71522,71532,10
12.763010025,80.1847229004,71532,71543,11
12.7630395889,80.184463501,71543,71553,10
12.763010025,80.1842269897,71553,71563,10
12.7629804611,80.1839981079,71563,71573,10
12.7630500793,80.1837997437,71573,71583,10
12.763130188,80.1835632324,71583,71592,9
12.7632102966,80.1832962036,71592,71603,11
12.7633199692,80.1829071045,71603,71613,10
12.763469696,80.1824264526,71613,71623,10
12.7638301849,80.1823806763,71623,71634,11
12.7643098831,80.1824417114,71634,71644,10
12.7648000717,80.1824874878,71644,71654,10
12.7653303146,80.1825714111,71654,71664,10
12.7659196854,80.1826477051,71664,71674,10
12.7663497925,80.1827087402,71674,71684,10
12.7669000626,80.1829223633,71684,71694,10
12.7673902512,80.1831283569,71694,71704,10
12.7677402496,80.1832580566,71704,71714,10
12.7681903839,80.1834182739,71714,71725,11
12.7686195374,80.1837234497,71725,71735,10
12.768910408,80.1839981079,71735,71745,10
12.7692203522,80.1841964722,71745,71755,10
12.7696800232,80.184387207,71755,71765,10
12.7700796127,80.1845169067,71765,71775,10
12.770529747,80.1846618652,71775,71785,10
12.7706804276,80.1847686768,71785,71795,10
12.7707595825,80.1852111816,71795,71805,10
12.7707796097,80.186088562,71805,71816,11
12.7708997726,80.1869277954,71816,71826,10
12.7710199356,80.1879425049,71826,71836,10
12.7713804245,80.1887512207,71836,71846,10
12.7722597122,80.1890563965,71846,71856,10
12.7732400894,80.189491272,71856,71866,10
12.7741298676,80.1898803711,71866,71876,10
12.7747602463,80.1905670166,71876,71886,10
12.7751903534,80.1913299561,71886,71896,10
12.7753696442,80.1922836304,71896,71906,10
12.7749996185,80.1929626465,71906,71917,11
12.7746601105,80.1937026978,71917,71927,10
12.7744998932,80.1943283081,71927,71937,10
12.7743196487,80.1951599121,71937,71947,10
12.7742204666,80.1960220337,71947,71957,10
12.7741699219,80.1969223022,71957,71967,10
12.7741298676,80.1978378296,71967,71977,10
12.7740802765,80.1987686157,71977,71987,10
12.7740001678,80.1996765137,71987,71997,10
12.773900032,80.2007064819,71997,72008,11
12.7738199234,80.2018585205,72008,72018,10
12.7737398148,80.2027816772,72018,72028,10
12.7735204697,80.20362854,72028,72038,10
12.7734298706,80.2044296265,72038,72048,10
12.7733201981,80.2052612305,72048,72058,10
12.773150444,80.2060012817,72058,72068,10
12.7729597092,80.2066116333,72068,72078,10
12.7727603912,80.2073669434,72078,72088,10
12.7725200653,80.2081604004,72088,72099,11
12.7722196579,80.2092437744,72099,72109,10
12.7719402313,80.2099990845,72109,72119,10
12.7716598511,80.2105178833,72119,72129,10
12.7713804245,80.2110671997,72129,72139,10
12.7711400986,80.2115707397,72139,72149,10
12.7709903717,80.2120819092,72149,72159,10
12.7709197998,80.2125396729,72159,72169,10
12.7707796097,80.2129669189,72169,72178,9
12.7709598541,80.2132034302,72178,72190,12
12.7718200684,80.2134780884,72190,72200,10
12.7725296021,80.2137298584,72200,72210,10
12.7732095718,80.2139892578,72210,72220,10
12.7739801407,80.2142791748,72220,72230,10
12.7748098373,80.2145996094,72230,72240,10
12.7757301331,80.2149810791,72240,72250,10
12.7766599655,80.21534729,72250,72260,10
12.777680397,80.2157669067,72260,72270,10
12.7787504196,80.216293335,72270,72281,11
12.7798900604,80.2169036865,72281,72291,10
12.7809801102,80.2174987793,72291,72301,10
12.7820501328,80.2180786133,72301,72311,10
12.7830295563,80.2186203003,72311,72321,10
12.7838697433,80.2191085815,72321,72331,10
12.7846002579,80.2195205688,72331,72341,10
12.7852401733,80.2198562622,72341,72351,10
12.7858200073,80.2201385498,72351,72361,10
12.7865695953,80.2204208374,72361,72402,41
12.7865695953,80.2204208374,72402,72412,10
12.7869596481,80.2205963135,72412,72422,10
12.7875299454,80.2208328247,72422,72432,10
12.7882299423,80.2210998535,72432,72442,10
12.7890195847,80.2213973999,72442,72452,10
12.7896604538,80.2216415405,72452,72463,11
12.7903699875,80.2218322754,72463,72473,10
12.7911701202,80.2220306396,72473,72483,10
12.7920503616,80.2222366333,72483,72493,10
12.7931404114,80.222442627,72493,72503,10
12.794380188,80.2226409912,72503,72513,10
12.7956695557,80.2228469849,72513,72523,10
12.796380043,80.2229614258,72523,72533,10
12.7965402603,80.2229995728,72533,72543,10
12.7972202301,80.2231369019,72543,72554,11
12.7982902527,80.2232818604,72554,72564,10
12.7994499207,80.2233963013,72564,72574,10
12.8006801605,80.2235031128,72574,72584,10
12.8014802933,80.2235794067,72584,72594,10
12.8016004562,80.2236175537,72594,72604,10
12.8022298813,80.2236862183,72604,72614,10
12.8030004501,80.2238006592,72614,72624,10
12.8037595749,80.2238693237,72624,72634,10
12.8044595718,80.2239074707,72634,72644,10
12.8055400848,80.2241287231,72644,72665,21
12.8055400848,80.2241287231,72665,72675,10
12.8058996201,80.2243804932,72675,72685,10
12.806520462,80.2249069214,72685,72695,10
12.807220459,80.2255172729,72695,72705,10
12.8079996109,80.2262115479,72705,72714,9
12.8088598251,80.2269134521,72714,72725,11
12.8098497391,80.2275390625,72725,72735,10
12.8112802505,80.2281494141,72735,72746,11
12.8126096725,80.2286224365,72746,72756,10
12.8138599396,80.2290267944,72756,72766,10
12.8151397705,80.2292785645,72766,72776,10
12.8164396286,80.2294616699,72776,72786,10
12.8176202774,80.2298126221,72786,72796,10
12.8184700012,80.2302322388,72796,72806,10
12.8193902969,80.2304534912,72806,72816,10
12.8197402954,80.2304382324,72816,72826,10
12.8201599121,80.2304382324,72826,72837,11
12.8210601807,80.230430603,72837,72847,10
12.8219604492,80.2305526733,72847,72857,10
12.8229398727,80.2308120728,72857,72867,10
12.8239498138,80.231086731,72867,72877,10
12.8249397278,80.2313232422,72877,72887,10
12.8260803223,80.2313308716,72887,72897,10
12.8273000717,80.2311096191,72897,72907,10
12.8284101486,80.2304916382,72907,72917,10
12.8295898438,80.2299118042,72917,72928,11
12.8307504654,80.2294616699,72928,72968,40
12.8307504654,80.2294616699,72968,72978,10
12.8308601379,80.2294387817,72978,72988,10
12.8311395645,80.2293319702,72988,72998,10
12.8316001892,80.2291564941,72998,73039,41
12.8316001892,80.2291564941,73039,73049,10
12.8318595886,80.2290878296,73049,73059,10
12.8323602676,80.2289962769,73059,73069,10
12.8330402374,80.2288589478,73069,73079,10
12.8338603973,80.2287063599,73079,73089,10
12.834690094,80.2285614014,73089,73099,10
12.8355703354,80.2284164429,73099,73110,11
12.8365898132,80.2282714844,73110,73120,10
12.8373804092,80.2281494141,73120,73130,10
12.8381500244,80.2279891968,73130,73140,10
12.8389501572,80.2277832031,73140,73150,10
12.8394403458,80.2276382446,73150,73180,30
12.8394403458,80.2276382446,73180,73190,10
12.8398199081,80.2275085449,73190,73201,11
12.8404197693,80.2273635864,73201,73211,10
12.8410701752,80.2271881104,73211,73221,10
12.8418397903,80.2269821167,73221,73231,10
12.8426599503,80.2267913818,73231,73241,10
12.8435096741,80.2266464233,73241,73251,10
12.8443098068,80.2265625,73251,73261,10
12.8450298309,80.2265014648,73261,73271,10
12.8454399109,80.2264785767,73271,73322,51
12.8454399109,80.2264785767,73322,73332,10
12.8457698822,80.2265167236,73332,73342,10
12.8461198807,80.2265090942,73342,73352,10
12.8467702866,80.2265167236,73352,73362,10
12.8475198746,80.2265319824,73362,73372,10
12.8482303619,80.2265319824,73372,73382,10
12.8490400314,80.2265167236,73382,73393,11
12.850060463,80.2265090942,73393,73403,10
12.8509998322,80.2265167236,73403,73413,10
12.8519296646,80.2265625,73413,73423,10
12.8528003693,80.2266082764,73423,73433,10
12.8536500931,80.2265625,73433,73443,10
12.8545398712,80.2264709473,73443,73453,10
12.855389595,80.2263717651,73453,73858,405
12.855389595,80.2263717651,73858,73868,10
12.8553800583,80.2263717651,73868,73878,10
12.8557701111,80.2263412476,73878,73888,10
12.856470108,80.226272583,73888,73898,10
12.8573198318,80.2261886597,73898,73908,10
12.8580799103,80.2261734009,73908,73918,10
12.8589801788,80.2262496948,73918,73928,10
12.8600502014,80.2263870239,73928,73939,11
12.8608798981,80.2264785767,73939,73949,10
12.8609800339,80.2265014648,73949,73959,10
12.8613796234,80.2265014648,73959,73969,10
12.8621397018,80.2264785767,73969,73979,10
12.8628396988,80.2264480591,73979,73989,10
12.8640604019,80.2264709473,73989,73999,10
12.8652200699,80.2265319824,73999,74009,10
12.8664503098,80.2264785767,74009,74019,10
12.8676996231,80.2263565063,74019,74030,11
12.8690900803,80.2263717651,74030,74040,10
12.8704204559,80.2265014648,74040,74050,10
12.8718395233,80.2266082764,74050,74060,10
12.8731603622,80.2266311646,74060,74070,10
12.8744697571,80.2267379761,74070,74080,10
12.8755397797,80.2268600464,74080,74090,10
12.87596035,80.2268829346,74090,74100,10
12.8764200211,80.2268600464,74100,74131,31
12.8764200211,80.2268600464,74131,74141,10
12.876660347,80.2268295288,74141,74151,10
12.8772201538,80.2267990112,74151,74161,10
12.8780899048,80.2267303467,74161,74171,10
12.879119873,80.2266769409,74171,74181,10
12.880279541,80.2266616821,74181,74191,10
12.881480217,80.2266616821,74191,74201,10
12.8827295303,80.2266464233,74201,74212,11
12.8841104507,80.2266387939,74212,74222,10
12.8851604462,80.2266387939,74222,74232,10
12.8853597641,80.2266616821,74232,74242,10
12.8854598999,80.2266769409,74242,74252,10
12.8859500885,80.2267990112,74252,74262,10
12.8867502213,80.2270126343,74262,74272,10
12.8877496719,80.2272033691,74272,74282,10
12.8888902664,80.2272720337,74282,74292,10
12.8901996613,80.2272720337,74292,74303,11
12.8916902542,80.2272720337,74303,74313,10
12.8927602768,80.2273406982,74313,74323,10
12.8936300278,80.2274475098,74323,74333,10
12.894490242,80.2275390625,74333,74343,10
12.8954296112,80.2275695801,74343,74353,10
12.8964195251,80.2276077271,74353,74363,10
12.8972501755,80.2276535034,74363,74373,10
12.8984603882,80.227722168,74373,74383,10
12.8989400864,80.2277297974,74383,74394,11
12.8989496231,80.2277297974,74394,74404,10
12.8991203308,80.2277374268,74404,74414,10
12.8994398117,80.2277679443,74414,74424,10
12.9000396729,80.2277984619,74424,74434,10
12.9004497528,80.2278213501,74434,74444,10
12.9007797241,80.2278366089,74444,74454,10
12.9009599686,80.2278594971,74454,74464,10
12.9012002945,80.2278671265,74464,74474,10
12.9014101028,80.2278900146,74474,74485,11
12.9017496109,80.227897644,74485,74495,10
12.902130127,80.2279205322,74495,74505,10
12.9027099609,80.2279510498,74505,74535,30
12.9027099609,80.2279510498,74535,74545,10
12.9029798508,80.2279891968,74545,74555,10
12.9036197662,80.228012085,74555,74565,10
12.903960228,80.2279968262,74565,74616,51
12.903960228,80.2279968262,74616,74626,10
12.9042196274,80.2280426025,74626,74636,10
12.9045200348,80.2280502319,74636,74646,10
12.9048900604,80.2280578613,74646,74656,10
12.9050397873,80.2280502319,74656,74666,10
12.9053401947,80.2280502319,74666,74737,71
12.9053401947,80.2280502319,74737,74747,10
12.9056997299,80.2280807495,74747,74757,10
12.9059400558,80.2280807495,74757,74768,11
12.90625,80.2281036377,74768,74778,10
12.9066495895,80.2281494141,74778,74788,10
12.9071397781,80.2282028198,74788,74798,10
12.9079198837,80.2283401489,74798,74808,10
12.9089298248,80.2285079956,74808,74818,10
12.9098997116,80.2286834717,74818,74828,10
12.9113903046,80.2289199829,74828,74838,10
12.9125404358,80.2290802002,74838,74848,10
12.9135398865,80.2292327881,74848,74859,11
12.914059639,80.2292480469,74859,74879,20
12.914059639,80.2292480469,74879,74889,10
12.9141798019,80.2292785645,74889,74899,10
12.914730072,80.2293777466,74899,74909,10
12.9155597687,80.2295074463,74909,74919,10
12.9164896011,80.229637146,74919,74929,10
12.9174499512,80.2297821045,74929,74939,10
12.9184503555,80.2299118042,74939,74950,11
12.9195804596,80.2300491333,74950,74960,10
12.9207801819,80.2302017212,74960,74970,10
12.9219703674,80.2303619385,74970,74980,10
12.9231395721,80.2305526733,74980,74990,10
12.9243202209,80.2307128906,74990,75000,10
12.925450325,80.2308502197,75000,75010,10
12.9263696671,80.2309188843,75010,75020,10
12.9265003204,80.2309265137,75020,75030,10
12.9270401001,80.2309875488,75030,75041,11
12.9279899597,80.2311096191,75041,75051,10
12.9289302826,80.231262207,75051,75061,10
12.9298000336,80.2314376831,75061,75071,10
12.9307699203,80.2316970825,75071,75081,10
12.9316997528,80.2319793701,75081,75091,10
12.932510376,80.2322387695,75091,75101,10
12.9331703186,80.2324829102,75101,75111,10
12.9333295822,80.2325363159,75111,75121,10
12.9333896637,80.2325668335,75121,75132,11
12.9336099625,80.2326812744,75132,75142,10
12.9336299896,80.2326889038,75142,75152,10
12.9339599609,80.2328567505,75152,75162,10
12.9346504211,80.2331924438,75162,75172,10
12.9355201721,80.233581543,75172,75182,10
12.9363899231,80.2340087891,75182,75192,10
12.9372997284,80.2344436646,75192,75202,10
12.9382400513,80.2349090576,75202,75212,10
12.9397201538,80.2356109619,75212,75233,21
12.9397201538,80.2356109619,75233,75243,10
12.9398298264,80.2356567383,75243,75253,10
12.9403295517,80.2358169556,75253,75263,10
12.9411697388,80.2360534668,75263,75273,10
12.9421596527,80.2363204956,75273,75283,10
12.9432001114,80.2368392944,75283,75293,10
12.9440698624,80.2377166748,75293,75303,10
12.9450502396,80.2387695313,75303,75314,11
12.9463300705,80.2395782471,75314,75324,10
12.9471597672,80.2398834229,75324,75334,10
12.947259903,80.2399291992,75334,75344,10
12.9474096298,80.2400131226,75344,75354,10
12.9480495453,80.2402496338,75354,75364,10
12.9486999512,80.2405166626,75364,75374,10
12.9494304657,80.2407989502,75374,75384,10
12.9503202438,80.2410812378,75384,75394,10
12.9507598877,80.2412109375,75394,75405,11
12.9508104324,80.2412261963,75405,75415,10
12.9511995316,80.2413635254,75415,75425,10
12.9519996643,80.2416534424,75425,75435,10
12.9529800415,80.2420425415,75435,75445,10
12.9538803101,80.2423934937,75445,75455,10
12.9545097351,80.2426300049,75455,75465,10
12.9555397034,80.242980957,75465,75475,10
12.9562501907,80.2432022095,75475,75485,10
12.9564599991,80.2432785034,75485,75495,10
12.9570102692,80.2435379028,75495,75506,11
12.9578504562,80.2439575195,75506,75516,10
12.9586696625,80.2443008423,75516,75536,20
12.9586696625,80.2443008423,75536,75546,10
12.9587802887,80.2443618774,75546,75556,10
12.9589796066,80.2444610596,75556,75566,10
12.959569931,80.244720459,75566,75576,10
12.9603700638,80.2450714111,75576,75586,10
12.9612998962,80.2454986572,75586,75597,11
12.9623403549,80.2460403442,75597,75607,10
12.9630498886,80.2463912964,75607,75617,10
12.9632997513,80.2465209961,75617,75667,50
12.9632997513,80.2465209961,75667,75677,10
12.9635095596,80.246673584,75677,75688,11
12.9640703201,80.2469100952,75688,75698,10
12.9648199081,80.247177124,75698,75708,10
12.9656600952,80.2474517822,75708,75718,10
12.9661397934,80.2476272583,75718,75728,10
12.9665298462,80.2477722168,75728,75748,20
12.9665298462,80.2477722168,75748,75758,10
12.9667396545,80.2478790283,75758,75768,10
12.9671602249,80.2480773926,75768,75779,11
12.9679403305,80.2483978271,75779,75789,10
12.9688901901,80.2487792969,75789,75799,10
12.9699602127,80.249206543,75799,75809,10
12.9711198807,80.2496414185,75809,75819,10
12.9723796844,80.249961853,75819,75829,10
12.9736099243,80.2502670288,75829,75839,10
12.9748296738,80.250617981,75839,75849,10
12.9760799408,80.2509689331,75849,75859,10
12.9773702621,80.251411438,75859,75870,11
12.9786195755,80.2523193359,75870,75890,20
12.9786195755,80.2523193359,75890,75900,10
12.9788599014,80.2524414063,75900,75910,10
12.9792699814,80.2525405884,75910,75920,10
12.9792995453,80.2525405884,75920,75930,10
12.9795503616,80.2525787354,75930,75940,10
12.9799499512,80.2525863647,75940,75950,10
12.980629921,80.2525863647,75950,75961,11
12.9816598892,80.252571106,75961,75971,10
12.9827604294,80.2525405884,75971,75981,10
12.983830452,80.2523880005,75981,75991,10
12.9847803116,80.2521209717,75991,76001,10
12.9851999283,80.2519989014,76001,76011,10
12.9852800369,80.2519683838,76011,76021,10
12.9856004715,80.2518768311,76021,76031,10
12.9860401154,80.2517471313,76031,76041,10
12.9864702225,80.251663208,76041,76052,11
12.9870996475,80.2514724731,76052,76183,131
12.9870996475,80.2514724731,76183,76193,10
12.9872398376,80.2514419556,76193,76203,10
12.9875898361,80.2513427734,76203,76213,10
12.9880800247,80.2512283325,76213,76223,10
12.9888601303,80.2510299683,76223,76233,10
12.9896202087,80.250831604,76233,76254,21
12.9896202087,80.250831604,76254,76264,10
12.989979744,80.2507705688,76264,76274,10
12.9906101227,80.2506103516,76274,76284,10
12.9914398193,80.2503967285,76284,76294,10
12.992389679,80.2501602173,76294,76304,10
12.9933700562,80.2499084473,76304,76314,10
12.9944000244,80.2496566772,76314,76324,10
12.9954395294,80.2493667603,76324,76335,11
12.9966201782,80.2490310669,76335,76345,10
12.9970302582,80.248916626,76345,76355,10
12.9975004196,80.2488174438,76355,76365,10
12.9982404709,80.2486419678,76365,76375,10
12.9991502762,80.2484283447,76375,76385,10
13.0001602173,80.2481689453,76385,76395,10
13.0012702942,80.2479019165,76395,76405,10
13.0020704269,80.2477111816,76405,76415,10
13.0028400421,80.247543335,76415,76426,11
13.0037298203,80.2473983765,76426,76436,10
13.0046796799,80.2472915649,76436,76446,10
13.0055799484,80.2471466064,76446,76456,10
13.0065402985,80.2463912964,76456,76486,30
13.0065402985,80.2463912964,76486,76496,10
13.0065803528,80.2462005615,76496,76506,10
13.0066404343,80.2455978394,76506,76517,11
13.0066299438,80.2447509766,76517,76527,10
13.0065898895,80.2440567017,76527,76537,10
13.0065402985,80.2434921265,76537,76547,10
13.0065097809,80.2427062988,76547,76557,10
13.0065002441,80.2417831421,76557,76567,10
13.0065898895,80.2407608032,76567,76577,10
13.0067100525,80.2400970459,76577,76587,10
13.0069904327,80.2388305664,76587,76597,10
13.0071802139,80.237739563,76597,76608,11
13.0073404312,80.2368774414,76608,76618,10
13.007399559,80.2366104126,76618,76628,10
13.0074195862,80.2365570068,76628,76638,10
13.007519722,80.2361373901,76638,76648,10
13.0076799393,80.2354125977,76648,76658,10
13.0078601837,80.2344894409,76658,76668,10
13.0081100464,80.2333374023,76668,76678,10
13.0083799362,80.2319869995,76678,76688,10
13.0086603165,80.2305526733,76688,76699,11
13.0089502335,80.229057312,76699,76709,10
13.0092601776,80.2278900146,76709,76719,10
13.0097198486,80.2268981934,76719,76729,10
13.0101804733,80.2258987427,76729,76739,10
13.0106201172,80.2250213623,76739,76749,10
13.0109596252,80.2242202759,76749,76759,10
13.0111703873,80.2237319946,76759,76769,10
13.0113296509,80.2233505249,76769,76779,10
13.0115203857,80.2229003906,76779,76790,11
13.0117797852,80.2221298218,76790,76800,10
13.012140274,80.2214813232,76800,76810,10
13.0123500824,80.2216110229,76810,76820,10
13.0127401352,80.2221603394,76820,76830,10
13.0134000778,80.2228469849,76830,76840,10
13.01404953,80.2235794067,76840,76850,10
13.0147199631,80.2244110107,76850,76860,10
13.0156402588,80.2251205444,76860,76881,21
13.0156402588,80.2251205444,76881,76891,10
13.0159397125,80.2253036499,76891,76901,10
13.0166597366,80.2252578735,76901,76911,10
13.0175800323,80.2249069214,76911,76921,10
13.0186004639,80.2244796753,76921,76931,10
13.0195798874,80.2244110107,76931,76992,61
13.0195798874,80.2244110107,76992,77002,10
13.0198001862,80.2246170044,77002,77012,10
13.0203399658,80.2249984741,77012,77022,10
13.0208997726,80.225402832,77022,77032,10
13.0214195251,80.2258224487,77032,77042,10
13.0219297409,80.2262191772,77042,77052,10
13.0226202011,80.2267913818,77052,77062,10
13.0233802795,80.2274627686,77062,77073,11
13.0241699219,80.2281494141,77073,77083,10
13.0243597031,80.2284088135,77083,77123,40
13.0243597031,80.2284088135,77123,77133,10
13.0244398117,80.2285690308,77133,77143,10
13.0242900848,80.2286682129,77143,77153,10
13.0241003036,80.2285232544,77153,77164,11
13.0237998962,80.2281112671,77164,77174,10
13.0235004425,80.2278366089,77174,77204,30
13.0235004425,80.2278366089,77204,77214,10
13.0233297348,80.2276229858,77214,77224,10
13.0231399536,80.2274017334,77224,77234,10
13.0226402283,80.2269134521,77234,77244,10
13.0218801498,80.2262802124,77244,77255,11
13.0211200714,80.2256622314,77255,77265,10
13.0203504562,80.2250976563,77265,77275,10
13.0198097229,80.2247390747,77275,77295,20
13.0198097229,80.2247390747,77295,77305,10
13.0195398331,80.2245864868,77305,77315,10
13.0187797546,80.2245101929,77315,77325,10
13.0179100037,80.2248382568,77325,77335,10
13.0170001984,80.2251968384,77335,77346,11
13.016119957,80.2255630493,77346,77356,10
13.015370369,80.2258529663,77356,77366,10
13.0142602921,80.2262878418,77366,77386,20
13.0142602921,80.2262878418,77386,77396,10
13.0140695572,80.2263412476,77396,77406,10
13.0135602951,80.2265319824,77406,77416,10
13.0129098892,80.2267837524,77416,77426,10
13.0122003555,80.2270507813,77426,77437,11
13.011300087,80.227432251,77437,77447,10
13.0103998184,80.2278137207,77447,77457,10
13.0095596313,80.2281570435,77457,77467,10
13.0090904236,80.2288131714,77467,77477,10
13.0088796616,80.2298202515,77477,77487,10
13.0087003708,80.2308120728,77487,77497,10
13.0085000992,80.2317810059,77497,77507,10
13.0083198547,80.2328262329,77507,77517,10
13.0082597733,80.2335128784,77517,77528,11
13.0082397461,80.233581543,77528,77538,10
13.0082197189,80.2337112427,77538,77548,10
13.0081195831,80.2340316772,77548,77558,10
13.0079498291,80.2348098755,77558,77568,10
13.0077495575,80.235786438,77568,77578,10
13.0075502396,80.2367935181,77578,77588,10
13.007349968,80.2376403809,77588,77598,10
13.0072002411,80.2385025024,77598,77608,10
13.007060051,80.2392730713,77608,77619,11
13.0068902969,80.2401275635,77619,77629,10
13.0067501068,80.2407913208,77629,77639,10
13.0066604614,80.2416534424,77639,77649,10
13.0066604614,80.2424468994,77649,77659,10
13.0066699982,80.2432632446,77659,77669,10
13.0066699982,80.2440719604,77669,77679,10
13.0066795349,80.2449798584,77679,77689,10
13.006770134,80.2463912964,77689,77699,10
13.0066995621,80.2473220825,77699,77709,10
13.0062198639,80.2473831177,77709,77720,11
13.0058898926,80.2473907471,77720,77740,20
13.0058898926,80.2473907471,77740,77750,10
13.0054597855,80.2473526001,77750,77760,10
13.0048303604,80.2473526001,77760,77770,10
13.0040502548,80.2474365234,77770,77780,10
13.0033397675,80.2475585938,77780,77790,10
13.0021696091,80.2477798462,77790,77800,10
13.0011301041,80.248046875,77800,77811,11
12.9999504089,80.2483673096,77811,77821,10
12.9988002777,80.2486495972,77821,77831,10
12.9975700378,80.2489624023,77831,77841,10
12.9962997437,80.2492828369,77841,77851,10
12.9951095581,80.2495803833,77851,77861,10
12.9939603806,80.2498703003,77861,77871,10
12.9927797318,80.2501678467,77871,77881,10
12.9917097092,80.2504501343,77881,77891,10
12.9909801483,80.2506408691,77891,77902,11
12.9909000397,80.2506637573,77902,77912,10
12.9908399582,80.2506790161,77912,77922,10
12.99036026,80.2508087158,77922,77932,10
12.9894895554,80.2510375977,77932,77942,10
12.9884796143,80.2513504028,77942,77952,10
12.9878997803,80.2518234253,77952,77962,10
12.9879798889,80.2525787354,77962,77972,10
12.9878797531,80.2534866333,77972,77982,10
12.9877996445,80.2544326782,77982,77993,11
12.9876804352,80.255607605,77993,78104,111
12.9876804352,80.255607605,78104,78114,10
12.9876899719,80.2558364868,78114,78124,10
12.9876003265,80.2563934326,78124,78134,10
12.9875297546,80.2571105957,78134,78144,10
12.987449646,80.2579269409,78144,78154,10
12.9873695374,80.2587738037,78154,78164,10
12.9872398376,80.2593994141,78164,78175,11
12.9872198105,80.2595596313,78175,78185,10
12.9871397018,80.2596588135,78185,78195,10
12.9870901108,80.2596511841,78195,78205,10
12.9868402481,80.2595672607,78205,78225,20
12.9868402481,80.2595672607,78225,78235,10
12.9866504669,80.259437561,78235,78640,405
12.9868097305,80.2595672607,78640,79893,1253
12.9869604111,80.2596817017,79893,79984,91
12.9869604111,80.2596817017,79984,79995,11
12.9868402481,80.259437561,79995,81128,1133
12.9866104126,80.2595291138,81128,81694,566
12.9866104126,80.2595291138,81694,81704,10
12.9868297577,80.2594985962,81704,82584,880
12.9865999222,80.2596206665,82584,84444,1860
12.9864797592,80.2595672607,84444,85186,742
