12.9869604111,80.2594833374,20,50,30
12.987039566,80.2592697144,50,1100,1050
12.9870300293,80.2592926025,1100,8797,7697
12.9870901108,80.2590789795,8797,10555,1758
12.987039566,80.2592773438,10555,19967,9412
12.987039566,80.2592773438,19967,19978,11
12.9870796204,80.2592163086,19978,20301,323
12.9870796204,80.2592163086,20301,20311,10
12.9873600006,80.2590026855,20311,20321,10
12.9873800278,80.2586669922,20321,20331,10
12.9874000549,80.2580718994,20331,20341,10
12.9874696732,80.2572402954,20341,20351,10
12.9875297546,80.2562179565,20351,20361,10
12.9876499176,80.2556228638,20361,20371,10
12.9877195358,80.2548675537,20371,20381,10
12.9878101349,80.25390625,20381,20391,10
12.9878902435,80.2529830933,20391,20402,11
12.9879102707,80.2520523071,20402,20412,10
12.9877195358,80.2516174316,20412,20432,20
12.9877195358,80.2516174316,20432,20442,10
12.987279892,80.2515792847,20442,20452,10
12.986410141,80.2517623901,20452,20462,10
12.9852600098,80.2520675659,20462,20472,10
12.9839000702,80.2524337769,20472,20482,10
12.9825000763,80.2526397705,20482,20492,10
12.9811296463,80.2527084351,20492,20503,11
12.9798603058,80.252746582,20503,20513,10
12.9788599014,80.2526626587,20513,20523,10
12.9785404205,80.252571106,20523,20533,10
12.9783096313,80.2524185181,20533,20543,10
12.977689743,80.2519073486,20543,20553,10
12.9766597748,80.2512969971,20553,20563,10
12.9753198624,80.2509078979,20563,20573,10
12.9738702774,80.2505111694,20573,20583,10
12.9725503922,80.2501602173,20583,20593,10
12.971039772,80.24974823,20593,20603,10
12.9697303772,80.2492904663,20603,20614,11
12.9687004089,80.2488479614,20614,20624,10
12.9677600861,80.2484588623,20624,20634,10
12.9669599533,80.2480773926,20634,20644,10
12.9661102295,80.2477111816,20644,20654,10
12.965379715,80.2474365234,20654,20664,10
12.9651403427,80.2473831177,20664,20674,10
12.9650802612,80.2473602295,20674,20684,10
12.9646396637,80.2472000122,20684,20694,10
12.9638595581,80.2469024658,20694,20704,10
12.962849617,80.246421814,20704,20715,11
12.9615602493,80.2457962036,20715,20725,10
12.9604196548,80.2452774048,20725,20735,10
12.9595098495,80.2449035645,20735,20745,10
12.9592599869,80.2447891235,20745,20755,10
12.9588603973,80.2445831299,20755,20765,10
12.9580802917,80.2442321777,20765,20775,10
12.9573001862,80.2439498901,20775,20785,10
12.9564504623,80.2435836792,20785,20795,10
12.9559803009,80.2433776855,20795,20805,10
12.955039978,80.2429733276,20805,20816,11
12.9537000656,80.2424316406,20816,20826,10
12.9524002075,80.2419281006,20826,20836,10
12.9516096115,80.2416763306,20836,20846,10
12.9515800476,80.2416687012,20846,20856,10
12.9511604309,80.2415313721,20856,20866,10
12.9503002167,80.2412185669,20866,20876,10
12.9489498138,80.2407531738,20876,20906,30
12.9489498138,80.2407531738,20906,20916,10
12.9489002228,80.2404708862,20916,20927,11
12.949090004,80.2396316528,20927,20937,10
12.9491701126,80.2393264771,20937,20947,10
12.9492502213,80.2391586304,20947,20957,10
12.9494199753,80.2384567261,20957,20967,10
12.9496002197,80.2373580933,20967,20977,10
12.9497003555,80.2364196777,20977,20987,10
12.9497404099,80.2359085083,20987,20997,10
12.9497995377,80.2355499268,20997,21007,10
12.9499702454,80.2347106934,21007,21017,10
12.9500198364,80.233833313,21017,21028,11
12.9500198364,80.2338027954,21028,21038,10
12.9500303268,80.2335205078,21038,21048,10
12.9499797821,80.2327575684,21048,21058,10
12.9499101639,80.2316818237,21058,21068,10
12.9498195648,80.2304077148,21068,21078,10
12.9497203827,80.2289810181,21078,21088,10
12.949640274,80.2275009155,21088,21098,10
12.9495801926,80.2259674072,21098,21108,10
12.9494895935,80.2244262695,21108,21118,10
12.9494199753,80.2228927612,21118,21128,10
12.9493198395,80.2212982178,21128,21139,11
12.9491500854,80.2195129395,21139,21149,10
12.9489803314,80.2178497314,21149,21159,10
12.9488096237,80.2161712646,21159,21169,10
12.9486398697,80.2144927979,21169,21177,8
12.94851017,80.2131576538,21177,21189,12
12.9484195709,80.2113571167,21189,21198,9
12.9483995438,80.2101516724,21198,21209,11
12.9484796524,80.2092437744,21209,21218,9
12.9485197067,80.2086868286,21218,21229,11
12.9485397339,80.2085800171,21229,21240,11
12.9485902786,80.207901001,21240,21250,10
12.9486999512,80.2070236206,21250,21260,10
12.9487199783,80.205909729,21260,21270,10
12.9486904144,80.2047119141,21270,21280,10
12.9486503601,80.2036437988,21280,21290,10
12.9486103058,80.2025604248,21290,21300,10
12.9485797882,80.2013397217,21300,21310,10
12.9485397339,80.2001876831,21310,21320,10
12.9485197067,80.1992492676,21320,21330,10
12.9484796524,80.1988372803,21330,21340,10
12.9484796524,80.1985092163,21340,21351,11
12.9484701157,80.1979598999,21351,21361,10
12.9484796524,80.1970672607,21361,21371,10
12.9484996796,80.1959533691,21371,21381,10
12.9484996796,80.1955184937,21381,21391,10
12.9484996796,80.1954116821,21391,21401,10
12.9484996796,80.1948165894,21401,21411,10
12.9485197067,80.1938934326,21411,21421,10
12.9485502243,80.1927490234,21421,21431,10
12.9485797882,80.1915817261,21431,21441,10
12.948679924,80.1901702881,21441,21452,11
12.948800087,80.1888427734,21452,21462,10
12.9489202499,80.1876220703,21462,21472,10
12.9490098953,80.1862869263,21472,21482,10
12.9490098953,80.1853103638,21482,21492,10
12.9491100311,80.1846008301,21492,21502,10
12.9491596222,80.1839370728,21502,21512,10
12.9491796494,80.183807373,21512,21522,10
12.9492797852,80.1833190918,21522,21532,10
12.9494400024,80.1824035645,21532,21542,10
12.949640274,80.1812973022,21542,21552,10
12.949760437,80.1805877686,21552,21563,11
12.9499797821,80.1794891357,21563,21573,10
12.9503297806,80.1781692505,21573,21583,10
12.9506998062,80.1767272949,21583,21593,10
12.9510097504,80.1753463745,21593,21603,10
12.9512195587,80.1742630005,21603,21613,10
12.9512996674,80.1739883423,21613,21623,10
12.9514303207,80.1734466553,21623,21633,10
12.9516601563,80.1722183228,21633,21643,10
12.9517803192,80.1714172363,21643,21653,10
12.9518404007,80.1711578369,21653,21664,11
12.9519796371,80.1703109741,21664,21674,10
12.9521799088,80.1691589355,21674,21684,10
12.9524698257,80.1678009033,21684,21694,10
12.9528598785,80.1663513184,21694,21704,10
12.9531898499,80.1648635864,21704,21714,10
12.9535303116,80.1633300781,21714,21724,10
12.9538297653,80.1619262695,21724,21734,10
12.9541597366,80.1603164673,21734,21744,10
12.9544200897,80.1590576172,21744,21754,10
12.9546403885,80.1579666138,21754,21765,11
12.9549398422,80.1566009521,21765,21775,10
12.9552497864,80.1551818848,21775,21785,10
12.9555902481,80.1537017822,21785,21795,10
12.9561901093,80.1522674561,21795,21805,10
12.9572696686,80.1512908936,21805,21815,10
12.9582796097,80.1504516602,21815,21825,10
12.9588298798,80.1500091553,21825,21835,10
12.9589195251,80.1499633789,21835,21845,10
12.9593801498,80.1495437622,21845,21855,10
12.9596595764,80.1487121582,21855,21865,10
12.9598798752,80.1477203369,21865,21876,11
12.9601402283,80.1464614868,21876,21886,10
12.9603004456,80.1455993652,21886,21896,10
12.9603204727,80.1452102661,21896,21906,10
12.9609804153,80.1454772949,21906,21916,10
12.9619903564,80.1460494995,21916,21926,10
12.9631700516,80.1466903687,21926,21936,10
12.9642601013,80.1474075317,21936,21946,10
12.9655103683,80.1481399536,21946,21956,10
12.9668397903,80.1488265991,21956,21966,10
12.9680099487,80.1493606567,21966,21997,31
12.9680099487,80.1493606567,21997,22007,10
12.9680995941,80.1494369507,22007,22017,10
12.9687099457,80.1497421265,22017,22027,10
12.9695596695,80.150138855,22027,22037,10
12.9704904556,80.1505813599,22037,22047,10
12.9715595245,80.1510772705,22047,22057,10
12.9724397659,80.1517028809,22057,22067,10
12.9731397629,80.1526565552,22067,22077,10
12.9733896255,80.1530303955,22077,22088,11
12.9731798172,80.1530532837,22088,22098,10
12.9727802277,80.1524200439,22098,22108,10
12.9720602036,80.1514816284,22108,22118,10
12.9709196091,80.1508483887,22118,22128,10
12.9698295593,80.150352478,22128,22138,10
12.969329834,80.1501617432,22138,22148,10
12.9693202972,80.1501464844,22148,22158,10
12.9692201614,80.150062561,22158,22168,10
12.9687595367,80.1498031616,22168,22178,10
12.9680404663,80.1494522095,22178,22189,11
12.9674701691,80.1491775513,22189,22199,10
12.9672498703,80.1490783691,22199,22209,10
12.9667100906,80.1488189697,22209,22219,10
12.9659404755,80.1484375,22219,22229,10
12.9650001526,80.1479415894,22229,22239,10
12.9640102386,80.1474075317,22239,22249,10
12.9629497528,80.1469421387,22249,22259,10
12.9618196487,80.1463088989,22259,22269,10
12.960729599,80.1457366943,22269,22279,10
12.9602203369,80.1458129883,22279,22289,10
12.9600696564,80.1466903687,22289,22300,11
12.9597997665,80.1480636597,22300,22310,10
12.9595403671,80.1493377686,22310,22319,9
12.9586200714,80.1503829956,22319,22340,21
12.9586200714,80.1503829956,22340,22350,10
12.9582300186,80.150680542,22350,22360,10
12.9575300217,80.151260376,22360,22370,10
12.9565696716,80.1520614624,22370,22380,10
12.9558000565,80.1532211304,22380,22390,10
12.9553804398,80.1546936035,22390,22401,11
12.9550304413,80.1564102173,22401,22411,10
12.954750061,80.1577987671,22411,22421,10
12.9545297623,80.1589584351,22421,22431,10
12.9544200897,80.1595535278,22431,22441,10
12.9543895721,80.1597137451,22441,22451,10
12.9542598724,80.1603775024,22451,22461,10
12.9540300369,80.1614227295,22461,22471,10
12.9537601471,80.1627120972,22471,22481,10
12.9534597397,80.164100647,22481,22491,10
12.9531297684,80.1655807495,22491,22501,10
12.9527301788,80.1672821045,22501,22512,11
12.9523601532,80.1687927246,22512,22522,10
12.9521398544,80.1700820923,22522,22532,10
12.9520597458,80.1705780029,22532,22542,10
12.9520397186,80.1707229614,22542,22552,10
12.9519300461,80.1713790894,22552,22562,10
12.9517402649,80.1724472046,22562,22572,10
12.951499939,80.1737136841,22572,22582,10
12.9513101578,80.174659729,22582,22592,10
12.9512796402,80.1747817993,22592,22602,10
12.9511404037,80.1753616333,22602,22613,11
12.9509096146,80.176399231,22613,22623,10
12.9506196976,80.1774597168,22623,22633,10
12.9503202438,80.1786117554,22633,22643,10
12.9500102997,80.1799621582,22643,22653,10
12.9498195648,80.1810913086,22653,22663,10
12.949669838,80.1818237305,22663,22673,10
12.9495000839,80.1828308105,22673,22683,10
12.9493703842,80.1837768555,22683,22693,10
12.9493598938,80.1838607788,22693,22703,10
12.9493303299,80.1841278076,22703,22713,10
12.9492397308,80.1849899292,22713,22724,11
12.9491596222,80.1859436035,22724,22734,10
12.9490604401,80.1871185303,22734,22744,10
12.9489498138,80.1883773804,22744,22754,10
12.9488601685,80.1893768311,22754,22764,10
12.9487600327,80.1903610229,22764,22774,10
12.9486503601,80.1915664673,22774,22784,10
12.9486198425,80.1929931641,22784,22794,10
12.9485902786,80.1942977905,22794,22804,10
12.9485998154,80.1955718994,22804,22825,21
12.9485998154,80.1955718994,22825,22835,10
12.9485797882,80.1958770752,22835,22845,10
12.9485397339,80.1967391968,22845,22855,10
12.9485397339,80.1979522705,22855,22865,10
12.9485797882,80.1991424561,22865,22875,10
12.9485998154,80.1995315552,22875,22885,10
12.9485998154,80.1997833252,22885,22895,10
12.9486103058,80.2005691528,22895,22905,10
12.9486398697,80.2016677856,22905,22915,10
12.9486904144,80.2028427124,22915,22926,11
12.9487104416,80.2034988403,22926,22936,10
12.9487199783,80.2042007446,22936,22946,10
12.9487600327,80.2052688599,22946,22956,10
12.9487495422,80.2065887451,22956,22966,10
12.9486598969,80.2079620361,22966,22976,10
12.9485902786,80.2092437744,22976,22996,20
12.9485902786,80.2092437744,22996,23006,10
12.9485797882,80.2095565796,23006,23016,10
12.9485702515,80.2102584839,23016,23026,10
12.94851017,80.2112426758,23026,23037,11
12.9485397339,80.2125778198,23037,23047,10
12.9486503601,80.2139587402,23047,23057,10
12.9487800598,80.2154312134,23057,23067,10
12.9489297867,80.2169723511,23067,23077,10
12.9490804672,80.2185516357,23077,23087,10
12.9492397308,80.220161438,23087,23097,10
12.9494199753,80.2217788696,23097,23107,10
12.9494895935,80.2232208252,23107,23117,10
12.9495601654,80.2245864868,23117,23127,10
12.9496202469,80.2260971069,23127,23138,11
12.9497003555,80.2278671265,23138,23148,10
12.9497804642,80.2295379639,23148,23158,10
12.9499197006,80.2311935425,23158,23168,10
12.9500703812,80.2331237793,23168,23188,20
12.9500703812,80.2331237793,23188,23198,10
12.9501104355,80.2334823608,23198,23208,10
12.9501199722,80.2342300415,23208,23218,10
12.9500398636,80.2351226807,23218,23228,10
12.9499998093,80.2357635498,23228,23238,10
12.9499597549,80.236000061,23238,23249,11
12.9497900009,80.2367401123,23249,23259,10
12.949640274,80.2377624512,23259,23269,10
12.9494800568,80.2389373779,23269,23279,10
12.9492301941,80.2400512695,23279,23289,10
12.9491796494,80.2403030396,23289,23299,10
12.9491596222,80.2405471802,23299,23309,10
12.949640274,80.2409133911,23309,23319,10
12.9505195618,80.2411727905,23319,23329,10
12.9511098862,80.2413101196,23329,23339,10
12.9511899948,80.2413406372,23339,23350,11
12.9513397217,80.2414016724,23350,23362,12
12.9517803192,80.2415771484,23362,23372,10
12.9527301788,80.2419433594,23372,23383,11
12.9536800385,80.2423400879,23383,23393,10
12.9548397064,80.2428131104,23393,23403,10
12.9556999207,80.2431564331,23403,23413,10
12.9564199448,80.2434463501,23413,23423,10
12.956990242,80.2437133789,23423,23433,10
12.9579200745,80.244102478,23433,23443,10
12.9587602615,80.2444076538,23443,23454,11
12.9588699341,80.2444610596,23454,23464,10
12.9592399597,80.2446517944,23464,23474,10
12.9599399567,80.2449798584,23474,23484,10
12.9609498978,80.2454528809,23484,23494,10
12.9621200562,80.2460327148,23494,23504,10
12.963139534,80.2465515137,23504,23514,10
12.9638795853,80.2468719482,23514,23524,10
12.9648799896,80.2472229004,23524,23534,10
12.9665603638,80.2478179932,23534,23554,20
12.9665603638,80.2478179932,23554,23565,11
12.9667196274,80.2479095459,23565,23575,10
12.9673500061,80.2482376099,23575,23585,10
12.9683799744,80.2486572266,23585,23595,10
12.9696798325,80.2491607666,23595,23605,10
12.9711198807,80.2496795654,23605,23615,10
12.9726600647,80.2500991821,23615,23625,10
12.9742298126,80.2505187988,23625,23635,10
12.9758300781,80.2509689331,23635,23645,10
12.9769601822,80.2512893677,23645,23655,10
12.9781503677,80.2520980835,23655,23666,11
12.9786396027,80.2523880005,23666,23676,10
12.9787797928,80.2524719238,23676,23686,10
12.9794101715,80.2526321411,23686,23696,10
12.9803495407,80.2526779175,23696,23706,10
12.9815397263,80.2526702881,23706,23716,10
12.98279953,80.2526321411,23716,23726,10
12.9842100143,80.2523727417,23726,23736,10
12.9855604172,80.2519989014,23736,23746,10
12.9867401123,80.251701355,23746,23756,10
12.9875402451,80.2514266968,23756,23807,51
12.9875402451,80.2514266968,23807,23817,10
12.9876804352,80.2513809204,23817,23827,10
12.9877901077,80.2513809204,23827,23837,10
12.9879999161,80.2518081665,23837,23847,10
12.9880199432,80.2525024414,23847,23857,10
12.9878997803,80.2539978027,23857,23867,10
12.9877796173,80.255531311,23867,23928,61
12.9877796173,80.255531311,23928,23938,10
12.9877300262,80.2557220459,23938,23948,10
12.9876499176,80.2561721802,23948,23958,10
12.9875602722,80.2569198608,23958,23968,10
12.9874801636,80.2578277588,23968,23978,10
12.9873199463,80.2586135864,23978,24009,31
12.9873199463,80.2586135864,24009,24019,10
12.987039566,80.2585525513,24019,24029,10
12.9868202209,80.2586517334,24029,24039,10
12.9865703583,80.2587432861,24039,25049,1010
12.9865703583,80.2587432861,25049,25059,10
12.986749649,80.2590179443,25059,25130,71
12.9871101379,80.2591323853,25130,25241,111
12.9871101379,80.2591323853,25241,25251,10
12.9873800278,80.2588424683,25251,25261,10
12.9873800278,80.2585601807,25261,25271,10
12.9873895645,80.2583694458,25271,25281,10
12.9874095917,80.258102417,25281,25291,10
12.9874401093,80.2578277588,25291,25301,10
12.9875001907,80.2572174072,25301,25311,10
12.987569809,80.2562026978,25311,25342,31
12.987569809,80.2562026978,25342,25352,10
12.9875402451,80.2559204102,25352,25362,10
12.9876499176,80.2554626465,25362,25372,10
12.9877004623,80.2547912598,25372,25382,10
12.9877700806,80.2538604736,25382,25392,10
12.9878797531,80.2527008057,25392,25402,10
12.987830162,80.2517700195,25402,25412,10
12.9877099991,80.2516098022,25412,25422,10
12.9873895645,80.2515869141,25422,25432,10
12.9867897034,80.251701355,25432,25443,11
12.9857902527,80.2519302368,25443,25453,10
12.9845895767,80.2522506714,25453,25463,10
12.9832201004,80.2525863647,25463,25473,10
12.9816999435,80.2526779175,25473,25483,10
12.9805202484,80.2527389526,25483,25493,10
12.9798202515,80.252746582,25493,25503,10
12.979060173,80.2526702881,25503,25513,10
12.9787797928,80.2526168823,25513,25523,10
12.978679657,80.2526016235,25523,25533,10
12.9781904221,80.2522964478,25533,25543,10
12.9774703979,80.251663208,25543,25554,11
12.9765396118,80.2512283325,25554,25564,10
12.9756202698,80.2509613037,25564,25574,10
12.9748497009,80.2507400513,25574,25584,10
12.9741096497,80.2505111694,25584,25594,10
12.9736700058,80.2503662109,25594,25604,10
12.972820282,80.2501525879,25604,25614,10
12.9716396332,80.2498397827,25614,25624,10
12.9703197479,80.249458313,25624,25634,10
12.9691095352,80.2489776611,25634,25644,10
12.9680404663,80.248550415,25644,25655,11
12.967040062,80.2481231689,25655,25665,10
12.966170311,80.247718811,25665,25675,10
12.9652395248,80.2473983765,25675,25695,20
12.9652395248,80.2473983765,25695,25705,10
12.9650802612,80.2473220825,25705,25715,10
12.9644699097,80.2470779419,25715,25725,10
12.9639101028,80.2468490601,25725,25735,10
12.9635400772,80.246711731,25735,25745,10
12.9628095627,80.2463302612,25745,25756,11
12.961810112,80.2458572388,25756,25766,10
12.9606895447,80.2453384399,25766,25776,10
12.9594802856,80.2448196411,25776,25796,20
12.9594802856,80.2448196411,25796,25806,10
12.9591598511,80.2446517944,25806,25816,10
12.9584703445,80.2443237305,25816,25826,10
12.9577703476,80.2440338135,25826,25836,10
12.9569396973,80.2437973022,25836,25846,10
12.9564399719,80.2436294556,25846,25856,10
12.9561300278,80.2434616089,25856,25867,11
12.9553203583,80.243057251,25867,25877,10
12.9543399811,80.2426223755,25877,25887,10
12.9532604218,80.2421875,25887,25897,10
12.9519195557,80.2416992188,25897,25917,20
12.9519195557,80.2416992188,25917,25927,10
12.9514904022,80.2415084839,25927,25937,10
12.9506998062,80.2412414551,25937,25947,10
12.9495096207,80.2408676147,25947,25968,21
12.9495096207,80.2408676147,25968,25978,10
12.9491996765,80.2407836914,25978,25988,10
12.9489603043,80.2406387329,25988,25998,10
12.9491596222,80.2394180298,25998,26018,20
12.9491596222,80.2394180298,26018,26028,10
12.9491796494,80.2393875122,26028,26038,10
12.9493103027,80.2389373779,26038,26048,10
12.9494600296,80.2381210327,26048,26058,10
12.9496202469,80.2371063232,26058,26068,10
12.9497203827,80.2361907959,26068,26079,11
12.9497499466,80.2359390259,26079,26089,10
12.9497995377,80.2356719971,26089,26099,10
12.9499101639,80.2350006104,26099,26109,10
12.9499797821,80.2341308594,26109,26119,10
12.9499902725,80.233833313,26119,26129,10
12.9499797821,80.2336730957,26129,26139,10
12.9499502182,80.233001709,26139,26149,10
12.9498901367,80.2319793701,26149,26159,10
12.9498100281,80.2306976318,26159,26169,10
12.9497098923,80.2292480469,26169,26180,11
12.9496297836,80.2275390625,26180,26190,10
12.9495401382,80.2259216309,26190,26200,10
12.9494600296,80.2242584229,26200,26210,10
12.9493904114,80.2225875854,26210,26220,10
12.9492702484,80.2209396362,26220,26229,9
12.9491195679,80.2194519043,26229,26240,11
12.9489402771,80.2176132202,26240,26250,10
12.9487800598,80.2159194946,26250,26260,10
12.9486103058,80.2142333984,26260,26270,10
12.9484596252,80.2125320435,26270,26281,11
12.9483995438,80.2107620239,26281,26291,10
12.9483995438,80.2098083496,26291,26301,10
12.9484996796,80.2089996338,26301,26311,10
12.9485301971,80.2086868286,26311,26321,10
12.948559761,80.2086181641,26321,26331,10
12.9485797882,80.2080688477,26331,26341,10
12.9486503601,80.2071762085,26341,26351,10
12.9486999512,80.2060165405,26351,26361,10
12.9486904144,80.2045974731,26361,26371,10
12.9486503601,80.2030792236,26371,26381,10
12.9485998154,80.2014770508,26381,26392,11
12.9485397339,80.1997909546,26392,26402,10
12.9484796524,80.1988983154,26402,26412,10
12.9484796524,80.1988677979,26412,26422,10
12.9484701157,80.1986236572,26422,26432,10
12.9484596252,80.1979675293,26432,26442,10
12.9484796524,80.1970672607,26442,26452,10
12.9484901428,80.1959686279,26452,26462,10
12.9484901428,80.1955337524,26462,26472,10
12.9484901428,80.1954803467,26472,26482,10
12.9484996796,80.1950302124,26482,26493,11
12.9485197067,80.1940994263,26493,26503,10
12.948559761,80.1929626465,26503,26513,10
12.9486103058,80.1915817261,26513,26523,10
12.948679924,80.1901321411,26523,26533,10
12.9487800598,80.1891784668,26533,26543,10
12.9488897324,80.1881103516,26543,26553,10
12.9490098953,80.1867599487,26553,26563,10
12.9490098953,80.1856994629,26563,26573,10
12.9490404129,80.1850509644,26573,26583,10
12.949139595,80.184387207,26583,26593,10
12.9491901398,80.1838531494,26593,26604,11
12.9492101669,80.1837387085,26604,26614,10
12.9493198395,80.1831588745,26614,26624,10
12.9494800568,80.1822814941,26624,26634,10
12.949640274,80.1812820435,26634,26644,10
12.9497203827,80.1807632446,26644,26654,10
12.9498701096,80.1799316406,26654,26664,10
12.9501199722,80.1788635254,26664,26674,10
12.9504804611,80.1775436401,26674,26684,10
12.9508399963,80.1761322021,26684,26694,10
12.9511098862,80.1748199463,26694,26705,11
12.951210022,80.1742019653,26705,26715,10
12.951259613,80.1739807129,26715,26725,10
12.9514198303,80.1733016968,26725,26735,10
12.9516000748,80.1723175049,26735,26745,10
12.9517498016,80.1713790894,26745,26755,10
12.9517803192,80.1712265015,26755,26765,10
12.9518899918,80.1706695557,26765,26775,10
12.9520397186,80.1697921753,26775,26785,10
12.9522304535,80.1686630249,26785,26795,10
12.9525403976,80.1675109863,26795,26804,9
12.9528799057,80.1661224365,26804,26816,12
12.9532403946,80.1645584106,26816,26826,10
12.9534702301,80.1634292603,26826,26836,10
12.9537200928,80.1621398926,26836,26846,10
12.9540300369,80.1607437134,26846,26856,10
12.9543104172,80.1593322754,26856,26866,10
12.954460144,80.1584777832,26866,26876,10
12.9544696808,80.1584777832,26876,26886,10
12.9545898438,80.1579818726,26886,26896,10
12.9547595978,80.1571502686,26896,26906,10
12.954990387,80.156036377,26906,26917,11
12.9553003311,80.1545791626,26917,26927,10
12.9556798935,80.1531677246,26927,26937,10
12.9563598633,80.1520004272,26937,26946,9
12.9575004578,80.1510772705,26946,26957,11
12.9585199356,80.1502609253,26957,26967,10
12.9587097168,80.150100708,26967,26977,10
12.9590301514,80.1498718262,26977,26987,10
12.95952034,80.1492385864,26987,26997,10
12.9597196579,80.1483688354,26997,27007,10
12.9598999023,80.1474761963,27007,27018,11
12.9601202011,80.1464004517,27018,27028,10
12.9602804184,80.1456375122,27028,27038,10
12.9600696564,80.1453399658,27038,27048,10
12.9593601227,80.1449584961,27048,27058,10
12.9584102631,80.1444396973,27058,27068,10
12.9578695297,80.1440963745,27068,27078,10
12.957110405,80.143699646,27078,27088,10
12.9564800262,80.1433792114,27088,27098,10
12.9559001923,80.1430587769,27098,27108,10
12.955280304,80.1427230835,27108,27118,10
12.9549598694,80.1425476074,27118,27129,11
12.954580307,80.1423568726,27129,27139,10
12.9543600082,80.1422424316,27139,27149,10
12.9541397095,80.1420974731,27149,27159,10
12.9538297653,80.1419525146,27159,27169,10
12.9535198212,80.1417770386,27169,27179,10
12.9531602859,80.1416015625,27179,27199,20
12.9531602859,80.1416015625,27199,27209,10
12.9530601501,80.1415634155,27209,27219,10
12.9527702332,80.1413726807,27219,27230,11
12.9523200989,80.1410064697,27230,27240,10
12.9519901276,80.1407699585,27240,27250,10
12.951789856,80.1406402588,27250,27260,10
12.9517803192,80.1406326294,27260,27270,10
12.9516601563,80.1405334473,27270,27280,10
12.9514598846,80.1403427124,27280,27290,10
12.9510402679,80.140007019,27290,27300,10
12.9507598877,80.1398086548,27300,27310,10
12.9502296448,80.1393890381,27310,27320,10
12.9495201111,80.1388168335,27320,27330,10
12.9485797882,80.1380767822,27330,27341,11
12.9478702545,80.1375808716,27341,27351,10
12.9472799301,80.1371536255,27351,27361,10
12.9469900131,80.1369476318,27361,27371,10
12.9464302063,80.1364822388,27371,27381,10
12.9455795288,80.1357574463,27381,27391,10
12.9445800781,80.1349868774,27391,27401,10
12.9436998367,80.1343231201,27401,27411,10
12.9425096512,80.1332473755,27411,27431,20
12.9425096512,80.1332473755,27431,27442,11
12.9423799515,80.1331329346,27442,27452,10
12.9419403076,80.1326293945,27452,27462,10
12.9412603378,80.1318969727,27462,27472,10
12.9403800964,80.1310119629,27472,27482,10
12.9395103455,80.1301879883,27482,27492,10
12.9388599396,80.1296615601,27492,27532,40
12.9388599396,80.1296615601,27532,27543,11
12.9386301041,80.1294937134,27543,27553,10
12.9381799698,80.1291122437,27553,27563,10
12.9378204346,80.1288299561,27563,27573,10
12.9374799728,80.128578186,27573,27583,10
12.9373397827,80.1284103394,27583,27593,10
12.9371204376,80.1281890869,27593,27603,10
12.93708992,80.1281585693,27603,27613,10
12.9369497299,80.1279983521,27613,27623,10
12.9369096756,80.1279296875,27623,27633,10
12.9366903305,80.127746582,27633,27643,10
12.9363098145,80.127456665,27643,27654,11
12.9356803894,80.1268386841,27654,27664,10
12.9350204468,80.1262435913,27664,27674,10
12.9343099594,80.1255722046,27674,27684,10
12.9336700439,80.1249389648,27684,27694,10
12.9327802658,80.1240615845,27694,27704,10
12.9317998886,80.1231307983,27704,27744,40
12.9317998886,80.1231307983,27744,27755,11
12.9315299988,80.1229019165,27755,27765,10
12.9310903549,80.1223831177,27765,27775,10
12.9304895401,80.1217498779,27775,27785,10
12.9298295975,80.1210784912,27785,27795,10
12.9290599823,80.1202774048,27795,27805,10
12.9281196594,80.1193618774,27805,27815,10
12.9274196625,80.1186904907,27815,27835,20
12.9274196625,80.1186904907,27835,27845,10
12.9272499084,80.1185302734,27845,27856,11
12.9269800186,80.1182403564,27856,27866,10
12.9266901016,80.1179504395,27866,27876,10
12.9263696671,80.1176605225,27876,27896,20
12.9263696671,80.1176605225,27896,27906,10
12.9262895584,80.1175537109,27906,27916,10
12.9260997772,80.1173782349,27916,27926,10
12.9257097244,80.1170806885,27926,27936,10
12.9251804352,80.116569519,27936,27946,10
12.9246501923,80.1160202026,27946,27956,10
12.9243001938,80.1156768799,27956,27967,11
12.9239301682,80.1153106689,27967,27977,10
12.9239797592,80.1150512695,27977,27987,10
12.924249649,80.1151199341,27987,27997,10
12.9246797562,80.1155776978,27997,28007,10
12.925359726,80.1162719727,28007,28017,10
12.9260797501,80.1170425415,28017,28027,10
12.9264802933,80.1175689697,28027,28037,10
12.9267196655,80.1177597046,28037,28078,41
12.9267196655,80.1177597046,28078,28088,10
12.9269304276,80.1178970337,28088,28138,50
12.9271602631,80.1180801392,28138,28330,192
12.9271602631,80.1180801392,28330,28340,10
12.9273796082,80.1184387207,28340,28350,10
12.9277000427,80.1187667847,28350,28360,10
12.9281902313,80.1192779541,28360,28370,10
12.928560257,80.1196517944,28370,28381,11
12.9289302826,80.120010376,28381,28391,10
12.9292001724,80.1202011108,28391,28482,91
12.9292001724,80.1202011108,28482,28492,10
12.929479599,80.1204833984,28492,28603,111
12.929479599,80.1204833984,28603,28613,10
12.9296302795,80.1207199097,28613,28623,10
12.9300098419,80.1210479736,28623,28633,10
12.9300804138,80.121131897,28633,28643,10
12.9303598404,80.1213912964,28643,28653,10
12.9308099747,80.1218338013,28653,28663,10
12.9313402176,80.1223602295,28663,28673,10
12.9318399429,80.1228790283,28673,28683,10
12.9324102402,80.1234207153,28683,28694,11
12.9330396652,80.1239471436,28694,28986,292
12.9330396652,80.1239471436,28986,28996,10
12.9330997467,80.1241073608,28996,29007,11
12.933429718,80.1244888306,29007,29017,10
12.9338598251,80.1249771118,29017,29027,10
12.9344596863,80.1255493164,29027,29037,10
12.9350795746,80.1261367798,29037,29047,10
12.9357700348,80.1266479492,29047,29057,10
12.93612957,80.1269836426,29057,29067,10
12.9364204407,80.1273193359,29067,29077,10
12.9368200302,80.1273803711,29077,29087,10
12.9371500015,80.1269073486,29087,29097,10
12.9376497269,80.1271286011,29097,29107,10
12.9374599457,80.1278610229,29107,29128,21
12.9374599457,80.1278610229,29128,29138,10
12.9374198914,80.1280899048,29138,29148,10
12.937789917,80.1283798218,29148,29158,10
12.938369751,80.1289825439,29158,29168,10
12.9391899109,80.1296920776,29168,29178,10
12.9399595261,80.1304397583,29178,29188,10
12.9411296844,80.1316375732,29188,29198,10
12.9420204163,80.1325531006,29198,29208,10
12.9423704147,80.1329193115,29208,29219,11
12.9429597855,80.1335220337,29219,29229,10
12.9435796738,80.1341323853,29229,29239,10
12.9440698624,80.1345367432,29239,29249,10
12.9445800781,80.1349411011,29249,29259,10
12.9453001022,80.1354980469,29259,29269,10
12.9462003708,80.1362228394,29269,29279,10
12.9472503662,80.1369934082,29279,29289,10
12.948220253,80.1376876831,29289,29299,10
12.9492502213,80.1384277344,29299,29309,10
12.9501695633,80.1391525269,29309,29319,10
12.9509000778,80.1396331787,29319,29330,11
12.9513902664,80.1400527954,29330,29350,20
12.9513902664,80.1400527954,29350,29360,10
12.9516401291,80.1401824951,29360,29370,10
12.9520196915,80.1406021118,29370,29380,10
12.9524803162,80.1410598755,29380,29390,10
12.9527196884,80.1412124634,29390,29400,10
12.9531097412,80.1414489746,29400,29410,10
12.9538402557,80.1418533325,29410,29420,10
12.9547595978,80.142326355,29420,29431,11
12.9559202194,80.1429290771,29431,29441,10
12.9570999146,80.1435394287,29441,29451,10
12.9582796097,80.1441268921,29451,29461,10
12.9593801498,80.1446762085,29461,29471,10
12.9603204727,80.1451797485,29471,29481,10
12.9605903625,80.1455688477,29481,29491,10
12.9602804184,80.1462402344,29491,29501,10
12.9600601196,80.1471862793,29501,29511,10
12.9597997665,80.1484222412,29511,29521,10
12.9594602585,80.1496429443,29521,29531,10
12.9586400986,80.1504135132,29531,29542,11
12.9585599899,80.1504516602,29542,29552,10
12.9582195282,80.1507110596,29552,29562,10
12.9576196671,80.1511764526,29562,29572,10
12.9568395615,80.151802063,29572,29582,10
12.9560203552,80.1526870728,29582,29592,10
12.9555301666,80.1539916992,29592,29602,10
12.9551801682,80.1555099487,29602,29612,10
12.9548597336,80.1570663452,29612,29622,10
12.9546499252,80.1583099365,29622,29632,10
12.9545402527,80.1588287354,29632,29643,11
12.9545402527,80.1588363647,29643,29653,10
12.9545297623,80.1588668823,29653,29663,10
12.9543895721,80.159576416,29663,29693,30
12.9543895721,80.159576416,29693,29703,10
12.9543399811,80.1598434448,29703,29713,10
12.9541797638,80.1604995728,29713,29723,10
12.9539804459,80.1614379883,29723,29733,10
12.9537200928,80.1625976563,29733,29743,10
12.9534101486,80.164100647,29743,29754,11
12.9530801773,80.1656417847,29754,29764,10
12.9526700974,80.1673202515,29764,29774,10
12.9522600174,80.1689605713,29774,29784,10
12.9520101547,80.1705169678,29784,29794,10
12.9517602921,80.1720199585,29794,29804,10
12.9514799118,80.1735687256,29804,29814,10
12.951259613,80.1747436523,29814,29834,20
12.951259613,80.1747436523,29834,29844,10
12.9511699677,80.1750564575,29844,29855,11
12.9509601593,80.1759490967,29855,29865,10
12.9507198334,80.176940918,29865,29875,10
12.9504003525,80.1781005859,29875,29885,10
12.9500598907,80.1794204712,29885,29895,10
12.9498300552,80.1806716919,29895,29905,10
12.949640274,80.1816635132,29905,29915,10
12.9494600296,80.182800293,29915,29925,10
12.9492702484,80.1838912964,29925,29935,10
12.949259758,80.1842193604,29935,29945,10
12.9492502213,80.1842498779,29945,29956,11
12.9492397308,80.1847915649,29956,29966,10
12.949259758,80.1852264404,29966,30006,40
12.949259758,80.1852264404,30006,30016,10
12.9492301941,80.1854171753,30016,30026,10
12.9491596222,80.1859664917,30026,30036,10
12.949090004,80.1868362427,30036,30046,10
12.9489803314,80.1877975464,30046,30056,10
12.9489002228,80.1888275146,30056,30067,11
12.9487895966,80.1899490356,30067,30077,10
12.948679924,80.1911468506,30077,30087,10
12.9486198425,80.1925582886,30087,30097,10
12.9485902786,80.1939620972,30097,30107,10
12.9485902786,80.1951370239,30107,30117,10
12.9486103058,80.195640564,30117,30157,40
12.9486103058,80.195640564,30157,30168,11
12.9485902786,80.1960983276,30168,30178,10
12.948559761,80.1968383789,30178,30188,10
12.9485397339,80.1978912354,30188,30198,10
12.9486103058,80.1995620728,30198,30218,20
12.9486103058,80.1995620728,30218,30228,10
12.9486103058,80.1999588013,30228,30238,10
12.9486198425,80.2007293701,30238,30248,10
12.9486503601,80.2017288208,30248,30258,10
12.948679924,80.2029037476,30258,30268,10
12.9487199783,80.2042007446,30268,30279,11
12.9487495422,80.2053985596,30279,30289,10
12.9486999512,80.2070007324,30289,30299,10
12.9486303329,80.2080993652,30299,30309,10
12.9485702515,80.2093734741,30309,30339,30
12.9485702515,80.2093734741,30339,30349,10
12.9485397339,80.2095108032,30349,30359,10
12.9485301971,80.2098693848,30359,30369,10
12.9485197067,80.2102127075,30369,30380,11
12.9484701157,80.2107696533,30380,30390,10
12.9484701157,80.2116012573,30390,30400,10
12.9484996796,80.2126693726,30400,30410,10
12.9485998154,80.2138595581,30410,30420,10
12.9487199783,80.2151412964,30420,30430,10
12.9488601685,80.2165222168,30430,30440,10
12.9490299225,80.2180328369,30440,30450,10
12.9491796494,80.2194976807,30450,30460,10
12.9492902756,80.2206726074,30460,30470,10
12.9494400024,80.222328186,30470,30480,10
12.9495201111,80.2235794067,30480,30491,11
12.9495697021,80.2250976563,30491,30501,10
12.949640274,80.2266311646,30501,30511,10
12.9497098923,80.2282333374,30511,30521,10
12.9497995377,80.2298965454,30521,30531,10
12.9499101639,80.2313766479,30531,30541,10
12.9500598907,80.2331008911,30541,30571,30
12.9500598907,80.2331008911,30571,30581,10
12.9500598907,80.2333679199,30581,30592,11
12.9500904083,80.23412323,30592,30602,10
12.9500303268,80.2349014282,30602,30612,10
12.9499902725,80.2357025146,30612,30631,19
12.9499902725,80.2357025146,30631,30642,11
12.9499797821,80.2358474731,30642,30652,10
12.9499197006,80.2362213135,30652,30662,10
12.949760437,80.2368927002,30662,30672,10
12.9496498108,80.2376174927,30672,30682,10
12.9495096207,80.2385864258,30682,30692,10
12.9491596222,80.2403182983,30692,30723,31
12.9491596222,80.2403182983,30723,30733,10
12.9491195679,80.2404403687,30733,30743,10
12.9491796494,80.240737915,30743,30753,10
12.9494800568,80.2409210205,30753,30763,10
12.9500999451,80.2410888672,30763,30773,10
12.950920105,80.241317749,30773,30793,20
12.950920105,80.241317749,30793,30804,11
12.9512996674,80.2414474487,30804,30814,10
12.9517402649,80.2415924072,30814,30824,10
12.9522600174,80.2418212891,30824,30834,10
12.9530200958,80.2420806885,30834,30844,10
12.9536399841,80.2423171997,30844,30854,10
12.9541501999,80.2425308228,30854,30864,10
12.9547796249,80.2427825928,30864,30874,10
12.955450058,80.2430267334,30874,30884,10
12.9563102722,80.2433166504,30884,30925,41
12.9563102722,80.2433166504,30925,30935,10
12.9568996429,80.2435913086,30935,30945,10
12.9574804306,80.2438583374,30945,30955,10
12.9580602646,80.2441101074,30955,30965,10
12.9585504532,80.2443237305,30965,30975,10
12.95911026,80.2445220947,30975,30985,10
12.9591503143,80.2445373535,30985,30995,10
12.9591703415,80.2445602417,30995,31005,10
12.95952034,80.244758606,31005,31016,11
12.9603204727,80.2451171875,31016,31026,10
12.9612903595,80.2455978394,31026,31036,10
12.9623403549,80.2461090088,31036,31046,10
12.9630203247,80.2463989258,31046,31056,10
12.9636001587,80.2466964722,31056,31066,10
12.9643602371,80.2470016479,31066,31076,10
12.9653196335,80.2473373413,31076,31086,10
12.9666595459,80.2478408813,31086,31157,71
12.9666595459,80.2478408813,31157,31167,10
12.9668598175,80.2479705811,31167,31177,10
12.9673099518,80.2482223511,31177,31187,10
12.9680700302,80.2485275269,31187,31197,10
12.9690198898,80.2489013672,31197,31207,10
12.970000267,80.2493209839,31207,31217,10
12.9710798264,80.249710083,31217,31228,11
12.972319603,80.250038147,31228,31238,10
12.9733800888,80.2503128052,31238,31248,10
12.974360466,80.2505722046,31248,31258,10
12.9752998352,80.2508392334,31258,31268,10
12.9761600494,80.2510681152,31268,31278,10
12.9770097733,80.2513275146,31278,31288,10
12.9778003693,80.2517700195,31288,31298,10
12.9786100388,80.2523803711,31298,31318,20
12.9786100388,80.2523803711,31318,31329,11
12.9786701202,80.2524414063,31329,31339,10
12.9792098999,80.2526016235,31339,31349,10
12.9798297882,80.2526626587,31349,31409,60
12.9798297882,80.2526626587,31409,31419,10
12.9799699783,80.2526397705,31419,31429,10
12.9805002213,80.2526473999,31429,31440,11
12.9814796448,80.2526321411,31440,31450,10
12.9826498032,80.2526016235,31450,31460,10
12.984120369,80.2523193359,31460,31561,101
12.984120369,80.2523193359,31561,31571,10
12.9844102859,80.2522583008,31571,31581,10
12.9849796295,80.2520980835,31581,31591,10
12.9856595993,80.2519226074,31591,31601,10
12.9863300323,80.251739502,31601,31611,10
12.9869203568,80.2515792847,31611,31621,10
12.9874897003,80.251411438,31621,31823,202
12.9874897003,80.251411438,31823,31832,9
12.987830162,80.2513504028,31832,31843,11
12.9880104065,80.251701355,31843,31854,11
12.9880504608,80.2524871826,31854,31864,10
12.9879598618,80.2532577515,31864,31874,10
12.9878702164,80.2542190552,31874,31884,10
12.9877996445,80.2549972534,31884,31944,60
12.9877996445,80.2549972534,31944,31954,10
12.9877595901,80.255279541,31954,31965,11
12.9877300262,80.2555770874,31965,31975,10
12.9876499176,80.2560424805,31975,31985,10
12.9875898361,80.256690979,31985,31995,10
12.9875001907,80.257522583,31995,32005,10
12.9874601364,80.2582778931,32005,32015,10
12.9873895645,80.2590408325,32015,32025,10
12.9871397018,80.2596588135,32025,32055,30
12.9871397018,80.2596588135,32055,32066,11
12.9870004654,80.2596511841,32066,32076,10
12.9867095947,80.2595596313,32076,32086,10
12.9866800308,80.2590789795,32086,32096,10
12.9868001938,80.2588500977,32096,32106,10
12.9869003296,80.258430481,32106,32379,273
12.9869003296,80.258430481,32379,32389,10
12.9871397018,80.2586212158,32389,32399,10
12.9869804382,80.2586364746,32399,32409,10
12.9868497849,80.2589111328,32409,32419,10
12.986989975,80.2590484619,32419,32742,323
12.986989975,80.2590484619,32742,32752,10
12.9873199463,80.2590637207,32752,33408,656
12.9873199463,80.2590637207,33408,33419,11
12.9875001907,80.2589569092,33419,33429,10
12.9874897003,80.2584762573,33429,33439,10
12.9875097275,80.2577667236,33439,33449,10
12.9875602722,80.2568664551,33449,33459,10
12.9875802994,80.2559585571,33459,33469,10
12.987739563,80.2554702759,33469,33479,10
12.9877500534,80.2548522949,33479,33489,10
12.9877595901,80.2547912598,33489,33499,10
12.9877796173,80.2543792725,33499,33509,10
12.987830162,80.2536087036,33509,33520,11
12.9878997803,80.2523803711,33520,33772,252
12.9879198074,80.2520599365,33772,33822,50
12.9878902435,80.2519378662,33822,34075,253
12.9878902435,80.2519378662,34075,34085,10
12.987830162,80.2518005371,34085,34095,10
12.987660408,80.2515487671,34095,34105,10
12.9875202179,80.2515869141,34105,34115,10
12.9874696732,80.2516174316,34115,34125,10
12.987039566,80.2516174316,34125,34135,10
12.9863004684,80.2518081665,34135,34146,11
12.9851999283,80.2520828247,34146,34156,10
12.984000206,80.2524032593,34156,34166,10
12.9826402664,80.2526321411,34166,34176,10
12.981180191,80.2526779175,34176,34186,10
12.9801797867,80.2527618408,34186,34196,10
12.979640007,80.2527008057,34196,34206,10
12.9784898758,80.2525100708,34206,34226,20
12.9784898758,80.2525100708,34226,34236,10
12.9784698486,80.2524871826,34236,34246,10
12.9784002304,80.2524490356,34246,34257,11
12.978099823,80.2521972656,34257,34267,10
12.9774999619,80.251663208,34267,34277,10
12.9765396118,80.2512207031,34277,34287,10
12.9753303528,80.2508621216,34287,34297,10
12.97397995,80.2504730225,34297,34307,10
12.9725399017,80.2500991821,34307,34317,10
12.9711303711,80.2497177124,34317,34327,10
12.9697303772,80.2492370605,34327,34337,10
12.9684801102,80.2487411499,34337,34347,10
12.9673500061,80.2482910156,34347,34358,11
12.9663696289,80.2478103638,34358,34368,10
12.965089798,80.2473678589,34368,34408,40
12.965089798,80.2473678589,34408,34418,10
12.964799881,80.247253418,34418,34428,10
12.9641895294,80.2470016479,34428,34438,10
12.9637298584,80.2468109131,34438,34469,31
12.9637298584,80.2468109131,34469,34479,10
12.9636201859,80.2467498779,34479,34489,10
12.9632196426,80.2465515137,34489,34499,10
12.962439537,80.2461776733,34499,34509,10
12.9614400864,80.2456893921,34509,34519,10
12.9603099823,80.2451629639,34519,34529,10
12.959400177,80.2447891235,34529,34549,20
12.959400177,80.2447891235,34549,34559,10
12.9593601227,80.2447967529,34559,34570,11
12.9588499069,80.2445068359,34570,34580,10
12.9580898285,80.244178772,34580,34590,10
12.9574604034,80.2439422607,34590,34600,10
12.9568595886,80.243812561,34600,34610,10
12.9564695358,80.2436828613,34610,34620,10
12.9563598633,80.2436599731,34620,34630,10
12.9560403824,80.2434997559,34630,34640,10
12.9554004669,80.2431335449,34640,34650,10
12.9545602798,80.2427520752,34650,34660,10
12.9539003372,80.242477417,34660,34671,11
12.9531898499,80.2421798706,34671,34681,10
12.9523801804,80.241859436,34681,34691,10
12.9517402649,80.2416381836,34691,34721,30
12.9517402649,80.2416381836,34721,34731,10
12.9516897202,80.2416229248,34731,34741,10
12.9511995316,80.2414093018,34741,34751,10
12.9499197006,80.2410202026,34751,34822,71
12.9499197006,80.2410202026,34822,34832,10
12.9498195648,80.2409362793,34832,34842,10
12.9494695663,80.2408370972,34842,34852,10
12.9491100311,80.2407302856,34852,34862,10
12.9490404129,80.2402191162,34862,34872,10
12.9492397308,80.2393112183,34872,34903,31
12.9492397308,80.2393112183,34903,34913,10
12.949259758,80.2392883301,34913,34923,10
12.949379921,80.2389221191,34923,34933,10
12.9495096207,80.2382202148,34933,34943,10
12.9496002197,80.2374420166,34943,34953,10
12.9496603012,80.2368469238,34953,35004,51
12.9496603012,80.2368469238,35004,35014,10
12.9497499466,80.2366867065,35014,35024,10
12.9497699738,80.2362365723,35024,35034,10
12.9497900009,80.2359085083,35034,35044,10
12.9498195648,80.2357406616,35044,35054,10
12.9499397278,80.2351608276,35054,35064,10
12.9500303268,80.2344818115,35064,35074,10
12.9500303268,80.2338104248,35074,35115,41
12.9500303268,80.2338104248,35115,35125,10
12.9500303268,80.2335205078,35125,35135,10
12.9499702454,80.2327880859,35135,35145,10
12.9498796463,80.2317504883,35145,35155,10
12.9497804642,80.2305908203,35155,35165,10
12.9496603012,80.2292175293,35165,35176,11
12.9495697021,80.2276229858,35176,35185,9
12.9495000839,80.2258987427,35185,35197,12
12.9494104385,80.2238006592,35197,35207,10
12.9493198395,80.2220230103,35207,35217,10
12.9491596222,80.2202301025,35217,35227,10
12.9489898682,80.2185211182,35227,35237,10
12.948849678,80.2169265747,35237,35247,10
12.9486703873,80.2153701782,35247,35257,10
12.9485197067,80.2136764526,35257,35267,10
12.9483804703,80.2118988037,35267,35277,10
12.9483604431,80.2104187012,35277,35287,10
12.9483299255,80.2098388672,35287,35297,10
12.9483604431,80.2095184326,35297,35308,11
12.9484195709,80.2088088989,35308,35348,40
12.9484195709,80.2088088989,35348,35358,10
12.9486198425,80.2085266113,35358,35368,10
12.9486503601,80.2079772949,35368,35378,10
12.9487104416,80.2071228027,35378,35388,10
12.9487495422,80.2060775757,35388,35398,10
12.9487400055,80.2048797607,35398,35409,11
12.9486703873,80.2035369873,35409,35419,10
12.9486303329,80.2022476196,35419,35429,10
12.9485797882,80.2008972168,35429,35439,10
12.9485197067,80.1996231079,35439,35449,10
12.9484701157,80.1988983154,35449,35459,10
12.9484701157,80.1987991333,35459,35469,10
12.9484796524,80.1987228394,35469,35479,10
12.9484596252,80.1982421875,35479,35489,10
12.9484395981,80.1974334717,35489,35499,10
12.9484796524,80.1963806152,35499,35509,10
12.9484596252,80.1954193115,35509,35530,21
12.9484596252,80.1954193115,35530,35540,10
12.9484796524,80.1952285767,35540,35550,10
12.9484701157,80.1946334839,35550,35560,10
12.9484901428,80.1937179565,35560,35570,10
12.9485301971,80.1925811768,35570,35580,10
12.9485998154,80.1912002563,35580,35590,10
12.9486703873,80.1899490356,35590,35600,10
12.9487800598,80.1889190674,35600,35610,10
12.9488801956,80.1878128052,35610,35621,11
12.9490203857,80.1864700317,35621,35631,10
12.9490203857,80.1853408813,35631,35773,142
12.9490203857,80.1853408813,35773,35783,10
12.9490499496,80.185333252,35783,35793,10
12.949090004,80.1848373413,35793,35803,10
12.9491596222,80.1840820313,35803,35813,10
12.9491996765,80.1837081909,35813,35823,10
12.9492197037,80.1836471558,35823,35834,11
12.9493198395,80.1830978394,35834,35844,10
12.9494695663,80.1822967529,35844,35854,10
12.9495697021,80.1816177368,35854,35864,10
12.949640274,80.1812973022,35864,35874,10
12.9497299194,80.1808395386,35874,35884,10
12.9498596191,80.1800765991,35884,35893,9
12.950050354,80.1791992188,35893,35904,11
12.9504098892,80.1778182983,35904,35914,10
12.9507198334,80.1766433716,35914,35924,10
12.950969696,80.1756362915,35924,35935,11
12.9511604309,80.1747131348,35935,35945,10
12.9512395859,80.174331665,35945,35955,10
12.9512796402,80.174118042,35955,35965,10
12.951379776,80.1736602783,35965,35975,10
12.9515600204,80.1727905273,35975,35985,10
12.9517297745,80.1716995239,35985,35995,10
12.951789856,80.1713409424,35995,36005,10
12.9518203735,80.1711807251,36005,36015,10
12.9519395828,80.1705322266,36015,36025,10
12.9521102905,80.1696166992,36025,36035,10
12.9523000717,80.1684494019,36035,36046,11
12.9527196884,80.1669464111,36046,36056,10
12.9530897141,80.1653900146,36056,36066,10
12.9534397125,80.1637802124,36066,36076,10
12.9537801743,80.1621704102,36076,36086,10
12.9540996552,80.1606826782,36086,36096,10
12.9542999268,80.1595230103,36096,36106,10
12.9543600082,80.1591567993,36106,36116,10
12.9543800354,80.1590576172,36116,36126,10
12.954460144,80.1586685181,36126,36136,10
12.9544801712,80.1585769653,36136,36147,11
12.9545001984,80.1584625244,36147,36157,10
12.9546403885,80.1579284668,36157,36167,10
12.9547796249,80.1570968628,36167,36177,10
12.9550199509,80.15599823,36177,36187,10
12.955329895,80.1546707153,36187,36197,10
12.9556999207,80.1532516479,36197,36207,10
12.9564504623,80.1519393921,36207,36217,10
12.9574604034,80.1510925293,36217,36227,10
12.9582901001,80.150390625,36227,36237,10
12.9587697983,80.1499786377,36237,36247,10
12.9588499069,80.1499328613,36247,36258,11
12.9593696594,80.1494827271,36258,36268,10
12.9596796036,80.1486206055,36268,36278,10
12.9598903656,80.1476364136,36278,36288,10
12.9601097107,80.1465988159,36288,36298,10
12.9603099823,80.1456298828,36298,36308,10
12.9602804184,80.1452713013,36308,36318,10
12.9607400894,80.1453094482,36318,36328,10
12.9616298676,80.1457977295,36328,36338,10
12.9627199173,80.1463775635,36338,36348,10
12.9638204575,80.1470489502,36348,36359,11
12.9648599625,80.1476974487,36359,36369,10
12.9656400681,80.1481170654,36369,36379,10
12.9664201736,80.1485366821,36379,36389,10
12.9672203064,80.1489486694,36389,36399,10
12.9677400589,80.149230957,36399,36409,10
12.9684000015,80.1495132446,36409,36439,30
12.9684000015,80.1495132446,36439,36449,10
12.9685001373,80.1495819092,36449,36459,10
12.969039917,80.1497879028,36459,36692,233
12.969039917,80.1497879028,36692,36702,10
12.9692401886,80.1498718262,36702,36712,10
12.9695796967,80.1500778198,36712,36722,10
12.9702196121,80.150390625,36722,36732,10
12.9708099365,80.150680542,36732,36742,10
12.9714202881,80.1509933472,36742,36752,10
12.9724397659,80.1516418457,36752,36762,10
12.9730701447,80.1525115967,36762,36793,31
12.9730701447,80.1525115967,36793,36803,10
12.9733600616,80.152923584,36803,36853,50
12.9733600616,80.152923584,36853,36863,10
12.9733200073,80.1530914307,36863,36873,10
12.97315979,80.1529464722,36873,36884,11
12.9727401733,80.1523208618,36884,36894,10
12.9722499847,80.1516113281,36894,36904,10
12.9715995789,80.1511611938,36904,36914,10
12.9707202911,80.1507492065,36914,36924,10
12.9695901871,80.1503372192,36924,37015,91
12.9694099426,80.1500167847,37015,37237,222
12.9694099426,80.1500167847,37237,37247,10
12.9692401886,80.1497802734,37247,37277,30
12.9692401886,80.1497802734,37277,37287,10
12.9692401886,80.1497268677,37287,37298,11
12.9688396454,80.149597168,37298,37308,10
12.9682998657,80.1494293213,37308,37318,10
12.9678401947,80.149269104,37318,37328,10
12.9673299789,80.1490631104,37328,37338,10
12.9669399261,80.1488876343,37338,37348,10
12.9665403366,80.1487121582,37348,37358,10
12.9661102295,80.1484985352,37358,37368,10
12.9655599594,80.1482086182,37368,37378,10
12.9648799896,80.147857666,37378,37388,10
12.9641399384,80.1474609375,37388,37399,11
12.9630699158,80.1469573975,37399,37409,10
12.9620304108,80.1463928223,37409,37419,10
12.9609804153,80.1458206177,37419,37429,10
12.9603099823,80.1457138062,37429,37439,10
12.9601297379,80.1465377808,37439,37449,10
12.9598903656,80.1476593018,37449,37459,10
12.9595804214,80.1491165161,37459,37469,10
12.9588499069,80.150138855,37469,37479,10
12.9586000443,80.1503601074,37479,37489,10
12.9585103989,80.150428772,37489,37499,10
12.9580602646,80.1507797241,37499,37510,11
12.957110405,80.1515579224,37510,37520,10
12.9561595917,80.1524581909,37520,37530,10
12.9555997849,80.153793335,37530,37540,10
12.9552202225,80.1554031372,37540,37550,10
12.9549102783,80.1568603516,37550,37560,10
12.9545497894,80.1587982178,37560,37580,20
12.9545497894,80.1587982178,37580,37590,10
12.954460144,80.1592025757,37590,37600,10
12.9544000626,80.1595077515,37600,37611,11
12.9543800354,80.1595687866,37611,37621,10
12.9542798996,80.1600570679,37621,37631,10
12.9540901184,80.1610031128,37631,37641,10
12.9538497925,80.1622009277,37641,37651,10
12.9535303116,80.1635131836,37651,37661,10
12.9532403946,80.1649780273,37661,37671,10
12.95291996,80.1664581299,37671,37681,10
12.9525499344,80.1678237915,37681,37691,10
12.9522399902,80.1691818237,37691,37701,10
12.9520397186,80.1703186035,37701,37711,10
12.9518404007,80.1714706421,37711,37722,11
12.9516000748,80.1728210449,37722,37732,10
12.9513998032,80.1739425659,37732,37742,10
12.9512395859,80.1747436523,37742,37752,10
12.951210022,80.1748504639,37752,37763,11
12.9511003494,80.1754226685,37763,37773,10
12.9508800507,80.176399231,37773,37783,10
12.9505996704,80.1774215698,37783,37793,10
12.9502696991,80.1786422729,37793,37803,10
12.9499397278,80.1800765991,37803,37812,9
12.9497299194,80.1812210083,37812,37824,12
12.9495801926,80.1820297241,37824,37834,10
12.9492702484,80.1839675903,37834,37854,20
12.9492702484,80.1839675903,37854,37864,10
12.9492101669,80.1843566895,37864,37874,10
12.9492397308,80.1849899292,37874,37884,10
12.9492397308,80.1850280762,37884,37894,10
12.9492197037,80.1851730347,37894,37904,10
12.9491701126,80.1854324341,37904,37914,10
12.9490995407,80.186126709,37914,37924,10
12.9490098953,80.1870803833,37924,37935,11
12.9489002228,80.1882629395,37935,37945,10
12.948800087,80.1893997192,37945,37955,10
12.9486703873,80.1907501221,37955,37965,10
12.9485998154,80.1920166016,37965,37975,10
12.9486103058,80.1926498413,37975,37985,10
12.9486103058,80.1929626465,37985,37995,10
12.9486103058,80.1932373047,37995,38005,10
12.9485998154,80.1935577393,38005,38015,10
12.948559761,80.1940612793,38015,38025,10
12.9485502243,80.1949081421,38025,38036,11
12.9485702515,80.1954498291,38036,38046,10
12.948559761,80.1955566406,38046,38056,10
12.9485301971,80.1961669922,38056,38066,10
12.9485197067,80.1971893311,38066,38076,10
12.94851017,80.1982498169,38076,38086,10
12.9485197067,80.1987228394,38086,38096,10
12.948559761,80.1993408203,38096,38106,10
12.948559761,80.1995391846,38106,38116,10
12.9485702515,80.2000427246,38116,38126,10
12.9485998154,80.2010269165,38126,38137,11
12.9486398697,80.2023620605,38137,38147,10
12.948679924,80.2031021118,38147,38157,10
12.9486703873,80.2037734985,38157,38167,10
12.9486999512,80.204788208,38167,38177,10
12.9487104416,80.2060470581,38177,38187,10
12.948679924,80.2072601318,38187,38197,10
12.9485902786,80.2083969116,38197,38207,10
12.9485502243,80.2093429565,38207,38217,10
12.9485702515,80.2094573975,38217,38227,10
12.9485702515,80.2097625732,38227,38237,10
12.9484996796,80.2102966309,38237,38248,11
12.9484701157,80.2111282349,38248,38258,10
12.9484596252,80.2119369507,38258,38268,10
12.9485197067,80.2130584717,38268,38278,10
12.9486303329,80.2143783569,38278,38288,10
12.9487400055,80.2155532837,38288,38298,10
12.9488897324,80.2168121338,38298,38308,10
12.9490003586,80.2181091309,38308,38318,10
12.949139595,80.2194595337,38318,38328,10
12.9492902756,80.2209320068,38328,38338,10
12.9493904114,80.2223510742,38338,38349,11
12.9494695663,80.2238922119,38349,38359,10
12.9495601654,80.2252578735,38359,38369,10
12.9496097565,80.2267913818,38369,38379,10
12.9497003555,80.228477478,38379,38389,10
12.9497995377,80.2300491333,38389,38399,10
12.9499101639,80.2314682007,38399,38409,10
12.9499998093,80.2327194214,38409,38419,10
12.950050354,80.2331390381,38419,38429,10
12.9500598907,80.2332763672,38429,38439,10
12.9500799179,80.2339706421,38439,38449,10
12.9499797821,80.234916687,38449,38460,11
12.9499397278,80.2355117798,38460,38581,121
12.9499397278,80.2355117798,38581,38591,10
12.9499397278,80.2358398438,38591,38601,10
12.9499702454,80.2359390259,38601,38611,10
12.9498596191,80.2364578247,38611,38621,10
12.9497098923,80.2373199463,38621,38631,10
12.9495897293,80.2380599976,38631,38641,10
12.9494304657,80.2390136719,38641,38651,10
12.9491500854,80.2403564453,38651,38672,21
12.9491500854,80.2403564453,38672,38682,10
12.9491300583,80.240562439,38682,38692,10
12.9493999481,80.2408294678,38692,38702,10
12.9500703812,80.2410430908,38702,38712,10
12.9507303238,80.2412185669,38712,38722,10
12.9510202408,80.2413024902,38722,38732,10
12.9512395859,80.2414016724,38732,38742,10
12.9515399933,80.2415008545,38742,38752,10
12.9520902634,80.2417068481,38752,38762,10
12.9530200958,80.2420425415,38762,38773,11
12.9540500641,80.2424163818,38773,38783,10
12.9548301697,80.2427520752,38783,38793,10
12.955499649,80.2430267334,38793,38803,10
12.9563598633,80.2433624268,38803,38833,30
12.9563598633,80.2433624268,38833,38843,10
12.9568796158,80.2435913086,38843,38853,10
12.957690239,80.2438964844,38853,38863,10
12.9580698013,80.244102478,38863,38873,10
12.9588003159,80.2443389893,38873,38884,11
12.9589796066,80.244430542,38884,38894,10
12.9591503143,80.2445297241,38894,38904,10
12.9595899582,80.244758606,38904,38914,10
12.9604597092,80.2451629639,38914,38924,10
12.961640358,80.2457199097,38924,38933,9
12.9627504349,80.2462387085,38933,38944,11
12.9631004333,80.2463531494,38944,38954,10
12.9631004333,80.246383667,38954,38964,10
12.9632797241,80.2465133667,38964,38974,10
12.9637298584,80.2467422485,38974,38985,11
12.9645004272,80.2470397949,38985,38995,10
12.9654798508,80.2473602295,38995,39005,10
12.9663000107,80.2477035522,39005,39015,10
12.9669599533,80.2479782104,39015,39025,10
12.9671201706,80.2480392456,39025,39035,10
12.9673204422,80.2481613159,39035,39045,10
12.9680500031,80.2484893799,39045,39055,10
12.9692001343,80.2489089966,39055,39065,10
12.9705600739,80.249458313,39065,39075,10
12.9720401764,80.2498931885,39075,39085,10
12.9735002518,80.250289917,39085,39096,11
12.9749202728,80.2506866455,39096,39106,10
12.9764204025,80.251121521,39106,39116,10
12.9777803421,80.2517318726,39116,39126,10
12.9786500931,80.2523498535,39126,39136,10
12.9788599014,80.2524414063,39136,39146,10
12.9795799255,80.2525787354,39146,39166,20
12.9795799255,80.2525787354,39166,39176,10
12.9796199799,80.2525787354,39176,39186,10
12.9800596237,80.2526321411,39186,39197,11
12.9809398651,80.2526321411,39197,39207,10
12.9820604324,80.2526016235,39207,39217,10
12.9833402634,80.2525177002,39217,39227,10
12.9840202332,80.2523422241,39227,39237,10
12.9845399857,80.2521972656,39237,39247,10
12.985159874,80.2520217896,39247,39257,10
12.9857902527,80.2518386841,39257,39267,10
12.9863195419,80.2517166138,39267,39277,10
12.9869604111,80.2515487671,39277,39287,10
12.9873695374,80.2514190674,39287,39298,11
12.9876403809,80.2513275146,39298,39308,10
12.9879598618,80.2514801025,39308,39318,10
12.9879999161,80.2517471313,39318,39328,10
12.9879999161,80.2519226074,39328,39338,10
12.9879999161,80.2523727417,39338,39348,10
12.9879302979,80.2530975342,39348,39358,10
12.987859726,80.2540206909,39358,39368,10
12.987830162,80.2546310425,39368,39398,30
12.987830162,80.2546310425,39398,39409,11
12.9877195358,80.2550735474,39409,39419,10
12.9876804352,80.2556381226,39419,39429,10
12.9875602722,80.256401062,39429,39439,10
12.9875001907,80.2573471069,39439,39449,10
12.987449646,80.2582168579,39449,39459,10
12.9873895645,80.2587432861,39459,39469,10
12.9872398376,80.2593917847,39469,39499,30
12.9872198105,80.2595291138,39499,39520,21
12.9872198105,80.2595291138,39520,39530,10
12.9867200851,80.2595977783,39530,39560,30
12.9867200851,80.2595977783,39560,39570,10
12.9865999222,80.2592773438,39570,39661,91
12.9867200851,80.2590026855,39661,39752,91
12.9867200851,80.2590026855,39752,39762,10
12.9868602753,80.2590332031,39762,39772,10
12.9871997833,80.2590637207,39772,39792,20
12.9871997833,80.2590637207,39792,39802,10
12.9873399734,80.2590026855,39802,39812,10
12.9874000549,80.2585296631,39812,39823,11
12.987449646,80.2577590942,39823,39833,10
12.9874801636,80.2569580078,39833,39843,10
12.9875202179,80.2560424805,39843,39853,10
12.987569809,80.2557830811,39853,39863,10
12.9877004623,80.2551193237,39863,39873,10
12.9877099991,80.2548294067,39873,39883,10
12.987739563,80.25440979,39883,39893,10
12.987830162,80.2534637451,39893,39903,10
12.9879398346,80.2523193359,39903,39913,10
12.9878702164,80.2519302368,39913,39923,10
12.9875402451,80.2516174316,39923,39994,71
12.9875402451,80.2516174316,39994,40004,10
12.9873104095,80.2516326904,40004,40014,10
12.9869203568,80.251663208,40014,40024,10
12.9864597321,80.2517776489,40024,40035,11
12.9856595993,80.2519683838,40035,40045,10
12.9845304489,80.252281189,40045,40055,10
12.9832601547,80.2526016235,40055,40065,10
12.9819297791,80.2526779175,40065,40075,10
12.9807796478,80.2527236938,40075,40085,10
12.9801998138,80.2527618408,40085,40095,10
12.9799604416,80.2527999878,40095,40105,10
12.9796199799,80.252746582,40105,40115,10
12.9788198471,80.2526473999,40115,40125,10
12.9785203934,80.2525787354,40125,40135,10
12.9781503677,80.2522964478,40135,40146,11
12.9773197174,80.2515869141,40146,40156,10
12.9760704041,80.2510986328,40156,40166,10
12.9746398926,80.2506866455,40166,40176,10
12.9732398987,80.2503128052,40176,40186,10
12.9721803665,80.2500534058,40186,40196,10
12.9710702896,80.2497634888,40196,40206,10
12.9699001312,80.249382019,40206,40216,10
12.9687995911,80.2489624023,40216,40226,10
12.967880249,80.248626709,40226,40236,10
12.9669303894,80.2481994629,40236,40247,11
12.9662799835,80.2478637695,40247,40257,10
12.9653301239,80.2474975586,40257,40267,10
12.964969635,80.2473983765,40267,40277,10
12.9649200439,80.2473831177,40277,40287,10
12.964630127,80.247253418,40287,40297,10
12.9638996124,80.2469787598,40297,40307,10
12.9632196426,80.2466812134,40307,40317,10
12.9622097015,80.2461471558,40317,40327,10
12.9609498978,80.2455062866,40327,40337,10
12.9594497681,80.2448883057,40337,40358,21
12.9594497681,80.2448883057,40358,40368,10
12.9591503143,80.2447433472,40368,40378,10
12.9584598541,80.244430542,40378,40388,10
12.9576702118,80.2441101074,40388,40398,10
12.9566402435,80.2438278198,40398,40459,61
12.9566402435,80.2438278198,40459,40469,10
12.9562797546,80.2436904907,40469,40479,10
12.9559602737,80.2435302734,40479,40489,10
12.9552202225,80.2431182861,40489,40499,10
12.9541797638,80.2426605225,40499,40509,10
12.953499794,80.2423706055,40509,40519,10
12.9526395798,80.2420272827,40519,40529,10
12.9517202377,80.2417297363,40529,40539,10
12.9516296387,80.2416915894,40539,40549,10
12.9512395859,80.2415390015,40549,40560,11
12.9502296448,80.2411804199,40560,40570,10
12.949549675,80.2409667969,40570,40580,10
12.949139595,80.2408370972,40580,40660,80
12.949139595,80.2408370972,40660,40671,11
12.9489002228,80.2405471802,40671,40681,10
12.9491901398,80.2393417358,40681,40701,20
12.9491901398,80.2393417358,40701,40711,10
12.9493103027,80.2389297485,40711,40721,10
12.9494600296,80.2381820679,40721,40731,10
12.9496002197,80.2371826172,40731,40741,10
12.9496803284,80.2359466553,40741,40761,20
12.9496803284,80.2359466553,40761,40772,11
12.9497203827,80.2356872559,40772,40782,10
12.9498996735,80.2349472046,40782,40792,10
12.9499702454,80.2339706421,40792,40802,10
12.9499702454,80.2338027954,40802,40812,10
12.9499702454,80.2336807251,40812,40822,10
12.9499397278,80.233039856,40822,40832,10
12.9498796463,80.2319564819,40832,40842,10
12.9497995377,80.2306976318,40842,40852,10
12.9497203827,80.2294387817,40852,40862,10
12.949640274,80.2277603149,40862,40872,10
12.9495601654,80.2261199951,40872,40883,11
12.9494800568,80.2246017456,40883,40893,10
12.9494400024,80.2234725952,40893,40903,10
12.9493703842,80.2220993042,40903,40913,10
12.949259758,80.2207794189,40913,40923,10
12.9490804672,80.2192001343,40923,40933,10
12.9489297867,80.2174530029,40933,40943,10
12.9487304688,80.2156219482,40943,40953,10
12.948559761,80.2138900757,40953,40963,10
12.9484300613,80.2122421265,40963,40973,10
12.9483804703,80.2108535767,40973,40984,11
12.9483604431,80.2099990845,40984,40994,10
12.9484596252,80.2093734741,40994,41004,10
12.9484996796,80.2086486816,41004,41014,10
12.9484996796,80.2086334229,41014,41024,10
12.9485397339,80.2082977295,41024,41034,10
12.9485998154,80.2074584961,41034,41045,11
12.9486703873,80.2062835693,41045,41055,10
12.9486703873,80.2048416138,41055,41065,10
12.9486103058,80.2024765015,41065,41075,10
12.9486103058,80.2024765015,41075,41086,11
12.948559761,80.2011413574,41086,41096,10
12.94851017,80.1998977661,41096,41106,10
12.9484796524,80.1989822388,41106,41116,10
12.9484596252,80.1986999512,41116,41126,10
12.9484500885,80.1981277466,41126,41136,10
12.9484901428,80.1970977783,41136,41146,10
12.9484901428,80.1958618164,41146,41156,10
12.9484796524,80.1955337524,41156,41166,10
12.9484796524,80.1952972412,41166,41176,10
12.9484796524,80.1945419312,41176,41186,10
12.9485197067,80.1934585571,41186,41197,11
12.9485702515,80.1920166016,41197,41207,10
12.9486398697,80.1906509399,41207,41217,10
12.9487800598,80.1889801025,41217,41227,10
12.9489402771,80.1872787476,41227,41237,10
12.9489803314,80.1853027344,41237,41348,111
12.9489803314,80.1853027344,41348,41358,10
12.9489803314,80.1851806641,41358,41368,10
12.9490604401,80.1846008301,41368,41378,10
12.949139595,80.1839065552,41378,41387,9
12.9491500854,80.1838226318,41387,41399,12
12.9491796494,80.1836395264,41399,41409,10
12.9492998123,80.1830215454,41409,41419,10
12.9494600296,80.1821365356,41419,41429,10
12.9495897293,80.1813964844,41429,41439,10
12.9496202469,80.1811904907,41439,41449,10
12.9497098923,80.1807937622,41449,41459,10
12.9498500824,80.1799926758,41459,41469,10
12.9501104355,80.1788635254,41469,41479,10
12.9504699707,80.177520752,41479,41489,10
12.9508399963,80.176071167,41489,41499,10
12.9511098862,80.1746673584,41499,41510,11
12.9511995316,80.1741867065,41510,41520,10
12.9512796402,80.1738967896,41520,41530,10
12.9514398575,80.1731185913,41530,41540,10
12.9516401291,80.1720199585,41540,41550,10
12.9517602921,80.1712417603,41550,41560,10
12.951789856,80.1710968018,41560,41570,10
12.9519195557,80.1704406738,41570,41580,10
12.9521102905,80.1694717407,41580,41590,10
12.9523200989,80.1683197021,41590,41600,10
12.9526996613,80.1669082642,41600,41611,11
12.9530801773,80.1651763916,41611,41621,10
12.9534502029,80.1635131836,41621,41631,10
12.9538202286,80.1617965698,41631,41641,10
12.9541301727,80.1602096558,41641,41651,10
12.9543304443,80.1591720581,41651,41661,10
12.9544095993,80.1587982178,41661,41671,10
12.9544801712,80.1584320068,41671,41681,10
12.9545297623,80.1582794189,41681,41691,10
12.9546499252,80.1576766968,41691,41701,10
12.9548597336,80.1567306519,41701,41711,10
12.9551296234,80.1555328369,41711,41722,11
12.9554595947,80.1540374756,41722,41732,10
12.9559202194,80.152633667,41732,41742,10
12.9568099976,80.1516189575,41742,41752,10
12.9577798843,80.1508407593,41752,41762,10
12.9585599899,80.1501998901,41762,41772,10
12.9587097168,80.1500778198,41772,41782,10
12.9589500427,80.1499099731,41782,41792,10
12.9594297409,80.1494216919,41792,41802,10
12.9596996307,80.1483764648,41802,41812,10
12.9599199295,80.1473007202,41812,41823,11
12.9601898193,80.145980835,41823,41833,10
12.9602203369,80.1454772949,41833,41843,10
12.9597101212,80.1451416016,41843,41853,10
12.9587402344,80.1446533203,41853,41863,10
12.9576597214,80.1440582275,41863,41873,10
12.9565696716,80.1435089111,41873,41883,10
12.9558401108,80.1431121826,41883,41893,10
12.9551200867,80.1427001953,41893,41903,10
12.9543800354,80.1423187256,41903,41913,10
12.9537401199,80.141960144,41913,41924,11
12.9531097412,80.1416625977,41924,41934,10
12.9526996613,80.141418457,41934,41954,20
12.9526996613,80.141418457,41954,41964,10
12.9525995255,80.1413803101,41964,41974,10
12.9521398544,80.1410217285,41974,41984,10
12.9515895844,80.1406173706,41984,41994,10
12.9515800476,80.1406097412,41994,42004,10
12.9515104294,80.1405487061,42004,42014,10
12.9510498047,80.1401596069,42014,42024,10
12.9505195618,80.1397781372,42024,42035,11
12.9499197006,80.139289856,42035,42045,10
12.9491796494,80.1386489868,42045,42055,10
12.9483203888,80.1379776001,42055,42065,10
12.947429657,80.1373291016,42065,42075,10
12.9465303421,80.1366424561,42075,42085,10
12.9455299377,80.1358413696,42085,42095,10
12.9443998337,80.1349563599,42095,42105,10
12.9433498383,80.1342010498,42105,42115,10
12.9425001144,80.133392334,42115,42125,10
12.9415798187,80.1324462891,42125,42136,11
12.9407100677,80.1314926147,42136,42146,10
12.9399595261,80.1306762695,42146,42156,10
12.9392499924,80.1299591064,42156,42166,10
12.9384698868,80.1293106079,42166,42176,10
12.9376802444,80.1287078857,42176,42216,40
12.9376802444,80.1287078857,42216,42226,10
12.9375495911,80.1286010742,42226,42236,10
12.9370498657,80.128112793,42236,42257,21
12.9370498657,80.128112793,42257,42267,10
12.9369602203,80.128036499,42267,42277,10
12.9366903305,80.1277923584,42277,42297,20
12.9366903305,80.1277923584,42297,42307,10
12.9364004135,80.1275634766,42307,42317,10
12.9360303879,80.1272583008,42317,42327,10
12.9355096817,80.1267700195,42327,42337,10
12.9347801208,80.126121521,42337,42348,11
12.9338197708,80.1251907349,42348,42358,10
12.9328804016,80.1242370605,42358,42368,10
12.9322395325,80.1235961914,42368,42378,10
12.9318799973,80.1232299805,42378,42388,10
12.9314098358,80.1227493286,42388,42398,10
12.9308099747,80.1221618652,42398,42408,10
12.930150032,80.1215362549,42408,42418,10
12.9295597076,80.1209182739,42418,42428,10
12.928899765,80.1202011108,42428,42438,10
12.9281797409,80.1194610596,42438,42448,10
12.9276599884,80.118927002,42448,42459,11
12.9275398254,80.118812561,42459,42469,10
12.9273395538,80.118598938,42469,42479,10
12.9272603989,80.1184997559,42479,42489,10
12.9269304276,80.1181488037,42489,42499,10
12.926199913,80.1175003052,42499,42519,20
12.926199913,80.1175003052,42519,42529,10
12.926150322,80.1174468994,42529,42539,10
12.9256896973,80.1171035767,42539,42549,10
12.9251098633,80.1165237427,42549,42560,11
12.9243898392,80.1157836914,42560,42570,10
12.9241304398,80.1155471802,42570,42580,10
12.9238796234,80.1151580811,42580,42590,10
12.9241399765,80.1150512695,42590,42600,10
12.9245796204,80.1155090332,42600,42610,10
12.9252796173,80.1162109375,42610,42620,10
12.9260702133,80.1170730591,42620,42630,10
12.9264698029,80.1175765991,42630,42640,10
12.9268503189,80.1178512573,42640,43044,404
12.9268503189,80.1178512573,43044,43054,10
12.9271602631,80.1181335449,43054,43074,20
12.9271602631,80.1181335449,43074,43085,11
12.9272699356,80.1182632446,43085,43095,10
12.9273796082,80.1184997559,43095,43105,10
12.9279098511,80.1190490723,43105,43115,10
12.9289197922,80.1200332642,43115,43175,60
12.9289197922,80.1200332642,43175,43186,11
12.9293804169,80.1204910278,43186,43196,10
12.9300403595,80.1211395264,43196,43206,10
12.9306602478,80.1217803955,43206,43216,10
12.9316301346,80.1227416992,43216,43266,50
12.9316301346,80.1227416992,43266,43276,10
12.9319095612,80.1230392456,43276,43286,10
12.932510376,80.1236495972,43286,43297,11
12.9334201813,80.1245880127,43297,43307,10
12.9344797134,80.1256332397,43307,43317,10
12.9356002808,80.1265792847,43317,43327,10
12.9361200333,80.1269989014,43327,43337,10
12.9363002777,80.1271896362,43337,43347,10
12.9366197586,80.127456665,43347,43357,10
12.9369802475,80.1277236938,43357,43367,10
12.9370002747,80.1277389526,43367,43377,10
12.9371099472,80.1278686523,43377,43387,10
12.9373903275,80.128112793,43387,43398,11
12.9380102158,80.1286468506,43398,43408,10
12.9388303757,80.1294403076,43408,43418,10
12.9398403168,80.1303787231,43418,43428,10
12.9409503937,80.1314926147,43428,43438,10
12.9418897629,80.1324234009,43438,43448,10
12.9427099228,80.1333007813,43448,43458,10
12.9435901642,80.1341781616,43458,43468,10
12.944149971,80.1346435547,43468,43478,10
12.9448299408,80.1351928711,43478,43488,10
12.9457998276,80.1359634399,43488,43499,11
12.9469604492,80.1368408203,43499,43509,10
12.9478702545,80.1374588013,43509,43519,10
12.9488801956,80.1381912231,43519,43529,10
12.9498701096,80.1389389038,43529,43539,10
12.9504404068,80.1393280029,43539,43549,10
12.9505195618,80.1393966675,43549,43559,10
12.9508800507,80.1396636963,43559,43569,10
12.9513101578,80.1399383545,43569,43579,10
12.9513196945,80.1399383545,43579,43589,10
12.9514102936,80.1400222778,43589,43599,10
12.9515104294,80.1400985718,43599,43610,11
12.9517297745,80.1402206421,43610,43620,10
12.9519500732,80.1404190063,43620,43630,10
12.9523601532,80.1409225464,43630,43640,10
12.9526500702,80.1411209106,43640,43650,10
12.9528598785,80.1412734985,43650,43660,10
12.953499794,80.1416625977,43660,43670,10
12.9542703629,80.1420593262,43670,43680,10
12.9548902512,80.1424102783,43680,43690,10
12.9555797577,80.1427307129,43690,43700,10
12.9561395645,80.1430282593,43700,43711,11
12.9566402435,80.1433334351,43711,43721,10
12.9572896957,80.1436767578,43721,43731,10
12.9581003189,80.1441116333,43731,43741,10
12.9589195251,80.1444778442,43741,43751,10
12.9596204758,80.1448516846,43751,43761,10
12.9603700638,80.1452407837,43761,43771,10
12.9603996277,80.1456985474,43771,43781,10
12.9601402283,80.1466522217,43781,43791,10
12.959859848,80.1479263306,43791,43800,9
12.9595499039,80.1492767334,43800,43811,11
12.9588899612,80.1501235962,43811,43822,11
12.9585399628,80.1504364014,43822,43832,10
12.9581003189,80.1507797241,43832,43842,10
12.9573202133,80.1514129639,43842,43852,10
12.9562902451,80.1522979736,43852,43862,10
12.9555797577,80.1537399292,43862,43872,10
12.955160141,80.1555023193,43872,43882,10
12.9547700882,80.1574172974,43882,43892,10
12.9544401169,80.1590499878,43892,43902,10
12.9543600082,80.1595077515,43902,43912,10
12.9543104172,80.1597366333,43912,43923,11
12.9540901184,80.1607208252,43923,43933,10
12.9538402557,80.1619186401,43933,43943,10
12.9535198212,80.1634292603,43943,43953,10
12.9531602859,80.1650924683,43953,43963,10
12.9527997971,80.1667175293,43963,43973,10
12.9523696899,80.1683807373,43973,43983,10
12.9520797729,80.1698989868,43983,43993,10
12.9519701004,80.1706466675,43993,44003,10
12.9518995285,80.1709976196,44003,44013,10
12.9517602921,80.1718292236,44013,44023,10
12.9515399933,80.172996521,44023,44034,11
12.9512195587,80.1745223999,44034,44044,10
12.9509000778,80.1760101318,44044,44054,10
12.9505395889,80.1774902344,44054,44064,10
12.9501304626,80.1790313721,44064,44074,10
12.9498300552,80.1804885864,44074,44084,10
12.9496498108,80.1814498901,44084,44094,10
12.9495201111,80.182182312,44094,44104,10
12.9493303299,80.1832809448,44104,44114,10
12.9492301941,80.1839675903,44114,44124,10
12.9492197037,80.1840362549,44124,44135,11
12.9491796494,80.1847000122,44135,44145,10
12.9491500854,80.1853179932,44145,44155,10
12.9490804672,80.185760498,44155,44165,10
12.9490404129,80.1864700317,44165,44175,10
12.9490003586,80.1870574951,44175,44185,10
12.9489297867,80.187828064,44185,44195,10
12.9488201141,80.1888809204,44195,44205,10
12.948679924,80.1901016235,44205,44215,10
12.9485797882,80.1916275024,44215,44225,10
12.9485502243,80.1932830811,44225,44235,10
12.9484996796,80.1947631836,44235,44246,11
12.9485301971,80.1954574585,44246,44256,10
12.94851017,80.195640564,44256,44266,10
12.9484996796,80.1964035034,44266,44276,10
12.9484796524,80.1975097656,44276,44286,10
12.9484796524,80.1985168457,44286,44296,10
12.9485502243,80.1994018555,44296,44306,10
12.948559761,80.1996078491,44306,44316,10
12.9485702515,80.2001495361,44316,44326,10
12.9485902786,80.2010726929,44326,44336,10
12.9486398697,80.2022781372,44336,44347,11
12.9486703873,80.2035827637,44347,44357,10
12.9486904144,80.2046737671,44357,44367,10
12.9487304688,80.2058792114,44367,44377,10
12.9486598969,80.2071990967,44377,44387,10
12.948559761,80.2083969116,44387,44397,10
12.9484996796,80.2092666626,44397,44407,10
12.94851017,80.2093200684,44407,44417,10
12.9485502243,80.2094192505,44417,44427,10
12.9484996796,80.2099075317,44427,44437,10
12.9484100342,80.2105712891,44437,44447,10
12.9484195709,80.2115402222,44447,44458,11
12.9484796524,80.2129516602,44458,44468,10
12.9486198425,80.2143630981,44468,44478,10
12.9487695694,80.2158584595,44478,44488,10
12.9489297867,80.2174224854,44488,44498,10
12.949090004,80.21900177,44498,44508,10
12.9492397308,80.2204971313,44508,44518,10
12.949379921,80.2220306396,44518,44527,9
12.9494600296,80.2234420776,44527,44538,11
12.9495401382,80.2250976563,44538,44548,10
12.9496297836,80.2270202637,44548,44559,11
12.9497203827,80.2289505005,44559,44569,10
12.9498500824,80.2306671143,44569,44579,10
12.9499597549,80.232170105,44579,44589,10
12.9500303268,80.2329788208,44589,44599,10
12.9500303268,80.2330093384,44599,44609,10
12.9500398636,80.2334518433,44609,44619,10
12.9500303268,80.2342605591,44619,44629,10
12.949930191,80.235206604,44629,44639,10
12.9498500824,80.2358474731,44639,44670,31
12.9498500824,80.2358474731,44670,44680,10
12.9498596191,80.2359924316,44680,44690,10
12.9497699738,80.2365036011,44690,44700,10
12.9496202469,80.2373809814,44700,44710,10
12.9495697021,80.2377471924,44710,44720,10
12.9495601654,80.2378616333,44720,44730,10
12.9495000839,80.2382965088,44730,44740,10
12.9493703842,80.239112854,44740,44750,10
12.9491596222,80.2401199341,44750,44760,10
12.949090004,80.2404098511,44760,44771,11
12.949090004,80.240562439,44771,44781,10
12.9495296478,80.2409515381,44781,44791,10
12.9504203796,80.2412033081,44791,44801,10
12.9511003494,80.2413787842,44801,44811,10
12.9511098862,80.2413864136,44811,44821,10
12.9512796402,80.2414703369,44821,44831,10
12.9518995285,80.2416992188,44831,44841,10
12.9528398514,80.2420501709,44841,44851,10
12.9538497925,80.2424468994,44851,44861,10
12.9547996521,80.2428207397,44861,44872,11
12.9556798935,80.2431182861,44872,44882,10
12.956319809,80.243309021,44882,44892,10
12.9563398361,80.2433166504,44892,44902,10
12.9564800262,80.2433624268,44902,44912,10
12.9570398331,80.243637085,44912,44922,10
12.9579000473,80.2440414429,44922,44932,10
12.9589004517,80.2444763184,44932,44952,20
12.9589004517,80.2444763184,44952,44962,10
12.9590797424,80.2445831299,44962,44975,13
12.9597597122,80.2449111938,44975,44986,11
12.9608001709,80.2453918457,44986,44996,10
12.961979866,80.2459564209,44996,45006,10
12.9629898071,80.2464370728,45006,45016,10
12.9633398056,80.2465896606,45016,45067,51
12.9633398056,80.2465896606,45067,45077,10
12.9635896683,80.2467422485,45077,45088,11
12.9641103745,80.2469482422,45088,45098,10
12.9649896622,80.247253418,45098,45108,10
12.9666004181,80.247833252,45108,45128,20
12.9666004181,80.247833252,45128,45138,10
12.9669103622,80.2479782104,45138,45148,10
12.9674396515,80.2482681274,45148,45158,10
12.9684295654,80.2486419678,45158,45168,10
12.9697303772,80.2491607666,45168,45178,10
12.9709396362,80.2496109009,45178,45189,11
12.972319603,80.2500076294,45189,45199,10
12.9736003876,80.2503585815,45199,45209,10
12.9749603271,80.2507476807,45209,45219,10
12.9763002396,80.2511062622,45219,45229,10
12.977640152,80.2516784668,45229,45239,10
12.9785604477,80.2523498535,45239,45249,10
12.9786500931,80.2524108887,45249,45259,10
12.978890419,80.252532959,45259,45269,10
12.9794797897,80.2526168823,45269,45289,20
12.9794797897,80.2526168823,45289,45300,11
12.9795999527,80.2526168823,45300,45310,10
12.9799404144,80.2526397705,45310,45320,10
12.9805202484,80.2526397705,45320,45330,10
12.9812498093,80.2526168823,45330,45340,10
12.9822101593,80.2526016235,45340,45350,10
12.983300209,80.2525024414,45350,45360,10
12.9839897156,80.2523422241,45360,45370,10
12.9844503403,80.2522125244,45370,45380,10
12.9847402573,80.2521362305,45380,45390,10
12.9852104187,80.2520217896,45390,45401,11
12.9857797623,80.2518463135,45401,45411,10
12.9861602783,80.251739502,45411,45421,10
12.9865598679,80.251663208,45421,45431,10
12.987159729,80.2515029907,45431,45552,121
12.987159729,80.2515029907,45552,45562,10
12.9875602722,80.2513809204,45562,45572,10
12.987859726,80.2514038086,45572,45582,10
12.9879398346,80.2516479492,45582,45592,10
12.9879903793,80.2520294189,45592,45602,10
12.9879798889,80.2527084351,45602,45613,11
12.9878997803,80.253578186,45613,45623,10
12.9877996445,80.2546386719,45623,45633,10
12.9877195358,80.2552871704,45633,45703,70
12.9876203537,80.2554397583,45703,45784,81
12.9876203537,80.2554397583,45784,45794,10
12.9876899719,80.2556762695,45794,45804,10
12.9876203537,80.2560806274,45804,45814,10
12.9875402451,80.2566833496,45814,45825,11
12.9874296188,80.2574081421,45825,45835,10
12.9873695374,80.2582168579,45835,45845,10
12.9873304367,80.2589492798,45845,45855,10
12.987279892,80.2593917847,45855,45875,20
12.987279892,80.2593917847,45875,45885,10
12.987279892,80.2596511841,45885,45895,10
12.9871397018,80.2597198486,45895,45905,10
12.9870195389,80.2596588135,45905,45915,10
12.9869499207,80.2593765259,45915,46027,112
12.9869403839,80.2590637207,46027,47299,1272
12.9869003296,80.2591171265,47299,47592,293
12.9868297577,80.2590637207,47592,48137,545
12.9871997833,80.2591094971,48137,48167,30
12.9871997833,80.2591094971,48167,48177,10
12.9873800278,80.2590637207,48177,48187,10
12.9873895645,80.2587203979,48187,48197,10
12.9874000549,80.2582778931,48197,48208,11
12.9874000549,80.2580337524,48208,48218,10
12.9874296188,80.2575836182,48218,48228,10
12.9874696732,80.2569122314,48228,48238,10
12.9875297546,80.255859375,48238,48278,40
12.9875297546,80.255859375,48278,48288,10
12.9875602722,80.2557220459,48288,48298,10
12.9876804352,80.2553710938,48298,48309,11
12.9877195358,80.2549514771,48309,48319,10
12.9877099991,80.2546920776,48319,48329,10
12.9877796173,80.2539978027,48329,48339,10
12.987859726,80.2530670166,48339,48349,10
12.9878997803,80.2521209717,48349,48359,10
12.9877700806,80.2516784668,48359,48369,10
12.9876499176,80.2515869141,48369,48379,10
12.9873304367,80.2515869141,48379,48389,10
12.9870195389,80.2516021729,48389,48399,10
12.9865598679,80.251739502,48399,48409,10
12.9860095978,80.2518615723,48409,48420,11
12.9850301743,80.2521514893,48420,48430,10
12.9840202332,80.2524185181,48430,48440,10
12.9829301834,80.2526473999,48440,48450,10
12.9818601608,80.2527008057,48450,48460,10
12.9808998108,80.2527313232,48460,48470,10
12.9800796509,80.2528076172,48470,48510,40
12.9800796509,80.2528076172,48510,48521,11
12.9798402786,80.2527313232,48521,48531,10
12.9794998169,80.2526779175,48531,48541,10
12.9789104462,80.2526321411,48541,48551,10
12.9785203934,80.2525405884,48551,48562,11
12.9782800674,80.2523803711,48562,48572,10
12.9776496887,80.2518386841,48572,48582,10
12.9769802094,80.2513885498,48582,48592,10
12.9756498337,80.2509613037,48592,48602,10
12.9744300842,80.2506103516,48602,48612,10
12.9731903076,80.2502670288,48612,48622,10
12.9719896317,80.2499694824,48622,48633,11
12.9708795547,80.2496795654,48633,48643,10
12.9697599411,80.2492675781,48643,48653,10
12.968580246,80.2488098145,48653,48663,10
12.9675197601,80.2483901978,48663,48673,10
12.9667196274,80.2480010986,48673,48683,10
12.9658498764,80.2476196289,48683,48693,10
12.9651203156,80.2473983765,48693,48703,10
12.9650297165,80.2473678589,48703,48713,10
12.9648895264,80.2473068237,48713,48723,10
12.9644403458,80.2471313477,48723,48734,11
12.9638795853,80.2469177246,48734,48754,20
12.9638795853,80.2469177246,48754,48764,10
12.9637403488,80.2468566895,48764,48774,10
12.9633703232,80.2466964722,48774,48784,10
12.9626703262,80.2463226318,48784,48794,10
12.9617700577,80.24584198,48794,48804,10
12.9608297348,80.2453918457,48804,48814,10
12.9598798752,80.2449874878,48814,48824,10
12.9593801498,80.2447891235,48824,48835,11
12.9591197968,80.2446517944,48835,48845,10
12.9584798813,80.2443618774,48845,48855,10
12.957859993,80.2441101074,48855,48865,10
12.9572200775,80.2438964844,48865,48875,10
12.9564399719,80.243560791,48875,48895,20
12.9564399719,80.243560791,48895,48905,10
12.9562997818,80.2435531616,48905,48915,10
12.9557695389,80.2433013916,48915,48925,10
12.9549398422,80.2429428101,48925,48935,10
12.954000473,80.2425537109,48935,48946,11
12.9529600143,80.2421188354,48946,48956,10
12.9520797729,80.2418212891,48956,48966,10
12.9516897202,80.2416763306,48966,48976,10
12.9515800476,80.2416305542,48976,48986,10
12.951089859,80.2414398193,48986,48996,10
12.9503002167,80.2411575317,48996,49006,10
12.9491701126,80.2408065796,49006,49057,51
12.9491701126,80.2408065796,49057,49067,10
12.9489297867,80.2406616211,49067,49077,10
12.9490203857,80.2400436401,49077,49087,10
12.9491596222,80.2393417358,49087,49097,10
12.9491796494,80.2392883301,49097,49107,10
12.9492101669,80.2392501831,49107,49117,10
12.9493503571,80.2388000488,49117,49127,10
12.9494800568,80.238067627,49127,49137,10
12.9496202469,80.237197876,49137,49147,10
12.9497299194,80.2364120483,49147,49158,11
12.9497995377,80.2359390259,49158,49168,10
12.9498195648,80.2356796265,49168,49178,10
12.9499197006,80.2350006104,49178,49188,10
12.9499797821,80.23412323,49188,49198,10
12.9499597549,80.2338180542,49198,49208,10
12.9499502182,80.2336883545,49208,49218,10
12.9499397278,80.2333984375,49218,49228,10
12.9499397278,80.232673645,49228,49238,10
12.9498901367,80.2316589355,49238,49248,10
12.9498195648,80.2306594849,49248,49259,11
12.9497804642,80.229637146,49259,49269,10
12.9497003555,80.2281494141,49269,49279,10
12.9496202469,80.2267074585,49279,49289,10
12.9495401382,80.2251586914,49289,49299,10
12.9494800568,80.2237472534,49299,49309,10
12.9494104385,80.2220993042,49309,49319,10
12.9492998123,80.2208862305,49319,49329,10
12.9491195679,80.2190170288,49329,49339,10
12.9489498138,80.2174530029,49339,49349,10
12.9487600327,80.2158737183,49349,49360,11
12.9486103058,80.2141113281,49360,49370,10
12.9484796524,80.2124786377,49370,49380,10
12.9484300613,80.2110671997,49380,49390,10
12.948390007,80.2101974487,49390,49400,10
12.9484195709,80.2097320557,49400,49410,10
12.9484596252,80.209022522,49410,49420,10
12.9484996796,80.208656311,49420,49430,10
12.9485197067,80.2086334229,49430,49440,10
12.9485502243,80.2081985474,49440,49450,10
12.9486198425,80.2073822021,49450,49460,10
12.9486904144,80.2063674927,49460,49471,11
12.9486999512,80.2050476074,49471,49481,10
12.9486598969,80.2037200928,49481,49491,10
12.9486103058,80.2023010254,49491,49501,10
12.948559761,80.200843811,49501,49511,10
12.94851017,80.1998901367,49511,49521,10
12.9484796524,80.198890686,49521,49531,10
12.9484596252,80.1984634399,49531,49541,10
12.9484596252,80.1982879639,49541,49551,10
12.9484500885,80.1977310181,49551,49561,10
12.9484796524,80.1968917847,49561,49572,11
12.9484996796,80.1958312988,49572,49582,10
12.9484996796,80.1948699951,49582,49592,10
12.9485197067,80.1937179565,49592,49602,10
12.9485797882,80.1924209595,49602,49612,10
12.9486398697,80.1910400391,49612,49622,10
12.9487304688,80.1897964478,49622,49632,10
12.9488201141,80.1889038086,49632,49642,10
12.9488897324,80.1878509521,49642,49652,10
12.9489803314,80.1866989136,49652,49661,9
12.9490203857,80.1855926514,49661,49672,11
12.9491100311,80.1845932007,49672,49683,11
12.9491701126,80.1838989258,49683,49693,10
12.9491796494,80.1838607788,49693,49703,10
12.9492502213,80.1835632324,49703,49713,10
12.949379921,80.1828765869,49713,49723,10
12.9495201111,80.1819992065,49723,49733,10
12.9496498108,80.1813201904,49733,49743,10
12.9497404099,80.1808319092,49743,49753,10
12.9498901367,80.1800003052,49753,49763,10
12.9501304626,80.1789474487,49763,49773,10
12.9504203796,80.1777801514,49773,49784,11
12.9507198334,80.1765518188,49784,49794,10
12.9510297775,80.1752700806,49794,49804,10
12.9513196945,80.1739120483,49804,49814,10
12.9516096115,80.172492981,49814,49824,10
12.9518499374,80.1711196899,49824,49834,10
12.9520597458,80.169921875,49834,49844,10
12.9522895813,80.1685714722,49844,49854,10
12.9526596069,80.1671218872,49854,49864,10
12.953040123,80.1655883789,49864,49874,10
12.9533596039,80.1640777588,49874,49884,10
12.9537000656,80.1624984741,49884,49895,11
12.9540300369,80.1609191895,49895,49905,10
12.9542503357,80.1597290039,49905,49915,10
12.9544200897,80.1588287354,49915,49925,10
12.9544801712,80.1584091187,49925,49935,10
12.9545202255,80.1582717896,49935,49945,10
12.9546499252,80.1577224731,49945,49955,10
12.9548301697,80.1569137573,49955,49965,10
12.9550504684,80.1558609009,49965,49975,10
12.9553098679,80.1546401978,49975,49985,10
12.9556503296,80.1532974243,49985,49996,11
12.9564199448,80.1519393921,49996,50006,10
12.9574699402,80.1510620117,50006,50016,10
12.9582996368,80.150390625,50016,50026,10
12.9588298798,80.1499633789,50026,50036,10
12.9593400955,80.1495437622,50036,50046,10
12.9596099854,80.1488571167,50046,50056,10
12.9597902298,80.1480102539,50056,50066,10
12.9599599838,80.1472015381,50066,50076,10
12.9601202011,80.1464691162,50076,50086,10
12.9602804184,80.1456375122,50086,50096,10
12.9602603912,80.1454315186,50096,50107,11
12.9603796005,80.1451416016,50107,50117,10
12.9604997635,80.1451873779,50117,50127,10
12.9605998993,80.1452484131,50127,50137,10
12.9610099792,80.1455078125,50137,50147,10
12.9617595673,80.1459274292,50147,50157,10
12.9626398087,80.1464004517,50157,50167,10
12.9635601044,80.1469421387,50167,50177,10
12.9644498825,80.1475296021,50177,50187,10
12.9654598236,80.148109436,50187,50197,10
12.9664402008,80.1486206055,50197,50208,11
12.9674196243,80.1491088867,50208,50218,10
12.9682703018,80.1494979858,50218,50238,20
12.9682703018,80.1494979858,50238,50248,10
12.9683103561,80.149520874,50248,50258,10
12.9686803818,80.1497192383,50258,50268,10
12.9694499969,80.1500778198,50268,50278,10
12.9702997208,80.1504898071,50278,50288,10
12.9709997177,80.1508407593,50288,50298,10
12.9715204239,80.1510467529,50298,50309,11
12.9719696045,80.1512374878,50309,50319,10
12.9720401764,80.1513595581,50319,50329,10
12.9717903137,80.1513519287,50329,50339,10
12.9712200165,80.1510314941,50339,50349,10
12.9704198837,80.1506500244,50349,50359,10
12.9693002701,80.1501617432,50359,50399,40
12.9693002701,80.1501617432,50399,50409,10
12.9690198898,80.1498794556,50409,50420,11
12.9685297012,80.1496734619,50420,50430,10
12.9682197571,80.1495437622,50430,50440,10
12.9675397873,80.1492462158,50440,50450,10
12.9667396545,80.1488494873,50450,50460,10
12.965959549,80.1484603882,50460,50470,10
12.9652700424,80.148109436,50470,50480,10
12.9644498825,80.1476593018,50480,50490,10
12.9637403488,80.1472930908,50490,50500,10
12.9630298615,80.1470184326,50500,50510,10
12.9623003006,80.1465988159,50510,50521,11
12.9614496231,80.1461486816,50521,50531,10
12.9607000351,80.1457519531,50531,50541,10
12.9602499008,80.1457519531,50541,50551,10
12.960100174,80.1464614868,50551,50561,10
12.9599103928,80.1473617554,50561,50571,10
12.9597101212,80.1483917236,50571,50581,10
12.95952034,80.1492385864,50581,50591,10
12.9588003159,80.1502075195,50591,50601,10
12.9585599899,80.1504135132,50601,50611,10
12.9585199356,80.1504516602,50611,50621,10
12.9580898285,80.1508026123,50621,50632,11
12.957449913,80.1513137817,50632,50642,10
12.9566602707,80.1519393921,50642,50652,10
12.9559001923,80.1528167725,50652,50662,10
12.955499649,80.1540222168,50662,50672,10
12.9552202225,80.1552505493,50672,50682,10
12.9549798965,80.1564407349,50682,50693,11
12.9547595978,80.1574935913,50693,50704,11
12.9545602798,80.1585693359,50704,50713,9
12.9545202255,80.1588821411,50713,50724,11
12.9544296265,80.1592483521,50724,50735,11
12.954369545,80.159538269,50735,50745,10
12.9542798996,80.1599807739,50745,50755,10
12.9540901184,80.1607894897,50755,50765,10
12.9538803101,80.1618118286,50765,50776,11
12.953619957,80.1630401611,50776,50785,9
12.9533395767,80.1643829346,50785,50796,11
12.9530000687,80.1659011841,50796,50806,10
12.9526596069,80.1672973633,50806,50816,10
12.9523000717,80.1687316895,50816,50826,10
12.9521102905,80.1698684692,50826,50837,11
12.95195961,80.1707611084,50837,50847,10
12.9517602921,80.1718215942,50847,50857,10
12.9515399933,80.1730499268,50857,50867,10
12.9513397217,80.1741867065,50867,50877,10
12.951210022,80.1748428345,50877,50887,10
12.9511995316,80.1749191284,50887,50897,10
12.9511804581,80.1750564575,50897,50907,10
12.9510698318,80.1755371094,50907,50917,10
12.9509000778,80.1763305664,50917,50927,10
12.9506502151,80.1773300171,50927,50937,10
12.9503297806,80.1784667969,50937,50948,11
12.9499902725,80.1798400879,50948,50958,10
12.9497699738,80.181098938,50958,50968,10
12.949640274,80.1818466187,50968,50978,10
12.9494895935,80.1826705933,50978,50988,10
12.9492998123,80.183883667,50988,51008,20
12.9492998123,80.183883667,51008,51018,10
12.9492797852,80.1840591431,51018,51028,10
12.9492502213,80.1842575073,51028,51038,10
12.9492301941,80.1844863892,51038,51049,11
12.9492301941,80.1849136353,51049,51059,10
12.9492197037,80.1850967407,51059,51069,10
12.9491796494,80.1855010986,51069,51079,10
12.9491300583,80.1861572266,51079,51089,10
12.9490604401,80.1870193481,51089,51099,10
12.9489803314,80.1878890991,51099,51109,10
12.9488801956,80.1887969971,51109,51119,10
12.9488401413,80.1893768311,51119,51129,10
12.9488296509,80.189491272,51129,51139,10
12.9487800598,80.1899871826,51139,51150,11
12.9486999512,80.1908798218,51150,51160,10
12.9486303329,80.1919174194,51160,51170,10
12.9486103058,80.1931228638,51170,51180,10
12.948559761,80.1943664551,51180,51190,10
12.9485902786,80.1954269409,51190,51200,10
12.9485902786,80.1956176758,51200,51210,10
12.9485797882,80.1958312988,51210,51220,10
12.948559761,80.1964416504,51220,51230,10
12.9485397339,80.1973419189,51230,51240,10
12.9485397339,80.198387146,51240,51250,10
12.948559761,80.1992492676,51250,51261,11
12.9485998154,80.2003173828,51261,51271,10
12.9486303329,80.201461792,51271,51281,10
12.9486904144,80.2025299072,51281,51291,10
12.9487104416,80.2031402588,51291,51301,10
12.9487199783,80.2033233643,51301,51311,10
12.9487304688,80.203918457,51311,51321,10
12.9487600327,80.2048416138,51321,51331,10
12.9487695694,80.2059402466,51331,51341,10
12.9487199783,80.2071228027,51341,51351,10
12.9486198425,80.2082901001,51351,51362,11
12.9485902786,80.2092437744,51362,51382,20
12.9485902786,80.2092437744,51382,51392,10
12.948559761,80.209602356,51392,51402,10
12.9485702515,80.2098236084,51402,51412,10
12.9485502243,80.2101974487,51412,51422,10
12.9484901428,80.2107467651,51422,51432,10
12.9484701157,80.2115707397,51432,51442,10
12.9484996796,80.212562561,51442,51452,10
12.9485902786,80.2136917114,51452,51462,10
12.9486999512,80.2148666382,51462,51473,11
12.948849678,80.2162780762,51473,51483,10
12.9489803314,80.217628479,51483,51493,10
12.9491195679,80.21900177,51493,51503,10
12.949259758,80.2203903198,51503,51513,10
12.9493904114,80.2218017578,51513,51523,10
12.9494600296,80.223197937,51523,51533,10
12.9495296478,80.224571228,51533,51543,10
12.9495801926,80.2257080078,51543,51553,10
12.949669838,80.2274398804,51553,51562,9
12.9497299194,80.2286911011,51562,51574,12
12.9498100281,80.2300796509,51574,51584,10
12.9499101639,80.231300354,51584,51594,10
12.9500598907,80.233039856,51594,51614,20
12.9500598907,80.233039856,51614,51624,10
12.9500703812,80.2331619263,51624,51634,10
12.9500999451,80.2336578369,51634,51644,10
12.9500904083,80.2343826294,51644,51654,10
12.9500198364,80.234992981,51654,51664,10
12.9499998093,80.2355194092,51664,51674,10
12.9499797821,80.2358474731,51674,51685,11
12.9499597549,80.2360076904,51685,51695,10
12.9498300552,80.2365264893,51695,51705,10
12.9496803284,80.2373275757,51705,51715,10
12.9495401382,80.2382736206,51715,51725,10
12.9493598938,80.2392272949,51725,51735,10
12.9491195679,80.2403717041,51735,51755,20
12.9491195679,80.2403717041,51755,51765,10
12.9490995407,80.2404327393,51765,51775,10
12.9492397308,80.2407913208,51775,51786,11
12.9499197006,80.2410430908,51786,51796,10
12.9506502151,80.2412796021,51796,51806,10
12.9510402679,80.2413864136,51806,51816,10
12.9511404037,80.2414016724,51816,51826,10
12.9515600204,80.2415466309,51826,51836,10
12.9521903992,80.2417831421,51836,51846,10
12.9530601501,80.2420730591,51846,51856,10
12.9538803101,80.242401123,51856,51865,9
12.9546203613,80.2426986694,51865,51876,11
12.9552698135,80.2429428101,51876,51887,11
12.9562797546,80.2432632446,51887,51897,10
12.956580162,80.2434387207,51897,51907,10
12.9570398331,80.2436599731,51907,51917,10
12.9577903748,80.2440032959,51917,51927,10
12.9589300156,80.2444534302,51927,51947,20
12.9589300156,80.2444534302,51947,51957,10
12.9592599869,80.2446212769,51957,51967,10
12.9598999023,80.2449188232,51967,51977,10
12.9607601166,80.245300293,51977,51987,10
12.9617300034,80.2457504272,51987,51998,11
12.9629402161,80.2463531494,51998,52028,30
12.9629402161,80.2463531494,52028,52038,10
12.9629802704,80.246383667,52038,52048,10
12.9632797241,80.2465820313,52048,52058,10
12.963760376,80.2467880249,52058,52068,10
12.9642295837,80.246963501,52068,52078,10
12.9647798538,80.2471466064,52078,52088,10
12.9655504227,80.2473907471,52088,52099,11
12.9663801193,80.247718811,52099,52109,10
12.9666996002,80.247833252,52109,52129,20
12.9666996002,80.247833252,52129,52139,10
12.9669399261,80.2479629517,52139,52149,10
12.9673404694,80.2481994629,52149,52159,10
12.968079567,80.2484970093,52159,52169,10
12.9689903259,80.2488098145,52169,52179,10
12.9700202942,80.2491607666,52179,52189,10
12.9710302353,80.2495498657,52189,52199,10
12.9720697403,80.2498474121,52199,52210,11
12.973279953,80.2501907349,52210,52220,10
12.9743700027,80.2504882813,52220,52230,10
12.9754695892,80.250831604,52230,52240,10
12.9764299393,80.2511062622,52240,52250,10
12.9774103165,80.2514724731,52250,52260,10
12.9781198502,80.2520370483,52260,52270,10
12.9785003662,80.2522964478,52270,52280,10
12.9785499573,80.2523422241,52280,52290,10
12.978890419,80.2524871826,52290,52300,10
12.9790401459,80.2525100708,52300,52311,11
12.9793796539,80.2525634766,52311,52321,10
12.9799404144,80.2526168823,52321,52331,10
12.9806604385,80.2526321411,52331,52341,10
12.9814996719,80.2526016235,52341,52351,10
12.9824304581,80.252571106,52351,52361,10
12.9833803177,80.2524795532,52361,52371,10
12.9843196869,80.252243042,52371,52381,10
12.9852695465,80.251991272,52381,52391,10
12.986000061,80.2517776489,52391,52401,10
12.9866600037,80.2516174316,52401,52411,10
12.9872198105,80.251449585,52411,52533,122
12.9872198105,80.251449585,52533,52543,10
12.9873199463,80.2514190674,52543,52553,10
12.9875402451,80.251373291,52553,52563,10
12.9878902435,80.251411438,52563,52573,10
12.9880199432,80.2518615723,52573,52583,10
12.9880104065,80.2527389526,52583,52593,10
12.9878997803,80.2538528442,52593,52603,10
12.9877996445,80.2549209595,52603,52613,10
12.9877901077,80.2554168701,52613,52624,11
12.9877099991,80.2559585571,52624,52634,10
12.987660408,80.2562713623,52634,52644,10
12.9876098633,80.2566604614,52644,52654,10
12.9875602722,80.2572631836,52654,52664,10
12.9875001907,80.2580871582,52664,52674,10
12.9874401093,80.2585601807,52674,52684,10
12.9873800278,80.2588272095,52684,52694,10
12.9873504639,80.2589492798,52694,52704,10
12.9872903824,80.2591400146,52704,52714,10
12.9872503281,80.2593994141,52714,52735,21
12.9872503281,80.2593994141,52735,52745,10
12.9870901108,80.2596282959,52745,52785,40
12.9870901108,80.2596282959,52785,52795,10
12.9866600037,80.2595367432,52795,52805,10
12.9866304398,80.2593536377,52805,52977,172
12.9866304398,80.2590408325,52977,54654,1677
12.9869804382,80.2590408325,54654,54715,61
12.9869804382,80.2590408325,54715,54725,10
12.9872703552,80.2589263916,54725,54735,10
12.9872903824,80.2585906982,54735,54745,10
12.9873199463,80.2582168579,54745,54755,10
12.9874000549,80.2576217651,54755,54765,10
12.9875001907,80.2570571899,54765,54775,10
12.9876203537,80.2564163208,54775,54826,51
12.9876203537,80.2564163208,54826,54836,10
12.9876804352,80.2560882568,54836,54846,10
12.9877195358,80.2557220459,54846,54856,10
12.9877595901,80.2551422119,54856,54866,10
12.9877700806,80.2550735474,54866,54876,10
12.9877195358,80.2549209595,54876,54886,10
12.9877700806,80.2544174194,54886,54896,10
12.987830162,80.2535934448,54896,54906,10
12.9879102707,80.2526473999,54906,54917,11
12.9878196716,80.2517700195,54917,54937,20
12.9878196716,80.2517700195,54937,54947,10
12.9876098633,80.2515792847,54947,54957,10
12.9870004654,80.2516174316,54957,54967,10
12.9862203598,80.2518005371,54967,54977,10
12.9852800369,80.2520294189,54977,54987,10
12.9842195511,80.2523422241,54987,54997,10
12.9830799103,80.2526092529,54997,55007,10
12.9818401337,80.2526779175,55007,55018,11
12.9805803299,80.2527313232,55018,55028,10
12.9795598984,80.2527236938,55028,55038,10
12.9787397385,80.2526397705,55038,55048,10
12.9786396027,80.2526016235,55048,55058,10
12.978269577,80.2523574829,55058,55068,10
12.9776697159,80.2518463135,55068,55078,10
12.9767999649,80.2513275146,55078,55088,10
12.9756803513,80.2509765625,55088,55098,10
12.9744501114,80.250617981,55098,55108,10
12.9731702805,80.2502822876,55108,55118,10
12.9719600677,80.2499389648,55118,55129,11
12.9706201553,80.2496185303,55129,55139,10
12.9693603516,80.249130249,55139,55149,10
12.9680500031,80.2486419678,55149,55159,10
12.9668598175,80.2481079102,55159,55169,10
12.9659900665,80.2476882935,55169,55179,10
12.9652395248,80.2474212646,55179,55189,10
12.9650201797,80.2473373413,55189,55199,10
12.9649896622,80.2473220825,55199,55209,10
12.964679718,80.2471923828,55209,55219,10
12.964220047,80.2470169067,55219,55230,11
12.9638500214,80.246887207,55230,55240,10
12.9635000229,80.2467193604,55240,55250,10
12.9628896713,80.2464065552,55250,55260,10
12.9621200562,80.2460174561,55260,55270,10
12.9611902237,80.2455596924,55270,55280,10
12.9602203369,80.2451324463,55280,55290,10
12.95952034,80.2448501587,55290,55300,10
12.9594097137,80.2447967529,55300,55310,10
12.9590902328,80.2446212769,55310,55320,10
12.9584999084,80.2443389893,55320,55331,11
12.9577903748,80.2440490723,55331,55341,10
12.9570503235,80.2438278198,55341,55351,10
12.9564304352,80.2436599731,55351,55361,10
12.9562902451,80.2436294556,55361,55371,10
12.9558496475,80.2433929443,55371,55381,10
12.9551296234,80.243019104,55381,55391,10
12.9542398453,80.2426300049,55391,55401,10
12.95333004,80.2422485352,55401,55411,10
12.9523696899,80.2418670654,55411,55421,10
12.9518699646,80.2416992188,55421,55430,9
12.9518604279,80.2416992188,55430,55442,12
12.9515199661,80.2415618896,55442,55452,10
12.9508304596,80.2413024902,55452,55462,10
12.9498996735,80.2410125732,55462,55472,10
12.9493103027,80.2407989502,55472,55482,10
12.9490404129,80.2407073975,55482,55492,10
12.9488401413,80.2403182983,55492,55502,10
12.9490098953,80.2396011353,55502,55512,10
12.9491100311,80.2392425537,55512,55522,10
12.9491596222,80.239151001,55522,55532,10
12.9493103027,80.2386703491,55532,55543,11
12.9494800568,80.2377624512,55543,55553,10
12.9496002197,80.2367782593,55553,55563,10
12.9496297836,80.2360076904,55563,55573,10
12.949669838,80.2358474731,55573,55583,10
12.949760437,80.2354278564,55583,55593,10
12.9498901367,80.2347106934,55593,55603,10
12.9499502182,80.2339401245,55603,55613,10
12.9499597549,80.2338409424,55613,55623,10
12.9499998093,80.2336578369,55623,55633,10
12.9499597549,80.233001709,55633,55643,10
12.9498996735,80.2320480347,55643,55654,11
12.9497995377,80.2308120728,55654,55664,10
12.9497203827,80.2295379639,55664,55674,10
12.949640274,80.2281570435,55674,55684,10
12.9495697021,80.2266998291,55684,55694,10
12.9494895935,80.2251586914,55694,55704,10
12.9494104385,80.2235565186,55704,55714,10
12.9493198395,80.2219161987,55714,55724,10
12.9491701126,80.2202606201,55724,55734,10
12.9489898682,80.2185668945,55734,55744,10
12.9488296509,80.2168502808,55744,55755,11
12.9486398697,80.2149429321,55755,55765,10
12.9484796524,80.213218689,55765,55775,10
12.9483804703,80.2116165161,55775,55785,10
12.9483499527,80.2103424072,55785,55796,11
12.9484300613,80.2095489502,55796,55807,11
12.9484701157,80.208732605,55807,55817,10
12.9484796524,80.2087020874,55817,55827,10
12.9484901428,80.2085189819,55827,55837,10
12.9485197067,80.2079391479,55837,55847,10
12.9486198425,80.2070999146,55847,55858,11
12.9486703873,80.2060089111,55858,55868,10
12.9486703873,80.204826355,55868,55878,10
12.9486198425,80.2035903931,55878,55888,10
12.948559761,80.2029037476,55888,55898,10
12.948559761,80.2028427124,55898,55908,10
12.948559761,80.202331543,55908,55918,10
12.9485397339,80.2015609741,55918,55928,10
12.94851017,80.2005691528,55928,55938,10
12.9484901428,80.1995162964,55938,55948,10
12.9484300613,80.1988220215,55948,55958,10
12.9484395981,80.1987380981,55958,55969,11
12.9484300613,80.1982727051,55969,55979,10
12.9484395981,80.1975479126,55979,55989,10
12.9484901428,80.1966705322,55989,55999,10
12.9484701157,80.1955413818,55999,56019,20
12.9484701157,80.1955413818,56019,56029,10
12.9484901428,80.1951980591,56029,56039,10
12.9484901428,80.1945571899,56039,56049,10
12.9484996796,80.1937637329,56049,56059,10
12.9485397339,80.1928024292,56059,56070,11
12.9485797882,80.1917190552,56070,56080,10
12.9486503601,80.1908035278,56080,56090,10
12.9486999512,80.1898727417,56090,56100,10
12.9487895966,80.1888809204,56100,56110,10
12.9488697052,80.1878662109,56110,56120,10
12.948969841,80.1868515015,56120,56130,10
12.9490098953,80.1859817505,56130,56140,10
12.9489803314,80.1854476929,56140,56211,71
12.9489803314,80.1854476929,56211,56221,10
12.9489898682,80.1854324341,56221,56231,10
12.9490203857,80.1851272583,56231,56241,10
12.9490804672,80.1846466064,56241,56251,10
12.949139595,80.1840515137,56251,56261,10
12.9491596222,80.1838607788,56261,56271,10
12.9492101669,80.1835479736,56271,56282,11
12.9493398666,80.1828613281,56282,56292,10
12.9494695663,80.1820907593,56292,56302,10
12.949549675,80.181640625,56302,56312,10
12.9496097565,80.1813812256,56312,56322,10
12.9496498108,80.1810379028,56322,56332,10
12.9497699738,80.1804199219,56332,56342,10
12.949930191,80.1795883179,56342,56352,10
12.9501800537,80.1785888672,56352,56362,10
12.950460434,80.177482605,56362,56372,10
12.9507703781,80.1762695313,56372,56383,11
12.9510698318,80.1749420166,56383,56393,10
12.9511899948,80.1742172241,56393,56403,10
12.951259613,80.1739273071,56403,56413,10
12.9513902664,80.1733093262,56413,56423,10
12.9515695572,80.1724472046,56423,56433,10
12.9517202377,80.1715164185,56433,56443,10
12.9517698288,80.1712188721,56443,56453,10
12.9518699646,80.1707000732,56453,56463,10
12.9520196915,80.1698684692,56463,56473,10
12.952170372,80.1689834595,56473,56483,10
12.9524698257,80.1677627563,56483,56494,11
12.9528198242,80.1664199829,56494,56504,10
12.9531202316,80.1650924683,56504,56514,10
12.9534301758,80.1636962891,56514,56524,10
12.9537000656,80.162399292,56524,56534,10
12.9539804459,80.1610412598,56534,56544,10
12.9542102814,80.1598815918,56544,56554,10
12.954369545,80.1590118408,56554,56584,30
12.954369545,80.1590118408,56584,56595,11
12.9544401169,80.1586074829,56595,56605,10
12.9544696808,80.158493042,56605,56615,10
12.9545001984,80.1583404541,56615,56625,10
12.9546203613,80.1578979492,56625,56635,10
12.9547901154,80.1571426392,56635,56645,10
12.954990387,80.1561965942,56645,56655,10
12.9552202225,80.1551132202,56655,56665,10
12.9554300308,80.1541366577,56665,56675,10
12.9559202194,80.1526412964,56675,56685,10
12.9567699432,80.1516571045,56685,56695,10
12.9576597214,80.150932312,56695,56706,11
12.9584703445,80.1502609253,56706,56716,10
12.9587497711,80.1500015259,56716,56726,10
12.9589395523,80.1499023438,56726,56736,10
12.959280014,80.1496124268,56736,56746,10
12.959569931,80.1489486694,56746,56756,10
12.9597501755,80.1481628418,56756,56766,10
12.9599199295,80.1473007202,56766,56776,10
12.9601097107,80.1463775635,56776,56786,10
12.9602603912,80.1456375122,56786,56796,10
12.9601898193,80.1454086304,56796,56807,11
12.959569931,80.145072937,56807,56817,10
12.9588098526,80.1446685791,56817,56827,10
12.9580001831,80.1441574097,56827,56837,10
12.957110405,80.143661499,56837,56847,10
12.9560604095,80.143119812,56847,56857,10
12.9550895691,80.1425933838,56857,56867,10
12.9541902542,80.1421203613,56867,56877,10
12.9533996582,80.1416931152,56877,56887,10
12.9528903961,80.141418457,56887,56907,20
12.9528903961,80.141418457,56907,56918,11
12.9525499344,80.1411895752,56918,56928,10
12.9520797729,80.1408309937,56928,56938,10
12.9515600204,80.1404876709,56938,56948,10
12.951499939,80.1404418945,56948,56958,10
12.951259613,80.1402282715,56958,56968,10
12.950969696,80.1400222778,56968,56978,10
12.9507303238,80.1398620605,56978,56988,10
12.9505395889,80.1397171021,56988,56998,10
12.9502000809,80.1394195557,56998,57008,10
12.9496097565,80.1389312744,57008,57019,11
12.9488401413,80.1382598877,57019,57029,10
12.9480600357,80.1376876831,57029,57039,10
12.9472904205,80.1371383667,57039,57049,10
12.9464597702,80.1365203857,57049,57059,10
12.9454898834,80.1357727051,57059,57069,10
12.9445495605,80.1350479126,57069,57079,10
12.9437503815,80.1344299316,57079,57089,10
12.9431295395,80.1338424683,57089,57099,10
12.9425201416,80.1332702637,57099,57109,10
12.9418802261,80.13256073,57109,57120,11
12.941069603,80.1316986084,57120,57130,10
12.940290451,80.1308898926,57130,57140,10
12.9394702911,80.1300888062,57140,57150,10
12.9387397766,80.1294708252,57150,57160,10
12.9381799698,80.1290206909,57160,57170,10
12.9377803802,80.1287307739,57170,57180,10
12.9376497269,80.128616333,57180,57190,10
12.9373502731,80.1283416748,57190,57200,10
12.9371595383,80.1281509399,57200,57210,10
12.9370203018,80.1280136108,57210,57220,10
12.9369497299,80.1279373169,57220,57231,11
12.9366798401,80.1277084351,57231,57241,10
12.9364004135,80.1274795532,57241,57251,10
12.9362297058,80.1273422241,57251,57261,10
12.9358901978,80.1270370483,57261,57271,10
12.9354000092,80.1265792847,57271,57281,10
12.9348802567,80.1260910034,57281,57291,10
12.934510231,80.1257629395,57291,57301,10
12.9337701797,80.1250610352,57301,57311,10
12.9330396652,80.1243286133,57311,57321,10
12.9323396683,80.1236190796,57321,57332,11
12.93171978,80.1230621338,57332,57342,10
12.9312601089,80.1225585938,57342,57352,10
12.9307098389,80.1220016479,57352,57362,10
12.9301395416,80.121421814,57362,57372,10
12.9295101166,80.1207809448,57372,57382,10
12.9287900925,80.1200332642,57382,57392,10
12.9280595779,80.1193008423,57392,57402,10
12.9274396896,80.1186828613,57402,57412,10
12.9269800186,80.1182098389,57412,57422,10
12.92648983,80.1177825928,57422,57463,41
12.92648983,80.1177825928,57463,57473,10
12.9262800217,80.1175537109,57473,57483,10
12.9258203506,80.1172180176,57483,57493,10
12.9252996445,80.1167221069,57493,57503,10
12.9247999191,80.1161880493,57503,57513,10
12.9244298935,80.1158218384,57513,57523,10
12.9241695404,80.115562439,57523,57533,10
12.923910141,80.115272522,57533,57544,11
12.9240398407,80.1150131226,57544,57554,10
12.9243297577,80.1152114868,57554,57564,10
12.9247703552,80.1156768799,57564,57574,10
12.9252195358,80.1161499023,57574,57584,10
12.9257001877,80.1166305542,57584,57594,10
12.9260702133,80.1170806885,57594,57604,10
12.9262199402,80.1173400879,57604,57614,10
12.9265403748,80.1176605225,57614,57624,10
12.9268703461,80.1178817749,57624,57897,273
12.9268703461,80.1178817749,57897,57907,10
12.9271697998,80.1181716919,57907,57957,50
12.9271697998,80.1181716919,57957,57968,11
12.9273300171,80.1184616089,57968,57978,10
12.9277200699,80.1188735962,57978,57988,10
12.9282598495,80.119430542,57988,57998,10
12.9287996292,80.1199493408,57998,58048,50
12.9287996292,80.1199493408,58048,58058,10
12.9290599823,80.1202163696,58058,58149,91
12.9293298721,80.1205215454,58149,58422,273
12.9293298721,80.1205215454,58422,58432,10
12.929599762,80.1206893921,58432,58442,10
12.9299497604,80.1210174561,58442,58452,10
12.9303798676,80.1214599609,58452,58462,10
12.930850029,80.121963501,58462,58472,10
12.9313201904,80.1224365234,58472,58482,10
12.9317502975,80.1228790283,58482,58493,11
12.9323797226,80.1234970093,58493,58503,10
12.9330501556,80.1241989136,58503,58513,10
12.9336700439,80.1248168945,58513,58523,10
12.9342002869,80.1253433228,58523,58533,10
12.9346599579,80.1257781982,58533,58543,10
12.9351396561,80.1262283325,58543,58553,10
12.9356498718,80.1266403198,58553,58563,10
12.9362096786,80.1271362305,58563,58573,10
12.9366197586,80.1274490356,58573,58583,10
12.9368801117,80.127166748,58583,58593,10
12.9372596741,80.1268692017,58593,58604,11
12.9377202988,80.1272735596,58604,58614,10
12.9377002716,80.1274185181,58614,58624,10
12.9376497269,80.127532959,58624,58634,10
12.9375400543,80.1277236938,58634,58644,10
12.9375,80.1277770996,58644,58654,10
12.9373903275,80.1279983521,58654,58664,10
12.9374504089,80.1281585693,58664,58674,10
12.9377498627,80.12840271,58674,58684,10
12.9382801056,80.1289291382,58684,58694,10
12.9390201569,80.1296234131,58694,58705,11
12.9400596619,80.1305923462,58705,58715,10
12.9410800934,80.1316070557,58715,58725,10
12.9421195984,80.1326828003,58725,58735,10
12.9431295395,80.1337585449,58735,58745,10
12.9442596436,80.1347732544,58745,58755,10
12.9451904297,80.1355133057,58755,58765,10
12.9463396072,80.1364135742,58765,58775,10
12.94713974,80.137008667,58775,58785,10
12.9476099014,80.1373291016,58785,58795,10
12.9483203888,80.137840271,58795,58805,10
12.9491596222,80.138458252,58805,58816,11
12.9499902725,80.1390914917,58816,58826,10
12.9503803253,80.1393203735,58826,58836,10
12.9503898621,80.1393432617,58836,58846,10
12.9504203796,80.1393508911,58846,58856,10
12.9506397247,80.1395492554,58856,58866,10
12.9511203766,80.1398391724,58866,58886,20
12.9511203766,80.1398391724,58886,58896,10
12.9512300491,80.1399307251,58896,58906,10
12.951259613,80.1399383545,58906,58917,11
12.9514198303,80.1400604248,58917,58927,10
12.9518203735,80.1403579712,58927,58937,10
12.9520998001,80.1407699585,58937,58947,10
12.9527196884,80.1412582397,58947,58957,10
12.9536104202,80.1418075562,58957,58967,10
12.9545898438,80.1423416138,58967,58977,10
12.9554901123,80.1427764893,58977,58987,10
12.9558601379,80.1429595947,58987,58997,10
12.9560098648,80.1430435181,58997,59007,10
12.9560804367,80.1430664063,59007,59018,11
12.9564800262,80.1432800293,59018,59028,10
12.9570798874,80.1436080933,59028,59038,10
12.9577798843,80.1439590454,59038,59048,10
12.9583702087,80.1442337036,59048,59058,10
12.9590196609,80.1445388794,59058,59068,10
12.959690094,80.1448974609,59068,59078,10
12.9601402283,80.1451187134,59078,59088,10
12.9602098465,80.1451568604,59088,59098,10
12.9603900909,80.1452178955,59098,59108,10
12.9605102539,80.1452865601,59108,59118,10
12.9604902267,80.1455993652,59118,59129,11
12.9602403641,80.1462020874,59129,59139,10
12.9600601196,80.1470718384,59139,59149,10
12.959859848,80.1480178833,59149,59159,10
12.9596595764,80.1490097046,59159,59169,10
12.9593496323,80.1498184204,59169,59179,10
12.9587202072,80.150390625,59179,59189,10
12.958530426,80.1505126953,59189,59199,10
12.9581203461,80.1508102417,59199,59209,10
12.9574604034,80.1513214111,59209,59219,10
12.9566402435,80.1519622803,59219,59230,11
12.9558296204,80.1530075073,59230,59240,10
12.955450058,80.1542892456,59240,59250,10
12.9551496506,80.1556777954,59250,59260,10
12.9548597336,80.1570892334,59260,59270,10
12.9546604156,80.1580963135,59270,59280,10
12.9545497894,80.1586227417,59280,59290,10
12.9544000626,80.1595611572,59290,59300,10
12.9544000626,80.1595611572,59300,59310,10
12.9543399811,80.1597824097,59310,59320,10
12.9542102814,80.1604385376,59320,59330,10
12.954000473,80.1613998413,59330,59341,11
12.9537296295,80.1626968384,59341,59351,10
12.9534597397,80.1639022827,59351,59363,12
12.953209877,80.1650390625,59363,59373,10
12.9528999329,80.1664962769,59373,59383,10
12.9526395798,80.167427063,59383,59393,10
12.952340126,80.1686401367,59393,59403,10
12.9521303177,80.1698226929,59403,59413,10
12.9520196915,80.1706085205,59413,59423,10
12.9519796371,80.1708221436,59423,59433,10
12.9518499374,80.1715011597,59433,59444,11
12.9516801834,80.1725082397,59444,59454,10
12.9514799118,80.1735534668,59454,59464,10
12.9512796402,80.1745223999,59464,59474,10
12.9510698318,80.1755218506,59474,59484,10
12.9508600235,80.1764526367,59484,59494,10
12.9505996704,80.1773986816,59494,59504,10
12.9503097534,80.1785202026,59504,59514,10
12.9500102997,80.1797332764,59514,59524,10
12.9497804642,80.1809768677,59524,59534,10
12.9496002197,80.1819076538,59534,59545,11
12.949379921,80.1831512451,59545,59555,10
12.9492902756,80.1839828491,59555,59565,10
12.9492502213,80.1841964722,59565,59575,10
12.9492301941,80.1846389771,59575,59585,10
12.9491796494,80.1852264404,59585,59595,10
12.9491500854,80.185798645,59595,59605,10
12.9491195679,80.1864013672,59605,59615,10
12.9490699768,80.1869812012,59615,59625,10
12.9490203857,80.1876373291,59625,59635,10
12.9489402771,80.1883621216,59635,59645,10
12.9488801956,80.1890106201,59645,59656,11
12.9487895966,80.1898193359,59656,59666,10
12.9486904144,80.1908416748,59666,59676,10
12.9486103058,80.1920928955,59676,59686,10
12.9485998154,80.1932983398,59686,59696,10
12.948559761,80.194229126,59696,59706,10
12.9485702515,80.1951370239,59706,59716,10
12.9485998154,80.195640564,59716,59726,10
12.9485902786,80.1956863403,59726,59736,10
12.9485797882,80.1961212158,59736,59746,10
12.9485502243,80.1969223022,59746,59757,11
12.9485301971,80.1980361938,59757,59767,10
12.9486103058,80.1995391846,59767,59787,20
12.9486103058,80.1995391846,59787,59797,10
12.9486198425,80.1999435425,59797,59807,10
12.9486398697,80.2007522583,59807,59817,10
12.9486598969,80.2017593384,59817,59827,10
12.9486999512,80.2029266357,59827,59837,10
12.9487495422,80.2042236328,59837,59847,10
12.9487895966,80.205581665,59847,59857,10
12.9487600327,80.2067565918,59857,59868,11
12.948679924,80.2078170776,59868,59878,10
12.9485902786,80.2093276978,59878,59898,20
12.9485902786,80.2093276978,59898,59908,10
12.9485397339,80.2095184326,59908,59918,10
12.9485502243,80.2099609375,59918,59928,10
12.9485197067,80.2103881836,59928,59938,10
12.9484796524,80.2111663818,59938,59948,10
12.9484901428,80.2121887207,59948,59958,10
12.9485702515,80.2134170532,59958,59969,11
12.9487104416,80.214881897,59969,59979,10
12.948849678,80.2162704468,59979,59989,10
12.9490003586,80.2176971436,59989,59999,10
12.949139595,80.2191390991,59999,60009,10
12.9492998123,80.2206420898,60009,60019,10
12.9494199753,80.2221679688,60019,60029,10
12.9494895935,80.2234268188,60029,60039,10
12.9495897293,80.2253417969,60039,60049,10
12.949669838,80.2269363403,60049,60059,10
12.9497404099,80.2284088135,60059,60069,10
12.9498500824,80.2301864624,60069,60080,11
12.9499902725,80.231842041,60080,60090,10
12.9500799179,80.233001709,60090,60100,10
12.9500904083,80.2331771851,60100,60110,10
12.9500904083,80.2332382202,60110,60120,10
12.9501104355,80.2337036133,60120,60130,10
12.9500904083,80.2345504761,60130,60140,10
12.9500102997,80.235710144,60140,60231,91
12.9500102997,80.235710144,60231,60241,10
12.9499597549,80.2361602783,60241,60251,10
12.9497995377,80.2367706299,60251,60261,10
12.949669838,80.2375335693,60261,60271,10
12.9496297836,80.2378997803,60271,60282,11
12.9495401382,80.2383499146,60282,60292,10
12.9494495392,80.2389221191,60292,60302,10
12.9492998123,80.2395782471,60302,60312,10
12.9491901398,80.2402191162,60312,60322,10
12.9491500854,80.2403793335,60322,60332,10
12.949139595,80.2406234741,60332,60342,10
12.949379921,80.2408905029,60342,60352,10
12.9499902725,80.2410888672,60352,60362,10
12.950799942,80.241317749,60362,60372,10
12.9511299133,80.2414169312,60372,60382,10
12.9511499405,80.2414398193,60382,60393,11
12.9515800476,80.2416000366,60393,60403,10
12.9523000717,80.2418899536,60403,60413,10
12.9531297684,80.2422180176,60413,60423,10
12.9538602829,80.242477417,60423,60433,10
12.9538803101,80.242477417,60433,60443,10
12.9539499283,80.2425003052,60443,60453,10
12.9543304443,80.2426528931,60453,60463,10
12.9550199509,80.2429199219,60463,60473,10
12.9558696747,80.2432022095,60473,60483,10
12.9564199448,80.2433700562,60483,60494,11
12.9570198059,80.2436828613,60494,60504,10
12.9578399658,80.2440795898,60504,60514,10
12.9585103989,80.2443389893,60514,60524,10
12.9589195251,80.2444915771,60524,60534,10
12.9589195251,80.2444992065,60534,60544,10
12.9590501785,80.2445526123,60544,60554,10
12.9594802856,80.2447433472,60554,60564,10
12.9601898193,80.2450866699,60564,60574,10
12.9610395432,80.2454833984,60574,60584,10
12.9619197845,80.2459182739,60584,60594,10
12.9634304047,80.2466506958,60594,60655,61
12.9634304047,80.2466506958,60655,60665,10
12.9634799957,80.246711731,60665,60675,10
12.9637098312,80.2468032837,60675,60685,10
12.9643297195,80.2470321655,60685,60695,10
12.9651298523,80.2473068237,60695,60706,11
12.9663200378,80.247756958,60706,60716,10
12.9670000076,80.2480621338,60716,60736,20
12.9670000076,80.2480621338,60736,60746,10
12.9673500061,80.2482070923,60746,60756,10
12.9681396484,80.248550415,60756,60766,10
12.9691295624,80.2489395142,60766,60776,10
12.9701795578,80.2493591309,60776,60786,10
12.9713401794,80.2497787476,60786,60796,10
12.9725704193,80.2500991821,60796,60807,11
12.973950386,80.2504730225,60807,60817,10
12.9752101898,80.2508163452,60817,60827,10
12.9765195847,80.2511825562,60827,60837,10
12.9776601791,80.251701355,60837,60847,10
12.9783401489,80.2522277832,60847,60857,10
12.9784297943,80.2522964478,60857,60867,10
12.9785404205,80.2523727417,60867,60877,10
12.9786701202,80.2524337769,60877,60887,10
12.9789304733,80.2525405884,60887,60897,10
12.9792299271,80.2526016235,60897,60918,21
12.9792299271,80.2526016235,60918,60928,10
12.9793996811,80.2526092529,60928,60938,10
12.9798202515,80.2526626587,60938,60948,10
12.9802598953,80.2526702881,60948,60958,10
12.9808597565,80.2526626587,60958,60968,10
12.9816398621,80.2526473999,60968,60978,10
12.9826097488,80.2526168823,60978,60988,10
12.9836301804,80.2525024414,60988,60998,10
12.9846401215,80.2522125244,60998,61008,10
12.9854698181,80.2519683838,61008,61019,11
12.9859800339,80.2518234253,61019,61029,10
12.9865198135,80.2517318726,61029,61140,111
12.9865198135,80.2517318726,61140,61150,10
12.9866895676,80.2517318726,61150,61160,10
12.9870595932,80.2516174316,61160,61170,10
12.9875497818,80.2514801025,61170,61180,10
12.9878997803,80.2514724731,61180,61190,10
12.9880304337,80.2520065308,61190,61200,10
12.9880504608,80.2525634766,61200,61210,10
12.9879598618,80.2534103394,61210,61220,10
12.9878902435,80.2541503906,61220,61231,11
12.9877700806,80.2553787231,61231,61271,40
12.9877099991,80.255569458,61271,61382,111
12.9877099991,80.255569458,61382,61392,10
12.9877901077,80.2560806274,61392,61402,10
12.987660408,80.256729126,61402,61412,10
12.987569809,80.2575073242,61412,61422,10
12.9874897003,80.2584609985,61422,61432,10
12.9874000549,80.2592468262,61432,61443,11
12.9872999191,80.2595291138,61443,61463,20
12.9872999191,80.2595291138,61463,61473,10
12.9871997833,80.2596817017,61473,61483,10
12.987039566,80.2596511841,61483,61493,10
12.9868297577,80.2594299316,61493,61715,222
12.9868297577,80.2594299316,61715,61725,10
12.9867801666,80.2590713501,61725,62038,313
12.9868803024,80.2590866089,62038,62533,495
12.9868001938,80.2591171265,62533,62705,172
12.987159729,80.2590866089,62705,62745,40
12.987159729,80.2590866089,62745,62755,10
12.9873895645,80.2588577271,62755,62765,10
12.9874401093,80.258430481,62765,62775,10
12.9874696732,80.2578125,62775,62785,10
12.9874801636,80.2569198608,62785,62796,11
12.9875297546,80.2564926147,62796,62997,201
12.9875297546,80.2564926147,62997,63008,11
12.9875602722,80.2562789917,63008,63018,10
12.987569809,80.2559967041,63018,63028,10
12.9876804352,80.2556228638,63028,63038,10
12.9877099991,80.2552108765,63038,63048,10
12.9877195358,80.2550201416,63048,63058,10
12.987739563,80.2548065186,63058,63068,10
12.9877796173,80.2542495728,63068,63078,10
12.9878501892,80.2534408569,63078,63088,10
12.9878997803,80.2525177002,63088,63169,81
12.9878997803,80.2525177002,63169,63179,10
12.9879398346,80.2522583008,63179,63189,10
12.987859726,80.2518768311,63189,63209,20
12.987859726,80.2518768311,63209,63220,11
12.9877195358,80.2516098022,63220,63230,10
12.9877099991,80.2516098022,63230,63240,10
12.9876298904,80.2515792847,63240,63250,10
12.9874000549,80.2515869141,63250,63260,10
12.9871797562,80.2516021729,63260,63270,10
12.9868602753,80.2516708374,63270,63280,10
12.9863195419,80.2518081665,63280,63290,10
12.9856100082,80.2520217896,63290,63300,10
12.9847803116,80.2522583008,63300,63310,10
12.9839496613,80.2524795532,63310,63321,11
12.983039856,80.2526626587,63321,63331,10
12.9821395874,80.2526931763,63331,63341,10
12.9811897278,80.2527084351,63341,63351,10
12.980509758,80.2527389526,63351,63361,10
12.9801101685,80.2527770996,63361,63391,30
12.9801101685,80.2527770996,63391,63401,10
12.9796495438,80.2526779175,63401,63411,10
12.9790296555,80.2526168823,63411,63421,10
12.9785604477,80.2525405884,63421,63432,11
12.9783802032,80.2524337769,63432,63442,10
12.9778995514,80.2520294189,63442,63452,10
12.9771699905,80.2514419556,63452,63462,10
12.9761600494,80.2511062622,63462,63472,10
12.9750499725,80.250793457,63472,63482,10
12.9739103317,80.2504730225,63482,63492,10
12.9727497101,80.2501831055,63492,63502,10
12.9715995789,80.2498626709,63502,63512,10
12.9704198837,80.2495117188,63512,63522,10
12.9694595337,80.2491378784,63522,63532,10
12.9682798386,80.2486572266,63532,63543,11
12.9672498703,80.2482376099,63543,63553,10
12.9666795731,80.2479476929,63553,63563,10
12.966050148,80.2476806641,63563,63573,10
12.9655799866,80.2474899292,63573,63583,10
12.9652700424,80.2474136353,63583,63593,10
12.9651098251,80.2473678589,63593,63603,10
12.9650602341,80.2473526001,63603,63613,10
12.9646997452,80.2472076416,63613,63623,10
12.9640703201,80.246963501,63623,63644,21
12.9640703201,80.246963501,63644,63654,10
12.9638299942,80.246887207,63654,63664,10
12.9634199142,80.2466888428,63664,63674,10
12.9628000259,80.2463607788,63674,63684,10
12.9620304108,80.2459793091,63684,63694,10
12.9611196518,80.2455368042,63694,63704,10
12.9602403641,80.2451477051,63704,63714,10
12.9597396851,80.2449417114,63714,63724,10
12.9596500397,80.2449035645,63724,63734,10
12.9595804214,80.2448577881,63734,63745,11
12.9591398239,80.2446365356,63745,63755,10
12.9585599899,80.2443771362,63755,63765,10
12.9580001831,80.244140625,63765,63775,10
12.9574899673,80.2439880371,63775,63785,10
12.9570198059,80.2437591553,63785,63815,30
12.9570198059,80.2437591553,63815,63825,10
12.956870079,80.2437133789,63825,63876,51
12.9565200806,80.2435684204,63876,63906,30
12.9565200806,80.2435684204,63906,63916,10
12.9560604095,80.2434310913,63916,63926,10
12.9553203583,80.2431030273,63926,63936,10
12.9544801712,80.242729187,63936,63946,10
12.953499794,80.2423324585,63946,63957,11
12.9523296356,80.2418823242,63957,63967,10
12.9516801834,80.2416610718,63967,63977,10
12.9516296387,80.2416534424,63977,63987,10
12.9513196945,80.2415390015,63987,63997,10
12.9506397247,80.2413024902,63997,64007,10
12.9498996735,80.2410812378,64007,64017,10
12.9494695663,80.2409286499,64017,64057,40
12.9494695663,80.2409286499,64057,64068,11
12.949090004,80.2408370972,64068,64078,10
12.9488897324,80.2405319214,64078,64088,10
12.9490699768,80.240020752,64088,64098,10
12.9491596222,80.2395401001,64098,64118,20
12.9491596222,80.2395401001,64118,64128,10
12.9491996765,80.2394714355,64128,64138,10
12.9493198395,80.2390670776,64138,64148,10
12.9494400024,80.2384414673,64148,64158,10
12.9495000839,80.2380065918,64158,64169,11
12.9495201111,80.2378463745,64169,64179,10
12.9495801926,80.2373733521,64179,64189,10
12.9496498108,80.2368164063,64189,64199,10
12.9496603012,80.2365188599,64199,64239,40
12.9496603012,80.2365188599,64239,64249,10
12.949669838,80.2361373901,64249,64259,10
12.9496803284,80.2360229492,64259,64290,31
12.9496803284,80.2360229492,64290,64300,10
12.9497804642,80.2356109619,64300,64310,10
12.9499197006,80.2350387573,64310,64320,10
12.9499797821,80.2344970703,64320,64330,10
12.9500102997,80.2338485718,64330,64360,30
12.9500102997,80.2338485718,64360,64370,10
12.9500102997,80.2334213257,64370,64381,11
12.9499397278,80.2326583862,64381,64391,10
12.9498796463,80.2317276001,64391,64401,10
12.9497995377,80.2306518555,64401,64411,10
12.9497299194,80.2294235229,64411,64421,10
12.949669838,80.2280807495,64421,64430,9
12.9496002197,80.2268218994,64430,64441,11
12.9495296478,80.2252120972,64441,64451,10
12.9494600296,80.2237167358,64451,64461,10
12.949379921,80.2221679688,64461,64471,10
12.949259758,80.2206802368,64471,64482,11
12.9490995407,80.2190628052,64482,64492,10
12.9489803314,80.2177581787,64492,64502,10
12.9488401413,80.2164230347,64502,64512,10
12.9486904144,80.2150268555,64512,64522,10
12.948559761,80.2137298584,64522,64532,10
12.9484596252,80.2124481201,64532,64542,10
12.9483995438,80.2111663818,64542,64552,10
12.9483604431,80.2102737427,64552,64562,10
12.9483604431,80.2098388672,64562,64572,10
12.9484596252,80.2092895508,64572,64582,10
12.9484901428,80.2087402344,64582,64593,11
12.9484901428,80.2087020874,64593,64603,10
12.9484996796,80.2085494995,64603,64613,10
12.9485397339,80.2079772949,64613,64623,10
12.9486303329,80.2071380615,64623,64633,10
12.948679924,80.2061691284,64633,64643,10
12.9486904144,80.205116272,64643,64653,10
12.9486598969,80.2040100098,64653,64663,10
12.9486303329,80.2029266357,64663,64673,10
12.9485998154,80.2019271851,64673,64682,9
12.948559761,80.2006988525,64682,64694,12
12.9485197067,80.1996765137,64694,64704,10
12.9484796524,80.1992111206,64704,64714,10
12.9484500885,80.1988983154,64714,64734,20
12.9484500885,80.1988983154,64734,64744,10
12.9484596252,80.1988220215,64744,64754,10
12.9484596252,80.1983337402,64754,64764,10
12.9484500885,80.1975708008,64764,64774,10
12.9484796524,80.1966934204,64774,64784,10
12.9484901428,80.195640564,64784,64805,21
12.9484901428,80.195640564,64805,64815,10
12.9484996796,80.1954269409,64815,64825,10
12.94851017,80.1948623657,64825,64835,10
12.9485197067,80.1940765381,64835,64845,10
12.9485397339,80.1931915283,64845,64855,10
12.9485797882,80.1921615601,64855,64865,10
12.9486198425,80.1910629272,64865,64875,10
12.948679924,80.190246582,64875,64885,10
12.9487895966,80.1890182495,64885,64895,10
12.9489002228,80.1878967285,64895,64906,11
12.9489898682,80.1867218018,64906,64916,10
12.9490003586,80.1854629517,64916,64956,40
12.9490003586,80.1854629517,64956,64966,10
12.9490003586,80.1854095459,64966,64976,10
12.9490499496,80.1849975586,64976,64986,10
12.9491500854,80.1841430664,64986,65006,20
12.9491500854,80.1841430664,65006,65017,11
12.9491796494,80.1839828491,65017,65027,10
12.9492702484,80.1835098267,65027,65037,10
12.9493598938,80.1829833984,65037,65047,10
12.9494895935,80.1822891235,65047,65057,10
12.9496002197,80.1816482544,65057,65067,10
12.9496803284,80.1812515259,65067,65077,10
12.9497804642,80.1807937622,65077,65087,10
12.9498996735,80.1800918579,65087,65097,10
12.9500999451,80.1791915894,65097,65107,10
12.9503803253,80.1781005859,65107,65118,11
12.9506998062,80.176902771,65118,65128,10
12.9508495331,80.1762619019,65128,65138,10
12.9510202408,80.1754837036,65138,65148,10
12.9511699677,80.1746368408,65148,65158,10
12.9512395859,80.1742477417,65158,65168,10
12.9512796402,80.174079895,65168,65178,10
12.9514102936,80.1735534668,65178,65188,10
12.9515600204,80.1727828979,65188,65198,10
12.9517002106,80.1719512939,65198,65208,10
12.9517402649,80.1716079712,65208,65219,11
12.951789856,80.1714172363,65219,65229,10
12.9518404007,80.1712417603,65229,65239,10
12.9519395828,80.1707000732,65239,65249,10
12.9520902634,80.1698913574,65249,65259,10
12.952249527,80.1689376831,65259,65269,10
12.9524803162,80.1679077148,65269,65279,10
12.9527797699,80.1667861938,65279,65289,10
12.9530696869,80.1655807495,65289,65299,10
12.9533500671,80.1642837524,65299,65309,10
12.9536399841,80.1629333496,65309,65319,10
12.9539403915,80.1615371704,65319,65330,11
12.9542102814,80.1602020264,65330,65340,10
12.9544000626,80.1592330933,65340,65350,10
12.9544801712,80.1587905884,65350,65360,10
12.9545001984,80.1587600708,65360,65370,10
12.9546003342,80.1583709717,65370,65380,10
12.9547595978,80.157623291,65380,65390,10
12.9549598694,80.1566619873,65390,65400,10
12.9551897049,80.1555633545,65400,65410,10
12.9554100037,80.154510498,65410,65419,9
12.955739975,80.1532974243,65419,65431,12
12.9565401077,80.1519622803,65431,65441,10
12.9575500488,80.1511230469,65441,65451,10
12.9583902359,80.1504364014,65451,65461,10
12.9588298798,80.1500396729,65461,65471,10
12.9588499069,80.1500320435,65471,65481,10
12.9591598511,80.1498184204,65481,65491,10
12.9595603943,80.1492233276,65491,65501,10
12.9597501755,80.1484222412,65501,65511,10
12.9599304199,80.1475372314,65511,65521,10
12.960100174,80.1466598511,65521,65531,10
12.9602804184,80.1457977295,65531,65542,11
12.9602804184,80.1455001831,65542,65552,10
12.9603996277,80.1452178955,65552,65562,10
12.9605302811,80.1452636719,65562,65572,10
12.9608697891,80.1454772949,65572,65582,10
12.9615802765,80.145866394,65582,65592,10
12.9625101089,80.1463775635,65592,65602,10
12.9633798599,80.1468505859,65602,65612,10
12.9637699127,80.1471099854,65612,65622,10
12.9639396667,80.1472473145,65622,65632,10
12.9641199112,80.1473617554,65632,65643,11
12.964389801,80.1475219727,65643,65653,10
12.9645004272,80.1476135254,65653,65663,10
12.9648103714,80.147819519,65663,65673,10
12.9652700424,80.1480789185,65673,65683,10
12.965760231,80.1483306885,65683,65693,10
12.9660596848,80.1484832764,65693,65723,30
12.9660596848,80.1484832764,65723,65733,10
12.9662904739,80.1485900879,65733,65743,10
12.9666700363,80.1487731934,65743,65754,11
12.9670095444,80.14894104,65754,65824,70
12.9670095444,80.14894104,65824,65834,10
12.9673204422,80.1491012573,65834,65844,10
12.9677696228,80.1492996216,65844,65855,11
12.96833992,80.1495437622,65855,65885,30
12.96833992,80.1495437622,65885,65895,10
12.9685201645,80.1496429443,65895,65905,10
12.9687900543,80.1497421265,65905,65915,10
12.969039917,80.1499023438,65915,65925,10
12.9696598053,80.1501998901,65925,65935,10
12.9705295563,80.1506118774,65935,65945,10
12.971570015,80.1511001587,65945,65956,11
12.9725399017,80.15184021,65956,65966,10
12.9730997086,80.1526412964,65966,65976,10
12.9733800888,80.1530838013,65976,65986,10
12.9731998444,80.1531066895,65986,65996,10
12.9729204178,80.1526184082,65996,66006,10
12.9724197388,80.1518783569,66006,66016,10
12.9720201492,80.1514282227,66016,66026,10
12.9713697433,80.1510620117,66026,66036,10
12.9705200195,80.1506500244,66036,66046,10
12.96971035,80.1502914429,66046,66056,10
12.9692802429,80.1501235962,66056,66127,71
12.9692802429,80.1501235962,66127,66137,10
12.9688796997,80.1499023438,66137,66147,10
12.9686203003,80.1497573853,66147,66157,10
12.9684000015,80.1496582031,66157,66168,11
12.9677495956,80.1493682861,66168,66188,20
12.9677495956,80.1493682861,66188,66198,10
12.9676799774,80.1493606567,66198,66208,10
12.9673595428,80.1492004395,66208,66218,10
12.9668798447,80.1489562988,66218,66228,10
12.9665403366,80.1488037109,66228,66238,10
12.9661598206,80.1485977173,66238,66248,10
12.9655704498,80.1482772827,66248,66258,10
12.9647397995,80.1478424072,66258,66268,10
12.9639902115,80.1474380493,66268,66279,11
12.9631004333,80.1470565796,66279,66289,10
12.9622497559,80.1465911865,66289,66299,10
12.9614095688,80.1461486816,66299,66309,10
12.9606399536,80.1457519531,66309,66319,10
12.9602804184,80.1457366943,66319,66329,10
12.9601802826,80.1461486816,66329,66339,10
12.9599704742,80.1472091675,66339,66349,10
12.9597597122,80.1482772827,66349,66359,10
12.9595499039,80.1492919922,66359,66369,10
12.9588899612,80.150177002,66369,66380,11
12.9586000443,80.1504211426,66380,66390,10
12.958530426,80.1504592896,66390,66400,10
12.9581604004,80.1507492065,66400,66410,10
12.9575195313,80.1512527466,66410,66420,10
12.9567499161,80.1518936157,66420,66430,10
12.9559898376,80.1527481079,66430,66440,10
12.9555501938,80.1539611816,66440,66450,10
12.9552402496,80.1552810669,66450,66460,10
12.9549798965,80.1566162109,66460,66470,10
12.9548101425,80.1574401855,66470,66480,10
12.9547395706,80.1577529907,66480,66491,11
12.9546899796,80.1580810547,66491,66501,10
12.9545602798,80.1587600708,66501,66521,20
12.954369545,80.1597518921,66521,66531,10
12.9542303085,80.160369873,66531,66540,9
12.9540395737,80.1611862183,66540,66551,11
12.9537801743,80.1624679565,66551,66561,10
12.9534797668,80.1638031006,66561,66571,10
12.9531803131,80.165222168,66571,66581,10
12.9528503418,80.1666488647,66581,66592,11
12.9524402618,80.16822052,66592,66602,10
12.9521398544,80.1696929932,66602,66612,10
12.9520101547,80.1706924438,66612,66622,10
12.9519500732,80.171043396,66622,66632,10
12.9518203735,80.1717605591,66632,66642,10
12.9516201019,80.1727600098,66642,66652,10
12.9513998032,80.1739120483,66652,66662,10
12.9512395859,80.174697876,66662,66672,10
12.9510097504,80.1756896973,66672,66682,10
12.9507303238,80.1768798828,66682,66693,11
12.9503498077,80.1783599854,66693,66703,10
12.9500198364,80.1796875,66703,66713,10
12.9498500824,80.1806716919,66713,66723,10
12.9497203827,80.1814193726,66723,66733,10
12.9495697021,80.182220459,66733,66743,10
12.9494199753,80.1830291748,66743,66753,10
12.9493198395,80.1837997437,66753,66773,20
12.9493198395,80.1837997437,66773,66783,10
12.9493198395,80.1838531494,66783,66793,10
12.949259758,80.1842422485,66793,66804,11
12.949259758,80.1848602295,66804,66814,10
12.9492797852,80.1852035522,66814,66864,50
12.9492797852,80.1852035522,66864,66874,10
12.9492397308,80.1854705811,66874,66884,10
12.9491701126,80.1860809326,66884,66894,10
12.9491195679,80.1867370605,66894,66905,11
12.9490203857,80.1876678467,66905,66915,10
12.9489297867,80.188583374,66915,66925,10
12.9488601685,80.1893386841,66925,66935,10
12.9487600327,80.1902999878,66935,66945,10
12.9486598969,80.1914367676,66945,66955,10
12.9486198425,80.1925811768,66955,66965,10
12.9486103058,80.1936264038,66965,66975,10
12.9485702515,80.1946105957,66975,66985,10
12.9485998154,80.1954193115,66985,66995,10
12.9486103058,80.1956710815,66995,67005,10
12.9485998154,80.1957397461,67005,67016,11
12.9485797882,80.1962890625,67016,67026,10
12.948559761,80.1971282959,67026,67036,10
12.9485301971,80.1979980469,67036,67046,10
12.9485702515,80.1988067627,67046,67056,10
12.9486103058,80.1993331909,67056,67066,10
12.9486198425,80.1995773315,67066,67076,10
12.9486303329,80.1996307373,67076,67086,10
12.9486303329,80.2000579834,67086,67096,10
12.9486503601,80.200843811,67096,67106,10
12.948679924,80.2017974854,67106,67117,11
12.9486999512,80.2029190063,67117,67127,10
12.9487199783,80.2038497925,67127,67137,10
12.9487495422,80.2049407959,67137,67147,10
12.9487600327,80.2061080933,67147,67157,10
12.9487304688,80.2072372437,67157,67177,20
12.9487304688,80.2072372437,67177,67187,10
12.9487400055,80.2074966431,67187,67258,71
12.9487400055,80.2074966431,67258,67268,10
12.948679924,80.2077789307,67268,67318,50
12.948679924,80.2077789307,67318,67329,11
12.9486103058,80.2082595825,67329,67339,10
12.9485998154,80.2084503174,67339,67349,10
12.9485797882,80.2087478638,67349,67359,10
12.9485902786,80.2090530396,67359,67369,10
12.9485998154,80.2093200684,67369,67379,10
12.9485902786,80.2094192505,67379,67389,10
12.948559761,80.2098007202,67389,67399,10
12.9484996796,80.2104187012,67399,67409,10
12.9484701157,80.2112731934,67409,67419,10
12.9484796524,80.2123031616,67419,67429,10
12.9485397339,80.2133712769,67429,67440,11
12.9486598969,80.2144317627,67440,67450,10
12.9487800598,80.2155227661,67450,67460,10
12.9489002228,80.2166976929,67460,67470,10
12.9490499496,80.2179794312,67470,67480,10
12.9491596222,80.2193069458,67480,67490,10
12.9492797852,80.2204589844,67490,67499,9
12.9493999481,80.221572876,67499,67510,11
12.9494600296,80.2223968506,67510,67520,10
12.9495096207,80.2237167358,67520,67530,10
12.9495601654,80.2248764038,67530,67541,11
12.9496202469,80.2261810303,67541,67551,10
12.9496803284,80.2274169922,67551,67561,10
12.9497404099,80.2286071777,67561,67571,10
12.9497995377,80.2298431396,67571,67581,10
12.9498996735,80.2310180664,67581,67591,10
12.9499797821,80.2320709229,67591,67601,10
12.950050354,80.232749939,67601,67611,10
12.9500799179,80.2330932617,67611,67621,10
12.9500904083,80.2334365845,67621,67631,10
12.9500799179,80.23412323,67631,67642,11
12.9500303268,80.2348937988,67642,67652,10
12.9500102997,80.2354125977,67652,67662,10
12.9499998093,80.2356567383,67662,67692,30
12.9499998093,80.2356567383,67692,67702,10
12.9499101639,80.2362594604,67702,67712,10
12.9497499466,80.2368927002,67712,67722,10
12.9496603012,80.2376327515,67722,67731,9
12.9496202469,80.2379684448,67731,67742,11
12.9495401382,80.2385101318,67742,67753,11
12.9493598938,80.239440918,67753,67763,10
12.949139595,80.2405166626,67763,67783,20
12.949139595,80.2405166626,67783,67793,10
12.9491300583,80.2406997681,67793,67803,10
12.9494695663,80.2409591675,67803,67813,10
12.9500398636,80.2411193848,67813,67823,10
12.9510097504,80.2414016724,67823,67833,10
12.9511203766,80.2414321899,67833,67843,10
12.9511604309,80.2414474487,67843,67854,11
12.9516201019,80.2416229248,67854,67864,10
12.952340126,80.2418899536,67864,67874,10
12.9532604218,80.2422409058,67874,67884,10
12.9540996552,80.2425765991,67884,67894,10
12.9548902512,80.2428970337,67894,67904,10
12.955619812,80.2431335449,67904,67914,10
12.9563398361,80.2433624268,67914,67924,10
12.9568195343,80.2435836792,67924,67934,10
12.9574804306,80.2439575195,67934,67944,10
12.9582796097,80.2442779541,67944,67954,10
12.9588603973,80.2444992065,67954,67965,11
12.9588899612,80.2445220947,67965,67975,10
12.9589700699,80.2445831299,67975,67985,10
12.9594202042,80.2447891235,67985,67995,10
12.9601602554,80.2451400757,67995,68005,10
12.9611196518,80.2455825806,68005,68015,10
12.9623003006,80.2461624146,68015,68025,10
12.9634504318,80.2467422485,68025,68035,10
12.9643802643,80.2471084595,68035,68045,10
12.9653997421,80.2474365234,68045,68055,10
12.9660997391,80.2476806641,68055,68066,11
12.9664096832,80.247833252,68066,68076,10
12.9668998718,80.248046875,68076,68096,20
12.9668998718,80.248046875,68096,68106,10
12.9672298431,80.2482376099,68106,68116,10
12.9679002762,80.2485580444,68116,68126,10
12.9687995911,80.2489013672,68126,68136,10
12.9698696136,80.2493209839,68136,68146,10
12.9709997177,80.2497406006,68146,68156,10
12.972240448,80.2500610352,68156,68166,10
12.9735202789,80.2503890991,68166,68177,11
12.9749002457,80.2507705688,68177,68187,10
12.9761695862,80.2511367798,68187,68197,10
12.9773597717,80.2515487671,68197,68207,10
12.978269577,80.252243042,68207,68217,10
12.9786396027,80.252456665,68217,68227,10
12.9786500931,80.252456665,68227,68237,10
12.9790096283,80.2526092529,68237,68247,10
12.9796600342,80.2526779175,68247,68368,121
12.9796600342,80.2526779175,68368,68379,11
12.9800701141,80.2527084351,68379,68389,10
12.9806995392,80.2526931763,68389,68409,20
12.9806995392,80.2526931763,68409,68419,10
12.9809999466,80.2526779175,68419,68429,10
12.9818696976,80.2526626587,68429,68540,111
12.9822397232,80.2526397705,68540,68591,51
12.9822397232,80.2526397705,68591,68601,10
12.9824104309,80.2526397705,68601,68611,10
12.9828701019,80.2526092529,68611,68621,10
12.9832897186,80.252571106,68621,68631,10
12.9838495255,80.2524490356,68631,68641,10
12.9840803146,80.2523880005,68641,68651,10
12.9843196869,80.2523117065,68651,68671,20
12.9843196869,80.2523117065,68671,68681,10
12.984629631,80.2522125244,68681,68702,21
12.984629631,80.2522125244,68702,68712,10
12.9848804474,80.2521514893,68712,68722,10
12.985039711,80.2521133423,68722,68732,10
12.9850597382,80.2520980835,68732,68742,10
12.9853200912,80.2520370483,68742,68762,20
12.9853200912,80.2520370483,68762,68772,10
12.9854297638,80.2519989014,68772,68782,10
12.9856395721,80.2519226074,68782,68994,212
12.9856395721,80.2519226074,68994,69004,10
12.9859695435,80.2517929077,69004,69015,11
12.9865598679,80.2516784668,69015,69025,10
12.9870996475,80.2515563965,69025,69035,10
12.9876499176,80.2514190674,69035,69045,10
12.9879398346,80.2516174316,69045,69055,10
12.9880199432,80.251991272,69055,69065,10
12.9880304337,80.2520675659,69065,69075,10
12.9880504608,80.2523880005,69075,69085,10
12.9879903793,80.2528991699,69085,69094,9
12.9879398346,80.2535171509,69094,69105,11
12.9878797531,80.2540664673,69105,69116,11
12.9878196716,80.2546081543,69116,69126,10
12.9877796173,80.2549972534,69126,69216,90
12.9877796173,80.2549972534,69216,69227,11
12.9876499176,80.255279541,69227,69237,10
12.9876298904,80.2557296753,69237,69297,60
12.9876298904,80.2557296753,69297,69307,10
12.9876699448,80.2558898926,69307,69317,10
12.9875802994,80.2563323975,69317,69328,11
12.9875001907,80.2570571899,69328,69338,10
12.987449646,80.2577285767,69338,69348,10
12.9874095917,80.2584609985,69348,69358,10
12.9873504639,80.2591018677,69358,69368,10
12.9871902466,80.2596435547,69368,69398,30
12.9871902466,80.2596435547,69398,69408,10
12.9870004654,80.259727478,69408,69418,10
12.9868602753,80.2593612671,69418,69641,223
12.9871997833,80.259147644,69641,69661,20
12.9871997833,80.259147644,69661,69671,10
12.9873104095,80.2588577271,69671,69681,10
12.9873199463,80.2586364746,69681,69691,10
12.9873600006,80.2581863403,69691,69701,10
12.9874000549,80.2576065063,69701,69711,10
12.9874200821,80.2572937012,69711,69721,10
12.9874401093,80.257019043,69721,69731,10
12.9874696732,80.2567214966,69731,69741,10
12.9875001907,80.256072998,69741,69762,21
12.9875001907,80.256072998,69762,69772,10
12.9875297546,80.2557907104,69772,69782,10
12.9876298904,80.2553024292,69782,69792,10
12.9876403809,80.2550735474,69792,69802,10
12.987660408,80.2548065186,69802,69812,10
12.9877195358,80.2540664673,69812,69822,10
12.9877796173,80.2533111572,69822,69832,10
12.9878501892,80.2526473999,69832,69842,10
12.987859726,80.2522506714,69842,69853,11
12.9878101349,80.251953125,69853,69903,50
12.9878101349,80.251953125,69903,69913,10
12.9876003265,80.2516326904,69913,69933,20
12.9876003265,80.2516326904,69933,69943,10
12.9872598648,80.251663208,69943,69953,10
12.9870996475,80.251663208,69953,69964,11
12.9866399765,80.2517471313,69964,69974,10
12.986120224,80.2518997192,69974,69984,10
12.9852800369,80.2521286011,69984,69994,10
12.9844398499,80.2523727417,69994,70004,10
12.983590126,80.2525787354,70004,70014,10
12.9826698303,80.2526931763,70014,70024,10
12.9816503525,80.2527313232,70024,70034,10
12.9808101654,80.2527923584,70034,70054,20
12.9808101654,80.2527923584,70054,70065,11
12.9805297852,80.2527999878,70065,70075,10
12.9803199768,80.2528076172,70075,70085,10
12.9799995422,80.2528533936,70085,70095,10
12.9796800613,80.2527770996,70095,70105,10
12.9791002274,80.2527008057,70105,70115,10
12.9785203934,80.2525863647,70115,70135,20
12.9785203934,80.2525863647,70135,70145,10
12.9784097672,80.252532959,70145,70155,10
12.9778604507,80.2520904541,70155,70166,11
12.9770402908,80.2515029907,70166,70176,10
12.9760198593,80.2511520386,70176,70186,10
12.9749202728,80.2508392334,70186,70196,10
12.9738702774,80.2505264282,70196,70206,10
12.9728403091,80.2502593994,70206,70216,10
12.9718103409,80.2499771118,70216,70226,10
12.9707202911,80.2496871948,70226,70236,10
12.9698200226,80.2493896484,70236,70246,10
12.9689798355,80.2490386963,70246,70256,10
12.9679899216,80.2486419678,70256,70266,10
12.9671297073,80.2482681274,70266,70277,11
12.9665803909,80.2480010986,70277,70287,10
12.9660997391,80.2477874756,70287,70297,10
12.9651203156,80.247428894,70297,70317,20
12.9651203156,80.247428894,70317,70327,10
12.9649400711,80.2473602295,70327,70337,10
12.9644298553,80.2471694946,70337,70347,10
12.9638795853,80.2469787598,70347,70357,10
12.9634799957,80.2468338013,70357,70367,10
12.9628696442,80.2464904785,70367,70378,11
12.9621200562,80.2461090088,70378,70388,10
12.961350441,80.2457275391,70388,70398,10
12.960559845,80.2453613281,70398,70408,10
12.9598197937,80.2450485229,70408,70418,10
12.959400177,80.2448730469,70418,70428,10
12.9593296051,80.2448425293,70428,70438,10
12.9591999054,80.2447891235,70438,70448,10
12.9588003159,80.2445983887,70448,70458,10
12.9583101273,80.244392395,70458,70468,10
12.9579801559,80.2442398071,70468,70478,10
12.9575099945,80.2440795898,70478,70489,11
12.9570198059,80.2439117432,70489,70499,10
12.9566602707,80.243812561,70499,70559,60
12.9563999176,80.2436981201,70559,70610,51
12.9563999176,80.2436981201,70610,70620,10
12.9560403824,80.2435836792,70620,70630,10
12.9554700851,80.243270874,70630,70640,10
12.9547395706,80.2429199219,70640,70650,10
12.9540395737,80.2426376343,70650,70660,10
12.9535198212,80.242401123,70660,70670,10
12.9527997971,80.2421188354,70670,70680,10
12.95154953,80.2416915894,70680,70701,21
12.95154953,80.2416915894,70701,70711,10
12.9512395859,80.2415466309,70711,70721,10
12.9508895874,80.2414398193,70721,70741,20
12.9508895874,80.2414398193,70741,70751,10
12.9506101608,80.2413635254,70751,70761,10
12.9500799179,80.2411880493,70761,70771,10
12.9495000839,80.2410125732,70771,70781,10
12.9489803314,80.2408218384,70781,70791,10
12.9488401413,80.2405090332,70791,70802,11
12.9490203857,80.2397918701,70802,70812,10
12.949139595,80.2393188477,70812,70822,10
12.9491701126,80.2392578125,70822,70832,10
12.9492702484,80.2389221191,70832,70842,10
12.949379921,80.2382507324,70842,70872,30
12.949379921,80.2382507324,70872,70882,10
12.9494104385,80.2379837036,70882,70892,10
12.9494400024,80.2378616333,70892,70903,11
12.9495201111,80.237487793,70903,70913,10
12.9495897293,80.2369232178,70913,70923,10
12.9496603012,80.236076355,70923,70963,40
12.9496603012,80.236076355,70963,70973,10
12.949760437,80.2355422974,70973,70983,10
12.9498796463,80.2350311279,70983,70993,10
12.949930191,80.2346420288,70993,71003,10
12.9499597549,80.2339630127,71003,71024,21
12.9499597549,80.2339630127,71024,71034,10
12.9499702454,80.2335891724,71034,71044,10
12.9499502182,80.2329101563,71044,71054,10
12.9498796463,80.2320022583,71054,71064,10
12.9498300552,80.2312316895,71064,71074,10
12.9497900009,80.2304077148,71074,71084,10
12.9497203827,80.2293624878,71084,71094,10
12.9496603012,80.2281417847,71094,71104,10
12.9495897293,80.2268218994,71104,71115,11
12.9495000839,80.2252578735,71115,71125,10
12.9494304657,80.2237625122,71125,71135,10
12.9493503571,80.2221984863,71135,71145,10
12.9492301941,80.2206268311,71145,71155,10
12.9490604401,80.2190322876,71155,71163,8
12.9489297867,80.2177276611,71163,71175,12
12.9487800598,80.2161407471,71175,71185,10
12.9486198425,80.2147598267,71185,71195,10
12.9484901428,80.2135162354,71195,71205,10
12.9483995438,80.2124099731,71205,71215,10
12.9483699799,80.2112197876,71215,71226,11
12.948340416,80.2107772827,71226,71236,10
12.9483003616,80.2105331421,71236,71327,91
12.9483003616,80.2105331421,71327,71337,10
12.948340416,80.2103881836,71337,71347,10
12.948340416,80.2101669312,71347,71357,10
12.9484100342,80.2098083496,71357,71367,10
12.9484395981,80.2094573975,71367,71377,10
12.9484500885,80.2091369629,71377,71387,10
12.9484701157,80.208770752,71387,71397,10
12.9484901428,80.2086410522,71397,71407,10
12.9485197067,80.2081832886,71407,71417,10
12.9485797882,80.2074966431,71417,71428,11
12.9486398697,80.2065582275,71428,71438,10
12.9486703873,80.2057189941,71438,71448,10
12.9486598969,80.2047424316,71448,71458,10
12.9486198425,80.2036819458,71458,71468,10
12.9485902786,80.2025375366,71468,71478,10
12.9485502243,80.2014007568,71478,71488,10
12.94851017,80.2004089355,71488,71498,10
12.9484701157,80.1998901367,71498,71508,10
12.9484596252,80.1996383667,71508,71518,10
12.9484596252,80.1996231079,71518,71528,10
12.9484596252,80.1994094849,71528,71539,11
12.9484596252,80.1990966797,71539,71549,10
12.9484300613,80.1985168457,71549,71559,10
12.9484195709,80.1981811523,71559,71569,10
12.9484300613,80.1976470947,71569,71579,10
12.9484596252,80.1968536377,71579,71589,10
12.9484701157,80.1959533691,71589,71599,10
12.9484701157,80.1954498291,71599,71609,10
12.9484596252,80.1949462891,71609,71619,10
12.9484796524,80.1941986084,71619,71629,10
12.94851017,80.1932983398,71629,71640,11
12.9485397339,80.1921234131,71640,71650,10
12.9485998154,80.1909484863,71650,71660,10
12.9486598969,80.1899108887,71660,71670,10
12.9487495422,80.1891021729,71670,71680,10
12.9488296509,80.188117981,71680,71690,10
12.9489202499,80.1871795654,71690,71700,10
12.9489803314,80.1859436035,71700,71710,10
12.948969841,80.1855163574,71710,71791,81
12.948969841,80.1855163574,71791,71801,10
12.9489803314,80.1854019165,71801,71811,10
12.9490404129,80.1849136353,71811,71821,10
12.949090004,80.1843795776,71821,71831,10
12.9490995407,80.184211731,71831,71841,10
12.949139595,80.1839599609,71841,71852,11
12.9492397308,80.1832809448,71852,71862,10
12.949379921,80.1824798584,71862,71872,10
12.9495201111,80.181678772,71872,71882,10
12.9495897293,80.1812896729,71882,71892,10
12.9497098923,80.1806869507,71892,71902,10
12.9498596191,80.1798934937,71902,71912,10
12.9500999451,80.1788787842,71912,71922,10
12.9504003525,80.177696228,71922,71932,10
12.9506998062,80.1765365601,71932,71942,10
12.950969696,80.1753616333,71942,71952,10
12.9511604309,80.174369812,71952,71963,11
12.9514102936,80.173286438,71963,71973,10
12.9516096115,80.1721572876,71973,71983,10
12.9517202377,80.1713790894,71983,71993,10
12.9517698288,80.171081543,71993,72003,10
12.951880455,80.1704483032,72003,72013,10
12.9520301819,80.1696014404,72013,72023,10
12.9522104263,80.1686172485,72023,72033,10
12.9524803162,80.1675872803,72033,72043,10
12.9527997971,80.1664199829,72043,72053,10
12.9530897141,80.1651535034,72053,72064,11
12.9533996582,80.1637191772,72064,72074,10
12.9536800385,80.162399292,72074,72084,10
12.9539499283,80.1611328125,72084,72094,10
12.9541501999,80.160118103,72094,72104,10
12.9542102814,80.1597366333,72104,72114,10
12.9542503357,80.1595230103,72114,72124,10
12.9543199539,80.1591262817,72124,72134,10
12.9544000626,80.1587677002,72134,72144,10
12.9544496536,80.1585083008,72144,72154,10
12.9545297623,80.1581573486,72154,72165,11
12.95470047,80.1574172974,72165,72175,10
12.9548997879,80.1565170288,72175,72185,10
12.9551296234,80.1554718018,72185,72195,10
12.955329895,80.1545181274,72195,72205,10
12.9557504654,80.1530380249,72205,72215,10
12.9564800262,80.1519470215,72215,72225,10
12.957449913,80.1511383057,72225,72235,10
12.9580898285,80.1506195068,72235,72245,10
12.9586000443,80.1502075195,72245,72255,10
12.9587898254,80.1500320435,72255,72265,10
12.9590597153,80.1498413086,72265,72276,11
12.9595003128,80.1492767334,72276,72286,10
12.9596796036,80.1485137939,72286,72296,10
12.9598302841,80.1477508545,72296,72306,10
12.9599895477,80.1469802856,72306,72316,10
12.9601602554,80.1461029053,72316,72326,10
12.9602203369,80.1456375122,72326,72336,10
12.9600296021,80.1453781128,72336,72346,10
12.9594202042,80.1450576782,72346,72356,10
12.9585895538,80.1446228027,72356,72366,10
12.95814991,80.1443634033,72366,72377,11
12.9577999115,80.1441574097,72377,72387,10
12.9573097229,80.1438827515,72387,72397,10
12.9567403793,80.1436004639,72397,72407,10
12.9563798904,80.143447876,72407,72417,10
12.9560804367,80.1432571411,72417,72427,10
12.9556102753,80.1429595947,72427,72437,10
12.9550600052,80.1426391602,72437,72447,10
12.9544095993,80.1423110962,72447,72457,10
12.9540500641,80.1421432495,72457,72467,10
12.9539299011,80.1420516968,72467,72476,9
12.9537601471,80.141960144,72476,72488,12
12.953499794,80.1418075562,72488,72498,10
12.9529800415,80.1415405273,72498,72518,20
12.9529800415,80.1415405273,72518,72528,10
12.9526796341,80.1413421631,72528,72538,10
12.9522399902,80.1410369873,72538,72558,20
12.9522399902,80.1410369873,72558,72568,10
12.9520597458,80.1408920288,72568,72578,10
12.9518003464,80.1407165527,72578,72589,11
12.9515600204,80.1405563354,72589,72609,20
12.9515600204,80.1405563354,72609,72619,10
12.9513397217,80.1403579712,72619,72629,10
12.9508895874,80.140007019,72629,72639,10
12.950220108,80.139503479,72639,72649,10
12.9494199753,80.1388397217,72649,72659,10
12.948559761,80.138130188,72659,72669,10
12.9476299286,80.1374816895,72669,72679,10
12.946680069,80.136756897,72679,72689,10
12.9456195831,80.1359329224,72689,72700,11
12.9444303513,80.135017395,72700,72710,10
12.9435596466,80.1343231201,72710,72720,10
12.9424800873,80.1332778931,72720,72750,30
12.9424800873,80.1332778931,72750,72760,10
12.9422903061,80.1330490112,72760,72770,10
12.9417695999,80.1325073242,72770,72780,10
12.9410800934,80.1317901611,72780,72790,10
12.9402704239,80.1309585571,72790,72801,11
12.9392795563,80.1300125122,72801,72811,10
12.9383201599,80.1291732788,72811,72821,10
12.9374198914,80.12840271,72821,72831,10
12.9371204376,80.1281585693,72831,72841,10
12.9368000031,80.1279296875,72841,72851,10
12.936750412,80.1278686523,72851,72861,10
12.93653965,80.1277008057,72861,72871,10
12.936340332,80.1275405884,72871,72881,10
12.9363298416,80.127532959,72881,72891,10
12.9360799789,80.1273193359,72891,72901,10
12.9356403351,80.1269073486,72901,72912,11
12.9350099564,80.1263275146,72912,72922,10
12.9342899323,80.1256713867,72922,72932,10
12.9334602356,80.1248626709,72932,72942,10
12.9327096939,80.1240921021,72942,72952,10
12.9321203232,80.1235122681,72952,72962,10
12.9314603806,80.1228637695,72962,72972,10
12.9308900833,80.1222610474,72972,72982,10
12.9303302765,80.1217269897,72982,72992,10
12.9298601151,80.1212997437,72992,73002,10
12.9294395447,80.1208496094,73002,73013,11
12.9289598465,80.1203231812,73013,73023,10
12.928440094,80.1198120117,73023,73033,10
12.9279298782,80.1193389893,73033,73073,40
12.9279298782,80.1193389893,73073,73083,10
12.9276599884,80.1190414429,73083,73093,10
12.9275102615,80.1188812256,73093,73103,10
12.9273195267,80.1186904907,73103,73114,11
12.9271202087,80.1184616089,73114,73164,50
12.9271202087,80.1184616089,73164,73174,10
12.9268598557,80.1182022095,73174,73184,10
12.9265003204,80.1178436279,73184,73194,10
12.9260597229,80.1174697876,73194,73214,20
12.9260597229,80.1174697876,73214,73225,11
12.9259796143,80.1174087524,73225,73235,10
12.9257202148,80.1171875,73235,73245,10
12.9253501892,80.1168365479,73245,73255,10
12.9248895645,80.1163711548,73255,73265,10
12.9244403839,80.1159210205,73265,73275,10
12.9242095947,80.1156997681,73275,73285,10
12.9238796234,80.1153564453,73285,73295,10
12.9239597321,80.1150588989,73295,73305,10
12.9242296219,80.1152191162,73305,73315,10
12.9244499207,80.1154632568,73315,73326,11
12.9248504639,80.1158828735,73326,73336,10
12.9252700806,80.1163024902,73336,73346,10
12.9257001877,80.1167526245,73346,73356,10
12.9260396957,80.1171417236,73356,73366,10
12.926199913,80.1173782349,73366,73376,10
12.9264001846,80.1176071167,73376,73386,10
12.9267396927,80.1179199219,73386,73396,10
12.9271097183,80.1182022095,73396,73427,31
12.9271097183,80.1182022095,73427,73437,10
12.9272499084,80.1183929443,73437,73447,10
12.9273700714,80.118637085,73447,73457,10
12.9276599884,80.118927002,73457,73467,10
12.9281101227,80.1193695068,73467,73477,10
12.9285001755,80.1197128296,73477,73588,111
12.9287796021,80.1199493408,73588,73608,20
12.9287796021,80.1199493408,73608,73618,10
12.9289703369,80.1201782227,73618,73628,10
12.9293603897,80.1205596924,73628,73639,11
12.929980278,80.1211700439,73639,73649,10
12.9304199219,80.1216430664,73649,73659,10
12.9309396744,80.1221618652,73659,73669,10
12.9314203262,80.1226501465,73669,73679,10
12.9319696426,80.1232528687,73679,73689,10
12.9326696396,80.1239700317,73689,73699,10
12.9334096909,80.1247024536,73699,73709,10
12.9341096878,80.1253890991,73709,73719,10
12.934679985,80.1259307861,73719,73729,10
12.9350099564,80.1261901855,73729,73739,10
12.9352703094,80.1264038086,73739,73750,11
12.9354801178,80.1265487671,73750,73760,10
12.9358100891,80.1268234253,73760,73770,10
12.9361200333,80.1271362305,73770,73780,10
12.9363203049,80.1273269653,73780,73790,10
12.93653965,80.1275177002,73790,73800,10
12.9367103577,80.1273880005,73800,73810,10
12.9369802475,80.126991272,73810,73820,10
12.9374103546,80.1270523071,73820,73830,10
12.9376401901,80.1274795532,73830,73840,10
12.9374599457,80.1277770996,73840,73851,11
12.9374198914,80.1278381348,73851,73861,10
12.9372901917,80.128036499,73861,73871,10
12.9373598099,80.1281814575,73871,73881,10
12.9377403259,80.1285018921,73881,73891,10
12.9383001328,80.1290664673,73891,73901,10
12.9390802383,80.1297836304,73901,73911,10
12.9397497177,80.1304092407,73911,73921,10
12.9408798218,80.1315383911,73921,73931,10
12.9418001175,80.1324768066,73931,73941,10
12.9423303604,80.1330795288,73941,73951,10
12.9423999786,80.133140564,73951,73962,11
12.9425601959,80.1333084106,73962,73972,10
12.9430704117,80.1338424683,73972,73982,10
12.9438295364,80.1345367432,73982,73992,10
12.9447498322,80.1352615356,73992,74002,10
12.9457597733,80.1360626221,74002,74012,10
12.9468402863,80.1368713379,74012,74022,10
12.9478902817,80.1376113892,74022,74032,10
12.9489803314,80.1383972168,74032,74042,10
12.9502696991,80.1393966675,74042,74083,41
12.9502696991,80.1393966675,74083,74093,10
12.9504098892,80.1395187378,74093,74103,10
12.9505901337,80.1396484375,74103,74113,10
12.9507398605,80.1397171021,74113,74123,10
12.9508895874,80.1397781372,74123,74133,10
12.9509000778,80.1397781372,74133,74143,10
12.9510803223,80.1399002075,74143,74153,10
12.9512701035,80.1400299072,74153,74164,11
12.9517002106,80.14037323,74164,74174,10
12.9519996643,80.1406784058,74174,74184,10
12.9520597458,80.140838623,74184,74194,10
12.9523000717,80.1410293579,74194,74204,10
12.9527902603,80.1414031982,74204,74214,10
12.9534101486,80.1417770386,74214,74224,10
12.9542102814,80.1421966553,74224,74234,10
12.9550304413,80.1426086426,74234,74244,10
12.9557304382,80.1429595947,74244,74254,10
12.956410408,80.1433181763,74254,74264,10
12.9570398331,80.143661499,74264,74275,11
12.9577798843,80.1440505981,74275,74285,10
12.9584302902,80.1443481445,74285,74295,10
12.9590902328,80.1446762085,74295,74305,10
12.9597597122,80.1450424194,74305,74315,10
12.9602804184,80.1453018188,74315,74325,10
12.9605197906,80.1455612183,74325,74335,10
12.9602203369,80.1460418701,74335,74345,10
12.9600601196,80.1468200684,74345,74355,10
12.959859848,80.1476974487,74355,74365,10
12.9596595764,80.1486434937,74365,74377,12
12.9594097137,80.1496200562,74377,74387,10
12.9586896896,80.1503677368,74387,74397,10
12.958530426,80.1505126953,74397,74407,10
12.958439827,80.1505584717,74407,74417,10
12.9580898285,80.1508102417,74417,74427,10
12.9575195313,80.151260376,74427,74437,10
12.9567804337,80.1518630981,74437,74447,10
12.9560203552,80.1526412964,74447,74457,10
12.9555797577,80.153678894,74457,74467,10
12.955280304,80.1548919678,74467,74477,10
12.9549798965,80.1562576294,74477,74488,11
12.9546403885,80.1578979492,74488,74498,10
12.9543895721,80.1590805054,74498,74508,10
12.9543199539,80.1596603394,74508,74518,10
12.9542198181,80.1601028442,74518,74528,10
12.9540395737,80.1609191895,74528,74538,10
12.9538202286,80.1619567871,74538,74548,10
12.9535503387,80.1631393433,74548,74558,10
12.9532899857,80.164390564,74558,74568,10
12.9530096054,80.165687561,74568,74578,10
12.9527196884,80.1669387817,74578,74589,11
12.952340126,80.1683578491,74589,74599,10
12.9520797729,80.169708252,74599,74609,10
12.9519195557,80.1706390381,74609,74619,10
12.9517498016,80.1716079712,74619,74629,10
12.9515600204,80.1727218628,74629,74639,10
12.9513597488,80.173866272,74639,74649,10
12.9511203766,80.1749191284,74649,74658,9
12.9508895874,80.1759567261,74658,74669,11
12.950630188,80.1770629883,74669,74679,10
12.9502401352,80.178527832,74679,74690,11
12.9499197006,80.179901123,74690,74700,10
12.9497203827,80.1809616089,74700,74710,10
12.9495897293,80.1817321777,74710,74720,10
12.9494495392,80.1825714111,74720,74730,10
12.9492998123,80.183380127,74730,74740,10
12.9492301941,80.1839981079,74740,74750,10
12.9491996765,80.1841506958,74750,74760,10
12.9491596222,80.1845092773,74760,74770,10
12.949139595,80.1848602295,74770,74780,10
12.9491300583,80.1851882935,74780,74821,41
12.9491300583,80.1851882935,74821,74831,10
12.9491300583,80.1854019165,74831,74841,10
12.9490499496,80.1859664917,74841,74851,10
12.9489898682,80.1866912842,74851,74861,10
12.9489202499,80.1874694824,74861,74871,10
12.9488401413,80.1883773804,74871,74881,10
12.9487695694,80.1894073486,74881,74891,10
12.9486598969,80.1903686523,74891,74902,11
12.9485797882,80.1913833618,74902,74912,10
12.9485397339,80.1927108765,74912,74922,10
12.9485301971,80.1937713623,74922,74932,10
12.94851017,80.1948471069,74932,74942,10
12.9485301971,80.1956634521,74942,74952,10
12.9485301971,80.1957702637,74952,74962,10
12.9485197067,80.1961975098,74962,74972,10
12.9484996796,80.1969680786,74972,74982,10
12.9484796524,80.1979217529,74982,74992,10
12.9484901428,80.1988220215,74992,75002,10
12.94851017,80.1996002197,75002,75013,11
12.9485397339,80.2007217407,75013,75023,10
12.9485797882,80.2018203735,75023,75032,9
12.9486103058,80.202796936,75032,75043,11
12.9486398697,80.2040405273,75043,75053,10
12.948679924,80.2052536011,75053,75063,10
12.948679924,80.2064437866,75063,75073,10
12.9486398697,80.2074584961,75073,75083,10
12.948559761,80.2084274292,75083,75093,10
12.9485301971,80.2091903687,75093,75103,10
12.9485197067,80.2093200684,75103,75114,11
12.9485197067,80.2093963623,75114,75124,10
12.9484901428,80.209777832,75124,75134,10
12.9484796524,80.2101593018,75134,75144,10
12.9484300613,80.2104187012,75144,75154,10
12.9483995438,80.2110290527,75154,75164,10
12.9484100342,80.2119216919,75164,75174,10
12.9484500885,80.2127609253,75174,75184,10
12.9485797882,80.2141113281,75184,75194,10
12.9486703873,80.2152862549,75194,75204,10
12.9487895966,80.216506958,75204,75214,10
12.9489202499,80.2177276611,75214,75225,11
12.9490499496,80.2190628052,75225,75235,10
12.9491796494,80.2202911377,75235,75245,10
12.9492998123,80.2215194702,75245,75255,10
12.949379921,80.2228088379,75255,75265,10
12.9494600296,80.2241134644,75265,75275,10
12.9495201111,80.2254104614,75275,75285,10
12.9495897293,80.2267379761,75285,75295,10
12.9496603012,80.2280807495,75295,75305,10
12.9497299194,80.2293930054,75305,75315,10
12.9498195648,80.2306213379,75315,75326,11
12.9499101639,80.2318191528,75326,75336,10
12.9499797821,80.2328033447,75336,75346,10
12.9499998093,80.2330093384,75346,75356,10
12.9500198364,80.2332763672,75356,75366,10
12.9500398636,80.2338790894,75366,75376,10
12.9500102997,80.2346420288,75376,75386,10
12.9499702454,80.2352676392,75386,75396,10
12.9499397278,80.235748291,75396,75447,51
12.9499397278,80.235748291,75447,75457,10
12.9498796463,80.2362976074,75457,75467,10
12.9497404099,80.2369003296,75467,75477,10
12.949640274,80.2376708984,75477,75487,10
12.9495296478,80.2383270264,75487,75497,10
12.9493703842,80.2391662598,75497,75507,10
12.9491796494,80.239982605,75507,75517,10
12.949090004,80.2403793335,75517,75527,10
12.9490804672,80.2404403687,75527,75538,11
12.9491796494,80.2408370972,75538,75548,10
12.9497003555,80.2410430908,75548,75558,10
12.950460434,80.2412567139,75558,75568,10
12.9510602951,80.2414169312,75568,75578,10
12.9510803223,80.2414398193,75578,75588,10
12.9514198303,80.2415618896,75588,75598,10
12.9520101547,80.2417907715,75598,75608,10
12.952750206,80.2420578003,75608,75618,10
12.953499794,80.2423706055,75618,75628,10
12.9541196823,80.2426300049,75628,75639,11
12.9548301697,80.2429199219,75639,75649,10
12.9555101395,80.2431335449,75649,75659,10
12.9562397003,80.2433395386,75659,75669,10
12.9564304352,80.2434234619,75669,75679,10
12.956870079,80.243637085,75679,75689,10
12.9575195313,80.2439498901,75689,75699,10
12.9581804276,80.2442321777,75699,75709,10
12.9588003159,80.244468689,75709,75719,10
12.9588699341,80.2444992065,75719,75729,10
12.9591302872,80.2446365356,75729,75739,10
12.9597101212,80.2449111938,75739,75750,11
12.9605703354,80.2453079224,75750,75760,10
12.9615097046,80.2457504272,75760,75770,10
12.9624996185,80.2462463379,75770,75780,10
12.9630899429,80.2465286255,75780,75790,10
12.9631204605,80.2465515137,75790,75800,10
12.9633398056,80.246673584,75800,75810,10
12.9637403488,80.2468414307,75810,75820,10
12.9642400742,80.2470321655,75820,75830,10
12.9649000168,80.2472686768,75830,75840,10
12.965760231,80.2475509644,75840,75851,11
12.9665603638,80.2479019165,75851,75861,10
12.9669303894,80.2480621338,75861,75881,20
12.9669303894,80.2480621338,75881,75891,10
12.9672298431,80.2482299805,75891,75901,10
12.9679403305,80.2485427856,75901,75911,10
12.968870163,80.2489395142,75911,75921,10
12.9699296951,80.249382019,75921,75931,10
12.971039772,80.2497787476,75931,75941,10
12.9722003937,80.2500991821,75941,75951,10
12.9733695984,80.2503890991,75951,75962,11
12.974650383,80.2507400513,75962,75972,10
12.9758701324,80.251083374,75972,75982,10
12.977060318,80.2514419556,75982,75992,10
12.9779500961,80.2520370483,75992,76002,10
12.9785299301,80.2524414063,76002,76012,10
12.979060173,80.2526168823,76012,76022,10
12.979470253,80.2526626587,76022,76042,20
12.979470253,80.2526626587,76042,76052,10
12.9796199799,80.2526702881,76052,76063,11
12.9799995422,80.2526931763,76063,76073,10
12.9806404114,80.2526779175,76073,76083,10
12.9814395905,80.2526473999,76083,76093,10
12.9824495316,80.2526092529,76093,76103,10
12.9836101532,80.2524795532,76103,76113,10
12.9846801758,80.2522125244,76113,76123,10
12.9856004715,80.2519378662,76123,76133,10
12.9860200882,80.2517700195,76133,76143,10
12.9861402512,80.251739502,76143,76153,10
12.9863595963,80.2516937256,76153,76204,51
12.9863595963,80.2516937256,76204,76214,10
12.9864997864,80.2517089844,76214,76224,10
12.9870004654,80.2515716553,76224,76234,10
12.9875001907,80.2514266968,76234,76244,10
12.9878902435,80.2515411377,76244,76254,10
12.9879598618,80.251953125,76254,76264,10
12.9879798889,80.2524032593,76264,76275,11
12.9878797531,80.2533035278,76275,76285,10
12.9877595901,80.2544631958,76285,76335,50
12.9877595901,80.2544631958,76335,76345,10
12.9877796173,80.2546005249,76345,76355,10
12.987739563,80.254989624,76355,76365,10
12.9877099991,80.2553100586,76365,76376,11
12.9876499176,80.2557678223,76376,76386,10
12.9876003265,80.2561035156,76386,76396,10
12.9875802994,80.2562713623,76396,76406,10
12.9875602722,80.256439209,76406,76416,10
12.9875497818,80.2565765381,76416,76426,10
12.9875202179,80.2568206787,76426,76436,10
12.9874601364,80.2574081421,76436,76446,10
12.9874000549,80.2582397461,76446,76456,10
12.9872102737,80.2586364746,76456,76487,31
12.9872102737,80.2586364746,76487,76497,10
12.9870004654,80.2585601807,76497,76507,10
12.9866504669,80.2589111328,76507,76557,50
12.9866504669,80.2589111328,76557,76567,10
12.9866800308,80.2590026855,76567,76577,10
12.9867296219,80.2590026855,76577,76588,11
12.9867296219,80.259147644,76588,76598,10
12.9865999222,80.2591781616,76598,76608,10
12.9865999222,80.2594223022,76608,77538,930
12.9865999222,80.2591705322,77538,84700,7162
12.9865903854,80.2592010498,84700,86356,1656
