13.050160408,80.2072296143,16,743,727
13.0501203537,80.2070770264,743,2579,1836
13.0501403809,80.2070617676,2579,4113,1534
13.0501699448,80.2071228027,4113,4921,808
13.0500898361,80.2070617676,4921,5628,707
13.0501499176,80.2070999146,5628,5709,81
13.0501403809,80.2069473267,5709,8474,2765
13.0501203537,80.2070999146,8474,17708,9234
13.0501403809,80.2070922852,17708,18808,1100
13.0502300262,80.2072525024,18808,18959,151
13.0501003265,80.2072067261,18959,18979,20
13.0500402451,80.2072372437,18979,19534,555
13.050160408,80.2070922852,19534,19655,121
13.0500202179,80.2072067261,19655,19819,164
13.0500202179,80.2072067261,19819,19829,10
13.050069809,80.2072601318,19829,19839,10
13.0504398346,80.2072296143,19839,19849,10
13.0505304337,80.2069015503,19849,19859,10
13.0500001907,80.2068634033,19859,19920,61
13.0500001907,80.2068634033,19920,19930,10
13.0495996475,80.2068634033,19930,19940,10
13.0494003296,80.2068710327,19940,19960,20
13.0494003296,80.2068710327,19960,19970,10
13.0491695404,80.2068862915,19970,19980,10
13.0491304398,80.2071228027,19980,19990,10
13.0490503311,80.2073669434,19990,20001,11
13.0491600037,80.2077789307,20001,20011,10
13.0493602753,80.2083969116,20011,20021,10
13.0494804382,80.2090606689,20021,20031,10
13.0495796204,80.2097167969,20031,20041,10
13.0496702194,80.2104110718,20041,20051,10
13.0497598648,80.2111434937,20051,20061,10
13.0499000549,80.2117767334,20061,20071,10
13.0500297546,80.2119369507,20071,20081,10
13.0504703522,80.2119522095,20081,20091,10
13.0509700775,80.2119827271,20091,20101,10
13.0518503189,80.212020874,20101,20112,11
13.0528402328,80.2118301392,20112,20122,10
13.0537595749,80.2116012573,20122,20132,10
13.0546703339,80.2114105225,20132,20142,10
13.0556697845,80.21144104,20142,20152,10
13.05671978,80.2114181519,20152,20162,10
13.0577802658,80.2114105225,20162,20172,10
13.0588102341,80.2114486694,20172,20182,10
13.0598602295,80.2115325928,20182,20192,10
13.0609397888,80.2115707397,20192,20202,10
13.0619497299,80.2116012573,20202,20212,10
13.0627803802,80.2116012573,20212,20223,11
13.0636396408,80.2115325928,20223,20233,10
13.064499855,80.2113800049,20233,20243,10
13.065369606,80.2109222412,20243,20253,10
13.0661802292,80.2102584839,20253,20263,10
13.0669202805,80.2095413208,20263,20273,10
13.0674600601,80.2086868286,20273,20283,10
13.0679998398,80.2078170776,20283,20293,10
13.0684099197,80.2071990967,20293,20303,10
13.0689401627,80.2063980103,20303,20313,10
13.069270134,80.2059173584,20313,20323,10
13.0694999695,80.2055206299,20323,20374,51
13.0694999695,80.2055206299,20374,20384,10
13.069609642,80.2053375244,20384,20394,10
13.0697402954,80.205078125,20394,20404,10
13.0696001053,80.2048416138,20404,20414,10
13.0693101883,80.2048492432,20414,20424,10
13.0691604614,80.205078125,20424,20434,10
13.0690002441,80.2053070068,20434,20445,11
13.0686798096,80.205368042,20445,20455,10
13.0684604645,80.2053527832,20455,20465,10
13.0681495667,80.2053604126,20465,20929,464
13.0679798126,80.2051010132,20929,21121,192
13.0679798126,80.2051010132,21121,21131,10
13.0682096481,80.2049407959,21131,21141,10
13.0685396194,80.2048873901,21141,21151,10
13.0687599182,80.2047805786,21151,21161,10
13.0689401627,80.2047271729,21161,21171,10
13.0692300797,80.2046966553,21171,21181,10
13.0694799423,80.204750061,21181,21191,10
13.0696802139,80.2048034668,21191,21222,31
13.0696802139,80.2048034668,21222,21232,10
13.069849968,80.2052078247,21232,21242,10
13.0695199966,80.2057418823,21242,21252,10
13.0690498352,80.206451416,21252,21262,10
13.0684995651,80.2073364258,21262,21272,10
13.0678901672,80.2082901001,21272,21282,10
13.06731987,80.2091827393,21282,21292,10
13.0667200089,80.2099685669,21292,21302,10
13.0659999847,80.2105865479,21302,21312,10
13.0653600693,80.211151123,21312,21323,11
13.0651397705,80.2113800049,21323,21333,10
13.0649595261,80.2114181519,21333,21343,10
13.0644197464,80.2116012573,21343,21353,10
13.063659668,80.2117462158,21353,21363,10
13.0628499985,80.2117767334,21363,21373,10
13.06208992,80.2117614746,21373,21383,10
13.0610303879,80.2117080688,21383,21393,10
13.0601196289,80.2117004395,21393,21403,10
13.0587100983,80.2116088867,21403,21413,10
13.0578804016,80.2116088867,21413,21423,10
13.0577001572,80.2116317749,21423,21433,10
13.0573501587,80.2116394043,21433,21444,11
13.056599617,80.2116394043,21444,21454,10
13.0557498932,80.2116012573,21454,21464,10
13.0548000336,80.2115631104,21464,21474,10
13.0545101166,80.2115707397,21474,21484,10
13.0544395447,80.2116012573,21484,21494,10
13.0541296005,80.2116775513,21494,21504,10
13.0535697937,80.2117996216,21504,21514,10
13.0527801514,80.2120132446,21514,21524,10
13.0519599915,80.2121963501,21524,21534,10
13.0511102676,80.2121963501,21534,21544,10
13.050620079,80.2122573853,21544,21555,11
13.0500497818,80.2122497559,21555,21565,10
13.0497198105,80.2122192383,21565,21585,20
13.0497198105,80.2122192383,21585,21601,16
13.0495004654,80.2121963501,21601,21613,12
13.0488901138,80.2121887207,21613,21623,10
13.0481300354,80.2122421265,21623,21633,10
13.0471897125,80.212310791,21633,21643,10
13.046090126,80.2123413086,21643,21653,10
13.0451602936,80.2123794556,21653,21664,11
13.0437803268,80.2124023438,21664,21674,10
13.0426797867,80.2124023438,21674,21684,10
13.0414896011,80.2124099731,21684,21694,10
13.0402898788,80.2123794556,21694,21704,10
13.0391702652,80.2124099731,21704,21714,10
13.0380401611,80.2124099731,21714,21724,10
13.0369997025,80.2123718262,21724,21734,10
13.0359296799,80.2123336792,21734,21744,10
13.0350399017,80.2122879028,21744,21754,10
13.0344696045,80.2121887207,21754,21764,10
13.0342302322,80.2121276855,21764,21775,11
13.0340299606,80.2120895386,21775,21785,10
13.033490181,80.2119903564,21785,21795,10
13.032699585,80.2118301392,21795,21805,10
13.0319700241,80.211517334,21805,21815,10
13.0320501328,80.2107162476,21815,21825,10
13.032119751,80.2098007202,21825,21835,10
13.0317201614,80.2095794678,21835,21845,10
13.0309896469,80.2093734741,21845,21861,16
13.0298099518,80.2090377808,21861,21873,12
13.0296001434,80.2089691162,21873,21884,11
13.0293397903,80.2089233398,21884,21894,10
13.0285701752,80.2087097168,21894,21903,9
13.0277795792,80.2083969116,21903,21914,11
13.0268697739,80.207862854,21914,21924,10
13.0259199142,80.2072906494,21924,21933,9
13.0249500275,80.20703125,21933,21943,10
13.0242595673,80.2069320679,21943,21954,11
13.0239801407,80.2068481445,21954,21964,10
13.0232496262,80.206703186,21964,21974,10
13.0223999023,80.20652771,21974,21984,10
13.0214099884,80.2064666748,21984,21995,11
13.0201396942,80.2064590454,21995,22005,10
13.0192604065,80.2063674927,22005,22015,10
13.019080162,80.2063369751,22015,22025,10
13.0189399719,80.2062988281,22025,22034,9
13.0185203552,80.2061233521,22034,22045,11
13.0177297592,80.2059173584,22045,22055,10
13.0171003342,80.2056427002,22055,22065,10
13.0163803101,80.2053527832,22065,22074,9
13.0156097412,80.2050476074,22074,22085,11
13.0145597458,80.2047119141,22085,22096,11
13.0142402649,80.2046203613,22096,22106,10
13.0141000748,80.2045974731,22106,22116,10
13.0137195587,80.204460144,22116,22126,10
13.0135698318,80.2047424316,22126,22136,10
13.0134000778,80.2053222656,22136,22145,9
13.0131797791,80.2060012817,22145,22156,11
13.0130195618,80.2070617676,22156,22166,10
13.0129404068,80.2077789307,22166,22176,10
13.0128898621,80.208366394,22176,22186,10
13.0129003525,80.208770752,22186,22196,10
13.0129995346,80.2093276978,22196,22207,11
13.0132198334,80.2099914551,22207,22217,10
13.0130596161,80.210899353,22217,22227,10
13.0126495361,80.2116775513,22227,22237,10
13.012140274,80.2125015259,22237,22247,10
13.0118904114,80.2128067017,22247,22257,10
13.0116195679,80.2127075195,22257,22267,10
13.0111703873,80.2124023438,22267,22277,10
13.0105695724,80.2119293213,22277,22287,10
13.0099201202,80.2114181519,22287,22297,10
13.0094804764,80.2110519409,22297,22388,91
13.0094804764,80.2110519409,22388,22398,10
13.0090799332,80.2113800049,22398,22408,10
13.0090303421,80.2116775513,22408,22418,10
13.0092000961,80.2122268677,22418,22428,10
13.0094404221,80.2129364014,22428,22439,11
13.0097303391,80.2136993408,22439,22449,10
13.0100402832,80.2143936157,22449,22459,10
13.0101995468,80.215171814,22459,22469,10
13.0104398727,80.2161026001,22469,22479,10
13.0109100342,80.2171401978,22479,22489,10
13.011349678,80.2182617188,22489,22499,10
13.0117702484,80.2194519043,22499,22507,8
13.0120897293,80.2204208374,22507,22519,12
13.0123596191,80.221496582,22519,22529,10
13.0125398636,80.2218780518,22529,22539,10
13.0128002167,80.2221679688,22539,22550,11
13.0129804611,80.2222518921,22550,22560,10
13.0131998062,80.2224807739,22560,22570,10
13.0134096146,80.2227172852,22570,22580,10
13.0137500763,80.2230834961,22580,22590,10
13.0139904022,80.2233505249,22590,22600,10
13.0141201019,80.2235412598,22600,22610,10
13.0143404007,80.223739624,22610,22620,10
13.0147895813,80.2243728638,22620,22630,10
13.0152397156,80.2249221802,22630,22640,10
13.0154399872,80.225189209,22640,22650,10
13.0154600143,80.2254486084,22650,22661,11
13.0153198242,80.2257614136,22661,22671,10
13.0148000717,80.2259597778,22671,22681,10
13.0142002106,80.2262268066,22681,22691,10
13.0135297775,80.2265014648,22691,22707,16
13.0121297836,80.2270584106,22707,22719,12
13.0108699799,80.2275772095,22719,22727,8
13.010020256,80.2279129028,22727,22739,12
13.0096197128,80.2274398804,22739,22749,10
13.0100002289,80.2265701294,22749,22759,10
13.0103998184,80.2256317139,22759,22770,11
13.0108995438,80.2244796753,22770,22780,10
13.0112800598,80.2234725952,22780,22790,10
13.0109996796,80.2230377197,22790,22799,9
13.0103502274,80.2227401733,22799,22810,11
13.0095796585,80.2222900391,22810,22820,10
13.0085897446,80.2217407227,22820,22830,10
13.0076198578,80.2212295532,22830,22840,10
13.0066204071,80.220741272,22840,22850,10
13.0055103302,80.220451355,22850,22860,10
13.004650116,80.2202606201,22860,22870,10
13.0041103363,80.2201385498,22870,22881,11
13.0033597946,80.2199707031,22881,22891,10
13.0024995804,80.2195205688,22891,22901,10
13.0017795563,80.21875,22901,22911,10
13.0009403229,80.2180862427,22911,22921,10
13.0000295639,80.2175216675,22921,22931,10
12.9991397858,80.2170181274,22931,22941,10
12.9974803925,80.2165374756,22941,22961,20
12.9974803925,80.2165374756,22961,22971,10
12.9971199036,80.2165603638,22971,22981,10
12.9964799881,80.2166213989,22981,22992,11
12.99559021,80.2168121338,22992,23002,10
12.9948101044,80.2172470093,23002,23012,10
12.9941596985,80.2177124023,23012,23022,10
12.9934797287,80.2181625366,23022,23032,10
12.9927501678,80.2186737061,23032,23042,10
12.9919300079,80.219291687,23042,23052,10
12.9912595749,80.219543457,23052,23062,10
12.9905796051,80.219291687,23062,23072,10
12.989780426,80.2190093994,23072,23082,10
12.9886198044,80.2185897827,23082,23093,11
12.987569809,80.2183837891,23093,23103,10
12.9868402481,80.2182388306,23103,23113,10
12.9864597321,80.2181472778,23113,23123,10
12.985710144,80.2179794312,23123,23133,10
12.9846601486,80.2179412842,23133,23143,10
12.9839496613,80.2179870605,23143,23153,10
12.9838399887,80.2180023193,23153,23163,10
12.9834098816,80.2179794312,23163,23173,10
12.9826803207,80.2179794312,23173,23183,10
12.9817695618,80.2180023193,23183,23193,10
12.9807100296,80.2182693481,23193,23203,10
12.9797296524,80.2186279297,23203,23214,11
12.9789104462,80.2189712524,23214,23224,10
12.9783000946,80.2192001343,23224,23234,10
12.9775400162,80.2194900513,23234,23244,10
12.9765396118,80.2198867798,23244,23254,10
12.9756298065,80.2203369141,23254,23264,10
12.9757099152,80.2209396362,23264,23274,10
12.9761600494,80.2214736938,23274,23284,10
12.9762897491,80.2216033936,23284,23294,10
12.9763898849,80.2217330933,23294,23304,10
12.9765996933,80.2221908569,23304,23314,10
12.9769802094,80.2228469849,23314,23325,11
12.9775400162,80.223777771,23325,23335,10
12.9781599045,80.2247467041,23335,23345,10
12.978770256,80.2257385254,23345,23355,10
12.9792699814,80.2265777588,23355,23365,10
12.979590416,80.2270889282,23365,23375,10
12.9799003601,80.2275695801,23375,23385,10
12.9802303314,80.2281723022,23385,23395,10
12.9806404114,80.2288970947,23395,23405,10
12.9808397293,80.2292327881,23405,23415,10
12.9811296463,80.2296676636,23415,23425,10
12.9815196991,80.2302627563,23425,23436,11
12.9817199707,80.2305374146,23436,23446,10
12.9817695618,80.230682373,23446,23456,10
12.9819297791,80.2311325073,23456,23466,10
12.9820098877,80.2318725586,23466,23476,10
12.9819002151,80.2328186035,23476,23486,10
12.9816198349,80.2335128784,23486,23496,10
12.9813098907,80.2341308594,23496,23506,10
12.9812202454,80.2347869873,23506,23516,10
12.9812202454,80.2356185913,23516,23526,10
12.9812498093,80.236656189,23526,23536,10
12.9812803268,80.2377166748,23536,23547,11
12.981300354,80.238609314,23547,23557,10
12.9813098907,80.2386779785,23557,23567,10
12.9813098907,80.2390899658,23567,23577,10
12.9813098907,80.2396011353,23577,23587,10
12.9813203812,80.2401580811,23587,23597,10
12.9813203812,80.2409362793,23597,23607,10
12.9813203812,80.2417221069,23607,23617,10
12.9813404083,80.24243927,23617,23627,10
12.9813203812,80.2428131104,23627,23637,10
12.9813299179,80.2431030273,23637,23647,10
12.9813098907,80.2437362671,23647,23658,11
12.9812002182,80.2447280884,23658,23668,10
12.9810695648,80.2458496094,23668,23678,10
12.9809503555,80.2470169067,23678,23688,10
12.9808597565,80.2481994629,23688,23698,10
12.9807596207,80.2493591309,23698,23708,10
12.9805402756,80.2505111694,23708,23718,10
12.9803199768,80.251411438,23718,23728,10
12.9801197052,80.2522506714,23728,23738,10
12.9801101685,80.2522964478,23738,23748,10
12.980099678,80.2524032593,23748,23759,11
12.9804000854,80.2526397705,23759,23769,10
12.9810600281,80.2526397705,23769,23779,10
12.9819803238,80.2526168823,23779,23789,10
12.9831104279,80.2525482178,23789,23799,10
12.9842500687,80.2522964478,23799,23809,10
12.9853601456,80.251991272,23809,23819,10
12.9863700867,80.2517318726,23819,23829,10
12.9871501923,80.2515029907,23829,23839,10
12.9872198105,80.2514801025,23839,23849,10
12.987569809,80.2514038086,23849,23859,10
12.9879102707,80.2515487671,23859,23870,11
12.9880504608,80.2522735596,23870,23880,10
12.9879703522,80.253112793,23880,23890,10
12.9878902435,80.2539291382,23890,23900,10
12.9877796173,80.2550735474,23900,23940,40
12.9877796173,80.2550735474,23940,23950,10
12.987660408,80.2551803589,23950,23960,10
12.9876499176,80.2555999756,23960,23970,10
12.9875898361,80.2561264038,23970,23981,11
12.9875802994,80.2566833496,23981,23991,10
12.9874801636,80.2573318481,23991,24001,10
12.987449646,80.2580490112,24001,24011,10
12.9873695374,80.2587738037,24011,24021,10
12.9872598648,80.2592391968,24021,24051,30
12.9872598648,80.2592391968,24051,24061,10
12.9871902466,80.2595062256,24061,24092,31
12.987039566,80.2596206665,24092,24112,20
12.987039566,80.2596206665,24112,24122,10
12.9867897034,80.2593383789,24122,25091,969
12.9867897034,80.2593383789,25091,25101,10
12.9868402481,80.2590408325,25101,25212,111
12.9871997833,80.2591323853,25212,25242,30
12.9871997833,80.2591323853,25242,25252,10
12.9874000549,80.2590408325,25252,25262,10
12.9874296188,80.2587966919,25262,25272,10
12.9874401093,80.2587738037,25272,25282,10
12.9874696732,80.2583694458,25282,25292,10
12.9874696732,80.2580184937,25292,25302,10
12.9875297546,80.2576065063,25302,25313,11
12.9875898361,80.2567901611,25313,25322,9
12.9876403809,80.2563095093,25322,25343,21
12.9876403809,80.2563095093,25343,25353,10
12.9876403809,80.2561264038,25353,25363,10
12.9876403809,80.2557830811,25363,25373,10
12.9877595901,80.2552032471,25373,25383,10
12.9877996445,80.2545700073,25383,25393,10
12.9878396988,80.2537994385,25393,25403,10
12.9878997803,80.2528762817,25403,25413,10
12.9878902435,80.2519836426,25413,25424,11
12.9878196716,80.251701355,25424,25434,10
12.9874696732,80.2516098022,25434,25444,10
12.9871797562,80.2516708374,25444,25454,10
12.986749649,80.2517623901,25454,25464,10
12.986000061,80.2519378662,25464,25474,10
12.9850196838,80.2521820068,25474,25483,9
12.9840202332,80.2524337769,25483,25494,11
12.9827899933,80.2526397705,25494,25504,10
12.9818201065,80.2526626587,25504,25514,10
12.980799675,80.2526931763,25514,25524,10
12.9798898697,80.2524185181,25524,25545,21
12.9798898697,80.2524185181,25545,25555,10
12.9799604416,80.2521514893,25555,25565,10
12.9800901413,80.251701355,25565,25575,10
12.9803304672,80.2509536743,25575,25585,10
12.9805803299,80.2499771118,25585,25595,10
12.9807300568,80.248840332,25595,25605,10
12.9808101654,80.2476425171,25605,25615,10
12.9809398651,80.2464675903,25615,25625,10
12.981089592,80.2452774048,25625,25635,10
12.9811897278,80.2442932129,25635,25646,11
12.981300354,80.2436294556,25646,25656,10
12.9813699722,80.2429733276,25656,25686,30
12.9813699722,80.2429733276,25686,25696,10
12.9813995361,80.2426834106,25696,25706,10
12.9814100266,80.2420730591,25706,25716,10
12.9813995361,80.2411727905,25716,25726,10
12.9813804626,80.2401199341,25726,25736,10
12.9813604355,80.2391967773,25736,25746,10
12.9813203812,80.238243103,25746,25756,10
12.9813098907,80.2379379272,25756,25767,11
12.9813098907,80.2376785278,25767,25777,10
12.9812803268,80.2370834351,25777,25787,10
12.9812602997,80.2362136841,25787,25797,10
12.9812202454,80.2351837158,25797,25807,10
12.981300354,80.2341079712,25807,25817,10
12.981590271,80.2333984375,25817,25827,10
12.9816198349,80.2333679199,25827,25837,10
12.9817495346,80.2331237793,25837,25847,10
12.9819402695,80.2325973511,25847,25857,10
12.9819898605,80.2320175171,25857,25867,10
12.9819498062,80.231338501,25867,25878,11
12.9816904068,80.2306594849,25878,25888,10
12.9812498093,80.2299118042,25888,25904,16
12.9807796478,80.2291564941,25904,25916,12
12.9806995392,80.2290115356,25916,25926,10
12.9805803299,80.2288131714,25926,25936,10
12.9802999496,80.2282867432,25936,25946,10
12.9799203873,80.2276763916,25946,25956,10
12.9794197083,80.2268600464,25956,25966,10
12.9788398743,80.2258834839,25966,25975,9
12.9783201218,80.2249832153,25975,25987,12
12.9778795242,80.2243423462,25987,25997,10
12.9774599075,80.2236785889,25997,26007,10
12.9770002365,80.22290802,26007,26017,10
12.9765501022,80.2221984863,26017,26027,10
12.9762001038,80.2216567993,26027,26037,10
12.9759502411,80.2213516235,26037,26067,30
12.9759502411,80.2213516235,26067,26077,10
12.9755001068,80.2208480835,26077,26108,31
12.9755001068,80.2208480835,26108,26118,10
12.9753704071,80.2205963135,26118,26128,10
12.9755802155,80.2203979492,26128,26138,10
12.9760103226,80.2201385498,26138,26148,10
12.9767198563,80.2198104858,26148,26158,10
12.9775896072,80.2194519043,26158,26174,16
12.9786596298,80.2190170288,26174,26186,12
12.9793996811,80.2187423706,26186,26194,8
12.9799499512,80.2185287476,26194,26207,13
12.9806995392,80.2182312012,26207,26217,10
12.9814996719,80.217956543,26217,26227,10
12.9825000763,80.2178421021,26227,26237,10
12.9835596085,80.2178268433,26237,26247,10
12.9838399887,80.2178726196,26247,26257,10
12.9841299057,80.2179031372,26257,26267,10
12.9848203659,80.2178726196,26267,26277,10
12.9856395721,80.2179107666,26277,26287,10
12.9867401123,80.218132019,26287,26297,10
12.9874801636,80.2182922363,26297,26307,10
12.9882698059,80.2184524536,26307,26318,11
12.9893302917,80.2187576294,26318,26328,10
12.9903402328,80.2191009521,26328,26338,10
12.9913196564,80.2194213867,26338,26348,10
12.9920701981,80.2192001343,26348,26358,10
12.9927196503,80.2187194824,26358,26368,10
12.9938297272,80.217918396,26368,26378,10
12.9946403503,80.2173461914,26378,26388,10
12.9955596924,80.216758728,26388,26398,10
12.9963703156,80.2165679932,26398,26408,10
12.9970798492,80.216468811,26408,26418,10
12.9975004196,80.2161483765,26418,26429,11
12.9976301193,80.2160568237,26429,26439,10
12.9979600906,80.2157516479,26439,26449,10
12.9984903336,80.2152786255,26449,26459,10
12.99903965,80.2148208618,26459,26469,10
12.9993000031,80.2146072388,26469,26479,10
12.9997396469,80.2142410278,26479,26489,10
13.0002002716,80.2138519287,26489,26499,10
13.0007600784,80.2133712769,26499,26515,16
13.0017995834,80.2125396729,26515,26527,12
13.0024700165,80.2121810913,26527,26536,9
13.0028400421,80.2121124268,26536,26546,10
13.0036401749,80.2119827271,26546,26569,23
13.0036401749,80.2119827271,26569,26579,10
13.0037603378,80.2117614746,26579,26589,10
13.0037403107,80.2111816406,26589,26598,9
13.0036497116,80.2105331421,26598,26609,11
13.0035495758,80.2096405029,26609,26619,10
13.0036897659,80.2088470459,26619,26629,10
13.0043697357,80.2087936401,26629,26639,10
13.0050897598,80.2091064453,26639,26650,11
13.0059995651,80.2094802856,26650,26660,10
13.0065402985,80.2096481323,26660,26670,10
13.0073795319,80.2098312378,26670,26700,30
13.0073795319,80.2098312378,26700,26710,10
13.0076704025,80.2098770142,26710,26720,10
13.0080003738,80.2099533081,26720,26730,10
13.0081796646,80.2098007202,26730,26740,10
13.0080404282,80.2091522217,26740,26750,10
13.007900238,80.2082290649,26750,26761,11
13.0077400208,80.2072296143,26761,26771,10
13.0075902939,80.2061233521,26771,26781,10
13.0075302124,80.2050018311,26781,26791,10
13.0074901581,80.2040176392,26791,26800,9
13.0073404312,80.2030410767,26800,26811,11
13.0066099167,80.2026824951,26811,26821,10
13.0068302155,80.20337677,26821,26831,10
13.0075798035,80.2036895752,26831,26841,10
13.0085802078,80.2036972046,26841,26851,10
13.0097999573,80.2036209106,26851,26861,10
13.0110797882,80.2036514282,26861,26872,11
13.0124998093,80.2038803101,26872,26882,10
13.0136404037,80.2041778564,26882,26892,10
13.0146198273,80.204498291,26892,26902,10
13.0150203705,80.2046203613,26902,26912,10
13.0153198242,80.2047424316,26912,26922,10
13.0160598755,80.205039978,26922,26932,10
13.0167598724,80.2052230835,26932,26942,10
13.0176200867,80.2055206299,26942,26952,10
13.0182199478,80.2057495117,26952,26962,10
13.0186300278,80.2059173584,26962,26972,10
13.0186796188,80.205947876,26972,26983,11
13.0190696716,80.2061309814,26983,26993,10
13.0197496414,80.2062835693,26993,27003,10
13.0206699371,80.2062835693,27003,27013,10
13.0217199326,80.2062988281,27013,27022,9
13.0227298737,80.2063980103,27022,27033,11
13.0238399506,80.2066192627,27033,27043,10
13.0250301361,80.2068481445,27043,27053,10
13.0261001587,80.20728302,27053,27062,9
13.0270004272,80.2078170776,27062,27072,10
13.0280303955,80.2084197998,27072,27083,11
13.0293302536,80.208770752,27083,27094,11
13.0301103592,80.2089996338,27094,27114,20
13.0301103592,80.2089996338,27114,27124,10
13.0304603577,80.2090911865,27124,27134,10
13.0314102173,80.2093505859,27134,27154,20
13.0314102173,80.2093505859,27154,27164,10
13.0315103531,80.2094192505,27164,27174,10
13.0319004059,80.2095184326,27174,27184,10
13.0324697495,80.2096328735,27184,27194,10
13.0331602097,80.2097396851,27194,27205,11
13.0340795517,80.2098770142,27205,27215,10
13.0347003937,80.2099380493,27215,27255,40
13.0347003937,80.2099380493,27255,27265,10
13.0350198746,80.2100601196,27265,27275,10
13.0350999832,80.2105026245,27275,27285,10
13.0350503922,80.2110137939,27285,27295,10
13.0350503922,80.2112426758,27295,27305,10
13.0350399017,80.2112426758,27305,27316,11
13.0349702835,80.21144104,27316,27326,10
13.0349197388,80.2118377686,27326,27336,10
13.0349197388,80.2118988037,27336,27346,10
13.0350799561,80.2121582031,27346,27356,10
13.0356397629,80.2122573853,27356,27366,10
13.0365400314,80.2123031616,27366,27376,10
13.0374803543,80.2123413086,27376,27386,10
13.038599968,80.2123336792,27386,27396,10
13.0397596359,80.2122879028,27396,27406,10
13.0409698486,80.2122497559,27406,27416,10
13.0421600342,80.212272644,27416,27427,11
13.0433597565,80.2122421265,27427,27437,10
13.0440998077,80.2122192383,27437,27536,99
13.0440998077,80.2122192383,27536,27546,10
13.0444602966,80.2122116089,27546,27556,10
13.0451698303,80.2121963501,27556,27566,10
13.045999527,80.2121582031,27566,27576,10
13.0469198227,80.2121429443,27576,27586,10
13.048500061,80.2120285034,27586,27606,20
13.048500061,80.2120285034,27606,27616,10
13.0488300323,80.212020874,27616,27626,10
13.0495004654,80.2119598389,27626,27636,10
13.0500402451,80.2119293213,27636,27647,11
13.0506801605,80.2119827271,27647,27657,10
13.0513296127,80.212020874,27657,27667,10
13.0523395538,80.2119064331,27667,27677,10
13.0534296036,80.2116317749,27677,27687,10
13.0543699265,80.2114028931,27687,27697,10
13.0546302795,80.2114028931,27697,27707,10
13.055150032,80.21144104,27707,27717,10
13.056019783,80.2114715576,27717,27727,10
13.0570497513,80.21144104,27727,27737,10
13.0576696396,80.2114486694,27737,27747,10
13.057849884,80.2114715576,27747,27758,11
13.0585098267,80.2114562988,27758,27768,10
13.0593500137,80.211517334,27768,27778,10
13.0604095459,80.2115783691,27778,27788,10
13.0614299774,80.2116165161,27788,27798,10
13.0624103546,80.2115936279,27798,27808,10
13.0634899139,80.2115402222,27808,27817,9
13.0643901825,80.2114181519,27817,27827,10
13.0653800964,80.210899353,27827,27838,11
13.0663900375,80.2100524902,27838,27847,9
13.0670499802,80.2093582153,27847,27858,11
13.0677204132,80.2082901001,27858,27869,11
13.0684204102,80.2072296143,27869,27879,10
13.0689401627,80.2063980103,27879,27889,10
13.0692100525,80.2059783936,27889,27899,10
13.0694303513,80.205581665,27899,27909,10
13.0696001053,80.2052230835,27909,27939,30
13.0696001053,80.2052230835,27939,27949,10
13.0697002411,80.205078125,27949,27959,10
13.0695495605,80.2048110962,27959,27969,10
13.0691795349,80.2050018311,27969,27980,11
13.0686597824,80.2054595947,27980,28060,80
13.0686597824,80.2054595947,28060,28070,10
13.0684604645,80.2054595947,28070,28080,10
13.068110466,80.2054290771,28080,28091,11
13.0679502487,80.2051620483,28091,28171,80
13.0679502487,80.2051620483,28171,28181,10
13.0680198669,80.2050094604,28181,28191,10
13.0684604645,80.2049331665,28191,28202,11
13.0689697266,80.2047729492,28202,28212,10
13.069149971,80.2047271729,28212,28222,10
13.069270134,80.2047424316,28222,28232,10
13.0695800781,80.2048034668,28232,28242,10
13.0698204041,80.2049179077,28242,28262,20
13.0698204041,80.2049179077,28262,28272,10
13.0698404312,80.2050094604,28272,28282,10
13.0698099136,80.2053222656,28282,28292,10
13.0694704056,80.2058486938,28292,28302,10
13.0690202713,80.2065429688,28302,28313,11
13.0684204102,80.2074813843,28313,28323,10
13.0678396225,80.2084121704,28323,28333,10
13.0676603317,80.2087173462,28333,28343,10
13.0675201416,80.2089996338,28343,28353,10
13.067150116,80.2095413208,28353,28363,10
13.0665998459,80.2101516724,28363,28373,10
13.0658197403,80.2107925415,28373,28383,10
13.0652399063,80.2112426758,28383,28393,10
13.0651597977,80.2113037109,28393,28403,10
13.0650501251,80.2113418579,28403,28413,10
13.0649204254,80.2114105225,28413,28424,11
13.0643501282,80.2116012573,28424,28434,10
13.0636796951,80.2117385864,28434,28444,10
13.0629301071,80.2117080688,28444,28454,10
13.0621004105,80.2117996216,28454,28464,10
13.0608997345,80.2117233276,28464,28474,10
13.0597295761,80.2116622925,28474,28484,10
13.0586795807,80.2116088867,28484,28494,10
13.0579500198,80.2115936279,28494,28504,10
13.0577802658,80.2116088867,28504,28514,10
13.0576200485,80.2115783691,28514,28524,10
13.0571603775,80.2115402222,28524,28535,11
13.0564203262,80.2115020752,28535,28545,10
13.055560112,80.2114486694,28545,28555,10
13.0545597076,80.2114334106,28555,28565,10
13.053440094,80.211730957,28565,28575,10
13.0523004532,80.212059021,28575,28585,10
13.0512199402,80.2121582031,28585,28601,16
13.0497598648,80.2121429443,28601,28633,32
13.0497598648,80.2121429443,28633,28643,10
13.0494003296,80.2121276855,28643,28654,11
13.0486698151,80.2121810913,28654,28664,10
13.047829628,80.2122421265,28664,28674,10
13.0468301773,80.2123031616,28674,28684,10
13.0457000732,80.2123413086,28684,28694,10
13.0444803238,80.2124176025,28694,28765,71
13.0444803238,80.2124176025,28765,28775,10
13.0441398621,80.2124328613,28775,28785,10
13.043680191,80.2123794556,28785,28795,10
13.0428495407,80.212387085,28795,28805,10
13.0420398712,80.212387085,28805,28815,10
13.041469574,80.2122192383,28815,28825,10
13.0409803391,80.2124099731,28825,28835,10
13.04047966,80.212677002,28835,28845,10
13.039899826,80.2126998901,28845,28855,10
13.0385398865,80.212852478,28855,28866,11
13.0365104675,80.2125778198,28866,28876,10
13.0350503922,80.2123565674,28876,28886,10
13.0344800949,80.2121963501,28886,28896,10
13.0344696045,80.2122116089,28896,28906,10
13.0343904495,80.2122192383,28906,28916,10
13.0340795517,80.2121429443,28916,28926,10
13.0335998535,80.2119903564,28926,28936,10
13.0328702927,80.2118377686,28936,28946,10
13.0321702957,80.2117233276,28946,28956,10
13.0320196152,80.21118927,28956,28966,10
13.0320796967,80.2104263306,28966,28977,11
13.0320501328,80.2096328735,28977,28987,10
13.031419754,80.2094116211,28987,28997,10
13.0303096771,80.2091827393,28997,29037,40
13.0303096771,80.2091827393,29037,29047,10
13.0300598145,80.2090606689,29047,29057,10
13.0296096802,80.2089614868,29057,29077,20
13.0296096802,80.2089614868,29077,29088,11
13.0292301178,80.2088394165,29088,29098,10
13.0285902023,80.2086486816,29098,29108,10
13.0278396606,80.2083892822,29108,29118,10
13.027130127,80.2079772949,29118,29128,10
13.0263395309,80.2075119019,29128,29138,10
13.0253801346,80.2070922852,29138,29148,10
13.0244703293,80.2069396973,29148,29158,10
13.0242900848,80.2069091797,29158,29168,10
13.0241603851,80.2068786621,29168,29178,10
13.0237598419,80.20677948,29178,29188,10
13.0230903625,80.2066421509,29188,29199,11
13.022190094,80.206489563,29199,29209,10
13.0214595795,80.2064590454,29209,29219,10
13.0206098557,80.2064590454,29219,29229,10
13.0196695328,80.2064285278,29229,29239,10
13.0190000534,80.2062835693,29239,29259,20
13.0190000534,80.2062835693,29259,29269,10
13.0188302994,80.2062606812,29269,29279,10
13.018409729,80.2061233521,29279,29289,10
13.017780304,80.2058868408,29289,29299,10
13.0172796249,80.2057113647,29299,29310,11
13.0165395737,80.2053375244,29310,29320,10
13.0156898499,80.205039978,29320,29330,10
13.0146398544,80.2047424316,29330,29340,10
13.0137796402,80.2044296265,29340,29350,10
13.0136098862,80.2045135498,29350,29360,10
13.0135402679,80.2047424316,29360,29370,10
13.0135097504,80.2048187256,29370,29380,10
13.0133895874,80.2051773071,29380,29390,10
13.0132102966,80.2057495117,29390,29400,10
13.0130300522,80.2065124512,29400,29410,10
13.0129804611,80.2074203491,29410,29421,11
13.0128803253,80.2080230713,29421,29431,10
13.0128803253,80.2085189819,29431,29441,10
13.0128602982,80.2088394165,29441,29451,10
13.0130300522,80.2093734741,29451,29461,10
13.0131597519,80.2099685669,29461,29471,10
13.0130596161,80.2107391357,29471,29481,10
13.012720108,80.2115783691,29481,29491,10
13.012169838,80.2124633789,29491,29507,16
13.0117101669,80.2127990723,29507,29519,12
13.0112895966,80.2124404907,29519,29529,10
13.010720253,80.2120132446,29529,29540,11
13.009929657,80.2113494873,29540,29590,50
13.009929657,80.2113494873,29590,29600,10
13.0096998215,80.21118927,29600,29691,91
13.0096998215,80.21118927,29691,29701,10
13.0093097687,80.2111206055,29701,29711,10
13.0089797974,80.2115402222,29711,29721,10
13.0091295242,80.2119598389,29721,29731,10
13.0093202591,80.2125473022,29731,29741,10
13.0095596313,80.213180542,29741,29752,11
13.0098600388,80.2139282227,29752,29762,10
13.010140419,80.214630127,29762,29772,10
13.0102100372,80.2151412964,29772,29782,10
13.010310173,80.2157592773,29782,29792,10
13.0106296539,80.216506958,29792,29802,10
13.0109701157,80.2172088623,29802,29812,10
13.0112895966,80.2179031372,29812,29822,10
13.0115995407,80.2187576294,29822,29832,10
13.0119304657,80.2199401855,29832,29842,10
13.012260437,80.2209625244,29842,29852,10
13.0126199722,80.221862793,29852,29862,10
13.0132799149,80.2226333618,29862,29873,11
13.0138902664,80.2233276367,29873,29883,10
13.0141000748,80.2236099243,29883,29893,10
13.0143003464,80.2238693237,29893,29903,10
13.014840126,80.2244415283,29903,29913,10
13.0150604248,80.2246398926,29913,29923,10
13.0153102875,80.2250289917,29923,29933,10
13.01541996,80.2252197266,29933,29943,10
13.01541996,80.2255172729,29943,29953,10
13.0151996613,80.2258224487,29953,29963,10
13.0146799088,80.2260665894,29963,29973,10
13.013999939,80.2263412476,29973,29984,11
13.0131597519,80.2266616821,29984,29994,10
13.0122900009,80.2270126343,29994,30004,10
13.0113401413,80.2273712158,30004,30014,10
13.0103597641,80.2277832031,30014,30024,10
13.0096302032,80.2278594971,30024,30034,10
13.0096302032,80.2273406982,30034,30044,10
13.0098896027,80.2267227173,30044,30054,10
13.0102396011,80.2259292603,30054,30063,9
13.0105304718,80.2252731323,30063,30073,10
13.0107803345,80.2247314453,30073,30084,11
13.0109796524,80.2241592407,30084,30095,11
13.0112400055,80.2235336304,30095,30105,10
13.0112199783,80.2231216431,30105,30115,10
13.0106697083,80.2228622437,30115,30125,10
13.0100402832,80.2225265503,30125,30135,10
13.0093803406,80.2221679688,30135,30145,10
13.0086603165,80.221786499,30145,30155,10
13.007900238,80.2213973999,30155,30165,10
13.0071001053,80.2210006714,30165,30175,10
13.0063295364,80.2206420898,30175,30185,10
13.0054702759,80.2204437256,30185,30195,10
13.004699707,80.2202529907,30195,30206,11
13.0038700104,80.2200393677,30206,30216,10
13.0030097961,80.2198028564,30216,30226,10
13.0021800995,80.2191925049,30226,30236,10
13.0015897751,80.2186203003,30236,30246,10
13.0009002686,80.2181396484,30246,30256,10
13.0004396439,80.2178192139,30256,30266,10
12.9998197556,80.2174377441,30266,30276,10
12.9992303848,80.2171020508,30276,30286,10
12.9987297058,80.2168502808,30286,30296,10
12.9976100922,80.2165527344,30296,30317,21
12.9976100922,80.2165527344,30317,30327,10
12.9975004196,80.216468811,30327,30337,10
12.9974002838,80.216468811,30337,30347,10
12.9969596863,80.2165222168,30347,30357,10
12.9962797165,80.2166366577,30357,30367,10
12.9955501556,80.2168502808,30367,30377,10
12.9951400757,80.2170410156,30377,30396,19
12.9951400757,80.2170410156,30396,30407,11
12.9948797226,80.2171783447,30407,30417,10
12.9946098328,80.2173995972,30417,30428,11
12.9941797256,80.2177429199,30428,30438,10
12.9938201904,80.2180099487,30438,30448,10
12.9932203293,80.218421936,30448,30458,10
12.9925603867,80.2189025879,30458,30468,10
12.9919099808,80.2194137573,30468,30478,10
12.9915800095,80.2196121216,30478,30488,10
12.9903898239,80.2192077637,30488,30498,10
12.9903898239,80.2192077637,30498,30508,10
12.9895296097,80.2189102173,30508,30518,10
12.988530159,80.2185821533,30518,30528,10
12.9876203537,80.2183990479,30528,30539,11
12.9870700836,80.2182998657,30539,30559,20
12.9870700836,80.2182998657,30559,30571,12
12.9867401123,80.2182312012,30571,30580,9
12.986240387,80.2180862427,30580,30590,10
12.9854698181,80.217956543,30590,30601,11
12.9839401245,80.2180023193,30601,30642,41
12.9839401245,80.2180023193,30642,30652,10
12.9836101532,80.2179794312,30652,30662,10
12.983039856,80.2179794312,30662,30672,10
12.9822902679,80.2179718018,30672,30682,10
12.9814395905,80.2180480957,30682,30692,10
12.9805202484,80.2183532715,30692,30702,10
12.9798002243,80.2186431885,30702,30711,9
12.9792003632,80.2189102173,30711,30721,10
12.978679657,80.2191162109,30721,30732,11
12.9780502319,80.2193374634,30732,30742,10
12.9772901535,80.2196807861,30742,30753,11
12.976360321,80.220123291,30753,30763,10
12.975689888,80.2204437256,30763,30773,10
12.9755601883,80.2208709717,30773,30783,10
12.9759597778,80.2212677002,30783,30793,10
12.9762401581,80.2216262817,30793,30803,10
12.9763803482,80.2218170166,30803,30884,81
12.9763803482,80.2218170166,30884,30900,16
12.9766902924,80.2225112915,30900,30912,12
12.9771003723,80.2230911255,30912,30922,10
12.9774198532,80.2235794067,30922,30932,10
12.9778995514,80.2243118286,30932,30942,10
12.9783401489,80.2249984741,30942,30952,10
12.9787197113,80.2256317139,30952,30962,10
12.9791402817,80.2262878418,30962,30972,10
12.9795198441,80.2269287109,30972,30983,11
12.9799499512,80.2276077271,30983,30993,10
12.980340004,80.2282791138,30993,31003,10
12.9807100296,80.2289505005,31003,31013,10
12.9810400009,80.2294921875,31013,31023,10
12.9813804626,80.2300033569,31023,31033,10
12.9817199707,80.2305221558,31033,31053,20
12.9817199707,80.2305221558,31053,31063,10
12.9817800522,80.2306594849,31063,31073,10
12.9819202423,80.2310180664,31073,31083,10
12.982049942,80.2315979004,31083,31094,11
12.9820804596,80.2321014404,31094,31124,30
12.9820804596,80.2321014404,31124,31134,10
12.9820699692,80.2323532104,31134,31144,10
12.9820404053,80.2325897217,31144,31154,10
12.9819297791,80.2329025269,31154,31164,10
12.9817800522,80.233253479,31164,31174,10
12.9816598892,80.2335510254,31174,31184,10
12.9816398621,80.233581543,31184,31194,10
12.9815797806,80.2337036133,31194,31205,11
12.9813404083,80.2341690063,31205,31215,10
12.9812602997,80.23462677,31215,31225,10
12.9812498093,80.2352981567,31225,31235,10
12.9812803268,80.2361221313,31235,31245,10
12.9812898636,80.2370071411,31245,31255,10
12.981300354,80.2378005981,31255,31265,10
12.9813404083,80.2387619019,31265,31285,20
12.9813404083,80.2387619019,31285,31295,10
12.9813299179,80.2389678955,31295,31305,10
12.9813404083,80.2393035889,31305,31316,11
12.9813404083,80.2395324707,31316,31326,10
12.9813604355,80.2398376465,31326,31336,10
12.9813699722,80.2403106689,31336,31346,10
12.9813804626,80.2409591675,31346,31356,10
12.9813899994,80.2416763306,31356,31366,10
12.9813804626,80.2421569824,31366,31376,10
12.9814195633,80.2425994873,31376,31386,10
12.9813995361,80.242980957,31386,31437,51
12.9813995361,80.242980957,31437,31447,10
12.9813699722,80.2432174683,31447,31457,10
12.9813699722,80.243637085,31457,31467,10
12.9812803268,80.2442474365,31467,31477,10
12.9811897278,80.2450027466,31477,31487,10
12.9811000824,80.24584198,31487,31497,10
12.9809999466,80.2467575073,31497,31507,10
12.9808998108,80.2477874756,31507,31517,10
12.9808301926,80.2488098145,31517,31527,10
12.9806804657,80.2498779297,31527,31538,11
12.980389595,80.2510528564,31538,31548,10
12.9800901413,80.2522583008,31548,31598,50
12.9800901413,80.2522583008,31598,31608,10
12.980099678,80.2524414063,31608,31618,10
12.9803304672,80.2526321411,31618,31628,10
12.9808597565,80.2526397705,31628,31638,10
12.9816198349,80.2526397705,31638,31649,11
12.9826402664,80.2526168823,31649,31659,10
12.9835596085,80.2525100708,31659,31669,10
12.9844503403,80.252281189,31669,31901,232
12.9844503403,80.252281189,31901,31911,10
12.9846801758,80.2521820068,31911,31921,10
12.9852104187,80.2520370483,31921,31931,10
12.9858903885,80.2518463135,31931,31941,10
12.9864597321,80.2517089844,31941,31951,10
12.9870195389,80.2515563965,31951,31961,10
12.9873600006,80.2514572144,31961,31971,10
12.9877500534,80.2513809204,31971,31981,10
12.9880304337,80.2519302368,31981,32002,21
12.9880304337,80.2519302368,32002,32012,10
12.9880304337,80.2520599365,32012,32022,10
12.9880199432,80.2525024414,32022,32032,10
12.9879398346,80.2533111572,32032,32042,10
12.987859726,80.2542495728,32042,32052,10
12.9877595901,80.2550888062,32052,32062,10
12.9876699448,80.2556533813,32062,32203,141
12.9875402451,80.2557983398,32203,32224,21
12.9875402451,80.2557983398,32224,32234,10
12.9875602722,80.2561798096,32234,32244,10
12.9875202179,80.2567901611,32244,32254,10
12.9874601364,80.257522583,32254,32264,10
12.9874200821,80.2583236694,32264,32274,10
12.9873800278,80.2590026855,32274,32284,10
12.9872903824,80.2594070435,32284,32304,20
12.9872903824,80.2594070435,32304,32314,10
12.9872598648,80.2594833374,32314,32325,11
12.9871397018,80.2595977783,32325,32335,10
12.9869499207,80.2595825195,32335,32345,10
12.9868803024,80.2591934204,32345,33715,1370
12.9868803024,80.2591934204,33715,33725,10
12.9871702194,80.2591171265,33725,33735,10
12.9873695374,80.2588500977,33735,33755,20
12.9873695374,80.2588500977,33755,33765,10
12.9873800278,80.2585678101,33765,33775,10
12.9874095917,80.2581710815,33775,33786,11
12.987449646,80.2576828003,33786,33795,9
12.9875497818,80.256942749,33795,33846,51
12.9875497818,80.256942749,33846,33856,10
12.9877195358,80.2568435669,33856,33866,10
12.9877195358,80.2568283081,33866,33876,10
12.9876804352,80.2566986084,33876,33886,10
12.9876098633,80.2563323975,33886,33897,11
12.9876003265,80.255859375,33897,33907,10
12.9877300262,80.2550506592,33907,33927,20
12.9877300262,80.2550506592,33927,33937,10
12.9877796173,80.2548828125,33937,33947,10
12.9877700806,80.2543716431,33947,34149,202
12.9877700806,80.2543716431,34149,34160,11
12.9879302979,80.2542419434,34160,34171,11
12.987950325,80.2539978027,34171,34181,10
12.9878997803,80.2537689209,34181,34190,9
12.9878997803,80.2536010742,34190,34200,10
12.9879102707,80.2531433105,34200,34211,11
12.9880199432,80.2523574829,34211,34221,10
12.9878501892,80.251701355,34221,34242,21
12.9878501892,80.251701355,34242,34252,10
12.9876804352,80.2515411377,34252,34262,10
12.9873800278,80.2515792847,34262,34272,10
12.9870796204,80.2516174316,34272,34282,10
12.9866199493,80.251739502,34282,34292,10
12.986000061,80.2518615723,34292,34302,10
12.9852600098,80.2520370483,34302,34312,10
12.9841804504,80.2523269653,34312,34322,10
12.9832201004,80.2525405884,34322,34332,10
12.9821500778,80.2526168823,34332,34343,11
12.9803600311,80.2526779175,34343,34373,30
12.9803600311,80.2526779175,34373,34383,10
12.9802398682,80.2527008057,34383,34393,10
12.9800195694,80.2526779175,34393,34403,10
12.9799404144,80.2520980835,34403,34433,30
12.9799404144,80.2520980835,34433,34443,10
12.9800100327,80.2519226074,34443,34454,11
12.9801502228,80.2514877319,34454,34464,10
12.980340004,80.2508392334,34464,34474,10
12.9805698395,80.2500076294,34474,34484,10
12.9807100296,80.2490310669,34484,34494,10
12.9807100296,80.2480010986,34494,34504,10
12.9808197021,80.246963501,34504,34514,10
12.9809503555,80.2457885742,34514,34524,10
12.9810800552,80.2448501587,34524,34534,10
12.9811897278,80.2437286377,34534,34544,10
12.9812602997,80.2436218262,34544,34554,10
12.9813203812,80.2434997559,34554,34585,31
12.9813203812,80.2434997559,34585,34595,10
12.9813299179,80.2432174683,34595,34605,10
12.9813404083,80.2429199219,34605,34635,30
12.9813404083,80.2429199219,34635,34645,10
12.9814100266,80.2425994873,34645,34655,10
12.9813995361,80.2423019409,34655,34665,10
12.9813604355,80.2418365479,34665,34675,10
12.9813699722,80.2410888672,34675,34686,11
12.9813499451,80.2401428223,34686,34696,10
12.9813499451,80.2395935059,34696,34706,10
12.9813404083,80.2390365601,34706,34716,10
12.9813098907,80.2380599976,34716,34736,20
12.9813098907,80.2380599976,34736,34746,10
12.9813299179,80.2379226685,34746,34756,10
12.981300354,80.2375030518,34756,34766,10
12.9812698364,80.2368164063,34766,34776,10
12.9812498093,80.2359924316,34776,34786,10
12.9812097549,80.2351074219,34786,34796,10
12.9812097549,80.2345809937,34796,34807,11
12.9813995361,80.2338485718,34807,34823,16
12.9815702438,80.2335128784,34823,34835,12
12.9815998077,80.2334365845,34835,34845,10
12.9816398621,80.2333679199,34845,34855,10
12.9818000793,80.2330093384,34855,34865,10
12.9819498062,80.2325973511,34865,34875,10
12.9820098877,80.2322463989,34875,34885,10
12.9820098877,80.2319030762,34885,34895,10
12.9819602966,80.2314224243,34895,34905,10
12.9818601608,80.2309112549,34905,34916,11
12.9815101624,80.2302398682,34916,34926,10
12.981089592,80.229598999,34926,34936,10
12.9808998108,80.2292175293,34936,34946,10
12.9806499481,80.2288818359,34946,34966,20
12.9806499481,80.2288818359,34966,34976,10
12.9805002213,80.2286224365,34976,34986,10
12.9803199768,80.2282791138,34986,34996,10
12.980050087,80.2278137207,34996,35006,10
12.9796800613,80.2271881104,35006,35016,10
12.9793596268,80.2266616821,35016,35027,11
12.9789600372,80.2259597778,35027,35037,10
12.9785299301,80.2251968384,35037,35047,10
12.9781599045,80.2246170044,35047,35057,10
12.9779396057,80.2243270874,35057,35067,10
12.9776802063,80.2238998413,35067,35077,10
12.9773597717,80.2233886719,35077,35087,10
12.9771604538,80.2230377197,35087,35097,10
12.977060318,80.2228393555,35097,35107,10
12.9769296646,80.2226409912,35107,35117,10
12.9766597748,80.2222366333,35117,35127,10
12.9763202667,80.2217102051,35127,35138,11
12.9760303497,80.2213363647,35138,35148,10
12.9758300781,80.2211227417,35148,35178,30
12.9756603241,80.220916748,35178,35279,101
12.9756603241,80.220916748,35279,35289,10
12.9753799438,80.2206802368,35289,35299,10
12.9753599167,80.2205810547,35299,35309,10
12.9755897522,80.2203292847,35309,35329,20
12.9755897522,80.2203292847,35329,35339,10
12.9759998322,80.2201385498,35339,35349,10
12.9765195847,80.2198867798,35349,35360,11
12.9773902893,80.219543457,35360,35370,10
12.9781904221,80.2191925049,35370,35380,10
12.9786901474,80.2190322876,35380,35390,10
12.9792404175,80.218788147,35390,35400,10
12.9798002243,80.2185821533,35400,35410,10
12.9803600311,80.2183532715,35410,35420,10
12.9810800552,80.2180862427,35420,35430,10
12.981880188,80.217880249,35430,35440,10
12.9826202393,80.2178573608,35440,35450,10
12.9834604263,80.2178192139,35450,35460,10
12.9839000702,80.2179336548,35460,35481,21
12.9839000702,80.2179336548,35481,35491,10
12.9841995239,80.217918396,35491,35501,10
12.9845695496,80.2179031372,35501,35511,10
12.9852304459,80.2178573608,35511,35527,16
12.9864597321,80.2180404663,35527,35539,12
12.9874000549,80.2182235718,35539,35580,41
12.9874000549,80.2182235718,35580,35591,11
12.9878997803,80.2183609009,35591,35601,10
12.9884901047,80.21849823,35601,35610,9
12.9892196655,80.2187194824,35610,35621,11
12.9900798798,80.2189865112,35621,35630,9
12.9908103943,80.2192230225,35630,35641,11
12.9915599823,80.2194290161,35641,35651,10
12.9920597076,80.2191619873,35651,35661,10
12.9926204681,80.2187805176,35661,35671,10
12.9933099747,80.21824646,35671,35681,10
12.9939699173,80.2177581787,35681,35691,10
12.9943199158,80.2174911499,35691,35702,11
12.9946804047,80.2172317505,35702,35712,10
12.9949398041,80.217048645,35712,35722,10
12.9952297211,80.2168807983,35722,35732,10
12.9957199097,80.2166671753,35732,35742,10
12.9963998795,80.2165679932,35742,35752,10
12.997420311,80.216178894,35752,35782,30
12.997420311,80.216178894,35782,35792,10
12.9976196289,80.2160415649,35792,35802,10
12.9977903366,80.2158279419,35802,35813,11
12.998339653,80.2153930664,35813,35823,10
12.9988803864,80.2149200439,35823,35833,10
12.9991397858,80.2146835327,35833,35843,10
12.9994001389,80.2144012451,35843,35853,10
12.9998998642,80.2140274048,35853,35863,10
13.0003299713,80.2136306763,35863,35873,10
13.0008096695,80.2131881714,35873,35883,10
13.0019798279,80.2124176025,35883,35944,61
13.002240181,80.2122421265,35944,36154,210
13.002240181,80.2122421265,36154,36164,10
13.002579689,80.2120513916,36164,36174,10
13.0027103424,80.2120437622,36174,36184,10
13.0027503967,80.2120437622,36184,36194,10
13.0035200119,80.2119827271,36194,36214,20
13.0035200119,80.2119827271,36214,36224,10
13.0037002563,80.2115707397,36224,36234,10
13.0036802292,80.2109985352,36234,36244,10
13.0036201477,80.2104110718,36244,36254,10
13.0035495758,80.2098388672,36254,36265,11
13.0035896301,80.2092666626,36265,36275,10
13.0037403107,80.2086868286,36275,36285,10
13.0043201447,80.2087020874,36285,36295,10
13.0051002502,80.2090606689,36295,36305,10
13.0058202744,80.2093734741,36305,36315,10
13.0062398911,80.2095184326,36315,36325,10
13.0070295334,80.2097625732,36325,36376,51
13.0073003769,80.2098236084,36376,36396,20
13.0073003769,80.2098236084,36396,36406,10
13.0074701309,80.2098083496,36406,36416,10
13.0076904297,80.2098388672,36416,36426,10
13.008020401,80.2098999023,36426,36446,20
13.008020401,80.2098999023,36446,36456,10
13.0081796646,80.2097015381,36456,36466,10
13.0080404282,80.2091598511,36466,36476,10
13.0078802109,80.2083816528,36476,36487,11
13.0077199936,80.2074203491,36487,36497,10
13.007610321,80.2065811157,36497,36507,10
13.0075397491,80.2059326172,36507,36517,10
13.007519722,80.2053070068,36517,36527,10
13.007519722,80.204750061,36527,36537,10
13.0075302124,80.2042236328,36537,36547,10
13.0074596405,80.20362854,36547,36557,10
13.0073003769,80.202796936,36557,36567,10
13.0067195892,80.2025604248,36567,36577,10
13.0066204071,80.2031402588,36577,36587,10
13.0071496964,80.2034988403,36587,36605,18
13.0085897446,80.2036514282,36605,36617,12
13.0098495483,80.2035598755,36617,36627,10
13.0107297897,80.2035827637,36627,36637,10
13.0118398666,80.2037124634,36637,36647,10
13.0127496719,80.2038726807,36647,36657,10
13.0131702423,80.2039108276,36657,36687,30
13.0131702423,80.2039108276,36687,36697,10
13.0133495331,80.2038879395,36697,36708,11
13.013710022,80.2040405273,36708,36718,10
13.0143098831,80.2042617798,36718,36728,10
13.0149402618,80.204498291,36728,36738,10
13.0150604248,80.2045516968,36738,36748,10
13.0152397156,80.2046127319,36748,36758,10
13.0157203674,80.2048034668,36758,36768,10
13.0164299011,80.2050476074,36768,36778,10
13.0168800354,80.2051467896,36778,36788,10
13.0173397064,80.2053604126,36788,36798,10
13.0177202225,80.2054672241,36798,36808,10
13.0181999207,80.2056732178,36808,36818,10
13.0187196732,80.205871582,36818,36829,11
13.0187397003,80.2059020996,36829,36839,10
13.019080162,80.2060165405,36839,36849,10
13.0197000504,80.2061920166,36849,36859,10
13.0202999115,80.2062225342,36859,36869,10
13.0213603973,80.2062225342,36869,36878,9
13.0220804214,80.2062835693,36878,36888,10
13.0227603912,80.2063827515,36888,36899,11
13.0236997604,80.20652771,36899,36909,10
13.0242099762,80.2066116333,36909,36919,10
13.0243797302,80.2066421509,36919,36929,10
13.024600029,80.2067718506,36929,36940,11
13.0253801346,80.2070007324,36940,36950,10
13.0262203217,80.2073898315,36950,36960,10
13.0271100998,80.2078933716,36960,36970,10
13.0280599594,80.2083969116,36970,36980,10
13.0287799835,80.2086105347,36980,36990,10
13.0292100906,80.2086791992,36990,37000,10
13.0295600891,80.208770752,37000,37010,10
13.0300798416,80.2089004517,37010,37020,10
13.0307598114,80.2090988159,37020,37030,10
13.0314502716,80.2092819214,37030,37040,10
13.0316400528,80.2093200684,37040,37051,11
13.0320796967,80.2093887329,37051,37071,20
13.0320796967,80.2093887329,37071,37081,10
13.0325202942,80.2095336914,37081,37091,10
13.033200264,80.2096786499,37091,37101,10
13.0340099335,80.2098770142,37101,37111,10
13.0348901749,80.2100524902,37111,37121,10
13.0350399017,80.2103805542,37121,37131,10
13.0349702835,80.2107162476,37131,37141,10
13.0349798203,80.2112579346,37141,37162,21
13.0349798203,80.2112579346,37162,37172,10
13.0348796844,80.2115707397,37172,37182,10
13.0348701477,80.2120666504,37182,37192,10
13.0353403091,80.2122802734,37192,37202,10
13.0360898972,80.2122497559,37202,37211,9
13.0366802216,80.2122573853,37211,37221,10
13.0369300842,80.2122879028,37221,37232,11
13.0374002457,80.2122879028,37232,37242,10
13.0381202698,80.2123031616,37242,37252,10
13.0389604568,80.2123031616,37252,37262,10
13.0399398804,80.2123184204,37262,37273,11
13.0413198471,80.2122421265,37273,37283,10
13.042429924,80.2122421265,37283,37293,10
13.0438604355,80.2122268677,37293,37402,109
13.0438604355,80.2122268677,37402,37412,10
13.0441503525,80.2121200562,37412,37422,10
13.0445203781,80.2121429443,37422,37432,10
13.0451002121,80.2121582031,37432,37442,10
13.0458402634,80.2121582031,37442,37452,10
13.0466995239,80.2121429443,37452,37462,10
13.0475997925,80.2120819092,37462,37472,10
13.0483798981,80.2120285034,37472,37482,10
13.0485496521,80.2120132446,37482,37493,11
13.0486803055,80.2119903564,37493,37503,10
13.049249649,80.2119598389,37503,37513,10
13.049949646,80.2118835449,37513,37523,10
13.050740242,80.2119064331,37523,37533,10
13.0515899658,80.2119827271,37533,37543,10
13.0526599884,80.2118606567,37543,37553,10
13.053730011,80.2116622925,37553,37563,10
13.0547599792,80.2113800049,37563,37573,10
13.0547599792,80.2113800049,37573,37583,10
13.0553598404,80.2114028931,37583,37593,10
13.0562200546,80.2114028931,37593,37603,10
13.0571203232,80.2113800049,37603,37614,11
13.0575399399,80.2113876343,37614,37624,10
13.0577898026,80.2114028931,37624,37634,10
13.058429718,80.2114105225,37634,37644,10
13.0592298508,80.2114562988,37644,37654,10
13.060210228,80.211517334,37654,37670,16
13.0619297028,80.2115707397,37670,37682,12
13.0628499985,80.2115402222,37682,37691,9
13.0630998611,80.2115020752,37691,37703,12
13.0635004044,80.2114486694,37703,37713,10
13.0640802383,80.2114028931,37713,37724,11
13.0648603439,80.2111434937,37724,37734,10
13.0657100677,80.2105484009,37734,37744,10
13.0665798187,80.2098312378,37744,37754,10
13.0672798157,80.2089385986,37754,37764,10
13.067899704,80.2079772949,37764,37774,10
13.0685596466,80.2069702148,37774,37784,10
13.0691404343,80.2060317993,37784,37794,10
13.0693597794,80.2056427002,37794,37804,10
13.0694999695,80.205329895,37804,37814,10
13.0695495605,80.2052230835,37814,37824,10
13.0696697235,80.2048721313,37824,37834,10
13.0693101883,80.2048187256,37834,37845,11
13.0690498352,80.2052078247,37845,37855,10
13.0687198639,80.2052764893,37855,37865,10
13.0683803558,80.2052688599,37865,38179,314
13.067990303,80.2052001953,38179,38269,90
13.067990303,80.2052001953,38269,38279,10
13.0680198669,80.2048873901,38279,38290,11
13.0684700012,80.204826355,38290,38300,10
13.0688896179,80.2046966553,38300,38310,10
13.0692501068,80.2046737671,38310,38320,10
13.0697898865,80.2048416138,38320,38360,40
13.0697898865,80.2048416138,38360,38370,10
13.069849968,80.2049789429,38370,38380,10
13.0697498322,80.2053604126,38380,38390,10
13.0693798065,80.2059631348,38390,38401,11
13.0688199997,80.2067718506,38401,38411,10
13.0682601929,80.2077026367,38411,38421,10
13.0677995682,80.2084579468,38421,38431,10
13.0675001144,80.2089080811,38431,38441,10
13.0670995712,80.209487915,38441,38451,10
13.066280365,80.2102432251,38451,38461,10
13.0654602051,80.2109375,38461,38471,10
13.0651302338,80.2111968994,38471,38481,10
13.065079689,80.2112503052,38481,38491,10
13.0646495819,80.2114562988,38491,38501,10
13.0639600754,80.2116394043,38501,38512,11
13.0631303787,80.2116928101,38512,38522,10
13.0622301102,80.2117614746,38522,38532,10
13.0613098145,80.2117080688,38532,38542,10
13.0603399277,80.2117233276,38542,38552,10
13.0593204498,80.2116317749,38552,38562,10
13.0582895279,80.2116012573,38562,38572,10
13.05768013,80.2116317749,38572,38582,10
13.0576601028,80.2116317749,38582,38592,10
13.0576000214,80.2116012573,38592,38602,10
13.0572395325,80.2116012573,38602,38612,10
13.0566196442,80.2115707397,38612,38623,11
13.0557203293,80.2115097046,38623,38633,10
13.0547800064,80.2114562988,38633,38643,10
13.053899765,80.2116012573,38643,38653,10
13.0529298782,80.2118377686,38653,38663,10
13.0520401001,80.212097168,38663,38672,9
13.0509395599,80.2121505737,38672,38713,41
13.0509395599,80.2121505737,38713,38723,10
13.0505599976,80.2121734619,38723,38734,11
13.0501098633,80.2121582031,38734,38744,10
13.0496397018,80.2121734619,38744,38754,10
13.0495004654,80.2121582031,38754,38764,10
13.0493497849,80.2121200562,38764,38774,10
13.0488500595,80.2121200562,38774,38784,10
13.0481004715,80.2122116089,38784,38794,10
13.0472002029,80.2122879028,38794,38804,10
13.0461397171,80.2123184204,38804,38814,10
13.0447597504,80.2123718262,38814,38895,81
13.0447597504,80.2123718262,38895,38905,10
13.0445604324,80.212348938,38905,38915,10
13.0441102982,80.2123794556,38915,38925,10
13.0433597565,80.2123718262,38925,38934,9
13.0426502228,80.2123794556,38934,38945,11
13.041560173,80.2124328613,38945,38955,10
13.0405797958,80.2124328613,38955,38966,11
13.0393695831,80.2124023438,38966,38976,10
13.038310051,80.2124099731,38976,38986,10
13.037610054,80.2123718262,38986,38996,10
13.0368995667,80.2123184204,38996,39006,10
13.0359802246,80.2123031616,39006,39016,10
13.0349903107,80.2122573853,39016,39036,20
13.0349903107,80.2122573853,39036,39046,10
13.0347299576,80.2121963501,39046,39056,10
13.0341997147,80.2120819092,39056,39077,21
13.0341997147,80.2120819092,39077,39087,10
13.0339698792,80.2120437622,39087,39097,10
13.0333995819,80.2119293213,39097,39107,10
13.0326595306,80.2118377686,39107,39117,10
13.0319595337,80.2117233276,39117,39127,10
13.0319499969,80.2110671997,39127,39137,10
13.0320501328,80.2102584839,39137,39147,10
13.0319795609,80.209602356,39147,39157,10
13.0313196182,80.2093887329,39157,39167,10
13.030670166,80.2092971802,39167,39188,21
13.030670166,80.2092971802,39188,39198,10
13.0304002762,80.2092590332,39198,39411,213
13.0188398361,80.2062301636,39411,39424,13
13.0182695389,80.2060165405,39424,39434,10
13.0178003311,80.2059020996,39434,39444,10
13.0174398422,80.2057418823,39444,39454,10
13.0169401169,80.2054901123,39454,39464,10
13.0161895752,80.2052764893,39464,39474,10
13.0155000687,80.2050323486,39474,39484,10
13.0146102905,80.2047119141,39484,39494,10
13.0141601563,80.2045516968,39494,39504,10
13.0138902664,80.2044830322,39504,39514,10
13.0135803223,80.2045593262,39514,39534,20
13.0135803223,80.2045593262,39534,39545,11
13.0134801865,80.2048721313,39545,39555,10
13.0133399963,80.2054290771,39555,39564,9
13.013130188,80.2060470581,39564,39575,11
13.0130596161,80.2069396973,39575,39585,10
13.0129003525,80.2078094482,39585,39595,10
13.0128803253,80.2084197998,39595,39605,10
13.0129299164,80.2087097168,39605,39615,10
13.0130195618,80.2092590332,39615,39625,10
13.0131702423,80.2099075317,39625,39635,10
13.0129804611,80.2109298706,39635,39646,11
13.012550354,80.2116165161,39646,39656,10
13.0120096207,80.2125167847,39656,39666,10
13.0118303299,80.2127609253,39666,39676,10
13.0115995407,80.2126693726,39676,39686,10
13.0111904144,80.2123718262,39686,39696,10
13.0106801987,80.2120132446,39696,39706,10
13.0105600357,80.2118835449,39706,39716,10
13.0103197098,80.2116775513,39716,39726,10
13.0101003647,80.2114486694,39726,39736,10
13.0100698471,80.2114334106,39736,39746,10
13.0096597672,80.211151123,39746,39787,41
13.0096597672,80.211151123,39787,39797,10
13.0092802048,80.2111282349,39797,39807,10
13.009180069,80.2112731934,39807,39817,10
13.0090398788,80.2115097046,39817,39827,10
13.0090799332,80.211807251,39827,39837,10
13.0092096329,80.2123184204,39837,39847,10
13.0094499588,80.2129821777,39847,39857,10
13.0097303391,80.2136688232,39857,39867,10
13.0100097656,80.2143707275,39867,39878,11
13.0101804733,80.2152023315,39878,39888,10
13.0103397369,80.2159500122,39888,39898,10
13.0106897354,80.2167434692,39898,39914,16
13.011300087,80.2181015015,39914,39926,12
13.011759758,80.2193222046,39926,39935,9
13.0120897293,80.2202987671,39935,39947,12
13.0122900009,80.2211990356,39947,39957,10
13.0123195648,80.2214508057,39957,39967,10
13.0126399994,80.2218093872,39967,39977,10
13.0130901337,80.2223892212,39977,39987,10
13.0136203766,80.2230224609,39987,39998,11
13.0140199661,80.2234573364,39998,40008,10
13.0145397186,80.2238922119,40008,40018,10
13.0150003433,80.2245788574,40018,40028,10
13.0152301788,80.2249526978,40028,40038,10
13.0154304504,80.2253036499,40038,40047,9
13.0153799057,80.2254867554,40047,40058,11
13.0150003433,80.2259063721,40058,40078,20
13.0150003433,80.2259063721,40078,40088,10
13.0146903992,80.2260437012,40088,40099,11
13.0140600204,80.22631073,40099,40109,10
13.0132799149,80.226600647,40109,40119,10
13.0123796463,80.2269210815,40119,40129,10
13.0113697052,80.2273330688,40129,40139,10
13.0103197098,80.2277526855,40139,40149,10
13.0095396042,80.2278137207,40149,40159,10
13.0096702576,80.2272415161,40159,40169,10
13.0100402832,80.2265319824,40169,40179,10
13.0104398727,80.2256622314,40179,40188,9
13.010720253,80.2249679565,40188,40198,10
13.01101017,80.2241668701,40198,40210,12
13.0112895966,80.2232131958,40210,40220,10
13.01060009,80.2228927612,40220,40230,10
13.0099000931,80.2224884033,40230,40240,10
13.0090904236,80.2220306396,40240,40250,10
13.0082597733,80.2215805054,40250,40260,10
13.0073204041,80.2210998535,40260,40270,10
13.0064897537,80.2207107544,40270,40280,10
13.005399704,80.2204437256,40280,40290,10
13.0043001175,80.220199585,40290,40300,10
13.0032196045,80.2199325562,40300,40310,10
13.0023603439,80.2194366455,40310,40320,10
13.0016202927,80.2186813354,40320,40337,17
13.0006904602,80.2180023193,40337,40349,12
13.0001296997,80.2176589966,40349,40359,10
12.9995803833,80.2173233032,40359,40369,10
12.9988203049,80.2169418335,40369,40379,10
12.9980697632,80.2166366577,40379,40389,10
12.9974899292,80.2165298462,40389,40409,20
12.9974899292,80.2165298462,40409,40419,10
12.9970903397,80.216506958,40419,40429,10
12.9966497421,80.2165603638,40429,40439,10
12.9959697723,80.2166976929,40439,40450,11
12.9951095581,80.2170181274,40450,40460,10
12.9946403503,80.2173309326,40460,40470,10
12.9942102432,80.2176132202,40470,40480,10
12.9937000275,80.2180023193,40480,40490,10
12.9931001663,80.2184295654,40490,40500,10
12.9924201965,80.2189331055,40500,40511,11
12.9917697906,80.2194213867,40511,40520,9
12.9914302826,80.219543457,40520,40530,10
12.9909696579,80.2194213867,40530,40540,10
12.9902496338,80.2191619873,40540,40552,12
12.9892196655,80.2188186646,40552,40562,10
12.9882698059,80.2185211182,40562,40572,10
12.9871397018,80.2182998657,40572,40592,20
12.9871397018,80.2182998657,40592,40602,10
12.9868803024,80.2182388306,40602,40612,10
12.9863595963,80.2181091309,40612,40622,10
12.9855203629,80.2179794312,40622,40632,10
12.9845399857,80.2179718018,40632,40642,10
12.9838895798,80.2179794312,40642,40652,10
12.9838399887,80.2179794312,40652,40663,11
12.9835700989,80.2180023193,40663,40673,10
12.9829998016,80.2180023193,40673,40683,10
12.9822301865,80.2180023193,40683,40693,10
12.981300354,80.2181015015,40693,40703,10
12.980389595,80.2183837891,40703,40713,10
12.9799003601,80.2185592651,40713,40723,10
12.9793596268,80.218788147,40723,40733,10
12.9787797928,80.2190170288,40733,40743,10
12.978219986,80.2192306519,40743,40753,10
12.9774799347,80.2195205688,40753,40763,10
12.9766998291,80.2198562622,40763,40774,11
12.9759302139,80.2201919556,40774,40814,40
12.9759302139,80.2201919556,40814,40824,10
12.9756803513,80.2203292847,40824,40834,10
12.9755401611,80.2205200195,40834,40844,10
12.975520134,80.2205963135,40844,40854,10
12.9755401611,80.2207794189,40854,40864,10
12.9759397507,80.2211608887,40864,40884,20
12.9759397507,80.2211608887,40884,40895,11
12.9760904312,80.2214279175,40895,40905,10
12.976269722,80.2216796875,40905,40935,30
12.976269722,80.2216796875,40935,40945,10
12.9763898849,80.2220077515,40945,40955,10
12.976559639,80.2222900391,40955,40965,10
12.9766302109,80.222366333,40965,40975,10
12.9767398834,80.2225494385,40975,40985,10
12.9768295288,80.2227401733,40985,40995,10
12.9770498276,80.2231063843,40995,41006,11
12.9774303436,80.2237472534,41006,41016,10
12.9778699875,80.2243804932,41016,41026,10
12.9780902863,80.2247695923,41026,41036,10
12.9782400131,80.2250137329,41036,41046,10
12.9785499573,80.2254867554,41046,41056,10
12.9789600372,80.2261886597,41056,41066,10
12.9794397354,80.2269668579,41066,41076,10
12.9799804688,80.2278213501,41076,41085,9
12.9804601669,80.2286300659,41085,41096,11
12.9809598923,80.2295303345,41096,41106,10
12.9814996719,80.2302703857,41106,41117,11
12.9816904068,80.2305297852,41117,41127,10
12.9817399979,80.230682373,41127,41137,10
12.9818897247,80.2310791016,41137,41147,10
12.9820404053,80.2317581177,41147,41157,10
12.9820098877,80.2322692871,41157,41167,10
12.9819898605,80.2324371338,41167,41176,9
12.9818401337,80.2329177856,41176,41187,11
12.9815797806,80.2335205078,41187,41197,10
12.9815502167,80.233581543,41197,41206,9
12.9814596176,80.2337722778,41206,41217,11
12.9812202454,80.2343521118,41217,41228,11
12.981180191,80.2351379395,41228,41238,10
12.9812002182,80.2359008789,41238,41248,10
12.9812202454,80.2364425659,41248,41258,10
12.9812202454,80.2371368408,41258,41268,10
12.9812402725,80.2379379272,41268,41278,10
12.9812602997,80.2386169434,41278,41288,10
12.981300354,80.2388763428,41288,41298,10
12.981300354,80.2388763428,41298,41308,10
12.9812803268,80.2394104004,41308,41318,10
12.981300354,80.2400512695,41318,41328,10
12.981300354,80.2407913208,41328,41339,11
12.9813098907,80.2415771484,41339,41349,10
12.9813203812,80.242149353,41349,41359,10
12.9813899994,80.2426605225,41359,41390,31
12.9813899994,80.2426605225,41390,41399,9
12.9813995361,80.2430877686,41399,41410,11
12.9813404083,80.2437133789,41410,41420,10
12.9812202454,80.2445831299,41420,41430,10
12.9811096191,80.2455368042,41430,41440,10
12.9809904099,80.2466201782,41440,41451,11
12.9808597565,80.2478179932,41451,41461,10
12.980799675,80.2488937378,41461,41471,10
12.980629921,80.250038147,41471,41481,10
12.9803199768,80.2511520386,41481,41491,10
12.9800796509,80.2520980835,41491,41501,10
12.9800596237,80.2524185181,41501,41522,21
12.9800596237,80.2524185181,41522,41532,10
12.9801998138,80.2526473999,41532,41542,10
12.9808301926,80.2526626587,41542,41552,10
12.9816598892,80.2526397705,41552,41563,11
12.9828300476,80.2525787354,41563,41573,10
12.9838600159,80.2523880005,41573,41583,10
12.9850196838,80.2520904541,41583,41643,60
12.9850196838,80.2520904541,41643,41653,10
12.9852399826,80.2520370483,41653,41663,10
12.9856700897,80.2518997192,41663,41704,41
12.9856700897,80.2518997192,41704,41714,10
12.9859695435,80.2518463135,41714,41724,10
12.9863395691,80.2517318726,41724,41784,60
12.9863395691,80.2517318726,41784,41795,11
12.9868402481,80.2516021729,41795,41805,10
12.9872198105,80.2515029907,41805,41815,10
12.9876804352,80.2513809204,41815,41825,10
12.9878702164,80.2515487671,41825,41835,10
12.9879302979,80.2517471313,41835,41845,10
12.9879999161,80.2521362305,41845,41855,10
12.9879302979,80.2526702881,41855,41865,10
12.9878902435,80.2534179688,41865,41875,10
12.9878196716,80.2542419434,41875,41885,10
12.9877300262,80.2550964355,41885,42056,171
12.9877300262,80.2550964355,42056,42066,10
12.9876804352,80.2553634644,42066,42076,10
12.9876403809,80.2556991577,42076,42086,10
12.9876298904,80.2560424805,42086,42095,9
12.9875602722,80.2566680908,42095,42105,10
12.9875602722,80.257270813,42105,42116,11
12.9875001907,80.2581634521,42116,42127,11
12.9872999191,80.2592697144,42127,42147,20
12.9872598648,80.2594985962,42147,42187,40
12.9872598648,80.2594985962,42187,42197,10
12.9869403839,80.2596511841,42197,42207,10
12.9868297577,80.2594528198,42207,42550,343
12.9868297577,80.2594528198,42550,42560,10
12.986869812,80.2590789795,42560,43216,656
12.986869812,80.2590789795,43216,43226,10
12.9871997833,80.2591094971,43226,43236,10
12.9872999191,80.2590026855,43236,43246,10
12.9873504639,80.2587585449,43246,43257,11
12.9873800278,80.2585372925,43257,43267,10
12.9874200821,80.2582015991,43267,43277,10
12.9874801636,80.2576980591,43277,43286,9
12.9875297546,80.2572631836,43286,43297,11
12.9875297546,80.2570877075,43297,43307,10
12.9876098633,80.2568206787,43307,43317,10
12.9876298904,80.256362915,43317,43327,10
12.9876298904,80.2559890747,43327,43337,10
12.9876098633,80.255859375,43337,43347,10
12.9877004623,80.255531311,43347,43357,10
12.9877195358,80.2551269531,43357,43368,11
12.987739563,80.2550964355,43368,43378,10
12.9877500534,80.254737854,43378,43388,10
12.9878196716,80.2540664673,43388,43398,10
12.9878797531,80.2532806396,43398,43408,10
12.9878501892,80.2519073486,43408,43428,20
12.9878501892,80.2519073486,43428,43438,10
12.9877901077,80.2517623901,43438,43448,10
12.9873800278,80.2516403198,43448,43458,10
12.9870195389,80.2516784668,43458,43468,10
12.9866199493,80.2517776489,43468,43479,11
12.9859304428,80.2519226074,43479,43489,10
12.9850597382,80.2521209717,43489,43499,10
12.9840297699,80.2524108887,43499,43509,10
12.9829998016,80.2526168823,43509,43519,10
12.9820995331,80.2526779175,43519,43529,10
12.9812602997,80.2526931763,43529,43539,10
12.9801797867,80.2527084351,43539,43610,71
12.9801797867,80.2527084351,43610,43620,10
12.9800796509,80.2526626587,43620,43630,10
12.979929924,80.2524490356,43630,43646,16
12.979929924,80.2523193359,43646,43658,12
12.9800100327,80.2519378662,43658,43666,8
12.9801397324,80.2515869141,43666,43678,12
12.9803800583,80.2508010864,43678,43688,10
12.980629921,80.249786377,43688,43698,10
12.9807500839,80.2487411499,43698,43709,11
12.9808397293,80.2475814819,43709,43719,10
12.9809303284,80.2464294434,43719,43729,10
12.9810600281,80.2452926636,43729,43739,10
12.9811601639,80.2443008423,43739,43749,10
12.9811897278,80.243850708,43749,43758,9
12.9812297821,80.2437133789,43758,43770,12
12.9813404083,80.2434005737,43770,43780,10
12.9813299179,80.2430267334,43780,43789,9
12.9813404083,80.2428817749,43789,43800,11
12.9813499451,80.2428207397,43800,43810,10
12.9813804626,80.2424468994,43810,43821,11
12.9813604355,80.2418899536,43821,43831,10
12.9813699722,80.2412719727,43831,43841,10
12.9813699722,80.2404632568,43841,43851,10
12.9813699722,80.2396621704,43851,43861,10
12.9813499451,80.2392730713,43861,43871,10
12.9813203812,80.2386398315,43871,43881,10
12.9813098907,80.2384033203,43881,43891,10
12.981300354,80.2381591797,43891,43901,10
12.981300354,80.2380371094,43901,43911,10
12.9813098907,80.2379074097,43911,43921,10
12.981300354,80.2373809814,43921,43932,11
12.9812898636,80.2364807129,43932,43942,10
12.9812498093,80.2354812622,43942,43952,10
12.9812402725,80.2347106934,43952,43962,10
12.9813404083,80.234046936,43962,43972,10
12.9814796448,80.2336883545,43972,43982,10
12.9815502167,80.2335281372,43982,43992,10
12.9816102982,80.2334136963,43992,44002,10
12.9816398621,80.2333374023,44002,44012,10
12.9817199707,80.2332000732,44012,44022,10
12.981880188,80.2328033447,44022,44038,16
12.9819898605,80.2319793701,44038,44051,13
12.9819602966,80.2311935425,44051,44061,10
12.9816799164,80.2306671143,44061,44071,10
12.9811401367,80.2298431396,44071,44081,10
12.9808101654,80.2292480469,44081,44090,9
12.9806604385,80.2290725708,44090,44101,11
12.9806203842,80.2289962769,44101,44111,10
12.9805297852,80.2288665771,44111,44121,10
12.9803695679,80.2285919189,44121,44131,10
12.9801998138,80.2282028198,44131,44140,9
12.9799404144,80.2277374268,44140,44150,10
12.9796199799,80.2271881104,44150,44162,12
12.9792804718,80.2266387939,44162,44172,10
12.9792098999,80.2265777588,44172,44182,10
12.9790000916,80.2262191772,44182,44192,10
12.9786596298,80.2256393433,44192,44202,10
12.9782495499,80.2249298096,44202,44212,10
12.9779195786,80.2245483398,44212,44222,10
12.9777402878,80.2242736816,44222,44232,10
12.9774799347,80.2237930298,44232,44242,10
12.9771604538,80.2232284546,44242,44252,10
12.9768800735,80.2227478027,44252,44262,10
12.9765796661,80.2222824097,44262,44273,11
12.9763002396,80.2217330933,44273,44283,10
12.9757404327,80.2211532593,44283,44303,20
12.9757404327,80.2211532593,44303,44313,10
12.975399971,80.220916748,44313,44394,81
12.975399971,80.220916748,44394,44404,10
12.9753398895,80.2207183838,44404,44414,10
12.9755001068,80.2204284668,44414,44424,10
12.9757404327,80.2202529907,44424,44440,16
12.9768104553,80.2197875977,44440,44452,12
12.9778604507,80.2193984985,44452,44462,10
12.9785203934,80.2191467285,44462,44464,2
12.9786300659,80.2191085815,44464,44465,1
12.9787197113,80.219078064,44465,44520,55
12.9816799164,80.2180099487,44520,44530,10
12.9822797775,80.2179489136,44530,44540,10
12.9823503494,80.217956543,44540,44550,10
12.9826202393,80.2179794312,44550,44560,10
12.9831399918,80.217956543,44560,44570,10
12.9838104248,80.217956543,44570,44590,20
12.9838104248,80.217956543,44590,44600,10
12.9840898514,80.2179794312,44600,44611,11
12.9847097397,80.2179489136,44611,44621,10
12.98554039,80.217956543,44621,44632,11
12.9865398407,80.218132019,44632,44642,10
12.9873695374,80.2182693481,44642,44662,20
12.9873695374,80.2182693481,44662,44672,10
12.9875097275,80.2183227539,44672,44682,10
12.9880895615,80.2184524536,44682,44692,10
12.9888601303,80.2186737061,44692,44702,10
12.9897499084,80.2189483643,44702,44712,10
12.9907398224,80.21925354,44712,44731,19
12.9923200607,80.2190170288,44731,44744,13
12.9933996201,80.2182006836,44744,44754,10
12.994020462,80.2177963257,44754,44762,8
12.9946699142,80.2173233032,44762,44774,12
12.9953899384,80.2168197632,44774,44784,10
12.9958200455,80.2166671753,44784,44794,10
12.9964799881,80.2165374756,44794,44804,10
12.9967403412,80.216506958,44804,44814,10
12.9969501495,80.2164916992,44814,44824,10
12.997130394,80.2164611816,44824,44834,10
12.9974002838,80.2162017822,44834,44845,11
12.9975099564,80.2160873413,44845,44855,10
12.9977502823,80.2158813477,44855,44865,10
12.9981403351,80.2155075073,44865,44875,10
12.9987096786,80.2149963379,44875,44885,10
12.9990901947,80.2146987915,44885,44894,9
12.9993801117,80.2144470215,44894,44905,11
12.9998197556,80.2140808105,44905,44915,10
13.000169754,80.2137832642,44915,44925,10
13.0007200241,80.2133102417,44925,44935,10
13.0013303757,80.2127685547,44935,44945,10
13.0020599365,80.2122879028,44945,44956,11
13.0026397705,80.212097168,44956,44966,10
13.0031604767,80.212059021,44966,44976,10
13.0035400391,80.2119827271,44976,44985,9
13.0035800934,80.2119598389,44985,44996,11
13.0036802292,80.2118606567,44996,45006,10
13.0037002563,80.2114486694,45006,45016,10
13.0036497116,80.2107467651,45016,45026,10
13.0035495758,80.2099914551,45026,45036,10
13.0036001205,80.2092437744,45036,45046,10
13.0039596558,80.2086105347,45046,45056,10
13.0047798157,80.2089614868,45056,45068,12
13.0058498383,80.2094116211,45068,45078,10
13.0063295364,80.2095870972,45078,45088,10
13.0068101883,80.2097167969,45088,45098,10
13.0072898865,80.2098236084,45098,45107,9
13.0074300766,80.2098388672,45107,45118,11
13.0076198578,80.2098922729,45118,45128,10
13.008099556,80.2099761963,45128,45138,10
13.0081396103,80.2096328735,45138,45148,10
13.0080003738,80.2089691162,45148,45158,10
13.0078897476,80.2080993652,45158,45168,10
13.0077600479,80.2072525024,45168,45179,11
13.0076599121,80.2064590454,45179,45189,10
13.0075597763,80.2056884766,45189,45199,10
13.0075397491,80.2049865723,45199,45209,10
13.0075397491,80.2044219971,45209,45219,10
13.0074596405,80.203742981,45219,45229,10
13.0073204041,80.2029037476,45229,45239,10
13.0067396164,80.2025604248,45239,45249,10
13.0066003799,80.2031478882,45249,45259,10
13.0071802139,80.2035598755,45259,45269,10
13.0079402924,80.2037277222,45269,45285,16
13.0093803406,80.2036437988,45285,45298,13
13.0109596252,80.2036514282,45298,45308,10
13.0119199753,80.2037582397,45308,45318,10
13.0131397247,80.2039871216,45318,45328,10
13.0137901306,80.2042236328,45328,45338,10
13.0148696899,80.2045822144,45338,45357,19
13.0148696899,80.2045822144,45357,45368,11
13.015250206,80.204750061,45368,45378,10
13.0159597397,80.2050018311,45378,45388,10
13.0165500641,80.2052307129,45388,45398,10
13.0169000626,80.2052230835,45398,45409,11
13.0172195435,80.2053985596,45409,45419,10
13.0176696777,80.2055969238,45419,45429,10
13.0182800293,80.2058029175,45429,45439,10
13.0186100006,80.2059402466,45439,45449,10
13.0188102722,80.2060470581,45449,45459,10
13.0193195343,80.2061767578,45459,45469,10
13.0200500488,80.2062911987,45469,45479,10
13.0209999084,80.2062911987,45479,45489,10
13.021780014,80.2063369751,45489,45499,10
13.0226202011,80.206489563,45499,45509,10
13.023639679,80.2066574097,45509,45520,11
13.0242395401,80.206703186,45520,45530,10
13.0244102478,80.2067565918,45530,45540,10
13.0250196457,80.2068786621,45540,45550,10
13.025850296,80.2071762085,45550,45560,10
13.0267896652,80.2077407837,45560,45570,10
13.0277500153,80.2082977295,45570,45580,10
13.0287399292,80.2086410522,45580,45590,10
13.0294904709,80.2088165283,45590,45600,10
13.0299901962,80.2089996338,45600,45610,10
13.0307197571,80.209197998,45610,45620,10
13.0314302444,80.2093582153,45620,45630,10
13.0315198898,80.2094192505,45630,45641,11
13.0316400528,80.2094802856,45641,45651,10
13.0319499969,80.2095413208,45651,45661,10
13.0320901871,80.2095413208,45661,45671,10
13.0324296951,80.2095794678,45671,45681,10
13.0331401825,80.2097167969,45681,45691,10
13.0339899063,80.2098770142,45691,45701,10
13.0348501205,80.2100830078,45701,45711,10
13.0349702835,80.2105789185,45711,45721,10
13.0349397659,80.2112884521,45721,45742,21
13.0349397659,80.2112884521,45742,45752,10
13.0348997116,80.2115020752,45752,45762,10
13.0348796844,80.2119216919,45762,45792,30
13.0348796844,80.2119216919,45792,45802,10
13.0352802277,80.2122116089,45802,45812,10
13.0359096527,80.2122192383,45812,45822,10
13.0366001129,80.2122802734,45822,45832,10
13.0368099213,80.2122879028,45832,45842,10
13.0369997025,80.2122802734,45842,45853,11
13.0374097824,80.2122802734,45853,45863,10
13.0380802155,80.2122573853,45863,45873,10
13.0389404297,80.2122421265,45873,45883,10
13.0398902893,80.2122802734,45883,45893,10
13.0409803391,80.2122573853,45893,45903,10
13.0420198441,80.2123031616,45903,45913,10
13.0431404114,80.2122879028,45913,45923,10
13.0441598892,80.2122497559,45923,46024,101
13.0441598892,80.2122497559,46024,46034,10
13.0445098877,80.2121887207,46034,46044,10
13.0449800491,80.2122116089,46044,46054,10
13.0456800461,80.2122268677,46054,46064,10
13.0464801788,80.2121963501,46064,46074,10
13.04708004,80.2121582031,46074,46085,11
13.0472202301,80.2121734619,46085,46095,10
13.0476503372,80.2121276855,46095,46105,10
13.0484399796,80.2120666504,46105,46135,30
13.0484399796,80.2120666504,46135,46145,10
13.0486297607,80.2120285034,46145,46155,10
13.0490598679,80.2119979858,46155,46165,10
13.0496397018,80.2119598389,46165,46206,41
13.0496397018,80.2119598389,46206,46216,10
13.0498304367,80.2119598389,46216,46226,10
13.0501298904,80.2119522095,46226,46236,10
13.0501499176,80.2119522095,46236,46246,10
13.0503396988,80.2119369507,46246,46256,10
13.0508298874,80.2119827271,46256,46266,10
13.0518798828,80.2118988037,46266,46276,10
13.0532503128,80.2117385864,46276,46286,10
13.0541200638,80.2115020752,46286,46296,10
13.0542001724,80.2114868164,46296,46306,10
13.0544099808,80.2114486694,46306,46317,11
13.055150032,80.2114715576,46317,46327,10
13.0561304092,80.2114181519,46327,46337,10
13.0571203232,80.2114181519,46337,46347,10
13.0577297211,80.2114486694,46347,46357,10
13.0585603714,80.211479187,46357,46367,10
13.0595598221,80.2115478516,46367,46377,10
13.0607204437,80.2116012573,46377,46387,10
13.0618400574,80.2116165161,46387,46397,10
13.0626401901,80.2115631104,46397,46407,10
13.0632200241,80.211517334,46407,46417,10
13.0632295609,80.211517334,46417,46434,17
13.0639200211,80.211479187,46434,46446,12
13.0648002625,80.2112426758,46446,46456,10
13.065580368,80.2106933594,46456,46465,9
13.0661802292,80.2101593018,46465,46476,11
13.0667800903,80.2095031738,46476,46486,10
13.0671596527,80.2089004517,46486,46496,10
13.0675001144,80.2083892822,46496,46504,8
13.0678300858,80.2078933716,46504,46516,12
13.068400383,80.2070922852,46516,46526,10
13.0688800812,80.2063293457,46526,46537,11
13.0694799423,80.205329895,46537,46556,19
13.0694799423,80.205329895,46556,46567,11
13.0696601868,80.2050933838,46567,46577,10
13.0694999695,80.2048034668,46577,46586,9
13.0691699982,80.2050170898,46586,46597,11
13.0689401627,80.2053070068,46597,46607,10
13.0686903,80.2051925659,46607,46617,10
13.0684404373,80.2051620483,46617,46859,242
13.0683097839,80.2052230835,46859,47081,222
13.0683097839,80.2052230835,47081,47091,10
13.0680599213,80.2051086426,47091,47102,11
13.0680103302,80.2050018311,47102,47112,10
13.0680398941,80.2049713135,47112,47122,10
13.0682601929,80.2049179077,47122,47132,10
13.0685796738,80.2048416138,47132,47142,10
13.0690603256,80.2046890259,47142,47152,10
13.0697603226,80.2048721313,47152,47181,29
13.0697603226,80.2048721313,47181,47192,11
13.0698204041,80.2050170898,47192,47202,10
13.0697202682,80.205368042,47202,47213,11
13.0692996979,80.2060470581,47213,47223,10
13.068810463,80.2068405151,47223,47233,10
13.0682601929,80.2077407837,47233,47243,10
13.067779541,80.208480835,47243,47253,10
13.06772995,80.2085800171,47253,47263,10
13.0676603317,80.2087173462,47263,47273,10
13.0673704147,80.2091827393,47273,47283,10
13.0669698715,80.2098312378,47283,47293,10
13.0662403107,80.2104034424,47293,47303,10
13.065489769,80.2109909058,47303,47313,10
13.0650901794,80.2112884521,47313,47324,11
13.0649700165,80.2113418579,47324,47334,10
13.0647201538,80.2116165161,47334,47344,10
13.0641498566,80.211769104,47344,47354,10
13.0633897781,80.2117385864,47354,47364,10
13.0626602173,80.2117614746,47364,47374,10
13.0619802475,80.211730957,47374,47384,10
13.0610399246,80.2116699219,47384,47394,10
13.0603199005,80.2116622925,47394,47404,10
13.0590600967,80.2116088867,47404,47414,10
13.0582199097,80.2115783691,47414,47424,10
13.05768013,80.2116012573,47424,47435,11
13.0575399399,80.2115478516,47435,47444,9
13.0574197769,80.2115402222,47444,47455,11
13.0569896698,80.2115402222,47455,47465,10
13.0563898087,80.211517334,47465,47475,10
13.0556201935,80.2115097046,47475,47485,10
13.0548095703,80.2114715576,47485,47495,10
13.0539503098,80.2116622925,47495,47504,9
13.0531396866,80.2118606567,47504,47515,11
13.0523395538,80.2120513916,47515,47525,10
13.0519304276,80.2121505737,47525,47535,10
13.0514602661,80.2121734619,47535,47546,11
13.0509195328,80.2122421265,47546,47556,10
13.050359726,80.2122192383,47556,47566,10
13.0495300293,80.2121429443,47566,47586,20
13.0495300293,80.2121429443,47586,47596,10
13.0491695404,80.212059021,47596,47606,10
13.0490398407,80.212097168,47606,47616,10
13.0485496521,80.2121429443,47616,47626,10
13.0478096008,80.2121963501,47626,47636,10
13.046959877,80.2122879028,47636,47646,10
13.0458097458,80.212387085,47646,47656,10
13.0452404022,80.2124099731,47656,47667,11
13.0449104309,80.2124023438,47667,47677,10
13.0443897247,80.2123794556,47677,47687,10
13.0437498093,80.212387085,47687,47697,10
13.0430297852,80.2123565674,47697,47707,10
13.0425395966,80.2124099731,47707,47717,10
13.0418901443,80.2124633789,47717,47727,10
13.0409898758,80.2124176025,47727,47737,10
13.0401000977,80.212387085,47737,47747,10
13.039270401,80.2124099731,47747,47757,10
13.0385198593,80.2124099731,47757,47767,10
13.037560463,80.2124023438,47767,47838,71
13.037560463,80.2124023438,47838,47848,10
13.0371103287,80.2122802734,47848,47858,10
13.0365200043,80.212272644,47858,47868,10
13.0356998444,80.2122421265,47868,47878,10
13.0348997116,80.2121887207,47878,47889,11
13.0343799591,80.2121124268,47889,47899,10
13.0341997147,80.2120895386,47899,47909,10
13.0341501236,80.2120437622,47909,47919,10
13.0338401794,80.212020874,47919,47929,10
13.0336198807,80.2119827271,47929,47939,10
13.0331697464,80.2118988037,47939,47949,10
13.0325498581,80.211807251,47949,47959,10
13.031999588,80.2117385864,47959,47969,10
13.0318403244,80.2112197876,47969,47979,10
13.031999588,80.2105484009,47979,47996,17
13.0317697525,80.2096405029,47996,48008,12
13.0310297012,80.2093582153,48008,48018,10
13.0307998657,80.2092971802,48018,48028,10
13.030380249,80.2091827393,48028,48038,10
13.0298900604,80.2090301514,48038,48058,20
13.0298900604,80.2090301514,48058,48068,10
13.0295295715,80.2089309692,48068,48078,10
13.0295000076,80.2089080811,48078,48088,10
13.029250145,80.2088623047,48088,48098,10
13.0285797119,80.2086486816,48098,48109,11
13.0276699066,80.2083206177,48109,48119,10
13.0268697739,80.2078399658,48119,48129,10
13.0259599686,80.2072906494,48129,48139,10
13.0249595642,80.2070236206,48139,48149,10
13.0242996216,80.2068786621,48149,48159,10
13.0241298676,80.206817627,48159,48169,10
13.0237197876,80.206703186,48169,48179,10
13.0231103897,80.2066497803,48179,48188,9
13.0223302841,80.2064819336,48188,48198,10
13.0214996338,80.2064437866,48198,48209,11
13.0207796097,80.2063980103,48209,48220,11
13.0200500488,80.2063903809,48220,48230,10
13.0193595886,80.206451416,48230,48240,10
13.0190696716,80.2063217163,48240,48250,10
13.0188102722,80.2062225342,48250,48260,10
13.0182104111,80.2060165405,48260,48270,10
13.0175304413,80.2057876587,48270,48280,10
13.0168800354,80.2055587769,48280,48290,10
13.0162200928,80.205291748,48290,48300,10
13.0156097412,80.2051086426,48300,48310,10
13.0150098801,80.2049179077,48310,48320,10
13.0148200989,80.2048416138,48320,48330,10
13.0145902634,80.2047424316,48330,48361,31
13.0145902634,80.2047424316,48361,48371,10
13.014289856,80.2046203613,48371,48381,10
13.0142498016,80.2045974731,48381,48391,10
13.0139598846,80.2045211792,48391,48401,10
13.0137796402,80.2044525146,48401,48411,10
13.0136404037,80.2044219971,48411,48421,10
13.0136003494,80.2045211792,48421,48431,10
13.0134801865,80.2048492432,48431,48441,10
13.0133895874,80.2051010132,48441,48452,11
13.0131998062,80.2055969238,48452,48462,10
13.013010025,80.2062911987,48462,48472,10
13.0129404068,80.2071533203,48472,48482,10
13.0128498077,80.2077178955,48482,48492,10
13.0128002167,80.2080764771,48492,48502,10
13.0128202438,80.2084579468,48502,48512,10
13.0128498077,80.2089614868,48512,48522,10
13.0130195618,80.2095413208,48522,48532,10
13.0131196976,80.2100296021,48532,48542,10
13.0130395889,80.2108001709,48542,48552,10
13.0126304626,80.211517334,48552,48568,16
13.011879921,80.2127914429,48568,48581,13
13.0115804672,80.212677002,48581,48591,10
13.0110902786,80.2123184204,48591,48601,10
13.010840416,80.212097168,48601,48611,10
13.0106401443,80.2119369507,48611,48671,60
13.0106401443,80.2119369507,48671,48682,11
13.0102796555,80.2116775513,48682,48702,20
13.0102796555,80.2116775513,48702,48712,10
13.0100402832,80.2114562988,48712,48752,40
13.009759903,80.211227417,48752,48782,30
13.009759903,80.211227417,48782,48793,11
13.0094604492,80.2110366821,48793,48803,10
13.0092697144,80.2108764648,48803,48813,10
13.0091400146,80.2110137939,48813,48823,10
13.0089597702,80.2113494873,48823,48833,10
13.0090198517,80.2118225098,48833,48843,10
13.00922966,80.2125015259,48843,48853,10
13.0094900131,80.2132110596,48853,48863,10
13.0097799301,80.2138977051,48863,48873,10
13.0100803375,80.2146224976,48873,48883,10
13.0101804733,80.2154693604,48883,48893,10
13.0104799271,80.2163085938,48893,48904,11
13.0108604431,80.2171936035,48904,48914,10
13.0112400055,80.2180786133,48914,48924,10
13.0116300583,80.2191390991,48924,48934,10
13.0120000839,80.2203063965,48934,48943,9
13.012260437,80.2210998535,48943,48955,12
13.0124197006,80.2215576172,48955,48965,10
13.0127696991,80.2220687866,48965,48974,9
13.013299942,80.2226715088,48974,48984,10
13.0138101578,80.2232437134,48984,48995,11
13.0140199661,80.2235107422,48995,49005,10
13.0142002106,80.2237472534,49005,49016,11
13.0146598816,80.2241897583,49016,49026,10
13.0151195526,80.2247619629,49026,49035,9
13.0153999329,80.225189209,49035,49045,10
13.0153398514,80.2256774902,49045,49066,21
13.0153398514,80.2256774902,49066,49076,10
13.0153102875,80.2258224487,49076,49086,10
13.0150604248,80.2259216309,49086,49096,10
13.0147304535,80.22605896,49096,49106,10
13.0140895844,80.2263031006,49106,49116,10
13.013420105,80.2265625,49116,49127,11
13.0127000809,80.226852417,49127,49137,10
13.0119895935,80.2271270752,49137,49147,10
13.0111198425,80.2274703979,49147,49157,10
13.010140419,80.2278518677,49157,49167,10
13.0095396042,80.2277526855,49167,49177,10
13.0097198486,80.2272415161,49177,49187,10
13.0100097656,80.2265625,49187,49197,10
13.0103302002,80.2257614136,49197,49207,10
13.0106201172,80.2250366211,49207,49217,10
13.010840416,80.2245025635,49217,49227,10
13.01101017,80.2241592407,49227,49237,10
13.0109996796,80.224067688,49237,49248,11
13.0112304688,80.2235412598,49248,49296,48
13.0112304688,80.2235412598,49296,49306,10
13.0111398697,80.2230529785,49306,49316,10
13.010840416,80.2229232788,49316,49326,10
13.0101203918,80.2225418091,49326,49336,10
13.0094299316,80.2221832275,49336,49346,10
13.0086803436,80.2217712402,49346,49357,11
13.0076904297,80.2212295532,49357,49367,10
13.0067501068,80.2207183838,49367,49377,10
13.0058403015,80.2204589844,49377,49387,10
13.0049200058,80.2202529907,49387,49397,10
13.0038795471,80.2200317383,49397,49407,10
13.0029001236,80.2197723389,49407,49417,10
13.0021095276,80.2191390991,49417,49427,10
13.0015201569,80.2185821533,49427,49437,10
13.0008296967,80.2181472778,49437,49447,10
13.0000200272,80.2175979614,49447,49457,10
12.9991998672,80.2171173096,49457,49468,11
12.9982004166,80.2166595459,49468,49478,10
12.997420311,80.2165222168,49478,49488,10
12.9973297119,80.216506958,49488,49497,9
12.9969797134,80.2164916992,49497,49508,11
12.9963502884,80.216583252,49508,49518,10
12.9954099655,80.2168502808,49518,49528,10
12.99477005,80.2172393799,49528,49538,10
12.9942302704,80.2176208496,49538,49548,10
12.9938001633,80.2179412842,49548,49558,10
12.9932603836,80.2182998657,49558,49568,10
12.9927301407,80.2186813354,49568,49579,11
12.9920597076,80.2192077637,49579,49589,10
12.9914398193,80.2195968628,49589,49599,10
12.9907503128,80.2193374634,49599,49609,10
12.9899301529,80.2190628052,49609,49619,10
12.9890403748,80.2187271118,49619,49629,10
12.9880895615,80.218460083,49629,49639,10
12.987449646,80.2183609009,49639,49649,10
12.9871196747,80.2182998657,49649,49659,10
12.9870195389,80.2182922363,49659,49669,10
12.986579895,80.2181625366,49669,49679,10
12.9858102798,80.2179718018,49679,49690,11
12.9847002029,80.2179412842,49690,49700,10
12.984000206,80.217956543,49700,49710,10
12.9839601517,80.2179412842,49710,49720,10
12.9836902618,80.2179412842,49720,49730,10
12.9831104279,80.2179489136,49730,49740,10
12.9823198318,80.2179489136,49740,49750,10
12.9813995361,80.2180480957,49750,49759,9
12.9805402756,80.2183380127,49759,49770,11
12.9799098969,80.2185821533,49770,49780,10
12.9795103073,80.2187728882,49780,49790,10
12.9788103104,80.2190322876,49790,49799,9
12.9783000946,80.2192230225,49799,49811,12
12.9774303436,80.2195587158,49811,49821,10
12.9764499664,80.2200012207,49821,49831,10
12.9756002426,80.2203826904,49831,49841,10
12.9755001068,80.2206878662,49841,49851,10
12.9757499695,80.2210006714,49851,49861,10
12.9762601852,80.221572876,49861,49881,20
12.9762601852,80.221572876,49881,49891,10
12.9763402939,80.2216796875,49891,49901,10
12.9764900208,80.2220001221,49901,49911,10
12.9767599106,80.2225036621,49911,49921,10
12.9771604538,80.22315979,49921,49938,17
12.9780597687,80.2245178223,49938,49950,12
12.9787502289,80.2257003784,49950,49960,10
12.9792804718,80.2265625,49960,49969,9
12.9796695709,80.2272186279,49969,49980,11
12.9801502228,80.2279968262,49980,49989,9
12.9805898666,80.2288208008,49989,50000,11
12.9810600281,80.2294998169,50000,50009,9
12.9815702438,80.2302703857,50009,50021,12
12.9816598892,80.2304534912,50021,50031,10
12.9817800522,80.2307510376,50031,50042,11
12.9819602966,80.231300354,50042,50052,10
12.9820299149,80.2320632935,50052,50061,9
12.9819002151,80.2328109741,50061,50072,11
12.9816198349,80.2334899902,50072,50082,10
12.981590271,80.2335510254,50082,50092,10
12.9814596176,80.233757019,50092,50102,10
12.9812498093,80.2343597412,50102,50112,10
12.9812002182,80.2351837158,50112,50121,9
12.9812297821,80.2361221313,50121,50131,10
12.9812602997,80.2372207642,50131,50142,11
12.981300354,80.2382583618,50142,50153,11
12.9813098907,80.2386779785,50153,50163,10
12.981300354,80.2387695313,50163,50173,10
12.9813098907,80.2392272949,50173,50183,10
12.9813404083,80.239982605,50183,50193,10
12.9813604355,80.2409133911,50193,50203,10
12.9813699722,80.241897583,50203,50213,10
12.9813699722,80.2426986694,50213,50223,10
12.9813804626,80.2430267334,50223,50239,16
12.9813804626,80.2430419922,50239,50251,12
12.9813804626,80.243270874,50251,50262,11
12.9813203812,80.2438583374,50262,50271,9
12.9812202454,80.2445678711,50271,50282,11
12.9810800552,80.2456436157,50282,50292,10
12.9809799194,80.2465286255,50292,50302,10
12.9808502197,80.2478790283,50302,50312,10
12.9807596207,80.248916626,50312,50322,10
12.980629921,80.2498474121,50322,50332,10
12.9803495407,80.2510528564,50332,50342,10
12.9801397324,80.2519226074,50342,50352,10
12.9800701141,80.2522506714,50352,50362,10
12.9800701141,80.2522735596,50362,50373,11
12.9800701141,80.2523498535,50373,50383,10
12.9801397324,80.2525405884,50383,50393,10
12.9801502228,80.2525482178,50393,50403,10
12.9802398682,80.2526016235,50403,50413,10
12.980629921,80.2526626587,50413,50423,10
12.9813604355,80.2526397705,50423,50433,10
12.9822998047,80.2526016235,50433,50443,10
12.9834299088,80.2524795532,50443,50453,10
12.9843902588,80.252243042,50453,50463,10
12.9850196838,80.2520980835,50463,50473,10
12.9854001999,80.2519989014,50473,50483,10
12.9856100082,80.2519226074,50483,50494,11
12.9858999252,80.2518386841,50494,50504,10
12.9862804413,80.2517623901,50504,50514,10
12.9865398407,80.2517089844,50514,50613,99
12.9865398407,80.2517089844,50613,50622,9
12.9866800308,80.2516708374,50622,50633,11
12.9872198105,80.2515106201,50633,50643,10
12.9874801636,80.2514419556,50643,50653,10
12.9877796173,80.2514190674,50653,50663,10
12.987950325,80.2518386841,50663,50673,10
12.9879903793,80.2525024414,50673,50683,10
12.9878902435,80.25340271,50683,50693,10
12.9878196716,80.2548980713,50693,50784,91
12.9878196716,80.2548980713,50784,50794,10
12.9876804352,80.2551879883,50794,50804,10
12.9876899719,80.2556228638,50804,50814,10
12.9876298904,80.2561721802,50814,50825,11
12.9876098633,80.2562637329,50825,50835,10
12.9875802994,80.2563323975,50835,50845,10
12.9875402451,80.2566680908,50845,50855,10
12.9874897003,80.2571792603,50855,50865,10
12.9874601364,80.2577209473,50865,50875,10
12.9874401093,80.258140564,50875,50884,9
12.9874000549,80.2584228516,50884,50895,11
12.9873895645,80.2586898804,50895,50905,10
12.9873600006,80.2590026855,50905,50915,10
12.9872903824,80.2593765259,50915,50935,20
12.9872598648,80.2596817017,50935,50996,61
12.9872598648,80.2596817017,50996,51006,10
12.9869098663,80.2595901489,51006,51026,20
12.9869098663,80.2595901489,51026,51036,10
12.9866104126,80.2593917847,51036,52308,1272
12.9866104126,80.2593917847,52308,52318,10
12.9867601395,80.2590789795,52318,52610,292
12.9867601395,80.2590789795,52610,52620,10
12.9865999222,80.259147644,52620,53710,1090
12.9865999222,80.259147644,53710,53720,10
12.9869298935,80.2590789795,53720,53730,10
12.9870796204,80.2591094971,53730,53740,10
12.9870996475,80.2591094971,53740,53750,10
12.9872503281,80.2590408325,53750,53761,11
12.9872999191,80.2588195801,53761,53771,10
12.9873104095,80.258682251,53771,53781,10
12.9873504639,80.2583389282,53781,53791,10
12.9874000549,80.2579574585,53791,53801,10
12.9874601364,80.2574234009,53801,53811,10
12.9875202179,80.2567672729,53811,53821,10
12.9875802994,80.2561416626,53821,53851,30
12.9875802994,80.2561416626,53851,53861,10
12.9876203537,80.2557067871,53861,53871,10
12.9877004623,80.2551574707,53871,53888,17
12.9877595901,80.2546310425,53888,53900,12
12.987830162,80.2537612915,53900,53910,10
12.9878902435,80.2530136108,53910,53920,10
12.9879102707,80.2521591187,53920,53930,10
12.9878396988,80.251953125,53930,53940,10
12.9877996445,80.2517700195,53940,53950,10
12.9875497818,80.2516098022,53950,53960,10
12.9869699478,80.2516784668,53960,53970,10
12.9862804413,80.2518463135,53970,53981,11
12.9852895737,80.2520828247,53981,53991,10
12.9841899872,80.2523880005,53991,54001,10
12.9830904007,80.2526321411,54001,54011,10
12.9819402695,80.2526779175,54011,54021,10
12.980799675,80.2527084351,54021,54031,10
12.9799003601,80.2526931763,54031,54041,10
12.9798498154,80.2523269653,54041,54051,10
12.9798603058,80.2523117065,54051,54061,10
12.9799604416,80.2520523071,54061,54071,10
12.9801101685,80.2515411377,54071,54081,10
12.9803495407,80.2507629395,54081,54091,10
12.9805898666,80.2497787476,54091,54102,11
12.9807300568,80.2485427856,54102,54111,9
12.9808197021,80.2474975586,54111,54122,11
12.9809303284,80.2461776733,54122,54131,9
12.9810400009,80.2451095581,54131,54142,11
12.9811601639,80.2439575195,54142,54152,10
12.9813203812,80.2434921265,54152,54162,10
12.981300354,80.2428207397,54162,54182,20
12.981300354,80.2428207397,54182,54192,10
12.9813203812,80.242477417,54192,54202,10
12.9813203812,80.241897583,54202,54213,11
12.9813203812,80.2409973145,54213,54223,10
12.9813203812,80.2400131226,54223,54233,10
12.9813098907,80.2391204834,54233,54243,10
12.9812803268,80.2380523682,54243,54253,10
12.9812498093,80.2378463745,54253,54263,10
12.9812402725,80.2373504639,54263,54273,10
12.9812202454,80.2365493774,54273,54283,10
12.9812002182,80.2356033325,54283,54293,10
12.9811697006,80.2346420288,54293,54303,10
12.9812498093,80.2341384888,54303,54313,10
12.9813098907,80.2340087891,54313,54324,11
12.9814300537,80.2337493896,54324,54334,10
12.9814796448,80.2336196899,54334,54344,10
12.9815998077,80.2333679199,54344,54354,10
12.9817695618,80.233039856,54354,54364,10
12.9818296432,80.2328720093,54364,54374,10
12.9819002151,80.2326583862,54374,54384,10
12.9819602966,80.232421875,54384,54394,10
12.9819297791,80.2321395874,54394,54404,10
12.9819498062,80.2316513062,54404,54414,10
12.9818401337,80.2310714722,54414,54424,10
12.9816503525,80.230682373,54424,54435,11
12.9812698364,80.2300415039,54435,54445,10
12.9810800552,80.2296981812,54445,54455,10
12.9809703827,80.2295379639,54455,54465,10
12.9808702469,80.229347229,54465,54475,10
12.9806900024,80.2290802002,54475,54495,20
12.9806900024,80.2290802002,54495,54505,10
12.9804801941,80.2287368774,54505,54515,10
12.9802503586,80.2282714844,54515,54525,10
12.9799404144,80.2277297974,54525,54535,10
12.9796600342,80.2272262573,54535,54546,11
12.9793701172,80.2267684937,54546,54556,10
12.9791898727,80.2264480591,54556,54566,10
12.9789104462,80.2259902954,54566,54576,10
12.9785499573,80.2253570557,54576,54586,10
12.9781999588,80.2247924805,54586,54596,10
12.9780797958,80.2246017456,54596,54606,10
12.9778299332,80.224281311,54606,54616,10
12.9775400162,80.2238006592,54616,54626,10
12.9773101807,80.2233505249,54626,54636,10
12.9771203995,80.2230224609,54636,54646,10
12.9770202637,80.2228393555,54646,54657,11
12.9768295288,80.2225494385,54657,54667,10
12.9764795303,80.2219924927,54667,54677,10
12.9761295319,80.2214889526,54677,54687,10
12.9758195877,80.2211380005,54687,54697,10
12.9757204056,80.2210464478,54697,54707,10
12.9754400253,80.2207870483,54707,54747,40
12.9754400253,80.2207870483,54747,54757,10
12.9753303528,80.2205810547,54757,54767,10
12.9754495621,80.2203979492,54767,54778,11
12.9757604599,80.220199585,54778,54788,10
12.9762296677,80.2199172974,54788,54798,10
12.9769897461,80.2196731567,54798,54808,10
12.9779701233,80.2192764282,54808,54817,9
12.9785404205,80.2190628052,54817,54828,11
12.9791002274,80.2188186646,54828,54838,10
12.9798698425,80.2185668945,54838,54848,10
12.9807100296,80.2182388306,54848,54858,10
12.9816999435,80.2179107666,54858,54868,10
12.9823904037,80.2178573608,54868,54878,10
12.9830198288,80.2178421021,54878,54889,11
12.9835996628,80.2178573608,54889,54898,9
12.983710289,80.2178573608,54898,54909,11
12.9839200974,80.2178192139,54909,54919,10
12.9840497971,80.2178115845,54919,54929,10
12.9840898514,80.2178115845,54929,54939,10
12.9843196869,80.2178192139,54939,54949,10
12.9845600128,80.2178573608,54949,54959,10
12.9848203659,80.2178573608,54959,54969,10
12.9849996567,80.2178573608,54969,54979,10
12.9852600098,80.2178573608,54979,54989,10
12.9854698181,80.2178573608,54989,55000,11
12.9859399796,80.2179412842,55000,55010,10
12.9866104126,80.2180862427,55010,55020,10
12.9872102737,80.2181930542,55020,55030,10
12.9872398376,80.2182006836,55030,55040,10
12.9874897003,80.2182998657,55040,55050,10
12.9881095886,80.218460083,55050,55060,10
12.9888601303,80.2186889648,55060,55070,10
12.9898099899,80.2189712524,55070,55080,10
12.9908399582,80.2192764282,55080,55090,10
12.9916296005,80.2193984985,55090,55100,10
12.9922704697,80.2189712524,55100,55111,11
12.9930801392,80.2183380127,55111,55121,10
12.9937095642,80.2178268433,55121,55131,10
12.9940700531,80.2176208496,55131,55141,10
12.9943599701,80.2174072266,55141,55151,10
12.9946203232,80.2172164917,55151,55161,10
12.9949598312,80.2169876099,55161,55171,10
12.9954299927,80.2166671753,55171,55181,10
12.9960803986,80.2164916992,55181,55191,10
12.9966096878,80.2164535522,55191,55211,20
12.9966096878,80.2164535522,55211,55222,11
12.9970397949,80.2164382935,55222,55232,10
12.9973402023,80.216217041,55232,55252,20
12.9973402023,80.216217041,55252,55262,10
12.997469902,80.2161407471,55262,55272,10
12.997759819,80.2158813477,55272,55282,10
12.9981803894,80.215423584,55282,55292,10
12.9987401962,80.2149200439,55292,55302,10
12.9991703033,80.21459198,55302,55312,10
12.9994802475,80.2142868042,55312,55322,10
12.9999303818,80.2139129639,55322,55333,11
13.0004396439,80.213470459,55333,55343,10
13.0009498596,80.2130126953,55343,55353,10
13.0012598038,80.212677002,55353,55363,10
13.0014600754,80.212562561,55363,55373,10
13.0016899109,80.2124404907,55373,55383,10
13.0017004013,80.2124404907,55383,55393,10
13.0018901825,80.2123413086,55393,55403,10
13.0020599365,80.2122192383,55403,55413,10
13.0024900436,80.2121124268,55413,55423,10
13.0026702881,80.2120666504,55423,55433,10
13.0031700134,80.2120132446,55433,55454,21
13.0031700134,80.2120132446,55454,55464,10
13.0035295486,80.2119293213,55464,55474,10
13.0036001205,80.2117004395,55474,55484,10
13.0036401749,80.2113571167,55484,55494,10
13.0036296844,80.2108764648,55494,55504,10
13.0035600662,80.2104034424,55504,55514,10
13.0035200119,80.2099609375,55514,55524,10
13.0035200119,80.2094802856,55524,55534,10
13.0036201477,80.2089080811,55534,55544,10
13.0042695999,80.2087402344,55544,55554,10
13.0051498413,80.2091293335,55554,55565,11
13.0061197281,80.2095108032,55565,55575,10
13.0066003799,80.2096710205,55575,55585,10
13.0071697235,80.2097702026,55585,55605,20
13.0071697235,80.2097702026,55605,55615,10
13.0072898865,80.2098388672,55615,55625,10
13.0076999664,80.2099075317,55625,55635,10
13.008099556,80.2099533081,55635,55645,10
13.0080699921,80.2094802856,55645,55655,10
13.0079603195,80.2087173462,55655,55671,16
13.0077199936,80.2072219849,55671,55684,13
13.0075597763,80.2061004639,55684,55694,10
13.007519722,80.2052993774,55694,55704,10
13.007519722,80.2045974731,55704,55714,10
13.0074596405,80.2038421631,55714,55724,10
13.0073204041,80.2030181885,55724,55734,10
13.0068702698,80.2025299072,55734,55744,10
13.0065498352,80.2031021118,55744,55754,10
13.0070800781,80.2035064697,55754,55763,9
13.0077295303,80.2037277222,55763,55774,11
13.0087203979,80.2037124634,55774,55784,10
13.0099802017,80.2036209106,55784,55795,11
13.0115499496,80.2037124634,55795,55805,10
13.0127000809,80.2039031982,55805,55815,10
13.0139799118,80.2042999268,55815,55825,10
13.0149898529,80.2046432495,55825,55835,10
13.0158100128,80.2050323486,55835,55845,10
13.0161399841,80.2052612305,55845,55855,10
13.0167503357,80.2052230835,55855,55863,8
13.0179195404,80.2056808472,55863,55875,12
13.018409729,80.205871582,55875,55886,11
13.0188598633,80.2060775757,55886,55897,11
13.0196695328,80.2062606812,55897,55908,11
13.0205602646,80.2062225342,55908,55918,10
13.0211601257,80.2061767578,55918,55927,9
13.0214195251,80.2061920166,55927,55938,11
13.0217103958,80.2062225342,55938,55948,10
13.0220804214,80.2063293457,55948,55958,10
13.0227603912,80.2064437866,55958,55968,10
13.023639679,80.2066421509,55968,55978,10
13.0242500305,80.2067337036,55978,55988,10
13.0249900818,80.2068786621,55988,55998,10
13.0261096954,80.2073364258,55998,56008,10
13.0270795822,80.2079162598,56008,56019,11
13.028169632,80.208480835,56019,56029,10
13.0291404724,80.2087173462,56029,56039,10
13.029709816,80.2088394165,56039,56049,10
13.0299901962,80.2089691162,56049,56059,10
13.030579567,80.2091522217,56059,56069,10
13.0312795639,80.2093505859,56069,56079,10
13.0315704346,80.2094268799,56079,56089,10
13.0316200256,80.2094726563,56089,56099,10
13.0320596695,80.209602356,56099,56109,10
13.0327196121,80.2096862793,56109,56119,10
13.033490181,80.209777832,56119,56130,11
13.0343399048,80.2099533081,56130,56140,10
13.0349597931,80.2101669312,56140,56150,10
13.0349502563,80.2106704712,56150,56160,10
13.0349597931,80.2111816406,56160,56170,10
13.0349397659,80.2113037109,56170,56180,10
13.0348901749,80.2116470337,56180,56190,10
13.0349597931,80.2121276855,56190,56200,10
13.0355100632,80.2121734619,56200,56210,10
13.0360498428,80.2122116089,56210,56220,10
13.036649704,80.2122192383,56220,56230,10
13.0370101929,80.2122192383,56230,56241,11
13.0376501083,80.2122268677,56241,56251,10
13.0384397507,80.2121963501,56251,56261,10
13.0394201279,80.2122421265,56261,56271,10
13.0404500961,80.2124404907,56271,56281,10
13.0415697098,80.2124481201,56281,56291,10
13.0425596237,80.2122573853,56291,56301,10
13.0433702469,80.2121963501,56301,56311,10
13.0438499451,80.2122192383,56311,56372,61
13.0438499451,80.2122192383,56372,56382,10
13.0441703796,80.2122802734,56382,56392,10
13.0445098877,80.2122573853,56392,56402,10
13.0450696945,80.212272644,56402,56412,10
13.0457201004,80.2122192383,56412,56422,10
13.0465602875,80.2122116089,56422,56432,10
13.0473604202,80.2121429443,56432,56441,9
13.0484199524,80.2119903564,56441,56463,22
13.0484199524,80.2119903564,56463,56473,10
13.0486402512,80.2120513916,56473,56483,10
13.0495100021,80.2119369507,56483,56523,40
13.0495100021,80.2119369507,56523,56533,10
13.0496797562,80.2119522095,56533,56543,10
13.0499200821,80.2119598389,56543,56559,16
13.050450325,80.2119064331,56559,56571,12
13.0509195328,80.2118377686,56571,56582,11
13.0519304276,80.2118377686,56582,56592,10
13.0531196594,80.2118835449,56592,56602,10
13.0541200638,80.211517334,56602,56612,10
13.0545797348,80.2114334106,56612,56622,10
13.0549497604,80.2112579346,56622,56631,9
13.0556097031,80.2111434937,56631,56642,11
13.0570001602,80.2113265991,56642,56652,10
13.0580596924,80.211479187,56652,56662,10
13.0586099625,80.2115020752,56662,56673,11
13.0594596863,80.2115325928,56673,56683,10
13.0604095459,80.2116012573,56683,56694,11
13.0614204407,80.2116622925,56694,56704,10
13.062040329,80.2119216919,56704,56712,8
13.0625896454,80.211807251,56712,56723,11
13.0631198883,80.2115707397,56723,56734,11
13.063249588,80.211517334,56734,56744,10
13.0635700226,80.211479187,56744,56753,9
13.0644197464,80.2113571167,56753,56764,11
13.0650997162,80.2109603882,56764,56774,10
13.0661802292,80.2101364136,56774,56784,10
13.0670204163,80.2094802856,56784,56794,10
13.0674200058,80.2087097168,56794,56805,11
13.0674104691,80.2086791992,56805,56815,10
13.0674295425,80.2085189819,56815,56825,10
13.067700386,80.2081375122,56825,56834,9
13.0680704117,80.207572937,56834,56845,11
13.0686302185,80.2067184448,56845,56855,10
13.0692195892,80.2058105469,56855,56865,10
13.0696401596,80.2050704956,56865,56875,10
13.0695400238,80.2048034668,56875,56885,10
13.0691204071,80.2050933838,56885,57006,121
13.0691204071,80.2050933838,57006,57016,10
13.0689001083,80.2053604126,57016,57027,11
13.0685300827,80.2052001953,57027,57914,887
13.0682497025,80.2051773071,57914,57975,61
13.0682497025,80.2051773071,57975,57985,10
13.0683202744,80.2049865723,57985,57995,10
13.0685796738,80.2049026489,57995,58005,10
13.0686798096,80.2048492432,58005,58015,10
13.0689897537,80.2047729492,58015,58056,41
13.0689897537,80.2047729492,58056,58066,10
13.0691299438,80.2047424316,58066,58076,10
13.0693998337,80.2047729492,58076,58086,10
13.0697603226,80.2049026489,58086,58157,71
13.0697603226,80.2049026489,58157,58167,10
13.069899559,80.2052764893,58167,58177,10
13.0695896149,80.2057571411,58177,58187,10
13.0691204071,80.2064590454,58187,58197,10
13.0686702728,80.2071380615,58197,58207,10
13.0680303574,80.208152771,58207,58217,10
13.0674495697,80.2091522217,58217,58227,10
13.0669898987,80.2099304199,58227,58237,10
13.0660800934,80.2106704712,58237,58247,10
13.0651197433,80.2113189697,58247,58268,21
13.0651197433,80.2113189697,58268,58278,10
13.064740181,80.2115020752,58278,58288,10
13.0638599396,80.2117462158,58288,58308,20
13.0638599396,80.2117462158,58308,58318,10
13.0634498596,80.2117767334,58318,58328,10
13.0627603531,80.2118301392,58328,58338,10
13.0621500015,80.2118606567,58338,58348,10
13.0611801147,80.211769104,58348,58358,10
13.0600996017,80.2117080688,58358,58368,10
13.0589399338,80.2116622925,58368,58379,11
13.0579500198,80.2116394043,58379,58389,10
13.0577201843,80.2116470337,58389,58399,10
13.0574398041,80.2116622925,58399,58409,10
13.0572795868,80.2116775513,58409,58425,16
13.0563297272,80.2116470337,58425,58437,12
13.0552101135,80.2115936279,58437,58447,10
13.0542001724,80.2116470337,58447,58455,8
13.0534801483,80.2118225098,58455,58468,13
13.0526199341,80.2120819092,58468,58478,10
13.0521202087,80.2122268677,58478,58488,10
13.0516004562,80.2123031616,58488,58499,11
13.0508804321,80.2122192383,58499,58509,10
13.0497503281,80.2122116089,58509,58529,20
13.0497503281,80.2122116089,58529,58539,10
13.0496301651,80.2121810913,58539,58549,10
13.0490598679,80.2121582031,58549,58559,10
13.0482301712,80.2122192383,58559,58569,10
13.0471601486,80.2123413086,58569,58579,10
13.0461597443,80.2123794556,58579,58589,10
13.0452404022,80.2123794556,58589,58599,10
13.0451402664,80.2124099731,58599,58610,11
13.0447797775,80.2124176025,58610,58620,10
13.044549942,80.2124176025,58620,58630,10
13.0443897247,80.2124633789,58630,58640,10
13.0438995361,80.2124176025,58640,58650,10
13.0430603027,80.2124176025,58650,58660,10
13.0420398712,80.2124023438,58660,58670,10
13.0410003662,80.2124176025,58670,58680,10
13.0399103165,80.2124404907,58680,58690,10
13.0388202667,80.2124404907,58690,58700,10
13.0377502441,80.2124404907,58700,58710,10
13.0366296768,80.212348938,58710,58721,11
13.0355100632,80.212348938,58721,58731,10
13.0351200104,80.2122879028,58731,58741,10
13.0351104736,80.2122879028,58741,58751,10
13.034910202,80.2122497559,58751,58761,10
13.0344696045,80.2121582031,58761,58791,30
13.0344696045,80.2121582031,58791,58801,10
13.0343198776,80.2121276855,58801,58817,16
13.0336198807,80.2120132446,58817,58829,12
13.0326404572,80.2118682861,58829,58840,11
13.031920433,80.2117004395,58840,58850,10
13.0320396423,80.2107391357,58850,58860,10
13.0321598053,80.2099227905,58860,58869,9
13.0318498611,80.2095870972,58869,58880,11
13.0309896469,80.2093276978,58880,58890,10
13.0304203033,80.2091827393,58890,58910,20
13.0304203033,80.2091827393,58910,58920,10
13.0303096771,80.2091827393,58920,58930,10
13.029999733,80.2090682983,58930,58941,11
13.0295200348,80.2089309692,58941,58951,10
13.0287399292,80.208732605,58951,58961,10
13.0277004242,80.2083435059,58961,58971,10
13.0267000198,80.2077636719,58971,58981,10
13.0256795883,80.2071762085,58981,58991,10
13.024479866,80.2069091797,58991,59001,10
13.0234098434,80.2066879272,59001,59011,10
13.0222997665,80.2064590454,59011,59021,10
13.0211801529,80.2064590454,59021,59030,9
13.0200996399,80.2064819336,59030,59041,11
13.019109726,80.2063674927,59041,59051,10
13.0190000534,80.2063369751,59051,59062,11
13.0184803009,80.2061309814,59062,59072,10
13.0176897049,80.2058563232,59072,59082,10
13.0167703629,80.2055130005,59082,59092,10
13.0158596039,80.2052001953,59092,59102,10
13.0150899887,80.2049331665,59102,59122,20
13.0150899887,80.2049331665,59122,59132,10
13.0149002075,80.2048568726,59132,59142,10
13.0145196915,80.2047576904,59142,59203,61
13.0145196915,80.2047576904,59203,59213,10
13.0142602921,80.2046203613,59213,59223,10
13.0142402649,80.2046203613,59223,59233,10
13.0140695572,80.2045822144,59233,59284,51
13.0140695572,80.2045822144,59284,59294,10
13.0137996674,80.2044525146,59294,59304,10
13.0136003494,80.2044219971,59304,59314,10
13.0135002136,80.2047119141,59314,59324,10
13.0133600235,80.2052993774,59324,59334,10
13.0131797791,80.2059707642,59334,59343,9
13.0130596161,80.206703186,59343,59354,11
13.0130300522,80.2075576782,59354,59364,10
13.012960434,80.2080001831,59364,59374,10
13.0129499435,80.2085418701,59374,59384,10
13.0129699707,80.2089385986,59384,59395,11
13.0131702423,80.2096176147,59395,59405,10
13.0131797791,80.2099990845,59405,59415,10
13.0131196976,80.2107162476,59415,59425,10
13.0128097534,80.2114562988,59425,59435,10
13.0123796463,80.2121276855,59435,59445,10
13.0120000839,80.2126617432,59445,59455,10
13.0118598938,80.2128372192,59455,59465,10
13.0115995407,80.2127304077,59465,59475,10
13.0110797882,80.2123031616,59475,59485,10
13.0104799271,80.2118606567,59485,59495,10
13.0103197098,80.2117080688,59495,59506,11
13.0100698471,80.2115020752,59506,59556,50
13.0100698471,80.2115020752,59556,59566,10
13.0097198486,80.211227417,59566,59576,10
13.0095796585,80.2111206055,59576,59617,41
13.0095796585,80.2111206055,59617,59627,10
13.0091600418,80.2113571167,59627,59637,10
13.0090999603,80.211807251,59637,59647,10
13.0093002319,80.2125167847,59647,59657,10
13.0095500946,80.2132415771,59657,59667,10
13.0098199844,80.2139434814,59667,59677,10
13.0101099014,80.2146224976,59677,59687,10
13.0102100372,80.2153015137,59687,59697,10
13.0103902817,80.2160186768,59697,59707,10
13.0107297897,80.216758728,59707,59717,10
13.0111398697,80.217590332,59717,59728,11
13.0114803314,80.2183914185,59728,59738,10
13.0118103027,80.2193984985,59738,59748,10
13.0120601654,80.2203598022,59748,59758,10
13.0122499466,80.2208633423,59758,59768,10
13.0123500824,80.2214431763,59768,59778,10
13.0125198364,80.2217102051,59778,59788,10
13.012720108,80.2220306396,59788,59798,10
13.0128898621,80.2222824097,59798,59808,10
13.0131998062,80.2225799561,59808,59818,10
13.0136003494,80.2230606079,59818,59828,10
13.013879776,80.2233886719,59828,59839,11
13.0139799118,80.223487854,59839,59849,10
13.0141801834,80.2237472534,59849,59859,10
13.0145101547,80.2241210938,59859,59869,10
13.0150995255,80.2247619629,59869,59879,10
13.0154399872,80.2252807617,59879,59889,10
13.0154104233,80.2257232666,59889,59899,10
13.0149297714,80.226020813,59899,59909,10
13.0142402649,80.2262496948,59909,59919,10
13.0135498047,80.2264862061,59919,59929,10
13.0128002167,80.2267990112,59929,59939,10
13.0120401382,80.2270965576,59939,59949,10
13.0111999512,80.2274169922,59949,59960,11
13.010219574,80.2277908325,59960,59970,10
13.0096197128,80.227897644,59970,59986,16
13.0095996857,80.2273788452,59986,59998,12
13.0099802017,80.2265930176,59998,60008,10
13.0102596283,80.2258987427,60008,60018,10
13.0106801987,80.2249526978,60018,60028,10
13.0110702515,80.224067688,60028,60038,10
13.0112895966,80.2232208252,60038,60048,10
13.0108604431,80.2229385376,60048,60058,10
13.0105895996,80.2228088379,60058,60069,11
13.010020256,80.2225112915,60069,60079,10
13.0093002319,80.22215271,60079,60089,10
13.0084600449,80.2216796875,60089,60099,10
13.0074796677,80.2211685181,60099,60109,10
13.0064401627,80.2206878662,60109,60119,10
13.0053300858,80.220451355,60119,60129,10
13.0044202805,80.2202224731,60129,60139,10
13.0036802292,80.2200469971,60139,60150,11
13.002699852,80.2197189331,60150,60160,10
13.0019598007,80.21900177,60160,60171,11
13.0011901855,80.2183303833,60171,60182,11
13.0004701614,80.2178268433,60182,60192,10
12.999830246,80.2174224854,60192,60202,10
12.9991798401,80.217048645,60202,60213,11
12.9984397888,80.2167205811,60213,60223,10
12.9979400635,80.216583252,60223,60233,10
12.9975099564,80.2165527344,60233,60253,20
12.9975099564,80.2165527344,60253,60263,10
12.9973897934,80.2165374756,60263,60273,10
12.9970397949,80.2165374756,60273,60283,10
12.9964799881,80.2165985107,60283,60294,11
12.9957504272,80.2167663574,60294,60304,10
12.9954204559,80.2168884277,60304,60314,10
12.9952402115,80.2169723511,60314,60324,10
12.9950304031,80.2171020508,60324,60334,10
12.9946804047,80.217338562,60334,60344,10
12.9944295883,80.2175216675,60344,60354,10
12.9939804077,80.2178421021,60354,60364,10
12.9933395386,80.2182998657,60364,60374,10
12.9926204681,80.2188491821,60374,60384,10
12.9918403625,80.2194137573,60384,60394,10
12.991230011,80.2195587158,60394,60405,11
12.9903898239,80.2192306519,60405,60415,10
12.9894304276,80.2188873291,60415,60431,16
12.9876403809,80.2183914185,60431,60443,12
12.9865398407,80.2181167603,60443,60453,10
12.9856700897,80.217918396,60453,60463,10
12.9844102859,80.2179489136,60463,60472,9
12.9839897156,80.2179870605,60472,60483,11
12.9839200974,80.2180099487,60483,60493,10
12.9835395813,80.2179794312,60493,60503,10
12.98279953,80.217956543,60503,60513,10
12.9805898666,80.2182693481,60513,60524,11
12.9805898666,80.2182693481,60524,60534,10
12.9796199799,80.2186584473,60534,60544,10
12.9788703918,80.218963623,60544,60554,10
12.9783496857,80.2191772461,60554,60564,10
12.9775600433,80.2195205688,60564,60574,10
12.9765796661,80.2199401855,60574,60584,10
12.975859642,80.2202606201,60584,60604,20
12.975859642,80.2202606201,60604,60614,10
12.9756097794,80.220451355,60614,60624,10
12.9756498337,80.2209625244,60624,60635,11
12.976360321,80.2217407227,60635,60655,20
12.976360321,80.2217407227,60655,60665,10
12.9765396118,80.2221374512,60665,60675,10
12.9766702652,80.2223587036,60675,60685,10
12.9767198563,80.222442627,60685,60695,10
12.9768896103,80.2227325439,60695,60704,9
12.9769601822,80.2228317261,60704,60716,12
12.9770898819,80.2230606079,60716,60726,10
12.9774503708,80.2236480713,60726,60737,11
12.9779596329,80.2244186401,60737,60747,10
12.9783601761,80.225112915,60747,60757,10
12.9787197113,80.2257232666,60757,60767,10
12.9792404175,80.2265319824,60767,60777,10
12.9794597626,80.226890564,60777,60787,10
12.9798002243,80.2274398804,60787,60797,10
12.9800100327,80.2277679443,60797,60807,10
12.9803695679,80.2283935547,60807,60817,10
12.9806203842,80.2288818359,60817,60827,10
12.9808702469,80.2292709351,60827,60837,10
12.9812097549,80.2298431396,60837,60847,10
12.9816703796,80.2305679321,60847,60858,11
12.982049942,80.2316818237,60858,60868,10
12.9820604324,80.2325134277,60868,60878,10
12.9819297791,80.2329483032,60878,60888,10
12.9817800522,80.2332611084,60888,60898,10
12.9817199707,80.2333831787,60898,60908,10
12.981590271,80.2336196899,60908,60918,10
12.9812898636,80.2342376709,60918,60928,10
12.9812202454,80.2349395752,60928,60938,10
12.9812602997,80.236076355,60938,60948,10
12.9812898636,80.2369995117,60948,60958,10
12.9813098907,80.2376174927,60958,60969,11
12.9813404083,80.2381134033,60969,60979,10
12.9813404083,80.238319397,60979,60989,10
12.9813404083,80.2384567261,60989,60999,10
12.9813404083,80.2385787964,60999,61009,10
12.9813499451,80.2389984131,61009,61019,10
12.9813604355,80.2395019531,61019,61029,10
12.9813699722,80.2399597168,61029,61038,9
12.9813804626,80.240562439,61038,61049,11
12.9813995361,80.2415008545,61049,61059,10
12.9814100266,80.2420196533,61059,61069,10
12.9814100266,80.2420425415,61069,61080,11
12.9814195633,80.2425384521,61080,61100,20
12.9814195633,80.2425384521,61100,61110,10
12.9814100266,80.2428665161,61110,61120,10
12.9813899994,80.2433624268,61120,61130,10
12.9813203812,80.2440338135,61130,61140,10
12.981180191,80.2449569702,61140,61150,10
12.9810400009,80.2461013794,61150,61160,10
12.980919838,80.2472686768,61160,61170,10
12.9808301926,80.2484512329,61170,61180,10
12.9807195663,80.2496109009,61180,61191,11
12.9804601669,80.2507705688,61191,61201,10
12.9802398682,80.2516098022,61201,61211,10
12.9800796509,80.2521362305,61211,61221,10
12.9800596237,80.2524032593,61221,61231,10
12.9802103043,80.2525634766,61231,61241,10
12.9807596207,80.2526473999,61241,61251,10
12.9815998077,80.2526626587,61251,61261,10
12.9826097488,80.2526397705,61261,61277,16
12.9838895798,80.2524490356,61277,61289,12
12.9848804474,80.2521591187,61289,61310,21
12.9848804474,80.2521591187,61310,61320,10
12.9851102829,80.2520904541,61320,61330,10
12.9854898453,80.2519683838,61330,61481,151
12.9854898453,80.2519683838,61481,61491,10
12.9856595993,80.2518768311,61491,61501,10
12.9860496521,80.2518005371,61501,61511,10
12.9864997864,80.2517089844,61511,61521,10
12.9871997833,80.2515563965,61521,61532,11
12.9878101349,80.2514266968,61532,61542,10
12.9879798889,80.2516479492,61542,61552,10
12.9880199432,80.2520217896,61552,61562,10
12.9880104065,80.2526779175,61562,61572,10
12.9879102707,80.2537002563,61572,61582,10
12.987830162,80.2548294067,61582,61612,30
12.987830162,80.2548294067,61612,61622,10
12.9877796173,80.2549514771,61622,61632,10
12.9877099991,80.2555236816,61632,61643,11
12.9875802994,80.2562866211,61643,61653,10
12.9875497818,80.2571487427,61653,61663,10
12.9874696732,80.2580566406,61663,61673,10
12.9874000549,80.2587432861,61673,61683,10
12.987279892,80.259437561,61683,61703,20
12.987279892,80.259437561,61703,61713,10
12.9872303009,80.2595672607,61713,61723,10
12.9871501923,80.2596206665,61723,61733,10
12.9869804382,80.259552002,61733,61743,10
12.9868402481,80.2595062256,61743,61754,11
12.9868297577,80.2592468262,61754,61804,50
12.9871797562,80.2591171265,61804,61885,81
12.9871797562,80.2591171265,61885,61895,10
12.9874000549,80.2590332031,61895,61905,10
12.9874000549,80.2587966919,61905,61915,10
12.9874200821,80.2586212158,61915,61925,10
12.9874200821,80.258392334,61925,61935,10
12.987449646,80.258140564,61935,61945,10
12.9874801636,80.2578430176,61945,61955,10
12.9875202179,80.2573165894,61955,61965,10
12.9876003265,80.2562866211,61965,62052,87
12.9876003265,80.2562866211,62052,62063,11
12.9876403809,80.2561569214,62063,62074,11
12.9876298904,80.2560195923,62074,62084,10
12.9877195358,80.2556228638,62084,62095,11
12.9877595901,80.2549819946,62095,62105,10
12.9877700806,80.2548370361,62105,62115,10
12.9878196716,80.2542495728,62115,62125,10
12.987859726,80.2534713745,62125,62135,10
12.9879398346,80.252532959,62135,62145,10
12.9878702164,80.2518997192,62145,62155,10
12.987859726,80.2518081665,62155,62165,10
12.9877796173,80.2516174316,62165,62175,10
12.9874296188,80.2515792847,62175,62185,10
12.9866695404,80.251739502,62185,62195,10
12.9856700897,80.2519836426,62195,62206,11
12.9844102859,80.2523193359,62206,62216,10
12.9832601547,80.2526016235,62216,62226,10
12.9821300507,80.2526779175,62226,62236,10
12.9810400009,80.2527008057,62236,62246,10
12.9802999496,80.2527236938,62246,62256,10
12.9801502228,80.2527618408,62256,62266,10
12.9798803329,80.2526321411,62266,62276,10
12.9798698425,80.2524414063,62276,62286,10
12.9799003601,80.2524032593,62286,62296,10
12.9799699783,80.2521896362,62296,62306,10
12.9800100327,80.2519683838,62306,62317,11
12.9801502228,80.2515792847,62317,62327,10
12.9802398682,80.2513198853,62327,62337,10
12.9804201126,80.2507019043,62337,62347,10
12.9806404114,80.2498397827,62347,62357,10
12.9807701111,80.2487869263,62357,62367,10
12.9808597565,80.2476806641,62367,62377,10
12.9809598923,80.2464981079,62377,62387,10
12.9811000824,80.2452774048,62387,62396,9
12.9811897278,80.2443084717,62396,62406,10
12.9812297821,80.2438583374,62406,62428,22
12.9812297821,80.2438583374,62428,62438,10
12.9813404083,80.2436218262,62438,62559,121
12.9813404083,80.2436218262,62559,62569,10
12.9813604355,80.2432479858,62569,62589,20
12.9813604355,80.2432479858,62589,62599,10
12.9813699722,80.2430496216,62599,62629,30
12.9813699722,80.2430496216,62629,62639,10
12.9813804626,80.2428436279,62639,62650,11
12.9813995361,80.2425537109,62650,62660,10
12.9813995361,80.2422180176,62660,62670,10
12.9813995361,80.2417373657,62670,62680,10
12.9813899994,80.2410888672,62680,62690,10
12.9813899994,80.2403793335,62690,62700,10
12.9813699722,80.2397232056,62700,62710,10
12.9813699722,80.2392730713,62710,62720,10
12.9813299179,80.2386932373,62720,62730,10
12.9813098907,80.2381362915,62730,62740,10
12.981300354,80.2380371094,62740,62750,10
12.981300354,80.2378692627,62750,62760,10
12.9812898636,80.2373962402,62760,62771,11
12.9812803268,80.236618042,62771,62781,10
12.9812602997,80.2358169556,62781,62797,16
12.9812297821,80.2344970703,62797,62809,12
12.9815196991,80.2336578369,62809,62819,10
12.9816398621,80.2334213257,62819,62829,10
12.9816398621,80.2334136963,62829,62839,10
12.9818000793,80.2331008911,62839,62849,10
12.9819803238,80.2325973511,62849,62859,10
12.982000351,80.2321014404,62859,62869,10
12.9819803238,80.231552124,62869,62878,9
12.9818696976,80.2310562134,62878,62889,11
12.9816398621,80.2305908203,62889,62901,12
12.9811697006,80.2298202515,62901,62911,10
12.9808797836,80.2293624878,62911,62921,10
12.9806804657,80.2290725708,62921,62930,9
12.980629921,80.2289810181,62930,62941,11
12.9805002213,80.2287826538,62941,62951,10
12.9803199768,80.2283630371,62951,62961,10
12.9800395966,80.2279281616,62961,62971,10
12.9797096252,80.2273483276,62971,62981,10
12.97935009,80.2267303467,62981,62992,11
12.9789199829,80.2259979248,62992,63002,10
12.9784698486,80.2252426147,63002,63012,10
12.9780302048,80.2245407104,63012,63022,10
12.9777297974,80.2240982056,63022,63032,10
12.9774599075,80.2236785889,63032,63042,10
12.9772100449,80.2232818604,63042,63052,10
12.9770002365,80.2229309082,63052,63062,10
12.9769096375,80.2227783203,63062,63072,10
12.976770401,80.2225799561,63072,63082,10
12.9764995575,80.2221374512,63082,63092,10
12.9764099121,80.2220001221,63092,63103,11
12.9763803482,80.2219161987,63103,63113,10
12.976269722,80.2217636108,63113,63123,10
12.976099968,80.2215118408,63123,63133,10
12.9758996964,80.2212371826,63133,63193,60
12.9758996964,80.2212371826,63193,63203,10
12.9755296707,80.2208404541,63203,63264,61
12.9755296707,80.2208404541,63264,63274,10
12.975399971,80.2207565308,63274,63284,10
12.975399971,80.2205505371,63284,63294,10
12.9755897522,80.2203903198,63294,63304,10
12.9759502411,80.2201919556,63304,63314,10
12.9766302109,80.2198867798,63314,63325,11
12.9774999619,80.2195510864,63325,63335,10
12.9783401489,80.2192001343,63335,63344,9
12.9787302017,80.2190475464,63344,63355,11
12.9793996811,80.2187805176,63355,63365,10
12.9800100327,80.2185211182,63365,63375,10
12.9807500839,80.2182388306,63375,63385,10
12.9816102982,80.2179489136,63385,63395,10
12.9820899963,80.2178573608,63395,63405,10
12.9820995331,80.2178573608,63405,63415,10
12.9824104309,80.2178192139,63415,63425,10
12.9830598831,80.2178421021,63425,63436,11
12.9837303162,80.2178573608,63436,63446,10
12.9837598801,80.2178726196,63446,63456,10
12.9839496613,80.2178497314,63456,63466,10
12.9845600128,80.2178573608,63466,63476,10
12.9854602814,80.217880249,63476,63486,10
12.9864196777,80.2180709839,63486,63496,10
12.9872303009,80.2182235718,63496,63506,10
12.9873600006,80.2182388306,63506,63516,10
12.9874801636,80.2182922363,63516,63526,10
12.9880104065,80.2184295654,63526,63536,10
12.988820076,80.2186584473,63536,63547,11
12.9898796082,80.2190093994,63547,63557,10
12.9909601212,80.2193527222,63557,63567,10
12.9918498993,80.2194137573,63567,63577,10
12.9925899506,80.2188415527,63577,63587,10
12.9933795929,80.2182235718,63587,63597,10
12.9939899445,80.2177734375,63597,63606,9
12.9945802689,80.217338562,63606,63637,31
12.9945802689,80.217338562,63637,63647,10
12.9948701859,80.2171401978,63647,63658,11
12.9954204559,80.2168121338,63658,63668,10
12.9961595535,80.2166290283,63668,63678,10
12.9967699051,80.2165222168,63678,63688,10
12.9970598221,80.2164611816,63688,63698,10
12.9975004196,80.2161407471,63698,63718,20
12.9975004196,80.2161407471,63718,63728,10
12.9977798462,80.215927124,63728,63737,9
12.998169899,80.2155609131,63737,63747,10
12.9987001419,80.2150421143,63747,63758,11
12.9992198944,80.2146606445,63758,63769,11
12.9996299744,80.214302063,63769,63779,10
13.0000801086,80.2139434814,63779,63789,10
13.000579834,80.213470459,63789,63799,10
13.0011196136,80.2129669189,63799,63809,10
13.0018501282,80.2124786377,63809,63819,10
13.0023698807,80.2122192383,63819,63829,10
13.0031003952,80.212097168,63829,63839,10
13.0036201477,80.2119827271,63839,63849,10
13.003660202,80.2119827271,63849,63859,10
13.0037403107,80.2119369507,63859,63869,10
13.0037403107,80.2116622925,63869,63880,11
13.0036897659,80.2109985352,63880,63890,10
13.0035896301,80.2102508545,63890,63900,10
13.0035600662,80.209487915,63900,63910,10
13.0037698746,80.2087173462,63910,63920,10
13.0045900345,80.2088928223,63920,63930,10
13.005490303,80.2092819214,63930,63940,10
13.0058898926,80.2094421387,63940,63950,10
13.0060796738,80.2095336914,63950,63960,10
13.0064897537,80.2096633911,63960,63970,10
13.0068798065,80.209777832,63970,63980,10
13.0073204041,80.2098083496,63980,64021,41
13.0073204041,80.2098083496,64021,64031,10
13.0076398849,80.2099075317,64031,64041,10
13.0079402924,80.2099609375,64041,64051,10
13.0081701279,80.2099609375,64051,64061,10
13.0081100464,80.2095413208,64061,64071,10
13.0080099106,80.2089004517,64071,64081,10
13.0078802109,80.2081069946,64081,64097,16
13.0076503754,80.2066192627,64097,64110,13
13.0075397491,80.2054214478,64110,64120,10
13.0075502396,80.2047424316,64120,64130,10
13.0074996948,80.2038269043,64130,64140,10
13.0073204041,80.2029266357,64140,64149,9
13.0067796707,80.2025680542,64149,64160,11
13.0066299438,80.2032394409,64160,64170,10
13.0071401596,80.2035675049,64170,64180,10
13.0078001022,80.203742981,64180,64190,10
13.0088796616,80.2037124634,64190,64199,9
13.0099802017,80.2036437988,64199,64210,11
13.0114202499,80.2036972046,64210,64221,11
13.0128202438,80.2039413452,64221,64231,10
13.0133600235,80.2041091919,64231,64239,8
13.0134401321,80.2041625977,64239,64251,12
13.0138301849,80.2043075562,64251,64261,10
13.0148200989,80.2046203613,64261,64281,20
13.0148200989,80.2046203613,64281,64291,10
13.0151500702,80.2047424316,64291,64301,10
13.0157604218,80.2049026489,64301,64311,10
13.0161800385,80.2051086426,64311,64321,10
13.0165901184,80.2051010132,64321,64332,11
13.0170097351,80.2053222656,64332,64342,10
13.017660141,80.2055511475,64342,64352,10
13.0184803009,80.2058334351,64352,64362,10
13.0186300278,80.2058868408,64362,64372,10
13.0188798904,80.2060012817,64372,64382,10
13.0194396973,80.2061691284,64382,64392,10
13.0202999115,80.2062683105,64392,64402,10
13.0213003159,80.2062683105,64402,64412,10
13.0216398239,80.2062835693,64412,64422,10
13.0219802856,80.2062835693,64422,64432,10
13.0225296021,80.2063903809,64432,64443,11
13.0234699249,80.2065811157,64443,64453,10
13.0241098404,80.2066116333,64453,64463,10
13.0243301392,80.2066574097,64463,64473,10
13.0247402191,80.2068099976,64473,64483,10
13.0256099701,80.2071075439,64483,64493,10
13.0264701843,80.2075881958,64493,64503,10
13.027299881,80.2080764771,64503,64513,10
13.0281295776,80.2085418701,64513,64523,10
13.0287599564,80.2087097168,64523,64533,10
13.0291004181,80.2087783813,64533,64543,10
13.0297803879,80.2089385986,64543,64554,11
13.0305995941,80.2091598511,64554,64564,10
13.0312995911,80.2093200684,64564,64580,16
13.0315103531,80.2093734741,64580,64592,12
13.031920433,80.2094573975,64592,64602,10
13.0324296951,80.2095794678,64602,64612,10
13.033200264,80.2097396851,64612,64622,10
13.0339097977,80.2099685669,64622,64632,10
13.0347003937,80.2101211548,64632,64642,10
13.0350599289,80.210319519,64642,64652,10
13.0349903107,80.2107009888,64652,64662,10
13.0349798203,80.2112503052,64662,64693,31
13.0349798203,80.2112503052,64693,64713,20
13.0349502563,80.2116165161,64713,64725,12
13.0349903107,80.2122192383,64725,64733,8
13.0354404449,80.2123031616,64733,64745,12
13.0359201431,80.2123413086,64745,64755,10
13.0363998413,80.212348938,64755,64765,10
13.0368995667,80.2123413086,64765,64774,9
13.0369796753,80.2123336792,64774,64786,12
13.0374898911,80.2122802734,64786,64796,10
13.0382204056,80.2122497559,64796,64806,10
13.0391101837,80.2122573853,64806,64816,10
13.0398702621,80.2122116089,64816,64826,10
13.0406599045,80.2121582031,64826,64836,10
13.0409803391,80.212059021,64836,64846,10
13.0415401459,80.2117996216,64846,64856,10
13.0420303345,80.2117614746,64856,64864,8
13.0423603058,80.2118225098,64864,64875,11
13.0427799225,80.2118835449,64875,64886,11
13.043680191,80.2121200562,64886,64917,31
13.043680191,80.2121200562,64917,64926,9
13.0440196991,80.2122268677,64926,64937,11
13.0443696976,80.212272644,64937,64946,9
13.0449695587,80.2123031616,64946,64957,11
13.0457201004,80.2123184204,64957,64967,10
13.0465602875,80.2122802734,64967,64976,9
13.0473203659,80.2121963501,64976,64987,11
13.0484895706,80.2119979858,64987,65008,21
13.0484895706,80.2119979858,65008,65018,10
13.0486402512,80.2120132446,65018,65028,10
13.0490198135,80.2119369507,65028,65038,10
13.0495100021,80.2118911743,65038,65048,10
13.0496997833,80.2119216919,65048,65058,10
13.0500802994,80.2118988037,65058,65068,10
13.0504198074,80.2119598389,65068,65078,10
13.0506696701,80.2119903564,65078,65088,10
13.05148983,80.2119369507,65088,65098,10
13.052479744,80.2117996216,65098,65108,10
13.0533304214,80.2116317749,65108,65119,11
13.0543498993,80.2113800049,65119,65139,20
13.0543498993,80.2113800049,65139,65149,10
13.0545797348,80.2113571167,65149,65159,10
13.0550203323,80.2113418579,65159,65169,10
13.0557804108,80.2113418579,65169,65179,10
13.0567302704,80.2113723755,65179,65189,10
13.0574197769,80.2113418579,65189,65199,10
13.0576000214,80.2113494873,65199,65209,10
13.0580701828,80.2113800049,65209,65220,11
13.0584096909,80.2114181519,65220,65230,10
13.0588998795,80.2114562988,65230,65240,10
13.0595197678,80.2115097046,65240,65250,10
13.0603103638,80.2115631104,65250,65260,10
13.0611801147,80.2116012573,65260,65270,10
13.0618801117,80.2115707397,65270,65280,10
13.062669754,80.2115936279,65280,65290,10
13.0630998611,80.2115402222,65290,65300,10
13.0631303787,80.2115325928,65300,65310,10
13.0632400513,80.2114715576,65310,65320,10
13.0636396408,80.21144104,65320,65331,11
13.0643997192,80.2113723755,65331,65341,10
13.0651798248,80.2109909058,65341,65350,9
13.0658798218,80.2104568481,65350,65361,11
13.0666799545,80.2098007202,65361,65371,10
13.0672597885,80.2090606689,65371,65381,10
13.067440033,80.2088165283,65381,65391,10
13.0675497055,80.2086181641,65391,65401,10
13.0678396225,80.2081375122,65401,65411,10
13.0681695938,80.2076034546,65411,65421,10
13.0687799454,80.2066268921,65421,65431,10
13.0693502426,80.2057571411,65431,65441,10
13.0696601868,80.2051391602,65441,65452,11
13.0696697235,80.2051086426,65452,65462,10
13.0696401596,80.2048873901,65462,65472,10
13.0692996979,80.2049331665,65472,65482,10
13.0690097809,80.2053222656,65482,65492,10
13.0687503815,80.2052993774,65492,65502,10
13.0686397552,80.2052230835,65502,65512,10
13.0684700012,80.2052230835,65512,65734,222
13.0684700012,80.2052230835,65734,65744,10
13.0682001114,80.2052307129,65744,65956,212
13.067990303,80.2051391602,65956,66773,817
13.067990303,80.2051391602,66773,66783,10
13.0680904388,80.2050094604,66783,66794,11
13.0683603287,80.2049865723,66794,66804,10
13.0688400269,80.2048187256,66804,66814,10
13.0692796707,80.2047729492,66814,66824,10
13.0697603226,80.2049179077,66824,66874,50
13.0697603226,80.2049179077,66874,66884,10
13.069849968,80.2052001953,66884,66895,11
13.0696601868,80.2055435181,66895,66905,10
13.0692996979,80.2061080933,66905,66915,10
13.0688295364,80.2068405151,66915,66925,10
13.0683002472,80.2077026367,66925,66935,10
13.0677204132,80.2086029053,66935,66945,10
13.0672101974,80.2094116211,66945,66955,10
13.0665798187,80.2100906372,66955,66965,10
13.0657997131,80.2107162476,66965,66975,10
13.0651397705,80.2112808228,66975,66985,10
13.0648803711,80.2114562988,66985,67005,20
13.0648803711,80.2114562988,67005,67016,11
13.0647602081,80.211517334,67016,67026,10
13.0642995834,80.2116775513,67026,67036,10
13.0638904572,80.2117614746,67036,67046,10
13.0637998581,80.2117614746,67046,67056,10
13.0636196136,80.2117614746,67056,67066,10
13.0631399155,80.2117767334,67066,67076,10
13.0624504089,80.211807251,67076,67086,10
13.0620803833,80.2118377686,67086,67096,10
13.0608901978,80.2117996216,67096,67106,10
13.0598802567,80.2117462158,67106,67115,9
13.0590400696,80.211730957,67115,67127,12
13.0581703186,80.2117004395,67127,67137,10
13.0576896667,80.2116928101,67137,67147,10
13.0576295853,80.2116775513,67147,67157,10
13.057390213,80.2117004395,67157,67167,10
13.0568704605,80.2116622925,67167,67177,10
13.0561199188,80.2116470337,67177,67187,10
13.0553197861,80.2116622925,67187,67197,10
13.0547895432,80.2116317749,67197,67207,10
13.0542602539,80.2116622925,67207,67217,10
13.053609848,80.2118225098,67217,67227,10
13.0530796051,80.2119369507,67227,67243,16
13.0524997711,80.2121200562,67243,67266,23
13.0524997711,80.2121200562,67266,67276,10
13.0520401001,80.2122268677,67276,67296,20
13.0520401001,80.2122268677,67296,67306,10
13.0516700745,80.2122421265,67306,67315,9
13.0507802963,80.2122573853,67315,67336,21
13.0507802963,80.2122573853,67336,67346,10
13.0504999161,80.2122116089,67346,67357,11
13.0500001907,80.2121963501,67357,67367,10
13.049489975,80.2122421265,67367,67407,40
13.049489975,80.2122421265,67407,67417,10
13.0490503311,80.2122192383,67417,67427,10
13.0484104156,80.2122573853,67427,67437,10
13.0476102829,80.2123413086,67437,67447,10
13.0465898514,80.212387085,67447,67478,31
13.0465898514,80.212387085,67478,67488,10
13.0463199615,80.2124023438,67488,67498,10
13.0459098816,80.2124404907,67498,67508,10
13.0454998016,80.2124786377,67508,67518,10
13.0452804565,80.2125015259,67518,67528,10
13.0451202393,80.2125015259,67528,67538,10
13.0447301865,80.2125015259,67538,67688,150
13.0447301865,80.2125015259,67688,67698,10
13.0443696976,80.2124099731,67698,67709,11
13.0438299179,80.2124328613,67709,67719,10
13.0430402756,80.2124328613,67719,67728,9
13.0422096252,80.2124404907,67728,67739,11
13.0412101746,80.2124481201,67739,67749,10
13.0399999619,80.2124404907,67749,67759,10
13.039059639,80.2124481201,67759,67769,10
13.0377101898,80.2125091553,67769,67810,41
13.0377101898,80.2125091553,67810,67820,10
13.0373401642,80.2124862671,67820,67830,10
13.0367698669,80.2124404907,67830,67840,10
13.0360898972,80.2124023438,67840,67850,10
13.0353899002,80.2123718262,67850,67860,10
13.0349197388,80.2123336792,67860,67870,10
13.0345897675,80.2122421265,67870,67880,10
13.0340795517,80.2121429443,67880,67900,20
13.0340795517,80.2121429443,67900,67911,11
13.0338897705,80.2121200562,67911,67921,10
13.0336399078,80.2120819092,67921,67931,10
13.0331602097,80.2119598389,67931,67941,10
13.0324401855,80.2118530273,67941,67951,10
13.0319595337,80.2116012573,67951,67961,10
13.0319900513,80.2110595703,67961,67971,10
13.0320196152,80.2104721069,67971,67981,10
13.0320796967,80.2098999023,67981,67991,10
13.0318002701,80.2096710205,67991,68001,10
13.0311403275,80.2094268799,68001,68011,10
13.0303497314,80.2092437744,68011,68022,11
13.0296697617,80.2090301514,68022,68032,10
13.0296201706,80.2089996338,68032,68042,10
13.0294504166,80.208946228,68042,68052,10
13.0290203094,80.2088470459,68052,68062,10
13.0282802582,80.2086410522,68062,68072,10
13.027589798,80.2083587646,68072,68082,10
13.0269203186,80.2079620361,68082,68091,9
13.0262403488,80.2075424194,68091,68102,11
13.0252399445,80.2071762085,68102,68112,10
13.0244398117,80.2070388794,68112,68122,10
13.0242300034,80.2069625854,68122,68132,10
13.0240802765,80.2068862915,68132,68143,11
13.0235395432,80.2067489624,68143,68153,10
13.0229101181,80.2066192627,68153,68163,10
13.0221204758,80.20652771,68163,68173,10
13.0214595795,80.2064971924,68173,68183,10
13.0207004547,80.2065124512,68183,68193,10
13.0198497772,80.2065200806,68193,68209,16
13.0192604065,80.2064590454,68209,68221,12
13.0190696716,80.2063980103,68221,68229,8
13.0188102722,80.2062911987,68229,68241,12
13.0183897018,80.2061462402,68241,68252,11
13.0176897049,80.2059173584,68252,68262,10
13.0172700882,80.2057266235,68262,68272,10
13.0165395737,80.205619812,68272,68282,10
13.0157499313,80.2052230835,68282,68291,9
13.0149002075,80.2049026489,68291,68302,11
13.0141000748,80.2046127319,68302,68331,29
13.0141000748,80.2046127319,68331,68342,11
13.0136995316,80.2044906616,68342,68352,10
13.0135602951,80.2046737671,68352,68363,11
13.0135002136,80.2048568726,68363,68373,10
13.0134096146,80.2052001953,68373,68383,10
13.0132598877,80.2058029175,68383,68393,10
13.0130901337,80.2065429688,68393,68403,10
13.0130395889,80.2072601318,68403,68413,10
13.0129404068,80.2078094482,68413,68423,10
13.0128803253,80.2080764771,68423,68433,10
13.012840271,80.2085800171,68433,68443,10
13.0129098892,80.2089385986,68443,68453,10
13.013010025,80.2094497681,68453,68463,10
13.0131902695,80.2098617554,68463,68474,11
13.0131196976,80.2105484009,68474,68484,10
13.0129804611,80.2111206055,68484,68494,10
13.0126600266,80.2117233276,68494,68504,10
13.0122900009,80.2123184204,68504,68514,10
13.0119400024,80.2127609253,68514,68524,10
13.0117502213,80.2128829956,68524,68534,10
13.011469841,80.2126693726,68534,68544,10
13.0108098984,80.2121582031,68544,68564,20
13.0108098984,80.2121582031,68564,68574,10
13.0106401443,80.2119979858,68574,68585,11
13.010430336,80.2117996216,68585,68605,20
13.010430336,80.2117996216,68605,68615,10
13.0101604462,80.2116165161,68615,68625,10
13.0097999573,80.2113723755,68625,68655,30
13.0094804764,80.2111816406,68655,68685,30
13.0094804764,80.2111816406,68685,68696,11
13.0092401505,80.2112579346,68696,68706,10
13.0090703964,80.2114486694,68706,68716,10
13.0090904236,80.2119369507,68716,68726,10
13.0092201233,80.2123184204,68726,68736,10
13.009349823,80.2127075195,68736,68746,10
13.0095100403,80.213142395,68746,68756,10
13.0096797943,80.2135925293,68756,68766,10
13.0098600388,80.2140274048,68766,68776,10
13.0100402832,80.2144622803,68776,68786,10
13.0101699829,80.2150497437,68786,68796,10
13.0102901459,80.2158508301,68796,68807,11
13.0106897354,80.2167663574,68807,68817,10
13.0111303329,80.2176971436,68817,68827,10
13.0115404129,80.2188034058,68827,68837,10
13.0119104385,80.2199401855,68837,68845,8
13.0121898651,80.2208023071,68845,68857,12
13.0125198364,80.2218017578,68857,68867,10
13.0129899979,80.2224197388,68867,68877,10
13.0133304596,80.2227630615,68877,68887,10
13.0137195587,80.2232284546,68887,68897,10
13.0140399933,80.2236099243,68897,68907,10
13.0142202377,80.2238616943,68907,68918,11
13.0146903992,80.2243804932,68918,68928,10
13.0148696899,80.224609375,68928,68938,10
13.0151100159,80.2248382568,68938,68948,10
13.0153303146,80.225112915,68948,68958,10
13.0154800415,80.2253875732,68958,68968,10
13.0154399872,80.2256469727,68968,68978,10
13.0152196884,80.2259216309,68978,68988,10
13.0148296356,80.2260513306,68988,68998,10
13.0143203735,80.2262268066,68998,69008,10
13.0136404037,80.2265167236,69008,69018,10
13.0128698349,80.2268295288,69018,69029,11
13.0120401382,80.2272033691,69029,69039,10
13.0111503601,80.2275009155,69039,69049,10
13.0102500916,80.2278671265,69049,69059,10
13.009519577,80.2279205322,69059,69069,10
13.0095996857,80.2273406982,69069,69079,10
13.0099496841,80.2266387939,69079,69089,10
13.0102996826,80.2258911133,69089,69099,10
13.0106401443,80.2250976563,69099,69109,10
13.0108604431,80.2244873047,69109,69119,10
13.0110702515,80.2238922119,69119,69129,10
13.0112495422,80.2233505249,69129,69140,11
13.0108604431,80.2230606079,69140,69150,10
13.0101900101,80.2227401733,69150,69160,10
13.0094099045,80.2222671509,69160,69170,10
13.0087099075,80.2218780518,69170,69180,10
13.0078001022,80.2214202881,69180,69190,10
13.0069999695,80.2209777832,69190,69200,10
13.0061502457,80.2206802368,69200,69210,10
13.0052404404,80.2204666138,69210,69220,10
13.0043897629,80.2202682495,69220,69230,10
13.0033597946,80.2200393677,69230,69240,10
13.0026397705,80.2197418213,69240,69251,11
13.0020799637,80.2192611694,69251,69261,10
13.0017004013,80.2188186646,69261,69271,10
13.0013399124,80.2185516357,69271,69281,10
13.0008802414,80.2182312012,69281,69291,10
13.0003299713,80.2178573608,69291,69301,10
12.9999904633,80.2176513672,69301,69310,9
12.9998703003,80.2175674438,69310,69321,11
12.9997301102,80.2174835205,69321,69331,10
12.9995002747,80.2173080444,69331,69351,20
12.9995002747,80.2173080444,69351,69362,11
12.9991397858,80.2171401978,69362,69372,10
12.9990196228,80.2170791626,69372,69380,8
12.9988603592,80.2170028687,69380,69391,11
12.9985399246,80.2168579102,69391,69412,21
12.9985399246,80.2168579102,69412,69422,10
12.9981603622,80.2167205811,69422,69473,51
12.9981603622,80.2167205811,69473,69483,10
12.9978904724,80.2166366577,69483,69493,10
12.9976902008,80.2166366577,69493,69503,10
12.9976596832,80.2166366577,69503,69513,10
12.997420311,80.2165985107,69513,69523,10
12.9970998764,80.2165985107,69523,69533,10
12.9967803955,80.2166213989,69533,69543,10
12.9966001511,80.2165985107,69543,69553,10
12.9963598251,80.2166900635,69553,69563,10
12.9959096909,80.2167510986,69563,69573,10
12.9959001541,80.2167510986,69573,69584,11
12.99559021,80.2168273926,69584,69594,10
12.9954099655,80.2169113159,69594,69604,10
12.9952497482,80.2169876099,69604,69614,10
12.9951896667,80.2170181274,69614,69624,10
12.9949998856,80.2171401978,69624,69634,10
12.9948101044,80.2172393799,69634,69644,10
12.9944095612,80.2175216675,69644,69654,10
12.9939203262,80.2178726196,69654,69664,10
12.9933595657,80.2182769775,69664,69674,10
12.9927597046,80.2186965942,69674,69684,10
12.9920902252,80.2192077637,69684,69695,11
12.9915599823,80.219619751,69695,69705,10
12.9911403656,80.2195587158,69705,69715,10
12.9905195236,80.2193374634,69715,69725,10
12.9897499084,80.219078064,69725,69735,10
12.988940239,80.2187805176,69735,69745,10
12.9881601334,80.218536377,69745,69755,10
12.9875602722,80.2184371948,69755,69765,10
12.9870901108,80.2183685303,69765,69785,20
12.9870901108,80.2183685303,69785,69795,10
12.9866800308,80.2182693481,69795,69806,11
12.9860200882,80.2181091309,69806,69816,10
12.9851198196,80.2179870605,69816,69826,10
12.9839296341,80.2180328369,69826,69846,20
12.9839296341,80.2180328369,69846,69856,10
12.9838104248,80.2180175781,69856,69866,10
12.9833402634,80.2180404663,69866,69876,10
12.9825496674,80.2180328369,69876,69886,10
12.9816799164,80.2180633545,69886,69896,10
12.980799675,80.2182769775,69896,69906,10
12.9801101685,80.2185211182,69906,69916,10
12.9795799255,80.2187194824,69916,69926,10
12.9790000916,80.218963623,69926,69937,11
12.9785203934,80.2191162109,69937,69947,10
12.9778404236,80.2194213867,69947,69957,10
12.9770402908,80.2197570801,69957,69967,10
12.9759597778,80.2202987671,69967,69977,10
12.9759101868,80.2203216553,69977,70027,50
12.9759101868,80.2203216553,70027,70038,11
12.9756498337,80.220413208,70038,70048,10
12.9754295349,80.2207183838,70048,70058,10
12.9757995605,80.2211685181,70058,70074,16
12.9763402939,80.2218933105,70074,70106,32
12.9763402939,80.2218933105,70106,70116,10
12.9764604568,80.2222824097,70116,70126,10
12.9767799377,80.2227401733,70126,70136,10
12.9771699905,80.2233505249,70136,70146,10
12.9775896072,80.224029541,70146,70157,11
12.9780397415,80.2247085571,70157,70167,10
12.9783802032,80.2252883911,70167,70177,10
12.9787597656,80.2258987427,70177,70187,10
12.9791402817,80.2265319824,70187,70197,10
12.9794397354,80.2269897461,70197,70207,10
12.9798898697,80.2277069092,70207,70216,9
12.9801797867,80.2282104492,70216,70227,11
12.9804601669,80.2287216187,70227,70237,10
12.9806003571,80.2289581299,70237,70247,10
12.9808101654,80.2292861938,70247,70268,21
12.9808101654,80.2292861938,70268,70278,10
12.9809103012,80.2294692993,70278,70288,10
12.981180191,80.229888916,70288,70298,10
12.9815702438,80.2304534912,70298,70308,10
12.9816598892,80.2305908203,70308,70318,10
12.981710434,80.2306976318,70318,70328,10
12.9818601608,80.2310562134,70328,70338,10
12.9820203781,80.2316589355,70338,70348,10
12.9820299149,80.232131958,70348,70409,61
12.9820299149,80.232131958,70409,70419,10
12.9820299149,80.2323608398,70419,70429,10
12.9820098877,80.2325363159,70429,70439,10
12.9819498062,80.2327194214,70439,70459,20
12.9819498062,80.2327194214,70459,70469,10
12.9818601608,80.2328262329,70469,70480,11
12.9817495346,80.2331008911,70480,70490,10
12.9816198349,80.2333908081,70490,70500,10
12.981590271,80.2334899902,70500,70510,10
12.9814901352,80.2337112427,70510,70520,10
12.9812202454,80.2342834473,70520,70530,10
12.9811897278,80.2350997925,70530,70539,9
12.9812002182,80.2359466553,70539,70549,10
12.9812402725,80.236831665,70549,70560,11
12.9812602997,80.237701416,70560,70570,10
12.9812602997,80.238067627,70570,70580,10
12.9812698364,80.2385864258,70580,70591,11
12.9812803268,80.2387237549,70591,70601,10
12.9812698364,80.2388763428,70601,70611,10
12.9812898636,80.2394790649,70611,70631,20
12.9812898636,80.2394790649,70631,70641,10
12.981300354,80.2397384644,70641,70651,10
12.9813203812,80.2400665283,70651,70661,10
12.9813404083,80.2406921387,70661,70671,10
12.9813404083,80.2413635254,70671,70681,10
12.9813404083,80.2414627075,70681,70691,10
12.9813404083,80.2416000366,70691,70702,11
12.9813604355,80.2417526245,70702,70712,10
12.9813604355,80.2419433594,70712,70722,10
12.9813604355,80.2419967651,70722,70732,10
12.9813604355,80.2422180176,70732,70742,10
12.9813499451,80.242477417,70742,70762,20
12.9813499451,80.242477417,70762,70772,10
12.9813404083,80.2427978516,70772,70782,10
12.9813404083,80.2428283691,70782,70792,10
12.9813404083,80.2432022095,70792,70802,10
12.9812898636,80.2438583374,70802,70813,11
12.9811601639,80.2447891235,70813,70823,10
12.9810400009,80.2457809448,70823,70833,10
12.980919838,80.2469177246,70833,70843,10
12.9808197021,80.2480773926,70843,70853,10
12.9807300568,80.2492370605,70853,70863,10
12.9805402756,80.2503662109,70863,70873,10
12.9802503586,80.2514572144,70873,70883,10
12.9800796509,80.252281189,70883,70893,10
12.9800596237,80.2525482178,70893,70903,10
12.9800796509,80.2525787354,70903,70913,10
12.9802999496,80.252746582,70913,70924,11
12.980919838,80.252746582,70924,70934,10
12.9817399979,80.2527236938,70934,70944,10
12.9827699661,80.2526702881,70944,70954,10
12.9838695526,80.2524719238,70954,70964,10
12.9848604202,80.2522125244,70964,70974,10
12.9855203629,80.2519989014,70974,71388,414
12.9855203629,80.2519989014,71388,71398,10
12.9856595993,80.2520294189,71398,71408,10
12.9860200882,80.2519226074,71408,71418,10
12.9866104126,80.2517623901,71418,71428,10
12.9872198105,80.2515792847,71428,71438,10
12.9875802994,80.2514877319,71438,71448,10
12.9878997803,80.251701355,71448,71458,10
12.9879903793,80.2521972656,71458,71468,10
12.9879198074,80.2528610229,71468,71479,11
12.9878902435,80.2532577515,71479,71489,10
12.987830162,80.2537231445,71489,71499,10
12.9877796173,80.25415802,71499,71565,66
12.9877796173,80.25415802,71565,71577,12
12.987739563,80.2544937134,71577,71587,10
12.9877099991,80.2548294067,71587,71598,11
12.9876899719,80.255241394,71598,71608,10
12.9876403809,80.255531311,71608,71617,9
12.9876003265,80.2559127808,71617,71627,10
12.9875402451,80.2562637329,71627,71639,12
12.9875097275,80.2563476563,71639,71649,10
12.9874696732,80.256729126,71649,71659,10
12.9874401093,80.2572784424,71659,71669,10
12.9873695374,80.2581863403,71669,71679,10
12.9873199463,80.2589416504,71679,71689,10
12.987279892,80.2591323853,71689,71699,10
12.9871902466,80.259437561,71699,71740,41
12.9871902466,80.259437561,71740,71750,10
12.9871101379,80.2596511841,71750,71770,20
12.9871101379,80.2596511841,71770,71780,10
12.9867601395,80.2593994141,71780,72133,353
12.9867601395,80.2593994141,72133,72143,10
12.9868898392,80.2591094971,72143,72184,41
12.9868898392,80.2591094971,72184,72194,10
12.9872303009,80.2592010498,72194,72204,10
12.9873104095,80.2591094971,72204,72214,10
12.9872999191,80.2588424683,72214,72224,10
12.9873399734,80.2582702637,72224,72365,141
12.9873399734,80.2582702637,72365,72376,11
12.9874095917,80.2579574585,72376,72386,10
12.9874200821,80.257598877,72386,72396,10
12.9874601364,80.2571792603,72396,72406,10
12.9875297546,80.2566604614,72406,72416,10
12.9875202179,80.2561264038,72416,72426,10
12.9876499176,80.2552108765,72426,72446,20
12.9876499176,80.2552108765,72446,72456,10
12.987660408,80.2548675537,72456,72466,10
12.9877300262,80.2542266846,72466,72476,10
12.9877996445,80.2535400391,72476,72487,11
12.9878501892,80.2521514893,72487,72759,272
12.9878501892,80.2521514893,72759,72769,10
12.9877796173,80.2518234253,72769,72779,10
12.9876699448,80.2516326904,72779,72789,10
12.9876203537,80.2516098022,72789,72799,10
12.9871902466,80.2516479492,72799,72809,10
12.9864301682,80.2518310547,72809,72820,11
12.9854097366,80.2520675659,72820,72830,10
12.9842996597,80.2523803711,72830,72840,10
12.9831800461,80.2526397705,72840,72850,10
12.982049942,80.2527236938,72850,72860,10
12.9809398651,80.2527389526,72860,72870,10
12.9801397324,80.2527389526,72870,72880,10
12.9799804688,80.2527313232,72880,72890,10
12.9798603058,80.2523422241,72890,72920,30
12.9798603058,80.2523422241,72920,72931,11
12.979929924,80.2521820068,72931,72941,10
12.9800195694,80.2517700195,72941,72951,10
12.9802303314,80.2511367798,72951,72961,10
12.9804697037,80.2503204346,72961,72971,10
12.9806699753,80.2492980957,72971,72981,10
12.9807195663,80.2481536865,72981,72991,10
12.9808197021,80.2470397949,72991,73001,10
12.9809503555,80.245880127,73001,73011,10
12.981089592,80.244720459,73011,73021,10
12.9811401367,80.2440109253,73021,73031,10
12.9811897278,80.2437820435,73031,73042,11
12.981300354,80.2435302734,73042,73052,10
12.9812803268,80.2431716919,73052,73062,10
12.9813098907,80.242980957,73062,73072,10
12.9813098907,80.2429199219,73072,73082,10
12.9813203812,80.2428131104,73082,73092,10
12.9813404083,80.2423782349,73092,73102,10
12.9813299179,80.2417526245,73102,73112,10
12.9813203812,80.2414016724,73112,73122,10
12.9813299179,80.2412872314,73122,73132,10
12.9813203812,80.2410964966,73132,73142,10
12.9813203812,80.2409362793,73142,73153,11
12.9813203812,80.240852356,73153,73163,10
12.9813098907,80.2406387329,73163,73173,10
12.981300354,80.2403717041,73173,73183,10
12.981300354,80.2400817871,73183,73193,10
12.9812898636,80.2398834229,73193,73203,10
12.9812898636,80.2398605347,73203,73213,10
12.9812602997,80.2395706177,73213,73223,10
12.9812602997,80.2390899658,73223,73233,10
12.9812498093,80.2384262085,73233,73243,10
12.9812402725,80.2380218506,73243,73284,41
12.9812402725,80.2380218506,73284,73294,10
12.9812202454,80.23777771,73294,73304,10
12.9812202454,80.2377624512,73304,73314,10
12.9812002182,80.2376480103,73314,73324,10
12.9812002182,80.2375488281,73324,73334,10
12.9811897278,80.2374267578,73334,73344,10
12.9811897278,80.237197876,73344,73364,20
12.9811897278,80.237197876,73364,73381,17
12.981180191,80.2369232178,73381,73393,12
12.981180191,80.2368774414,73393,73403,10
12.9811601639,80.2364120483,73403,73423,20
12.9811601639,80.2364120483,73423,73433,10
12.9811601639,80.2362213135,73433,73443,10
12.9811401367,80.2359085083,73443,73453,10
12.9811401367,80.2355270386,73453,73605,152
12.9811296463,80.2351608276,73605,73705,100
12.9811296463,80.2347793579,73705,73736,31
12.9811296463,80.2347793579,73736,73746,10
12.9811601639,80.2344436646,73746,73776,30
12.9812002182,80.2341690063,73776,73837,61
12.9812002182,80.2341690063,73837,73847,10
12.9813804626,80.2337722778,73847,73877,30
12.9815597534,80.2333831787,73877,73897,20
12.9815597534,80.2333831787,73897,73907,10
12.9816198349,80.2332687378,73907,73917,10
12.9816303253,80.2332611084,73917,73927,10
12.9817304611,80.2330474854,73927,73938,11
12.9818000793,80.2329101563,73938,73948,10
12.9818496704,80.2327575684,73948,73958,10
12.9818897247,80.2326431274,73958,73968,10
12.9819202423,80.2324981689,73968,73978,10
12.9819097519,80.232208252,73978,73988,10
12.9818897247,80.2317123413,73988,73998,10
12.9818201065,80.2313232422,73998,74008,10
12.9816398621,80.230796814,74008,74018,10
12.9813804626,80.2303314209,74018,74028,10
12.981010437,80.2297363281,74028,74038,10
12.9806003571,80.2290725708,74038,74059,21
12.9806003571,80.2290725708,74059,74069,10
12.9805698395,80.2289810181,74069,74079,10
12.9803495407,80.2286376953,74079,74089,10
12.9801797867,80.2282485962,74089,74099,10
12.9798297882,80.2276763916,74099,74109,10
12.9794301987,80.2270278931,74109,74119,10
12.9791297913,80.2265396118,74119,74129,10
12.9787597656,80.2259063721,74129,74139,10
12.9783496857,80.2252578735,74139,74149,10
12.9781103134,80.2248535156,74149,74160,11
12.9779901505,80.2246932983,74160,74170,10
12.9777898788,80.2244033813,74170,74180,10
12.9774904251,80.2238693237,74180,74190,10
12.9771203995,80.2232894897,74190,74200,10
12.9769802094,80.2230529785,74200,74210,10
12.9769201279,80.2229232788,74210,74220,10
12.9767599106,80.2226715088,74220,74230,10
12.9764499664,80.2221908569,74230,74240,10
12.9761800766,80.2218017578,74240,74250,10
12.9760198593,80.2215881348,74250,74291,41
12.975859642,80.2212982178,74291,74311,20
12.975859642,80.2212982178,74311,74321,10
12.9757499695,80.2211837769,74321,74331,10
12.9754800797,80.220993042,74331,74382,51
12.9754800797,80.220993042,74382,74392,10
12.9753198624,80.2208633423,74392,74402,10
12.975279808,80.2206802368,74402,74412,10
12.9753799438,80.2205810547,74412,74422,10
12.9755897522,80.2203674316,74422,74432,10
12.9760398865,80.2201766968,74432,74441,9
12.9766397476,80.2199020386,74441,74452,11
12.9775295258,80.219543457,74452,74462,10
12.9783201218,80.2192077637,74462,74472,10
12.9786701202,80.2190704346,74472,74482,10
12.9792604446,80.2188568115,74482,74493,11
12.9800300598,80.218536377,74493,74503,10
12.9808397293,80.2182388306,74503,74513,10
12.9817800522,80.217956543,74513,74523,10
12.982219696,80.2179107666,74523,74533,10
12.9823799133,80.217918396,74533,74543,10
12.9828500748,80.2179412842,74543,74553,10
12.9834604263,80.217918396,74553,74563,10
12.983710289,80.217880249,74563,74573,10
12.9837903976,80.2179031372,74573,74583,10
12.9841499329,80.2179031372,74583,74593,10
12.9846496582,80.2179031372,74593,74610,17
12.9860401154,80.2180175781,74610,74622,12
12.9870004654,80.2182388306,74622,74632,10
12.9873199463,80.2182998657,74632,74642,10
12.9874095917,80.2183227539,74642,74651,9
12.987660408,80.2183532715,74651,74662,11
12.988360405,80.218536377,74662,74672,10
12.9891996384,80.2188034058,74672,74682,10
12.9900503159,80.2191009521,74682,74692,10
12.9911804199,80.2194213867,74692,74702,10
12.9919700623,80.2192687988,74702,74713,11
12.9925804138,80.2188186646,74713,74722,9
12.9931497574,80.2184295654,74722,74733,11
12.9937601089,80.2179412842,74733,74744,11
12.9941396713,80.2176971436,74744,74754,10
12.9946098328,80.2173614502,74754,74763,9
12.995059967,80.2170333862,74763,74774,11
12.9958095551,80.2167129517,74774,74785,11
12.9965000153,80.2165603638,74785,74795,10
12.9970903397,80.2164764404,74795,74805,10
12.9974403381,80.2161483765,74805,74814,9
12.9974603653,80.2161407471,74814,74825,11
12.9977998734,80.2158432007,74825,74836,11
12.9983797073,80.2153625488,74836,74846,10
12.9989595413,80.2148590088,74846,74856,10
12.9992198944,80.2146377563,74856,74866,10
12.9996995926,80.2142562866,74866,74876,10
13.0001401901,80.2138900757,74876,74886,10
13.0007400513,80.2134017944,74886,74896,10
13.00137043,80.2128219604,74896,74906,10
13.0021495819,80.2123413086,74906,74916,10
13.002699852,80.2121505737,74916,74926,10
13.0032196045,80.2121124268,74926,74936,10
13.0036001205,80.2120285034,74936,74947,11
13.0036401749,80.2114715576,74947,74957,10
13.0035800934,80.2107772827,74957,74967,10
13.003490448,80.2100296021,74967,74977,10
13.0034999847,80.2094726563,74977,74987,10
13.0036096573,80.2089080811,74987,74997,10
13.0041399002,80.2087402344,74997,75007,10
13.0047903061,80.2090530396,75007,75017,10
13.0053396225,80.209312439,75017,75027,10
13.0059204102,80.2095413208,75027,75037,10
13.0065097809,80.2097320557,75037,75047,10
13.0068798065,80.2098236084,75047,75058,11
13.0070800781,80.2098617554,75058,75068,10
13.0073404312,80.2098770142,75068,75088,20
13.0073404312,80.2098770142,75088,75104,16
13.0075798035,80.2099533081,75104,75116,12
13.007900238,80.2099761963,75116,75126,10
13.0080795288,80.2100219727,75126,75135,9
13.008099556,80.2097930908,75135,75146,11
13.0079402924,80.2090835571,75146,75156,10
13.0078001022,80.208190918,75156,75167,11
13.0076599121,80.2073364258,75167,75177,10
13.0075502396,80.206741333,75177,75186,9
13.0074901581,80.2061004639,75186,75197,11
13.0074501038,80.2053527832,75197,75207,10
13.0074596405,80.2046966553,75207,75217,10
13.007399559,80.2038574219,75217,75227,10
13.0072202682,80.20287323,75227,75237,10
13.0065402985,80.2027435303,75237,75247,10
13.0066995621,80.2033996582,75247,75257,10
13.0073003769,80.2036972046,75257,75267,10
13.0080404282,80.2037963867,75267,75278,11
13.0091695786,80.2037506104,75278,75288,10
13.0102901459,80.2037124634,75288,75297,9
13.0115995407,80.2038192749,75297,75308,11
13.0134801865,80.2042388916,75308,75339,31
13.0134801865,80.2042388916,75339,75349,10
13.0142002106,80.2044525146,75349,75359,10
13.0148801804,80.2047424316,75359,75369,10
13.0158700943,80.2050628662,75369,75379,10
13.016409874,80.2051391602,75379,75390,11
13.0167999268,80.2051467896,75390,75400,10
13.0168504715,80.2052001953,75400,75410,10
13.0171604156,80.2054595947,75410,75420,10
13.0175895691,80.2055969238,75420,75430,10
13.0177698135,80.2056503296,75430,75440,10
13.0183095932,80.2058563232,75440,75450,10
13.0186901093,80.2059631348,75450,75460,10
13.0188999176,80.2060089111,75460,75470,10
13.019490242,80.206199646,75470,75480,10
13.0203199387,80.2063064575,75480,75490,10
13.0211601257,80.2063217163,75490,75501,11
13.0222101212,80.2063827515,75501,75511,10
13.0228900909,80.2065124512,75511,75521,10
13.0235595703,80.2066421509,75521,75531,10
13.0242900848,80.20677948,75531,75541,10
13.0249300003,80.2069320679,75541,75551,10
13.0259399414,80.2073135376,75551,75561,10
13.0269403458,80.2079162598,75561,75571,10
13.0278596878,80.2084579468,75571,75581,10
13.0287799835,80.2087478638,75581,75591,10
13.0300397873,80.2090606689,75591,75622,31
13.0300397873,80.2090606689,75622,75632,10
13.0302801132,80.2090606689,75632,75642,10
13.0308198929,80.2092132568,75642,75652,10
13.0313196182,80.2093582153,75652,75662,10
13.0313997269,80.2093811035,75662,75672,10
13.0314598083,80.2094192505,75672,75682,10
13.031709671,80.2094726563,75682,75692,10
13.032119751,80.2095413208,75692,75702,10
13.0329303741,80.2097167969,75702,75712,10
13.0339002609,80.2099533081,75712,75722,10
13.0348300934,80.2101364136,75722,75733,11
13.0349998474,80.2106018066,75733,75743,10
13.0349998474,80.2111206055,75743,75753,10
13.0349798203,80.2112197876,75753,75769,16
13.034910202,80.2114486694,75769,75782,13
13.034819603,80.2118682861,75782,75792,10
13.0349798203,80.2122497559,75792,75802,10
13.0357198715,80.2123031616,75802,75812,10
13.0365896225,80.2123413086,75812,75822,10
13.0373601913,80.212348938,75822,75832,10
13.0382099152,80.212310791,75832,75843,11
13.0392999649,80.2123336792,75843,75853,10
13.0403203964,80.2123336792,75853,75863,10
13.0415496826,80.2123184204,75863,75873,10
13.0426797867,80.2123031616,75873,75883,10
13.043390274,80.2123336792,75883,75893,10
13.0437202454,80.2123413086,75893,75903,10
13.0441102982,80.2123413086,75903,75912,9
13.0443601608,80.2123184204,75912,75922,10
13.0447998047,80.2123184204,75922,75933,11
13.0454797745,80.2123031616,75933,75944,11
13.0466003418,80.2122268677,75944,75954,10
13.0473604202,80.2122116089,75954,75964,10
13.0480899811,80.2121276855,75964,75974,10
13.0483102798,80.2121200562,75974,75984,10
13.0486898422,80.2120513916,75984,76004,20
13.0486898422,80.2120513916,76004,76014,10
13.0488996506,80.212020874,76014,76024,10
13.0493202209,80.2119903564,76024,76034,10
13.0495700836,80.2119903564,76034,76044,10
13.0497999191,80.2119674683,76044,76055,11
13.0501699448,80.2119903564,76055,76065,10
13.0506401062,80.2120132446,76065,76075,10
13.0512399673,80.212020874,76075,76085,10
13.0521001816,80.2119827271,76085,76095,10
13.0528802872,80.211807251,76095,76105,10
13.0537700653,80.2116012573,76105,76115,10
13.0543498993,80.2114562988,76115,76125,10
13.0548801422,80.2114562988,76125,76135,10
13.0556898117,80.2114868164,76135,76145,10
13.0565700531,80.21144104,76145,76155,10
13.0572900772,80.2113876343,76155,76165,10
13.0574598312,80.2113800049,76165,76176,11
13.0576000214,80.2114028931,76176,76186,10
13.0581998825,80.2114486694,76186,76196,10
13.0589599609,80.2114715576,76196,76206,10
13.0597896576,80.211517334,76206,76216,10
13.0608100891,80.2115783691,76216,76226,10
13.0619096756,80.2116317749,76226,76236,10
13.0629701614,80.2116165161,76236,76246,10
13.0637102127,80.2115631104,76246,76262,16
13.0649003983,80.21118927,76262,76274,12
13.0659503937,80.2104034424,76274,76282,8
13.0666599274,80.2097930908,76282,76295,13
13.0673398972,80.2088165283,76295,76305,10
13.0676002502,80.208366394,76305,76315,10
13.0680398941,80.2076873779,76315,76324,9
13.0685195923,80.2069320679,76324,76335,11
13.0691404343,80.205947876,76335,76345,10
13.069439888,80.2054595947,76345,76355,10
13.0695800781,80.2051925659,76355,76365,10
13.0694999695,80.2048416138,76365,76375,10
13.0691404343,80.2050018311,76375,76384,9
13.0689496994,80.2052993774,76384,76394,10
13.0687999725,80.2053833008,76394,76406,12
13.0683803558,80.2054672241,76406,76507,101
13.0681495667,80.2054595947,76507,76557,50
13.0681495667,80.2054595947,76557,76567,10
13.0679397583,80.205116272,76567,76577,10
13.0680999756,80.2050018311,76577,76587,10
13.0683603287,80.2049636841,76587,76597,10
13.0686903,80.2048110962,76597,76668,71
13.0686903,80.2048110962,76668,76678,10
13.0691204071,80.2047195435,76678,76688,10
13.0694198608,80.204750061,76688,76698,10
13.069729805,80.2048568726,76698,76718,20
13.069729805,80.2048568726,76718,76729,11
13.0698204041,80.2051773071,76729,76739,10
13.0695104599,80.2056503296,76739,76749,10
13.0691204071,80.2062683105,76749,76759,10
13.0686903,80.2069168091,76759,76769,10
13.0681295395,80.2078399658,76769,76779,10
13.0676298141,80.2086791992,76779,76789,10
13.0670795441,80.2095031738,76789,76799,10
13.0664396286,80.2101135254,76799,76809,10
13.0658197403,80.2106323242,76809,76819,10
13.0652799606,80.2110900879,76819,76829,10
13.0647497177,80.21144104,76829,76840,11
13.0640201569,80.2117004395,76840,76850,10
13.0637702942,80.2117385864,76850,76860,10
13.0634698868,80.2117767334,76860,76870,10
13.0630302429,80.2117767334,76870,76880,10
13.0624198914,80.2117462158,76880,76890,10
13.0618600845,80.2115707397,76890,76900,10
13.0607995987,80.2116622925,76900,76908,8
13.0600004196,80.2116470337,76908,76920,12
13.0590200424,80.2116165161,76920,76930,10
13.0583600998,80.2116317749,76930,76940,10
13.057800293,80.2116775513,76940,76951,11
13.0569095612,80.2116622925,76951,76961,10
13.056019783,80.2116012573,76961,76971,10
13.0551900864,80.2116394043,76971,76981,10
13.0546798706,80.2116012573,76981,76991,10
13.0542497635,80.2116699219,76991,77001,10
13.053730011,80.2117767334,77001,77011,10
13.0531797409,80.2119293213,77011,77021,10
13.0527000427,80.2120819092,77021,77031,10
13.0523395538,80.2121429443,77031,77041,10
13.0521402359,80.2121963501,77041,77051,10
13.0519304276,80.2122802734,77051,77061,10
13.0515604019,80.2123031616,77061,77078,17
13.0505399704,80.2122497559,77078,77098,20
13.0505399704,80.2122497559,77098,77110,12
13.0501403809,80.2122116089,77110,77120,10
13.0499401093,80.2122802734,77120,77130,10
13.0499601364,80.2126464844,77130,77140,10
13.0500202179,80.2131729126,77140,77150,10
13.050160408,80.2137908936,77150,77160,10
13.0503997803,80.2144165039,77160,77171,11
13.0502996445,80.2146682739,77171,77181,10
13.0498399734,80.2146682739,77181,77191,10
13.0493898392,80.214630127,77191,77201,10
13.0488796234,80.2146224976,77201,77212,11
13.0482902527,80.2145614624,77212,77222,10
13.0478000641,80.2144775391,77222,77232,10
13.0473203659,80.2144699097,77232,77242,10
13.0466499329,80.2145080566,77242,77252,10
13.0458297729,80.2146224976,77252,77262,10
13.0449104309,80.2147369385,77262,77272,10
13.0445203781,80.2146835327,77272,77282,10
13.0444698334,80.2143478394,77282,77293,11
13.0444202423,80.2134399414,77293,77303,10
13.044380188,80.2126312256,77303,77313,10
13.0444698334,80.2122497559,77313,77323,10
13.0449895859,80.2122421265,77323,77333,10
13.0456895828,80.2122192383,77333,77343,10
13.0464000702,80.2121887207,77343,77353,10
13.0468902588,80.2121810913,77353,77374,21
13.0468902588,80.2121810913,77374,77384,10
13.0470695496,80.2119598389,77384,77394,10
13.0470399857,80.2116012573,77394,77405,11
13.0469999313,80.2110824585,77405,77415,10
13.04708004,80.2107696533,77415,77425,10
13.0473899841,80.2107772827,77425,77435,10
13.0479001999,80.2107925415,77435,77445,10
13.0485095978,80.2108001709,77445,77454,9
13.0490999222,80.2108230591,77454,77465,11
13.049539566,80.2108306885,77465,77474,9
13.0496397018,80.210647583,77474,77484,10
13.0496301651,80.2102737427,77484,77495,11
13.0495300293,80.2096176147,77495,77506,11
13.0494604111,80.2089233398,77506,77516,10
13.0493097305,80.2084197998,77516,77526,10
13.0491104126,80.207901001,77526,77536,10
13.0489196777,80.207321167,77536,77546,10
13.0488100052,80.206993103,77546,77556,10
13.0488004684,80.2069778442,77556,77566,10
13.0489301682,80.2068328857,77566,77575,9
13.0491600037,80.2068328857,77575,77606,31
13.0491600037,80.2068328857,77606,77616,10
13.049489975,80.20677948,77616,77627,11
13.0496702194,80.2068023682,77627,77637,10
13.0501499176,80.2069091797,77637,77687,50
13.0501499176,80.2069091797,77687,77697,10
13.0505895615,80.2069396973,77697,78061,364
13.0509395599,80.2069168091,78061,78343,282
13.0509395599,80.2069168091,78343,78353,10
13.0509300232,80.2068481445,78353,78373,20
13.0509300232,80.2068481445,78373,78383,10
13.0506896973,80.2068023682,78383,79181,798
13.0505104065,80.2066726685,79181,79392,211
13.0507001877,80.2068481445,79392,80512,1120
13.0507097244,80.2066879272,80512,80613,101
