13.0751695633,80.2751083374,13,1909,1896
13.075220108,80.2749023438,1909,3530,1621
13.0750999451,80.2749176025,3530,4199,669
13.0752096176,80.2749023438,4199,8981,4782
13.0753297806,80.2750015259,8981,9558,577
13.0752000809,80.2749023438,9558,17278,7720
13.0751399994,80.2750320435,17278,17430,152
13.0751399994,80.2750320435,17430,17440,10
13.0753097534,80.274887085,17440,18241,801
13.0752801895,80.2749176025,18241,18352,111
13.0753002167,80.2748413086,18352,18464,112
13.0753002167,80.2748413086,18464,18474,10
13.0752897263,80.274887085,18474,18697,223
13.0752496719,80.2748794556,18697,19173,476
13.0752696991,80.2749710083,19173,19527,354
13.0752401352,80.2749404907,19527,23762,4235
13.0752401352,80.2749404907,23762,23773,11
13.0753602982,80.2749404907,23773,24110,337
13.0751600266,80.2750015259,24110,24564,454
13.0751600266,80.2750015259,24564,25047,483
13.075220108,80.2749786377,25047,25199,152
13.075220108,80.2749786377,25199,25209,10
13.0754804611,80.2750167847,25209,25219,10
13.0757598877,80.2750320435,25219,25229,10
13.075920105,80.2757263184,25229,25320,91
13.075920105,80.2757263184,25320,25330,10
13.0759801865,80.2760162354,25330,25341,11
13.0759401321,80.2760772705,25341,25351,10
13.0759401321,80.2762374878,25351,25361,10
13.0756597519,80.2763595581,25361,25371,10
13.0750102997,80.2763900757,25371,25381,10
13.0743303299,80.2764129639,25381,25391,10
13.0741701126,80.2769165039,25391,25401,10
13.074760437,80.2775421143,25401,25411,10
13.0754804611,80.2782592773,25411,25422,11
13.0763101578,80.2791213989,25422,25432,10
13.077170372,80.2799301147,25432,25442,10
13.0779104233,80.2808380127,25442,25452,10
13.0786399841,80.2816467285,25452,25462,10
13.0793800354,80.2817306519,25462,25472,10
13.0800600052,80.2810668945,25472,25482,10
13.0808296204,80.2807235718,25482,25492,10
13.0816402435,80.2810821533,25492,25503,11
13.082449913,80.2817764282,25503,25513,10
13.0832901001,80.2823028564,25513,25523,10
13.0843000412,80.2829208374,25523,25533,10
13.0850095749,80.2835693359,25533,25543,10
13.0854196548,80.2836990356,25543,25553,10
13.0856800079,80.2835617065,25553,25563,10
13.0860300064,80.2835617065,25563,25573,10
13.0862903595,80.2836380005,25573,25584,11
13.0865802765,80.2838363647,25584,25594,10
13.0868902206,80.2839431763,25594,25604,10
13.0872001648,80.2839202881,25604,25614,10
13.0874900818,80.2839202881,25614,25624,10
13.0877399445,80.2839508057,25624,25675,51
13.0877399445,80.2839508057,25675,25685,10
13.0880899429,80.2839736938,25685,25746,61
13.0880899429,80.2839736938,25746,25756,10
13.0882196426,80.2837600708,25756,25796,40
13.0882196426,80.2837600708,25796,25806,10
13.0882997513,80.2834625244,25806,25817,11
13.0883102417,80.2829437256,25817,25827,10
13.0883197784,80.282333374,25827,25837,10
13.0881795883,80.2817001343,25837,25847,10
13.0883197784,80.2814025879,25847,25857,10
13.0885400772,80.2818069458,25857,25867,10
13.0884199142,80.2823791504,25867,25877,10
13.0883598328,80.2828369141,25877,25887,10
13.088350296,80.2835464478,25887,25898,11
13.0883798599,80.2841415405,25898,25908,10
13.0884504318,80.284942627,25908,25918,10
13.0884799957,80.2856292725,25918,25928,10
13.0885000229,80.2862701416,25928,25938,10
13.0885095596,80.286567688,25938,25948,10
13.08852005,80.2871398926,25948,25958,10
13.0885696411,80.2874984741,25958,25968,10
13.0886297226,80.2877807617,25968,25979,11
13.0887002945,80.2884063721,25979,25989,10
13.0887203217,80.2885971069,25989,25999,10
13.0887002945,80.2889709473,25999,26009,10
13.0887498856,80.2893829346,26009,26019,10
13.0887403488,80.2893829346,26019,26029,10
13.0886497498,80.2896499634,26029,26039,10
13.0886802673,80.2898178101,26039,26049,10
13.0887498856,80.2900390625,26049,26060,11
13.088760376,80.2900695801,26060,26070,10
13.0887498856,80.2901916504,26070,26080,10
13.0887002945,80.2904281616,26080,26090,10
13.0883102417,80.2902908325,26090,26100,10
13.087679863,80.2899627686,26100,26110,10
13.0870399475,80.2896575928,26110,26120,10
13.0858097076,80.2892990112,26120,26131,11
13.0849399567,80.2891998291,26131,26141,10
13.0840196609,80.2892227173,26141,26151,10
13.0832004547,80.2892303467,26151,26161,10
13.0823001862,80.2889328003,26161,26171,10
13.0813503265,80.2885894775,26171,26181,10
13.0804004669,80.2882995605,26181,26191,10
13.0801000595,80.2882232666,26191,26201,10
13.0797195435,80.2881622314,26201,26212,11
13.079000473,80.2879180908,26212,26222,10
13.0781402588,80.2876205444,26222,26232,10
13.0770597458,80.2873382568,26232,26242,10
13.0759401321,80.2870788574,26242,26252,10
13.0749597549,80.2865600586,26252,26262,10
13.0739202499,80.2861022949,26262,26272,10
13.0728998184,80.2856903076,26272,26282,10
13.0718603134,80.2853012085,26282,26294,12
13.070599556,80.2849884033,26294,26303,9
13.0694198608,80.2847213745,26303,26314,11
13.0681400299,80.2844314575,26314,26324,10
13.0669603348,80.2842025757,26324,26334,10
13.0657396317,80.2839202881,26334,26344,10
13.0646800995,80.2836914063,26344,26354,10
13.064040184,80.283531189,26354,26364,10
13.0632696152,80.2833023071,26364,26375,11
13.0625,80.2831115723,26375,26395,20
13.0625,80.2831115723,26395,26405,10
13.0622501373,80.2830581665,26405,26415,10
13.0617198944,80.2829208374,26415,26425,10
13.0609197617,80.2827606201,26425,26435,10
13.0599403381,80.2825622559,26435,26445,10
13.0589199066,80.2823562622,26445,26456,11
13.0580196381,80.2821807861,26456,26466,10
13.0570697784,80.2820129395,26466,26486,20
13.0570697784,80.2820129395,26486,26496,10
13.0570001602,80.2819824219,26496,26506,10
13.0566797256,80.2819213867,26506,26516,10
13.0566701889,80.2819213867,26516,26527,11
13.0562801361,80.2818374634,26527,26537,10
13.0555801392,80.2816925049,26537,26547,10
13.0546798706,80.2815170288,26547,26557,10
13.0536203384,80.2813110352,26557,26567,10
13.0525503159,80.2811584473,26567,26577,10
13.05148983,80.2809829712,26577,26587,10
13.0504598618,80.2807998657,26587,26597,10
13.0494804382,80.2806625366,26597,26608,11
13.0482501984,80.2804794312,26608,26618,10
13.0470600128,80.2803192139,26618,26628,10
13.0460796356,80.2801971436,26628,26638,10
13.0456600189,80.280166626,26638,26648,10
13.045539856,80.2801513672,26648,26658,10
13.0450801849,80.2800979614,26658,26668,10
13.044549942,80.2800369263,26668,26678,10
13.0442800522,80.2799911499,26678,26689,11
13.0440301895,80.2799377441,26689,26699,10
13.0437202454,80.2798995972,26699,26709,10
13.0431604385,80.2797698975,26709,26719,10
13.0424098969,80.2795791626,26719,26729,10
13.0413999557,80.2794036865,26729,26739,10
13.0403604507,80.2791976929,26739,26749,10
13.0396499634,80.2790374756,26749,26759,10
13.0392398834,80.2789230347,26759,26780,21
13.0392398834,80.2789230347,26780,26790,10
13.0390501022,80.2788314819,26790,26800,10
13.0388898849,80.2787704468,26800,26810,10
13.0384397507,80.2786026001,26810,26820,10
13.0378599167,80.278427124,26820,26830,10
13.0374803543,80.2783203125,26830,26840,10
13.0370798111,80.2781906128,26840,26851,11
13.0364398956,80.2779388428,26851,26861,10
13.0357599258,80.2778015137,26861,26871,10
13.0350198746,80.2776489258,26871,26881,10
13.0344400406,80.2775802612,26881,26891,10
13.0338497162,80.2773971558,26891,26901,10
13.0332803726,80.2774505615,26901,26911,10
13.0325803757,80.2774429321,26911,26921,10
13.0318899155,80.2775115967,26921,26932,11
13.0310497284,80.2772598267,26932,26952,20
13.0310497284,80.2772598267,26952,26965,13
13.0307502747,80.2771530151,26965,26975,10
13.0298995972,80.2767868042,26975,26985,10
13.0289497375,80.2764892578,26985,26995,10
13.0279502869,80.2760696411,26995,27006,11
13.0272397995,80.2757568359,27006,27016,10
13.0266199112,80.2754974365,27016,27026,10
13.0261001587,80.2752609253,27026,27046,20
13.0261001587,80.2752609253,27046,27056,10
13.0258302689,80.2751235962,27056,27066,10
13.0254497528,80.2749633789,27066,27076,10
13.0245199203,80.2744903564,27076,27107,31
13.0245199203,80.2744903564,27107,27117,10
13.0243501663,80.2742767334,27117,27127,10
13.0239601135,80.2738571167,27127,27137,10
13.0234804153,80.2732162476,27137,27147,10
13.0228996277,80.2724533081,27147,27157,10
13.0222597122,80.2715911865,27157,27168,11
13.0217599869,80.2709732056,27168,27178,10
13.0208702087,80.2698822021,27178,27208,30
13.0208702087,80.2698822021,27208,27218,10
13.0207195282,80.2696685791,27218,27228,10
13.0202798843,80.2691802979,27228,27238,10
13.0197000504,80.2685317993,27238,27249,11
13.0189504623,80.2676010132,27249,27259,10
13.0186004639,80.2665863037,27259,27269,10
13.0185699463,80.2660217285,27269,27279,10
13.0186500549,80.2654571533,27279,27289,10
13.0188398361,80.2646484375,27289,27299,10
13.0189199448,80.2637481689,27299,27309,10
13.0189199448,80.2632980347,27309,27320,11
13.0188999176,80.2629699707,27320,27330,10
13.0188999176,80.2628479004,27330,27340,10
13.018819809,80.2623825073,27340,27350,10
13.0187196732,80.2618103027,27350,27360,10
13.0186595917,80.2614135742,27360,27370,10
13.0182600021,80.2610397339,27370,27380,10
13.0175895691,80.2605895996,27380,27390,10
13.0160999298,80.2596817017,27390,27411,21
13.0160999298,80.2596817017,27411,27421,10
13.0159196854,80.2595901489,27421,27431,10
13.0153503418,80.2593994141,27431,27441,10
13.0145797729,80.2592926025,27441,27451,10
13.0136404037,80.2592697144,27451,27461,10
13.0125198364,80.2592391968,27461,27471,10
13.0114402771,80.2591934204,27471,27482,11
13.0104103088,80.2592163086,27482,27492,10
13.0094995499,80.2592086792,27492,27502,10
13.008890152,80.2592086792,27502,27512,10
13.0085897446,80.2592010498,27512,27522,10
13.0080299377,80.259262085,27522,27532,10
13.0075902939,80.2592468262,27532,27542,10
13.0072898865,80.2587203979,27542,27552,10
13.0072898865,80.2587127686,27552,27563,11
13.0071001053,80.2583999634,27563,27573,10
13.0068101883,80.2579803467,27573,27583,10
13.0063495636,80.2576293945,27583,27593,10
13.0057201385,80.2574234009,27593,27603,10
13.0047998428,80.2571487427,27603,27613,10
13.0038204193,80.2569580078,27613,27623,10
13.0030202866,80.2567901611,27623,27633,10
13.0021095276,80.2566299438,27633,27644,11
13.00096035,80.2564468384,27644,27654,10
12.9999103546,80.2562332153,27654,27664,10
12.9991998672,80.2561264038,27664,27674,10
12.9986200333,80.2560424805,27674,27694,20
12.9986200333,80.2560424805,27694,27704,10
12.9984502792,80.2559967041,27704,27715,11
12.9980096817,80.2559204102,27715,27725,10
12.9974298477,80.255859375,27725,27745,20
12.9974298477,80.255859375,27745,27755,10
12.9971504211,80.255897522,27755,27765,10
12.9967699051,80.2559814453,27765,27775,10
12.9962396622,80.2559280396,27775,27785,10
12.9955596924,80.2558517456,27785,27796,11
12.9946699142,80.255821228,27796,27806,10
12.9939498901,80.2559585571,27806,27816,10
12.9931297302,80.2559890747,27816,27826,10
12.9921102524,80.2560272217,27826,27836,10
12.9912595749,80.256072998,27836,27846,10
12.9907798767,80.2560424805,27846,27856,10
12.9905395508,80.2559890747,27856,27866,10
12.9901103973,80.2559509277,27866,27877,11
12.9896802902,80.2559432983,27877,27887,10
12.9885997772,80.2558670044,27887,27917,30
12.9885997772,80.2558670044,27917,27927,10
12.9884500504,80.2558288574,27927,27937,10
12.9881601334,80.2558135986,27937,27947,10
12.9878902435,80.2557983398,27947,28049,102
12.9878902435,80.2557983398,28049,28059,10
12.987660408,80.255821228,28059,28069,10
12.9871797562,80.2556915283,28069,28079,10
12.9864997864,80.2555770874,28079,28089,10
12.9860897064,80.2555007935,28089,28099,10
12.9858999252,80.2554321289,28099,28110,11
12.9853200912,80.2552490234,28110,28120,10
12.9845199585,80.2550506592,28120,28130,10
12.9835996628,80.2548828125,28130,28140,10
12.982919693,80.2546615601,28140,28150,10
12.9823598862,80.2544631958,28150,28160,10
12.9819803238,80.2539520264,28160,28170,10
12.9818096161,80.2533111572,28170,28180,10
12.9813995361,80.2527923584,28180,28191,11
12.9804697037,80.2527618408,28191,28201,10
12.9795198441,80.2526931763,28201,28211,10
12.9786996841,80.2525863647,28211,28221,10
12.9786396027,80.2525634766,28221,28231,10
12.9785499573,80.2525024414,28231,28241,10
12.9781103134,80.2521972656,28241,28251,10
12.9774599075,80.2516403198,28251,28261,10
12.9764499664,80.251159668,28261,28272,11
12.9751596451,80.2507781982,28272,28282,10
12.9738998413,80.2504577637,28282,28292,10
12.9726400375,80.2500991821,28292,28302,10
12.9714603424,80.2497711182,28302,28312,10
12.9702396393,80.249420166,28312,28322,10
12.9690599442,80.248916626,28322,28332,10
12.968000412,80.2484512329,28332,28342,10
12.9671201706,80.2481079102,28342,28353,11
12.9666204453,80.2479095459,28353,28363,10
12.9659900665,80.2476501465,28363,28373,10
12.9654903412,80.2474365234,28373,28383,10
12.9654197693,80.2473678589,28383,28393,10
12.9649801254,80.247177124,28393,28403,10
12.9641599655,80.2469177246,28403,28413,10
12.9631500244,80.2464828491,28413,28423,10
12.9620704651,80.2459487915,28423,28434,11
12.9607696533,80.2453613281,28434,28444,10
12.9597997665,80.244972229,28444,28454,10
12.9595298767,80.2448501587,28454,28464,10
12.9594297409,80.2447814941,28464,28474,10
12.9589595795,80.2445297241,28474,28484,10
12.9582395554,80.2442321777,28484,28494,10
12.957570076,80.2440032959,28494,28505,11
12.9565200806,80.243560791,28505,28525,20
12.9565200806,80.243560791,28525,28535,10
12.9564199448,80.2434921265,28535,28545,10
12.9558897018,80.2432937622,28545,28555,10
12.9551000595,80.2429580688,28555,28565,10
12.9541597366,80.2426071167,28565,28574,9
12.9532699585,80.2421875,28574,28586,12
12.9516897202,80.2416534424,28586,28606,20
12.9516897202,80.2416534424,28606,28616,10
12.951379776,80.2415313721,28616,28626,10
12.9507598877,80.2413330078,28626,28636,10
12.9498901367,80.2410812378,28636,28646,10
12.9491100311,80.2408218384,28646,28656,10
12.9485197067,80.2405700684,28656,28667,11
12.9476804733,80.2402420044,28667,28677,10
12.9469804764,80.2399520874,28677,28697,20
12.9469804764,80.2399520874,28697,28707,10
12.9468202591,80.2398834229,28707,28717,10
12.9462795258,80.2396621704,28717,28727,10
12.9455099106,80.2392807007,28727,28737,10
12.944729805,80.2385864258,28737,28748,11
12.9438199997,80.2376174927,28748,28758,10
12.9430198669,80.2368164063,28758,28768,10
12.9419202805,80.2363433838,28768,28778,10
12.9407300949,80.2360610962,28778,28788,10
12.9398403168,80.2358322144,28788,28808,20
12.9398403168,80.2358322144,28808,28818,10
12.9397497177,80.2357635498,28818,28829,11
12.9392595291,80.2355270386,28829,28839,10
12.9385795593,80.2351837158,28839,28849,10
12.9381303787,80.2350616455,28849,28859,10
12.9374103546,80.234703064,28859,28869,10
12.9365596771,80.2342834473,28869,28879,10
12.9360799789,80.234046936,28879,28930,51
12.9360799789,80.234046936,28930,28940,10
12.9357595444,80.2339401245,28940,28950,10
12.9356603622,80.2341308594,28950,28960,10
12.9354600906,80.2346725464,28960,28970,10
12.9352397919,80.2352218628,28970,28981,11
12.9351701736,80.2353820801,28981,29021,40
12.9351701736,80.2353820801,29021,29031,10
12.9349899292,80.2354736328,29031,29041,10
12.9347496033,80.2353591919,29041,29051,10
12.9341802597,80.2350997925,29051,29062,11
12.9338798523,80.2350692749,29062,29072,10
12.9337997437,80.2354812622,29072,29082,10
12.9337902069,80.2354888916,29082,29092,10
12.9336700439,80.2359237671,29092,29102,10
12.9332399368,80.2361602783,29102,29143,41
12.9332399368,80.2361602783,29143,29153,10
12.9330301285,80.236076355,29153,29163,10
12.9329795837,80.2363433838,29163,29173,10
12.9328804016,80.2368087769,29173,29183,10
12.9327096939,80.2372589111,29183,29193,10
12.9325704575,80.2376022339,29193,29203,10
12.9323301315,80.238243103,29203,29213,10
12.9321899414,80.2385787964,29213,29224,11
12.9317302704,80.2386932373,29224,29234,10
12.9311504364,80.2385101318,29234,29264,30
12.9311504364,80.2385101318,29264,29274,10
12.9310703278,80.2384490967,29274,29284,10
12.9306402206,80.2383117676,29284,29294,10
12.9300498962,80.2380828857,29294,29305,11
12.9295701981,80.2380599976,29305,29315,10
12.9295301437,80.2382583618,29315,29325,10
12.9294204712,80.2386398315,29325,29335,10
12.9292697906,80.2390289307,29335,29345,10
12.9289302826,80.2389602661,29345,29355,10
12.9284200668,80.2388381958,29355,29375,20
12.9284200668,80.2388381958,29375,29386,11
12.9282903671,80.2387771606,29386,29396,10
12.9278402328,80.2386932373,29396,29406,10
12.9272003174,80.2385177612,29406,29416,10
12.9264001846,80.238319397,29416,29426,10
12.9257001877,80.2382583618,29426,29436,10
12.9257202148,80.2381515503,29436,29457,21
12.9257202148,80.2381515503,29457,29467,10
12.9258098602,80.2381896973,29467,29477,10
12.9261598587,80.23828125,29477,29487,10
12.9267997742,80.2384567261,29487,29497,10
12.9275197983,80.2386169434,29497,29507,10
12.9282398224,80.2388000488,29507,29527,20
12.9282398224,80.2388000488,29527,29538,11
12.9285202026,80.238899231,29538,29548,10
12.9290103912,80.2390213013,29548,29558,10
12.9293498993,80.2389526367,29558,29568,10
12.9294395447,80.2386398315,29568,29578,10
12.9295701981,80.2381591797,29578,29588,10
12.9298095703,80.2379989624,29588,29598,10
12.9303102493,80.2382202148,29598,29608,10
12.9311800003,80.2385177612,29608,29639,31
12.9311800003,80.2385177612,29639,29649,10
12.9314603806,80.2386398315,29649,29659,10
12.9317798615,80.2387390137,29659,29669,10
12.9322004318,80.2386932373,29669,29679,10
12.9322900772,80.2384567261,29679,29689,10
12.9323501587,80.238243103,29689,29700,11
12.9324903488,80.2378768921,29700,29710,10
12.9326601028,80.2374420166,29710,29720,10
12.9327602386,80.2371826172,29720,29730,10
12.9329099655,80.2368011475,29730,29740,10
12.9329900742,80.2362976074,29740,29750,10
12.933139801,80.2361221313,29750,29760,10
12.933429718,80.2361984253,29760,29770,10
12.9336099625,80.2360610962,29770,29781,11
12.9336500168,80.2357788086,29781,29943,162
12.9337396622,80.2355804443,29943,29973,30
12.9337396622,80.2355804443,29973,29983,10
12.9337596893,80.2355422974,29983,29993,10
12.9338703156,80.235168457,29993,30003,10
12.9340896606,80.2350387573,30003,30014,11
12.9345397949,80.2352600098,30014,30024,10
12.9349803925,80.2354736328,30024,30044,20
12.9349803925,80.2354736328,30044,30054,10
12.9351997375,80.2352981567,30054,30064,10
12.9352998734,80.2350006104,30064,30074,10
12.935549736,80.2343826294,30074,30084,10
12.9357004166,80.234161377,30084,30125,41
12.9357004166,80.234161377,30125,30135,10
12.9357595444,80.2338790894,30135,30196,61
12.9357595444,80.2338790894,30196,30206,10
12.9358501434,80.2336807251,30206,30216,10
12.9360198975,80.2337417603,30216,30226,10
12.9364995956,80.2339935303,30226,30236,10
12.9372196198,80.234336853,30236,30247,11
12.9381904602,80.2348403931,30247,30257,10
12.9391498566,80.2353210449,30257,30267,10
12.9396896362,80.2355880737,30267,30277,10
12.9397001266,80.2356033325,30277,30287,10
12.9399003983,80.2356796265,30287,30297,10
12.9404201508,80.2359008789,30297,30307,10
12.9410200119,80.2360687256,30307,30317,10
12.9418697357,80.2362823486,30317,30328,11
12.9429702759,80.2367019653,30328,30338,10
12.9437398911,80.2373962402,30338,30348,10
12.9444904327,80.238243103,30348,30358,10
12.9453401566,80.2391204834,30358,30368,10
12.946439743,80.2396697998,30368,30378,10
12.9473199844,80.239982605,30378,30398,20
12.9473199844,80.239982605,30398,30409,11
12.9476604462,80.2401275635,30409,30419,10
12.9483604431,80.2403869629,30419,30500,81
12.9483604431,80.2403869629,30500,30510,10
12.9486703873,80.2405090332,30510,30520,10
12.9489603043,80.2406387329,30520,30530,10
12.9494199753,80.2408218384,30530,30540,10
12.9500999451,80.2410202026,30540,30550,10
12.9508600235,80.2412796021,30550,30561,11
12.9514398575,80.2414474487,30561,30572,11
12.9515695572,80.2415008545,30572,30582,10
12.9520101547,80.2416610718,30582,30592,10
12.9526796341,80.2419204712,30592,30602,10
12.9534397125,80.2422180176,30602,30612,10
12.9542798996,80.2425537109,30612,30622,10
12.9550199509,80.2428436279,30622,30632,10
12.9557800293,80.2431030273,30632,30642,10
12.9562597275,80.2432403564,30642,30703,61
12.9562597275,80.2432403564,30703,30713,10
12.956700325,80.2434234619,30713,30724,11
12.9573898315,80.2437973022,30724,30734,10
12.9580802917,80.2441482544,30734,30744,10
12.9589996338,80.244468689,30744,30764,20
12.9589996338,80.244468689,30764,30774,10
12.9593496323,80.2446517944,30774,30784,10
12.959859848,80.2448730469,30784,30794,10
12.960559845,80.2451782227,30794,30805,11
12.9614896774,80.2456207275,30805,30815,10
12.9624700546,80.246131897,30815,30825,10
12.9633102417,80.2465591431,30825,30835,10
12.9639501572,80.2468490601,30835,30845,10
12.9646701813,80.2471237183,30845,30855,10
12.9654903412,80.2473983765,30855,30865,10
12.9662399292,80.2476806641,30865,30875,10
12.967040062,80.2480392456,30875,30896,21
12.967040062,80.2480392456,30896,30906,10
12.9672803879,80.2481689453,30906,30916,10
12.9679098129,80.2484283447,30916,30926,10
12.9687404633,80.2487792969,30926,30936,10
12.9696998596,80.2491607666,30936,30946,10
12.9707803726,80.2495803833,30946,30956,10
12.9719696045,80.2499008179,30956,30967,11
12.9733695984,80.250289917,30967,30977,10
12.9744701385,80.2505493164,30977,30987,10
12.9759502411,80.2509384155,30987,30997,10
12.977230072,80.2513885498,30997,31007,10
12.9781599045,80.2520828247,31007,31017,10
12.9786300659,80.2523498535,31017,31037,20
12.9786300659,80.2523498535,31037,31048,11
12.9787197113,80.2524032593,31048,31058,10
12.9791498184,80.2525482178,31058,31068,10
12.9797401428,80.2526016235,31068,31078,10
12.9802999496,80.2526321411,31078,31088,10
12.980919838,80.2526092529,31088,31098,10
12.981710434,80.2525863647,31098,31108,10
12.9824399948,80.2525634766,31108,31118,10
12.9827299118,80.2525177002,31118,31129,11
12.9832000732,80.2524795532,31129,31139,10
12.9836397171,80.2524185181,31139,31149,10
12.9842500687,80.2522735596,31149,31159,10
12.9848804474,80.2520980835,31159,31169,10
12.9855899811,80.2519073486,31169,31179,10
12.9861803055,80.2517623901,31179,31189,10
12.9868202209,80.2516021729,31189,31200,11
12.9874095917,80.2514419556,31200,31463,263
12.9874095917,80.2514419556,31463,31473,10
12.9876804352,80.2513809204,31473,31483,10
12.9879398346,80.2515792847,31483,31493,10
12.9880504608,80.2522277832,31493,31503,10
12.9880199432,80.2529602051,31503,31514,11
12.9879198074,80.2538833618,31514,31524,10
12.9878797531,80.2544708252,31524,31534,10
12.9877700806,80.2555007935,31534,31676,142
12.9877700806,80.2555007935,31676,31686,10
12.9877500534,80.2558898926,31686,31696,10
12.9881601334,80.2558670044,31696,31706,10
12.9882202148,80.255859375,31706,31716,10
12.9884595871,80.255859375,31716,31726,10
12.9886598587,80.255859375,31726,31746,20
12.9886598587,80.255859375,31746,31757,11
12.9892396927,80.2559127808,31757,31767,10
12.9897899628,80.2559585571,31767,31777,10
12.9903402328,80.2559814453,31777,31787,10
12.9909601212,80.2559890747,31787,31797,10
12.9914503098,80.2560272217,31797,31807,10
12.9915895462,80.2560272217,31807,31817,10
12.9919595718,80.2560272217,31817,31827,10
12.9926795959,80.2560272217,31827,31838,11
12.9936304092,80.2559585571,31838,31848,10
12.9942502975,80.2559432983,31848,31858,10
12.9949598312,80.2558898926,31858,31868,10
12.9957199097,80.255859375,31868,31878,10
12.9960403442,80.255859375,31878,31888,10
12.9962797165,80.255859375,31888,31898,10
12.9968795776,80.2558364868,31898,31908,10
12.9974803925,80.255859375,31908,31919,11
12.9981803894,80.2559204102,31919,31929,10
12.9987297058,80.2560424805,31929,31949,20
12.9987297058,80.2560424805,31949,31959,10
12.9991703033,80.2560806274,31959,32000,41
12.9991703033,80.2560806274,32000,32010,10
12.9994897842,80.2561721802,32010,32020,10
13.0001602173,80.2562866211,32020,32030,10
13.0008201599,80.2563934326,32030,32060,30
13.0008201599,80.2563934326,32060,32071,11
13.0008897781,80.2564926147,32071,32081,10
13.001250267,80.2565383911,32081,32091,10
13.0016002655,80.2565765381,32091,32101,10
13.0022296906,80.2566604614,32101,32111,10
13.0030002594,80.2567977905,32111,32121,10
13.0037202835,80.2569122314,32121,32131,10
13.004360199,80.257019043,32131,32141,10
13.0047101974,80.2570419312,32141,32152,11
13.0050897598,80.2571411133,32152,32162,10
13.005200386,80.2572021484,32162,32172,10
13.0053701401,80.2572479248,32172,32182,10
13.0057401657,80.2573394775,32182,32192,10
13.0061798096,80.2574081421,32192,32253,61
13.0061798096,80.2574081421,32253,32263,10
13.0065603256,80.2574462891,32263,32273,10
13.0066795349,80.2574615479,32273,32283,10
13.0069799423,80.2578964233,32283,32293,10
13.007399559,80.2584915161,32293,32303,10
13.0083398819,80.2589035034,32303,32314,11
13.0085897446,80.2589797974,32314,32324,10
13.0086402893,80.2590103149,32324,32334,10
13.008890152,80.2590408325,32334,32344,10
13.0094804764,80.2590637207,32344,32354,10
13.0103197098,80.2590866089,32354,32364,10
13.011349678,80.2590866089,32364,32374,10
13.0124902725,80.2591094971,32374,32384,10
13.0137701035,80.2591400146,32384,32395,11
13.0152101517,80.2592010498,32395,32405,10
13.0164499283,80.2596664429,32405,32425,20
13.0164499283,80.2596664429,32425,32435,10
13.0167102814,80.2598724365,32435,32445,10
13.0171003342,80.2601699829,32445,32455,10
13.0177497864,80.2606277466,32455,32465,10
13.0181903839,80.2609634399,32465,32476,11
13.0186595917,80.2612762451,32476,32486,10
13.019109726,80.2616577148,32486,32496,10
13.0193996429,80.2619018555,32496,32506,10
13.0197601318,80.262260437,32506,32516,10
13.0203504562,80.2627868652,32516,32526,10
13.0200796127,80.263092041,32526,32536,10
13.0194196701,80.2630386353,32536,32547,11
13.019080162,80.2632293701,32547,32557,10
13.0191402435,80.2638931274,32557,32567,10
13.0191402435,80.2640914917,32567,32577,10
13.0191297531,80.2643508911,32577,32587,10
13.0190496445,80.2648696899,32587,32597,10
13.0189199448,80.26537323,32597,32607,10
13.0187702179,80.2660598755,32607,32617,10
13.0187997818,80.2669372559,32617,32628,11
13.0193901062,80.2679367065,32628,32638,10
13.0199804306,80.2686767578,32638,32648,10
13.0205898285,80.2694091797,32648,32658,10
13.0208797455,80.2697296143,32658,32668,10
13.0212802887,80.2702407837,32668,32678,10
13.0214996338,80.2704925537,32678,32688,10
13.0216197968,80.2706375122,32688,32698,10
13.0219602585,80.2710494995,32698,32709,11
13.0226202011,80.2718963623,32709,32719,10
13.0232400894,80.2727432251,32719,32729,10
13.0236196518,80.2732696533,32729,32749,20
13.0236196518,80.2732696533,32749,32759,10
13.0236797333,80.2733688354,32759,32769,10
13.0240097046,80.2738189697,32769,32779,10
13.0243797302,80.2743225098,32779,32790,11
13.0248098373,80.2746582031,32790,32800,10
13.0253601074,80.274887085,32800,32820,20
13.0253601074,80.274887085,32820,32830,10
13.0255002975,80.2749633789,32830,32840,10
13.025850296,80.275100708,32840,32850,10
13.0262203217,80.2752914429,32850,32860,10
13.026720047,80.2755279541,32860,32871,11
13.0277299881,80.2760009766,32871,32881,10
13.028670311,80.2763519287,32881,32891,10
13.0295600891,80.2766189575,32891,32901,10
13.0304698944,80.2769165039,32901,32911,10
13.0311899185,80.2773895264,32911,32921,10
13.031709671,80.2775268555,32921,32931,10
13.0319499969,80.2775726318,32931,32941,10
13.0320796967,80.277557373,32941,32952,11
13.0327796936,80.2774963379,32952,32972,20
13.0327796936,80.2774963379,32972,32982,10
13.0331602097,80.2774581909,32982,32992,10
13.0333795547,80.2774124146,32992,33002,10
13.033659935,80.2773284912,33002,33012,10
13.0340003967,80.2774124146,33012,33022,10
13.0343198776,80.2775115967,33022,33033,11
13.0343704224,80.2775192261,33033,33043,10
13.0347499847,80.2776031494,33043,33053,10
13.0354995728,80.2777404785,33053,33063,10
13.0363903046,80.2779083252,33063,33073,10
13.0372600555,80.2782592773,33073,33083,10
13.0380001068,80.2784576416,33083,33093,10
13.0389099121,80.278717041,33093,33114,21
13.0389099121,80.278717041,33114,33124,10
13.0391302109,80.2788085938,33124,33134,10
13.0394001007,80.2788772583,33134,33144,10
13.0400104523,80.2790527344,33144,33154,10
13.0408802032,80.2792663574,33154,33164,10
13.0419197083,80.2794418335,33164,33174,10
13.0431003571,80.279586792,33174,33185,11
13.0442199707,80.2798461914,33185,33195,10
13.0451002121,80.2799835205,33195,33205,10
13.045630455,80.2800521851,33205,33215,10
13.0456399918,80.2800521851,33215,33225,10
13.0458097458,80.2801132202,33225,33235,10
13.0464000702,80.2801971436,33235,33245,10
13.0472803116,80.2803192139,33245,33255,10
13.0483798981,80.2804794312,33255,33266,11
13.0497198105,80.280670166,33266,33276,10
13.050909996,80.2808609009,33276,33286,10
13.0521402359,80.2810287476,33286,33296,10
13.0532999039,80.281211853,33296,33306,10
13.0543699265,80.2814025879,33306,33316,10
13.0550003052,80.2815093994,33316,33326,10
13.0564403534,80.2817764282,33326,33367,41
13.0564403534,80.2817764282,33367,33377,10
13.0567798615,80.2818832397,33377,33387,10
13.0569496155,80.2819213867,33387,33397,10
13.0572099686,80.2819671631,33397,33407,10
13.0578699112,80.2820968628,33407,33417,10
13.0587797165,80.2823028564,33417,33428,11
13.0600204468,80.2825393677,33428,33438,10
13.0611696243,80.2827606201,33438,33448,10
13.0621995926,80.2829666138,33448,33458,10
13.0631198883,80.2831573486,33458,33478,20
13.0631198883,80.2831573486,33478,33488,10
13.0631999969,80.2832107544,33488,33498,10
13.06387043,80.2833709717,33498,33509,11
13.0647201538,80.2835769653,33509,33519,10
13.0657997131,80.2838287354,33519,33529,10
13.0670404434,80.2840881348,33529,33539,10
13.0683298111,80.2843322754,33539,33549,10
13.0694599152,80.2845611572,33549,33559,10
13.070599556,80.2848587036,33559,33569,10
13.0719003677,80.2851715088,33569,33580,11
13.0732698441,80.2852783203,33580,33590,10
13.0738897324,80.2854537964,33590,33610,20
13.0738897324,80.2854537964,33610,33620,10
13.0741701126,80.2858200073,33620,33630,10
13.0747003555,80.286277771,33630,33640,10
13.075510025,80.2867965698,33640,33650,10
13.0765800476,80.2871627808,33650,33661,11
13.0778303146,80.2874679565,33661,33671,10
13.0788698196,80.2877578735,33671,33681,10
13.079580307,80.2880401611,33681,33691,10
13.0798902512,80.2880630493,33691,33701,10
13.0807304382,80.2882537842,33701,33721,20
13.0807304382,80.2882537842,33721,33731,10
13.0811195374,80.2884063721,33731,33742,11
13.0818996429,80.2886886597,33742,33752,10
13.0828399658,80.2890777588,33752,33762,10
13.0839195251,80.2891769409,33762,33772,10
13.0850000381,80.2891464233,33772,33782,10
13.0860795975,80.2893600464,33782,33792,10
13.0871295929,80.2896499634,33792,33802,10
13.0880403519,80.2900314331,33802,33812,10
13.0888204575,80.2901992798,33812,33883,71
13.0888204575,80.2901992798,33883,33893,10
13.088760376,80.2903366089,33893,33904,11
13.0885095596,80.2903823853,33904,33914,10
13.0879297256,80.2900466919,33914,33924,10
13.0870895386,80.2897109985,33924,33934,10
13.0861902237,80.2894592285,33934,33944,10
13.0856103897,80.2891082764,33944,33954,10
13.0852003098,80.2883071899,33954,33964,10
13.0851402283,80.2872924805,33964,33974,10
13.0852804184,80.2858886719,33974,33985,11
13.0852298737,80.2841491699,33985,34005,20
13.0852298737,80.2841491699,34005,34015,10
13.0852098465,80.2841033936,34015,34025,10
13.0853700638,80.2838287354,34025,34035,10
13.0854797363,80.2835464478,34035,34045,10
13.0857896805,80.2835235596,34045,34056,11
13.0862503052,80.2835769653,34056,34066,10
13.0866003036,80.2838592529,34066,34076,10
13.0870895386,80.2839508057,34076,34096,20
13.0870895386,80.2839508057,34096,34106,10
13.087220192,80.2839431763,34106,34116,10
13.0875797272,80.2839584351,34116,34126,10
13.0880203247,80.283996582,34126,34947,821
13.0880203247,80.283996582,34947,34957,10
13.088060379,80.2836608887,34957,34967,10
13.0881004333,80.2835617065,34967,34977,10
13.0881500244,80.283493042,34977,34987,10
13.0882701874,80.283203125,34987,34998,11
13.0882997513,80.2826309204,34998,35008,10
13.0883102417,80.2822875977,35008,35018,10
13.088259697,80.2817687988,35018,35028,10
13.0882396698,80.2813415527,35028,35038,10
13.0885696411,80.2815475464,35038,35048,10
13.0884799957,80.2820587158,35048,35058,10
13.0883302689,80.2827606201,35058,35068,10
13.0882997513,80.2833404541,35068,35079,11
13.0883998871,80.2837600708,35079,35089,10
13.0884199142,80.2850570679,35089,35180,91
13.0884199142,80.2850570679,35180,35190,10
13.08852005,80.2852401733,35190,35200,10
13.088549614,80.2856521606,35200,35210,10
13.0885400772,80.2861480713,35210,35220,10
13.088549614,80.2864608765,35220,35231,11
13.0885801315,80.2871704102,35231,35241,10
13.0886001587,80.2874679565,35241,35251,10
13.0886602402,80.2878799438,35251,35261,10
13.0887098312,80.2883911133,35261,35271,10
13.0887002945,80.28855896,35271,35281,10
13.0887298584,80.2889480591,35281,35291,10
13.0887699127,80.2891693115,35291,35301,10
13.0887002945,80.2895202637,35301,35312,11
13.0887699127,80.2899703979,35312,35352,40
13.0887699127,80.2899703979,35352,35362,10
13.0886898041,80.2904968262,35362,35372,10
13.0883703232,80.2903289795,35372,35382,10
13.0876998901,80.2899398804,35382,35393,11
13.0867004395,80.2895278931,35393,35403,10
13.0856599808,80.2892684937,35403,35413,10
13.084690094,80.2892608643,35413,35423,10
13.0836801529,80.2892532349,35423,35433,10
13.0828199387,80.2891235352,35433,35443,10
13.0818595886,80.2887268066,35443,35453,10
13.0808897018,80.2884063721,35453,35463,10
13.0801496506,80.2881622314,35463,35474,11
13.0800800323,80.2881622314,35474,35484,10
13.0799198151,80.2880630493,35484,35494,10
13.0794200897,80.2879714966,35494,35504,10
13.0786504745,80.2876586914,35504,35514,10
13.077630043,80.287399292,35514,35524,10
13.0764598846,80.2871170044,35524,35534,10
13.075340271,80.2867126465,35534,35544,10
13.0742197037,80.2861175537,35544,35555,11
13.0731096268,80.2857894897,35555,35565,10
13.0725402832,80.2854537964,35565,35575,10
13.0719003677,80.2852630615,35575,35585,10
13.070980072,80.2850112915,35585,35595,10
13.069849968,80.2847366333,35595,35605,10
13.0687303543,80.2845001221,35605,35615,10
13.0679998398,80.2843093872,35615,35625,10
13.0678796768,80.2842788696,35625,35636,11
13.0673999786,80.2842102051,35636,35646,10
13.0665597916,80.2840270996,35646,35656,10
13.0655002594,80.2837905884,35656,35666,10
13.0642004013,80.283493042,35666,35686,20
13.0642004013,80.283493042,35686,35696,10
13.06387043,80.2833099365,35696,35707,11
13.0631303787,80.2831420898,35707,35717,10
13.0625095367,80.2830276489,35717,35727,10
13.0624704361,80.2830200195,35727,35737,10
13.0623502731,80.2829818726,35737,35747,10
13.0618801117,80.2828826904,35747,35757,10
13.0611400604,80.2827301025,35757,35767,10
13.0601100922,80.2825317383,35767,35777,10
13.0591402054,80.2823181152,35777,35788,11
13.0579795837,80.282119751,35788,35798,10
13.0573196411,80.2819976807,35798,35808,10
13.056810379,80.2818908691,35808,35818,10
13.0567598343,80.2818832397,35818,35828,10
13.0565900803,80.281829834,35828,35838,10
13.0561103821,80.2817306519,35838,35848,10
13.0553703308,80.2815704346,35848,35858,10
13.0544595718,80.2813796997,35858,35869,11
13.0533599854,80.2811889648,35869,35879,10
13.052359581,80.281036377,35879,35889,10
13.0516004562,80.280921936,35889,35899,10
13.050740242,80.2808227539,35899,35909,10
13.0496702194,80.2806625366,35909,35919,10
13.0484695435,80.2805023193,35919,35929,10
13.0473203659,80.2803268433,35929,35939,10
13.046330452,80.2801971436,35939,35950,11
13.04570961,80.2801132202,35950,35960,10
13.0457000732,80.2801132202,35960,35970,10
13.0453195572,80.2800598145,35970,35980,10
13.0446395874,80.2799682617,35980,35990,10
13.0437402725,80.279838562,35990,36000,10
13.0426797867,80.2796173096,36000,36010,10
13.0414600372,80.2794418335,36010,36020,10
13.040309906,80.2791595459,36020,36031,11
13.0395402908,80.2789306641,36031,36041,10
13.0391397476,80.278793335,36041,36051,10
13.0390501022,80.278793335,36051,36061,10
13.0389003754,80.278717041,36061,36071,10
13.0383701324,80.2785186768,36071,36081,10
13.0376300812,80.2783203125,36081,36091,10
13.0370903015,80.2781982422,36091,36101,10
13.0363702774,80.2779006958,36101,36112,11
13.0354795456,80.2777633667,36112,36122,10
13.0345401764,80.2776031494,36122,36132,10
13.0338602066,80.2773971558,36132,36142,10
13.0335597992,80.2773590088,36142,36152,10
13.0330696106,80.2774200439,36152,36162,10
13.0324497223,80.2774581909,36162,36172,10
13.0316896439,80.2775192261,36172,36183,11
13.0310297012,80.2772598267,36183,36193,10
13.0309400558,80.2772216797,36193,36203,10
13.0308198929,80.2771606445,36203,36213,10
13.0303602219,80.2769393921,36213,36223,10
13.0295801163,80.2766799927,36223,36233,10
13.0285396576,80.2763824463,36233,36243,10
13.0275497437,80.275970459,36243,36253,10
13.0267400742,80.2755813599,36253,36264,11
13.0259399414,80.2751998901,36264,36274,10
13.0259304047,80.275177002,36274,36284,10
13.0257902145,80.275062561,36284,36294,10
13.0252895355,80.2748794556,36294,36304,10
13.0246696472,80.274597168,36304,36314,10
13.0240802765,80.2741012573,36314,36375,61
13.0240802765,80.2741012573,36375,36385,10
13.0238599777,80.2736816406,36385,36395,10
13.0234203339,80.2731018066,36395,36405,10
13.0228500366,80.2723236084,36405,36415,10
13.0221300125,80.2714004517,36415,36426,11
13.0213899612,80.2704620361,36426,36436,10
13.0209102631,80.2698898315,36436,36446,10
13.0208997726,80.2698822021,36446,36456,10
13.0207796097,80.2697677612,36456,36466,10
13.0204496384,80.2693405151,36466,36476,10
13.019780159,80.2686233521,36476,36485,9
13.0191402435,80.2677993774,36485,36496,11
13.0186595917,80.266960144,36496,36507,11
13.0186100006,80.26587677,36507,36517,10
13.0187797546,80.2651519775,36517,36527,10
13.0190000534,80.2641601563,36527,36537,10
13.0189800262,80.2634887695,36537,36547,10
13.0189199448,80.2630310059,36547,36557,10
13.0189199448,80.2629394531,36557,36567,10
13.0189199448,80.2627410889,36567,36577,10
13.0188398361,80.2620773315,36577,36588,11
13.0186004639,80.2612533569,36588,36598,10
13.017950058,80.2608184814,36598,36608,10
13.0171403885,80.2602767944,36608,36618,10
13.0163202286,80.2597808838,36618,36628,10
13.0160503387,80.2596511841,36628,36638,10
13.0159101486,80.2595596313,36638,36648,10
13.0153799057,80.2593917847,36648,36658,10
13.0146303177,80.2593002319,36658,36669,11
13.0135698318,80.2592391968,36669,36679,10
13.0124702454,80.2591934204,36679,36689,10
13.0113201141,80.2591400146,36689,36699,10
13.0102901459,80.2592010498,36699,36709,10
13.0094299316,80.2591629028,36709,36719,10
13.0088396072,80.2591781616,36719,36729,10
13.0085601807,80.2590637207,36729,36740,11
13.0078496933,80.2591934204,36740,36750,10
13.0074300766,80.2589492798,36750,36760,10
13.0072698593,80.2587127686,36760,36770,10
13.0071601868,80.2584609985,36770,36780,10
13.0069303513,80.2580871582,36780,36790,10
13.0064296722,80.2576522827,36790,36800,10
13.0060195923,80.2575073242,36800,36810,10
13.0056295395,80.2574081421,36810,36821,11
13.0052404404,80.2573318481,36821,36831,10
13.0047798157,80.2571563721,36831,36841,10
13.0041799545,80.2570266724,36841,36851,10
13.0035400391,80.2568511963,36851,36881,30
13.0035400391,80.2568511963,36881,36891,10
13.0028400421,80.2567520142,36891,36902,11
13.0019798279,80.2566223145,36902,36972,70
13.0019798279,80.2566223145,36972,36983,11
13.0014200211,80.2565002441,36983,36993,10
13.0007801056,80.2564620972,36993,37003,10
12.9999303818,80.2562789917,37003,37013,10
12.9990901947,80.2561264038,37013,37033,20
12.9990901947,80.2561264038,37033,37043,10
12.9986095428,80.2560272217,37043,37064,21
12.9986095428,80.2560272217,37064,37074,10
12.998339653,80.2559509277,37074,37084,10
12.9979600906,80.2559509277,37084,37104,20
12.9979600906,80.2559509277,37104,37114,10
12.9975795746,80.2559280396,37114,37124,10
12.996919632,80.2558670044,37124,37134,10
12.9965400696,80.2558364868,37134,37145,11
12.9962596893,80.255821228,37145,37155,10
12.9960098267,80.2557830811,37155,37165,10
12.9957199097,80.255821228,37165,37175,10
12.9952602386,80.2557830811,37175,37185,10
12.9946403503,80.2558135986,37185,37195,10
12.9940795898,80.2559661865,37195,37205,10
12.9931898117,80.2559661865,37205,37216,11
12.9921503067,80.2559890747,37216,37226,10
12.9914398193,80.2559432983,37226,37236,10
12.9909601212,80.2559509277,37236,37246,10
12.9909496307,80.2559509277,37246,37256,10
12.9906396866,80.2559509277,37256,37266,10
12.9901800156,80.2559585571,37266,37276,10
12.9896297455,80.2559509277,37276,37286,10
12.9890298843,80.2559204102,37286,37297,11
12.988530159,80.255859375,37297,37307,10
12.9878702164,80.2557983398,37307,37317,10
12.9873104095,80.2556991577,37317,37327,10
12.9869804382,80.2556915283,37327,37337,10
12.9866399765,80.2556533813,37337,37347,10
12.9863100052,80.2555465698,37347,37367,20
12.9863100052,80.2555465698,37367,37378,11
12.9860601425,80.2554321289,37378,37388,10
12.9859800339,80.2554321289,37388,37398,10
12.9858798981,80.2554092407,37398,37408,10
12.9854097366,80.2553329468,37408,37418,10
12.9847002029,80.2551422119,37418,37428,10
12.9840402603,80.2549667358,37428,37438,10
12.9834699631,80.2548599243,37438,37448,10
12.982919693,80.2546615601,37448,37459,11
12.9822797775,80.2543563843,37459,37469,10
12.9818897247,80.2536010742,37469,37479,10
12.9816198349,80.2528381348,37479,37499,20
12.9816198349,80.2528381348,37499,37509,10
12.9812698364,80.252746582,37509,37529,20
12.9812698364,80.252746582,37529,37540,11
12.9811000824,80.2527236938,37540,37550,10
12.9809103012,80.2527313232,37550,37560,10
12.9806900024,80.252746582,37560,37570,10
12.9804897308,80.2527389526,37570,37580,10
12.9800796509,80.2527236938,37580,37590,10
12.9796800613,80.2526321411,37590,37600,10
12.9789800644,80.2525634766,37600,37611,11
12.9786701202,80.2525024414,37611,37621,10
12.9783401489,80.2523269653,37621,37631,10
12.9779100418,80.251991272,37631,37641,10
12.9772796631,80.2514801025,37641,37651,10
12.9762401581,80.251083374,37651,37661,10
12.9751300812,80.2508010864,37661,37671,10
12.9747200012,80.2506637573,37671,37681,10
12.9740200043,80.2504577637,37681,37692,11
12.9729604721,80.2501831055,37692,37702,10
12.9718599319,80.2498779297,37702,37712,10
12.9706497192,80.2495193481,37712,37722,10
12.9694404602,80.2490692139,37722,37732,10
12.9681901932,80.2485809326,37732,37742,10
12.9670600891,80.2481307983,37742,37752,10
12.9665203094,80.2478713989,37752,37762,10
12.9658699036,80.2475814819,37762,37773,11
12.9654197693,80.2473983765,37773,37783,10
12.9654102325,80.2473907471,37783,37794,11
12.9652299881,80.2473220825,37794,37805,11
12.9650402069,80.2472610474,37805,37815,10
12.9644203186,80.2470626831,37815,37845,30
12.9644203186,80.2470626831,37845,37856,11
12.964099884,80.2469482422,37856,37866,10
12.9637002945,80.2467803955,37866,37876,10
12.9630298615,80.2464523315,37876,37886,10
12.9622097015,80.2460632324,37886,37896,10
12.9612598419,80.24559021,37896,37906,10
12.9603700638,80.2451705933,37906,37916,10
12.9596300125,80.2448730469,37916,37926,10
12.9595003128,80.2447891235,37926,37937,11
12.9593000412,80.2446899414,37937,37947,10
12.9588003159,80.244468689,37947,37957,10
12.9581203461,80.2442016602,37957,37967,10
12.9572000504,80.2438964844,37967,38048,81
12.9572000504,80.2438964844,38048,38058,10
12.9567403793,80.2437515259,38058,38068,10
12.9565095901,80.2436828613,38068,38149,81
12.9565095901,80.2436828613,38149,38159,10
12.9560003281,80.2434692383,38159,38170,11
12.9552402496,80.243057251,38170,38180,10
12.9543800354,80.2426834106,38180,38190,10
12.9535598755,80.2423171997,38190,38200,10
12.9525995255,80.2419281006,38200,38210,10
12.9519996643,80.2417373657,38210,38220,10
12.9518098831,80.2416534424,38220,38230,10
12.9515399933,80.2415390015,38230,38240,10
12.9509496689,80.2413330078,38240,38251,11
12.9497003555,80.2409820557,38251,38291,40
12.9497003555,80.2409820557,38291,38301,10
12.9496097565,80.2409210205,38301,38311,10
12.949259758,80.2407989502,38311,38321,10
12.9486198425,80.2405776978,38321,38332,11
12.9477996826,80.2402496338,38332,38342,10
12.9472904205,80.2400588989,38342,38352,10
12.947259903,80.2400436401,38352,38362,10
12.9470596313,80.2399291992,38362,38372,10
12.9464702606,80.239692688,38372,38382,10
12.9456596375,80.2393417358,38382,38392,10
12.9449100494,80.2387771606,38392,38403,11
12.9440603256,80.2378616333,38403,38413,10
12.9434700012,80.2371902466,38413,38423,10
12.9426898956,80.2366027832,38423,38433,10
12.9415502548,80.2362289429,38433,38443,10
12.9405002594,80.2359695435,38443,38453,10
12.9398603439,80.2357635498,38453,38473,20
12.9398603439,80.2357635498,38473,38484,11
12.9391803741,80.2354278564,38484,38494,10
12.9382095337,80.234916687,38494,38504,10
12.9370603561,80.2343978882,38504,38514,10
12.9359903336,80.2339019775,38514,38524,10
12.9357004166,80.2339172363,38524,38534,10
12.9356603622,80.2340087891,38534,38544,10
12.935500145,80.2344970703,38544,38554,10
12.9351902008,80.2352218628,38554,38565,11
12.9350404739,80.2354507446,38565,38575,10
12.9348096848,80.2353286743,38575,38585,10
12.9342298508,80.2350692749,38585,38595,10
12.9338798523,80.2350463867,38595,38605,10
12.933719635,80.2356719971,38605,38615,10
12.9335002899,80.2361907959,38615,38625,10
12.9332799911,80.2361602783,38625,38635,10
12.93309021,80.2360916138,38635,38646,11
12.9329595566,80.2364120483,38646,38656,10
12.9327697754,80.2370681763,38656,38666,10
12.9326601028,80.2373886108,38666,38676,10
12.9324598312,80.237953186,38676,38686,10
12.9322500229,80.2384262085,38686,38696,10
12.932100296,80.2386932373,38696,38706,10
12.9316396713,80.2386703491,38706,38716,10
12.9312000275,80.2385177612,38716,38737,21
12.9312000275,80.2385177612,38737,38747,10
12.9310798645,80.2384414673,38747,38757,10
12.930970192,80.2384033203,38757,38767,10
12.9304895401,80.2382202148,38767,38777,10
12.9297704697,80.2379608154,38777,38787,10
12.9295396805,80.2381591797,38787,38797,10
12.9294300079,80.2385482788,38797,38808,11
12.9292602539,80.2390213013,38808,38818,10
12.9283895493,80.2388381958,38818,38848,30
12.9283895493,80.2388381958,38848,38858,10
12.9283304214,80.2387924194,38858,38868,10
12.9280004501,80.2387084961,38868,38879,11
12.9272699356,80.2385482788,38879,38889,10
12.9269399643,80.2384719849,38889,38899,10
12.9262399673,80.2382888794,38899,38909,10
12.9256401062,80.2383270264,38909,38929,20
12.9254598618,80.238319397,38929,38970,41
12.9254598618,80.238319397,38970,38980,10
12.9254999161,80.2380828857,38980,38990,10
12.9256696701,80.2381210327,38990,39000,10
12.9259195328,80.2381820679,39000,39010,10
12.9265804291,80.2383728027,39010,39020,10
12.9274396896,80.238571167,39020,39030,10
12.9281597137,80.2387466431,39030,39051,21
12.9281597137,80.2387466431,39051,39061,10
12.928440094,80.2388305664,39061,39071,10
12.9291200638,80.2389984131,39071,39081,10
12.9293699265,80.2387771606,39081,39091,10
12.9295301437,80.2382507324,39091,39101,10
12.9296998978,80.2379379272,39101,39111,10
12.9302101135,80.2381286621,39111,39122,11
12.9311800003,80.2384567261,39122,39142,20
12.9311800003,80.2384567261,39142,39152,10
12.9314098358,80.2385787964,39152,39162,10
12.9318704605,80.2387313843,39162,39172,10
12.9322099686,80.23853302,39172,39182,10
12.9323101044,80.2382507324,39182,39192,10
12.9325199127,80.2377166748,39192,39203,11
12.9327297211,80.237197876,39203,39213,10
12.932849884,80.2368392944,39213,39223,10
12.9329595566,80.2363204956,39223,39233,10
12.9331998825,80.2361068726,39233,39243,10
12.933549881,80.2361526489,39243,39253,10
12.9336395264,80.2358016968,39253,39263,10
12.9338197708,80.2351379395,39263,39273,10
12.9342403412,80.2350769043,39273,39284,11
12.9349002838,80.2353591919,39284,39294,10
12.9351396561,80.2353973389,39294,39304,10
12.935210228,80.235206604,39304,39314,10
12.935379982,80.2347412109,39314,39324,10
12.9357299805,80.2339096069,39324,39344,20
12.9357299805,80.2339096069,39344,39355,11
12.9358100891,80.233757019,39355,39365,10
12.9359798431,80.2337188721,39365,39375,10
12.9364404678,80.2340011597,39375,39385,10
12.9371500015,80.2343521118,39385,39395,10
12.9379997253,80.2347488403,39395,39405,10
12.9389200211,80.2351989746,39405,39415,10
12.9398002625,80.2356491089,39415,39425,10
12.9398298264,80.2356796265,39425,39436,11
12.9400596619,80.2358016968,39436,39446,10
12.9407300949,80.2359924316,39446,39456,10
12.9416799545,80.2362365723,39456,39466,10
12.9428195953,80.2366027832,39466,39476,10
12.9437999725,80.2374191284,39476,39486,10
12.9446201324,80.2382965088,39486,39496,10
12.9454803467,80.2391204834,39496,39506,10
12.9472198486,80.239906311,39506,39527,21
12.9472198486,80.239906311,39527,39537,10
12.9474697113,80.2400283813,39537,39547,10
12.9480695724,80.2402801514,39547,39557,10
12.9487800598,80.2405471802,39557,39567,10
12.9492998123,80.2407836914,39567,39577,10
12.9500198364,80.2409973145,39577,39587,10
12.9506902695,80.2412033081,39587,39598,11
12.9510402679,80.241317749,39598,39608,10
12.9510803223,80.2413635254,39608,39618,10
12.9512996674,80.2414474487,39618,39628,10
12.9519796371,80.2416915894,39628,39638,10
12.9528598785,80.2420196533,39638,39648,10
12.9536600113,80.2423400879,39648,39658,10
12.9545602798,80.2427062988,39658,39668,10
12.9554004669,80.2430267334,39668,39679,11
12.9563398361,80.2433776855,39679,39719,40
12.9563398361,80.2433776855,39719,39729,10
12.9569196701,80.243598938,39729,39739,10
12.9577302933,80.243927002,39739,39749,10
12.9584798813,80.2442169189,39749,39760,11
12.9588603973,80.244430542,39760,39770,10
12.9590501785,80.2445678711,39770,39780,10
12.9596595764,80.2448577881,39780,39790,10
12.9605302811,80.2452392578,39790,39800,10
12.9615898132,80.2457122803,39800,39810,10
12.9625396729,80.2461776733,39810,39820,10
12.9632301331,80.2465286255,39820,39831,11
12.9636201859,80.2467422485,39831,39841,10
12.9642896652,80.2469787598,39841,39851,10
12.9651899338,80.2472915649,39851,39861,10
12.9660997391,80.2476196289,39861,39871,10
12.9662799835,80.2477264404,39871,39881,10
12.9663200378,80.247756958,39881,39891,10
12.966629982,80.2478866577,39891,39901,10
12.966629982,80.2479019165,39901,39912,11
12.9667797089,80.2479934692,39912,39922,10
12.9671401978,80.2481689453,39922,39932,10
12.9678697586,80.2484512329,39932,39942,10
12.9687700272,80.2488021851,39942,39952,10
12.9698295593,80.2492218018,39952,39962,10
12.9708995819,80.2496414185,39962,39972,10
12.9721298218,80.249961853,39972,39982,10
12.9733800888,80.2502975464,39982,39993,11
12.9747800827,80.2507171631,39993,40003,10
12.9759702682,80.2510375977,40003,40013,10
12.9771795273,80.2514038086,40013,40023,10
12.9781303406,80.2520599365,40023,40033,10
12.9785203934,80.2523269653,40033,40043,10
12.9786996841,80.2524337769,40043,40053,10
12.9790802002,80.2525405884,40053,40063,10
12.9795799255,80.2525787354,40063,40074,11
12.9804897308,80.2526092529,40074,40084,10
12.9808397293,80.2526016235,40084,40094,10
12.9811897278,80.2525863647,40094,40104,10
12.9819602966,80.252571106,40104,40114,10
12.9829998016,80.2525405884,40114,40124,10
12.9841403961,80.2523117065,40124,40134,10
12.9848604202,80.2521133423,40134,40144,10
12.9855604172,80.2519302368,40144,40155,11
12.9861698151,80.2517623901,40155,40165,10
12.9867601395,80.2516098022,40165,40286,121
12.9867601395,80.2516098022,40286,40296,10
12.9868803024,80.2516021729,40296,40307,11
12.9874601364,80.2514190674,40307,40317,10
12.9878997803,80.2515563965,40317,40327,10
12.9880199432,80.2521286011,40327,40337,10
12.9879598618,80.2528381348,40337,40347,10
12.9878997803,80.2534484863,40347,40357,10
12.987830162,80.2542419434,40357,40367,10
12.9877796173,80.254737854,40367,40377,10
12.9877500534,80.2552108765,40377,40469,92
12.9877500534,80.2552108765,40469,40479,10
12.9876403809,80.2554702759,40479,40489,10
12.9879398346,80.2557830811,40489,40509,20
12.9879398346,80.2557830811,40509,40519,10
12.9883003235,80.255859375,40519,40529,10
12.988699913,80.255897522,40529,40539,10
12.9889202118,80.2559280396,40539,40550,11
12.9891996384,80.2559585571,40550,40560,10
12.9897298813,80.2559432983,40560,40570,10
12.9903097153,80.2559127808,40570,40580,10
12.9908800125,80.2559585571,40580,40590,10
12.9916601181,80.2559814453,40590,40600,10
12.9927396774,80.2559890747,40600,40610,10
12.9937000275,80.2558670044,40610,40620,10
12.9949903488,80.2558135986,40620,40671,51
12.9949903488,80.2558135986,40671,40681,10
12.9952697754,80.2558288574,40681,40691,10
12.9956598282,80.2558288574,40691,40702,11
12.9966697693,80.2558364868,40702,40762,60
12.9966697693,80.2558364868,40762,40772,10
12.9968595505,80.2558364868,40772,40783,11
12.9972496033,80.2558288574,40783,40793,10
12.9978599548,80.255821228,40793,40803,10
12.9983997345,80.2558364868,40803,40813,10
12.998840332,80.2559967041,40813,40853,40
12.998840332,80.2559967041,40853,40864,11
12.9991102219,80.2561264038,40864,40874,10
12.9995603561,80.256187439,40874,40884,10
13.0000295639,80.2562713623,40884,40894,10
13.000579834,80.2563476563,40894,40934,40
13.000579834,80.2563476563,40934,40945,11
13.0009803772,80.2565002441,40945,40955,10
13.001159668,80.2565307617,40955,40965,10
13.0013103485,80.2565383911,40965,40975,10
13.0015602112,80.2565765381,40975,40985,10
13.001999855,80.2565765381,40985,40995,10
13.0025196075,80.2566375732,40995,41005,10
13.0031299591,80.256729126,41005,41015,10
13.0039796829,80.2568817139,41015,41026,11
13.0046901703,80.2570266724,41026,41036,10
13.0052700043,80.2570877075,41036,41046,10
13.0060195923,80.2572479248,41046,41066,20
13.0061798096,80.2574081421,41066,41097,31
13.0061798096,80.2574081421,41097,41107,10
13.0064697266,80.2574462891,41107,41117,10
13.0068397522,80.2576904297,41117,41127,10
13.0072402954,80.2583389282,41127,41137,10
13.0081100464,80.2587814331,41137,41147,10
13.0085096359,80.2589569092,41147,41157,10
13.008649826,80.2590637207,41157,41167,10
13.0090398788,80.2590789795,41167,41178,11
13.0098800659,80.2590713501,41178,41188,10
13.0109195709,80.2590713501,41188,41198,10
13.0120601654,80.2590789795,41198,41208,10
13.0133695602,80.2591171265,41208,41218,10
13.0145902634,80.2591629028,41218,41228,10
13.0156297684,80.259262085,41228,41238,10
13.0163602829,80.2595977783,41238,41248,10
13.0164299011,80.2596588135,41248,41259,11
13.0165996552,80.2598495483,41259,41269,10
13.017080307,80.2601699829,41269,41279,10
13.0176897049,80.2605819702,41279,41289,10
13.0186595917,80.2613296509,41289,41299,10
13.0186595917,80.2613296509,41299,41309,10
13.0189800262,80.2615509033,41309,41319,10
13.0193395615,80.2618179321,41319,41329,10
13.0197200775,80.2621688843,41329,41340,11
13.0203199387,80.2627716064,41340,41350,10
13.0199699402,80.2629623413,41350,41361,11
13.0192203522,80.2629699707,41361,41372,11
13.0190601349,80.2633590698,41372,41382,10
13.0191402435,80.2639923096,41382,41391,9
13.0191402435,80.2640075684,41391,41402,11
13.019109726,80.2643890381,41402,41412,10
13.0189599991,80.2649993896,41412,41423,11
13.0188102722,80.2655334473,41423,41433,10
13.0187196732,80.2662582397,41433,41442,9
13.0188798904,80.2671432495,41442,41453,11
13.0194101334,80.2679290771,41453,41463,10
13.0202903748,80.268989563,41463,41473,10
13.0208797455,80.2697525024,41473,41483,10
13.0213804245,80.270401001,41483,41493,10
13.022069931,80.2712936401,41493,41504,11
13.0227203369,80.2721176147,41504,41514,10
13.023349762,80.2729415894,41514,41564,50
13.023349762,80.2729415894,41564,41575,11
13.0235395432,80.2732086182,41575,41585,10
13.0238199234,80.2736206055,41585,41645,60
13.0238199234,80.2736206055,41645,41656,11
13.0239400864,80.2738265991,41656,41666,10
13.0243501663,80.2743225098,41666,41676,10
13.0253896713,80.274887085,41676,41696,20
13.0253896713,80.274887085,41696,41706,10
13.0257396698,80.2750930786,41706,41716,10
13.0262002945,80.2752609253,41716,41726,10
13.02684021,80.2755889893,41726,41737,11
13.0275602341,80.275932312,41737,41747,10
13.0281200409,80.2761383057,41747,41757,10
13.0286397934,80.2763214111,41757,41767,10
13.0291795731,80.2764892578,41767,41777,10
13.0294799805,80.2765808105,41777,41787,10
13.0300102234,80.2766571045,41787,41797,10
13.0306797028,80.2769012451,41797,41807,10
13.0311803818,80.2772293091,41807,41818,11
13.0314502716,80.2774429321,41818,41828,10
13.0317697525,80.2774429321,41828,41838,10
13.0321998596,80.2774276733,41838,41848,10
13.0326004028,80.2773971558,41848,41858,10
13.0326099396,80.2774200439,41858,41868,10
13.032790184,80.2775115967,41868,41878,10
13.0330896378,80.2774581909,41878,41888,10
13.0331401825,80.2774505615,41888,41899,11
13.0333204269,80.2774581909,41899,41909,10
13.0337696075,80.2773590088,41909,41919,10
13.0344200134,80.2774505615,41919,41929,10
13.0352602005,80.2775115967,41929,41939,10
13.0362100601,80.2777786255,41939,41949,10
13.0370397568,80.2781066895,41949,41959,10
13.0376396179,80.2782974243,41959,41969,10
13.0385103226,80.2785186768,41969,41980,11
13.0388402939,80.2786712646,41980,41990,10
13.0390396118,80.278793335,41990,42000,10
13.0393800735,80.2788619995,42000,42010,10
13.0401601791,80.2790985107,42010,42020,10
13.0411596298,80.2793273926,42020,42030,10
13.0421199799,80.2794570923,42030,42040,10
13.0428695679,80.279548645,42040,42051,11
13.043299675,80.279586792,42051,42061,10
13.0439395905,80.2797927856,42061,42071,10
13.0449399948,80.2799606323,42071,42081,10
13.0457601547,80.2800598145,42081,42091,10
13.045999527,80.2800979614,42091,42101,10
13.0466995239,80.2802124023,42101,42111,10
13.0476703644,80.2803497314,42111,42121,10
13.0488595963,80.2805404663,42121,42132,11
13.0502700806,80.2807388306,42132,42142,10
13.0515003204,80.2809295654,42142,42152,10
13.0526800156,80.2810897827,42152,42162,10
13.0538797379,80.2812423706,42162,42172,10
13.0550003052,80.2814178467,42172,42182,10
13.0560398102,80.2816696167,42182,42192,10
13.0563201904,80.2817382813,42192,42202,10
13.0563497543,80.2817611694,42202,42213,11
13.0568399429,80.2818603516,42213,42223,10
13.0575504303,80.2820205688,42223,42233,10
13.0583496094,80.2821884155,42233,42243,10
13.0594301224,80.2824020386,42243,42253,10
13.0603599548,80.2826004028,42253,42263,10
13.0613803864,80.2828216553,42263,42273,10
13.0623703003,80.2829971313,42273,42283,10
13.0629997253,80.2831268311,42283,42294,11
13.0630197525,80.2831420898,42294,42304,10
13.0633001328,80.2831878662,42304,42314,10
13.0636301041,80.2833099365,42314,42324,10
13.0636501312,80.2833328247,42324,42334,10
13.0638504028,80.283416748,42334,42344,10
13.0644302368,80.2835464478,42344,42354,10
13.0652704239,80.2837371826,42354,42364,10
13.0663404465,80.283996582,42364,42375,11
13.0676202774,80.2842483521,42375,42385,10
13.0683603287,80.284362793,42385,42395,10
13.0692901611,80.2845687866,42395,42405,10
13.0705404282,80.2848815918,42405,42415,10
13.071969986,80.2852172852,42415,42425,10
13.0731801987,80.2852706909,42425,42435,10
13.0740098953,80.2856063843,42435,42445,10
13.0745296478,80.2861785889,42445,42456,11
13.0757102966,80.2869033813,42456,42466,10
13.0770101547,80.2872619629,42466,42476,10
13.0783901215,80.2875976563,42476,42486,10
13.079369545,80.2879714966,42486,42496,10
13.0797996521,80.2880325317,42496,42506,10
13.0804395676,80.288192749,42506,42516,10
13.080789566,80.2882919312,42516,42526,10
13.0809898376,80.2883529663,42526,42537,11
13.0815601349,80.2885437012,42537,42547,10
13.082280159,80.2888183594,42547,42557,10
13.0830802917,80.2891616821,42557,42566,9
13.0839195251,80.2891464233,42566,42577,11
13.0847501755,80.2891311646,42577,42587,10
13.0860795975,80.2893066406,42587,42597,10
13.0871696472,80.2896499634,42597,42608,11
13.0877199173,80.2898712158,42608,42618,10
13.0879802704,80.2900009155,42618,42628,10
13.0882396698,80.2900772095,42628,42638,10
13.0887203217,80.2901382446,42638,42699,61
13.0887203217,80.2901382446,42699,42709,10
13.0886898041,80.2904205322,42709,42719,10
13.0883998871,80.2903366089,42719,42729,10
13.0879201889,80.2901000977,42729,42739,10
13.0872097015,80.2898406982,42739,42749,10
13.0864896774,80.2896270752,42749,42759,10
13.0858802795,80.2894897461,42759,42770,11
13.0854597092,80.2888565063,42770,42780,10
13.0851602554,80.2880401611,42780,42790,10
13.0851898193,80.2870178223,42790,42800,10
13.0853796005,80.284828186,42800,42810,10
13.0853796005,80.284828186,42810,42820,10
13.0852603912,80.284286499,42820,42830,10
13.0852298737,80.2841186523,42830,42851,21
13.0852298737,80.2841186523,42851,42861,10
13.0852804184,80.2840270996,42861,42871,10
13.0854196548,80.283782959,42871,42881,10
13.0854997635,80.2835769653,42881,42891,10
13.0857000351,80.2835617065,42891,42899,8
13.0859899521,80.2835922241,42899,42912,13
13.086400032,80.2836837769,42912,42922,10
13.0867099762,80.2838973999,42922,42933,11
13.0871601105,80.2839508057,42933,42943,10
13.0871801376,80.2839584351,42943,42953,10
13.0872898102,80.2840118408,42953,42963,10
13.0876502991,80.2840194702,42963,42973,10
13.0879602432,80.2840194702,42973,43105,132
13.0881595612,80.2837982178,43105,43348,243
13.0882101059,80.2836380005,43348,43419,71
13.0881299973,80.2837982178,43419,43794,375
13.0881299973,80.2837982178,43794,43804,10
13.088350296,80.2835388184,43804,43814,10
13.0883598328,80.2835235596,43814,43824,10
13.0883598328,80.2831802368,43824,43834,10
13.0883598328,80.2827682495,43834,43844,10
13.0883398056,80.282409668,43844,43854,10
13.0882902145,80.2819900513,43854,43865,11
13.0881595612,80.2815933228,43865,43875,10
13.0881500244,80.2815704346,43875,43885,10
13.0883102417,80.2815170288,43885,43895,10
13.0885801315,80.2816009521,43895,43905,10
13.0885400772,80.2819824219,43905,43915,10
13.0884599686,80.282371521,43915,43925,10
13.0883598328,80.2826385498,43925,43935,10
13.0882997513,80.2828674316,43935,43946,11
13.0882396698,80.2832565308,43946,43956,10
13.0882701874,80.2835769653,43956,43966,10
13.0883102417,80.2841186523,43966,43976,10
13.0883798599,80.2849121094,43976,44047,71
13.0883798599,80.2849121094,44047,44057,10
13.0884304047,80.2855224609,44057,44087,30
13.0884304047,80.2855224609,44087,44097,10
13.0883998871,80.2857818604,44097,44108,11
13.0883903503,80.2861862183,44108,44118,10
13.0883903503,80.2864837646,44118,44128,10
13.0884199142,80.2869033813,44128,44138,10
13.088470459,80.2873001099,44138,44148,10
13.0884799957,80.2874069214,44148,44158,10
13.0886602402,80.2883987427,44158,44178,20
13.0886602402,80.2883987427,44178,44189,11
13.0886297226,80.2888183594,44189,44199,10
13.0887298584,80.2893981934,44199,44260,61
13.0886497498,80.2897491455,44260,44300,40
13.0886602402,80.2899703979,44300,44320,20
13.0886602402,80.2899703979,44320,44330,10
13.0886497498,80.2902297974,44330,44341,11
13.0885801315,80.2904891968,44341,44351,10
13.0883998871,80.2904205322,44351,44361,10
13.0878801346,80.2901229858,44361,44371,10
13.0871696472,80.2897567749,44371,44381,10
13.086139679,80.2894134521,44381,44391,10
13.0853996277,80.2891998291,44391,44401,10
13.0842895508,80.2891235352,44401,44411,10
13.0832500458,80.2891998291,44411,44422,11
13.082110405,80.28881073,44422,44432,10
13.0808496475,80.2883987427,44432,44442,10
13.0801000595,80.2882232666,44442,44472,30
13.0801000595,80.2882232666,44472,44482,10
13.0797195435,80.2881011963,44482,44492,10
13.0789403915,80.2878723145,44492,44503,11
13.077750206,80.2874984741,44503,44513,10
13.0765399933,80.2872009277,44513,44523,10
13.0752696991,80.2867279053,44523,44533,10
13.0741996765,80.2860794067,44533,44543,10
13.0733499527,80.2859420776,44543,44553,10
13.0723800659,80.2854537964,44553,44563,10
13.0711297989,80.2850875854,44563,44573,10
13.069899559,80.2848129272,44573,44584,11
13.0686903,80.2845001221,44584,44594,10
13.0674600601,80.284286499,44594,44604,10
13.0660896301,80.283996582,44604,44614,10
13.0648899078,80.2837219238,44614,44625,11
13.0639295578,80.2834777832,44625,44635,10
13.0630302429,80.2832183838,44635,44645,10
13.0626296997,80.2831192017,44645,44654,9
13.062620163,80.2831192017,44654,44666,12
13.0621004105,80.2829971313,44666,44676,10
13.0613899231,80.2828598022,44676,44686,10
13.0604295731,80.2826080322,44686,44696,10
13.0595703125,80.2824401855,44696,44706,10
13.0586900711,80.2822875977,44706,44716,10
13.0579395294,80.282119751,44716,44726,10
13.0569400787,80.2819519043,44726,44747,21
13.0569400787,80.2819519043,44747,44757,10
13.05671978,80.2818984985,44757,44767,10
13.0560398102,80.2817611694,44767,44777,10
13.0550203323,80.281539917,44777,44787,10
13.0537796021,80.2812805176,44787,44797,10
13.0525197983,80.2810974121,44797,44807,10
13.0514001846,80.2809371948,44807,44818,11
13.0502300262,80.2807388306,44818,44828,10
13.0489196777,80.2805633545,44828,44838,10
13.0476703644,80.280380249,44838,44848,10
13.0464801788,80.2802429199,44848,44858,10
13.0456800461,80.2801437378,44858,44868,10
13.0454797745,80.2801132202,44868,44878,10
13.044670105,80.2799987793,44878,44888,10
13.0437602997,80.2798690796,44888,44919,31
13.0437602997,80.2798690796,44919,44929,10
13.0436496735,80.279838562,44929,44939,10
13.0431804657,80.2797470093,44939,44949,10
13.0423402786,80.2795562744,44949,44959,10
13.041179657,80.2793579102,44959,44969,10
13.040019989,80.2791213989,44969,44980,11
13.039440155,80.2789535522,44980,44990,10
13.0390195847,80.2788619995,44990,45000,10
13.0389204025,80.2788162231,45000,45010,10
13.0384397507,80.2786331177,45010,45020,10
13.0376596451,80.2784118652,45020,45030,10
13.0368900299,80.2781600952,45030,45040,10
13.0361995697,80.2779769897,45040,45050,10
13.0356197357,80.2778396606,45050,45061,11
13.0348997116,80.2777328491,45061,45071,10
13.0341501236,80.2775497437,45071,45081,10
13.033949852,80.2774810791,45081,45091,10
13.0337095261,80.277381897,45091,45121,30
13.0337095261,80.277381897,45121,45131,10
13.0331602097,80.2774581909,45131,45142,11
13.0327796936,80.2774887085,45142,45162,20
13.0327796936,80.2774887085,45162,45172,10
13.0325202942,80.2774963379,45172,45182,10
13.0323600769,80.2774887085,45182,45192,10
13.0319795609,80.2775726318,45192,45202,10
13.0314998627,80.2775497437,45202,45213,11
13.0312004089,80.2773971558,45213,45223,10
13.0309896469,80.2773132324,45223,45233,10
13.0307798386,80.2772064209,45233,45243,10
13.03028965,80.2770385742,45243,45253,10
13.0294599533,80.2767715454,45253,45263,10
13.0288600922,80.276512146,45263,45273,10
13.0284795761,80.2763519287,45273,45283,10
13.0276699066,80.2760696411,45283,45294,11
13.0269899368,80.2757797241,45294,45304,10
13.0263299942,80.275428772,45304,45314,10
13.0260095596,80.2752838135,45314,45324,10
13.0256795883,80.275138855,45324,45334,10
13.0249900818,80.2748336792,45334,45344,10
13.0244197845,80.2744903564,45344,45375,31
13.0244197845,80.2744903564,45375,45385,10
13.0242996216,80.2743301392,45385,45395,10
13.0239801407,80.2738876343,45395,45405,10
13.0234699249,80.2732009888,45405,45415,10
13.0229101181,80.2724609375,45415,45425,10
13.0223798752,80.2717208862,45425,45435,10
13.0217199326,80.2709121704,45435,45445,10
13.0208797455,80.2699203491,45445,45466,21
13.0208797455,80.2699203491,45466,45476,10
13.0205402374,80.26953125,45476,45486,10
13.0200796127,80.268951416,45486,45496,10
13.0194797516,80.2682418823,45496,45506,10
13.0188598633,80.2674102783,45506,45516,10
13.0186195374,80.2663574219,45516,45526,10
13.0186901093,80.2656707764,45526,45537,11
13.0189199448,80.2647399902,45537,45547,10
13.0189599991,80.2637863159,45547,45557,10
13.0189504623,80.2633666992,45557,45567,10
13.0189199448,80.2630081177,45567,45577,10
13.0189399719,80.2627792358,45577,45587,10
13.018819809,80.26222229,45587,45597,10
13.0186901093,80.2614974976,45597,45607,10
13.0184001923,80.2611236572,45607,45618,11
13.0177602768,80.2606964111,45618,45628,10
13.0170602798,80.2602233887,45628,45638,10
13.0163402557,80.2598114014,45638,45648,10
13.0160303116,80.2596817017,45648,45658,10
13.0159797668,80.2596435547,45658,45668,10
13.0155897141,80.2594833374,45668,45678,10
13.0148897171,80.2593231201,45678,45688,10
13.013999939,80.2592926025,45688,45699,11
13.0128602982,80.2592391968,45699,45709,10
13.0118103027,80.2592010498,45709,45719,10
13.0106601715,80.2592086792,45719,45729,10
13.0095596313,80.2591781616,45729,45739,10
13.0088996887,80.2592010498,45739,45749,10
13.0086402893,80.2591629028,45749,45759,10
13.0081596375,80.2591781616,45759,45770,11
13.0075597763,80.2592468262,45770,45780,10
13.007229805,80.2587127686,45780,45790,10
13.0071802139,80.2585525513,45790,45800,10
13.0069799423,80.2582397461,45800,45810,10
13.0065202713,80.2576904297,45810,45820,10
13.00578022,80.2574462891,45820,45830,10
13.0050697327,80.2572479248,45830,45840,10
13.0041399002,80.2570800781,45840,45851,11
13.0035600662,80.2569122314,45851,45861,10
13.0034399033,80.2568664551,45861,45871,10
13.003080368,80.2568130493,45871,45881,10
13.0025701523,80.2567062378,45881,45891,10
13.0018596649,80.2566223145,45891,45962,71
13.0018596649,80.2566223145,45962,45972,10
13.0012903214,80.256477356,45972,45982,10
13.0006999969,80.2564315796,45982,45992,10
13.0000200272,80.2563018799,45992,46013,21
13.0000200272,80.2563018799,46013,46023,10
12.9996595383,80.2562408447,46023,46033,10
12.9992799759,80.2562026978,46033,46043,10
12.9987096786,80.2561035156,46043,46063,20
12.9987096786,80.2561035156,46063,46073,10
12.9985599518,80.2559967041,46073,46083,10
12.9983196259,80.2559585571,46083,46094,11
12.9981803894,80.2559661865,46094,46104,10
12.9972400665,80.2559585571,46104,46154,50
12.9969797134,80.2559585571,46154,46185,31
12.9969797134,80.2559585571,46185,46195,10
12.9967298508,80.2559280396,46195,46205,10
12.9961900711,80.2559204102,46205,46215,10
12.9956197739,80.2559280396,46215,46225,10
12.9948997498,80.2558898926,46225,46235,10
12.9945697784,80.2559127808,46235,46246,11
12.9941501617,80.2559509277,46246,46256,10
12.993350029,80.2559509277,46256,46266,10
12.9922599792,80.2559585571,46266,46276,10
12.9912595749,80.2560577393,46276,46286,10
12.9902801514,80.2560119629,46286,46296,10
12.9893798828,80.2560119629,46296,46306,10
12.9885196686,80.2559127808,46306,46316,10
12.9879102707,80.2557907104,46316,46327,11
12.9872102737,80.2556915283,46327,46337,10
12.9868202209,80.2556381226,46337,46347,10
12.9862804413,80.255531311,46347,46367,20
12.9862804413,80.255531311,46367,46377,10
12.9861402512,80.2555007935,46377,46387,10
12.9856996536,80.2554397583,46387,46397,10
12.9849004745,80.255279541,46397,46408,11
12.9840202332,80.2550506592,46408,46418,10
12.9832601547,80.2548522949,46418,46428,10
12.9826402664,80.2546920776,46428,46438,10
12.982049942,80.2541275024,46438,46448,10
12.9818201065,80.2533187866,46448,46458,10
12.9814195633,80.252822876,46458,46468,10
12.9807596207,80.2528076172,46468,46478,10
12.9800796509,80.2528610229,46478,46489,11
12.97976017,80.2527618408,46489,46499,10
12.9791402817,80.2526779175,46499,46509,10
12.9785804749,80.2525634766,46509,46519,10
12.9783296585,80.2524108887,46519,46529,10
12.9781703949,80.252281189,46529,46539,10
12.9776601791,80.2518234253,46539,46549,10
12.9767398834,80.2512893677,46549,46559,10
12.9755001068,80.2509231567,46559,46570,11
12.9741096497,80.2505187988,46570,46580,10
12.972869873,80.2501831055,46580,46590,10
12.9715995789,80.2498168945,46590,46600,10
12.9702701569,80.2494125366,46600,46610,10
12.9690904617,80.2489471436,46610,46620,10
12.968000412,80.2484970093,46620,46630,10
12.9669904709,80.2480621338,46630,46640,10
12.9661598206,80.2476882935,46640,46651,11
12.9653301239,80.2473602295,46651,46661,10
12.9650402069,80.2472686768,46661,46671,10
12.9647798538,80.2471618652,46671,46681,10
12.9639701843,80.246887207,46681,46721,40
12.9639701843,80.246887207,46721,46732,11
12.9636497498,80.2468185425,46732,46742,10
12.9631595612,80.2465591431,46742,46752,10
12.9623603821,80.2461624146,46752,46762,10
12.961400032,80.2456665039,46762,46772,10
12.9603996277,80.2452011108,46772,46782,10
12.9595003128,80.2448272705,46782,46792,10
12.9593496323,80.2447433472,46792,46802,10
12.9588899612,80.2444992065,46802,46813,11
12.9581604004,80.244178772,46813,46823,10
12.9575901031,80.2439727783,46823,46833,10
12.956609726,80.2436218262,46833,46914,81
12.956609726,80.2436218262,46914,46924,10
12.9561300278,80.2435073853,46924,46934,10
12.955450058,80.2431716919,46934,46944,10
12.9545202255,80.2427520752,46944,46954,10
12.953379631,80.2422866821,46954,46965,11
12.9522304535,80.2418670654,46965,46975,10
12.9517002106,80.2416763306,46975,46985,10
12.9515895844,80.241607666,46985,46995,10
12.9510698318,80.2413635254,46995,47005,10
12.9503202438,80.2411804199,47005,47015,10
12.9492797852,80.2408828735,47015,47025,10
12.9483098984,80.2404632568,47025,47035,10
12.9473104477,80.2400817871,47035,47046,11
12.9470901489,80.2400131226,47046,47056,10
12.9469995499,80.2399597168,47056,47066,10
12.9464702606,80.239730835,47066,47076,10
12.9456796646,80.2393798828,47076,47086,10
12.9448299408,80.2387313843,47086,47096,10
12.9439601898,80.23777771,47096,47106,10
12.9430999756,80.2369613647,47106,47116,10
12.941860199,80.2363433838,47116,47127,11
12.9405899048,80.2360305786,47127,47137,10
12.9398002625,80.2357788086,47137,47147,10
12.9397802353,80.2357711792,47147,47157,10
12.9395399094,80.2356262207,47157,47167,10
12.9389200211,80.2353210449,47167,47177,10
12.9380502701,80.2349090576,47177,47187,10
12.9370803833,80.2344589233,47187,47197,10
12.9366798401,80.234336853,47197,47208,11
12.9360198975,80.2339782715,47208,47218,10
12.9356603622,80.2339401245,47218,47228,10
12.9355602264,80.2341995239,47228,47238,10
12.9353303909,80.2348480225,47238,47248,10
12.9351301193,80.2353515625,47248,47258,10
12.9349498749,80.2354202271,47258,47268,10
12.9347000122,80.2353210449,47268,47278,10
12.9341001511,80.2350616455,47278,47289,11
12.9338197708,80.2350997925,47289,47299,10
12.9336395264,80.2358016968,47299,47309,10
12.9334001541,80.2361602783,47309,47319,10
12.9332399368,80.2361526489,47319,47329,10
12.933139801,80.2361221313,47329,47339,10
12.9329595566,80.236328125,47339,47349,10
12.9327497482,80.2370529175,47349,47359,10
12.9326095581,80.2373504639,47359,47370,11
12.9323196411,80.2381362915,47370,47380,10
12.9321403503,80.2384872437,47380,47390,10
12.9317798615,80.2387008667,47390,47400,10
12.9311704636,80.2385177612,47400,47410,10
12.9311504364,80.2385025024,47410,47420,10
12.9308795929,80.2383575439,47420,47430,10
12.9302196503,80.2381286621,47430,47441,11
12.9295301437,80.2380828857,47441,47451,10
12.9294700623,80.2383499146,47451,47461,10
12.9293298721,80.2389068604,47461,47471,10
12.9289703369,80.2389602661,47471,47481,10
12.9284200668,80.2388305664,47481,47491,10
12.9284000397,80.238822937,47491,47501,10
12.9282798767,80.2387771606,47501,47511,10
12.9277200699,80.2386398315,47511,47522,11
12.9267501831,80.2384109497,47522,47532,10
12.9259595871,80.238243103,47532,47542,10
12.9256496429,80.2381286621,47542,47552,10
12.9257297516,80.238243103,47552,47572,20
12.9257297516,80.238243103,47572,47582,10
12.9260101318,80.2382202148,47582,47592,10
12.9267196655,80.2384109497,47592,47603,11
12.9276800156,80.2386398315,47603,47613,10
12.9281997681,80.2387771606,47613,47623,10
12.9284200668,80.2388534546,47623,47633,10
12.9290599823,80.2390213013,47633,47643,10
12.9293403625,80.238822937,47643,47653,10
12.9294700623,80.2383728027,47653,47663,10
12.9295701981,80.2380599976,47663,47673,10
12.9299201965,80.2380371094,47673,47684,11
12.9306402206,80.2382965088,47684,47694,10
12.9311599731,80.2385025024,47694,47704,10
12.9314203262,80.238609314,47704,47714,10
12.9320001602,80.2387619019,47714,47724,10
12.9322004318,80.2385101318,47724,47734,10
12.9323101044,80.2382736206,47734,47744,10
12.9325399399,80.2376937866,47744,47754,10
12.93268013,80.2372817993,47754,47765,11
12.9328603745,80.2368621826,47765,47775,10
12.932970047,80.2362365723,47775,47785,10
12.9332799911,80.2361679077,47785,47805,20
12.9332799911,80.2361679077,47805,47815,10
12.9334497452,80.2362136841,47815,47825,10
12.9335603714,80.236038208,47825,47835,10
12.9336900711,80.2355575562,47835,47846,11
12.9340000153,80.2350463867,47846,47856,10
12.9345397949,80.2352905273,47856,47866,10
12.9349603653,80.2354736328,47866,47876,10
12.9351100922,80.2353820801,47876,47886,10
12.9351902008,80.2351608276,47886,47896,10
12.9356203079,80.234161377,47896,47927,31
12.9356203079,80.234161377,47927,47937,10
12.9357004166,80.2339324951,47937,47947,10
12.9359502792,80.2338027954,47947,47957,10
12.9365196228,80.2340927124,47957,47967,10
12.9373598099,80.2344894409,47967,47977,10
12.9383401871,80.2349777222,47977,47987,10
12.9392795563,80.2354278564,47987,47998,11
12.9395999908,80.2356185913,47998,48008,10
12.9396800995,80.2356567383,48008,48018,10
12.9401102066,80.2358322144,48018,48028,10
12.9409399033,80.236076355,48028,48038,10
12.9420604706,80.2363586426,48038,48048,10
12.9432001114,80.2369384766,48048,48058,10
12.9440603256,80.2378234863,48058,48068,10
12.9450702667,80.238899231,48068,48079,11
12.9465198517,80.2397003174,48079,48089,10
12.9472398758,80.239982605,48089,48099,10
12.9473896027,80.2400512695,48099,48109,10
12.9479799271,80.2402801514,48109,48119,10
12.948679924,80.240562439,48119,48149,30
12.948679924,80.240562439,48149,48160,11
12.9491500854,80.2407302856,48160,48170,10
12.9499502182,80.2409667969,48170,48180,10
12.950920105,80.2412872314,48180,48190,10
12.9510202408,80.2413330078,48190,48200,10
12.9513397217,80.2414932251,48200,48210,10
12.9518299103,80.2416305542,48210,48220,10
12.9525604248,80.2418899536,48220,48230,10
12.9535503387,80.2422637939,48230,48241,11
12.9542503357,80.2425308228,48241,48251,10
12.9548597336,80.2427902222,48251,48261,10
12.9555797577,80.2430877686,48261,48271,10
12.9563102722,80.2433395386,48271,48291,20
12.9563102722,80.2433395386,48291,48301,10
12.9569597244,80.243637085,48301,48311,10
12.9578504562,80.2440414429,48311,48322,11
12.9588098526,80.2444000244,48322,48332,10
12.9588403702,80.2444381714,48332,48342,10
12.9590501785,80.2445907593,48342,48352,10
12.9596300125,80.2448425293,48352,48362,10
12.9605503082,80.2452392578,48362,48372,10
12.9614696503,80.2456665039,48372,48382,10
12.9623098373,80.2460708618,48382,48393,11
12.9633102417,80.2465896606,48393,48423,30
12.9633102417,80.2465896606,48423,48433,10
12.963549614,80.2467269897,48433,48443,10
12.9641304016,80.2469406128,48443,48453,10
12.9649496078,80.2472000122,48453,48463,10
12.966629982,80.2478103638,48463,48484,21
12.966629982,80.2478103638,48484,48494,10
12.9667797089,80.2478866577,48494,48504,10
12.9672403336,80.2481002808,48504,48514,10
12.9680595398,80.2484588623,48514,48524,10
12.9690904617,80.2488937378,48524,48534,10
12.9702596664,80.2493362427,48534,48544,10
12.9715299606,80.2497634888,48544,48555,11
12.9730501175,80.2501525879,48555,48565,10
12.974360466,80.2505264282,48565,48575,10
12.975520134,80.2508773804,48575,48585,10
12.9767799377,80.2512435913,48585,48595,10
12.9779596329,80.2519378662,48595,48605,10
12.9785003662,80.2523117065,48605,48615,10
12.9785804749,80.2523574829,48615,48625,10
12.9794998169,80.252571106,48625,48666,41
12.9794998169,80.252571106,48666,48676,10
12.979809761,80.2526321411,48676,48686,10
12.9804697037,80.2526397705,48686,48696,10
12.9813899994,80.2526168823,48696,48706,10
12.9825897217,80.2525787354,48706,48717,11
12.9840202332,80.2523193359,48717,48767,50
12.9840202332,80.2523193359,48767,48777,10
12.9842796326,80.2522201538,48777,48818,41
12.9842796326,80.2522201538,48818,48828,10
12.9848899841,80.2520599365,48828,48858,30
12.9848899841,80.2520599365,48858,48869,11
12.9850196838,80.2520370483,48869,48879,10
12.9854602814,80.2519073486,48879,48909,30
12.9854602814,80.2519073486,48909,48919,10
12.9858999252,80.2517776489,48919,48929,10
12.9863996506,80.2516784668,48929,48939,10
12.9871101379,80.2515029907,48939,48950,11
12.987739563,80.2513809204,48950,48960,10
12.9879398346,80.2518692017,48960,48970,10
12.9879703522,80.2526626587,48970,48980,10
12.9878797531,80.253692627,48980,48990,10
12.9878396988,80.2543716431,48990,49000,10
12.9878196716,80.2546005249,49000,49010,10
12.9878501892,80.2554092407,49010,49020,10
12.987830162,80.2557678223,49020,49031,11
12.9883003235,80.255859375,49031,49041,10
12.9886598587,80.255897522,49041,49051,10
12.9886703491,80.255897522,49051,49061,10
12.9888296127,80.2559280396,49061,49071,10
12.9893398285,80.2559661865,49071,49081,10
12.9899597168,80.2560806274,49081,49091,10
12.99036026,80.2559967041,49091,49101,10
12.9905996323,80.2559967041,49101,49112,11
12.9909896851,80.2560424805,49112,49122,10
12.9918203354,80.2560577393,49122,49132,10
12.9928197861,80.2559967041,49132,49142,10
12.9939002991,80.2558822632,49142,49152,10
12.9948997498,80.2558898926,49152,49162,10
12.9959602356,80.2558670044,49162,49172,10
12.9965696335,80.2558822632,49172,49182,10
12.9967403412,80.2558822632,49182,49193,11
12.9970598221,80.2558670044,49193,49203,10
12.9976396561,80.2558898926,49203,49213,10
12.9979600906,80.2559204102,49213,49223,10
12.9985303879,80.2560195923,49223,49253,30
12.9985303879,80.2560195923,49253,49263,10
12.9989995956,80.2561416626,49263,49284,21
12.9989995956,80.2561416626,49284,49294,10
12.9993095398,80.2561569214,49294,49324,30
12.9993095398,80.2561569214,49324,49334,10
12.9995098114,80.2561569214,49334,49344,10
12.9999399185,80.2562789917,49344,49355,11
13.0010204315,80.256439209,49355,49395,40
13.0010204315,80.256439209,49395,49405,10
13.001660347,80.2565765381,49405,49415,10
13.0023202896,80.2566986084,49415,49426,11
13.0029602051,80.2568206787,49426,49436,10
13.0035200119,80.256942749,49436,49446,10
13.0042104721,80.2570495605,49446,49456,10
13.0047197342,80.2571716309,49456,49466,10
13.0056400299,80.2573394775,49466,49507,41
13.0056400299,80.2573394775,49507,49517,10
13.0059204102,80.2573165894,49517,49527,10
13.0063400269,80.2574386597,49527,49537,10
13.0067501068,80.2577362061,49537,49547,10
13.0072698593,80.2584075928,49547,49557,10
13.008099556,80.2588272095,49557,49567,10
13.0084199905,80.2589797974,49567,49577,10
13.0086898804,80.2590866089,49577,49588,11
13.009519577,80.2590789795,49588,49598,10
13.0106401443,80.2591018677,49598,49608,10
13.0119199753,80.2591094971,49608,49618,10
13.0133495331,80.2591629028,49618,49628,10
13.0146799088,80.2591934204,49628,49638,10
13.0163202286,80.2596130371,49638,49658,20
13.0163202286,80.2596130371,49658,49669,11
13.0165700912,80.2598495483,49669,49679,10
13.01720047,80.2601699829,49679,49689,10
13.0180101395,80.2607803345,49689,49699,10
13.0186700821,80.2612915039,49699,49709,10
13.0190095901,80.2615737915,49709,49719,10
13.0193796158,80.2618637085,49719,49729,10
13.0197401047,80.2621765137,49729,49739,10
13.0203104019,80.2627792358,49739,49750,11
13.0198402405,80.2629776001,49750,49760,10
13.0192804337,80.2629394531,49760,49770,10
13.0190296173,80.2631378174,49770,49780,10
13.0191402435,80.2638702393,49780,49790,10
13.0191202164,80.2640380859,49790,49800,10
13.019109726,80.2644577026,49800,49810,10
13.018989563,80.2651367188,49810,49820,10
13.0188302994,80.2656402588,49820,49831,11
13.0187397003,80.2665100098,49831,49841,10
13.0190601349,80.2674407959,49841,49851,10
13.019659996,80.2681808472,49851,49861,10
13.0202102661,80.26902771,49861,49871,10
13.0205202103,80.2693481445,49871,49881,10
13.0206604004,80.2695465088,49881,49891,10
13.0207700729,80.2697219849,49891,49901,10
13.021030426,80.2699813843,49901,49912,11
13.0214500427,80.2704391479,49912,49922,10
13.0215196609,80.2705612183,49922,49932,10
13.0218601227,80.2709503174,49932,49942,10
13.0223903656,80.2716217041,49942,49952,10
13.0228796005,80.2722625732,49952,49962,10
13.0238399506,80.2735671997,49962,50003,41
13.0238399506,80.2735671997,50003,50013,10
13.0239095688,80.2737579346,50013,50023,10
13.0242500305,80.2741622925,50023,50033,10
13.0246601105,80.2745895386,50033,50043,10
13.0250701904,80.2748184204,50043,50053,10
13.0253200531,80.2749023438,50053,50064,11
13.0256004333,80.2750396729,50064,50074,10
13.0261697769,80.2752838135,50074,50084,10
13.0265197754,80.2754516602,50084,50094,10
13.0270204544,80.2757797241,50094,50104,10
13.0277700424,80.2760620117,50104,50114,10
13.0283203125,80.2762374878,50114,50124,10
13.0286397934,80.2764205933,50124,50134,10
13.0291795731,80.2766036987,50134,50145,11
13.0301303864,80.2768478394,50145,50155,10
13.0308599472,80.2772216797,50155,50165,10
13.031539917,80.2775421143,50165,50175,10
13.0326099396,80.2775115967,50175,50195,20
13.0326099396,80.2775115967,50195,50205,10
13.0330896378,80.2774505615,50205,50215,10
13.0335903168,80.2773895264,50215,50226,11
13.0342903137,80.2775421143,50226,50236,10
13.0349197388,80.2776412964,50236,50246,10
13.0355195999,80.2777633667,50246,50256,10
13.0361795425,80.2779006958,50256,50266,10
13.0368404388,80.2781219482,50266,50276,10
13.0371999741,80.2783203125,50276,50286,10
13.0378198624,80.2784805298,50286,50296,10
13.0386400223,80.2786636353,50296,50307,11
13.0389404297,80.2787780762,50307,50317,10
13.0392599106,80.2788772583,50317,50327,10
13.0399703979,80.2790679932,50327,50337,10
13.0409402847,80.2793197632,50337,50347,10
13.0420398712,80.2794799805,50347,50357,10
13.042889595,80.2795181274,50357,50367,10
13.0431804657,80.2795410156,50367,50377,10
13.0434703827,80.2796478271,50377,50388,11
13.0443096161,80.279876709,50388,50398,10
13.0453195572,80.2800216675,50398,50408,10
13.0457296371,80.2800827026,50408,50418,10
13.0461502075,80.2801437378,50418,50428,10
13.0469703674,80.2802734375,50428,50438,10
13.0480499268,80.280418396,50438,50448,10
13.0492696762,80.2806015015,50448,50458,10
13.050359726,80.2807617188,50458,50469,11
13.0515604019,80.2809371948,50469,50479,10
13.0528097153,80.2811431885,50479,50489,10
13.0540895462,80.2813415527,50489,50499,10
13.0553102493,80.2815704346,50499,50509,10
13.0560798645,80.2817230225,50509,50519,10
13.0564804077,80.2817764282,50519,50529,10
13.0565500259,80.2817993164,50529,50540,11
13.057100296,80.2819213867,50540,50550,10
13.0578804016,80.2820892334,50550,50560,10
13.0589103699,80.2823181152,50560,50570,10
13.0600996017,80.2825622559,50570,50580,10
13.0612602234,80.2827987671,50580,50590,10
13.0622901917,80.2829971313,50590,50600,10
13.0630397797,80.2831802368,50600,50621,21
13.0630397797,80.2831802368,50621,50631,10
13.0631904602,80.2832489014,50631,50641,10
13.0635700226,80.2833786011,50641,50651,10
13.0638999939,80.2834701538,50651,50661,10
13.0640802383,80.2835006714,50661,50671,10
13.0646495819,80.2835998535,50671,50681,10
13.0655002594,80.283782959,50681,50691,10
13.0665903091,80.2840118408,50691,50702,11
13.0678596497,80.2842407227,50702,50712,10
13.069029808,80.2844924927,50712,50722,10
13.0702199936,80.2847824097,50722,50732,10
13.0713796616,80.2850723267,50732,50742,10
13.0726203918,80.2852935791,50742,50752,10
13.0739898682,80.2856216431,50752,50772,20
13.0739898682,80.2856216431,50772,50783,11
13.0742301941,80.2859420776,50783,50793,10
13.0748195648,80.2863616943,50793,50803,10
13.0756196976,80.2868499756,50803,50813,10
13.0767002106,80.2871780396,50813,50823,10
13.0775899887,80.2874221802,50823,50833,10
13.0787801743,80.2877120972,50833,50843,10
13.0797700882,80.2880477905,50843,50853,10
13.0807199478,80.2882537842,50853,50864,11
13.0808200836,80.2882766724,50864,50874,10
13.0811004639,80.2883605957,50874,50884,10
13.0817203522,80.2885971069,50884,50894,10
13.0825500488,80.2889404297,50894,50904,10
13.0834598541,80.2891998291,50904,50914,10
13.0843801498,80.2891616821,50914,50924,10
13.0852203369,80.2892303467,50924,50934,10
13.0862998962,80.2894592285,50934,50945,11
13.0871801376,80.2897186279,50945,50955,10
13.0878896713,80.2900085449,50955,50965,10
13.0887098312,80.2900466919,50965,51005,40
13.0887098312,80.2900466919,51005,51016,11
13.0887203217,80.290397644,51016,51027,11
13.0882501602,80.2902069092,51027,51036,9
13.0876998901,80.2899475098,51036,51047,11
13.0869998932,80.2897415161,51047,51057,10
13.0864496231,80.2895736694,51057,51067,10
13.0860795975,80.2894821167,51067,51077,10
13.0857601166,80.2893829346,51077,51087,10
13.0854597092,80.2888870239,51087,51098,11
13.085149765,80.2880630493,51098,51108,10
13.0851402283,80.2871627808,51108,51118,10
13.0852298737,80.286239624,51118,51128,10
13.0853204727,80.2853469849,51128,51138,10
13.0853099823,80.2843780518,51138,51148,10
13.0853300095,80.2840270996,51148,51158,10
13.0853595734,80.2839508057,51158,51168,10
13.0853996277,80.2838668823,51168,51179,11
13.0854301453,80.283782959,51179,51189,10
13.0854797363,80.2836074829,51189,51199,10
13.0854797363,80.283416748,51199,51229,30
13.0854797363,80.283416748,51229,51239,10
13.0854301453,80.2832565308,51239,51249,10
13.0854797363,80.282913208,51249,51260,11
13.0854902267,80.2825469971,51260,51270,10
13.0855703354,80.2819900513,51270,51280,10
13.0856103897,80.2817306519,51280,51290,10
13.0856304169,80.2815933228,51290,51300,10
13.0856800079,80.2813415527,51300,51310,10
13.0857200623,80.2811813354,51310,51320,10
13.0857601166,80.2808380127,51320,51330,10
13.0856895447,80.2805633545,51330,51341,11
13.0855998993,80.2801132202,51341,51351,10
13.0853700638,80.2795181274,51351,51361,10
13.0847196579,80.279258728,51361,51371,10
13.0840597153,80.2791519165,51371,51381,10
13.083609581,80.2790374756,51381,51391,10
13.0829601288,80.2787475586,51391,51401,10
13.0824699402,80.2785415649,51401,51422,21
13.0824699402,80.2785415649,51422,51432,10
13.082449913,80.2785491943,51432,51442,10
13.0821199417,80.2784423828,51442,51452,10
13.0819196701,80.277961731,51452,51462,10
13.0818500519,80.2773895264,51462,51472,10
13.0817203522,80.2765426636,51472,51482,10
13.081700325,80.2763977051,51482,51493,11
13.0816898346,80.276260376,51493,51503,10
13.0816497803,80.2760772705,51503,51513,10
13.081609726,80.2759170532,51513,51523,10
13.081580162,80.2757797241,51523,51533,10
13.081580162,80.2756195068,51533,51543,10
13.0815496445,80.2754821777,51543,51552,9
13.081489563,80.275352478,51552,51563,11
13.0814199448,80.2751998901,51563,51574,11
13.0811004639,80.275177002,51574,51584,10
13.0804700851,80.2752609253,51584,51594,10
13.0796899796,80.2753219604,51594,51604,10
13.0788297653,80.2751617432,51604,51614,10
13.0782003403,80.2758102417,51614,51624,10
13.077460289,80.2762298584,51624,51634,10
13.0766897202,80.2762680054,51634,51644,10
13.0759801865,80.2762985229,51644,51655,11
13.0758800507,80.2759780884,51655,51665,10
13.0759401321,80.2756576538,51665,51675,10
13.0759296417,80.2754135132,51675,51725,50
13.0759296417,80.2754135132,51725,51736,11
13.0759496689,80.2749176025,51736,52214,478
13.0759496689,80.2749176025,52214,52224,10
13.0758895874,80.2747497559,52224,52234,10
13.0759601593,80.2752075195,52234,52244,10
13.076210022,80.2755966187,52244,52314,70
13.076210022,80.2755966187,52314,52329,15
13.0757198334,80.2757873535,52329,52349,20
13.0756902695,80.2756729126,52349,52359,10
13.0756998062,80.2756271362,52359,52369,10
13.0757198334,80.2756195068,52369,52379,10
13.075750351,80.2755966187,52379,52400,21
13.0757398605,80.2755966187,52400,53828,1428
13.0757398605,80.2755966187,53828,53839,11
13.0757904053,80.2758789063,53839,53879,40
13.0757904053,80.2758789063,53879,53889,10
13.0758800507,80.2761688232,53889,53899,10
13.0758104324,80.2763366699,53899,53909,10
13.0753898621,80.2763595581,53909,53920,11
13.0750398636,80.2763824463,53920,53930,10
13.0747203827,80.2763595581,53930,53940,10
13.074139595,80.2764205933,53940,53950,10
13.0741300583,80.2769012451,53950,53960,10
13.0747299194,80.2775115967,53960,53970,10
13.0754804611,80.2782897949,53970,53980,10
13.0762796402,80.2791671753,53980,53990,10
13.0770902634,80.2800216675,53990,54001,11
13.0779600143,80.2809371948,54001,54011,10
13.0786504745,80.2817001343,54011,54021,10
13.0793104172,80.2816619873,54021,54031,10
13.0799503326,80.2810516357,54031,54041,10
13.0807600021,80.2806930542,54041,54051,10
13.0820903778,80.2814865112,54051,54102,51
13.0820903778,80.2814865112,54102,54112,10
13.082110405,80.2816619873,54112,54122,10
13.0824804306,80.281867981,54122,54132,10
13.0832195282,80.2823181152,54132,54142,10
13.0840501785,80.2828369141,54142,54152,10
13.0846796036,80.2832794189,54152,54163,11
13.0851802826,80.283821106,54163,54173,10
13.0854797363,80.2835464478,54173,54183,10
13.0856895447,80.2835388184,54183,54193,10
13.0860004425,80.2835388184,54193,54203,10
13.0863199234,80.2836685181,54203,54213,10
13.0866203308,80.2838592529,54213,54264,51
13.0869398117,80.2839279175,54264,54294,30
13.0869398117,80.2839279175,54294,54304,10
13.087100029,80.2839508057,54304,54315,11
13.0877504349,80.2839202881,54315,54385,70
13.08796978,80.2839813232,54385,54446,61
13.08796978,80.2839813232,54446,54456,10
13.0881299973,80.2839813232,54456,54497,41
13.0881299973,80.2839813232,54497,54507,10
13.0882997513,80.2836914063,54507,54527,20
13.0882997513,80.2836914063,54527,54537,10
13.0883598328,80.2833404541,54537,54547,10
13.0883398056,80.2828979492,54547,54558,11
13.0882997513,80.2823791504,54558,54568,10
13.088259697,80.282119751,54568,54578,10
13.0881900787,80.2818374634,54578,54588,10
13.0880804062,80.2815170288,54588,54598,10
13.088139534,80.2814407349,54598,54608,10
13.0884199142,80.281539917,54608,54618,10
13.0884799957,80.2817001343,54618,54628,10
13.0884799957,80.2817306519,54628,54639,11
13.0884304047,80.282119751,54639,54649,10
13.0883703232,80.2823410034,54649,54659,10
13.0882797241,80.2828521729,54659,54679,20
13.0882797241,80.2828521729,54679,54689,10
13.0882101059,80.2831802368,54689,54699,10
13.0882396698,80.2833404541,54699,54710,11
13.0882701874,80.2835006714,54710,54720,10
13.0882701874,80.2836227417,54720,54730,10
13.0882997513,80.2840881348,54730,54740,10
13.0883398056,80.2849121094,54740,54841,101
13.0883398056,80.2849121094,54841,54851,10
13.0883903503,80.2851409912,54851,54861,10
13.0884103775,80.2855834961,54861,54872,11
13.0883998871,80.2859115601,54872,54882,10
13.0884199142,80.2863311768,54882,54892,10
13.0884399414,80.2866668701,54892,54902,10
13.088470459,80.2871780396,54902,54922,20
13.088470459,80.2871780396,54922,54932,10
13.0886001587,80.2879562378,54932,54942,10
13.0886602402,80.2884292603,54942,54953,11
13.0886802673,80.2887420654,54953,54963,10
13.0887002945,80.2892608643,54963,54973,10
13.0886898041,80.2892684937,54973,54983,10
13.0887203217,80.2895812988,54983,54993,10
13.0887203217,80.2897033691,54993,55003,10
13.0887203217,80.2899780273,55003,55044,41
13.0887203217,80.2899780273,55044,55054,10
13.0886898041,80.2901000977,55054,55064,10
13.0886697769,80.2903671265,55064,55074,10
13.0884199142,80.2903518677,55074,55083,9
13.0879201889,80.2900772095,55083,55094,11
13.0872602463,80.2897491455,55094,55105,11
13.086139679,80.2893829346,55105,55115,10
13.0851802826,80.2891616821,55115,55125,10
13.0840597153,80.2892227173,55125,55135,10
13.0831604004,80.2891998291,55135,55145,10
13.0822000504,80.2888717651,55145,55155,10
13.081199646,80.288520813,55155,55165,10
13.0803203583,80.2882614136,55165,55175,10
13.0801496506,80.2882080078,55175,55184,9
13.0798997879,80.2881469727,55184,55196,12
13.0790395737,80.2878875732,55196,55206,10
13.0780296326,80.2875289917,55206,55216,10
13.0768003464,80.2872390747,55216,55226,10
13.075510025,80.2868804932,55226,55236,10
13.0745601654,80.2862701416,55236,55246,10
13.0732297897,80.2858886719,55246,55256,10
13.0724496841,80.2854309082,55256,55267,11
13.0714797974,80.2851867676,55267,55277,10
13.0704402924,80.2849197388,55277,55287,10
13.0693998337,80.2846679688,55287,55297,10
13.0683603287,80.2844390869,55297,55307,10
13.0673999786,80.2842712402,55307,55317,10
13.0663204193,80.2840270996,55317,55327,10
13.0651903152,80.2837600708,55327,55337,10
13.0642795563,80.2835617065,55337,55348,11
13.0635995865,80.2833709717,55348,55358,10
13.0631198883,80.2832565308,55358,55368,10
13.0630397797,80.2832489014,55368,55378,10
13.0628595352,80.2831802368,55378,55388,10
13.0624198914,80.2830505371,55388,55398,10
13.0617904663,80.282913208,55398,55408,10
13.0613498688,80.2828216553,55408,55418,10
13.0608100891,80.282699585,55418,55429,11
13.0597600937,80.2824783325,55429,55439,10
13.058719635,80.2823028564,55439,55449,10
13.0578098297,80.282081604,55449,55459,10
13.0570001602,80.2819519043,55459,55469,10
13.05671978,80.2818984985,55469,55479,10
13.0562496185,80.2817993164,55479,55489,10
13.0554599762,80.2816085815,55489,55499,10
13.0545396805,80.2814102173,55499,55510,11
13.0532398224,80.2811813354,55510,55520,10
13.0519304276,80.28099823,55520,55530,10
13.0508804321,80.2808532715,55530,55540,10
13.0499801636,80.2807235718,55540,55550,10
13.0489501953,80.2805633545,55550,55560,10
13.0480804443,80.280456543,55560,55570,10
13.0472698212,80.2803421021,55570,55580,10
13.0464496613,80.2802505493,55580,55591,11
13.0458803177,80.2801589966,55591,55601,10
13.0456695557,80.2801132202,55601,55611,10
13.0449104309,80.2800064087,55611,55621,10
13.0439195633,80.2798995972,55621,55631,10
13.0432796478,80.279800415,55631,55641,10
13.0426702499,80.2796173096,55641,55651,10
13.0416898727,80.2794494629,55651,55662,11
13.0403604507,80.2791824341,55662,55672,10
13.0395097733,80.2789611816,55672,55682,10
13.0389604568,80.2788009644,55682,55692,10
13.0389499664,80.2788009644,55692,55702,10
13.0384597778,80.2786026001,55702,55712,10
13.0376195908,80.2783508301,55712,55722,10
13.0368003845,80.2780838013,55722,55732,10
13.0358800888,80.2778396606,55732,55743,11
13.0354099274,80.2777481079,55743,55753,10
13.0352697372,80.2777023315,55753,55766,13
13.0347604752,80.2776565552,55766,55776,10
13.0338602066,80.2774276733,55776,55786,10
13.0334396362,80.2773971558,55786,55796,10
13.0329198837,80.2775115967,55796,55806,10
13.03262043,80.2775192261,55806,55816,10
13.0322198868,80.277557373,55816,55827,11
13.0319004059,80.2776031494,55827,55838,11
13.0315198898,80.2776031494,55838,55847,9
13.03125,80.2774734497,55847,55858,11
13.03125,80.2774581909,55858,55868,10
13.0309095383,80.2772674561,55868,55878,10
13.0307998657,80.2771987915,55878,55888,10
13.0307302475,80.2771530151,55888,55898,10
13.0301599503,80.2768783569,55898,55909,11
13.029250145,80.2766265869,55909,55919,10
13.0285596848,80.2763900757,55919,55929,10
13.0278701782,80.2761001587,55929,55939,10
13.026889801,80.2756271362,55939,55949,10
13.025970459,80.2752380371,55949,55959,10
13.0253696442,80.2749786377,55959,55969,10
13.0250301361,80.2748031616,55969,55980,11
13.0244598389,80.2745132446,55980,55990,10
13.0242004395,80.2742462158,55990,56040,50
13.0242004395,80.2742462158,56040,56050,10
13.0239896774,80.273979187,56050,56061,11
13.0235595703,80.2733764648,56061,56071,10
13.0230998993,80.2727432251,56071,56081,10
13.0225095749,80.2719421387,56081,56091,10
13.0218000412,80.2710113525,56091,56101,10
13.021109581,80.2701797485,56101,56111,10
13.0209598541,80.2699966431,56111,56121,10
13.0208101273,80.2697906494,56121,56131,10
13.0204401016,80.2693099976,56131,56142,11
13.0198497772,80.2686233521,56142,56152,10
13.0193004608,80.2679901123,56152,56162,10
13.0187397003,80.2671585083,56162,56172,10
13.0186004639,80.2662200928,56172,56182,10
13.0186901093,80.2656402588,56182,56192,10
13.0188798904,80.2649688721,56192,56202,10
13.0190401077,80.2641220093,56202,56212,10
13.0189599991,80.2635421753,56212,56223,11
13.0188999176,80.2629013062,56223,56233,10
13.0187797546,80.2621078491,56233,56243,10
13.018529892,80.2612533569,56243,56253,10
13.0179195404,80.2608032227,56253,56263,10
13.0173797607,80.2604217529,56263,56273,10
13.0165901184,80.2599334717,56273,56283,10
13.015999794,80.2596282959,56283,56293,10
13.0158395767,80.2595672607,56293,56304,11
13.0151700974,80.2593612671,56304,56314,10
13.0143404007,80.2592773438,56314,56324,10
13.013250351,80.2592391968,56324,56334,10
13.0120000839,80.2591781616,56334,56344,10
13.0110797882,80.2591629028,56344,56354,10
13.0100603104,80.2591781616,56354,56364,10
13.0091199875,80.2591781616,56364,56374,10
13.0087499619,80.2591781616,56374,56385,11
13.0082902908,80.2592086792,56385,56395,10
13.0076599121,80.2593994141,56395,56405,10
13.0072603226,80.2588577271,56405,56415,10
13.0072202682,80.2587280273,56415,56425,10
13.0070199966,80.2583694458,56425,56435,10
13.0066099167,80.2576980591,56435,56445,10
13.005979538,80.2574768066,56445,56456,11
13.0051803589,80.257270813,56456,56466,10
13.0044603348,80.2571105957,56466,56476,10
13.0036201477,80.2569274902,56476,56486,10
13.002869606,80.2567901611,56486,56506,20
13.002869606,80.2567901611,56506,56516,10
13.0027503967,80.2567596436,56516,56526,10
13.0024595261,80.2566986084,56526,56537,11
13.0018396378,80.2565994263,56537,56547,10
13.0012397766,80.2565078735,56547,56557,10
13.0004997253,80.2563781738,56557,56567,10
13.0002603531,80.2563476563,56567,56577,10
13.0000200272,80.2563095093,56577,56587,10
12.9997196198,80.2562713623,56587,56597,10
12.9994497299,80.2562179565,56597,56607,10
12.9993600845,80.2561798096,56607,56618,11
12.9986095428,80.2560501099,56618,56648,30
12.9986095428,80.2560501099,56648,56658,10
12.9983196259,80.2560119629,56658,56668,10
12.9981603622,80.2560119629,56668,56678,10
12.9976797104,80.2559967041,56678,56688,10
12.996919632,80.2559509277,56688,56699,11
12.9964799881,80.2558898926,56699,56709,10
12.9960403442,80.2558670044,56709,56719,10
12.9958400726,80.255859375,56719,56729,10
12.9954996109,80.2559204102,56729,56739,10
12.9949102402,80.2559280396,56739,56749,10
12.9942598343,80.2559585571,56749,56759,10
12.9936704636,80.2559890747,56759,56769,10
12.9928197861,80.2560424805,56769,56780,11
12.9916095734,80.2560501099,56780,56790,10
12.9907798767,80.2560119629,56790,56800,10
12.9904699326,80.2559814453,56800,56810,10
12.9900302887,80.2559967041,56810,56820,10
12.9895401001,80.2559814453,56820,56830,10
12.9889602661,80.2559585571,56830,56840,10
12.9885702133,80.2558898926,56840,56850,10
12.9884500504,80.2558517456,56850,56861,11
12.9878997803,80.2557907104,56861,56952,91
12.9878997803,80.2557907104,56952,56962,10
12.987859726,80.2557983398,56962,56972,10
12.9875802994,80.2557525635,56972,56982,10
12.9871301651,80.2556686401,56982,56992,10
12.9865703583,80.2555923462,56992,57002,10
12.9861497879,80.2555084229,57002,57013,11
12.9860200882,80.2554779053,57013,57023,10
12.9856700897,80.2553863525,57023,57033,10
12.9850702286,80.255241394,57033,57043,10
12.9844903946,80.2551116943,57043,57053,10
12.9838600159,80.2549591064,57053,57063,10
12.9831399918,80.2547836304,57063,57073,10
12.9825897217,80.2546234131,57073,57083,10
12.9821300507,80.2543411255,57083,57094,11
12.9818296432,80.2536315918,57094,57104,10
12.9816102982,80.2529220581,57104,57114,10
12.9809598923,80.2527923584,57114,57124,10
12.9805002213,80.2527770996,57124,57144,20
12.9805002213,80.2527770996,57144,57154,10
12.9800195694,80.2527389526,57154,57164,10
12.97935009,80.2526626587,57164,57175,11
12.9786300659,80.2525634766,57175,57185,10
12.9785604477,80.252532959,57185,57195,10
12.9781398773,80.252243042,57195,57205,10
12.9774904251,80.2516708374,57205,57215,10
12.9764995575,80.2511978149,57215,57225,10
12.9757404327,80.2509765625,57225,57235,10
12.9748802185,80.2507629395,57235,57245,10
12.9737997055,80.2504577637,57245,57256,11
12.9724502563,80.2500915527,57256,57266,10
12.9710903168,80.2497329712,57266,57276,10
12.9697999954,80.2492980957,57276,57286,10
12.968629837,80.2488174438,57286,57296,10
12.9675302505,80.2483596802,57296,57306,10
12.9665603638,80.2479171753,57306,57316,10
12.9656801224,80.247543335,57316,57326,10
12.9653301239,80.2473907471,57326,57337,11
12.965259552,80.2473220825,57337,57347,10
12.9648704529,80.2471694946,57347,57357,10
12.9637203217,80.2468032837,57357,57377,20
12.9637203217,80.2468032837,57377,57387,10
12.9636001587,80.2467269897,57387,57397,10
12.9631500244,80.2464981079,57397,57407,10
12.9623203278,80.2461013794,57407,57418,11
12.9611797333,80.2455596924,57418,57428,10
12.959280014,80.2447662354,57428,57458,30
12.959280014,80.2447662354,57458,57468,10
12.958990097,80.2445831299,57468,57478,10
12.9583301544,80.2443084717,57478,57489,11
12.9575996399,80.2440567017,57489,57499,10
12.9566297531,80.2436294556,57499,57529,30
12.9566297531,80.2436294556,57529,57539,10
12.9561500549,80.2434921265,57539,57549,10
12.9554004669,80.2431564331,57549,57559,10
12.9544897079,80.2427368164,57559,57570,11
12.9534196854,80.2423095703,57570,57580,10
12.9523696899,80.2419128418,57580,57590,10
12.9516201019,80.2416687012,57590,57600,10
12.9515600204,80.2416381836,57600,57610,10
12.9514799118,80.2416000366,57610,57620,10
12.9510402679,80.2414398193,57620,57630,10
12.9502496719,80.2411880493,57630,57640,10
12.9494800568,80.2409515381,57640,57651,11
12.9490003586,80.2407913208,57651,57661,10
12.9489898682,80.2407836914,57661,57671,10
12.9489402771,80.2407608032,57671,57681,10
12.94851017,80.240562439,57681,57691,10
12.9477701187,80.2402496338,57691,57701,10
12.9470901489,80.2399902344,57701,57711,10
12.9468297958,80.2398986816,57711,57721,10
12.946680069,80.2398300171,57721,57732,11
12.9461202621,80.2395782471,57732,57742,10
12.9454202652,80.2392501831,57742,57752,10
12.9447402954,80.2386398315,57752,57762,10
12.9440202713,80.2378768921,57762,57772,10
12.9433403015,80.2371368408,57772,57782,10
12.9432096481,80.2370376587,57782,57792,10
12.9432001114,80.2370223999,57792,57802,10
12.9428195953,80.2367401123,57802,57813,11
12.9420003891,80.2363891602,57813,57823,10
12.9409999847,80.2361373901,57823,57833,10
12.9399299622,80.2358322144,57833,57843,10
12.9392700195,80.2355804443,57843,57853,10
12.939160347,80.2355194092,57853,57863,10
12.9385404587,80.2351837158,57863,57873,10
12.9377498627,80.2347869873,57873,57883,10
12.9367799759,80.2343215942,57883,57894,11
12.9358596802,80.2338867188,57894,57904,10
12.9356203079,80.2340393066,57904,57964,60
12.9356203079,80.2340393066,57964,57975,11
12.9356002808,80.2342224121,57975,57985,10
12.9353904724,80.234703064,57985,57995,10
12.9351902008,80.2352905273,57995,58005,10
12.9350996017,80.2354507446,58005,58015,10
12.9350204468,80.235458374,58015,58025,10
12.9348802567,80.2353897095,58025,58035,10
12.9344797134,80.2352218628,58035,58046,11
12.9339799881,80.2350006104,58046,58056,10
12.9337997437,80.2353210449,58056,58066,10
12.9336204529,80.2359619141,58066,58076,10
12.9335298538,80.2361984253,58076,58086,10
12.9332399368,80.2361602783,58086,58096,10
12.9331998825,80.2361373901,58096,58106,10
12.932970047,80.2361297607,58106,58116,10
12.9329099655,80.2365875244,58116,58127,11
12.9327096939,80.2371673584,58127,58137,10
12.9326000214,80.237487793,58137,58147,10
12.9323301315,80.2381896973,58147,58157,10
12.9321804047,80.2385482788,58157,58167,10
12.9319095612,80.2387771606,58167,58177,10
12.931189537,80.2385406494,58177,58208,31
12.931189537,80.2385406494,58208,58218,10
12.9310998917,80.2384796143,58218,58228,10
12.9307003021,80.2383499146,58228,58238,10
12.9300699234,80.2381134033,58238,58248,10
12.9295701981,80.2380371094,58248,58258,10
12.9295196533,80.2382583618,58258,58268,10
12.9293804169,80.2387695313,58268,58278,10
12.9292402267,80.2390136719,58278,58289,11
12.9284496307,80.2388381958,58289,58319,30
12.9284496307,80.2388381958,58319,58329,10
12.9281902313,80.2387466431,58329,58339,10
12.9275999069,80.238609314,58339,58349,10
12.9268198013,80.2384033203,58349,58359,10
12.9257097244,80.2382125854,58359,58380,21
12.9257097244,80.2382125854,58380,58390,10
12.9256000519,80.2382202148,58390,58400,10
12.925330162,80.2384567261,58400,58410,10
12.9247703552,80.238319397,58410,58420,10
12.9251003265,80.2382965088,58420,58765,345
12.9251003265,80.2382965088,58765,58775,10
12.9254102707,80.2384033203,58775,58785,10
12.9254198074,80.2384109497,58785,58795,10
12.9256401062,80.2383422852,58795,58805,10
12.9257297516,80.2382736206,58805,58815,10
12.9259595871,80.2382202148,58815,58825,10
12.9266004562,80.2384109497,58825,58836,11
12.927570343,80.2387390137,58836,58846,10
12.9280900955,80.2387771606,58846,58856,10
12.9280996323,80.2387771606,58856,58866,10
12.928319931,80.238861084,58866,58876,10
12.928850174,80.2389831543,58876,58886,10
12.9292697906,80.2389831543,58886,58896,10
12.9293804169,80.2386627197,58896,58906,10
12.9295301437,80.2381362915,58906,58917,11
12.9297704697,80.2379837036,58917,58927,10
12.9303398132,80.2381973267,58927,58937,10
12.931139946,80.2385101318,58937,58957,20
12.931139946,80.2385101318,58957,58967,10
12.9314098358,80.2386169434,58967,58977,10
12.9315795898,80.2386779785,58977,58987,10
12.9321098328,80.2387313843,58987,58998,11
12.9322004318,80.23853302,58998,59008,10
12.9323396683,80.2381210327,59008,59018,10
12.9326000214,80.2374801636,59018,59028,10
12.9327402115,80.2371368408,59028,59038,10
12.932970047,80.2361831665,59038,59068,30
12.932970047,80.2361831665,59068,59079,11
12.9330596924,80.2360916138,59079,59089,10
12.9331998825,80.2361373901,59089,59099,10
12.9334402084,80.2361984253,59099,59109,10
12.9335803986,80.2358703613,59109,59119,10
12.9337596893,80.2352600098,59119,59129,10
12.933930397,80.2349777222,59129,59139,10
12.9343900681,80.2351913452,59139,59149,10
12.9349403381,80.2354736328,59149,59160,11
12.9351396561,80.2353591919,59160,59170,10
12.935210228,80.2351074219,59170,59180,10
12.935500145,80.2344436646,59180,59190,10
12.9357299805,80.2339477539,59190,59200,10
12.9357404709,80.2339401245,59200,59210,10
12.935839653,80.2337722778,59210,59220,10
12.9362096786,80.2338867188,59220,59230,10
12.936920166,80.2342071533,59230,59241,11
12.9379997253,80.2347412109,59241,59251,10
12.9389200211,80.2351989746,59251,59261,10
12.9395799637,80.2355270386,59261,59271,10
12.9396095276,80.2355575562,59271,59281,10
12.9398403168,80.2356185913,59281,59291,10
12.9407997131,80.2359695435,59291,59300,9
12.941740036,80.2362289429,59300,59312,12
12.9430398941,80.2367477417,59312,59322,10
12.9439401627,80.2376098633,59322,59332,10
12.9448003769,80.238571167,59332,59342,10
12.9456796646,80.2393264771,59342,59352,10
12.9466495514,80.2397384644,59352,59363,11
12.9470701218,80.2398986816,59363,59373,10
12.9470796585,80.239906311,59373,59383,10
12.947259903,80.240020752,59383,59394,11
12.9479198456,80.2402572632,59394,59404,10
12.948220253,80.2404022217,59404,59414,10
12.948800087,80.2406387329,59414,59424,10
12.9495697021,80.2409286499,59424,59434,10
12.9503002167,80.2411193848,59434,59444,10
12.9507398605,80.2412490845,59444,59454,10
12.9509801865,80.241317749,59454,59464,10
12.9510803223,80.2413635254,59464,59475,11
12.951499939,80.2415390015,59475,59485,10
12.9521198273,80.2417526245,59485,59495,10
12.9530496597,80.2421112061,59495,59505,10
12.9541301727,80.2425079346,59505,59515,10
12.9549503326,80.2428207397,59515,59525,10
12.9557104111,80.2430877686,59525,59535,10
12.9562597275,80.2432632446,59535,59545,10
12.9563503265,80.2432785034,59545,59556,11
12.9568395615,80.2435073853,59556,59566,10
12.9576501846,80.2439498901,59566,59576,10
12.9586801529,80.2443466187,59576,59596,20
12.9586801529,80.2443466187,59596,59606,10
12.9590301514,80.2446212769,59606,59616,10
12.9592695236,80.244758606,59616,59626,10
12.9596700668,80.2449264526,59626,59637,11
12.960439682,80.2452468872,59637,59647,10
12.961350441,80.2456436157,59647,59657,10
12.9622802734,80.24609375,59657,59667,10
12.9633798599,80.246711731,59667,59707,40
12.9633798599,80.246711731,59707,59718,11
12.9635801315,80.2467727661,59718,59728,10
12.9641895294,80.2470016479,59728,59738,10
12.9649200439,80.247253418,59738,59748,10
12.9658498764,80.2475280762,59748,59758,10
12.9670200348,80.2480773926,59758,59778,20
12.9670200348,80.2480773926,59778,59789,11
12.9672803879,80.2481994629,59789,59799,10
12.9679403305,80.2484817505,59799,59809,10
12.9688196182,80.2488098145,59809,59819,10
12.9698400497,80.2492523193,59819,59829,10
12.9709196091,80.2496566772,59829,59839,10
12.9720802307,80.249961853,59839,59849,10
12.9732103348,80.2502593994,59849,59859,10
12.9741802216,80.2505264282,59859,59870,11
12.9753198624,80.2508468628,59870,59880,10
12.9764003754,80.251159668,59880,59890,10
12.9774398804,80.2515563965,59890,59900,10
12.9786100388,80.2524032593,59900,59920,20
12.9786100388,80.2524032593,59920,59930,10
12.9789199829,80.2525482178,59930,59940,10
12.9795303345,80.2526168823,59940,59951,11
12.980099678,80.2526626587,59951,59961,10
12.9806604385,80.2526779175,59961,59971,10
12.9814596176,80.2526473999,59971,59981,10
12.9824104309,80.2526168823,59981,59991,10
12.9831399918,80.2525405884,59991,60001,10
12.9832601547,80.252532959,60001,60011,10
12.983590126,80.2524871826,60011,60021,10
12.9841899872,80.2523498535,60021,60032,11
12.9848299026,80.252166748,60032,60042,10
12.9853601456,80.2520065308,60042,60052,10
12.9858703613,80.2518615723,60052,60062,10
12.9864301682,80.2517471313,60062,60072,10
12.986989975,80.2516098022,60072,60082,10
12.9877004623,80.2514190674,60082,60092,10
12.9879703522,80.251701355,60092,60102,10
12.9880599976,80.2521820068,60102,60113,11
12.9879798889,80.2529983521,60113,60123,10
12.9879198074,80.2538299561,60123,60133,10
12.9878997803,80.2543487549,60133,60143,10
12.9880199432,80.2544708252,60143,60153,10
12.9880695343,80.2544631958,60153,60163,10
12.9882698059,80.2546081543,60163,60173,10
12.9882602692,80.2551116943,60173,60183,10
12.9882097244,80.2556228638,60183,60194,11
12.988360405,80.255821228,60194,60204,10
12.9885196686,80.2558670044,60204,60214,10
12.9887199402,80.2558898926,60214,60224,10
12.9887399673,80.2558898926,60224,60234,10
12.9890098572,80.2559280396,60234,60244,10
12.9895801544,80.2559509277,60244,60254,10
12.9901599884,80.2559967041,60254,60264,10
12.9905996323,80.2560119629,60264,60275,11
12.9912996292,80.2560577393,60275,60285,10
12.9923200607,80.2561264038,60285,60295,10
12.9931898117,80.2560577393,60295,60305,10
12.9942703247,80.2559814453,60305,60356,51
12.9942703247,80.2559814453,60356,60366,10
12.9945201874,80.2560195923,60366,60376,10
12.9948396683,80.2559585571,60376,60386,10
12.995010376,80.2559509277,60386,60396,10
12.9952497482,80.2559127808,60396,60406,10
12.995759964,80.2559432983,60406,60437,31
12.995759964,80.2559432983,60437,60447,10
12.9959697723,80.2559661865,60447,60457,10
12.9964799881,80.2559509277,60457,60467,10
12.9970197678,80.2559280396,60467,60477,10
12.9975500107,80.2559585571,60477,60487,10
12.9981098175,80.2559204102,60487,60497,10
12.9990997314,80.256111145,60497,60558,61
12.9990997314,80.256111145,60558,60568,10
12.9993801117,80.2562179565,60568,60578,10
12.9998998642,80.2563323975,60578,60589,11
13.0006799698,80.2564620972,60589,60599,10
13.001540184,80.2565994263,60599,60609,10
13.0022802353,80.256690979,60609,60619,10
13.0027303696,80.2567672729,60619,60629,10
13.0030403137,80.2568206787,60629,60639,10
13.0034303665,80.2568893433,60639,60649,10
13.0039196014,80.256980896,60649,60659,10
13.0039796829,80.2570266724,60659,60670,11
13.0043697357,80.2570724487,60670,60680,10
13.0045404434,80.2571029663,60680,60690,10
13.0045795441,80.2571182251,60690,60700,10
13.0048398972,80.2572174072,60700,60710,10
13.0050096512,80.2572631836,60710,60720,10
13.0055398941,80.2573623657,60720,60730,10
13.005900383,80.2574234009,60730,60771,41
13.005900383,80.2574234009,60771,60781,10
13.0060796738,80.2573776245,60781,60791,10
13.0062799454,80.2574081421,60791,60801,10
13.0062999725,80.2574081421,60801,60811,10
13.0066604614,80.2575378418,60811,60822,11
13.0070104599,80.258102417,60822,60832,10
13.0076799393,80.258682251,60832,60842,10
13.0085000992,80.2589874268,60842,60852,10
13.0086097717,80.2590789795,60852,60862,10
13.0088996887,80.2591629028,60862,60872,10
13.0095701218,80.2591705322,60872,60882,10
13.0105199814,80.2591629028,60882,60892,10
13.0115699768,80.259147644,60892,60903,11
13.0128698349,80.2591705322,60903,60913,10
13.0141296387,80.2592086792,60913,60923,10
13.0153598785,80.2592773438,60923,60933,10
13.0163202286,80.2596588135,60933,60943,10
13.0165195465,80.2597732544,60943,60953,10
13.0166902542,80.2599182129,60953,60963,10
13.0171604156,80.2602233887,60963,60973,10
13.0178098679,80.2606582642,60973,60984,11
13.0186195374,80.2612380981,60984,60994,10
13.0192804337,80.2617874146,60994,61004,10
13.0199098587,80.2623596191,61004,61014,10
13.0204200745,80.2628936768,61014,61024,10
13.0202999115,80.2630310059,61024,61034,10
13.0199804306,80.2630233765,61034,61044,10
13.0193500519,80.2630004883,61044,61054,10
13.0190401077,80.2631835938,61054,61065,11
13.0191602707,80.263961792,61065,61075,10
13.019080162,80.2647628784,61075,61085,10
13.0188798904,80.2653808594,61085,61095,10
13.0187501907,80.2659835815,61095,61105,10
13.0188102722,80.2668762207,61105,61115,10
13.0191898346,80.2676010132,61115,61125,10
13.0200796127,80.268699646,61125,61135,10
13.0206403732,80.2694168091,61135,61146,11
13.0211601257,80.2700576782,61146,61156,10
13.0215196609,80.2704925537,61156,61166,10
13.0215997696,80.2706222534,61166,61176,10
13.0219402313,80.2710494995,61176,61186,10
13.0224399567,80.271697998,61186,61196,10
13.0230398178,80.2724990845,61196,61206,10
13.0234298706,80.2730331421,61206,61216,10
13.0238399506,80.2735671997,61216,61287,71
13.0238399506,80.2735671997,61287,61298,11
13.0239095688,80.2736968994,61298,61308,10
13.024189949,80.2740478516,61308,61328,20
13.024189949,80.2740478516,61328,61338,10
13.0242795944,80.2741775513,61338,61348,10
13.024310112,80.2742385864,61348,61358,10
13.0244998932,80.2744674683,61358,61379,21
13.0246801376,80.2746200562,61379,61419,40
13.0246801376,80.2746200562,61419,61429,10
13.0249595642,80.2748184204,61429,61449,20
13.0249595642,80.2748184204,61449,61460,11
13.0252799988,80.2749404907,61460,61480,20
13.0252799988,80.2749404907,61480,61490,10
13.0254402161,80.2750167847,61490,61500,10
13.0256004333,80.2750778198,61500,61510,10
13.0257501602,80.2751464844,61510,61611,101
13.0257501602,80.2751464844,61611,61622,11
13.025850296,80.2753677368,61622,61632,10
13.0257797241,80.2754592896,61632,61642,10
13.0254201889,80.2758102417,61642,61672,30
13.0254201889,80.2758102417,61672,61682,10
13.0251998901,80.2757034302,61682,61692,10
13.0246696472,80.2754364014,61692,61703,11
13.0241804123,80.2754135132,61703,61713,10
13.0238800049,80.2759094238,61713,61723,10
13.0236797333,80.2762374878,61723,61733,10
13.0234298706,80.2766494751,61733,61743,10
13.0229597092,80.2768707275,61743,61753,10
13.0224399567,80.2769470215,61753,61763,10
13.0222702026,80.2772827148,61763,61774,11
13.0222702026,80.2777175903,61774,61784,10
13.0224704742,80.2780227661,61784,61794,10
13.0228395462,80.2782669067,61794,61804,10
13.0233097076,80.2783813477,61804,61814,10
13.023730278,80.2784423828,61814,61824,10
13.0240001678,80.2784805298,61824,61834,10
13.0242099762,80.2785186768,61834,61844,10
13.0244102478,80.2785568237,61844,61855,11
13.0245304108,80.2785797119,61855,61865,10
13.024720192,80.2786026001,61865,61875,10
13.0249004364,80.2786331177,61875,61885,10
13.0251998901,80.2786636353,61885,61895,10
13.0255899429,80.2787399292,61895,61905,10
13.0258798599,80.2787780762,61905,61915,10
13.0263795853,80.2788467407,61915,61925,10
13.0266304016,80.2788772583,61925,61936,11
13.0269203186,80.2789230347,61936,61946,10
13.0274896622,80.2790298462,61946,61956,10
13.0280103683,80.279083252,61956,61966,10
13.0283498764,80.2791213989,61966,61976,10
13.0288200378,80.2791900635,61976,61986,10
13.029540062,80.2792816162,61986,61996,10
13.0299596786,80.2793197632,61996,62006,10
13.0306100845,80.2794036865,62006,62017,11
13.0314302444,80.2795028687,62017,62027,10
13.031829834,80.279548645,62027,62037,10
13.0324201584,80.2796096802,62037,62047,10
13.0330600739,80.2796783447,62047,62057,10
13.0330896378,80.2796936035,62057,62067,10
13.0332698822,80.2797317505,62067,62077,10
13.0338602066,80.279800415,62077,62087,10
13.0344600677,80.2798690796,62087,62098,11
13.0346698761,80.2798690796,62098,62108,10
13.0348596573,80.2799224854,62108,62118,10
13.0353097916,80.2799606323,62118,62128,10
13.0357398987,80.2800064087,62128,62138,10
13.0361204147,80.2800369263,62138,62148,10
13.0371103287,80.2801513672,62148,62239,91
13.0371103287,80.2801513672,62239,62250,11
13.0374202728,80.2801818848,62250,62260,10
13.0377197266,80.2802124023,62260,62300,40
13.0377197266,80.2802124023,62300,62310,10
13.0378799438,80.2802581787,62310,62320,10
13.0380001068,80.2802581787,62320,62351,31
13.0380001068,80.2802581787,62351,62361,10
13.0384597778,80.2802963257,62361,62371,10
13.0387296677,80.2803192139,62371,62381,10
13.0390501022,80.2801971436,62381,62391,10
13.0391302109,80.279876709,62391,62401,10
13.0391798019,80.2797012329,62401,62412,11
13.0392398834,80.2795562744,62412,62422,10
13.0392599106,80.2794799805,62422,62432,10
13.0392799377,80.2793426514,62432,62442,10
13.0393600464,80.2789611816,62442,62472,30
13.0393600464,80.2789611816,62472,62482,10
13.0396404266,80.2788772583,62482,62493,11
13.0403299332,80.2791137695,62493,62503,10
13.0411701202,80.2793426514,62503,62513,10
13.042140007,80.2795028687,62513,62523,10
13.0431804657,80.2796096802,62523,62533,10
13.0438804626,80.2798080444,62533,62543,10
13.0442895889,80.2798995972,62543,62553,10
13.0449104309,80.2799987793,62553,62563,10
13.04570961,80.2801132202,62563,62574,11
13.0458602905,80.280128479,62574,62584,10
13.0464200974,80.2802124023,62584,62594,10
13.0472698212,80.2803421021,62594,62604,10
13.0482597351,80.2804794312,62604,62614,10
13.0491895676,80.2806625366,62614,62624,10
13.0499000549,80.2807388306,62624,62634,10
13.0503396988,80.2807998657,62634,62645,11
13.0503902435,80.2808227539,62645,62655,10
13.0505695343,80.2808380127,62655,62665,10
13.0511798859,80.2809371948,62665,62675,10
13.0520801544,80.2810821533,62675,62685,10
13.0531797409,80.2812423706,62685,62695,10
13.0543899536,80.2814407349,62695,62705,10
13.0553302765,80.2816085815,62705,62715,10
13.0563201904,80.2817993164,62715,62726,11
13.0563802719,80.2818069458,62726,62736,10
13.0564603806,80.2818222046,62736,62746,10
13.0572395325,80.2819900513,62746,62766,20
13.0572395325,80.2819900513,62766,62776,10
13.0573596954,80.2820129395,62776,62786,10
13.0575504303,80.2820587158,62786,62796,10
13.0581502914,80.2821578979,62796,62807,11
13.0591802597,80.282371521,62807,62817,10
13.0603399277,80.2825927734,62817,62827,10
13.0615797043,80.2828216553,62827,62837,10
13.0626497269,80.2830505371,62837,62847,10
13.0631504059,80.2831802368,62847,62857,10
13.0631599426,80.2831878662,62857,62867,10
13.0633001328,80.2832717896,62867,62877,10
13.0638799667,80.2834014893,62877,62927,50
13.0638799667,80.2834014893,62927,62938,11
13.0642004013,80.2834701538,62938,62948,10
13.064909935,80.2836532593,62948,62958,10
13.0659303665,80.2838897705,62958,62969,11
13.0671796799,80.2841796875,62969,62979,10
13.0682201385,80.2843093872,62979,62989,10
13.0691795349,80.2845611572,62989,63000,11
13.0702800751,80.284828186,63000,63010,10
13.0719900131,80.2852630615,63010,63020,10
13.0733804703,80.2854003906,63020,63030,10
13.0741796494,80.2859191895,63030,63040,10
13.0751800537,80.2866287231,63040,63051,11
13.0763702393,80.2871398926,63051,63061,10
13.0777397156,80.2874984741,63061,63071,10
13.0790395737,80.2878799438,63071,63081,10
13.0801401138,80.2881698608,63081,63091,10
13.0808496475,80.2883377075,63091,63101,10
13.0808601379,80.2883377075,63101,63111,10
13.0811300278,80.2884597778,63111,63122,11
13.0818300247,80.2886962891,63122,63132,10
13.0826797485,80.2890625,63132,63142,10
13.0837001801,80.2892379761,63142,63152,10
13.0846700668,80.2892227173,63152,63162,10
13.0857601166,80.2892913818,63162,63172,10
13.0868196487,80.2895736694,63172,63182,10
13.086979866,80.289642334,63182,63192,10
13.0872001648,80.2897262573,63192,63203,11
13.0877399445,80.2899398804,63203,63213,10
13.0881795883,80.2901382446,63213,63273,60
13.0881795883,80.2901382446,63273,63284,11
13.0882997513,80.2901611328,63284,63294,10
13.088640213,80.2901611328,63294,63304,10
13.0888595581,80.2903213501,63304,63314,10
13.0885801315,80.2903671265,63314,63324,10
13.0879802704,80.2900772095,63324,63334,10
13.0870599747,80.2897262573,63334,63344,10
13.0861501694,80.2894973755,63344,63354,10
13.0856399536,80.2891616821,63354,63365,11
13.0852298737,80.2884216309,63365,63375,10
13.0851402283,80.2875137329,63375,63385,10
13.0852203369,80.2864990234,63385,63395,10
13.0853204727,80.2854232788,63395,63405,10
13.0853204727,80.2844772339,63405,63415,10
13.0853595734,80.2840194702,63415,63425,10
13.0854597092,80.283706665,63425,63435,10
13.0856704712,80.2835617065,63435,63446,11
13.0861597061,80.2835769653,63446,63456,10
13.0864696503,80.2837600708,63456,63466,10
13.0867099762,80.2839431763,63466,63476,10
13.0869102478,80.2840270996,63476,63486,10
13.0871801376,80.2840270996,63486,63496,10
13.0874900818,80.2840118408,63496,63547,51
13.0874900818,80.2840118408,63547,63557,10
13.0878000259,80.284072876,63557,63598,41
13.0878000259,80.284072876,63598,63608,10
13.0880002975,80.2841262817,63608,63780,172
13.0879802704,80.2838134766,63780,64418,638
13.0879802704,80.2838134766,64418,64428,10
13.0881099701,80.2840118408,64428,64509,81
13.0881099701,80.2840118408,64509,64519,10
13.088060379,80.2839126587,64519,64529,10
13.0881204605,80.2837219238,64529,64540,11
13.0881204605,80.2836990356,64540,64550,10
13.0883102417,80.283493042,64550,64560,10
13.0883302689,80.2831878662,64560,64570,10
13.0883398056,80.2828292847,64570,64580,10
13.0883598328,80.2825317383,64580,64590,10
13.0883197784,80.2823028564,64590,64600,10
13.0880899429,80.281578064,64600,64631,31
13.0880899429,80.281578064,64631,64641,10
13.0883302689,80.28150177,64641,64651,10
13.08852005,80.2819366455,64651,64692,41
13.08852005,80.2819366455,64692,64702,10
13.0884599686,80.2823486328,64702,64712,10
13.0884599686,80.2824707031,64712,64722,10
13.0883798599,80.2826690674,64722,64732,10
13.0883197784,80.2832336426,64732,64742,10
13.0883598328,80.2836990356,64742,64752,10
13.0883703232,80.2838592529,64752,64762,10
13.0883798599,80.284538269,64762,64773,11
13.0884399414,80.2854614258,64773,64783,10
13.0884599686,80.2858276367,64783,64793,10
13.0884599686,80.2863311768,64793,64803,10
13.0884599686,80.2865600586,64803,64813,10
13.0884799957,80.2869415283,64813,64823,10
13.08852005,80.2873916626,64823,64833,10
13.0885400772,80.2875900269,64833,64843,10
13.0885801315,80.2879562378,64843,64854,11
13.088640213,80.2884216309,64854,64864,10
13.0887002945,80.2886428833,64864,64874,10
13.0887403488,80.2889709473,64874,64914,40
13.0887403488,80.2889709473,64914,64924,10
13.0887098312,80.2893295288,64924,64935,11
13.0887002945,80.2896118164,64935,64945,10
13.0887203217,80.2898635864,64945,64955,10
13.088760376,80.2902374268,64955,64965,10
13.0887203217,80.2904815674,64965,64975,10
13.0883903503,80.2903671265,64975,64985,10
13.0878896713,80.2901000977,64985,64995,10
13.0871496201,80.2897567749,64995,65005,10
13.0859603882,80.2894134521,65005,65016,11
13.0848302841,80.2892684937,65016,65026,10
13.0838003159,80.2892913818,65026,65036,10
13.082909584,80.2892303467,65036,65046,10
13.0818099976,80.2887878418,65046,65056,10
13.0808200836,80.288482666,65056,65066,10
13.0805501938,80.2883682251,65066,65076,10
13.0802602768,80.2882232666,65076,65097,21
13.0802602768,80.2882232666,65097,65107,10
13.080039978,80.2881698608,65107,65117,10
13.0799703598,80.2881622314,65117,65127,10
13.0797796249,80.2881622314,65127,65137,10
13.0791301727,80.287979126,65137,65147,10
13.0781698227,80.2876281738,65147,65157,10
13.0770902634,80.2873535156,65157,65168,11
13.0758495331,80.2870330811,65168,65178,10
13.0748300552,80.2864608765,65178,65188,10
13.0739898682,80.2861480713,65188,65198,10
13.0737495422,80.2860870361,65198,65208,10
13.0733003616,80.2859573364,65208,65218,10
13.0725002289,80.2854766846,65218,65228,10
13.071680069,80.2852401733,65228,65237,9
13.0705299377,80.2849578857,65237,65249,12
13.0690898895,80.2846221924,65249,65259,10
13.0682296753,80.2844314575,65259,65269,10
13.0676002502,80.2843399048,65269,65279,10
13.0665597916,80.2841186523,65279,65289,10
13.0649204254,80.2837677002,65289,65309,20
13.0649204254,80.2837677002,65309,65319,10
13.0647296906,80.2837219238,65319,65330,11
13.0643997192,80.2836303711,65330,65340,10
13.0639600754,80.2835235596,65340,65350,10
13.0634002686,80.2833709717,65350,65360,10
13.0629196167,80.2832183838,65360,65370,10
13.0628795624,80.283203125,65370,65380,10
13.0628099442,80.2831878662,65380,65390,10
13.0624799728,80.2830963135,65390,65400,10
13.0617599487,80.2829284668,65400,65411,11
13.0611400604,80.2827911377,65411,65421,10
13.0605201721,80.2826766968,65421,65431,10
13.059709549,80.2824935913,65431,65441,10
13.0577602386,80.2821273804,65441,65471,30
13.0577602386,80.2821273804,65471,65481,10
13.0575199127,80.2820587158,65481,65492,11
13.0569896698,80.2819900513,65492,65502,10
13.0566797256,80.2819213867,65502,65512,10
13.0565700531,80.2818908691,65512,65522,10
13.0559902191,80.2817611694,65522,65532,10
13.055150032,80.281578064,65532,65542,10
13.0540599823,80.2813796997,65542,65552,10
13.0529098511,80.2811889648,65552,65563,11
13.0517101288,80.2810134888,65563,65573,10
13.0510196686,80.280921936,65573,65583,10
13.050359726,80.2808380127,65583,65593,10
13.0495901108,80.2807235718,65593,65603,10
13.0486698151,80.2805633545,65603,65613,10
13.0476703644,80.2804412842,65613,65623,10
13.0468997955,80.2803268433,65623,65633,10
13.0465097427,80.2802734375,65633,65644,11
13.0457801819,80.2801818848,65644,65654,10
13.0457401276,80.2801818848,65654,65664,10
13.0450496674,80.2800827026,65664,65684,20
13.0449304581,80.2800674438,65684,65704,20
13.0449304581,80.2800674438,65704,65714,10
13.0446395874,80.2800064087,65714,65725,11
13.0442199707,80.2799606323,65725,65735,10
13.0438098907,80.2799072266,65735,65755,20
13.0438098907,80.2799072266,65755,65765,10
13.0436401367,80.2798690796,65765,65775,10
13.0430498123,80.2797393799,65775,65785,10
13.0420999527,80.2795410156,65785,65795,10
13.0413398743,80.2794113159,65795,65806,11
13.0406999588,80.279258728,65806,65816,10
13.0397796631,80.2790222168,65816,65826,10
13.0391798019,80.2788619995,65826,65836,10
13.0390396118,80.2788696289,65836,65846,10
13.0388803482,80.2788009644,65846,65856,10
13.0382604599,80.2785797119,65856,65866,10
13.0374603271,80.2783584595,65866,65876,10
13.0366802216,80.2781219482,65876,65887,11
13.0358600616,80.2778625488,65887,65897,10
13.0350799561,80.2776794434,65897,65907,10
13.0343198776,80.2775497437,65907,65917,10
13.033949852,80.2774505615,65917,65927,10
13.0336704254,80.2773971558,65927,65937,10
13.0330896378,80.2775268555,65937,65947,10
13.0326595306,80.2775115967,65947,65957,10
13.0320596695,80.2775878906,65957,65968,11
13.0309400558,80.2772827148,65968,65988,20
13.0309400558,80.2772827148,65988,65998,10
13.0306797028,80.2771835327,65998,66008,10
13.0298700333,80.276802063,66008,66018,10
13.0290603638,80.2765579224,66018,66028,10
13.0283603668,80.2762680054,66028,66039,11
13.0277004242,80.2760009766,66039,66049,10
13.0270004272,80.2757415771,66049,66059,10
13.0262002945,80.2753372192,66059,66079,20
13.0262002945,80.2753372192,66079,66089,10
13.0260400772,80.2752685547,66089,66099,10
13.0258903503,80.2751998901,66099,66109,10
13.0253000259,80.2749481201,66109,66120,11
13.0244503021,80.274520874,66120,66130,10
13.0240697861,80.2741088867,66130,66180,50
13.0240697861,80.2741088867,66180,66190,10
13.0238895416,80.2738265991,66190,66201,11
13.0234298706,80.2732391357,66201,66211,10
13.0228395462,80.2724533081,66211,66221,10
13.0221004486,80.2714614868,66221,66231,10
13.0213699341,80.2705535889,66231,66241,10
13.0209302902,80.2700424194,66241,66251,10
13.0209102631,80.2700119019,66251,66261,10
13.0206403732,80.2696228027,66261,66271,10
13.0201301575,80.2690200806,66271,66282,11
13.0194301605,80.2682113647,66282,66292,10
13.018819809,80.2673721313,66292,66302,10
13.0185899734,80.2665328979,66302,66312,10
13.0186195374,80.2659072876,66312,66322,10
13.0187702179,80.2653198242,66322,66332,10
13.0190496445,80.2642822266,66332,66342,10
13.0189800262,80.2636566162,66342,66352,10
13.0188798904,80.2632293701,66352,66363,11
13.0188598633,80.263092041,66363,66373,10
13.0188302994,80.2628326416,66373,66383,10
13.0187196732,80.26222229,66383,66393,10
13.0186100006,80.2615814209,66393,66403,10
13.0181598663,80.2610702515,66403,66413,10
13.0175504684,80.2606430054,66413,66423,10
13.0167999268,80.2601470947,66423,66433,10
13.0160102844,80.2596969604,66433,66454,21
13.0160102844,80.2596969604,66454,66464,10
13.0156602859,80.2595367432,66464,66474,10
13.0149698257,80.2593612671,66474,66484,10
13.0141201019,80.2593231201,66484,66494,10
13.0130500793,80.259262085,66494,66504,10
13.0118198395,80.2592315674,66504,66515,11
13.0105304718,80.259262085,66515,66525,10
13.0096197128,80.2592773438,66525,66535,10
13.0092201233,80.2592697144,66535,66545,10
13.0088996887,80.259262085,66545,66555,10
13.0085401535,80.2592086792,66555,66565,10
13.0080795288,80.2592010498,66565,66576,11
13.0078697205,80.2592773438,66576,66586,10
13.0075798035,80.2593383789,66586,66597,11
13.0072803497,80.2588806152,66597,66607,10
13.0072402954,80.2587814331,66607,66618,11
13.0070800781,80.2584915161,66618,66628,10
13.0067596436,80.2579116821,66628,66638,10
13.0064001083,80.2576828003,66638,66648,10
13.0060596466,80.25756073,66648,66658,10
13.0057201385,80.2574920654,66658,66668,10
13.0052604675,80.2573928833,66668,66679,11
13.0044202805,80.2571563721,66679,66689,10
13.0040197372,80.2570877075,66689,66699,10
13.0038003922,80.2570419312,66699,66709,10
13.0035295486,80.2569732666,66709,66719,10
13.0031900406,80.2568969727,66719,66729,10
13.0029602051,80.2568588257,66729,66739,10
13.0025997162,80.2567977905,66739,66749,10
13.0021600723,80.256729126,66749,66820,71
13.0021600723,80.256729126,66820,66831,11
13.0016698837,80.2566299438,66831,66861,30
13.0016698837,80.2566299438,66861,66871,10
13.0013399124,80.2565994263,66871,66881,10
13.0007801056,80.2565383911,66881,66891,10
13.0001096725,80.2564315796,66891,66901,10
13.0,80.256401062,66901,66912,11
12.99958992,80.2562866211,66912,66922,10
12.9992904663,80.2562408447,66922,66932,10
12.99862957,80.2561416626,66932,66962,30
12.99862957,80.2561416626,66962,66972,10
12.9983596802,80.2560882568,66972,66982,10
12.9979696274,80.2560272217,66982,66993,11
12.9975595474,80.2559967041,66993,67023,30
12.9975595474,80.2559967041,67023,67033,10
12.9972600937,80.2559814453,67033,67043,10
12.9970703125,80.2559967041,67043,67053,10
12.9968500137,80.2560119629,67053,67063,10
12.9964895248,80.2559890747,67063,67074,11
12.9958200455,80.2559432983,67074,67084,10
12.9952898026,80.2559204102,67084,67094,10
12.9947099686,80.2559280396,67094,67104,10
12.9942398071,80.2559967041,67104,67114,10
12.9936800003,80.2560424805,67114,67124,10
12.9928798676,80.2560119629,67124,67134,10
12.991900444,80.2560119629,67134,67144,10
12.9911298752,80.2559585571,67144,67155,11
12.9904603958,80.2559890747,67155,67165,10
12.9897603989,80.2559967041,67165,67175,10
12.9890403748,80.2559967041,67175,67205,30
12.9890403748,80.2559967041,67205,67215,10
12.9887104034,80.2559814453,67215,67225,10
12.9884796143,80.2559585571,67225,67236,11
12.9881000519,80.2559204102,67236,67246,10
12.9877004623,80.2558822632,67246,67256,10
12.9873695374,80.2558288574,67256,67266,10
12.9870901108,80.2557830811,67266,67276,10
12.9868097305,80.2557373047,67276,67317,41
12.9868097305,80.2557373047,67317,67327,10
12.986410141,80.2556533813,67327,67337,10
12.9860897064,80.255569458,67337,67357,20
12.9860897064,80.255569458,67357,67367,10
12.9857797623,80.2555084229,67367,67377,10
12.9851903915,80.2553482056,67377,67388,11
12.9846696854,80.2552108765,67388,67418,30
12.9846696854,80.2552108765,67418,67428,10
12.9843597412,80.2551727295,67428,67438,10
12.9840402603,80.2550811768,67438,67448,10
12.9834804535,80.2549285889,67448,67458,10
12.9830703735,80.2547988892,67458,67469,11
12.9825401306,80.2546234131,67469,67479,10
12.9821195602,80.2543411255,67479,67489,10
12.9818601608,80.2537231445,67489,67499,10
12.9816904068,80.2530517578,67499,67509,10
12.981010437,80.2528533936,67509,67519,10
12.9805402756,80.2528533936,67519,67529,10
12.9799003601,80.2528381348,67529,67539,10
12.9793195724,80.2527389526,67539,67550,11
12.9786195755,80.2526321411,67550,67560,10
12.9786100388,80.2526321411,67560,67570,10
12.9784002304,80.2525024414,67570,67580,10
12.9778900146,80.2520980835,67580,67590,10
12.9771203995,80.2515029907,67590,67600,10
12.9760398865,80.251121521,67600,67610,10
12.9748096466,80.2507781982,67610,67620,10
12.9735298157,80.2504196167,67620,67631,11
12.9722003937,80.2500686646,67631,67641,10
12.9710798264,80.2497634888,67641,67651,10
12.9699401855,80.249382019,67651,67661,10
12.9689302444,80.2490234375,67661,67671,10
12.9679698944,80.2486190796,67671,67681,10
12.9671897888,80.2483062744,67681,67691,10
12.9666204453,80.2480316162,67691,67701,10
12.9658603668,80.2477035522,67701,67712,11
12.9652996063,80.2474594116,67712,67722,10
12.9651403427,80.2474212646,67722,67732,10
12.9649295807,80.2473373413,67732,67742,10
12.9642801285,80.2471237183,67742,67752,10
12.9635801315,80.2468566895,67752,67762,10
12.9627799988,80.2464370728,67762,67772,10
12.9617795944,80.2459411621,67772,67783,11
12.960729599,80.2454528809,67783,67793,10
12.9595098495,80.2449111938,67793,67813,20
12.9595098495,80.2449111938,67813,67823,10
12.9594898224,80.2448806763,67823,67833,10
12.9590797424,80.244720459,67833,67843,10
12.9583597183,80.2444076538,67843,67853,10
12.9577198029,80.244178772,67853,67864,11
12.9568595886,80.243888855,67864,67874,10
12.9563798904,80.2437210083,67874,67884,10
12.9560699463,80.2435836792,67884,67894,10
12.9554004669,80.2432098389,67894,67904,10
12.9546003342,80.2428512573,67904,67914,10
12.9540100098,80.2426223755,67914,67924,10
12.9537401199,80.2424697876,67924,67934,10
12.9530801773,80.2422027588,67934,67945,11
12.9521799088,80.2418823242,67945,67955,10
12.9516897202,80.2417526245,67955,67965,10
12.9516601563,80.2417297363,67965,67975,10
12.9515199661,80.2416687012,67975,67985,10
12.951259613,80.2415924072,67985,67995,10
12.9506702423,80.2413711548,67995,68005,10
12.9498796463,80.2411422729,68005,68015,10
12.9491300583,80.2408676147,68015,68026,11
12.9483299255,80.240562439,68026,68036,10
12.9475402832,80.2402496338,68036,68046,10
12.9470596313,80.2400588989,68046,68056,10
12.947019577,80.2400436401,68056,68066,10
12.9468898773,80.2400131226,68066,68076,10
12.9464101791,80.2398223877,68076,68086,10
12.9457302094,80.2395172119,68086,68096,10
12.9449596405,80.2389984131,68096,68107,11
12.9441299438,80.2381210327,68107,68117,10
12.9433698654,80.2372817993,68117,68127,10
12.9425296783,80.2366333008,68127,68137,10
12.9415502548,80.2363433838,68137,68147,10
12.9406204224,80.2361221313,68147,68157,10
12.9398298264,80.2358932495,68157,68177,20
12.9398298264,80.2358932495,68177,68188,11
12.9394197464,80.2356872559,68188,68198,10
12.9387998581,80.2353820801,68198,68208,10
12.9379901886,80.2349624634,68208,68218,10
12.9370698929,80.2345123291,68218,68228,10
12.9361600876,80.2340774536,68228,68238,10
12.9357500076,80.2339782715,68238,68248,10
12.9356603622,80.2340774536,68248,68259,11
12.9355802536,80.2342605591,68259,68269,10
12.9353704453,80.2348175049,68269,68279,10
12.9351396561,80.2354125977,68279,68289,10
12.934969902,80.2354888916,68289,68299,10
12.9347200394,80.2353820801,68299,68309,10
12.9341402054,80.2351303101,68309,68319,10
12.9340200424,80.2350769043,68319,68329,10
12.9338102341,80.2352828979,68329,68340,11
12.9336204529,80.2360229492,68340,68350,10
12.9332399368,80.2362136841,68350,68390,40
12.9332399368,80.2362136841,68390,68400,10
12.9329795837,80.2361526489,68400,68410,10
12.932849884,80.2367172241,68410,68431,21
12.932849884,80.2367172241,68431,68441,10
12.9327602386,80.2370681763,68441,68451,10
12.9326696396,80.2372817993,68451,68461,10
12.9324798584,80.23777771,68461,68471,10
12.9322395325,80.2384414673,68471,68481,10
12.9321403503,80.2386398315,68481,68491,10
12.9317598343,80.2387466431,68491,68502,11
12.9310903549,80.2385482788,68502,68532,30
12.9310903549,80.2385482788,68532,68542,10
12.9309196472,80.2384567261,68542,68552,10
12.930439949,80.2383117676,68552,68562,10
12.9297800064,80.2380599976,68562,68572,10
12.9295101166,80.2382125854,68572,68583,11
12.9293899536,80.2386016846,68583,68593,10
12.9292602539,80.2389984131,68593,68603,10
12.9289999008,80.2390365601,68603,68613,10
12.9284801483,80.2389221191,68613,68654,41
12.9283399582,80.2388763428,68654,68684,30
12.9283399582,80.2388763428,68684,68694,10
12.9281396866,80.238861084,68694,68704,10
12.9278297424,80.2387466431,68704,68714,10
12.927280426,80.2386169434,68714,68724,10
12.9265804291,80.2384490967,68724,68735,11
12.925860405,80.2382736206,68735,68755,20
12.925860405,80.2382736206,68755,68765,10
12.9255895615,80.2381591797,68765,68775,10
12.9252996445,80.2381668091,68775,68785,10
12.9248800278,80.2380599976,68785,68795,10
12.9250602722,80.23828125,68795,69018,223
12.9250602722,80.23828125,69018,69028,10
12.9254102707,80.2384414673,69028,69038,10
12.9257097244,80.2384185791,69038,69049,11
12.9259996414,80.2383422852,69049,69059,10
12.92648983,80.2384796143,69059,69069,10
12.9268703461,80.2385482788,69069,69079,10
12.9274501801,80.2386779785,69079,69089,10
12.9281301498,80.238861084,69089,69130,41
12.9281301498,80.238861084,69130,69140,10
12.9284200668,80.2389221191,69140,69150,10
12.9287204742,80.2389984131,69150,69160,10
12.9291000366,80.239112854,69160,69170,10
12.9293003082,80.2390289307,69170,69180,10
12.9293003082,80.2390213013,69180,69190,10
12.9294204712,80.2385864258,69190,69200,10
12.9295597076,80.2381591797,69200,69211,11
12.9298095703,80.2380523682,69211,69221,10
12.9302501678,80.2382507324,69221,69231,10
12.9310703278,80.2385635376,69231,69261,30
12.9310703278,80.2385635376,69261,69271,10
12.9312200546,80.2386627197,69271,69282,11
12.9314403534,80.2387390137,69282,69292,10
12.9318199158,80.2388534546,69292,69302,10
12.9321098328,80.2388381958,69302,69312,10
12.9322099686,80.2386016846,69312,69322,10
12.9322900772,80.2383422852,69322,69332,10
12.9324703217,80.2378768921,69332,69342,10
12.9326601028,80.2374267578,69342,69352,10
12.9327297211,80.237197876,69352,69363,11
12.9328804016,80.2367706299,69363,69373,10
12.9329299927,80.2363815308,69373,69383,10
12.9331197739,80.2362213135,69383,69413,30
12.9331197739,80.2362213135,69413,69423,10
12.9333896637,80.236289978,69423,69433,10
12.9334001541,80.236289978,69433,69444,11
12.9335098267,80.236289978,69444,69454,10
12.9335699081,80.2360916138,69454,69464,10
12.933719635,80.2355728149,69464,69474,10
12.933930397,80.2350769043,69474,69484,10
12.9342002869,80.2351989746,69484,69494,10
12.934709549,80.2354202271,69494,69504,10
12.9350004196,80.2355422974,69504,69514,10
12.9351501465,80.2354507446,69514,69525,11
12.9351902008,80.2351989746,69525,69535,10
12.9353904724,80.2346801758,69535,69545,10
12.9356803894,80.2340316772,69545,69575,30
12.9356803894,80.2340316772,69575,69585,10
12.9359397888,80.2337875366,69585,69595,10
12.9364595413,80.2340621948,69595,69606,11
12.9373197556,80.2344894409,69606,69616,10
12.9382896423,80.2349777222,69616,69626,10
12.9394302368,80.2355804443,69626,69646,20
12.9394302368,80.2355804443,69646,69656,10
12.9395399094,80.2356567383,69656,69666,10
12.9400701523,80.2359008789,69666,69676,10
12.9408903122,80.2361373901,69676,69687,11
12.9419002533,80.236366272,69687,69697,10
12.9428596497,80.2367401123,69697,69707,10
12.9436702728,80.2374191284,69707,69717,10
12.9444799423,80.2383117676,69717,69727,10
12.9453296661,80.2391967773,69727,69737,10
12.9464197159,80.2397384644,69737,69747,10
12.9470796585,80.2399902344,69747,69758,11
12.9471302032,80.240020752,69758,69768,10
12.9476203918,80.2402191162,69768,69778,10
12.9483699799,80.2405090332,69778,69788,10
12.9488201141,80.2406692505,69788,69879,91
12.9488201141,80.2406692505,69879,69889,10
12.9492301941,80.2408599854,69889,69899,10
12.9499397278,80.2410888672,69899,69909,10
12.9508495331,80.2413787842,69909,69920,11
12.9511499405,80.2414703369,69920,69930,10
12.9511804581,80.2414779663,69930,69940,10
12.9516201019,80.2416305542,69940,69950,10
12.9523696899,80.2419128418,69950,69960,10
12.9532499313,80.2422485352,69960,69970,10
12.9540901184,80.2425918579,69970,69980,10
12.9551401138,80.2429885864,69980,69990,10
12.955909729,80.2432785034,69990,70001,11
12.9563703537,80.2434387207,70001,70061,60
12.9563703537,80.2434387207,70061,70071,10
12.9569301605,80.2436523438,70071,70082,11
12.957859993,80.2440872192,70082,70092,10
12.9587697983,80.244468689,70092,70102,10
12.9587697983,80.244468689,70102,70112,10
12.9588699341,80.2445678711,70112,70122,10
12.9593095779,80.244758606,70122,70132,10
12.9600801468,80.2451019287,70132,70142,10
12.9610500336,80.2455368042,70142,70152,10
12.9621801376,80.2461013794,70152,70165,13
12.9632797241,80.2466278076,70165,70175,10
12.9643297195,80.2470932007,70175,70185,10
12.9651002884,80.2473678589,70185,70195,10
12.965959549,80.2476501465,70195,70205,10
12.9664096832,80.247833252,70205,70215,10
12.9664096832,80.2478179932,70215,70225,10
12.966509819,80.2478713989,70225,70236,11
12.9666404724,80.2479400635,70236,70246,10
12.9668598175,80.2480621338,70246,70256,10
12.96737957,80.248298645,70256,70266,10
12.9681797028,80.2486419678,70266,70276,10
12.9688796997,80.2489318848,70276,70286,10
12.9697704315,80.2492980957,70286,70296,10
12.9708299637,80.249710083,70296,70306,10
12.9719295502,80.2500076294,70306,70317,11
12.9731903076,80.2503433228,70317,70327,10
12.9743900299,80.2506637573,70327,70337,10
12.9755802155,80.2510070801,70337,70347,10
12.9767999649,80.2513275146,70347,70357,10
12.9777097702,80.2518234253,70357,70367,10
12.9783296585,80.2523117065,70367,70377,10
12.9784698486,80.2523880005,70377,70387,10
12.9785404205,80.2524337769,70387,70398,11
12.978890419,80.2525863647,70398,70408,10
12.9796495438,80.2527008057,70408,70418,10
12.9806203842,80.2527389526,70418,70428,10
12.9815196991,80.2527008057,70428,70438,10
12.9825201035,80.2526779175,70438,70448,10
12.9835796356,80.2525634766,70448,70458,10
12.984000206,80.252456665,70458,70712,254
12.984000206,80.252456665,70712,70722,10
12.984459877,80.2523422241,70722,70731,9
12.9850196838,80.2521896362,70731,70742,11
12.985250473,80.2521209717,70742,70752,10
12.9855604172,80.2520294189,70752,70762,10
12.9857501984,80.2519683838,70762,70772,10
12.9860296249,80.2518920898,70772,70782,10
12.9865503311,80.2517623901,70782,70793,11
12.9870500565,80.2516174316,70793,70803,10
12.9873895645,80.2515182495,70803,70813,10
12.9877004623,80.2514801025,70813,70823,10
12.987859726,80.2516403198,70823,70833,10
12.9879198074,80.2518920898,70833,70843,10
12.9879598618,80.2521820068,70843,70853,10
12.9879398346,80.2527389526,70853,70864,11
12.9878997803,80.2534103394,70864,70874,10
12.9878797531,80.2536392212,70874,70884,10
12.987859726,80.2537612915,70884,70894,10
12.987830162,80.2540817261,70894,70904,10
12.9878196716,80.2543563843,70904,70914,10
12.9877901077,80.2548980713,70914,70924,10
12.987739563,80.2552566528,70924,70934,10
12.9876899719,80.2556228638,70934,70945,11
12.9877996445,80.2558517456,70945,70955,10
12.9881601334,80.2558822632,70955,70965,10
12.9884195328,80.2559204102,70965,70975,10
12.9884300232,80.2559204102,70975,70985,10
12.9885501862,80.2559585571,70985,70995,10
12.9890699387,80.2560119629,70995,71005,10
12.9898500443,80.2560806274,71005,71015,10
12.9902496338,80.2560806274,71015,71026,11
12.99077034,80.2561035156,71026,71036,10
12.9913797379,80.2561416626,71036,71046,10
12.992099762,80.2561416626,71046,71056,10
12.992890358,80.2561264038,71056,71066,10
12.9935598373,80.2560806274,71066,71076,10
12.9941396713,80.2560577393,71076,71086,10
12.9947004318,80.2560119629,71086,71096,10
12.9953899384,80.2559814453,71096,71137,41
12.9953899384,80.2559814453,71137,71147,10
12.9955301285,80.2559967041,71147,71157,10
12.9957799911,80.2560119629,71157,71167,10
12.9961996078,80.2559967041,71167,71177,10
12.9967603683,80.2559890747,71177,71188,11
12.9972496033,80.2559967041,71188,71198,10
12.9977998734,80.2560272217,71198,71208,10
12.9984397888,80.2560806274,71208,71218,10
12.9988098145,80.2561264038,71218,71228,10
12.9989099503,80.2561416626,71228,71238,10
12.9989299774,80.2561416626,71238,71248,10
12.9989700317,80.2561416626,71248,71259,11
12.9992198944,80.256187439,71259,71269,10
12.9997396469,80.2562866211,71269,71279,10
13.0000801086,80.256362915,71279,71289,10
13.0008401871,80.2564926147,71289,71299,10
13.001540184,80.2566223145,71299,71309,10
13.0021696091,80.256729126,71309,71319,10
13.0026903152,80.2568283081,71319,71329,10
13.0032501221,80.256942749,71329,71340,11
13.003780365,80.2570419312,71340,71350,10
13.0043697357,80.2571563721,71350,71360,10
13.0053596497,80.2573165894,71360,71380,20
13.0053596497,80.2573165894,71380,71390,10
13.0054302216,80.2573013306,71390,71400,10
13.0057497025,80.2573928833,71400,71410,10
13.0062599182,80.2575073242,71410,71421,11
13.0068101883,80.257850647,71421,71431,10
13.0072002411,80.2584533691,71431,71441,10
13.007900238,80.2588424683,71441,71451,10
13.0081796646,80.258972168,71451,71461,10
13.008480072,80.2590789795,71461,71471,10
13.0089797974,80.2591705322,71471,71481,10
13.0096998215,80.2591781616,71481,71491,10
13.0107603073,80.2591781616,71491,71502,11
13.0121498108,80.2591781616,71502,71512,10
13.0135602951,80.2592391968,71512,71522,10
13.0148496628,80.2592926025,71522,71532,10
13.0159502029,80.2595367432,71532,71542,10
13.0162696838,80.2597198486,71542,71552,10
13.0164299011,80.2598266602,71552,71562,10
13.0168399811,80.2600784302,71562,71572,10
13.0175104141,80.2605285645,71572,71583,11
13.018289566,80.261100769,71583,71592,9
13.018819809,80.2615203857,71592,71603,11
13.0193595886,80.2619628906,71603,71613,10
13.0199203491,80.2624893188,71613,71623,10
13.0203399658,80.2630081177,71623,71633,10
13.0199298859,80.2630767822,71633,71643,10
13.0193395615,80.2630081177,71643,71653,10
13.0189800262,80.2631072998,71653,71664,11
13.0190696716,80.2638397217,71664,71674,10
13.018989563,80.264793396,71674,71684,10
13.018819809,80.2654418945,71684,71694,10
13.0186796188,80.2660598755,71694,71704,10
13.0187501907,80.2669906616,71704,71714,10
13.0192899704,80.2679214478,71714,71724,10
13.0199098587,80.268661499,71724,71735,11
13.0204696655,80.2693634033,71735,71745,10
13.0207195282,80.2696990967,71745,71755,10
13.0210599899,80.2700576782,71755,71765,10
13.0213804245,80.2704620361,71765,71775,10
13.0215997696,80.2707214355,71775,71785,10
13.0220499039,80.2712783813,71785,71795,10
13.0226297379,80.2720031738,71795,71805,10
13.0230398178,80.272567749,71805,71816,11
13.0234203339,80.2730865479,71816,71826,10
13.0236597061,80.2734375,71826,71836,10
13.0239601135,80.2738723755,71836,71846,10
13.0243301392,80.2743606567,71846,71856,10
13.0246400833,80.2746505737,71856,71866,10
13.0251197815,80.274887085,71866,71876,10
13.0252103806,80.2749176025,71876,71886,10
13.0257396698,80.2751617432,71886,71907,21
13.0257396698,80.2751617432,71907,71917,10
13.0259399414,80.2752838135,71917,71927,10
13.0265302658,80.2755584717,71927,71937,10
13.0273199081,80.275932312,71937,71947,10
13.0281801224,80.2762832642,71947,71957,10
13.028840065,80.2765426636,71957,71967,10
13.0296096802,80.2767562866,71967,71978,11
13.0302495956,80.2769622803,71978,71988,10
13.0307598114,80.2772369385,71988,71998,10
13.031370163,80.2776184082,71998,72008,10
13.0320196152,80.2776412964,72008,72018,10
13.0324897766,80.2775726318,72018,72028,10
13.0325202942,80.2775726318,72028,72038,10
13.0327596664,80.2775726318,72038,72048,10
13.0332698822,80.2774963379,72048,72059,11
13.0339899063,80.2775421143,72059,72069,10
13.0347299576,80.2776870728,72069,72079,10
13.0354003906,80.2778091431,72079,72089,10
13.0359601974,80.2779083252,72089,72099,10
13.0366001129,80.2780838013,72099,72109,10
13.0368995667,80.2781982422,72109,72119,10
13.0373401642,80.2783889771,72119,72150,31
13.0373401642,80.2783889771,72150,72160,10
13.037730217,80.2784729004,72160,72170,10
13.0382995605,80.2786331177,72170,72180,10
13.0388202667,80.2787628174,72180,72190,10
13.0390195847,80.2788619995,72190,72200,10
13.0394296646,80.2789764404,72200,72211,11
13.0402297974,80.2792129517,72211,72221,10
13.0410604477,80.2794189453,72221,72231,10
13.0418596268,80.2795410156,72231,72241,10
13.0425300598,80.2796173096,72241,72251,10
13.0430202484,80.2796401978,72251,72261,10
13.0435199738,80.2797698975,72261,72271,10
13.0440196991,80.2799224854,72271,72281,10
13.0444898605,80.2799987793,72281,72292,11
13.0452003479,80.2800979614,72292,72302,10
13.0454397202,80.280128479,72302,72312,10
13.0455102921,80.2801513672,72312,72322,10
13.0458602905,80.2802124023,72322,72332,10
13.0464200974,80.2802734375,72332,72342,10
13.0472202301,80.2804031372,72342,72352,10
13.0482597351,80.2805480957,72352,72362,10
13.0494003296,80.2806930542,72362,72373,11
13.0505399704,80.2808609009,72373,72383,10
13.0515699387,80.2810211182,72383,72393,10
13.0525302887,80.2811584473,72393,72403,10
13.0535202026,80.2813110352,72403,72413,10
13.0543298721,80.2814483643,72413,72423,10
13.0549402237,80.2815628052,72423,72433,10
13.0557098389,80.2817230225,72433,72443,10
13.0558996201,80.2817611694,72443,72454,11
13.0563097,80.2818527222,72454,72464,10
13.0564002991,80.281867981,72464,72474,10
13.0567598343,80.2819366455,72474,72484,10
13.0572595596,80.282043457,72484,72504,20
13.0572595596,80.282043457,72504,72514,10
13.0573396683,80.2820587158,72514,72524,10
13.0578203201,80.2821731567,72524,72535,11
13.0586900711,80.2823486328,72535,72545,10
13.0597000122,80.2825698853,72545,72555,10
13.0608100891,80.2827911377,72555,72565,10
13.0619802475,80.2830200195,72565,72575,10
13.0629701614,80.2832336426,72575,72585,10
13.0630903244,80.2832565308,72585,72595,10
13.063249588,80.2833099365,72595,72605,10
13.0633897781,80.2833633423,72605,72616,11
13.0640001297,80.2835235596,72616,72626,10
13.0645904541,80.2836608887,72626,72636,10
13.0653400421,80.283821106,72636,72646,10
13.0663700104,80.2840499878,72646,72656,10
13.0673599243,80.2842636108,72656,72666,10
13.0681295395,80.2843780518,72666,72676,10
13.0689296722,80.2845687866,72676,72687,11
13.0699300766,80.2848205566,72687,72697,10
13.0709400177,80.2850570679,72697,72707,10
13.0718698502,80.2852478027,72707,72717,10
13.0726995468,80.2853393555,72717,72727,10
13.0733995438,80.2852783203,72727,72737,10
13.0736703873,80.285369873,72737,72747,10
13.0739803314,80.2857208252,72747,72757,10
13.0743398666,80.2861480713,72757,72768,11
13.0749597549,80.2865829468,72768,72778,10
13.0751800537,80.2867202759,72778,72788,10
13.0753898621,80.2868499756,72788,72798,10
13.0759601593,80.287109375,72798,72808,10
13.076880455,80.2873382568,72808,72818,10
13.07791996,80.287612915,72818,72828,10
13.0788698196,80.2878799438,72828,72838,10
13.0796003342,80.2881774902,72838,72849,11
13.0800600052,80.2882385254,72849,72859,10
13.0803699493,80.2882995605,72859,72869,10
13.0808000565,80.2883987427,72869,72879,10
13.0810003281,80.2884521484,72879,72888,9
13.0815000534,80.2886428833,72888,72899,11
13.0823802948,80.2889709473,72899,72909,10
13.0832901001,80.2892913818,72909,72919,10
13.0841398239,80.2892837524,72919,72930,11
13.0852203369,80.2892227173,72930,72940,10
13.0864095688,80.2894973755,72940,72950,10
13.0873804092,80.2898330688,72950,72960,10
13.0880002975,80.2901000977,72960,72970,10
13.0883798599,80.2902374268,72970,73031,61
13.0885295868,80.2902832031,73031,73203,172
13.0885295868,80.2902832031,73203,73213,10
13.0886697769,80.2905273438,73213,73223,10
13.0881299973,80.2902832031,73223,73233,10
13.0874300003,80.2899780273,73233,73244,11
13.0867395401,80.2897567749,73244,73254,10
13.086230278,80.2896194458,73254,73264,10
13.0856800079,80.2894287109,73264,73274,10
13.0853395462,80.2888412476,73274,73284,10
13.0850801468,80.287940979,73284,73294,10
13.0851402283,80.286781311,73294,73304,10
13.0852403641,80.2857818604,73304,73314,10
13.0853099823,80.284866333,73314,73325,11
13.0852499008,80.2844314575,73325,73335,10
13.0851898193,80.2843322754,73335,73345,10
13.0852203369,80.2841186523,73345,73355,10
13.0853700638,80.2837982178,73355,73365,10
13.0854701996,80.2835769653,73365,73375,10
13.0857801437,80.2835693359,73375,73385,10
13.0861196518,80.2835922241,73385,73395,10
13.0864295959,80.283821106,73395,73406,11
13.0867900848,80.283996582,73406,73416,10
13.0871200562,80.2839813232,73416,73436,20
13.0871200562,80.2839813232,73436,73446,10
13.0872602463,80.2840118408,73446,73456,10
13.0877399445,80.283996582,73456,73892,436
13.0879402161,80.283996582,73892,74530,638
13.0879402161,80.283996582,74530,74540,10
13.0881204605,80.2836074829,74540,74560,20
13.0881204605,80.2836074829,74560,74571,11
13.0882797241,80.2834396362,74571,74581,10
13.0882396698,80.2829284668,74581,74591,10
13.0882396698,80.282661438,74591,74601,10
13.0882396698,80.2825164795,74601,74611,10
13.0882101059,80.2822799683,74611,74621,10
13.088139534,80.2819213867,74621,74631,10
13.0880098343,80.2816696167,74631,74641,10
13.0880203247,80.2814407349,74641,74652,11
13.0881500244,80.2814483643,74652,74662,10
13.0884304047,80.2816314697,74662,74672,10
13.088350296,80.282371521,74672,74692,20
13.088350296,80.282371521,74692,74702,10
13.0882902145,80.282699585,74702,74712,10
13.088259697,80.2830276489,74712,74722,10
13.0882701874,80.2836837769,74722,74733,11
13.0882997513,80.2843093872,74733,74743,10
13.0883598328,80.2849197388,74743,74793,50
13.0883598328,80.2849197388,74793,74803,10
13.0883998871,80.2852325439,74803,74814,11
13.0884199142,80.2856674194,74814,74824,10
13.0884199142,80.2860412598,74824,74834,10
13.0884304047,80.2864379883,74834,74844,10
13.0884399414,80.2866973877,74844,74854,10
13.0884504318,80.2872314453,74854,74864,10
13.0884799957,80.2875518799,74864,74874,10
13.0885095596,80.2878265381,74874,74885,11
13.0885896683,80.2884979248,74885,74895,10
13.0886297226,80.2887496948,74895,74905,10
13.0886898041,80.2893218994,74905,74915,10
13.0887804031,80.290222168,74915,74966,51
13.0887804031,80.290222168,74966,74976,10
13.0886497498,80.2905197144,74976,74986,10
13.0884103775,80.2904815674,74986,74996,10
13.0878896713,80.290222168,74996,75006,10
13.0870895386,80.2898178101,75006,75016,10
13.086139679,80.2894973755,75016,75026,10
13.0852499008,80.2893295288,75026,75036,10
13.0844497681,80.2892837524,75036,75047,11
13.0836000443,80.2893218994,75047,75057,10
13.0827903748,80.2892303467,75057,75067,10
13.0820503235,80.2889099121,75067,75077,10
13.0812196732,80.2885971069,75077,75087,10
13.0803804398,80.2883377075,75087,75097,10
13.0794496536,80.2881469727,75097,75107,10
13.0784502029,80.2877578735,75107,75117,10
13.0772399902,80.287437439,75117,75128,11
13.0758399963,80.2870407104,75128,75138,10
13.0750598907,80.2866516113,75138,75148,10
13.0741901398,80.2861633301,75148,75158,10
13.0730695724,80.2858810425,75158,75168,10
13.0721797943,80.2854232788,75168,75178,10
13.0707397461,80.2850570679,75178,75188,10
13.0695199966,80.2847671509,75188,75198,10
13.0684499741,80.2845306396,75198,75209,11
13.0673999786,80.2843322754,75209,75219,10
13.0662298203,80.2840805054,75219,75229,10
13.0650701523,80.2837982178,75229,75239,10
13.0642004013,80.2836074829,75239,75249,10
13.0635299683,80.283416748,75249,75259,10
13.0625495911,80.2831802368,75259,75280,21
13.0625495911,80.2831802368,75280,75290,10
13.0621700287,80.2830810547,75290,75300,10
13.0614795685,80.2829437256,75300,75310,10
13.0605602264,80.2827529907,75310,75320,10
13.0595598221,80.2825469971,75320,75330,10
13.0584201813,80.282333374,75330,75340,10
13.0579395294,80.2822265625,75340,75350,10
13.0576200485,80.2821731567,75350,75361,11
13.057559967,80.2821578979,75361,75371,10
13.0570898056,80.2820510864,75371,75381,10
13.0567302704,80.2819824219,75381,75391,10
13.0565595627,80.2819519043,75391,75401,10
13.0559301376,80.2818069458,75401,75411,10
13.054980278,80.2816085815,75411,75421,10
13.0539598465,80.2813873291,75421,75431,10
13.052980423,80.28125,75431,75442,11
13.0519199371,80.2810897827,75442,75452,10
13.0508203506,80.2809371948,75452,75462,10
13.0498504639,80.2807998657,75462,75472,10
13.0487203598,80.2806091309,75472,75482,10
13.0477800369,80.2804718018,75482,75492,10
13.0464801788,80.2802810669,75492,75502,10
13.0457296371,80.2801971436,75502,75512,10
13.0456104279,80.2801818848,75512,75523,11
13.0451898575,80.2801437378,75523,75533,10
13.0444602966,80.2800369263,75533,75543,10
13.043970108,80.2799682617,75543,75553,10
13.0437402725,80.2799301147,75553,75563,10
13.0434904099,80.2798995972,75563,75573,10
13.0430002213,80.2797927856,75573,75583,10
13.0420999527,80.2796020508,75583,75593,10
13.0411396027,80.2794189453,75593,75604,11
13.0401096344,80.2791900635,75604,75614,10
13.0391197205,80.2789230347,75614,75634,20
13.0391197205,80.2789230347,75634,75644,10
13.0389099121,80.2788391113,75644,75654,10
13.0384197235,80.2786636353,75654,75664,10
13.0376796722,80.278427124,75664,75674,10
13.0373897552,80.2783508301,75674,75685,11
13.0369100571,80.2782211304,75685,75695,10
13.0363302231,80.2779998779,75695,75705,10
13.0357503891,80.2779006958,75705,75715,10
13.0351400375,80.2777862549,75715,75725,10
13.034529686,80.2777023315,75725,75735,10
13.034119606,80.2775802612,75735,75745,10
13.0335998535,80.2774810791,75745,75756,11
13.0329704285,80.2776184082,75756,75766,10
13.0322704315,80.2776412964,75766,75776,10
13.0314903259,80.2776870728,75776,75786,10
13.0310001373,80.2774124146,75786,75796,10
13.0308103561,80.2772827148,75796,75806,10
13.0304098129,80.2770690918,75806,75816,10
13.0298204422,80.276802063,75816,75826,10
13.0291795731,80.2766723633,75826,75837,11
13.0286598206,80.2764587402,75837,75847,10
13.0283498764,80.2763214111,75847,75857,10
13.0276403427,80.2760162354,75857,75867,10
13.0267095566,80.2756500244,75867,75877,10
13.0260696411,80.2753295898,75877,75887,10
13.0259399414,80.2752532959,75887,75897,10
13.0256500244,80.2750778198,75897,75907,10
13.0250301361,80.2747802734,75907,75918,11
13.0240602493,80.2740783691,75918,75958,40
13.0240602493,80.2740783691,75958,75968,10
13.0239200592,80.2738800049,75968,75978,10
13.0235500336,80.2733383179,75978,75988,10
13.0229597092,80.2726211548,75988,75999,11
13.0221300125,80.2715606689,75999,76009,10
13.0214004517,80.2706069946,76009,76019,10
13.0207796097,80.2699203491,76019,76029,10
13.0207395554,80.26978302,76029,76039,10
13.0205097198,80.2694091797,76039,76049,10
13.0200099945,80.2688064575,76049,76059,10
13.019490242,80.2681427002,76059,76069,10
13.0188999176,80.2674407959,76069,76080,11
13.0185604095,80.2665100098,76080,76090,10
13.0185604095,80.265953064,76090,76100,10
13.0187397003,80.2652435303,76100,76110,10
13.0189695358,80.2644119263,76110,76120,10
13.0189399719,80.2637176514,76120,76129,9
13.0189199448,80.2633972168,76129,76140,11
13.0188398361,80.2628326416,76140,76150,10
13.0186901093,80.2619171143,76150,76161,11
13.0183801651,80.2611923218,76161,76172,11
13.017780304,80.2607727051,76172,76182,10
13.0168800354,80.2601623535,76182,76192,10
13.0162401199,80.2597579956,76192,76202,10
13.0161504745,80.2597122192,76202,76212,10
13.0159902573,80.2595977783,76212,76222,10
13.0154304504,80.2593917847,76222,76233,11
13.0145196915,80.2592697144,76233,76243,10
13.0134801865,80.2592315674,76243,76253,10
13.0124597549,80.2592163086,76253,76263,10
13.0115003586,80.2592163086,76263,76273,10
13.0105800629,80.2592315674,76273,76283,10
13.0097799301,80.2592468262,76283,76293,10
13.0088195801,80.2592697144,76293,76303,10
13.0086202621,80.2592163086,76303,76314,11
13.0080404282,80.2592391968,76314,76324,10
13.0073699951,80.2593383789,76324,76334,10
13.0072402954,80.2590408325,76334,76344,10
13.0071802139,80.2587814331,76344,76354,10
13.0068798065,80.2582778931,76354,76364,10
13.0064496994,80.2576980591,76364,76374,10
13.0057296753,80.2574386597,76374,76384,10
13.004940033,80.2572402954,76384,76395,11
13.0040502548,80.2570571899,76395,76405,10
13.0033903122,80.2569274902,76405,76415,10
13.002989769,80.2568511963,76415,76425,10
13.0024204254,80.2567596436,76425,76435,10
13.0016202927,80.2566375732,76435,76506,71
13.0016202927,80.2566375732,76506,76516,10
13.0012702942,80.2565383911,76516,76526,10
13.0007095337,80.2564315796,76526,76536,10
13.0,80.2563323975,76536,76546,10
12.9996099472,80.2562866211,76546,76577,31
12.9996099472,80.2562866211,76577,76587,10
12.9993095398,80.2562179565,76587,76597,10
12.9988698959,80.2561264038,76597,76607,10
12.9983301163,80.256072998,76607,76648,41
12.9983301163,80.256072998,76648,76658,10
12.9979896545,80.2559814453,76658,76668,10
12.997710228,80.2559967041,76668,76678,10
12.9975099564,80.2559814453,76678,76688,10
12.9975004196,80.2559814453,76688,76698,10
12.9972000122,80.2559204102,76698,76709,11
12.9968595505,80.2559204102,76709,76719,10
12.9964704514,80.2559280396,76719,76729,10
12.9957103729,80.2559280396,76729,76739,10
12.994890213,80.2559509277,76739,76749,10
12.994020462,80.2560119629,76749,76759,10
12.9930696487,80.2561035156,76759,76769,10
12.992099762,80.2561416626,76769,76779,10
12.9911298752,80.2561416626,76779,76790,11
12.9902601242,80.2560882568,76790,76800,10
12.9897203445,80.2560577393,76800,76810,10
12.9892501831,80.2560272217,76810,76820,10
12.9885702133,80.2559280396,76820,76860,40
12.9885702133,80.2559280396,76860,76871,11
12.9882097244,80.2558288574,76871,76881,10
12.9881801605,80.255821228,76881,76891,10
12.987830162,80.2557907104,76891,76901,10
12.9873600006,80.2557220459,76901,76911,10
12.9868898392,80.2556762695,76911,76921,10
12.986579895,80.2556228638,76921,76931,10
12.9862003326,80.255531311,76931,76962,31
12.9862003326,80.255531311,76962,76972,10
12.9858503342,80.2554473877,76972,76982,10
12.9855098724,80.2554016113,76982,76992,10
12.9851398468,80.2553329468,76992,77002,10
12.9844799042,80.2551727295,77002,77012,10
12.9836902618,80.255027771,77012,77023,11
12.9827203751,80.2548828125,77023,77033,10
12.982170105,80.2543792725,77033,77043,10
12.9819097519,80.2537612915,77043,77053,10
12.981760025,80.2530899048,77053,77063,10
12.9811897278,80.2527923584,77063,77073,10
12.9804601669,80.2527999878,77073,77083,10
12.9799604416,80.2527999878,77083,77093,10
12.9792804718,80.2526779175,77093,77104,11
12.9785604477,80.2525787354,77104,77114,10
12.9785604477,80.2525634766,77114,77124,10
12.978269577,80.2523574829,77124,77134,10
12.977689743,80.2518463135,77134,77144,10
12.9767599106,80.2512817383,77144,77154,10
12.9755401611,80.2509307861,77154,77164,10
12.9742603302,80.250579834,77164,77174,10
12.9730796814,80.2502822876,77174,77185,11
12.9718999863,80.2499694824,77185,77195,10
12.9708404541,80.2496795654,77195,77205,10
12.9696502686,80.2492523193,77205,77215,10
12.9685001373,80.2487792969,77215,77225,10
12.9674596786,80.248336792,77225,77235,10
12.9666795731,80.2479705811,77235,77245,10
12.9660100937,80.2476730347,77245,77255,10
12.9651403427,80.2473602295,77255,77276,21
12.9651403427,80.2473602295,77276,77286,10
12.9648199081,80.247253418,77286,77296,10
12.9642496109,80.2470397949,77296,77306,10
12.963760376,80.2468414307,77306,77316,10
12.9637403488,80.2468414307,77316,77326,10
12.9635696411,80.2467575073,77326,77336,10
12.96296978,80.2464294434,77336,77347,11
12.9620304108,80.2459793091,77347,77357,10
12.9610004425,80.2454833984,77357,77367,10
12.9600400925,80.2450714111,77367,77377,10
12.9593496323,80.2447662354,77377,77387,10
12.9592695236,80.244720459,77387,77397,10
12.9588603973,80.2445526123,77397,77407,10
12.9582004547,80.2442626953,77407,77417,10
12.9575004578,80.2440032959,77417,77428,11
12.956489563,80.2436904907,77428,77478,50
12.956489563,80.2436904907,77478,77488,10
12.9561004639,80.243522644,77488,77499,11
12.9553499222,80.2431182861,77499,77509,10
12.9544401169,80.2427368164,77509,77519,10
12.9534797668,80.2423400879,77519,77529,10
12.9526100159,80.2420120239,77529,77539,10
12.9520301819,80.2418365479,77539,77549,10
12.9517002106,80.2416915894,77549,77559,10
12.9514198303,80.241569519,77559,77569,10
12.9508600235,80.2413635254,77569,77580,11
12.9499197006,80.2410736084,77580,77590,10
12.9490299225,80.2407913208,77590,77600,10
12.9482297897,80.2404327393,77600,77610,10
12.9472904205,80.2400665283,77610,77620,10
12.946849823,80.2399215698,77620,77630,10
12.9467897415,80.2398681641,77630,77640,10
12.9463596344,80.2397232056,77640,77650,10
12.9456596375,80.2394104004,77650,77661,11
12.9448204041,80.2387390137,77661,77671,10
12.944029808,80.2378997803,77671,77681,10
12.9433097839,80.2370910645,77681,77691,10
12.9424800873,80.2365112305,77691,77701,10
12.9413900375,80.2362213135,77701,77711,10
12.9406404495,80.2360687256,77711,77721,10
12.9406204224,80.2360687256,77721,77731,10
12.9402503967,80.2359771729,77731,77742,11
12.939499855,80.235710144,77742,77752,10
12.9385299683,80.2352218628,77752,77762,10
12.9374198914,80.2346496582,77762,77772,10
12.9364204407,80.2341690063,77772,77782,10
12.9357004166,80.2339172363,77782,77792,10
12.9356403351,80.2339935303,77792,77802,10
12.9355401993,80.2342605591,77802,77812,10
12.9352798462,80.2348937988,77812,77823,11
12.9350996017,80.2353897095,77823,77833,10
12.9349803925,80.2354431152,77833,77843,10
12.9347200394,80.2353286743,77843,77853,10
12.9341602325,80.2350997925,77853,77863,10
12.9338903427,80.234992981,77863,77873,10
12.9337902069,80.2352523804,77873,77883,10
12.9336204529,80.2358932495,77883,77893,10
12.9332895279,80.2361526489,77893,77904,11
12.9331197739,80.2361221313,77904,77914,10
12.9329395294,80.2362976074,77914,77924,10
12.9328203201,80.2369613647,77924,77934,10
12.9327001572,80.2373123169,77934,77944,10
12.9324703217,80.2378311157,77944,77954,10
12.932220459,80.2384567261,77954,77964,10
12.9320602417,80.2387008667,77964,77975,11
12.9314203262,80.238609314,77975,77985,10
12.9311304092,80.2385101318,77985,77995,10
12.9310998917,80.2384872437,77995,78005,10
12.9307098389,80.2383575439,78005,78015,10
12.9300003052,80.2380981445,78015,78025,10
12.9295396805,80.2381362915,78025,78035,10
12.9294395447,80.2384414673,78035,78045,10
12.9292697906,80.2389373779,78045,78056,11
12.9284601212,80.2388763428,78056,78076,20
12.9284601212,80.2388763428,78076,78086,10
12.9283504486,80.2388534546,78086,78096,10
12.927980423,80.2387695313,78096,78106,10
12.9273395538,80.2386322021,78106,78116,10
12.9265899658,80.2384185791,78116,78126,10
12.925909996,80.238243103,78126,78137,11
12.9258403778,80.2382202148,78137,78147,10
12.9257001877,80.2382278442,78147,78157,10
12.9254798889,80.238067627,78157,78177,20
12.9254798889,80.238067627,78177,78187,10
12.9254999161,80.2382507324,78187,78197,10
12.9256296158,80.2382507324,78197,78248,51
12.9256296158,80.2382507324,78248,78258,10
12.925740242,80.2382507324,78258,78268,10
12.9260702133,80.2382202148,78268,78278,10
12.9266901016,80.2384185791,78278,78288,10
12.927479744,80.2386169434,78288,78299,11
12.9283800125,80.238822937,78299,78309,10
12.9290704727,80.2390136719,78309,78319,10
12.9293003082,80.2389297485,78319,78329,10
12.9293804169,80.2386474609,78329,78339,10
12.9295301437,80.2381362915,78339,78349,10
12.9297399521,80.2379989624,78349,78359,10
12.9302797318,80.2382202148,78359,78370,11
12.9309597015,80.2384796143,78370,78380,10
12.9312496185,80.2385787964,78380,78390,10
12.931599617,80.2387084961,78390,78400,10
12.932009697,80.2387924194,78400,78410,10
12.9321603775,80.2386016846,78410,78420,10
12.9322299957,80.2383728027,78420,78430,10
12.9323596954,80.2379989624,78430,78440,10
12.9326200485,80.2373886108,78440,78451,11
12.9327001572,80.2371368408,78451,78461,10
12.9329004288,80.2367401123,78461,78471,10
12.9329395294,80.2363433838,78471,78481,10
12.9331502914,80.2361602783,78481,78491,10
12.9334802628,80.2362213135,78491,78501,10
12.933549881,80.236038208,78501,78511,10
12.9336595535,80.2356567383,78511,78521,10
12.9338302612,80.2350692749,78521,78532,11
12.9341497421,80.2351226807,78532,78542,10
12.9347496033,80.2353591919,78542,78552,10
12.9349603653,80.2354736328,78552,78562,10
12.9351396561,80.2353363037,78562,78572,10
12.935210228,80.2350234985,78572,78582,10
12.9354896545,80.2343521118,78582,78592,10
12.9357595444,80.2338867188,78592,78613,21
12.9357595444,80.2338867188,78613,78623,10
12.936050415,80.2337799072,78623,78633,10
12.936630249,80.2340927124,78633,78643,10
12.9375,80.2345275879,78643,78653,10
12.9385404587,80.2350692749,78653,78663,10
12.9395399094,80.2355728149,78663,78673,10
12.9398403168,80.235710144,78673,78683,10
12.9405202866,80.2359695435,78683,78694,11
12.9416503906,80.2362518311,78694,78704,10
12.9426898956,80.2365875244,78704,78714,10
12.943570137,80.2372665405,78714,78724,10
12.9444198608,80.2381896973,78724,78734,10
12.9450798035,80.2389068604,78734,78744,10
12.9462995529,80.2396621704,78744,78754,10
12.9472103119,80.240020752,78754,78764,10
12.9478702545,80.2402801514,78764,78775,11
12.9487199783,80.2405776978,78775,78805,30
12.9487199783,80.2405776978,78805,78815,10
12.9489402771,80.2406768799,78815,78825,10
12.9494600296,80.2408905029,78825,78835,10
12.9502801895,80.2411422729,78835,78846,11
12.9512996674,80.2415008545,78846,78856,10
12.9522895813,80.2418365479,78856,78866,10
12.9532499313,80.2422027588,78866,78876,10
12.9541196823,80.2425308228,78876,78886,10
12.9548797607,80.2428207397,78886,78896,10
12.9556598663,80.2431030273,78896,78906,10
12.956319809,80.2433013916,78906,78937,31
12.956319809,80.2433013916,78937,78947,10
12.9568195343,80.2434692383,78947,78957,10
12.9576101303,80.2438735962,78957,78967,10
12.9585800171,80.2442779541,78967,78977,10
12.9591798782,80.2445602417,78977,78987,10
12.9593496323,80.2446594238,78987,78997,10
12.9598398209,80.2448883057,78997,79008,11
12.9607200623,80.245300293,79008,79018,10
12.9617395401,80.2457962036,79018,79028,10
12.9626197815,80.2462310791,79028,79038,10
12.9631204605,80.2464981079,79038,79048,10
12.9631700516,80.2465209961,79048,79058,10
12.9634504318,80.2466583252,79058,79068,10
12.9638500214,80.2468414307,79068,79078,10
12.9645700455,80.2471008301,79078,79089,11
12.9655103683,80.2474365234,79089,79099,10
12.9661397934,80.2476882935,79099,79109,10
12.966340065,80.2477798462,79109,79119,10
12.9665603638,80.2478790283,79119,79129,10
12.9670801163,80.2481765747,79129,79139,10
12.9679298401,80.2485427856,79139,79149,10
12.9689598083,80.2489471436,79149,79159,10
12.9700803757,80.249382019,79159,79170,11
12.9713697433,80.249786377,79170,79180,10
12.9725103378,80.2500762939,79180,79190,10
12.973690033,80.2504196167,79190,79200,10
12.9749202728,80.2507781982,79200,79210,10
12.9761600494,80.2511291504,79210,79220,10
12.9773397446,80.2515487671,79220,79230,10
12.9781799316,80.2521896362,79230,79240,10
12.9790096283,80.2525787354,79240,79251,11
12.9797000885,80.2526626587,79251,79291,40
12.9797000885,80.2526626587,79291,79301,10
12.9800100327,80.2527008057,79301,79311,10
12.9806203842,80.2527236938,79311,79322,11
12.9817304611,80.2526931763,79322,79332,10
12.9830198288,80.2526168823,79332,79342,10
12.9841804504,80.2523498535,79342,79352,10
12.9847402573,80.252166748,79352,79362,10
12.9850101471,80.2520904541,79362,79372,10
12.9852800369,80.2520217896,79372,79382,10
12.9854001999,80.2519836426,79382,79392,10
12.9854698181,80.2519607544,79392,79403,11
12.9857902527,80.2518692017,79403,79504,101
12.9857902527,80.2518692017,79504,79514,10
12.9861602783,80.2517166138,79514,79524,10
12.9865999222,80.2516403198,79524,79534,10
12.9868497849,80.2515792847,79534,79605,71
12.9868497849,80.2515792847,79605,79615,10
12.9869804382,80.2516021729,79615,79625,10
12.9872999191,80.2515029907,79625,79635,10
12.9876499176,80.251411438,79635,79646,11
12.9879102707,80.2516174316,79646,79656,10
12.9880199432,80.2522125244,79656,79666,10
12.9879598618,80.253036499,79666,79676,10
12.9878902435,80.2539596558,79676,79686,10
12.9878196716,80.2545776367,79686,79696,10
12.9877195358,80.2554779053,79696,79737,41
12.9877195358,80.2554779053,79737,79747,10
12.9877099991,80.2556381226,79747,79757,10
12.9877300262,80.2558898926,79757,79767,10
12.9881801605,80.2559204102,79767,79777,10
12.9886198044,80.2559814453,79777,79787,10
12.9888296127,80.2559814453,79787,79798,11
12.9895401001,80.2560119629,79798,79808,10
12.9904403687,80.2560195923,79808,79818,10
12.9912395477,80.2560424805,79818,79828,10
12.9923801422,80.2560806274,79828,79838,10
12.9935998917,80.2559509277,79838,79848,10
12.9947500229,80.2558898926,79848,79858,10
12.9957895279,80.2559204102,79858,79868,10
12.9967899323,80.255897522,79868,79879,11
12.9970998764,80.255897522,79879,79889,10
12.9975099564,80.2559204102,79889,79899,10
12.998049736,80.2559509277,79899,79909,10
12.9987001419,80.2560195923,79909,79919,10
12.9989995956,80.2560806274,79919,79929,10
12.9992103577,80.2561264038,79929,79939,10
12.9996204376,80.2562179565,79939,79949,10
13.0003204346,80.2563095093,79949,79960,11
13.0013599396,80.2565078735,79960,79970,10
13.001999855,80.2566375732,79970,79980,10
13.0024404526,80.2567062378,79980,79990,10
13.0029201508,80.2567977905,79990,80000,10
13.0034704208,80.2569122314,80000,80010,10
13.0040597916,80.2570495605,80010,80020,10
13.0045795441,80.2571411133,80020,80030,10
13.0051603317,80.2572479248,80030,80041,11
13.0056600571,80.2573623657,80041,80051,10
13.0059404373,80.2574005127,80051,80061,10
13.0064496994,80.2574996948,80061,80071,10
13.0068998337,80.2578964233,80071,80081,10
13.0073099136,80.258430481,80081,80091,10
13.0080099106,80.2587966919,80091,80101,10
13.0085401535,80.2590179443,80101,80111,10
13.0087003708,80.2590866089,80111,80122,11
13.0093803406,80.2591171265,80122,80132,10
13.0104103088,80.2591171265,80132,80142,10
13.0116195679,80.2591171265,80142,80152,10
13.0128898621,80.259147644,80152,80162,10
13.0140104294,80.2591934204,80162,80172,10
13.0151100159,80.259262085,80172,80182,10
13.0160198212,80.2594985962,80182,80193,11
13.0167198181,80.2599411011,80193,80203,10
13.0174798965,80.2604598999,80203,80213,10
13.0180997849,80.260887146,80213,80223,10
13.0184698105,80.261177063,80223,80233,10
13.0189199448,80.2615280151,80233,80243,10
13.0193996429,80.2619018555,80243,80253,10
13.0199203491,80.2623977661,80253,80263,10
13.0203504562,80.262840271,80263,80274,11
13.020190239,80.2630310059,80274,80284,10
13.0196800232,80.2629470825,80284,80294,10
13.019080162,80.2630081177,80294,80304,10
13.019080162,80.2636566162,80304,80314,10
13.019080162,80.2644577026,80314,80324,10
13.0188903809,80.2651901245,80324,80334,10
13.0187196732,80.2657928467,80334,80344,10
13.0186901093,80.2666168213,80344,80355,11
13.0191001892,80.2676620483,80355,80365,10
13.0198402405,80.2686004639,80365,80375,10
13.0205202103,80.2694473267,80375,80385,10
13.0209598541,80.2700119019,80385,80395,10
13.0214195251,80.2705307007,80395,80405,10
13.0215597153,80.2706832886,80405,80415,10
13.0217599869,80.270942688,80415,80425,10
13.0221996307,80.2715072632,80425,80436,11
13.0228395462,80.2723236084,80436,80446,10
13.0233898163,80.2730636597,80446,80456,10
13.0238800049,80.2737197876,80456,80486,30
13.0238800049,80.2737197876,80486,80496,10
13.0239400864,80.2738189697,80496,80506,10
13.0242795944,80.2742919922,80506,80517,11
13.0250701904,80.2748413086,80517,80527,10
13.0254201889,80.2749404907,80527,80537,10
13.0256700516,80.2750320435,80537,80547,10
13.0260000229,80.2751922607,80547,80557,10
13.0265102386,80.2754669189,80557,80567,10
13.0271701813,80.2758026123,80567,80577,10
13.0280504227,80.2761383057,80577,80588,11
13.0290002823,80.2764892578,80588,80598,10
13.0297002792,80.2766418457,80598,80608,10
13.0301704407,80.276802063,80608,80618,10
13.0306901932,80.27709198,80618,80628,10
13.0311698914,80.2774124146,80628,80638,10
13.0317401886,80.2775802612,80638,80648,10
13.0323200226,80.2775192261,80648,80658,10
13.032699585,80.2775115967,80658,80669,11
13.0331096649,80.2774963379,80669,80679,10
13.0337400436,80.2773971558,80679,80689,10
13.0343904495,80.2775421143,80689,80699,10
13.0349702835,80.2776412964,80699,80709,10
13.0355100632,80.2777404785,80709,80719,10
13.0361604691,80.2778778076,80719,80729,10
13.0367603302,80.2780838013,80729,80739,10
13.037320137,80.2783203125,80739,80750,11
13.038020134,80.2784881592,80750,80760,10
13.0388002396,80.2787017822,80760,80770,10
13.0392303467,80.2788391113,80770,80780,10
13.0398197174,80.2790222168,80780,80790,10
13.0406198502,80.2792816162,80790,80800,10
13.0415296555,80.2794418335,80800,80810,10
13.043129921,80.2795791626,80810,80831,21
13.043129921,80.2795791626,80831,80841,10
13.0431995392,80.2796707153,80841,80851,10
13.0437202454,80.2798080444,80851,80861,10
13.0446100235,80.2799682617,80861,80871,10
13.0456199646,80.2800979614,80871,80881,10
13.045999527,80.2801437378,80881,80891,10
13.0466098785,80.2802200317,80891,80901,10
13.0475502014,80.2803726196,80901,80912,11
13.0488500595,80.2805633545,80912,80922,10
13.0500898361,80.2807388306,80922,80932,10
13.0511903763,80.280921936,80932,80942,10
13.0523700714,80.2810974121,80942,80952,10
13.0535802841,80.2812805176,80952,80962,10
13.0547399521,80.2814865112,80962,80972,10
13.0556697845,80.2816696167,80972,80982,10
13.0563802719,80.2817993164,80982,80993,11
13.0564002991,80.2817993164,80993,81003,10
13.056599617,80.2818374634,81003,81013,10
13.057220459,80.2819671631,81013,81023,10
13.0580997467,80.2821578979,81023,81033,10
13.0591697693,80.2823791504,81033,81043,10
13.0601301193,80.2825698853,81043,81053,10
13.0616598129,80.282913208,81053,81064,11
13.0628595352,80.2831573486,81064,81074,10
13.0635004044,80.2833175659,81074,81084,10
13.0635995865,80.2833786011,81084,81094,10
13.06387043,80.2834472656,81094,81104,10
13.0638999939,80.2834625244,81104,81114,10
13.0642004013,80.2835083008,81114,81124,10
13.0649795532,80.2836608887,81124,81134,10
13.0660200119,80.2839126587,81134,81145,11
13.0673599243,80.2842025757,81145,81155,10
13.0687198639,80.2844619751,81155,81165,10
13.069849968,80.2847366333,81165,81175,10
13.0711202621,80.2850418091,81175,81185,10
13.07213974,80.2852630615,81185,81195,10
13.0730895996,80.2852935791,81195,81205,10
13.0739097595,80.2855606079,81205,81215,10
13.0745401382,80.2862167358,81215,81226,11
13.0757303238,80.2869186401,81226,81236,10
13.0769395828,80.2872924805,81236,81246,10
13.0780897141,80.2875671387,81246,81256,10
13.0790996552,80.287902832,81256,81266,10
13.0800104141,80.2881393433,81266,81276,10
13.0808401108,80.2883300781,81276,81286,10
13.0816402435,80.2886276245,81286,81296,10
13.0825099945,80.2889633179,81296,81307,11
13.0835399628,80.2892227173,81307,81317,10
13.0844898224,80.2891921997,81317,81327,10
13.0854597092,80.2892303467,81327,81337,10
13.0865497589,80.2894897461,81337,81347,10
13.087439537,80.2898025513,81347,81357,10
13.0881700516,80.2901000977,81357,81367,10
13.0886001587,80.2901000977,81367,81377,10
13.0886201859,80.2900772095,81377,81388,11
13.0887298584,80.2897720337,81388,81398,10
13.0886802673,80.2890930176,81398,81408,10
13.0886802673,80.2886734009,81408,81418,10
13.088640213,80.2883224487,81418,81428,10
13.0885601044,80.2877120972,81428,81439,11
13.088549614,80.2876586914,81439,81449,10
13.08852005,80.287147522,81449,81460,11
13.0884895325,80.2866363525,81460,81470,10
13.0884799957,80.2862091064,81470,81480,10
13.0884103775,80.2855300903,81480,81490,10
13.0883998871,80.2849197388,81490,81500,10
13.0883903503,80.2844619751,81500,81510,10
13.0883798599,80.2839889526,81510,81520,10
13.0883703232,80.2837600708,81520,81530,10
13.0883703232,80.2835464478,81530,81541,11
13.0883398056,80.2830810547,81541,81551,10
13.0882997513,80.2823181152,81551,81561,10
13.0879096985,80.2815322876,81561,81571,10
13.0869398117,80.2812271118,81571,81581,10
13.0859603882,80.280921936,81581,81591,10
13.085650444,80.2803726196,81591,81601,10
13.0851402283,80.2794189453,81601,81611,10
13.0842599869,80.2791976929,81611,81622,11
13.0832300186,80.2789306641,81622,81632,10
13.0824203491,80.2785873413,81632,81662,30
13.0824203491,80.2785873413,81662,81672,10
13.0823297501,80.2785491943,81672,81682,10
13.0820198059,80.2783279419,81682,81692,10
13.0818996429,80.2777023315,81692,81703,11
13.0817899704,80.2767181396,81703,81713,10
13.0816602707,80.275932312,81713,81723,10
13.0815496445,80.2754364014,81723,81733,10
13.0811796188,80.2752304077,81733,81743,10
13.0806303024,80.2752990723,81743,81753,10
13.0799198151,80.2753829956,81753,81763,10
13.0791101456,80.2752609253,81763,81773,10
13.0783004761,80.2755966187,81773,81784,11
13.0776500702,80.276260376,81784,81794,10
13.0771903992,80.2762832642,81794,81804,10
13.0768699646,80.2762908936,81804,81814,10
13.0765600204,80.2763214111,81814,81824,10
13.076089859,80.2763366699,81824,81834,10
13.0759401321,80.2763214111,81834,81844,10
13.0759000778,80.2760620117,81844,81854,10
13.075920105,80.2758483887,81854,81865,11
13.0759801865,80.2756271362,81865,81875,10
13.0761995316,80.2754592896,81875,83830,1955
13.0761995316,80.2754592896,83830,83840,10
13.0759401321,80.2752304077,83840,85127,1287
