12.9867601395,80.2586364746,19,2080,2061
12.9867696762,80.2582397461,2080,2211,131
12.9867897034,80.2584075928,2211,3120,909
12.9865903854,80.2585830688,3120,3200,80
12.986700058,80.2584762573,3200,5119,1919
12.9867601395,80.2584609985,5119,5331,212
12.9867095947,80.2585830688,5331,5644,313
12.9867095947,80.2585830688,5644,5654,10
12.9867601395,80.2584381104,5654,5906,252
12.9867801666,80.2584915161,5906,5977,71
12.9867401123,80.2585678101,5977,6219,242
12.9867200851,80.2585678101,6219,10553,4334
12.9868202209,80.2584075928,10553,11159,606
12.9868202209,80.2586212158,11159,13279,2120
12.9867601395,80.2584686279,13279,13885,606
12.9867401123,80.2585830688,13885,14056,171
12.9868001938,80.2584228516,14056,14147,91
12.986749649,80.2586364746,14147,14248,101
12.9867601395,80.2584228516,14248,14561,313
12.9867601395,80.2584228516,14561,14571,10
12.9867601395,80.2586669922,14571,15419,848
12.9866600037,80.2583618164,15419,15732,313
12.9866600037,80.2583618164,15732,15742,10
12.9867801666,80.2585906982,15742,16116,374
12.9867296219,80.2585067749,16116,16663,547
12.9867095947,80.2586975098,16663,16774,111
12.9868097305,80.2584609985,16774,18915,2141
12.9868202209,80.2585830688,18915,19086,171
12.9867801666,80.2584762573,19086,19187,101
12.9868001938,80.2585372925,19187,19379,192
12.9867801666,80.2585067749,19379,19793,414
12.9867801666,80.2585067749,19793,19800,7
12.9867801666,80.2585067749,19800,20712,912
12.9867801666,80.2585067749,20712,20722,10
12.9869699478,80.2586288452,20722,20813,91
12.9869699478,80.2586288452,20813,20823,10
12.9868202209,80.2589416504,20823,20873,50
12.9868202209,80.2589416504,20873,20884,11
12.9871397018,80.2591400146,20884,20904,20
12.9871397018,80.2591400146,20904,20914,10
12.9873399734,80.2592926025,20914,20924,10
12.9872102737,80.259727478,20924,20934,10
12.9871397018,80.259803772,20934,20944,10
12.9870004654,80.2598419189,20944,20954,10
12.9866800308,80.2598266602,20954,20964,10
12.9861497879,80.2597808838,20964,20974,10
12.9854202271,80.2596893311,20974,20984,10
12.9850797653,80.2596817017,20984,20995,11
12.9850196838,80.2596817017,20995,21005,10
12.9848403931,80.2596130371,21005,21015,10
12.9845600128,80.259552002,21015,21025,10
12.9839296341,80.2595214844,21025,21035,10
12.9832296371,80.2594909668,21035,21045,10
12.9827003479,80.2594833374,21045,21055,10
12.9819898605,80.2594909668,21055,21065,10
12.9810400009,80.2594833374,21065,21075,10
12.9798297882,80.2592163086,21075,21085,10
12.9787902832,80.2591018677,21085,21096,11
12.9778404236,80.2591629028,21096,21106,10
12.9772500992,80.2591934204,21106,21116,10
12.9765701294,80.2591781616,21116,21126,10
12.9758996964,80.2590179443,21126,21136,10
12.9750795364,80.2587280273,21136,21146,10
12.9741096497,80.2584609985,21146,21156,10
12.9729404449,80.2582473755,21156,21166,10
12.9716300964,80.2581710815,21166,21176,10
12.9705200195,80.2580718994,21176,21186,10
12.9696598053,80.2577819824,21186,21196,10
12.9694700241,80.2577209473,21196,21207,11
12.9689998627,80.2575836182,21207,21217,10
12.9682197571,80.2573623657,21217,21227,10
12.9673700333,80.2571182251,21227,21237,10
12.9664402008,80.256942749,21237,21247,10
12.9655399323,80.2567977905,21247,21257,10
12.964630127,80.2566375732,21257,21267,10
12.963760376,80.2565536499,21267,21277,10
12.962849617,80.256477356,21277,21287,10
12.961930275,80.2563400269,21287,21297,10
12.9610595703,80.2561721802,21297,21308,11
12.9601802826,80.2559661865,21308,21318,10
12.9593095779,80.2557830811,21318,21328,10
12.9583597183,80.2555923462,21328,21338,10
12.9573001862,80.2553710938,21338,21348,10
12.9562196732,80.2552566528,21348,21364,16
12.9545602798,80.2552108765,21364,21376,12
12.9532203674,80.2551498413,21376,21385,9
12.9521903992,80.2551269531,21385,21398,13
12.9506998062,80.2550506592,21398,21408,10
12.949839592,80.2548980713,21408,21419,11
12.9487199783,80.2545928955,21419,21429,10
12.9474401474,80.2542037964,21429,21439,10
12.946100235,80.2538986206,21439,21449,10
12.9448404312,80.2537307739,21449,21458,9
12.9434404373,80.2535095215,21458,21469,11
12.94190979,80.2532577515,21469,21479,10
12.9406795502,80.2530212402,21479,21489,10
12.9394197464,80.2528305054,21489,21499,10
12.9381399155,80.2526702881,21499,21509,10
12.9367704391,80.252456665,21509,21520,11
12.9352197647,80.2522964478,21520,21530,10
12.9338502884,80.2521514893,21530,21540,10
12.9326696396,80.2520217896,21540,21550,10
12.9313402176,80.2518615723,21550,21560,10
12.9299402237,80.2516708374,21560,21570,10
12.9285097122,80.2515182495,21570,21580,10
12.9270801544,80.251373291,21580,21590,10
12.9256496429,80.2512435913,21590,21600,10
12.924200058,80.2511978149,21600,21616,16
12.9218902588,80.2511291504,21616,21629,13
12.9201402664,80.2513427734,21629,21639,10
12.9189195633,80.2509002686,21639,21649,10
12.9175596237,80.2506637573,21649,21659,10
12.9162902832,80.250541687,21659,21668,9
12.9154596329,80.25050354,21668,21680,12
12.9146995544,80.2504730225,21680,21689,9
12.9146299362,80.2504577637,21689,21700,11
12.9146003723,80.2502975464,21700,21710,10
12.9148597717,80.2503204346,21710,21720,10
12.9152202606,80.2503585815,21720,21731,11
12.9160203934,80.2503890991,21731,21741,10
12.9169797897,80.2504882813,21741,21751,10
12.917889595,80.2506027222,21751,21761,10
12.9186401367,80.2507324219,21761,21771,10
12.9194202423,80.2509231567,21771,21781,10
12.9201402664,80.2512130737,21781,22266,485
12.9201803207,80.2514190674,22266,22347,81
12.9201803207,80.2514190674,22347,22357,10
12.9202203751,80.251373291,22357,22367,10
12.9203901291,80.2513809204,22367,22377,10
12.9204101563,80.2513809204,22377,22387,10
12.9205598831,80.251411438,22387,22397,10
12.9210195541,80.2513427734,22397,22407,10
12.9214096069,80.2512207031,22407,22417,10
12.9221000671,80.2510681152,22417,22427,10
12.9229602814,80.2510528564,22427,22437,10
12.9238395691,80.2511062622,22437,22447,10
12.9246997833,80.251121521,22447,22458,11
12.9259195328,80.2511825562,22458,22468,10
12.9272098541,80.2513122559,22468,22484,16
12.9290800095,80.2515182495,22484,22496,12
12.9305400848,80.2516937256,22496,22506,10
12.9318504333,80.2518463135,22506,22516,10
12.9331798553,80.2520065308,22516,22526,10
12.934510231,80.252166748,22526,22536,10
12.9359102249,80.2523269653,22536,22546,10
12.9371595383,80.2524719238,22546,22557,11
12.9381198883,80.2525787354,22557,22587,30
12.9381198883,80.2525787354,22587,22597,10
12.9382095337,80.2526016235,22597,22607,10
12.9386701584,80.2526779175,22607,22617,10
12.9393901825,80.2527694702,22617,22627,10
12.940369606,80.2528762817,22627,22637,10
12.9413604736,80.2530975342,22637,22647,10
12.942440033,80.2532577515,22647,22657,10
12.9435300827,80.2534713745,22657,22668,11
12.9446296692,80.2536697388,22668,22678,10
12.9458398819,80.2538299561,22678,22688,10
12.9469900131,80.2540435791,22688,22698,10
12.9481401443,80.2543487549,22698,22708,10
12.9491796494,80.2546234131,22708,22718,10
12.9496202469,80.2547225952,22718,22728,10
12.9497404099,80.2547531128,22728,22738,10
12.9498796463,80.2547912598,22738,22748,10
12.9503898621,80.2548828125,22748,22758,10
12.951259613,80.254989624,22758,22769,11
12.9523601532,80.2550506592,22769,22779,10
12.9532604218,80.2550735474,22779,22789,10
12.9542999268,80.2550964355,22789,22799,10
12.9553098679,80.2551193237,22799,22809,10
12.9563703537,80.2551498413,22809,22819,10
12.9575395584,80.2553329468,22819,22829,10
12.9584197998,80.2554931641,22829,22845,16
12.959980011,80.255821228,22845,22857,12
12.9609203339,80.2559127808,22857,22867,10
12.9610795975,80.2559890747,22867,22878,11
12.9613800049,80.256149292,22878,22888,10
12.9620304108,80.2563095093,22888,22898,10
12.9629497528,80.2564315796,22898,22908,10
12.9637899399,80.2564697266,22908,22918,10
12.9640398026,80.2565002441,22918,22927,9
12.9643602371,80.2565231323,22927,22938,11
12.9650497437,80.2565994263,22938,22948,10
12.9660100937,80.2567672729,22948,22958,10
12.9668903351,80.256942749,22958,22968,10
12.96778965,80.2571563721,22968,22979,11
12.9688100815,80.2574386597,22979,22989,10
12.9695196152,80.2576217651,22989,23009,20
12.9695196152,80.2576217651,23009,23019,10
12.9698200226,80.2577285767,23019,23029,10
12.970459938,80.2579498291,23029,23039,10
12.9711799622,80.258102417,23039,23049,10
12.9721002579,80.2580566406,23049,23059,10
12.9730901718,80.2581481934,23059,23069,10
12.9742002487,80.258392334,23069,23079,10
12.9753303528,80.2586975098,23079,23090,11
12.9763402939,80.2589797974,23090,23100,10
12.9768199921,80.2590789795,23100,23110,10
12.9771404266,80.2591171265,23110,23120,10
12.9772500992,80.2591171265,23120,23130,10
12.9775495529,80.2591094971,23130,23140,10
12.9779596329,80.2590789795,23140,23150,10
12.978679657,80.2590332031,23150,23160,10
12.9789304733,80.2590408325,23160,23170,10
12.9793996811,80.2590866089,23170,23180,10
12.9801301956,80.2592086792,23180,23191,11
12.9812202454,80.2593002319,23191,23201,10
12.982339859,80.2593612671,23201,23211,10
12.9834899902,80.2594223022,23211,23221,10
12.9839801788,80.2592391968,23221,23231,10
12.9840602875,80.2586593628,23231,23241,10
12.9842100143,80.2579269409,23241,23251,10
12.9848203659,80.2578735352,23251,23261,10
12.985619545,80.2579193115,23261,23271,10
12.9868202209,80.2579727173,23271,23292,21
12.9868202209,80.2579727173,23292,23302,10
12.9873895645,80.2579498291,23302,23312,10
12.9874801636,80.2573699951,23312,23322,10
12.9875097275,80.2564620972,23322,23332,10
12.9877901077,80.2557907104,23332,23342,10
12.9882698059,80.255821228,23342,23352,10
12.988409996,80.2558288574,23352,23362,10
12.9884700775,80.2558517456,23362,23372,10
12.988820076,80.2558898926,23372,23382,10
12.9894800186,80.2559585571,23382,23392,10
12.9902095795,80.2559814453,23392,23403,11
12.9909601212,80.2559814453,23403,23413,10
12.9918699265,80.2560424805,23413,23423,10
12.9930095673,80.2560577393,23423,23433,10
12.9940004349,80.2560272217,23433,23443,10
12.9948501587,80.2559127808,23443,23453,10
12.9957799911,80.255859375,23453,23463,10
12.9965801239,80.2558135986,23463,23473,10
12.9970302582,80.2558288574,23473,23483,10
12.9973602295,80.2558364868,23483,23493,10
12.9975996017,80.2558822632,23493,23504,11
12.9979801178,80.2559204102,23504,23514,10
12.998550415,80.2559890747,23514,23524,10
12.9990501404,80.2560195923,23524,23544,20
12.9990501404,80.2560195923,23544,23554,10
12.9996204376,80.2561264038,23554,23564,10
13.0003404617,80.2563095093,23564,23574,10
13.0011301041,80.2564315796,23574,23584,10
13.0017204285,80.2565383911,23584,23594,10
13.002530098,80.2566833496,23594,23604,10
13.0034599304,80.2568511963,23604,23615,11
13.0044698715,80.2570724487,23615,23631,16
13.0064401627,80.2574005127,23631,23653,22
13.0064401627,80.2574005127,23653,23663,10
13.0065898895,80.2574081421,23663,23673,10
13.0066099167,80.2574234009,23673,23683,10
13.0067195892,80.257522583,23683,23693,10
13.0071401596,80.2582092285,23693,23703,10
13.0079202652,80.2587509155,23703,23714,11
13.0085897446,80.2589492798,23714,23724,10
13.0087003708,80.2589874268,23724,23734,10
13.0092697144,80.2590408325,23734,23744,10
13.0102996826,80.2590408325,23744,23754,10
13.0113897324,80.2590408325,23754,23764,10
13.0126695633,80.2590789795,23764,23774,10
13.0140399933,80.2591400146,23774,23784,10
13.0154600143,80.2592391968,23784,23794,10
13.0163698196,80.2595901489,23794,23804,10
13.0164403915,80.2596511841,23804,23815,11
13.0166501999,80.2598266602,23815,23825,10
13.0171699524,80.2601776123,23825,23835,10
13.0179395676,80.2607116699,23835,23845,10
13.0186796188,80.2612762451,23845,23855,10
13.0194702148,80.2619628906,23855,23865,10
13.0202302933,80.2626266479,23865,23875,10
13.0202598572,80.2629776001,23875,23885,10
13.0197000504,80.2629470825,23885,23895,10
13.0190696716,80.2629699707,23895,23905,10
13.0191001892,80.2636489868,23905,23915,10
13.0190296173,80.2646408081,23915,23926,11
13.0188102722,80.2653579712,23926,23942,16
13.0186901093,80.266418457,23942,23954,12
13.0190296173,80.2675323486,23954,23964,10
13.019780159,80.2684783936,23964,23974,10
13.0205001831,80.269317627,23974,23984,10
13.0212497711,80.2702026367,23984,23994,10
13.0214796066,80.2704315186,23994,24004,10
13.0215597153,80.2704772949,24004,24014,10
13.0218000412,80.2708282471,24014,24025,11
13.0223302841,80.2715377808,24025,24035,10
13.0229501724,80.2723693848,24035,24045,10
13.0236701965,80.2733688354,24045,24055,10
13.0240697861,80.27394104,24055,24064,9
13.0245599747,80.274520874,24064,24074,10
13.0253000259,80.2748718262,24074,24085,11
13.0253896713,80.2749023438,24085,24095,10
13.0256204605,80.2750015259,24095,24106,11
13.0263004303,80.2752990723,24106,24116,10
13.027009964,80.2757034302,24116,24126,10
13.0279798508,80.276008606,24126,24137,11
13.0288696289,80.2764205933,24137,24147,10
13.0297203064,80.2766799927,24147,24157,10
13.0305299759,80.2769775391,24157,24166,9
13.0312004089,80.277381897,24166,24177,11
13.0319099426,80.2774734497,24177,24187,10
13.0326700211,80.2774505615,24187,24207,20
13.0326700211,80.2774505615,24207,24217,10
13.0331001282,80.2773895264,24217,24227,10
13.0333499908,80.2773284912,24227,24238,11
13.0338497162,80.2773590088,24238,24248,10
13.0346803665,80.2775497437,24248,24258,10
13.035610199,80.2777175903,24258,24268,10
13.0364904404,80.2779464722,24268,24278,10
13.037320137,80.2782363892,24278,24287,9
13.0383300781,80.278503418,24287,24298,11
13.0388898849,80.2786712646,24298,24318,20
13.0388898849,80.2786712646,24318,24327,9
13.0392503738,80.2787780762,24327,24339,12
13.0398597717,80.278968811,24339,24349,10
13.0407400131,80.2791976929,24349,24359,10
13.0417604446,80.2793884277,24359,24369,10
13.042840004,80.2795181274,24369,24379,10
13.0430402756,80.2795410156,24379,24389,10
13.0431404114,80.279548645,24389,24399,10
13.0436000824,80.2796783447,24399,24409,10
13.0444202423,80.2798919678,24409,24419,10
13.0455303192,80.2800598145,24419,24429,10
13.0466804504,80.2802200317,24429,24439,10
13.0479001999,80.2803878784,24439,24450,11
13.0493497849,80.2806015015,24450,24460,10
13.0504798889,80.2807693481,24460,24470,10
13.0513401031,80.2808990479,24470,24480,10
13.0524501801,80.2810668945,24480,24490,10
13.0537204742,80.2812576294,24490,24500,10
13.0550403595,80.2814865112,24500,24510,10
13.056520462,80.2817687988,24510,24529,19
13.056520462,80.2817687988,24529,24540,11
13.0566396713,80.2818069458,24540,24551,11
13.0571603775,80.2819213867,24551,24561,10
13.0572500229,80.2819366455,24561,24571,10
13.0576696396,80.2820281982,24571,24581,10
13.0584201813,80.2822036743,24581,24591,10
13.0594301224,80.2824172974,24591,24601,10
13.0605297089,80.2826538086,24601,24611,10
13.0615701675,80.2828826904,24611,24621,10
13.0627098083,80.2831192017,24621,24630,9
13.0631399155,80.2831878662,24630,24640,10
13.0631799698,80.283203125,24640,24652,12
13.0637102127,80.2833404541,24652,24662,10
13.0645399094,80.2835235596,24662,24672,10
13.065580368,80.2837524414,24672,24682,10
13.0668697357,80.2840423584,24682,24692,10
13.0682401657,80.2843017578,24692,24702,10
13.069609642,80.2846298218,24702,24712,10
13.070980072,80.2849884033,24712,24722,10
13.0723800659,80.2853088379,24722,24732,10
13.0736198425,80.2854003906,24732,24742,10
13.0740604401,80.2857284546,24742,24752,10
13.074669838,80.286277771,24752,24763,11
13.0754098892,80.2867431641,24763,24773,10
13.0761098862,80.2870178223,24773,24783,10
13.0771303177,80.2873001099,24783,24793,10
13.07833004,80.2876205444,24793,24803,10
13.0794000626,80.2879867554,24803,24813,10
13.080499649,80.2882080078,24813,24823,10
13.0808401108,80.2882995605,24823,24833,10
13.0809803009,80.2883300781,24833,24843,10
13.0814304352,80.288482666,24843,24853,10
13.0823402405,80.2888183594,24853,24864,11
13.0835199356,80.2892227173,24864,24874,10
13.0845098495,80.2891616821,24874,24884,10
13.0857601166,80.2892837524,24884,24894,10
13.0870895386,80.289642334,24894,24904,10
13.0881700516,80.2900695801,24904,24914,10
13.0888700485,80.2902679443,24914,24954,40
13.0888700485,80.2902679443,24954,24964,10
13.0888700485,80.2903823853,24964,24975,11
13.0885696411,80.2904205322,24975,24985,10
13.0879602432,80.2901229858,24985,24995,10
13.0870599747,80.2897567749,24995,25005,10
13.0861701965,80.2895202637,25005,25015,10
13.0855998993,80.289100647,25015,25025,10
13.0852003098,80.288230896,25025,25035,10
13.0851802826,80.2870788574,25035,25045,10
13.0852403641,80.2859573364,25045,25055,10
13.0853300095,80.2846679688,25055,25065,10
13.0854101181,80.283782959,25065,25086,21
13.0854101181,80.283782959,25086,25096,10
13.0855102539,80.2835998535,25096,25106,10
13.0858001709,80.2835388184,25106,25116,10
13.0861196518,80.2835464478,25116,25126,10
13.0866298676,80.2837600708,25126,25207,81
13.0870199203,80.2836608887,25207,25298,91
13.0870199203,80.2836608887,25298,25308,10
13.087389946,80.2837677002,25308,25324,16
13.0878400803,80.2836608887,25324,25386,62
13.0881700516,80.2837219238,25386,27022,1636
13.0881700516,80.2837219238,27022,27032,10
13.0883598328,80.2833404541,27032,27042,10
13.0883398056,80.2828063965,27042,27052,10
13.0883197784,80.2823410034,27052,27062,10
13.0881996155,80.2818527222,27062,27073,11
13.0881795883,80.2814483643,27073,27083,10
13.0884599686,80.2815170288,27083,27093,10
13.0883998871,80.2822418213,27093,27113,20
13.0883998871,80.2822418213,27113,27123,10
13.0883998871,80.2823791504,27123,27133,10
13.0883798599,80.2826538086,27133,27143,10
13.0883703232,80.2828216553,27143,27153,10
13.0883598328,80.2828979492,27153,27163,10
13.0883398056,80.2832565308,27163,27174,11
13.0883798599,80.2836227417,27174,27184,10
13.0884199142,80.2842330933,27184,27194,10
13.0884399414,80.2849197388,27194,27204,10
13.0884895325,80.2853088379,27204,27214,10
13.0885000229,80.2857437134,27214,27224,10
13.0885400772,80.2863311768,27224,27234,10
13.088549614,80.2865982056,27234,27244,10
13.0885696411,80.2869491577,27244,27254,10
13.0885896683,80.2874221802,27254,27264,10
13.0886096954,80.2876968384,27264,27275,11
13.0887098312,80.2884216309,27275,27285,10
13.0887403488,80.2886734009,27285,27295,10
13.0887403488,80.2889709473,27295,27305,10
13.0887699127,80.2894134521,27305,27314,9
13.0887699127,80.2894287109,27314,27325,11
13.0887298584,80.2898101807,27325,27335,10
13.088760376,80.2899703979,27335,27345,10
13.0887699127,80.2902603149,27345,27355,10
13.0885696411,80.290397644,27355,27365,10
13.0881204605,80.2901535034,27365,27375,10
13.0873804092,80.2898025513,27375,27386,11
13.0864496231,80.2894668579,27386,27396,10
13.0854597092,80.2892227173,27396,27406,10
13.084690094,80.2891616821,27406,27422,16
13.0831403732,80.2892227173,27422,27435,13
13.0818195343,80.2887268066,27435,27445,10
13.0805902481,80.2883224487,27445,27454,9
13.0799198151,80.2881622314,27454,27465,11
13.0789699554,80.2878799438,27465,27475,10
13.077870369,80.2875289917,27475,27485,10
13.0765800476,80.2872009277,27485,27496,11
13.075220108,80.2866973877,27496,27506,10
13.0741300583,80.2861022949,27506,27516,10
13.0730400085,80.2857894897,27516,27526,10
13.07213974,80.2853164673,27526,27536,10
13.0708398819,80.2850189209,27536,27546,10
13.069560051,80.2847290039,27546,27556,10
13.068400383,80.2844467163,27556,27566,10
13.0673303604,80.2842712402,27566,27576,10
13.0660896301,80.2839813232,27576,27586,10
13.0650396347,80.2837524414,27586,27597,11
13.064160347,80.2835388184,27597,27607,10
13.0636796951,80.2834091187,27607,27617,10
13.0629901886,80.283241272,27617,27627,10
13.0624599457,80.2831192017,27627,27637,10
13.062379837,80.2830886841,27637,27647,10
13.0618896484,80.2829818726,27647,27657,10
13.0610599518,80.2828063965,27657,27667,10
13.0601797104,80.2826004028,27667,27677,10
13.0590801239,80.2823791504,27677,27687,10
13.0577297211,80.282119751,27687,27708,21
13.0577297211,80.282119751,27708,27718,10
13.0575304031,80.282081604,27718,27728,10
13.0569400787,80.2819519043,27728,27738,10
13.0566797256,80.2818984985,27738,27748,10
13.0564899445,80.2818603516,27748,27758,10
13.0558700562,80.2817306519,27758,27768,10
13.0549602509,80.2815475464,27768,27778,10
13.0539903641,80.2813491821,27778,27788,10
13.0529298782,80.2811737061,27788,27798,10
13.0518198013,80.2810211182,27798,27809,11
13.0513601303,80.280960083,27809,27819,10
13.0511398315,80.280921936,27819,27829,10
13.0506000519,80.2808532715,27829,27839,10
13.0501899719,80.2807922363,27839,27849,10
13.0498895645,80.2807388306,27849,27859,10
13.049200058,80.2806396484,27859,27869,10
13.0483703613,80.2805099487,27869,27879,10
13.0471000671,80.2803192139,27879,27889,10
13.0460300446,80.2801895142,27889,27899,10
13.0456800461,80.2801513672,27899,27910,11
13.0454597473,80.2801132202,27910,27920,10
13.0448503494,80.2800292969,27920,27930,10
13.0436201096,80.2798461914,27930,27960,30
13.0436201096,80.2798461914,27960,27970,10
13.0434799194,80.2798309326,27970,27980,10
13.0429496765,80.2797012329,27980,27990,10
13.0420799255,80.2795333862,27990,28000,10
13.0409803391,80.2793197632,28000,28011,11
13.0398302078,80.2790603638,28011,28021,10
13.0390996933,80.2788619995,28021,28031,10
13.0390501022,80.2788391113,28031,28041,10
13.0388402939,80.2787628174,28041,28051,10
13.0382995605,80.2785720825,28051,28061,10
13.0375099182,80.2783432007,28061,28071,10
13.0367898941,80.2781066895,28071,28081,10
13.0359401703,80.2778396606,28081,28091,10
13.0353002548,80.2777328491,28091,28101,10
13.0344696045,80.2775726318,28101,28111,10
13.0337295532,80.27734375,28111,28122,11
13.0331602097,80.2774200439,28122,28132,10
13.0322999954,80.2775421143,28132,28142,10
13.0313997269,80.277557373,28142,28152,10
13.0308904648,80.2772293091,28152,28162,10
13.0308303833,80.2771911621,28162,28178,16
13.0300798416,80.2767791748,28178,28190,12
13.0289201736,80.2765274048,28190,28200,10
13.0279302597,80.2761230469,28200,28210,10
13.027009964,80.2757720947,28210,28220,10
13.026140213,80.2753295898,28220,28231,11
13.0258798599,80.2752227783,28231,28241,10
13.0258102417,80.275177002,28241,28251,10
13.0254201889,80.2750015259,28251,28261,10
13.0247602463,80.2746887207,28261,28271,10
13.0241003036,80.2740631104,28271,28312,41
13.0241003036,80.2740631104,28312,28322,10
13.0239696503,80.27394104,28322,28333,11
13.0236797333,80.2735290527,28333,28343,10
13.0232801437,80.2729492188,28343,28353,10
13.0227098465,80.2721710205,28353,28363,10
13.0220098495,80.2712631226,28363,28373,10
13.0213403702,80.2704162598,28373,28383,10
13.0208997726,80.2699127197,28383,28393,10
13.0208797455,80.2698898315,28393,28403,10
13.0207195282,80.2695388794,28403,28413,10
13.020359993,80.2691268921,28413,28423,10
13.0197696686,80.2684631348,28423,28434,11
13.0190696716,80.267616272,28434,28444,10
13.0187797546,80.2671966553,28444,28454,10
13.0186100006,80.2665634155,28454,28464,10
13.0186100006,80.265838623,28464,28474,10
13.0187797546,80.2651977539,28474,28484,10
13.0190296173,80.2643508911,28484,28493,9
13.018989563,80.263633728,28493,28503,10
13.0189399719,80.2632827759,28503,28514,11
13.0188798904,80.2629394531,28514,28524,10
13.0188798904,80.2626266479,28524,28535,11
13.0187797546,80.261932373,28535,28545,10
13.0186300278,80.2614212036,28545,28555,10
13.0180797577,80.2609405518,28555,28565,10
13.0173501968,80.2604064941,28565,28575,10
13.0166397095,80.2599487305,28575,28585,10
13.0160598755,80.2596664429,28585,28595,10
13.0160303116,80.2596588135,28595,28605,10
13.0158596039,80.2595825195,28605,28615,10
13.0153398514,80.2593994141,28615,28625,10
13.0145397186,80.2593078613,28625,28635,10
13.0135803223,80.2592773438,28635,28646,11
13.0122804642,80.2592391968,28646,28656,10
13.0112600327,80.2592010498,28656,28666,10
13.0102596283,80.2592315674,28666,28676,10
13.0094003677,80.2592391968,28676,28686,10
13.0089597702,80.2592086792,28686,28702,16
13.0085897446,80.2591781616,28702,28714,12
13.0080604553,80.2592315674,28714,28724,10
13.0077400208,80.2591094971,28724,28733,9
13.007399559,80.2586364746,28733,28745,12
13.0072803497,80.2585525513,28745,28754,9
13.007060051,80.2582321167,28754,28765,11
13.0066099167,80.2576522827,28765,28773,8
13.0060195923,80.2574691772,28773,28785,12
13.0056400299,80.2573318481,28785,28795,10
13.0050296783,80.2571716309,28795,28804,9
13.004360199,80.2570571899,28804,28814,10
13.0036401749,80.2569122314,28814,28825,11
13.0029001236,80.2567672729,28825,28835,10
13.0022296906,80.256652832,28835,28845,10
13.0014200211,80.2565383911,28845,28856,11
13.0005302429,80.256401062,28856,28866,10
12.9996099472,80.2562408447,28866,28876,10
12.9985599518,80.2560577393,28876,28916,40
12.9985599518,80.2560577393,28916,28926,10
12.9980802536,80.2559280396,28926,28936,10
12.9973802567,80.2559127808,28936,28977,41
12.9973802567,80.2559127808,28977,28987,10
12.9970397949,80.2559432983,28987,28997,10
12.9967603683,80.2559509277,28997,29007,10
12.9963703156,80.2559432983,29007,29017,10
12.9959402084,80.2559280396,29017,29027,10
12.9954299927,80.2559280396,29027,29037,10
12.9947795868,80.2559204102,29037,29047,10
12.994020462,80.2560119629,29047,29058,11
12.9933300018,80.2559814453,29058,29068,10
12.9920396805,80.2560806274,29068,29078,10
12.9910001755,80.2560806274,29078,29088,10
12.9901599884,80.2560577393,29088,29098,10
12.9891300201,80.2560119629,29098,29108,10
12.9885702133,80.2559585571,29108,29118,10
12.9885501862,80.2559585571,29118,29128,10
12.9883003235,80.2559127808,29128,29138,10
12.9879598618,80.2558517456,29138,29148,10
12.9876403809,80.2561798096,29148,29158,10
12.9876003265,80.2566986084,29158,29169,11
12.9875602722,80.2570800781,29169,29179,10
12.9875297546,80.2577819824,29179,29189,10
12.9874696732,80.2586135864,29189,29199,10
12.987449646,80.2590866089,29199,29209,10
12.9874000549,80.2593307495,29209,29219,10
12.9873199463,80.2595672607,29219,29229,10
12.9872598648,80.2597198486,29229,29239,10
12.9870595932,80.2598495483,29239,29249,10
12.9867601395,80.2598419189,29249,29259,10
12.9865598679,80.2598114014,29259,29269,10
12.9862499237,80.2597732544,29269,29280,11
12.9852399826,80.2596664429,29280,29300,20
12.9852399826,80.2596664429,29300,29310,10
12.9849996567,80.2596435547,29310,29320,10
12.9846401215,80.259552002,29320,29330,10
12.9841899872,80.2595367432,29330,29340,10
12.9841003418,80.2595367432,29340,29350,10
12.983880043,80.2595062256,29350,29360,10
12.9835796356,80.2594985962,29360,29370,10
12.9832601547,80.2594680786,29370,29381,11
12.9829797745,80.2594299316,29381,29391,10
12.9825801849,80.2593917847,29391,29401,10
12.9819402695,80.2593612671,29401,29411,10
12.9813098907,80.2594528198,29411,29421,10
12.9804801941,80.2592163086,29421,29431,10
12.9798002243,80.2591781616,29431,29441,10
12.9791498184,80.2591018677,29441,29451,10
12.9782800674,80.2590789795,29451,29502,51
12.9782800674,80.2590789795,29502,29512,10
12.9781503677,80.2590408325,29512,29522,10
12.9778795242,80.2590789795,29522,29532,10
12.9773302078,80.2591094971,29532,29542,10
12.9767103195,80.2591171265,29542,29552,10
12.9766902924,80.2591171265,29552,29562,10
12.9764003754,80.2591171265,29562,29572,10
12.975979805,80.2589797974,29572,29582,10
12.9754896164,80.2588424683,29582,29593,11
12.9747896194,80.2586135864,29593,29603,10
12.9744100571,80.2584991455,29603,29613,10
12.9741401672,80.258430481,29613,29623,10
12.973739624,80.2583389282,29623,29633,10
12.9732303619,80.2581863403,29633,29643,10
12.9722204208,80.2581634521,29643,29653,10
12.9712495804,80.2581634521,29653,29663,10
12.970410347,80.2580413818,29663,29673,10
12.9699802399,80.2579116821,29673,29683,10
12.96971035,80.2577667236,29683,29693,10
12.9695796967,80.2577362061,29693,29704,11
12.9694004059,80.2576828003,29704,29714,10
12.9689302444,80.257522583,29714,29724,10
12.9684400558,80.2574081421,29724,29734,10
12.9678401947,80.2572174072,29734,29744,10
12.966919899,80.2570037842,29744,29754,10
12.9663496017,80.2569274902,29754,29764,10
12.9661998749,80.2569122314,29764,29774,10
12.9657201767,80.2567977905,29774,29784,10
12.964969635,80.2566680908,29784,29794,10
12.9638900757,80.2565536499,29794,29805,11
12.9628200531,80.256477356,29805,29815,10
12.9616804123,80.2563171387,29815,29835,20
12.9616804123,80.2563171387,29835,29845,10
12.9612703323,80.2561798096,29845,29855,10
12.9608802795,80.2561035156,29855,29865,10
12.9607200623,80.2560806274,29865,29875,10
12.9601602554,80.2559509277,29875,29885,10
12.9593000412,80.2557373047,29885,29895,10
12.9583997726,80.255569458,29895,29905,10
12.9582004547,80.2555389404,29905,29916,11
12.9576797485,80.2554168701,29916,29932,16
12.9561796188,80.255241394,29932,29944,12
12.9549198151,80.2552337646,29944,29954,10
12.9544095993,80.2552108765,29954,29964,10
12.9541301727,80.2552185059,29964,29973,9
12.9540195465,80.2552185059,29973,29984,11
12.9533395767,80.2551879883,29984,29994,10
12.9523801804,80.2551422119,29994,30004,10
12.9512300491,80.2550811768,30004,30015,11
12.9501199722,80.2549667358,30015,30045,30
12.9501199722,80.2549667358,30045,30055,10
12.9500303268,80.2548370361,30055,30065,10
12.9500398636,80.2548294067,30065,30075,10
12.9503297806,80.2548828125,30075,30126,51
12.9506902695,80.2549819946,30126,30672,546
12.9506902695,80.2549819946,30672,30682,10
12.9508104324,80.2550430298,30682,30692,10
12.951210022,80.2550582886,30692,30702,10
12.9518404007,80.2550811768,30702,30712,10
12.952460289,80.2550811768,30712,30722,10
12.9530296326,80.2550964355,30722,30732,10
12.9536895752,80.2551116943,30732,30742,10
12.9545001984,80.2551116943,30742,30793,51
12.9545001984,80.2551116943,30793,30803,10
12.9546804428,80.2551498413,30803,30813,10
12.955039978,80.2551574707,30813,30823,10
12.955619812,80.2551574707,30823,30833,10
12.9562301636,80.2551803589,30833,30843,10
12.956870079,80.2552108765,30843,30853,10
12.9576101303,80.2553024292,30853,30934,81
12.9576101303,80.2553024292,30934,30944,10
12.957909584,80.2554626465,30944,30954,10
12.9583301544,80.255531311,30954,30965,11
12.9591197968,80.2556991577,30965,30975,10
12.9598703384,80.2558517456,30975,30985,10
12.9607801437,80.2560424805,30985,30995,10
12.9614696503,80.2561569214,30995,31025,30
12.9614696503,80.2561569214,31025,31035,10
12.9617395401,80.2562484741,31035,31045,10
12.9620399475,80.2563323975,31045,31055,10
12.9624900818,80.2564086914,31055,31065,10
12.9629497528,80.2564620972,31065,31076,11
12.9630002975,80.2564697266,31076,31086,10
12.963470459,80.256439209,31086,31126,40
12.963470459,80.256439209,31126,31136,10
12.9637002945,80.256477356,31136,31146,10
12.9639797211,80.2565231323,31146,31156,10
12.9646196365,80.2565994263,31156,31172,16
12.9659004211,80.2567977905,31172,31185,13
12.9669599533,80.2569580078,31185,31195,10
12.9678001404,80.2571792603,31195,31205,10
12.9683103561,80.2573165894,31205,31215,10
12.9687595367,80.2574386597,31215,31225,10
12.9692602158,80.25756073,31225,31235,10
12.9697198868,80.2577209473,31235,31265,30
12.9697198868,80.2577209473,31265,31275,10
12.9699201584,80.2577819824,31275,31286,11
12.9703798294,80.2579727173,31286,31296,10
12.9709396362,80.258102417,31296,31306,10
12.9716901779,80.2581176758,31306,31316,10
12.9726104736,80.2581176758,31316,31326,10
12.9735403061,80.2582626343,31326,31336,10
12.9742202759,80.2583999634,31336,31346,10
12.9750099182,80.2586135864,31346,31356,10
12.9755802155,80.2587890625,31356,31366,10
12.9760503769,80.2589263916,31366,31376,10
12.9767904282,80.2590866089,31376,31437,61
12.9767904282,80.2590866089,31437,31447,10
12.9771604538,80.2591705322,31447,31457,10
12.9773597717,80.2591705322,31457,31467,10
12.9776000977,80.2591629028,31467,31477,10
12.9779701233,80.259147644,31477,31487,10
12.9785499573,80.2591094971,31487,31498,11
12.9794597626,80.2591629028,31498,31508,10
12.9801998138,80.259262085,31508,31517,9
12.9806699753,80.2593231201,31517,31528,11
12.9813203812,80.2593307495,31528,31538,10
12.9821596146,80.2593765259,31538,31548,10
12.982749939,80.2593994141,31548,31558,10
12.9828701019,80.2593917847,31558,31568,10
12.9831600189,80.2593994141,31568,31578,10
12.983710289,80.2594528198,31578,31588,10
12.9839496613,80.2594223022,31588,31599,11
12.9839801788,80.2589416504,31599,31609,10
12.9840497971,80.2583999634,31609,31619,10
12.984120369,80.2578277588,31619,31629,10
12.9844703674,80.2577209473,31629,31639,10
12.9851999283,80.2577972412,31639,31649,10
12.9859895706,80.2578582764,31649,31659,10
12.9868202209,80.2579727173,31659,31688,29
12.9868202209,80.2579727173,31688,31700,12
12.9871797562,80.2580337524,31700,31710,10
12.9874401093,80.2579269409,31710,31720,10
12.9874696732,80.2574234009,31720,31730,10
12.9875202179,80.2563705444,31730,31851,121
12.9875202179,80.2563705444,31851,31861,10
12.9877300262,80.2561035156,31861,31871,10
12.9876804352,80.2557907104,31871,31881,10
12.9880199432,80.2557525635,31881,31891,10
12.9883804321,80.2557983398,31891,31900,9
12.9888296127,80.2558898926,31900,31922,22
12.9888296127,80.2558898926,31922,31932,10
12.9890403748,80.2559432983,31932,31942,10
12.9895496368,80.2559967041,31942,31952,10
12.9902696609,80.2560195923,31952,31962,10
12.9907903671,80.2560195923,31962,31972,10
12.9916000366,80.256072998,31972,31982,10
12.9925298691,80.2560806274,31982,31992,10
12.993470192,80.2560195923,31992,32002,10
12.9942398071,80.2559814453,32002,32012,10
12.9949102402,80.2558822632,32012,32023,11
12.9956703186,80.255859375,32023,32033,10
12.9960603714,80.2558364868,32033,32043,10
12.9962997437,80.2558517456,32043,32053,10
12.9968299866,80.2558364868,32053,32063,10
12.9972496033,80.255859375,32063,32073,10
12.9977302551,80.2558898926,32073,32083,10
12.998169899,80.2559280396,32083,32093,10
12.998459816,80.2559204102,32093,32103,10
12.9986495972,80.2559814453,32103,32113,10
12.9991397858,80.2560577393,32113,32214,101
12.9991397858,80.2560577393,32214,32224,10
12.999420166,80.2561798096,32224,32235,11
12.9998397827,80.2562713623,32235,32245,10
13.0005197525,80.256362915,32245,32255,10
13.0014095306,80.2565307617,32255,32265,10
13.0021600723,80.2566223145,32265,32275,10
13.0030603409,80.2567901611,32275,32285,10
13.0041799545,80.2569885254,32285,32315,30
13.0041799545,80.2569885254,32315,32325,10
13.0045700073,80.2570800781,32325,32335,10
13.0050697327,80.2571487427,32335,32346,11
13.0054101944,80.2571792603,32346,32356,10
13.0059604645,80.2573013306,32356,32396,40
13.0061302185,80.2573471069,32396,32416,20
13.0061302185,80.2573471069,32416,32426,10
13.0063199997,80.2574081421,32426,32436,10
13.0066204071,80.2574768066,32436,32447,11
13.0069904327,80.2580413818,32447,32457,10
13.0076398849,80.2586517334,32457,32467,10
13.0086297989,80.2589874268,32467,32487,20
13.0086297989,80.2589874268,32487,32497,10
13.0088500977,80.2590789795,32497,32507,10
13.009059906,80.2590713501,32507,32517,10
13.0095701218,80.2590637207,32517,32527,10
13.0103998184,80.2590789795,32527,32537,10
13.0113801956,80.2590713501,32537,32547,10
13.0125303268,80.2590866089,32547,32558,11
13.0139198303,80.259147644,32558,32568,10
13.0152597427,80.2592163086,32568,32578,10
13.0164604187,80.2596817017,32578,32598,20
13.0164604187,80.2596817017,32598,32608,10
13.0166702271,80.2599029541,32608,32618,10
13.0172195435,80.2602462769,32618,32628,10
13.017950058,80.2607421875,32628,32638,10
13.0186004639,80.2611923218,32638,32648,10
13.0191898346,80.2616882324,32648,32659,11
13.0195302963,80.262008667,32659,32669,10
13.0201196671,80.262588501,32669,32679,10
13.0203199387,80.2629776001,32679,32689,10
13.0199604034,80.2630462646,32689,32699,10
13.0193901062,80.2630615234,32699,32709,10
13.019200325,80.2632827759,32709,32719,10
13.0192203522,80.263961792,32719,32729,10
13.019200325,80.2640914917,32729,32739,10
13.0191497803,80.264503479,32739,32749,10
13.0190095901,80.265007019,32749,32765,16
13.0188102722,80.2658081055,32765,32778,13
13.0188398361,80.266960144,32778,32788,10
13.0193395615,80.2678070068,32788,32798,10
13.0200004578,80.2686386108,32798,32808,10
13.0206604004,80.2695083618,32808,32818,10
13.0211000443,80.2699966431,32818,32828,10
13.0214700699,80.2704467773,32828,32838,10
13.0215301514,80.2705230713,32838,32848,10
13.0218296051,80.2708969116,32848,32858,10
13.0222597122,80.2714691162,32858,32867,9
13.0227403641,80.2720794678,32867,32879,12
13.0233802795,80.2729415894,32879,32889,10
13.0236196518,80.2732620239,32889,32959,70
13.0236196518,80.2732620239,32959,32969,10
13.0237903595,80.2735137939,32969,32980,11
13.0241203308,80.2740020752,32980,32990,10
13.0243997574,80.2743606567,32990,32999,9
13.0247001648,80.2745819092,32999,33010,11
13.0253295898,80.2748413086,33010,33030,20
13.0253295898,80.2748413086,33030,33040,10
13.0257196426,80.2750473022,33040,33050,10
13.0263004303,80.2752838135,33050,33060,10
13.027179718,80.275718689,33060,33070,10
13.0280199051,80.2760620117,33070,33081,11
13.0285701752,80.2762908936,33081,33091,10
13.0293598175,80.2765426636,33091,33101,10
13.0301399231,80.2767868042,33101,33111,10
13.0307998657,80.277130127,33111,33121,10
13.0314903259,80.2774887085,33121,33131,10
13.0322303772,80.2774581909,33131,33141,10
13.0326004028,80.2774505615,33141,33151,10
13.03262043,80.2774505615,33151,33161,10
13.0328302383,80.2774505615,33161,33171,10
13.0332803726,80.2773666382,33171,33181,10
13.0337696075,80.277381897,33181,33192,11
13.0344800949,80.2775726318,33192,33202,10
13.0351495743,80.2776794434,33202,33212,10
13.0357198715,80.2777709961,33212,33222,10
13.0363998413,80.2778930664,33222,33232,10
13.0370597839,80.278137207,33232,33242,10
13.0372495651,80.2782363892,33242,33252,10
13.0377197266,80.2783432007,33252,33262,10
13.0388402939,80.2786483765,33262,33282,20
13.0388402939,80.2786483765,33282,33293,11
13.0392303467,80.2788085938,33293,33303,10
13.0397596359,80.2789764404,33303,33313,10
13.0405702591,80.2791976929,33313,33323,10
13.0415802002,80.2793884277,33323,33333,10
13.0425701141,80.279548645,33333,33343,10
13.0431003571,80.2796020508,33343,33353,10
13.043589592,80.2797164917,33353,33363,10
13.0443000793,80.2798690796,33363,33373,10
13.0452003479,80.2799987793,33373,33383,10
13.0457801819,80.2800674438,33383,33393,10
13.0457897186,80.2800674438,33393,33404,11
13.0459499359,80.280090332,33404,33414,10
13.0465097427,80.280166626,33414,33424,10
13.047369957,80.2802886963,33424,33434,10
13.0484199524,80.2804412842,33434,33444,10
13.0494003296,80.2805786133,33444,33454,10
13.0494403839,80.2805786133,33454,33464,10
13.0495004654,80.2805862427,33464,33480,16
13.0505695343,80.2807617188,33480,33502,22
13.0505695343,80.2807617188,33502,33513,11
13.0509796143,80.2808227539,33513,33523,10
13.0516796112,80.2809295654,33523,33533,10
13.0526399612,80.2810821533,33533,33543,10
13.0536203384,80.28125,33543,33553,10
13.0548601151,80.2814788818,33553,33562,9
13.0564899445,80.2817764282,33562,33604,42
13.0564899445,80.2817764282,33604,33615,11
13.0567903519,80.2818527222,33615,33625,10
13.0572595596,80.2819366455,33625,33645,20
13.0572595596,80.2819366455,33645,33655,10
13.057510376,80.2819976807,33655,33665,10
13.0580797195,80.2821121216,33665,33675,10
13.0588703156,80.2822723389,33675,33685,10
13.0597696304,80.2824630737,33685,33695,10
13.0607995987,80.282661438,33695,33705,10
13.0617599487,80.2828369141,33705,33715,10
13.0631799698,80.2831420898,33715,33736,21
13.0631799698,80.2831420898,33736,33746,10
13.0633897781,80.283203125,33746,33756,10
13.0637598038,80.2832565308,33756,33776,20
13.0637598038,80.2832565308,33776,33786,10
13.0640201569,80.2833633423,33786,33796,10
13.0645198822,80.283493042,33796,33806,10
13.0653600693,80.2836914063,33806,33816,10
13.0663995743,80.2839279175,33816,33827,11
13.0673799515,80.2840881348,33827,33837,10
13.0676603317,80.2841186523,33837,33847,10
13.0681600571,80.2842483521,33847,33857,10
13.0689001083,80.2844161987,33857,33867,10
13.0698604584,80.2846832275,33867,33877,10
13.0710201263,80.2849578857,33877,33887,10
13.0721101761,80.2852020264,33887,33897,10
13.0732002258,80.2853012085,33897,33907,10
13.0740404129,80.2855606079,33907,33917,10
13.0746097565,80.2861785889,33917,33927,10
13.0755596161,80.286781311,33927,33938,11
13.0768899918,80.2872161865,33938,33948,10
13.0782003403,80.2875595093,33948,33958,10
13.079369545,80.2879486084,33958,33968,10
13.079990387,80.2880630493,33968,33978,10
13.0806999207,80.2882232666,33978,33988,10
13.0808095932,80.2882537842,33988,33998,10
13.0810604095,80.2883529663,33998,34008,10
13.0817098618,80.28855896,34008,34018,10
13.0826196671,80.2889404297,34018,34028,10
13.0836601257,80.2891616821,34028,34039,11
13.0848197937,80.2891311646,34039,34049,10
13.0859699249,80.2892990112,34049,34059,10
13.0871896744,80.2896575928,34059,34069,10
13.088060379,80.2900314331,34069,34079,10
13.0888500214,80.2901535034,34079,34109,30
13.0888500214,80.2901535034,34109,34119,10
13.0886201859,80.2902374268,34119,34129,10
13.0878896713,80.2899169922,34129,34139,10
13.0870895386,80.2896728516,34139,34150,11
13.0862903595,80.2894897461,34150,34160,10
13.0857496262,80.2892684937,34160,34172,12
13.0852899551,80.2884216309,34172,34182,10
13.0851697922,80.2873382568,34182,34192,10
13.0852603912,80.2861404419,34192,34202,10
13.0853500366,80.2851486206,34202,34210,8
13.0853395462,80.2844467163,34210,34222,12
13.0852804184,80.2842712402,34222,34232,10
13.0852899551,80.2840194702,34232,34242,10
13.0854501724,80.2836608887,34242,34252,10
13.0856599808,80.2835235596,34252,34263,11
13.0860004425,80.2835006714,34263,34273,10
13.0865898132,80.2836914063,34273,34293,20
13.0869503021,80.2836914063,34293,34323,30
13.0869503021,80.2836914063,34323,34333,10
13.0873203278,80.2836914063,34333,34364,31
13.0873203278,80.2836914063,34364,34374,10
13.0874204636,80.2836837769,34374,34384,10
13.0876197815,80.2836914063,34384,34394,10
13.0880002975,80.2837524414,34394,34727,333
13.0880002975,80.2837524414,34727,34737,10
13.0882701874,80.2835388184,34737,34747,10
13.0883398056,80.2833175659,34747,34757,10
13.0883102417,80.2828903198,34757,34767,10
13.0883302689,80.282409668,34767,34778,11
13.0882997513,80.2819900513,34778,34788,10
13.0881004333,80.281539917,34788,34798,10
13.0882797241,80.2814407349,34798,34808,10
13.0884199142,80.2816314697,34808,34818,10
13.0883598328,80.2818222046,34818,34828,10
13.0883102417,80.2821426392,34828,34838,10
13.0882997513,80.2828063965,34838,34848,10
13.0883598328,80.2834014893,34848,34858,10
13.0884304047,80.2838516235,34858,34868,10
13.0884504318,80.284866333,34868,34899,31
13.0884504318,80.284866333,34899,34909,10
13.0885400772,80.2853164673,34909,34919,10
13.0885601044,80.28565979,34919,34929,10
13.0885601044,80.2859725952,34929,34939,10
13.0885696411,80.2863616943,34939,34949,10
13.0886001587,80.2866134644,34949,34959,10
13.0886297226,80.2872161865,34959,34969,10
13.0886297226,80.2874832153,34969,34979,10
13.0886602402,80.2878494263,34979,34990,11
13.0887403488,80.2884292603,34990,35000,10
13.0887298584,80.288482666,35000,35010,10
13.0887403488,80.2887268066,35010,35020,10
13.0887699127,80.2891769409,35020,35050,30
13.0887699127,80.2891769409,35050,35060,10
13.0887899399,80.2896194458,35060,35070,10
13.0888299942,80.2900772095,35070,35090,20
13.0888299942,80.2900772095,35090,35101,11
13.0886898041,80.2903518677,35101,35111,10
13.0886802673,80.2904815674,35111,35121,10
13.0885095596,80.2905426025,35121,35131,10
13.088139534,80.290222168,35131,35141,10
13.0874595642,80.2898406982,35141,35151,10
13.0865898132,80.2894973755,35151,35161,10
13.0855998993,80.2892532349,35161,35171,10
13.0847301483,80.2891387939,35171,35181,10
13.0837402344,80.2891769409,35181,35191,10
13.0827999115,80.2890625,35191,35202,11
13.0815896988,80.2885818481,35202,35212,10
13.0800695419,80.2881393433,35212,35242,30
13.0800695419,80.2881393433,35242,35252,10
13.0797300339,80.2880783081,35252,35262,10
13.0791501999,80.2879104614,35262,35272,10
13.0783700943,80.2876281738,35272,35282,10
13.077340126,80.287361145,35282,35292,10
13.0761604309,80.2870407104,35292,35302,10
13.0750303268,80.2864990234,35302,35313,11
13.0738697052,80.2860031128,35313,35323,10
13.0728902817,80.2856369019,35323,35333,10
13.0717697144,80.2852020264,35333,35342,9
13.0706596375,80.2848892212,35342,35353,11
13.0693998337,80.284576416,35353,35363,10
13.0683097839,80.2843322754,35363,35373,10
13.0680503845,80.2842712402,35373,35383,10
13.0675201416,80.2842178345,35383,35393,10
13.0666999817,80.2840423584,35393,35403,10
13.0656700134,80.283821106,35403,35414,11
13.064499855,80.2835617065,35414,35424,10
13.0634803772,80.2833023071,35424,35434,10
13.0625600815,80.2831115723,35434,35454,20
13.0625600815,80.2831115723,35454,35464,10
13.0622301102,80.2830200195,35464,35474,10
13.0615596771,80.2828826904,35474,35484,10
13.0606603622,80.2826766968,35484,35494,10
13.0595703125,80.2824478149,35494,35504,10
13.0584001541,80.2822036743,35504,35513,9
13.0579004288,80.2821121216,35513,35525,12
13.0576400757,80.2820510864,35525,35536,11
13.0570497513,80.2819213867,35536,35546,10
13.0567398071,80.2818527222,35546,35556,10
13.0567102432,80.2818374634,35556,35566,10
13.0563001633,80.28175354,35566,35576,10
13.055560112,80.2816009521,35576,35586,10
13.054599762,80.2814178467,35586,35596,10
13.053440094,80.2811889648,35596,35606,10
13.0521802902,80.28099823,35606,35616,10
13.0512599945,80.2808685303,35616,35627,11
13.0502901077,80.2807693481,35627,35647,20
13.0502901077,80.2807693481,35647,35657,10
13.0500602722,80.2807312012,35657,35667,10
13.0494699478,80.2806396484,35667,35677,10
13.0486402512,80.2805175781,35677,35687,10
13.0476102829,80.2803726196,35687,35697,10
13.0464000702,80.2802124023,35697,35707,10
13.0457201004,80.2801132202,35707,35717,10
13.0456600189,80.2800979614,35717,35727,10
13.0452299118,80.2800369263,35727,35738,11
13.0444402695,80.2799224854,35738,35748,10
13.0436096191,80.2798080444,35748,35758,10
13.0435199738,80.2797927856,35758,35768,10
13.0434799194,80.2797775269,35768,35778,10
13.0430698395,80.2796936035,35778,35788,10
13.0423402786,80.279548645,35788,35798,10
13.0413599014,80.2793579102,35798,35808,10
13.0402402878,80.2790985107,35808,35818,10
13.0395898819,80.2788925171,35818,35828,10
13.0390996933,80.2787704468,35828,35859,31
13.0390996933,80.2787704468,35859,35869,10
13.0387897491,80.2786636353,35869,35879,10
13.0381603241,80.2784423828,35879,35889,10
13.0375900269,80.2782592773,35889,35899,10
13.037320137,80.2782592773,35899,35909,10
13.0368003845,80.2780609131,35909,35919,10
13.0360803604,80.2778396606,35919,35929,10
13.0354499817,80.2776870728,35929,35939,10
13.0347204208,80.2774810791,35939,35950,11
13.0338897705,80.27734375,35950,35960,10
13.0335302353,80.277381897,35960,35970,10
13.0329399109,80.2774810791,35970,35980,10
13.0322704315,80.2775115967,35980,35990,10
13.0312795639,80.2773284912,35990,36000,10
13.0309896469,80.2772064209,36000,36010,10
13.0308303833,80.2771911621,36010,36020,10
13.0303697586,80.2769622803,36020,36030,10
13.0297803879,80.2767486572,36030,36040,10
13.0291996002,80.2767333984,36040,36051,11
13.0285596848,80.276550293,36051,36061,10
13.027970314,80.2764968872,36061,36069,8
13.0272102356,80.2759475708,36069,36081,12
13.0262403488,80.2753372192,36081,36091,10
13.0262203217,80.2753219604,36091,36101,10
13.0258398056,80.2751083374,36101,36111,10
13.0252599716,80.2748565674,36111,36121,10
13.0244703293,80.2744216919,36121,36131,10
13.023850441,80.2736816406,36131,36141,10
13.0231895447,80.2727966309,36141,36150,9
13.0225095749,80.2718887329,36150,36162,12
13.0215597153,80.270652771,36162,36171,9
13.0208702087,80.269859314,36171,36192,21
13.0208702087,80.269859314,36192,36202,10
13.0207901001,80.2696990967,36202,36212,10
13.0205698013,80.2694702148,36212,36222,10
13.0200796127,80.2689437866,36222,36232,10
13.0194997787,80.2682571411,36232,36242,10
13.0188598633,80.2675476074,36242,36252,10
13.0186004639,80.2666473389,36252,36263,11
13.0186395645,80.2658233643,36263,36273,10
13.0188503265,80.2650604248,36273,36282,9
13.0190696716,80.2641983032,36282,36293,11
13.0190200806,80.2634277344,36293,36303,10
13.0188798904,80.2630462646,36303,36313,10
13.0188703537,80.2629013062,36313,36323,10
13.0188798904,80.2626113892,36323,36333,10
13.0187902451,80.26197052,36333,36343,10
13.0185403824,80.2612228394,36343,36353,10
13.0178403854,80.2607421875,36353,36363,10
13.0171298981,80.2602310181,36363,36374,11
13.0160398483,80.2596511841,36374,36394,20
13.0160398483,80.2596511841,36394,36403,9
13.0158195496,80.2595596313,36403,36414,11
13.0153503418,80.2593994141,36414,36424,10
13.0149002075,80.2593307495,36424,36434,10
13.0143404007,80.2593002319,36434,36444,10
13.0136098862,80.2592697144,36444,36454,10
13.0127401352,80.2592391968,36454,36464,10
13.0117502213,80.2592010498,36464,36475,11
13.0104503632,80.2592086792,36475,36485,10
13.0094299316,80.259147644,36485,36495,10
13.0088996887,80.2592315674,36495,36505,10
13.0085897446,80.2592163086,36505,36515,10
13.008099556,80.2593002319,36515,36525,10
13.0072803497,80.258682251,36525,36555,30
13.0072803497,80.258682251,36555,36565,10
13.007060051,80.2583084106,36565,36575,10
13.006770134,80.2580032349,36575,36586,11
13.0060195923,80.257598877,36586,36596,10
13.0052995682,80.25756073,36596,36606,10
13.0041999817,80.2572402954,36606,36616,10
13.0031404495,80.2568588257,36616,36626,10
13.0023698807,80.2566986084,36626,36636,10
13.0018501282,80.256652832,36636,36666,30
13.0018501282,80.256652832,36666,36676,10
13.0014801025,80.2565994263,36676,36687,11
13.0010299683,80.2564926147,36687,36697,10
13.0003900528,80.2564163208,36697,36707,10
13.0001497269,80.2563476563,36707,36717,10
12.9996995926,80.2562637329,36717,36727,10
12.9992599487,80.2561798096,36727,36737,10
12.9988298416,80.2560806274,36737,36757,20
12.9988298416,80.2560806274,36757,36767,10
12.998459816,80.2559814453,36767,36777,10
12.9979200363,80.255821228,36777,36808,31
12.9979200363,80.255821228,36808,36818,10
12.9976196289,80.255897522,36818,36828,10
12.9972600937,80.2558517456,36828,36838,10
12.9969701767,80.255859375,36838,36848,10
12.9965600967,80.255859375,36848,36858,10
12.9961700439,80.255821228,36858,36868,10
12.9958496094,80.2558288574,36868,36878,10
12.9954099655,80.255821228,36878,36895,17
12.9944496155,80.2557983398,36895,36907,12
12.9938001633,80.2558822632,36907,36917,10
12.9929199219,80.2559127808,36917,36927,10
12.9919395447,80.2559204102,36927,36937,10
12.9912700653,80.2559204102,36937,36947,10
12.9908103943,80.2559280396,36947,36957,10
12.99036026,80.255897522,36957,36967,10
12.9898004532,80.2559204102,36967,36977,10
12.9887895584,80.2558822632,36977,37007,30
12.9887895584,80.2558822632,37007,37026,19
12.9885196686,80.255859375,37026,37038,12
12.9882802963,80.2558364868,37038,37048,10
12.987950325,80.2557983398,37048,37058,10
12.9876804352,80.2560577393,37058,37068,10
12.9876003265,80.256690979,37068,37078,10
12.9875602722,80.2570877075,37078,37088,10
12.9875001907,80.2577362061,37088,37098,10
12.9873895645,80.2587127686,37098,37109,11
12.9871902466,80.2597198486,37109,37160,51
12.9868001938,80.2597885132,37160,37190,30
12.9868001938,80.2597885132,37190,37200,10
12.9863796234,80.2597427368,37200,37209,9
12.986120224,80.2596664429,37209,37221,12
12.9851903915,80.2595901489,37221,37271,50
12.9851903915,80.2595901489,37271,37281,10
12.9848604202,80.2595367432,37281,37291,10
12.9844703674,80.2594909668,37291,37301,10
12.983830452,80.2594528198,37301,37311,10
12.9832801819,80.2594223022,37311,37352,41
12.9832801819,80.2594223022,37352,37362,10
12.9830904007,80.2593994141,37362,37372,10
12.9828796387,80.2593917847,37372,37382,10
12.9823904037,80.2593612671,37382,37392,10
12.9815702438,80.2593612671,37392,37402,10
12.9807395935,80.2593765259,37402,37412,10
12.9800395966,80.2592773438,37412,37422,10
12.979180336,80.2591400146,37422,37433,11
12.9784603119,80.2590332031,37433,37443,10
12.9780197144,80.2590789795,37443,37452,9
12.9777202606,80.2591018677,37452,37463,11
12.9765701294,80.2590332031,37463,37483,20
12.9765701294,80.2590332031,37483,37493,10
12.976269722,80.258972168,37493,37503,10
12.975689888,80.2588424683,37503,37513,10
12.9751300812,80.258682251,37513,37523,10
12.9742603302,80.258430481,37523,37533,10
12.9736404419,80.2583084106,37533,37544,11
12.972869873,80.2581634521,37544,37554,10
12.9719400406,80.2581176758,37554,37564,10
12.9709701538,80.2580871582,37564,37574,10
12.9701404572,80.2578964233,37574,37584,10
12.9697303772,80.2577896118,37584,37594,10
12.9697198868,80.2577819824,37594,37604,10
12.9694700241,80.2576828003,37604,37614,10
12.9693403244,80.2576293945,37614,37624,10
12.968870163,80.2574996948,37624,37634,10
12.9681997299,80.2573318481,37634,37645,11
12.9673995972,80.2570800781,37645,37655,10
12.9664096832,80.2569122314,37655,37665,10
12.9654302597,80.2567520142,37665,37675,10
12.9642601013,80.2565536499,37675,37685,10
12.9637098312,80.2564926147,37685,37695,10
12.9632101059,80.2564163208,37695,37705,10
12.9623603821,80.2563476563,37705,37715,10
12.9616804123,80.2562408447,37715,37725,10
12.961640358,80.2562332153,37725,37735,10
12.9609098434,80.2561035156,37735,37766,31
12.9609098434,80.2561035156,37766,37776,10
12.9606895447,80.2560119629,37776,37786,10
12.9601402283,80.2559127808,37786,37796,10
12.9592599869,80.2557373047,37796,37806,10
12.9582595825,80.255531311,37806,37824,18
12.956580162,80.255241394,37824,37836,12
12.9551401138,80.2552108765,37836,37846,10
12.9542303085,80.2551879883,37846,37856,10
12.9540596008,80.2551727295,37856,37867,11
12.9535703659,80.2551574707,37867,37877,10
12.952750206,80.2551422119,37877,37887,10
12.9517002106,80.2550964355,37887,37897,10
12.950510025,80.2550201416,37897,37917,20
12.950510025,80.2550201416,37917,37927,10
12.9502601624,80.2549362183,37927,37947,20
12.9502601624,80.2549362183,37947,37957,10
12.9499902725,80.2549133301,37957,37968,11
12.9495601654,80.2548065186,37968,37978,10
12.9490203857,80.2546920776,37978,37988,10
12.9482803345,80.2544708252,37988,37998,10
12.9473495483,80.2542190552,37998,38008,10
12.9463500977,80.2539520264,38008,38018,10
12.9452495575,80.2537918091,38018,38028,10
12.9442901611,80.2536621094,38028,38038,10
12.9429197311,80.2534179688,38038,38048,10
12.9420099258,80.253288269,38048,38058,10
12.9419698715,80.253288269,38058,38068,10
12.9415597916,80.2531967163,38068,38079,11
12.9407501221,80.2530288696,38079,38089,10
12.9398803711,80.2528381348,38089,38099,10
12.9388904572,80.2527770996,38099,38109,10
12.9383497238,80.2527313232,38109,38119,10
12.9383201599,80.2527313232,38119,38129,10
12.9378700256,80.2526016235,38129,38139,10
12.9371004105,80.252456665,38139,38149,10
12.936050415,80.2523269653,38149,38159,10
12.9347600937,80.2521820068,38159,38169,10
12.9334001541,80.2520675659,38169,38180,11
12.9318504333,80.2518768311,38180,38190,10
12.9304599762,80.2517318726,38190,38200,10
12.9290599823,80.2515563965,38200,38210,10
12.9278097153,80.2514419556,38210,38220,10
12.927479744,80.251411438,38220,38230,10
12.927189827,80.251373291,38230,38240,10
12.9265098572,80.2512817383,38240,38250,10
12.9255504608,80.2511978149,38250,38260,10
12.9246101379,80.2511978149,38260,38270,10
12.9238595963,80.2511825562,38270,38280,10
12.9238395691,80.2511825562,38280,38291,11
12.9235801697,80.251121521,38291,38301,10
12.9228801727,80.2510681152,38301,38311,10
12.9218797684,80.251121521,38311,38321,10
12.9206695557,80.2513885498,38321,38331,10
12.9195604324,80.251083374,38331,38341,10
12.9188098907,80.2508773804,38341,38351,10
12.9186697006,80.2508621216,38351,38361,10
12.9184398651,80.2508010864,38361,38371,10
12.9177999496,80.2506866455,38371,38381,10
12.9168395996,80.2505722046,38381,38392,11
12.91547966,80.2504730225,38392,38402,10
12.9146299362,80.2504272461,38402,38422,20
12.9146299362,80.2504272461,38422,38432,10
12.9146795273,80.25025177,38432,38442,10
12.915019989,80.2502822876,38442,38634,192
12.915019989,80.2502822876,38634,38644,10
12.9152498245,80.2503433228,38644,38654,10
12.9156303406,80.2503662109,38654,38664,10
12.9162998199,80.2504196167,38664,38674,10
12.917140007,80.25050354,38674,38684,10
12.9180498123,80.250617981,38684,38694,10
12.9190702438,80.2508087158,38694,38704,10
12.9197502136,80.2510528564,38704,38715,11
12.9205503464,80.2512969971,38715,38755,40
12.9205503464,80.2512969971,38755,38765,10
12.9205703735,80.2513275146,38765,38775,10
12.9208402634,80.2512969971,38775,38785,10
12.9214000702,80.2511520386,38785,38815,30
12.9214000702,80.2511520386,38815,38826,11
12.9220199585,80.2510528564,38826,38836,10
12.9228696823,80.2510070801,38836,38846,10
12.9238796234,80.251083374,38846,38856,10
12.9249401093,80.251121521,38856,38866,10
12.9262104034,80.2511901855,38866,38876,10
12.9274902344,80.2513198853,38876,38886,10
12.9285497665,80.2514419556,38886,38896,10
12.9294099808,80.2515029907,38896,38906,10
12.9294500351,80.2515106201,38906,38916,10
12.9295797348,80.2515411377,38916,38927,11
12.9300804138,80.2516021729,38927,38937,10
12.9308595657,80.2516937256,38937,38947,10
12.9317598343,80.2517929077,38947,38957,10
12.9326200485,80.2519073486,38957,38967,10
12.9336595535,80.2520217896,38967,38977,10
12.934800148,80.2521514893,38977,38987,10
12.9359998703,80.2523117065,38987,38997,10
12.9371500015,80.2524414063,38997,39007,10
12.9383096695,80.2525787354,39007,39038,31
12.9383096695,80.2525787354,39038,39048,10
12.9383296967,80.2526397705,39048,39058,10
12.9386100769,80.2526931763,39058,39068,10
12.9386301041,80.2526931763,39068,39078,10
12.939040184,80.2527389526,39078,39088,10
12.939740181,80.2527999878,39088,39098,10
12.9406700134,80.2529525757,39098,39108,10
12.9416599274,80.2531280518,39108,39118,10
12.9422702789,80.2532196045,39118,39128,10
12.9423503876,80.2532272339,39128,39139,11
12.9428596497,80.2533111572,39139,39149,10
12.9434499741,80.2534332275,39149,39159,10
12.9442501068,80.2535934448,39159,39169,10
12.9450798035,80.2537231445,39169,39179,10
12.945810318,80.2538070679,39179,39189,10
12.946680069,80.2539520264,39189,39199,10
12.9473800659,80.2541275024,39199,39209,10
12.9480199814,80.2543182373,39209,39219,10
12.9487895966,80.2545471191,39219,39229,10
12.9497900009,80.2547836304,39229,39260,31
12.9497900009,80.2547836304,39260,39270,10
12.9500999451,80.2548675537,39270,39280,10
12.9507198334,80.2549819946,39280,39290,10
12.9515399933,80.2550430298,39290,39300,10
12.9525403976,80.2550811768,39300,39310,10
12.9535799026,80.2551116943,39310,39320,10
12.9544496536,80.2551116943,39320,39330,10
12.9545297623,80.2551116943,39330,39340,10
12.9546003342,80.2551269531,39340,39351,11
12.9550800323,80.2551422119,39351,39361,10
12.9558000565,80.2551727295,39361,39371,10
12.9566402435,80.2552032471,39371,39381,10
12.9575500488,80.2553482056,39381,39391,10
12.9583702087,80.2554702759,39391,39401,10
12.9587697983,80.255531311,39401,39472,71
12.9587697983,80.255531311,39472,39482,10
12.9589595795,80.2556762695,39482,39492,10
12.9594202042,80.2557678223,39492,39502,10
12.9600801468,80.2558898926,39502,39512,10
12.9604797363,80.2559814453,39512,39520,8
12.9611501694,80.256111145,39520,39542,22
12.9611501694,80.256111145,39542,39552,10
12.9614801407,80.256187439,39552,39563,11
12.9621200562,80.2563171387,39563,39573,10
12.9629602432,80.2564315796,39573,39583,10
12.9637098312,80.2565002441,39583,39593,10
12.9641199112,80.2565307617,39593,39603,10
12.9647798538,80.2566070557,39603,39613,10
12.9657001495,80.2567596436,39613,39623,10
12.9665699005,80.2568969727,39623,39633,10
12.9672298431,80.257019043,39633,39643,10
12.968000412,80.2572097778,39643,39653,10
12.9688196182,80.2574310303,39653,39663,10
12.9695997238,80.2576675415,39663,39684,21
12.9695997238,80.2576675415,39684,39694,10
12.9699897766,80.2578201294,39694,39704,10
12.9706201553,80.2580184937,39704,39714,10
12.9715003967,80.2581176758,39714,39724,10
12.9724998474,80.2580795288,39724,39734,10
12.9735498428,80.2582397461,39734,39744,10
12.9742498398,80.2584075928,39744,39754,10
12.9748802185,80.2585830688,39754,39764,10
12.9754400253,80.2587509155,39764,39774,10
12.9760704041,80.2589416504,39774,39785,11
12.9766197205,80.2590789795,39785,39805,20
12.9766197205,80.2590789795,39805,39821,16
12.976940155,80.259147644,39821,39833,12
12.9771900177,80.2591629028,39833,39843,10
12.977399826,80.2591400146,39843,39853,10
12.9775104523,80.259147644,39853,39863,10
12.9777002335,80.2591171265,39863,39873,10
12.9781103134,80.2591094971,39873,39880,7
12.9785203934,80.2590866089,39880,39894,14
12.9790000916,80.2590789795,39894,39904,10
12.9792995453,80.2591094971,39904,39914,10
12.9795503616,80.259147644,39914,39924,10
12.9798603058,80.2592010498,39924,39934,10
12.9798603058,80.2592086792,39934,39944,10
12.9800901413,80.259262085,39944,39954,10
12.9804201126,80.2593002319,39954,39964,10
12.9814901352,80.2593002319,39964,40010,46
12.9814901352,80.2593002319,40010,40020,10
12.9817199707,80.259262085,40020,40030,10
12.9820804596,80.259262085,40030,40040,10
12.9823503494,80.2592773438,40040,40050,10
12.9828100204,80.2593231201,40050,40080,30
12.9828100204,80.2593231201,40080,40090,10
12.9830303192,80.2593917847,40090,40101,11
12.9834804535,80.2594223022,40101,40111,10
12.9836101532,80.259437561,40111,40121,10
12.9837303162,80.2594528198,40121,40131,10
12.983880043,80.2594680786,40131,40141,10
12.9839696884,80.2592163086,40141,40151,10
12.9839897156,80.2590026855,40151,40161,10
12.9840202332,80.2587509155,40161,40171,10
12.9840602875,80.2584762573,40171,40181,10
12.9840898514,80.2582015991,40181,40191,10
12.9841403961,80.2578964233,40191,40202,11
12.9844198227,80.2577819824,40202,40212,10
12.9849100113,80.2577819824,40212,40222,10
12.9857196808,80.2578735352,40222,40232,10
12.9868602753,80.2579727173,40232,40252,20
12.9868602753,80.2579727173,40252,40268,16
12.9872903824,80.2580184937,40268,40280,12
12.9873895645,80.2574768066,40280,40290,10
12.9874601364,80.256729126,40290,40300,10
12.9874897003,80.2563400269,40300,40310,10
12.9875001907,80.2561569214,40310,40381,71
12.9875001907,80.2561569214,40381,40391,10
12.9875402451,80.2559967041,40391,40401,10
12.9876499176,80.2557373047,40401,40411,10
12.9880199432,80.2557373047,40411,40422,11
12.9883699417,80.2557907104,40422,40432,10
12.9885501862,80.255821228,40432,40442,10
12.9886302948,80.2558364868,40442,40452,10
12.9888000488,80.2558822632,40452,40462,10
12.9892702103,80.2559127808,40462,40472,10
12.9899301529,80.2559432983,40472,40482,10
12.9904603958,80.2559204102,40482,40492,10
12.9910497665,80.2559585571,40492,40502,10
12.9917201996,80.2559814453,40502,40512,10
12.9925003052,80.2559585571,40512,40523,11
12.9933795929,80.2559204102,40523,40533,10
12.9939203262,80.2558898926,40533,40543,10
12.9941501617,80.2559204102,40543,40553,10
12.9945802689,80.255897522,40553,40563,10
12.9949903488,80.255859375,40563,40573,10
12.9952297211,80.2558517456,40573,40583,10
12.9954996109,80.2558364868,40583,40593,10
12.9961299896,80.255859375,40593,40634,41
12.9961299896,80.255859375,40634,40644,10
12.9962797165,80.2559280396,40644,40654,10
12.9965896606,80.2558898926,40654,40664,10
12.9968996048,80.2558670044,40664,40674,10
12.9976797104,80.2558898926,40674,40694,20
12.9976797104,80.2558898926,40694,40704,10
12.9979600906,80.255897522,40704,40714,10
12.998550415,80.2559509277,40714,40735,21
12.998550415,80.2559509277,40735,40745,10
12.9988298416,80.2560195923,40745,40755,10
12.9989595413,80.2560577393,40755,40765,10
12.9992904663,80.256111145,40765,40775,10
12.9997196198,80.256187439,40775,40785,10
13.0005598068,80.256362915,40785,40833,48
13.0005598068,80.256362915,40833,40843,10
13.0009202957,80.2565078735,40843,40854,11
13.0013198853,80.2565612793,40854,40864,10
13.0016498566,80.2566223145,40864,40874,10
13.0021800995,80.2566833496,40874,40884,10
13.0023698807,80.2566986084,40884,40894,10
13.0027198792,80.2567596436,40894,40904,10
13.0031700134,80.2568435669,40904,40914,10
13.0037097931,80.256942749,40914,40924,10
13.0043296814,80.2570571899,40924,40934,10
13.0049200058,80.2571716309,40934,40944,10
13.0055904388,80.257270813,40944,40955,11
13.0061903,80.2573471069,40955,40965,10
13.0061903,80.2573471069,40965,40974,9
13.0067195892,80.2574768066,40974,40985,11
13.007060051,80.2580718994,40985,40995,10
13.0073604584,80.2584686279,40995,41005,10
13.0080604553,80.2587966919,41005,41015,10
13.0085601807,80.2589569092,41015,41025,10
13.0085802078,80.258972168,41025,41035,10
13.0088100433,80.2591400146,41035,41046,11
13.0093402863,80.2591094971,41046,41056,10
13.0101299286,80.2590866089,41056,41067,11
13.0112104416,80.2590789795,41067,41076,9
13.0122203827,80.2590789795,41076,41087,11
13.0135602951,80.2591400146,41087,41097,10
13.0148601532,80.2591934204,41097,41106,9
13.0163402557,80.2595977783,41106,41127,21
13.0163402557,80.2595977783,41127,41137,10
13.0163803101,80.2596893311,41137,41147,10
13.016699791,80.2599487305,41147,41157,10
13.0173501968,80.2603988647,41157,41168,11
13.018239975,80.2610015869,41168,41178,10
13.0189695358,80.2615737915,41178,41188,10
13.0194301605,80.2620010376,41188,41198,10
13.0200996399,80.2626495361,41198,41208,10
13.0201597214,80.2630004883,41208,41218,10
13.019610405,80.2629699707,41218,41228,10
13.0190401077,80.2630004883,41228,41238,10
13.0190200806,80.2635879517,41238,41248,10
13.0190896988,80.2640380859,41248,41258,10
13.019109726,80.2641830444,41258,41269,11
13.0190200806,80.2646636963,41269,41279,10
13.0188503265,80.265296936,41279,41289,10
13.0187196732,80.2658233643,41289,41299,10
13.0186901093,80.2665863037,41299,41309,10
13.0188798904,80.2674102783,41309,41319,10
13.0195598602,80.2682189941,41319,41329,10
13.0204000473,80.2692184448,41329,41339,10
13.020939827,80.269859314,41339,41349,10
13.0213499069,80.2703704834,41349,41359,10
13.0214500427,80.2705001831,41359,41371,12
13.0216398239,80.2707366943,41371,41382,11
13.0221796036,80.2714614868,41382,41392,10
13.0227499008,80.2722015381,41392,41401,9
13.0235795975,80.2733001709,41401,41443,42
13.0235795975,80.2733001709,41443,41453,10
13.0237998962,80.2735900879,41453,41463,10
13.0241003036,80.2740097046,41463,41472,9
13.0243597031,80.2743911743,41472,41482,10
13.0252304077,80.2748718262,41482,41504,22
13.0252304077,80.2748718262,41504,41515,11
13.0256500244,80.2750930786,41515,41525,10
13.0263299942,80.2754211426,41525,41534,9
13.0268201828,80.2756271362,41534,41545,11
13.0270004272,80.275718689,41545,41555,10
13.0274896622,80.2759399414,41555,41565,10
13.0280303955,80.2761383057,41565,41575,10
13.0283403397,80.2762680054,41575,41586,11
13.0285701752,80.2763671875,41586,41596,10
13.0290298462,80.2765197754,41596,41606,10
13.0295801163,80.2766799927,41606,41616,10
13.0299196243,80.2767715454,41616,41626,10
13.0303697586,80.2769699097,41626,41636,10
13.0307598114,80.2771835327,41636,41646,10
13.0312404633,80.2774887085,41646,41656,10
13.031829834,80.2775726318,41656,41666,10
13.0323896408,80.2775115967,41666,41676,10
13.032699585,80.2774505615,41676,41686,10
13.0327196121,80.2774505615,41686,41697,11
13.0329399109,80.2774581909,41697,41707,10
13.0334596634,80.2773590088,41707,41717,10
13.0341396332,80.2774963379,41717,41727,10
13.0347499847,80.2776184082,41727,41737,10
13.0353298187,80.2777023315,41737,41747,10
13.0358200073,80.2778015137,41747,41757,10
13.0363397598,80.277923584,41757,41767,10
13.0370702744,80.2781982422,41767,41777,10
13.0376996994,80.2783813477,41777,41787,10
13.0385398865,80.2786102295,41787,41798,11
13.0388097763,80.278678894,41798,41808,10
13.0388698578,80.2787399292,41808,41818,10
13.0391998291,80.2788696289,41818,41828,10
13.0397396088,80.2790374756,41828,41838,10
13.0405397415,80.2792434692,41838,41848,10
13.0415096283,80.2794265747,41848,41858,10
13.0426502228,80.279586792,41858,41868,10
13.0438203812,80.279838562,41868,41878,10
13.0448703766,80.2799987793,41878,41888,10
13.0457296371,80.2800979614,41888,41898,10
13.0458202362,80.2801132202,41898,41909,11
13.046090126,80.2801513672,41909,41919,10
13.0467395782,80.2802429199,41919,41929,10
13.0476102829,80.2803726196,41929,41939,10
13.0486698151,80.2805175781,41939,41949,10
13.0494003296,80.2805862427,41949,41959,10
13.0495300293,80.2806167603,41959,41969,10
13.0500602722,80.2807006836,41969,41979,10
13.0508403778,80.2808380127,41979,41989,10
13.0517101288,80.2809829712,41989,41999,10
13.0526199341,80.2811203003,41999,42009,10
13.053730011,80.2812805176,42009,42020,11
13.054980278,80.2815093994,42020,42036,16
13.0563097,80.2817611694,42036,42048,12
13.0563201904,80.2817687988,42048,42058,10
13.0564403534,80.2818069458,42058,42068,10
13.0568199158,80.2818984985,42068,42078,10
13.0573396683,80.2819976807,42078,42088,10
13.0580501556,80.2821426392,42088,42098,10
13.0590801239,80.2823410034,42098,42107,9
13.0601196289,80.2825622559,42107,42119,12
13.0614299774,80.2828292847,42119,42129,10
13.0622301102,80.2829589844,42129,42139,10
13.0627403259,80.2830963135,42139,42149,10
13.0629396439,80.2831497192,42149,42159,10
13.0629901886,80.2832183838,42159,42169,10
13.0633897781,80.2833099365,42169,42180,11
13.0642299652,80.2835235596,42180,42190,10
13.0652399063,80.2837524414,42190,42200,10
13.0663995743,80.2840194702,42200,42210,10
13.0676803589,80.2842788696,42210,42221,11
13.0691099167,80.284538269,42221,42232,11
13.070520401,80.2848892212,42232,42242,10
13.07172966,80.2851715088,42242,42252,10
13.0727901459,80.2853393555,42252,42262,10
13.0734901428,80.2853164673,42262,42272,10
13.0739202499,80.2854995728,42272,42282,10
13.073969841,80.2856063843,42282,42292,10
13.0742998123,80.2860107422,42292,42302,10
13.0757799149,80.2869415283,42302,42312,10
13.0757799149,80.2869415283,42312,42322,10
13.0768995285,80.2872619629,42322,42333,11
13.0782699585,80.287612915,42333,42343,10
13.0798397064,80.2880935669,42343,42363,20
13.0798397064,80.2880935669,42363,42373,10
13.0802297592,80.2881317139,42373,42383,10
13.0807695389,80.2882766724,42383,42393,10
13.0808000565,80.2882995605,42393,42403,10
13.0808496475,80.2883377075,42403,42413,10
13.0812397003,80.2884902954,42413,42423,10
13.0819597244,80.2887268066,42423,42433,10
13.082859993,80.2891235352,42433,42444,11
13.0840597153,80.2891998291,42444,42454,10
13.0853099823,80.2891769409,42454,42464,10
13.086640358,80.2894592285,42464,42474,10
13.0878200531,80.2899093628,42474,42483,9
13.088760376,80.2901992798,42483,42544,61
13.088760376,80.2901992798,42544,42554,10
13.0887899399,80.2903213501,42554,42565,11
13.0886001587,80.2904510498,42565,42575,10
13.0881700516,80.290222168,42575,42585,10
13.0874795914,80.289932251,42585,42595,10
13.0868196487,80.2897186279,42595,42605,10
13.0862398148,80.2895812988,42605,42615,10
13.0853300095,80.2887573242,42615,42625,10
13.0853300095,80.2887573242,42625,42635,10
13.0851097107,80.287940979,42635,42645,10
13.085149765,80.2870101929,42645,42656,11
13.0852499008,80.2858734131,42656,42666,10
13.0853395462,80.2847976685,42666,42676,10
13.0852298737,80.2842102051,42676,42686,10
13.0853204727,80.2839431763,42686,42696,10
13.0854101181,80.2837371826,42696,42706,10
13.0854597092,80.2836074829,42706,42716,10
13.0856599808,80.2835769653,42716,42726,10
13.0860500336,80.2835693359,42726,42736,10
13.0864896774,80.2837295532,42736,42746,10
13.0867900848,80.2837371826,42746,42787,41
13.0867900848,80.2837371826,42787,42797,10
13.0873098373,80.2837371826,42797,42807,10
13.087770462,80.2837219238,42807,42837,30
13.087770462,80.2837219238,42837,42847,10
13.0879898071,80.2836914063,42847,42867,20
13.0881500244,80.2837524414,42867,43955,1088
13.0881500244,80.2837524414,43955,43965,10
13.0883998871,80.2835235596,43965,43975,10
13.0883598328,80.2833023071,43975,43985,10
13.0883197784,80.2830734253,43985,43995,10
13.0883197784,80.2828216553,43995,44005,10
13.0882997513,80.2825393677,44005,44015,10
13.0882797241,80.2821884155,44015,44025,10
13.0882196426,80.2819213867,44025,44036,11
13.0881900787,80.2818374634,44036,44046,10
13.0881004333,80.2816162109,44046,44056,10
13.0881795883,80.2815322876,44056,44066,10
13.0884304047,80.2815628052,44066,44076,10
13.0886001587,80.2817382813,44076,44086,10
13.0885601044,80.2820129395,44086,44096,10
13.088470459,80.282333374,44096,44106,10
13.0883598328,80.2827606201,44106,44136,30
13.0883598328,80.2827606201,44136,44147,11
13.0883197784,80.2830276489,44147,44157,10
13.0883197784,80.2833709717,44157,44167,10
13.0882997513,80.283493042,44167,44177,10
13.0882997513,80.2836608887,44177,44187,10
13.088259697,80.283821106,44187,44197,10
13.0883102417,80.2842178345,44197,44207,10
13.0883798599,80.2848205566,44207,44217,10
13.0884399414,80.2853775024,44217,44227,10
13.0884599686,80.2857131958,44227,44237,10
13.0884504318,80.2858886719,44237,44248,11
13.0884599686,80.2863006592,44248,44258,10
13.0884799957,80.2865371704,44258,44268,10
13.0885000229,80.2869873047,44268,44278,10
13.0885400772,80.287437439,44278,44298,20
13.0885400772,80.287437439,44298,44308,10
13.0885601044,80.2875976563,44308,44318,10
13.0885696411,80.2877807617,44318,44328,10
13.0886297226,80.2881164551,44328,44338,10
13.0886802673,80.2885513306,44338,44348,10
13.0886898041,80.2887115479,44348,44359,11
13.088809967,80.2894287109,44359,44379,20
13.0887804031,80.2896194458,44379,44399,20
13.0887804031,80.2896194458,44399,44409,10
13.0887498856,80.2898483276,44409,44419,10
13.0887699127,80.2900619507,44419,44480,61
13.0887699127,80.2900619507,44480,44490,10
13.0887699127,80.2903213501,44490,44500,10
13.0885696411,80.2905273438,44500,44510,10
13.0881500244,80.2902526855,44510,44520,10
13.0875597,80.2899398804,44520,44530,10
13.0867900848,80.2896499634,44530,44540,10
13.0857095718,80.289352417,44540,44550,10
13.0847196579,80.2892608643,44550,44560,10
13.0837802887,80.2892303467,44560,44571,11
13.0826501846,80.2891082764,44571,44581,10
13.0815696716,80.2886886597,44581,44591,10
13.0804796219,80.2883377075,44591,44601,10
13.0799598694,80.2882385254,44601,44611,10
13.0799398422,80.288230896,44611,44621,10
13.0796003342,80.2881469727,44621,44631,10
13.079000473,80.2879486084,44631,44641,10
13.0781497955,80.287651062,44641,44651,10
13.0770797729,80.287361145,44651,44661,10
13.0758895874,80.2870178223,44661,44672,11
13.0746097565,80.2863464355,44672,44682,10
13.0734195709,80.2859802246,44682,44692,10
13.0724000931,80.2854614258,44692,44702,10
13.0711898804,80.2851409912,44702,44712,10
13.0698795319,80.2848129272,44712,44722,10
13.0687398911,80.284538269,44722,44732,10
13.0680599213,80.2843933105,44732,44742,10
13.0673303604,80.2843017578,44742,44752,10
13.0663299561,80.2840805054,44752,44762,10
13.0651903152,80.283821106,44762,44772,10
13.0644798279,80.2836685181,44772,44783,11
13.0638799667,80.2835083008,44783,44793,10
13.0630998611,80.2833175659,44793,44802,9
13.0626497269,80.283203125,44802,44813,11
13.0625801086,80.2831802368,44813,44823,10
13.0622797012,80.2831115723,44823,44833,10
13.0616197586,80.2829589844,44833,44843,10
13.060839653,80.2827835083,44843,44852,9
13.0599803925,80.2826004028,44852,44863,11
13.0587997437,80.282371521,44863,44873,10
13.0579395294,80.2822036743,44873,44882,9
13.0566997528,80.2819366455,44882,44904,22
13.0566997528,80.2819366455,44904,44914,10
13.0563097,80.2818527222,44914,44924,10
13.0555801392,80.2817001343,44924,44934,10
13.0546302795,80.28150177,44934,44944,10
13.0535001755,80.2812805176,44944,44953,9
13.0524196625,80.2811126709,44953,44963,10
13.0513801575,80.280960083,44963,44974,11
13.0509395599,80.2808990479,44974,44983,9
13.0503501892,80.2808227539,44983,44995,12
13.0493803024,80.2806777954,44995,45005,10
13.0481996536,80.2805023193,45005,45015,10
13.0469799042,80.2803192139,45015,45025,10
13.0457897186,80.2801818848,45025,45035,10
13.0446596146,80.2800216675,45035,45045,10
13.0437402725,80.2798690796,45045,45055,10
13.0430402756,80.2797164917,45055,45065,10
13.0421199799,80.2795410156,45065,45075,10
13.0409803391,80.2793197632,45075,45085,10
13.0399303436,80.279083252,45085,45095,10
13.0395002365,80.2789916992,45095,45106,11
13.0391397476,80.2789001465,45106,45116,10
13.0390396118,80.2788772583,45116,45126,10
13.0386800766,80.2787780762,45126,45136,10
13.0380296707,80.2785263062,45136,45146,10
13.0373897552,80.2783203125,45146,45156,10
13.0368900299,80.2781677246,45156,45166,10
13.0364303589,80.2779922485,45166,45176,10
13.0360002518,80.2778701782,45176,45186,10
13.0355701447,80.2778015137,45186,45196,10
13.0352802277,80.2777481079,45196,45207,11
13.0352401733,80.2777404785,45207,45217,10
13.0350704193,80.2776794434,45217,45227,10
13.0348596573,80.2776565552,45227,45237,10
13.0346002579,80.2776184082,45237,45257,20
13.0346002579,80.2776184082,45257,45267,10
13.034119606,80.2775192261,45267,45277,10
13.0340995789,80.2775192261,45277,45287,10
13.0336999893,80.2774429321,45287,45297,10
13.033200264,80.2775192261,45297,45307,10
13.032959938,80.2775421143,45307,45318,11
13.0326099396,80.277557373,45318,45338,20
13.0326099396,80.277557373,45338,45348,10
13.0321397781,80.2775802612,45348,45358,10
13.0316200256,80.2776184082,45358,45377,19
13.0316200256,80.2776184082,45377,45388,11
13.0312995911,80.2775802612,45388,45398,10
13.031080246,80.2774200439,45398,45408,10
13.0309696198,80.2773590088,45408,45419,11
13.0308303833,80.2772598267,45419,45429,10
13.0305099487,80.2771224976,45429,45439,10
13.0300102234,80.2769165039,45439,45449,10
13.0294504166,80.2767715454,45449,45459,10
13.028840065,80.2765197754,45459,45469,10
13.0280504227,80.276222229,45469,45479,10
13.0272397995,80.2759017944,45479,45489,10
13.0259799957,80.2752609253,45489,45509,20
13.0259799957,80.2752609253,45509,45519,10
13.0256204605,80.2751083374,45519,45530,11
13.024939537,80.2748718262,45530,45540,10
13.0241603851,80.2741394043,45540,45588,48
13.0241603851,80.2741394043,45588,45598,10
13.0238599777,80.273651123,45598,45608,10
13.0234699249,80.2731399536,45608,45618,10
13.022939682,80.2724304199,45618,45628,10
13.0222501755,80.271522522,45628,45639,11
13.0215196609,80.2705688477,45639,45649,10
13.0209703445,80.2699432373,45649,45658,9
13.0208702087,80.2698287964,45658,45669,11
13.0207195282,80.2696533203,45669,45679,10
13.0204401016,80.2693023682,45679,45689,10
13.0198698044,80.2685699463,45689,45699,10
13.019200325,80.2677612305,45699,45709,10
13.0187196732,80.2667007446,45709,45719,10
13.0186700821,80.265838623,45719,45729,10
13.0188598633,80.2650680542,45729,45739,10
13.0190496445,80.2640609741,45739,45750,11
13.018989563,80.2634124756,45750,45760,10
13.0189199448,80.262840271,45760,45770,10
13.0187997818,80.2619781494,45770,45780,10
13.0187196732,80.261390686,45780,45789,9
13.0184602737,80.261138916,45789,45800,11
13.0180101395,80.2608566284,45800,45810,10
13.0173597336,80.2604217529,45810,45820,10
13.0168104172,80.2600479126,45820,45830,10
13.0161304474,80.2597198486,45830,45840,10
13.0160198212,80.2596588135,45840,45851,11
13.0158195496,80.2595596313,45851,45861,10
13.015250206,80.2593688965,45861,45871,10
13.0144395828,80.2593002319,45871,45881,10
13.0134801865,80.259262085,45881,45891,10
13.0122995377,80.2592163086,45891,45901,10
13.0111103058,80.2591781616,45901,45911,10
13.0098896027,80.2592315674,45911,45921,10
13.0090703964,80.2591781616,45921,45931,10
13.0089502335,80.2591781616,45931,45941,10
13.0083904266,80.2591171265,45941,45951,10
13.0076904297,80.2592697144,45951,45961,10
13.0073204041,80.2589187622,45961,45972,11
13.0072202682,80.2586212158,45972,45982,10
13.0070400238,80.2583694458,45982,45992,10
13.0067195892,80.2578887939,45992,46002,10
13.0062799454,80.257598877,46002,46012,10
13.0058202744,80.2574615479,46012,46022,10
13.0051898956,80.25730896,46022,46032,10
13.0043096542,80.2570877075,46032,46042,10
13.0036201477,80.2569580078,46042,46052,10
13.0032300949,80.2568817139,46052,46063,11
13.0027599335,80.2567825317,46063,46073,10
13.0024299622,80.2566986084,46073,46132,59
13.0024299622,80.2566986084,46132,46142,10
13.0020599365,80.2566223145,46142,46153,11
13.0016202927,80.2565689087,46153,46163,10
13.0008296967,80.256439209,46163,46174,11
12.9999103546,80.2562789917,46174,46194,20
12.9999103546,80.2562789917,46194,46204,10
12.9996795654,80.2562484741,46204,46214,10
12.9993600845,80.2561798096,46214,46224,10
12.998550415,80.2560424805,46224,46244,20
12.998550415,80.2560424805,46244,46260,16
12.9982500076,80.2559432983,46260,46272,12
12.9976596832,80.255859375,46272,46303,31
12.9976596832,80.255859375,46303,46313,10
12.9974098206,80.2558822632,46313,46323,10
12.9973897934,80.2558822632,46323,46333,10
12.9970397949,80.2558898926,46333,46343,10
12.9968204498,80.2558822632,46343,46353,10
12.9964704514,80.255897522,46353,46364,11
12.9961204529,80.2558898926,46364,46374,10
12.9958400726,80.255859375,46374,46385,11
12.9953699112,80.2558670044,46385,46395,10
12.9948701859,80.2558670044,46395,46405,10
12.9944200516,80.2559204102,46405,46415,10
12.9938297272,80.2559814453,46415,46425,10
12.9929800034,80.2560424805,46425,46435,10
12.9920701981,80.2560577393,46435,46445,10
12.9913797379,80.2560424805,46445,46455,10
12.990940094,80.2559967041,46455,46465,10
12.9909000397,80.2559967041,46465,46475,10
12.9905996323,80.2559814453,46475,46485,10
12.9900903702,80.2559814453,46485,46496,11
12.9891996384,80.2559585571,46496,46506,10
12.988650322,80.2559204102,46506,46516,10
12.9886102676,80.2559127808,46516,46532,16
12.988240242,80.255859375,46532,46544,12
12.9881401062,80.255821228,46544,46554,10
12.987830162,80.2557983398,46554,46564,10
12.9877004623,80.2558135986,46564,46574,10
12.9876003265,80.2560119629,46574,46584,10
12.9875402451,80.2565689087,46584,46594,10
12.9874401093,80.2571868896,46594,46605,11
12.9873399734,80.2581100464,46605,46613,8
12.9873104095,80.2583389282,46613,46625,12
12.9872598648,80.2585983276,46625,46635,10
12.9871997833,80.2591629028,46635,46646,11
12.9871397018,80.2596893311,46646,46656,10
12.9868001938,80.259803772,46656,46666,10
12.9863500595,80.2597808838,46666,46676,10
12.9861001968,80.2597427368,46676,46686,10
12.9856996536,80.2597122192,46686,46696,10
12.9849796295,80.2596282959,46696,46717,21
12.9849796295,80.2596282959,46717,46727,10
12.9848403931,80.2595825195,46727,46737,10
12.9843301773,80.2595367432,46737,46747,10
12.9836301804,80.2594909668,46747,46757,10
12.9829797745,80.259437561,46757,46767,10
12.9826402664,80.2594070435,46767,46777,10
12.9818496704,80.2593383789,46777,46787,10
12.9809503555,80.2593536377,46787,46797,10
12.9804801941,80.2593383789,46797,46807,10
12.9804601669,80.2593383789,46807,46818,11
12.9800195694,80.2592468262,46818,46828,10
12.9793996811,80.2591629028,46828,46838,10
12.9786500931,80.2590866089,46838,46848,10
12.9780902863,80.2590866089,46848,46858,10
12.9777402878,80.2591094971,46858,46868,10
12.9771604538,80.2591400146,46868,46878,10
12.976559639,80.2590866089,46878,46888,10
12.9765501022,80.2590866089,46888,46898,10
12.9763898849,80.2590179443,46898,46908,10
12.9760599136,80.2590026855,46908,46919,11
12.975399971,80.2588195801,46919,46929,10
12.9746999741,80.2585830688,46929,46939,10
12.9743900299,80.2585067749,46939,46949,10
12.9740495682,80.2584228516,46949,46959,10
12.9736700058,80.2583236694,46959,46969,10
12.9730997086,80.2582168579,46969,46979,10
12.972240448,80.2581100464,46979,46989,10
12.9713096619,80.258140564,46989,46999,10
12.9705400467,80.2580184937,46999,47009,10
12.9699497223,80.2578277588,47009,47019,10
12.9695596695,80.2577133179,47019,47030,11
12.9695596695,80.2576980591,47030,47040,10
12.9692897797,80.2575836182,47040,47050,10
12.9688100815,80.2574310303,47050,47060,10
12.9683599472,80.2573318481,47060,47070,10
12.9678201675,80.2572021484,47070,47080,10
12.9670000076,80.2570037842,47080,47090,10
12.9663095474,80.2568893433,47090,47100,10
12.9663000107,80.2568893433,47100,47110,10
12.9662704468,80.2569198608,47110,47120,10
12.9659099579,80.2568511963,47120,47130,10
12.9652099609,80.2566986084,47130,47141,11
12.9642000198,80.2565536499,47141,47151,10
12.9634103775,80.2564468384,47151,47161,10
12.9626398087,80.2564163208,47161,47177,16
12.9610300064,80.256111145,47177,47199,22
12.9610300064,80.256111145,47199,47209,10
12.9607601166,80.2560424805,47209,47219,10
12.9602499008,80.2559432983,47219,47229,10
12.959569931,80.2557830811,47229,47239,10
12.9583101273,80.255531311,47239,47270,31
12.9583101273,80.255531311,47270,47279,9
12.9579801559,80.2554702759,47279,47290,11
12.9575595856,80.2554016113,47290,47300,10
12.9567403793,80.2552566528,47300,47310,10
12.9558801651,80.2552185059,47310,47320,10
12.9546804428,80.2552108765,47320,47330,10
12.9540596008,80.2552032471,47330,47340,10
12.9540300369,80.2552032471,47340,47351,11
12.9539604187,80.2551727295,47351,47361,10
12.9535102844,80.2551803589,47361,47371,10
12.9526996613,80.2551574707,47371,47381,10
12.9516897202,80.2551193237,47381,47391,10
12.9504499435,80.2550201416,47391,47421,30
12.9504499435,80.2550201416,47421,47431,10
12.9500799179,80.2548828125,47431,47441,10
12.9495296478,80.2547531128,47441,47451,10
12.948969841,80.2546310425,47451,47462,11
12.9480199814,80.2543411255,47462,47472,10
12.947019577,80.2540664673,47472,47482,10
12.9459600449,80.2538604736,47482,47492,10
12.9448795319,80.2537231445,47492,47502,10
12.9438800812,80.2535705566,47502,47512,10
12.9430303574,80.2534332275,47512,47522,10
12.9421396255,80.253288269,47522,47532,10
12.9420204163,80.2532730103,47532,47542,10
12.9418296814,80.2532424927,47542,47552,10
12.9412097931,80.2531433105,47552,47563,11
12.9402198792,80.2528915405,47563,47573,10
12.9392004013,80.2527923584,47573,47583,10
12.9385795593,80.2527770996,47583,47613,30
12.9385795593,80.2527770996,47613,47623,10
12.9383096695,80.2527084351,47623,47633,10
12.9376401901,80.2525787354,47633,47643,10
12.9366798401,80.252456665,47643,47653,10
12.9355697632,80.2523498535,47653,47663,10
12.9344100952,80.2522201538,47663,47674,11
12.9330196381,80.2520904541,47674,47684,10
12.9316596985,80.2519073486,47684,47694,10
12.9302396774,80.251739502,47694,47704,10
12.9287900925,80.2515792847,47704,47714,10
12.9276504517,80.2514801025,47714,47724,10
12.9275398254,80.251449585,47724,47734,10
12.9273300171,80.2513885498,47734,47744,10
12.9266996384,80.2513427734,47744,47754,10
12.9257698059,80.2512588501,47754,47764,10
12.9245796204,80.2512435913,47764,47774,10
12.9232196808,80.2511367798,47774,47785,11
12.9216499329,80.2511978149,47785,47795,10
12.9203395844,80.251411438,47795,47805,10
12.9193401337,80.2510299683,47805,47815,10
12.9187698364,80.2509002686,47815,47835,20
12.9187698364,80.2509002686,47835,47845,10
12.9185495377,80.250831604,47845,47855,10
12.9178600311,80.2507095337,47855,47865,10
12.9168596268,80.2505874634,47865,47875,10
12.9156198502,80.25050354,47875,47886,11
12.9147195816,80.2504577637,47886,47956,70
12.9147195816,80.2504577637,47956,47966,10
12.9145402908,80.2502975464,47966,47976,10
12.9146900177,80.2502593994,47976,47985,9
12.9152498245,80.2503204346,47985,48017,32
12.9152498245,80.2503204346,48017,48026,9
12.9155302048,80.2503585815,48026,48037,11
12.9159002304,80.2503814697,48037,48047,10
12.9166603088,80.2504425049,48047,48057,10
12.9175596237,80.2505569458,48057,48067,10
12.9186096191,80.2507171631,48067,48077,10
12.9195098877,80.2509765625,48077,48087,10
12.9199304581,80.2511291504,48087,48097,10
12.9202404022,80.2512283325,48097,48198,101
12.9202404022,80.2512283325,48198,48209,11
12.9202699661,80.2512969971,48209,48219,10
12.9206695557,80.2513580322,48219,48229,10
12.9214496613,80.2511825562,48229,48238,9
12.9223899841,80.2510223389,48238,48249,11
12.9237804413,80.2510986328,48249,48258,9
12.9247398376,80.2511367798,48258,48269,11
12.925909996,80.2511825562,48269,48279,10
12.9271001816,80.2512893677,48279,48289,10
12.9285802841,80.251449585,48289,48299,10
12.9294595718,80.2515106201,48299,48320,21
12.9294595718,80.2515106201,48320,48330,10
12.9295797348,80.2515487671,48330,48340,10
12.9300804138,80.2516021729,48340,48350,10
12.9308595657,80.251701355,48350,48360,10
12.931810379,80.2518081665,48360,48370,10
12.932970047,80.2519378662,48370,48380,10
12.9342699051,80.2520980835,48380,48390,10
12.9356203079,80.2522583008,48390,48400,10
12.9368600845,80.2523880005,48400,48410,10
12.93846035,80.2526092529,48410,48441,31
12.93846035,80.2526092529,48441,48451,10
12.9386301041,80.2526702881,48451,48461,10
12.9390697479,80.2527313232,48461,48471,10
12.9399003983,80.2527999878,48471,48487,16
12.9416303635,80.2531204224,48487,48499,12
12.9422702789,80.2531967163,48499,48509,10
12.94272995,80.2533035278,48509,48519,10
12.9435300827,80.2534408569,48519,48529,10
12.9445199966,80.253616333,48529,48540,11
12.9457798004,80.2537689209,48540,48550,10
12.9470100403,80.2539978027,48550,48560,10
12.9479904175,80.2542800903,48560,48570,10
12.9487895966,80.2545166016,48570,48580,10
12.9494104385,80.2546920776,48580,48589,9
12.9497404099,80.254737854,48589,48602,13
12.9500303268,80.2548065186,48602,48612,10
12.9506998062,80.2549514771,48612,48622,10
12.9516801834,80.255027771,48622,48632,10
12.9528903961,80.2550811768,48632,48643,11
12.9543104172,80.2551116943,48643,48653,10
12.9546899796,80.2550964355,48653,48663,10
12.9549198151,80.2551116943,48663,48673,10
12.955450058,80.2551269531,48673,48683,10
12.9562397003,80.2551422119,48683,48693,10
12.9571399689,80.2552490234,48693,48703,10
12.957909584,80.2553787231,48703,48713,10
12.958530426,80.2555236816,48713,48723,10
12.9594402313,80.2557220459,48723,48733,10
12.9604997635,80.2559509277,48733,48744,11
12.9613103867,80.2560806274,48744,48754,10
12.9613800049,80.2561035156,48754,48764,10
12.9617900848,80.2562179565,48764,48774,10
12.9624996185,80.256362915,48774,48784,10
12.9632902145,80.2564086914,48784,48794,10
12.9633798599,80.2564163208,48794,48804,10
12.9635400772,80.256439209,48804,48814,10
12.9638004303,80.2564620972,48814,48824,10
12.9649200439,80.2565994263,48824,48834,10
12.9649200439,80.2565994263,48834,48844,10
12.965959549,80.2567825317,48844,48855,11
12.9668502808,80.2569274902,48855,48865,10
12.96778965,80.2571411133,48865,48875,10
12.9686098099,80.2573623657,48875,48885,10
12.9693202972,80.2575378418,48885,48895,10
12.9695796967,80.2576293945,48895,48906,11
12.9699001312,80.2577590942,48906,48917,11
12.9706001282,80.2580108643,48917,48927,10
12.9715299606,80.2581176758,48927,48937,10
12.9726104736,80.2580795288,48937,48947,10
12.9734601974,80.2582015991,48947,48957,10
12.9736404419,80.2582321167,48957,48968,11
12.9737195969,80.2582626343,48968,48978,10
12.9741201401,80.2583618164,48978,48988,10
12.9747896194,80.2585372925,48988,48998,10
12.9752397537,80.2586975098,48998,49008,10
12.9755802155,80.2588272095,49008,49018,10
12.9763202667,80.2590484619,49018,49028,10
12.9768295288,80.2591018677,49028,49038,10
12.9768400192,80.2591094971,49038,49048,10
12.9772195816,80.259147644,49048,49058,10
12.9776096344,80.2591400146,49058,49069,11
12.9778699875,80.2591171265,49069,49079,10
12.9783802032,80.2591094971,49079,49089,10
12.9791002274,80.2590866089,49089,49099,10
12.9798803329,80.2591934204,49099,49109,10
12.9805898666,80.2592773438,49109,49119,10
12.9814796448,80.2593231201,49119,49129,10
12.9824399948,80.2593383789,49129,49139,10
12.9832696915,80.2593917847,49139,49149,10
12.9838399887,80.2594528198,49149,49159,10
12.9839696884,80.2592468262,49159,49169,10
12.9840297699,80.2586593628,49169,49180,11
12.9841098785,80.2579727173,49180,49190,10
12.9842996597,80.2577514648,49190,49200,10
12.984749794,80.2577972412,49200,49210,10
12.9853696823,80.2578735352,49210,49220,10
12.9861097336,80.2579498291,49220,49230,10
12.9869403839,80.2580337524,49230,49260,30
12.9869403839,80.2580337524,49260,49270,10
12.9872999191,80.2580871582,49270,49281,11
12.9873800278,80.258140564,49281,49291,10
12.987279892,80.2585678101,49291,49311,20
12.987279892,80.2585678101,49311,49321,10
12.986869812,80.2585906982,49321,50431,1110
12.9871101379,80.2584609985,50431,52662,2231
12.9871101379,80.2584991455,52662,58620,5958
12.987039566,80.2584609985,58620,58801,181
12.9870595932,80.2584991455,58801,60730,1929
12.9870901108,80.2584686279,60730,60901,171
12.9870901108,80.2584686279,60901,60911,10
12.9870996475,80.2585296631,60911,61982,1071
12.9870996475,80.2585296631,61982,61992,10
12.9870195389,80.2585296631,61992,62254,262
12.9871101379,80.2585830688,62254,62638,384
12.9870796204,80.2585372925,62638,62850,212
12.9871301651,80.2585220337,62850,63377,527
12.9870901108,80.2584609985,63377,63760,383
12.9872198105,80.2585372925,63760,63993,233
12.9872198105,80.2585372925,63993,64003,10
12.9873800278,80.2586212158,64003,64023,20
12.9873800278,80.2586212158,64023,64033,10
12.9874296188,80.2590103149,64033,64043,10
12.9872903824,80.2594909668,64043,64083,40
12.9872903824,80.2594909668,64083,64094,11
12.9868898392,80.2595672607,64094,64134,40
12.986869812,80.2591934204,64134,64528,394
12.986869812,80.2591934204,64528,64538,10
12.9871397018,80.2591629028,64538,64548,10
12.9873199463,80.2590026855,64548,64558,10
12.9873504639,80.2588195801,64558,64568,10
12.9873600006,80.2585601807,64568,64608,40
12.9873600006,80.2585601807,64608,64619,11
12.9873600006,80.2583618164,64619,64629,10
12.9874000549,80.2581634521,64629,64639,10
12.9874000549,80.2580871582,64639,64649,10
12.987449646,80.2576980591,64649,64659,10
12.9874801636,80.2571563721,64659,64669,10
12.9875602722,80.2565307617,64669,64685,16
12.9880504608,80.2558364868,64685,64738,53
12.9880504608,80.2558364868,64738,64748,10
12.9884300232,80.2559509277,64748,64758,10
12.9886398315,80.2559814453,64758,64768,10
12.988699913,80.2559814453,64768,64778,10
12.9890804291,80.2560119629,64778,64788,10
12.9896402359,80.2560577393,64788,64798,10
12.9904403687,80.2560501099,64798,64808,10
12.9911203384,80.2560882568,64808,64818,10
12.9918899536,80.2561035156,64818,64829,11
12.9927501678,80.256111145,64829,64839,10
12.9934902191,80.256072998,64839,64849,10
12.9941701889,80.2560272217,64849,64859,10
12.9948596954,80.2559585571,64859,64869,10
12.9954996109,80.2559280396,64869,64879,10
12.9959402084,80.2559280396,64879,64889,10
12.9961395264,80.2559280396,64889,64909,20
12.9961395264,80.2559280396,64909,64919,10
12.9964504242,80.2559509277,64919,64930,11
12.9969501495,80.2559585571,64930,64940,10
12.997300148,80.2559585571,64940,64950,10
12.997879982,80.2559814453,64950,64960,10
12.9983701706,80.2560424805,64960,64970,10
12.9986896515,80.2560806274,64970,64980,10
12.9990301132,80.256149292,64980,65020,40
12.9990301132,80.256149292,65020,65030,10
12.9993095398,80.2562026978,65030,65041,11
12.9998598099,80.2563095093,65041,65051,10
13.0003995895,80.2564163208,65051,65061,10
13.0008201599,80.2565002441,65061,65071,10
13.0010995865,80.2565536499,65071,65081,10
13.0016202927,80.2566223145,65081,65091,10
13.0020503998,80.2566833496,65091,65101,10
13.0024003983,80.2567367554,65101,65111,10
13.0029296875,80.2568435669,65111,65121,10
13.0034198761,80.256942749,65121,65130,9
13.0038995743,80.2570419312,65130,65142,12
13.0046195984,80.2571487427,65142,65152,10
13.0051803589,80.2572402954,65152,65161,9
13.0054197311,80.2572937012,65161,65171,10
13.005689621,80.2573776245,65171,65182,11
13.0062303543,80.2574920654,65182,65192,10
13.0068998337,80.2578735352,65192,65202,10
13.0077800751,80.2587432861,65202,65222,20
13.0077800751,80.2587432861,65222,65232,10
13.0080003738,80.2588577271,65232,65242,10
13.0085296631,80.2590866089,65242,65253,11
13.0094404221,80.259147644,65253,65263,10
13.0104999542,80.2591629028,65263,65273,10
13.0117101669,80.2591629028,65273,65283,10
13.0129899979,80.2592086792,65283,65293,10
13.0142402649,80.2592391968,65293,65303,10
13.0152702332,80.2592773438,65303,65313,10
13.0164403915,80.2597427368,65313,65343,30
13.0164403915,80.2597427368,65343,65354,11
13.0167303085,80.2600097656,65354,65364,10
13.0172796249,80.2603683472,65364,65374,10
13.0179004669,80.2608032227,65374,65384,10
13.0186395645,80.2612991333,65384,65394,10
13.0191402435,80.2617263794,65394,65404,10
13.0195703506,80.2621536255,65404,65414,10
13.0202302933,80.2627182007,65414,65423,9
13.0210103989,80.2629928589,65423,65433,10
13.0218200684,80.2632827759,65433,65444,11
13.0221796036,80.263458252,65444,65455,11
13.0225200653,80.2636566162,65455,65465,10
13.0230102539,80.2639083862,65465,65475,10
13.0234699249,80.2641601563,65475,65485,10
13.0241003036,80.2645111084,65485,65495,10
13.0246400833,80.2649078369,65495,65505,10
13.0250797272,80.2652511597,65505,65515,10
13.0254602432,80.2655181885,65515,65525,10
13.0258302689,80.2657394409,65525,65535,10
13.0261497498,80.2658920288,65535,65544,9
13.0261802673,80.2658996582,65544,65554,10
13.0263996124,80.265838623,65554,65566,12
13.0264196396,80.2655181885,65566,65576,10
13.02643013,80.265083313,65576,65586,10
13.0265302658,80.2642211914,65586,65606,20
13.0265302658,80.2642211914,65606,65616,10
13.0265703201,80.2639465332,65616,65626,10
13.0266199112,80.2635879517,65626,65636,10
13.0269002914,80.2635192871,65636,65646,10
13.0274600983,80.2636032104,65646,65656,10
13.0280199051,80.2637634277,65656,65667,11
13.0287599564,80.2639389038,65667,65677,10
13.0292701721,80.2640762329,65677,65687,10
13.0293397903,80.2643814087,65687,65697,10
13.0293197632,80.2649002075,65697,65707,10
13.0292901993,80.2655029297,65707,65717,10
13.0292396545,80.2660217285,65717,65727,10
13.0292100906,80.2665405273,65727,65737,10
13.0296001434,80.2666397095,65737,65747,10
13.0300998688,80.266708374,65747,65757,10
13.0307798386,80.2668304443,65757,65774,17
13.0317897797,80.2671432495,65774,65786,12
13.0323200226,80.2674026489,65786,65796,10
13.0326595306,80.2676315308,65796,65806,10
13.0328798294,80.2677230835,65806,65816,10
13.0331602097,80.2677993774,65816,65826,10
13.0336198807,80.267906189,65826,65835,9
13.0340795517,80.2679824829,65835,65846,11
13.0340995789,80.2679824829,65846,65856,10
13.0344600677,80.2680435181,65856,65866,10
13.0349798203,80.2679824829,65866,65876,10
13.03565979,80.2678909302,65876,65887,11
13.0363702774,80.2677764893,65887,65897,10
13.036860466,80.2675476074,65897,65907,10
13.0370903015,80.2664718628,65907,65927,20
13.0370903015,80.2664718628,65927,65937,10
13.0371999741,80.2660675049,65937,65947,10
13.0373601913,80.265411377,65947,65957,10
13.0375299454,80.2645797729,65957,65967,10
13.0379199982,80.2643966675,65967,65977,10
13.0384902954,80.2645263672,65977,65988,11
13.0389204025,80.2646179199,65988,65998,10
13.0396003723,80.2646789551,65998,66008,10
13.0402097702,80.2646026611,66008,66018,10
13.0406904221,80.2646408081,66018,66028,10
13.0410404205,80.2646484375,66028,66038,10
13.041469574,80.2649383545,66038,66048,10
13.0413303375,80.2655334473,66048,66058,10
13.0412397385,80.2661514282,66058,66068,10
13.0411300659,80.2667694092,66068,66078,10
13.0410804749,80.2670822144,66078,66089,11
13.0410003662,80.2673873901,66089,66099,10
13.0409202576,80.2678833008,66099,66109,10
13.0409498215,80.2682113647,66109,66119,10
13.0414304733,80.2682189941,66119,66129,10
13.0416402817,80.2682189941,66129,66139,10
13.0417299271,80.2682418823,66139,66149,10
13.042090416,80.2682189941,66149,66159,10
13.042719841,80.2680206299,66159,66169,10
13.0432500839,80.2676773071,66169,66178,9
13.043800354,80.267326355,66178,66190,12
13.0444898605,80.2669219971,66190,66200,10
13.0449399948,80.2667388916,66200,66210,10
13.0456104279,80.2666625977,66210,66220,10
13.0462198257,80.2664871216,66220,66230,10
13.0467500687,80.2664108276,66230,66240,10
13.047249794,80.2663803101,66240,66260,20
13.047249794,80.2663803101,66260,66270,10
13.0475597382,80.2663726807,66270,66280,10
13.047949791,80.266166687,66280,66290,10
13.0484304428,80.2657318115,66290,66301,11
13.0489196777,80.2649765015,66301,66311,10
13.0491600037,80.264289856,66311,66321,10
13.049779892,80.2640991211,66321,66331,10
13.0503702164,80.2641525269,66331,66341,10
13.0508699417,80.2641372681,66341,66351,10
13.0513601303,80.2640686035,66351,66361,10
13.0516195297,80.263999939,66361,66371,10
13.0519895554,80.2638778687,66371,66422,51
13.0519895554,80.2638778687,66422,66432,10
13.0523796082,80.2638092041,66432,66442,10
13.0525798798,80.2638397217,66442,66452,10
13.0529499054,80.2638778687,66452,66462,10
13.0534000397,80.2639312744,66462,66472,10
13.0535497665,80.2639694214,66472,66482,10
13.0538797379,80.2640991211,66482,66492,10
13.054690361,80.2643814087,66492,66523,31
13.054690361,80.2643814087,66523,66532,9
13.054980278,80.2643966675,66532,66542,10
13.0554895401,80.2645187378,66542,66553,11
13.0560703278,80.2646179199,66553,66563,10
13.0568599701,80.2647323608,66563,66572,9
13.0574998856,80.2650604248,66572,66583,11
13.0580396652,80.2650222778,66583,66593,10
13.0579996109,80.2644805908,66593,66603,10
13.0579099655,80.2639389038,66603,66614,11
13.057849884,80.2633132935,66614,66624,10
13.057849884,80.2628631592,66624,66634,10
13.0577802658,80.2624435425,66634,66644,10
13.0576696396,80.2619018555,66644,66654,10
13.0575704575,80.261390686,66654,66664,10
13.057559967,80.2610931396,66664,66674,10
13.0577898026,80.2610321045,66674,66684,10
13.0580701828,80.2609863281,66684,66694,10
13.0584001541,80.2609710693,66694,66704,10
13.0586795807,80.2609634399,66704,66715,11
13.0591402054,80.260887146,66715,66725,10
13.0594501495,80.2607574463,66725,66735,10
13.0598096848,80.260597229,66735,66745,10
13.0601596832,80.2609100342,66745,66755,10
13.0606002808,80.2613983154,66755,66765,10
13.0610599518,80.2618484497,66765,66775,10
13.0614099503,80.2622299194,66775,66785,10
13.061630249,80.2624435425,66785,66795,10
13.0619096756,80.2628097534,66795,66805,10
13.0619697571,80.2628707886,66805,66815,10
13.0620698929,80.2629623413,66815,66826,11
13.0624103546,80.2633895874,66826,66836,10
13.0629997253,80.2640991211,66836,66876,40
13.0629997253,80.2640991211,66876,66886,10
13.063170433,80.2642974854,66886,66896,10
13.06346035,80.2647171021,66896,66906,10
13.0637598038,80.2652511597,66906,66916,10
13.0640201569,80.2656478882,66916,66927,11
13.064330101,80.2660598755,66927,66936,9
13.0645399094,80.2661972046,66936,66947,11
13.0646896362,80.266418457,66947,66957,10
13.0648002625,80.2666015625,66957,66967,10
13.0649499893,80.2667694092,66967,66977,10
13.0652103424,80.267036438,66977,66987,10
13.0656700134,80.2674331665,66987,66997,10
13.0662603378,80.2681503296,66997,67017,20
13.0662603378,80.2681503296,67017,67027,10
13.0664196014,80.2683486938,67027,67038,11
13.0666704178,80.2684936523,67038,67048,10
13.0671701431,80.2687530518,67048,67088,40
13.0671701431,80.2687530518,67088,67098,10
13.0673599243,80.2688674927,67098,67108,10
13.0677700043,80.2691879272,67108,67118,10
13.068189621,80.2694702148,67118,67128,10
13.0682401657,80.2697982788,67128,67139,11
13.0681600571,80.2705688477,67139,67149,10
13.0680999756,80.2712020874,67149,67159,10
13.0682897568,80.2716064453,67159,67169,10
13.0685796738,80.2719192505,67169,67178,9
13.0690002441,80.2720794678,67178,67189,11
13.0694999695,80.2725219727,67189,67199,10
13.0698003769,80.2728118896,67199,67209,10
13.0699901581,80.2730331421,67209,67219,10
13.0701398849,80.2731933594,67219,67229,10
13.0703802109,80.2734680176,67229,67240,11
13.0710496902,80.2741394043,67240,67260,20
13.0710496902,80.2741394043,67260,67270,10
13.0713396072,80.2742233276,67270,67290,20
13.0713396072,80.2742233276,67290,67300,10
13.071559906,80.2742462158,67300,67310,10
13.0717401505,80.274307251,67310,67320,10
13.072019577,80.2746200562,67320,67330,10
13.0723400116,80.2749862671,67330,67340,10
13.0727796555,80.2754821777,67340,67351,11
13.0733604431,80.2761001587,67351,67361,10
13.0739297867,80.2764434814,67361,67371,10
13.0745601654,80.2764129639,67371,67381,10
13.075340271,80.2763900757,67381,67391,10
13.0760297775,80.2763519287,67391,67401,10
13.0767097473,80.2763214111,67401,67411,10
13.0774402618,80.276260376,67411,67421,10
13.0780897141,80.2761383057,67421,67431,10
13.0783100128,80.2755584717,67431,67441,10
13.0787200928,80.2751922607,67441,67452,11
13.0792798996,80.2752685547,67452,67462,10
13.0798301697,80.2753601074,67462,67472,10
13.0804004669,80.2752990723,67472,67563,91
13.0804004669,80.2752990723,67563,67573,10
13.0806303024,80.2752685547,67573,67583,10
13.0809803009,80.2752380371,67583,67593,10
13.0812196732,80.2752075195,67593,67603,10
13.0813999176,80.2751998901,67603,67613,10
13.0815296173,80.2752075195,67613,67623,10
13.0818004608,80.2752990723,67623,67633,10
13.0819396973,80.2754135132,67633,67643,10
13.0820102692,80.2755813599,67643,67653,10
13.0820398331,80.2757568359,67653,67684,31
13.0820398331,80.2757568359,67684,67694,10
13.0820398331,80.2758636475,67694,67710,16
13.0818395615,80.2763214111,67710,67722,12
13.0819301605,80.2771224976,67722,67732,10
13.0820102692,80.2778167725,67732,67742,10
13.0822601318,80.2781600952,67742,67752,10
13.0826597214,80.2781524658,67752,67762,10
13.0832099915,80.2781906128,67762,67773,11
13.0833702087,80.2783279419,67773,67783,10
13.0835399628,80.278793335,67783,67792,9
13.0837802887,80.2792129517,67792,67803,11
13.0843400955,80.2792816162,67803,67813,10
13.0848903656,80.2793731689,67813,67823,10
13.0853204727,80.2795410156,67823,67833,10
13.0855302811,80.2798233032,67833,67843,10
13.0856103897,80.2800979614,67843,67853,10
13.0856800079,80.2804031372,67853,67863,10
13.0857601166,80.2807388306,67863,67874,11
13.0860099792,80.2809524536,67874,67884,10
13.0863199234,80.2810592651,67884,67894,10
13.0868701935,80.2812271118,67894,67904,10
13.0874099731,80.2814025879,67904,67914,10
13.0876197815,80.2814483643,67914,67924,10
13.0878801346,80.2814865112,67924,67934,10
13.0880098343,80.28150177,67934,67944,10
13.0881099701,80.281539917,67944,67954,10
13.0883398056,80.2815628052,67954,67964,10
13.08852005,80.2816925049,67964,67975,11
13.0885000229,80.2819366455,67975,67985,10
13.088470459,80.2821426392,67985,67995,10
13.0883903503,80.2824478149,67995,68015,20
13.0883903503,80.2824478149,68015,68025,10
13.0883302689,80.2828292847,68025,68035,10
13.0883197784,80.2834320068,68035,68045,10
13.088350296,80.2840270996,68045,68055,10
13.0883903503,80.2846298218,68055,68065,10
13.0884599686,80.2851867676,68065,68075,10
13.0884895325,80.2855987549,68075,68086,11
13.0885095596,80.2858200073,68086,68096,10
13.0885095596,80.2860794067,68096,68106,10
13.08852005,80.2863311768,68106,68116,10
13.08852005,80.286529541,68116,68126,10
13.08852005,80.2867202759,68126,68136,10
13.08852005,80.2869415283,68136,68146,10
13.0885696411,80.2872695923,68146,68156,10
13.0886001587,80.287437439,68156,68172,16
13.0886201859,80.2875595093,68172,68184,12
13.0886297226,80.2876586914,68184,68195,11
13.088640213,80.2877197266,68195,68205,10
13.0886297226,80.2880630493,68205,68215,10
13.0886802673,80.2885513306,68215,68225,10
13.0887002945,80.2887496948,68225,68235,10
13.0887498856,80.2890930176,68235,68255,20
13.0887804031,80.2892913818,68255,68297,42
13.0887804031,80.2892913818,68297,68307,10
13.0888204575,80.2896194458,68307,68317,10
13.0888004303,80.2898330688,68317,68327,10
13.0888204575,80.2901000977,68327,68337,10
13.0888700485,80.2904129028,68337,68367,30
13.0888700485,80.2904129028,68367,68377,10
13.0888996124,80.2905807495,68377,68387,10
13.0890398026,80.2907028198,68387,68398,11
13.0894203186,80.2908630371,68398,68408,10
13.0899000168,80.2909927368,68408,68418,10
13.0900802612,80.2910003662,68418,68428,10
13.0904598236,80.2911300659,68428,68437,9
13.090929985,80.291267395,68437,68447,10
13.0914697647,80.2914505005,68447,68458,11
13.0921001434,80.291633606,68458,68468,10
13.0925998688,80.2918319702,68468,68479,11
13.0931997299,80.2920074463,68479,68499,20
13.0931997299,80.2920074463,68499,68510,11
13.0934495926,80.2920227051,68510,68520,10
13.093870163,80.2921981812,68520,68530,10
13.0948801041,80.2925186157,68530,68560,30
13.0948801041,80.2925186157,68560,68570,10
13.0950098038,80.2926101685,68570,68580,10
13.0953798294,80.2927474976,68580,68590,10
13.095990181,80.2929534912,68590,68600,10
13.0966796875,80.293182373,68600,68611,11
13.0972499847,80.2933883667,68611,68621,10
13.097820282,80.293586731,68621,68631,10
13.0983600616,80.2937469482,68631,68641,10
13.0988798141,80.2938995361,68641,68651,10
13.0995798111,80.2941207886,68651,68661,10
13.1001501083,80.2942733765,68661,68671,10
13.1007604599,80.2943725586,68671,68681,10
13.1012401581,80.2944717407,68681,68691,10
13.1016302109,80.2940216064,68691,68701,10
13.1018400192,80.2935028076,68701,68712,11
13.1020698547,80.2927398682,68712,68722,10
13.1022500992,80.2920379639,68722,68732,10
13.1023397446,80.2915115356,68732,68742,10
13.1027202606,80.2908782959,68742,68752,10
13.1033000946,80.2908477783,68752,68762,10
13.1040697098,80.2909469604,68762,68772,10
13.1048002243,80.2909622192,68772,68782,10
13.1055498123,80.2910690308,68782,68792,10
13.1064596176,80.2912597656,68792,68812,20
13.1064596176,80.2912597656,68812,68823,11
13.1066102982,80.2912902832,68823,68833,10
13.1068096161,80.2913284302,68833,68843,10
13.1068201065,80.2913284302,68843,68853,10
13.1070699692,80.2913665771,68853,68863,10
13.1072597504,80.2913970947,68863,68873,10
13.1077804565,80.2914886475,68873,68913,40
13.1077804565,80.2914886475,68913,68924,11
13.1079998016,80.2914810181,68924,68934,10
13.1083202362,80.2915725708,68934,68944,10
13.1091995239,80.2917175293,68944,68964,20
13.1091995239,80.2917175293,68964,68974,10
13.1094198227,80.2917785645,68974,68984,10
13.1098203659,80.2918624878,68984,68994,10
13.110329628,80.2919387817,68994,69004,10
13.1106300354,80.2919998169,69004,69014,10
13.1110801697,80.2920837402,69014,69024,10
13.1117200851,80.2921829224,69024,69035,11
13.1124801636,80.2922973633,69035,69045,10
13.1130104065,80.2923812866,69045,69055,10
13.1134796143,80.2924575806,69055,69065,10
13.1140804291,80.2925491333,69065,69075,10
13.1145401001,80.2926177979,69075,69085,10
13.1154403687,80.2927017212,69085,69105,20
13.1154403687,80.2927017212,69105,69115,10
13.1157302856,80.2927322388,69115,69125,10
13.1162500381,80.2928085327,69125,69136,11
13.1171197891,80.2929611206,69136,69146,10
13.1179704666,80.2931213379,69146,69156,10
13.118639946,80.2932510376,69156,69166,10
13.1192798615,80.2933807373,69166,69176,10
13.1198797226,80.293510437,69176,69186,10
13.1203804016,80.293586731,69186,69196,10
13.1210603714,80.2937469482,69196,69206,10
13.1216402054,80.2938766479,69206,69216,10
13.1219902039,80.2939605713,69216,69226,10
13.1226196289,80.2940979004,69226,69237,11
13.1233901978,80.2942733765,69237,69247,10
13.1239795685,80.294418335,69247,69257,10
13.1244897842,80.2945404053,69257,69267,10
13.1246995926,80.2945709229,69267,69277,10
13.1249399185,80.294631958,69277,69287,10
13.1256399155,80.2947921753,69287,69307,20
13.1256399155,80.2947921753,69307,69317,10
13.1258897781,80.2948913574,69317,69327,10
13.1263999939,80.2950210571,69327,69337,10
13.1269397736,80.2951812744,69337,69348,11
13.1275997162,80.2953491211,69348,69358,10
13.1282100677,80.295501709,69358,69368,10
13.1289196014,80.2957229614,69368,69378,10
13.1297397614,80.2959518433,69378,69388,10
13.1304197311,80.2961196899,69388,69398,10
13.1308898926,80.2962722778,69398,69408,10
13.1312503815,80.2963790894,69408,69418,10
13.1316995621,80.2965087891,69418,69428,10
13.1321802139,80.2966308594,69428,69438,10
13.1326198578,80.2967376709,69438,69449,11
13.1331195831,80.2968902588,69449,69459,10
13.133600235,80.2970428467,69459,69469,10
13.1340198517,80.2971496582,69469,69479,10
13.1342802048,80.2972412109,69479,69489,10
13.1343402863,80.2972564697,69489,69499,10
13.1346797943,80.2973632813,69499,69509,10
13.1349000931,80.2974014282,69509,69519,10
13.1350097656,80.2974395752,69519,69529,10
13.1354904175,80.2975692749,69529,69539,10
13.1362304688,80.2977523804,69539,69550,11
13.1370801926,80.2979507446,69550,69560,10
13.1379299164,80.2982330322,69560,69570,10
13.1386203766,80.2984008789,69570,69580,10
13.1392602921,80.2985992432,69580,69590,10
13.1399202347,80.2987670898,69590,69600,10
13.1405696869,80.2989425659,69600,69610,10
13.1414003372,80.299156189,69610,69620,10
13.1424303055,80.2994537354,69620,69622,2
13.1430797577,80.2996520996,69622,69679,57
13.1431999207,80.2996368408,69679,69699,20
13.1431999207,80.2996368408,69699,69709,10
13.143239975,80.299407959,69709,69719,10
13.1433095932,80.2990036011,69719,69729,10
13.1434803009,80.2983703613,69729,69739,10
13.1436595917,80.2975234985,69739,69750,11
13.1437997818,80.296836853,69750,69761,11
13.1439800262,80.2967071533,69761,69772,11
13.1442403793,80.2968292236,69772,69802,30
13.1442403793,80.2968292236,69802,69812,10
13.1444597244,80.2969436646,69812,69822,10
13.1448602676,80.2970962524,69822,69831,9
13.1453895569,80.2973175049,69831,69842,11
13.1463003159,80.2976989746,69842,69852,10
13.1469402313,80.297958374,69852,69862,10
13.1476402283,80.2982406616,69862,69873,11
13.1484498978,80.298576355,69873,69883,10
13.1491003036,80.2988510132,69883,69893,10
13.149769783,80.2991333008,69893,69903,10
13.1501398087,80.2992782593,69903,69913,10
13.1504402161,80.2994003296,69913,69933,20
13.1504402161,80.2994003296,69933,69943,10
13.1505804062,80.2994537354,69943,69953,10
13.1510801315,80.299659729,69953,69963,10
13.1518001556,80.2999725342,69963,69974,11
13.1523399353,80.300201416,69974,69984,10
13.1527204514,80.3003616333,69984,69994,10
13.1533203125,80.3004989624,69994,70004,10
13.1540603638,80.3006362915,70004,70014,10
13.1548404694,80.3008880615,70014,70024,10
13.1555595398,80.3011703491,70024,70034,10
13.1561203003,80.3013687134,70034,70044,10
13.1565103531,80.3014678955,70044,70054,10
13.1569299698,80.3015594482,70054,70064,10
13.1571598053,80.3016281128,70064,70074,10
13.1572599411,80.3016586304,70074,70085,11
13.1577796936,80.3018035889,70085,70095,10
13.1581802368,80.3019866943,70095,70105,10
13.1586999893,80.3021621704,70105,70115,10
13.1587400436,80.302192688,70115,70125,10
13.1589803696,80.3022766113,70125,70135,10
13.1595096588,80.3023910522,70135,70145,10
13.1603002548,80.3025894165,70145,70165,20
13.1603002548,80.3025894165,70165,70175,10
13.1604795456,80.3026504517,70175,70186,11
13.1607103348,80.302696228,70186,70196,10
13.1612796783,80.3028793335,70196,70236,40
13.1612796783,80.3028793335,70236,70246,10
13.1615104675,80.3029632568,70246,70256,10
13.1616201401,80.3030090332,70256,70266,10
13.1617803574,80.3030776978,70266,70276,10
13.1619997025,80.3031692505,70276,70286,10
13.1622400284,80.3032608032,70286,70297,11
13.1627597809,80.3034515381,70297,70307,10
13.1631498337,80.3034973145,70307,70317,10
13.1634502411,80.3034973145,70317,70327,10
13.1636295319,80.3035202026,70327,70337,10
13.1639404297,80.3035125732,70337,70347,10
13.1643104553,80.3035202026,70347,70357,10
13.1647396088,80.3035507202,70357,70367,10
13.1651496887,80.3036193848,70367,70377,10
13.1656599045,80.3037414551,70377,70387,10
13.166270256,80.3039016724,70387,70398,11
13.1673698425,80.3041763306,70398,70418,20
13.1673698425,80.3041763306,70418,70428,10
13.1675195694,80.3042297363,70428,70438,10
13.1677503586,80.3042984009,70438,70448,10
13.1680898666,80.3043823242,70448,70458,10
13.1685695648,80.3045196533,70458,70468,10
13.1691799164,80.3046798706,70468,70478,10
13.169549942,80.3047866821,70478,70488,10
13.1700496674,80.3049087524,70488,70499,11
13.1704397202,80.3050003052,70499,70509,10
13.1709403992,80.3051071167,70509,70519,10
13.1715497971,80.3052825928,70519,70529,10
13.1720895767,80.3054428101,70529,70539,10
13.1729297638,80.3056564331,70539,70589,50
13.1729297638,80.3056564331,70589,70599,10
13.1733198166,80.3058013916,70599,70610,11
13.1740999222,80.3059768677,70610,70620,10
13.1750001907,80.3062133789,70620,70630,10
13.1760101318,80.3064880371,70630,70640,10
13.1769695282,80.3067474365,70640,70650,10
13.1780796051,80.3070602417,70650,70660,10
13.1789798737,80.3073577881,70660,70690,30
13.1789798737,80.3073577881,70690,70700,10
13.1792602539,80.3074417114,70700,70710,10
13.1797399521,80.3075714111,70710,70721,11
13.180439949,80.3077774048,70721,70731,10
13.1812000275,80.3079910278,70731,70741,10
13.1819095612,80.3081893921,70741,70751,10
13.1823797226,80.3083267212,70751,70761,10
13.1829795837,80.3084869385,70761,70771,10
13.183380127,80.3086166382,70771,70781,10
13.1838197708,80.3087463379,70781,70791,10
13.1843395233,80.3088912964,70791,70801,10
13.1848697662,80.3090286255,70801,70811,10
13.1851596832,80.30909729,70811,70822,11
13.185379982,80.3092498779,70822,70832,10
13.1852998734,80.3097229004,70832,70842,10
13.1851501465,80.3104782104,70842,70852,10
13.1849899292,80.3112792969,70852,70882,30
13.1849899292,80.3112792969,70882,70892,10
13.184920311,80.311416626,70892,70902,10
13.1848297119,80.3118591309,70902,70912,10
13.1848602295,80.312210083,70912,70923,11
13.1849803925,80.311920166,70923,70933,10
13.185090065,80.311378479,70933,70943,10
13.1852197647,80.3107376099,70943,70953,10
13.1854000092,80.3099594116,70953,70963,10
13.185549736,80.3093032837,70963,70973,10
13.1857795715,80.3082504272,70973,70983,10
13.1859798431,80.3071670532,70983,70993,10
13.1862297058,80.3059616089,70993,71003,10
13.1863498688,80.3047332764,71003,71013,10
13.1859798431,80.3037872314,71013,71023,10
13.185959816,80.3033905029,71023,71034,11
13.1862201691,80.3037414551,71034,71044,10
13.1864500046,80.3042831421,71044,71054,10
13.1865997314,80.3050765991,71054,71064,10
13.1864900589,80.3058624268,71064,71074,10
13.186340332,80.3065872192,71074,71084,10
13.1862001419,80.3073120117,71084,71094,10
13.1866998672,80.3078689575,71094,71114,20
13.1866998672,80.3078689575,71114,71124,10
13.1867303848,80.3078765869,71124,71134,10
13.18708992,80.308052063,71134,71145,11
13.1878099442,80.308380127,71145,71155,10
13.1886501312,80.3087615967,71155,71165,10
13.1894197464,80.3092498779,71165,71181,16
13.1900997162,80.3102798462,71181,71193,12
13.1909799576,80.3106918335,71193,71223,30
13.1909799576,80.3106918335,71223,71233,10
13.1911296844,80.310760498,71233,71244,11
13.1917695999,80.3109207153,71244,71251,7
13.1923799515,80.311050415,71251,71264,13
13.1937503815,80.311378479,71264,71274,10
13.1949300766,80.311668396,71274,71284,10
13.1956996918,80.3118972778,71284,71294,10
13.1957397461,80.3118972778,71294,71304,10
13.1960802078,80.3119812012,71304,71314,10
13.1967201233,80.3121566772,71314,71324,10
13.1976003647,80.3124237061,71324,71334,10
13.1985702515,80.3127212524,71334,71358,24
13.1996898651,80.3130874634,71358,71370,12
13.2004995346,80.3133392334,71370,71380,10
13.2007303238,80.3134384155,71380,71390,10
13.2014102936,80.313659668,71390,71400,10
13.2020702362,80.3138885498,71400,71410,10
13.20291996,80.3141708374,71410,71420,10
13.2037496567,80.314453125,71420,71430,10
13.2047901154,80.3147964478,71430,71440,10
13.2058401108,80.3151473999,71440,71450,10
13.2070398331,80.3155593872,71450,71460,10
13.207859993,80.3158874512,71460,71471,11
13.2085504532,80.3161621094,71471,71481,10
13.2092695236,80.3164596558,71481,71490,9
13.2098503113,80.3166809082,71490,71501,11
13.2098903656,80.3166885376,71501,71511,10
13.2101402283,80.3167800903,71511,71521,10
13.2106599808,80.3169937134,71521,71531,10
13.2114295959,80.3172988892,71531,71541,10
13.2117300034,80.317489624,71541,71551,10
13.2120599747,80.3179168701,71551,71562,11
13.2126398087,80.3185806274,71562,71572,10
13.2131700516,80.319190979,71572,71582,10
13.2138700485,80.3198394775,71582,71592,10
13.2144403458,80.3202896118,71592,71602,10
13.2149295807,80.3205566406,71602,71642,40
13.2149295807,80.3205566406,71642,71652,10
13.2149801254,80.3207168579,71652,71662,10
13.2148599625,80.3211364746,71662,71673,11
13.2146396637,80.3207702637,71673,72277,604
13.2146396637,80.3207702637,72277,72287,10
13.2147397995,80.3205032349,72287,72298,11
13.2147197723,80.3203887939,72298,72308,10
13.2145395279,80.3203125,72308,72318,10
13.2143201828,80.3201599121,72318,72328,10
13.2139196396,80.3198776245,72328,72338,10
13.2134199142,80.319442749,72338,72348,10
13.2129297256,80.3189086914,72348,72358,10
13.2124996185,80.3184280396,72358,72368,10
13.2120504379,80.3178863525,72368,72378,10
13.2116603851,80.3174285889,72378,72388,10
13.2114200592,80.3172683716,72388,72399,11
13.2107896805,80.3170318604,72399,72409,10
13.2102804184,80.3168182373,72409,72419,10
13.2100296021,80.3167190552,72419,72429,10
13.2097396851,80.316619873,72429,72439,10
13.2092695236,80.3164291382,72439,72449,10
13.208609581,80.3161773682,72449,72459,10
13.2080001831,80.3159484863,72459,72469,10
13.2072095871,80.3156433105,72469,72479,10
13.206199646,80.3152923584,72479,72489,10
13.2051296234,80.3149185181,72489,72499,10
13.204079628,80.3145828247,72499,72510,11
13.2029600143,80.3142089844,72510,72520,10
13.2018003464,80.3138198853,72520,72530,10
13.2005996704,80.3134231567,72530,72540,10
13.1996097565,80.3130569458,72540,72550,10
13.1985502243,80.312713623,72550,72560,10
13.1973800659,80.3123626709,72560,72570,10
13.1964597702,80.3120803833,72570,72580,10
13.1958799362,80.311882019,72580,72590,10
13.1955404282,80.3118209839,72590,72600,10
13.1947603226,80.311630249,72600,72611,11
13.1935501099,80.311340332,72611,72621,10
13.1926298141,80.3110961914,72621,72631,10
13.1918401718,80.3109130859,72631,72641,10
13.1911497116,80.3107528687,72641,72651,10
13.1906604767,80.3105697632,72651,72661,10
13.1906204224,80.3105392456,72661,72671,10
13.190290451,80.3103485107,72671,72681,10
13.1896495819,80.3100509644,72681,72691,10
13.1893997192,80.3094863892,72691,72701,10
13.1890602112,80.3089294434,72701,72711,10
13.1885700226,80.3087234497,72711,72722,11
13.1879997253,80.3084411621,72722,72732,10
13.1871995926,80.3080825806,72732,72742,10
13.1865301132,80.3077926636,72742,72752,10
13.1863298416,80.3077011108,72752,72762,10
13.1861696243,80.3075866699,72762,72772,10
13.1861600876,80.3072891235,72772,72782,10
13.1862897873,80.3067398071,72782,72792,10
13.1863698959,80.3062133789,72792,72802,10
13.1865196228,80.305519104,72802,72812,10
13.1865100861,80.3044967651,72812,72823,11
13.1861696243,80.3037109375,72823,72833,10
13.1858196259,80.3034362793,72833,72843,10
13.1860198975,80.303817749,72843,72853,10
13.186340332,80.3045501709,72853,72863,10
13.1863698959,80.3055114746,72863,72879,16
13.1860198975,80.3072967529,72879,72891,12
13.1857995987,80.3085708618,72891,72901,10
13.1855602264,80.3095016479,72901,72911,10
13.1852998734,80.3106231689,72911,72921,10
13.185090065,80.311668396,72921,72932,11
13.1849298477,80.3123397827,72932,72942,10
13.1847400665,80.3121566772,72942,72952,10
13.1848402023,80.3116607666,72952,72961,9
13.1848602295,80.3115463257,72961,72972,11
13.1849002838,80.311416626,72972,72982,10
13.1850595474,80.3107910156,72982,72992,10
13.1851902008,80.3099212646,72992,73002,10
13.1852998734,80.3091125488,73002,73012,10
13.184800148,80.3089675903,73012,73022,10
13.1844100952,80.3088912964,73022,73033,11
13.1840400696,80.3087768555,73033,73043,10
13.1834096909,80.3086166382,73043,73053,10
13.1831302643,80.3085403442,73053,73063,10
13.1828403473,80.3084564209,73063,73073,10
13.1826095581,80.3084030151,73073,73083,10
13.1822900772,80.3083114624,73083,73093,10
13.1819496155,80.3081970215,73093,73103,10
13.1815700531,80.3080978394,73103,73113,10
13.1811199188,80.3079833984,73113,73123,10
13.1805400848,80.307800293,73123,73134,11
13.1798000336,80.3076019287,73134,73144,10
13.1792802811,80.3074569702,73144,73154,10
13.1789503098,80.3073577881,73154,73164,10
13.178560257,80.3072280884,73164,73174,10
13.17786026,80.3070373535,73174,73184,10
13.1771802902,80.3068618774,73184,73194,10
13.1768798828,80.3067626953,73194,73204,10
13.1762399673,80.3065872192,73204,73214,10
13.1752796173,80.3063278198,73214,73224,10
13.1745796204,80.306137085,73224,73234,10
13.1737804413,80.3059234619,73234,73245,11
13.1730203629,80.3057022095,73245,73255,10
13.1723499298,80.3055267334,73255,73265,10
13.171959877,80.3054199219,73265,73275,10
13.1719102859,80.3054199219,73275,73285,10
13.1715898514,80.3053283691,73285,73295,10
13.1713104248,80.305229187,73295,73305,10
13.170920372,80.3051071167,73305,73315,10
13.1703996658,80.3050003052,73315,73325,10
13.1698799133,80.3048934937,73325,73335,10
13.1694097519,80.3047637939,73335,73346,11
13.1690196991,80.3046569824,73346,73356,10
13.1685495377,80.3045272827,73356,73366,10
13.1679296494,80.304359436,73366,73376,10
13.1674804688,80.3042373657,73376,73386,10
13.1670198441,80.3041305542,73386,73396,10
13.1666402817,80.3040390015,73396,73406,10
13.1661596298,80.3039093018,73406,73416,10
13.1655101776,80.3037414551,73416,73426,10
13.1648397446,80.3035888672,73426,73436,10
13.1644697189,80.3035202026,73436,73446,10
13.1641798019,80.3034973145,73446,73457,11
13.1639299393,80.3034820557,73457,73467,10
13.1636800766,80.3034667969,73467,73477,10
13.1634597778,80.3034667969,73477,73487,10
13.1632099152,80.3034591675,73487,73497,10
13.1629104614,80.3034515381,73497,73513,16
13.1622800827,80.303237915,73513,73525,12
13.1618995667,80.3030929565,73525,73535,10
13.1615896225,80.3029632568,73535,73545,10
13.1613702774,80.3028793335,73545,73555,10
13.1612997055,80.3028488159,73555,73566,11
13.1611499786,80.3028182983,73566,73576,10
13.1609201431,80.3027496338,73576,73586,10
13.1605997086,80.3026428223,73586,73596,10
13.1602802277,80.3025588989,73596,73606,10
13.1601400375,80.302520752,73606,73616,10
13.1597995758,80.3024291992,73616,73626,10
13.1593198776,80.3022994995,73626,73636,10
13.1586799622,80.3021316528,73636,73646,10
13.1582098007,80.3019790649,73646,73656,10
13.157910347,80.3018417358,73656,73667,11
13.1575298309,80.3016967773,73667,73677,10
13.1572599411,80.3016204834,73677,73687,10
13.1568698883,80.3015136719,73687,73697,10
13.1565303802,80.3014373779,73697,73707,10
13.1561403275,80.301322937,73707,73717,10
13.1556301117,80.3011779785,73717,73727,10
13.1550197601,80.3009567261,73727,73737,10
13.1543998718,80.3007202148,73737,73747,10
13.1538200378,80.3005599976,73747,73757,10
13.1533403397,80.3004684448,73757,73768,11
13.1527395248,80.3003311157,73768,73778,10
13.1523303986,80.300201416,73778,73788,10
13.1517896652,80.2999801636,73788,73798,10
13.1513595581,80.2998123169,73798,73808,10
13.1512002945,80.2997283936,73808,73818,10
13.1510896683,80.2996673584,73818,73828,10
13.1505298615,80.2994537354,73828,73838,10
13.1499204636,80.2992019653,73838,73848,10
13.1493997574,80.2990036011,73848,73858,10
13.148639679,80.2986984253,73858,73868,10
13.1478595734,80.2983779907,73868,73879,11
13.1471004486,80.2980575562,73879,73889,10
13.1464595795,80.2977905273,73889,73899,10
13.1457595825,80.2975006104,73899,73909,10
13.1451101303,80.2972412109,73909,73919,10
13.1443500519,80.2969512939,73919,73939,20
13.1443500519,80.2969512939,73939,73949,10
13.1442699432,80.2969207764,73949,73959,10
13.1439695358,80.2967987061,73959,73969,10
13.1437301636,80.2968521118,73969,73980,11
13.1436195374,80.2975006104,73980,73990,10
13.1434202194,80.2983932495,73990,74000,10
13.1432199478,80.2993087769,74000,74010,10
13.1431102753,80.2996368408,74010,74020,10
13.1428403854,80.299659729,74020,74030,10
13.1423301697,80.2994995117,74030,74040,10
13.1415395737,80.2992630005,74040,74050,10
13.1405601501,80.2989883423,74050,74060,10
13.1397800446,80.2987594604,74060,74070,10
13.1392002106,80.2985916138,74070,74081,11
13.1382799149,80.2983322144,74081,74091,10
13.1374797821,80.2981109619,74091,74101,10
13.1366701126,80.2978820801,74101,74111,10
13.1359195709,80.297668457,74111,74121,10
13.1350698471,80.2974700928,74121,74131,10
13.1343898773,80.2972793579,74131,74141,10
13.1342401505,80.2972183228,74141,74151,10
13.1337203979,80.2970581055,74151,74161,10
13.1332902908,80.296913147,74161,74171,10
13.132900238,80.2968063354,74171,74181,10
13.132349968,80.2966690063,74181,74191,10
13.1317996979,80.2965087891,74191,74202,11
13.1311302185,80.2963409424,74202,74212,10
13.130689621,80.2962265015,74212,74222,10
13.1302700043,80.2960968018,74222,74232,10
13.1294803619,80.2958679199,74232,74242,10
13.1287899017,80.2956924438,74242,74252,10
13.1281700134,80.2955169678,74252,74262,10
13.1271600723,80.2952423096,74262,74303,41
13.1271600723,80.2952423096,74303,74313,10
13.1269197464,80.2951583862,74313,74323,10
13.1266403198,80.2950820923,74323,74333,10
13.126159668,80.294960022,74333,74343,10
13.1259002686,80.294883728,74343,74353,10
13.1253900528,80.2947387695,74353,74363,10
13.1247797012,80.2946090698,74363,74373,10
13.124420166,80.2945404053,74373,74383,10
13.1240997314,80.2944717407,74383,74393,10
13.1238698959,80.294418335,74393,74404,11
13.1232204437,80.2942810059,74404,74414,10
13.1224603653,80.2941207886,74414,74424,10
13.1218595505,80.2939910889,74424,74434,10
13.1214504242,80.2938995361,74434,74444,10
13.1207895279,80.2937393188,74444,74454,10
13.1201095581,80.2935791016,74454,74464,10
13.1194601059,80.2934494019,74464,74474,10
13.1189098358,80.2933425903,74474,74484,10
13.1183004379,80.29322052,74484,74494,10
13.117480278,80.2930831909,74494,74505,11
13.1166601181,80.292930603,74505,74514,9
13.1158399582,80.2927932739,74514,74525,11
13.1150302887,80.29271698,74525,74535,10
13.1149597168,80.2927017212,74535,74545,10
13.1147298813,80.2926483154,74545,74555,10
13.1144199371,80.2926025391,74555,74565,10
13.1140699387,80.2925415039,74565,74575,10
13.1136398315,80.2924575806,74575,74585,10
13.1129598618,80.292350769,74585,74595,10
13.1123199463,80.2922363281,74595,74606,11
13.1116104126,80.292137146,74606,74616,10
13.1109104156,80.2920227051,74616,74626,10
13.1104602814,80.2919311523,74626,74636,10
13.1100196838,80.2918930054,74636,74646,10
13.1094398499,80.2918167114,74646,74656,10
13.1082000732,80.2915878296,74656,74686,30
13.1082000732,80.2915878296,74686,74696,10
13.1080198288,80.2914810181,74696,74706,10
13.1077604294,80.2914428711,74706,74717,11
13.1074104309,80.2913970947,74717,74727,10
13.1068696976,80.291343689,74727,74737,10
13.1061897278,80.2912826538,74737,74747,10
13.1058998108,80.292137146,74747,74757,10
13.1059904099,80.2929763794,74757,74767,10
13.1058597565,80.2934494019,74767,74776,9
13.1056098938,80.2941665649,74776,74787,11
13.1052598953,80.2950515747,74787,74797,10
13.104590416,80.2954101563,74797,74807,10
13.1036901474,80.2951583862,74807,74818,11
13.1025104523,80.2948379517,74818,74828,10
13.1015901566,80.2946014404,74828,74838,10
13.100689888,80.2943725586,74838,74848,10
13.1000995636,80.2942581177,74848,74858,10
13.0994997025,80.2940979004,74858,74868,10
13.0986604691,80.2938537598,74868,74878,10
13.0978298187,80.2935409546,74878,74888,10
13.0969400406,80.2932281494,74888,74904,16
13.0952301025,80.2926712036,74904,74928,24
13.0952301025,80.2926712036,74928,74938,10
13.0950899124,80.292640686,74938,74948,10
13.0947599411,80.2925415039,74948,74958,10
13.0943698883,80.2923965454,74958,74988,30
13.0943698883,80.2923965454,74988,74998,10
13.0940999985,80.2923278809,74998,75008,10
13.0936098099,80.2921676636,75008,75018,10
13.0930099487,80.2919692993,75018,75029,11
13.0923995972,80.2918014526,75029,75039,10
13.0918703079,80.291633606,75039,75049,10
13.0912904739,80.2914123535,75049,75059,10
13.0908203125,80.2912521362,75059,75069,10
13.0902500153,80.2910690308,75069,75079,10
13.0894002914,80.2907867432,75079,75089,10
13.0890102386,80.290687561,75089,75099,10
13.0887002945,80.2905426025,75099,75109,10
13.0880403519,80.2902297974,75109,75119,10
13.087389946,80.2899475098,75119,75129,10
13.0870704651,80.2898712158,75129,75140,11
13.0865001678,80.2897109985,75140,75150,10
13.0859603882,80.2895812988,75150,75160,10
13.0854797363,80.2891387939,75160,75170,10
13.085100174,80.2882995605,75170,75186,16
13.085100174,80.2867507935,75186,75198,12
13.0852098465,80.2856292725,75198,75208,10
13.0852499008,80.28465271,75208,75218,10
13.0850000381,80.2839126587,75218,75228,10
13.0843095779,80.2831115723,75228,75239,11
13.0831098557,80.2823562622,75239,75249,10
13.0823202133,80.2818832397,75249,75289,40
13.0823202133,80.2818832397,75289,75298,9
13.0821304321,80.2816162109,75298,75309,11
13.0821504593,80.2810287476,75309,75319,10
13.0820703506,80.2801132202,75319,75329,10
13.0819301605,80.2788085938,75329,75350,21
13.0819301605,80.2788085938,75350,75360,10
13.0819501877,80.2786178589,75360,75371,11
13.0818996429,80.2781524658,75371,75381,10
13.0818099976,80.2774963379,75381,75391,10
13.0817899704,80.2773284912,75391,75401,10
13.0816898346,80.2768325806,75401,75442,41
13.0816898346,80.2768325806,75442,75452,10
13.0816402435,80.2763824463,75452,75462,10
13.0816001892,80.2761535645,75462,75472,10
13.0816001892,80.2761077881,75472,75482,10
13.0815200806,80.2758407593,75482,75522,40
13.0815200806,80.2758407593,75522,75532,10
13.0814304352,80.2753601074,75532,75542,10
13.0814199448,80.2752532959,75542,75553,11
13.0811595917,80.2752075195,75553,75563,10
13.0806598663,80.2752685547,75563,75573,10
13.080039978,80.275352478,75573,75583,10
13.0792503357,80.2753067017,75583,75593,10
13.0783500671,80.2753829956,75593,75603,10
13.07791996,80.2762374878,75603,75613,10
13.0770702362,80.2763137817,75613,75623,10
13.0764398575,80.2763519287,75623,75633,10
13.0756101608,80.2763824463,75633,75643,10
13.0747299194,80.2764205933,75643,75653,10
13.0737600327,80.2765274048,75653,75664,11
13.0730304718,80.2760314941,75664,75674,10
13.0724201202,80.2753067017,75674,75684,10
13.0718603134,80.2747192383,75684,75694,10
13.0712900162,80.2745285034,75694,75703,9
13.0706996918,80.2743682861,75703,75714,11
13.0706396103,80.2742919922,75714,75724,10
13.0705699921,80.2741394043,75724,75734,10
13.0703802109,80.2736816406,75734,75744,10
13.070019722,80.2732009888,75744,75754,10
13.0695495605,80.2726821899,75754,75765,11
13.0690603256,80.2721862793,75765,75776,11
13.0685901642,80.2720031738,75776,75787,11
13.0682096481,80.2717666626,75787,75797,10
13.0678796768,80.2711715698,75797,75817,20
13.0678796768,80.2711715698,75817,75827,10
13.0676803589,80.2707977295,75827,75837,10
13.0671195984,80.2703094482,75837,75847,10
13.0665197372,80.26953125,75847,75857,10
13.0663499832,80.2687072754,75857,75868,11
13.0661001205,80.2682189941,75868,75878,10
13.0657596588,80.2678222656,75878,75888,10
13.0652399063,80.2676620483,75888,75898,10
13.0651702881,80.2676467896,75898,75908,10
13.0650396347,80.2676391602,75908,75918,10
13.0645399094,80.2675476074,75918,75928,10
13.0639200211,80.2674407959,75928,75938,10
13.0632200241,80.2673416138,75938,75948,10
13.0625896454,80.2671279907,75948,75958,10
13.0621204376,80.2665405273,75958,75969,11
13.0615797043,80.2658615112,75969,75979,10
13.0611495972,80.265296936,75979,75989,10
13.0606803894,80.2652511597,75989,75999,10
13.0602798462,80.2654571533,75999,76009,10
13.0598201752,80.2656173706,76009,76019,10
13.0592603683,80.2655792236,76019,76029,10
13.0586500168,80.2654724121,76029,76039,10
13.0581798553,80.2653579712,76039,76049,10
13.0574302673,80.2650375366,76049,76059,10
13.0566997528,80.2646789551,76059,76069,10
13.0559301376,80.264541626,76069,76080,11
13.0550098419,80.2644424438,76080,76090,10
13.0543498993,80.2643203735,76090,76100,10
13.0543203354,80.2643127441,76100,76116,16
13.054189682,80.2642974854,76116,76128,12
13.0537204742,80.2640609741,76128,76138,10
13.052980423,80.2639007568,76138,76148,10
13.0523099899,80.2638320923,76148,76158,10
13.051659584,80.2639465332,76158,76168,10
13.0510396957,80.2640762329,76168,76178,10
13.0502300262,80.2641220093,76178,76189,11
13.0492601395,80.2641372681,76189,76199,10
13.0488996506,80.2649002075,76199,76209,10
13.048210144,80.2658004761,76209,76219,10
13.0475797653,80.2662734985,76219,76229,10
13.0468902588,80.2663497925,76229,76249,20
13.0468902588,80.2663497925,76249,76259,10
13.0464496613,80.2664031982,76259,76269,10
13.0457201004,80.2666015625,76269,76278,9
13.0450401306,80.2667007446,76278,76290,12
13.0444402695,80.2668609619,76290,76300,10
13.0437297821,80.2672729492,76300,76310,10
13.0429697037,80.2677536011,76310,76320,10
13.0423402786,80.268119812,76320,76330,10
13.0415802002,80.2682266235,76330,76340,10
13.0410804749,80.2682571411,76340,76350,10
13.0409803391,80.2682723999,76350,76360,10
13.0405797958,80.2681808472,76360,76370,10
13.0399198532,80.2679367065,76370,76380,10
13.039440155,80.2678222656,76380,76391,11
13.038649559,80.2676773071,76391,76401,10
13.0379400253,80.2677230835,76401,76411,10
13.0374403,80.2676696777,76411,76421,10
13.0374298096,80.2676620483,76421,76431,10
13.0372104645,80.2676315308,76431,76441,10
13.0368404388,80.2676467896,76441,76451,10
13.0363798141,80.2677383423,76451,76461,10
13.0358695984,80.2678070068,76461,76471,10
13.0355501175,80.267868042,76471,76481,10
13.0350704193,80.2679519653,76481,76491,10
13.0343198776,80.2680282593,76491,76512,21
13.0343198776,80.2680282593,76512,76522,10
13.0341300964,80.2679977417,76522,76532,10
13.0337896347,80.2679519653,76532,76542,10
13.0333995819,80.2678222656,76542,76552,10
13.0332603455,80.267791748,76552,76562,10
13.0329399109,80.2677612305,76562,76572,10
13.0326499939,80.2676086426,76572,76582,10
13.0324201584,80.2674179077,76582,76592,10
13.0320100784,80.2672195435,76592,76603,11
13.0314998627,80.2670593262,76603,76613,10
13.0311002731,80.2669830322,76613,76623,10
13.0305500031,80.2668533325,76623,76633,10
13.0301303864,80.2667388916,76633,76643,10
13.0300998688,80.2667312622,76643,76653,10
13.0297498703,80.2666702271,76653,76663,10
13.0293397903,80.2665405273,76663,76673,10
13.0289201736,80.266418457,76673,76683,10
13.0283403397,80.2663192749,76683,76693,10
13.0276403427,80.2661972046,76693,76703,10
13.026889801,80.2661209106,76703,76714,11
13.0263204575,80.2659835815,76714,76724,10
13.026049614,80.265838623,76724,76734,10
13.0252504349,80.2653274536,76734,76754,20
13.0252504349,80.2653274536,76754,76764,10
13.0249996185,80.2651672363,76764,76774,10
13.0245599747,80.2648086548,76774,76784,10
13.0238199234,80.2643127441,76784,76794,10
13.023059845,80.2638778687,76794,76804,10
13.0223302841,80.2634963989,76804,76815,11
13.0219097137,80.2632904053,76815,76825,10
13.0212802887,80.263092041,76825,76835,10
13.0203695297,80.2630386353,76835,76845,10
13.0196399689,80.2629776001,76845,76855,10
13.0191202164,80.2629165649,76855,76865,10
13.0188999176,80.2625732422,76865,76875,10
13.0188102722,80.2618103027,76875,76885,10
13.0183696747,80.261138916,76885,76895,10
13.0175695419,80.260597229,76895,76905,10
13.0166501999,80.2600021362,76905,76916,11
13.0159301758,80.2596435547,76916,76926,10
13.0158195496,80.2595825195,76926,76936,10
13.0153303146,80.2593994141,76936,76946,10
13.0145702362,80.2593002319,76946,76956,10
13.0136899948,80.2592697144,76956,76966,10
13.0125703812,80.2592315674,76966,76976,10
13.0114402771,80.2591934204,76976,76986,10
13.0104904175,80.2592163086,76986,76996,10
13.0095100403,80.2592163086,76996,77006,10
13.0088596344,80.2591629028,77006,77016,10
13.0085201263,80.2592086792,77016,77027,11
13.0078496933,80.2592468262,77027,77037,10
13.007109642,80.2586517334,77037,77057,20
13.007109642,80.2586517334,77057,77067,10
13.0069904327,80.258392334,77067,77077,10
13.0066604614,80.2578582764,77077,77087,10
13.0060300827,80.2574996948,77087,77097,10
13.0051603317,80.2572784424,77097,77107,10
13.0043897629,80.2571105957,77107,77117,10
13.0038299561,80.256980896,77117,77128,11
13.0031995773,80.2568588257,77128,77138,10
13.0029001236,80.2567977905,77138,77148,10
13.0025501251,80.2567214966,77148,77158,10
13.0022001266,80.256652832,77158,77168,10
13.0017995834,80.2565917969,77168,77178,10
13.0010900497,80.2565002441,77178,77188,10
13.0005102158,80.2564086914,77188,77198,10
12.9996004105,80.2562408447,77198,77229,31
12.9996004105,80.2562408447,77229,77239,10
12.9993400574,80.256187439,77239,77249,10
12.99903965,80.2561416626,77249,77259,10
12.9986600876,80.256072998,77259,77279,20
12.9986600876,80.256072998,77279,77289,10
12.9981203079,80.2559280396,77289,77299,10
12.9981203079,80.2559280396,77299,77309,10
12.9978303909,80.2559204102,77309,77319,10
12.9971399307,80.2558898926,77319,77360,41
12.9971399307,80.2558898926,77360,77371,11
12.9967298508,80.2558898926,77371,77381,10
12.9961395264,80.2558898926,77381,77391,10
12.9954395294,80.255897522,77391,77401,10
12.9949102402,80.2559204102,77401,77411,10
12.9941396713,80.2560119629,77411,77421,10
12.9933204651,80.2560501099,77421,77431,10
12.9922800064,80.2560882568,77431,77442,11
12.9909696579,80.2560424805,77442,77452,10
12.9904403687,80.2560119629,77452,77462,10
12.9898996353,80.2560119629,77462,77472,10
12.9886102676,80.2559509277,77472,77502,30
12.9886102676,80.2559509277,77502,77512,10
12.9883403778,80.2559204102,77512,77522,10
12.9881296158,80.255859375,77522,77532,10
12.9878396988,80.255859375,77532,77542,10
12.987569809,80.256072998,77542,77553,11
12.9875097275,80.2568588257,77553,77563,10
12.9874095917,80.2577590942,77563,77573,10
12.9873600006,80.2584762573,77573,77583,10
12.9871997833,80.2593383789,77583,77623,40
12.9871997833,80.2593383789,77623,77633,10
12.9872398376,80.2594604492,77633,77643,10
12.9870901108,80.2595977783,77643,77654,11
12.9869804382,80.2595596313,77654,77664,10
12.9867095947,80.2595062256,77664,77674,10
12.9866199493,80.259262085,77674,77704,30
12.9866199493,80.259262085,77704,77714,10
12.9867200851,80.2590103149,77714,77724,10
12.9866600037,80.2587432861,77724,77754,30
12.986579895,80.2589035034,77754,82086,4332
12.986579895,80.2589035034,82086,82096,10
12.986700058,80.2588882446,82096,82106,10
12.986700058,80.2590713501,82106,82116,10
12.9866104126,80.2591400146,82116,82126,10
