12.9969797134,80.1913833618,12,28637,28625
12.9970197678,80.1913909912,28637,28718,81
12.9969596863,80.1914215088,28718,28879,161
12.9969797134,80.1913986206,28879,28950,71
12.9968996048,80.1914901733,28950,29939,989
12.9968996048,80.1914901733,29939,29949,10
12.9970798492,80.1913070679,29949,29970,21
12.9970798492,80.1913070679,29970,29980,10
12.9972801208,80.1914215088,29980,29990,10
12.9974098206,80.1916885376,29990,30000,10
12.9974498749,80.191619873,30000,32049,2049
12.9975404739,80.1915130615,32049,32291,242
12.9975404739,80.1915130615,32291,32301,10
12.9974603653,80.1915893555,32301,36018,3717
12.9974603653,80.1915893555,36018,36028,10
12.9974803925,80.191619873,36028,36038,10
12.9972496033,80.1917724609,36038,36048,10
12.9970598221,80.1915588379,36048,36058,10
12.9974403381,80.1914901733,36058,36089,31
12.9974403381,80.1914901733,36089,36099,10
12.9972696304,80.1917495728,36099,36169,70
12.9972696304,80.1917495728,36169,36179,10
12.9972696304,80.1917724609,36179,36190,11
12.9971904755,80.1917800903,36190,36200,10
12.9970598221,80.1915893555,36200,36210,10
12.9971199036,80.1913528442,36210,36220,10
12.9973497391,80.1912231445,36220,41216,4996
12.9973497391,80.1912231445,41216,41226,10
12.9972696304,80.1911621094,41226,41236,10
12.9970598221,80.1908187866,41236,41246,10
12.9968204498,80.1912078857,41246,41267,21
12.9968204498,80.1912078857,41267,41277,10
12.9971199036,80.1912612915,41277,41287,10
12.9974002838,80.1916275024,41287,41297,10
12.9972801208,80.1917572021,41297,41307,10
12.9970197678,80.191619873,41307,41337,30
12.9970197678,80.191619873,41337,41347,10
12.9970197678,80.1914596558,41347,41357,10
12.9970397949,80.1909713745,41357,41367,10
12.996720314,80.1908569336,41367,41378,11
12.997010231,80.1914520264,41378,41388,10
12.9972400665,80.1917419434,41388,41398,10
12.9972200394,80.1914215088,41398,41579,181
12.9973697662,80.1915588379,41579,43699,2120
12.9973697662,80.1915588379,43699,43709,10
12.9970302582,80.1914520264,43709,43719,10
12.9967298508,80.1909713745,43719,43729,10
12.9973697662,80.1915206909,43729,43780,51
12.9973697662,80.1915206909,43780,43790,10
12.9973297119,80.1918029785,43790,43840,50
12.9973297119,80.1918029785,43840,43850,10
12.9970598221,80.1913986206,43850,43861,11
12.9965896606,80.1913986206,43861,45264,1403
12.9965896606,80.1913986206,45264,45275,11
12.9963903427,80.1914215088,45275,45285,10
12.9963197708,80.1912689209,45285,45295,10
12.9961700439,80.1907196045,45295,45305,10
12.9959096909,80.1895904541,45305,45325,20
12.9959096909,80.1895904541,45325,45335,10
12.9959201813,80.1894073486,45335,45345,10
12.9961595535,80.1893081665,45345,45355,10
12.9965295792,80.1897583008,45355,45365,10
12.9970998764,80.1904296875,45365,45375,10
12.9977998734,80.1913223267,45375,45386,11
12.998550415,80.1922988892,45386,45396,10
12.999130249,80.1930236816,45396,45406,10
12.9996995926,80.1937637329,45406,45416,10
13.0003900528,80.1946182251,45416,45426,10
13.0010099411,80.1953582764,45426,45436,10
13.0012397766,80.195602417,45436,45446,10
13.0013198853,80.1957015991,45446,45456,10
13.0014696121,80.195930481,45456,45466,10
13.001830101,80.1963806152,45466,45476,10
13.0020904541,80.1970825195,45476,45486,10
13.0019798279,80.1980361938,45486,45497,11
13.0017995834,80.1989822388,45497,45507,10
13.0018396378,80.1997680664,45507,45517,10
13.002409935,80.2004776001,45517,45527,10
13.0037403107,80.200843811,45527,45547,20
13.0037403107,80.200843811,45547,45557,10
13.0041103363,80.2009887695,45557,45567,10
13.0047302246,80.2012405396,45567,45577,10
13.0055198669,80.2018432617,45577,45587,10
13.006070137,80.202796936,45587,45598,11
13.0069503784,80.2034988403,45598,45608,10
13.0078201294,80.2037200928,45608,45618,10
13.0084295273,80.2032928467,45618,45628,10
13.007809639,80.2028198242,45628,45638,10
13.0075597763,80.2037582397,45638,45648,10
13.007610321,80.2050094604,45648,45658,10
13.0077199936,80.206161499,45658,45668,10
13.0078897476,80.2073669434,45668,45678,10
13.0080003738,80.2085037231,45678,45688,10
13.0082101822,80.2095794678,45688,45698,10
13.0086698532,80.2104415894,45698,45715,17
13.0091295242,80.2113876343,45715,45767,52
13.0091295242,80.2113876343,45767,45777,10
13.0090103149,80.2115402222,45777,45787,10
13.0090999603,80.2119369507,45787,45797,10
13.0093202591,80.212600708,45797,45807,10
13.0095996857,80.2133636475,45807,45818,11
13.0099601746,80.2142333984,45818,45828,10
13.0101699829,80.2152099609,45828,45838,10
13.0105400085,80.2163925171,45838,45848,10
13.0110797882,80.217590332,45848,45858,10
13.0114898682,80.2187728882,45858,45868,10
13.0119199753,80.2200775146,45868,45878,10
13.0122299194,80.2210083008,45878,45888,10
13.0123500824,80.2214431763,45888,45898,10
13.0124797821,80.2217178345,45898,45908,10
13.0127696991,80.2221298218,45908,45918,10
13.0132198334,80.2226409912,45918,45929,11
13.0137996674,80.2233123779,45929,45939,10
13.0141201019,80.2236785889,45939,45949,10
13.0144500732,80.2240905762,45949,45959,10
13.0149803162,80.2247009277,45959,45969,10
13.0152902603,80.2250823975,45969,45979,10
13.0154304504,80.225440979,45979,45995,16
13.0148000717,80.2260437012,45995,46007,12
13.0139503479,80.2264022827,46007,46017,10
13.0128002167,80.2268676758,46017,46027,10
13.0117998123,80.2272872925,46027,46038,11
13.0106201172,80.2277526855,46038,46048,10
13.0096597672,80.2281417847,46048,46058,10
13.0091104507,80.2287979126,46058,46068,10
13.0088996887,80.2297210693,46068,46078,10
13.0087099075,80.2307434082,46078,46088,10
13.0084495544,80.231628418,46088,46098,10
13.0082302094,80.2326126099,46098,46108,10
13.0081501007,80.2334594727,46108,46118,10
13.0081596375,80.2336273193,46118,46128,10
13.0080299377,80.2341384888,46128,46138,10
13.0078697205,80.23487854,46138,46149,11
13.0077104568,80.2358016968,46149,46159,10
13.0074901581,80.2367324829,46159,46169,10
13.0072603226,80.2378311157,46169,46179,10
13.007060051,80.2389373779,46179,46189,10
13.0068902969,80.2398834229,46189,46239,50
13.0068902969,80.2398834229,46239,46249,10
13.0067901611,80.2405471802,46249,46260,11
13.0066995621,80.2414627075,46260,46270,10
13.0066699982,80.2424163818,46270,46279,9
13.0066404343,80.2431793213,46279,46290,11
13.006529808,80.2439422607,46290,46300,10
13.0065002441,80.2449111938,46300,46310,10
13.0065898895,80.2456130981,46310,46320,10
13.0066604614,80.2463912964,46320,46330,10
13.0067100525,80.2469863892,46330,46340,10
13.0066604614,80.2477111816,46340,46350,10
13.0067100525,80.248588562,46350,46361,11
13.0068397522,80.249458313,46361,46371,10
13.0068597794,80.2495498657,46371,46381,10
13.0068597794,80.2498397827,46381,46391,10
13.0067996979,80.2504196167,46391,46401,10
13.0067796707,80.2509765625,46401,46411,10
13.0067901611,80.2510604858,46411,46421,10
13.006770134,80.2513427734,46421,46431,10
13.0066299438,80.2520217896,46431,46441,10
13.0065402985,80.2528610229,46441,46451,10
13.0065498352,80.2536697388,46451,46461,10
13.0065803528,80.2545776367,46461,46472,11
13.0065698624,80.255317688,46472,46482,10
13.0066003799,80.2561798096,46482,46492,10
13.0065603256,80.2569503784,46492,46562,70
13.0065603256,80.2569503784,46562,46572,10
13.0066795349,80.2572784424,46572,46583,11
13.0068502426,80.2578811646,46583,46593,10
13.0073099136,80.2584915161,46593,46603,10
13.0077295303,80.2586669922,46603,46613,10
13.0079803467,80.2587814331,46613,46623,10
13.0086603165,80.2590179443,46623,46633,10
13.0093603134,80.2590484619,46633,46643,10
13.0103197098,80.2590408325,46643,46653,10
13.0114898682,80.2590332031,46653,46663,10
13.0127496719,80.2590713501,46663,46673,10
13.0140304565,80.2591171265,46673,46683,10
13.0152196884,80.2592010498,46683,46694,11
13.016119957,80.2594909668,46694,46704,10
13.0163497925,80.2596435547,46704,46714,10
13.0164403915,80.2597198486,46714,46724,10
13.0169095993,80.2600479126,46724,46734,10
13.0175304413,80.2604827881,46734,46744,10
13.0181398392,80.2609100342,46744,46754,10
13.0187997818,80.2613983154,46754,46764,10
13.0192699432,80.2618026733,46764,46774,10
13.0197401047,80.2622680664,46774,46784,10
13.0204601288,80.2627410889,46784,46795,11
13.0213003159,80.2630004883,46795,46805,10
13.0219602585,80.2632827759,46805,46815,10
13.0223398209,80.2634811401,46815,46825,10
13.0229997635,80.2638397217,46825,46835,10
13.0236196518,80.2641830444,46835,46845,10
13.0244102478,80.2646865845,46845,46855,10
13.0248203278,80.2650222778,46855,46865,10
13.0251903534,80.2652587891,46865,46875,10
13.025759697,80.2656097412,46875,46885,10
13.0259304047,80.2657012939,46885,46895,10
13.0260400772,80.2657775879,46895,46906,11
13.0263004303,80.2654800415,46906,47027,121
13.0263004303,80.2654800415,47027,47037,10
13.0265703201,80.2655029297,47037,47047,10
13.0266704559,80.2657089233,47047,47057,10
13.0267801285,80.26587677,47057,47097,40
13.0267801285,80.26587677,47097,47107,10
13.0269203186,80.26612854,47107,48319,1212
13.0269203186,80.26612854,48319,48329,10
13.0264396667,80.2660217285,48329,48349,20
13.0264396667,80.2660217285,48349,48359,10
13.0261697769,80.2659225464,48359,48369,10
13.0258398056,80.2657394409,48369,48379,10
13.0254001617,80.2654724121,48379,48389,10
13.0250597,80.2651824951,48389,48399,10
13.0246896744,80.2649230957,48399,48409,10
13.0243196487,80.2646331787,48409,48419,10
13.0237598419,80.2643127441,48419,48430,11
13.0229797363,80.2638702393,48430,48440,10
13.0223197937,80.2635803223,48440,48450,10
13.021900177,80.2633666992,48450,48460,10
13.0213003159,80.2631378174,48460,48470,10
13.0205202103,80.2630691528,48470,48480,10
13.0197601318,80.2630386353,48480,48496,16
13.0189399719,80.2627716064,48496,48508,12
13.0187902451,80.2618179321,48508,48518,10
13.0185403824,80.2612686157,48518,48528,10
13.017999649,80.2609176636,48528,48539,11
13.0172595978,80.2604217529,48539,48549,10
13.0166101456,80.2599868774,48549,48559,10
13.0160799026,80.2596893311,48559,48569,10
13.015999794,80.2596511841,48569,48579,10
13.015540123,80.2594833374,48579,48589,10
13.0147895813,80.2593231201,48589,48598,9
13.0139598846,80.2592773438,48598,48608,10
13.012840271,80.2592391968,48608,48619,11
13.0115804672,80.2591705322,48619,48629,10
13.0104398727,80.2591400146,48629,48640,11
13.0092697144,80.2591400146,48640,48650,10
13.0083703995,80.2591094971,48650,48660,10
13.007610321,80.2588272095,48660,48670,10
13.0069103241,80.2581176758,48670,48680,10
13.0065603256,80.2570877075,48680,48690,10
13.0065498352,80.2558898926,48690,48700,10
13.006529808,80.2547225952,48700,48710,10
13.0064697266,80.2540817261,48710,48720,10
13.0065202713,80.2538223267,48720,48730,10
13.0065202713,80.2533493042,48730,48740,10
13.0065097809,80.252822876,48740,48751,11
13.0066003799,80.2520217896,48751,48760,9
13.0067596436,80.2512207031,48760,48771,11
13.0067796707,80.250038147,48771,48781,10
13.0067501068,80.2492294312,48781,48791,10
13.0066900253,80.2483825684,48791,48821,30
13.0066900253,80.2483825684,48821,48831,10
13.006649971,80.2482528687,48831,48841,10
13.0066299438,80.2478103638,48841,48851,10
13.0066404343,80.2471618652,48851,48862,11
13.0065498352,80.2466583252,48862,48872,10
13.0065498352,80.2466506958,48872,48882,10
13.006649971,80.2462310791,48882,48892,10
13.0066795349,80.2455291748,48892,48902,10
13.0066604614,80.2446899414,48902,48912,10
13.0066204071,80.2440185547,48912,48922,10
13.0065803528,80.2433700562,48922,48932,10
13.0065603256,80.2425231934,48932,48942,10
13.0066003799,80.2415466309,48942,48952,10
13.0067300797,80.2403335571,48952,48983,31
13.0067300797,80.2403335571,48983,48993,10
13.006819725,80.2398529053,48993,49003,10
13.0069999695,80.2391433716,49003,49013,10
13.0071697235,80.2380981445,49013,49023,10
13.0073795319,80.2370605469,49023,49033,10
13.0074195862,80.2367324829,49033,49043,10
13.0074195862,80.2366790771,49043,49053,10
13.0075597763,80.2362823486,49053,49063,10
13.0077199936,80.2355499268,49063,49074,11
13.0079402924,80.2345733643,49074,49084,10
13.0081501007,80.2335205078,49084,49094,10
13.0083599091,80.2323226929,49094,49104,10
13.0085897446,80.2311401367,49104,49114,10
13.0088195801,80.2299118042,49114,49124,10
13.009059906,80.2287368774,49124,49134,10
13.0094404221,80.2275695801,49134,49144,10
13.0099096298,80.2265319824,49144,49154,10
13.01060009,80.2250976563,49154,49174,20
13.01060009,80.2250976563,49174,49185,11
13.0107097626,80.2248916626,49185,49195,10
13.0109901428,80.2242584229,49195,49205,10
13.011179924,80.2236633301,49205,49225,20
13.011179924,80.2236633301,49225,49235,10
13.0112800598,80.2235107422,49235,49245,10
13.0113801956,80.2231369019,49245,49255,10
13.0116300583,80.2225570679,49255,49265,10
13.0119600296,80.2217025757,49265,49275,10
13.012140274,80.2211685181,49275,49285,10
13.0119895935,80.2206115723,49285,49296,11
13.0116996765,80.2196426392,49296,49306,10
13.0114002228,80.2186584473,49306,49316,10
13.0110502243,80.2176895142,49316,49326,10
13.0105800629,80.2166137695,49326,49335,9
13.0101203918,80.2157974243,49335,49346,11
13.0097198486,80.2150497437,49346,49356,10
13.0092000961,80.2143707275,49356,49366,10
13.0087404251,80.2137527466,49366,49376,10
13.0081396103,80.2132873535,49376,49407,31
13.0081396103,80.2132873535,49407,49417,10
13.0079603195,80.213218689,49417,49427,10
13.0077800751,80.2130126953,49427,49437,10
13.0072803497,80.2127990723,49437,49447,10
13.0065097809,80.2127380371,49447,49457,10
13.0057201385,80.2129364014,49457,49467,10
13.0049495697,80.2124633789,49467,49477,10
13.0039300919,80.2120666504,49477,49487,10
13.0036697388,80.2115936279,49487,49497,10
13.0036401749,80.2108688354,49497,49508,11
13.0035400391,80.2101135254,49508,49518,10
13.0035104752,80.2095718384,49518,49528,10
13.0036001205,80.2091293335,49528,49538,10
13.0037698746,80.2086715698,49538,49548,10
13.0043401718,80.2087631226,49548,49558,10
13.0050401688,80.2090682983,49558,49568,10
13.0056200027,80.2093276978,49568,49578,10
13.005979538,80.2094497681,49578,49598,20
13.005979538,80.2094497681,49598,49608,10
13.0062904358,80.2095794678,49608,49619,11
13.0069704056,80.2097625732,49619,49639,20
13.0069704056,80.2097625732,49639,49649,10
13.0070800781,80.2097702026,49649,49659,10
13.0072698593,80.2098236084,49659,49675,16
13.0080900192,80.2099380493,49675,49687,12
13.008020401,80.209312439,49687,49697,10
13.0078697205,80.2084732056,49697,49707,10
13.0077199936,80.2074203491,49707,49717,10
13.0075302124,80.2063980103,49717,49727,10
13.0072698593,80.2053909302,49727,49738,11
13.0067596436,80.2042312622,49738,49748,10
13.0061502457,80.2032470703,49748,49758,10
13.0056800842,80.2024765015,49758,49768,10
13.0052099228,80.2017288208,49768,49778,10
13.0044202805,80.2012786865,49778,49787,9
13.0039901733,80.2011032104,49787,49818,31
13.0039901733,80.2011032104,49818,49828,10
13.0038499832,80.2009277344,49828,49839,11
13.0035400391,80.2008590698,49839,49849,10
13.0029802322,80.2007293701,49849,49859,10
13.002240181,80.2004318237,49859,49868,9
13.0017595291,80.199760437,49868,49879,11
13.0017595291,80.198638916,49879,49889,10
13.0019197464,80.197517395,49889,49899,10
13.001660347,80.1964187622,49899,49909,10
13.0010995865,80.1957321167,49909,49919,10
13.0007095337,80.1952209473,49919,49929,10
13.0006904602,80.1951980591,49929,49940,11
13.0005397797,80.1950378418,49940,49950,10
13.0004997253,80.1949768066,49950,49960,10
13.0003795624,80.1947784424,49960,49970,10
13.0002202988,80.1945724487,49970,49980,10
13.0001497269,80.1945114136,49980,50010,30
13.0001497269,80.1945114136,50010,50020,10
12.9999904633,80.1943206787,50020,50040,20
12.9999904633,80.1943206787,50040,50051,11
12.9998598099,80.1941223145,50051,50061,10
12.9996700287,80.193862915,50061,50071,10
12.9993696213,80.1935195923,50071,50091,20
12.9993696213,80.1935195923,50091,50101,10
12.9991502762,80.1932830811,50101,50111,10
12.9989099503,80.1929702759,50111,50121,10
12.9986696243,80.1926498413,50121,50131,10
12.9984197617,80.1922988892,50131,50141,10
12.9980096817,80.1918106079,50141,50151,10
12.9974403381,80.1911087036,50151,50162,11
12.9966602325,80.1901397705,50162,50172,10
12.9959096909,80.1893005371,50172,50182,10
12.9952802658,80.1882171631,50182,50192,10
12.9946804047,80.18699646,50192,50202,10
12.9940700531,80.1859130859,50202,50251,49
12.9940700531,80.1859130859,50251,50261,10
12.9939899445,80.1857299805,50261,50271,10
12.9938802719,80.1854934692,50271,50282,11
12.9935998917,80.1849212646,50282,50292,10
12.993180275,80.1841506958,50292,50302,10
12.992650032,80.1831970215,50302,50312,10
12.9919900894,80.182220459,50312,50322,10
12.9912900925,80.1812896729,50322,50332,10
12.9905796051,80.1803894043,50332,50342,10
12.9898796082,80.1795730591,50342,50352,10
12.9893598557,80.1789398193,50352,50362,10
12.988820076,80.1782684326,50362,50372,10
12.9884395599,80.1777420044,50372,50393,21
12.9884395599,80.1777420044,50393,50403,10
12.988409996,80.1776885986,50403,50413,10
12.9882001877,80.1773910522,50413,50443,30
12.9882001877,80.1773910522,50443,50453,10
12.9880895615,80.1772232056,50453,50463,10
12.987950325,80.1770019531,50463,50473,10
12.9877796173,80.1767501831,50473,50484,11
12.9876499176,80.1765823364,50484,50494,10
12.9875898361,80.1764907837,50494,50504,10
12.9874401093,80.1762619019,50504,50514,10
12.9872398376,80.1759796143,50514,50524,10
12.9868602753,80.1754608154,50524,50534,10
12.9864902496,80.1748504639,50534,50544,10
12.9860801697,80.1742477417,50544,50554,10
12.9855003357,80.1734313965,50554,50564,10
12.9848499298,80.1724624634,50564,50574,10
12.9842395782,80.1714782715,50574,50584,10
12.9836597443,80.170539856,50584,50595,11
12.9829702377,80.1693878174,50595,50605,10
12.9822902679,80.1682128906,50605,50615,10
12.9815502167,80.1670074463,50615,50625,10
12.9809503555,80.1659927368,50625,50635,10
12.980389595,80.1648635864,50635,50645,10
12.9799995422,80.163520813,50645,50655,10
12.9794797897,80.1623001099,50655,50665,10
12.9786396027,80.1611328125,50665,50675,10
12.9777698517,80.1598815918,50675,50685,10
12.9768800735,80.1585388184,50685,50695,10
12.9762096405,80.1574630737,50695,50706,11
12.9755601883,80.15650177,50706,50716,10
12.9751195908,80.1558609009,50716,50726,10
12.9745798111,80.1550827026,50726,50736,10
12.9740104675,80.154258728,50736,50746,10
12.9735603333,80.1536331177,50746,50756,10
12.9732398987,80.1531600952,50756,50766,10
12.972820282,80.1524887085,50766,50776,10
12.9722795486,80.1517181396,50776,50786,10
12.9716796875,80.1511993408,50786,50796,10
12.9708099365,80.1507720947,50796,50807,11
12.9698295593,80.1503067017,50807,50817,10
12.96916008,80.1500167847,50817,50837,20
12.96916008,80.1500167847,50837,50847,10
12.9689302444,80.1499099731,50847,50857,10
12.9684696198,80.1497116089,50857,50867,10
12.9683198929,80.1496505737,50867,50877,10
12.9681301117,80.1495513916,50877,50887,10
12.9676504135,80.1493225098,50887,50897,10
12.9670801163,80.1490402222,50897,50907,10
12.9665203094,80.1487731934,50907,50918,11
12.965959549,80.1484832764,50918,50928,10
12.9657201767,80.1483306885,50928,50938,10
12.9652795792,80.1481170654,50938,50948,10
12.9645700455,80.1477584839,50948,50958,10
12.963640213,80.1472702026,50958,50968,10
12.9625797272,80.1466903687,50968,50978,10
12.961810112,80.1462478638,50978,50988,10
12.9613199234,80.1459579468,50988,50998,10
12.9606599808,80.1455688477,50998,51008,10
12.9599399567,80.1451873779,51008,51018,10
12.95911026,80.1447601318,51018,51029,11
12.9580602646,80.1442108154,51029,51039,10
12.9570903778,80.1437301636,51039,51049,10
12.956489563,80.1434402466,51049,51059,10
12.9559497833,80.1431503296,51059,51069,10
12.9552202225,80.1427536011,51069,51079,10
12.9543800354,80.1423110962,51079,51089,10
12.95333004,80.1417388916,51089,51099,10
12.9525604248,80.1412582397,51099,51109,10
12.9516496658,80.1406021118,51109,51140,31
12.9516496658,80.1406021118,51140,51150,10
12.9515199661,80.1404418945,51150,51160,10
12.9510402679,80.1400680542,51160,51170,10
12.9504804611,80.1397018433,51170,51190,20
12.9504804611,80.1397018433,51190,51200,10
12.9503297806,80.1395721436,51200,51210,10
12.9498500824,80.1391296387,51210,51220,10
12.9491596222,80.1385421753,51220,51230,10
12.9482498169,80.137840271,51230,51241,11
12.9472198486,80.1371231079,51241,51251,10
12.9469003677,80.1368713379,51251,51261,10
12.9463796616,80.13646698,51261,51271,10
12.9456300735,80.1358795166,51271,51281,10
12.944729805,80.1351928711,51281,51291,10
12.9437799454,80.134437561,51291,51301,10
12.9429397583,80.1336898804,51301,51311,10
12.9422502518,80.1329574585,51311,51321,10
12.9414701462,80.1321563721,51321,51331,10
12.9406404495,80.1313323975,51331,51341,10
12.9398097992,80.1304702759,51341,51352,11
12.9388399124,80.1295928955,51352,51362,10
12.9378595352,80.1287536621,51362,51372,10
12.9370203018,80.1280517578,51372,51392,20
12.9370203018,80.1280517578,51392,51402,10
12.9368200302,80.1278610229,51402,51412,10
12.9363803864,80.127456665,51412,51422,10
12.9357404709,80.1268920898,51422,51432,10
12.9349498749,80.126159668,51432,51449,17
12.9333496094,80.1246109009,51449,51460,11
12.9323997498,80.1236572266,51460,51471,11
12.9319400787,80.1232833862,51471,51481,10
12.9315500259,80.1229019165,51481,51491,10
12.9311800003,80.1224899292,51491,51501,10
12.9308700562,80.1221694946,51501,51511,10
12.9303398132,80.1216583252,51511,51521,10
12.9296798706,80.1210021973,51521,51531,10
12.9288797379,80.1201782227,51531,51541,10
12.9280796051,80.1193618774,51541,51551,10
12.9273395538,80.1186294556,51551,51561,10
12.9271097183,80.1183624268,51561,51571,10
12.9267997742,80.1180419922,51571,51582,11
12.9264202118,80.1176376343,51582,51592,10
12.9261398315,80.1174621582,51592,51602,10
12.9258899689,80.1173171997,51602,51612,10
12.9257202148,80.1173019409,51612,51622,10
12.9255399704,80.1171188354,51622,51632,10
12.9255304337,80.1171112061,51632,51642,10
12.9254999161,80.1170806885,51642,51652,10
12.9253997803,80.1169586182,51652,51662,10
12.9252700806,80.1168518066,51662,51672,10
12.925239563,80.1168212891,51672,51683,11
12.9251003265,80.1166534424,51683,51703,20
12.9251003265,80.1166534424,51703,51713,10
12.9250602722,80.1165084839,51713,51723,10
12.9249696732,80.1162414551,51723,51733,10
12.9245195389,80.1157836914,51733,51743,10
12.9238796234,80.1151199341,51743,51752,9
12.9232597351,80.1145019531,51752,51763,11
12.9223098755,80.1135406494,51763,51773,10
12.921330452,80.1125335693,51773,51784,11
12.9201898575,80.111366272,51784,51794,10
12.9192199707,80.1102371216,51794,51804,10
12.9182701111,80.1090774536,51804,51814,10
12.9174995422,80.1081695557,51814,51824,10
12.9169998169,80.1074523926,51824,51834,10
12.9165296555,80.1064834595,51834,51844,10
12.9159498215,80.1053771973,51844,51854,10
12.9152603149,80.1041183472,51854,51864,10
12.9145402908,80.1028213501,51864,51874,10
12.9136600494,80.1017837524,51874,51884,10
12.9123697281,80.1014633179,51884,51895,11
12.9108800888,80.1012420654,51895,51905,10
12.9097700119,80.1003112793,51905,51915,10
12.9090995789,80.0989303589,51915,51925,10
12.9082899094,80.0979003906,51925,51935,10
12.9073200226,80.0970993042,51935,51945,10
12.90666008,80.0965805054,51945,51955,10
12.906080246,80.0961303711,51955,51965,10
12.9057798386,80.0959396362,51965,51975,10
12.9057302475,80.0959014893,51975,51985,10
12.9053297043,80.0955810547,51985,51995,10
12.9047403336,80.095123291,51995,52005,10
12.9042901993,80.0947799683,52005,52016,11
12.9037103653,80.0943374634,52016,52032,16
12.9024496078,80.0933380127,52032,52044,12
12.9012403488,80.0924301147,52044,52054,10
12.9001502991,80.0916137695,52054,52064,10
12.8990001678,80.0907287598,52064,52073,9
12.8980798721,80.0900497437,52073,52084,11
12.896780014,80.0891036987,52084,52094,10
12.8956699371,80.0883026123,52094,52105,11
12.8944196701,80.0873565674,52105,52114,9
12.8933496475,80.0865325928,52114,52126,12
12.8919095993,80.0855178833,52126,52135,9
12.8906803131,80.0849380493,52135,52146,11
12.8892097473,80.084312439,52146,52156,10
12.8875198364,80.0836105347,52156,52166,10
12.8859596252,80.0829391479,52166,52175,9
12.8845796585,80.082359314,52175,52186,11
12.8831996918,80.0817565918,52186,52196,10
12.8818101883,80.081199646,52196,52206,10
12.8809499741,80.0809631348,52206,52216,10
12.8808603287,80.080909729,52216,52227,11
12.880490303,80.0807723999,52227,52237,10
12.8797397614,80.0804595947,52237,52247,10
12.8792495728,80.0802764893,52247,52277,30
12.8792495728,80.0802764893,52277,52287,10
12.8789396286,80.0801696777,52287,52297,10
12.8783597946,80.0799407959,52297,52307,10
12.8773803711,80.079536438,52307,52317,10
12.876159668,80.0790405273,52317,52327,10
12.8747501373,80.0784835815,52327,52338,11
12.8732204437,80.07787323,52338,52348,10
12.8718996048,80.0773468018,52348,52358,10
12.8706703186,80.0768508911,52358,52368,10
12.8692998886,80.0763320923,52368,52378,10
12.8678398132,80.0757827759,52378,52388,10
12.8663702011,80.0751876831,52388,52398,10
12.8648099899,80.0746231079,52398,52414,16
12.8618402481,80.0734710693,52414,52436,22
12.8618402481,80.0734710693,52436,52447,11
12.8614196777,80.0732269287,52447,52457,10
12.8606595993,80.0727386475,52457,52467,10
12.8596000671,80.0720214844,52467,52477,10
12.8584403992,80.0711593628,52477,52487,10
12.8572502136,80.0701980591,52487,52497,10
12.8560199738,80.0692520142,52497,52506,9
12.8549404144,80.0684280396,52506,52517,11
12.8535604477,80.0674133301,52517,52528,11
12.8521900177,80.0664215088,52528,52538,10
12.8510704041,80.065612793,52538,52548,10
12.8500003815,80.0648574829,52548,52559,11
12.8488702774,80.0640411377,52559,52569,10
12.8478002548,80.0632171631,52569,52579,10
12.8467197418,80.0624084473,52579,52589,10
12.8458003998,80.0616607666,52589,52598,9
12.8452196121,80.0611801147,52598,52608,10
12.8451595306,80.0611190796,52608,52619,11
12.8451004028,80.0610580444,52619,52629,10
12.8446798325,80.0606536865,52629,52639,10
12.8442602158,80.0602035522,52639,52649,10
12.8442296982,80.0601730347,52649,52660,11
12.8441495895,80.0600891113,52660,52670,10
12.8438100815,80.0597229004,52670,52680,10
12.8432798386,80.0591125488,52680,52690,10
12.8425703049,80.0583190918,52690,52700,10
12.8416795731,80.0573883057,52700,52710,10
12.8407096863,80.0563735962,52710,52720,10
12.8396596909,80.0553207397,52720,52730,10
12.8386001587,80.0542221069,52730,52740,10
12.8375597,80.0531005859,52740,52750,10
12.8365297318,80.0520019531,52750,52760,10
12.8354997635,80.0509109497,52760,52771,11
12.8343400955,80.049697876,52771,52781,10
12.8332595825,80.048576355,52781,52791,10
12.8322401047,80.047492981,52791,52801,10
12.8313703537,80.0465774536,52801,52811,10
12.8306303024,80.0457992554,52811,52821,10
12.8298196793,80.0449371338,52821,52831,10
12.8289203644,80.0440063477,52831,52841,10
12.8279600143,80.0429992676,52841,52851,10
12.8269796371,80.0419921875,52851,52868,17
12.8251199722,80.0404129028,52868,52879,11
12.8237495422,80.0394515991,52879,52890,11
12.8224000931,80.0384979248,52890,52900,10
12.821439743,80.0377807617,52900,52910,10
12.8203601837,80.0369796753,52910,52919,9
12.8198204041,80.0366897583,52919,52930,11
12.8197803497,80.0366592407,52930,52940,10
12.8194904327,80.0364379883,52940,52950,10
12.8189201355,80.0360412598,52950,52960,10
12.8181600571,80.0355224609,52960,52970,10
12.8172702789,80.0348815918,52970,52980,10
12.8161897659,80.0341110229,52980,52991,11
12.8149299622,80.033203125,52991,53001,10
12.8137397766,80.0324020386,53001,53011,10
12.8124799728,80.0316009521,53011,53021,10
12.8111896515,80.0307693481,53021,53031,10
12.8101100922,80.0300827026,53031,53041,10
12.8092699051,80.0295181274,53041,53051,10
12.8087501526,80.0291824341,53051,53061,10
12.8086099625,80.0290908813,53061,53071,10
12.80809021,80.0287628174,53071,53081,10
12.8073501587,80.0282821655,53081,53091,10
12.8064603806,80.0277023315,53091,53102,11
12.8052501678,80.0269165039,53102,53112,10
12.8041200638,80.0261688232,53112,53122,10
12.8030700684,80.0254898071,53122,53132,10
12.8020200729,80.0247573853,53132,53142,10
12.8009195328,80.0240783691,53142,53152,10
12.7998104095,80.0234222412,53152,53162,10
12.7994098663,80.0232009888,53162,53172,10
12.7993803024,80.0231781006,53172,53182,10
12.799079895,80.0229187012,53182,53192,10
12.7984895706,80.0224990845,53192,53203,11
12.7975797653,80.0219192505,53203,53213,10
12.7965898514,80.0212936401,53213,53223,10
12.7958297729,80.0207824707,53223,53233,10
12.7951498032,80.0203170776,53233,53243,10
12.7943000793,80.0197677612,53243,53253,10
12.793390274,80.0191268921,53253,53263,10
12.792309761,80.0184326172,53263,53273,10
12.7911596298,80.0177078247,53273,53283,10
12.7899398804,80.016998291,53283,53293,10
12.7890195847,80.0164489746,53293,53303,10
12.7880897522,80.0158996582,53303,53314,11
12.7871599197,80.0153427124,53314,53324,10
12.7864303589,80.0148925781,53324,53334,10
12.7854995728,80.0143203735,53334,53344,10
12.7843704224,80.0137634277,53344,53354,10
12.7838802338,80.0135574341,53354,53364,10
12.7834997177,80.013381958,53364,53374,10
12.7827701569,80.0130233765,53374,53383,9
12.7818403244,80.0126037598,53383,53394,11
12.7807598114,80.0121078491,53394,53404,10
12.7792100906,80.011428833,53404,53414,10
12.777879715,80.0108566284,53414,53425,11
12.7764196396,80.0102005005,53425,53435,10
12.7750797272,80.0096282959,53435,53445,10
12.7737598419,80.0090408325,53445,53455,10
12.7725801468,80.0085067749,53455,53465,10
12.7714300156,80.0079803467,53465,53475,10
12.7705402374,80.0075378418,53475,53485,10
12.7695398331,80.0070266724,53485,53495,10
12.7683401108,80.0064468384,53495,53505,10
12.7670001984,80.0058288574,53505,53515,10
12.7656202316,80.005241394,53515,53525,10
12.7642202377,80.0046386719,53525,53536,11
12.7626399994,80.0039978027,53536,53546,10
12.761059761,80.0036010742,53546,53574,28
12.761059761,80.0036010742,53574,53584,10
12.7605400085,80.0034103394,53584,53594,10
12.7601203918,80.0033187866,53594,53604,10
12.7592802048,80.0030670166,53604,53614,10
12.7583398819,80.0027999878,53614,53624,10
12.7569904327,80.0023498535,53624,53634,10
12.7557201385,80.0017623901,53634,53645,11
12.7544202805,80.0009765625,53645,53655,10
12.7531204224,80.0001373291,53655,53665,10
12.7517900467,79.9992294312,53665,53675,10
12.7504701614,79.9983291626,53675,53685,10
12.7492198944,79.9973297119,53685,53695,10
12.7480602264,79.996383667,53695,53705,10
12.7468795776,79.9954299927,53705,53715,10
12.7456598282,79.9944915771,53715,53725,10
12.7444601059,79.9935379028,53725,53735,10
12.7434501648,79.9927902222,53735,53746,11
12.7432098389,79.9926071167,53746,53756,10
12.7430696487,79.99243927,53756,53766,10
12.7428798676,79.9922027588,53766,53776,10
12.7424898148,79.9918899536,53776,53786,10
12.7419300079,79.9915008545,53786,53796,10
12.7412204742,79.9909210205,53796,53806,10
12.7403297424,79.990196228,53806,53816,10
12.7392997742,79.9893722534,53816,53826,10
12.7381496429,79.9885025024,53826,53836,10
12.7369699478,79.9876708984,53836,53852,16
12.735250473,79.9863815308,53852,53865,13
12.7342395782,79.9850997925,53865,53875,10
12.7336797714,79.9843215942,53875,53885,10
12.7325201035,79.9833068848,53885,53895,10
12.7312297821,79.983039856,53895,53905,10
12.7296800613,79.9828796387,53905,53915,10
12.72797966,79.9827270508,53915,53925,10
12.7264404297,79.9825210571,53925,53935,10
12.7250995636,79.9822463989,53935,53945,10
12.7243995667,79.982093811,53945,53955,10
12.7242202759,79.9820709229,53955,53966,11
12.7240695953,79.9820632935,53966,53976,10
12.7237100601,79.9819564819,53976,53986,10
12.7230300903,79.9817123413,53986,53996,10
12.7220697403,79.9814834595,53996,54006,10
12.7208900452,79.9812927246,54006,54016,10
12.7194795609,79.9811325073,54016,54026,10
12.7179403305,79.9809875488,54026,54036,10
12.7164096832,79.9808273315,54036,54046,10
12.7148399353,79.9804229736,54046,54056,10
12.7132101059,79.9799575806,54056,54066,10
12.711810112,79.9792175293,54066,54077,11
12.7103395462,79.9782104492,54077,54087,10
12.7089004517,79.9773788452,54087,54097,10
12.707449913,79.9765396118,54097,54107,10
12.7062196732,79.9755401611,54107,54117,10
12.7052602768,79.9743118286,54117,54127,10
12.7044296265,79.9732131958,54127,54137,10
12.7035799026,79.9720687866,54137,54147,10
12.702630043,79.9708633423,54147,54157,10
12.7017097473,79.9697875977,54157,54167,10
12.7003698349,79.9689407349,54167,54177,10
12.6998701096,79.9686965942,54177,54188,11
12.6994600296,79.9690093994,54188,54198,10
12.6989898682,79.9697265625,54198,54208,10
12.6983499527,79.9703826904,54208,54218,10
12.697930336,79.9709014893,54218,54228,10
12.6975698471,79.9716567993,54228,54238,10
12.6972799301,79.9723129272,54238,54248,10
12.6971998215,79.9726791382,54248,54258,10
12.6971797943,79.9729385376,54258,54268,10
12.6972103119,79.9732589722,54268,54278,10
12.6972703934,79.9736404419,54278,54288,10
12.6973800659,79.9741287231,54288,54299,11
12.6974496841,79.9744567871,54299,54309,10
12.6974897385,79.9746780396,54309,54319,10
12.697520256,79.9749069214,54319,54329,10
12.6975898743,79.9754180908,54329,54339,10
12.6976299286,79.9757385254,54339,54349,10
12.6976699829,79.9762115479,54349,54359,10
12.6972303391,79.9765319824,54359,54369,10
12.6967601776,79.9768829346,54369,54379,10
12.6966495514,79.9769668579,54379,54389,10
12.6963701248,79.977180481,54389,54400,11
12.6957798004,79.9776992798,54400,54410,10
12.6955299377,79.9778823853,54410,54420,10
12.6953697205,79.9779586792,54420,54430,10
12.6948795319,79.9782562256,54430,54440,10
12.6943902969,79.9785919189,54440,54450,10
12.6942195892,79.9787063599,54450,54460,10
12.6939001083,79.9791183472,54460,54470,10
12.6932001114,79.9794998169,54470,54480,10
12.6925601959,79.9798126221,54480,54490,10
12.6921396255,79.9800567627,54490,54500,10
12.6916999817,79.9804077148,54500,54511,11
12.6913499832,79.9807128906,54511,54521,10
12.6910200119,79.9810180664,54521,54531,10
12.6907701492,79.981262207,54531,54541,10
12.6904401779,79.9815216064,54541,54551,10
12.690199852,79.9815826416,54551,54561,10
12.6900100708,79.9813537598,54561,54571,10
12.6900596619,79.9809875488,54571,54581,10
12.690079689,79.980758667,54581,54591,10
12.690079689,79.9806137085,54591,54601,10
12.6901397705,79.9805221558,54601,54611,10
12.6903095245,79.9805603027,54611,54622,11
12.690489769,79.9799880981,54622,54712,90
12.690489769,79.9799880981,54712,54722,10
12.6906099319,79.9799575806,54722,54733,11
12.6909503937,79.9799880981,54733,54924,191
12.6909503937,79.9799880981,54924,54934,10
12.691160202,79.9801483154,54934,55399,465
12.691160202,79.9801483154,55399,55409,10
12.6911096573,79.9804534912,55409,55459,50
12.6911096573,79.9804534912,55459,55469,10
12.6911497116,79.98072052,55469,55479,10
12.691280365,79.98072052,55479,55490,11
12.6914901733,79.9804992676,55490,55500,10
12.6917695999,79.9801864624,55500,55510,10
12.6921796799,79.979888916,55510,55520,10
12.6926603317,79.9796218872,55520,55530,10
12.6933803558,79.9793930054,55530,55540,10
12.693980217,79.9788589478,55540,55550,10
12.6945295334,79.9783935547,55550,55560,10
12.6952199936,79.9779815674,55560,55570,10
12.6959695816,79.9775238037,55570,55580,10
12.6964502335,79.9771118164,55580,55590,10
12.6968402863,79.9767608643,55590,55601,11
12.6973800659,79.9764175415,55601,55611,10
12.6976499557,79.9761428833,55611,55621,10
12.6976003647,79.975730896,55621,55631,10
12.6975498199,79.9752578735,55631,55641,10
12.6975097656,79.9749603271,55641,55651,10
12.6974802017,79.9747619629,55651,55661,10
12.6973800659,79.9741210938,55661,55671,10
12.697259903,79.9736633301,55671,55681,10
12.6971702576,79.9732437134,55681,55691,10
12.6971597672,79.9727401733,55691,55702,11
12.6972999573,79.972038269,55702,55712,10
12.6975402832,79.9714813232,55712,55722,10
12.6978797913,79.9709014893,55722,55732,10
12.6983604431,79.9703521729,55732,55742,10
12.698800087,79.9699172974,55742,55752,10
12.6992101669,79.9694213867,55752,55762,10
12.6995401382,79.9688186646,55762,55774,12
12.699640274,79.9683837891,55774,55784,10
12.7000799179,79.9684524536,55784,55794,10
12.700750351,79.9687805176,55794,55804,10
12.7014799118,79.9692993164,55804,55815,11
12.7022600174,79.9701919556,55815,55825,10
12.7030296326,79.9711685181,55825,55835,10
12.7038803101,79.9722671509,55835,55845,10
12.7047996521,79.9734573364,55845,55855,10
12.7056503296,79.9745788574,55855,55865,10
12.7064800262,79.9756011963,55865,55875,10
12.7076997757,79.9765625,55875,55885,10
12.7090196609,79.9773635864,55885,55895,10
12.7103004456,79.9781036377,55895,55905,10
12.7114801407,79.9787826538,55905,55916,11
12.7126703262,79.9796600342,55916,55926,10
12.7139797211,79.9800796509,55926,55936,10
12.715259552,79.9804077148,55936,55946,10
12.7165699005,79.9807281494,55946,55956,10
12.7179803848,79.9808883667,55956,55966,10
12.7191696167,79.9809799194,55966,55976,10
12.721039772,79.9811935425,55976,55986,10
12.7224197388,79.9813995361,55986,55996,10
12.7236995697,79.9816513062,55996,56048,52
12.7240400314,79.9817428589,56048,56078,30
12.7240400314,79.9817428589,56078,56088,10
12.7241401672,79.9817504883,56088,56098,10
12.7242898941,79.9817504883,56098,56108,10
12.7247200012,79.981918335,56108,56118,10
12.7255401611,79.9821777344,56118,56129,11
12.7267303467,79.982421875,56129,56139,10
12.7280502319,79.9826126099,56139,56149,10
12.7294502258,79.9826889038,56149,56159,10
12.7309398651,79.9827728271,56159,56169,10
12.7323799133,79.982963562,56169,56179,10
12.7335996628,79.9838027954,56179,56189,10
12.7345399857,79.9850387573,56189,56199,10
12.73554039,79.9863433838,56199,56209,10
12.7368297577,79.9874420166,56209,56219,10
12.7381801605,79.9883880615,56219,56229,10
12.7394695282,79.9893493652,56229,56240,11
12.7408895493,79.9904937744,56240,56250,10
12.7421798706,79.9915084839,56250,56260,10
12.7430896759,79.9922332764,56260,56270,10
12.7437400818,79.992767334,56270,56280,10
12.7444000244,79.9933013916,56280,56290,10
12.7446403503,79.9934997559,56290,56300,10
12.7451295853,79.9939117432,56300,56310,10
12.7459201813,79.9945526123,56310,56320,10
12.746919632,79.9953613281,56320,56330,10
12.748049736,79.9962768555,56330,56340,10
12.7492399216,79.997253418,56340,56351,11
12.7505998611,79.9983291626,56351,56361,10
12.7519102097,79.999168396,56361,56371,10
12.7531995773,80.000038147,56371,56381,10
12.7544698715,80.0008621216,56381,56391,10
12.7554798126,80.0015106201,56391,56401,10
12.7566900253,80.0021362305,56401,56411,10
12.758099556,80.0026397705,56411,56421,10
12.7595996857,80.0030899048,56421,56431,10
12.760840416,80.00340271,56431,56441,10
12.7612400055,80.0035018921,56441,56451,10
12.7614402771,80.0035629272,56451,56462,11
12.7622299194,80.0037384033,56462,56472,10
12.7632904053,80.004119873,56472,56482,10
12.7645702362,80.0046386719,56482,56492,10
12.7659397125,80.0052337646,56492,56502,10
12.7673501968,80.005859375,56502,56512,10
12.7687501907,80.0065383911,56512,56522,10
12.7701301575,80.0072021484,56522,56532,10
12.7715301514,80.0078582764,56532,56542,10
12.7729902267,80.0085601807,56542,56552,10
12.7744998932,80.0092468262,56552,56563,11
12.7762002945,80.0100021362,56563,56573,10
12.7777500153,80.0106887817,56573,56583,10
12.7792901993,80.0113830566,56583,56593,10
12.7808198929,80.012046814,56593,56603,10
12.7823495865,80.0127334595,56603,56613,10
12.7838602066,80.013381958,56613,56623,10
12.7853002548,80.0140991211,56623,56633,10
12.7861204147,80.0145797729,56633,56641,8
12.786190033,80.0146408081,56641,56653,12
12.7862796783,80.0147171021,56653,56663,10
12.7866897583,80.0149307251,56663,56674,11
12.7874603271,80.0154037476,56674,56684,10
12.7883300781,80.0158996582,56684,56694,10
12.789349556,80.0164871216,56694,56704,10
12.7905302048,80.0171813965,56704,56714,10
12.7917900085,80.0179519653,56714,56724,10
12.7930698395,80.0187835693,56724,56734,10
12.7944202423,80.0196609497,56734,56744,10
12.795800209,80.0205993652,56744,56754,10
12.797129631,80.0214614868,56754,56764,10
12.7984895706,80.0223236084,56764,56774,10
12.7997398376,80.0230636597,56774,56785,11
12.8000202179,80.0232467651,56785,56795,10
12.8002996445,80.0235137939,56795,56805,10
12.8009500504,80.0239715576,56805,56815,10
12.8019399643,80.0246200562,56815,56825,10
12.8030996323,80.0253601074,56825,56835,10
12.8043603897,80.0261917114,56835,56845,10
12.8057003021,80.0270690918,56845,56855,10
12.8070602417,80.0279464722,56855,56865,10
12.8083400726,80.0287475586,56865,56875,10
12.8090400696,80.0291900635,56875,56886,11
12.8091096878,80.0292510986,56886,56896,10
12.8095798492,80.0295410156,56896,56906,10
12.8103599548,80.0300369263,56906,56916,10
12.8113002777,80.030632019,56916,56926,10
12.8123598099,80.0313415527,56926,56936,10
12.8135004044,80.032081604,56936,56946,10
12.8146095276,80.0327987671,56946,56956,10
12.8157701492,80.0336380005,56956,56972,16
12.8178501129,80.0351104736,56972,56984,12
12.8193702698,80.0361709595,56984,56994,10
12.8201198578,80.0366897583,56994,57015,21
12.8201198578,80.0366897583,57015,57025,10
12.8201503754,80.0367584229,57025,57034,9
12.8204698563,80.0370178223,57034,57045,11
12.8213596344,80.0376434326,57045,57055,10
12.8222999573,80.0382766724,57055,57065,10
12.8230199814,80.038772583,57065,57075,10
12.8241701126,80.0395812988,57075,57085,10
12.8250904083,80.0402374268,57085,57095,10
12.8261003494,80.0409622192,57095,57105,10
12.8266801834,80.0414810181,57105,57116,11
12.8267002106,80.0414962769,57116,57126,10
12.826880455,80.0417098999,57126,57136,10
12.8273296356,80.0422286987,57136,57146,10
12.8280296326,80.0429763794,57146,57156,10
12.828909874,80.0439071655,57156,57166,10
12.8298902512,80.0449371338,57166,57176,10
12.830909729,80.0459976196,57176,57186,10
12.8319396973,80.0470962524,57186,57196,10
12.8329696655,80.0481796265,57196,57206,10
12.8339996338,80.0492782593,57206,57217,11
12.8350696564,80.0503921509,57217,57227,10
12.8360099792,80.0513687134,57227,57237,10
12.8370103836,80.0523986816,57237,57247,10
12.8379602432,80.0534210205,57247,57257,10
12.8388299942,80.0542831421,57257,57267,10
12.8396596909,80.0551681519,57267,57283,16
12.8409900665,80.0565414429,57283,57295,12
12.8420000076,80.0576171875,57295,57305,10
12.8425798416,80.0582199097,57305,57315,10
12.8427801132,80.0584411621,57315,57356,41
12.8427801132,80.0584411621,57356,57366,10
12.8430204391,80.0587005615,57366,57376,10
12.8433904648,80.05909729,57376,57386,10
12.8437900543,80.0595169067,57386,57396,10
12.8441400528,80.0598983765,57396,57406,10
12.8446102142,80.0604019165,57406,57416,10
12.8450202942,80.0608215332,57416,57437,21
12.8450202942,80.0608215332,57437,57447,10
12.8451404572,80.0609588623,57447,57457,10
12.8454198837,80.0612335205,57457,57467,10
12.8459396362,80.0617218018,57467,57477,10
12.8467197418,80.0623779297,57477,57487,10
12.8476896286,80.0631103516,57487,57497,10
12.8487701416,80.063911438,57497,57507,10
12.8498802185,80.0646972656,57507,57517,10
12.8510303497,80.0655212402,57517,57528,11
12.8522796631,80.0663986206,57528,57538,10
12.8534202576,80.0672073364,57538,57548,10
12.8545103073,80.068031311,57548,57558,10
12.8556404114,80.0688476563,57558,57568,10
12.8567199707,80.0696563721,57568,57578,10
12.8576202393,80.070350647,57578,57588,10
12.8585100174,80.0710372925,57588,57598,10
12.8593196869,80.071647644,57598,57608,10
12.8602304459,80.0722579956,57608,57618,10
12.8611698151,80.0729064941,57618,57628,10
12.8618097305,80.0733032227,57628,57650,22
12.8629398346,80.0737686157,57650,57662,12
12.8639001846,80.0741882324,57662,57672,10
12.8648395538,80.0745391846,57672,57682,10
12.8658599854,80.0749435425,57682,57692,10
12.8669500351,80.0753326416,57692,57702,10
12.8678503036,80.0756912231,57702,57712,10
12.8688001633,80.0759963989,57712,57722,10
12.8702402115,80.0765991211,57722,57732,10
12.8716201782,80.0771408081,57732,57741,9
12.8729295731,80.0776596069,57741,57752,11
12.8745698929,80.0783233643,57752,57763,11
12.8762598038,80.078956604,57763,57773,10
12.877790451,80.0795593262,57773,57783,10
12.8791303635,80.080039978,57783,57803,20
12.8791303635,80.080039978,57803,57813,10
12.879240036,80.0801696777,57813,57823,10
12.8797302246,80.0803222656,57823,57833,10
12.8803796768,80.0805664063,57833,57843,10
12.8804998398,80.080619812,57843,57854,11
12.8810596466,80.0808563232,57854,57864,10
12.8818798065,80.0811920166,57864,57874,10
12.8829202652,80.0816192627,57874,57884,10
12.8840799332,80.0820388794,57884,57894,10
12.8850002289,80.0824279785,57894,57904,10
12.8860702515,80.0829315186,57904,57914,10
12.8873100281,80.0834579468,57914,57924,10
12.8886203766,80.0839767456,57924,57934,10
12.8900003433,80.0845413208,57934,57944,10
12.8913402557,80.0851364136,57944,57954,10
12.8925199509,80.0858230591,57954,57964,10
12.8938903809,80.0868606567,57964,57975,11
12.89523983,80.0878601074,57975,57985,10
12.8964996338,80.0887985229,57985,57995,10
12.8978099823,80.0897674561,57995,58005,10
12.8991699219,80.0907897949,58005,58015,10
12.9004802704,80.0917816162,58015,58025,10
12.9017295837,80.0927429199,58025,58035,10
12.9030199051,80.0936737061,58035,58045,10
12.9039001465,80.0943374634,58045,58055,10
12.9042301178,80.0946121216,58055,58066,11
12.9047403336,80.0949630737,58066,58076,10
12.905090332,80.095199585,58076,58086,10
12.9053401947,80.0953979492,58086,58096,10
12.905579567,80.0955963135,58096,58106,10
12.9062204361,80.0961074829,58106,58166,60
12.9062204361,80.0961074829,58166,58177,11
12.9064798355,80.0963821411,58177,58187,10
12.9069099426,80.0967102051,58187,58197,10
12.9075899124,80.0971908569,58197,58207,10
12.9081201553,80.0975799561,58207,58217,10
12.9083900452,80.0978164673,58217,58227,10
12.9086799622,80.0981063843,58227,58237,10
12.9090204239,80.0984802246,58237,58247,10
12.9094200134,80.0990219116,58247,58257,10
12.909819603,80.0996932983,58257,58267,10
12.9102602005,80.1004562378,58267,58277,10
12.9109096527,80.1011199951,58277,58288,11
12.9117603302,80.1014404297,58288,58298,10
12.9126701355,80.1015319824,58298,58308,10
12.9137601852,80.1016464233,58308,58318,10
12.9148902893,80.1020126343,58318,58328,10
12.9156503677,80.1030883789,58328,58338,10
12.9158201218,80.1044769287,58338,58348,10
12.9161396027,80.1054763794,58348,58357,9
12.9167404175,80.1066436768,58357,58368,11
12.9172697067,80.1075134277,58368,58378,10
12.9173898697,80.107749939,58378,58389,11
12.9176197052,80.1082077026,58389,58399,10
12.9179897308,80.1087036133,58399,58409,10
12.9185400009,80.1093292236,58409,58419,10
12.9191598892,80.1100463867,58419,58429,10
12.9198799133,80.1108932495,58429,58439,10
12.9207601547,80.1117782593,58439,58449,10
12.9216299057,80.1127090454,58449,58459,10
12.9225997925,80.1137237549,58459,58469,10
12.9236297607,80.114730835,58469,58479,10
12.9246301651,80.1157608032,58479,58489,10
12.9256401062,80.1167984009,58489,58500,11
12.9262599945,80.1174163818,58500,58510,10
12.9264202118,80.1176071167,58510,58520,10
12.92689991,80.1179962158,58520,58570,50
12.92689991,80.1179962158,58570,58580,10
12.9270896912,80.1182403564,58580,58590,10
12.9272403717,80.1184234619,58590,58600,10
12.9273700714,80.1185836792,58600,58611,11
12.9276504517,80.1188583374,58611,58621,10
12.9282197952,80.119430542,58621,58637,16
12.9293498993,80.1204986572,58637,58649,12
12.9303302765,80.1214981079,58649,58659,10
12.9309797287,80.1221694946,58659,58679,20
12.9309797287,80.1221694946,58679,58689,10
12.9311704636,80.1223907471,58689,58699,10
12.931599617,80.1228179932,58699,58709,10
12.9321804047,80.1233901978,58709,58720,11
12.9329004288,80.1241073608,58720,58730,10
12.9335699081,80.1247787476,58730,58740,10
12.9342498779,80.1254730225,58740,58750,10
12.934920311,80.1260604858,58750,58760,10
12.9356603622,80.1266784668,58760,58770,10
12.9362096786,80.1271514893,58770,58780,10
12.9367198944,80.1274108887,58780,58790,10
12.9370298386,80.1269683838,58790,58800,10
12.9375295639,80.1270828247,58800,58810,10
12.9375200272,80.1276779175,58810,58831,21
12.9375200272,80.1276779175,58831,58841,10
12.9375,80.127822876,58841,58851,10
12.937379837,80.1280670166,58851,58861,10
12.9375696182,80.1282119751,58861,58871,10
12.9380102158,80.1286392212,58871,58881,10
12.938659668,80.1292572021,58881,58891,10
12.9393701553,80.1298828125,58891,58901,10
12.9405202866,80.1309967041,58901,58911,10
12.9413995743,80.1318969727,58911,58921,10
12.9419603348,80.1324081421,58921,58932,11
12.9421796799,80.1326599121,58932,58942,10
12.9425497055,80.1330871582,58942,58952,10
12.9430599213,80.1336593628,58952,58962,10
12.9434404373,80.1340637207,58962,58972,10
12.9439296722,80.134437561,58972,58981,9
12.9442501068,80.1346969604,58981,58992,11
12.944899559,80.1352310181,58992,59002,10
12.9456996918,80.135848999,59002,59012,10
12.9466495514,80.1365966797,59012,59021,9
12.9475498199,80.1372375488,59021,59033,12
12.9487495422,80.1381225586,59033,59043,10
12.9497804642,80.1389083862,59043,59053,10
12.9505701065,80.1395187378,59053,59063,10
12.9511604309,80.1398620605,59063,59083,20
12.9511604309,80.1398620605,59083,59092,9
12.9511995316,80.1398391724,59092,59103,11
12.9514598846,80.1400222778,59103,59113,10
12.9518899918,80.1403198242,59113,59123,10
12.9521303177,80.1407089233,59123,59133,10
12.952630043,80.14112854,59133,59144,11
12.9533596039,80.1416397095,59144,59154,10
12.9540700912,80.1420288086,59154,59164,10
12.9549198151,80.1425018311,59164,59174,10
12.9557600021,80.1428909302,59174,59184,10
12.9559698105,80.1429824829,59184,59194,10
12.9559898376,80.1429977417,59194,59204,10
12.9562301636,80.1431274414,59204,59214,10
12.9567203522,80.1434020996,59214,59224,10
12.9573402405,80.1437301636,59224,59241,17
12.958439827,80.14427948,59241,59253,12
12.9592399597,80.1446685791,59253,59263,10
12.9599304199,80.1450195313,59263,59273,10
12.9603204727,80.1452102661,59273,59283,10
12.9606800079,80.1453933716,59283,59293,10
12.9611196518,80.145652771,59293,59303,10
12.9614601135,80.1458282471,59303,59318,15
12.9628400803,80.1465835571,59318,59328,10
12.9637298584,80.1471328735,59328,59338,10
12.9647903442,80.1477966309,59338,59348,10
12.9658002853,80.1483612061,59348,59359,11
12.9668998718,80.1488876343,59359,59369,10
12.9678001404,80.1493530273,59369,59379,10
12.9685897827,80.1496734619,59379,59389,10
12.9686498642,80.1497116089,59389,59399,10
12.9687404633,80.1497802734,59399,59409,10
12.9692497253,80.1500167847,59409,59419,10
12.9701099396,80.1504135132,59419,59429,10
12.9712400436,80.1509399414,59429,59439,10
12.9718599319,80.1512069702,59439,59449,10
12.9718704224,80.151222229,59449,59459,10
12.9722299576,80.1514587402,59459,59470,11
12.9727497101,80.1521606445,59470,59480,10
12.9732704163,80.152961731,59480,59489,9
12.9739398956,80.1539611816,59489,59500,11
12.9747104645,80.1550979614,59500,59510,10
12.9756603241,80.15650177,59510,59520,10
12.976559639,80.1577987671,59520,59530,10
12.9773397446,80.1588973999,59530,59540,10
12.9780597687,80.1599578857,59540,59550,10
12.9787397385,80.1609115601,59550,59560,10
12.9793100357,80.161781311,59560,59571,11
12.9798603058,80.1624603271,59571,59581,10
12.9800395966,80.1628112793,59581,59591,10
12.9801397324,80.1632003784,59591,59601,10
12.9803104401,80.1639022827,59601,59611,10
12.9806404114,80.1648483276,59611,59621,10
12.9811601639,80.1659088135,59621,59630,9
12.9814901352,80.1664886475,59630,59641,11
12.9816904068,80.166847229,59641,59651,10
12.9821100235,80.1676025391,59651,59661,10
12.9826097488,80.1684265137,59661,59671,10
12.9832801819,80.1695709229,59671,59682,11
12.9839696884,80.1707382202,59682,59692,10
12.9845104218,80.1717605591,59692,59702,10
12.985159874,80.1727981567,59702,59712,10
12.9858999252,80.1739120483,59712,59722,10
12.9864597321,80.174659729,59722,59732,10
12.9867897034,80.1751327515,59732,59742,10
12.9870195389,80.17552948,59742,59752,10
12.9875001907,80.1762466431,59752,59762,10
12.9881601334,80.1771621704,59762,59772,10
12.9888801575,80.1781082153,59772,59783,11
12.9896097183,80.1790390015,59783,59793,10
12.9901695251,80.1797637939,59793,59803,10
12.990819931,80.1805725098,59803,59813,10
12.991519928,80.1815185547,59813,59823,10
12.9923000336,80.1825485229,59823,59833,10
12.9929599762,80.1836013794,59833,59843,10
12.9934797287,80.1845016479,59843,59853,10
12.9939699173,80.1853713989,59853,59863,10
12.9944696426,80.1864089966,59863,59873,10
12.9950199127,80.1875,59873,59883,10
12.9954996109,80.1884613037,59883,59893,10
12.9959697723,80.1892166138,59893,59904,11
12.9965896606,80.1899490356,59904,59914,10
12.997209549,80.1906585693,59914,59924,10
12.9977397919,80.1912765503,59924,59934,10
12.998339653,80.1920318604,59934,59944,10
12.9989099503,80.192741394,59944,59954,10
12.999420166,80.1933822632,59954,59964,10
12.9999704361,80.1941680908,59964,59974,10
13.0006504059,80.1949996948,59974,59984,10
13.0012798309,80.1956634521,59984,59994,10
13.0017004013,80.1961669922,59994,60005,11
13.0021295547,80.1971511841,60005,60015,10
13.0019598007,80.1983413696,60015,60025,10
13.0018596649,80.1997070313,60025,60035,10
13.0027303696,80.2006378174,60035,60045,10
13.0036697388,80.2008209229,60045,60055,10
13.0037202835,80.200843811,60055,60065,10
13.0038003922,80.2008972168,60065,60075,10
13.0042600632,80.2010803223,60075,60085,10
13.0049600601,80.2013778687,60085,60095,10
13.0057897568,80.2021789551,60095,60106,11
13.0064401627,80.2032012939,60106,60116,10
13.0073604584,80.2036972046,60116,60126,10
13.0082597733,80.2037277222,60126,60136,10
13.0082197189,80.20287323,60136,60146,10
13.0075397491,80.203338623,60146,60156,10
13.0076303482,80.2045516968,60156,60166,10
13.0076799393,80.2058105469,60166,60176,10
13.0078697205,80.2070465088,60176,60186,10
13.0080404282,80.2082519531,60186,60196,10
13.0081996918,80.2092285156,60196,60213,17
13.0091199875,80.2107696533,60213,60245,32
13.0091199875,80.2107696533,60245,60255,10
13.0093603134,80.2109985352,60255,60265,10
13.0092401505,80.2112731934,60265,60275,10
13.009059906,80.2116699219,60275,60285,10
13.0092601776,80.2124328613,60285,60295,10
13.0094499588,80.2130126953,60295,60305,10
13.0097703934,80.2137985229,60305,60315,10
13.009929657,80.2141876221,60315,60326,11
13.0101299286,80.21484375,60326,60336,10
13.0102100372,80.2155227661,60336,60346,10
13.0104799271,80.2161331177,60346,60356,10
13.0107097626,80.2166366577,60356,60366,10
13.0110902786,80.2174072266,60366,60376,10
13.0114402771,80.2182235718,60376,60398,22
13.0120897293,80.2202987671,60398,60410,12
13.0124902725,80.221321106,60410,60420,10
13.0126800537,80.2216567993,60420,60430,10
13.0130796432,80.2221221924,60430,60441,11
13.013469696,80.2226486206,60441,60451,10
13.0138597488,80.2231369019,60451,60461,10
13.0141296387,80.2234802246,60461,60471,10
13.014289856,80.2236785889,60471,60481,10
13.0145597458,80.2239074707,60481,60491,10
13.015130043,80.2246932983,60491,60501,10
13.0156002045,80.2250900269,60501,60511,10
13.0156497955,80.225151062,60511,60521,10
13.0159702301,80.2253570557,60521,60532,11
13.0169095993,80.2252197266,60532,60542,10
13.0179100037,80.2248306274,60542,60552,10
13.0188398361,80.2244262695,60552,60562,10
13.0194997787,80.2244567871,60562,60572,10
13.019900322,80.2246704102,60572,60582,10
13.0202598572,80.2249221802,60582,60591,9
13.0206604004,80.2252426147,60591,60601,10
13.0210695267,80.2255401611,60601,60612,11
13.0218000412,80.2260284424,60612,60622,10
13.0220403671,80.2261962891,60622,60632,10
13.0221004486,80.2263031006,60632,60643,11
13.0225400925,80.2267227173,60643,60651,8
13.0230302811,80.2271575928,60651,60663,12
13.0239496231,80.2280426025,60663,60673,10
13.0245199203,80.228767395,60673,60683,10
13.024939537,80.229309082,60683,60693,10
13.0253601074,80.2298202515,60693,60703,10
13.0258598328,80.230682373,60703,60733,30
13.0258598328,80.230682373,60733,60743,10
13.0259103775,80.2308425903,60743,60753,10
13.0260000229,80.2311706543,60753,60764,11
13.0261802673,80.2314071655,60764,60774,10
13.02684021,80.2312469482,60774,60784,10
13.027759552,80.2310409546,60784,60794,10
13.0291500092,80.2308578491,60794,60834,40
13.0291500092,80.2308578491,60834,60844,10
13.0294399261,80.2309036255,60844,60855,11
13.0297899246,80.2308425903,60855,60865,10
13.0302200317,80.230796814,60865,60875,10
13.0306797028,80.2307510376,60875,60885,10
13.0312004089,80.2306671143,60885,60894,9
13.0320701599,80.2306213379,60894,60905,11
13.0330200195,80.2305374146,60905,60915,10
13.0340099335,80.2304534912,60915,60925,10
13.0342702866,80.2304534912,60925,60935,10
13.0345201492,80.2304000854,60935,60966,31
13.0345201492,80.2304000854,60966,60976,10
13.0346603394,80.2303771973,60976,61016,40
13.0349798203,80.2302093506,61016,61036,20
13.0349798203,80.2302093506,61036,61046,10
13.034740448,80.2299423218,61046,61127,81
13.0343399048,80.2298812866,61127,62409,1282
13.0341901779,80.2302398682,62409,62470,61
13.0341901779,80.2302398682,62470,62480,10
13.034040451,80.2304763794,62480,62490,10
13.0339202881,80.2304382324,62490,62500,10
13.0334796906,80.23046875,62500,62510,10
13.0328702927,80.2305374146,62510,62520,10
13.03221035,80.2306213379,62520,62530,10
13.0316400528,80.2306900024,62530,62540,10
13.0310897827,80.2307128906,62540,62651,111
13.0310897827,80.2307128906,62651,62661,10
13.0307502747,80.2307128906,62661,62672,11
13.0301799774,80.2307662964,62672,62682,10
13.0297203064,80.2308425903,62682,62692,10
13.0296297073,80.2308502197,62692,62702,10
13.0291595459,80.2308578491,62702,62712,10
13.0284500122,80.2309417725,62712,62722,10
13.0278100967,80.2309875488,62722,62732,10
13.0277004242,80.2313308716,62732,62742,10
13.0277395248,80.2320404053,62742,62752,10
13.027879715,80.2327423096,62752,62762,10
13.0270395279,80.2329864502,62762,62793,31
13.0270395279,80.2329864502,62793,62803,10
13.0267295837,80.2330169678,62803,62813,10
13.0263795853,80.2327804565,62813,62823,10
13.0261602402,80.2321166992,62823,62833,10
13.0260095596,80.2314605713,62833,62843,10
13.0257396698,80.2305908203,62843,62853,10
13.0251502991,80.2296829224,62853,62863,10
13.0245599747,80.2289276123,62863,62873,10
13.0239400864,80.2281112671,62873,62884,11
13.023059845,80.2272415161,62884,62894,10
13.0225400925,80.2267990112,62894,62904,10
13.0225400925,80.2267913818,62904,62914,10
13.022359848,80.2265930176,62914,62924,10
13.0218200684,80.2261428833,62924,62934,10
13.0211000443,80.2255630493,62934,62944,10
13.0202999115,80.2249984741,62944,62954,10
13.0200099945,80.2247772217,62954,62964,10
13.0196399689,80.2245483398,62964,62974,10
13.0188703537,80.2244567871,62974,62984,10
13.0179004669,80.224861145,62984,62995,11
13.0167999268,80.2253112793,62995,63005,10
13.0160799026,80.2256011963,63005,63015,10
13.0152196884,80.2259216309,63015,63025,10
13.0143699646,80.226272583,63025,63035,10
13.01404953,80.2264404297,63035,63045,10
13.0140104294,80.2264633179,63045,63055,10
13.0138597488,80.2265090942,63055,63065,10
13.0134401321,80.2266387939,63065,63075,10
13.0127096176,80.2268600464,63075,63085,10
13.0117702484,80.2272415161,63085,63095,10
13.0106296539,80.2276687622,63095,63106,11
13.0096101761,80.2278137207,63106,63116,10
13.0097398758,80.2272033691,63116,63126,10
13.0101299286,80.2263793945,63126,63142,16
13.0106601715,80.2251815796,63142,63154,12
13.0107803345,80.2248077393,63154,63164,10
13.010890007,80.2245635986,63164,63174,10
13.011179924,80.2237701416,63174,63184,10
13.0115404129,80.2229614258,63184,63194,10
13.0119104385,80.2220611572,63194,63204,10
13.0121002197,80.2214126587,63204,63215,11
13.0119800568,80.2204437256,63215,63225,10
13.0116996765,80.2194976807,63225,63235,10
13.0114097595,80.2185668945,63235,63245,10
13.0111103058,80.2176971436,63245,63255,10
13.0107498169,80.2169494629,63255,63265,10
13.0104904175,80.2163925171,63265,63275,10
13.0101499557,80.2158508301,63275,63286,11
13.0097999573,80.215171814,63286,63296,10
13.0094003677,80.2146377563,63296,63306,10
13.0088701248,80.2139282227,63306,63317,11
13.0085697174,80.2136001587,63317,63327,10
13.0085096359,80.2135391235,63327,63337,10
13.0083398819,80.2134094238,63337,63347,10
13.0083198547,80.2134017944,63347,63357,10
13.0082302094,80.2133712769,63357,63367,10
13.0081300735,80.2133102417,63367,63377,10
13.0080900192,80.2132797241,63377,63387,10
13.0079402924,80.2132034302,63387,63397,10
13.0075998306,80.2129211426,63397,63407,10
13.0069799423,80.2127685547,63407,63418,11
13.0062398911,80.212852478,63418,63428,10
13.0055999756,80.2128829956,63428,63438,10
13.0049695969,80.2124176025,63438,63448,10
13.0041303635,80.2121124268,63448,63458,10
13.0038604736,80.2120513916,63458,63468,10
13.0038604736,80.2120437622,63468,63478,10
13.0037002563,80.2118606567,63478,63488,10
13.0037002563,80.2114715576,63488,63498,10
13.0036497116,80.2108535767,63498,63508,10
13.0035600662,80.2101898193,63508,63518,10
13.0035400391,80.2094573975,63518,63529,11
13.0037698746,80.2087020874,63529,63539,10
13.0044898987,80.2088623047,63539,63549,10
13.0052404404,80.2092208862,63549,63559,10
13.0058803558,80.209487915,63559,63569,10
13.0063400269,80.2096405029,63569,63579,10
13.0067796707,80.2097625732,63579,63589,10
13.0068597794,80.2097930908,63589,63599,10
13.0069198608,80.2098083496,63599,63609,10
13.007060051,80.2098312378,63609,63625,16
13.0074596405,80.2098770142,63625,63638,13
13.0078001022,80.2099533081,63638,63648,10
13.0080003738,80.2100067139,63648,63658,10
13.0081501007,80.2098007202,63658,63668,10
13.0080299377,80.2091827393,63668,63678,10
13.0078897476,80.2083587646,63678,63688,10
13.0077600479,80.2075576782,63688,63698,10
13.0076198578,80.206741333,63698,63708,10
13.0074701309,80.2059173584,63708,63718,10
13.0072002411,80.2050476074,63718,63728,10
13.0067501068,80.2041168213,63728,63739,11
13.0060796738,80.2031326294,63739,63749,10
13.0058403015,80.2027130127,63749,63759,10
13.0056695938,80.2023620605,63759,63769,10
13.0052700043,80.2017974854,63769,63779,10
13.0045604706,80.2013320923,63779,63789,10
13.0043296814,80.2012634277,63789,63799,10
13.0041599274,80.2011566162,63799,63809,10
13.0035896301,80.2009429932,63809,63819,10
13.002820015,80.2007217407,63819,63829,10
13.002289772,80.2004394531,63829,63839,10
13.0020198822,80.2001800537,63839,63850,11
13.0017700195,80.19972229,63850,63859,9
13.0017299652,80.1991500854,63859,63870,11
13.0018796921,80.1983032227,63870,63880,10
13.0019798279,80.1971664429,63880,63890,10
13.0015802383,80.1962890625,63890,63900,10
13.0010900497,80.1956634521,63900,63909,9
13.0006198883,80.195022583,63909,63940,31
13.0006198883,80.195022583,63940,63951,11
13.0004396439,80.1948318481,63951,63961,10
13.0002803802,80.1946182251,63961,63971,10
12.9999799728,80.1942977905,63971,63991,20
12.9999799728,80.1942977905,63991,64001,10
12.9998397827,80.1941223145,64001,64011,10
12.9996099472,80.1938095093,64011,64021,10
12.9995098114,80.1936798096,64021,64031,10
12.9994602203,80.1936035156,64031,64041,10
12.9993696213,80.1935119629,64041,64051,10
12.9992303848,80.193359375,64051,64062,11
12.9989204407,80.1929626465,64062,64072,10
12.9988002777,80.1928024292,64072,64082,10
12.9986095428,80.1925582886,64082,64092,10
12.9984703064,80.1923904419,64092,64102,10
12.9981403351,80.1919937134,64102,64112,10
12.9976396561,80.1913528442,64112,64122,10
12.997010231,80.1905212402,64122,64132,10
12.9961700439,80.1895904541,64132,64142,10
12.9953899384,80.1883773804,64142,64152,10
12.9946899414,80.18699646,64152,64162,10
12.9943599701,80.1863021851,64162,64173,11
12.9943399429,80.1862716675,64173,64183,10
12.9942798615,80.1861190796,64183,64193,10
12.9941196442,80.185798645,64193,64203,10
12.9938802719,80.1853713989,64203,64213,10
12.9935703278,80.1848220825,64213,64223,10
12.9932098389,80.184173584,64223,64233,10
12.9927501678,80.18334198,64233,64243,10
12.9921798706,80.1824569702,64243,64253,10
12.9916000366,80.1816864014,64253,64263,10
12.9911603928,80.1811828613,64263,64273,10
12.9908504486,80.1808166504,64273,64284,11
12.9906301498,80.1805725098,64284,64300,16
12.9904003143,80.1802902222,64300,64312,12
12.9901800156,80.1799697876,64312,64352,40
12.9901800156,80.1799697876,64352,64362,10
12.9899501801,80.1796798706,64362,64413,51
12.9897499084,80.1794586182,64413,64514,101
12.9897499084,80.1794586182,64514,64524,10
12.9893598557,80.1789398193,64524,64544,20
12.9893598557,80.1789398193,64544,64554,10
12.9891004562,80.1785812378,64554,64574,20
12.9891004562,80.1785812378,64574,64584,10
12.9888496399,80.178237915,64584,64595,11
12.9887304306,80.1781005859,64595,64605,10
12.9886703491,80.1780319214,64605,64615,10
12.988530159,80.1778335571,64615,64644,29
12.988530159,80.1778335571,64644,64655,11
12.9882802963,80.1774978638,64655,64675,20
12.9882802963,80.1774978638,64675,64685,10
12.9881896973,80.1773300171,64685,64694,9
12.9881601334,80.1772994995,64694,64706,12
12.9880399704,80.177116394,64706,64716,10
12.9878902435,80.1768722534,64716,64726,10
12.9877796173,80.1767120361,64726,64736,10
12.9876499176,80.1765289307,64736,64746,10
12.9874601364,80.1762466431,64746,64756,10
12.9873600006,80.1761169434,64756,64766,10
12.9871797562,80.1758804321,64766,64776,10
12.9869098663,80.175567627,64776,64786,10
12.9865503311,80.1750183105,64786,64796,10
12.9861602783,80.1744613647,64796,64807,11
12.9859304428,80.1741027832,64807,64817,10
12.9856595993,80.1736602783,64817,64827,10
12.9852199554,80.172996521,64827,64837,10
12.9848203659,80.17237854,64837,64847,10
12.9843797684,80.1716918945,64847,64857,10
12.9839096069,80.1708984375,64857,64867,10
12.9834403992,80.1701278687,64867,64877,10
12.9828701019,80.1691818237,64877,64887,10
12.9822101593,80.1680984497,64887,64897,10
12.9815998077,80.1670608521,64897,64907,10
12.9809103012,80.1658782959,64907,64918,11
12.9802598953,80.1644134521,64918,64927,9
12.9799003601,80.1632080078,64927,64939,12
12.9793996811,80.1622314453,64939,64949,10
12.9793701172,80.1622009277,64949,64959,10
12.9791402817,80.1618804932,64959,64969,10
12.9786996841,80.161277771,64969,64979,10
12.9781398773,80.1604385376,64979,64989,10
12.9774799347,80.1594085693,64989,64999,10
12.9766998291,80.1582183838,64999,65009,10
12.9758796692,80.1569366455,65009,65019,10
12.9750404358,80.1557006836,65019,65030,11
12.9742298126,80.1545715332,65030,65040,10
12.9739398956,80.1541519165,65040,65050,10
12.9737997055,80.1539306641,65050,65060,10
12.9735202789,80.1535415649,65060,65070,10
12.9732103348,80.1530685425,65070,65080,10
12.9727697372,80.1524200439,65080,65090,10
12.9724903107,80.1520080566,65090,65100,10
12.9723701477,80.15184021,65100,65110,10
12.9721603394,80.1515579224,65110,65120,10
12.9716596603,80.1512069702,65120,65131,11
12.9708499908,80.1508178711,65131,65147,16
12.969499588,80.1502990723,65147,65169,22
12.969499588,80.1502990723,65169,65179,10
12.9692802429,80.1502304077,65179,65189,10
12.9687795639,80.1499481201,65189,65199,10
12.968079567,80.149597168,65199,65209,10
12.9674797058,80.1492996216,65209,65219,10
12.9670295715,80.1490707397,65219,65229,10
12.9668903351,80.148979187,65229,65240,11
12.9666099548,80.1488494873,65240,65250,10
12.9664201736,80.1487503052,65250,65260,10
12.9660596848,80.1485595703,65260,65269,9
12.9654903412,80.1482467651,65269,65280,11
12.9645996094,80.1477890015,65280,65290,10
12.9634599686,80.1471633911,65290,65300,10
12.9624204636,80.1465835571,65300,65310,10
12.9617099762,80.1462097168,65310,65320,10
12.9612503052,80.145942688,65320,65330,10
12.9605998993,80.1455993652,65330,65340,10
12.9598798752,80.1452331543,65340,65351,11
12.9589395523,80.1447219849,65351,65361,10
12.9580001831,80.1442184448,65361,65371,10
12.9570903778,80.1437530518,65371,65381,10
12.9563903809,80.1434402466,65381,65391,10
12.9562597275,80.1433868408,65391,65401,10
12.9559001923,80.1432037354,65401,65411,10
12.9552602768,80.1427993774,65411,65421,10
12.954460144,80.1423492432,65421,65431,10
12.9539804459,80.1420898438,65431,65441,10
12.9536600113,80.1419219971,65441,65452,11
12.9532499313,80.1417007446,65452,65462,10
12.9528999329,80.1414794922,65462,65472,10
12.9525098801,80.1411895752,65472,65482,10
12.9521303177,80.1409225464,65482,65492,10
12.9518003464,80.1407012939,65492,65512,20
12.9518003464,80.1407012939,65512,65522,10
12.9516000748,80.1404876709,65522,65532,10
12.9511203766,80.1401367188,65532,65542,10
12.9504203796,80.1396179199,65542,65552,10
12.949640274,80.1389923096,65552,65563,11
12.9486503601,80.1381607056,65563,65573,10
12.9477796555,80.1375579834,65573,65583,10
12.9469003677,80.1369171143,65583,65592,9
12.9460401535,80.1362075806,65592,65603,11
12.9448604584,80.1352920532,65603,65613,10
12.9441003799,80.1346969604,65613,65623,10
12.9435596466,80.134262085,65623,65633,10
12.9429101944,80.1336593628,65633,65643,10
12.9421796799,80.1329116821,65643,65653,10
12.9414300919,80.1321334839,65653,65663,10
12.9407300949,80.131439209,65663,65674,11
12.9399204254,80.1306304932,65674,65684,10
12.9392595291,80.1300125122,65684,65694,10
12.9386196136,80.1294326782,65694,65704,10
12.9378595352,80.1288299561,65704,65744,40
12.9378595352,80.1288299561,65744,65754,10
12.9378204346,80.1287765503,65754,65764,10
12.9375600815,80.1285400391,65764,65775,11
12.9372396469,80.1282424927,65775,65795,20
12.9372396469,80.1282424927,65795,65805,10
12.9371099472,80.128112793,65805,65815,10
12.9370203018,80.1280212402,65815,65825,10
12.9368801117,80.1278991699,65825,65835,10
12.9364995956,80.1276016235,65835,65845,10
12.935959816,80.1271209717,65845,65854,9
12.9353704453,80.1265792847,65854,65865,11
12.9344701767,80.1257781982,65865,65875,10
12.9334697723,80.124786377,65875,65886,11
12.9323797226,80.1237030029,65886,65896,10
12.9315500259,80.1228790283,65896,65906,10
12.9308595657,80.1221618652,65906,65916,10
12.9301595688,80.1215362549,65916,65926,10
12.9294900894,80.12084198,65926,65936,10
12.928850174,80.1201782227,65936,65946,10
12.9281997681,80.1195068359,65946,65956,10
12.9278697968,80.1192016602,65956,65966,10
12.9276800156,80.1189575195,65966,65976,10
12.927479744,80.1187362671,65976,65987,11
12.9273700714,80.1186294556,65987,65997,10
12.9271202087,80.1183929443,65997,66007,10
12.9270095825,80.1182403564,66007,66017,10
12.9266996384,80.1179428101,66017,66027,10
12.9262800217,80.1175765991,66027,66037,10
12.9259901047,80.1173934937,66037,66047,10
12.9255399704,80.1171875,66047,66065,18
12.9255399704,80.1171875,66065,66077,12
12.9254703522,80.1171188354,66077,66087,10
12.9252099991,80.116859436,66087,66098,11
12.9251003265,80.1164779663,66098,66108,10
12.9250402451,80.1163101196,66108,66118,10
12.924659729,80.1159133911,66118,66128,10
12.9240598679,80.1153182983,66128,66138,10
12.9236001968,80.1148300171,66138,66147,9
12.9230604172,80.1143264771,66147,66158,11
12.9222402573,80.1135101318,66158,66168,10
12.9213895798,80.1126708984,66168,66178,10
12.9205198288,80.1117477417,66178,66188,10
12.9196395874,80.1108016968,66188,66197,9
12.9189300537,80.1099014282,66197,66209,12
12.9179496765,80.1087417603,66209,66219,10
12.9172697067,80.1078872681,66219,66229,10
12.9167804718,80.1069412231,66229,66239,10
12.9161701202,80.1057662964,66239,66249,10
12.9154996872,80.1045379639,66249,66259,10
12.914850235,80.1033172607,66259,66269,10
12.914270401,80.1024475098,66269,66279,10
12.9131402969,80.1016082764,66279,66289,10
12.9120197296,80.1014862061,66289,66299,10
12.9110202789,80.101348877,66299,66310,11
12.9098100662,80.1004562378,66310,66320,10
12.9092302322,80.0992507935,66320,66330,10
12.9086198807,80.0982971191,66330,66340,10
12.9078102112,80.0975036621,66340,66350,10
12.9068498611,80.0967636108,66350,66359,9
12.906129837,80.0962371826,66359,66390,31
12.906129837,80.0962371826,66390,66400,10
12.9060096741,80.0961380005,66400,66411,11
12.9054498672,80.0956802368,66411,66431,20
12.9054498672,80.0956802368,66431,66441,10
12.9051599503,80.0954284668,66441,66451,10
12.904589653,80.0950012207,66451,66461,10
12.9038496017,80.0944366455,66461,66471,10
12.9030199051,80.0938110352,66471,66481,10
12.9020996094,80.0931625366,66481,66491,10
12.9010896683,80.0923919678,66491,66501,10
12.8999795914,80.0915908813,66501,66511,10
12.8988704681,80.0907363892,66511,66521,10
12.8978300095,80.0899200439,66521,66532,11
12.8966302872,80.0890426636,66532,66542,10
12.8955497742,80.088218689,66542,66552,10
12.8941202164,80.0871734619,66552,66562,10
12.892829895,80.0862121582,66562,66572,10
12.891500473,80.085357666,66572,66582,10
12.8901996613,80.0848007202,66582,66592,10
12.8897399902,80.084602356,66592,66602,10
12.8895797729,80.0845108032,66602,66612,10
12.888999939,80.0842666626,66612,66622,10
12.8881101608,80.0839004517,66622,66633,11
12.8868398666,80.0833587646,66633,66643,10
12.8855199814,80.0828170776,66643,66653,10
12.8841695786,80.0822067261,66653,66663,10
12.882809639,80.0816421509,66663,66673,10
12.8815698624,80.0811386108,66673,66683,10
12.8808803558,80.0809707642,66683,66692,9
12.8808698654,80.0809707642,66692,66703,11
12.8804998398,80.0807876587,66703,66713,10
12.8797998428,80.0804977417,66713,66723,10
12.8789596558,80.0801391602,66723,66734,11
12.8778495789,80.0797119141,66734,66744,10
12.8768396378,80.0793380737,66744,66754,10
12.875670433,80.0788879395,66754,66764,10
12.8745298386,80.0784072876,66764,66774,10
12.8734197617,80.0779571533,66774,66784,10
12.8722896576,80.0774993896,66784,66794,10
12.8711795807,80.0770874023,66794,66804,10
12.8700504303,80.0766677856,66804,66814,10
12.8688802719,80.0762176514,66814,66824,10
12.8676099777,80.0757217407,66824,66834,10
12.8666200638,80.075302124,66834,66845,11
12.865480423,80.0749282837,66845,66855,10
12.8642501831,80.0744628906,66855,66871,16
12.8619804382,80.073600769,66871,66893,22
12.8619804382,80.073600769,66893,66903,10
12.8617200851,80.0734634399,66903,66913,10
12.8614196777,80.0732727051,66913,66922,9
12.86095047,80.0729980469,66922,66933,11
12.8601303101,80.0724563599,66933,66943,10
12.8598499298,80.0722427368,66943,66954,11
12.8591899872,80.0717697144,66954,66964,10
12.858420372,80.0711517334,66964,66974,10
12.8574399948,80.0703811646,66974,66984,10
12.856300354,80.0695114136,66984,66994,10
12.8550796509,80.0685806274,66994,67004,10
12.8537597656,80.0675964355,67004,67014,10
12.8524198532,80.0665969849,67014,67024,10
12.8510799408,80.0656814575,67024,67034,10
12.8497495651,80.0647201538,67034,67044,10
12.8484802246,80.0637969971,67044,67055,11
12.8471498489,80.0628128052,67055,67065,10
12.8460798264,80.0620193481,67065,67075,10
12.8451900482,80.0612106323,67075,67105,30
12.8451900482,80.0612106323,67105,67115,10
12.8451004028,80.061088562,67115,67125,10
12.8447198868,80.0606765747,67125,67135,10
12.8441400528,80.0600891113,67135,67145,10
12.8436803818,80.0596084595,67145,67155,10
12.8431100845,80.0589981079,67155,67172,17
12.8417701721,80.0575790405,67172,67184,12
12.8406095505,80.0563430786,67184,67194,10
12.8399600983,80.0556411743,67194,67204,10
12.8394298553,80.0550689697,67204,67214,10
12.8386898041,80.0542831421,67214,67224,10
12.8377399445,80.0532989502,67224,67234,10
12.8367595673,80.0522689819,67234,67244,10
12.8356895447,80.0512008667,67244,67254,10
12.8346004486,80.0500488281,67254,67264,10
12.8334903717,80.0488891602,67264,67275,11
12.8323898315,80.0477218628,67275,67285,10
12.8315200806,80.0467987061,67285,67295,10
12.8307695389,80.0460205078,67295,67305,10
12.8299198151,80.0451126099,67305,67315,10
12.8290395737,80.0441894531,67315,67325,10
12.8279800415,80.0430908203,67325,67335,10
12.8269701004,80.0420303345,67335,67345,10
12.8259601593,80.0410995483,67345,67355,10
12.824760437,80.0402374268,67355,67365,10
12.8235397339,80.0393676758,67365,67376,11
12.8224000931,80.0385513306,67376,67386,10
12.8213996887,80.0378189087,67386,67396,10
12.8203601837,80.0371170044,67396,67406,10
12.8197698593,80.0367507935,67406,67426,20
12.8197698593,80.0367507935,67426,67436,10
12.8196296692,80.0366210938,67436,67446,10
12.8192796707,80.0363693237,67446,67456,10
12.8187398911,80.035987854,67456,67473,17
12.8174200058,80.0350494385,67473,67485,12
12.8161897659,80.0341720581,67485,67495,10
12.8150196075,80.0333328247,67495,67504,9
12.8138999939,80.0325469971,67504,67514,10
12.8125896454,80.0317230225,67514,67525,11
12.8110799789,80.0307388306,67525,67535,10
12.8099002838,80.0299682617,67535,67544,9
12.8089103699,80.0293502808,67544,67555,11
12.8087797165,80.0292663574,67555,67565,10
12.8086500168,80.0291671753,67565,67575,10
12.8082199097,80.0288925171,67575,67585,10
12.8075799942,80.0284576416,67585,67596,11
12.8066902161,80.0278778076,67596,67606,10
12.8057003021,80.0272369385,67606,67616,10
12.8045301437,80.0264663696,67616,67626,10
12.8032598495,80.0256500244,67626,67636,10
12.8019599915,80.0248031616,67636,67646,10
12.8007497787,80.024017334,67646,67656,10
12.7997903824,80.0234680176,67656,67666,10
12.7995004654,80.0233001709,67666,67676,10
12.7994699478,80.0232772827,67676,67686,10
12.799200058,80.0230636597,67686,67697,11
12.7986402512,80.0226516724,67697,67707,10
12.7979202271,80.0221786499,67707,67717,10
12.7970399857,80.0215988159,67717,67727,10
12.795999527,80.0209121704,67727,67737,10
12.7948799133,80.0201873779,67737,67747,10
12.7937297821,80.0194091797,67747,67757,10
12.7925395966,80.0186309814,67757,67767,10
12.7913103104,80.0178833008,67767,67777,10
12.7900600433,80.0171279907,67777,67787,10
12.788769722,80.0163574219,67787,67798,11
12.7874803543,80.0156326294,67798,67808,10
12.7870798111,80.0154037476,67808,67818,10
12.78703022,80.01537323,67818,67828,10
12.7866296768,80.0150985718,67828,67838,10
12.785949707,80.0146865845,67838,67848,10
12.7850399017,80.0141372681,67848,67858,10
12.7838602066,80.0135498047,67858,67868,10
12.7825403214,80.0129394531,67868,67878,10
12.7813301086,80.0124206543,67878,67888,10
12.7800798416,80.0118637085,67888,67898,10
12.7787399292,80.0112762451,67898,67909,11
12.7771997452,80.0106124878,67909,67919,10
12.7757997513,80.0099868774,67919,67929,10
12.7743902206,80.0093765259,67929,67939,10
12.7729997635,80.0087203979,67939,67949,10
12.7715797424,80.0080718994,67949,67959,10
12.7703104019,80.0074768066,67959,67969,10
12.7691898346,80.0069198608,67969,67979,10
12.7681503296,80.0063934326,67979,67989,10
12.7670202255,80.005859375,67989,67999,10
12.7658901215,80.0053710938,67999,68010,11
12.7646903992,80.0048675537,68010,68020,10
12.7637901306,80.0044937134,68020,68030,10
12.7633199692,80.0042800903,68030,68040,10
12.7627801895,80.0040664673,68040,68050,10
12.7620697021,80.003868103,68050,68060,10
12.7614803314,80.0037536621,68060,68070,10
12.7613401413,80.0037078857,68070,68080,10
12.7612304688,80.0036773682,68080,68090,10
12.7607698441,80.0035476685,68090,68100,10
12.7599802017,80.0033569336,68100,68110,10
12.7589797974,80.0030822754,68110,68121,11
12.7579202652,80.002746582,68121,68131,10
12.7569103241,80.0024032593,68131,68141,10
12.7559995651,80.001991272,68141,68151,10
12.7550897598,80.0014419556,68151,68161,10
12.7542200089,80.0009002686,68161,68171,10
12.7531900406,80.0002212524,68171,68180,9
12.7522001266,79.9995574951,68180,68192,12
12.7507400513,79.9985809326,68192,68202,10
12.7497196198,79.9977874756,68202,68211,9
12.7488002777,79.9970626831,68211,68222,11
12.7476301193,79.9961090088,68222,68233,11
12.7466402054,79.995300293,68233,68242,9
12.7457895279,79.9946289063,68242,68253,11
12.7448196411,79.9938583374,68253,68263,10
12.7440099716,79.9932098389,68263,68273,10
12.7433004379,79.992729187,68273,68283,10
12.7432203293,79.9926605225,68283,68293,10
12.7431402206,79.9925689697,68293,68303,10
12.7429800034,79.9924087524,68303,68333,30
12.7429800034,79.9924087524,68333,68344,11
12.7428598404,79.9923019409,68344,68353,9
12.7425403595,79.9920196533,68353,68364,11
12.7419099808,79.9915008545,68364,68374,10
12.7412004471,79.9909362793,68374,68384,10
12.74036026,79.9902572632,68384,68394,10
12.73939991,79.9894790649,68394,68404,10
12.7383203506,79.9886703491,68404,68413,9
12.7373199463,79.9879837036,68413,68424,11
12.7361297607,79.9871368408,68424,68434,10
12.7350597382,79.9862136841,68434,68445,11
12.7340602875,79.9849472046,68445,68455,10
12.7331104279,79.9837722778,68455,68465,10
12.7317399979,79.9831619263,68465,68475,10
12.7302999496,79.9830093384,68475,68484,9
12.7286996841,79.9828414917,68484,68494,10
12.727230072,79.9826889038,68494,68505,11
12.725810051,79.9824295044,68505,68515,10
12.7247400284,79.9822692871,68515,68525,10
12.7243003845,79.9821624756,68525,68556,31
12.7243003845,79.9821624756,68556,68566,10
12.72397995,79.982131958,68566,68576,10
12.7234897614,79.981880188,68576,68586,10
12.722820282,79.9816818237,68586,68596,10
12.7219896317,79.9815292358,68596,68606,10
12.7209701538,79.9813690186,68606,68616,10
12.7197399139,79.9811935425,68616,68626,10
12.71833992,79.9810714722,68626,68635,9
12.7170600891,79.9809799194,68635,68645,10
12.7156095505,79.9806594849,68645,68657,12
12.713809967,79.9801635742,68657,68667,10
12.7124099731,79.9796600342,68667,68677,10
12.7112998962,79.9788513184,68677,68687,10
12.7100601196,79.9781112671,68687,68697,10
12.7087802887,79.9773406982,68697,68707,10
12.7074098587,79.9765319824,68707,68717,10
12.706199646,79.9755401611,68717,68727,10
12.7052297592,79.9742965698,68727,68737,10
12.7044401169,79.9732437134,68737,68747,10
12.7036104202,79.9721984863,68747,68757,10
12.7027997971,79.9711608887,68757,68768,11
12.7018995285,79.9700622559,68768,68778,10
12.7010402679,79.9693984985,68778,68788,10
12.7002496719,79.9689712524,68788,68798,10
12.6998996735,79.9688034058,68798,68808,10
12.6997003555,79.968788147,68808,68818,10
12.6995296478,79.9689865112,68818,68828,10
12.6992902756,79.9693908691,68828,68838,10
12.6990299225,79.9697418213,68838,68848,10
12.6986303329,79.970161438,68848,68858,10
12.6982498169,79.9705429077,68858,68869,11
12.6980199814,79.9708175659,68869,68879,10
12.6977996826,79.9711685181,68879,68889,10
12.697719574,79.9713363647,68889,68899,10
12.697520256,79.971786499,68899,68909,10
12.6972999573,79.9723129272,68909,68919,10
12.6971998215,79.9728775024,68919,68929,10
12.6972398758,79.973487854,68929,68939,10
12.6973695755,79.9741287231,68939,68949,10
12.6974601746,79.9747390747,68949,68959,10
12.697520256,79.975112915,68959,68969,10
12.6976003647,79.9757232666,68969,68980,11
12.6976995468,79.9762268066,68980,68990,10
12.6973800659,79.9765625,68990,69000,10
12.696969986,79.9767990112,69000,69010,10
12.6969203949,79.9768218994,69010,69020,10
12.6968297958,79.9768829346,69020,69030,10
12.6964597702,79.9771499634,69030,69040,10
12.6960296631,79.9775009155,69040,69050,10
12.6954402924,79.9779586792,69050,69060,10
12.6949100494,79.9782333374,69060,69070,10
12.6941995621,79.9787368774,69070,69080,10
12.6935997009,79.9793701172,69080,69091,11
12.6927204132,79.9796829224,69091,69101,10
12.6920499802,79.9801712036,69101,69141,40
12.6920499802,79.9801712036,69141,69151,10
12.691740036,79.9804000854,69151,69202,51
12.691740036,79.9804000854,69202,69212,10
12.691619873,79.9805679321,69212,69222,10
12.6915302277,79.9806137085,69222,69242,20
12.6915302277,79.9806137085,69242,69252,10
12.6914100647,79.9806976318,69252,69262,10
12.691160202,79.9809188843,69262,69272,10
12.6909503937,79.9811019897,69272,69282,10
12.6906404495,79.9813919067,69282,69292,10
12.6903495789,79.9816207886,69292,69303,11
12.6902303696,79.9816131592,69303,69313,10
12.6899995804,79.9814605713,69313,69323,10
12.690030098,79.9812011719,69323,69333,10
12.6900396347,79.9811172485,69333,69343,10
12.6900596619,79.9810028076,69343,69353,10
12.6900596619,79.9809875488,69353,69363,10
12.690079689,79.9808273315,69363,69373,10
12.690079689,79.9807434082,69373,69444,71
12.690079689,79.9807434082,69444,69454,10
12.6904096603,79.9806213379,69454,69464,10
12.6904602051,79.9802703857,69464,69504,40
12.6904602051,79.9802703857,69504,69515,11
12.6907396317,79.9800415039,69515,69535,20
12.6907396317,79.9800415039,69535,69545,10
12.6909704208,79.9801101685,69545,69575,30
12.6909704208,79.9801101685,69575,69585,10
12.691069603,79.9801025391,69585,69595,10
12.6911802292,79.9803009033,69595,70475,880
12.6911802292,79.9803009033,70475,70485,10
12.6911001205,79.9804763794,70485,70586,101
12.6912698746,79.980758667,70586,70606,20
12.6912698746,79.980758667,70606,70616,10
12.6914701462,79.9805984497,70616,70626,10
12.6918201447,79.9803085327,70626,70636,10
12.6921596527,79.9800415039,70636,70646,10
12.6925697327,79.9797821045,70646,70656,10
12.6930999756,79.9795379639,70656,70666,10
12.6937103271,79.9792861938,70666,70677,11
12.6940603256,79.9788818359,70677,70687,10
12.6945104599,79.9785003662,70687,70697,10
12.6950998306,79.9781417847,70697,70707,10
12.6957197189,79.9777908325,70707,70717,10
12.6962299347,79.9773330688,70717,70727,10
12.6966495514,79.9769592285,70727,70737,10
12.6969099045,79.9767608643,70737,70747,10
12.6970701218,79.9766693115,70747,70757,10
12.6974897385,79.9764404297,70757,70767,10
12.6976499557,79.9760818481,70767,70777,10
12.6975498199,79.9755325317,70777,70788,11
12.6974802017,79.9750823975,70788,70798,10
12.6974601746,79.9748535156,70798,70808,10
12.6973896027,79.9744415283,70808,70818,10
12.697259903,79.9738006592,70818,70828,10
12.69713974,79.9731063843,70828,70838,10
12.6971797943,79.9725265503,70838,70848,10
12.6973104477,79.9720687866,70848,70858,10
12.6974601746,79.9717636108,70858,70868,10
12.6976604462,79.9713363647,70868,70878,10
12.6979598999,79.9708480835,70878,70889,11
12.6984300613,79.9703521729,70889,70899,10
12.6989603043,79.9698486328,70899,70909,10
12.6993598938,79.9692611694,70909,70919,10
12.6995801926,79.9687423706,70919,70929,10
12.699640274,79.968460083,70929,70939,10
12.6999502182,79.9684829712,70939,70949,10
12.7004499435,79.9687194824,70949,70959,10
12.7010402679,79.9690475464,70959,70969,10
12.7016401291,79.969581604,70969,70979,10
12.7022600174,79.9702835083,70979,70989,10
12.7029104233,79.9711227417,70989,71000,11
12.7036104202,79.9720230103,71000,71010,10
12.7043304443,79.9729995728,71010,71020,10
12.7052097321,79.9741592407,71020,71030,10
12.706199646,79.9754486084,71030,71040,10
12.7074098587,79.9765014648,71040,71050,10
12.7088298798,79.9773330688,71050,71060,10
12.7101898193,79.9781188965,71060,71070,10
12.7114601135,79.9788284302,71070,71080,10
12.7126197815,79.9796905518,71080,71090,10
12.7141103745,79.9802017212,71090,71100,10
12.7156400681,79.9806137085,71100,71111,11
12.7173995972,79.9808883667,71111,71121,10
12.7190599442,79.981048584,71121,71131,10
12.7207202911,79.9812164307,71131,71141,10
12.7223796844,79.9814910889,71141,71151,10
12.7236404419,79.9817810059,71151,71161,10
12.72397995,79.981842041,71161,71222,61
12.72397995,79.981842041,71222,71232,10
12.7245998383,79.9820327759,71232,71242,10
12.7253704071,79.9822311401,71242,71252,10
12.7264204025,79.9824295044,71252,71262,10
12.7276802063,79.9826431274,71262,71271,9
12.728969574,79.9827423096,71271,71281,10
12.7304801941,79.9828262329,71281,71292,11
12.7321395874,79.982963562,71292,71302,10
12.7333297729,79.9836120605,71302,71313,11
12.7340602875,79.9845123291,71313,71323,10
12.7346801758,79.9853591919,71323,71333,10
12.7353401184,79.9862213135,71333,71343,10
12.7361803055,79.9870605469,71343,71353,10
12.7371997833,79.9877700806,71353,71363,10
12.738240242,79.9885025024,71363,71373,10
12.7391700745,79.9891815186,71373,71383,10
12.7401103973,79.989906311,71383,71393,10
12.7411003113,79.990737915,71393,71403,10
12.7422103882,79.9916000366,71403,71413,10
12.7427997589,79.9921112061,71413,71424,11
12.7433595657,79.9925231934,71424,71434,10
12.7435998917,79.9926986694,71434,71444,10
12.7436504364,79.9927368164,71444,71454,10
12.7440595627,79.9931106567,71454,71464,10
12.7447395325,79.9936828613,71464,71474,10
12.745639801,79.9944000244,71474,71484,10
12.7464704514,79.9950714111,71484,71494,10
12.7478399277,79.9961700439,71494,71504,10
12.7490596771,79.9971694946,71504,71514,10
12.7503499985,79.9981994629,71514,71524,10
12.7516098022,79.9990921021,71524,71535,11
12.753080368,80.0000610352,71535,71545,10
12.7542495728,80.0008010864,71545,71554,9
12.7549200058,80.0012207031,71554,71565,11
12.7558498383,80.0017776489,71565,71575,10
12.7569503784,80.002281189,71575,71585,10
12.7582397461,80.002746582,71585,71595,10
12.7596197128,80.0031509399,71595,71605,10
12.7607498169,80.0034713745,71605,71615,10
12.7611703873,80.0035629272,71615,71625,10
12.761179924,80.0035705566,71625,71636,11
12.7615699768,80.0036621094,71636,71646,10
12.7623100281,80.0038299561,71646,71656,10
12.7633304596,80.0041809082,71656,71666,10
12.764550209,80.0046920776,71666,71676,10
12.7658596039,80.0052566528,71676,71686,10
12.7672195435,80.005859375,71686,71696,10
12.7685604095,80.0065078735,71696,71706,10
12.7698602676,80.0071411133,71706,71716,10
12.7711601257,80.0077667236,71716,71726,10
12.7724704742,80.0083694458,71726,71736,10
12.7735099792,80.0088577271,71736,71747,11
12.774479866,80.0092926025,71747,71757,10
12.7754402161,80.0097198486,71757,71767,10
12.776550293,80.0102005005,71767,71776,9
12.7776899338,80.0106964111,71776,71787,11
12.7791795731,80.0113983154,71787,71797,10
12.7806301117,80.0120391846,71797,71807,10
12.7820901871,80.0126800537,71807,71817,10
12.7835597992,80.0133209229,71817,71827,10
12.7847003937,80.0138168335,71827,71837,10
12.7861404419,80.0146484375,71837,71848,11
12.7874002457,80.0154037476,71848,71858,10
12.7885398865,80.0160827637,71858,71868,10
12.7895402908,80.016708374,71868,71878,10
12.7905197144,80.0172805786,71878,71888,10
12.7915897369,80.0179290771,71888,71898,10
12.7926998138,80.0186309814,71898,71908,10
12.7937803268,80.0193328857,71908,71918,10
12.7944803238,80.019821167,71918,71928,10
12.7949304581,80.0201187134,71928,71938,10
12.7959003448,80.0206985474,71938,71959,21
12.7959003448,80.0206985474,71959,71969,10
12.7962398529,80.020942688,71969,71979,10
12.7969398499,80.0214004517,71979,71989,10
12.797750473,80.0219421387,71989,71999,10
12.7987699509,80.0226135254,71999,72015,16
12.7998304367,80.0232162476,72015,72027,12
12.7999000549,80.0232696533,72027,72037,10
12.8002796173,80.0235671997,72037,72047,10
12.8009700775,80.0240631104,72047,72057,10
12.8019399643,80.0247192383,72057,72068,11
12.8032598495,80.0255584717,72068,72078,10
12.8044595718,80.0263519287,72078,72088,10
12.8055400848,80.0270614624,72088,72098,10
12.8066396713,80.0277786255,72098,72108,10
12.8076896667,80.0284500122,72108,72118,10
12.8086004257,80.0290603638,72118,72128,10
12.8096103668,80.0296707153,72128,72138,10
12.8111200333,80.0306472778,72138,72148,10
12.8124704361,80.0315322876,72148,72158,10
12.8138303757,80.0323867798,72158,72169,11
12.8152399063,80.0333709717,72169,72178,9
12.8164196014,80.0342407227,72178,72189,11
12.8178901672,80.0352783203,72189,72199,10
12.8191099167,80.0361099243,72199,72209,10
12.820110321,80.0367736816,72209,72219,10
12.8201799393,80.036819458,72219,72229,10
12.8203897476,80.0369873047,72229,72239,10
12.8210201263,80.0374603271,72239,72249,10
12.8219604492,80.0381317139,72249,72259,10
12.8231201172,80.0389404297,72259,72270,11
12.8245201111,80.0399169922,72270,72280,10
12.8257703781,80.0408172607,72280,72290,10
12.8268404007,80.0417175293,72290,72300,10
12.827870369,80.0428009033,72300,72310,10
12.8289299011,80.0439529419,72310,72320,10
12.8299303055,80.0449981689,72320,72330,10
12.8308801651,80.0459899902,72330,72340,10
12.831870079,80.0470275879,72340,72350,10
12.8328800201,80.0481262207,72350,72360,10
12.8338699341,80.049156189,72360,72370,10
12.8348798752,80.0502090454,72370,72381,11
12.8360204697,80.0514297485,72381,72391,10
12.837100029,80.0525588989,72391,72401,10
12.8381795883,80.0537033081,72401,72411,10
12.8392400742,80.0548019409,72411,72421,10
12.840259552,80.055847168,72421,72431,10
12.8412303925,80.056892395,72431,72441,10
12.8422403336,80.0579299927,72441,72451,10
12.8431997299,80.0589599609,72451,72461,10
12.8439702988,80.0597763062,72461,72471,10
12.8445997238,80.0604629517,72471,72482,11
12.8447599411,80.0606231689,72482,72492,10
12.8449401855,80.060798645,72492,72502,10
12.845410347,80.0612716675,72502,72512,10
12.8458404541,80.0616989136,72512,72522,10
12.8463401794,80.0621032715,72522,72532,10
12.8470802307,80.0626602173,72532,72542,10
12.8480701447,80.0634307861,72542,72552,10
12.849149704,80.0642166138,72552,72562,10
12.8502502441,80.0650024414,72562,72572,10
12.8511199951,80.0656280518,72572,72582,10
12.8521003723,80.0662994385,72582,72593,11
12.8533697128,80.0672302246,72593,72603,10
12.854590416,80.0681610107,72603,72613,10
12.8557195663,80.0690002441,72613,72623,10
12.856760025,80.0698013306,72623,72633,10
12.8578596115,80.070640564,72633,72643,10
12.8588895798,80.0714263916,72643,72653,10
12.8598003387,80.0720825195,72653,72663,10
12.8606395721,80.0726165771,72663,72673,10
12.8615198135,80.0731735229,72673,72683,10
12.8618297577,80.0733413696,72683,72694,11
12.8619403839,80.0734100342,72694,72704,10
12.8624601364,80.0736694336,72704,72714,10
12.8632497787,80.0739898682,72714,72724,10
12.8642597198,80.0743713379,72724,72734,10
12.8653497696,80.0747909546,72734,72743,9
12.8662395477,80.0751190186,72743,72754,11
12.8670301437,80.0754318237,72754,72764,10
12.8679704666,80.0758132935,72764,72774,10
12.8691196442,80.0762176514,72774,72784,10
12.8704395294,80.0767288208,72784,72794,10
12.8717699051,80.0772476196,72794,72804,10
12.8731403351,80.0777893066,72804,72815,11
12.8746004105,80.0783462524,72815,72825,10
12.8758602142,80.0788421631,72825,72835,10
12.8771295547,80.0793380737,72835,72845,10
12.8783798218,80.0798416138,72845,72855,10
12.8787899017,80.0800018311,72855,72865,10
12.8788003922,80.0800018311,72865,72875,10
12.8788604736,80.0800018311,72875,72885,10
12.8792104721,80.0801391602,72885,72895,10
12.8800601959,80.0804824829,72895,72926,31
12.8800601959,80.0804824829,72926,72936,10
12.880399704,80.0806503296,72936,72946,10
12.8810901642,80.0809326172,72946,72956,10
12.8820199966,80.0812988281,72956,72966,10
12.883190155,80.0817489624,72966,72976,10
12.8844404221,80.0822372437,72976,72986,10
12.88560009,80.0827636719,72986,72996,10
12.886879921,80.0833129883,72996,73006,10
12.8880596161,80.0837936401,73006,73017,11
12.8891401291,80.0842208862,73017,73026,9
12.8901395798,80.0846633911,73026,73037,11
12.8915100098,80.0852737427,73037,73047,10
12.8927602768,80.0860595703,73047,73057,10
12.8940696716,80.087020874,73057,73067,10
12.8953304291,80.0879821777,73067,73077,10
12.896490097,80.0888519287,73077,73087,10
12.8975000381,80.0896072388,73087,73097,10
12.8986301422,80.0904388428,73097,73107,10
12.8997802734,80.0913085938,73107,73118,11
12.9009799957,80.0921707153,73118,73128,10
12.9020700455,80.0930328369,73128,73138,10
12.9032402039,80.0939178467,73138,73148,10
12.9043302536,80.0947494507,73148,73158,10
12.9049196243,80.0951538086,73158,73168,10
12.90528965,80.0954437256,73168,73178,10
12.9057197571,80.0958023071,73178,73188,10
12.9060201645,80.0960388184,73188,73198,10
12.9061698914,80.0961532593,73198,73208,10
12.9062795639,80.0962371826,73208,73218,10
12.9067602158,80.0966415405,73218,73229,11
12.90762043,80.0972671509,73229,73239,10
12.9084396362,80.0979309082,73239,73249,10
12.908780098,80.0982437134,73249,73259,10
12.909119606,80.0986633301,73259,73269,10
12.9096002579,80.0993804932,73269,73279,10
12.9100904465,80.1002578735,73279,73289,10
12.9108295441,80.1010971069,73289,73298,9
12.911860466,80.1014709473,73298,73308,10
12.9131498337,80.1016082764,73308,73319,11
12.9146699905,80.1019515991,73319,73330,11
12.9155797958,80.1032028198,73330,73340,10
12.9157400131,80.1046600342,73340,73350,10
12.9162797928,80.1059417725,73350,73359,9
12.9167604446,80.106880188,73359,73370,11
12.917090416,80.1074829102,73370,73380,10
12.9172897339,80.1077880859,73380,73390,10
12.9176397324,80.1083679199,73390,73400,10
12.9181604385,80.1089935303,73400,73410,10
12.9187898636,80.1097106934,73410,73419,9
12.9193696976,80.1104431152,73419,73429,10
12.9202003479,80.1113433838,73429,73441,12
12.9212598801,80.1123962402,73441,73451,10
12.9221897125,80.1133499146,73451,73461,10
12.9231300354,80.1142883301,73461,73471,10
12.9234800339,80.1146621704,73471,73481,10
12.9237203598,80.1148605347,73481,73491,10
12.924030304,80.1152114868,73491,73501,10
12.9246101379,80.1158218384,73501,73511,10
12.9252700806,80.1165008545,73511,73521,10
12.9259996414,80.1172180176,73521,73531,10
12.9264297485,80.1176605225,73531,73542,11
12.9271001816,80.1182479858,73542,73572,30
12.9272499084,80.1184921265,73572,73592,20
12.9272499084,80.1184921265,73592,73602,10
12.9274396896,80.1186828613,73602,73612,10
12.9279203415,80.1191635132,73612,73622,10
12.9284095764,80.1196517944,73622,73632,10
12.9287004471,80.1199417114,73632,73642,10
12.9290800095,80.120300293,73642,73653,11
12.9295797348,80.1207962036,73653,73663,10
12.9297704697,80.1210098267,73663,73673,10
12.9297895432,80.1210403442,73673,73683,10
12.929889679,80.121131897,73683,73693,10
12.9302101135,80.1214523315,73693,73703,10
12.9307899475,80.1220321655,73703,73711,8
12.931520462,80.1227035522,73711,73733,22
12.931520462,80.1227035522,73733,73743,10
12.9317502975,80.1229400635,73743,73754,11
12.9322299957,80.1234664917,73754,73764,10
12.9328699112,80.1241073608,73764,73774,10
12.9336204529,80.1248397827,73774,73784,10
12.9344997406,80.1257095337,73784,73794,10
12.9353504181,80.1264572144,73794,73804,10
12.9360103607,80.1270675659,73804,73814,10
12.9365501404,80.127456665,73814,73824,10
12.9368495941,80.1272125244,73824,73834,10
12.9372997284,80.1269378662,73834,73844,10
12.9375600815,80.1275634766,73844,73865,21
12.9375600815,80.1275634766,73865,73875,10
12.9374799728,80.1276702881,73875,73885,10
12.9372997284,80.1280212402,73885,73895,10
12.9374799728,80.1282119751,73895,73905,10
12.9378795624,80.1286392212,73905,73915,10
12.9385595322,80.1292572021,73915,73925,10
12.9392900467,80.1298980713,73925,73935,10
12.9405899048,80.1311569214,73935,73945,10
12.9416799545,80.1322784424,73945,73955,10
12.9422197342,80.132850647,73955,73966,11
12.9426498413,80.1332626343,73966,73976,10
12.9432296753,80.1338806152,73976,73986,10
12.9440402985,80.1346511841,73986,73996,10
12.9450597763,80.1354675293,73996,74006,10
12.9461603165,80.1363067627,74006,74016,10
12.9471597672,80.1370773315,74016,74026,10
12.9481897354,80.1378097534,74026,74036,10
12.9492797852,80.1385879517,74036,74046,10
12.9500904083,80.1391830444,74046,74056,10
12.9504003525,80.1393814087,74056,74077,21
12.9504003525,80.1393814087,74077,74087,10
12.9504995346,80.1394729614,74087,74097,10
12.9508199692,80.1396789551,74097,74107,10
12.9511995316,80.1399230957,74107,74117,10
12.9512500763,80.1399536133,74117,74127,10
12.9515199661,80.1401596069,74127,74137,10
12.9518899918,80.1404266357,74137,74147,10
12.9520702362,80.1407394409,74147,74157,10
12.9523696899,80.1409988403,74157,74167,10
12.9526395798,80.1411819458,74167,74178,11
12.9527997971,80.1413116455,74178,74188,10
12.95333004,80.1416625977,74188,74198,10
12.9541301727,80.1421127319,74198,74208,10
12.9550600052,80.142578125,74208,74218,10
12.9555797577,80.1428527832,74218,74228,10
12.9559602737,80.1430511475,74228,74238,10
12.9565496445,80.1433792114,74238,74248,10
12.9572896957,80.1437683105,74248,74258,10
12.9579801559,80.1441192627,74258,74268,10
12.958820343,80.1445083618,74268,74278,10
12.9596700668,80.1449584961,74278,74289,11
12.9603996277,80.1453018188,74289,74299,10
12.9610996246,80.1457214355,74299,74309,10
12.9621601105,80.1462936401,74309,74319,10
12.9631595612,80.1468200684,74319,74329,10
12.9639596939,80.1473617554,74329,74339,10
12.9647798538,80.147857666,74339,74349,10
12.9655704498,80.1482696533,74349,74359,10
12.9664697647,80.1486968994,74359,74378,19
12.9664697647,80.1486968994,74378,74390,12
12.9667596817,80.1488494873,74390,74400,10
12.9670295715,80.1489868164,74400,74410,10
12.9673595428,80.1491622925,74410,74420,10
12.9678602219,80.1494216919,74420,74430,10
12.9683704376,80.1496276855,74430,74440,10
12.968460083,80.1496582031,74440,74450,10
12.9685897827,80.1497268677,74450,74460,10
12.9692001343,80.1500167847,74460,74470,10
12.9700403214,80.1504211426,74470,74480,10
12.9708795547,80.1508178711,74480,74490,10
12.971739769,80.151222229,74490,74501,11
12.9726104736,80.1520462036,74501,74511,10
12.9731397629,80.1528167725,74511,74528,17
12.9740200043,80.1541824341,74528,74540,12
12.9747104645,80.1552200317,74540,74550,10
12.975520134,80.1563873291,74550,74560,10
12.976099968,80.1572418213,74560,74570,10
12.9767904282,80.1582183838,74570,74580,10
12.9772500992,80.1588821411,74580,74590,10
12.9777603149,80.1596221924,74590,74601,11
12.9784498215,80.1605911255,74601,74612,11
12.9790296555,80.1614227295,74612,74621,9
12.9794197083,80.1619873047,74621,74632,11
12.9798202515,80.1625900269,74632,74642,10
12.9798898697,80.1626968384,74642,74652,10
12.9799804688,80.1628189087,74652,74662,10
12.9800901413,80.1632385254,74662,74672,10
12.9802503586,80.1638717651,74672,74682,10
12.9804601669,80.1645584106,74682,74692,10
12.9808998108,80.1655883789,74692,74702,10
12.9814300537,80.1664962769,74702,74713,11
12.9819402695,80.1673812866,74713,74723,10
12.9823303223,80.1680603027,74723,74733,10
12.9828701019,80.1690216064,74733,74743,10
12.983499527,80.1700668335,74743,74753,10
12.9840803146,80.1710205078,74753,74763,10
12.9844503403,80.1717605591,74763,74773,10
12.9849996567,80.1726226807,74773,74783,10
12.9856004715,80.1734771729,74783,74793,10
12.9861402512,80.1742935181,74793,74803,10
12.9864797592,80.1747817993,74803,74824,21
12.9864797592,80.1747817993,74824,74834,10
12.9866600037,80.1750869751,74834,74844,10
12.9871196747,80.1757965088,74844,74854,10
12.9877595901,80.1766662598,74854,74864,10
12.9884700775,80.1776428223,74864,74874,10
12.9890403748,80.1783676147,74874,74884,10
12.9892702103,80.1786880493,74884,74894,10
12.9894199371,80.1789169312,74894,74904,10
12.9897699356,80.1793899536,74904,74914,10
12.9903001785,80.1800384521,74914,74925,11
12.9908895493,80.1808013916,74925,74935,10
12.9915103912,80.181602478,74935,74945,10
12.9921102524,80.1823577881,74945,74955,10
12.9926900864,80.1831970215,74955,74965,10
12.9931201935,80.1839599609,74965,74975,10
12.9935998917,80.1847991943,74975,74985,10
12.9940395355,80.1856536865,74985,74995,10
12.9945201874,80.1865768433,74995,75005,10
12.9950304031,80.1876296997,75005,75015,10
12.9955301285,80.188583374,75015,75026,11
12.9958000183,80.1889724731,75026,75036,10
12.9958000183,80.1889801025,75036,75046,10
12.9959602356,80.1891784668,75046,75056,10
12.9963598251,80.189666748,75056,75066,10
12.9969701767,80.1903762817,75066,75076,10
12.9974498749,80.1909866333,75076,75086,10
12.9976797104,80.1912918091,75086,75096,10
12.9981403351,80.1918869019,75096,75112,16
12.9992399216,80.1932525635,75112,75124,12
13.000169754,80.1944732666,75124,75135,11
13.0010995865,80.195602417,75135,75145,10
13.0018596649,80.1965637207,75145,75155,10
13.0020103455,80.1976776123,75155,75165,10
13.0018100739,80.1987762451,75165,75175,10
13.0017995834,80.1998291016,75175,75185,10
13.0024995804,80.2005996704,75185,75194,9
13.0032997131,80.2008209229,75194,75206,12
13.003780365,80.2008972168,75206,75216,10
13.0042695999,80.2010803223,75216,75226,10
13.0051002502,80.2014465332,75226,75236,10
13.0058298111,80.2023696899,75236,75247,11
13.0066699982,80.2034225464,75247,75257,10
13.0077295303,80.2037811279,75257,75267,10
13.0083703995,80.2034988403,75267,75277,10
13.0078496933,80.2028198242,75277,75287,10
13.0075101852,80.2037963867,75287,75297,10
13.0075702667,80.2051086426,75297,75307,10
13.0076799393,80.2063217163,75307,75317,10
13.0078401566,80.2074508667,75317,75327,10
13.0080003738,80.2086029053,75327,75337,10
13.0082702637,80.2098236084,75337,75348,11
13.008769989,80.2106399536,75348,75358,10
13.0090398788,80.2108612061,75358,75368,10
13.0091295242,80.2113800049,75368,75388,20
13.0091295242,80.2113800049,75388,75398,10
13.0089702606,80.2115478516,75398,75408,10
13.0089797974,80.2118225098,75408,75418,10
13.0091695786,80.2124328613,75418,75428,10
13.0094604492,80.2132110596,75428,75438,10
13.0097999573,80.2140579224,75438,75448,10
13.0101003647,80.2150268555,75448,75459,11
13.0104503632,80.2163619995,75459,75475,16
13.0113201141,80.2183609009,75475,75487,12
13.0118398666,80.2199783325,75487,75497,10
13.0122299194,80.2211685181,75497,75506,9
13.0124502182,80.2217483521,75506,75517,11
13.0130701065,80.2226104736,75517,75527,10
13.0135402679,80.2231216431,75527,75537,10
13.0139904022,80.2236404419,75537,75547,10
13.014169693,80.2239379883,75547,75558,11
13.0149202347,80.2247314453,75558,75566,8
13.0152301788,80.2250976563,75566,75577,11
13.0153598785,80.2255477905,75577,75589,12
13.0150899887,80.2259216309,75589,75599,10
13.0147199631,80.2261123657,75599,75608,9
13.0141201019,80.226348877,75608,75619,11
13.0132703781,80.2267074585,75619,75629,10
13.0122499466,80.2271194458,75629,75639,10
13.0112304688,80.2275085449,75639,75649,10
13.0102701187,80.2278900146,75649,75659,10
13.0093898773,80.2282485962,75659,75670,11
13.0089902878,80.2291870117,75670,75680,10
13.0087404251,80.2304000854,75680,75690,10
13.0085000992,80.2317199707,75690,75699,9
13.0082798004,80.2328567505,75699,75710,11
13.0082197189,80.2334365845,75710,75720,10
13.0081996918,80.2335891724,75720,75729,9
13.0081396103,80.2337722778,75729,75739,10
13.0080499649,80.2343597412,75739,75750,11
13.007809639,80.2353973389,75750,75760,10
13.0075902939,80.2365188599,75760,75771,11
13.0073003769,80.2379989624,75771,75781,10
13.0071201324,80.2390213013,75781,75791,10
13.0068798065,80.2401733398,75791,75892,101
13.0068798065,80.2401733398,75892,75902,10
13.0069198608,80.2404174805,75902,75912,10
13.0067901611,80.2409362793,75912,75922,10
13.0066795349,80.2418289185,75922,75932,10
13.0066795349,80.2428588867,75932,75942,10
13.0066604614,80.2432632446,75942,75952,10
13.0066699982,80.2439193726,75952,75962,10
13.0066604614,80.2449111938,75962,75971,9
13.0066795349,80.2458496094,75971,75983,12
13.0067300797,80.2468490601,75983,75993,10
13.0067300797,80.2475280762,75993,76003,10
13.0067195892,80.2484436035,76003,76013,10
13.006819725,80.2493209839,76013,76023,10
13.0068397522,80.2498168945,76023,76033,10
13.0068101883,80.25025177,76033,76043,10
13.0067996979,80.2509994507,76043,76053,10
13.0066404343,80.2520599365,76053,76063,10
13.0065097809,80.2532424927,76063,76073,10
13.0065402985,80.2544937134,76073,76084,11
13.0065603256,80.2559585571,76084,76094,10
13.0066299438,80.2572479248,76094,76104,10
13.0069799423,80.2581863403,76104,76114,10
13.0075502396,80.2586593628,76114,76124,10
13.0077896118,80.2587738037,76124,76134,10
13.008310318,80.258972168,76134,76144,10
13.0091495514,80.2591018677,76144,76154,10
13.0103302002,80.2591323853,76154,76164,10
13.0116596222,80.2591171265,76164,76174,10
13.0130395889,80.2591781616,76174,76184,10
13.0144395828,80.2592315674,76184,76195,11
13.0158004761,80.2594070435,76195,76205,10
13.0162296295,80.2596206665,76205,76215,10
13.0163402557,80.2597198486,76215,76225,10
13.0167703629,80.260017395,76225,76235,10
13.0173196793,80.2603912354,76235,76245,10
13.0179100037,80.2608108521,76245,76255,10
13.0184497833,80.2612228394,76255,76265,10
13.0190200806,80.261680603,76265,76275,10
13.0195398331,80.2621307373,76275,76285,10
13.0201597214,80.2626876831,76285,76295,10
13.020939827,80.2629623413,76295,76306,11
13.0216798782,80.2632369995,76306,76316,10
13.0219802856,80.263381958,76316,76326,10
13.0224704742,80.2636184692,76326,76342,16
13.0233697891,80.2640991211,76342,76354,12
13.0241203308,80.2645111084,76354,76364,10
13.0245304108,80.2648162842,76364,76374,10
13.0249996185,80.2651596069,76374,76384,10
13.0254297256,80.2654724121,76384,76394,10
13.0257101059,80.265663147,76394,76405,11
13.0258798599,80.2657775879,76405,76415,10
13.0259895325,80.2658309937,76415,76425,10
13.0262002945,80.2658691406,76425,76435,10
13.0262699127,80.2654418945,76435,76456,21
13.0262699127,80.2654418945,76456,76466,10
13.0262899399,80.2652130127,76466,76475,9
13.026309967,80.2650375366,76475,76485,10
13.0263795853,80.2646789551,76485,76496,11
13.0264596939,80.2640609741,76496,76506,10
13.0265197754,80.2634887695,76506,76517,11
13.0268001556,80.2634429932,76517,76527,10
13.0274295807,80.2635574341,76527,76537,10
13.0281400681,80.2637481689,76537,76547,10
13.0287103653,80.2639083862,76547,76557,10
13.0292301178,80.2640609741,76557,76567,10
13.029299736,80.2643432617,76567,76577,10
13.0293197632,80.264831543,76577,76587,10
13.029299736,80.2654876709,76587,76597,10
13.0292701721,80.2659912109,76597,76607,10
13.0291795731,80.2663269043,76607,76618,11
13.0289001465,80.2663192749,76618,76628,10
13.0283098221,80.266242981,76628,76638,10
13.0276002884,80.2661590576,76638,76648,10
13.0270204544,80.2660293579,76648,76658,10
13.0263004303,80.2659378052,76658,76668,10
13.0257701874,80.2656478882,76668,76678,10
13.0251998901,80.2652511597,76678,76688,10
13.0245800018,80.2649002075,76688,76698,10
13.0238895416,80.2643814087,76698,76708,10
13.0233097076,80.2640533447,76708,76718,10
13.0227098465,80.2636871338,76718,76729,11
13.0221004486,80.2634506226,76729,76739,10
13.021730423,80.2632217407,76739,76749,10
13.0209598541,80.2630233765,76749,76765,16
13.019659996,80.2629013062,76765,76777,12
13.0189199448,80.2627792358,76777,76787,10
13.0187997818,80.2620773315,76787,76797,10
13.0186004639,80.2613067627,76797,76807,10
13.0183401108,80.2610778809,76807,76817,10
13.0179796219,80.2608337402,76817,76827,10
13.0174503326,80.2604675293,76827,76838,11
13.0166902542,80.2599716187,76838,76848,10
13.0159597397,80.2595901489,76848,76858,10
13.0149002075,80.2593002319,76858,76867,9
13.0139102936,80.2592697144,76867,76877,10
13.0127296448,80.2592163086,76877,76888,11
13.0115604401,80.2591629028,76888,76898,10
13.0103397369,80.2591400146,76898,76908,10
13.0092096329,80.2591171265,76908,76918,10
13.0081596375,80.2590408325,76918,76928,10
13.0073699951,80.258682251,76928,76939,11
13.0066299438,80.2576293945,76939,76949,10
13.0064897537,80.2564926147,76949,76959,10
13.0065002441,80.255279541,76959,76969,10
13.0064601898,80.2542495728,76969,76978,9
13.0064496994,80.2538299561,76978,76988,10
13.0064601898,80.2532424927,76988,76999,11
13.006480217,80.2526779175,76999,77009,10
13.0065803528,80.2520294189,77009,77019,10
13.0067195892,80.2512130737,77019,77029,10
13.0067501068,80.25050354,77029,77039,10
13.0067396164,80.2496871948,77039,77050,11
13.0066995621,80.2488479614,77050,77060,10
13.0066299438,80.2481307983,77060,77070,10
13.0065803528,80.2474975586,77070,77161,91
13.0065803528,80.2474975586,77161,77171,10
13.0066099167,80.247177124,77171,77181,10
13.0065803528,80.2467498779,77181,77191,10
13.0065498352,80.2465286255,77191,77201,10
13.0066099167,80.2462997437,77201,77211,10
13.0066204071,80.2456817627,77211,77221,10
13.0066003799,80.2448501587,77221,77231,10
13.0065803528,80.244140625,77231,77241,10
13.0065803528,80.2434997559,77241,77252,11
13.0065603256,80.2426376343,77252,77262,10
13.0065603256,80.2415771484,77262,77272,10
13.0066699982,80.2406387329,77272,77282,10
13.0069303513,80.2395324707,77282,77292,10
13.0071401596,80.2383117676,77292,77302,10
13.0073404312,80.2372589111,77302,77312,10
13.0073795319,80.2367706299,77312,77322,10
13.0074300766,80.2366333008,77322,77332,10
13.0075798035,80.2361221313,77332,77342,10
13.0077600479,80.2352600098,77342,77352,10
13.0079603195,80.2341918945,77352,77369,17
13.0083799362,80.2319793701,77369,77381,12
13.0087003708,80.2303390503,77381,77391,10
13.008939743,80.2290802002,77391,77401,10
13.009180069,80.2280807495,77401,77411,10
13.0095996857,80.2270889282,77411,77421,10
13.0100402832,80.2261581421,77421,77431,10
13.0105895996,80.2250366211,77431,77441,10
13.0109901428,80.2240829468,77441,77449,8
13.0113697052,80.2231063843,77449,77461,12
13.0119400024,80.2218017578,77461,77472,11
13.0121002197,80.2208099365,77472,77482,10
13.0117998123,80.2198791504,77482,77492,10
13.0114603043,80.2188415527,77492,77502,10
13.0111398697,80.217956543,77502,77512,10
13.0107898712,80.2171325684,77512,77522,10
13.0104398727,80.2163619995,77522,77532,10
13.0101003647,80.2157211304,77532,77554,22
13.0093097687,80.2145614624,77554,77566,12
13.0087795258,80.2138519287,77566,77606,40
13.0087795258,80.2138519287,77606,77617,11
13.0085401535,80.2136001587,77617,77636,19
13.0085401535,80.2136001587,77636,77647,11
13.0082902908,80.2133865356,77647,77657,10
13.0080699921,80.2132797241,77657,77667,10
13.0079097748,80.2131576538,77667,77678,11
13.0076303482,80.212928772,77678,77689,11
13.0070400238,80.2127685547,77689,77699,10
13.006360054,80.2127838135,77699,77709,10
13.0057497025,80.2129821777,77709,77719,10
13.0051698685,80.2126235962,77719,77730,11
13.004650116,80.2123184204,77730,77740,10
13.0038604736,80.2120666504,77740,77750,10
13.0036802292,80.2117462158,77750,77760,10
13.0036497116,80.2110366821,77760,77770,10
13.0035495758,80.2102432251,77770,77780,10
13.0034999847,80.2095413208,77780,77791,11
13.0036201477,80.2089385986,77791,77801,10
13.0040597916,80.208656311,77801,77811,10
13.0048503876,80.2089996338,77811,77821,10
13.0056400299,80.2093505859,77821,77831,10
13.006360054,80.209602356,77831,77841,10
13.0065803528,80.2096710205,77841,77851,10
13.0068998337,80.209777832,77851,77861,10
13.0075597763,80.2098922729,77861,77871,10
13.0081195831,80.2099075317,77871,77881,10
13.008020401,80.2092514038,77881,77891,10
13.0078802109,80.2083206177,77891,77902,11
13.0077199936,80.2074508667,77902,77912,10
13.007610321,80.2065811157,77912,77928,16
13.0073099136,80.2053909302,77928,77940,12
13.0068798065,80.2043762207,77940,77950,10
13.0064096451,80.2036209106,77950,77960,10
13.0059404373,80.2029418945,77960,77970,10
13.0056600571,80.2024612427,77970,77980,10
13.0052404404,80.2018203735,77980,77990,10
13.0040102005,80.201133728,77990,78021,31
13.0040102005,80.201133728,78021,78031,10
13.0036296844,80.2009887695,78031,78041,10
13.0029697418,80.2007980347,78041,78051,10
13.0023097992,80.2005081177,78051,78061,10
13.0018901825,80.2000808716,78061,78071,10
13.001660347,80.1994628906,78071,78081,10
13.0017499924,80.1987915039,78081,78091,10
13.0018796921,80.1979827881,78091,78101,10
13.0019302368,80.1970214844,78101,78112,11
13.0013399124,80.1959991455,78112,78122,10
13.0006799698,80.1952133179,78122,78132,10
12.9999799728,80.1942977905,78132,78142,10
12.9993801117,80.1935806274,78142,78152,10
12.9990501404,80.1932067871,78152,78162,10
12.9988002777,80.192817688,78162,78172,10
12.9985799789,80.1925125122,78172,78182,10
12.9983196259,80.1923065186,78182,78192,10
12.9978704453,80.1926422119,78192,78202,10
12.997300148,80.193107605,78202,78213,11
12.9969902039,80.193321228,78213,78223,10
12.9967699051,80.1931228638,78223,78233,10
12.9966602325,80.1925964355,78233,78243,10
12.9965295792,80.1920166016,78243,78253,10
12.9964799881,80.1918411255,78253,78263,10
12.9963998795,80.191619873,78263,79212,949
12.9963998795,80.191619873,79212,79222,10
12.9964199066,80.1915435791,79222,79232,10
12.996430397,80.1914215088,79232,79242,10
12.9966001511,80.1913070679,79242,79252,10
12.9967699051,80.1910095215,79252,79636,384
12.9967699051,80.1910095215,79636,79646,10
12.9970998764,80.1909790039,79646,79656,10
12.997300148,80.1912612915,79656,79666,10
