13.0266895294,80.265838623,13,2607,2594
13.0268001556,80.2656478882,2607,2647,40
13.0268096924,80.2657165527,2647,2677,30
13.0268297195,80.2658004761,2677,2728,51
13.0267601013,80.2657775879,2728,2940,212
13.0267801285,80.2657623291,2940,3929,989
13.0266799927,80.2657394409,3929,4605,676
13.02684021,80.2657165527,4605,4736,131
13.0267095566,80.2656326294,4736,4908,172
13.0268697739,80.2657470703,4908,4948,40
13.02684021,80.2659072876,4948,5009,61
13.0268201828,80.2656478882,5009,5150,141
13.0268201828,80.2656478882,5150,5160,10
13.0268697739,80.2657928467,5160,5180,20
13.0268697739,80.2657928467,5180,5190,10
13.0269899368,80.2657470703,5190,5211,21
13.0269002914,80.2657165527,5211,5281,70
13.0269002914,80.2657165527,5281,5291,10
13.0267496109,80.265838623,5291,5362,71
13.0267496109,80.265838623,5362,5372,10
13.0267801285,80.2657012939,5372,5382,10
13.0269899368,80.2656326294,5382,5412,30
13.0268697739,80.2657775879,5412,5544,132
13.0269403458,80.2656707764,5544,5584,40
13.0269403458,80.2656707764,5584,5594,10
13.02684021,80.2655563354,5594,5604,10
13.0268602371,80.2655029297,5604,5614,10
13.0267295837,80.2655792236,5614,5655,41
13.0269002914,80.2657470703,5655,5675,20
13.02684021,80.2657012939,5675,5715,40
13.0270996094,80.2657394409,5715,5735,20
13.0270996094,80.2657394409,5735,5745,10
13.0269002914,80.2656784058,5745,5756,11
13.0267400742,80.2656021118,5756,5766,10
13.0265703201,80.2656021118,5766,5776,10
13.0260601044,80.2654876709,5776,5796,20
13.0260601044,80.2654876709,5796,5806,10
13.0273895264,80.2658233643,5806,5816,10
13.0270700455,80.2658462524,5816,5826,10
13.0269002914,80.2657699585,5826,5836,10
13.0267896652,80.2657775879,5836,5846,10
13.0267696381,80.2657928467,5846,5856,10
13.0266895294,80.2657699585,5856,5867,11
13.0266895294,80.2658004761,5867,5877,10
13.02684021,80.2657470703,5877,5887,10
13.0269203186,80.2657012939,5887,5897,10
13.0267801285,80.2657012939,5897,5907,10
13.0267801285,80.2657165527,5907,5917,10
13.0268001556,80.2656784058,5917,5927,10
13.0268201828,80.2657318115,5927,5937,10
13.0264596939,80.2656021118,5937,5947,10
13.02602005,80.2654266357,5947,5957,10
13.0259599686,80.2653503418,5957,5967,10
13.0259304047,80.265296936,5967,5978,11
13.0264196396,80.265663147,5978,5988,10
13.0267295837,80.2657623291,5988,5998,10
13.0267801285,80.2657928467,5998,6028,30
13.0267801285,80.2657165527,6028,6058,30
13.0267801285,80.2657165527,6058,6068,10
13.0266895294,80.2656173706,6068,6290,222
13.0268096924,80.26587677,6290,6371,81
13.0268001556,80.2657165527,6371,6533,162
13.0268001556,80.2657165527,6533,6543,10
13.02684021,80.2657623291,6543,6553,10
13.0267496109,80.2657775879,6553,6563,10
13.0267400742,80.2657928467,6563,6573,10
13.0266504288,80.2657623291,6573,6593,20
13.0266199112,80.2657928467,6593,6654,61
13.0266199112,80.2657928467,6654,6664,10
13.0279302597,80.2654190063,6664,6674,10
13.0263500214,80.2657699585,6674,6684,10
13.0280399323,80.2653198242,6684,6694,10
13.0266399384,80.2657623291,6694,6704,10
13.0270395279,80.2657012939,6704,6714,10
13.0270395279,80.2657089233,6714,6724,10
13.0270004272,80.2657012939,6724,6734,10
13.0268602371,80.2657623291,6734,6745,11
13.0268697739,80.2657775879,6745,6755,10
13.0267400742,80.2657775879,6755,6765,10
13.0266704559,80.2657928467,6765,6775,10
13.0267601013,80.2657699585,6775,6785,10
13.0268001556,80.2657089233,6785,6795,10
13.0269002914,80.2657394409,6795,6805,10
13.0269203186,80.2657470703,6805,6815,10
13.0270595551,80.2654571533,6815,6835,20
13.0270595551,80.2654571533,6835,6846,11
13.0269298553,80.2656097412,6846,6856,10
13.0268697739,80.2654418945,6856,6866,10
13.0266704559,80.2655410767,6866,6876,10
13.0268001556,80.2656936646,6876,6886,10
13.0269098282,80.2657012939,6886,6896,10
13.0269699097,80.2656784058,6896,6906,10
13.0270500183,80.2656936646,6906,6916,10
13.0270395279,80.2656478882,6916,6926,10
13.0269899368,80.2655410767,6926,6997,71
13.0269899368,80.2655410767,6997,7007,10
13.0269002914,80.2656478882,7007,7017,10
13.0269403458,80.2656326294,7017,7027,10
13.0271100998,80.2656402588,7027,7037,10
13.0269603729,80.2657012939,7037,7047,10
13.0269203186,80.2655105591,7047,7057,10
13.0269002914,80.2655181885,7057,7068,11
13.0269298553,80.2654266357,7068,7078,10
13.0271501541,80.2655029297,7078,7108,30
13.0271501541,80.2655029297,7108,7118,10
13.0267295837,80.2657470703,7118,7128,10
13.0271100998,80.265663147,7128,7138,10
13.0270204544,80.2656936646,7138,7148,10
13.02684021,80.2657775879,7148,7158,10
13.026599884,80.2657318115,7158,7168,10
13.0268096924,80.2656784058,7168,7179,11
13.0268297195,80.2658081055,7179,7189,10
13.0268297195,80.2657928467,7189,7411,222
13.0268001556,80.2656402588,7411,7502,91
13.026720047,80.2658233643,7502,8107,605
13.026720047,80.2658233643,8107,8117,10
13.0267601013,80.2657775879,8117,8238,121
13.0267601013,80.2657775879,8238,8248,10
13.0266399384,80.2657928467,8248,8258,10
13.0266504288,80.2657775879,8258,8269,11
13.026550293,80.2659225464,8269,8329,60
13.0265398026,80.2656936646,8329,8380,51
13.0267400742,80.2657394409,8380,8440,60
13.0266704559,80.2656478882,8440,8541,101
13.026720047,80.2657089233,8541,8581,40
13.026720047,80.2657089233,8581,8591,10
13.0268497467,80.2656021118,8591,8642,51
13.0268096924,80.2657394409,8642,8682,40
13.0268096924,80.2657394409,8682,8692,10
13.0267496109,80.2657623291,8692,8703,11
13.0266895294,80.2657318115,8703,8713,10
13.0267000198,80.2657089233,8713,8723,10
13.0266704559,80.2658615112,8723,8733,10
13.0265102386,80.2660522461,8733,8743,10
13.0264396667,80.2661895752,8743,8763,20
13.0264396667,80.2661895752,8763,8773,10
13.0263299942,80.266746521,8773,8783,10
13.0261602402,80.2669830322,8783,8793,10
13.026140213,80.2669067383,8793,8803,10
13.0264396667,80.2662887573,8803,8814,11
13.0264701843,80.2660903931,8814,8824,10
13.02643013,80.265838623,8824,8884,60
13.0242395401,80.2648773193,8884,8894,10
13.0242395401,80.2648773193,8894,8904,10
13.0258102417,80.2654495239,8904,8976,72
13.0258102417,80.2654495239,8976,8986,10
13.0265102386,80.2656784058,8986,8996,10
13.0267496109,80.2657012939,8996,9005,9
13.0267095566,80.2657623291,9005,9015,10
13.026720047,80.2657394409,9015,9026,11
13.0267601013,80.2657623291,9026,9037,11
13.0268001556,80.2658462524,9037,9047,10
13.0267696381,80.2659225464,9047,9057,10
13.026720047,80.2659683228,9057,9067,10
13.0267000198,80.2657623291,9067,9077,10
13.0267896652,80.265663147,9077,9087,10
13.0268201828,80.2655487061,9087,16791,7704
13.0268201828,80.2655487061,16791,16801,10
13.0267095566,80.2660217285,16801,16811,10
13.02684021,80.2656326294,16811,16821,10
13.0268802643,80.2655181885,16821,16831,10
13.0268201828,80.2655410767,16831,16841,10
13.0268802643,80.2655792236,16841,16851,10
13.0270004272,80.2656478882,16851,16902,51
13.0270004272,80.2656478882,16902,16912,10
13.0266895294,80.2657012939,16912,16922,10
13.026720047,80.2657165527,16922,16932,10
13.0265598297,80.265663147,16932,16942,10
13.0265798569,80.2656021118,16942,16952,10
13.0265798569,80.2656173706,16952,16962,10
13.0267000198,80.2657012939,16962,16973,11
13.0266895294,80.2659378052,16973,16983,10
13.0267496109,80.2657470703,16983,16993,10
13.02684021,80.265838623,16993,17003,10
13.0268697739,80.2654800415,17003,17013,10
13.0267400742,80.2657928467,17013,17023,10
13.026720047,80.2659988403,17023,17033,10
13.0266895294,80.2661514282,17033,17043,10
13.026720047,80.2660827637,17043,17053,10
13.0267295837,80.2660369873,17053,17063,10
13.0267400742,80.2659683228,17063,17073,10
13.026720047,80.2659072876,17073,17084,11
13.0267095566,80.2656326294,17084,17094,10
13.026720047,80.2655410767,17094,17104,10
13.026720047,80.2654418945,17104,17114,10
13.026720047,80.2654190063,17114,17124,10
13.0267400742,80.2654266357,17124,17134,10
13.0267400742,80.2653884888,17134,17144,10
13.0267496109,80.2654037476,17144,17154,10
13.0267496109,80.2654876709,17154,17164,10
13.0267400742,80.2655487061,17164,17174,10
13.026720047,80.265663147,17174,17185,11
13.0267400742,80.2657165527,17185,17195,10
13.0267400742,80.2657089233,17195,17205,10
13.0267496109,80.2655105591,17205,17215,10
13.0267601013,80.2654190063,17215,17225,10
13.0267696381,80.2654418945,17225,17235,10
13.0267496109,80.2654724121,17235,17245,10
13.026720047,80.2654495239,17245,17255,10
13.0267295837,80.2655029297,17255,17265,10
13.0266895294,80.2655487061,17265,17275,10
13.0267095566,80.2656707764,17275,17285,10
13.0266895294,80.2657699585,17285,17296,11
13.0266799927,80.2658233643,17296,17306,10
13.0266704559,80.2658233643,17306,17316,10
13.0266895294,80.2658233643,17316,17326,10
13.0267000198,80.2658691406,17326,17336,10
13.0266799927,80.2658462524,17336,17346,10
13.026720047,80.265838623,17346,17356,10
13.0266895294,80.2658081055,17356,17366,10
13.0266704559,80.2658004761,17366,17376,10
13.0266704559,80.2657089233,17376,17386,10
13.0266399384,80.2656173706,17386,17396,10
13.0266399384,80.2655181885,17396,17407,11
13.0266304016,80.2654037476,17407,17417,10
13.0266799927,80.2654418945,17417,17427,10
13.026720047,80.2655181885,17427,17437,10
13.0267000198,80.2655410767,17437,17447,10
13.0266895294,80.2656097412,17447,17457,10
13.0267000198,80.2656402588,17457,17467,10
13.026720047,80.2657165527,17467,17477,10
13.0267000198,80.2657394409,17477,17487,10
13.0266895294,80.2658309937,17487,17497,10
13.0266895294,80.2658462524,17497,17508,11
13.0267000198,80.265953064,17508,17518,10
13.0266895294,80.265838623,17518,17528,10
13.0266704559,80.2658615112,17528,17538,10
13.0266895294,80.2658004761,17538,17548,10
13.0266895294,80.2657928467,17548,17558,10
13.0267095566,80.2657775879,17558,17568,10
13.0266895294,80.2657775879,17568,17578,10
13.0266895294,80.2657623291,17578,17588,10
13.0266895294,80.2657775879,17588,17598,10
13.0267000198,80.2657318115,17598,17608,10
13.026720047,80.2656707764,17608,17619,11
13.026720047,80.2656478882,17619,17629,10
13.0267496109,80.2656402588,17629,17639,10
13.0267601013,80.2656326294,17639,17649,10
13.0267601013,80.2656402588,17649,17659,10
13.0267295837,80.2656402588,17659,17669,10
13.0267496109,80.2656326294,17669,17679,10
13.0267400742,80.2656326294,17679,17689,10
13.026720047,80.2656478882,17689,17709,20
13.026720047,80.2656478882,17709,17719,10
13.0267095566,80.2656478882,17719,17730,11
13.0267000198,80.2657165527,17730,17740,10
13.0267000198,80.2657623291,17740,17750,10
13.026720047,80.2658233643,17750,17760,10
13.0267295837,80.2658615112,17760,17770,10
13.026720047,80.2658081055,17770,17780,10
13.0267000198,80.2657318115,17780,17790,10
13.0267601013,80.2657623291,17790,17810,20
13.0267601013,80.2657623291,17810,17820,10
13.0266895294,80.265586853,17820,17861,41
13.0266895294,80.265586853,17861,17871,10
13.0268096924,80.2657012939,17871,17881,10
13.0266799927,80.2656478882,17881,17891,10
13.0267601013,80.2658691406,17891,17901,10
13.0267601013,80.2656784058,17901,17911,10
13.0268001556,80.2656936646,17911,17921,10
13.0267801285,80.2656478882,17921,17931,10
13.0267601013,80.2656936646,17931,17941,10
13.0267000198,80.2657623291,17941,17952,11
13.0266895294,80.2658004761,17952,17962,10
13.0266799927,80.265838623,17962,17972,10
13.026720047,80.2658233643,17972,17982,10
13.0267696381,80.265838623,17982,17992,10
13.026720047,80.2658996582,17992,18002,10
13.0267400742,80.2658233643,18002,18012,10
13.0267095566,80.2657470703,18012,18022,10
13.0267095566,80.2656784058,18022,18032,10
13.026720047,80.2656326294,18032,18042,10
13.0267400742,80.2656707764,18042,18053,11
13.0267801285,80.2657089233,18053,18063,10
13.0268201828,80.265663147,18063,18073,10
13.0268096924,80.2657089233,18073,18083,10
13.0267400742,80.2657928467,18083,18093,10
13.026720047,80.2658004761,18093,18103,10
13.0267601013,80.2656784058,18103,18113,10
13.0267696381,80.2656784058,18113,18123,10
13.0268297195,80.2654800415,18123,18133,10
13.0267696381,80.2652511597,18133,18143,10
13.0267801285,80.2651977539,18143,18153,10
13.0268001556,80.2651901245,18153,18164,11
13.0268697739,80.2650222778,18164,18174,10
13.0268802643,80.2650604248,18174,18184,10
13.02684021,80.2652435303,18184,18194,10
13.0268297195,80.2653808594,18194,18204,10
13.0268697739,80.2652206421,18204,18214,10
13.0268001556,80.2656173706,18214,18224,10
13.0268096924,80.2655487061,18224,18234,10
13.0268602371,80.2655410767,18234,18244,10
13.0270004272,80.2655410767,18244,18295,51
13.0270004272,80.2655410767,18295,18305,10
13.0267601013,80.2657165527,18305,18315,10
13.0268001556,80.2657165527,18315,18325,10
13.0267496109,80.2658004761,18325,18335,10
13.0267696381,80.2657623291,18335,18345,10
13.0267896652,80.2657623291,18345,18355,10
13.0267696381,80.2658462524,18355,18365,10
13.0267601013,80.2658004761,18365,18375,10
13.0267601013,80.2656936646,18375,18386,11
13.0267400742,80.2656326294,18386,18396,10
13.026720047,80.2655487061,18396,18406,10
13.0267095566,80.2655334473,18406,18416,10
13.0266799927,80.2655563354,18416,18426,10
13.0266895294,80.2655715942,18426,18436,10
13.0267400742,80.2655410767,18436,18446,10
13.026720047,80.2657165527,18446,18456,10
13.026720047,80.2657623291,18456,18466,10
13.0267400742,80.2657012939,18466,18476,10
13.0267601013,80.2657012939,18476,18487,11
13.0267095566,80.2657318115,18487,18497,10
13.0267295837,80.2657318115,18497,18507,10
13.0267400742,80.2656784058,18507,18517,10
13.0267696381,80.2656021118,18517,18527,10
13.0267896652,80.2655334473,18527,18537,10
13.0268096924,80.2655410767,18537,18547,10
13.0267801285,80.2655334473,18547,18557,10
13.0267801285,80.2656097412,18557,18567,10
13.0267601013,80.2656784058,18567,18577,10
13.0267696381,80.265663147,18577,18587,10
13.0267801285,80.2659225464,18587,18598,11
13.0267801285,80.2658996582,18598,18608,10
13.0267801285,80.2658462524,18608,18618,10
13.0267801285,80.2658081055,18618,18628,10
13.0267801285,80.265838623,18628,18638,10
13.0267801285,80.2657928467,18638,18648,10
13.0267696381,80.2657394409,18648,18658,10
13.0267896652,80.2657623291,18658,18668,10
13.0268001556,80.265663147,18668,18678,10
13.0267896652,80.2656402588,18678,18688,10
13.0268001556,80.2656326294,18688,18698,10
13.0267801285,80.2656173706,18698,18709,11
13.0267696381,80.2656707764,18709,18729,20
13.0267696381,80.2656707764,18729,18739,10
13.0267696381,80.2656402588,18739,18749,10
13.0267801285,80.2657012939,18749,18759,10
13.0267801285,80.2655792236,18759,18769,10
13.026889801,80.2653198242,18769,18810,41
13.026889801,80.2653198242,18810,18820,10
13.02684021,80.2655029297,18820,18830,10
13.0267801285,80.2655410767,18830,18840,10
13.0269203186,80.2657318115,18840,18850,10
13.0268096924,80.2657318115,18850,18860,10
13.0267696381,80.2657012939,18860,18870,10
13.0268096924,80.2657165527,18870,18880,10
13.0267801285,80.2658004761,18880,18890,10
13.02684021,80.2657928467,18890,18900,10
13.0271196365,80.2655487061,18900,18931,31
13.0271196365,80.2655487061,18931,18941,10
13.0266304016,80.2659225464,18941,18951,10
13.0270299911,80.2654724121,18951,18961,10
13.0269098282,80.2655105591,18961,18971,10
13.0266199112,80.2658462524,18971,18981,10
13.026720047,80.2657623291,18981,18991,10
13.0266504288,80.2658081055,18991,19001,10
13.0265903473,80.2658996582,19001,19011,10
13.0265903473,80.2658691406,19011,19021,10
13.0268602371,80.2657318115,19021,19032,11
13.0268096924,80.2657089233,19032,19042,10
13.0267801285,80.2657012939,19042,19052,10
13.0267601013,80.2656936646,19052,19062,10
13.0267696381,80.265663147,19062,19072,10
13.0267801285,80.2657012939,19072,19082,10
13.0267601013,80.2656784058,19082,19092,10
13.0267696381,80.2656784058,19092,19102,10
13.0267801285,80.2657012939,19102,19112,10
13.0267801285,80.2657165527,19112,19122,10
13.0267801285,80.2657165527,19122,19143,21
13.0267896652,80.2657318115,19143,19163,20
13.0267896652,80.2657318115,19163,19173,10
13.0267601013,80.2657623291,19173,19183,10
13.0267601013,80.2658004761,19183,19193,10
13.0267496109,80.2658004761,19193,19203,10
13.0267295837,80.2658233643,19203,19213,10
13.0267400742,80.2658615112,19213,19223,10
13.0267601013,80.2658233643,19223,19233,10
13.0267095566,80.265838623,19233,19243,10
13.0266895294,80.26587677,19243,19254,11
13.0266895294,80.2658081055,19254,19264,10
13.0267000198,80.265838623,19264,19274,10
13.026720047,80.2658309937,19274,19284,10
13.0267496109,80.26587677,19284,19294,10
13.0267496109,80.2658691406,19294,19304,10
13.0267896652,80.2658462524,19304,19314,10
13.0268096924,80.2658233643,19314,19324,10
13.0268201828,80.26587677,19324,19334,10
13.0268297195,80.2657623291,19334,19344,10
13.0268096924,80.2657318115,19344,19355,11
13.0267801285,80.265838623,19355,19365,10
13.0267400742,80.2658462524,19365,19375,10
13.0267601013,80.2658081055,19375,19385,10
13.0267601013,80.2657012939,19385,19395,10
13.0267801285,80.2655792236,19395,19405,10
13.0267696381,80.2655410767,19405,19415,10
13.0268497467,80.2657012939,19415,19425,10
13.02684021,80.2657089233,19425,19577,152
13.02684021,80.2657089233,19577,19587,10
13.0267696381,80.2657165527,19587,19667,80
13.0267696381,80.2657165527,19667,19678,11
13.0268602371,80.2657394409,19678,19688,10
13.0268602371,80.2656707764,19688,19708,20
13.0268602371,80.2656707764,19708,19718,10
13.026720047,80.2657928467,19718,19728,10
13.0267896652,80.2657012939,19728,19738,10
13.0268201828,80.2655563354,19738,19748,10
13.0268001556,80.2656478882,19748,19759,11
13.0266895294,80.2658233643,19759,19770,11
13.0265598297,80.2657775879,19770,19780,10
13.0263500214,80.2657165527,19780,20073,293
13.0263500214,80.2657165527,20073,20083,10
13.0267496109,80.2657318115,20083,20093,10
13.0265903473,80.2658081055,20093,20103,10
13.0265798569,80.2657623291,20103,20114,11
13.0266895294,80.2656936646,20114,20124,10
13.0269498825,80.265838623,20124,20134,10
13.0268602371,80.265838623,20134,20144,10
13.0267801285,80.2658691406,20144,20154,10
13.0266799927,80.2658081055,20154,20164,10
13.0270996094,80.2658004761,20164,20285,121
13.0270996094,80.2658004761,20285,20295,10
13.0270700455,80.2661514282,20295,20305,10
13.0268201828,80.2659072876,20305,20315,10
13.0266799927,80.2658004761,20315,20325,10
13.0267095566,80.2657165527,20325,20336,11
13.0266799927,80.2657318115,20336,20346,10
13.0266895294,80.2657928467,20346,20356,10
13.0267095566,80.2657394409,20356,20366,10
13.026720047,80.2656326294,20366,20376,10
13.0268201828,80.2653579712,20376,20406,30
13.0268201828,80.2653579712,20406,20416,10
13.0267400742,80.2657775879,20416,20426,10
13.0266799927,80.2658996582,20426,20436,10
13.026720047,80.2657318115,20436,20447,11
13.0267496109,80.2656784058,20447,20457,10
13.0265703201,80.2659072876,20457,20467,10
13.0267601013,80.2657012939,20467,20477,10
13.0267000198,80.2657470703,20477,20517,40
13.0267000198,80.2657470703,20517,20527,10
13.0272397995,80.2659683228,20527,20537,10
13.0268497467,80.2659072876,20537,20548,11
13.0266599655,80.2658462524,20548,20558,10
13.0266103745,80.2657165527,20558,20568,10
13.0267400742,80.2656936646,20568,20578,10
13.0279397964,80.2659606934,20578,20810,232
13.0279397964,80.2659606934,20810,20820,10
13.0269203186,80.2657165527,20820,20830,10
13.0267000198,80.2657318115,20830,22516,1686
13.0267000198,80.2657318115,22516,22526,10
13.0166196823,80.2599105835,22526,22536,10
13.0159196854,80.259803772,22536,22546,10
13.015879631,80.2596664429,22546,22556,10
13.0152597427,80.2594528198,22556,22566,10
13.0144996643,80.2593231201,22566,22576,10
13.0134601593,80.2592391968,22576,22586,10
13.0122299194,80.2592086792,22586,22596,10
13.011179924,80.2591629028,22596,22607,11
13.0099897385,80.2590789795,22607,22617,10
13.0086803436,80.2590866089,22617,22627,10
13.0076303482,80.2588729858,22627,22637,10
13.0068302155,80.2580184937,22637,22647,10
13.0065202713,80.256942749,22647,22657,10
13.0065402985,80.2556991577,22657,22667,10
13.0065402985,80.2545471191,22667,22677,10
13.0065402985,80.2536468506,22677,22687,10
13.0066003799,80.2528381348,22687,22697,10
13.0066699982,80.2520980835,22697,22718,21
13.0066699982,80.2520980835,22718,22728,10
13.0066995621,80.2518234253,22728,22738,10
13.0067996979,80.251159668,22738,22748,10
13.0068597794,80.25025177,22748,22758,10
13.0068397522,80.2496414185,22758,22768,10
13.0068302155,80.2493972778,22768,22778,10
13.0067501068,80.2486572266,22778,22788,10
13.0067195892,80.2479400635,22788,22818,30
13.0067195892,80.2479400635,22818,22829,11
13.0067195892,80.2477264404,22829,22839,10
13.0066795349,80.2472763062,22839,22849,10
13.0066099167,80.2466812134,22849,22859,10
13.006649971,80.2460174561,22859,22869,10
13.0066404343,80.245010376,22869,22879,10
13.0066404343,80.2439727783,22879,22889,10
13.0066404343,80.2431335449,22889,22899,10
13.0066204071,80.2421035767,22899,22909,10
13.0066604614,80.2410583496,22909,22919,10
13.0067396164,80.2404403687,22919,22929,10
13.0068302155,80.2398300171,22929,22940,11
13.0069599152,80.2390213013,22940,22950,10
13.0071201324,80.2380828857,22950,22960,10
13.0073404312,80.237159729,22960,22970,10
13.0074100494,80.236869812,22970,22980,10
13.0074796677,80.2366790771,22980,22990,10
13.0076303482,80.2361526489,22990,23000,10
13.0078001022,80.2352981567,23000,23010,10
13.0080003738,80.2342834473,23010,23020,10
13.0082302094,80.2331008911,23020,23030,10
13.008480072,80.2318496704,23030,23041,11
13.0087099075,80.2305297852,23041,23051,10
13.0089597702,80.2292785645,23051,23061,10
13.0092601776,80.2280197144,23061,23071,10
13.0097303391,80.2269821167,23071,23081,10
13.010219574,80.225982666,23081,23091,10
13.0106801987,80.2249526978,23091,23101,10
13.0112104416,80.2238235474,23101,23111,10
13.0115003586,80.22290802,23111,23121,10
13.0119104385,80.2218780518,23121,23131,10
13.0122299194,80.2214813232,23131,23141,10
13.0124397278,80.2217025757,23141,23158,17
13.0132303238,80.2227172852,23158,23170,12
13.0139799118,80.2235412598,23170,23180,10
13.0144901276,80.2241516113,23180,23190,10
13.0151901245,80.2247695923,23190,23200,10
13.0154800415,80.2249603271,23200,23210,10
13.0155601501,80.2249908447,23210,23220,10
13.0158996582,80.2253036499,23220,23230,10
13.016699791,80.2252807617,23230,23240,10
13.0176095963,80.224899292,23240,23250,10
13.0186004639,80.2244873047,23250,23260,10
13.0196399689,80.2244873047,23260,23271,11
13.0206604004,80.2252120972,23271,23281,10
13.0214700699,80.2258224487,23281,23299,18
13.0220298767,80.2262420654,23299,23311,12
13.0221300125,80.226348877,23311,23321,10
13.0223999023,80.226600647,23321,23331,10
13.0228796005,80.2270126343,23331,23341,10
13.0236196518,80.2276763916,23341,23351,10
13.0243501663,80.2285079956,23351,23361,10
13.0249204636,80.229309082,23361,23371,10
13.0255002975,80.2300796509,23371,23381,10
13.0259199142,80.2309188843,23381,23392,11
13.0261001587,80.2313766479,23392,23402,10
13.0267095566,80.2312011719,23402,23411,9
13.0274200439,80.2310333252,23411,23422,11
13.0284204483,80.2308883667,23422,23432,10
13.0284996033,80.2308883667,23432,23442,10
13.0288896561,80.2308731079,23442,23452,10
13.029419899,80.230796814,23452,23462,10
13.0298204422,80.2307662964,23462,23472,10
13.0307197571,80.2306900024,23472,23483,11
13.0315103531,80.2306289673,23483,23492,9
13.0323200226,80.2305526733,23492,23503,11
13.0333003998,80.23046875,23503,23513,10
13.0338897705,80.230430603,23513,23533,20
13.0338897705,80.230430603,23533,23543,10
13.0339698792,80.2304763794,23543,23553,10
13.0342102051,80.2304382324,23553,23563,10
13.0344104767,80.2303771973,23563,23573,10
13.034529686,80.2303390503,23573,23584,11
13.0347700119,80.2301864624,23584,23594,10
13.0349197388,80.2300415039,23594,23604,10
13.0347995758,80.2299804688,23604,23614,10
13.0344400406,80.2300491333,23614,24563,949
13.0344400406,80.2300491333,24563,24573,10
13.0341796875,80.2304077148,24573,24583,10
13.0339403152,80.2304382324,24583,24593,10
13.0337095261,80.23046875,24593,24603,10
13.0336198807,80.2304763794,24603,24613,10
13.0334396362,80.23046875,24613,24623,10
13.0331802368,80.2304763794,24623,24633,10
13.032910347,80.2304763794,24633,24643,10
13.0325803757,80.2305221558,24643,24653,10
13.0321598053,80.2305908203,24653,24664,11
13.031539917,80.2306518555,24664,24673,9
13.0309000015,80.23072052,24673,24684,11
13.0301599503,80.230796814,24684,24694,10
13.0298204422,80.2308120728,24694,24704,10
13.0296201706,80.2308425903,24704,24714,10
13.0289897919,80.2309265137,24714,24724,10
13.0284004211,80.2309799194,24724,24734,10
13.0278100967,80.2310180664,24734,24744,10
13.0276899338,80.2312927246,24744,24754,10
13.027759552,80.2319335938,24754,24764,10
13.0278301239,80.2325897217,24764,24775,11
13.0275802612,80.2328567505,24775,24785,10
13.0269603729,80.232963562,24785,24795,10
13.0266399384,80.2329864502,24795,24805,10
13.0263595581,80.2324981689,24805,24815,10
13.0261497498,80.2316970825,24815,24825,10
13.0258598328,80.23072052,24825,24835,10
13.025179863,80.2296676636,24835,24845,10
13.0248203278,80.2292098999,24845,24855,10
13.0246295929,80.2289810181,24855,24865,10
13.024140358,80.2284088135,24865,24886,21
13.024140358,80.2284088135,24886,24896,10
13.0239400864,80.2282104492,24896,24906,10
13.0235700607,80.2277908325,24906,24916,10
13.023059845,80.2272567749,24916,24926,10
13.0222396851,80.2265319824,24926,24936,10
13.0215997696,80.2259979248,24936,24946,10
13.0206403732,80.2252426147,24946,24956,10
13.0200796127,80.2248382568,24956,24976,20
13.0200796127,80.2248382568,24976,24987,11
13.0197000504,80.2245635986,24987,24997,10
13.0189199448,80.2244415283,24997,25007,10
13.0180702209,80.2247924805,25007,25017,10
13.017080307,80.2252120972,25017,25027,10
13.016289711,80.2255401611,25027,25037,10
13.0153999329,80.2258987427,25037,25047,10
13.014550209,80.2262191772,25047,25057,10
13.01445961,80.2262420654,25057,25067,10
13.0144195557,80.2262573242,25067,25077,10
13.0140304565,80.2264022827,25077,25086,9
13.0134897232,80.2266082764,25086,25098,12
13.0126104355,80.2269363403,25098,25108,10
13.0117902756,80.2272720337,25108,25118,10
13.0109300613,80.2276229858,25118,25128,10
13.0100002289,80.2279815674,25128,25138,10
13.0092000961,80.2285385132,25138,25148,10
13.0089597702,80.2296600342,25148,25158,10
13.0086898804,80.231010437,25158,25168,10
13.0084199905,80.2323989868,25168,25178,10
13.0082798004,80.2333374023,25178,25188,10
13.0082302094,80.2336425781,25188,25198,10
13.0081195831,80.2340621948,25198,25209,11
13.0079298019,80.2349624634,25209,25219,10
13.0077104568,80.2360687256,25219,25229,10
13.0074596405,80.2373580933,25229,25239,10
13.007229805,80.2386016846,25239,25249,10
13.0070199966,80.2397079468,25249,25258,9
13.0068798065,80.2404785156,25258,25269,11
13.0068597794,80.2407836914,25269,25279,10
13.006770134,80.2412109375,25279,25289,10
13.0067501068,80.2420272827,25289,25299,10
13.0067195892,80.2429962158,25299,25310,11
13.0066795349,80.2440567017,25310,25319,9
13.0066404343,80.2451934814,25319,25330,11
13.0067300797,80.2469177246,25330,25350,20
13.0067300797,80.2469177246,25350,25360,10
13.0067396164,80.2470703125,25360,25370,10
13.0067195892,80.2475814819,25370,25380,10
13.0067396164,80.2484588623,25380,25390,10
13.0068597794,80.249382019,25390,25400,10
13.0068702698,80.249671936,25400,25410,10
13.0068702698,80.2498474121,25410,25421,11
13.0068702698,80.250579834,25421,25431,10
13.006819725,80.2515411377,25431,25441,10
13.0066099167,80.252571106,25441,25451,10
13.0065803528,80.2537536621,25451,25461,10
13.0066204071,80.2549819946,25461,25471,10
13.0066299438,80.2559509277,25471,25481,10
13.0066404343,80.2567520142,25481,25491,10
13.0067396164,80.2572937012,25491,25542,51
13.0067396164,80.2572937012,25542,25552,10
13.0067195892,80.2574462891,25552,25562,10
13.0069599152,80.2580871582,25562,25572,10
13.0075798035,80.2586288452,25572,25582,10
13.0076704025,80.2586669922,25582,25592,10
13.0079603195,80.2587738037,25592,25602,10
13.0086898804,80.2590026855,25602,25612,10
13.0097198486,80.2590713501,25612,25622,10
13.0110998154,80.2590789795,25622,25633,11
13.0128202438,80.2591094971,25633,25643,10
13.0144195557,80.2591781616,25643,25653,10
13.016500473,80.2597122192,25653,25673,20
13.016500473,80.2597122192,25673,25683,10
13.0165596008,80.2597579956,25683,25693,10
13.0170097351,80.2601165771,25693,25703,10
13.0178003311,80.2606506348,25703,25713,10
13.0187301636,80.2613220215,25713,25723,10
13.0195302963,80.2619934082,25723,25733,10
13.0201997757,80.262588501,25733,25744,11
13.0209102631,80.2628707886,25744,25754,10
13.0216798782,80.2631530762,25754,25764,10
13.0221004486,80.2633666992,25764,25774,10
13.0225696564,80.2636413574,25774,25784,10
13.0229797363,80.2638473511,25784,25794,10
13.0231895447,80.2640075684,25794,25804,10
13.0238304138,80.2643737793,25804,25814,10
13.0246295929,80.2648773193,25814,25824,10
13.0252399445,80.265296936,25824,25834,10
13.0259304047,80.2657165527,25834,25844,10
13.0263004303,80.2658462524,25844,25855,11
13.0263996124,80.2653427124,25855,25865,10
13.0265197754,80.2644729614,25865,25875,10
13.0265798569,80.2639694214,25875,25885,10
13.026599884,80.2637710571,25885,25895,10
13.0266799927,80.2633972168,25895,25905,10
13.027130127,80.2634963989,25905,25915,10
13.027759552,80.2636413574,25915,25925,10
13.028550148,80.2638626099,25925,25935,10
13.0290803909,80.2640228271,25935,25945,10
13.0293598175,80.264213562,25945,25955,10
13.0293903351,80.2647399902,25955,25966,11
13.0293302536,80.2656326294,25966,25976,10
13.0292196274,80.2662124634,25976,25986,10
13.0291996002,80.2663421631,25986,25996,10
13.0291996002,80.2663574219,25996,26006,10
13.029299736,80.2665176392,26006,26016,10
13.0296401978,80.2665634155,26016,26026,10
13.0300598145,80.2666702271,26026,26042,16
13.0312204361,80.2669067383,26042,26054,12
13.0320997238,80.2672805786,26054,26064,10
13.0325698853,80.267539978,26064,26075,11
13.033249855,80.2677993774,26075,26085,10
13.0334196091,80.2678375244,26085,26095,10
13.0335903168,80.2678909302,26095,26105,10
13.0339202881,80.2679367065,26105,26114,9
13.0342998505,80.2679901123,26114,26125,11
13.0345001221,80.2679824829,26125,26135,10
13.0345602036,80.268081665,26135,26155,20
13.0345602036,80.268081665,26155,26165,10
13.0342798233,80.2680435181,26165,26176,11
13.0339603424,80.2679977417,26176,26186,10
13.0334300995,80.267906189,26186,26731,545
13.0334300995,80.267906189,26731,26741,10
13.0332403183,80.267829895,26741,27235,494
13.0333003998,80.267906189,27235,27286,51
13.0333003998,80.267906189,27286,27296,10
13.0332603455,80.267829895,27296,27306,10
13.032959938,80.2678222656,27306,27316,10
13.0326004028,80.267578125,27316,27326,10
13.0321998596,80.2673492432,27326,27336,10
13.0314998627,80.2668380737,27336,27346,10
13.0307197571,80.2666778564,27346,27356,10
13.0300703049,80.2666702271,27356,27366,10
13.0298204422,80.2666320801,27366,27377,11
13.029709816,80.2666473389,27377,27387,10
13.0294504166,80.2666015625,27387,27397,10
13.0292396545,80.2665405273,27397,27407,10
13.0288696289,80.266456604,27407,27423,16
13.0279502869,80.2662277222,27423,27435,12
13.0271196365,80.2660903931,27435,27444,9
13.0267400742,80.2660598755,27444,27456,12
13.0261602402,80.2659072876,27456,27466,10
13.025560379,80.2655181885,27466,27476,10
13.0253000259,80.2654037476,27476,27487,11
13.0252103806,80.2653274536,27487,27497,10
13.0248203278,80.2649993896,27497,27506,9
13.0242595673,80.2645492554,27506,27516,10
13.0235700607,80.2641525269,27516,27527,11
13.0226802826,80.263671875,27527,27537,10
13.0221004486,80.263343811,27537,27547,10
13.0220899582,80.2633285522,27547,27557,10
13.0219297409,80.2633132935,27557,27567,10
13.0218095779,80.2632980347,27567,27577,10
13.021320343,80.2630767822,27577,27588,11
13.0204000473,80.2630081177,27588,27598,10
13.0198097229,80.2630081177,27598,27608,10
13.0191602707,80.2629394531,27608,27618,10
13.0189304352,80.262512207,27618,27628,10
13.0187997818,80.2616119385,27628,27638,10
13.018289566,80.2610702515,27638,27648,10
13.0177602768,80.2607574463,27648,27658,10
13.0171003342,80.260307312,27658,27668,10
13.0164604187,80.2598876953,27668,27678,10
13.0160799026,80.2596893311,27678,27688,10
13.0160303116,80.2596282959,27688,27699,11
13.0154895782,80.259437561,27699,27709,10
13.0145797729,80.2593002319,27709,27719,10
13.0134496689,80.2592468262,27719,27729,10
13.0121097565,80.2592086792,27729,27739,10
13.0110902786,80.2592010498,27739,27749,10
13.0104503632,80.2592468262,27749,27759,10
13.0097303391,80.2592086792,27759,27769,10
13.0095901489,80.2590484619,27769,27779,10
13.0093698502,80.2591934204,27779,27789,10
13.0088195801,80.2590713501,27789,27799,10
13.0085697174,80.2591781616,27799,27810,11
13.007900238,80.2592926025,27810,27820,10
13.0075502396,80.2593002319,27820,27830,10
13.0073099136,80.2589416504,27830,27840,10
13.0072603226,80.2588424683,27840,27850,10
13.0070199966,80.2583312988,27850,27860,10
13.0066900253,80.2578811646,27860,27870,10
13.0064601898,80.2571563721,27870,27880,10
13.0064496994,80.2565536499,27880,27890,10
13.0065002441,80.2559967041,27890,27900,10
13.0065202713,80.2553405762,27900,27910,10
13.0065803528,80.2546081543,27910,27921,11
13.0065803528,80.25390625,27921,27931,10
13.0065603256,80.2532577515,27931,27941,10
13.0065603256,80.2532272339,27941,27951,10
13.0065402985,80.2529296875,27951,27961,10
13.0065498352,80.2525482178,27961,27971,10
13.0066099167,80.2523269653,27971,27981,10
13.0067195892,80.2517700195,27981,27991,10
13.0068101883,80.2510528564,27991,28001,10
13.0068302155,80.2501831055,28001,28011,10
13.0067901611,80.249168396,28011,28022,11
13.0066795349,80.2481613159,28022,28092,70
13.0066795349,80.2481613159,28092,28102,10
13.0066795349,80.2479782104,28102,28112,10
13.0066995621,80.2477798462,28112,28122,10
13.0066204071,80.246711731,28122,28143,21
13.0066204071,80.246711731,28143,28153,10
13.0066099167,80.2464294434,28153,28163,10
13.0066604614,80.2458190918,28163,28173,10
13.0066604614,80.2448425293,28173,28183,10
13.0066604614,80.2439880371,28183,28193,10
13.0066404343,80.2432403564,28193,28203,10
13.0066299438,80.2425231934,28203,28213,10
13.0065898895,80.2417068481,28213,28223,10
13.0066003799,80.2416534424,28223,28233,10
13.0066204071,80.2414016724,28233,28244,11
13.0066795349,80.2406311035,28244,28254,10
13.0068101883,80.239730835,28254,28264,10
13.007060051,80.2386169434,28264,28274,10
13.0074300766,80.2370223999,28274,28294,20
13.0074300766,80.2370223999,28294,28304,10
13.0074396133,80.2369537354,28304,28314,10
13.0075397491,80.2365493774,28314,28324,10
13.0077400208,80.2356796265,28324,28334,10
13.0079603195,80.2345428467,28334,28344,10
13.0082302094,80.2331390381,28344,28355,11
13.0085802078,80.2312927246,28355,28365,10
13.0088596344,80.2297363281,28365,28375,10
13.0091600418,80.2282409668,28375,28385,10
13.0096797943,80.2269363403,28385,28395,10
13.010219574,80.2257537842,28395,28405,10
13.0108299255,80.2241363525,28405,28445,40
13.0108299255,80.2241363525,28445,28455,10
13.0120801926,80.2219390869,28455,28466,11
13.0124101639,80.2213973999,28466,28475,9
13.0126495361,80.2219161987,28475,28486,11
13.0131797791,80.2225799561,28486,28496,10
13.0138702393,80.2233428955,28496,28506,10
13.0144395828,80.2239608765,28506,28516,10
13.0150604248,80.2245864868,28516,28526,10
13.0154895782,80.224937439,28526,28536,10
13.0155096054,80.2249526978,28536,28546,10
13.0157403946,80.2251815796,28546,28556,10
13.0163602829,80.2253570557,28556,28567,11
13.0172901154,80.2250671387,28567,28577,10
13.018239975,80.2246780396,28577,28587,10
13.0191602707,80.2244110107,28587,28595,8
13.0198602676,80.2246398926,28595,28607,12
13.020819664,80.2252807617,28607,28617,10
13.0218000412,80.2259979248,28617,28637,20
13.0218000412,80.2259979248,28637,28647,10
13.0218496323,80.2261276245,28647,28657,10
13.0223703384,80.2265472412,28657,28667,10
13.0231895447,80.2272491455,28667,28678,11
13.0239896774,80.2279891968,28678,28688,10
13.0242595673,80.2282714844,28688,28698,10
13.0244197845,80.2285232544,28698,28708,10
13.0248498917,80.2291870117,28708,28718,10
13.0255002975,80.2300796509,28718,28728,10
13.0259599686,80.2309417725,28728,28738,10
13.0260696411,80.231338501,28738,28748,10
13.0264501572,80.231300354,28748,28764,16
13.0278701782,80.2310180664,28764,28776,12
13.0285396576,80.2308883667,28776,28787,11
13.0286502838,80.2308807373,28787,28797,10
13.0293998718,80.2308273315,28797,28827,30
13.0293998718,80.2308273315,28827,28837,10
13.0295696259,80.2308425903,28837,28847,10
13.0301904678,80.2307891846,28847,28857,10
13.0307703018,80.23072052,28857,28867,10
13.0313100815,80.2306594849,28867,28877,10
13.032119751,80.2306213379,28877,28888,11
13.0329399109,80.2305603027,28888,28898,10
13.0337600708,80.2304763794,28898,28908,10
13.034819603,80.2303009033,28908,28938,30
13.034819603,80.2303009033,28938,28948,10
13.0349998474,80.2301483154,28948,29160,212
13.0349998474,80.2301483154,29160,29170,10
13.0345001221,80.2299880981,29170,29653,483
13.0344495773,80.2300491333,29653,29733,80
13.0343704224,80.2300567627,29733,30399,666
13.0343704224,80.2300567627,30399,30409,10
13.0342998505,80.2299575806,30409,30450,41
13.0342998505,80.2299575806,30450,30460,10
13.0341596603,80.2303390503,30460,30490,30
13.0341596603,80.2303390503,30490,30500,10
13.0338201523,80.2306365967,30500,30510,10
13.0334997177,80.2308425903,30510,30997,487
13.0334997177,80.2308425903,30997,31007,10
13.019370079,80.2245101929,31007,31017,10
13.0185098648,80.2245635986,31017,31027,10
13.0174999237,80.2248535156,31027,31903,876
13.0174999237,80.2248535156,31903,31913,10
13.0067100525,80.2578125,31913,31923,10
13.0068397522,80.2583618164,31923,32701,778
13.0341997147,80.2677612305,32701,33316,615
13.0341997147,80.2677612305,33316,33326,10
13.0333995819,80.2678375244,33326,33427,101
13.0333995819,80.2678375244,33427,33437,10
13.0330696106,80.2677001953,33437,33447,10
13.0327997208,80.2675323486,33447,33457,10
13.0325603485,80.2674331665,33457,33467,10
13.0320100784,80.2670974731,33467,33477,10
13.0314302444,80.2671127319,33477,33488,11
13.03083992,80.2672195435,33488,33538,50
13.0288600922,80.2668991089,33538,33982,444
13.0288600922,80.2668991089,33982,33992,10
13.0088100433,80.2590866089,33992,34184,192
13.0088100433,80.2590866089,34184,34194,10
13.0067300797,80.2499237061,34194,34204,10
13.0068902969,80.2495803833,34204,34214,10
13.0068702698,80.2491607666,34214,34224,10
13.0068798065,80.2488098145,34224,34235,11
13.0065698624,80.2478866577,34235,34245,10
13.0066204071,80.2482299805,34245,34295,50
13.0066204071,80.2482299805,34295,34305,10
13.0066699982,80.2466430664,34305,34315,10
13.0064296722,80.2457122803,34315,34336,21
13.0064296722,80.2457122803,34336,34345,9
13.0066299438,80.2458496094,34345,34355,10
13.0065898895,80.2450027466,34355,34366,11
13.0066795349,80.2434616089,34366,34426,60
13.0066795349,80.2434616089,34426,34436,10
13.0065002441,80.2411727905,34436,34446,10
13.0067796707,80.2406082153,34446,34477,31
13.0064296722,80.240852356,34477,34598,121
13.0064296722,80.240852356,34598,34608,10
13.0073699951,80.2369003296,34608,34618,10
13.0073795319,80.2368392944,34618,34628,10
13.0075798035,80.2362976074,34628,34638,10
13.007809639,80.2354125977,34638,34770,132
13.007809639,80.2354125977,34770,34779,9
13.0108203888,80.2244796753,34779,34789,10
13.0116100311,80.2233276367,34789,34800,11
13.0118999481,80.221862793,34800,34870,70
13.0118999481,80.221862793,34870,34880,10
13.015540123,80.224822998,34880,34890,10
13.0156297684,80.2249526978,34890,34899,9
13.0156803131,80.2250137329,34899,34911,12
13.0161304474,80.225440979,34911,34921,10
13.0167798996,80.2252807617,34921,34931,10
13.0175800323,80.224937439,34931,34941,10
13.0183095932,80.2246627808,34941,34951,10
13.0187902451,80.2252807617,34951,34961,10
13.0187797546,80.224609375,34961,34971,10
13.0193500519,80.2243423462,34971,34991,20
13.0193500519,80.2243423462,34991,35001,10
13.0195102692,80.2244186401,35001,35011,10
13.0196695328,80.2245025635,35011,35022,11
13.0200195313,80.2247695923,35022,35032,10
13.0204601288,80.2250595093,35032,35042,10
13.0206699371,80.2251968384,35042,35052,10
13.0206804276,80.2252120972,35052,35062,10
13.0208597183,80.2253417969,35062,35083,21
13.0208597183,80.2253417969,35083,35122,39
13.0215301514,80.2258529663,35122,35133,11
13.0215597153,80.2258605957,35133,35143,10
13.0216398239,80.2258987427,35143,35153,10
13.0217504501,80.225982666,35153,35163,10
13.0218400955,80.22605896,35163,35183,20
13.0218400955,80.22605896,35183,35193,10
13.0219202042,80.2261123657,35193,35203,10
13.0219402313,80.2261199951,35203,35220,17
13.0222501755,80.2263793945,35220,35230,10
13.0223798752,80.2265090942,35230,35240,10
13.0225601196,80.2266616821,35240,35252,12
13.0228099823,80.2269134521,35252,35292,40
13.0228099823,80.2269134521,35292,35301,9
13.0230798721,80.2271575928,35301,35311,10
13.0232601166,80.2272796631,35311,35322,11
13.0235996246,80.2270431519,35322,35332,10
13.0236301422,80.2275619507,35332,35342,10
13.023730278,80.2276763916,35342,35353,11
13.023900032,80.2278518677,35353,35362,9
13.024020195,80.2279815674,35362,35373,11
13.024140358,80.2281112671,35373,35383,10
13.0243597031,80.2284088135,35383,35413,30
13.0243597031,80.2284088135,35413,35423,10
13.0244102478,80.2285308838,35423,35434,11
13.0245800018,80.2287216187,35434,35454,20
13.0245895386,80.2304763794,35454,35504,50
13.0245895386,80.2304763794,35504,35514,10
13.0255498886,80.2302093506,35514,35524,10
13.0257301331,80.2304000854,35524,35534,10
13.0258302689,80.2305679321,35534,35544,10
13.0259199142,80.2307510376,35544,35554,10
13.0260000229,80.2309570313,35554,35565,11
13.0260601044,80.231300354,35565,35575,10
13.0263395309,80.2313079834,35575,35585,10
13.0274000168,80.2309799194,35585,35595,10
13.0281496048,80.2309799194,35595,35605,10
13.0283098221,80.2308807373,35605,35615,10
13.028459549,80.2308807373,35615,35625,10
13.0288496017,80.2307815552,35625,35635,10
13.029129982,80.2307434082,35635,35645,10
13.0293598175,80.2306976318,35645,35655,10
13.0298700333,80.2306594849,35655,35665,10
13.0306396484,80.2305908203,35665,35676,11
13.0307798386,80.2306213379,35676,35686,10
13.0313396454,80.2305603027,35686,35696,10
13.0320796967,80.2304992676,35696,35706,10
13.0328598022,80.2304611206,35706,35716,10
13.0337600708,80.2304077148,35716,35726,10
13.0342302322,80.2303771973,35726,35736,10
13.034620285,80.2303085327,35736,35766,30
13.034620285,80.2303085327,35766,35776,10
13.0348300934,80.2303466797,35776,35787,11
13.0349903107,80.23021698,35787,35797,10
13.0351200104,80.2299194336,35797,35817,20
13.0351200104,80.2299194336,35817,35827,10
13.034620285,80.2297592163,35827,35837,10
13.0343103409,80.2300491333,35837,35958,121
13.0343103409,80.2300491333,35958,35968,10
13.0342702866,80.2302093506,35968,35979,11
13.0342502594,80.2304000854,35979,35988,9
13.0342502594,80.2302627563,35988,35999,11
13.0339603424,80.2303237915,35999,36039,40
13.0339603424,80.2303237915,36039,36049,10
13.0342302322,80.2304382324,36049,36059,10
13.0340003967,80.230178833,36059,36069,10
13.0341997147,80.2305831909,36069,36079,10
13.0344600677,80.2305603027,36079,36090,11
13.0345401764,80.2309265137,36090,36099,9
13.0337600708,80.2306518555,36099,36110,11
13.0331602097,80.2306518555,36110,36150,40
13.0331602097,80.2306518555,36150,36160,10
13.0304298401,80.230682373,36160,36170,10
13.0297603607,80.2307510376,36170,36200,30
13.0297603607,80.2307510376,36200,36210,10
13.0290498734,80.2310180664,36210,36221,11
13.0281095505,80.231010437,36221,36231,10
13.027680397,80.2311019897,36231,36241,10
13.0277099609,80.2313995361,36241,36251,10
13.0277099609,80.2317123413,36251,36261,10
13.0277204514,80.231880188,36261,36271,10
13.0276203156,80.2324523926,36271,36281,10
13.0276899338,80.2326812744,36281,36291,10
13.0277299881,80.2328109741,36291,36301,10
13.0275497437,80.2328186035,36301,36321,20
13.0275497437,80.2328186035,36321,36332,11
13.0275802612,80.2327575684,36332,36342,10
13.0279397964,80.2328491211,36342,36524,182
13.0279397964,80.2328491211,36524,36533,9
13.0237903595,80.2280502319,36533,36543,10
13.0233697891,80.2274475098,36543,36554,11
13.0227203369,80.2265396118,36554,36564,10
13.0221500397,80.2256698608,36564,36574,10
13.0211896896,80.2254562378,36574,36593,19
13.0203104019,80.2249832153,36593,36605,12
13.0194797516,80.2245025635,36605,36615,10
13.0187397003,80.2244796753,36615,36625,10
13.0169401169,80.2252883911,36625,36666,41
13.0169401169,80.2252883911,36666,36676,10
13.0152797699,80.2258224487,36676,36686,10
13.014840126,80.2259597778,36686,36696,10
13.0144796371,80.2259216309,36696,36706,10
13.0141201019,80.2259902954,36706,36716,10
13.014169693,80.2261962891,36716,36726,10
13.0137195587,80.2262573242,36726,36807,81
13.0137195587,80.2262573242,36807,36817,10
13.0083198547,80.2328720093,36817,36827,10
13.0082502365,80.2335968018,36827,36837,10
13.0082397461,80.2336425781,36837,36847,10
13.008099556,80.2341384888,36847,36857,10
13.0079698563,80.2348175049,36857,36874,17
13.0078496933,80.2353134155,36874,36886,12
13.007610321,80.2364196777,36886,36896,10
13.0073404312,80.2377166748,36896,36904,8
13.0071897507,80.2385864258,36904,36916,12
13.0070400238,80.239440918,36916,36926,10
13.0069999695,80.2397766113,36926,36936,10
13.0069198608,80.2403488159,36936,36946,10
13.0068397522,80.2406921387,36946,36956,10
13.0067901611,80.2408828735,36956,36966,10
13.0066995621,80.2416687012,36966,36976,10
13.0066795349,80.242729187,36976,36988,12
13.0066995621,80.243522644,36988,36998,10
13.0066795349,80.2440185547,36998,37008,10
13.0066604614,80.2446365356,37008,37018,10
13.0066699982,80.2451477051,37018,37028,10
13.0066995621,80.2457427979,37028,37037,9
13.0067300797,80.2462310791,37037,37048,11
13.0067396164,80.2464370728,37048,37058,10
13.0067396164,80.2464981079,37058,37068,10
13.0067396164,80.2468032837,37068,37078,10
13.0067195892,80.2474899292,37078,37088,10
13.0067195892,80.2484130859,37088,37099,11
13.0068397522,80.2493667603,37099,37109,10
13.0068902969,80.2497406006,37109,37119,10
13.0069303513,80.2496795654,37119,37129,10
13.0068998337,80.249961853,37129,37139,10
13.0068302155,80.250831604,37139,37169,30
13.0068302155,80.250831604,37169,37179,10
13.0068397522,80.2511825562,37179,37189,10
13.0067501068,80.251663208,37189,37199,10
13.0066003799,80.2524108887,37199,37210,11
13.0066299438,80.2535171509,37210,37220,10
13.0066003799,80.2547607422,37220,37230,10
13.0066099167,80.2550811768,37230,37240,10
13.0066204071,80.2558288574,37240,37250,10
13.0066204071,80.2567367554,37250,37260,10
13.0066699982,80.2571792603,37260,37339,79
13.0066699982,80.2571792603,37339,37349,10
13.0067501068,80.2576217651,37349,37359,10
13.0070800781,80.2581481934,37359,37369,10
13.0076904297,80.2586135864,37369,37379,10
13.0076599121,80.258682251,37379,37389,10
13.0079097748,80.2587966919,37389,37398,9
13.0085601807,80.2590179443,37398,37409,11
13.0093097687,80.2590789795,37409,37420,11
13.0104398727,80.2590866089,37420,37430,10
13.0116701126,80.2591018677,37430,37440,10
13.013130188,80.2591171265,37440,37450,10
13.0145998001,80.2591781616,37450,37460,10
13.0164604187,80.2596664429,37460,37480,20
13.0164604187,80.2596664429,37480,37490,10
13.01679039,80.2599411011,37490,37500,10
13.017490387,80.2604370117,37500,37510,10
13.0181999207,80.2609176636,37510,37520,10
13.0188798904,80.2614364624,37520,37531,11
13.0195198059,80.262008667,37531,37541,10
13.0200901031,80.2625579834,37541,37551,10
13.0202302933,80.2626266479,37551,37561,10
13.020409584,80.2627182007,37561,37571,10
13.0210695267,80.2629318237,37571,37581,10
13.0216999054,80.2631530762,37581,37591,10
13.0221204758,80.2633666992,37591,37601,10
13.0224399567,80.2635421753,37601,37611,10
13.0230197906,80.2638397217,37611,37621,10
13.023059845,80.2639083862,37621,37631,10
13.0234603882,80.2641372681,37631,37642,11
13.0242395401,80.2646026611,37642,37652,10
13.0248603821,80.2650375366,37652,37662,10
13.0251197815,80.2652435303,37662,37672,10
13.025560379,80.2655181885,37672,37682,10
13.0261697769,80.2658691406,37682,37692,10
13.0263299942,80.2655792236,37692,37702,10
13.0263996124,80.2649383545,37702,37712,10
13.0265102386,80.2643127441,37712,37722,10
13.026550293,80.2640380859,37722,37732,10
13.0265703201,80.2639770508,37732,37742,10
13.026599884,80.2638015747,37742,37753,11
13.0266504288,80.2634124756,37753,37764,11
13.0269804001,80.2633895874,37764,37775,11
13.0277900696,80.2634277344,37775,37784,9
13.0286397934,80.2631988525,37784,37795,11
13.0289897919,80.2639007568,37795,37805,10
13.0292797089,80.2640075684,37805,37815,10
13.0293397903,80.2641983032,37815,37824,9
13.029299736,80.2645568848,37824,37834,10
13.0293397903,80.2648391724,37834,37845,11
13.0292797089,80.265663147,37845,37855,10
13.0292701721,80.2658004761,37855,37866,11
13.0292100906,80.2662887573,37866,37876,10
13.0291996002,80.2663803101,37876,37886,10
13.0294504166,80.2665710449,37886,37896,10
13.0297203064,80.2666168213,37896,37906,10
13.0300397873,80.2666168213,37906,37916,10
13.0309696198,80.2667236328,37916,37936,20
13.0309696198,80.2667236328,37936,37946,10
13.032699585,80.2676010132,37946,37956,10
13.033200264,80.2677307129,37956,37967,11
13.0336198807,80.2677612305,37967,37977,10
13.0336103439,80.2678070068,37977,37987,10
13.0337600708,80.267868042,37987,37997,10
13.0341396332,80.2679595947,37997,38007,10
13.0345201492,80.2679824829,38007,38017,10
13.0345697403,80.2679977417,38017,38027,10
13.0344896317,80.2682266235,38027,38057,30
13.0344896317,80.2682266235,38057,38067,10
13.0342197418,80.2680206299,38067,38078,11
13.0338897705,80.2679595947,38078,38088,10
13.033490181,80.2678604126,38088,38108,20
13.033490181,80.2678604126,38108,38118,10
13.0331802368,80.2677764893,38118,38128,10
13.0331602097,80.2677612305,38128,38148,20
13.0331602097,80.2677612305,38148,38158,10
13.0333299637,80.2677001953,38158,38169,11
13.0333204269,80.2676925659,38169,38320,151
13.0333204269,80.2676925659,38320,38330,10
13.0311403275,80.2686233521,38330,38340,10
13.0333995819,80.2678833008,38340,38552,212
13.0334396362,80.2677764893,38552,38693,141
13.0335302353,80.2676696777,38693,38744,51
13.0334796906,80.267791748,38744,39056,312
13.0334796906,80.267791748,39056,39067,11
13.0331802368,80.2676925659,39067,39077,10
13.032790184,80.267616272,39077,39087,10
13.0325298309,80.2674865723,39087,39097,10
13.0321598053,80.2673034668,39097,39107,10
13.0315799713,80.267036438,39107,39117,10
13.0308799744,80.2667770386,39117,39127,10
13.0303001404,80.2667312622,39127,39137,10
13.0300197601,80.2666931152,39137,39147,10
13.0294303894,80.2664413452,39147,39309,162
13.0294303894,80.2664413452,39309,39319,10
13.0249099731,80.2650909424,39319,39329,10
13.0247402191,80.2648620605,39329,39339,10
13.0236701965,80.2642364502,39339,39390,51
13.0236701965,80.2642364502,39390,39400,10
13.0212802887,80.2630691528,39400,39450,50
13.0212802887,80.2630691528,39450,39460,10
13.0186595917,80.2612609863,39460,39470,10
13.0181703568,80.2609710693,39470,39480,10
13.0177202225,80.2606201172,39480,39491,11
13.0171098709,80.260559082,39491,39521,30
13.0171098709,80.260559082,39521,39531,10
13.0160503387,80.2604293823,39531,39541,10
13.0154304504,80.2604675293,39541,39592,51
13.0154304504,80.2604675293,39592,39601,9
13.0098695755,80.2592163086,39601,39611,10
13.0096702576,80.2592086792,39611,39622,11
13.0092697144,80.2592315674,39622,39632,10
13.0087995529,80.2592315674,39632,39642,10
13.0085401535,80.2591781616,39642,39652,10
13.0082101822,80.2590866089,39652,39662,10
13.0073204041,80.2593002319,39662,39672,10
13.007109642,80.2585830688,39672,39682,10
13.0071401596,80.2586212158,39682,39692,10
13.0069599152,80.2583007813,39692,39702,10
13.0067596436,80.2579727173,39702,39712,10
13.0066099167,80.2577819824,39712,39722,10
13.0065698624,80.2576675415,39722,39733,11
13.0065402985,80.257232666,39733,39743,10
13.0065097809,80.2568283081,39743,39753,10
13.0065097809,80.2567901611,39753,39763,10
13.0064601898,80.2553482056,39763,39773,10
13.0066003799,80.2547531128,39773,39783,10
13.0065002441,80.2538299561,39783,39793,10
13.0064401627,80.2533874512,39793,39803,10
13.0064601898,80.2531585693,39803,39813,10
13.0064697266,80.253036499,39813,39823,10
13.0065002441,80.2528610229,39823,39834,11
13.0065002441,80.2524871826,39834,39844,10
13.0065603256,80.2521362305,39844,39864,20
13.0065603256,80.2521362305,39864,39874,10
13.0066099167,80.2522125244,39874,39884,10
13.0065402985,80.2521362305,39884,39894,10
13.0065803528,80.252166748,39894,39904,10
13.0064697266,80.2520523071,39904,39914,10
13.0063400269,80.2519226074,39914,39924,10
13.0065698624,80.2520980835,39924,39934,10
13.0066900253,80.251411438,39934,39945,11
13.0067796707,80.2503204346,39945,39955,10
13.0067396164,80.2496566772,39955,39964,9
13.0067596436,80.2495880127,39964,39975,11
13.0067100525,80.2489929199,39975,39985,10
13.006649971,80.2482070923,39985,39995,10
13.0066204071,80.2476501465,39995,40005,10
13.0066404343,80.2471466064,40005,40015,10
13.0066003799,80.2468185425,40015,40025,10
13.006529808,80.2465362549,40025,40035,10
13.006529808,80.2465286255,40035,40045,10
13.0064201355,80.2465286255,40045,40056,11
13.0065498352,80.2465209961,40056,40066,10
13.0066404343,80.2461471558,40066,40076,10
13.0066604614,80.2455062866,40076,40086,10
13.0066795349,80.2450714111,40086,40096,10
13.0066404343,80.244758606,40096,40106,10
13.0066604614,80.2444534302,40106,40116,10
13.0066299438,80.244178772,40116,40126,10
13.0066099167,80.2437591553,40126,40136,10
13.0065498352,80.2431488037,40136,40146,10
13.0065402985,80.2422180176,40146,40156,10
13.0065498352,80.2414627075,40156,40167,11
13.0066204071,80.2410430908,40167,40187,20
13.0066204071,80.2410430908,40187,40197,10
13.0066003799,80.2409210205,40197,40207,10
13.0066604614,80.2406692505,40207,40217,10
13.0067195892,80.2404403687,40217,40227,10
13.0068101883,80.240020752,40227,40237,10
13.0067996979,80.2394332886,40237,40247,10
13.0071201324,80.2385635376,40247,40257,10
13.0074300766,80.2377090454,40257,40267,10
13.0074195862,80.2367477417,40267,40278,11
13.0074300766,80.2366485596,40278,40288,10
13.0075397491,80.2362594604,40288,40298,10
13.0076704025,80.2356109619,40298,40308,10
13.0077400208,80.2353591919,40308,40318,10
13.0078201294,80.234916687,40318,40327,9
13.0078697205,80.2344207764,40327,40338,11
13.0081501007,80.2333526611,40338,40347,9
13.0083999634,80.2325134277,40347,40357,10
13.008600235,80.2314834595,40357,40367,10
13.0086698532,80.2308578491,40367,40379,12
13.0088701248,80.2302017212,40379,40389,10
13.008939743,80.229927063,40389,40399,10
13.0093002319,80.2279891968,40399,40409,10
13.0096998215,80.2269821167,40409,40419,10
13.0101203918,80.2260818481,40419,40429,10
13.0104503632,80.2253875732,40429,40439,10
13.0106296539,80.2250595093,40439,40449,10
13.0107803345,80.224861145,40449,40459,10
13.0109300613,80.2244110107,40459,40469,10
13.0112400055,80.2236862183,40469,40479,10
13.0112400055,80.2236709595,40479,40489,10
13.011349678,80.2234420776,40489,40500,11
13.0116996765,80.2228012085,40500,40510,10
13.0120201111,80.2219085693,40510,40520,10
13.0123100281,80.2215118408,40520,40530,10
13.0126800537,80.2218933105,40530,40540,10
13.0131797791,80.2225494385,40540,40550,10
13.0136995316,80.2230377197,40550,40560,10
13.014169693,80.2236022949,40560,40570,10
13.014749527,80.2244415283,40570,40580,10
13.0151596069,80.2247772217,40580,40590,10
13.0152101517,80.2247619629,40590,40601,11
13.015540123,80.2249832153,40601,40611,10
13.0155496597,80.2249832153,40611,40621,10
13.0159597397,80.2252807617,40621,40631,10
13.016699791,80.2252578735,40631,40641,10
13.0175504684,80.2249069214,40641,40651,10
13.0185003281,80.2245483398,40651,40661,10
13.0197095871,80.2244873047,40661,40681,20
13.0197095871,80.2244873047,40681,40691,10
13.0197401047,80.2245407104,40691,40701,10
13.0200796127,80.2247924805,40701,40711,10
13.0206804276,80.2252883911,40711,40722,11
13.0214595795,80.2258605957,40722,40732,10
13.0219497681,80.2261581421,40732,40742,10
13.0219402313,80.2261581421,40742,40752,10
13.0221996307,80.2264633179,40752,40762,10
13.0228700638,80.2269668579,40762,40772,10
13.0238103867,80.2276382446,40772,40782,10
13.0244398117,80.2285003662,40782,40792,10
13.0248203278,80.2290802002,40792,40802,10
13.025179863,80.2295684814,40802,40812,10
13.0255899429,80.2301483154,40812,40822,10
13.0259399414,80.2307891846,40822,40853,31
13.0259399414,80.2307891846,40853,40863,10
13.0259399414,80.2310333252,40863,40879,16
13.0262002945,80.2314071655,40879,40891,12
13.0270900726,80.2311172485,40891,40901,10
13.0286302567,80.2309036255,40901,40921,20
13.0286302567,80.2309036255,40921,40931,10
13.0289201736,80.2308731079,40931,40942,11
13.029250145,80.2308502197,40942,40952,10
13.0296697617,80.2308197021,40952,40961,9
13.0301399231,80.2307662964,40961,40972,11
13.0304298401,80.2307510376,40972,40982,10
13.0305500031,80.2307662964,40982,40992,10
13.0307598114,80.2307510376,40992,41002,10
13.0312595367,80.2306976318,41002,41012,10
13.0318899155,80.2306518555,41012,41022,10
13.03262043,80.2305831909,41022,41032,10
13.0335998535,80.2305221558,41032,41042,10
13.0341100693,80.2304229736,41042,41053,11
13.0346603394,80.2303466797,41053,41063,10
13.0349397659,80.2301635742,41063,41083,20
13.0349397659,80.2301635742,41083,41093,10
13.0350799561,80.2300415039,41093,41103,10
13.0349903107,80.2298583984,41103,41113,10
13.034620285,80.2297973633,41113,41123,10
13.0341997147,80.2298736572,41123,41143,20
13.0341997147,80.2298736572,41143,41154,11
13.0341300964,80.2302703857,41154,41194,40
13.0342197418,80.2301330566,41194,41255,61
13.0342197418,80.2301330566,41255,41265,10
13.0342197418,80.230140686,41265,41275,10
13.0342798233,80.2302627563,41275,41386,111
13.0342798233,80.2302627563,41386,41396,10
13.0344495773,80.2302627563,41396,41820,424
13.0344495773,80.2302627563,41820,41830,10
13.0339298248,80.230140686,41830,41840,10
13.0340099335,80.2301025391,41840,41850,10
13.0340595245,80.2300796509,41850,41860,10
13.0341796875,80.2301177979,41860,41900,40
13.0340995789,80.2301101685,41900,41951,51
13.0340995789,80.2302093506,41951,42052,101
13.0340995789,80.2302093506,42052,42062,10
13.0341100693,80.2304000854,42062,42072,10
13.0340204239,80.2303924561,42072,42082,10
13.0337095261,80.2303924561,42082,42092,10
13.0335702896,80.2304229736,42092,42102,10
13.0333499908,80.2304077148,42102,42112,10
13.0328197479,80.2305221558,42112,42122,10
13.0321998596,80.2305831909,42122,42132,10
13.031419754,80.2306289673,42132,42142,10
13.0307197571,80.2307434082,42142,42153,11
13.0298595428,80.2308425903,42153,42173,20
13.0298595428,80.2308425903,42173,42183,10
13.0296802521,80.2308578491,42183,42193,10
13.0293197632,80.2308807373,42193,42203,10
13.0287303925,80.2309570313,42203,42213,10
13.0280799866,80.2310333252,42213,42223,10
13.0277004242,80.2311325073,42223,42233,10
13.0277204514,80.2316894531,42233,42243,10
13.0277996063,80.2322769165,42243,42253,10
13.0278902054,80.2327575684,42253,42264,11
13.0274496078,80.2328720093,42264,42274,10
13.0269002914,80.2329788208,42274,42344,70
13.0269002914,80.2329788208,42344,42354,10
13.0264596939,80.2328567505,42354,42364,10
13.0262699127,80.232383728,42364,42375,11
13.0260896683,80.2316513062,42375,42385,10
13.0258998871,80.2310180664,42385,42395,10
13.0255298615,80.2302474976,42395,42405,10
13.0249700546,80.2294998169,42405,42415,10
13.0244598389,80.2288208008,42415,42425,10
13.0240802765,80.2284088135,42425,42435,10
13.0240001678,80.2282562256,42435,42445,10
13.0239896774,80.2281570435,42445,42455,10
13.0236701965,80.2278823853,42455,42465,10
13.0232000351,80.2274169922,42465,42481,16
13.0222797394,80.2266082764,42481,42494,13
13.0213298798,80.2257537842,42494,42504,10
13.0207099915,80.2252883911,42504,42512,8
13.0200099945,80.2248382568,42512,42523,11
13.018989563,80.2244567871,42523,42535,12
13.0179100037,80.224822998,42535,42545,10
13.0169401169,80.2251968384,42545,42555,10
13.0165901184,80.2253570557,42555,42565,10
13.0164003372,80.225440979,42565,42575,10
13.0158996582,80.2256088257,42575,42585,10
13.01445961,80.2262268066,42585,42605,20
13.01445961,80.2262268066,42605,42616,11
13.0143604279,80.2262573242,42616,42626,10
13.0142402649,80.22631073,42626,42636,10
13.013589859,80.2265319824,42636,42646,10
13.0125799179,80.226890564,42646,42656,10
13.0113296509,80.2273712158,42656,42666,10
13.0100498199,80.2279205322,42666,42676,10
13.0090999603,80.2285614014,42676,42686,10
13.008890152,80.2296981812,42686,42696,10
13.0086603165,80.2309799194,42696,42707,11
13.0084104538,80.2322998047,42707,42717,10
13.0082597733,80.2333068848,42717,42727,10
13.0082101822,80.2335968018,42727,42737,10
13.0081396103,80.2338485718,42737,42747,10
13.0079898834,80.2344970703,42747,42757,10
13.0079097748,80.2348709106,42757,42773,16
13.007809639,80.2352294922,42773,42785,12
13.0076198578,80.2361602783,42785,42793,8
13.0074396133,80.2370605469,42793,42805,12
13.0072097778,80.2384033203,42805,42816,11
13.0070695877,80.2390518188,42816,42856,40
13.0070695877,80.2390518188,42856,42866,10
13.0070199966,80.2395324707,42866,42916,50
13.0070199966,80.2395324707,42916,42927,11
13.0069599152,80.2397003174,42927,42937,10
13.0068798065,80.2401580811,42937,42947,10
13.006770134,80.2406768799,42947,42957,10
13.0067796707,80.2406997681,42957,42967,10
13.0067195892,80.241027832,42967,42977,10
13.0066900253,80.241897583,42977,42987,10
13.0066795349,80.2429580688,42987,42997,10
13.0066299438,80.2438583374,42997,43007,10
13.0066404343,80.244468689,43007,43017,10
13.0066299438,80.2449569702,43017,43027,10
13.0066404343,80.2453765869,43027,43036,9
13.0066604614,80.2461395264,43036,43058,22
13.0066795349,80.2462615967,43058,43088,30
13.0066795349,80.2462615967,43088,43098,10
13.0066795349,80.2466430664,43098,43108,10
13.0067100525,80.2470779419,43108,43118,10
13.0066900253,80.247718811,43118,43128,10
13.0067396164,80.2484893799,43128,43138,10
13.0068397522,80.2491912842,43138,43149,11
13.0068597794,80.2494735718,43149,43159,10
13.0068502426,80.2496185303,43159,43169,10
13.0068397522,80.2501602173,43169,43179,10
13.0068101883,80.2508010864,43179,43189,10
13.0067796707,80.2512969971,43189,43229,40
13.0067796707,80.2512969971,43229,43239,10
13.0067501068,80.2515869141,43239,43249,10
13.0066204071,80.2521209717,43249,43260,11
13.0065402985,80.2529983521,43260,43270,10
13.0065402985,80.2541275024,43270,43280,10
13.0065803528,80.2550888062,43280,43290,10
13.0066099167,80.256072998,43290,43300,10
13.0066099167,80.2571182251,43300,43381,81
13.0066099167,80.2571182251,43381,43391,10
13.0065803528,80.2574768066,43391,43401,10
13.0068597794,80.2580718994,43401,43411,10
13.0073404312,80.2585067749,43411,43421,10
13.0076799393,80.2586975098,43421,43431,10
13.0078201294,80.2587738037,43431,43441,10
13.0083198547,80.258972168,43441,43451,10
13.0091199875,80.2591018677,43451,43461,10
13.0100402832,80.2591094971,43461,43471,10
13.0111503601,80.2591171265,43471,43482,11
13.0124998093,80.2591323853,43482,43492,10
13.0142002106,80.2592010498,43492,43502,10
13.0154399872,80.2592697144,43502,43512,10
13.0162801743,80.2595672607,43512,43522,10
13.0165300369,80.259727478,43522,43532,10
13.0165596008,80.2597579956,43532,43542,10
13.0169000626,80.2600479126,43542,43550,8
13.0173397064,80.2603607178,43550,43561,11
13.0181903839,80.2609405518,43561,43572,11
13.0188302994,80.2614212036,43572,43582,10
13.0191297531,80.261680603,43582,43593,11
13.0194597244,80.2619934082,43593,43602,9
13.0198802948,80.2623977661,43602,43613,11
13.0201597214,80.2626037598,43613,43623,10
13.0202798843,80.2626876831,43623,43633,10
13.0207195282,80.2628707886,43633,43643,10
13.0214099884,80.2630996704,43643,43653,10
13.0219202042,80.263343811,43653,43662,9
13.0221204758,80.2634277344,43662,43673,11
13.0225400925,80.2636413574,43673,43683,10
13.0230503082,80.2638473511,43683,43693,10
13.0237398148,80.2642288208,43693,43704,11
13.0245304108,80.2647476196,43704,43714,10
13.0249795914,80.2650222778,43714,43724,10
13.0255203247,80.2654190063,43724,43734,10
13.0260801315,80.2657394409,43734,43744,10
13.0262403488,80.2658462524,43744,43754,10
13.0263900757,80.2655181885,43754,43764,10
13.0264396667,80.2647781372,43764,43774,10
13.0264997482,80.2642822266,43774,43784,10
13.026550293,80.2639389038,43784,43793,9
13.0265903473,80.2638320923,43793,43804,11
13.0266504288,80.263458252,43804,43815,11
13.0269699097,80.263458252,43815,43825,10
13.0275802612,80.2636032104,43825,43835,10
13.0282201767,80.2637863159,43835,43845,10
13.0284004211,80.2638168335,43845,43855,10
13.0287399292,80.2639007568,43855,43865,10
13.0292396545,80.2640304565,43865,43875,10
13.0292797089,80.2641830444,43875,43885,10
13.0292596817,80.2646026611,43885,43895,10
13.0291996002,80.2652587891,43895,43905,10
13.0291795731,80.2658462524,43905,43916,11
13.0291795731,80.2660827637,43916,43926,10
13.0291204453,80.2664413452,43926,43946,20
13.0291204453,80.2664413452,43946,43956,10
13.0295295715,80.2666091919,43956,43966,10
13.0301504135,80.2666778564,43966,43976,10
13.0306301117,80.2667617798,43976,43986,10
13.0313997269,80.266960144,43986,43996,10
13.0318403244,80.2671203613,43996,44006,10
13.0322399139,80.2673034668,44006,44016,10
13.0326099396,80.267539978,44016,44027,11
13.0329704285,80.2677001953,44027,44037,10
13.0334300995,80.2677993774,44037,44067,30
13.0334300995,80.2677993774,44067,44077,10
13.033659935,80.2678985596,44077,44087,10
13.0345001221,80.2679977417,44087,44117,30
13.0345001221,80.2679977417,44117,44127,10
13.0345001221,80.268119812,44127,44138,11
13.0344495773,80.2680892944,44138,44148,10
13.0342798233,80.2679824829,44148,44158,10
13.0337400436,80.267868042,44158,44168,10
13.0334196091,80.2678604126,44168,44420,252
13.0332202911,80.2677307129,44420,44441,21
13.0333795547,80.2677612305,44441,44491,50
13.0333795547,80.2677612305,44491,44501,10
13.0334196091,80.2677536011,44501,44511,10
13.0332202911,80.2676696777,44511,44521,10
13.0331001282,80.2677230835,44521,44531,10
13.0330295563,80.2677383423,44531,44541,10
13.0331401825,80.2677536011,44541,44622,81
13.0331401825,80.2677536011,44622,44632,10
13.0330200195,80.2677612305,44632,44652,20
13.0330200195,80.2677612305,44652,44662,10
13.0332202911,80.2677001953,44662,44673,11
13.0331802368,80.2677230835,44673,44743,70
13.0332202911,80.2677993774,44743,44763,20
13.0332098007,80.2678070068,44763,44814,51
13.0332098007,80.2678070068,44814,44824,10
13.0333204269,80.2678222656,44824,44854,30
13.0333204269,80.2678222656,44854,44864,10
13.0333003998,80.2678604126,44864,44874,10
13.0331296921,80.2676925659,44874,44884,10
13.0332603455,80.2678985596,44884,44935,51
13.0332603455,80.2678985596,44935,44945,10
13.0331401825,80.2677764893,44945,44955,10
13.0327301025,80.2676391602,44955,44965,10
13.0324897766,80.2675018311,44965,44975,10
13.0321702957,80.2673873901,44975,44985,10
13.0315999985,80.2671890259,44985,44995,10
13.0309495926,80.2670211792,44995,45005,10
13.0302696228,80.2667999268,45005,45016,11
13.0297002792,80.2666625977,45016,45036,20
13.0297002792,80.2666625977,45036,45046,10
13.0292701721,80.2665634155,45046,45056,10
13.0292396545,80.2665405273,45056,45066,10
13.0289001465,80.266418457,45066,45076,10
13.0284404755,80.2663192749,45076,45086,10
13.027879715,80.2661972046,45086,45096,10
13.0270595551,80.2660369873,45096,45106,10
13.0264101028,80.2659378052,45106,45116,10
13.0261602402,80.26587677,45116,45127,11
13.0253295898,80.2654418945,45127,45147,20
13.0253295898,80.2654418945,45147,45157,10
13.025270462,80.265296936,45157,45167,10
13.0250196457,80.2651062012,45167,45177,10
13.0245399475,80.264793396,45177,45187,10
13.0241298676,80.2643890381,45187,45197,10
13.0232896805,80.2640762329,45197,45207,10
13.0226697922,80.2637634277,45207,45217,10
13.0225095749,80.2636413574,45217,45233,16
13.0222396851,80.2634811401,45233,45246,13
13.0221004486,80.263381958,45246,45256,10
13.0215702057,80.2632217407,45256,45266,10
13.0205698013,80.2630691528,45266,45276,10
13.0198497772,80.2629928589,45276,45286,10
13.0192499161,80.2629318237,45286,45296,10
13.0189399719,80.2625579834,45296,45306,10
13.0187997818,80.2616500854,45306,45316,10
13.0183401108,80.261177063,45316,45326,10
13.0176496506,80.2606887817,45326,45336,10
13.0169801712,80.2601928711,45336,45346,10
13.0160903931,80.2597122192,45346,45367,21
13.0160903931,80.2597122192,45367,45377,10
13.015879631,80.2596130371,45377,45387,10
13.0152397156,80.2593994141,45387,45397,10
13.0143995285,80.2593078613,45397,45415,18
13.0124397278,80.2592163086,45415,45427,12
13.0110702515,80.2591781616,45427,45435,8
13.0104103088,80.2592391968,45435,45447,12
13.0098800659,80.259262085,45447,45457,10
13.0095796585,80.2592086792,45457,45468,11
13.0089998245,80.2592086792,45468,45478,10
13.0087404251,80.2591934204,45478,45488,10
13.0082702637,80.2591629028,45488,45498,10
13.0077199936,80.2593383789,45498,45507,9
13.0073299408,80.2589797974,45507,45517,10
13.0072698593,80.2588195801,45517,45531,14
13.0071401596,80.2585525513,45531,45541,10
13.006939888,80.2580566406,45541,45551,10
13.0067100525,80.2577209473,45551,45602,51
13.0066795349,80.2519073486,45602,45845,243
13.0066795349,80.2519073486,45845,45855,10
13.0066404343,80.2518768311,45855,45865,10
13.0066900253,80.251411438,45865,45875,10
13.0068302155,80.2507781982,45875,45884,9
13.006770134,80.2501220703,45884,45895,11
13.0067996979,80.2496414185,45895,45905,10
13.0067796707,80.249420166,45905,45916,11
13.0066604614,80.2484283447,45916,45966,50
13.0066604614,80.2484283447,45966,45976,10
13.0066404343,80.2483291626,45976,45986,10
13.0066204071,80.2479782104,45986,45996,10
13.0065803528,80.2475204468,45996,46006,10
13.0065803528,80.2465591431,46006,46027,21
13.0065803528,80.2465591431,46027,46037,10
13.0066404343,80.2463531494,46037,46047,10
13.0066299438,80.2457504272,46047,46057,10
13.0065898895,80.244682312,46057,46067,10
13.0065402985,80.2442779541,46067,46077,10
13.0064897537,80.243927002,46077,46087,10
13.0065002441,80.2436599731,46087,46097,10
13.0065803528,80.2430801392,46097,46107,10
13.0065803528,80.2421264648,46107,46117,10
13.0065498352,80.2415924072,46117,46127,10
13.0065498352,80.2415771484,46127,46138,11
13.0065402985,80.2414093018,46138,46148,10
13.0065803528,80.2409286499,46148,46158,10
13.0066299438,80.2406005859,46158,46168,10
13.0067901611,80.2399902344,46168,46178,10
13.0070495605,80.2391281128,46178,46188,10
13.0071296692,80.23828125,46188,46198,10
13.007399559,80.2368164063,46198,46218,20
13.007399559,80.2368164063,46218,46228,10
13.0075397491,80.2364196777,46228,46239,11
13.0076999664,80.235458374,46239,46249,10
13.0078802109,80.2343826294,46249,46259,10
13.0081996918,80.2332000732,46259,46269,10
13.0084104538,80.2321090698,46269,46279,10
13.008600235,80.2309799194,46279,46289,10
13.0088300705,80.2296295166,46289,46299,10
13.0090799332,80.2284622192,46299,46309,10
13.0094499588,80.2274475098,46309,46319,10
13.0099096298,80.2265090942,46319,46329,10
13.0103197098,80.2257232666,46329,46339,10
13.0105600357,80.2252426147,46339,46350,11
13.0106601715,80.2249603271,46350,46360,10
13.0108604431,80.2244033813,46360,46370,10
13.0110397339,80.2238311768,46370,46380,10
13.0111103058,80.2235794067,46380,46390,10
13.0111398697,80.2232971191,46390,46400,10
13.0114297867,80.2227706909,46400,46410,10
13.0117197037,80.2218933105,46410,46420,10
13.0122900009,80.2214202881,46420,46430,10
13.0127096176,80.2219390869,46430,46440,10
13.0128602982,80.2222213745,46440,46450,10
13.0132198334,80.2226104736,46450,46461,11
13.0137901306,80.2232208252,46461,46471,10
13.0142402649,80.2236022949,46471,46481,10
13.0143995285,80.2237625122,46481,46491,10
13.0149097443,80.2244415283,46491,46501,10
13.0155000687,80.2249679565,46501,46511,10
13.0155200958,80.2249984741,46511,46521,10
13.01583004,80.2252883911,46521,46531,10
13.0165996552,80.2253112793,46531,46541,10
13.0175800323,80.2248916626,46541,46551,10
13.0187101364,80.2244491577,46551,46561,10
13.0195198059,80.2244262695,46561,46571,10
13.0195398331,80.2244415283,46571,46582,11
13.0199203491,80.2247085571,46582,46592,10
13.0204496384,80.225112915,46592,46602,10
13.0210199356,80.2255325317,46602,46612,10
13.0216598511,80.226020813,46612,46622,10
13.0221700668,80.226348877,46622,46632,10
13.0222196579,80.2263793945,46632,46648,16
13.0231399536,80.2272491455,46648,46660,12
13.024020195,80.2281112671,46660,46670,10
13.0243196487,80.2283706665,46670,46680,10
13.0243597031,80.2284393311,46680,46690,10
13.0246696472,80.2289428711,46690,46701,11
13.0252304077,80.2296829224,46701,46711,10
13.0256700516,80.2302627563,46711,46721,10
13.025850296,80.230682373,46721,46729,8
13.0259199142,80.2309494019,46729,46741,12
13.0260295868,80.2312698364,46741,46751,10
13.0268001556,80.2311019897,46751,46761,10
13.0277299881,80.2309417725,46761,46771,10
13.0283403397,80.2308883667,46771,46781,10
13.028459549,80.2308883667,46781,46792,11
13.0288896561,80.2308425903,46792,46813,21
13.0288896561,80.2308425903,46813,46823,10
13.0290498734,80.2307815552,46823,46833,10
13.0293302536,80.230758667,46833,46843,10
13.0297899246,80.2307281494,46843,46853,10
13.030380249,80.2306976318,46853,46863,10
13.0306301117,80.230682373,46863,46873,10
13.0309400558,80.2306289673,46873,46883,10
13.0314798355,80.2305908203,46883,46893,10
13.0321397781,80.2305526733,46893,46904,11
13.0329904556,80.2304992676,46904,46914,10
13.0335903168,80.230430603,46914,46924,10
13.0341100693,80.2303771973,46924,46934,10
13.0346002579,80.2302703857,46934,46944,10
13.0349798203,80.2300109863,46944,46954,10
13.0349903107,80.2298202515,46954,46964,10
13.0349597931,80.2298202515,46964,46980,16
13.0348100662,80.2298202515,46980,46992,12
13.0347900391,80.2297592163,46992,47001,9
13.0347003937,80.2297821045,47001,47012,11
13.0344896317,80.2297592163,47012,47022,10
13.0342597961,80.2297668457,47022,47033,11
13.034239769,80.2298202515,47033,47043,10
13.0342102051,80.2299728394,47043,47134,91
13.0341596603,80.2303619385,47134,47214,80
13.0341596603,80.2303619385,47214,47224,10
13.0336999893,80.2304229736,47224,47235,11
13.0334596634,80.23046875,47235,47245,10
13.0333299637,80.2304916382,47245,47255,10
13.0328197479,80.2305221558,47255,47265,10
13.0321798325,80.2305908203,47265,47275,10
13.0313396454,80.2306594849,47275,47285,10
13.0307102203,80.23072052,47285,47295,10
13.0297403336,80.2308273315,47295,47335,40
13.0297403336,80.2308273315,47335,47346,11
13.029540062,80.2308273315,47346,47356,10
13.0290498734,80.2308578491,47356,47366,10
13.0284004211,80.2309112549,47366,47376,10
13.0278396606,80.23097229,47376,47386,10
13.0276403427,80.2311325073,47386,47396,10
13.0276403427,80.2316970825,47396,47405,9
13.0277299881,80.2322311401,47405,47416,11
13.0277204514,80.2328033447,47416,47426,10
13.0270595551,80.2329025269,47426,47436,10
13.0267095566,80.232963562,47436,47446,10
13.0263500214,80.2327423096,47446,47457,11
13.0261297226,80.2317886353,47457,47467,10
13.0258197784,80.2306976318,47467,47477,10
13.0252199173,80.2297668457,47477,47487,10
13.0248098373,80.2292404175,47487,47497,10
13.0246601105,80.2290725708,47497,47507,10
13.0245304108,80.2289428711,47507,47517,10
13.0243997574,80.2287521362,47517,47527,10
13.0240697861,80.2284011841,47527,47547,20
13.0240697861,80.2284011841,47547,47557,10
13.0239801407,80.2282791138,47557,47568,11
13.0235700607,80.2277603149,47568,47578,10
13.022939682,80.227142334,47578,47588,10
13.0221796036,80.2264785767,47588,47598,10
13.0216703415,80.2260665894,47598,47608,10
13.0210800171,80.2255783081,47608,47618,10
13.0205202103,80.2251815796,47618,47628,10
13.02023983,80.2249908447,47628,47638,10
13.0199804306,80.2248001099,47638,47648,10
13.0193996429,80.2245178223,47648,47658,10
13.0186195374,80.224571228,47658,47668,10
13.0178203583,80.2248764038,47668,47679,11
13.0169000626,80.2252426147,47679,47689,10
13.0163698196,80.2254562378,47689,47699,10
13.0157003403,80.2256698608,47699,47709,10
13.0152101517,80.2258911133,47709,47719,10
13.0151100159,80.2259292603,47719,47729,10
13.014380455,80.2261962891,47729,47749,20
13.014380455,80.2261962891,47749,47759,10
13.0143499374,80.2262115479,47759,47769,10
13.0139799118,80.2263565063,47769,47779,10
13.0133199692,80.2266235352,47779,47790,11
13.0123996735,80.2269363403,47790,47800,10
13.0114603043,80.2273178101,47800,47810,10
13.0105895996,80.2276611328,47810,47820,10
13.0098800659,80.2279663086,47820,47830,10
13.0091695786,80.2284317017,47830,47840,10
13.0089797974,80.2294006348,47840,47850,10
13.0087604523,80.2305526733,47850,47860,10
13.0085401535,80.2317199707,47860,47870,10
13.0082998276,80.2328262329,47870,47880,10
13.0081701279,80.2336196899,47880,47890,10
13.0081596375,80.2336502075,47890,47901,11
13.0081396103,80.2337493896,47901,47911,10
13.0080404282,80.2341384888,47911,47921,10
13.0079097748,80.2349014282,47921,47931,10
13.0076999664,80.2358627319,47931,47941,10
13.0074901581,80.2369003296,47941,47951,10
13.0073204041,80.2378616333,47951,47961,10
13.0072002411,80.2385177612,47961,47971,10
13.0071001053,80.2389831543,47971,47981,10
13.0069799423,80.2395706177,47981,47991,10
13.0068998337,80.2399597168,47991,48002,11
13.0068902969,80.2401504517,48002,48012,10
13.0068101883,80.2406997681,48012,48022,10
13.0067901611,80.2407608032,48022,48032,10
13.0067195892,80.2412109375,48032,48042,10
13.0066995621,80.2421188354,48042,48052,10
13.006649971,80.2431793213,48052,48072,20
13.006649971,80.2431793213,48072,48082,10
13.0066299438,80.2434463501,48082,48092,10
13.0065803528,80.2440185547,48092,48102,10
13.0065603256,80.2446670532,48102,48112,10
13.0065803528,80.2451705933,48112,48123,11
13.0066299438,80.2456970215,48123,48133,10
13.0066404343,80.2459335327,48133,48143,10
13.0066604614,80.246421814,48143,48153,10
13.0066604614,80.2471008301,48153,48163,10
13.0066699982,80.2478408813,48163,48173,10
13.0067100525,80.2487487793,48173,48183,10
13.0068302155,80.2495574951,48183,48213,30
13.0068302155,80.2495574951,48213,48223,10
13.0068302155,80.2497787476,48223,48234,11
13.0067901611,80.2504730225,48234,48244,10
13.006770134,80.2513275146,48244,48254,10
13.0065803528,80.251991272,48254,48264,10
13.0065002441,80.2528610229,48264,48273,9
13.0065097809,80.2535476685,48273,48283,10
13.0065202713,80.2543411255,48283,48294,11
13.0065202713,80.254737854,48294,48304,10
13.0065097809,80.2551498413,48304,48314,10
13.006529808,80.2560119629,48314,48324,10
13.0065803528,80.2569198608,48324,48335,11
13.0069904327,80.2579879761,48335,48345,10
13.0077104568,80.2586288452,48345,48365,20
13.0077104568,80.2586288452,48365,48375,10
13.0079698563,80.2587814331,48375,48385,10
13.0085401535,80.2589874268,48385,48395,10
13.0092401505,80.2590637207,48395,48405,10
13.0101900101,80.2590713501,48405,48415,10
13.0112895966,80.2590637207,48415,48425,10
13.0124998093,80.2590866089,48425,48435,10
13.0139398575,80.259147644,48435,48446,11
13.0154104233,80.2592315674,48446,48456,10
13.0164499283,80.2597198486,48456,48476,20
13.0164499283,80.2597198486,48476,48486,10
13.0164804459,80.2597732544,48486,48496,10
13.01679039,80.2599868774,48496,48506,10
13.0173397064,80.2603683472,48506,48515,9
13.0179395676,80.2607879639,48515,48526,11
13.0186901093,80.2613296509,48526,48536,10
13.0192203522,80.2617874146,48536,48546,10
13.0196399689,80.2621765137,48546,48557,11
13.0201597214,80.2626190186,48557,48567,10
13.0201997757,80.2626495361,48567,48577,10
13.0202598572,80.2627029419,48577,48587,10
13.0207300186,80.2628707886,48587,48597,10
13.0214595795,80.2630767822,48597,48607,10
13.0219898224,80.263343811,48607,48617,10
13.0222902298,80.263458252,48617,48627,10
13.0223903656,80.2635192871,48627,48637,10
13.0229196548,80.2638320923,48637,48656,19
13.0229196548,80.2638320923,48656,48668,12
13.0232200623,80.2640228271,48668,48678,10
13.0236301422,80.264251709,48678,48688,10
13.0241298676,80.2645187378,48688,48698,10
13.0247001648,80.2649383545,48698,48708,10
13.0253000259,80.26537323,48708,48718,10
13.0259504318,80.2657775879,48718,48728,10
13.0261297226,80.2658462524,48728,48738,10
13.0263395309,80.2655715942,48738,48748,10
13.0264196396,80.2648010254,48748,48758,10
13.0265798569,80.2640533447,48758,48768,10
13.0266304016,80.2638397217,48768,48779,11
13.0266799927,80.2637023926,48779,48789,10
13.0268096924,80.2633972168,48789,48799,10
13.0272703171,80.2634735107,48799,48809,10
13.0282001495,80.2637634277,48809,48829,20
13.0282001495,80.2637634277,48829,48839,10
13.0285301208,80.2638473511,48839,48849,10
13.0289402008,80.2639694214,48849,48859,10
13.0291700363,80.2640914917,48859,48869,10
13.0291795731,80.2643966675,48869,48879,10
13.0292100906,80.2650604248,48879,48890,11
13.0291900635,80.2660827637,48890,48910,20
13.0291900635,80.2660827637,48910,48920,10
13.0291996002,80.266242981,48920,48930,10
13.0291996002,80.266418457,48930,48946,16
13.0297603607,80.2665634155,48946,48958,12
13.0306396484,80.2667236328,48958,48968,10
13.0313997269,80.266960144,48968,48978,10
13.0320596695,80.267250061,48978,48988,10
13.0325202942,80.2675170898,48988,48999,11
13.0334396362,80.2678222656,48999,49039,40
13.0334396362,80.2678222656,49039,49049,10
13.0336399078,80.2678222656,49049,49059,10
13.0339403152,80.2678833008,49059,49069,10
13.0343599319,80.2679367065,49069,49079,10
13.0345001221,80.2679519653,49079,49099,20
13.0345001221,80.2679519653,49099,49110,11
13.0344800949,80.2680892944,49110,49120,10
13.0343599319,80.2680435181,49120,49130,10
13.0339403152,80.2679595947,49130,49140,10
13.033490181,80.267868042,49140,49150,10
13.0329799652,80.2677612305,49150,49160,10
13.0325698853,80.2675476074,49160,49170,10
13.0320501328,80.2673110962,49170,49180,10
13.0312204361,80.2669296265,49180,49190,10
13.0304403305,80.2667617798,49190,49200,10
13.0299196243,80.2666702271,49200,49210,10
13.0296401978,80.2666015625,49210,49220,10
13.0293102264,80.2665405273,49220,49231,11
13.0291004181,80.2664413452,49231,49241,10
13.0287599564,80.2663803101,49241,49251,10
13.0282897949,80.2662734985,49251,49261,10
13.0277795792,80.2661972046,49261,49271,10
13.0272903442,80.2661514282,49271,49281,10
13.0268697739,80.2659988403,49281,49291,10
13.0267801285,80.2656021118,49291,49342,51
13.0267801285,80.2656021118,49342,49352,10
13.02684021,80.2655181885,49352,49402,50
13.02684021,80.2655181885,49402,49412,10
13.0267801285,80.26537323,49412,49453,41
13.0267801285,80.26537323,49453,49463,10
13.0267601013,80.2655487061,49463,49483,20
13.0267496109,80.2655563354,49483,49766,283
13.0267496109,80.2655563354,49766,49776,10
13.0267601013,80.2654418945,49776,50018,242
13.0267601013,80.2656173706,50018,50280,262
13.0267496109,80.2655410767,50280,50694,414
13.0267601013,80.265663147,50694,50714,20
13.0267601013,80.265663147,50714,50724,10
13.0267896652,80.2656478882,50724,50786,62
13.0267295837,80.265586853,50786,51301,515
13.0267295837,80.265586853,51301,51311,10
13.0266895294,80.2655029297,51311,51321,10
13.0267095566,80.2655410767,51321,51331,10
13.0267095566,80.2655487061,51331,51341,10
13.026720047,80.2655792236,51341,51351,10
13.026720047,80.2655715942,51351,51361,10
13.026720047,80.2655563354,51361,51371,10
13.026720047,80.2655487061,51371,51381,10
13.0267295837,80.2655563354,51381,51391,10
13.0267400742,80.2655715942,51391,51401,10
13.0267400742,80.265586853,51401,51411,10
13.0267496109,80.2656097412,51411,51421,10
13.0267400742,80.2656173706,51421,51432,11
13.0267295837,80.2656173706,51432,51442,10
13.026720047,80.2656021118,51442,51452,10
13.0267095566,80.265586853,51452,51472,20
13.0267095566,80.265586853,51472,51482,10
13.0267295837,80.2656097412,51482,51492,10
13.026720047,80.2656021118,51492,51502,10
13.0267295837,80.2656097412,51502,51512,10
13.026720047,80.2656173706,51512,51522,10
13.0267000198,80.2656173706,51522,51532,10
13.0266895294,80.2656173706,51532,51543,11
13.0266704559,80.2656173706,51543,51553,10
13.0266599655,80.2656402588,51553,52350,797
13.0265302658,80.2654266357,52350,52370,20
13.0265302658,80.2654266357,52370,52380,10
13.0265798569,80.2654190063,52380,52390,10
13.0265398026,80.2654266357,52390,52542,152
13.0265398026,80.2654266357,52542,52552,10
13.0264196396,80.265411377,52552,52562,10
13.0263795853,80.2653121948,52562,52572,10
13.0263795853,80.2649765015,52572,52582,10
13.0264701843,80.2645263672,52582,52592,10
13.0265398026,80.263999939,52592,52602,10
13.026599884,80.2635803223,52602,52612,10
13.0266704559,80.2633972168,52612,52622,10
13.0269403458,80.2634887695,52622,52632,10
13.0273504257,80.2635803223,52632,52643,11
13.0278396606,80.2636795044,52643,52653,10
13.0283002853,80.2638397217,52653,52663,10
13.0288000107,80.2639770508,52663,52673,10
13.0292100906,80.2640991211,52673,52683,10
13.0292301178,80.2642211914,52683,52693,10
13.0292596817,80.2646484375,52693,52703,10
13.0292396545,80.2652435303,52703,52713,10
13.0291996002,80.2664031982,52713,52733,20
13.0291996002,80.2664031982,52733,52743,10
13.0293197632,80.2665405273,52743,52754,11
13.029709816,80.2666625977,52754,52764,10
13.0302495956,80.2667236328,52764,52774,10
13.0308904648,80.2668380737,52774,52784,10
13.0315504074,80.2670898438,52784,52794,10
13.0321598053,80.2673797607,52794,52804,10
13.0326299667,80.2676086426,52804,52814,10
13.0333099365,80.267791748,52814,52824,10
13.0339002609,80.2679290771,52824,52834,10
13.0345201492,80.2679901123,52834,52875,41
13.0345201492,80.2679901123,52875,52885,10
13.0344800949,80.268119812,52885,52895,10
13.034330368,80.2679977417,52895,52905,10
13.0339403152,80.2679367065,52905,52915,10
13.0335302353,80.2678833008,52915,52925,10
13.0332403183,80.2678222656,52925,52976,51
13.0332403183,80.2678222656,52976,52986,10
13.0329704285,80.2677307129,52986,52996,10
13.0327100754,80.2677001953,52996,53006,10
13.0326099396,80.267578125,53006,53016,10
13.0321903229,80.2673721313,53016,53026,10
13.0317401886,80.2671432495,53026,53036,10
13.031080246,80.2668991089,53036,53046,10
13.0302801132,80.2667388916,53046,53056,10
13.029800415,80.2666625977,53056,53076,20
13.029800415,80.2666625977,53076,53087,11
13.0293703079,80.2665786743,53087,53097,10
13.0289096832,80.266418457,53097,53107,10
13.028260231,80.266242981,53107,53117,10
13.0275602341,80.2661819458,53117,53127,10
13.027009964,80.26612854,53127,53137,10
13.0263299942,80.265953064,53137,53157,20
13.0263299942,80.265953064,53157,53167,10
13.0261802673,80.26587677,53167,53177,10
13.0258598328,80.2657165527,53177,53187,10
13.0254497528,80.2654571533,53187,53197,10
13.0253200531,80.2653579712,53197,53208,11
13.0252599716,80.2653274536,53208,53218,10
13.0249795914,80.2651062012,53218,53228,10
13.0244998932,80.2647476196,53228,53238,10
13.0239095688,80.2643585205,53238,53248,10
13.0233802795,80.2641601563,53248,53258,10
13.022769928,80.2638397217,53258,53268,10
13.0222396851,80.2635574341,53268,53284,16
13.0221004486,80.263420105,53284,53296,12
13.0217199326,80.2632293701,53296,53304,8
13.0211896896,80.2630691528,53304,53317,13
13.0202198029,80.2629928589,53317,53326,9
13.0196800232,80.2629470825,53326,53337,11
13.0190601349,80.2628707886,53337,53348,11
13.0188999176,80.2622299194,53348,53358,10
13.0187997818,80.2616500854,53358,53367,9
13.0186100006,80.2612686157,53367,53378,11
13.0181503296,80.2609634399,53378,53388,10
13.0176401138,80.2606124878,53388,53398,10
13.0169401169,80.2601394653,53398,53408,10
13.0160799026,80.2596664429,53408,53429,21
13.0160799026,80.2596664429,53429,53439,10
13.0159196854,80.2596130371,53439,53449,10
13.0153999329,80.259437561,53449,53459,10
13.0146198273,80.2593383789,53459,53469,10
13.0137500763,80.2593002319,53469,53479,10
13.0127401352,80.259262085,53479,53489,10
13.0116596222,80.2592086792,53489,53499,10
13.0106401443,80.2591934204,53499,53509,10
13.0097703934,80.2591705322,53509,53519,10
13.0090398788,80.2591781616,53519,53529,10
13.008769989,80.2592391968,53529,53540,11
13.0085296631,80.2592391968,53540,53550,10
13.0079402924,80.2592468262,53550,53560,10
13.0074100494,80.2592391968,53560,53570,10
13.0071802139,80.2587432861,53570,53580,10
13.0071802139,80.2587127686,53580,53590,10
13.0070199966,80.2584075928,53590,53600,10
13.0065898895,80.2577285767,53600,53651,51
13.0065898895,80.2577285767,53651,53661,10
13.0065002441,80.2573623657,53661,53671,10
13.006480217,80.2569274902,53671,53681,10
13.0064897537,80.2564926147,53681,53691,10
13.0065202713,80.255607605,53691,53701,10
13.0065402985,80.254989624,53701,53711,10
13.0065097809,80.2542037964,53711,53721,10
13.0065498352,80.2532577515,53721,53741,20
13.0065498352,80.2532577515,53741,53751,10
13.0065402985,80.2529678345,53751,53762,11
13.0065603256,80.2525177002,53762,53812,50
13.0065603256,80.2525177002,53812,53822,10
13.0067300797,80.2524719238,53822,53831,9
13.006770134,80.2520675659,53831,53842,11
13.006819725,80.2513427734,53842,53852,10
13.006819725,80.2505874634,53852,53862,10
13.0068101883,80.2497634888,53862,53873,11
13.0068302155,80.249671936,53873,53883,10
13.0067596436,80.2489013672,53883,53923,40
13.0067596436,80.2489013672,53923,53933,10
13.0067195892,80.2488174438,53933,53943,10
13.0067195892,80.2487792969,53943,53953,10
13.0066995621,80.2485961914,53953,53963,10
13.0066604614,80.2481689453,53963,53973,10
13.0066404343,80.2478027344,53973,53984,11
13.0065402985,80.2465820313,53984,54004,20
13.0065402985,80.2465820313,54004,54014,10
13.0066204071,80.2462768555,54014,54024,10
13.0066099167,80.2456893921,54024,54034,10
13.0066099167,80.2450866699,54034,54044,10
13.0066604614,80.2444992065,54044,54054,10
13.006649971,80.2441482544,54054,54064,10
13.0066404343,80.2435379028,54064,54074,10
13.0066099167,80.2428512573,54074,54084,10
13.0065603256,80.2417068481,54084,54105,21
13.0065603256,80.2417068481,54105,54115,10
13.0065803528,80.2413101196,54115,54125,10
13.0066604614,80.2407684326,54125,54135,10
13.0067796707,80.2402496338,54135,54151,16
13.0070400238,80.2387771606,54151,54163,12
13.0072898865,80.2376480103,54163,54171,8
13.0073699951,80.237159729,54171,54183,12
13.0074195862,80.2367630005,54183,54213,30
13.0074195862,80.2367630005,54213,54224,11
13.0074901581,80.2365188599,54224,54234,10
13.007610321,80.2359771729,54234,54244,10
13.0077199936,80.2353897095,54244,54254,10
13.0077495575,80.2352828979,54254,54264,10
13.0078496933,80.2348403931,54264,54274,10
13.0080099106,80.2340621948,54274,54284,10
13.008190155,80.2330474854,54284,54294,10
13.0084104538,80.2319564819,54294,54304,10
13.0086202621,80.2308807373,54304,54315,11
13.008890152,80.229637146,54315,54325,10
13.0091199875,80.2284927368,54325,54335,10
13.0094804764,80.2275390625,54335,54345,10
13.0099201202,80.2265625,54345,54355,10
13.010310173,80.225769043,54355,54365,10
13.01060009,80.225189209,54365,54375,10
13.0107402802,80.2249679565,54375,54385,10
13.0109100342,80.2245483398,54385,54395,10
13.0112495422,80.2240371704,54395,54405,10
13.0112895966,80.2235107422,54405,54415,10
13.0115699768,80.2228775024,54415,54426,11
13.0119800568,80.2220077515,54426,54436,10
13.0123596191,80.2215576172,54436,54446,10
13.0126199722,80.2218780518,54446,54456,10
13.0130596161,80.2222900391,54456,54467,11
13.0136299133,80.2229690552,54467,54477,10
13.0140695572,80.2233963013,54477,54487,10
13.0143604279,80.223739624,54487,54497,10
13.0150499344,80.2246322632,54497,54517,20
13.0150499344,80.2246322632,54517,54527,10
13.0154895782,80.2250213623,54527,54548,21
13.0154895782,80.2250213623,54548,54558,10
13.0158500671,80.2252426147,54558,54568,10
13.0164403915,80.2252807617,54568,54578,10
13.0172195435,80.2249908447,54578,54588,10
13.0180902481,80.2246398926,54588,54598,10
13.0189399719,80.2243423462,54598,54608,10
13.0195999146,80.2244796753,54608,54618,10
13.0204601288,80.2250671387,54618,54628,10
13.021109581,80.2255477905,54628,54638,10
13.0219602585,80.2261581421,54638,54659,21
13.0219602585,80.2261581421,54659,54669,10
13.0220003128,80.2262115479,54669,54679,10
13.0223197937,80.2265014648,54679,54689,10
13.0228700638,80.2269897461,54689,54699,10
13.0234498978,80.2275390625,54699,54709,10
13.0240602493,80.2281570435,54709,54719,10
13.0246400833,80.2289581299,54719,54729,10
13.025270462,80.2297821045,54729,54739,10
13.0256795883,80.2304229736,54739,54749,10
13.0259103775,80.2309265137,54749,54760,11
13.026049614,80.231262207,54760,54770,10
13.0266399384,80.2311401367,54770,54780,10
13.0273399353,80.23097229,54780,54790,10
13.0281400681,80.2308502197,54790,54800,10
13.0284099579,80.2308425903,54800,54810,10
13.0286197662,80.2308425903,54810,54820,10
13.0291004181,80.2307662964,54820,54830,10
13.0293197632,80.23072052,54830,54840,10
13.029709816,80.2307128906,54840,54850,10
13.0303201675,80.2306594849,54850,54861,11
13.0306797028,80.2306289673,54861,54871,10
13.0312404633,80.2305908203,54871,54881,10
13.0319499969,80.2305603027,54881,54891,10
13.0326099396,80.2305221558,54891,54901,10
13.0333995819,80.230430603,54901,54911,10
13.0341501236,80.230430603,54911,54921,10
13.0346899033,80.2303009033,54921,54961,40
13.0346899033,80.2303009033,54961,54972,11
13.0348796844,80.2302474976,54972,54982,10
13.0350399017,80.2300872803,54982,54992,10
13.0350799561,80.229927063,54992,55002,10
13.0349597931,80.2298431396,55002,55012,10
13.0345497131,80.2297897339,55012,55093,81
13.0342102051,80.2299118042,55093,55294,201
13.0342102051,80.2299118042,55294,55305,11
13.0341701508,80.2303237915,55305,55315,10
13.034040451,80.2303237915,55315,55325,10
13.033490181,80.230430603,55325,55345,20
13.033490181,80.230430603,55345,55355,10
13.0332899094,80.2304000854,55355,55365,10
13.0328903198,80.230430603,55365,55375,10
13.0322303772,80.2305679321,55375,55385,10
13.0315599442,80.230682373,55385,55394,9
13.0309200287,80.23072052,55394,55405,11
13.0306901932,80.2307434082,55405,55416,11
13.030380249,80.2307662964,55416,55426,10
13.0299196243,80.2308273315,55426,55436,10
13.0298204422,80.2308273315,55436,55446,10
13.0296096802,80.2308273315,55446,55456,10
13.0293197632,80.2308578491,55456,55466,10
13.0288000107,80.2309188843,55466,55476,10
13.0281200409,80.2309875488,55476,55486,10
13.0277004242,80.231048584,55486,55496,10
13.0276699066,80.2315597534,55496,55506,10
13.027759552,80.2321472168,55506,55516,10
13.0278196335,80.2326812744,55516,55527,11
13.0273504257,80.2328262329,55527,55537,10
13.0272302628,80.2328872681,55537,55547,10
13.0270700455,80.2329483032,55547,55557,10
13.0268001556,80.2330322266,55557,55567,10
13.0264596939,80.2329330444,55567,55577,10
13.0262298584,80.2323226929,55577,55587,10
13.0260095596,80.2314300537,55587,55597,10
13.025639534,80.2303771973,55597,55607,10
13.0249595642,80.2294387817,55607,55617,10
13.0246200562,80.229057312,55617,55627,10
13.024600029,80.2290267944,55627,55638,11
13.0244398117,80.2287979126,55638,55648,10
13.0240802765,80.2284011841,55648,55658,10
13.024020195,80.2283172607,55658,55668,10
13.0239095688,80.2281188965,55668,55684,16
13.0235204697,80.2276992798,55684,55696,12
13.0233297348,80.2275314331,55696,55705,9
13.0231199265,80.2272720337,55705,55716,11
13.0224599838,80.2266464233,55716,55726,10
13.0219297409,80.2261962891,55726,55736,10
13.0212497711,80.2257003784,55736,55746,10
13.0204696655,80.2251205444,55746,55757,11
13.019610405,80.2245483398,55757,55767,10
13.0186004639,80.2245178223,55767,55777,10
13.0176296234,80.224937439,55777,55787,10
13.0169401169,80.225227356,55787,55797,10
13.0166397095,80.2253570557,55797,55807,10
13.0164003372,80.2254486084,55807,55817,10
13.0159397125,80.2256011963,55817,55827,10
13.0153198242,80.2258377075,55827,55837,10
13.0147104263,80.2260894775,55837,55847,10
13.0140800476,80.2263870239,55847,55878,31
13.0140800476,80.2263870239,55878,55888,10
13.013879776,80.2264404297,55888,55898,10
13.0133399963,80.2266464233,55898,55908,10
13.0125799179,80.2269515991,55908,55918,10
13.0117301941,80.2272720337,55918,55928,10
13.0107803345,80.2276535034,55928,55938,10
13.0098199844,80.2280273438,55938,55948,10
13.0091199875,80.2286605835,55948,55958,10
13.0089302063,80.2296981812,55958,55969,11
13.0086603165,80.2311401367,55969,55979,10
13.0083904266,80.2324829102,55979,55989,10
13.0082397461,80.2335662842,55989,56009,20
13.0082397461,80.2335662842,56009,56019,10
13.0081501007,80.2338104248,56019,56029,10
13.0080795288,80.2342376709,56029,56039,10
13.0079698563,80.2348098755,56039,56049,10
13.0079498291,80.234916687,56049,56059,10
13.0078802109,80.2351913452,56059,56069,10
13.0077600479,80.2358703613,56069,56080,11
13.0074996948,80.2370376587,56080,56089,9
13.0073204041,80.2380218506,56089,56100,11
13.0070800781,80.2391967773,56100,56110,10
13.0069303513,80.239982605,56110,56170,60
13.0069303513,80.239982605,56170,56180,10
13.0069198608,80.2403106689,56180,56191,11
13.0068702698,80.2406768799,56191,56201,10
13.0068502426,80.240737915,56201,56211,10
13.0067996979,80.2408981323,56211,56221,10
13.0067596436,80.2413635254,56221,56231,10
13.0067300797,80.2419891357,56231,56241,10
13.0066995621,80.242767334,56241,56251,10
13.0066604614,80.243598938,56251,56261,10
13.0066204071,80.2444534302,56261,56271,10
13.0066204071,80.245262146,56271,56281,10
13.0066604614,80.2459716797,56281,56291,10
13.0066900253,80.246711731,56291,56302,11
13.0067195892,80.2470016479,56302,56312,10
13.0067100525,80.2473220825,56312,56322,10
13.0066995621,80.2479171753,56322,56332,10
13.0067300797,80.2487030029,56332,56342,10
13.0068302155,80.2495574951,56342,56362,20
13.0068302155,80.2495574951,56362,56372,10
13.0068502426,80.2497787476,56372,56382,10
13.0067996979,80.2503204346,56382,56392,10
13.0068101883,80.2510070801,56392,56402,10
13.0067796707,80.2513809204,56402,56443,41
13.0067796707,80.2513809204,56443,56453,10
13.0067100525,80.2518310547,56453,56463,10
13.0065803528,80.252571106,56463,56473,10
13.0065498352,80.2536087036,56473,56483,10
13.0065898895,80.2546081543,56483,56493,10
13.0065803528,80.255569458,56493,56503,10
13.0065803528,80.256477356,56503,56513,10
13.0066404343,80.2571182251,56513,56564,51
13.0066404343,80.2571182251,56564,56574,10
13.0067195892,80.25730896,56574,56584,10
13.0068597794,80.2576599121,56584,56594,10
13.0072097778,80.2582473755,56594,56604,10
13.0076704025,80.2586364746,56604,56624,20
13.0076704025,80.2586364746,56624,56635,11
13.008020401,80.2588424683,56635,56645,10
13.0086803436,80.2590408325,56645,56655,10
13.0093297958,80.2590713501,56655,56665,10
13.0102596283,80.2590789795,56665,56675,10
13.0112199783,80.2590713501,56675,56685,10
13.0124502182,80.2591094971,56685,56695,10
13.0137796402,80.2591705322,56695,56705,10
13.0150403976,80.2592010498,56705,56715,10
13.0159196854,80.2594070435,56715,56725,10
13.0163202286,80.2596282959,56725,56735,10
13.0163297653,80.2596435547,56735,56746,11
13.0165596008,80.2598419189,56746,56756,10
13.0170202255,80.2601928711,56756,56766,10
13.0176801682,80.2606430054,56766,56776,10
13.0183200836,80.2610702515,56776,56786,10
13.0188598633,80.2614822388,56786,56796,10
13.0192298889,80.2617416382,56796,56806,10
13.0198001862,80.2622909546,56806,56816,10
13.0201997757,80.2626190186,56816,56827,11
13.0202999115,80.2627029419,56827,56836,9
13.0206804276,80.262840271,56836,56846,10
13.021320343,80.2630386353,56846,56857,11
13.0219497681,80.2633132935,56857,56867,10
13.0221796036,80.2634124756,56867,56877,10
13.0225296021,80.2636032104,56877,56887,10
13.0229902267,80.2638168335,56887,56897,10
13.0236301422,80.2641677856,56897,56913,16
13.024600029,80.2648162842,56913,56925,12
13.0253295898,80.2652893066,56925,56933,8
13.025850296,80.2656784058,56933,56945,12
13.026260376,80.2657012939,56945,56955,10
13.0263395309,80.2651596069,56955,56966,11
13.0264797211,80.2640762329,56966,56986,20
13.0264797211,80.2640762329,56986,56996,10
13.0265302658,80.2636795044,56996,57006,10
13.0267400742,80.2633972168,57006,57016,10
13.0272598267,80.2634811401,57016,57026,10
13.0276699066,80.2635574341,57026,57036,10
13.0281496048,80.2637329102,57036,57046,10
13.0282001495,80.2637634277,57046,57056,10
13.0285596848,80.2638626099,57056,57067,11
13.0291099548,80.2640075684,57067,57077,10
13.0292596817,80.2643280029,57077,57087,10
13.0292701721,80.2649993896,57087,57097,10
13.0292396545,80.2658004761,57097,57107,10
13.0291996002,80.2662734985,57107,57117,10
13.0292100906,80.2664108276,57117,57127,10
13.0294599533,80.2665023804,57127,57137,10
13.0298995972,80.2666168213,57137,57147,10
13.0301799774,80.2666397095,57147,57157,10
13.030579567,80.2667007446,57157,57167,10
13.0312404633,80.2668991089,57167,57178,11
13.031920433,80.2671432495,57178,57188,10
13.0325403214,80.2674407959,57188,57198,10
13.0334396362,80.267791748,57198,57218,20
13.0334396362,80.267791748,57218,57228,10
13.0335197449,80.2678833008,57228,57238,10
13.0339698792,80.2679595947,57238,57248,10
13.0344495773,80.2679901123,57248,57258,10
13.0345401764,80.2679977417,57258,57268,10
13.0344400406,80.2681274414,57268,57278,10
13.0343999863,80.2680664063,57278,57289,11
13.0339698792,80.2679672241,57289,57299,10
13.0333595276,80.2678604126,57299,57380,81
13.0334196091,80.2677078247,57380,57511,131
13.0333499908,80.2677307129,57511,57531,20
13.0333499908,80.2677688599,57531,58167,636
13.0333499908,80.2677688599,58167,58177,10
13.0332298279,80.2677001953,58177,58217,40
13.0332298279,80.2677001953,58217,58227,10
13.0333499908,80.2677078247,58227,58237,10
13.033200264,80.2676773071,58237,58247,10
13.0328197479,80.2677001953,58247,58257,10
13.0324001312,80.267616272,58257,58369,112
13.0324001312,80.267616272,58369,58378,9
13.028260231,80.2662582397,58378,58389,11
13.0271997452,80.2660903931,58389,58399,10
13.0264501572,80.2660369873,58399,58409,10
13.026140213,80.2659835815,58409,58419,10
13.0257797241,80.2656784058,58419,58429,10
13.0252504349,80.2653121948,58429,58439,10
13.0251102448,80.2651672363,58439,58449,10
13.0249700546,80.2652587891,58449,58459,10
13.0248203278,80.265007019,58459,58469,10
13.024600029,80.2647705078,58469,58479,10
13.0244197845,80.2645721436,58479,58489,10
13.0230798721,80.263923645,58489,58500,11
13.0221595764,80.2634277344,58500,58520,20
13.0221595764,80.2634277344,58520,58530,10
13.0220098495,80.2633514404,58530,58540,10
13.0217103958,80.2632064819,58540,58550,10
13.0211200714,80.2630462646,58550,58560,10
13.0204200745,80.2630081177,58560,58570,10
13.0197095871,80.2629776001,58570,58580,10
13.019109726,80.2629318237,58580,58590,10
13.0189399719,80.2628097534,58590,58600,10
13.018910408,80.2623977661,58600,58611,11
13.018819809,80.2617034912,58611,58621,10
13.018699646,80.2613525391,58621,58631,10
13.0185604095,80.2612533569,58631,58641,10
13.0183200836,80.2610931396,58641,58651,10
13.0177602768,80.2606964111,58651,58661,10
13.0170602798,80.2602310181,58661,58671,10
13.0161800385,80.2597503662,58671,58691,20
13.0161800385,80.2597503662,58691,58701,10
13.015999794,80.2596588135,58701,58711,10
13.0154895782,80.2594833374,58711,58722,11
13.0146398544,80.2593383789,58722,58732,10
13.0137395859,80.2593002319,58732,58742,10
13.0127096176,80.259262085,58742,58752,10
13.0116596222,80.2592163086,58752,58762,10
13.010840416,80.2592163086,58762,58772,10
13.0101804733,80.2592697144,58772,58782,10
13.0098600388,80.2592926025,58782,58792,10
13.009759903,80.259262085,58792,58802,10
13.0093297958,80.2592163086,58802,58812,10
13.0088796616,80.2592315674,58812,58822,10
13.0086297989,80.2592468262,58822,58833,11
13.0080099106,80.2592926025,58833,58843,10
13.0074596405,80.2592926025,58843,58853,10
13.0072002411,80.2587280273,58853,58873,20
13.0072002411,80.2587280273,58873,58883,10
13.0070800781,80.2585220337,58883,58893,10
13.0068702698,80.2581329346,58893,58903,10
13.0065803528,80.2576904297,58903,58974,71
13.0065803528,80.2576904297,58974,58984,10
13.0065002441,80.2574234009,58984,58994,10
13.0064697266,80.2570266724,58994,59004,10
13.0064201355,80.2565002441,59004,59014,10
13.0064601898,80.2557907104,59014,59024,10
13.0064001083,80.255241394,59024,59034,10
13.0065097809,80.2544784546,59034,59045,11
13.0064897537,80.2532577515,59045,59065,20
13.0064897537,80.2532577515,59065,59075,10
13.006480217,80.2529602051,59075,59085,10
13.0064897537,80.2524795532,59085,59095,10
13.0065803528,80.2520980835,59095,59105,10
13.0066099167,80.251953125,59105,59114,9
13.0066604614,80.2521209717,59114,59146,32
13.0065898895,80.2520523071,59146,59166,20
13.0065898895,80.2520523071,59166,59176,10
13.0066204071,80.2518386841,59176,59186,10
13.0066900253,80.2513580322,59186,59196,10
13.0066995621,80.2506713867,59196,59206,10
13.0067501068,80.2500305176,59206,59216,10
13.006770134,80.2496337891,59216,59226,10
13.0067996979,80.2491989136,59226,59236,10
13.0067501068,80.2486419678,59236,59246,10
13.0066795349,80.2483062744,59246,59256,10
13.0067195892,80.2481613159,59256,59267,11
13.0065898895,80.2482528687,59267,59277,10
13.0066299438,80.2484512329,59277,59287,10
13.0066003799,80.2481689453,59287,59297,10
13.0066795349,80.2482070923,59297,59337,40
13.0066795349,80.2482070923,59337,59347,10
13.0066099167,80.2480392456,59347,59358,11
13.0065803528,80.2481231689,59358,59438,80
13.0065803528,80.2481231689,59438,59448,10
13.0066204071,80.2472381592,59448,59458,10
13.0064897537,80.2466201782,59458,59469,11
13.0062799454,80.2459793091,59469,59478,9
13.0066699982,80.2463378906,59478,59489,11
13.0066404343,80.2457199097,59489,59499,10
13.0067100525,80.2451171875,59499,59509,10
13.0067195892,80.2450027466,59509,59519,10
13.0065402985,80.2432785034,59519,59529,10
13.0065002441,80.2422714233,59529,59539,10
13.0065698624,80.2414169312,59539,59549,10
13.0065898895,80.2412719727,59549,59559,10
13.0066003799,80.2411117554,59559,59600,41
13.0066003799,80.2411117554,59600,59610,10
13.0067195892,80.2404632568,59610,59620,10
13.0068397522,80.2398223877,59620,59630,10
13.0067596436,80.2389984131,59630,59640,10
13.0071601868,80.2379837036,59640,59650,10
13.0074195862,80.2371292114,59650,59660,10
13.0074796677,80.2366409302,59660,59670,10
13.0074796677,80.2366790771,59670,59680,10
13.0074195862,80.2366714478,59680,59690,10
13.0074996948,80.2365188599,59690,59701,11
13.0074796677,80.2361907959,59701,59711,10
13.0077495575,80.2354202271,59711,59721,10
13.0080099106,80.2344207764,59721,59731,10
13.0081796646,80.2332305908,59731,59741,10
13.008480072,80.2318191528,59741,59751,10
13.0087299347,80.2304382324,59751,59761,10
13.0089998245,80.2291030884,59761,59771,10
13.0093097687,80.2279205322,59771,59780,9
13.0097303391,80.2270202637,59780,59791,11
13.0103197098,80.2257919312,59791,59801,10
13.0108203888,80.2247772217,59801,59812,11
13.0111703873,80.2238616943,59812,59822,10
13.0116100311,80.2229309082,59822,59832,10
13.011879921,80.2219467163,59832,59842,10
13.012339592,80.221572876,59842,59852,10
13.0125799179,80.2219390869,59852,59862,10
13.0129804611,80.2223205566,59862,59872,10
13.0132398605,80.2225875854,59872,59882,10
13.0133695602,80.2227325439,59882,59892,10
13.0136203766,80.2230224609,59892,59902,10
13.0139398575,80.2233200073,59902,59912,10
13.0141000748,80.2234420776,59912,59923,11
13.0143098831,80.2236709595,59923,59933,10
13.0146102905,80.223991394,59933,59943,10
13.0150403976,80.2245483398,59943,59953,10
13.0154600143,80.224937439,59953,59963,10
13.0154800415,80.2249603271,59963,59973,10
13.0156602859,80.2251205444,59973,59983,10
13.0161800385,80.2253417969,59983,59993,10
13.0169200897,80.2251968384,59993,60003,10
13.017780304,80.2248535156,60003,60013,10
13.0186595917,80.2245483398,60013,60023,10
13.0192203522,80.2244567871,60023,60034,11
13.0194997787,80.2245330811,60034,60044,10
13.019780159,80.2246170044,60044,60054,10
13.020190239,80.2248764038,60054,60064,10
13.0205602646,80.2251205444,60064,60074,10
13.0208501816,80.2253570557,60074,60084,10
13.0212402344,80.2257080078,60084,60093,9
13.0218095779,80.2261505127,60093,60114,21
13.0218095779,80.2261505127,60114,60124,10
13.0220804214,80.22631073,60124,60134,10
13.0225896835,80.2267532349,60134,60145,11
13.0232400894,80.2273178101,60145,60155,10
13.0238199234,80.2278594971,60155,60165,10
13.024140358,80.2282028198,60165,60175,10
13.0245704651,80.2287826538,60175,60185,10
13.0250101089,80.2294387817,60185,60193,8
13.0253896713,80.2298583984,60193,60204,11
13.0258197784,80.2303924561,60204,60215,11
13.0259895325,80.2310180664,60215,60225,10
13.0262403488,80.2313995361,60225,60235,10
13.0268697739,80.2312316895,60235,60245,10
13.0275802612,80.231048584,60245,60256,11
13.0282096863,80.2309570313,60256,60265,9
13.0285797119,80.2309112549,60265,60276,11
13.0286598206,80.2309265137,60276,60286,10
13.0290298462,80.2309036255,60286,60296,10
13.0291700363,80.2308883667,60296,60306,10
13.0292196274,80.2308731079,60306,60316,10
13.0295600891,80.2308273315,60316,60326,10
13.0299701691,80.230796814,60326,60336,10
13.0304498672,80.2307815552,60336,60346,10
13.0309000015,80.2307434082,60346,60356,10
13.0314998627,80.2307128906,60356,60367,11
13.0323200226,80.2306365967,60367,60377,10
13.0330896378,80.2305679321,60377,60386,9
13.0337200165,80.2305221558,60386,60398,12
13.0345897675,80.2304000854,60398,60438,40
13.0345897675,80.2304000854,60438,60448,10
13.0346698761,80.2304000854,60448,60458,10
13.0348796844,80.230178833,60458,60469,11
13.0347099304,80.2300491333,60469,60479,10
13.0345201492,80.2301635742,60479,60489,10
13.0347900391,80.2300872803,60489,60549,60
13.034620285,80.2300415039,60549,60569,20
13.034620285,80.2300415039,60569,60580,11
13.0344400406,80.2301330566,60580,60620,40
13.0344295502,80.2300796509,60620,60711,91
13.0344295502,80.2300796509,60711,60721,10
13.0343704224,80.2300567627,60721,60761,40
13.0343704224,80.2300567627,60761,60772,11
13.034330368,80.2300415039,60772,61115,343
13.034330368,80.2300415039,61115,61125,10
13.0343599319,80.2299118042,61125,61286,161
13.0343599319,80.2299118042,61286,61296,10
13.0340900421,80.2303085327,61296,61327,31
13.0338897705,80.2304077148,61327,61377,50
13.0338897705,80.2304077148,61377,61387,10
13.0321598053,80.2306213379,61387,61397,10
13.0315198898,80.2305831909,61397,61407,10
13.0310297012,80.230682373,61407,61417,10
13.03083992,80.2307281494,61417,61427,10
13.0306396484,80.2307662964,61427,61437,10
13.0301904678,80.2307891846,61437,61447,10
13.0297803879,80.2308120728,61447,61458,11
13.0297603607,80.2308120728,61458,61468,10
13.0293998718,80.2308502197,61468,61478,10
13.0288095474,80.2309036255,61478,61488,10
13.028169632,80.2309494019,61488,61498,10
13.0276203156,80.2310409546,61498,61508,10
13.0276498795,80.2314987183,61508,61518,10
13.0277299881,80.2321166992,61518,61528,10
13.027879715,80.2327270508,61528,61538,10
13.0275001526,80.2329025269,61538,61548,10
13.027009964,80.2329864502,61548,61558,10
13.0268802643,80.2330093384,61558,61569,11
13.0265903473,80.2330169678,61569,61579,10
13.026309967,80.2326889038,61579,61589,10
13.0261802673,80.2322387695,61589,61599,10
13.026140213,80.231918335,61599,61609,10
13.0260400772,80.2315826416,61609,61619,10
13.0259199142,80.231086731,61619,61629,10
13.0256996155,80.2305526733,61629,61639,10
13.0253896713,80.2300720215,61639,61649,10
13.0249996185,80.2295379639,61649,61659,10
13.0248098373,80.2293167114,61659,61669,10
13.0248003006,80.2293167114,61669,61680,11
13.024720192,80.2292175293,61680,61690,10
13.0244998932,80.2289199829,61690,61700,10
13.0240297318,80.2283477783,61700,61720,20
13.0240297318,80.2283477783,61720,61730,10
13.0239496231,80.2282409668,61730,61740,10
13.023730278,80.2279586792,61740,61750,10
13.0234899521,80.227722168,61750,61760,10
13.0233697891,80.2276077271,61760,61770,10
13.023059845,80.2272415161,61770,61780,10
13.022359848,80.2266616821,61780,61791,11
13.0216999054,80.2260971069,61791,61801,10
13.0211000443,80.2256393433,61801,61811,10
13.0207004547,80.2253494263,61811,61821,10
13.0204696655,80.2251663208,61821,61831,10
13.0201597214,80.2249526978,61831,61841,10
13.0196199417,80.224609375,61841,61851,10
13.0187101364,80.2245483398,61851,61861,10
13.0176801682,80.2249832153,61861,61871,10
13.01679039,80.2253875732,61871,61887,16
13.0159397125,80.2256698608,61887,61900,13
13.0152101517,80.2259368896,61900,61910,10
13.014670372,80.2261428833,61910,61920,10
13.0141401291,80.2263793945,61920,61940,20
13.0141401291,80.2263793945,61940,61950,10
13.0140399933,80.2264175415,61950,61960,10
13.0135002136,80.2266082764,61960,61970,10
13.0127401352,80.2269134521,61970,61980,10
13.0116996765,80.2273178101,61980,61990,10
13.0105104446,80.2277679443,61990,62000,10
13.0093202591,80.228302002,62000,62011,11
13.0089502335,80.2294921875,62011,62021,10
13.0086803436,80.2309188843,62021,62031,10
13.0083904266,80.2324981689,62031,62041,10
13.0082798004,80.2334594727,62041,62051,10
13.0082798004,80.2334976196,62051,62061,10
13.0082302094,80.2336807251,62061,62071,10
13.0081100464,80.2342300415,62071,62081,10
13.0079402924,80.2350616455,62081,62091,10
13.0077199936,80.2360916138,62091,62101,10
13.0074901581,80.2371368408,62101,62112,11
13.0073003769,80.2381820679,62112,62122,10
13.0072202682,80.2389373779,62122,62132,10
13.0069799423,80.2399597168,62132,62261,129
13.0069799423,80.2399597168,62261,62271,10
13.0069599152,80.2404632568,62271,62281,10
13.0068998337,80.2407608032,62281,62291,10
13.0068597794,80.2409133911,62291,62301,10
13.006770134,80.2413406372,62301,62311,10
13.0067596436,80.2419891357,62311,62321,10
13.0067596436,80.2428207397,62321,62332,11
13.0067396164,80.2439193726,62332,62342,10
13.0065803528,80.2449798584,62342,62352,10
13.0067100525,80.2456970215,62352,62362,10
13.0067596436,80.2464599609,62362,62372,10
13.0067901611,80.247253418,62372,62382,10
13.0067501068,80.2481002808,62382,62392,10
13.006819725,80.2489471436,62392,62402,10
13.0068902969,80.2494888306,62402,62412,10
13.0068998337,80.2495117188,62412,62422,10
13.0069198608,80.249671936,62422,62432,10
13.0069198608,80.2500076294,62432,62483,51
13.0069198608,80.2500076294,62483,62493,10
13.0068798065,80.2502212524,62493,62503,10
13.0068798065,80.2503814697,62503,62513,10
13.0069103241,80.2506866455,62513,62554,41
13.0069103241,80.2506866455,62554,62564,10
13.0063199997,80.2539291382,62564,62574,10
13.0066003799,80.2546691895,62574,62584,10
13.0066204071,80.2551574707,62584,62594,10
13.0066299438,80.255897522,62594,62604,10
13.0066795349,80.2567367554,62604,62614,10
13.0066995621,80.2570800781,62614,62624,10
13.0066795349,80.2570724487,62624,62634,10
13.0067901611,80.2570571899,62634,62675,41
13.0067901611,80.2570571899,62675,62685,10
13.0066795349,80.2572631836,62685,62695,10
13.0068597794,80.2577590942,62695,62705,10
13.0072498322,80.2583770752,62705,62713,8
13.0076503754,80.2586364746,62713,62725,12
13.0077600479,80.2586669922,62725,62735,10
13.0081796646,80.2589035034,62735,62745,10
13.0088100433,80.2590789795,62745,62755,10
13.0094995499,80.2591094971,62755,62766,11
13.0104999542,80.2591171265,62766,62776,10
13.0109996796,80.2591629028,62776,62786,10
13.0116500854,80.2591094971,62786,62796,10
13.0126495361,80.2591171265,62796,62806,10
13.0139198303,80.2592086792,62806,62816,10
13.0152301788,80.2592468262,62816,62826,10
13.0161104202,80.2594909668,62826,62836,10
13.0164203644,80.2596969604,62836,62846,10
13.0164403915,80.2597198486,62846,62856,10
13.0166702271,80.2599182129,62856,62866,10
13.0171604156,80.2602462769,62866,62877,11
13.0178804398,80.2607574463,62877,62887,10
13.0185699463,80.2612533569,62887,62897,10
13.0187902451,80.2613983154,62897,62907,10
13.0191602707,80.26171875,62907,62917,10
13.0196800232,80.2621994019,62917,62927,10
13.0202198029,80.2626571655,62927,62937,10
13.0203895569,80.262802124,62937,62947,10
13.0207901001,80.2628707886,62947,62957,10
13.0214500427,80.263092041,62957,62967,10
13.0220098495,80.2633666992,62967,62977,10
13.0223703384,80.2635574341,62977,62988,11
13.0229902267,80.2638931274,62988,62997,9
13.0230703354,80.2639389038,62997,63008,11
13.0233802795,80.2640914917,63008,63018,10
13.024020195,80.2644500732,63018,63028,10
13.024600029,80.264831543,63028,63038,10
13.0250396729,80.2650909424,63038,63048,10
13.0256204605,80.2654571533,63048,63058,10
13.0260601044,80.2656478882,63058,63069,11
13.0263795853,80.2654266357,63069,63078,9
13.0264701843,80.26512146,63078,63088,10
13.0265302658,80.2643432617,63088,63099,11
13.0265703201,80.263999939,63099,63109,10
13.026599884,80.2638397217,63109,63119,10
13.0265798569,80.2634124756,63119,63129,10
13.02684021,80.2633895874,63129,63139,10
13.0273199081,80.2635116577,63139,63149,10
13.027759552,80.2636413574,63149,63159,10
13.0283603668,80.2638168335,63159,63169,10
13.0289402008,80.263999939,63169,63179,10
13.029250145,80.2640304565,63179,63189,10
13.0293302536,80.2644271851,63189,63199,10
13.0293302536,80.2648925781,63199,63210,11
13.0293197632,80.2655181885,63210,63220,10
13.0293197632,80.2655563354,63220,63230,10
13.0293197632,80.265663147,63230,63240,10
13.0292701721,80.2660675049,63240,63250,10
13.029250145,80.2664489746,63250,63260,10
13.0296096802,80.2665786743,63260,63270,10
13.0301599503,80.2667007446,63270,63280,10
13.0308198929,80.2668685913,63280,63290,10
13.0315599442,80.2672729492,63290,63300,10
13.0324296951,80.2675170898,63300,63311,11
13.032699585,80.2676620483,63311,63321,10
13.0331401825,80.2677307129,63321,63331,10
13.0334796906,80.2677612305,63331,63341,10
13.0333795547,80.2677688599,63341,63351,10
13.0333900452,80.2677764893,63351,63361,10
13.0337095261,80.2679290771,63361,63371,10
13.0340099335,80.2679824829,63371,63381,10
13.034330368,80.2680282593,63381,63401,20
13.0345201492,80.2680206299,63401,63422,21
13.0345201492,80.2680206299,63422,63432,10
13.0346403122,80.268157959,63432,63442,10
13.034620285,80.2680587769,63442,63462,20
13.034620285,80.2680587769,63462,63472,10
13.0345697403,80.2682113647,63472,63482,10
13.0345602036,80.2682037354,63482,63492,10
13.0343599319,80.2680206299,63492,63502,10
13.0340003967,80.267906189,63502,63512,10
13.0337495804,80.267578125,63512,63522,10
13.0333995819,80.2677307129,63522,63533,11
13.0331802368,80.268081665,63533,63553,20
13.0333099365,80.2677307129,63553,63573,20
13.0333099365,80.2677230835,63573,64209,636
13.0332298279,80.2676773071,64209,64633,424
13.0332298279,80.2676773071,64633,64643,10
13.0329904556,80.2676773071,64643,64653,10
13.0327196121,80.2676086426,64653,64663,10
13.0325202942,80.2674865723,64663,64673,10
13.0321903229,80.2673187256,64673,64683,10
13.0316896439,80.2671127319,64683,64693,10
13.0311002731,80.2668685913,64693,64703,10
13.0304603577,80.266708374,64703,64713,10
13.0300397873,80.2665405273,64713,64724,11
13.029250145,80.2665405273,64724,64934,210
13.029250145,80.2665405273,64934,64946,12
13.0221395493,80.2634811401,64946,64956,10
13.0220098495,80.263458252,64956,64966,10
13.0215501785,80.2631835938,64966,64996,30
13.0215501785,80.2631835938,64996,65006,10
13.0195999146,80.2628097534,65006,65016,10
13.0192804337,80.2629394531,65016,65026,10
13.0188398361,80.2629013062,65026,65036,10
13.0189304352,80.2625198364,65036,65057,21
13.0188798904,80.2621765137,65057,65087,30
13.0188798904,80.2621765137,65087,65097,10
13.0187196732,80.2618179321,65097,65107,10
13.0185604095,80.2617492676,65107,65117,10
13.0186796188,80.2616119385,65117,65127,10
13.0183801651,80.2615966797,65127,65188,61
13.0183801651,80.2615966797,65188,65198,10
13.0160398483,80.2596282959,65198,65208,10
13.0161104202,80.2596588135,65208,65218,10
13.016119957,80.2597198486,65218,65228,10
13.0160198212,80.2596206665,65228,65238,10
13.0156002045,80.2594833374,65238,65248,10
13.0150003433,80.2593612671,65248,65258,10
13.0142602921,80.2593231201,65258,65268,10
13.0134296417,80.2592926025,65268,65279,11
13.0125703812,80.2592391968,65279,65289,10
13.0115499496,80.2591781616,65289,65299,10
13.0107898712,80.2592086792,65299,65309,10
13.0100603104,80.259262085,65309,65319,10
13.0099601746,80.259262085,65319,65329,10
13.0097198486,80.2592010498,65329,65339,10
13.0092697144,80.2592163086,65339,65349,10
13.0088996887,80.2592163086,65349,65359,10
13.008649826,80.2592163086,65359,65369,10
13.0081501007,80.2592010498,65369,65380,11
13.0076198578,80.2593383789,65380,65390,10
13.007229805,80.2587585449,65390,65440,50
13.007229805,80.2587585449,65440,65450,10
13.0070896149,80.2585525513,65450,65460,10
13.0069503784,80.2583084106,65460,65470,10
13.0068798065,80.2582473755,65470,65480,10
13.0066404343,80.2577896118,65480,65531,51
13.0066404343,80.2577896118,65531,65541,10
13.0065002441,80.2574996948,65541,65551,10
13.0064697266,80.2570800781,65551,65561,10
13.0064601898,80.2566680908,65561,65571,10
13.0065202713,80.2563400269,65571,65602,31
13.0065202713,80.2563400269,65602,65612,10
13.0066003799,80.2559432983,65612,65622,10
13.0066099167,80.2557601929,65622,65632,10
13.0066099167,80.2555389404,65632,65642,10
13.0065898895,80.2552490234,65642,65682,40
13.0065898895,80.2552490234,65682,65692,10
13.0066099167,80.2548217773,65692,65702,10
13.0065698624,80.2546005249,65702,65713,11
13.0065603256,80.2544021606,65713,65733,20
13.0065603256,80.2544021606,65733,65743,10
13.0065202713,80.2541503906,65743,65824,81
13.0065402985,80.2540817261,65824,65844,20
13.006529808,80.2540817261,65844,65864,20
13.006529808,80.2540817261,65864,65874,10
13.0066299438,80.2540664673,65874,65884,10
13.0065402985,80.253288269,65884,65894,10
13.0065097809,80.2531661987,65894,65905,11
13.0065202713,80.2529907227,65905,65915,10
13.0065097809,80.2527923584,65915,65925,10
13.0064897537,80.2528610229,65925,65945,20
13.0064897537,80.2528610229,65945,65955,10
13.0062198639,80.2529525757,65955,65965,10
13.006360054,80.2529067993,65965,65975,10
13.0062999725,80.2526397705,65975,66005,30
13.0067100525,80.251739502,66005,66025,20
13.0067100525,80.251739502,66025,66036,11
13.006770134,80.2517471313,66036,66086,50
13.0066795349,80.251739502,66086,66117,31
13.0066795349,80.251739502,66117,66126,9
13.0066404343,80.2516174316,66126,66137,11
13.0073604584,80.2516784668,66137,66238,101
13.0073604584,80.2516784668,66238,66248,10
13.0077104568,80.2504806519,66248,66258,10
13.0066795349,80.2499694824,66258,66268,10
13.0067100525,80.2501220703,66268,66278,10
13.0067396164,80.250038147,66278,66369,91
13.0067396164,80.250038147,66369,66379,10
13.0067195892,80.2491607666,66379,66530,151
13.0067195892,80.2491607666,66530,66540,10
13.0066299438,80.2479782104,66540,66550,10
13.0066795349,80.2480392456,66550,66611,61
13.0066795349,80.2480392456,66611,66621,10
13.0066404343,80.2479400635,66621,66631,10
13.0066299438,80.2477874756,66631,66641,10
13.0066404343,80.2473526001,66641,66651,10
13.0066204071,80.2468719482,66651,66661,10
13.0065898895,80.2465667725,66661,66722,61
13.0065898895,80.2465667725,66722,66732,10
13.0065898895,80.2460784912,66732,66742,10
13.0066099167,80.2459716797,66742,66752,10
13.0064401627,80.2458496094,66752,66783,31
13.0064401627,80.2458496094,66783,66792,9
13.0065898895,80.2457809448,66792,66863,71
13.0065898895,80.2457809448,66863,66873,10
13.0064897537,80.2432937622,66873,66883,10
13.0064897537,80.2426605225,66883,66893,10
13.0064697266,80.241859436,66893,66903,10
13.0064601898,80.2415008545,66903,66914,11
13.0065202713,80.2414016724,66914,66930,16
13.0066795349,80.2405776978,66930,66942,12
13.0067796707,80.2405014038,66942,66952,10
13.0068302155,80.2402267456,66952,66962,10
13.0068397522,80.2397384644,66962,66972,10
13.0069904327,80.2391204834,66972,66981,9
13.0070800781,80.2385635376,66981,66992,11
13.0072498322,80.2378234863,66992,67002,10
13.0073604584,80.2372589111,67002,67012,10
13.0073795319,80.236656189,67012,67043,31
13.0073795319,80.236656189,67043,67053,10
13.0074596405,80.2364883423,67053,67063,10
13.0076398849,80.2359466553,67063,67073,10
13.0077800751,80.2353210449,67073,67083,10
13.007900238,80.2345275879,67083,67093,10
13.0078001022,80.2337417603,67093,67103,10
13.0083503723,80.2324829102,67103,67113,10
13.0085401535,80.2314605713,67113,67124,11
13.0087099075,80.2303771973,67124,67134,10
13.008890152,80.2295227051,67134,67143,9
13.0089702606,80.2290802002,67143,67154,11
13.0090103149,80.2287979126,67154,67164,10
13.0090303421,80.2286682129,67164,67174,10
13.0109500885,80.2278213501,67174,67184,10
13.0097103119,80.2273406982,67184,67194,10
13.0097999573,80.2270736694,67194,67204,10
13.0099601746,80.2265014648,67204,67214,10
13.0101299286,80.2261199951,67214,67224,10
13.0101604462,80.2260818481,67224,67235,11
13.0102796555,80.2258071899,67235,67245,10
13.0104904175,80.2253112793,67245,67275,30
13.0104904175,80.2253112793,67275,67285,10
13.0105400085,80.2251968384,67285,67295,10
13.0106601715,80.2250976563,67295,67305,10
13.0107603073,80.2248535156,67305,67315,10
13.0109701157,80.2242431641,67315,67325,10
13.0111999512,80.2236480713,67325,67335,10
13.0114002228,80.2230529785,67335,67346,11
13.0117197037,80.2221984863,67346,67355,9
13.012140274,80.2216720581,67355,67365,10
13.0125102997,80.2217407227,67365,67376,11
13.0128202438,80.222076416,67376,67386,10
13.0129404068,80.2225494385,67386,67396,10
13.0138397217,80.2232666016,67396,67406,10
13.0140800476,80.2235412598,67406,67416,10
13.0142498016,80.2236785889,67416,67426,10
13.0143995285,80.2238235474,67426,67436,10
13.014670372,80.2242202759,67436,67447,11
13.0150403976,80.2249908447,67447,67457,10
13.0153999329,80.2252197266,67457,67467,10
13.0154495239,80.2254333496,67467,67477,10
13.0156497955,80.2252120972,67477,67487,10
13.0158395767,80.2250823975,67487,67497,10
13.0161399841,80.2253799438,67497,67507,10
13.0166902542,80.2253112793,67507,67517,10
13.0173902512,80.2249526978,67517,67527,10
13.0184297562,80.2246017456,67527,67537,10
13.0191698074,80.2242431641,67537,67546,9
13.0195798874,80.2244186401,67546,67558,12
13.0199604034,80.2245178223,67558,67568,10
13.0201797485,80.224937439,67568,67578,10
13.0207595825,80.225440979,67578,67588,10
13.0213298798,80.2255783081,67588,67598,10
13.0214796066,80.2259368896,67598,67608,10
13.0219297409,80.2261123657,67608,67618,10
13.0220403671,80.2262115479,67618,67628,10
13.0221204758,80.2262573242,67628,67638,10
13.0222196579,80.2264099121,67638,67648,10
13.022769928,80.2269592285,67648,67658,10
13.0233697891,80.2275695801,67658,67669,11
13.0241699219,80.2282028198,67669,67678,9
13.0245599747,80.2288284302,67678,67689,11
13.0248699188,80.2293014526,67689,67699,10
13.0252399445,80.2297668457,67699,67709,10
13.0257701874,80.2304763794,67709,67749,40
13.0257701874,80.2304763794,67749,67759,10
13.0258398056,80.2305831909,67759,67770,11
13.0259599686,80.2308731079,67770,67780,10
13.0261001587,80.2312164307,67780,67800,20
13.0261001587,80.2312164307,67800,67810,10
13.028260231,80.23072052,67810,67819,9
13.0282297134,80.2316589355,67819,67830,11
13.0285797119,80.2310409546,67830,67840,10
13.0285196304,80.231010437,67840,67850,10
13.0286798477,80.2309494019,67850,67860,10
13.0286998749,80.2309494019,67860,67870,10
13.0285196304,80.2309875488,67870,67881,11
13.0277700424,80.2308425903,67881,67901,20
13.0277700424,80.2308425903,67901,67911,10
13.0298299789,80.2308120728,67911,67921,10
13.0296802521,80.2314605713,67921,67951,30
13.0296802521,80.2314605713,67951,67961,10
13.0307397842,80.2307434082,67961,67972,11
13.03125,80.2306976318,67972,67982,10
13.0318603516,80.2306213379,67982,68524,542
13.0318603516,80.2306213379,68524,68534,10
13.0342102051,80.2304763794,68534,68565,31
13.0342102051,80.2304763794,68565,68575,10
13.0341796875,80.2304382324,68575,68585,10
13.0341596603,80.2305908203,68585,68595,10
13.0340099335,80.2304382324,68595,68605,10
13.033780098,80.2300796509,68605,68666,61
13.033780098,80.2300796509,68666,68676,10
13.0309000015,80.2307662964,68676,68686,10
13.0307302475,80.2308425903,68686,68706,20
13.0308904648,80.2309570313,68706,68776,70
13.0278596878,80.2320404053,68776,68806,30
13.0278596878,80.2320404053,68806,68817,11
13.0273599625,80.2329788208,68817,68827,10
13.0269498825,80.2331390381,68827,68837,10
13.0266199112,80.2332763672,68837,68847,10
13.0269498825,80.2331771851,68847,68857,10
13.026720047,80.2331390381,68857,68868,11
13.0261096954,80.2332611084,68868,69069,201
13.0261096954,80.2332611084,69069,69078,9
13.0227203369,80.2269821167,69078,69088,10
13.0234098434,80.227142334,69088,69341,253
13.0234098434,80.227142334,69341,69351,10
13.0097703934,80.2281570435,69351,69367,16
13.0089998245,80.2291870117,69367,69379,12
13.0087404251,80.2306213379,69379,69387,8
13.0085201263,80.2316818237,69387,69399,12
13.0083198547,80.2328109741,69399,69409,10
13.0082397461,80.2333068848,69409,69420,11
13.0082197189,80.2335891724,69420,69429,9
13.0082101822,80.2336807251,69429,69440,11
13.0081996918,80.2337875366,69440,69449,9
13.0081796646,80.2338027954,69449,69460,11
13.0080604553,80.2341003418,69460,69469,9
13.0080003738,80.2343826294,69469,69479,10
13.0079898834,80.2344207764,69479,69490,11
13.0079498291,80.2345199585,69490,69500,10
13.0078601837,80.2349624634,69500,69511,11
13.0077600479,80.2356109619,69511,69522,11
13.0077199936,80.2359390259,69522,69532,10
13.0078201294,80.2361984253,69532,69542,10
13.0075397491,80.2366790771,69542,69552,10
13.0074796677,80.2369995117,69552,69562,10
13.0074396133,80.2371673584,69562,69572,10
13.0073204041,80.2378005981,69572,69582,10
13.0073099136,80.2378387451,69582,69643,61
13.0073404312,80.2378768921,69643,69663,20
13.0073404312,80.2378768921,69663,69673,10
13.007399559,80.2378768921,69673,69683,10
13.0072097778,80.2383880615,69683,69693,10
13.0071496964,80.2387771606,69693,69703,10
13.0069904327,80.2394180298,69703,69714,11
13.0067501068,80.2403869629,69714,69855,141
13.0067501068,80.2403869629,69855,69865,10
13.0070495605,80.2401199341,69865,69875,10
13.0068502426,80.2399597168,69875,69935,60
13.0068502426,80.2399597168,69935,69945,10
13.0068702698,80.2402801514,69945,69956,11
13.0067901611,80.2408599854,69956,69966,10
13.0067796707,80.2407989502,69966,69976,10
13.0067501068,80.241607666,69976,69986,10
13.0067396164,80.2423782349,69986,69996,10
13.0067396164,80.2432174683,69996,70006,10
13.0070295334,80.2449035645,70006,70117,111
13.0070295334,80.2449035645,70117,70127,10
13.0068397522,80.2495193481,70127,70147,20
13.006819725,80.2495574951,70147,70167,20
13.006819725,80.2495574951,70167,70178,11
13.0070104599,80.2511367798,70178,70188,10
13.0067396164,80.2512130737,70188,70198,10
13.0067996979,80.2515182495,70198,70238,40
13.0067996979,80.2515182495,70238,70248,10
13.0065898895,80.2527923584,70248,70258,10
13.006529808,80.253578186,70258,70269,11
13.006529808,80.2545623779,70269,70279,10
13.0065202713,80.2552871704,70279,70289,10
13.0065202713,80.2555084229,70289,70299,10
13.0066795349,80.257522583,70299,70309,10
13.0065898895,80.2578125,70309,70319,10
13.0073795319,80.2584762573,70319,70329,10
13.0076599121,80.2587814331,70329,70339,10
13.0076999664,80.2587814331,70339,70349,10
13.0077104568,80.2587966919,70349,70359,10
13.0082902908,80.2590179443,70359,70369,10
13.0090303421,80.2591171265,70369,70379,10
13.0098695755,80.2590866089,70379,70389,10
13.0109796524,80.2590713501,70389,70400,11
13.0122699738,80.2592010498,70400,70410,10
13.0137796402,80.2592773438,70410,70420,10
13.0149898529,80.2593002319,70420,70430,10
13.015879631,80.2594680786,70430,70440,10
13.0163297653,80.2597198486,70440,70450,10
13.0163602829,80.2597427368,70450,70460,10
13.0164403915,80.2598190308,70460,70470,10
13.016699791,80.2600402832,70470,70480,10
13.0171003342,80.2602996826,70480,70490,10
13.0176200867,80.2606506348,70490,70501,11
13.0180797577,80.2609710693,70501,70511,10
13.0185804367,80.2613372803,70511,70521,10
13.0190401077,80.26171875,70521,70531,10
13.0193796158,80.2619934082,70531,70541,10
13.0201101303,80.2626724243,70541,70561,20
13.0201101303,80.2626724243,70561,70571,10
13.0203695297,80.2628326416,70571,70581,10
13.0208597183,80.2630004883,70581,70591,10
13.0214595795,80.2631912231,70591,70601,10
13.0219402313,80.2634277344,70601,70612,11
13.0222902298,80.263633728,70612,70622,10
13.0227403641,80.2638778687,70622,70631,9
13.0229597092,80.263999939,70631,70642,11
13.0230703354,80.2640609741,70642,70652,10
13.0234804153,80.264289856,70652,70662,10
13.023900032,80.2645187378,70662,70672,10
13.0244102478,80.2648162842,70672,70682,10
13.0248203278,80.2651596069,70682,70692,10
13.0253295898,80.2655029297,70692,70702,10
13.0258398056,80.2658081055,70702,70712,10
13.0260896683,80.2659683228,70712,70723,11
13.0263004303,80.2657394409,70723,70733,10
13.0263395309,80.2652511597,70733,70743,10
13.0264196396,80.2646636963,70743,70753,10
13.0264797211,80.2641983032,70753,70763,10
13.0264797211,80.2641220093,70763,70773,10
13.0265398026,80.2637481689,70773,70789,16
13.0269298553,80.2635269165,70789,70801,12
13.0275697708,80.2636871338,70801,70809,8
13.0280799866,80.2638092041,70809,70821,12
13.0282001495,80.2638626099,70821,70832,11
13.0284996033,80.2639465332,70832,70842,10
13.0289802551,80.2641067505,70842,70852,10
13.0292301178,80.2643127441,70852,70862,10
13.0293102264,80.2646408081,70862,70871,9
13.0292901993,80.2651596069,70871,70882,11
13.0292596817,80.2657394409,70882,70892,10
13.0292100906,80.2662200928,70892,70902,10
13.0291996002,80.2662582397,70902,70912,10
13.0291595459,80.2665023804,70912,70922,10
13.0292396545,80.2666091919,70922,70932,10
13.0295600891,80.2666778564,70932,70943,11
13.030090332,80.2667312622,70943,70953,10
13.0306997299,80.2668380737,70953,70963,10
13.0313997269,80.2670516968,70963,70972,9
13.0320301056,80.2673416138,70972,70983,11
13.0325603485,80.2676391602,70983,70993,10
13.0331096649,80.2678375244,70993,71001,8
13.033490181,80.2678985596,71001,71023,22
13.033490181,80.2678985596,71023,71033,10
13.0338602066,80.2680282593,71033,71054,21
13.0338602066,80.2680282593,71054,71064,10
13.0340299606,80.2680511475,71064,71074,10
13.0344696045,80.2680664063,71074,71124,50
13.0344696045,80.2680664063,71124,71134,10
13.0345401764,80.2681427002,71134,71144,10
13.0345201492,80.268157959,71144,71155,11
13.0344104767,80.2681503296,71155,71165,10
13.0339698792,80.2680435181,71165,71175,10
13.0335502625,80.2679367065,71175,71185,10
13.0336999893,80.2678985596,71185,71195,10
13.0335302353,80.2679824829,71195,71205,10
13.0332202911,80.2678527832,71205,71215,10
13.0331802368,80.2677536011,71215,71225,10
13.0333299637,80.2675323486,71225,71316,91
13.0333299637,80.2675323486,71316,71332,16
13.0309295654,80.2669067383,71332,71344,12
13.0297498703,80.2667236328,71344,71375,31
13.0297498703,80.2667236328,71375,71385,10
13.029419899,80.2666397095,71385,71395,10
13.0291900635,80.2665786743,71395,71405,10
13.0291204453,80.2665328979,71405,71414,9
13.0289297104,80.2664718628,71414,71425,11
13.028670311,80.2663726807,71425,71434,9
13.0284404755,80.2663726807,71434,71444,10
13.0278997421,80.2662811279,71444,71455,11
13.0273103714,80.2661895752,71455,71465,10
13.0269498825,80.2661437988,71465,71475,10
13.0267496109,80.2661514282,71475,71486,11
13.0263004303,80.2660522461,71486,71496,10
13.0258398056,80.265838623,71496,71506,10
13.0252504349,80.2654418945,71506,71526,20
13.0252504349,80.2654418945,71526,71536,10
13.0250797272,80.265296936,71536,71545,9
13.0248603821,80.2651062012,71545,71556,11
13.0246496201,80.2649688721,71556,71566,10
13.0240802765,80.264541626,71566,71576,10
13.0235300064,80.2642364502,71576,71586,10
13.0229701996,80.2639083862,71586,71597,11
13.0223302841,80.2636108398,71597,71607,10
13.0220298767,80.263458252,71607,71617,10
13.0220499039,80.2634735107,71617,71627,10
13.0218801498,80.2633209229,71627,71637,10
13.0214099884,80.2631607056,71637,71647,10
13.0207500458,80.2630996704,71647,71657,10
13.0201301575,80.2630310059,71657,71667,10
13.0194997787,80.2629776001,71667,71684,17
13.018819809,80.2623977661,71684,71696,12
13.0186395645,80.2617263794,71696,71706,10
13.0183696747,80.2613296509,71706,71716,10
13.0174798965,80.260597229,71716,71726,10
13.0166597366,80.2600784302,71726,71735,9
13.0160799026,80.2597579956,71735,71746,11
13.0159597397,80.2597122192,71746,71756,10
13.0158004761,80.2596282959,71756,71766,10
13.0153503418,80.2594985962,71766,71776,10
13.01445961,80.2593612671,71776,71786,10
13.0133895874,80.2593307495,71786,71796,10
13.0123701096,80.2592926025,71796,71807,11
13.0113401413,80.259262085,71807,71817,10
13.0106496811,80.259262085,71817,71827,10
13.0098695755,80.2592697144,71827,71837,10
13.0090999603,80.259262085,71837,71847,10
13.0087499619,80.2594528198,71847,71857,10
13.0086202621,80.2593307495,71857,71867,10
13.0083198547,80.2593078613,71867,71877,10
13.0076599121,80.259437561,71877,71887,10
13.007229805,80.2590408325,71887,71897,10
13.0070800781,80.2586517334,71897,71907,10
13.0070400238,80.2584991455,71907,71918,11
13.0067996979,80.2581863403,71918,71928,10
13.0065402985,80.2577972412,71928,71938,10
13.0065097809,80.2577590942,71938,71948,10
13.006480217,80.2573471069,71948,71958,10
13.0064601898,80.256942749,71958,71968,10
13.0064601898,80.256362915,71968,71977,9
13.0064601898,80.2558670044,71977,71988,11
13.0064601898,80.2553787231,71988,71999,11
13.0064697266,80.2547607422,71999,72009,10
13.0065698624,80.2543334961,72009,72019,10
13.0065898895,80.2542495728,72019,72029,10
13.0064697266,80.2533111572,72029,72049,20
13.0063495636,80.2534179688,72049,72069,20
13.0063495636,80.2534179688,72069,72079,10
13.0064697266,80.252281189,72079,72614,535
13.0064697266,80.252281189,72614,72624,10
13.0113201141,80.2235794067,72624,72634,10
13.0113401413,80.2236633301,72634,72644,10
13.0113601685,80.2237930298,72644,72654,10
13.0113897324,80.2232818604,72654,72664,10
13.0115804672,80.2228088379,72664,72675,11
13.0118398666,80.2219772339,72675,72685,10
13.0122404099,80.2215270996,72685,72695,10
13.0125303268,80.2218933105,72695,72705,10
13.0130500793,80.2225112915,72705,72715,10
13.0137996674,80.2233581543,72715,72725,10
13.0144996643,80.224357605,72725,72735,10
13.0150499344,80.2248077393,72735,72745,10
13.0150899887,80.2249069214,72745,72755,10
13.0151100159,80.2248764038,72755,72765,10
13.0153398514,80.2249603271,72765,72775,10
13.0154695511,80.2250366211,72775,72786,11
13.0155601501,80.2251205444,72786,72796,10
13.0160102844,80.2253799438,72796,72806,10
13.0167102814,80.2252807617,72806,72816,10
13.017539978,80.224937439,72816,72826,10
13.0185098648,80.2245635986,72826,72836,10
13.0194196701,80.2244796753,72836,72846,10
13.0201997757,80.2249298096,72846,72856,10
13.0207300186,80.2253189087,72856,72866,10
13.0212001801,80.225692749,72866,72876,10
13.0216398239,80.2260131836,72876,72886,10
13.0217695236,80.2261199951,72886,72897,11
13.0218000412,80.2261505127,72897,72907,10
13.0221099854,80.2264175415,72907,72917,10
13.0227203369,80.2269592285,72917,72927,10
13.023440361,80.2276229858,72927,72937,10
13.0240097046,80.2281799316,72937,72946,9
13.0243396759,80.2285766602,72946,72957,11
13.0246696472,80.2290267944,72957,72967,10
13.0251398087,80.2296218872,72967,72977,10
13.0255403519,80.2301712036,72977,72987,10
13.0258398056,80.2307128906,72987,72996,9
13.0258998871,80.2310028076,72996,73038,42
13.0258998871,80.2310028076,73038,73048,10
13.0258798599,80.2311172485,73048,73058,10
13.0259199142,80.2313613892,73058,73068,10
13.0263395309,80.2313232422,73068,73078,10
13.027130127,80.2311325073,73078,73088,10
13.0282297134,80.2309570313,73088,73108,20
13.0282297134,80.2309570313,73108,73119,11
13.0284004211,80.2309494019,73119,73129,10
13.0289497375,80.2308883667,73129,73159,30
13.0289497375,80.2308883667,73159,73169,10
13.0292596817,80.2308578491,73169,73189,20
13.0292596817,80.2308578491,73189,73199,10
13.0293998718,80.2308807373,73199,73209,10
13.029800415,80.2308273315,73209,73220,11
13.0304203033,80.2307662964,73220,73230,10
13.030960083,80.23072052,73230,73240,10
13.0314903259,80.2306900024,73240,73250,10
13.0320396423,80.2306594849,73250,73260,10
13.0326795578,80.2306137085,73260,73270,10
13.0336799622,80.2305221558,73270,73331,61
13.0336799622,80.2305221558,73331,73341,10
13.0338401794,80.2304611206,73341,73351,10
13.0341396332,80.230430603,73351,73361,10
13.0344696045,80.2303924561,73361,73371,10
13.034740448,80.2303009033,73371,73381,10
13.0348701477,80.2301330566,73381,73391,10
13.0346403122,80.2300872803,73391,73401,10
13.0342702866,80.2301177979,73401,73876,475
13.0342702866,80.2301177979,73876,73886,10
13.0340795517,80.2304382324,73886,73896,10
13.0340499878,80.2304992676,73896,73906,10
13.0338602066,80.2304992676,73906,73916,10
13.0337896347,80.2304763794,73916,73926,10
13.0334796906,80.2304763794,73926,73956,30
13.0334796906,80.2304763794,73956,73966,10
13.0332603455,80.230506897,73966,73977,11
13.0328502655,80.2305526733,73977,73987,10
13.0324201584,80.2305831909,73987,73997,10
13.0319404602,80.2306289673,73997,74007,10
13.0314598083,80.2306671143,74007,74017,10
13.03083992,80.2307281494,74017,74027,10
13.0306501389,80.2307510376,74027,74037,10
13.0302801132,80.230796814,74037,74047,10
13.0298404694,80.2308502197,74047,74057,10
13.0297203064,80.2308883667,74057,74067,10
13.0296401978,80.2308807373,74067,74077,10
13.0290899277,80.2309265137,74077,74088,11
13.028260231,80.2308578491,74088,74098,10
13.0273199081,80.23072052,74098,74330,232
13.0273199081,80.23072052,74330,74340,10
13.0218400955,80.2258377075,74340,74350,10
13.0208997726,80.2255020142,74350,74360,10
13.02023983,80.2250823975,74360,74376,16
13.0197896957,80.2247772217,74376,74388,12
13.019080162,80.2244796753,74388,74396,8
13.0182695389,80.2245788574,74396,74408,12
13.0169696808,80.2252426147,74408,74419,11
13.0161895752,80.2255706787,74419,74429,10
13.0157003403,80.2259597778,74429,74439,10
13.015250206,80.2258987427,74439,74449,10
13.0149402618,80.2259979248,74449,74459,10
13.0143098831,80.2262573242,74459,74467,8
13.0142498016,80.2263412476,74467,74479,12
13.0141496658,80.2264099121,74479,74488,9
13.013710022,80.2265625,74488,74498,10
13.0129699707,80.2269287109,74498,74509,11
13.0118999481,80.2273635864,74509,74519,10
13.0109195709,80.2276535034,74519,74530,11
13.0098304749,80.2280807495,74530,74540,10
13.0090799332,80.2286071777,74540,74550,10
13.0088796616,80.2295074463,74550,74560,10
13.0086402893,80.2306594849,74560,74570,10
13.0085802078,80.2317581177,74570,74580,10
13.0083398819,80.232749939,74580,74590,10
13.008190155,80.2335205078,74590,74599,9
13.0081701279,80.2336120605,74599,74610,11
13.0081195831,80.2337188721,74610,74620,10
13.0080404282,80.2341537476,74620,74631,11
13.0078802109,80.2350311279,74631,74641,10
13.0075798035,80.2362213135,74641,74651,10
13.0075101852,80.2373199463,74651,74661,10
13.0072603226,80.2382583618,74661,74671,10
13.007060051,80.2391433716,74671,74681,10
13.0069503784,80.2398834229,74681,74691,10
13.0069198608,80.2401504517,74691,74701,10
13.0068597794,80.2402114868,74701,74711,10
13.0068302155,80.240272522,74711,74721,10
13.0069198608,80.2403030396,74721,74731,10
13.0069904327,80.2402267456,74731,74772,41
13.0069904327,80.2402267456,74772,74782,10
13.0068702698,80.2403717041,74782,74792,10
13.0068101883,80.2408218384,74792,74802,10
13.0067396164,80.2413711548,74802,74812,10
13.0066404343,80.2423934937,74812,74822,10
13.0066299438,80.2434234619,74822,74832,10
13.0066900253,80.2442932129,74832,74842,10
13.0066299438,80.2454986572,74842,74853,11
13.0066404343,80.2462692261,74853,74863,10
13.0065698624,80.2465362549,74863,74873,10
13.0065202713,80.2469177246,74873,74883,10
13.0067396164,80.2480697632,74883,74893,10
13.0066900253,80.2490615845,74893,74903,10
13.0068502426,80.2496337891,74903,74923,20
13.0068502426,80.2496337891,74923,74933,10
13.0068101883,80.2500915527,74933,74943,10
13.0067996979,80.2507476807,74943,74953,10
13.0067300797,80.2513580322,74953,74974,21
13.0067300797,80.2513580322,74974,74984,10
13.0067796707,80.2515182495,74984,74994,10
13.0068101883,80.2515411377,74994,75004,10
13.0067396164,80.2516937256,75004,75014,10
13.0065803528,80.2522277832,75014,75024,10
13.0065002441,80.2531433105,75024,75034,10
13.0064601898,80.2544021606,75034,75044,10
13.0066204071,80.2565612793,75044,75095,51
13.0065202713,80.2574081421,75095,75234,139
13.0065202713,80.2574081421,75234,75244,10
13.0123596191,80.2593765259,75244,75254,10
13.0140399933,80.2588424683,75254,75264,10
13.0151996613,80.2590713501,75264,75275,11
13.0170001984,80.2584991455,75275,75325,50
13.0170001984,80.2584991455,75325,75335,10
13.0189304352,80.2615966797,75335,75345,10
13.0193796158,80.2620010376,75345,75355,10
13.019900322,80.2624816895,75355,75588,233
13.019900322,80.2624816895,75588,75597,9
13.027179718,80.2634811401,75597,75608,11
13.0277395248,80.2636566162,75608,75618,10
13.0283203125,80.2638702393,75618,77160,1542
13.0283203125,80.2638702393,77160,77170,10
13.0066795349,80.248626709,77170,77180,10
13.0066404343,80.2478485107,77180,77190,10
13.0066404343,80.2472381592,77190,77200,10
13.0065698624,80.2466430664,77200,77220,20
13.0065698624,80.2466430664,77220,77230,10
13.0066099167,80.2464599609,77230,77241,11
13.0066204071,80.2459335327,77241,77251,10
13.0066204071,80.2452316284,77251,77261,10
13.0066003799,80.2444381714,77261,77271,10
13.0065803528,80.2437362671,77271,77281,10
13.0065402985,80.2432022095,77281,77291,10
13.0065402985,80.2425308228,77291,77301,10
13.0065402985,80.2417907715,77301,77310,9
13.0065402985,80.2416610718,77310,77321,11
13.0065603256,80.2412872314,77321,77331,10
13.0066204071,80.2407836914,77331,77352,21
13.0066204071,80.2407836914,77352,77362,10
13.0066404343,80.2405395508,77362,77372,10
13.0067396164,80.2400665283,77372,77382,10
13.0069198608,80.2392883301,77382,77392,10
13.0071001053,80.2384109497,77392,77402,10
13.0072498322,80.2376708984,77402,77412,10
13.0073795319,80.2369689941,77412,77422,10
13.0074195862,80.2367477417,77422,77432,10
13.0074300766,80.2367019653,77432,77442,10
13.0075502396,80.236289978,77442,77453,11
13.0076799393,80.2356414795,77453,77463,10
13.0078001022,80.2349700928,77463,77473,10
13.0079603195,80.2342071533,77473,77483,10
13.0081596375,80.2332611084,77483,77493,10
13.0083703995,80.232170105,77493,77503,10
13.0085601807,80.2311172485,77503,77513,10
13.0087404251,80.2302017212,77513,77523,10
13.008939743,80.2293701172,77523,77533,10
13.0091199875,80.2284622192,77533,77543,10
13.0094804764,80.2275314331,77543,77553,10
13.0098896027,80.2265625,77553,77563,10
13.0103302002,80.225730896,77563,77574,11
13.0106201172,80.2251205444,77574,77584,10
13.010720253,80.224937439,77584,77594,10
13.0109195709,80.2243804932,77594,77604,10
13.0112104416,80.2236480713,77604,77620,16
13.0117101669,80.2222518921,77620,77632,12
13.0121498108,80.2214508057,77632,77640,8
13.0122900009,80.221496582,77640,77652,12
13.0126800537,80.2220535278,77652,77662,10
13.0132102966,80.2226715088,77662,77672,10
13.0138101578,80.2233200073,77672,77682,10
13.014380455,80.2240524292,77682,77693,11
13.015080452,80.2247695923,77693,77703,10
13.0155296326,80.2250900269,77703,77713,10
13.0155496597,80.2250976563,77713,77723,10
13.0156698227,80.2252426147,77723,77733,10
13.0160398483,80.225402832,77733,77743,10
13.0168800354,80.2252120972,77743,77753,10
13.017829895,80.2248001099,77753,77763,10
13.0189304352,80.2244033813,77763,77773,10
13.0199699402,80.2247390747,77773,77784,11
13.0208997726,80.2254180908,77784,77794,10
13.0215797424,80.2259216309,77794,77804,10
13.0219602585,80.2261428833,77804,77814,10
13.0219697952,80.2261428833,77814,77824,10
13.0220098495,80.2261123657,77824,77834,10
13.0223197937,80.2263565063,77834,77844,10
13.0228004456,80.2267990112,77844,77854,10
13.0234804153,80.2275009155,77854,77864,10
13.024140358,80.2280807495,77864,77874,10
13.0247402191,80.2288284302,77874,77884,10
13.024720192,80.2285079956,77884,77895,11
13.0246496201,80.228302002,77895,77933,38
13.0246496201,80.228302002,77933,77943,10
13.0260696411,80.2318191528,77943,77963,20
13.0260696411,80.2318191528,77963,77973,10
13.0275096893,80.231010437,77973,77983,10
13.0282897949,80.2309570313,77983,77994,11
13.0295600891,80.2305374146,77994,78054,60
13.0295600891,80.2305374146,78054,78064,10
13.0318403244,80.2306518555,78064,78074,10
13.0323295593,80.2305374146,78074,78084,10
13.0331001282,80.2305221558,78084,78101,17
13.0337400436,80.2303771973,78101,78114,13
13.0336799622,80.2303771973,78114,78124,10
13.0339603424,80.2304077148,78124,78134,10
13.034330368,80.2304000854,78134,78164,30
13.034330368,80.2304000854,78164,78174,10
13.0345001221,80.2303619385,78174,78194,20
13.034620285,80.2303390503,78194,78214,20
13.034620285,80.2303390503,78214,78225,11
13.0348300934,80.2302703857,78225,78235,10
13.0349397659,80.2302017212,78235,78245,10
13.0350599289,80.2300567627,78245,78254,9
13.0350999832,80.2298965454,78254,78275,21
13.0350999832,80.2298965454,78275,78285,10
13.0347299576,80.2297897339,78285,78295,10
13.0342903137,80.2298431396,78295,78467,172
13.0341596603,80.2302017212,78467,78860,393
13.0341596603,80.2302017212,78860,78871,11
13.0338497162,80.23046875,78871,78881,10
13.0335197449,80.2304916382,78881,78891,10
13.0334100723,80.230506897,78891,78901,10
13.033080101,80.2305297852,78901,78911,10
13.0327100754,80.2305603027,78911,78921,10
13.0322704315,80.2306137085,78921,78931,10
13.0317001343,80.2306518555,78931,78941,10
13.0310897827,80.2306976318,78941,78951,10
13.0306596756,80.2307434082,78951,78961,10
13.0302600861,80.2307815552,78961,78971,10
13.0298404694,80.2308273315,78971,78982,11
13.0297403336,80.2308502197,78982,78992,10
13.029419899,80.2308578491,78992,79002,10
13.0289096832,80.2308883667,79002,79012,10
13.0283203125,80.2309799194,79012,79022,10
13.0277700424,80.2310333252,79022,79032,10
13.0276498795,80.2312698364,79032,79042,10
13.0276699066,80.2317199707,79042,79052,10
13.0277299881,80.2322311401,79052,79062,10
13.0278196335,80.2327423096,79062,79072,10
13.0273799896,80.2328796387,79072,79083,11
13.0267696381,80.233001709,79083,79093,10
13.0264196396,80.2329483032,79093,79103,10
13.0262203217,80.2325363159,79103,79113,10
13.0261497498,80.2320709229,79113,79123,10
13.0260601044,80.2317886353,79123,79133,10
13.0259799957,80.2313690186,79133,79143,10
13.025759697,80.2306976318,79143,79153,10
13.0253095627,80.2298965454,79153,79155,2
13.0239400864,80.2282028198,79155,79227,72
13.0239400864,80.2282028198,79227,79237,10
13.0233697891,80.2276306152,79237,79247,10
13.0231895447,80.2274398804,79247,79257,10
13.0228004456,80.2270965576,79257,79267,10
13.0223798752,80.2267074585,79267,79277,10
13.0218296051,80.2262420654,79277,79287,10
13.0212898254,80.225769043,79287,79299,12
13.0204801559,80.225227356,79299,79311,12
13.0192804337,80.2247390747,79311,79320,9
13.0186700821,80.2243118286,79320,79331,11
13.0181398392,80.2247161865,79331,79341,10
13.0172100067,80.225112915,79341,79351,10
13.0158195496,80.2256393433,79351,80411,1060
13.0158195496,80.2256393433,80411,80421,10
13.0292100906,80.2643585205,80421,80502,81
13.0292100906,80.2643585205,80502,80512,10
13.0291996002,80.2668685913,80512,80522,10
13.0298700333,80.2665481567,80522,80532,10
13.0310201645,80.2670974731,80532,80542,10
13.0330495834,80.267791748,80542,80593,51
13.0330495834,80.267791748,80593,80603,10
13.033780098,80.2679290771,80603,80613,10
13.0339403152,80.2678375244,80613,80623,10
13.0339899063,80.2678222656,80623,80633,10
13.0346002579,80.2687911987,80633,80643,10
13.0345096588,80.268119812,80643,80653,10
13.0342197418,80.2680587769,80653,80663,10
13.0336999893,80.2678985596,80663,80673,10
13.0331096649,80.2677993774,80673,80683,10
13.0326299667,80.2676620483,80683,80693,10
13.0322904587,80.2673187256,80693,80703,10
13.0316896439,80.2671203613,80703,80714,11
13.0311899185,80.2669906616,80714,80724,10
13.0304498672,80.2667770386,80724,80734,10
13.0298099518,80.2666625977,80734,80744,10
13.0292701721,80.2665481567,80744,80754,10
13.0288696289,80.2664031982,80754,80764,10
13.0283699036,80.2663269043,80764,80774,10
13.0278997421,80.2662277222,80774,80784,10
13.027299881,80.266166687,80784,80794,10
13.0269498825,80.2660903931,80794,80804,10
13.0269203186,80.2660827637,80804,80814,10
13.0267400742,80.2660217285,80814,80825,11
13.0266199112,80.2660598755,80825,80835,10
13.0263900757,80.2660217285,80835,81723,888
13.0263900757,80.2660217285,81723,81733,10
13.0260801315,80.2663574219,81733,82167,434
13.0260801315,80.2663574219,82167,82177,10
13.0263900757,80.2662963867,82177,82338,161
13.0263900757,80.2662963867,82338,82349,11
13.0265102386,80.2661819458,82349,82369,20
13.0265102386,80.2661819458,82369,82379,10
13.0263595581,80.2662963867,82379,82389,10
13.0261297226,80.2663192749,82389,82399,10
13.0260696411,80.2661895752,82399,82409,10
13.0261001587,80.2661437988,82409,82419,10
13.026260376,80.2659683228,82419,82429,10
13.0264997482,80.2659683228,82429,82439,10
13.0268001556,80.2658309937,82439,83822,1383
13.0268001556,80.2658309937,83822,83832,10
