12.9978504181,80.2571105957,15,1175,1160
12.9975404739,80.2570419312,1175,1256,81
12.9974098206,80.2569885254,1256,1306,50
12.997590065,80.2569580078,1306,1387,81
12.997759819,80.2570114136,1387,1427,40
12.997759819,80.2570114136,1427,1437,10
12.9978399277,80.2571792603,1437,1478,41
12.9977703094,80.2571029663,1478,2668,1190
12.9976100922,80.256980896,2668,2820,152
12.997759819,80.2570419312,2820,3243,423
12.9977197647,80.257019043,3243,4555,1312
12.9977302551,80.2571792603,4555,7178,2623
12.9978599548,80.2570037842,7178,7259,81
12.9978599548,80.2570037842,7259,7269,10
12.9977397919,80.2570800781,7269,7643,374
12.9977903366,80.2569732666,7643,7885,242
12.9976997375,80.2569885254,7885,11296,3411
12.9976396561,80.2572402954,11296,12073,777
12.9977703094,80.2570800781,12073,12406,333
12.9975996017,80.2572784424,12406,12487,81
12.997759819,80.2571105957,12487,14003,1516
12.9978599548,80.2570800781,14003,14073,70
12.9977903366,80.2570037842,14073,14729,656
12.9977903366,80.2570037842,14729,14739,10
12.9976596832,80.2568893433,14739,16485,1746
12.997879982,80.2571792603,16485,18362,1877
12.9979600906,80.2573623657,18362,18422,60
12.9978904724,80.2572784424,18422,18674,252
12.9978904724,80.2572784424,18674,18685,11
12.9978399277,80.2571792603,18685,18695,10
12.9977502823,80.2567520142,18695,18705,10
12.9977502823,80.2561416626,18705,18785,80
12.9977502823,80.2561416626,18785,18796,11
12.9974403381,80.2558898926,18796,20501,1705
12.9973897934,80.2560501099,20501,20683,182
12.997420311,80.2559204102,20683,21046,363
12.997420311,80.2559204102,21046,21056,10
12.9971904755,80.2559509277,21056,21066,10
12.9970302582,80.2559509277,21066,21076,10
12.9969396591,80.2560577393,21076,21086,10
12.9969301224,80.2564315796,21086,21096,10
12.9968595505,80.2571182251,21096,21106,10
12.9967603683,80.2580032349,21106,21116,10
12.9966402054,80.2590866089,21116,21126,10
12.996509552,80.2602233887,21126,21137,11
12.9963903427,80.2614593506,21137,21147,10
12.9962997437,80.2621765137,21147,21157,10
12.9962301254,80.2627029419,21157,21167,10
12.9961500168,80.263420105,21167,21177,10
12.9960403442,80.2642822266,21177,21187,10
12.995929718,80.2651596069,21187,21197,10
12.9958400726,80.2662506104,21197,21207,10
12.995759964,80.2673416138,21207,21217,10
12.9960403442,80.2677307129,21217,21227,10
12.9967603683,80.267791748,21227,21237,10
12.9976396561,80.2675476074,21237,21248,11
12.9988098145,80.2672424316,21248,21258,10
12.9998703003,80.2668762207,21258,21268,10
13.0001602173,80.2665405273,21268,21278,10
13.0001802444,80.2664718628,21278,21288,10
13.0002202988,80.2660827637,21288,21298,10
13.0003204346,80.2657012939,21298,21308,10
13.0003499985,80.2663421631,21308,21328,20
13.0003499985,80.2663421631,21328,21338,10
13.0003499985,80.2665786743,21338,21843,505
13.0003499985,80.2665786743,21843,21853,10
13.0002202988,80.2668380737,21853,21863,10
12.9999399185,80.2669372559,21863,21873,10
12.9995603561,80.2670211792,21873,21883,10
12.9991102219,80.2671203613,21883,21893,10
12.9985799789,80.2672576904,21893,21903,10
12.9979000092,80.2674713135,21903,21914,11
12.9969301224,80.2677230835,21914,21924,10
12.9959697723,80.2677383423,21924,21934,10
12.9956703186,80.2674026489,21934,21944,10
12.9956703186,80.2673721313,21944,21954,10
12.9957199097,80.2672271729,21954,21964,10
12.9957704544,80.2667617798,21964,21974,10
12.9958400726,80.2660217285,21974,21984,10
12.9959402084,80.26512146,21984,21994,10
12.9960603714,80.2641220093,21994,22004,10
12.9961595535,80.263092041,22004,22014,10
12.996219635,80.262588501,22014,22025,11
12.996219635,80.2625808716,22025,22035,10
12.9962596893,80.262260437,22035,22045,10
12.9963502884,80.2617111206,22045,22055,10
12.9964199066,80.260887146,22055,22065,10
12.9965000153,80.260017395,22065,22075,10
12.9965896606,80.2590026855,22075,22085,10
12.9967002869,80.2579116821,22085,22095,10
12.9968395233,80.2567596436,22095,22105,10
12.9968795776,80.2560195923,22105,22115,10
12.9968795776,80.2559814453,22115,22125,10
12.9970397949,80.2558288574,22125,22136,11
12.9975595474,80.2558822632,22136,22146,10
12.9982004166,80.2559585571,22146,22156,10
12.998840332,80.2560119629,22156,22166,10
12.9989404678,80.2559967041,22166,22176,10
12.9993600845,80.2560882568,22176,22186,10
13.0000295639,80.2562408447,22186,22196,10
13.0008802414,80.256401062,22196,22206,10
13.0017795563,80.2565612793,22206,22216,10
13.0027704239,80.2567214966,22216,22226,10
13.0038204193,80.256942749,22226,22236,10
13.0048799515,80.2571411133,22236,22247,11
13.0060796738,80.2574005127,22247,22257,10
13.0065402985,80.2572097778,22257,22267,10
13.0064401627,80.2565231323,22267,22277,10
13.0065002441,80.255531311,22277,22287,10
13.006529808,80.2545318604,22287,22297,10
13.0065202713,80.2534790039,22297,22307,10
13.0065402985,80.2531204224,22307,22317,10
13.006529808,80.2527694702,22317,22327,10
13.0066099167,80.252243042,22327,22337,10
13.0066995621,80.2516403198,22337,22354,17
13.006770134,80.2502593994,22354,22366,12
13.0067501068,80.2490768433,22366,22376,10
13.0066604614,80.248260498,22376,22385,9
13.0066204071,80.2474365234,22385,22426,41
13.0066204071,80.2474365234,22426,22436,10
13.0065803528,80.2473678589,22436,22446,10
13.0065898895,80.2469406128,22446,22456,10
13.0065698624,80.2465591431,22456,22467,11
13.0065898895,80.2463989258,22467,22477,10
13.0066003799,80.2458496094,22477,22487,10
13.0065898895,80.2450790405,22487,22497,10
13.0066204071,80.2440719604,22497,22507,10
13.0066003799,80.2429199219,22507,22517,10
13.0065803528,80.2417526245,22517,22527,10
13.0066900253,80.2406387329,22527,22537,10
13.0068902969,80.239692688,22537,22547,10
13.0070495605,80.2387466431,22547,22557,10
13.0073003769,80.2376480103,22557,22567,10
13.0074195862,80.2367477417,22567,22578,11
13.0074300766,80.2367172241,22578,22588,10
13.0075101852,80.2365036011,22588,22598,10
13.0076198578,80.236000061,22598,22608,10
13.0077600479,80.2352523804,22608,22618,10
13.0079298019,80.2343292236,22618,22628,10
13.0081396103,80.2332992554,22628,22638,10
13.0083503723,80.2322006226,22638,22648,10
13.0085601807,80.2311019897,22648,22658,10
13.0087604523,80.2299880981,22658,22667,9
13.0089797974,80.2289962769,22667,22678,11
13.0093097687,80.2278289795,22678,22689,11
13.0098400116,80.2266769409,22689,22699,10
13.0103302002,80.2256317139,22699,22709,10
13.0108299255,80.2245864868,22709,22719,10
13.0112895966,80.2234573364,22719,22729,10
13.0117301941,80.2223892212,22729,22739,10
13.0121603012,80.2214202881,22739,22749,10
13.0124902725,80.2215881348,22749,22759,10
13.0128297806,80.2221374512,22759,22769,10
13.0133600235,80.2226867676,22769,22779,10
13.0139398575,80.2233886719,22779,22789,10
13.0143203735,80.2238311768,22789,22799,10
13.0148601532,80.2243728638,22799,22810,11
13.0153198242,80.2248382568,22810,22820,10
13.0154695511,80.2249679565,22820,22830,10
13.0157403946,80.2252197266,22830,22840,10
13.0163803101,80.2253265381,22840,22850,10
13.0172300339,80.2250366211,22850,22860,10
13.0182600021,80.224609375,22860,22870,10
13.0190296173,80.224319458,22870,22880,10
13.0191402435,80.2243270874,22880,22890,10
13.0194396973,80.2244110107,22890,22900,10
13.0199804306,80.2247390747,22900,22910,10
13.0206403732,80.2252120972,22910,22921,11
13.0215196609,80.2258834839,22921,22931,10
13.0223798752,80.2265167236,22931,22941,10
13.0231895447,80.2272415161,22941,22951,10
13.0238800049,80.2279510498,22951,22961,10
13.0244903564,80.2287216187,22961,22971,10
13.025179863,80.229598999,22971,22981,10
13.0257797241,80.23046875,22981,22990,9
13.0260000229,80.2309799194,22990,23001,11
13.0260400772,80.2312774658,23001,23011,10
13.0263996124,80.231262207,23011,23021,10
13.0271196365,80.2310791016,23021,23032,11
13.0279998779,80.2309494019,23032,23042,10
13.0285301208,80.2308807373,23042,23051,9
13.0289297104,80.2308578491,23051,23062,11
13.0294704437,80.2308120728,23062,23072,10
13.0298595428,80.2307510376,23072,23082,10
13.0300703049,80.230758667,23082,23092,10
13.0304698944,80.2307510376,23092,23102,10
13.0306901932,80.2306213379,23102,23112,10
13.0306596756,80.2303009033,23112,23122,10
13.0304603577,80.2296829224,23122,23132,10
13.0303201675,80.229057312,23132,23143,11
13.0303401947,80.2285308838,23143,23153,10
13.0303897858,80.228012085,23153,23163,10
13.0304203033,80.2275924683,23163,23173,10
13.0298404694,80.227432251,23173,23183,10
13.0290603638,80.2272720337,23183,23193,10
13.0284996033,80.2271499634,23193,23203,10
13.027970314,80.2270126343,23203,23213,10
13.0279798508,80.2264175415,23213,23223,10
13.028169632,80.2255401611,23223,23233,10
13.028429985,80.2244186401,23233,23243,10
13.0287103653,80.2239608765,23243,23254,11
13.0289802551,80.2241592407,23254,23264,10
13.0294704437,80.2242965698,23264,23274,10
13.0301303864,80.2243118286,23274,23284,10
13.0305404663,80.2242965698,23284,23294,10
13.0310897827,80.2242126465,23294,23304,10
13.0311403275,80.2235412598,23304,23314,10
13.0312404633,80.2231826782,23314,23324,10
13.0313501358,80.2227096558,23324,23340,16
13.0319004059,80.2216033936,23340,23352,12
13.0321702957,80.2205200195,23352,23363,11
13.0321998596,80.2199172974,23363,23373,10
13.0322504044,80.2198181152,23373,23383,10
13.0322303772,80.219367981,23383,23392,9
13.03221035,80.218711853,23392,23403,11
13.0315599442,80.2183303833,23403,23412,9
13.0314903259,80.2177581787,23412,23423,11
13.0314397812,80.2170791626,23423,23434,11
13.0311603546,80.2169494629,23434,23444,10
13.0306396484,80.2169418335,23444,23454,10
13.0304603577,80.2164764404,23454,23464,10
13.0303602219,80.2156906128,23464,23475,11
13.0303297043,80.2147216797,23475,23485,10
13.030380249,80.2145767212,23485,23495,10
13.0304403305,80.2142333984,23495,23505,10
13.0304899216,80.2137374878,23505,23515,10
13.0305404663,80.2135162354,23515,23525,10
13.0305700302,80.2132263184,23525,23535,10
13.0306596756,80.2125701904,23535,23545,10
13.0307598114,80.211807251,23545,23555,10
13.03083992,80.211517334,23555,23571,16
13.0308904648,80.2109832764,23571,23585,14
13.0309801102,80.2104034424,23585,23595,10
13.0310096741,80.2101669312,23595,23605,10
13.03083992,80.2100372314,23605,23615,10
13.0304203033,80.2099075317,23615,23625,10
13.0300197601,80.2096176147,23625,23635,10
13.0301399231,80.2091598511,23635,23645,10
13.0306100845,80.2091064453,23645,23655,10
13.0312204361,80.2092819214,23655,23665,10
13.0312995911,80.2092971802,23665,23676,11
13.0315504074,80.2093887329,23676,23686,10
13.0321798325,80.2095184326,23686,23696,10
13.0330696106,80.2096710205,23696,23707,11
13.0341396332,80.2098693848,23707,23717,10
13.0350198746,80.2099380493,23717,23727,10
13.0352296829,80.2092208862,23727,23737,10
13.0352802277,80.2087783813,23737,23747,10
13.0353603363,80.2083282471,23747,23757,10
13.0354795456,80.2075500488,23757,23767,10
13.0356197357,80.2065963745,23767,23777,10
13.0357599258,80.2056884766,23777,23787,10
13.0358600616,80.2049484253,23787,23797,10
13.0359601974,80.204246521,23797,23808,11
13.0361099243,80.203338623,23808,23818,10
13.0362501144,80.2023773193,23818,23834,16
13.0363903046,80.2013168335,23834,23846,12
13.0365104675,80.2005386353,23846,23856,10
13.0366401672,80.1996688843,23856,23865,9
13.0367603302,80.1988830566,23865,23876,11
13.0368995667,80.1979217529,23876,23886,10
13.0370197296,80.1971511841,23886,23896,10
13.0370903015,80.1964492798,23896,23906,10
13.0371704102,80.1959762573,23906,23917,11
13.0372400284,80.1955032349,23917,23927,10
13.0373601913,80.1948013306,23927,23937,10
13.0375003815,80.193901062,23937,23947,10
13.0375995636,80.1932296753,23947,23957,10
13.0376701355,80.1929092407,23957,23967,10
13.0381002426,80.192779541,23967,23977,10
13.0384397507,80.192817688,23977,23987,10
13.0388402939,80.1928863525,23987,23997,10
13.0393800735,80.1929702759,23997,24007,10
13.0400800705,80.1930770874,24007,24017,10
13.0406999588,80.1931991577,24017,24028,11
13.0416002274,80.1933364868,24028,24038,10
13.0417404175,80.1937637329,24038,24048,10
13.0416898727,80.194519043,24048,24058,10
13.0415897369,80.1952590942,24058,24068,10
13.0414600372,80.1959609985,24068,24078,10
13.0413799286,80.1966629028,24078,24088,10
13.0413398743,80.1970596313,24088,24098,10
13.041270256,80.1976928711,24098,24108,10
13.0411596298,80.1985168457,24108,24118,10
13.0410604477,80.1990814209,24118,24128,10
13.0410203934,80.19947052,24128,24138,10
13.0409002304,80.2002410889,24138,24149,11
13.0407495499,80.2012634277,24149,24159,10
13.0406599045,80.2019577026,24159,24169,10
13.0406103134,80.2023620605,24169,24179,10
13.04047966,80.2030792236,24179,24189,10
13.040309906,80.2040634155,24189,24199,10
13.0401697159,80.2048721313,24199,24209,10
13.0404901505,80.2051010132,24209,24219,10
13.0408496857,80.2051391602,24219,24229,10
13.0409803391,80.2051620483,24229,24239,10
13.0414199829,80.2052230835,24239,24249,10
13.0422096252,80.2053375244,24249,24260,11
13.0428199768,80.2058410645,24260,24270,10
13.0433397293,80.20652771,24270,24280,10
13.0437602997,80.2071685791,24280,24290,10
13.0440597534,80.2078170776,24290,24300,10
13.0441398621,80.2085494995,24300,24310,10
13.0441799164,80.2089767456,24310,24320,10
13.0441799164,80.2093734741,24320,24330,10
13.0442304611,80.2100524902,24330,24340,10
13.0442495346,80.2109069824,24340,24350,10
13.0443201065,80.2120895386,24350,24381,31
13.0443201065,80.2120895386,24381,24391,10
13.044380188,80.2122421265,24391,24407,16
13.0447397232,80.2122421265,24407,24419,12
13.0455703735,80.2122421265,24419,24427,8
13.0462903976,80.2122192383,24427,24439,12
13.0469503403,80.2121810913,24439,24449,10
13.0470695496,80.212020874,24449,24459,10
13.0471000671,80.2116012573,24459,24469,10
13.0470399857,80.2111587524,24469,24480,11
13.0471401215,80.2107620239,24480,24490,10
13.0478000641,80.2108001709,24490,24500,10
13.0483999252,80.2108078003,24500,24510,10
13.0491800308,80.2108535767,24510,24520,10
13.0495796204,80.2108383179,24520,24530,10
13.0496797562,80.2104873657,24530,24540,10
13.0496501923,80.2101974487,24540,24550,10
13.0496797562,80.2100296021,24550,24560,10
13.0495996475,80.2096176147,24560,24570,10
13.0495500565,80.2089385986,24570,24580,10
13.0493803024,80.2082138062,24580,24591,11
13.0488796234,80.2069778442,24591,24611,20
13.0488796234,80.2069778442,24611,24621,10
13.0488595963,80.2068481445,24621,24631,10
13.0490999222,80.2067871094,24631,24641,10
13.0492897034,80.2068786621,24641,25257,616
13.0492897034,80.2071609497,25257,25418,161
13.049249649,80.20703125,25418,25983,565
13.049249649,80.20703125,25983,25993,10
13.0492601395,80.2072219849,25993,27103,1110
13.0492601395,80.2072219849,27103,27113,10
13.0490703583,80.2077102661,27113,27123,10
13.0492696762,80.2082519531,27123,27133,10
13.0494499207,80.209022522,27133,27143,10
13.0495996475,80.2098617554,27143,27153,10
13.0497398376,80.2108612061,27153,27164,11
13.0498800278,80.2116622925,27164,27174,10
13.0499200821,80.2119598389,27174,27184,10
13.0495901108,80.2121963501,27184,27204,20
13.0495901108,80.2121963501,27204,27214,10
13.0492200851,80.2121810913,27214,27224,10
13.0486001968,80.2122268677,27224,27234,10
13.0478696823,80.2122573853,27234,27244,10
13.0469999313,80.2123336792,27244,27254,10
13.0459003448,80.2123565674,27254,27264,10
13.0445299149,80.2124176025,27264,27315,51
13.0445299149,80.2124176025,27315,27325,10
13.0443000793,80.2123336792,27325,27335,10
13.0441999435,80.2118988037,27335,27345,10
13.0441999435,80.211151123,27345,27355,10
13.0441703796,80.2103118896,27355,27365,10
13.0440797806,80.2089385986,27365,27386,21
13.0440797806,80.2089385986,27386,27396,10
13.0441102982,80.2088317871,27396,27406,10
13.0440998077,80.2083435059,27406,27416,10
13.0439395905,80.2075881958,27416,27426,10
13.043419838,80.2067489624,27426,27436,10
13.0427598953,80.2058181763,27436,27446,10
13.0418395996,80.2052612305,27446,27456,10
13.0407800674,80.2051391602,27456,27476,20
13.0407800674,80.2051391602,27476,27486,10
13.04047966,80.205116272,27486,27496,10
13.0400896072,80.2050704956,27496,27507,11
13.0395202637,80.2049484253,27507,27517,10
13.0389499664,80.2048492432,27517,27526,9
13.0382604599,80.204750061,27526,27537,11
13.0382404327,80.2040634155,27537,27547,10
13.0383396149,80.2032012939,27547,27557,10
13.0384998322,80.2021179199,27557,27567,10
13.0385704041,80.2014770508,27567,27577,10
13.0386800766,80.2009429932,27577,27587,10
13.0387802124,80.2001495361,27587,27597,10
13.0389099121,80.1992874146,27597,27607,10
13.0389204025,80.199180603,27607,27618,11
13.0389795303,80.1987380981,27618,27628,10
13.0390796661,80.1980361938,27628,27638,10
13.0391998291,80.1972198486,27638,27648,10
13.039270401,80.1968231201,27648,27658,10
13.0393104553,80.1966629028,27658,27668,10
13.0393695831,80.1962814331,27668,27678,10
13.039440155,80.1956329346,27678,27694,16
13.0396003723,80.1942825317,27694,27706,12
13.0397796631,80.1932220459,27706,27715,9
13.0397796631,80.1931991577,27715,27727,12
13.039560318,80.1930084229,27727,27737,10
13.0386800766,80.1929016113,27737,27757,20
13.0386800766,80.1929016113,27757,27767,10
13.0385503769,80.1928787231,27767,27777,10
13.0382604599,80.1928482056,27777,27787,10
13.0376996994,80.1932067871,27787,27797,10
13.0375900269,80.193862915,27797,27807,10
13.0374403,80.1947174072,27807,27817,10
13.0372600555,80.1956787109,27817,27827,10
13.037229538,80.1960296631,27827,27837,10
13.037229538,80.1960372925,27837,27848,11
13.0371398926,80.1964569092,27848,27858,10
13.0370397568,80.1970367432,27858,27868,10
13.0369100571,80.1978607178,27868,27878,10
13.036860466,80.1985626221,27878,27888,10
13.036860466,80.1985778809,27888,27898,10
13.036860466,80.1987686157,27898,27908,10
13.0367898941,80.1991119385,27908,27918,10
13.0367202759,80.1996536255,27918,27928,10
13.0365896225,80.2004318237,27928,27938,10
13.0364999771,80.2011184692,27938,27949,11
13.0364704132,80.201423645,27949,27957,8
13.036450386,80.2016372681,27957,27969,12
13.0364398956,80.2017364502,27969,27979,10
13.0363798141,80.2020568848,27979,27989,10
13.0362701416,80.202583313,27989,27999,10
13.0361299515,80.2033615112,27999,28009,10
13.0360202789,80.2042694092,28009,28019,10
13.0359201431,80.2050018311,28019,28029,10
13.0358200073,80.2057876587,28029,28049,20
13.0358200073,80.2057876587,28049,28060,11
13.0357904434,80.206199646,28060,28070,10
13.03565979,80.2067871094,28070,28080,10
13.0355501175,80.207611084,28080,28090,10
13.0354795456,80.208190918,28090,28100,10
13.0354404449,80.2083511353,28100,28110,10
13.0354003906,80.208480835,28110,28120,10
13.0353603363,80.2089004517,28120,28130,10
13.0352602005,80.2095794678,28130,28140,10
13.0351200104,80.2102966309,28140,28150,10
13.0349397659,80.210899353,28150,28160,10
13.0348300934,80.2116775513,28160,28171,11
13.0343198776,80.2120819092,28171,28181,10
13.0335302353,80.2119827271,28181,28191,10
13.03262043,80.2119216919,28191,28201,10
13.032500267,80.2118988037,28201,28211,10
13.0321598053,80.2118225098,28211,28221,10
13.0318899155,80.2114486694,28221,28231,10
13.0319900513,80.2107467651,28231,28241,10
13.0321102142,80.2099075317,28241,28251,10
13.03166008,80.2095718384,28251,28261,10
13.0309200287,80.2093505859,28261,28271,10
13.0302095413,80.2092208862,28271,28282,11
13.0300998688,80.2095565796,28282,28292,10
13.0301198959,80.2098083496,28292,28302,10
13.0306596756,80.2099533081,28302,28312,10
13.0310001373,80.2101135254,28312,28322,10
13.0309801102,80.2104873657,28322,28332,10
13.0309000015,80.2109909058,28332,28342,10
13.0308599472,80.2112808228,28342,28352,10
13.0307998657,80.2117767334,28352,28362,10
13.0306797028,80.2123718262,28362,28372,10
13.0305995941,80.2129516602,28372,28382,10
13.030500412,80.2134170532,28382,28392,10
13.0304803848,80.213722229,28392,28403,11
13.0304298401,80.2141418457,28403,28412,9
13.030380249,80.2146835327,28412,28423,11
13.030380249,80.2147598267,28423,28433,10
13.0304002762,80.2149200439,28433,28443,10
13.0303602219,80.2152633667,28443,28453,10
13.0303697586,80.2158508301,28453,28463,10
13.0304002762,80.2166366577,28463,28473,10
13.0306797028,80.2168884277,28473,28483,10
13.0308103561,80.2169189453,28483,28493,10
13.0312299728,80.2169570923,28493,28503,10
13.0315198898,80.2171173096,28503,28514,11
13.0315704346,80.2177810669,28514,28524,10
13.0318403244,80.2184066772,28524,28534,10
13.0322904587,80.2186508179,28534,28544,10
13.0322599411,80.2192993164,28544,28554,10
13.0322704315,80.2203598022,28554,28574,20
13.0322704315,80.2203598022,28574,28584,10
13.0321998596,80.2206268311,28584,28594,10
13.0320997238,80.2211685181,28594,28604,10
13.0318002701,80.2218780518,28604,28614,10
13.0315504074,80.222442627,28614,28625,11
13.0312595367,80.2230911255,28625,28635,10
13.0311899185,80.2238388062,28635,28645,10
13.0311803818,80.2239074707,28645,28655,10
13.0311803818,80.224281311,28655,28671,16
13.0302000046,80.2243270874,28671,28683,12
13.0290298462,80.2242202759,28683,28703,20
13.0290298462,80.2242202759,28703,28713,10
13.0285797119,80.2241363525,28713,28723,10
13.0284004211,80.2247619629,28723,28733,10
13.0282096863,80.2257385254,28733,28744,11
13.0279903412,80.2267379761,28744,28754,10
13.0280399323,80.2269973755,28754,28764,10
13.0284795761,80.2271194458,28764,28774,10
13.0286102295,80.2271499634,28774,28783,9
13.028960228,80.2272109985,28783,28794,11
13.029540062,80.2273025513,28794,28804,10
13.0303096771,80.2274398804,28804,28814,10
13.0304498672,80.2278366089,28814,28824,10
13.0304002762,80.2281036377,28824,28834,10
13.0303602219,80.2283172607,28834,28845,11
13.0303001404,80.2289810181,28845,28855,10
13.0304899216,80.2297515869,28855,28865,10
13.0307197571,80.2306594849,28865,28885,20
13.0307197571,80.2306594849,28885,28895,10
13.030579567,80.2307815552,28895,28905,10
13.0301599503,80.2308120728,28905,28915,10
13.0297899246,80.2308578491,28915,28925,10
13.0297203064,80.2308578491,28925,28935,10
13.0293502808,80.2308883667,28935,28945,10
13.0287599564,80.2309494019,28945,28956,11
13.0279397964,80.2310180664,28956,28966,10
13.0276603699,80.2312469482,28966,28982,16
13.0277996063,80.2322463989,28982,28994,12
13.0277299881,80.2328720093,28994,29004,10
13.027130127,80.2329406738,29004,29024,20
13.027130127,80.2329406738,29024,29034,10
13.0270500183,80.2330169678,29034,29044,10
13.0268697739,80.2330093384,29044,29054,10
13.0265398026,80.2330627441,29054,29064,10
13.0263395309,80.2326889038,29064,29075,11
13.0261201859,80.2319488525,29075,29085,10
13.0258903503,80.2310791016,29085,29095,10
13.0254001617,80.2300567627,29095,29105,10
13.0247802734,80.2292404175,29105,29115,10
13.0240001678,80.2283172607,29115,29135,20
13.0240001678,80.2283172607,29135,29145,10
13.0238895416,80.2282028198,29145,29155,10
13.0235595703,80.2278366089,29155,29165,10
13.0233697891,80.2276535034,29165,29176,11
13.023059845,80.2273025513,29176,29186,10
13.0225896835,80.2268600464,29186,29196,10
13.0219602585,80.2263412476,29196,29206,10
13.0212602615,80.225769043,29206,29216,10
13.020409584,80.225151062,29216,29226,10
13.0194396973,80.2245788574,29226,29236,10
13.0183200836,80.2247085571,29236,29246,10
13.017250061,80.2251586914,29246,29256,10
13.0164604187,80.2255020142,29256,29266,10
13.0159397125,80.2257003784,29266,29276,10
13.0154104233,80.2258682251,29276,29286,10
13.0143604279,80.2262573242,29286,29307,21
13.0143604279,80.2262573242,29307,29317,10
13.0141201019,80.2263565063,29317,29327,10
13.0136003494,80.2265701294,29327,29337,10
13.0128698349,80.226852417,29337,29347,10
13.0119895935,80.2272415161,29347,29357,10
13.0110702515,80.2276077271,29357,29367,10
13.0101900101,80.2279663086,29367,29377,10
13.009519577,80.2282485962,29377,29387,10
13.0091695786,80.2287216187,29387,29397,10
13.0090398788,80.2294998169,29397,29408,11
13.0088596344,80.2303924561,29408,29418,10
13.0086803436,80.2313079834,29418,29428,10
13.008480072,80.2323913574,29428,29438,10
13.0082798004,80.2335891724,29438,29468,30
13.0082798004,80.2335891724,29468,29478,10
13.0082197189,80.2337493896,29478,29488,10
13.0081300735,80.234161377,29488,29498,10
13.0080099106,80.2347717285,29498,29508,10
13.0078601837,80.235496521,29508,29519,11
13.0077600479,80.2359924316,29519,29529,10
13.0076904297,80.2362976074,29529,29539,10
13.0075998306,80.2368011475,29539,29549,10
13.0074596405,80.2375335693,29549,29559,10
13.0072898865,80.2384490967,29559,29569,10
13.0070295334,80.2397918701,29569,29589,20
13.0070295334,80.2397918701,29589,29599,10
13.0070199966,80.2399520874,29599,29609,10
13.0069303513,80.2406234741,29609,29630,21
13.0069303513,80.2406234741,29630,29640,10
13.0068502426,80.2408676147,29640,29650,10
13.0067796707,80.2413711548,29650,29660,10
13.0067796707,80.242149353,29660,29670,10
13.0067100525,80.2430267334,29670,29680,10
13.0066699982,80.2440109253,29680,29690,10
13.0067100525,80.2447891235,29690,29700,10
13.0067195892,80.2453308105,29700,29710,10
13.0067396164,80.2459030151,29710,29720,10
13.0067501068,80.2465896606,29720,29730,10
13.0067501068,80.2473373413,29730,29740,10
13.0067796707,80.2481994629,29740,29751,11
13.0068502426,80.2490615845,29751,29761,10
13.0068998337,80.2495727539,29761,29771,10
13.0068998337,80.2495803833,29771,29781,10
13.0068902969,80.2496871948,29781,29791,10
13.0068597794,80.2501068115,29791,29801,10
13.0068597794,80.2506713867,29801,29811,10
13.0068397522,80.2514190674,29811,29821,10
13.0066299438,80.2522506714,29821,29831,10
13.0065803528,80.2532730103,29831,29841,10
13.0065898895,80.2543792725,29841,29851,10
13.006649971,80.2552185059,29851,29862,11
13.006649971,80.2554473877,29862,29872,10
13.0066699982,80.2559661865,29872,29882,10
13.0066699982,80.2567214966,29882,29892,10
13.0067501068,80.2574615479,29892,29962,70
13.0067501068,80.2574615479,29962,29973,11
13.0068302155,80.2575683594,29973,29983,10
13.0065498352,80.2576599121,29983,29993,10
13.0059099197,80.2574386597,29993,30003,10
13.0050497055,80.2572479248,30003,30013,10
13.004119873,80.2570571899,30013,30023,10
13.003279686,80.2568664551,30023,30033,10
13.0023803711,80.2566833496,30033,30043,10
13.0012903214,80.2565231323,30043,30053,10
13.0002698898,80.2563476563,30053,30063,10
12.9993400574,80.256187439,30063,30073,10
12.9981899261,80.2559967041,30073,30094,21
12.9981899261,80.2559967041,30094,30104,10
12.9978599548,80.2560272217,30104,30114,10
12.9975795746,80.2560119629,30114,30124,10
12.9971599579,80.2559585571,30124,30134,10
12.9968996048,80.2567520142,30134,30154,20
12.9968996048,80.2567520142,30154,30164,10
12.9968595505,80.256980896,30164,30174,10
12.9968099594,80.25756073,30174,30184,10
12.996720314,80.2583618164,30184,30194,10
12.996629715,80.2590866089,30194,30205,11
12.9965496063,80.2598114014,30205,30221,16
12.9964504242,80.2609329224,30221,30233,12
12.9963502884,80.26171875,30233,30243,10
12.9962997437,80.2621688843,30243,30253,10
12.9962797165,80.2623214722,30253,30263,10
12.996219635,80.2627182007,30263,30273,10
12.9961595535,80.2633972168,30273,30283,10
12.9960699081,80.2643280029,30283,30293,10
12.9959497452,80.2653198242,30293,30303,10
12.9958295822,80.2664794922,30303,30314,11
12.995759964,80.2676010132,30314,30323,9
12.9960298538,80.2677001953,30323,30334,11
12.9961395264,80.2677001953,30334,30344,10
12.9966402054,80.2677307129,30344,30354,10
12.9973897934,80.2675704956,30354,30364,10
12.9983596802,80.2673187256,30364,30374,10
12.9994297028,80.2669906616,30374,30384,10
13.0000600815,80.2667007446,30384,30404,20
13.0000600815,80.2667007446,30404,30414,10
13.0001802444,80.2664337158,30414,30425,11
13.0002698898,80.2657089233,30425,30445,20
13.0002698898,80.2657089233,30445,30455,10
13.0003595352,80.2656707764,30455,30485,30
13.0003595352,80.2656707764,30485,30495,10
13.0003004074,80.2661819458,30495,30798,303
13.0003004074,80.2661819458,30798,30808,10
13.000289917,80.2664489746,30808,31474,666
13.000289917,80.2664489746,31474,31484,10
13.0003004074,80.2666015625,31484,31494,10
13.0002202988,80.2668609619,31494,31504,10
12.9997797012,80.2669677734,31504,31514,10
12.9990797043,80.2671813965,31514,31524,10
12.9982204437,80.2674179077,31524,31534,10
12.9973402023,80.2676620483,31534,31544,10
12.9964799881,80.2677688599,31544,31555,11
12.9956703186,80.2673873901,31555,31585,30
12.9956703186,80.2673873901,31585,31595,10
12.9956998825,80.2670288086,31595,31605,10
12.9957704544,80.2665710449,31605,31615,10
12.9958295822,80.2659835815,31615,31625,10
12.995880127,80.2655105591,31625,31635,10
12.9959402084,80.2649917603,31635,31645,10
12.9960203171,80.2643508911,31645,31655,10
12.9961099625,80.2635803223,31655,31666,11
12.9961795807,80.2628707886,31666,31676,10
12.9962100983,80.2625274658,31676,31686,10
12.9962100983,80.2625198364,31686,31696,10
12.996219635,80.2623291016,31696,31706,10
12.9962797165,80.2619018555,31706,31716,10
12.9963703156,80.261177063,31716,31726,10
12.9964799881,80.2602615356,31726,31736,10
12.996509552,80.2598419189,31736,31746,10
12.9965496063,80.2595214844,31746,31756,10
12.9965400696,80.2594985962,31756,31766,10
12.9965400696,80.2591171265,31766,31777,11
12.9966402054,80.2583694458,31777,31787,10
12.9967498779,80.2575073242,31787,31797,10
12.9968004227,80.2570037842,31797,31807,10
12.9968204498,80.2564926147,31807,31823,16
12.9968395233,80.2562789917,31823,31836,13
12.9968595505,80.2560806274,31836,31846,10
12.9970703125,80.255821228,31846,31856,10
12.9976100922,80.2558822632,31856,31866,10
12.9982595444,80.2559432983,31866,31876,10
12.998840332,80.2559967041,31876,31887,11
12.9988603592,80.2559967041,31887,31897,10
12.9989404678,80.2559967041,31897,31907,10
12.9992599487,80.2560577393,31907,31937,30
12.9992599487,80.2560577393,31937,31947,10
12.9995498657,80.256149292,31947,31957,10
13.0000600815,80.2562637329,31957,31967,10
13.0007696152,80.2563781738,31967,31977,10
13.001660347,80.2565383911,31977,31987,10
13.0025997162,80.2566833496,31987,31997,10
13.0034198761,80.2568283081,31997,32008,11
13.0042200089,80.256980896,32008,32018,10
13.004650116,80.2570724487,32018,32028,10
13.00522995,80.2572021484,32028,32038,10
13.0056200027,80.25730896,32038,32058,20
13.0056200027,80.25730896,32058,32068,10
13.0057497025,80.2574310303,32068,32108,40
13.0057497025,80.2574310303,32108,32119,11
13.0062503815,80.2574234009,32119,32129,10
13.0065402985,80.2571716309,32129,32139,10
13.0065202713,80.2564926147,32139,32149,10
13.0065002441,80.2555389404,32149,32159,10
13.0065097809,80.2544631958,32159,32169,10
13.006480217,80.2533569336,32169,32179,10
13.0064697266,80.2531433105,32179,32189,10
13.0064601898,80.2529602051,32189,32199,10
13.0064897537,80.2524795532,32199,32209,10
13.0065898895,80.251953125,32209,32260,51
13.0065898895,80.251953125,32260,32270,10
13.0066795349,80.2518310547,32270,32280,10
13.0067195892,80.2514877319,32280,32290,10
13.0067596436,80.2509078979,32290,32300,10
13.0067796707,80.2500305176,32300,32310,10
13.0067300797,80.2489624023,32310,32320,10
13.0066604614,80.2481231689,32320,32351,31
13.0066604614,80.2481231689,32351,32361,10
13.0066699982,80.2477493286,32361,32371,10
13.0066604614,80.2471618652,32371,32381,10
13.0065898895,80.2465362549,32381,32391,10
13.0065898895,80.2465209961,32391,32401,10
13.0066404343,80.2463378906,32401,32411,10
13.006649971,80.2458114624,32411,32421,10
13.006649971,80.2451477051,32421,32431,10
13.0066003799,80.2446975708,32431,32441,10
13.0066099167,80.2443084717,32441,32452,11
13.0065898895,80.2438735962,32452,32462,10
13.0066003799,80.2434921265,32462,32472,10
13.0065803528,80.2429962158,32472,32482,10
13.0065603256,80.2424163818,32482,32492,10
13.0065402985,80.2416381836,32492,32512,20
13.0065402985,80.2416381836,32512,32522,10
13.0066003799,80.2415008545,32522,32532,10
13.0066003799,80.2411499023,32532,32542,10
13.0066404343,80.2407531738,32542,32552,10
13.0067396164,80.2403488159,32552,32593,41
13.0067396164,80.2403488159,32593,32603,10
13.0067396164,80.2401504517,32603,32613,10
13.0068902969,80.2396621704,32613,32623,10
13.0070199966,80.2388381958,32623,32633,10
13.0072097778,80.2378997803,32633,32643,10
13.007399559,80.2367019653,32643,32663,20
13.007399559,80.2367019653,32663,32673,10
13.0074996948,80.2364425659,32673,32684,11
13.0076303482,80.2358474731,32684,32694,10
13.0077695847,80.2350997925,32694,32704,10
13.0079402924,80.2342376709,32704,32714,10
13.0081501007,80.2332000732,32714,32724,10
13.0083904266,80.2320404053,32724,32734,10
13.0086097717,80.2308578491,32734,32744,10
13.0088396072,80.2296905518,32744,32754,10
13.009059906,80.2285690308,32754,32764,10
13.0094604492,80.2275085449,32764,32774,10
13.0099496841,80.2264633179,32774,32784,10
13.0104398727,80.2254180908,32784,32795,11
13.0107498169,80.2247390747,32795,32805,10
13.0109300613,80.2243423462,32805,32815,10
13.0112600327,80.2235794067,32815,32825,10
13.0116596222,80.2226028442,32825,32835,10
13.0119800568,80.2215805054,32835,32845,10
13.0122804642,80.2213821411,32845,32855,10
13.0124702454,80.2216567993,32855,32865,10
13.0129003525,80.2222213745,32865,32875,10
13.0135202408,80.2228775024,32875,32885,10
13.0141601563,80.2236404419,32885,32895,10
13.0148200989,80.2244491577,32895,32905,10
13.0153999329,80.2248687744,32905,32926,21
13.0153999329,80.2248687744,32926,32936,10
13.0155000687,80.224937439,32936,32946,10
13.0158996582,80.2252426147,32946,32956,10
13.0167303085,80.2252197266,32956,32966,10
13.0177001953,80.2248535156,32966,32976,10
13.0187501907,80.2244262695,32976,32986,10
13.019370079,80.224281311,32986,32996,10
13.0194101334,80.2242889404,32996,33006,10
13.0196199417,80.2244186401,33006,33016,10
13.0200595856,80.2247314453,33016,33027,11
13.0207395554,80.225227356,33027,33037,10
13.0213003159,80.2257003784,33037,33047,10
13.0219602585,80.2261962891,33047,33057,10
13.0224599838,80.2265625,33057,33067,10
13.0227203369,80.2267990112,33067,33077,10
13.0229597092,80.2270507813,33077,33087,10
13.0230998993,80.2272567749,33087,33097,10
13.0232601166,80.2273788452,33097,33107,10
13.0235204697,80.2275924683,33107,33138,31
13.0235204697,80.2275924683,33138,33154,16
13.024020195,80.2279815674,33154,33166,12
13.0242900848,80.2283096313,33166,33176,10
13.0243501663,80.2284164429,33176,33186,10
13.0245704651,80.2287063599,33186,33196,10
13.0246896744,80.2289276123,33196,33206,10
13.0249004364,80.2292480469,33206,33216,10
13.025270462,80.2296829224,33216,33226,10
13.0255804062,80.2300491333,33226,33236,10
13.0257501602,80.2303390503,33236,33247,11
13.0258798599,80.2306594849,33247,33257,10
13.0260896683,80.2309188843,33257,33296,39
13.0259599686,80.2312164307,33296,33317,21
13.0259599686,80.2312164307,33317,33327,10
13.0259799957,80.2313613892,33327,33337,10
13.0264797211,80.2312774658,33337,33347,10
13.0272598267,80.2310409546,33347,33358,11
13.0283203125,80.2308807373,33358,33368,10
13.028550148,80.2308502197,33368,33378,10
13.0286903381,80.2308578491,33378,33388,10
13.029419899,80.2307815552,33388,33438,50
13.029419899,80.2307815552,33438,33448,10
13.0296802521,80.230758667,33448,33458,10
13.0302696228,80.2307128906,33458,33468,10
13.0307197571,80.2305221558,33468,33479,11
13.030579567,80.2300567627,33479,33489,10
13.0302801132,80.2293167114,33489,33499,10
13.0302801132,80.2285003662,33499,33509,10
13.0303297043,80.2283172607,33509,33519,10
13.0303697586,80.2280502319,33519,33529,10
13.0303897858,80.2276000977,33529,33539,10
13.0299701691,80.2274475098,33539,33549,10
13.0291595459,80.2273025513,33549,33559,10
13.028459549,80.2271270752,33559,33569,10
13.0280399323,80.2270126343,33569,33579,10
13.0279798508,80.2263793945,33579,33590,11
13.0282001495,80.225402832,33590,33600,10
13.0284204483,80.2244033813,33600,33610,10
13.0285301208,80.2239990234,33610,33620,10
13.0288295746,80.2239837646,33620,33630,10
13.028840065,80.2239837646,33630,33640,10
13.0290203094,80.2241516113,33640,33650,10
13.029540062,80.2242431641,33650,33660,10
13.0303297043,80.2242584229,33660,33670,10
13.0310497284,80.2242507935,33670,33680,10
13.0311899185,80.2241134644,33680,33690,10
13.031129837,80.2236785889,33690,33701,11
13.0311203003,80.2232437134,33701,33711,10
13.0311403275,80.2230377197,33711,33721,10
13.0313396454,80.2225723267,33721,33731,10
13.0315599442,80.2221374512,33731,33741,10
13.0318698883,80.221496582,33741,33751,10
13.032119751,80.2206192017,33751,33761,10
13.0322599411,80.2200698853,33761,33772,11
13.0322704315,80.2200698853,33772,33782,10
13.0322599411,80.2197418213,33782,33792,10
13.0322904587,80.2196884155,33792,33802,10
13.0322599411,80.2193603516,33802,33813,11
13.03221035,80.2186965942,33813,33823,10
13.0316696167,80.2183837891,33823,33833,10
13.0314998627,80.2177200317,33833,33843,10
13.0314397812,80.2171096802,33843,33853,10
13.0311803818,80.2169876099,33853,33863,10
13.0306901932,80.2169799805,33863,33873,10
13.0304803848,80.2166900635,33873,33883,10
13.0304498672,80.2165374756,33883,33893,10
13.0304203033,80.2162017822,33893,33903,10
13.0303201675,80.2154769897,33903,33913,10
13.0303096771,80.2147369385,33913,33924,11
13.030380249,80.2145080566,33924,33934,10
13.0304403305,80.2142333984,33934,33944,10
13.030500412,80.2137374878,33944,33954,10
13.0305299759,80.2135467529,33954,33964,10
13.0305700302,80.2132110596,33964,33974,10
13.0306301117,80.2125930786,33974,33984,10
13.0306901932,80.2118377686,33984,33994,10
13.0308103561,80.2114028931,33994,34004,10
13.0308599472,80.2109909058,34004,34014,10
13.0309400558,80.2102432251,34014,34024,10
13.0308504105,80.2100372314,34024,34034,10
13.0304203033,80.2098999023,34034,34045,11
13.0300703049,80.209602356,34045,34055,10
13.0302696228,80.2090682983,34055,34065,10
13.0310001373,80.2092132568,34065,34075,10
13.0316400528,80.2094116211,34075,34085,10
13.0316400528,80.2094192505,34085,34095,10
13.0318202972,80.2095184326,34095,34105,10
13.0323495865,80.2096405029,34105,34115,10
13.0330495834,80.2097320557,34115,34125,10
13.0341596603,80.2098693848,34125,34135,10
13.0351200104,80.2098236084,34135,34145,10
13.0352096558,80.2091522217,34145,34156,11
13.0352201462,80.2090682983,34156,34166,10
13.0352201462,80.2089996338,34166,34176,10
13.0352401733,80.2088699341,34176,34186,10
13.0352897644,80.2085723877,34186,34196,10
13.0353403091,80.2080383301,34196,34206,10
13.0354499817,80.2072296143,34206,34216,10
13.035610199,80.2062606812,34216,34226,10
13.0358104706,80.2052001953,34226,34236,10
13.0359201431,80.2043380737,34236,34246,10
13.0360202789,80.2041015625,34246,34256,10
13.0360498428,80.2038574219,34256,34267,11
13.0360603333,80.2032089233,34267,34277,10
13.0361404419,80.2024002075,34277,34287,10
13.0362100601,80.2016677856,34287,34297,10
13.036239624,80.2016372681,34297,34307,10
13.0363502502,80.2012329102,34307,34317,10
13.0363998413,80.2005996704,34317,34327,10
13.03647995,80.1996994019,34327,34337,10
13.0366601944,80.198677063,34337,34347,10
13.0367498398,80.1983566284,34347,34357,10
13.0368404388,80.198059082,34357,34367,10
13.0368700027,80.1975402832,34367,34377,10
13.0369596481,80.1967010498,34377,34388,11
13.0370197296,80.1963195801,34388,34398,10
13.0371303558,80.1960830688,34398,34408,10
13.0371904373,80.1955413818,34408,34418,10
13.037320137,80.194770813,34418,34428,10
13.0374298096,80.1938171387,34428,34438,10
13.037560463,80.1929397583,34438,34448,10
13.0378198624,80.1927719116,34448,34458,10
13.0379495621,80.1927337646,34458,34468,10
13.0383996964,80.1927871704,34468,34478,10
13.0385103226,80.1928024292,34478,34488,10
13.0386896133,80.1928482056,34488,34499,11
13.038860321,80.1928863525,34499,34509,10
13.0393199921,80.1929626465,34509,34519,10
13.0399999619,80.1930618286,34519,34529,10
13.0408201218,80.1931915283,34529,34539,10
13.0415000916,80.1932983398,34539,34549,10
13.0417995453,80.1936569214,34549,34559,10
13.0417804718,80.1939620972,34559,34569,10
13.0417499542,80.1943130493,34569,34579,10
13.0416402817,80.1949462891,34579,34589,10
13.0414800644,80.1958236694,34589,34599,10
13.0414304733,80.1965408325,34599,34610,11
13.041390419,80.1968078613,34610,34620,10
13.0413599014,80.196937561,34620,34630,10
13.0412797928,80.1974563599,34630,34640,10
13.0411596298,80.1983032227,34640,34650,10
13.0410699844,80.1991195679,34650,34670,20
13.0410699844,80.1991195679,34670,34680,10
13.0409803391,80.19972229,34680,34690,10
13.0408697128,80.2004318237,34690,34700,10
13.040769577,80.2012329102,34700,34710,10
13.0406303406,80.2018280029,34710,34727,17
13.0405302048,80.2026977539,34727,34739,12
13.0404100418,80.2035903931,34739,34749,10
13.040309906,80.2042007446,34749,34757,8
13.0402297974,80.2048416138,34757,34768,11
13.0406904221,80.2050628662,34768,34779,11
13.0411596298,80.2051620483,34779,34791,12
13.0413599014,80.2052078247,34791,34800,9
13.0418395996,80.2052307129,34800,34811,11
13.042599678,80.2053909302,34811,34821,10
13.0429801941,80.2059173584,34821,34831,10
13.0434703827,80.2066421509,34831,34842,11
13.0440301895,80.2075119019,34842,34852,10
13.0442495346,80.2086410522,34852,34862,10
13.0442495346,80.2091064453,34862,34872,10
13.0442495346,80.2094192505,34872,34882,10
13.0442495346,80.2100372314,34882,34892,10
13.0442800522,80.2109603882,34892,34902,10
13.0443401337,80.2117919922,34902,34993,91
13.0443401337,80.2117919922,34993,35003,10
13.0443496704,80.2118988037,35003,35013,10
13.0443000793,80.2120513916,35013,35023,10
13.044500351,80.212272644,35023,35033,10
13.045129776,80.2122116089,35033,35043,10
13.0459499359,80.2121582031,35043,35053,10
13.0469703674,80.2121200562,35053,35074,21
13.0469703674,80.2121200562,35074,35084,10
13.04708004,80.2119369507,35084,35094,10
13.0470695496,80.2118377686,35094,35104,10
13.04708004,80.2117385864,35104,35114,10
13.0470504761,80.2113494873,35114,35124,10
13.0470199585,80.2109375,35124,35134,10
13.0473203659,80.2108078003,35134,35144,10
13.0479898453,80.2108306885,35144,35154,10
13.0488004684,80.2108535767,35154,35164,10
13.049539566,80.2108612061,35164,35175,11
13.0497398376,80.2107009888,35175,35185,10
13.0497598648,80.2104110718,35185,35195,10
13.0497198105,80.2100830078,35195,35205,10
13.0496702194,80.2095489502,35205,35215,10
13.0496501923,80.208946228,35215,35225,10
13.0494699478,80.2083206177,35225,35235,10
13.0492601395,80.2078399658,35235,35245,10
13.0489397049,80.2071990967,35245,35273,28
13.0489397049,80.2071990967,35273,35281,8
13.0489301682,80.2070999146,35281,35294,13
13.0490598679,80.2068099976,35294,35304,10
13.0492200851,80.2071685791,35304,36393,1089
13.0492200851,80.2071685791,36393,36403,10
13.0491199493,80.2073669434,36403,36413,10
13.0491304398,80.207611084,36413,36424,11
13.049200058,80.2078323364,36424,36434,10
13.0493402481,80.2082977295,36434,36444,10
13.049489975,80.2089767456,36444,36454,10
13.0496397018,80.209777832,36454,36464,10
13.0497503281,80.2106170654,36464,36474,10
13.0498199463,80.2111434937,36474,36484,10
13.0498895645,80.2117767334,36484,36593,109
13.0498895645,80.2117767334,36593,36603,10
13.0499095917,80.2120666504,36603,36643,40
13.0499095917,80.2120666504,36643,36654,11
13.0495796204,80.2121429443,36654,36664,10
13.0490999222,80.2121429443,36664,36675,11
13.0482702255,80.2121887207,36675,36685,10
13.0473403931,80.2122802734,36685,36695,10
13.0462198257,80.2123031616,36695,36705,10
13.0451602936,80.2123565674,36705,36715,10
13.0445404053,80.2124023438,36715,36725,10
13.0442800522,80.212348938,36725,36755,30
13.0442800522,80.212348938,36755,36766,11
13.0441999435,80.212059021,36766,36776,10
13.0441598892,80.2114334106,36776,36786,10
13.0441598892,80.2105484009,36786,36796,10
13.0441102982,80.2095336914,36796,36806,10
13.0440797806,80.209022522,36806,36816,10
13.0440998077,80.2088623047,36816,36826,10
13.0440998077,80.208442688,36826,36836,10
13.0440101624,80.2077178955,36836,36846,10
13.0435695648,80.2069473267,36846,36856,10
13.0430603027,80.206237793,36856,36866,10
13.0423297882,80.2054672241,36866,36876,10
13.0416202545,80.2052688599,36876,36887,11
13.0409803391,80.2051696777,36887,36897,10
13.0409097672,80.2051467896,36897,36907,10
13.0408201218,80.205116272,36907,36917,10
13.0403995514,80.2051010132,36917,36927,10
13.0398197174,80.2050170898,36927,36937,10
13.0390796661,80.2048416138,36937,36947,10
13.0383396149,80.204750061,36947,36957,10
13.0381803513,80.2046279907,36957,36967,10
13.0382003784,80.2041397095,36967,36977,10
13.0382795334,80.2034606934,36977,36987,10
13.0383796692,80.2027435303,36987,36998,11
13.0384597778,80.2021026611,36998,37008,10
13.0384902954,80.2018432617,37008,37018,10
13.0385503769,80.201499939,37018,37028,10
13.0386104584,80.2010498047,37028,37038,10
13.0387401581,80.2002716064,37038,37048,10
13.0388803482,80.1993865967,37048,37058,10
13.0389204025,80.1990737915,37058,37068,10
13.0389404297,80.1988601685,37068,37078,10
13.0389699936,80.1984710693,37078,37088,10
13.0390701294,80.1978302002,37088,37098,10
13.0392398834,80.1968612671,37098,37119,21
13.0392398834,80.1968612671,37119,37129,10
13.0393600464,80.1963500977,37129,37139,10
13.039440155,80.1957397461,37139,37149,10
13.039560318,80.1949234009,37149,37159,10
13.0396795273,80.193901062,37159,37169,10
13.0397796631,80.1932373047,37169,37179,10
13.0397996902,80.1931533813,37179,37189,10
13.0395402908,80.1929779053,37189,37199,10
13.039059639,80.1929168701,37199,37209,10
13.0387401581,80.1928787231,37209,37230,21
13.0387401581,80.1928787231,37230,37240,10
13.0384702682,80.1928329468,37240,37250,10
13.0380401611,80.1928024292,37250,37260,10
13.0377197266,80.1932067871,37260,37270,10
13.0375795364,80.1939926147,37270,37280,10
13.0374202728,80.1948928833,37280,37290,10
13.0372800827,80.1957397461,37290,37300,10
13.0372400284,80.1959991455,37300,37310,10
13.0371799469,80.196182251,37310,37320,10
13.0371103287,80.1967163086,37320,37330,10
13.0369901657,80.197479248,37330,37341,11
13.036860466,80.1983718872,37341,37351,10
13.0368404388,80.1986999512,37351,37361,10
13.0367898941,80.1990737915,37361,37371,10
13.0366697311,80.1998596191,37371,37381,10
13.0365400314,80.2007827759,37381,37391,10
13.0364704132,80.2012786865,37391,37401,10
13.0364398956,80.2015609741,37401,37411,10
13.0364398956,80.2016296387,37411,37421,10
13.0364103317,80.2018508911,37421,37431,10
13.0363197327,80.2023620605,37431,37441,10
13.036190033,80.2031173706,37441,37452,11
13.0360603333,80.2039489746,37452,37461,9
13.0360498428,80.2040634155,37461,37472,11
13.0360298157,80.2041702271,37472,37482,10
13.0360002518,80.204536438,37482,37492,10
13.035900116,80.205078125,37492,37502,10
13.0357999802,80.2057495117,37502,37512,10
13.0358104706,80.2058486938,37512,37522,10
13.0357398987,80.2062530518,37522,37532,10
13.0356397629,80.2069168091,37532,37542,10
13.0355701447,80.2075576782,37542,37552,10
13.0355396271,80.2078704834,37552,37583,31
13.0355396271,80.2078704834,37583,37593,10
13.0354404449,80.2081604004,37593,37603,10
13.0354204178,80.2084121704,37603,37613,10
13.0354204178,80.2084579468,37613,37623,10
13.035369873,80.2088317871,37623,37633,10
13.0352497101,80.2094802856,37633,37643,10
13.0351400375,80.2101974487,37643,37653,10
13.0349798203,80.2108230591,37653,37663,10
13.0348396301,80.2116088867,37663,37673,10
13.0347204208,80.2118988037,37673,37684,11
13.0345602036,80.2121124268,37684,37694,10
13.0339698792,80.212020874,37694,37704,10
13.0331201553,80.2119369507,37704,37714,10
13.0325098038,80.2118682861,37714,37724,10
13.0324201584,80.2118682861,37724,37734,10
13.0320100784,80.2117919922,37734,37744,10
13.0318803787,80.2114334106,37744,37754,10
13.0319900513,80.2107391357,37754,37770,16
13.0319099426,80.2096405029,37770,37782,12
13.0310401917,80.2093734741,37782,37791,9
13.0302801132,80.2091827393,37791,37807,16
13.0301303864,80.2094573975,37807,37817,10
13.0300598145,80.2097015381,37817,37827,10
13.0305099487,80.2098770142,37827,37837,10
13.0309495926,80.2099761963,37837,37847,10
13.0310201645,80.2100219727,37847,37857,10
13.0310201645,80.2102966309,37857,37867,10
13.0309200287,80.2108612061,37867,37877,10
13.0308799744,80.2111434937,37877,37900,23
13.0307197571,80.2120819092,37900,37912,12
13.0305900574,80.2129898071,37912,37923,11
13.0305204391,80.2136001587,37923,37932,9
13.0304498672,80.2139129639,37932,37941,9
13.0304098129,80.2143936157,37941,37954,13
13.0303697586,80.2147598267,37954,37964,10
13.0303497314,80.2150421143,37964,37974,10
13.0303697586,80.2157669067,37974,37984,10
13.0303897858,80.2166366577,37984,37994,10
13.0306997299,80.2169113159,37994,38004,10
13.030960083,80.2169265747,38004,38014,10
13.0313301086,80.2169570923,38014,38024,10
13.0314903259,80.2172470093,38024,38035,11
13.031539917,80.2179718018,38035,38045,10
13.0319404602,80.2183837891,38045,38055,10
13.0322399139,80.2188796997,38055,38065,10
13.0322599411,80.2195663452,38065,38074,9
13.0322904587,80.2202072144,38074,38085,11
13.0322303772,80.2205581665,38085,38095,10
13.0320501328,80.2211990356,38095,38105,10
13.0318002701,80.221862793,38105,38115,10
13.0314502716,80.2225189209,38115,38125,10
13.0312204361,80.2232513428,38125,38135,10
13.0311803818,80.2237701416,38135,38146,11
13.0311899185,80.2238616943,38146,38156,10
13.0312004089,80.2242279053,38156,38166,10
13.03083992,80.2243118286,38166,38176,10
13.0301103592,80.224319458,38176,38186,10
13.0293903351,80.2243423462,38186,38196,10
13.0290899277,80.2242507935,38196,38206,10
13.0289497375,80.2241592407,38206,38216,10
13.0288696289,80.2240982056,38216,38226,10
13.0285396576,80.2241363525,38226,38236,10
13.028380394,80.2248382568,38236,38246,10
13.028169632,80.2257766724,38246,38257,11
13.0279598236,80.2267684937,38257,38267,10
13.0280599594,80.2269973755,38267,38277,10
13.0285196304,80.2270736694,38277,38287,10
13.029250145,80.2272109985,38287,38297,10
13.0300502777,80.2273406982,38297,38307,10
13.0304498672,80.2276306152,38307,38317,10
13.0304203033,80.2279891968,38317,38327,10
13.0304002762,80.2281112671,38327,38337,10
13.0303497314,80.2283782959,38337,38347,10
13.0303001404,80.2289733887,38347,38357,10
13.0304498672,80.2295837402,38357,38368,11
13.0306901932,80.2303237915,38368,38378,10
13.0307197571,80.2305908203,38378,38388,10
13.0305995941,80.2307434082,38388,38398,10
13.0302495956,80.2307662964,38398,38408,10
13.0298700333,80.230796814,38408,38418,10
13.0297698975,80.2308120728,38418,38428,10
13.0294103622,80.2308502197,38428,38438,10
13.0287399292,80.2308883667,38438,38448,10
13.0280599594,80.2309570313,38448,38458,10
13.0277004242,80.231048584,38458,38468,10
13.0277500153,80.2317962646,38468,38519,51
13.0277500153,80.2317962646,38519,38529,10
13.0277795792,80.2321472168,38529,38539,10
13.0278396606,80.2323989868,38539,38549,10
13.027879715,80.2326507568,38549,38559,10
13.0276002884,80.2328414917,38559,38579,20
13.0276002884,80.2328414917,38579,38589,10
13.0275096893,80.2329025269,38589,38600,11
13.0272197723,80.2329406738,38600,38721,121
13.0272197723,80.2329406738,38721,38731,10
13.0270700455,80.2329788208,38731,38741,10
13.0268697739,80.2329788208,38741,38751,10
13.0265798569,80.233039856,38751,38761,10
13.0263004303,80.2326812744,38761,38771,10
13.0260601044,80.232131958,38771,38781,10
13.0259399414,80.2315979004,38781,38791,10
13.0257701874,80.2308197021,38791,38801,10
13.025349617,80.2300491333,38801,38811,10
13.0248203278,80.2293777466,38811,38822,11
13.0246696472,80.2291793823,38822,38832,10
13.0244998932,80.2289581299,38832,38842,10
13.0242300034,80.2285995483,38842,38852,10
13.023900032,80.2282409668,38852,38862,10
13.0238704681,80.2282180786,38862,38872,10
13.0238199234,80.2281570435,38872,38882,10
13.0235700607,80.2278366089,38882,38891,9
13.0231599808,80.2273864746,38891,38901,10
13.0225696564,80.2268295288,38901,38912,11
13.0216903687,80.2261123657,38912,38922,10
13.0207996368,80.2254180908,38922,38932,10
13.0200099945,80.2248687744,38932,38943,11
13.0189199448,80.2244720459,38943,38953,10
13.0178604126,80.2248382568,38953,38963,10
13.0169095993,80.2252502441,38963,38973,10
13.0164899826,80.2254333496,38973,38982,9
13.0162696838,80.2255096436,38982,38993,11
13.0157699585,80.225692749,38993,39003,10
13.0150299072,80.2259902954,39003,39013,10
13.0143995285,80.2262420654,39013,39023,10
13.0142402649,80.2263031006,39023,39033,10
13.013999939,80.2263870239,39033,39043,10
13.0134401321,80.2265777588,39043,39054,11
13.0125799179,80.2269134521,39054,39064,10
13.0116300583,80.2272567749,39064,39074,10
13.010720253,80.2276763916,39074,39084,10
13.0099496841,80.2279968262,39084,39094,10
13.009180069,80.2284698486,39094,39104,10
13.0090103149,80.2293014526,39104,39120,16
13.0087604523,80.2307128906,39120,39132,12
13.0086297989,80.2316131592,39132,39140,8
13.0085000992,80.2323303223,39140,39152,12
13.0083799362,80.2331771851,39152,39162,10
13.008310318,80.2334594727,39162,39173,11
13.0082302094,80.2336425781,39173,39183,10
13.0081195831,80.2339401245,39183,39193,10
13.0080404282,80.234588623,39193,39203,10
13.0078401566,80.2355194092,39203,39213,10
13.007610321,80.2366409302,39213,39223,10
13.0073900223,80.2378463745,39223,39233,10
13.0072097778,80.238861084,39233,39243,10
13.0071201324,80.2392883301,39243,39253,10
13.006939888,80.2400436401,39253,39305,52
13.0070400238,80.2401275635,39305,39365,60
13.0070400238,80.2401275635,39365,39375,10
13.006939888,80.2405014038,39375,39385,10
13.0068397522,80.2408828735,39385,39396,11
13.0067901611,80.2411117554,39396,39406,10
13.0067596436,80.2418136597,39406,39416,10
13.0067501068,80.2426986694,39416,39426,10
13.0067195892,80.2435913086,39426,39436,10
13.0067195892,80.243927002,39436,39446,10
13.0067396164,80.2445373535,39446,39456,10
13.0067501068,80.2449417114,39456,39466,10
13.0067596436,80.2453384399,39466,39476,10
13.0067596436,80.2458496094,39476,39486,10
13.0067501068,80.2469482422,39486,39496,10
13.0066995621,80.248046875,39496,39506,10
13.0068597794,80.2492370605,39506,39517,11
13.0068798065,80.2496032715,39517,39527,10
13.0068702698,80.2497634888,39527,39537,10
13.0068702698,80.2502975464,39537,39547,10
13.0068798065,80.2506332397,39547,39557,10
13.0068597794,80.2511367798,39557,39567,10
13.0067300797,80.251739502,39567,39577,10
13.0065603256,80.2526016235,39577,39587,10
13.0065402985,80.2537231445,39587,39597,10
13.0065898895,80.2546768188,39597,39607,10
13.0066404343,80.2550964355,39607,39617,10
13.0066604614,80.2552871704,39617,39628,11
13.0066604614,80.2558517456,39628,39638,10
13.0066604614,80.2566833496,39638,39648,10
13.0067195892,80.257232666,39648,39728,80
13.0067195892,80.257232666,39728,39739,11
13.0066404343,80.25730896,39739,39749,10
13.0064201355,80.25756073,39749,39759,10
13.005900383,80.2574768066,39759,39769,10
13.0053300858,80.2573394775,39769,39779,10
13.0045995712,80.2571792603,39779,39789,10
13.0038204193,80.2570114136,39789,39799,10
13.0031499863,80.2568664551,39799,39809,10
13.0023899078,80.256729126,39809,39868,59
13.0023899078,80.256729126,39868,39878,10
13.0023403168,80.2567214966,39878,39887,9
13.0020704269,80.2566833496,39887,39899,12
13.001449585,80.2565917969,39899,39909,10
13.0007896423,80.2564926147,39909,39919,10
12.9997396469,80.2563171387,39919,39929,10
12.9987297058,80.2561035156,39929,39939,10
12.9981899261,80.2560577393,39939,39950,11
12.9976902008,80.256072998,39950,39960,10
12.9976596832,80.2561416626,39960,39971,11
12.9977502823,80.2565307617,39971,39981,10
12.9977798462,80.2570037842,39981,40142,161
12.9977798462,80.2570037842,40142,40152,10
12.9975795746,80.2571029663,40152,40283,131
12.9975700378,80.2568817139,40283,40303,20
12.9975700378,80.2568817139,40303,40314,11
12.9975500107,80.256942749,40314,40394,80
12.9975500107,80.256942749,40394,40404,10
12.9975404739,80.2567367554,40404,40505,101
12.9975404739,80.2567367554,40505,40515,10
12.9976396561,80.2565383911,40515,40525,10
12.9976596832,80.2561798096,40525,40535,10
12.9976797104,80.2560806274,40535,40546,11
12.9975004196,80.2559509277,40546,40556,10
12.997010231,80.2559814453,40556,40566,10
12.9968900681,80.2563095093,40566,40576,10
12.9968500137,80.2569198608,40576,40586,10
12.9968299866,80.2570724487,40586,40596,10
12.9967803955,80.2574234009,40596,40606,10
12.9967403412,80.2579193115,40606,40616,10
12.9966602325,80.258682251,40616,40626,10
12.9965801239,80.2594985962,40626,40636,10
12.9965295792,80.2600631714,40636,40646,10
12.9964399338,80.2608566284,40646,40657,11
12.9963598251,80.2616119385,40657,40667,10
12.9963197708,80.262008667,40667,40677,10
12.9962596893,80.2624664307,40677,40687,10
12.9962396622,80.2626190186,40687,40697,10
12.996219635,80.2628631592,40697,40707,10
12.9961700439,80.2633209229,40707,40717,10
12.9960699081,80.2641220093,40717,40727,10
12.9959602356,80.26512146,40727,40737,10
12.9958400726,80.2662811279,40737,40747,10
12.9957199097,80.2674026489,40747,40757,10
12.9961795807,80.2677001953,40757,40767,10
12.9963197708,80.2677230835,40767,40778,11
12.9968395233,80.2677001953,40778,40788,10
12.9974002838,80.2675628662,40788,40798,10
12.9980201721,80.2673568726,40798,40808,10
12.9988203049,80.2671585083,40808,40818,10
13.000120163,80.266418457,40818,40838,20
13.000120163,80.266418457,40838,40848,10
13.0001497269,80.266242981,40848,40858,10
13.0002202988,80.2658004761,40858,40868,10
13.0003595352,80.2657928467,40868,40878,10
13.0003499985,80.2660369873,40878,40889,11
13.0003595352,80.266166687,40889,40899,10
13.0002603531,80.2663574219,40899,41020,121
13.0002298355,80.266456604,41020,41829,809
13.0002298355,80.266456604,41829,41839,10
13.0002298355,80.2668228149,41839,41849,10
12.9998598099,80.2669372559,41849,41859,10
12.9993600845,80.2670593262,41859,41869,10
12.9989004135,80.2672195435,41869,41879,10
12.9983797073,80.2673416138,41879,41889,10
12.9979000092,80.2674789429,41889,41899,10
12.9973497391,80.2676391602,41899,41909,10
12.996720314,80.2677383423,41909,41920,11
12.995639801,80.2674484253,41920,41950,30
12.995639801,80.2674484253,41950,41960,10
12.9956703186,80.2671279907,41960,41970,10
12.9957103729,80.2666015625,41970,41980,10
12.9957895279,80.2658081055,41980,41990,10
12.995880127,80.2649307251,41990,42000,10
12.9959802628,80.2641372681,42000,42010,10
12.9960899353,80.2632980347,42010,42020,10
12.9961595535,80.2626876831,42020,42031,11
12.9961700439,80.2626800537,42031,42041,10
12.9961996078,80.2625427246,42041,42051,10
12.9962396622,80.2622070313,42051,42061,10
12.9963197708,80.2617111206,42061,42071,10
12.9963798523,80.2610092163,42071,42081,10
12.9964599609,80.2602996826,42081,42091,10
12.9965200424,80.2596511841,42091,42101,10
12.9966201782,80.2588729858,42101,42111,10
12.9967098236,80.2579116821,42111,42121,10
12.9968204498,80.2570724487,42121,42131,10
12.9968299866,80.2566986084,42131,42142,11
12.9968299866,80.256477356,42142,42152,10
12.9968500137,80.256149292,42152,42162,10
12.9970197678,80.2559204102,42162,42172,10
12.9973602295,80.2559204102,42172,42182,10
12.9975996017,80.255897522,42182,42192,10
12.9978704453,80.2558898926,42192,42202,10
12.9985198975,80.255897522,42202,42212,10
12.9986696243,80.2559661865,42212,42222,10
12.998840332,80.2561035156,42222,42232,10
12.9990701675,80.2561035156,42232,42273,41
12.9990701675,80.2561035156,42273,42283,10
12.9994497299,80.2561416626,42283,42293,10
12.9999198914,80.2562408447,42293,42303,10
13.0007400513,80.256401062,42303,42343,40
13.0007400513,80.256401062,42343,42353,10
13.0011100769,80.2565002441,42353,42363,10
13.0015096664,80.2565383911,42363,42374,11
13.0019302368,80.2566070557,42374,42384,10
13.0025396347,80.256690979,42384,42394,10
13.0032196045,80.2568511963,42394,42403,9
13.003780365,80.2569274902,42403,42414,11
13.0043401718,80.256980896,42414,42424,10
13.0050497055,80.2570419312,42424,42434,10
13.0058898926,80.2572097778,42434,42444,10
13.0065002441,80.2571868896,42444,42454,10
13.0064601898,80.2566223145,42454,42464,10
13.0064697266,80.2557983398,42464,42474,10
13.0065002441,80.2548828125,42474,42485,11
13.0064897537,80.2538375854,42485,42495,10
13.0065002441,80.253288269,42495,42505,10
13.0065002441,80.2532424927,42505,42515,10
13.0064897537,80.2531661987,42515,42525,10
13.0065002441,80.2528610229,42525,42545,20
13.0065002441,80.2528610229,42545,42555,10
13.0065698624,80.2526092529,42555,42565,10
13.0066099167,80.252281189,42565,42575,10
13.0066604614,80.2515487671,42575,42591,16
13.0067501068,80.2500915527,42591,42604,13
13.0066900253,80.2487564087,42604,42614,10
13.0066795349,80.2481994629,42614,42704,90
13.0066795349,80.2481994629,42704,42715,11
13.0067195892,80.2479019165,42715,42726,11
13.0066699982,80.2473983765,42726,42735,9
13.0066604614,80.2469482422,42735,42746,11
13.0066404343,80.2469024658,42746,42756,10
13.0066204071,80.2467575073,42756,42766,10
13.0066299438,80.2464828491,42766,42776,10
13.0066404343,80.2459564209,42776,42786,10
13.0066299438,80.2452774048,42786,42795,9
13.0066099167,80.2445602417,42795,42806,11
13.0066299438,80.2434616089,42806,42816,10
13.0065803528,80.2424468994,42816,42827,11
13.0066003799,80.2414398193,42827,42837,10
13.0066003799,80.241027832,42837,42847,10
13.0066099167,80.2408370972,42847,42857,10
13.0067796707,80.2403030396,42857,42867,10
13.0068998337,80.2394714355,42867,42877,10
13.0070495605,80.23853302,42877,42887,10
13.0072402954,80.237663269,42887,42897,10
13.007349968,80.2370605469,42897,42917,20
13.007349968,80.2370605469,42917,42927,10
13.0074300766,80.2366867065,42927,42937,10
13.0075397491,80.2362289429,42937,42948,11
13.0076398849,80.2356185913,42948,42958,10
13.0077400208,80.235206604,42958,42968,10
13.007900238,80.2345809937,42968,42978,10
13.0080604553,80.2338027954,42978,42988,10
13.0082798004,80.2325668335,42988,42998,10
13.0085000992,80.2313995361,42998,43007,9
13.0087203979,80.2303695679,43007,43018,11
13.0089502335,80.2292098999,43018,43028,10
13.0092697144,80.2279663086,43028,43038,10
13.0097503662,80.2268981934,43038,43048,10
13.0101995468,80.2258682251,43048,43059,11
13.010720253,80.2247772217,43059,43069,10
13.0108499527,80.2244033813,43069,43079,10
13.011059761,80.2239837646,43079,43089,10
13.0112600327,80.2234268188,43089,43099,10
13.011590004,80.2228088379,43099,43109,10
13.0119104385,80.2219772339,43109,43119,10
13.0122900009,80.2214584351,43119,43129,10
13.0124998093,80.2215423584,43129,43139,10
13.012840271,80.2220916748,43139,43149,10
13.0133495331,80.2226715088,43149,43159,10
13.0140304565,80.2234725952,43159,43170,11
13.0146598816,80.2243118286,43170,43180,10
13.0152702332,80.2248764038,43180,43190,10
13.0156202316,80.2250823975,43190,43200,10
13.0156402588,80.2250900269,43200,43210,10
13.0158996582,80.2253036499,43210,43220,10
13.016500473,80.2253036499,43220,43230,10
13.0172796249,80.2250137329,43230,43240,10
13.018119812,80.2246627808,43240,43250,10
13.0192298889,80.2242889404,43250,43270,20
13.0192298889,80.2242889404,43270,43280,10
13.019610405,80.2244415283,43280,43311,31
13.019610405,80.2244415283,43311,43321,10
13.0198898315,80.2246704102,43321,43331,10
13.0202302933,80.2249221802,43331,43341,10
13.0207996368,80.2253265381,43341,43351,10
13.0213699341,80.2258071899,43351,43361,10
13.0220603943,80.2263183594,43361,43371,10
13.0228796005,80.2269973755,43371,43381,10
13.0236797333,80.2277832031,43381,43391,10
13.0243902206,80.2285614014,43391,43402,11
13.0251998901,80.2295913696,43402,43412,10
13.0254201889,80.229850769,43412,43422,10
13.0257701874,80.2303771973,43422,43492,70
13.0257701874,80.2303771973,43492,43502,10
13.0259399414,80.23072052,43502,43513,11
13.0258598328,80.2309188843,43513,43523,10
13.025970459,80.2311706543,43523,43533,10
13.0262804031,80.2312469482,43533,43543,10
13.0269804001,80.231086731,43543,43553,10
13.0283203125,80.2309417725,43553,43573,20
13.0283203125,80.2309417725,43573,43583,10
13.0285596848,80.2308883667,43583,43593,10
13.028960228,80.2308807373,43593,43613,20
13.028960228,80.2308807373,43613,43624,11
13.029250145,80.2308502197,43624,43634,10
13.0296497345,80.2308197021,43634,43644,10
13.0299797058,80.2307662964,43644,43654,10
13.0303697586,80.2307281494,43654,43664,10
13.0306501389,80.2305603027,43664,43674,10
13.030579567,80.23021698,43674,43684,10
13.0303297043,80.2294998169,43684,43694,10
13.0303497314,80.2284088135,43694,43766,72
13.0303497314,80.2284088135,43766,43776,10
13.0302696228,80.2282562256,43776,43786,10
13.0303401947,80.2278289795,43786,43816,30
13.0303401947,80.2278289795,43816,43826,10
13.0303697586,80.2276000977,43826,43836,10
13.0303602219,80.2275924683,43836,43846,10
13.0300102234,80.2274475098,43846,43857,11
13.0292301178,80.2273101807,43857,43867,10
13.0283498764,80.2271270752,43867,43877,10
13.027970314,80.2270431519,43877,43887,10
13.0279998779,80.2265625,43887,43897,10
13.0281600952,80.2257995605,43897,43907,10
13.0282897949,80.2250595093,43907,43917,10
13.0284404755,80.2243423462,43917,43927,10
13.0287599564,80.2240829468,43927,43957,30
13.0287599564,80.2240829468,43957,43968,11
13.0289001465,80.2240829468,43968,43978,10
13.0292100906,80.2242584229,43978,43988,10
13.0298404694,80.224281311,43988,43998,10
13.0306196213,80.2242965698,43998,44008,10
13.031080246,80.2241592407,44008,44018,10
13.0311002731,80.2235031128,44018,44028,10
13.0311498642,80.2232284546,44028,44038,10
13.0312299728,80.2230300903,44038,44048,10
13.0314302444,80.2225418091,44048,44058,10
13.0316801071,80.2218399048,44058,44068,10
13.0319795609,80.2210083008,44068,44079,11
13.0321102142,80.2200164795,44079,44089,10
13.032119751,80.2198562622,44089,44099,10
13.0321397781,80.2195129395,44099,44109,10
13.0321702957,80.2188568115,44109,44119,10
13.0317001343,80.2184677124,44119,44129,10
13.0314702988,80.2177963257,44129,44139,10
13.0313901901,80.2171173096,44139,44149,10
13.0311498642,80.217010498,44149,44159,10
13.0308103561,80.2170181274,44159,44169,10
13.0305404663,80.2168807983,44169,44179,10
13.0304899216,80.2163314819,44179,44190,11
13.030380249,80.2154464722,44190,44200,10
13.0303602219,80.2147216797,44200,44210,10
13.030380249,80.2145385742,44210,44220,10
13.0304298401,80.2141799927,44220,44230,10
13.0305500031,80.2136611938,44230,44240,10
13.030579567,80.2134094238,44240,44250,10
13.0307302475,80.2127838135,44250,44260,10
13.0308103561,80.2119522095,44260,44270,10
13.03083992,80.2115936279,44270,44280,10
13.0308599472,80.2111282349,44280,44290,10
13.030960083,80.2105178833,44290,44300,10
13.0309400558,80.2101593018,44300,44311,11
13.0306196213,80.2099990845,44311,44321,10
13.030090332,80.2097320557,44321,44331,10
13.0301399231,80.2091598511,44331,44371,40
13.0301399231,80.2091598511,44371,44381,10
13.0303297043,80.2089996338,44381,44391,10
13.0308103561,80.2091598511,44391,44401,10
13.0315103531,80.2093276978,44401,44411,10
13.0316095352,80.2093887329,44411,44422,11
13.0321598053,80.2095413208,44422,44432,10
13.0329704285,80.2096786499,44432,44442,10
13.0340003967,80.2098617554,44442,44452,10
13.0350399017,80.2099304199,44452,44462,10
13.0351896286,80.2092819214,44462,44472,10
13.0352897644,80.2086486816,44472,44482,10
13.035369873,80.2080764771,44482,44492,10
13.0354700089,80.2072677612,44492,44502,10
13.0356197357,80.2063293457,44502,44512,10
13.0355195999,80.2059936523,44512,44522,10
13.0354995728,80.205657959,44522,44533,11
13.0354795456,80.205619812,44533,44543,10
13.0354795456,80.2054290771,44543,44553,10
13.0357503891,80.2051391602,44553,44563,10
13.0358600616,80.2045211792,44563,44573,10
13.0360002518,80.2037200928,44573,44583,10
13.0361604691,80.2026901245,44583,44593,10
13.0362596512,80.2016983032,44593,44603,10
13.0362501144,80.2015228271,44603,44613,10
13.0363101959,80.201133728,44613,44623,10
13.0363702774,80.2004470825,44623,44633,10
13.036529541,80.1996078491,44633,44643,10
13.0367002487,80.1984634399,44643,44654,11
13.036740303,80.1983566284,44654,44664,10
13.0368204117,80.1980209351,44664,44674,10
13.0369100571,80.197479248,44674,44684,10
13.0370798111,80.1963500977,44684,44695,11
13.0370798111,80.1963500977,44695,44696,1
13.0370798111,80.1962966919,44696,44742,46
13.0376596451,80.1928482056,44742,44752,10
13.0380296707,80.1927566528,44752,44763,11
13.0385103226,80.1928329468,44763,44773,10
13.0385904312,80.1928634644,44773,44783,10
13.0387496948,80.1928710938,44783,44793,10
13.039150238,80.1929168701,44793,44803,10
13.0396604538,80.1930236816,44803,44813,10
13.0402202606,80.1931228638,44813,44823,10
13.0409202576,80.1932220459,44823,44835,12
13.0416498184,80.1933898926,44835,44846,11
13.0416698456,80.193939209,44846,44856,10
13.0415697098,80.1947631836,44856,44866,10
13.0414495468,80.1956710815,44866,44877,11
13.0413198471,80.1962509155,44877,44887,10
13.0412902832,80.1965789795,44887,44896,9
13.0412902832,80.1967163086,44896,44907,11
13.0412302017,80.1971206665,44907,44917,10
13.0411500931,80.1977386475,44917,44927,10
13.0410995483,80.198348999,44927,44937,10
13.0409803391,80.1989517212,44937,44947,10
13.0409002304,80.199760437,44947,44957,10
13.0407896042,80.2005767822,44957,44967,10
13.0406904221,80.2013092041,44967,44977,10
13.040599823,80.201789856,44977,44988,11
13.0405101776,80.2023162842,44988,44998,10
13.0403995514,80.2029418945,44998,45008,10
13.0402698517,80.2038269043,45008,45018,10
13.0401697159,80.2043762207,45018,45028,10
13.0401496887,80.2045593262,45028,45038,10
13.0402603149,80.2050018311,45038,45048,10
13.0408496857,80.2051010132,45048,45058,10
13.0416002274,80.2052230835,45058,45068,10
13.0424203873,80.2053604126,45068,45078,10
13.0428695679,80.2058868408,45078,45088,10
13.0434103012,80.2066421509,45088,45098,10
13.0439195633,80.2074813843,45098,45109,11
13.0441102982,80.2087936401,45109,45129,20
13.0441102982,80.2087936401,45129,45139,10
13.0441503525,80.2090072632,45139,45149,10
13.0441799164,80.2095413208,45149,45159,10
13.0441999435,80.2103118896,45159,45169,10
13.0442199707,80.2113189697,45169,45179,10
13.0442495346,80.2118225098,45179,45189,10
13.044260025,80.2118988037,45189,45199,10
13.044210434,80.2120285034,45199,45209,10
13.0443000793,80.2122116089,45209,45220,11
13.0449399948,80.2122192383,45220,45230,10
13.0457201004,80.2122116089,45230,45240,10
13.0468597412,80.2121734619,45240,45280,40
13.0468597412,80.2121734619,45280,45290,10
13.0471000671,80.212097168,45290,45300,10
13.0471096039,80.2118988037,45300,45310,10
13.0470504761,80.2114181519,45310,45320,10
13.0469999313,80.2108078003,45320,45331,11
13.0473804474,80.2107925415,45331,45341,10
13.0477895737,80.2108001709,45341,45351,10
13.048330307,80.2108001709,45351,45361,10
13.049079895,80.2108001709,45361,45371,10
13.0495901108,80.2108230591,45371,45381,10
13.0496301651,80.2105026245,45381,45391,10
13.0495595932,80.2099380493,45391,45401,10
13.0494804382,80.2093734741,45401,45411,10
13.0494003296,80.2088394165,45411,45421,10
13.0492200851,80.2082290649,45421,45431,10
13.0488700867,80.2071304321,45431,45452,21
13.0488700867,80.2071304321,45452,45462,10
13.0488195419,80.2069702148,45462,45472,10
13.0489597321,80.2068405151,45472,45482,10
13.0491104126,80.2068481445,45482,45492,10
13.0492200851,80.2071609497,45492,45734,242
13.0492200851,80.2071609497,45734,45744,10
13.0489997864,80.2074737549,45744,45754,10
13.0490999222,80.2077713013,45754,45764,10
13.0492601395,80.2082290649,45764,45774,10
13.0493602753,80.2088394165,45774,45785,11
13.049489975,80.2094116211,45785,45795,10
13.0495700836,80.2100982666,45795,45805,10
13.0496501923,80.2108306885,45805,45815,10
13.0497102737,80.2113418579,45815,45825,10
13.0497999191,80.2117233276,45825,45835,10
13.0497198105,80.2121963501,45835,45855,20
13.0497198105,80.2121963501,45855,45865,10
13.0494804382,80.2121582031,45865,45875,10
13.0490198135,80.2121582031,45875,45885,10
13.0482902527,80.2122192383,45885,45896,11
13.047539711,80.2123184204,45896,45906,10
13.0469703674,80.2123336792,45906,45916,10
13.0464200974,80.2123413086,45916,45926,10
13.0458602905,80.2123718262,45926,45936,10
13.04529953,80.2123794556,45936,45946,10
13.0446996689,80.2123718262,45946,45996,50
13.0446996689,80.2123718262,45996,46006,10
13.0445404053,80.2123794556,46006,46017,11
13.0442800522,80.2118835449,46017,46027,10
13.0442199707,80.2110366821,46027,46037,10
13.0441503525,80.2102432251,46037,46047,10
13.0441102982,80.2097167969,46047,46057,10
13.044090271,80.2092666626,46057,46067,10
13.0440797806,80.2089691162,46067,46077,10
13.0440797806,80.2087020874,46077,46087,10
13.0440502167,80.2080612183,46087,46097,10
13.0438699722,80.2074966431,46097,46107,10
13.0436697006,80.2070999146,46107,46117,10
13.0434999466,80.2068405151,46117,46128,11
13.0431604385,80.2063598633,46128,46138,10
13.0427503586,80.2057876587,46138,46148,10
13.0421199799,80.2053833008,46148,46158,10
13.0412502289,80.2052230835,46158,46168,10
13.040769577,80.2051010132,46168,46178,10
13.0402202606,80.2050323486,46178,46188,10
13.039440155,80.2049407959,46188,46198,10
13.0389003754,80.2048187256,46198,46214,16
13.0381698608,80.2045211792,46214,46226,12
13.0382795334,80.2038269043,46226,46235,9
13.0383701324,80.2030487061,46235,46247,12
13.0384902954,80.202003479,46247,46257,10
13.0385599136,80.2015304565,46257,46267,10
13.0386199951,80.2011184692,46267,46277,10
13.0386695862,80.2004776001,46277,46286,9
13.0387601852,80.1998825073,46286,46297,11
13.0388803482,80.1989517212,46297,46307,10
13.0389995575,80.1981964111,46307,46316,9
13.0391302109,80.1973114014,46316,46327,11
13.0391998291,80.1968383789,46327,46337,10
13.0392198563,80.1967468262,46337,46347,10
13.0392398834,80.1964416504,46347,46358,11
13.0392999649,80.1959915161,46358,46368,10
13.0394296646,80.1954193115,46368,46378,10
13.0395298004,80.1946868896,46378,46388,10
13.0396795273,80.1937789917,46388,46398,10
13.0397396088,80.1932525635,46398,46408,10
13.0397500992,80.1931533813,46408,46418,10
13.039560318,80.1930084229,46418,46428,10
13.0389699936,80.1928863525,46428,46438,10
13.0386600494,80.1928634644,46438,46448,10
13.0385198593,80.1928634644,46448,46458,10
13.0380401611,80.1928100586,46458,46469,11
13.0375995636,80.1933288574,46469,46479,10
13.0374698639,80.1942214966,46479,46489,10
13.037320137,80.1952972412,46489,46499,10
13.0372400284,80.1959609985,46499,46509,10
13.0372200012,80.1961364746,46509,46519,10
13.0371398926,80.1963577271,46519,46529,10
13.0370597839,80.1969680786,46529,46539,10
13.036939621,80.1978302002,46539,46549,10
13.0368404388,80.1986618042,46549,46559,10
13.0367898941,80.1987609863,46559,46569,10
13.0366697311,80.19921875,46569,46580,11
13.0365600586,80.2000427246,46580,46590,10
13.0364103317,80.2009811401,46590,46600,10
13.0363197327,80.2015380859,46600,46610,10
13.0362997055,80.2015991211,46610,46620,10
13.0362596512,80.2019195557,46620,46630,10
13.0361795425,80.2025222778,46630,46640,10
13.0360803604,80.2034988403,46640,46650,10
13.0360097885,80.2041931152,46650,46660,10
13.0360202789,80.2042617798,46660,46670,10
13.0359601974,80.2046890259,46670,46680,10
13.0358400345,80.2053527832,46680,46690,10
13.0357904434,80.2057876587,46690,46701,11
13.0357503891,80.2060775757,46701,46711,10
13.0356502533,80.2066726685,46711,46721,10
13.0355396271,80.2075271606,46721,46731,10
13.0354404449,80.2083129883,46731,46741,10
13.0354099274,80.2083816528,46741,46751,10
13.035369873,80.2085037231,46751,46761,10
13.0352897644,80.2089385986,46761,46771,10
13.035200119,80.2096633911,46771,46781,10
13.0350999832,80.210357666,46781,46791,10
13.0349302292,80.2107696533,46791,46801,10
13.0348396301,80.2114715576,46801,46812,11
13.0345401764,80.2120819092,46812,46822,10
13.0339803696,80.2119674683,46822,46832,10
13.0334701538,80.2119293213,46832,46842,10
13.0328197479,80.2118988037,46842,46852,10
13.0325603485,80.2118682861,46852,46862,10
13.0324897766,80.2118835449,46862,46872,10
13.0320396423,80.2117996216,46872,46882,10
13.0319404602,80.2111816406,46882,46898,16
13.0321102142,80.2099761963,46898,46910,12
13.0318603516,80.2096481323,46910,46919,9
13.0313301086,80.2095031738,46919,46931,12
13.0308103561,80.2093505859,46931,46941,10
13.0304803848,80.2092514038,46941,46951,10
13.0301103592,80.2093734741,46951,46961,10
13.0300703049,80.2094573975,46961,46971,10
13.029999733,80.2096862793,46971,46981,10
13.0305099487,80.2098999023,46981,46991,10
13.0309200287,80.2100601196,46991,47001,10
13.0309295654,80.2103500366,47001,47011,10
13.0308704376,80.2109069824,47011,47022,11
13.0308303833,80.2112731934,47022,47032,10
13.0307598114,80.211807251,47032,47043,11
13.0306301117,80.2126083374,47043,47053,10
13.0304603577,80.2134094238,47053,47063,10
13.0304498672,80.2137374878,47063,47073,10
13.030380249,80.2142410278,47073,47083,10
13.0303497314,80.2147216797,47083,47093,10
13.0303401947,80.2148971558,47093,47103,10
13.0303497314,80.2154769897,47103,47113,10
13.0303697586,80.2162780762,47113,47123,10
13.0305099487,80.2168731689,47123,47133,10
13.0306396484,80.2169036865,47133,47143,10
13.0309896469,80.2169265747,47143,47154,11
13.0313997269,80.2170410156,47154,47164,10
13.0314903259,80.2176132202,47164,47174,10
13.03166008,80.2183227539,47174,47184,10
13.0321702957,80.2185592651,47184,47194,10
13.0321702957,80.2193222046,47194,47204,10
13.0321798325,80.2200088501,47204,47214,10
13.0321798325,80.2202529907,47214,47224,10
13.0321798325,80.2204208374,47224,47234,10
13.0320501328,80.2209472656,47234,47244,10
13.0318403244,80.2217025757,47244,47254,10
13.0315198898,80.2224273682,47254,47265,11
13.0312204361,80.22315979,47265,47275,10
13.0311203003,80.2235870361,47275,47285,10
13.0310897827,80.2238388062,47285,47295,10
13.0311098099,80.2240982056,47295,47305,10
13.0308198929,80.2242736816,47305,47315,10
13.0302000046,80.2242889404,47315,47324,9
13.0296401978,80.2242736816,47324,47335,11
13.0290498734,80.2242202759,47335,47345,10
13.0289096832,80.2241516113,47345,47355,10
13.0285396576,80.2241287231,47355,47365,10
13.0283403397,80.224647522,47365,47375,10
13.028169632,80.2255172729,47375,47386,11
13.0279598236,80.2264633179,47386,47396,10
13.0279197693,80.2268981934,47396,47406,10
13.0283098221,80.2270736694,47406,47416,10
13.0290203094,80.2272109985,47416,47426,10
13.0298404694,80.2273406982,47426,47436,10
13.0304002762,80.2275085449,47436,47446,10
13.0303297043,80.227897644,47446,47462,16
13.0303297043,80.2280807495,47462,47474,12
13.0302801132,80.2285003662,47474,47482,8
13.0302295685,80.2289505005,47482,47494,12
13.0304899216,80.2297897339,47494,47505,11
13.0306301117,80.2302474976,47505,47555,50
13.0306301117,80.2302474976,47555,47565,10
13.0307397842,80.2304992676,47565,47575,10
13.0307197571,80.2306289673,47575,47605,30
13.0307197571,80.2306289673,47605,47616,11
13.0305595398,80.2307815552,47616,47626,10
13.0300502777,80.230796814,47626,47656,30
13.0300502777,80.230796814,47656,47666,10
13.0297698975,80.2308731079,47666,47676,10
13.0294103622,80.2308807373,47676,47686,10
13.0288295746,80.2309265137,47686,47696,10
13.0281801224,80.2309570313,47696,47706,10
13.0277004242,80.2311172485,47706,47716,10
13.0277004242,80.2317123413,47716,47727,11
13.0277795792,80.2323989868,47727,47737,10
13.0276699066,80.2328414917,47737,47747,10
13.0271701813,80.2329177856,47747,47757,10
13.0267400742,80.232963562,47757,47807,50
13.0267400742,80.232963562,47807,47817,10
13.0264997482,80.2330169678,47817,47827,10
13.0262899399,80.2327880859,47827,47838,11
13.026140213,80.2322235107,47838,47848,10
13.0260000229,80.2316436768,47848,47858,10
13.0258798599,80.2311325073,47858,47868,10
13.0256099701,80.2303924561,47868,47878,10
13.0250797272,80.2296524048,47878,47888,10
13.0248203278,80.2293319702,47888,47898,10
13.024600029,80.2290420532,47898,47908,10
13.0242700577,80.2286300659,47908,47918,10
13.0240001678,80.2283401489,47918,47928,10
13.0240001678,80.2283325195,47928,47938,10
13.0238800049,80.2281112671,47938,47949,11
13.0236301422,80.2277984619,47949,47959,10
13.0231800079,80.2273712158,47959,47969,10
13.0226097107,80.2268371582,47969,47979,10
13.022069931,80.2263717651,47979,47989,10
13.0213804245,80.2258300781,47989,47999,10
13.0207195282,80.2253417969,47999,48009,10
13.0199098587,80.2248001099,48009,48029,20
13.0199098587,80.2248001099,48029,48039,10
13.019900322,80.2247390747,48039,48049,10
13.0195302963,80.2245788574,48049,48059,10
13.0188398361,80.2244796753,48059,48070,11
13.0177602768,80.2249069214,48070,48080,10
13.0166797638,80.2253494263,48080,48090,10
13.0157699585,80.2256622314,48090,48100,10
13.0147800446,80.2260665894,48100,48110,10
13.0143899918,80.2262191772,48110,48120,10
13.0143299103,80.2262496948,48120,48130,10
13.0142602921,80.2262420654,48130,48140,10
13.013879776,80.2264099121,48140,48150,10
13.0131998062,80.2266693115,48150,48160,10
13.0123300552,80.2270126343,48160,48170,10
13.0113401413,80.2274475098,48170,48181,11
13.0101804733,80.2278900146,48181,48191,10
13.0092802048,80.2283477783,48191,48201,10
13.0089998245,80.229309082,48201,48211,10
13.0087795258,80.2304534912,48211,48221,10
13.008600235,80.2314834595,48221,48231,10
13.0083904266,80.2325363159,48231,48241,10
13.0082702637,80.2332229614,48241,48251,10
13.0082597733,80.2333679199,48251,48261,10
13.0081996918,80.2335586548,48261,48271,10
13.0081796646,80.2337036133,48271,48281,10
13.0081195831,80.2338562012,48281,48292,11
13.0080404282,80.2342987061,48292,48302,10
13.007900238,80.234992981,48302,48312,10
13.0077896118,80.2354507446,48312,48322,10
13.0076599121,80.2361831665,48322,48332,10
13.0074596405,80.237197876,48332,48348,16
13.0071897507,80.2386779785,48348,48360,12
13.0070199966,80.2394485474,48360,48370,10
13.0069103241,80.2400894165,48370,48431,61
13.0069103241,80.2400894165,48431,48441,10
13.0069198608,80.2403717041,48441,48451,10
13.0068397522,80.2407226563,48451,48461,10
13.0067996979,80.2408828735,48461,48470,9
13.0067396164,80.2413101196,48470,48480,10
13.0067195892,80.2421569824,48480,48491,11
13.0067100525,80.2431793213,48491,48501,10
13.0066795349,80.2435073853,48501,48511,10
13.0066604614,80.2437210083,48511,48522,11
13.006649971,80.2440872192,48522,48532,10
13.0066604614,80.2445526123,48532,48542,10
13.006649971,80.2449874878,48542,48552,10
13.0066604614,80.2452774048,48552,48562,10
13.0066795349,80.2458114624,48562,48574,12
13.0066995621,80.2467193604,48574,48584,10
13.0066995621,80.2475967407,48584,48594,10
13.0067300797,80.2485809326,48594,48604,10
13.0068397522,80.2494277954,48604,48614,10
13.0068702698,80.2495880127,48614,48624,10
13.006819725,80.250038147,48624,48635,11
13.0068101883,80.2509384155,48635,48665,30
13.0068101883,80.2509384155,48665,48675,10
13.0068397522,80.251159668,48675,48685,10
13.0067396164,80.2516098022,48685,48695,10
13.0065698624,80.2523269653,48695,48705,10
13.006529808,80.2533187866,48705,48715,10
13.0065603256,80.2543029785,48715,48725,10
13.0065898895,80.2550964355,48725,48735,10
13.0066204071,80.2553405762,48735,48746,11
13.0066099167,80.2557983398,48746,48756,10
13.0065698624,80.2565002441,48756,48766,10
13.0066604614,80.2573776245,48766,48776,10
13.0060300827,80.2574386597,48776,48786,10
13.0054197311,80.2573699951,48786,48796,10
13.0046701431,80.2572021484,48796,48806,10
13.0039300919,80.2570266724,48806,48816,10
13.0033798218,80.2569198608,48816,48826,10
13.002989769,80.2568283081,48826,48836,10
13.002530098,80.2567520142,48836,48846,10
13.0021600723,80.2566833496,48846,48856,10
13.0016899109,80.2566223145,48856,48866,10
13.0010595322,80.2565307617,48866,48877,11
13.0001401901,80.256362915,48877,48887,10
12.9996099472,80.2562789917,48887,48897,10
12.9991197586,80.2561721802,48897,48907,10
12.9985704422,80.2560806274,48907,48916,9
12.9982595444,80.2560272217,48916,48927,11
12.997879982,80.2559585571,48927,48937,10
12.9974098206,80.2559280396,48937,48947,10
12.997130394,80.2559814453,48947,48957,10
12.9969797134,80.2560501099,48957,48967,10
12.9969396591,80.2562179565,48967,48978,11
12.9968700409,80.2568283081,48978,48988,10
12.9967803955,80.257598877,48988,48998,10
12.9966897964,80.2581787109,48998,49008,10
12.9966402054,80.2586364746,49008,49018,10
12.9965696335,80.2591400146,49018,49028,10
12.996509552,80.2598495483,49028,49038,10
12.9964199066,80.2608795166,49038,49048,10
12.9963197708,80.261680603,49048,49058,10
12.9962596893,80.2619934082,49058,49068,10
12.9961700439,80.2625198364,49068,49078,10
12.9961299896,80.2630767822,49078,49089,11
12.9960803986,80.263710022,49089,49099,10
12.9960002899,80.2645492554,49099,49109,10
12.995880127,80.2656097412,49109,49119,10
12.9957399368,80.2667617798,49119,49129,10
12.9957704544,80.2676467896,49129,49139,10
12.9958896637,80.2676696777,49139,49149,10
12.9960603714,80.2676467896,49149,49159,10
12.9965200424,80.2677230835,49159,49169,10
12.997420311,80.2675628662,49169,49179,10
12.9983196259,80.267326355,49179,49189,10
12.999130249,80.2670898438,49189,49199,10
13.0000600815,80.2666702271,49199,49210,11
13.000120163,80.2664794922,49210,49220,10
13.0001602173,80.2661590576,49220,49230,10
13.000289917,80.2657623291,49230,49240,10
13.0003900528,80.2657928467,49240,49250,10
13.0003595352,80.2661437988,49250,49389,139
13.0003099442,80.2662277222,49389,49722,333
13.0004501343,80.2663116455,49722,49914,192
13.0003404617,80.2663269043,49914,51205,1291
13.00041008,80.2662963867,51205,51962,757
13.0003595352,80.2663421631,51962,52345,383
13.0003995895,80.2662277222,52345,52567,222
13.0003995895,80.2662277222,52567,52577,10
13.0003299713,80.266418457,52577,52587,10
13.0003404617,80.2665176392,52587,52597,10
13.0003404617,80.2666320801,52597,52607,10
13.0002403259,80.2668228149,52607,52617,10
12.9998598099,80.2669525146,52617,52628,11
12.9991102219,80.2671432495,52628,52638,10
12.9983901978,80.2673797607,52638,52648,10
12.9974803925,80.2676696777,52648,52657,9
12.9967098236,80.2677612305,52657,52668,11
12.9959802628,80.2677383423,52668,52678,10
12.9956998825,80.2676391602,52678,52688,10
12.9956703186,80.2675628662,52688,52698,10
12.9956703186,80.2674026489,52698,52708,10
12.9956502914,80.2673187256,52708,52718,10
12.9956903458,80.2669830322,52718,52728,10
12.9957399368,80.2663574219,52728,52739,11
12.9958600998,80.26537323,52739,52749,10
12.9959802628,80.2644424438,52749,52759,10
12.9960699081,80.2635803223,52759,52769,10
12.9961299896,80.2630081177,52769,52779,10
12.9961500168,80.262802124,52779,52789,10
12.996219635,80.2623977661,52789,52799,10
12.9962596893,80.2618713379,52799,52809,10
12.9963197708,80.261390686,52809,52819,10
12.9964103699,80.2606124878,52819,52829,10
12.9965000153,80.2598571777,52829,52839,10
12.9965295792,80.259437561,52839,52849,10
12.9965600967,80.2589874268,52849,52860,11
12.9966402054,80.2582321167,52860,52870,10
12.996720314,80.2574615479,52870,52880,10
12.9968004227,80.2567825317,52880,52890,10
12.9968595505,80.2561798096,52890,52960,70
12.9968595505,80.2561798096,52960,52971,11
12.9969100952,80.256072998,52971,52981,10
12.9970798492,80.2558135986,52981,52991,10
12.9975404739,80.255859375,52991,53001,10
12.9981002808,80.2559280396,53001,53011,10
12.9984998703,80.2559890747,53011,53071,60
12.998840332,80.2559890747,53071,53092,21
12.998840332,80.2559890747,53092,53102,10
12.9991397858,80.2560272217,53102,53152,50
12.9991397858,80.2560272217,53152,53162,10
12.9995098114,80.2560882568,53162,53172,10
13.0000295639,80.2562103271,53172,53182,10
13.0006999969,80.2563476563,53182,53192,10
13.0013599396,80.2564697266,53192,53203,11
13.0019702911,80.2565765381,53203,53213,10
13.0026502609,80.2566986084,53213,53223,10
13.0032596588,80.2568283081,53223,53232,9
13.0037097931,80.2569198608,53232,53243,11
13.0043001175,80.2570266724,53243,53253,10
13.0047597885,80.2571182251,53253,53263,10
13.0052604675,80.2572631836,53263,53273,10
13.0055599213,80.2573165894,53273,53283,10
13.0057001114,80.2574234009,53283,53293,10
13.0058498383,80.2574615479,53293,53303,10
13.0061597824,80.2574768066,53303,53314,11
13.0064897537,80.2572784424,53314,53324,10
13.006480217,80.2566986084,53324,53334,10
13.006480217,80.2559204102,53334,53344,10
13.0065097809,80.2551498413,53344,53360,16
13.0064897537,80.2531890869,53360,53380,20
13.0064897537,80.2531890869,53380,53392,12
13.0065002441,80.2529296875,53392,53402,10
13.006529808,80.2523117065,53402,53412,10
13.0066204071,80.2518615723,53412,53493,81
13.0066204071,80.2518615723,53493,53503,10
13.006649971,80.2516479492,53503,53513,10
13.0066995621,80.2512969971,53513,53523,10
13.0067195892,80.250579834,53523,53533,10
13.0067300797,80.2496185303,53533,53544,11
13.0066795349,80.2485580444,53544,53554,10
13.0066204071,80.2479629517,53554,53584,30
13.0066299438,80.2478408813,53584,53683,99
13.0066299438,80.2478408813,53683,53693,10
13.0066299438,80.2477874756,53693,53703,10
13.0066299438,80.2474212646,53703,53713,10
13.0066299438,80.2469711304,53713,53722,9
13.0065803528,80.2464904785,53722,53733,11
13.0066099167,80.2463684082,53733,53743,10
13.0066099167,80.245880127,53743,53752,9
13.0066003799,80.2452392578,53752,53762,10
13.0065898895,80.2444610596,53762,53774,12
13.0065698624,80.2437667847,53774,53784,10
13.0065603256,80.2431716919,53784,53794,10
13.0065402985,80.24243927,53794,53804,10
13.0065498352,80.2415237427,53804,53814,10
13.0066995621,80.2404785156,53814,53824,10
13.0068798065,80.239440918,53824,53834,10
13.007060051,80.2384490967,53834,53844,10
13.0072402954,80.2375411987,53844,53854,10
13.0073404312,80.2368392944,53854,53864,10
13.0073604584,80.2367935181,53864,53874,10
13.0074100494,80.236618042,53874,53885,11
13.0075397491,80.2361373901,53885,53895,10
13.0076799393,80.235458374,53895,53905,10
13.0078401566,80.2346572876,53905,53915,10
13.0080299377,80.2337112427,53915,53925,10
13.0082197189,80.232711792,53925,53935,10
13.0084295273,80.2316436768,53935,53945,10
13.0086603165,80.2305221558,53945,53955,10
13.008890152,80.2293701172,53955,53965,10
13.0091400146,80.2282409668,53965,53975,10
13.0095796585,80.227180481,53975,53985,10
13.0100603104,80.2261428833,53985,53996,11
13.0104999542,80.2252502441,53996,54006,10
13.0108203888,80.224822998,54006,54016,10
13.0110197067,80.2242279053,54016,54026,10
13.0112104416,80.2234725952,54026,54036,10
13.0114297867,80.2228775024,54036,54046,10
13.0117902756,80.2221069336,54046,54056,10
13.0122499466,80.2214202881,54056,54066,10
13.0124597549,80.2217712402,54066,54076,10
13.0128698349,80.2223129272,54076,54086,10
13.0134496689,80.2229537964,54086,54096,10
13.0139799118,80.2233276367,54096,54106,10
13.0142202377,80.2236328125,54106,54117,11
13.014840126,80.2242889404,54117,54127,10
13.0153503418,80.2248306274,54127,54137,10
13.01541996,80.2248916626,54137,54147,10
13.0155496597,80.2250671387,54147,54157,10
13.0158500671,80.2252502441,54157,54167,10
13.0165300369,80.2252426147,54167,54177,10
13.0173902512,80.224899292,54177,54187,10
13.018289566,80.2245407104,54187,54193,6
13.0192804337,80.2242584229,54193,54217,24
13.0192804337,80.2242584229,54217,54228,11
13.0193901062,80.2243118286,54228,54238,10
13.0195398331,80.2244033813,54238,54248,10
13.0196800232,80.2245025635,54248,54258,10
13.0199899673,80.2247161865,54258,54268,10
13.0204696655,80.2250671387,54268,54278,10
13.0209598541,80.225440979,54278,54301,23
13.0222196579,80.2264633179,54301,54313,12
13.0230398178,80.227180481,54313,54323,10
13.0236101151,80.2277679443,54323,54333,10
13.0244197845,80.2286376953,54333,54344,11
13.0251197815,80.2295608521,54344,54354,10
13.0255804062,80.2301635742,54354,54364,10
13.0258798599,80.2308578491,54364,54374,10
13.0259895325,80.231262207,54374,54414,40
13.0259895325,80.231262207,54414,54424,10
13.0262002945,80.2312469482,54424,54434,10
13.0267400742,80.2311325073,54434,54444,10
13.0273799896,80.2309799194,54444,54455,11
13.0283002853,80.2308883667,54455,54475,20
13.0283002853,80.2308883667,54475,54485,10
13.0291795731,80.230796814,54485,54525,40
13.0291795731,80.230796814,54525,54535,10
13.0294399261,80.2308197021,54535,54545,10
13.0297403336,80.2307662964,54545,54555,10
13.03028965,80.2306976318,54555,54565,10
13.0305595398,80.2305603027,54565,54575,10
13.0305404663,80.2302703857,54575,54587,12
13.03028965,80.2295227051,54587,54597,10
13.0302801132,80.2288589478,54597,54608,11
13.0303297043,80.2285766602,54608,54618,10
13.0303401947,80.228302002,54618,54627,9
13.030380249,80.2278671265,54627,54638,11
13.0302400589,80.2275009155,54638,54647,9
13.0296401978,80.2273864746,54647,54658,11
13.0287799835,80.2272491455,54658,54667,9
13.0286998749,80.2272415161,54667,54679,12
13.0285396576,80.2272415161,54679,54689,10
13.0280599594,80.2270965576,54689,54699,10
13.0278596878,80.226852417,54699,54709,10
13.0279903412,80.2263183594,54709,54719,10
13.0281600952,80.2254867554,54719,54729,10
13.0283699036,80.2245483398,54729,54738,9
13.0285396576,80.2239685059,54738,54748,10
13.0287704468,80.2239990234,54748,54758,10
13.0288696289,80.2240829468,54758,54769,11
13.0291500092,80.2242431641,54769,54779,10
13.029589653,80.2242431641,54779,54789,10
13.0301904678,80.224281311,54789,54800,11
13.0308504105,80.2242202759,54800,54810,10
13.0310297012,80.223739624,54810,54820,10
13.0311403275,80.2232818604,54820,54830,10
13.0311403275,80.2231369019,54830,54840,10
13.03125,80.2227096558,54840,54850,10
13.031539917,80.2220993042,54850,54860,10
13.0319404602,80.2214813232,54860,54870,10
13.0321702957,80.2205505371,54870,54880,10
13.0321998596,80.2200012207,54880,54890,10
13.0321798325,80.219871521,54890,54900,10
13.0321798325,80.2196884155,54900,54910,10
13.0321798325,80.2193832397,54910,54927,17
13.0320100784,80.2184906006,54927,54939,12
13.0314598083,80.2180709839,54939,54949,10
13.031419754,80.2174377441,54949,54959,10
13.0313196182,80.2170562744,54959,54969,10
13.0310096741,80.2170410156,54969,54979,10
13.0305099487,80.2169189453,54979,54989,10
13.0304899216,80.2169113159,54989,54999,10
13.0304498672,80.2167434692,54999,55009,10
13.0304203033,80.2164306641,55009,55019,10
13.0303897858,80.2158813477,55019,55030,11
13.0303297043,80.2149734497,55030,55040,10
13.0303497314,80.214630127,55040,55050,10
13.030380249,80.2144699097,55050,55060,10
13.0304498672,80.2140426636,55060,55070,10
13.0305099487,80.2136306763,55070,55080,10
13.0305595398,80.2132797241,55080,55090,10
13.0306501389,80.2126922607,55090,55100,10
13.0307703018,80.2119216919,55100,55110,10
13.0308103561,80.2115097046,55110,55119,9
13.03083992,80.2110977173,55119,55130,11
13.0309200287,80.2108001709,55130,55141,11
13.0309801102,80.2102203369,55141,55151,10
13.0308599472,80.2100524902,55151,55161,10
13.0305204391,80.2099380493,55161,55171,10
13.0300397873,80.2097091675,55171,55181,10
13.0300998688,80.2092666626,55181,55191,10
13.0303897858,80.2090988159,55191,55201,10
13.0310001373,80.2092514038,55201,55211,10
13.031370163,80.2093505859,55211,55221,10
13.031539917,80.2093963623,55221,55231,10
13.0321102142,80.2095413208,55231,55241,10
13.0328903198,80.2096862793,55241,55252,11
13.0340204239,80.2098464966,55252,55262,10
13.0350198746,80.2098693848,55262,55272,10
13.0351600647,80.2092208862,55272,55282,10
13.0352201462,80.2087631226,55282,55292,10
13.0352497101,80.2086791992,55292,55302,10
13.035320282,80.2082214355,55302,55312,10
13.0354099274,80.2074890137,55312,55322,10
13.0355501175,80.2065505981,55322,55332,10
13.0357103348,80.2055282593,55332,55342,10
13.0357704163,80.2050170898,55342,55352,10
13.0358104706,80.2049484253,55352,55362,10
13.0358800888,80.2045669556,55362,55373,11
13.0360202789,80.2036819458,55373,55383,10
13.0361604691,80.2027206421,55383,55393,10
13.0362997055,80.2016983032,55393,55403,10
13.0363197327,80.2012710571,55403,55413,10
13.0364303589,80.2007293701,55413,55423,10
13.0365400314,80.1998977661,55423,55433,10
13.0366897583,80.1988830566,55433,55443,10
13.0367603302,80.1983184814,55443,55453,10
13.0368299484,80.1979064941,55453,55463,10
13.0369501114,80.1972122192,55463,55473,10
13.0370702744,80.1964111328,55473,55484,11
13.0370903015,80.1961975098,55484,55494,10
13.0371704102,80.1956787109,55494,55504,10
13.0372896194,80.1949386597,55504,55514,10
13.0374002457,80.1940231323,55514,55524,10
13.0375204086,80.193069458,55524,55534,10
13.0378198624,80.1927337646,55534,55544,10
13.0382795334,80.1928024292,55544,55554,10
13.0386695862,80.1928710938,55554,55564,10
13.0387096405,80.1928787231,55564,55574,10
13.0390100479,80.1929168701,55574,55584,10
13.0396003723,80.1930389404,55584,55595,11
13.0404195786,80.1931381226,55595,55605,10
13.0410299301,80.193321228,55605,55615,10
13.041390419,80.1934204102,55615,55625,10
13.0416402817,80.1936569214,55625,55635,10
13.0416402817,80.1941986084,55635,55645,10
13.0416498184,80.1945037842,55645,55655,10
13.0415897369,80.1949386597,55655,55665,10
13.0414896011,80.1956710815,55665,55675,10
13.0414199829,80.1964263916,55675,55685,10
13.0413398743,80.1967697144,55685,55695,10
13.0412998199,80.1971206665,55695,55706,11
13.041179657,80.197883606,55706,55716,10
13.0410900116,80.1987686157,55716,55726,10
13.0410299301,80.1993103027,55726,55736,10
13.0410203934,80.1993179321,55736,55746,10
13.0409498215,80.1997680664,55746,55756,10
13.0408401489,80.2004623413,55756,55766,10
13.0408201218,80.2007904053,55766,55776,10
13.0407400131,80.2014083862,55776,55786,10
13.0406303406,80.2019424438,55786,55796,10
13.0405502319,80.2024002075,55796,55806,10
13.0404596329,80.203163147,55806,55816,10
13.0403203964,80.2041625977,55816,55827,11
13.0402002335,80.2049407959,55827,55837,10
13.0406198502,80.205039978,55837,55847,10
13.0411596298,80.2051315308,55847,55857,10
13.041270256,80.2051620483,55857,55867,10
13.0417299271,80.2052230835,55867,55877,10
13.0424003601,80.2053527832,55877,55887,10
13.0427398682,80.2057113647,55887,55897,10
13.0431699753,80.2063293457,55897,55907,10
13.0437002182,80.2070236206,55907,55917,10
13.0440797806,80.207862854,55917,55927,10
13.0441503525,80.2088317871,55927,55937,10
13.0441598892,80.2090682983,55937,55954,17
13.0441598892,80.2094726563,55954,55966,12
13.0441598892,80.2102508545,55966,55976,10
13.0441799164,80.2109527588,55976,55985,9
13.0442695618,80.2118682861,55985,56016,31
13.0442695618,80.2118682861,56016,56026,10
13.0442800522,80.2119598389,56026,56036,10
13.044549942,80.2121582031,56036,56046,10
13.0452404022,80.2121734619,56046,56057,11
13.0462398529,80.2121582031,56057,56066,9
13.0470399857,80.2120895386,56066,56097,31
13.0470399857,80.2120895386,56097,56107,10
13.04708004,80.2119827271,56107,56117,10
13.0470695496,80.2118301392,56117,56127,10
13.0470304489,80.2116012573,56127,56137,10
13.0469799042,80.2111206055,56137,56147,10
13.0471401215,80.2107620239,56147,56157,10
13.047659874,80.2107620239,56157,56168,11
13.0482597351,80.2107696533,56168,56178,10
13.0487298965,80.2107772827,56178,56188,10
13.0491399765,80.2108306885,56188,56198,10
13.0494499207,80.2106781006,56198,56208,10
13.0495004654,80.2101364136,56208,56218,10
13.0494403839,80.2093963623,56218,56228,10
13.0493297577,80.2085571289,56228,56238,10
13.049079895,80.2077484131,56238,56248,10
13.0488100052,80.2070617676,56248,56268,20
13.0488100052,80.2070617676,56268,56279,11
13.0488395691,80.2068786621,56279,56289,10
13.049249649,80.2068862915,56289,56531,242
13.0493202209,80.2072601318,56531,56571,40
13.0493202209,80.2072601318,56571,56581,10
13.0490703583,80.2074203491,56581,56591,10
13.0490999222,80.2076873779,56591,56601,10
13.0492095947,80.2080230713,56601,56611,10
13.0492696762,80.2083969116,56611,56622,11
13.0493497849,80.2087020874,56622,56632,10
13.0494604111,80.2089385986,56632,56642,10
13.049539566,80.2094497681,56642,56652,10
13.0496196747,80.2101364136,56652,56662,10
13.0496702194,80.2107467651,56662,56672,10
13.0497903824,80.2116775513,56672,56722,50
13.0497903824,80.2116775513,56722,56733,11
13.0498800278,80.2118911743,56733,56743,10
13.0498399734,80.2121963501,56743,56753,10
13.0495796204,80.2122192383,56753,56763,10
13.0494604111,80.2122116089,56763,56773,10
13.0489997864,80.2121963501,56773,56783,10
13.0482797623,80.2122573853,56783,56793,10
13.047419548,80.2123184204,56793,56803,10
13.0464401245,80.212348938,56803,56813,10
13.0456104279,80.2123794556,56813,56823,10
13.0448799133,80.2124328613,56823,56833,10
13.0443496704,80.2124633789,56833,56854,21
13.0443496704,80.2124633789,56854,56870,16
13.0443000793,80.2124176025,56870,56882,12
13.0442495346,80.2118606567,56882,56892,10
13.0442304611,80.2112426758,56892,56902,10
13.0441799164,80.2101211548,56902,56912,10
13.0441398621,80.2093734741,56912,56922,10
13.0441102982,80.2088012695,56922,56931,9
13.0440797806,80.2082672119,56931,56942,11
13.0440597534,80.2080230713,56942,56952,10
13.0438899994,80.2074966431,56952,56963,11
13.0434703827,80.2068405151,56963,56973,10
13.0429897308,80.206161499,56973,56983,10
13.0424499512,80.2055206299,56983,56993,10
13.0416202545,80.2052764893,56993,57003,10
13.0409402847,80.2051925659,57003,57013,10
13.0406904221,80.2051773071,57013,57023,10
13.0403604507,80.205116272,57023,57033,10
13.0398302078,80.2050323486,57033,57043,10
13.039059639,80.2049102783,57043,57053,10
13.0383796692,80.2048187256,57053,57063,10
13.0381402969,80.2046203613,57063,57074,11
13.0382099152,80.2040405273,57074,57084,10
13.0383501053,80.2033309937,57084,57094,10
13.0384597778,80.2024993896,57094,57104,10
13.0385503769,80.2018127441,57104,57114,10
13.0386104584,80.201423645,57114,57124,10
13.0386800766,80.200843811,57124,57134,10
13.0387802124,80.2002487183,57134,57144,10
13.0388803482,80.199546814,57144,57154,10
13.0389499664,80.1988830566,57154,57164,10
13.0390300751,80.1982803345,57164,57174,10
13.0391702652,80.1975326538,57174,57184,10
13.0392303467,80.1969909668,57184,57195,11
13.0392398834,80.1969680786,57195,57205,10
13.039270401,80.1968612671,57205,57215,10
13.0393400192,80.1965179443,57215,57225,10
13.0394001007,80.1960830688,57225,57235,10
13.0395097733,80.1953811646,57235,57245,10
13.0396203995,80.1945571899,57245,57255,10
13.0397596359,80.193611145,57255,57265,10
13.0397996902,80.1931381226,57265,57275,10
13.0396795273,80.1930389404,57275,57285,10
13.0393104553,80.1930007935,57285,57295,10
13.0388202667,80.1929168701,57295,57306,11
13.0382795334,80.1928482056,57306,57316,10
13.0378198624,80.1929702759,57316,57326,10
13.0376300812,80.1936187744,57326,57336,10
13.0374898911,80.194519043,57336,57346,10
13.0373401642,80.1954574585,57346,57356,10
13.0372495651,80.195930481,57356,57366,10
13.0372104645,80.1961135864,57366,57376,10
13.0370998383,80.1966629028,57376,57386,10
13.0369997025,80.1974105835,57386,57396,10
13.0368900299,80.1981811523,57396,57406,10
13.0368404388,80.198600769,57406,57423,17
13.0367698669,80.1990890503,57423,57435,12
13.0366096497,80.2000274658,57435,57445,10
13.0364704132,80.2010574341,57445,57455,10
13.0363903046,80.2016983032,57455,57465,10
13.0363798141,80.2018890381,57465,57475,10
13.0362901688,80.2024230957,57475,57484,9
13.0361700058,80.2032165527,57484,57495,11
13.0360202789,80.2043075562,57495,57505,10
13.0359096527,80.2049865723,57505,57516,11
13.035779953,80.205871582,57516,57526,10
13.035779953,80.2059783936,57526,57537,11
13.0357198715,80.2064666748,57537,57547,10
13.0355997086,80.2072372437,57547,57557,10
13.0354995728,80.2080993652,57557,57568,11
13.0354604721,80.2084274292,57568,57578,10
13.0354003906,80.2085189819,57578,57588,10
13.0353403091,80.2089233398,57588,57598,10
13.0352296829,80.2096176147,57598,57608,10
13.0351200104,80.2103805542,57608,57618,10
13.0349597931,80.2107162476,57618,57628,10
13.0348701477,80.2112808228,57628,57638,10
13.0347700119,80.2119522095,57638,57649,11
13.0342798233,80.2121200562,57649,57659,10
13.0334701538,80.2120513916,57659,57669,10
13.0326700211,80.2119903564,57669,57679,10
13.032500267,80.2119598389,57679,57689,10
13.032119751,80.2118682861,57689,57699,10
13.0319099426,80.2113876343,57699,57709,10
13.031999588,80.2106170654,57709,57719,10
13.0320796967,80.2097702026,57719,57729,10
13.0314998627,80.2095413208,57729,57739,10
13.0306997299,80.2093505859,57739,57749,10
13.0301599503,80.2093200684,57749,57760,11
13.0300998688,80.2095413208,57760,57769,9
13.0300598145,80.2096405029,57769,57780,11
13.0302696228,80.2098770142,57780,57790,10
13.0308198929,80.2099914551,57790,57800,10
13.0310001373,80.2101593018,57800,57810,10
13.0309696198,80.2104797363,57810,57820,10
13.0309000015,80.2110366821,57820,57830,10
13.0308799744,80.2113189697,57830,57840,10
13.0308198929,80.2117004395,57840,57850,10
13.0307703018,80.2120285034,57850,57860,10
13.0306997299,80.2125930786,57860,57870,10
13.0306301117,80.2133407593,57870,57881,11
13.0305404663,80.2137298584,57881,57891,10
13.0304803848,80.2140579224,57891,57907,16
13.0303897858,80.2147216797,57907,57919,12
13.0303401947,80.2149810791,57919,57929,10
13.0303497314,80.2155075073,57929,57939,10
13.030380249,80.2161712646,57939,57949,10
13.0303897858,80.2166671753,57949,57959,10
13.0306301117,80.2168731689,57959,57969,10
13.0307397842,80.2169265747,57969,57979,10
13.0310897827,80.2169036865,57979,57990,11
13.0313796997,80.2169494629,57990,58000,10
13.0314702988,80.217338562,58000,58010,10
13.031539917,80.2180633545,58010,58020,10
13.0320196152,80.2184295654,58020,58030,10
13.0322504044,80.2187805176,58030,58040,10
13.0322599411,80.2195205688,58040,58050,10
13.0322704315,80.2200698853,58050,58060,10
13.0322799683,80.2202682495,58060,58070,10
13.0322904587,80.2204208374,58070,58080,10
13.0321502686,80.2208633423,58080,58090,10
13.0319795609,80.2215499878,58090,58101,11
13.0316495895,80.2222518921,58101,58111,10
13.0313901901,80.2227172852,58111,58121,10
13.0312204361,80.2233581543,58121,58131,10
13.0312004089,80.2239532471,58131,58141,10
13.0312099457,80.2240066528,58141,58151,10
13.0312004089,80.2242202759,58151,58161,10
13.0308504105,80.224319458,58161,58171,10
13.0303602219,80.2243270874,58171,58181,10
13.0298099518,80.2243118286,58181,58191,10
13.0292596817,80.2242965698,58191,58201,10
13.0291404724,80.2242965698,58201,58211,10
13.0290699005,80.2243118286,58211,58228,17
13.0287599564,80.2241363525,58228,58240,12
13.0284795761,80.2244415283,58240,58248,8
13.0283498764,80.2250289917,58248,58260,12
13.0281600952,80.2259216309,58260,58270,10
13.0280599594,80.2263870239,58270,58278,8
13.027970314,80.2269134521,58278,58290,12
13.0281600952,80.2270889282,58290,58300,10
13.0285797119,80.227142334,58300,58310,10
13.0286102295,80.227142334,58310,58320,10
13.0289001465,80.2271881104,58320,58331,11
13.0295200348,80.2273178101,58331,58341,10
13.0302400589,80.2274627686,58341,58351,10
13.0304403305,80.2277984619,58351,58361,10
13.0303897858,80.2281112671,58361,58371,10
13.0303897858,80.2282485962,58371,58381,10
13.0303401947,80.2286682129,58381,58391,10
13.0303401947,80.2293395996,58391,58401,10
13.0305500031,80.2298812866,58401,58411,10
13.0307197571,80.2305984497,58411,58431,20
13.0307197571,80.2305984497,58431,58442,11
13.0306997299,80.230796814,58442,58452,10
13.0303697586,80.2308425903,58452,58462,10
13.030090332,80.2308731079,58462,58472,10
13.0300703049,80.2308807373,58472,58482,10
13.0297002792,80.2309112549,58482,58492,10
13.0292797089,80.2309417725,58492,58502,10
13.0288295746,80.231010437,58502,58512,10
13.0284500122,80.2310180664,58512,58522,10
13.0280399323,80.2310409546,58522,58532,10
13.0277795792,80.2311019897,58532,58542,10
13.0277500153,80.2315216064,58542,58553,11
13.0277500153,80.2320022583,58553,58563,10
13.0278100967,80.2324295044,58563,58573,10
13.0276498795,80.2328262329,58573,58583,10
13.0271902084,80.2329483032,58583,58603,20
13.0271902084,80.2329483032,58603,58613,10
13.0270900726,80.2330169678,58613,58623,10
13.0269298553,80.2330169678,58623,58633,10
13.0266304016,80.2330780029,58633,58643,10
13.0263204575,80.2327804565,58643,58653,10
13.0261297226,80.2321472168,58653,58663,10
13.0259199142,80.2313308716,58663,58674,11
13.0255298615,80.2303237915,58674,58684,10
13.0247602463,80.2292861938,58684,58704,20
13.0247602463,80.2292861938,58704,58714,10
13.0245895386,80.2290725708,58714,58724,10
13.0240898132,80.2284698486,58724,58744,20
13.0240898132,80.2284698486,58744,58754,10
13.0239896774,80.2283630371,58754,58764,10
13.0236997604,80.2279815674,58764,58780,16
13.0230503082,80.2273025513,58780,58793,13
13.022359848,80.2266464233,58793,58803,10
13.0217199326,80.2261123657,58803,58813,10
13.021109581,80.2256622314,58813,58821,8
13.0206203461,80.2253036499,58821,58832,11
13.0199403763,80.2248916626,58832,58852,20
13.0199403763,80.2248916626,58852,58863,11
13.0196304321,80.2246780396,58863,58873,10
13.0190401077,80.2245178223,58873,58884,11
13.0180997849,80.2248382568,58884,58894,10
13.017080307,80.2252426147,58894,58905,11
13.0161304474,80.2256088257,58905,58915,10
13.0152997971,80.2259292603,58915,58925,10
13.0146799088,80.2261962891,58925,58935,10
13.0145397186,80.2262573242,58935,58945,10
13.0143404007,80.2263412476,58945,58955,10
13.0140304565,80.2264480591,58955,58965,10
13.013469696,80.2266616821,58965,58975,10
13.0127296448,80.2269515991,58975,58985,10
13.0118999481,80.2272720337,58985,58995,10
13.0109996796,80.2276229858,58995,59006,11
13.0099802017,80.2280426025,59006,59016,10
13.0092096329,80.2285308838,59016,59026,10
13.0089902878,80.2295227051,59026,59036,10
13.0087995529,80.2306594849,59036,59046,10
13.0085897446,80.2317428589,59046,59056,10
13.0083999634,80.2326889038,59056,59066,10
13.0082998276,80.2336196899,59066,59086,20
13.0082998276,80.2336196899,59086,59096,10
13.0081796646,80.2339706421,59096,59106,10
13.0080900192,80.2343673706,59106,59116,10
13.008020401,80.2347335815,59116,59127,11
13.0079402924,80.2351074219,59127,59137,10
13.0078401566,80.2356185913,59137,59147,10
13.0077199936,80.2362136841,59147,59157,10
13.007610321,80.2368011475,59157,59167,10
13.0074796677,80.2374572754,59167,59177,10
13.0073404312,80.2382125854,59177,59187,10
13.0072202682,80.2388763428,59187,59197,10
13.0071001053,80.2394638062,59197,59207,10
13.0069904327,80.2400436401,59207,59217,10
13.0069303513,80.2404403687,59217,59227,10
13.0069303513,80.2405166626,59227,59238,11
13.0068397522,80.2409210205,59238,59248,10
13.0067796707,80.2415771484,59248,59258,10
13.0067596436,80.2424926758,59258,59268,10
13.0067396164,80.2433166504,59268,59278,10
13.0067596436,80.2440490723,59278,59288,10
13.0067396164,80.2443618774,59288,59298,10
13.0067195892,80.2446365356,59298,59308,10
13.0067300797,80.2450408936,59308,59318,10
13.0067396164,80.2456512451,59318,59328,10
13.0067501068,80.2462005615,59328,59338,10
13.0067596436,80.246711731,59338,59349,11
13.0067501068,80.2474975586,59349,59359,10
13.0067796707,80.2484130859,59359,59369,10
13.0068397522,80.2490463257,59369,59379,10
13.0068998337,80.2495803833,59379,59389,10
13.0068998337,80.2495880127,59389,59399,10
13.0068798065,80.249786377,59399,59409,10
13.0068502426,80.2503128052,59409,59419,10
13.0068597794,80.2509536743,59419,59459,40
13.0068597794,80.2509536743,59459,59470,11
13.0068798065,80.2512283325,59470,59480,10
13.0068597794,80.2515106201,59480,59490,10
13.0067195892,80.2520294189,59490,59500,10
13.0066003799,80.252746582,59500,59510,10
13.0066003799,80.2536010742,59510,59520,10
13.0066299438,80.2546310425,59520,59530,10
13.0066699982,80.2552185059,59530,59540,10
13.0066604614,80.2552337646,59540,59550,10
13.0066404343,80.2553863525,59550,59560,10
13.0066404343,80.2559127808,59560,59570,10
13.0066699982,80.2571792603,59570,59611,41
13.0066204071,80.2571868896,59611,59641,30
13.0066204071,80.2571868896,59641,59651,10
13.0066795349,80.2575378418,59651,59661,10
13.0061302185,80.2575683594,59661,59671,10
13.0054197311,80.2573928833,59671,59681,10
13.0047302246,80.2572174072,59681,59692,11
13.0038499832,80.257019043,59692,59702,10
13.0030202866,80.2568664551,59702,59712,10
13.0024404526,80.2567596436,59712,59722,10
13.0014600754,80.2566223145,59722,59782,60
13.0014600754,80.2566223145,59782,59792,10
13.0011100769,80.2565917969,59792,59803,11
13.0004396439,80.2564620972,59803,59813,10
12.9996900558,80.2563323975,59813,59823,10
12.9989795685,80.2561798096,59823,59833,10
12.9982795715,80.2560577393,59833,59843,10
12.9975795746,80.2559967041,59843,59853,10
12.9975004196,80.2559967041,59853,59863,10
12.9973497391,80.2559967041,59863,59883,20
12.9973497391,80.2559967041,59883,59893,10
12.9971904755,80.2560195923,59893,59903,10
12.9969301224,80.2561798096,59903,59913,10
12.9968395233,80.2570800781,59913,59934,21
12.9968395233,80.2570800781,59934,59944,10
12.9967899323,80.2574310303,59944,59954,10
12.996720314,80.2580490112,59954,59964,10
12.9966602325,80.2586898804,59964,59974,10
12.9966096878,80.2592697144,59974,59984,10
12.9965400696,80.2599105835,59984,59994,10
12.9964599609,80.2607421875,59994,60004,10
12.9963798523,80.2615966797,60004,60014,10
12.9962997437,80.2622375488,60014,60024,10
12.9962797165,80.2624816895,60024,60035,11
12.9962797165,80.2625579834,60035,60045,10
12.996219635,80.2629776001,60045,60055,10
12.9961795807,80.2635879517,60055,60065,10
12.9960803986,80.2643890381,60065,60081,16
12.9959001541,80.26587677,60081,60093,12
12.995759964,80.2670898438,60093,60101,8
12.995759964,80.2676620483,60101,60113,12
12.9962501526,80.2677764893,60113,60123,10
12.9962596893,80.267791748,60123,60133,10
12.9964599609,80.267791748,60133,60143,10
12.9969396591,80.2677230835,60143,60154,11
12.9976797104,80.2675170898,60154,60164,10
12.9984998703,80.2673034668,60164,60174,10
12.9995298386,80.2669906616,60174,60183,9
13.000120163,80.2666320801,60183,60194,11
13.0001401901,80.2665328979,60194,60204,10
13.0001497269,80.2664489746,60204,60214,10
13.0001897812,80.2660827637,60214,60224,10
13.0003204346,80.2656936646,60224,60234,10
13.0003595352,80.2657089233,60234,60244,10
13.0003700256,80.2659301758,60244,60254,10
13.0003299713,80.2661590576,60254,60265,11
13.0002803802,80.2664337158,60265,61062,797
13.0002803802,80.2664337158,61062,61072,10
13.0003204346,80.2667999268,61072,61082,10
12.9998502731,80.2669906616,61082,61092,10
12.9990797043,80.2671813965,61092,61102,10
12.9982700348,80.2674179077,61102,61112,10
12.9975004196,80.2676086426,61112,61122,10
12.9966201782,80.2677993774,61122,61132,10
12.9959096909,80.2677612305,61132,61142,10
12.9956798553,80.2677001953,61142,61152,10
12.9956798553,80.2676391602,61152,61163,11
12.9957199097,80.2670898438,61163,61173,10
12.9957895279,80.2662811279,61173,61183,10
12.9959001541,80.2652511597,61183,61193,10
12.9960403442,80.2641296387,61193,61203,10
12.9961500168,80.2631835938,61203,61417,214
12.9991598129,80.2560882568,61417,61429,12
12.9994401932,80.2561416626,61429,61437,8
12.9998502731,80.2562179565,61437,61449,12
13.0004701614,80.256362915,61449,61459,10
13.0009803772,80.256439209,61459,61469,10
13.0011997223,80.256477356,61469,61478,9
13.0012903214,80.2565002441,61478,61489,11
13.001660347,80.2565536499,61489,61499,10
13.0021400452,80.2566299438,61499,61509,10
13.0024795532,80.256690979,61509,61520,11
13.002869606,80.2567596436,61520,61530,10
13.0032100677,80.2568283081,61530,61540,10
13.0033798218,80.2568664551,61540,61550,10
13.0035800934,80.2568969727,61550,61560,10
13.0041399002,80.257019043,61560,61570,10
13.0048599243,80.2571563721,61570,61580,10
13.0057897568,80.2573394775,61580,61610,30
13.0057897568,80.2573394775,61610,61620,10
13.0060300827,80.2573776245,61620,61631,11
13.0065002441,80.2574310303,61631,61641,10
13.0065402985,80.2570419312,61641,61651,10
13.0065097809,80.2563171387,61651,61661,10
13.0065002441,80.2554168701,61661,61671,10
13.0065402985,80.2546463013,61671,61681,10
13.0065097809,80.2542190552,61681,61691,10
13.0065097809,80.254119873,61691,61701,10
13.006529808,80.2538986206,61701,61711,10
13.0065202713,80.2534408569,61711,61721,10
13.006529808,80.2531967163,61721,61731,10
13.0065097809,80.2530212402,61731,61742,11
13.0065002441,80.2528610229,61742,61853,111
13.0065002441,80.2528610229,61853,61863,10
13.0065603256,80.252456665,61863,61873,10
13.0065898895,80.2521514893,61873,61994,121
13.0065898895,80.2521514893,61994,62004,10
13.0066699982,80.2519302368,62004,62014,10
13.0067596436,80.2514190674,62014,62024,10
13.0067796707,80.250579834,62024,62034,10
13.0067796707,80.2500610352,62034,62095,61
13.0067796707,80.2500610352,62095,62105,10
13.0067996979,80.2498931885,62105,62115,10
13.0067796707,80.249382019,62115,62125,10
13.0067396164,80.248878479,62125,62135,10
13.0066995621,80.2484512329,62135,62145,10
13.0066604614,80.2478790283,62145,62155,10
13.006649971,80.247177124,62155,62165,10
13.0065803528,80.246673584,62165,62175,10
13.0065803528,80.2466506958,62175,62185,10
13.0066299438,80.2464065552,62185,62196,11
13.0066299438,80.2459182739,62196,62206,10
13.0066404343,80.2456436157,62206,62216,10
13.0066404343,80.2455291748,62216,62226,10
13.0066404343,80.2452163696,62226,62236,10
13.0066299438,80.2448577881,62236,62246,10
13.0066099167,80.2446212769,62246,62256,10
13.0066404343,80.2444000244,62256,62265,9
13.0066404343,80.244140625,62265,62275,10
13.0066404343,80.2438583374,62275,62286,11
13.0066204071,80.2434387207,62286,62296,10
13.0065803528,80.2428817749,62296,62307,11
13.0065603256,80.2419433594,62307,62317,10
13.0066299438,80.2410202026,62317,62327,10
13.0067796707,80.2403106689,62327,62336,9
13.0069103241,80.2395019531,62336,62346,10
13.007109642,80.2386016846,62346,62357,11
13.0072603226,80.23777771,62357,62367,10
13.007399559,80.2370986938,62367,62397,30
13.007399559,80.2370986938,62397,62407,10
13.0074300766,80.2368774414,62407,62418,11
13.0074596405,80.2366790771,62418,62428,10
13.007519722,80.2365036011,62428,62438,10
13.0076398849,80.2360610962,62438,62448,10
13.0077199936,80.2356033325,62448,62458,10
13.0077896118,80.2352981567,62458,62468,10
13.0078802109,80.2348098755,62468,62478,10
13.0080299377,80.2341003418,62478,62488,10
13.0081996918,80.2332000732,62488,62498,10
13.0084104538,80.2322311401,62498,62508,10
13.0086097717,80.2311477661,62508,62518,10
13.0087995529,80.2301864624,62518,62529,11
13.0090398788,80.2289428711,62529,62539,10
13.0093603134,80.2278366089,62539,62549,10
13.0097799301,80.226852417,62549,62559,10
13.0101995468,80.2259902954,62559,62569,10
13.01060009,80.2252120972,62569,62579,10
13.0108003616,80.2247619629,62579,62589,10
13.0109596252,80.2243804932,62589,62599,10
13.0112400055,80.2237167358,62599,62609,10
13.0113697052,80.2233886719,62609,62619,10
13.0114097595,80.2232818604,62619,62629,10
13.0115604401,80.2229232788,62629,62639,10
13.0118103027,80.2222824097,62639,62650,11
13.0121898651,80.2214431763,62650,62660,10
13.0124797821,80.2216186523,62660,62670,10
13.0128297806,80.2221298218,62670,62680,10
13.0133199692,80.2226715088,62680,62690,10
13.0138196945,80.2232131958,62690,62700,10
13.0142698288,80.2238006592,62700,62710,10
13.0149002075,80.2245101929,62710,62720,10
13.0153198242,80.2248764038,62720,62730,10
13.0155496597,80.2249679565,62730,62740,10
13.0155897141,80.2250213623,62740,62750,10
13.0158500671,80.2252731323,62750,62761,11
13.0165100098,80.2253112793,62761,62771,10
13.0173101425,80.2250137329,62771,62781,10
13.0182199478,80.2246780396,62781,62791,10
13.019080162,80.2243270874,62791,62801,10
13.0191802979,80.2242965698,62801,62811,10
13.0192604065,80.2242965698,62811,62821,10
13.0196399689,80.2244262695,62821,62841,20
13.0196399689,80.2244262695,62841,62851,10
13.0197496414,80.2244796753,62851,62861,10
13.0200195313,80.2247085571,62861,62872,11
13.020529747,80.225112915,62872,62882,10
13.0211400986,80.2255630493,62882,62892,10
13.0218400955,80.2261123657,62892,62902,10
13.0226602554,80.2267913818,62902,62912,10
13.0235204697,80.2275619507,62912,62922,10
13.0241098404,80.2281570435,62922,62932,10
13.0245199203,80.2286529541,62932,62942,10
13.0249099731,80.2292175293,62942,62952,10
13.0253295898,80.2297515869,62952,62963,11
13.0258398056,80.2305221558,62963,62974,11
13.0259599686,80.2309188843,62974,62986,12
13.0260601044,80.231262207,62986,62996,10
13.02643013,80.2312927246,62996,63006,10
13.0271501541,80.2311019897,63006,63016,10
13.0283298492,80.2309265137,63016,63036,20
13.0283298492,80.2309265137,63036,63045,9
13.0285797119,80.2308883667,63045,63097,52
13.0285797119,80.2308883667,63097,63107,10
13.028840065,80.2308578491,63107,63117,10
13.0290699005,80.2308197021,63117,63127,10
13.0293703079,80.2308120728,63127,63137,10
13.0298299789,80.2307662964,63137,63147,10
13.0302095413,80.23072052,63147,63157,10
13.0306301117,80.2306900024,63157,63167,10
13.0307197571,80.2305831909,63167,63177,10
13.0306501389,80.2302932739,63177,63187,10
13.0303897858,80.2296218872,63187,63197,10
13.0303001404,80.228767395,63197,63208,11
13.0303697586,80.2284088135,63208,63218,10
13.030380249,80.2282104492,63218,63228,10
13.0304403305,80.2277603149,63228,63238,10
13.0301904678,80.2274780273,63238,63248,10
13.0294904709,80.2273635864,63248,63258,10
13.0286397934,80.2272186279,63258,63268,10
13.0280704498,80.2270812988,63268,63278,10
13.0279197693,80.2268981934,63278,63288,10
13.0279998779,80.2264328003,63288,63298,10
13.0281295776,80.2257080078,63298,63308,10
13.0283403397,80.2247161865,63308,63319,11
13.0284700394,80.2240371704,63319,63329,10
13.0287399292,80.2240066528,63329,63339,10
13.0288000107,80.2240371704,63339,63349,10
13.0288801193,80.2240829468,63349,63359,10
13.0290002823,80.2241897583,63359,63369,10
13.0293598175,80.2242736816,63369,63379,10
13.0300397873,80.2242584229,63379,63389,10
13.0308704376,80.224281311,63389,63399,10
13.0311698914,80.2240219116,63399,63409,10
13.0311603546,80.2236175537,63409,63419,10
13.0311899185,80.2231826782,63419,63429,10
13.0312299728,80.2230682373,63429,63446,17
13.0315599442,80.2223434448,63446,63458,12
13.0318803787,80.2215576172,63458,63468,10
13.0319795609,80.2211685181,63468,63478,10
13.0321702957,80.2204971313,63478,63488,10
13.0321998596,80.219909668,63488,63498,10
13.0322198868,80.2197723389,63498,63508,10
13.0322399139,80.2194900513,63508,63518,10
13.0322198868,80.2188796997,63518,63528,10
13.0318498611,80.2184524536,63528,63538,10
13.0314903259,80.2179794312,63538,63549,11
13.0313796997,80.2171783447,63549,63559,10
13.0312595367,80.2170028687,63559,63569,10
13.0308799744,80.2169570923,63569,63579,10
13.0304603577,80.2166213989,63579,63590,11
13.0304603577,80.2166213989,63590,63629,39
13.0303697586,80.2147064209,63629,63639,10
13.0304002762,80.2145004272,63639,63649,10
13.0304203033,80.2142562866,63649,63660,11
13.030500412,80.213722229,63660,63670,10
13.0305404663,80.2134933472,63670,63680,10
13.0306301117,80.2130508423,63680,63690,10
13.0307197571,80.212348938,63690,63700,10
13.0308103561,80.2116928101,63700,63710,10
13.0308504105,80.2114028931,63710,63725,15
13.0309200287,80.2109375,63725,63735,10
13.0309801102,80.2105102539,63735,63745,10
13.0309801102,80.2101135254,63745,63776,31
13.0309801102,80.2101135254,63776,63786,10
13.0308103561,80.2099609375,63786,63796,10
13.0305700302,80.2098922729,63796,63805,9
13.0301704407,80.2097702026,63805,63816,11
13.0301599503,80.2091903687,63816,63846,30
13.0301599503,80.2091903687,63846,63856,10
13.0302095413,80.2090835571,63856,63866,10
13.0306100845,80.2091369629,63866,63876,10
13.0312099457,80.2092666626,63876,63887,11
13.0314903259,80.2093200684,63887,63897,10
13.0315198898,80.2093200684,63897,63907,10
13.0318498611,80.2093887329,63907,63917,10
13.0324497223,80.2095108032,63917,63927,10
13.033249855,80.2096786499,63927,63937,10
13.0342597961,80.2098770142,63937,63947,10
13.0351600647,80.2098922729,63947,63957,10
13.0352497101,80.2092437744,63957,63967,10
13.0352897644,80.2086715698,63967,63977,10
13.0352897644,80.2086486816,63977,63987,10
13.0353002548,80.2084121704,63987,63998,11
13.035369873,80.2078704834,63998,64008,10
13.035490036,80.2071304321,64008,64018,10
13.035610199,80.2062911987,64018,64028,10
13.0354995728,80.2060165405,64028,64038,10
13.0354995728,80.2056808472,64038,64048,10
13.0355100632,80.2055587769,64048,64058,10
13.0356197357,80.2053070068,64058,64068,10
13.035779953,80.2051010132,64068,64078,10
13.0358200073,80.2045288086,64078,64088,10
13.0359201431,80.2040405273,64088,64098,10
13.0360097885,80.2034225464,64098,64109,11
13.0361299515,80.2025375366,64109,64119,10
13.0362300873,80.2018203735,64119,64129,10
13.0362596512,80.2017288208,64129,64139,10
13.0362997055,80.2015609741,64139,64149,10
13.0363502502,80.2012023926,64149,64159,10
13.0364398956,80.2006607056,64159,64169,10
13.0365495682,80.1999664307,64169,64179,10
13.0366401672,80.1992263794,64179,64189,10
13.0367603302,80.1984863281,64189,64199,10
13.0367898941,80.1982116699,64199,64209,10
13.0368404388,80.1980209351,64209,64219,10
13.0369100571,80.1975479126,64219,64230,11
13.0370197296,80.1967163086,64230,64240,10
13.0370702744,80.1963424683,64240,64256,16
13.0371599197,80.1958236694,64256,64268,12
13.0373001099,80.1949386597,64268,64276,8
13.0374002457,80.1942596436,64276,64288,12
13.0375404358,80.193107605,64288,64298,10
13.0378904343,80.192779541,64298,64308,10
13.0381803513,80.1928024292,64308,64318,10
13.0385904312,80.1928634644,64318,64328,10
13.0387897491,80.1928863525,64328,64340,12
13.0390195847,80.1929626465,64340,64350,10
13.0394601822,80.1930236816,64350,64360,10
13.0398902893,80.1930770874,64360,64370,10
13.0404500961,80.1931381226,64370,64380,10
13.041390419,80.1933288574,64380,64390,10
13.0418195724,80.1934509277,64390,64400,10
13.0418100357,80.1938400269,64400,64410,10
13.0417995453,80.1939468384,64410,64420,10
13.0417699814,80.1942520142,64420,64430,10
13.0416698456,80.1949005127,64430,64440,10
13.0415802002,80.1955413818,64440,64451,11
13.0415096283,80.1960983276,64451,64461,10
13.0414495468,80.1966018677,64461,64471,10
13.0414199829,80.1968231201,64471,64481,10
13.0413599014,80.197052002,64481,64491,10
13.0412597656,80.1976470947,64491,64501,10
13.0411396027,80.1984405518,64501,64511,10
13.0410499573,80.1990966797,64511,64521,10
13.0410404205,80.1993408203,64521,64531,10
13.0410299301,80.1995391846,64531,64541,10
13.0409402847,80.200088501,64541,64551,10
13.0408201218,80.2007904053,64551,64562,11
13.0406904221,80.201789856,64562,64572,10
13.0406503677,80.2021713257,64572,64582,10
13.0405597687,80.2027130127,64582,64592,10
13.040430069,80.2035217285,64592,64602,10
13.040309906,80.2043914795,64602,64612,10
13.0402297974,80.2047805786,64612,64622,10
13.0403795242,80.2050933838,64622,64632,10
13.0409297943,80.2051391602,64632,64642,10
13.0412397385,80.2052001953,64642,64652,10
13.0414400101,80.2052307129,64652,64662,10
13.0419998169,80.205291748,64662,64672,10
13.0426397324,80.2054672241,64672,64683,11
13.0430002213,80.2060775757,64683,64693,10
13.043510437,80.2067871094,64693,64703,10
13.0439596176,80.2074813843,64703,64713,10
13.0441703796,80.2083129883,64713,64723,10
13.0441999435,80.2090072632,64723,64733,10
13.0442199707,80.2092437744,64733,64753,20
13.0442199707,80.2092437744,64753,64763,10
13.044210434,80.2095184326,64763,64773,10
13.0442304611,80.2101516724,64773,64783,10
13.044260025,80.2110214233,64783,64794,11
13.0443201065,80.2120437622,64794,64810,16
13.0443696976,80.2122268677,64810,64822,12
13.0445203781,80.212272644,64822,64832,10
13.0449495316,80.2122573853,64832,64842,10
13.0456695557,80.2122421265,64842,64851,9
13.0464601517,80.2122116089,64851,64862,11
13.0470695496,80.2121200562,64862,64872,10
13.04708004,80.212020874,64872,64882,10
13.0470895767,80.2119216919,64882,64892,10
13.04708004,80.2117080688,64892,64903,11
13.0470199585,80.2111587524,64903,64909,6
13.0470199585,80.2108612061,64909,64923,14
13.0477104187,80.2108230591,64923,64933,10
13.0483798981,80.2108535767,64933,64943,10
13.0489797592,80.2108535767,64943,64953,10
13.0494604111,80.2108612061,64953,64963,10
13.049659729,80.2107086182,64963,64973,10
13.0495996475,80.2101821899,64973,64983,10
13.0494804382,80.2094802856,64983,64993,10
13.0494804382,80.2091064453,64993,65017,24
13.0492095947,80.2081985474,65017,65029,12
13.0489301682,80.2073898315,65029,65049,20
13.0489301682,80.2073898315,65049,65059,10
13.0488595963,80.2071609497,65059,65069,10
13.0488996506,80.2069091797,65069,65079,10
13.0491304398,80.2068786621,65079,65180,101
13.0491304398,80.2068786621,65180,65190,10
13.0493497849,80.2072677612,65190,65937,747
13.0493497849,80.2072677612,65937,65947,10
13.0492601395,80.2074279785,65947,65967,20
13.0492601395,80.2074279785,65967,65977,10
13.049079895,80.2075119019,65977,65987,10
13.0491800308,80.2078475952,65987,65997,10
13.0493497849,80.2084197998,65997,66007,10
13.0494804382,80.2090301514,66007,66017,10
13.0496101379,80.2097625732,66017,66027,10
13.0496997833,80.2103424072,66027,66038,11
13.0497703552,80.2108764648,66038,66048,10
13.0497903824,80.2111968994,66048,66058,10
13.0498600006,80.2117919922,66058,66138,80
13.0498600006,80.2117919922,66138,66149,11
13.0499095917,80.2119216919,66149,66159,10
13.0499296188,80.2120513916,66159,66169,10
13.0499296188,80.2121276855,66169,66179,10
13.049779892,80.2122879028,66179,66189,10
13.049489975,80.2122573853,66189,66199,10
13.0494804382,80.2122573853,66199,66209,10
13.0493402481,80.2122497559,66209,66219,10
13.0489397049,80.2122421265,66219,66229,10
13.0482797623,80.2122802734,66229,66239,10
13.0474796295,80.212348938,66239,66249,10
13.0465202332,80.212387085,66249,66260,11
13.045419693,80.2124404907,66260,66270,10
13.0448999405,80.2124633789,66270,66339,69
13.0448999405,80.2124633789,66339,66350,11
13.0445203781,80.2124786377,66350,66360,10
13.0442304611,80.2120895386,66360,66371,11
13.0441904068,80.2111968994,66371,66381,10
13.0441598892,80.2105865479,66381,66391,10
13.0441198349,80.2100982666,66391,66401,10
13.0441102982,80.2098007202,66401,66411,10
13.0441198349,80.2095031738,66411,66421,10
13.044090271,80.2091064453,66421,66431,10
13.0440797806,80.2089920044,66431,66441,10
13.0440597534,80.2089004517,66441,66451,10
13.0440502167,80.2084579468,66451,66461,10
13.0439395905,80.207862854,66461,66471,10
13.0436296463,80.2071762085,66471,66481,10
13.0431804657,80.2065200806,66481,66492,11
13.0426702499,80.2058029175,66492,66502,10
13.0420198441,80.2053985596,66502,66522,20
13.0408802032,80.2052078247,66522,66532,10
13.0408000946,80.2052001953,66532,66542,10
13.0407304764,80.2051925659,66542,66552,10
13.040430069,80.2051696777,66552,66562,10
13.0400400162,80.205116272,66562,66572,10
13.0394802094,80.2050323486,66572,66582,10
13.0389404297,80.2049407959,66582,66592,10
13.0382795334,80.2048416138,66592,66603,11
13.0381803513,80.204460144,66603,66613,10
13.0382099152,80.2039794922,66613,66623,10
13.0382795334,80.2035293579,66623,66633,10
13.0383796692,80.2028198242,66633,66643,10
13.038479805,80.2022399902,66643,66653,10
13.0385198593,80.2017593384,66653,66663,10
13.0385398865,80.2015075684,66663,66673,10
13.0386295319,80.2010269165,66673,66683,10
13.0387096405,80.2004776001,66683,66693,10
13.0388002396,80.1999893188,66693,66703,10
13.0388698578,80.1994400024,66703,66714,11
13.0388803482,80.1992874146,66714,66724,10
13.0389003754,80.1988372803,66724,66734,10
13.0390195847,80.1982269287,66734,66744,10
13.0390996933,80.1975784302,66744,66754,10
13.0392303467,80.1969833374,66754,66774,20
13.0392303467,80.1969833374,66774,66784,10
13.0392799377,80.1966094971,66784,66794,10
13.0393295288,80.1962814331,66794,66810,16
13.0394601822,80.1953277588,66810,66822,12
13.0395803452,80.1944122314,66822,66833,11
13.0397596359,80.1932373047,66833,66863,30
13.0397596359,80.1932373047,66863,66873,10
13.0393295288,80.1930389404,66873,66883,10
13.0386800766,80.1929397583,66883,66903,20
13.0386800766,80.1929397583,66903,66913,10
13.0385103226,80.1929397583,66913,66923,10
13.0381202698,80.1929092407,66923,66933,10
13.0378103256,80.1929626465,66933,66944,11
13.037610054,80.1937637329,66944,66954,10
13.0375003815,80.1945571899,66954,66964,10
13.0373697281,80.1953964233,66964,66974,10
13.0372695923,80.1960983276,66974,66994,20
13.0372695923,80.1960983276,66994,67004,10
13.0371999741,80.1964416504,67004,67014,10
13.0371198654,80.1969604492,67014,67024,10
13.03703022,80.1976928711,67024,67034,10
13.0369195938,80.1984405518,67034,67044,10
13.0368795395,80.1987533569,67044,67055,11
13.0368499756,80.1988601685,67055,67065,10
13.0367803574,80.1992797852,67065,67075,10
13.0366697311,80.1999435425,67075,67085,10
13.0365495682,80.2006988525,67085,67095,10
13.0364398956,80.2014083862,67095,67105,10
13.0364198685,80.2017593384,67105,67115,10
13.0364103317,80.2017974854,67115,67131,16
13.0363798141,80.202003479,67131,67143,12
13.0362901688,80.2024765015,67143,67153,10
13.0361995697,80.203086853,67153,67163,10
13.0361003876,80.2037506104,67163,67174,11
13.0360498428,80.2042694092,67174,67184,10
13.0360298157,80.2044219971,67184,67193,9
13.0359897614,80.2047195435,67193,67203,10
13.0359296799,80.2052001953,67203,67214,11
13.0358495712,80.2057113647,67214,67224,10
13.0358295441,80.2058029175,67224,67234,10
13.0357599258,80.2061920166,67234,67243,9
13.0356798172,80.2067108154,67243,67253,10
13.0355796814,80.2074737549,67253,67264,11
13.0354995728,80.2081298828,67264,67275,11
13.0354995728,80.208190918,67275,67285,10
13.035490036,80.2083129883,67285,67295,10
13.0354604721,80.2084732056,67295,67305,10
13.0354299545,80.2085418701,67305,67315,10
13.035369873,80.2089080811,67315,67325,10
13.0353002548,80.2094192505,67325,67335,10
13.0352401733,80.2098617554,67335,67345,10
13.0351600647,80.2103881836,67345,67361,16
13.0349397659,80.2111434937,67361,67373,12
13.0348300934,80.2118988037,67373,67381,8
13.0347995758,80.2120437622,67381,67394,13
13.0344495773,80.2121963501,67394,67404,10
13.0339202881,80.2121200562,67404,67413,9
13.0333404541,80.212059021,67413,67423,10
13.0328502655,80.212020874,67423,67434,11
13.0326700211,80.2119903564,67434,67454,20
13.0326700211,80.2119903564,67454,67464,10
13.0323095322,80.2119216919,67464,67474,10
13.0319900513,80.2118377686,67474,67484,10
13.0319700241,80.2113265991,67484,67494,10
13.0320196152,80.2107086182,67494,67505,11
13.0320901871,80.2099533081,67505,67515,10
13.0319404602,80.2097015381,67515,67525,10
13.0314102173,80.2095718384,67525,67535,10
13.0308504105,80.2094192505,67535,67545,10
13.0307598114,80.2093811035,67545,67555,10
13.0304803848,80.2092971802,67555,67565,10
13.030090332,80.2095413208,67565,67595,30
13.030090332,80.2095413208,67595,67605,10
13.0300302505,80.2098388672,67605,67616,11
13.030380249,80.2099761963,67616,67626,10
13.0307998657,80.2101135254,67626,67636,10
13.0309495926,80.2102813721,67636,67646,10
13.0309400558,80.2106704712,67646,67656,10
13.0308904648,80.2110900879,67656,67666,10
13.03083992,80.2114028931,67666,67676,10
13.0308103561,80.2117767334,67676,67686,10
13.0307502747,80.2121200562,67686,67696,10
13.0306396484,80.2127380371,67696,67706,10
13.0305404663,80.2134017944,67706,67716,10
13.0305099487,80.213760376,67716,67727,11
13.0304498672,80.2141036987,67727,67736,9
13.0303697586,80.2148513794,67736,67757,21
13.0303697586,80.2148513794,67757,67767,10
13.030380249,80.2151870728,67767,67787,20
13.030380249,80.2151870728,67787,67797,10
13.0303602219,80.2156829834,67797,67807,10
13.0304002762,80.2162704468,67807,67817,10
13.0306301117,80.2170333862,67817,67838,21
13.0306301117,80.2170333862,67838,67848,10
13.0310401917,80.2170333862,67848,67858,10
13.0313796997,80.2170791626,67858,67868,10
13.0314798355,80.2174987793,67868,67878,10
13.031539917,80.2181777954,67878,67888,10
13.0319700241,80.2184906006,67888,67898,10
13.0321998596,80.2185897827,67898,67908,10
13.0322198868,80.2188568115,67908,67918,10
13.0322303772,80.2193527222,67918,67928,10
13.0322198868,80.2199783325,67928,67938,10
13.0322303772,80.2203216553,67938,67949,11
13.0322303772,80.2203826904,67949,67959,10
13.0321998596,80.220451355,67959,67969,10
13.0321397781,80.2207183838,67969,67979,10
13.0320396423,80.2211532593,67979,67989,10
13.0319004059,80.2216491699,67989,67999,10
13.0316495895,80.2221374512,67999,68009,10
13.031419754,80.2225799561,68009,68019,10
13.0312299728,80.2230377197,68019,68029,10
13.0311603546,80.2239837646,68029,68049,20
13.0311603546,80.2239837646,68049,68059,10
13.0311403275,80.2242965698,68059,68070,11
13.0307998657,80.2243804932,68070,68080,10
13.0302696228,80.2243881226,68080,68090,10
13.0297899246,80.2243881226,68090,68100,10
13.0292196274,80.2244186401,68100,68110,10
13.029009819,80.224319458,68110,68120,10
13.0288801193,80.2241897583,68120,68130,10
13.0285797119,80.2241363525,68130,68140,10
13.0284204483,80.2244415283,68140,68150,10
13.0282201767,80.2253723145,68150,68160,10
13.0280599594,80.2261123657,68160,68171,11
13.0279302597,80.2267837524,68171,68181,10
13.0279598236,80.2270278931,68181,68191,10
13.0281801224,80.2271575928,68191,68201,10
13.0287303925,80.2272262573,68201,68211,10
13.0294303894,80.2273483276,68211,68221,10
13.0301399231,80.2274703979,68221,68231,10
13.0304403305,80.2277603149,68231,68241,10
13.0303897858,80.2280197144,68241,68251,10
13.0303697586,80.228187561,68251,68261,10
13.0303602219,80.2282714844,68261,68271,10
13.0303401947,80.2283172607,68271,68287,16
13.0302696228,80.2291488647,68287,68301,14
13.0305700302,80.2300033569,68301,68311,10
13.0306997299,80.2305908203,68311,68341,30
13.0306997299,80.2305908203,68341,68351,10
13.0305900574,80.2308425903,68351,68361,10
13.0298204422,80.2309112549,68361,68381,20
13.0298204422,80.2309112549,68381,68391,10
13.0296401978,80.2309265137,68391,68402,11
13.0292396545,80.2309570313,68402,68412,10
13.0285997391,80.2309875488,68412,68422,10
13.027879715,80.2310562134,68422,68432,10
13.0276498795,80.2312393188,68432,68442,10
13.0277099609,80.2317123413,68442,68452,10
13.0277500153,80.2321472168,68452,68462,10
13.0278396606,80.2327270508,68462,68472,10
13.0274200439,80.2329101563,68472,68482,10
13.0269002914,80.2330093384,68482,68492,10
13.0266704559,80.2330780029,68492,68502,10
13.0264101028,80.2330169678,68502,68513,11
13.0262804031,80.2328109741,68513,68529,16
13.0261802673,80.2325286865,68529,68541,12
13.0261096954,80.2322616577,68541,68551,10
13.0260801315,80.2321014404,68551,68561,10
13.026049614,80.2318496704,68561,68571,10
13.025970459,80.2313613892,68571,68581,10
13.0257797241,80.2307815552,68581,68591,10
13.0251998901,80.2298965454,68591,68601,10
13.0247001648,80.2292709351,68601,68611,10
13.0243997574,80.2288665771,68611,68621,10
13.0239801407,80.2283782959,68621,68641,20
13.0239801407,80.2283782959,68641,68652,11
13.0238399506,80.2281799316,68652,68662,10
13.0237398148,80.2280578613,68662,68672,10
13.0235004425,80.2278213501,68672,68682,10
13.0231304169,80.2274780273,68682,68692,10
13.0227203369,80.2270889282,68692,68702,10
13.022600174,80.2269210815,68702,68712,10
13.0222797394,80.2266616821,68712,68722,10
13.0217695236,80.2262268066,68722,68732,10
13.0213003159,80.2258682251,68732,68743,11
13.0209598541,80.2256011963,68743,68753,10
13.0205402374,80.2253265381,68753,68763,10
13.0198602676,80.2249069214,68763,68783,20
13.0198602676,80.2249069214,68783,68793,10
13.0197896957,80.2248764038,68793,68803,10
13.019490242,80.2247161865,68803,68813,10
13.018910408,80.2245635986,68813,68823,10
13.018119812,80.2248535156,68823,68833,10
13.0172996521,80.2251968384,68833,68843,10
13.016579628,80.2255096436,68843,68854,11
13.0160303116,80.2257080078,68854,68864,10
13.0154600143,80.2258911133,68864,68874,10
13.0145597458,80.2262573242,68874,68894,20
13.0145597458,80.2262573242,68894,68904,10
13.0144701004,80.2262878418,68904,68920,16
13.0140600204,80.2264404297,68920,68932,12
13.0134296417,80.2266921997,68932,68940,8
13.0129203796,80.2268981934,68940,68952,12
13.0120697021,80.2272262573,68952,68963,11
13.0112695694,80.2275390625,68963,68973,10
13.0104799271,80.2278594971,68973,68983,10
13.00963974,80.2282028198,68983,68993,10
13.0091104507,80.2287368774,68993,69003,10
13.0089597702,80.2295379639,69003,69012,9
13.0087995529,80.2304916382,69012,69023,11
13.0086803436,80.2311325073,69023,69033,10
13.008600235,80.2315673828,69033,69043,10
13.0085496902,80.2318496704,69043,69053,10
13.0084695816,80.2322387695,69053,69063,10
13.0083799362,80.2326965332,69063,69074,11
13.0082502365,80.2336730957,69074,69094,20
13.0082502365,80.2336730957,69094,69104,10
13.0081796646,80.2338485718,69104,69114,10
13.0081796646,80.23387146,69114,69124,10
13.0081396103,80.2339172363,69124,69134,10
13.0080795288,80.2342224121,69134,69144,10
13.0079898834,80.234703064,69144,69154,10
13.0078897476,80.2352294922,69154,69164,10
13.0078601837,80.2352905273,69164,69174,10
13.007809639,80.2355804443,69174,69185,11
13.0077400208,80.2359771729,69185,69195,10
13.0077104568,80.2361907959,69195,69205,10
13.0076599121,80.2363967896,69205,69215,10
13.007610321,80.2366333008,69215,69225,10
13.0075397491,80.2369613647,69225,69235,10
13.0074796677,80.2372589111,69235,69245,10
13.0074100494,80.2376022339,69245,69255,10
13.0073204041,80.238067627,69255,69265,10
13.0072097778,80.2387008667,69265,69275,10
13.0070695877,80.2394332886,69275,69316,41
13.0070695877,80.2394332886,69316,69326,10
13.0069999695,80.2398300171,69326,69336,10
13.0068902969,80.2403717041,69336,69346,10
13.0068502426,80.2407531738,69346,69356,10
13.0068397522,80.2407531738,69356,69366,10
13.0067596436,80.2410202026,69366,69376,10
13.0067396164,80.241569519,69376,69386,10
13.0067195892,80.2423171997,69386,69396,10
13.0066900253,80.2431793213,69396,69406,10
13.0066795349,80.2437362671,69406,69417,11
13.0066795349,80.2445373535,69417,69437,20
13.0066795349,80.2445373535,69437,69447,10
13.0066604614,80.2448272705,69447,69457,10
13.0066699982,80.2452774048,69457,69467,10
13.0066795349,80.2457885742,69467,69475,8
13.0066995621,80.2461700439,69475,69487,12
13.0067195892,80.2464370728,69487,69497,10
13.0067396164,80.2466201782,69497,69507,10
13.0067501068,80.2470169067,69507,69517,10
13.0067396164,80.2476196289,69517,69528,11
13.0067396164,80.2484436035,69528,69538,10
13.0068702698,80.2495269775,69538,69558,20
13.0068702698,80.2495269775,69558,69568,10
13.0068702698,80.2497406006,69568,69578,10
13.0068397522,80.250213623,69578,69588,10
13.0068302155,80.2508926392,69588,69598,10
13.006770134,80.251663208,69598,69608,10
13.0065698624,80.2525405884,69608,69618,10
13.0065498352,80.2533416748,69618,69628,10
13.0065498352,80.2542495728,69628,69639,11
13.0065898895,80.2546234131,69639,69649,10
13.0066099167,80.2548828125,69649,69659,10
13.0066099167,80.2549819946,69659,69669,10
13.0065898895,80.2551574707,69669,69679,10
13.0065803528,80.2556686401,69679,69689,10
13.0066003799,80.256401062,69689,69699,10
13.0066299438,80.2568893433,69699,69719,20
13.0066299438,80.2568893433,69719,69729,10
13.0065803528,80.256980896,69729,69739,10
13.0066299438,80.2573394775,69739,69750,11
13.0064697266,80.2576522827,69750,69760,10
13.0061197281,80.2576065063,69760,69770,10
13.0058002472,80.2575073242,69770,69780,10
13.0056400299,80.2574615479,69780,69790,10
13.0052700043,80.2574081421,69790,69800,10
13.0046396255,80.2572631836,69800,69810,10
13.0041103363,80.2571334839,69810,69820,10
13.0038900375,80.2571029663,69820,69830,10
13.003660202,80.2570571899,69830,69840,10
13.0033597946,80.2570037842,69840,69850,10
13.002989769,80.2569122314,69850,69861,11
13.0028400421,80.2568817139,69861,69871,10
13.0026903152,80.2568664551,69871,69911,40
13.0026903152,80.2568664551,69911,69921,10
13.0025901794,80.2568206787,69921,69931,10
13.0022296906,80.2567520142,69931,69941,10
13.0016803741,80.2566680908,69941,69951,10
13.0009403229,80.2565765381,69951,69961,10
13.0003404617,80.256477356,69961,69972,11
13.0002803802,80.2564620972,69972,69982,10
13.0001096725,80.2564163208,69982,69992,10
12.9996900558,80.2563400269,69992,70002,10
12.9993801117,80.2562789917,70002,70012,10
12.9993200302,80.2562637329,70012,70022,10
12.9989995956,80.2562179565,70022,70032,10
12.9986495972,80.256149292,70032,70042,10
12.9976701736,80.256072998,70042,70131,89
12.9976701736,80.256072998,70131,70141,10
12.9971504211,80.2560272217,70141,70212,71
12.9971504211,80.2560272217,70212,70222,10
12.9969100952,80.2560119629,70222,70232,10
12.9968204498,80.256401062,70232,70241,9
12.9967899323,80.2568969727,70241,70251,10
12.9967899323,80.2570724487,70251,70262,11
12.9968004227,80.2573165894,70262,70272,10
12.9967603683,80.2577972412,70272,70282,10
12.9966802597,80.2584533691,70282,70292,10
12.9966201782,80.2590789795,70292,70302,10
12.9965696335,80.2593612671,70302,70313,11
12.9965295792,80.2596588135,70313,70323,10
12.9964799881,80.2600708008,70323,70333,10
12.9964199066,80.2606735229,70333,70343,10
12.9963598251,80.2613525391,70343,70353,10
12.9963102341,80.2618713379,70353,70363,10
12.9962902069,80.262008667,70363,70373,10
12.9961795807,80.2624816895,70373,70393,20
12.9961795807,80.2624816895,70393,70403,10
12.9961595535,80.2626113892,70403,70413,10
12.9961204529,80.2630233765,70413,70424,11
12.9961204529,80.2633209229,70424,70434,10
12.9960803986,80.2637634277,70434,70444,10
12.9960002899,80.2644195557,70444,70454,10
12.9959096909,80.2652206421,70454,70464,10
12.9958200455,80.266166687,70464,70474,10
12.9957103729,80.2671508789,70474,70484,10
12.9961795807,80.2677993774,70484,70504,20
12.9961795807,80.2677993774,70504,70514,10
12.9963302612,80.2677993774,70514,70524,10
12.9967899323,80.2678222656,70524,70535,11
12.9975404739,80.2676010132,70535,70545,10
12.9982595444,80.2674026489,70545,70554,9
12.9989595413,80.2671966553,70554,70565,11
12.9997901917,80.2669219971,70565,70575,10
13.0000696182,80.2665786743,70575,70605,30
13.0000696182,80.2665786743,70605,70615,10
13.0000696182,80.2663803101,70615,70625,10
13.000120163,80.26587677,70625,70635,10
13.0003004074,80.2658233643,70635,70645,10
13.0002803802,80.2664413452,70645,71453,808
13.0002803802,80.2664413452,71453,71463,10
13.0002098083,80.2668685913,71463,71473,10
13.0000495911,80.266960144,71473,71483,10
12.9996900558,80.2670593262,71483,71493,10
12.9991998672,80.2671890259,71493,71503,10
12.9987297058,80.2673187256,71503,71513,10
12.9983901978,80.2674102783,71513,71523,10
12.9980401993,80.2675018311,71523,71533,10
12.9975700378,80.2676391602,71533,71543,10
12.9969997406,80.2678070068,71543,71554,11
12.9963998795,80.2678527832,71554,71564,10
12.9961900711,80.2678222656,71564,71574,10
12.995759964,80.2678070068,71574,71584,10
12.9956502914,80.2677993774,71584,71594,10
12.9955997467,80.2677230835,71594,71604,10
12.9956102371,80.2675018311,71604,71614,10
12.9956598282,80.2671813965,71614,71624,10
12.9957199097,80.2665634155,71624,71634,10
12.9958200455,80.2658233643,71634,71644,10
12.995880127,80.2650527954,71644,71654,10
12.9959602356,80.2643737793,71654,71665,11
12.9960403442,80.2637023926,71665,71675,10
12.9960899353,80.2631607056,71675,71685,10
12.9961204529,80.2628173828,71685,71695,10
12.9961204529,80.262802124,71695,71705,10
12.9961500168,80.2626419067,71705,71715,10
12.9961996078,80.2622909546,71715,71725,10
12.9962596893,80.2618331909,71725,71735,10
12.9963102341,80.2612075806,71735,71745,10
12.9963998795,80.2605209351,71745,71755,10
12.9964599609,80.259803772,71755,71765,10
12.9964704514,80.259552002,71765,71776,11
12.996509552,80.2590866089,71776,71786,10
12.9965896606,80.2584915161,71786,71796,10
12.9966497421,80.2577819824,71796,71806,10
12.9967298508,80.2573013306,71806,71816,10
12.9967403412,80.2571716309,71816,71826,10
12.9967803955,80.2569198608,71826,71836,10
12.9968299866,80.256362915,71836,71886,50
12.9968299866,80.256362915,71886,71903,17
12.9968204498,80.2562408447,71903,71915,12
12.996919632,80.2559204102,71915,71925,10
12.997179985,80.255897522,71925,71935,10
12.9976797104,80.2559585571,71935,71945,10
12.9979600906,80.2559814453,71945,71954,9
12.9982595444,80.2560119629,71954,71963,9
12.9987001419,80.2560577393,71963,71985,22
12.9987001419,80.2560577393,71985,71995,10
12.9989404678,80.256111145,71995,72036,41
12.9989404678,80.256111145,72036,72046,10
12.9990701675,80.256149292,72046,72056,10
12.9993696213,80.256187439,72056,72066,10
12.9997596741,80.2562637329,72066,72076,10
13.0007696152,80.2564468384,72076,72117,41
13.0007696152,80.2564468384,72117,72127,10
13.000869751,80.2564697266,72127,72137,10
13.0012102127,80.2565383911,72137,72147,10
13.0013999939,80.2565612793,72147,72157,10
13.0018196106,80.2566375732,72157,72167,10
13.0023498535,80.2567214966,72167,72177,10
13.0029401779,80.2568283081,72177,72187,10
13.0035104752,80.2569503784,72187,72197,10
13.0041503906,80.2570571899,72197,72207,10
13.0047597885,80.2571792603,72207,72217,10
13.0053596497,80.257270813,72217,72228,11
13.0063695908,80.2574691772,72228,72278,50
13.0063695908,80.2574691772,72278,72288,10
13.0065402985,80.2574234009,72288,72298,10
13.0065002441,80.2571563721,72298,72308,10
13.0065002441,80.2567596436,72308,72318,10
13.0064697266,80.2560272217,72318,72328,10
13.0064601898,80.255241394,72328,72339,11
13.0064496994,80.2543869019,72339,72349,10
13.0064496994,80.2536010742,72349,72359,10
13.0064401627,80.2532196045,72359,72369,10
13.0064296722,80.2531433105,72369,72379,10
13.0064201355,80.2527389526,72379,72389,10
13.006480217,80.2523193359,72389,72399,10
13.0065097809,80.2522125244,72399,72409,10
13.0066003799,80.2520217896,72409,72419,10
13.0066900253,80.2514419556,72419,72429,10
13.0066795349,80.2507400513,72429,72439,10
13.0066795349,80.2499237061,72439,72450,11
13.0066404343,80.2489395142,72450,72460,10
13.0065803528,80.2484512329,72460,72500,40
13.0065803528,80.2484512329,72500,72510,10
13.0065803528,80.2480926514,72510,72520,10
13.0065803528,80.2476272583,72520,72530,10
13.0065803528,80.2470932007,72530,72540,10
13.0065097809,80.2466430664,72540,72550,10
13.0065097809,80.2466201782,72550,72561,11
13.0065803528,80.2464065552,72561,72571,10
13.0065803528,80.24584198,72571,72581,10
13.0065698624,80.2451171875,72581,72591,10
13.0065803528,80.2443695068,72591,72601,10
13.0065603256,80.2437362671,72601,72611,10
13.0065402985,80.2431488037,72611,72621,10
13.0065002441,80.2423782349,72621,72631,10
13.0065202713,80.2412185669,72631,72692,61
13.0065202713,80.2412185669,72692,72702,10
13.0065803528,80.2409820557,72702,72712,10
13.0066604614,80.240562439,72712,72722,10
13.0067596436,80.2400131226,72722,72732,10
13.0068998337,80.2392807007,72732,72742,10
13.0070400238,80.2384109497,72742,72752,10
13.0072002411,80.237701416,72752,72762,10
13.0073099136,80.2370834351,72762,72772,10
13.0073404312,80.2368621826,72772,72782,10
13.0073604584,80.2367324829,72782,72793,11
13.0074901581,80.2362823486,72793,72803,10
13.0076904297,80.2353134155,72803,72823,20
13.0076904297,80.2353134155,72823,72833,10
13.0077800751,80.2350387573,72833,72843,10
13.0078697205,80.2344894409,72843,72853,10
13.0080299377,80.2337112427,72853,72863,10
13.0081796646,80.2328186035,72863,72873,10
13.0083703995,80.2318878174,72873,72883,10
13.0085401535,80.2309494019,72883,72893,10
13.0087404251,80.2299423218,72893,72904,11
13.0089902878,80.2287597656,72904,72914,10
13.0093202591,80.2277832031,72914,72924,10
13.0097503662,80.2268066406,72924,72934,10
13.0101299286,80.2260437012,72934,72944,10
13.0105104446,80.2253036499,72944,72954,10
13.0108299255,80.2245788574,72954,72964,10
13.011059761,80.224029541,72964,72974,10
13.0111703873,80.2237167358,72974,72984,10
13.0113096237,80.2233428955,72984,72994,10
13.0115404129,80.2228012085,72994,73004,10
13.0118103027,80.2221374512,73004,73015,11
13.0121803284,80.2214889526,73015,73025,10
13.012430191,80.2217025757,73025,73035,10
13.0126800537,80.2220687866,73035,73045,10
13.0130300522,80.2224578857,73045,73055,10
13.013420105,80.2228775024,73055,73065,10
13.013879776,80.2233505249,73065,73075,10
13.014169693,80.2236175537,73075,73085,10
13.01445961,80.2239608765,73085,73095,10
13.0149402618,80.2245483398,73095,73105,10
13.0150499344,80.2247009277,73105,73115,10
13.0151395798,80.2248001099,73115,73126,11
13.0153903961,80.2249526978,73126,73136,10
13.0154600143,80.2250137329,73136,73146,10
13.0156602859,80.2251815796,73146,73156,10
13.0162296295,80.2253799438,73156,73166,10
13.0170202255,80.2251205444,73166,73176,10
13.0179595947,80.2247390747,73176,73186,10
13.0187997818,80.2244186401,73186,73196,10
13.0192699432,80.224319458,73196,73206,10
13.0193004608,80.224319458,73206,73216,10
13.0194301605,80.2243804932,73216,73226,10
13.0197496414,80.224609375,73226,73236,10
13.020190239,80.224937439,73236,73247,11
13.0207796097,80.2253875732,73247,73257,10
13.0212202072,80.225730896,73257,73267,10
13.0217199326,80.2261123657,73267,73277,10
13.0223503113,80.2266387939,73277,73287,10
13.023059845,80.2272796631,73287,73297,10
13.0237598419,80.2278900146,73297,73307,10
13.0240802765,80.2281723022,73307,73323,16
13.0243797302,80.2285766602,73323,73335,12
13.0246696472,80.229057312,73335,73343,8
13.0249996185,80.2294921875,73343,73354,11
13.0255298615,80.2301864624,73354,73366,12
13.0258398056,80.2308807373,73366,73376,10
13.0259504318,80.2312011719,73376,73386,10
13.0260896683,80.2313766479,73386,73396,10
13.0266199112,80.2312393188,73396,73406,10
13.0273504257,80.2310562134,73406,73416,10
13.0279998779,80.2309799194,73416,73426,10
13.0283498764,80.2309188843,73426,73436,10
13.0283603668,80.2309265137,73436,73446,10
13.0286502838,80.2309188843,73446,73456,10
13.029129982,80.2308502197,73456,73517,61
13.029129982,80.2308502197,73517,73527,10
13.0294504166,80.2308731079,73527,73537,10
13.0299596786,80.2308197021,73537,73547,10
13.0304498672,80.230758667,73547,73556,9
13.0305995941,80.2306365967,73556,73567,11
13.0305500031,80.2303390503,73567,73578,11
13.0303201675,80.2296829224,73578,73588,10
13.0302000046,80.2292404175,73588,73598,10
13.0302696228,80.2284011841,73598,73618,20
13.0302696228,80.2284011841,73618,73628,10
13.0303096771,80.2281723022,73628,73638,10
13.0303602219,80.2277984619,73638,73648,10
13.0301504135,80.2275619507,73648,73658,10
13.0295600891,80.2274627686,73658,73668,10
13.0288200378,80.2273330688,73668,73678,10
13.0281095505,80.2271728516,73678,73688,10
13.0278596878,80.2270431519,73688,73699,11
13.0278902054,80.2266235352,73699,73709,10
13.0280103683,80.2260131836,73709,73719,10
13.0281600952,80.2253112793,73719,73729,10
13.0283098221,80.2245788574,73729,73739,10
13.0285797119,80.224067688,73739,73759,20
13.0285797119,80.224067688,73759,73769,10
13.0288200378,80.2240982056,73769,73779,10
13.0291204453,80.224319458,73779,73789,10
13.0296001434,80.2242965698,73789,73798,9
13.0301799774,80.224319458,73798,73810,12
13.0308799744,80.2243118286,73810,73820,10
13.0310201645,80.2240371704,73820,73830,10
13.0310401917,80.2235565186,73830,73840,10
13.0311002731,80.2232666016,73840,73850,10
13.0311498642,80.2230682373,73850,73860,10
13.0313501358,80.222618103,73860,73870,10
13.0315999985,80.2221298218,73870,73880,10
13.0318899155,80.2215499878,73880,73890,10
13.0320396423,80.2208328247,73890,73900,10
13.0320997238,80.2202529907,73900,73910,10
13.0321102142,80.2201004028,73910,73921,11
13.032119751,80.2198028564,73921,73931,10
13.032119751,80.2197723389,73931,73941,10
13.0321397781,80.2194824219,73941,73951,10
13.032119751,80.2189712524,73951,73961,10
13.0318803787,80.2185134888,73961,73971,10
13.0314102173,80.2182388306,73971,73981,10
13.031370163,80.2175064087,73981,73991,10
13.0312995911,80.2171173096,73991,74001,10
13.0310497284,80.217048645,74001,74011,10
13.0305700302,80.217048645,74011,74021,10
13.030380249,80.2167205811,74021,74032,11
13.0303602219,80.2166137695,74032,74042,10
13.0303497314,80.2162399292,74042,74052,10
13.0303096771,80.2155838013,74052,74062,10
13.0302600861,80.2150192261,74062,74072,10
13.0302696228,80.2146377563,74072,74082,10
13.0303001404,80.21459198,74082,74092,10
13.0303602219,80.2142181396,74092,74102,10
13.0304203033,80.2137832642,74102,74112,10
13.0304498672,80.2135696411,74112,74122,10
13.0305204391,80.2131271362,74122,74132,10
13.0306301117,80.2124710083,74132,74143,11
13.0307302475,80.2117614746,74143,74153,10
13.0307598114,80.2114486694,74153,74163,10
13.0308103561,80.2110900879,74163,74173,10
13.0308799744,80.2107467651,74173,74183,10
13.0309400558,80.2102966309,74183,74193,10
13.0308198929,80.2101364136,74193,74203,10
13.0305204391,80.2100372314,74203,74213,10
13.029999733,80.2098617554,74213,74223,10
13.0300502777,80.2093276978,74223,74254,31
13.0300502777,80.2093276978,74254,74264,10
13.0301704407,80.2091293335,74264,74274,10
13.0306901932,80.2092132568,74274,74284,10
13.0313596725,80.2093887329,74284,74294,10
13.0315999985,80.2094421387,74294,74304,10
13.03166008,80.2094802856,74304,74314,10
13.031999588,80.2095413208,74314,74330,16
13.0330896378,80.2097320557,74330,74342,12
13.0340099335,80.2099075317,74342,74351,9
13.0346698761,80.2100219727,74351,74362,11
13.0350704193,80.2098236084,74362,74373,11
13.0351200104,80.2092819214,74373,74383,10
13.0351696014,80.2088317871,74383,74393,10
13.0351696014,80.2088165283,74393,74403,10
13.0352201462,80.2085037231,74403,74413,10
13.0353002548,80.2079315186,74413,74423,10
13.0354003906,80.2072372437,74423,74433,10
13.0355501175,80.2062835693,74433,74443,10
13.0354099274,80.205909729,74443,74452,9
13.0354604721,80.2055435181,74452,74463,11
13.035490036,80.2053909302,74463,74472,9
13.0354995728,80.205329895,74472,74484,12
13.0357198715,80.2051773071,74484,74493,9
13.0357704163,80.2047805786,74493,74504,11
13.0358800888,80.2041778564,74504,74514,10
13.0359697342,80.2035598755,74514,74524,10
13.0360603333,80.2028503418,74524,74534,10
13.0361795425,80.2020721436,74534,74544,10
13.0362596512,80.2015609741,74544,74554,10
13.0362596512,80.2015380859,74554,74564,10
13.0363197327,80.2011871338,74564,74574,10
13.0363998413,80.200630188,74574,74584,10
13.0365200043,80.1998825073,74584,74595,11
13.036649704,80.1989517212,74595,74605,10
13.0367202759,80.1984100342,74605,74615,10
13.0367202759,80.1983413696,74615,74625,10
13.0367898941,80.1979370117,74625,74635,10
13.0368795395,80.1973724365,74635,74645,10
13.0369796753,80.196647644,74645,74655,10
13.0370197296,80.1963729858,74655,74665,10
13.0370502472,80.1962203979,74665,74675,10
13.0371303558,80.1958084106,74675,74685,10
13.0372104645,80.1951980591,74685,74695,10
13.037320137,80.1944274902,74695,74706,11
13.0374603271,80.1933670044,74706,74716,10
13.0377197266,80.1927871704,74716,74726,10
13.0382099152,80.192817688,74726,74736,10
13.0385398865,80.1928787231,74736,74745,9
13.0387296677,80.1929168701,74745,74756,11
13.0388097763,80.1929397583,74756,74766,10
13.039150238,80.1929702759,74766,74776,10
13.0397796631,80.1930999756,74776,74786,10
13.0403795242,80.1931762695,74786,74796,10
13.0410900116,80.1932983398,74796,74806,10
13.0416698456,80.1934967041,74806,74817,11
13.0416698456,80.193977356,74817,74827,10
13.041680336,80.1940765381,74827,74837,10
13.0416297913,80.1945037842,74837,74847,10
13.0415697098,80.195098877,74847,74857,10
13.041469574,80.1955871582,74857,74867,10
13.0413999557,80.1962127686,74867,74877,10
13.0413398743,80.196762085,74877,74887,10
13.0413398743,80.1967926025,74887,74897,10
13.0413198471,80.1969223022,74897,74907,10
13.0412502289,80.1973419189,74907,74917,10
13.0411396027,80.1979370117,74917,74928,11
13.0410404205,80.198677063,74928,74938,10
13.0409603119,80.1993026733,74938,74948,10
13.0409498215,80.1993484497,74948,74958,10
13.0409002304,80.199546814,74958,74968,10
13.0408201218,80.2001037598,74968,74978,10
13.0407304764,80.2008972168,74978,74988,10
13.0405902863,80.2018432617,74988,74998,10
13.0405197144,80.2021789551,74998,75008,10
13.0404396057,80.2027587891,75008,75018,10
13.0403203964,80.2035980225,75018,75028,10
13.0402002335,80.2044830322,75028,75038,10
13.040140152,80.2048568726,75038,75049,11
13.0403795242,80.2051086426,75049,75059,10
13.0409603119,80.2052001953,75059,75069,10
13.041179657,80.2052536011,75069,75079,10
13.0414800644,80.2052688599,75079,75089,10
13.0420999527,80.205368042,75089,75099,10
13.0426502228,80.2056427002,75099,75109,10
13.043009758,80.2062530518,75109,75119,10
13.0435495377,80.2069778442,75119,75129,10
13.0439796448,80.2077407837,75129,75139,10
13.044090271,80.2086029053,75139,75149,10
13.0441198349,80.2092971802,75149,75170,21
13.0441198349,80.2092971802,75170,75180,10
13.0441398621,80.2095565796,75180,75190,10
13.0441598892,80.2099914551,75190,75200,10
13.0441799164,80.210647583,75200,75209,9
13.0441999435,80.2113265991,75209,75220,11
13.0442304611,80.2119598389,75220,75230,10
13.0442695618,80.2121963501,75230,75240,10
13.0447101593,80.212310791,75240,75250,10
13.0454998016,80.2122573853,75250,75260,10
13.0469999313,80.2121810913,75260,75291,31
13.0469999313,80.2121810913,75291,75301,10
13.0469799042,80.2119903564,75301,75311,10
13.0469703674,80.2118835449,75311,75321,10
13.0469398499,80.21144104,75321,75331,10
13.0469398499,80.2109603882,75331,75341,10
13.0471801758,80.2108306885,75341,75351,10
13.0476198196,80.2108078003,75351,75361,10
13.0482597351,80.2108383179,75361,75371,10
13.0488500595,80.2108612061,75371,75382,11
13.049369812,80.2108688354,75382,75392,10
13.0495595932,80.2107162476,75392,75402,10
13.0495004654,80.2101974487,75402,75412,10
13.0493898392,80.2094802856,75412,75422,10
13.0493001938,80.2089004517,75422,75432,10
13.0491399765,80.2083129883,75432,75442,10
13.0489301682,80.2076263428,75442,75452,10
13.0487298965,80.2071075439,75452,75472,20
13.0487298965,80.2071075439,75472,75482,10
13.0489196777,80.2068405151,75482,75499,17
13.049200058,80.2072296143,75499,75924,425
13.049249649,80.20728302,75924,76116,192
13.049249649,80.2073364258,76116,76257,141
13.049249649,80.2073364258,76257,76267,10
13.0491399765,80.2073974609,76267,76278,11
13.0490598679,80.2074203491,76278,76288,10
13.0489797592,80.2075805664,76288,76298,10
13.049079895,80.2078170776,76298,76308,10
13.049200058,80.2082138062,76308,76318,10
13.0493202209,80.2086715698,76318,76328,10
13.049369812,80.2089080811,76328,76338,10
13.0494604111,80.2092590332,76338,76348,10
13.0495901108,80.2098922729,76348,76358,10
13.0496797562,80.210647583,76358,76368,10
13.0497398376,80.2113189697,76368,76378,10
13.0497999191,80.2118682861,76378,76439,61
13.0497999191,80.2118682861,76439,76449,10
13.0498399734,80.2119903564,76449,76459,10
13.0498399734,80.2121963501,76459,76469,10
13.0495195389,80.2122268677,76469,76479,10
13.0495195389,80.2122192383,76479,76489,10
13.0493497849,80.2121734619,76489,76499,10
13.0491304398,80.2122116089,76499,76510,11
13.0486898422,80.2122497559,76510,76520,10
13.04804039,80.212310791,76520,76530,10
13.0471897125,80.2123565674,76530,76540,10
13.0462398529,80.2124023438,76540,76550,10
13.0452604294,80.2124404907,76550,76560,10
13.0446100235,80.2124786377,76560,76580,20
13.0446100235,80.2124786377,76580,76590,10
13.0445299149,80.2124862671,76590,76600,10
13.0443096161,80.2124404907,76600,76610,10
13.0441598892,80.2120132446,76610,76627,17
13.044090271,80.2106628418,76627,76639,12
13.0440301895,80.2096176147,76639,76649,10
13.0440502167,80.2094192505,76649,76659,10
13.0440397263,80.2090301514,76659,76669,10
13.0440397263,80.2088088989,76669,76679,10
13.0440597534,80.2085189819,76679,76689,10
13.0439996719,80.2079467773,76689,76699,10
13.0437002182,80.2072677612,76699,76709,10
13.0432300568,80.2065811157,76709,76719,10
13.0429401398,80.2061233521,76719,76730,11
13.0424098969,80.2055435181,76730,76740,10
13.0416698456,80.2052612305,76740,76749,9
13.0410203934,80.2051773071,76749,76760,11
13.0407400131,80.2051391602,76760,76770,10
13.0406703949,80.2051391602,76770,76780,10
13.0403203964,80.2051010132,76780,76790,10
13.0397901535,80.2050094604,76790,76800,10
13.0390996933,80.2049102783,76800,76810,10
13.038359642,80.2048110962,76810,76820,10
13.0380802155,80.2046203613,76820,76830,10
13.0381498337,80.2042770386,76830,76840,10
13.0382699966,80.2037277222,76840,76851,11
13.0383796692,80.2029571533,76851,76861,10
13.0385198593,80.2023162842,76861,76871,10
13.0385904312,80.2017593384,76871,76881,10
13.0386600494,80.2013320923,76881,76891,10
13.0387296677,80.2007980347,76891,76901,10
13.0387897491,80.2002792358,76901,76911,10
13.0388803482,80.1998062134,76911,76921,10
13.0389604568,80.1992263794,76921,76931,10
13.0390501022,80.1984710693,76931,76941,10
13.0391397476,80.1977081299,76941,76952,11
13.0392398834,80.1969985962,76952,76962,10
13.0393199921,80.1965332031,76962,76972,10
13.0393800735,80.1960906982,76972,76982,10
13.0395097733,80.1953964233,76982,76992,10
13.0396003723,80.194480896,76992,77002,10
13.0397195816,80.1936035156,77002,77012,10
13.0397500992,80.1932678223,77012,77022,10
13.0396003723,80.1930923462,77022,77032,10
13.0391101837,80.1929779053,77032,77042,10
13.0387401581,80.1928863525,77042,77052,10
13.0385704041,80.1928787231,77052,77063,11
13.0382099152,80.1928405762,77063,77073,10
13.037730217,80.1929397583,77073,77083,10
13.0375499725,80.1936187744,77083,77093,10
13.0374202728,80.1945037842,77093,77103,10
13.0372695923,80.1955032349,77103,77113,10
13.0371904373,80.1960220337,77113,77123,10
13.0371599197,80.1961975098,77123,77133,10
13.0370702744,80.1967468262,77133,77143,10
13.0369501114,80.1975631714,77143,77153,10
13.0368099213,80.1984863281,77153,77163,10
13.0367898941,80.198677063,77163,77174,11
13.0367803574,80.1987686157,77174,77184,10
13.0367298126,80.1990814209,77184,77194,10
13.0366296768,80.19972229,77194,77204,10
13.0365104675,80.2005386353,77204,77214,10
13.0364103317,80.2012481689,77214,77224,10
13.036359787,80.201713562,77224,77234,10
13.0363502502,80.2017364502,77234,77244,10
13.0363197327,80.2019500732,77244,77260,16
13.0361700058,80.2028427124,77260,77272,12
13.0360202789,80.2038803101,77272,77281,9
13.0359697342,80.2043914795,77281,77293,12
13.0359296799,80.2047195435,77293,77303,10
13.0358295441,80.2053604126,77303,77313,10
13.0357398987,80.2059402466,77313,77323,10
13.0357398987,80.2060012817,77323,77333,10
13.0356798172,80.2063827515,77333,77343,10
13.0355796814,80.2070465088,77343,77353,10
13.0354700089,80.2078933716,77353,77363,10
13.0354204178,80.208366394,77363,77374,11
13.0353899002,80.2084732056,77374,77384,10
13.035320282,80.2087173462,77384,77393,9
13.0352497101,80.2092208862,77393,77405,12
13.0351295471,80.2100830078,77405,77415,10
13.0349798203,80.2106628418,77415,77425,10
13.0348701477,80.2112808228,77425,77435,10
13.0347604752,80.2119064331,77435,77443,8
13.0343198776,80.2121276855,77443,77455,12
13.0333900452,80.2120285034,77455,77465,10
13.0326795578,80.2119598389,77465,77475,10
13.0325803757,80.2119369507,77475,77485,10
13.032500267,80.2119293213,77485,77495,10
13.0321102142,80.2118606567,77495,77505,10
13.0319299698,80.2116012573,77505,77516,11
13.031999588,80.2109298706,77516,77526,10
13.0320701599,80.2101364136,77526,77536,10
13.0318603516,80.2096328735,77536,77546,10
13.0312204361,80.2094421387,77546,77556,10
13.0304899216,80.2092437744,77556,77566,10
13.0300397873,80.2095413208,77566,77586,20
13.0300397873,80.2095413208,77586,77596,10
13.0300102234,80.209777832,77596,77606,10
13.0303602219,80.2099075317,77606,77616,10
13.03083992,80.2100296021,77616,77627,11
13.0309400558,80.2102432251,77627,77637,10
13.0309200287,80.2105636597,77637,77647,10
13.0308599472,80.2110824585,77647,77657,10
13.0308198929,80.2113265991,77657,77667,10
13.0307798386,80.2117233276,77667,77677,10
13.0306997299,80.2121276855,77677,77687,10
13.0306100845,80.2127838135,77687,77697,10
13.0305299759,80.2134017944,77697,77707,10
13.0304803848,80.2137832642,77707,77717,10
13.0304298401,80.2141494751,77717,77727,10
13.0303602219,80.2146987915,77727,77738,11
13.0303497314,80.2147979736,77738,77748,10
13.0303401947,80.2151489258,77748,77758,10
13.0303602219,80.2157592773,77758,77768,10
13.030380249,80.2164611816,77768,77778,10
13.0305700302,80.2169036865,77778,77798,20
13.0305700302,80.2169036865,77798,77808,10
13.0310401917,80.2169494629,77808,77818,10
13.0313301086,80.2169570923,77818,77828,10
13.0314598083,80.2173080444,77828,77838,10
13.0315198898,80.2179718018,77838,77849,11
13.0320100784,80.218421936,77849,77859,10
13.0322303772,80.2187271118,77859,77869,10
13.0321998596,80.2193832397,77869,77879,10
13.0321998596,80.2197418213,77879,77889,10
13.0322198868,80.2201690674,77889,77899,10
13.0322198868,80.2202835083,77899,77909,10
13.0322198868,80.2203903198,77909,77919,10
13.0321102142,80.2207794189,77919,77929,10
13.0319795609,80.2214126587,77929,77939,10
13.0316801071,80.222038269,77939,77949,10
13.0314302444,80.2225112915,77949,77959,10
13.0312004089,80.2231216431,77959,77970,11
13.0311403275,80.2238311768,77970,77980,10
13.031080246,80.2243423462,77980,77990,10
13.0305900574,80.2242965698,77990,78000,10
13.0299701691,80.2242965698,78000,78010,10
13.0294704437,80.2242889404,78010,78020,10
13.0291204453,80.2242507935,78020,78030,10
13.0289697647,80.2241897583,78030,78040,10
13.0286798477,80.2240982056,78040,78050,10
13.0284404755,80.2245178223,78050,78060,10
13.0282297134,80.2254180908,78060,78070,10
13.0280895233,80.2261810303,78070,78081,11
13.0279502869,80.2268829346,78081,78091,10
13.0280199051,80.2270736694,78091,78101,10
13.0283298492,80.2271499634,78101,78111,10
13.0289001465,80.2272186279,78111,78121,10
13.0296096802,80.2273330688,78121,78131,10
13.0302495956,80.227432251,78131,78141,10
13.0304002762,80.2277526855,78141,78151,10
13.0303602219,80.2280426025,78151,78161,10
13.0303602219,80.2280807495,78161,78171,10
13.0303401947,80.228477478,78171,78181,10
13.0302801132,80.2290496826,78181,78192,11
13.030500412,80.2297821045,78192,78202,10
13.0306797028,80.2304763794,78202,78212,10
13.0306301117,80.2307510376,78212,78222,10
13.0304203033,80.2307815552,78222,78232,10
13.0299396515,80.2308120728,78232,78242,10
13.0298404694,80.2308425903,78242,78252,10
13.0295600891,80.2308807373,78252,78268,16
13.028840065,80.2309036255,78268,78280,12
13.0280799866,80.2309112549,78280,78290,10
13.0277204514,80.2310333252,78290,78300,10
13.0277395248,80.2315216064,78300,78311,11
13.0277500153,80.2320327759,78311,78321,10
13.0278396606,80.2324981689,78321,78331,10
13.0275602341,80.2328567505,78331,78341,10
13.0270996094,80.2329177856,78341,78351,10
13.02684021,80.232963562,78351,78361,10
13.026599884,80.2330093384,78361,78370,9
13.0263700485,80.2327194214,78370,78382,12
13.0261297226,80.2320022583,78382,78392,10
13.0259799957,80.2311935425,78392,78402,10
13.0255804062,80.2302627563,78402,78412,10
13.0247898102,80.2292861938,78412,78423,11
13.0240802765,80.2284622192,78423,78443,20
13.0240802765,80.2284622192,78443,78453,10
13.0240297318,80.2284164429,78453,78463,10
13.0237998962,80.2281112671,78463,78473,10
13.0235204697,80.2277984619,78473,78483,10
13.0232696533,80.2275466919,78483,78493,10
13.0229597092,80.2272415161,78493,78503,10
13.0225200653,80.2268066406,78503,78513,10
13.0220003128,80.2263565063,78513,78523,10
13.0214004517,80.2259063721,78523,78534,11
13.0207395554,80.2253875732,78534,78544,10
13.0201396942,80.2249908447,78544,78554,10
13.0199804306,80.2248916626,78554,78564,10
13.0199403763,80.2248535156,78564,78574,10
13.019659996,80.224647522,78574,78584,10
13.0191001892,80.2244796753,78584,78594,10
13.0183296204,80.2246704102,78594,78604,10
13.0176401138,80.2249603271,78604,78614,10
13.0168800354,80.2252731323,78614,78624,10
13.0161600113,80.2255706787,78624,78634,10
13.0155200958,80.2257919312,78634,78645,11
13.0148096085,80.2260894775,78645,78661,16
13.0144395828,80.2262802124,78661,78673,12
13.0140104294,80.2264328003,78673,78681,8
13.0135803223,80.2266082764,78681,78692,11
13.0129003525,80.2268829346,78692,78703,11
13.0121097565,80.2271881104,78703,78713,10
13.0113697052,80.2274627686,78713,78723,10
13.0106496811,80.2277374268,78723,78733,10
13.009759903,80.2281036377,78733,78743,10
13.0091199875,80.2286224365,78743,78754,11
13.0089197159,80.2296829224,78754,78764,10
13.0087099075,80.2308120728,78764,78774,10
13.0085096359,80.231918335,78774,78784,10
13.0082902908,80.2330322266,78784,78794,10
13.0081195831,80.2339096069,78794,78804,10
13.0080099106,80.2345123291,78804,78813,9
13.007900238,80.2351837158,78813,78824,11
13.0077199936,80.2360610962,78824,78834,10
13.0075502396,80.2369003296,78834,78844,10
13.0073699951,80.2378234863,78844,78854,10
13.0072202682,80.2386398315,78854,78865,11
13.0070695877,80.239402771,78865,78875,10
13.0069303513,80.2400588989,78875,78945,70
13.0069303513,80.2400588989,78945,78955,10
13.006939888,80.2402420044,78955,78965,10
13.0068798065,80.2405166626,78965,78976,11
13.0067996979,80.2410888672,78976,78986,10
13.0067396164,80.2418136597,78986,78996,10
13.0067300797,80.2425918579,78996,79006,10
13.0066900253,80.2433776855,79006,79016,10
13.0066795349,80.2441177368,79016,79026,10
13.0066900253,80.2449111938,79026,79036,10
13.0066900253,80.2456817627,79036,79046,10
13.0067195892,80.2465133667,79046,79056,10
13.0067396164,80.2473526001,79056,79066,10
13.0067396164,80.2481231689,79066,79076,10
13.006770134,80.2487030029,79076,79086,10
13.0068302155,80.2491607666,79086,79097,11
13.0068798065,80.2495269775,79097,79107,10
13.0068702698,80.2499771118,79107,79123,16
13.0068101883,80.2515411377,79123,79163,40
13.0068101883,80.2515411377,79163,79175,12
13.0067796707,80.2517471313,79175,79185,10
13.0066604614,80.2521972656,79185,79195,10
13.0065698624,80.2529373169,79195,79206,11
13.0065603256,80.2539978027,79206,79216,10
13.0065803528,80.2550201416,79216,79226,10
13.0066003799,80.2559814453,79226,79236,10
13.006649971,80.2570800781,79236,79266,30
13.006649971,80.2570800781,79266,79276,10
13.0067195892,80.2574462891,79276,79286,10
13.0065898895,80.25756073,79286,79296,10
13.0062599182,80.2575683594,79296,79306,10
13.0057296753,80.2574462891,79306,79317,11
13.0050096512,80.2572937012,79317,79327,10
13.0043401718,80.2571563721,79327,79337,10
13.0036096573,80.2570037842,79337,79347,10
13.0029401779,80.2568664551,79347,79357,10
13.0021896362,80.2567214966,79357,79367,10
13.0013198853,80.2565994263,79367,79377,10
13.0000600815,80.256401062,79377,79397,20
13.0000600815,80.256401062,79397,79413,16
12.9996204376,80.2563171387,79413,79425,12
12.9991197586,80.256187439,79425,79436,11
12.9985704422,80.256111145,79436,79446,10
12.9982404709,80.2560577393,79446,79456,10
12.998000145,80.2560119629,79456,79466,10
12.9977197647,80.2561035156,79466,79476,10
12.9977197647,80.2562408447,79476,79485,9
12.9978704453,80.2565765381,79485,79536,51
12.9978704453,80.2565765381,79536,79547,11
12.9979000092,80.2569503784,79547,79557,10
12.9980401993,80.256980896,79557,79567,10
