12.9982500076,80.2564926147,15,2346,2331
12.9981403351,80.2565002441,2346,3991,1645
12.9981899261,80.2564697266,3991,7869,3878
12.9981203079,80.2565307617,7869,7950,81
12.998169899,80.2565231323,7950,9864,1914
12.998169899,80.2565231323,9864,18794,8930
12.9981603622,80.2565307617,18794,18979,185
12.9981603622,80.2565307617,18979,18989,10
12.9981603622,80.2565231323,18989,19384,395
12.9982004166,80.2564926147,19384,19952,568
12.9982004166,80.2564926147,19952,19962,10
12.998169899,80.256439209,19962,19972,10
12.9979496002,80.256401062,19972,20123,151
12.9976997375,80.2560806274,20123,20163,40
12.9976997375,80.2560806274,20163,20174,11
12.9975404739,80.2559967041,20174,20184,10
12.9972801208,80.2559661865,20184,20587,403
12.9972801208,80.2559661865,20587,20597,10
12.9971103668,80.2559585571,20597,20608,11
12.9969301224,80.2561035156,20608,20618,10
12.9968996048,80.2565002441,20618,20628,10
12.9968595505,80.2569122314,20628,20638,10
12.9968099594,80.2575378418,20638,20648,10
12.9967298508,80.2582931519,20648,20658,10
12.9966602325,80.2589416504,20658,20668,10
12.9966001511,80.2595214844,20668,20678,10
12.996509552,80.2602233887,20678,20688,10
12.9964504242,80.2608566284,20688,20698,10
12.9963903427,80.26146698,20698,20709,11
12.9963502884,80.2619934082,20709,20719,10
12.9962797165,80.2623825073,20719,20729,10
12.996219635,80.262802124,20729,20739,10
12.9961996078,80.2630767822,20739,20749,10
12.9961795807,80.2634429932,20749,20759,10
12.9961204529,80.263999939,20759,20769,10
12.9960603714,80.2646026611,20769,20779,10
12.9959697723,80.2653198242,20779,20789,10
12.9958896637,80.2660675049,20789,20799,10
12.9958295822,80.2666931152,20799,20809,10
12.9957799911,80.2673187256,20809,20820,11
12.9959697723,80.2677001953,20820,20830,10
12.996509552,80.2677612305,20830,20840,10
12.9971599579,80.2676620483,20840,20850,10
12.997759819,80.2674407959,20850,20860,10
12.9984798431,80.2672424316,20860,20870,10
12.9991598129,80.267036438,20870,20880,10
12.9997997284,80.2668228149,20880,20890,10
13.0001401901,80.2664413452,20890,20900,10
13.0001802444,80.2661437988,20900,20910,10
13.0002002716,80.2658233643,20910,20920,10
13.0003595352,80.2657012939,20920,20931,11
13.0003299713,80.2660064697,20931,20941,10
13.0003404617,80.266418457,20941,21243,302
13.0003404617,80.266418457,21243,21253,10
13.0003004074,80.2665405273,21253,21264,11
13.0002403259,80.2668609619,21264,21274,10
12.9998397827,80.2669906616,21274,21284,10
12.9992198944,80.2671432495,21284,21294,10
12.9985103607,80.2673416138,21294,21304,10
12.9976301193,80.267578125,21304,21314,10
12.9968204498,80.2677764893,21314,21324,10
12.9961299896,80.2677612305,21324,21334,10
12.9956598282,80.2676086426,21334,21344,10
12.9956703186,80.2673797607,21344,21354,10
12.9957199097,80.266960144,21354,21364,10
12.9957895279,80.2662887573,21364,21375,11
12.995880127,80.2654037476,21375,21385,10
12.9959802628,80.264541626,21385,21395,10
12.9960803986,80.263710022,21395,21405,10
12.9961500168,80.2630081177,21405,21415,10
12.9961900711,80.2625427246,21415,21425,10
12.9962396622,80.2620391846,21425,21435,10
12.9963302612,80.261390686,21435,21445,10
12.9964199066,80.2605895996,21445,21455,10
12.9964895248,80.259803772,21455,21465,10
12.9965896606,80.2590408325,21465,21475,10
12.9966697693,80.2581787109,21475,21486,11
12.9967699051,80.257270813,21486,21496,10
12.9968299866,80.2565536499,21496,21506,10
12.9968900681,80.2559814453,21506,21516,10
12.9970197678,80.255821228,21516,21526,10
12.9974002838,80.2558364868,21526,21536,10
12.9976196289,80.255859375,21536,21546,10
12.9979400635,80.2558898926,21546,21556,10
12.9988298416,80.2560119629,21556,21576,20
12.9988298416,80.2560119629,21576,21586,10
12.9989404678,80.2560577393,21586,21597,11
12.999329567,80.2561416626,21597,21607,10
12.9998998642,80.2562484741,21607,21617,10
13.0005397797,80.2563705444,21617,21627,10
13.0013303757,80.2564926147,21627,21637,10
13.002120018,80.2566070557,21637,21647,10
13.0028400421,80.2567367554,21647,21657,10
13.0034999847,80.2568817139,21657,21667,10
13.0042295456,80.257019043,21667,21677,10
13.004989624,80.2571563721,21677,21687,10
13.0057001114,80.25730896,21687,21697,10
13.0063695908,80.2574005127,21697,21708,11
13.0065202713,80.2570266724,21708,21718,10
13.0065202713,80.2563934326,21718,21728,10
13.0065002441,80.2556686401,21728,21738,10
13.0065202713,80.2548522949,21738,21748,10
13.0065097809,80.2540206909,21748,21758,10
13.0064897537,80.2532577515,21758,21768,10
13.0065002441,80.2529602051,21768,21778,10
13.0065402985,80.2524185181,21778,21788,10
13.0066204071,80.2518463135,21788,21798,10
13.0067100525,80.2512817383,21798,21808,10
13.0067396164,80.2504577637,21808,21819,11
13.0067396164,80.2494277954,21819,21828,9
13.0067100525,80.2486724854,21828,21839,11
13.006649971,80.247833252,21839,21849,10
13.0066699982,80.2474212646,21849,21859,10
13.0066699982,80.2474136353,21859,21869,10
13.0066604614,80.2473678589,21869,21879,10
13.006649971,80.2469863892,21879,21889,10
13.0065898895,80.2465362549,21889,21899,10
13.0066404343,80.246383667,21899,21909,10
13.0066404343,80.2460174561,21909,21920,11
13.0066299438,80.2452774048,21920,21930,10
13.0066099167,80.2445526123,21930,21940,10
13.0066003799,80.2438735962,21940,21950,10
13.0065803528,80.2431793213,21950,21960,10
13.0065498352,80.2424621582,21960,21970,10
13.0065603256,80.241569519,21970,21980,10
13.006649971,80.2407226563,21980,21990,10
13.0068101883,80.2399215698,21990,22000,10
13.0069704056,80.2390213013,22000,22010,10
13.0071496964,80.238067627,22010,22020,10
13.007349968,80.2372207642,22020,22030,10
13.0074300766,80.2366409302,22030,22041,11
13.0074901581,80.2364807129,22041,22051,10
13.0075902939,80.2360610962,22051,22061,10
13.0077295303,80.2354278564,22061,22077,16
13.0080003738,80.234161377,22077,22089,12
13.0082302094,80.2329483032,22089,22097,8
13.0083999634,80.2321166992,22097,22109,12
13.0086097717,80.2309570313,22109,22119,10
13.0088396072,80.2297973633,22119,22129,10
13.0090503693,80.2287902832,22129,22138,9
13.0092802048,80.2279510498,22138,22150,12
13.0097703934,80.2268218994,22150,22160,10
13.0101699829,80.2259521484,22160,22171,11
13.0106096268,80.2250976563,22171,22181,10
13.0110397339,80.2241287231,22181,22191,10
13.0113801956,80.2232666016,22191,22201,10
13.0116996765,80.2224121094,22201,22211,10
13.0120201111,80.2215576172,22211,22221,10
13.0122900009,80.2213973999,22221,22231,10
13.0123796463,80.2215194702,22231,22252,21
13.0124998093,80.2218093872,22252,22332,80
13.0124998093,80.2218093872,22332,22342,10
13.012840271,80.2220993042,22342,22352,10
13.012960434,80.2222213745,22352,22363,11
13.0129995346,80.2222366333,22363,22373,10
13.0130796432,80.2222900391,22373,22423,50
13.0130796432,80.2222900391,22423,22433,10
13.0133304596,80.2226333618,22433,22443,10
13.0134096146,80.2227172852,22443,22453,10
13.0134801865,80.2227783203,22453,22463,10
13.0135803223,80.2229232788,22463,22474,11
13.013759613,80.2230682373,22474,22484,10
13.0139904022,80.2233428955,22484,22494,10
13.0141801834,80.2235794067,22494,22504,10
13.0143404007,80.2238464355,22504,22514,10
13.0147399902,80.224281311,22514,22524,10
13.0152301788,80.2247619629,22524,22534,10
13.0155601501,80.2250213623,22534,22544,10
13.0156002045,80.2250671387,22544,22554,10
13.0158901215,80.2252731323,22554,22564,10
13.0164299011,80.2253112793,22564,22574,10
13.017080307,80.2250823975,22574,22585,11
13.0179195404,80.2247390747,22585,22595,10
13.0187797546,80.2244033813,22595,22605,10
13.0193500519,80.224281311,22605,22615,10
13.0194301605,80.2243118286,22615,22625,10
13.0197296143,80.2244873047,22625,22635,10
13.0202198029,80.2248535156,22635,22645,10
13.0207796097,80.2252731323,22645,22655,10
13.0213298798,80.2257080078,22655,22665,10
13.02202034,80.2261962891,22665,22675,10
13.0227098465,80.2267837524,22675,22685,10
13.0233898163,80.2274017334,22685,22696,11
13.0240802765,80.2280807495,22696,22712,16
13.0249300003,80.2292404175,22712,22724,12
13.0256204605,80.2301635742,22724,22734,10
13.0259599686,80.2307891846,22734,22742,8
13.0260295868,80.2311325073,22742,22754,12
13.0262804031,80.2313079834,22754,22764,10
13.0268697739,80.2311401367,22764,22774,10
13.0277204514,80.2309494019,22774,22784,10
13.0283699036,80.2308731079,22784,22794,10
13.0284795761,80.2308578491,22794,22805,11
13.0287504196,80.2308273315,22805,22815,10
13.0292596817,80.2307815552,22815,22823,8
13.0296096802,80.2307434082,22823,22835,12
13.0303697586,80.2306976318,22835,22845,10
13.0306901932,80.2305603027,22845,22855,10
13.0306301117,80.2302627563,22855,22865,10
13.030500412,80.2297668457,22865,22875,10
13.03028965,80.2291870117,22875,22885,10
13.0303401947,80.2285995483,22885,22895,10
13.030380249,80.2282333374,22895,22905,10
13.0303897858,80.2280502319,22905,22916,11
13.0304203033,80.2276535034,22916,22925,9
13.0303001404,80.2274780273,22925,22936,11
13.0297698975,80.2273788452,22936,22946,10
13.0291500092,80.2272796631,22946,22956,10
13.0284204483,80.2271575928,22956,22966,10
13.0279397964,80.2270202637,22966,22976,10
13.0278997421,80.2266616821,22976,22986,10
13.0280399323,80.2260437012,22986,22996,10
13.0282297134,80.225227356,22996,23006,10
13.0283899307,80.2244110107,23006,23017,11
13.0288200378,80.2240066528,23017,23037,20
13.0288200378,80.2240066528,23037,23047,10
13.0290403366,80.2241897583,23047,23057,10
13.0294399261,80.2242736816,23057,23067,10
13.02987957,80.2242507935,23067,23077,10
13.0303297043,80.224281311,23077,23087,10
13.0309495926,80.2242736816,23087,23097,10
13.031129837,80.2239379883,23097,23107,10
13.0311603546,80.2233276367,23107,23124,17
13.03125,80.22290802,23124,23136,12
13.0314998627,80.2223815918,23136,23146,10
13.0317802429,80.2217636108,23146,23156,10
13.0320501328,80.2209625244,23156,23166,10
13.0321702957,80.2201690674,23166,23176,10
13.0321702957,80.2197799683,23176,23186,10
13.0321903229,80.2196273804,23186,23196,10
13.03221035,80.2192230225,23196,23206,10
13.0321798325,80.2186431885,23206,23216,10
13.0317497253,80.2184295654,23216,23226,10
13.0314903259,80.2180404663,23226,23236,10
13.0314502716,80.217338562,23236,23256,20
13.0311203003,80.2170028687,23256,23268,12
13.0305299759,80.2168426514,23268,23278,10
13.0304498672,80.2163772583,23278,23288,10
13.0303897858,80.2155914307,23288,23298,10
13.030380249,80.2148513794,23298,23308,10
13.0303697586,80.21459198,23308,23318,10
13.0304403305,80.2141418457,23318,23328,10
13.0304803848,80.2136993408,23328,23338,10
13.0305299759,80.2134933472,23338,23348,10
13.030579567,80.2131195068,23348,23358,10
13.030670166,80.2124176025,23358,23369,11
13.0307798386,80.211730957,23369,23380,11
13.0308303833,80.2114334106,23380,23389,9
13.0308799744,80.2110824585,23389,23399,10
13.0309200287,80.2108230591,23399,23410,11
13.0310001373,80.2102508545,23410,23420,10
13.0309400558,80.2100906372,23420,23430,10
13.0306997299,80.2100067139,23430,23440,10
13.0302600861,80.2098693848,23440,23450,10
13.0301504135,80.2092590332,23450,23481,31
13.0301504135,80.2092590332,23481,23491,10
13.03028965,80.2090530396,23491,23501,10
13.0307798386,80.2091522217,23501,23511,10
13.0315103531,80.2093429565,23511,23521,10
13.0323600769,80.2095565796,23521,23531,10
13.0333204269,80.2097320557,23531,23541,10
13.0342798233,80.2098770142,23541,23551,10
13.0350704193,80.2098617554,23551,23561,10
13.0352201462,80.2091674805,23561,23572,11
13.0352602005,80.208770752,23572,23582,10
13.0352897644,80.2086410522,23582,23592,10
13.035369873,80.2081222534,23592,23602,10
13.035490036,80.2073364258,23602,23612,10
13.0356302261,80.2063980103,23612,23622,10
13.035779953,80.2054595947,23622,23632,10
13.0358600616,80.2048416138,23632,23642,10
13.0358896255,80.2046737671,23642,23652,10
13.0359601974,80.204208374,23652,23662,10
13.0360603333,80.2035827637,23662,23672,10
13.0361604691,80.2028198242,23672,23683,11
13.0362997055,80.2019195557,23683,23693,10
13.036359787,80.201461792,23693,23703,10
13.0363702774,80.2013397217,23703,23713,10
13.0364398956,80.2008972168,23713,23723,10
13.036529541,80.2002182007,23723,23733,10
13.0366401672,80.1993637085,23733,23743,10
13.0367603302,80.1985168457,23743,23753,10
13.0367898941,80.1983566284,23753,23763,10
13.036860466,80.1980285645,23763,23773,10
13.036939621,80.1973876953,23773,23784,11
13.0370597839,80.1965866089,23784,23794,10
13.0371103287,80.1961669922,23794,23804,10
13.0371999741,80.1956100464,23804,23814,10
13.0373096466,80.1949081421,23814,23824,10
13.0374202728,80.1941070557,23824,23834,10
13.0375404358,80.1932678223,23834,23844,10
13.0377702713,80.192779541,23844,23854,10
13.0382204056,80.1927566528,23854,23864,10
13.0387296677,80.192817688,23864,23874,10
13.0392799377,80.1929016113,23874,23890,16
13.0401802063,80.1930618286,23890,23903,13
13.0411300659,80.1931762695,23903,23913,10
13.0417699814,80.1933364868,23913,23923,10
13.0417995453,80.1939315796,23923,23933,10
13.0417003632,80.1947174072,23933,23942,9
13.0416002274,80.1953887939,23942,23953,11
13.0414800644,80.1963195801,23953,23965,12
13.0414199829,80.1968002319,23965,23975,10
13.041390419,80.1969909668,23975,23985,10
13.0413398743,80.1973724365,23985,23995,10
13.0412597656,80.1979980469,23995,24006,11
13.0411100388,80.1988296509,24006,24016,10
13.0410499573,80.199432373,24016,24026,10
13.0409402847,80.200012207,24026,24036,10
13.0408201218,80.2007293701,24036,24046,10
13.0407304764,80.2015991211,24046,24056,10
13.0406599045,80.202003479,24056,24066,10
13.040599823,80.2024917603,24066,24076,10
13.0404701233,80.2032089233,24076,24086,10
13.0403404236,80.2040176392,24086,24096,10
13.0402498245,80.2045898438,24096,24106,10
13.0402297974,80.2049026489,24106,24117,11
13.0403795242,80.2050323486,24117,24127,10
13.0408401489,80.2050933838,24127,24137,10
13.041179657,80.2051315308,24137,24153,16
13.0419902802,80.2052612305,24153,24165,12
13.0426702499,80.2055206299,24165,24175,10
13.0430402756,80.2061004639,24175,24184,9
13.0434398651,80.2066268921,24184,24195,11
13.0439796448,80.2074737549,24195,24205,10
13.0441503525,80.2083206177,24205,24215,10
13.0441999435,80.2090988159,24215,24226,11
13.0442304611,80.2097625732,24226,24236,10
13.044260025,80.2105789185,24236,24245,9
13.0442895889,80.2114181519,24245,24256,11
13.0443601608,80.2122116089,24256,24266,10
13.0448904037,80.2122421265,24266,24276,10
13.0456399918,80.2122116089,24276,24286,10
13.0464000702,80.2121734619,24286,24296,10
13.0467596054,80.2121429443,24296,24306,10
13.0469198227,80.2121276855,24306,24316,10
13.0470695496,80.212097168,24316,24326,10
13.0471000671,80.2118988037,24326,24337,11
13.0470895767,80.2114562988,24337,24347,10
13.0470399857,80.2109680176,24347,24357,10
13.0472602844,80.2107315063,24357,24367,10
13.0478096008,80.2107391357,24367,24383,16
13.0488100052,80.2107467651,24383,24395,12
13.0494499207,80.2107772827,24395,24405,10
13.0496702194,80.2106018066,24405,24415,10
13.049659729,80.2103729248,24415,24425,10
13.0495195389,80.2095718384,24425,24435,10
13.0494804382,80.2089691162,24435,24445,10
13.0493803024,80.2083435059,24445,24456,11
13.0490999222,80.2076187134,24456,24466,10
13.0488996506,80.2071609497,24466,24476,10
13.0488996506,80.2071533203,24476,24486,10
13.0488595963,80.2069091797,24486,24496,10
13.049079895,80.206817627,24496,24538,42
13.0492296219,80.2070007324,24538,25539,1001
13.0492296219,80.2070007324,25539,25550,11
13.0492296219,80.2072601318,25550,25560,10
13.0491600037,80.2074508667,25560,25570,10
13.0492401123,80.2078323364,25570,25580,10
13.0493803024,80.2084121704,25580,25590,10
13.0495004654,80.2090606689,25590,25600,10
13.0496101379,80.2097320557,25600,25610,10
13.0496397018,80.2101974487,25610,25620,10
13.0496997833,80.2107925415,25620,25630,10
13.0498504639,80.2115402222,25630,25640,10
13.0498800278,80.2120895386,25640,25650,10
13.049659729,80.2121505737,25650,25661,11
13.0492897034,80.2122192383,25661,25671,10
13.0492696762,80.2122116089,25671,25681,10
13.0491104126,80.2121887207,25681,25691,10
13.0488395691,80.2121887207,25691,25707,16
13.0483999252,80.2122268677,25707,25719,12
13.047659874,80.2122879028,25719,25729,10
13.0470104218,80.2123031616,25729,25738,9
13.0461997986,80.2123184204,25738,25749,11
13.0453100204,80.2123565674,25749,25759,10
13.0447101593,80.2123718262,25759,25770,11
13.0443096161,80.2121810913,25770,25779,9
13.0442800522,80.2116317749,25779,25790,11
13.0442304611,80.210899353,25790,25800,10
13.0441904068,80.2101593018,25800,25810,10
13.0441503525,80.2094116211,25810,25820,10
13.0441102982,80.2089385986,25820,25830,10
13.0441102982,80.2088623047,25830,25840,10
13.0441198349,80.2085113525,25840,25850,10
13.0440702438,80.2079315186,25850,25860,10
13.043800354,80.2072601318,25860,25870,10
13.0433998108,80.206703186,25870,25881,11
13.0428600311,80.2059402466,25881,25891,10
13.0421600342,80.2053833008,25891,25901,10
13.0414104462,80.2052383423,25901,25911,10
13.0409402847,80.2051773071,25911,25921,10
13.0408201218,80.2051620483,25921,25931,10
13.0404996872,80.2051086426,25931,25941,10
13.040019989,80.205039978,25941,25951,10
13.0394296646,80.2049865723,25951,25961,10
13.0389003754,80.2048873901,25961,25971,10
13.0383300781,80.2048034668,25971,25982,11
13.0382003784,80.204460144,25982,25992,10
13.0382404327,80.2040176392,25992,26002,10
13.038310051,80.2034301758,26002,26012,10
13.0384101868,80.2027816772,26012,26022,10
13.038479805,80.202293396,26022,26032,10
13.0385398865,80.2017822266,26032,26042,10
13.0385904312,80.2013931274,26042,26052,10
13.0386800766,80.2007980347,26052,26062,10
13.038769722,80.2001800537,26062,26072,10
13.0388803482,80.1995010376,26072,26082,10
13.0389499664,80.1989593506,26082,26091,9
13.0390100479,80.1984786987,26091,26103,12
13.0391597748,80.1977310181,26103,26113,10
13.0392503738,80.1968994141,26113,26133,20
13.0392503738,80.1968994141,26133,26143,10
13.0392999649,80.1967391968,26143,26153,10
13.0393199921,80.1964492798,26153,26163,10
13.0393695831,80.1961517334,26163,26173,10
13.0394601822,80.1955566406,26173,26183,10
13.0395698547,80.1948394775,26183,26193,10
13.0396699905,80.1940002441,26193,26204,11
13.0397796631,80.1932830811,26204,26214,10
13.0397996902,80.1932373047,26214,26224,10
13.0397996902,80.1931228638,26224,26234,10
13.0394897461,80.193031311,26234,26244,10
13.0390701294,80.1929626465,26244,26254,10
13.0386695862,80.1928863525,26254,26264,10
13.0386600494,80.1928863525,26264,26274,10
13.0384302139,80.1928710938,26274,26284,10
13.0379800797,80.1928482056,26284,26294,10
13.0376501083,80.1931915283,26294,26304,10
13.0375499725,80.1938781738,26304,26315,11
13.0374403,80.1947479248,26315,26325,10
13.037320137,80.1955413818,26325,26335,10
13.0372495651,80.1959915161,26335,26345,10
13.0372400284,80.1961135864,26345,26355,10
13.037229538,80.1962203979,26355,26365,10
13.0371599197,80.1965789795,26365,26375,10
13.0370798111,80.1971817017,26375,26385,10
13.0369997025,80.1978225708,26385,26395,10
13.0368700027,80.1986618042,26395,26415,20
13.0368700027,80.1986618042,26415,26426,11
13.0367698669,80.1990966797,26426,26436,10
13.0366802216,80.1996612549,26436,26446,10
13.0365800858,80.200340271,26446,26456,10
13.03647995,80.2011032104,26456,26466,10
13.0364303589,80.2016067505,26466,26476,10
13.0363998413,80.2018203735,26476,26486,10
13.0363397598,80.2021179199,26486,26496,10
13.0362501144,80.2026290894,26496,26506,10
13.0361404419,80.2034301758,26506,26516,10
13.0360498428,80.2041931152,26516,26526,10
13.0359897614,80.2045593262,26526,26537,11
13.0359201431,80.2052001953,26537,26547,10
13.0357904434,80.2059402466,26547,26557,10
13.0356702805,80.2068328857,26557,26567,10
13.0355501175,80.2077178955,26567,26577,10
13.0354995728,80.2082595825,26577,26587,10
13.0354795456,80.208366394,26587,26597,10
13.0354299545,80.2084579468,26597,26607,10
13.035369873,80.2088088989,26607,26617,10
13.0352897644,80.2093582153,26617,26633,16
13.0351200104,80.2102966309,26633,26646,13
13.0349397659,80.2109985352,26646,26656,10
13.0348300934,80.2116928101,26656,26666,10
13.0345201492,80.2121200562,26666,26676,10
13.0338897705,80.2120513916,26676,26686,10
13.0331897736,80.2119903564,26686,26696,10
13.0325403214,80.2119369507,26696,26706,10
13.0324897766,80.2119293213,26706,26716,10
13.0321998596,80.2118606567,26716,26726,10
13.031920433,80.2115478516,26726,26737,11
13.0320100784,80.2108230591,26737,26746,9
13.0320997238,80.2101669312,26746,26758,12
13.0319499969,80.2096481323,26758,26768,10
13.0313796997,80.2094802856,26768,26778,10
13.0306997299,80.2093200684,26778,26788,10
13.0302000046,80.2092590332,26788,26798,10
13.0301103592,80.2095413208,26798,26808,10
13.030090332,80.2095870972,26808,26818,10
13.0300598145,80.2097167969,26818,26828,10
13.0303001404,80.2098693848,26828,26838,10
13.0307397842,80.2099761963,26838,26848,10
13.0309801102,80.2100906372,26848,26859,11
13.0309801102,80.2103424072,26859,26869,10
13.0309295654,80.2107925415,26869,26879,10
13.0309000015,80.2110824585,26879,26889,10
13.0308504105,80.2114562988,26889,26899,10
13.0308103561,80.2117385864,26899,26909,10
13.0307598114,80.2121124268,26909,26919,10
13.0306501389,80.2127380371,26919,26929,10
13.030579567,80.2133483887,26929,26939,10
13.0305404663,80.2136764526,26939,26949,10
13.0304698944,80.2139892578,26949,26959,10
13.0304002762,80.2144775391,26959,26972,13
13.030380249,80.2147827148,26972,26982,10
13.0303897858,80.2149200439,26982,26992,10
13.0303497314,80.2153778076,26992,27002,10
13.0303897858,80.2158889771,27002,27012,10
13.030380249,80.2166213989,27012,27022,10
13.0306301117,80.2169189453,27022,27032,10
13.0311403275,80.2169494629,27032,27042,10
13.031419754,80.2169876099,27042,27052,10
13.0315198898,80.2174072266,27052,27062,10
13.0315704346,80.2180786133,27062,27072,10
13.0319795609,80.2183990479,27072,27083,11
13.0322704315,80.2188034058,27083,27093,10
13.0322599411,80.2194519043,27093,27103,10
13.0322599411,80.2201004028,27103,27113,10
13.0322599411,80.2203674316,27113,27123,10
13.0322599411,80.2204208374,27123,27132,9
13.0321598053,80.2208023071,27132,27143,11
13.0320100784,80.2214279175,27143,27153,10
13.0317001343,80.2221069336,27153,27163,10
13.0316095352,80.2222900391,27163,27173,10
13.031370163,80.2226791382,27173,27183,10
13.0312595367,80.2230529785,27183,27194,11
13.0312204361,80.2232818604,27194,27204,10
13.0312004089,80.2235794067,27204,27214,10
13.0311803818,80.2238311768,27214,27224,10
13.0311803818,80.2238388062,27224,27234,10
13.0311803818,80.2239990234,27234,27244,10
13.0310697556,80.2243423462,27244,27254,10
13.0305299759,80.2242965698,27254,27264,10
13.0299901962,80.2242965698,27264,27274,10
13.0295295715,80.2242889404,27274,27290,16
13.0290899277,80.2242584229,27290,27303,13
13.0287799835,80.2241134644,27303,27313,10
13.0284900665,80.2242889404,27313,27323,10
13.0283403397,80.2250213623,27323,27333,10
13.0281801224,80.2258529663,27333,27343,10
13.0280504227,80.2264785767,27343,27353,10
13.0279903412,80.2269134521,27353,27363,10
13.0281496048,80.2270812988,27363,27373,10
13.028719902,80.227180481,27373,27383,10
13.0293998718,80.2273025513,27383,27393,10
13.030090332,80.2274093628,27393,27403,10
13.0304603577,80.2276229858,27403,27413,10
13.0304203033,80.2279815674,27413,27424,11
13.0303897858,80.2281723022,27424,27434,10
13.0303602219,80.2285308838,27434,27444,10
13.0303297043,80.2290725708,27444,27454,10
13.030500412,80.2297210693,27454,27464,10
13.0306797028,80.2303009033,27464,27474,10
13.0307302475,80.2304992676,27474,27484,10
13.0306797028,80.2307128906,27484,27494,10
13.0303897858,80.2307662964,27494,27504,10
13.0297803879,80.2308273315,27504,27545,41
13.0297803879,80.2308273315,27545,27555,10
13.0294799805,80.2308807373,27555,27565,10
13.0290403366,80.2309188843,27565,27575,10
13.0284204483,80.2309799194,27575,27585,10
13.0277795792,80.2310562134,27585,27595,10
13.0276603699,80.2312774658,27595,27605,10
13.0277099609,80.2317581177,27605,27615,10
13.0277900696,80.2323532104,27615,27626,11
13.0277299881,80.2328414917,27626,27636,10
13.0273399353,80.2329025269,27636,27646,10
13.027009964,80.232963562,27646,27696,50
13.027009964,80.232963562,27696,27712,16
13.0268201828,80.233039856,27712,27724,12
13.0264997482,80.233039856,27724,27732,8
13.0263004303,80.232711792,27732,27745,13
13.0260601044,80.2318496704,27745,27755,10
13.0258903503,80.2310791016,27755,27765,10
13.02546978,80.2302093506,27765,27775,10
13.0248603821,80.2294006348,27775,27785,10
13.0245895386,80.2290420532,27785,27795,10
13.0245800018,80.2290420532,27795,27804,9
13.0243701935,80.2287597656,27804,27815,11
13.0239896774,80.2283096313,27815,27825,10
13.0238800049,80.2281570435,27825,27835,10
13.0237398148,80.2279968262,27835,27846,11
13.0233697891,80.2276306152,27846,27856,10
13.0230703354,80.2273330688,27856,27866,10
13.022600174,80.2268981934,27866,27875,9
13.0220603943,80.2264404297,27875,27886,11
13.0212898254,80.2258224487,27886,27896,10
13.0206804276,80.2253417969,27896,27906,10
13.0201196671,80.2249679565,27906,27916,10
13.0198802948,80.2248001099,27916,27926,10
13.0194797516,80.2246017456,27926,27936,10
13.0187196732,80.2245788574,27936,27946,10
13.0178203583,80.2249298096,27946,27956,10
13.016869545,80.2253189087,27956,27967,11
13.0161895752,80.2255935669,27967,27977,10
13.0156002045,80.2257766724,27977,27986,9
13.014960289,80.2260437012,27986,27997,11
13.0143699646,80.226272583,27997,28007,10
13.0142402649,80.2263183594,28007,28017,10
13.0137796402,80.2264785767,28017,28027,10
13.0130796432,80.2267532349,28027,28037,10
13.0122499466,80.2270736694,28037,28047,10
13.0112895966,80.2274627686,28047,28057,10
13.0102796555,80.2278823853,28057,28068,11
13.0093002319,80.2283630371,28068,28078,10
13.0089998245,80.2292709351,28078,28088,10
13.0087995529,80.2303314209,28088,28098,10
13.008600235,80.2314300537,28098,28108,10
13.0084104538,80.2324981689,28108,28118,10
13.0082998276,80.2333221436,28118,28128,10
13.0082702637,80.2334518433,28128,28138,10
13.0082502365,80.2335586548,28138,28148,10
13.0081396103,80.2340316772,28148,28158,10
13.0080003738,80.234703064,28158,28168,10
13.0078201294,80.2355804443,28168,28179,11
13.0075902939,80.2367782593,28179,28189,10
13.0073795319,80.2378387451,28189,28199,10
13.0072202682,80.2387466431,28199,28209,10
13.0070695877,80.2395324707,28209,28219,10
13.0069904327,80.2399902344,28219,28229,10
13.0069103241,80.2404327393,28229,28238,9
13.0068998337,80.2405929565,28238,28249,11
13.0068798065,80.2407608032,28249,28259,10
13.006819725,80.2409896851,28259,28269,10
13.0067596436,80.2415084839,28269,28279,10
13.0067501068,80.2422180176,28279,28290,11
13.0067195892,80.243019104,28290,28300,10
13.0067100525,80.2436981201,28300,28330,30
13.0067100525,80.2436981201,28330,28340,10
13.0067100525,80.2441177368,28340,28350,10
13.0067100525,80.2446975708,28350,28360,10
13.0067195892,80.2451782227,28360,28380,20
13.0067195892,80.2451782227,28380,28391,11
13.0067501068,80.2454681396,28391,28401,10
13.0067501068,80.2459487915,28401,28411,10
13.0067596436,80.2466583252,28411,28421,10
13.006770134,80.2474365234,28421,28431,10
13.0067596436,80.2482681274,28431,28441,10
13.0068597794,80.2491073608,28441,28451,10
13.0068998337,80.2493667603,28451,28461,10
13.0069103241,80.249382019,28461,28471,10
13.0069103241,80.24974823,28471,28481,10
13.0068902969,80.2503814697,28481,28491,10
13.0068798065,80.251121521,28491,28502,11
13.0067195892,80.2519302368,28502,28512,10
13.0066003799,80.2527084351,28512,28522,10
13.0065898895,80.253578186,28522,28532,10
13.0066299438,80.2544631958,28532,28542,10
13.0066404343,80.2549591064,28542,28552,10
13.0066699982,80.2551879883,28552,28562,10
13.006649971,80.255317688,28562,28572,10
13.006649971,80.2557830811,28572,28582,10
13.0066404343,80.256439209,28582,28592,10
13.0066604614,80.2569580078,28592,28602,10
13.0067501068,80.2571563721,28602,28613,11
13.0066003799,80.2575073242,28613,28623,10
13.0060100555,80.2574462891,28623,28633,10
13.0054998398,80.2573318481,28633,28643,10
13.0050401688,80.2572174072,28643,28653,10
13.0043897629,80.2571182251,28653,28663,10
13.0038404465,80.2570037842,28663,28673,10
13.0032701492,80.2568969727,28673,28683,10
13.002699852,80.2567901611,28683,28693,10
13.0021400452,80.2566833496,28693,28703,10
13.0016002655,80.2565994263,28703,28714,11
13.0008602142,80.2564926147,28714,28724,10
13.0000600815,80.2563476563,28724,28734,10
12.999329567,80.2562332153,28734,28744,10
12.9989595413,80.2561416626,28744,28754,10
12.9984798431,80.256072998,28754,28764,10
12.9979896545,80.2560272217,28764,28774,10
12.9978399277,80.2560272217,28774,28784,10
12.9976501465,80.2560195923,28784,28794,10
12.9971599579,80.2559890747,28794,28804,10
12.9969396591,80.2562408447,28804,28814,10
12.9968795776,80.2567520142,28814,28825,11
12.9968500137,80.2571411133,28825,28835,10
12.9967899323,80.2577285767,28835,28845,10
12.996720314,80.2584991455,28845,28855,10
12.9966402054,80.2593002319,28855,28865,10
12.9965295792,80.2601013184,28865,28875,10
12.9964599609,80.2609786987,28875,28885,10
12.9963703156,80.2617492676,28885,28895,10
12.9963197708,80.2621994019,28895,28905,10
12.9962701797,80.2624435425,28905,28915,10
12.9962596893,80.2627410889,28915,28925,10
12.9961795807,80.2632598877,28925,28936,11
12.9961299896,80.2640228271,28936,28946,10
12.9960298538,80.2648162842,28946,28956,10
12.9959096909,80.2657623291,28956,28966,10
12.9958200455,80.266746521,28966,28976,10
12.9957504272,80.2675018311,28976,28986,10
12.9959602356,80.2677001953,28986,28996,10
12.9961996078,80.2677307129,28996,29012,16
12.9968099594,80.2677383423,29012,29024,12
12.9974603653,80.267539978,29024,29033,9
12.9979000092,80.2674179077,29033,29044,11
12.998550415,80.2672195435,29044,29055,11
12.9991798401,80.267036438,29055,29065,10
12.9997997284,80.2668533325,29065,29075,10
13.0001296997,80.2665481567,29075,29094,19
13.0001296997,80.2665481567,29094,29105,11
13.0001802444,80.2664489746,29105,29115,10
13.0002202988,80.2660598755,29115,29125,10
13.0002403259,80.2657623291,29125,29135,10
13.0003995895,80.2657623291,29135,29761,626
13.0004196167,80.2660980225,29761,29781,20
13.0004396439,80.2661514282,29781,29892,111
13.000459671,80.2660903931,29892,30437,545
13.000459671,80.265953064,30437,30478,41
13.0003595352,80.2660980225,30478,30692,214
13.0003595352,80.2660980225,30692,30702,10
13.0003595352,80.2661819458,30702,30712,10
13.0003404617,80.266418457,30712,30732,20
13.0003404617,80.266418457,30732,30742,10
13.0003204346,80.2665023804,30742,30752,10
13.0003299713,80.2665634155,30752,30762,10
13.0003595352,80.2666397095,30762,30772,10
13.0003204346,80.2667999268,30772,30783,11
13.0000696182,80.2668914795,30783,30793,10
12.9996404648,80.2670211792,30793,30803,10
12.9990501404,80.2671890259,30803,30813,10
12.9984998703,80.2673416138,30813,30823,10
12.998000145,80.2674484253,30823,30833,10
12.9974803925,80.2676010132,30833,30843,10
12.9968595505,80.2677764893,30843,30853,10
12.9961795807,80.2677764893,30853,30863,10
12.9956703186,80.2675018311,30863,30883,20
12.9956703186,80.2675018311,30883,30894,11
12.9956798553,80.2673568726,30894,30904,10
12.9957199097,80.2670211792,30904,30914,10
12.9957799911,80.2664489746,30914,30924,10
12.9958696365,80.2657165527,30924,30934,10
12.9959602356,80.2649383545,30934,30944,10
12.9960603714,80.2641372681,30944,30954,10
12.9961395264,80.2633666992,30954,30964,10
12.9961996078,80.2626800537,30964,30984,20
12.9961996078,80.2626800537,30984,30994,10
12.9962596893,80.2624206543,30994,31005,11
12.9962701797,80.262008667,31005,31015,10
12.9963598251,80.2614593506,31015,31025,10
12.9964399338,80.2606735229,31025,31035,10
12.9965200424,80.2599411011,31035,31045,10
12.9965801239,80.2591705322,31045,31061,16
12.9966802597,80.2581329346,31061,31074,13
12.9967498779,80.2574691772,31074,31084,10
12.9968004227,80.2570571899,31084,31093,9
12.9968395233,80.256729126,31093,31104,11
12.9968595505,80.2563018799,31104,31115,11
12.9968795776,80.2562026978,31115,31126,11
12.997010231,80.2558670044,31126,31136,10
12.9973802567,80.2558364868,31136,31146,10
12.9979200363,80.2558822632,31146,31156,10
12.998749733,80.2559585571,31156,31176,20
12.998749733,80.2559585571,31176,31186,10
12.9989500046,80.2559967041,31186,31196,10
12.9993896484,80.2560882568,31196,31206,10
12.9997997284,80.256187439,31206,31216,10
13.0003700256,80.2562789917,31216,31227,11
13.0010995865,80.2564086914,31227,31237,10
13.0015201569,80.2564926147,31237,31247,10
13.001950264,80.2565536499,31247,31257,10
13.0024595261,80.2566299438,31257,31267,10
13.0030603409,80.2567367554,31267,31277,10
13.003660202,80.2568817139,31277,31287,10
13.0043001175,80.2570037842,31287,31297,10
13.0048904419,80.2570877075,31297,31307,10
13.005399704,80.2571716309,31307,31317,10
13.0055503845,80.2572097778,31317,31327,10
13.0056600571,80.2572631836,31327,31338,11
13.0060300827,80.2573165894,31338,31348,10
13.0064601898,80.2573394775,31348,31358,10
13.0065002441,80.2569274902,31358,31368,10
13.0065097809,80.2562637329,31368,31378,10
13.0065002441,80.2554779053,31378,31388,10
13.0065202713,80.2546234131,31388,31398,10
13.0065002441,80.2537994385,31398,31408,10
13.006480217,80.2533416748,31408,31418,10
13.006480217,80.2533187866,31418,31428,10
13.0064897537,80.2531509399,31428,31438,10
13.0064897537,80.2528686523,31438,31448,10
13.0065202713,80.2524185181,31448,31459,11
13.0066404343,80.2518310547,31459,31489,30
13.0066404343,80.2518310547,31489,31499,10
13.0066995621,80.2517089844,31499,31509,10
13.0067396164,80.2512893677,31509,31519,10
13.0067300797,80.2506332397,31519,31529,10
13.0067195892,80.24974823,31529,31539,10
13.0066795349,80.2488021851,31539,31549,10
13.0065803528,80.2475204468,31549,31640,91
13.0065803528,80.2475204468,31640,31650,10
13.0065803528,80.2473831177,31650,31660,10
13.0066099167,80.2469787598,31660,31671,11
13.0065803528,80.2464904785,31671,31681,10
13.0065898895,80.2464828491,31681,31691,10
13.0066204071,80.246307373,31691,31701,10
13.0066204071,80.2458496094,31701,31711,10
13.0066099167,80.2452392578,31711,31721,10
13.0066099167,80.2445831299,31721,31731,10
13.0065898895,80.2439422607,31731,31741,10
13.0065803528,80.2433166504,31741,31751,10
13.0065603256,80.2426834106,31751,31761,10
13.0065498352,80.2418365479,31761,31771,10
13.006649971,80.2410507202,31771,31782,11
13.0067195892,80.2405090332,31782,31792,10
13.0067195892,80.2404403687,31792,31802,10
13.0067901611,80.2401275635,31802,31812,10
13.0068998337,80.2396774292,31812,31822,10
13.0070295334,80.2389602661,31822,31832,10
13.0071697235,80.2381591797,31832,31842,10
13.0073604584,80.2373428345,31842,31852,10
13.0074195862,80.2367935181,31852,31862,10
13.0074300766,80.2367401123,31862,31872,10
13.0074996948,80.2365264893,31872,31882,10
13.0076198578,80.2361221313,31882,31893,11
13.0077495575,80.2354812622,31893,31903,10
13.0078001022,80.2351989746,31903,31913,10
13.0078697205,80.2348403931,31913,31923,10
13.0079803467,80.2342681885,31923,31933,10
13.0081396103,80.2334976196,31933,31943,10
13.0083198547,80.2325286865,31943,31953,10
13.0085201263,80.2314834595,31953,31963,10
13.0087099075,80.230430603,31963,31973,10
13.0089502335,80.2293395996,31973,31983,10
13.0091495514,80.2283401489,31983,31993,10
13.0095100403,80.2274169922,31993,32004,11
13.0099601746,80.2264175415,32004,32014,10
13.0103998184,80.2255096436,32014,32024,10
13.0107803345,80.2247085571,32024,32034,10
13.0111103058,80.2239685059,32034,32044,10
13.0112600327,80.2235031128,32044,32054,10
13.0114603043,80.2230606079,32054,32064,10
13.0116996765,80.2224731445,32064,32074,10
13.0119400024,80.2217712402,32074,32084,10
13.0123195648,80.2213821411,32084,32094,10
13.0125198364,80.2217025757,32094,32104,10
13.012960434,80.2222290039,32104,32115,11
13.0134801865,80.2228164673,32115,32125,10
13.0140600204,80.2234802246,32125,32135,10
13.0145196915,80.2240905762,32135,32145,10
13.015250206,80.2247924805,32145,32165,20
13.015250206,80.2247924805,32165,32175,10
13.0153503418,80.224861145,32175,32185,10
13.0155696869,80.2250366211,32185,32195,10
13.0156002045,80.2250671387,32195,32205,10
13.0157804489,80.2252197266,32205,32215,10
13.0162200928,80.2253265381,32215,32226,11
13.0169401169,80.225151062,32226,32236,10
13.0177402496,80.2248001099,32236,32246,10
13.0186500549,80.2244415283,32246,32256,10
13.0193004608,80.2242889404,32256,32296,40
13.0193004608,80.2242889404,32296,32306,10
13.0193996429,80.224281311,32306,32316,10
13.0196199417,80.2243881226,32316,32326,10
13.0198202133,80.2245483398,32326,32337,11
13.0201301575,80.2248001099,32337,32347,10
13.0205802917,80.2251281738,32347,32357,10
13.0210695267,80.2254867554,32357,32367,10
13.0215501785,80.2258682251,32367,32377,10
13.0218496323,80.2260665894,32377,32387,10
13.0221300125,80.2262878418,32387,32397,10
13.0224599838,80.2265777588,32397,32407,10
13.0228996277,80.2269897461,32407,32417,10
13.0232896805,80.2273635864,32417,32427,10
13.0236196518,80.2276687622,32427,32437,10
13.0239496231,80.2279586792,32437,32448,11
13.0239896774,80.2279891968,32448,32458,10
13.024140358,80.2281570435,32458,32474,16
13.0244503021,80.2285614014,32474,32486,12
13.0246400833,80.2288208008,32486,32494,8
13.0247602463,80.2289962769,32494,32506,12
13.0249795914,80.229309082,32506,32516,10
13.0254802704,80.2299118042,32516,32557,41
13.0254802704,80.2299118042,32557,32567,10
13.0255899429,80.2300567627,32567,32577,10
13.0257396698,80.2303390503,32577,32587,10
13.025850296,80.2305526733,32587,32597,10
13.0259399414,80.2308120728,32597,32607,10
13.0260095596,80.2311019897,32607,32617,10
13.0262002945,80.231338501,32617,32627,10
13.026720047,80.2311935425,32627,32637,10
13.0274095535,80.231010437,32637,32647,10
13.0280399323,80.2309188843,32647,32657,10
13.0285196304,80.2308807373,32657,32668,11
13.0285301208,80.2308807373,32668,32678,10
13.028670311,80.2308807373,32678,32688,10
13.0292901993,80.230796814,32688,32708,20
13.0292901993,80.230796814,32708,32718,10
13.0294799805,80.230796814,32718,32728,10
13.0298404694,80.230758667,32728,32738,10
13.0304098129,80.2307128906,32738,32748,10
13.0307102203,80.2305831909,32748,32758,10
13.0306501389,80.2302932739,32758,32768,10
13.0304403305,80.2296829224,32768,32779,11
13.0302696228,80.229057312,32779,32789,10
13.0303096771,80.2286376953,32789,32799,10
13.0303697586,80.2283782959,32799,32809,10
13.0304002762,80.2282409668,32809,32819,10
13.0304203033,80.227897644,32819,32829,10
13.0304403305,80.2275695801,32829,32839,10
13.0302000046,80.2274398804,32839,32849,10
13.0296401978,80.2273483276,32849,32859,10
13.0291404724,80.2272567749,32859,32869,10
13.0284996033,80.2271499634,32869,32879,10
13.0282096863,80.2270812988,32879,32890,11
13.027970314,80.2269592285,32890,32900,10
13.0279903412,80.2265014648,32900,32910,10
13.0281095505,80.2258071899,32910,32920,10
13.0283098221,80.2249298096,32920,32930,10
13.0284700394,80.2241668701,32930,32940,10
13.0288696289,80.2240219116,32940,32960,20
13.0288696289,80.2240219116,32960,32970,10
13.0289402008,80.2240982056,32970,32980,10
13.0291996002,80.2242584229,32980,32990,10
13.0296297073,80.2242736816,32990,33001,11
13.0303497314,80.2242889404,33001,33011,10
13.0310497284,80.224281311,33011,33021,10
13.0311603546,80.2239608765,33021,33031,10
13.0311603546,80.2233963013,33031,33041,10
13.0311603546,80.2232666016,33041,33051,10
13.0311698914,80.2231369019,33051,33061,10
13.0312595367,80.2227935791,33061,33071,10
13.031539917,80.2223434448,33071,33081,10
13.0317697525,80.2218399048,33081,33091,10
13.0319700241,80.2213516235,33091,33101,10
13.0321302414,80.2207183838,33101,33112,11
13.0322198868,80.2197570801,33112,33142,30
13.0322198868,80.2197570801,33142,33152,10
13.0322799683,80.2196426392,33152,33162,10
13.0322799683,80.2192764282,33162,33172,10
13.0322198868,80.2187805176,33172,33182,10
13.0318603516,80.218460083,33182,33192,10
13.0314998627,80.2181015015,33192,33202,10
13.0314502716,80.2174530029,33202,33212,10
13.0313596725,80.2170791626,33212,33223,11
13.0311498642,80.2170181274,33223,33233,10
13.0307703018,80.217010498,33233,33243,10
13.030500412,80.2166976929,33243,33253,10
13.0304698944,80.2166137695,33253,33263,10
13.0304403305,80.2164764404,33263,33273,10
13.0303897858,80.2161331177,33273,33283,10
13.0303401947,80.2154769897,33283,33293,10
13.030380249,80.2145385742,33293,33313,20
13.030380249,80.2145385742,33313,33323,10
13.0304403305,80.2141494751,33323,33334,11
13.0305099487,80.213722229,33334,33344,10
13.0305299759,80.2134780884,33344,33354,10
13.030579567,80.2131271362,33354,33364,10
13.0306396484,80.2124710083,33364,33374,10
13.0307397842,80.2118835449,33374,33384,10
13.030790329,80.2115478516,33384,33394,10
13.03083992,80.21118927,33394,33404,10
13.0308799744,80.2109527588,33404,33414,10
13.0309495926,80.2105331421,33414,33424,10
13.0309801102,80.2101898193,33424,33435,11
13.0309801102,80.2101821899,33435,33445,10
13.0308904648,80.2100372314,33445,33455,10
13.0304803848,80.2098999023,33455,33465,10
13.0300502777,80.2096481323,33465,33475,10
13.0301399231,80.209197998,33475,33485,10
13.0301504135,80.2091598511,33485,33495,10
13.0301799774,80.2090911865,33495,33505,10
13.0303297043,80.2090301514,33505,33515,10
13.0307998657,80.2091293335,33515,33525,10
13.0314903259,80.2093200684,33525,33535,10
13.03166008,80.2093734741,33535,33546,11
13.0317201614,80.2093887329,33546,33556,10
13.0320501328,80.209487915,33556,33566,10
13.0326795578,80.2096099854,33566,33576,10
13.0334796906,80.2097702026,33576,33586,10
13.0344200134,80.2098922729,33586,33596,10
13.0351295471,80.2098083496,33596,33606,10
13.0352201462,80.2092132568,33606,33616,10
13.0352802277,80.208656311,33616,33626,10
13.0352697372,80.2086105347,33626,33636,10
13.0352602005,80.2085723877,33636,33646,10
13.0353403091,80.2082519531,33646,33656,10
13.0354299545,80.2076797485,33656,33667,11
13.0355396271,80.2068481445,33667,33677,10
13.0356197357,80.2061309814,33677,33687,10
13.0354795456,80.2059020996,33687,33697,10
13.0355300903,80.2055969238,33697,33707,10
13.0355300903,80.2054519653,33707,33717,10
13.0356998444,80.2052230835,33717,33727,10
13.0358400345,80.2048416138,33727,33737,10
13.035900116,80.2043533325,33737,33747,10
13.0359601974,80.2040405273,33747,33757,10
13.0360498428,80.2035980225,33757,33767,10
13.0361404419,80.2029266357,33767,33784,17
13.0362997055,80.2016601563,33784,33796,12
13.0363197327,80.2015075684,33796,33806,10
13.0363197327,80.2013626099,33806,33816,10
13.0364198685,80.2009277344,33816,33825,9
13.0365200043,80.2002410889,33825,33837,12
13.0366296768,80.19921875,33837,33847,10
13.0367298126,80.1984634399,33847,33855,8
13.0368003845,80.1980209351,33855,33867,12
13.0369501114,80.1971588135,33867,33877,10
13.0370397568,80.1965637207,33877,33888,11
13.0370597839,80.1963500977,33888,33898,10
13.0370798111,80.1962509155,33898,33908,10
13.0371198654,80.195892334,33908,33918,10
13.0371999741,80.1954193115,33918,33928,10
13.037320137,80.1947021484,33928,33938,10
13.0374403,80.1938476563,33938,33948,10
13.037560463,80.1929931641,33948,33958,10
13.0377902985,80.1927490234,33958,33968,10
13.0381402969,80.1927185059,33968,33978,10
13.0388002396,80.1928329468,33978,33999,21
13.0388002396,80.1928329468,33999,34015,16
13.0391998291,80.1929168701,34015,34027,12
13.0397901535,80.193031311,34027,34037,10
13.0402202606,80.1930923462,34037,34047,10
13.0410404205,80.1931915283,34047,34057,10
13.0416402817,80.1932830811,34057,34067,10
13.0418195724,80.1935195923,34067,34077,10
13.0417804718,80.1940383911,34077,34087,10
13.0417003632,80.19480896,34087,34097,10
13.0416002274,80.1955795288,34097,34108,11
13.0415296555,80.1961975098,34108,34118,10
13.0414600372,80.196647644,34118,34128,10
13.0414495468,80.1967468262,34128,34138,10
13.041390419,80.197052002,34138,34148,10
13.0413303375,80.1976165771,34148,34158,10
13.0412302017,80.1983184814,34158,34168,10
13.0411100388,80.1990585327,34168,34178,10
13.0410804749,80.1993026733,34178,34188,10
13.0410499573,80.1995162964,34188,34198,10
13.0409803391,80.1999969482,34198,34208,10
13.0408697128,80.2006835938,34208,34219,11
13.0407304764,80.2015533447,34219,34229,10
13.0406503677,80.2019729614,34229,34239,10
13.040599823,80.2023620605,34239,34249,10
13.0405397415,80.2029190063,34249,34259,10
13.040430069,80.2035522461,34259,34269,10
13.0403299332,80.2042312622,34269,34279,10
13.0402603149,80.2048034668,34279,34289,10
13.0406103134,80.2050476074,34289,34299,10
13.0412302017,80.205116272,34299,34309,10
13.0413103104,80.2051391602,34309,34319,10
13.0414400101,80.2051620483,34319,34330,11
13.0419101715,80.2052307129,34330,34340,10
13.0425596237,80.2053833008,34340,34350,10
13.0429000854,80.2058334351,34350,34360,10
13.0433502197,80.2064819336,34360,34370,10
13.0438404083,80.2071762085,34370,34380,10
13.0441398621,80.2079467773,34380,34390,10
13.0441904068,80.2087097168,34390,34400,10
13.044210434,80.2089385986,34400,34410,10
13.0442199707,80.209022522,34410,34420,10
13.0442399979,80.2092666626,34420,34430,10
13.0442304611,80.2095718384,34430,34441,11
13.0442399979,80.2101211548,34441,34451,10
13.0442800522,80.2107086182,34451,34461,10
13.0442895889,80.2113265991,34461,34471,10
13.0443401337,80.2119064331,34471,34499,28
13.0443401337,80.2119064331,34499,34509,10
13.0443096161,80.2122116089,34509,34517,8
13.0443401337,80.212310791,34517,34529,12
13.0447998047,80.212310791,34529,34540,11
13.0455799103,80.2122268677,34540,34551,11
13.0465202332,80.2121734619,34551,34561,10
13.0470895767,80.2119598389,34561,34581,20
13.0470895767,80.2119598389,34581,34591,10
13.0470600128,80.2117767334,34591,34601,10
13.0470199585,80.2111968994,34601,34611,10
13.0471000671,80.2107391357,34611,34621,10
13.0476303101,80.2107391357,34621,34631,10
13.0481996536,80.2107620239,34631,34641,10
13.0488195419,80.2108001709,34641,34651,10
13.0494098663,80.2108230591,34651,34662,11
13.0496997833,80.2106323242,34662,34672,10
13.0496997833,80.2101516724,34672,34682,10
13.0496196747,80.2095413208,34682,34692,10
13.0495595932,80.2088165283,34692,34701,9
13.0494003296,80.2080917358,34701,34712,11
13.0489397049,80.2071075439,34712,34731,19
13.0489397049,80.2071075439,34731,34742,11
13.0489597321,80.2069702148,34742,34752,10
13.0490503311,80.20677948,34752,34763,11
13.0493402481,80.207069397,34763,35580,817
13.0493402481,80.207069397,35580,35590,10
13.0492095947,80.207359314,35590,35620,30
13.0492095947,80.207359314,35620,35630,10
13.0491504669,80.2076034546,35630,35640,10
13.0492601395,80.2080001831,35640,35651,11
13.0494003296,80.2085037231,35651,35661,10
13.049539566,80.2089614868,35661,35671,10
13.0495996475,80.209022522,35671,35681,10
13.049659729,80.2093505859,35681,35691,10
13.0497598648,80.2098770142,35691,35701,10
13.049779892,80.2103271484,35701,35711,10
13.0498399734,80.2109375,35711,35721,10
13.0499000549,80.2116012573,35721,35731,10
13.0499401093,80.2120437622,35731,35741,10
13.049489975,80.2121582031,35741,35761,20
13.049489975,80.2121582031,35761,35772,11
13.0494003296,80.2121963501,35772,35782,10
13.0490398407,80.2121810913,35782,35792,10
13.0484695435,80.2122192383,35792,35802,10
13.0477399826,80.2122573853,35802,35812,10
13.0469198227,80.2123031616,35812,35822,10
13.045999527,80.2123184204,35822,35832,10
13.0446901321,80.2123794556,35832,35881,49
13.0446901321,80.2123794556,35881,35891,10
13.0445299149,80.2124023438,35891,35900,9
13.0442895889,80.2123184204,35900,35910,10
13.0442304611,80.2118530273,35910,35921,11
13.0441999435,80.2110366821,35921,35931,10
13.0441703796,80.210319519,35931,35941,10
13.0441398621,80.2095108032,35941,35951,10
13.0440797806,80.2088165283,35951,35971,20
13.0440797806,80.2088165283,35971,35982,11
13.0440797806,80.2085189819,35982,35992,10
13.0440797806,80.2080230713,35992,36002,10
13.0439395905,80.2074584961,36002,36012,10
13.043589592,80.2068862915,36012,36022,10
13.043129921,80.2062606812,36022,36032,10
13.0425796509,80.2055969238,36032,36048,16
13.0413999557,80.2052078247,36048,36060,12
13.0408401489,80.2051620483,36060,36079,19
13.0408401489,80.2051620483,36079,36090,11
13.040769577,80.2050704956,36090,36100,10
13.0404396057,80.2050476074,36100,36111,11
13.0398597717,80.2049713135,36111,36121,10
13.0392198563,80.2049026489,36121,36130,9
13.0386896133,80.2048034668,36130,36141,11
13.0381803513,80.2046966553,36141,36151,10
13.0381498337,80.2044906616,36151,36161,10
13.0382099152,80.2040634155,36161,36171,10
13.0382900238,80.2034378052,36171,36181,10
13.0383796692,80.2028427124,36181,36191,10
13.0384702682,80.2022628784,36191,36201,10
13.0385398865,80.2017211914,36201,36212,11
13.0386104584,80.2014389038,36212,36222,10
13.0386695862,80.2009429932,36222,36232,10
13.0387401581,80.2004318237,36232,36242,10
13.0388002396,80.1999664307,36242,36252,10
13.0388898849,80.1994476318,36252,36262,10
13.0388898849,80.1992034912,36262,36272,10
13.0389299393,80.1989517212,36272,36282,10
13.0389900208,80.1985702515,36282,36292,10
13.0390901566,80.1980285645,36292,36302,10
13.0391702652,80.1975021362,36302,36313,11
13.0392599106,80.1968688965,36313,36333,20
13.0392599106,80.1968688965,36333,36343,10
13.0393199921,80.1964416504,36343,36353,10
13.0393800735,80.1960906982,36353,36363,10
13.0394802094,80.1955413818,36363,36373,10
13.0395698547,80.1948013306,36373,36383,10
13.0396499634,80.1939620972,36383,36393,10
13.0397701263,80.1932983398,36393,36403,10
13.0397901535,80.1931610107,36403,36413,10
13.0397100449,80.193031311,36413,36423,10
13.0394697189,80.1929779053,36423,36434,11
13.0392398834,80.1929397583,36434,36444,10
13.0387096405,80.1928405762,36444,36464,20
13.0387096405,80.1928405762,36464,36474,10
13.0383901596,80.1927871704,36474,36484,10
13.0379800797,80.1927871704,36484,36494,10
13.0376701355,80.1931228638,36494,36504,10
13.037560463,80.1938323975,36504,36514,10
13.0374698639,80.1946182251,36514,36524,10
13.0373401642,80.1954803467,36524,36535,11
13.0372800827,80.1958694458,36535,36545,10
13.0372800827,80.195892334,36545,36555,10
13.0372400284,80.1961593628,36555,36565,10
13.0371704102,80.1965484619,36565,36575,10
13.0370597839,80.1972198486,36575,36585,10
13.0369796753,80.197769165,36585,36595,10
13.0368995667,80.198348999,36595,36605,10
13.0368700027,80.1986618042,36605,36615,10
13.0368404388,80.1987686157,36615,36625,10
13.0368099213,80.19896698,36625,36635,10
13.036740303,80.1993637085,36635,36645,10
13.0366401672,80.1999969482,36645,36656,11
13.0364904404,80.2007827759,36656,36666,10
13.0364198685,80.2015991211,36666,36686,20
13.0364198685,80.2015991211,36686,36696,10
13.0363998413,80.2018127441,36696,36706,10
13.0363502502,80.2021636963,36706,36716,10
13.0362596512,80.2027816772,36716,36726,10
13.0361404419,80.2034072876,36726,36736,10
13.0361003876,80.2037582397,36736,36746,10
13.0360403061,80.2041778564,36746,36767,21
13.0360403061,80.2041778564,36767,36777,10
13.0360002518,80.2045211792,36777,36787,10
13.0359201431,80.2050018311,36787,36797,10
13.0358200073,80.2056503296,36797,36807,10
13.0357999802,80.2057723999,36807,36817,10
13.035779953,80.2059020996,36817,36827,10
13.0356998444,80.2062911987,36827,36837,10
13.0355997086,80.2069396973,36837,36847,10
13.0354995728,80.2080230713,36847,36878,31
13.0354995728,80.2080230713,36878,36888,10
13.0354003906,80.2084274292,36888,36898,10
13.0354003906,80.2084884644,36898,36908,10
13.0353899002,80.2085571289,36908,36918,10
13.0353403091,80.2089233398,36918,36928,10
13.0352497101,80.2095413208,36928,36938,10
13.0351400375,80.2101593018,36938,36948,10
13.0349998474,80.2105407715,36948,36958,10
13.034910202,80.2109298706,36958,36968,10
13.0347995758,80.2115707397,36968,36979,11
13.0346899033,80.212059021,36979,36989,10
13.0342102051,80.2120513916,36989,36999,10
13.0336799622,80.2119827271,36999,37009,10
13.0330696106,80.2119293213,37009,37019,10
13.0326900482,80.2118988037,37019,37029,10
13.0326795578,80.2118988037,37029,37039,10
13.0326004028,80.2118911743,37039,37049,10
13.0321998596,80.2118301392,37049,37059,10
13.0319099426,80.2116012573,37059,37069,10
13.0319700241,80.2110290527,37069,37079,10
13.0320501328,80.2103805542,37079,37089,10
13.0320997238,80.2098999023,37089,37099,10
13.0320501328,80.2096786499,37099,37109,10
13.0316896439,80.2095565796,37109,37120,11
13.0311498642,80.2093887329,37120,37129,9
13.0304899216,80.2092437744,37129,37149,20
13.0304899216,80.2092437744,37149,37160,11
13.03028965,80.2091598511,37160,37170,10
13.0301198959,80.2094421387,37170,37180,10
13.030090332,80.2095413208,37180,37190,10
13.0300598145,80.2096328735,37190,37201,11
13.0303297043,80.2098312378,37201,37211,10
13.0308103561,80.2099533081,37211,37221,10
13.0310096741,80.2100830078,37221,37231,10
13.0309801102,80.2103271484,37231,37241,10
13.0309400558,80.2107620239,37241,37251,10
13.0309095383,80.2110290527,37251,37261,10
13.0308599472,80.2114334106,37261,37271,10
13.030790329,80.2117996216,37271,37281,10
13.0307102203,80.2123031616,37281,37291,10
13.0306301117,80.212890625,37291,37301,10
13.0305700302,80.213432312,37301,37312,11
13.0305204391,80.2137069702,37312,37322,10
13.0304698944,80.2141036987,37322,37332,10
13.030380249,80.2147369385,37332,37352,20
13.030380249,80.2147369385,37352,37362,10
13.030380249,80.2151184082,37362,37372,10
13.0304002762,80.2156677246,37372,37382,10
13.0304403305,80.2163009644,37382,37392,10
13.0305500031,80.2168426514,37392,37402,10
13.0307397842,80.2168579102,37402,37412,10
13.0307998657,80.2168884277,37412,37423,11
13.0312099457,80.2169113159,37423,37433,10
13.0314798355,80.2169876099,37433,37443,10
13.0315103531,80.2174301147,37443,37453,10
13.0315704346,80.2181091309,37453,37463,10
13.0320596695,80.2183685303,37463,37473,10
13.0322599411,80.2186431885,37473,37483,10
13.0322399139,80.2192001343,37483,37493,10
13.0322399139,80.2197875977,37493,37503,10
13.0322399139,80.2199020386,37503,37513,10
13.0322504044,80.2202377319,37513,37523,10
13.0322399139,80.2202835083,37523,37534,11
13.0322704315,80.2203598022,37534,37544,10
13.0321502686,80.220741272,37544,37554,10
13.0319795609,80.2213592529,37554,37564,10
13.0317001343,80.2219772339,37564,37574,10
13.0315198898,80.2223968506,37574,37584,10
13.0312595367,80.2229537964,37584,37594,10
13.0311803818,80.2235412598,37594,37610,16
13.0311803818,80.2238616943,37610,37622,12
13.0311002731,80.2242736816,37622,37632,10
13.0305995941,80.224281311,37632,37642,10
13.0299100876,80.2242584229,37642,37653,11
13.0292396545,80.2242965698,37653,37660,7
13.0290298462,80.2242279053,37660,37673,13
13.0290298462,80.2242202759,37673,37683,10
13.0289096832,80.2241210938,37683,37693,10
13.0286397934,80.2240600586,37693,37703,10
13.028429985,80.2244186401,37703,37713,10
13.0282802582,80.2252120972,37713,37723,10
13.0280895233,80.2260437012,37723,37733,10
13.027970314,80.2266311646,37733,37743,10
13.0279302597,80.2268295288,37743,37753,10
13.0280599594,80.2269897461,37753,37762,9
13.0284700394,80.2270812988,37762,37774,12
13.0291795731,80.2271881104,37774,37784,10
13.0297603607,80.2273025513,37784,37792,8
13.0301599503,80.2273712158,37792,37804,12
13.0304002762,80.2280578613,37804,37824,20
13.0304002762,80.2280578613,37824,37834,10
13.0303297043,80.228477478,37834,37844,10
13.0303001404,80.229133606,37844,37854,10
13.0305204391,80.2297592163,37854,37865,11
13.0307102203,80.2304229736,37865,37885,20
13.0307102203,80.2304229736,37885,37895,10
13.0307197571,80.2306518555,37895,37905,10
13.0306901932,80.2306976318,37905,37915,10
13.0303297043,80.2307434082,37915,37925,10
13.0299901962,80.2307891846,37925,37935,10
13.0299797058,80.2307891846,37935,37945,10
13.0297203064,80.2308425903,37945,37955,10
13.029250145,80.2308578491,37955,37965,10
13.0285997391,80.2309417725,37965,37975,10
13.0279302597,80.2310028076,37975,37986,11
13.0276699066,80.2311935425,37986,38002,16
13.0277996063,80.2321777344,38002,38024,22
13.0277996063,80.2321777344,38024,38032,8
13.0278100967,80.2323074341,38032,38044,12
13.027879715,80.2326431274,38044,38054,10
13.0278301239,80.2328186035,38054,38064,10
13.0275201797,80.2328720093,38064,38196,132
13.0271997452,80.2328796387,38196,38317,121
13.0271997452,80.2328796387,38317,38327,10
13.0270395279,80.232963562,38327,38337,10
13.0269098282,80.232963562,38337,38347,10
13.026720047,80.233001709,38347,38357,10
13.0264196396,80.232963562,38357,38367,10
13.0262203217,80.2324676514,38367,38377,10
13.026049614,80.2317962646,38377,38387,10
13.025850296,80.2311019897,38387,38397,10
13.0255098343,80.2303009033,38397,38407,10
13.0251197815,80.2297515869,38407,38418,11
13.0250196457,80.2296218872,38418,38428,10
13.0248603821,80.2294387817,38428,38438,10
13.0246601105,80.2291793823,38438,38448,10
13.0243797302,80.228843689,38448,38458,10
13.0238800049,80.2282028198,38458,38478,20
13.0238800049,80.2282028198,38478,38488,10
13.0237998962,80.2281036377,38488,38498,10
13.0235204697,80.2278137207,38498,38508,10
13.023150444,80.2274475098,38508,38518,10
13.0226802826,80.2269973755,38518,38528,10
13.0221004486,80.2264785767,38528,38539,11
13.0213899612,80.2259216309,38539,38549,10
13.0207004547,80.2253875732,38549,38565,16
13.0197896957,80.2248001099,38565,38577,12
13.019780159,80.2248001099,38577,38585,8
13.0197401047,80.2247695923,38585,38597,12
13.0192899704,80.2245788574,38597,38606,9
13.0187101364,80.2245788574,38606,38617,11
13.0177202225,80.2249679565,38617,38627,10
13.0167999268,80.2253417969,38627,38637,10
13.0161104202,80.2256011963,38637,38648,11
13.0153398514,80.2258682251,38648,38658,10
13.0142402649,80.22631073,38658,38678,20
13.0142402649,80.22631073,38678,38688,10
13.0140895844,80.2264022827,38688,38698,10
13.0136203766,80.2265777588,38698,38708,10
13.0129995346,80.2267608643,38708,38718,10
13.0122203827,80.2270889282,38718,38728,10
13.0112800598,80.2274627686,38728,38738,10
13.0102596283,80.2278823853,38738,38748,10
13.0093002319,80.2283401489,38748,38759,11
13.0089797974,80.2293930054,38759,38769,10
13.0087604523,80.2305221558,38769,38779,10
13.0085401535,80.2316818237,38779,38789,10
13.0083398819,80.2328186035,38789,38799,10
13.0082302094,80.2335891724,38799,38809,10
13.0082197189,80.2336425781,38809,38819,10
13.0081501007,80.2338180542,38819,38829,10
13.0080604553,80.2342529297,38829,38839,10
13.0079603195,80.2348175049,38839,38849,10
13.0079298019,80.234992981,38849,38859,10
13.0079298019,80.2350616455,38859,38870,11
13.0078296661,80.2354736328,38870,38880,10
13.0076904297,80.2361602783,38880,38890,10
13.0075101852,80.2370605469,38890,38900,10
13.0073003769,80.2381210327,38900,38910,10
13.0071201324,80.2391433716,38910,38920,10
13.006939888,80.2400131226,38920,38930,10
13.0068597794,80.2406768799,38930,38940,10
13.0068397522,80.2408599854,38940,38950,10
13.0067796707,80.2412490845,38950,38960,10
13.0067796707,80.2419433594,38960,38970,10
13.0067396164,80.2427978516,38970,38981,11
13.0067300797,80.2436981201,38981,38991,10
13.0067300797,80.2439575195,38991,39001,10
13.0067300797,80.2444076538,39001,39011,10
13.0067396164,80.2451400757,39011,39021,10
13.0067396164,80.2459793091,39021,39031,10
13.0067596436,80.2468566895,39031,39041,10
13.0067396164,80.247718811,39041,39051,10
13.0067796707,80.2486801147,39051,39061,10
13.0068798065,80.2495803833,39061,39081,20
13.0068798065,80.2495803833,39081,39092,11
13.0068597794,80.2500610352,39092,39102,10
13.0068502426,80.2506484985,39102,39112,10
13.0068502426,80.2512969971,39112,39182,70
13.0068502426,80.2512969971,39182,39192,10
13.0068702698,80.2514724731,39192,39203,11
13.0067100525,80.2518615723,39203,39213,10
13.0065898895,80.2525024414,39213,39214,1
13.0065803528,80.252571106,39214,39215,1
13.0065803528,80.2526397705,39215,39261,46
13.0066204071,80.2549591064,39261,39271,10
13.0066299438,80.2553024292,39271,39281,10
13.0066404343,80.255897522,39281,39291,10
13.0066404343,80.2566223145,39291,39301,10
13.0067300797,80.2573318481,39301,39312,11
13.0062198639,80.257522583,39312,39322,10
13.005689621,80.2574081421,39322,39332,10
13.0051803589,80.2572631836,39332,39343,11
13.0045204163,80.2571334839,39343,39354,11
13.0037603378,80.256980896,39354,39364,10
13.0031604767,80.2568817139,39364,39374,10
13.0025596619,80.2567596436,39374,39435,61
13.0025596619,80.2567596436,39435,39445,10
13.0023803711,80.2567520142,39445,39455,10
13.0020399094,80.2566833496,39455,39465,10
13.00137043,80.2565994263,39465,39475,10
13.0005998611,80.2564697266,39475,39485,10
12.9999599457,80.2563705444,39485,39495,10
12.9996995926,80.2563018799,39495,39505,10
12.9995498657,80.2562637329,39505,39515,10
12.9990797043,80.2561798096,39515,39525,10
12.9985103607,80.2561035156,39525,39536,11
12.9978599548,80.2560424805,39536,39546,10
12.9977703094,80.2560424805,39546,39556,10
12.9976902008,80.2560577393,39556,39566,10
12.9976701736,80.2561569214,39566,39576,10
12.9977302551,80.2564315796,39576,39586,10
12.9978599548,80.256980896,39586,39657,71
12.9978599548,80.256980896,39657,39667,10
12.9977502823,80.2570571899,39667,39879,212
12.9977502823,80.2570571899,39879,39889,10
12.9975404739,80.256942749,39889,40008,119
12.9975404739,80.256942749,40008,40018,10
12.9974498749,80.2567672729,40018,40139,121
12.9974498749,80.2567672729,40139,40149,10
12.9975404739,80.2565002441,40149,40159,10
12.997590065,80.2561798096,40159,40169,10
12.9975996017,80.2561569214,40169,40179,10
12.9976396561,80.2560424805,40179,40189,10
12.9972801208,80.2559814453,40189,40280,91
12.9972801208,80.2559814453,40280,40290,10
12.997130394,80.2559204102,40290,40300,10
12.9968996048,80.2561798096,40300,40311,11
12.9968595505,80.2567901611,40311,40321,10
12.9968500137,80.257019043,40321,40331,10
12.9968395233,80.2570800781,40331,40341,10
12.9968204498,80.2574462891,40341,40351,10
12.9967403412,80.2580718994,40351,40361,10
12.9966402054,80.2588577271,40361,40371,10
12.9965696335,80.2596206665,40371,40381,10
12.9965000153,80.2603988647,40381,40391,10
12.9963903427,80.2613067627,40391,40401,10
12.9963102341,80.2620620728,40401,40411,10
12.9962596893,80.2623825073,40411,40422,11
12.9962396622,80.2625427246,40422,40432,10
12.9961795807,80.2630462646,40432,40442,10
12.9961500168,80.2636108398,40442,40452,10
12.9960603714,80.2643737793,40452,40462,10
12.9959402084,80.2653121948,40462,40472,10
12.9958200455,80.2664031982,40472,40482,10
12.9957199097,80.2674331665,40482,40491,9
12.9960603714,80.2676773071,40491,40502,11
12.9961500168,80.2677001953,40502,40512,10
12.9964799881,80.2677307129,40512,40522,10
12.9967899323,80.2677230835,40522,40533,11
12.9972200394,80.2676010132,40533,40543,10
12.9977998734,80.2674026489,40543,40553,10
12.9983997345,80.2672119141,40553,40563,10
12.999130249,80.2670593262,40563,40573,10
12.9998197556,80.2668228149,40573,40583,10
13.0000600815,80.2665634155,40583,40593,10
13.0000600815,80.2665481567,40593,40603,10
13.0000696182,80.266456604,40603,40613,10
13.0001401901,80.2660827637,40613,40623,10
13.0002603531,80.2656478882,40623,40633,10
13.0002603531,80.2663269043,40633,40654,21
13.0002603531,80.2663269043,40654,40664,10
13.0002803802,80.2667312622,40664,40674,10
12.9997596741,80.2669372559,40674,40684,10
12.99903965,80.2671432495,40684,40694,10
12.9983196259,80.267326355,40694,40704,10
12.9976997375,80.2675170898,40704,40714,10
12.9972600937,80.2676620483,40714,40724,10
12.9968395233,80.2677764893,40724,40734,10
12.9961004257,80.2677993774,40734,40744,10
12.9956998825,80.2677383423,40744,40755,11
12.9956502914,80.2674179077,40755,40765,10
12.9956502914,80.2674102783,40765,40775,10
12.9956798553,80.2671432495,40775,40785,10
12.995759964,80.2665634155,40785,40795,10
12.9958496094,80.2657775879,40795,40805,10
12.9959497452,80.2648391724,40805,40815,10
12.996049881,80.2638626099,40815,40825,10
12.9961395264,80.2630233765,40825,40835,10
12.9961900711,80.2625274658,40835,40845,10
12.9961996078,80.2624282837,40845,40855,10
12.9962501526,80.262008667,40855,40866,11
12.996339798,80.2613601685,40866,40876,10
12.9964399338,80.2604522705,40876,40886,10
12.9965295792,80.2594833374,40886,40896,10
12.9966201782,80.2587814331,40896,40906,10
12.9967002869,80.2579421997,40906,40916,10
12.9967803955,80.2570877075,40916,40926,10
12.9968204498,80.2563171387,40926,40997,71
12.9968204498,80.2563171387,40997,41007,10
12.9968795776,80.2561035156,41007,41017,10
12.9970397949,80.2558670044,41017,41027,10
12.9975595474,80.2558822632,41027,41037,10
12.998000145,80.2558898926,41037,41046,9
12.9984903336,80.2559814453,41046,41057,11
12.9989595413,80.2560195923,41057,41067,10
12.9992198944,80.256072998,41067,41118,51
12.9992198944,80.256072998,41118,41128,10
12.999420166,80.2561035156,41128,41138,10
12.9999399185,80.2562332153,41138,41148,10
13.0006303787,80.2563705444,41148,41158,10
13.0012798309,80.2564926147,41158,41168,10
13.0016002655,80.2565612793,41168,41178,10
13.0016899109,80.2565917969,41178,41188,10
13.0020599365,80.2566375732,41188,41198,10
13.002530098,80.2567214966,41198,41209,11
13.0029401779,80.2567901611,41209,41219,10
13.0033597946,80.2568588257,41219,41229,10
13.0038900375,80.2569503784,41229,41239,10
13.0044498444,80.2570724487,41239,41255,16
13.0054798126,80.2572479248,41255,41267,12
13.0060796738,80.2573623657,41267,41277,10
13.006529808,80.257270813,41277,41286,9
13.0064601898,80.256980896,41286,41298,12
13.006480217,80.2561798096,41298,41308,10
13.0064697266,80.2553405762,41308,41319,11
13.006480217,80.2545089722,41319,41329,10
13.0064601898,80.2535400391,41329,41339,10
13.0064697266,80.2532119751,41339,41349,10
13.0064897537,80.2530136108,41349,41359,10
13.006480217,80.2525177002,41359,41369,10
13.0066099167,80.2519073486,41369,41379,10
13.0067195892,80.2513198853,41379,41399,20
13.0067596436,80.2497711182,41399,41411,12
13.0067300797,80.2489776611,41411,41421,10
13.0066795349,80.2485809326,41421,41432,11
13.0066299438,80.2481536865,41432,41442,10
13.0066204071,80.2476425171,41442,41452,10
13.0066003799,80.2469711304,41452,41462,10
13.0065603256,80.2464981079,41462,41472,10
13.0066003799,80.2462081909,41472,41482,10
13.0066003799,80.2456283569,41482,41492,10
13.0065898895,80.2448501587,41492,41502,10
13.0065898895,80.2442932129,41502,41512,10
13.0065803528,80.2437591553,41512,41522,10
13.0065402985,80.2432632446,41522,41533,11
13.0065202713,80.242729187,41533,41543,10
13.006529808,80.2419815063,41543,41553,10
13.0065898895,80.2410812378,41553,41562,9
13.0066900253,80.2403717041,41562,41593,31
13.0066900253,80.2403717041,41593,41603,10
13.0067396164,80.2401199341,41603,41613,10
13.006819725,80.2395019531,41613,41623,10
13.0070199966,80.2387084961,41623,41633,10
13.007229805,80.2377624512,41633,41644,11
13.0074100494,80.236656189,41644,41664,20
13.0074100494,80.236656189,41664,41674,10
13.0075302124,80.236328125,41674,41684,10
13.0076599121,80.235748291,41684,41694,10
13.0077800751,80.2351989746,41694,41704,10
13.0077896118,80.2351837158,41704,41714,10
13.0078401566,80.234916687,41714,41724,10
13.0079698563,80.2343673706,41724,41734,10
13.008099556,80.2335891724,41734,41744,10
13.0082798004,80.2325820923,41744,41755,11
13.0085000992,80.2314071655,41755,41765,10
13.0087404251,80.2303237915,41765,41775,10
13.0089502335,80.2292480469,41775,41785,10
13.009180069,80.2282104492,41785,41795,10
13.0095996857,80.2272491455,41795,41805,10
13.0099802017,80.2264404297,41805,41815,10
13.0105400085,80.2252807617,41815,41825,10
13.0108995438,80.2244873047,41825,41835,10
13.0110702515,80.2240905762,41835,41845,10
13.0111999512,80.2236785889,41845,41855,10
13.0114803314,80.2230911255,41855,41865,10
13.0117101669,80.2223129272,41865,41876,11
13.012140274,80.2217330933,41876,41886,10
13.0124502182,80.2217636108,41886,41896,10
13.0128002167,80.2221832275,41896,41906,10
13.0132398605,80.2226409912,41906,41916,10
13.0137901306,80.2231903076,41916,41926,10
13.0141000748,80.2235336304,41926,41936,10
13.0143899918,80.223991394,41936,41946,10
13.014960289,80.2244873047,41946,41956,10
13.0153999329,80.2248687744,41956,41976,20
13.0153999329,80.2248687744,41976,41987,11
13.0155096054,80.2249526978,41987,41997,10
13.0159101486,80.2252578735,41997,42007,10
13.0166797638,80.2252426147,42007,42017,10
13.0176200867,80.224861145,42017,42027,10
13.0185499191,80.2245025635,42027,42037,10
13.0193595886,80.224281311,42037,42057,20
13.0193595886,80.224281311,42057,42067,10
13.019490242,80.2243499756,42067,42077,10
13.0196399689,80.2244491577,42077,42087,10
13.0199203491,80.2246398926,42087,42098,11
13.0203504562,80.2249603271,42098,42108,10
13.0207996368,80.2252807617,42108,42118,10
13.0213003159,80.2257080078,42118,42128,10
13.0217895508,80.2260971069,42128,42138,10
13.0223798752,80.2265777588,42138,42148,10
13.0230798721,80.2272109985,42148,42158,10
13.0237903595,80.2278518677,42158,42168,10
13.0243797302,80.2285385132,42168,42178,10
13.0248804092,80.2292327881,42178,42188,10
13.0254402161,80.2299194336,42188,42198,10
13.0258703232,80.2306671143,42198,42209,11
13.0260000229,80.2311630249,42209,42249,40
13.0260000229,80.2311630249,42249,42259,10
13.0261497498,80.2313766479,42259,42269,10
13.0266599655,80.2312316895,42269,42279,10
13.0273799896,80.2310333252,42279,42289,10
13.0281600952,80.2309188843,42289,42299,10
13.028429985,80.2308807373,42299,42309,10
13.0285196304,80.2308807373,42309,42320,11
13.0288896561,80.2308425903,42320,42330,10
13.0292797089,80.2308120728,42330,42339,9
13.0295295715,80.230796814,42339,42350,11
13.0301799774,80.23072052,42350,42360,10
13.0306901932,80.2306594849,42360,42370,10
13.0306501389,80.2304077148,42370,42380,10
13.0305299759,80.2299423218,42380,42390,10
13.0303297043,80.2294235229,42390,42400,10
13.03028965,80.2288513184,42400,42410,10
13.0303297043,80.2283477783,42410,42420,10
13.0303401947,80.228302002,42420,42431,11
13.0303201675,80.2282485962,42431,42441,10
13.030380249,80.2279205322,42441,42451,10
13.0303897858,80.2276306152,42451,42461,10
13.0300502777,80.2274398804,42461,42471,10
13.0293302536,80.2273483276,42471,42481,10
13.0285396576,80.2272415161,42481,42491,10
13.0280599594,80.2271499634,42491,42501,10
13.0279197693,80.2268829346,42501,42511,10
13.0280599594,80.2262802124,42511,42521,10
13.0282096863,80.2255325317,42521,42531,10
13.0283498764,80.224647522,42531,42542,11
13.0287704468,80.2240371704,42542,42562,20
13.0287704468,80.2240371704,42562,42572,10
13.028960228,80.2240829468,42572,42582,10
13.029299736,80.2242584229,42582,42592,10
13.0299100876,80.2242507935,42592,42602,10
13.0305595398,80.2242584229,42602,42612,10
13.0309801102,80.2242584229,42612,42622,10
13.0311002731,80.2240600586,42622,42639,17
13.0311603546,80.2233200073,42639,42650,11
13.0311899185,80.2232513428,42650,42661,11
13.03125,80.2229385376,42661,42671,10
13.0314598083,80.2225112915,42671,42681,10
13.0316801071,80.2219314575,42681,42691,10
13.031920433,80.221321106,42691,42701,10
13.032119751,80.2206420898,42701,42710,9
13.0321397781,80.2197036743,42710,42731,21
13.0321397781,80.2197036743,42731,42741,10
13.0321702957,80.219619751,42741,42751,10
13.0322303772,80.2194213867,42751,42762,11
13.0321998596,80.2188491821,42762,42772,10
13.0319004059,80.218536377,42772,42781,9
13.0314998627,80.2182617188,42781,42792,11
13.0314598083,80.2175598145,42792,42802,10
13.0313796997,80.2171096802,42802,42812,10
13.0311899185,80.2170181274,42812,42822,10
13.0308303833,80.2169876099,42822,42832,10
13.030500412,80.216758728,42832,42842,10
13.0304698944,80.2166671753,42842,42852,10
13.0304498672,80.2163391113,42852,42862,10
13.0304203033,80.2159118652,42862,42873,11
13.0303697586,80.2151412964,42873,42883,10
13.0303401947,80.2145767212,42883,42893,10
13.0303401947,80.2145385742,42893,42903,10
13.030380249,80.2142791748,42903,42913,10
13.0304498672,80.2138595581,42913,42923,10
13.030500412,80.2136230469,42923,42933,10
13.0305404663,80.2133636475,42933,42943,10
13.0305900574,80.2127914429,42943,42953,10
13.0307197571,80.2121429443,42953,42963,10
13.0307703018,80.211769104,42963,42973,10
13.0307998657,80.2115936279,42973,42984,11
13.0308599472,80.2110824585,42984,43004,20
13.0308599472,80.2110824585,43004,43014,10
13.0309295654,80.2106781006,43014,43024,10
13.0310297012,80.2102432251,43024,43034,10
13.0309200287,80.2100906372,43034,43044,10
13.0306196213,80.2099914551,43044,43054,10
13.0300998688,80.2098236084,43054,43064,10
13.0301303864,80.2092514038,43064,43125,61
13.0301303864,80.2092514038,43125,43135,10
13.0302801132,80.2091064453,43135,43145,10
13.0307197571,80.2092132568,43145,43155,10
13.031419754,80.2093734741,43155,43165,10
13.0316400528,80.2094268799,43165,43175,10
13.0317497253,80.209487915,43175,43185,10
13.0321903229,80.209602356,43185,43195,10
13.0328502655,80.2096862793,43195,43205,10
13.0335903168,80.2098007202,43205,43216,11
13.0345001221,80.2099533081,43216,43226,10
13.0350599289,80.2099380493,43226,43236,10
13.0350999832,80.2098693848,43236,43246,10
13.0351696014,80.2095489502,43246,43256,10
13.0352296829,80.2087936401,43256,43276,20
13.0352296829,80.2087936401,43276,43286,10
13.0352802277,80.2086334229,43286,43296,10
13.0353298187,80.2082138062,43296,43306,10
13.0354299545,80.207572937,43306,43316,10
13.0355396271,80.2068099976,43316,43326,10
13.0355901718,80.2061386108,43326,43337,11
13.0354604721,80.2058868408,43337,43347,10
13.0354299545,80.2057571411,43347,43357,10
13.0354995728,80.2054672241,43357,43367,10
13.035610199,80.2053985596,43367,43377,10
13.0357999802,80.2050704956,43377,43387,10
13.0358600616,80.204536438,43387,43397,10
13.0359296799,80.2041931152,43397,43407,10
13.0360298157,80.2035598755,43407,43417,10
13.0361099243,80.2027587891,43417,43427,10
13.0362596512,80.2019577026,43427,43438,11
13.0362997055,80.2016220093,43438,43448,10
13.0363197327,80.2015075684,43448,43458,10
13.0363998413,80.2011184692,43458,43468,10
13.0365200043,80.2004165649,43468,43478,10
13.0366201401,80.1996231079,43478,43488,10
13.036740303,80.1987228394,43488,43498,10
13.0367803574,80.1984100342,43498,43508,10
13.0368099213,80.1982879639,43508,43518,10
13.0368795395,80.1978530884,43518,43528,10
13.0369796753,80.1971511841,43528,43539,11
13.0370903015,80.1964263916,43539,43549,10
13.0370998383,80.1963424683,43549,43559,10
13.0370998383,80.1961975098,43559,43569,10
13.0371398926,80.1958694458,43569,43579,10
13.037229538,80.1952972412,43579,43589,10
13.0373401642,80.1946029663,43589,43599,10
13.0374403,80.1938400269,43599,43609,10
13.0375404358,80.1931228638,43609,43619,10
13.0377101898,80.1928482056,43619,43629,10
13.0379800797,80.1927871704,43629,43639,10
13.0384397507,80.1928405762,43639,43659,20
13.0384397507,80.1928405762,43659,43670,11
13.0386400223,80.1928710938,43670,43680,10
13.0390100479,80.1929168701,43680,43690,10
13.0392103195,80.1929626465,43690,43700,10
13.0394096375,80.1930007935,43700,43710,10
13.0397701263,80.1930465698,43710,43720,10
13.0402402878,80.1931381226,43720,43730,10
13.0406303406,80.1931915283,43730,43740,10
13.0410003662,80.1932525635,43740,43750,10
13.0415496826,80.1933288574,43750,43760,10
13.0416297913,80.1937484741,43760,43771,11
13.0416402817,80.1938400269,43771,43781,10
13.0416402817,80.1942214966,43781,43791,10
13.0415897369,80.1947174072,43791,43801,10
13.0415096283,80.1953582764,43801,43811,10
13.0414199829,80.1958389282,43811,43821,10
13.041390419,80.1961364746,43821,43831,10
13.0413799286,80.1964797974,43831,43841,10
13.0413503647,80.196647644,43841,43851,10
13.0413303375,80.1968536377,43851,43861,10
13.0412597656,80.1971969604,43861,43871,10
13.0411701202,80.1978378296,43871,43882,11
13.0410404205,80.1985168457,43882,43892,10
13.0409603119,80.1990585327,43892,43902,10
13.0409498215,80.1990966797,43902,43912,10
13.0409297943,80.1994018555,43912,43922,10
13.0408697128,80.1998519897,43922,43932,10
13.0408201218,80.200302124,43932,43942,10
13.0407600403,80.200881958,43942,43952,10
13.0406503677,80.2014770508,43952,43962,10
13.0405797958,80.2017593384,43962,43972,10
13.0405397415,80.2020568848,43972,43982,10
13.0404901505,80.2024383545,43982,43993,11
13.040430069,80.2028503418,43993,44003,10
13.0403404236,80.2033996582,44003,44013,10
13.0402603149,80.2039871216,44013,44023,10
13.0401697159,80.2044830322,44023,44033,10
13.0401601791,80.2049179077,44033,44043,10
13.0406503677,80.2050704956,44043,44053,10
13.0410995483,80.2051696777,44053,44063,10
13.0415401459,80.2052078247,44063,44073,10
13.0421800613,80.2052993774,44073,44083,10
13.0426902771,80.2055282593,44083,44093,10
13.0430402756,80.2061080933,44093,44104,11
13.0435695648,80.2068481445,44104,44114,10
13.0439796448,80.207572937,44114,44124,10
13.0441303253,80.2084579468,44124,44134,10
13.0441598892,80.2090301514,44134,44144,10
13.0441799164,80.2091598511,44144,44160,16
13.0441598892,80.2098770142,44160,44172,12
13.0441904068,80.2108230591,44172,44182,10
13.0442199707,80.2115707397,44182,44192,10
13.0445203781,80.2122192383,44192,44202,10
13.0452299118,80.2122268677,44202,44213,11
13.0461997986,80.2121963501,44213,44223,10
13.0468997955,80.2121582031,44223,44233,10
13.0469398499,80.2121505737,44233,44243,10
13.0470399857,80.2120437622,44243,44253,10
13.0470399857,80.2119369507,44253,44263,10
13.0470304489,80.2117614746,44263,44273,10
13.0470199585,80.2115478516,44273,44283,10
13.0469799042,80.211151123,44283,44293,10
13.0470695496,80.2108306885,44293,44302,9
13.0474500656,80.2108383179,44302,44312,10
13.04804039,80.2108612061,44312,44324,12
13.048789978,80.2108535767,44324,44333,9
13.0494804382,80.2108612061,44333,44344,11
13.0496397018,80.2106704712,44344,44354,10
13.0495500565,80.2101821899,44354,44364,10
13.0494804382,80.2095794678,44364,44374,10
13.0494003296,80.2090682983,44374,44384,10
13.0493402481,80.2087020874,44384,44394,10
13.0491199493,80.2080917358,44394,44404,10
13.0488700867,80.2072677612,44404,44424,20
13.0488700867,80.2072677612,44424,44435,11
13.0488004684,80.207069397,44435,44445,10
13.0488796234,80.2068786621,44445,44455,10
13.0491399765,80.2069091797,44455,44465,10
13.0491800308,80.2071762085,44465,45354,889
13.0491800308,80.2071762085,45354,45364,10
13.049079895,80.2073669434,45364,45374,10
13.0490703583,80.2076034546,45374,45384,10
13.0491800308,80.2079620361,45384,45394,10
13.0493402481,80.208480835,45394,45404,10
13.0494499207,80.2090606689,45404,45414,10
13.049539566,80.2096786499,45414,45424,10
13.049659729,80.2103424072,45424,45435,11
13.0497398376,80.2109527588,45435,45445,10
13.0497903824,80.2112579346,45445,45455,10
13.0498199463,80.2116088867,45455,45465,10
13.0499000549,80.2119369507,45465,45475,10
13.0495300293,80.2122192383,45475,45495,20
13.0495300293,80.2122192383,45495,45505,10
13.0493402481,80.2121734619,45505,45515,10
13.0489301682,80.2121963501,45515,45525,10
13.0483398438,80.2122268677,45525,45535,10
13.0476903915,80.2122879028,45535,45545,10
13.0469198227,80.2123184204,45545,45556,11
13.0459604263,80.212348938,45556,45566,10
13.0453500748,80.2123718262,45566,45576,10
13.0451602936,80.2124099731,45576,45586,10
13.0445604324,80.2124404907,45586,45616,30
13.0445604324,80.2124404907,45616,45626,10
13.0443096161,80.2122879028,45626,45636,10
13.0442495346,80.2117767334,45636,45646,10
13.0442199707,80.2110519409,45646,45657,11
13.0441799164,80.2102890015,45657,45667,10
13.0441598892,80.2097702026,45667,45677,10
13.0441198349,80.2092590332,45677,45687,10
13.0440797806,80.2089233398,45687,45697,10
13.0440702438,80.2088470459,45697,45707,10
13.0440502167,80.2085494995,45707,45717,10
13.0440196991,80.2080230713,45717,45727,10
13.0437803268,80.2073669434,45727,45737,10
13.0434303284,80.206817627,45737,45747,10
13.0430498123,80.2062835693,45747,45757,10
13.0425195694,80.205619812,45757,45768,11
13.0417804718,80.205329895,45768,45778,10
13.0410995483,80.2052307129,45778,45788,10
13.0408096313,80.2051773071,45788,45798,10
13.0406599045,80.2051620483,45798,45808,10
13.0402898788,80.2051010132,45808,45818,10
13.0398702621,80.2050170898,45818,45828,10
13.0392599106,80.2049179077,45828,45838,10
13.038649559,80.2048492432,45838,45848,10
13.0381698608,80.2046966553,45848,45858,10
13.0381698608,80.2044372559,45858,45868,10
13.038189888,80.2039794922,45868,45879,11
13.0382795334,80.2032775879,45879,45889,10
13.0383501053,80.2026977539,45889,45899,10
13.0383996964,80.202293396,45899,45909,10
13.0384597778,80.2017669678,45909,45919,10
13.0385398865,80.2014083862,45919,45929,10
13.0385904312,80.2008972168,45929,45939,10
13.0387096405,80.200302124,45939,45949,10
13.0388202667,80.1996078491,45949,45959,10
13.0388898849,80.1990509033,45959,45969,10
13.0389795303,80.1984710693,45969,45979,10
13.039059639,80.1977615356,45979,45990,11
13.0391101837,80.1971893311,45990,46000,10
13.0391597748,80.1967315674,46000,46010,10
13.0392599106,80.1962890625,46010,46020,10
13.0393400192,80.1958694458,46020,46030,10
13.039440155,80.1952819824,46030,46040,10
13.0395097733,80.1946563721,46040,46050,10
13.0396299362,80.1939468384,46050,46060,10
13.0397195816,80.1933135986,46060,46070,10
13.0397396088,80.1931686401,46070,46080,10
13.0395698547,80.1930389404,46080,46097,17
13.0387001038,80.1928787231,46097,46109,12
13.0386295319,80.1928787231,46109,46119,10
13.0383701324,80.1928405762,46119,46129,10
13.0380897522,80.1928329468,46129,46139,10
13.0376796722,80.1929702759,46139,46149,10
13.0375699997,80.193572998,46149,46159,10
13.0374698639,80.1942825317,46159,46169,10
13.0373601913,80.1949920654,46169,46179,10
13.0372600555,80.1957778931,46179,46189,10
13.0372400284,80.1960296631,46189,46199,10
13.0372400284,80.1960372925,46199,46210,11
13.0371799469,80.1962966919,46210,46220,10
13.0371103287,80.1967391968,46220,46230,10
13.0370101929,80.1974334717,46230,46240,10
13.0369100571,80.1981277466,46240,46250,10
13.0368404388,80.1986618042,46250,46260,10
13.0368499756,80.1987075806,46260,46270,10
13.0367603302,80.1990585327,46270,46280,10
13.0366201401,80.1996383667,46280,46290,10
13.0365495682,80.2004623413,46290,46300,10
13.0364303589,80.2012786865,46300,46310,10
13.0363397598,80.2017288208,46310,46321,11
13.0363302231,80.2017669678,46321,46331,10
13.0362596512,80.2021331787,46331,46341,10
13.0361795425,80.2025985718,46341,46351,10
13.0361003876,80.20337677,46351,46361,10
13.0360097885,80.2041015625,46361,46371,10
13.0359601974,80.2045593262,46371,46381,10
13.0358600616,80.2051773071,46381,46391,10
13.0357704163,80.2058410645,46391,46401,10
13.0357503891,80.2060165405,46401,46411,10
13.0357398987,80.2061920166,46411,46421,10
13.0356798172,80.2065811157,46421,46432,11
13.0355796814,80.2072525024,46432,46442,10
13.035490036,80.2079772949,46442,46452,10
13.0354204178,80.2083969116,46452,46462,10
13.0354003906,80.208442688,46462,46472,10
13.0353603363,80.2086791992,46472,46482,10
13.0352697372,80.2091827393,46482,46492,10
13.0351800919,80.2098770142,46492,46502,10
13.035030365,80.2104187012,46502,46512,10
13.034910202,80.2109375,46512,46522,10
13.0348300934,80.2116394043,46522,46532,10
13.0346097946,80.2121429443,46532,46542,10
13.0340595245,80.2120819092,46542,46553,11
13.0332603455,80.2119827271,46553,46563,10
13.0324497223,80.2119064331,46563,46583,20
13.0324497223,80.2119064331,46583,46593,10
13.0321502686,80.2118530273,46593,46603,10
13.0319099426,80.2116928101,46603,46613,10
13.0319299698,80.2111968994,46613,46623,10
13.031999588,80.2105865479,46623,46633,10
13.0320796967,80.2100296021,46633,46643,10
13.0319099426,80.2096633911,46643,46654,11
13.0313196182,80.2095031738,46654,46664,10
13.0308103561,80.2093505859,46664,46674,10
13.0303401947,80.2092208862,46674,46684,10
13.0300998688,80.2093887329,46684,46694,10
13.0300703049,80.2094726563,46694,46704,10
13.0300502777,80.2095413208,46704,46714,10
13.0300598145,80.2097625732,46714,46724,10
13.0303201675,80.2098388672,46724,46734,10
13.0307302475,80.2099533081,46734,46750,16
13.0309400558,80.2101974487,46750,46762,12
13.0309095383,80.2106399536,46762,46773,11
13.0308599472,80.2110595703,46773,46783,10
13.0308198929,80.2112884521,46783,46793,10
13.0307798386,80.2116394043,46793,46803,10
13.0307197571,80.2118988037,46803,46813,10
13.0306301117,80.2123031616,46813,46823,10
13.0305204391,80.2128601074,46823,46833,10
13.0304498672,80.2133178711,46833,46843,10
13.0304498672,80.2136001587,46843,46853,10
13.030380249,80.2139816284,46853,46863,10
13.0303497314,80.2144775391,46863,46874,11
13.0303401947,80.2146987915,46874,46884,10
13.0303602219,80.2147674561,46884,46894,10
13.0303297043,80.2151031494,46894,46904,10
13.0303201675,80.2155914307,46904,46914,10
13.0304098129,80.2162628174,46914,46924,10
13.0305500031,80.2168121338,46924,46934,10
13.0306596756,80.2168502808,46934,46944,10
13.0308198929,80.2169036865,46944,46954,10
13.031129837,80.2169036865,46954,46964,10
13.0313901901,80.2169876099,46964,46974,10
13.0314598083,80.2174224854,46974,46985,11
13.0314998627,80.2181167603,46985,46995,10
13.0320301056,80.2183837891,46995,47005,10
13.0321903229,80.2187576294,47005,47015,10
13.0321702957,80.219367981,47015,47025,10
13.0321598053,80.2199783325,47025,47035,10
13.0321598053,80.2201690674,47035,47045,10
13.0321598053,80.2203292847,47045,47055,10
13.0320796967,80.220703125,47055,47065,10
13.0319795609,80.2212524414,47065,47075,10
13.0318698883,80.2216033936,47075,47085,10
13.0316295624,80.2220611572,47085,47096,11
13.0312795639,80.2226333618,47096,47106,10
13.031129837,80.2232971191,47106,47116,10
13.031080246,80.2237930298,47116,47126,10
13.031080246,80.2238082886,47126,47136,10
13.0311098099,80.2241668701,47136,47146,10
13.0308904648,80.2242889404,47146,47156,10
13.0303602219,80.2242889404,47156,47166,10
13.0296401978,80.2242584229,47166,47176,10
13.0290899277,80.2242736816,47176,47186,10
13.0290699005,80.2242584229,47186,47196,10
13.0288000107,80.2241134644,47196,47207,11
13.0284700394,80.2241897583,47207,47217,10
13.0283203125,80.2248382568,47217,47227,10
13.0281496048,80.2256011963,47227,47237,10
13.0280199051,80.2262191772,47237,47247,10
13.0279102325,80.2267608643,47247,47257,10
13.027970314,80.2269668579,47257,47267,10
13.028260231,80.2270812988,47267,47277,10
13.0288095474,80.2271499634,47277,47287,10
13.0294704437,80.2272567749,47287,47297,10
13.0300502777,80.2273483276,47297,47307,10
13.0303897858,80.2275772095,47307,47318,11
13.0303602219,80.227722168,47318,47328,10
13.0303297043,80.2279205322,47328,47338,10
13.0302801132,80.2281417847,47338,47348,10
13.0302696228,80.2286376953,47348,47358,10
13.0303001404,80.2292785645,47358,47368,10
13.0305404663,80.2299118042,47368,47378,10
13.0306396484,80.2303085327,47378,47469,91
13.0307302475,80.2306976318,47469,47499,30
13.0307302475,80.2306976318,47499,47509,10
13.0303201675,80.230796814,47509,47519,10
13.0296802521,80.2308578491,47519,47550,31
13.0296802521,80.2308578491,47550,47560,10
13.0295200348,80.2308731079,47560,47570,10
13.0291004181,80.2308883667,47570,47580,10
13.0284500122,80.2309494019,47580,47590,10
13.0277996063,80.2310333252,47590,47600,10
13.0276203156,80.2311325073,47600,47610,10
13.0276603699,80.2316818237,47610,47619,9
13.0277500153,80.2322006226,47619,47630,11
13.0277996063,80.2328186035,47630,47640,10
13.0269804001,80.232963562,47640,47671,31
13.0269804001,80.232963562,47671,47681,10
13.02684021,80.2330093384,47681,47691,10
13.0265798569,80.2330474854,47691,47701,10
13.0263204575,80.2326889038,47701,47711,10
13.0261802673,80.232093811,47711,47721,10
13.026049614,80.2317428589,47721,47731,10
13.0260400772,80.2316436768,47731,47741,10
13.0259895325,80.2314529419,47741,47751,10
13.0258798599,80.2309188843,47751,47762,11
13.0255002975,80.2301712036,47762,47772,10
13.024939537,80.2294616699,47772,47782,10
13.0247001648,80.2291717529,47782,47792,10
13.0247001648,80.2291564941,47792,47802,10
13.024600029,80.2290725708,47802,47812,10
13.0243797302,80.2287597656,47812,47822,10
13.0240297318,80.2283630371,47822,47832,10
13.0238800049,80.2281570435,47832,47842,10
13.0237903595,80.2280578613,47842,47852,10
13.0235595703,80.2278213501,47852,47862,10
13.0233097076,80.2275772095,47862,47873,11
13.0230302811,80.2272262573,47873,47883,10
13.0225696564,80.2268218994,47883,47893,10
13.0219697952,80.22631073,47893,47903,10
13.0213699341,80.2258377075,47903,47913,10
13.0207700729,80.2253875732,47913,47923,10
13.0202503204,80.2250823975,47923,47933,10
13.0201396942,80.2249984741,47933,47943,10
13.0200996399,80.2249526978,47943,47953,10
13.0198097229,80.2247695923,47953,47963,10
13.0192403793,80.2245483398,47963,47973,10
13.0184297562,80.2246704102,47973,47984,11
13.0174503326,80.2250671387,47984,47994,10
13.0166501999,80.225402832,47994,48004,10
13.0161104202,80.2256011963,48004,48014,10
13.0155496597,80.2257614136,48014,48024,10
13.0150098801,80.2259979248,48024,48034,10
13.0146598816,80.2261276245,48034,48044,10
13.0146198273,80.2261428833,48044,48054,10
13.0143098831,80.2262496948,48054,48064,10
13.0137195587,80.2264709473,48064,48074,10
13.0130195618,80.2267379761,48074,48085,11
13.0120897293,80.2271194458,48085,48095,10
13.0111398697,80.2275009155,48095,48105,10
13.010140419,80.2279129028,48105,48115,10
13.0092096329,80.2284011841,48115,48125,10
13.008939743,80.2293395996,48125,48135,10
13.0087299347,80.230430603,48135,48144,9
13.0085401535,80.2314224243,48144,48155,11
13.0083503723,80.2324295044,48155,48165,10
13.0082302094,80.2331771851,48165,48175,10
13.0081596375,80.2336730957,48175,48185,10
13.0081501007,80.2337417603,48185,48195,10
13.0080699921,80.2340164185,48195,48206,11
13.0079698563,80.2345809937,48206,48216,10
13.0078201294,80.2353363037,48216,48226,10
13.0076599121,80.2361526489,48226,48236,10
13.0074796677,80.2369766235,48236,48246,10
13.0073204041,80.2379226685,48246,48256,10
13.0072097778,80.2385482788,48256,48266,10
13.0070800781,80.2391281128,48266,48276,10
13.006939888,80.2399673462,48276,48327,51
13.006939888,80.2399673462,48327,48337,10
13.0069198608,80.2403030396,48337,48347,10
13.0068397522,80.2407531738,48347,48357,10
13.0067796707,80.2412185669,48357,48367,10
13.0067300797,80.2418899536,48367,48377,10
13.0067300797,80.2425537109,48377,48387,10
13.0067195892,80.2430114746,48387,48397,10
13.0066995621,80.2433166504,48397,48407,10
13.0066604614,80.2437133789,48407,48417,10
13.006649971,80.244178772,48417,48428,11
13.0066604614,80.2446517944,48428,48438,10
13.0066699982,80.2449417114,48438,48448,10
13.0066795349,80.2453384399,48448,48458,10
13.0066995621,80.2459411621,48458,48474,16
13.0067300797,80.246673584,48474,48486,12
13.0067195892,80.2470321655,48486,48495,9
13.0066995621,80.2472610474,48495,48506,11
13.0067100525,80.2479705811,48506,48516,10
13.0067501068,80.2487869263,48516,48526,10
13.0068397522,80.249458313,48526,48536,10
13.0068502426,80.2495498657,48536,48547,11
13.0067901611,80.249961853,48547,48557,10
13.006770134,80.250617981,48557,48567,10
13.0067796707,80.2512283325,48567,48577,10
13.0066900253,80.2516784668,48577,48587,10
13.0065402985,80.2523498535,48587,48597,10
13.0065097809,80.2531967163,48597,48607,10
13.006529808,80.2541809082,48607,48616,9
13.0065803528,80.2548904419,48616,48627,11
13.0065803528,80.2552108765,48627,48637,10
13.0065803528,80.2555999756,48637,48648,11
13.0065603256,80.2563400269,48648,48658,10
13.0066604614,80.2571334839,48658,48728,70
13.0066604614,80.2571334839,48728,48738,10
13.0067195892,80.2574005127,48738,48748,10
13.0063400269,80.2574996948,48748,48759,11
13.0057497025,80.2574005127,48759,48769,10
13.0051898956,80.2572479248,48769,48779,10
13.0044803619,80.2571105957,48779,48789,10
13.0037498474,80.2569580078,48789,48799,10
13.003080368,80.2568283081,48799,48809,10
13.0024003983,80.2567214966,48809,48819,10
13.0020399094,80.2566604614,48819,48829,10
13.0019798279,80.256652832,48829,48839,10
13.0016202927,80.2566070557,48839,48849,10
13.0011796951,80.2565536499,48849,48859,10
13.0005702972,80.2564620972,48859,48870,11
12.9999303818,80.256362915,48870,48880,10
12.9995098114,80.2562637329,48880,48890,10
12.9989995956,80.2561569214,48890,48900,10
12.9984798431,80.2560806274,48900,48910,10
12.9976902008,80.2559967041,48910,48930,20
12.9976902008,80.2559967041,48930,48940,10
12.9975595474,80.2559967041,48940,48950,10
12.9971704483,80.2559585571,48950,48981,31
12.9971704483,80.2559585571,48981,48991,10
12.9968996048,80.2561035156,48991,49001,10
12.9968595505,80.2564926147,49001,49011,10
12.9968299866,80.2568969727,49011,49021,10
12.9968299866,80.2569274902,49021,49031,10
12.9968204498,80.2571563721,49031,49041,10
12.9967803955,80.2576217651,49041,49051,10
12.9966802597,80.2582015991,49051,49061,10
12.9966201782,80.2587966919,49061,49071,10
12.9965600967,80.2592773438,49071,49081,10
12.9964799881,80.259803772,49081,49092,11
12.9964103699,80.260597229,49092,49102,10
12.996339798,80.2613983154,49102,49112,10
12.9962797165,80.2618789673,49112,49122,10
12.996219635,80.262260437,49122,49132,10
12.9962100983,80.2623672485,49132,49142,10
12.9961795807,80.2625808716,49142,49152,10
12.9961500168,80.2630081177,49152,49162,10
12.9961204529,80.2635498047,49162,49172,10
12.996049881,80.2642364502,49172,49182,10
12.9959602356,80.2649612427,49182,49192,10
12.9958496094,80.2657928467,49192,49203,11
12.9957199097,80.2667999268,49203,49213,10
12.9957103729,80.2675933838,49213,49223,10
12.9961099625,80.2676773071,49223,49233,10
12.9962100983,80.2676925659,49233,49243,10
12.9965696335,80.2677307129,49243,49253,10
12.997179985,80.2676010132,49253,49263,10
12.9978199005,80.2674331665,49263,49273,10
12.9984903336,80.2672424316,49273,49283,10
12.9991102219,80.2670593262,49283,49293,10
12.999710083,80.2668685913,49293,49303,10
13.0000696182,80.2664413452,49303,49324,21
13.0000696182,80.2664413452,49324,49334,10
13.0001296997,80.2661972046,49334,49344,10
13.0003004074,80.2656784058,49344,49374,30
13.0003004074,80.2656784058,49374,49384,10
13.0003299713,80.2659301758,49384,49425,41
13.0003299713,80.2659301758,49425,49435,10
13.0002803802,80.2662734985,49435,49899,464
13.0003595352,80.2663803101,49899,50111,212
13.0003900528,80.2664489746,50111,50222,111
13.0003995895,80.2663803101,50222,50968,746
13.0003995895,80.2663803101,50968,50979,11
13.0003299713,80.2666778564,50979,50989,10
13.0001401901,80.2668762207,50989,50999,10
12.9997396469,80.2669677734,50999,51009,10
12.9990997314,80.2671203613,51009,51019,10
12.9983997345,80.2673034668,51019,51029,10
12.9977703094,80.2674789429,51029,51039,10
12.9970502853,80.2676925659,51039,51049,10
12.9963102341,80.2677536011,51049,51059,10
12.995759964,80.2677383423,51059,51069,10
12.995639801,80.2674865723,51069,51079,10
12.9956502914,80.2674026489,51079,51090,11
12.9956502914,80.2673187256,51090,51100,10
12.9956998825,80.2669906616,51100,51110,10
12.9957399368,80.2665100098,51110,51120,10
12.9958095551,80.2658691406,51120,51130,10
12.995880127,80.2651977539,51130,51140,10
12.9959802628,80.2644882202,51140,51150,10
12.9960403442,80.2638778687,51150,51160,10
12.9961204529,80.2630233765,51160,51170,10
12.9961500168,80.2626190186,51170,51180,10
12.9961595535,80.262512207,51180,51190,10
12.9961996078,80.2622528076,51190,51201,11
12.9962797165,80.26171875,51201,51211,10
12.9963598251,80.2610321045,51211,51221,10
12.9964399338,80.2602615356,51221,51231,10
12.9964895248,80.2595367432,51231,51241,10
12.9965295792,80.258972168,51241,51251,10
12.9966001511,80.2583465576,51251,51261,10
12.9966497421,80.2576904297,51261,51271,10
12.9967603683,80.2570495605,51271,51281,10
12.9968004227,80.256149292,51281,51342,61
12.9968004227,80.256149292,51342,51352,10
12.9969301224,80.255821228,51352,51362,10
12.9972801208,80.2557678223,51362,51372,10
12.9978199005,80.2558364868,51372,51382,10
12.9987401962,80.2559585571,51382,51433,51
12.9987401962,80.2559585571,51433,51443,10
12.9991598129,80.256072998,51443,51453,10
12.9994401932,80.256111145,51453,51463,10
12.9998703003,80.2562026978,51463,51473,10
13.000579834,80.256401062,51473,51493,20
13.000579834,80.256401062,51493,51503,10
13.0008401871,80.2564468384,51503,51513,10
13.0011901855,80.2565078735,51513,51523,10
13.0015497208,80.2565765381,51523,51534,11
13.0020198822,80.256652832,51534,51544,10
13.002579689,80.2567214966,51544,51554,10
13.0031003952,80.2568283081,51554,51564,10
13.0036096573,80.2569198608,51564,51580,16
13.0044898987,80.2571182251,51580,51592,12
13.0051898956,80.257270813,51592,51602,10
13.0057201385,80.2573623657,51602,51612,10
13.0063695908,80.2574996948,51612,51642,30
13.0063695908,80.2574996948,51642,51653,11
13.0065402985,80.2572784424,51653,51663,10
13.0064601898,80.2567901611,51663,51673,10
13.0064296722,80.2561416626,51673,51683,10
13.0064601898,80.2553787231,51683,51693,10
13.0064897537,80.254699707,51693,51703,10
13.006480217,80.2538986206,51703,51713,10
13.0064897537,80.2532272339,51713,51723,10
13.0064897537,80.2531814575,51723,51733,10
13.0064897537,80.2530899048,51733,51743,10
13.0065002441,80.252571106,51743,51764,21
13.0067195892,80.2510223389,51764,51776,12
13.0067300797,80.2504196167,51776,51786,10
13.0067396164,80.2498321533,51786,51794,8
13.0067100525,80.2491607666,51794,51907,113
13.0067100525,80.2491607666,51907,51917,10
13.0066900253,80.2490081787,51917,51927,10
13.0066604614,80.2487106323,51927,51937,10
13.0066204071,80.2484207153,51937,51947,10
13.0066099167,80.248260498,51947,51957,10
13.0066003799,80.2480316162,51957,51967,10
13.0066099167,80.2478790283,51967,51977,10
13.0066003799,80.2476425171,51977,51998,21
13.0066003799,80.2476425171,51998,52008,10
13.0066099167,80.2473602295,52008,52018,10
13.0066404343,80.2471923828,52018,52028,10
13.0066699982,80.2470626831,52028,52038,10
13.0065698624,80.2464828491,52038,52058,20
13.0065698624,80.2464828491,52058,52068,10
13.0066099167,80.2460708618,52068,52078,10
13.0066003799,80.2453994751,52078,52089,11
13.0065402985,80.2436599731,52089,52099,10
13.0065402985,80.2436599731,52099,52109,10
13.0065202713,80.242767334,52109,52119,10
13.0065002441,80.2417678833,52119,52129,10
13.0065603256,80.241027832,52129,52139,10
13.0066299438,80.240737915,52139,52149,10
13.0067100525,80.2403106689,52149,52159,10
13.0067996979,80.2396392822,52159,52169,10
13.0069799423,80.2387619019,52169,52178,9
13.0071296692,80.238067627,52178,52189,11
13.0072803497,80.2375335693,52189,52199,10
13.0073604584,80.2368774414,52199,52220,21
13.0073604584,80.2368774414,52220,52230,10
13.0074796677,80.2365036011,52230,52240,10
13.0075998306,80.2359695435,52240,52250,10
13.0076999664,80.235458374,52250,52260,10
13.0077199936,80.2352905273,52260,52270,10
13.0078001022,80.234916687,52270,52280,10
13.0079202652,80.2343215942,52280,52290,10
13.0080795288,80.2334823608,52290,52300,10
13.0082702637,80.2324905396,52300,52311,11
13.0085096359,80.2313232422,52311,52321,10
13.0087404251,80.2302398682,52321,52331,10
13.0089597702,80.229133606,52331,52341,10
13.0091695786,80.2282180786,52341,52351,10
13.0095396042,80.2273178101,52351,52361,10
13.0099802017,80.2263793945,52361,52371,10
13.0103998184,80.2255325317,52371,52381,10
13.0105695724,80.2251205444,52381,52391,10
13.0106801987,80.2249526978,52391,52401,10
13.010840416,80.2245864868,52401,52411,10
13.0109596252,80.2242889404,52411,52422,11
13.0111198425,80.2238922119,52422,52442,20
13.0111198425,80.2238922119,52442,52452,10
13.0112304688,80.2235794067,52452,52462,10
13.0112800598,80.2233505249,52462,52472,10
13.0114498138,80.2229995728,52472,52482,10
13.011759758,80.2223434448,52482,52492,10
13.0120801926,80.2215194702,52492,52502,10
13.0123195648,80.2214126587,52502,52512,10
13.0124702454,80.2215881348,52512,52522,10
13.0127601624,80.2220230103,52522,52533,11
13.0132598877,80.2224807739,52533,52543,10
13.0137701035,80.2230911255,52543,52553,10
13.013999939,80.2232666016,52553,52563,10
13.01404953,80.2232971191,52563,52573,10
13.0144500732,80.2238082886,52573,52583,10
13.0149202347,80.2243881226,52583,52593,10
13.0150604248,80.2245178223,52593,52603,10
13.0151700974,80.224647522,52603,52613,10
13.01541996,80.2248687744,52613,52633,20
13.01541996,80.2248687744,52633,52644,11
13.0156602859,80.225112915,52644,52654,10
13.016119957,80.2253112793,52654,52664,10
13.0167798996,80.2251663208,52664,52674,10
13.0174999237,80.2248687744,52674,52684,10
13.0181999207,80.2245788574,52684,52693,9
13.0187702179,80.224357605,52693,52704,11
13.0192298889,80.2242584229,52704,52714,10
13.0192899704,80.2242736816,52714,52724,10
13.0194797516,80.224357605,52724,52734,10
13.0197401047,80.2245178223,52734,52765,31
13.0197401047,80.2245178223,52765,52775,10
13.0200395584,80.2247772217,52775,52785,10
13.0205001831,80.225112915,52785,52795,10
13.0211400986,80.2255706787,52795,52805,10
13.0218095779,80.2260894775,52805,52815,10
13.0225296021,80.2266769409,52815,52825,10
13.0233402252,80.2274017334,52825,52835,10
13.0239601135,80.2279891968,52835,52845,10
13.0243196487,80.2284011841,52845,52855,10
13.0246496201,80.2288589478,52855,52865,10
13.0250902176,80.2294616699,52865,52876,11
13.0256500244,80.23021698,52876,52886,10
13.0259504318,80.2308197021,52886,52896,10
13.0259799957,80.2309112549,52896,52906,10
13.0259799957,80.2311401367,52906,52916,10
13.0261697769,80.2312774658,52916,52926,10
13.0267400742,80.2311325073,52926,52936,10
13.0274801254,80.2309494019,52936,52946,10
13.0283603668,80.2308578491,52946,52966,20
13.0283603668,80.2308578491,52966,52977,11
13.0286102295,80.2308425903,52977,52987,10
13.0289297104,80.2308120728,52987,52997,10
13.029129982,80.2308120728,52997,53007,10
13.0292797089,80.2307815552,53007,53017,10
13.0293998718,80.2307815552,53017,53027,10
13.0294799805,80.2308120728,53027,53037,10
13.0298700333,80.2307815552,53037,53047,10
13.0304698944,80.23072052,53047,53057,10
13.0306396484,80.2305526733,53057,53067,10
13.030579567,80.2302474976,53067,53077,10
13.030380249,80.2296524048,53077,53087,10
13.0302696228,80.2289428711,53087,53104,17
13.0303201675,80.2283172607,53104,53116,12
13.0303497314,80.2280273438,53116,53124,8
13.030380249,80.2276611328,53124,53134,10
13.0300598145,80.2274475098,53134,53146,12
13.0293598175,80.2273330688,53146,53156,10
13.0287399292,80.2272186279,53156,53166,10
13.0286903381,80.2272186279,53166,53176,10
13.0284004211,80.2272033691,53176,53186,10
13.0279598236,80.2270431519,53186,53196,10
13.0279302597,80.2266769409,53196,53207,11
13.0280504227,80.2260131836,53207,53217,10
13.0282201767,80.2252426147,53217,53227,10
13.0284004211,80.2243881226,53227,53237,10
13.0287704468,80.2239990234,53237,53257,20
13.0287704468,80.2239990234,53257,53267,10
13.0288600922,80.2240219116,53267,53277,10
13.0290403366,80.2241973877,53277,53287,10
13.029299736,80.2242584229,53287,53297,10
13.0296401978,80.2242507935,53297,53307,10
13.02987957,80.224281311,53307,53318,11
13.0305404663,80.2242889404,53318,53328,10
13.0310297012,80.2241516113,53328,53338,10
13.0310897827,80.2236709595,53338,53348,10
13.0311603546,80.2232208252,53348,53358,10
13.0311603546,80.223197937,53358,53368,10
13.0312204361,80.2229385376,53368,53378,10
13.0314397812,80.2225036621,53378,53388,10
13.0317296982,80.2218475342,53388,53398,10
13.0319700241,80.2211990356,53398,53408,10
13.0321598053,80.2204589844,53408,53418,10
13.0321598053,80.2201385498,53418,53429,11
13.0321702957,80.2197113037,53429,53439,10
13.0321702957,80.2196807861,53439,53455,16
13.0321998596,80.2193374634,53455,53467,12
13.0321903229,80.2187194824,53467,53477,10
13.0317602158,80.2184524536,53477,53487,10
13.0314903259,80.2180786133,53487,53496,9
13.0314302444,80.2174530029,53496,53507,11
13.0313396454,80.2170028687,53507,53517,10
13.0311002731,80.2170028687,53517,53527,10
13.0306396484,80.2169876099,53527,53538,11
13.0304403305,80.2166595459,53538,53548,10
13.0304298401,80.2166366577,53548,53558,10
13.0304002762,80.2165374756,53558,53567,9
13.030380249,80.2162399292,53567,53578,11
13.0303201675,80.2155380249,53578,53587,9
13.0302696228,80.2149887085,53587,53598,11
13.0303201675,80.2146606445,53598,53608,10
13.0303297043,80.2144927979,53608,53618,10
13.0304098129,80.2140274048,53618,53628,10
13.0304698944,80.213722229,53628,53638,10
13.0305204391,80.2135162354,53638,53649,11
13.030579567,80.2131195068,53649,53659,10
13.0306596756,80.2124328613,53659,53669,10
13.0307502747,80.2117614746,53669,53679,10
13.0307798386,80.2115020752,53679,53689,10
13.0308198929,80.2111282349,53689,53699,10
13.0308504105,80.2109832764,53699,53709,10
13.0309200287,80.2105407715,53709,53719,10
13.0309696198,80.2102432251,53719,53729,10
13.03083992,80.2100982666,53729,53739,10
13.0305595398,80.2100219727,53739,53749,10
13.030090332,80.2098770142,53749,53760,11
13.0301198959,80.2092590332,53760,53830,70
13.0301198959,80.2092590332,53830,53840,10
13.0304498672,80.209022522,53840,53850,10
13.0309801102,80.2091903687,53850,53860,10
13.0315799713,80.2093734741,53860,53871,11
13.0315999985,80.2093811035,53871,53881,10
13.0317296982,80.2094421387,53881,53891,10
13.0321502686,80.2095336914,53891,53901,10
13.0328502655,80.2096481323,53901,53911,10
13.0335597992,80.2097625732,53911,53921,10
13.034330368,80.2098922729,53921,53931,10
13.0350103378,80.2099075317,53931,53941,10
13.0351295471,80.2095108032,53941,53951,10
13.0352497101,80.2085876465,53951,53980,29
13.0352497101,80.2085876465,53980,53990,10
13.0352497101,80.2085037231,53990,54000,10
13.0353298187,80.2080993652,54000,54010,10
13.0354299545,80.2075119019,54010,54020,10
13.0355100632,80.2068710327,54020,54029,9
13.0355796814,80.2063369751,54029,54040,11
13.0354604721,80.2059707642,54040,54050,10
13.035490036,80.2057037354,54050,54060,10
13.0354995728,80.2055282593,54060,54070,10
13.0355195999,80.2054367065,54070,54080,10
13.0356903076,80.2052307129,54080,54091,11
13.0358104706,80.2049636841,54091,54101,10
13.0358695984,80.204536438,54101,54111,10
13.0359802246,80.203918457,54111,54121,10
13.0360803604,80.2031402588,54121,54131,10
13.0361995697,80.2023925781,54131,54141,10
13.0362596512,80.2016830444,54141,54151,10
13.0362596512,80.2015304565,54151,54161,10
13.0362596512,80.2014083862,54161,54171,10
13.0363397598,80.2010574341,54171,54181,10
13.0364599228,80.2004470825,54181,54191,10
13.0365600586,80.1996307373,54191,54202,11
13.036740303,80.1983795166,54202,54222,20
13.036740303,80.1983795166,54222,54232,10
13.0368003845,80.1982116699,54232,54242,10
13.036860466,80.1979064941,54242,54252,10
13.0368995667,80.1975784302,54252,54262,10
13.0369796753,80.197052002,54262,54272,10
13.0370597839,80.196472168,54272,54282,10
13.0370702744,80.1963500977,54282,54292,10
13.0370998383,80.1962127686,54292,54302,10
13.0371704102,80.1958312988,54302,54313,11
13.0372400284,80.1952209473,54313,54323,10
13.0373601913,80.1944503784,54323,54333,10
13.0374898911,80.1935195923,54333,54343,10
13.0376701355,80.192817688,54343,54353,10
13.0378103256,80.192779541,54353,54363,10
13.038020134,80.1927566528,54363,54373,10
13.0388402939,80.1928482056,54373,54393,20
13.0388402939,80.1928482056,54393,54403,10
13.0390396118,80.1929016113,54403,54413,10
13.0394296646,80.1929397583,54413,54424,11
13.0399799347,80.193031311,54424,54434,10
13.0406103134,80.1931381226,54434,54444,10
13.0413198471,80.1932907104,54444,54454,10
13.0417203903,80.1934890747,54454,54464,10
13.0417203903,80.1938934326,54464,54474,10
13.0417299271,80.1939086914,54474,54484,10
13.0417299271,80.1941833496,54484,54494,10
13.041680336,80.1946487427,54494,54504,10
13.041560173,80.1953582764,54504,54514,10
13.0415000916,80.1959686279,54514,54524,10
13.0414104462,80.196472168,54524,54535,11
13.0413799286,80.1966781616,54535,54545,10
13.0413999557,80.1968994141,54545,54555,10
13.0413599014,80.1970291138,54555,54565,10
13.0412902832,80.1974029541,54565,54575,10
13.0412302017,80.1979217529,54575,54585,10
13.0410900116,80.198677063,54585,54595,10
13.0410203934,80.1992492676,54595,54605,10
13.0410203934,80.1993484497,54605,54615,10
13.0409603119,80.1996688843,54615,54625,10
13.0408201218,80.200302124,54625,54635,10
13.0406999588,80.201171875,54635,54646,11
13.0406198502,80.2019195557,54646,54656,10
13.0405702591,80.2022781372,54656,54666,10
13.0404596329,80.202911377,54666,54676,10
13.0403499603,80.2036514282,54676,54686,10
13.0402202606,80.2044219971,54686,54696,10
13.0401802063,80.2049484253,54696,54706,10
13.0405597687,80.2050323486,54706,54716,10
13.0410404205,80.2050933838,54716,54736,20
13.0410404205,80.2050933838,54736,54746,10
13.0414304733,80.2051620483,54746,54756,10
13.0419797897,80.2052307129,54756,54767,11
13.0425701141,80.2053985596,54767,54777,10
13.0428304672,80.2058181763,54777,54787,10
13.0431804657,80.2063217163,54787,54803,16
13.0438604355,80.20728302,54803,54815,12
13.044090271,80.2080993652,54815,54823,8
13.0441598892,80.2089614868,54823,54845,22
13.0441598892,80.2089614868,54845,54855,10
13.0441703796,80.2092971802,54855,54865,10
13.0441598892,80.2098007202,54865,54876,11
13.0441904068,80.2106628418,54876,54886,10
13.0442199707,80.2115707397,54886,54896,10
13.0442495346,80.212097168,54896,54906,10
13.0444202423,80.2122268677,54906,54916,10
13.0448703766,80.2122116089,54916,54927,11
13.0455598831,80.2121963501,54927,54937,10
13.0465202332,80.2121582031,54937,54947,10
13.0470104218,80.212097168,54947,54957,10
13.0470399857,80.2119979858,54957,54967,10
13.0470600128,80.2118530273,54967,54978,11
13.0470600128,80.2118377686,54978,54988,10
13.0470399857,80.2117233276,54988,54998,10
13.0470304489,80.2113571167,54998,55008,10
13.0469903946,80.2108383179,55008,55018,10
13.0473003387,80.2107315063,55018,55028,10
13.0477600098,80.2106781006,55028,55038,10
13.0484304428,80.2107391357,55038,55048,10
13.049079895,80.2107315063,55048,55058,10
13.0495500565,80.2106781006,55058,55068,10
13.0495500565,80.2102127075,55068,55078,10
13.0494403839,80.2094726563,55078,55088,10
13.0493602753,80.2086791992,55088,55099,11
13.0490999222,80.2078094482,55099,55115,16
13.0488195419,80.2070770264,55115,55145,30
13.0488195419,80.2070770264,55145,55157,12
13.0488195419,80.2068862915,55157,55167,10
13.0488595963,80.2068099976,55167,55177,10
13.0490598679,80.20677948,55177,55187,10
13.0492095947,80.2068786621,55187,55551,364
13.0492095947,80.2068786621,55551,55561,10
13.0491895676,80.2072982788,55561,55581,20
13.0491895676,80.2072982788,55581,55591,10
13.0491199493,80.2076034546,55591,55601,10
13.0492200851,80.2080307007,55601,55611,10
13.0494098663,80.2087173462,55611,55621,10
13.049489975,80.2093200684,55621,55631,10
13.0495796204,80.2100219727,55631,55641,10
13.0496101379,80.2106170654,55641,55652,11
13.0496997833,80.2111968994,55652,55662,10
13.049779892,80.2116394043,55662,55672,10
13.0498199463,80.2119979858,55672,55682,10
13.049539566,80.2121505737,55682,55712,30
13.049539566,80.2121505737,55712,55722,10
13.0494298935,80.2121429443,55722,55732,10
13.0493202209,80.2121505737,55732,55742,10
13.0489196777,80.2121582031,55742,55752,10
13.0483102798,80.2121887207,55752,55763,11
13.0475196838,80.2122573853,55763,55774,11
13.0466403961,80.2123031616,55774,55784,10
13.0457201004,80.2123336792,55784,55796,12
13.0448999405,80.212387085,55796,55806,10
13.0445804596,80.2124099731,55806,55816,10
13.0443201065,80.2123794556,55816,55826,10
13.0442199707,80.2120513916,55826,55836,10
13.0441799164,80.2112808228,55836,55846,10
13.0441503525,80.2104873657,55846,55856,10
13.0441198349,80.2096862793,55856,55866,10
13.0440702438,80.2088470459,55866,55897,31
13.0440702438,80.2088470459,55897,55907,10
13.0440797806,80.2086105347,55907,55917,10
13.0440502167,80.2080688477,55917,55927,10
13.0437803268,80.207321167,55927,55937,10
13.0433101654,80.2066268921,55937,55947,10
13.0429201126,80.2060775757,55947,55957,10
13.0424804688,80.2055664063,55957,55967,10
13.0418395996,80.2053375244,55967,55978,11
13.0408401489,80.2052001953,55978,55998,20
13.0408401489,80.2052001953,55998,56008,10
13.0405797958,80.2051467896,56008,56018,10
13.040140152,80.2051010132,56018,56028,10
13.0394201279,80.2050018311,56028,56038,10
13.0386600494,80.2048873901,56038,56048,10
13.0381498337,80.2047424316,56048,56058,10
13.038189888,80.2043228149,56058,56068,10
13.0382795334,80.20362854,56068,56078,10
13.0383501053,80.2030792236,56078,56088,10
13.0384397507,80.2024917603,56088,56099,11
13.0385303497,80.2019500732,56099,56109,10
13.0385904312,80.2015609741,56109,56119,10
13.0386295319,80.2012023926,56119,56129,10
13.0386896133,80.2007217407,56129,56139,10
13.0388002396,80.2001495361,56139,56149,10
13.0389003754,80.1994018555,56149,56159,10
13.0389003754,80.1991882324,56159,56169,10
13.0389404297,80.1988677979,56169,56179,10
13.0390100479,80.1983184814,56179,56189,10
13.0390996933,80.1977233887,56189,56199,10
13.0391702652,80.1971664429,56199,56210,11
13.0392198563,80.1968994141,56210,56220,10
13.0392599106,80.1968612671,56220,56230,10
13.0393104553,80.1964569092,56230,56240,10
13.0393695831,80.1959991455,56240,56250,10
13.0395097733,80.1952590942,56250,56260,10
13.0396003723,80.194442749,56260,56270,10
13.0397596359,80.1932525635,56270,56290,20
13.0397596359,80.1932525635,56290,56307,17
13.0394802094,80.193031311,56307,56319,12
13.0389003754,80.1929397583,56319,56329,10
13.0386800766,80.1929092407,56329,56338,9
13.0386199951,80.1929092407,56338,56349,11
13.0383901596,80.1928482056,56349,56359,10
13.038020134,80.1928710938,56359,56369,10
13.0376596451,80.1932296753,56369,56379,10
13.0375404358,80.193939209,56379,56389,10
13.0373897552,80.19480896,56389,56399,10
13.0372600555,80.1957168579,56399,56409,10
13.0372200012,80.1959609985,56409,56419,10
13.0371904373,80.1960525513,56419,56431,12
13.0371103287,80.1965637207,56431,56441,10
13.0370197296,80.1972579956,56441,56451,10
13.0368995667,80.1980514526,56451,56461,10
13.0368299484,80.198600769,56461,56471,10
13.0368204117,80.1986083984,56471,56481,10
13.036740303,80.1989974976,56481,56491,10
13.0366802216,80.1996688843,56491,56501,10
13.0365695953,80.2004623413,56501,56511,10
13.0364599228,80.2012023926,56511,56521,10
13.0363702774,80.2017593384,56521,56542,21
13.0363702774,80.2017593384,56542,56558,16
13.0362596512,80.2024765015,56558,56571,13
13.0361003876,80.2035064697,56571,56581,10
13.0360202789,80.2041320801,56581,56591,10
13.0359601974,80.2045898438,56591,56601,10
13.0358695984,80.2052536011,56601,56611,10
13.035779953,80.2058334351,56611,56621,10
13.035779953,80.2058563232,56621,56631,10
13.0357398987,80.2060394287,56631,56641,10
13.0356903076,80.2063980103,56641,56652,11
13.0355901718,80.2071228027,56652,56662,10
13.035490036,80.2078704834,56662,56673,11
13.0354204178,80.2084274292,56673,56683,10
13.0354204178,80.208442688,56683,56693,10
13.0353403091,80.2087478638,56693,56703,10
13.0352497101,80.2092895508,56703,56713,10
13.0351600647,80.2099990845,56713,56723,10
13.0350198746,80.2105407715,56723,56733,10
13.0348796844,80.210899353,56733,56743,10
13.0348501205,80.2113723755,56743,56753,10
13.034819603,80.2116088867,56753,56764,11
13.0347700119,80.2118988037,56764,56774,10
13.0346603394,80.212097168,56774,56784,10
13.0342102051,80.2120819092,56784,56794,10
13.0336303711,80.212020874,56794,56804,10
13.0325202942,80.2119369507,56804,56824,20
13.0325202942,80.2119369507,56824,56834,10
13.0323095322,80.2118988037,56834,56844,10
13.031920433,80.211769104,56844,56854,10
13.0319404602,80.2112808228,56854,56864,10
13.0320301056,80.2105865479,56864,56875,11
13.0321102142,80.2099685669,56875,56885,10
13.032119751,80.2098312378,56885,56895,10
13.0320100784,80.2097167969,56895,56905,10
13.0316200256,80.209602356,56905,56915,10
13.0309696198,80.2094421387,56915,56925,10
13.0303001404,80.2092666626,56925,56935,10
13.0301399231,80.2093429565,56935,56945,10
13.030090332,80.2095413208,56945,56955,10
13.0300798416,80.2095413208,56955,56965,10
13.0300197601,80.2097015381,56965,56975,10
13.0303201675,80.2098388672,56975,56986,11
13.0308103561,80.2100067139,56986,56996,10
13.0309495926,80.2101364136,56996,57006,10
13.0309495926,80.2103424072,57006,57016,10
13.0309200287,80.2107162476,57016,57026,10
13.0308799744,80.2109985352,57026,57036,10
13.0308504105,80.2111968994,57036,57046,10
13.0307998657,80.2115783691,57046,57056,10
13.0307397842,80.2118377686,57056,57066,10
13.0306797028,80.2123718262,57066,57076,10
13.0305900574,80.2131118774,57076,57086,10
13.0305299759,80.2135772705,57086,57097,11
13.0304603577,80.2139663696,57097,57107,10
13.0303897858,80.2145004272,57107,57117,10
13.0303602219,80.2147369385,57117,57127,10
13.0303201675,80.2149429321,57127,57137,10
13.0303201675,80.2154922485,57137,57147,10
13.0303897858,80.2161026001,57147,57157,10
13.0304203033,80.2164916992,57157,57167,10
13.0305299759,80.2168731689,57167,57177,10
13.0306301117,80.2168884277,57177,57187,10
13.0308904648,80.2169189453,57187,57197,10
13.0312795639,80.2169189453,57197,57208,11
13.0314598083,80.217300415,57208,57218,10
13.0315198898,80.2180023193,57218,57228,10
13.0320196152,80.2184066772,57228,57238,10
13.0322399139,80.2186508179,57238,57248,10
13.0322303772,80.2191925049,57248,57258,10
13.0322303772,80.2202529907,57258,57278,20
13.0322303772,80.2202529907,57278,57288,10
13.0321702957,80.2206115723,57288,57298,10
13.0320396423,80.221206665,57298,57308,10
13.0318002701,80.2218093872,57308,57319,11
13.0315198898,80.2224502563,57319,57329,10
13.0312795639,80.2229003906,57329,57339,10
13.0311899185,80.2235870361,57339,57349,10
13.0311698914,80.2239303589,57349,57359,10
13.0311698914,80.2240066528,57359,57369,10
13.0310401917,80.2243270874,57369,57379,10
13.0305204391,80.2243423462,57379,57389,10
13.0299501419,80.224319458,57389,57399,10
13.0290603638,80.2242736816,57399,57419,20
13.0290603638,80.2242736816,57419,57430,11
13.0289402008,80.2241973877,57430,57440,10
13.0286998749,80.2240829468,57440,57450,10
13.0284700394,80.2241592407,57450,57460,10
13.0283298492,80.2247390747,57460,57470,10
13.0281295776,80.2256011963,57470,57480,10
13.0279998779,80.2264175415,57480,57490,10
13.0279197693,80.226890564,57490,57500,10
13.0280799866,80.2270431519,57500,57510,10
13.028429985,80.2271194458,57510,57520,10
13.0285396576,80.2271499634,57520,57530,10
13.0287904739,80.2271728516,57530,57541,11
13.0291996002,80.2272415161,57541,57551,10
13.029709816,80.2273330688,57551,57561,10
13.0303602219,80.2274475098,57561,57571,10
13.0304098129,80.2278289795,57571,57581,10
13.0304298401,80.2281570435,57581,57591,10
13.0304298401,80.2281799316,57591,57601,10
13.0303897858,80.2284088135,57601,57611,10
13.0303201675,80.2289505005,57611,57621,10
13.0304002762,80.2294311523,57621,57631,10
13.0305099487,80.2297515869,57631,57642,11
13.0307302475,80.230682373,57642,57682,40
13.0307302475,80.230682373,57682,57692,10
13.0305700302,80.2308197021,57692,57702,10
13.0298500061,80.2308807373,57702,57722,20
13.0298500061,80.2308807373,57722,57732,10
13.0295000076,80.2309036255,57732,57742,10
13.0289497375,80.2309570313,57742,57752,10
13.0282802582,80.2310562134,57752,57763,11
13.0277996063,80.2310714722,57763,57773,10
13.0277099609,80.2313232422,57773,57783,10
13.0277795792,80.231842041,57783,57793,10
13.0278596878,80.2324295044,57793,57803,10
13.0277204514,80.2328567505,57803,57813,10
13.0270595551,80.233001709,57813,57833,20
13.0270595551,80.233001709,57833,57843,10
13.02684021,80.2330169678,57843,57853,10
13.0265598297,80.2330169678,57853,57864,11
13.0262699127,80.2325515747,57864,57874,10
13.0260696411,80.2317810059,57874,57884,10
13.0258102417,80.2308578491,57884,57894,10
13.0250501633,80.2296600342,57894,57914,20
13.0250501633,80.2296600342,57914,57924,10
13.0248003006,80.2293624878,57924,57934,10
13.0245199203,80.2289886475,57934,57944,10
13.024140358,80.2285079956,57944,57954,10
13.024020195,80.2284011841,57954,57964,10
13.024020195,80.2283782959,57964,57974,10
13.0237903595,80.2280578613,57974,57985,11
13.0233201981,80.2276000977,57985,57995,10
13.0230703354,80.2273864746,57995,58005,10
13.0230197906,80.2273406982,58005,58015,10
13.0226802826,80.2270202637,58015,58025,10
13.0221996307,80.2265167236,58025,58035,10
13.0215196609,80.225982666,58035,58045,10
13.0208396912,80.225440979,58045,58055,10
13.0200901031,80.224937439,58055,58065,10
13.0192604065,80.2244873047,58065,58075,10
13.0183496475,80.2246704102,58075,58086,11
13.0173397064,80.2250900269,58086,58096,10
13.0167303085,80.2253494263,58096,58106,10
13.0163898468,80.2254867554,58106,58116,10
13.015999794,80.2256317139,58116,58126,10
13.015370369,80.2258682251,58126,58136,10
13.0146903992,80.2261428833,58136,58146,10
13.0141296387,80.2264099121,58146,58166,20
13.0141296387,80.2264099121,58166,58175,9
13.013879776,80.2265014648,58175,58186,11
13.0133104324,80.2267074585,58186,58196,10
13.0125799179,80.2269821167,58196,58207,11
13.0115804672,80.2273712158,58207,58217,10
13.01060009,80.2277679443,58217,58227,10
13.0096101761,80.2281570435,58227,58237,10
13.0090799332,80.2288970947,58237,58247,10
13.0088500977,80.2300491333,58247,58257,10
13.0086202621,80.2312011719,58257,58267,10
13.0084104538,80.2323379517,58267,58277,10
13.0082998276,80.2332992554,58277,58287,10
13.0082798004,80.2336273193,58287,58297,10
13.0082502365,80.2337036133,58297,58307,10
13.0081701279,80.2339172363,58307,58318,11
13.0080404282,80.2345199585,58318,58328,10
13.0079803467,80.2348403931,58328,58338,10
13.0079498291,80.2350387573,58338,58348,10
13.0078401566,80.2355804443,58348,58358,10
13.0076799393,80.2363891602,58358,58368,10
13.0074796677,80.2373199463,58368,58378,10
13.0073699951,80.2379608154,58378,58388,10
13.0072803497,80.2385025024,58388,58398,10
13.0072002411,80.2389297485,58398,58408,10
13.0070896149,80.2394714355,58408,58418,10
13.0068798065,80.2406005859,58418,58439,21
13.0068798065,80.2406005859,58439,58449,10
13.0068597794,80.2408905029,58449,58459,10
13.0067996979,80.2415008545,58459,58469,10
13.0067796707,80.2423629761,58469,58479,10
13.0067501068,80.2431488037,58479,58489,10
13.0067396164,80.243637085,58489,58499,10
13.0067596436,80.2443237305,58499,58509,10
13.0067396164,80.2450637817,58509,58519,10
13.006770134,80.2460174561,58519,58530,11
13.0067996979,80.2465896606,58530,58540,10
13.0067996979,80.2469177246,58540,58550,10
13.0068101883,80.2473373413,58550,58560,10
13.0067796707,80.2480010986,58560,58570,10
13.006819725,80.2489013672,58570,58580,10
13.0069103241,80.2495880127,58580,58590,10
13.0069103241,80.2496109009,58590,58600,10
13.0069103241,80.2499389648,58600,58610,10
13.0068798065,80.2504196167,58610,58620,10
13.0068998337,80.2509002686,58620,58630,10
13.0068902969,80.2512969971,58630,58641,11
13.0067396164,80.2519302368,58641,58651,10
13.0066099167,80.2526626587,58651,58661,10
13.0066003799,80.2535324097,58661,58671,10
13.0066204071,80.2543487549,58671,58681,10
13.0066604614,80.2546615601,58681,58691,10
13.006649971,80.254737854,58691,58701,10
13.006649971,80.2548599243,58701,58711,10
13.0066404343,80.2550582886,58711,58721,10
13.006649971,80.2555618286,58721,58731,10
13.006649971,80.2562789917,58731,58741,10
13.0066795349,80.2571105957,58741,58812,71
13.0066795349,80.2571105957,58812,58822,10
13.0066795349,80.2571563721,58822,58832,10
13.0066900253,80.2571487427,58832,58842,10
13.0067300797,80.2572402954,58842,58852,10
13.0067396164,80.2574310303,58852,58863,11
13.0062599182,80.2575531006,58863,58873,10
13.0056600571,80.2574234009,58873,58883,10
13.0050697327,80.2572479248,58883,58893,10
13.0043697357,80.2571029663,58893,58903,10
13.0036001205,80.2569580078,58903,58913,10
13.002989769,80.2568283081,58913,58923,10
13.0029001236,80.2568206787,58923,58933,10
13.002699852,80.2567825317,58933,58943,10
13.0022201538,80.2566986084,58943,58953,10
13.0013399124,80.2565765381,58953,59024,71
13.0013399124,80.2565765381,59024,59034,10
13.001250267,80.2565917969,59034,59044,10
13.0008001328,80.2565231323,59044,59054,10
13.0000896454,80.256401062,59054,59064,10
12.9993000031,80.2562637329,59064,59074,10
12.9984998703,80.2561035156,59074,59085,11
12.9977502823,80.2560195923,59085,59095,10
12.997469902,80.2560195923,59095,59104,9
12.9974002838,80.2560119629,59104,59115,11
12.9970197678,80.2559967041,59115,59125,10
12.9968795776,80.2563781738,59125,59135,10
12.9968395233,80.2570037842,59135,59145,10
12.9968395233,80.2570877075,59145,59155,10
12.9968099594,80.2574462891,59155,59165,10
12.9967403412,80.2581176758,59165,59175,10
12.9966697693,80.2588195801,59175,59185,10
12.9966001511,80.2594528198,59185,59196,11
12.9965400696,80.2601165771,59196,59206,10
12.9964599609,80.2608566284,59206,59216,10
12.9963998795,80.2613601685,59216,59226,10
12.9962797165,80.2624206543,59226,59246,20
12.9962797165,80.2624206543,59246,59256,10
12.996219635,80.2627410889,59256,59266,10
12.9961900711,80.2632980347,59266,59276,10
12.9961204529,80.263999939,59276,59286,10
12.9960298538,80.2647705078,59286,59296,10
12.9959096909,80.2657012939,59296,59306,10
12.9958000183,80.2667388916,59306,59317,11
12.9957504272,80.2676010132,59317,59327,10
12.9961004257,80.2677230835,59327,59346,19
12.9961004257,80.2677230835,59346,59357,11
12.9962301254,80.2677612305,59357,59367,10
12.996720314,80.267791748,59367,59377,10
12.997179985,80.2676773071,59377,59387,10
12.9976997375,80.2675018311,59387,59397,10
12.9984798431,80.2672805786,59397,59407,10
12.9993495941,80.2670211792,59407,59418,11
13.0000801086,80.2666320801,59418,59428,10
13.0000896454,80.2665786743,59428,59438,10
13.0001296997,80.2665023804,59438,59448,10
13.0001497269,80.2662734985,59448,59458,10
13.0001897812,80.265838623,59458,59468,10
13.0003595352,80.2657318115,59468,59478,10
13.0003004074,80.2660598755,59478,59488,10
13.0002698898,80.2664031982,59488,60092,604
13.0002698898,80.2664031982,60092,60102,10
13.0003404617,80.2667770386,60102,60112,10
13.000169754,80.2669296265,60112,60122,10
12.9997396469,80.2670211792,60122,60132,10
12.9991397858,80.2671737671,60132,60142,10
12.9984502792,80.2673492432,60142,60152,10
12.9977502823,80.267539978,60152,60162,10
12.997179985,80.2677001953,60162,60172,10
12.9964799881,80.267791748,60172,60182,10
12.9958095551,80.2677612305,60182,60193,11
12.9957199097,80.2677383423,60193,60203,10
12.995639801,80.2677001953,60203,60213,10
12.9956197739,80.2676696777,60213,60223,10
12.9956502914,80.2674179077,60223,60243,20
12.9956502914,80.2674179077,60243,60253,10
12.9956302643,80.2673492432,60253,60263,10
12.9956798553,80.2670593262,60263,60273,10
12.995759964,80.2664794922,60273,60283,10
12.9958496094,80.2657394409,60283,60293,10
12.9959201813,80.265083313,60293,60304,11
12.9960403442,80.2642211914,60304,60314,10
12.9961204529,80.2635574341,60314,60324,10
12.9961204529,80.2631912231,60324,60334,10
12.9961299896,80.2630691528,60334,60344,10
12.9961795807,80.2627105713,60344,60354,10
12.9961795807,80.2626571655,60354,60364,10
12.9961996078,80.2625579834,60364,60374,10
12.9962396622,80.26222229,60374,60384,10
12.9963197708,80.261680603,60384,60394,10
12.9963903427,80.2609710693,60394,60404,10
12.9964704514,80.2602996826,60404,60415,11
12.9964799881,80.2600631714,60415,60425,10
12.996509552,80.2594985962,60425,60435,10
12.9965801239,80.2589492798,60435,60445,10
12.9966602325,80.2582473755,60445,60455,10
12.996720314,80.2575378418,60455,60465,10
12.9968004227,80.256690979,60465,60526,61
12.9968004227,80.256690979,60526,60536,10
12.9967699051,80.256477356,60536,60546,10
12.9968299866,80.256072998,60546,60647,101
12.9968299866,80.256072998,60647,60657,10
12.9968996048,80.2559661865,60657,60667,10
12.9971199036,80.2558517456,60667,60677,10
12.9976902008,80.2558898926,60677,60687,10
12.9983701706,80.2559814453,60687,60697,10
12.9988002777,80.2560195923,60697,60717,20
12.9988002777,80.2560195923,60717,60727,10
12.9990701675,80.2560577393,60727,60748,21
12.9990701675,80.2560577393,60748,60758,10
12.9992198944,80.2561035156,60758,60767,9
12.99958992,80.2561798096,60767,60778,11
13.0001497269,80.2563018799,60778,60788,10
13.0007295609,80.2564086914,60788,60809,21
13.0007295609,80.2564086914,60809,60819,10
13.0008497238,80.2564697266,60819,60829,10
13.0011997223,80.2565307617,60829,60839,10
13.0014801025,80.2565765381,60839,60850,11
13.001950264,80.256652832,60850,60860,10
13.0025396347,80.256729126,60860,60870,10
13.0031204224,80.2568511963,60870,60880,10
13.0037498474,80.2569732666,60880,60890,10
13.0044002533,80.2570800781,60890,60900,10
13.0050401688,80.2571868896,60900,60910,10
13.0058803558,80.2573623657,60910,60971,61
13.0058803558,80.2573623657,60971,60981,10
13.0063400269,80.2574691772,60981,60991,10
13.006529808,80.257232666,60991,61001,10
13.0064897537,80.2567825317,61001,61011,10
13.0065002441,80.2561569214,61011,61021,10
13.0065002441,80.2553634644,61021,61031,10
13.0065202713,80.2545471191,61031,61041,10
13.0065002441,80.2532272339,61041,61061,20
13.0065002441,80.2532272339,61061,61071,10
13.0065002441,80.2529983521,61071,61082,11
13.0065202713,80.2524795532,61082,61092,10
13.0065898895,80.2520675659,61092,61160,68
13.0065898895,80.2520675659,61160,61170,10
13.0066604614,80.2517166138,61170,61180,10
13.0066900253,80.2513809204,61180,61191,11
13.0066995621,80.2513122559,61191,61201,10
13.0067195892,80.251159668,61201,61210,9
13.0067300797,80.250831604,61210,61221,11
13.0067396164,80.2501831055,61221,61231,10
13.0067501068,80.2497634888,61231,61241,10
13.0067501068,80.2496414185,61241,61251,10
13.0067396164,80.2493972778,61251,61261,10
13.0067396164,80.2492523193,61261,61534,273
13.0067396164,80.2492523193,61534,61544,10
13.0066995621,80.2489471436,61544,61554,10
13.0066795349,80.2486190796,61554,61564,10
13.0066699982,80.2484588623,61564,61574,10
13.0066404343,80.2481994629,61574,61584,10
13.0066404343,80.247756958,61584,61594,10
13.0066404343,80.2472381592,61594,61604,10
13.0065898895,80.2467422485,61604,61614,10
13.0065803528,80.2465591431,61614,61625,11
13.0065803528,80.2465133667,61625,61635,10
13.0066003799,80.2462921143,61635,61645,10
13.0066003799,80.2460327148,61645,61655,10
13.0066099167,80.24584198,61655,61665,10
13.0066099167,80.2456283569,61665,61675,10
13.0066204071,80.2454681396,61675,61685,10
13.0066099167,80.2452926636,61685,61695,10
13.0065803528,80.2449798584,61695,61705,10
13.0066003799,80.2447128296,61705,61715,10
13.0066204071,80.2444534302,61715,61725,10
13.0066099167,80.2441101074,61725,61735,10
13.0065803528,80.243637085,61735,61746,11
13.0065698624,80.2432022095,61746,61756,10
13.0065603256,80.242729187,61756,61766,10
13.0065603256,80.2415390015,61766,61806,40
13.0065603256,80.2415390015,61806,61816,10
13.0065803528,80.2412185669,61816,61826,10
13.0066099167,80.2409591675,61826,61836,10
13.0066900253,80.2404327393,61836,61846,10
13.0068502426,80.2396774292,61846,61863,17
13.007109642,80.2382736206,61863,61875,12
13.0072498322,80.2376174927,61875,61885,10
13.007349968,80.237197876,61885,61905,20
13.007349968,80.237197876,61905,61915,10
13.0073604584,80.2370605469,61915,61925,10
13.0073699951,80.236907959,61925,61935,10
13.007399559,80.2367706299,61935,61945,10
13.0074300766,80.2366333008,61945,61955,10
13.007519722,80.236328125,61955,61966,11
13.0076303482,80.235786438,61966,61976,10
13.0077600479,80.2351531982,61976,61986,10
13.0079097748,80.2343826294,61986,61996,10
13.0080499649,80.2337112427,61996,62005,9
13.0082597733,80.2326507568,62005,62016,11
13.0084695816,80.2315597534,62016,62026,10
13.0086603165,80.2305908203,62026,62036,10
13.0088396072,80.2296295166,62036,62046,10
13.0090103149,80.2287902832,62046,62056,10
13.0092601776,80.2279205322,62056,62066,10
13.0096702576,80.2270126343,62066,62077,11
13.0101604462,80.226020813,62077,62087,10
13.0105199814,80.2253189087,62087,62097,10
13.0108499527,80.2245635986,62097,62107,10
13.0111703873,80.2238235474,62107,62117,10
13.0111999512,80.2236633301,62117,62127,10
13.0112895966,80.2233963013,62127,62137,10
13.0115299225,80.2229003906,62137,62147,10
13.0118198395,80.2220916748,62147,62157,10
13.012169838,80.2213821411,62157,62167,10
13.0123500824,80.2214736938,62167,62177,10
13.0126104355,80.2218170166,62177,62188,11
13.0131397247,80.2224502563,62188,62198,10
13.0136995316,80.2230911255,62198,62208,10
13.0140399933,80.2233581543,62208,62218,10
13.0141801834,80.2234802246,62218,62228,10
13.0144195557,80.2237701416,62228,62238,10
13.0148601532,80.2242965698,62238,62248,10
13.0151395798,80.2246017456,62248,62264,16
13.0151395798,80.224609375,62264,62276,12
13.0152797699,80.2247924805,62276,62284,8
13.0156097412,80.2250289917,62284,62306,22
13.0156097412,80.2250289917,62306,62317,11
13.0157604218,80.2251968384,62317,62327,10
13.0160303116,80.2253417969,62327,62337,10
13.0165395737,80.2253265381,62337,62346,9
13.0171403885,80.2250823975,62346,62357,11
13.0179595947,80.2247390747,62357,62368,11
13.0187501907,80.2244186401,62368,62378,10
13.0192203522,80.2242889404,62378,62409,31
13.0192203522,80.2242889404,62409,62419,10
13.0194501877,80.2243270874,62419,62429,10
13.0195102692,80.2243728638,62429,62439,10
13.0197095871,80.2244720459,62439,62449,10
13.0200796127,80.2247467041,62449,62459,10
13.0205898285,80.2251205444,62459,62469,10
13.0211200714,80.2255325317,62469,62479,10
13.0217399597,80.226020813,62479,62489,10
13.0222997665,80.2264862061,62489,62499,10
13.0228204727,80.2269592285,62499,62509,10
13.0234298706,80.2275085449,62509,62520,11
13.0240497589,80.2281265259,62520,62530,10
13.0242595673,80.2283630371,62530,62540,10
13.0244197845,80.2285690308,62540,62550,10
13.0245304108,80.2287597656,62550,62560,10
13.0246496201,80.2289199829,62560,62570,10
13.0248603821,80.2292327881,62570,62586,16
13.02546978,80.2300109863,62586,62598,12
13.0257997513,80.2305221558,62598,62607,9
13.0259304047,80.2307662964,62607,62618,11
13.0260000229,80.23097229,62618,62629,11
13.0260601044,80.2313079834,62629,62639,10
13.0262002945,80.231338501,62639,62649,10
13.0266199112,80.2312393188,62649,62659,10
13.0272798538,80.2310562134,62659,62669,10
13.0278701782,80.2309570313,62669,62679,10
13.0284004211,80.2309112549,62679,62689,10
13.0285196304,80.2309112549,62689,62699,10
13.0285797119,80.2308807373,62699,62709,10
13.0289297104,80.2308731079,62709,62740,31
13.0289297104,80.2308731079,62740,62749,9
13.0290899277,80.2307891846,62749,62760,11
13.0294103622,80.230796814,62760,62770,10
13.0297803879,80.2307662964,62770,62780,10
13.0303001404,80.2307281494,62780,62790,10
13.0305595398,80.23072052,62790,62800,10
13.030670166,80.2306900024,62800,62810,10
13.0306997299,80.2305221558,62810,62820,10
13.0306196213,80.2301712036,62820,62830,10
13.030380249,80.2295532227,62830,62840,10
13.0303001404,80.2289581299,62840,62851,11
13.0303401947,80.2282409668,62851,62871,20
13.0303401947,80.2282409668,62871,62881,10
13.030380249,80.2279205322,62881,62891,10
13.0304002762,80.2275619507,62891,62901,10
13.0299797058,80.2274398804,62901,62910,9
13.0294103622,80.2273406982,62910,62921,11
13.0286998749,80.2272109985,62921,62931,10
13.0282697678,80.227142334,62931,62941,10
13.0279903412,80.2270507813,62941,62951,10
13.0279102325,80.2267227173,62951,62962,11
13.027970314,80.2264175415,62962,62972,10
13.0279998779,80.2262573242,62972,62982,10
13.0281000137,80.2257766724,62982,62992,10
13.0282497406,80.2249984741,62992,63002,10
13.0284004211,80.2242126465,63002,63012,10
13.0287504196,80.2240371704,63012,63028,16
13.0288600922,80.224067688,63028,63040,12
13.0289802551,80.2241287231,63040,63048,8
13.0291404724,80.2242584229,63048,63060,12
13.0296297073,80.2242889404,63060,63071,11
13.0302000046,80.2243118286,63071,63081,10
13.0308599472,80.224319458,63081,63090,9
13.031129837,80.2240905762,63090,63101,11
13.0311603546,80.2235031128,63101,63111,10
13.0311899185,80.2231674194,63111,63121,10
13.0312004089,80.2231216431,63121,63131,10
13.0312404633,80.2229232788,63131,63141,10
13.0313997269,80.2225570679,63141,63151,10
13.0316495895,80.2220230103,63151,63161,10
13.0319404602,80.2213973999,63161,63171,10
13.0321102142,80.2206726074,63171,63182,11
13.0321502686,80.2200393677,63182,63192,10
13.0321598053,80.2197723389,63192,63214,22
13.0321798325,80.2195892334,63214,63226,12
13.0321798325,80.2191619873,63226,63236,10
13.032119751,80.2185592651,63236,63246,10
13.0316200256,80.2184371948,63246,63256,10
13.0314598083,80.2178268433,63256,63266,10
13.0313901901,80.2171783447,63266,63276,10
13.03125,80.2170181274,63276,63286,10
13.0309495926,80.2169799805,63286,63297,11
13.0304403305,80.2165679932,63297,63327,30
13.0304403305,80.2165679932,63327,63337,10
13.0304203033,80.2162322998,63337,63347,10
13.0303897858,80.2157897949,63347,63357,10
13.0303697586,80.2152328491,63357,63367,10
13.0303697586,80.2144699097,63367,63387,20
13.0303697586,80.2144699097,63387,63397,10
13.0304203033,80.214302063,63397,63408,11
13.0304603577,80.2138824463,63408,63418,10
13.030500412,80.2136383057,63418,63427,9
13.0305500031,80.2134933472,63427,63438,11
13.0306196213,80.2130432129,63438,63448,10
13.0306997299,80.2123718262,63448,63458,10
13.030790329,80.2117614746,63458,63468,10
13.0308103561,80.2115325928,63468,63478,10
13.0308599472,80.2111587524,63478,63488,10
13.0308904648,80.2109680176,63488,63497,9
13.0309495926,80.2106170654,63497,63507,10
13.0310001373,80.2102432251,63507,63519,12
13.0309495926,80.2100830078,63519,63529,10
13.0307998657,80.2100067139,63529,63539,10
13.0304403305,80.2098999023,63539,63549,10
13.0300397873,80.2097167969,63549,63559,10
13.0301303864,80.2092819214,63559,63630,71
13.0301303864,80.2092819214,63630,63640,10
13.0302801132,80.2090682983,63640,63650,10
13.0306901932,80.2091369629,63650,63660,10
13.0314397812,80.2092819214,63660,63690,30
13.0314397812,80.2092819214,63690,63700,10
13.0315103531,80.2092971802,63700,63710,10
13.0318803787,80.2093963623,63710,63720,10
13.0325403214,80.2095565796,63720,63730,10
13.0334701538,80.2097625732,63730,63741,11
13.0345697403,80.2099533081,63741,63751,10
13.0350599289,80.2099533081,63751,63761,10
13.0351295471,80.2098770142,63761,63771,10
13.0351800919,80.2095718384,63771,63781,10
13.0352296829,80.2090988159,63781,63791,10
13.0352697372,80.208732605,63791,63811,20
13.0352697372,80.208732605,63811,63821,10
13.0352602005,80.2086715698,63821,63831,10
13.0353002548,80.2083129883,63831,63841,10
13.0353803635,80.2077484131,63841,63858,17
13.0355596542,80.2065811157,63858,63870,12
13.0355195999,80.2060089111,63870,63880,10
13.0355195999,80.2054290771,63880,63900,20
13.0355195999,80.2054290771,63900,63910,10
13.0356302261,80.2052307129,63910,63920,10
13.0357904434,80.2050933838,63920,63930,10
13.0358600616,80.2046585083,63930,63940,10
13.0359201431,80.2041931152,63940,63950,10
13.0360097885,80.2037200928,63950,63961,11
13.0360803604,80.2031478882,63961,63971,10
13.0361700058,80.2024230957,63971,63981,10
13.0362596512,80.2015228271,63981,64001,20
13.0362596512,80.2015228271,64001,64011,10
13.0362901688,80.2014007568,64011,64021,10
13.0363502502,80.2010574341,64021,64031,10
13.0364704132,80.2004165649,64031,64041,10
13.0365600586,80.1997375488,64041,64051,10
13.036740303,80.198348999,64051,64072,21
13.036740303,80.198348999,64072,64082,10
13.0368003845,80.1982116699,64082,64092,10
13.036860466,80.1977615356,64092,64102,10
13.0369701385,80.1971282959,64102,64112,10
13.0370597839,80.1965103149,64112,64122,10
13.0370597839,80.1964263916,64122,64132,10
13.0370998383,80.1962814331,64132,64142,10
13.0371599197,80.1958312988,64142,64152,10
13.0372495651,80.1951980591,64152,64162,10
13.0373697281,80.1943817139,64162,64173,11
13.0375003815,80.193397522,64173,64183,10
13.0376796722,80.1928100586,64183,64193,10
13.0379695892,80.1927566528,64193,64203,10
13.038359642,80.1928100586,64203,64213,10
13.0387802124,80.1928787231,64213,64243,30
13.0387802124,80.1928787231,64243,64253,10
13.0390996933,80.1929397583,64253,64263,10
13.0394096375,80.1930236816,64263,64273,10
13.0397396088,80.1930389404,64273,64284,11
13.0400400162,80.1930770874,64284,64294,10
13.0406599045,80.1931762695,64294,64304,10
13.0413599014,80.1932983398,64304,64314,10
13.0417804718,80.1935119629,64314,64324,10
13.0417699814,80.193901062,64324,64334,10
13.0417699814,80.193939209,64334,64344,10
13.0417604446,80.194152832,64344,64354,10
13.0417404175,80.1943588257,64354,64364,10
13.041680336,80.1948013306,64364,64374,10
13.0416002274,80.1954421997,64374,64384,10
13.0415000916,80.1960067749,64384,64395,11
13.0414400101,80.1965637207,64395,64405,10
13.0414199829,80.196762085,64405,64415,10
13.0413999557,80.1968765259,64415,64425,10
13.0413303375,80.1972503662,64425,64435,10
13.0412502289,80.1978683472,64435,64445,10
13.0411596298,80.1985168457,64445,64455,10
13.0410804749,80.1991424561,64455,64465,10
13.0410499573,80.1992874146,64465,64475,10
13.0410003662,80.1995925903,64475,64485,10
13.0409202576,80.2002029419,64485,64495,10
13.0408000946,80.2010421753,64495,64506,11
13.0406703949,80.2018966675,64506,64516,10
13.0406198502,80.2022781372,64516,64526,10
13.0405197144,80.2028579712,64526,64536,10
13.0403995514,80.2036209106,64536,64546,10
13.0403003693,80.2043228149,64546,64556,10
13.0402603149,80.2046279907,64556,64566,10
13.0402297974,80.2048034668,64566,64576,10
13.0402803421,80.2050476074,64576,64586,10
13.040599823,80.2051010132,64586,64596,10
13.0411195755,80.2051696777,64596,64606,10
13.0412197113,80.2051773071,64606,64617,11
13.0413398743,80.2052078247,64617,64627,10
13.0417098999,80.2052612305,64627,64637,10
13.042309761,80.2053604126,64637,64647,10
13.042719841,80.2056121826,64647,64657,10
13.0430603027,80.206161499,64657,64667,10
13.0435199738,80.2068023682,64667,64677,10
13.0439596176,80.2074508667,64677,64687,10
13.0441503525,80.2082138062,64687,64697,10
13.0441999435,80.2091293335,64697,64717,20
13.0441999435,80.2091293335,64717,64728,11
13.0441999435,80.2094802856,64728,64738,10
13.0442199707,80.2100372314,64738,64748,10
13.0442495346,80.2107620239,64748,64758,10
13.0442895889,80.2115936279,64758,64768,10
13.0444002151,80.2122497559,64768,64778,10
13.0447597504,80.2122573853,64778,64788,10
13.0453796387,80.2122497559,64788,64798,10
13.0461902618,80.2122268677,64798,64808,10
13.0470695496,80.2121429443,64808,64849,41
13.0470695496,80.2121429443,64849,64859,10
13.0470600128,80.2114715576,64859,64869,10
13.0470199585,80.2109069824,64869,64879,10
13.0474395752,80.2108230591,64879,64889,10
13.0479803085,80.2108230591,64889,64899,10
13.0484399796,80.2108383179,64899,64909,10
13.0489997864,80.2108383179,64909,64919,10
13.0493803024,80.2108383179,64919,64929,10
13.0495195389,80.2108535767,64929,64939,10
13.049659729,80.2108078003,64939,64950,11
13.0496101379,80.210357666,64950,64960,10
13.0495004654,80.2097625732,64960,64970,10
13.0494804382,80.2093200684,64970,64980,10
13.0494804382,80.2090377808,64980,64990,10
13.0494403839,80.2088394165,64990,65000,10
13.0493097305,80.2083587646,65000,65010,10
13.049079895,80.2077484131,65010,65020,10
13.0488595963,80.2072296143,65020,65040,20
13.0488595963,80.2072296143,65040,65050,10
13.0488195419,80.206993103,65050,65061,11
13.0490398407,80.2068862915,65061,65071,10
13.0492401123,80.2070770264,65071,65333,262
13.049249649,80.2072372437,65333,65464,131
13.049249649,80.2072372437,65464,65474,10
13.0492401123,80.2074127197,65474,65505,31
13.0492401123,80.2074127197,65505,65515,10
13.0491399765,80.2074966431,65515,65525,10
13.0491800308,80.2077178955,65525,65535,10
13.0492897034,80.2081069946,65535,65545,10
13.0494298935,80.2087020874,65545,65555,10
13.049539566,80.2092514038,65555,65565,10
13.049659729,80.2099533081,65565,65575,10
13.0497398376,80.2107009888,65575,65585,10
13.0497903824,80.211151123,65585,65595,10
13.0498199463,80.2115097046,65595,65616,21
13.0498199463,80.2115097046,65616,65626,10
13.0498399734,80.2117004395,65626,65636,10
13.0498504639,80.2117385864,65636,65646,10
13.0498895645,80.2119674683,65646,65656,10
13.0498800278,80.2121734619,65656,65666,10
13.0494699478,80.2122497559,65666,65686,20
13.0494699478,80.2122497559,65686,65696,10
13.0492696762,80.2122268677,65696,65706,10
13.0488500595,80.2122268677,65706,65717,11
13.0480804443,80.2122879028,65717,65727,10
13.0472698212,80.2123718262,65727,65737,10
13.0464200974,80.212387085,65737,65747,10
13.0455799103,80.2124176025,65747,65757,10
13.044839859,80.2124633789,65757,65825,68
13.044839859,80.2124633789,65825,65836,11
13.0445804596,80.2124404907,65836,65846,10
13.0443096161,80.2123031616,65846,65856,10
13.0442399979,80.2117767334,65856,65866,10
13.0441999435,80.211151123,65866,65876,10
13.0441799164,80.2105636597,65876,65886,10
13.0441598892,80.2101516724,65886,65896,10
13.0441503525,80.2100982666,65896,65906,10
13.0441303253,80.2099761963,65906,65916,10
13.0441198349,80.2097015381,65916,65926,10
13.0440797806,80.2092208862,65926,65937,11
13.0440702438,80.2089996338,65937,65947,10
13.0440702438,80.2088394165,65947,65957,10
13.0440702438,80.2082901001,65957,65967,10
13.0438995361,80.207572937,65967,65977,10
13.0435400009,80.2069396973,65977,65987,10
13.0431604385,80.2063980103,65987,65997,10
13.0427598953,80.2058563232,65997,66007,10
13.0422000885,80.2054595947,66007,66017,10
13.0415000916,80.2053222656,66017,66027,10
13.0409202576,80.2052307129,66027,66037,10
13.0408496857,80.2052307129,66037,66048,11
13.0406398773,80.2052001953,66048,66058,10
13.0401802063,80.2051086426,66058,66068,10
13.0397195816,80.2050476074,66068,66078,10
13.0391197205,80.2049407959,66078,66088,10
13.038479805,80.2048568726,66088,66097,9
13.0382204056,80.2048187256,66097,66108,11
13.0381498337,80.2045822144,66108,66118,10
13.0382404327,80.2040100098,66118,66128,10
13.0383396149,80.2032165527,66128,66138,10
13.0384597778,80.2025604248,66138,66148,10
13.0385303497,80.2020263672,66148,66159,11
13.0385503769,80.201789856,66159,66169,10
13.038599968,80.2014770508,66169,66179,10
13.0387096405,80.2008972168,66179,66189,10
13.0387897491,80.2002792358,66189,66199,10
13.038860321,80.19972229,66199,66209,10
13.0389204025,80.1992263794,66209,66219,10
13.0389404297,80.1990890503,66219,66229,10
13.0390195847,80.1985626221,66229,66239,10
13.0391302109,80.1978302002,66239,66249,10
13.0392599106,80.1969223022,66249,66270,21
13.0392599106,80.1969223022,66270,66280,10
13.039270401,80.1966705322,66280,66290,10
13.0393199921,80.1963729858,66290,66300,10
13.0393896103,80.1958236694,66300,66310,10
13.0395097733,80.1950836182,66310,66320,10
13.0395698547,80.1944885254,66320,66330,10
13.0396900177,80.1938476563,66330,66340,10
13.0397596359,80.1932830811,66340,66350,10
13.0397701263,80.1932067871,66350,66360,10
13.0396699905,80.1930999756,66360,66377,17
13.0388803482,80.1929397583,66377,66389,12
13.0386295319,80.1929016113,66389,66399,10
13.0384998322,80.1928787231,66399,66409,10
13.037899971,80.1928863525,66409,66419,10
13.0376300812,80.1933364868,66419,66429,10
13.0375099182,80.1942596436,66429,66437,8
13.0374202728,80.1949386597,66437,66449,12
13.0373001099,80.1958236694,66449,66459,10
13.0372800827,80.1960525513,66459,66469,10
13.0372400284,80.1962203979,66469,66479,10
13.0371799469,80.1966705322,66479,66490,11
13.0370597839,80.1973876953,66490,66500,10
13.0369796753,80.1980285645,66500,66520,20
13.0368700027,80.1987609863,66520,66530,10
13.0368299484,80.1990585327,66530,66539,9
13.036740303,80.199546814,66539,66550,11
13.0366096497,80.2004165649,66550,66560,10
13.0364999771,80.201210022,66560,66570,10
13.0364398956,80.2015991211,66570,66580,10
13.0364303589,80.2017364502,66580,66590,10
13.0363998413,80.2018814087,66590,66601,11
13.0363302231,80.2023162842,66601,66611,10
13.0362300873,80.2030487061,66611,66621,10
13.0361204147,80.2037582397,66621,66631,10
13.0360603333,80.2043685913,66631,66641,10
13.0359802246,80.2048492432,66641,66651,10
13.0358800888,80.2054977417,66651,66661,10
13.0358295441,80.2059173584,66661,66671,10
13.0358295441,80.2059326172,66671,66681,10
13.0357599258,80.2063598633,66681,66691,10
13.03565979,80.2070083618,66691,66701,10
13.0355501175,80.2078323364,66701,66712,11
13.0355396271,80.2081222534,66712,66722,10
13.0354995728,80.2083587646,66722,66732,10
13.0354700089,80.2084503174,66732,66742,10
13.0354099274,80.2087173462,66742,66752,10
13.035320282,80.2092819214,66752,66762,10
13.0352401733,80.2098999023,66762,66772,10
13.0351600647,80.2104187012,66772,66782,10
13.0350503922,80.2105865479,66782,66792,10
13.0349597931,80.2109222412,66792,66802,10
13.0348796844,80.2114181519,66802,66812,10
13.0347700119,80.2121124268,66812,66823,11
13.034330368,80.2121734619,66823,66833,10
13.0338401794,80.2121124268,66833,66843,10
13.0332403183,80.2120437622,66843,66853,10
13.032699585,80.2119979858,66853,66893,40
13.032699585,80.2119979858,66893,66903,10
13.0324802399,80.2119598389,66903,66913,10
13.0321998596,80.2119293213,66913,66924,11
13.0318803787,80.211769104,66924,66934,10
13.031920433,80.2113037109,66934,66944,10
13.0319795609,80.2106781006,66944,66954,10
13.0320901871,80.2099990845,66954,66964,10
13.0319700241,80.2097473145,66964,66974,10
13.0315303802,80.2096099854,66974,66984,10
13.0309200287,80.2094421387,66984,66994,10
13.0305700302,80.2093429565,66994,67004,10
13.0302200317,80.2092437744,67004,67014,10
13.0300998688,80.2095413208,67014,67035,21
13.0300998688,80.2095413208,67035,67045,10
13.0300798416,80.2096481323,67045,67055,10
13.0300502777,80.2098312378,67055,67065,10
13.0301799774,80.2098999023,67065,67075,10
13.0306301117,80.2099990845,67075,67085,10
13.030960083,80.2101211548,67085,67095,10
13.0309896469,80.2103805542,67095,67105,10
13.0309400558,80.2108306885,67105,67115,10
13.0308904648,80.2112121582,67115,67125,10
13.0308504105,80.2115478516,67125,67135,10
13.0308198929,80.2118225098,67135,67146,11
13.0307798386,80.2120819092,67146,67156,10
13.0307502747,80.2123031616,67156,67166,10
13.0306501389,80.2129364014,67166,67176,10
13.0305700302,80.2134933472,67176,67186,10
13.0305404663,80.2137908936,67186,67196,10
13.0304698944,80.2141418457,67196,67206,10
13.0304098129,80.2145614624,67206,67216,10
13.030380249,80.21484375,67216,67226,10
13.0303697586,80.2152099609,67226,67236,10
13.0304098129,80.2158508301,67236,67246,10
13.0304498672,80.2166213989,67246,67257,11
13.0306596756,80.2169876099,67257,67267,10
13.030670166,80.2169799805,67267,67277,10
13.0310401917,80.217010498,67277,67287,10
13.0313196182,80.217010498,67287,67297,10
13.0314998627,80.2172317505,67297,67307,10
13.031539917,80.2178115845,67307,67317,10
13.0317497253,80.2184371948,67317,67327,10
13.0321702957,80.2185211182,67327,67337,10
13.0322504044,80.2189865112,67337,67347,10
13.0322599411,80.219619751,67347,67357,10
13.0322799683,80.2200088501,67357,67368,11
13.0322799683,80.2200775146,67368,67378,10
13.0322799683,80.2202529907,67378,67388,10
13.0322799683,80.2202606201,67388,67398,10
13.0322599411,80.2204437256,67398,67408,10
13.0321798325,80.2207489014,67408,67418,10
13.0320596695,80.2212600708,67418,67428,10
13.0318403244,80.221862793,67428,67438,10
13.0316095352,80.2223129272,67438,67448,10
13.0313997269,80.2226867676,67448,67464,16
13.0312004089,80.2235794067,67464,67476,12
13.0311899185,80.2237930298,67476,67487,11
13.0311899185,80.2239685059,67487,67497,10
13.0311403275,80.2243728638,67497,67506,9
13.0308704376,80.2243804932,67506,67517,11
13.0305204391,80.2243881226,67517,67526,9
13.0302696228,80.2243881226,67526,67537,11
13.0296401978,80.2243728638,67537,67547,10
13.0290403366,80.2242889404,67547,67567,20
13.0290403366,80.2242889404,67567,67577,10
13.0287303925,80.2241592407,67577,67588,11
13.0284500122,80.2243881226,67588,67598,10
13.0282897949,80.225112915,67598,67608,10
13.0281095505,80.2259902954,67608,67618,10
13.0279798508,80.2266387939,67618,67628,10
13.0279598236,80.2269821167,67628,67638,10
13.028169632,80.227142334,67638,67648,10
13.0286397934,80.2272186279,67648,67658,10
13.0292100906,80.2273178101,67658,67668,10
13.0298404694,80.2274169922,67668,67678,10
13.0303096771,80.2275085449,67678,67688,10
13.0304002762,80.2275390625,67688,67699,11
13.0304403305,80.2277832031,67699,67709,10
13.0303897858,80.2280578613,67709,67729,20
13.0303897858,80.2280578613,67729,67739,10
13.0303602219,80.2283630371,67739,67749,10
13.0303401947,80.2287826538,67749,67759,10
13.0303201675,80.2293395996,67759,67769,10
13.0305204391,80.2298431396,67769,67779,10
13.0306997299,80.2304077148,67779,67850,71
13.0306997299,80.2304077148,67850,67860,10
13.0307197571,80.2306594849,67860,67870,10
13.0307197571,80.2306900024,67870,67880,10
13.0306196213,80.2308425903,67880,67890,10
13.0304803848,80.2308425903,67890,67900,10
13.0301103592,80.2308807373,67900,67921,21
13.0301103592,80.2308807373,67921,67931,10
13.0297803879,80.2309417725,67931,67961,30
13.0297803879,80.2309417725,67961,67971,10
13.0292196274,80.2309494019,67971,67981,10
13.0286102295,80.231010437,67981,67991,10
13.0279502869,80.2310714722,67991,68001,10
13.0276699066,80.2312011719,68001,68011,10
13.0277204514,80.2316665649,68011,68021,10
13.0277996063,80.2322692871,68021,68032,11
13.027879715,80.2327880859,68032,68042,10
13.0275096893,80.2329177856,68042,68052,10
13.0271501541,80.233001709,68052,68092,40
13.0271501541,80.233001709,68092,68102,10
13.0269298553,80.233039856,68102,68112,10
13.0267400742,80.2330780029,68112,68122,10
13.0264196396,80.2330322266,68122,68132,10
13.0262298584,80.2324981689,68132,68143,11
13.0261096954,80.2320098877,68143,68153,10
13.0260095596,80.2316589355,68153,68163,10
13.0258903503,80.2311172485,68163,68173,10
13.0256299973,80.23046875,68173,68183,10
13.025179863,80.2298431396,68183,68192,9
13.0248603821,80.2294616699,68192,68203,11
13.0248098373,80.2294235229,68203,68212,9
13.0247297287,80.2293395996,68212,68223,11
13.0245199203,80.2290496826,68223,68233,10
13.0241003036,80.2285308838,68233,68274,41
13.0241003036,80.2285308838,68274,68284,10
13.023900032,80.2282485962,68284,68294,10
13.0237102509,80.2280273438,68294,68304,10
13.0236101151,80.2279205322,68304,68314,10
13.0233602524,80.2276611328,68314,68324,10
13.0230503082,80.2273635864,68324,68334,10
13.0225496292,80.2269134521,68334,68344,10
13.0219202042,80.2263793945,68344,68354,10
13.0212497711,80.2258377075,68354,68365,11
13.020529747,80.2253112793,68365,68375,10
13.0201797485,80.2250976563,68375,68385,10
13.0198802948,80.2248916626,68385,68395,10
13.0192804337,80.2245864868,68395,68405,10
13.0184803009,80.2247085571,68405,68421,16
13.0170698166,80.2252807617,68421,68433,12
13.0164003372,80.2255630493,68433,68441,8
13.0160198212,80.225692749,68441,68453,12
13.0152997971,80.2259521484,68453,68463,10
13.0147199631,80.2261276245,68463,68474,11
13.0142698288,80.2263031006,68474,68484,10
13.0140800476,80.2264404297,68484,68494,10
13.0140695572,80.2264404297,68494,68504,10
13.013759613,80.2265396118,68504,68514,10
13.013299942,80.2267074585,68514,68524,10
13.0125398636,80.2269973755,68524,68534,10
13.0117197037,80.2273330688,68534,68544,10
13.010840416,80.2276763916,68544,68554,10
13.0099601746,80.2280273438,68554,68564,10
13.0092496872,80.2284164429,68564,68574,10
13.0090703964,80.2290420532,68574,68585,11
13.0088996887,80.2299194336,68585,68595,10
13.0087404251,80.2308273315,68595,68605,10
13.0085802078,80.2316665649,68605,68615,10
13.0084495544,80.2323684692,68615,68625,10
13.0083503723,80.2328796387,68625,68635,10
13.0082902908,80.2333297729,68635,68654,19
13.0082902908,80.2333297729,68654,68664,10
13.0082397461,80.2336196899,68664,68675,11
13.0082101822,80.2337722778,68675,68685,10
13.0081396103,80.2339706421,68685,68696,11
13.0080404282,80.2344284058,68696,68706,10
13.0079402924,80.2350311279,68706,68716,10
13.0078001022,80.2357177734,68716,68726,10
13.0076599121,80.2364120483,68726,68736,10
13.0075502396,80.2369689941,68736,68746,10
13.0074901581,80.2372894287,68746,68756,10
13.007399559,80.237701416,68756,68766,10
13.0073099136,80.2382125854,68766,68776,10
13.0071897507,80.238899231,68776,68786,10
13.0070199966,80.2397384644,68786,68796,10
13.0068798065,80.2406997681,68796,68817,21
13.0068798065,80.2406997681,68817,68827,10
13.0067901611,80.2409591675,68827,68837,10
13.0067195892,80.2418823242,68837,68907,70
13.0067195892,80.2418823242,68907,68918,11
13.0066995621,80.2420806885,68918,68928,10
13.0066995621,80.2423171997,68928,68937,9
13.0067195892,80.2426071167,68937,68948,11
13.0066795349,80.2431488037,68948,68958,10
13.0066795349,80.2438278198,68958,68968,10
13.0066995621,80.2446136475,68968,68978,10
13.0067100525,80.2452392578,68978,68988,10
13.0067195892,80.2456893921,68988,68998,10
13.0067396164,80.2463607788,68998,69008,10
13.0067501068,80.2466964722,69008,69019,11
13.0067596436,80.2472305298,69019,69029,10
13.0067396164,80.2477874756,69029,69039,10
13.0067596436,80.2484970093,69039,69049,10
13.0067996979,80.2490615845,69049,69059,10
13.0067901611,80.2491226196,69059,69069,10
13.0067996979,80.2495193481,69069,69079,10
13.0068302155,80.2502365112,69079,69089,10
13.0068597794,80.2510604858,69089,69119,30
13.0068597794,80.2510604858,69119,69130,11
13.0068502426,80.2512588501,69130,69140,10
13.0067996979,80.2515182495,69140,69150,10
13.0067195892,80.2519302368,69150,69160,10
13.0065803528,80.2525482178,69160,69170,10
13.0065603256,80.2533111572,69170,69180,10
13.0065603256,80.2541503906,69180,69190,10
13.0066204071,80.2547607422,69190,69200,10
13.0066204071,80.2548294067,69200,69210,10
13.0066003799,80.2550582886,69210,69220,10
13.0065898895,80.2555999756,69220,69230,10
13.0065803528,80.2563400269,69230,69241,11
13.0066099167,80.2570800781,69241,69251,10
13.0066204071,80.2574996948,69251,69261,10
13.0063400269,80.2576293945,69261,69271,10
13.0058898926,80.2575073242,69271,69281,10
13.0052900314,80.2573776245,69281,69291,10
13.0046195984,80.257232666,69291,69301,10
13.0038499832,80.2570571899,69301,69321,20
13.0037002563,80.2570571899,69321,69351,30
13.0037002563,80.2570571899,69351,69362,11
13.0035600662,80.2570266724,69362,69372,10
13.0034399033,80.2570037842,69372,69388,16
13.0029096603,80.2568817139,69388,69400,12
13.0020399094,80.2567214966,69400,69450,50
13.0020399094,80.2567214966,69450,69460,10
13.0017595291,80.256729126,69460,69471,11
13.0011997223,80.256652832,69471,69481,10
13.0005998611,80.2565612793,69481,69491,10
13.0003204346,80.2565231323,69491,69501,10
13.0003004074,80.2565231323,69501,69511,10
13.0000495911,80.2564620972,69511,69521,10
12.9995603561,80.256362915,69521,69530,9
12.9991998672,80.2562637329,69530,69542,12
12.9985599518,80.256149292,69542,69552,10
12.9980401993,80.256111145,69552,69561,9
12.9979600906,80.2561035156,69561,69573,12
12.9979095459,80.2560882568,69573,69583,10
12.9975404739,80.2560501099,69583,69593,10
12.9969797134,80.2560195923,69593,69603,10
12.9968996048,80.2562179565,69603,69613,10
12.9968500137,80.2566070557,69613,69623,10
12.9968299866,80.2570266724,69623,69633,10
12.9968299866,80.2570419312,69633,69643,10
12.9968204498,80.257232666,69643,69653,10
12.9967699051,80.2577362061,69653,69663,10
12.9966897964,80.2583007813,69663,69673,10
12.9966402054,80.2587280273,69673,69684,11
12.9965600967,80.2593002319,69684,69694,10
12.996509552,80.2596206665,69694,69703,9
12.9964704514,80.2601089478,69703,69714,11
12.9964199066,80.2606201172,69714,69724,10
12.9963703156,80.261138916,69724,69734,10
12.9963502884,80.2614822388,69734,69744,10
12.9963302612,80.2618026733,69744,69754,10
12.9962396622,80.2623901367,69754,69774,20
12.9962396622,80.2623901367,69774,69784,10
12.9961996078,80.2626037598,69784,69795,11
12.9961500168,80.2631072998,69795,69805,10
12.9960899353,80.2637405396,69805,69815,10
12.9960298538,80.2644424438,69815,69825,10
12.9959497452,80.2650985718,69825,69835,10
12.9958600998,80.2659225464,69835,69845,10
12.995759964,80.2668533325,69845,69855,10
12.9956998825,80.2676010132,69855,69865,10
12.9960403442,80.2677612305,69865,69875,10
12.9960603714,80.2677612305,69875,69885,10
12.9963197708,80.2677993774,69885,69895,10
12.9968395233,80.2677764893,69895,69906,11
12.9975595474,80.2675933838,69906,69916,10
12.9981298447,80.2674179077,69916,69926,10
12.9986896515,80.2672729492,69926,69936,10
12.9993495941,80.2670593262,69936,69946,10
13.0000095367,80.2667617798,69946,69956,10
13.0000600815,80.2666015625,69956,69966,10
13.0000896454,80.2665405273,69966,69976,10
13.0001296997,80.2661972046,69976,69986,10
13.0002002716,80.2657623291,69986,69996,10
13.0003404617,80.2658920288,69996,70006,10
13.0002498627,80.266456604,70006,70168,162
13.0002498627,80.266456604,70168,70178,10
13.0003404617,80.2666320801,70178,70188,10
13.0003595352,80.2667694092,70188,70198,10
13.0002498627,80.2669067383,70198,70208,10
12.9999704361,80.266998291,70208,70218,10
12.9994297028,80.2671279907,70218,70228,10
12.9987802505,80.2672805786,70228,70239,11
12.9981803894,80.2674407959,70239,70249,10
12.9976797104,80.267578125,70249,70259,10
12.9971199036,80.2677230835,70259,70269,10
12.9964199066,80.2678375244,70269,70279,10
12.996049881,80.2677993774,70279,70289,10
12.9959001541,80.2677993774,70289,70299,10
12.9956798553,80.2677612305,70299,70309,10
12.9956197739,80.2675170898,70309,70340,31
12.9956197739,80.2675170898,70340,70350,10
12.9956502914,80.2671737671,70350,70360,10
12.9956798553,80.2666931152,70360,70370,10
12.9957399368,80.2659988403,70370,70380,10
12.9958000183,80.2653198242,70380,70390,10
12.9959001541,80.2646636963,70390,70400,10
12.9959802628,80.2640075684,70400,70410,10
12.9960603714,80.263381958,70410,70420,10
12.9961099625,80.2627410889,70420,70440,20
12.9961099625,80.2627410889,70440,70451,11
12.9961700439,80.2623825073,70451,70461,10
12.996219635,80.261932373,70461,70471,10
12.9962902069,80.2613220215,70471,70481,10
12.9963598251,80.2607803345,70481,70491,10
12.9963998795,80.2603225708,70491,70501,10
12.996430397,80.2600326538,70501,70511,10
12.9964799881,80.2594833374,70511,70521,10
12.9965600967,80.2588806152,70521,70531,10
12.9965896606,80.2581787109,70531,70541,10
12.9966602325,80.2575683594,70541,70551,10
12.9967098236,80.2573165894,70551,70562,11
12.9967403412,80.2570037842,70562,70572,10
12.9967803955,80.2566223145,70572,70622,50
12.9967803955,80.2566223145,70622,70632,10
12.9968204498,80.256401062,70632,70642,10
12.9968795776,80.2559967041,70642,70652,10
12.9971704483,80.255897522,70652,70662,10
12.9977197647,80.2559509277,70662,70673,11
12.9987401962,80.2560577393,70673,70703,30
12.9987401962,80.2560577393,70703,70713,10
12.9989299774,80.256111145,70713,70723,10
12.9990997314,80.2561187744,70723,70743,20
12.9990997314,80.2561187744,70743,70753,10
12.999329567,80.2561569214,70753,70763,10
12.9997301102,80.2562637329,70763,70773,10
13.0001602173,80.256362915,70773,70784,11
13.0005302429,80.256439209,70784,70794,10
13.0009202957,80.2565002441,70794,70804,10
13.0013599396,80.2565689087,70804,70814,10
13.0019102097,80.2566680908,70814,70824,10
13.0024204254,80.2567520142,70824,70834,10
13.0029401779,80.2568511963,70834,70844,10
13.0033197403,80.2569198608,70844,70854,10
13.0038499832,80.2570266724,70854,70864,10
13.0044603348,80.2571411133,70864,70874,10
13.0050296783,80.2572402954,70874,70883,9
13.0057001114,80.2573928833,70883,70895,12
13.006360054,80.2574996948,70895,70915,20
13.006360054,80.2574996948,70915,70925,10
13.006480217,80.2573318481,70925,70935,10
13.0064496994,80.2568588257,70935,70945,10
13.0064601898,80.2561264038,70945,70955,10
13.0064697266,80.2554397583,70955,70965,10
13.0064697266,80.2548980713,70965,70975,10
13.0064401627,80.2541885376,70975,70985,10
13.0064496994,80.2534866333,70985,70995,10
13.0064496994,80.253288269,70995,71006,11
13.0064296722,80.2531509399,71006,71016,10
13.0064601898,80.2526702881,71016,71026,10
13.0065698624,80.2518997192,71026,71117,91
13.0065698624,80.2518997192,71117,71127,10
13.0066299438,80.2518310547,71127,71137,10
13.0066995621,80.2514419556,71137,71147,10
13.0066995621,80.2508010864,71147,71157,10
13.0066900253,80.2499389648,71157,71167,10
13.0066604614,80.2489624023,71167,71177,10
13.0065803528,80.2482070923,71177,71187,10
13.0065603256,80.2478103638,71187,71207,20
13.0065603256,80.2478103638,71207,71218,11
13.0065698624,80.2476882935,71218,71228,10
13.0065803528,80.2473220825,71228,71238,10
13.0065202713,80.2465667725,71238,71258,20
13.0065202713,80.2465667725,71258,71268,10
13.0065498352,80.2463531494,71268,71318,50
13.0065498352,80.2463531494,71318,71329,11
13.006529808,80.2459335327,71329,71339,10
13.006529808,80.245880127,71339,71349,10
13.0065402985,80.2457809448,71349,71359,10
13.0065498352,80.2456588745,71359,71369,10
13.0065498352,80.2454910278,71369,71379,10
13.0065498352,80.2453536987,71379,71389,10
13.0065498352,80.2451171875,71389,71399,10
13.0065402985,80.244972229,71399,71409,10
13.006529808,80.244682312,71409,71419,10
13.0065498352,80.2445526123,71419,71429,10
13.0065698624,80.2442703247,71429,71440,11
13.0065603256,80.2437210083,71440,71450,10
13.0065202713,80.2431793213,71450,71460,10
13.006529808,80.242401123,71460,71470,10
13.0065498352,80.2415084839,71470,71480,10
13.0066003799,80.240737915,71480,71520,40
13.0066003799,80.240737915,71520,71530,10
13.0066204071,80.2405776978,71530,71540,10
13.0066604614,80.2404174805,71540,71551,11
13.0067396164,80.2401123047,71551,71561,10
13.0068702698,80.2395019531,71561,71571,10
13.0070104599,80.2387008667,71571,71581,10
13.0071401596,80.2380065918,71581,71591,10
13.0073204041,80.2370376587,71591,71611,20
13.0073204041,80.2370376587,71611,71621,10
13.0073795319,80.2367782593,71621,71631,10
13.0075101852,80.2363204956,71631,71641,10
13.0076398849,80.2356185913,71641,71651,10
13.0077896118,80.2348175049,71651,71662,11
13.0080003738,80.2338409424,71662,71672,10
13.0081996918,80.2328033447,71672,71682,10
13.0083799362,80.231880188,71682,71692,10
13.0085601807,80.2308273315,71692,71702,10
13.008769989,80.2297363281,71702,71712,10
13.0089597702,80.2287979126,71712,71722,10
13.0092401505,80.227897644,71722,71732,10
13.0096197128,80.2270584106,71732,71742,10
13.0100297928,80.2261505127,71742,71752,10
13.0104103088,80.2253723145,71752,71762,10
13.0106496811,80.2248687744,71762,71773,11
13.0108995438,80.2243423462,71773,71783,10
13.0111398697,80.2237472534,71783,71793,10
13.0112895966,80.2233200073,71793,71813,20
13.0112895966,80.2233200073,71813,71823,10
13.0114402771,80.2229919434,71823,71833,10
13.0116996765,80.222442627,71833,71843,10
13.011879921,80.2218093872,71843,71853,10
13.0123100281,80.2215423584,71853,71863,10
13.0125598907,80.2218780518,71863,71873,10
13.0130195618,80.2224273682,71873,71884,11
13.0136299133,80.2231369019,71884,71894,10
13.0141401291,80.2237167358,71894,71904,10
13.0145797729,80.2242965698,71904,71914,10
13.0148897171,80.2245788574,71914,71924,10
13.0150403976,80.2247085571,71924,71934,10
13.0154304504,80.2250137329,71934,71954,20
13.0154304504,80.2250137329,71954,71964,10
13.0155296326,80.2250823975,71964,71974,10
13.0156698227,80.2251968384,71974,71984,10
13.015999794,80.2253570557,71984,71995,11
13.0165100098,80.2253494263,71995,72005,10
13.0169095993,80.2251815796,72005,72015,10
13.0172996521,80.2250137329,72015,72025,10
13.0176897049,80.2248382568,72025,72035,10
13.0181303024,80.2246704102,72035,72045,10
13.0191802979,80.2243423462,72045,72075,30
13.0191802979,80.2243423462,72075,72085,10
13.0194101334,80.2244415283,72085,72096,11
13.0198297501,80.2246932983,72096,72106,10
13.0203504562,80.2250671387,72106,72116,10
13.020819664,80.2254104614,72116,72126,10
13.0213298798,80.2258300781,72126,72136,10
13.0219097137,80.226272583,72136,72146,10
13.0225400925,80.2268218994,72146,72156,10
13.0231800079,80.2273864746,72156,72166,10
13.0237598419,80.2279281616,72166,72176,10
13.0242795944,80.2285003662,72176,72186,10
13.0247097015,80.2291183472,72186,72196,10
13.0252103806,80.2297897339,72196,72206,10
13.0257196426,80.2305908203,72206,72217,11
13.02602005,80.2313919067,72217,72227,10
13.0263795853,80.2313232422,72227,72237,10
13.0270204544,80.2311630249,72237,72247,10
13.0277299881,80.2310180664,72247,72257,10
13.0282802582,80.2309494019,72257,72267,10
13.0283498764,80.2309265137,72267,72277,10
13.0285797119,80.2308883667,72277,72287,10
13.0291500092,80.2308273315,72287,72338,51
13.0291500092,80.2308273315,72338,72348,10
13.0294704437,80.2307815552,72348,72358,10
13.0299797058,80.2307434082,72358,72368,10
13.030500412,80.2307128906,72368,72388,20
13.030500412,80.2307128906,72388,72398,10
13.0306301117,80.2305603027,72398,72408,10
13.030579567,80.2302703857,72408,72418,10
13.030380249,80.2297210693,72418,72429,11
13.0302400589,80.2289199829,72429,72439,10
13.0303001404,80.2283172607,72439,72459,20
13.0303001404,80.2283172607,72459,72469,10
13.0303001404,80.2280578613,72469,72479,10
13.0303201675,80.2278518677,72479,72489,10
13.0302801132,80.2275619507,72489,72499,10
13.0297803879,80.2274703979,72499,72509,10
13.029129982,80.2273483276,72509,72519,10
13.028670311,80.2273025513,72519,72529,10
13.0285196304,80.2272491455,72529,72540,11
13.028260231,80.2272109985,72540,72550,10
13.0279598236,80.2270889282,72550,72560,10
13.0278596878,80.2268829346,72560,72570,10
13.0279598236,80.2263412476,72570,72580,10
13.0280895233,80.225692749,72580,72590,10
13.0282297134,80.224899292,72590,72600,10
13.0283603668,80.2242736816,72600,72609,9
13.028380394,80.2241592407,72609,72619,10
13.0285997391,80.2240371704,72619,72630,11
13.0286998749,80.2240524292,72630,72640,10
13.0288600922,80.2241210938,72640,72651,11
13.0291996002,80.2243118286,72651,72661,10
13.0297498703,80.2243118286,72661,72671,10
13.0302295685,80.224319458,72671,72681,10
13.0307598114,80.224319458,72681,72691,10
13.0310697556,80.2241897583,72691,72701,10
13.031080246,80.2238311768,72701,72711,10
13.0311403275,80.2231826782,72711,72731,20
13.0311403275,80.2231826782,72731,72741,10
13.0312204361,80.222869873,72741,72751,10
13.0314502716,80.2224502563,72751,72762,11
13.0317401886,80.2218170166,72762,72772,10
13.0319404602,80.2212524414,72772,72782,10
13.0321102142,80.2206192017,72782,72792,10
13.032119751,80.2197799683,72792,72812,20
13.032119751,80.2197799683,72812,72822,10
13.032119751,80.2195968628,72822,72832,10
13.0321302414,80.2191696167,72832,72842,10
13.0320596695,80.2185974121,72842,72852,10
13.0315198898,80.2184524536,72852,72862,10
13.0313997269,80.2179031372,72862,72873,11
13.0313100815,80.2172012329,72873,72883,10
13.0311803818,80.217048645,72883,72893,10
13.0309400558,80.217010498,72893,72903,10
13.0304603577,80.2169036865,72903,72913,10
13.0304098129,80.2166976929,72913,72923,10
13.030380249,80.2165374756,72923,72933,10
13.0303602219,80.2161483765,72933,72943,10
13.0303201675,80.2155380249,72943,72953,10
13.0303096771,80.2149505615,72953,72963,10
13.0303201675,80.2146377563,72963,72973,10
13.0303401947,80.2145385742,72973,72984,11
13.0304002762,80.214050293,72984,72994,10
13.0304603577,80.2136688232,72994,73004,10
13.030500412,80.2134017944,73004,73014,10
13.0305595398,80.212928772,73014,73024,10
13.0306596756,80.2122421265,73024,73034,10
13.0307502747,80.2116775513,73034,73044,10
13.0307798386,80.2113876343,73044,73054,10
13.0308198929,80.2110595703,73054,73064,10
13.0308799744,80.2107772827,73064,73074,10
13.0309400558,80.2102584839,73074,73085,11
13.0308198929,80.2100982666,73085,73095,10
13.0305595398,80.2100219727,73095,73105,10
13.0301504135,80.2098999023,73105,73115,10
13.0299901962,80.2096786499,73115,73125,10
13.030090332,80.2092971802,73125,73165,40
13.030090332,80.2092971802,73165,73175,10
13.030090332,80.2091522217,73175,73185,10
13.0304203033,80.2091293335,73185,73196,11
13.0310697556,80.2093429565,73196,73206,10
13.0315999985,80.2094497681,73206,73216,10
13.0316200256,80.2094497681,73216,73225,9
13.0317401886,80.2094497681,73225,73236,11
13.0321903229,80.2095718384,73236,73246,10
13.0329399109,80.2097015381,73246,73256,10
13.0335502625,80.2098236084,73256,73266,10
13.0345201492,80.2099761963,73266,73276,10
13.0350799561,80.2098770142,73276,73286,10
13.0351600647,80.2093429565,73286,73296,10
13.0352201462,80.2087173462,73296,73317,21
13.0352201462,80.2087173462,73317,73327,10
13.0352497101,80.2085189819,73327,73337,10
13.0353097916,80.2080688477,73337,73347,10
13.0354003906,80.2074127197,73347,73357,10
13.0354995728,80.2067337036,73357,73367,10
13.0355701447,80.206237793,73367,73377,10
13.0354299545,80.2060394287,73377,73387,10
13.0354700089,80.2056884766,73387,73397,10
13.035490036,80.2054901123,73397,73407,10
13.0355195999,80.2053604126,73407,73418,11
13.0356798172,80.2052764893,73418,73428,10
13.0357398987,80.2051086426,73428,73438,10
13.0357503891,80.2049407959,73438,73448,10
13.0358200073,80.2046585083,73448,73458,10
13.0358896255,80.2041473389,73458,73468,10
13.0360002518,80.2035369873,73468,73478,10
13.0361099243,80.2028579712,73478,73488,10
13.0361995697,80.2022399902,73488,73498,10
13.0362501144,80.2017364502,73498,73508,10
13.0362596512,80.2016525269,73508,73518,10
13.0362796783,80.2015304565,73518,73529,11
13.0363397598,80.2011795044,73529,73539,10
13.0363903046,80.200881958,73539,73549,10
13.036450386,80.2004165649,73549,73559,10
13.0365495682,80.1996994019,73559,73569,10
13.0366697311,80.1989212036,73569,73585,16
13.0367097855,80.1984786987,73585,73597,12
13.0367898941,80.1981201172,73597,73605,8
13.0368204117,80.197883606,73605,73617,12
13.0368795395,80.1975326538,73617,73627,10
13.0369100571,80.1972198486,73627,73638,11
13.0369796753,80.1966323853,73638,73648,10
13.0369997025,80.1964492798,73648,73657,9
13.0370397568,80.1963272095,73657,73665,8
13.0370702744,80.1961364746,73665,73678,13
13.037150383,80.195602417,73678,73688,10
13.0372695923,80.1949386597,73688,73698,10
13.0373802185,80.1941833496,73698,73708,10
13.0374803543,80.1933364868,73708,73718,10
13.0376796722,80.1928634644,73718,73728,10
13.0379800797,80.1928024292,73728,73738,10
13.0384597778,80.1928710938,73738,73749,11
13.0388097763,80.1929168701,73749,73772,23
13.0392503738,80.1929779053,73772,73784,12
13.0398197174,80.1930923462,73784,73794,10
13.0403995514,80.1931915283,73794,73802,8
13.0406599045,80.1932220459,73802,73814,12
13.0413703918,80.1933517456,73814,73824,10
13.0417404175,80.193572998,73824,73834,10
13.0417098999,80.193977356,73834,73844,10
13.041680336,80.1941833496,73844,73854,10
13.0416202545,80.1946411133,73854,73864,10
13.0415401459,80.1952972412,73864,73875,11
13.0414400101,80.1959991455,73875,73885,10
13.041390419,80.1964263916,73885,73894,9
13.0413303375,80.1968307495,73894,73905,11
13.0413198471,80.196937561,73905,73914,9
13.041270256,80.1972579956,73914,73925,11
13.041179657,80.1978683472,73925,73935,10
13.0410804749,80.1985168457,73935,73945,10
13.0409803391,80.1993026733,73945,73966,21
13.0409803391,80.1993026733,73966,73976,10
13.0409202576,80.1996383667,73976,73986,10
13.0408296585,80.2002487183,73986,73996,10
13.040719986,80.2009811401,73996,74006,10
13.0406198502,80.2016983032,74006,74016,10
13.0405597687,80.2021026611,74016,74026,10
13.04047966,80.2025985718,74026,74036,10
13.0403699875,80.2032699585,74036,74046,10
13.0402803421,80.2039337158,74046,74056,10
13.0402297974,80.2043533325,74056,74066,10
13.0401802063,80.2046203613,74066,74077,11
13.040140152,80.2050170898,74077,74087,10
13.0404100418,80.2051315308,74087,74097,10
13.0409097672,80.2051925659,74097,74107,10
13.041179657,80.2052307129,74107,74117,10
13.0412998199,80.2052536011,74117,74127,10
13.0417003632,80.205291748,74127,74143,16
13.0424995422,80.2054672241,74143,74155,12
13.0427598953,80.2058563232,74155,74163,8
13.0431003571,80.2063369751,74163,74175,12
13.0436601639,80.2071228027,74175,74185,10
13.0439996719,80.207862854,74185,74196,11
13.0440702438,80.2085800171,74196,74206,10
13.0441102982,80.2091064453,74206,74216,10
13.0441102982,80.2092666626,74216,74236,20
13.0441102982,80.2092666626,74236,74246,10
13.044090271,80.2095031738,74246,74255,9
13.0441102982,80.2098312378,74255,74266,11
13.0441598892,80.2106628418,74266,74276,10
13.0441904068,80.21144104,74276,74286,10
13.0442800522,80.2121963501,74286,74337,51
13.0442800522,80.2121963501,74337,74347,10
13.044500351,80.212272644,74347,74357,10
13.0445899963,80.2122802734,74357,74367,10
13.0447998047,80.2122573853,74367,74377,10
13.044960022,80.212272644,74377,74387,10
13.0450897217,80.2122573853,74387,74397,10
13.0452604294,80.2122573853,74397,74408,11
13.0454597473,80.2122421265,74408,74418,10
13.045630455,80.2122421265,74418,74428,10
13.0458498001,80.2122497559,74428,74438,10
13.0461597443,80.2122573853,74438,74448,10
13.0467500687,80.2122116089,74448,74458,10
13.0469799042,80.2121582031,74458,74468,10
13.0469799042,80.2119598389,74468,74488,20
13.0469799042,80.2119598389,74488,74498,10
13.0469398499,80.2115707397,74498,74508,10
13.0468997955,80.2110519409,74508,74519,11
13.047249794,80.2108535767,74519,74529,10
13.0478801727,80.2108383179,74529,74539,10
13.0485401154,80.2108535767,74539,74549,10
13.0490102768,80.2108535767,74549,74559,10
13.0493001938,80.2108612061,74559,74569,10
13.0495004654,80.2108612061,74569,74579,10
13.0496101379,80.2107925415,74579,74589,10
13.0495595932,80.2105407715,74589,74599,10
13.049489975,80.2099609375,74599,74609,10
13.0494003296,80.2094192505,74609,74619,10
13.0493497849,80.2090682983,74619,74630,11
13.049249649,80.2085037231,74630,74640,10
13.0490398407,80.207862854,74640,74650,10
13.0488004684,80.2072982788,74650,74680,30
13.0488004684,80.2072982788,74680,74690,10
13.048740387,80.2070007324,74690,74700,10
13.0489301682,80.2068710327,74700,74710,10
13.0491504669,80.2071990967,74710,75296,586
13.0491504669,80.2071990967,75296,75306,10
13.0491304398,80.2073516846,75306,75316,10
13.0489702225,80.2073974609,75316,75326,10
13.0489597321,80.207572937,75326,75336,10
13.0491104126,80.2079925537,75336,75346,10
13.0493001938,80.2085800171,75346,75356,10
13.0494203568,80.2091217041,75356,75366,10
13.0494699478,80.2093276978,75366,75376,10
13.0495100021,80.2097320557,75376,75386,10
13.0495901108,80.2103118896,75386,75397,11
13.0496702194,80.2108612061,75397,75407,10
13.0496902466,80.2111129761,75407,75417,10
13.049779892,80.211807251,75417,75477,60
13.049779892,80.211807251,75477,75487,10
13.0498304367,80.2118377686,75487,75498,11
13.0498600006,80.2120819092,75498,75508,10
13.0498304367,80.2122421265,75508,75518,10
13.0495901108,80.212272644,75518,75538,20
13.0495901108,80.212272644,75538,75548,10
13.0494804382,80.2122192383,75548,75568,20
13.0494804382,80.2122192383,75568,75578,10
13.049079895,80.2122421265,75578,75588,10
13.0484600067,80.2122879028,75588,75598,10
13.0478401184,80.2123413086,75598,75609,11
13.0470304489,80.2124023438,75609,75619,10
13.0460796356,80.2124099731,75619,75629,10
13.0452404022,80.2124176025,75629,75639,10
13.0445604324,80.2124786377,75639,75679,40
13.0445604324,80.2124786377,75679,75689,10
13.0444803238,80.2125167847,75689,75699,10
13.0441904068,80.2123794556,75699,75709,10
13.0441398621,80.2118682861,75709,75720,11
13.0441198349,80.2108917236,75720,75730,10
13.044090271,80.2100067139,75730,75740,10
13.0440597534,80.2095794678,75740,75750,10
13.0440397263,80.2094802856,75750,75760,10
13.0440397263,80.2093429565,75760,75770,10
13.0440196991,80.209022522,75770,75780,10
13.0440196991,80.2089385986,75780,75790,10
13.0439996719,80.2086486816,75790,75800,10
13.0439796448,80.2080078125,75800,75810,10
13.0436697006,80.2072601318,75810,75820,10
13.0431604385,80.2065429688,75820,75831,11
13.0425395966,80.2057113647,75831,75841,10
13.0418100357,80.2053527832,75841,75851,10
13.0413999557,80.2052764893,75851,75861,10
13.0409698486,80.2052307129,75861,75871,10
13.040719986,80.2052001953,75871,75881,10
13.0406398773,80.2051773071,75881,75891,10
13.0402202606,80.2051315308,75891,75901,10
13.0397596359,80.205078125,75901,75911,10
13.0393896103,80.2050170898,75911,75921,10
13.0387601852,80.2049407959,75921,75931,10
13.0381498337,80.2048110962,75931,75942,11
13.0381202698,80.2043685913,75942,75952,10
13.0382204056,80.203742981,75952,75962,10
13.0382995605,80.2030029297,75962,75972,10
13.0383996964,80.202331543,75972,75982,10
13.038479805,80.2017669678,75982,75992,10
13.0385198593,80.2014923096,75992,76002,10
13.038599968,80.200958252,76002,76012,10
13.0387001038,80.2002792358,76012,76022,10
13.0388202667,80.1995391846,76022,76032,10
13.0389204025,80.1987991333,76032,76034,2
13.0389204025,80.1987991333,76034,76099,65
13.039349556,80.195930481,76099,76109,10
13.0394201279,80.1952590942,76109,76119,10
13.0395202637,80.1944732666,76119,76129,10
13.0396203995,80.1938171387,76129,76139,10
13.0396795273,80.1932067871,76139,76160,21
13.0396795273,80.1932067871,76160,76170,10
13.0394096375,80.1930618286,76170,76180,10
13.0389995575,80.1930236816,76180,76191,11
13.0386400223,80.1929397583,76191,76211,20
13.0386400223,80.1929397583,76211,76221,10
13.0384597778,80.1929092407,76221,76231,10
13.0380296707,80.1928634644,76231,76241,10
13.0375995636,80.1930389404,76241,76251,10
13.0374898911,80.1937179565,76251,76261,10
13.0373802185,80.1945419312,76261,76272,11
13.0372400284,80.1955032349,76272,76282,10
13.0371904373,80.1959609985,76282,76292,10
13.0371799469,80.1960296631,76292,76302,10
13.0371198654,80.1963577271,76302,76312,10
13.0370397568,80.1969299316,76312,76322,10
13.0369300842,80.1977386475,76322,76332,10
13.0368099213,80.1985626221,76332,76342,10
13.0368003845,80.198677063,76342,76352,10
13.0367202759,80.1990737915,76352,76362,10
13.0366296768,80.1997528076,76362,76372,10
13.0365200043,80.2005462646,76372,76383,11
13.0363998413,80.2013168335,76383,76393,10
13.0363702774,80.2014465332,76393,76403,10
13.0363397598,80.2017593384,76403,76413,10
13.0363197327,80.2018127441,76413,76423,10
13.0363101959,80.2019729614,76423,76433,10
13.0362300873,80.2023773193,76433,76443,10
13.0361404419,80.2030563354,76443,76453,10
13.0360498428,80.2037963867,76453,76463,10
13.0359802246,80.2043609619,76463,76479,16
13.0358400345,80.2052764893,76479,76492,13
13.0357599258,80.2058410645,76492,76502,10
13.0357198715,80.2060089111,76502,76512,10
13.0356702805,80.2064590454,76512,76522,10
13.0355701447,80.2071228027,76522,76531,9
13.0355396271,80.2074127197,76531,76542,11
13.0354604721,80.2080230713,76542,76552,10
13.0354003906,80.2084274292,76552,76562,10
13.0354003906,80.208442688,76562,76571,9
13.0353603363,80.208656311,76571,76582,11
13.0352802277,80.2091903687,76582,76592,10
13.0351600647,80.2098999023,76592,76603,11
13.0350103378,80.2105865479,76603,76613,10
13.0349597931,80.2109222412,76613,76623,10
13.0348596573,80.21144104,76623,76633,10
13.0346803665,80.2121124268,76633,76643,10
13.0340595245,80.2120819092,76643,76653,10
13.0333003998,80.2119827271,76653,76663,10
13.03262043,80.2119293213,76663,76673,10
13.0324602127,80.2119216919,76673,76683,10
13.032409668,80.2118988037,76683,76693,10
13.0320796967,80.2118377686,76693,76703,10
13.0318698883,80.2116699219,76703,76714,11
13.031920433,80.2112121582,76714,76724,10
13.031999588,80.2105178833,76724,76734,10
13.0320796967,80.209777832,76734,76744,10
13.03166008,80.2095565796,76744,76754,10
13.0310096741,80.2093963623,76754,76764,10
13.0304803848,80.2092666626,76764,76774,10
13.0302295685,80.2092132568,76774,76784,10
13.0301198959,80.209197998,76784,76794,10
13.030090332,80.2093582153,76794,76804,10
13.0300798416,80.2094497681,76804,76814,10
13.0300397873,80.2095794678,76814,76825,11
13.030090332,80.2098236084,76825,76835,10
13.0305595398,80.2099380493,76835,76845,10
13.0309400558,80.2100601196,76845,76855,10
13.030960083,80.2103118896,76855,76865,10
13.0309200287,80.2107772827,76865,76875,10
13.0308599472,80.2111206055,76875,76885,10
13.03083992,80.2113494873,76885,76895,10
13.0307998657,80.2117080688,76895,76905,10
13.0307197571,80.2120513916,76905,76915,10
13.0306501389,80.212600708,76915,76925,10
13.030579567,80.2131500244,76925,76936,11
13.0305099487,80.2136611938,76936,76946,10
13.0304498672,80.2139892578,76946,76956,10
13.0303697586,80.2145385742,76956,76966,10
13.0303602219,80.2147293091,76966,76976,10
13.0303401947,80.2149200439,76976,76986,10
13.0303602219,80.2154312134,76986,76996,10
13.030380249,80.2159423828,76996,77006,10
13.0303602219,80.2163467407,77006,77016,10
13.0304002762,80.2168426514,77016,77026,10
13.0307197571,80.2169036865,77026,77036,10
13.0310897827,80.2169189453,77036,77047,11
13.0313301086,80.2169418335,77047,77057,10
13.0314502716,80.2171630859,77057,77067,10
13.0315103531,80.2176971436,77067,77077,10
13.0315799713,80.2182922363,77077,77087,10
13.0320100784,80.2184066772,77087,77097,10
13.0322198868,80.2186584473,77097,77107,10
13.0321998596,80.2192611694,77107,77117,10
13.0321903229,80.2198791504,77117,77127,10
13.03221035,80.2202987671,77127,77137,10
13.03221035,80.2203063965,77137,77148,11
13.0322198868,80.2204284668,77148,77158,10
13.032119751,80.2209014893,77158,77168,10
13.0319900513,80.2214736938,77168,77178,10
13.0317497253,80.2219390869,77178,77188,10
13.0314798355,80.2225189209,77188,77198,10
13.0312795639,80.2229003906,77198,77208,10
13.0311698914,80.2236862183,77208,77218,10
13.0311603546,80.224029541,77218,77228,10
13.0311498642,80.2242965698,77228,77238,10
13.0307598114,80.224357605,77238,77248,10
13.0302200317,80.224357605,77248,77259,11
13.0296697617,80.224357605,77259,77269,10
13.0291595459,80.2243423462,77269,77279,10
13.0290403366,80.2242965698,77279,77289,10
13.0289096832,80.2242202759,77289,77299,10
13.0286397934,80.2241134644,77299,77309,10
13.0284204483,80.2244033813,77309,77319,10
13.0282697678,80.2251205444,77319,77329,10
13.0281095505,80.2259063721,77329,77339,10
13.0279798508,80.2266235352,77339,77349,10
13.0279302597,80.2269668579,77349,77359,10
13.0281095505,80.2270889282,77359,77369,10
13.0285797119,80.2271575928,77369,77386,17
13.0298299789,80.2273788452,77386,77398,12
13.0304098129,80.2275619507,77398,77406,8
13.0304002762,80.2277832031,77406,77418,12
13.030380249,80.2281265259,77418,77427,9
13.0303602219,80.2282714844,77427,77438,11
13.0303096771,80.2287368774,77438,77448,10
13.0303096771,80.2292404175,77448,77458,10
13.030380249,80.2294921875,77458,77468,10
13.030579567,80.2299804688,77468,77478,10
13.0306997299,80.2305297852,77478,77489,11
13.0307197571,80.2306518555,77489,77499,10
13.0306596756,80.2307662964,77499,77509,10
13.0303401947,80.230796814,77509,77519,10
13.0298700333,80.2308502197,77519,77529,10
13.0298099518,80.2308502197,77529,77539,10
13.0296802521,80.2308425903,77539,77549,10
13.0292797089,80.2308578491,77549,77559,10
13.0286102295,80.2309417725,77559,77569,10
13.0278701782,80.2310180664,77569,77579,10
13.0276098251,80.2311706543,77579,77590,11
13.0277004242,80.2317810059,77590,77600,10
13.0277900696,80.2322769165,77600,77610,10
13.027879715,80.2327270508,77610,77620,10
13.0274801254,80.2329025269,77620,77630,10
13.0270900726,80.2329711914,77630,77640,10
13.0269498825,80.2329788208,77640,77650,10
13.0267496109,80.233001709,77650,77660,10
13.0264396667,80.2330093384,77660,77670,10
13.026260376,80.2325515747,77670,77680,10
13.026140213,80.2320022583,77680,77690,10
13.0260000229,80.2314529419,77690,77701,11
13.0257701874,80.2306289673,77701,77711,10
13.0252399445,80.2298431396,77711,77721,10
13.024769783,80.2292404175,77721,77731,10
13.0245895386,80.2290267944,77731,77741,10
13.0243196487,80.2287063599,77741,77751,10
13.0240898132,80.2284469604,77751,77761,10
13.0240402222,80.2283782959,77761,77771,10
13.0239400864,80.2282485962,77771,77781,10
13.023730278,80.2279815674,77781,77791,10
13.0234203339,80.2276763916,77791,77801,10
13.0231304169,80.2273635864,77801,77812,11
13.0226297379,80.2268829346,77812,77822,10
13.0219802856,80.2263031006,77822,77832,10
13.0212001801,80.2257003784,77832,77848,16
13.0198602676,80.2247695923,77848,77860,12
13.0186100006,80.2245330811,77860,77869,9
13.0177402496,80.2249069214,77869,77881,12
13.0164804459,80.2254562378,77881,77891,10
13.0158004761,80.2257003784,77891,77901,10
13.0152597427,80.2259292603,77901,77911,10
13.0149402618,80.2260894775,77911,77922,11
13.0144195557,80.2262878418,77922,77931,9
13.0141801834,80.2264022827,77931,77942,11
13.0140199661,80.2264480591,77942,77952,10
13.0136299133,80.226600647,77952,77962,10
13.012840271,80.226890564,77962,77972,10
13.0119199753,80.2272262573,77972,77982,10
13.0109901428,80.2276000977,77982,77992,10
13.0100498199,80.2279663086,77992,78002,10
13.0092201233,80.2284088135,78002,78012,10
13.0089797974,80.2293701172,78012,78022,10
13.0087795258,80.2305221558,78022,78033,11
13.0085601807,80.2317276001,78033,78043,10
13.0083398819,80.2328109741,78043,78053,10
13.0082302094,80.2335510254,78053,78063,10
13.0082302094,80.2335891724,78063,78073,10
13.0081796646,80.2337722778,78073,78083,10
13.0080699921,80.2342300415,78083,78093,10
13.0079698563,80.2348022461,78093,78103,10
13.0078601837,80.2353668213,78103,78113,10
13.0077104568,80.2361602783,78113,78123,10
13.0075101852,80.2371673584,78123,78133,10
13.0072898865,80.238243103,78133,78144,11
13.0070800781,80.2392883301,78144,78154,10
13.0069599152,80.2398529053,78154,78164,10
13.0069198608,80.2402191162,78164,78174,10
13.0068702698,80.2407989502,78174,78184,10
13.0068702698,80.2408676147,78184,78194,10
13.0068302155,80.2411193848,78194,78204,10
13.006770134,80.2416992188,78204,78214,10
13.0067501068,80.2425079346,78214,78224,10
13.0067195892,80.2434921265,78224,78234,10
13.0067300797,80.2445831299,78234,78244,10
13.0067396164,80.24559021,78244,78255,11
13.0067796707,80.246711731,78255,78265,10
13.0067596436,80.2476806641,78265,78275,10
13.0067796707,80.2484970093,78275,78285,10
13.0068702698,80.2493133545,78285,78295,10
13.0068798065,80.2495269775,78295,78305,10
13.0068798065,80.2498931885,78305,78315,10
13.0068502426,80.2505187988,78315,78325,10
13.0068998337,80.2512969971,78325,78335,10
13.0067300797,80.2521362305,78335,78345,10
13.0066204071,80.2530899048,78345,78355,10
13.0066099167,80.25390625,78355,78366,11
13.0066404343,80.2550430298,78366,78376,10
13.0066404343,80.2551269531,78376,78386,10
13.0066404343,80.2554626465,78386,78396,10
13.0066299438,80.256111145,78396,78406,10
13.0066404343,80.2568206787,78406,78416,10
13.0066795349,80.2573013306,78416,78426,10
13.0063495636,80.2575912476,78426,78436,10
13.0057601929,80.2574386597,78436,78446,10
13.0051603317,80.2573013306,78446,78456,10
13.0045204163,80.2571563721,78456,78466,10
13.0038700104,80.257019043,78466,78477,11
13.0031995773,80.2568893433,78477,78487,10
13.0025701523,80.2567672729,78487,78497,10
13.0018396378,80.256652832,78497,78507,10
13.0011796951,80.2565612793,78507,78517,10
13.0004997253,80.256439209,78517,78527,10
12.9995298386,80.2562713623,78527,78567,40
12.9995298386,80.2562713623,78567,78577,10
12.9993801117,80.2562408447,78577,78588,11
12.9988002777,80.2561264038,78588,78598,10
12.9981403351,80.2560272217,78598,78608,10
12.997469902,80.2559661865,78608,78618,10
12.9969301224,80.2560501099,78618,78628,10
12.9968996048,80.2563705444,78628,78638,10
12.9968900681,80.2565994263,78638,78648,10
12.9968795776,80.2569274902,78648,78658,10
12.9968795776,80.2570266724,78658,78668,10
12.9968395233,80.2574005127,78668,78678,10
12.9967699051,80.2580718994,78678,78689,11
12.9966802597,80.2589263916,78689,78699,10
12.9965696335,80.2596893311,78699,78709,10
12.9964799881,80.2606124878,78709,78719,10
12.9963903427,80.2614974976,78719,78729,10
12.9963197708,80.2620620728,78729,78739,10
12.9962596893,80.2623977661,78739,78749,10
12.996219635,80.2626113892,78749,78759,10
12.9961795807,80.2631607056,78759,78769,10
12.9961004257,80.2638778687,78769,78779,10
12.9960298538,80.2647171021,78779,78789,10
12.9959001541,80.2656097412,78789,78799,10
12.9958200455,80.2665100098,78799,78810,11
12.9957504272,80.267288208,78810,78820,10
12.9960203171,80.2676773071,78820,78840,20
12.9960203171,80.2676773071,78840,78850,10
12.9962797165,80.2677001953,78850,78860,10
12.9968500137,80.2677078247,78860,78870,10
12.9975004196,80.2675323486,78870,78880,10
12.9982404709,80.2673187256,78880,78890,10
12.9990701675,80.2670822144,78890,78900,10
12.9998102188,80.2668304443,78900,78911,11
13.0000295639,80.2666473389,78911,78921,10
13.0000801086,80.2665634155,78921,78931,10
13.0002803802,80.2665023804,78931,78941,10
13.0002803802,80.2666931152,78941,78951,10
13.0001497269,80.2668762207,78951,78961,10
12.9996995926,80.2669906616,78961,78971,10
12.9991102219,80.2671585083,78971,78981,10
12.9984798431,80.2673187256,78981,78991,10
12.9978399277,80.2675170898,78991,79001,10
12.9972801208,80.2676925659,79001,79011,10
12.9967403412,80.2678070068,79011,79022,11
12.9959497452,80.2677612305,79022,79032,10
12.995639801,80.2676010132,79032,79042,10
12.9956998825,80.2670593262,79042,79052,10
12.9958000183,80.2663192749,79052,79062,10
12.995880127,80.2654724121,79062,79072,10
12.9959697723,80.2646484375,79072,79081,9
12.9960603714,80.263923645,79081,79092,11
12.9961395264,80.2630996704,79092,79102,10
12.9962100983,80.2626190186,79102,79112,10
12.9962596893,80.262046814,79112,79122,10
12.9963302612,80.2615509033,79122,79133,11
12.9963903427,80.2607803345,79133,79143,10
12.9964799881,80.2601394653,79143,79153,10
12.9965295792,80.2594528198,79153,79163,10
12.9965896606,80.2587585449,79163,79173,10
12.9966602325,80.2580413818,79173,79183,10
12.9967699051,80.2572784424,79183,79193,10
12.9968299866,80.256652832,79193,79203,10
12.9968595505,80.2560119629,79203,79223,20
12.9968595505,80.2560119629,79223,79233,10
12.9968700409,80.2558670044,79233,79244,11
12.9970302582,80.2557830811,79244,79254,10
12.9974899292,80.2558288574,79254,79264,10
12.9976797104,80.2558898926,79264,79274,10
12.9977197647,80.2560501099,79274,79284,10
12.9978399277,80.2566680908,79284,79476,192
12.9978399277,80.2566680908,79476,79486,10
12.9978199005,80.2568283081,79486,79496,10
12.9980201721,80.2568283081,79496,79506,10
12.9978599548,80.2566833496,79506,79516,10
