12.9980602264,80.2567901611,2598,2678,80
12.9980602264,80.2567901611,2678,2689,11
12.9980297089,80.2568283081,2689,2699,10
12.9979896545,80.2570877075,2699,2709,10
12.9977703094,80.2571029663,2709,2719,10
12.9977397919,80.2568969727,2719,2729,10
12.9977197647,80.2565994263,2729,2830,101
12.9977197647,80.2565994263,2830,23393,20563
12.9976196289,80.256729126,23393,23656,263
12.9976196289,80.256729126,23656,23667,11
12.9977502823,80.2565689087,23667,23677,10
12.9977397919,80.2563171387,23677,23737,60
12.9977302551,80.2559585571,23737,23757,20
12.9977302551,80.2559585571,23757,23767,10
12.9974803925,80.2559280396,23767,23777,10
12.9969701767,80.2559432983,23777,23788,11
12.9963703156,80.2559127808,23788,23798,10
12.9955797195,80.2559127808,23798,23808,10
12.9947099686,80.2559127808,23808,23818,10
12.9940299988,80.2560119629,23818,23828,10
12.9930801392,80.2560424805,23828,23838,10
12.991979599,80.256072998,23838,23848,10
12.9909896851,80.2560501099,23848,23858,10
12.9900398254,80.2560119629,23858,23868,10
12.989159584,80.2559509277,23868,23878,10
12.9882698059,80.255859375,23878,23888,10
12.9877300262,80.2558670044,23888,23898,10
12.9876298904,80.256477356,23898,23909,11
12.9875297546,80.2574081421,23909,23919,10
12.9874296188,80.2582473755,23919,23929,10
12.9873199463,80.2589187622,23929,23939,10
12.9872703552,80.2594070435,23939,23979,40
12.9872703552,80.2594070435,23979,23989,10
12.9871997833,80.2595977783,23989,24019,30
12.9871997833,80.2595977783,24019,24030,11
12.9870004654,80.2595291138,24030,24040,10
12.986700058,80.2594909668,24040,24050,10
12.9866504669,80.2591781616,24050,24060,10
12.9867801666,80.2590484619,24060,24070,10
12.9869699478,80.2590866089,24070,24282,212
12.9869699478,80.2590866089,24282,24292,10
12.9872303009,80.259147644,24292,24302,10
12.9874095917,80.2589569092,24302,24312,10
12.9874296188,80.258430481,24312,24322,10
12.9874897003,80.2577667236,24322,24332,10
12.987569809,80.256942749,24332,24342,10
12.9876403809,80.2562179565,24342,24352,10
12.9877500534,80.2557373047,24352,24362,10
12.9880504608,80.2557830811,24362,24372,10
12.9885997772,80.2558364868,24372,24383,11
12.9891901016,80.2559127808,24383,24393,10
12.9897499084,80.2559432983,24393,24403,10
12.9903697968,80.2559509277,24403,24413,10
12.9908895493,80.2559661865,24413,24423,10
12.9916400909,80.2560119629,24423,24433,10
12.9927101135,80.2560195923,24433,24443,10
12.9939203262,80.2559509277,24443,24453,10
12.9949903488,80.2558898926,24453,24463,10
12.9960803986,80.2558364868,24463,24473,10
12.9966096878,80.255821228,24473,24483,10
12.996720314,80.255821228,24483,24493,10
12.9971504211,80.2558364868,24493,24504,11
12.9977998734,80.255897522,24504,24514,10
12.9985303879,80.2559814453,24514,24524,10
12.9991102219,80.2560424805,24524,24534,10
12.9998102188,80.2562026978,24534,24544,10
13.0006303787,80.2563400269,24544,24554,10
13.001449585,80.2564697266,24554,24564,10
13.0022096634,80.2565917969,24564,24574,10
13.0029001236,80.2567214966,24574,24584,10
13.0036401749,80.2568588257,24584,24594,10
13.0044898987,80.2570266724,24594,24604,10
13.0052204132,80.2571487427,24604,24615,11
13.0057001114,80.2572937012,24615,24625,10
13.0061302185,80.2573776245,24625,24635,10
13.0065603256,80.257232666,24635,24645,10
13.0065402985,80.2564163208,24645,24655,10
13.0065698624,80.2554626465,24655,24665,10
13.0065898895,80.2546081543,24665,24675,10
13.0065698624,80.2536773682,24675,24685,10
13.0065803528,80.2530136108,24685,24695,10
13.0066204071,80.2523193359,24695,24705,10
13.0066604614,80.2520294189,24705,24715,10
13.0067300797,80.2517166138,24715,24725,10
13.0068101883,80.2512283325,24725,24736,11
13.0067996979,80.2503814697,24736,24746,10
13.0067901611,80.2493972778,24746,24756,10
13.0066795349,80.2481765747,24756,24776,20
13.0066795349,80.2481765747,24776,24786,10
13.0066604614,80.248008728,24786,24796,10
13.0066604614,80.2475128174,24796,24806,10
13.0066699982,80.2469711304,24806,24816,10
13.0066404343,80.2465286255,24816,24826,10
13.0066699982,80.2460021973,24826,24836,10
13.0066604614,80.2453308105,24836,24846,10
13.0066404343,80.2444076538,24846,24857,11
13.0066003799,80.2433700562,24857,24867,10
13.0065803528,80.2424621582,24867,24877,10
13.0065803528,80.2414398193,24877,24887,10
13.0066795349,80.2405929565,24887,24907,20
13.0066795349,80.2405929565,24907,24916,9
13.0067100525,80.2404174805,24916,24927,11
13.0067901611,80.2398223877,24927,24937,10
13.0069799423,80.2389602661,24937,24947,10
13.0072002411,80.2379989624,24947,24957,10
13.0073795319,80.2369689941,24957,24967,10
13.0074796677,80.236541748,24967,24978,11
13.0076503754,80.2358169556,24978,24988,10
13.0078496933,80.2349090576,24988,24998,10
13.0080795288,80.2337036133,24998,25008,10
13.0083703995,80.2323074341,25008,25018,10
13.0086402893,80.2308883667,25018,25028,10
13.0089197159,80.2294006348,25028,25038,10
13.0092697144,80.2279586792,25038,25048,10
13.0098896027,80.2266082764,25048,25058,10
13.0104598999,80.225402832,25058,25068,10
13.0109395981,80.2243728638,25068,25077,9
13.0112304688,80.2236175537,25077,25088,11
13.0116596222,80.222618103,25088,25099,11
13.0120401382,80.2215118408,25099,25109,10
13.0124797821,80.2216033936,25109,25119,10
13.0129203796,80.2222213745,25119,25129,10
13.0135297775,80.2229690552,25129,25139,10
13.0143203735,80.2237472534,25139,25149,10
13.0156803131,80.2250976563,25149,25159,10
13.0156803131,80.2250976563,25159,25169,10
13.0166196823,80.2252578735,25169,25178,9
13.0175600052,80.2249069214,25178,25188,10
13.0184698105,80.2245483398,25188,25199,11
13.0193004608,80.2243270874,25199,25210,11
13.0195503235,80.2244186401,25210,25220,10
13.0201501846,80.2248077393,25220,25230,10
13.0210103989,80.225440979,25230,25240,10
13.02202034,80.2262115479,25240,25250,10
13.0229196548,80.2269821167,25250,25260,10
13.0237998962,80.2277832031,25260,25270,10
13.0244398117,80.2285690308,25270,25280,10
13.0250997543,80.2294311523,25280,25290,10
13.0257501602,80.2303466797,25290,25300,10
13.0260601044,80.2312393188,25300,25310,10
13.026260376,80.2320404053,25310,25320,10
13.0265903473,80.2328872681,25320,25331,11
13.027009964,80.2336578369,25331,25341,10
13.0275001526,80.2344665527,25341,25351,10
13.0280399323,80.2354278564,25351,25361,10
13.0287904739,80.2362823486,25361,25371,10
13.029589653,80.2371673584,25371,25381,10
13.0303001404,80.2382965088,25381,25391,10
13.0308599472,80.2392272949,25391,25401,10
13.0310897827,80.2395935059,25401,25411,10
13.0313596725,80.2400436401,25411,25421,10
13.0314702988,80.240737915,25421,25431,10
13.031829834,80.2414627075,25431,25441,10
13.0322599411,80.2422485352,25441,25452,11
13.0329904556,80.2431793213,25452,25462,10
13.0336704254,80.244178772,25462,25472,10
13.0343503952,80.2451324463,25472,25482,10
13.0350103378,80.2458724976,25482,25492,10
13.0356702805,80.246131897,25492,25502,10
13.0357398987,80.2461395264,25502,25512,10
13.0361204147,80.2462768555,25512,25522,10
13.0369100571,80.2464599609,25522,25532,10
13.0375699997,80.2463989258,25532,25542,10
13.038189888,80.2465591431,25542,25552,10
13.039059639,80.2468185425,25552,25562,10
13.0399703979,80.2470092773,25562,25573,11
13.0412397385,80.247253418,25573,25583,10
13.0424499512,80.2475280762,25583,25593,10
13.0433301926,80.2478103638,25593,25603,10
13.0439100266,80.2478103638,25603,25613,10
13.0445098877,80.2478713989,25613,25623,10
13.0451202393,80.2481536865,25623,25633,10
13.0457801819,80.2483901978,25633,25643,10
13.04666996,80.2484207153,25643,25653,10
13.0470695496,80.2483901978,25653,25663,10
13.0473499298,80.2485427856,25663,25673,10
13.0478496552,80.2490768433,25673,25683,10
13.0485095978,80.2496795654,25683,25694,11
13.0495595932,80.2498092651,25694,25704,10
13.0507602692,80.250038147,25704,25714,10
13.0519104004,80.25050354,25714,25724,10
13.0527801514,80.2515335083,25724,25734,10
13.053609848,80.2526168823,25734,25744,10
13.0544595718,80.2537918091,25744,25754,10
13.0552797318,80.2548522949,25754,25764,10
13.0559997559,80.2558288574,25764,25774,10
13.0566396713,80.2565994263,25774,25784,10
13.0573596954,80.2572097778,25784,25794,10
13.0581197739,80.2579727173,25794,25805,11
13.0588197708,80.2588882446,25805,25815,10
13.0593004227,80.2596817017,25815,25825,10
13.059969902,80.2602920532,25825,25835,10
13.0605697632,80.2609100342,25835,25845,10
13.0609397888,80.2614593506,25845,25855,10
13.0615196228,80.2621383667,25855,25865,10
13.0620603561,80.2627716064,25865,25875,10
13.0625400543,80.2633590698,25875,25885,10
13.063079834,80.2640075684,25885,25895,10
13.0631399155,80.2640762329,25895,25905,10
13.0633096695,80.2643585205,25905,25915,10
13.0637397766,80.2650222778,25915,25926,11
13.0643396378,80.2658615112,25926,25936,10
13.0649499893,80.2666168213,25936,25946,10
13.0656204224,80.2672195435,25946,25956,10
13.0665597916,80.2683410645,25956,25996,40
13.0665597916,80.2683410645,25996,26006,10
13.0668296814,80.2684326172,26006,26016,10
13.0670795441,80.2685470581,26016,26026,10
13.067150116,80.2685928345,26026,26036,10
13.0675601959,80.2689208984,26036,26047,11
13.0682096481,80.2693099976,26047,26057,10
13.068400383,80.2688598633,26057,26067,10
13.0686302185,80.2682418823,26067,26077,10
13.0689496994,80.2673873901,26077,26087,10
13.0696201324,80.2666625977,26087,26097,10
13.0703802109,80.2658920288,26097,26107,10
13.0705003738,80.2657318115,26107,26117,10
13.0708198547,80.2654190063,26117,26127,10
13.0713300705,80.2648925781,26127,26137,10
13.0717096329,80.2645187378,26137,26147,10
13.0720701218,80.2640991211,26147,26157,10
13.0723104477,80.2637405396,26157,26168,11
13.0725498199,80.2630310059,26168,26178,10
13.0727500916,80.2625274658,26178,26188,10
13.0729398727,80.261932373,26188,26198,10
13.0730895996,80.2612915039,26198,26208,10
13.0734500885,80.2612915039,26208,26218,10
13.0740098953,80.2619171143,26218,26228,10
13.0744800568,80.2624893188,26228,26238,10
13.0750303268,80.2632293701,26238,26248,10
13.0756397247,80.2640533447,26248,26258,10
13.0763502121,80.264213562,26258,26268,10
13.0771398544,80.2641067505,26268,26278,10
13.077630043,80.2638320923,26278,26289,11
13.0780296326,80.2635726929,26289,26299,10
13.0780200958,80.2629165649,26299,26309,10
13.0777702332,80.2621917725,26309,26319,10
13.0775299072,80.2615203857,26319,26329,10
13.0773496628,80.2609786987,26329,26339,10
13.0773200989,80.2609100342,26339,26349,10
13.077170372,80.2606887817,26349,26359,10
13.0771198273,80.2606124878,26359,26369,10
13.0770702362,80.260559082,26369,26379,10
13.0768604279,80.2603683472,26379,26389,10
13.0766096115,80.2601470947,26389,26400,11
13.0761995316,80.2598190308,26400,26410,10
13.0756998062,80.2592468262,26410,26420,10
13.0754804611,80.258430481,26420,26490,70
13.0754804611,80.258430481,26490,26500,10
13.075460434,80.2582931519,26500,26509,9
13.0755500793,80.2580490112,26509,26520,11
13.0760498047,80.2576828003,26520,26531,11
13.0767202377,80.2570877075,26531,26541,10
13.077340126,80.2567596436,26541,26551,10
13.0781698227,80.2566223145,26551,26561,10
13.0789699554,80.2565383911,26561,26571,10
13.0790901184,80.256187439,26571,26581,10
13.0790300369,80.2554702759,26581,26591,10
13.0790100098,80.2546386719,26591,26601,10
13.0796604156,80.2545623779,26601,26611,10
13.080450058,80.254699707,26611,26621,10
13.0812597275,80.2548217773,26621,26631,10
13.0817403793,80.2544708252,26631,26642,11
13.0818996429,80.2537765503,26642,26652,10
13.0818996429,80.253112793,26652,26662,10
13.0816202164,80.2525177002,26662,26672,10
13.0814304352,80.2517623901,26672,26682,10
13.081410408,80.2512435913,26682,26692,10
13.0813999176,80.2508087158,26692,26702,10
13.0813798904,80.2502212524,26702,26712,10
13.0814399719,80.2496414185,26712,26722,10
13.0820198059,80.249671936,26722,26732,10
13.0828399658,80.2498016357,26732,26742,10
13.0834302902,80.2498931885,26742,26752,10
13.0840797424,80.25,26752,26763,11
13.0847301483,80.2501373291,26763,26773,10
13.0852403641,80.2502365112,26773,26783,10
13.0858402252,80.2503204346,26783,26793,10
13.0859804153,80.2500915527,26793,26803,10
13.085940361,80.2494735718,26803,26813,10
13.0858802795,80.248588562,26813,26823,10
13.0858201981,80.247718811,26823,26833,10
13.0858001709,80.2467803955,26833,26843,10
13.0857200623,80.2462768555,26843,26853,10
13.085650444,80.245300293,26853,26884,31
13.085650444,80.245300293,26884,26894,10
13.0856304169,80.2451782227,26894,26904,10
13.0859498978,80.2449188232,26904,26914,10
13.0866003036,80.2444076538,26914,26923,9
13.0873098373,80.243850708,26923,26934,11
13.0878696442,80.2430419922,26934,26944,10
13.0880298615,80.2422637939,26944,26954,10
13.0884399414,80.241859436,26954,26964,10
13.0885696411,80.2417602539,26964,26974,10
13.0890102386,80.2414627075,26974,26984,10
13.0896596909,80.2410430908,26984,26994,10
13.0904798508,80.2408218384,26994,27005,11
13.0916595459,80.2408599854,27005,27015,10
13.0925798416,80.2409133911,27015,27025,10
13.0934400558,80.2410202026,27025,27035,10
13.0943603516,80.2411804199,27035,27045,10
13.0948801041,80.2413024902,27045,27055,10
13.0955400467,80.2415008545,27055,27065,10
13.0960597992,80.2416915894,27065,27075,10
13.096739769,80.2419281006,27075,27085,10
13.0972700119,80.2420806885,27085,27095,10
13.0975999832,80.242149353,27095,27105,10
13.0980596542,80.2422637939,27105,27115,10
13.0984401703,80.2423019409,27115,27126,11
13.0985803604,80.2423095703,27126,27136,10
13.0987796783,80.2421417236,27136,27146,10
13.0987596512,80.241859436,27146,27156,10
13.0985097885,80.2417526245,27156,27166,10
13.098449707,80.2420806885,27166,27287,121
13.0984802246,80.2420425415,27287,28769,1482
13.0984802246,80.2420425415,28769,28779,10
13.0982198715,80.2423095703,28779,28789,10
13.0976295471,80.2422180176,28789,28799,10
13.0974197388,80.2421722412,28799,28809,10
13.0969495773,80.2420120239,28809,28819,10
13.0962200165,80.2417602539,28819,28829,10
13.0955600739,80.2415084839,28829,28839,10
13.0951595306,80.2413864136,28839,28849,10
13.0946598053,80.2412719727,28849,28859,10
13.0942802429,80.2411880493,28859,28869,10
13.0936498642,80.2410888672,28869,28879,10
13.0935401917,80.2410736084,28879,28890,11
13.0931901932,80.2410125732,28890,28900,10
13.0925397873,80.2409362793,28900,28910,10
13.0918397903,80.2409133911,28910,28920,10
13.090929985,80.2408828735,28920,28930,10
13.0899496078,80.2409591675,28930,28940,10
13.0893697739,80.2412490845,28940,28950,10
13.0886297226,80.2417602539,28950,28960,10
13.0879802704,80.2424163818,28960,28970,10
13.0878696442,80.2431335449,28970,28980,10
13.087770462,80.2434310913,28980,28990,10
13.0874595642,80.2438201904,28990,29000,10
13.0870399475,80.2441329956,29000,29011,11
13.0866203308,80.2445297241,29011,29021,10
13.086230278,80.2448196411,29021,29031,10
13.0859098434,80.2451019287,29031,29041,10
13.0857400894,80.2453689575,29041,29051,10
13.0856704712,80.2456970215,29051,29061,10
13.0857400894,80.2463302612,29061,29071,10
13.0857601166,80.2466964722,29071,29081,10
13.0857896805,80.2468795776,29081,29091,10
13.0858097076,80.2474594116,29091,29101,10
13.0858602524,80.2483673096,29101,29111,10
13.0858898163,80.2491378784,29111,29121,10
13.0859203339,80.2500762939,29121,29131,10
13.0859003067,80.250579834,29131,29142,11
13.0857696533,80.2512893677,29142,29152,10
13.0856704712,80.2521209717,29152,29162,10
13.0855798721,80.2529907227,29162,29172,10
13.0855398178,80.2535934448,29172,29182,10
13.0856199265,80.2542037964,29182,29192,10
13.0855398178,80.2546920776,29192,29202,10
13.0850601196,80.2546768188,29202,29212,10
13.084280014,80.2546005249,29212,29222,10
13.0839996338,80.2545776367,29222,29232,10
13.0839500427,80.2545700073,29232,29242,10
13.083530426,80.2545394897,29242,29253,11
13.0826997757,80.2545089722,29253,29263,10
13.0821504593,80.2545623779,29263,29273,10
13.081410408,80.2548675537,29273,29283,10
13.0809202194,80.2548522949,29283,29293,10
13.0807695389,80.2548217773,29293,29303,10
13.0802698135,80.2547302246,29303,29313,10
13.0793504715,80.2546463013,29313,29414,101
13.0793504715,80.2546463013,29414,29424,10
13.0792503357,80.2546005249,29424,29434,10
13.0790500641,80.2548904419,29434,29444,10
13.0790901184,80.2557296753,29444,29454,10
13.0791397095,80.2565383911,29454,29464,10
13.0785999298,80.2566680908,29464,29474,10
13.0780096054,80.2566986084,29474,29484,10
13.0773496628,80.2567901611,29484,29494,10
13.0767402649,80.2571105957,29494,29505,11
13.0760202408,80.2577896118,29505,29515,10
13.0755195618,80.2582626343,29515,29525,10
13.0755796432,80.2586669922,29525,29535,10
13.0757904053,80.2593002319,29535,29545,10
13.0764503479,80.2599411011,29545,29555,10
13.0769100189,80.2603607178,29555,29565,10
13.0771398544,80.260597229,29565,29575,10
13.0773200989,80.2608795166,29575,29585,10
13.077460289,80.2611312866,29585,29595,10
13.0775899887,80.2615432739,29595,29605,10
13.0777902603,80.2620773315,29605,29626,21
13.0777902603,80.2620773315,29626,29636,10
13.077870369,80.2624130249,29636,29646,10
13.0780096054,80.2629318237,29646,29656,10
13.0782299042,80.2634811401,29656,29666,10
13.0776596069,80.2638092041,29666,29676,10
13.076880455,80.2641296387,29676,29686,10
13.0761604309,80.264213562,29686,29696,10
13.0757303238,80.2641906738,29696,29706,10
13.0754003525,80.2637481689,29706,29716,10
13.0748796463,80.2630691528,29716,29726,10
13.074379921,80.2624511719,29726,29736,10
13.0739097595,80.2618789673,29736,29747,11
13.0736999512,80.2616424561,29747,29757,10
13.0735902786,80.2615280151,29757,29767,10
13.0732402802,80.2614212036,29767,29777,10
13.0730600357,80.2617874146,29777,29787,10
13.0728702545,80.2622375488,29787,29797,10
13.0726995468,80.2628097534,29797,29807,10
13.0725002289,80.2633666992,29807,29817,10
13.0721597672,80.263999939,29817,29827,10
13.0717096329,80.264503479,29827,29837,10
13.0714998245,80.2647399902,29837,29847,10
13.0713996887,80.2648468018,29847,29857,10
13.0710496902,80.2651901245,29857,29868,11
13.0704097748,80.2658081055,29868,29878,10
13.0697603226,80.2664794922,29878,29888,10
13.0690402985,80.2672271729,29888,29898,10
13.0686597824,80.2681503296,29898,29908,10
13.0684204102,80.2690505981,29908,29918,10
13.0682697296,80.2698822021,29918,29928,10
13.0681495667,80.2707519531,29928,29938,10
13.0676898956,80.2709197998,29938,29948,10
13.0671796799,80.2704391479,29948,29958,10
13.0671100616,80.270401001,29958,29968,10
13.0669898987,80.2703170776,29968,29978,10
13.0666303635,80.2698898315,29978,29989,11
13.0664300919,80.2693710327,29989,29999,10
13.0663604736,80.2686309814,29999,30009,10
13.0659799576,80.2680282593,30009,30019,10
13.0655002594,80.2677307129,30019,30029,10
13.0653495789,80.2677001953,30029,30039,10
13.0651597977,80.2676391602,30039,30049,10
13.0645599365,80.2675323486,30049,30059,10
13.0637798309,80.2673873901,30059,30069,10
13.0628204346,80.2672119141,30069,30079,10
13.0621099472,80.2664337158,30079,30089,10
13.0614099503,80.2655487061,30089,30099,10
13.0609197617,80.2651977539,30099,30110,11
13.0606203079,80.2653579712,30110,30120,10
13.0605602264,80.2654190063,30120,30130,10
13.0601596832,80.2656021118,30130,30140,10
13.0594100952,80.2655792236,30140,30150,10
13.0584697723,80.2654037476,30150,30160,10
13.0580301285,80.2646026611,30160,30170,10
13.0578899384,80.2634735107,30170,30180,10
13.0577602386,80.2622833252,30180,30190,10
13.0575199127,80.2610473633,30190,30200,10
13.0571403503,80.2597503662,30200,30210,10
13.0567703247,80.2585830688,30210,30220,10
13.0565795898,80.2577285767,30220,30241,21
13.0565795898,80.2577285767,30241,30251,10
13.0565795898,80.2576599121,30251,30261,10
13.0564899445,80.2573623657,30261,30271,10
13.0564403534,80.2572631836,30271,30281,10
13.0563001633,80.2567367554,30281,30291,10
13.0560302734,80.256187439,30291,30301,10
13.0556097031,80.255531311,30301,30311,10
13.0550603867,80.2547073364,30311,30321,10
13.0544204712,80.253868103,30321,30331,10
13.0541400909,80.2535324097,30331,30341,10
13.0539903641,80.253326416,30341,30352,11
13.0536699295,80.2528686523,30352,30362,10
13.0535202026,80.2526321411,30362,30372,10
13.0531797409,80.2521514893,30372,30382,10
13.0526399612,80.2514724731,30382,30392,10
13.0520296097,80.2506790161,30392,30402,10
13.0512504578,80.2501373291,30402,30412,10
13.050160408,80.2498931885,30412,30422,10
13.0490198135,80.2497634888,30422,30432,10
13.0480499268,80.2493972778,30432,30442,10
13.0472803116,80.2487411499,30442,30452,10
13.0471200943,80.2486495972,30452,30462,10
13.0468397141,80.248588562,30462,30473,11
13.0460300446,80.2485198975,30473,30483,10
13.0451402664,80.2482070923,30483,30493,10
13.0441303253,80.2480010986,30493,30503,10
13.043299675,80.2478790283,30503,30513,10
13.0426597595,80.247718811,30513,30523,10
13.0418395996,80.2475509644,30523,30533,10
13.041680336,80.2475128174,30533,30543,10
13.0413599014,80.247428894,30543,30552,9
13.0407104492,80.2473297119,30552,30563,11
13.0398902893,80.2472000122,30563,30573,10
13.0392904282,80.2470092773,30573,30583,10
13.0388002396,80.2469100952,30583,30594,11
13.0382995605,80.2468109131,30594,30604,10
13.037779808,80.2467269897,30604,30614,10
13.0371198654,80.24659729,30614,30624,10
13.0365104675,80.2464828491,30624,30634,10
13.0359296799,80.2463684082,30634,30654,20
13.0359296799,80.2463684082,30654,30664,10
13.0352296829,80.2460327148,30664,30684,20
13.0352296829,80.2460327148,30684,30694,10
13.0351295471,80.2459487915,30694,30703,9
13.0348300934,80.2456817627,30703,30715,12
13.0342998505,80.245010376,30715,30725,10
13.0337600708,80.2443618774,30725,30735,10
13.0330896378,80.243637085,30735,30745,10
13.0323600769,80.2425994873,30745,30755,10
13.0317897797,80.2416305542,30755,30765,10
13.0313501358,80.2406921387,30765,30775,10
13.0311498642,80.2402572632,30775,30846,71
13.0311498642,80.2402572632,30846,30856,10
13.0310297012,80.2399520874,30856,30866,10
13.0307502747,80.2393569946,30866,30876,10
13.0303001404,80.2385482788,30876,30886,10
13.0297298431,80.2375411987,30886,30896,10
13.0291500092,80.236869812,30896,30906,10
13.0291004181,80.2368087769,30906,30916,10
13.0288801193,80.2365493774,30916,30926,10
13.028429985,80.2360305786,30926,30936,10
13.0278501511,80.2353286743,30936,30946,10
13.0273103714,80.2343673706,30946,30957,11
13.0266895294,80.2333602905,30957,30967,10
13.026260376,80.2325134277,30967,30977,10
13.0261297226,80.2320480347,30977,30987,10
13.0260696411,80.2318267822,30987,30997,10
13.0259504318,80.231300354,30997,31007,10
13.0256996155,80.2305831909,31007,31017,10
13.0251598358,80.2297363281,31017,31027,10
13.0247402191,80.2292175293,31027,31037,10
13.0247297287,80.2292098999,31037,31047,10
13.0245399475,80.2289810181,31047,31057,10
13.0243701935,80.228767395,31057,31067,10
13.0240497589,80.2283706665,31067,31078,11
13.0239896774,80.2283096313,31078,31088,10
13.023900032,80.2281723022,31088,31098,10
13.0236902237,80.2279281616,31098,31108,10
13.0233802795,80.2276000977,31108,31118,10
13.0229196548,80.2271499634,31118,31128,10
13.0222396851,80.2265396118,31128,31138,10
13.0215702057,80.225982666,31138,31148,10
13.0207195282,80.2253723145,31148,31178,30
13.0207195282,80.2253723145,31178,31188,10
13.0203695297,80.2250823975,31188,31199,11
13.0199403763,80.2247772217,31199,31209,10
13.0194196701,80.2245407104,31209,31219,10
13.0185604095,80.2245788574,31219,31229,10
13.0175895691,80.2249679565,31229,31239,10
13.0170497894,80.2252197266,31239,31249,10
13.0168504715,80.2253112793,31249,31259,10
13.0166501999,80.2253799438,31259,31269,10
13.0164604187,80.2254562378,31269,31279,10
13.0162200928,80.2255401611,31279,31289,10
13.0157299042,80.2257003784,31289,31299,10
13.0150403976,80.2259902954,31299,31309,10
13.0144300461,80.2262268066,31309,31320,11
13.0143604279,80.2262573242,31320,31330,10
13.0142803192,80.22631073,31330,31340,10
13.0138101578,80.2264862061,31340,31350,10
13.0130901337,80.2267532349,31350,31360,10
13.0122804642,80.2270812988,31360,31370,10
13.0113801956,80.227432251,31370,31380,10
13.0104598999,80.2277908325,31380,31390,10
13.009759903,80.2280883789,31390,31400,10
13.0092000961,80.2285308838,31400,31410,10
13.0090303421,80.2294006348,31410,31420,10
13.0088195801,80.230430603,31420,31429,9
13.0086402893,80.2313613892,31429,31441,12
13.0084104538,80.2325668335,31441,31451,10
13.0082702637,80.2335128784,31451,31471,20
13.0082702637,80.2335128784,31471,31481,10
13.008190155,80.2337493896,31481,31491,10
13.0080900192,80.2342300415,31491,31501,10
13.0079402924,80.2349624634,31501,31511,10
13.0077600479,80.2358779907,31511,31521,10
13.0075502396,80.2369384766,31521,31531,10
13.007349968,80.2379684448,31531,31541,10
13.0072202682,80.2387695313,31541,31551,10
13.0070800781,80.2394866943,31551,31572,21
13.0070800781,80.2394866943,31572,31582,10
13.0071401596,80.2395401001,31582,31592,10
13.0069999695,80.239982605,31592,31602,10
13.0069103241,80.2405929565,31602,31612,10
13.0068502426,80.2409210205,31612,31622,10
13.0068101883,80.2410583496,31622,31632,10
13.0067796707,80.2416992188,31632,31642,10
13.006770134,80.2426071167,31642,31652,10
13.006770134,80.2434234619,31652,31662,10
13.0067300797,80.2439498901,31662,31673,11
13.0067300797,80.2445831299,31673,31683,10
13.0067100525,80.2450714111,31683,31693,10
13.0067396164,80.2454299927,31693,31703,10
13.0067396164,80.245552063,31703,31713,10
13.0067501068,80.2458572388,31713,31723,10
13.0067501068,80.245880127,31723,31733,10
13.006770134,80.2461929321,31733,31743,10
13.0067796707,80.2464981079,31743,31753,10
13.0067796707,80.2470169067,31753,31763,10
13.0067501068,80.2476577759,31763,31773,10
13.0067596436,80.2485275269,31773,31783,10
13.0067996979,80.2496414185,31783,31794,11
13.0068302155,80.2509384155,31794,31804,10
13.006770134,80.2517089844,31804,31814,10
13.0065803528,80.2526092529,31814,31824,10
13.0065698624,80.2537689209,31824,31834,10
13.0066099167,80.2551116943,31834,31854,20
13.0066099167,80.2551116943,31854,31864,10
13.0065803528,80.2553634644,31864,31874,10
13.0065898895,80.2560119629,31874,31884,10
13.0066404343,80.2567977905,31884,31894,10
13.0066699982,80.2570800781,31894,31904,10
13.0066795349,80.2571411133,31904,31914,10
13.0067396164,80.2573928833,31914,31925,11
13.0064096451,80.2575378418,31925,31935,10
13.0058403015,80.2574081421,31935,31945,10
13.0051298141,80.2572402954,31945,31955,10
13.0043201447,80.2570724487,31955,31965,10
13.0035104752,80.2568969727,31965,31975,10
13.0026302338,80.256729126,31975,31985,10
13.0016202927,80.2565689087,31985,31995,10
13.0005197525,80.256401062,31995,32005,10
12.99958992,80.2562713623,32005,32015,10
12.9984798431,80.2560501099,32015,32035,20
12.9984798431,80.2560501099,32035,32046,11
12.998339653,80.2560577393,32046,32056,10
12.9979200363,80.2559280396,32056,32066,10
12.9970502853,80.2559204102,32066,32076,10
12.9964504242,80.2559204102,32076,32086,10
12.9959897995,80.2558822632,32086,32096,10
12.9957895279,80.2558364868,32096,32106,10
12.9954795837,80.255897522,32106,32116,10
12.9949598312,80.2559204102,32116,32126,10
12.9943799973,80.2559509277,32126,32136,10
12.9937000275,80.2560272217,32136,32146,10
12.9927997589,80.2560577393,32146,32156,10
12.9917402267,80.2560272217,32156,32167,11
12.9909801483,80.2560272217,32167,32177,10
12.9909296036,80.2560195923,32177,32187,10
12.9906396866,80.2559967041,32187,32197,10
12.9903202057,80.2559814453,32197,32207,10
12.9897699356,80.2559967041,32207,32217,10
12.988699913,80.2559204102,32217,32288,71
12.988699913,80.2559204102,32288,32298,10
12.9882097244,80.2558898926,32298,32308,10
12.9878196716,80.2558364868,32308,32318,10
12.9876499176,80.2563095093,32318,32328,10
12.9875898361,80.2570877075,32328,32338,10
12.9875097275,80.2580108643,32338,32348,10
12.9874401093,80.2588424683,32348,32358,10
12.9873199463,80.2593612671,32358,32398,40
12.9873199463,80.2593612671,32398,32409,11
12.987279892,80.2595062256,32409,32419,10
12.9871196747,80.2595825195,32419,32429,10
12.9870500565,80.259552002,32429,32439,10
12.9868297577,80.2595062256,32439,32449,10
12.9865999222,80.2594070435,32449,32459,10
12.986579895,80.2591400146,32459,32469,10
12.9867296219,80.2590332031,32469,33034,565
12.9867296219,80.2590332031,33034,33044,10
12.9867401123,80.2590332031,33044,33074,30
12.9867401123,80.2590332031,33074,33084,10
12.9870500565,80.2590789795,33084,33094,10
12.9871797562,80.2591094971,33094,33104,10
12.9873600006,80.2589492798,33104,33114,10
12.9874200821,80.2583999634,33114,33124,10
12.9874601364,80.2579193115,33124,33134,10
12.9875297546,80.2570495605,33134,33155,21
12.9875297546,80.2570495605,33155,33165,10
12.9875602722,80.256729126,33165,33175,10
12.9875802994,80.256401062,33175,33185,10
12.9876098633,80.2559814453,33185,33195,10
12.9878396988,80.2557601929,33195,33205,10
12.9880599976,80.2557983398,33205,33215,10
12.9883203506,80.2558364868,33215,33225,10
12.9885797501,80.2558822632,33225,33235,10
12.9888496399,80.2559127808,33235,33245,10
12.98898983,80.2559280396,33245,33255,10
12.9895601273,80.2559661865,33255,33266,11
12.9904098511,80.2559661865,33266,33276,10
12.9910802841,80.2560119629,33276,33286,10
12.9918403625,80.2560272217,33286,33296,10
12.9927396774,80.2560272217,33296,33306,10
12.9935598373,80.2559585571,33306,33376,70
12.9935598373,80.2559585571,33376,33387,11
12.9940395355,80.2559585571,33387,33397,10
12.9945402145,80.2559280396,33397,33407,10
12.9951601028,80.2558822632,33407,33417,10
12.9958400726,80.255859375,33417,33427,10
12.9967298508,80.255821228,33427,33467,40
12.9967298508,80.255821228,33467,33477,10
12.9968500137,80.255821228,33477,33487,10
12.9972200394,80.2558517456,33487,33497,10
12.9978199005,80.2558898926,33497,33508,11
12.9983701706,80.2559432983,33508,33518,10
12.9987697601,80.2559890747,33518,33528,10
12.9988698959,80.2560119629,33528,33538,10
12.9990797043,80.2560501099,33538,33548,10
12.9996500015,80.2561569214,33548,33558,10
13.000579834,80.2563400269,33558,33629,71
13.000579834,80.2563400269,33629,33639,10
13.000869751,80.2563705444,33639,33649,10
13.0012102127,80.2564468384,33649,33659,10
13.0014801025,80.2565307617,33659,33669,10
13.001950264,80.2565917969,33669,33679,10
13.002530098,80.2566986084,33679,33689,10
13.0031499863,80.2568206787,33689,33699,10
13.0037603378,80.2569274902,33699,33709,10
13.004529953,80.2570800781,33709,33719,10
13.0051298141,80.2571792603,33719,33729,10
13.005399704,80.2571792603,33729,33739,10
13.005490303,80.2572402954,33739,33750,11
13.0059299469,80.2573623657,33750,33760,10
13.006529808,80.2574005127,33760,33770,10
13.0065402985,80.2570495605,33770,33780,10
13.0064697266,80.2563171387,33780,33790,10
13.0065097809,80.2553863525,33790,33800,10
13.0065402985,80.2545928955,33800,33810,10
13.0065002441,80.253578186,33810,33820,10
13.0064897537,80.2531585693,33820,33830,10
13.0064401627,80.253036499,33830,33840,10
13.0064697266,80.252532959,33840,33850,10
13.0066604614,80.2516098022,33850,33860,10
13.0067501068,80.2504272461,33860,33871,11
13.006770134,80.2493515015,33871,33881,10
13.0066995621,80.2484512329,33881,33921,40
13.0066995621,80.2484512329,33921,33931,10
13.0067195892,80.2480316162,33931,33941,10
13.0066604614,80.2473678589,33941,33951,10
13.0066795349,80.2469406128,33951,33961,10
13.006649971,80.2468185425,33961,33971,10
13.0066604614,80.24659729,33971,33981,10
13.0066604614,80.2459182739,33981,33992,11
13.0066099167,80.2448883057,33992,34002,10
13.006529808,80.2440109253,34002,34012,10
13.0065803528,80.2432937622,34012,34022,10
13.0065698624,80.2424163818,34022,34032,10
13.0065498352,80.2414703369,34032,34042,10
13.0066003799,80.2407608032,34042,34052,10
13.0066404343,80.2406005859,34052,34062,10
13.0067396164,80.2402801514,34062,34072,10
13.0068597794,80.2397384644,34072,34082,10
13.0071001053,80.2387390137,34082,34092,10
13.0072898865,80.2377166748,34092,34102,10
13.0074195862,80.236869812,34102,34113,11
13.0074501038,80.2367095947,34113,34123,10
13.0075397491,80.2364425659,34123,34133,10
13.0076599121,80.2358398438,34133,34143,10
13.0077800751,80.2352218628,34143,34153,10
13.007900238,80.2346420288,34153,34163,10
13.008099556,80.2337722778,34163,34173,10
13.0083198547,80.232673645,34173,34183,10
13.0085697174,80.2314224243,34183,34193,10
13.0088195801,80.2300796509,34193,34203,10
13.0090703964,80.2288894653,34203,34213,10
13.0094003677,80.227722168,34213,34223,10
13.0099000931,80.2265701294,34223,34234,11
13.0104398727,80.225402832,34234,34244,10
13.0107803345,80.2246017456,34244,34254,10
13.0109300613,80.2242126465,34254,34264,10
13.0110502243,80.2238464355,34264,34274,10
13.0111703873,80.2232818604,34274,34284,10
13.0114603043,80.2226486206,34284,34294,10
13.0117301941,80.2218322754,34294,34304,10
13.0122003555,80.2214889526,34304,34314,10
13.0125904083,80.2219696045,34314,34324,10
13.0130996704,80.2225494385,34324,34334,10
13.0138301849,80.2231826782,34334,34343,9
13.0142002106,80.2237091064,34343,34355,12
13.0146903992,80.2244110107,34355,34365,10
13.0151195526,80.2247695923,34365,34375,10
13.0155496597,80.225151062,34375,34385,10
13.0161399841,80.2253875732,34385,34395,10
13.0169200897,80.2252197266,34395,34405,10
13.0177297592,80.2248916626,34405,34415,10
13.0183601379,80.2245864868,34415,34425,10
13.0187597275,80.2243881226,34425,34435,10
13.0189504623,80.2242889404,34435,34455,20
13.0189504623,80.2242889404,34455,34465,10
13.0191802979,80.2242736816,34465,34476,11
13.0193004608,80.224281311,34476,34486,10
13.0194997787,80.2243499756,34486,34496,10
13.0196199417,80.2244491577,34496,34506,10
13.0198297501,80.2245788574,34506,34516,10
13.0200996399,80.224822998,34516,34526,10
13.0203895569,80.2249984741,34526,34536,10
13.0206203461,80.225151062,34536,34546,10
13.0209302902,80.2253723145,34546,34556,10
13.0211200714,80.2255706787,34556,34566,10
13.0214099884,80.2257919312,34566,34586,20
13.0214099884,80.2257919312,34586,34596,10
13.0217599869,80.2259902954,34596,34607,11
13.0219297409,80.2261123657,34607,34617,10
13.0220804214,80.2262115479,34617,34627,10
13.0222101212,80.2263336182,34627,34637,10
13.0223798752,80.2265014648,34637,34647,10
13.0225896835,80.2266769409,34647,34677,30
13.0225896835,80.2266769409,34677,34687,10
13.0227403641,80.2269134521,34687,34707,20
13.0227403641,80.2269134521,34707,34718,11
13.0228996277,80.2271118164,34718,34728,10
13.0230102539,80.2272567749,34728,34738,10
13.023059845,80.2273406982,34738,34748,10
13.023229599,80.2274398804,34748,34758,10
13.0235004425,80.2276535034,34758,34768,10
13.0236997604,80.2277832031,34768,34778,10
13.0238599777,80.2278671265,34778,34788,10
13.0240402222,80.2280578613,34788,34818,30
13.0240402222,80.2280578613,34818,34828,10
13.0242004395,80.2282791138,34828,34838,10
13.0244197845,80.2285385132,34838,34849,11
13.0246095657,80.2288208008,34849,34859,10
13.0247802734,80.2290496826,34859,34869,10
13.0250196457,80.2293624878,34869,34879,10
13.0253896713,80.2298431396,34879,34889,10
13.0256700516,80.2301635742,34889,34970,81
13.0256700516,80.2301635742,34970,34980,10
13.0258703232,80.2304763794,34980,34990,10
13.0259799957,80.2306976318,34990,35000,10
13.0260601044,80.2310333252,35000,35010,10
13.026140213,80.2314910889,35010,35020,10
13.0263204575,80.2321624756,35020,35030,10
13.0266103745,80.2329483032,35030,35040,10
13.0270299911,80.2336273193,35040,35050,10
13.0274600983,80.2343826294,35050,35060,10
13.0277795792,80.2350311279,35060,35070,10
13.0281095505,80.2355499268,35070,35079,9
13.0285701752,80.2360534668,35079,35091,12
13.029009819,80.2365188599,35091,35101,10
13.0293598175,80.2368469238,35101,35111,10
13.0295801163,80.237121582,35111,35121,10
13.0296001434,80.237159729,35121,35131,10
13.0297002792,80.2373275757,35131,35141,10
13.0298099518,80.2374267578,35141,35151,10
13.0300197601,80.23777771,35151,35161,10
13.0303201675,80.2383117676,35161,35171,10
13.0306997299,80.2389373779,35171,35181,10
13.0309200287,80.239440918,35181,35191,10
13.0311498642,80.2398376465,35191,35201,10
13.0312995911,80.2399597168,35201,35212,11
13.0314302444,80.240272522,35212,35222,10
13.0314598083,80.240562439,35222,35232,10
13.0315198898,80.2406997681,35232,35242,10
13.0316295624,80.2408981323,35242,35252,10
13.0317697525,80.2411575317,35252,35262,10
13.0319595337,80.2415466309,35262,35272,10
13.03221035,80.2421188354,35272,35282,10
13.0327100754,80.2427368164,35282,35292,10
13.0332803726,80.243560791,35292,35302,10
13.0338001251,80.2443237305,35302,35312,10
13.0340795517,80.244682312,35312,35322,10
13.0343198776,80.2449417114,35322,35333,11
13.0346603394,80.2453689575,35333,35343,10
13.0350904465,80.2457962036,35343,35353,10
13.0355100632,80.2460479736,35353,35363,10
13.03565979,80.2460784912,35363,35373,10
13.0357303619,80.24609375,35373,35383,10
13.0359296799,80.2462234497,35383,35393,10
13.0362997055,80.2463607788,35393,35403,10
13.0368995667,80.2464981079,35403,35413,10
13.0374803543,80.2463989258,35413,35423,10
13.0379800797,80.2464828491,35423,35433,10
13.0382795334,80.2465667725,35433,35442,9
13.0389204025,80.2468338013,35442,35504,62
13.0389204025,80.2468338013,35504,35514,10
13.0392303467,80.2470016479,35514,35524,10
13.0396604538,80.2470397949,35524,35534,10
13.0399503708,80.2470626831,35534,35544,10
13.0406398773,80.2471618652,35544,35554,10
13.0409603119,80.2472305298,35554,35563,9
13.0411195755,80.2472686768,35563,35575,12
13.0418195724,80.2473831177,35575,35585,10
13.0421895981,80.247467041,35585,35595,10
13.0426597595,80.2476577759,35595,35605,10
13.0429401398,80.247756958,35605,35615,10
13.0433301926,80.2478637695,35615,35625,10
13.0437803268,80.2479019165,35625,35635,10
13.0443201065,80.2478408813,35635,35645,10
13.0448198318,80.2479400635,35645,35655,10
13.0452203751,80.2481918335,35655,35665,10
13.0457401276,80.2483825684,35665,35675,10
13.0469799042,80.2484207153,35675,35696,21
13.0469799042,80.2484207153,35696,35706,10
13.0472297668,80.2484893799,35706,35716,10
13.0476198196,80.2488632202,35716,35726,10
13.0480804443,80.2492980957,35726,35736,10
13.0485200882,80.2496871948,35736,35746,10
13.0489501953,80.249671936,35746,35756,10
13.0490598679,80.249671936,35756,35766,10
13.0494804382,80.2497711182,35766,35776,10
13.0500802994,80.2498779297,35776,35786,10
13.0508003235,80.2500228882,35786,35796,10
13.0513601303,80.2501525879,35796,35806,10
13.0518198013,80.2503890991,35806,35817,11
13.052069664,80.2506103516,35817,35827,10
13.0523004532,80.250869751,35827,35837,10
13.0523796082,80.2509994507,35837,35847,10
13.0525398254,80.2512207031,35847,35857,10
13.0526800156,80.2513809204,35857,35867,10
13.0528001785,80.2515335083,35867,35877,10
13.0529899597,80.2517623901,35877,35887,10
13.0531902313,80.2520217896,35887,35897,10
13.053319931,80.2522125244,35897,35907,10
13.0534496307,80.2523727417,35907,35917,10
13.0536003113,80.2526016235,35917,35936,19
13.0536003113,80.2526016235,35936,35948,12
13.0537700653,80.2528762817,35948,35958,10
13.0538797379,80.2530288696,35958,35968,10
13.0540599823,80.2532577515,35968,35978,10
13.054189682,80.2534408569,35978,35988,10
13.0543403625,80.2536392212,35988,35998,10
13.0544595718,80.2538070679,35998,36008,10
13.0546197891,80.2540283203,36008,36018,10
13.0547504425,80.2542495728,36018,36028,10
13.0548000336,80.2543182373,36028,36038,10
13.0550098419,80.2546005249,36038,36048,10
13.0551900864,80.2548370361,36048,36059,11
13.055390358,80.2551193237,36059,36069,10
13.0555295944,80.2553024292,36069,36079,10
13.055729866,80.2555389404,36079,36089,10
13.055850029,80.2556762695,36089,36099,10
13.0559902191,80.2558670044,36099,36109,10
13.0561103821,80.256072998,36109,36119,10
13.0562801361,80.2563095093,36119,36129,10
13.0565500259,80.2565765381,36129,36139,10
13.0568399429,80.2568283081,36139,36149,10
13.0568599701,80.2568435669,36149,36159,10
13.0570697784,80.2569732666,36159,36169,10
13.0574302673,80.2573013306,36169,36179,10
13.0575704575,80.25756073,36179,36190,11
13.0578403473,80.2577514648,36190,36200,10
13.0581703186,80.2582168579,36200,36210,10
13.0585203171,80.2587738037,36210,36220,10
13.0588798523,80.2591094971,36220,36230,10
13.0592298508,80.259727478,36230,36240,10
13.0598402023,80.2602462769,36240,36250,10
13.0603599548,80.2607879639,36250,36260,10
13.0606899261,80.2612228394,36260,36270,10
13.0607404709,80.2613296509,36270,36280,10
13.0609397888,80.2615890503,36280,36290,10
13.0613698959,80.2620620728,36290,36299,9
13.0616903305,80.2624130249,36299,36311,12
13.061920166,80.2626876831,36311,36321,10
13.0619697571,80.2627487183,36321,36331,10
13.0622301102,80.2630767822,36331,36341,10
13.0625696182,80.2634963989,36341,36351,10
13.0629301071,80.263961792,36351,36361,10
13.0632095337,80.2641983032,36361,36371,10
13.0633201599,80.2643737793,36371,36381,10
13.0635700226,80.2648162842,36381,36391,10
13.0638999939,80.265296936,36391,36401,10
13.0641202927,80.2656097412,36401,36411,10
13.0644397736,80.2660217285,36411,36421,10
13.0645799637,80.2661895752,36421,36432,11
13.064740181,80.2664108276,36432,36442,10
13.0648603439,80.2665863037,36442,36452,10
13.0650501251,80.2668533325,36452,36462,10
13.0655899048,80.2672424316,36462,36472,10
13.0660495758,80.2678070068,36472,36482,10
13.0663003922,80.2681503296,36482,36492,10
13.0663795471,80.2682189941,36492,36502,10
13.0664901733,80.2683105469,36502,36512,10
13.0666599274,80.2683868408,36512,36522,10
13.0670204163,80.2685394287,36522,36532,10
13.0670204163,80.2685470581,36532,36542,10
13.0672903061,80.2687225342,36542,36553,11
13.0677604675,80.2690505981,36553,36563,10
13.0681295395,80.269241333,36563,36573,10
13.0683498383,80.2691726685,36573,36582,9
13.0684299469,80.2688064575,36582,36593,11
13.0686101913,80.2682571411,36593,36603,10
13.0688800812,80.2674636841,36603,36613,10
13.0693798065,80.2668075562,36613,36623,10
13.0699100494,80.2663269043,36623,36633,10
13.0703697205,80.2658615112,36633,36643,10
13.0704202652,80.2658233643,36643,36653,10
13.0706300735,80.2656097412,36653,36663,10
13.0709600449,80.2652816772,36663,36674,11
13.071269989,80.2649612427,36674,36684,10
13.0717802048,80.2643814087,36684,36694,10
13.0722503662,80.2637023926,36694,36704,10
13.0725002289,80.2630462646,36704,36714,10
13.0726995468,80.262512207,36714,36724,10
13.0728902817,80.2619171143,36724,36734,10
13.0728998184,80.2618637085,36734,36744,10
13.0729503632,80.2616882324,36744,36754,10
13.0730304718,80.2613067627,36754,36764,10
13.0730600357,80.2612228394,36764,36774,10
13.0730800629,80.2608184814,36774,36784,10
13.0733699799,80.2604217529,36784,36795,11
13.0735797882,80.2599334717,36795,36805,10
13.0739603043,80.2594299316,36805,36815,10
13.0745401382,80.2589416504,36815,36825,10
13.0752696991,80.2583007813,36825,36845,20
13.0752696991,80.2583007813,36845,36855,10
13.0754995346,80.2581100464,36855,36875,20
13.0754995346,80.2581100464,36875,36885,10
13.0758304596,80.2578582764,36885,36895,10
13.0762701035,80.2574920654,36895,36905,10
13.0768604279,80.256980896,36905,36915,10
13.0775203705,80.256690979,36915,36926,11
13.0785303116,80.2565765381,36926,36936,10
13.0790395737,80.2564620972,36936,36946,10
13.0790596008,80.2561721802,36946,36956,10
13.0790195465,80.2556381226,36956,36966,10
13.0789699554,80.2548675537,36966,37087,121
13.0789699554,80.2548675537,37087,37097,10
13.0790700912,80.2546081543,37097,37107,10
13.0792198181,80.2544937134,37107,37117,10
13.0796098709,80.2545089722,37117,37127,10
13.0798501968,80.2545700073,37127,37137,10
13.079990387,80.2546234131,37137,37147,10
13.0805797577,80.2547225952,37147,37157,10
13.0812101364,80.2548065186,37157,37168,11
13.0816698074,80.2546920776,37168,37178,10
13.0818004608,80.2542495728,37178,37188,10
13.0818595886,80.2537612915,37188,37198,10
13.0818796158,80.253616333,37198,37208,10
13.0819196701,80.2531509399,37208,37218,10
13.081700325,80.2526626587,37218,37228,10
13.0814399719,80.2520980835,37228,37238,10
13.0814304352,80.2513275146,37238,37248,10
13.0813999176,80.250831604,37248,37258,10
13.0813903809,80.2503662109,37258,37268,10
13.0813302994,80.2498779297,37268,37278,10
13.081609726,80.2495803833,37278,37289,11
13.082159996,80.2497024536,37289,37299,10
13.0826101303,80.2497711182,37299,37309,10
13.0830402374,80.2498397827,37309,37319,10
13.0834999084,80.2499313354,37319,37329,10
13.0838003159,80.2499694824,37329,37339,10
13.0842199326,80.2500534058,37339,37349,10
13.0847396851,80.2501602173,37349,37359,10
13.0847702026,80.2501907349,37359,37369,10
13.084859848,80.2502593994,37369,37379,10
13.0853796005,80.250328064,37379,37389,10
13.0859098434,80.2502365112,37389,37399,10
13.0859003067,80.2496109009,37399,37410,11
13.0858402252,80.248878479,37410,37420,10
13.0858297348,80.248626709,37420,37430,10
13.0858097076,80.2481613159,37430,37440,10
13.0858602524,80.247543335,37440,37450,10
13.0857801437,80.2468414307,37450,37460,10
13.0857601166,80.2466201782,37460,37470,10
13.0857000351,80.24584198,37470,37520,50
13.0857000351,80.24584198,37520,37531,11
13.0856895447,80.2454299927,37531,37541,10
13.085849762,80.2450637817,37541,37551,10
13.0862798691,80.2447128296,37551,37561,10
13.0868797302,80.2442169189,37561,37571,10
13.0874795914,80.2437362671,37571,37581,10
13.0877799988,80.243270874,37581,37591,10
13.0878896713,80.2427520752,37591,37601,10
13.088139534,80.2420730591,37601,37611,10
13.0887203217,80.2416610718,37611,37621,10
13.0893297195,80.2412490845,37621,37631,10
13.0898895264,80.2409286499,37631,37641,10
13.0906200409,80.2407989502,37641,37651,10
13.0915699005,80.2408370972,37651,37662,11
13.0924901962,80.2408905029,37662,37672,10
13.0928096771,80.2408981323,37672,37682,10
13.0934801102,80.2409973145,37682,37692,10
13.0942497253,80.2411270142,37692,37702,10
13.094329834,80.2411422729,37702,37712,10
13.0944595337,80.2411575317,37712,37722,10
13.095000267,80.2412872314,37722,37732,10
13.0956096649,80.2414703369,37732,37742,10
13.0960502625,80.2416381836,37742,37752,10
13.0966100693,80.241859436,37752,37762,10
13.0972795486,80.2420196533,37762,37823,61
13.0972795486,80.2420196533,37823,37833,10
13.0976104736,80.2421035767,37833,37843,10
13.0981903076,80.2422485352,37843,37853,10
13.0985603333,80.2422637939,37853,37863,10
13.0985803604,80.2422409058,37863,37873,10
13.0987501144,80.2421264648,37873,37883,10
13.0986995697,80.2418212891,37883,37893,10
13.0984897614,80.2418136597,37893,37904,11
13.0984897614,80.2420730591,37904,38095,191
13.0984897614,80.2420730591,38095,38105,10
13.0985403061,80.2423095703,38105,38115,10
13.0984601974,80.2423400879,38115,38125,10
13.0980300903,80.2423019409,38125,38135,10
13.0976295471,80.2422180176,38135,38146,11
13.0972499847,80.2421035767,38146,38156,10
13.0968904495,80.2419815063,38156,38166,10
13.096449852,80.241859436,38166,38176,10
13.0957202911,80.2416229248,38176,38196,20
13.0957202911,80.2416229248,38196,38206,10
13.0954904556,80.2415313721,38206,38216,10
13.0950098038,80.2413635254,38216,38226,10
13.0944795609,80.2412567139,38226,38236,10
13.0935497284,80.2410812378,38236,38256,20
13.0935497284,80.2410812378,38256,38267,11
13.0932502747,80.2410430908,38267,38277,10
13.0927095413,80.2409667969,38277,38287,10
13.0921497345,80.2409286499,38287,38297,10
13.0914697647,80.2408828735,38297,38307,10
13.0907297134,80.240852356,38307,38317,10
13.0900096893,80.2409133911,38317,38327,10
13.0893602371,80.2412490845,38327,38337,10
13.0887498856,80.2416763306,38337,38347,10
13.0881004333,80.2421875,38347,38357,10
13.0879001617,80.2429733276,38357,38367,10
13.0878200531,80.2432785034,38367,38377,10
13.0875101089,80.2437362671,38377,38386,9
13.0871295929,80.2440490723,38386,38398,12
13.0869398117,80.2442092896,38398,38408,10
13.0866699219,80.2444534302,38408,38418,10
13.0863103867,80.2447433472,38418,38428,10
13.0860204697,80.2449798584,38428,38438,10
13.0859098434,80.2450714111,38438,38448,10
13.0857200623,80.2452774048,38448,38458,10
13.0857200623,80.2457504272,38458,38468,10
13.0857896805,80.2464523315,38468,38478,10
13.0857801437,80.2465286255,38478,38488,10
13.0857601166,80.2466812134,38488,38498,10
13.0858097076,80.2471923828,38498,38509,11
13.0858697891,80.2481079102,38509,38519,10
13.0858898163,80.2489929199,38519,38529,10
13.0859699249,80.25025177,38529,38559,30
13.0859603882,80.2504119873,38559,38589,30
13.0859603882,80.2504119873,38589,38599,10
13.0858898163,80.250541687,38599,38609,10
13.0858097076,80.2509307861,38609,38619,10
13.0857400894,80.2515487671,38619,38629,10
13.085650444,80.2520980835,38629,38640,11
13.0856103897,80.2526092529,38640,38650,10
13.0855703354,80.2531280518,38650,38660,10
13.0855703354,80.2535324097,38660,38670,10
13.0856304169,80.2541427612,38670,38680,10
13.0854597092,80.2546615601,38680,38690,10
13.0849399567,80.2546920776,38690,38700,10
13.0839500427,80.2546081543,38700,38720,20
13.0839500427,80.2546081543,38720,38730,10
13.0835103989,80.2545318604,38730,38740,10
13.0828199387,80.2544784546,38740,38749,9
13.0823602676,80.2544784546,38749,38761,12
13.0816698074,80.2547531128,38761,38771,10
13.0811004639,80.2548217773,38771,38781,10
13.0808801651,80.2548065186,38781,38791,10
13.0806398392,80.2547912598,38791,38801,10
13.0800695419,80.2547073364,38801,38811,10
13.0793104172,80.2546310425,38811,38841,30
13.0793104172,80.2546310425,38841,38851,10
13.0790596008,80.2546463013,38851,38861,10
13.0790300369,80.2551116943,38861,38871,10
13.0791101456,80.2559661865,38871,38882,11
13.0789604187,80.2566223145,38882,38892,10
13.0779895782,80.2566680908,38892,38902,10
13.0779895782,80.2566680908,38902,38912,10
13.0774698257,80.2567367554,38912,38921,9
13.0769395828,80.2569503784,38921,38932,11
13.0763196945,80.2574386597,38932,38942,10
13.0756998062,80.2580490112,38942,38952,10
13.0754995346,80.2583770752,38952,38962,10
13.0755901337,80.2586669922,38962,38972,10
13.0757303238,80.2591934204,38972,38982,10
13.0759897232,80.2595596313,38982,38991,9
13.0763502121,80.2598724365,38991,39003,12
13.0768899918,80.2603378296,39003,39013,10
13.0773000717,80.2608337402,39013,39023,10
13.0775499344,80.2614898682,39023,39033,10
13.0777797699,80.2619628906,39033,39073,40
13.0777797699,80.2619628906,39073,39083,10
13.0778303146,80.2621994019,39083,39093,10
13.0778999329,80.2625579834,39093,39103,10
13.0780296326,80.2630310059,39103,39113,10
13.0780801773,80.2633285522,39113,39124,11
13.0777902603,80.2635879517,39124,39134,10
13.0773096085,80.2639923096,39134,39144,10
13.0766601563,80.2641372681,39144,39154,10
13.0760002136,80.264213562,39154,39164,10
13.0754699707,80.2639007568,39164,39174,10
13.0749902725,80.2632980347,39174,39184,10
13.074669838,80.262878418,39184,39194,10
13.0743303299,80.2624588013,39194,39204,10
13.0739803314,80.2620315552,39204,39214,10
13.0737495422,80.2617492676,39214,39224,10
13.0737400055,80.2617263794,39224,39233,9
13.0736398697,80.2615737915,39233,39245,12
13.0731496811,80.2614212036,39245,39255,10
13.0728902817,80.2620391846,39255,39265,10
13.0727300644,80.2625579834,39265,39275,10
13.0725498199,80.2630691528,39275,39285,10
13.0723304749,80.2636413574,39285,39295,10
13.0720596313,80.2641067505,39295,39305,10
13.0717697144,80.2643966675,39305,39315,10
13.071559906,80.2646026611,39315,39325,10
13.0714998245,80.2646331787,39325,39335,10
13.0712203979,80.2649307251,39335,39345,10
13.0710401535,80.2651290894,39345,39354,9
13.0709199905,80.2652893066,39354,39365,11
13.0705499649,80.2656478882,39365,39376,11
13.0700101852,80.2662200928,39376,39386,10
13.0694999695,80.2667312622,39386,39396,10
13.0690202713,80.2672271729,39396,39406,10
13.068810463,80.2677536011,39406,39416,10
13.0687103271,80.2679672241,39416,39426,10
13.0685997009,80.2683868408,39426,39436,10
13.0684604645,80.2688217163,39436,39446,10
13.0683698654,80.269241333,39446,39456,10
13.0683097839,80.2695999146,39456,39466,10
13.0683097839,80.2696533203,39466,39476,10
13.0682601929,80.2698516846,39476,39577,101
13.0682601929,80.2698516846,39577,39587,10
13.068189621,80.2701568604,39587,39597,10
13.0681400299,80.2705535889,39597,39607,10
13.0680198669,80.270980835,39607,39618,11
13.06772995,80.2709503174,39618,39628,10
13.0670995712,80.270362854,39628,39648,20
13.0670995712,80.270362854,39648,39658,10
13.06690979,80.270111084,39658,39668,10
13.0665597916,80.2696075439,39668,39678,10
13.0663995743,80.2688980103,39678,39688,10
13.0661201477,80.2681808472,39688,39698,10
13.0656700134,80.2677612305,39698,39708,10
13.0653896332,80.2677230835,39708,39728,20
13.0653896332,80.2677230835,39728,39739,11
13.065030098,80.2676391602,39739,39749,10
13.0644598007,80.2675170898,39749,39759,10
13.0638504028,80.2674026489,39759,39769,10
13.0630702972,80.267288208,39769,39779,10
13.0624198914,80.2669219971,39779,39789,10
13.0619401932,80.2662734985,39789,39799,10
13.0614700317,80.2656402588,39799,39809,10
13.0605697632,80.2653808594,39809,39829,20
13.0605697632,80.2653808594,39829,39839,10
13.0603399277,80.2654724121,39839,39849,10
13.0598201752,80.2656173706,39849,39860,11
13.0590696335,80.2655487061,39860,39870,10
13.0586795807,80.2654724121,39870,39880,10
13.0586795807,80.2654571533,39880,39890,10
13.0586500168,80.2654037476,39890,39900,10
13.0582199097,80.2652282715,39900,39910,10
13.0580301285,80.2645874023,39910,39920,10
13.0579004288,80.2638092041,39920,39930,10
13.0577802658,80.2629776001,39930,39940,10
13.0577001572,80.2621917725,39940,39950,10
13.0575704575,80.261428833,39950,39960,10
13.057390213,80.2607498169,39960,39970,10
13.0571403503,80.2599182129,39970,39981,11
13.0569000244,80.2590408325,39981,39991,10
13.0567102432,80.2583465576,39991,40001,10
13.056520462,80.2573928833,40001,40021,20
13.056520462,80.2573928833,40021,40031,10
13.0564498901,80.2571563721,40031,40041,10
13.0564203262,80.2568511963,40041,40051,10
13.0562801361,80.2565002441,40051,40061,10
13.0559997559,80.2560501099,40061,40071,10
13.0555801392,80.2554779053,40071,40081,10
13.0551300049,80.2548675537,40081,40090,9
13.0546302795,80.2542190552,40090,40101,11
13.0541000366,80.253578186,40101,40112,11
13.0540800095,80.2535324097,40112,40122,10
13.0538902283,80.2532730103,40122,40132,10
13.0535297394,80.2527313232,40132,40142,10
13.0530195236,80.2520217896,40142,40152,10
13.0523996353,80.2512130737,40152,40162,10
13.051659584,80.2503967285,40162,40172,10
13.0506801605,80.2500228882,40172,40182,10
13.0497102737,80.2498321533,40182,40192,10
13.0487804413,80.2497406006,40192,40202,10
13.0481004715,80.2494277954,40202,40212,10
13.0474500656,80.248878479,40212,40222,10
13.04708004,80.2486801147,40222,40233,11
13.0470399857,80.2486724854,40233,40243,10
13.0468397141,80.2486190796,40243,40253,10
13.0462303162,80.2485275269,40253,40263,10
13.0455102921,80.2483596802,40263,40273,10
13.0449800491,80.2482070923,40273,40283,10
13.0443201065,80.2481002808,40283,40293,10
13.0438404083,80.2479705811,40293,40303,10
13.043510437,80.2479400635,40303,40313,10
13.043009758,80.2478790283,40313,40323,10
13.0424604416,80.2478027344,40323,40333,10
13.0420598984,80.2476882935,40333,40344,11
13.0417404175,80.2475814819,40344,40354,10
13.0415401459,80.2475280762,40354,40364,10
13.0415096283,80.2474975586,40364,40374,10
13.0410900116,80.2473983765,40374,40384,10
13.040430069,80.2472610474,40384,40394,10
13.0399198532,80.2471923828,40394,40434,40
13.0399198532,80.2471923828,40434,40444,10
13.0397596359,80.2469711304,40444,40454,10
13.0395803452,80.246963501,40454,40464,10
13.0389299393,80.2468566895,40464,40475,11
13.0381498337,80.2467727661,40475,40485,10
13.0374603271,80.246673584,40485,40495,10
13.0367097855,80.2465209961,40495,40505,10
13.0358800888,80.246307373,40505,40515,10
13.0352497101,80.2460784912,40515,40525,10
13.0351896286,80.2460479736,40525,40535,10
13.0351200104,80.2460632324,40535,40545,10
13.0348100662,80.2457580566,40545,40555,10
13.0343599319,80.2451400757,40555,40565,10
13.0338897705,80.2446365356,40565,40575,10
13.0334701538,80.2440795898,40575,40585,10
13.0328798294,80.2433395386,40585,40596,11
13.0321903229,80.2423782349,40596,40606,10
13.0316095352,80.2412109375,40606,40636,30
13.0316095352,80.2412109375,40636,40646,10
13.0315799713,80.2409820557,40646,40656,10
13.0313301086,80.2404708862,40656,40666,10
13.0310297012,80.2398071289,40666,40676,10
13.0305995941,80.2390518188,40676,40686,10
13.0300397873,80.2380905151,40686,40695,9
13.0294704437,80.237197876,40695,40706,11
13.0290899277,80.2368164063,40706,40717,11
13.0290803909,80.2367782593,40717,40727,10
13.0287799835,80.2365112305,40727,40737,10
13.028260231,80.2359619141,40737,40747,10
13.0277099609,80.235206604,40747,40757,10
13.0271596909,80.2342300415,40757,40767,10
13.0266304016,80.2333374023,40767,40777,10
13.0262804031,80.2325897217,40777,40787,10
13.0261201859,80.2320022583,40787,40797,10
13.0260095596,80.2316589355,40797,40807,10
13.0260095596,80.2316436768,40807,40817,10
13.0260000229,80.2315292358,40817,40826,9
13.0259103775,80.2311019897,40826,40838,12
13.0255002975,80.230178833,40838,40848,10
13.0249700546,80.2295074463,40848,40858,10
13.0245399475,80.2289886475,40858,40868,10
13.0239200592,80.2282714844,40868,40888,20
13.0239200592,80.2282714844,40888,40898,10
13.0238103867,80.2281036377,40898,40908,10
13.0234498978,80.2277374268,40908,40918,10
13.0229701996,80.2272491455,40918,40928,10
13.0223302841,80.2266616821,40928,40938,10
13.0214996338,80.2259902954,40938,40948,10
13.0206604004,80.2253417969,40948,40958,10
13.0197200775,80.2247085571,40958,40969,11
13.0184602737,80.2245864868,40969,40979,10
13.0177202225,80.224937439,40979,40989,10
13.0169801712,80.2252502441,40989,40999,10
13.0166397095,80.2253875732,40999,41009,10
13.0164203644,80.2254714966,41009,41019,10
13.0160503387,80.2256088257,41019,41029,10
13.0154399872,80.2258071899,41029,41039,10
13.0148000717,80.2260665894,41039,41049,10
13.0142803192,80.2262878418,41049,41059,10
13.0142698288,80.2263031006,41059,41069,10
13.0140895844,80.2263870239,41069,41080,11
13.0134601593,80.226600647,41080,41090,10
13.0126600266,80.2269134521,41090,41100,10
13.0116500854,80.2273025513,41100,41110,10
13.0104703903,80.2277603149,41110,41120,10
13.0094299316,80.2282180786,41120,41130,10
13.0090103149,80.2291564941,41130,41140,10
13.0087900162,80.2303237915,41140,41150,10
13.0086097717,80.2313919067,41150,41160,10
13.0084400177,80.2323226929,41160,41170,10
13.0082902908,80.2331619263,41170,41180,10
13.0082302094,80.2335891724,41180,41190,10
13.008190155,80.2336502075,41190,41200,10
13.0080900192,80.2340087891,41200,41211,11
13.0079603195,80.2347717285,41211,41221,10
13.0077600479,80.2357406616,41221,41231,10
13.0075502396,80.2368774414,41231,41241,10
13.0073099136,80.2380065918,41241,41251,10
13.0071496964,80.2389831543,41251,41261,10
13.0069904327,80.2398605347,41261,41291,30
13.0069904327,80.2398605347,41291,41301,10
13.0069599152,80.240196228,41301,41311,10
13.0068502426,80.2405776978,41311,41321,10
13.0068302155,80.2406616211,41321,41332,11
13.006770134,80.2409820557,41332,41342,10
13.0067396164,80.2416534424,41342,41352,10
13.0067195892,80.2424468994,41352,41362,10
13.0066900253,80.2431335449,41362,41372,10
13.0066900253,80.2434997559,41372,41392,20
13.0066900253,80.2434997559,41392,41402,10
13.0066995621,80.2437133789,41402,41412,10
13.0067195892,80.2439804077,41412,41422,10
13.0066995621,80.2443466187,41422,41431,9
13.0066995621,80.2446670532,41431,41442,11
13.0066995621,80.2451019287,41442,41453,11
13.0067195892,80.2455291748,41453,41463,10
13.0067195892,80.2456283569,41463,41473,10
13.0067300797,80.2458267212,41473,41483,10
13.0067195892,80.2459182739,41483,41493,10
13.0067396164,80.2461395264,41493,41503,10
13.0067396164,80.24659729,41503,41513,10
13.0067396164,80.2473068237,41513,41523,10
13.0067300797,80.2481918335,41523,41533,10
13.0067901611,80.2493362427,41533,41543,10
13.006819725,80.2510299683,41543,41572,29
13.006819725,80.2510299683,41572,41584,12
13.0067996979,80.2511978149,41584,41594,10
13.0067796707,80.2516021729,41594,41604,10
13.0066204071,80.2522735596,41604,41614,10
13.0065803528,80.2531661987,41614,41624,10
13.0065898895,80.2540969849,41624,41634,10
13.0066404343,80.2548828125,41634,41644,10
13.0066099167,80.255027771,41644,41654,10
13.0066003799,80.2552719116,41654,41664,10
13.0066099167,80.2559585571,41664,41674,10
13.0066299438,80.2568664551,41674,41684,10
13.0067100525,80.25730896,41684,41775,91
13.0067100525,80.25730896,41775,41785,10
13.0066099167,80.2575073242,41785,41795,10
13.0061798096,80.2574310303,41795,41805,10
13.0053396225,80.2573471069,41805,41815,10
13.004529953,80.2571563721,41815,41826,11
13.0037002563,80.2570114136,41826,41836,10
13.0029401779,80.2568588257,41836,41846,10
13.0022001266,80.2567214966,41846,41856,10
13.0013599396,80.2566070557,41856,41906,50
13.0013599396,80.2566070557,41906,41916,10
13.0011901855,80.2565765381,41916,41926,10
13.0008001328,80.2565002441,41926,41936,10
13.000120163,80.2563934326,41936,41947,11
12.9996299744,80.2562866211,41947,41967,20
12.9996299744,80.2562866211,41967,41977,10
12.999329567,80.2561798096,41977,41987,10
12.9983797073,80.2560424805,41987,42007,20
12.9983797073,80.2560424805,42007,42017,10
12.9982500076,80.2560577393,42017,42027,10
12.9978103638,80.2560195923,42027,42047,20
12.9978103638,80.2560195923,42047,42056,9
12.9976902008,80.2560424805,42056,42068,12
12.9976997375,80.2562484741,42068,42078,10
12.9978303909,80.2565689087,42078,42088,10
12.9976100922,80.2569122314,42088,42219,131
12.9976100922,80.2569122314,42219,42229,10
12.9974803925,80.2567825317,42229,42239,10
12.9975595474,80.256401062,42239,42249,10
12.997590065,80.2562026978,42249,42259,10
12.9976196289,80.2560424805,42259,42269,10
12.9971199036,80.2559661865,42269,42299,30
12.9971199036,80.2559661865,42299,42309,10
12.9969301224,80.2559280396,42309,42320,11
12.9966402054,80.2559204102,42320,42330,10
12.9960298538,80.2559204102,42330,42340,10
12.9954099655,80.2559509277,42340,42350,10
12.9947500229,80.2559280396,42350,42360,10
12.9939098358,80.2559967041,42360,42370,10
12.9928998947,80.256072998,42370,42380,10
12.9918203354,80.2560882568,42380,42390,10
12.9909000397,80.2560501099,42390,42400,10
12.9901399612,80.2560119629,42400,42410,10
12.9891004562,80.2559890747,42410,42420,10
12.9886198044,80.2559127808,42420,42430,10
12.9885597229,80.2558364868,42430,42441,11
12.9881000519,80.2557983398,42441,42451,10
12.9879302979,80.2557830811,42451,42471,20
12.9879302979,80.2557830811,42471,42481,10
12.9876203537,80.2560272217,42481,42491,10
12.9875898361,80.2566223145,42491,42501,10
12.9875402451,80.2572021484,42501,42511,10
12.9874801636,80.2578964233,42511,42521,10
12.987449646,80.2586135864,42521,42531,10
12.9873800278,80.2591094971,42531,42541,10
12.9872903824,80.2595672607,42541,42582,41
12.9872903824,80.2595672607,42582,42592,10
12.9870195389,80.2596588135,42592,42602,10
12.9867095947,80.2596435547,42602,43015,413
12.9867095947,80.2596435547,43015,43025,10
12.9865903854,80.259262085,43025,43034,9
12.9866695404,80.2591171265,43034,43066,32
12.9866695404,80.2591171265,43066,43076,10
12.9870901108,80.2591934204,43076,43086,10
12.987279892,80.2591094971,43086,43096,10
12.9872903824,80.2587814331,43096,43116,20
12.9872903824,80.2587814331,43116,43126,10
12.9873199463,80.2584381104,43126,43136,10
12.9873800278,80.258140564,43136,43146,10
12.9874401093,80.2574768066,43146,43156,10
12.9875202179,80.2566986084,43156,43166,10
12.9875602722,80.256149292,43166,43277,111
12.9875602722,80.256149292,43277,43287,10
12.9877004623,80.2557983398,43287,43297,10
12.9880399704,80.2558364868,43297,43308,11
12.9884195328,80.255897522,43308,43318,10
12.9884500504,80.255897522,43318,43328,10
12.9887599945,80.2559280396,43328,43338,10
12.9890298843,80.2559661865,43338,43348,10
12.9895200729,80.2560195923,43348,43358,10
12.9902000427,80.2560424805,43358,43368,10
12.9907903671,80.2560577393,43368,43378,10
12.9915895462,80.2560882568,43378,43388,10
12.9925403595,80.2560806274,43388,43398,10
12.9934902191,80.2560119629,43398,43408,10
12.9942703247,80.2559661865,43408,43418,10
12.9950504303,80.2558898926,43418,43429,11
12.9958400726,80.2558670044,43429,43439,10
12.9964399338,80.2558670044,43439,43449,10
12.9967298508,80.2558364868,43449,43459,10
12.9968900681,80.255859375,43459,43469,10
12.9970197678,80.2558898926,43469,43479,10
12.9972600937,80.2559204102,43479,43489,10
12.997590065,80.2559204102,43489,43499,10
12.9978599548,80.2559127808,43499,43509,10
12.9984102249,80.2559967041,43509,43529,20
12.9984102249,80.2559967041,43529,43540,11
12.9986400604,80.2561035156,43540,43550,10
12.9991703033,80.2561569214,43550,43560,10
12.9995002747,80.2562026978,43560,43570,10
12.9997797012,80.2562789917,43570,43580,10
13.0000801086,80.2563476563,43580,43590,10
13.0007200241,80.256439209,43590,43600,10
13.0014095306,80.2565917969,43600,43610,10
13.0020599365,80.2566680908,43610,43620,10
13.0027198792,80.2567825317,43620,43630,10
13.0032997131,80.2568817139,43630,43640,10
13.0038900375,80.2569885254,43640,43650,10
13.0043401718,80.2570800781,43650,43659,9
13.0047502518,80.2572021484,43659,43671,12
13.0054597855,80.25730896,43671,43681,10
13.0058698654,80.2573928833,43681,43691,10
13.0060195923,80.2574234009,43691,43701,10
13.0061702728,80.2574462891,43701,43711,10
13.006360054,80.2575073242,43711,43721,10
13.0066099167,80.2574386597,43721,43731,10
13.0065202713,80.2570571899,43731,43741,10
13.0065803528,80.2565994263,43741,43751,10
13.0065698624,80.2559585571,43751,43761,10
13.0065698624,80.2553634644,43761,43771,10
13.0065803528,80.2545700073,43771,43781,10
13.0065803528,80.2536315918,43781,43791,10
13.0065698624,80.2532424927,43791,43802,11
13.0066003799,80.2530288696,43802,43812,10
13.006649971,80.2523117065,43812,43872,60
13.006649971,80.2523117065,43872,43882,10
13.0066795349,80.2521972656,43882,43892,10
13.0067300797,80.2517471313,43892,43902,10
13.0068502426,80.2510375977,43902,43911,9
13.0068302155,80.2500228882,43911,43923,12
13.0067796707,80.248916626,43923,44054,131
13.0067796707,80.248916626,44054,44064,10
13.0066604614,80.2486419678,44064,44074,10
13.0066604614,80.248260498,44074,44084,10
13.0066299438,80.2476730347,44084,44094,10
13.0066404343,80.2470321655,44094,44104,10
13.0065803528,80.2466812134,44104,44124,20
13.0065803528,80.2466812134,44124,44134,10
13.0065898895,80.2465133667,44134,44144,10
13.0066404343,80.2459564209,44144,44153,9
13.0066404343,80.2454681396,44153,44165,12
13.0066604614,80.2450027466,44165,44175,10
13.0066299438,80.244682312,44175,44185,10
13.0066604614,80.244392395,44185,44195,10
13.0066404343,80.2440338135,44195,44205,10
13.006649971,80.2434768677,44205,44215,10
13.0066003799,80.2425918579,44215,44225,10
13.0066003799,80.241859436,44225,44235,10
13.0066404343,80.2415924072,44235,44245,10
13.0067100525,80.2409667969,44245,44255,10
13.0066995621,80.2405014038,44255,44265,10
13.0067901611,80.2403182983,44265,44275,10
13.0068798065,80.2398223877,44275,44285,10
13.0070400238,80.2389373779,44285,44296,11
13.007229805,80.2380065918,44296,44306,10
13.0074195862,80.2368011475,44306,44336,30
13.0074195862,80.2368011475,44336,44346,10
13.0075302124,80.2365570068,44346,44356,10
13.0076303482,80.2361297607,44356,44366,10
13.0077800751,80.2355194092,44366,44376,10
13.0078601837,80.2350997925,44376,44386,10
13.0079898834,80.2344436646,44386,44396,10
13.0081701279,80.2335586548,44396,44406,10
13.0083799362,80.2325210571,44406,44417,11
13.0086202621,80.231262207,44417,44427,10
13.0087795258,80.2300796509,44427,44437,10
13.0090398788,80.2288284302,44437,44447,10
13.0094299316,80.2277069092,44447,44457,10
13.0099601746,80.2265701294,44457,44467,10
13.0104198456,80.2255477905,44467,44477,10
13.0107002258,80.2248764038,44477,44487,10
13.0109901428,80.2241210938,44487,44497,10
13.0114402771,80.22315979,44497,44507,10
13.0118198395,80.2221603394,44507,44517,10
13.0121297836,80.2216873169,44517,44527,10
13.0125303268,80.2217025757,44527,44538,11
13.0129804611,80.2223434448,44538,44548,10
13.0136098862,80.2230606079,44548,44558,10
13.0142402649,80.223739624,44558,44568,10
13.014749527,80.2243118286,44568,44578,10
13.0152397156,80.224822998,44578,44588,10
13.0159502029,80.2253417969,44588,44598,10
13.0168895721,80.2251968384,44598,44608,10
13.0178604126,80.2247924805,44608,44618,10
13.0187902451,80.2244110107,44618,44628,10
13.0193195343,80.2242965698,44628,44638,10
13.0193195343,80.2243118286,44638,44648,10
13.0195102692,80.2244567871,44648,44659,11
13.019780159,80.224609375,44659,44669,10
13.0197896957,80.2246322632,44669,44679,10
13.0199604034,80.2247467041,44679,44689,10
13.020359993,80.2250595093,44689,44699,10
13.0209302902,80.2254562378,44699,44709,10
13.0216302872,80.226020813,44709,44719,10
13.0224504471,80.2267074585,44719,44729,10
13.0233201981,80.2274703979,44729,44739,10
13.0240497589,80.2281494141,44739,44749,10
13.0243301392,80.2284393311,44749,44759,10
13.0243902206,80.2285232544,44759,44769,10
13.0246200562,80.2288894653,44769,44780,11
13.0250797272,80.2295227051,44780,44790,10
13.0255804062,80.230178833,44790,44800,10
13.0257997513,80.2305603027,44800,44810,10
13.0259304047,80.2309417725,44810,44820,10
13.025970459,80.2312927246,44820,44830,10
13.0260896683,80.2317810059,44830,44840,10
13.0263004303,80.232421875,44840,44850,10
13.0266399384,80.2331314087,44850,44860,10
13.0271396637,80.2339477539,44860,44870,10
13.0276603699,80.2348937988,44870,44880,10
13.0282001495,80.2357177734,44880,44890,10
13.028840065,80.2364196777,44890,44901,11
13.0292196274,80.2368164063,44901,44911,10
13.0293598175,80.2369537354,44911,44919,8
13.029540062,80.237121582,44919,44931,12
13.0295495987,80.2371368408,44931,44941,10
13.0296602249,80.2373504639,44941,44951,10
13.0298995972,80.2376937866,44951,44961,10
13.0302095413,80.238243103,44961,44971,10
13.0304803848,80.2387008667,44971,44991,20
13.0304803848,80.2387008667,44991,45001,10
13.0305299759,80.238861084,45001,45011,10
13.0306596756,80.239112854,45011,45021,10
13.0310001373,80.2396087646,45021,45032,11
13.0312299728,80.2399978638,45032,45042,10
13.0313796997,80.2403793335,45042,45052,10
13.0314798355,80.2409896851,45052,45062,10
13.0317001343,80.2414169312,45062,45072,10
13.0319404602,80.2418899536,45072,45082,10
13.0323495865,80.242401123,45082,45092,10
13.0327596664,80.242980957,45092,45102,10
13.0331201553,80.2434997559,45102,45112,10
13.0335102081,80.2440719604,45112,45122,10
13.0340204239,80.2447280884,45122,45131,9
13.0344495773,80.2452774048,45131,45143,12
13.0350198746,80.2459335327,45143,45153,10
13.0356302261,80.2461700439,45153,45183,30
13.0356302261,80.2461700439,45183,45193,10
13.035900116,80.2463607788,45193,45203,10
13.03647995,80.2464675903,45203,45213,10
13.0372104645,80.2465515137,45213,45223,10
13.0377597809,80.2464981079,45223,45233,10
13.0384197235,80.2466812134,45233,45243,10
13.0387201309,80.2468032837,45243,45253,10
13.0388002396,80.2468566895,45253,45262,9
13.0391798019,80.2469482422,45262,45274,12
13.0398902893,80.2470779419,45274,45284,10
13.040599823,80.2472000122,45284,45294,10
13.0408401489,80.2472610474,45294,45304,10
13.0410299301,80.2472686768,45304,45314,10
13.0416402817,80.2473831177,45314,45324,10
13.0429000854,80.2477874756,45324,45334,10
13.0429000854,80.2477874756,45334,45344,10
13.043129921,80.2479019165,45344,45353,9
13.0434303284,80.2479782104,45353,45393,40
13.0452003479,80.2482376099,45393,45405,12
13.0458602905,80.2484817505,45405,45415,10
13.0469198227,80.2484283447,45415,45435,20
13.0469198227,80.2484283447,45435,45445,10
13.04708004,80.2485122681,45445,45455,10
13.047369957,80.2486190796,45455,45465,10
13.047659874,80.248878479,45465,45475,10
13.0478897095,80.2491378784,45475,45485,10
13.0480098724,80.2492523193,45485,45495,10
13.0483503342,80.2495727539,45495,45505,10
13.0489301682,80.24974823,45505,45516,11
13.0492696762,80.2498092651,45516,45526,10
13.0497303009,80.2499084473,45526,45536,10
13.0504598618,80.2500228882,45536,45546,10
13.051150322,80.2501373291,45546,45556,10
13.0518102646,80.2504806519,45556,45566,10
13.0523900986,80.2510986328,45566,45576,10
13.0529899597,80.2519226074,45576,45586,10
13.0533704758,80.2524337769,45586,45596,10
13.0535802841,80.2527236938,45596,45606,10
13.0539398193,80.2532272339,45606,45616,10
13.054400444,80.2538375854,45616,45627,11
13.0547599792,80.2543334961,45627,45637,10
13.0550003052,80.2546310425,45637,45647,10
13.0552196503,80.2548980713,45647,45657,10
13.0554304123,80.2552108765,45657,45667,10
13.0557003021,80.2555999756,45667,45677,10
13.0559301376,80.255897522,45677,45687,10
13.0560903549,80.2561035156,45687,45697,10
13.0563297272,80.256401062,45697,45707,10
13.0566902161,80.2567367554,45707,45717,10
13.0567598343,80.2568130493,45717,45727,10
13.0568199158,80.2568664551,45727,45737,10
13.05727005,80.2571868896,45737,45768,31
13.0575399399,80.2574615479,45768,45788,20
13.0575399399,80.2574615479,45788,45798,10
13.0577802658,80.2577285767,45798,45808,10
13.05809021,80.2581634521,45808,45818,10
13.0583295822,80.2585067749,45818,45828,10
13.0585803986,80.2588272095,45828,45838,10
13.0588598251,80.2591094971,45838,45848,10
13.0591897964,80.2596817017,45848,45858,10
13.0596599579,80.2601623535,45858,45868,10
13.0600500107,80.2605209351,45868,45879,11
13.0604095459,80.260887146,45879,45889,10
13.0606002808,80.2611694336,45889,45909,20
13.0606002808,80.2611694336,45909,45919,10
13.060790062,80.2614822388,45919,45929,10
13.0611095428,80.2618713379,45929,45939,10
13.0613698959,80.2621536255,45939,45949,10
13.0615301132,80.2623214722,45949,45959,10
13.0616998672,80.262512207,45959,45969,10
13.0619401932,80.262840271,45969,45979,10
13.0623903275,80.2633895874,45979,45989,10
13.0628099442,80.263923645,45989,46000,11
13.0630302429,80.2641983032,46000,46010,10
13.0631599426,80.2643280029,46010,46020,10
13.063170433,80.2643890381,46020,46030,10
13.0634098053,80.2647399902,46030,46040,10
13.063750267,80.2652587891,46040,46050,10
13.0639295578,80.2655029297,46050,46060,10
13.0641803741,80.2657928467,46060,46070,10
13.0643901825,80.2659835815,46070,46080,10
13.0645999908,80.2662582397,46080,46090,10
13.0646600723,80.2663879395,46090,46100,10
13.064789772,80.2665176392,46100,46110,10
13.0649700165,80.2667617798,46110,46120,10
13.0654001236,80.2671203613,46120,46131,11
13.0658197403,80.2675704956,46131,46141,10
13.0662603378,80.2680892944,46141,46151,10
13.0664901733,80.2682876587,46151,46161,10
13.066740036,80.2684173584,46161,46171,10
13.0668697357,80.2684783936,46171,46181,10
13.0670099258,80.2685470581,46181,46191,10
13.067440033,80.2688674927,46191,46201,10
13.0679502487,80.2691802979,46201,46211,10
13.0681695938,80.2693023682,46211,46221,10
13.0683202744,80.2690124512,46221,46231,10
13.0684900284,80.2684707642,46231,46241,10
13.0686903,80.2678985596,46241,46252,11
13.0689001083,80.2673187256,46252,46262,10
13.0691900253,80.2669372559,46262,46272,10
13.0694904327,80.2666625977,46272,46282,10
13.0696001053,80.2664871216,46282,46292,10
13.0698404312,80.2662734985,46292,46302,10
13.0700397491,80.2660903931,46302,46312,10
13.0702695847,80.26587677,46312,46322,10
13.0703802109,80.2657470703,46322,46373,51
13.0705699921,80.2654190063,46373,46403,30
13.0708398819,80.2653121948,46403,46423,20
13.0708398819,80.2653121948,46423,46433,10
13.0710897446,80.2649993896,46433,46443,10
13.0713596344,80.2647399902,46443,46453,10
13.0717496872,80.2642974854,46453,46463,10
13.0720901489,80.2638626099,46463,46472,9
13.0722999573,80.2633209229,46472,46483,11
13.0725603104,80.2626495361,46483,46494,11
13.0727796555,80.2620162964,46494,46504,10
13.0728197098,80.2619476318,46504,46514,10
13.0729103088,80.2616577148,46514,46524,10
13.0730304718,80.2613067627,46524,46534,10
13.0731201172,80.261177063,46534,46544,10
13.0733098984,80.2611465454,46544,46554,10
13.0736503601,80.2615280151,46554,46564,10
13.0740203857,80.2620010376,46564,46574,10
13.0742397308,80.2622833252,46574,46584,10
13.0745897293,80.2627029419,46584,46594,10
13.0750398636,80.2633132935,46594,46604,10
13.0755300522,80.263999939,46604,46615,11
13.0761604309,80.264213562,46615,46625,10
13.0768499374,80.2641372681,46625,46635,10
13.0775098801,80.2639083862,46635,46645,10
13.0779399872,80.2635498047,46645,46655,10
13.0779304504,80.2630386353,46655,46665,10
13.0777101517,80.262260437,46665,46675,10
13.0774803162,80.2614974976,46675,46685,10
13.0772600174,80.2609100342,46685,46705,20
13.0772600174,80.2609100342,46705,46715,10
13.0772304535,80.2608337402,46715,46725,10
13.0770101547,80.2605209351,46725,46735,10
13.0767002106,80.2602081299,46735,46746,11
13.0761098862,80.2597503662,46746,46756,10
13.0757303238,80.2592391968,46756,46766,10
13.0755596161,80.2586975098,46766,46836,70
13.0755596161,80.2586975098,46836,46846,10
13.0754995346,80.2584533691,46846,46855,9
13.0754003525,80.2581481934,46855,46867,12
13.0758600235,80.2577667236,46867,46877,10
13.076379776,80.25730896,46877,46887,10
13.077050209,80.2568511963,46887,46897,10
13.0778198242,80.2566375732,46897,46907,10
13.0787496567,80.2565765381,46907,46917,10
13.0790195465,80.256111145,46917,46927,10
13.0789299011,80.2553329468,46927,46937,10
13.0788698196,80.2548675537,46937,46947,10
13.0788803101,80.2548522949,46947,46957,10
13.0788698196,80.2546615601,46957,46977,20
13.0788698196,80.2546615601,46977,46988,11
13.0788402557,80.2544937134,46988,46998,10
13.0793199539,80.2544631958,46998,47008,10
13.0797395706,80.2545471191,47008,47018,10
13.0798902512,80.2545776367,47018,47028,10
13.0802898407,80.2546310425,47028,47038,10
13.0808801651,80.254699707,47038,47048,10
13.0813302994,80.2547531128,47048,47058,10
13.0816297531,80.2543411255,47058,47068,10
13.0817804337,80.2538528442,47068,47078,10
13.0818099976,80.2531890869,47078,47088,10
13.0816402435,80.252532959,47088,47099,11
13.0814399719,80.2516937256,47099,47109,10
13.0813903809,80.2510528564,47109,47119,10
13.0813302994,80.2506103516,47119,47129,10
13.0812997818,80.2501678467,47129,47139,10
13.0812902451,80.2497711182,47139,47149,10
13.0815601349,80.2496337891,47149,47159,10
13.0821800232,80.249710083,47159,47169,10
13.0827999115,80.2498016357,47169,47179,10
13.0830898285,80.2498092651,47179,47189,10
13.0835504532,80.2499084473,47189,47199,10
13.0839300156,80.2499771118,47199,47209,10
13.08452034,80.2501068115,47209,47219,10
13.0846996307,80.2501602173,47219,47230,11
13.084810257,80.250213623,47230,47240,10
13.0851297379,80.2502365112,47240,47250,10
13.0855703354,80.2503128052,47250,47260,10
13.0858001709,80.2502593994,47260,47270,10
13.0858297348,80.2497634888,47270,47280,10
13.0858201981,80.2490615845,47280,47290,10
13.0857601166,80.2485122681,47290,47300,10
13.0857496262,80.2479324341,47300,47310,10
13.0857095718,80.2472076416,47310,47320,10
13.0856800079,80.24659729,47320,47330,10
13.0856895447,80.2465209961,47330,47341,11
13.0856199265,80.2459869385,47341,47351,10
13.0855903625,80.2454299927,47351,47391,40
13.0855903625,80.2454299927,47391,47401,10
13.0855903625,80.245300293,47401,47411,10
13.0858001709,80.2450027466,47411,47421,10
13.0861997604,80.2446899414,47421,47431,10
13.0868301392,80.244178772,47431,47441,10
13.0875196457,80.243598938,47441,47451,10
13.0878000259,80.2430725098,47451,47461,10
13.0879201889,80.2423782349,47461,47472,11
13.0883302689,80.2419433594,47472,47482,10
13.0886201859,80.2417068481,47482,47492,10
13.0892095566,80.2413024902,47492,47502,10
13.0897302628,80.2409667969,47502,47512,10
13.0900602341,80.2408599854,47512,47522,10
13.0907497406,80.2408218384,47522,47532,10
13.0916700363,80.2408599854,47532,47542,10
13.0924301147,80.2408905029,47542,47552,10
13.0932102203,80.2409896851,47552,47562,10
13.0942697525,80.2411575317,47562,47582,20
13.0942697525,80.2411575317,47582,47593,11
13.094499588,80.2412261963,47593,47603,10
13.0949802399,80.2413330078,47603,47613,10
13.095700264,80.241569519,47613,47623,10
13.0964002609,80.2418136597,47623,47633,10
13.0968999863,80.2419967651,47633,47643,10
13.0969104767,80.2419967651,47643,47653,10
13.0971002579,80.2420501709,47653,47663,10
13.0975103378,80.2421569824,47663,47673,10
13.0980596542,80.2422866821,47673,47683,10
13.0985202789,80.2422637939,47683,47703,20
13.0985202789,80.2422637939,47703,47714,11
13.0987100601,80.2421875,47714,47724,10
13.0987701416,80.2419815063,47724,47734,10
13.0986995697,80.2418518066,47734,47744,10
13.0985202789,80.2418136597,47744,47754,10
13.0984601974,80.2420806885,47754,48046,292
13.0984601974,80.2420806885,48046,48056,10
13.0982599258,80.2423324585,48056,48066,10
13.0976600647,80.2422332764,48066,48087,21
13.0976600647,80.2422332764,48087,48097,10
13.0974397659,80.2422027588,48097,48107,10
13.0971298218,80.2420883179,48107,48117,10
13.0967502594,80.2419815063,48117,48127,10
13.0962400436,80.2417984009,48127,48137,10
13.0958204269,80.2416381836,48137,48147,10
13.0955200195,80.2415618896,48147,48157,10
13.0951795578,80.2414321899,48157,48167,10
13.0946998596,80.2413101196,48167,48177,10
13.0943498611,80.2412185669,48177,48187,10
13.0935697556,80.2411193848,48187,48208,21
13.0935697556,80.2411193848,48208,48218,10
13.0932397842,80.2410583496,48218,48228,10
13.0927000046,80.2409973145,48228,48238,10
13.0921096802,80.2409362793,48238,48248,10
13.0913295746,80.2408905029,48248,48258,10
13.0904102325,80.240852356,48258,48268,10
13.0895795822,80.2410964966,48268,48278,10
13.0887899399,80.2416305542,48278,48288,10
13.0880804062,80.2421875,48288,48298,10
13.0878696442,80.2430267334,48298,48308,10
13.0877799988,80.2432785034,48308,48318,10
13.0874595642,80.2437210083,48318,48329,11
13.0867795944,80.2443237305,48329,48339,10
13.0861597061,80.2448425293,48339,48349,10
13.0858802795,80.2450485229,48349,48359,10
13.0856304169,80.2453765869,48359,48369,10
13.0856399536,80.2460479736,48369,48379,10
13.0857200623,80.2466964722,48379,48389,10
13.0857200623,80.2467422485,48389,48399,10
13.0857000351,80.2470016479,48399,48409,10
13.0857601166,80.2476730347,48409,48419,10
13.0858001709,80.2484436035,48419,48429,10
13.0858402252,80.2493515015,48429,48439,10
13.0858697891,80.2502670288,48439,48480,41
13.0858697891,80.2502670288,48480,48490,10
13.0858001709,80.2505569458,48490,48500,10
13.0857200623,80.2507019043,48500,48510,10
13.0856800079,80.2511901855,48510,48511,1
13.0856599808,80.2512512207,48511,48530,19
13.0855998993,80.2521362305,48530,48540,10
13.085559845,80.2523498535,48540,48550,10
13.0855398178,80.2529220581,48550,48561,11
13.0854797363,80.2534790039,48561,48569,8
13.0855197906,80.2538833618,48569,48581,12
13.0856103897,80.2545166016,48581,48591,10
13.0854597092,80.2547225952,48591,48601,10
13.0850496292,80.2547531128,48601,48611,10
13.0844697952,80.254699707,48611,48621,10
13.0839195251,80.2546310425,48621,48641,20
13.0839195251,80.2546310425,48641,48651,10
13.0837097168,80.2545776367,48651,48661,10
13.0832300186,80.2545318604,48661,48671,10
13.0826597214,80.2545089722,48671,48681,10
13.0821695328,80.2545394897,48681,48691,10
13.0816202164,80.2547836304,48691,48702,11
13.0810499191,80.2548522949,48702,48712,10
13.0808401108,80.2548370361,48712,48722,10
13.0807504654,80.2548294067,48722,48732,10
13.0803804398,80.2547683716,48732,48742,10
13.0796203613,80.2546310425,48742,48752,10
13.0789699554,80.2547531128,48752,48762,10
13.0789699554,80.2554092407,48762,48772,10
13.0790996552,80.256439209,48772,48792,20
13.0790996552,80.256439209,48792,48802,10
13.0789403915,80.2566223145,48802,48812,10
13.0784797668,80.256652832,48812,48823,11
13.0779695511,80.2566833496,48823,48833,10
13.0774803162,80.2567367554,48833,48843,10
13.0768899918,80.256980896,48843,48853,10
13.0762300491,80.2575378418,48853,48863,10
13.0755796432,80.2581634521,48863,48873,10
13.0754995346,80.2584762573,48873,48883,10
13.0756502151,80.2591094971,48883,48893,10
13.0761899948,80.259803772,48893,48903,10
13.0768699646,80.2604064941,48903,48913,10
13.0773096085,80.2610092163,48913,48923,10
13.0775003433,80.2615127563,48923,48934,11
13.0777597427,80.2620773315,48934,48964,30
13.0777597427,80.2620773315,48964,48974,10
13.0778198242,80.2623291016,48974,48984,10
13.0778903961,80.2626571655,48984,48994,10
13.0780200958,80.2630462646,48994,49004,10
13.0781402588,80.2634506226,49004,49014,10
13.0777101517,80.263710022,49014,49024,10
13.0770998001,80.2640380859,49024,49034,10
13.0763998032,80.2641525269,49034,49043,9
13.0757398605,80.2641830444,49043,49055,12
13.0754804611,80.263961792,49055,49065,10
13.0751304626,80.2634506226,49065,49075,10
13.0747900009,80.2630004883,49075,49085,10
13.0746498108,80.262802124,49085,49095,10
13.0743198395,80.2624435425,49095,49105,10
13.0739097595,80.2619171143,49105,49115,10
13.0736503601,80.2616271973,49115,49125,10
13.0735702515,80.2615432739,49125,49135,10
13.0732698441,80.2613983154,49135,49145,10
13.0729398727,80.2618484497,49145,49155,10
13.0727500916,80.2624664307,49155,49165,10
13.0725603104,80.2630386353,49165,49176,11
13.0723400116,80.2636413574,49176,49186,10
13.0719804764,80.2641830444,49186,49196,10
13.071559906,80.2645797729,49196,49206,10
13.0714597702,80.2646789551,49206,49216,10
13.0712995529,80.2647781372,49216,49226,10
13.0710000992,80.2651367188,49226,49236,10
13.070690155,80.2654495239,49236,49246,10
13.0703697205,80.2658081055,49246,49256,10
13.0700397491,80.2661590576,49256,49266,10
13.0698299408,80.2664108276,49266,49276,10
13.0695400238,80.2666625977,49276,49286,10
13.0693302155,80.2668609619,49286,49295,9
13.0691404343,80.2670211792,49295,49307,12
13.0688896179,80.2674026489,49307,49317,10
13.0686502457,80.2680435181,49317,49327,10
13.0685396194,80.268447876,49327,49337,10
13.0685100555,80.2686080933,49337,49347,10
13.068400383,80.2689971924,49347,49357,10
13.0682897568,80.2695236206,49357,49367,10
13.0681695938,80.2701416016,49367,49377,10
13.0681495667,80.2704391479,49377,49387,10
13.0681695938,80.270652771,49387,49397,10
13.0679302216,80.2709274292,49397,49407,10
13.0674800873,80.2706069946,49407,49418,11
13.0668201447,80.2700576782,49418,49427,9
13.0664596558,80.2694473267,49427,49438,11
13.0663795471,80.2686767578,49438,49448,10
13.0661201477,80.2682037354,49448,49458,10
13.0655202866,80.2676925659,49458,49478,20
13.0655202866,80.2676925659,49478,49488,10
13.0652503967,80.2675933838,49488,49498,10
13.064740181,80.2675170898,49498,49508,10
13.0643196106,80.2675018311,49508,49518,10
13.0641002655,80.2674407959,49518,49528,10
13.0636501312,80.2673416138,49528,49537,9
13.0631399155,80.267250061,49537,49548,11
13.0626296997,80.2670974731,49548,49559,11
13.062210083,80.2666015625,49559,49569,10
13.0617904663,80.2660217285,49569,49579,10
13.0613899231,80.2655181885,49579,49589,10
13.0609798431,80.2651901245,49589,49599,10
13.0608596802,80.2652206421,49599,49609,10
13.0605297089,80.26537323,49609,49619,10
13.0604095459,80.2654190063,49619,49629,10
13.0599899292,80.265586853,49629,49639,10
13.0594396591,80.2655715942,49639,49649,10
13.0585298538,80.2653884888,49649,49680,31
13.0585298538,80.2653884888,49680,49690,10
13.0583295822,80.2653808594,49690,49700,10
13.0579900742,80.2649078369,49700,49710,10
13.0579099655,80.2641296387,49710,49720,10
13.0578203201,80.2632827759,49720,49730,10
13.0577402115,80.2624893188,49730,49740,10
13.0576000214,80.2617034912,49740,49750,10
13.0574703217,80.2610015869,49750,49760,10
13.0572500229,80.2602005005,49760,49770,10
13.0569601059,80.2592773438,49770,49780,10
13.0566997528,80.2583999634,49780,49790,10
13.056599617,80.2578430176,49790,49801,11
13.0565004349,80.2573318481,49801,49811,10
13.056520462,80.2572937012,49811,49821,10
13.0565395355,80.2571029663,49821,49831,10
13.0564403534,80.2566986084,49831,49841,10
13.056189537,80.2562332153,49841,49851,10
13.0558099747,80.2556686401,49851,49861,10
13.0553102493,80.2550201416,49861,49871,10
13.0547704697,80.2543106079,49871,49881,10
13.0544204712,80.2538986206,49881,49890,9
13.054189682,80.2536010742,49890,49901,11
13.0540895462,80.2534790039,49901,49911,10
13.0538902283,80.2532272339,49911,49922,11
13.0538301468,80.2531509399,49922,49932,10
13.0535802841,80.2527694702,49932,49942,10
13.0531797409,80.2521972656,49942,49952,10
13.0526599884,80.2515029907,49952,49962,10
13.0520896912,80.2507400513,49962,49972,10
13.0513000488,80.2501678467,49972,49982,10
13.0502901077,80.2499008179,49982,49992,10
13.0491399765,80.2497406006,49992,50002,10
13.0481700897,80.249458313,50002,50012,10
13.0474901199,80.2488632202,50012,50022,10
13.0468301773,80.2485961914,50022,50031,9
13.0467996597,80.248588562,50031,50043,12
13.0465297699,80.2485275269,50043,50053,10
13.0458898544,80.2484130859,50053,50063,10
13.0452203751,80.2481918335,50063,50073,10
13.0444498062,80.2480621338,50073,50083,10
13.0436096191,80.2478866577,50083,50093,10
13.0428304672,80.2477416992,50093,50103,10
13.0420598984,80.2476425171,50103,50113,10
13.0416603088,80.2475509644,50113,50123,10
13.0414400101,80.2475204468,50123,50133,10
13.0413398743,80.2474594116,50133,50143,10
13.0407600403,80.2473068237,50143,50152,9
13.0399103165,80.2471618652,50152,50194,42
13.0399103165,80.2471618652,50194,50204,10
13.0397195816,80.2470169067,50204,50214,10
13.0392599106,80.2469177246,50214,50224,10
13.0386400223,80.2468185425,50224,50234,10
13.0381698608,80.2467269897,50234,50244,10
13.0376501083,80.2466506958,50244,50254,10
13.0369796753,80.2465362549,50254,50264,10
13.0362901688,80.2463989258,50264,50275,11
13.035779953,80.2462692261,50275,50284,9
13.035369873,80.2460784912,50284,50295,11
13.035320282,80.2460327148,50295,50305,10
13.0351495743,80.2459335327,50305,50315,10
13.0348300934,80.2457199097,50315,50325,10
13.0345897675,80.2454376221,50325,50335,10
13.0341701508,80.2449035645,50335,50345,10
13.0336704254,80.2443008423,50345,50355,10
13.0330600739,80.2434692383,50355,50365,10
13.0324802399,80.2426605225,50365,50375,10
13.0321302414,80.2421722412,50375,50456,81
13.0321302414,80.2421722412,50456,50466,10
13.0320396423,80.2419586182,50466,50476,10
13.0318202972,80.2415924072,50476,50486,10
13.0315303802,80.2409820557,50486,50495,9
13.0312795639,80.2404403687,50495,50577,82
13.0312795639,80.2404403687,50577,50587,10
13.0312004089,80.2402801514,50587,50597,10
13.0310201645,80.2398300171,50597,50607,10
13.0306797028,80.2392196655,50607,50617,10
13.0302400589,80.2384262085,50617,50627,10
13.0297403336,80.2375869751,50627,50637,10
13.0291996002,80.236907959,50637,50647,10
13.0291004181,80.2367782593,50647,50658,11
13.0288801193,80.2365493774,50658,50668,10
13.0279102325,80.2353668213,50668,50678,10
13.0279102325,80.2353668213,50678,50688,10
13.0274000168,80.2344970703,50688,50697,9
13.0269298553,80.2337265015,50697,50708,11
13.0264997482,80.233039856,50708,50718,10
13.0262403488,80.2324905396,50718,50728,10
13.0261497498,80.2322235107,50728,50738,10
13.026140213,80.2321166992,50738,50748,10
13.0261096954,80.2318572998,50748,50758,10
13.0261001587,80.2318572998,50758,50768,10
13.02602005,80.2316207886,50768,50779,11
13.0258998871,80.2311172485,50779,50789,10
13.0256900787,80.2305221558,50789,50799,10
13.025179863,80.2297821045,50799,50809,10
13.0246601105,80.2291183472,50809,50819,10
13.0242996216,80.2286376953,50819,50829,10
13.0240602493,80.2283706665,50829,50839,10
13.0239801407,80.2282562256,50839,50849,10
13.0239400864,80.2282104492,50849,50859,10
13.023730278,80.2279205322,50859,50869,10
13.0233097076,80.2275085449,50869,50879,10
13.0228004456,80.2269973755,50879,50889,10
13.0221099854,80.2264022827,50889,50900,11
13.0213403702,80.2257919312,50900,50910,10
13.0207300186,80.2253189087,50910,50920,10
13.0200099945,80.2248306274,50920,50930,10
13.0192203522,80.2244796753,50930,50940,10
13.0182800293,80.2246704102,50940,50950,10
13.0172100067,80.2251281738,50950,50960,10
13.0165195465,80.2254486084,50960,50970,10
13.0160503387,80.2256164551,50970,50980,10
13.0155000687,80.2258071899,50980,50990,10
13.0148696899,80.2260513306,50990,51000,10
13.0145101547,80.2262115479,51000,51009,9
13.0141897202,80.2263565063,51009,51021,12
13.0141601563,80.2263717651,51021,51031,10
13.0140104294,80.2264404297,51031,51041,10
13.0137796402,80.2265396118,51041,51051,10
13.0132303238,80.2267227173,51051,51061,10
13.0123796463,80.2270507813,51061,51071,10
13.0113096237,80.2274475098,51071,51081,10
13.0102300644,80.2278671265,51081,51091,10
13.0092897415,80.2283172607,51091,51101,10
13.0089998245,80.2292785645,51101,51111,10
13.0087795258,80.2304077148,51111,51121,10
13.0085897446,80.2316131592,51121,51131,10
13.0083503723,80.2328872681,51131,51141,10
13.0082597733,80.2336425781,51141,51152,11
13.008190155,80.233757019,51152,51162,10
13.0080900192,80.2342376709,51162,51172,10
13.0079298019,80.2350006104,51172,51182,10
13.0077104568,80.2360305786,51182,51192,10
13.0074501038,80.2373504639,51192,51202,10
13.0072402954,80.23853302,51202,51212,10
13.0071001053,80.239440918,51212,51222,10
13.0069904327,80.2400436401,51222,51232,10
13.0069799423,80.240272522,51232,51242,10
13.0068902969,80.2407226563,51242,51252,10
13.0068798065,80.240737915,51252,51261,9
13.0067996979,80.2409591675,51261,51273,12
13.0067596436,80.2417907715,51273,51283,10
13.0067300797,80.2428131104,51283,51293,10
13.0067396164,80.2438278198,51293,51302,9
13.0067300797,80.2448577881,51302,51313,11
13.0067501068,80.2461471558,51313,51323,10
13.0067996979,80.2471923828,51323,51333,10
13.0067300797,80.248046875,51333,51343,10
13.0067596436,80.2491607666,51343,51353,10
13.0067996979,80.2504119873,51353,51363,10
13.0067996979,80.2513427734,51363,51373,10
13.0066299438,80.2521514893,51373,51383,10
13.0065603256,80.2529983521,51383,51394,11
13.0065603256,80.2540283203,51394,51404,10
13.0066099167,80.2550888062,51404,51424,20
13.0066099167,80.2550888062,51424,51434,10
13.0065803528,80.2554397583,51434,51444,10
13.0065803528,80.2560882568,51444,51454,10
13.0066003799,80.257019043,51454,51494,40
13.0066003799,80.257019043,51494,51504,10
13.0067501068,80.2573776245,51504,51515,11
13.006360054,80.2575378418,51515,51525,10
13.0058898926,80.2574081421,51525,51535,10
13.0053596497,80.2573013306,51535,51545,10
13.004699707,80.2571487427,51545,51555,10
13.0039300919,80.2569732666,51555,51565,10
13.0033197403,80.2568588257,51565,51575,10
13.003080368,80.2568130493,51575,51585,10
13.0027999878,80.2567596436,51585,51595,10
13.0024499893,80.2566986084,51595,51605,10
13.0018997192,80.2566070557,51605,51666,61
13.0018997192,80.2566070557,51666,51676,10
13.0017700195,80.2565994263,51676,51686,10
13.0013198853,80.2565307617,51686,51696,10
13.0007200241,80.256439209,51696,51706,10
13.0002803802,80.2563705444,51706,51716,10
12.9997596741,80.2562637329,51716,51726,10
12.9991703033,80.256149292,51726,51736,10
12.998459816,80.2561035156,51736,51755,19
12.998459816,80.2561035156,51755,51767,12
12.9981298447,80.2559967041,51767,51777,10
12.9976196289,80.2559280396,51777,51787,10
12.9975595474,80.2559280396,51787,51797,10
12.9974298477,80.2559280396,51797,51807,10
12.9971103668,80.2559127808,51807,51817,10
12.9968395233,80.255897522,51817,51827,10
12.9964895248,80.2558898926,51827,51837,10
12.9960203171,80.2558822632,51837,51847,10
12.9955997467,80.2558898926,51847,51857,10
12.9950895309,80.2559204102,51857,51867,10
12.9944000244,80.2559204102,51867,51877,10
12.9937496185,80.2559814453,51877,51888,11
12.9927797318,80.2560424805,51888,51898,10
12.9917898178,80.2560577393,51898,51908,10
12.9909296036,80.2560195923,51908,51918,10
12.9904899597,80.2560195923,51918,51928,10
12.9901599884,80.2560195923,51928,51938,10
12.9897003174,80.2560119629,51938,51948,10
12.9889497757,80.2559585571,51948,51958,10
12.988360405,80.2558898926,51958,51988,30
12.988360405,80.2558898926,51988,51998,10
12.9879398346,80.255821228,51998,52009,11
12.987660408,80.2561798096,52009,52019,10
12.9876003265,80.2568969727,52019,52029,10
12.9874897003,80.2578735352,52029,52039,10
12.9874095917,80.2587509155,52039,52049,10
12.9872903824,80.2592163086,52049,52079,30
12.9872903824,80.2592163086,52079,52089,10
12.9872999191,80.2593612671,52089,52099,10
12.9871101379,80.2595901489,52099,52291,192
12.9871101379,80.2595901489,52291,52301,10
12.9869499207,80.2594070435,52301,54166,1865
12.9870195389,80.2590484619,54166,54196,30
12.9870195389,80.2590484619,54196,54206,10
12.9872598648,80.2590332031,54206,54216,10
12.9872903824,80.2587585449,54216,54226,10
12.9872903824,80.2583084106,54226,54236,10
12.9873504639,80.2579803467,54236,54247,11
12.9874200821,80.2574386597,54247,54257,10
12.9875001907,80.256942749,54257,54267,10
12.9875402451,80.2565307617,54267,54277,10
12.9876003265,80.2562103271,54277,54287,10
12.9876098633,80.2557907104,54287,54297,10
12.9878997803,80.2557220459,54297,54307,10
12.9884004593,80.255821228,54307,54317,10
12.9888000488,80.2558822632,54317,54327,10
12.9888496399,80.2558822632,54327,54337,10
12.9892196655,80.2559432983,54337,54347,10
12.9897899628,80.2559967041,54347,54357,10
12.9903202057,80.2559890747,54357,54368,11
12.9909000397,80.2559967041,54368,54378,10
12.9916496277,80.2560424805,54378,54388,10
12.9925298691,80.2560272217,54388,54398,10
12.9934301376,80.2559814453,54398,54408,10
12.9942398071,80.2559280396,54408,54418,10
12.9949903488,80.255859375,54418,54428,10
12.9957304001,80.255859375,54428,54438,10
12.996219635,80.2558517456,54438,54448,10
12.9962396622,80.255859375,54448,54458,10
12.9964399338,80.255821228,54458,54468,10
12.996720314,80.255821228,54468,54478,10
12.9969997406,80.255859375,54478,54489,11
12.9975500107,80.2558822632,54489,54499,10
12.9978704453,80.255897522,54499,54509,10
12.9984798431,80.2559890747,54509,54519,10
12.9988498688,80.2560195923,54519,54549,30
12.9988498688,80.2560195923,54549,54559,10
12.9990196228,80.2560119629,54559,54569,10
12.9990901947,80.2560424805,54569,54579,10
12.9993696213,80.2560577393,54579,54589,10
12.999830246,80.2561569214,54589,54599,10
13.0003995895,80.2563171387,54599,54609,10
13.0008401871,80.256401062,54609,54640,31
13.0008401871,80.256401062,54640,54650,10
13.0009403229,80.2563400269,54650,54660,10
13.0013999939,80.2564468384,54660,54670,10
13.001999855,80.2565383911,54670,54680,10
13.0026597977,80.256652832,54680,54690,10
13.0033397675,80.2567825317,54690,54700,10
13.004070282,80.2569274902,54700,54710,10
13.0048398972,80.2570877075,54710,54719,9
13.0055599213,80.2572097778,54719,54730,11
13.006070137,80.2572784424,54730,54741,11
13.0064697266,80.2571105957,54741,54751,10
13.0064897537,80.2564926147,54751,54761,10
13.0065002441,80.2555770874,54761,54771,10
13.0065402985,80.2547225952,54771,54781,10
13.0065002441,80.2538299561,54781,54791,10
13.0065498352,80.2533187866,54791,54801,10
13.0065603256,80.253288269,54801,54811,10
13.0065898895,80.2525405884,54811,54862,51
13.0065898895,80.2525405884,54862,54872,10
13.0066299438,80.2524185181,54872,54882,10
13.0066604614,80.2519378662,54882,54892,10
13.0068101883,80.2512512207,54892,54902,10
13.0067901611,80.2501907349,54902,54912,10
13.0067596436,80.2491073608,54912,54922,10
13.0066900253,80.2483673096,54922,55003,81
13.0066900253,80.2483673096,55003,55013,10
13.0066299438,80.2481384277,55013,55023,10
13.0066204071,80.2478790283,55023,55033,10
13.0066299438,80.2474136353,55033,55043,10
13.0066003799,80.2467880249,55043,55053,10
13.0065402985,80.2466125488,55053,55063,10
13.0066003799,80.246383667,55063,55073,10
13.0065898895,80.2457122803,55073,55083,10
13.0066003799,80.2450332642,55083,55093,10
13.0066299438,80.2443466187,55093,55103,10
13.0065898895,80.2436828613,55103,55114,11
13.0065603256,80.2429962158,55114,55124,10
13.0065498352,80.2420883179,55124,55134,10
13.0065698624,80.2411499023,55134,55144,10
13.0067796707,80.2400970459,55144,55154,10
13.0069999695,80.2388381958,55154,55164,10
13.007229805,80.237739563,55164,55174,10
13.0073795319,80.2369918823,55174,55184,10
13.0073900223,80.2367477417,55184,55194,10
13.0074300766,80.2366027832,55194,55204,10
13.0075998306,80.2359695435,55204,55214,10
13.0077600479,80.2353363037,55214,55225,11
13.0079202652,80.2345733643,55225,55235,10
13.008099556,80.2336425781,55235,55245,10
13.0082998276,80.2325134277,55245,55255,10
13.0085296631,80.231338501,55255,55265,10
13.0087499619,80.2303085327,55265,55275,10
13.0089302063,80.229309082,55275,55285,10
13.0091295242,80.2284622192,55285,55295,10
13.0094804764,80.2275085449,55295,55305,10
13.0099496841,80.2264328003,55305,55315,10
13.0103998184,80.2254714966,55315,55325,10
13.0106897354,80.2248687744,55325,55335,10
13.0109395981,80.2244262695,55335,55345,10
13.0112400055,80.2238464355,55345,55356,11
13.0113296509,80.2232666016,55356,55366,10
13.011590004,80.2227630615,55366,55376,10
13.0119400024,80.2218322754,55376,55385,9
13.0123100281,80.2215499878,55385,55396,11
13.0126199722,80.2219161987,55396,55406,10
13.0131902695,80.2225723267,55406,55416,10
13.0138998032,80.2233276367,55416,55426,10
13.0143203735,80.2238922119,55426,55436,10
13.0150699615,80.2246932983,55436,55446,10
13.0159597397,80.2252883911,55446,55456,10
13.0170698166,80.2250595093,55456,55466,10
13.0182199478,80.2245864868,55466,55477,11
13.0192804337,80.224281311,55477,55497,20
13.0192804337,80.224281311,55497,55507,10
13.0193099976,80.2243118286,55507,55517,10
13.0194997787,80.2244186401,55517,55527,10
13.019659996,80.2245101929,55527,55537,10
13.0197401047,80.2245407104,55537,55547,10
13.0200300217,80.2247619629,55547,55557,10
13.0204200745,80.2250213623,55557,55567,10
13.0208501816,80.2253494263,55567,55577,10
13.0213403702,80.2257537842,55577,55587,10
13.02202034,80.226272583,55587,55597,10
13.0225095749,80.2266235352,55597,55608,11
13.0228300095,80.2269210815,55608,55618,10
13.0233297348,80.2273712158,55618,55628,10
13.023900032,80.2279205322,55628,55638,10
13.0242099762,80.2282409668,55638,55648,10
13.0244197845,80.2285614014,55648,55658,10
13.0247097015,80.2289962769,55658,55668,10
13.0250997543,80.2295303345,55668,55678,10
13.025560379,80.2301483154,55678,55688,10
13.0258903503,80.230796814,55688,55698,10
13.0259199142,80.2308883667,55698,55708,10
13.0259799957,80.2311477661,55708,55718,10
13.0261001587,80.2317276001,55718,55729,11
13.0264196396,80.2326889038,55729,55739,10
13.0268201828,80.2334289551,55739,55749,10
13.0272703171,80.234161377,55749,55759,10
13.0276603699,80.2348632813,55759,55769,10
13.0281896591,80.2356872559,55769,55779,10
13.0289297104,80.2365112305,55779,55789,10
13.0295200348,80.2371368408,55789,55799,10
13.029589653,80.2372131348,55799,55809,10
13.0299596786,80.237739563,55809,55819,10
13.0304098129,80.238571167,55819,55829,10
13.030960083,80.2394714355,55829,55839,10
13.0313796997,80.2401580811,55839,55850,11
13.0314102173,80.2406921387,55850,55860,10
13.0315904617,80.2410583496,55860,55870,10
13.0317401886,80.2412719727,55870,55880,10
13.031920433,80.2417068481,55880,55890,10
13.0322599411,80.2422790527,55890,55900,10
13.0327396393,80.2428970337,55900,55910,10
13.0333204269,80.2436523438,55910,55920,10
13.0339603424,80.2445068359,55920,55930,10
13.0345201492,80.2452392578,55930,55940,10
13.0349397659,80.2457427979,55940,55950,10
13.035030365,80.2458190918,55950,55960,10
13.0354700089,80.2460021973,55960,55971,11
13.0355396271,80.2460174561,55971,55981,10
13.0357599258,80.2461013794,55981,55991,10
13.0362596512,80.2462768555,55991,56001,10
13.0369596481,80.2464294434,56001,56011,10
13.0375499725,80.2463607788,56011,56020,9
13.0382003784,80.2465362549,56020,56031,11
13.0388803482,80.2467727661,56031,56071,40
13.0388803482,80.2467727661,56071,56081,10
13.0391197205,80.246887207,56081,56091,10
13.0396203995,80.246963501,56091,56102,11
13.040309906,80.2470779419,56102,56112,10
13.0407896042,80.2471389771,56112,56122,10
13.0409402847,80.2471389771,56122,56132,10
13.0415697098,80.2472915649,56132,56142,10
13.0422401428,80.2474594116,56142,56152,10
13.0429296494,80.2478103638,56152,56162,10
13.0436096191,80.2478866577,56162,56172,10
13.0439395905,80.2478179932,56172,56182,10
13.0441503525,80.2478790283,56182,56192,10
13.0447397232,80.2479782104,56192,56202,10
13.0452003479,80.2481765747,56202,56212,10
13.0457696915,80.2483673096,56212,56223,11
13.0464696884,80.2483901978,56223,56233,10
13.0466403961,80.2483215332,56233,56243,10
13.0468301773,80.2483291626,56243,56253,10
13.0472698212,80.248550415,56253,56263,10
13.0475902557,80.248878479,56263,56273,10
13.047829628,80.2491226196,56273,56283,10
13.0482196808,80.2495117188,56283,56293,10
13.0489301682,80.2496566772,56293,56303,10
13.0493402481,80.2497024536,56303,56313,10
13.0500097275,80.2497787476,56313,56323,10
13.0507602692,80.2499313354,56323,56332,9
13.0514297485,80.2501525879,56332,56344,12
13.0522003174,80.2507705688,56344,56354,10
13.0527801514,80.2515563965,56354,56364,10
13.0533704758,80.2523574829,56364,56374,10
13.053899765,80.2531280518,56374,56384,10
13.0545196533,80.2539520264,56384,56394,10
13.0550203323,80.2546081543,56394,56404,10
13.0554704666,80.2552108765,56404,56414,10
13.0558204651,80.2556915283,56414,56424,10
13.0560598373,80.2560195923,56424,56434,10
13.0563802719,80.256439209,56434,56444,10
13.0567703247,80.2568511963,56444,56453,9
13.0567903519,80.2568283081,56453,56465,12
13.057220459,80.2571411133,56465,56475,10
13.0576200485,80.2575378418,56475,56485,10
13.0577697754,80.2576980591,56485,56495,10
13.0581197739,80.2582015991,56495,56505,10
13.0586500168,80.2589035034,56505,56515,10
13.0591001511,80.2595596313,56515,56525,10
13.0595598221,80.2600784302,56525,56535,10
13.0600500107,80.2604598999,56535,56545,10
13.0605297089,80.2610168457,56545,56555,10
13.0606403351,80.261177063,56555,56565,10
13.0607500076,80.2613830566,56565,56575,10
13.0610799789,80.2618179321,56575,56586,11
13.0615301132,80.2622680664,56586,56596,10
13.0619802475,80.2628936768,56596,56606,10
13.0625200272,80.2635192871,56606,56616,10
13.0631799698,80.2642593384,56616,56636,20
13.0631799698,80.2642593384,56636,56646,10
13.0633897781,80.2646102905,56646,56656,10
13.063750267,80.2651367188,56656,56666,10
13.0639400482,80.2653884888,56666,56676,10
13.064209938,80.2657928467,56676,56686,10
13.0645503998,80.266242981,56686,56696,10
13.0647602081,80.2665328979,56696,56706,10
13.0650196075,80.2668228149,56706,56717,11
13.0655202866,80.2671890259,56717,56727,10
13.0657596588,80.2675018311,56727,56737,10
13.0661001205,80.2679901123,56737,56747,10
13.0664100647,80.2682723999,56747,56757,10
13.0669002533,80.2684631348,56757,56777,20
13.0669002533,80.2684631348,56777,56787,10
13.0671596527,80.2686462402,56787,56797,10
13.0675401688,80.2689208984,56797,56807,10
13.0679302216,80.2691116333,56807,56817,10
13.0682401657,80.2691497803,56817,56827,10
13.0683403015,80.2687072754,56827,56838,11
13.0685100555,80.2683868408,56838,56848,10
13.0687303543,80.2678375244,56848,56858,10
13.0689401627,80.2672424316,56858,56868,10
13.0692996979,80.2668685913,56868,56878,10
13.0693902969,80.2668075562,56878,56888,10
13.0694704056,80.2667312622,56888,56898,10
13.0696001053,80.2666015625,56898,56908,10
13.0698204041,80.2664031982,56908,56918,10
13.0700397491,80.2661514282,56918,56928,10
13.070309639,80.2658691406,56928,56938,10
13.0703496933,80.2658309937,56938,56948,10
13.070599556,80.2655563354,56948,56959,11
13.070980072,80.2651824951,56959,56969,10
13.0713100433,80.2648391724,56969,56979,10
13.071680069,80.2644119263,56979,56989,10
13.0719900131,80.2640762329,56989,56999,10
13.0722904205,80.263633728,56999,57009,10
13.0725002289,80.2630386353,57009,57019,10
13.0726900101,80.2624969482,57019,57029,10
13.0728597641,80.2620925903,57029,57039,10
13.0728902817,80.2620010376,57039,57049,10
13.0729799271,80.2616271973,57049,57059,10
13.0730800629,80.2612380981,57059,57069,10
13.0733604431,80.2612609863,57069,57080,11
13.0737895966,80.26171875,57080,57090,10
13.0741996765,80.2621536255,57090,57100,10
13.0746097565,80.2626724243,57100,57110,10
13.0751304626,80.263381958,57110,57120,10
13.0756902695,80.2641601563,57120,57130,10
13.0763301849,80.2641830444,57130,57140,10
13.0769500732,80.2641220093,57140,57150,10
13.0774297714,80.2639770508,57150,57160,10
13.0779304504,80.2636184692,57160,57170,10
13.0781002045,80.263343811,57170,57180,10
13.0779600143,80.262878418,57180,57191,11
13.0777997971,80.2623291016,57191,57201,10
13.0775995255,80.2617416382,57201,57211,10
13.0773696899,80.261100769,57211,57221,10
13.0772800446,80.2609100342,57221,57231,10
13.0772304535,80.2608108521,57231,57241,10
13.0769300461,80.2604370117,57241,57251,10
13.076259613,80.2598800659,57251,57261,10
13.075630188,80.2591400146,57261,57271,10
13.0755195618,80.2586593628,57271,57311,40
13.0755195618,80.2586593628,57311,57322,11
13.0754299164,80.2583236694,57322,57332,10
13.0756797791,80.2579803467,57332,57342,10
13.0762500763,80.2574996948,57342,57352,10
13.0769300461,80.256942749,57352,57362,10
13.0776700974,80.2566680908,57362,57372,10
13.0785999298,80.2565765381,57372,57382,10
13.079079628,80.2562484741,57382,57392,10
13.0790100098,80.2554321289,57392,57402,10
13.0789699554,80.2547531128,57402,57473,71
13.0789699554,80.2547531128,57473,57483,10
13.079079628,80.2547302246,57483,57493,10
13.0794401169,80.2546463013,57493,57503,10
13.079990387,80.2546768188,57503,57513,10
13.0805597305,80.2547683716,57513,57523,10
13.0808401108,80.2547683716,57523,57533,10
13.0810499191,80.2547836304,57533,57543,10
13.0816001892,80.2547531128,57543,57553,10
13.0817699432,80.254119873,57553,57563,10
13.0818796158,80.2535171509,57563,57574,11
13.081870079,80.2530899048,57574,57584,10
13.081609726,80.2525482178,57584,57594,10
13.0814800262,80.2519683838,57594,57604,10
13.0814399719,80.2512893677,57604,57614,10
13.081410408,80.2508163452,57614,57624,10
13.0813703537,80.2501525879,57624,57634,10
13.0815200806,80.2496032715,57634,57644,10
13.0822696686,80.2497329712,57644,57654,10
13.0830698013,80.2498626709,57654,57664,10
13.0836000443,80.2499465942,57664,57674,10
13.0839700699,80.25,57674,57684,10
13.08452034,80.2500915527,57684,57695,11
13.084690094,80.2501296997,57695,57705,10
13.0851202011,80.250213623,57705,57715,10
13.0856895447,80.250328064,57715,57725,10
13.0857896805,80.2503509521,57725,57735,10
13.0858898163,80.2500686646,57735,57745,10
13.0858898163,80.2493972778,57745,57755,10
13.085849762,80.2485275269,57755,57765,10
13.0858201981,80.2474975586,57765,57775,10
13.0857896805,80.2465667725,57775,57785,10
13.0857000351,80.24584198,57785,57804,19
13.0857000351,80.24584198,57804,57816,12
13.0856800079,80.245552063,57816,57826,10
13.0858297348,80.2451171875,57826,57836,10
13.0862398148,80.2447814941,57836,57846,10
13.0867395401,80.2443771362,57846,57856,10
13.0872097015,80.2439575195,57856,57866,10
13.0876302719,80.2435836792,57866,57876,10
13.0877199173,80.2434616089,57876,57886,10
13.0878295898,80.2430801392,57886,57896,10
13.08796978,80.2423934937,57896,57906,10
13.0882701874,80.2420120239,57906,57916,10
13.08852005,80.241859436,57916,57926,10
13.0889396667,80.2415390015,57926,57937,11
13.0895700455,80.2411117554,57937,57947,10
13.0903396606,80.240852356,57947,57957,10
13.0911903381,80.240852356,57957,57967,10
13.0919704437,80.2408828735,57967,57977,10
13.0925502777,80.2409210205,57977,57987,10
13.0932798386,80.2409896851,57987,57997,10
13.0939598083,80.2410888672,57997,58007,10
13.094039917,80.2410964966,58007,58017,10
13.0942201614,80.2411422729,58017,58027,10
13.094499588,80.2411880493,58027,58037,10
13.0948400497,80.2412796021,58037,58047,10
13.0953798294,80.2414169312,58047,58058,11
13.0958995819,80.2415924072,58058,58068,10
13.0963401794,80.2416763306,58068,58078,10
13.0967102051,80.2418518066,58078,58088,10
13.0971803665,80.2420196533,58088,58098,10
13.0977697372,80.2421798706,58098,58108,10
13.0984296799,80.2423095703,58108,58118,10
13.0986204147,80.2422637939,58118,58128,10
13.0987796783,80.2420730591,58128,58138,10
13.0986404419,80.2418518066,58138,58148,10
13.0985498428,80.2421798706,58148,58451,303
13.0985498428,80.2421798706,58451,58461,10
13.0984697342,80.24243927,58461,58471,10
13.0980596542,80.2423782349,58471,58481,10
13.097530365,80.2422866821,58481,58562,81
13.097530365,80.2422866821,58562,58572,10
13.0972700119,80.2421417236,58572,58582,10
13.0968399048,80.2419967651,58582,58592,10
13.0962696075,80.2418136597,58592,58602,10
13.0956401825,80.2415771484,58602,58612,10
13.095199585,80.2414169312,58612,58622,10
13.0947904587,80.2413101196,58622,58632,10
13.0943803787,80.2412414551,58632,58642,10
13.0939702988,80.2411575317,58642,58652,10
13.0935497284,80.2410964966,58652,58662,10
13.0934495926,80.2410736084,58662,58673,11
13.093000412,80.241027832,58673,58683,10
13.0924100876,80.2409820557,58683,58693,10
13.0919504166,80.2409362793,58693,58703,10
13.0911998749,80.2408981323,58703,58713,10
13.0902996063,80.2408905029,58713,58723,10
13.0894498825,80.2412109375,58723,58733,10
13.0886697769,80.2417831421,58733,58743,10
13.08796978,80.2424468994,58743,58753,10
13.087849617,80.2432022095,58753,58763,10
13.0877895355,80.2434387207,58763,58773,10
13.087439537,80.2438735962,58773,58784,11
13.0867700577,80.2444229126,58784,58794,10
13.0861501694,80.2449188232,58794,58804,10
13.0857801437,80.2453384399,58804,58814,10
13.0857095718,80.2458877563,58814,58824,10
13.0857896805,80.2466201782,58824,58834,10
13.0857696533,80.2467193604,58834,58844,10
13.0857496262,80.247177124,58844,58854,10
13.085849762,80.2480010986,58854,58864,10
13.0858697891,80.2490615845,58864,58874,10
13.0859603882,80.2501831055,58874,58894,20
13.0859603882,80.2501831055,58894,58905,11
13.0859203339,80.25050354,58905,58915,10
13.0858402252,80.2510299683,58915,58925,10
13.0857696533,80.2515487671,58925,58935,10
13.0857000351,80.2520370483,58935,58945,10
13.0856304169,80.2526626587,58945,58955,10
13.0855903625,80.2531814575,58955,58965,10
13.0855798721,80.2537384033,58965,58975,10
13.0856399536,80.2542419434,58975,58985,10
13.0855998993,80.254737854,58985,58995,10
13.085269928,80.2547531128,58995,59005,10
13.084569931,80.2546768188,59005,59015,10
13.0840196609,80.2546081543,59015,59025,10
13.083990097,80.2546005249,59025,59036,11
13.0836496353,80.2545471191,59036,59046,10
13.0829801559,80.2544937134,59046,59056,10
13.0824804306,80.2544937134,59056,59066,10
13.0819797516,80.2546234131,59066,59076,10
13.0816297531,80.2547988892,59076,59086,10
13.0813598633,80.2548828125,59086,59096,10
13.0810403824,80.2548522949,59096,59106,10
13.0809202194,80.2548294067,59106,59116,10
13.0804595947,80.2547836304,59116,59126,10
13.0798797607,80.2546920776,59126,59136,10
13.0792398453,80.2546768188,59136,59146,10
13.079000473,80.2549362183,59146,59157,11
13.0790901184,80.2556762695,59157,59167,10
13.0791702271,80.2565307617,59167,59187,20
13.0791702271,80.2565307617,59187,59197,10
13.0790500641,80.2567825317,59197,59207,10
13.0784702301,80.2567367554,59207,59217,10
13.0779399872,80.256729126,59217,59227,10
13.0773801804,80.2568206787,59227,59237,10
13.0766897202,80.2571487427,59237,59247,10
13.075969696,80.2578201294,59247,59257,10
13.0754804611,80.2582931519,59257,59267,10
13.0755596161,80.2586517334,59267,59277,10
13.075799942,80.2593383789,59277,59288,11
13.0763301849,80.2598876953,59288,59298,10
13.0767698288,80.260269165,59298,59308,10
13.0770196915,80.2605209351,59308,59318,10
13.0773200989,80.2610015869,59318,59328,10
13.077580452,80.2616577148,59328,59338,10
13.0778598785,80.2622375488,59338,59378,40
13.0778598785,80.2622375488,59378,59388,10
13.0779495239,80.2626800537,59388,59397,9
13.0779895782,80.2629013062,59397,59409,12
13.0782804489,80.2634429932,59409,59419,10
13.0780897141,80.2635726929,59419,59429,10
13.0777797699,80.2637863159,59429,59439,10
13.0772895813,80.2640762329,59439,59449,10
13.077050209,80.2641372681,59449,59459,10
13.0768995285,80.2641525269,59459,59469,10
13.0763196945,80.264251709,59469,59479,10
13.0756397247,80.264213562,59479,59489,10
13.0751495361,80.2635192871,59489,59499,10
13.0746002197,80.2628097534,59499,59509,10
13.0740604401,80.2621536255,59509,59519,10
13.0736398697,80.261680603,59519,59530,11
13.0735998154,80.2616424561,59530,59540,10
13.0732698441,80.2614517212,59540,59550,10
13.0729703903,80.2619476318,59550,59560,10
13.0727396011,80.2626495361,59560,59570,10
13.0725402832,80.2632598877,59570,59580,10
13.0722799301,80.2638320923,59580,59590,10
13.0718402863,80.2644119263,59590,59600,10
13.0714902878,80.264793396,59600,59610,10
13.0714797974,80.2648010254,59610,59620,10
13.0713396072,80.2649002075,59620,59630,10
13.071100235,80.2651519775,59630,59640,10
13.0708398819,80.2654037476,59640,59651,11
13.0704298019,80.2658309937,59651,59661,10
13.0701799393,80.2660903931,59661,59671,10
13.0698699951,80.266418457,59671,59681,10
13.0695199966,80.2667617798,59681,59691,10
13.0691099167,80.2671813965,59691,59701,10
13.0688400269,80.2677383423,59701,59711,10
13.0686502457,80.2682800293,59711,59721,10
13.0685396194,80.2686309814,59721,59731,10
13.0684204102,80.2690582275,59731,59741,10
13.0683097839,80.2695617676,59741,59751,10
13.0682001114,80.2700576782,59751,59761,10
13.0681800842,80.2702178955,59761,59772,11
13.068189621,80.2704315186,59772,59782,10
13.0682001114,80.2706832886,59782,59792,10
13.0680799484,80.2710037231,59792,59802,10
13.0676698685,80.2709197998,59802,59812,10
13.0672197342,80.2704696655,59812,59822,10
13.0671300888,80.2703781128,59822,59832,10
13.0668897629,80.2701187134,59832,59842,10
13.0665197372,80.2695617676,59842,59852,10
13.0663995743,80.2687606812,59852,59862,10
13.0661001205,80.268157959,59862,59872,10
13.0655002594,80.2677230835,59872,59881,9
13.0652503967,80.2676773071,59881,59893,12
13.0651302338,80.2676696777,59893,59903,10
13.0646400452,80.2675628662,59903,59913,10
13.0641002655,80.2674407959,59913,59923,10
13.0635795593,80.2673492432,59923,59933,10
13.0630998611,80.2672729492,59933,59943,10
13.0628900528,80.2672119141,59943,59953,10
13.0625495911,80.266960144,59953,59963,10
13.0621700287,80.2665100098,59963,59973,10
13.0617599487,80.2659988403,59973,59983,10
13.0615501404,80.2658004761,59983,59993,10
13.0612297058,80.26537323,59993,60003,10
13.060669899,80.2653427124,60003,60014,11
13.0604000092,80.2655105591,60014,60024,10
13.0601997375,80.2655715942,60024,60034,10
13.059630394,80.2656021118,60034,60044,10
13.0584402084,80.2654037476,60044,60074,30
13.0584402084,80.2654037476,60074,60084,10
13.0582399368,80.2653808594,60084,60094,10
13.0579996109,80.2649688721,60094,60104,10
13.0579395294,80.2643432617,60104,60114,10
13.0578603745,80.2636184692,60114,60125,11
13.0578098297,80.2627792358,60125,60135,10
13.0577096939,80.2621383667,60135,60145,10
13.0575799942,80.261428833,60145,60155,10
13.0573797226,80.2606506348,60155,60165,10
13.0571403503,80.2597579956,60165,60175,10
13.0568704605,80.2588729858,60175,60185,10
13.0566797256,80.2582778931,60185,60195,10
13.0565900803,80.2578430176,60195,60205,10
13.0564699173,80.2573394775,60205,60215,10
13.0564699173,80.2572937012,60215,60225,10
13.0564899445,80.2571563721,60225,60235,10
13.0563802719,80.256729126,60235,60246,11
13.0562200546,80.256362915,60246,60256,10
13.0559396744,80.2559661865,60256,60266,10
13.0554800034,80.255317688,60266,60276,10
13.0549201965,80.2545776367,60276,60286,10
13.0541000366,80.253578186,60286,60306,20
13.0541000366,80.253578186,60306,60316,10
13.0540504456,80.2534713745,60316,60326,10
13.0538702011,80.2532196045,60326,60336,10
13.0534601212,80.2526168823,60336,60346,10
13.0528697968,80.2518310547,60346,60356,10
13.052280426,80.2510528564,60356,60365,9
13.0516901016,80.2504196167,60365,60377,12
13.0504903793,80.2499923706,60377,60387,10
13.0495100021,80.2498016357,60387,60397,10
13.0488004684,80.24974823,60397,60407,10
13.0483102798,80.2495880127,60407,60417,10
13.0478096008,80.2492294312,60417,60427,10
13.0472602844,80.2487792969,60427,60437,10
13.0470304489,80.2486801147,60437,60447,10
13.046959877,80.2486495972,60447,60457,10
13.0465297699,80.2485961914,60457,60467,10
13.0458602905,80.2484817505,60467,60476,9
13.0453395844,80.2482528687,60476,60487,11
13.0446796417,80.2481231689,60487,60498,11
13.0439395905,80.2479782104,60498,60508,10
13.0433797836,80.2479019165,60508,60518,10
13.0429697037,80.2478027344,60518,60528,10
13.0426502228,80.2477035522,60528,60538,10
13.0421304703,80.2476119995,60538,60548,10
13.0416097641,80.2475204468,60548,60558,10
13.0416002274,80.2475204468,60558,60568,10
13.0414104462,80.2474594116,60568,60578,10
13.0407896042,80.2473220825,60578,60588,10
13.0399398804,80.2471618652,60588,60608,20
13.0399398804,80.2471618652,60608,60619,11
13.0398597717,80.2471313477,60619,60629,10
13.0394201279,80.2470169067,60629,60639,10
13.038860321,80.246887207,60639,60649,10
13.0383396149,80.2467727661,60649,60659,10
13.037779808,80.2466888428,60659,60669,10
13.0371103287,80.2465667725,60669,60679,10
13.0363998413,80.2464065552,60679,60689,10
13.0357904434,80.2462463379,60689,60699,10
13.0357303619,80.2462387085,60699,60709,10
13.0355997086,80.2462310791,60709,60719,10
13.035200119,80.24609375,60719,60730,11
13.0351495743,80.2460784912,60730,60740,10
13.0350704193,80.24609375,60740,60750,10
13.0347795486,80.2457962036,60750,60760,10
13.0345897675,80.2454605103,60760,60770,10
13.0341396332,80.2448883057,60770,60780,10
13.0335798264,80.2441482544,60780,60790,10
13.0328502655,80.2432479858,60790,60800,10
13.0323801041,80.2425994873,60800,60810,10
13.0322504044,80.24243927,60810,60820,10
13.0320997238,80.2423019409,60820,60830,10
13.0319700241,80.242149353,60830,60839,9
13.0318803787,80.2418670654,60839,60850,11
13.0314598083,80.2409210205,60850,60921,71
13.0314598083,80.2409210205,60921,60931,10
13.0314702988,80.240852356,60931,60941,10
13.0312900543,80.2404327393,60941,60951,10
13.0310201645,80.2398605347,60951,60961,10
13.0306396484,80.2391433716,60961,60972,11
13.0301198959,80.2381820679,60972,60981,9
13.0296201706,80.2373733521,60981,60992,11
13.0291595459,80.236869812,60992,61002,10
13.0291500092,80.2368621826,61002,61012,10
13.0290002823,80.2366867065,61012,61022,10
13.0285396576,80.2361831665,61022,61032,10
13.0279502869,80.235496521,61032,61042,10
13.0276098251,80.2349624634,61042,61062,20
13.0275001526,80.2347488403,61062,61082,20
13.0275001526,80.2347488403,61082,61093,11
13.0274600983,80.2346878052,61093,61102,9
13.0272397995,80.2342987061,61102,61113,11
13.0270500183,80.2339782715,61113,61123,10
13.0269498825,80.233833313,61123,61133,10
13.0268297195,80.2336196899,61133,61173,40
13.0268297195,80.2336196899,61173,61183,10
13.0266304016,80.2332763672,61183,61193,10
13.0263700485,80.2327423096,61193,61203,10
13.0261497498,80.2320480347,61203,61213,10
13.0260095596,80.2315063477,61213,61224,11
13.0257301331,80.2305908203,61224,61234,10
13.025179863,80.2297515869,61234,61244,10
13.0247802734,80.2292785645,61244,61264,20
13.0247802734,80.2292785645,61264,61274,10
13.0246095657,80.2291030884,61274,61284,10
13.0242700577,80.2286376953,61284,61294,10
13.0239601135,80.2282867432,61294,61304,10
13.0239496231,80.228302002,61304,61314,10
13.0238800049,80.2282714844,61314,61324,10
13.0235900879,80.2278900146,61324,61334,10
13.0230398178,80.2273101807,61334,61344,10
13.0222902298,80.2266616821,61344,61355,11
13.0214099884,80.2259063721,61355,61365,10
13.0203104019,80.2251205444,61365,61385,20
13.0203104019,80.2251205444,61385,61395,10
13.0201396942,80.2249984741,61395,61405,10
13.0195999146,80.224647522,61405,61415,10
13.0186500549,80.2245864868,61415,61425,10
13.0176296234,80.2250366211,61425,61435,10
13.016699791,80.2254104614,61435,61445,10
13.0163698196,80.2255325317,61445,61455,10
13.0158100128,80.2257232666,61455,61466,11
13.0151996613,80.2259521484,61466,61476,10
13.0143098831,80.22631073,61476,61496,20
13.0143098831,80.22631073,61496,61506,10
13.0140199661,80.2263793945,61506,61516,10
13.0133695602,80.2266464233,61516,61526,10
13.0123901367,80.2270202637,61526,61536,10
13.0112495422,80.2274932861,61536,61546,10
13.0100402832,80.2279663086,61546,61556,10
13.0091495514,80.2285995483,61556,61566,10
13.0089302063,80.2297363281,61566,61576,10
13.0086898804,80.2310791016,61576,61587,11
13.0084400177,80.2324981689,61587,61597,10
13.0082798004,80.2336196899,61597,61617,20
13.0082798004,80.2336196899,61617,61627,10
13.0081596375,80.2339935303,61627,61637,10
13.008020401,80.2347106934,61637,61647,10
13.0078001022,80.2357635498,61647,61657,10
13.0075397491,80.2370376587,61657,61667,10
13.0073099136,80.238319397,61667,61677,10
13.0071201324,80.2393188477,61677,61687,10
13.0069599152,80.2400970459,61687,61768,81
13.0069599152,80.2400970459,61768,61778,10
13.0068902969,80.2406082153,61778,61788,10
13.0068302155,80.2411270142,61788,61798,10
13.0068101883,80.2413864136,61798,61808,10
13.0067796707,80.2421035767,61808,61818,10
13.0067796707,80.2428512573,61818,61828,10
13.0067396164,80.243560791,61828,61839,11
13.0067300797,80.2442932129,61839,61849,10
13.0067300797,80.2450790405,61849,61859,10
13.0067300797,80.2454376221,61859,61869,10
13.0067300797,80.2454681396,61869,61879,10
13.0067396164,80.2456436157,61879,61889,10
13.0067596436,80.2460784912,61889,61899,10
13.0067901611,80.2466278076,61899,61909,10
13.006770134,80.2474136353,61909,61919,10
13.0067596436,80.2484512329,61919,61929,10
13.0067996979,80.2495422363,61929,61939,10
13.0068502426,80.2501068115,61939,61950,11
13.0068597794,80.2503967285,61950,61960,10
13.0068702698,80.2506027222,61960,61970,10
13.0068798065,80.2508773804,61970,61980,10
13.0068902969,80.2512207031,61980,61990,10
13.0067501068,80.2517776489,61990,62000,10
13.0066003799,80.2525100708,62000,62010,10
13.0065803528,80.2534408569,62010,62020,10
13.0066003799,80.2544937134,62020,62030,10
13.0066299438,80.2550811768,62030,62040,10
13.0066404343,80.2550888062,62040,62050,10
13.0066404343,80.2551803589,62050,62060,10
13.0066204071,80.2556915283,62060,62070,10
13.0066404343,80.2564697266,62070,62081,11
13.0066995621,80.2574386597,62081,62091,10
13.0060901642,80.2575378418,62091,62101,10
13.0055103302,80.2573776245,62101,62111,10
13.0050201416,80.2572097778,62111,62121,10
13.0043401718,80.2570800781,62121,62131,10
13.0035400391,80.256942749,62131,62141,10
13.0029401779,80.2568130493,62141,62151,10
13.0023803711,80.2566986084,62151,62161,10
13.0018796921,80.2566223145,62161,62191,30
13.0018796921,80.2566223145,62191,62201,10
13.0016002655,80.2565765381,62201,62212,11
13.0010404587,80.2565231323,62212,62222,10
13.0003595352,80.2564468384,62222,62232,10
12.9996500015,80.2563400269,62232,62252,20
12.9996500015,80.2563400269,62252,62262,10
12.9994497299,80.2562637329,62262,62272,10
12.9990301132,80.2561416626,62272,62282,10
12.998550415,80.2560806274,62282,62292,10
12.9984798431,80.2560806274,62292,62302,10
12.9983596802,80.2561035156,62302,62312,10
12.9980897903,80.2559890747,62312,62322,10
12.9977197647,80.2559814453,62322,62333,11
12.9975204468,80.2559890747,62333,62343,10
12.9970302582,80.2559509277,62343,62353,10
12.996509552,80.2559280396,62353,62363,10
12.9958400726,80.2559280396,62363,62373,10
12.995300293,80.2559509277,62373,62383,10
12.9946203232,80.2559661865,62383,62393,10
12.9940004349,80.2560424805,62393,62403,10
12.9931201935,80.2560806274,62403,62413,10
12.9921703339,80.2561035156,62413,62423,10
12.991350174,80.2560882568,62423,62432,9
12.9907903671,80.2560577393,62432,62444,12
12.990480423,80.2560424805,62444,62454,10
12.9898300171,80.2560424805,62454,62464,10
12.9887800217,80.2559890747,62464,62544,80
12.9887800217,80.2559890747,62544,62554,10
12.9885597229,80.2560195923,62554,62564,10
12.9883298874,80.2559661865,62564,62575,11
12.9880199432,80.2559204102,62575,62585,10
12.9876804352,80.2559585571,62585,62595,10
12.9876003265,80.2565765381,62595,62605,10
12.9875497818,80.2570877075,62605,62615,10
12.9874897003,80.2578201294,62615,62625,10
12.9874095917,80.2584991455,62625,62635,10
12.9873895645,80.2588272095,62635,62645,10
12.9873304367,80.2590866089,62645,62655,10
12.9873104095,80.2593917847,62655,62665,10
12.9873104095,80.2594070435,62665,62675,10
12.9872198105,80.2596435547,62675,62716,41
12.9872198105,80.2596435547,62716,62726,10
12.9870700836,80.2596282959,62726,62736,10
12.9870195389,80.2594604492,62736,63593,857
12.9870195389,80.2594604492,63593,63603,10
12.9872303009,80.2591400146,63603,63613,10
12.9873504639,80.2589416504,63613,63623,10
12.9873895645,80.2584609985,63623,63633,10
12.9874296188,80.2578964233,63633,63643,10
12.9874801636,80.2574081421,63643,63653,10
12.9875602722,80.2567520142,63653,63663,10
12.9876003265,80.2560119629,63663,63805,142
12.9876003265,80.2560119629,63805,63815,10
12.9877004623,80.2557830811,63815,63825,10
12.9881696701,80.255859375,63825,63835,10
12.9885396957,80.2559127808,63835,63845,10
12.9885797501,80.2559127808,63845,63855,10
12.9886598587,80.2559280396,63855,63865,10
12.9891004562,80.2559890747,63865,63875,10
12.9898099899,80.2560501099,63875,63885,10
12.9906196594,80.2560424805,63885,63895,10
12.9913101196,80.2560806274,63895,63906,11
12.992389679,80.256111145,63906,63916,10
12.9934997559,80.2560577393,63916,63926,10
12.9944801331,80.2559890747,63926,63936,10
12.9950304031,80.2559280396,63936,63946,10
12.99559021,80.2559204102,63946,63956,10
12.9963998795,80.2559204102,63956,63996,40
12.9963998795,80.2559204102,63996,64006,10
12.9965600967,80.2559661865,64006,64016,10
12.9968299866,80.2559509277,64016,64026,10
12.9971599579,80.2559585571,64026,64037,11
12.9977302551,80.2559814453,64037,64047,10
12.9981603622,80.2560119629,64047,64057,10
12.9988098145,80.256072998,64057,64077,20
12.9988098145,80.256072998,64077,64087,10
12.99903965,80.256111145,64087,64097,10
12.9995203018,80.2562026978,64097,64107,10
13.0000600815,80.2563095093,64107,64117,10
13.0007200241,80.256439209,64117,64168,51
13.0007200241,80.256439209,64168,64178,10
13.0010795593,80.2565612793,64178,64188,10
13.0013399124,80.2565994263,64188,64198,10
13.0017795563,80.2566604614,64198,64208,10
13.002240181,80.2567214966,64208,64218,10
13.0026798248,80.2567977905,64218,64228,10
13.0030498505,80.2568664551,64228,64238,10
13.0036296844,80.256980896,64238,64248,10
13.0044002533,80.2571182251,64248,64258,10
13.0051403046,80.2572631836,64258,64267,9
13.0057201385,80.2573776245,64267,64278,11
13.0061101913,80.2574310303,64278,64289,11
13.0062103271,80.2574462891,64289,64299,10
13.0064697266,80.2574386597,64299,64309,10
13.0065002441,80.2570571899,64309,64319,10
13.006529808,80.2565917969,64319,64329,10
13.006529808,80.2560272217,64329,64339,10
13.0065498352,80.2557373047,64339,64349,10
13.0065498352,80.2552566528,64349,64359,10
13.0065402985,80.2544784546,64359,64369,10
13.0065402985,80.2538299561,64369,64379,10
13.0065498352,80.2533416748,64379,64390,11
13.006529808,80.2530136108,64390,64399,9
13.0065402985,80.2528381348,64399,64410,11
13.0065803528,80.2527084351,64410,64420,10
13.0065898895,80.2524337769,64420,64430,10
13.0066604614,80.2519989014,64430,64853,423
13.0067996979,80.251663208,64853,65176,323
13.0067996979,80.251663208,65176,65186,10
13.0067501068,80.251701355,65186,65196,10
13.0067996979,80.2511901855,65196,65206,10
13.006770134,80.2503814697,65206,65226,20
13.006770134,80.2503814697,65226,65236,10
13.0067996979,80.2499084473,65236,65267,31
13.0067996979,80.2499084473,65267,65277,10
13.0067396164,80.2495422363,65277,65287,10
13.0067396164,80.2492828369,65287,65367,80
13.0067396164,80.2492828369,65367,65378,11
13.0066900253,80.2488327026,65378,65388,10
13.0066699982,80.2484664917,65388,65398,10
13.0066404343,80.2480926514,65398,65468,70
13.0066404343,80.2480926514,65468,65478,10
13.0066404343,80.2475891113,65478,65519,41
13.0066404343,80.2475891113,65519,65529,10
13.0066404343,80.247428894,65529,65539,10
13.0066604614,80.2470397949,65539,65549,10
13.0065898895,80.2466125488,65549,65559,10
13.0066299438,80.2464599609,65559,65608,49
13.0066299438,80.2464599609,65608,65620,12
13.0066299438,80.2460708618,65620,65650,30
13.0066299438,80.2460708618,65650,65660,10
13.0066404343,80.2456970215,65660,65670,10
13.0066404343,80.2456665039,65670,65680,10
13.006649971,80.2455368042,65680,65690,10
13.0066404343,80.2453079224,65690,65700,10
13.0066299438,80.2452163696,65700,65710,10
13.0066099167,80.2449569702,65710,65720,10
13.0066003799,80.2446670532,65720,65730,10
13.0066099167,80.2444229126,65730,65740,10
13.0066099167,80.244178772,65740,65751,11
13.0066099167,80.2438583374,65751,65761,10
13.0066099167,80.2436294556,65761,65771,10
13.0065803528,80.2431716919,65771,65781,10
13.0065603256,80.2422866821,65781,65791,10
13.0065898895,80.2413635254,65791,65801,10
13.0066204071,80.2409515381,65801,65841,40
13.0066204071,80.2409515381,65841,65851,10
13.0066604614,80.2407608032,65851,65861,10
13.0066900253,80.2405700684,65861,65872,11
13.006819725,80.2400512695,65872,65882,10
13.0069999695,80.2392120361,65882,65892,10
13.0071697235,80.2382965088,65892,65902,10
13.0073204041,80.2375564575,65902,65912,10
13.0074100494,80.2367935181,65912,65932,20
13.0074100494,80.2367935181,65932,65942,10
13.0074596405,80.2365875244,65942,65952,10
13.0075902939,80.2360916138,65952,65962,10
13.0077400208,80.2354202271,65962,65972,10
13.0079097748,80.2345962524,65972,65982,10
13.0080699921,80.2337722778,65982,65993,11
13.0082302094,80.2329101563,65993,66003,10
13.0084104538,80.2319717407,66003,66013,10
13.0085201263,80.2312011719,66013,66023,10
13.0086698532,80.2304763794,66023,66033,10
13.0088996887,80.2295532227,66033,66043,10
13.0091104507,80.2285003662,66043,66053,10
13.0094900131,80.2274627686,66053,66063,10
13.0099601746,80.2264633179,66063,66073,10
13.0102500916,80.2259292603,66073,66083,10
13.0103597641,80.2257232666,66083,66092,9
13.0103797913,80.2256774902,66092,66103,11
13.0104598999,80.2255020142,66103,66114,11
13.0105800629,80.2252426147,66114,66124,10
13.0107002258,80.2249832153,66124,66134,10
13.0108499527,80.2246704102,66134,66144,10
13.0110197067,80.2241363525,66144,66164,20
13.0110197067,80.2241363525,66164,66174,10
13.0111398697,80.2238235474,66174,66184,10
13.0112800598,80.2233276367,66184,66194,10
13.0115499496,80.2226715088,66194,66204,10
13.0119199753,80.2217483521,66204,66214,10
13.0122995377,80.2214889526,66214,66224,10
13.0126199722,80.2219390869,66224,66235,11
13.0132303238,80.2226028442,66235,66245,10
13.0137796402,80.2231903076,66245,66255,10
13.0141000748,80.2235336304,66255,66265,10
13.0142803192,80.2238082886,66265,66275,10
13.0146102905,80.2241973877,66275,66285,10
13.0150003433,80.2245788574,66285,66305,20
13.0150003433,80.2245788574,66305,66315,10
13.0151901245,80.2247772217,66315,66325,10
13.0154800415,80.2249908447,66325,66345,20
13.0154800415,80.2249908447,66345,66356,11
13.0156803131,80.225189209,66356,66366,10
13.0163002014,80.2253723145,66366,66376,10
13.0170202255,80.2251586914,66376,66386,10
13.017780304,80.224861145,66386,66396,10
13.0184698105,80.2245788574,66396,66406,10
13.0193099976,80.2244033813,66406,66426,20
13.0193099976,80.2244033813,66426,66436,10
13.0195398331,80.2245330811,66436,66467,31
13.0195398331,80.2245330811,66467,66477,10
13.0198698044,80.2247161865,66477,66487,10
13.0203304291,80.2250595093,66487,66497,10
13.0207500458,80.2253494263,66497,66517,20
13.0220003128,80.2263183594,66517,66527,10
13.0226802826,80.2268829346,66527,66535,8
13.0232601166,80.2274017334,66535,66547,12
13.023900032,80.2279663086,66547,66557,10
13.0239696503,80.2280426025,66557,66567,10
13.0241699219,80.2282791138,66567,66577,10
13.0243501663,80.2285232544,66577,66588,11
13.0245504379,80.2287826538,66588,66598,10
13.0247001648,80.2289886475,66598,66608,10
13.0249204636,80.2293014526,66608,66618,10
13.0252799988,80.2297592163,66618,66628,10
13.0255203247,80.2300567627,66628,66638,10
13.0256500244,80.2302398682,66638,66668,30
13.0256500244,80.2302398682,66668,66678,10
13.0257501602,80.2304534912,66678,66688,10
13.0259199142,80.2308197021,66688,66779,91
13.0259199142,80.2308197021,66779,66789,10
13.0260295868,80.2309265137,66789,66799,10
13.0260801315,80.2312316895,66799,66809,10
13.0261898041,80.2317428589,66809,66818,9
13.0263299942,80.2323074341,66818,66830,12
13.0267000198,80.2331771851,66830,66840,10
13.0270500183,80.2337722778,66840,66850,10
13.0275402069,80.2346191406,66850,66860,10
13.0280599594,80.2355575562,66860,66870,10
13.0287303925,80.2363204956,66870,66880,10
13.0292396545,80.2368774414,66880,66890,10
13.0294799805,80.2371292114,66890,66900,10
13.0294904709,80.2371292114,66900,66910,10
13.0296602249,80.2373809814,66910,66920,10
13.029999733,80.2378921509,66920,66930,10
13.0303897858,80.2385406494,66930,66939,9
13.0306797028,80.2390518188,66939,66951,12
13.0309200287,80.2394180298,66951,66981,30
13.0309200287,80.2394180298,66981,66991,10
13.0309801102,80.2394790649,66991,67001,10
13.0311603546,80.2398300171,67001,67011,10
13.0312700272,80.2400131226,67011,67021,10
13.0313997269,80.240272522,67021,67031,10
13.0314397812,80.2407836914,67031,67041,10
13.0316696167,80.2412414551,67041,67051,10
13.0318803787,80.2417068481,67051,67061,10
13.0321903229,80.2422790527,67061,67072,11
13.0327100754,80.2428970337,67072,67082,10
13.033249855,80.243637085,67082,67092,10
13.0337495804,80.2443008423,67092,67102,10
13.0341796875,80.2449035645,67102,67112,10
13.0346097946,80.2454528809,67112,67122,10
13.0350599289,80.2459182739,67122,67132,10
13.0357198715,80.2461929321,67132,67152,20
13.0357198715,80.2461929321,67152,67162,10
13.0357904434,80.2462310791,67162,67172,10
13.0360498428,80.2464065552,67172,67182,10
13.036529541,80.2464981079,67182,67193,11
13.0371999741,80.2466201782,67193,67203,10
13.0377397537,80.2465515137,67203,67213,10
13.038769722,80.2468490601,67213,67293,80
13.038769722,80.2468490601,67293,67303,10
13.0389795303,80.2470626831,67303,67313,10
13.0392999649,80.2470932007,67313,67324,11
13.0397701263,80.2471389771,67324,67334,10
13.0402698517,80.2472000122,67334,67344,10
13.0407495499,80.2472915649,67344,67354,10
13.040769577,80.2472991943,67354,67364,10
13.0410003662,80.2473373413,67364,67374,10
13.0415697098,80.247467041,67374,67384,10
13.0420703888,80.2475967407,67384,67394,10
13.0425796509,80.2477493286,67394,67404,10
13.0429296494,80.2479400635,67404,67414,10
13.0432901382,80.2480621338,67414,67424,10
13.0439500809,80.2479400635,67424,67445,21
13.0439500809,80.2479400635,67445,67455,10
13.044260025,80.2479476929,67455,67465,10
13.0447797775,80.248008728,67465,67475,10
13.0451202393,80.2482528687,67475,67485,10
13.0456800461,80.2484512329,67485,67495,10
13.0463399887,80.248588562,67495,67505,10
13.0469198227,80.2485122681,67505,67535,30
13.0469198227,80.2485122681,67535,67545,10
13.0471801758,80.2486114502,67545,67555,10
13.0475502014,80.2489700317,67555,67566,11
13.0481100082,80.24949646,67566,67576,10
13.0486803055,80.249786377,67576,67586,10
13.0494403839,80.2498779297,67586,67596,10
13.0503501892,80.2500534058,67596,67606,10
13.0512104034,80.25025177,67606,67616,10
13.05189991,80.2506484985,67616,67626,10
13.0524301529,80.2512207031,67626,67636,10
13.0529203415,80.2518463135,67636,67646,10
13.0534896851,80.2526092529,67646,67656,10
13.0539903641,80.2533111572,67656,67666,10
13.0545597076,80.2540664673,67666,67677,11
13.055100441,80.2547683716,67677,67687,10
13.0554199219,80.2551727295,67687,67697,10
13.0557203293,80.255607605,67697,67707,10
13.0558700562,80.255821228,67707,67717,10
13.0560398102,80.2560424805,67717,67727,10
13.0562200546,80.2563018799,67727,67737,10
13.0564899445,80.2566223145,67737,67747,10
13.0568199158,80.2569198608,67747,67797,50
13.0568199158,80.2569198608,67797,67808,11
13.0570297241,80.2570877075,67808,67818,10
13.0575895309,80.2576293945,67818,67848,30
13.0575895309,80.2576293945,67848,67858,10
13.057800293,80.2578430176,67858,67868,10
13.0579900742,80.2580795288,67868,67878,10
13.0582504272,80.2584075928,67878,67888,10
13.058429718,80.2586593628,67888,67898,10
13.0587396622,80.2590179443,67898,67908,10
13.0590801239,80.2594223022,67908,67919,11
13.0593299866,80.2599105835,67919,67929,10
13.0596904755,80.2602233887,67929,67939,10
13.0600404739,80.2605209351,67939,67949,10
13.0603303909,80.2608795166,67949,67959,10
13.0603599548,80.2609100342,67959,67969,10
13.0604200363,80.2609863281,67969,67979,10
13.0605897903,80.261177063,67979,67989,10
13.0606098175,80.2611923218,67989,67999,10
13.0606403351,80.2612380981,67999,68009,10
13.0607995987,80.2614974976,68009,68019,10
13.06112957,80.2618865967,68019,68029,10
13.061340332,80.2621765137,68029,68040,11
13.0615797043,80.2624206543,68040,68050,10
13.061920166,80.2627868652,68050,68070,20
13.061920166,80.2627868652,68070,68080,10
13.0620203018,80.262878418,68080,68090,10
13.0623197556,80.2632369995,68090,68100,10
13.0627603531,80.2637786865,68100,68110,10
13.0632295609,80.2643508911,68110,68140,30
13.0632295609,80.2643508911,68140,68150,10
13.0633001328,80.2644195557,68150,68160,10
13.0634698868,80.2646789551,68160,68171,11
13.0636997223,80.265083313,68171,68181,10
13.0638799667,80.2653274536,68181,68191,10
13.0640096664,80.2655487061,68191,68201,10
13.0641403198,80.2657318115,68201,68211,10
13.0642595291,80.2659225464,68211,68221,10
13.0644903183,80.2661209106,68221,68231,10
13.0646095276,80.2662887573,68231,68241,10
13.0647201538,80.2664718628,68241,68251,10
13.0648403168,80.2666473389,68251,68261,10
13.0649795532,80.2668609619,68261,68271,10
13.0652799606,80.2670974731,68271,68282,11
13.0656499863,80.2674331665,68282,68292,10
13.0656795502,80.2674636841,68292,68302,10
13.0657901764,80.2676086426,68302,68312,10
13.065990448,80.2678604126,68312,68322,10
13.0661296844,80.2680435181,68322,68332,10
13.0662097931,80.2681274414,68332,68342,10
13.0663204193,80.2682418823,68342,68352,10
13.066450119,80.2683486938,68352,68362,10
13.0666503906,80.2684631348,68362,68372,10
13.0668296814,80.2685317993,68372,68382,10
13.0670499802,80.2686462402,68382,68413,31
13.0670499802,80.2686462402,68413,68423,10
13.0673904419,80.2688827515,68423,68433,10
13.0676202774,80.2690505981,68433,68443,10
13.0677204132,80.2690963745,68443,68453,10
13.0678596497,80.2691802979,68453,68463,10
13.0679702759,80.2692565918,68463,68473,10
13.0680999756,80.2693405151,68473,68483,10
13.0682897568,80.2693786621,68483,68493,10
13.0683603287,80.2691116333,68493,68503,10
13.0684499741,80.2686920166,68503,68513,10
13.0685501099,80.2683563232,68513,68523,10
13.0686998367,80.2679519653,68523,68534,11
13.0688495636,80.2675018311,68534,68544,10
13.0691404343,80.2670974731,68544,68554,10
13.0695295334,80.2667236328,68554,68564,10
13.0699100494,80.2663574219,68564,68574,10
13.0701999664,80.2660598755,68574,68584,10
13.0703296661,80.2659301758,68584,68614,30
13.0703296661,80.2659301758,68614,68624,10
13.0704202652,80.2658004761,68624,68634,10
13.0707197189,80.2654800415,68634,68645,11
13.070980072,80.2652206421,68645,68655,10
13.0713796616,80.2648391724,68655,68665,10
13.0718202591,80.2643508911,68665,68675,10
13.0721702576,80.2638778687,68675,68685,10
13.0723199844,80.2632904053,68685,68695,10
13.0725603104,80.2627410889,68695,68705,10
13.072810173,80.2620010376,68705,68724,19
13.072810173,80.2620010376,68724,68735,11
13.0728797913,80.2617721558,68735,68745,10
13.0729799271,80.2613372803,68745,68755,10
13.0729999542,80.260887146,68755,68766,11
13.073220253,80.2606124878,68766,68776,10
13.0734996796,80.2601013184,68776,68786,10
13.0740098953,80.2594223022,68786,68796,10
13.0746002197,80.2589416504,68796,68806,10
13.075050354,80.2585525513,68806,68816,10
13.0754098892,80.2581863403,68816,68866,50
13.0754098892,80.2581863403,68866,68876,10
13.075799942,80.2578964233,68876,68887,11
13.0762996674,80.2574691772,68887,68897,10
13.0768299103,80.2570266724,68897,68907,10
13.0775098801,80.2567596436,68907,68917,10
13.0783596039,80.2566680908,68917,68927,10
13.0786895752,80.2566604614,68927,68937,10
13.0788698196,80.256652832,68937,68997,60
13.0788698196,80.256652832,68997,69007,10
13.0791101456,80.2565002441,69007,69018,11
13.0790195465,80.2557830811,69018,69028,10
13.0788698196,80.2548065186,69028,69088,60
13.0788698196,80.2548065186,69088,69098,10
13.0788402557,80.2546615601,69098,69108,10
13.0792303085,80.2545928955,69108,69118,10
13.0798301697,80.2546691895,69118,69139,21
13.0798301697,80.2546691895,69139,69149,10
13.0802297592,80.2547836304,69149,69159,10
13.0808095932,80.2548599243,69159,69169,10
13.0813903809,80.2549209595,69169,69179,10
13.0816698074,80.2546691895,69179,69189,10
13.0817804337,80.2542419434,69189,69199,10
13.0817804337,80.2538528442,69199,69209,10
13.0818195343,80.2533493042,69209,69219,10
13.0816602707,80.2528381348,69219,69229,10
13.0814695358,80.2524414063,69229,69239,10
13.081410408,80.2517471313,69239,69250,11
13.0813598633,80.2511825562,69250,69260,10
13.0813398361,80.2509765625,69260,69270,10
13.081319809,80.250869751,69270,69280,10
13.0812997818,80.250617981,69280,69290,10
13.0812997818,80.2503662109,69290,69300,10
13.0812597275,80.2500915527,69300,69310,10
13.0812902451,80.2498321533,69310,69320,10
13.0815496445,80.2496871948,69320,69330,10
13.0818595886,80.2497711182,69330,69340,10
13.0824203491,80.2498474121,69340,69350,10
13.0828199387,80.2499237061,69350,69360,10
13.08314991,80.2499465942,69360,69370,10
13.0837802887,80.2500686646,69370,69391,21
13.0837802887,80.2500686646,69391,69401,10
13.0841999054,80.2501678467,69401,69411,10
13.0847702026,80.25025177,69411,69431,20
13.0847702026,80.25025177,69431,69441,10
13.0849504471,80.2502365112,69441,69450,9
13.0852603912,80.2503204346,69450,69461,11
13.0856304169,80.2503890991,69461,69471,10
13.085849762,80.2503814697,69471,69481,10
13.0858402252,80.2499084473,69481,69492,11
13.0858097076,80.2491226196,69492,69502,10
13.0857601166,80.2482070923,69502,69512,10
13.0856800079,80.2472610474,69512,69522,10
13.0856599808,80.246711731,69522,69532,10
13.0856704712,80.246711731,69532,69542,10
13.0856399536,80.2463302612,69542,69552,10
13.0856199265,80.2457962036,69552,69562,10
13.0856399536,80.245300293,69562,69571,9
13.0858201981,80.2451629639,69571,69582,11
13.0862903595,80.2447509766,69582,69592,10
13.0868301392,80.2443084717,69592,69602,10
13.0871601105,80.2440338135,69602,69613,11
13.0875902176,80.2436523438,69613,69623,10
13.087770462,80.2433166504,69623,69633,10
13.087849617,80.2428817749,69633,69643,10
13.0879802704,80.2422714233,69643,69653,10
13.0884103775,80.2419281006,69653,69663,10
13.0888299942,80.2416534424,69663,69673,10
13.0893497467,80.2413101196,69673,69683,10
13.0899496078,80.2409973145,69683,69693,10
13.0907297134,80.2409133911,69693,69703,10
13.0915002823,80.2409515381,69703,69713,10
13.092040062,80.2409896851,69713,69722,9
13.092499733,80.2409973145,69722,69734,12
13.09333992,80.2411117554,69734,69744,10
13.0942497253,80.2412414551,69744,69774,30
13.0942497253,80.2412414551,69774,69784,10
13.0944404602,80.2412796021,69784,69794,10
13.0946903229,80.2413482666,69794,69804,10
13.0951700211,80.2414779663,69804,69813,9
13.0955400467,80.2415924072,69813,69824,11
13.0959596634,80.2417602539,69824,69834,10
13.0966100693,80.2419891357,69834,69844,10
13.0971803665,80.2421569824,69844,69955,111
13.0971803665,80.2421569824,69955,69965,10
13.0974197388,80.2422409058,69965,69976,11
13.0978298187,80.2423324585,69976,69986,10
13.0981702805,80.242401123,69986,69996,10
13.0985898972,80.2423477173,69996,70026,30
13.0985898972,80.2423477173,70026,70036,10
13.098739624,80.2422103882,70036,70046,10
13.0986404419,80.2419281006,70046,70056,10
13.0985298157,80.2422180176,70056,70349,293
13.0985298157,80.2422180176,70349,70359,10
13.0985002518,80.2424087524,70359,70369,10
13.0983695984,80.24243927,70369,70379,10
13.0981702805,80.2424316406,70379,70389,10
13.0976600647,80.2423400879,70389,70460,71
13.0976600647,80.2423400879,70460,70470,10
13.0974597931,80.2423171997,70470,70480,10
13.0971698761,80.2422027588,70480,70490,10
13.0968704224,80.2420806885,70490,70500,10
13.0964899063,80.2419662476,70500,70510,10
13.0960502625,80.2417831421,70510,70520,10
13.095580101,80.2416229248,70520,70530,10
13.0952501297,80.2415313721,70530,70540,10
13.0943698883,80.241317749,70540,70550,10
13.0943698883,80.241317749,70550,70560,10
13.0937700272,80.2412261963,70560,70569,9
13.0935497284,80.2412033081,70569,70588,19
13.0933904648,80.2411575317,70588,70598,10
13.0929603577,80.2410888672,70598,70608,10
13.0923595428,80.241027832,70608,70618,10
13.0917196274,80.2409820557,70618,70628,10
13.0908699036,80.2409591675,70628,70638,10
13.0899200439,80.2410202026,70638,70648,10
13.0893201828,80.241317749,70648,70658,10
13.088640213,80.2418212891,70658,70668,10
13.0879602432,80.2424087524,70668,70678,10
13.0878095627,80.2431716919,70678,70688,10
13.0877399445,80.2434387207,70688,70699,11
13.0873298645,80.2439193726,70699,70709,10
13.0868301392,80.2443313599,70709,70719,10
13.086230278,80.2448272705,70719,70729,10
13.0858001709,80.2451934814,70729,70739,10
13.0855998993,80.2457580566,70739,70749,10
13.0856800079,80.2464828491,70749,70759,10
13.0856800079,80.2467498779,70759,70769,10
13.0856399536,80.2468719482,70769,70779,10
13.0857000351,80.2473831177,70779,70789,10
13.0857896805,80.248298645,70789,70799,10
13.0858402252,80.2493972778,70799,70809,10
13.0858802795,80.2503814697,70809,70830,21
13.0858802795,80.2503814697,70830,70840,10
13.0858602524,80.2506637573,70840,70850,10
13.0857601166,80.2511978149,70850,70860,10
13.0856704712,80.2517700195,70860,70870,10
13.0856103897,80.2520828247,70870,70880,10
13.0855798721,80.2524490356,70880,70890,10
13.085559845,80.2526473999,70890,70900,10
13.0855197906,80.2530822754,70900,70910,10
13.0854997635,80.2534713745,70910,70920,10
13.0855302811,80.2538986206,70920,70930,10
13.0855903625,80.2545394897,70930,70941,11
13.0855503082,80.254737854,70941,70951,10
13.0853204727,80.2547912598,70951,70961,10
13.0847997665,80.2547531128,70961,70971,10
13.0843200684,80.254699707,70971,70981,10
13.0839004517,80.2546691895,70981,70991,10
13.0838499069,80.2546615601,70991,71001,10
13.0837097168,80.2546386719,71001,71011,10
13.0832901001,80.2546081543,71011,71021,10
13.0825595856,80.2545776367,71021,71031,10
13.0819196701,80.2547225952,71031,71041,10
13.0812597275,80.2549362183,71041,71051,10
13.080619812,80.2548675537,71051,71062,11
13.0800695419,80.2547836304,71062,71072,10
13.0791397095,80.2547683716,71072,71142,70
13.0791397095,80.2547683716,71142,71152,10
13.078909874,80.2548294067,71152,71183,31
13.078909874,80.2548294067,71183,71193,10
13.0788803101,80.2549285889,71193,71203,10
13.0789699554,80.2555465698,71203,71213,10
13.0790596008,80.2564163208,71213,71223,10
13.0785999298,80.2567596436,71223,71233,10
13.0777797699,80.2567977905,71233,71243,10
13.077050209,80.256980896,71243,71253,10
13.0763702393,80.2574462891,71253,71263,10
13.0756797791,80.2580795288,71263,71273,10
13.0754098892,80.2585830688,71273,71283,10
13.0755901337,80.259262085,71283,71293,10
13.0760803223,80.2598495483,71293,71303,10
13.0767002106,80.2603683472,71303,71314,11
13.0771799088,80.2609329224,71314,71324,10
13.0774002075,80.261390686,71324,71334,10
13.0775604248,80.2618637085,71334,71344,10
13.077750206,80.262260437,71344,71374,30
13.077750206,80.262260437,71374,71384,10
13.0778198242,80.2625732422,71384,71394,10
13.0778303146,80.2627410889,71394,71404,10
13.07791996,80.2629928589,71404,71414,10
13.0780496597,80.2633132935,71414,71425,11
13.0779495239,80.2636413574,71425,71435,10
13.0775299072,80.2639389038,71435,71445,10
13.0769996643,80.2641830444,71445,71455,10
13.0764503479,80.264251709,71455,71465,10
13.0758304596,80.2643203735,71465,71475,10
13.0754098892,80.263923645,71475,71485,10
13.0750102997,80.2633972168,71485,71495,10
13.0747404099,80.2630615234,71495,71505,10
13.0745601654,80.262802124,71505,71515,10
13.0741796494,80.2623672485,71515,71525,10
13.073849678,80.2619476318,71525,71535,10
13.0737400055,80.2618179321,71535,71546,11
13.0737104416,80.2617797852,71546,71556,10
13.0734901428,80.2615509033,71556,71566,10
13.0730800629,80.2615432739,71566,71576,10
13.0728397369,80.2621383667,71576,71586,10
13.0726099014,80.2628479004,71586,71596,10
13.0723896027,80.263458252,71596,71606,10
13.0720796585,80.2640609741,71606,71616,10
13.0715904236,80.2646179199,71616,71626,10
13.0714502335,80.2647628784,71626,71636,10
13.0713300705,80.2648696899,71636,71646,10
13.0709400177,80.2652816772,71646,71656,10
13.070520401,80.2657012939,71656,71667,11
13.0702400208,80.2659988403,71667,71677,10
13.0698204041,80.2664413452,71677,71687,10
13.0693397522,80.2669372559,71687,71697,10
13.0689296722,80.2673873901,71697,71707,10
13.0687904358,80.267791748,71707,71717,10
13.0686502457,80.2682800293,71717,71727,10
13.0685396194,80.2686386108,71727,71737,10
13.0684499741,80.2689666748,71737,71747,10
13.06828022,80.269569397,71747,71757,10
13.0681695938,80.270072937,71757,71767,10
13.0681200027,80.2706680298,71767,71776,9
13.0681200027,80.2708816528,71776,71787,11
13.0680398941,80.2710571289,71787,71798,11
13.06772995,80.2710494995,71798,71808,10
13.0673103333,80.2706298828,71808,71818,10
13.0671100616,80.2704391479,71818,71828,10
13.0669603348,80.2702636719,71828,71838,10
13.0665798187,80.269859314,71838,71848,10
13.0664100647,80.2693862915,71848,71858,10
13.0663299561,80.2687606812,71858,71868,10
13.0660896301,80.2682495117,71868,71878,10
13.0656299591,80.2677612305,71878,71888,10
13.0652704239,80.2677001953,71888,71898,10
13.0650396347,80.2676925659,71898,71909,11
13.0648298264,80.2676620483,71909,71919,10
13.0643501282,80.2675476074,71919,71929,10
13.0639600754,80.2674865723,71929,71939,10
13.0635099411,80.2674026489,71939,71949,10
13.0629997253,80.267326355,71949,71959,10
13.0626096725,80.2671737671,71959,71969,10
13.0622501373,80.266708374,71969,71979,10
13.061829567,80.2661895752,71979,71989,10
13.0614299774,80.2656707764,71989,71999,10
13.0610799789,80.2652664185,71999,72009,10
13.0606403351,80.2653579712,72009,72019,10
13.0604200363,80.2655105591,72019,72030,11
13.0600004196,80.2656707764,72030,72040,10
13.0593395233,80.2656402588,72040,72050,10
13.0585098267,80.2654800415,72050,72070,20
13.0585098267,80.2654800415,72070,72080,10
13.058380127,80.2654495239,72080,72090,10
13.0580396652,80.2651519775,72090,72100,10
13.0579099655,80.2643890381,72100,72110,10
13.0577602386,80.2633514404,72110,72120,10
13.0576601028,80.2623672485,72120,72130,10
13.0574998856,80.2613830566,72130,72140,10
13.0572500229,80.260269165,72140,72151,11
13.056810379,80.2589569092,72151,72161,10
13.0565595627,80.2580413818,72161,72171,10
13.0565004349,80.2576980591,72171,72181,10
13.0564498901,80.2574691772,72181,72191,10
13.0563602448,80.2572631836,72191,72201,10
13.0562496185,80.2567062378,72201,72211,10
13.0559797287,80.2561569214,72211,72221,10
13.0555095673,80.2555007935,72221,72231,10
13.0549297333,80.2546768188,72231,72241,10
13.0543403625,80.2539825439,72241,72251,10
13.0540599823,80.2536087036,72251,72262,11
13.0539703369,80.2534790039,72262,72272,10
13.0537204742,80.2530975342,72272,72282,10
13.0532503128,80.2524108887,72282,72292,10
13.0526695251,80.2516403198,72292,72302,10
13.0521202087,80.2509078979,72302,72312,10
13.0515403748,80.2503814697,72312,72322,10
13.0507802963,80.2500991821,72322,72331,9
13.0497398376,80.2499008179,72331,72342,11
13.0487098694,80.2498168945,72342,72352,10
13.0481395721,80.2495803833,72352,72362,10
13.0474395752,80.2489471436,72362,72371,9
13.0469703674,80.2486801147,72371,72382,11
13.0464496613,80.2486190796,72382,72393,11
13.0456104279,80.2484588623,72393,72403,10
13.0451402664,80.248298645,72403,72413,10
13.044839859,80.2482223511,72413,72423,10
13.0445098877,80.2481613159,72423,72433,10
13.0442399979,80.2481231689,72433,72443,10
13.0439195633,80.248046875,72443,72453,10
13.0436601639,80.2480163574,72453,72463,10
13.0432796478,80.2479782104,72463,72473,10
13.0427999496,80.2478790283,72473,72483,10
13.0422000885,80.247718811,72483,72492,9
13.0416297913,80.2475814819,72492,72503,11
13.0415897369,80.247543335,72503,72514,11
13.0410003662,80.247428894,72514,72524,10
13.0399703979,80.247253418,72524,72534,10
13.0389404297,80.2470321655,72534,72544,10
13.0384502411,80.2468719482,72544,72554,10
13.0380802155,80.2468338013,72554,72564,10
13.0374698639,80.2467422485,72564,72574,10
13.036939621,80.2466430664,72574,72584,10
13.0365400314,80.2465820313,72584,72594,10
13.0361995697,80.2464294434,72594,72614,20
13.0361995697,80.2464294434,72614,72624,10
13.03565979,80.2462463379,72624,72635,11
13.0353002548,80.2461090088,72635,72645,10
13.035200119,80.2460784912,72645,72655,10
13.0348701477,80.2458190918,72655,72665,10
13.0345096588,80.2453765869,72665,72675,10
13.0340499878,80.2448425293,72675,72685,10
13.0334701538,80.244102478,72685,72695,10
13.0327596664,80.2432327271,72695,72705,10
13.0321702957,80.2424316406,72705,72715,10
13.0317401886,80.2417373657,72715,72766,51
13.0317401886,80.2417373657,72766,72776,10
13.0317401886,80.2416229248,72776,72786,10
13.0315504074,80.2412109375,72786,72796,10
13.0313196182,80.2407302856,72796,72806,10
13.0311203003,80.2403106689,72806,72816,10
13.0309801102,80.239906311,72816,72826,10
13.0306196213,80.2392120361,72826,72836,10
13.0301198959,80.2383117676,72836,72846,10
13.0295600891,80.2374191284,72846,72856,10
13.0290699005,80.236907959,72856,72867,11
13.0289897919,80.2367706299,72867,72877,10
13.0285701752,80.236328125,72877,72887,10
13.0279302597,80.2355728149,72887,72897,10
13.0273704529,80.2346115112,72897,72907,10
13.026889801,80.2338562012,72907,72917,10
13.0266304016,80.2334136963,72917,72927,10
13.0263299942,80.2328720093,72927,72937,10
13.0261001587,80.2322387695,72937,72947,10
13.0259895325,80.2317962646,72947,72957,10
13.0259103775,80.2314529419,72957,72967,10
13.0256900787,80.23072052,72967,72977,10
13.0248603821,80.2294921875,72977,72998,21
13.0248603821,80.2294921875,72998,73008,10
13.024769783,80.2294006348,73008,73018,10
13.0245103836,80.229057312,73018,73028,10
13.0239200592,80.2283325195,73028,73048,20
13.0239200592,80.2283325195,73048,73058,10
13.023730278,80.2280883789,73058,73068,10
13.0235395432,80.227897644,73068,73078,10
13.0232400894,80.2276077271,73078,73088,10
13.0228900909,80.2272567749,73088,73098,10
13.0222997665,80.2267074585,73098,73109,11
13.0215501785,80.2260665894,73109,73119,10
13.0209503174,80.2255935669,73119,73129,10
13.0203895569,80.2252120972,73129,73139,10
13.0197896957,80.2248001099,73139,73149,10
13.0190401077,80.2245330811,73149,73159,10
13.0181503296,80.2247772217,73159,73169,10
13.017250061,80.225151062,73169,73179,10
13.0166301727,80.2254333496,73179,73189,10
13.0163497925,80.2255401611,73189,73199,10
13.0159502029,80.2256774902,73199,73209,10
13.01541996,80.2258605957,73209,73219,10
13.0148601532,80.2260894775,73219,73230,11
13.0143499374,80.22631073,73230,73240,10
13.0143404007,80.2263183594,73240,73250,10
13.0141296387,80.2263793945,73250,73260,10
13.0134496689,80.2266235352,73260,73270,10
13.0124998093,80.2270202637,73270,73280,10
13.0115203857,80.227432251,73280,73290,10
13.0106201172,80.2277908325,73290,73300,10
13.0097503662,80.2281265259,73300,73310,10
13.0090503693,80.228729248,73310,73320,10
13.0088500977,80.2299118042,73320,73330,10
13.0086202621,80.2311477661,73330,73340,10
13.0083999634,80.2323379517,73340,73351,11
13.0082397461,80.2334213257,73351,73361,10
13.0082197189,80.2335662842,73361,73371,10
13.0080900192,80.2339401245,73371,73381,10
13.0079603195,80.2346572876,73381,73391,10
13.0077600479,80.2356796265,73391,73401,10
13.0074996948,80.2369308472,73401,73411,10
13.0072402954,80.23828125,73411,73421,10
13.0070295334,80.239402771,73421,73461,40
13.0070295334,80.239402771,73461,73472,11
13.0070400238,80.2395172119,73472,73482,10
13.006939888,80.2399978638,73482,73492,10
13.0068101883,80.2406997681,73492,73502,10
13.0067100525,80.2415237427,73502,73512,10
13.0067100525,80.2425308228,73512,73522,10
13.0066604614,80.243522644,73522,73532,10
13.006649971,80.2445068359,73532,73542,10
13.0066699982,80.2453231812,73542,73552,10
13.0066900253,80.2460098267,73552,73562,10
13.0067100525,80.2467269897,73562,73572,10
13.0067300797,80.2473068237,73572,73582,10
13.0066795349,80.2478790283,73582,73593,11
13.0066995621,80.248878479,73593,73603,10
13.0067396164,80.2500076294,73603,73613,10
13.006770134,80.2512207031,73613,73623,10
13.0066404343,80.2519683838,73623,73633,10
13.0065002441,80.2528991699,73633,73643,10
13.0064897537,80.2540512085,73643,73653,10
13.0065498352,80.2550506592,73653,73663,10
13.0065498352,80.255279541,73663,73673,10
13.0065402985,80.2555236816,73673,73683,10
13.0065603256,80.2562179565,73683,73693,10
13.0065803528,80.2571716309,73693,73714,21
13.0065803528,80.2571716309,73714,73724,10
13.0066995621,80.2574768066,73724,73734,10
13.0062599182,80.2576370239,73734,73744,10
13.0058002472,80.2574920654,73744,73754,10
13.0052099228,80.2573013306,73754,73764,10
13.0044803619,80.2571716309,73764,73774,10
13.0037403107,80.2570114136,73774,73784,10
13.0031700134,80.2569122314,73784,73794,10
13.0024995804,80.2567977905,73794,73804,10
13.0019302368,80.2566986084,73804,73814,10
13.0014400482,80.2566223145,73814,73824,10
13.0009202957,80.2565612793,73824,73835,11
13.0002098083,80.2564468384,73835,73845,10
12.999420166,80.2563095093,73845,73855,10
12.9989004135,80.256187439,73855,73865,10
12.9986000061,80.2561416626,73865,73875,10
12.9984903336,80.2560882568,73875,73885,10
12.998049736,80.2560195923,73885,73895,10
12.9974498749,80.2559967041,73895,73905,10
12.9967803955,80.2559890747,73905,73915,10
12.9962997437,80.2559814453,73915,73925,10
12.9957399368,80.2559814453,73925,73935,10
12.9953298569,80.2559661865,73935,73945,10
12.9948596954,80.2559890747,73945,73956,11
12.9942102432,80.256072998,73956,73966,10
12.9935798645,80.2561264038,73966,73976,10
12.9927396774,80.2561569214,73976,73986,10
12.9918899536,80.2561187744,73986,73996,10
12.9910402298,80.256111145,73996,74006,10
12.9905796051,80.256111145,74006,74016,10
12.9902601242,80.2560882568,74016,74026,10
12.9897098541,80.2560882568,74026,74036,10
12.989159584,80.2560577393,74036,74046,10
12.9886302948,80.2560272217,74046,74056,10
12.9886102676,80.2560119629,74056,74066,10
12.9884996414,80.2559890747,74066,74097,31
12.9884996414,80.2559890747,74097,74107,10
12.9880695343,80.2559432983,74107,74117,10
12.9877099991,80.2559127808,74117,74127,10
12.9875402451,80.256401062,74127,74137,10
12.9874696732,80.2571411133,74137,74147,10
12.9874200821,80.2580184937,74147,74157,10
12.9873695374,80.2585830688,74157,74167,10
12.9873399734,80.2589035034,74167,74177,10
12.9873104095,80.2591323853,74177,74187,10
12.9872903824,80.2593688965,74187,74198,11
12.9870996475,80.2596588135,74198,74218,20
12.9870996475,80.2596588135,74218,74228,10
12.9869699478,80.2596130371,74228,74238,10
12.986989975,80.2593231201,74238,74732,494
12.986989975,80.2593231201,74732,74742,10
12.9872999191,80.2588577271,74742,74752,10
12.9873399734,80.2582321167,74752,74762,10
12.9874095917,80.2573471069,74762,74772,10
12.9874801636,80.256362915,74772,74782,10
12.9874696732,80.2559432983,74782,74853,71
12.9874696732,80.2559432983,74853,74863,10
12.9874801636,80.2558288574,74863,74873,10
12.9878797531,80.2557907104,74873,74883,10
12.9884996414,80.2558898926,74883,74893,10
12.9886102676,80.2559204102,74893,74903,10
12.9890403748,80.2559814453,74903,74913,10
12.989689827,80.2560195923,74913,74924,11
12.9903697968,80.2559967041,74924,74934,10
12.9908103943,80.2560272217,74934,74944,10
12.9916400909,80.256072998,74944,74954,10
12.9926300049,80.2560806274,74954,74964,10
12.993639946,80.2560272217,74964,74974,10
12.9945001602,80.2559661865,74974,74984,10
12.9953203201,80.2559280396,74984,74994,10
12.9959096909,80.2559127808,74994,75004,10
12.9964599609,80.2559127808,75004,75055,51
12.9964599609,80.2559127808,75055,75065,10
12.9965400696,80.2559432983,75065,75075,10
12.9968795776,80.255897522,75075,75085,10
12.9973497391,80.2559204102,75085,75095,10
12.9979696274,80.2559585571,75095,75105,10
12.99862957,80.2560119629,75105,75115,10
12.9988203049,80.2560424805,75115,75125,10
12.9991102219,80.2561187744,75125,75155,30
12.9991102219,80.2561187744,75155,75166,11
12.9993000031,80.2561416626,75166,75176,10
12.9998197556,80.2562866211,75176,75186,10
13.0005197525,80.2564315796,75186,75196,10
13.0013799667,80.2565612793,75196,75206,10
13.0022001266,80.2566986084,75206,75216,10
13.0029001236,80.2568435669,75216,75226,10
13.0033397675,80.2569198608,75226,75236,10
13.0037403107,80.2570037842,75236,75246,10
13.0043296814,80.2571029663,75246,75256,10
13.0050697327,80.2572402954,75256,75266,10
13.0053501129,80.2572479248,75266,75276,10
13.005610466,80.2573623657,75276,75287,11
13.0061798096,80.2574386597,75287,75317,30
13.0061798096,80.2574386597,75317,75327,10
13.0064201355,80.2574310303,75327,75337,10
13.0063800812,80.2570571899,75337,75347,10
13.006360054,80.2562789917,75347,75357,10
13.0063695908,80.2554779053,75357,75367,10
13.0064001083,80.2545013428,75367,75377,10
13.0064001083,80.2534332275,75377,75387,10
13.0063896179,80.2531814575,75387,75397,10
13.0064296722,80.2525863647,75397,75408,11
13.0066404343,80.2515182495,75408,75418,10
13.0066699982,80.2504196167,75418,75428,10
13.006649971,80.2494125366,75428,75438,10
13.0065803528,80.2485809326,75438,75448,10
13.0065402985,80.2480010986,75448,75458,10
13.0065402985,80.247756958,75458,75468,10
13.0065402985,80.2477264404,75468,75478,10
13.0065603256,80.2474594116,75478,75488,10
13.0065803528,80.2469863892,75488,75498,10
13.0065097809,80.24659729,75498,75508,10
13.0065402985,80.2464828491,75508,75517,9
13.006529808,80.2459793091,75517,75529,12
13.0065498352,80.244972229,75529,75539,10
13.0065402985,80.2441482544,75539,75549,10
13.0065202713,80.2435379028,75549,75559,10
13.0065002441,80.2427978516,75559,75569,10
13.0065002441,80.2417907715,75569,75579,10
13.0065898895,80.2407073975,75579,75599,20
13.0065898895,80.2407073975,75599,75609,10
13.0066900253,80.2401885986,75609,75619,10
13.0068502426,80.239402771,75619,75629,10
13.0070400238,80.2384185791,75629,75639,10
13.0072202682,80.2376098633,75639,75650,11
13.0073299408,80.2368927002,75650,75660,10
13.007349968,80.2368087769,75660,75670,10
13.0074796677,80.236366272,75670,75680,10
13.0076303482,80.2355804443,75680,75690,10
13.0078401566,80.2345428467,75690,75700,10
13.0080604553,80.2334823608,75700,75710,10
13.0082798004,80.232383728,75710,75720,10
13.0085000992,80.2312316895,75720,75730,10
13.0087099075,80.230140686,75730,75740,10
13.0088996887,80.2291488647,75740,75750,10
13.0090904236,80.2282791138,75750,75760,10
13.0093898773,80.2275238037,75760,75771,11
13.0097904205,80.2266464233,75771,75781,10
13.0101900101,80.2258682251,75781,75791,10
13.0105400085,80.2251968384,75791,75811,20
13.0105400085,80.2251968384,75811,75821,10
13.0106496811,80.224937439,75821,75831,10
13.0108995438,80.2243728638,75831,75841,10
13.0111999512,80.2237091064,75841,75851,10
13.0114803314,80.2229614258,75851,75861,10
13.0116796494,80.2222213745,75861,75871,10
13.0120201111,80.2215118408,75871,75880,9
13.0123596191,80.2215881348,75880,75892,12
13.0128803253,80.222328186,75892,75902,10
13.0135498047,80.2230377197,75902,75912,10
13.0141401291,80.2237091064,75912,75922,10
13.0145998001,80.2243423462,75922,75932,10
13.0151195526,80.2248535156,75932,75942,10
13.0154600143,80.2250289917,75942,75952,10
13.0156097412,80.2251663208,75952,75962,10
13.0162401199,80.225402832,75962,75972,10
13.0172195435,80.2250595093,75972,75982,10
13.0184001923,80.2245635986,75982,75992,10
13.0192403793,80.224319458,75992,76002,10
13.0192699432,80.224319458,76002,76013,11
13.0197296143,80.2245788574,76013,76033,20
13.0197296143,80.2245788574,76033,76043,10
13.0201597214,80.2249221802,76043,76053,10
13.0208997726,80.2254486084,76053,76063,10
13.0217599869,80.2261276245,76063,76073,10
13.0227298737,80.2269668579,76073,76083,10
13.0237398148,80.227897644,76083,76093,10
13.0243301392,80.2285690308,76093,76113,20
13.0243301392,80.2285690308,76113,76123,10
13.0244197845,80.2286376953,76123,76134,11
13.0248098373,80.2292098999,76134,76144,10
13.0254602432,80.2300872803,76144,76154,10
13.0259304047,80.2311019897,76154,76164,10
13.0261497498,80.2319488525,76164,76174,10
13.0264196396,80.2328186035,76174,76184,10
13.0268497467,80.2336425781,76184,76194,10
13.0274000168,80.2345581055,76194,76204,10
13.0279598236,80.2355194092,76204,76214,10
13.0287303925,80.2363815308,76214,76224,10
13.0293798447,80.2370529175,76224,76234,10
13.0296201706,80.2372665405,76234,76244,10
13.0296201706,80.2373199463,76244,76255,11
13.0298900604,80.23777771,76255,76265,10
13.0303001404,80.2384796143,76265,76275,10
13.0307798386,80.2392807007,76275,76285,10
13.0310897827,80.2397384644,76285,76295,10
13.0310897827,80.2397689819,76295,76305,10
13.031129837,80.2398986816,76305,76315,10
13.031370163,80.2403793335,76315,76325,10
13.0314998627,80.241027832,76325,76335,10
13.031829834,80.2417526245,76335,76345,10
13.0322904587,80.24243927,76345,76355,10
13.032910347,80.2432479858,76355,76364,9
13.0335502625,80.2440872192,76364,76376,12
13.0343599319,80.2451705933,76376,76386,10
13.0347995758,80.2456970215,76386,76396,10
13.0348100662,80.2457122803,76396,76406,10
13.034910202,80.2458114624,76406,76416,10
13.0352401733,80.2460403442,76416,76426,10
13.0356397629,80.246131897,76426,76436,10
13.0357303619,80.2461776733,76436,76446,10
13.0361003876,80.2463226318,76446,76456,10
13.0367298126,80.2464523315,76456,76466,10
13.0372896194,80.2464370728,76466,76476,10
13.0377702713,80.2464904785,76476,76487,11
13.0383901596,80.2466812134,76487,76507,20
13.0383901596,80.2466812134,76507,76517,10
13.0385599136,80.2467727661,76517,76527,10
13.0389604568,80.246887207,76527,76537,10
13.0392799377,80.2469482422,76537,76547,10
13.0396203995,80.2470016479,76547,76557,10
13.0402097702,80.2471237183,76557,76567,10
13.0409402847,80.2472763062,76567,76577,10
13.0417404175,80.247428894,76577,76587,10
13.0423002243,80.2475814819,76587,76597,10
13.0426998138,80.2477035522,76597,76606,9
13.0428800583,80.2477722168,76606,76618,12
13.0432100296,80.2478103638,76618,76628,10
13.0436601639,80.2478485107,76628,76638,10
13.0441198349,80.2478179932,76638,76648,10
13.044719696,80.2479171753,76648,76658,10
13.0451202393,80.2481613159,76658,76668,10
13.0452299118,80.2481689453,76668,76678,10
13.0453300476,80.2481765747,76678,76688,10
13.0456495285,80.2483596802,76688,76698,10
13.046210289,80.2484817505,76698,76708,10
13.0468301773,80.2484130859,76708,76717,9
13.0473499298,80.2486114502,76717,76728,11
13.047949791,80.2491836548,76728,76739,11
13.0485095978,80.2496490479,76739,76749,10
13.0490198135,80.2497024536,76749,76759,10
13.049779892,80.2498474121,76759,76769,10
13.0507202148,80.2500610352,76769,76779,10
13.0516004562,80.2503585815,76779,76789,10
13.0523395538,80.2510604858,76789,76799,10
13.0529203415,80.2518386841,76799,76809,10
13.0534896851,80.2525863647,76809,76819,10
13.0539999008,80.2533187866,76819,76829,10
13.0545101166,80.2539901733,76829,76839,10
13.0549898148,80.2546005249,76839,76849,10
13.0554800034,80.2552719116,76849,76860,11
13.0559797287,80.2559204102,76860,76870,10
13.0562801361,80.2563400269,76870,76880,10
13.056599617,80.256652832,76880,76890,10
13.056810379,80.2568664551,76890,76900,10
13.0569496155,80.2569885254,76900,76910,10
13.0574102402,80.2573928833,76910,76920,10
13.0578804016,80.2578735352,76920,76930,10
13.0583696365,80.2584762573,76930,76940,10
13.0587997437,80.2590179443,76940,76950,10
13.059129715,80.2595214844,76950,76960,10
13.0594902039,80.2600402832,76960,76971,11
13.0600795746,80.2605514526,76971,76981,10
13.0605096817,80.2610092163,76981,76991,10
13.0607595444,80.2613601685,76991,77001,10
13.0608100891,80.261390686,77001,77011,10
13.0610399246,80.2617034912,77011,77021,10
13.06153965,80.2622528076,77021,77031,10
13.0621299744,80.2630081177,77031,77041,10
13.0628004074,80.2638168335,77041,77051,10
13.0632095337,80.264289856,77051,77061,10
13.063249588,80.2643585205,77061,77071,10
13.0635204315,80.2648010254,77071,77081,10
13.0639295578,80.2655029297,77081,77092,11
13.0645198822,80.266242981,77092,77102,10
13.0649700165,80.2668228149,77102,77112,10
13.0655002594,80.2672424316,77112,77122,10
13.0660896301,80.2679214478,77122,77132,10
13.0666303635,80.268409729,77132,77142,10
13.0669002533,80.2685012817,77142,77162,20
13.0669002533,80.2685012817,77162,77172,10
13.0670604706,80.2686233521,77172,77182,10
13.0674695969,80.2689208984,77182,77192,10
13.0679502487,80.269241333,77192,77202,10
13.0683002472,80.2692565918,77202,77213,11
13.0684299469,80.268699646,77213,77223,10
13.0686302185,80.2681427002,77223,77233,10
13.068860054,80.2675170898,77233,77243,10
13.0691795349,80.266998291,77243,77253,10
13.0695199966,80.2666473389,77253,77263,10
13.0699501038,80.2661895752,77263,77273,10
13.0702295303,80.2659072876,77273,77283,10
13.070309639,80.2658691406,77283,77293,10
13.0705900192,80.2656021118,77293,77303,10
13.0709295273,80.2652206421,77303,77313,10
13.0712995529,80.2648391724,77313,77323,10
13.0715503693,80.2645568848,77323,77385,62
13.0730600357,80.2613601685,77385,77395,10
13.0732297897,80.2611312866,77395,77405,10
13.073559761,80.2614517212,77405,77415,10
13.0740003586,80.26197052,77415,77425,10
13.0744400024,80.2625274658,77425,77435,10
13.0748195648,80.2630004883,77435,77445,10
13.0751600266,80.2635192871,77445,77456,11
13.0756196976,80.2641067505,77456,77466,10
13.0759401321,80.2642669678,77466,77476,10
13.0761203766,80.264251709,77476,77486,10
13.0764703751,80.2641906738,77486,77496,10
13.0769195557,80.2641372681,77496,77506,10
13.0773096085,80.2640304565,77506,77516,10
13.077460289,80.2638931274,77516,77526,10
13.0777101517,80.2636871338,77526,77536,10
13.0780000687,80.2634811401,77536,77546,10
13.0780200958,80.2631378174,77546,77556,10
13.0779304504,80.2628173828,77556,77566,10
13.0778799057,80.2624969482,77566,77577,11
13.0777597427,80.2621994019,77577,77587,10
13.077580452,80.2616729736,77587,77597,10
13.077460289,80.2612533569,77597,77607,10
13.0774497986,80.2612228394,77607,77617,10
13.0774202347,80.2610778809,77617,77627,10
13.0772104263,80.2606964111,77627,77637,10
13.0768499374,80.2603378296,77637,77647,10
13.0762701035,80.2598724365,77647,77657,10
13.0755195618,80.2588806152,77657,77708,51
13.0755195618,80.2588806152,77708,77718,10
13.0754299164,80.2585983276,77718,77728,10
13.0754003525,80.2582168579,77728,77738,10
13.0755195618,80.2580566406,77738,77748,10
13.0758895874,80.2577972412,77748,77758,10
13.076379776,80.2573394775,77758,77768,10
13.0770101547,80.2568664551,77768,77778,10
13.0777196884,80.2566604614,77778,77788,10
13.0785102844,80.2565994263,77788,77798,10
13.0789699554,80.2565002441,77798,77808,10
13.0790500641,80.2563095093,77808,77819,11
13.0790195465,80.2556533813,77819,77829,10
13.079000473,80.2550888062,77829,77839,10
13.0790100098,80.2547912598,77839,77849,10
13.0792703629,80.2545776367,77849,77859,10
13.0796804428,80.2545776367,77859,77869,10
13.0797595978,80.2545928955,77869,77879,10
13.0802297592,80.2546920776,77879,77889,10
13.0807600021,80.2547912598,77889,77899,10
13.0812501907,80.2548370361,77899,77909,10
13.0816602707,80.2545318604,77909,77919,10
13.0818004608,80.2539215088,77919,77929,10
13.0818996429,80.2531433105,77929,77940,11
13.0814695358,80.2524185181,77940,77950,10
13.0813903809,80.2515869141,77950,77960,10
13.0813703537,80.2509994507,77960,77970,10
13.0813798904,80.2504730225,77970,77980,10
13.0813598633,80.2497634888,77980,77990,10
13.0817604065,80.2496414185,77990,78000,10
13.0824604034,80.2497711182,78000,78010,10
13.0832595825,80.2498931885,78010,78020,10
13.0837802887,80.25,78020,78030,10
13.084230423,80.2500762939,78030,78040,10
13.0846996307,80.2501602173,78040,78050,10
13.0846996307,80.2501678467,78050,78061,11
13.084859848,80.2502593994,78061,78071,10
13.085439682,80.2503433228,78071,78081,10
13.0858297348,80.2502365112,78081,78091,10
13.0858402252,80.2496490479,78091,78101,10
13.0858297348,80.2488098145,78101,78111,10
13.0858001709,80.2478637695,78111,78121,10
13.0858097076,80.2469024658,78121,78131,10
13.0857696533,80.2466964722,78131,78141,10
13.0857095718,80.246421814,78141,78151,10
13.0856800079,80.2458572388,78151,78161,10
13.0856704712,80.2455062866,78161,78171,10
13.0858402252,80.2451171875,78171,78182,11
13.0863304138,80.2446670532,78182,78192,10
13.0868902206,80.2441864014,78192,78202,10
13.0874004364,80.2437515259,78202,78212,10
13.0876598358,80.2434310913,78212,78222,10
13.0877799988,80.2432098389,78222,78232,10
13.0878801346,80.2426986694,78232,78242,10
13.0880298615,80.2421188354,78242,78252,10
13.0885601044,80.2417373657,78252,78262,10
13.0891599655,80.241317749,78262,78272,10
13.0898599625,80.2409286499,78272,78282,10
13.0907096863,80.2408218384,78282,78292,10
13.091509819,80.2408599854,78292,78303,11
13.0921201706,80.2408981323,78303,78313,10
13.0923700333,80.2408905029,78313,78323,10
13.092590332,80.2408905029,78323,78333,10
13.0931501389,80.2409591675,78333,78343,10
13.0937995911,80.2410888672,78343,78353,10
13.0942401886,80.2411727905,78353,78363,10
13.0942401886,80.2411804199,78363,78373,10
13.0943803787,80.2412185669,78373,78383,10
13.0949296951,80.2413330078,78383,78393,10
13.095580101,80.2415313721,78393,78403,10
13.0962696075,80.2417602539,78403,78412,9
13.0972099304,80.2420578003,78412,78454,42
13.0972099304,80.2420578003,78454,78464,10
13.0973796844,80.2421264648,78464,78474,10
13.0977497101,80.2422409058,78474,78484,10
13.0985002518,80.2423629761,78484,78504,20
13.0985002518,80.2423629761,78504,78514,10
13.0986604691,80.2423095703,78514,78524,10
13.0987796783,80.2420272827,78524,78534,10
13.0987100601,80.241859436,78534,78545,11
13.0984697342,80.2421798706,78545,78585,40
13.0984697342,80.2421798706,78585,78595,10
13.0981998444,80.2423400879,78595,78605,10
13.0974998474,80.2422409058,78605,78676,71
13.0974998474,80.2422409058,78676,78686,10
13.0973501205,80.2422332764,78686,78696,10
13.0971097946,80.2421112061,78696,78706,10
13.0965795517,80.2419204712,78706,78716,10
13.0960302353,80.2417068481,78716,78726,10
13.095580101,80.2415390015,78726,78736,10
13.0952301025,80.2414169312,78736,78746,10
13.0948696136,80.241317749,78746,78756,10
13.0941200256,80.2412185669,78756,78766,10
13.0932102203,80.2410430908,78766,78776,10
13.0926704407,80.2409820557,78776,78787,11
13.0918302536,80.2409286499,78787,78797,10
13.0908298492,80.2409133911,78797,78807,10
13.0897598267,80.2410430908,78807,78817,10
13.0888500214,80.2416229248,78817,78827,10
13.088060379,80.2422332764,78827,78837,10
13.0878601074,80.2430877686,78837,78847,10
13.0877895355,80.2433776855,78847,78857,10
13.0873403549,80.243888855,78857,78867,10
13.0866603851,80.2444763184,78867,78877,10
13.085940361,80.2450485229,78877,78886,9
13.0856103897,80.2456893921,78886,78897,11
13.0857200623,80.246711731,78897,78908,11
13.0858001709,80.2479705811,78908,78918,10
13.0859003067,80.249168396,78918,78928,10
13.0859203339,80.250038147,78928,78938,10
13.0859298706,80.2503204346,78938,78948,10
13.0859003067,80.2506332397,78948,78958,10
13.0858097076,80.251083374,78958,78968,10
13.0857400894,80.2516479492,78968,78978,10
13.0857000351,80.2519989014,78978,78988,10
13.0856599808,80.2526473999,78988,78998,10
13.0856103897,80.2532196045,78998,79008,10
13.0855798721,80.2537307739,79008,79018,10
13.0856599808,80.25440979,79018,79029,11
13.0852298737,80.2547302246,79029,79039,10
13.0843200684,80.2546386719,79039,79049,10
13.0839996338,80.2546081543,79049,79059,10
13.0838804245,80.2545928955,79059,79069,10
13.0833101273,80.2545471191,79069,79079,10
13.0825901031,80.2545166016,79079,79089,10
13.0820798874,80.2545776367,79089,79099,10
13.081489563,80.2548599243,79099,79109,10
13.0808696747,80.2548599243,79109,79119,10
13.0807504654,80.2548599243,79119,79128,9
13.080329895,80.2547531128,79128,79139,11
13.0793895721,80.2546463013,79139,79150,11
13.0789699554,80.2549667358,79150,79160,10
13.0790596008,80.2557525635,79160,79170,10
13.0791501999,80.2565002441,79170,79180,10
13.0791301727,80.2565612793,79180,79190,10
13.0787000656,80.2567214966,79190,79200,10
13.0780496597,80.256729126,79200,79210,10
13.0773096085,80.2568435669,79210,79220,10
13.0766296387,80.2572174072,79220,79230,10
13.075920105,80.2578811646,79230,79240,10
13.075460434,80.2584915161,79240,79250,10
13.0757102966,80.2593231201,79250,79261,11
13.0764799118,80.260093689,79261,79271,10
13.0769996643,80.2605514526,79271,79281,10
13.0772199631,80.2608184814,79281,79291,10
13.0774097443,80.2611923218,79291,79301,10
13.077580452,80.2616500854,79301,79311,10
13.0776996613,80.2619171143,79311,79321,10
13.0777997971,80.26222229,79321,79341,20
13.0777997971,80.26222229,79341,79351,10
13.077870369,80.2625579834,79351,79361,10
13.0778799057,80.2626876831,79361,79370,9
13.0779895782,80.2630386353,79370,79381,11
13.0782003403,80.2634735107,79381,79392,11
13.077750206,80.2637405396,79392,79402,10
13.0772399902,80.2640762329,79402,79412,10
13.0766496658,80.2642211914,79412,79422,10
13.0760803223,80.2642974854,79422,79432,10
13.0757102966,80.2643127441,79432,79442,10
13.0753803253,80.2638473511,79442,79452,10
13.0748796463,80.2631912231,79452,79462,10
13.0742702484,80.2624435425,79462,79472,10
13.0736904144,80.2617263794,79472,79482,10
13.0736398697,80.261680603,79482,79492,10
13.0735998154,80.2616119385,79492,79503,11
13.0732603073,80.2614517212,79503,79513,10
13.0729598999,80.2619094849,79513,79523,10
13.0727300644,80.2626113892,79523,79533,10
13.0724802017,80.2632598877,79533,79543,10
13.0721597672,80.2638931274,79543,79553,10
13.0717697144,80.2643814087,79553,79563,10
13.071439743,80.2647094727,79563,79573,10
13.0714197159,80.2647094727,79573,79583,10
13.0711898804,80.2649307251,79583,79593,10
13.0708303452,80.26537323,79593,79603,10
13.0703601837,80.2659072876,79603,79613,10
13.0697698593,80.2664794922,79613,79624,11
13.0691604614,80.2670898438,79624,79634,10
13.0687799454,80.2678222656,79634,79644,10
13.0685796738,80.2685394287,79644,79654,10
13.0684404373,80.268989563,79654,79664,10
13.06828022,80.2695999146,79664,79674,10
13.0681400299,80.2702636719,79674,79684,10
13.0680704117,80.270942688,79684,79694,10
13.0676002502,80.2708587646,79694,79703,9
13.0671396255,80.270401001,79703,79714,11
13.0670499802,80.2703018188,79714,79724,10
13.0667200089,80.2699508667,79724,79734,10
13.0665102005,80.2692871094,79734,79745,11
13.0663204193,80.2683868408,79745,79755,10
13.0657997131,80.2677993774,79755,79765,10
13.0653495789,80.2676696777,79765,79775,10
13.0653095245,80.2676773071,79775,79785,10
13.0651502609,80.2676773071,79785,79795,10
13.064499855,80.2675476074,79795,79805,10
13.063659668,80.2673721313,79805,79815,10
13.0627803802,80.2672195435,79815,79825,10
13.0621500015,80.2665328979,79825,79835,10
13.0614900589,80.2657012939,79835,79845,10
13.0607500076,80.2652664185,79845,79855,10
13.0605201721,80.2654418945,79855,79866,11
13.060259819,80.2655563354,79866,79876,10
13.0595798492,80.2656478882,79876,79886,10
13.0587396622,80.2654876709,79886,79896,10
13.0581102371,80.26512146,79896,79906,10
13.057970047,80.2642288208,79906,79916,10
13.0578603745,80.2633972168,79916,79926,10
13.0577602386,80.2624435425,79926,79936,10
13.0576095581,80.2614898682,79936,79946,10
13.0573396683,80.2603988647,79946,79956,10
13.0569601059,80.2592391968,79956,79966,10
13.0566797256,80.258392334,79966,79976,10
13.0565395355,80.25756073,79976,79987,11
13.056520462,80.2573623657,79987,79997,10
13.0565099716,80.2571029663,79997,80007,10
13.0563297272,80.2564926147,80007,80017,10
13.0557699203,80.2557220459,80017,80027,10
13.0551204681,80.2548370361,80027,80037,10
13.0544700623,80.2539672852,80037,80047,10
13.0541696548,80.2536468506,80047,80057,10
13.0541000366,80.2535629272,80057,80067,10
13.0537796021,80.2530822754,80067,80077,10
13.0532302856,80.252281189,80077,80087,10
13.0525903702,80.251449585,80087,80097,10
13.0520496368,80.2507019043,80097,80108,11
13.0512104034,80.2501525879,80108,80118,10
13.0501003265,80.2499084473,80118,80128,10
13.0488500595,80.2497711182,80128,80138,10
13.0482702255,80.2495727539,80138,80148,10
13.0477304459,80.249130249,80148,80158,10
13.0471401215,80.2486877441,80158,80168,10
13.046959877,80.2486419678,80168,80178,10
13.0466804504,80.2486190796,80178,80188,10
13.0458898544,80.2485275269,80188,80198,10
13.0449104309,80.2481765747,80198,80208,10
13.0437297821,80.2479782104,80208,80218,10
13.0425796509,80.2477722168,80218,80229,11
13.0415802002,80.2475662231,80229,80239,10
13.0414896011,80.2475280762,80239,80249,10
13.0412101746,80.2474594116,80249,80259,10
13.0404996872,80.2473068237,80259,80269,10
13.0396795273,80.2471389771,80269,80279,10
13.0389900208,80.2470092773,80279,80289,10
13.0383195877,80.2468109131,80289,80299,10
13.0377702713,80.2467269897,80299,80309,10
13.0370998383,80.2466278076,80309,80319,10
13.0363798141,80.2464599609,80319,80329,10
13.0357503891,80.2462997437,80329,80339,10
13.0356998444,80.2462768555,80339,80350,11
13.0353403091,80.2461624146,80350,80360,10
13.0352096558,80.2461090088,80360,80370,10
13.0348501205,80.2458190918,80370,80380,10
13.0344800949,80.2452697754,80380,80390,10
13.0338802338,80.2446136475,80390,80400,10
13.0331497192,80.2436523438,80400,80410,10
13.032409668,80.2426376343,80410,80420,10
13.0318899155,80.2418289185,80420,80430,10
13.0314702988,80.2409896851,80430,80440,10
13.0312404633,80.2405166626,80440,80450,10
13.031080246,80.2401199341,80450,80460,10
13.030790329,80.2394638062,80460,80471,11
13.0302200317,80.2384414673,80471,80481,10
13.0295600891,80.2373504639,80481,80491,10
13.0291004181,80.236831665,80491,80501,10
13.0289201736,80.236618042,80501,80511,10
13.0283899307,80.2360534668,80511,80521,10
13.0277500153,80.2351837158,80521,80531,10
13.027130127,80.2340393066,80531,80541,10
13.0264797211,80.2329406738,80541,80551,10
13.02602005,80.231590271,80551,80571,20
13.02602005,80.231590271,80571,80582,11
13.0259103775,80.2310714722,80582,80592,10
13.0255298615,80.2302474976,80592,80602,10
13.0248603821,80.2293319702,80602,80612,10
13.0243997574,80.2287368774,80612,80622,10
13.024020195,80.2283325195,80622,80632,10
13.0239896774,80.228302002,80632,80642,10
13.0239200592,80.2281723022,80642,80652,10
13.0236997604,80.227897644,80652,80662,10
13.0233602524,80.2275695801,80662,80682,20
13.0233602524,80.2275695801,80682,80692,10
13.0231704712,80.2273025513,80692,80703,11
13.0226202011,80.2268295288,80703,80713,10
13.0218601227,80.2261962891,80713,80723,10
13.0210199356,80.2255783081,80723,80733,10
13.0200996399,80.2249603271,80733,80743,10
13.0193595886,80.2245330811,80743,80753,10
13.0185899734,80.2246017456,80753,80763,10
13.0175504684,80.2250518799,80763,80773,10
13.0163803101,80.2255401611,80773,80783,10
13.0154800415,80.2258529663,80783,80793,10
13.0144996643,80.2262496948,80793,80803,10
13.0139503479,80.2265014648,80803,80813,10
13.0138597488,80.2265396118,80813,80824,11
13.0131797791,80.2267913818,80824,80834,10
13.0122003555,80.227180481,80834,80844,10
13.01101017,80.2276535034,80844,80854,10
13.0098199844,80.2281188965,80854,80864,10
13.009059906,80.2289505005,80864,80874,10
13.0087995529,80.2302627563,80874,80884,10
13.0085697174,80.2315979004,80884,80894,10
13.0083599091,80.2327575684,80894,80904,10
13.0082502365,80.233543396,80904,80914,10
13.0082302094,80.2335891724,80914,80924,10
13.0075397491,80.2370834351,80924,80965,41
13.0075397491,80.2370834351,80965,80986,21
13.0072097778,80.2388763428,80986,80996,10
13.0072002411,80.2388763428,80996,81006,10
13.0071001053,80.2392501831,81006,81016,10
13.0070199966,80.239692688,81016,81026,10
13.0069704056,80.2401199341,81026,81056,30
13.0069704056,80.2401199341,81056,81067,11
13.0069303513,80.2406616211,81067,81077,10
13.0068397522,80.2409591675,81077,81087,10
13.0067901611,80.2415084839,81087,81097,10
13.0067501068,80.2422714233,81097,81107,10
13.0066900253,80.2431869507,81107,81117,10
13.0066795349,80.2440490723,81117,81127,10
13.0066795349,80.2450866699,81127,81137,10
13.0067396164,80.2461166382,81137,81147,10
13.006770134,80.2470779419,81147,81157,10
13.0067596436,80.2481079102,81157,81167,10
13.0068101883,80.2493362427,81167,81177,10
13.0068397522,80.2504425049,81177,81188,11
13.0068302155,80.2513427734,81188,81198,10
13.0067195892,80.2519073486,81198,81208,10
13.0065803528,80.2527618408,81208,81218,10
13.0065803528,80.2538223267,81218,81228,10
13.0066404343,80.2548370361,81228,81238,10
13.0066299438,80.2549591064,81238,81248,10
13.0065898895,80.2552490234,81248,81258,10
13.0066003799,80.2560806274,81258,81268,10
13.0067100525,80.257270813,81268,81297,29
13.0067100525,80.257270813,81297,81309,12
13.0064096451,80.25756073,81309,81319,10
13.0056600571,80.2574310303,81319,81329,10
13.0047197342,80.2572174072,81329,81339,10
13.0036497116,80.2569732666,81339,81349,10
13.0026102066,80.2567825317,81349,81359,10
13.0016098022,80.2566070557,81359,81369,10
13.000579834,80.2564620972,81369,81379,10
12.9996099472,80.2562789917,81379,81389,10
12.9987201691,80.2561416626,81389,81419,30
12.9987201691,80.2561416626,81419,81430,11
12.9982795715,80.2560882568,81430,81440,10
12.9981002808,80.2560501099,81440,81450,10
12.9980201721,80.2560119629,81450,81460,10
12.9977998734,80.2559890747,81460,81470,10
12.9975700378,80.2559661865,81470,81480,10
12.9970998764,80.2559280396,81480,81490,10
12.9967498779,80.2559204102,81490,81500,10
12.9961204529,80.2559204102,81500,81510,10
12.995349884,80.2559432983,81510,81520,10
12.9945497513,80.2559890747,81520,81530,10
12.9935703278,80.256072998,81530,81540,10
12.9923295975,80.2561416626,81540,81551,11
12.9911003113,80.2560577393,81551,81561,10
12.9903001785,80.2560424805,81561,81571,10
12.9895200729,80.2560577393,81571,81581,10
12.9885997772,80.2559890747,81581,81591,10
12.9883298874,80.2559509277,81591,81601,10
12.9881801605,80.2559204102,81601,81611,10
12.9877796173,80.2558822632,81611,81621,10
12.9875898361,80.2563705444,81621,81631,10
12.9875097275,80.257270813,81631,81641,10
12.987449646,80.2582092285,81641,81651,10
12.9874401093,80.2585830688,81651,81722,71
12.9874401093,80.2585830688,81722,81732,10
12.9873304367,80.2585067749,81732,81742,10
12.9874000549,80.2581863403,81742,81752,10
12.9874296188,80.2576217651,81752,81762,10
12.9874897003,80.2568435669,81762,81772,10
12.9875497818,80.2560501099,81772,81781,9
12.9876203537,80.2557907104,81781,81793,12
12.9878997803,80.2557525635,81793,81803,10
12.9885196686,80.2558517456,81803,81813,10
12.9893102646,80.2559280396,81813,81823,10
12.9901399612,80.2560119629,81823,81833,10
12.9905796051,80.2559814453,81833,81843,10
12.9913702011,80.2560272217,81843,81853,10
12.9923496246,80.2560272217,81853,81863,10
12.9933395386,80.2559585571,81863,81873,10
12.9941797256,80.255897522,81873,81883,10
12.9948797226,80.2558517456,81883,81893,10
12.9955301285,80.255859375,81893,81904,11
12.9963703156,80.255859375,81904,81914,10
12.9969701767,80.2558670044,81914,81924,10
12.9972200394,80.255859375,81924,81934,10
12.9976501465,80.255897522,81934,81964,30
12.9976501465,80.255897522,81964,81974,10
12.9977502823,80.2560806274,81974,81984,10
12.9978303909,80.256477356,81984,82075,91
12.9978303909,80.256477356,82075,82085,10
12.9978399277,80.2566299438,82085,82095,10
12.9979496002,80.2568817139,82095,82105,10
