13.0254602432,80.2672805786,15,2237,2222
13.0255203247,80.2671279907,2237,2419,182
13.0255203247,80.2671279907,2419,2429,10
13.0253400803,80.2673797607,2429,2439,10
13.0251703262,80.2676467896,2439,2449,10
13.0249300003,80.2677001953,2449,2480,31
13.0249300003,80.2677001953,2480,2490,10
13.0250301361,80.2677536011,2490,2500,10
13.0251998901,80.2675323486,2500,2510,10
13.0253696442,80.2673110962,2510,2520,10
13.0255098343,80.2671432495,2520,2530,10
13.0256099701,80.2669906616,2530,2692,162
13.0258197784,80.2666625977,2692,3530,838
13.0258197784,80.2666625977,3530,3540,10
13.0257902145,80.2665863037,3540,3702,162
13.0259599686,80.2666015625,3702,3884,182
13.0257797241,80.2664794922,3884,4156,272
13.0259304047,80.2665405273,4156,5540,1384
13.0259304047,80.2666931152,5540,6318,778
13.0258798599,80.2666091919,6318,13973,7655
13.0258798599,80.2666091919,13973,13983,10
13.0261096954,80.2663574219,13983,13994,11
13.0265102386,80.2663497925,13994,14155,161
13.0265102386,80.2663497925,14155,14165,10
13.026550293,80.2662963867,14165,16648,2483
13.0262002945,80.2663803101,16648,17355,707
13.0262002945,80.2663803101,17355,17365,10
13.025970459,80.2664413452,17365,19314,1949
13.026049614,80.2663803101,19314,20185,871
13.026049614,80.2663803101,20185,20195,10
13.0261602402,80.2661209106,20195,20205,10
13.0263004303,80.2658309937,20205,20215,10
13.0263700485,80.2654724121,20215,20225,10
13.0264196396,80.2649002075,20225,20236,11
13.0264797211,80.2643203735,20236,20246,10
13.0265302658,80.2637481689,20246,20256,10
13.0267696381,80.2634506226,20256,20266,10
13.0273504257,80.2635498047,20266,20276,10
13.027970314,80.2636871338,20276,20286,10
13.0286302567,80.2638931274,20286,20296,10
13.0291404724,80.2640304565,20296,20306,10
13.029299736,80.2643585205,20306,20322,16
13.0293197632,80.2653579712,20322,20334,12
13.0292701721,80.2661209106,20334,20345,11
13.0291204453,80.2663803101,20345,20354,9
13.0286598206,80.2662963867,20354,20365,11
13.0281400681,80.2662582397,20365,20375,10
13.0274400711,80.2661590576,20375,20385,10
13.0268001556,80.2660827637,20385,20395,10
13.0263004303,80.2659683228,20395,20405,10
13.0257997513,80.2657012939,20405,20415,10
13.0253295898,80.2654037476,20415,20425,10
13.0250597,80.2651519775,20425,20435,10
13.0246295929,80.264793396,20435,20446,11
13.0239801407,80.2643737793,20446,20456,10
13.0233697891,80.2640686035,20456,20466,10
13.0228204727,80.2637786865,20466,20476,10
13.0222597122,80.2634887695,20476,20496,20
13.0217895508,80.2632522583,20496,20508,12
13.0209197998,80.2630386353,20508,20518,10
13.0201301575,80.2630004883,20518,20528,10
13.0194196701,80.2629394531,20528,20538,10
13.018989563,80.2628173828,20538,20550,12
13.018819809,80.2619628906,20550,20560,10
13.0186300278,80.2612915039,20560,20569,9
13.0180397034,80.2608795166,20569,20580,11
13.0172996521,80.2603988647,20580,20590,10
13.016699791,80.260017395,20590,20600,10
13.016169548,80.2597427368,20600,20610,10
13.016119957,80.2597198486,20610,20620,10
13.0158195496,80.2595825195,20620,20630,10
13.0151901245,80.2593917847,20630,20641,11
13.0143404007,80.2593078613,20641,20651,10
13.0134096146,80.2592773438,20651,20661,10
13.0123596191,80.2592391968,20661,20671,10
13.0113897324,80.2592086792,20671,20681,10
13.0105600357,80.2592315674,20681,20691,10
13.0098600388,80.2592315674,20691,20701,10
13.00922966,80.2592391968,20701,20711,10
13.0087995529,80.2592163086,20711,20721,10
13.0084495544,80.2592010498,20721,20731,10
13.0077896118,80.2593383789,20731,20742,11
13.0073003769,80.2590332031,20742,20752,10
13.007109642,80.2585525513,20752,20762,10
13.0068101883,80.2580184937,20762,20772,10
13.0065202713,80.2576065063,20772,20792,20
13.0065202713,80.2576065063,20792,20802,10
13.006480217,80.2574996948,20802,20812,10
13.0064496994,80.2570724487,20812,20822,10
13.0064496994,80.2563476563,20822,20832,10
13.0064601898,80.2554397583,20832,20843,11
13.0064897537,80.2543716431,20843,20853,10
13.0064897537,80.2535018921,20853,20862,9
13.006480217,80.2532577515,20862,20873,11
13.0064897537,80.2528076172,20873,20883,10
13.0065803528,80.2521209717,20883,20893,10
13.0067300797,80.251411438,20893,20903,10
13.0067396164,80.2504882813,20903,20913,10
13.0067195892,80.249206543,20913,20923,10
13.0066299438,80.2481002808,20923,20933,10
13.0066299438,80.2474975586,20933,20994,61
13.0066299438,80.2474975586,20994,21004,10
13.0066299438,80.2473678589,21004,21014,10
13.0066299438,80.2469329834,21014,21024,10
13.0065803528,80.2465667725,21024,21034,10
13.0065898895,80.2464828491,21034,21045,11
13.0066204071,80.2459182739,21045,21055,10
13.0066099167,80.2451171875,21055,21065,10
13.0066204071,80.2442626953,21065,21075,10
13.0065898895,80.2434387207,21075,21085,10
13.0065498352,80.2425918579,21085,21095,10
13.0065498352,80.2416915894,21095,21105,10
13.0066404343,80.2408370972,21105,21115,10
13.0067501068,80.2402801514,21115,21125,10
13.0068798065,80.2397003174,21125,21135,10
13.0070104599,80.2388763428,21135,21146,11
13.007229805,80.2378921509,21146,21156,10
13.0073795319,80.2371063232,21156,21166,10
13.0074195862,80.2367782593,21166,21176,10
13.0074596405,80.2366714478,21176,21186,10
13.0075798035,80.2362136841,21186,21196,10
13.0077295303,80.2354736328,21196,21206,10
13.0079097748,80.2345504761,21206,21216,10
13.0081195831,80.2334976196,21216,21226,10
13.0083398819,80.2323989868,21226,21236,10
13.0085601807,80.2313308716,21236,21247,11
13.0087900162,80.2300872803,21247,21257,10
13.0089902878,80.2291107178,21257,21267,10
13.0092201233,80.2281417847,21267,21277,10
13.0096101761,80.2272491455,21277,21287,10
13.0100097656,80.2263793945,21287,21297,10
13.0104198456,80.2255401611,21297,21307,10
13.0107698441,80.2247924805,21307,21317,10
13.0110998154,80.2240371704,21317,21327,10
13.0114402771,80.223197937,21327,21337,10
13.011759758,80.2223892212,21337,21348,11
13.012339592,80.2214431763,21348,21388,40
13.0124797821,80.2216720581,21388,21418,30
13.0124797821,80.2216720581,21418,21428,10
13.0126495361,80.2219924927,21428,21438,10
13.0127801895,80.2221298218,21438,21459,21
13.0127801895,80.2221298218,21459,21469,10
13.0128898621,80.2222290039,21469,21479,10
13.0129995346,80.2223434448,21479,21489,10
13.0131502151,80.2224884033,21489,21499,10
13.013299942,80.2226409912,21499,21539,40
13.0135402679,80.2229232788,21539,21570,31
13.0135402679,80.2229232788,21570,21580,10
13.0138597488,80.2231826782,21580,21630,50
13.0138597488,80.2231826782,21630,21640,10
13.0142202377,80.2235488892,21640,21651,11
13.0144701004,80.2237701416,21651,21661,10
13.0149002075,80.224357605,21661,21671,10
13.015370369,80.2248535156,21671,21681,10
13.0156097412,80.2250213623,21681,21691,10
13.015709877,80.2251434326,21691,21701,10
13.016119957,80.2253112793,21701,21711,10
13.0167798996,80.225227356,21711,21721,10
13.0176496506,80.2248764038,21721,21731,10
13.0187101364,80.2244720459,21731,21741,10
13.0197000504,80.2245483398,21741,21752,11
13.0205802917,80.225151062,21752,21762,10
13.0213003159,80.2257080078,21762,21772,10
13.0218296051,80.22605896,21772,21782,10
13.0218696594,80.2260971069,21782,21792,10
13.0220603943,80.2262496948,21792,21802,10
13.0223999023,80.2265777588,21802,21812,10
13.0229301453,80.2270507813,21812,21822,10
13.0235204697,80.2276229858,21822,21832,10
13.024140358,80.2282562256,21832,21843,11
13.0247001648,80.229019165,21843,21853,10
13.0253400803,80.2298431396,21853,21863,10
13.025850296,80.2307281494,21863,21873,10
13.0260696411,80.2313537598,21873,21883,10
13.0265703201,80.231262207,21883,21893,10
13.027299881,80.2310714722,21893,21903,10
13.0279998779,80.2309494019,21903,21913,10
13.0286998749,80.2308731079,21913,21923,10
13.0293397903,80.230796814,21923,21933,10
13.0299301147,80.2307510376,21933,21949,16
13.0310096741,80.2306671143,21949,21962,13
13.0319004059,80.2305984497,21962,21972,10
13.0326404572,80.2305374146,21972,21982,10
13.0335597992,80.2304611206,21982,22002,20
13.0335597992,80.2304611206,22002,22012,10
13.034119606,80.2304077148,22012,22032,20
13.034119606,80.2304077148,22032,22042,10
13.0343399048,80.2304000854,22042,22053,11
13.0346498489,80.2303314209,22053,22092,39
13.0346498489,80.2303314209,22092,22103,11
13.0350103378,80.2301483154,22103,22113,10
13.0350904465,80.2298965454,22113,22123,10
13.0348596573,80.2297668457,22123,22245,122
13.034620285,80.2298202515,22245,22820,575
13.0343904495,80.2297363281,22820,22840,20
13.034239769,80.2298583984,22840,23192,352
13.034239769,80.2298583984,23192,23202,10
13.0342597961,80.23021698,23202,23232,30
13.0342597961,80.23021698,23232,23242,10
13.0342597961,80.2303390503,23242,23253,11
13.0340795517,80.2304916382,23253,23263,10
13.0337400436,80.2304763794,23263,23273,10
13.0332803726,80.2304992676,23273,23283,10
13.0326700211,80.2305374146,23283,23293,10
13.0320501328,80.2305984497,23293,23303,10
13.0313997269,80.2306594849,23303,23313,10
13.0309295654,80.2306976318,23313,23323,10
13.0306196213,80.23072052,23323,23333,10
13.029999733,80.2307662964,23333,23343,10
13.029419899,80.2308502197,23343,23354,11
13.0286302567,80.2309112549,23354,23364,10
13.0279502869,80.231010437,23364,23374,10
13.0277004242,80.2311019897,23374,23383,9
13.0276899338,80.2316131592,23383,23394,11
13.0277204514,80.232208252,23394,23404,10
13.0277996063,80.2327575684,23404,23414,10
13.0273303986,80.2328796387,23414,23424,10
13.0269498825,80.232963562,23424,23444,20
13.0269498825,80.232963562,23444,23455,11
13.0269002914,80.233039856,23455,23465,10
13.0265398026,80.2329788208,23465,23474,9
13.0263004303,80.232460022,23474,23485,11
13.0260095596,80.2313995361,23485,23495,10
13.0255699158,80.23021698,23495,23505,10
13.0248403549,80.2292098999,23505,23515,10
13.0242996216,80.2285232544,23515,23525,10
13.0236797333,80.2277984619,23525,23535,10
13.0230998993,80.2272415161,23535,23545,10
13.0224599838,80.2266769409,23545,23556,11
13.0217399597,80.2260894775,23556,23566,10
13.0211400986,80.2256164551,23566,23576,10
13.020409584,80.2251205444,23576,23586,10
13.0199899673,80.2248382568,23586,23602,16
13.0199604034,80.224822998,23602,23614,12
13.0198602676,80.2247619629,23614,23624,10
13.0194196701,80.2245330811,23624,23634,10
13.0185604095,80.2245864868,23634,23644,10
13.0175895691,80.2249679565,23644,23654,10
13.0167198181,80.2253417969,23654,23665,11
13.0160799026,80.2256011963,23665,23675,10
13.0153198242,80.2258605957,23675,23684,9
13.0145998001,80.2261505127,23684,23695,11
13.0144300461,80.2262191772,23695,23705,10
13.0142002106,80.2262878418,23705,23715,10
13.0135498047,80.2265319824,23715,23725,10
13.0127401352,80.226852417,23725,23735,10
13.0117502213,80.2272872925,23735,23745,10
13.0105600357,80.2277526855,23745,23756,11
13.0093603134,80.2282867432,23756,23766,10
13.0090198517,80.229309082,23766,23776,10
13.0087900162,80.2305603027,23776,23786,10
13.0085601807,80.2317276001,23786,23796,10
13.0083398819,80.2328109741,23796,23806,10
13.0082702637,80.2335128784,23806,23826,20
13.0082702637,80.2335128784,23826,23836,10
13.0081796646,80.233833313,23836,23846,10
13.0080299377,80.2344818115,23846,23857,11
13.0078401566,80.2354278564,23857,23867,10
13.0076599121,80.2363891602,23867,23877,10
13.0074501038,80.2374191284,23877,23887,10
13.0072603226,80.2384185791,23887,23897,10
13.0070896149,80.2393417358,23897,23907,10
13.0069704056,80.2400436401,23907,23917,10
13.0069599152,80.240196228,23917,23927,10
13.0068998337,80.2406616211,23927,23937,10
13.0067901611,80.2415008545,23937,23947,10
13.0067501068,80.2425689697,23947,23958,11
13.0066795349,80.2436904907,23958,23967,9
13.0066404343,80.244682312,23967,23979,12
13.0066995621,80.2458190918,23979,23989,10
13.0067195892,80.2468185425,23989,23999,10
13.0067195892,80.2477798462,23999,24009,10
13.0067501068,80.2487716675,24009,24019,10
13.0068502426,80.2494506836,24019,24029,10
13.0068702698,80.2498779297,24029,24039,10
13.0068502426,80.2506027222,24039,24049,10
13.0068302155,80.2512588501,24049,24060,11
13.0067501068,80.2518463135,24060,24070,10
13.0066204071,80.2526168823,24070,24080,10
13.0066204071,80.2535018921,24080,24090,10
13.0066299438,80.254699707,24090,24100,10
13.0066404343,80.255897522,24100,24110,10
13.0065603256,80.2568817139,24110,24120,10
13.0068397522,80.2578277588,24120,24130,10
13.0073900223,80.2585067749,24130,24140,10
13.0076999664,80.2586288452,24140,24150,10
13.0078697205,80.2587203979,24150,24161,11
13.0084896088,80.2589569092,24161,24171,10
13.0091104507,80.2590637207,24171,24181,10
13.0099401474,80.2590637207,24181,24191,10
13.0108804703,80.2590789795,24191,24201,10
13.0120000839,80.2590713501,24201,24211,10
13.0133199692,80.2591323853,24211,24221,10
13.0147199631,80.2591781616,24221,24231,10
13.0158395767,80.2593612671,24231,24241,10
13.0163803101,80.2596435547,24241,24251,10
13.0164804459,80.2597122192,24251,24262,11
13.0167503357,80.2599411011,24262,24271,9
13.0172395706,80.2602615356,24271,24282,11
13.0180501938,80.2608032227,24282,24292,10
13.0188398361,80.2613830566,24292,24302,10
13.0194501877,80.2619171143,24302,24312,10
13.0199403763,80.2623977661,24312,24322,10
13.0202598572,80.2626419067,24322,24332,10
13.0206699371,80.2628173828,24332,24342,10
13.0214004517,80.2630462646,24342,24352,10
13.0219802856,80.2633209229,24352,24363,11
13.0223503113,80.2635116577,24363,24373,10
13.0228004456,80.2637481689,24373,24383,10
13.0229997635,80.2638702393,24383,24393,10
13.0234498978,80.2641372681,24393,24403,10
13.0241098404,80.2644729614,24403,24413,10
13.0248003006,80.2649765015,24413,24423,10
13.0253200531,80.2654037476,24423,24433,10
13.0259504318,80.2657699585,24433,24443,10
13.0263204575,80.2657165527,24443,24453,10
13.0263996124,80.2651367188,24453,24464,11
13.0265102386,80.2643203735,24464,24474,10
13.0265703201,80.2640304565,24474,24484,10
13.0266304016,80.2637634277,24484,24494,10
13.0267801285,80.263420105,24494,24504,10
13.0273103714,80.2635498047,24504,24514,10
13.0279302597,80.2637329102,24514,24524,10
13.0287303925,80.2639312744,24524,24534,10
13.0292797089,80.2641601563,24534,24544,10
13.0293903351,80.2645721436,24544,24554,10
13.029299736,80.265296936,24554,24565,11
13.0292596817,80.2660598755,24565,24575,10
13.0292701721,80.2660903931,24575,24585,10
13.0292196274,80.2664108276,24585,24595,10
13.0293502808,80.2665481567,24595,24605,10
13.0294704437,80.2665863037,24605,24614,9
13.0296201706,80.2666091919,24614,24625,11
13.029999733,80.2666778564,24625,24635,10
13.0305299759,80.2667388916,24635,24645,10
13.0313396454,80.2669296265,24645,24655,10
13.0320501328,80.2672424316,24655,24666,11
13.0326795578,80.2676010132,24666,24676,10
13.0333003998,80.2677764893,24676,24686,10
13.0333404541,80.267791748,24686,24696,10
13.0335597992,80.2678527832,24696,24706,10
13.0338802338,80.2679214478,24706,24716,10
13.0340595245,80.2679595947,24716,24726,10
13.0343799591,80.2679977417,24726,24736,10
13.0345802307,80.2680435181,24736,24746,10
13.034529686,80.268157959,24746,24757,11
13.0343399048,80.2680511475,24757,24767,10
13.0338602066,80.2679519653,24767,24777,10
13.0334396362,80.2678909302,24777,25704,927
13.0334396362,80.2678909302,25704,25714,10
13.0331497192,80.2678070068,25714,25724,10
13.0330095291,80.2677764893,25724,25734,10
13.0328502655,80.2677230835,25734,25744,10
13.0326595306,80.2676010132,25744,25754,10
13.0324201584,80.2674331665,25754,25764,10
13.0318803787,80.2671890259,25764,25775,11
13.031370163,80.2669906616,25775,25785,10
13.0308799744,80.2668380737,25785,25795,10
13.0303897858,80.2667312622,25795,25805,10
13.029999733,80.2666625977,25805,25815,10
13.02987957,80.2666397095,25815,25825,10
13.029709816,80.2666320801,25825,25835,10
13.0293798447,80.2665786743,25835,25845,10
13.0290403366,80.266418457,25845,25855,10
13.0284996033,80.2662963867,25855,25865,10
13.0278596878,80.2661819458,25865,25876,11
13.0272703171,80.2660980225,25876,25886,10
13.0268096924,80.2660064697,25886,25896,10
13.0262403488,80.26587677,25896,25906,10
13.0257396698,80.2655792236,25906,25916,10
13.0253295898,80.2653579712,25916,25926,10
13.0252799988,80.2653198242,25926,25936,10
13.0251598358,80.2652130127,25936,25946,10
13.0247802734,80.2649536133,25946,25956,10
13.0242204666,80.2645492554,25956,25966,10
13.0236797333,80.2642364502,25966,25977,11
13.023059845,80.2639007568,25977,25987,10
13.0225095749,80.2635879517,25987,25997,10
13.0222396851,80.2634735107,25997,26007,10
13.0220603943,80.263381958,26007,26017,10
13.021730423,80.2632064819,26017,26027,10
13.0210599899,80.2630462646,26027,26043,16
13.0198097229,80.2629470825,26043,26055,12
13.0191202164,80.2628936768,26055,26063,8
13.0189695358,80.2626266479,26063,26076,13
13.018819809,80.261680603,26076,26086,10
13.0185003281,80.2611694336,26086,26095,9
13.0179595947,80.2608337402,26095,26106,11
13.0172100067,80.2603225708,26106,26116,10
13.0165596008,80.2599182129,26116,26126,10
13.0161399841,80.2597198486,26126,26136,10
13.016119957,80.2596893311,26136,26146,10
13.0157499313,80.2595291138,26146,26156,10
13.0150499344,80.2593536377,26156,26166,10
13.014169693,80.2593002319,26166,26177,11
13.0130195618,80.2592697144,26177,26187,10
13.0120296478,80.2592468262,26187,26197,10
13.0111904144,80.2592315674,26197,26207,10
13.0103302002,80.259262085,26207,26217,10
13.0095100403,80.2592315674,26217,26227,10
13.0089197159,80.2592086792,26227,26237,10
13.008600235,80.2592086792,26237,26247,10
13.0080900192,80.2592468262,26247,26257,10
13.0075798035,80.2593994141,26257,26267,10
13.0073204041,80.2589035034,26267,26278,11
13.007229805,80.2586517334,26278,26288,10
13.0069704056,80.2582321167,26288,26298,10
13.0066099167,80.2576599121,26298,26389,91
13.0066099167,80.2576599121,26389,26399,10
13.0065698624,80.2573318481,26399,26409,10
13.0065402985,80.2569198608,26409,26419,10
13.0065202713,80.2562713623,26419,26429,10
13.0065402985,80.255569458,26429,26439,10
13.0065803528,80.2548522949,26439,26449,10
13.0065498352,80.2540817261,26449,26459,10
13.0065402985,80.253326416,26459,26470,11
13.006529808,80.2531509399,26470,26480,10
13.0065202713,80.2528610229,26480,26490,10
13.0065498352,80.2525100708,26490,26500,10
13.0066099167,80.2521209717,26500,26510,10
13.0066204071,80.2520675659,26510,26520,10
13.0066795349,80.2517700195,26520,26530,10
13.0068101883,80.251159668,26530,26540,10
13.006819725,80.2503204346,26540,26550,10
13.0067996979,80.249458313,26550,26560,10
13.0067396164,80.2485961914,26560,26570,10
13.0066795349,80.2480316162,26570,26611,41
13.0066795349,80.2480316162,26611,26621,10
13.0066604614,80.2476196289,26621,26631,10
13.0066699982,80.2470397949,26631,26641,10
13.0066003799,80.24659729,26641,26651,10
13.0066099167,80.2464904785,26651,26661,10
13.0066699982,80.2460632324,26661,26672,11
13.0066404343,80.2452011108,26672,26682,10
13.0066404343,80.2443771362,26682,26692,10
13.0066404343,80.2436828613,26692,26702,10
13.0066099167,80.2430419922,26702,26712,10
13.0065698624,80.2421722412,26712,26722,10
13.0065603256,80.2417526245,26722,26732,10
13.0065698624,80.2414779663,26732,26742,10
13.0066604614,80.2410430908,26742,26752,10
13.0067396164,80.2405471802,26752,26773,21
13.0067396164,80.2405471802,26773,26783,10
13.0067501068,80.2403030396,26783,26793,10
13.0068502426,80.2397384644,26793,26803,10
13.0070199966,80.2389373779,26803,26813,10
13.0072002411,80.2380905151,26813,26823,10
13.0073699951,80.2373428345,26823,26833,10
13.0074100494,80.2369232178,26833,26843,10
13.0074596405,80.2367172241,26843,26853,10
13.0075902939,80.2361831665,26853,26863,10
13.0077600479,80.2353973389,26863,26874,11
13.0079603195,80.2344207764,26874,26884,10
13.0081501007,80.2334136963,26884,26894,10
13.0083503723,80.232383728,26894,26904,10
13.0085496902,80.2313690186,26904,26912,8
13.0087099075,80.2305603027,26912,26924,12
13.0089797974,80.2292480469,26924,26934,10
13.0092000961,80.2282409668,26934,26943,9
13.0095500946,80.2274017334,26943,26953,10
13.0099802017,80.2264404297,26953,26964,11
13.0103702545,80.2256393433,26964,26975,11
13.0106496811,80.2250823975,26975,26985,10
13.0106601715,80.2250671387,26985,26995,10
13.0108203888,80.2247619629,26995,27005,10
13.0110797882,80.2241592407,27005,27015,10
13.0113697052,80.2234115601,27015,27025,10
13.0116701126,80.2226715088,27025,27035,10
13.0119600296,80.2218399048,27035,27045,10
13.0123195648,80.2214584351,27045,27055,10
13.0125303268,80.2217636108,27055,27065,10
13.0128202438,80.2221832275,27065,27076,11
13.0132904053,80.2226715088,27076,27086,10
13.0137796402,80.2231521606,27086,27096,10
13.0142402649,80.2236785889,27096,27106,10
13.0145998001,80.2240905762,27106,27116,10
13.0150995255,80.224609375,27116,27126,10
13.0154695511,80.2249069214,27126,27136,10
13.0155801773,80.2249908447,27136,27146,10
13.0158195496,80.225227356,27146,27156,10
13.0164403915,80.2253417969,27156,27166,10
13.0173196793,80.2250289917,27166,27176,10
13.0182600021,80.224647522,27176,27187,11
13.019200325,80.2244033813,27187,27203,16
13.0200099945,80.2247390747,27203,27215,12
13.0206699371,80.225227356,27215,27225,10
13.0211696625,80.2255935669,27225,27235,10
13.0218801498,80.2260971069,27235,27245,10
13.0220098495,80.2261962891,27245,27255,10
13.0222196579,80.2263793945,27255,27265,10
13.0226697922,80.2267990112,27265,27274,9
13.0231800079,80.2272567749,27274,27286,12
13.0238599777,80.227897644,27286,27296,10
13.0243597031,80.228477478,27296,27316,20
13.0243597031,80.228477478,27316,27326,10
13.0244998932,80.2286987305,27326,27336,10
13.0247898102,80.2290802002,27336,27346,10
13.0251598358,80.2295608521,27346,27356,10
13.0256204605,80.2301635742,27356,27366,10
13.0259304047,80.2308502197,27366,27376,10
13.0261096954,80.2313308716,27376,27387,11
13.0266199112,80.2312393188,27387,27397,10
13.0273504257,80.2310562134,27397,27407,10
13.0280303955,80.2309570313,27407,27417,10
13.0284795761,80.2309188843,27417,27427,10
13.0285701752,80.2309188843,27427,27437,10
13.0293502808,80.2308425903,27437,27457,20
13.0293502808,80.2308425903,27457,27467,10
13.0295600891,80.2308197021,27467,27478,11
13.0299901962,80.2307815552,27478,27488,10
13.0305595398,80.2307281494,27488,27508,20
13.0305595398,80.2307281494,27508,27518,10
13.0308504105,80.2307128906,27518,27528,10
13.03125,80.230682373,27528,27538,10
13.0317401886,80.2306518555,27538,27548,10
13.0323400497,80.2305908203,27548,27558,10
13.0329799652,80.2305374146,27558,27568,10
13.0335998535,80.2304916382,27568,27578,10
13.0342702866,80.2304229736,27578,27589,11
13.0347604752,80.2303009033,27589,27599,10
13.0347700119,80.2303009033,27599,27609,10
13.0349302292,80.2302474976,27609,27619,10
13.0348796844,80.2300415039,27619,27629,10
13.0345401764,80.2300415039,27629,28912,1283
13.0342702866,80.2300872803,28912,29205,293
13.0342702866,80.2300872803,29205,29215,10
13.0342102051,80.2303695679,29215,29225,10
13.0340995789,80.2304611206,29225,29235,10
13.0335197449,80.2304611206,29235,29255,20
13.0335197449,80.2304611206,29255,29265,10
13.0332803726,80.23046875,29265,29275,10
13.0328302383,80.2305297852,29275,29285,10
13.0322599411,80.2305984497,29285,29296,11
13.0314998627,80.2306671143,29296,29306,10
13.0308504105,80.2307434082,29306,29316,10
13.0304002762,80.2307891846,29316,29326,10
13.0298204422,80.2308425903,29326,29346,20
13.0297002792,80.2308578491,29346,29366,20
13.0297002792,80.2308578491,29366,29376,10
13.0293502808,80.2308807373,29376,29386,10
13.0288600922,80.2309188843,29386,29397,11
13.0282497406,80.2309875488,29397,29407,10
13.027759552,80.231048584,29407,29417,10
13.0276899338,80.2314224243,29417,29427,10
13.0277500153,80.2319488525,29427,29436,9
13.0278196335,80.2323989868,29436,29447,11
13.0277795792,80.2328262329,29447,29457,10
13.0272102356,80.2329330444,29457,29467,10
13.0269098282,80.2329788208,29467,29498,31
13.0269098282,80.2329788208,29498,29508,10
13.0268096924,80.233001709,29508,29518,10
13.0264997482,80.233001709,29518,29528,10
13.0262699127,80.2325134277,29528,29538,10
13.0261001587,80.2318878174,29538,29548,10
13.0259504318,80.2313232422,29548,29558,10
13.0257997513,80.2308807373,29558,29568,10
13.0256299973,80.2304992676,29568,29609,41
13.0256299973,80.2304992676,29609,29619,10
13.0255002975,80.2301712036,29619,29629,10
13.0251398087,80.2296676636,29629,29639,10
13.0246496201,80.229057312,29639,29649,10
13.0240097046,80.2283172607,29649,29669,20
13.0240097046,80.2283172607,29669,29679,10
13.0239896774,80.2283096313,29679,29689,10
13.0237598419,80.228012085,29689,29699,10
13.0233802795,80.2276229858,29699,29710,11
13.0228796005,80.2271194458,29710,29720,10
13.0222702026,80.2265701294,29720,29730,10
13.0215702057,80.225982666,29730,29740,10
13.0208597183,80.225440979,29740,29756,16
13.019610405,80.2246170044,29756,29768,12
13.0184202194,80.2246398926,29768,29776,8
13.0177001953,80.224937439,29776,29788,12
13.0168399811,80.2253036499,29788,29798,10
13.0163402557,80.2255020142,29798,29809,11
13.0157804489,80.225692749,29809,29819,10
13.0155000687,80.2258224487,29819,29828,9
13.0151796341,80.2259597778,29828,29839,11
13.0145397186,80.2261962891,29839,29881,42
13.0145397186,80.2261962891,29881,29891,10
13.0143404007,80.2262420654,29891,29902,11
13.0138101578,80.2264480591,29902,29912,10
13.0131502151,80.2267227173,29912,29922,10
13.0124397278,80.2269973755,29922,29932,10
13.0117397308,80.2272796631,29932,29942,10
13.0111598969,80.2275390625,29942,29952,10
13.0106801987,80.2277526855,29952,29992,40
13.0106801987,80.2277526855,29992,30003,11
13.0102996826,80.2278671265,30003,30013,10
13.0097398758,80.2281036377,30013,30023,10
13.0092401505,80.2284698486,30023,30033,10
13.009059906,80.2292785645,30033,30043,10
13.0088701248,80.2301864624,30043,30053,10
13.0087003708,80.2310333252,30053,30063,10
13.0085000992,80.2320327759,30063,30073,10
13.0083398819,80.2328872681,30073,30083,10
13.0082702637,80.2335281372,30083,30114,31
13.0082702637,80.2335281372,30114,30124,10
13.0081796646,80.2337493896,30124,30134,10
13.008099556,80.2341308594,30134,30144,10
13.0080003738,80.2345962524,30144,30154,10
13.0079097748,80.2350769043,30154,30164,10
13.0078496933,80.2353668213,30164,30174,10
13.0077295303,80.2358474731,30174,30184,10
13.007610321,80.2365036011,30184,30194,10
13.0074501038,80.2373580933,30194,30204,10
13.0073003769,80.2381668091,30204,30215,11
13.0071601868,80.2389831543,30215,30225,10
13.0070104599,80.2397994995,30225,30255,30
13.0070104599,80.2397994995,30255,30265,10
13.0069904327,80.2401809692,30265,30275,10
13.0068798065,80.2407073975,30275,30285,10
13.0068502426,80.2408218384,30285,30295,10
13.0068101883,80.2409362793,30295,30305,10
13.0067501068,80.2414627075,30305,30316,11
13.0067195892,80.2424316406,30316,30326,10
13.0066795349,80.2431793213,30326,30336,10
13.006649971,80.2440109253,30336,30346,10
13.0066604614,80.2446212769,30346,30356,10
13.0066900253,80.2454376221,30356,30366,10
13.0067195892,80.2458496094,30366,30376,10
13.0067300797,80.2462615967,30376,30386,10
13.0067501068,80.2470016479,30386,30396,10
13.0067300797,80.2477493286,30396,30406,10
13.0067501068,80.248588562,30406,30417,11
13.0068798065,80.2495193481,30417,30437,20
13.0068798065,80.2495193481,30437,30447,10
13.0068798065,80.2498016357,30447,30457,10
13.0068397522,80.2503585815,30457,30467,10
13.0068302155,80.2508163452,30467,30477,10
13.006819725,80.2511291504,30477,30487,10
13.0067396164,80.2516098022,30487,30497,10
13.0066003799,80.252243042,30497,30507,10
13.0065402985,80.253036499,30507,30518,11
13.0065498352,80.2539978027,30518,30528,10
13.0066003799,80.2547988892,30528,30538,10
13.0066204071,80.2556915283,30538,30548,10
13.0066404343,80.2565383911,30548,30558,10
13.0066699982,80.2570877075,30558,30619,61
13.0066699982,80.2570877075,30619,30629,10
13.0066404343,80.257232666,30629,30639,10
13.0067300797,80.2576065063,30639,30649,10
13.0070295334,80.258140564,30649,30659,10
13.0074996948,80.2585372925,30659,30670,11
13.0076398849,80.2585906982,30670,30680,10
13.0078601837,80.2587280273,30680,30690,10
13.0084400177,80.2589569092,30690,30700,10
13.008939743,80.2590713501,30700,30710,10
13.0094804764,80.2590637207,30710,30721,11
13.0104598999,80.2590789795,30721,30731,10
13.0114297867,80.2590637207,30731,30741,10
13.0124502182,80.2590789795,30741,30751,10
13.0136098862,80.2591400146,30751,30761,10
13.0147199631,80.2591781616,30761,30771,10
13.015709877,80.2593002319,30771,30781,10
13.0165395737,80.2597427368,30781,30801,20
13.0165395737,80.2597427368,30801,30811,10
13.0166397095,80.2598419189,30811,30822,11
13.0171203613,80.2601699829,30822,30832,10
13.0177001953,80.260559082,30832,30842,10
13.018239975,80.2609329224,30842,30852,10
13.018819809,80.2613830566,30852,30862,10
13.0194196701,80.2619018555,30862,30872,10
13.019949913,80.2624282837,30872,30882,10
13.0202102661,80.2626266479,30882,30892,10
13.020359993,80.2627182007,30892,30902,10
13.0209197998,80.2629013062,30902,30912,10
13.02161026,80.2631225586,30912,30923,11
13.0221395493,80.263381958,30923,30933,10
13.0226202011,80.2636108398,30933,30942,9
13.0229902267,80.2638168335,30942,30953,11
13.0229997635,80.2638397217,30953,30963,10
13.0230798721,80.2639312744,30963,30973,10
13.0233097076,80.2640533447,30973,30983,10
13.023639679,80.2642364502,30983,30993,10
13.024140358,80.2644882202,30993,31003,10
13.024600029,80.264831543,31003,31013,10
13.0250997543,80.2652130127,31013,31024,11
13.0257301331,80.2656402588,31024,31034,10
13.0262403488,80.2658691406,31034,31044,10
13.0263395309,80.2654266357,31044,31054,10
13.0264101028,80.2647323608,31054,31064,10
13.0264997482,80.2640991211,31064,31074,10
13.0265102386,80.2640533447,31074,31084,10
13.0265703201,80.2637863159,31084,31094,10
13.0266199112,80.2634429932,31094,31104,10
13.0269804001,80.2634429932,31104,31114,10
13.0275096893,80.2634963989,31114,31125,11
13.0281600952,80.263710022,31125,31135,10
13.0282297134,80.2637329102,31135,31145,10
13.0283699036,80.2637786865,31145,31155,10
13.0287303925,80.2638931274,31155,31165,10
13.0291996002,80.2640075684,31165,31175,10
13.0292797089,80.2643508911,31175,31185,10
13.0292797089,80.2648468018,31185,31195,10
13.029299736,80.2655105591,31195,31205,10
13.0292797089,80.2659301758,31205,31215,10
13.0292797089,80.2659378052,31215,31226,11
13.0292196274,80.2663192749,31226,31236,10
13.0293397903,80.2665176392,31236,31246,10
13.0297203064,80.2665634155,31246,31256,10
13.030500412,80.2666702271,31256,31266,10
13.0311603546,80.2668380737,31266,31276,10
13.0316801071,80.2670288086,31276,31286,10
13.0322599411,80.2673187256,31286,31296,10
13.032699585,80.2676010132,31296,31306,10
13.0333795547,80.2677993774,31306,31337,31
13.0333795547,80.2677993774,31337,31347,10
13.0336704254,80.2678527832,31347,31357,10
13.0340995789,80.2679290771,31357,31367,10
13.0343999863,80.2679595947,31367,31377,10
13.0345401764,80.2679595947,31377,31387,10
13.0345897675,80.2680511475,31387,31397,10
13.0344896317,80.268119812,31397,31407,10
13.0343399048,80.2680435181,31407,31417,10
13.0339698792,80.2679519653,31417,31428,11
13.0334596634,80.2678833008,31428,31670,242
13.0334596634,80.2678833008,31670,31680,10
13.0329799652,80.2677688599,31680,31690,10
13.0327196121,80.2677001953,31690,31700,10
13.0324201584,80.2674407959,31700,31710,10
13.0318803787,80.2671279907,31710,31720,10
13.0313100815,80.2668228149,31720,31731,11
13.0305404663,80.2666778564,31731,31741,10
13.0298595428,80.2666473389,31741,31771,30
13.0298595428,80.2666473389,31771,31780,9
13.0295200348,80.2665863037,31780,31791,11
13.0290603638,80.2663803101,31791,31801,10
13.0284700394,80.2662277222,31801,31811,10
13.0278396606,80.2661590576,31811,31821,10
13.0271701813,80.2660217285,31821,31832,11
13.0265703201,80.2660217285,31832,31862,30
13.0265703201,80.2660217285,31862,31872,10
13.0263299942,80.2659683228,31872,31882,10
13.0259799957,80.2657699585,31882,31892,10
13.0252399445,80.265296936,31892,31912,20
13.0252399445,80.265296936,31912,31922,10
13.0250797272,80.2652130127,31922,31933,11
13.0246601105,80.2648773193,31933,31943,10
13.0242204666,80.2645568848,31943,31953,10
13.0237197876,80.2642364502,31953,31963,10
13.0233697891,80.2640380859,31963,31973,10
13.0228595734,80.2637481689,31973,31983,10
13.0223197937,80.2634429932,31983,31999,16
13.0221996307,80.2634124756,31999,32011,12
13.022069931,80.263381958,32011,32020,9
13.0218896866,80.2632827759,32020,32030,10
13.0214796066,80.2630996704,32030,32042,12
13.0206604004,80.2630233765,32042,32052,10
13.0200901031,80.2630004883,32052,32062,10
13.0194597244,80.2629318237,32062,32072,10
13.0191001892,80.2628707886,32072,32082,10
13.0188999176,80.2622833252,32082,32092,10
13.0187597275,80.2614898682,32092,32102,10
13.0183801651,80.261100769,32102,32112,10
13.0177898407,80.2607269287,32112,32122,10
13.0171499252,80.2602920532,32122,32132,10
13.0161399841,80.2596969604,32132,32152,20
13.0161399841,80.2596969604,32152,32163,11
13.0160799026,80.2596664429,32163,32173,10
13.0157899857,80.2595291138,32173,32183,10
13.0153102875,80.2593994141,32183,32193,10
13.0147199631,80.2593231201,32193,32203,10
13.0140895844,80.2592926025,32203,32213,10
13.0133695602,80.259262085,32213,32223,10
13.0126399994,80.2592315674,32223,32233,10
13.0119400024,80.2592010498,32233,32244,11
13.0111904144,80.2591781616,32244,32254,10
13.0105304718,80.2592086792,32254,32264,10
13.010020256,80.2592163086,32264,32274,10
13.0098600388,80.2592163086,32274,32284,10
13.0097198486,80.2592163086,32284,32294,10
13.0093002319,80.2592391968,32294,32304,10
13.0089702606,80.2592010498,32304,32314,10
13.0087099075,80.2591705322,32314,32324,10
13.0081596375,80.2591629028,32324,32334,10
13.0075397491,80.2592926025,32334,32345,11
13.0072202682,80.2587127686,32345,32365,20
13.0072202682,80.2587127686,32365,32375,10
13.0070896149,80.2584609985,32375,32385,10
13.006819725,80.2580337524,32385,32395,10
13.0065202713,80.2576599121,32395,32516,121
13.0065202713,80.2576599121,32516,32526,10
13.006360054,80.257522583,32526,32536,10
13.0064001083,80.256980896,32536,32547,11
13.0064496994,80.256187439,32547,32557,10
13.0064601898,80.2553863525,32557,32567,10
13.0065002441,80.2546691895,32567,32577,10
13.006480217,80.25390625,32577,32587,10
13.006480217,80.2532577515,32587,32597,10
13.006480217,80.2531967163,32597,32607,10
13.0064601898,80.2531204224,32607,32617,10
13.0064697266,80.2528076172,32617,32627,10
13.0065603256,80.2521591187,32627,32638,11
13.0067396164,80.2512283325,32638,32648,10
13.0067396164,80.2504196167,32648,32658,10
13.0067195892,80.2496795654,32658,32668,10
13.0067195892,80.2495803833,32668,32678,10
13.0067195892,80.2491607666,32678,32688,10
13.0066299438,80.2483291626,32688,32749,61
13.0066299438,80.2483291626,32749,32759,10
13.0066404343,80.2479705811,32759,32769,10
13.0066404343,80.2473983765,32769,32779,10
13.0066003799,80.2465362549,32779,32799,20
13.0066003799,80.2465362549,32799,32809,10
13.0066003799,80.2464904785,32809,32819,10
13.0066404343,80.2460174561,32819,32829,10
13.0066204071,80.2453384399,32829,32839,10
13.0066003799,80.2445602417,32839,32850,11
13.0066003799,80.2438583374,32850,32860,10
13.0065803528,80.2431793213,32860,32870,10
13.0065603256,80.2425308228,32870,32880,10
13.0065498352,80.241859436,32880,32890,10
13.0065498352,80.2417526245,32890,32900,10
13.0065603256,80.2415313721,32900,32910,10
13.0066003799,80.2410125732,32910,32940,30
13.0066003799,80.2410125732,32940,32951,11
13.0066604614,80.2406082153,32951,32961,10
13.0067195892,80.2401733398,32961,32971,10
13.0068397522,80.2395629883,32971,32981,10
13.0070199966,80.2387237549,32981,32991,10
13.0071897507,80.237953186,32991,33001,10
13.0073404312,80.2372665405,33001,33011,10
13.0073604584,80.2369232178,33011,33021,10
13.007399559,80.2367706299,33021,33031,10
13.0074396133,80.236656189,33031,33041,10
13.0075702667,80.2361602783,33041,33052,11
13.0076999664,80.2354736328,33052,33062,10
13.0078697205,80.2346725464,33062,33072,10
13.0080499649,80.2338180542,33072,33082,10
13.0082798004,80.2326126099,33082,33092,10
13.0084896088,80.2315597534,33092,33102,10
13.0087003708,80.2305374146,33102,33112,10
13.0089197159,80.2295532227,33112,33122,10
13.0091104507,80.2285385132,33122,33132,10
13.0094604492,80.2275619507,33132,33142,10
13.0099000931,80.2265625,33142,33153,11
13.0103197098,80.2256164551,33153,33163,10
13.0107402802,80.2248001099,33163,33173,10
13.011059761,80.2240371704,33173,33183,10
13.0111398697,80.2237319946,33183,33193,10
13.0112800598,80.2233276367,33193,33203,10
13.0115804672,80.2227325439,33203,33213,10
13.0117397308,80.2221603394,33213,33223,10
13.0119400024,80.2216796875,33223,33233,10
13.012140274,80.2214279175,33233,33243,10
13.0123901367,80.2216033936,33243,33254,11
13.012720108,80.2221908569,33254,33264,10
13.013299942,80.2227325439,33264,33274,10
13.0137395859,80.2231369019,33274,33284,10
13.0141096115,80.2235412598,33284,33300,16
13.0144300461,80.224067688,33300,33312,12
13.0149202347,80.2245178223,33312,33320,8
13.0153102875,80.2248382568,33320,33353,33
13.0153102875,80.2248382568,33353,33363,10
13.0157003403,80.2251281738,33363,33373,10
13.0161600113,80.2253112793,33373,33383,10
13.0166797638,80.2252120972,33383,33393,10
13.0173597336,80.2249832153,33393,33403,10
13.0181503296,80.2246704102,33403,33413,10
13.0187797546,80.2244262695,33413,33423,10
13.0191497803,80.224357605,33423,33433,10
13.0193595886,80.2243499756,33433,33443,10
13.0196304321,80.2244567871,33443,33454,11
13.0199699402,80.2246932983,33454,33464,10
13.0203800201,80.2249832153,33464,33474,10
13.0207195282,80.2252426147,33474,33484,10
13.0210599899,80.2254867554,33484,33494,10
13.0214395523,80.2257995605,33494,33504,10
13.0218801498,80.2260971069,33504,33524,20
13.0218801498,80.2260971069,33524,33534,10
13.0221204758,80.2262802124,33534,33544,10
13.0224103928,80.2265167236,33544,33585,41
13.0224103928,80.2265167236,33585,33595,10
13.0226802826,80.2267684937,33595,33645,50
13.0226802826,80.2267684937,33645,33656,11
13.0230398178,80.2271194458,33656,33666,10
13.0230998993,80.2272033691,33666,33676,10
13.023229599,80.2273406982,33676,33686,10
13.023440361,80.2275390625,33686,33696,10
13.0236997604,80.2277526855,33696,33706,10
13.023900032,80.2279205322,33706,33716,10
13.0241699219,80.2282104492,33716,33777,61
13.0242996216,80.2284011841,33777,33797,20
13.0242996216,80.2284011841,33797,33807,10
13.024430275,80.2285919189,33807,33817,10
13.0245704651,80.2287902832,33817,33827,10
13.0247297287,80.2290115356,33827,33837,10
13.0248603821,80.2292098999,33837,33847,10
13.0251998901,80.2296295166,33847,33858,11
13.0255699158,80.2301635742,33858,33868,10
13.025759697,80.2304382324,33868,33878,10
13.025850296,80.2306137085,33878,33888,10
13.025970459,80.2309036255,33888,33898,10
13.0260400772,80.2311935425,33898,33908,10
13.02643013,80.2312774658,33908,33917,9
13.0271501541,80.231086731,33917,33927,10
13.0279998779,80.2309417725,33927,33938,11
13.0285396576,80.2308883667,33938,33948,10
13.0286197662,80.2308807373,33948,33959,11
13.0292100906,80.2308120728,33959,33969,10
13.0293598175,80.230796814,33969,33979,10
13.0295801163,80.230796814,33979,33989,10
13.0301103592,80.2307510376,33989,33999,10
13.0306501389,80.2307128906,33999,34009,10
13.0310096741,80.2306671143,34009,34019,10
13.0316400528,80.2306213379,34019,34029,10
13.0323495865,80.2305526733,34029,34039,10
13.0331897736,80.2304763794,34039,34049,10
13.0339002609,80.2304229736,34049,34060,11
13.0343799591,80.2303924561,34060,34070,10
13.0347995758,80.2302398682,34070,34110,40
13.0347995758,80.2302398682,34110,34120,10
13.0349702835,80.230178833,34120,34130,10
13.0350904465,80.2300567627,34130,34140,10
13.0351400375,80.2298583984,34140,34150,10
13.034910202,80.2297363281,34150,34161,11
13.0344495773,80.2296905518,34161,34172,11
13.0343904495,80.2297286987,34172,34183,11
13.0343198776,80.2297973633,34183,34194,11
13.0342597961,80.2300262451,34194,34376,182
13.0341701508,80.2304077148,34376,34406,30
13.0341701508,80.2304077148,34406,34416,10
13.0337896347,80.2304077148,34416,34426,10
13.0334300995,80.2304611206,34426,34436,10
13.0333499908,80.2304763794,34436,34446,10
13.0328798294,80.230506897,34446,34456,10
13.0322599411,80.2305679321,34456,34467,11
13.0315599442,80.2306213379,34467,34477,10
13.0309295654,80.2306900024,34477,34487,10
13.0307397842,80.2307128906,34487,34497,10
13.0298995972,80.230796814,34497,34527,30
13.0298995972,80.230796814,34527,34537,10
13.0296697617,80.2308425903,34537,34547,10
13.0291795731,80.2308578491,34547,34557,10
13.0286798477,80.2309112549,34557,34568,11
13.0280599594,80.2309494019,34568,34578,10
13.0278100967,80.2312088013,34578,34588,10
13.0278196335,80.2316665649,34588,34598,10
13.0278100967,80.2319412231,34598,34608,10
13.0278501511,80.232208252,34608,34618,10
13.0279197693,80.2325973511,34618,34860,242
13.0279197693,80.2325973511,34860,34871,11
13.0278501511,80.2328109741,34871,34881,10
13.0275602341,80.2328491211,34881,34891,10
13.0273704529,80.2328796387,34891,34901,10
13.0270795822,80.2329177856,34901,34911,10
13.0267601013,80.232963562,34911,34921,10
13.0264196396,80.2326812744,34921,34931,10
13.0262203217,80.2320022583,34931,34941,10
13.0260400772,80.2312316895,34941,34951,10
13.0257396698,80.2304916382,34951,34961,10
13.0255498886,80.23021698,34961,34972,11
13.0253295898,80.2299118042,34972,34982,10
13.0253200531,80.2299118042,34982,34992,10
13.0252103806,80.2297592163,34992,35002,10
13.0250301361,80.2295074463,35002,35012,10
13.0248298645,80.2292633057,35012,35022,10
13.0247001648,80.2290878296,35022,35032,10
13.0244998932,80.2288284302,35032,35042,10
13.0240497589,80.2283172607,35042,35062,20
13.0240497589,80.2283172607,35062,35072,10
13.0239095688,80.2281036377,35072,35103,31
13.0239095688,80.2281036377,35103,35113,10
13.0237998962,80.2279663086,35113,35123,10
13.0235204697,80.2276763916,35123,35133,10
13.0231199265,80.2272567749,35133,35149,16
13.0221796036,80.2264785767,35149,35161,12
13.0214395523,80.2258682251,35161,35171,10
13.0207595825,80.2253570557,35171,35181,10
13.0200395584,80.2248382568,35181,35192,11
13.019370079,80.2245025635,35192,35201,9
13.0192403793,80.2244796753,35201,35213,12
13.0190601349,80.2244720459,35213,35223,10
13.0188598633,80.2244873047,35223,35233,10
13.0187301636,80.2245635986,35233,35243,10
13.0186004639,80.2246170044,35243,35252,9
13.0181903839,80.2247619629,35252,35263,11
13.0174598694,80.2250366211,35263,35273,10
13.0167598724,80.2253112793,35273,35284,11
13.0162200928,80.2255172729,35284,35294,10
13.0159702301,80.2256164551,35294,35304,10
13.0154304504,80.2258071899,35304,35314,10
13.0148000717,80.2260665894,35314,35324,10
13.0143404007,80.2262496948,35324,35344,20
13.0143404007,80.2262496948,35344,35354,10
13.01404953,80.2263336182,35354,35364,10
13.0134401321,80.2265625,35364,35374,10
13.0126104355,80.2268829346,35374,35385,11
13.0115804672,80.2273178101,35385,35395,10
13.0105400085,80.2277526855,35395,35405,10
13.0095996857,80.2281417847,35405,35415,10
13.0091400146,80.2287902832,35415,35425,10
13.0089998245,80.2295837402,35425,35435,10
13.0087995529,80.2305374146,35435,35445,10
13.0086297989,80.231338501,35445,35455,10
13.0084896088,80.2320709229,35455,35465,10
13.0083599091,80.232749939,35465,35475,10
13.0082902908,80.2333679199,35475,35496,21
13.0082902908,80.2333679199,35496,35506,10
13.0082397461,80.2335891724,35506,35516,10
13.0082101822,80.2337036133,35516,35526,10
13.0081501007,80.2339172363,35526,35536,10
13.008099556,80.2341537476,35536,35546,10
13.0080900192,80.2342224121,35546,35556,10
13.0080404282,80.2344818115,35556,35566,10
13.0079402924,80.2349014282,35566,35576,10
13.0078802109,80.2352523804,35576,35587,11
13.0077400208,80.2358398438,35587,35597,10
13.0075902939,80.2366485596,35597,35607,10
13.0074195862,80.2374801636,35607,35617,10
13.0072603226,80.2382583618,35617,35627,10
13.0071201324,80.2389678955,35627,35637,10
13.0069799423,80.2396621704,35637,35647,10
13.0068902969,80.2403182983,35647,35657,10
13.0068798065,80.240562439,35657,35667,10
13.0068597794,80.2406234741,35667,35677,10
13.006770134,80.241027832,35677,35688,11
13.0067195892,80.2418212891,35688,35698,10
13.0066995621,80.2429580688,35698,35718,20
13.0066995621,80.2429580688,35718,35728,10
13.0067195892,80.2434692383,35728,35738,10
13.0067100525,80.2438964844,35738,35768,30
13.0067100525,80.2438964844,35768,35778,10
13.0067195892,80.2444000244,35778,35789,11
13.0066900253,80.2447433472,35789,35799,10
13.0066795349,80.2451324463,35799,35809,10
13.0066995621,80.2456665039,35809,35819,10
13.0067195892,80.2460098267,35819,35829,10
13.0067300797,80.246421814,35829,35839,10
13.0067396164,80.2470397949,35839,35849,10
13.0067100525,80.2479019165,35849,35859,10
13.0067596436,80.2487716675,35859,35869,10
13.0068702698,80.2493972778,35869,35879,10
13.0068702698,80.2494125366,35879,35890,11
13.0068902969,80.2496032715,35890,35900,10
13.0068798065,80.2501296997,35900,35910,10
13.0068502426,80.2510604858,35910,35960,50
13.0068502426,80.2510604858,35960,35970,10
13.0067996979,80.2515182495,35970,35980,10
13.0066404343,80.2521362305,35980,35991,11
13.0066099167,80.2527923584,35991,36001,10
13.0065898895,80.2537002563,36001,36011,10
13.0066299438,80.2546768188,36011,36021,10
13.006649971,80.2556228638,36021,36031,10
13.0066604614,80.2564620972,36031,36041,10
13.0066995621,80.256980896,36041,36081,40
13.0066995621,80.256980896,36081,36092,11
13.0067195892,80.2573165894,36092,36102,10
13.0068502426,80.2577972412,36102,36112,10
13.0072097778,80.2583389282,36112,36122,10
13.0077495575,80.2586364746,36122,36142,20
13.0077495575,80.2586364746,36142,36152,10
13.0079603195,80.2587738037,36152,36162,10
13.0083198547,80.2589111328,36162,36172,10
13.0085697174,80.2590179443,36172,36182,10
13.0089702606,80.2590713501,36182,36193,11
13.0096302032,80.2590637207,36193,36203,10
13.0105304718,80.2590637207,36203,36213,10
13.0115003586,80.2590484619,36213,36223,10
13.0126199722,80.2590866089,36223,36239,16
13.0145397186,80.2591629028,36239,36251,12
13.015709877,80.2592773438,36251,36261,10
13.0161895752,80.2594833374,36261,36280,19
13.0161895752,80.2594833374,36280,36291,11
13.0164403915,80.2596893311,36291,36302,11
13.0167198181,80.2599182129,36302,36312,10
13.0168104172,80.2599563599,36312,36322,10
13.0171403885,80.2601776123,36322,36332,10
13.0174198151,80.260383606,36332,36342,10
13.0177097321,80.2605819702,36342,36353,11
13.0180101395,80.2607803345,36353,36363,10
13.0183601379,80.2610397339,36363,36373,10
13.0188302994,80.261390686,36373,36383,10
13.0191802979,80.2617034912,36383,36394,11
13.0194997787,80.2619934082,36394,36404,10
13.0201597214,80.2625808716,36404,36424,20
13.0201597214,80.2625808716,36424,36434,10
13.0205097198,80.2627716064,36434,36444,10
13.021109581,80.2629623413,36444,36454,10
13.0217504501,80.2631912231,36454,36464,10
13.0221395493,80.263381958,36464,36474,10
13.0230197906,80.2638320923,36474,36494,20
13.0230197906,80.2638320923,36494,36505,11
13.0233402252,80.2640533447,36505,36515,10
13.0238304138,80.2643203735,36515,36525,10
13.0244197845,80.2646789551,36525,36535,10
13.0248699188,80.2650375366,36535,36545,10
13.0253400803,80.26537323,36545,36555,10
13.0260696411,80.2658004761,36555,36575,20
13.0260696411,80.2658004761,36575,36585,10
13.0261602402,80.2658233643,36585,36595,10
13.0263700485,80.265586853,36595,36606,11
13.0264196396,80.2648696899,36606,36616,10
13.0264797211,80.2642364502,36616,36626,10
13.0265302658,80.2640609741,36626,36636,10
13.0265798569,80.2637405396,36636,36646,10
13.0267801285,80.2633895874,36646,36656,10
13.0270004272,80.2634429932,36656,36666,10
13.0275602341,80.2635803223,36666,36676,10
13.0282201767,80.2637634277,36676,36686,10
13.028380394,80.2637786865,36686,36696,10
13.0287599564,80.2639083862,36696,36707,11
13.0293197632,80.2641296387,36707,36717,10
13.0293197632,80.2645263672,36717,36727,10
13.0293102264,80.2651672363,36727,36737,10
13.0292901993,80.26587677,36737,36747,10
13.0292797089,80.2660217285,36747,36757,10
13.0292396545,80.2663269043,36757,36767,10
13.0296201706,80.2665176392,36767,36777,10
13.0302095413,80.2666397095,36777,36787,10
13.0310096741,80.2667770386,36787,36797,10
13.03166008,80.2670211792,36797,36808,11
13.0323600769,80.267326355,36808,36818,10
13.0328502655,80.2676391602,36818,36828,10
13.0333595276,80.2677536011,36828,36858,30
13.0333595276,80.2677536011,36858,36868,10
13.0335702896,80.2678070068,36868,36878,10
13.0335903168,80.2678222656,36878,36888,10
13.0338401794,80.2678985596,36888,36898,10
13.0340299606,80.2679367065,36898,36909,11
13.0344400406,80.2679901123,36909,36929,20
13.0344400406,80.2679901123,36929,36939,10
13.0344600677,80.268119812,36939,36949,10
13.0341596603,80.2679824829,36949,36959,10
13.0338201523,80.267906189,36959,36969,10
13.0334300995,80.2678375244,36969,37452,483
13.0334300995,80.2678375244,37452,37462,10
13.0330400467,80.2677764893,37462,37472,10
13.0327596664,80.2677001953,37472,37482,10
13.03262043,80.2675704956,37482,37492,10
13.0323400497,80.2673797607,37492,37502,10
13.0317401886,80.2671127319,37502,37513,11
13.0310602188,80.2668228149,37513,37523,10
13.0304498672,80.2667007446,37523,37533,10
13.0300703049,80.2666625977,37533,37543,10
13.0298700333,80.2666320801,37543,37553,10
13.0296001434,80.2665634155,37553,37563,10
13.0293197632,80.2665100098,37563,37573,10
13.028960228,80.2663574219,37573,37583,10
13.028550148,80.2662811279,37583,37593,10
13.0281200409,80.2661972046,37593,37603,10
13.0275802612,80.2661209106,37603,37614,11
13.0269298553,80.2660598755,37614,37624,10
13.0265197754,80.2659912109,37624,37634,10
13.0262203217,80.2658920288,37634,37644,10
13.0260000229,80.2658004761,37644,37654,10
13.0256004333,80.2655334473,37654,37664,10
13.025270462,80.2653427124,37664,37684,20
13.025270462,80.2653427124,37684,37694,10
13.0251197815,80.2652206421,37694,37704,10
13.0247898102,80.2649612427,37704,37715,11
13.0243597031,80.2646408081,37715,37725,10
13.023850441,80.2643127441,37725,37735,10
13.0234298706,80.2640762329,37735,37745,10
13.0230102539,80.2638473511,37745,37755,10
13.0225095749,80.2635879517,37755,37765,10
13.0221395493,80.2634124756,37765,37775,10
13.0220899582,80.2633666992,37775,37785,10
13.0218896866,80.2632827759,37785,37795,10
13.0214195251,80.263092041,37795,37805,10
13.0206403732,80.2630004883,37805,37815,10
13.0199203491,80.2629776001,37815,37826,11
13.0191802979,80.2629089355,37826,37836,10
13.0189199448,80.262550354,37836,37846,10
13.0187997818,80.26171875,37846,37856,10
13.0185098648,80.2611694336,37856,37866,10
13.0179004669,80.2608032227,37866,37876,10
13.0172395706,80.2603530884,37876,37886,10
13.0160799026,80.2596817017,37886,37906,20
13.0160799026,80.2596817017,37906,37916,10
13.0157403946,80.2595214844,37916,37927,11
13.0150403976,80.2593383789,37927,37937,10
13.0142402649,80.2592926025,37937,37947,10
13.0133495331,80.259262085,37947,37957,10
13.0123596191,80.2592163086,37957,37967,10
13.0114603043,80.2591781616,37967,37977,10
13.0105695724,80.2592010498,37977,37987,10
13.0099000931,80.2592163086,37987,37997,10
13.0097999573,80.2592086792,37997,38007,10
13.0094099045,80.2592010498,38007,38017,10
13.0089702606,80.2591781616,38017,38028,11
13.0085897446,80.2591934204,38028,38038,10
13.0079803467,80.2592391968,38038,38048,10
13.0074195862,80.2592391968,38048,38058,10
13.0072097778,80.2587509155,38058,38068,10
13.0071697235,80.258682251,38068,38078,10
13.0069904327,80.2583236694,38078,38088,10
13.0066795349,80.2578582764,38088,38098,10
13.0065097809,80.2573013306,38098,38108,10
13.0064897537,80.2567901611,38108,38118,10
13.0064897537,80.256111145,38118,38129,11
13.0065002441,80.255317688,38129,38139,10
13.0065498352,80.2547225952,38139,38149,10
13.0065202713,80.2538604736,38149,38159,10
13.0064897537,80.2532196045,38159,38169,10
13.0065002441,80.2531814575,38169,38179,10
13.0065202713,80.2530136108,38179,38189,10
13.0065498352,80.2521972656,38189,38219,30
13.0065498352,80.2521972656,38219,38230,11
13.0065898895,80.2520370483,38230,38240,10
13.0066795349,80.2515487671,38240,38250,10
13.0067195892,80.2508163452,38250,38260,10
13.0067300797,80.2500305176,38260,38270,10
13.0066995621,80.2490463257,38270,38280,10
13.0066404343,80.2483291626,38280,38290,10
13.0066404343,80.2481613159,38290,38300,10
13.0066299438,80.2476882935,38300,38310,10
13.0066404343,80.2470397949,38310,38320,10
13.0065603256,80.2466201782,38320,38331,11
13.0065603256,80.24659729,38331,38341,10
13.0066404343,80.2461700439,38341,38351,10
13.0066299438,80.245552063,38351,38361,10
13.0066204071,80.2451400757,38361,38371,10
13.0066204071,80.244720459,38371,38381,10
13.0066204071,80.2443618774,38381,38391,10
13.0066099167,80.2440185547,38391,38401,10
13.0066099167,80.2436599731,38401,38411,10
13.0065803528,80.2432098389,38411,38421,10
13.0065698624,80.2424926758,38421,38432,11
13.0065402985,80.2416763306,38432,38442,10
13.0065498352,80.2415924072,38442,38452,10
13.0065803528,80.2412796021,38452,38462,10
13.0066099167,80.2408676147,38462,38472,10
13.0066795349,80.2405166626,38472,38482,10
13.0068101883,80.240020752,38482,38492,10
13.0069599152,80.2392272949,38492,38502,10
13.0071201324,80.2384033203,38502,38512,10
13.0072698593,80.2377090454,38512,38522,10
13.0073795319,80.2371063232,38522,38533,11
13.0073795319,80.2369918823,38533,38543,10
13.0074100494,80.2369232178,38543,38553,10
13.007519722,80.2365112305,38553,38563,10
13.0076704025,80.2358779907,38563,38573,10
13.0077695847,80.2353363037,38573,38583,10
13.0078401566,80.2350082397,38583,38593,10
13.0079603195,80.2343292236,38593,38603,10
13.0081300735,80.2334976196,38603,38613,10
13.008310318,80.2326126099,38613,38623,10
13.0085000992,80.2316970825,38623,38633,10
13.0087099075,80.2305526733,38633,38644,11
13.0089502335,80.2292861938,38644,38654,10
13.0092096329,80.2281723022,38654,38664,10
13.0096302032,80.2272109985,38664,38674,10
13.0100498199,80.2263031006,38674,38684,10
13.0104799271,80.2254486084,38684,38694,10
13.0108203888,80.2247009277,38694,38704,10
13.0111103058,80.2239837646,38704,38714,10
13.0113401413,80.2234420776,38714,38724,10
13.0113401413,80.2234191895,38724,38735,11
13.0114002228,80.2232589722,38735,38745,10
13.011639595,80.2227172852,38745,38755,10
13.0118598938,80.222038269,38755,38765,10
13.0121097565,80.2214889526,38765,38775,10
13.0123901367,80.2215576172,38775,38785,10
13.0127601624,80.2220001221,38785,38795,10
13.0131702423,80.2225189209,38795,38805,10
13.0136404037,80.2230300903,38805,38815,10
13.0141296387,80.2234268188,38815,38825,10
13.0144500732,80.2238006592,38825,38835,10
13.0149097443,80.2244415283,38835,38846,11
13.0151901245,80.2247314453,38846,38856,10
13.015250206,80.2248001099,38856,38866,10
13.0155897141,80.2250671387,38866,38876,10
13.0161104202,80.2253417969,38876,38886,10
13.0167398453,80.2252197266,38886,38896,10
13.0174198151,80.2249526978,38896,38906,10
13.0180997849,80.2246704102,38906,38916,10
13.0188503265,80.2243881226,38916,38926,10
13.0194301605,80.2243881226,38926,38936,10
13.0197696686,80.2245635986,38936,38953,17
13.0204200745,80.2250518799,38953,38965,12
13.0210695267,80.2255172729,38965,38975,10
13.0218601227,80.2260971069,38975,38993,18
13.0218601227,80.2260971069,38993,39004,11
13.0220003128,80.2261962891,39004,39015,11
13.0225200653,80.2266616821,39015,39025,10
13.0229301453,80.2270202637,39025,39035,10
13.022939682,80.2270431519,39035,39046,11
13.0230703354,80.2271881104,39046,39056,10
13.0232000351,80.2273178101,39056,39066,10
13.0234699249,80.2275466919,39066,39075,9
13.023730278,80.2277679443,39075,39085,10
13.0240898132,80.2281112671,39085,39096,11
13.0242900848,80.2283401489,39096,39106,10
13.0244598389,80.2285766602,39106,39116,10
13.0247001648,80.2289276123,39116,39126,10
13.024939537,80.2292480469,39126,39136,10
13.0250501633,80.2293930054,39136,39146,10
13.0251998901,80.2295532227,39146,39157,11
13.0254201889,80.2298431396,39157,39167,10
13.0255804062,80.2300796509,39167,39177,10
13.0257301331,80.2303314209,39177,39187,10
13.0258903503,80.2306594849,39187,39197,10
13.0259504318,80.2308883667,39197,39207,10
13.0260000229,80.2311401367,39207,39217,10
13.0263004303,80.2313232422,39217,39227,10
13.0270595551,80.2311325073,39227,39237,10
13.0277795792,80.2309799194,39237,39248,11
13.0282201767,80.2309188843,39248,39258,10
13.0284700394,80.2308883667,39258,39268,10
13.0287799835,80.2308502197,39268,39278,10
13.0293397903,80.230796814,39278,39288,10
13.0295801163,80.2307815552,39288,39304,16
13.0303497314,80.23072052,39304,39316,12
13.0309400558,80.2306594849,39316,39325,9
13.0315799713,80.2306137085,39325,39336,11
13.0323400497,80.2305526733,39336,39346,10
13.0334997177,80.2304763794,39346,39427,81
13.0334997177,80.2304763794,39427,39438,11
13.0339202881,80.2304534912,39438,39448,10
13.0342197418,80.2304077148,39448,39459,11
13.0344800949,80.2303695679,39459,39469,10
13.0346097946,80.2303390503,39469,39479,10
13.0347795486,80.2302932739,39479,39489,10
13.0349502563,80.2302017212,39489,39499,10
13.0350503922,80.2300567627,39499,39509,10
13.0349998474,80.2298431396,39509,39519,10
13.034620285,80.2297973633,39519,39529,10
13.0345497131,80.2297973633,39529,39539,10
13.0343904495,80.2297668457,39539,39570,31
13.0343904495,80.2297668457,39570,39580,10
13.0341796875,80.2299194336,39580,39590,10
13.0341796875,80.229927063,39590,39600,10
13.0341796875,80.2300109863,39600,40034,434
13.0342102051,80.2303390503,40034,40166,132
13.0342102051,80.2303390503,40166,40176,10
13.0340099335,80.2304916382,40176,40186,10
13.0336303711,80.2304763794,40186,40196,10
13.032910347,80.2305374146,40196,40206,10
13.0320796967,80.2306289673,40206,40216,10
13.0311603546,80.2307128906,40216,40226,10
13.0305900574,80.2307510376,40226,40236,10
13.0297899246,80.2308425903,40236,40256,20
13.0295801163,80.2308578491,40256,40277,21
13.0295801163,80.2308578491,40277,40287,10
13.0291404724,80.2309188843,40287,40297,10
13.0285797119,80.2309570313,40297,40307,10
13.0278701782,80.231048584,40307,40317,10
13.0276899338,80.2313079834,40317,40327,10
13.027759552,80.2319412231,40327,40337,10
13.0277996063,80.232208252,40337,40353,16
13.0278501511,80.2325286865,40353,40365,12
13.0276699066,80.2328262329,40365,40436,71
13.0276699066,80.2328262329,40436,40446,10
13.0274400711,80.2328796387,40446,40456,10
13.0272903442,80.2329177856,40456,40466,10
13.0269804001,80.2329864502,40466,40477,11
13.0266399384,80.233039856,40477,40487,10
13.0263299942,80.232711792,40487,40497,10
13.0261602402,80.2321624756,40497,40507,10
13.026049614,80.2317276001,40507,40517,10
13.0259399414,80.2312393188,40517,40527,10
13.0256204605,80.2304229736,40527,40537,10
13.0250902176,80.2296524048,40537,40547,10
13.0246696472,80.2291488647,40547,40557,10
13.0243196487,80.2286987305,40557,40567,10
13.0240001678,80.2283325195,40567,40578,11
13.0239896774,80.2283096313,40578,40588,10
13.023900032,80.2281494141,40588,40598,10
13.0234899521,80.227722168,40598,40608,10
13.0229701996,80.2272109985,40608,40618,10
13.0222702026,80.2265701294,40618,40628,10
13.021490097,80.2259521484,40628,40638,10
13.0207700729,80.225402832,40638,40648,10
13.0200796127,80.2249679565,40648,40658,10
13.0192298889,80.2245025635,40658,40669,11
13.0180501938,80.2247695923,40669,40679,10
13.0171203613,80.225151062,40679,40688,9
13.0165901184,80.2253570557,40688,40699,11
13.0162200928,80.2255096436,40699,40709,10
13.0157403946,80.225692749,40709,40719,10
13.0150499344,80.2259674072,40719,40729,10
13.0142402649,80.2263031006,40729,40749,20
13.0142402649,80.2263031006,40749,40759,10
13.0141601563,80.226348877,40759,40769,10
13.0137195587,80.2265090942,40769,40780,11
13.0130701065,80.2267303467,40780,40790,10
13.012339592,80.2270278931,40790,40800,10
13.0115604401,80.2273406982,40800,40810,10
13.0106601715,80.2277069092,40810,40820,10
13.0097303391,80.2280883789,40820,40830,10
13.0090999603,80.2287216187,40830,40840,10
13.0089101791,80.2297592163,40840,40850,10
13.0087003708,80.2308502197,40850,40860,10
13.0085000992,80.2319107056,40860,40870,10
13.0083198547,80.2328567505,40870,40879,9
13.0082502365,80.233543396,40879,40891,12
13.0082397461,80.2335586548,40891,40901,10
13.0082302094,80.233581543,40901,40911,10
13.0081100464,80.2339477539,40911,40921,10
13.0079898834,80.2345809937,40921,40931,10
13.0078601837,80.2352828979,40931,40941,10
13.0076799393,80.2361602783,40941,40951,10
13.0074996948,80.2370529175,40951,40961,10
13.0073604584,80.2377471924,40961,40970,9
13.0072498322,80.2384109497,40970,40982,12
13.0070896149,80.2393035889,40982,40992,10
13.0068998337,80.2400970459,40992,41002,10
13.0068502426,80.2407608032,41002,41022,20
13.0068502426,80.2407608032,41022,41031,9
13.006819725,80.241027832,41031,41042,11
13.006770134,80.2418289185,41042,41052,10
13.0067501068,80.242477417,41052,41062,10
13.0067396164,80.2428665161,41062,41072,10
13.0067300797,80.2432632446,41072,41083,11
13.0067100525,80.2435913086,41083,41093,10
13.0067195892,80.2442626953,41093,41113,20
13.0067195892,80.2445220947,41113,41133,20
13.0067195892,80.2445220947,41133,41143,10
13.0066995621,80.2448730469,41143,41153,10
13.0067195892,80.2453689575,41153,41163,10
13.0067396164,80.2459793091,41163,41173,10
13.0067596436,80.2464523315,41173,41184,11
13.0067501068,80.2467498779,41184,41194,10
13.0067596436,80.2468490601,41194,41204,10
13.0067501068,80.2472000122,41204,41214,10
13.0067195892,80.2478713989,41214,41224,10
13.0067596436,80.2487716675,41224,41234,10
13.0068597794,80.2495193481,41234,41244,10
13.0068597794,80.2495803833,41244,41254,10
13.0068597794,80.2498626709,41254,41264,10
13.006819725,80.2504806519,41264,41274,10
13.0068397522,80.251083374,41274,41284,10
13.0068101883,80.2514572144,41284,41295,11
13.0066404343,80.252166748,41295,41305,10
13.0065698624,80.2529296875,41305,41315,10
13.0065698624,80.2536773682,41315,41325,10
13.0066003799,80.2546386719,41325,41335,10
13.0066204071,80.2555999756,41335,41345,10
13.0066404343,80.256439209,41345,41355,10
13.0066795349,80.2569122314,41355,41365,10
13.0067396164,80.2574081421,41365,41375,10
13.0070295334,80.258102417,41375,41385,10
13.0073699951,80.2584609985,41385,41396,11
13.0075902939,80.2585372925,41396,41406,10
13.0078897476,80.2586975098,41406,41416,10
13.0085601807,80.2589569092,41416,41426,10
13.0093097687,80.2590484619,41426,41436,10
13.0104198456,80.2590637207,41436,41446,10
13.0116901398,80.2590637207,41446,41456,10
13.0128498077,80.2591018677,41456,41466,10
13.0143899918,80.259147644,41466,41476,10
13.0156402588,80.2592697144,41476,41486,10
13.0163602829,80.2596130371,41486,41497,11
13.0164604187,80.2596817017,41497,41507,10
13.016579628,80.259803772,41507,41517,10
13.0170202255,80.2601089478,41517,41527,10
13.0176897049,80.2605819702,41527,41537,10
13.0184001923,80.2610397339,41537,41547,10
13.0188798904,80.2614212036,41547,41557,10
13.0193395615,80.2618179321,41557,41567,10
13.0197200775,80.2621994019,41567,41577,10
13.0200901031,80.2624893188,41577,41587,10
13.0201702118,80.2625808716,41587,41598,11
13.0205402374,80.2627487183,41598,41608,10
13.0211601257,80.2629470825,41608,41618,10
13.0218095779,80.2631912231,41618,41628,10
13.0221099854,80.2633514404,41628,41638,10
13.0223999023,80.2634887695,41638,41648,10
13.0229597092,80.2637863159,41648,41668,20
13.0229597092,80.2637863159,41668,41678,10
13.0234098434,80.2640380859,41678,41688,10
13.0239295959,80.2643203735,41688,41699,11
13.0243396759,80.2646026611,41699,41709,10
13.0246896744,80.2648468018,41709,41719,10
13.0249099731,80.2650222778,41719,41729,10
13.0253801346,80.2653427124,41729,41739,10
13.0260801315,80.2657623291,41739,41769,30
13.0260801315,80.2657623291,41769,41779,10
13.0263299942,80.2657012939,41779,41789,10
13.0263500214,80.2653427124,41789,41800,11
13.0264196396,80.2647628784,41800,41810,10
13.0265102386,80.264213562,41810,41820,10
13.0265102386,80.2641677856,41820,41830,10
13.0264997482,80.2639923096,41830,41840,10
13.0266399384,80.2634811401,41840,41850,10
13.0271396637,80.2634506226,41850,41860,10
13.0276002884,80.2635192871,41860,41870,10
13.0281600952,80.2636566162,41870,41880,10
13.0286998749,80.2638320923,41880,41890,10
13.0291795731,80.2639465332,41890,41901,11
13.0293302536,80.2641601563,41901,41911,10
13.0293502808,80.2644424438,41911,41921,10
13.0293397903,80.2648162842,41921,41931,10
13.0293302536,80.2649307251,41931,41941,10
13.0293197632,80.2652206421,41941,41951,10
13.0292901993,80.2657318115,41951,41961,10
13.0292396545,80.2661819458,41961,41971,10
13.0292301178,80.2664489746,41971,41987,16
13.0293903351,80.2665634155,41987,41999,12
13.0298099518,80.2665863037,41999,42010,11
13.0304002762,80.2666168213,42010,42020,10
13.0311203003,80.2667694092,42020,42030,10
13.0318002701,80.267036438,42030,42040,10
13.0322599411,80.2672805786,42040,42050,10
13.0325403214,80.2674179077,42050,42058,8
13.0328397751,80.2676391602,42058,42069,11
13.0330200195,80.2677001953,42069,42080,11
13.0335702896,80.2677993774,42080,42100,20
13.0335702896,80.2677993774,42100,42111,11
13.0337200165,80.2678833008,42111,42121,10
13.0341396332,80.2679367065,42121,42131,10
13.0345001221,80.2679595947,42131,42161,30
13.0345001221,80.2679595947,42161,42171,10
13.0345697403,80.2681427002,42171,42181,10
13.0344800949,80.2681732178,42181,42191,10
13.0343799591,80.2680969238,42191,42201,10
13.0338697433,80.2679672241,42201,42252,51
13.033539772,80.2679595947,42252,43464,1212
13.033539772,80.2679595947,43464,43474,10
13.0332603455,80.2678604126,43474,43484,10
13.0330200195,80.2677993774,43484,43494,10
13.032699585,80.2677078247,43494,43504,10
13.0325403214,80.2675323486,43504,43514,10
13.0322198868,80.2673797607,43514,43524,10
13.0316801071,80.2671585083,43524,43535,11
13.0308599472,80.2669219971,43535,43545,10
13.0303201675,80.2668228149,43545,43555,10
13.0299196243,80.266746521,43555,43575,20
13.0299196243,80.266746521,43575,43585,10
13.0294399261,80.2666397095,43585,43615,30
13.0294399261,80.2666397095,43615,43625,10
13.0290699005,80.2664718628,43625,43636,11
13.0285301208,80.2663497925,43636,43646,10
13.0281200409,80.266242981,43646,43656,10
13.0275297165,80.2661819458,43656,43666,10
13.02643013,80.2660598755,43666,43716,50
13.02643013,80.2660598755,43716,43726,10
13.0262804031,80.2659683228,43726,43736,10
13.0260295868,80.2658462524,43736,43747,11
13.0252199173,80.2653579712,43747,43767,20
13.0252199173,80.2653579712,43767,43777,10
13.0250597,80.2652587891,43777,43787,10
13.0248003006,80.2650680542,43787,43797,10
13.0244703293,80.2648010254,43797,43807,10
13.024020195,80.2644424438,43807,43817,10
13.0234003067,80.2641983032,43817,43827,10
13.022939682,80.2638320923,43827,43837,10
13.0224599838,80.263633728,43837,43848,11
13.0222797394,80.2635574341,43848,43858,10
13.0220603943,80.2634429932,43858,43868,10
13.0217599869,80.2633132935,43868,43878,10
13.0211200714,80.2631378174,43878,43888,10
13.0203399658,80.2630767822,43888,43898,10
13.0198097229,80.2630004883,43898,43914,16
13.0189800262,80.262840271,43914,43926,12
13.0188798904,80.2621383667,43926,43936,10
13.0187501907,80.2614974976,43936,43947,11
13.0183401108,80.261100769,43947,43957,10
13.0179004669,80.2608413696,43957,43967,10
13.0173397064,80.2604522705,43967,43976,9
13.0168504715,80.2601165771,43976,43987,11
13.0161600113,80.2597503662,43987,43997,10
13.0160799026,80.2597122192,43997,44007,10
13.0159101486,80.2596282959,44007,44016,9
13.0154104233,80.259437561,44016,44026,10
13.0146398544,80.2593231201,44026,44037,11
13.0137996674,80.2592773438,44037,44048,11
13.0129203796,80.2592468262,44048,44058,10
13.0120697021,80.2592086792,44058,44067,9
13.011349678,80.2591934204,44067,44078,11
13.0104398727,80.2592163086,44078,44088,10
13.0098199844,80.2592315674,44088,44098,10
13.0097703934,80.2592391968,44098,44108,10
13.0094203949,80.2592391968,44108,44118,10
13.0090198517,80.2591781616,44118,44128,10
13.0087604523,80.2591705322,44128,44138,10
13.0083503723,80.2591094971,44138,44149,11
13.0078001022,80.259262085,44149,44159,10
13.007229805,80.2587585449,44159,44179,20
13.007229805,80.2587585449,44179,44189,10
13.0070695877,80.2584381104,44189,44199,10
13.0066900253,80.2577667236,44199,44219,20
13.0066900253,80.2577667236,44219,44229,10
13.0065603256,80.2576904297,44229,44239,10
13.0064001083,80.2574920654,44239,44250,11
13.0064496994,80.257019043,44250,44260,10
13.0064697266,80.2563476563,44260,44270,10
13.0065097809,80.2556762695,44270,44280,10
13.0065202713,80.2550964355,44280,44290,10
13.0065002441,80.2543716431,44290,44300,10
13.0065002441,80.2532577515,44300,44330,30
13.0065002441,80.2532577515,44330,44340,10
13.006480217,80.2529602051,44340,44351,11
13.006529808,80.2522964478,44351,44361,10
13.0066795349,80.2513885498,44361,44371,10
13.0067796707,80.2503509521,44371,44381,10
13.0067796707,80.2493209839,44381,44391,10
13.0066699982,80.2484893799,44391,44401,10
13.0066099167,80.2479095459,44401,44542,141
13.0066099167,80.2479095459,44542,44553,11
13.0065803528,80.2474365234,44553,44563,10
13.0066099167,80.2468566895,44563,44573,10
13.0065803528,80.2464981079,44573,44583,10
13.0066099167,80.2464294434,44583,44593,10
13.006649971,80.2460403442,44593,44603,10
13.006649971,80.2454376221,44603,44613,10
13.0066204071,80.2447814941,44613,44623,10
13.0066404343,80.2442169189,44623,44633,10
13.0066604614,80.243812561,44633,44643,10
13.0066604614,80.2432785034,44643,44654,11
13.0066099167,80.2424087524,44654,44664,10
13.0065803528,80.2416763306,44664,44674,10
13.0066995621,80.2409591675,44674,44684,10
13.0067195892,80.2404785156,44684,44704,20
13.0067195892,80.2404785156,44704,44714,10
13.0066900253,80.2403488159,44714,44730,16
13.0067996979,80.2394714355,44730,44742,12
13.0070199966,80.2384567261,44742,44750,8
13.0071601868,80.2379379272,44750,44763,13
13.0074100494,80.2367782593,44763,44783,20
13.0074100494,80.2367782593,44783,44793,10
13.0075101852,80.2365112305,44793,44803,10
13.0076303482,80.2359466553,44803,44813,10
13.0078201294,80.2349700928,44813,44823,10
13.0080499649,80.2338790894,44823,44833,10
13.0082597733,80.2327194214,44833,44843,10
13.008480072,80.2314910889,44843,44853,10
13.0086603165,80.2302932739,44853,44864,11
13.0089101791,80.229057312,44864,44874,10
13.0091495514,80.2280807495,44874,44884,10
13.0095996857,80.227142334,44884,44894,10
13.0100402832,80.2262268066,44894,44904,10
13.0104503632,80.2254333496,44904,44914,10
13.0108003616,80.2247314453,44914,44924,10
13.0110702515,80.224029541,44924,44934,10
13.0111598969,80.2235870361,44934,44944,10
13.0111503601,80.2235870361,44944,44954,10
13.0110998154,80.2234420776,44954,44965,11
13.0113401413,80.2230072021,44965,44975,10
13.0116596222,80.2223129272,44975,44985,10
13.0119600296,80.2217636108,44985,44995,10
13.0124101639,80.2215805054,44995,45005,10
13.0128002167,80.2221069336,45005,45015,10
13.0131902695,80.2225875854,45015,45025,10
13.013710022,80.2231369019,45025,45035,10
13.0141801834,80.2235183716,45035,45045,10
13.0144100189,80.223777771,45045,45055,10
13.0146799088,80.2241821289,45055,45066,11
13.0150499344,80.2245864868,45066,45076,10
13.0155296326,80.2250366211,45076,45096,20
13.0155296326,80.2250366211,45096,45106,10
13.0156602859,80.2251968384,45106,45116,10
13.0160999298,80.2253570557,45116,45126,10
13.016699791,80.2252426147,45126,45136,10
13.0174303055,80.2249603271,45136,45146,10
13.0181903839,80.2246780396,45146,45156,10
13.0189399719,80.2244186401,45156,45167,11
13.0197296143,80.2246017456,45167,45177,10
13.020409584,80.2250671387,45177,45187,10
13.0209197998,80.2254486084,45187,45196,9
13.0212802887,80.2257385254,45196,45207,11
13.0218400955,80.2261199951,45207,45217,10
13.0219097137,80.2261734009,45217,45227,10
13.0219898224,80.2262420654,45227,45237,10
13.0223903656,80.226600647,45237,45247,10
13.0230102539,80.2271270752,45247,45257,10
13.0236101151,80.2276916504,45257,45268,11
13.0242300034,80.2283172607,45268,45278,10
13.0246095657,80.2288589478,45278,45288,10
13.0250196457,80.2294311523,45288,45298,10
13.0254297256,80.2299804688,45298,45308,10
13.0258102417,80.2306213379,45308,45338,30
13.0258102417,80.2306213379,45338,45348,10
13.0258598328,80.2308120728,45348,45358,10
13.0259504318,80.2311477661,45358,45369,11
13.0262098312,80.2313537598,45369,45379,10
13.02684021,80.2311706543,45379,45389,10
13.027589798,80.2309799194,45389,45399,10
13.0282201767,80.2309494019,45399,45409,10
13.0284099579,80.2309417725,45409,45419,10
13.0286903381,80.2309112549,45419,45429,10
13.0291996002,80.2308578491,45429,45439,10
13.0293998718,80.2308502197,45439,45449,10
13.0298299789,80.230796814,45449,45459,10
13.0303697586,80.2307434082,45459,45469,10
13.0308303833,80.2307128906,45469,45480,11
13.0316400528,80.2306365967,45480,45490,10
13.0322504044,80.2305831909,45490,45500,10
13.0329704285,80.2305221558,45500,45516,16
13.0337600708,80.2304916382,45516,45569,53
13.0337600708,80.2304916382,45569,45580,11
13.0342302322,80.23046875,45580,45590,10
13.0347499847,80.2303237915,45590,45600,10
13.0350399017,80.2301101685,45600,45610,10
13.0350399017,80.2298736572,45610,45621,11
13.0347499847,80.2298202515,45621,45631,10
13.0344104767,80.2297821045,45631,45641,10
13.0342798233,80.2300186157,45641,45894,253
13.0342798233,80.2300186157,45894,45904,10
13.0341501236,80.2304077148,45904,45914,10
13.0339202881,80.2304611206,45914,45924,10
13.0333795547,80.2304763794,45924,45934,10
13.0327997208,80.2304992676,45934,45944,10
13.0322704315,80.2305831909,45944,45954,10
13.0317802429,80.2306213379,45954,45964,10
13.0312404633,80.230682373,45964,45974,10
13.0307703018,80.23072052,45974,45985,11
13.0304603577,80.230758667,45985,45995,10
13.0301399231,80.230796814,45995,46005,10
13.0298995972,80.2308197021,46005,46055,50
13.0298995972,80.2308197021,46055,46065,10
13.0294599533,80.2308425903,46065,46075,10
13.0289697647,80.2308731079,46075,46086,11
13.0284404755,80.2309188843,46086,46102,16
13.027680397,80.2309875488,46102,46114,12
13.0276203156,80.2314910889,46114,46122,8
13.0276403427,80.2319564819,46122,46134,12
13.0277700424,80.232673645,46134,46144,10
13.0270004272,80.2329483032,46144,46185,41
13.0270004272,80.2329483032,46185,46195,10
13.0267801285,80.2330093384,46195,46205,10
13.0264596939,80.2328872681,46205,46215,10
13.0262498856,80.2322769165,46215,46225,10
13.0260896683,80.2315597534,46225,46235,10
13.0258598328,80.2307434082,46235,46245,10
13.0254898071,80.2300872803,46245,46255,10
13.0251398087,80.2296981812,46255,46296,41
13.0251398087,80.2296981812,46296,46306,10
13.0249099731,80.2294311523,46306,46316,10
13.0247001648,80.2291793823,46316,46326,10
13.0246200562,80.2290496826,46326,46336,10
13.0241203308,80.2284622192,46336,46366,30
13.0241203308,80.2284622192,46366,46376,10
13.0238199234,80.2280883789,46376,46386,10
13.0234098434,80.2276611328,46386,46397,11
13.022939682,80.227180481,46397,46407,10
13.0223398209,80.2266387939,46407,46417,10
13.0216703415,80.2260971069,46417,46427,10
13.0210800171,80.2256393433,46427,46437,10
13.0205001831,80.2252426147,46437,46453,16
13.0199203491,80.224861145,46453,46465,12
13.0198898315,80.224822998,46465,46475,10
13.019659996,80.2247009277,46475,46485,10
13.0190601349,80.2245483398,46485,46496,11
13.0179100037,80.2249221802,46496,46506,10
13.0169401169,80.2252883911,46506,46515,9
13.016289711,80.2255325317,46515,46526,11
13.0155801773,80.2257614136,46526,46536,10
13.0149402618,80.2260437012,46536,46546,10
13.0143098831,80.2262802124,46546,46564,18
13.0143098831,80.2262802124,46564,46576,12
13.0139398575,80.2264175415,46576,46586,10
13.0133304596,80.2266311646,46586,46597,11
13.0125398636,80.2269592285,46597,46607,10
13.0118198395,80.2272567749,46607,46617,10
13.010890007,80.2276229858,46617,46627,10
13.0098800659,80.2280578613,46627,46637,10
13.0091295242,80.2286376953,46637,46647,10
13.008890152,80.2297210693,46647,46657,10
13.0086603165,80.2308197021,46657,46667,10
13.0084400177,80.2318572998,46667,46677,10
13.0082597733,80.2328033447,46677,46687,10
13.0082197189,80.2333984375,46687,46698,11
13.0082302094,80.2334136963,46698,46708,10
13.0081701279,80.2336425781,46708,46718,10
13.0080404282,80.2341003418,46718,46728,10
13.0079202652,80.234703064,46728,46738,10
13.0078897476,80.2349472046,46738,46748,10
13.0079097748,80.2350234985,46748,46758,10
13.0077800751,80.235496521,46758,46768,10
13.007610321,80.2362823486,46768,46778,10
13.0074195862,80.2372436523,46778,46788,10
13.0072402954,80.2381591797,46788,46799,11
13.0070199966,80.2391586304,46799,46809,10
13.0068998337,80.2398529053,46809,46819,10
13.0068998337,80.2401275635,46819,46900,81
13.0068998337,80.2401275635,46900,46910,10
13.0069103241,80.2403869629,46910,46920,10
13.006819725,80.240737915,46920,46930,10
13.0068101883,80.2407608032,46930,46940,10
13.0067396164,80.2410736084,46940,46950,10
13.0066795349,80.2417831421,46950,46960,10
13.0066404343,80.24243927,46960,46970,10
13.0066299438,80.2433700562,46970,46980,10
13.0065698624,80.2440567017,46980,46990,10
13.0066003799,80.2446899414,46990,47001,11
13.0066099167,80.2451782227,47001,47011,10
13.0066404343,80.245552063,47011,47021,10
13.0066604614,80.2461700439,47021,47031,10
13.0066900253,80.2468185425,47031,47041,10
13.0066995621,80.2473220825,47041,47051,10
13.0066699982,80.2479171753,47051,47061,10
13.0067396164,80.2487869263,47061,47071,10
13.0068397522,80.249458313,47071,47091,20
13.0068397522,80.249458313,47091,47102,11
13.006819725,80.2498931885,47102,47112,10
13.0067796707,80.2504501343,47112,47122,10
13.0067596436,80.2512435913,47122,47152,30
13.0067596436,80.2512435913,47152,47162,10
13.0067195892,80.2515029907,47162,47172,10
13.0066204071,80.2519989014,47172,47182,10
13.0065002441,80.2527236938,47182,47192,10
13.0065002441,80.253326416,47192,47202,10
13.0065202713,80.2541809082,47202,47213,11
13.0065603256,80.2549285889,47213,47223,10
13.0065002441,80.2551422119,47223,47233,10
13.0065603256,80.2557830811,47233,47243,10
13.0065402985,80.2565383911,47243,47253,10
13.0065898895,80.2571029663,47253,47283,30
13.0065898895,80.2571029663,47283,47293,10
13.0066099167,80.2572631836,47293,47303,10
13.0067100525,80.2577133179,47303,47314,11
13.0071001053,80.2582931519,47314,47324,10
13.0075597763,80.2585906982,47324,47334,10
13.0075902939,80.2585983276,47334,47344,10
13.0076398849,80.2586593628,47344,47354,10
13.0079898834,80.2588195801,47354,47364,10
13.0086097717,80.2590332031,47364,47374,10
13.0093603134,80.2590713501,47374,47384,10
13.0103797913,80.2590789795,47384,47394,10
13.0114297867,80.2590637207,47394,47404,10
13.0123796463,80.2590789795,47404,47415,11
13.0135202408,80.2591171265,47415,47425,10
13.0145998001,80.2591629028,47425,47435,10
13.0156097412,80.2592926025,47435,47445,10
13.0162696838,80.2595901489,47445,47455,10
13.0163698196,80.2596664429,47455,47465,10
13.0164003372,80.2596969604,47465,47475,10
13.016699791,80.2599334717,47475,47485,10
13.0169095993,80.2600708008,47485,47495,10
13.0173501968,80.2603683472,47495,47505,10
13.0178098679,80.2606964111,47505,47516,11
13.0185003281,80.261177063,47516,47526,10
13.018989563,80.2615966797,47526,47536,10
13.0194196701,80.2619628906,47536,47546,10
13.0199098587,80.2624435425,47546,47556,10
13.0201396942,80.2626037598,47556,47566,10
13.0202198029,80.2626800537,47566,47576,10
13.0206699371,80.2628479004,47576,47586,10
13.0212802887,80.2630310059,47586,47596,10
13.0218400955,80.2632827759,47596,47606,10
13.0221099854,80.2633972168,47606,47617,11
13.0225000381,80.2636108398,47617,47627,10
13.0228796005,80.2638015747,47627,47637,10
13.0229101181,80.2638168335,47637,47647,10
13.0232095718,80.2639923096,47647,47657,10
13.0237598419,80.2642974854,47657,47667,10
13.0243301392,80.2646484375,47667,47677,10
13.0247297287,80.2649612427,47677,47687,10
13.0251998901,80.265296936,47687,47697,10
13.0257196426,80.2656326294,47697,47707,10
13.0262298584,80.2658920288,47707,47718,11
13.0263299942,80.2656021118,47718,47728,10
13.0263500214,80.26512146,47728,47738,10
13.0263996124,80.2645797729,47738,47748,10
13.0264797211,80.2639923096,47748,47758,10
13.0264997482,80.263923645,47758,47768,10
13.0265598297,80.2635421753,47768,47778,10
13.026889801,80.2634506226,47778,47788,10
13.0273704529,80.2635116577,47788,47798,10
13.027970314,80.2636871338,47798,47808,10
13.0283002853,80.2637634277,47808,47819,11
13.0285596848,80.2638168335,47819,47829,10
13.0290298462,80.2639389038,47829,47839,10
13.0291996002,80.2642211914,47839,47849,10
13.0291795731,80.2647628784,47849,47859,10
13.0291595459,80.2653503418,47859,47869,10
13.0291900635,80.2658462524,47869,47879,10
13.0291996002,80.2660217285,47879,47889,10
13.0291700363,80.266242981,47889,47899,10
13.0292396545,80.2664871216,47899,47909,10
13.0295000076,80.2665481567,47909,47920,11
13.0299596786,80.2666091919,47920,47930,10
13.030380249,80.2666931152,47930,47940,10
13.0308799744,80.2667694092,47940,47950,10
13.0313501358,80.2668991089,47950,47960,10
13.0318403244,80.2670898438,47960,47970,10
13.0322799683,80.2673187256,47970,47980,10
13.0327196121,80.2676391602,47980,47990,10
13.0333404541,80.267791748,47990,48021,31
13.0333404541,80.267791748,48021,48031,10
13.0335702896,80.2678375244,48031,48041,10
13.0339403152,80.2679214478,48041,48051,10
13.0341796875,80.2679672241,48051,48061,10
13.0344495773,80.2679977417,48061,48071,10
13.034529686,80.2680206299,48071,48081,10
13.0344800949,80.2681808472,48081,48101,20
13.0344800949,80.2681808472,48101,48111,10
13.0341796875,80.2680206299,48111,48122,11
13.0338096619,80.2679367065,48122,48132,10
13.0333795547,80.2678604126,48132,48142,10
13.0329799652,80.2677764893,48142,48152,10
13.0326004028,80.2676010132,48152,48162,10
13.0322999954,80.2674026489,48162,48172,10
13.0317602158,80.2671508789,48172,48182,10
13.0312004089,80.2669525146,48182,48192,10
13.0306596756,80.2668075562,48192,48202,10
13.0303602219,80.266746521,48202,48212,10
13.0303401947,80.266746521,48212,48222,10
13.0299797058,80.2666778564,48222,48253,31
13.0299797058,80.2666778564,48253,48263,10
13.029540062,80.2666473389,48263,48273,10
13.0293197632,80.2666015625,48273,48283,10
13.029299736,80.2665863037,48283,48293,10
13.028960228,80.2664413452,48293,48303,10
13.0285100937,80.2663574219,48303,48313,10
13.0281496048,80.2662582397,48313,48323,10
13.0278396606,80.2661972046,48323,48334,11
13.0273103714,80.2661437988,48334,48344,10
13.0268697739,80.2660675049,48344,48354,10
13.0267601013,80.2657623291,48354,48475,121
13.026720047,80.2656173706,48475,48586,111
13.0267095566,80.2656173706,48586,49182,596
13.0266599655,80.2656936646,49182,49333,151
13.0265903473,80.2655715942,49333,49414,81
13.0265903473,80.2655715942,49414,49424,10
13.0266599655,80.2656326294,49424,49899,475
13.026550293,80.2654418945,49899,49919,20
13.0264101028,80.2653274536,49919,50061,142
13.0263795853,80.2653427124,50061,50808,747
13.0263795853,80.2653427124,50808,50818,10
13.0263004303,80.2651596069,50818,50828,10
13.0263700485,80.2648620605,50828,50838,10
13.02643013,80.2644424438,50838,50848,10
13.0265102386,80.2640304565,50848,50858,10
13.0265598297,80.2636413574,50858,50868,10
13.0267000198,80.2634277344,50868,50879,11
13.0271596909,80.2635421753,50879,50889,10
13.0277004242,80.2636184692,50889,50899,10
13.0282201767,80.2637634277,50899,50909,10
13.0286502838,80.2638931274,50909,50919,10
13.0290403366,80.2640304565,50919,50928,9
13.0292701721,80.2641677856,50928,50939,11
13.0292797089,80.2645568848,50939,50949,10
13.0292797089,80.2650222778,50949,50960,11
13.0292701721,80.2655715942,50960,50970,10
13.0292396545,80.2660217285,50970,50981,11
13.0291996002,80.2662963867,50981,50991,10
13.0292396545,80.2664794922,50991,51000,9
13.029419899,80.2665481567,51000,51011,11
13.0295600891,80.2666168213,51011,51022,11
13.0300998688,80.2667236328,51022,51032,10
13.0307798386,80.2668228149,51032,51042,10
13.0313997269,80.266998291,51042,51052,10
13.0318098068,80.2671279907,51052,51061,9
13.03221035,80.2672805786,51061,51071,10
13.032500267,80.2674026489,51071,51082,11
13.0326404572,80.2675170898,51082,51093,11
13.0330400467,80.2676696777,51093,51103,10
13.0335197449,80.2678070068,51103,51113,10
13.0340900421,80.2679290771,51113,51123,10
13.0345401764,80.2679824829,51123,51143,20
13.0345401764,80.2679824829,51143,51153,10
13.0345001221,80.2681274414,51153,51163,10
13.0343599319,80.2680282593,51163,51173,10
13.034070015,80.2679595947,51173,51183,10
13.0336799622,80.2678833008,51183,51194,11
13.0332698822,80.2678527832,51194,51232,38
13.0332698822,80.2678527832,51232,51241,9
13.0329303741,80.2677307129,51241,51252,11
13.0325803757,80.2675170898,51252,51261,9
13.0323095322,80.2673797607,51261,51272,11
13.0317602158,80.2671432495,51272,51282,10
13.0312595367,80.2669525146,51282,51293,11
13.0304803848,80.2667770386,51293,51303,10
13.0299701691,80.2667007446,51303,51323,20
13.0299701691,80.2667007446,51323,51332,9
13.0295000076,80.2666397095,51332,51342,10
13.0292196274,80.2665023804,51342,51352,10
13.0287504196,80.2663879395,51352,51362,10
13.0281400681,80.2662582397,51362,51373,11
13.0274400711,80.2661590576,51373,51383,10
13.0269804001,80.2660903931,51383,51394,11
13.0267295837,80.2660598755,51394,51404,10
13.0264501572,80.2660293579,51404,51414,10
13.02602005,80.2658309937,51414,51424,10
13.0254802704,80.2654724121,51424,51444,20
13.0254802704,80.2654724121,51444,51454,10
13.0252304077,80.2653198242,51454,51464,10
13.0250997543,80.2652130127,51464,51474,10
13.0246496201,80.2648696899,51474,51483,9
13.0241603851,80.2645111084,51483,51495,12
13.0236797333,80.2642288208,51495,51505,10
13.0231599808,80.263999939,51505,51515,10
13.0226602554,80.263710022,51515,51525,10
13.0224399567,80.2635879517,51525,51535,10
13.0221595764,80.263458252,51535,51545,10
13.02202034,80.263381958,51545,51555,10
13.0217399597,80.2632369995,51555,51565,10
13.0210800171,80.2630462646,51565,51575,10
13.0203399658,80.2630004883,51575,51585,10
13.0198402405,80.2629470825,51585,51596,11
13.0191802979,80.2629013062,51596,51606,10
13.0189399719,80.2626037598,51606,51616,10
13.0188398361,80.2619171143,51616,51626,10
13.0187196732,80.2613677979,51626,51636,10
13.0183801651,80.2611083984,51636,51646,10
13.0177402496,80.2606887817,51646,51656,10
13.0169897079,80.2601776123,51656,51666,10
13.0161504745,80.2597198486,51666,51686,20
13.0161504745,80.2597198486,51686,51696,10
13.0159101486,80.2595977783,51696,51707,11
13.0152597427,80.2593765259,51707,51717,10
13.0144901276,80.2592926025,51717,51733,16
13.0129203796,80.2592391968,51733,51745,12
13.0116701126,80.2592010498,51745,51754,9
13.0108604431,80.2592010498,51754,51765,11
13.0098400116,80.2592086792,51765,51775,10
13.0090703964,80.2592010498,51775,51785,10
13.008769989,80.2592010498,51785,51795,10
13.0085096359,80.2592086792,51795,51806,11
13.0079898834,80.2592468262,51806,51816,10
13.0074901581,80.2593307495,51816,51826,10
13.0072603226,80.2589492798,51826,51834,8
13.0071697235,80.2586898804,51834,51846,12
13.0069503784,80.2582778931,51846,51856,10
13.0066404343,80.2577972412,51856,51896,40
13.0066404343,80.2577972412,51896,51907,11
13.0065097809,80.25756073,51907,51917,10
13.0064601898,80.2573013306,51917,51927,10
13.0064601898,80.2569122314,51927,51937,10
13.0064401627,80.256362915,51937,51947,10
13.0064601898,80.2556762695,51947,51957,10
13.0065002441,80.2551116943,51957,51967,10
13.0065097809,80.2544021606,51967,51977,10
13.0064897537,80.2531661987,51977,51997,20
13.0064897537,80.2531661987,51997,52007,10
13.0065202713,80.2528381348,52007,52018,11
13.0065698624,80.2522277832,52018,52028,10
13.0067100525,80.2514572144,52028,52044,16
13.0067501068,80.2496185303,52044,52065,21
13.0067501068,80.2496185303,52065,52075,10
13.0067501068,80.2492370605,52075,52086,11
13.0067300797,80.2490234375,52086,52096,10
13.0066900253,80.2487335205,52096,52103,7
13.006649971,80.2483291626,52103,52157,54
13.0066204071,80.2481536865,52157,52187,30
13.0066204071,80.2481536865,52187,52197,10
13.0066003799,80.2479705811,52197,52207,10
13.0066099167,80.2477416992,52207,52218,11
13.0066204071,80.2474136353,52218,52228,10
13.0065803528,80.2464981079,52228,52248,20
13.0065803528,80.2464981079,52248,52258,10
13.0066204071,80.2461395264,52258,52268,10
13.0066204071,80.2456283569,52268,52278,10
13.0066099167,80.2451400757,52278,52288,10
13.0066003799,80.2445373535,52288,52298,10
13.0065803528,80.2440032959,52298,52308,10
13.0065803528,80.2435836792,52308,52319,11
13.0065603256,80.2430114746,52319,52329,10
13.0065498352,80.2422866821,52329,52339,10
13.0065498352,80.2416534424,52339,52349,10
13.0066003799,80.2410430908,52349,52359,10
13.0066404343,80.2407913208,52359,52369,10
13.0066604614,80.2405929565,52369,52379,10
13.0067396164,80.2402191162,52379,52389,10
13.0068998337,80.2395629883,52389,52399,10
13.0070295334,80.2387313843,52399,52409,10
13.0071897507,80.237991333,52409,52420,11
13.007399559,80.2368621826,52420,52450,30
13.007399559,80.2368621826,52450,52460,10
13.0074796677,80.2365493774,52460,52470,10
13.0076198578,80.236000061,52470,52480,10
13.0077800751,80.235168457,52480,52490,10
13.0079803467,80.2342300415,52490,52500,10
13.0081796646,80.2331085205,52500,52510,10
13.0083799362,80.2320175171,52510,52520,10
13.0085897446,80.231010437,52520,52531,11
13.0087995529,80.229888916,52531,52541,10
13.0089902878,80.2289810181,52541,52551,10
13.009180069,80.2281112671,52551,52561,10
13.009519577,80.2273635864,52561,52571,10
13.0098896027,80.2265625,52571,52581,10
13.0102596283,80.2258377075,52581,52591,10
13.0106401443,80.2250900269,52591,52611,20
13.0106401443,80.2250900269,52611,52621,10
13.0107402802,80.2248764038,52621,52632,11
13.0109300613,80.2243728638,52632,52642,10
13.011179924,80.223777771,52642,52652,10
13.0113697052,80.2232437134,52652,52662,10
13.0116195679,80.2226028442,52662,52672,10
13.0119104385,80.2217178345,52672,52682,10
13.0122203827,80.2214126587,52682,52692,10
13.0123996735,80.2216033936,52692,52702,10
13.0127296448,80.222038269,52702,52712,10
13.0131397247,80.2223129272,52712,52722,10
13.0137701035,80.2230606079,52722,52733,11
13.0142803192,80.2237701416,52733,52743,10
13.014840126,80.2243804932,52743,52759,16
13.0154695511,80.224937439,52759,52771,12
13.0154895782,80.2249679565,52771,52781,10
13.0156202316,80.2250900269,52781,52791,10
13.016119957,80.2253112793,52791,52801,10
13.0168104172,80.2251815796,52801,52811,10
13.017660141,80.2248535156,52811,52821,10
13.0185899734,80.2244873047,52821,52832,11
13.0197496414,80.224571228,52832,52862,30
13.0197496414,80.224571228,52862,52871,9
13.0198602676,80.2246704102,52871,52882,11
13.0203104019,80.2250137329,52882,52891,9
13.0208797455,80.2254104614,52891,52901,10
13.0215196609,80.2258911133,52901,52912,11
13.0219202042,80.2261505127,52912,52922,10
13.0219497681,80.2261810303,52922,52933,11
13.0221996307,80.2263793945,52933,52943,10
13.0226297379,80.2267608643,52943,52952,9
13.0231199265,80.2272186279,52952,52963,11
13.0236997604,80.2277374268,52963,52973,10
13.024310112,80.2284469604,52973,52993,20
13.024310112,80.2284469604,52993,53003,10
13.0243797302,80.228553772,53003,53013,10
13.0245800018,80.2288284302,53013,53023,10
13.0249300003,80.2293014526,53023,53034,11
13.0255098343,80.2300491333,53034,53044,10
13.0258798599,80.2307281494,53044,53053,9
13.0260601044,80.2312927246,53053,53064,11
13.0265398026,80.2312088013,53064,53074,10
13.0273704529,80.2310333252,53074,53084,10
13.0280895233,80.2309417725,53084,53094,10
13.0284404755,80.2308883667,53094,53104,10
13.0285902023,80.2308578491,53104,53114,10
13.0291099548,80.2308273315,53114,53135,21
13.0291099548,80.2308273315,53135,53145,10
13.029299736,80.2308197021,53145,53155,10
13.0297203064,80.2307662964,53155,53165,10
13.0302400589,80.2307434082,53165,53175,10
13.0307703018,80.2306976318,53175,53185,10
13.0312995911,80.2306671143,53185,53195,10
13.0319595337,80.2306137085,53195,53205,10
13.032699585,80.2305526733,53205,53215,10
13.033490181,80.2305221558,53215,53225,10
13.0340003967,80.2304763794,53225,53236,11
13.0347099304,80.2303237915,53236,53266,30
13.0347099304,80.2303237915,53266,53276,10
13.0349397659,80.2302627563,53276,53286,10
13.0350704193,80.2301330566,53286,53296,10
13.0351104736,80.2299575806,53296,53306,10
13.0349197388,80.2298278809,53306,53357,51
13.0345697403,80.2297592163,53357,53417,60
13.0345697403,80.2297592163,53417,53427,10
13.034239769,80.2298736572,53427,53629,202
13.034239769,80.2298736572,53629,53639,10
13.0341396332,80.23021698,53639,53650,11
13.0341100693,80.2303619385,53650,53660,10
13.0340003967,80.2304077148,53660,53670,10
13.0336799622,80.2304611206,53670,53680,10
13.0333900452,80.2304611206,53680,53690,10
13.0328798294,80.2305221558,53690,53700,10
13.0322303772,80.2305984497,53700,53710,10
13.0314903259,80.230682373,53710,53720,10
13.0307998657,80.2307434082,53720,53730,10
13.03028965,80.2307662964,53730,53740,10
13.0298900604,80.2308120728,53740,53751,11
13.0298700333,80.2308120728,53751,53761,10
13.0297603607,80.2307662964,53761,53771,10
13.0295600891,80.230796814,53771,53781,10
13.0290803909,80.2308425903,53781,53791,10
13.028459549,80.2309188843,53791,53801,10
13.0278396606,80.2309799194,53801,53811,10
13.0276098251,80.2311401367,53811,53821,10
13.0276699066,80.2316436768,53821,53831,10
13.0277500153,80.2321472168,53831,53842,11
13.0278396606,80.2326583862,53842,53853,11
13.0270996094,80.2329406738,53853,53873,20
13.0270996094,80.2329406738,53873,53883,10
13.0269203186,80.2329864502,53883,53893,10
13.0266199112,80.2330474854,53893,53903,10
13.0263299942,80.2327423096,53903,53913,10
13.0261602402,80.2321166992,53913,53923,10
13.0259895325,80.2314300537,53923,53933,10
13.025759697,80.2306594849,53933,53943,10
13.0251998901,80.2297592163,53943,53954,11
13.0248098373,80.2292861938,53954,53964,10
13.0247602463,80.2292327881,53964,53974,10
13.0245199203,80.2289123535,53974,53984,10
13.0239696503,80.2282714844,53984,54004,20
13.0239696503,80.2282714844,54004,54014,10
13.0239200592,80.2282028198,54014,54024,10
13.0236101151,80.2278289795,54024,54034,10
13.0233001709,80.2275238037,54034,54044,10
13.0230703354,80.2272262573,54044,54055,11
13.0224504471,80.2266464233,54055,54065,10
13.0216903687,80.2260437012,54065,54075,10
13.0208597183,80.2253875732,54075,54085,10
13.0199604034,80.2247924805,54085,54095,10
13.0190200806,80.2244033813,54095,54105,10
13.0180501938,80.2247085571,54105,54115,10
13.0171203613,80.2250976563,54115,54125,10
13.0164804459,80.2253875732,54125,54135,10
13.0163202286,80.2255096436,54135,54145,10
13.0157899857,80.2256774902,54145,54156,11
13.0149297714,80.2259979248,54156,54166,10
13.0143499374,80.2262420654,54166,54176,10
13.0143003464,80.2262573242,54176,54186,10
13.0142297745,80.2262878418,54186,54196,10
13.0138301849,80.2264404297,54196,54206,10
13.0132398605,80.2266769409,54206,54216,10
13.0125198364,80.2269821167,54216,54226,10
13.0116796494,80.2273178101,54226,54236,10
13.0107803345,80.2276611328,54236,54246,10
13.0098695755,80.2280426025,54246,54256,10
13.0091495514,80.2285614014,54256,54267,11
13.0088996887,80.2296676636,54267,54277,10
13.0086803436,80.230796814,54277,54287,10
13.008480072,80.2318725586,54287,54297,10
13.0082998276,80.2328414917,54297,54307,10
13.0082197189,80.2334899902,54307,54317,10
13.0082197189,80.2335205078,54317,54327,10
13.0081195831,80.2337036133,54327,54337,10
13.0080003738,80.2342681885,54337,54347,10
13.0079097748,80.2347564697,54347,54357,10
13.0078296661,80.2351913452,54357,54369,12
13.0076799393,80.2359695435,54369,54379,10
13.007519722,80.2367782593,54379,54389,10
13.0073404312,80.2376937866,54389,54399,10
13.0071601868,80.238609314,54399,54409,10
13.0069999695,80.2394104004,54409,54419,10
13.0069198608,80.239906311,54419,54429,10
13.0068998337,80.2401275635,54429,54439,10
13.0068798065,80.2404098511,54439,54449,10
13.0068798065,80.2404174805,54449,54459,10
13.0068702698,80.2406234741,54459,54470,11
13.0067796707,80.2410964966,54470,54480,10
13.0067195892,80.2417907715,54480,54490,10
13.0067100525,80.2425613403,54490,54500,10
13.0066604614,80.2432022095,54500,54510,10
13.006649971,80.2439193726,54510,54520,10
13.0066795349,80.2445373535,54520,54560,40
13.0066795349,80.2445373535,54560,54571,11
13.0066604614,80.2448577881,54571,54581,10
13.0066604614,80.2452316284,54581,54591,10
13.0066795349,80.2456665039,54591,54601,10
13.0067100525,80.2464294434,54601,54611,10
13.0067195892,80.2472076416,54611,54621,10
13.0066995621,80.2480773926,54621,54631,10
13.0068101883,80.2491836548,54631,54651,20
13.0068101883,80.2491836548,54651,54661,10
13.0068101883,80.2492599487,54661,54672,11
13.0067996979,80.2495574951,54672,54682,10
13.0067796707,80.2499237061,54682,54692,10
13.0067501068,80.250617981,54692,54702,10
13.0067501068,80.2513580322,54702,54712,10
13.0065898895,80.2521209717,54712,54722,10
13.0065402985,80.2528533936,54722,54732,10
13.0065402985,80.2535400391,54732,54742,10
13.0065202713,80.2542572021,54742,54752,10
13.0065498352,80.2548980713,54752,54762,10
13.0065698624,80.255607605,54762,54773,11
13.0065603256,80.2565231323,54773,54783,10
13.0066003799,80.257019043,54783,54823,40
13.0066003799,80.257019043,54823,54833,10
13.0065803528,80.2571792603,54833,54843,10
13.0067596436,80.2576370239,54843,54853,10
13.007060051,80.2581787109,54853,54863,10
13.007610321,80.2585525513,54863,54874,11
13.0077104568,80.2586135864,54874,54884,10
13.007900238,80.2587203979,54884,54893,9
13.0083999634,80.2589263916,54893,54904,11
13.009059906,80.2590179443,54904,54914,10
13.0100402832,80.2590484619,54914,54924,10
13.0111703873,80.2590408325,54924,54934,10
13.0122995377,80.2590637207,54934,54944,10
13.0134401321,80.2591171265,54944,54954,10
13.0146398544,80.2591629028,54954,54964,10
13.0156898499,80.2593078613,54964,54975,11
13.0163497925,80.2596282959,54975,54985,10
13.0163898468,80.2596588135,54985,54995,10
13.0165596008,80.2598114014,54995,55005,10
13.0169000626,80.2600479126,55005,55015,10
13.0175600052,80.2605133057,55015,55025,10
13.0183200836,80.2610321045,55025,55035,10
13.0189199448,80.2615127563,55035,55045,10
13.019490242,80.2620391846,55045,55055,10
13.0200901031,80.262550354,55055,55065,10
13.0207300186,80.2628326416,55065,55076,11
13.0216302872,80.2631378174,55076,55086,10
13.02202034,80.263343811,55086,55096,10
13.0222702026,80.2634887695,55096,55106,10
13.0225801468,80.2636489868,55106,55116,10
13.0228595734,80.2637786865,55116,55126,10
13.0230798721,80.263923645,55126,55136,10
13.0235795975,80.2641906738,55136,55146,10
13.024189949,80.264541626,55146,55156,10
13.0247297287,80.2649765015,55156,55166,10
13.025270462,80.26537323,55166,55177,11
13.0259103775,80.2657623291,55177,55187,10
13.0261802673,80.265838623,55187,55197,10
13.0262804031,80.2655181885,55197,55207,10
13.0263500214,80.2649917603,55207,55217,10
13.0264701843,80.2643814087,55217,55227,10
13.0264902115,80.2641525269,55227,55237,10
13.0265102386,80.2639923096,55237,55247,10
13.026599884,80.2635269165,55247,55257,10
13.0268201828,80.2634429932,55257,55267,10
13.0271701813,80.2634429932,55267,55278,11
13.0277395248,80.2636489868,55278,55294,16
13.0281400681,80.2637481689,55294,55306,12
13.0284900665,80.2638397217,55306,55315,9
13.0289497375,80.2639694214,55315,55327,12
13.0292301178,80.2643966675,55327,55337,10
13.029299736,80.2648162842,55337,55347,10
13.0293302536,80.265296936,55347,55357,10
13.0292797089,80.2660827637,55357,55408,51
13.0291500092,80.2664108276,55408,55428,20
13.0291500092,80.2664108276,55428,55438,10
13.0292396545,80.2665023804,55438,55448,10
13.0296001434,80.2665634155,55448,55458,10
13.0303297043,80.2666702271,55458,55468,10
13.0310201645,80.2668228149,55468,55478,10
13.0316495895,80.2670593262,55478,55489,11
13.0322799683,80.2673568726,55489,55499,10
13.0325098038,80.2675018311,55499,55509,10
13.0328197479,80.2677001953,55509,55519,10
13.0331897736,80.267791748,55519,55529,10
13.0335197449,80.2678375244,55529,55539,10
13.033539772,80.2678527832,55539,55549,10
13.0337400436,80.2679367065,55549,55559,10
13.0341997147,80.2680206299,55559,55569,10
13.0345001221,80.2680206299,55569,55579,10
13.0344495773,80.268157959,55579,55600,21
13.0344495773,80.268157959,55600,55610,10
13.0342302322,80.2680130005,55610,55620,10
13.0338001251,80.2679290771,55620,55630,10
13.0334396362,80.2678833008,55630,57054,1424
13.0334396362,80.2678833008,57054,57064,10
13.0332603455,80.2678604126,57064,57074,10
13.032959938,80.267791748,57074,57084,10
13.0327796936,80.2677307129,57084,57094,10
13.0326595306,80.2676391602,57094,57104,10
13.0324602127,80.2674636841,57104,57115,11
13.0319404602,80.2672195435,57115,57125,10
13.0313796997,80.2670211792,57125,57135,10
13.0308599472,80.2668991089,57135,57145,10
13.0303602219,80.2667922974,57145,57155,10
13.0297803879,80.2667007446,57155,57174,19
13.0297803879,80.2667007446,57174,57185,11
13.0295295715,80.2666320801,57185,57195,10
13.029299736,80.2665863037,57195,57205,10
13.0289001465,80.2664108276,57205,57216,11
13.0281801224,80.2662811279,57216,57226,10
13.0274801254,80.2661819458,57226,57235,9
13.0268201828,80.2660980225,57235,57246,11
13.0260801315,80.2658920288,57246,57256,10
13.0254898071,80.2655334473,57256,57266,10
13.0252304077,80.2653579712,57266,57276,10
13.0251998901,80.2652893066,57276,57286,10
13.0249099731,80.2650680542,57286,57296,10
13.0244398117,80.2647018433,57296,57306,10
13.0238304138,80.2643432617,57306,57317,11
13.0231895447,80.2639923096,57317,57327,10
13.0225696564,80.2636871338,57327,57336,9
13.0221004486,80.2634735107,57336,57346,10
13.0220804214,80.263458252,57346,57357,11
13.0219402313,80.263381958,57357,57367,10
13.0214595795,80.2631607056,57367,57377,10
13.0206098557,80.2630691528,57377,57387,10
13.019900322,80.2630233765,57387,57397,10
13.0192203522,80.2629470825,57397,57407,10
13.0189304352,80.2627105713,57407,57418,11
13.0187997818,80.2620391846,57418,57428,10
13.0187397003,80.2617416382,57428,57438,10
13.0187501907,80.2616119385,57438,57448,10
13.0187196732,80.2614212036,57448,57458,10
13.0184602737,80.2611618042,57458,57468,10
13.017999649,80.260848999,57468,57478,10
13.017370224,80.2604370117,57478,57488,10
13.0166797638,80.2599868774,57488,57498,10
13.0160799026,80.2596893311,57498,57508,10
13.0160503387,80.2596817017,57508,57519,11
13.0159397125,80.2596282959,57519,57535,16
13.0150098801,80.2593612671,57535,57547,12
13.0140695572,80.2593002319,57547,57557,10
13.013299942,80.2592697144,57557,57567,10
13.0122003555,80.259262085,57567,57577,10
13.011059761,80.2592086792,57577,57587,10
13.0101900101,80.259262085,57587,57597,10
13.009349823,80.2592315674,57597,57607,10
13.0087900162,80.2592163086,57607,57618,11
13.0084104538,80.2592163086,57618,57628,10
13.0077695847,80.2593612671,57628,57638,10
13.0073404312,80.2592010498,57638,57647,9
13.0071697235,80.2587509155,57647,57658,11
13.0071601868,80.2587127686,57658,57668,10
13.0069799423,80.2583694458,57668,57677,9
13.0066204071,80.2577514648,57677,57708,31
13.0066204071,80.2577514648,57708,57719,11
13.006480217,80.2574310303,57719,57729,10
13.006480217,80.2571716309,57729,57739,10
13.0064697266,80.2566070557,57739,57749,10
13.0064601898,80.255821228,57749,57759,10
13.0064897537,80.2551727295,57759,57769,10
13.0065002441,80.2545928955,57769,57779,10
13.006480217,80.2539901733,57779,57789,10
13.006480217,80.2539215088,57789,57799,10
13.0065002441,80.2537231445,57799,57809,10
13.0065202713,80.2533569336,57809,57869,60
13.0064897537,80.2531280518,57869,57900,31
13.0064897537,80.2531280518,57900,57910,10
13.0065202713,80.2528610229,57910,57921,11
13.0065402985,80.2524185181,57921,57931,10
13.0065803528,80.2520523071,57931,58001,70
13.0065803528,80.2520523071,58001,58011,10
13.0066604614,80.2516021729,58011,58021,10
13.0067195892,80.2508621216,58021,58032,11
13.0067100525,80.2499084473,58032,58042,10
13.0066995621,80.2496185303,58042,58052,10
13.0067195892,80.2493972778,58052,58062,10
13.0066795349,80.2487564087,58062,58072,10
13.0066299438,80.2481918335,58072,58153,81
13.0066299438,80.2481918335,58153,58163,10
13.0066404343,80.2480392456,58163,58173,10
13.0066299438,80.2476501465,58173,58183,10
13.0066404343,80.2472229004,58183,58193,10
13.0065803528,80.2467498779,58193,58203,10
13.0065803528,80.2467269897,58203,58213,10
13.0065603256,80.2466583252,58213,58224,11
13.0066204071,80.2462081909,58224,58234,10
13.0066099167,80.2455596924,58234,58244,10
13.0066099167,80.2449417114,58244,58254,10
13.0066299438,80.2443466187,58254,58264,10
13.0066204071,80.2440490723,58264,58274,10
13.0066003799,80.2434921265,58274,58284,10
13.0065698624,80.2428970337,58284,58294,10
13.0065603256,80.242149353,58294,58304,10
13.0065498352,80.2416381836,58304,58314,10
13.0065603256,80.2415390015,58314,58325,11
13.0066003799,80.2411193848,58325,58335,10
13.006649971,80.2405929565,58335,58375,40
13.006649971,80.2405929565,58375,58385,10
13.0066900253,80.2404022217,58385,58395,10
13.006770134,80.2399902344,58395,58405,10
13.0068998337,80.2393188477,58405,58415,10
13.007060051,80.2385025024,58415,58425,10
13.0072402954,80.2376937866,58425,58436,11
13.007349968,80.2369308472,58436,58446,10
13.0073604584,80.2368774414,58446,58456,10
13.0073900223,80.2368011475,58456,58466,10
13.0075101852,80.2364807129,58466,58476,10
13.0076398849,80.2358398438,58476,58486,10
13.007809639,80.2350234985,58486,58496,10
13.0079803467,80.234161377,58496,58506,10
13.0082397461,80.2328872681,58506,58516,10
13.008480072,80.2316665649,58516,58526,10
13.0087099075,80.2304611206,58526,58537,11
13.0089702606,80.2291717529,58537,58547,10
13.00922966,80.2280807495,58547,58557,10
13.0096597672,80.2270889282,58557,58567,10
13.0101203918,80.2261123657,58567,58577,10
13.0104103088,80.2255325317,58577,58587,10
13.0104904175,80.2253570557,58587,58597,10
13.0107603073,80.2248382568,58597,58617,20
13.0107603073,80.2248382568,58617,58627,10
13.0108604431,80.2245407104,58627,58638,11
13.0110998154,80.2239990234,58638,58648,10
13.0112495422,80.2236404419,58648,58658,10
13.0113401413,80.2234191895,58658,58668,10
13.0115604401,80.2228469849,58668,58678,10
13.0119104385,80.222038269,58678,58688,10
13.0122404099,80.2215423584,58688,58698,10
13.0124902725,80.2218017578,58698,58708,10
13.0129499435,80.2223205566,58708,58718,10
13.0135097504,80.2229614258,58718,58728,10
13.0140695572,80.2236175537,58728,58739,11
13.0145301819,80.2241287231,58739,58749,10
13.0151100159,80.2247314453,58749,58765,16
13.015370369,80.2249298096,58765,58777,12
13.0156202316,80.225151062,58777,58785,8
13.015999794,80.2253723145,58785,58796,11
13.0167398453,80.2252426147,58796,58807,11
13.0177698135,80.2248382568,58807,58817,10
13.0187101364,80.2244796753,58817,58827,10
13.0196800232,80.2245025635,58827,58848,21
13.0196800232,80.2245025635,58848,58858,10
13.0197896957,80.2245483398,58858,58867,9
13.0200796127,80.2247695923,58867,58878,11
13.0205698013,80.2251205444,58878,58887,9
13.0210895538,80.2255020142,58887,58898,11
13.0216503143,80.2259216309,58898,58908,10
13.0219802856,80.2261505127,58908,58918,10
13.0220804214,80.2262496948,58918,58928,10
13.0224704742,80.2266082764,58928,58939,11
13.0231103897,80.2272109985,58939,58949,10
13.0236997604,80.2277832031,58949,58959,10
13.0242996216,80.2284088135,58959,58999,40
13.0242996216,80.2284088135,58999,59009,10
13.0243797302,80.2284927368,59009,59019,10
13.0246200562,80.2288513184,59019,59029,10
13.0250597,80.2294692993,59029,59039,10
13.025560379,80.230140686,59039,59050,11
13.0258998871,80.2307815552,59050,59060,10
13.02602005,80.2311325073,59060,59070,10
13.0262804031,80.2313690186,59070,59080,10
13.0269298553,80.2312164307,59080,59090,10
13.0277500153,80.231048584,59090,59100,10
13.0283203125,80.2309494019,59100,59110,10
13.0284099579,80.2309265137,59110,59120,10
13.0287904739,80.2309188843,59120,59140,20
13.0287904739,80.2309188843,59140,59151,11
13.0289802551,80.2308883667,59151,59161,10
13.0292301178,80.2308578491,59161,59181,20
13.0293397903,80.2308578491,59181,59221,40
13.0293397903,80.2308578491,59221,59231,10
13.0296802521,80.2308120728,59231,59241,10
13.0303001404,80.2307662964,59241,59252,11
13.0306301117,80.2307510376,59252,59262,10
13.0308198929,80.2307128906,59262,59272,10
13.0311899185,80.2306976318,59272,59282,10
13.0319004059,80.2306518555,59282,59292,10
13.0327100754,80.2305831909,59292,59302,10
13.0335197449,80.230506897,59302,59312,10
13.0340499878,80.2304611206,59312,59342,30
13.0340499878,80.2304611206,59342,59353,11
13.0340595245,80.2303695679,59353,59363,10
13.0343904495,80.2303619385,59363,59373,10
13.0347604752,80.2303085327,59373,59454,81
13.0347604752,80.2303085327,59454,59464,10
13.0348796844,80.2303009033,59464,59474,10
13.0349397659,80.2300567627,59474,59534,60
13.0349397659,80.2300567627,59534,59544,10
13.0345602036,80.2300186157,59544,61070,1526
13.0342102051,80.2300109863,61070,61130,60
13.0342102051,80.2300109863,61130,61140,10
13.0341396332,80.2303466797,61140,61160,20
13.0341396332,80.2303466797,61160,61171,11
13.0340003967,80.2304763794,61171,61181,10
13.0337095261,80.230506897,61181,61191,10
13.0334997177,80.2305297852,61191,61201,10
13.0334396362,80.2305374146,61201,61211,10
13.0329904556,80.2305603027,61211,61221,10
13.0323801041,80.2306137085,61221,61231,10
13.0317296982,80.2306671143,61231,61241,10
13.031080246,80.23072052,61241,61251,10
13.0309801102,80.2307281494,61251,61261,10
13.0309200287,80.2307281494,61261,61271,10
13.0305204391,80.230758667,61271,61282,11
13.0298595428,80.2308273315,61282,61292,10
13.0297498703,80.2308425903,61292,61302,10
13.0294399261,80.2308425903,61302,61312,10
13.0288600922,80.2308883667,61312,61322,10
13.0280704498,80.23097229,61322,61332,10
13.027680397,80.2310714722,61332,61342,10
13.0277004242,80.2315597534,61342,61352,10
13.0277795792,80.2322006226,61352,61362,10
13.0278701782,80.2327575684,61362,61373,11
13.0270795822,80.2329406738,61373,61393,20
13.0270795822,80.2329406738,61393,61403,10
13.026889801,80.2329711914,61403,61413,10
13.026550293,80.2329864502,61413,61423,10
13.0263299942,80.2326583862,61423,61433,10
13.0262098312,80.2323303223,61433,61443,10
13.0261001587,80.2319107056,61443,61453,10
13.0259799957,80.2314682007,61453,61463,10
13.0258302689,80.2308807373,61463,61473,10
13.0254802704,80.230178833,61473,61484,11
13.0248003006,80.2292861938,61484,61504,20
13.0248003006,80.2292861938,61504,61514,10
13.0247802734,80.2292633057,61514,61524,10
13.0245599747,80.2289581299,61524,61534,10
13.0242595673,80.2285766602,61534,61544,10
13.024020195,80.2283172607,61544,61554,10
13.0240001678,80.2283096313,61554,61570,16
13.0237798691,80.2280578613,61570,61583,13
13.0232896805,80.2275466919,61583,61591,8
13.0229597092,80.2272186279,61591,61601,10
13.0224599838,80.2267608643,61601,61613,12
13.0218200684,80.2262268066,61613,61622,9
13.0213298798,80.2258377075,61622,61633,11
13.0207004547,80.2253494263,61633,61643,10
13.0200195313,80.2248764038,61643,61653,10
13.0192203522,80.2244720459,61653,61662,9
13.0183897018,80.2246170044,61662,61673,11
13.0174198151,80.2250213623,61673,61684,11
13.0166501999,80.2253417969,61684,61694,10
13.0162200928,80.2255172729,61694,61704,10
13.0157299042,80.225692749,61704,61714,10
13.015370369,80.2258529663,61714,61724,10
13.014960289,80.226020813,61724,61734,10
13.0146198273,80.2261734009,61734,61744,10
13.0145597458,80.2261886597,61744,61754,10
13.0144996643,80.2262115479,61754,61764,10
13.0144100189,80.2262420654,61764,61774,10
13.0143003464,80.2262802124,61774,61785,11
13.0138101578,80.2264709473,61785,61795,10
13.0131998062,80.2266998291,61795,61805,10
13.0125198364,80.2269592285,61805,61815,10
13.0116996765,80.2272872925,61815,61825,10
13.010840416,80.2276306152,61825,61835,10
13.0099697113,80.2279815674,61835,61845,10
13.0091896057,80.2284622192,61845,61855,10
13.0089502335,80.2294387817,61855,61865,10
13.0087203979,80.2305908203,61865,61875,10
13.0085401535,80.2316665649,61875,61886,11
13.0083398819,80.2327804565,61886,61896,10
13.0082702637,80.2334823608,61896,61905,9
13.0082597733,80.2335128784,61905,61915,10
13.0082302094,80.2335968018,61915,61926,11
13.0081195831,80.2340011597,61926,61936,10
13.0079898834,80.2345504761,61936,61946,10
13.0079298019,80.23487854,61946,61956,10
13.0078496933,80.2352828979,61956,61966,10
13.0077400208,80.2357711792,61966,61976,10
13.007610321,80.2364807129,61976,61987,11
13.0074100494,80.237449646,61987,61997,10
13.0072402954,80.2383117676,61997,62007,10
13.0071001053,80.2390899658,62007,62017,10
13.0069999695,80.2399215698,62017,62067,50
13.0069999695,80.2399215698,62067,62077,10
13.0069599152,80.2401580811,62077,62088,11
13.006939888,80.2405471802,62088,62098,10
13.0068902969,80.2408065796,62098,62108,10
13.0068597794,80.2409133911,62108,62118,10
13.0067901611,80.2413406372,62118,62128,10
13.0067501068,80.2420806885,62128,62138,10
13.0067300797,80.2429504395,62138,62148,10
13.0067195892,80.2438201904,62148,62158,10
13.0067195892,80.244682312,62158,62168,10
13.0067195892,80.2452011108,62168,62209,41
13.0067195892,80.2452011108,62209,62219,10
13.0067396164,80.2456207275,62219,62229,10
13.0067501068,80.2460479736,62229,62239,10
13.0067596436,80.2465820313,62239,62249,10
13.006770134,80.2472381592,62249,62259,10
13.0067396164,80.2480773926,62259,62269,10
13.0067996979,80.248840332,62269,62279,10
13.0068798065,80.249420166,62279,62290,11
13.0068902969,80.2495269775,62290,62300,10
13.0068998337,80.2495727539,62300,62310,10
13.0068998337,80.2499694824,62310,62320,10
13.0068702698,80.2502975464,62320,62330,10
13.0068597794,80.2502975464,62330,62340,10
13.0068597794,80.25050354,62340,62350,10
13.0068702698,80.2507400513,62350,62360,10
13.0068702698,80.2507629395,62360,62370,10
13.0068702698,80.2509384155,62370,62380,10
13.0068702698,80.2510070801,62380,62391,11
13.0068702698,80.2511901855,62391,62401,10
13.0068597794,80.2512588501,62401,62411,10
13.006819725,80.2515182495,62411,62441,30
13.006819725,80.2515182495,62441,62451,10
13.0067796707,80.2516326904,62451,62461,10
13.0066795349,80.2520217896,62461,62471,10
13.0065803528,80.2526702881,62471,62481,10
13.0065698624,80.253326416,62481,62491,10
13.0065803528,80.2541275024,62491,62502,11
13.0066299438,80.2550430298,62502,62512,10
13.006649971,80.255897522,62512,62522,10
13.0066604614,80.2566223145,62522,62532,10
13.0066795349,80.2570419312,62532,62542,10
13.0067901611,80.2575836182,62542,62552,10
13.0071001053,80.2582168579,62552,62562,10
13.0077199936,80.258682251,62562,62582,20
13.0077199936,80.258682251,62582,62593,11
13.0080900192,80.2588424683,62593,62603,10
13.0085897446,80.2590103149,62603,62613,10
13.0090703964,80.2591094971,62613,62623,10
13.0097103119,80.2591094971,62623,62633,10
13.0106201172,80.2591323853,62633,62643,10
13.0115995407,80.2591018677,62643,62653,10
13.0125598907,80.2591323853,62653,62663,10
13.0136203766,80.2591629028,62663,62673,10
13.0145998001,80.2591781616,62673,62683,10
13.0155296326,80.2592773438,62683,62693,10
13.0164604187,80.2597198486,62693,62714,21
13.0164604187,80.2597198486,62714,62724,10
13.016699791,80.2599411011,62724,62734,10
13.0171804428,80.2602462769,62734,62750,16
13.0181398392,80.2609024048,62750,62762,12
13.018699646,80.2612915039,62762,62770,8
13.0190200806,80.2615814209,62770,62782,12
13.0194702148,80.2619934082,62782,62792,10
13.0201997757,80.2626419067,62792,62823,31
13.0201997757,80.2626419067,62823,62832,9
13.0204801559,80.2627563477,62832,62842,10
13.0210800171,80.2629623413,62842,62853,11
13.0217695236,80.2632293701,62853,62863,10
13.0223197937,80.2634887695,62863,62904,41
13.0223197937,80.2634887695,62904,62914,10
13.0230302811,80.2638778687,62914,62934,20
13.0230302811,80.2638778687,62934,62944,10
13.0231895447,80.2639770508,62944,62954,10
13.0236597061,80.2642364502,62954,62964,10
13.0242500305,80.2645797729,62964,62974,10
13.0247602463,80.2649612427,62974,62984,10
13.0252799988,80.2653503418,62984,62994,10
13.0259599686,80.2657775879,62994,63006,12
13.0263595581,80.2657775879,63006,63016,10
13.0263996124,80.2651977539,63016,63026,10
13.0264701843,80.2645263672,63026,63036,10
13.0265197754,80.2639694214,63036,63056,20
13.0265197754,80.2639694214,63056,63066,10
13.0265703201,80.2635803223,63066,63076,10
13.0267801285,80.2634277344,63076,63085,9
13.0272502899,80.2635192871,63085,63095,10
13.0278100967,80.263633728,63095,63107,12
13.0282802582,80.2637786865,63107,63117,10
13.028380394,80.2638168335,63117,63127,10
13.0287399292,80.2639083862,63127,63137,10
13.0292196274,80.2640304565,63137,63147,10
13.0293102264,80.2643966675,63147,63157,10
13.029299736,80.2649383545,63157,63167,10
13.0293197632,80.2655410767,63167,63177,10
13.0292701721,80.2659988403,63177,63187,10
13.0292701721,80.2660064697,63187,63197,10
13.0292701721,80.26612854,63197,63208,11
13.0291996002,80.2664108276,63208,63218,10
13.0291996002,80.266418457,63218,63228,10
13.0294799805,80.2666015625,63228,63238,10
13.0299901962,80.2666320801,63238,63248,10
13.0307302475,80.2667922974,63248,63264,16
13.0318098068,80.2671737671,63264,63276,12
13.0323801041,80.2674102783,63276,63284,8
13.0326404572,80.267578125,63284,63296,12
13.0335798264,80.2678604126,63296,63347,51
13.0335798264,80.2678604126,63347,63357,10
13.0338602066,80.2679672241,63357,63367,10
13.0345697403,80.2680282593,63367,63451,84
13.0345697403,80.2680282593,63451,63461,10
13.0342903137,80.2680587769,63461,63471,10
13.0338897705,80.2679672241,63471,63481,10
13.0332899094,80.2678375244,63481,63501,20
13.0332899094,80.2678375244,63501,63511,10
13.0330200195,80.2677307129,63511,63522,11
13.0326595306,80.2676086426,63522,63532,10
13.0325298309,80.2674789429,63532,63542,10
13.0323095322,80.2673492432,63542,63552,10
13.0318698883,80.2671432495,63552,63562,10
13.0312900543,80.2668609619,63562,63572,10
13.0306596756,80.2667236328,63572,63582,10
13.0300998688,80.2666702271,63582,63592,10
13.029800415,80.2666473389,63592,63602,10
13.0296697617,80.2666168213,63602,63613,11
13.0293397903,80.2665405273,63613,63623,10
13.0291500092,80.266456604,63623,63634,11
13.0286598206,80.2663192749,63634,63644,10
13.0280799866,80.266242981,63644,63654,10
13.0274095535,80.2661209106,63654,63664,10
13.0264196396,80.2659988403,63664,63704,40
13.0264196396,80.2659988403,63704,63715,11
13.0260696411,80.265838623,63715,63725,10
13.0256700516,80.2655792236,63725,63735,10
13.0252799988,80.2653427124,63735,63745,10
13.0252599716,80.2653274536,63745,63755,10
13.0250797272,80.2651519775,63755,63765,10
13.024720192,80.2648925781,63765,63775,10
13.0240898132,80.2644729614,63775,63785,10
13.0235204697,80.2640991211,63785,63795,10
13.0228099823,80.263710022,63795,63805,10
13.0222101212,80.2634429932,63805,63816,11
13.0221700668,80.2634277344,63816,63826,10
13.0220298767,80.2633590698,63826,63835,9
13.0217599869,80.2632064819,63835,63846,11
13.0209503174,80.2630233765,63846,63856,10
13.0202598572,80.2630004883,63856,63866,10
13.019659996,80.2629623413,63866,63876,10
13.0191001892,80.2629013062,63876,63886,10
13.0189199448,80.2623977661,63886,63896,10
13.0188102722,80.2616882324,63896,63906,10
13.0184698105,80.2612075806,63906,63917,11
13.0179901123,80.2609024048,63917,63927,10
13.0177097321,80.2607116699,63927,63937,10
13.0174703598,80.260559082,63937,63947,10
13.0172195435,80.2603683472,63947,63957,10
13.016960144,80.2601699829,63957,63967,10
13.0160799026,80.2596817017,63967,63987,20
13.0160799026,80.2596817017,63987,63997,10
13.0157604218,80.2595291138,63997,64007,10
13.0151100159,80.2593383789,64007,64018,11
13.0142202377,80.2592773438,64018,64028,10
13.0132398605,80.2592468262,64028,64038,10
13.0122900009,80.2592086792,64038,64048,10
13.0113697052,80.2591781616,64048,64058,10
13.0105400085,80.2592163086,64058,64068,10
13.0099401474,80.2592468262,64068,64078,10
13.0098495483,80.2592468262,64078,64088,10
13.0093698502,80.2592468262,64088,64098,10
13.0088396072,80.259262085,64098,64108,10
13.0084695816,80.2592391968,64108,64119,11
13.0077400208,80.2593994141,64119,64129,10
13.0073299408,80.2591171265,64129,64139,10
13.0071697235,80.2587585449,64139,64149,10
13.0070800781,80.2585601807,64149,64159,10
13.0068397522,80.258140564,64159,64169,10
13.0065803528,80.2577514648,64169,64250,81
13.0065803528,80.2577514648,64250,64260,10
13.0064401627,80.2576522827,64260,64270,10
13.0064201355,80.2573623657,64270,64280,10
13.0064601898,80.2571182251,64280,64290,10
13.006480217,80.256729126,64290,64300,10
13.0065002441,80.2560806274,64300,64310,10
13.0065097809,80.2553863525,64310,64321,11
13.0065202713,80.2546234131,64321,64331,10
13.0065097809,80.2540817261,64331,64341,10
13.0065202713,80.2535400391,64341,64351,10
13.0065202713,80.2532119751,64351,64361,10
13.0065002441,80.2531585693,64361,64371,10
13.0065002441,80.2525863647,64371,64401,30
13.0065002441,80.2525863647,64401,64411,10
13.0065498352,80.2522888184,64411,64422,11
13.0066604614,80.2518234253,64422,64674,252
13.0067100525,80.251663208,64674,64937,263
13.0067100525,80.251663208,64937,64947,10
13.006770134,80.2511672974,64947,65048,101
13.0067996979,80.2509307861,65048,65149,101
13.0067996979,80.2509307861,65149,65159,10
13.0067501068,80.2506866455,65159,65169,10
13.0067300797,80.250213623,65169,65179,10
13.0066995621,80.2496337891,65179,65199,20
13.0066995621,80.2496337891,65199,65209,10
13.0067195892,80.2495498657,65209,65219,10
13.0066995621,80.249168396,65219,65240,21
13.0066995621,80.249168396,65240,65250,10
13.0066995621,80.2489929199,65250,65260,10
13.0066795349,80.2487182617,65260,65270,10
13.0066699982,80.2484588623,65270,65351,81
13.0066699982,80.2484588623,65351,65361,10
13.0066404343,80.2482681274,65361,65371,10
13.0066404343,80.2478790283,65371,65381,10
13.006649971,80.2474517822,65381,65391,10
13.0066299438,80.2469024658,65391,65411,20
13.0065698624,80.2467422485,65411,65492,81
13.0066204071,80.2463531494,65492,65532,40
13.0066204071,80.2463531494,65532,65543,11
13.0065803528,80.2459182739,65543,65553,10
13.0065803528,80.2456893921,65553,65573,20
13.0065803528,80.2456893921,65573,65583,10
13.0066003799,80.2455062866,65583,65593,10
13.0066099167,80.2453308105,65593,65603,10
13.0066099167,80.2451629639,65603,65613,10
13.0066003799,80.244972229,65613,65623,10
13.0066003799,80.2446975708,65623,65654,31
13.0066003799,80.2446975708,65654,65664,10
13.0066204071,80.2440414429,65664,65674,10
13.0066003799,80.2434005737,65674,65684,10
13.0065803528,80.2426071167,65684,65694,10
13.0065603256,80.2418365479,65694,65704,10
13.0065603256,80.2416915894,65704,65714,10
13.0065603256,80.2415771484,65714,65724,10
13.0065803528,80.2413024902,65724,65734,10
13.0066003799,80.2410202026,65734,65745,11
13.0067300797,80.240562439,65745,65755,10
13.0068798065,80.2397613525,65755,65765,10
13.0070400238,80.238822937,65765,65775,10
13.0071601868,80.2380981445,65775,65785,10
13.0072898865,80.2375564575,65785,65795,10
13.0073795319,80.2369918823,65795,65835,40
13.0073795319,80.2369918823,65835,65846,11
13.0074501038,80.2367630005,65846,65856,10
13.007519722,80.2364807129,65856,65866,10
13.007610321,80.2360534668,65866,65876,10
13.0077199936,80.2354812622,65876,65886,10
13.0078802109,80.2347717285,65886,65896,10
13.008020401,80.2341003418,65896,65906,10
13.0082302094,80.2329864502,65906,65916,10
13.0084104538,80.2320175171,65916,65926,10
13.0085897446,80.2310409546,65926,65936,10
13.0087795258,80.2300720215,65936,65946,10
13.0089797974,80.229133606,65946,65957,11
13.0092000961,80.2281570435,65957,65968,11
13.0095796585,80.2273635864,65968,65978,10
13.0099697113,80.2265014648,65978,65988,10
13.0101995468,80.2260971069,65988,65998,10
13.0103597641,80.2257766724,65998,66008,10
13.0104904175,80.2254867554,66008,66018,10
13.0105800629,80.2252807617,66018,66028,10
13.010720253,80.2249679565,66028,66038,10
13.0108203888,80.2246932983,66038,66049,11
13.0109901428,80.2243728638,66049,66059,10
13.0110197067,80.2242736816,66059,66069,10
13.0111999512,80.223777771,66069,66079,10
13.011469841,80.2230834961,66079,66089,10
13.011759758,80.2222671509,66089,66099,10
13.0121097565,80.2215499878,66099,66109,10
13.0123996735,80.2217025757,66109,66119,10
13.0128097534,80.2221908569,66119,66129,10
13.0132303238,80.2226486206,66129,66139,10
13.0136699677,80.2231216431,66139,66150,11
13.0140104294,80.2234725952,66150,66160,10
13.0141897202,80.2236862183,66160,66170,10
13.0144300461,80.2240524292,66170,66180,10
13.0148601532,80.2245178223,66180,66190,10
13.0152301788,80.2248382568,66190,66200,10
13.0155296326,80.2250366211,66200,66210,10
13.0155601501,80.2250595093,66210,66220,10
13.0156698227,80.2251281738,66220,66230,10
13.015999794,80.2253417969,66230,66240,10
13.0165596008,80.2253265381,66240,66251,11
13.0172796249,80.2250595093,66251,66261,10
13.0179595947,80.2247772217,66261,66270,9
13.0185003281,80.2245635986,66270,66281,11
13.0191001892,80.2243881226,66281,66291,10
13.0196304321,80.2244873047,66291,66311,20
13.0196304321,80.2244873047,66311,66321,10
13.0197095871,80.2245330811,66321,66331,10
13.0199604034,80.2247009277,66331,66342,11
13.0204696655,80.2250900269,66342,66352,10
13.0209999084,80.2254562378,66352,66362,10
13.0214996338,80.2258529663,66362,66372,10
13.0219697952,80.2261810303,66372,66382,10
13.0220098495,80.2262115479,66382,66392,10
13.0220403671,80.2262573242,66392,66402,10
13.022359848,80.2265396118,66402,66412,10
13.0228395462,80.2269668579,66412,66422,10
13.0233602524,80.2274475098,66422,66432,10
13.0238199234,80.2278823853,66432,66442,10
13.0242004395,80.2282791138,66442,66453,11
13.0245304108,80.2287521362,66453,66463,10
13.0248699188,80.2292404175,66463,66473,10
13.0251398087,80.2295532227,66473,66523,50
13.0251398087,80.2295532227,66523,66533,10
13.0253696442,80.2298202515,66533,66543,10
13.0254602432,80.2299423218,66543,66560,17
13.0256700516,80.2302703857,66560,66572,12
13.0257997513,80.2305603027,66572,66581,9
13.0258903503,80.2307891846,66581,66592,11
13.0259799957,80.2311096191,66592,66642,50
13.0259799957,80.2311096191,66642,66652,10
13.0261602402,80.2314224243,66652,66663,11
13.0267696381,80.231262207,66663,66673,10
13.0275802612,80.2310714722,66673,66683,10
13.0283203125,80.23097229,66683,66693,10
13.0284404755,80.2309570313,66693,66703,10
13.0284900665,80.2309494019,66703,66713,10
13.0291795731,80.2309188843,66713,66754,41
13.0291795731,80.2309188843,66754,66764,10
13.0292596817,80.2309188843,66764,66774,10
13.0295200348,80.2308807373,66774,66784,10
13.0300397873,80.2308273315,66784,66794,10
13.0305595398,80.230796814,66794,66804,10
13.030960083,80.230758667,66804,66814,10
13.0316400528,80.2307128906,66814,66824,10
13.0323295593,80.2306594849,66824,66834,10
13.0330696106,80.2305908203,66834,66844,10
13.0337600708,80.2305526733,66844,66855,11
13.0342502594,80.230506897,66855,66866,11
13.034740448,80.2303771973,66866,66876,10
13.0349397659,80.2302322388,66876,66926,50
13.0349397659,80.2302322388,66926,66936,10
13.0350799561,80.2300109863,66936,66946,10
13.034740448,80.2298431396,66946,67017,71
13.034740448,80.2298431396,67017,67027,10
13.0344104767,80.2297973633,67027,67320,293
13.0344104767,80.2297973633,67320,67330,10
13.0342102051,80.2299575806,67330,67401,71
13.0342102051,80.2299575806,67401,67411,10
13.0341501236,80.2303390503,67411,67421,10
13.0340204239,80.2304992676,67421,67431,10
13.0335197449,80.2305526733,67431,67451,20
13.0335197449,80.2305526733,67451,67462,11
13.0331602097,80.2305984497,67462,67472,10
13.0327100754,80.2305984497,67472,67482,10
13.0322198868,80.2306518555,67482,67492,10
13.0318698883,80.2306900024,67492,67502,10
13.0314798355,80.23072052,67502,67512,10
13.0308504105,80.2307815552,67512,67522,10
13.0304098129,80.2308120728,67522,67532,10
13.0298299789,80.2308578491,67532,67542,10
13.029800415,80.2308578491,67542,67552,10
13.0296297073,80.2308807373,67552,67563,11
13.0290899277,80.2309188843,67563,67573,10
13.0284404755,80.2309570313,67573,67583,10
13.0278301239,80.2310409546,67583,67593,10
13.0276699066,80.2312393188,67593,67603,10
13.0277204514,80.2317962646,67603,67612,9
13.0278100967,80.2323608398,67612,67623,11
13.0278100967,80.2328720093,67623,67633,10
13.0271997452,80.2329788208,67633,67643,10
13.0268201828,80.2330474854,67643,67684,41
13.0268201828,80.2330474854,67684,67694,10
13.0267000198,80.2330932617,67694,67704,10
13.0264196396,80.2330169678,67704,67714,10
13.0263299942,80.2327804565,67714,67724,10
13.0262699127,80.2325668335,67724,67734,10
13.0261898041,80.2323226929,67734,67744,10
13.0261201859,80.2320022583,67744,67754,10
13.0260400772,80.2316970825,67754,67765,11
13.0259304047,80.2312393188,67765,67775,10
13.0256996155,80.2305984497,67775,67785,10
13.025270462,80.229927063,67785,67795,10
13.0249500275,80.2295379639,67795,67805,10
13.0247297287,80.2292709351,67805,67845,40
13.0247297287,80.2292709351,67845,67855,10
13.0245599747,80.229057312,67855,67866,11
13.0240402222,80.2284317017,67866,67886,20
13.0240402222,80.2284317017,67886,67896,10
13.0239400864,80.2282791138,67896,67906,10
13.0238103867,80.2280731201,67906,67916,10
13.023440361,80.2276763916,67916,67926,10
13.0229101181,80.227180481,67926,67936,10
13.0224199295,80.2267303467,67936,67946,10
13.0218296051,80.2262420654,67946,67956,10
13.0211801529,80.2257385254,67956,67967,11
13.0205802917,80.2253036499,67967,67977,10
13.0202598572,80.2250823975,67977,67987,10
13.0197496414,80.2247390747,67987,67997,10
13.0190200806,80.2245025635,67997,68007,10
13.0181903839,80.2247695923,68007,68017,10
13.0174503326,80.2250900269,68017,68027,10
13.0167798996,80.2253723145,68027,68036,9
13.0164699554,80.2255020142,68036,68046,10
13.0161800385,80.2255935669,68046,68057,11
13.0156097412,80.2257919312,68057,68068,11
13.015130043,80.2259979248,68068,68078,10
13.0150299072,80.2260513306,68078,68088,10
13.0146903992,80.2261810303,68088,68098,10
13.0143203735,80.2263183594,68098,68118,20
13.0143203735,80.2263183594,68118,68128,10
13.0142002106,80.2263412476,68128,68138,10
13.0139198303,80.2264480591,68138,68148,10
13.013420105,80.2266387939,68148,68158,10
13.0127496719,80.2268981934,68158,68169,11
13.0120201111,80.2271881104,68169,68179,10
13.0112199783,80.2275238037,68179,68189,10
13.0102901459,80.2278823853,68189,68199,10
13.0094604492,80.2282104492,68199,68209,10
13.0090703964,80.2288665771,68209,68219,10
13.0088996887,80.2297363281,68219,68229,10
13.0087499619,80.2304992676,68229,68239,10
13.0085897446,80.231338501,68239,68249,10
13.0084104538,80.2323226929,68249,68259,10
13.0082902908,80.2330093384,68259,68270,11
13.0082597733,80.2334518433,68270,68279,9
13.0082597733,80.2334594727,68279,68290,11
13.0082197189,80.2336120605,68290,68300,10
13.008099556,80.2340393066,68300,68310,10
13.0079402924,80.2348632813,68310,68340,30
13.0079402924,80.2348632813,68340,68350,10
13.0078897476,80.2351837158,68350,68360,10
13.0077800751,80.235710144,68360,68371,11
13.0075998306,80.2366027832,68371,68381,10
13.0074100494,80.2375335693,68381,68391,10
13.0072498322,80.2384033203,68391,68401,10
13.0071401596,80.2389678955,68401,68573,172
13.0071401596,80.2389678955,68573,68583,10
13.0070896149,80.2392578125,68583,68593,10
13.0070295334,80.2396774292,68593,68603,10
13.0069799423,80.2401580811,68603,68613,10
13.0068798065,80.240737915,68613,68623,10
13.0068597794,80.2408294678,68623,68633,10
13.006819725,80.2409133911,68633,68643,10
13.0067501068,80.2413864136,68643,68653,10
13.0067195892,80.2422027588,68653,68663,10
13.0066900253,80.2429733276,68663,68674,11
13.006649971,80.2437896729,68674,68684,10
13.0066604614,80.244758606,68684,68694,10
13.0066604614,80.2454528809,68694,68704,10
13.0066795349,80.2460021973,68704,68714,10
13.0066995621,80.2465820313,68714,68724,10
13.0067195892,80.2472000122,68724,68734,10
13.0067100525,80.2479095459,68734,68744,10
13.0067396164,80.2486495972,68744,68754,10
13.0067901611,80.2490997314,68754,68764,10
13.0068798065,80.2496185303,68764,68785,21
13.0068798065,80.2496185303,68785,68795,10
13.0068798065,80.2499237061,68795,68805,10
13.0068502426,80.2505493164,68805,68815,10
13.0068302155,80.2513504028,68815,68825,10
13.0066699982,80.2520904541,68825,68835,10
13.0065698624,80.2529678345,68835,68845,10
13.0065603256,80.2537231445,68845,68855,10
13.0066204071,80.2548599243,68855,68865,10
13.0066299438,80.255821228,68865,68876,11
13.0066404343,80.2567367554,68876,68886,10
13.0066995621,80.25730896,68886,68956,70
13.0066995621,80.25730896,68956,68966,10
13.0066900253,80.2575378418,68966,68976,10
13.0068101883,80.2578811646,68976,68987,11
13.0076999664,80.2587280273,68987,69015,28
13.0076999664,80.2587280273,69015,69025,10
13.0078802109,80.2587738037,69025,69033,8
13.0083303452,80.258972168,69033,69045,12
13.0089502335,80.2591400146,69045,69055,10
13.0094003677,80.2591171265,69055,69065,10
13.0101699829,80.2591400146,69065,69075,10
13.0111198425,80.2591323853,69075,69086,11
13.012260437,80.2591400146,69086,69096,10
13.0133600235,80.2591934204,69096,69106,10
13.0143995285,80.2592391968,69106,69116,10
13.015370369,80.2593002319,69116,69126,10
13.0160598755,80.2595214844,69126,69136,10
13.016409874,80.2597579956,69136,69156,20
13.016409874,80.2597579956,69156,69166,10
13.0166501999,80.2599716187,69166,69176,10
13.0171003342,80.260269165,69176,69187,11
13.0177698135,80.2607269287,69187,69197,10
13.0179700851,80.2608795166,69197,69207,10
13.0180397034,80.2609176636,69207,69217,10
13.0184001923,80.261177063,69217,69227,10
13.0188102722,80.2614822388,69227,69237,10
13.019109726,80.2617416382,69237,69247,10
13.0193099976,80.2619018555,69247,69257,10
13.0196304321,80.26222229,69257,69267,10
13.0200500488,80.2626037598,69267,69277,10
13.0202102661,80.2627182007,69277,69288,11
13.0203199387,80.262802124,69288,69298,10
13.0208396912,80.2629623413,69298,69308,10
13.0215196609,80.2631835938,69308,69318,10
13.0219802856,80.2634277344,69318,69328,10
13.0222797394,80.2635726929,69328,69338,10
13.0229301453,80.2639389038,69338,69358,20
13.0229301453,80.2639389038,69358,69368,10
13.0232896805,80.2641220093,69368,69378,10
13.023730278,80.2643585205,69378,69389,11
13.0239801407,80.2644805908,69389,69399,10
13.0243196487,80.2647094727,69399,69409,10
13.0246801376,80.2649917603,69409,69419,10
13.0250396729,80.2652664185,69419,69429,10
13.025560379,80.2656173706,69429,69439,10
13.025970459,80.2658691406,69439,69449,10
13.0261602402,80.265953064,69449,69459,10
13.0262899399,80.2656478882,69459,69469,10
13.0263299942,80.2652435303,69469,69479,10
13.0263395309,80.2649612427,69479,69490,11
13.0263996124,80.2645797729,69490,69500,10
13.02643013,80.2643432617,69500,69510,10
13.0264501572,80.2642593384,69510,69520,10
13.0265102386,80.2639007568,69520,69530,10
13.0265398026,80.2636032104,69530,69540,10
13.0265398026,80.2635879517,69540,69550,10
13.0266704559,80.2634277344,69550,69560,10
13.0271196365,80.2635574341,69560,69570,10
13.0277004242,80.2637023926,69570,69580,10
13.0282297134,80.2638168335,69580,69591,11
13.0283002853,80.2638473511,69591,69601,10
13.0286397934,80.2639465332,69601,69617,16
13.0291996002,80.2641296387,69617,69629,12
13.0292797089,80.2643203735,69629,69639,10
13.0292797089,80.2646408081,69639,69649,10
13.0292797089,80.265296936,69649,69659,10
13.029250145,80.2658462524,69659,69669,10
13.0292396545,80.2660293579,69669,69679,10
13.0292396545,80.2661819458,69679,69689,10
13.0291795731,80.2664794922,69689,69701,12
13.0294399261,80.2666168213,69701,69711,10
13.02987957,80.2667236328,69711,69721,10
13.030380249,80.2667922974,69721,69731,10
13.0308904648,80.2668609619,69731,69741,10
13.0313396454,80.267036438,69741,69750,9
13.0318098068,80.2671966553,69750,69761,11
13.0323495865,80.2674484253,69761,69770,9
13.0326795578,80.2676925659,69770,69781,11
13.0333499908,80.2678527832,69781,69812,31
13.0333499908,80.2678527832,69812,69822,10
13.0334596634,80.2678985596,69822,69832,10
13.0338001251,80.2679824829,69832,69842,10
13.0344495773,80.2680587769,69842,69903,61
13.0344495773,80.2680587769,69903,69913,10
13.0342798233,80.2680892944,69913,69923,10
13.0339002609,80.2680282593,69923,69933,10
13.0332803726,80.2678985596,69933,70246,313
13.0332803726,80.2678985596,70246,70256,10
13.0330600739,80.2677612305,70256,70266,10
13.0328302383,80.2677001953,70266,70276,10
13.0326499939,80.2676696777,70276,70286,10
13.032500267,80.2675476074,70286,70297,11
13.0321598053,80.2673568726,70297,70307,10
13.0316696167,80.2671432495,70307,70317,10
13.0312204361,80.266960144,70317,70327,10
13.0306196213,80.2668304443,70327,70337,10
13.0301399231,80.2667236328,70337,70347,10
13.0297203064,80.2666473389,70347,70357,10
13.029709816,80.2666473389,70357,70367,10
13.029299736,80.2666015625,70367,70377,10
13.0289697647,80.266456604,70377,70387,10
13.0285902023,80.2663803101,70387,70398,11
13.0279798508,80.2662582397,70398,70408,10
13.0274200439,80.2661819458,70408,70418,10
13.0268602371,80.26612854,70418,70428,10
13.0263395309,80.2660369873,70428,70498,70
13.0263395309,80.2660369873,70498,70509,11
13.0261001587,80.2659683228,70509,70519,10
13.0257701874,80.2657623291,70519,70529,10
13.0251998901,80.2654037476,70529,70549,20
13.0251998901,80.2654037476,70549,70559,10
13.0250501633,80.265296936,70559,70569,10
13.0247602463,80.2650604248,70569,70579,10
13.0244102478,80.2648010254,70579,70589,10
13.0238304138,80.2644195557,70589,70600,11
13.0232200623,80.2640762329,70600,70610,10
13.0226202011,80.2637634277,70610,70620,10
13.0221395493,80.2634963989,70620,70630,10
13.0221300125,80.2634887695,70630,70640,10
13.0219297409,80.2633972168,70640,70650,10
13.0214004517,80.2631912231,70650,70660,10
13.0205497742,80.263092041,70660,70670,10
13.0198097229,80.2630233765,70670,70680,10
13.0192098618,80.2629623413,70680,70690,10
13.0189199448,80.2627410889,70690,70700,10
13.0188302994,80.2621231079,70700,70711,11
13.0186395645,80.261390686,70711,70721,10
13.0180997849,80.2610168457,70721,70731,10
13.0175199509,80.2606430054,70731,70741,10
13.0168800354,80.2602233887,70741,70751,10
13.0160102844,80.2597427368,70751,70771,20
13.0160102844,80.2597427368,70771,70781,10
13.0159597397,80.2596893311,70781,70791,10
13.0156002045,80.2595367432,70791,70801,10
13.0149803162,80.2593917847,70801,70812,11
13.0142002106,80.2593307495,70812,70822,10
13.0133399963,80.2593002319,70822,70832,10
13.0123996735,80.2592697144,70832,70842,10
13.0115203857,80.2592468262,70842,70852,10
13.010840416,80.2592391968,70852,70862,10
13.0101003647,80.2593002319,70862,70872,10
13.0098695755,80.2593078613,70872,70882,10
13.0094995499,80.2592697144,70882,70892,10
13.0088996887,80.2592468262,70892,70902,10
13.0086097717,80.259262085,70902,70913,11
13.008020401,80.2593002319,70913,70923,10
13.0074300766,80.2593612671,70923,70933,10
13.0072202682,80.2589187622,70933,70943,10
13.0071697235,80.2587814331,70943,70953,10
13.007109642,80.2586288452,70953,70963,10
13.0068502426,80.2581863403,70963,70973,10
13.006529808,80.2577667236,70973,71024,51
13.006529808,80.2577667236,71024,71034,10
13.0064296722,80.2575302124,71034,71044,10
13.0064201355,80.2570266724,71044,71054,10
13.0064401627,80.2564315796,71054,71064,10
13.0064601898,80.2556686401,71064,71074,10
13.0065002441,80.2550964355,71074,71084,10
13.0064697266,80.2544326782,71084,71094,10
13.0064601898,80.2533187866,71094,71115,21
13.0064601898,80.2533187866,71115,71125,10
13.0064897537,80.2530670166,71125,71135,10
13.0065002441,80.2526626587,71135,71145,10
13.0065002441,80.2525024414,71145,71155,10
13.0065803528,80.2520523071,71155,71165,10
13.0066995621,80.2514877319,71165,71175,10
13.0067396164,80.2506790161,71175,71185,10
13.0067195892,80.2498474121,71185,71195,10
13.0066795349,80.2490005493,71195,71205,10
13.0066099167,80.248336792,71205,71226,21
13.0066099167,80.248336792,71226,71236,10
13.0066099167,80.2481231689,71236,71246,10
13.0066003799,80.2477035522,71246,71256,10
13.0065803528,80.2468566895,71256,71276,20
13.0065803528,80.2468566895,71276,71286,10
13.0065603256,80.2468109131,71286,71296,10
13.0065402985,80.2466964722,71296,71306,10
13.0065698624,80.2465286255,71306,71317,11
13.0066099167,80.2464065552,71317,71327,10
13.0066299438,80.2461624146,71327,71337,10
13.0066299438,80.2461090088,71337,71347,10
13.0066299438,80.2459564209,71347,71357,10
13.0066204071,80.2457504272,71357,71367,10
13.0066204071,80.2455825806,71367,71377,10
13.0066099167,80.2454528809,71377,71387,10
13.0066204071,80.2452011108,71387,71397,10
13.0066099167,80.2450332642,71397,71407,10
13.0066099167,80.244720459,71407,71418,11
13.0066404343,80.2443771362,71418,71428,10
13.0066099167,80.2439193726,71428,71438,10
13.0065803528,80.2434234619,71438,71448,10
13.0065402985,80.242767334,71448,71458,10
13.0065097809,80.2419586182,71458,71468,10
13.0065202713,80.2416763306,71468,71478,10
13.0065202713,80.2415313721,71478,71488,10
13.0065603256,80.2409591675,71488,71559,71
13.0065603256,80.2409591675,71559,71569,10
13.0066299438,80.2406005859,71569,71579,10
13.0067195892,80.2402801514,71579,71589,10
13.0068702698,80.2396316528,71589,71599,10
13.0070295334,80.2387008667,71599,71609,10
13.0072002411,80.2378768921,71609,71620,11
13.0073099136,80.2373809814,71620,71630,10
13.0073099136,80.2373504639,71630,71640,10
13.0073404312,80.2370834351,71640,71650,10
13.0073404312,80.2370300293,71650,71660,10
13.007349968,80.2369308472,71660,71670,10
13.0074596405,80.236541748,71670,71680,10
13.0075902939,80.2359695435,71680,71690,10
13.0077104568,80.2354736328,71690,71700,10
13.0077295303,80.2353591919,71700,71710,10
13.0078201294,80.2349472046,71710,71720,10
13.0079402924,80.2342987061,71720,71731,11
13.0081195831,80.2333984375,71731,71741,10
13.0082998276,80.2323989868,71741,71751,10
13.0085201263,80.2313079834,71751,71760,9
13.0087003708,80.2303619385,71760,71771,11
13.0089197159,80.2293167114,71771,71781,10
13.0091400146,80.2282867432,71781,71791,10
13.0095100403,80.2274093628,71791,71801,10
13.0099401474,80.2264709473,71801,71810,9
13.010310173,80.2258071899,71810,71821,11
13.01060009,80.2252731323,71821,71832,11
13.0107698441,80.224822998,71832,71842,10
13.0110197067,80.2242202759,71842,71852,10
13.0112600327,80.2235565186,71852,71862,10
13.0115003586,80.2229385376,71862,71872,10
13.011759758,80.2222213745,71872,71882,10
13.0120897293,80.2215499878,71882,71892,10
13.0123500824,80.2216110229,71892,71902,10
13.0127401352,80.2221298218,71902,71912,10
13.0133199692,80.2227783203,71912,71922,10
13.0137996674,80.2233581543,71922,71933,11
13.0142402649,80.2238922119,71933,71943,10
13.0147304535,80.2244262695,71943,71953,10
13.0151395798,80.224822998,71953,71963,10
13.0156202316,80.2251586914,71963,71983,20
13.0156202316,80.2251586914,71983,71993,10
13.0159797668,80.2253265381,71993,72003,10
13.0163602829,80.2253417969,72003,72013,10
13.0168600082,80.225189209,72013,72023,10
13.0175504684,80.2249298096,72023,72034,11
13.0183897018,80.2245788574,72034,72044,10
13.0191602707,80.2244033813,72044,72054,10
13.0195703506,80.2245101929,72054,72064,10
13.0198297501,80.2246704102,72064,72074,10
13.0202903748,80.2250213623,72074,72084,10
13.020819664,80.225402832,72084,72094,10
13.0213899612,80.2258224487,72094,72104,10
13.0219898224,80.2262496948,72104,72124,20
13.0219898224,80.2262496948,72124,72135,11
13.022069931,80.2263031006,72135,72145,10
13.0223903656,80.226600647,72145,72155,10
13.0228796005,80.2270278931,72155,72165,10
13.0234203339,80.2275314331,72165,72175,10
13.0239896774,80.2280807495,72175,72185,10
13.0244598389,80.2286834717,72185,72195,10
13.0249004364,80.2293395996,72195,72205,10
13.0253896713,80.2299804688,72205,72215,10
13.0257997513,80.2307434082,72215,72225,10
13.0259895325,80.2313232422,72225,72236,11
13.0261697769,80.2313537598,72236,72246,10
13.0266199112,80.2312469482,72246,72256,10
13.0272197723,80.2311096191,72256,72266,10
13.0278501511,80.2310333252,72266,72276,10
13.0279502869,80.2310180664,72276,72286,10
13.0283498764,80.2309570313,72286,72295,9
13.028380394,80.2309494019,72295,72306,11
13.0289096832,80.2308883667,72306,72337,31
13.0289096832,80.2308883667,72337,72347,10
13.0291996002,80.2308578491,72347,72357,10
13.0295600891,80.2308120728,72357,72367,10
13.0303602219,80.2307510376,72367,72387,20
13.0303602219,80.2307510376,72387,72397,10
13.0305595398,80.230758667,72397,72407,10
13.0307598114,80.2307434082,72407,72417,10
13.0311002731,80.2307128906,72417,72427,10
13.0316400528,80.230682373,72427,72438,11
13.0322303772,80.2306213379,72438,72448,10
13.0329303741,80.2305603027,72448,72458,10
13.0335998535,80.230506897,72458,72468,10
13.0339202881,80.23046875,72468,72478,10
13.0340795517,80.2304382324,72478,72488,10
13.0342597961,80.2304382324,72488,72498,10
13.0346899033,80.2303390503,72498,72528,30
13.0346899033,80.2303390503,72528,72539,11
13.0348701477,80.2302093506,72539,72549,10
13.0349903107,80.2300720215,72549,72559,10
13.0349502563,80.2298583984,72559,72569,10
13.0345897675,80.2298278809,72569,72579,10
13.034239769,80.2297821045,72579,72589,10
13.0340795517,80.2303314209,72589,73235,646
13.0340795517,80.2303314209,73235,73245,10
13.0339803696,80.2305831909,73245,73256,11
13.0334796906,80.2305831909,73256,73276,20
13.0334796906,80.2305831909,73276,73286,10
13.0332298279,80.2305831909,73286,73296,10
13.0327796936,80.2306137085,73296,73306,10
13.0321998596,80.2306671143,73306,73316,10
13.031539917,80.2307281494,73316,73326,10
13.0308599472,80.2307891846,73326,73336,10
13.0304298401,80.2308273315,73336,73346,10
13.0296697617,80.2309036255,73346,73367,21
13.0296697617,80.2309036255,73367,73377,10
13.029540062,80.2309188843,73377,73387,10
13.0293502808,80.2309188843,73387,73397,10
13.028960228,80.2309494019,73397,73407,10
13.0283498764,80.2310180664,73407,73417,10
13.0278100967,80.2310791016,73417,73427,10
13.0276203156,80.231262207,73427,73437,10
13.0276603699,80.2317810059,73437,73447,10
13.0277395248,80.2322921753,73447,73458,11
13.0277795792,80.2328262329,73458,73468,10
13.0272598267,80.2329406738,73468,73478,10
13.0268001556,80.2330169678,73478,73538,60
13.0268001556,80.2330169678,73538,73548,10
13.0266599655,80.2330780029,73548,73559,11
13.0263299942,80.2329788208,73559,73569,10
13.026140213,80.2323989868,73569,73579,10
13.0260000229,80.2318725586,73579,73589,10
13.0258598328,80.2313079834,73589,73599,10
13.0256099701,80.2305603027,73599,73609,10
13.0251197815,80.2297973633,73609,73619,10
13.024600029,80.2291183472,73619,73629,10
13.0239295959,80.2283401489,73629,73649,20
13.0239295959,80.2283401489,73649,73660,11
13.023730278,80.2280807495,73660,73670,10
13.0234498978,80.2277374268,73670,73680,10
13.0229597092,80.2272567749,73680,73690,10
13.0223398209,80.2266921997,73690,73700,10
13.0215902328,80.2260818481,73700,73710,10
13.0209598541,80.2256011963,73710,73720,10
13.0203399658,80.2251663208,73720,73730,10
13.0198898315,80.224861145,73730,73740,10
13.0194797516,80.224609375,73740,73750,10
13.0187101364,80.2245407104,73750,73761,11
13.0177297592,80.2249298096,73761,73771,10
13.0168399811,80.2252883911,73771,73781,10
13.016169548,80.2255630493,73781,73791,10
13.0155496597,80.2257766724,73791,73801,10
13.0148601532,80.2260665894,73801,73811,10
13.0142698288,80.2263031006,73811,73821,10
13.0142202377,80.2263336182,73821,73831,10
13.0139598846,80.2264328003,73831,73841,10
13.0133399963,80.2266616821,73841,73851,10
13.0126104355,80.2269515991,73851,73862,11
13.011759758,80.2272872925,73862,73872,10
13.0109796524,80.2276229858,73872,73882,10
13.0100603104,80.2279815674,73882,73892,10
13.0092000961,80.2284164429,73892,73902,10
13.008939743,80.2293930054,73902,73912,10
13.0087003708,80.2305297852,73912,73922,10
13.0085000992,80.2315979004,73922,73932,10
13.0083198547,80.2326431274,73932,73942,10
13.0082197189,80.2334289551,73942,73952,10
13.0081796646,80.2335891724,73952,73961,9
13.008099556,80.2338027954,73961,73973,12
13.0079603195,80.2344894409,73973,73983,10
13.0077896118,80.2352981567,73983,73993,10
13.0075998306,80.2362670898,73993,74003,10
13.0073900223,80.2373123169,74003,74013,10
13.0072097778,80.2383117676,74013,74023,10
13.0070400238,80.2391662598,74023,74033,10
13.0069198608,80.2397994995,74033,74164,131
13.0069198608,80.2397994995,74164,74175,11
13.0069704056,80.2399978638,74175,74185,10
13.0068902969,80.2403564453,74185,74195,10
13.0068101883,80.2409210205,74195,74205,10
13.006770134,80.2411270142,74205,74215,10
13.0067100525,80.2415313721,74215,74225,10
13.0066900253,80.2422180176,74225,74235,10
13.0066604614,80.243019104,74235,74245,10
13.0066299438,80.2438735962,74245,74255,10
13.0066404343,80.2448883057,74255,74265,10
13.0066404343,80.245880127,74265,74276,11
13.0066604614,80.2469711304,74276,74286,10
13.0066699982,80.247833252,74286,74296,10
13.0066995621,80.2487716675,74296,74306,10
13.0067996979,80.2495117188,74306,74316,10
13.0068101883,80.2496871948,74316,74326,10
13.0067996979,80.2497024536,74326,74336,10
13.0067796707,80.2500610352,74336,74346,10
13.0067596436,80.2507171631,74346,74356,10
13.0067396164,80.2515487671,74356,74366,10
13.0065803528,80.252243042,74366,74377,11
13.0064897537,80.2531661987,74377,74387,10
13.006480217,80.25415802,74387,74397,10
13.006529808,80.255027771,74397,74407,10
13.006529808,80.2556381226,74407,74417,10
13.0065498352,80.2565383911,74417,74427,10
13.0066204071,80.2573928833,74427,74508,81
13.0066204071,80.2573928833,74508,74518,10
13.0066604614,80.2576217651,74518,74528,10
13.0069198608,80.2581634521,74528,74538,10
13.0073795319,80.2586135864,74538,74548,10
13.0076398849,80.2587280273,74548,74558,10
13.0077600479,80.2587890625,74558,74568,10
13.0082302094,80.2589797974,74568,74579,11
13.0088195801,80.2591400146,74579,74589,10
13.0094604492,80.2591400146,74589,74599,10
13.0103397369,80.259147644,74599,74609,10
13.0112104416,80.2591400146,74609,74619,10
13.0123996735,80.2591629028,74619,74629,10
13.0134801865,80.2592086792,74629,74639,10
13.0145998001,80.2592468262,74639,74649,10
13.0156002045,80.2593612671,74649,74659,10
13.0162000656,80.2596130371,74659,74669,10
13.0164003372,80.2597579956,74669,74680,11
13.0165901184,80.2599182129,74680,74690,10
13.0170602798,80.2602386475,74690,74700,10
13.0176897049,80.2606811523,74700,74710,10
13.0183296204,80.2611236572,74710,74720,10
13.0187997818,80.2614822388,74720,74730,10
13.0192699432,80.2618789673,74730,74740,10
13.019610405,80.2622299194,74740,74750,10
13.0200195313,80.2626037598,74750,74760,10
13.0201396942,80.2626800537,74760,74770,10
13.0201997757,80.2627334595,74770,74780,10
13.0205802917,80.2628936768,74780,74791,11
13.0212697983,80.2630996704,74791,74801,10
13.0218400955,80.263343811,74801,74811,10
13.0221204758,80.2634811401,74811,74821,10
13.0222396851,80.2635421753,74821,74831,10
13.0225601196,80.2637176514,74831,74841,10
13.0228996277,80.2639007568,74841,74851,10
13.0229501724,80.2639923096,74851,74861,10
13.0234298706,80.2642364502,74861,74871,10
13.024020195,80.2645568848,74871,74881,10
13.0245304108,80.2649078369,74881,74892,11
13.024939537,80.2652206421,74892,74902,10
13.0253095627,80.2654571533,74902,74912,10
13.0256700516,80.2656936646,74912,74922,10
13.0259504318,80.265838623,74922,74932,10
13.026260376,80.2658233643,74932,74942,10
13.026309967,80.2652816772,74942,74952,10
13.0263700485,80.2647018433,74952,74962,10
13.0264196396,80.2643127441,74962,74972,10
13.0264501572,80.2642364502,74972,74982,10
13.0264997482,80.2638702393,74982,74993,11
13.026599884,80.263458252,74993,75003,10
13.0269699097,80.2634963989,75003,75013,10
13.0276098251,80.2636489868,75013,75023,10
13.0281600952,80.2638092041,75023,75033,10
13.0283603668,80.2638626099,75033,75043,10
13.0288095474,80.2639770508,75043,75053,10
13.0292100906,80.2641372681,75053,75063,10
13.0292596817,80.2646179199,75063,75073,10
13.0292701721,80.2652130127,75073,75083,10
13.0292396545,80.2657699585,75083,75094,11
13.0292196274,80.2660293579,75094,75104,10
13.0291795731,80.2662963867,75104,75114,10
13.0291500092,80.2664871216,75114,75124,10
13.0292701721,80.2666091919,75124,75134,10
13.0294599533,80.2666320801,75134,75144,10
13.0299396515,80.2667007446,75144,75154,10
13.0305204391,80.2667694092,75154,75164,10
13.0311002731,80.2669067383,75164,75174,10
13.0317296982,80.2671508789,75174,75184,10
13.0322999954,80.2674331665,75184,75195,11
13.0327596664,80.2677383423,75195,75205,10
13.0333995819,80.2678833008,75205,75225,20
13.0333995819,80.2678833008,75225,75235,10
13.0336198807,80.2679595947,75235,75245,10
13.0340795517,80.2680587769,75245,75254,9
13.0345001221,80.2680587769,75254,75316,62
13.0344200134,80.2682189941,75316,75336,20
13.0344200134,80.2682189941,75336,75346,10
13.0340995789,80.268081665,75346,75356,10
13.0337095261,80.2679824829,75356,75366,10
13.0333995819,80.2678985596,75366,75376,10
13.0331401825,80.2678604126,75376,75417,41
13.0331401825,80.2678604126,75417,75427,10
13.0329704285,80.2677612305,75427,75437,10
13.0326499939,80.2677078247,75437,75447,10
13.0324401855,80.2675170898,75447,75457,10
13.032119751,80.2673568726,75457,75467,10
13.0315303802,80.2671127319,75467,75477,10
13.0308303833,80.2669219971,75477,75487,10
13.0302400589,80.2668075562,75487,75498,11
13.0297298431,80.2667236328,75498,75508,10
13.0295600891,80.2667007446,75508,75518,10
13.0292196274,80.2666320801,75518,75528,10
13.0289096832,80.2664794922,75528,75538,10
13.0284404755,80.2663726807,75538,75548,10
13.0279998779,80.2663116455,75548,75558,10
13.0275201797,80.2662277222,75558,75568,10
13.0268697739,80.266166687,75568,75578,10
13.0266399384,80.2660980225,75578,75588,10
13.0263204575,80.2660293579,75588,75659,71
13.0263204575,80.2660293579,75659,75669,10
13.0261297226,80.2659378052,75669,75679,10
13.0257797241,80.2657470703,75679,75689,10
13.0254297256,80.2655410767,75689,75700,11
13.0252799988,80.2654724121,75700,75710,10
13.0251502991,80.2653579712,75710,75720,10
13.0248804092,80.2651290894,75720,75730,10
13.0245103836,80.2648162842,75730,75740,10
13.0240802765,80.2645263672,75740,75750,10
13.0236501694,80.2642822266,75750,75760,10
13.0230503082,80.2639694214,75760,75770,10
13.0223903656,80.2636489868,75770,75780,10
13.0220603943,80.2634506226,75780,75790,10
13.0219802856,80.2633895874,75790,75801,11
13.0216398239,80.2632217407,75801,75811,10
13.0209197998,80.2630691528,75811,75821,10
13.0201797485,80.2630386353,75821,75831,10
13.019490242,80.2629928589,75831,75841,10
13.0189399719,80.2629013062,75841,75851,10
13.018819809,80.2623825073,75851,75861,10
13.018699646,80.2616195679,75861,75871,10
13.0181903839,80.261100769,75871,75881,10
13.0174303055,80.2605819702,75881,75891,10
13.016579628,80.260017395,75891,75902,11
13.0161104202,80.2597732544,75902,75912,10
13.0160398483,80.259727478,75912,75922,10
13.0156097412,80.2595291138,75922,75932,10
13.0149202347,80.2593612671,75932,75942,10
13.0141201019,80.2593231201,75942,75952,10
13.0131196976,80.2592697144,75952,75962,10
13.0120401382,80.2592315674,75962,75972,10
13.011059761,80.2592010498,75972,75982,10
13.0101995468,80.2592391968,75982,75992,10
13.0094404221,80.2592391968,75992,76003,11
13.0089197159,80.259262085,76003,76013,10
13.0087099075,80.259262085,76013,76023,10
13.0082302094,80.2592391968,76023,76033,10
13.0075998306,80.2593994141,76033,76043,10
13.0072402954,80.2589797974,76043,76053,10
13.0072002411,80.2588424683,76053,76063,10
13.0070495605,80.2584686279,76063,76073,10
13.0064897537,80.2576599121,76073,76194,121
13.0064897537,80.2576599121,76194,76204,10
13.0064201355,80.2574996948,76204,76215,11
13.0063800812,80.257019043,76215,76225,10
13.006360054,80.2562637329,76225,76235,10
13.0064096451,80.2553710938,76235,76245,10
13.0064496994,80.2545776367,76245,76255,10
13.0064401627,80.2536697388,76255,76265,10
13.0064601898,80.253288269,76265,76275,10
13.0064601898,80.2532577515,76275,76285,10
13.0064401627,80.2532119751,76285,76295,10
13.0064496994,80.2527313232,76295,76305,10
13.0065402985,80.2519073486,76305,76366,61
13.0065402985,80.2519073486,76366,76376,10
13.0066099167,80.2517623901,76376,76386,10
13.0066795349,80.2513580322,76386,76396,10
13.0066995621,80.2506027222,76396,76406,10
13.0066995621,80.2498168945,76406,76417,11
13.0066995621,80.2492294312,76417,76427,10
13.0066299438,80.2483901978,76427,76437,10
13.0066003799,80.2476730347,76437,76457,20
13.0066003799,80.2476730347,76457,76467,10
13.0066204071,80.2474212646,76467,76477,10
13.0066299438,80.2470397949,76477,76487,10
13.0065402985,80.2466430664,76487,76497,10
13.0065402985,80.2465896606,76497,76507,10
13.0065603256,80.2464370728,76507,76518,11
13.0065698624,80.245880127,76518,76528,10
13.0065498352,80.2450714111,76528,76538,10
13.0065498352,80.2442779541,76538,76548,10
13.0065402985,80.2437133789,76548,76558,10
13.0065002441,80.2431869507,76558,76568,10
13.0064897537,80.2424087524,76568,76578,10
13.0065002441,80.2415237427,76578,76588,10
13.0065803528,80.2407226563,76588,76598,10
13.0067195892,80.2399902344,76598,76608,10
13.006939888,80.2390365601,76608,76619,11
13.0071601868,80.2379989624,76619,76629,10
13.0073204041,80.2372589111,76629,76639,10
13.007349968,80.236869812,76639,76649,10
13.0073699951,80.2368164063,76649,76659,10
13.0074596405,80.2365188599,76659,76669,10
13.0075798035,80.2360992432,76669,76679,10
13.0076999664,80.2354736328,76679,76689,10
13.0078401566,80.2347106934,76689,76699,10
13.008020401,80.2338409424,76699,76709,10
13.0082302094,80.2327804565,76709,76720,11
13.0084695816,80.2315216064,76720,76730,10
13.0086803436,80.2303924561,76730,76740,10
13.0088996887,80.2292404175,76740,76750,10
13.0091400146,80.2282028198,76750,76760,10
13.0095596313,80.2272262573,76760,76770,10
13.0099496841,80.226348877,76770,76780,10
13.0102996826,80.225692749,76780,76790,10
13.0106296539,80.2250137329,76790,76800,10
13.0109701157,80.2241821289,76800,76810,10
13.011300087,80.2233505249,76810,76821,11
13.011639595,80.2224807739,76821,76831,10
13.0119800568,80.221572876,76831,76841,10
13.0122900009,80.2214813232,76841,76851,10
13.0125598907,80.2218704224,76851,76861,10
13.0130701065,80.2225112915,76861,76871,10
13.0137395859,80.2232666016,76871,76881,10
13.014289856,80.2239379883,76881,76891,10
13.0149803162,80.2245864868,76891,76901,10
13.0151901245,80.2247619629,76901,76911,10
13.0153598785,80.2248764038,76911,76922,11
13.0154304504,80.2249221802,76922,76932,10
13.0156698227,80.225151062,76932,76942,10
13.0160903931,80.2253265381,76942,76952,10
13.0168199539,80.2251815796,76952,76962,10
13.0177001953,80.224822998,76962,76972,10
13.0186300278,80.2244567871,76972,76982,10
13.0193595886,80.224357605,76982,76992,10
13.0197401047,80.2245483398,76992,77002,10
13.0202903748,80.224937439,77002,77012,10
13.0208501816,80.2253494263,77012,77023,11
13.0214500427,80.2258071899,77023,77033,10
13.0218496323,80.2260818481,77033,77043,10
13.0218601227,80.2260818481,77043,77053,10
13.0220098495,80.2262268066,77053,77063,10
13.0224399567,80.2266235352,77063,77073,10
13.0229301453,80.2270507813,77073,77083,10
13.0234003067,80.2275009155,77083,77093,10
13.0238399506,80.2279205322,77093,77103,10
13.0242795944,80.2284164429,77103,77113,10
13.0246496201,80.2289581299,77113,77124,11
13.0251197815,80.2295684814,77124,77134,10
13.0256004333,80.2302322388,77134,77144,10
13.0259103775,80.2309188843,77144,77154,10
13.0260000229,80.231300354,77154,77164,10
13.0262899399,80.2313232422,77164,77174,10
13.0269804001,80.2311401367,77174,77184,10
13.0277099609,80.2309875488,77184,77194,10
13.0283002853,80.2308883667,77194,77204,10
13.0283699036,80.2308883667,77204,77214,10
13.0284700394,80.2309188843,77214,77225,11
13.0290498734,80.2308425903,77225,77235,10
13.029589653,80.2307891846,77235,77245,10
13.0301198959,80.2307510376,77245,77255,10
13.0306901932,80.2306976318,77255,77265,10
13.03125,80.2306594849,77265,77275,10
13.0320100784,80.2305908203,77275,77285,10
13.0326795578,80.2305297852,77285,77295,10
13.0334196091,80.2304763794,77295,77305,10
13.034040451,80.2304229736,77305,77315,10
13.034740448,80.2302703857,77315,77376,61
13.034740448,80.2302703857,77376,77386,10
13.0351200104,80.2300186157,77386,77416,30
13.0351200104,80.2300186157,77416,77427,11
13.0350704193,80.229850769,77427,77437,10
13.0348997116,80.2298126221,77437,77447,10
13.034620285,80.2297668457,77447,77457,10
13.0343503952,80.2297363281,77457,77467,10
13.0342702866,80.2298126221,77467,77477,10
13.0341396332,80.2302932739,77477,77790,313
13.0341396332,80.2302932739,77790,77800,10
13.0340595245,80.2305297852,77800,77810,10
13.033490181,80.2305374146,77810,77830,20
13.033490181,80.2305374146,77830,77841,11
13.0330600739,80.2305526733,77841,77851,10
13.0325202942,80.2305908203,77851,77861,10
13.0319795609,80.2306518555,77861,77871,10
13.0312995911,80.2306900024,77871,77881,10
13.0306797028,80.2307510376,77881,77891,10
13.0297803879,80.2308502197,77891,77911,20
13.0297803879,80.2308502197,77911,77921,10
13.0294704437,80.2308883667,77921,77931,10
13.0288801193,80.2309494019,77931,77942,11
13.0281095505,80.2310409546,77942,77952,10
13.0277099609,80.2311401367,77952,77962,10
13.0277204514,80.2316436768,77962,77972,10
13.0277996063,80.2323074341,77972,77982,10
13.0278396606,80.2328186035,77982,77992,10
13.0273704529,80.2328872681,77992,78002,10
13.026889801,80.2329711914,78002,78012,10
13.026550293,80.2330093384,78012,78022,10
13.0263204575,80.2326202393,78022,78032,10
13.0261898041,80.2321166992,78032,78053,21
13.0261898041,80.2321166992,78053,78063,10
13.0261602402,80.231918335,78063,78073,10
13.0260801315,80.2316131592,78073,78083,10
13.0258903503,80.2309875488,78083,78093,10
13.0254802704,80.230140686,78093,78103,10
13.0249099731,80.2294082642,78103,78113,10
13.0247097015,80.2292022705,78113,78123,10
13.0245504379,80.2290115356,78123,78133,10
13.0239801407,80.2283172607,78133,78154,21
13.0239801407,80.2283172607,78154,78164,10
13.0238199234,80.2280807495,78164,78174,10
13.0235204697,80.2277603149,78174,78184,10
13.0233001709,80.2275238037,78184,78194,10
13.0230703354,80.2273025513,78194,78204,10
13.0225696564,80.2268295288,78204,78214,10
13.0218896866,80.2262496948,78214,78224,10
13.0211801529,80.2256698608,78224,78234,10
13.0204401016,80.2251586914,78234,78245,11
13.0200901031,80.2249221802,78245,78255,10
13.0199098587,80.2248001099,78255,78265,10
13.0194301605,80.2245407104,78265,78275,10
13.0186300278,80.2245483398,78275,78285,10
13.0177202225,80.2249221802,78285,78295,10
13.0168399811,80.2252807617,78295,78305,10
13.0162296295,80.2255172729,78305,78315,10
13.0156497955,80.2257232666,78315,78325,10
13.0150699615,80.225982666,78325,78335,10
13.0144901276,80.2261962891,78335,78346,11
13.0143604279,80.2262573242,78346,78356,10
13.0142402649,80.2262878418,78356,78366,10
13.0138702393,80.2264328003,78366,78376,10
13.0132904053,80.2266616821,78376,78386,10
13.0124998093,80.2269668579,78386,78396,10
13.011639595,80.2273101807,78396,78406,10
13.0107402802,80.2276763916,78406,78416,10
13.0099401474,80.228012085,78416,78426,10
13.0092201233,80.2283630371,78426,78436,10
13.0089998245,80.229133606,78436,78447,11
13.008769989,80.2302017212,78447,78457,10
13.0085697174,80.2312469482,78457,78467,10
13.0083799362,80.2322998047,78467,78477,10
13.0082397461,80.2332611084,78477,78487,10
13.0082197189,80.2335586548,78487,78497,10
13.0081796646,80.2336730957,78497,78507,10
13.0080604553,80.2340393066,78507,78517,10
13.0079202652,80.2347412109,78517,78527,10
13.0077495575,80.2355270386,78527,78537,10
13.0075597763,80.2365722656,78537,78548,11
13.0073204041,80.237739563,78548,78558,10
13.0071401596,80.2387313843,78558,78568,10
13.0068702698,80.2400665283,78568,78618,50
13.0068702698,80.2400665283,78618,78628,10
13.0069904327,80.2402114868,78628,78638,10
13.0068998337,80.2406768799,78638,78649,11
13.0068397522,80.2409515381,78649,78659,10
13.0067501068,80.2414627075,78659,78669,10
13.0067195892,80.2422790527,78669,78679,10
13.0066795349,80.2431030273,78679,78689,10
13.0066404343,80.2438583374,78689,78699,10
13.0066404343,80.2446975708,78699,78709,10
13.006649971,80.24559021,78709,78719,10
13.0066795349,80.2464675903,78719,78729,10
13.0067300797,80.2470779419,78729,78739,10
13.0066995621,80.2474975586,78739,78750,11
13.0067300797,80.248298645,78750,78759,9
13.0067901611,80.2490005493,78759,78770,11
13.0068702698,80.2495803833,78770,78780,10
13.0068798065,80.2497406006,78780,78790,10
13.0068397522,80.2501068115,78790,78800,10
13.0068397522,80.2503814697,78800,78810,10
13.0068397522,80.2511062622,78810,78820,10
13.0066900253,80.2519607544,78820,78830,10
13.0065603256,80.2529067993,78830,78840,10
13.0065698624,80.2540206909,78840,78850,10
13.0066204071,80.2549667358,78850,78861,11
13.0066299438,80.2562026978,78861,78871,10
13.0066795349,80.257270813,78871,78881,10
13.0067796707,80.2575683594,78881,78891,10
13.0070495605,80.2581634521,78891,78901,10
13.0076303482,80.2586288452,78901,78911,10
13.0077295303,80.2586898804,78911,78921,10
13.0078001022,80.2587203979,78921,78931,10
13.0081701279,80.2589035034,78931,78941,10
13.0088500977,80.2590866089,78941,78951,10
13.0097198486,80.2591094971,78951,78962,11
13.0109300613,80.2591094971,78962,78972,10
13.012049675,80.2591171265,78972,78982,10
13.0131797791,80.259147644,78982,78992,10
13.0143098831,80.2592010498,78992,79002,10
13.0153903961,80.2592773438,79002,79012,10
13.0161600113,80.2595367432,79012,79022,10
13.0163803101,80.2597198486,79022,79032,10
13.0165901184,80.2599029541,79032,79042,10
13.0171203613,80.2602386475,79042,79052,10
13.0177001953,80.2606277466,79052,79063,11
13.0183000565,80.2610626221,79063,79073,10
13.0188703537,80.2614974976,79073,79083,10
13.0193796158,80.2619400024,79083,79093,10
13.0199604034,80.2624816895,79093,79103,10
13.020190239,80.2626495361,79103,79113,10
13.0205001831,80.262802124,79113,79123,10
13.0211000443,80.2629776001,79123,79133,10
13.021780014,80.2632369995,79133,79143,10
13.0220804214,80.263381958,79143,79153,10
13.0225696564,80.2636184692,79153,79164,11
13.0230398178,80.2638626099,79164,79174,10
13.0233201981,80.2640228271,79174,79184,10
13.0238800049,80.2643585205,79184,79194,10
13.0245304108,80.2648162842,79194,79204,10
13.0250396729,80.2652206421,79204,79214,10
13.0255002975,80.2655334473,79214,79224,10
13.0257997513,80.2657318115,79224,79234,10
13.0262098312,80.2659301758,79234,79244,10
13.0263299942,80.2656478882,79244,79254,10
13.0263700485,80.2650604248,79254,79265,11
13.0264501572,80.264503479,79265,79275,10
13.0265102386,80.2639389038,79275,79285,10
13.0265197754,80.2639389038,79285,79295,10
13.0265798569,80.2635192871,79295,79305,10
13.02684021,80.2634277344,79305,79314,9
13.0274000168,80.2635574341,79314,79325,11
13.0282201767,80.2638092041,79325,79335,10
13.0289497375,80.2640075684,79335,79345,10
13.0293102264,80.2641830444,79345,79355,10
13.0292701721,80.2646636963,79355,79366,11
13.0292701721,80.265296936,79366,79376,10
13.029250145,80.2659378052,79376,79386,10
13.0291795731,80.2664413452,79386,79396,10
13.0293998718,80.2665786743,79396,79406,10
13.0299701691,80.2666778564,79406,79416,10
13.0306596756,80.2667999268,79416,79426,10
13.0313997269,80.2670211792,79426,79436,10
13.0321598053,80.2673568726,79436,79446,10
13.03262043,80.2676391602,79446,79456,10
13.0332202911,80.2677993774,79456,79467,11
13.0334100723,80.2678527832,79467,79477,10
13.0335702896,80.2678985596,79477,79487,10
13.0339403152,80.2679824829,79487,79497,10
13.0340900421,80.2680130005,79497,79507,10
13.0345497131,80.2680282593,79507,79527,20
13.0345497131,80.2680282593,79527,79537,10
13.0345001221,80.2682037354,79537,79547,10
13.0344400406,80.2681732178,79547,79557,10
13.0341300964,80.2680435181,79557,79568,11
13.0336303711,80.2679214478,79568,79578,10
13.0330896378,80.2678070068,79578,79588,10
13.0326595306,80.2676925659,79588,79598,10
13.032409668,80.2674636841,79598,79608,10
13.0323696136,80.2674407959,79608,79618,10
13.0319595337,80.2672424316,79618,79628,10
13.0312900543,80.2669677734,79628,79638,10
13.0305099487,80.2667922974,79638,79648,10
13.0298099518,80.2666778564,79648,79658,10
13.029299736,80.2666015625,79658,79669,11
13.0289802551,80.2664413452,79669,79679,10
13.0285196304,80.2663421631,79679,79689,10
13.0279302597,80.2662582397,79689,79699,10
13.0272798538,80.2661590576,79699,79709,10
13.0268697739,80.2661132813,79709,79719,10
13.0266895294,80.2660675049,79719,79729,10
13.0262403488,80.2660369873,79729,79749,20
13.0262403488,80.2660369873,79749,79759,10
13.0260896683,80.2661437988,79759,79770,11
13.0262203217,80.2664413452,79770,80062,292
13.0265302658,80.2663574219,80062,80194,132
13.0265302658,80.2663574219,80194,80204,10
13.0265798569,80.2662506104,80204,80244,40
13.0265798569,80.2662506104,80244,80254,10
13.0262498856,80.2663726807,80254,80274,20
13.0262498856,80.2663726807,80274,80285,11
13.0260801315,80.2663574219,80285,80295,10
13.0261001587,80.266166687,80295,80305,10
13.0262298584,80.2659835815,80305,80315,10
13.0263204575,80.2656936646,80315,80325,10
13.0263595581,80.2653198242,80325,80335,10
13.0263900757,80.2649688721,80335,80345,10
13.0264396667,80.2646865845,80345,80355,10
13.0265302658,80.264213562,80355,80749,394
13.0264196396,80.2640075684,80749,81204,455
13.026599884,80.2641372681,81204,81254,50
13.026599884,80.2641372681,81254,81264,10
13.0265903473,80.2637863159,81264,81274,10
13.0267000198,80.2634277344,81274,81284,10
13.0272197723,80.2635269165,81284,81295,11
13.0280199051,80.2637634277,81295,81305,10
13.0287599564,80.2639694214,81305,81315,10
13.0292901993,80.2641525269,81315,81325,10
13.029299736,80.2646179199,81325,81335,10
13.0292701721,80.2653427124,81335,81345,10
13.0292196274,80.2661972046,81345,81355,10
13.0291900635,80.2663879395,81355,81365,10
13.0292701721,80.2665786743,81365,81375,10
13.0297002792,80.2666320801,81375,81385,10
13.030380249,80.2667236328,81385,81396,11
13.0312595367,80.2669296265,81396,81406,10
13.0321702957,80.2673187256,81406,81416,10
13.0328197479,80.2677307129,81416,81426,10
13.034040451,80.2679824829,81426,81446,20
13.034040451,80.2679824829,81446,81456,10
13.0343399048,80.2680587769,81456,81466,10
13.0349597931,80.2679901123,81466,81476,10
13.0356702805,80.2678985596,81476,81486,10
13.0363702774,80.2677764893,81486,81496,10
13.0368795395,80.2674789429,81496,81507,11
13.0370597839,80.2666702271,81507,81547,40
13.0370597839,80.2666702271,81547,81557,10
13.0370998383,80.2665023804,81557,81567,10
13.0371799469,80.2661819458,81567,81577,10
13.0373001099,80.2656784058,81577,81587,10
13.0374603271,80.2650299072,81587,81597,10
13.0376501083,80.2644119263,81597,81608,11
13.0381803513,80.264503479,81608,81618,10
13.0385904312,80.2645874023,81618,81628,10
13.0389604568,80.2646484375,81628,81638,10
13.0395202637,80.2647171021,81638,81648,10
13.0400695801,80.2646026611,81648,81658,10
13.0406103134,80.2646331787,81658,81668,10
13.0406703949,80.2646331787,81668,81678,10
13.0410699844,80.2646484375,81678,81688,10
13.0414495468,80.2649230957,81688,81698,10
13.0413103104,80.2654876709,81698,81709,11
13.0411996841,80.2661895752,81709,81719,10
13.0410900116,80.2669677734,81719,81729,10
13.0409202576,80.2679367065,81729,81739,10
13.0409202576,80.2679367065,81739,81749,10
13.0412902832,80.2681884766,81749,81759,10
13.0415401459,80.2681503296,81759,81769,10
13.0415697098,80.2681503296,81769,81779,10
13.0419301987,80.2681427002,81779,81789,10
13.0425395966,80.2680282593,81789,81799,10
13.0431003571,80.2676773071,81799,81810,11
13.0437097549,80.2672805786,81810,81820,10
13.0442399979,80.2669525146,81820,81830,10
13.0448503494,80.2666931152,81830,81840,10
13.0456600189,80.2666015625,81840,81850,10
13.0464601517,80.2663726807,81850,81859,9
13.0471801758,80.2662963867,81859,81880,21
13.0471801758,80.2662963867,81880,81890,10
13.0474100113,80.2663269043,81890,81900,10
13.0477895737,80.2661819458,81900,81911,11
13.0480699539,80.2659683228,81911,81921,10
13.0485401154,80.2655181885,81921,81931,10
13.0489301682,80.2649002075,81931,81941,10
13.0491800308,80.2642822266,81941,81951,10
13.0497598648,80.2640686035,81951,81961,10
13.0504798889,80.2641372681,81961,81971,10
13.0512104034,80.2640762329,81971,81981,10
13.0518398285,80.2638931274,81981,81991,10
13.0523300171,80.2637634277,81991,82001,10
13.0524301529,80.2637634277,82001,82012,11
13.0529203415,80.2638397217,82012,82022,10
13.0536003113,80.263923645,82022,82032,10
13.0540103912,80.2640762329,82032,82042,10
13.054599762,80.2642593384,82042,82052,10
13.0546302795,80.2642593384,82052,82062,10
13.0548601151,80.2642822266,82062,82072,10
13.055439949,80.2644271851,82072,82082,10
13.0562000275,80.2645187378,82082,82092,10
13.0569601059,80.2646484375,82092,82102,10
13.0570898056,80.2647018433,82102,82113,11
13.0573997498,80.2649078369,82113,82123,10
13.0579204559,80.2650222778,82123,82133,10
13.0579395294,80.2644424438,82133,82143,10
13.0578298569,80.263633728,82143,82153,10
13.0577802658,80.2626495361,82153,82163,10
13.0576696396,80.2618103027,82163,82173,10
13.057559967,80.2610321045,82173,82183,10
13.0579595566,80.2609405518,82183,82193,10
13.0585298538,80.2609329224,82193,82203,10
13.0590801239,80.2608795166,82203,82214,11
13.0597000122,80.2605285645,82214,82224,10
13.0601196289,80.2607574463,82224,82234,10
13.060669899,80.2613677979,82234,82243,9
13.0612096786,80.2619018555,82243,82254,11
13.061920166,80.2626724243,82254,82264,10
13.0625495911,80.2634429932,82264,82274,10
13.062669754,80.2635879517,82274,82284,10
13.0627298355,80.2636795044,82284,82294,10
13.0630102158,80.2640762329,82294,82304,10
13.0635204315,80.2647171021,82304,82315,11
13.0639801025,80.2655334473,82315,82325,10
13.0644798279,80.26612854,82325,82335,10
13.0649299622,80.2666702271,82335,82345,10
13.065320015,80.267036438,82345,82354,9
13.0658197403,80.2675170898,82354,82365,11
13.0663995743,80.2682189941,82365,82375,10
13.06690979,80.2684783936,82375,82385,10
13.0669698715,80.2685089111,82385,82395,10
13.0670404434,80.2685699463,82395,82405,10
13.06731987,80.2687606812,82405,82416,11
13.0678701401,80.2691574097,82416,82426,10
13.0682401657,80.269493103,82426,82436,10
13.068189621,80.2700805664,82436,82446,10
13.0681295395,80.2708129883,82446,82456,10
13.0682601929,80.271522522,82456,82466,10
13.0689601898,80.2719726563,82466,82476,10
13.0696201324,80.2725296021,82476,82486,10
13.0702104568,80.2732009888,82486,82496,10
13.0707902908,80.2739181519,82496,82516,20
13.0707902908,80.2739181519,82516,82527,11
13.0712003708,80.2741088867,82527,82537,10
13.0714902878,80.2741928101,82537,82547,10
13.0715703964,80.2742385864,82547,82557,10
13.071680069,80.2742996216,82557,82567,10
13.072019577,80.274597168,82567,82577,10
13.072520256,80.275138855,82577,82587,10
13.0730895996,80.2757797241,82587,82597,10
13.0736398697,80.2763137817,82597,82607,10
13.0744104385,80.2763519287,82607,82617,10
13.0760002136,80.2762832642,82617,82638,21
13.0760002136,80.2762832642,82638,82648,10
13.076089859,80.2762832642,82648,82658,10
13.0764799118,80.276260376,82658,82668,10
13.0771903992,80.276222229,82668,82678,10
13.0780000687,80.2761230469,82678,82688,10
13.0783004761,80.2754669189,82688,82698,10
13.0788002014,80.2751235962,82698,82708,10
13.0795402527,80.2752609253,82708,82718,10
13.0804395676,80.2752380371,82718,82729,11
13.081319809,80.2751617432,82729,82739,10
13.0815296173,80.275138855,82739,82749,10
13.0816402435,80.275138855,82749,82759,10
13.081990242,80.2755203247,82759,82789,30
13.081990242,80.2755203247,82789,82799,10
13.0820102692,80.2755966187,82799,82809,10
13.0819797516,80.275932312,82809,82819,10
13.0818395615,80.2761688232,82819,82830,11
13.0819301605,80.276802063,82830,82840,10
13.0820503235,80.2776794434,82840,82850,10
13.0821399689,80.2785186768,82850,82860,10
13.0821800232,80.2792892456,82860,82870,10
13.082280159,80.2804412842,82870,82880,10
13.0823497772,80.2814483643,82880,82890,10
13.0825195313,80.2818222046,82890,82900,10
13.0831403732,80.2822113037,82900,82910,10
13.0838499069,80.2826690674,82910,82920,10
13.0844202042,80.2830734253,82920,82931,11
13.0849199295,80.2835617065,82931,82941,10
13.0853099823,80.283821106,82941,82951,10
13.085559845,80.2835464478,82951,82961,10
13.0859498978,80.2835617065,82961,82971,10
13.0863304138,80.2836380005,82971,82981,10
13.0867204666,80.2837524414,82981,82991,10
13.0871200562,80.2837219238,82991,83001,10
13.0874500275,80.2836914063,83001,83011,10
13.087770462,80.2837982178,83011,83516,505
13.087770462,80.2837982178,83516,83526,10
13.0881500244,80.2836227417,83526,83536,10
13.0882997513,80.2833480835,83536,83547,11
13.0882997513,80.2827377319,83547,83557,10
13.0882501602,80.2821121216,83557,83567,10
13.0879297256,80.281463623,83567,83577,10
13.0871200562,80.2812194824,83577,83587,10
13.0861797333,80.2809371948,83587,83596,9
13.085729599,80.2806777954,83596,83607,11
13.0855703354,80.2800064087,83607,83617,10
13.0851898193,80.2794189453,83617,83627,10
13.0844202042,80.2791976929,83627,83637,10
13.0840196609,80.2791595459,83637,83648,11
13.083609581,80.2790679932,83648,83658,10
13.0830402374,80.2788619995,83658,83668,10
13.082909584,80.2787780762,83668,83678,10
13.0823497772,80.2785415649,83678,83688,10
13.081990242,80.2782592773,83688,83698,10
13.0818901062,80.2775192261,83698,83708,10
13.0817899704,80.2766723633,83708,83718,10
13.0816202164,80.2758636475,83718,83728,10
13.081580162,80.2755584717,83728,83738,10
13.0815601349,80.275428772,83738,83749,11
13.0815496445,80.2749633789,83749,83759,10
13.081489563,80.2744598389,83759,83769,10
13.0814199448,80.2738189697,83769,83779,10
13.0813703537,80.2735595703,83779,83789,10
13.0813703537,80.2735519409,83789,83798,9
13.0813798904,80.2734680176,83798,83809,11
13.0813398361,80.2732620239,83809,84062,253
13.0813398361,80.2732620239,84062,84072,10
13.0813598633,80.2730865479,84072,84082,10
13.0813999176,80.2727813721,84082,84092,10
13.0814399719,80.2722091675,84092,84102,10
13.0812597275,80.2714614868,84102,84112,10
13.0809202194,80.2710800171,84112,84122,10
13.0807600021,80.2705917358,84122,84132,10
13.0807199478,80.2698669434,84132,84142,10
13.0807504654,80.2689590454,84142,84153,11
13.0807304382,80.2678375244,84153,84163,10
13.0807199478,80.267578125,84163,84173,10
13.0807104111,80.267036438,84173,84183,10
13.0807104111,80.266242981,84183,84193,10
13.0806903839,80.2652816772,84193,84203,10
13.0805597305,80.2645874023,84203,84213,10
13.080329895,80.2636795044,84213,84223,10
13.0801296234,80.2628631592,84223,84233,10
13.0801200867,80.2628326416,84233,84243,10
13.0801200867,80.2625732422,84243,84254,11
13.0800800323,80.2623977661,84254,84264,10
13.0799598694,80.2617874146,84264,84274,10
13.07970047,80.2611465454,84274,84284,10
13.0794696808,80.2603530884,84284,84294,10
13.0793199539,80.2596817017,84294,84304,10
13.0792303085,80.2588500977,84304,84314,10
13.0791501999,80.2578887939,84314,84324,10
13.0790596008,80.2568969727,84324,84334,10
13.0790596008,80.2565231323,84334,84344,10
13.0790100098,80.2559280396,84344,84355,11
13.0789003372,80.2549209595,84355,84365,10
13.0787696838,80.2539291382,84365,84375,10
13.0787096024,80.253616333,84375,84385,10
13.0787000656,80.2533187866,84385,84395,10
13.0787296295,80.2526702881,84395,84405,10
13.0787401199,80.251953125,84405,84415,10
13.0785703659,80.2513885498,84415,84425,10
13.0785198212,80.2507171631,84425,84435,10
13.078669548,80.2502365112,84435,84445,10
13.0786800385,80.2495574951,84445,84456,11
13.0785102844,80.2487716675,84456,84466,10
13.0783100128,80.2479934692,84466,84476,10
13.0781297684,80.2470016479,84476,84486,10
13.0779800415,80.2461929321,84486,84496,10
13.07791996,80.2455368042,84496,84516,20
13.0777702332,80.244140625,84516,84526,10
13.0778102875,80.2438964844,84526,84536,10
13.0777997971,80.2435379028,84536,84546,10
13.0777301788,80.2430267334,84546,84557,11
13.0776700974,80.2424926758,84557,84567,10
13.0775203705,80.2419281006,84567,84577,10
13.0773897171,80.2414321899,84577,84587,10
13.0771999359,80.2407913208,84587,84597,10
13.0771903992,80.2407608032,84597,84607,10
13.0771398544,80.2405014038,84607,84617,10
13.0770196915,80.2398529053,84617,84627,10
13.0767602921,80.2389602661,84627,84637,10
13.0765104294,80.2380218506,84637,84647,10
13.0763702393,80.2373123169,84647,84658,11
13.076210022,80.2364501953,84658,84668,10
13.0760402679,80.2354278564,84668,84678,10
13.075799942,80.2344589233,84678,84688,10
13.0754804611,80.2336502075,84688,84698,10
13.0752401352,80.2328262329,84698,84708,10
13.0751495361,80.2325668335,84708,84718,10
13.0750198364,80.2320175171,84718,84728,10
13.0748996735,80.231338501,84728,84738,10
13.074640274,80.2305831909,84738,84748,10
13.0743703842,80.2298126221,84748,84758,10
13.074139595,80.2290802002,84758,84769,11
13.0740404129,80.2283401489,84769,84779,10
13.0739603043,80.2275314331,84779,84789,10
13.0738697052,80.2265701294,84789,84799,10
13.0738697052,80.2256622314,84799,84809,10
13.0739402771,80.2247390747,84809,84819,10
13.0740203857,80.2238311768,84819,84829,10
13.0741195679,80.2227401733,84829,84839,10
13.0741996765,80.2217788696,84839,84849,10
13.0743303299,80.2210083008,84849,84859,10
13.0744495392,80.2202072144,84859,84870,11
13.0746202469,80.2193832397,84870,84880,10
13.0747299194,80.2187423706,84880,84890,10
13.074839592,80.2180404663,84890,84900,10
13.0749397278,80.217338562,84900,84910,10
13.0749998093,80.2164916992,84910,84920,10
13.0750198364,80.2163467407,84920,84930,10
13.0750999451,80.216003418,84930,84940,10
13.0752000809,80.2152862549,84940,84950,10
13.0754499435,80.2143630981,84950,84960,10
13.0757799149,80.2135696411,84960,84971,11
13.0762300491,80.212890625,84971,84981,10
13.0766897202,80.2122116089,84981,84991,10
13.07695961,80.2114486694,84991,85001,10
13.0770597458,80.2106781006,85001,85011,10
13.0771303177,80.2100296021,85011,85021,10
13.0771799088,80.2098693848,85021,85031,10
13.0771903992,80.2092514038,85031,85041,10
13.0770998001,80.2083435059,85041,85051,10
13.0770597458,80.2071609497,85051,85061,10
13.0768899918,80.2059783936,85061,85072,11
13.0766496658,80.2047195435,85072,85082,10
13.0764198303,80.2036895752,85082,85092,10
13.076210022,80.2027206421,85092,85102,10
13.0761699677,80.2017822266,85102,85112,10
13.076259613,80.2004776001,85112,85122,10
13.0755901337,80.2000198364,85122,85132,10
13.0745401382,80.1998596191,85132,85142,10
13.0739898682,80.2001800537,85142,85152,10
13.0739202499,80.2002182007,85152,85162,10
13.0737400055,80.2004165649,85162,85173,11
13.0732603073,80.2009735107,85173,85183,10
13.0726499557,80.2016830444,85183,85193,10
13.072019577,80.2023925781,85193,85203,10
13.0712404251,80.2032623291,85203,85213,10
13.0705003738,80.2041473389,85213,85223,10
13.0700397491,80.2047576904,85223,85233,10
13.0699100494,80.2049636841,85233,85243,10
13.0696401596,80.2049407959,85243,85253,10
13.0691795349,80.2048797607,85253,85263,10
13.0686798096,80.2053909302,85263,85274,11
13.0679502487,80.2053527832,85274,85375,101
