13.098859787,80.2403411865,13,23,10
13.098859787,80.2403411865,23,33,10
13.0988998413,80.2401809692,33,43,10
13.0990800858,80.2404098511,43,53,10
13.0990495682,80.2406692505,53,63,10
13.0989704132,80.2408981323,63,73,10
13.0987997055,80.2409210205,73,7887,7814
13.0987701416,80.2409515381,7887,8250,363
13.0987796783,80.2409210205,8250,22717,14467
13.0987796783,80.2409210205,22717,22727,10
13.0989599228,80.2407608032,22727,22738,11
13.0989904404,80.2404098511,22738,22748,10
13.0988502502,80.2401199341,22748,22758,10
13.0986404419,80.2401428223,22758,22768,10
13.0986204147,80.2403564453,22768,22778,10
13.0986204147,80.2406005859,22778,22788,10
13.0986003876,80.2408981323,22788,22798,10
13.0985603333,80.2411804199,22798,22808,10
13.098739624,80.2413330078,22808,24414,1606
13.098739624,80.2413330078,24414,24424,10
13.0988397598,80.2414398193,24424,24434,10
13.0988302231,80.2416610718,24434,24444,10
13.0988197327,80.241859436,24444,24454,10
13.0987796783,80.242149353,24454,24464,10
13.0985403061,80.2422866821,24464,24475,11
13.098110199,80.2422790527,24475,24485,10
13.0976200104,80.2422027588,24485,24495,10
13.0974502563,80.2421035767,24495,24505,10
13.0975399017,80.2416534424,24505,24515,10
13.0976200104,80.2410583496,24515,24525,10
13.0976896286,80.2402496338,24525,24535,10
13.0977401733,80.2396316528,24535,24545,10
13.0977802277,80.239402771,24545,24555,10
13.0977802277,80.2389602661,24555,24565,10
13.0979003906,80.2382507324,24565,24576,11
13.0980701447,80.2373275757,24576,24586,10
13.0982198715,80.2364578247,24586,24596,10
13.0983495712,80.2357025146,24596,24606,10
13.098449707,80.2350997925,24606,24616,10
13.0985002518,80.2347106934,24616,24626,10
13.0985403061,80.2343902588,24626,24636,10
13.0985603333,80.2340164185,24636,24646,10
13.0986003876,80.2334823608,24646,24656,10
13.0986995697,80.2328109741,24656,24666,10
13.0988903046,80.2320632935,24666,24677,11
13.0991697311,80.2313613892,24677,24687,10
13.099240303,80.2312316895,24687,24697,10
13.0993900299,80.2309265137,24697,24707,10
13.0995502472,80.2305374146,24707,24717,10
13.0996398926,80.2302474976,24717,24727,10
13.099729538,80.2298965454,24727,24737,10
13.0997800827,80.229598999,24737,24747,10
13.0998497009,80.2291412354,24747,24757,10
13.0999603271,80.2286224365,24757,24767,10
13.1000404358,80.2280807495,24767,24778,11
13.1000900269,80.2273635864,24778,24788,10
13.100060463,80.2266235352,24788,24798,10
13.0999698639,80.2258987427,24798,24808,10
13.0999202728,80.225479126,24808,24818,10
13.0999002457,80.2252502441,24818,24828,10
13.0997800827,80.2247390747,24828,24838,10
13.0995502472,80.2240371704,24838,24848,10
13.0993795395,80.2237701416,24848,24858,10
13.0992202759,80.2235412598,24858,24868,10
13.0990495682,80.2233123779,24868,24878,10
13.0989398956,80.2231521606,24878,24889,11
13.0987997055,80.2228469849,24889,24899,10
13.0987901688,80.222076416,24899,24909,10
13.0989103317,80.2210617065,24909,24919,10
13.0990600586,80.2201538086,24919,24929,10
13.0991201401,80.2197494507,24929,24939,10
13.0991802216,80.2194595337,24939,24949,10
13.0992298126,80.2192001343,24949,24959,10
13.0993299484,80.2185516357,24959,24969,10
13.0994796753,80.2176132202,24969,24979,10
13.0996999741,80.216796875,24979,24990,11
13.0999202728,80.2160186768,24990,25000,10
13.0999803543,80.2156677246,25000,25010,10
13.1002397537,80.2148590088,25010,25747,737
13.1002397537,80.2148590088,25747,25757,10
13.1002397537,80.2145996094,25757,25767,10
13.100230217,80.2145767212,25767,25777,10
13.1001596451,80.2145004272,25777,25787,10
13.0999698639,80.2144393921,25787,25797,10
13.0996799469,80.2143707275,25797,25808,11
13.0990800858,80.2142028809,25808,25818,10
13.0986003876,80.2140426636,25818,25828,10
13.0983896255,80.2143173218,25828,25838,10
13.0980901718,80.2149963379,25838,25848,10
13.0977401733,80.2158279419,25848,25858,10
13.0974597931,80.2165985107,25858,25868,10
13.0974197388,80.2167129517,25868,25878,10
13.0973596573,80.2168884277,25878,25888,10
13.0971298218,80.2174682617,25888,25898,10
13.0968198776,80.2183303833,25898,25909,11
13.0965995789,80.2191162109,25909,25919,10
13.0963602066,80.2197418213,25919,25929,10
13.0960502625,80.2205963135,25929,25939,10
13.095749855,80.2214202881,25939,25948,9
13.0955600739,80.2220535278,25948,25959,11
13.0954303741,80.2223968506,25959,25969,10
13.0953998566,80.2225112915,25969,25979,10
13.0952196121,80.2229766846,25979,25989,10
13.0947904587,80.2237014771,25989,25999,10
13.0942201614,80.2244720459,25999,26009,10
13.0936403275,80.225151062,26009,26020,11
13.0929098129,80.2258987427,26020,26030,10
13.092300415,80.2265396118,26030,26040,10
13.0912904739,80.2275924683,26040,26060,20
13.0912904739,80.2275924683,26060,26070,10
13.0910997391,80.2277679443,26070,26080,10
13.090669632,80.2282333374,26080,26090,10
13.0900802612,80.2288818359,26090,26100,10
13.0894498825,80.229637146,26100,26111,11
13.0891599655,80.23021698,26111,26121,10
13.0888595581,80.2309265137,26121,26141,20
13.0888595581,80.2309265137,26141,26151,10
13.0887804031,80.2311019897,26151,26161,10
13.0886297226,80.2314834595,26161,26171,10
13.0885000229,80.2319564819,26171,26181,10
13.0883197784,80.2325897217,26181,26191,10
13.0881500244,80.233291626,26191,26207,16
13.0879602432,80.2344207764,26207,26220,13
13.087220192,80.2346115112,26220,26230,10
13.0867700577,80.2345733643,26230,26240,10
13.0863800049,80.2344970703,26240,26250,10
13.0858297348,80.2343978882,26250,26260,10
13.0851402283,80.2342224121,26260,26270,10
13.0844202042,80.2340164185,26270,26279,9
13.0838899612,80.2339096069,26279,26290,11
13.0832595825,80.2338104248,26290,26300,10
13.082449913,80.2336578369,26300,26321,21
13.082449913,80.2336578369,26321,26331,10
13.0821199417,80.2336196899,26331,26341,10
13.0815601349,80.233543396,26341,26351,10
13.0809402466,80.2335205078,26351,26361,10
13.0804004669,80.2335205078,26361,26371,10
13.0798997879,80.233543396,26371,26381,10
13.0796604156,80.2335205078,26381,26391,10
13.0795698166,80.2334365845,26391,26401,10
13.0792102814,80.2335205078,26401,26411,10
13.078669548,80.233543396,26411,26422,11
13.0779895782,80.2335662842,26422,26432,10
13.0772895813,80.2336425781,26432,26442,10
13.0762996674,80.2338409424,26442,26462,20
13.0762996674,80.2338409424,26462,26472,10
13.0759401321,80.2339096069,26472,26482,10
13.0758695602,80.2340164185,26482,26492,10
13.0759801865,80.2344589233,26492,26502,10
13.0761203766,80.2351074219,26502,26512,10
13.076259613,80.2357635498,26512,26523,11
13.0763597488,80.2364501953,26523,26533,10
13.0765600204,80.2372436523,26533,26553,20
13.0765600204,80.2372436523,26553,26563,10
13.0765695572,80.2374801636,26563,26573,10
13.0766401291,80.2378005981,26573,26583,10
13.0766897202,80.2380981445,26583,26593,10
13.0768203735,80.2387237549,26593,26603,10
13.0769996643,80.239440918,26603,26613,10
13.077170372,80.2401428223,26613,26624,11
13.0772695541,80.2406387329,26624,26634,10
13.0773897171,80.2411880493,26634,26644,10
13.0775299072,80.241859436,26644,26654,10
13.0776901245,80.2427062988,26654,26664,10
13.0778303146,80.2437210083,26664,26674,10
13.0778503418,80.2445907593,26674,26684,10
13.0779495239,80.2455673218,26684,26694,10
13.0781202316,80.2466278076,26694,26704,10
13.0783500671,80.2477798462,26704,26714,10
13.0785503387,80.2488098145,26714,26725,11
13.0787296295,80.2496795654,26725,26735,10
13.0785598755,80.25050354,26735,26745,10
13.0785903931,80.2512435913,26745,26755,10
13.0784902573,80.2516403198,26755,26765,10
13.0781402588,80.2517318726,26765,26775,10
13.0774402618,80.2518692017,26775,26785,10
13.0765600204,80.2519989014,26785,26795,10
13.0754699707,80.2521820068,26795,26805,10
13.0748195648,80.252243042,26805,26815,10
13.0741701126,80.2522964478,26815,26825,10
13.0735702515,80.252456665,26825,26836,11
13.0728702545,80.2523498535,26836,26846,10
13.072259903,80.2520217896,26846,26856,10
13.0720996857,80.251159668,26856,26866,10
13.0718803406,80.25050354,26866,26876,10
13.0716495514,80.2497406006,26876,26886,10
13.0712003708,80.247833252,26886,26896,10
13.0712003708,80.247833252,26896,26906,10
13.0710697174,80.2475128174,26906,26916,10
13.0708303452,80.2469863892,26916,26926,10
13.0704603195,80.2462463379,26926,26937,11
13.0699996948,80.2452468872,26937,26947,10
13.0696296692,80.2442626953,26947,26958,11
13.0693101883,80.2433395386,26958,26979,21
13.0693101883,80.2433395386,26979,26989,10
13.0692901611,80.2430877686,26989,26999,10
13.0691604614,80.2426223755,26999,27008,9
13.0684995651,80.2426071167,27008,27018,10
13.0676898956,80.2428588867,27018,27029,11
13.0667295456,80.2433013916,27029,27040,11
13.066160202,80.2438964844,27040,27050,10
13.0662603378,80.244758606,27050,27060,10
13.0664300919,80.2456970215,27060,27070,10
13.0671701431,80.2461776733,27070,27080,10
13.0678396225,80.2465286255,27080,27100,20
13.0678396225,80.2465286255,27100,27110,10
13.0679197311,80.2466812134,27110,27120,10
13.067990303,80.2472763062,27120,27130,10
13.0677204132,80.247833252,27130,27147,17
13.0661697388,80.2477264404,27147,27159,12
13.0648403168,80.2478179932,27159,27169,10
13.0637102127,80.2476806641,27169,27179,10
13.0627698898,80.2476425171,27179,27189,10
13.0618495941,80.2476196289,27189,27199,10
13.0614595413,80.2473373413,27199,27209,10
13.0614995956,80.2468414307,27209,27219,10
13.0618200302,80.246383667,27219,27229,10
13.0620203018,80.2455062866,27229,27239,10
13.0626001358,80.2448501587,27239,27249,10
13.0631198883,80.2443618774,27249,27260,11
13.0631904602,80.2442779541,27260,27270,10
13.0633897781,80.2439422607,27270,27280,10
13.0633497238,80.2435073853,27280,27290,10
13.0627698898,80.2433929443,27290,27300,10
13.0622196198,80.2432937622,27300,27310,10
13.0616397858,80.2432098389,27310,27320,10
13.0614700317,80.2431716919,27320,27330,10
13.0613002777,80.2431182861,27330,27340,10
13.0608196259,80.242980957,27340,27351,11
13.0600500107,80.2427215576,27351,27361,10
13.0593004227,80.2425384521,27361,27371,10
13.0588302612,80.2425918579,27371,27381,10
13.0587701797,80.2425994873,27381,27391,10
13.0583896637,80.2426834106,27391,27401,10
13.0577497482,80.2427978516,27401,27417,16
13.0568599701,80.2427368164,27417,27429,12
13.0560998917,80.2424163818,27429,27439,10
13.0553197861,80.2423019409,27439,27448,9
13.0543899536,80.2424087524,27448,27459,11
13.0539102554,80.2423400879,27459,27470,11
13.0537796021,80.2422714233,27470,27480,10
13.0534696579,80.2420806885,27480,27490,10
13.0530195236,80.2419128418,27490,27500,10
13.0525503159,80.2416992188,27500,27510,10
13.0521602631,80.2411193848,27510,27520,10
13.0520000458,80.2408599854,27520,27530,10
13.0517597198,80.240737915,27530,27540,10
13.0513095856,80.2406616211,27540,27561,21
13.0513095856,80.2406616211,27561,27571,10
13.0510501862,80.2405929565,27571,27581,10
13.0505199432,80.2404708862,27581,27591,10
13.049779892,80.2403106689,27591,27601,10
13.0489997864,80.2401504517,27601,27611,10
13.0481996536,80.239982605,27611,27621,10
13.0473499298,80.2397994995,27621,27631,10
13.0464601517,80.2396316528,27631,27641,10
13.0462799072,80.2394104004,27641,27652,11
13.0464000702,80.2387771606,27652,27662,10
13.0465698242,80.237953186,27662,27672,10
13.0467596054,80.2369766235,27672,27682,10
13.0469102859,80.2362289429,27682,27692,10
13.0469903946,80.2358932495,27692,27702,10
13.0470304489,80.2356796265,27702,27712,10
13.0470600128,80.2354812622,27712,27722,10
13.0471496582,80.2348937988,27722,27732,10
13.0472402573,80.2341003418,27732,27742,10
13.0473003387,80.2333374023,27742,27752,10
13.0470895767,80.2330169678,27752,27763,11
13.0464296341,80.2329177856,27763,27779,16
13.0455799103,80.2327194214,27779,27791,12
13.0453996658,80.2326889038,27791,27801,10
13.0453195572,80.2326583862,27801,27811,10
13.0448999405,80.2325820923,27811,27821,10
13.0440301895,80.232421875,27821,27831,10
13.0431804657,80.2323608398,27831,27841,10
13.042429924,80.2323532104,27841,27851,10
13.0416698456,80.2322616577,27851,27862,11
13.0406503677,80.2319564819,27862,27872,10
13.0396995544,80.2317199707,27872,27882,10
13.0386896133,80.2314682007,27882,27892,10
13.0376596451,80.2311019897,27892,27902,10
13.0370397568,80.2308883667,27902,27912,10
13.0368003845,80.230796814,27912,27922,10
13.0363397598,80.2305984497,27922,27932,10
13.0357398987,80.2304534912,27932,27942,10
13.0352602005,80.2303009033,27942,27963,21
13.0352602005,80.2303009033,27963,27973,10
13.0350103378,80.2303314209,27973,27983,10
13.0346698761,80.2303695679,27983,27993,10
13.0335903168,80.2304534912,27993,28023,30
13.0335903168,80.2304534912,28023,28033,10
13.0334796906,80.2304763794,28033,28043,10
13.0329999924,80.2304916382,28043,28053,10
13.0322399139,80.2305908203,28053,28064,11
13.0312299728,80.2306976318,28064,28074,10
13.0303897858,80.2307662964,28074,28084,10
13.0298500061,80.2308273315,28084,28094,10
13.0297603607,80.2308425903,28094,28104,10
13.0293703079,80.2308883667,28104,28114,10
13.0287103653,80.2309265137,28114,28124,10
13.0280199051,80.2309799194,28124,28134,10
13.0277204514,80.2311477661,28134,28144,10
13.0277700424,80.231628418,28144,28154,10
13.0278396606,80.2321777344,28154,28165,11
13.0279197693,80.2327575684,28165,28175,10
13.0273504257,80.2328872681,28175,28195,20
13.0273504257,80.2328872681,28195,28205,10
13.0272102356,80.232963562,28205,28215,10
13.0269603729,80.233001709,28215,28225,10
13.0267000198,80.233039856,28225,28235,10
13.0263500214,80.2327194214,28235,28245,10
13.026140213,80.2320404053,28245,28255,10
13.0259199142,80.2311935425,28255,28266,11
13.0255002975,80.2302474976,28266,28276,10
13.0249595642,80.2294769287,28276,28286,10
13.0246200562,80.2290725708,28286,28296,10
13.024140358,80.2284698486,28296,28316,20
13.024140358,80.2284698486,28316,28326,10
13.0241203308,80.2284393311,28326,28336,10
13.0238704681,80.2281188965,28336,28346,10
13.0236101151,80.2278366089,28346,28356,10
13.0235500336,80.2277832031,28356,28367,11
13.0234804153,80.227722168,28367,28377,10
13.0231199265,80.2273864746,28377,28387,10
13.022600174,80.2268829346,28387,28397,10
13.02202034,80.226348877,28397,28407,10
13.0212402344,80.2257232666,28407,28417,10
13.0204601288,80.225151062,28417,28427,10
13.0201101303,80.2249221802,28427,28437,10
13.0200595856,80.224899292,28437,28447,10
13.0197401047,80.2246704102,28447,28457,10
13.0190496445,80.2244796753,28457,28467,10
13.0180702209,80.2248001099,28467,28478,11
13.0170001984,80.2252426147,28478,28494,16
13.0160799026,80.2255935669,28494,28506,12
13.0153799057,80.2258605957,28506,28516,10
13.014840126,80.2260894775,28516,28525,9
13.0143203735,80.2263031006,28525,28536,11
13.0141897202,80.2263412476,28536,28546,10
13.0136404037,80.2265472412,28546,28556,10
13.0127696991,80.2268829346,28556,28566,10
13.0117702484,80.2272796631,28566,28576,10
13.010720253,80.2277069092,28576,28587,11
13.0097103119,80.2281265259,28587,28596,9
13.0091400146,80.2287826538,28596,28607,11
13.0089302063,80.2298812866,28607,28617,10
13.0086803436,80.2311782837,28617,28627,10
13.0084600449,80.2323303223,28627,28637,10
13.0083198547,80.2332992554,28637,28657,20
13.0083198547,80.2332992554,28657,28667,10
13.0082902908,80.2334899902,28667,28678,11
13.0081596375,80.2339477539,28678,28688,10
13.0080404282,80.2345123291,28688,28698,10
13.0079603195,80.2349395752,28698,28708,10
13.0078697205,80.2354507446,28708,28718,10
13.0077199936,80.2361907959,28718,28728,10
13.0075397491,80.2370986938,28728,28738,10
13.0073404312,80.2380981445,28738,28748,10
13.0072002411,80.2388916016,28748,28758,10
13.007060051,80.2395706177,28758,28768,10
13.0069904327,80.2399978638,28768,28778,10
13.0069198608,80.2406234741,28778,28799,21
13.0069198608,80.2406234741,28799,28809,10
13.0068397522,80.2410430908,28809,28819,10
13.0067901611,80.2416915894,28819,28829,10
13.006770134,80.2426605225,28829,28869,40
13.006770134,80.2426605225,28869,28880,11
13.0067300797,80.2429122925,28880,28890,10
13.0067396164,80.2432022095,28890,28900,10
13.0067300797,80.2434234619,28900,28910,10
13.0067300797,80.2437820435,28910,28920,10
13.0067300797,80.2442703247,28920,28940,20
13.0067300797,80.2442703247,28940,28950,10
13.0067396164,80.2445678711,28950,28980,30
13.0067396164,80.2445678711,28980,28991,11
13.0067195892,80.2447662354,28991,29001,10
13.0067501068,80.2452087402,29001,29017,16
13.0067796707,80.2458724976,29017,29029,12
13.006819725,80.2467498779,29029,29039,10
13.0067901611,80.2474212646,29039,29049,10
13.0067996979,80.2484893799,29049,29059,10
13.0069103241,80.2495193481,29059,29079,20
13.0069103241,80.2495193481,29079,29090,11
13.0069103241,80.2498474121,29090,29100,10
13.0068798065,80.2505722046,29100,29110,10
13.0068798065,80.2512969971,29110,29120,10
13.0067195892,80.2519989014,29120,29130,10
13.0066003799,80.252822876,29130,29140,10
13.0066099167,80.2537689209,29140,29150,10
13.0066604614,80.2546310425,29150,29160,10
13.0066604614,80.2547531128,29160,29170,10
13.0066604614,80.2549209595,29170,29180,10
13.0066699982,80.255569458,29180,29191,11
13.0066604614,80.2565383911,29191,29201,10
13.0066795349,80.2571563721,29201,29211,10
13.0065498352,80.2575378418,29211,29221,10
13.0062599182,80.257522583,29221,29231,10
13.0057401657,80.2573928833,29231,29241,10
13.0050601959,80.2572021484,29241,29251,10
13.004240036,80.2570571899,29251,29261,10
13.0034599304,80.2568969727,29261,29271,10
13.0027503967,80.2567977905,29271,29281,10
13.0019397736,80.256652832,29281,29291,10
13.0010404587,80.2565536499,29291,29302,11
13.0002298355,80.2564315796,29302,29312,10
13.0001602173,80.2564163208,29312,29322,10
12.9999399185,80.2563476563,29322,29332,10
12.9993000031,80.2562026978,29332,29342,10
12.9984998703,80.2560806274,29342,29352,10
12.9978103638,80.2559967041,29352,29362,10
12.9972801208,80.2559661865,29362,29382,20
12.9972801208,80.2559661865,29382,29392,10
12.9970397949,80.2559814453,29392,29403,11
12.996919632,80.2563400269,29403,29413,10
12.9968595505,80.256942749,29413,29423,10
12.9968500137,80.2569885254,29423,29433,10
12.9968299866,80.2572021484,29433,29443,10
12.9967603683,80.257850647,29443,29453,10
12.9966697693,80.2587509155,29453,29463,10
12.9965600967,80.2596511841,29463,29473,10
12.996509552,80.260307312,29473,29483,10
12.9964103699,80.2612991333,29483,29493,10
12.9963302612,80.2620697021,29493,29504,11
12.9962797165,80.2623977661,29504,29514,10
12.9962301254,80.2626876831,29514,29524,10
12.9961795807,80.2633209229,29524,29534,10
12.9961004257,80.2641525269,29534,29544,10
12.9960002899,80.2650604248,29544,29554,10
12.9958696365,80.2661972046,29554,29564,10
12.9957504272,80.2672805786,29564,29574,10
12.9958000183,80.2676696777,29574,29584,10
12.9960403442,80.2677078247,29584,29594,10
12.9962396622,80.2677230835,29594,29605,11
12.9965896606,80.2677764893,29605,29615,10
12.9973297119,80.2676086426,29615,29625,10
12.9982004166,80.2673568726,29625,29635,10
12.9991703033,80.2670822144,29635,29645,10
13.0,80.2667770386,29645,29655,10
13.0000495911,80.2667388916,29655,29671,16
13.0002202988,80.266166687,29671,29683,12
13.0002603531,80.2657394409,29683,29691,8
13.00041008,80.2657775879,29691,29794,103
13.0003995895,80.2659683228,29794,30956,1162
13.0003995895,80.2659683228,30956,30966,10
13.0003700256,80.2661819458,30966,30976,10
13.0003404617,80.2663803101,30976,30986,10
13.0003499985,80.2664413452,30986,30996,10
13.0003404617,80.2666931152,30996,31006,10
13.0002498627,80.2668380737,31006,31016,10
12.9999799728,80.2669296265,31016,31026,10
12.999420166,80.2670822144,31026,31036,10
12.9987001419,80.2672805786,31036,31046,10
12.9978599548,80.2675018311,31046,31057,11
12.9969396591,80.2677993774,31057,31067,10
12.9960699081,80.267791748,31067,31077,10
12.9956798553,80.2674179077,31077,31097,20
12.9956798553,80.2674179077,31097,31107,10
12.9956903458,80.2672805786,31107,31117,10
12.995759964,80.2667617798,31117,31127,10
12.9958295822,80.2660522461,31127,31137,10
12.9959201813,80.2652511597,31137,31147,10
12.9960203171,80.2644424438,31147,31158,11
12.9961204529,80.2635269165,31158,31168,10
12.9961900711,80.2626571655,31168,31188,20
12.9961900711,80.2626571655,31188,31198,10
12.9962100983,80.2625579834,31198,31208,10
12.9962596893,80.2621688843,31208,31218,10
12.9963197708,80.2616119385,31218,31228,10
12.9963998795,80.2608795166,31228,31238,10
12.9965000153,80.2600631714,31238,31248,10
12.9965295792,80.2594985962,31248,31259,11
12.9965295792,80.2594909668,31259,31269,10
12.9965696335,80.2591781616,31269,31279,10
12.9966402054,80.2584762573,31279,31289,10
12.9967403412,80.2575912476,31289,31299,10
12.9968395233,80.2563171387,31299,31360,61
12.9968395233,80.2563171387,31360,31370,10
12.9968395233,80.2562713623,31370,31380,10
12.9968795776,80.256072998,31380,31390,10
12.9971399307,80.255859375,31390,31400,10
12.9977502823,80.2558898926,31400,31410,10
12.9987802505,80.2559967041,31410,31430,20
12.9987802505,80.2559967041,31430,31440,10
12.9990797043,80.2560501099,31440,31491,51
12.9990797043,80.2560501099,31491,31501,10
12.9994497299,80.2561264038,31501,31511,10
13.0001001358,80.2562637329,31511,31521,10
13.0008001328,80.2563781738,31521,31531,10
13.0013599396,80.2564926147,31531,31541,10
13.0020799637,80.2565994263,31541,31551,10
13.0024995804,80.2566833496,31551,31561,10
13.0030403137,80.2567901611,31561,31572,11
13.0037403107,80.2569198608,31572,31582,10
13.0044202805,80.2570419312,31582,31592,10
13.0048103333,80.2571182251,31592,31602,10
13.0054397583,80.2572097778,31602,31612,10
13.0058097839,80.25730896,31612,31628,16
13.0058202744,80.2573165894,31628,31640,12
13.0059099197,80.2573623657,31640,31648,8
13.0061397552,80.2573699951,31648,31660,12
13.0065402985,80.2571792603,31660,31670,10
13.0064697266,80.2564926147,31670,31681,11
13.006480217,80.2557220459,31681,31691,10
13.0065097809,80.2549362183,31691,31701,10
13.006480217,80.2540130615,31701,31711,10
13.006480217,80.2532730103,31711,31721,10
13.006480217,80.2532424927,31721,31731,10
13.0065002441,80.2530593872,31731,31740,9
13.0065002441,80.2528762817,31740,31751,11
13.0065498352,80.252281189,31751,31761,10
13.0065803528,80.2521133423,31761,31771,10
13.0066604614,80.2517471313,31771,31782,11
13.0067501068,80.2509613037,31782,31792,10
13.0067195892,80.2500610352,31792,31802,10
13.0067195892,80.2496795654,31802,31812,10
13.0066995621,80.2493972778,31812,31822,10
13.006649971,80.2485198975,31822,31852,30
13.006649971,80.2485198975,31852,31862,10
13.0066604614,80.2482910156,31862,31872,10
13.0066404343,80.2474975586,31872,32004,132
13.0066404343,80.2474975586,32004,32014,10
13.0066299438,80.2473297119,32014,32024,10
13.0065803528,80.2464904785,32024,32044,20
13.0065803528,80.2464904785,32044,32054,10
13.0065898895,80.2464599609,32054,32064,10
13.0066204071,80.2460784912,32064,32074,10
13.0066204071,80.2454986572,32074,32084,10
13.0066003799,80.2449188232,32084,32095,11
13.0065803528,80.2443618774,32095,32105,10
13.0065698624,80.2438430786,32105,32115,10
13.0065202713,80.2431869507,32115,32125,10
13.0065202713,80.2423477173,32125,32135,10
13.0065202713,80.2416992188,32135,32145,10
13.006529808,80.2416915894,32145,32155,10
13.0065498352,80.2415771484,32155,32165,10
13.0066003799,80.2410964966,32165,32175,10
13.0066900253,80.240447998,32175,32185,10
13.0068101883,80.2397613525,32185,32196,11
13.0070400238,80.2386398315,32196,32206,10
13.0072803497,80.2375335693,32206,32216,10
13.0074195862,80.2367172241,32216,32246,30
13.0074195862,80.2367172241,32246,32256,10
13.0075397491,80.236366272,32256,32266,10
13.0076704025,80.235710144,32266,32276,10
13.0078296661,80.2349395752,32276,32286,10
13.0080604553,80.2337799072,32286,32297,11
13.008310318,80.2324905396,32297,32307,10
13.0085296631,80.2313537598,32307,32317,10
13.0087499619,80.2302017212,32317,32327,10
13.0089597702,80.2291183472,32327,32337,10
13.0091896057,80.2281265259,32337,32347,10
13.00963974,80.2271118164,32347,32357,10
13.010140419,80.2260665894,32357,32367,10
13.0105400085,80.2252731323,32367,32377,10
13.0108995438,80.2244720459,32377,32387,10
13.0113401413,80.2235031128,32387,32397,10
13.0116901398,80.2226791382,32397,32408,11
13.0119800568,80.2216796875,32408,32418,10
13.0123300552,80.2213821411,32418,32428,10
13.0125598907,80.2217636108,32428,32438,10
13.0130195618,80.2223587036,32438,32448,10
13.0136098862,80.2230224609,32448,32458,10
13.0141401291,80.2236328125,32458,32468,10
13.0146303177,80.2242507935,32468,32478,10
13.0152797699,80.2248306274,32478,32498,20
13.0152797699,80.2248306274,32498,32509,11
13.0153598785,80.2248535156,32509,32519,10
13.0155897141,80.2249984741,32519,32529,10
13.0156097412,80.2250213623,32529,32539,10
13.0157804489,80.2251815796,32539,32549,10
13.0162200928,80.2253265381,32549,32559,10
13.0169401169,80.2251434326,32559,32575,16
13.018289566,80.224609375,32575,32587,12
13.0192804337,80.2243423462,32587,32595,8
13.019610405,80.2244033813,32595,32607,12
13.0197200775,80.2244873047,32607,32618,11
13.0200901031,80.2247619629,32618,32628,10
13.0207300186,80.225227356,32628,32638,10
13.0212898254,80.2256698608,32638,32648,10
13.0219097137,80.2261123657,32648,32668,20
13.0219097137,80.2261123657,32668,32678,10
13.0220298767,80.2262268066,32678,32688,10
13.0224599838,80.2265777588,32688,32698,10
13.0229902267,80.2270507813,32698,32709,11
13.0232601166,80.2273178101,32709,32719,10
13.0234003067,80.2274475098,32719,32729,10
13.0235996246,80.2275924683,32729,32789,60
13.0235996246,80.2275924683,32789,32799,10
13.0237998962,80.2277374268,32799,32810,11
13.0240402222,80.2279815674,32810,32820,10
13.0242700577,80.2282867432,32820,32830,10
13.0245304108,80.2286529541,32830,32840,10
13.0247001648,80.2288818359,32840,32850,10
13.0248403549,80.2291107178,32850,32860,10
13.0251703262,80.2295303345,32860,32870,10
13.0256299973,80.2301712036,32870,32880,10
13.0258398056,80.230506897,32880,32890,10
13.0259103775,80.2306594849,32890,32921,31
13.0259103775,80.2306594849,32921,32931,10
13.0259599686,80.2308425903,32931,32941,10
13.0260295868,80.2312011719,32941,32951,10
13.0262298584,80.2313537598,32951,32961,10
13.0269203186,80.2311325073,32961,32971,10
13.0277395248,80.2309570313,32971,32981,10
13.0284404755,80.2309036255,32981,32991,10
13.0285797119,80.2309188843,32991,33001,10
13.0287799835,80.2308807373,33001,33011,10
13.0292901993,80.2308425903,33011,33022,11
13.029800415,80.2308197021,33022,33032,10
13.0292901993,80.2308120728,33032,33042,10
13.0292396545,80.2308502197,33042,33052,10
13.0292196274,80.2308578491,33052,33062,10
13.0295000076,80.2307662964,33062,33072,10
13.0299196243,80.2307434082,33072,33082,10
13.0304002762,80.2306976318,33082,33092,10
13.0308904648,80.2306594849,33092,33102,10
13.0312700272,80.2306518555,33102,33118,16
13.0323696136,80.2305374146,33118,33131,13
13.033200264,80.23046875,33131,33141,10
13.0338201523,80.230430603,33141,33149,8
13.0340995789,80.2303771973,33149,33161,12
13.0344400406,80.2303237915,33161,33221,60
13.0344400406,80.2303237915,33221,33231,10
13.034910202,80.2303390503,33231,33242,11
13.0349998474,80.2307281494,33242,33252,10
13.0349302292,80.2313766479,33252,33262,10
13.0348596573,80.2319564819,33262,33272,10
13.0347700119,80.2325973511,33272,33282,10
13.0347604752,80.2327804565,33282,33292,10
13.0347499847,80.2329406738,33292,33302,10
13.0347099304,80.2331771851,33302,33312,10
13.0346498489,80.233581543,33312,33322,10
13.0346002579,80.2339401245,33322,33333,11
13.0345001221,80.2347488403,33333,33343,10
13.0343704224,80.2357025146,33343,33353,10
13.0342702866,80.2367401123,33353,33363,10
13.0342597961,80.2375869751,33363,33374,11
13.0342597961,80.2375869751,33374,33413,39
13.0342998505,80.237449646,33413,33423,10
13.0345897675,80.2379074097,33423,33433,10
13.0349798203,80.2385025024,33433,33444,11
13.035369873,80.2391586304,33444,33454,10
13.035779953,80.2393798828,33454,33464,10
13.0365400314,80.2394714355,33464,33474,10
13.0374202728,80.2395401001,33474,33484,10
13.0382204056,80.2396316528,33484,33494,10
13.0387096405,80.2397003174,33494,33509,15
13.0392599106,80.2397613525,33509,33519,10
13.0398197174,80.2398376465,33519,33528,9
13.0402603149,80.2398986816,33528,33539,11
13.0404100418,80.2403030396,33539,33550,11
13.0408802032,80.2405471802,33550,33560,10
13.0410699844,80.2405700684,33560,33570,10
13.0412902832,80.2406082153,33570,33580,10
13.0418996811,80.2406921387,33580,33590,10
13.0426797867,80.2407836914,33590,33600,10
13.0435495377,80.2408905029,33600,33610,10
13.0441503525,80.2408599854,33610,33620,10
13.0446596146,80.2404785156,33620,33640,20
13.0446596146,80.2404785156,33640,33651,11
13.0447797775,80.2403564453,33651,33661,10
13.045129776,80.2400894165,33661,33671,10
13.045419693,80.2399215698,33671,33681,10
13.0457000732,80.2397613525,33681,33691,10
13.0460596085,80.2395095825,33691,33701,10
13.0461597443,80.2394638062,33701,33711,10
13.046500206,80.2395401001,33711,33721,10
13.0465803146,80.2395782471,33721,33731,10
13.046959877,80.2396621704,33731,33741,10
13.0475301743,80.2397689819,33741,33752,11
13.0484399796,80.2399520874,33752,33762,10
13.0492095947,80.2401123047,33762,33772,10
13.0497303009,80.240196228,33772,33782,10
13.0501403809,80.2403182983,33782,33791,9
13.0507898331,80.2404632568,33791,33802,11
13.0512399673,80.2405471802,33802,33812,10
13.0513801575,80.2405776978,33812,33821,9
13.0518398285,80.2406616211,33821,33832,11
13.052570343,80.2411422729,33832,33842,10
13.0526399612,80.2414703369,33842,33853,11
13.05286026,80.2417221069,33853,33863,10
13.0535402298,80.2420120239,33863,33873,10
13.0540704727,80.2422180176,33873,33883,10
13.0540800095,80.2422180176,33883,33893,10
13.0541496277,80.2422103882,33893,33903,10
13.0545902252,80.2422790527,33903,33913,10
13.0553703308,80.2421875,33913,33923,10
13.0561599731,80.2423782349,33923,33933,10
13.0567502975,80.2425613403,33933,33984,51
13.0567502975,80.2425613403,33984,33994,10
13.0570001602,80.2426071167,33994,34004,10
13.0574398041,80.2427597046,34004,34014,10
13.0577001572,80.2427368164,34014,34024,10
13.0580596924,80.2426986694,34024,34034,10
13.0587997437,80.2425384521,34034,34044,10
13.0594997406,80.242477417,34044,34054,10
13.060210228,80.2427215576,34054,34065,11
13.0606899261,80.2428817749,34065,34075,10
13.0611095428,80.2430419922,34075,34085,10
13.0615997314,80.2431716919,34085,34095,10
13.0623397827,80.2432785034,34095,34105,10
13.0625095367,80.243309021,34105,34115,10
13.0625896454,80.2433166504,34115,34125,10
13.0630702972,80.2434310913,34125,34135,10
13.0637302399,80.2434921265,34135,34145,10
13.0642795563,80.2435073853,34145,34155,10
13.0655498505,80.2435302734,34155,34236,81
13.0655498505,80.2435302734,34236,34246,10
13.0659399033,80.243522644,34246,34256,10
13.0663404465,80.2434005737,34256,34266,10
13.0667800903,80.2432174683,34266,34277,11
13.0672702789,80.242980957,34277,34287,10
13.0678796768,80.2427368164,34287,34297,10
13.0686302185,80.2425231934,34297,34307,10
13.0693702698,80.2422027588,34307,34317,10
13.0699901581,80.2420501709,34317,34337,20
13.0699901581,80.2420501709,34337,34347,10
13.0701999664,80.2420196533,34347,34357,10
13.0708198547,80.2418365479,34357,34368,11
13.0716495514,80.2415084839,34368,34378,10
13.0725002289,80.2409820557,34378,34388,10
13.0732803345,80.2406997681,34388,34398,10
13.0739002228,80.2405090332,34398,34408,10
13.0747804642,80.2404632568,34408,34418,10
13.0757703781,80.2404403687,34418,34428,10
13.0766296387,80.2405166626,34428,34438,10
13.0770702362,80.2405090332,34438,34448,10
13.0771398544,80.2402496338,34448,34458,10
13.0771198273,80.239616394,34458,34468,10
13.0768899918,80.2387619019,34468,34479,11
13.0767002106,80.2381820679,34479,34489,10
13.0767202377,80.2381591797,34489,34499,10
13.0767402649,80.2379302979,34499,34509,10
13.0767002106,80.237487793,34509,34519,10
13.0766401291,80.2373580933,34519,34529,10
13.07654953,80.2373123169,34529,34539,10
13.0763998032,80.2368087769,34539,34549,10
13.0762500763,80.2360992432,34549,34559,10
13.0761203766,80.2355499268,34559,34569,10
13.0759601593,80.2349014282,34569,34580,11
13.075799942,80.2341766357,34580,34600,20
13.075799942,80.2341766357,34600,34610,10
13.0758495331,80.2340316772,34610,34620,10
13.0761404037,80.2337417603,34620,34630,10
13.0767097473,80.2336578369,34630,34640,10
13.076880455,80.2336425781,34640,34650,10
13.0774297714,80.2335586548,34650,34660,10
13.0779800415,80.2335281372,34660,34670,10
13.0787096024,80.2334976196,34670,34681,11
13.0796203613,80.2334823608,34681,34691,10
13.0803203583,80.2334671021,34691,34701,10
13.0804004669,80.2334823608,34701,34711,10
13.0808897018,80.2334899902,34711,34721,10
13.0817203522,80.2335128784,34721,34731,10
13.0820503235,80.233291626,34731,34741,10
13.082110405,80.2325363159,34741,34751,10
13.0824203491,80.2316207886,34751,34761,10
13.08273983,80.2308425903,34761,34771,10
13.0830001831,80.2306213379,34771,34781,10
13.08314991,80.2309494019,34781,34798,17
13.0832700729,80.2323989868,34798,34810,12
13.0834703445,80.2331619263,34810,34820,10
13.0835199356,80.2334213257,34820,34830,10
13.0835800171,80.2337112427,34830,34840,10
13.083990097,80.2338562012,34840,34850,10
13.0840597153,80.2338790894,34850,34859,9
13.0841703415,80.2339324951,34859,34870,11
13.0846004486,80.234046936,34870,34880,10
13.0849103928,80.2341079712,34880,34892,12
13.0852804184,80.2341766357,34892,34902,10
13.0859098434,80.2343521118,34902,34912,10
13.0866699219,80.2344970703,34912,34922,10
13.087679863,80.2344589233,34922,34932,10
13.0880002975,80.2337036133,34932,34942,10
13.0881595612,80.232673645,34942,34952,10
13.0884304047,80.2316207886,34952,34962,10
13.0887403488,80.2307815552,34962,34972,10
13.0888700485,80.2304763794,34972,34982,10
13.0888996124,80.2304077148,34982,34993,11
13.0891599655,80.2298431396,34993,35003,10
13.089679718,80.2290725708,35003,35013,10
13.0903701782,80.2283401489,35013,35023,10
13.0913801193,80.2272491455,35023,35042,19
13.0913801193,80.2272491455,35042,35053,11
13.0916500092,80.2270126343,35053,35063,10
13.0922403336,80.2264480591,35063,35073,10
13.0929002762,80.2257766724,35073,35083,10
13.0932197571,80.2254180908,35083,35093,10
13.0934200287,80.2251968384,35093,35104,11
13.0938100815,80.2247695923,35104,35114,10
13.094329834,80.2240829468,35114,35124,10
13.0949697495,80.2231216431,35124,35134,10
13.0952100754,80.2225189209,35134,35144,10
13.0953598022,80.2221984863,35144,35154,10
13.0956296921,80.2214584351,35154,35164,10
13.0959701538,80.2205200195,35164,35174,10
13.0962400436,80.2196731567,35174,35184,10
13.0963802338,80.2193222046,35184,35205,21
13.0963802338,80.2193222046,35205,35215,10
13.0965299606,80.2189483643,35215,35225,10
13.0967502594,80.2182769775,35225,35235,10
13.0970602036,80.2173614502,35235,35245,10
13.0973796844,80.2164306641,35245,35255,10
13.0977802277,80.2155227661,35255,35265,10
13.0982398987,80.2144927979,35265,35285,20
13.0983104706,80.2143630981,35285,35326,41
13.0983104706,80.2143630981,35326,35342,16
13.0984201431,80.2141571045,35342,35354,12
13.0987796783,80.2139663696,35354,35364,10
13.0992898941,80.2142181396,35364,35374,10
13.0996704102,80.2143096924,35374,35384,10
13.1002397537,80.2144699097,35384,35405,21
13.1002397537,80.2144699097,35405,35415,10
13.1005897522,80.2146530151,35415,35425,10
13.100399971,80.2152175903,35425,35434,9
13.1001195908,80.2159194946,35434,35445,11
13.0999803543,80.2160263062,35445,35455,10
13.1000204086,80.2155990601,35455,35465,10
13.1002597809,80.2150878906,35465,35475,10
13.1002597809,80.2146835327,35475,35516,41
13.1000900269,80.2145614624,35516,36334,818
13.1000900269,80.2145614624,36334,36344,10
13.0992898941,80.2142715454,36344,36354,10
13.0987997055,80.2141189575,36354,36364,10
13.0984401703,80.2141189575,36364,36374,10
13.0982198715,80.2146377563,36374,36384,10
13.0979003906,80.2153625488,36384,36394,10
13.0975503922,80.216178894,36394,36404,10
13.0973701477,80.2166824341,36404,36414,10
13.0973596573,80.2166900635,36414,36424,10
13.097240448,80.2169570923,36424,36434,10
13.0970096588,80.2175827026,36434,36445,11
13.0967197418,80.2184066772,36445,36455,10
13.0965900421,80.2189788818,36455,36465,10
13.0964202881,80.2193984985,36465,36475,10
13.0961799622,80.2200775146,36475,36485,10
13.0958995819,80.2208480835,36485,36495,10
13.0956802368,80.221496582,36495,36505,10
13.0954999924,80.222076416,36505,36515,10
13.0954198837,80.2223587036,36515,36525,10
13.0953197479,80.2225265503,36525,36535,10
13.0951299667,80.2229995728,36535,36546,11
13.0946903229,80.2237625122,36546,36556,10
13.0942001343,80.2244262695,36556,36572,16
13.0932798386,80.2255020142,36572,36584,12
13.0926799774,80.2261428833,36584,36594,10
13.0924797058,80.226348877,36594,36604,10
13.0919303894,80.2269134521,36604,36614,10
13.0912799835,80.2275924683,36614,36634,20
13.0912799835,80.2275924683,36634,36644,10
13.0911502838,80.2277374268,36644,36655,11
13.0907802582,80.2281112671,36655,36665,10
13.0903396606,80.2285690308,36665,36675,10
13.089799881,80.2291564941,36675,36685,10
13.0893297195,80.2299118042,36685,36695,10
13.0891704559,80.23021698,36695,36705,10
13.0888595581,80.2308807373,36705,36725,20
13.0888595581,80.2308807373,36725,36735,10
13.0888004303,80.2310180664,36735,36745,10
13.088640213,80.2313995361,36745,36756,11
13.08852005,80.2317733765,36756,36766,10
13.0883798599,80.2322463989,36766,36776,10
13.0882396698,80.2327194214,36776,36786,10
13.0881004333,80.2333602905,36786,36796,10
13.088060379,80.2340316772,36796,36806,10
13.0875597,80.2344589233,36806,36816,10
13.0868797302,80.2344512939,36816,36826,10
13.0862798691,80.2343902588,36826,36836,10
13.0857400894,80.2343063354,36836,36846,10
13.0853900909,80.2342605591,36846,36857,11
13.0848197937,80.23412323,36857,36867,10
13.0842103958,80.2339706421,36867,36877,10
13.0836400986,80.2338485718,36877,36887,10
13.0831403732,80.2338027954,36887,36897,10
13.082400322,80.2336273193,36897,36917,20
13.082400322,80.2336273193,36917,36927,10
13.0820198059,80.2335891724,36927,36937,10
13.0814504623,80.2335662842,36937,36947,10
13.0808095932,80.2335510254,36947,36957,10
13.0803203583,80.2335586548,36957,36968,11
13.0797595978,80.233543396,36968,36978,10
13.0789699554,80.2335510254,36978,36988,10
13.0780897141,80.2335968018,36988,36998,10
13.0770902634,80.2336807251,36998,37008,10
13.0761604309,80.2338409424,37008,37028,20
13.0761604309,80.2338409424,37028,37038,10
13.0760803223,80.23387146,37038,37048,10
13.0758800507,80.2340164185,37048,37058,10
13.075920105,80.2341918945,37058,37069,11
13.0759801865,80.2345962524,37069,37079,10
13.0761404037,80.2352905273,37079,37089,10
13.0762996674,80.2361221313,37089,37099,10
13.0764799118,80.237159729,37099,37119,20
13.0764799118,80.237159729,37119,37129,10
13.07654953,80.2373886108,37129,37139,10
13.0766496658,80.2378311157,37139,37149,10
13.0766601563,80.2378463745,37149,37159,10
13.0766601563,80.2378997803,37159,37170,11
13.0767402649,80.2383728027,37170,37180,10
13.076880455,80.2389831543,37180,37190,10
13.077050209,80.2397613525,37190,37200,10
13.077249527,80.2404937744,37200,37210,10
13.0773696899,80.2410812378,37210,37220,10
13.0773801804,80.2413482666,37220,37230,10
13.0775203705,80.2418136597,37230,37240,10
13.0776901245,80.2425765991,37240,37250,10
13.0777997971,80.2434310913,37250,37260,10
13.0777797699,80.244140625,37260,37270,10
13.0778398514,80.2446365356,37270,37281,11
13.0779695511,80.2454833984,37281,37291,10
13.0780296326,80.2462387085,37291,37301,10
13.0781898499,80.2471313477,37301,37311,10
13.0783195496,80.2479171753,37311,37321,10
13.078379631,80.2482376099,37321,37331,10
13.0784597397,80.2484436035,37331,37351,20
13.0784797668,80.248588562,37351,37371,20
13.0784797668,80.248588562,37371,37382,11
13.0785703659,80.2488632202,37382,37392,10
13.0786304474,80.2490386963,37392,37402,10
13.078669548,80.2492675781,37402,37412,10
13.078669548,80.2492828369,37412,37422,10
13.0786895752,80.24949646,37422,37432,10
13.0787200928,80.2496566772,37432,37442,10
13.0787200928,80.2497406006,37442,37452,10
13.0787401199,80.2499084473,37452,37462,10
13.0786600113,80.2503204346,37462,37472,10
13.0785102844,80.2505264282,37472,37483,11
13.0785198212,80.2507781982,37483,37493,10
13.0785303116,80.2509231567,37493,37503,10
13.0785303116,80.2509384155,37503,37513,10
13.0785799026,80.251159668,37513,37523,10
13.0785999298,80.2512588501,37523,37533,10
13.0785999298,80.2512817383,37533,37543,10
13.0786104202,80.2515869141,37543,37583,40
13.0786104202,80.2515869141,37583,37594,11
13.0782604218,80.2517089844,37594,37604,10
13.0778503418,80.2517623901,37604,37614,10
13.0770998001,80.2519073486,37614,37624,10
13.0764799118,80.2519607544,37624,37634,10
13.0756196976,80.2521514893,37634,37644,10
13.0749998093,80.2521896362,37644,37654,10
13.0744495392,80.2522277832,37654,37664,10
13.0740098953,80.252281189,37664,37674,10
13.0736198425,80.2524490356,37674,37684,10
13.0731096268,80.2524032593,37684,37695,11
13.0725402832,80.2523269653,37695,37705,10
13.0721597672,80.2517776489,37705,37715,10
13.0720396042,80.2509613037,37715,37725,10
13.0717697144,80.2501983643,37725,37741,16
13.0713996887,80.2485427856,37741,37753,12
13.0710000992,80.2473373413,37753,37761,8
13.070599556,80.2465286255,37761,37773,12
13.0699901581,80.2452011108,37773,37783,10
13.069560051,80.2440414429,37783,37793,10
13.0693101883,80.2433166504,37793,37803,10
13.0692901611,80.2432785034,37803,37813,10
13.0692901611,80.2432632446,37813,37823,10
13.0690803528,80.2425689697,37823,37854,31
13.0690803528,80.2425689697,37854,37864,10
13.0686197281,80.2425231934,37864,37874,10
13.0681600571,80.2426834106,37874,37884,10
13.0675201416,80.2428894043,37884,37894,10
13.0669498444,80.2431335449,37894,37905,11
13.0664596558,80.2433319092,37905,37915,10
13.0661497116,80.2436599731,37915,37925,10
13.0661802292,80.2443008423,37925,37935,10
13.0662603378,80.2448196411,37935,37945,10
13.0663099289,80.2451171875,37945,37955,10
13.0664196014,80.2456283569,37955,37965,10
13.0670795441,80.2460784912,37965,37974,9
13.0677499771,80.246421814,37974,37985,11
13.0678501129,80.2464981079,37985,37994,9
13.067899704,80.2465591431,37994,38006,12
13.0679702759,80.2471389771,38006,38016,10
13.0677404404,80.2478637695,38016,38026,10
13.0669403076,80.2478485107,38026,38036,10
13.0664100647,80.2478179932,38036,38046,10
13.0658197403,80.2477798462,38046,38056,10
13.0651702881,80.2477874756,38056,38066,10
13.0641803741,80.2477035522,38066,38076,10
13.063170433,80.2476425171,38076,38086,10
13.0622997284,80.2476196289,38086,38096,10
13.0615501404,80.2473831177,38096,38107,11
13.0613803864,80.2468795776,38107,38117,10
13.0617198944,80.2464981079,38117,38127,10
13.061920166,80.2459106445,38127,38137,10
13.06208992,80.2452774048,38137,38147,10
13.0624399185,80.2449188232,38147,38157,10
13.0627698898,80.244720459,38157,38167,10
13.0631198883,80.2442932129,38167,38177,10
13.0631599426,80.2442321777,38177,38187,10
13.0632400513,80.2441329956,38187,38197,10
13.0634498596,80.243637085,38197,38207,10
13.0629701614,80.2434234619,38207,38218,11
13.0623998642,80.2433166504,38218,38228,10
13.0617904663,80.2432022095,38228,38238,10
13.0614595413,80.2431411743,38238,38248,10
13.0609798431,80.243019104,38248,38258,10
13.0603599548,80.2428207397,38258,38268,10
13.0596599579,80.2426223755,38268,38278,10
13.0591697693,80.2425231934,38278,38288,10
13.058930397,80.2425537109,38288,38298,10
13.0587596893,80.2425613403,38298,38308,10
13.0585803986,80.2426223755,38308,38319,11
13.0580301285,80.2427368164,38319,38329,10
13.0571203232,80.2428131104,38329,38349,20
13.0571203232,80.2428131104,38349,38359,10
13.0567598343,80.242729187,38359,38369,10
13.0562601089,80.2425537109,38369,38379,10
13.0556602478,80.2423171997,38379,38389,10
13.0550804138,80.2423400879,38389,38399,10
13.0546503067,80.2424163818,38399,38409,10
13.0538101196,80.2422790527,38409,38440,31
13.0538101196,80.2422790527,38440,38450,10
13.0534601212,80.2421188354,38450,38460,10
13.0530996323,80.2419586182,38460,38470,10
13.0525999069,80.2417602539,38470,38480,10
13.0522003174,80.2412261963,38480,38490,10
13.0520200729,80.2409286499,38490,38500,10
13.0518198013,80.2407531738,38500,38510,10
13.051440239,80.2406692505,38510,38520,10
13.051150322,80.2406005859,38520,38531,11
13.050909996,80.240562439,38531,38541,10
13.0508899689,80.240562439,38541,38551,10
13.0505399704,80.2404708862,38551,38561,10
13.0498399734,80.2403182983,38561,38571,10
13.0489397049,80.2401275635,38571,38581,10
13.0479297638,80.2399291992,38581,38591,10
13.0470399857,80.2397232056,38591,38601,10
13.0463600159,80.2396011353,38601,38611,10
13.0462503433,80.2395782471,38611,38621,10
13.0461997986,80.2394180298,38621,38632,11
13.0463495255,80.238861084,38632,38642,10
13.046500206,80.2380065918,38642,38652,10
13.0466995239,80.2369995117,38652,38662,10
13.0468902588,80.2363586426,38662,38672,10
13.0469398499,80.236076355,38672,38682,10
13.0469799042,80.2357406616,38682,38692,10
13.0470104218,80.2355270386,38692,38702,10
13.0471096039,80.2349700928,38702,38712,10
13.0471897125,80.23412323,38712,38722,10
13.0472803116,80.2332000732,38722,38733,11
13.0467596054,80.232963562,38733,38743,10
13.0459003448,80.2328109741,38743,38752,9
13.0451498032,80.2326812744,38752,38773,21
13.0451498032,80.2326812744,38773,38783,10
13.0448703766,80.2326126099,38783,38793,10
13.0442199707,80.2324676514,38793,38803,10
13.043390274,80.2323608398,38803,38813,10
13.0426397324,80.2323532104,38813,38823,10
13.0418796539,80.2323074341,38823,38834,11
13.0409402847,80.232093811,38834,38844,10
13.040019989,80.2317581177,38844,38853,9
13.0390996933,80.2314834595,38853,38863,10
13.038020134,80.2311782837,38863,38875,12
13.0369596481,80.2308273315,38875,38885,10
13.0366401672,80.2306900024,38885,38895,10
13.0355796814,80.2304000854,38895,38976,81
13.0355796814,80.2304000854,38976,38986,10
13.0354604721,80.2303771973,38986,38996,10
13.0350103378,80.2303009033,38996,39006,10
13.034529686,80.2303619385,39006,39016,10
13.034330368,80.2304077148,39016,39026,10
13.0341796875,80.2304382324,39026,39037,11
13.0339603424,80.2304611206,39037,39047,10
13.0334796906,80.230506897,39047,39067,20
13.0334796906,80.230506897,39067,39077,10
13.0330400467,80.2305526733,39077,39087,10
13.0322599411,80.2306213379,39087,39097,10
13.0315599442,80.2306900024,39097,39107,10
13.0310602188,80.2307281494,39107,39117,10
13.0309200287,80.2307510376,39117,39127,10
13.030790329,80.230758667,39127,39137,10
13.0303096771,80.2307815552,39137,39148,11
13.0296401978,80.2308807373,39148,39158,10
13.0292797089,80.2308807373,39158,39168,10
13.0286102295,80.2309494019,39168,39178,10
13.027879715,80.2310180664,39178,39188,10
13.0276603699,80.2311401367,39188,39198,10
13.0277299881,80.2317428589,39198,39309,111
13.0277299881,80.2317428589,39309,39319,10
13.0277395248,80.2319869995,39319,39329,10
13.0277700424,80.2321929932,39329,39339,10
13.0278396606,80.2324295044,39339,39349,10
13.027879715,80.2326583862,39349,39360,11
13.0276098251,80.2328414917,39360,39410,50
13.0276098251,80.2328414917,39410,39420,10
13.0274295807,80.233001709,39420,39430,10
13.0273399353,80.233001709,39430,39440,10
13.0270395279,80.233039856,39440,39450,10
13.0268001556,80.2330627441,39450,39461,11
13.0263900757,80.2330093384,39461,39471,10
13.0261497498,80.2322998047,39471,39481,10
13.0259399414,80.2314376831,39481,39491,10
13.0256795883,80.2305984497,39491,39500,9
13.0252504349,80.2299194336,39500,39511,11
13.0250701904,80.2296981812,39511,39531,20
13.0250701904,80.2296981812,39531,39541,10
13.0248804092,80.2294769287,39541,39551,10
13.0245199203,80.2290115356,39551,39562,11
13.0242300034,80.2286529541,39562,39572,10
13.0239400864,80.2283325195,39572,39582,10
13.0238895416,80.2282562256,39582,39592,10
13.0235795975,80.2278823853,39592,39602,10
13.0231399536,80.2274169922,39602,39612,10
13.0227003098,80.2269973755,39612,39621,9
13.0225000381,80.2268218994,39621,39632,11
13.0220499039,80.2264022827,39632,39642,10
13.0214099884,80.2258987427,39642,39652,10
13.0209102631,80.2255172729,39652,39663,11
13.0206899643,80.2253799438,39663,39673,10
13.0202798843,80.225112915,39673,39682,9
13.0197496414,80.2247467041,39682,39693,11
13.0187702179,80.2245330811,39693,39703,10
13.0178899765,80.2248535156,39703,39713,10
13.0171098709,80.2251586914,39713,39723,10
13.0167198181,80.2253265381,39723,39733,10
13.0164699554,80.2254180908,39733,39743,10
13.0160703659,80.2255935669,39743,39753,10
13.0155601501,80.2257766724,39753,39763,10
13.0150299072,80.2259979248,39763,39774,11
13.0145397186,80.2262191772,39774,39784,10
13.0145301819,80.2262268066,39784,39794,10
13.0144500732,80.2262802124,39794,39804,10
13.013999939,80.2264404297,39804,39814,10
13.0133199692,80.2266998291,39814,39824,10
13.0126399994,80.2269592285,39824,39834,10
13.0119104385,80.2272567749,39834,39844,10
13.0112400055,80.2275009155,39844,39854,10
13.0105495453,80.2277603149,39854,39864,10
13.0096502304,80.2281265259,39864,39875,11
13.0090398788,80.2289505005,39875,39885,10
13.0088500977,80.2299880981,39885,39895,10
13.0086698532,80.2310562134,39895,39905,10
13.008480072,80.2321014404,39905,39915,10
13.008310318,80.2331237793,39915,39925,10
13.0082397461,80.2335891724,39925,39935,10
13.0081796646,80.233757019,39935,39945,10
13.008099556,80.2340927124,39945,39955,10
13.0079698563,80.2347335815,39955,39965,10
13.0077800751,80.2357025146,39965,39976,11
13.0075397491,80.2368164063,39976,39986,10
13.007349968,80.2378921509,39986,39996,10
13.007109642,80.2392578125,39996,40026,30
13.007109642,80.2392578125,40026,40036,10
13.0070199966,80.2395935059,40036,40046,10
13.0069198608,80.2405014038,40046,40066,20
13.0069198608,80.2405014038,40066,40076,10
13.0068798065,80.2408218384,40076,40087,11
13.0068302155,80.2410202026,40087,40103,16
13.0067596436,80.2422409058,40103,40115,12
13.0067195892,80.2433013916,40115,40135,20
13.0067195892,80.2433013916,40135,40144,9
13.0066900253,80.2434387207,40144,40155,11
13.0067100525,80.2439422607,40155,40165,10
13.0067100525,80.2449264526,40165,40195,30
13.0067100525,80.2449264526,40195,40206,11
13.0066995621,80.2451324463,40206,40216,10
13.0067195892,80.2454681396,40216,40226,10
13.0067300797,80.245880127,40226,40236,10
13.0067596436,80.2462463379,40236,40246,10
13.006770134,80.2466430664,40246,40256,10
13.0067901611,80.2470169067,40256,40266,10
13.0067396164,80.2476501465,40266,40276,10
13.0067501068,80.2485580444,40276,40286,10
13.0068798065,80.249458313,40286,40297,11
13.0068798065,80.2495422363,40297,40307,10
13.0068702698,80.2499313354,40307,40317,10
13.0068502426,80.2506866455,40317,40327,10
13.006819725,80.2514419556,40327,40377,50
13.006819725,80.2514419556,40377,40387,10
13.0067596436,80.2515792847,40387,40398,11
13.0066604614,80.2520828247,40398,40408,10
13.0066099167,80.252571106,40408,40418,10
13.0066404343,80.2535324097,40418,40649,231
13.0066404343,80.2535324097,40649,40659,10
13.0066099167,80.2536621094,40659,40669,10
13.0066404343,80.254119873,40669,40679,10
13.0066299438,80.2544631958,40679,40689,10
13.0066204071,80.2550506592,40689,40699,10
13.0066204071,80.2559585571,40699,40710,11
13.0066404343,80.2567825317,40710,40719,9
13.0066795349,80.2571792603,40719,40760,41
13.0066795349,80.2571792603,40760,40770,10
13.0067195892,80.2573013306,40770,40780,10
13.0068397522,80.2577514648,40780,40790,10
13.0073003769,80.258430481,40790,40800,10
13.0078601837,80.2588272095,40800,40810,10
13.0080795288,80.2591705322,40810,40821,11
13.0074701309,80.2593231201,40821,40831,10
13.0072002411,80.2587814331,40831,40841,10
13.0071697235,80.2587432861,40841,40851,10
13.0070800781,80.2584991455,40851,40861,10
13.0066003799,80.2577972412,40861,40881,20
13.0066003799,80.2577972412,40881,40891,10
13.0065803528,80.2576980591,40891,40901,10
13.006480217,80.2574615479,40901,40911,10
13.0064401627,80.2572174072,40911,40922,11
13.0064096451,80.257019043,40922,40932,10
13.0063800812,80.2568969727,40932,40942,10
13.0064296722,80.2564468384,40942,40952,10
13.0064401627,80.2555770874,40952,40962,10
13.0065002441,80.2550888062,40962,40972,10
13.0064601898,80.2543029785,40972,40982,10
13.0064601898,80.2532196045,40982,41002,20
13.0064601898,80.2532196045,41002,41012,10
13.0064697266,80.2531280518,41012,41023,11
13.0064897537,80.2526016235,41023,41033,10
13.0065002441,80.252456665,41033,41043,10
13.0065498352,80.2522735596,41043,41053,10
13.0066900253,80.2516326904,41053,41063,10
13.0067501068,80.2507171631,41063,41073,10
13.0067396164,80.2499465942,41073,41083,10
13.0066900253,80.2490615845,41083,41093,10
13.0066404343,80.2483596802,41093,41103,10
13.0066099167,80.248046875,41103,41144,41
13.0066099167,80.248046875,41144,41154,10
13.0066099167,80.2479629517,41154,41164,10
13.0066099167,80.2475585938,41164,41174,10
13.0066099167,80.2470169067,41174,41184,10
13.0065498352,80.2465133667,41184,41194,10
13.0065603256,80.2464828491,41194,41204,10
13.0066099167,80.2462997437,41204,41214,10
13.0066003799,80.2456588745,41214,41224,10
13.0066003799,80.245010376,41224,41235,11
13.0066099167,80.2444610596,41235,41245,10
13.0066003799,80.2439117432,41245,41255,10
13.0065603256,80.2432785034,41255,41265,10
13.0065402985,80.2424926758,41265,41275,10
13.0065498352,80.2415237427,41275,41285,10
13.0066204071,80.2407836914,41285,41305,20
13.0066204071,80.2407836914,41305,41315,10
13.0066604614,80.2405166626,41315,41325,10
13.0067596436,80.2400817871,41325,41336,11
13.0069904327,80.2391662598,41336,41346,10
13.0071601868,80.2381820679,41346,41356,10
13.007349968,80.2372589111,41356,41366,10
13.0074100494,80.2367324829,41366,41376,10
13.0074396133,80.2366333008,41376,41386,10
13.0074901581,80.2364883423,41386,41396,10
13.007610321,80.2359466553,41396,41406,10
13.0077400208,80.2352600098,41406,41416,10
13.0077600479,80.2351608276,41416,41426,10
13.0078201294,80.2349700928,41426,41437,11
13.0079498291,80.2342910767,41437,41447,10
13.0081300735,80.2333679199,41447,41457,10
13.0083398819,80.2322921753,41457,41467,10
13.0085496902,80.2312011719,41467,41477,10
13.0087499619,80.2301330566,41477,41487,10
13.0089597702,80.2290725708,41487,41497,10
13.0092201233,80.2280426025,41497,41507,10
13.0096902847,80.2270126343,41507,41517,10
13.0101604462,80.2260437012,41517,41527,10
13.0105400085,80.2252883911,41527,41537,10
13.01060009,80.2251586914,41537,41548,11
13.0108098984,80.2247390747,41548,41558,10
13.0110797882,80.2240982056,41558,41568,10
13.0114002228,80.2233581543,41568,41578,10
13.011759758,80.2224578857,41578,41588,10
13.0121603012,80.221572876,41588,41598,10
13.0124902725,80.2216796875,41598,41607,9
13.0128698349,80.2221603394,41607,41617,10
13.0134496689,80.2228088379,41617,41628,11
13.0140695572,80.2235336304,41628,41638,10
13.0146398544,80.2242279053,41638,41649,11
13.0153303146,80.224822998,41649,41659,10
13.0155801773,80.2249832153,41659,41669,10
13.0156097412,80.2250137329,41669,41679,10
13.0159101486,80.2252578735,41679,41689,10
13.0165395737,80.2252807617,41689,41699,10
13.0173196793,80.2249984741,41699,41709,10
13.0180997849,80.2246780396,41709,41719,10
13.0188703537,80.2243881226,41719,41729,10
13.0194997787,80.2243728638,41729,41739,10
13.0195102692,80.2243728638,41739,41749,10
13.019659996,80.2244567871,41749,41760,11
13.0199298859,80.2246398926,41760,41770,10
13.0203504562,80.2249679565,41770,41780,10
13.0208101273,80.2252807617,41780,41790,10
13.0212497711,80.2256164551,41790,41799,9
13.0216798782,80.2259521484,41799,41810,11
13.0219802856,80.2261734009,41810,41830,20
13.0219802856,80.2261734009,41830,41840,10
13.0221796036,80.2263412476,41840,41850,10
13.0226602554,80.2267913818,41850,41861,11
13.0232801437,80.2273712158,41861,41871,10
13.0236997604,80.2277374268,41871,41881,10
13.0239896774,80.2279968262,41881,41891,10
13.0241298676,80.2281417847,41891,41901,10
13.024310112,80.2283706665,41901,41911,10
13.0245800018,80.2287826538,41911,41921,10
13.0250396729,80.2294311523,41921,41931,10
13.0255403519,80.2301025391,41931,41941,10
13.0259304047,80.2308425903,41941,41972,31
13.0259304047,80.2308425903,41972,41982,10
13.0260295868,80.2310180664,41982,41992,10
13.0260896683,80.2313232422,41992,42008,16
13.0270204544,80.2311096191,42008,42020,12
13.0279798508,80.2309188843,42020,42029,9
13.0285997391,80.2308807373,42029,42040,11
13.0290803909,80.2308578491,42040,42050,10
13.029299736,80.2308425903,42050,42060,10
13.029800415,80.230796814,42060,42069,9
13.0302495956,80.2307434082,42069,42081,12
13.0306301117,80.2306976318,42081,42091,10
13.0309400558,80.230682373,42091,42101,10
13.0315799713,80.2306289673,42101,42111,10
13.0323801041,80.2305831909,42111,42121,10
13.033080101,80.2305221558,42121,42130,9
13.0337600708,80.2304992676,42130,42141,11
13.0342102051,80.2304229736,42141,42151,10
13.0344200134,80.2303771973,42151,42182,31
13.0344200134,80.2303771973,42182,42192,10
13.0344800949,80.2303771973,42192,42202,10
13.0345497131,80.2303771973,42202,42212,10
13.0347204208,80.2303771973,42212,42222,10
13.0349502563,80.2305679321,42222,42232,10
13.0349397659,80.2308578491,42232,42242,10
13.0348501205,80.2314682007,42242,42252,10
13.034740448,80.2321472168,42252,42262,10
13.0346603394,80.2329177856,42262,42273,11
13.0346002579,80.2335205078,42273,42283,10
13.0345096588,80.2342224121,42283,42293,10
13.0344200134,80.2350692749,42293,42303,10
13.0343399048,80.2366714478,42303,42424,121
13.0343399048,80.2366714478,42424,42434,10
13.0355501175,80.2385787964,42434,42444,10
13.0357599258,80.2382202148,42444,42565,121
13.0357599258,80.2382202148,42565,42575,10
13.0431995392,80.2408294678,42575,42586,11
13.0440301895,80.2409133911,42586,42616,30
13.0440301895,80.2409133911,42616,42626,10
13.0441703796,80.2408599854,42626,42636,10
13.0443601608,80.2407608032,42636,42646,10
13.0448198318,80.2404098511,42646,42656,10
13.0454502106,80.2400131226,42656,42666,10
13.0459403992,80.2396469116,42666,42676,10
13.0465202332,80.2395477295,42676,42686,10
13.046620369,80.2396087646,42686,42697,11
13.0470600128,80.2397003174,42697,42707,10
13.0477895737,80.2398376465,42707,42717,10
13.0486297607,80.240020752,42717,42727,10
13.0493402481,80.2401428223,42727,42737,10
13.0497398376,80.240196228,42737,42747,10
13.0502004623,80.2402801514,42747,42757,10
13.0507297516,80.2403793335,42757,42767,10
13.0510997772,80.2404785156,42767,42777,10
13.0516796112,80.2406082153,42777,42787,10
13.0525398254,80.2410964966,42787,42828,41
13.0525398254,80.2410964966,42828,42838,10
13.0525598526,80.241317749,42838,42848,10
13.052740097,80.2416763306,42848,42858,10
13.0533800125,80.2419662476,42858,42868,10
13.0539703369,80.2422027588,42868,42878,10
13.054019928,80.2422180176,42878,42888,10
13.0541200638,80.2422637939,42888,42898,10
13.054479599,80.2423095703,42898,42909,11
13.0551300049,80.2422409058,42909,42919,10
13.0559196472,80.2422637939,42919,42929,10
13.056520462,80.2425384521,42929,42939,10
13.0565900803,80.2425689697,42939,42949,10
13.0570201874,80.2426605225,42949,42959,10
13.0574798584,80.2427597046,42959,42969,10
13.058139801,80.2426986694,42969,42979,10
13.0587501526,80.2425765991,42979,42989,10
13.0591602325,80.2425231934,42989,42999,10
13.0597000122,80.2425918579,42999,43010,11
13.0603303909,80.2428131104,43010,43020,10
13.0608596802,80.242980957,43020,43030,10
13.0610399246,80.2430496216,43030,43040,10
13.0614299774,80.2431564331,43040,43050,10
13.0620498657,80.2432479858,43050,43060,10
13.0624599457,80.243309021,43060,43076,16
13.0625896454,80.2433319092,43076,43088,12
13.0633001328,80.2434921265,43088,43096,8
13.0637998581,80.2435073853,43096,43108,12
13.0644903183,80.2435684204,43108,43118,10
13.065199852,80.2434921265,43118,43129,11
13.0658798218,80.2434463501,43129,43138,9
13.0663404465,80.2433624268,43138,43145,7
13.066619873,80.2432632446,43145,43159,14
13.0673303604,80.2429580688,43159,43169,10
13.0680503845,80.242729187,43169,43179,10
13.0687303543,80.2425231934,43179,43189,10
13.069439888,80.2422409058,43189,43199,10
13.0697498322,80.2421417236,43199,43209,10
13.0698604584,80.2421112061,43209,43220,11
13.0700302124,80.2420730591,43220,43230,10
13.0705795288,80.2419281006,43230,43253,23
13.0723896027,80.2410430908,43253,43265,12
13.0732898712,80.2406997681,43265,43275,10
13.0739603043,80.2405014038,43275,43285,10
13.0749597549,80.2404632568,43285,43295,10
13.076089859,80.240447998,43295,43305,10
13.0769901276,80.240562439,43305,43315,10
13.0770998001,80.2402191162,43315,43326,11
13.0770101547,80.2395324707,43326,43336,10
13.0765895844,80.2383270264,43336,43376,40
13.0765895844,80.2383270264,43376,43386,10
13.0765399933,80.2381668091,43386,43396,10
13.0764503479,80.2378234863,43396,43406,10
13.076379776,80.2375564575,43406,43416,10
13.0762996674,80.2371063232,43416,43447,31
13.0762996674,80.2371063232,43447,43457,10
13.076210022,80.2368774414,43457,43467,10
13.0761003494,80.2364730835,43467,43476,9
13.0760202408,80.2362289429,43476,43487,11
13.0760297775,80.235206604,43487,43497,10
13.0756902695,80.2346496582,43497,43507,10
13.0757598877,80.2341308594,43507,43518,11
13.0755500793,80.2336807251,43518,43538,20
13.0755500793,80.2336807251,43538,43548,10
13.0764398575,80.233757019,43548,43558,10
13.076880455,80.2336807251,43558,43568,10
13.0772695541,80.2336425781,43568,43578,10
13.0778999329,80.2335586548,43578,43588,10
13.0785799026,80.2336273193,43588,43598,10
13.0792198181,80.2335586548,43598,43608,10
13.0799398422,80.233581543,43608,43618,10
13.0804004669,80.2336120605,43618,43629,11
13.0807800293,80.2335662842,43629,43639,10
13.0807504654,80.2335586548,43639,43649,10
13.0811901093,80.2335128784,43649,43659,10
13.0820598602,80.233581543,43659,43669,10
13.0827198029,80.2337188721,43669,43679,10
13.0819997787,80.2325668335,43679,43689,10
13.0822696686,80.2317428589,43689,43699,10
13.0825300217,80.2309799194,43699,43709,10
13.0830802917,80.2306594849,43709,43719,10
13.0831804276,80.2310409546,43719,43729,10
13.0831899643,80.2317428589,43729,43740,11
13.0832300186,80.232383728,43740,43750,10
13.0833597183,80.2328796387,43750,43760,10
13.0834999084,80.2335205078,43760,43770,10
13.0840396881,80.2339630127,43770,43789,19
13.0840396881,80.2339630127,43789,43800,11
13.0843200684,80.2339782715,43800,43810,10
13.0848503113,80.2341079712,43810,43820,10
13.085559845,80.2342987061,43820,43830,10
13.0862903595,80.234336853,43830,43841,11
13.0866603851,80.2343826294,43841,43851,10
13.0874099731,80.2344970703,43851,43861,10
13.0880002975,80.2341766357,43861,43871,10
13.0881004333,80.2330627441,43871,43881,10
13.0883398056,80.2319335938,43881,43891,10
13.0886001587,80.2311096191,43891,43901,10
13.0888595581,80.2305221558,43901,43920,19
13.0888595581,80.2305221558,43920,43930,10
13.0890102386,80.2302932739,43930,43941,11
13.0893602371,80.2296218872,43941,43952,11
13.0900297165,80.2287826538,43952,43962,10
13.0906600952,80.2280883789,43962,43972,10
13.0913896561,80.2272720337,43972,43992,20
13.0913896561,80.2272720337,43992,44002,10
13.0915603638,80.2271194458,44002,44012,10
13.0920095444,80.2266693115,44012,44022,10
13.0926198959,80.22605896,44022,44032,10
13.09333992,80.2253189087,44032,44042,10
13.093919754,80.2246704102,44042,44053,11
13.094619751,80.2237167358,44053,44063,10
13.0950899124,80.2229385376,44063,44073,10
13.095199585,80.22265625,44073,44083,10
13.0953102112,80.2223434448,44083,44093,10
13.0956001282,80.2215576172,44093,44103,10
13.0958995819,80.2206573486,44103,44113,10
13.0960998535,80.2200469971,44113,44123,10
13.0961904526,80.2198486328,44123,44133,10
13.0963897705,80.2192764282,44133,44154,21
13.0963897705,80.2192764282,44154,44164,10
13.0964403152,80.2191314697,44164,44180,16
13.0966100693,80.2186508179,44180,44192,12
13.0968999863,80.2177581787,44192,44202,10
13.097120285,80.2171325684,44202,44212,10
13.0972003937,80.2169494629,44212,44221,9
13.0972795486,80.2167663574,44221,44232,11
13.0975904465,80.2160415649,44232,44242,10
13.0979995728,80.2151107788,44242,44283,41
13.0979995728,80.2151107788,44283,44293,10
13.098110199,80.2147827148,44293,44303,10
13.0982198715,80.2145462036,44303,44333,30
13.0983200073,80.2143783569,44333,44374,41
13.0983200073,80.2143783569,44374,44384,10
13.0983896255,80.2142181396,44384,44394,10
13.0986003876,80.2139587402,44394,44404,10
13.0990800858,80.2141799927,44404,44414,10
13.0996799469,80.2143630981,44414,44424,10
13.0998697281,80.2144012451,44424,44434,10
13.1001701355,80.2144927979,44434,44454,20
13.1001701355,80.2144927979,44454,44465,11
13.1003398895,80.2145614624,44465,44505,40
13.1003398895,80.2145614624,44505,44515,10
13.1005401611,80.2146377563,44515,44525,10
13.1005401611,80.2149200439,44525,44535,10
13.1002397537,80.2155914307,44535,44545,10
13.1000003815,80.2160873413,44545,44555,10
13.0999298096,80.2158584595,44555,44565,10
13.1000404358,80.2155685425,44565,44576,11
13.1002397537,80.2147827148,44576,45204,628
13.1002397537,80.2147827148,45204,45214,10
13.1001596451,80.2145385742,45214,45224,10
13.0999603271,80.2144622803,45224,45234,10
13.0996904373,80.2143936157,45234,45244,10
13.0992698669,80.2142868042,45244,45254,10
13.0988302231,80.2141418457,45254,45264,10
13.0985498428,80.2140579224,45264,45274,10
13.0983800888,80.2143173218,45274,45284,10
13.09815979,80.2147979736,45284,45294,10
13.0978803635,80.2153930664,45294,45305,11
13.0975599289,80.2161178589,45305,45315,10
13.0973501205,80.2166900635,45315,45325,10
13.0973501205,80.2166976929,45325,45335,10
13.0972795486,80.2168884277,45335,45345,10
13.0970697403,80.2173919678,45345,45355,10
13.0967998505,80.2182006836,45355,45365,10
13.096540451,80.2190628052,45365,45375,10
13.0963001251,80.2197113037,45375,45385,10
13.0959997177,80.2205810547,45385,45395,10
13.0957098007,80.2213821411,45395,45406,11
13.0954704285,80.2220611572,45406,45416,10
13.0952796936,80.2226028442,45416,45426,10
13.0952796936,80.2226104736,45426,45436,10
13.0951299667,80.2229919434,45436,45446,10
13.0947504044,80.2236175537,45446,45456,10
13.0942497253,80.2243499756,45456,45466,10
13.093629837,80.2250366211,45466,45482,16
13.0924196243,80.22631073,45482,45494,12
13.0914697647,80.2273025513,45494,45502,8
13.0911998749,80.2276000977,45502,45514,12
13.0911798477,80.2276382446,45514,45525,11
13.0908498764,80.2279891968,45525,45535,10
13.0903100967,80.2285614014,45535,45545,10
13.089630127,80.2293167114,45545,45554,9
13.0892000198,80.2299804688,45554,45565,11
13.0890598297,80.2303619385,45565,45574,9
13.0888595581,80.2308273315,45574,45585,11
13.0888299942,80.2308883667,45585,45595,10
13.0886898041,80.2311630249,45595,45606,11
13.0884199142,80.2319107056,45606,45617,11
13.0881500244,80.2329177856,45617,45627,10
13.0880098343,80.2338790894,45627,45637,10
13.0875902176,80.2345428467,45637,45647,10
13.0869598389,80.2345581055,45647,45657,10
13.086400032,80.2345199585,45657,45667,10
13.085940361,80.2344207764,45667,45677,10
13.0857095718,80.2343597412,45677,45687,10
13.0851802826,80.2342376709,45687,45697,10
13.0848398209,80.234161377,45697,45707,10
13.08452034,80.2340698242,45707,45718,11
13.0840301514,80.2339477539,45718,45728,10
13.0839099884,80.2339401245,45728,45738,10
13.083729744,80.2339019775,45738,45748,10
13.0833797455,80.2338485718,45748,45758,10
13.0830202103,80.2338409424,45758,45768,10
13.0826597214,80.2337417603,45768,45778,10
13.0825195313,80.2337036133,45778,45788,10
13.082400322,80.2336730957,45788,45798,10
13.0819702148,80.2336196899,45798,45808,10
13.0813999176,80.2335891724,45808,45818,10
13.0807800293,80.233581543,45818,45829,11
13.080039978,80.2335662842,45829,45839,10
13.0797300339,80.233543396,45839,45849,10
13.0796499252,80.2335281372,45849,45859,10
13.0795001984,80.2335205078,45859,45869,10
13.0789003372,80.2335586548,45869,45879,10
13.0781402588,80.2335891724,45879,45889,10
13.0772800446,80.2337112427,45889,45899,10
13.0764398575,80.2338562012,45899,45909,10
13.0760202408,80.2339401245,45909,45919,10
13.0759296417,80.2341766357,45919,45930,11
13.0760202408,80.2347106934,45930,45940,10
13.0760202408,80.2350006104,45940,45970,30
13.0760202408,80.2350006104,45970,45980,10
13.0760202408,80.2353973389,45980,45990,10
13.0761003494,80.2356567383,45990,46000,10
13.0761604309,80.2358398438,46000,46010,10
13.0761804581,80.2358779907,46010,46020,10
13.0762395859,80.2360992432,46020,46061,41
13.0762395859,80.2360992432,46061,46071,10
13.0762996674,80.2364425659,46071,46081,10
13.0763397217,80.2367019653,46081,46091,10
13.0764102936,80.2370605469,46091,46163,72
13.0764102936,80.2370605469,46163,46173,10
13.0765600204,80.2374572754,46173,46183,10
13.0765895844,80.2377624512,46183,46193,10
13.0766897202,80.2383499146,46193,46203,10
13.0768604279,80.2390670776,46203,46213,10
13.0770101547,80.2397232056,46213,46223,10
13.0772199631,80.2405014038,46223,46233,10
13.0773496628,80.2409973145,46233,46244,11
13.0773801804,80.2413635254,46244,46254,10
13.0775299072,80.2419891357,46254,46264,10
13.0776901245,80.2428512573,46264,46274,10
13.0778102875,80.2439117432,46274,46284,10
13.0777997971,80.2444381714,46284,46294,10
13.0778799057,80.2451019287,46294,46304,10
13.0779399872,80.2459335327,46304,46314,10
13.0781097412,80.246887207,46314,46324,10
13.0783195496,80.2479095459,46324,46334,10
13.0784797668,80.2487716675,46334,46345,11
13.0787000656,80.2497711182,46345,46355,10
13.078499794,80.2505722046,46355,46365,10
13.0785503387,80.2512969971,46365,46375,10
13.0784797668,80.2516403198,46375,46385,10
13.0782899857,80.2516708374,46385,46395,10
13.0779600143,80.2517623901,46395,46405,10
13.0773601532,80.2518768311,46405,46415,10
13.0766801834,80.2520217896,46415,46425,10
13.0759801865,80.2521362305,46425,46435,10
13.0752401352,80.2522201538,46435,46445,10
13.0746097565,80.2522583008,46445,46456,11
13.0739002228,80.2523880005,46456,46466,10
13.0732297897,80.2524185181,46466,46476,10
13.0726900101,80.2523803711,46476,46486,10
13.0722303391,80.2519989014,46486,46495,9
13.0721197128,80.2513427734,46495,46506,11
13.0719604492,80.250579834,46506,46516,10
13.0716495514,80.2496185303,46516,46526,10
13.0714502335,80.2486190796,46526,46536,10
13.0712203979,80.2479782104,46536,46546,10
13.0709600449,80.2472991943,46546,46557,11
13.0705299377,80.2464370728,46557,46567,10
13.0703001022,80.2459411621,46567,46577,10
13.0699596405,80.2452011108,46577,46587,10
13.0696201324,80.2442398071,46587,46597,10
13.0693397522,80.2434463501,46597,46607,10
13.0692996979,80.2433395386,46607,46617,10
13.0692796707,80.2433013916,46617,46627,10
13.0692100525,80.2429733276,46627,46637,10
13.0689601898,80.2425537109,46637,46647,10
13.0684700012,80.2426681519,46647,46658,11
13.0676403046,80.2428970337,46658,46668,10
13.0669002533,80.2431335449,46668,46678,10
13.0664701462,80.2433166504,46678,46688,10
13.0661401749,80.2436523438,46688,46698,10
13.0661497116,80.2442169189,46698,46708,10
13.0661697388,80.2446517944,46708,46718,10
13.0662202835,80.2451019287,46718,46728,10
13.0663299561,80.2456283569,46728,46738,10
13.0669202805,80.2460784912,46738,46748,10
13.0677204132,80.2464599609,46748,46758,10
13.0677995682,80.2465286255,46758,46769,11
13.0678396225,80.24659729,46769,46779,10
13.0678901672,80.2470779419,46779,46789,10
13.0677900314,80.247718811,46789,46805,16
13.066619873,80.2478179932,46805,46817,12
13.0653600693,80.2478027344,46817,46827,10
13.0644702911,80.2477264404,46827,46836,9
13.0637998581,80.2476806641,46836,46848,12
13.0629796982,80.2476119995,46848,46858,10
13.0622901917,80.2475814819,46858,46868,10
13.0616798401,80.2474899292,46868,46879,11
13.0614099503,80.246963501,46879,46889,10
13.0617198944,80.2465362549,46889,46899,10
13.0618200302,80.2457962036,46899,46909,10
13.0622301102,80.2449493408,46909,46919,10
13.0628499985,80.2445831299,46919,46929,10
13.0630302429,80.2443389893,46929,46939,10
13.0630903244,80.2442398071,46939,46949,10
13.0633497238,80.2437591553,46949,46959,10
13.0632200241,80.2434768677,46959,46969,10
13.0628499985,80.2434234619,46969,46980,11
13.0624198914,80.2433166504,46980,46990,10
13.0619802475,80.2432632446,46990,47000,10
13.0615100861,80.2431793213,47000,47010,10
13.0610198975,80.243057251,47010,47020,10
13.0603103638,80.2428436279,47020,47030,10
13.0597896576,80.2427062988,47030,47040,10
13.0590000153,80.2425765991,47040,47060,20
13.0590000153,80.2425765991,47060,47070,10
13.0585899353,80.2426528931,47070,47081,11
13.0578804016,80.2427368164,47081,47091,10
13.0571899414,80.2428283691,47091,47111,20
13.0571899414,80.2428283691,47111,47121,10
13.0569801331,80.2427825928,47121,47131,10
13.0565900803,80.24269104,47131,47141,10
13.0560398102,80.242401123,47141,47151,10
13.0553302765,80.2423095703,47151,47161,10
13.0546998978,80.24243927,47161,47171,10
13.0538196564,80.2422866821,47171,47192,21
13.0538196564,80.2422866821,47192,47202,10
13.0536603928,80.2422180176,47202,47212,10
13.0535697937,80.2421569824,47212,47222,10
13.0531702042,80.2419662476,47222,47232,10
13.0525598526,80.2417221069,47232,47242,10
13.0521602631,80.2411422729,47242,47252,10
13.0519399643,80.2407989502,47252,47262,10
13.0516996384,80.2407302856,47262,47272,10
13.051199913,80.2406005859,47272,47282,10
13.0510702133,80.2405776978,47282,47293,11
13.0506601334,80.2405090332,47293,47303,10
13.0500097275,80.2403717041,47303,47313,10
13.0495595932,80.240272522,47313,47323,10
13.0489702225,80.2401428223,47323,47333,10
13.0483999252,80.2400131226,47333,47349,16
13.0471601486,80.2397613525,47349,47361,12
13.0463895798,80.2396087646,47361,47371,10
13.0461797714,80.2395019531,47371,47381,10
13.0463104248,80.2389984131,47381,47391,10
13.0464696884,80.23828125,47391,47402,11
13.0466299057,80.2372894287,47402,47412,10
13.0468301773,80.2364730835,47412,47422,10
13.0469303131,80.2361068726,47422,47432,10
13.0469999313,80.2358016968,47432,47443,11
13.0470304489,80.2356185913,47443,47453,10
13.0470895767,80.2350463867,47453,47462,9
13.0471601486,80.2343292236,47462,47472,10
13.0472602844,80.2334671021,47472,47483,11
13.0473098755,80.2331390381,47483,47493,10
13.046959877,80.233001709,47493,47504,11
13.0461397171,80.2328567505,47504,47514,10
13.0456199646,80.2327270508,47514,47523,9
13.0452003479,80.2326583862,47523,47533,10
13.0451202393,80.2326507568,47533,47544,11
13.0448703766,80.2325973511,47544,47554,10
13.044210434,80.2324676514,47554,47564,10
13.0433797836,80.2323303223,47564,47574,10
13.0426998138,80.2323226929,47574,47584,10
13.0420303345,80.2323074341,47584,47594,10
13.0411996841,80.2321395874,47594,47605,11
13.0401496887,80.2317886353,47605,47615,10
13.0391998291,80.2315292358,47615,47625,10
13.0383396149,80.2313079834,47625,47635,10
13.0373802185,80.2309799194,47635,47645,10
13.0368003845,80.2307815552,47645,47655,10
13.0364599228,80.23072052,47655,47665,10
13.0354099274,80.2304077148,47665,47695,30
13.0354099274,80.2304077148,47695,47706,11
13.0353002548,80.2303924561,47706,47716,10
13.0350103378,80.2303390503,47716,47717,1
13.0349597931,80.2303390503,47717,47718,1
13.0334796906,80.23046875,47718,47774,56
13.0334796906,80.23046875,47774,47784,10
13.033370018,80.2304763794,47784,47794,10
13.0328598022,80.2304992676,47794,47805,11
13.0319795609,80.2305831909,47805,47815,10
13.0311098099,80.230682373,47815,47825,10
13.0307102203,80.2307281494,47825,47835,10
13.0301504135,80.230796814,47835,47845,10
13.0296401978,80.2308502197,47845,47867,22
13.0296401978,80.2308502197,47867,47877,10
13.0295295715,80.2308273315,47877,47887,10
13.0290403366,80.2308731079,47887,47897,10
13.028380394,80.2309417725,47897,47907,10
13.0277900696,80.2309799194,47907,47918,11
13.0276403427,80.231300354,47918,47928,10
13.0277099609,80.231880188,47928,47938,10
13.0278301239,80.2324676514,47938,47948,10
13.0275802612,80.2328033447,47948,47958,10
13.0274496078,80.2328567505,47958,47968,10
13.027130127,80.2329177856,47968,47978,10
13.02684021,80.232963562,47978,47988,10
13.0264396667,80.2329101563,47988,47998,10
13.0261802673,80.2322235107,47998,48008,10
13.0259103775,80.2312011719,48008,48019,11
13.0253400803,80.2299880981,48019,48029,10
13.0247898102,80.2292785645,48029,48039,10
13.0247001648,80.2291717529,48039,48049,10
13.024479866,80.2288818359,48049,48059,10
13.024189949,80.2285003662,48059,48069,10
13.0239496231,80.2282485962,48069,48079,10
13.0238399506,80.2280578613,48079,48089,10
13.0234098434,80.2276306152,48089,48099,10
13.0226898193,80.2269821167,48099,48120,21
13.0226898193,80.2269821167,48120,48130,10
13.0225496292,80.2268218994,48130,48140,10
13.0220804214,80.2264099121,48140,48150,10
13.0215902328,80.2260131836,48150,48160,10
13.0209197998,80.2255020142,48160,48170,10
13.020359993,80.2251205444,48170,48180,10
13.0198402405,80.2247619629,48180,48190,10
13.0191698074,80.2245025635,48190,48200,10
13.0183200836,80.2247009277,48200,48210,10
13.0174598694,80.2250518799,48210,48220,10
13.0167999268,80.2253265381,48220,48231,11
13.016500473,80.2254562378,48231,48241,10
13.0161304474,80.2255783081,48241,48251,10
13.0159301758,80.2256469727,48251,48267,16
13.0150003433,80.2260131836,48267,48279,12
13.0147104263,80.2261199951,48279,48289,10
13.0143899918,80.2262496948,48289,48299,10
13.014289856,80.2262802124,48299,48309,10
13.0141296387,80.2263183594,48309,48319,10
13.0136098862,80.2265167236,48319,48329,10
13.0129804611,80.2267837524,48329,48340,11
13.0121603012,80.2270965576,48340,48350,10
13.0113401413,80.2274475098,48350,48360,10
13.0102996826,80.2278594971,48360,48370,10
13.009469986,80.2282180786,48370,48380,10
13.0090799332,80.2289199829,48380,48390,10
13.0089101791,80.2297363281,48390,48400,10
13.0087003708,80.2307815552,48400,48410,10
13.0085000992,80.231842041,48410,48420,10
13.0083198547,80.2328109741,48420,48430,10
13.0082101822,80.2335968018,48430,48471,41
13.0082101822,80.2335968018,48471,48481,10
13.0080900192,80.2339401245,48481,48491,10
13.0080099106,80.2343978882,48491,48507,16
13.0077199936,80.2358016968,48507,48519,12
13.0074701309,80.2370834351,48519,48528,9
13.0073204041,80.2378768921,48528,48538,10
13.0070495605,80.2392578125,48538,48560,22
13.0070495605,80.2392578125,48560,48570,10
13.007060051,80.2393493652,48570,48580,10
13.006939888,80.2400588989,48580,48651,71
13.006939888,80.2400588989,48651,48661,10
13.0069904327,80.2403564453,48661,48671,10
13.0068798065,80.2408218384,48671,48681,10
13.0068397522,80.2408981323,48681,48691,10
13.006770134,80.2414169312,48691,48701,10
13.0067300797,80.2421569824,48701,48711,10
13.0067100525,80.2429733276,48711,48721,10
13.0066795349,80.2433013916,48721,48731,10
13.0066699982,80.2434997559,48731,48741,10
13.0066404343,80.2437286377,48741,48752,11
13.0066404343,80.2440414429,48752,48762,10
13.0066204071,80.2444000244,48762,48772,10
13.0066299438,80.2446365356,48772,48782,10
13.0066299438,80.2450027466,48782,48792,10
13.0066604614,80.2454223633,48792,48802,10
13.0066795349,80.2461166382,48802,48812,10
13.0067100525,80.2470169067,48812,48822,10
13.0066795349,80.248008728,48822,48832,10
13.0068101883,80.2495193481,48832,48853,21
13.0068101883,80.2495193481,48853,48862,9
13.006819725,80.2498931885,48862,48873,11
13.0067901611,80.2508621216,48873,48933,60
13.0067901611,80.2508621216,48933,48943,10
13.0067195892,80.2511672974,48943,48953,10
13.0067100525,80.2511825562,48953,48964,11
13.0067300797,80.2513122559,48964,48974,10
13.0066699982,80.2516784668,48974,48990,16
13.0065097809,80.2529602051,48990,49002,12
13.0065202713,80.2539291382,49002,49010,8
13.0065498352,80.2544937134,49010,49021,11
13.0065803528,80.2549667358,49021,49032,11
13.0065698624,80.2550201416,49032,49042,10
13.0065698624,80.2554473877,49042,49052,10
13.0065803528,80.2562789917,49052,49062,10
13.0067195892,80.2572937012,49062,49163,101
13.0067195892,80.2572937012,49163,49174,11
13.0067596436,80.2573623657,49174,49184,10
13.0063295364,80.2575378418,49184,49194,10
13.0056200027,80.2574081421,49194,49204,10
13.0047998428,80.2572097778,49204,49214,10
13.0039997101,80.257019043,49214,49224,10
13.0034399033,80.2569274902,49224,49234,10
13.0027503967,80.2567977905,49234,49244,10
13.0020999908,80.256690979,49244,49275,31
13.0020999908,80.256690979,49275,49285,10
13.0019102097,80.2566375732,49285,49295,10
13.0014400482,80.2565765381,49295,49305,10
13.0008602142,80.2565002441,49305,49315,10
13.0002202988,80.2564163208,49315,49331,16
12.9999704361,80.2563781738,49331,49343,12
12.9997797012,80.2563171387,49343,49351,8
12.9995002747,80.2562713623,49351,49363,12
12.9990196228,80.2561569214,49363,49373,10
12.9984397888,80.2560882568,49373,49384,11
12.9978303909,80.2560119629,49384,49414,30
12.9978303909,80.2560119629,49414,49423,9
12.9976196289,80.2560195923,49423,49434,11
12.9969997406,80.2560195923,49434,49444,10
12.9968900681,80.2565383911,49444,49454,10
12.9968395233,80.2568969727,49454,49464,10
12.9968395233,80.256980896,49464,49474,10
12.9968004227,80.2573471069,49474,49485,11
12.9967098236,80.2580718994,49485,49495,10
12.9966402054,80.2588424683,49495,49505,10
12.9965400696,80.2595672607,49505,49515,10
12.9964704514,80.2602310181,49515,49525,10
12.9963798523,80.2611999512,49525,49535,10
12.9962501526,80.2622833252,49535,49555,20
12.9962501526,80.2622833252,49555,49565,10
12.9961795807,80.2626800537,49565,49575,10
12.9961500168,80.2633285522,49575,49586,11
12.9960603714,80.264213562,49586,49596,10
12.9959602356,80.265083313,49596,49606,10
12.9958200455,80.2662277222,49606,49616,10
12.9957199097,80.2673721313,49616,49626,10
12.9959697723,80.2676620483,49626,49636,10
12.996219635,80.2676773071,49636,49646,10
12.9962797165,80.2677230835,49646,49656,10
12.9968395233,80.2677001953,49656,49666,10
12.9976797104,80.2674713135,49666,49676,10
12.998459816,80.2672576904,49676,49686,10
12.9993495941,80.2669906616,49686,49697,11
12.9999904633,80.2667007446,49697,49707,10
13.0000295639,80.2666473389,49707,49723,16
13.0001602173,80.2661972046,49723,49735,12
13.0003299713,80.2657394409,49735,49846,111
13.0003404617,80.2660827637,49846,49987,141
13.0003204346,80.2663192749,49987,50381,394
13.0002603531,80.2663726807,50381,50674,293
13.0002603531,80.2663726807,50674,50684,10
13.0003204346,80.2665405273,50684,50694,10
13.000289917,80.2667694092,50694,50704,10
13.0002002716,80.2668609619,50704,50714,10
12.9998502731,80.266960144,50714,50724,10
12.999130249,80.2671585083,50724,50735,11
12.9980802536,80.2674407959,50735,50745,10
12.997209549,80.2677001953,50745,50755,10
12.9964704514,80.2678222656,50755,50765,10
12.9959497452,80.2678070068,50765,50775,10
12.9956703186,80.2674179077,50775,50795,20
12.9956703186,80.2674179077,50795,50805,10
12.9957199097,80.2671203613,50805,50815,10
12.9957895279,80.2665023804,50815,50825,10
12.9958496094,80.2657012939,50825,50836,11
12.9959897995,80.264541626,50836,50846,10
12.9961004257,80.2634506226,50846,50856,10
12.9961500168,80.2627563477,50856,50866,10
12.9961595535,80.2626419067,50866,50876,10
12.9961795807,80.2624511719,50876,50886,10
12.9962596893,80.2619018555,50886,50896,10
12.996339798,80.2611236572,50896,50906,10
12.9964504242,80.2602615356,50906,50916,10
12.9965000153,80.2595367432,50916,50926,10
12.9965200424,80.2594604492,50926,50936,10
12.9965896606,80.2590789795,50936,50947,11
12.9966402054,80.2583465576,50947,50957,10
12.9967098236,80.2576293945,50957,50967,10
12.9967699051,80.2571716309,50967,50977,10
12.9968004227,80.2566375732,50977,50987,10
12.9968595505,80.256111145,50987,51027,40
12.9968595505,80.256111145,51027,51037,10
12.9969596863,80.2558364868,51037,51048,11
12.9975099564,80.2558288574,51048,51058,10
12.9987201691,80.2559814453,51058,51086,28
12.9987201691,80.2559814453,51086,51096,10
12.9988002777,80.2560195923,51096,51106,10
12.9991998672,80.2561035156,51106,51146,40
12.9991998672,80.2561035156,51146,51156,10
12.9993600845,80.2561187744,51156,51167,11
12.9998102188,80.2562026978,51167,51177,10
13.0002298355,80.2563095093,51177,51187,10
13.0008096695,80.2564163208,51187,51197,10
13.0010595322,80.2564926147,51197,51207,10
13.0014400482,80.2565612793,51207,51217,10
13.0018796921,80.2566070557,51217,51227,10
13.0024900436,80.2567062378,51227,51237,10
13.0029697418,80.2568206787,51237,51247,10
13.0035896301,80.2569274902,51247,51258,11
13.0044603348,80.2571029663,51258,51268,10
13.0053195953,80.2572479248,51268,51278,10
13.0059204102,80.2574005127,51278,51288,10
13.0065002441,80.2574234009,51288,51297,9
13.006480217,80.2567977905,51297,51308,11
13.0064697266,80.2557601929,51308,51318,10
13.0065202713,80.2546691895,51318,51328,10
13.006480217,80.253692627,51328,51338,10
13.0065097809,80.2532272339,51338,51348,10
13.0065002441,80.2531814575,51348,51359,11
13.0064897537,80.2526397705,51359,51419,60
13.0064897537,80.2526397705,51419,51429,10
13.0065402985,80.2523803711,51429,51439,10
13.0065603256,80.2519226074,51439,51449,10
13.0066900253,80.2512435913,51449,51459,10
13.0066900253,80.2503509521,51459,51470,11
13.0067300797,80.249168396,51470,51479,9
13.0066299438,80.248298645,51479,51560,81
13.0066299438,80.248298645,51560,51571,11
13.0066299438,80.248008728,51571,51581,10
13.0066099167,80.2475814819,51581,51611,30
13.0066099167,80.2475814819,51611,51621,10
13.0066099167,80.2474517822,51621,51631,10
13.0066299438,80.2469787598,51631,51641,10
13.0065498352,80.2465133667,51641,51651,10
13.0065898895,80.2464294434,51651,51661,10
13.0066003799,80.2460784912,51661,51672,11
13.0066003799,80.2453918457,51672,51682,10
13.0065898895,80.244758606,51682,51692,10
13.0066003799,80.244140625,51692,51702,10
13.0065498352,80.2434234619,51702,51712,10
13.006529808,80.2426605225,51712,51722,10
13.0065097809,80.2416992188,51722,51732,10
13.0066099167,80.2408218384,51732,51742,10
13.0066604614,80.2404022217,51742,51752,10
13.0067195892,80.2401580811,51752,51762,10
13.006770134,80.2396697998,51762,51772,10
13.006939888,80.2388763428,51772,51783,11
13.0071201324,80.2380981445,51783,51793,10
13.0073003769,80.2373733521,51793,51803,10
13.0073900223,80.2367782593,51803,51813,10
13.007399559,80.2367477417,51813,51823,10
13.0074501038,80.2365722656,51823,51833,10
13.0075798035,80.2360610962,51833,51843,10
13.0077400208,80.2352905273,51843,51853,10
13.0079202652,80.2343597412,51853,51863,10
13.0081396103,80.2332763672,51863,51873,10
13.0083503723,80.2321472168,51873,51884,11
13.0085897446,80.2309799194,51884,51894,10
13.0087900162,80.2299804688,51894,51904,10
13.0089797974,80.2290802002,51904,51914,10
13.0092401505,80.2280578613,51914,51924,10
13.0097303391,80.2269973755,51924,51934,10
13.0101900101,80.225982666,51934,51944,10
13.0105800629,80.2251281738,51944,51954,10
13.0108499527,80.2245025635,51954,51964,10
13.0111703873,80.2237701416,51964,51974,10
13.011349678,80.2231903076,51974,51985,11
13.0116596222,80.2224731445,51985,51995,10
13.0119800568,80.2215118408,51995,52005,10
13.0124397278,80.2216033936,52005,52015,10
13.0129098892,80.2221603394,52015,52025,10
13.0135297775,80.2228622437,52025,52035,10
13.0139398575,80.2232971191,52035,52045,10
13.0142498016,80.2236175537,52045,52055,10
13.0147304535,80.2241821289,52055,52065,10
13.0152397156,80.2247619629,52065,52075,10
13.0155296326,80.2249679565,52075,52085,10
13.0155801773,80.2250213623,52085,52096,11
13.0160598755,80.2253112793,52096,52106,10
13.0168304443,80.2251815796,52106,52116,10
13.0177402496,80.224822998,52116,52126,10
13.0186004639,80.2244720459,52126,52136,10
13.0193195343,80.2243728638,52136,52146,10
13.0195798874,80.2244720459,52146,52156,10
13.0199203491,80.2246780396,52156,52166,10
13.020409584,80.2250366211,52166,52176,10
13.0208702087,80.2253723145,52176,52186,10
13.0214996338,80.2258071899,52186,52197,11
13.0218696594,80.2260665894,52197,52217,20
13.0218696594,80.2260665894,52217,52227,10
13.0220098495,80.2261505127,52227,52237,10
13.0224599838,80.2265396118,52237,52247,10
13.023059845,80.2270965576,52247,52257,10
13.023730278,80.227722168,52257,52267,10
13.0242204666,80.2282104492,52267,52277,10
13.0242700577,80.2283096313,52277,52287,10
13.0244703293,80.2285995483,52287,52298,11
13.0248403549,80.2291488647,52298,52308,10
13.0253295898,80.2297897339,52308,52318,10
13.0258197784,80.2305374146,52318,52328,10
13.0259799957,80.2309875488,52328,52338,10
13.0259895325,80.2310714722,52338,52348,10
13.026260376,80.231262207,52348,52358,10
13.0269498825,80.2311172485,52358,52368,10
13.0277500153,80.2309494019,52368,52378,10
13.0283298492,80.2309036255,52378,52388,10
13.028459549,80.2308807373,52388,52398,10
13.0290603638,80.2308273315,52398,52409,11
13.0296096802,80.2307815552,52409,52419,10
13.0302801132,80.2307434082,52419,52429,10
13.0305204391,80.23072052,52429,52439,10
13.0309495926,80.2306976318,52439,52449,10
13.0316801071,80.2306518555,52449,52459,10
13.032500267,80.2305603027,52459,52469,10
13.0332298279,80.2305221558,52469,52479,10
13.0340099335,80.2304992676,52479,52520,41
13.0343599319,80.2303771973,52520,52540,20
13.0343599319,80.2303771973,52540,52550,10
13.0345201492,80.2303466797,52550,52600,50
13.0345201492,80.2303466797,52600,52611,11
13.0347700119,80.2303237915,52611,52621,10
13.0349998474,80.230506897,52621,52631,10
13.0349197388,80.2310791016,52631,52641,10
13.0347995758,80.2318572998,52641,52651,10
13.0347003937,80.2327575684,52651,52661,10
13.0346298218,80.2335128784,52661,52671,10
13.034529686,80.2343063354,52671,52681,10
13.0344200134,80.2351608276,52681,52691,10
13.034330368,80.2359085083,52691,52701,10
13.0343103409,80.2373123169,52701,52752,51
13.0343103409,80.2373123169,52752,52762,10
13.0344696045,80.2377166748,52762,52772,10
13.0347900391,80.2381973267,52772,52782,10
13.0351295471,80.2387237549,52782,52798,16
13.0357398987,80.2393188477,52798,52810,12
13.0366697311,80.2394714355,52810,52820,10
13.0376996994,80.2395935059,52820,52831,11
13.0386800766,80.2397079468,52831,52841,10
13.039440155,80.2397918701,52841,52851,10
13.0399198532,80.2398529053,52851,52861,10
13.0403604507,80.240020752,52861,52871,10
13.0404596329,80.2404708862,52871,52881,10
13.0409803391,80.2405471802,52881,52891,10
13.0410404205,80.2405776978,52891,52901,10
13.0412502289,80.2405929565,52901,52911,10
13.0418100357,80.2406387329,52911,52921,10
13.0426597595,80.2407989502,52921,52932,11
13.0436096191,80.2409210205,52932,52942,10
13.0441303253,80.2408294678,52942,52951,9
13.044719696,80.2404098511,52951,52962,11
13.0455303192,80.2398605347,52962,52972,10
13.0459604263,80.2395629883,52972,52982,10
13.0463600159,80.2395172119,52982,52992,10
13.0465297699,80.2395706177,52992,53002,10
13.0468997955,80.2396621704,53002,53012,10
13.0475797653,80.2397994995,53012,53022,10
13.0484399796,80.2399673462,53022,53033,11
13.0493297577,80.2401428223,53033,53043,10
13.0498399734,80.2402572632,53043,53053,10
13.050359726,80.2403717041,53053,53063,10
13.0509796143,80.2404937744,53063,53073,10
13.0515804291,80.2405929565,53073,53083,10
13.0522499084,80.2407836914,53083,53093,10
13.052479744,80.2411727905,53093,53103,10
13.0525398254,80.2413330078,53103,53113,10
13.0527095795,80.2416534424,53113,53123,10
13.053319931,80.2419433594,53123,53134,11
13.0539798737,80.2422180176,53134,53144,10
13.0539999008,80.2422180176,53144,53154,10
13.0541696548,80.2422485352,53154,53164,10
13.0547199249,80.2423019409,53164,53174,10
13.0554304123,80.2422103882,53174,53184,10
13.0561800003,80.2424697876,53184,53194,10
13.0562400818,80.2424926758,53194,53204,10
13.0563201904,80.2425079346,53204,53214,10
13.0566196442,80.2426071167,53214,53224,10
13.057009697,80.2427215576,53224,53235,11
13.0574197769,80.2427825928,53235,53244,9
13.0578603745,80.2427368164,53244,53253,9
13.0582304001,80.2426376343,53253,53264,11
13.0585002899,80.2425613403,53264,53275,11
13.0590496063,80.242477417,53275,53285,10
13.0598096848,80.2426223755,53285,53295,10
13.0603199005,80.2427978516,53295,53305,10
13.0607204437,80.2429428101,53305,53315,10
13.0614795685,80.2432022095,53315,53366,51
13.0614795685,80.2432022095,53366,53376,10
13.0617904663,80.2432403564,53376,53386,10
13.0624599457,80.2433624268,53386,53416,30
13.0624599457,80.2433624268,53416,53426,10
13.0628900528,80.2434234619,53426,53436,10
13.0630702972,80.2434463501,53436,53447,11
13.06346035,80.2434692383,53447,53457,10
13.0638904572,80.2434692383,53457,53467,10
13.0644903183,80.2434616089,53467,53477,10
13.0651102066,80.2434997559,53477,53487,10
13.0651397705,80.2434997559,53487,53497,10
13.0652999878,80.2434463501,53497,53507,10
13.0658197403,80.2434310913,53507,53517,10
13.0662298203,80.2433166504,53517,53527,10
13.066619873,80.2431869507,53527,53537,10
13.0671300888,80.2429733276,53537,53548,11
13.0677700043,80.2427368164,53548,53559,11
13.0683698654,80.2425765991,53559,53569,10
13.0688800812,80.2423782349,53569,53579,10
13.0694103241,80.2421722412,53579,53589,10
13.0696401596,80.2420806885,53589,53599,10
13.0698204041,80.2420501709,53599,53609,10
13.0698699951,80.2420501709,53609,53619,10
13.0700101852,80.2420425415,53619,53629,10
13.0704097748,80.241897583,53629,53639,10
13.0708599091,80.2417526245,53639,53650,11
13.0713195801,80.241569519,53650,53660,10
13.0720100403,80.2412261963,53660,53670,10
13.0726804733,80.240852356,53670,53680,10
13.073340416,80.2406387329,53680,53690,10
13.0740804672,80.2404632568,53690,53700,10
13.0751199722,80.240447998,53700,53710,10
13.0762195587,80.2404632568,53710,53720,10
13.0769996643,80.2405166626,53720,53730,10
13.0770397186,80.2399368286,53730,53740,10
13.0768404007,80.2391281128,53740,53750,10
13.0767002106,80.2386779785,53750,53761,11
13.0766897202,80.2386398315,53761,53771,10
13.0766296387,80.2384490967,53771,53781,10
13.0766201019,80.2383117676,53781,53791,10
13.0766401291,80.2380981445,53791,53801,10
13.0766000748,80.2378234863,53801,53811,10
13.076379776,80.2370681763,53811,53841,30
13.076379776,80.2370681763,53841,53851,10
13.0763101578,80.2368087769,53851,53862,11
13.0762300491,80.2361602783,53862,53872,10
13.0761003494,80.2353668213,53872,53882,10
13.0757799149,80.2341079712,53882,53912,30
13.0757799149,80.2341079712,53912,53922,10
13.0757799149,80.2340011597,53922,53932,10
13.0759601593,80.2337417603,53932,53942,10
13.0764598846,80.2336273193,53942,53952,10
13.0767402649,80.2336196899,53952,53963,11
13.0768404007,80.2336273193,53963,53972,9
13.0773000717,80.2335586548,53972,53983,11
13.0781097412,80.2334823608,53983,53993,10
13.078789711,80.2334823608,53993,54003,10
13.0793504715,80.2334899902,54003,54013,10
13.0796899796,80.2334671021,54013,54023,10
13.0801801682,80.2334899902,54023,54043,20
13.0801801682,80.2334899902,54043,54053,10
13.080499649,80.2334976196,54053,54064,11
13.0812196732,80.2334976196,54064,54074,10
13.0818195343,80.2334823608,54074,54084,10
13.0819501877,80.2330093384,54084,54094,10
13.0821695328,80.232208252,54094,54104,10
13.0824804306,80.2312698364,54104,54114,10
13.0827798843,80.2305984497,54114,54124,10
13.0830698013,80.2308273315,54124,54134,10
13.0831403732,80.2314987183,54134,54144,10
13.0831804276,80.2323608398,54144,54154,10
13.0833702087,80.2332611084,54154,54164,10
13.0837697983,80.2338104248,54164,54175,11
13.0839595795,80.2338485718,54175,54185,10
13.0840797424,80.2339324951,54185,54195,10
13.0845003128,80.2340621948,54195,54205,10
13.0852403641,80.2342376709,54205,54215,10
13.0859298706,80.2343902588,54215,54225,10
13.0866098404,80.2344818115,54225,54235,10
13.0874996185,80.2344818115,54235,54245,10
13.0879201889,80.2337112427,54245,54255,10
13.0881299973,80.2325820923,54255,54265,10
13.0883903503,80.2315216064,54265,54276,11
13.0886802673,80.2307815552,54276,54286,10
13.0888204575,80.230506897,54286,54296,10
13.0888795853,80.2304382324,54296,54306,10
13.089099884,80.2299804688,54306,54316,10
13.089509964,80.2293014526,54316,54326,10
13.0902004242,80.2285308838,54326,54336,10
13.0909404755,80.2277526855,54336,54346,10
13.0913600922,80.2272567749,54346,54356,10
13.0913696289,80.2272567749,54356,54366,10
13.0914402008,80.2272033691,54366,54377,11
13.0918798447,80.2267990112,54377,54387,10
13.0924701691,80.2261962891,54387,54397,10
13.0932302475,80.2254333496,54397,54407,10
13.0939903259,80.2245635986,54407,54417,10
13.0947198868,80.2235565186,54417,54427,10
13.0951595306,80.22265625,54427,54437,10
13.0952100754,80.2224884033,54437,54447,10
13.0953397751,80.2221679688,54447,54457,10
13.0955896378,80.2214584351,54457,54467,10
13.0959100723,80.2205886841,54467,54477,10
13.0963602066,80.2192382813,54477,54508,31
13.0963602066,80.2192382813,54508,54518,10
13.0964002609,80.2191162109,54518,54534,16
13.0967702866,80.2181167603,54534,54546,12
13.0971002579,80.2171096802,54546,54554,8
13.0971498489,80.2169876099,54554,54566,12
13.0972204208,80.2168121338,54566,54576,10
13.097410202,80.2163009644,54576,54586,10
13.0976896286,80.215637207,54586,54597,11
13.0980997086,80.2146835327,54597,54607,10
13.0981903076,80.2144470215,54607,54617,10
13.0982198715,80.2143707275,54617,54627,10
13.098400116,80.2139968872,54627,54637,10
13.0989103317,80.2141036987,54637,54647,10
13.099439621,80.2142562866,54647,54657,10
13.1001701355,80.2144622803,54657,54687,30
13.1001701355,80.2144622803,54687,54698,11
13.1003103256,80.2145233154,54698,54708,10
13.1004400253,80.2145385742,54708,54718,10
13.1005601883,80.2146224976,54718,54728,10
13.1004199982,80.2151107788,54728,54738,10
13.1001195908,80.2158203125,54738,54748,10
13.1000099182,80.2160491943,54748,54758,10
13.0998802185,80.2160110474,54758,54768,10
13.0999803543,80.215637207,54768,54778,10
13.1001796722,80.2151565552,54778,54788,10
13.1002197266,80.2147216797,54788,56061,1273
13.1002197266,80.2147216797,56061,56071,10
13.1001596451,80.2145385742,56071,56081,10
13.0999202728,80.2144622803,56081,56091,10
13.0995798111,80.2143783569,56091,56101,10
13.0989599228,80.2142028809,56101,56111,10
13.0984401703,80.2141418457,56111,56121,10
13.0981903076,80.2147369385,56121,56131,10
13.0978403091,80.2155609131,56131,56141,10
13.0974397659,80.2165222168,56141,56152,11
13.0973396301,80.2168121338,56152,56162,10
13.0971498489,80.2172164917,56162,56172,10
13.0968904495,80.2179718018,56172,56182,10
13.0966396332,80.2187805176,56182,56192,10
13.0963897705,80.2194671631,56192,56201,9
13.0960998535,80.2202835083,56201,56211,10
13.0958299637,80.2210617065,56211,56221,10
13.0956802368,80.2216033936,56221,56232,11
13.095410347,80.2223129272,56232,56242,10
13.0953598022,80.2224502563,56242,56253,11
13.0952596664,80.2227096558,56253,56263,10
13.0949802399,80.2233200073,56263,56273,10
13.0945100784,80.2240066528,56273,56283,10
13.0938901901,80.2247924805,56283,56293,10
13.0933504105,80.2253875732,56293,56303,10
13.0926799774,80.2260894775,56303,56313,10
13.0918998718,80.2268371582,56313,56323,10
13.0911798477,80.2275238037,56323,56333,10
13.0911102295,80.2276687622,56333,56343,10
13.0909900665,80.2278366089,56343,56353,10
13.0906400681,80.2282409668,56353,56364,11
13.0900297165,80.2288894653,56364,56374,10
13.089389801,80.2296676636,56374,56384,10
13.0891399384,80.2301864624,56384,56394,10
13.0890102386,80.2304763794,56394,56403,9
13.0888204575,80.2309188843,56403,56414,11
13.088809967,80.2309417725,56414,56424,10
13.0886697769,80.2312698364,56424,56434,10
13.0885095596,80.2316818237,56434,56444,10
13.088259697,80.2325286865,56444,56454,10
13.0880804062,80.2333602905,56454,56465,11
13.08796978,80.2342071533,56465,56475,10
13.0873804092,80.2346191406,56475,56485,10
13.0865802765,80.2345809937,56485,56494,9
13.0858898163,80.2344436646,56494,56505,11
13.0850896835,80.2342376709,56505,56515,10
13.0844097137,80.2340621948,56515,56525,10
13.0837001801,80.2339401245,56525,56545,20
13.0837001801,80.2339401245,56545,56555,10
13.0833597183,80.2339096069,56555,56566,11
13.0830001831,80.2338790894,56566,56576,10
13.0825796127,80.2337722778,56576,56586,10
13.0823802948,80.2337417603,56586,56596,10
13.0822601318,80.2337112427,56596,56606,10
13.0818195343,80.2336578369,56606,56616,10
13.0810499191,80.2336196899,56616,56626,10
13.0804004669,80.2335891724,56626,56636,10
13.0797395706,80.2335662842,56636,56646,10
13.0795602798,80.2335891724,56646,56656,10
13.0794401169,80.2335891724,56656,56666,10
13.0789804459,80.2336120605,56666,56677,11
13.0783004761,80.2336502075,56677,56686,9
13.0777797699,80.2336502075,56686,56697,11
13.0772199631,80.2337188721,56697,56707,10
13.0760002136,80.2339706421,56707,56737,30
13.0760002136,80.2339706421,56737,56747,10
13.0758800507,80.2339630127,56747,56757,10
13.0758600235,80.2342987061,56757,56767,10
13.0760402679,80.2349624634,56767,56778,11
13.0761995316,80.2357406616,56778,56788,10
13.0762996674,80.236289978,56788,56808,20
13.0762996674,80.236289978,56808,56818,10
13.0762996674,80.2365112305,56818,56828,10
13.0763397217,80.2367095947,56828,56838,10
13.0764198303,80.2370376587,56838,56909,71
13.0764198303,80.2370376587,56909,56919,10
13.0765199661,80.2373199463,56919,56929,10
13.0766000748,80.2376937866,56929,56939,10
13.0767202377,80.2382278442,56939,56949,10
13.0768404007,80.2388381958,56949,56959,10
13.0769901276,80.2394104004,56959,56969,10
13.0771398544,80.2399597168,56969,56979,10
13.0771903992,80.240196228,56979,56990,11
13.0773200989,80.2407531738,56990,57000,10
13.0773801804,80.2411422729,57000,57010,10
13.0774297714,80.2415084839,57010,57020,10
13.0776195526,80.2422180176,57020,57030,10
13.0777702332,80.2432403564,57030,57040,10
13.0777797699,80.2443313599,57040,57050,10
13.0778999329,80.2451171875,57050,57060,10
13.0779600143,80.246131897,57060,57070,10
13.0781602859,80.247177124,57070,57081,11
13.0784196854,80.2484817505,57081,57091,10
13.0786304474,80.2493591309,57091,57101,10
13.0787296295,80.2500610352,57101,57111,10
13.0784902573,80.2507171631,57111,57121,10
13.0785999298,80.251449585,57121,57131,10
13.0783395767,80.251701355,57131,57140,9
13.0779495239,80.2517776489,57140,57151,11
13.0772199631,80.2519378662,57151,57160,9
13.0764904022,80.2520828247,57160,57171,11
13.0757198334,80.2522277832,57171,57181,10
13.0751895905,80.2522583008,57181,57191,10
13.0746202469,80.2523117065,57191,57202,11
13.0739603043,80.2524032593,57202,57212,10
13.0735397339,80.2525100708,57212,57222,10
13.0727996826,80.2524414063,57222,57232,10
13.0721998215,80.2520828247,57232,57242,10
13.0720901489,80.2514801025,57242,57252,10
13.0719499588,80.2508163452,57252,57262,10
13.0717096329,80.2500305176,57262,57272,10
13.0714797974,80.2489624023,57272,57282,10
13.0712099075,80.2479171753,57282,57292,10
13.0708398819,80.2470474243,57292,57303,11
13.0703296661,80.2460021973,57303,57313,10
13.069899559,80.245010376,57313,57323,10
13.0695800781,80.2441101074,57323,57333,10
13.0693101883,80.2434005737,57333,57363,30
13.0693101883,80.2434005737,57363,57373,10
13.0693101883,80.2432098389,57373,57383,10
13.0691995621,80.2428207397,57383,57393,10
13.0688199997,80.2425003052,57393,57403,10
13.0680799484,80.2427062988,57403,57414,11
13.0672597885,80.2430267334,57414,57424,10
13.066619873,80.2433166504,57424,57434,10
13.0661897659,80.2436065674,57434,57444,10
13.0661497116,80.2441864014,57444,57454,10
13.0662603378,80.2449798584,57454,57464,10
13.0664196014,80.2456588745,57464,57474,10
13.0670404434,80.2460784912,57474,57484,10
13.0677700043,80.2464523315,57484,57494,10
13.0678501129,80.2465209961,57494,57504,10
13.0679197311,80.2466278076,57504,57515,11
13.0679502487,80.2473526001,57515,57525,10
13.0675401688,80.2478790283,57525,57535,10
13.0667495728,80.2478637695,57535,57545,10
13.0659999847,80.2478713989,57545,57555,10
13.0651597977,80.247833252,57555,57565,10
13.0642795563,80.247756958,57565,57575,10
13.0634403229,80.2477111816,57575,57585,10
13.0625600815,80.2476806641,57585,57595,10
13.0617599487,80.2476196289,57595,57605,10
13.0613002777,80.2470397949,57605,57616,11
13.0617399216,80.2465286255,57616,57626,10
13.0619697571,80.2456893921,57626,57636,10
13.0624799728,80.2449569702,57636,57646,10
13.0630502701,80.2444992065,57646,57656,10
13.0630998611,80.2443466187,57656,57666,10
13.0631198883,80.2443466187,57666,57676,10
13.0633096695,80.2440185547,57676,57686,10
13.0633897781,80.2435379028,57686,57696,10
13.0628004074,80.2434234619,57696,57706,10
13.0621900558,80.2433013916,57706,57716,10
13.0618000031,80.2432632446,57716,57727,11
13.0614995956,80.2432022095,57727,57737,10
13.0614900589,80.2432022095,57737,57746,9
13.0611200333,80.2431182861,57746,57757,11
13.060669899,80.242980957,57757,57767,10
13.0600700378,80.2427825928,57767,57777,10
13.0595598221,80.2426071167,57777,57787,10
13.059419632,80.2425918579,57787,57797,10
13.0589399338,80.2426605225,57797,57807,10
13.0587902069,80.24269104,57807,57817,10
13.0586204529,80.2427062988,57817,57828,11
13.0581102371,80.2428665161,57828,57838,10
13.0571298599,80.2429199219,57838,57858,20
13.0571298599,80.2429199219,57858,57868,10
13.0570201874,80.2428665161,57868,57878,10
13.056599617,80.2427062988,57878,57888,10
13.0560503006,80.2424316406,57888,57898,10
13.0553598404,80.2423171997,57898,57908,10
13.054599762,80.2424468994,57908,57918,10
13.0536899567,80.2422790527,57918,57939,21
13.0536899567,80.2422790527,57939,57949,10
13.0536403656,80.2422180176,57949,57959,10
13.0532598495,80.2420120239,57959,57969,10
13.0530195236,80.2419281006,57969,57979,10
13.0528898239,80.241897583,57979,57989,10
13.0524501801,80.241607666,57989,57999,10
13.0521297455,80.2410583496,57999,58009,10
13.0519104004,80.2407989502,58009,58019,10
13.0515899658,80.240737915,58019,58030,11
13.0510702133,80.2406387329,58030,58040,10
13.0506801605,80.240562439,58040,58050,10
13.0500602722,80.2404327393,58050,58060,10
13.0493803024,80.2402572632,58060,58070,10
13.0486602783,80.2401199341,58070,58080,10
13.0482702255,80.2400436401,58080,58090,10
13.0478096008,80.2399520874,58090,58100,10
13.0472698212,80.2398223877,58100,58110,10
13.0464897156,80.2396774292,58110,58120,10
13.046210289,80.2394485474,58120,58130,10
13.046380043,80.2388763428,58130,58141,11
13.0465097427,80.2383499146,58141,58151,10
13.0466299057,80.2378082275,58151,58161,10
13.0467996597,80.2370605469,58161,58171,10
13.0469398499,80.236289978,58171,58181,10
13.0469999313,80.2359085083,58181,58191,10
13.0470399857,80.2356719971,58191,58201,10
13.0471096039,80.2351989746,58201,58211,10
13.0472097397,80.2343826294,58211,58221,10
13.0473003387,80.2335586548,58221,58231,10
13.0473203659,80.2333679199,58231,58242,11
13.0473299026,80.2332305908,58242,58252,10
13.0470399857,80.233039856,58252,58262,10
13.0462999344,80.2329330444,58262,58272,10
13.0455598831,80.2328186035,58272,58282,10
13.0451602936,80.2327270508,58282,58292,10
13.0448999405,80.2326812744,58292,58302,10
13.0441703796,80.2325134277,58302,58312,10
13.0433101654,80.232421875,58312,58322,10
13.0425195694,80.2323913574,58322,58332,10
13.0417804718,80.2323226929,58332,58343,11
13.040769577,80.2320404053,58343,58353,10
13.0397500992,80.2317123413,58353,58363,10
13.0387096405,80.2314224243,58363,58373,10
13.0376701355,80.231086731,58373,58383,10
13.0369501114,80.2308731079,58383,58393,10
13.036649704,80.2307662964,58393,58403,10
13.0360298157,80.2305374146,58403,58413,10
13.035490036,80.2304077148,58413,58443,30
13.035490036,80.2304077148,58443,58454,11
13.0351104736,80.2303009033,58454,58464,10
13.0346403122,80.2303695679,58464,58474,10
13.0343704224,80.2304382324,58474,58484,10
13.0341796875,80.2304916382,58484,58494,10
13.0335502625,80.2305603027,58494,58514,20
13.0335502625,80.2305603027,58514,58524,10
13.0333299637,80.2305297852,58524,58534,10
13.0326795578,80.2305908203,58534,58544,10
13.0318803787,80.2306900024,58544,58555,11
13.0310401917,80.2307434082,58555,58565,10
13.0303897858,80.2307891846,58565,58575,10
13.0297603607,80.2308578491,58575,58585,10
13.0294599533,80.2308883667,58585,58595,10
13.0288801193,80.2309570313,58595,58605,10
13.0283002853,80.2310714722,58605,58615,10
13.0277795792,80.2311096191,58615,58625,10
13.0277004242,80.2314300537,58625,58635,10
13.0277700424,80.231918335,58635,58645,10
13.0278701782,80.232460022,58645,58655,10
13.0277004242,80.2328720093,58655,58666,11
13.0268201828,80.2330093384,58666,58724,58
13.0268201828,80.2330093384,58724,58734,10
13.0264101028,80.2329483032,58734,58744,10
13.0261898041,80.2324295044,58744,58754,10
13.0260601044,80.2319107056,58754,58765,11
13.0258998871,80.2312393188,58765,58775,10
13.0256500244,80.2305297852,58775,58785,10
13.0251703262,80.2297973633,58785,58795,10
13.0248298645,80.2293624878,58795,58805,10
13.0248203278,80.2293624878,58805,58815,10
13.0246896744,80.2292022705,58815,58824,9
13.0243797302,80.2287979126,58824,58834,10
13.0239496231,80.2283172607,58834,58845,11
13.0239295959,80.228302002,58845,58855,10
13.0239200592,80.2282333374,58855,58866,11
13.0235700607,80.2278213501,58866,58876,10
13.0231704712,80.2274169922,58876,58886,10
13.022769928,80.2270584106,58886,58896,10
13.0221204758,80.2264785767,58896,58906,10
13.0213003159,80.2258224487,58906,58916,10
13.020529747,80.2252502441,58916,58926,10
13.0196304321,80.2246398926,58926,58936,10
13.0184803009,80.2245788574,58936,58946,10
13.0173397064,80.2250823975,58946,58956,10
13.0166397095,80.2253799438,58956,58967,11
13.0163803101,80.2255020142,58967,58977,10
13.0159502029,80.2256622314,58977,58987,10
13.015250206,80.2259216309,58987,58997,10
13.0145797729,80.2261886597,58997,59007,10
13.0142498016,80.2263336182,59007,59017,10
13.0141000748,80.2264022827,59017,59027,10
13.0135002136,80.2266235352,59027,59037,10
13.0127000809,80.2269134521,59037,59047,10
13.0116796494,80.2273178101,59047,59057,10
13.0106897354,80.227722168,59057,59067,10
13.0097198486,80.2281265259,59067,59078,11
13.0090999603,80.2288894653,59078,59088,10
13.0088796616,80.2300796509,59088,59098,10
13.0086297989,80.2313766479,59098,59108,10
13.0083999634,80.2325592041,59108,59118,10
13.0082702637,80.2335510254,59118,59128,10
13.0082302094,80.2337112427,59128,59138,10
13.008099556,80.2341995239,59138,59148,10
13.0079698563,80.23487854,59148,59158,10
13.0078401566,80.2355804443,59158,59168,10
13.0077295303,80.2361297607,59168,59179,11
13.0075798035,80.2369537354,59179,59189,10
13.0074195862,80.2377319336,59189,59199,10
13.0072603226,80.238571167,59199,59209,10
13.0070800781,80.2395324707,59209,59219,10
13.0069599152,80.2400970459,59219,59229,10
13.006939888,80.2405395508,59229,59239,10
13.0068998337,80.2408065796,59239,59249,10
13.0068597794,80.2410736084,59249,59259,10
13.0067996979,80.2415466309,59259,59269,10
13.0067796707,80.2424316406,59269,59280,11
13.0067396164,80.2433624268,59280,59290,10
13.0067501068,80.2443695068,59290,59300,10
13.0067501068,80.2443695068,59300,59310,10
13.0067596436,80.244758606,59310,59320,10
13.0067596436,80.245262146,59320,59330,10
13.006770134,80.2457733154,59330,59340,10
13.0067796707,80.2462310791,59340,59350,10
13.0067996979,80.2468032837,59350,59361,11
13.0067796707,80.2475814819,59361,59372,11
13.0067796707,80.2483291626,59372,59382,10
13.0068101883,80.2490081787,59382,59392,10
13.0068397522,80.2495727539,59392,59403,11
13.0068702698,80.25025177,59403,59413,10
13.0068702698,80.2507476807,59413,59423,10
13.0068798065,80.2510528564,59423,59453,30
13.0068798065,80.2510528564,59453,59463,10
13.0069103241,80.2512130737,59463,59473,10
13.0068798065,80.2514724731,59473,59483,10
13.0067796707,80.2518768311,59483,59493,10
13.0066299438,80.2525787354,59493,59504,11
13.0067300797,80.2530822754,59504,59514,10
13.0066604614,80.2537002563,59514,59635,121
13.0066604614,80.2537002563,59635,59645,10
13.0066204071,80.2538070679,59645,59655,10
13.006649971,80.2542190552,59655,59665,10
13.0066099167,80.2546081543,59665,59675,10
13.0066299438,80.2551803589,59675,59685,10
13.0066404343,80.2560501099,59685,59696,11
13.0066995621,80.25730896,59696,59797,101
13.0066995621,80.25730896,59797,59807,10
13.006770134,80.2576599121,59807,59817,10
13.0071496964,80.2583312988,59817,59827,10
13.0076704025,80.2588195801,59827,59837,10
13.0081195831,80.2590332031,59837,59847,10
13.0077800751,80.2593688965,59847,59857,10
13.0073404312,80.2590179443,59857,59867,10
13.0069999695,80.2583084106,59867,59877,10
13.006649971,80.2577896118,59877,59928,51
13.006649971,80.2577896118,59928,59938,10
13.0065498352,80.2576980591,59938,59948,10
13.0064697266,80.2574615479,59948,59958,10
13.0064296722,80.2571334839,59958,59968,10
13.0064296722,80.2568283081,59968,59978,10
13.0064401627,80.2562789917,59978,59988,10
13.0064601898,80.2556762695,59988,59998,10
13.0065002441,80.2551574707,59998,60009,11
13.0064897537,80.2543106079,60009,60019,10
13.006480217,80.2532577515,60019,60039,20
13.006480217,80.2532577515,60039,60049,10
13.006480217,80.2530212402,60049,60059,10
13.0065402985,80.2521209717,60059,60322,263
13.0065402985,80.2521209717,60322,60332,10
13.0067396164,80.2516021729,60332,60342,10
13.006770134,80.2509002686,60342,60352,10
13.0067396164,80.2503509521,60352,60362,10
13.0067396164,80.2500991821,60362,60372,10
13.0067195892,80.2496414185,60372,60382,10
13.0067195892,80.2493209839,60382,60392,10
13.0066995621,80.2490615845,60392,60402,10
13.0066604614,80.2487106323,60402,60463,61
13.0066604614,80.2487106323,60463,60473,10
13.0066404343,80.2483215332,60473,60483,10
13.0066099167,80.2479705811,60483,60493,10
13.0066003799,80.2474899292,60493,60635,142
13.0066003799,80.2474899292,60635,60645,10
13.0065898895,80.2473602295,60645,60655,10
13.0065698624,80.2464904785,60655,60675,20
13.0065698624,80.2464904785,60675,60685,10
13.0066003799,80.2462387085,60685,60725,40
13.0066003799,80.2462387085,60725,60736,11
13.0065803528,80.2459411621,60736,60746,10
13.0065803528,80.2459030151,60746,60756,10
13.0065803528,80.2457199097,60756,60766,10
13.0065898895,80.245552063,60766,60776,10
13.0066003799,80.2454681396,60776,60786,10
13.0066003799,80.2453384399,60786,60796,10
13.0066003799,80.2451629639,60796,60806,10
13.0065803528,80.2448730469,60806,60816,10
13.0066003799,80.2446365356,60816,60826,10
13.0066003799,80.2443695068,60826,60837,11
13.0065803528,80.2439880371,60837,60847,10
13.0065698624,80.2436904907,60847,60857,10
13.0065402985,80.2432937622,60857,60867,10
13.0065402985,80.2427825928,60867,60877,10
13.006529808,80.2422180176,60877,60887,10
13.006529808,80.2420425415,60887,60897,10
13.0065402985,80.2417984009,60897,60907,10
13.0065498352,80.2414627075,60907,60917,10
13.0065803528,80.2410888672,60917,60927,10
13.0066404343,80.2406387329,60927,60937,10
13.0067796707,80.2400131226,60937,60948,11
13.0069799423,80.2389678955,60948,60958,10
13.0072002411,80.2378921509,60958,60974,16
13.0074300766,80.2367095947,60974,61006,32
13.0074300766,80.2367095947,61006,61016,10
13.0075502396,80.2363433838,61016,61026,10
13.0076799393,80.2356796265,61026,61036,10
13.0078401566,80.23487854,61036,61047,11
13.0080604553,80.2337722778,61047,61056,9
13.0082597733,80.2327270508,61056,61066,10
13.008480072,80.2315597534,61066,61077,11
13.0087203979,80.2303085327,61077,61087,10
13.008939743,80.2292175293,61087,61097,10
13.0091695786,80.2281723022,61097,61107,10
13.0096101761,80.2271575928,61107,61117,10
13.0100898743,80.2260971069,61117,61127,10
13.0104799271,80.2253265381,61127,61137,10
13.0105199814,80.2252197266,61137,61148,11
13.0106801987,80.2248764038,61148,61158,10
13.0109195709,80.224357605,61158,61168,10
13.0112304688,80.2237091064,61168,61178,10
13.0112600327,80.2236022949,61178,61188,10
13.0112400055,80.2235565186,61188,61198,10
13.0113096237,80.2233581543,61198,61208,10
13.0115499496,80.2227935791,61208,61218,10
13.0118398666,80.2219619751,61218,61228,10
13.0122499466,80.2214202881,61228,61238,10
13.0126399994,80.2218780518,61238,61247,9
13.0131196976,80.2224578857,61247,61259,12
13.0139198303,80.2233734131,61259,61269,10
13.01445961,80.2241668701,61269,61279,10
13.0151700974,80.224822998,61279,61299,20
13.0151700974,80.224822998,61299,61309,10
13.0152997971,80.2248764038,61309,61319,10
13.0156002045,80.2250595093,61319,61329,10
13.0157203674,80.2250823975,61329,61339,10
13.0160999298,80.2253265381,61339,61349,10
13.0168600082,80.2252197266,61349,61360,11
13.0178203583,80.2248382568,61360,61370,10
13.0187702179,80.2244567871,61370,61380,10
13.0193300247,80.2243499756,61380,61390,10
13.0193996429,80.2243881226,61390,61400,10
13.0195503235,80.2244491577,61400,61410,10
13.0197601318,80.2245483398,61410,61420,10
13.0201597214,80.224822998,61420,61430,10
13.0206604004,80.2251815796,61430,61440,10
13.0209999084,80.2254104614,61440,61450,10
13.0211496353,80.2255401611,61450,61461,11
13.0212898254,80.2256774902,61461,61471,10
13.0220003128,80.2261734009,61471,61491,20
13.0220003128,80.2261734009,61491,61501,10
13.0221595764,80.2263183594,61501,61511,10
13.0226402283,80.2267608643,61511,61521,10
13.0232496262,80.2273178101,61521,61531,10
13.0237197876,80.227722168,61531,61541,10
13.0240697861,80.2280197144,61541,61551,10
13.0244998932,80.2286529541,61551,61561,10
13.0249700546,80.2293624878,61561,61572,11
13.0254297256,80.2299118042,61572,61582,10
13.0257997513,80.23046875,61582,61592,10
13.0258703232,80.2306289673,61592,61602,10
13.0260095596,80.231010437,61602,61612,10
13.0260801315,80.2313537598,61612,61622,10
13.0264196396,80.2313079834,61622,61632,10
13.0271501541,80.2311325073,61632,61642,10
13.0277795792,80.231010437,61642,61652,10
13.0286998749,80.2309112549,61652,61683,31
13.0286998749,80.2309112549,61683,61693,10
13.0288095474,80.2308883667,61693,61703,10
13.0291204453,80.2308731079,61703,61713,10
13.0294704437,80.2308425903,61713,61723,10
13.0299901962,80.230796814,61723,61733,10
13.0301904678,80.2307815552,61733,61743,10
13.0302400589,80.2307662964,61743,61753,10
13.0304002762,80.2307662964,61753,61763,10
13.0308904648,80.2307281494,61763,61774,11
13.0314998627,80.2306671143,61774,61784,10
13.032119751,80.2306213379,61784,61794,10
13.0328102112,80.2305603027,61794,61804,10
13.0333404541,80.2305221558,61804,61814,10
13.0337095261,80.2304992676,61814,61824,10
13.0341396332,80.2304382324,61824,61834,10
13.0343704224,80.2303924561,61834,61864,30
13.0343704224,80.2303924561,61864,61875,11
13.0345401764,80.2303619385,61875,61885,10
13.0348300934,80.2303390503,61885,61945,60
13.0348300934,80.2303390503,61945,61955,10
13.0348901749,80.2303466797,61955,61965,10
13.0349903107,80.2306289673,61965,61975,10
13.0349502563,80.2310714722,61975,61986,11
13.0349302292,80.2312011719,61986,61996,10
13.0348596573,80.231628418,61996,62006,10
13.0347604752,80.2323913574,62006,62016,10
13.0346899033,80.2331008911,62016,62026,10
13.034620285,80.2335891724,62026,62036,10
13.0345201492,80.2343597412,62036,62046,10
13.0343904495,80.2353515625,62046,62056,10
13.0342597961,80.2364807129,62056,62066,10
13.0343198776,80.2373809814,62066,62188,122
13.0343198776,80.2373809814,62188,62198,10
13.0344800949,80.23777771,62198,62208,10
13.0348100662,80.2383117676,62208,62218,10
13.0351696014,80.2388534546,62218,62228,10
13.0354204178,80.2392883301,62228,62238,10
13.0358896255,80.2394485474,62238,62248,10
13.0366296768,80.2395324707,62248,62258,10
13.0373001099,80.2396011353,62258,62268,10
13.037899971,80.2396392822,62268,62278,10
13.0385503769,80.2397079468,62278,62288,10
13.0392103195,80.2397994995,62288,62299,11
13.039850235,80.2398834229,62299,62309,10
13.0399999619,80.2398834229,62309,62319,10
13.0403604507,80.2399520874,62319,62329,10
13.0403995514,80.2403717041,62329,62339,10
13.0408000946,80.240562439,62339,62349,10
13.0410499573,80.2405776978,62349,62359,10
13.0412502289,80.2405929565,62359,62369,10
13.0418300629,80.2406692505,62369,62379,10
13.0424203873,80.2407608032,62379,62389,10
13.0429296494,80.2408370972,62389,62400,11
13.0437602997,80.2409515381,62400,62410,10
13.0448598862,80.2403717041,62410,62490,80
13.0448598862,80.2403717041,62490,62501,11
13.0449800491,80.2402572632,62501,62511,10
13.04529953,80.2400436401,62511,62521,10
13.0457296371,80.2397689819,62521,62531,10
13.0460996628,80.2395172119,62531,62541,10
13.0464696884,80.2395782471,62541,62551,10
13.0464801788,80.2395935059,62551,62561,10
13.0468301773,80.239692688,62561,62571,10
13.0474300385,80.2398071289,62571,62581,10
13.0477600098,80.2398605347,62581,62591,10
13.0483102798,80.2399902344,62591,62602,11
13.049200058,80.2401733398,62602,62612,10
13.0501699448,80.2403717041,62612,62622,10
13.0509700775,80.2405471802,62622,62632,10
13.051440239,80.2406311035,62632,62642,10
13.0523099899,80.2407989502,62642,62723,81
13.0523099899,80.2407989502,62723,62733,10
13.0524902344,80.2409896851,62733,62743,10
13.0525999069,80.2414016724,62743,62753,10
13.0528001785,80.2417602539,62753,62763,10
13.0534801483,80.2420501709,62763,62773,10
13.0540504456,80.2422866821,62773,62793,20
13.0540504456,80.2422866821,62793,62803,10
13.0542297363,80.2423324585,62803,62814,11
13.0547895432,80.2423629761,62814,62824,10
13.0555801392,80.2422714233,62824,62834,10
13.0563402176,80.2425613403,62834,62844,10
13.0566501617,80.2426605225,62844,62904,60
13.0566501617,80.2426605225,62904,62915,11
13.0570001602,80.2426986694,62915,62925,10
13.0573301315,80.2428665161,62925,62935,10
13.0575895309,80.2427902222,62935,62945,10
13.0577297211,80.2427597046,62945,62955,10
13.0580797195,80.2426986694,62955,62965,10
13.0585803986,80.2425994873,62965,62975,10
13.0590801239,80.2425003052,62975,62985,10
13.0593204498,80.2424621582,62985,62995,10
13.0595798492,80.2425231934,62995,63005,10
13.0599498749,80.2426605225,63005,63016,11
13.0604600906,80.2428665161,63016,63026,10
13.0610198975,80.2430496216,63026,63036,10
13.0613899231,80.2431411743,63036,63046,10
13.0619297028,80.2432403564,63046,63056,10
13.0625,80.2433624268,63056,63076,20
13.0625,80.2433624268,63076,63086,10
13.0629396439,80.2434463501,63086,63096,10
13.0635900497,80.2435379028,63096,63106,10
13.0640096664,80.2435531616,63106,63116,10
13.0642204285,80.2435531616,63116,63127,11
13.0651102066,80.2435684204,63127,63178,51
13.0651102066,80.2435684204,63178,63188,10
13.065489769,80.2435836792,63188,63198,10
13.0659704208,80.2435379028,63198,63208,10
13.0660495758,80.2435073853,63208,63218,10
13.0662899017,80.2434463501,63218,63229,11
13.066619873,80.2433166504,63229,63239,10
13.0671396255,80.2430877686,63239,63249,10
13.0676403046,80.2428512573,63249,63259,10
13.0681295395,80.2427062988,63259,63269,10
13.0686302185,80.2425689697,63269,63279,10
13.0693101883,80.2422790527,63279,63289,10
13.0697603226,80.2421188354,63289,63299,10
13.0699501038,80.2420501709,63299,63309,10
13.0699901581,80.2420501709,63309,63319,10
13.0701198578,80.2420425415,63319,63330,11
13.070690155,80.2418823242,63330,63340,10
13.0713195801,80.2416915894,63340,63350,10
13.071849823,80.2414474487,63350,63360,10
13.0723400116,80.2411270142,63360,63370,10
13.0728197098,80.2408676147,63370,63380,10
13.0731296539,80.2407836914,63380,63390,10
13.073559761,80.2406616211,63390,63400,10
13.0742301941,80.2405166626,63400,63410,10
13.0751199722,80.2405014038,63410,63420,10
13.0760498047,80.2405014038,63420,63431,11
13.0768098831,80.2406005859,63431,63441,10
13.0771198273,80.2404632568,63441,63451,10
13.0769996643,80.2398605347,63451,63461,10
13.0768003464,80.2389984131,63461,63471,10
13.0766000748,80.23828125,63471,63491,20
13.0766000748,80.23828125,63491,63501,10
13.0765895844,80.2380905151,63501,63511,10
13.0765600204,80.2378234863,63511,63521,10
13.0763397217,80.2369384766,63521,63542,21
13.0763397217,80.2369384766,63542,63552,10
13.0763397217,80.2369232178,63552,63562,10
13.0762796402,80.2365493774,63562,63572,10
13.0761899948,80.2359313965,63572,63582,10
13.0760803223,80.2353668213,63582,63592,10
13.075920105,80.234703064,63592,63602,10
13.075799942,80.2342605591,63602,63622,20
13.075799942,80.2342605591,63622,63632,10
13.0757598877,80.2340164185,63632,63643,11
13.0762796402,80.2337722778,63643,63653,10
13.0770797729,80.2336578369,63653,63663,10
13.0778999329,80.2335662842,63663,63673,10
13.0787096024,80.233543396,63673,63683,10
13.0793895721,80.233543396,63683,63693,10
13.0803499222,80.2335205078,63693,63713,20
13.0803499222,80.2335205078,63713,63723,10
13.0805397034,80.2335510254,63723,63733,10
13.0810604095,80.2335586548,63733,63744,11
13.0817699432,80.2335662842,63744,63754,10
13.0819597244,80.2334518433,63754,63764,10
13.0820102692,80.233039856,63764,63774,10
13.0820798874,80.2326965332,63774,63784,10
13.0821895599,80.232383728,63784,63794,10
13.0824203491,80.2316894531,63794,63804,10
13.0827302933,80.2310028076,63804,63814,10
13.0830202103,80.2306976318,63814,63824,10
13.0831699371,80.2311706543,63824,63834,10
13.0832300186,80.2319717407,63834,63845,11
13.0833702087,80.2328186035,63845,63855,10
13.0835103989,80.2334594727,63855,63864,9
13.0836696625,80.2339019775,63864,63875,11
13.0840702057,80.2340011597,63875,63895,20
13.0840702057,80.2340011597,63895,63905,10
13.0843496323,80.2340698242,63905,63915,10
13.0847597122,80.234161377,63915,63925,10
13.0854196548,80.2343215942,63925,63935,10
13.0860204697,80.2344589233,63935,63945,10
13.0867395401,80.2345809937,63945,63956,11
13.0873003006,80.2345962524,63956,63966,10
13.0879001617,80.234336853,63966,63976,10
13.0880002975,80.233581543,63976,63986,10
13.0881700516,80.2326278687,63986,63996,10
13.0884199142,80.2316131592,63996,64006,10
13.0886297226,80.2311019897,64006,64016,10
13.0888996124,80.2304992676,64016,64036,20
13.0888996124,80.2304992676,64036,64046,10
13.0890302658,80.23021698,64046,64057,11
13.0892601013,80.2298202515,64057,64067,10
13.089679718,80.2291793823,64067,64077,10
13.0902900696,80.2285003662,64077,64087,10
13.0909204483,80.2278289795,64087,64097,10
13.0914402008,80.2272491455,64097,64116,19
13.0914402008,80.2272491455,64116,64126,10
13.0917301178,80.2269821167,64126,64137,11
13.092300415,80.2264328003,64137,64147,10
13.0929498672,80.2257766724,64147,64158,11
13.0936002731,80.2250976563,64158,64168,10
13.0940999985,80.2245025635,64168,64178,10
13.0946702957,80.2237091064,64178,64188,10
13.0951499939,80.2228088379,64188,64198,10
13.0952501297,80.2225112915,64198,64208,10
13.0953197479,80.2223510742,64208,64218,10
13.0955400467,80.2218017578,64218,64228,10
13.0958299637,80.2209777832,64228,64238,10
13.0961303711,80.2201080322,64238,64248,10
13.0962600708,80.2197113037,64248,64259,11
13.0964202881,80.21925354,64259,64309,50
13.0964202881,80.21925354,64309,64319,10
13.0964403152,80.2192001343,64319,64329,10
13.0965900421,80.2188034058,64329,64339,10
13.096830368,80.2180786133,64339,64349,10
13.0971097946,80.2171783447,64349,64359,10
13.0971899033,80.2169876099,64359,64370,11
13.0973596573,80.2165679932,64370,64380,10
13.0976600647,80.2158584595,64380,64390,10
13.0979995728,80.2150192261,64390,64400,10
13.098400116,80.2141265869,64400,64440,40
13.098400116,80.2141265869,64440,64450,10
13.0985202789,80.2139282227,64450,64460,10
13.0990400314,80.2141799927,64460,64471,11
13.0998096466,80.2144012451,64471,64481,10
13.1002197266,80.2145385742,64481,64529,48
13.1002197266,80.2145385742,64529,64539,10
13.100520134,80.2146377563,64539,64620,81
13.100520134,80.2146377563,64620,64630,10
13.1005496979,80.2146606445,64630,64640,10
13.1005001068,80.2150421143,64640,64650,10
13.1001701355,80.2157974243,64650,64660,10
13.0999298096,80.2161026001,64660,64670,10
13.1000003815,80.215713501,64670,64681,11
13.1003198624,80.2149200439,64681,65297,616
13.1003198624,80.2149200439,65297,65307,10
13.1002502441,80.2147598267,65307,65317,10
13.1001195908,80.2145690918,65317,65327,10
13.0998897552,80.2144927979,65327,65337,10
13.0994997025,80.2143783569,65337,65347,10
13.0991401672,80.2142715454,65347,65357,10
13.0987596512,80.2141418457,65357,65398,41
13.0987596512,80.2141418457,65398,65408,10
13.0986003876,80.2141036987,65408,65418,10
13.0983295441,80.2144775391,65418,65428,10
13.0980195999,80.2152099609,65428,65438,10
13.0976400375,80.2161331177,65438,65448,10
13.0973901749,80.216758728,65448,65458,10
13.0973596573,80.2168273926,65458,65468,10
13.0971899033,80.2172927856,65468,65478,10
13.0968904495,80.2180786133,65478,65488,10
13.0966501236,80.2189331055,65488,65498,10
13.0963897705,80.219619751,65498,65509,11
13.0960702896,80.2205429077,65509,65519,10
13.0958003998,80.2212982178,65519,65529,10
13.095410347,80.2224502563,65529,65549,20
13.095410347,80.2224502563,65549,65559,10
13.0953302383,80.2226791382,65559,65569,10
13.0950899124,80.2232437134,65569,65579,10
13.0946102142,80.2239532471,65579,65589,10
13.0940303802,80.2247390747,65589,65599,10
13.0937099457,80.2251205444,65599,65610,11
13.0935602188,80.2252883911,65610,65620,10
13.0931396484,80.225730896,65620,65630,10
13.0926103592,80.2262573242,65630,65640,10
13.0918197632,80.2270812988,65640,65650,10
13.0913000107,80.2276306152,65650,65660,10
13.0912399292,80.2276916504,65660,65670,10
13.091219902,80.2276916504,65670,65680,10
13.0909099579,80.2279968262,65680,65690,10
13.0903196335,80.2286529541,65690,65781,91
13.0903196335,80.2286529541,65781,65791,10
13.0901002884,80.2289123535,65791,65801,10
13.0896396637,80.2294311523,65801,65812,11
13.0892095566,80.230140686,65812,65822,10
13.089099884,80.2303771973,65822,65832,10
13.0888795853,80.2308807373,65832,65842,10
13.0888395309,80.23097229,65842,65852,10
13.0887203217,80.2312011719,65852,65862,10
13.0885095596,80.2317123413,65862,65872,10
13.0882902145,80.2324981689,65872,65882,10
13.0881204605,80.2332229614,65882,65892,10
13.0880203247,80.2339401245,65892,65902,10
13.0878696442,80.2345123291,65902,65913,11
13.0873203278,80.23462677,65913,65923,10
13.0869903564,80.2346115112,65923,65933,10
13.086520195,80.2345581055,65933,65943,10
13.0861501694,80.2344970703,65943,65953,10
13.0859203339,80.2344284058,65953,65963,10
13.0853204727,80.2342987061,65963,65973,10
13.0849103928,80.2341766357,65973,65983,10
13.0847396851,80.2341384888,65983,65993,10
13.0842399597,80.2340164185,65993,66003,10
13.0837602615,80.2339324951,66003,66024,21
13.0837602615,80.2339324951,66024,66034,10
13.0835199356,80.2339324951,66034,66044,10
13.0830402374,80.2338790894,66044,66054,10
13.0824098587,80.2337265015,66054,66074,20
13.0824098587,80.2337265015,66074,66084,10
13.0820503235,80.2336273193,66084,66104,20
13.0820503235,80.2336273193,66104,66114,10
13.0817298889,80.233581543,66114,66125,11
13.0815496445,80.2335586548,66125,66135,10
13.0815296173,80.2334899902,66135,66145,10
13.0814399719,80.233543396,66145,66155,10
13.0810604095,80.2335586548,66155,66183,28
13.0810604095,80.2335586548,66183,66193,10
13.080739975,80.2335510254,66193,66203,10
13.0799999237,80.2335510254,66203,66214,11
13.0795202255,80.2335662842,66214,66225,11
13.0793800354,80.2335662842,66225,66236,11
13.0787696838,80.2335891724,66236,66246,10
13.0781602859,80.2336196899,66246,66256,10
13.0772399902,80.2336883545,66256,66266,10
13.076379776,80.2338485718,66266,66276,10
13.0761003494,80.2339096069,66276,66286,10
13.0758399963,80.2339401245,66286,66296,10
13.0759000778,80.2344207764,66296,66306,10
13.0760498047,80.2350769043,66306,66316,10
13.0762500763,80.236000061,66316,66326,10
13.076499939,80.2373123169,66326,66367,41
13.076499939,80.2373123169,66367,66377,10
13.0766096115,80.2376098633,66377,66387,10
13.076669693,80.2379379272,66387,66397,10
13.076669693,80.237953186,66397,66407,10
13.0767498016,80.2383422852,66407,66417,10
13.0768995285,80.2390518188,66417,66427,10
13.0771903992,80.2403106689,66427,66458,31
13.0771903992,80.2403106689,66458,66468,10
13.077249527,80.2405166626,66468,66478,10
13.0773601532,80.2409515381,66478,66488,10
13.0774202347,80.2413635254,66488,66498,10
13.0775699615,80.2419815063,66498,66518,20
13.0778503418,80.2438201904,66518,66528,10
13.0778398514,80.2444763184,66528,66538,10
13.07791996,80.245262146,66538,66549,11
13.0780000687,80.2461166382,66549,66559,10
13.0781202316,80.2468566895,66559,66569,10
13.0782804489,80.247718811,66569,66579,10
13.0784797668,80.2486190796,66579,66588,9
13.0786399841,80.2492294312,66588,66598,10
13.0787601471,80.2499084473,66598,66609,11
13.0785398483,80.250617981,66609,66619,10
13.078619957,80.2514572144,66619,66629,10
13.0784502029,80.2517166138,66629,66639,10
13.0781402588,80.2517700195,66639,66650,11
13.0774803162,80.2518997192,66650,66660,10
13.0768404007,80.2520217896,66660,66670,10
13.0760202408,80.2521820068,66670,66680,10
13.0753002167,80.2522506714,66680,66690,10
13.0747499466,80.252281189,66690,66700,10
13.0741100311,80.2523117065,66700,66710,10
13.073559761,80.2525100708,66710,66720,10
13.0728397369,80.2524490356,66720,66730,10
13.0722703934,80.2522125244,66730,66740,10
13.0721197128,80.2516174316,66740,66751,11
13.0719604492,80.2507705688,66751,66761,10
13.0717401505,80.2500610352,66761,66771,10
13.0715503693,80.2492828369,66771,66781,10
13.0713996887,80.2484817505,66781,66791,10
13.0712299347,80.248008728,66791,66801,10
13.0709695816,80.2473526001,66801,66811,10
13.0706396103,80.2466888428,66811,66821,10
13.0702600479,80.2458724976,66821,66831,10
13.0699100494,80.2451095581,66831,66841,10
13.0696401596,80.2443389893,66841,66852,11
13.069439888,80.2437362671,66852,66862,10
13.0693397522,80.2434997559,66862,66872,10
13.0693397522,80.2434921265,66872,66882,10
13.0692901611,80.2434082031,66882,66892,10
13.0691404343,80.2426986694,66892,66942,50
13.0691404343,80.2426986694,66942,66953,11
13.0687599182,80.242477417,66953,66993,40
13.0687599182,80.242477417,66993,67003,10
13.0684499741,80.2425231934,67003,67013,10
13.068189621,80.2426605225,67013,67023,10
13.068110466,80.2426986694,67023,67033,10
13.0679798126,80.242767334,67033,67043,10
13.0679197311,80.2427902222,67043,67053,10
13.0676898956,80.2428665161,67053,67064,11
13.0673503876,80.243019104,67064,67074,10
13.0669698715,80.2432098389,67074,67084,10
13.0666799545,80.2433319092,67084,67094,10
13.0663700104,80.2434692383,67094,67104,10
13.0661401749,80.243927002,67104,67114,10
13.0662298203,80.2446975708,67114,67124,10
13.0663700104,80.2454605103,67124,67134,10
13.0667600632,80.2460632324,67134,67144,10
13.0677604675,80.2465286255,67144,67165,21
13.0677604675,80.2465286255,67165,67175,10
13.0678596497,80.2466201782,67175,67185,10
13.0679397583,80.2471923828,67185,67195,10
13.0679101944,80.2477264404,67195,67205,10
13.0674800873,80.2479324341,67205,67215,10
13.0668401718,80.2479095459,67215,67225,10
13.0661201477,80.2479019165,67225,67235,10
13.0653600693,80.2479019165,67235,67245,10
13.0645399094,80.2478027344,67245,67255,10
13.0637397766,80.2477264404,67255,67265,10
13.0630302429,80.2476730347,67265,67276,11
13.0623397827,80.2476730347,67276,67286,10
13.0617904663,80.2476425171,67286,67296,10
13.0614004135,80.2472763062,67296,67306,10
13.0614700317,80.2468414307,67306,67316,10
13.0616998672,80.2464828491,67316,67326,10
13.0618400574,80.2459182739,67326,67336,10
13.0619802475,80.2453536987,67336,67346,10
13.0624599457,80.2449417114,67346,67356,10
13.0631198883,80.2443389893,67356,67387,31
13.0631198883,80.2443389893,67387,67397,10
13.0633497238,80.2439422607,67397,67407,10
13.0632896423,80.2435073853,67407,67417,10
13.0627202988,80.2434082031,67417,67427,10
13.0623703003,80.243347168,67427,67437,10
13.0619897842,80.2432937622,67437,67447,10
13.0617198944,80.2432403564,67447,67457,10
13.0614500046,80.2431869507,67457,67467,10
13.0612096786,80.2431716919,67467,67478,11
13.0606899261,80.2429962158,67478,67488,10
13.0602798462,80.2428588867,67488,67498,10
13.0598802567,80.2427597046,67498,67508,10
13.0595502853,80.2426528931,67508,67518,10
13.059220314,80.2426223755,67518,67528,10
13.0588197708,80.2426605225,67528,67538,10
13.0587301254,80.2426681519,67538,67548,10
13.0584001541,80.242729187,67548,67558,10
13.0579099655,80.2427978516,67558,67568,10
13.0571203232,80.2428894043,67568,67599,31
13.0571203232,80.2428894043,67599,67609,10
13.0569601059,80.2428131104,67609,67619,10
13.0566396713,80.2427062988,67619,67635,16
13.0558300018,80.242401123,67635,67647,12
13.0549201965,80.2424697876,67647,67655,8
13.0545396805,80.242477417,67655,67667,12
13.0536603928,80.2422637939,67667,67688,21
13.0536603928,80.2422637939,67688,67698,10
13.0535497665,80.2421875,67698,67708,10
13.0529203415,80.2419128418,67708,67768,60
13.0529203415,80.2419128418,67768,67778,10
13.0528097153,80.2418365479,67778,67789,11
13.0523996353,80.2415771484,67789,67799,10
13.0521202087,80.2411193848,67799,67809,10
13.0519304276,80.2408370972,67809,67819,10
13.0517501831,80.2407684326,67819,67829,10
13.0509500504,80.2406082153,67829,67849,20
13.0509500504,80.2406082153,67849,67859,10
13.0505199432,80.2405166626,67859,67869,10
13.0499401093,80.2404022217,67869,67879,10
13.0497903824,80.2403488159,67879,67890,11
13.0493297577,80.2402572632,67890,67900,10
13.0487804413,80.2401428223,67900,67910,10
13.0484199524,80.2400970459,67910,67920,10
13.0478496552,80.2399902344,67920,67930,10
13.0473899841,80.2398605347,67930,67940,10
13.0464696884,80.2396697998,67940,67960,20
13.0462799072,80.2396316528,67960,67980,20
13.0462799072,80.2396316528,67980,67991,11
13.0461502075,80.2394790649,67991,68001,10
13.0462799072,80.239151001,68001,68011,10
13.0463695526,80.2385864258,68011,68021,10
13.0464696884,80.2381591797,68021,68031,10
13.0466098785,80.2374725342,68031,68041,10
13.0467596054,80.2367782593,68041,68051,10
13.0468902588,80.2362136841,68051,68061,10
13.0469503403,80.2358932495,68061,68071,10
13.0470104218,80.2356796265,68071,68081,10
13.0470504761,80.2352600098,68081,68091,10
13.0471496582,80.2345809937,68091,68101,10
13.0472602844,80.233543396,68101,68132,31
13.0472602844,80.233543396,68132,68142,10
13.0472602844,80.2334136963,68142,68152,10
13.0472202301,80.2331085205,68152,68162,10
13.0468397141,80.233039856,68162,68172,10
13.0462198257,80.2329101563,68172,68182,10
13.0452003479,80.2327270508,68182,68202,20
13.0452003479,80.2327270508,68202,68213,11
13.045129776,80.2326965332,68213,68223,10
13.0447502136,80.2326278687,68223,68233,10
13.0440301895,80.2324829102,68233,68243,10
13.0432500839,80.2323989868,68243,68253,10
13.0425100327,80.232383728,68253,68263,10
13.0419301987,80.2323532104,68263,68273,10
13.0409402847,80.2321166992,68273,68283,10
13.0401000977,80.2318496704,68283,68293,10
13.0392904282,80.2315979004,68293,68304,11
13.0382604599,80.231338501,68304,68314,10
13.0374803543,80.2310562134,68314,68324,10
13.0368795395,80.2308578491,68324,68334,10
13.0368404388,80.2308425903,68334,68344,10
13.0364599228,80.2307128906,68344,68354,10
13.0355997086,80.23046875,68354,68564,210
13.0355997086,80.23046875,68564,68574,10
13.0354204178,80.2303771973,68574,68584,10
13.0350799561,80.2303619385,68584,68594,10
13.0346403122,80.2304077148,68594,68615,21
13.0346403122,80.2304077148,68615,68625,10
13.034239769,80.2304992676,68625,68635,10
13.034119606,80.2304992676,68635,68645,10
13.034070015,80.2304992676,68645,68655,10
13.0334997177,80.2305297852,68655,68675,20
13.0334997177,80.2305297852,68675,68685,10
13.0334396362,80.2305831909,68685,68695,10
13.0330600739,80.2306137085,68695,68705,10
13.0323801041,80.2306594849,68705,68715,10
13.0315599442,80.2307281494,68715,68726,11
13.0310897827,80.2307662964,68726,68736,10
13.031080246,80.2307662964,68736,68746,10
13.0308799744,80.2307891846,68746,68756,10
13.0306997299,80.230796814,68756,68766,10
13.0303401947,80.2308273315,68766,68776,10
13.0298099518,80.2308883667,68776,68786,10
13.0297803879,80.2308883667,68786,68796,10
13.0295801163,80.2309036255,68796,68816,20
13.0295801163,80.2309036255,68816,68827,11
13.0293397903,80.2309188843,68827,68837,10
13.0287704468,80.2309570313,68837,68847,10
13.0280199051,80.2310180664,68847,68857,10
13.0276403427,80.2311019897,68857,68867,10
13.0276699066,80.231552124,68867,68883,16
13.0278596878,80.2326583862,68883,68895,12
13.0273799896,80.2329483032,68895,68903,8
13.0268697739,80.2330474854,68903,69007,104
13.0268697739,80.2330474854,69007,69017,10
13.0266304016,80.2330703735,69017,69028,11
13.0263395309,80.2329406738,69028,69038,10
13.0261802673,80.232460022,69038,69047,9
13.0260801315,80.2321395874,69047,69058,11
13.0259799957,80.2317123413,69058,69068,10
13.0258398056,80.2311782837,69068,69078,10
13.0255403519,80.2304077148,69078,69088,10
13.0249996185,80.2296218872,69088,69097,9
13.0245800018,80.2291030884,69097,69128,31
13.0245800018,80.2291030884,69128,69139,11
13.0244998932,80.2290267944,69139,69149,10
13.0239295959,80.2283325195,69149,69169,20
13.0239295959,80.2283325195,69169,69179,10
13.023850441,80.2282485962,69179,69189,10
13.0235004425,80.2278594971,69189,69199,10
13.0230302811,80.2274017334,69199,69209,10
13.0224704742,80.2268371582,69209,69219,10
13.0218200684,80.226272583,69219,69229,10
13.0210895538,80.225692749,69229,69240,11
13.02023983,80.2250976563,69240,69250,10
13.0194196701,80.2245864868,69250,69260,10
13.0185804367,80.2246322632,69260,69270,10
13.0178499222,80.224937439,69270,69280,10
13.0170297623,80.2252807617,69280,69290,10
13.016579628,80.2254562378,69290,69306,16
13.0161399841,80.2256088257,69306,69318,12
13.0156202316,80.2257919312,69318,69326,8
13.0152997971,80.2259216309,69326,69338,12
13.0146903992,80.2261581421,69338,69349,11
13.0142297745,80.226348877,69349,69359,10
13.0141897202,80.2263565063,69359,69368,9
13.013999939,80.2264328003,69368,69379,11
13.0136604309,80.2265625,69379,69389,10
13.0130195618,80.2267990112,69389,69399,10
13.0121803284,80.2271194458,69399,69409,10
13.0111999512,80.2275314331,69409,69419,10
13.0102500916,80.2279205322,69419,69429,10
13.009349823,80.2283096313,69429,69441,12
13.008939743,80.2294769287,69441,69450,9
13.0087404251,80.2305297852,69450,69461,11
13.0085201263,80.2317276001,69461,69471,10
13.0083599091,80.2326202393,69471,69481,10
13.0082902908,80.2330627441,69481,69491,10
13.0082702637,80.2334136963,69491,69521,30
13.0082702637,80.2334136963,69521,69531,10
13.0081396103,80.2338562012,69531,69541,10
13.0080499649,80.2342834473,69541,69552,11
13.0079603195,80.2348098755,69552,69562,10
13.0078802109,80.2352218628,69562,69572,10
13.0078496933,80.2353820801,69572,69582,10
13.0077896118,80.2357025146,69582,69592,10
13.0077295303,80.2359466553,69592,69602,10
13.0076904297,80.2361907959,69602,69612,10
13.0076398849,80.2364578247,69612,69622,10
13.0076198578,80.2365722656,69622,69632,10
13.0075998306,80.2366867065,69632,69642,10
13.0075397491,80.2369613647,69642,69653,11
13.0075101852,80.2370605469,69653,69663,10
13.0074796677,80.2372512817,69663,69673,10
13.0074300766,80.2374572754,69673,69683,10
13.0073795319,80.237701416,69683,69693,10
13.0073404312,80.2378921509,69693,69703,10
13.0072698593,80.2382965088,69703,69713,10
13.0071296692,80.2390365601,69713,69723,10
13.0069999695,80.2397689819,69723,69784,61
13.0069999695,80.2398605347,69784,69905,121
13.0070495605,80.2398834229,69905,69935,30
13.0070495605,80.2398834229,69935,69945,10
13.0069503784,80.2401199341,69945,70147,202
13.0069503784,80.2401199341,70147,70157,10
13.0069198608,80.2405395508,70157,70167,10
13.0068597794,80.2408370972,70167,70178,11
13.0067596436,80.2413330078,70178,70188,10
13.0067195892,80.2421417236,70188,70198,10
13.0066995621,80.243057251,70198,70208,10
13.0066795349,80.2438583374,70208,70218,10
13.0066900253,80.2446289063,70218,70228,10
13.0066795349,80.2451782227,70228,70238,10
13.0066900253,80.2456207275,70238,70248,10
13.0067100525,80.2461700439,70248,70258,10
13.0067300797,80.2466430664,70258,70268,10
13.0067300797,80.2468185425,70268,70279,11
13.0067396164,80.2470474243,70279,70289,10
13.0067396164,80.2473678589,70289,70299,10
13.0067100525,80.2478637695,70299,70309,10
13.0067396164,80.2487106323,70309,70319,10
13.0068397522,80.2495117188,70319,70329,10
13.0068397522,80.2496414185,70329,70339,10
13.006819725,80.2500610352,70339,70349,10
13.0067901611,80.2508087158,70349,70359,10
13.0068101883,80.2512969971,70359,70369,10
13.0067796707,80.2515029907,70369,70380,11
13.006649971,80.2520599365,70380,70390,10
13.006529808,80.2527694702,70390,70400,10
13.006529808,80.2535476685,70400,70410,10
13.0065402985,80.2544174194,70410,70420,10
13.0066003799,80.2550201416,70420,70430,10
13.0065898895,80.255027771,70430,70440,10
13.0065603256,80.2551803589,70440,70450,10
13.0065603256,80.2557830811,70450,70460,10
13.0065803528,80.2566070557,70460,70470,10
13.006649971,80.2572402954,70470,70521,51
13.006649971,80.2572402954,70521,70531,10
13.0067796707,80.2573928833,70531,70541,10
13.0064496994,80.2576675415,70541,70551,10
13.0058298111,80.257522583,70551,70561,10
13.0052099228,80.2573623657,70561,70571,10
13.0045700073,80.257232666,70571,70582,11
13.0042495728,80.2571563721,70582,70592,10
13.0040903091,80.2571182251,70592,70602,10
13.0039396286,80.2571029663,70602,70612,10
13.003780365,80.2570800781,70612,70622,10
13.0033397675,80.256980896,70622,70693,71
13.0033397675,80.256980896,70693,70703,10
13.002869606,80.2568664551,70703,70713,10
13.0026903152,80.2568283081,70713,70723,10
13.0023603439,80.2567672729,70723,70733,10
13.0019702911,80.2567062378,70733,70743,10
13.0017299652,80.2566833496,70743,70794,51
13.0017299652,80.2566833496,70794,70804,10
13.0014801025,80.256652832,70804,70814,10
13.0010995865,80.2566070557,70814,70824,10
13.0006198883,80.2565307617,70824,70834,10
13.000169754,80.2564697266,70834,70844,10
13.0001401901,80.2564620972,70844,70854,10
12.9998397827,80.256401062,70854,70864,10
12.9993696213,80.2562866211,70864,70874,10
12.9989099503,80.256187439,70874,70884,10
12.9984397888,80.256111145,70884,70895,11
12.9976797104,80.2560195923,70895,70905,10
12.9969501495,80.2560577393,70905,70915,10
12.9968595505,80.2565383911,70915,70925,10
12.9968099594,80.2570266724,70925,70945,20
12.9968099594,80.2570266724,70945,70955,10
12.9967699051,80.2574386597,70955,70965,10
12.9966897964,80.2581863403,70965,70975,10
12.9966001511,80.2590103149,70975,70985,10
12.996509552,80.2597732544,70985,70996,11
12.9964399338,80.2604675293,70996,71006,10
12.9963798523,80.2610168457,71006,71016,10
12.996339798,80.2614517212,71016,71026,10
12.9962902069,80.2619628906,71026,71036,10
12.9961795807,80.2624664307,71036,71056,20
12.9961795807,80.2624664307,71056,71066,10
12.9961299896,80.2626571655,71066,71076,10
12.9961004257,80.2629394531,71076,71086,10
12.9960699081,80.2635116577,71086,71096,10
12.9959897995,80.2643203735,71096,71107,11
12.9959096909,80.2651672363,71107,71117,10
12.995880127,80.265411377,71117,71127,10
12.9958000183,80.2660217285,71127,71137,10
12.9957103729,80.2669296265,71137,71147,10
12.9957304001,80.2677001953,71147,71157,10
12.9961099625,80.2677383423,71157,71167,10
12.9961204529,80.2677536011,71167,71177,10
12.9964599609,80.267829895,71177,71187,10
12.9971399307,80.2677001953,71187,71197,10
12.9979400635,80.2674865723,71197,71208,11
12.9989204407,80.2671966553,71208,71218,10
13.0,80.2667617798,71218,71238,20
13.0,80.2667617798,71238,71248,10
13.0000801086,80.2666168213,71248,71258,10
13.0001401901,80.2661514282,71258,71268,10
13.0002603531,80.2657165527,71268,71278,10
13.0003099442,80.2658691406,71278,71288,10
13.0002603531,80.2662963867,71288,71298,10
13.0002403259,80.266418457,71298,71309,11
13.0002603531,80.2665328979,71309,71319,10
13.0002603531,80.2667694092,71319,71329,10
13.000120163,80.2669219971,71329,71339,10
12.9995203018,80.2670669556,71339,71349,10
12.9988803864,80.267250061,71349,71359,10
12.9982404709,80.2674179077,71359,71369,10
12.997710228,80.267578125,71369,71379,10
12.9969997406,80.2677764893,71379,71389,10
12.9963302612,80.2678375244,71389,71399,10
12.995759964,80.2678070068,71399,71410,11
12.9956302643,80.2675094604,71410,71420,10
12.9956302643,80.2674789429,71420,71430,10
12.995639801,80.2673797607,71430,71440,10
12.9956903458,80.266960144,71440,71450,10
12.9957704544,80.2662277222,71450,71460,10
12.9958600998,80.2653579712,71460,71470,10
12.9959697723,80.2644195557,71470,71480,10
12.996049881,80.263671875,71480,71490,10
12.9960803986,80.2632827759,71490,71500,10
12.9961500168,80.2626495361,71500,71531,31
12.9961500168,80.2626495361,71531,71541,10
12.9961500168,80.2625579834,71541,71551,10
12.9961996078,80.2621078491,71551,71561,10
12.9962100983,80.2619934082,71561,71571,10
12.9962596893,80.2617416382,71571,71581,10
12.9963102341,80.261138916,71581,71591,10
12.9963903427,80.2604675293,71591,71601,10
12.9964504242,80.2599029541,71601,71611,10
12.9964704514,80.2594528198,71611,71622,11
12.9965295792,80.2589874268,71622,71632,10
12.9966096878,80.2582778931,71632,71642,10
12.9966897964,80.2574615479,71642,71652,10
12.9967699051,80.2568206787,71652,71662,10
12.9968395233,80.2561264038,71662,71753,91
12.9968395233,80.2561264038,71753,71763,10
12.9968996048,80.2558670044,71763,71773,10
12.9972295761,80.255821228,71773,71783,10
12.9978504181,80.2558898926,71783,71793,10
12.9984102249,80.2559814453,71793,71803,10
12.9985303879,80.2559967041,71803,71813,10
12.9986095428,80.2560424805,71813,71824,11
12.9988298416,80.256072998,71824,71844,20
12.9988298416,80.256072998,71844,71854,10
12.9989700317,80.2561035156,71854,71864,10
12.9994001389,80.2562026978,71864,71874,10
12.9999704361,80.2563171387,71874,71884,10
13.0006399155,80.2564163208,71884,71894,10
13.0012397766,80.2565231323,71894,71904,10
13.0017795563,80.2566070557,71904,71914,10
13.0021600723,80.2566833496,71914,71924,10
13.0024795532,80.256729126,71924,71935,11
13.0028095245,80.2567977905,71935,71945,10
13.0031099319,80.2568588257,71945,71955,10
13.0036802292,80.2569732666,71955,71965,10
13.0043802261,80.2570877075,71965,71975,10
13.0053596497,80.257270813,71975,72015,40
13.0053596497,80.257270813,72015,72025,10
13.0053596497,80.2572631836,72025,72036,11
13.0057401657,80.2573776245,72036,72046,10
13.0061397552,80.2574462891,72046,72056,10
13.006480217,80.2573318481,72056,72066,10
13.0064496994,80.256980896,72066,72076,10
13.0064401627,80.2562789917,72076,72086,10
13.0064496994,80.2553787231,72086,72096,10
13.0064697266,80.2545623779,72096,72106,10
13.0064401627,80.2538223267,72106,72116,10
13.0064296722,80.2532501221,72116,72126,10
13.0064401627,80.2529373169,72126,72137,11
13.0065202713,80.2521972656,72137,72167,30
13.0065202713,80.2521972656,72167,72177,10
13.0065402985,80.2521209717,72177,72187,10
13.006649971,80.2516098022,72187,72197,10
13.0067100525,80.2507400513,72197,72207,10
13.0066795349,80.2496566772,72207,72217,10
13.0066204071,80.2486114502,72217,72227,10
13.0065603256,80.2479171753,72227,72258,31
13.0065603256,80.2479171753,72258,72268,10
13.0065603256,80.247833252,72268,72278,10
13.0065603256,80.247467041,72278,72288,10
13.0065498352,80.2468795776,72288,72304,16
13.0065097809,80.2467575073,72304,72316,12
13.0065603256,80.2462692261,72316,72325,9
13.0065803528,80.2456588745,72325,72336,11
13.0065803528,80.2451629639,72336,72347,11
13.0065698624,80.244758606,72347,72357,10
13.0065803528,80.2444000244,72357,72367,10
13.0065698624,80.243927002,72367,72377,10
13.0065402985,80.2433700562,72377,72387,10
13.0065002441,80.2428817749,72387,72397,10
13.0064897537,80.2419586182,72397,72407,10
13.0064897537,80.2416610718,72407,72417,10
13.0065202713,80.2412185669,72417,72427,10
13.006649971,80.2404632568,72427,72437,10
13.0068502426,80.2394714355,72437,72448,11
13.007060051,80.2383575439,72448,72458,10
13.0071697235,80.2378005981,72458,72468,10
13.0073204041,80.2369689941,72468,72488,20
13.0073204041,80.2369689941,72488,72498,10
13.0073795319,80.2366867065,72498,72508,10
13.0075302124,80.2360992432,72508,72518,10
13.0076999664,80.2352981567,72518,72528,10
13.0078401566,80.2346420288,72528,72538,10
13.0080003738,80.2337875366,72538,72549,11
13.0082597733,80.2324905396,72549,72559,10
13.0085000992,80.2311782837,72559,72569,10
13.0087795258,80.2298965454,72569,72579,10
13.0090103149,80.2287368774,72579,72589,10
13.0092897415,80.2278289795,72589,72599,10
13.0096998215,80.2269134521,72599,72609,10
13.0101804733,80.2258834839,72609,72619,10
13.0105800629,80.2250823975,72619,72629,10
13.0108003616,80.2245635986,72629,72639,10
13.0109596252,80.2241210938,72639,72649,10
13.0109796524,80.224067688,72649,72660,11
13.0111198425,80.2237701416,72660,72670,10
13.011300087,80.2232971191,72670,72680,10
13.0115203857,80.2228012085,72680,72690,10
13.0116996765,80.2223129272,72690,72700,10
13.0119600296,80.2216415405,72700,72710,10
13.0123100281,80.2215576172,72710,72720,10
13.0126895905,80.222076416,72720,72730,10
13.0130395889,80.2224578857,72730,72740,10
13.0135602951,80.2230300903,72740,72751,11
13.0141401291,80.223739624,72751,72761,10
13.0145797729,80.2243118286,72761,72771,10
13.0148000717,80.2244491577,72771,72781,10
13.0151195526,80.2247772217,72781,72791,10
13.0152101517,80.2248535156,72791,72801,10
13.015250206,80.2248764038,72801,72811,10
13.0155096054,80.2250366211,72811,72821,10
13.0155200958,80.2250518799,72821,72831,10
13.015709877,80.2252197266,72831,72841,10
13.0160198212,80.2253417969,72841,72851,10
13.0164403915,80.2253265381,72851,72862,11
13.0171804428,80.2250595093,72862,72872,10
13.017999649,80.2247314453,72872,72882,10
13.018699646,80.2244415283,72882,72892,10
13.0192203522,80.224357605,72892,72902,10
13.0194797516,80.2244262695,72902,72912,10
13.0197200775,80.2245788574,72912,72922,10
13.0201997757,80.2249221802,72922,72932,10
13.0207700729,80.2253265381,72932,72942,10
13.0212898254,80.2257232666,72942,72952,10
13.0217399597,80.2260284424,72952,72963,11
13.0217504501,80.2260437012,72963,72973,10
13.0218400955,80.2261123657,72973,72983,10
13.0218801498,80.2261428833,72983,72993,10
13.0222196579,80.2264633179,72993,73003,10
13.0227804184,80.2269821167,73003,73013,10
13.0232696533,80.2274627686,73013,73023,10
13.023730278,80.2278823853,73023,73033,10
13.024189949,80.2283401489,73033,73043,10
13.0243701935,80.2285614014,73043,73053,10
13.0245199203,80.2287979126,73053,73064,11
13.024769783,80.2291793823,73064,73074,10
13.0251102448,80.2296218872,73074,73084,10
13.0254201889,80.2300186157,73084,73094,10
13.0257101059,80.23046875,73094,73104,10
13.0258998871,80.2308883667,73104,73114,10
13.0259504318,80.2311325073,73114,73124,10
13.0259399414,80.2313232422,73124,73175,51
13.0259399414,80.2313232422,73175,73185,10
13.0260601044,80.2314300537,73185,73195,10
13.0266599655,80.231262207,73195,73205,10
13.0274496078,80.2310562134,73205,73215,10
13.0281000137,80.2309417725,73215,73225,10
13.028380394,80.2309036255,73225,73235,10
13.0285196304,80.2309036255,73235,73245,10
13.0291795731,80.2308273315,73245,73296,51
13.0291795731,80.2308273315,73296,73306,10
13.0293798447,80.230796814,73306,73316,10
13.0298595428,80.2307662964,73316,73326,10
13.030380249,80.2307128906,73326,73336,10
13.0305995941,80.2306900024,73336,73346,10
13.0307197571,80.2306900024,73346,73356,10
13.0311403275,80.2306594849,73356,73366,10
13.0318603516,80.2305984497,73366,73377,11
13.0327196121,80.2305374146,73377,73387,10
13.0335998535,80.23046875,73387,73397,10
13.033949852,80.230430603,73397,73407,10
13.0340795517,80.2304000854,73407,73417,10
13.0341997147,80.2303695679,73417,73427,10
13.034330368,80.2303466797,73427,73443,16
13.0343599319,80.2303466797,73443,73455,12
13.0344200134,80.2303619385,73455,73463,8
13.0345802307,80.2303390503,73463,73576,113
13.0345802307,80.2303390503,73576,73587,11
13.0349197388,80.2304992676,73587,73597,10
13.0348796844,80.231010437,73597,73607,10
13.0347795486,80.2316970825,73607,73617,10
13.0347003937,80.2323989868,73617,73627,10
13.034620285,80.2329711914,73627,73637,10
13.0345897675,80.2331924438,73637,73647,10
13.0345001221,80.23387146,73647,73657,10
13.0343999863,80.2346878052,73657,73667,10
13.0342798233,80.2356491089,73667,73677,10
13.0341796875,80.236579895,73677,73688,11
13.0341300964,80.2371368408,73688,73708,20
13.0341300964,80.2371368408,73708,73718,10
13.0341396332,80.2372436523,73718,73728,10
13.0342998505,80.2376022339,73728,73738,10
13.0345497131,80.2379684448,73738,73748,10
13.0348901749,80.23853302,73748,73758,10
13.0352602005,80.2391433716,73758,73768,10
13.0356197357,80.2394104004,73768,73778,10
13.0360202789,80.239440918,73778,73789,11
13.036860466,80.2395401001,73789,73799,10
13.0377101898,80.2396316528,73799,73809,10
13.0384101868,80.2397079468,73809,73819,10
13.0389604568,80.2397766113,73819,73827,8
13.0394096375,80.2398376465,73827,73838,11
13.0400400162,80.2399215698,73838,73849,11
13.0402002335,80.2399520874,73849,73859,10
13.0403404236,80.2401809692,73859,73869,10
13.0404396057,80.2405395508,73869,73879,10
13.0409097672,80.2406005859,73879,73889,10
13.0409402847,80.2406005859,73889,73900,11
13.0412597656,80.2406234741,73900,73910,10
13.0419197083,80.2407302856,73910,73920,10
13.0427303314,80.2408294678,73920,73930,10
13.0435199738,80.2409362793,73930,73940,10
13.0441198349,80.2408599854,73940,73956,16
13.0443601608,80.2406997681,73956,73968,12
13.0444202423,80.2406692505,73968,73976,8
13.044670105,80.2404937744,73976,73988,12
13.0452604294,80.2400894165,73988,73997,9
13.0457897186,80.2397232056,73997,74009,12
13.0463600159,80.2396011353,74009,74019,10
13.0465297699,80.2396392822,74019,74029,10
13.0468301773,80.2397079468,74029,74039,10
13.0474004745,80.2398300171,74039,74049,10
13.0480203629,80.2399597168,74049,74059,10
13.0486602783,80.2400894165,74059,74069,10
13.049489975,80.2402572632,74069,74079,10
13.0498600006,80.2403411865,74079,74089,10
13.0503997803,80.240447998,74089,74100,11
13.0510396957,80.2405929565,74100,74110,10
13.0511703491,80.2406082153,74110,74120,10
13.0514202118,80.2406768799,74120,74130,10
13.0520496368,80.2408218384,74130,74140,10
13.0524997711,80.2413024902,74140,74150,10
13.0526695251,80.2417068481,74150,74160,10
13.0532903671,80.2419967651,74160,74170,10
13.0539302826,80.2422790527,74170,74180,10
13.0539798737,80.2422866821,74180,74190,10
13.0541200638,80.2423171997,74190,74201,11
13.0547599792,80.2423400879,74201,74211,10
13.0556097031,80.2422790527,74211,74221,10
13.0562896729,80.2425537109,74221,74231,10
13.05671978,80.2426223755,74231,74241,10
13.0569896698,80.2427368164,74241,74251,10
13.0571098328,80.2428207397,74251,74260,9
13.0574197769,80.2428207397,74260,74271,11
13.0576095581,80.2428131104,74271,74281,10
13.0578804016,80.2427902222,74281,74291,10
13.0584402084,80.2426605225,74291,74301,10
13.0589199066,80.2425613403,74301,74312,11
13.0592403412,80.2425231934,74312,74322,10
13.0592603683,80.2425231934,74322,74332,10
13.0594501495,80.2425384521,74332,74342,10
13.0599403381,80.242729187,74342,74352,10
13.0604600906,80.2429122925,74352,74362,10
13.0609998703,80.2430877686,74362,74372,10
13.0612802505,80.2431564331,74372,74382,10
13.0615501404,80.2432174683,74382,74392,10
13.0620002747,80.2433013916,74392,74402,10
13.0623998642,80.2433624268,74402,74423,21
13.0623998642,80.2433624268,74423,74433,10
13.0626401901,80.2434082031,74433,74449,16
13.0632896423,80.2435073853,74449,74461,12
13.0637702942,80.2435073853,74461,74471,10
13.0641803741,80.243560791,74471,74481,10
13.0649995804,80.2435836792,74481,74491,10
13.0654401779,80.2435836792,74491,74532,41
13.0654401779,80.2435836792,74532,74542,10
13.0657501221,80.2435684204,74542,74553,11
13.0662403107,80.2434463501,74553,74563,10
13.066740036,80.2432403564,74563,74573,10
13.0673799515,80.2429428101,74573,74583,10
13.0678100586,80.2427978516,74583,74593,10
13.0682401657,80.24269104,74593,74603,10
13.0687999725,80.242477417,74603,74624,21
13.0687999725,80.242477417,74624,74634,10
13.0690603256,80.2423934937,74634,74644,10
13.069560051,80.2422027588,74644,74654,10
13.0698900223,80.2421035767,74654,74664,10
13.069899559,80.2421035767,74664,74674,10
13.0701198578,80.2420272827,74674,74684,10
13.070599556,80.2418899536,74684,74694,10
13.0710802078,80.2417221069,74694,74704,10
13.0717401505,80.2414398193,74704,74714,10
13.0723304749,80.2410888672,74714,74725,11
13.0729799271,80.2408218384,74725,74735,10
13.0735197067,80.2406616211,74735,74745,10
13.0740699768,80.2405395508,74745,74755,10
13.0747299194,80.2405319214,74755,74765,10
13.0754499435,80.2405166626,74765,74775,10
13.0761203766,80.2405166626,74775,74785,10
13.0767498016,80.2406234741,74785,74795,10
13.077050209,80.2402572632,74795,74805,10
13.0768499374,80.2394790649,74805,74815,10
13.0766096115,80.2385406494,74815,74826,11
13.0763597488,80.2375030518,74826,74846,20
13.0763597488,80.2375030518,74846,74856,10
13.0763702393,80.2374725342,74856,74866,10
13.0762796402,80.2370529175,74866,74876,10
13.0761699677,80.2363586426,74876,74886,10
13.0760803223,80.2356796265,74886,74896,10
13.0758800507,80.2348327637,74896,74906,10
13.0756998062,80.2341537476,74906,74937,31
13.0756998062,80.2341537476,74937,74947,10
13.0756998062,80.2340621948,74947,74957,10
13.0759096146,80.233833313,74957,74967,10
13.0763397217,80.2337875366,74967,74977,10
13.0767002106,80.2337265015,74977,74987,10
13.0768604279,80.2337112427,74987,74997,10
13.0774097443,80.2336425781,74997,75007,10
13.0781497955,80.233581543,75007,75017,10
13.0788803101,80.2335586548,75017,75028,11
13.0794696808,80.233543396,75028,75038,10
13.079990387,80.2335281372,75038,75048,10
13.0802497864,80.233543396,75048,75058,10
13.0803499222,80.233543396,75058,75068,10
13.0807800293,80.2335510254,75068,75078,10
13.0813102722,80.2335586548,75078,75088,10
13.0818996429,80.233543396,75088,75098,10
13.0819597244,80.2330169678,75098,75108,10
13.082159996,80.2322387695,75108,75118,10
13.0825099945,80.2313232422,75118,75129,11
13.0827999115,80.230682373,75129,75139,10
13.0830497742,80.2308731079,75139,75149,10
13.0831098557,80.2315292358,75149,75159,10
13.0831804276,80.232421875,75159,75169,10
13.0833797455,80.233253479,75169,75179,10
13.0835103989,80.233833313,75179,75189,10
13.0839195251,80.2339782715,75189,75199,10
13.0839796066,80.2340011597,75199,75209,10
13.0841999054,80.2340698242,75209,75219,10
13.0846204758,80.2341766357,75219,75229,10
13.0852203369,80.2342987061,75229,75240,11
13.0859804153,80.2344818115,75240,75250,10
13.0865297318,80.2345809937,75250,75260,10
13.0872402191,80.2346420288,75260,75270,10
13.0878696442,80.2342529297,75270,75280,10
13.0879297256,80.2334976196,75280,75290,10
13.0880899429,80.232711792,75290,75300,10
13.0883302689,80.2317886353,75300,75310,10
13.0888204575,80.2305526733,75310,75330,20
13.0888204575,80.2305526733,75330,75341,11
13.0889902115,80.2302322388,75341,75351,10
13.0893001556,80.229637146,75351,75361,10
13.0898399353,80.2289581299,75361,75371,10
13.0905303955,80.2281799316,75371,75381,10
13.0912904739,80.2273330688,75381,75401,20
13.0912904739,80.2273330688,75401,75411,10
13.0913896561,80.2272186279,75411,75421,10
13.0918302536,80.2268066406,75421,75431,10
13.0923995972,80.2262115479,75431,75442,11
13.093079567,80.2255172729,75442,75452,10
13.0931501389,80.2254333496,75452,75462,10
13.0933704376,80.2251968384,75462,75472,10
13.0936403275,80.2249069214,75472,75482,10
13.0940999985,80.224357605,75482,75492,10
13.0946598053,80.2235565186,75492,75502,10
13.0950698853,80.2227096558,75502,75512,10
13.0951404572,80.2225189209,75512,75522,10
13.0953102112,80.2220993042,75522,75532,10
13.095580101,80.2213821411,75532,75543,11
13.0958299637,80.2206878662,75543,75553,10
13.0959796906,80.2202377319,75553,75563,10
13.0960302353,80.2200927734,75563,75573,10
13.0962896347,80.2193527222,75573,75603,30
13.0962896347,80.2193527222,75603,75613,10
13.0964403152,80.2189865112,75613,75623,10
13.0965795517,80.2185668945,75623,75633,10
13.0968198776,80.2178268433,75633,75644,11
13.0970897675,80.2170181274,75644,75654,10
13.097120285,80.2169418335,75654,75664,10
13.097240448,80.2166595459,75664,75674,10
13.0974903107,80.2161026001,75674,75684,10
13.0978403091,80.2152633667,75684,75694,10
13.0983695984,80.2141036987,75694,75775,81
13.0983695984,80.2141036987,75775,75785,10
13.0985898972,80.2139587402,75785,75795,10
13.0991001129,80.2142181396,75795,75805,10
13.0996103287,80.2143707275,75805,75815,10
13.1001596451,80.2145233154,75815,75845,30
13.1001596451,80.2145233154,75845,75856,11
13.1004800797,80.2146682739,75856,75957,101
13.1004800797,80.2146682739,75957,75967,10
13.1005401611,80.2147064209,75967,75977,10
13.100399971,80.2151412964,75977,75987,10
13.1000795364,80.2158813477,75987,75997,10
13.0998497009,80.2161026001,75997,76007,10
13.0999202728,80.2157592773,76007,76017,10
13.1000795364,80.2154006958,76017,76027,10
13.1002597809,80.2149200439,76027,76623,596
13.1002597809,80.2149200439,76623,76633,10
13.1001796722,80.2145690918,76633,76643,10
13.0999698639,80.2144622803,76643,76653,10
13.0997400284,80.2144012451,76653,76663,10
13.0992202759,80.2142715454,76663,76674,11
13.0986204147,80.2140579224,76674,76684,10
13.0983200073,80.2143325806,76684,76694,10
13.0980195999,80.2150497437,76694,76704,10
13.0976896286,80.2158203125,76704,76714,10
13.0973596573,80.2166290283,76714,76724,10
13.097029686,80.2175216675,76724,76734,10
13.0966796875,80.2185516357,76734,76744,10
13.0963201523,80.2196426392,76744,76754,10
13.0959596634,80.2207183838,76754,76764,10
13.095700264,80.2213821411,76764,76774,10
13.095580101,80.2217330933,76774,76785,11
13.0953502655,80.2223968506,76785,76795,10
13.0949296951,80.2233505249,76795,76805,10
13.0942697525,80.2243118286,76805,76815,10
13.0936498642,80.2250976563,76815,76825,10
13.0931501389,80.2256317139,76825,76835,10
13.0924701691,80.22631073,76835,76845,10
13.0918397903,80.2269668579,76845,76855,10
13.091340065,80.2275085449,76855,76865,10
13.0912303925,80.2276382446,76865,76875,10
13.0908603668,80.2279968262,76875,76886,11
13.0902795792,80.2286300659,76886,76896,10
13.0895204544,80.2294769287,76896,76906,10
13.0891599655,80.2301330566,76906,76916,10
13.0890102386,80.2304382324,76916,76926,10
13.088760376,80.2310409546,76926,76936,10
13.0886802673,80.2312088013,76936,76946,10
13.0885000229,80.2316818237,76946,76956,10
13.0883102417,80.2323379517,76956,76966,10
13.0880699158,80.2333908081,76966,76976,10
13.0879802704,80.2341003418,76976,76987,11
13.0875797272,80.2345809937,76987,76997,10
13.0869903564,80.2345733643,76997,77007,10
13.0863103867,80.2344970703,77007,77017,10
13.0856304169,80.2343597412,77017,77027,10
13.0851202011,80.2342300415,77027,77037,10
13.0845804214,80.2341003418,77037,77047,10
13.0842695236,80.2340316772,77047,77057,10
13.0838298798,80.2339401245,77057,77067,10
13.083439827,80.23387146,77067,77077,10
13.0830497742,80.233833313,77077,77088,11
13.0824804306,80.2336807251,77088,77098,10
13.0823402405,80.2336578369,77098,77108,10
13.0819301605,80.2335891724,77108,77118,10
13.0811595917,80.2335586548,77118,77128,10
13.0803098679,80.2335510254,77128,77138,10
13.0796804428,80.233543396,77138,77148,10
13.0794200897,80.2335510254,77148,77158,10
13.0790500641,80.2335586548,77158,77168,10
13.0783195496,80.2335968018,77168,77178,10
13.0774898529,80.2336425781,77178,77189,11
13.0766096115,80.2337799072,77189,77199,10
13.0760097504,80.2339172363,77199,77209,10
13.0758600235,80.2341308594,77209,77219,10
13.0760002136,80.2347564697,77219,77229,10
13.0761899948,80.2356567383,77229,77239,10
13.0763301849,80.236618042,77239,77249,10
13.0764904022,80.2372665405,77249,77259,10
13.0765399933,80.2374725342,77259,77269,10
13.0766401291,80.237953186,77269,77279,10
13.0767402649,80.2385482788,77279,77289,10
13.077050209,80.2398071289,77289,77300,11
13.077050209,80.2398071289,77300,77310,10
13.0771799088,80.2404174805,77310,77320,10
13.0772199631,80.240562439,77320,77330,10
13.0772600174,80.2407073975,77330,77340,10
13.0773696899,80.2411804199,77340,77350,10
13.0774297714,80.2416305542,77350,77360,10
13.0775299072,80.2420425415,77360,77371,11
13.0776700974,80.2426605225,77371,77381,10
13.0777797699,80.243560791,77381,77391,10
13.0778102875,80.2445297241,77391,77402,11
13.07791996,80.2457580566,77402,77412,10
13.0781002045,80.246963501,77412,77421,9
13.0783500671,80.2480773926,77421,77432,11
13.0786104202,80.2491378784,77432,77442,10
13.0787401199,80.25,77442,77452,10
13.078499794,80.250793457,77452,77462,10
13.0785999298,80.2515487671,77462,77472,10
13.0782499313,80.251739502,77472,77483,11
13.0775499344,80.2518615723,77483,77493,10
13.0767002106,80.2520217896,77493,77503,10
13.0757703781,80.252166748,77503,77514,11
13.074930191,80.2522201538,77514,77524,10
13.0743398666,80.252243042,77524,77534,10
13.0737304688,80.2524490356,77534,77544,10
13.0730104446,80.2524185181,77544,77554,10
13.0723104477,80.2522506714,77554,77564,10
13.0720701218,80.2516021729,77564,77574,10
13.0719995499,80.2509918213,77574,77584,10
13.0717096329,80.2501068115,77584,77594,10
13.0714998245,80.2491607666,77594,77605,11
13.0712099075,80.2479629517,77605,77615,10
13.070810318,80.2470016479,77615,77625,10
13.0704402924,80.2462310791,77625,77635,10
13.0699796677,80.2452163696,77635,77645,10
13.0696001053,80.2442169189,77645,77655,10
13.0693397522,80.2434310913,77655,77665,10
13.0692796707,80.2432479858,77665,77675,10
13.0691795349,80.2426986694,77675,77685,10
13.068570137,80.2425765991,77685,77695,10
13.0676898956,80.2428436279,77695,77706,11
13.0668001175,80.2432327271,77706,77716,10
13.0661497116,80.243637085,77716,77726,10
13.0661802292,80.2444610596,77726,77736,10
13.0663204193,80.2453994751,77736,77746,10
13.0667295456,80.2460479736,77746,77756,10
13.0675201416,80.2463684082,77756,77766,10
13.0678195953,80.2465591431,77766,77776,10
13.0679197311,80.2469711304,77776,77786,10
13.0678596497,80.2477493286,77786,77796,10
13.0673704147,80.2479324341,77796,77806,10
13.0665903091,80.2478790283,77806,77817,11
13.0655403137,80.2478179932,77817,77827,10
13.0644302368,80.2477264404,77827,77837,10
13.063170433,80.2476577759,77837,77847,10
13.0621900558,80.2476425171,77847,77857,10
13.0614795685,80.2473373413,77857,77867,10
13.0614299774,80.2468185425,77867,77877,10
13.0617904663,80.2462234497,77877,77887,10
13.0620002747,80.2453384399,77887,77897,10
13.062620163,80.244758606,77897,77907,10
13.0631103516,80.2442626953,77907,77918,11
13.0633897781,80.243560791,77918,77928,10
13.0629796982,80.2434310913,77928,77938,10
13.0624904633,80.243347168,77938,77948,10
13.0620603561,80.243270874,77948,77958,10
13.0616197586,80.2431869507,77958,77968,10
13.0611696243,80.2430877686,77968,77978,10
13.0605802536,80.2429199219,77978,77988,10
13.0601396561,80.242767334,77988,77998,10
13.0594997406,80.2425613403,77998,78008,10
13.0590400696,80.2425765991,78008,78019,11
13.0585203171,80.2426605225,78019,78029,10
13.0580997467,80.242767334,78029,78039,10
13.0574598312,80.2428512573,78039,78049,10
13.0571498871,80.2428436279,78049,78059,10
13.056889534,80.2427825928,78059,78069,10
13.0564603806,80.2426605225,78069,78079,10
13.0559997559,80.2424316406,78079,78089,10
13.0553703308,80.2423095703,78089,78099,10
13.0546998978,80.2424316406,78099,78108,9
13.0540704727,80.2423706055,78108,78120,12
13.0536899567,80.2422637939,78120,78130,10
13.053440094,80.2421188354,78130,78140,10
13.0527296066,80.2418365479,78140,78150,10
13.0521602631,80.2411499023,78150,78160,10
13.05189991,80.2407913208,78160,78170,10
13.05148983,80.2406997681,78170,78180,10
13.0507602692,80.240562439,78180,78190,10
13.0500297546,80.2404098511,78190,78200,10
13.0495195389,80.2402801514,78200,78210,10
13.0489501953,80.2401733398,78210,78221,11
13.0480804443,80.2400131226,78221,78231,10
13.04708004,80.2397918701,78231,78241,10
13.0462598801,80.2396011353,78241,78251,10
13.0462398529,80.2392578125,78251,78261,10
13.0463895798,80.2385406494,78261,78271,10
13.0465803146,80.2376480103,78271,78281,10
13.0467996597,80.236579895,78281,78290,9
13.0469198227,80.2361221313,78290,78300,10
13.0470104218,80.2356719971,78300,78311,11
13.0470399857,80.2353973389,78311,78321,10
13.047129631,80.2347412109,78321,78332,11
13.0472402573,80.2337722778,78332,78342,10
13.0473098755,80.2333374023,78342,78350,8
13.0473299026,80.2331390381,78350,78362,12
13.0468702316,80.2329788208,78362,78372,10
13.0461397171,80.2328567505,78372,78382,10
13.0456495285,80.2327804565,78382,78392,10
13.045539856,80.2327575684,78392,78402,10
13.0453596115,80.232749939,78402,78412,10
13.0452203751,80.2326889038,78412,78422,10
13.0447902679,80.2326431274,78422,78433,11
13.0438604355,80.232460022,78433,78443,10
13.0428800583,80.2324066162,78443,78453,10
13.0418796539,80.2323532104,78453,78463,10
13.0408496857,80.232093811,78463,78473,10
13.039899826,80.2317581177,78473,78483,10
13.0389604568,80.2314987183,78483,78492,9
13.0381002426,80.2312393188,78492,78502,10
13.0373601913,80.2310180664,78502,78513,11
13.0370998383,80.2309112549,78513,78523,10
13.0369300842,80.2308425903,78523,78534,11
13.0367202759,80.2307815552,78534,78544,10
13.0362701416,80.2306365967,78544,78554,10
13.0356302261,80.2304382324,78554,78564,10
13.0352401733,80.2303390503,78564,78634,70
13.0352401733,80.2303390503,78634,78645,11
13.0348796844,80.2303390503,78645,78655,10
13.0344800949,80.2304000854,78655,78665,10
13.0341596603,80.2304611206,78665,78675,10
13.0339097977,80.2304763794,78675,78685,10
13.0335998535,80.2304916382,78685,78695,10
13.0334796906,80.230506897,78695,78705,10
13.0333003998,80.2305297852,78705,78715,10
13.032790184,80.2305526733,78715,78725,10
13.0322303772,80.2306213379,78725,78735,10
13.0317001343,80.2306671143,78735,78746,11
13.0311098099,80.2307434082,78746,78756,10
13.0309801102,80.2307434082,78756,78766,10
13.0307998657,80.2307662964,78766,78776,10
13.0304203033,80.2307815552,78776,78785,9
13.0300302505,80.2308273315,78785,78796,11
13.0296096802,80.2308731079,78796,78806,10
13.0291996002,80.2309036255,78806,78816,10
13.0284996033,80.2309570313,78816,78826,10
13.0280199051,80.2310333252,78826,78836,10
13.0277700424,80.2310409546,78836,78847,11
13.0276203156,80.2311706543,78847,78857,10
13.0276603699,80.2316513062,78857,78867,10
13.0277395248,80.232208252,78867,78877,10
13.0278596878,80.2326889038,78877,78887,10
13.0274801254,80.2328720093,78887,78897,10
13.0268201828,80.233001709,78897,78937,40
13.0268201828,80.233001709,78937,78948,11
13.0266895294,80.233039856,78948,78958,10
13.0263900757,80.2329788208,78958,78968,10
13.0262002945,80.2323532104,78968,78978,10
13.02602005,80.2316970825,78978,78988,10
13.0258903503,80.2310791016,78988,78998,10
13.02546978,80.230178833,78998,79008,10
13.0247297287,80.2292022705,79008,79018,10
13.0241003036,80.2284469604,79018,79028,10
13.0239295959,80.2282409668,79028,79038,10
13.0238103867,80.2280807495,79038,79049,11
13.0236101151,80.2278671265,79049,79059,10
13.0233297348,80.2276000977,79059,79069,10
13.0230503082,80.2272720337,79069,79079,10
13.0224399567,80.2267379761,79079,79089,10
13.0216197968,80.2260437012,79089,79099,10
13.0206699371,80.2253112793,79099,79109,10
13.0196304321,80.2246170044,79109,79119,10
13.0183801651,80.2246627808,79119,79129,10
13.0171804428,80.2251586914,79129,79139,10
13.0164003372,80.2255096436,79139,79149,10
13.0157403946,80.2257385254,79149,79160,11
13.0151195526,80.225982666,79160,79170,10
13.0143899918,80.2262496948,79170,79180,10
13.0143098831,80.2262802124,79180,79190,10
13.0140695572,80.2263870239,79190,79200,10
13.013420105,80.2266387939,79200,79210,10
13.012550354,80.2269821167,79210,79220,10
13.0115098953,80.2273788452,79220,79230,10
13.0104398727,80.2278213501,79230,79240,10
13.0093698502,80.2282791138,79240,79250,10
13.0089797974,80.2293014526,79250,79267,17
13.0085601807,80.2314834595,79267,79279,12
13.0082998276,80.232963562,79279,79289,10
13.0082197189,80.2335891724,79289,79299,10
13.008190155,80.2336883545,79299,79309,10
13.0080404282,80.2343292236,79309,79319,10
13.0078601837,80.2352218628,79319,79329,10
13.0076303482,80.2363510132,79329,79339,10
13.0073900223,80.2375488281,79339,79349,10
13.0071802139,80.2386627197,79349,79359,10
13.0069198608,80.2401580811,79359,79420,61
13.0069198608,80.2401580811,79420,79430,10
13.0070199966,80.2401885986,79430,79440,10
13.0069198608,80.2407302856,79440,79450,10
13.0067796707,80.2415771484,79450,79460,10
13.0067396164,80.2426605225,79460,79471,11
13.0066795349,80.243850708,79471,79481,10
13.0066995621,80.2450714111,79481,79491,10
13.0067396164,80.2462615967,79491,79501,10
13.006770134,80.2470626831,79501,79511,10
13.0067300797,80.2477416992,79511,79521,10
13.0067501068,80.2486190796,79521,79531,10
13.0068702698,80.2494812012,79531,79541,10
13.0068798065,80.2496795654,79541,79551,10
13.0068597794,80.2500305176,79551,79561,10
13.0068502426,80.2507629395,79561,79572,11
13.0067596436,80.2516937256,79572,79582,10
13.0065698624,80.2526702881,79582,79592,10
13.0065603256,80.2537612915,79592,79602,10
13.0066299438,80.2546691895,79602,79622,20
13.0066299438,80.2546691895,79622,79632,10
13.0066099167,80.2549209595,79632,79642,10
13.0066204071,80.2556228638,79642,79652,10
13.0066299438,80.2566223145,79652,79662,10
13.006649971,80.2571868896,79662,79683,21
13.006649971,80.2571868896,79683,79693,10
13.0067596436,80.2575683594,79693,79703,10
13.0071201324,80.2582778931,79703,79713,10
13.0078201294,80.2588577271,79713,79723,10
13.0081195831,80.259147644,79723,79733,10
13.0075998306,80.2593994141,79733,79743,10
13.0072803497,80.2589263916,79743,79753,10
13.0065698624,80.2578201294,79753,79822,69
13.0065698624,80.2578201294,79822,79832,10
13.0064897537,80.2575836182,79832,79842,10
13.006480217,80.2568817139,79842,79852,10
13.0064601898,80.2560577393,79852,79862,10
13.0065002441,80.2550582886,79862,79873,11
13.006480217,80.2542724609,79873,79883,10
13.0064897537,80.2534332275,79883,79893,10
13.0064897537,80.2532196045,79893,79903,10
13.0065002441,80.2528991699,79903,79913,10
13.0065803528,80.252166748,79913,79923,10
13.0067501068,80.2513427734,79923,79933,10
13.0067396164,80.250213623,79933,79943,10
13.0066900253,80.2489471436,79943,79953,10
13.0066204071,80.248046875,79953,79962,9
13.0066099167,80.2476730347,79962,79994,32
13.0066099167,80.2476730347,79994,80004,10
13.0066099167,80.2473983765,80004,80014,10
13.0065898895,80.2468109131,80014,80024,10
13.0065803528,80.2465286255,80024,80034,10
13.0066699982,80.2461090088,80034,80044,10
13.006649971,80.2452926636,80044,80054,10
13.0066404343,80.244392395,80054,80064,10
13.0066299438,80.2437210083,80064,80073,9
13.0065803528,80.2431182861,80073,80085,12
13.0065402985,80.2420196533,80085,80095,10
13.0065898895,80.2411727905,80095,80105,10
13.0067100525,80.2405166626,80105,80114,9
13.0068502426,80.2398605347,80114,80125,11
13.0070199966,80.2389068604,80125,80135,10
13.0071697235,80.2379989624,80135,80145,10
13.0073299408,80.2373809814,80145,80155,10
13.0074100494,80.2368087769,80155,80165,10
13.0074596405,80.2366027832,80165,80175,10
13.007610321,80.2360610962,80175,80186,11
13.0078001022,80.2351379395,80186,80196,10
13.0080003738,80.2341308594,80196,80206,10
13.0082302094,80.2329864502,80206,80216,10
13.0084400177,80.2318267822,80216,80225,9
13.0086202621,80.2308807373,80225,80236,11
13.0088195801,80.2298278809,80236,80246,10
13.0090198517,80.2288589478,80246,80255,9
13.0093603134,80.2277374268,80255,80266,11
13.0099000931,80.226600647,80266,80276,10
13.0104198456,80.2256011963,80276,80287,11
13.0108995438,80.2245483398,80287,80297,10
13.0112600327,80.2236175537,80297,80307,10
13.0116300583,80.22265625,80307,80317,10
13.0119695663,80.2216491699,80317,80327,10
13.0122995377,80.2214431763,80327,80337,10
13.0126304626,80.2218704224,80337,80347,10
13.0131597519,80.2225494385,80347,80357,10
13.0137996674,80.2232894897,80357,80367,10
13.0143995285,80.2240066528,80367,80377,10
13.0149297714,80.2245635986,80377,80387,10
13.01541996,80.2249526978,80387,80398,11
13.0157699585,80.2252426147,80398,80408,10
13.0164499283,80.2253417969,80408,80418,10
13.0172796249,80.2250366211,80418,80428,10
13.0180997849,80.2247009277,80428,80437,9
13.0189599991,80.2243804932,80437,80447,10
13.0196695328,80.2244567871,80447,80458,11
13.0200004578,80.2247161865,80458,80468,10
13.0205698013,80.2251281738,80468,80478,10
13.0210399628,80.225479126,80478,80489,11
13.021490097,80.2258377075,80489,80499,10
13.02202034,80.2261810303,80499,80509,10
13.0222797394,80.2264328003,80509,80519,10
13.0228796005,80.2269821167,80519,80529,10
13.0235595703,80.2276229858,80529,80539,10
13.0239696503,80.2280197144,80539,80549,10
13.0244998932,80.2286834717,80549,80559,10
13.0248203278,80.2291183472,80559,80569,10
13.0251302719,80.2295303345,80569,80579,10
13.0256299973,80.2302398682,80579,80589,10
13.0259599686,80.2309417725,80589,80600,11
13.02602005,80.2312469482,80600,80610,10
13.0263299942,80.231300354,80610,80620,10
13.0270395279,80.2311172485,80620,80630,10
13.0277500153,80.23097229,80630,80640,10
13.0284404755,80.2308883667,80640,80650,10
13.0291595459,80.2308425903,80650,80660,10
13.0293998718,80.2308273315,80660,80670,10
13.0297603607,80.2307815552,80670,80686,16
13.0309400558,80.2306900024,80686,80698,12
13.0319299698,80.2306213379,80698,80709,11
13.0329799652,80.2305374146,80709,80719,10
13.0339002609,80.23046875,80719,80729,10
13.034330368,80.2304000854,80729,80739,10
13.0344600677,80.2303924561,80739,80749,10
13.0347795486,80.2303237915,80749,80769,20
13.0347795486,80.2303237915,80769,80779,10
13.0349798203,80.230506897,80779,80789,10
13.0349502563,80.2308578491,80789,80800,11
13.0348501205,80.2316589355,80800,80809,9
13.0347204208,80.2325820923,80809,80820,11
13.0346002579,80.233543396,80820,80830,10
13.0344600677,80.2344894409,80830,80840,10
13.0342998505,80.2356414795,80840,80850,10
13.0341901779,80.2368011475,80850,80860,10
13.0343999863,80.2375717163,80860,80870,10
13.0346803665,80.2380218506,80870,80880,10
13.0352497101,80.2389221191,80880,80890,10
13.0366001129,80.2394866943,80890,80900,10
13.0366001129,80.2394866943,80900,80911,11
13.0376701355,80.2395935059,80911,80921,10
13.0384197235,80.2396621704,80921,80931,10
13.0393199921,80.2397537231,80931,80941,10
13.0401096344,80.2398605347,80941,80951,10
13.0403900146,80.2401123047,80951,80961,10
13.0406103134,80.2405166626,80961,80972,11
13.0412902832,80.2405929565,80972,80982,10
13.0422000885,80.2407226563,80982,80992,10
13.0433597565,80.240852356,80992,81002,10
13.0442695618,80.2407608032,81002,81013,11
13.0451202393,80.2401504517,81013,81023,10
13.0458803177,80.2396469116,81023,81033,10
13.0465602875,80.2395706177,81033,81043,10
13.0472602844,80.2397003174,81043,81053,10
13.0481595993,80.2399215698,81053,81063,10
13.0495300293,80.240196228,81063,81255,192
13.0495300293,80.240196228,81255,81265,10
13.0499601364,80.2404022217,81265,81275,10
13.0499296188,80.2406768799,81275,81285,10
13.0498600006,80.2410430908,81285,81295,10
13.0497398376,80.2415313721,81295,81305,10
13.0496196747,80.2421264648,81305,81326,21
13.0496196747,80.2421264648,81326,81336,10
13.049539566,80.2424468994,81336,81346,10
13.0494604111,80.2428512573,81346,81356,10
13.0493202209,80.2433776855,81356,81366,10
13.0492095947,80.2439804077,81366,81376,10
13.0490198135,80.2446289063,81376,81386,10
13.0488100052,80.2451705933,81386,81396,10
13.048789978,80.2452087402,81396,81406,10
13.048740387,80.2453994751,81406,81416,10
13.0489397049,80.2454833984,81416,81427,11
13.0495901108,80.2455215454,81427,81437,10
13.0502796173,80.2455596924,81437,81447,10
13.0508403778,80.2456207275,81447,81457,10
13.0509996414,80.2454223633,81457,81467,10
13.0511398315,80.2449798584,81467,81477,10
13.0512895584,80.2445831299,81477,81487,10
13.0514097214,80.2442169189,81487,81497,10
13.0515298843,80.2438964844,81497,81507,10
13.0516300201,80.243598938,81507,81517,10
13.0518102646,80.2431030273,81517,81528,11
13.0520095825,80.2430267334,81528,81538,10
13.0524997711,80.2430877686,81538,81548,10
13.0527496338,80.2429733276,81548,81558,10
13.0526599884,80.2421798706,81558,81598,40
13.0526599884,80.2421798706,81598,81608,10
13.0526399612,80.2417678833,81608,81618,10
13.0530595779,80.2418365479,81618,81629,11
13.0537796021,80.242149353,81629,81639,10
13.0539302826,80.2422103882,81639,81649,10
13.0542097092,80.2422790527,81649,81659,10
13.0549602509,80.2422485352,81659,81669,10
13.0558395386,80.2422485352,81669,81679,10
13.056520462,80.2425613403,81679,81689,10
13.0566196442,80.2425765991,81689,81699,10
13.0568399429,80.2425765991,81699,81709,10
13.0568504333,80.2425765991,81709,81719,10
13.0571403503,80.2427368164,81719,81730,11
13.0579795837,80.2427062988,81730,81740,10
13.0588197708,80.2425613403,81740,81750,10
13.059510231,80.2425308228,81750,81760,10
13.0603103638,80.2427978516,81760,81770,10
13.0610799789,80.243057251,81770,81780,10
13.0618095398,80.2432022095,81780,81790,10
13.0625,80.2433319092,81790,81800,10
13.0626897812,80.2433700562,81800,81810,10
13.0630397797,80.2434234619,81810,81820,10
13.0635700226,80.2434616089,81820,81831,11
13.0643997192,80.243522644,81831,81841,10
13.0652399063,80.2435379028,81841,81851,10
13.0656499863,80.2435302734,81851,81861,10
13.0660600662,80.2434387207,81861,81871,10
13.0665798187,80.243270874,81871,81881,10
13.0671195984,80.2430419922,81881,81891,10
13.0677900314,80.2427597046,81891,81901,10
13.0685396194,80.2425613403,81901,81911,10
13.0692195892,80.2422866821,81911,81921,10
13.069849968,80.2420806885,81921,81931,10
13.070019722,80.2420806885,81931,81942,11
13.0705604553,80.2419433594,81942,81952,10
13.0714797974,80.2416534424,81952,81962,10
13.0724496841,80.241027832,81962,81972,10
13.0731601715,80.240737915,81972,81982,10
13.0735502243,80.2406311035,81982,81992,10
13.074139595,80.2404937744,81992,82002,10
13.0749101639,80.2404785156,82002,82012,10
13.0757703781,80.2404632568,82012,82022,10
13.0766401291,80.2405319214,82022,82033,11
13.0771598816,80.2404022217,82033,82043,10
13.0770101547,80.2397537231,82043,82053,10
13.0767698288,80.238861084,82053,82063,10
13.0765600204,80.2380599976,82063,82073,10
13.0764398575,80.2375335693,82073,82083,10
13.0764198303,80.2373886108,82083,82093,10
13.0763196945,80.2369384766,82093,82103,10
13.0761995316,80.2361526489,82103,82113,10
13.0760803223,80.2353897095,82113,82123,10
13.0758895874,80.2346420288,82123,82133,10
13.0758199692,80.2338790894,82133,82144,11
13.0761899948,80.233757019,82144,82154,10
13.0766801834,80.2337036133,82154,82164,10
13.0768995285,80.2336578369,82164,82174,10
13.0774698257,80.2335891724,82174,82184,10
13.0782203674,80.2335586548,82184,82194,10
13.078909874,80.2335205078,82194,82204,10
13.079580307,80.2334976196,82204,82214,10
13.0802497864,80.2334899902,82214,82224,10
13.0808696747,80.2335205078,82224,82234,10
13.0816297531,80.2335510254,82234,82245,11
13.0819797516,80.2332687378,82245,82255,10
13.0820798874,80.2326507568,82255,82265,10
13.0823497772,80.2318496704,82265,82275,10
13.0826997757,80.2309875488,82275,82284,9
13.0830097198,80.2306518555,82284,82295,11
13.08314991,80.2312393188,82295,82305,10
13.0832195282,80.2322769165,82305,82315,10
13.083439827,80.2332611084,82315,82325,10
13.0836696625,80.2338409424,82325,82335,10
13.0841197968,80.2339477539,82335,82346,11
13.0844097137,80.2340164185,82346,82356,10
13.0851297379,80.2341766357,82356,82366,10
13.0860395432,80.234413147,82366,82376,10
13.0867500305,80.2345428467,82376,82386,10
13.0872497559,80.234588623,82386,82396,10
13.0878696442,80.2342376709,82396,82406,10
13.08796978,80.2334365845,82406,82416,10
13.0881996155,80.2323989868,82416,82426,10
13.0885000229,80.2313537598,82426,82436,10
13.0888299942,80.2305603027,82436,82447,11
13.0889196396,80.2303771973,82447,82457,10
13.0892000198,80.229850769,82457,82467,10
13.0897197723,80.2290878296,82467,82477,10
13.0905303955,80.2282104492,82477,82487,10
13.091219902,80.2274627686,82487,82497,10
13.0912799835,80.2273864746,82497,82507,10
13.0915498734,80.227180481,82507,82523,16
13.0925502777,80.2261734009,82523,82535,12
13.0934896469,80.2251815796,82535,82544,9
13.0938901901,80.2246780396,82544,82556,12
13.0943403244,80.2240371704,82556,82565,9
13.0948600769,80.2232894897,82565,82576,11
13.0953798294,80.2221221924,82576,82586,10
13.0956802368,80.2212600708,82586,82595,9
13.0961198807,80.2200698853,82595,82606,11
13.0964002609,80.2192382813,82606,82615,9
13.0965900421,80.2187194824,82615,82626,11
13.0969495773,80.2176208496,82626,82636,10
13.0973796844,80.216468811,82636,82646,10
13.0978803635,80.2152786255,82646,82657,11
13.0983495712,80.2142105103,82657,82667,10
13.098739624,80.2139663696,82667,82677,10
13.0993700027,80.2142410278,82677,82687,10
13.1000299454,80.2144012451,82687,82697,10
13.1002197266,80.2144622803,82697,82707,10
13.1003799438,80.2145385742,82707,82717,10
13.1006002426,80.2147064209,82717,82727,10
13.1003704071,80.2152099609,82727,82737,10
13.1001596451,80.2157211304,82737,82747,10
13.0999298096,80.2162399292,82747,82758,11
13.0997600555,80.2166519165,82758,82768,10
13.0995597839,80.2173690796,82768,82778,10
13.0993995667,80.2182769775,82778,82788,10
13.0992603302,80.2191467285,82788,82798,10
13.0992202759,80.2194137573,82798,82808,10
13.0991201401,80.2200164795,82808,82818,10
13.0989704132,80.2208175659,82818,82828,10
13.0988197327,80.2216033936,82828,82838,10
13.0987796783,80.2228622437,82838,82848,10
13.0993204117,80.2236785889,82848,82858,10
13.0997400284,80.2245864868,82858,82869,11
13.0999002457,80.2255477905,82869,82879,10
13.1000299454,80.2264022827,82879,82889,10
13.100060463,80.2272796631,82889,82899,10
13.1000204086,80.2280883789,82899,82909,10
13.0999298096,80.228729248,82909,82919,10
13.0998601913,80.2292022705,82919,82929,10
13.0997800827,80.2296676636,82929,82939,10
13.0996599197,80.2301101685,82939,82949,10
13.0995397568,80.2306365967,82949,82959,10
13.0992803574,80.2312088013,82959,82970,11
13.0990600586,80.2316818237,82970,82980,10
13.0988702774,80.2322769165,82980,82990,10
13.0986795425,80.2330932617,82990,83000,10
13.0985898972,80.2338409424,83000,83010,10
13.0985298157,80.2345504761,83010,83020,10
13.0984201431,80.2354736328,83020,83030,10
13.0982503891,80.236541748,83030,83039,9
13.0980997086,80.2372894287,83039,83049,10
13.0979204178,80.2382507324,83049,83060,11
13.0977602005,80.2393417358,83060,83071,11
13.0977201462,80.2400588989,83071,83081,10
13.0976495743,80.2408218384,83081,83091,10
13.0975198746,80.2418136597,83091,83131,40
13.0975198746,80.2418136597,83131,83141,10
13.0975198746,80.2421264648,83141,83151,10
13.0977802277,80.2422180176,83151,83161,10
13.0980997086,80.2422790527,83161,83172,11
13.0984096527,80.2423095703,83172,83182,10
13.0985898972,80.2423019409,83182,83192,10
13.0987300873,80.2421722412,83192,83202,10
13.0987596512,80.2420120239,83202,83212,10
13.0987796783,80.2418289185,83212,83222,10
13.0987997055,80.2416763306,83222,83232,10
13.0987997055,80.241607666,83232,83242,10
13.0988502502,80.2414016724,83242,83252,10
13.0988702774,80.2412109375,83252,83262,10
13.0990600586,80.2408828735,83262,83525,263
13.0990600586,80.2408828735,83525,83535,10
13.0990896225,80.2408599854,83535,83545,10
13.09897995,80.2406234741,83545,83555,10
13.0988397598,80.2403411865,83555,83565,10
13.0990600586,80.2403106689,83565,83676,111
13.0990200043,80.2404327393,83676,83828,152
13.0990200043,80.2404327393,83828,83838,10
13.099029541,80.2405776978,83838,83848,10
13.0990104675,80.2407608032,83848,83858,10
13.0987997055,80.240737915,83858,84960,1102
13.0987997055,80.240737915,84960,84970,10
13.0988798141,80.2406616211,84970,84980,10
13.0988903046,80.2404022217,84980,84990,10
13.098859787,80.2401885986,84990,85000,10
13.0986099243,80.2402191162,85000,85010,10
13.0986099243,80.240447998,85010,85424,414
13.0986099243,80.240447998,85424,85434,10
13.0984897614,80.2406387329,85434,85445,11
