12.9869003296,80.2590789795,14,175,161
12.9869003296,80.2590789795,175,185,10
12.9872503281,80.2590484619,185,1852,1667
12.9872999191,80.2589035034,1852,1923,71
12.987159729,80.2590026855,1923,2711,788
12.9873399734,80.2590103149,2711,2752,41
12.9871301651,80.2589874268,2752,3419,667
12.9873600006,80.2588806152,3419,3459,40
12.9871902466,80.2589874268,3459,3691,232
12.9873399734,80.2589263916,3691,3914,223
12.9871702194,80.2589492798,3914,4217,303
12.9873304367,80.2588882446,4217,6177,1960
12.9873304367,80.2588882446,6177,6187,10
12.9871902466,80.2588500977,6187,6268,81
12.9872198105,80.2589416504,6268,9453,3185
12.9873104095,80.2586212158,9453,9524,71
12.9872999191,80.2587280273,9524,10423,899
12.9872398376,80.2587585449,10423,10554,131
12.9872398376,80.2587585449,10554,10564,10
12.9872303009,80.2588729858,10564,11292,728
12.9873399734,80.2586364746,11292,13031,1739
12.9871797562,80.2589797974,13031,14436,1405
12.9874200821,80.2588500977,14436,14577,141
12.9871902466,80.2589187622,14577,17053,2476
12.9872303009,80.2587509155,17053,17144,91
12.9871702194,80.2587966919,17144,17477,333
12.9872198105,80.2587966919,17477,17720,243
12.9872198105,80.2587966919,17720,17730,10
12.9873199463,80.2585220337,17730,17750,20
12.9873199463,80.2585220337,17750,17760,10
12.9873399734,80.2584228516,17760,17770,10
12.9873695374,80.2582473755,17770,17780,10
12.9873895645,80.2580032349,17780,17790,10
12.9874401093,80.2575683594,17790,17800,10
12.9874897003,80.2570877075,17800,17811,11
12.9875402451,80.2564926147,17811,17821,10
12.9875898361,80.2559204102,17821,17831,10
12.9877004623,80.2554779053,17831,17841,10
12.9877195358,80.254989624,17841,17851,10
12.987739563,80.2548370361,17851,17861,10
12.9877700806,80.2545166016,17861,17871,10
12.987830162,80.2540283203,17871,17881,10
12.9878702164,80.2533721924,17881,17891,10
12.9879198074,80.2526779175,17891,17902,11
12.9878902435,80.251953125,17902,17912,10
12.9877195358,80.2516403198,17912,17922,10
12.9876499176,80.2515869141,17922,17932,10
12.9872598648,80.2516326904,17932,17942,10
12.9867200851,80.251739502,17942,17952,10
12.9860496521,80.2519073486,17952,17962,10
12.9852600098,80.2521209717,17962,17972,10
12.9844102859,80.2523574829,17972,17982,10
12.9835700989,80.252571106,17982,17992,10
12.9827203751,80.2526779175,17992,18003,11
12.9817199707,80.2527084351,18003,18013,10
12.9808397293,80.2527236938,18013,18023,10
12.9800701141,80.2527236938,18023,18033,10
12.9799098969,80.2523498535,18033,18134,101
12.9799098969,80.2523498535,18134,18144,10
12.9800100327,80.2520904541,18144,18154,10
12.9800596237,80.2518386841,18154,18164,10
12.9801998138,80.251449585,18164,18174,10
12.9803495407,80.2509536743,18174,18184,10
12.9805002213,80.2503814697,18184,18195,11
12.9806604385,80.2496795654,18195,18205,10
12.9807395935,80.2490234375,18205,18215,10
12.9807701111,80.2483520508,18215,18225,10
12.9808197021,80.2476501465,18225,18235,10
12.9808797836,80.2469329834,18235,18245,10
12.9809598923,80.2461624146,18245,18255,10
12.9810400009,80.2453536987,18255,18265,10
12.9811296463,80.2445678711,18265,18275,10
12.9812002182,80.2438430786,18275,18286,11
12.9813404083,80.2435379028,18286,18296,10
12.9813699722,80.2428436279,18296,18336,40
12.9813699722,80.2428436279,18336,18346,10
12.9813699722,80.2427902222,18346,18356,10
12.9813995361,80.2425384521,18356,18366,10
12.9813804626,80.2421035767,18366,18376,10
12.9813699722,80.2415618896,18376,18387,11
12.9813699722,80.2409210205,18387,18397,10
12.9813604355,80.2403182983,18397,18407,10
12.9813499451,80.2396774292,18407,18417,10
12.9813203812,80.2390136719,18417,18427,10
12.9812898636,80.2379379272,18427,18457,30
12.9812898636,80.2379379272,18457,18467,10
12.9812698364,80.2377319336,18467,18478,11
12.9812602997,80.2373504639,18478,18488,10
12.9812498093,80.2367782593,18488,18498,10
12.9812297821,80.2360992432,18498,18508,10
12.9812202454,80.2354888916,18508,18518,10
12.9812002182,80.2348403931,18518,18528,10
12.9812602997,80.234161377,18528,18538,10
12.9816598892,80.2332992554,18538,18558,20
12.9816598892,80.2332992554,18558,18568,10
12.9817895889,80.2330627441,18568,18579,11
12.9819602966,80.2325897217,18579,18589,10
12.9820604324,80.2319793701,18589,18599,10
12.982000351,80.231300354,18599,18609,10
12.9817199707,80.2305984497,18609,18619,10
12.981300354,80.229927063,18619,18629,10
12.9809398651,80.229347229,18629,18639,10
12.9807500839,80.2290496826,18639,18649,10
12.9807300568,80.2290420532,18649,18659,10
12.9805698395,80.228767395,18659,18670,11
12.9803800583,80.2284393311,18670,18680,10
12.9802999496,80.2283096313,18680,18690,10
12.980050087,80.2279205322,18690,18700,10
12.9797496796,80.227432251,18700,18710,10
12.9793996811,80.226852417,18710,18720,10
12.9790201187,80.2262115479,18720,18730,10
12.9786300659,80.2255630493,18730,18740,10
12.9782600403,80.2249603271,18740,18756,16
12.9777603149,80.2242279053,18756,18768,12
12.9773597717,80.2235565186,18768,18779,11
12.9770402908,80.2230300903,18779,18789,10
12.9767198563,80.2225189209,18789,18799,10
12.9764003754,80.2219772339,18799,18809,10
12.9760599136,80.2214736938,18809,18819,10
12.9757499695,80.2211227417,18819,18828,9
12.9754600525,80.2208786011,18828,18839,11
12.975520134,80.2207489014,18839,18849,10
12.9759597778,80.221031189,18849,18972,123
12.9759597778,80.221031189,18972,18982,10
12.9762201309,80.2212982178,18982,18992,10
12.9764795303,80.221321106,18992,19002,10
12.9769201279,80.2212982178,19002,19012,10
12.9774999619,80.2212600708,19012,19022,10
12.9781303406,80.2212219238,19022,19032,10
12.9788198471,80.2211685181,19032,19042,10
12.9795999527,80.2211074829,19042,19052,10
12.9804000854,80.2210388184,19052,19063,11
12.9812402725,80.2211074829,19063,19073,10
12.9817199707,80.2213821411,19073,19083,10
12.9821796417,80.2216873169,19083,19093,10
12.9827604294,80.2218780518,19093,19103,10
12.983039856,80.2220001221,19103,19113,10
12.9831895828,80.2220993042,19113,19123,10
12.9835395813,80.2223587036,19123,19133,10
12.9841003418,80.2226791382,19133,19143,10
12.9847602844,80.2230987549,19143,19160,17
12.9857196808,80.2230606079,19160,19172,12
12.9864902496,80.2229614258,19172,19180,8
12.9866399765,80.2229614258,19180,19190,10
12.9870500565,80.2230377197,19190,19202,12
12.9878396988,80.2230072021,19202,19212,10
12.9884796143,80.2225418091,19212,19222,10
12.9889698029,80.2220535278,19222,19232,10
12.9896097183,80.221282959,19232,19242,10
12.9902095795,80.2206192017,19242,19253,11
12.9907798767,80.2201538086,19253,19262,9
12.991230011,80.2197875977,19262,19273,11
12.9917297363,80.2194213867,19273,19283,10
12.9923801422,80.2189483643,19283,19293,10
12.9931402206,80.2183990479,19293,19303,10
12.9938402176,80.2179031372,19303,19313,10
12.994509697,80.2174224854,19313,19323,10
12.9952201843,80.2169189453,19323,19333,10
12.9960699081,80.2166213989,19333,19343,10
12.9968900681,80.2164993286,19343,19354,11
12.9974098206,80.2162094116,19354,19374,20
12.9974098206,80.2162094116,19374,19384,10
12.9976596832,80.2160263062,19384,19394,10
12.9981002808,80.215637207,19394,19404,10
12.9986095428,80.2151870728,19404,19414,10
12.9990301132,80.2148284912,19414,19424,10
12.9992599487,80.2146530151,19424,19434,10
12.9996404648,80.2143325806,19434,19445,11
12.9999399185,80.2140808105,19445,19461,16
13.0007295609,80.2133483887,19461,19473,12
13.0014400482,80.2128067017,19473,19483,10
13.0019397736,80.2124481201,19483,19492,9
13.0024900436,80.2121734619,19492,19503,11
13.0031099319,80.2120895386,19503,19513,10
13.0037202835,80.212020874,19513,19523,10
13.0043897629,80.2121963501,19523,19533,10
13.0050401688,80.2125167847,19533,19544,11
13.0058097839,80.2129364014,19544,19553,9
13.0063695908,80.2127685547,19553,19564,11
13.0068702698,80.2127609253,19564,19574,10
13.0078001022,80.2129669189,19574,19594,20
13.0078001022,80.2129669189,19594,19604,10
13.0078496933,80.2130432129,19604,19614,10
13.0080299377,80.2132034302,19614,19624,10
13.0085296631,80.2134017944,19624,19635,11
13.0090398788,80.2140579224,19635,19645,10
13.0095100403,80.2147216797,19645,19655,10
13.009929657,80.2152481079,19655,19665,10
13.0103998184,80.2158203125,19665,19675,10
13.0107698441,80.2164993286,19675,19685,10
13.0109901428,80.2171630859,19685,19695,10
13.0113401413,80.2180328369,19695,19705,10
13.0117197037,80.2189865112,19705,19715,10
13.0120201111,80.2199630737,19715,19725,10
13.0123195648,80.2209396362,19725,19736,11
13.0127096176,80.2218475342,19736,19746,10
13.013299942,80.2225799561,19746,19756,10
13.0138397217,80.2231826782,19756,19806,50
13.0141096115,80.2234191895,19806,19837,31
13.0141096115,80.2234191895,19837,19847,10
13.014380455,80.2236633301,19847,19857,10
13.0145797729,80.2238922119,19857,19867,10
13.0150003433,80.2244796753,19867,19877,10
13.0155200958,80.2249298096,19877,19887,10
13.0155601501,80.2249679565,19887,19897,10
13.0158195496,80.2252197266,19897,19907,10
13.0163898468,80.2253265381,19907,19917,10
13.0170602798,80.2251205444,19917,19928,11
13.0179300308,80.2247695923,19928,19938,10
13.0187597275,80.2244415283,19938,19948,10
13.019610405,80.2244567871,19948,19958,10
13.0203895569,80.2249679565,19958,19974,16
13.0220298767,80.2261581421,19974,19994,20
13.0220298767,80.2261581421,19994,20005,11
13.0222597122,80.2263793945,20005,20018,13
13.0228700638,80.2269287109,20018,20029,11
13.0235300064,80.2275466919,20029,20039,10
13.0241699219,80.2281799316,20039,20049,10
13.0246801376,80.2288589478,20049,20059,10
13.0251998901,80.2295837402,20059,20069,10
13.0257396698,80.2304000854,20069,20079,10
13.0260601044,80.2312393188,20079,20089,10
13.0265398026,80.231262207,20089,20112,23
13.0282201767,80.2309265137,20112,20125,13
13.0285100937,80.2308807373,20125,20135,10
13.0287704468,80.2308502197,20135,20145,10
13.0293903351,80.230796814,20145,20155,10
13.0299701691,80.230758667,20155,20165,10
13.0306997299,80.2306976318,20165,20175,10
13.0312700272,80.2306518555,20175,20185,10
13.0319595337,80.2306137085,20185,20194,9
13.0328102112,80.2305374146,20194,20205,11
13.0337200165,80.2304916382,20205,20215,10
13.0342597961,80.2304382324,20215,20226,11
13.0342998505,80.230430603,20226,20236,10
13.0346097946,80.2303771973,20236,20246,10
13.0349998474,80.23021698,20246,20256,10
13.0350799561,80.2303771973,20256,20266,10
13.0347499847,80.2303390503,20266,20276,10
13.0342903137,80.230430603,20276,20285,9
13.0338001251,80.2304916382,20285,20295,10
13.0332803726,80.2305221558,20295,20307,12
13.0328903198,80.2305831909,20307,20545,238
13.0327997208,80.2306213379,20545,22354,1809
13.0326900482,80.23046875,22354,22465,111
13.0326900482,80.23046875,22465,22475,10
13.0326299667,80.2305221558,22475,22485,10
13.0324602127,80.2305374146,22485,22495,10
13.0322504044,80.2305603027,22495,22505,10
13.0318403244,80.2305984497,22505,22515,10
13.0312795639,80.2306594849,22515,22525,10
13.0307197571,80.2307128906,22525,22535,10
13.0298995972,80.2308120728,22535,22566,31
13.0298995972,80.2308120728,22566,22576,10
13.0296497345,80.2308425903,22576,22586,10
13.0292196274,80.2308807373,22586,22602,16
13.0283203125,80.23097229,22602,22614,12
13.0277395248,80.2310333252,22614,22623,9
13.027680397,80.2312469482,22623,22633,10
13.0277395248,80.2316970825,22633,22643,10
13.0277795792,80.2320785522,22643,22654,11
13.0278701782,80.2325286865,22654,22665,11
13.027759552,80.2328414917,22665,22675,10
13.0272798538,80.2329330444,22675,22685,10
13.02684021,80.2329711914,22685,22695,10
13.0264501572,80.2329330444,22695,22705,10
13.026260376,80.2323913574,22705,22715,10
13.0260696411,80.2317276001,22715,22725,10
13.0258903503,80.2309875488,22725,22736,11
13.02546978,80.2301101685,22736,22746,10
13.0249204636,80.2293701172,22746,22756,10
13.024600029,80.2289962769,22756,22766,10
13.0243396759,80.2286529541,22766,22776,10
13.0239200592,80.2281723022,22776,22786,10
13.0234699249,80.2276992798,22786,22796,10
13.0230798721,80.2274627686,22796,22812,16
13.0230197906,80.2274093628,22812,22824,12
13.0228900909,80.2273330688,22824,22835,11
13.0225801468,80.2270126343,22835,22843,8
13.0223197937,80.2266693115,22843,22853,10
13.0217199326,80.2261428833,22853,22865,12
13.0209903717,80.2255630493,22865,22875,10
13.0202302933,80.2250671387,22875,22884,9
13.019780159,80.2247695923,22884,22895,11
13.0189304352,80.2245330811,22895,22905,10
13.0181999207,80.2247924805,22905,22915,10
13.0173501968,80.2251281738,22915,22926,11
13.0167398453,80.2253799438,22926,22936,10
13.0165596008,80.2254562378,22936,22946,10
13.0162401199,80.2255630493,22946,22956,10
13.0156402588,80.2257385254,22956,22966,10
13.0144796371,80.2262268066,22966,22996,30
13.0144796371,80.2262268066,22996,23006,10
13.0141897202,80.2262802124,23006,23017,11
13.0135803223,80.2265167236,23017,23027,10
13.0127801895,80.2268371582,23027,23037,10
13.0118398666,80.2272109985,23037,23047,10
13.010840416,80.2276000977,23047,23057,10
13.0099000931,80.2279205322,23057,23067,10
13.0095996857,80.227432251,23067,23077,10
13.009929657,80.2266921997,23077,23087,10
13.0103197098,80.2258300781,23087,23097,10
13.0106897354,80.2249908447,23097,23107,10
13.0110502243,80.2241134644,23107,23118,11
13.0114297867,80.2230834961,23118,23128,10
13.0117902756,80.2221603394,23128,23138,10
13.0120801926,80.2213134766,23138,23148,10
13.0121002197,80.2208023071,23148,23158,10
13.0119199753,80.2201080322,23158,23168,10
13.0116500854,80.219367981,23168,23178,10
13.011349678,80.2185211182,23178,23188,10
13.01101017,80.217666626,23188,23198,10
13.0106601715,80.2168197632,23198,23208,10
13.0103302002,80.2161865234,23208,23219,11
13.0097703934,80.2151412964,23219,23229,10
13.0093603134,80.2145767212,23229,23239,10
13.0087299347,80.2137374878,23239,23249,10
13.0080404282,80.2132720947,23249,23269,20
13.0080404282,80.2132720947,23269,23279,10
13.0079603195,80.2132034302,23279,23289,10
13.0076799393,80.2129669189,23289,23299,10
13.0070695877,80.2127990723,23299,23310,11
13.0062503815,80.2128295898,23310,23320,10
13.0055198669,80.2128601074,23320,23330,10
13.0047702789,80.2124099731,23330,23340,10
13.0039997101,80.2121124268,23340,23350,10
13.0037899017,80.2120437622,23350,23360,10
13.0036897659,80.2117385864,23360,23370,10
13.0036401749,80.2111663818,23370,23380,10
13.0036201477,80.2109375,23380,23390,10
13.0035600662,80.2105712891,23390,23400,10
13.003490448,80.2099227905,23400,23411,11
13.0034399033,80.2093200684,23411,23421,10
13.0029602051,80.2090606689,23421,23431,10
13.0022201538,80.2086486816,23431,23441,10
13.0015096664,80.2082672119,23441,23451,10
13.0006399155,80.207862854,23451,23471,20
13.0006399155,80.207862854,23471,23481,10
13.0004701614,80.2078018188,23481,23491,10
13.0000600815,80.2077407837,23491,23501,10
12.9995298386,80.2076263428,23501,23512,11
12.9991798401,80.207572937,23512,23522,10
12.9986495972,80.2074432373,23522,23532,10
12.9984197617,80.2075424194,23532,23542,10
12.9983501434,80.2080612183,23542,23552,10
12.9982595444,80.2086105347,23552,23568,16
12.998000145,80.2092819214,23568,23580,12
12.9976701736,80.2097930908,23580,23588,8
12.9975004196,80.2101669312,23588,23600,12
12.997300148,80.2104797363,23600,23611,11
12.9971199036,80.2104415894,23611,23621,10
12.9968795776,80.2104187012,23621,23631,10
12.9963798523,80.2103424072,23631,23640,9
12.9958600998,80.2102966309,23640,23651,11
12.9953804016,80.2102508545,23651,23661,10
12.9947795868,80.2101974487,23661,23671,10
12.9943599701,80.2101669312,23671,23681,10
12.9938898087,80.2101211548,23681,23691,10
12.9937200546,80.2101135254,23691,23702,11
12.9935798645,80.2102813721,23702,23712,10
12.9934597015,80.2108306885,23712,23722,10
12.9932603836,80.2116088867,23722,23732,10
12.9930801392,80.2124023438,23732,23742,10
12.9929504395,80.2130126953,23742,23752,10
12.9928598404,80.2130508423,23752,23762,10
12.9925498962,80.2129516602,23762,23772,10
12.9919595718,80.2127914429,23772,23782,10
12.9916696548,80.2127227783,23782,23793,11
12.991399765,80.2126998901,23793,23803,10
12.9912595749,80.2131271362,23803,23813,10
12.9911603928,80.2134475708,23813,23823,10
12.9910202026,80.2138977051,23823,23833,10
12.9907598495,80.2145233154,23833,23843,10
12.9904603958,80.2147598267,23843,23853,10
12.9898099899,80.2147903442,23853,23863,10
12.9892597198,80.2147216797,23863,23873,10
12.9889802933,80.2151184082,23873,23883,10
12.9885702133,80.2157363892,23883,23894,11
12.9881401062,80.2163772583,23894,23904,10
12.9881000519,80.216468811,23904,23914,10
12.9880895615,80.2164916992,23914,23924,10
12.9879302979,80.2168807983,23924,23934,10
12.9876804352,80.2176132202,23934,23944,10
12.9875001907,80.2182388306,23944,23954,10
12.987279892,80.2183990479,23954,23964,10
12.9869003296,80.2182769775,23964,23974,10
12.9862203598,80.2181015015,23974,23985,11
12.9851303101,80.217956543,23985,23995,10
12.9841804504,80.2179870605,23995,24005,10
12.9839401245,80.2179870605,24005,24015,10
12.9835395813,80.2179794312,24015,24025,10
12.9828395844,80.2179718018,24025,24035,10
12.9820404053,80.217956543,24035,24045,10
12.9811296463,80.2181396484,24045,24055,10
12.9802799225,80.2184371948,24055,24065,10
12.9795503616,80.2187271118,24065,24075,10
12.9788703918,80.21900177,24075,24086,11
12.9783496857,80.2192001343,24086,24096,10
12.9775896072,80.2195129395,24096,24106,10
12.9767103195,80.2198562622,24106,24116,10
12.9755802155,80.2205429077,24116,24156,40
12.9755802155,80.2205429077,24156,24166,10
12.9756603241,80.2209014893,24166,24632,466
12.9756603241,80.2209014893,24632,24642,10
12.9758796692,80.2210922241,24642,24652,10
12.9760799408,80.221321106,24652,24663,11
12.976360321,80.2217712402,24663,24673,10
12.9766597748,80.2222671509,24673,24683,10
12.9770002365,80.2227325439,24683,24693,10
12.9774198532,80.2227096558,24693,24703,10
12.9775400162,80.2223968506,24703,24713,10
12.977519989,80.2219314575,24713,24723,10
12.9774999619,80.2214813232,24723,24733,10
12.9773597717,80.2212677002,24733,24743,10
12.9768600464,80.2212600708,24743,24753,10
12.9762496948,80.2212982178,24753,24764,11
12.975859642,80.2211685181,24764,24774,10
12.9754800797,80.2208328247,24774,24814,40
12.9754800797,80.2208328247,24814,24824,10
12.9754695892,80.220489502,24824,24834,10
12.9757299423,80.2202377319,24834,24844,10
12.9762001038,80.2199935913,24844,24855,11
12.9767999649,80.2197189331,24855,24865,10
12.9771404266,80.219581604,24865,24875,10
12.9777202606,80.2193374634,24875,24885,10
12.9783401489,80.2190933228,24885,24895,10
12.9787397385,80.2189407349,24895,24905,10
12.9793596268,80.2186965942,24905,24915,10
12.9800901413,80.218421936,24915,24925,10
12.9808702469,80.218132019,24925,24935,10
12.9816999435,80.217880249,24935,24945,10
12.9825801849,80.2178268433,24945,24956,11
12.9835195541,80.2178115845,24956,24966,10
12.9837999344,80.2178192139,24966,24976,10
12.9840297699,80.2178192139,24976,24986,10
12.9844903946,80.2178268433,24986,24996,10
12.9851398468,80.2178268433,24996,25006,10
12.9858798981,80.2179107666,25006,25016,10
12.9865703583,80.2180786133,25016,25026,10
12.9869699478,80.2181625366,25026,25036,10
12.9874601364,80.2181015015,25036,25067,31
12.9874601364,80.2181015015,25067,25077,10
12.9875497818,80.2179718018,25077,25087,10
12.9876203537,80.2177124023,25087,25097,10
12.9877195358,80.2174224854,25097,25107,10
12.9878396988,80.2170562744,25107,25117,10
12.9880304337,80.2165527344,25117,25127,10
12.988360405,80.2159881592,25127,25137,10
12.9887599945,80.2154388428,25137,25148,11
12.9891796112,80.2148132324,25148,25158,10
12.9893703461,80.2146911621,25158,25168,10
12.9894895554,80.2147293091,25168,25178,10
12.9898700714,80.2148284912,25178,25188,10
12.9903497696,80.2147827148,25188,25198,10
12.9907798767,80.2143783569,25198,25208,10
12.9910097122,80.2137985229,25208,25218,10
12.9911899567,80.2132263184,25218,25228,10
12.9913797379,80.2126693726,25228,25230,2
12.9913797379,80.2126693726,25230,25277,47
12.9915895462,80.212677002,25277,25287,10
12.9918899536,80.2127609253,25287,25297,10
12.9925003052,80.2129364014,25297,25307,10
12.9929103851,80.2129974365,25307,25317,10
12.9929599762,80.2127380371,25317,25337,20
12.9929599762,80.2127380371,25337,25348,11
12.9930801392,80.2123565674,25348,25358,10
12.9932003021,80.2119064331,25358,25369,11
12.9933395386,80.2113418579,25369,25381,12
12.9934997559,80.2107315063,25381,25391,10
12.9937000275,80.2101211548,25391,25421,30
12.9937000275,80.2101211548,25421,25430,9
12.9939002991,80.2101287842,25430,25442,12
12.9942502975,80.2101593018,25442,25452,10
12.9946403503,80.2101974487,25452,25462,10
12.9950399399,80.2102279663,25462,25472,10
12.9954996109,80.2102584839,25472,25482,10
12.9960203171,80.210319519,25482,25492,10
12.9966001511,80.210357666,25492,25502,10
12.9971504211,80.2104568481,25502,25512,10
12.9972896576,80.2104721069,25512,25522,10
12.9974002838,80.2103118896,25522,25533,11
12.9975996017,80.2098388672,25533,25543,10
12.9979000092,80.2093429565,25543,25553,10
12.9981603622,80.2089080811,25553,25563,10
12.9982595444,80.2082290649,25563,25573,10
12.9983797073,80.207572937,25573,25583,10
12.9985904694,80.2073974609,25583,25613,30
12.9985904694,80.2073974609,25613,25623,10
12.9988002777,80.2074813843,25623,25634,11
12.9990301132,80.2075271606,25634,25644,10
12.9995098114,80.2076263428,25644,25654,10
13.0002698898,80.2077789307,25654,25664,10
13.0010004044,80.2080535889,25664,25674,10
13.0018997192,80.2085037231,25674,25684,10
13.0029201508,80.209022522,25684,25694,10
13.0035200119,80.2094268799,25694,25704,10
13.0036096573,80.2099227905,25704,25714,10
13.0037202835,80.2105789185,25714,25724,10
13.0037603378,80.2114334106,25724,25735,11
13.0040302277,80.212020874,25735,25745,10
13.0040998459,80.2120437622,25745,25761,16
13.0046396255,80.212272644,25761,25773,12
13.0052900314,80.2126464844,25773,25783,10
13.0058403015,80.2129211426,25783,25793,10
13.0067396164,80.2127227783,25793,25803,10
13.0079402924,80.2131118774,25803,25834,31
13.0079402924,80.2131118774,25834,25844,10
13.008190155,80.2132492065,25844,25854,10
13.0086603165,80.2135467529,25854,25864,10
13.009180069,80.2142410278,25864,25874,10
13.00963974,80.2149200439,25874,25884,10
13.0100297928,80.2154312134,25884,25894,10
13.0104799271,80.2160415649,25894,25904,10
13.0108203888,80.216796875,25904,25914,10
13.0112304688,80.2177124023,25914,25925,11
13.011639595,80.2187728882,25925,25935,10
13.0119895935,80.2198410034,25935,25945,10
13.0122003555,80.2204818726,25945,25955,10
13.0122203827,80.2205429077,25955,25965,10
13.0123796463,80.220916748,25965,25975,10
13.0126399994,80.2214889526,25975,25985,10
13.0130596161,80.2220535278,25985,25995,10
13.0135803223,80.2227020264,25995,26005,10
13.0141000748,80.2233734131,26005,26016,11
13.0146598816,80.2240600586,26016,26026,10
13.0151596069,80.2246627808,26026,26036,10
13.0155000687,80.2249298096,26036,26046,10
13.0155096054,80.2249298096,26046,26056,10
13.0155897141,80.2249526978,26056,26066,10
13.0158195496,80.2251815796,26066,26076,10
13.0163803101,80.2252883911,26076,26086,10
13.0171403885,80.2250518799,26086,26096,10
13.0180196762,80.2247009277,26096,26106,10
13.0189399719,80.2243728638,26106,26117,11
13.0197000504,80.2244873047,26117,26133,16
13.0199699402,80.2246780396,26133,26145,12
13.0205698013,80.2251281738,26145,26155,10
13.021109581,80.2255325317,26155,26165,10
13.0220298767,80.2261581421,26165,26185,20
13.0220298767,80.2261581421,26185,26195,10
13.0220603943,80.2262573242,26195,26205,10
13.0223903656,80.2265396118,26205,26215,10
13.0229797363,80.2270584106,26215,26226,11
13.023730278,80.2277832031,26226,26236,10
13.0244998932,80.2286376953,26236,26246,10
13.0249700546,80.2293319702,26246,26256,10
13.0255498886,80.2301330566,26256,26266,10
13.0259599686,80.2309417725,26266,26276,10
13.026260376,80.2313232422,26276,26286,10
13.0268201828,80.2311401367,26286,26296,10
13.0275297165,80.23097229,26296,26307,11
13.0282497406,80.2308807373,26307,26317,10
13.0284900665,80.2308578491,26317,26327,10
13.0285997391,80.2308883667,26327,26337,10
13.029419899,80.2308120728,26337,26357,20
13.029419899,80.2308120728,26357,26367,10
13.0295801163,80.230796814,26367,26377,10
13.0300998688,80.230758667,26377,26387,10
13.0307598114,80.2307128906,26387,26398,11
13.0315599442,80.2306365967,26398,26408,10
13.0324802399,80.2305603027,26408,26418,10
13.0334501266,80.2304763794,26418,26426,8
13.0346002579,80.2303314209,26426,26458,32
13.0346002579,80.2303314209,26458,26468,10
13.0347204208,80.2303009033,26468,26478,10
13.0349903107,80.2301712036,26478,26488,10
13.0350904465,80.2302474976,26488,26499,11
13.0346603394,80.2304000854,26499,27651,1152
13.0346603394,80.2304000854,27651,27661,10
13.0344800949,80.2304000854,27661,27671,10
13.034330368,80.2304229736,27671,27681,10
13.0342102051,80.230430603,27681,27691,10
13.0339698792,80.2304077148,27691,27701,10
13.033659935,80.2304077148,27701,27711,10
13.0333003998,80.2304000854,27711,27721,10
13.032790184,80.230506897,27721,27731,10
13.0321302414,80.2306213379,27731,27741,10
13.0314102173,80.2306976318,27741,27752,11
13.0307703018,80.2307510376,27752,27762,10
13.0301904678,80.2308273315,27762,27782,20
13.0301904678,80.2308273315,27782,27792,10
13.0300598145,80.230796814,27792,27802,10
13.0298900604,80.2308273315,27802,27812,10
13.0297803879,80.2308425903,27812,27822,10
13.0295200348,80.2308807373,27822,27832,10
13.0290403366,80.2309036255,27832,27843,11
13.0281600952,80.231010437,27843,27853,10
13.0277099609,80.231086731,27853,27863,10
13.0277204514,80.2315673828,27863,27873,10
13.0277500153,80.2318496704,27873,27883,10
13.0278396606,80.2323303223,27883,27893,10
13.0278596878,80.2328186035,27893,27903,10
13.0273895264,80.2329025269,27903,27954,51
13.0273895264,80.2329025269,27954,27964,10
13.0270299911,80.2330322266,27964,27974,10
13.0267496109,80.2330627441,27974,27984,10
13.0263795853,80.2327804565,27984,27994,10
13.0261497498,80.2320098877,27994,28004,10
13.0259799957,80.2313613892,28004,28014,10
13.0256500244,80.2304763794,28014,28035,21
13.0256500244,80.2304763794,28035,28045,10
13.0255804062,80.2303314209,28045,28055,10
13.0253095627,80.2299499512,28055,28065,10
13.0248203278,80.2293014526,28065,28075,10
13.024430275,80.2288284302,28075,28085,10
13.0239801407,80.2282791138,28085,28095,10
13.0234699249,80.2277297974,28095,28105,10
13.0230197906,80.227432251,28105,28125,20
13.0230197906,80.227432251,28125,28136,11
13.0227203369,80.2271881104,28136,28146,10
13.0223903656,80.2267303467,28146,28156,10
13.0220499039,80.2264404297,28156,28166,10
13.0218801498,80.2262802124,28166,28176,10
13.0214595795,80.2259368896,28176,28186,10
13.0208997726,80.2254867554,28186,28196,10
13.0204496384,80.2251968384,28196,28206,10
13.0198898315,80.224822998,28206,28227,21
13.0198898315,80.224822998,28227,28237,10
13.0195999146,80.2246322632,28237,28247,10
13.0188398361,80.2245330811,28247,28257,10
13.0178604126,80.224899292,28257,28267,10
13.0169496536,80.2252731323,28267,28277,10
13.0162296295,80.2255477905,28277,28287,10
13.0155200958,80.2257919312,28287,28297,10
13.0147304535,80.2261123657,28297,28307,10
13.0142803192,80.2262878418,28307,28317,10
13.0138902664,80.2264328003,28317,28328,11
13.0131196976,80.2267074585,28328,28338,10
13.012169838,80.2270812988,28338,28348,10
13.0110797882,80.2275009155,28348,28358,10
13.0100097656,80.227897644,28358,28368,10
13.0094995499,80.2275924683,28368,28378,10
13.0098199844,80.226852417,28378,28394,16
13.0104703903,80.225440979,28394,28406,12
13.0109796524,80.2242507935,28406,28414,8
13.0112199783,80.2236175537,28414,28427,13
13.0113201141,80.2232818604,28427,28437,10
13.011469841,80.2229614258,28437,28447,10
13.0117301941,80.2222900391,28447,28457,10
13.0120096207,80.2214508057,28457,28467,10
13.0120801926,80.2208404541,28467,28477,10
13.0117998123,80.2200469971,28477,28486,9
13.011590004,80.219367981,28486,28497,11
13.0112895966,80.218460083,28497,28507,10
13.0109996796,80.2176513672,28507,28519,12
13.0105304718,80.2165527344,28519,28529,10
13.0100603104,80.2156677246,28529,28539,10
13.0095701218,80.2148590088,28539,28549,10
13.0090303421,80.2141036987,28549,28559,10
13.0084400177,80.2134399414,28559,28569,10
13.0080699921,80.2132720947,28569,28599,30
13.0080699921,80.2132720947,28599,28609,10
13.0079402924,80.2132034302,28609,28640,31
13.0079402924,80.2132034302,28640,28650,10
13.0078802109,80.2131729126,28650,28660,10
13.0076198578,80.2129516602,28660,28670,10
13.0073604584,80.2128601074,28670,28680,10
13.0069999695,80.2127838135,28680,28690,10
13.0063199997,80.2128295898,28690,28700,10
13.0055704117,80.2128677368,28700,28711,11
13.004699707,80.2123718262,28711,28721,10
13.0038795471,80.2120819092,28721,28731,10
13.0036802292,80.2118606567,28731,28741,10
13.0036802292,80.2116699219,28741,28751,10
13.0036401749,80.2110671997,28751,28761,10
13.0035495758,80.2102966309,28761,28771,10
13.0035200119,80.209777832,28771,28781,10
13.003490448,80.2094192505,28781,28791,10
13.0033502579,80.2092819214,28791,28801,10
13.0028400421,80.2090377808,28801,28812,11
13.0020399094,80.2086029053,28812,28822,10
13.0012197495,80.2081375122,28822,28832,10
13.0004997253,80.2078323364,28832,28842,10
12.999879837,80.2077102661,28842,28852,10
12.9993600845,80.2075805664,28852,28862,10
12.9990596771,80.2075424194,28862,28872,10
12.9988698959,80.2074813843,28872,28882,10
12.998550415,80.2074203491,28882,28892,10
12.9983997345,80.2075119019,28892,28903,11
12.9983901978,80.2076873779,28903,28913,10
12.9982995987,80.2081985474,28913,28923,10
12.9982204437,80.2087936401,28923,28933,10
12.9981002808,80.2091827393,28933,28949,16
12.9976396561,80.2098464966,28949,28961,12
12.997420311,80.2103424072,28961,28981,20
12.997420311,80.2103424072,28981,28991,10
12.9972200394,80.2104797363,28991,29002,11
12.9969501495,80.2104187012,29002,29012,10
12.9966802597,80.2104034424,29012,29021,9
12.996219635,80.2103424072,29021,29033,12
12.9959497452,80.2103118896,29033,29042,9
12.9954795837,80.2102584839,29042,29053,11
12.9949703217,80.2102127075,29053,29063,10
12.9945201874,80.2101669312,29063,29073,10
12.9938402176,80.2101364136,29073,29094,21
12.9938402176,80.2101364136,29094,29104,10
12.9937000275,80.2101821899,29104,29114,10
12.9936199188,80.2103424072,29114,29124,10
12.9934797287,80.2107620239,29124,29134,10
12.9933204651,80.2114486694,29134,29144,10
12.993180275,80.2121124268,29144,29154,10
12.9931097031,80.2124099731,29154,29164,10
12.9929895401,80.2129135132,29164,29174,10
12.9928302765,80.2129821777,29174,29184,10
12.9926996231,80.2129669189,29184,29195,11
12.9921703339,80.2128219604,29195,29205,10
12.9916296005,80.212677002,29205,29215,10
12.9915599823,80.2126617432,29215,29225,10
12.9913396835,80.2127609253,29225,29235,10
12.9911899567,80.2133178711,29235,29245,10
12.9910297394,80.2139587402,29245,29255,10
12.9906797409,80.2146072388,29255,29265,10
12.9900999069,80.214881897,29265,29275,10
12.9894399643,80.2147064209,29275,29285,10
12.9892597198,80.2146911621,29285,29296,11
12.9890804291,80.2149429321,29296,29306,10
12.9887104034,80.2155227661,29306,29316,10
12.9882202148,80.2162094116,29316,29326,10
12.9878797531,80.2170028687,29326,29336,10
12.9876203537,80.2177810669,29336,29346,10
12.9874601364,80.2182388306,29346,29356,10
12.9873800278,80.2183990479,29356,29366,10
12.9871902466,80.2183685303,29366,29376,10
12.9870901108,80.2183532715,29376,29386,10
12.9866199493,80.218208313,29386,29397,11
12.9856996536,80.2179794312,29397,29407,10
12.9847297668,80.2179718018,29407,29416,9
12.9840202332,80.2180023193,29416,29437,21
12.9840202332,80.2180023193,29437,29447,10
12.9836797714,80.2179794312,29447,29457,10
12.983039856,80.2179718018,29457,29467,10
12.9822301865,80.2179718018,29467,29477,10
12.9813404083,80.2180862427,29477,29488,11
12.9803800583,80.2183990479,29488,29498,10
12.9796199799,80.218711853,29498,29508,10
12.9789495468,80.21900177,29508,29518,10
12.9785404205,80.2191467285,29518,29528,10
12.9778795242,80.2194366455,29528,29538,10
12.977060318,80.2197799683,29538,29548,10
12.9762401581,80.220161438,29548,29558,10
12.9757499695,80.2203521729,29558,29568,10
12.9756202698,80.2205886841,29568,29578,10
12.9755897522,80.2206420898,29578,29595,17
12.9758796692,80.2210235596,29595,29910,315
12.9760704041,80.2211608887,29910,30082,172
12.975859642,80.2210922241,30082,30173,91
12.975859642,80.2210922241,30173,30183,10
12.975979805,80.2212524414,30183,30193,10
12.976099968,80.2214813232,30193,30203,10
12.9763898849,80.2218780518,30203,30213,10
12.9767503738,80.2224884033,30213,30223,10
12.977060318,80.2227630615,30223,30233,10
12.9774599075,80.2226791382,30233,30243,10
12.9774999619,80.2221221924,30243,30252,9
12.9774599075,80.2214889526,30252,30263,11
12.977399826,80.2212600708,30263,30274,11
12.9770202637,80.2212600708,30274,30284,10
12.9764995575,80.2212600708,30284,30294,10
12.9760503769,80.2212905884,30294,30303,9
12.9757699966,80.2211227417,30303,30314,11
12.9753799438,80.2208175659,30314,30324,10
12.9754400253,80.2205505371,30324,30334,10
12.9755601883,80.2203979492,30334,30344,10
12.975859642,80.220199585,30344,30354,10
12.9764604568,80.2199020386,30354,30365,11
12.977350235,80.2195205688,30365,30375,10
12.978269577,80.2191390991,30375,30385,10
12.9787197113,80.218963623,30385,30395,10
12.9792604446,80.2187271118,30395,30405,10
12.9798202515,80.2185211182,30405,30415,10
12.9805803299,80.2182235718,30415,30425,10
12.981470108,80.217918396,30425,30435,10
12.9823198318,80.2177963257,30435,30455,20
12.9823198318,80.2177963257,30455,30466,11
12.9825496674,80.2178192139,30466,30476,10
12.9830799103,80.2178268433,30476,30492,16
12.9837999344,80.2178192139,30492,30504,12
12.9838600159,80.2178268433,30504,30514,10
12.9841499329,80.2178421021,30514,30524,10
12.9847402573,80.2178421021,30524,30534,10
12.9855298996,80.2178573608,30534,30544,10
12.9864397049,80.2180633545,30544,30554,10
12.9874095917,80.218208313,30554,30584,30
12.9874095917,80.218208313,30584,30595,11
12.9875497818,80.2180023193,30595,30605,10
12.9877595901,80.2173461914,30605,30615,10
12.9880695343,80.2164764404,30615,30625,10
12.9885702133,80.2157211304,30625,30635,10
12.9888696671,80.2152633667,30635,30645,10
12.9892396927,80.2147293091,30645,30656,11
12.98939991,80.2146835327,30656,30666,10
12.9895200729,80.2147216797,30666,30676,10
12.9900102615,80.21484375,30676,30686,10
12.9906196594,80.2146072388,30686,30696,10
12.9909601212,80.2141494751,30696,30706,10
12.991060257,80.2137985229,30706,30716,10
12.9911603928,80.2134094238,30716,30726,10
12.9912996292,80.2129135132,30726,30736,10
12.991519928,80.2126464844,30736,30767,31
12.991519928,80.2126464844,30767,30777,10
12.9918203354,80.2127304077,30777,30787,10
12.9922704697,80.2128372192,30787,30797,10
12.9927597046,80.2129898071,30797,30807,10
12.992939949,80.2128601074,30807,30827,20
12.992939949,80.2128601074,30827,30837,10
12.9930095673,80.212562561,30837,30848,11
12.9931297302,80.212097168,30848,30858,10
12.993229866,80.2116394043,30858,30868,10
12.9933595657,80.2110595703,30868,30878,10
12.9935598373,80.2103881836,30878,30938,60
12.9935598373,80.2103881836,30938,30949,11
12.9938697815,80.2100830078,30949,30979,30
12.9938697815,80.2100830078,30979,30989,10
12.9940700531,80.2101211548,30989,30999,10
12.9943799973,80.2101364136,30999,31009,10
12.9947299957,80.2101669312,31009,31019,10
12.9948997498,80.2101821899,31019,31029,10
12.9952402115,80.2101974487,31029,31039,10
12.9952898026,80.2102127075,31039,31050,11
12.995639801,80.2102508545,31050,31060,10
12.9960603714,80.2102890015,31060,31070,10
12.9965496063,80.2103500366,31070,31080,10
12.9971599579,80.2104415894,31080,31130,50
12.9971599579,80.2104415894,31130,31141,11
12.9974899292,80.2101593018,31141,31151,10
12.9976196289,80.2098236084,31151,31167,16
12.9981098175,80.2091217041,31167,31179,12
12.9982099533,80.2085266113,31179,31189,10
12.9982795715,80.2081298828,31189,31197,8
12.9983100891,80.2079620361,31197,31209,12
12.9983797073,80.2074737549,31209,31219,10
12.9986000061,80.2074432373,31219,31240,21
12.9986000061,80.2074432373,31240,31250,10
12.9987697601,80.2074432373,31250,31260,10
12.9991397858,80.2075271606,31260,31270,10
12.9994602203,80.2075881958,31270,31280,10
13.0000200272,80.2077026367,31280,31290,10
13.0006904602,80.207862854,31290,31300,10
13.0012903214,80.2081375122,31300,31310,10
13.0020999908,80.2085494995,31310,31320,10
13.0029096603,80.2089920044,31320,31330,10
13.0034999847,80.2093276978,31330,31341,11
13.0035200119,80.2097167969,31341,31351,10
13.0035800934,80.2099761963,31351,31360,9
13.0036401749,80.2103500366,31360,31371,11
13.0037202835,80.2109985352,31371,31381,10
13.0037603378,80.2115478516,31381,31391,10
13.0041704178,80.2120819092,31391,31411,20
13.0041704178,80.2120819092,31411,31421,10
13.0042495728,80.2121429443,31421,31431,10
13.0045900345,80.2123031616,31431,31442,11
13.0051202774,80.2125930786,31442,31452,10
13.0058603287,80.2129211426,31452,31462,10
13.0065603256,80.2127075195,31462,31472,10
13.0071897507,80.2127609253,31472,31482,10
13.0077104568,80.2128601074,31482,31573,91
13.0077104568,80.2128601074,31573,31583,10
13.0079698563,80.2131271362,31583,31593,10
13.0083599091,80.2133178711,31593,31603,10
13.0088396072,80.2137985229,31603,31613,10
13.0093603134,80.2144775391,31613,31623,10
13.0097198486,80.2150115967,31623,31634,11
13.0101299286,80.215637207,31634,31644,10
13.0107002258,80.2164077759,31644,31654,10
13.0109596252,80.2171020508,31654,31664,10
13.0112695694,80.2177886963,31664,31674,10
13.0115604401,80.2185821533,31674,31684,10
13.0118503571,80.2194519043,31684,31694,10
13.0122404099,80.2206115723,31694,31721,27
13.0122404099,80.2206115723,31721,31733,12
13.0123100281,80.2208633423,31733,31743,10
13.0124998093,80.2213134766,31743,31753,10
13.0126800537,80.2216033936,31753,31761,8
13.0129003525,80.2219161987,31761,31773,12
13.0132904053,80.2222671509,31773,31783,10
13.0136499405,80.2227783203,31783,31793,10
13.013999939,80.2232208252,31793,31803,10
13.0141801834,80.2234420776,31803,31813,10
13.0143404007,80.2236785889,31813,31824,11
13.0146198273,80.2240219116,31824,31834,10
13.0150995255,80.2246170044,31834,31844,10
13.0154800415,80.224899292,31844,31864,20
13.0154800415,80.224899292,31864,31874,10
13.0155601501,80.2249984741,31874,31884,10
13.0157804489,80.2252120972,31884,31894,10
13.0162200928,80.2253036499,31894,31904,10
13.0168304443,80.2251586914,31904,31914,10
13.0176496506,80.2248382568,31914,31925,11
13.0184497833,80.2245178223,31925,31935,10
13.018989563,80.2243423462,31935,31945,10
13.0191898346,80.2243423462,31945,31955,10
13.0194301605,80.224357605,31955,31965,10
13.019659996,80.2244873047,31965,31975,10
13.0200395584,80.2247390747,31975,31985,10
13.0204696655,80.2250518799,31985,31995,10
13.020819664,80.2253265381,31995,32005,10
13.0211296082,80.2256011963,32005,32016,11
13.0216197968,80.2259368896,32016,32026,10
13.02202034,80.2261962891,32026,32036,10
13.0220499039,80.2262191772,32036,32046,10
13.0221004486,80.2262191772,32046,32056,10
13.0223703384,80.2264633179,32056,32066,10
13.0228004456,80.226852417,32066,32076,10
13.023229599,80.2272796631,32076,32086,10
13.023639679,80.2276229858,32086,32096,10
13.023900032,80.2278594971,32096,32106,10
13.0242099762,80.2282028198,32106,32117,11
13.0243701935,80.2284317017,32117,32127,10
13.0246400833,80.2288208008,32127,32137,10
13.0248498917,80.229133606,32137,32147,10
13.0251398087,80.2294921875,32147,32157,10
13.0254402161,80.2298812866,32157,32167,10
13.0256996155,80.2302474976,32167,32205,38
13.0256996155,80.2302474976,32205,32216,11
13.025850296,80.2305603027,32216,32225,9
13.0259304047,80.2307510376,32225,32236,11
13.0260095596,80.2310409546,32236,32246,10
13.0260601044,80.2313613892,32246,32256,10
13.0266199112,80.2312164307,32256,32266,10
13.0275001526,80.2309875488,32266,32276,10
13.0284700394,80.2308578491,32276,32296,20
13.0284700394,80.2308578491,32296,32306,10
13.0288496017,80.2308578491,32306,32317,11
13.0293798447,80.2307815552,32317,32338,21
13.0293798447,80.2307815552,32338,32348,10
13.0296897888,80.2307510376,32348,32358,10
13.0302400589,80.23072052,32358,32368,10
13.0305995941,80.230682373,32368,32378,10
13.0308103561,80.2306671143,32378,32388,10
13.031370163,80.2306213379,32388,32398,10
13.0322799683,80.2305526733,32398,32409,11
13.0333299637,80.23046875,32409,32425,16
13.0345001221,80.2303237915,32425,32477,52
13.0345001221,80.2303237915,32477,32487,10
13.0347204208,80.2302398682,32487,32497,10
13.0350198746,80.2300262451,32497,32508,11
13.0350503922,80.2298202515,32508,32518,10
13.0349302292,80.2298126221,32518,32528,10
13.034330368,80.2297515869,32528,32568,40
13.034330368,80.2297515869,32568,32578,10
13.0342597961,80.2300872803,32578,32720,142
13.0342597961,80.2300872803,32720,32730,10
13.0338401794,80.2304077148,32730,32740,10
13.033539772,80.2304534912,32740,32750,10
13.0335102081,80.2304534912,32750,32760,10
13.0333404541,80.2304382324,32760,32770,10
13.0328798294,80.2304916382,32770,32780,10
13.0321903229,80.2305831909,32780,32790,10
13.031370163,80.2306289673,32790,32801,11
13.0307397842,80.230682373,32801,32811,10
13.0301504135,80.2307510376,32811,32820,9
13.0299196243,80.230796814,32820,32831,11
13.029800415,80.2308425903,32831,32841,10
13.0296802521,80.2308502197,32841,32851,10
13.0292701721,80.2309036255,32851,32861,10
13.0284900665,80.2310028076,32861,32871,10
13.0278396606,80.2310409546,32871,32881,10
13.0277204514,80.231300354,32881,32892,11
13.027759552,80.2319335938,32892,32902,10
13.0278596878,80.2324829102,32902,32912,10
13.0277500153,80.2328414917,32912,32922,10
13.0271501541,80.2329330444,32922,32932,10
13.0269002914,80.2329483032,32932,32942,10
13.0264997482,80.2329101563,32942,32952,10
13.026260376,80.2323989868,32952,32962,10
13.0260896683,80.2318191528,32962,32972,10
13.0259504318,80.2311935425,32972,32982,10
13.0256204605,80.2303237915,32982,32993,11
13.0253601074,80.2299423218,32993,33003,10
13.0252399445,80.2297821045,33003,33013,10
13.0249795914,80.2294311523,33013,33023,10
13.0248403549,80.2292633057,33023,33033,10
13.0246601105,80.2290420532,33033,33043,10
13.0244998932,80.228843689,33043,33053,10
13.0242004395,80.2284317017,33053,33063,10
13.023639679,80.2277679443,33063,33073,10
13.0230703354,80.2274398804,33073,33094,21
13.0230703354,80.2274398804,33094,33104,10
13.0228004456,80.2272567749,33104,33114,10
13.0225896835,80.2268829346,33114,33124,10
13.0222196579,80.2265167236,33124,33134,10
13.0218200684,80.2261810303,33134,33144,10
13.0213403702,80.2257919312,33144,33154,10
13.0207700729,80.2253799438,33154,33164,10
13.0203199387,80.2250976563,33164,33174,10
13.0202503204,80.2250366211,33174,33184,10
13.0199804306,80.224861145,33184,33195,11
13.0194597244,80.2245635986,33195,33211,16
13.0179300308,80.2248764038,33211,33223,12
13.01679039,80.2253417969,33223,33233,10
13.0160703659,80.2256164551,33233,33243,10
13.0154895782,80.2258224487,33243,33253,10
13.0149803162,80.2260513306,33253,33263,10
13.014960289,80.22605896,33263,33273,10
13.0149402618,80.22605896,33273,33284,11
13.0144395828,80.2262573242,33284,33303,19
13.0144395828,80.2262573242,33303,33313,10
13.0141601563,80.226348877,33313,33324,11
13.0136404037,80.2265396118,33324,33334,10
13.0128803253,80.2267990112,33334,33344,10
13.012049675,80.2271194458,33344,33354,10
13.0111398697,80.2274780273,33354,33364,10
13.0102796555,80.2277984619,33364,33374,10
13.0095701218,80.2277908325,33374,33384,10
13.0096902847,80.2272033691,33384,33395,11
13.0100498199,80.2264022827,33395,33405,10
13.0103597641,80.2256622314,33405,33415,10
13.0105199814,80.225227356,33415,33425,10
13.0105304718,80.2251815796,33425,33435,10
13.0106401443,80.2249298096,33435,33445,10
13.0108699799,80.2243728638,33445,33455,10
13.0112400055,80.2234573364,33455,33486,31
13.0112400055,80.2234573364,33486,33496,10
13.0114202499,80.22315979,33496,33506,10
13.0116300583,80.2225494385,33506,33516,10
13.011879921,80.2218017578,33516,33526,10
13.0120801926,80.2212295532,33526,33536,10
13.012049675,80.2207107544,33536,33546,10
13.0118703842,80.2199478149,33546,33556,10
13.011590004,80.2191619873,33556,33566,10
13.0113296509,80.2183837891,33566,33577,11
13.0109796524,80.2174987793,33577,33587,10
13.0106401443,80.2166976929,33587,33597,10
13.0101900101,80.2159576416,33597,33607,10
13.0098104477,80.2151870728,33607,33617,10
13.009469986,80.2147064209,33617,33627,10
13.0092897415,80.2144699097,33627,33637,10
13.0092000961,80.2143325806,33637,33647,10
13.0091400146,80.2142715454,33647,33657,10
13.009059906,80.2141189575,33657,33678,21
13.009059906,80.2141189575,33678,33688,10
13.0089597702,80.2139663696,33688,33708,20
13.0089597702,80.2139663696,33708,33718,10
13.0088396072,80.2138137817,33718,33728,10
13.0087003708,80.2136688232,33728,33799,71
13.0087003708,80.2136688232,33799,33809,10
13.0082702637,80.2133636475,33809,33849,40
13.0082702637,80.2133636475,33849,33859,10
13.0080404282,80.2132415771,33859,33880,21
13.0080404282,80.2132415771,33880,33890,10
13.0078201294,80.2130889893,33890,33900,10
13.0075998306,80.2129135132,33900,33910,10
13.0074396133,80.2128372192,33910,33920,10
13.007229805,80.2127838135,33920,33930,10
13.0069503784,80.2127609253,33930,33940,10
13.0065002441,80.2127609253,33940,33950,10
13.0058603287,80.2129821777,33950,33959,9
13.0051803589,80.2125930786,33959,33971,12
13.0043201447,80.2121582031,33971,33981,10
13.0037603378,80.2118911743,33981,33991,10
13.0037202835,80.2117233276,33991,34001,10
13.0037097931,80.2114028931,34001,34011,10
13.0036201477,80.2106933594,34011,34021,10
13.0034999847,80.2098999023,34021,34031,10
13.0034399033,80.2093429565,34031,34041,10
13.0030202866,80.2090988159,34041,34051,10
13.0023803711,80.2087402344,34051,34062,11
13.0016498566,80.2083435059,34062,34072,10
13.0010204315,80.2080230713,34072,34082,10
13.0005502701,80.2078094482,34082,34092,10
13.0002002716,80.2077331543,34092,34102,10
13.0000095367,80.2076873779,34102,34112,10
12.9995603561,80.2075881958,34112,34122,10
12.9991397858,80.2075195313,34122,34132,10
12.9985103607,80.2074127197,34132,34152,20
12.9985103607,80.2074127197,34152,34163,11
12.9984102249,80.2078170776,34163,34173,10
12.9983196259,80.2083206177,34173,34183,10
12.9982795715,80.2084884644,34183,34193,10
12.9982204437,80.2089614868,34193,34203,10
12.9979400635,80.2093276978,34203,34213,10
12.9977397919,80.2097396851,34213,34223,10
12.9975299835,80.2101898193,34223,34233,10
12.9973897934,80.2104568481,34233,34243,10
12.997300148,80.2104721069,34243,34254,11
12.9970197678,80.2104034424,34254,34264,10
12.9966001511,80.2103424072,34264,34274,10
12.9961204529,80.2103118896,34274,34284,10
12.995639801,80.2102584839,34284,34294,10
12.9952602386,80.2102203369,34294,34304,10
12.9949197769,80.2101974487,34304,34314,10
12.9945802689,80.2101669312,34314,34324,10
12.9944000244,80.2101669312,34324,34334,10
12.9939098358,80.2101287842,34334,34355,21
12.9939098358,80.2101287842,34355,34365,10
12.9936800003,80.2101364136,34365,34375,10
12.9936504364,80.2101821899,34375,34385,10
12.9935798645,80.2103805542,34385,34395,10
12.9935102463,80.2109985352,34395,34405,10
12.9933700562,80.2115402222,34405,34415,10
12.9932203293,80.2122116089,34415,34425,10
12.9930496216,80.2128295898,34425,34435,10
12.9928703308,80.2129898071,34435,34445,10
12.9927597046,80.2129592896,34445,34456,11
12.9922399521,80.2128067017,34456,34466,10
12.9916801453,80.2126693726,34466,34476,10
12.9915895462,80.2126464844,34476,34486,10
12.9914302826,80.2126235962,34486,34496,10
12.9912900925,80.212928772,34496,34506,10
12.9911403656,80.2135162354,34506,34516,10
12.9910297394,80.2139663696,34516,34526,10
12.9906902313,80.2145690918,34526,34536,10
12.9900598526,80.2148284912,34536,34546,10
12.9893798828,80.2146682739,34546,34557,11
12.989279747,80.2147216797,34557,34567,10
12.9890203476,80.2150115967,34567,34577,10
12.9886798859,80.2155532837,34577,34587,10
12.9881896973,80.2162704468,34587,34597,10
12.9878501892,80.2171096802,34597,34607,10
12.9876003265,80.217880249,34607,34616,9
12.9875097275,80.2182235718,34616,34627,11
12.9874296188,80.2183837891,34627,34637,10
12.9872198105,80.2183532715,34637,34648,11
12.987039566,80.2182769775,34648,34658,10
12.9864797592,80.2181167603,34658,34668,10
12.9855604172,80.2179336548,34668,34678,10
12.9846801758,80.217918396,34678,34688,10
12.9842100143,80.217956543,34688,34698,10
12.9841604233,80.217956543,34698,34708,10
12.9840202332,80.2179489136,34708,34718,10
12.9836797714,80.2179489136,34718,34728,10
12.9833498001,80.2179489136,34728,34738,10
12.9826402664,80.2179412842,34738,34749,11
12.9816799164,80.2179794312,34749,34759,10
12.9808197021,80.2182312012,34759,34769,10
12.9801101685,80.21849823,34769,34779,10
12.9795198441,80.21875,34779,34789,10
12.9788799286,80.2190170288,34789,34799,10
12.9783296585,80.2192611694,34799,34809,10
12.9774799347,80.2195968628,34809,34819,10
12.976559639,80.2199707031,34819,34829,10
12.975859642,80.2202224731,34829,34839,10
12.9756002426,80.2205734253,34839,34870,31
12.9756002426,80.2205734253,34870,34880,10
12.9757404327,80.2209396362,34880,35042,162
12.975979805,80.2212219238,35042,35537,495
12.975979805,80.2212219238,35537,35547,10
12.9760904312,80.2213973999,35547,35557,10
12.9762601852,80.2216720581,35557,35567,10
12.976559639,80.2221832275,35567,35577,10
12.976940155,80.2227401733,35577,35587,10
12.9773597717,80.2227172852,35587,35597,10
12.977519989,80.2223892212,35597,35607,10
12.9774999619,80.2218399048,35607,35617,10
12.9774599075,80.2213363647,35617,35628,11
12.9769697189,80.221282959,35628,35638,10
12.9762401581,80.221282959,35638,35648,10
12.9759397507,80.2212371826,35648,35658,10
12.9759302139,80.2212295532,35658,35668,10
12.9755897522,80.2209396362,35668,35698,30
12.9755897522,80.2209396362,35698,35708,10
12.9755401611,80.2208709717,35708,35718,10
12.9753303528,80.2207183838,35718,35729,11
12.9754295349,80.2205734253,35729,35739,10
12.9755296707,80.220451355,35739,35749,10
12.9756498337,80.2203216553,35749,35759,10
12.9757699966,80.2202224731,35759,35769,10
12.9761896133,80.2200317383,35769,35779,10
12.9769096375,80.2197113037,35779,35789,10
12.9778003693,80.2193222046,35789,35799,10
12.9785299301,80.2190475464,35799,35809,10
12.9790401459,80.2188415527,35809,35820,11
12.979809761,80.2185516357,35820,35830,10
12.9804201126,80.2182998657,35830,35840,10
12.9811897278,80.2180175781,35840,35850,10
12.9820404053,80.2178268433,35850,35860,10
12.9826002121,80.2177963257,35860,35870,10
12.9833698273,80.2177886963,35870,35880,10
12.983710289,80.2178192139,35880,35890,10
12.9837398529,80.2178573608,35890,35900,10
12.9840602875,80.2178573608,35900,35910,10
12.9844503403,80.2178268433,35910,35921,11
12.9852199554,80.2178192139,35921,35931,10
12.986120224,80.2179412842,35931,35941,10
12.9869804382,80.2181396484,35941,35951,10
12.9873600006,80.218170166,35951,35961,10
12.9874095917,80.2181777954,35961,35971,10
12.9875602722,80.2179031372,35971,35981,10
12.987739563,80.2173233032,35981,35991,10
12.9877595901,80.2172698975,35991,36001,10
12.9877796173,80.2171936035,36001,36011,10
12.9879598618,80.2167282104,36011,36022,11
12.988360405,80.215927124,36022,36032,10
12.9888296127,80.2152709961,36032,36042,10
12.9892196655,80.2146835327,36042,36052,10
12.9893598557,80.2146530151,36052,36062,10
12.9894104004,80.2146682739,36062,36072,10
12.9898395538,80.2147903442,36072,36082,10
12.9905595779,80.2146224976,36082,36092,10
12.990940094,80.2141189575,36092,36102,10
12.9910802841,80.2136001587,36102,36113,11
12.9911804199,80.2132034302,36113,36123,10
12.9916400909,80.2126464844,36123,36153,30
12.9916400909,80.2126464844,36153,36163,10
12.9918203354,80.2126922607,36163,36173,10
12.9923400879,80.2128372192,36173,36183,10
12.9928398132,80.2129898071,36183,36193,10
12.9929504395,80.2128829956,36193,36203,10
12.9930400848,80.2124786377,36203,36214,11
12.9931898117,80.2118682861,36214,36224,10
12.9933595657,80.2111587524,36224,36240,16
12.9935503006,80.2104110718,36240,36252,12
12.9935798645,80.2101135254,36252,36262,10
12.9938001633,80.2100296021,36262,36282,20
12.9938001633,80.2100296021,36282,36292,10
12.99421978,80.2100982666,36292,36302,10
12.9946298599,80.2101364136,36302,36313,11
12.9950704575,80.2101821899,36313,36323,10
12.995349884,80.2101974487,36323,36333,10
12.9957704544,80.2102432251,36333,36343,10
12.9962902069,80.2102966309,36343,36353,10
12.996339798,80.2103118896,36353,36363,10
12.9964799881,80.210319519,36363,36373,10
12.996919632,80.2103805542,36373,36383,10
12.9972200394,80.2104187012,36383,36393,10
12.9973802567,80.2104034424,36393,36403,10
12.9975099564,80.2100296021,36403,36414,11
12.9976596832,80.2096328735,36414,36424,10
12.9977397919,80.2095031738,36424,36434,10
12.998049736,80.2091369629,36434,36444,10
12.998169899,80.208656311,36444,36454,10
12.9982500076,80.2081604004,36454,36464,10
12.9983196259,80.2078933716,36464,36474,10
12.9983797073,80.2075195313,36474,36484,10
12.99862957,80.2073898315,36484,36505,21
12.99862957,80.2073898315,36505,36515,10
12.9989099503,80.2074813843,36515,36525,10
12.9992799759,80.2075424194,36525,36535,10
12.9997797012,80.207649231,36535,36545,10
13.0002698898,80.2077178955,36545,36561,16
13.0012903214,80.2080917358,36561,36573,12
13.0020999908,80.2085037231,36573,36581,8
13.0026502609,80.2088012695,36581,36593,12
13.0034103394,80.209197998,36593,36603,10
13.0034999847,80.209487915,36603,36614,11
13.0036096573,80.2098999023,36614,36624,10
13.0037002563,80.2104568481,36624,36634,10
13.0037603378,80.2111968994,36634,36644,10
13.0041503906,80.2119979858,36644,36663,19
13.0041503906,80.2119979858,36663,36673,10
13.0043201447,80.2120819092,36673,36684,11
13.0046701431,80.2122421265,36684,36694,10
13.0051698685,80.2125473022,36694,36705,11
13.0059099197,80.212890625,36705,36715,10
13.0064697266,80.2126922607,36715,36725,10
13.0070400238,80.2126998901,36725,36735,10
13.0076599121,80.2127914429,36735,36775,40
13.0078001022,80.2129211426,36775,36846,71
13.0078001022,80.2129211426,36846,36856,10
13.0082101822,80.2132720947,36856,36866,10
13.0087404251,80.2136535645,36866,36876,10
13.0092496872,80.21434021,36876,36886,10
13.0096302032,80.2149124146,36886,36897,11
13.0099802017,80.2153625488,36897,36907,10
13.0103998184,80.2158813477,36907,36917,10
13.0107603073,80.2165985107,36917,36927,10
13.0110797882,80.2173309326,36927,36937,10
13.0113201141,80.2179718018,36937,36947,10
13.0117197037,80.2190628052,36947,36957,10
13.0120201111,80.2199325562,36957,36967,10
13.0122404099,80.2204971313,36967,36977,10
13.0122499466,80.2205429077,36977,36987,10
13.0123500824,80.2209320068,36987,36998,11
13.0125398636,80.2213516235,36998,37008,10
13.0128202438,80.2217407227,37008,37018,10
13.0131998062,80.2221298218,37018,37028,10
13.0135202408,80.2225570679,37028,37038,10
13.013879776,80.2230377197,37038,37048,10
13.0141496658,80.2233810425,37048,37058,10
13.0143699646,80.2236633301,37058,37068,10
13.0146398544,80.2240066528,37068,37078,10
13.0150299072,80.2244873047,37078,37088,10
13.015370369,80.2248535156,37088,37099,11
13.01541996,80.2248764038,37099,37109,10
13.0155200958,80.2249679565,37109,37119,10
13.0156402588,80.2250900269,37119,37129,10
13.0159797668,80.2253036499,37129,37139,10
13.0165596008,80.2252807617,37139,37149,10
13.0172195435,80.2249984741,37149,37159,10
13.0175504684,80.2248535156,37159,37169,10
13.0178403854,80.2247314453,37169,37179,10
13.0180997849,80.2246170044,37179,37190,11
13.0184602737,80.2244720459,37190,37200,10
13.0187101364,80.2243728638,37200,37210,10
13.0188503265,80.2243118286,37210,37220,10
13.018989563,80.2242584229,37220,37230,10
13.019080162,80.2242507935,37230,37240,10
13.0192203522,80.2242507935,37240,37250,10
13.0195198059,80.2243270874,37250,37270,20
13.0195198059,80.2243270874,37270,37280,10
13.0197896957,80.2245407104,37280,37291,11
13.0201301575,80.2248001099,37291,37301,10
13.0204801559,80.2250289917,37301,37331,30
13.0204801559,80.2250289917,37331,37341,10
13.0206203461,80.225151062,37341,37351,10
13.0208501816,80.2253189087,37351,37361,10
13.0211496353,80.2255630493,37361,37371,10
13.021320343,80.2257537842,37371,37381,10
13.0215702057,80.2259063721,37381,37392,11
13.0218095779,80.2260513306,37392,37402,10
13.0218296051,80.22605896,37402,37412,10
13.021900177,80.2260818481,37412,37422,10
13.0221099854,80.2262268066,37422,37432,10
13.0223703384,80.2264633179,37432,37442,10
13.0227003098,80.2267608643,37442,37452,10
13.0228595734,80.2269287109,37452,37462,10
13.0229797363,80.2270507813,37462,37472,10
13.0230903625,80.227180481,37472,37482,10
13.0232400894,80.2273483276,37482,37493,11
13.0235300064,80.2275924683,37493,37533,40
13.0235300064,80.2275924683,37533,37543,10
13.0238895416,80.2278366089,37543,37553,10
13.0242204666,80.228187561,37553,37563,10
13.024310112,80.2283401489,37563,37573,10
13.0244598389,80.2285614014,37573,37590,17
13.024769783,80.2290115356,37590,37602,12
13.0250997543,80.2294616699,37602,37610,8
13.025349617,80.2297363281,37610,37622,12
13.0256004333,80.2300567627,37622,37631,9
13.025759697,80.2303390503,37631,37642,11
13.0258903503,80.2305908203,37642,37652,10
13.0259504318,80.2308120728,37652,37662,10
13.0260095596,80.2310562134,37662,37672,10
13.0261802673,80.231300354,37672,37683,11
13.0267896652,80.2311477661,37683,37693,10
13.0276002884,80.2309494019,37693,37703,10
13.0285396576,80.2308425903,37703,37723,20
13.0285396576,80.2308425903,37723,37733,10
13.0287303925,80.2308502197,37733,37743,10
13.0289402008,80.2308425903,37743,37753,10
13.0291996002,80.2308273315,37753,37762,9
13.029419899,80.230796814,37762,37773,11
13.0297203064,80.2307434082,37773,37783,10
13.0299797058,80.2307434082,37783,37794,11
13.0304899216,80.230682373,37794,37803,9
13.0307302475,80.2306594849,37803,37812,9
13.0309696198,80.2306518555,37812,37824,12
13.0313997269,80.2306137085,37824,37833,9
13.0317201614,80.2306213379,37833,37844,11
13.0324602127,80.2305374146,37844,37885,41
13.0324602127,80.2305374146,37885,37895,10
13.0326795578,80.2305374146,37895,37905,10
13.032959938,80.2305221558,37905,37915,10
13.0332803726,80.2304992676,37915,37925,10
13.0333595276,80.2304763794,37925,37935,10
13.0336799622,80.23046875,37935,37945,10
13.0341396332,80.230430603,37945,37955,10
13.0343799591,80.2303924561,37955,37965,10
13.0347003937,80.2303009033,37965,37976,11
13.0350704193,80.229888916,37976,38006,30
13.0350704193,80.229888916,38006,38016,10
13.0350599289,80.2297973633,38016,38026,10
13.0348396301,80.2297897339,38026,38036,10
13.0344600677,80.2297286987,38036,38046,10
13.0342998505,80.2296981812,38046,38056,10
13.0342302322,80.2297973633,38056,38066,10
13.0342197418,80.2300415039,38066,38178,112
13.0342197418,80.2300415039,38178,38188,10
13.0342302322,80.2303314209,38188,38198,10
13.0340795517,80.2304229736,38198,38208,10
13.0335197449,80.2304534912,38208,38218,10
13.0328502655,80.2304916382,38218,38228,10
13.0321798325,80.2305831909,38228,38238,10
13.0316200256,80.2306365967,38238,38248,10
13.0310602188,80.2306976318,38248,38269,21
13.0310602188,80.2306976318,38269,38279,10
13.030790329,80.2307128906,38279,38289,10
13.0303401947,80.2307434082,38289,38299,10
13.0299396515,80.230796814,38299,38309,10
13.0297498703,80.2308425903,38309,38319,10
13.0294103622,80.2308807373,38319,38329,10
13.0289897919,80.2309188843,38329,38339,10
13.028550148,80.2309494019,38339,38349,10
13.0279502869,80.2310028076,38349,38380,31
13.0279502869,80.2310028076,38380,38390,10
13.0276699066,80.2312011719,38390,38400,10
13.0277004242,80.2315826416,38400,38410,10
13.0277204514,80.2317810059,38410,38420,10
13.0277500153,80.2320404053,38420,38430,10
13.0277700424,80.2322006226,38430,38440,10
13.0278301239,80.2323989868,38440,38501,61
13.0278301239,80.2323989868,38501,38511,10
13.0279102325,80.2326889038,38511,38521,10
13.0277395248,80.2328414917,38521,38531,10
13.0274896622,80.2328567505,38531,38541,10
13.0271196365,80.2329406738,38541,38572,31
13.0271196365,80.2329406738,38572,38582,10
13.0267601013,80.2329711914,38582,38713,131
13.0267601013,80.2329711914,38713,38723,10
13.0266304016,80.2330169678,38723,38733,10
13.0263500214,80.2328262329,38733,38743,10
13.0261802673,80.2322769165,38743,38754,11
13.0260601044,80.2318878174,38754,38764,10
13.0259199142,80.2313613892,38764,38774,10
13.0256900787,80.2306213379,38774,38784,10
13.0251197815,80.2297286987,38784,38794,10
13.0247097015,80.2292022705,38794,38804,10
13.0246400833,80.2291030884,38804,38814,10
13.0245800018,80.2290420532,38814,38824,10
13.0243196487,80.2287216187,38824,38834,10
13.0238704681,80.2281570435,38834,38844,10
13.0234098434,80.2276687622,38844,38855,11
13.0230398178,80.227432251,38855,38875,20
13.0230398178,80.227432251,38875,38885,10
13.0229196548,80.2273635864,38885,38895,10
13.0226802826,80.2270507813,38895,38905,10
13.022600174,80.226890564,38905,38915,10
13.0223398209,80.2266235352,38915,38925,10
13.0218000412,80.2261734009,38925,38935,10
13.0211400986,80.2256698608,38935,38945,10
13.0204496384,80.225189209,38945,38956,11
13.0197896957,80.2247390747,38956,38966,10
13.0190000534,80.2245025635,38966,38976,10
13.0180702209,80.2247695923,38976,38986,10
13.0169401169,80.2252197266,38986,38995,9
13.0163202286,80.2254714966,38995,39006,11
13.0157299042,80.225692749,39006,39016,10
13.014960289,80.2260131836,39016,39026,10
13.0144901276,80.2262191772,39026,39036,10
13.0144701004,80.2262268066,39036,39046,10
13.0142698288,80.2263031006,39046,39057,11
13.013759613,80.2264633179,39057,39067,10
13.0130395889,80.2266769409,39067,39077,10
13.0121498108,80.2270431519,39077,39087,10
13.0110998154,80.2274475098,39087,39097,10
13.0100402832,80.2278594971,39097,39107,10
13.009519577,80.2275695801,39107,39117,10
13.0098495483,80.2268295288,39117,39127,10
13.0102996826,80.2258300781,39127,39137,10
13.0107803345,80.2247924805,39137,39148,11
13.0111303329,80.2238464355,39148,39158,10
13.0113296509,80.2234191895,39158,39168,10
13.0115804672,80.2227478027,39168,39178,10
13.0118598938,80.2219390869,39178,39188,10
13.0120897293,80.2212371826,39188,39198,10
13.0119895935,80.2206115723,39198,39208,10
13.0117502213,80.2198562622,39208,39217,9
13.0114898682,80.2191085815,39217,39227,10
13.0111398697,80.2181167603,39227,39238,11
13.0107803345,80.2171783447,39238,39249,11
13.0103998184,80.2162780762,39249,39259,10
13.010020256,80.2155990601,39259,39269,10
13.0096597672,80.2149963379,39269,39279,10
13.0093002319,80.2145309448,39279,39289,10
13.0088996887,80.214012146,39289,39299,10
13.0087203979,80.2137527466,39299,39309,10
13.0085201263,80.2135391235,39309,39329,20
13.0083398819,80.213432312,39329,39350,21
13.0083398819,80.213432312,39350,39360,10
13.0081996918,80.2133712769,39360,39400,40
13.0081996918,80.2133712769,39400,39410,10
13.0079298019,80.2132034302,39410,39420,10
13.0078001022,80.2130737305,39420,39430,10
13.0074100494,80.2128601074,39430,39441,11
13.0068397522,80.2127685547,39441,39451,10
13.0061798096,80.2128829956,39451,39461,10
13.0053901672,80.2127609253,39461,39471,10
13.0046300888,80.2123184204,39471,39481,10
13.0039901733,80.212097168,39481,39491,10
13.0036802292,80.2119216919,39491,39501,10
13.003660202,80.2115707397,39501,39511,10
13.0036001205,80.2109222412,39511,39521,10
13.0035400391,80.2102584839,39521,39531,10
13.0034999847,80.2095718384,39531,39542,11
13.0033302307,80.2092666626,39542,39552,10
13.0027303696,80.2089385986,39552,39562,10
13.0018701553,80.2084884644,39562,39572,10
13.0010099411,80.2080383301,39572,39582,10
13.0003595352,80.2077789307,39582,39592,10
12.9997596741,80.2076873779,39592,39602,10
12.9992904663,80.2076034546,39602,39612,10
12.9988498688,80.2075119019,39612,39622,10
12.9984302521,80.2074203491,39622,39632,10
12.9983901978,80.2075119019,39632,39643,11
12.998339653,80.2078933716,39643,39653,10
12.9982204437,80.2084579468,39653,39663,10
12.998169899,80.2089233398,39663,39673,10
12.9979000092,80.2092971802,39673,39683,10
12.9976396561,80.2098388672,39683,39693,10
12.9973897934,80.2103805542,39693,39703,10
12.997179985,80.2104187012,39703,39713,10
12.9968299866,80.2104110718,39713,39723,10
12.9961996078,80.2103424072,39723,39734,11
12.9955997467,80.2102584839,39734,39744,10
12.9954204559,80.2102432251,39744,39754,10
12.9951200485,80.2102279663,39754,39764,10
12.9946603775,80.2101821899,39764,39774,10
12.994310379,80.2101364136,39774,39784,10
12.9941396713,80.2101364136,39784,39794,10
12.9938402176,80.2101287842,39794,39804,10
12.9937095642,80.2101135254,39804,39814,10
12.9935998917,80.2102279663,39814,39824,10
12.9934797287,80.2107620239,39824,39835,11
12.9933099747,80.2114868164,39835,39845,10
12.9932098389,80.2118988037,39845,39855,10
12.9930295944,80.2125701904,39855,39865,10
12.9928398132,80.2129898071,39865,39875,10
12.9925403595,80.2129516602,39875,39885,10
12.9919099808,80.2127685547,39885,39895,10
12.991519928,80.212677002,39895,39905,10
12.991399765,80.2126617432,39905,39915,10
12.9912595749,80.2129898071,39915,39925,10
12.9911203384,80.213470459,39925,39936,11
12.9909601212,80.2140808105,39936,39946,10
12.9904699326,80.2147293091,39946,39956,10
12.9896697998,80.2147979736,39956,39966,10
12.9892101288,80.2146911621,39966,39976,10
12.9890003204,80.2150115967,39976,39986,10
12.9886302948,80.2155838013,39986,39996,10
12.9881801605,80.2162017822,39996,40006,10
12.9878501892,80.2169876099,40006,40016,10
12.9876203537,80.2176818848,40016,40026,10
12.9874601364,80.2181625366,40026,40037,11
12.9874401093,80.2182235718,40037,40047,10
12.9872903824,80.2183609009,40047,40057,10
12.9871702194,80.2183303833,40057,40067,10
12.9869604111,80.2182769775,40067,40077,10
12.9863195419,80.2181091309,40077,40087,10
12.9853801727,80.2179412842,40087,40097,10
12.9845104218,80.217956543,40097,40107,10
12.9837999344,80.2179718018,40107,40117,10
12.9829101563,80.217956543,40117,40128,11
12.9818296432,80.2179718018,40128,40138,10
12.9809999466,80.2181777954,40138,40148,10
12.9806604385,80.2183227539,40148,40158,10
12.9803600311,80.2183990479,40158,40168,10
12.9797401428,80.2186431885,40168,40178,10
12.979060173,80.2189178467,40178,40187,9
12.9786701202,80.2191009521,40187,40197,10
12.9779195786,80.2194137573,40197,40208,11
12.9768104553,80.2198562622,40208,40218,10
12.9758195877,80.2202835083,40218,40229,11
12.9755001068,80.2206192017,40229,40239,10
12.9758396149,80.2210235596,40239,40279,40
12.9758996964,80.2211608887,40279,40916,637
12.9758996964,80.2211608887,40916,40926,10
12.975979805,80.2213363647,40926,40936,10
12.9762096405,80.2216796875,40936,40946,10
12.9764995575,80.2221069336,40946,40956,10
12.9767198563,80.2224578857,40956,40966,10
12.9767999649,80.2225875854,40966,40976,10
12.9768896103,80.2227401733,40976,40986,10
12.977060318,80.2227783203,40986,40996,10
12.9772701263,80.2227172852,40996,41006,10
12.9774904251,80.2225036621,41006,41017,11
12.9774703979,80.2218780518,41017,41027,10
12.9774398804,80.2212982178,41027,41037,10
12.9770202637,80.221282959,41037,41047,10
12.9763298035,80.2212982178,41047,41057,10
12.9760599136,80.2213821411,41057,41067,10
12.9759502411,80.2213821411,41067,41077,10
12.9757204056,80.2211837769,41077,41107,30
12.9757204056,80.2211837769,41107,41118,11
12.9756202698,80.2211074829,41118,41128,10
12.975520134,80.2210235596,41128,41138,10
12.9752702713,80.2208099365,41138,41168,30
12.9752702713,80.2208099365,41168,41178,10
12.9753799438,80.2205276489,41178,41188,10
12.9757003784,80.2202911377,41188,41198,10
12.9763698578,80.2199783325,41198,41208,10
12.9772396088,80.219619751,41208,41219,11
12.978269577,80.2191696167,41219,41229,10
12.9787902832,80.2189865112,41229,41239,10
12.9794797897,80.2186965942,41239,41255,16
12.9806003571,80.2182617188,41255,41267,12
12.981590271,80.2179489136,41267,41276,9
12.9823799133,80.2178878784,41276,41287,11
12.9832496643,80.2178573608,41287,41297,10
12.9837598801,80.2178573608,41297,41307,10
12.9837703705,80.2178726196,41307,41318,11
12.9839096069,80.2179489136,41318,41328,10
12.9843797684,80.2179412842,41328,41337,9
12.9850597382,80.217918396,41337,41348,11
12.9860401154,80.2180175781,41348,41358,10
12.9868602753,80.2181930542,41358,41368,10
12.9873695374,80.21824646,41368,41378,10
12.9874296188,80.2182388306,41378,41388,10
12.9875602722,80.2179031372,41388,41398,10
12.9877996445,80.2171707153,41398,41409,11
12.9880800247,80.2164230347,41409,41419,10
12.9884796143,80.2157897949,41419,41429,10
12.9887399673,80.215423584,41429,41439,10
12.9889097214,80.2151184082,41439,41449,10
12.9892301559,80.2146911621,41449,41459,10
12.9894304276,80.2146911621,41459,41469,10
12.9898300171,80.2147827148,41469,41479,10
12.99036026,80.2147369385,41479,41489,10
12.9908599854,80.2142486572,41489,41499,10
12.991060257,80.2136001587,41499,41510,11
12.9912796021,80.2127609253,41510,41520,10
12.9915599823,80.2126617432,41520,41530,10
12.9916601181,80.212677002,41530,41540,10
12.9918203354,80.2127380371,41540,41550,10
12.9923200607,80.212852478,41550,41560,10
12.9928598404,80.2130126953,41560,41570,10
12.9929304123,80.2128829956,41570,41580,10
12.9929800034,80.2126617432,41580,41590,10
12.9931602478,80.212097168,41590,41600,10
12.9933004379,80.2115097046,41600,41611,11
12.9934797287,80.2108306885,41611,41621,10
12.9936199188,80.2102508545,41621,41631,10
12.9937801361,80.2101364136,41631,41641,10
12.9938201904,80.2101364136,41641,41651,10
12.9940004349,80.2101364136,41651,41661,10
12.9944400787,80.2101593018,41661,41671,10
12.9949703217,80.2101974487,41671,41681,10
12.9953804016,80.2102203369,41681,41691,10
12.9956502914,80.2102432251,41691,41702,11
12.9959402084,80.2102737427,41702,41712,10
12.9962396622,80.210319519,41712,41722,10
12.9966402054,80.210357666,41722,41732,10
12.9970903397,80.2104187012,41732,41742,10
12.9972000122,80.2104721069,41742,41752,10
12.9973602295,80.2102966309,41752,41762,10
12.9975500107,80.2098922729,41762,41772,10
12.997879982,80.2092895508,41772,41782,10
12.9980602264,80.2090835571,41782,41792,10
12.9981603622,80.2086181641,41792,41803,11
12.9982204437,80.2082824707,41803,41813,10
12.9982995987,80.2079391479,41813,41823,10
12.9983797073,80.2074813843,41823,41833,10
12.9985198975,80.2074432373,41833,41873,40
12.9985198975,80.2074432373,41873,41883,10
12.998840332,80.2074203491,41883,41893,10
12.9991703033,80.2075195313,41893,41904,11
12.99958992,80.2075881958,41904,41914,10
12.9999904633,80.2076873779,41914,41924,10
13.0004796982,80.2077713013,41924,41934,10
13.0009899139,80.2080001831,41934,41944,10
13.0015802383,80.2082824707,41944,41954,10
13.0021896362,80.2085723877,41954,41964,10
13.0031795502,80.2091217041,41964,41974,10
13.003490448,80.2095794678,41974,41984,10
13.0035400391,80.2099533081,41984,41995,11
13.003660202,80.2106170654,41995,42005,10
13.0037298203,80.2112426758,42005,42015,10
13.0037899017,80.2118377686,42015,42025,10
13.0040397644,80.212020874,42025,42035,10
13.0044002533,80.2121810913,42035,42045,10
13.0047798157,80.2123184204,42045,42055,10
13.0050802231,80.2124786377,42055,42065,10
13.0056600571,80.2128295898,42065,42075,10
13.0063896179,80.2127304077,42075,42085,10
13.0070896149,80.2127380371,42085,42096,11
13.007900238,80.2130737305,42096,42156,60
13.007900238,80.2130737305,42156,42166,10
13.0080699921,80.2132034302,42166,42176,10
13.0083999634,80.2133331299,42176,42186,10
13.0088796616,80.2138595581,42186,42197,11
13.0094604492,80.2146606445,42197,42207,10
13.0099201202,80.2152633667,42207,42217,10
13.0103702545,80.2159194946,42217,42227,10
13.0107402802,80.2166671753,42227,42237,10
13.011059761,80.2174301147,42237,42247,10
13.0114097595,80.2183380127,42247,42257,10
13.011759758,80.2193374634,42257,42267,10
13.0120401382,80.220199585,42267,42277,10
13.012169838,80.2204971313,42277,42287,10
13.0122203827,80.2206497192,42287,42298,11
13.0123500824,80.2211990356,42298,42308,10
13.0127401352,80.2217102051,42308,42318,10
13.0131702423,80.2222518921,42318,42328,10
13.0136003494,80.2227935791,42328,42338,10
13.0139598846,80.2232971191,42338,42368,30
13.0139598846,80.2232971191,42368,42378,10
13.0142498016,80.2235107422,42378,42389,11
13.0144996643,80.2238388062,42389,42399,10
13.0149002075,80.2243423462,42399,42409,10
13.0150899887,80.2245788574,42409,42419,10
13.0154399872,80.2249069214,42419,42429,10
13.0155200958,80.2249832153,42429,42439,10
13.0156698227,80.225151062,42439,42449,10
13.0161800385,80.2253570557,42449,42459,10
13.0169696808,80.225151062,42459,42469,10
13.0178899765,80.2247695923,42469,42479,10
13.0187101364,80.2244491577,42479,42490,11
13.0195798874,80.2244415283,42490,42499,9
13.0200195313,80.2247314453,42499,42510,11
13.0204200745,80.2250595093,42510,42520,10
13.020819664,80.2253417969,42520,42530,10
13.0212402344,80.2257232666,42530,42540,10
13.0219802856,80.2261962891,42540,42560,20
13.0219802856,80.2261962891,42560,42570,10
13.022190094,80.2263793945,42570,42579,9
13.0225801468,80.2267303467,42579,42591,12
13.0232601166,80.2273712158,42591,42601,10
13.023850441,80.227897644,42601,42611,10
13.0241804123,80.2282409668,42611,42621,10
13.0244503021,80.2286300659,42621,42631,10
13.0247602463,80.2290725708,42631,42641,10
13.0251302719,80.2295532227,42641,42651,10
13.0255899429,80.2301864624,42651,42661,10
13.0258398056,80.2306365967,42661,42671,10
13.0259304047,80.2307815552,42671,42682,11
13.0259199142,80.2309036255,42682,42692,10
13.0259599686,80.2312164307,42692,42702,10
13.026140213,80.2313232422,42702,42712,10
13.0265102386,80.2312393188,42712,42722,10
13.0271997452,80.2310791016,42722,42732,10
13.027970314,80.2309570313,42732,42742,10
13.0284500122,80.2308578491,42742,42772,30
13.0284500122,80.2308578491,42772,42783,11
13.0289402008,80.2308425903,42783,42792,9
13.0291795731,80.2308425903,42792,42803,11
13.0295295715,80.230796814,42803,42813,10
13.0300197601,80.230758667,42813,42823,10
13.0304498672,80.2307281494,42823,42833,10
13.0309400558,80.2306900024,42833,42843,10
13.0316095352,80.2306137085,42843,42853,10
13.0322999954,80.2305603027,42853,42863,10
13.0328998566,80.2305374146,42863,42873,10
13.0335597992,80.230506897,42873,42884,11
13.0341701508,80.2304229736,42884,42904,20
13.0341701508,80.2304229736,42904,42914,10
13.0347995758,80.2302703857,42914,42954,40
13.0347995758,80.2302703857,42954,42964,10
13.0349502563,80.2301177979,42964,43015,51
13.0349397659,80.2298583984,43015,43065,50
13.0349397659,80.2298583984,43065,43076,11
13.0346097946,80.2298431396,43076,43116,40
13.0346097946,80.2298431396,43116,43126,10
13.0345697403,80.2298202515,43126,43177,51
13.034239769,80.2300033569,43177,43621,444
13.034239769,80.2300033569,43621,43631,10
13.0342197418,80.2303390503,43631,43641,10
13.0341701508,80.2304992676,43641,43651,10
13.0340595245,80.2304916382,43651,43661,10
13.0337696075,80.2304916382,43661,43672,11
13.0333204269,80.2304992676,43672,43682,10
13.032699585,80.2305831909,43682,43692,10
13.0320501328,80.2306365967,43692,43702,10
13.0312099457,80.2306976318,43702,43712,10
13.03083992,80.230758667,43712,43722,10
13.0304403305,80.2307891846,43722,43732,10
13.0300703049,80.2308425903,43732,43748,16
13.0299596786,80.2308578491,43748,43760,12
13.0296001434,80.2308807373,43760,43771,11
13.0294799805,80.2309112549,43771,43780,9
13.0290298462,80.2309494019,43780,43791,11
13.0282201767,80.2310333252,43791,43801,10
13.0277500153,80.2311019897,43801,43811,10
13.0277204514,80.2315979004,43811,43821,10
13.0277795792,80.2321166992,43821,43830,9
13.0278596878,80.2325592041,43830,43841,11
13.0274896622,80.2328720093,43841,43851,10
13.027009964,80.2329406738,43851,43912,61
13.027009964,80.2329406738,43912,43922,10
13.0266599655,80.2330169678,43922,43932,10
13.0263299942,80.2325820923,43932,43942,10
13.0260696411,80.2317581177,43942,43952,10
13.0258398056,80.2308883667,43952,43963,11
13.0252599716,80.2298736572,43963,43973,10
13.0248298645,80.2293624878,43973,43983,10
13.024600029,80.2291030884,43983,43993,10
13.0242300034,80.2285995483,43993,44003,10
13.0237598419,80.2280273438,44003,44013,10
13.0230398178,80.2273635864,44013,44043,30
13.0230398178,80.2273635864,44043,44053,10
13.0225400925,80.2268371582,44053,44074,21
13.0225400925,80.2268371582,44074,44084,10
13.0222501755,80.2265396118,44084,44094,10
13.0217399597,80.2261505127,44094,44104,10
13.0212497711,80.2257766724,44104,44114,10
13.0207004547,80.2253570557,44114,44124,10
13.0198097229,80.2248001099,44124,44144,20
13.0198097229,80.2248001099,44144,44155,11
13.0197601318,80.2247314453,44155,44165,10
13.0193500519,80.224571228,44165,44175,10
13.0185699463,80.2246398926,44175,44185,10
13.017660141,80.2249908447,44185,44195,10
13.0166902542,80.2253723145,44195,44205,10
13.0158195496,80.2256698608,44205,44221,16
13.0148296356,80.2260894775,44221,44233,12
13.014380455,80.2262802124,44233,44243,10
13.0143404007,80.2262878418,44243,44253,10
13.0143203735,80.2263031006,44253,44264,11
13.013879776,80.2264480591,44264,44274,10
13.0133495331,80.2266387939,44274,44284,10
13.012339592,80.2270202637,44284,44294,10
13.0115203857,80.2273178101,44294,44304,10
13.0103998184,80.2277374268,44304,44314,10
13.0095901489,80.2278594971,44314,44324,10
13.0096902847,80.2272186279,44324,44334,10
13.0100297928,80.2264480591,44334,44344,10
13.0103702545,80.2255706787,44344,44356,12
13.010720253,80.2247619629,44356,44366,10
13.0110502243,80.2239837646,44366,44376,10
13.0113601685,80.223197937,44376,44386,10
13.0117301941,80.222328186,44386,44396,10
13.0119800568,80.2216796875,44396,44406,10
13.0121498108,80.2214584351,44406,44416,10
13.0122499466,80.2212677002,44416,44426,10
13.012169838,80.2208404541,44426,44436,10
13.0119199753,80.2201309204,44436,44447,11
13.0116596222,80.2193222046,44447,44457,10
13.0113601685,80.2184829712,44457,44467,10
13.0110502243,80.2176132202,44467,44477,10
13.0107002258,80.2168426514,44477,44487,10
13.0103902817,80.216217041,44487,44497,10
13.0100803375,80.2156906128,44497,44507,10
13.0097999573,80.2151107788,44507,44517,10
13.0094404221,80.2146606445,44517,44527,10
13.0089902878,80.2140579224,44527,44537,10
13.0082597733,80.2133789063,44537,44568,31
13.0082597733,80.2133789063,44568,44578,10
13.0080795288,80.2133178711,44578,44588,10
13.0078601837,80.2131729126,44588,44608,20
13.0078601837,80.2131729126,44608,44618,10
13.0076999664,80.2130203247,44618,44628,10
13.0072898865,80.2128601074,44628,44638,10
13.0066604614,80.2127838135,44638,44649,11
13.005900383,80.2130126953,44649,44659,10
13.005200386,80.2126693726,44659,44669,10
13.0045003891,80.2123031616,44669,44679,10
13.0037603378,80.212097168,44679,44689,10
13.003080368,80.2121200562,44689,44699,10
13.0025596619,80.2121887207,44699,44709,10
13.0020799637,80.212387085,44709,44719,10
13.0016202927,80.2127304077,44719,44729,10
13.0009202957,80.2132034302,44729,44740,11
13.00041008,80.2136764526,44740,44750,10
12.9998998642,80.2141494751,44750,44760,10
12.9994602203,80.2145385742,44760,44770,10
12.9990797043,80.2148590088,44770,44780,10
12.9987001419,80.2151794434,44780,44790,10
12.9980401993,80.2156982422,44790,44800,10
12.9974803925,80.2161865234,44800,44810,10
12.9973697662,80.2164230347,44810,44826,16
12.9973201752,80.2165374756,44826,44838,12
12.9972200394,80.2165603638,44838,44849,11
12.9968996048,80.2165679932,44849,44859,10
12.9963102341,80.2166366577,44859,44868,9
12.9956197739,80.2168197632,44868,44879,11
12.9948701859,80.2172012329,44879,44889,10
12.9944000244,80.2175674438,44889,44899,10
12.994020462,80.2178497314,44899,44909,10
12.9935398102,80.218170166,44909,44919,10
12.9929800034,80.2185974121,44919,44929,10
12.9923200607,80.2191009521,44929,44939,10
12.9917201996,80.219581604,44939,44950,11
12.9908304214,80.220199585,44950,44969,19
12.9908304214,80.220199585,44969,44980,11
12.9905700684,80.2203903198,44980,44990,10
12.9900798798,80.2207717896,44990,45000,10
12.9895095825,80.2213668823,45000,45010,10
12.9890604019,80.2219619751,45010,45020,10
12.9885797501,80.2225036621,45020,45030,10
12.9876804352,80.2231216431,45030,45051,21
12.9876804352,80.2231216431,45051,45061,10
12.9873199463,80.2231216431,45061,45071,10
12.9870004654,80.2230606079,45071,45081,10
12.9867401123,80.2230072021,45081,45091,10
12.9865398407,80.2229919434,45091,45101,10
12.986000061,80.2230072021,45101,45111,10
12.9855003357,80.2232971191,45111,45121,10
12.9849700928,80.223197937,45121,45131,10
12.9844198227,80.2229309082,45131,45142,11
12.9840297699,80.2227020264,45142,45152,10
12.983710289,80.2225189209,45152,45162,10
12.9832201004,80.2222137451,45162,45192,30
12.9832201004,80.2222137451,45192,45202,10
12.9828901291,80.222038269,45202,45212,10
12.9825201035,80.2218933105,45212,45222,10
12.9819803238,80.2216186523,45222,45232,10
12.9813804626,80.2212905884,45232,45243,11
12.9812097549,80.221206665,45243,45253,10
12.9808397293,80.2211227417,45253,45263,10
12.9801702499,80.2211608887,45263,45273,10
12.9794597626,80.2211990356,45273,45283,10
12.9786996841,80.221206665,45283,45292,9
12.9780502319,80.2212295532,45292,45302,10
12.9772596359,80.2212905884,45302,45313,11
12.9764995575,80.2212982178,45313,45323,10
12.976360321,80.2217788696,45323,45344,21
12.976360321,80.2217788696,45344,45353,9
12.9764699936,80.2219772339,45353,45364,11
12.9767503738,80.2224807739,45364,45374,10
12.977230072,80.2232513428,45374,45384,10
12.9777002335,80.2239990234,45384,45394,10
12.9781503677,80.2247161865,45394,45404,10
12.9785299301,80.2253417969,45404,45414,10
12.9786100388,80.2254714966,45414,45424,10
12.9788398743,80.2258377075,45424,45435,11
12.9792003632,80.2264633179,45435,45445,10
12.9795799255,80.2270965576,45445,45455,10
12.980050087,80.2278671265,45455,45471,16
12.9806900024,80.2289733887,45471,45483,12
12.9808502197,80.2292098999,45483,45491,8
12.9810304642,80.2295074463,45491,45501,10
12.9813995361,80.2300567627,45501,45513,12
12.9816904068,80.2304992676,45513,45523,10
12.9816999435,80.2305374146,45523,45534,11
12.9818696976,80.2309417725,45534,45544,10
12.9820203781,80.231590271,45544,45553,9
12.9820299149,80.232208252,45553,45564,11
12.9819202423,80.2327575684,45564,45573,9
12.9817304611,80.2332611084,45573,45584,11
12.9816198349,80.2334976196,45584,45594,10
12.9815597534,80.2336196899,45594,45604,10
12.9813203812,80.2341003418,45604,45614,10
12.9812097549,80.2347412109,45614,45625,11
12.9812097549,80.2355117798,45625,45635,10
12.9812402725,80.2363204956,45635,45645,10
12.9812602997,80.2371902466,45645,45654,9
12.9812803268,80.2378768921,45654,45665,11
12.9813098907,80.238571167,45665,45675,10
12.981300354,80.2386169434,45675,45685,10
12.981300354,80.238899231,45685,45695,10
12.981300354,80.2395324707,45695,45705,10
12.9813404083,80.2403717041,45705,45715,10
12.9813499451,80.2411193848,45715,45725,10
12.9813404083,80.241897583,45725,45736,11
12.9813699722,80.2423782349,45736,45746,10
12.9813499451,80.2428665161,45746,45766,20
12.9813499451,80.2428665161,45766,45776,10
12.9813299179,80.2432022095,45776,45786,10
12.981300354,80.2437820435,45786,45796,10
12.9811897278,80.244682312,45796,45806,10
12.9810495377,80.2457427979,45806,45816,10
12.9809303284,80.2469711304,45816,45827,11
12.9808197021,80.2482910156,45827,45836,9
12.9807195663,80.2493133545,45836,45847,11
12.9804897308,80.25050354,45847,45857,10
12.980219841,80.2515106201,45857,45867,10
12.9801197052,80.2520828247,45867,45877,10
12.9800901413,80.2521972656,45877,45887,10
12.980099678,80.252243042,45887,45897,10
12.9800796509,80.2524414063,45897,45907,10
12.9802999496,80.2526397705,45907,45917,10
12.9809598923,80.2526397705,45917,45928,11
12.982000351,80.2526092529,45928,45938,10
12.98320961,80.252532959,45938,45948,10
12.9844703674,80.2522125244,45948,45958,10
12.9854803085,80.2519226074,45958,45968,10
12.9860200882,80.2517623901,45968,45978,10
12.9863395691,80.2516708374,45978,45988,10
12.9869804382,80.2515029907,45988,46130,142
12.9869804382,80.2515029907,46130,46140,10
12.9871997833,80.2514419556,46140,46150,10
12.987569809,80.2513427734,46150,46160,10
12.9878997803,80.2515335083,46160,46170,10
12.9879999161,80.2521209717,46170,46180,10
12.9879703522,80.252822876,46180,46190,10
12.9879102707,80.2534408569,46190,46200,10
12.987830162,80.2541809082,46200,46210,10
12.9877700806,80.254699707,46210,46221,11
12.9876804352,80.2550201416,46221,46231,10
12.9876499176,80.2554931641,46231,46240,9
12.9876003265,80.2559967041,46240,46251,11
12.9875802994,80.2560577393,46251,46261,10
12.9875297546,80.2563400269,46261,46271,10
12.9874801636,80.2566986084,46271,46281,10
12.9874095917,80.257270813,46281,46291,10
12.9873600006,80.2580108643,46291,46301,10
12.9872903824,80.2584991455,46301,46322,21
12.9872903824,80.2584991455,46322,46332,10
12.9872303009,80.2585601807,46332,46342,10
12.9868898392,80.2585678101,46342,46352,10
12.9867801666,80.2585220337,46352,46604,252
12.9867801666,80.2585220337,46604,46615,11
12.9868001938,80.2590408325,46615,46665,50
12.9868001938,80.2590408325,46665,46675,10
12.9870796204,80.259147644,46675,49221,2546
12.9870796204,80.259147644,49221,49231,10
12.9869203568,80.259147644,49231,49393,162
12.987159729,80.2591094971,49393,49423,30
12.987159729,80.2591094971,49423,49433,10
12.9873304367,80.2590026855,49433,49443,10
12.9873304367,80.2586975098,49443,49453,10
12.9873600006,80.2582397461,49453,49464,11
12.9874095917,80.2575073242,49464,49474,10
12.9875097275,80.2562026978,49474,49560,86
12.9875097275,80.2562026978,49560,49573,13
12.9874696732,80.2561416626,49573,49583,10
12.9875097275,80.2558822632,49583,49593,10
12.9876699448,80.2552108765,49593,49603,10
12.9876699448,80.2549209595,49603,49613,10
12.9876699448,80.2548370361,49613,49623,10
12.9877099991,80.254447937,49623,49633,10
12.9877996445,80.2534408569,49633,49643,10
12.9878997803,80.2523880005,49643,49653,10
12.9877099991,80.251663208,49653,49674,21
12.9877099991,80.251663208,49674,49684,10
12.9875097275,80.2516021729,49684,49694,10
12.9871301651,80.2516174316,49694,49704,10
12.986869812,80.251701355,49704,49714,10
12.9864702225,80.2518081665,49714,49724,10
12.9860401154,80.2518920898,49724,49734,10
12.9853601456,80.2520599365,49734,49744,10
12.9843997955,80.2523193359,49744,49754,10
12.9832201004,80.2525863647,49754,49765,11
12.9817304611,80.2526779175,49765,49775,10
12.980629921,80.2527236938,49775,49785,10
12.9799098969,80.2526779175,49785,49795,10
12.9798603058,80.2523193359,49795,49805,10
12.9798698425,80.2523117065,49805,49815,10
12.9799499512,80.252243042,49815,49825,10
12.9800596237,80.2518615723,49825,49835,10
12.9802904129,80.2511520386,49835,49845,10
12.9805698395,80.2501525879,49845,49855,10
12.9807500839,80.2489089966,49855,49866,11
12.9808597565,80.2473831177,49866,49876,10
12.9809799194,80.2460632324,49876,49886,10
12.9811496735,80.2445373535,49886,49896,10
12.9812097549,80.2437362671,49896,49906,10
12.9813404083,80.2434005737,49906,49916,10
12.9813299179,80.2429122925,49916,49936,20
12.9813299179,80.2429122925,49936,49946,10
12.9813299179,80.2425537109,49946,49957,11
12.9813203812,80.2418365479,49957,49967,10
12.9813299179,80.2409362793,49967,49977,10
12.9813098907,80.2400512695,49977,49987,10
12.981300354,80.239402771,49987,49997,10
12.9812803268,80.2386169434,49997,50007,10
12.9812602997,80.2380065918,50007,50017,10
12.9812498093,80.237953186,50017,50027,10
12.9812402725,80.2379074097,50027,50037,10
12.9812202454,80.237487793,50037,50047,10
12.9812202454,80.2367401123,50047,50058,11
12.9811897278,80.2357635498,50058,50068,10
12.9811697006,80.2347793579,50068,50078,10
12.9813098907,80.2340087891,50078,50088,10
12.9816198349,80.2333679199,50088,50098,10
12.9816303253,80.2333602905,50098,50108,10
12.9816999435,80.233253479,50108,50118,10
12.981880188,80.2328414917,50118,50128,10
12.9820098877,80.2322692871,50128,50138,10
12.9819898605,80.2317428589,50138,50148,10
12.9817895889,80.2309188843,50148,50159,11
12.9812202454,80.2299118042,50159,50169,10
12.9807701111,80.2292175293,50169,50179,10
12.9806003571,80.2289505005,50179,50189,10
12.9805698395,80.2289123535,50189,50199,10
12.9804000854,80.2286071777,50199,50209,10
12.9802303314,80.2282333374,50209,50219,10
12.9798803329,80.2276306152,50219,50229,10
12.9794101715,80.2268600464,50229,50239,10
12.9791698456,80.2264404297,50239,50249,10
12.9789304733,80.2260818481,50249,50260,11
12.9784402847,80.2252731323,50260,50270,10
12.9779100418,80.2245025635,50270,50280,10
12.9774999619,80.2238311768,50280,50290,10
12.9770898819,80.2231292725,50290,50300,10
12.9768104553,80.2226486206,50300,50310,10
12.9764795303,80.2221298218,50310,50320,10
12.9761400223,80.2215881348,50320,50330,10
12.9757900238,80.2211608887,50330,50340,10
12.9756202698,80.2210464478,50340,50350,10
12.9756097794,80.2210235596,50350,50361,11
12.9755096436,80.2209396362,50361,50371,10
12.9753398895,80.2207183838,50371,50391,20
12.9753398895,80.2207183838,50391,50401,10
12.9752998352,80.2206420898,50401,50411,10
12.9755897522,80.2203521729,50411,50421,10
12.9761800766,80.2200393677,50421,50431,10
12.9770402908,80.2196731567,50431,50441,10
12.9780702591,80.2192306519,50441,50452,11
12.978679657,80.2190170288,50452,50462,10
12.9794101715,80.2187194824,50462,50472,10
12.9801301956,80.218421936,50472,50482,10
12.9808998108,80.2181472778,50482,50492,10
12.981880188,80.217880249,50492,50502,10
12.9825601578,80.2178268433,50502,50512,10
12.9833602905,80.2178192139,50512,50522,10
12.9837703705,80.2178192139,50522,50532,10
12.9839696884,80.2178268433,50532,50542,10
12.9844999313,80.2178421021,50542,50559,17
12.9860401154,80.2179412842,50559,50571,12
12.9871797562,80.2181777954,50571,50581,10
12.9874601364,80.2181472778,50581,50591,10
12.9876003265,80.2176895142,50591,50601,10
12.9877700806,80.2172012329,50601,50610,9
12.9880304337,80.2164993286,50610,50621,11
12.9886302948,80.2155609131,50621,50631,10
12.9891195297,80.2148284912,50631,50641,10
12.9894504547,80.2146911621,50641,50652,11
12.9896097183,80.2147369385,50652,50662,10
12.9902095795,80.2148284912,50662,50672,10
12.9908599854,80.2143173218,50672,50682,10
12.9911203384,80.2135391235,50682,50692,10
12.9912900925,80.2128372192,50692,50702,10
12.9915895462,80.2126617432,50702,50712,10
12.9916200638,80.2126693726,50712,50722,10
12.9920196533,80.2127838135,50722,50732,10
12.9927101135,80.2129592896,50732,50742,10
12.9929304123,80.2128677368,50742,50753,11
12.9929704666,80.2127075195,50753,50763,10
12.9930801392,80.2121963501,50763,50773,10
12.9933004379,80.2113189697,50773,50783,10
12.9935398102,80.2103805542,50783,50793,10
12.9937200546,80.2100906372,50793,50803,10
12.9937896729,80.2101135254,50803,50813,10
12.9941101074,80.2101287842,50813,50823,10
12.9944896698,80.2101669312,50823,50833,10
12.9950304031,80.2102279663,50833,50843,10
12.9954795837,80.2102508545,50843,50854,11
12.9959001541,80.2102966309,50854,50864,10
12.9964199066,80.2103500366,50864,50874,10
12.9968700409,80.2104110718,50874,50884,10
12.9969596863,80.2104187012,50884,50894,10
12.9972496033,80.2104721069,50894,50904,10
12.9973697662,80.2102813721,50904,50914,10
12.9975795746,80.2097320557,50914,50924,10
12.998000145,80.2091827393,50924,50934,10
12.9981203079,80.2086791992,50934,50944,10
12.9982404709,80.2080535889,50944,50954,10
12.9983596802,80.2074584961,50954,50964,10
12.9984903336,80.2073822021,50964,50976,12
12.9986000061,80.2074432373,50976,50986,10
12.9987201691,80.2074584961,50986,50996,10
12.9991703033,80.2075576782,50996,51006,10
12.9998397827,80.2076568604,51006,51015,9
13.0005302429,80.2078018188,51015,51024,9
13.0010795593,80.2080383301,51024,51036,12
13.0020999908,80.2085418701,51036,51046,10
13.0030899048,80.2090835571,51046,51057,11
13.0034799576,80.2094497681,51057,51067,10
13.0035600662,80.2098388672,51067,51077,10
13.0036401749,80.2104492188,51077,51087,10
13.0037002563,80.2109069824,51087,51097,10
13.0038404465,80.2118682861,51097,51107,10
13.0040597916,80.2119903564,51107,51116,9
13.0043401718,80.2121200562,51116,51126,10
13.0049104691,80.2124404907,51126,51137,11
13.0057201385,80.2128982544,51137,51148,11
13.0065603256,80.2127075195,51148,51158,10
13.0073404312,80.2127914429,51158,51167,9
13.0078201294,80.2130203247,51167,51178,11
13.0078697205,80.2130737305,51178,51187,9
13.007900238,80.2130889893,51187,51198,11
13.0082998276,80.2133102417,51198,51208,10
13.0088396072,80.2138214111,51208,51218,10
13.0094203949,80.2146224976,51218,51228,10
13.0097503662,80.2150497437,51228,51238,10
13.0101604462,80.2155990601,51238,51249,11
13.0106801987,80.2164535522,51249,51259,10
13.0109596252,80.2172393799,51259,51269,10
13.0114402771,80.2183609009,51269,51279,10
13.0118904114,80.2196578979,51279,51289,10
13.0122299194,80.2205200195,51289,51309,20
13.0122299194,80.2205200195,51309,51319,10
13.0123901367,80.2210083008,51319,51329,10
13.0126600266,80.2215499878,51329,51339,10
13.0130796432,80.2221908569,51339,51350,11
13.0136699677,80.2229232788,51350,51360,10
13.0141401291,80.2235412598,51360,51370,10
13.0145196915,80.2239379883,51370,51380,10
13.0150403976,80.2245407104,51380,51400,20
13.0150403976,80.2245407104,51400,51410,10
13.0154800415,80.2249069214,51410,51430,20
13.0154800415,80.2249069214,51430,51441,11
13.0156698227,80.2250976563,51441,51451,10
13.0162000656,80.2253112793,51451,51461,10
13.0170402527,80.2250976563,51461,51471,10
13.0180397034,80.2247314453,51471,51481,10
13.0194396973,80.2244415283,51481,51501,20
13.0194396973,80.2244415283,51501,51511,10
13.019490242,80.2244567871,51511,51521,10
13.0197896957,80.2246170044,51521,51531,10
13.0202903748,80.2249832153,51531,51542,11
13.0209302902,80.2254333496,51542,51552,10
13.0215196609,80.2258605957,51552,51562,10
13.0219497681,80.2261581421,51562,51572,10
13.0219602585,80.2261734009,51572,51582,10
13.0220899582,80.2262878418,51582,51592,10
13.0225000381,80.2266387939,51592,51602,10
13.0231199265,80.2271881104,51602,51612,10
13.0238199234,80.2278900146,51612,51622,10
13.0242795944,80.2283096313,51622,51632,10
13.0243701935,80.2284011841,51632,51643,11
13.0245199203,80.2286376953,51643,51653,10
13.0249204636,80.2292404175,51653,51663,10
13.0254802704,80.2299880981,51663,51673,10
13.0259304047,80.2308425903,51673,51683,10
13.026140213,80.2313232422,51683,51693,10
13.0268001556,80.2311706543,51693,51703,10
13.0275602341,80.23097229,51703,51713,10
13.0283603668,80.2309036255,51713,51733,20
13.0283603668,80.2309036255,51733,51744,11
13.0288801193,80.2308502197,51744,51754,10
13.029250145,80.2308120728,51754,51764,10
13.0297698975,80.2307662964,51764,51774,10
13.0303001404,80.23072052,51774,51784,10
13.030790329,80.230682373,51784,51794,10
13.0313997269,80.2306213379,51794,51804,10
13.0322198868,80.2305603027,51804,51814,10
13.0329904556,80.230506897,51814,51824,10
13.0337400436,80.2304534912,51824,51835,11
13.0345401764,80.2303466797,51835,51845,10
13.0350103378,80.2300491333,51845,51895,50
13.0350103378,80.2300491333,51895,51905,10
13.0350799561,80.2298202515,51905,51915,10
13.0346603394,80.2297592163,51915,51966,51
13.0344495773,80.2297592163,51966,51996,30
13.0342502594,80.2298202515,51996,52138,142
13.0342502594,80.2298202515,52138,52148,10
13.0342102051,80.2302017212,52148,52158,10
13.0342102051,80.2303085327,52158,52168,10
13.0340299606,80.2304077148,52168,52178,10
13.0336904526,80.2304229736,52178,52188,10
13.0331401825,80.2304763794,52188,52198,10
13.0324401855,80.2305374146,52198,52208,10
13.0318698883,80.2306213379,52208,52218,10
13.0311899185,80.2306671143,52218,52229,11
13.0306797028,80.23072052,52229,52239,10
13.0303001404,80.2307662964,52239,52249,10
13.0299196243,80.2308197021,52249,52269,20
13.0299196243,80.2308197021,52269,52279,10
13.0296802521,80.2308731079,52279,52289,10
13.0292196274,80.2309188843,52289,52299,10
13.0286798477,80.2309494019,52299,52309,10
13.0281000137,80.231010437,52309,52319,10
13.0277700424,80.2310409546,52319,52330,11
13.0276699066,80.2313537598,52330,52340,10
13.0277500153,80.2319717407,52340,52350,10
13.0278301239,80.2324295044,52350,52360,10
13.0277395248,80.2327880859,52360,52370,10
13.0270500183,80.2329406738,52370,52420,50
13.0270500183,80.2329406738,52420,52431,11
13.0269203186,80.2330169678,52431,52441,10
13.0265798569,80.233039856,52441,52451,10
13.0263004303,80.2324981689,52451,52461,10
13.0260601044,80.2316894531,52461,52481,20
13.0260601044,80.2316894531,52481,52491,10
13.0260000229,80.2313537598,52491,52501,10
13.0258703232,80.2308883667,52501,52511,10
13.0254802704,80.2301177979,52511,52522,11
13.0248603821,80.2292480469,52522,52532,10
13.0243396759,80.2285995483,52532,52542,10
13.0237798691,80.2279281616,52542,52552,10
13.0233001709,80.2275466919,52552,52562,10
13.0230197906,80.2274169922,52562,52578,16
13.0228900909,80.2273406982,52578,52590,12
13.0225601196,80.2268981934,52590,52600,10
13.0223503113,80.2266464233,52600,52610,10
13.0218095779,80.2261810303,52610,52620,10
13.0210399628,80.2255783081,52620,52630,10
13.019900322,80.2248306274,52630,52651,21
13.019900322,80.2248306274,52651,52661,10
13.0198602676,80.2248001099,52661,52670,9
13.0196399689,80.224647522,52670,52680,10
13.0189695358,80.2244873047,52680,52690,10
13.0180597305,80.2247924805,52690,52701,11
13.0169696808,80.2252426147,52701,52711,10
13.0164003372,80.225479126,52711,52722,11
13.0153999329,80.2258224487,52722,52732,10
13.0145196915,80.2261810303,52732,52742,10
13.0142602921,80.2262802124,52742,52752,10
13.0139904022,80.2263870239,52752,52762,10
13.0133104324,80.2266311646,52762,52772,10
13.0123796463,80.2269668579,52772,52782,10
13.0112895966,80.2274017334,52782,52792,10
13.0102100372,80.2278213501,52792,52802,10
13.0094995499,80.227722168,52802,52812,10
13.009759903,80.2270278931,52812,52823,11
13.0101804733,80.2261199951,52823,52833,10
13.0105199814,80.2253265381,52833,52843,10
13.0107803345,80.2247390747,52843,52853,10
13.0108203888,80.2245330811,52853,52863,10
13.0108299255,80.2244033813,52863,52873,10
13.0108499527,80.2243499756,52873,52883,10
13.0110197067,80.2240600586,52883,52893,10
13.0110998154,80.2238311768,52893,52903,10
13.0112199783,80.2234802246,52903,52914,11
13.0113401413,80.2231369019,52914,52924,10
13.0115499496,80.2226486206,52924,52934,10
13.0118398666,80.2218933105,52934,52944,10
13.0120697021,80.2212982178,52944,52954,10
13.0120897293,80.2208099365,52954,52964,10
13.011879921,80.2201004028,52964,52974,10
13.0116100311,80.2192687988,52974,52984,10
13.0113401413,80.2184371948,52984,52994,10
13.0110197067,80.2176132202,52994,53004,10
13.0106601715,80.2168121338,53004,53015,11
13.0104598999,80.2163696289,53015,53025,10
13.0101900101,80.2159805298,53025,53035,10
13.0098400116,80.2152633667,53035,53045,10
13.0094995499,80.2147903442,53045,53055,10
13.0090198517,80.2141494751,53055,53065,10
13.0085201263,80.2135391235,53065,53075,10
13.0084104538,80.2134780884,53075,53085,10
13.0082998276,80.2134017944,53085,53105,20
13.0082998276,80.2134017944,53105,53116,11
13.0080499649,80.2132720947,53116,53126,10
13.007900238,80.2131576538,53126,53136,10
13.0077800751,80.2130203247,53136,53146,10
13.0073795319,80.2128295898,53146,53156,10
13.0068702698,80.2127609253,53156,53166,10
13.0061798096,80.2128601074,53166,53176,10
13.0056800842,80.2129211426,53176,53186,10
13.0050401688,80.2125701904,53186,53206,20
13.0050401688,80.2125701904,53206,53217,11
13.0047502518,80.2124099731,53217,53227,10
13.0044298172,80.212272644,53227,53237,10
13.0038299561,80.2121276855,53237,53308,71
13.0038299561,80.2121276855,53308,53318,10
13.0036802292,80.2119903564,53318,53328,10
13.0036697388,80.2118911743,53328,53338,10
13.0036497116,80.2116088867,53338,53348,10
13.0036201477,80.2110900879,53348,53358,10
13.0035400391,80.2104492188,53358,53368,10
13.0034799576,80.2097930908,53368,53378,10
13.0034599304,80.2093734741,53378,53388,10
13.0029802322,80.2090835571,53388,53398,10
13.0023298264,80.2087402344,53398,53409,11
13.002120018,80.2086105347,53409,53419,10
13.0016498566,80.2083587646,53419,53429,10
13.0010404587,80.2080383301,53429,53439,10
13.0003700256,80.2077789307,53439,53499,60
12.9999704361,80.2077407837,53499,53712,213
12.9995698929,80.2076568604,53712,53732,20
12.9993696213,80.2076263428,53732,53752,20
12.9993696213,80.2076263428,53752,53762,10
12.9991598129,80.2075805664,53762,53772,10
12.999130249,80.207572937,53772,53782,10
12.9989700317,80.2075576782,53782,53792,10
12.9984998703,80.2074432373,53792,53803,11
12.9983701706,80.2077026367,53803,53813,10
12.9982995987,80.2080307007,53813,53823,10
12.9982204437,80.208442688,53823,53833,10
12.9981403351,80.2089614868,53833,53843,10
12.9978103638,80.2093811035,53843,53853,10
12.9975795746,80.2099304199,53853,53863,10
12.9973802567,80.210357666,53863,53873,10
12.9971904755,80.2104568481,53873,53883,10
12.9966201782,80.2104034424,53883,53893,10
12.9959897995,80.2103424072,53893,53904,11
12.9954996109,80.210319519,53904,53914,10
12.9951000214,80.2102737427,53914,53924,10
12.9948196411,80.2102584839,53924,53934,10
12.9944400787,80.2102432251,53934,53944,10
12.9939899445,80.2101974487,53944,53954,10
12.9936599731,80.2102432251,53954,53964,10
12.993519783,80.2106399536,53964,53974,10
12.9933099747,80.2114181519,53974,53984,10
12.9928998947,80.2129135132,53984,54015,31
12.9928998947,80.2129135132,54015,54025,10
12.9926395416,80.2129821777,54025,54035,10
12.9921398163,80.2128295898,54035,54045,10
12.9914999008,80.212677002,54045,54055,10
12.9913902283,80.2126617432,54055,54065,10
12.991230011,80.2130889893,54065,54075,10
12.9910697937,80.2136688232,54075,54085,10
12.9908504486,80.2144012451,54085,54096,11
12.9901399612,80.2148666382,54096,54105,9
12.98939991,80.2147064209,54105,54116,11
12.989109993,80.2148895264,54116,54126,10
12.9887104034,80.2154388428,54126,54136,10
12.988240242,80.2161026001,54136,54146,10
12.9878702164,80.2169036865,54146,54156,10
12.9876499176,80.2175369263,54156,54166,10
12.9874696732,80.2181015015,54166,54176,10
12.9873895645,80.2183380127,54176,54186,10
12.9869804382,80.2182998657,54186,54197,11
12.9868202209,80.21824646,54197,54207,10
12.9862604141,80.2180862427,54207,54217,10
12.9852304459,80.2179489136,54217,54227,10
12.9842500687,80.2179794312,54227,54237,10
12.9840402603,80.2179870605,54237,54247,10
12.9839000702,80.2180023193,54247,54257,10
12.9833097458,80.2179794312,54257,54267,10
12.9823799133,80.2179489136,54267,54277,10
12.981300354,80.2180862427,54277,54287,10
12.9802799225,80.2184295654,54287,54298,11
12.9794101715,80.2187805176,54298,54308,10
12.9787902832,80.2190170288,54308,54318,10
12.9781198502,80.2192611694,54318,54328,10
12.9771604538,80.219619751,54328,54337,9
12.9762401581,80.2200393677,54337,54348,11
12.9757204056,80.2202682495,54348,54358,10
12.9756698608,80.2202835083,54358,54368,10
12.9755401611,80.2203598022,54368,54378,10
12.9755401611,80.2207717896,54378,54388,10
12.9758300781,80.2209701538,54388,54762,374
12.9759998322,80.2212905884,54762,55106,344
12.9759998322,80.2212905884,55106,55116,10
12.9759397507,80.2212371826,55116,55126,10
12.9761295319,80.2215499878,55126,55136,10
12.976559639,80.2221984863,55136,55146,10
12.9770298004,80.2227020264,55146,55156,10
12.9774904251,80.2224578857,55156,55166,10
12.9774398804,80.2216796875,55166,55177,11
12.977399826,80.2212295532,55177,55187,10
12.9771995544,80.2212219238,55187,55197,10
12.9765901566,80.2212295532,55197,55207,10
12.9761199951,80.2212600708,55207,55217,10
12.9758996964,80.2212677002,55217,55227,10
12.9754896164,80.2208862305,55227,55304,77
12.9754896164,80.2208862305,55304,55316,12
12.9752702713,80.2205734253,55316,55326,10
12.9755001068,80.2203292847,55326,55336,10
12.9761295319,80.2199707031,55336,55346,10
12.9771404266,80.219543457,55346,55356,10
12.9781703949,80.2191314697,55356,55366,10
12.9787101746,80.2189102173,55366,55377,11
12.979590416,80.2186126709,55377,55387,10
12.9806203842,80.2182235718,55387,55397,10
12.9816904068,80.217880249,55397,55407,10
12.9824304581,80.2178192139,55407,55417,10
12.9831800461,80.2177963257,55417,55427,10
12.9837398529,80.2177886963,55427,55437,10
12.9838600159,80.2177886963,55437,55447,10
12.9844503403,80.2178115845,55447,55457,10
12.9853601456,80.2178268433,55457,55467,10
12.9864997864,80.2180404663,55467,55478,11
12.9873104095,80.2181777954,55478,55488,10
12.9873504639,80.2181777954,55488,55498,10
12.9875001907,80.2180099487,55498,55518,20
12.9875001907,80.2180099487,55518,55528,10
12.9876499176,80.2175674438,55528,55538,10
12.9879703522,80.2166671753,55538,55548,10
12.988409996,80.2158584595,55548,55558,10
12.9889698029,80.2150192261,55558,55569,11
12.98939991,80.2146606445,55569,55579,10
12.9894399643,80.2146835327,55579,55589,10
12.9898500443,80.2147903442,55589,55599,10
12.9904298782,80.2146606445,55599,55609,10
12.9909496307,80.2140274048,55609,55619,10
12.9911298752,80.2133483887,55619,55629,10
12.9912900925,80.2127380371,55629,55639,10
12.9915800095,80.2126617432,55639,55649,10
12.9915895462,80.2126464844,55649,55659,10
12.9917802811,80.2126922607,55659,55669,10
12.9924201965,80.2128677368,55669,55680,11
12.9928798676,80.212890625,55680,55690,10
12.9930200577,80.2124404907,55690,55706,16
12.9933900833,80.2110366821,55706,55718,12
12.9934902191,80.2106018066,55718,55728,10
12.9935503006,80.2103729248,55728,55738,10
12.9936704636,80.2100830078,55738,55748,10
12.9937896729,80.2100830078,55748,55758,10
12.9942598343,80.2101287842,55758,55768,10
12.9949197769,80.2101821899,55768,55780,12
12.9955997467,80.2102432251,55780,55790,10
12.9961204529,80.2102966309,55790,55800,10
12.9963998795,80.210319519,55800,55810,10
12.9969997406,80.2104034424,55810,55831,21
12.9969997406,80.2104034424,55831,55841,10
12.9972496033,80.2104568481,55841,55851,10
12.9973602295,80.2102966309,55851,55861,10
12.9975500107,80.2098693848,55861,55872,11
12.9977502823,80.2094421387,55872,55882,10
12.9981098175,80.2089691162,55882,55892,10
12.9981803894,80.2084274292,55892,55902,10
12.9982700348,80.2081222534,55902,55993,91
12.9983596802,80.2078018188,55993,56053,60
12.9983596802,80.2078018188,56053,56064,11
12.998459816,80.2074127197,56064,56074,10
12.9984998703,80.2073974609,56074,56084,10
12.9987001419,80.2074432373,56084,56104,20
12.9987001419,80.2074432373,56104,56114,10
12.9988603592,80.2074813843,56114,56124,10
12.9991197586,80.2075271606,56124,56134,10
12.9994401932,80.2075881958,56134,56144,10
12.9998397827,80.2076568604,56144,56154,10
13.0000400543,80.2077102661,56154,56165,11
13.0004396439,80.2077636719,56165,56175,10
13.0008001328,80.2079162598,56175,56185,10
13.0011997223,80.2081069946,56185,56195,10
13.0013399124,80.2081832886,56195,56205,10
13.0018196106,80.2084274292,56205,56215,10
13.0020999908,80.2085494995,56215,56224,9
13.0023899078,80.2087173462,56224,56235,11
13.0025997162,80.2088470459,56235,56245,10
13.002869606,80.2089920044,56245,56255,10
13.003080368,80.2091064453,56255,56266,11
13.0032901764,80.2092208862,56266,56276,10
13.0034198761,80.2095336914,56276,56306,30
13.0034198761,80.2095336914,56306,56316,10
13.0034503937,80.2096328735,56316,56326,10
13.0034799576,80.209777832,56326,56336,10
13.0035200119,80.2099075317,56336,56346,10
13.0036201477,80.2102890015,56346,56357,11
13.0037202835,80.2110290527,56357,56367,10
13.0037498474,80.2118606567,56367,56417,50
13.0037498474,80.2118606567,56417,56427,10
13.0038299561,80.2119598389,56427,56437,10
13.0042495728,80.2121429443,56437,56447,10
13.0042800903,80.2121429443,56447,56458,11
13.0046901703,80.212310791,56458,56468,10
13.005279541,80.2126312256,56468,56478,10
13.0060796738,80.2127380371,56478,56488,10
13.0069904327,80.2126922607,56488,56498,10
13.0075302124,80.2127838135,56498,56508,10
13.007610321,80.2128219604,56508,56518,10
13.0076799393,80.2128601074,56518,56528,10
13.0078201294,80.2130203247,56528,56538,10
13.007900238,80.2130889893,56538,56548,10
13.0082302094,80.2132720947,56548,56559,11
13.0088500977,80.2138214111,56559,56569,10
13.0094404221,80.2146377563,56569,56579,10
13.0098304749,80.2151565552,56579,56589,10
13.0103197098,80.2158203125,56589,56599,10
13.0107498169,80.2166976929,56599,56609,10
13.0111198425,80.2175827026,56609,56619,10
13.0114297867,80.2183837891,56619,56629,10
13.0117797852,80.2193222046,56629,56639,10
13.0121002197,80.2203979492,56639,56648,9
13.012430191,80.2212295532,56648,56660,12
13.0129098892,80.221862793,56660,56670,10
13.0133895874,80.222442627,56670,56680,10
13.013879776,80.2230606079,56680,56690,10
13.0142498016,80.2235565186,56690,56700,10
13.014550209,80.2238922119,56700,56710,10
13.0150203705,80.2245635986,56710,56720,10
13.0154895782,80.2249832153,56720,56730,10
13.0156402588,80.2250671387,56730,56740,10
13.0160799026,80.2252502441,56740,56751,11
13.0170602798,80.2250595093,56751,56761,10
13.0181999207,80.2246322632,56761,56771,10
13.0191698074,80.224357605,56771,56781,10
13.0197401047,80.2245101929,56781,56791,10
13.0202102661,80.224861145,56791,56801,10
13.0208597183,80.2253265381,56801,56811,10
13.0214099884,80.2257385254,56811,56821,10
13.0219202042,80.2260971069,56821,56841,20
13.0219202042,80.2260971069,56841,56852,11
13.0221700668,80.2263793945,56852,56862,10
13.0227499008,80.226890564,56862,56872,10
13.0235300064,80.2276000977,56872,56882,10
13.0241699219,80.2282409668,56882,56892,10
13.0246095657,80.2288284302,56892,56902,10
13.0251903534,80.2296218872,56902,56912,10
13.0259504318,80.230796814,56912,56951,39
13.0259504318,80.230796814,56951,56961,10
13.0259199142,80.2308578491,56961,56969,8
13.0260095596,80.2312164307,56969,56980,11
13.0263996124,80.2312164307,56980,56992,12
13.0273103714,80.231010437,56992,57002,10
13.0282297134,80.2308578491,57002,57012,10
13.0284204483,80.2308425903,57012,57022,10
13.0285797119,80.2308425903,57022,57032,10
13.028670311,80.2308425903,57032,57043,11
13.029250145,80.2308197021,57043,57093,50
13.029250145,80.2308197021,57093,57103,10
13.0297002792,80.230758667,57103,57113,10
13.0302495956,80.2307128906,57113,57123,10
13.0308103561,80.230682373,57123,57133,10
13.0313301086,80.2306213379,57133,57144,11
13.0319099426,80.2305603027,57144,57154,10
13.0325403214,80.2305297852,57154,57164,10
13.0333795547,80.2304763794,57164,57174,10
13.0339202881,80.230430603,57174,57224,50
13.0339202881,80.230430603,57224,57235,11
13.0343399048,80.2303619385,57235,57245,10
13.0349397659,80.230140686,57245,57275,30
13.0349397659,80.230140686,57275,57285,10
13.0350399017,80.2299804688,57285,57295,10
13.0348796844,80.2297973633,57295,57305,10
13.0343904495,80.2297592163,57305,57315,10
13.0342102051,80.2300720215,57315,57487,172
13.0342102051,80.2300720215,57487,57497,10
13.0342597961,80.2303390503,57497,57507,10
13.034239769,80.2304534912,57507,57517,10
13.0340003967,80.2304763794,57517,57528,11
13.0337600708,80.2305221558,57528,57538,10
13.0333003998,80.2305679321,57538,57548,10
13.0326595306,80.2306289673,57548,57558,10
13.0319595337,80.2306900024,57558,57568,10
13.0313596725,80.2307434082,57568,57578,10
13.0309495926,80.2307815552,57578,57588,10
13.0306301117,80.230796814,57588,57598,10
13.0301599503,80.2308578491,57598,57608,10
13.0298995972,80.2309036255,57608,57618,10
13.0298299789,80.2308807373,57618,57629,11
13.0294799805,80.2309188843,57629,57639,10
13.0287599564,80.2309799194,57639,57649,10
13.0280199051,80.2310409546,57649,57659,10
13.0277204514,80.2310791016,57659,57669,10
13.0277204514,80.2315597534,57669,57679,10
13.0278100967,80.2320785522,57679,57689,10
13.0279197693,80.2326431274,57689,57699,10
13.0275402069,80.2328414917,57699,57709,10
13.027179718,80.2329483032,57709,57719,10
13.0269804001,80.233001709,57719,57730,11
13.026720047,80.2330780029,57730,57740,10
13.0264196396,80.2329406738,57740,57750,10
13.0262098312,80.2323532104,57750,57760,10
13.0260801315,80.2318572998,57760,57770,10
13.0260095596,80.2316513062,57770,57786,16
13.0256700516,80.2305603027,57786,57798,12
13.0249700546,80.2295608521,57798,57808,10
13.0247497559,80.2292785645,57808,57818,10
13.0244903564,80.2289123535,57818,57828,10
13.024020195,80.2282867432,57828,57840,12
13.0233201981,80.2275772095,57840,57850,10
13.0229902267,80.2273864746,57850,57870,20
13.0229902267,80.2273864746,57870,57880,10
13.0228796005,80.2273483276,57880,57890,10
13.0226097107,80.2270812988,57890,57900,10
13.0222196579,80.2265701294,57900,57910,10
13.0215301514,80.2259979248,57910,57921,11
13.0206604004,80.2253265381,57921,57931,10
13.0201101303,80.2249832153,57931,57941,10
13.0196304321,80.2246398926,57941,57951,10
13.0189599991,80.2244873047,57951,57961,10
13.0180501938,80.2248077393,57961,57971,10
13.0170202255,80.2252426147,57971,57981,10
13.016500473,80.2254486084,57981,57991,10
13.0158700943,80.225692749,57991,58001,10
13.0152101517,80.2259597778,58001,58011,10
13.0142402649,80.2263565063,58011,58032,21
13.0142402649,80.2263565063,58032,58042,10
13.0138998032,80.2264709473,58042,58052,10
13.0132102966,80.2267379761,58052,58062,10
13.0122699738,80.2270965576,58062,58072,10
13.0111198425,80.2275314331,58072,58082,10
13.0099401474,80.2279815674,58082,58092,10
13.0095901489,80.2275085449,58092,58102,10
13.0099401474,80.2267379761,58102,58112,10
13.0103902817,80.2257537842,58112,58123,11
13.0108098984,80.2247772217,58123,58133,10
13.0111703873,80.2238616943,58133,58143,10
13.011469841,80.2231216431,58143,58153,10
13.0117998123,80.2221603394,58153,58163,10
13.0120697021,80.2213897705,58163,58173,10
13.0120697021,80.2208175659,58173,58183,10
13.0118103027,80.2200164795,58183,58193,10
13.0115203857,80.2191619873,58193,58203,10
13.0113697052,80.2187194824,58203,58214,11
13.0111398697,80.2180404663,58214,58224,10
13.0109796524,80.2175979614,58224,58234,10
13.0107803345,80.2171478271,58234,58244,10
13.0105695724,80.2166824341,58244,58254,10
13.0102796555,80.2161712646,58254,58264,10
13.0099401474,80.2154464722,58264,58274,10
13.0094404221,80.2146987915,58274,58284,10
13.0088996887,80.2139587402,58284,58294,10
13.0080795288,80.2132797241,58294,58315,21
13.0080795288,80.2132797241,58315,58325,10
13.007900238,80.213180542,58325,58335,10
13.0076799393,80.2129821777,58335,58345,10
13.0072002411,80.2128219604,58345,58354,9
13.0065202713,80.2127838135,58354,58365,11
13.0059299469,80.2130203247,58365,58375,10
13.0052204132,80.2126617432,58375,58385,10
13.0043497086,80.2122192383,58385,58395,10
13.0037403107,80.2119827271,58395,58405,10
13.0036897659,80.2117996216,58405,58416,11
13.0036802292,80.211730957,58416,58426,10
13.0036497116,80.2112731934,58426,58436,10
13.0035600662,80.2105484009,58436,58446,10
13.0035400391,80.2098617554,58446,58456,10
13.0033998489,80.2093429565,58456,58466,10
13.0027198792,80.2089767456,58466,58476,10
13.001950264,80.2085723877,58476,58577,101
13.001950264,80.2085723877,58577,58587,10
13.0015497208,80.2083511353,58587,58597,10
13.0012702942,80.208190918,58597,58608,11
13.0008602142,80.2080001831,58608,58638,30
13.0008602142,80.2080001831,58638,58648,10
13.0006399155,80.207901001,58648,58658,10
13.0002002716,80.2078094482,58658,58668,10
12.9997196198,80.2077102661,58668,58678,10
12.9994602203,80.2076416016,58678,58719,41
12.9994602203,80.2076416016,58719,58729,10
12.99903965,80.2075576782,58729,58739,10
12.9987602234,80.2074966431,58739,58749,10
12.9983997345,80.2075119019,58749,58759,10
12.9983797073,80.207611084,58759,58769,10
12.998339653,80.2077636719,58769,58779,10
12.9982795715,80.2082519531,58779,58789,10
12.9982204437,80.2086334229,58789,58800,11
12.9979896545,80.2092819214,58800,58810,10
12.9975996017,80.2099609375,58810,58820,10
12.9973602295,80.2104797363,58820,58830,10
12.9971904755,80.2104797363,58830,58840,10
12.9970998764,80.2104721069,58840,58850,10
12.9965801239,80.2104034424,58850,58860,10
12.9958496094,80.210319519,58860,58870,10
12.9953603745,80.2102737427,58870,58880,10
12.9948797226,80.2102279663,58880,58890,10
12.9944000244,80.2101821899,58890,58901,11
12.9938497543,80.2101364136,58901,58911,10
12.9936304092,80.2102584839,58911,58931,20
12.9936304092,80.2102584839,58931,58941,10
12.9935903549,80.2104110718,58941,58951,10
12.9934396744,80.2109985352,58951,58961,10
12.9932203293,80.2118988037,58961,58971,10
12.9929704666,80.2128829956,58971,58981,10
12.9926595688,80.2130279541,58981,58991,10
12.9919700623,80.2128295898,58991,59002,11
12.9915399551,80.2127075195,59002,59012,10
12.9914999008,80.2127227783,59012,59022,10
12.9912595749,80.2129974365,59022,59032,10
12.9910802841,80.2136764526,59032,59042,10
12.9908504486,80.2144317627,59042,59052,10
12.9901895523,80.2148971558,59052,59062,10
12.9894800186,80.2147598267,59062,59072,10
12.9892501831,80.2147216797,59072,59082,10
12.9889001846,80.2152023315,59082,59093,11
12.9885101318,80.2157897949,59093,59103,10
12.9881496429,80.2163314819,59103,59113,10
12.9878902435,80.2169494629,59113,59123,10
12.987660408,80.2176132202,59123,59133,10
12.9874801636,80.2181625366,59133,59143,10
12.9874696732,80.218170166,59143,59153,10
12.9874296188,80.2183380127,59153,59163,10
12.9871797562,80.2183837891,59163,59173,10
12.9871101379,80.2183609009,59173,59183,10
12.9866399765,80.2182235718,59183,59194,11
12.9856004715,80.2179794312,59194,59204,10
12.9845304489,80.2179794312,59204,59214,10
12.9840202332,80.2180023193,59214,59224,10
12.9838895798,80.2180023193,59224,59240,16
12.9827404022,80.2179794312,59240,59252,12
12.9814500809,80.2180633545,59252,59261,9
12.980890274,80.21824646,59261,59272,11
12.9799499512,80.2185974121,59272,59282,10
12.9792003632,80.2189102173,59282,59293,11
12.9784698486,80.2192001343,59293,59303,10
12.9775695801,80.2195587158,59303,59313,10
12.9764404297,80.2200393677,59313,59323,10
12.9756402969,80.2204666138,59323,59414,91
12.9754695892,80.220703125,59414,59505,91
12.9757099152,80.2210006714,59505,60454,949
12.9757099152,80.2210006714,60454,60465,11
12.975859642,80.2210998535,60465,60475,10
12.9760704041,80.2213973999,60475,60485,10
12.9764003754,80.2219009399,60485,60495,10
12.9767503738,80.2224502563,60495,60505,10
12.9770803452,80.2228317261,60505,60515,10
12.9774999619,80.2227478027,60515,60525,10
12.977519989,80.2222366333,60525,60535,10
12.9774799347,80.2215118408,60535,60545,10
12.9773797989,80.221282959,60545,60555,10
12.9768295288,80.2212905884,60555,60566,11
12.9761400223,80.2213134766,60566,60576,10
12.9759702682,80.221321106,60576,60586,10
12.9754400253,80.2208404541,60586,60737,151
12.9754400253,80.2208404541,60737,60747,10
12.9754104614,80.2205200195,60747,60758,11
12.9757604599,80.2202606201,60758,60766,8
12.976269722,80.2200164795,60766,60777,11
12.9772500992,80.2195968628,60777,60788,11
12.9783401489,80.2191467285,60788,60799,11
12.9789304733,80.2189178467,60799,60809,10
12.9797697067,80.2185974121,60809,60819,10
12.980509758,80.2182922363,60819,60829,10
12.9814996719,80.2179718018,60829,60839,10
12.982339859,80.2178573608,60839,60849,10
12.9832401276,80.2178726196,60849,60860,11
12.9837903976,80.2178573608,60860,60870,10
12.9838895798,80.2178726196,60870,60880,10
12.9843196869,80.2178573608,60880,60890,10
12.9850196838,80.217880249,60890,60900,10
12.9858903885,80.2179412842,60900,60910,10
12.9867801666,80.2181396484,60910,60919,9
12.9873600006,80.2182312012,60919,60930,11
12.9873695374,80.2182312012,60930,60940,10
12.9875202179,80.2180786133,60940,60951,11
12.9877901077,80.2172698975,60951,60961,10
12.9881801605,80.2162475586,60961,60971,10
12.9887199402,80.2154769897,60971,60981,10
12.9893798828,80.2147064209,60981,61001,20
12.9893798828,80.2147064209,61001,61011,10
12.9897699356,80.2147979736,61011,61021,10
12.9904603958,80.2147598267,61021,61031,10
12.9909601212,80.2141494751,61031,61041,10
12.9911603928,80.2134170532,61041,61052,11
12.9914302826,80.2126464844,61052,61062,10
12.9916095734,80.212677002,61062,61072,10
12.9916400909,80.2126922607,61072,61082,10
12.9920597076,80.2128219604,61082,61092,10
12.9927797318,80.2130508423,61092,61102,10
12.9929304123,80.2129592896,61102,61112,10
12.9930200577,80.2125396729,61112,61122,10
12.9932098389,80.2118530273,61122,61138,16
12.9936103821,80.2101898193,61138,61171,33
12.9938097,80.2101135254,61171,61191,20
12.9938097,80.2101135254,61191,61201,10
12.9939002991,80.2101669312,61201,61211,10
12.9943599701,80.2102127075,61211,61221,10
12.9946804047,80.2102432251,61221,61231,10
12.9951696396,80.2102584839,61231,61241,10
12.9953298569,80.2102737427,61241,61252,11
12.9956998825,80.2102966309,61252,61262,10
12.9962396622,80.210357666,61262,61272,10
12.9969701767,80.2104568481,61272,61282,10
12.9973402023,80.2104721069,61282,61292,10
12.9973802567,80.2103729248,61292,61302,10
12.9975204468,80.2100372314,61302,61311,9
12.9976596832,80.2097015381,61311,61322,11
12.9981298447,80.2089767456,61322,61363,41
12.9981298447,80.2089767456,61363,61373,10
12.9982004166,80.2087173462,61373,61383,10
12.9982299805,80.2083129883,61383,61393,10
12.9983301163,80.2078399658,61393,61403,10
12.9983797073,80.2074813843,61403,61413,10
12.9985599518,80.2074432373,61413,61433,20
12.9985599518,80.2074432373,61433,61444,11
12.9987897873,80.2075195313,61444,61454,10
12.9992599487,80.2076034546,61454,61464,10
12.9999704361,80.2077713013,61464,61474,10
13.000670433,80.2078933716,61474,61484,10
13.0012998581,80.2082138062,61484,61494,10
13.0021600723,80.2086486816,61494,61504,10
13.0031604767,80.2091827393,61504,61514,10
13.0035200119,80.209487915,61514,61524,10
13.0035800934,80.2098999023,61524,61534,10
13.0036802292,80.2105407715,61534,61545,11
13.0037603378,80.2113037109,61545,61555,10
13.003780365,80.211730957,61555,61565,10
13.003780365,80.211807251,61565,61575,10
13.0039997101,80.212020874,61575,61585,10
13.0040302277,80.2120437622,61585,61595,10
13.0043497086,80.2121963501,61595,61605,10
13.0049200058,80.2124710083,61605,61615,10
13.0056600571,80.212890625,61615,61625,10
13.0064296722,80.2127609253,61625,61636,11
13.007900238,80.2130966187,61636,61676,40
13.007900238,80.2130966187,61676,61686,10
13.0081501007,80.2132720947,61686,61696,10
13.0086898804,80.2136001587,61696,61706,10
13.0092601776,80.2143630981,61706,61716,10
13.0097503662,80.2150802612,61716,61726,10
13.0102100372,80.2156982422,61726,61737,11
13.0107803345,80.2166137695,61737,61747,10
13.011059761,80.2173614502,61747,61757,10
13.0114803314,80.2184524536,61757,61767,10
13.0119104385,80.2196578979,61767,61777,10
13.0122203827,80.2205734253,61777,61787,10
13.0122404099,80.2206115723,61787,61797,10
13.012339592,80.2208023071,61797,61807,10
13.0125398636,80.2213821411,61807,61817,10
13.0128803253,80.2218933105,61817,61827,10
13.0132904053,80.2223892212,61827,61838,11
13.0136995316,80.2228927612,61838,61848,10
13.0140304565,80.2233123779,61848,61858,10
13.0143299103,80.2236404419,61858,61868,10
13.0146198273,80.2239532471,61868,61878,10
13.015080452,80.2245864868,61878,61888,10
13.0155200958,80.2249221802,61888,61898,10
13.0156097412,80.2249984741,61898,61908,10
13.0156898499,80.2250976563,61908,61918,10
13.0161504745,80.2253417969,61918,61929,11
13.0170602798,80.225151062,61929,61939,10
13.0181303024,80.2247314453,61939,61949,10
13.0191602707,80.2244033813,61949,61959,10
13.019900322,80.2246170044,61959,61969,10
13.0203199387,80.224937439,61969,61979,10
13.0207595825,80.2252578735,61979,61989,10
13.021229744,80.2256164551,61989,61999,10
13.0219297409,80.2260971069,61999,62019,20
13.0219297409,80.2260971069,62019,62030,11
13.0220098495,80.2262268066,62030,62040,10
13.0224199295,80.2266082764,62040,62050,10
13.023059845,80.2271728516,62050,62060,10
13.0238599777,80.2279129028,62060,62070,10
13.0244503021,80.2285614014,62070,62080,10
13.0248699188,80.2291488647,62080,62090,10
13.0252799988,80.2296829224,62090,62100,10
13.0256795883,80.23021698,62100,62110,10
13.0258998871,80.2306213379,62110,62141,31
13.0258998871,80.2306213379,62141,62151,10
13.0259895325,80.2309494019,62151,62161,10
13.026049614,80.231262207,62161,62171,10
13.026049614,80.231300354,62171,62187,16
13.0267095566,80.2312011719,62187,62199,12
13.0278396606,80.2309799194,62199,62209,10
13.0284099579,80.2309036255,62209,62219,10
13.0284204483,80.2309036255,62219,62230,11
13.0287504196,80.2308883667,62230,62240,10
13.0293197632,80.2308578491,62240,62280,40
13.0293197632,80.2308578491,62280,62290,10
13.0294399261,80.2308502197,62290,62300,10
13.0299196243,80.2308120728,62300,62310,10
13.0304498672,80.2307510376,62310,62321,11
13.0306301117,80.23072052,62321,62331,10
13.031129837,80.230682373,62331,62341,10
13.0318403244,80.2306213379,62341,62351,10
13.0327301025,80.2305374146,62351,62361,10
13.0334701538,80.2304992676,62361,62371,10
13.0342903137,80.2304077148,62371,62411,40
13.0342903137,80.2304077148,62411,62422,11
13.0345497131,80.2303771973,62422,62432,10
13.0349197388,80.2302322388,62432,62442,10
13.035030365,80.2301101685,62442,62452,10
13.0350399017,80.2301025391,62452,62462,10
13.0350399017,80.2298126221,62462,62472,10
13.0343399048,80.2297210693,62472,62543,71
13.0343399048,80.2297210693,62543,62553,10
13.0342102051,80.2299575806,62553,62803,250
13.0342102051,80.2299575806,62803,62814,11
13.0342102051,80.2303771973,62814,62824,10
13.0341396332,80.23046875,62824,62834,10
13.0338697433,80.2304992676,62834,62843,9
13.0336704254,80.2304763794,62843,62854,11
13.0329999924,80.2305221558,62854,62864,10
13.0325403214,80.2305603027,62864,62874,10
13.0318002701,80.2306518555,62874,62884,10
13.0310201645,80.2307281494,62884,62893,9
13.0306901932,80.2307434082,62893,62905,12
13.0297899246,80.2308425903,62905,62924,19
13.0297899246,80.2308425903,62924,62935,11
13.0295000076,80.2308578491,62935,62945,10
13.0287303925,80.2309188843,62945,62955,10
13.0279302597,80.2310028076,62955,62965,10
13.027680397,80.2312393188,62965,62975,10
13.0277500153,80.2319030762,62975,62985,10
13.0279197693,80.2326583862,62985,62995,10
13.0275497437,80.2329025269,62995,63006,11
13.0270996094,80.232963562,63006,63076,70
13.0270996094,80.232963562,63076,63086,10
13.0268497467,80.2330093384,63086,63097,11
13.0265102386,80.2330474854,63097,63107,10
13.0262298584,80.2324829102,63107,63117,10
13.0260000229,80.2315826416,63117,63127,10
13.0255899429,80.2304229736,63127,63137,10
13.0247402191,80.2292633057,63137,63157,20
13.0247402191,80.2292633057,63157,63167,10
13.0246400833,80.2291107178,63167,63177,10
13.0243597031,80.2287216187,63177,63187,10
13.023900032,80.2281494141,63187,63198,11
13.0233097076,80.2275619507,63198,63208,10
13.0230703354,80.2273178101,63208,63224,16
13.0230503082,80.2273101807,63224,63236,12
13.0226898193,80.2270889282,63236,63246,10
13.0224599838,80.2267227173,63246,63256,10
13.02202034,80.226348877,63256,63266,10
13.0216703415,80.2260818481,63266,63276,10
13.0212202072,80.2257232666,63276,63286,10
13.0207395554,80.2253570557,63286,63297,11
13.0200996399,80.2249221802,63297,63305,8
13.0195503235,80.2245788574,63305,63317,12
13.0183801651,80.2246627808,63317,63326,9
13.0174798965,80.2250518799,63326,63336,10
13.0167999268,80.2253265381,63336,63347,11
13.0163803101,80.2255020142,63347,63357,10
13.0159301758,80.2256393433,63357,63367,10
13.015370369,80.2258605957,63367,63377,10
13.0152397156,80.2259292603,63377,63387,10
13.0150604248,80.226020813,63387,63398,11
13.0146598816,80.2261962891,63398,63407,9
13.01404953,80.2264709473,63407,63448,41
13.01404953,80.2264709473,63448,63458,10
13.0138902664,80.2265625,63458,63468,10
13.0134401321,80.2266769409,63468,63478,10
13.0127601624,80.226890564,63478,63489,11
13.0118598938,80.2272415161,63489,63499,10
13.0108995438,80.2276229858,63499,63509,10
13.0099802017,80.2279663086,63509,63519,10
13.0095100403,80.2276382446,63519,63529,10
13.0098199844,80.2269973755,63529,63539,10
13.0101995468,80.2261962891,63539,63549,10
13.0103902817,80.2257919312,63549,63559,10
13.010430336,80.2257003784,63559,63569,10
13.0105495453,80.2254180908,63569,63579,10
13.0106401443,80.2251815796,63579,63590,11
13.0107803345,80.2248764038,63590,63600,10
13.0108995438,80.2245788574,63600,63610,10
13.0111703873,80.2239379883,63610,63620,10
13.0113296509,80.2233200073,63620,63640,20
13.0113296509,80.2233200073,63640,63650,10
13.0113697052,80.2230377197,63650,63660,10
13.0115804672,80.2226333618,63660,63670,10
13.011879921,80.2218017578,63670,63680,10
13.0120801926,80.221031189,63680,63691,11
13.0118598938,80.2202301025,63691,63701,10
13.011590004,80.219367981,63701,63711,10
13.0112895966,80.218421936,63711,63721,10
13.0109100342,80.2174224854,63721,63731,10
13.0106201172,80.2167205811,63731,63741,10
13.0102100372,80.2160415649,63741,63751,10
13.0098199844,80.2152404785,63751,63761,10
13.0094203949,80.2146682739,63761,63771,10
13.008939743,80.2140426636,63771,63783,12
13.0083703995,80.2134170532,63783,63793,10
13.0079603195,80.213180542,63793,63823,30
13.0079603195,80.213180542,63823,63833,10
13.0077495575,80.2130126953,63833,63843,10
13.0074901581,80.2128601074,63843,63853,10
13.0072002411,80.2127990723,63853,63863,10
13.0068798065,80.2127609253,63863,63873,10
13.0065603256,80.2127609253,63873,63884,11
13.0062398911,80.2128601074,63884,63894,10
13.0059604645,80.2130279541,63894,63903,9
13.0056800842,80.2129516602,63903,63914,11
13.005399704,80.2127838135,63914,63924,10
13.0051498413,80.212600708,63924,63934,10
13.0048904419,80.2124633789,63934,63944,10
13.0045900345,80.2123031616,63944,63954,10
13.0042200089,80.2121734619,63954,63964,10
13.0038995743,80.2120895386,63964,63975,11
13.0037202835,80.2119369507,63975,63985,10
13.0036897659,80.2117919922,63985,64005,20
13.0036897659,80.2117919922,64005,64015,10
13.0036897659,80.2115631104,64015,64025,10
13.0036201477,80.2109832764,64025,64035,10
13.0035495758,80.2105026245,64035,64045,10
13.0035104752,80.2100906372,64045,64055,10
13.0034399033,80.2094116211,64055,64065,10
13.002869606,80.2090606689,64065,64076,11
13.0020103455,80.2085800171,64076,64086,10
13.001159668,80.2081298828,64086,64096,10
13.0002403259,80.2077865601,64096,64106,10
12.9996595383,80.2076797485,64106,64116,10
12.9989995956,80.2075271606,64116,64126,10
12.9983797073,80.207572937,64126,64156,30
12.9983797073,80.207572937,64156,64167,11
12.9983301163,80.2079086304,64167,64177,10
12.9982404709,80.2084884644,64177,64187,10
12.9981603622,80.2090301514,64187,64197,10
12.9977903366,80.2095184326,64197,64207,10
12.9974803925,80.2101593018,64207,64217,10
12.9972801208,80.2105026245,64217,64227,10
12.997179985,80.2104797363,64227,64237,10
12.9970598221,80.2104568481,64237,64247,10
12.9967699051,80.2104187012,64247,64257,10
12.9965400696,80.2103805542,64257,64268,11
12.9959802628,80.210319519,64268,64278,10
12.9957304001,80.2102966309,64278,64288,10
12.9955101013,80.2102737427,64288,64298,10
12.9949398041,80.2102203369,64298,64308,10
12.994310379,80.2101593018,64308,64318,10
12.9938001633,80.2101287842,64318,64328,10
12.993639946,80.2102432251,64328,64348,20
12.993639946,80.2102432251,64348,64358,10
12.9935703278,80.210319519,64358,64369,11
12.9935398102,80.2104034424,64369,64379,10
12.9934301376,80.2109222412,64379,64389,10
12.993229866,80.2117462158,64389,64399,10
12.9930000305,80.2126617432,64399,64409,10
12.9928998947,80.2130508423,64409,64419,10
12.9928398132,80.2130584717,64419,64429,10
12.9927196503,80.2130279541,64429,64439,10
12.9923200607,80.2129135132,64439,64449,10
12.9916200638,80.2127075195,64449,64460,11
12.9915399551,80.2126922607,64460,64470,10
12.9913396835,80.2127380371,64470,64480,10
12.9911804199,80.2133178711,64480,64490,10
12.9909696579,80.2141418457,64490,64500,10
12.990819931,80.2144622803,64500,64510,10
12.9904403687,80.2147903442,64510,64520,10
12.9896097183,80.2147903442,64520,64530,10
12.9892196655,80.2147369385,64530,64540,10
12.9890003204,80.2150497437,64540,64550,10
12.9885997772,80.2156677246,64550,64561,11
12.9881801605,80.216293335,64561,64571,10
12.9879102707,80.2169799805,64571,64581,10
12.9877796173,80.217338562,64581,64591,10
12.9876098633,80.2178573608,64591,64601,10
12.9874696732,80.2182998657,64601,64611,10
12.9872303009,80.2183990479,64611,64621,10
12.9869699478,80.2183303833,64621,64631,10
12.9867296219,80.2182388306,64631,64641,10
12.9860296249,80.2180404663,64641,64651,10
12.9849996567,80.2179412842,64651,64662,11
12.9841098785,80.2180023193,64662,64672,10
12.9840402603,80.2180175781,64672,64682,10
12.983830452,80.2180328369,64682,64692,10
12.9831600189,80.2180404663,64692,64702,10
12.982339859,80.2180480957,64702,64712,10
12.9815397263,80.2180786133,64712,64722,10
12.9805402756,80.2183837891,64722,64732,10
12.9799003601,80.2186203003,64732,64742,10
12.9793596268,80.2188415527,64742,64753,11
12.9787101746,80.2191009521,64753,64763,10
12.9780197144,80.2193603516,64763,64773,10
12.9770402908,80.2197723389,64773,64783,10
12.9758300781,80.2203369141,64783,64900,117
12.9758300781,80.2203369141,64900,64912,12
12.9757204056,80.2204208374,64912,64920,8
12.975569725,80.2206115723,64920,64932,12
12.9757604599,80.2209777832,64932,65811,879
12.9757604599,80.2209777832,65811,65821,10
12.9758701324,80.2211914063,65821,65832,11
12.9761400223,80.2215881348,65832,65842,10
12.9765796661,80.2222671509,65842,65852,10
12.9769296646,80.2227935791,65852,65862,10
12.9774103165,80.2227630615,65862,65872,10
12.9775104523,80.2222290039,65872,65881,9
12.9774703979,80.221496582,65881,65892,11
12.9771795273,80.221321106,65892,65902,10
12.9765396118,80.2212905884,65902,65912,10
12.9762601852,80.221282959,65912,65923,11
12.9760599136,80.2212982178,65923,65933,10
12.975979805,80.221321106,65933,65943,10
12.9757699966,80.2211685181,65943,65953,10
12.9754896164,80.2209625244,65953,65963,10
12.9753503799,80.2207870483,65963,65973,10
12.9753103256,80.220703125,65973,65983,10
12.9754400253,80.2205276489,65983,65993,10
12.9757699966,80.2202606201,65993,66003,10
12.9764404297,80.2199478149,66003,66013,10
12.9773101807,80.2195968628,66013,66024,11
12.9783096313,80.2191696167,66024,66034,10
12.9788799286,80.2189788818,66034,66044,10
12.9796800613,80.2186584473,66044,66054,10
12.9803600311,80.2183837891,66054,66064,10
12.9812202454,80.2180862427,66064,66074,10
12.9820203781,80.2179107666,66074,66084,10
12.9824895859,80.2178878784,66084,66094,10
12.9837703705,80.217880249,66094,66114,20
12.9837703705,80.217880249,66114,66125,11
12.9840803146,80.2179031372,66125,66142,17
12.9853096008,80.217918396,66142,66154,12
12.9864797592,80.2181091309,66154,66164,10
12.9871902466,80.2182617188,66164,66173,9
12.9873800278,80.2182617188,66173,66184,11
12.9875097275,80.2180633545,66184,66194,10
12.9876804352,80.2175521851,66194,66204,10
12.987830162,80.2171020508,66204,66215,11
12.9882097244,80.2162094116,66215,66225,10
12.9888296127,80.2153015137,66225,66234,9
12.9891901016,80.2147369385,66234,66245,11
12.9894304276,80.2147293091,66245,66254,9
12.9895401001,80.2147674561,66254,66265,11
12.9900798798,80.2148971558,66265,66274,9
12.9906196594,80.2146377563,66274,66284,10
12.9909601212,80.2141418457,66284,66295,11
12.9911699295,80.2133178711,66295,66306,11
12.9915399551,80.2126922607,66306,66326,20
12.9915399551,80.2126922607,66326,66336,10
12.9919595718,80.2128219604,66336,66346,10
12.9926300049,80.2130126953,66346,66356,10
12.9928798676,80.2130508423,66356,66366,10
12.9929599762,80.2127609253,66366,66376,10
12.9931297302,80.2121582031,66376,66386,10
12.9932899475,80.2115020752,66386,66396,10
12.9933996201,80.2109680176,66396,66407,11
12.9935398102,80.2104797363,66407,66416,9
12.9935798645,80.2101974487,66416,66427,11
12.9937400818,80.2101516724,66427,66437,10
12.9937801361,80.2101516724,66437,66447,10
12.994099617,80.2101669312,66447,66457,10
12.9945602417,80.2102203369,66457,66467,10
12.9950399399,80.2102737427,66467,66477,10
12.9954395294,80.2103118896,66477,66487,10
12.995759964,80.210319519,66487,66497,10
12.9961996078,80.2103881836,66497,66518,21
12.9972200394,80.2105407715,66518,66528,10
12.9973802567,80.210357666,66528,66538,10
12.9975700378,80.2099533081,66538,66548,10
12.9976396561,80.2097625732,66548,66558,10
12.9978399277,80.2093887329,66558,66568,10
12.9981298447,80.2090072632,66568,66578,10
12.9981803894,80.208480835,66578,66588,10
12.9983701706,80.2074584961,66588,66629,41
12.9983701706,80.2074584961,66629,66639,10
12.9988603592,80.2075424194,66639,66679,40
12.9988603592,80.2075424194,66679,66689,10
12.9991197586,80.2075805664,66689,66700,11
12.9994001389,80.2076263428,66700,66710,10
12.999710083,80.2076873779,66710,66720,10
12.9999599457,80.2077484131,66720,66730,10
13.0002002716,80.2078018188,66730,66740,10
13.0006504059,80.2079086304,66740,66750,10
13.0013303757,80.2082366943,66750,66760,10
13.0022201538,80.2087020874,66760,66770,10
13.0028295517,80.2090301514,66770,66780,10
13.0034503937,80.2093582153,66780,66790,10
13.003490448,80.2097091675,66790,66801,11
13.0035600662,80.2101211548,66801,66811,10
13.003660202,80.210647583,66811,66821,10
13.0037202835,80.2112426758,66821,66831,10
13.0039596558,80.2120513916,66831,66851,20
13.0039596558,80.2120513916,66851,66861,10
13.0040998459,80.2121124268,66861,66871,10
13.0045499802,80.2123413086,66871,66881,10
13.0051603317,80.2126617432,66881,66892,11
13.0059204102,80.2129898071,66892,66902,10
13.006480217,80.2127914429,66902,66912,10
13.0071802139,80.2128295898,66912,66922,10
13.0076198578,80.2129135132,66922,66942,20
13.0077800751,80.2130203247,66942,66993,51
13.0077800751,80.2130203247,66993,67003,10
13.0080299377,80.213218689,67003,67013,10
13.0082197189,80.2133178711,67013,67023,10
13.0085802078,80.213508606,67023,67033,10
13.008939743,80.214012146,67033,67043,10
13.0094203949,80.2146377563,67043,67053,10
13.0097799301,80.2151412964,67053,67063,10
13.0100603104,80.2155532837,67063,67073,10
13.0104999542,80.2160720825,67073,67083,10
13.0107898712,80.2167663574,67083,67094,11
13.0111503601,80.2176437378,67094,67104,10
13.0115203857,80.2186889648,67104,67114,10
13.011879921,80.2197189331,67114,67124,10
13.0121803284,80.2205810547,67124,67144,20
13.0121803284,80.2205810547,67144,67154,10
13.0122995377,80.2207870483,67154,67164,10
13.0124597549,80.2212371826,67164,67174,10
13.0126495361,80.2216186523,67174,67185,11
13.0129203796,80.2220687866,67185,67195,10
13.0132703781,80.2224502563,67195,67205,10
13.0136098862,80.222869873,67205,67215,10
13.0139598846,80.2232971191,67215,67225,10
13.0143098831,80.223739624,67225,67235,10
13.0146303177,80.2241516113,67235,67245,10
13.0149898529,80.2245788574,67245,67255,10
13.0150995255,80.2246780396,67255,67265,10
13.0154600143,80.2249908447,67265,67296,31
13.0154600143,80.2249908447,67296,67306,10
13.015540123,80.2250518799,67306,67316,10
13.015879631,80.2253189087,67316,67326,10
13.0165195465,80.2253570557,67326,67336,10
13.0172996521,80.2250671387,67336,67346,10
13.0181798935,80.2247314453,67346,67356,10
13.019080162,80.2244415283,67356,67366,10
13.0196199417,80.2245178223,67366,67377,11
13.0200300217,80.2247924805,67377,67387,10
13.0205001831,80.2251281738,67387,67397,10
13.0209598541,80.2254714966,67397,67407,10
13.0212497711,80.2257080078,67407,67417,10
13.0215902328,80.2259597778,67417,67427,10
13.0219898224,80.2262420654,67427,67447,20
13.0219898224,80.2262420654,67447,67457,10
13.022069931,80.2263412476,67457,67467,10
13.0223703384,80.2266235352,67467,67478,11
13.0229301453,80.2271118164,67478,67488,10
13.0234699249,80.2275924683,67488,67498,10
13.0238599777,80.227897644,67498,67514,16
13.0243301392,80.2284164429,67514,67526,12
13.0246400833,80.2288818359,67526,67536,10
13.0247802734,80.2290802002,67536,67545,9
13.0249795914,80.2293624878,67545,67556,11
13.0254001617,80.2299423218,67556,67566,10
13.0257997513,80.2305526733,67566,67577,11
13.0259599686,80.2309417725,67577,67597,20
13.0259599686,80.2309417725,67597,67607,10
13.02602005,80.2312164307,67607,67618,11
13.026309967,80.2313690186,67618,67628,10
13.0270595551,80.2311782837,67628,67638,10
13.0277996063,80.231010437,67638,67648,10
13.0283498764,80.2309188843,67648,67669,21
13.0283498764,80.2309188843,67669,67679,10
13.0284700394,80.2309112549,67679,67689,10
13.0285902023,80.2308883667,67689,67699,10
13.0288000107,80.2308883667,67699,67709,10
13.0290603638,80.2308807373,67709,67729,20
13.0290603638,80.2308807373,67729,67739,10
13.0294704437,80.2308425903,67739,67749,10
13.0299301147,80.230796814,67749,67759,10
13.0303297043,80.230758667,67759,67770,11
13.0306301117,80.2307434082,67770,67780,10
13.0310297012,80.2307128906,67780,67790,10
13.0316200256,80.2306594849,67790,67800,10
13.0323495865,80.2305984497,67800,67810,10
13.0330600739,80.2305526733,67810,67830,20
13.0330600739,80.2305526733,67830,67840,10
13.0333795547,80.2305297852,67840,67871,31
13.0333795547,80.2305297852,67871,67881,10
13.0337600708,80.2304992676,67881,67891,10
13.0340795517,80.2304916382,67891,67931,40
13.0340795517,80.2304916382,67931,67941,10
13.0346603394,80.2303390503,67941,67962,21
13.0348901749,80.2302322388,67962,67982,20
13.0348901749,80.2302322388,67982,67992,10
13.0350503922,80.2299575806,67992,68002,10
13.0348396301,80.2298278809,68002,68012,10
13.034330368,80.2297592163,68012,68022,10
13.0342197418,80.229888916,68022,68032,10
13.034239769,80.2300262451,68032,68174,142
13.034239769,80.2300262451,68174,68184,10
13.0341501236,80.230430603,68184,68265,81
13.0341501236,80.230430603,68265,68275,10
13.0338401794,80.230506897,68275,68285,10
13.0335102081,80.2305221558,68285,68295,10
13.0329704285,80.2305603027,68295,68305,10
13.0325098038,80.2306137085,68305,68315,10
13.0320501328,80.2306518555,68315,68325,10
13.0318698883,80.230682373,68325,68335,10
13.0313596725,80.2307281494,68335,68345,10
13.0309400558,80.230758667,68345,68366,21
13.0309400558,80.230758667,68366,68376,10
13.0307798386,80.2307662964,68376,68386,10
13.0304899216,80.2307891846,68386,68396,10
13.0298204422,80.2308502197,68396,68416,20
13.0298204422,80.2308502197,68416,68426,10
13.0294399261,80.2308883667,68426,68436,10
13.0289001465,80.2309417725,68436,68447,11
13.0282096863,80.2310028076,68447,68457,10
13.0278501511,80.2310333252,68457,68467,10
13.0276203156,80.2311630249,68467,68477,10
13.027680397,80.2316665649,68477,68487,10
13.027759552,80.2321777344,68487,68497,10
13.0278501511,80.2325897217,68497,68507,10
13.0278396606,80.2328414917,68507,68517,10
13.0273599625,80.2329177856,68517,68527,10
13.0268096924,80.2330169678,68527,68659,132
13.0268096924,80.2330169678,68659,68669,10
13.0264797211,80.2330474854,68669,68679,10
13.0263299942,80.2328872681,68679,68688,9
13.0262098312,80.2324829102,68688,68699,11
13.0261096954,80.2320632935,68699,68708,9
13.026049614,80.2318191528,68708,68718,10
13.0259304047,80.2313308716,68718,68729,11
13.0255899429,80.2304229736,68729,68740,11
13.0249099731,80.2294692993,68740,68750,10
13.0246200562,80.2291412354,68750,68780,30
13.0246200562,80.2291412354,68780,68790,10
13.0244998932,80.2289962769,68790,68800,10
13.0242099762,80.2285690308,68800,68810,10
13.0237102509,80.2279510498,68810,68820,10
13.0232400894,80.2275619507,68820,68830,10
13.0230398178,80.2274475098,68830,68851,21
13.0230398178,80.2274475098,68851,68861,10
13.022769928,80.2272720337,68861,68871,10
13.0225801468,80.2269973755,68871,68891,20
13.0225801468,80.2269973755,68891,68901,10
13.0223197937,80.2266464233,68901,68911,10
13.0217399597,80.2261810303,68911,68921,10
13.0210103989,80.2256164551,68921,68931,10
13.0202598572,80.2251205444,68931,68942,11
13.0193195343,80.2245864868,68942,68952,10
13.018239975,80.2247924805,68952,68962,10
13.0171899796,80.2252197266,68962,68972,10
13.0165901184,80.225479126,68972,68982,10
13.0162200928,80.2256088257,68982,68992,10
13.0157403946,80.2257614136,68992,69002,10
13.0151996613,80.225982666,69002,69012,10
13.0144195557,80.2262878418,69012,69033,21
13.0144195557,80.2262878418,69033,69043,10
13.0140695572,80.2264022827,69043,69053,10
13.0134000778,80.2266464233,69053,69063,10
13.0124797821,80.2270202637,69063,69073,10
13.0113697052,80.2274780273,69073,69083,10
13.0103197098,80.2278823853,69083,69093,10
13.0095796585,80.227897644,69093,69103,10
13.0096797943,80.2273025513,69103,69113,10
13.0100097656,80.2265930176,69113,69124,11
13.010430336,80.2256469727,69124,69134,10
13.0108003616,80.2248001099,69134,69144,10
13.0110797882,80.224029541,69144,69154,10
13.0114002228,80.223197937,69154,69164,10
13.0117197037,80.2222518921,69164,69174,10
13.0118999481,80.2217025757,69174,69184,10
13.0119495392,80.2215499878,69184,69194,10
13.0119800568,80.2214202881,69194,69204,10
13.0120201111,80.2213134766,69204,69215,11
13.0120601654,80.2209777832,69215,69225,10
13.011879921,80.2203979492,69225,69235,10
13.011590004,80.2195281982,69235,69245,10
13.0113296509,80.2187805176,69245,69255,10
13.011059761,80.2180099487,69255,69265,10
13.0108003616,80.2173614502,69265,69275,10
13.0106296539,80.2169570923,69275,69285,10
13.0104904175,80.216583252,69285,69295,10
13.0102396011,80.2161865234,69295,69305,10
13.0099697113,80.2156066895,69305,69315,10
13.0096998215,80.2151489258,69315,69326,11
13.0094604492,80.21484375,69326,69336,10
13.0092201233,80.2145233154,69336,69346,10
13.0090303421,80.2142791748,69346,69457,111
13.0090303421,80.2142791748,69457,69467,10
13.0088195801,80.2139663696,69467,69477,10
13.0087003708,80.2138519287,69477,69518,41
13.0087003708,80.2138519287,69518,69528,10
13.0085697174,80.2136917114,69528,69538,10
13.0084104538,80.2135314941,69538,69588,50
13.0084104538,80.2135314941,69588,69598,10
13.0080604553,80.2133331299,69598,69608,10
13.0079097748,80.2132415771,69608,69619,11
13.0076999664,80.2130584717,69619,69629,10
13.0074701309,80.212928772,69629,69639,10
13.0070896149,80.212852478,69639,69649,10
13.0065097809,80.2127990723,69649,69659,10
13.0059900284,80.2129974365,69659,69669,10
13.0054502487,80.2128601074,69669,69678,9
13.004940033,80.2125701904,69678,69688,10
13.004240036,80.2122573853,69688,69699,11
13.0036697388,80.212020874,69699,69710,11
13.0036401749,80.2118377686,69710,69720,10
13.0036296844,80.2117919922,69720,69730,10
13.0036001205,80.2114028931,69730,69740,10
13.0035200119,80.2107086182,69740,69750,10
13.0034704208,80.2101821899,69750,69760,10
13.0034399033,80.2096633911,69760,69770,10
13.0031795502,80.2092666626,69770,69780,10
13.002530098,80.2089080811,69780,69790,10
13.0018901825,80.2085800171,69790,69800,10
13.0010404587,80.2081375122,69800,69811,11
13.000289917,80.207862854,69811,69821,10
12.9997301102,80.2077407837,69821,69831,10
12.9992599487,80.2076416016,69831,69841,10
12.998840332,80.2075576782,69841,69851,10
12.9985799789,80.2075195313,69851,69861,10
12.9984703064,80.2074813843,69861,69871,10
12.998339653,80.207649231,69871,70003,132
12.998339653,80.207649231,70003,70013,10
12.9982995987,80.2079391479,70013,70023,10
12.9982500076,80.208152771,70023,70033,10
12.998169899,80.2087478638,70033,70043,10
12.9979000092,80.2093429565,70043,70053,10
12.9976596832,80.209777832,70053,70063,10
12.9973697662,80.2104110718,70063,70073,10
12.9973297119,80.2105178833,70073,70083,10
12.9971504211,80.2105178833,70083,70093,10
12.9966497421,80.2104263306,70093,70104,11
12.9959096909,80.2103500366,70104,70114,10
12.9953804016,80.2102890015,70114,70124,10
12.994799614,80.2102432251,70124,70134,10
12.9943399429,80.2101974487,70134,70144,10
12.9935903549,80.2102432251,70144,70164,20
12.9935903549,80.2102432251,70164,70176,12
12.9934997559,80.2104034424,70176,70186,10
12.9933700562,80.2109985352,70186,70197,11
12.9931402206,80.2119293213,70197,70207,10
12.9929304123,80.2128372192,70207,70217,10
12.9927101135,80.2130508423,70217,70227,10
12.9921598434,80.2128982544,70227,70237,10
12.991519928,80.2127380371,70237,70247,10
12.9914703369,80.2127304077,70247,70257,10
12.9913396835,80.2126922607,70257,70267,10
12.991230011,80.2130508423,70267,70277,10
12.9910497665,80.2136077881,70277,70287,10
12.9908800125,80.2143325806,70287,70298,11
12.9907999039,80.2144775391,70298,70308,10
12.9907102585,80.2145690918,70308,70318,10
12.9903001785,80.2148666382,70318,70328,10
12.9895401001,80.2147827148,70328,70338,10
12.989159584,80.2148132324,70338,70348,10
12.9888401031,80.2152709961,70348,70358,10
12.9884595871,80.2158508301,70358,70368,10
12.9881401062,80.2163085938,70368,70379,11
12.9878902435,80.2168807983,70379,70389,10
12.987739563,80.2172927856,70389,70399,10
12.9876003265,80.2176971436,70399,70409,10
12.9874401093,80.21824646,70409,70429,20
12.9874401093,80.21824646,70429,70439,10
12.9872303009,80.218421936,70439,70449,10
12.986579895,80.2182388306,70449,70459,10
12.9855604172,80.2180099487,70459,70469,10
12.9846401215,80.2180175781,70469,70479,10
12.9840202332,80.2180633545,70479,70490,11
12.9839801788,80.2180709839,70490,70500,10
12.9837999344,80.2180633545,70500,70510,10
12.9831199646,80.2180480957,70510,70520,10
12.9822597504,80.2180633545,70520,70530,10
12.9813899994,80.218132019,70530,70540,10
12.9809598923,80.2182693481,70540,70550,10
12.9803800583,80.218460083,70550,70560,10
12.9800195694,80.2185974121,70560,70569,9
12.9795198441,80.2187805176,70569,70580,11
12.9788103104,80.2190628052,70580,70591,11
12.978099823,80.2193374634,70591,70601,10
12.9771299362,80.2197265625,70601,70611,10
12.9761400223,80.220161438,70611,70621,10
12.9757299423,80.2203598022,70621,70692,71
12.9757299423,80.2203598022,70692,70702,10
12.9755001068,80.2205963135,70702,70712,10
12.9756803513,80.2209701538,70712,71480,768
12.9756803513,80.2209701538,71480,71490,10
12.9758996964,80.2212982178,71490,71500,10
12.9759502411,80.2213592529,71500,71510,10
12.9761199951,80.2216186523,71510,71520,10
12.9765100479,80.2222518921,71520,71529,9
12.9768400192,80.2227706909,71529,71540,11
12.9773302078,80.2227935791,71540,71550,10
12.9774599075,80.2223968506,71550,71561,11
12.9774303436,80.2218170166,71561,71571,10
12.977399826,80.2213363647,71571,71581,10
12.977399826,80.2213287354,71581,71591,10
12.9771299362,80.2212905884,71591,71601,10
12.976559639,80.2212982178,71601,71611,10
12.9760303497,80.2213516235,71611,71621,10
12.9757099152,80.2211685181,71621,71631,10
12.9755001068,80.2210235596,71631,71641,10
12.9753398895,80.2208709717,71641,71652,11
12.9752998352,80.2208023071,71652,71662,10
12.9753704071,80.2205886841,71662,71672,10
12.9755802155,80.2203674316,71672,71682,10
12.9760704041,80.220123291,71682,71692,10
12.9768800735,80.2197723389,71692,71702,10
12.9777297974,80.2194213867,71702,71712,10
12.9783802032,80.2191467285,71712,71722,10
12.9787998199,80.21900177,71722,71732,10
12.9794597626,80.21875,71732,71742,10
12.9799604416,80.2185287476,71742,71753,11
12.9806003571,80.2182922363,71753,71763,10
12.9817199707,80.2179336548,71763,71823,60
12.9817199707,80.2179336548,71823,71833,10
12.9819898605,80.217918396,71833,71843,10
12.9820404053,80.217918396,71843,71854,11
12.982170105,80.2179031372,71854,71864,10
12.9826602936,80.2179107666,71864,71874,10
12.9834499359,80.2179336548,71874,71884,10
12.9839696884,80.2179336548,71884,71894,10
12.9841499329,80.2179031372,71894,71904,10
12.9845399857,80.2178878784,71904,71914,10
12.985329628,80.2178878784,71914,71924,10
12.9862804413,80.2180633545,71924,71934,10
12.9872503281,80.2182617188,71934,71955,21
12.9872503281,80.2182617188,71955,71965,10
12.9873199463,80.2182617188,71965,71975,10
12.9874696732,80.2180404663,71975,71985,10
12.9876499176,80.2174987793,71985,71995,10
12.987859726,80.2169036865,71995,72005,10
12.9881696701,80.2162017822,72005,72015,10
12.9885196686,80.2157211304,72015,72025,10
12.988820076,80.2152404785,72025,72035,10
12.9891195297,80.2148208618,72035,72046,11
12.9893302917,80.2147064209,72046,72056,10
12.9899396896,80.2148895264,72056,72066,10
12.9906702042,80.2145385742,72066,72076,10
12.9909696579,80.2138977051,72076,72086,10
12.9911203384,80.2133636475,72086,72096,10
12.9912900925,80.2126998901,72096,72106,10
12.991519928,80.212677002,72106,72116,10
12.9916095734,80.2127075195,72116,72126,10
12.9921598434,80.2128829956,72126,72137,11
12.9928102493,80.2130584717,72137,72147,10
12.9928398132,80.2130432129,72147,72157,10
12.9929199219,80.2127380371,72157,72167,10
12.9930200577,80.2123794556,72167,72177,10
12.9931602478,80.2118606567,72177,72187,10
12.9933004379,80.2113189697,72187,72197,10
12.9934301376,80.2107696533,72197,72207,10
12.9937200546,80.2101516724,72207,72227,20
12.9937200546,80.2101516724,72227,72238,11
12.9939699173,80.2101593018,72238,72248,10
12.994389534,80.2101974487,72248,72258,10
12.9947595596,80.2102432251,72258,72268,10
12.9951601028,80.2102584839,72268,72278,10
12.9954795837,80.2103118896,72278,72288,10
12.9957799911,80.2103271484,72288,72298,10
12.9961299896,80.2103729248,72298,72308,10
12.9965696335,80.2104187012,72308,72318,10
12.9972200394,80.2105178833,72318,72349,31
12.9972200394,80.2105178833,72349,72359,10
12.9974002838,80.2102813721,72359,72369,10
12.9975700378,80.2098007202,72369,72379,10
12.9977502823,80.2094268799,72379,72389,10
12.9979000092,80.2092971802,72389,72399,10
12.9980602264,80.2090911865,72399,72409,10
12.9981098175,80.2088470459,72409,72419,10
12.9981403351,80.2085189819,72419,72430,11
12.9982004166,80.2082138062,72430,72440,10
12.9982795715,80.2078475952,72440,72450,10
12.9983196259,80.2075424194,72450,72480,30
12.9983196259,80.2075424194,72480,72490,10
12.9986200333,80.2074813843,72490,72500,10
12.9986896515,80.2074966431,72500,72510,10
12.9988298416,80.2075195313,72510,72520,10
12.99903965,80.2075500488,72520,72531,11
12.999540329,80.2076568604,72531,72541,10
12.9998703003,80.2077331543,72541,72551,10
12.9999904633,80.2077636719,72551,72561,10
13.0003995895,80.2078323364,72561,72571,10
13.0010995865,80.2081375122,72571,72581,10
13.0020198822,80.2086181641,72581,72591,10
13.002869606,80.2090682983,72591,72601,10
13.0032997131,80.2092895508,72601,72611,10
13.0034399033,80.2096176147,72611,72622,11
13.0035200119,80.2099761963,72622,72632,10
13.0036096573,80.2105178833,72632,72642,10
13.0037002563,80.2112808228,72642,72652,10
13.0037698746,80.2119598389,72652,72662,10
13.0045204163,80.212310791,72662,72672,10
13.0052204132,80.2126998901,72672,72682,10
13.0060396194,80.212890625,72682,72692,10
13.0067901611,80.2127609253,72692,72702,10
13.0078001022,80.2130966187,72702,72733,31
13.0078001022,80.2130966187,72733,72743,10
13.0080499649,80.2132568359,72743,72753,10
13.0082998276,80.2133789063,72753,72763,10
13.0086402893,80.2136688232,72763,72773,10
13.0090503693,80.2142181396,72773,72783,10
13.009519577,80.2148971558,72783,72793,10
13.0098400116,80.2152862549,72793,72804,11
13.0103797913,80.215927124,72804,72814,10
13.0107402802,80.2167205811,72814,72824,10
13.01101017,80.2174224854,72824,72834,10
13.0113401413,80.2182693481,72834,72844,10
13.0116796494,80.2192382813,72844,72854,10
13.0119895935,80.2202529907,72854,72864,10
13.0123195648,80.2210769653,72864,72874,10
13.0126800537,80.2216873169,72874,72884,10
13.0131597519,80.2222595215,72884,72894,10
13.0135202408,80.2227630615,72894,72904,10
13.0139398575,80.2233276367,72904,72915,11
13.0142402649,80.2236785889,72915,72925,10
13.0145597458,80.2240219116,72925,72935,10
13.0150499344,80.2247009277,72935,72945,10
13.0154895782,80.2250137329,72945,72955,10
13.0155601501,80.2250900269,72955,72965,10
13.0160503387,80.2253723145,72965,72975,10
13.0165700912,80.2253189087,72975,72985,10
13.017370224,80.2250213623,72985,72995,10
13.0183095932,80.2246398926,72995,73005,10
13.0190401077,80.2244033813,73005,73016,11
13.019610405,80.2245101929,73016,73026,10
13.0199899673,80.2247772217,73026,73036,10
13.0205898285,80.2251968384,73036,73046,10
13.0210895538,80.2255706787,73046,73056,10
13.0219202042,80.2261810303,73056,73076,20
13.0219202042,80.2261810303,73076,73086,10
13.022190094,80.2264404297,73086,73096,10
13.0227603912,80.2269515991,73096,73107,11
13.0235595703,80.2276916504,73107,73117,10
13.0241298676,80.2282562256,73117,73127,10
13.0244903564,80.2287368774,73127,73137,10
13.024720192,80.2290725708,73137,73147,10
13.0250501633,80.2295227051,73147,73157,10
13.0255203247,80.230140686,73157,73167,10
13.0257997513,80.2305984497,73167,73197,30
13.0257997513,80.2305984497,73197,73213,16
13.0258998871,80.23097229,73213,73226,13
13.0259599686,80.231338501,73226,73236,10
13.0261602402,80.2313690186,73236,73246,10
13.026889801,80.2311782837,73246,73256,10
13.0275602341,80.2310180664,73256,73266,10
13.0282001495,80.2309494019,73266,73276,10
13.0284900665,80.2309112549,73276,73286,10
13.0288095474,80.2308807373,73286,73307,21
13.0288095474,80.2308807373,73307,73316,9
13.0290899277,80.2308425903,73316,73327,11
13.0294303894,80.2308120728,73327,73337,10
13.0297298431,80.230796814,73337,73347,10
13.0300197601,80.2307662964,73347,73357,10
13.0300397873,80.2307662964,73357,73367,10
13.0303096771,80.2307434082,73367,73377,10
13.0304899216,80.23072052,73377,73387,10
13.030790329,80.2307128906,73387,73397,10
13.0312404633,80.230682373,73397,73408,11
13.0319795609,80.2306213379,73408,73418,10
13.0327396393,80.2305526733,73418,73428,10
13.0334701538,80.230506897,73428,73438,10
13.034040451,80.2304534912,73438,73448,10
13.0345497131,80.2303695679,73448,73458,10
13.0350103378,80.2300262451,73458,73478,20
13.0350103378,80.2300262451,73478,73488,10
13.0349998474,80.2298736572,73488,73499,11
13.034620285,80.2298126221,73499,73509,10
13.0341796875,80.2298583984,73509,73646,137
13.0341300964,80.23021698,73646,73739,93
13.0341300964,80.23021698,73739,73749,10
13.0338602066,80.2305221558,73749,73759,10
13.033659935,80.2305221558,73759,73769,10
13.0335302353,80.2305297852,73769,73779,10
13.0333299637,80.2305297852,73779,73790,11
13.032790184,80.2305679321,73790,73800,10
13.0322303772,80.2306213379,73800,73810,10
13.0315999985,80.2306900024,73810,73820,10
13.0309696198,80.230758667,73820,73830,10
13.0308704376,80.2307662964,73830,73840,10
13.0307798386,80.2307434082,73840,73850,10
13.0304698944,80.2307662964,73850,73860,10
13.0300598145,80.2308120728,73860,73870,10
13.0297498703,80.2308807373,73870,73891,21
13.0297498703,80.2308807373,73891,73901,10
13.0293703079,80.2309188843,73901,73911,10
13.0287399292,80.2309799194,73911,73927,16
13.0276699066,80.2311325073,73927,73939,12
13.0276603699,80.2316970825,73939,73947,8
13.0277299881,80.2322769165,73947,73959,12
13.0277299881,80.2328567505,73959,73969,10
13.0272397995,80.2329406738,73969,73979,10
13.0267896652,80.233039856,73979,74020,41
13.0267896652,80.233039856,74020,74030,10
13.0264997482,80.2331085205,74030,74040,10
13.026260376,80.2328491211,74040,74050,10
13.026049614,80.2321472168,74050,74060,10
13.0258798599,80.2314300537,74060,74070,10
13.0255899429,80.2305603027,74070,74081,11
13.0250196457,80.2297286987,74081,74091,10
13.0246696472,80.2293014526,74091,74101,10
13.0245895386,80.2292022705,74101,74111,10
13.0243196487,80.2288208008,74111,74121,10
13.0238895416,80.2282409668,74121,74131,10
13.0232000351,80.2276229858,74131,74151,20
13.023059845,80.2275695801,74151,74171,20
13.023059845,80.2275695801,74171,74182,11
13.0227899551,80.2273178101,74182,74192,10
13.022600174,80.2269287109,74192,74202,10
13.0221204758,80.2265014648,74202,74212,10
13.0214395523,80.2259368896,74212,74222,10
13.0207004547,80.225402832,74222,74231,9
13.0200004578,80.2249069214,74231,74253,22
13.0200004578,80.2249069214,74253,74263,10
13.019610405,80.2246627808,74263,74273,10
13.0189399719,80.2245025635,74273,74284,11
13.0177097321,80.2249603271,74284,74294,10
13.0166501999,80.225402832,74294,74304,10
13.0161399841,80.2256011963,74304,74314,10
13.0156898499,80.2257614136,74314,74324,10
13.015250206,80.2259368896,74324,74334,10
13.0148496628,80.2260894775,74334,74344,10
13.0145797729,80.2261962891,74344,74354,10
13.0142002106,80.2263565063,74354,74375,21
13.0142002106,80.2263565063,74375,74385,10
13.0140104294,80.2264099121,74385,74395,10
13.0134601593,80.2266082764,74395,74405,10
13.0126199722,80.2269287109,74405,74415,10
13.0115499496,80.2273483276,74415,74425,10
13.0104398727,80.2277908325,74425,74435,10
13.0096797943,80.2280273438,74435,74445,10
13.0094995499,80.2275924683,74445,74455,10
13.0097999573,80.2269210815,74455,74466,11
13.0102300644,80.225982666,74466,74476,10
13.0104703903,80.2254562378,74476,74486,10
13.0105695724,80.225227356,74486,74496,10
13.0107297897,80.2248382568,74496,74506,10
13.0109901428,80.2241668701,74506,74516,10
13.0112895966,80.2234268188,74516,74526,10
13.0115404129,80.2227783203,74526,74536,10
13.0118103027,80.2219772339,74536,74546,10
13.0120296478,80.2213134766,74546,74556,10
13.0120000839,80.2208328247,74556,74567,11
13.0117301941,80.2199478149,74567,74577,10
13.0114603043,80.2191009521,74577,74587,10
13.0112304688,80.2183837891,74587,74597,10
13.0109500885,80.217628479,74597,74607,10
13.0105800629,80.216796875,74607,74616,9
13.0102996826,80.216217041,74616,74626,10
13.009929657,80.2155380249,74626,74637,11
13.0094003677,80.2147369385,74637,74647,10
13.0088300705,80.2139968872,74647,74658,11
13.008480072,80.2135696411,74658,74668,10
13.0082197189,80.2134170532,74668,74728,60
13.0082197189,80.2134170532,74728,74738,10
13.0080404282,80.2133407593,74738,74748,10
13.0077400208,80.2130966187,74748,74759,11
13.0071201324,80.2128829956,74759,74769,10
13.0064001083,80.212852478,74769,74779,10
13.0057401657,80.2130737305,74779,74789,10
13.0050201416,80.2126464844,74789,74799,10
13.0043001175,80.2123031616,74799,74809,10
13.0037002563,80.2120513916,74809,74818,9
13.0036296844,80.2117767334,74818,74829,11
13.0036201477,80.2116012573,74829,74839,10
13.0035600662,80.2109985352,74839,74849,10
13.0034704208,80.2102584839,74849,74860,11
13.0034503937,80.2095794678,74860,74870,10
13.0031404495,80.2092590332,74870,74880,10
13.0024003983,80.2088623047,74880,74889,9
13.0016298294,80.2084274292,74889,74900,11
13.0008602142,80.2080383301,74900,74910,10
13.0003404617,80.2078781128,74910,74920,10
13.000169754,80.2078323364,74920,74930,10
12.9996004105,80.2077178955,74930,74940,10
12.9994001389,80.2076721191,74940,74951,11
12.9989995956,80.2075881958,74951,74961,10
12.9986095428,80.2074966431,74961,74970,9
12.9983797073,80.2074813843,74970,74981,11
12.998339653,80.2076416016,74981,74991,10
12.9983196259,80.2077636719,74991,75001,10
12.9982404709,80.2081604004,75001,75011,10
12.9981603622,80.2088165283,75011,75041,30
12.9981603622,80.2088165283,75041,75052,11
12.9981203079,80.2090301514,75052,75062,10
12.9979000092,80.2093429565,75062,75071,9
12.9976902008,80.2096633911,75071,75082,11
12.9974298477,80.2102279663,75082,75092,10
12.997130394,80.2105102539,75092,75112,20
12.997130394,80.2105102539,75112,75122,10
12.9966201782,80.2104415894,75122,75132,10
12.9961395264,80.2104110718,75132,75143,11
12.9956598282,80.2103424072,75143,75153,10
12.9951400757,80.2102966309,75153,75163,10
12.9946298599,80.2102508545,75163,75173,10
12.9941701889,80.2102127075,75173,75183,10
12.9938602448,80.2101974487,75183,75193,10
12.9937000275,80.2101669312,75193,75203,10
12.9935503006,80.210357666,75203,75213,10
12.993519783,80.2104034424,75213,75223,10
12.9934301376,80.2107009888,75223,75233,10
12.993350029,80.2110671997,75233,75244,11
12.9931898117,80.2116928101,75244,75254,10
12.9930801392,80.2121887207,75254,75264,10
12.9929895401,80.2125015259,75264,75274,10
12.9928703308,80.2130203247,75274,75290,16
12.9921998978,80.2129211426,75290,75302,12
12.9914598465,80.2127304077,75302,75312,10
12.991399765,80.2126998901,75312,75322,10
12.9911899567,80.2130813599,75322,75333,11
12.9909801483,80.2138595581,75333,75342,9
12.9907302856,80.2145080566,75342,75353,11
12.9898796082,80.2149429321,75353,75363,10
12.9892501831,80.2147369385,75363,75373,10
12.9890699387,80.2148971558,75373,75383,10
12.9887399673,80.2153701782,75383,75393,10
12.9884195328,80.2158508301,75393,75403,10
12.9879903793,80.2165298462,75403,75413,10
12.9877595901,80.2171630859,75413,75423,10
12.9875898361,80.2176818848,75423,75434,11
12.9874296188,80.218170166,75434,75444,10
12.9873800278,80.2183380127,75444,75454,10
12.9873695374,80.2183837891,75454,75464,10
12.9870195389,80.2183914185,75464,75474,10
12.9868602753,80.2183609009,75474,75484,10
12.9866600037,80.2182769775,75484,75494,10
12.9859800339,80.2180862427,75494,75504,10
12.9849500656,80.2179870605,75504,75514,10
12.9842395782,80.2180404663,75514,75524,10
12.9839496613,80.2180404663,75524,75535,11
12.9837703705,80.2180404663,75535,75545,10
12.9830799103,80.2180480957,75545,75555,10
12.9822301865,80.2180328369,75555,75565,10
12.9811897278,80.218170166,75565,75575,10
12.980340004,80.2184524536,75575,75585,10
12.9798898697,80.2186431885,75585,75595,10
12.9794301987,80.2188415527,75595,75605,10
12.9788398743,80.2190475464,75605,75615,10
12.9783201218,80.2192611694,75615,75625,10
12.9774904251,80.2195968628,75625,75636,11
12.9764499664,80.2200622559,75636,75646,10
12.9758901596,80.2203063965,75646,75656,10
12.9757499695,80.2203674316,75656,75666,10
12.9755601883,80.220489502,75666,75706,40
12.9755601883,80.220489502,75706,75716,10
12.9755601883,80.2209625244,75716,75757,41
12.9755601883,80.2209625244,75757,75767,10
12.9758901596,80.2212905884,75767,75777,10
12.976269722,80.2218017578,75777,75797,20
12.976269722,80.2218017578,75797,75807,10
12.9762802124,80.2219390869,75807,75818,11
12.9765901566,80.2225036621,75818,75828,10
12.9769601822,80.2230834961,75828,75838,10
12.9773902893,80.2237625122,75838,75848,10
12.9778795242,80.2244873047,75848,75858,10
12.978269577,80.2251205444,75858,75868,10
12.9785404205,80.2255172729,75868,75878,10
12.9786195755,80.2256622314,75878,75888,10
12.9788999557,80.2261428833,75888,75898,10
12.9792404175,80.2267074585,75898,75908,10
12.979590416,80.2272720337,75908,75919,11
12.9800901413,80.2280731201,75919,75929,10
12.9805803299,80.2288970947,75929,75939,10
12.9808301926,80.2293395996,75939,75949,10
12.9811296463,80.2298583984,75949,75959,10
12.9815597534,80.23046875,75959,75969,10
12.9816198349,80.2305603027,75969,75979,10
12.9818201065,80.2309494019,75979,75989,10
12.9819803238,80.2316970825,75989,75999,10
12.982000351,80.2322235107,75999,76010,11
12.9819602966,80.2324981689,76010,76020,10
12.9819002151,80.2328033447,76020,76030,10
12.9818201065,80.2330093384,76030,76040,10
12.9816799164,80.2333374023,76040,76050,10
12.9815702438,80.2335586548,76050,76060,10
12.9815101624,80.2336578369,76060,76070,10
12.9812402725,80.2342300415,76070,76080,10
12.9811496735,80.2349777222,76080,76090,10
12.9812002182,80.2360916138,76090,76100,10
12.9812297821,80.236869812,76100,76110,10
12.9812297821,80.2370223999,76110,76121,11
12.9812297821,80.237159729,76121,76131,10
12.9812402725,80.2374725342,76131,76141,10
12.9812402725,80.2376785278,76141,76151,10
12.9812498093,80.2378616333,76151,76161,10
12.9812602997,80.2379684448,76161,76171,10
12.9812602997,80.2382507324,76171,76181,10
12.9812698364,80.2384414673,76181,76191,10
12.9812803268,80.2386703491,76191,76201,10
12.9812803268,80.2391586304,76201,76212,11
12.9812898636,80.2395172119,76212,76222,10
12.981300354,80.2398910522,76222,76232,10
12.9813098907,80.2404098511,76232,76242,10
12.9813299179,80.241317749,76242,76262,20
12.9813299179,80.241317749,76262,76272,10
12.9813404083,80.2419586182,76272,76292,20
12.9813404083,80.2419586182,76292,76302,10
12.9813404083,80.2421875,76302,76313,11
12.9813499451,80.2425231934,76313,76323,10
12.9813604355,80.2425994873,76323,76333,10
12.9813699722,80.2428131104,76333,76343,10
12.9813604355,80.2431793213,76343,76353,10
12.9812898636,80.2438812256,76353,76363,10
12.9811401367,80.2449111938,76363,76373,10
12.9809799194,80.2461929321,76373,76383,10
12.9808597565,80.2475967407,76383,76392,9
12.9807596207,80.248878479,76392,76404,12
12.9805402756,80.2502975464,76404,76414,10
12.9802999496,80.2512588501,76414,76424,10
12.9801797867,80.2518768311,76424,76434,10
12.9801502228,80.2519607544,76434,76444,10
12.9800596237,80.252243042,76444,76454,10
12.9800596237,80.252456665,76454,76464,10
12.9802799225,80.2526168823,76464,76474,10
12.9809303284,80.2526168823,76474,76484,10
12.9819297791,80.2526016235,76484,76494,10
12.9829397202,80.2525634766,76494,76505,11
12.984000206,80.2523269653,76505,76515,10
12.985039711,80.2520523071,76515,76525,10
12.9860496521,80.2517471313,76525,76646,121
12.9860496521,80.2517471313,76646,76656,10
12.9863595963,80.2516174316,76656,76666,10
12.9867696762,80.2515182495,76666,76682,16
12.9875402451,80.2513275146,76682,76694,12
12.9878902435,80.2515716553,76694,76705,11
12.9878997803,80.2516098022,76705,76713,8
12.9879598618,80.2520675659,76713,76725,12
12.9878997803,80.253112793,76725,76735,10
12.9878196716,80.25390625,76735,76743,8
12.9877996445,80.2542572021,76743,76807,64
12.9877996445,80.2542572021,76807,76817,10
12.9877595901,80.2545623779,76817,76827,10
12.9877195358,80.2549591064,76827,76837,10
12.9877004623,80.2551803589,76837,76847,10
12.9876499176,80.2555923462,76847,76989,142
12.9876499176,80.2555923462,76989,76999,10
12.9877099991,80.2557067871,76999,77009,10
12.9876298904,80.2560501099,77009,77019,10
12.9875802994,80.2566070557,77019,77029,10
12.9875402451,80.2572479248,77029,77039,10
12.9874801636,80.2579574585,77039,77049,10
12.9874200821,80.2586135864,77049,77059,10
12.9872703552,80.2594223022,77059,77090,31
12.9872703552,80.2595062256,77090,77120,30
12.9872703552,80.2595062256,77120,77130,10
12.9869298935,80.2595214844,77130,77251,121
12.9869804382,80.2592391968,77251,78052,801
12.9868402481,80.2591323853,78052,80487,2435
