12.9969396591,80.2571182251,20,575,555
12.9968996048,80.2570877075,575,939,364
12.9968996048,80.2571029663,939,2344,1405
12.9969997406,80.2570800781,2344,3869,1525
12.9969997406,80.2570800781,3869,3879,10
12.9969301224,80.2570877075,3879,4374,495
12.9969701767,80.2571868896,4374,4454,80
12.9968595505,80.2570724487,4454,11402,6948
12.9970397949,80.2570266724,11402,14382,2980
12.9968900681,80.2571487427,14382,15785,1403
12.9970302582,80.2568511963,15785,17453,1668
12.9970302582,80.2568511963,17453,17463,10
12.9969396591,80.2570571899,17463,17574,111
12.9969797134,80.2570571899,17574,18685,1111
12.9969997406,80.2571334839,18685,18927,242
12.9969501495,80.2570800781,18927,19826,899
12.9969501495,80.2570724487,19826,19998,172
12.9969596863,80.2570571899,19998,22886,2888
12.996919632,80.257232666,22886,23391,505
12.9968795776,80.2571716309,23391,27006,3615
12.9968795776,80.2571716309,27006,27016,10
12.997130394,80.2570419312,27016,27026,10
12.9973402023,80.2570037842,27026,27036,10
12.9973802567,80.256980896,27036,27047,11
12.9971199036,80.2569198608,27047,27935,888
12.9971199036,80.2569198608,27935,27945,10
12.9974603653,80.2567596436,27945,27955,10
12.9977302551,80.2565689087,27955,27966,11
12.9977903366,80.2562866211,27966,28370,404
12.9977903366,80.2562866211,28370,28380,10
12.9977302551,80.256149292,28380,28390,10
12.9977502823,80.2560119629,28390,28400,10
12.9978599548,80.2559204102,28400,28410,10
12.998339653,80.2559814453,28410,28420,10
12.9990501404,80.2560882568,28420,28430,10
12.9996595383,80.2562026978,28430,28440,10
13.0003099442,80.2563323975,28440,28450,10
13.0007696152,80.2563781738,28450,28460,10
13.0008602142,80.2563781738,28460,28471,11
13.0010900497,80.2564315796,28471,28481,10
13.0013599396,80.2564926147,28481,28491,10
13.0016202927,80.2565536499,28491,28501,10
13.002120018,80.2566375732,28501,28511,10
13.002699852,80.2567214966,28511,28521,10
13.0032596588,80.2568664551,28521,28531,10
13.004119873,80.2570495605,28531,28541,10
13.0049495697,80.2571563721,28541,28551,10
13.0057401657,80.2573013306,28551,28561,10
13.006310463,80.2573776245,28561,28571,10
13.0065603256,80.2572631836,28571,28581,10
13.0065202713,80.2568283081,28581,28592,11
13.0065097809,80.2558364868,28592,28602,10
13.0065402985,80.2549819946,28602,28612,10
13.0065202713,80.2541503906,28612,28621,9
13.0065202713,80.2534332275,28621,28632,11
13.0065202713,80.2527770996,28632,28642,10
13.0065402985,80.2524108887,28642,28652,10
13.0066299438,80.251953125,28652,28662,10
13.0067396164,80.2513198853,28662,28672,10
13.0067596436,80.2506027222,28672,28683,11
13.0067501068,80.2498168945,28683,28693,10
13.0067501068,80.249382019,28693,28703,10
13.0067195892,80.248916626,28703,28713,10
13.0066795349,80.2484970093,28713,28723,10
13.0066404343,80.248046875,28723,28733,10
13.0066299438,80.2475814819,28733,28743,10
13.006649971,80.2472076416,28743,28753,10
13.006649971,80.2468566895,28753,28763,10
13.0066604614,80.2463684082,28763,28773,10
13.0066299438,80.2457580566,28773,28784,11
13.0066299438,80.2452163696,28784,28794,10
13.0066299438,80.2448425293,28794,28804,10
13.0066204071,80.2444229126,28804,28814,10
13.0066204071,80.2439880371,28814,28824,10
13.0066204071,80.243560791,28824,28834,10
13.0065898895,80.243057251,28834,28844,10
13.0065803528,80.2424621582,28844,28854,10
13.0065698624,80.2418289185,28854,28864,10
13.0066003799,80.2412414551,28864,28874,10
13.0066404343,80.2409210205,28874,28885,11
13.0066795349,80.2406768799,28885,28895,10
13.0067396164,80.2403411865,28895,28905,10
13.0068597794,80.2398300171,28905,28915,10
13.0069599152,80.2391815186,28915,28925,10
13.0070896149,80.2385101318,28925,28935,10
13.0072402954,80.2378311157,28935,28945,10
13.0073900223,80.237197876,28945,28955,10
13.0075302124,80.236579895,28955,28965,10
13.007610321,80.2361297607,28965,28975,10
13.0077295303,80.2355270386,28975,28986,11
13.0078401566,80.2350006104,28986,28996,10
13.0079402924,80.2344589233,28996,29006,10
13.0080699921,80.2338180542,29006,29016,10
13.0082197189,80.2330703735,29016,29026,10
13.0083703995,80.2323074341,29026,29036,10
13.0085201263,80.2314376831,29036,29046,10
13.0086698532,80.2305831909,29046,29056,10
13.0088500977,80.2296676636,29056,29066,10
13.0090303421,80.2287979126,29066,29076,10
13.0092096329,80.2281112671,29076,29087,11
13.0095796585,80.2273025513,29087,29097,10
13.0099201202,80.2265396118,29097,29107,10
13.0102500916,80.2259063721,29107,29117,10
13.0106096268,80.225227356,29117,29127,10
13.0108995438,80.2245788574,29127,29137,10
13.0111398697,80.2240066528,29137,29147,10
13.011300087,80.2235412598,29147,29157,10
13.0113096237,80.2233886719,29157,29167,10
13.0114803314,80.2230682373,29167,29177,10
13.0116996765,80.2225265503,29177,29188,11
13.0119695663,80.2217407227,29188,29198,10
13.012339592,80.2214584351,29198,29208,10
13.0126199722,80.2219009399,29208,29218,10
13.0130596161,80.2223968506,29218,29228,10
13.0135202408,80.2229232788,29228,29238,10
13.0140199661,80.2234802246,29238,29248,10
13.0144300461,80.2239990234,29248,29258,10
13.0148696899,80.2244873047,29258,29268,10
13.0152902603,80.2249298096,29268,29278,10
13.0157604218,80.2252807617,29278,29288,10
13.0163497925,80.2253723145,29288,29299,11
13.0171403885,80.225112915,29299,29309,10
13.017950058,80.2247695923,29309,29319,10
13.0187196732,80.2244491577,29319,29329,10
13.0192899704,80.2243804932,29329,29339,10
13.0198202133,80.2246170044,29339,29355,16
13.0207004547,80.2252426147,29355,29367,12
13.0210599899,80.2255325317,29367,29377,10
13.0214796066,80.2258605957,29377,29387,10
13.0220499039,80.2262573242,29387,29398,11
13.0226898193,80.2267913818,29398,29408,10
13.0232200623,80.2272796631,29408,29418,10
13.0236797333,80.2276763916,29418,29427,9
13.0239601135,80.2279434204,29427,29438,11
13.0243501663,80.2283401489,29438,29488,50
13.024479866,80.2285766602,29488,29569,81
13.024479866,80.2285766602,29569,29579,10
13.0242900848,80.2286911011,29579,29589,10
13.0240402222,80.2284164429,29589,29600,11
13.0237503052,80.2280197144,29600,29609,9
13.0234804153,80.2277908325,29609,29650,41
13.023440361,80.2275924683,29650,29832,182
13.023440361,80.2275924683,29832,29842,10
13.0232696533,80.2275009155,29842,29862,20
13.0232696533,80.2275009155,29862,29872,10
13.0231103897,80.2273330688,29872,29882,10
13.0228700638,80.2270736694,29882,29892,10
13.0227804184,80.2269973755,29892,29902,10
13.0226402283,80.2268829346,29902,29913,11
13.0223197937,80.2265777588,29913,29923,10
13.0220098495,80.2263031006,29923,29933,10
13.0217895508,80.2261276245,29933,29943,10
13.0214796066,80.2259216309,29943,29953,10
13.0211400986,80.2256393433,29953,29963,10
13.0207004547,80.2253265381,29963,29973,10
13.0205497742,80.2252502441,29973,29983,10
13.0201997757,80.2250213623,29983,29993,10
13.0198802948,80.224822998,29993,30003,10
13.0198698044,80.2248077393,30003,30014,11
13.0198097229,80.2247467041,30014,30024,10
13.0194597244,80.2245788574,30024,30034,10
13.0188703537,80.2245330811,30034,30044,10
13.0182104111,80.2247924805,30044,30054,10
13.0174999237,80.2250671387,30054,30063,9
13.0168199539,80.2253494263,30063,30073,10
13.0162801743,80.2255630493,30073,30083,10
13.0156602859,80.2257766724,30083,30094,11
13.0149497986,80.22605896,30094,30104,10
13.014380455,80.2262878418,30104,30115,11
13.0143404007,80.22631073,30115,30125,10
13.0140304565,80.2264022827,30125,30135,10
13.0135402679,80.2265777588,30135,30145,10
13.0129098892,80.2268295288,30145,30155,10
13.0122499466,80.2270965576,30155,30165,10
13.0115098953,80.2273788452,30165,30175,10
13.0107498169,80.2276992798,30175,30185,10
13.0099496841,80.2280273438,30185,30195,10
13.0092802048,80.2284164429,30195,30205,10
13.0091600418,80.2288818359,30205,30216,11
13.009059906,80.2293624878,30216,30365,149
13.009059906,80.2293624878,30365,30375,10
13.0090198517,80.2295684814,30375,30385,10
13.008939743,80.2299194336,30385,30394,9
13.0088195801,80.2304916382,30394,30404,10
13.0086603165,80.2312393188,30404,30415,11
13.0085000992,80.2321014404,30415,30426,11
13.0083198547,80.233001709,30426,30436,10
13.0082702637,80.233543396,30436,30456,20
13.0082702637,80.233543396,30456,30466,10
13.0081501007,80.2338180542,30466,30476,10
13.0080604553,80.2343063354,30476,30486,10
13.0078897476,80.2351608276,30486,30496,10
13.0078897476,80.2351608276,30496,30506,10
13.0077600479,80.235786438,30506,30516,10
13.007610321,80.236579895,30516,30527,11
13.0074195862,80.2374572754,30527,30537,10
13.0072202682,80.2384033203,30537,30547,10
13.0070400238,80.2393188477,30547,30557,10
13.0068902969,80.2400970459,30557,30568,11
13.0067396164,80.2408828735,30568,30579,11
13.0066604614,80.2417221069,30579,30589,10
13.0066604614,80.2424087524,30589,30599,10
13.0066795349,80.2432785034,30599,30608,9
13.0066900253,80.2440490723,30608,30618,10
13.0067100525,80.2448425293,30618,30629,11
13.0067195892,80.2455978394,30629,30640,11
13.0067501068,80.2463226318,30640,30680,40
13.0067501068,80.2463226318,30680,30690,10
13.0067501068,80.2470016479,30690,30700,10
13.0066003799,80.2473831177,30700,30710,10
13.0061597824,80.2474517822,30710,30741,31
13.0061597824,80.2474517822,30741,30751,10
13.00578022,80.2474365234,30751,30761,10
13.0052995682,80.2473983765,30761,30771,10
13.0046195984,80.2474365234,30771,30780,9
13.0039300919,80.2474975586,30780,30791,11
13.003080368,80.2476501465,30791,30801,10
13.0026397705,80.247718811,30801,30811,10
13.0024003983,80.2478027344,30811,30821,10
13.0019302368,80.2479019165,30821,30832,11
13.0011997223,80.2480926514,30832,30842,10
13.000459671,80.2482681274,30842,30852,10
12.9996099472,80.2484817505,30852,30862,10
12.9987602234,80.2487106323,30862,30872,10
12.9982099533,80.2488632202,30872,30892,20
12.9982099533,80.2488632202,30892,30902,10
12.9978599548,80.248916626,30902,30912,10
12.9972496033,80.2490615845,30912,30922,10
12.9965000153,80.2492523193,30922,30933,11
12.9955596924,80.2494812012,30933,30943,10
12.9946298599,80.2497177124,30943,30953,10
12.9937000275,80.249961853,30953,30963,10
12.9926795959,80.250213623,30963,30979,16
12.9913196564,80.250579834,30979,30991,12
12.9912099838,80.2506103516,30991,31001,10
12.9911403656,80.250579834,31001,31010,9
12.9907398224,80.2506866455,31010,31021,11
12.9899997711,80.2508773804,31021,31031,10
12.9892196655,80.251083374,31031,31042,11
12.9886798859,80.2512435913,31042,31163,121
12.9884901047,80.2512664795,31163,31254,91
12.9884595871,80.2512588501,31254,31284,30
12.9884595871,80.2512588501,31284,31294,10
12.9883203506,80.2513427734,31294,31304,10
12.9880800247,80.2514190674,31304,31314,10
12.9877004623,80.2515106201,31314,31324,10
12.9871501923,80.2516479492,31324,31334,10
12.986579895,80.2517929077,31334,31345,11
12.9858102798,80.2519989014,31345,31355,10
12.9849500656,80.2522277832,31355,31365,10
12.9839696884,80.2524795532,31365,31375,10
12.9829702377,80.2526626587,31375,31385,10
12.9819402695,80.2527236938,31385,31395,10
12.9810304642,80.2527236938,31395,31405,10
12.9802703857,80.2527770996,31405,31415,10
12.9797401428,80.2527389526,31415,31425,10
12.9792404175,80.2527236938,31425,31435,10
12.9788703918,80.2526702881,31435,31445,10
12.9787197113,80.2526397705,31445,31462,17
12.9785995483,80.2525787354,31462,31474,12
12.9780702591,80.2521896362,31474,31484,10
12.977519989,80.251701355,31484,31494,10
12.9772396088,80.2515029907,31494,31504,10
12.9766902924,80.2512893677,31504,31514,10
12.9759502411,80.251083374,31514,31524,10
12.9750995636,80.2508163452,31524,31534,10
12.9741096497,80.2505264282,31534,31544,10
12.9730501175,80.2502593994,31544,31555,11
12.9718599319,80.2499313354,31555,31565,10
12.9707098007,80.2496109009,31565,31575,10
12.9695501328,80.2491836548,31575,31584,9
12.9685201645,80.2487716675,31584,31594,10
12.9674901962,80.2483596802,31594,31605,11
12.9667196274,80.2479934692,31605,31615,10
12.9661998749,80.247756958,31615,31625,10
12.965089798,80.2473983765,31625,31645,20
12.965089798,80.2473983765,31645,31656,11
12.9649600983,80.2473678589,31656,31666,10
12.9644603729,80.2471618652,31666,31676,10
12.9637699127,80.2468795776,31676,31712,36
12.9637699127,80.2468795776,31712,31724,12
12.9636001587,80.2467727661,31724,31734,10
12.963139534,80.2465362549,31734,31744,10
12.9624500275,80.2462615967,31744,31754,10
12.9617300034,80.2458877563,31754,31765,11
12.9607696533,80.2454071045,31765,31775,10
12.9598798752,80.245010376,31775,31785,10
12.9595003128,80.2448577881,31785,31805,20
12.9595003128,80.2448577881,31805,31815,10
12.9593095779,80.2447891235,31815,31825,10
12.9588098526,80.2445297241,31825,31835,10
12.9581298828,80.2442398071,31835,31845,10
12.9579000473,80.2441635132,31845,31856,11
12.9577703476,80.244102478,31856,31866,10
12.9573202133,80.243927002,31866,31876,10
12.9566602707,80.2436981201,31876,31886,10
12.9563503265,80.243560791,31886,31896,10
12.9558401108,80.2433395386,31896,31906,10
12.9550695419,80.2429580688,31906,31916,10
12.9541902542,80.2425994873,31916,31926,10
12.9533004761,80.2422637939,31926,31936,10
12.9523296356,80.2418823242,31936,31946,10
12.9517002106,80.2416915894,31946,31956,10
12.9516897202,80.2416763306,31956,31973,17
12.951499939,80.2416000366,31973,31985,12
12.9509496689,80.2414169312,31985,31995,10
12.9506397247,80.2413024902,31995,32035,40
12.9506397247,80.2413024902,32035,32045,10
12.9502296448,80.2411499023,32045,32054,9
12.9498195648,80.2410430908,32054,32065,11
12.9493598938,80.2408905029,32065,32076,11
12.9488401413,80.2406921387,32076,32086,10
12.9482603073,80.2404403687,32086,32096,10
12.9477500916,80.2402572632,32096,32106,10
12.947259903,80.2400588989,32106,32136,30
12.947259903,80.2400588989,32136,32146,10
12.9471797943,80.2400436401,32146,32156,10
12.9468002319,80.2398910522,32156,32167,11
12.9464902878,80.2397994995,32167,32217,50
12.9464902878,80.2397994995,32217,32227,10
12.946149826,80.239616394,32227,32237,10
12.9458198547,80.2394790649,32237,32268,31
12.9458198547,80.2394790649,32268,32278,10
12.9455404282,80.2393798828,32278,32298,20
12.9455404282,80.2393798828,32298,32308,10
12.9454402924,80.2393417358,32308,32318,10
12.9451999664,80.2391586304,32318,32348,30
12.945019722,80.2389602661,32348,32409,61
12.944729805,80.2386322021,32409,32429,20
12.944729805,80.2386322021,32429,32439,10
12.9445800781,80.2384719849,32439,32449,10
12.9441404343,80.2380981445,32449,32469,20
12.9441404343,80.2380981445,32469,32480,11
12.9440698624,80.2379684448,32480,32490,10
12.9439401627,80.2378005981,32490,32500,10
12.943860054,80.237739563,32500,32510,10
12.9437103271,80.2376174927,32510,32520,10
12.9436502457,80.2375335693,32520,32530,10
12.943570137,80.2374420166,32530,32540,10
12.94328022,80.2371368408,32540,32641,101
12.94328022,80.2371368408,32641,32651,10
12.9429998398,80.2368164063,32651,32661,10
12.9425401688,80.2365875244,32661,32682,21
12.9423999786,80.2365112305,32682,32722,40
12.9423999786,80.2365112305,32722,32732,10
12.9420700073,80.2364196777,32732,32742,10
12.9417600632,80.2363510132,32742,32752,10
12.941570282,80.2363204956,32752,32762,10
12.9414300919,80.236289978,32762,32772,10
12.9409399033,80.2361602783,32772,32793,21
12.9408798218,80.2361297607,32793,32833,40
12.9408798218,80.2361297607,32833,32843,10
12.9406099319,80.2360610962,32843,32853,10
12.940489769,80.236038208,32853,32863,10
12.9403095245,80.2359771729,32863,32883,20
12.9403095245,80.2359771729,32883,32894,11
12.9402303696,80.2359466553,32894,32904,10
12.9399700165,80.2358398438,32904,32924,20
12.9399700165,80.2358398438,32924,32934,10
12.9397096634,80.2357406616,32934,32944,10
12.9392004013,80.2355270386,32944,33005,61
12.9392004013,80.2355270386,33005,33015,10
12.9391002655,80.2355270386,33015,33025,10
12.9388599396,80.2353820801,33025,33035,10
12.9385700226,80.2352218628,33035,33045,10
12.9383802414,80.2350997925,33045,33055,10
12.9382400513,80.2350311279,33055,33096,41
12.9382400513,80.2350311279,33096,33106,10
12.938079834,80.234916687,33106,33116,10
12.9377098083,80.2347412109,33116,33126,10
12.9375295639,80.2346420288,33126,33136,10
12.937379837,80.2345809937,33136,33146,10
12.9368400574,80.2343215942,33146,33186,40
12.9368400574,80.2343215942,33186,33196,10
12.9365797043,80.234161377,33196,33207,11
12.93612957,80.2339477539,33207,33217,10
12.9358301163,80.2338180542,33217,33227,10
12.9354600906,80.2336502075,33227,33237,10
12.9349603653,80.2334518433,33237,33247,10
12.9346504211,80.2332992554,33247,33257,10
12.9345598221,80.2332611084,33257,33267,10
12.9344100952,80.2332000732,33267,33277,10
12.9339895248,80.2330169678,33277,33297,20
12.9339895248,80.2330169678,33297,33308,11
12.9338798523,80.2329788208,33308,33318,10
12.9337596893,80.2329177856,33318,33328,10
12.9335098267,80.2328033447,33328,33338,10
12.9334497452,80.2327804565,33338,33348,10
12.9333200455,80.2327423096,33348,33358,10
12.9331903458,80.2326583862,33358,33368,10
12.9330701828,80.2325973511,33368,33378,10
12.9329996109,80.2325820923,33378,33388,10
12.932800293,80.2324829102,33388,33398,10
12.9325704575,80.2323989868,33398,33409,11
12.9321804047,80.2322692871,33409,33419,10
12.9317302704,80.2321166992,33419,33429,10
12.9310798645,80.231918335,33429,33439,10
12.9305801392,80.2317962646,33439,33449,10
12.930439949,80.2317276001,33449,33459,10
12.9302501678,80.2316970825,33459,33469,10
12.9300603867,80.2316436768,33469,33479,10
12.9298295975,80.2315597534,33479,33489,10
12.9293804169,80.2314605713,33489,33510,21
12.9293804169,80.2314605713,33510,33520,10
12.9291200638,80.2314224243,33520,33530,10
12.9285802841,80.2313079834,33530,33540,10
12.9278202057,80.2311935425,33540,33550,10
12.9269199371,80.2310714722,33550,33560,10
12.9260902405,80.2310180664,33560,33580,20
12.9260902405,80.2310180664,33580,33590,10
12.9258003235,80.2309875488,33590,33600,10
12.9252996445,80.2309188843,33600,33611,11
12.9245595932,80.2308273315,33611,33621,10
12.9237604141,80.2307128906,33621,33631,10
12.9228096008,80.2305679321,33631,33641,10
12.9217195511,80.2304000854,33641,33651,10
12.9204998016,80.2302322388,33651,33661,10
12.9192800522,80.2300796509,33661,33671,10
12.9181404114,80.229927063,33671,33681,10
12.917429924,80.2298583984,33681,33691,10
12.9171695709,80.2298431396,33691,33701,10
12.9167995453,80.2297821045,33701,33711,10
12.9162597656,80.2296905518,33711,33722,11
12.9154901505,80.2295684814,33722,33732,10
12.9146604538,80.2294387817,33732,33742,10
12.9132995605,80.2292785645,33742,33772,30
12.9132995605,80.2292785645,33772,33782,10
12.9129600525,80.2292098999,33782,33792,10
12.9124097824,80.2291183472,33792,33802,10
12.9116201401,80.2290115356,33802,33812,10
12.9107198715,80.2288894653,33812,33823,11
12.9096403122,80.2287216187,33823,33833,10
12.9089603424,80.2286300659,33833,33843,10
12.908490181,80.2285614014,33843,33853,10
12.9078702927,80.2284469604,33853,33863,10
12.9072599411,80.2283782959,33863,33984,121
12.9072599411,80.2283782959,33984,33994,10
12.9068603516,80.2283096313,33994,34004,10
12.9063196182,80.2282714844,34004,34014,10
12.9061698914,80.2282714844,34014,34025,11
12.9056196213,80.2282409668,34025,34035,10
12.9048404694,80.228187561,34035,34045,10
12.9040203094,80.2281417847,34045,34055,10
12.9032201767,80.2281112671,34055,34065,10
12.9026603699,80.2280807495,34065,34075,10
12.9023199081,80.2280578613,34075,34085,10
12.9020795822,80.2280426025,34085,34095,10
12.9017801285,80.2280273438,34095,34105,10
12.9013595581,80.2279968262,34105,34115,10
12.9011201859,80.2279891968,34115,34226,111
12.9011201859,80.2279891968,34226,34237,11
12.9009399414,80.227897644,34237,34247,10
12.9004802704,80.2278594971,34247,34257,10
12.8997898102,80.2278366089,34257,34267,10
12.8987102509,80.2278518677,34267,34297,30
12.8987102509,80.2278518677,34297,34307,10
12.898639679,80.2278366089,34307,34317,10
12.8982095718,80.2277832031,34317,34327,10
12.897600174,80.2277526855,34327,34338,11
12.8967599869,80.227722168,34338,34348,10
12.8959102631,80.2276916504,34348,34358,10
12.8950099945,80.2276535034,34358,34374,16
12.8934497833,80.2275619507,34374,34477,103
12.8934497833,80.2275619507,34477,34487,10
12.8932199478,80.2275238037,34487,34497,10
12.8929796219,80.2274780273,34497,34507,10
12.8927402496,80.2274475098,34507,34517,10
12.8924398422,80.2274017334,34517,34527,10
12.8919801712,80.2273788452,34527,34537,10
12.891289711,80.2273712158,34537,34548,11
12.8903598785,80.2273788452,34548,34557,9
12.8895101547,80.2273788452,34557,34568,11
12.8886604309,80.2273788452,34568,34578,10
12.8879003525,80.2273178101,34578,34588,10
12.8871202469,80.2271881104,34588,34598,10
12.8862695694,80.2269973755,34598,34608,10
12.8853902817,80.2267990112,34608,34618,10
12.8848199844,80.2267227173,34618,34628,10
12.8840398788,80.2267303467,34628,34638,10
12.8831300735,80.2267303467,34638,34649,11
12.8819799423,80.2267379761,34649,34659,10
12.8808202744,80.2267608643,34659,34669,10
12.8796596527,80.2267608643,34669,34679,10
12.878490448,80.2267990112,34679,34689,10
12.8773803711,80.2269210815,34689,34699,10
12.876250267,80.2270126343,34699,34719,20
12.876250267,80.2270126343,34719,34729,10
12.8759098053,80.2269821167,34729,34739,10
12.8753595352,80.2269592285,34739,34750,11
12.8745002747,80.2268371582,34750,34760,10
12.8736000061,80.2267303467,34760,34770,10
12.8725996017,80.2267227173,34770,34790,20
12.8725996017,80.2267227173,34790,34800,10
12.8723297119,80.2267227173,34800,34810,10
12.8717803955,80.2266921997,34810,34820,10
12.8709897995,80.2266616821,34820,34830,10
12.8701000214,80.2265777588,34830,34840,10
12.869099617,80.2264633179,34840,34850,10
12.8679895401,80.2264175415,34850,34861,11
12.8668298721,80.2265396118,34861,34871,10
12.8659896851,80.2266082764,34871,34881,10
12.8650999069,80.2266235352,34881,34891,10
12.8640804291,80.2265777588,34891,34901,10
12.8629703522,80.2265472412,34901,34911,10
12.8619403839,80.2266082764,34911,34921,10
12.8612298965,80.2266311646,34921,34931,10
12.861120224,80.2266387939,34931,34941,10
12.8608999252,80.2265777588,34941,34951,10
12.8603801727,80.2265167236,34951,34962,11
12.8595399857,80.2263793945,34962,34972,10
12.8586196899,80.226272583,34972,34982,10
12.8576097488,80.2262573242,34982,34992,10
12.8564901352,80.2263717651,34992,35002,10
12.8552999496,80.2265014648,35002,35012,10
12.8540296555,80.2266311646,35012,35022,10
12.8527202606,80.2267074585,35022,35032,10
12.8514003754,80.2266616821,35032,35042,10
12.8503704071,80.2266311646,35042,35063,21
12.8503704071,80.2266311646,35063,35073,10
12.8502397537,80.226600647,35073,35083,10
12.8497896194,80.226600647,35083,35093,10
12.8490800858,80.2266082764,35093,35103,10
12.8481798172,80.2266235352,35103,35113,10
12.8472499847,80.2266235352,35113,35123,10
12.8464202881,80.2266387939,35123,35133,10
12.8459796906,80.2266387939,35133,35143,10
12.8456096649,80.2266235352,35143,35164,21
12.8456096649,80.2266235352,35164,35174,10
12.8453397751,80.226600647,35174,35184,10
12.8447904587,80.2266387939,35184,35194,10
12.8440504074,80.2266998291,35194,35204,10
12.8432598114,80.2268295288,35204,35214,10
12.8424596786,80.2269973755,35214,35224,10
12.8414697647,80.2272872925,35224,35234,10
12.8404598236,80.2275390625,35234,35264,30
12.8404598236,80.2275390625,35264,35275,11
12.8402500153,80.2276000977,35275,35335,60
12.8399095535,80.2277374268,35335,35376,41
12.8399095535,80.2277374268,35376,35386,10
12.8395595551,80.2278137207,35386,35396,10
12.8390197754,80.227897644,35396,35406,10
12.8382997513,80.2280731201,35406,35416,10
12.837439537,80.2282409668,35416,35426,10
12.8364400864,80.2284011841,35426,35436,10
12.8353595734,80.2285690308,35436,35446,10
12.8342599869,80.2287368774,35446,35456,10
12.8333101273,80.2289199829,35456,35466,10
12.8325195313,80.229057312,35466,35477,11
12.8318195343,80.2291870117,35477,35487,10
12.8315896988,80.2287826538,35487,35507,20
12.8315896988,80.2287826538,35507,35517,10
12.8315496445,80.2286071777,35517,35527,10
12.8314504623,80.2281570435,35527,35537,10
12.831319809,80.2275085449,35537,35547,10
12.8311500549,80.2266769409,35547,35557,10
12.8310604095,80.2258834839,35557,35567,10
12.8310699463,80.2250289917,35567,35578,11
12.8310699463,80.224609375,35578,35588,10
12.8310804367,80.2241287231,35588,35598,10
12.8310804367,80.2234420776,35598,35608,10
12.8310804367,80.2226333618,35608,35618,10
12.8311004639,80.2221603394,35618,35628,10
12.8311004639,80.2217636108,35628,35638,10
12.8310899734,80.2210922241,35638,35648,10
12.8311004639,80.2202606201,35648,35658,10
12.8310899734,80.2196731567,35658,35668,10
12.8308200836,80.2194137573,35668,35678,10
12.8301801682,80.2194595337,35678,35689,11
12.8292102814,80.2194671631,35689,35699,10
12.8284397125,80.2194671631,35699,35709,10
12.8279104233,80.2194824219,35709,35759,50
12.8279104233,80.2194824219,35759,35769,10
12.8276596069,80.2194366455,35769,35779,10
12.8272895813,80.2194366455,35779,35790,11
12.8265199661,80.2194519043,35790,35800,10
12.8260402679,80.2194595337,35800,35810,10
12.8253602982,80.2194900513,35810,35829,19
12.8253602982,80.2194900513,35829,35840,11
12.8250799179,80.2194671631,35840,35850,10
12.8243398666,80.2194824219,35850,35860,10
12.8234596252,80.2195205688,35860,35870,10
12.8229398727,80.2195129395,35870,35880,10
12.8228597641,80.2194824219,35880,35891,11
12.8226604462,80.2192764282,35891,35901,10
12.8226299286,80.218963623,35901,35911,10
12.8226499557,80.2185287476,35911,35921,10
12.8226604462,80.2177581787,35921,35931,10
12.8226604462,80.2170333862,35931,35941,10
12.8226995468,80.2160568237,35941,35951,10
12.8229598999,80.215927124,35951,35981,30
12.8229598999,80.215927124,35981,35992,11
12.8234596252,80.2159576416,35992,36003,11
12.8242902756,80.2159423828,36003,37883,1880
12.8242902756,80.2159423828,37883,37893,10
12.8244695663,80.2159500122,37893,37903,10
12.8247804642,80.2159729004,37903,37913,10
12.8251399994,80.2159805298,37913,37923,10
12.8254899979,80.2159729004,37923,37933,10
12.8257799149,80.2159805298,37933,37943,10
12.825920105,80.2162780762,37943,37953,10
12.8259000778,80.2168197632,37953,37963,10
12.8258895874,80.2174835205,37963,37974,11
12.8259000778,80.2181777954,37974,37984,10
12.8259000778,80.2187271118,37984,37994,10
12.8259000778,80.2191619873,37994,38004,10
12.8259000778,80.2192230225,38004,38014,10
12.826089859,80.2193527222,38014,38024,10
12.8265800476,80.2193527222,38024,38034,10
12.8271198273,80.2193832397,38034,38074,40
12.8271198273,80.2193832397,38074,38085,11
12.8273200989,80.219367981,38085,38095,10
12.8274803162,80.2193527222,38095,38105,10
12.8277301788,80.2193603516,38105,38115,10
12.8283004761,80.219367981,38115,38125,10
12.8291397095,80.2193603516,38125,38135,10
12.8300199509,80.2193832397,38135,38145,10
12.8307600021,80.2193832397,38145,38157,12
12.8311195374,80.2195587158,38157,38167,10
12.8311595917,80.2201004028,38167,38177,10
12.8311395645,80.2208862305,38177,38188,11
12.8311300278,80.2216491699,38188,38198,10
12.8311300278,80.2220077515,38198,38207,9
12.8311195374,80.2224121094,38207,38218,11
12.8311195374,80.2232131958,38218,38228,10
12.8311100006,80.2239379883,38228,38238,10
12.8311004639,80.2245101929,38238,38248,10
12.8311004639,80.2248306274,38248,38258,10
12.8311004639,80.2254562378,38258,38268,10
12.8311300278,80.2264175415,38268,38278,10
12.8312797546,80.2272109985,38278,38289,11
12.8314399719,80.227897644,38289,38299,10
12.831580162,80.2284927368,38299,38309,10
12.8316698074,80.2288894653,38309,38319,10
12.8317604065,80.2290725708,38319,38329,10
12.8319702148,80.229057312,38329,38339,10
12.8328399658,80.2288513184,38339,38531,192
12.8328399658,80.2288513184,38531,38541,10
12.8329601288,80.228843689,38541,38551,10
12.8333702087,80.2288131714,38551,38561,10
12.8339700699,80.2287216187,38561,38571,10
12.8346204758,80.2285995483,38571,38581,10
12.8354196548,80.2284698486,38581,38591,10
12.8362798691,80.2283477783,38591,38602,11
12.8372097015,80.2282104492,38602,38612,10
12.8380098343,80.2280502319,38612,38622,10
12.8387298584,80.2278671265,38622,38632,10
12.8390302658,80.2277603149,38632,38642,10
12.8391895294,80.2276916504,38642,38652,10
12.8394203186,80.2275924683,38652,38662,10
12.8396997452,80.2275314331,38662,38672,10
12.8400602341,80.2274780273,38672,38682,10
12.8406095505,80.2273635864,38682,38692,10
12.8413600922,80.2271499634,38692,38709,17
12.8427095413,80.226890564,38709,38721,12
12.8437099457,80.2266998291,38721,38731,10
12.8446702957,80.226600647,38731,38740,9
12.8453598022,80.2265319824,38740,38771,31
12.8453598022,80.2265319824,38771,38781,10
12.8456602097,80.2265167236,38781,38802,21
12.8456602097,80.2265167236,38802,38812,10
12.8458404541,80.2265319824,38812,38822,10
12.8460903168,80.2265167236,38822,38832,10
12.8466701508,80.2265090942,38832,38842,10
12.8474998474,80.2265014648,38842,38852,10
12.8484897614,80.2265014648,38852,38862,10
12.8494596481,80.2264862061,38862,38872,10
12.8500204086,80.2264633179,38872,38892,20
12.8500204086,80.2264633179,38892,38902,10
12.8504695892,80.2264709473,38902,38913,11
12.851269722,80.2265167236,38913,38923,10
12.8522195816,80.2265701294,38923,38932,9
12.8532400131,80.226600647,38932,38943,11
12.8546600342,80.2264633179,38943,38953,10
12.8560400009,80.22631073,38953,38963,10
12.8573999405,80.2261810303,38963,38972,9
12.8584098816,80.2261581421,38972,38983,11
12.8596897125,80.2263183594,38983,38993,10
12.860619545,80.2264328003,38993,39003,10
12.8607501984,80.2264480591,39003,39014,11
12.8609600067,80.2264709473,39014,39024,10
12.8616399765,80.2264862061,39024,39034,10
12.8624601364,80.2264480591,39034,39044,10
12.8636798859,80.2264404297,39044,39054,10
12.8650102615,80.2264785767,39054,39064,10
12.8664703369,80.2264633179,39064,39074,10
12.867939949,80.2263183594,39074,39084,10
12.869389534,80.2264022827,39084,39094,10
12.8708400726,80.2265472412,39094,39104,10
12.8727302551,80.2265701294,39104,39125,21
12.8727302551,80.2265701294,39125,39135,10
12.8729400635,80.2265777588,39135,39145,10
12.8733196259,80.2265930176,39145,39155,10
12.87403965,80.2266464233,39155,39165,10
12.8749399185,80.2267608643,39165,39175,10
12.87596035,80.2268676758,39175,39185,10
12.8766298294,80.2268295288,39185,39195,10
12.8767204285,80.2268218994,39195,39205,10
12.8768596649,80.2268218994,39205,39215,10
12.8774299622,80.2267837524,39215,39226,11
12.878370285,80.2267074585,39226,39236,10
12.8794603348,80.2266464233,39236,39246,10
12.8807296753,80.2266616821,39246,39256,10
12.8821001053,80.2266387939,39256,39266,10
12.8835096359,80.2266235352,39266,39276,10
12.8847398758,80.2266082764,39276,39286,10
12.8851499557,80.2266082764,39286,39296,10
12.8854103088,80.2266464233,39296,39306,10
12.8860397339,80.2267990112,39306,39316,10
12.8869304657,80.2270431519,39316,39327,11
12.8881797791,80.2272262573,39327,39337,10
12.8894996643,80.2272567749,39337,39347,10
12.8907003403,80.2272567749,39347,39357,10
12.8915700912,80.2272567749,39357,39367,10
12.8918399811,80.2272491455,39367,39377,10
12.8918504715,80.2272491455,39377,39387,10
12.8920402527,80.2272720337,39387,39397,10
12.8921604156,80.2273025513,39397,39407,10
12.8926000595,80.2273178101,39407,39417,10
12.8933496475,80.2274017334,39417,39428,11
12.8943996429,80.2275238037,39428,39438,10
12.8953895569,80.2275695801,39438,39448,10
12.8964195251,80.2276077271,39448,39458,10
12.8975000381,80.2276687622,39458,39468,10
12.8985300064,80.2277069092,39468,39478,10
12.8994398117,80.2277603149,39478,39488,10
12.9001197815,80.2277832031,39488,39498,10
12.9004001617,80.2277832031,39498,39609,111
12.9007196426,80.2277984619,39609,39640,31
12.9007196426,80.2277984619,39640,39650,10
12.9009399414,80.2278366089,39650,39660,10
12.901140213,80.2278823853,39660,39670,10
12.9013299942,80.227897644,39670,39680,10
12.9015703201,80.2279281616,39680,39690,10
12.9021196365,80.2279510498,39690,39700,10
12.902879715,80.2279586792,39700,39710,10
12.9030303955,80.2279434204,39710,39720,10
12.9033098221,80.2279510498,39720,39730,10
12.9039402008,80.2280426025,39730,39741,11
12.9048404694,80.2281112671,39741,39751,10
12.9054603577,80.2281265259,39751,39761,10
12.9055500031,80.2281417847,39761,39771,10
12.9059801102,80.2281723022,39771,39852,81
12.9059801102,80.2281723022,39852,39862,10
12.9063196182,80.2281570435,39862,39872,10
12.9067201614,80.2281799316,39872,39888,16
12.9072599411,80.2282180786,39888,39901,13
12.9078998566,80.2283401489,39901,39911,10
12.9087495804,80.228477478,39911,39921,10
12.9097099304,80.2286529541,39921,39931,10
12.9110002518,80.2288284302,39931,39941,10
12.9123001099,80.2290420532,39941,39952,11
12.9134597778,80.2291870117,39952,39962,10
12.9139795303,80.2292480469,39962,39972,10
12.9140300751,80.2292785645,39972,39982,10
12.9143600464,80.2293319702,39982,39992,10
12.9149904251,80.2294006348,39992,40002,10
12.9158601761,80.2295379639,40002,40012,10
12.916970253,80.2296905518,40012,40021,9
12.9180898666,80.229888916,40021,40031,10
12.9193696976,80.2300415039,40031,40042,11
12.9208698273,80.2302322388,40042,40053,11
12.922419548,80.2304382324,40053,40063,10
12.9238700867,80.2306518555,40063,40073,10
12.9253501892,80.2308273315,40073,40083,10
12.9268703461,80.231010437,40083,40093,10
12.9282598495,80.2311630249,40093,40103,10
12.9295597076,80.2313919067,40103,40113,10
12.9306001663,80.2316436768,40113,40123,10
12.9315595627,80.2319412231,40123,40133,10
12.9325304031,80.2322616577,40133,40149,16
12.9336500168,80.2326965332,40149,40162,13
12.9337902069,80.2328033447,40162,40172,10
12.9343395233,80.233039856,40172,40182,10
12.9351100922,80.2333831787,40182,40191,9
12.9357299805,80.2336730957,40191,40202,11
12.9364595413,80.2340316772,40202,40211,9
12.9371204376,80.234336853,40211,40222,11
12.9383497238,80.2349319458,40222,40232,10
12.9393796921,80.2354431152,40232,40242,10
12.9398002625,80.2356491089,40242,40252,10
12.9399299622,80.2357330322,40252,40263,11
12.9405498505,80.2359390259,40263,40273,10
12.9413995743,80.2361526489,40273,40283,10
12.9424495697,80.2364425659,40283,40293,10
12.9434604645,80.2371063232,40293,40303,10
12.9443101883,80.2380371094,40303,40322,19
12.9460201263,80.2394485474,40322,40334,12
12.9471302032,80.2398986816,40334,40344,10
12.9473199844,80.2399597168,40344,40353,9
12.947520256,80.2400512695,40353,40363,10
12.9485197067,80.2404403687,40363,40384,21
12.9485197067,80.2404403687,40384,40395,11
12.9489402771,80.2406387329,40395,40405,10
12.9494104385,80.2407989502,40405,40414,9
12.9501199722,80.2410202026,40414,40425,11
12.9510402679,80.2413330078,40425,40434,9
12.9512701035,80.2413787842,40434,40445,11
12.951379776,80.2414169312,40445,40455,10
12.9516897202,80.2415466309,40455,40465,10
12.9523096085,80.2417907715,40465,40476,11
12.9532604218,80.2421569824,40476,40486,10
12.9543199539,80.2425765991,40486,40496,10
12.9552097321,80.2429428101,40496,40506,10
12.9562997818,80.2432632446,40506,40556,50
12.9562997818,80.2432632446,40556,40566,10
12.9564800262,80.2432937622,40566,40577,11
12.9570903778,80.2435836792,40577,40587,10
12.9578800201,80.2439575195,40587,40597,10
12.9588003159,80.2443618774,40597,40617,20
12.9588003159,80.2443618774,40617,40627,10
12.958990097,80.2445068359,40627,40637,10
12.9595403671,80.2447814941,40637,40647,10
12.9603395462,80.2451171875,40647,40657,10
12.9613304138,80.2455673218,40657,40667,10
12.9624500275,80.2461166382,40667,40678,11
12.9633903503,80.2465820313,40678,40738,60
12.9633903503,80.2465820313,40738,40748,10
12.9634199142,80.2466430664,40748,40758,10
12.9637899399,80.2468109131,40758,40774,16
12.9649600983,80.2472381592,40774,40787,13
12.9661102295,80.2476425171,40787,40797,10
12.9667301178,80.2479019165,40797,40806,9
12.9668397903,80.2479476929,40806,40817,11
12.9672803879,80.2481613159,40817,40827,10
12.9679899216,80.2484588623,40827,40837,10
12.9689598083,80.2488632202,40837,40847,10
12.9698896408,80.2492370605,40847,40857,10
12.9708299637,80.2496185303,40857,40867,10
12.9718198776,80.2498931885,40867,40877,10
12.9729499817,80.2501602173,40877,40888,11
12.9741201401,80.2504577637,40888,40898,10
12.9751501083,80.2507629395,40898,40908,10
12.9762096405,80.2510681152,40908,40918,10
12.9771795273,80.2513809204,40918,40928,10
12.9779901505,80.251953125,40928,40938,10
12.9785804749,80.2523498535,40938,40948,10
12.9787197113,80.2524185181,40948,40958,10
12.9792804718,80.2525634766,40958,40968,10
12.9801197052,80.2526397705,40968,40978,10
12.9812002182,80.2526092529,40978,40989,11
12.9826097488,80.2526016235,40989,40998,9
12.9835596085,80.2524719238,40998,41009,11
12.9842195511,80.252281189,41009,41019,10
12.9848299026,80.2521209717,41019,41029,10
12.985250473,80.251991272,41029,41039,10
12.9854602814,80.2519378662,41039,41049,10
12.985830307,80.2518234253,41049,41160,111
12.985830307,80.2518234253,41160,41170,10
12.9859199524,80.2517700195,41170,41180,10
12.9861402512,80.251701355,41180,41191,11
12.9866199493,80.2516021729,41191,41201,10
12.987279892,80.251411438,41201,41211,10
12.9879903793,80.2512435913,41211,41221,10
12.9889202118,80.2510223389,41221,41231,10
12.9895896912,80.250831604,41231,41241,10
12.9897499084,80.250831604,41241,41251,10
12.9903402328,80.2506866455,41251,41261,10
12.9911603928,80.25050354,41261,41271,10
12.9921998978,80.2502365112,41271,41281,10
12.9932804108,80.2499694824,41281,41291,10
12.994720459,80.2496337891,41291,41302,11
12.9961900711,80.2492370605,41302,41312,10
12.9975996017,80.248878479,41312,41322,10
12.9990596771,80.2485198975,41322,41332,10
13.0005502701,80.2481536865,41332,41342,10
13.0020399094,80.2477798462,41342,41352,10
13.0032501221,80.247543335,41352,41363,11
13.004650116,80.2473526001,41363,41374,11
13.005979538,80.2470626831,41374,41384,10
13.0064601898,80.2464981079,41384,41394,10
13.0064697266,80.2464904785,41394,41405,11
13.0065803528,80.2461929321,41405,41415,10
13.0066204071,80.2455215454,41415,41425,10
13.0066404343,80.2446365356,41425,41435,10
13.0066204071,80.2436599731,41435,41445,10
13.0065898895,80.242729187,41445,41455,10
13.0065803528,80.2416763306,41455,41465,10
13.0066099167,80.2409362793,41465,41495,30
13.0066099167,80.2409362793,41495,41506,11
13.0066795349,80.2404174805,41506,41516,10
13.0068101883,80.2398605347,41516,41526,10
13.0069904327,80.2389678955,41526,41536,10
13.0071897507,80.237991333,41536,41546,10
13.007349968,80.2372131348,41546,41556,10
13.0074195862,80.2366790771,41556,41566,10
13.0074901581,80.2365188599,41566,41576,10
13.007610321,80.236000061,41576,41586,10
13.0076999664,80.2355422974,41586,41602,16
13.0079402924,80.2343826294,41602,41615,13
13.0081796646,80.2331237793,41615,41625,10
13.0083799362,80.2321624756,41625,41635,10
13.008600235,80.2311172485,41635,41645,10
13.0087795258,80.2301025391,41645,41655,10
13.0089702606,80.2291793823,41655,41665,10
13.0092096329,80.2281036377,41665,41675,10
13.0096302032,80.2271499634,41675,41685,10
13.0100603104,80.2261962891,41685,41695,10
13.0104799271,80.2253570557,41695,41706,11
13.0108499527,80.2246322632,41706,41717,11
13.0111198425,80.2241363525,41717,41727,10
13.0111703873,80.2240371704,41727,41737,10
13.0112895966,80.2236480713,41737,41747,10
13.0116100311,80.2229690552,41747,41757,10
13.0119104385,80.2221298218,41757,41767,10
13.0123500824,80.2215576172,41767,41776,9
13.0125999451,80.2218704224,41776,41787,11
13.0131597519,80.2224807739,41787,41797,10
13.013759613,80.2231674194,41797,41807,10
13.0142602921,80.2238769531,41807,41818,11
13.014960289,80.2245635986,41818,41828,10
13.0155096054,80.2250671387,41828,41838,10
13.015540123,80.2250976563,41838,41848,10
13.015879631,80.2252883911,41848,41858,10
13.0166196823,80.2252807617,41858,41868,10
13.0173997879,80.2249679565,41868,41878,10
13.0182304382,80.2246170044,41878,41888,10
13.0193796158,80.224319458,41888,41935,47
13.0193796158,80.224319458,41935,41947,12
13.0195398331,80.2243804932,41947,41957,10
13.0196399689,80.2244567871,41957,41965,8
13.0197601318,80.2245178223,41965,41976,11
13.0200796127,80.2247695923,41976,41987,11
13.0205602646,80.2251434326,41987,41998,11
13.0210695267,80.2255401611,41998,42008,10
13.0217399597,80.22605896,42008,42018,10
13.0223903656,80.2265777588,42018,42029,11
13.0230503082,80.2271499634,42029,42039,10
13.0235795975,80.2276306152,42039,42048,9
13.0239601135,80.2279663086,42048,42059,11
13.0242795944,80.228302002,42059,42099,40
13.0242795944,80.228302002,42099,42109,10
13.0243997574,80.2286376953,42109,42119,10
13.0241203308,80.2285079956,42119,42130,11
13.0237798691,80.2280578613,42130,42140,10
13.0234804153,80.2277832031,42140,42655,515
13.0234804153,80.2277832031,42655,42665,10
13.0233001709,80.2275695801,42665,42675,10
13.0231800079,80.2274780273,42675,42685,10
13.0228900909,80.227180481,42685,42695,10
13.0225200653,80.2268295288,42695,42705,10
13.0220899582,80.2264099121,42705,42715,10
13.0216598511,80.2260437012,42715,42725,10
13.021030426,80.2255630493,42725,42735,10
13.020359993,80.2250976563,42735,42745,10
13.0198497772,80.2247619629,42745,42756,11
13.018989563,80.2245101929,42756,42766,10
13.0179901123,80.2248535156,42766,42776,10
13.017080307,80.225227356,42776,42792,16
13.0158996582,80.2256469727,42792,42804,12
13.0150499344,80.225982666,42804,42814,10
13.0145797729,80.2261734009,42814,42824,10
13.0145101547,80.2262191772,42824,42834,10
13.0142202377,80.2263183594,42834,42844,10
13.0136604309,80.2265319824,42844,42855,11
13.0127801895,80.2268371582,42855,42865,10
13.0117998123,80.2272186279,42865,42875,10
13.0107698441,80.2276306152,42875,42885,10
13.0098695755,80.2279968262,42885,42895,10
13.0091495514,80.2285766602,42895,42905,10
13.0088996887,80.2296066284,42905,42915,10
13.0087099075,80.2307662964,42915,42925,10
13.0085000992,80.2317581177,42925,42935,10
13.0083198547,80.2326812744,42935,42945,10
13.0082302094,80.2334823608,42945,42956,11
13.0081796646,80.2337036133,42956,42966,10
13.0080900192,80.2341384888,42966,42976,10
13.0079402924,80.2348175049,42976,42986,10
13.0077600479,80.2356491089,42986,42996,10
13.0075397491,80.2367019653,42996,43006,10
13.0073204041,80.23777771,43006,43016,10
13.0071296692,80.2386474609,43016,43026,10
13.0069799423,80.2394104004,43026,43036,10
13.0068702698,80.240020752,43036,43046,10
13.0066900253,80.2409286499,43046,43056,10
13.0066404343,80.2417602539,43056,43067,11
13.0066299438,80.2426528931,43067,43077,10
13.006649971,80.2433319092,43077,43087,10
13.0066003799,80.2439498901,43087,43107,20
13.0066003799,80.2439498901,43107,43117,10
13.0066604614,80.2443618774,43117,43127,10
13.0066604614,80.2443695068,43127,43137,10
13.0067195892,80.2444992065,43137,43147,10
13.0066900253,80.2449188232,43147,43157,10
13.0066995621,80.2453994751,43157,43168,11
13.0067195892,80.2461395264,43168,43178,10
13.0067195892,80.2468490601,43178,43188,10
13.0065002441,80.2473068237,43188,43198,10
13.0060300827,80.2472915649,43198,43208,10
13.00578022,80.2473297119,43208,43218,10
13.0053195953,80.2473373413,43218,43228,10
13.0045604706,80.2473907471,43228,43238,10
13.0036001205,80.2474975586,43238,43248,10
13.0025997162,80.2476882935,43248,43258,10
13.0018100739,80.2479019165,43258,43269,11
13.0007400513,80.2481765747,43269,43279,10
12.9996404648,80.2484512329,43279,43289,10
12.9985303879,80.2487564087,43289,43299,10
12.9980201721,80.2489013672,43299,43309,10
12.9976902008,80.2489700317,43309,43319,10
12.9970302582,80.2490997314,43319,43329,10
12.9961099625,80.2493286133,43329,43339,10
12.9949598312,80.2496414185,43339,43349,10
12.9936599731,80.2499771118,43349,43359,10
12.9922895432,80.2503128052,43359,43370,11
12.9912595749,80.2506027222,43370,43380,10
12.9911603928,80.2506332397,43380,43390,10
12.9907903671,80.2507324219,43390,43460,70
12.9907903671,80.2507324219,43460,43470,10
12.9904003143,80.2508087158,43470,43481,11
12.9898796082,80.2508926392,43481,43491,10
12.9893903732,80.2509918213,43491,43705,214
12.9855899811,80.2520294189,43705,43718,13
12.9843997955,80.2523574829,43718,43728,10
12.983420372,80.2526016235,43728,43738,10
12.9825401306,80.2527008057,43738,43748,10
12.9814996719,80.2527389526,43748,43757,9
12.980919838,80.252746582,43757,43768,11
12.9806003571,80.2527694702,43768,43778,10
12.9804296494,80.2527770996,43778,43788,10
12.9799699783,80.2527770996,43788,43799,11
12.9793300629,80.2527236938,43799,43809,10
12.9787797928,80.2526397705,43809,43819,10
12.9782400131,80.2523803711,43819,43829,10
12.9777202606,80.2519378662,43829,43839,10
12.9771203995,80.2514572144,43839,43849,10
12.9763402939,80.2511978149,43849,43859,10
12.9753398895,80.2509307861,43859,43869,10
12.974149704,80.2505874634,43869,43879,10
12.9728803635,80.2502593994,43879,43889,10
12.9716997147,80.2499694824,43889,43899,10
12.9705600739,80.249671936,43899,43910,11
12.9693803787,80.2492218018,43910,43920,10
12.9683599472,80.2488098145,43920,43936,16
12.9669704437,80.2482223511,43936,43948,12
12.9660797119,80.2477798462,43948,43958,10
12.9653196335,80.2475128174,43958,43968,10
12.9651098251,80.2474517822,43968,43978,10
12.9649000168,80.2473373413,43978,43988,10
12.9642000198,80.2470703125,43988,43998,10
12.9633398056,80.2467193604,43998,44009,11
12.9621400833,80.2461090088,44009,44019,10
12.9611101151,80.2456207275,44019,44028,9
12.9601802826,80.2452163696,44028,44039,11
12.9595603943,80.244972229,44039,44049,10
12.959400177,80.2449035645,44049,44059,10
12.9588899612,80.2446517944,44059,44069,10
12.9581003189,80.2443008423,44069,44079,10
12.9573602676,80.2440414429,44079,44088,9
12.9568395615,80.2439422607,44088,44210,122
12.9568395615,80.2439422607,44210,44221,11
12.9564304352,80.2437820435,44221,44241,20
12.9564304352,80.2437820435,44241,44251,10
12.9562797546,80.2437210083,44251,44261,10
12.955789566,80.2434463501,44261,44271,10
12.955039978,80.2430496216,44271,44281,10
12.954079628,80.2426605225,44281,44291,10
12.9533700943,80.2423629761,44291,44301,10
12.9525403976,80.2420196533,44301,44311,10
12.9515895844,80.2416915894,44311,44322,11
12.9505500793,80.2413406372,44322,44332,10
12.9497003555,80.2410888672,44332,44342,10
12.9493398666,80.2410125732,44342,44352,10
12.9492397308,80.2409667969,44352,44362,10
12.9489002228,80.2408294678,44362,44372,10
12.9482803345,80.240562439,44372,44382,10
12.9474802017,80.240196228,44382,44392,10
12.9467802048,80.2399597168,44392,44402,10
12.946559906,80.2398605347,44402,44412,10
12.9459400177,80.2395935059,44412,44423,11
12.9449701309,80.2389984131,44423,44433,10
12.9441699982,80.2381210327,44433,44443,10
12.9432096481,80.2370986938,44443,44453,10
12.9419002533,80.2364120483,44453,44463,10
12.9404697418,80.236038208,44463,44473,10
12.9396800995,80.2358169556,44473,44482,9
12.9395704269,80.235748291,44482,44492,10
12.9389095306,80.2354278564,44492,44502,10
12.9379301071,80.2349395752,44502,44513,11
12.9368495941,80.2343978882,44513,44524,11
12.935839653,80.2339324951,44524,44534,10
12.9350595474,80.2335662842,44534,44544,10
12.9337902069,80.2330093384,44544,44564,20
12.9337902069,80.2330093384,44564,44574,10
12.9336500168,80.2329330444,44574,44584,10
12.9331998825,80.2327270508,44584,44594,10
12.9324798584,80.2324295044,44594,44604,10
12.9315395355,80.2321090698,44604,44614,10
12.9303998947,80.2317504883,44614,44624,10
12.929309845,80.2314987183,44624,44635,11
12.9286403656,80.2313690186,44635,44645,10
12.9278802872,80.2312393188,44645,44655,10
12.9269304276,80.2311172485,44655,44664,9
12.9262104034,80.2310562134,44664,44675,11
12.9260597229,80.2310562134,44675,44685,10
12.9255800247,80.2310028076,44685,44695,10
12.9248800278,80.2309112549,44695,44705,10
12.9239501953,80.2308120728,44705,44715,10
12.9228000641,80.2306518555,44715,44725,10
12.921500206,80.2304382324,44725,44736,11
12.919960022,80.23021698,44736,44746,10
12.9186401367,80.2300415039,44746,44756,10
12.9174098969,80.229888916,44756,44766,10
12.9160900116,80.2297134399,44766,44775,9
12.9149198532,80.2295227051,44775,44785,10
12.9136400223,80.2293624878,44785,44796,11
12.9133300781,80.2293777466,44796,44806,10
12.9129495621,80.2292861938,44806,44816,10
12.9122400284,80.2291870117,44816,44826,10
12.9112997055,80.2290496826,44826,44837,11
12.9100399017,80.2288589478,44837,44847,10
12.9087400436,80.2286376953,44847,44857,10
12.9074897766,80.2284393311,44857,44867,10
12.906829834,80.2283935547,44867,44907,40
12.906829834,80.2283935547,44907,44917,10
12.906419754,80.2283172607,44917,44927,10
12.9057397842,80.2282409668,44927,44937,10
12.9047803879,80.2282028198,44937,44948,11
12.903459549,80.2281265259,44948,44958,10
12.9023399353,80.2280807495,44958,44968,10
12.9018497467,80.2280731201,44968,44978,10
12.9015102386,80.2280426025,44978,44988,10
12.9011697769,80.2279968262,44988,44998,10
12.9005403519,80.2279434204,44998,45008,10
12.8996801376,80.227897644,45008,45018,10
12.8993597031,80.227897644,45018,45028,10
12.899020195,80.2278823853,45028,45038,10
12.8983402252,80.2278366089,45038,45049,11
12.8973503113,80.2277832031,45049,45059,10
12.8962202072,80.227722168,45059,45069,10
12.8949604034,80.2276916504,45069,45079,10
12.8936300278,80.2275772095,45079,45089,10
12.8926401138,80.227432251,45089,45099,10
12.8923597336,80.2273864746,45099,45109,10
12.8917598724,80.2273712158,45109,45119,10
12.8908596039,80.2273712158,45119,45129,10
12.8897304535,80.2273712158,45129,45139,10
12.8884000778,80.2273788452,45139,45149,10
12.8868904114,80.227180481,45149,45160,11
12.8852796555,80.2267913818,45160,45170,10
12.8839998245,80.2267303467,45170,45180,10
12.8824396133,80.2267379761,45180,45196,16
12.8798303604,80.2267608643,45196,45208,12
12.8782701492,80.2268295288,45208,45218,10
12.8773899078,80.2269210815,45218,45228,10
12.8768596649,80.2269668579,45228,45238,10
12.8767004013,80.2269821167,45238,45248,10
12.876540184,80.2269821167,45248,45259,11
12.8759098053,80.2269897461,45259,45268,9
12.8751096725,80.2269363403,45268,45279,11
12.8738698959,80.2267837524,45279,45289,10
12.8725700378,80.2267227173,45289,45299,10
12.8711700439,80.2266769409,45299,45309,10
12.869720459,80.2265701294,45309,45319,10
12.8682203293,80.2264099121,45319,45329,10
12.8667297363,80.2265472412,45329,45339,10
12.865240097,80.2266082764,45339,45349,10
12.8639097214,80.2265625,45349,45360,11
12.8625001907,80.2265625,45360,45370,10
12.8613996506,80.2266235352,45370,45380,10
12.8602304459,80.2265396118,45380,45390,10
12.8590497971,80.2263717651,45390,45400,10
12.8581199646,80.2262496948,45400,45410,10
12.8569803238,80.2263183594,45410,45420,10
12.855629921,80.2264633179,45420,45430,10
12.8541698456,80.2266082764,45430,45440,10
12.8527002335,80.2266998291,45440,45450,10
12.8512802124,80.2266464233,45450,45460,10
12.850060463,80.2266082764,45460,45471,11
12.8496799469,80.2266387939,45471,45481,10
12.8491802216,80.2266387939,45481,45491,10
12.8483495712,80.2266311646,45491,45501,10
12.8472604752,80.2266235352,45501,45511,10
12.8462095261,80.2266082764,45511,45521,10
12.8460502625,80.226600647,45521,45531,10
12.8458795547,80.2265777588,45531,45541,10
12.8452997208,80.2266387939,45541,45551,10
12.8450202942,80.2266693115,45551,45561,10
12.8445796967,80.2266998291,45561,45572,11
12.8437700272,80.2267608643,45572,45582,10
12.8427400589,80.2269668579,45582,45592,10
12.8415203094,80.2272262573,45592,45602,10
12.8404798508,80.2275314331,45602,45612,10
12.8399000168,80.2277679443,45612,45632,20
12.8399000168,80.2277679443,45632,45642,10
12.8394899368,80.2278594971,45642,45652,10
12.8388204575,80.2279815674,45652,45662,10
12.838060379,80.2281265259,45662,45672,10
12.8371200562,80.2282867432,45672,45683,11
12.8357801437,80.2285003662,45683,45701,18
12.8332901001,80.2289199829,45701,45713,12
12.8322896957,80.2291564941,45713,45723,10
12.8322601318,80.2291564941,45723,45733,10
12.8320503235,80.2291870117,45733,45743,10
12.8315496445,80.2293319702,45743,45753,10
12.8308801651,80.2295532227,45753,45763,10
12.8298597336,80.2299423218,45763,45773,10
12.8288602829,80.2303390503,45773,45784,11
12.8276996613,80.23097229,45784,45794,10
12.8265695572,80.231338501,45794,45803,9
12.8254699707,80.2314224243,45803,45814,11
12.8242101669,80.2312774658,45814,45824,10
12.8228197098,80.2308578491,45824,45833,9
12.8216295242,80.2305526733,45833,45844,11
12.8203601837,80.2304916382,45844,45854,10
12.8191604614,80.2305221558,45854,45864,10
12.8189496994,80.230506897,45864,45874,10
12.8185997009,80.2303771973,45874,45885,11
12.8177900314,80.2299880981,45885,45895,10
12.816740036,80.2295913696,45895,45905,10
12.8154602051,80.2293930054,45905,45915,10
12.8141002655,80.2291564941,45915,45925,10
12.8127403259,80.2287368774,45925,45935,10
12.8113498688,80.2282409668,45935,45945,10
12.8099498749,80.2276916504,45945,45955,10
12.8086595535,80.2268829346,45955,45965,10
12.8075199127,80.2259216309,45965,45975,10
12.8065795898,80.2250823975,45975,45985,10
12.8056602478,80.224281311,45985,45996,11
12.8050603867,80.2240371704,45996,46006,10
12.804980278,80.2239990234,46006,46016,10
12.8046798706,80.2239532471,46016,46026,10
12.804019928,80.2238998413,46026,46036,10
12.8031101227,80.2238311768,46036,46046,10
12.8019800186,80.2236785889,46046,46056,10
12.8010101318,80.2236099243,46056,46066,10
12.8007802963,80.2235794067,46066,46076,10
12.8002195358,80.2235183716,46076,46086,10
12.7994003296,80.2234573364,46086,46097,11
12.7981996536,80.2233200073,46097,46107,10
12.7968397141,80.2230987549,46107,46117,10
12.7958498001,80.2229614258,46117,46127,10
12.7956199646,80.2229309082,46127,46137,10
12.7949895859,80.2228088379,46137,46147,10
12.7940998077,80.2226715088,46147,46157,10
12.7929697037,80.2225036621,46157,46167,10
12.7917299271,80.2222213745,46167,46177,10
12.7904596329,80.2219161987,46177,46187,10
12.7893896103,80.2215881348,46187,46198,11
12.7885198593,80.2212600708,46198,46208,10
12.7881402969,80.2210998535,46208,46218,10
12.7875995636,80.2209014893,46218,46228,10
12.7871398926,80.220741272,46228,46238,10
12.7870702744,80.2207107544,46238,46248,10
12.7867698669,80.2205963135,46248,46258,10
12.786740303,80.2205810547,46258,46268,10
12.7866601944,80.2205581665,46268,46278,10
12.7862596512,80.2204208374,46278,46288,10
12.7861795425,80.2205200195,46288,46298,10
12.7861404419,80.2208099365,46298,46309,11
12.7861499786,80.2213363647,46309,46319,10
12.7861995697,80.2217712402,46319,47157,838
12.7861995697,80.2217712402,47157,47167,10
12.7863197327,80.2216491699,47167,47177,10
12.786239624,80.2213668823,47177,47197,20
12.786239624,80.2213668823,47197,47207,10
12.7862100601,80.2209320068,47207,47258,51
12.7861795425,80.2204971313,47258,47308,50
12.7861795425,80.2204971313,47308,47318,10
12.7864599228,80.2204284668,47318,47349,31
12.7864599228,80.2204284668,47349,47359,10
12.7866201401,80.2205429077,47359,47369,10
12.7867898941,80.2205810547,47369,47379,10
12.7870597839,80.2206802368,47379,47389,10
12.7874698639,80.2208175659,47389,47399,10
12.7879400253,80.220993042,47399,47409,10
12.7885904312,80.2212371826,47409,47419,10
12.7892599106,80.221496582,47419,47429,10
12.7895498276,80.2215881348,47429,47439,10
12.7895803452,80.2216033936,47439,47450,11
12.7898397446,80.2216796875,47450,47460,10
12.7900695801,80.2217636108,47460,47470,10
12.7906904221,80.2219085693,47470,47480,10
12.7915401459,80.2221221924,47480,47490,10
12.7925596237,80.2223510742,47490,47500,10
12.7937402725,80.2225189209,47500,47510,10
12.7950296402,80.2227401733,47510,47520,10
12.7960996628,80.2229003906,47520,47530,10
12.7963895798,80.2229614258,47530,47540,10
12.7967996597,80.2230529785,47540,47551,11
12.7975301743,80.2231903076,47551,47561,10
12.7983903885,80.2232818604,47561,47571,10
12.7993497849,80.2233734131,47571,47581,10
12.8004398346,80.2234725952,47581,47591,10
12.8013000488,80.2235412598,47591,47607,16
12.8015804291,80.2235870361,47607,47619,12
12.8022899628,80.2236785889,47619,47629,10
12.8029499054,80.2237701416,47629,47639,10
12.803730011,80.2238464355,47639,47649,10
12.8045797348,80.2239074707,47649,47660,11
12.8054800034,80.2241134644,47660,47690,30
12.8054800034,80.2241134644,47690,47700,10
12.8057699203,80.2242889404,47700,47711,11
12.8061800003,80.2246322632,47711,47721,10
12.8067998886,80.2251815796,47721,47731,10
12.807510376,80.2257995605,47731,47741,10
12.8083696365,80.2265319824,47741,47751,10
12.8093204498,80.2272720337,47751,47762,11
12.8104600906,80.2277984619,47762,47772,10
12.8115797043,80.2282485962,47772,47782,10
12.8127698898,80.2286682129,47782,47792,10
12.8139400482,80.2290420532,47792,47801,9
12.8149499893,80.2292480469,47801,47812,11
12.8161001205,80.2294082642,47812,47822,10
12.8173799515,80.2297286987,47822,47832,10
12.8184204102,80.2302093506,47832,47842,10
12.8192396164,80.2304534912,47842,47852,10
12.8196802139,80.2304229736,47852,47863,11
12.819849968,80.2304229736,47863,47873,10
12.8204803467,80.2304077148,47873,47883,10
12.8213596344,80.230430603,47883,47893,10
12.8224201202,80.2306518555,47893,47903,10
12.8235301971,80.2309799194,47903,47913,10
12.8247203827,80.231262207,47913,47923,10
12.8259496689,80.2313079834,47923,47933,10
12.8271598816,80.2311401367,47933,47943,10
12.8282604218,80.2305374146,47943,47953,10
12.8293199539,80.2300033569,47953,47963,10
12.8309202194,80.2294006348,47963,47984,21
12.8309202194,80.2294006348,47984,47994,10
12.8310098648,80.2294006348,47994,48004,10
12.8311395645,80.2293319702,48004,48014,10
12.8313903809,80.2292480469,48014,48024,10
12.8317899704,80.229133606,48024,48034,10
12.832400322,80.2289962769,48034,48044,10
12.8332004547,80.2288589478,48044,48054,10
12.8341903687,80.2286834717,48054,48064,10
12.8353595734,80.2284927368,48064,48075,11
12.8367099762,80.2282791138,48075,48085,10
12.8378295898,80.2281036377,48085,48095,10
12.8388595581,80.2278518677,48095,48105,10
12.8394603729,80.2276763916,48105,48125,20
12.8394603729,80.2276763916,48125,48135,10
12.8399295807,80.2275466919,48135,48145,10
12.8404798508,80.2274169922,48145,48155,10
12.8412303925,80.2272109985,48155,48165,10
12.8421401978,80.2269973755,48165,48176,11
12.84333992,80.2267837524,48176,48185,9
12.8444404602,80.2266082764,48185,48196,11
12.8453502655,80.2265319824,48196,48206,10
12.8453598022,80.2265319824,48206,48216,10
12.8457698822,80.2265014648,48216,48236,20
12.8457698822,80.2265014648,48236,48246,10
12.8460302353,80.2265167236,48246,48256,10
12.8465595245,80.2265014648,48256,48266,10
12.8473796844,80.2265014648,48266,48277,11
12.8484697342,80.2265014648,48277,48287,10
12.84953022,80.2264862061,48287,48297,10
12.8500699997,80.2264709473,48297,48307,10
12.850279808,80.2264862061,48307,48317,10
12.8508796692,80.2265090942,48317,48327,10
12.8517303467,80.2265396118,48327,48337,10
12.8527603149,80.226600647,48337,48347,10
12.8539800644,80.2265472412,48347,48357,10
12.8552999496,80.2264099121,48357,48367,10
12.8566703796,80.2262573242,48367,48377,10
12.8578701019,80.2261505127,48377,48388,11
12.8587799072,80.2261734009,48388,48398,10
12.8597202301,80.22631073,48398,48408,10
12.8606595993,80.2264404297,48408,48418,10
12.8608798981,80.2264633179,48418,48428,10
12.8610801697,80.2264785767,48428,48438,10
12.8616600037,80.2264785767,48438,48448,10
12.8624897003,80.2264404297,48448,48458,10
12.8634595871,80.2264328003,48458,48468,10
12.8646602631,80.2264862061,48468,48478,10
12.8659095764,80.2265014648,48478,48489,11
12.8685598373,80.2263183594,48489,48499,10
12.8685598373,80.2263183594,48499,48509,10
12.8698101044,80.2264633179,48509,48519,10
12.8710002899,80.2265625,48519,48529,10
12.8720397949,80.226600647,48529,48539,10
12.8727397919,80.2266235352,48539,48549,10
12.8734903336,80.2266235352,48549,48560,11
12.874540329,80.2267303467,48560,48571,11
12.8757801056,80.226852417,48571,48580,9
12.876540184,80.2268295288,48580,48591,11
12.8768100739,80.2268218994,48591,48602,11
12.877240181,80.2268066406,48602,48612,10
12.8780002594,80.2267532349,48612,48622,10
12.8789701462,80.2266769409,48622,48632,10
12.8801002502,80.2266464233,48632,48642,10
12.8813199997,80.2266387939,48642,48651,9
12.8825101852,80.2266387939,48651,48661,10
12.8838396072,80.2266235352,48661,48672,11
12.8850402832,80.2266082764,48672,48682,10
12.8853302002,80.2266387939,48682,48693,11
12.8858003616,80.2267379761,48693,48703,10
12.8865098953,80.2269363403,48703,48713,10
12.887430191,80.227142334,48713,48723,10
12.8885602951,80.2272491455,48723,48733,10
12.8898496628,80.2272567749,48733,48743,10
12.8912296295,80.2272720337,48743,48753,10
12.8924398422,80.2272872925,48753,48763,10
12.8934402466,80.2274398804,48763,48773,10
12.8945598602,80.2275466919,48773,48783,10
12.8957996368,80.2276000977,48783,48793,10
12.8971300125,80.2276611328,48793,48804,11
12.8985204697,80.2277297974,48804,48814,10
12.8996601105,80.2277984619,48814,48824,10
12.9007396698,80.2278213501,48824,48925,101
12.9007396698,80.2278213501,48925,48935,10
12.9011201859,80.2278594971,48935,48945,10
12.9017400742,80.227897644,48945,48955,10
12.9024600983,80.2279129028,48955,48965,10
12.9025402069,80.2279205322,48965,48975,10
12.9026603699,80.227897644,48975,48985,10
12.903169632,80.2279510498,48985,48995,10
12.9039697647,80.2279891968,48995,49006,11
12.9050598145,80.2280578613,49006,49016,10
12.905960083,80.2281036377,49016,49026,10
12.9065504074,80.2281417847,49026,49036,10
12.9067897797,80.2281723022,49036,49046,10
12.9069004059,80.2282333374,49046,49056,10
12.9071798325,80.228302002,49056,49066,10
12.9078502655,80.2284088135,49066,49076,10
12.9088001251,80.2285385132,49076,49086,10
12.9099597931,80.2287063599,49086,49096,10
12.9112501144,80.2288970947,49096,49107,11
12.9125900269,80.2290802002,49107,49117,10
12.9136800766,80.2292175293,49117,49127,10
12.9139995575,80.2292480469,49127,49137,10
12.9141397476,80.2292633057,49137,49147,10
12.9146404266,80.2293395996,49147,49157,10
12.9153203964,80.2294769287,49157,49167,10
12.9163198471,80.2296066284,49167,49177,10
12.9173603058,80.2297363281,49177,49187,10
12.9184999466,80.2299118042,49187,49197,10
12.9197797775,80.2300796509,49197,49207,10
12.9211397171,80.2302398682,49207,49218,11
12.922659874,80.23046875,49218,49227,9
12.9239397049,80.2306518555,49227,49238,11
12.9255599976,80.2308273315,49238,49248,10
12.9270000458,80.2310028076,49248,49258,10
12.9282903671,80.2311782837,49258,49268,10
12.9287700653,80.231262207,49268,49278,10
12.9292697906,80.2313613892,49278,49288,10
12.9299497604,80.2315063477,49288,49298,10
12.9309501648,80.2317886353,49298,49308,10
12.9320402145,80.232131958,49308,49319,11
12.9332304001,80.2325592041,49319,49329,10
12.9336996078,80.2327728271,49329,49339,10
12.9338502884,80.2328720093,49339,49349,10
12.9343900681,80.2331085205,49349,49359,10
12.9351396561,80.2334518433,49359,49369,10
12.9358100891,80.2337722778,49369,49379,10
12.9365797043,80.23412323,49379,49389,10
12.9374904633,80.2345428467,49389,49399,10
12.9385595322,80.2350616455,49399,49409,10
12.939740181,80.2356567383,49409,49430,21
12.939740181,80.2356567383,49430,49440,10
12.9399595261,80.235786438,49440,49450,10
12.9405202866,80.2359466553,49450,49460,10
12.9413299561,80.2361526489,49460,49470,10
12.9423103333,80.2363815308,49470,49480,10
12.94328022,80.2369384766,49480,49490,10
12.944149971,80.2378616333,49490,49500,10
12.9450397491,80.2388534546,49500,49510,10
12.9461603165,80.2395172119,49510,49520,10
12.9475097656,80.2400588989,49520,49541,21
12.9475097656,80.2400588989,49541,49551,10
12.9476499557,80.2401199341,49551,49561,10
12.9481201172,80.2403182983,49561,49571,10
12.9488296509,80.240562439,49571,49611,40
12.9488296509,80.240562439,49611,49621,10
12.9490404129,80.2406768799,49621,49632,11
12.9496097565,80.2408905029,49632,49642,10
12.9510097504,80.2413024902,49642,49662,20
12.9510097504,80.2413024902,49662,49672,10
12.9511995316,80.2413787842,49672,49682,10
12.9517202377,80.2415771484,49682,49692,10
12.9524402618,80.241859436,49692,49702,10
12.9532604218,80.2421798706,49702,49712,10
12.954199791,80.2425537109,49712,49722,10
12.9549999237,80.2428436279,49722,49733,11
12.9559803009,80.2432022095,49733,49743,10
12.9563703537,80.243347168,49743,49753,10
12.9565696716,80.2434387207,49753,49763,10
12.9571199417,80.2436904907,49763,49773,10
12.9578504562,80.2440032959,49773,49783,10
12.9586400986,80.2443313599,49783,49793,10
12.9589395523,80.2444915771,49793,49803,10
12.9590196609,80.2445373535,49803,49813,10
12.9594402313,80.244758606,49813,49823,10
12.9603796005,80.2451400757,49823,49854,31
12.9603796005,80.2451400757,49854,49864,10
12.9605903625,80.2452392578,49864,49874,10
12.9610700607,80.2454528809,49874,49884,10
12.9617300034,80.2457733154,49884,49894,10
12.9624500275,80.246131897,49894,49904,10
12.9631795883,80.2464981079,49904,49914,10
12.9638900757,80.2468338013,49914,49924,10
12.964679718,80.2471084595,49924,49934,10
12.9655704498,80.2473678589,49934,49945,11
12.9665002823,80.247756958,49945,49955,10
12.9669103622,80.2479629517,49955,49965,10
12.9669103622,80.2479705811,49965,49975,10
12.9671001434,80.2481002808,49975,49985,10
12.967590332,80.248298645,49985,49995,10
12.9682998657,80.248588562,49995,50005,10
12.9690999985,80.2489089966,50005,50015,10
12.9699497223,80.2491989136,50015,50025,10
12.9708404541,80.2495574951,50025,50035,10
12.9717798233,80.2498397827,50035,50046,11
12.972820282,80.2501068115,50046,50056,10
12.9736299515,80.250328064,50056,50066,10
12.9744796753,80.2505569458,50066,50076,10
12.9754104614,80.2508087158,50076,50086,10
12.976360321,80.2510910034,50086,50096,10
12.9773197174,80.2514419556,50096,50106,10
12.978509903,80.2523117065,50106,50126,20
12.978509903,80.2523117065,50126,50136,10
12.9785499573,80.2523498535,50136,50146,10
12.9789199829,80.2525100708,50146,50157,11
12.9794197083,80.252571106,50157,50173,16
12.9794902802,80.2525863647,50173,50185,12
12.9799804688,80.2525787354,50185,50195,10
12.980629921,80.2525863647,50195,50205,10
12.9814500809,80.2525787354,50205,50215,10
12.9824199677,80.2525482178,50215,50224,9
12.9833202362,80.252456665,50224,50235,11
12.9840803146,80.252281189,50235,50245,10
12.9842596054,80.2522201538,50245,50256,11
12.9844703674,80.2521514893,50256,50266,10
12.9849500656,80.2520294189,50266,50276,10
12.9854803085,80.2518768311,50276,50286,10
12.9860200882,80.2517089844,50286,50407,121
12.9860200882,80.2517089844,50407,50417,10
12.9861698151,80.2516708374,50417,50427,10
12.9864196777,80.2516326904,50427,50437,10
12.9868602753,80.2515182495,50437,50447,10
12.9873800278,80.251373291,50447,50457,10
12.9878396988,80.2512588501,50457,50468,11
12.9879798889,80.2512207031,50468,50478,10
12.9882802963,80.2511672974,50478,50488,10
12.9888696671,80.2510375977,50488,50498,10
12.9893598557,80.2508926392,50498,50508,10
12.9893798828,80.2508926392,50508,50518,10
12.9895095825,80.2508926392,50518,50528,10
12.9899702072,80.250831604,50528,50538,10
12.9906797409,80.2506484985,50538,50548,10
12.991519928,80.2504196167,50548,50558,10
12.9924697876,80.2501678467,50558,50569,11
12.9936199188,80.2498626709,50569,50579,10
12.9947004318,80.2495803833,50579,50589,10
12.9957399368,80.2493209839,50589,50599,10
12.9967298508,80.2490615845,50599,50609,10
12.9976501465,80.2488327026,50609,50619,10
12.9979200363,80.2487487793,50619,50629,10
12.9980802536,80.2487106323,50629,50639,10
12.9986000061,80.248588562,50639,50649,10
12.9993495941,80.2484130859,50649,50659,10
13.0002202988,80.2481765747,50659,50670,11
13.0012903214,80.2479095459,50670,50680,10
13.003279686,80.2474899292,50680,50690,10
13.003279686,80.2474899292,50690,50700,10
13.0043201447,80.2473373413,50700,50710,10
13.0052900314,80.2472000122,50710,50720,10
13.0064001083,80.24659729,50720,50750,30
13.0064001083,80.24659729,50750,50760,10
13.0065202713,80.2463302612,50760,50770,10
13.0065803528,80.2458190918,50770,50781,11
13.0066099167,80.2451019287,50781,50791,10
13.0066003799,80.2443389893,50791,50801,10
13.0065803528,80.2435379028,50801,50811,10
13.0065803528,80.2427825928,50811,50821,10
13.0065603256,80.2416992188,50821,50831,10
13.0066299438,80.2409591675,50831,50841,10
13.0067396164,80.240020752,50841,50851,10
13.0068998337,80.2391815186,50851,50861,10
13.0073003769,80.2373580933,50861,50872,11
13.0073003769,80.2373580933,50872,50882,10
13.0073604584,80.2367935181,50882,50892,10
13.0073795319,80.2367401123,50892,50902,10
13.0074796677,80.236541748,50902,50912,10
13.0075798035,80.2360534668,50912,50922,10
13.0076904297,80.2353820801,50922,50932,10
13.0077695847,80.2350234985,50932,50945,13
13.0079298019,80.2342300415,50945,50955,10
13.008099556,80.2333984375,50955,50965,10
13.0082597733,80.2324981689,50965,50975,10
13.0084295273,80.2315673828,50975,50986,11
13.0086097717,80.2305374146,50986,50996,10
13.0088300705,80.229598999,50996,51006,10
13.0090198517,80.2286834717,51006,51016,10
13.0092697144,80.2278671265,51016,51025,9
13.0095796585,80.227180481,51025,51035,10
13.0100002289,80.2263031006,51035,51046,11
13.01060009,80.225189209,51046,51066,20
13.01060009,80.225189209,51066,51076,10
13.0107002258,80.224899292,51076,51087,11
13.0108804703,80.224319458,51087,51097,10
13.0111398697,80.2236862183,51097,51107,10
13.0114297867,80.2229766846,51107,51117,10
13.0117301941,80.2221603394,51117,51127,10
13.0121297836,80.2215194702,51127,51137,10
13.0124397278,80.2217178345,51137,51147,10
13.0125999451,80.2219772339,51147,51157,10
13.0129804611,80.2223892212,51157,51167,10
13.0135002136,80.2229614258,51167,51177,10
13.0139398575,80.2234191895,51177,51188,11
13.0142297745,80.2237930298,51188,51198,10
13.0145597458,80.2240982056,51198,51208,10
13.0150403976,80.2246398926,51208,51218,10
13.0154495239,80.2249908447,51218,51228,10
13.0155296326,80.2250366211,51228,51238,10
13.0158004761,80.2251968384,51238,51248,10
13.016289711,80.2253112793,51248,51258,10
13.0170602798,80.2250976563,51258,51268,10
13.0179004669,80.2247467041,51268,51278,10
13.0186700821,80.2244415283,51278,51289,11
13.0194702148,80.224357605,51289,51339,50
13.0194702148,80.224357605,51339,51349,10
13.019610405,80.2244720459,51349,51359,10
13.0197896957,80.224609375,51359,51369,10
13.0200996399,80.224861145,51369,51379,10
13.0205402374,80.225151062,51379,51389,10
13.0209999084,80.2254714966,51389,51400,11
13.0215597153,80.2258834839,51400,52187,787
13.0215597153,80.2258834839,52187,52199,12
13.0219802856,80.2261505127,52199,52209,10
13.022480011,80.2265625,52209,52219,10
13.0229701996,80.2270202637,52219,52230,11
13.0235204697,80.2275466919,52230,52240,10
13.0239696503,80.2279663086,52240,52250,10
13.0242795944,80.2282562256,52250,52260,10
13.0243501663,80.2283630371,52260,52270,10
13.0242900848,80.2285690308,52270,52280,10
13.0239200592,80.2282028198,52280,52290,10
13.0237598419,80.2279815674,52290,52300,10
13.0234899521,80.2277374268,52300,52906,606
13.0234899521,80.2277374268,52906,52916,10
13.0232801437,80.227432251,52916,52926,10
13.0231304169,80.2273025513,52926,52936,10
13.0230197906,80.2272033691,52936,52947,11
13.0226097107,80.2267913818,52947,52957,10
13.0220403671,80.2262496948,52957,52967,10
13.0212697983,80.2256622314,52967,52977,10
13.0206298828,80.2252197266,52977,52987,10
13.0203695297,80.2250823975,52987,52997,10
13.0200796127,80.224861145,52997,53007,10
13.0196399689,80.2245788574,53007,53016,9
13.0190200806,80.2244415283,53016,53026,10
13.0182504654,80.2246780396,53026,53037,11
13.0173597336,80.2250595093,53037,53048,11
13.0166797638,80.2253494263,53048,53058,10
13.0162496567,80.2255172729,53058,53068,10
13.0157203674,80.225692749,53068,53078,10
13.0150699615,80.2259216309,53078,53088,10
13.0143899918,80.2262191772,53088,53108,20
13.0143899918,80.2262191772,53108,53118,10
13.014289856,80.2262268066,53118,53128,10
13.0138101578,80.2264099121,53128,53138,10
13.0131196976,80.2266921997,53138,53148,10
13.0122900009,80.2270202637,53148,53159,11
13.0113296509,80.2274017334,53159,53175,16
13.0096998215,80.2280426025,53175,53188,13
13.0089902878,80.2292327881,53188,53198,10
13.0087604523,80.2303924561,53198,53208,10
13.0085201263,80.2317428589,53208,53218,10
13.0083303452,80.2328414917,53218,53228,10
13.0082502365,80.2334899902,53228,53237,9
13.0082197189,80.2335586548,53237,53248,11
13.008099556,80.2340011597,53248,53259,11
13.0079402924,80.2348480225,53259,53269,10
13.0077495575,80.2357330322,53269,53279,10
13.007519722,80.236831665,53279,53289,10
13.0073204041,80.2378082275,53289,53299,10
13.0072603226,80.2382202148,53299,53309,10
13.0071296692,80.2389221191,53309,53319,10
13.0069799423,80.2396621704,53319,53329,10
13.0069198608,80.2401580811,53329,53339,10
13.0068597794,80.2405700684,53339,53349,10
13.0068502426,80.2406005859,53349,53360,11
13.0067796707,80.2407989502,53360,53370,10
13.0066995621,80.2413024902,53370,53380,10
13.0066995621,80.2421798706,53380,53390,10
13.0066900253,80.2432174683,53390,53400,10
13.0066900253,80.2436676025,53400,53410,10
13.0066604614,80.2438583374,53410,53419,9
13.0066404343,80.2441635132,53419,53430,11
13.0066404343,80.2445297241,53430,53440,10
13.006649971,80.2449035645,53440,53450,10
13.0066604614,80.2454299927,53450,53460,10
13.0067195892,80.2463226318,53460,53501,41
13.0067195892,80.2463226318,53501,53511,10
13.0067396164,80.2466812134,53511,53521,10
13.0067396164,80.2466964722,53521,53531,10
13.0067300797,80.2468566895,53531,53541,10
13.0067195892,80.2472763062,53541,53551,10
13.0061998367,80.2474365234,53551,53572,21
13.0061998367,80.2474365234,53572,53582,10
13.0060997009,80.2474594116,53582,53592,10
13.0058002472,80.247428894,53592,53602,10
13.0054597855,80.2473678589,53602,53612,10
13.0047998428,80.2473907471,53612,53622,10
13.0039196014,80.2474899292,53622,53632,10
13.0030002594,80.2476196289,53632,53642,10
13.0023202896,80.2477798462,53642,53652,10
13.0016803741,80.2479019165,53652,53662,10
13.0008401871,80.2481231689,53662,53673,11
12.9996595383,80.2484130859,53673,53683,10
12.9985599518,80.2487106323,53683,53693,10
12.9974002838,80.2489776611,53693,53703,10
12.9961004257,80.2493133545,53703,53713,10
12.9947299957,80.2496795654,53713,53723,10
12.9934196472,80.25,53723,53733,10
12.9920396805,80.2503433228,53733,53743,10
12.9911403656,80.2506027222,53743,53753,10
12.9910402298,80.2505874634,53753,53763,10
12.9905099869,80.2507019043,53763,53772,9
12.9897699356,80.250869751,53772,53784,12
12.988699913,80.2511367798,53784,53794,10
12.9879703522,80.2513504028,53794,53925,131
12.9879703522,80.2513504028,53925,53935,10
12.9879198074,80.2512664795,53935,53945,10
12.9875898361,80.251373291,53945,53955,10
12.9869499207,80.2515792847,53955,53965,10
12.9860897064,80.2517929077,53965,53975,10
12.9850597382,80.2520904541,53975,53986,11
12.9836997986,80.2524871826,53986,53997,11
12.9822597504,80.2526702881,53997,54007,10
12.981010437,80.2527084351,54007,54017,10
12.9798402786,80.2527389526,54017,54027,10
12.9790096283,80.2526397705,54027,54037,10
12.9785995483,80.2525863647,54037,54045,8
12.9783201218,80.2524108887,54045,54056,11
12.9777002335,80.2518768311,54056,54067,11
12.9766998291,80.2512969971,54067,54077,10
12.9755802155,80.2509765625,54077,54086,9
12.9745798111,80.2506866455,54086,54098,12
12.9732198715,80.2503128052,54098,54108,10
12.9721403122,80.2500076294,54108,54118,10
12.9711399078,80.2497406006,54118,54127,9
12.970199585,80.2494430542,54127,54137,10
12.9691801071,80.2490386963,54137,54148,11
12.9680404663,80.2485809326,54148,54158,10
12.9670495987,80.2481765747,54158,54168,10
12.9662704468,80.2478103638,54168,54177,9
12.9655399323,80.2475204468,54177,54188,11
12.9652299881,80.2473983765,54188,54199,11
12.9650802612,80.2473068237,54199,54209,10
12.9646701813,80.2471618652,54209,54219,10
12.9639501572,80.2468795776,54219,54229,10
12.9630804062,80.2464828491,54229,54239,10
12.961979866,80.2459411621,54239,54249,10
12.9608802795,80.2454223633,54249,54259,10
12.9598302841,80.2449874878,54259,54269,10
12.9593601227,80.2447967529,54269,54279,10
12.9587602615,80.2444763184,54279,54289,10
12.9580097198,80.2441711426,54289,54300,11
12.9573001862,80.2438964844,54300,54310,10
12.9564800262,80.2436523438,54310,54360,50
12.9564800262,80.2436523438,54360,54370,10
12.9559898376,80.2434463501,54370,54380,10
12.9552497864,80.2431106567,54380,54390,10
12.954460144,80.242767334,54390,54401,11
12.9534397125,80.2423171997,54401,54411,10
12.9525299072,80.2419815063,54411,54421,10
12.9517602921,80.2416992188,54421,54431,10
12.9511299133,80.2414703369,54431,54441,10
12.9503002167,80.2412414551,54441,54451,10
12.9495000839,80.2409973145,54451,54461,10
12.9489202499,80.2407913208,54461,54471,10
12.9482402802,80.2405014038,54471,54481,10
12.9476699829,80.2402496338,54481,54491,10
12.9473800659,80.2400970459,54491,54502,11
12.9467201233,80.2398223877,54502,54512,10
12.9458198547,80.239440918,54512,54522,10
12.9448900223,80.2387924194,54522,54532,10
12.9440202713,80.2378311157,54532,54542,10
12.9433002472,80.2370376587,54542,54552,10
12.9428501129,80.2367095947,54552,54562,10
12.94190979,80.2363510132,54562,54572,10
12.9406604767,80.236038208,54572,54581,9
12.9395904541,80.2356491089,54581,54592,11
12.9385700226,80.235168457,54592,54603,11
12.9374399185,80.2346420288,54603,54613,10
12.9362897873,80.2340621948,54613,54623,10
12.934920311,80.2334289551,54623,54633,10
12.9338998795,80.2329864502,54633,54643,10
12.9338703156,80.2329788208,54643,54653,10
12.933719635,80.2328720093,54653,54663,10
12.93309021,80.2325973511,54663,54673,10
12.9322004318,80.2322769165,54673,54683,10
12.9310903549,80.231918335,54683,54693,10
12.9298200607,80.2315597534,54693,54703,10
12.9287996292,80.2313232422,54703,54714,11
12.9276199341,80.2311630249,54714,54723,9
12.9265804291,80.231048584,54723,54734,11
12.9254302979,80.2309188843,54734,54744,10
12.9242296219,80.2307815552,54744,54754,10
12.9229803085,80.2305984497,54754,54764,10
12.9216604233,80.2304077148,54764,54774,10
12.9202604294,80.23021698,54774,54784,10
12.9188299179,80.2300415039,54784,54794,10
12.9174203873,80.2298583984,54794,54804,10
12.9160499573,80.2296676636,54804,54815,11
12.9145803452,80.2294464111,54815,54825,10
12.9135904312,80.2293395996,54825,54835,10
12.9129600525,80.2292327881,54835,54845,10
12.9125900269,80.2291564941,54845,54855,10
12.9118795395,80.229019165,54855,54865,10
12.9109401703,80.2289123535,54865,54875,10
12.9098300934,80.2287597656,54875,54885,10
12.9085998535,80.2285614014,54885,54895,10
12.907409668,80.2283782959,54895,54905,10
12.9065504074,80.2282867432,54905,54916,11
12.9061403275,80.2282485962,54916,54926,10
12.9056100845,80.2282409668,54926,54936,10
12.904800415,80.228187561,54936,54946,10
12.9037599564,80.2281265259,54946,54956,10
12.9026298523,80.2280807495,54956,54966,10
12.9016895294,80.2280197144,54966,54976,10
12.9010801315,80.2279815674,54976,54986,10
12.9005899429,80.2279434204,54986,54996,10
12.9000597,80.227897644,54996,55006,10
12.8995304108,80.2278671265,55006,55016,10
12.899310112,80.2278671265,55016,55027,11
12.8990602493,80.2278594971,55027,55037,10
12.8984498978,80.2278289795,55037,55047,10
12.8976402283,80.2277679443,55047,55057,10
12.8966302872,80.227722168,55057,55067,10
12.8954696655,80.2276611328,55067,55077,10
12.8943195343,80.2276229858,55077,55087,10
12.8932504654,80.2275238037,55087,55097,10
12.8923196793,80.2274169922,55097,55107,10
12.8913297653,80.2273788452,55107,55117,10
12.8902101517,80.2273864746,55117,55128,11
12.8889198303,80.2273788452,55128,55138,10
12.8877601624,80.2273025513,55138,55148,10
12.886639595,80.2271118164,55148,55158,10
12.8856401443,80.2268600464,55158,55168,10
12.8850002289,80.2267608643,55168,55178,10
12.8847999573,80.2267608643,55178,55188,10
12.8843698502,80.2267532349,55188,55198,10
12.883600235,80.2267379761,55198,55208,10
12.8826303482,80.2267532349,55208,55218,10
12.8814897537,80.2267608643,55218,55228,10
12.880279541,80.2267608643,55228,55239,11
12.8788795471,80.2267990112,55239,55249,10
12.8776903152,80.226890564,55249,55259,10
12.8767404556,80.2269821167,55259,55269,10
12.8764896393,80.2269897461,55269,55279,10
12.8764400482,80.2269897461,55279,55289,10
12.8760004044,80.2269973755,55289,55299,10
12.8752498627,80.2269515991,55299,55309,10
12.874250412,80.2268295288,55309,55319,10
12.8731203079,80.2267227173,55319,55330,11
12.8728103638,80.2267379761,55330,55340,10
12.8726997375,80.2267227173,55340,55350,10
12.8721904755,80.2266998291,55350,55360,10
12.8713598251,80.2266693115,55360,55370,10
12.8703203201,80.226600647,55370,55380,10
12.869099617,80.2264709473,55380,55390,10
12.8677597046,80.2264404297,55390,55400,10
12.8664999008,80.2265625,55400,55410,10
12.8653497696,80.2265930176,55410,55420,10
12.8641395569,80.2265625,55420,55430,10
12.8628396988,80.2265396118,55430,55441,11
12.861289978,80.2265930176,55441,55451,10
12.8598299026,80.2264480591,55451,55461,10
12.8583297729,80.2262802124,55461,55471,10
12.8568296432,80.2263183594,55471,55481,10
12.855340004,80.2264709473,55481,55491,10
12.8538503647,80.2266387939,55491,55501,10
12.8523397446,80.2266998291,55501,55511,10
12.850979805,80.2266387939,55511,55521,10
12.8501195908,80.2266235352,55521,55531,10
12.8499803543,80.2266082764,55531,55542,11
12.849360466,80.226600647,55542,55552,10
12.8484697342,80.2266082764,55552,55562,10
12.8473901749,80.226600647,55562,55572,10
12.846280098,80.2266082764,55572,55582,10
12.8455495834,80.2266082764,55582,55592,10
12.8454999924,80.226600647,55592,55602,10
12.8453397751,80.2265319824,55602,55612,10
12.8449201584,80.2265625,55612,55622,10
12.8441400528,80.2266387939,55622,55632,10
12.8431596756,80.2267608643,55632,55643,11
12.841799736,80.2270812988,55643,55653,10
12.8405103683,80.2274398804,55653,55663,10
12.8398303986,80.2276535034,55663,55673,10
12.8392896652,80.2278213501,55673,55683,10
12.8386602402,80.2279968262,55683,55693,10
12.8384199142,80.2280502319,55693,55703,10
12.8377504349,80.228187561,55703,55713,10
12.8367900848,80.2283172607,55713,55723,10
12.8355798721,80.2285232544,55723,55733,10
12.8342199326,80.2287521362,55733,55743,10
12.8328695297,80.2289962769,55743,55754,11
12.8317203522,80.2291870117,55754,55764,10
12.8315601349,80.2290115356,55764,55774,10
12.8315601349,80.2289810181,55774,55784,10
12.8315000534,80.2285995483,55784,55794,10
12.8313598633,80.2278366089,55794,55804,10
12.8311300278,80.2267913818,55804,55814,10
12.8310203552,80.2255401611,55814,55824,10
12.8310003281,80.2247695923,55824,55834,10
12.8310203552,80.2244110107,55834,55844,10
12.8310403824,80.2236709595,55844,55855,11
12.8310403824,80.2225570679,55855,55865,10
12.8310403824,80.2221069336,55865,55875,10
12.8310403824,80.221496582,55875,55885,10
12.8310604095,80.2206268311,55885,55895,10
12.8310604095,80.2197799683,55895,55905,10
12.8308801651,80.2194976807,55905,55915,10
12.8301296234,80.2194595337,55915,55925,10
12.8291196823,80.2194366455,55925,55935,10
12.8276395798,80.2194671631,55935,55956,21
12.8276395798,80.2194671631,55956,55966,10
12.8272199631,80.2194366455,55966,55976,10
12.8264503479,80.2194366455,55976,55986,10
12.8259897232,80.2193984985,55986,55996,10
12.8258800507,80.219367981,55996,56006,10
12.8258399963,80.2190628052,56006,56016,10
12.8258304596,80.2185897827,56016,56026,10
12.8258399963,80.2179412842,56026,56036,10
12.8258495331,80.2173995972,56036,56046,10
12.8258600235,80.2169265747,56046,56056,10
12.8258399963,80.2165374756,56056,56067,11
12.825799942,80.2161178589,56067,56077,10
12.8256196976,80.2160415649,56077,56087,10
12.8252696991,80.2160415649,56087,56097,10
12.8247995377,80.2160415649,56097,56107,10
12.8243103027,80.2160415649,56107,56249,142
12.8243103027,80.2160415649,56249,56258,9
12.8242301941,80.2159881592,56258,56270,12
12.8237199783,80.216003418,56270,56280,10
12.8230199814,80.216003418,56280,56290,10
12.8227100372,80.2160720825,56290,56299,9
12.8226900101,80.216583252,56299,56310,11
12.8226995468,80.2174530029,56310,56320,10
12.8226900101,80.2183837891,56320,56330,10
12.8226604462,80.2191009521,56330,56340,10
12.8227300644,80.2193603516,56340,56360,20
12.8227300644,80.2193603516,56360,56370,10
12.8232498169,80.2194519043,56370,56381,11
12.8240604401,80.2194671631,56381,56391,10
12.8248500824,80.2194213867,56391,56401,10
12.8253803253,80.2194366455,56401,56411,10
12.8256502151,80.2194671631,56411,56421,10
12.8256998062,80.2194824219,56421,56431,10
12.826089859,80.2194824219,56431,56444,13
12.8272600174,80.2194366455,56444,56555,111
12.8272600174,80.2194366455,56555,56565,10
12.8274097443,80.2194137573,56565,56585,20
12.8276395798,80.2193832397,56585,56767,182
12.8276395798,80.2193832397,56767,56777,10
12.8280296326,80.2193984985,56777,56787,10
12.8287200928,80.2194137573,56787,56797,10
12.8296604156,80.2194213867,56797,56808,11
12.8307199478,80.2194213867,56808,56818,10
12.8310203552,80.2195129395,56818,56828,10
12.8311796188,80.2200698853,56828,56838,10
12.831199646,80.2209625244,56838,56848,10
12.8311901093,80.2219390869,56848,56858,10
12.8311901093,80.2222671509,56858,56868,10
12.8311796188,80.2228393555,56868,56878,10
12.8311595917,80.2237091064,56878,56888,10
12.8311595917,80.2245788574,56888,56898,10
12.8311395645,80.2249908447,56898,56908,10
12.8311300278,80.2257385254,56908,56919,11
12.8312101364,80.2266998291,56919,56929,10
12.8315200806,80.2282409668,56929,56939,10
12.8317203522,80.229019165,56939,56949,10
12.8317499161,80.2290725708,56949,56959,10
12.8320198059,80.2291412354,56959,56969,10
12.8328399658,80.2289962769,56969,56979,10
12.8339996338,80.2287826538,56979,56988,9
12.8352298737,80.2285614014,56988,56999,11
12.8368701935,80.2283096313,56999,57010,11
12.8383903503,80.228012085,57010,57020,10
12.8393697739,80.227722168,57020,57069,49
12.8393697739,80.227722168,57069,57080,11
12.8399095535,80.2275695801,57080,57090,10
12.8407096863,80.2273330688,57090,57100,10
12.841460228,80.2271270752,57100,57111,11
12.8422603607,80.2269363403,57111,57121,10
12.8431901932,80.2267837524,57121,57131,10
12.8442001343,80.2266387939,57131,57141,10
12.8453998566,80.2265396118,57141,57161,20
12.8453998566,80.2265396118,57161,57171,10
12.8458499908,80.2265396118,57171,57181,10
12.8467998505,80.2265167236,57181,57191,10
12.8479604721,80.2265396118,57191,57201,10
12.8489599228,80.2265090942,57201,57211,10
12.8497104645,80.2265014648,57211,57222,11
12.8499698639,80.2264785767,57222,57232,10
12.850279808,80.2265014648,57232,57242,10
12.8509502411,80.2265014648,57242,57252,10
12.851849556,80.2265396118,57252,57262,10
12.8528699875,80.226600647,57262,57271,9
12.8541402817,80.2265396118,57271,57282,11
12.8556003571,80.2263793945,57282,57292,10
12.8568096161,80.2262420654,57292,57302,10
12.8577003479,80.2261581421,57302,57313,11
12.8582897186,80.2261734009,57313,57323,10
12.8589801788,80.2262420654,57323,57333,10
12.859919548,80.2263565063,57333,57343,10
12.8607397079,80.2264633179,57343,57352,9
12.8608703613,80.2264785767,57352,57363,11
12.8613004684,80.2265625,57363,57373,10
12.8622398376,80.2265090942,57373,57383,10
12.8632602692,80.2264633179,57383,57393,10
12.8644895554,80.2265014648,57393,57403,10
12.8658704758,80.2265167236,57403,57414,11
12.8674497604,80.2263870239,57414,57424,10
12.8687400818,80.2263565063,57424,57434,10
12.8698596954,80.2264862061,57434,57444,10
12.8710098267,80.2265930176,57444,57454,10
12.8718795776,80.226600647,57454,57464,10
12.872710228,80.226600647,57464,57474,10
12.8729295731,80.2266082764,57474,57484,10
12.8734102249,80.2266235352,57484,57494,10
12.8741903305,80.2266998291,57494,57504,10
12.8751602173,80.2268295288,57504,57521,17
12.8767204285,80.2268371582,57521,57533,12
12.8770503998,80.2268218994,57533,57543,10
12.8777599335,80.2267608643,57543,57553,10
12.8787097931,80.2266998291,57553,57563,10
12.8798599243,80.2266693115,57563,57573,10
12.8810300827,80.2266616821,57573,57583,10
12.8825397491,80.2266387939,57583,57593,10
12.8839302063,80.2266235352,57593,57603,10
12.8849802017,80.2266235352,57603,57613,10
12.885219574,80.2266387939,57613,57624,11
12.8855400085,80.2266998291,57624,57634,10
12.886179924,80.2268829346,57634,57644,10
12.8870296478,80.2270812988,57644,57654,10
12.8881101608,80.2272262573,57654,57664,10
12.8893699646,80.2272796631,57664,57674,10
12.8907299042,80.2272796631,57674,57684,10
12.8920402527,80.2272796631,57684,57694,10
12.8933696747,80.2274169922,57694,57704,10
12.8947296143,80.2275390625,57704,57714,10
12.8961601257,80.2276000977,57714,57725,11
12.8976697922,80.2276763916,57725,57735,10
12.8987398148,80.2277374268,57735,57745,10
12.8994398117,80.2277908325,57745,57755,10
12.8998804092,80.2278289795,57755,57765,10
12.9002504349,80.2278289795,57765,57775,10
12.9006204605,80.2278366089,57775,57785,10
12.9009304047,80.2278518677,57785,57795,10
12.90102005,80.2278671265,57795,57805,10
12.901260376,80.2278900146,57805,57815,10
12.901720047,80.2279205322,57815,57825,10
12.9026699066,80.2279510498,57825,57864,39
12.9026699066,80.2279510498,57864,57874,10
12.9028596878,80.2280197144,57874,57884,10
12.9033403397,80.2280502319,57884,57893,9
12.9040298462,80.2280807495,57893,57904,11
12.9050502777,80.2281417847,57904,57914,10
12.905500412,80.2281265259,57914,57924,10
12.9055204391,80.2281188965,57924,57934,10
12.9055995941,80.2281265259,57934,57944,10
12.9060697556,80.2281570435,57944,57956,12
12.906920433,80.2282409668,57956,57966,10
12.9078102112,80.2283630371,57966,57976,10
12.9086799622,80.2285079956,57976,57986,10
12.9096803665,80.2286987305,57986,57996,10
12.9107599258,80.2288589478,57996,58006,10
12.9118795395,80.2290115356,58006,58016,10
12.9129400253,80.2291488647,58016,58026,10
12.913769722,80.2292480469,58026,58036,10
12.9139099121,80.2292709351,58036,58058,22
12.9150104523,80.2294387817,58058,58070,12
12.9161701202,80.2296066284,58070,58080,10
12.9173202515,80.2297821045,58080,58090,10
12.9185695648,80.2299728394,58090,58100,10
12.9199399948,80.230140686,58100,58110,10
12.9212303162,80.2303009033,58110,58120,10
12.9228000641,80.2305297852,58120,58130,10
12.9241504669,80.2307128906,58130,58139,9
12.9253501892,80.2308425903,58139,58150,11
12.9263296127,80.2309494019,58150,58161,11
12.9264698029,80.2309494019,58161,58171,10
12.9270200729,80.2310028076,58171,58181,10
12.9278497696,80.2311172485,58181,58191,10
12.9288196564,80.2312698364,58191,58201,10
12.9297800064,80.2314987183,58201,58211,10
12.9309196472,80.2317962646,58211,58221,10
12.9321699142,80.2321777344,58221,58231,10
12.9333496094,80.2325973511,58231,58241,10
12.9337596893,80.2327804565,58241,58252,11
12.934129715,80.2329711914,58252,58262,10
12.9348697662,80.2332992554,58262,58272,10
12.9357700348,80.2337036133,58272,58282,10
12.9367303848,80.2341537476,58282,58292,10
12.9377498627,80.2346420288,58292,58302,10
12.9387702942,80.2351379395,58302,58312,10
12.9395904541,80.2355575562,58312,58322,10
12.9396896362,80.2356185913,58322,58332,10
12.9398899078,80.2356567383,58332,58342,10
12.9406003952,80.2359237671,58342,58353,11
12.9416303635,80.2361984253,58353,58362,9
12.9426202774,80.2365036011,58362,58372,10
12.943570137,80.237197876,58372,58382,10
12.9444103241,80.2381286621,58382,58393,11
12.9452600479,80.2390365601,58393,58403,10
12.9461803436,80.2395477295,58403,58413,10
12.9469804764,80.2398529053,58413,58423,10
12.9471597672,80.239906311,58423,58433,10
12.9474401474,80.2400283813,58433,58443,10
12.9479904175,80.2402572632,58443,58454,11
12.9485797882,80.2404937744,58454,58464,10
12.9491901398,80.2407302856,58464,58474,10
12.9494304657,80.2408218384,58474,58484,10
12.9498500824,80.2409362793,58484,58494,10
12.9505901337,80.2412033081,58494,58504,10
12.9514598846,80.2414932251,58504,58514,10
12.9522600174,80.2417831421,58514,58524,10
12.9531202316,80.2421188354,58524,58534,10
12.9540596008,80.242477417,58534,58544,10
12.9549598694,80.2428436279,58544,58554,10
12.9557600021,80.2431106567,58554,58565,11
12.9563999176,80.2433624268,58565,58575,10
12.956489563,80.2434005737,58575,58585,10
12.9569196701,80.2435836792,58585,58595,10
12.9576501846,80.243927002,58595,58605,10
12.9585695267,80.2443389893,58605,58615,10
12.9588899612,80.2444381714,58615,58625,10
12.9589595795,80.2444992065,58625,58635,10
12.9593000412,80.244682312,58635,58645,10
12.9599399567,80.2449798584,58645,58655,10
12.9608201981,80.2453918457,58655,58666,11
12.9619503021,80.2459182739,58666,58676,10
12.9629402161,80.2464065552,58676,58686,10
12.9633398056,80.2465896606,58686,58746,60
12.9633398056,80.2465896606,58746,58756,10
12.9637403488,80.2468414307,58756,58767,11
12.9644403458,80.2471237183,58767,58777,10
12.965259552,80.2474136353,58777,58787,10
12.966799736,80.2479705811,58787,58807,20
12.966799736,80.2479705811,58807,58817,10
12.9669399261,80.2480621338,58817,58827,10
12.9673099518,80.2482223511,58827,58837,10
12.9680099487,80.2485198975,58837,58847,10
12.968870163,80.2488479614,58847,58857,10
12.9699001312,80.2492828369,58857,58867,10
12.9710302353,80.2497024536,58867,58878,11
12.9724702835,80.2500915527,58878,58888,10
12.9736995697,80.2504196167,58888,58898,10
12.9751701355,80.2508087158,58898,58908,10
12.9764003754,80.2511291504,58908,58918,10
12.9773797989,80.2515029907,58918,58928,10
12.9782104492,80.2521514893,58928,58938,10
12.9785900116,80.2523880005,58938,58948,10
12.9786396027,80.2524185181,58948,58958,10
12.9790697098,80.252571106,58958,58968,10
12.9798402786,80.2526626587,58968,58979,11
12.9808197021,80.2526702881,58979,58989,10
12.9816999435,80.2526397705,58989,58999,10
12.9826097488,80.2526168823,58999,59009,10
12.9834804535,80.2525100708,59009,59019,10
12.9842500687,80.2523193359,59019,59029,10
12.9848203659,80.2521362305,59029,59039,10
12.9851503372,80.2520370483,59039,59049,10
12.9854202271,80.2519607544,59049,59059,10
12.9858102798,80.2518997192,59059,59069,10
12.9863595963,80.2517623901,59069,59080,11
12.987039566,80.2515411377,59080,59090,10
12.9877700806,80.2513427734,59090,59100,10
12.9885597229,80.2511520386,59100,59110,10
12.9892997742,80.2509536743,59110,59120,10
12.9893798828,80.2509307861,59120,59130,10
12.9896802902,80.250869751,59130,59140,10
12.9899702072,80.250831604,59140,59150,10
12.9905500412,80.2506790161,59150,59160,10
12.9913797379,80.2504806519,59160,59169,9
12.9922704697,80.2502593994,59169,59179,10
12.9933204651,80.2499771118,59179,59191,12
12.994509697,80.2496795654,59191,59201,10
12.9954595566,80.2494277954,59201,59211,10
12.996509552,80.2491531372,59211,59220,9
12.9974899292,80.2489089966,59220,59231,11
12.99862957,80.2486190796,59231,59241,10
12.9998903275,80.2483215332,59241,59251,10
13.0010299683,80.2480316162,59251,59261,10
13.0017700195,80.2478408813,59261,59271,10
13.0021800995,80.2477416992,59271,59281,10
13.002869606,80.2476119995,59281,59292,11
13.0038700104,80.2474365234,59292,59302,10
13.0048904419,80.2473220825,59302,59312,10
13.0056695938,80.2471389771,59312,59322,10
13.0063199997,80.2468032837,59322,59342,20
13.0063199997,80.2468032837,59342,59352,10
13.0064201355,80.2466812134,59352,59362,10
13.0065803528,80.2462005615,59362,59372,10
13.0066299438,80.2453765869,59372,59382,10
13.0066204071,80.2445068359,59382,59393,11
13.0066099167,80.2435073853,59393,59403,10
13.0066299438,80.2426681519,59403,59413,10
13.0066204071,80.2417526245,59413,59423,10
13.0066900253,80.2408599854,59423,59432,9
13.0068302155,80.2401504517,59432,59444,12
13.0069999695,80.2392425537,59444,59454,10
13.0071697235,80.2383270264,59454,59464,10
13.0073099136,80.2374725342,59464,59474,10
13.0075302124,80.2364578247,59474,59484,10
13.0075597763,80.2360916138,59484,59495,11
13.0076704025,80.2356109619,59495,59505,10
13.0078001022,80.2349319458,59505,59515,10
13.0080299377,80.2338867188,59515,59525,10
13.0082702637,80.2326812744,59525,59535,10
13.0085096359,80.231300354,59535,59545,10
13.0087995529,80.2298431396,59545,59555,10
13.0090799332,80.2284927368,59555,59565,10
13.0095701218,80.2272186279,59565,59575,10
13.0101804733,80.2259292603,59575,59585,10
13.0107498169,80.2248001099,59585,59596,11
13.0112495422,80.2236709595,59596,59606,10
13.0115604401,80.2229385376,59606,59616,10
13.0118398666,80.2220993042,59616,59626,10
13.0120401382,80.2215881348,59626,59636,10
13.0122299194,80.221496582,59636,59646,10
13.0123796463,80.2216186523,59646,59656,10
13.0127096176,80.2220230103,59656,59666,10
13.0130300522,80.222366333,59666,59676,10
13.013420105,80.2227935791,59676,59686,10
13.0137195587,80.2231369019,59686,59696,10
13.0138301849,80.2232131958,59696,59707,11
13.0141601563,80.223449707,59707,59717,10
13.0143404007,80.2236785889,59717,59733,16
13.0149097443,80.2244186401,59733,59745,12
13.0154895782,80.2250289917,59745,59755,10
13.0156497955,80.225151062,59755,59765,10
13.016169548,80.2253570557,59765,59775,10
13.0169496536,80.2251663208,59775,59785,10
13.0178804398,80.2248077393,59785,59795,10
13.0187797546,80.2244415283,59795,59806,11
13.0192804337,80.2243118286,59806,59826,20
13.0192804337,80.2243118286,59826,59836,10
13.0193300247,80.2243499756,59836,59846,10
13.0195903778,80.2244720459,59846,59856,10
13.0198698044,80.2246398926,59856,59866,10
13.02023983,80.2249221802,59866,59876,10
13.0205898285,80.2251586914,59876,59886,10
13.0209503174,80.225440979,59886,59896,10
13.0212202072,80.2256469727,59896,59914,18
13.0215997696,80.2259597778,59914,59926,12
13.0220003128,80.2262420654,59926,59936,10
13.022480011,80.2266387939,59936,59946,10
13.0229701996,80.2270736694,59946,59956,10
13.0234603882,80.2275238037,59956,59966,10
13.0238199234,80.2277984619,59966,59976,10
13.0240602493,80.2279968262,59976,60017,41
13.0240602493,80.2279968262,60017,60027,10
13.0242795944,80.228302002,60027,60087,60
13.0242795944,80.228302002,60087,60097,10
13.0244503021,80.2285766602,60097,60107,10
13.0242795944,80.2286529541,60107,60118,11
13.0240001678,80.2283172607,60118,60128,10
13.0237998962,80.2280426025,60128,60138,10
13.0236701965,80.227897644,60138,60148,10
13.0234699249,80.2277374268,60148,60420,272
13.0234699249,80.2277374268,60420,60431,11
13.0232696533,80.2275085449,60431,60441,10
13.023059845,80.2273101807,60441,60451,10
13.0227804184,80.2270431519,60451,60461,10
13.0225296021,80.2267303467,60461,60471,10
13.0220499039,80.2263183594,60471,60481,10
13.0215597153,80.2259521484,60481,60491,10
13.0210800171,80.2255706787,60491,60501,10
13.0205402374,80.2252197266,60501,60511,10
13.0198802948,80.2248001099,60511,60531,20
13.0198802948,80.2248001099,60531,60542,11
13.0196399689,80.2246170044,60542,60552,10
13.0189399719,80.2244873047,60552,60562,10
13.0181503296,80.2247772217,60562,60572,10
13.0172901154,80.2251205444,60572,60582,10
13.0164499283,80.2254714966,60582,60591,9
13.0158500671,80.2256698608,60591,60601,10
13.0151700974,80.2259216309,60601,60612,11
13.0145397186,80.2261810303,60612,60622,10
13.0144100189,80.2262420654,60622,60633,11
13.0140399933,80.2263870239,60633,60643,10
13.0133600235,80.2266311646,60643,60653,10
13.0126199722,80.2269210815,60653,60663,10
13.0119400024,80.2271728516,60663,60673,10
13.0112400055,80.2274398804,60673,60683,10
13.0104598999,80.2277526855,60683,60693,10
13.0096702576,80.2281036377,60693,60703,10
13.0091400146,80.2286682129,60703,60713,10
13.0089797974,80.2295379639,60713,60723,10
13.0087795258,80.2306518555,60723,60734,11
13.0085296631,80.2319412231,60734,60744,10
13.0081996918,80.2337265015,60744,60774,30
13.0081996918,80.2337265015,60774,60784,10
13.0080900192,80.234161377,60784,60794,10
13.0080003738,80.2346878052,60794,60804,10
13.0079698563,80.234916687,60804,60814,10
13.0078601837,80.2352905273,60814,60824,10
13.0077295303,80.2360305786,60824,60834,10
13.0075597763,80.236869812,60834,60845,11
13.0073795319,80.2378082275,60845,60855,10
13.0072498322,80.2385787964,60855,60865,10
13.0071296692,80.2392578125,60865,60875,10
13.0069799423,80.2400131226,60875,61047,172
13.0069799423,80.2400131226,61047,61057,10
13.006939888,80.2405014038,61057,61067,10
13.0068798065,80.2407913208,61067,61077,10
13.0068397522,80.240852356,61077,61087,10
13.0068302155,80.2409210205,61087,61097,10
13.0067996979,80.2411193848,61097,61107,10
13.006770134,80.2417526245,61107,61117,10
13.0067596436,80.2426605225,61117,61127,10
13.0067195892,80.2433624268,61127,61137,10
13.0067195892,80.243560791,61137,61147,10
13.0066995621,80.2437591553,61147,61158,11
13.0066795349,80.2442398071,61158,61168,10
13.0066795349,80.2448425293,61168,61178,10
13.0066900253,80.2454071045,61178,61188,10
13.0067100525,80.2456436157,61188,61198,10
13.0067195892,80.2459182739,61198,61218,20
13.0067195892,80.2459182739,61218,61228,10
13.0067396164,80.2462768555,61228,61238,10
13.0067501068,80.2468795776,61238,61248,10
13.0065002441,80.2473983765,61248,61259,11
13.0061998367,80.2473983765,61259,61269,10
13.0060501099,80.2473602295,61269,61279,10
13.0054302216,80.2473602295,61279,61289,10
13.0045404434,80.2474212646,61289,61299,10
13.003490448,80.2475662231,61299,61309,10
13.0025596619,80.2477264404,61309,61319,10
13.0018100739,80.2479171753,61319,61329,10
13.0008802414,80.2481613159,61329,61339,10
12.9997396469,80.2484283447,61339,61349,10
12.9985904694,80.2487030029,61349,61360,11
12.9972496033,80.2490234375,61360,61370,10
12.9959201813,80.2493591309,61370,61380,10
12.9945802689,80.2497406006,61380,61390,10
12.9933300018,80.2500686646,61390,61400,10
12.9920701981,80.2503814697,61400,61410,10
12.9911203384,80.2506484985,61410,61420,10
12.9909601212,80.2506790161,61420,61430,10
12.990480423,80.250793457,61430,61440,10
12.989689827,80.2509765625,61440,61450,10
12.988820076,80.2511978149,61450,61461,11
12.9884300232,80.2512893677,61461,61642,181
12.9884300232,80.2512893677,61642,61652,10
12.9883403778,80.2513198853,61652,61662,10
12.9880895615,80.2513809204,61662,61673,11
12.9876298904,80.2515029907,61673,61683,10
12.9870195389,80.251663208,61683,61693,10
12.9863195419,80.2518463135,61693,61703,10
12.9854898453,80.2520370483,61703,61713,10
12.9845895767,80.252281189,61713,61723,10
12.9836397171,80.252532959,61723,61733,10
12.9824800491,80.2526779175,61733,61743,10
12.9813804626,80.2527236938,61743,61753,10
12.980629921,80.2527618408,61753,61763,10
12.9803199768,80.2528076172,61763,61774,11
12.9798402786,80.2527694702,61774,61784,10
12.9788503647,80.2526473999,61784,61804,20
12.9788503647,80.2526473999,61804,61814,10
12.9785900116,80.2525634766,61814,61824,10
12.9780502319,80.2521820068,61824,61834,10
12.9772901535,80.2515487671,61834,61844,10
12.976149559,80.251121521,61844,61854,10
12.9749603271,80.2507781982,61854,61864,10
12.9737997055,80.2504806519,61864,61875,11
12.9725198746,80.2501525879,61875,61885,10
12.9713497162,80.2498397827,61885,61895,10
12.9700803757,80.249420166,61895,61905,10
12.9689302444,80.2489624023,61905,61915,10
12.9680099487,80.248588562,61915,61925,10
12.9669599533,80.2481307983,61925,61935,10
12.966050148,80.2477035522,61935,61945,10
12.9654397964,80.2474975586,61945,61965,20
12.9654397964,80.2474975586,61965,61976,11
12.9650602341,80.2473907471,61976,61986,10
12.9644403458,80.2471466064,61986,61996,10
12.9635896683,80.2467880249,61996,62006,10
12.9625396729,80.2462768555,62006,62016,10
12.961350441,80.2456970215,62016,62026,10
12.9601898193,80.2451705933,62026,62036,10
12.95952034,80.2449111938,62036,62056,20
12.95952034,80.2449111938,62056,62066,10
12.9592695236,80.2447662354,62066,62076,10
12.9586601257,80.244468689,62076,62087,11
12.9577598572,80.2440719604,62087,62097,10
12.9569597244,80.2437591553,62097,62107,10
12.9566202164,80.2435836792,62107,62157,50
12.9566202164,80.2435836792,62157,62167,10
12.9564800262,80.2435302734,62167,62177,10
12.956199646,80.2434082031,62177,62188,11
12.9554796219,80.2431411743,62188,62198,10
12.9546403885,80.2427978516,62198,62208,10
12.9538402557,80.242477417,62208,62218,10
12.9528198242,80.2420196533,62218,62228,10
12.9517002106,80.2416229248,62228,62238,10
12.9512796402,80.2415390015,62238,62248,10
12.9509801865,80.2414321899,62248,62258,10
12.9502801895,80.2412185669,62258,62268,10
12.9491901398,80.2408370972,62268,62289,21
12.9491901398,80.2408370972,62289,62299,10
12.9490404129,80.2407608032,62299,62309,10
12.9484395981,80.2405090332,62309,62319,10
12.9475698471,80.2401580811,62319,62329,10
12.946680069,80.2398223877,62329,62339,10
12.9464597702,80.2397689819,62339,62349,10
12.9460096359,80.2395629883,62349,62359,10
12.9453201294,80.2391815186,62359,62369,10
12.9445896149,80.2384719849,62369,62379,10
12.9437599182,80.2375717163,62379,62390,11
12.9426298141,80.2366027832,62390,62400,10
12.9412298203,80.2361831665,62400,62410,10
12.9399900436,80.2358703613,62410,62420,10
12.9397697449,80.2357788086,62420,62430,10
12.9393596649,80.2356033325,62430,62440,10
12.9386396408,80.2352523804,62440,62450,10
12.937669754,80.2347488403,62450,62460,10
12.9365701675,80.2341995239,62460,62470,10
12.935500145,80.2336807251,62470,62480,10
12.9343299866,80.2331619263,62480,62490,10
12.9334802628,80.2328033447,62490,62501,11
12.9332799911,80.2326965332,62501,62511,10
12.9327096939,80.2324523926,62511,62527,16
12.9312000275,80.2319335938,62527,62539,12
12.9297599792,80.2315216064,62539,62549,10
12.9289703369,80.2313537598,62549,62559,10
12.9285001755,80.2312774658,62559,62568,9
12.9275999069,80.2311477661,62568,62579,11
12.9266395569,80.2310409546,62579,62588,9
12.9248800278,80.2308502197,62588,62599,11
12.92304039,80.2306213379,62599,62610,11
12.9211101532,80.2303237915,62610,62620,10
12.9194803238,80.2301177979,62620,62630,10
12.9178304672,80.2298965454,62630,62640,10
12.9162998199,80.2296829224,62640,62649,9
12.9150600433,80.2294998169,62649,62659,10
12.9133796692,80.229347229,62659,62680,21
12.9133796692,80.229347229,62680,62690,10
12.9133396149,80.2293395996,62690,62700,10
12.912779808,80.2292175293,62700,62711,11
12.911740303,80.2290725708,62711,62721,10
12.9105701447,80.2289123535,62721,62731,10
12.9092798233,80.2287063599,62731,62741,10
12.9080400467,80.2285003662,62741,62751,10
12.906999588,80.2283401489,62751,62812,61
12.906999588,80.2283401489,62812,62822,10
12.90666008,80.2282791138,62822,62832,10
12.9059495926,80.2282333374,62832,62842,10
12.9049797058,80.2281723022,62842,62852,10
12.9039201736,80.2281188965,62852,62862,10
12.9027795792,80.2280578613,62862,62872,10
12.901720047,80.2280273438,62872,62882,10
12.9010095596,80.2280197144,62882,62953,71
12.9010095596,80.2280197144,62953,62963,10
12.9008903503,80.2280197144,62963,62973,10
12.900349617,80.2279815674,62973,62983,10
12.8995895386,80.2279510498,62983,62993,10
12.8993902206,80.2279281616,62993,63003,10
12.899140358,80.227897644,63003,63014,11
12.8984603882,80.2278594971,63014,63025,11
12.897480011,80.2278137207,63025,63035,10
12.8963403702,80.2277603149,63035,63044,9
12.895190239,80.227722168,63044,63055,11
12.8939199448,80.2276229858,63055,63065,10
12.8928604126,80.2274780273,63065,63085,20
12.8928604126,80.2274780273,63085,63095,10
12.8928403854,80.2274703979,63095,63105,10
12.8924703598,80.2274169922,63105,63115,10
12.8918104172,80.2273864746,63115,63126,11
12.8907499313,80.2273864746,63126,63136,10
12.8895702362,80.2274169922,63136,63146,10
12.8882303238,80.2273864746,63146,63156,10
12.8868303299,80.227180481,63156,63166,10
12.8854904175,80.226852417,63166,63176,10
12.8849201202,80.2267913818,63176,63186,10
12.8847799301,80.2267837524,63186,63196,10
12.884180069,80.2267837524,63196,63206,10
12.8832798004,80.2267913818,63206,63216,10
12.8821201324,80.2267913818,63216,63227,11
12.8806400299,80.2268066406,63227,63237,10
12.8791999817,80.2268218994,63237,63247,10
12.8777303696,80.2269287109,63247,63257,10
12.8767004013,80.2270202637,63257,63267,10
12.8765296936,80.2270431519,63267,63277,10
12.8761997223,80.2270202637,63277,63287,10
12.875459671,80.2269821167,63287,63297,10
12.8744802475,80.226852417,63297,63307,10
12.8733196259,80.2267532349,63307,63317,10
12.8727703094,80.2267837524,63317,63328,11
12.8723602295,80.2267608643,63328,63338,10
12.8715896606,80.2267379761,63338,63348,10
12.87059021,80.2266693115,63348,63358,10
12.8693599701,80.2265472412,63358,63368,10
12.8680400848,80.2264709473,63368,63378,10
12.8671598434,80.2265396118,63378,63388,10
12.8664703369,80.226600647,63388,63398,10
12.8655796051,80.2266387939,63398,63408,10
12.8644399643,80.2266082764,63408,63418,10
12.8631601334,80.2265625,63418,63429,11
12.8616104126,80.2266387939,63429,63439,10
12.8601503372,80.2265396118,63439,63449,10
12.8590202332,80.2263793945,63449,63459,10
12.8586797714,80.2263565063,63459,63469,10
12.8584003448,80.2263183594,63469,63479,10
12.8577299118,80.2262802124,63479,63489,10
12.8568000793,80.2263565063,63489,63499,10
12.8556804657,80.2264709473,63499,63509,10
12.8543796539,80.2266235352,63509,63519,10
12.8529596329,80.2267532349,63519,63530,11
12.8513202667,80.2266998291,63530,63540,10
12.8501195908,80.2266693115,63540,63550,10
12.8498296738,80.2266693115,63550,63560,10
12.8492898941,80.2266693115,63560,63570,10
12.8484096527,80.2266464233,63570,63580,10
12.8472900391,80.2266616821,63580,63590,10
12.8461303711,80.2266693115,63590,63600,10
12.8453598022,80.2266693115,63600,63610,10
12.845290184,80.2266769409,63610,63620,10
12.84512043,80.2266693115,63620,63629,9
12.8446598053,80.2266998291,63629,63641,12
12.8436002731,80.2267990112,63641,63651,10
12.8424797058,80.2270202637,63651,63661,10
12.8411903381,80.2273635864,63661,63671,10
12.8401899338,80.2276382446,63671,63680,9
12.839679718,80.2277984619,63680,63691,11
12.8391895294,80.2279281616,63691,63701,10
12.8383197784,80.2281494141,63701,63711,10
12.8372602463,80.2283477783,63711,63721,10
12.8359804153,80.2285385132,63721,63731,10
12.8345899582,80.2287368774,63731,63742,11
12.8330402374,80.2290115356,63742,63752,10
12.8320398331,80.2292175293,63752,63762,10
12.8317499161,80.2292785645,63762,63771,9
12.8315896988,80.2291488647,63771,63782,11
12.8315401077,80.2289123535,63782,63792,10
12.8315200806,80.2286834717,63792,63802,10
12.831410408,80.2280883789,63802,63812,10
12.8312397003,80.2272109985,63812,63822,10
12.8310604095,80.2260818481,63822,63832,10
12.8310499191,80.2249984741,63832,63843,11
12.8310403824,80.2246322632,63843,63853,10
12.8310604095,80.2241897583,63853,63863,10
12.8310699463,80.2234725952,63863,63873,10
12.8310604095,80.22265625,63873,63883,10
12.8310604095,80.2221908569,63883,63893,10
12.8310699463,80.2216491699,63893,63903,10
12.8310699463,80.2208099365,63903,63912,9
12.8310804367,80.2199783325,63912,63923,11
12.8309898376,80.2195892334,63923,63933,10
12.8303499222,80.2194976807,63933,63944,11
12.8292503357,80.2194976807,63944,63954,10
12.8280601501,80.2195129395,63954,63964,10
12.8275899887,80.2195129395,63964,63974,10
12.827460289,80.2195205688,63974,63984,10
12.8273000717,80.2195205688,63984,63993,9
12.8267602921,80.2194900513,63993,64005,12
12.8260602951,80.2194671631,64005,64015,10
12.8258800507,80.2192001343,64015,64025,10
12.8258800507,80.2188034058,64025,64035,10
12.8258800507,80.2180023193,64035,64045,10
12.8258800507,80.2170028687,64045,64056,11
12.8257703781,80.2160873413,64056,64066,10
12.8254404068,80.2160491943,64066,64076,10
12.8244400024,80.2160797119,64076,64116,40
12.8244400024,80.2160797119,64116,64126,10
12.8242998123,80.2161178589,64126,64136,10
12.8238401413,80.2160720825,64136,64146,10
12.8231201172,80.2160491943,64146,64157,11
12.8228998184,80.2160491943,64157,64167,10
12.8227100372,80.216178894,64167,64177,10
12.822719574,80.216796875,64177,64187,10
12.8226995468,80.2177276611,64187,64197,10
12.8227100372,80.2187805176,64197,64207,10
12.822719574,80.2193069458,64207,64227,20
12.822719574,80.2193069458,64227,64237,10
12.822810173,80.2194671631,64237,64247,10
12.8231296539,80.2194900513,64247,64258,11
12.8234901428,80.2195129395,64258,64268,10
12.8242301941,80.2194976807,64268,64278,10
12.8254995346,80.2195129395,64278,64298,20
12.8254995346,80.2195129395,64298,64308,10
12.8256101608,80.2195587158,64308,64330,22
12.8267602921,80.2194976807,64330,64383,53
12.8267602921,80.2194976807,64383,64393,10
12.8270597458,80.2195205688,64393,64403,10
12.8275203705,80.2194595337,64403,64443,40
12.8275203705,80.2194595337,64443,64453,10
12.8277196884,80.2194900513,64453,64463,10
12.8282299042,80.2194900513,64463,64474,11
12.8290596008,80.2194900513,64474,64484,10
12.8298397064,80.2194290161,64484,64827,343
12.8298397064,80.2194290161,64827,64837,10
12.830039978,80.2194366455,64837,64846,9
12.8304901123,80.2194519043,64846,64857,11
12.8309001923,80.2194671631,64857,64867,10
12.8311595917,80.2198028564,64867,64878,11
12.8311700821,80.2205734253,64878,64888,10
12.8311595917,80.2213897705,64888,64898,10
12.8311595917,80.222038269,64898,64907,9
12.8311500549,80.2222213745,64907,64918,11
12.8311500549,80.222618103,64918,64928,10
12.8311595917,80.2231369019,64928,64938,10
12.8311595917,80.2236633301,64938,64948,10
12.8311500549,80.224319458,64948,64957,9
12.8311395645,80.2246704102,64957,64967,10
12.8311395645,80.225112915,64967,64979,12
12.8311300278,80.2259521484,64979,64989,10
12.8312196732,80.2267227173,64989,64999,10
12.8313798904,80.2274703979,64999,65009,10
12.8315000534,80.2280883789,65009,65019,10
12.8316402435,80.2287216187,65019,65029,10
12.8318099976,80.2291564941,65029,65039,10
12.8318195343,80.2291564941,65039,65049,10
12.8319501877,80.229133606,65049,65059,10
12.8323001862,80.2290496826,65059,65069,10
12.8329601288,80.2289505005,65069,65079,10
12.833820343,80.2287979126,65079,65090,11
12.834980011,80.2285995483,65090,65100,10
12.8361797333,80.2284164429,65100,65110,10
12.8374099731,80.2282409668,65110,65120,10
12.8385095596,80.2279891968,65120,65130,10
12.8392801285,80.2277297974,65130,65201,71
12.8392801285,80.2277297974,65201,65211,10
12.8395795822,80.2276000977,65211,65221,10
12.8401403427,80.2275314331,65221,65231,10
12.8404903412,80.2274398804,65231,65241,10
12.8409996033,80.2273025513,65241,65251,10
12.8417596817,80.2271194458,65251,65261,10
12.8426704407,80.2269134521,65261,65271,10
12.8437595367,80.2267303467,65271,65281,10
12.8453102112,80.2265930176,65281,65302,21
12.8453102112,80.2265930176,65302,65312,10
12.8454399109,80.2265777588,65312,65322,10
12.8459100723,80.2265777588,65322,65332,10
12.8459701538,80.2265625,65332,65342,10
12.846039772,80.2265777588,65342,65352,10
12.8464899063,80.2265777588,65352,65362,10
12.8472204208,80.2265701294,65362,65372,10
12.8480901718,80.2265777588,65372,65388,16
12.8497400284,80.2265777588,65388,65401,13
12.8502998352,80.2265396118,65401,65411,10
12.8504695892,80.2265472412,65411,65420,9
12.8509502411,80.2265701294,65420,65431,11
12.851770401,80.2266082764,65431,65441,10
12.8526000977,80.2266616821,65441,65451,10
12.8536500931,80.2266311646,65451,65460,9
12.8548297882,80.2265167236,65460,65470,10
12.8560600281,80.2263870239,65470,65481,11
12.8572101593,80.226272583,65481,65491,10
12.8579597473,80.2262191772,65491,65582,91
12.8579597473,80.2262191772,65582,65592,10
12.8581495285,80.2262268066,65592,65603,11
12.8581895828,80.2262268066,65603,65613,10
12.858590126,80.2262573242,65613,65623,10
12.8592195511,80.2263336182,65623,65633,10
12.8600702286,80.2264480591,65633,65643,10
12.8605499268,80.2265014648,65643,65815,172
12.8605499268,80.2265014648,65815,65825,10
12.860710144,80.2265167236,65825,65835,10
12.8611297607,80.2265625,65835,65845,10
12.8618202209,80.2265625,65845,65855,10
12.8627099991,80.2265090942,65855,65865,10
12.8636798859,80.2265014648,65865,65875,10
12.8648395538,80.2265625,65875,65885,10
12.8661203384,80.2265625,65885,65895,10
12.8671798706,80.2264633179,65895,65906,11
12.8682403564,80.2263565063,65906,65916,10
12.8693799973,80.2264404297,65916,65926,10
12.87059021,80.2265625,65926,65936,10
12.8716201782,80.2266235352,65936,65946,10
12.8723297119,80.2266387939,65946,65956,10
12.8727998734,80.2266769409,65956,65966,10
12.8732795715,80.2266998291,65966,65976,10
12.8740501404,80.2267608643,65976,65986,10
12.8749599457,80.2268829346,65986,65996,10
12.8757801056,80.2269210815,65996,66006,10
12.8761796951,80.2269134521,66006,66026,20
12.8761796951,80.2269134521,66026,66037,11
12.876449585,80.2268981934,66037,66047,10
12.8768901825,80.2268829346,66047,66057,10
12.8769197464,80.2268829346,66057,66067,10
12.8773202896,80.226852417,66067,66077,10
12.877989769,80.2268066406,66077,66087,10
12.8788900375,80.2267379761,66087,66097,10
12.8798999786,80.2267074585,66097,66107,10
12.8809499741,80.2267227173,66107,66118,11
12.8821001053,80.2267227173,66118,66128,10
12.8832197189,80.2267074585,66128,66138,10
12.8842802048,80.2266693115,66138,66148,10
12.8846597672,80.2266616821,66148,66158,10
12.8847103119,80.2266616821,66158,66168,10
12.8850698471,80.2266921997,66168,66178,10
12.8856897354,80.2268218994,66178,66188,10
12.8865203857,80.2270431519,66188,66198,10
12.8874902725,80.2272415161,66198,66208,10
12.8886203766,80.2273406982,66208,66219,11
12.8900098801,80.2273483276,66219,66229,10
12.8910303116,80.2273330688,66229,66239,10
12.8917798996,80.2273406982,66239,66320,81
12.8917798996,80.2273406982,66320,66330,10
12.8921604156,80.2273406982,66330,66340,10
12.8927202225,80.2273788452,66340,66350,10
12.8934202194,80.2274703979,66350,66360,10
12.8941898346,80.2275466919,66360,66370,10
12.8949699402,80.2276000977,66370,66380,10
12.8958702087,80.2276535034,66380,66390,10
12.8968296051,80.2276916504,66390,66400,10
12.8978595734,80.2277526855,66400,66410,10
12.8988199234,80.2278137207,66410,66421,11
12.8997001648,80.2278671265,66421,66431,10
12.9000101089,80.2278518677,66431,66441,10
12.9002103806,80.2278518677,66441,66471,30
12.9002103806,80.2278518677,66471,66481,10
12.9003896713,80.2278518677,66481,66491,10
12.9006996155,80.2278823853,66491,66501,10
12.9010095596,80.2279281616,66501,66521,20
12.9018201828,80.228012085,66521,66532,11
12.9023399353,80.2280426025,66532,66542,10
12.9026002884,80.2280578613,66542,66552,10
12.9029502869,80.2280273438,66552,66562,10
12.9030399323,80.228012085,66562,66572,10
12.9034795761,80.2280502319,66572,66582,10
12.9040803909,80.2281036377,66582,66592,10
12.904419899,80.2281265259,66592,66602,10
12.9049501419,80.2281494141,66602,66612,10
12.9061002731,80.2282180786,66612,66653,41
12.9061002731,80.2282180786,66653,66663,10
12.9062099457,80.2282562256,66663,66673,10
12.9066801071,80.2282867432,66673,66683,10
12.9070396423,80.2283477783,66683,66693,10
12.9076404572,80.2284317017,66693,66703,10
12.908539772,80.2285385132,66703,66713,10
12.9095201492,80.2286987305,66713,66723,10
12.9106197357,80.2288665771,66723,66734,11
12.9118995667,80.2290496826,66734,66744,10
12.9129400253,80.2292098999,66744,66754,10
12.9138898849,80.2293167114,66754,66764,10
12.9141302109,80.2293395996,66764,66774,10
12.9142599106,80.229347229,66774,66784,10
12.9147996902,80.2294311523,66784,66794,10
12.9155597687,80.2295913696,66794,66804,10
12.9165401459,80.2297515869,66804,66814,10
12.9171800613,80.2298431396,66814,66824,10
12.9178495407,80.229927063,66824,66835,11
12.9188499451,80.2300491333,66835,66845,10
12.9199399948,80.230178833,66845,66855,10
12.9211397171,80.2303314209,66855,66865,10
12.9223003387,80.2304916382,66865,66875,10
12.9235401154,80.2306671143,66875,66885,10
12.9248104095,80.2308425903,66885,66895,10
12.9259395599,80.2309799194,66895,66905,10
12.9267101288,80.2310409546,66905,66915,10
12.9269399643,80.231048584,66915,66925,10
12.9271097183,80.2310562134,66925,66936,11
12.927740097,80.2311477661,66936,66946,10
12.9285001755,80.2312393188,66946,66956,10
12.9288797379,80.2313232422,66956,66966,10
12.9294595718,80.2314300537,66966,66976,10
12.9302597046,80.231628418,66976,66986,10
12.9312200546,80.231880188,66986,66996,10
12.9323101044,80.2322387695,66996,67006,10
12.9333496094,80.2326278687,67006,67016,10
12.9337100983,80.2328033447,67016,67026,10
12.933839798,80.2328796387,67026,67036,10
12.9350700378,80.2334365845,67036,67065,29
12.9350700378,80.2334365845,67065,67075,10
12.935259819,80.233543396,67075,67085,10
12.9355602264,80.2336730957,67085,67095,10
12.9359998703,80.2338790894,67095,67105,10
12.9367103577,80.2342224121,67105,67115,10
12.9375801086,80.2346191406,67115,67125,10
12.938659668,80.2351531982,67125,67135,10
12.9392595291,80.2354507446,67135,67146,11
12.9393701553,80.2355117798,67146,67156,10
12.9394197464,80.2355422974,67156,67166,10
12.939450264,80.2355728149,67166,67176,10
12.9398298264,80.2357711792,67176,67186,10
12.9405403137,80.2360229492,67186,67196,10
12.9413499832,80.2361984253,67196,67206,10
12.9422798157,80.2364425659,67206,67216,10
12.9432096481,80.2369232178,67216,67225,9
12.9436998367,80.237411499,67225,67236,11
12.9442796707,80.2380523682,67236,67246,10
12.9449796677,80.238822937,67246,67257,11
12.945980072,80.2395172119,67257,67267,10
12.9471302032,80.239982605,67267,67287,20
12.9471302032,80.239982605,67287,67297,10
12.9473304749,80.2400436401,67297,67307,10
12.947810173,80.2402420044,67307,67317,10
12.9484100342,80.2404785156,67317,67337,20
12.9484100342,80.2404785156,67337,67348,11
12.9484500885,80.2405090332,67348,67358,10
12.9489002228,80.2406692505,67358,67368,10
12.949259758,80.2408294678,67368,67378,10
12.9497900009,80.2410125732,67378,67388,10
12.9504299164,80.2412185669,67388,67398,10
12.9508399963,80.2413787842,67398,67408,10
12.9511995316,80.2414779663,67408,67418,10
12.9514503479,80.2415237427,67418,67428,10
12.9514904022,80.2415390015,67428,67438,10
12.951880455,80.2416763306,67438,67449,11
12.9526195526,80.2419586182,67449,67459,10
12.953379631,80.2422714233,67459,67469,10
12.9539403915,80.242477417,67469,67479,10
12.9542798996,80.2426300049,67479,67489,10
12.9548301697,80.2428512573,67489,67499,10
12.955450058,80.2430801392,67499,67509,10
12.9561700821,80.2432937622,67509,67519,10
12.9562997818,80.2433395386,67519,67529,10
12.9566402435,80.2434616089,67529,67539,10
12.9572696686,80.2437973022,67539,67549,10
12.9580097198,80.2441177368,67549,67560,11
12.9583501816,80.2442932129,67560,67570,10
12.9585504532,80.244392395,67570,67580,10
12.9586496353,80.244430542,67580,67590,10
12.9587802887,80.2444915771,67590,67600,10
12.9592504501,80.2446975708,67600,67610,10
12.9599399567,80.245010376,67610,67620,10
12.9607801437,80.2453765869,67620,67630,10
12.9615898132,80.2457885742,67630,67640,10
12.9623498917,80.2461395264,67640,67657,17
12.9630899429,80.2465515137,67657,67669,12
12.9636201859,80.2467727661,67669,67679,10
12.964220047,80.2470016479,67679,67689,10
12.9648895264,80.2472381592,67689,67697,8
12.9654397964,80.247428894,67697,67711,14
12.9660396576,80.2476501465,67711,67721,10
12.966050148,80.2476577759,67721,67731,10
12.9663000107,80.2477722168,67731,67741,10
12.9667301178,80.2479782104,67741,67751,10
12.9672698975,80.248260498,67751,67761,10
12.9680595398,80.2485733032,67761,67772,11
12.96916008,80.2489929199,67772,67782,10
12.970290184,80.2494430542,67782,67805,23
12.9729499817,80.2502212524,67805,67817,12
12.9738702774,80.2504730225,67817,67827,10
12.9748401642,80.2507400513,67827,67836,9
12.9756698608,80.2509765625,67836,67848,12
12.9771699905,80.2514419556,67848,67858,10
12.9780597687,80.2521133423,67858,67868,10
12.978679657,80.2524490356,67868,67879,11
12.9786901474,80.252456665,67879,67889,10
12.9787597656,80.2525024414,67889,67899,10
12.9788799286,80.2525634766,67899,67909,10
12.9792404175,80.2526321411,67909,67919,10
12.979640007,80.2526702881,67919,67929,10
12.9803304672,80.2527008057,67929,67939,10
12.9811000824,80.2526779175,67939,67949,10
12.9819898605,80.2526473999,67949,67959,10
12.9828195572,80.2526168823,67959,67970,11
12.9835500717,80.2525024414,67970,68323,353
12.9835500717,80.2525024414,68323,68333,10
12.9839801788,80.2524108887,68333,68343,10
12.9844903946,80.252281189,68343,68353,10
12.9850797653,80.2521209717,68353,68515,162
12.9850797653,80.2521209717,68515,68525,10
12.9854898453,80.2519836426,68525,68535,10
12.9860095978,80.2518386841,68535,68545,10
12.9866199493,80.2516937256,68545,68554,9
12.9871902466,80.2515182495,68554,68565,11
12.9877996445,80.251373291,68565,68575,10
12.9884700775,80.2512130737,68575,68586,11
12.9891395569,80.2510375977,68586,68596,10
12.9891700745,80.2510299683,68596,68606,10
12.9893703461,80.2510299683,68606,68616,10
12.9899702072,80.2508926392,68616,68626,10
12.9908800125,80.2506637573,68626,68636,10
12.992099762,80.2503509521,68636,68646,10
12.9934501648,80.2500076294,68646,68656,10
12.9946403503,80.2496795654,68656,68666,10
12.9954204559,80.2494888306,68666,68675,9
12.9962396622,80.2492599487,68675,68686,11
12.9969100952,80.2490615845,68686,68696,10
12.9972000122,80.2490234375,68696,68707,11
12.9979095459,80.248840332,68707,68717,10
12.9988002777,80.2486114502,68717,68727,10
12.9997797012,80.2483596802,68727,68737,10
13.0006504059,80.2481536865,68737,68747,10
13.0015001297,80.2479324341,68747,68757,10
13.0019798279,80.2478179932,68757,68767,10
13.0022096634,80.247756958,68767,68777,10
13.0027704239,80.2476501465,68777,68787,10
13.0035800934,80.2474975586,68787,68798,11
13.0043897629,80.2473831177,68798,68848,50
13.0043897629,80.2473831177,68848,68858,10
13.004940033,80.2473602295,68858,68919,61
13.0053300858,80.2472991943,68919,69080,161
13.0053300858,80.2472991943,69080,69090,10
13.005689621,80.2472305298,69090,69131,41
13.005689621,80.2472305298,69131,69141,10
13.0059995651,80.2471008301,69141,69151,10
13.0060901642,80.2470092773,69151,69222,71
13.0063800812,80.2467498779,69222,69242,20
13.0063800812,80.2467498779,69242,69252,10
13.0064897537,80.2464599609,69252,69262,10
13.0065202713,80.2463531494,69262,69272,10
13.006529808,80.2462005615,69272,69282,10
13.0065202713,80.2460784912,69282,69292,10
13.0065402985,80.2458496094,69292,69302,10
13.0065603256,80.2456283569,69302,69313,11
13.0065603256,80.2453994751,69313,69323,10
13.0065498352,80.2451477051,69323,69333,10
13.0065402985,80.2449417114,69333,69343,10
13.0065402985,80.2449035645,69343,69353,10
13.0065498352,80.2446212769,69353,69363,10
13.0065698624,80.2443618774,69363,69373,10
13.0065603256,80.2439422607,69373,69392,19
13.0065603256,80.2439422607,69392,69403,11
13.0065698624,80.2437362671,69403,69414,11
13.0065498352,80.2432022095,69414,69424,10
13.0065402985,80.2423706055,69424,69434,10
13.0065498352,80.2414016724,69434,69443,9
13.0066900253,80.2403182983,69443,69454,11
13.0068702698,80.2393035889,69454,69464,10
13.007060051,80.2384872437,69464,69474,10
13.0071601868,80.2380065918,69474,69484,10
13.0073003769,80.2374572754,69484,69494,10
13.0073204041,80.2373580933,69494,69504,10
13.0073900223,80.2370071411,69504,69515,11
13.0074396133,80.2367706299,69515,69525,10
13.0075101852,80.2364807129,69525,69535,10
13.0076198578,80.2359008789,69535,69545,10
13.0077800751,80.2351379395,69545,69555,10
13.0079498291,80.2342529297,69555,69565,10
13.0081501007,80.2332305908,69565,69575,10
13.0083599091,80.232170105,69575,69585,10
13.0085697174,80.2311401367,69585,69595,10
13.008769989,80.2301101685,69595,69605,10
13.0089597702,80.2291564941,69605,69616,11
13.0091896057,80.2282028198,69616,69626,10
13.0095596313,80.2273712158,69626,69636,10
13.0099697113,80.2264785767,69636,69646,10
13.0103502274,80.2258071899,69646,69656,10
13.0106401443,80.2251968384,69656,69666,10
13.0106601715,80.225151062,69666,69676,10
13.0107603073,80.2249679565,69676,69686,10
13.0109195709,80.2243804932,69686,69696,10
13.0111303329,80.2238311768,69696,69716,20
13.0111303329,80.2238311768,69716,69727,11
13.0112199783,80.2234802246,69727,69737,10
13.0114002228,80.2231369019,69737,69747,10
13.0116500854,80.2224807739,69747,69757,10
13.0118904114,80.2218093872,69757,69767,10
13.0120096207,80.2215576172,69767,69776,9
13.0120601654,80.2215118408,69776,69787,11
13.0122299194,80.221496582,69787,69797,10
13.0123596191,80.2216262817,69797,69807,10
13.0126895905,80.2220611572,69807,69817,10
13.0128898621,80.2223434448,69817,69828,11
13.0132303238,80.2227325439,69828,69838,10
13.013759613,80.2233123779,69838,69848,10
13.0143003464,80.2239837646,69848,69858,10
13.0150604248,80.2247161865,69858,69878,20
13.0150604248,80.2247161865,69878,69888,10
13.0152902603,80.2249679565,69888,69898,10
13.0157804489,80.2253570557,69898,69908,10
13.0165100098,80.2253799438,69908,69918,10
13.0172901154,80.2250823975,69918,69929,11
13.0182695389,80.2246704102,69929,69939,10
13.018989563,80.2244110107,69939,69949,10
13.0192403793,80.224357605,69949,69959,10
13.019490242,80.2244262695,69959,69999,40
13.019490242,80.2244262695,69999,70009,10
13.0195798874,80.2245101929,70009,70019,10
13.0197296143,80.2245864868,70019,70029,10
13.019949913,80.2247695923,70029,70040,11
13.0203399658,80.2250671387,70040,70050,10
13.0207500458,80.2253417969,70050,70060,10
13.0210599899,80.2256011963,70060,70070,10
13.02161026,80.225982666,70070,71939,1869
13.02161026,80.225982666,71939,71949,10
13.0218400955,80.2261581421,71949,71959,10
13.0221004486,80.2263717651,71959,71969,10
13.0223398209,80.2266387939,71969,71979,10
13.0227203369,80.2269821167,71979,71989,10
13.0231199265,80.2273406982,71989,72000,11
13.0235395432,80.227722168,72000,72010,10
13.0239095688,80.2280502319,72010,72020,10
13.0243196487,80.2284927368,72020,72060,40
13.0243196487,80.2284927368,72060,72070,10
13.0243396759,80.2285766602,72070,72087,17
13.0240402222,80.2285003662,72087,72098,11
13.0237903595,80.2281570435,72098,72109,11
13.0234298706,80.2278366089,72109,73281,1172
13.0234298706,80.2278366089,73281,73291,10
13.0229997635,80.2273788452,73291,73311,20
13.0229997635,80.2273788452,73311,73321,10
13.0227499008,80.227142334,73321,73331,10
13.0225200653,80.2269210815,73331,73342,11
13.0222902298,80.2266998291,73342,73352,10
13.0219497681,80.2264099121,73352,73362,10
13.0216503143,80.2261505127,73362,73372,10
13.0212602615,80.2258605957,73372,73382,10
13.0208301544,80.2254867554,73382,73392,10
13.020409584,80.2252197266,73392,73402,10
13.0199899673,80.2249832153,73402,73412,10
13.019949913,80.2249526978,73412,73422,10
13.0198802948,80.2249069214,73422,73433,11
13.0195999146,80.2247085571,73433,73443,10
13.019109726,80.224571228,73443,73453,10
13.018529892,80.2246704102,73453,73463,10
13.0178699493,80.224937439,73463,73473,10
13.0171699524,80.225227356,73473,73483,10
13.0165395737,80.225479126,73483,73493,10
13.0159597397,80.2256774902,73493,73503,10
13.0153398514,80.2258987427,73503,73513,10
13.0148801804,80.2260971069,73513,73523,10
13.0147399902,80.2261428833,73523,73534,11
13.0143098831,80.2263031006,73534,73554,20
13.0143098831,80.2263031006,73554,73564,10
13.0141601563,80.226348877,73564,73574,10
13.013759613,80.2265014648,73574,73584,10
13.0132398605,80.2267074585,73584,73594,10
13.0125904083,80.2269668579,73594,73604,10
13.0118598938,80.2272491455,73604,73614,10
13.011059761,80.2275772095,73614,73624,10
13.0101995468,80.2279205322,73624,73635,11
13.0092802048,80.2283477783,73635,73645,10
13.0089998245,80.2291412354,73645,73655,10
13.0088100433,80.2300796509,73655,73665,10
13.0086402893,80.2310180664,73665,73675,10
13.0084600449,80.2319564819,73675,73685,10
13.0082597733,80.233001709,73685,73695,10
13.0081796646,80.2336120605,73695,73705,10
13.0081195831,80.2338104248,73705,73715,10
13.0079898834,80.2343292236,73715,73725,10
13.0078401566,80.2350921631,73725,73735,10
13.0076704025,80.2359924316,73735,73746,11
13.0074596405,80.2370223999,73746,73756,10
13.0072898865,80.2379379272,73756,73766,10
13.0071401596,80.2388000488,73766,73776,10
13.0069904327,80.2396087646,73776,73786,10
13.0069599152,80.2397689819,73786,73796,10
13.006939888,80.2398834229,73796,73806,10
13.0068798065,80.2402191162,73806,73816,10
13.006819725,80.2406616211,73816,73826,10
13.0067195892,80.2409973145,73826,73836,10
13.0066795349,80.2417297363,73836,73847,11
13.0066795349,80.2426986694,73847,73857,10
13.0066404343,80.2435302734,73857,73867,10
13.0066404343,80.2443618774,73867,73877,10
13.0066404343,80.2450485229,73877,73887,10
13.0066604614,80.2457885742,73887,73897,10
13.0066699982,80.246421814,73897,73907,10
13.0066995621,80.2470703125,73907,73917,10
13.0066900253,80.2473831177,73917,73937,20
13.0066900253,80.2473831177,73937,73948,11
13.0066604614,80.2474594116,73948,73958,10
13.0061597824,80.2474975586,73958,73988,30
13.0061597824,80.2474975586,73988,73998,10
13.0059604645,80.247428894,73998,74008,10
13.0054502487,80.2474212646,74008,74018,10
13.0047101974,80.2474594116,74018,74028,10
13.0038404465,80.2475662231,74028,74038,10
13.0029497147,80.247718811,74038,74049,11
13.002289772,80.2478485107,74049,74059,10
13.0017795563,80.2479705811,74059,74069,10
13.0010700226,80.2481536865,74069,74079,10
13.0002498627,80.2483596802,74079,74089,10
12.9993095398,80.248588562,74089,74099,10
12.9983901978,80.248840332,74099,74109,10
12.9975795746,80.2490310669,74109,74119,10
12.9966697693,80.2492218018,74119,74129,10
12.9957103729,80.2494735718,74129,74139,10
12.994720459,80.2497329712,74139,74150,11
12.9936504364,80.2500305176,74150,74160,10
12.9926099777,80.2502822876,74160,74170,10
12.9916601181,80.2505111694,74170,74180,10
12.9911403656,80.2506790161,74180,74190,10
12.9909095764,80.2507400513,74190,74200,10
12.9907102585,80.2507781982,74200,74210,10
12.99036026,80.250869751,74210,74220,10
12.9900503159,80.2509384155,74220,74230,10
12.9895801544,80.2510528564,74230,74240,10
12.9890098572,80.2511901855,74240,74250,10
12.9884796143,80.2513198853,74250,74261,11
12.9877796173,80.2515182495,74261,74271,10
12.9873504639,80.2516174316,74271,74281,10
12.9870004654,80.2517318726,74281,74291,10
12.9865598679,80.2518386841,74291,74301,10
12.9861602783,80.2519226074,74301,74311,10
12.9854602814,80.2520828247,74311,74321,10
12.9845399857,80.2523498535,74321,74329,8
12.9838199615,80.2525405884,74329,74341,12
12.9827804565,80.2527313232,74341,74350,9
12.9819297791,80.2527618408,74350,74362,12
12.9809703827,80.2527770996,74362,74372,10
12.9803304672,80.2528610229,74372,74392,20
12.9803304672,80.2528610229,74392,74402,10
12.9802303314,80.2527770996,74402,74412,10
12.9798202515,80.252746582,74412,74422,10
12.9791402817,80.2527313232,74422,74432,10
12.9786100388,80.2526702881,74432,74442,10
12.9785499573,80.2526473999,74442,74452,10
12.9781599045,80.2524108887,74452,74462,10
12.9776000977,80.2519226074,74462,74473,11
12.9766702652,80.2514038086,74473,74483,10
12.9755802155,80.2510604858,74483,74493,10
12.9744596481,80.2507400513,74493,74503,10
12.9734096527,80.2504425049,74503,74513,10
12.9723901749,80.2501831055,74513,74523,10
12.9713201523,80.2498931885,74523,74533,10
12.9702196121,80.2495498657,74533,74543,10
12.96916008,80.249130249,74543,74553,10
12.9681997299,80.2487335205,74553,74563,10
12.9672203064,80.2483215332,74563,74574,11
12.9662904739,80.2478790283,74574,74584,10
12.9651403427,80.2474899292,74584,74614,30
12.9651403427,80.2474899292,74614,74624,10
12.9648895264,80.2473983765,74624,74640,16
12.9644899368,80.2472610474,74640,74652,12
12.9641799927,80.2471618652,74652,74683,31
12.9641799927,80.2471618652,74683,74693,10
12.9640398026,80.2470932007,74693,74703,10
12.9638299942,80.2470016479,74703,74713,10
12.9636096954,80.2469177246,74713,74723,10
12.963259697,80.2467193604,74723,74733,10
12.9626302719,80.2464065552,74733,74743,10
12.9619102478,80.2460632324,74743,74753,10
12.9608802795,80.2455596924,74753,74763,10
12.9599399567,80.2451629639,74763,74774,11
12.9593095779,80.2449035645,74774,74784,10
12.9593000412,80.2449035645,74784,74793,9
12.9591302872,80.2448272705,74793,74804,11
12.9586696625,80.2445983887,74804,74814,10
12.9579601288,80.2443084717,74814,74824,10
12.9574203491,80.2441177368,74824,74834,10
12.9568004608,80.2439575195,74834,74843,9
12.9565000534,80.2438735962,74843,74864,21
12.9565000534,80.2438735962,74864,74874,10
12.9563798904,80.2438201904,74874,74885,11
12.956319809,80.2437896729,74885,74895,10
12.9561700821,80.2437591553,74895,74905,10
12.9558000565,80.2435302734,74905,74915,10
12.9552097321,80.2432098389,74915,74925,10
12.9548797607,80.2430419922,74925,74935,10
12.954369545,80.2428283691,74935,74945,10
12.9536600113,80.2425384521,74945,74955,10
12.9529800415,80.2422637939,74955,74965,10
12.9522199631,80.2419815063,74965,74976,11
12.9519701004,80.2418823242,74976,74986,10
12.9517698288,80.2418136597,74986,74996,10
12.9516401291,80.2417831421,74996,75006,10
12.9513998032,80.2416915894,75006,75016,10
12.9511299133,80.2415771484,75016,75036,20
12.9511299133,80.2415771484,75036,75046,10
12.9509601593,80.2415237427,75046,75056,10
12.9506998062,80.2414398193,75056,75066,10
12.9503803253,80.2413406372,75066,75087,21
12.9503803253,80.2413406372,75087,75097,10
12.9501495361,80.2412872314,75097,75117,20
12.9501495361,80.2412872314,75117,75127,10
12.9498195648,80.2411880493,75127,75137,10
12.9495000839,80.2410736084,75137,75147,10
12.9493198395,80.2410202026,75147,75157,10
12.9490995407,80.2409515381,75157,75167,10
12.9486398697,80.240737915,75167,75177,10
12.9478797913,80.2404174805,75177,75188,11
12.9471597672,80.2401428223,75188,75198,10
12.9471502304,80.2401428223,75198,75208,10
12.9468603134,80.240020752,75208,75218,10
12.9462995529,80.2397766113,75218,75228,10
12.9455699921,80.239440918,75228,75238,10
12.9448604584,80.2389068604,75238,75248,10
12.9441404343,80.2381591797,75248,75258,10
12.9434995651,80.237487793,75258,75268,10
12.9434700012,80.2374572754,75268,75278,10
12.9433298111,80.2372589111,75278,75289,11
12.9427995682,80.2368011475,75289,75299,10
12.9419898987,80.2364501953,75299,75309,10
12.9409503937,80.2361984253,75309,75319,10
12.9399995804,80.2359695435,75319,75329,10
12.9397497177,80.2358703613,75329,75339,10
12.9396800995,80.2358398438,75339,75349,10
12.9393100739,80.2356491089,75349,75359,10
12.9386100769,80.2352981567,75359,75369,10
12.9377298355,80.2348709106,75369,75379,10
12.9368495941,80.2344512939,75379,75389,10
12.9359798431,80.2340316772,75389,75400,11
12.9350099564,80.2335891724,75400,75410,10
12.934220314,80.233253479,75410,75420,10
12.9339103699,80.2331085205,75420,75436,16
12.933839798,80.2330474854,75436,75448,12
12.9333400726,80.2328186035,75448,75458,10
12.9326400757,80.2325134277,75458,75468,10
12.9317502975,80.2322006226,75468,75478,10
12.9306898117,80.2318191528,75478,75488,10
12.9295196533,80.231552124,75488,75500,12
12.9287796021,80.2314224243,75500,75509,9
12.9283800125,80.231338501,75509,75520,11
12.927479744,80.2312164307,75520,75530,10
12.926199913,80.2311019897,75530,75550,20
12.926199913,80.2311019897,75550,75559,9
12.9258403778,80.2310714722,75559,75570,11
12.9251098633,80.2309570313,75570,75580,10
12.9242095947,80.2308425903,75580,75590,10
12.9232196808,80.2306976318,75590,75601,11
12.9220104218,80.2305221558,75601,75611,10
12.9208803177,80.2303619385,75611,75621,10
12.9197101593,80.23021698,75621,75631,10
12.918589592,80.2300796509,75631,75641,10
12.9174995422,80.2299423218,75641,75651,10
12.9164600372,80.2297973633,75651,75661,10
12.9153404236,80.229637146,75661,75671,10
12.9142398834,80.2294769287,75671,75681,10
12.9134597778,80.2294235229,75681,75691,10
12.913359642,80.2294082642,75691,75702,11
12.9131498337,80.2293701172,75702,75712,10
12.9125499725,80.2292785645,75712,75722,10
12.9117803574,80.2291564941,75722,75732,10
12.9108695984,80.229019165,75732,75742,10
12.9098300934,80.2288665771,75742,75752,10
12.9088001251,80.2286987305,75752,75762,10
12.9077796936,80.2285308838,75762,75772,10
12.9068002701,80.2283782959,75772,75853,81
12.9068002701,80.2283782959,75853,75863,10
12.9066696167,80.228302002,75863,75873,10
12.90625,80.2282791138,75873,75883,10
12.9055099487,80.2282409668,75883,75893,10
12.9045600891,80.2282028198,75893,75903,10
12.9035596848,80.2281417847,75903,75914,11
12.9024896622,80.2281036377,75914,75924,10
12.901140213,80.2280731201,75924,75994,70
12.901140213,80.2280731201,75994,76004,10
12.9010601044,80.2280731201,76004,76015,11
12.9006795883,80.2280197144,76015,76025,10
12.8994598389,80.2279586792,76025,76045,20
12.8994598389,80.2279586792,76045,76055,10
12.8992395401,80.2279434204,76055,76065,10
12.8986902237,80.2278900146,76065,76074,9
12.8979797363,80.2278366089,76074,76084,10
12.8970603943,80.2277984619,76084,76095,11
12.8959197998,80.2277526855,76095,76105,10
12.8948802948,80.2276992798,76105,76116,11
12.8937301636,80.2276229858,76116,76126,10
12.8927698135,80.2275009155,76126,76136,10
12.891699791,80.2274169922,76136,76146,10
12.8905200958,80.2274169922,76146,76156,10
12.8893499374,80.2274169922,76156,76166,10
12.8882703781,80.2274017334,76166,76176,10
12.8872995377,80.2273025513,76176,76186,10
12.8864002228,80.2271118164,76186,76196,10
12.8855495453,80.226890564,76196,76206,10
12.8849000931,80.2267990112,76206,76217,11
12.8848800659,80.2268066406,76217,76227,10
12.8846302032,80.2267913818,76227,76237,10
12.8840904236,80.2267837524,76237,76247,10
12.8832397461,80.2267837524,76247,76257,10
12.882229805,80.2267913818,76257,76267,10
12.8810796738,80.2268066406,76267,76277,10
12.8801202774,80.2268066406,76277,76287,10
12.879240036,80.2268295288,76287,76297,10
12.8782196045,80.226890564,76297,76307,10
12.8773498535,80.2269592285,76307,76318,11
12.8767204285,80.2270126343,76318,76328,10
12.8766403198,80.2270202637,76328,76338,10
12.8762702942,80.2270736694,76338,76348,10
12.8756198883,80.2270278931,76348,76358,10
12.8747596741,80.2269363403,76358,76368,10
12.8736696243,80.2268066406,76368,76378,10
12.8723802567,80.2267608643,76378,76388,10
12.8709001541,80.2266921997,76388,76398,10
12.8694200516,80.2265701294,76398,76408,10
12.8679199219,80.2264709473,76408,76419,11
12.866350174,80.2266235352,76419,76429,10
12.8649501801,80.2266311646,76429,76439,10
12.8635396957,80.2265930176,76439,76449,10
12.8623504639,80.2266082764,76449,76459,10
12.8614397049,80.2266693115,76459,76469,10
12.8610401154,80.2266693115,76469,76479,10
12.86095047,80.2266616821,76479,76495,16
12.860039711,80.2265625,76495,76507,12
12.8591899872,80.2264175415,76507,76517,10
12.8579797745,80.2263183594,76517,76527,10
12.8569002151,80.2263717651,76527,76538,11
12.8556804657,80.2265014648,76538,76548,10
12.8547096252,80.226600647,76548,76558,10
12.8538398743,80.2266921997,76558,76568,10
12.8530902863,80.2267532349,76568,76577,9
12.8522100449,80.2267303467,76577,76588,11
12.8512296677,80.2266921997,76588,76598,10
12.8501996994,80.2266616821,76598,76608,10
12.8500499725,80.2266464233,76608,76618,10
12.8496799469,80.2266387939,76618,76629,11
12.8488998413,80.2266311646,76629,76639,10
12.8480396271,80.2266311646,76639,76649,10
12.847410202,80.2266387939,76649,76659,10
12.8467798233,80.2266387939,76659,76669,10
12.8454999924,80.2266387939,76669,76689,20
12.8454999924,80.2266387939,76689,76699,10
12.8451900482,80.2266387939,76699,76709,10
12.8445901871,80.2266616821,76709,76719,10
12.8439302444,80.2267532349,76719,76730,11
12.8432197571,80.2268600464,76730,76740,10
12.84237957,80.2270507813,76740,76750,10
12.8413801193,80.2272720337,76750,76760,10
12.8404598236,80.2275390625,76760,76770,10
12.8397397995,80.2277526855,76770,76790,20
12.8397397995,80.2277526855,76790,76799,9
12.8394603729,80.2278213501,76799,76809,10
12.8388500214,80.2279586792,76809,76820,11
12.8379001617,80.2281723022,76820,76831,11
12.8367795944,80.2283630371,76831,76841,10
12.8356199265,80.2285385132,76841,76851,10
12.8343601227,80.2287597656,76851,76861,10
12.8330602646,80.2289810181,76861,76871,10
12.8322401047,80.2291717529,76871,76881,10
12.8320999146,80.2292022705,76881,76891,10
12.8318395615,80.2292480469,76891,76901,10
12.8315200806,80.2293395996,76901,76911,10
12.8310604095,80.2294769287,76911,76921,10
12.8303699493,80.2297210693,76921,76932,11
12.8296699524,80.2300033569,76932,76942,10
12.8290596008,80.2302474976,76942,76952,10
12.8284597397,80.2305603027,76952,76962,10
12.8276901245,80.2309875488,76962,76972,10
12.8267002106,80.231338501,76972,76982,10
12.8257198334,80.2314071655,76982,76992,10
12.824760437,80.2314071655,76992,77002,10
12.8238401413,80.2311935425,77002,77012,10
12.8229904175,80.2309265137,77012,77022,10
12.8219995499,80.2306289673,77022,77032,10
12.8208303452,80.2304763794,77032,77043,11
12.8196802139,80.2305221558,77043,77053,10
12.8189296722,80.2305297852,77053,77063,10
12.8188400269,80.2305221558,77063,77073,10
12.8185796738,80.2304000854,77073,77083,10
12.817990303,80.2300796509,77083,77093,10
12.8172998428,80.2297821045,77093,77103,10
12.8164997101,80.2295532227,77103,77113,10
12.8157901764,80.2294387817,77113,77123,10
12.8149795532,80.2293395996,77123,77133,10
12.8141403198,80.2291870117,77133,77144,11
12.8131599426,80.2288818359,77144,77154,10
12.8125095367,80.2286682129,77154,77164,10
12.8118495941,80.2284393311,77164,77174,10
12.8110399246,80.2281417847,77174,77184,10
12.8103599548,80.2278671265,77184,77194,10
12.8097696304,80.2276077271,77194,77204,10
12.8090696335,80.2271881104,77204,77214,10
12.8083000183,80.2265777588,77214,77224,10
12.8075799942,80.2259674072,77224,77234,10
12.8069295883,80.2254180908,77234,77245,11
12.8063697815,80.2249069214,77245,77255,10
12.8060398102,80.224609375,77255,77265,10
12.8057098389,80.2243270874,77265,77275,10
12.8053703308,80.2241287231,77275,77285,10
12.8050603867,80.2240371704,77285,77295,10
12.8050403595,80.2240371704,77295,77305,10
12.8047895432,80.2239837646,77305,77315,10
12.8042697906,80.2239303589,77315,77325,10
12.8037204742,80.2238922119,77325,77334,9
12.8031396866,80.2238388062,77334,77346,12
12.8022203445,80.2237167358,77346,77356,10
12.8014297485,80.2236480713,77356,77366,10
12.8010797501,80.2236175537,77366,77376,10
12.8007802963,80.2236022949,77376,77386,10
12.8001403809,80.2235336304,77386,77396,10
12.7994098663,80.2234725952,77396,77406,10
12.7986602783,80.2233963013,77406,77416,10
12.7979602814,80.2233200073,77416,77426,10
12.7971601486,80.223197937,77426,77436,10
12.7967500687,80.2231216431,77436,77447,11
12.7960300446,80.2229919434,77447,77457,10
12.7959003448,80.2229690552,77457,77467,10
12.7955904007,80.2229003906,77467,77477,10
12.7949199677,80.2227783203,77477,77487,10
12.7941303253,80.22265625,77487,77497,10
12.7932500839,80.2225418091,77497,77507,10
12.7923803329,80.2223968506,77507,77517,10
12.7917003632,80.2222366333,77517,77527,10
12.7911901474,80.2221221924,77527,77537,10
12.7905302048,80.2219467163,77537,77547,10
12.7897901535,80.2217483521,77547,77558,11
12.7896003723,80.2216796875,77558,77568,10
12.7891702652,80.221496582,77568,77578,10
12.7886295319,80.2212905884,77578,77588,10
12.7881202698,80.2210998535,77588,77598,10
12.7876596451,80.220916748,77598,77608,10
12.7872495651,80.2207565308,77608,77618,10
12.7867202759,80.2205734253,77618,77628,10
12.7863702774,80.2204284668,77628,77648,20
12.7863702774,80.2204284668,77648,77659,11
12.7862300873,80.2203979492,77659,77669,10
12.7861499786,80.2206878662,77669,77679,10
12.7861404419,80.2212219238,77679,77699,20
12.7861404419,80.2212219238,77699,77709,10
12.7861700058,80.2214126587,77709,77719,10
12.7861795425,80.2217025757,77719,77729,10
12.786239624,80.2219772339,77729,77982,253
12.786239624,80.2219772339,77982,77992,10
12.7863998413,80.2218322754,77992,78002,10
12.7863101959,80.2215423584,78002,78012,10
12.786239624,80.2212677002,78012,78022,10
12.7862300873,80.2209625244,78022,78032,10
12.7862195969,80.220413208,78032,78052,20
12.7862195969,80.220413208,78052,78063,11
12.7863101959,80.2203674316,78063,78073,10
12.786450386,80.220451355,78073,78083,10
12.7865695953,80.2205123901,78083,78093,10
12.7869701385,80.2206726074,78093,78103,10
12.7875003815,80.2208633423,78103,78113,10
12.7880802155,80.2210769653,78113,78123,10
12.7886600494,80.221321106,78123,78133,10
12.7892999649,80.2215576172,78133,78143,10
12.7899198532,80.2217636108,78143,78153,10
12.7906398773,80.2219390869,78153,78163,10
12.791560173,80.2221603394,78163,78174,11
12.7926998138,80.2224121094,78174,78184,10
12.7937803268,80.2225799561,78184,78194,10
12.7948503494,80.2227401733,78194,78204,10
12.7959403992,80.2229232788,78204,78214,10
12.7964296341,80.2229766846,78214,78224,10
12.7968301773,80.2230606079,78224,78234,10
12.7975702286,80.2231903076,78234,78244,10
12.7984800339,80.2232971191,78244,78254,10
12.7995100021,80.2234115601,78254,78264,10
12.8005800247,80.2235031128,78264,78275,11
12.8015098572,80.2236099243,78275,78285,10
12.8023500443,80.2236862183,78285,78295,10
12.8031196594,80.2238082886,78295,78305,10
12.8038196564,80.2238693237,78305,78315,10
12.804400444,80.2239227295,78315,78325,10
12.804889679,80.2239837646,78325,78335,10
12.8054800034,80.2241363525,78335,78345,10
12.8061103821,80.224609375,78345,78355,10
12.8067998886,80.225227356,78355,78371,16
12.8080701828,80.22631073,78371,78384,13
12.809220314,80.2272491455,78384,78394,10
12.8100404739,80.2276611328,78394,78404,10
12.8110198975,80.2280731201,78404,78414,10
12.8121299744,80.2284698486,78414,78424,10
12.8133897781,80.2289123535,78424,78434,10
12.8146295547,80.2292327881,78434,78444,10
12.8157501221,80.2294006348,78444,78454,10
12.8169298172,80.2295913696,78454,78464,10
12.8178796768,80.2299804688,78464,78474,10
12.8189401627,80.2304534912,78474,78485,11
12.8203296661,80.2304611206,78485,78495,10
12.8217401505,80.230506897,78495,78504,9
12.8229904175,80.2308578491,78504,78515,11
12.8242998123,80.2312164307,78515,78525,10
12.8254299164,80.2313766479,78525,78535,10
12.8266897202,80.231300354,78535,78545,10
12.8278503418,80.2308425903,78545,78555,10
12.8288297653,80.2303009033,78555,78565,10
12.8298797607,80.2298583984,78565,78575,10
12.8308401108,80.2294616699,78575,78586,11
12.8311901093,80.2293395996,78586,78596,10
12.8315000534,80.2292327881,78596,78606,10
12.8316402435,80.2291793823,78606,78616,10
12.8319597244,80.2291030884,78616,78626,10
12.8320798874,80.2290802002,78626,78636,10
12.832280159,80.2290420532,78636,78646,10
12.8324899673,80.2289962769,78646,78656,10
12.8330602646,80.2289199829,78656,78666,10
12.833820343,80.2287826538,78666,78676,10
12.8348302841,80.2285995483,78676,78687,11
12.8359899521,80.2284164429,78687,78697,10
12.8370895386,80.2282485962,78697,78707,10
12.8381500244,80.2280578613,78707,78717,10
12.8390302658,80.2278213501,78717,78727,10
12.8394002914,80.2276306152,78727,78737,10
12.8396396637,80.2275695801,78737,78747,10
12.8401498795,80.2275085449,78747,78757,10
12.840959549,80.2273025513,78757,78767,10
12.8420095444,80.2270278931,78767,78777,10
12.8431797028,80.2268218994,78777,78788,11
12.844420433,80.2266464233,78788,78798,10
12.8453102112,80.2265625,78798,78808,10
12.8453502655,80.2265625,78808,78818,10
12.8453998566,80.2265625,78818,78828,10
12.8458299637,80.2265396118,78828,78838,10
12.8465900421,80.2265472412,78838,78848,10
12.8475599289,80.2265625,78848,78858,10
12.8485498428,80.2265396118,78858,78868,10
12.8495197296,80.2265319824,78868,78878,10
12.8499803543,80.2265167236,78878,78889,11
12.8500795364,80.2265167236,78889,78899,10
12.8505401611,80.2265167236,78899,78909,10
12.8512601852,80.2265472412,78909,78919,10
12.8521003723,80.226600647,78919,78929,10
12.8528995514,80.2266311646,78929,78939,10
12.8537397385,80.2265777588,78939,78949,10
12.8546495438,80.2264785767,78949,78959,10
12.8555803299,80.2264022827,78959,78969,10
12.8564395905,80.2263031006,78969,78979,10
12.8573503494,80.2261962891,78979,79000,21
12.8573503494,80.2261962891,79000,79010,10
12.857629776,80.2261810303,79010,79020,10
12.8582401276,80.2261962891,79020,79030,10
12.8590202332,80.2262573242,79030,79040,10
12.8599700928,80.2263870239,79040,79050,10
12.8606996536,80.2264785767,79050,79060,10
12.8607702255,80.2264785767,79060,79076,16
12.8615999222,80.2265319824,79076,79088,12
12.8626403809,80.2264709473,79088,79099,11
12.8637895584,80.2264633179,79099,79109,10
12.8647699356,80.2265090942,79109,79119,10
12.8657903671,80.2265167236,79119,79128,9
12.866689682,80.2264633179,79128,79179,51
12.866689682,80.2264633179,79179,79189,10
12.8668899536,80.2264480591,79189,79200,11
12.8672199249,80.2264099121,79200,79210,10
12.8676595688,80.2263565063,79210,79220,10
12.8681602478,80.2263412476,79220,79230,10
12.8689203262,80.2263717651,79230,79240,10
12.8698396683,80.2264709473,79240,79250,10
12.8709497452,80.2265777588,79250,79260,10
12.8720798492,80.2266387939,79260,79270,10
12.8729400635,80.2266464233,79270,79280,10
12.8739404678,80.2267227173,79280,79290,10
12.8751001358,80.2268600464,79290,79301,11
12.8761501312,80.2268981934,79301,79311,10
12.8765497208,80.2268676758,79311,79321,10
12.8767004013,80.2268676758,79321,79331,10
12.8769598007,80.2268676758,79331,79341,10
12.8774499893,80.2268218994,79341,79351,10
12.878279686,80.2267608643,79351,79361,10
12.8792800903,80.2267074585,79361,79371,10
12.8804798126,80.2266769409,79371,79381,10
12.8817996979,80.2266693115,79381,79391,10
12.8831501007,80.2266693115,79391,79402,11
12.8843898773,80.2266387939,79402,79412,10
12.8851900101,80.2266464233,79412,79422,10
12.8852996826,80.2266693115,79422,79432,10
12.8857803345,80.2267684937,79432,79442,10
12.8865299225,80.2269821167,79442,79452,10
12.8874998093,80.227180481,79452,79462,10
12.888469696,80.2272796631,79462,79472,10
12.8894100189,80.2273025513,79472,79482,10
12.8903198242,80.2273025513,79482,79492,10
12.891169548,80.2273025513,79492,79503,11
12.8920497894,80.2273330688,79503,79513,10
12.8928098679,80.2273864746,79513,79523,10
12.8936195374,80.2275009155,79523,79533,10
12.894610405,80.2275772095,79533,79543,10
12.8955898285,80.2276306152,79543,79552,9
12.8966197968,80.2276611328,79552,79563,11
12.8980102539,80.2277374268,79563,79572,9
12.8990602493,80.2277984619,79572,79582,10
12.9001502991,80.2278671265,79582,79593,11
12.9012498856,80.2279205322,79593,79604,11
12.9025497437,80.2279586792,79604,79624,20
12.9025497437,80.2279586792,79624,79634,10
12.9027299881,80.228012085,79634,79644,10
12.9031896591,80.2280273438,79644,79654,10
12.9039402008,80.2280578613,79654,79664,10
12.9049196243,80.2281112671,79664,79674,10
12.905960083,80.2281723022,79674,79684,10
12.9065599442,80.2282104492,79684,79694,10
12.9070997238,80.2282714844,79694,79705,11
12.9077196121,80.2283325195,79705,79715,10
12.9083900452,80.2284469604,79715,79725,10
12.9092798233,80.2285995483,79725,79735,10
12.9103298187,80.2287826538,79735,79745,10
12.9115200043,80.2289581299,79745,79755,10
12.9127397537,80.2291412354,79755,79765,10
12.9136600494,80.2292480469,79765,79775,10
12.9139900208,80.2292785645,79775,79785,10
12.9140300751,80.2292785645,79785,79795,10
12.914440155,80.2293395996,79795,79805,10
12.9151802063,80.2294616699,79805,79816,11
12.9162197113,80.2296218872,79816,79826,10
12.9173402786,80.2297668457,79826,79836,10
12.9186000824,80.2299499512,79836,79846,10
12.9199895859,80.2301330566,79846,79856,10
12.9215497971,80.2303314209,79856,79866,10
12.9229402542,80.2305374146,79866,79876,10
12.924079895,80.230682373,79876,79886,10
12.9249897003,80.2307815552,79886,79896,10
12.9260101318,80.2308883667,79896,79906,10
12.9264202118,80.2309417725,79906,79917,11
12.9266796112,80.23097229,79917,79927,10
12.9273099899,80.231048584,79927,79937,10
12.928150177,80.2311630249,79937,79947,10
12.9290800095,80.2313232422,79947,79957,10
12.9301900864,80.2315673828,79957,79967,10
12.9313097,80.2319107056,79967,79977,10
12.9322299957,80.232208252,79977,79987,10
12.9329795837,80.2324676514,79987,79997,10
12.9336099625,80.2327270508,79997,80007,10
12.9336500168,80.2327575684,80007,80018,11
12.9340696335,80.232963562,80018,80027,9
12.934709549,80.233253479,80027,80038,11
12.9357004166,80.2337188721,80038,80048,10
12.9368000031,80.2342376709,80048,80058,10
12.9378700256,80.2347412109,80058,80068,10
12.93887043,80.2352371216,80068,80078,10
12.9396800995,80.2356262207,80078,80088,10
12.9397802353,80.2356796265,80088,80098,10
12.9401702881,80.2358398438,80098,80108,10
12.9409103394,80.2360610962,80108,80119,11
12.9418401718,80.2362670898,80119,80129,10
12.942609787,80.2365188599,80129,80139,10
12.9433803558,80.2370376587,80139,80149,10
12.9440402985,80.237739563,80149,80158,9
12.9446001053,80.2383728027,80158,80169,11
12.9450998306,80.238899231,80169,80179,10
12.9457998276,80.239402771,80179,80189,10
12.94672966,80.2397689819,80189,80199,10
12.9472703934,80.239982605,80199,80209,10
12.9474201202,80.2400512695,80209,80220,11
12.9479598999,80.2402877808,80220,80230,10
12.9485797882,80.2405395508,80230,80240,10
12.949379921,80.240852356,80240,80250,10
12.9501495361,80.2410888672,80250,80260,10
12.9506397247,80.2412261963,80260,80270,10
12.9510698318,80.2413635254,80270,80280,10
12.9512395859,80.2414169312,80280,80290,10
12.9517803192,80.241607666,80290,80300,10
12.9524297714,80.2418365479,80300,80310,10
12.953040123,80.2420730591,80310,80321,11
12.9537801743,80.2423706055,80321,80331,10
12.9544401169,80.2426300049,80331,80341,10
12.9550304413,80.2428588867,80341,80351,10
12.9556398392,80.2430801392,80351,80361,10
12.9560098648,80.2432098389,80361,80371,10
12.9563598633,80.243347168,80371,80391,20
12.9563598633,80.243347168,80391,80401,10
12.9566402435,80.2434387207,80401,80411,10
12.9572000504,80.2437286377,80411,80421,10
12.957909584,80.2440414429,80421,80432,11
12.9587602615,80.244392395,80432,80442,10
12.9594097137,80.2446975708,80442,80452,10
12.960269928,80.2451019287,80452,80462,10
12.9613304138,80.2455825806,80462,80472,10
12.9623203278,80.2460632324,80472,80482,10
12.9631700516,80.2464828491,80482,80492,10
12.9639701843,80.2468414307,80492,80502,10
12.9647798538,80.2471466064,80502,80512,10
12.9655504227,80.2474136353,80512,80522,10
12.9662904739,80.2477035522,80522,80533,11
12.9666595459,80.2478408813,80533,80543,10
12.9668598175,80.2479476929,80543,80553,10
12.9673995972,80.2482223511,80553,80563,10
12.9682197571,80.2485580444,80563,80573,10
12.9692001343,80.2489700317,80573,80583,10
12.9703397751,80.249420166,80583,80593,10
12.9714298248,80.2497634888,80593,80603,10
12.9724397659,80.2500305176,80603,80613,10
12.9733104706,80.2502593994,80613,80623,10
12.9741201401,80.2504730225,80623,80634,11
12.9750795364,80.2507400513,80634,80644,10
12.9759197235,80.2509765625,80644,80654,10
12.9767503738,80.2512207031,80654,80664,10
12.9776201248,80.2516403198,80664,80674,10
12.9782304764,80.2521820068,80674,80684,10
12.9785995483,80.2523803711,80684,80694,10
12.9786195755,80.2523880005,80694,80704,10
12.9788198471,80.2524871826,80704,80714,10
12.9793195724,80.2525863647,80714,80724,10
12.9801502228,80.2526626587,80724,80735,11
12.9813699722,80.2526397705,80735,80745,10
12.9826898575,80.2526092529,80745,80755,10
12.9840602875,80.2523574829,80755,80765,10
12.9849596024,80.2520980835,80765,80775,10
12.9854001999,80.2519683838,80775,80795,20
12.9854698181,80.2519378662,80795,80856,61
12.9854698181,80.2519378662,80856,80866,10
12.9857196808,80.2519073486,80866,80876,10
12.9863195419,80.2517166138,80876,80967,91
12.9863195419,80.2517166138,80967,80977,10
12.9864501953,80.251701355,80977,80987,10
12.9869003296,80.2515716553,80987,80997,10
12.9874401093,80.2513809204,80997,81098,101
12.9874401093,80.2513809204,81098,81108,10
12.9874696732,80.2513504028,81108,81118,10
12.987859726,80.2512817383,81118,81128,10
12.9885997772,80.251121521,81128,81139,11
12.9894599915,80.2508468628,81139,81149,10
12.9895296097,80.250869751,81149,81159,10
12.9898395538,80.2508163452,81159,81169,10
12.9902696609,80.2507171631,81169,81179,10
12.9910202026,80.2505111694,81179,81189,10
12.9919996262,80.2502593994,81189,81199,10
12.9931898117,80.249961853,81199,81209,10
12.99421978,80.2496871948,81209,81219,10
12.9955997467,80.2493362427,81219,81229,10
12.9965896606,80.2490921021,81229,81239,10
12.997300148,80.248916626,81239,81250,11
12.9980096817,80.2487411499,81250,81258,8
12.9986696243,80.2485809326,81258,81270,12
12.9997196198,80.2483215332,81270,81280,10
13.0005502701,80.2481079102,81280,81290,10
13.0014200211,80.2479019165,81290,81300,10
13.0021400452,80.2477264404,81300,81310,10
13.0029096603,80.2475585938,81310,81320,10
13.0039196014,80.2474136353,81320,81330,10
13.0049695969,80.2472763062,81330,81340,10
13.0058202744,80.2470779419,81340,81351,11
13.0064201355,80.2466201782,81351,81361,10
13.0064697266,80.2464981079,81361,81371,10
13.0065803528,80.2461166382,81371,81381,10
13.0066404343,80.2454605103,81381,81391,10
13.0066404343,80.2448730469,81391,81401,10
13.0066404343,80.2441864014,81401,81411,10
13.0066204071,80.2435684204,81411,81421,10
13.0066099167,80.2429428101,81421,81431,10
13.0066003799,80.2420883179,81431,81441,10
13.0066204071,80.2412414551,81441,81452,11
13.0066995621,80.2406234741,81452,81462,10
13.0067396164,80.2403717041,81462,81472,10
13.006819725,80.2399215698,81472,81482,10
13.0069704056,80.2393035889,81482,81492,10
13.0070800781,80.2386169434,81492,81502,10
13.0072097778,80.2379226685,81502,81512,10
13.007349968,80.2372436523,81512,81522,10
13.0074195862,80.2368774414,81522,81532,10
13.0075101852,80.2364273071,81532,81542,10
13.0076303482,80.2358169556,81542,81553,11
13.0078001022,80.2350463867,81553,81563,10
13.0079498291,80.2342987061,81563,81573,10
13.008099556,80.2336730957,81573,81583,10
13.0082302094,80.2329177856,81583,81593,10
13.0084199905,80.2319030762,81593,81603,10
13.0085897446,80.2310180664,81603,81613,10
13.0087003708,80.2303009033,81613,81623,10
13.0088796616,80.2294769287,81623,81633,10
13.0089998245,80.2288208008,81633,81643,10
13.0091495514,80.2282409668,81643,81654,11
13.0094404221,80.2275238037,81654,81664,10
13.0097999573,80.2267303467,81664,81674,10
13.0101804733,80.2259368896,81674,81684,10
13.0104198456,80.2254180908,81684,81694,10
13.0105495453,80.2251663208,81694,81704,10
13.0107698441,80.2247390747,81704,81714,10
13.0109901428,80.2241821289,81714,81724,10
13.0112104416,80.2236099243,81724,81734,10
13.0114002228,80.22315979,81734,81744,10
13.0116596222,80.2225875854,81744,81755,11
13.0118904114,80.2219467163,81755,81765,10
13.0121202469,80.2215423584,81765,81775,10
13.0124197006,80.2215805054,81775,81785,10
13.012720108,80.2220535278,81785,81795,10
13.013250351,80.2226486206,81795,81805,10
13.0135698318,80.2229690552,81805,81815,10
13.0137300491,80.2231063843,81815,81825,10
13.0141401291,80.2234191895,81825,81835,10
13.0144300461,80.223777771,81835,81845,10
13.0146903992,80.224067688,81845,81856,11
13.0153799057,80.224899292,81856,81886,30
13.0153799057,80.224899292,81886,81896,10
13.0156602859,80.2251663208,81896,81906,10
13.0162496567,80.2253265381,81906,81916,10
13.0169696808,80.2251205444,81916,81926,10
13.0178899765,80.2247390747,81926,81936,10
13.0187301636,80.2244110107,81936,81946,10
13.0193004608,80.2242965698,81946,81956,10
13.0194396973,80.224319458,81956,81967,11
13.019610405,80.2244110107,81967,81977,10
13.0200595856,80.2247390747,81977,81987,10
13.0205001831,80.2250823975,81987,81997,10
13.0209798813,80.2254104614,81997,82007,10
13.0213499069,80.2257232666,82007,82017,10
13.0217504501,80.2259597778,82017,82280,263
13.0217504501,80.2259597778,82280,82290,10
13.0219602585,80.2260131836,82290,82300,10
13.0223302841,80.2264099121,82300,82310,10
13.0228204727,80.2268600464,82310,82320,10
13.0233097076,80.2273406982,82320,82330,10
13.0238103867,80.2277984619,82330,82340,10
13.0242004395,80.2282028198,82340,82350,10
13.0244102478,80.2284469604,82350,82360,10
13.0242395401,80.2285614014,82360,82371,11
13.0238800049,80.2280731201,82371,82380,9
13.023440361,80.2276077271,82380,82391,11
13.0228595734,80.2270584106,82391,82401,10
13.0222301483,80.2265167236,82401,82411,10
13.0216197968,80.2259979248,82411,82421,10
13.0210504532,80.2255477905,82421,82431,10
13.0206003189,80.2252197266,82431,82441,10
13.0200195313,80.224861145,82441,82451,10
13.0193796158,80.2245025635,82451,82461,10
13.0186300278,80.2245483398,82461,82472,11
13.0178003311,80.224899292,82472,82482,10
13.0173397064,80.2250976563,82482,82492,10
13.0171203613,80.2251815796,82492,82520,28
13.0171203613,80.2251815796,82520,82530,10
13.0169897079,80.2252197266,82530,82539,9
13.016869545,80.2253036499,82539,82550,11
13.016699791,80.2253417969,82550,82560,10
13.0166597366,80.2253494263,82560,82570,10
13.0164403915,80.2253723145,82570,82580,10
13.0161600113,80.2254104614,82580,82592,12
13.0156898499,80.2257080078,82592,82602,10
13.0150098801,80.2259979248,82602,82612,10
13.0144195557,80.2262420654,82612,82622,10
13.0136804581,80.2265167236,82622,82631,9
13.0130395889,80.2267913818,82631,82642,11
13.012260437,80.2270812988,82642,82652,10
13.0113801956,80.2274475098,82652,82662,10
13.0104799271,80.2278213501,82662,82672,10
13.0095796585,80.2281799316,82672,82683,11
13.0091199875,80.2289199829,82683,82693,10
13.0089197159,80.2298583984,82693,82703,10
13.0087299347,80.2308273315,82703,82713,10
13.0085296631,80.231842041,82713,82723,10
13.0083198547,80.2327575684,82723,82733,10
13.0081996918,80.2335586548,82733,82743,10
13.008020401,80.2344665527,82743,82752,9
13.0078496933,80.2352981567,82752,82762,10
13.0076398849,80.2363204956,82762,82773,11
13.0074300766,80.237411499,82773,82784,11
13.007229805,80.2385025024,82784,82794,10
13.0070495605,80.2394485474,82794,82804,10
13.0069198608,80.240196228,82804,82814,10
13.0068101883,80.2408905029,82814,82824,10
13.0067396164,80.2417602539,82824,82834,10
13.0067195892,80.2426986694,82834,82844,10
13.0066699982,80.2434768677,82844,82854,10
13.0066795349,80.2442626953,82854,82864,10
13.0066795349,80.2452011108,82864,82874,10
13.0067100525,80.246131897,82874,82885,11
13.0067501068,80.2470703125,82885,82895,10
13.0067300797,80.2478866577,82895,82905,10
13.0067501068,80.2487182617,82905,82915,10
13.0067901611,80.2496032715,82915,82925,10
13.0068101883,80.2505264282,82925,82935,10
13.0067996979,80.2514877319,82935,82945,10
13.0066299438,80.2522735596,82945,82961,16
13.0065498352,80.2532196045,82961,82973,12
13.0065603256,80.2540206909,82973,82983,10
13.0065698624,80.2544326782,82983,82994,11
13.0066003799,80.2547988892,82994,83003,9
13.0066003799,80.2553482056,83003,83013,10
13.0066003799,80.2561416626,83013,83024,11
13.0066204071,80.256942749,83024,83034,10
13.0065202713,80.2575378418,83034,83044,10
13.0059604645,80.2574768066,83044,83054,10
13.0053796768,80.2573394775,83054,83064,10
13.0047998428,80.2571868896,83064,83074,10
13.0041599274,80.2570266724,83074,83084,10
13.0034503937,80.2569122314,83084,83094,10
13.0026702881,80.2567596436,83094,83104,10
13.0019197464,80.2566299438,83104,83115,11
13.0012102127,80.2565231323,83115,83125,10
13.0003204346,80.2563781738,83125,83135,10
12.9995698929,80.2562484741,83135,83145,10
12.9987401962,80.2560806274,83145,83155,10
12.9981298447,80.2560119629,83155,83165,10
12.9978303909,80.2559967041,83165,83175,10
12.9978103638,80.2559967041,83175,83185,10
12.997710228,80.256111145,83185,83196,11
12.9977197647,80.2565917969,83196,83771,575
12.9977197647,80.2565917969,83771,83781,10
12.9977197647,80.2569274902,83781,83902,121
12.9977197647,80.2569274902,83902,83913,11
12.9978704453,80.2572402954,83913,83923,10
