12.9980401993,80.2563781738,12,450,438
12.9980401993,80.2563781738,450,474,24
12.9979696274,80.256439209,474,486,12
12.9979801178,80.256439209,486,496,10
12.9979400635,80.2563934326,496,588,92
12.9979400635,80.2563934326,588,598,10
12.9979000092,80.2566223145,598,753,155
12.9981298447,80.2563400269,753,832,79
12.9981298447,80.2563400269,832,842,10
12.9981803894,80.256362915,842,865,23
12.9980201721,80.2564315796,865,2880,2015
12.9980802536,80.2562637329,2880,3062,182
12.998000145,80.2564620972,3062,4342,1280
12.9980697632,80.2562637329,4342,4839,497
12.9980697632,80.256439209,4839,5480,641
12.9980697632,80.256439209,5480,6119,639
12.9980201721,80.256477356,6119,6230,111
12.9979200363,80.2564697266,6230,6908,678
12.9980297089,80.256439209,6908,8103,1195
12.9980297089,80.2564468384,8103,8524,421
12.9980297089,80.2564468384,8524,8800,276
12.9981403351,80.2562637329,8800,9552,752
12.9981403351,80.2562637329,9552,10710,1158
12.9980201721,80.2563476563,10710,10771,61
12.9979095459,80.2565307617,10771,10781,10
12.9979400635,80.2565078735,10781,10821,40
12.9980602264,80.256401062,10821,17367,6546
12.9980602264,80.256401062,17367,18278,911
12.9979600906,80.2564620972,18278,18321,43
12.9979600906,80.2564620972,18321,18331,10
12.9977798462,80.2563705444,18331,18340,9
12.9978399277,80.2563018799,18340,18381,41
12.9978399277,80.2563018799,18381,18392,11
12.9976902008,80.2561569214,18392,18402,10
12.9976997375,80.2560119629,18402,18411,9
12.9975004196,80.2559814453,18411,18819,408
12.9975004196,80.2559814453,18819,18829,10
12.9973402023,80.2560195923,18829,18839,10
12.9973201752,80.2560424805,18839,18850,11
12.997300148,80.2560501099,18850,18908,58
12.9974803925,80.2559814453,18908,19069,161
12.9974803925,80.2559814453,19069,19108,39
12.9974603653,80.2559127808,19108,19121,13
12.9975099564,80.2558135986,19121,19131,10
12.9975099564,80.2559509277,19131,19150,19
12.9975099564,80.2559509277,19150,19161,11
12.9972896576,80.2559280396,19161,19171,10
12.9969396591,80.2559432983,19171,19181,10
12.9967002869,80.2559280396,19181,19192,11
12.996219635,80.2559204102,19192,19202,10
12.9958000183,80.2559204102,19202,19212,10
12.9955101013,80.2559127808,19212,19222,10
12.9951696396,80.255897522,19222,19232,10
12.9945297241,80.2559585571,19232,19242,10
12.9939403534,80.2559890747,19242,19252,10
12.9932498932,80.2560195923,19252,19262,10
12.9925403595,80.2560577393,19262,19272,10
12.9917602539,80.2560195923,19272,19282,10
12.9909200668,80.2559814453,19282,19293,11
12.9900503159,80.2559585571,19293,19301,8
12.9893398285,80.255897522,19301,19313,12
12.9882202148,80.2558517456,19313,19323,10
12.9876003265,80.2557601929,19323,19333,10
12.9869003296,80.2556381226,19333,19343,10
12.986120224,80.2555236816,19343,19353,10
12.9853696823,80.2553329468,19353,19363,10
12.9847602844,80.2552337646,19363,19373,10
12.9838199615,80.2548980713,19373,19383,10
12.9830598831,80.2546615601,19383,19391,8
12.9825201035,80.2544631958,19391,19405,14
12.981880188,80.2536087036,19405,19415,10
12.9816198349,80.2528610229,19415,19425,10
12.9808797836,80.2527770996,19425,19435,10
12.9801797867,80.2528076172,19435,19445,10
12.9795303345,80.2527694702,19445,19455,10
12.9786996841,80.2526016235,19455,19465,10
12.9779195786,80.2520980835,19465,19475,10
12.9771499634,80.2515106201,19475,19498,23
12.9748096466,80.2507629395,19498,19510,12
12.9735002518,80.2504196167,19510,19521,11
12.9726104736,80.2501907349,19521,19529,8
12.9714403152,80.2498626709,19529,19541,12
12.9700899124,80.2494506836,19541,19551,10
12.9690198898,80.2490234375,19551,19560,9
12.9668998718,80.2481002808,19560,19571,11
12.9668998718,80.2481002808,19571,19581,10
12.9659004211,80.2476425171,19581,19591,10
12.9650602341,80.2473602295,19591,19601,10
12.9648704529,80.2473220825,19601,19611,10
12.9644603729,80.2471618652,19611,19621,10
12.9638004303,80.2469329834,19621,19632,11
12.9630804062,80.24659729,19632,19642,10
12.9622602463,80.2461929321,19642,19652,10
12.9612798691,80.2456970215,19652,19671,19
12.9594402313,80.2448501587,19671,19683,12
12.9583702087,80.2443771362,19683,19693,10
12.9578695297,80.244178772,19693,19703,10
12.9571800232,80.2439193726,19703,19713,10
12.9565696716,80.2436828613,19713,19723,10
12.9563903809,80.2435913086,19723,19733,10
12.9559402466,80.2434082031,19733,19743,10
12.9552698135,80.2431335449,19743,19754,11
12.9544696808,80.2427597046,19754,19764,10
12.9536104202,80.242401123,19764,19774,10
12.9526395798,80.2420272827,19774,19784,10
12.9518203735,80.2417526245,19784,19794,10
12.9515895844,80.2416992188,19794,19804,10
12.9514799118,80.2416305542,19804,19814,10
12.9509296417,80.2414169312,19814,19824,10
12.9500999451,80.2411804199,19824,19834,10
12.9491701126,80.2408828735,19834,19844,10
12.9482803345,80.2405319214,19844,19855,11
12.9472703934,80.2401199341,19855,19865,10
12.9465303421,80.2397766113,19865,19875,10
12.945599556,80.2393875122,19875,19885,10
12.9447603226,80.2387313843,19885,19895,10
12.9440202713,80.2378921509,19895,19905,10
12.9432497025,80.2370376587,19905,19915,10
12.9422397614,80.2364501953,19915,19925,10
12.9410600662,80.2361831665,19925,19944,19
12.9395999908,80.2357406616,19944,19956,12
12.9390802383,80.2355117798,19956,19965,9
12.9384202957,80.2351837158,19965,19977,12
12.9372797012,80.234588623,19977,19986,9
12.936340332,80.2341003418,19986,19997,11
12.9351701736,80.2335662842,19997,20007,10
12.9340896606,80.2331008911,20007,20017,10
12.9336700439,80.2328872681,20017,20025,8
12.9331302643,80.2326812744,20025,20037,12
12.9321098328,80.2322998047,20037,20047,10
12.9308700562,80.231880188,20047,20057,10
12.9296798706,80.231552124,20057,20067,10
12.9285697937,80.2313079834,20067,20078,11
12.9274301529,80.2311630249,20078,20088,10
12.9264097214,80.2310562134,20088,20098,10
12.9260797501,80.2310409546,20098,20108,10
12.9255895615,80.23097229,20108,20118,10
12.9249095917,80.2308883667,20118,20128,10
12.9238796234,80.2307434082,20128,20137,9
12.9229898453,80.2306289673,20137,20148,11
12.921500206,80.2304229736,20148,20158,10
12.9202203751,80.2302322388,20158,20168,10
12.918970108,80.2300491333,20168,20178,10
12.9176397324,80.2299118042,20178,20189,11
12.9163599014,80.2297363281,20189,20199,10
12.9149599075,80.2295379639,20199,20209,10
12.9137096405,80.229347229,20209,20219,10
12.9127597809,80.2292175293,20219,20229,10
12.9120597839,80.2291412354,20229,20239,10
12.911190033,80.2289428711,20239,20249,10
12.9101800919,80.2287902832,20249,20259,10
12.909040451,80.2286682129,20259,20269,10
12.9078998566,80.2284622192,20269,20279,10
12.9068098068,80.2283401489,20279,20290,11
12.9057397842,80.2282180786,20290,20300,10
12.9046497345,80.2281570435,20300,20310,10
12.9035196304,80.2281036377,20310,20320,10
12.9023399353,80.2280273438,20320,20330,10
12.9013795853,80.2279968262,20330,20343,13
12.9005002975,80.2279510498,20343,20353,10
12.8998498917,80.2279129028,20353,20363,10
12.8993797302,80.227897644,20363,20373,10
12.8992900848,80.2279129028,20373,20383,10
12.8989601135,80.2278594971,20383,20393,10
12.8984003067,80.2278366089,20393,20404,11
12.8975200653,80.2277832031,20404,20414,10
12.8965902328,80.2277526855,20414,20437,23
12.8942403793,80.2276229858,20437,20449,12
12.8928699493,80.2274627686,20449,20459,10
12.8918800354,80.2274017334,20459,20469,10
12.8907299042,80.2273864746,20469,20479,10
12.8895196915,80.2273864746,20479,20489,10
12.8886899948,80.2274017334,20489,20499,10
12.8885202408,80.2273864746,20499,20509,10
12.8880796432,80.2273635864,20509,20520,11
12.8872900009,80.2272491455,20520,20530,10
12.8863697052,80.2270812988,20530,20540,10
12.8853397369,80.2268295288,20540,20550,10
12.8844499588,80.2267303467,20550,20559,9
12.8836402893,80.2267303467,20559,20570,11
12.8828897476,80.2267303467,20570,20580,10
12.8819704056,80.2267837524,20580,20590,10
12.88078022,80.2267227173,20590,20600,10
12.8793802261,80.2267379761,20600,20610,10
12.878080368,80.2268295288,20610,20621,11
12.8768596649,80.2269363403,20621,20631,10
12.8764400482,80.2268829346,20631,20641,10
12.8764200211,80.2265930176,20641,20651,10
12.8765001297,80.2260513306,20651,20661,10
12.8765802383,80.2252578735,20661,20671,10
12.8766899109,80.2244491577,20671,20681,10
12.8768196106,80.2236709595,20681,20691,10
12.8770198822,80.2227172852,20691,20701,10
12.8772296906,80.2217712402,20701,20711,10
12.8774995804,80.2207565308,20711,20733,22
12.877989769,80.2185821533,20733,20746,13
12.8782501221,80.2172164917,20746,20756,10
12.8783903122,80.2164535522,20756,20764,8
12.8785896301,80.2154769897,20764,20775,11
12.8788299561,80.2145385742,20775,20786,11
12.8790903091,80.2133483887,20786,20796,10
12.8792495728,80.2124633789,20796,20806,10
12.87940979,80.2114334106,20806,20816,10
12.8792800903,80.2109909058,20816,20826,10
12.8787498474,80.210899353,20826,20836,10
12.8781099319,80.2107772827,20836,20847,11
12.8773698807,80.2106628418,20847,20857,10
12.8767795563,80.2105331421,20857,20867,10
12.8761396408,80.2104034424,20867,20877,10
12.8755397797,80.210319519,20877,20887,10
12.8749704361,80.2101974487,20887,20897,10
12.874540329,80.2101135254,20897,20907,10
12.8743696213,80.2098999023,20907,20917,10
12.8745002747,80.2095718384,20917,20927,10
12.8747301102,80.2097625732,20927,20947,20
12.8747301102,80.2097625732,20947,20958,11
12.8746204376,80.2098236084,20958,20998,40
12.8747196198,80.2096176147,20998,21028,30
12.8746995926,80.2098922729,21028,21069,41
12.8746995926,80.2098922729,21069,21079,10
12.8746700287,80.2100067139,21079,21089,10
12.8746995926,80.2099380493,21089,21139,50
12.8747797012,80.2099304199,21139,21210,71
12.8747797012,80.2099304199,21210,21220,10
12.8746795654,80.2096328735,21220,21230,10
12.8747301102,80.2097320557,21230,21240,10
12.8746595383,80.2097625732,21240,21250,10
12.8746299744,80.2105178833,21250,21261,11
12.8748197556,80.2098770142,21261,21271,10
12.874879837,80.2098388672,21271,21281,10
12.8748397827,80.2098617554,21281,21291,10
12.874830246,80.2098312378,21291,21301,10
12.8749198914,80.2098007202,21301,21331,30
12.8749198914,80.2098007202,21331,21341,10
12.8747997284,80.2100982666,21341,21351,10
12.8748102188,80.2101669312,21351,21361,10
12.8750295639,80.2101593018,21361,21372,11
12.8753004074,80.2102203369,21372,21382,10
12.8757896423,80.2103424072,21382,21392,10
12.8762998581,80.2104034424,21392,21402,10
12.8768396378,80.2105178833,21402,21412,10
12.8774995804,80.2106170654,21412,21422,10
12.8782300949,80.2107391357,21422,21429,7
12.8787298203,80.2108764648,21429,21444,15
12.8791503906,80.2109832764,21444,21454,10
12.8792495728,80.2109985352,21454,21464,10
12.8795003891,80.211151123,21464,21475,11
12.8794403076,80.2116394043,21475,21485,10
12.8793201447,80.2122268677,21485,21495,10
12.8791999817,80.212890625,21495,21505,10
12.8790798187,80.2135314941,21505,21515,10
12.8789396286,80.2142105103,21515,21538,23
12.8786001205,80.2158813477,21538,21550,12
12.8784198761,80.2166976929,21550,21560,10
12.8783197403,80.2172317505,21560,21570,10
12.8781404495,80.2181625366,21570,21580,10
12.8779602051,80.2189865112,21580,21591,11
12.8777399063,80.2199020386,21591,21600,9
12.8775596619,80.2206878662,21600,21611,11
12.8773498535,80.2216415405,21611,21621,10
12.8771400452,80.2225418091,21621,21631,10
12.8769397736,80.2233581543,21631,21641,10
12.8767499924,80.2242431641,21641,21651,10
12.8766202927,80.2252197266,21651,21661,10
12.8764896393,80.2262191772,21661,21671,10
12.8764801025,80.2268066406,21671,21681,10
12.8764801025,80.2268829346,21681,21691,10
12.8765096664,80.2269134521,21691,21702,11
12.8769798279,80.2269210815,21702,21712,10
12.8778495789,80.2267990112,21712,21722,10
12.878950119,80.2267227173,21722,21730,8
12.8798799515,80.2266921997,21730,21742,12
12.8810796738,80.2266616821,21742,21752,10
12.8822402954,80.2266464233,21752,21762,10
12.8833503723,80.2266387939,21762,21772,10
12.8843297958,80.2266235352,21772,21782,10
12.8852396011,80.2266464233,21782,21792,10
12.885310173,80.2266693115,21792,21803,11
12.8859796524,80.2268218994,21803,21813,10
12.8869104385,80.2270889282,21813,21821,8
12.8878698349,80.2272567749,21821,21833,12
12.8886499405,80.2272796631,21833,21843,10
12.8889303207,80.2272796631,21843,21853,10
12.8896799088,80.2272796631,21853,21863,10
12.8908596039,80.2272796631,21863,21872,9
12.8918104172,80.2272872925,21872,21883,11
12.8933601379,80.2274169922,21883,21893,10
12.8939599991,80.2274780273,21893,21903,10
12.8940200806,80.2274932861,21903,21914,11
12.8944797516,80.2275085449,21914,21923,9
12.8948001862,80.2275238037,21923,21934,11
12.8956298828,80.2275695801,21934,21943,9
12.8964500427,80.2276077271,21943,21954,11
12.8979101181,80.2276992798,21954,21964,10
12.8990097046,80.2277679443,21964,21974,10
12.9000396729,80.2278213501,21974,21982,8
12.9008197784,80.2278213501,21982,22035,53
12.9008197784,80.2278213501,22035,22045,10
12.9008302689,80.2278823853,22045,22055,10
12.9012298584,80.2279434204,22055,22065,10
12.9017801285,80.227897644,22065,22075,10
12.9018802643,80.2279205322,22075,22082,7
12.902130127,80.2279205322,22082,22095,13
12.9030799866,80.2279815674,22095,22105,10
12.9040603638,80.2280197144,22105,22115,10
12.9053201675,80.2281036377,22115,22126,11
12.9064397812,80.2281417847,22126,22136,10
12.9069004059,80.228187561,22136,22146,10
12.906920433,80.2282104492,22146,22156,10
12.9073400497,80.2282867432,22156,22166,10
12.9081897736,80.2284393311,22166,22189,23
12.9108800888,80.228843689,22189,22201,12
12.9123697281,80.2290725708,22201,22211,10
12.9134302139,80.2292022705,22211,22220,9
12.9140396118,80.2292785645,22220,22231,11
12.9140996933,80.2292709351,22231,22242,11
12.9146604538,80.2293701172,22242,22252,10
12.9155397415,80.2294769287,22252,22262,10
12.9166002274,80.2296066284,22262,22272,10
12.9177398682,80.2297668457,22272,22282,10
12.9189100266,80.2299575806,22282,22292,10
12.9194202423,80.2299880981,22292,22302,10
12.9196901321,80.2300262451,22302,22312,10
12.9203596115,80.230140686,22312,22322,10
12.9214401245,80.2302703857,22322,22332,10
12.922659874,80.2304534912,22332,22343,11
12.9241104126,80.2306518555,22343,22353,10
12.9254302979,80.2308120728,22353,22363,10
12.9263896942,80.2309188843,22363,22373,10
12.9265003204,80.2309188843,22373,22383,10
12.9270296097,80.2310028076,22383,22393,10
12.927740097,80.2311019897,22393,22403,10
12.9288196564,80.2312469482,22403,22413,10
12.9298000336,80.2314834595,22413,22423,10
12.930970192,80.2317962646,22423,22433,10
12.9322795868,80.2321929932,22433,22443,10
12.933380127,80.2325820923,22443,22454,11
12.933719635,80.2327270508,22454,22463,9
12.9337396622,80.2326965332,22463,22473,10
12.9340600967,80.2329025269,22473,22484,11
12.9348697662,80.2332687378,22484,22494,10
12.9356403351,80.2336578369,22494,22504,10
12.9366703033,80.2341384888,22504,22513,9
12.9376802444,80.23462677,22513,22524,11
12.9387102127,80.2351074219,22524,22534,10
12.9395303726,80.2355117798,22534,22543,9
12.9398202896,80.2356414795,22543,22555,12
12.9400196075,80.2356872559,22555,22565,10
12.9406795502,80.2359237671,22565,22575,10
12.9416303635,80.2361831665,22575,22585,10
12.9426603317,80.2364578247,22585,22595,10
12.9435396194,80.2370605469,22595,22605,10
12.943860054,80.2373199463,22605,22614,9
12.9439001083,80.2374725342,22614,22625,11
12.9444303513,80.2380981445,22625,22635,10
12.9451398849,80.238861084,22635,22644,9
12.9460496902,80.2394714355,22644,22655,11
12.94713974,80.2398834229,22655,22666,11
12.9474096298,80.2399673462,22666,22676,10
12.9479198456,80.2401809692,22676,22686,10
12.9485197067,80.2404632568,22686,22696,10
12.9489002228,80.2405700684,22696,22705,9
12.9489297867,80.2405776978,22705,22716,11
12.949379921,80.240737915,22716,22726,10
12.9500303268,80.2409515381,22726,22736,10
12.9508199692,80.2412185669,22736,22746,10
12.9510602951,80.2412872314,22746,22756,10
12.9511995316,80.2413330078,22756,22767,11
12.951789856,80.2415237427,22767,22777,10
12.9525899887,80.2418365479,22777,22787,10
12.9535799026,80.2422332764,22787,22797,10
12.9545602798,80.2426376343,22797,22807,10
12.9553003311,80.2429428101,22807,22817,10
12.9560804367,80.2431564331,22817,22827,10
12.9563999176,80.2431869507,22827,22837,10
12.9567203522,80.2433624268,22837,22847,10
12.9573602676,80.2437286377,22847,22856,9
12.9580802917,80.2440795898,22856,22867,11
12.9588499069,80.2443771362,22867,22878,11
12.9589595795,80.2444229126,22878,22888,10
12.9592504501,80.2445602417,22888,22898,10
12.9598302841,80.2447967529,22898,22908,10
12.9606704712,80.2451934814,22908,22918,10
12.9616003036,80.2456588745,22918,22928,10
12.9626998901,80.2461929321,22928,22938,10
12.9634799957,80.2465667725,22938,22948,10
12.9645395279,80.2470016479,22948,22958,10
12.9656200409,80.2473602295,22958,22968,10
12.9665603638,80.247718811,22968,22979,11
12.9666595459,80.247756958,22979,22989,10
12.9667396545,80.247833252,22989,22999,10
12.9671497345,80.2480697632,22999,23009,10
12.9680204391,80.2484207153,23009,23019,10
12.9690704346,80.2488098145,23019,23029,10
12.9702701569,80.2492904663,23029,23039,10
12.9715995789,80.24974823,23039,23049,10
12.9728498459,80.2500762939,23049,23059,10
12.9742298126,80.2504425049,23059,23069,10
12.9744701385,80.2504806519,23069,23079,10
12.9747200012,80.2505493164,23079,23090,11
12.9754400253,80.2507781982,23090,23100,10
12.9764003754,80.251083374,23100,23110,10
12.9775400162,80.2515029907,23110,23120,10
12.9784603119,80.252243042,23120,23130,10
12.9793996811,80.2525634766,23130,23140,10
12.9799699783,80.2523193359,23140,23160,20
12.9799699783,80.2523193359,23160,23170,10
12.9799804688,80.2520828247,23170,23180,10
12.9801301956,80.2516021729,23180,23191,11
12.9804096222,80.2506713867,23191,23201,10
12.9806499481,80.2496032715,23201,23211,10
12.9807701111,80.248336792,23211,23221,10
12.9808702469,80.2470016479,23221,23230,9
12.981010437,80.2457962036,23230,23241,11
12.9811201096,80.2447891235,23241,23250,9
12.981180191,80.243927002,23250,23261,11
12.9812803268,80.243598938,23261,23271,10
12.9813404083,80.2432785034,23271,23281,10
12.9813699722,80.2427597046,23281,23291,10
12.9813699722,80.2427597046,23291,23302,11
12.9813804626,80.2421875,23302,23312,10
12.9813499451,80.2414474487,23312,23322,10
12.9813499451,80.2405319214,23322,23332,10
12.9813404083,80.2396469116,23332,23372,40
12.9813404083,80.2396469116,23372,23382,10
12.981300354,80.2393569946,23382,23392,10
12.981300354,80.2386703491,23392,23402,10
12.9812898636,80.2379302979,23402,23413,11
12.9812803268,80.2377319336,23413,23423,10
12.9812602997,80.2370605469,23423,23433,10
12.9812402725,80.2360610962,23433,23443,10
12.9812202454,80.2349319458,23443,23453,10
12.9813404083,80.2340011597,23453,23463,10
12.9816398621,80.2333374023,23463,23473,10
12.9816904068,80.233253479,23473,23483,10
12.981880188,80.2328262329,23483,23492,9
12.9819698334,80.2321472168,23492,23503,11
12.9819498062,80.2314987183,23503,23513,10
12.9818201065,80.2310028076,23513,23524,11
12.9815196991,80.2304763794,23524,23534,10
12.9811000824,80.2297973633,23534,23544,10
12.9808998108,80.2294311523,23544,23554,10
12.9807100296,80.2291717529,23554,23564,10
12.9806404114,80.2290420532,23564,23574,10
12.980389595,80.2285766602,23574,23584,10
12.9802103043,80.2282028198,23584,23594,10
12.9798002243,80.2275466919,23594,23604,10
12.9792900085,80.2266998291,23604,23613,9
12.9788198471,80.2258911133,23613,23624,11
12.9782896042,80.2249984741,23624,23635,11
12.9778995514,80.2243118286,23635,23645,10
12.9773797989,80.2235336304,23645,23655,10
12.9770097733,80.2228088379,23655,23665,10
12.9771499634,80.2226791382,23665,23675,10
12.9775104523,80.2226409912,23675,23685,10
12.9775695801,80.2222900391,23685,23695,10
12.9775800705,80.2219467163,23695,23705,10
12.9775104523,80.221321106,23705,23725,20
12.9775104523,80.221321106,23725,23736,11
12.9776697159,80.221206665,23736,23746,10
12.978219986,80.2211685181,23746,23756,10
12.9789104462,80.2211303711,23756,23765,9
12.979590416,80.2210922241,23765,23776,11
12.9804496765,80.2210617065,23776,23786,10
12.9811201096,80.2210769653,23786,23796,10
12.9817495346,80.2213287354,23796,23806,10
12.9822902679,80.2217025757,23806,23816,10
12.9829101563,80.2219085693,23816,23825,9
12.9829797745,80.2219390869,23825,23836,11
12.9832201004,80.2220687866,23836,23847,11
12.9835195541,80.222366333,23847,23857,10
12.9842195511,80.2227783203,23857,23867,10
12.9849901199,80.2231826782,23867,23877,10
12.98554039,80.2230834961,23877,23887,10
12.9863004684,80.2229232788,23887,23897,10
12.986579895,80.2229537964,23897,23906,9
12.9867401123,80.2229919434,23906,23917,11
12.9873199463,80.2230606079,23917,23927,10
12.9878997803,80.2229003906,23927,23937,10
12.9886198044,80.2223510742,23937,23948,11
12.98939991,80.2214736938,23948,23957,9
12.9901399612,80.2206192017,23957,23968,11
12.990530014,80.2203063965,23968,23978,10
12.9906997681,80.2201385498,23978,23988,10
12.9911804199,80.2197799683,23988,23998,10
12.9917898178,80.219367981,23998,24008,10
12.9925804138,80.2188034058,24008,24018,10
12.993470192,80.2181625366,24018,24028,10
12.9943304062,80.2175521851,24028,24038,10
12.9951200485,80.2169418335,24038,24048,10
12.9961004257,80.2166137695,24048,24059,11
12.9970798492,80.2164764404,24059,24069,10
12.9976100922,80.2161483765,24069,24079,10
12.997759819,80.2159881592,24079,24089,10
12.9981002808,80.2156219482,24089,24099,10
12.9986000061,80.2151794434,24099,24109,10
12.9988698959,80.2149734497,24109,24119,10
12.9989299774,80.2149200439,24119,24129,10
12.999130249,80.2147598267,24129,24139,10
12.9993495941,80.2145614624,24139,24149,10
12.9997901917,80.2141876221,24149,24159,10
13.0001802444,80.2138595581,24159,24169,10
13.0007896423,80.2132797241,24169,24180,11
13.0014200211,80.2128601074,24180,24190,10
13.0020303726,80.2124176025,24190,24200,10
13.0025596619,80.2121429443,24200,24210,10
13.0028095245,80.2120819092,24210,24220,10
13.0033197403,80.2120513916,24220,24230,10
13.0036897659,80.2117233276,24230,24240,10
13.0036697388,80.2109375,24240,24250,10
13.0035896301,80.2101287842,24250,24260,10
13.0035896301,80.2092819214,24260,24270,10
13.0038900375,80.2086181641,24270,24280,10
13.0047197342,80.208946228,24280,24291,11
13.00578022,80.2093963623,24291,24301,10
13.0065402985,80.2096710205,24301,24311,10
13.007229805,80.2098236084,24311,24327,16
13.0072898865,80.2098236084,24327,24339,12
13.0074396133,80.2098236084,24339,24349,10
13.0077495575,80.2098999023,24349,24359,10
13.008099556,80.2099761963,24359,24369,10
13.0081100464,80.2096176147,24369,24379,10
13.0079803467,80.2088012695,24379,24389,10
13.0078201294,80.2078704834,24389,24399,10
13.0076599121,80.2069091797,24399,24409,10
13.0075702667,80.2060394287,24409,24420,11
13.0075101852,80.2051086426,24420,24430,10
13.007519722,80.2042770386,24430,24440,10
13.0074396133,80.2035598755,24440,24450,10
13.0072402954,80.2026824951,24450,24460,10
13.0065698624,80.202796936,24460,24470,10
13.0068101883,80.2033996582,24470,24480,10
13.0075798035,80.2037124634,24480,24490,10
13.0085897446,80.203742981,24490,24500,10
13.009759903,80.2036590576,24500,24510,10
13.0109996796,80.2036895752,24510,24521,11
13.0123500824,80.2038574219,24521,24531,10
13.0133800507,80.2041015625,24531,24541,10
13.0137395859,80.2042999268,24541,24551,10
13.0136804581,80.2045822144,24551,24561,10
13.0135097504,80.205078125,24561,24571,10
13.013250351,80.2058486938,24571,24581,10
13.0130996704,80.206703186,24581,24591,10
13.0130395889,80.2074813843,24591,24601,10
13.0129404068,80.2078094482,24601,24611,10
13.0129203796,80.2083435059,24611,24621,10
13.0130701065,80.2086029053,24621,24632,11
13.0131702423,80.2093200684,24632,24642,10
13.0133399963,80.2098007202,24642,24652,10
13.0132398605,80.2101364136,24652,24662,10
13.0132102966,80.2106170654,24662,24672,10
13.0130195618,80.2112426758,24672,24682,10
13.0126600266,80.2117767334,24682,24692,10
13.0122003555,80.2124633789,24692,24702,10
13.0118999481,80.2128295898,24702,24712,10
13.0115995407,80.2126693726,24712,24722,10
13.0109796524,80.212272644,24722,24732,10
13.0105104446,80.2118988037,24732,24743,11
13.0102500916,80.2117080688,24743,24753,10
13.0100803375,80.211517334,24753,24762,9
13.0098600388,80.2113571167,24762,24773,11
13.0095396042,80.2111129761,24773,25237,464
13.0095396042,80.2111129761,25237,25247,10
13.009519577,80.211151123,25247,25439,192
13.009519577,80.211151123,25439,25449,10
13.0093898773,80.2110900879,25449,25590,141
13.0093898773,80.2110900879,25590,25600,10
13.0093002319,80.2110519409,25600,25610,10
13.0092401505,80.2111816406,25610,25620,10
13.0091600418,80.2113265991,25620,25630,10
13.0090398788,80.2116012573,25630,25640,10
13.0092096329,80.2119598389,25640,25651,11
13.0093898773,80.2125930786,25651,25661,10
13.0095901489,80.2132568359,25661,25671,10
13.0098896027,80.2139205933,25671,25681,10
13.0101604462,80.2145996094,25681,25691,10
13.0102596283,80.2153167725,25691,25701,10
13.010430336,80.2159576416,25701,25711,10
13.0107402802,80.2166595459,25711,25721,10
13.0110998154,80.2174377441,25721,25731,10
13.0114402771,80.2183532715,25731,25741,10
13.0117502213,80.2193222046,25741,25751,10
13.0120096207,80.2202224731,25751,25762,11
13.0123195648,80.2212600708,25762,25772,10
13.0124597549,80.2215576172,25772,25782,10
13.0127401352,80.2220611572,25782,25792,10
13.0132799149,80.22265625,25792,25802,10
13.0136699677,80.2232894897,25802,25812,10
13.0140199661,80.2238006592,25812,25822,10
13.0145998001,80.2243270874,25822,25832,10
13.0151195526,80.2247619629,25832,25842,10
13.0155200958,80.2251281738,25842,25852,10
13.0154399872,80.225692749,25852,25862,10
13.0147600174,80.2259902954,25862,25872,10
13.0139503479,80.2263717651,25872,25883,11
13.0129003525,80.2268295288,25883,25893,10
13.0119199753,80.2272109985,25893,25903,10
13.0108995438,80.2276077271,25903,25913,10
13.0099201202,80.2279968262,25913,25923,10
13.0095996857,80.2275619507,25923,25933,10
13.0098199844,80.2270202637,25933,25943,10
13.0100402832,80.226348877,25943,25953,10
13.0103998184,80.2254867554,25953,25963,10
13.010720253,80.2247161865,25963,25973,10
13.0110502243,80.2238693237,25973,25983,10
13.0112895966,80.2233123779,25983,25994,11
13.010840416,80.2230377197,25994,26004,10
13.0101995468,80.2226867676,26004,26014,10
13.0094003677,80.2222976685,26014,26024,10
13.0085897446,80.2218017578,26024,26034,10
13.0076704025,80.2213134766,26034,26044,10
13.0067901611,80.2208404541,26044,26054,10
13.0057601929,80.2205123901,26054,26064,10
13.0048398972,80.2203369141,26064,26073,9
13.0041904449,80.2202682495,26073,26084,11
13.0032997131,80.2200393677,26084,26094,10
13.0024995804,80.2195968628,26094,26105,11
13.0018701553,80.2189102173,26105,26115,10
13.0011196136,80.2182922363,26115,26125,10
13.0004301071,80.2177429199,26125,26135,10
12.9996995926,80.217338562,26135,26144,9
12.9990501404,80.2170028687,26144,26155,11
12.9982004166,80.2166595459,26155,26165,10
12.9973602295,80.216506958,26165,26175,10
12.9974098206,80.2165374756,26175,26185,10
12.9970998764,80.216506958,26185,26195,10
12.9965801239,80.2166290283,26195,26205,10
12.9956703186,80.2169036865,26205,26216,11
12.9947395325,80.217376709,26216,26225,9
12.9941997528,80.217880249,26225,26236,11
12.9934797287,80.218421936,26236,26246,10
12.992650032,80.219039917,26246,26256,10
12.991689682,80.2196121216,26256,26266,10
12.9910001755,80.220123291,26266,26276,10
12.9908504486,80.2202224731,26276,26286,10
12.9905900955,80.220413208,26286,26296,10
12.9900598526,80.2208786011,26296,26306,10
12.9894504547,80.2214431763,26306,26316,10
12.9890403748,80.2219085693,26316,26326,10
12.9884195328,80.2225189209,26326,26337,11
12.9877595901,80.2230606079,26337,26347,10
12.9875802994,80.2230987549,26347,26357,10
12.9872598648,80.2230529785,26357,26367,10
12.9866104126,80.2229309082,26367,26377,10
12.9857902527,80.2229995728,26377,26387,10
12.9854202271,80.2232971191,26387,26397,10
12.9848403931,80.22315979,26397,26407,10
12.9844903946,80.2229537964,26407,26417,10
12.9839200974,80.2226486206,26417,26427,10
12.9834098816,80.2223510742,26427,26438,11
12.9832201004,80.2222290039,26438,26448,10
12.9830598831,80.2220077515,26448,26458,10
12.9825201035,80.2217712402,26458,26468,10
12.9819097519,80.2216186523,26468,26478,10
12.9812097549,80.2211914063,26478,26488,10
12.980389595,80.2210617065,26488,26498,10
12.9796199799,80.2210617065,26498,26507,9
12.9788398743,80.2211380005,26507,26518,11
12.9777402878,80.2211227417,26518,26528,10
12.9769496918,80.2212677002,26528,26538,10
12.9764099121,80.2213516235,26538,26548,10
12.976269722,80.2215499878,26548,26559,11
12.9764204025,80.2217483521,26559,26569,10
12.9764299393,80.2217407227,26569,26579,10
12.9765501022,80.2218017578,26579,26589,10
12.9767799377,80.2223968506,26589,26599,10
12.976940155,80.2227478027,26599,26609,10
12.9771499634,80.2230224609,26609,26619,10
12.9775600433,80.2236709595,26619,26629,10
12.9780397415,80.2244415283,26629,26639,10
12.978509903,80.2252807617,26639,26649,10
12.9786701202,80.2255630493,26649,26659,10
12.978890419,80.2259216309,26659,26670,11
12.9792804718,80.226600647,26670,26680,10
12.9796895981,80.2273025513,26680,26690,10
12.9801101685,80.2279968262,26690,26700,10
12.980629921,80.2288284302,26700,26710,10
12.9810600281,80.2296218872,26710,26720,10
12.9814796448,80.2300872803,26720,26730,10
12.9817304611,80.230506897,26730,26740,10
12.9817800522,80.2305374146,26740,26750,10
12.9819698334,80.2310562134,26750,26760,10
12.9820995331,80.231842041,26760,26770,10
12.9820604324,80.2325286865,26770,26781,11
12.9818401337,80.2331619263,26781,26791,10
12.9817199707,80.2333602905,26791,26801,10
12.9816703796,80.2334823608,26801,26811,10
12.9814796448,80.2338790894,26811,26821,10
12.9812202454,80.23462677,26821,26831,10
12.9812402725,80.2355575562,26831,26841,10
12.9812803268,80.2366485596,26841,26851,10
12.9813098907,80.2376403809,26851,26861,10
12.9813299179,80.2384414673,26861,26871,10
12.9813499451,80.2386627197,26871,26881,10
12.9813499451,80.2390594482,26881,26891,10
12.9813804626,80.2396087646,26891,26902,11
12.9813804626,80.2403411865,26902,26912,10
12.9813995361,80.2411804199,26912,26922,10
12.9813995361,80.2420272827,26922,26932,10
12.9813995361,80.2426300049,26932,26942,10
12.9813995361,80.2426986694,26942,26958,16
12.9814100266,80.2433700562,26958,26970,12
12.9812498093,80.244430542,26970,26978,8
12.9811296463,80.2452774048,26978,26990,12
12.9809904099,80.2467422485,26990,27000,10
12.9808502197,80.2481079102,27000,27011,11
12.9807195663,80.2496795654,27011,27021,10
12.9803800583,80.2510604858,27021,27031,10
12.9801301956,80.2520904541,27031,27039,8
12.9799604416,80.252456665,27039,27090,51
12.9799604416,80.252456665,27090,27101,11
12.9799804688,80.2526016235,27101,27111,10
12.979809761,80.2527694702,27111,27122,11
12.9792299271,80.2527313232,27122,27132,10
12.9788799286,80.2526779175,27132,27142,10
12.9788599014,80.2526702881,27142,27152,10
12.9784603119,80.2524795532,27152,27162,10
12.9778795242,80.2519989014,27162,27172,10
12.9771900177,80.2514724731,27172,27182,10
12.9762001038,80.251159668,27182,27192,10
12.9750299454,80.2507781982,27192,27202,10
12.9738397598,80.2504577637,27202,27212,10
12.9728002548,80.2502212524,27212,27222,10
12.9725103378,80.2501373291,27222,27232,10
12.9720201492,80.2500228882,27232,27243,11
12.9711399078,80.2497711182,27243,27253,10
12.97012043,80.2494277954,27253,27263,10
12.9689598083,80.2489471436,27263,27273,10
12.9677400589,80.2484970093,27273,27283,10
12.9668998718,80.2480926514,27283,27293,10
12.9661102295,80.2477264404,27293,27303,10
12.9651298523,80.2473602295,27303,27313,10
12.9641599655,80.2470321655,27313,27323,10
12.9633302689,80.246711731,27323,27333,10
12.9624099731,80.2462387085,27333,27343,10
12.961400032,80.2457427979,27343,27354,11
12.9603300095,80.2452468872,27354,27364,10
12.9596300125,80.2449417114,27364,27374,10
12.9593296051,80.2447967529,27374,27384,10
12.9592599869,80.2447891235,27384,27394,10
12.9588003159,80.2445831299,27394,27404,10
12.9581604004,80.2443084717,27404,27414,10
12.95773983,80.244140625,27414,27424,10
12.957110405,80.2438812256,27424,27434,10
12.9566497803,80.2436828613,27434,27495,61
12.9566497803,80.2436828613,27495,27505,10
12.9563999176,80.2434997559,27505,27515,10
12.9560604095,80.2433929443,27515,27525,10
12.9553098679,80.2430801392,27525,27535,10
12.9544095993,80.2427062988,27535,27545,10
12.9533996582,80.2422790527,27545,27555,10
12.9523897171,80.241897583,27555,27564,9
12.9517002106,80.2416763306,27564,27576,12
12.9514799118,80.241569519,27576,27586,10
12.9509000778,80.2413711548,27586,27596,10
12.9500303268,80.2411117554,27596,27606,10
12.9490203857,80.2407989502,27606,27616,10
12.9481201172,80.2404403687,27616,27626,10
12.9473800659,80.2401580811,27626,27636,10
12.9471702576,80.2400894165,27636,27646,10
12.946969986,80.2399978638,27646,27656,10
12.9463596344,80.2397384644,27656,27666,10
12.9455699921,80.2393798828,27666,27676,10
12.9447603226,80.2387771606,27676,27687,11
12.9439096451,80.2378311157,27687,27697,10
12.9433097839,80.2372894287,27697,27707,10
12.9432201385,80.2371673584,27707,27717,10
12.9427404404,80.2367706299,27717,27727,10
12.9418802261,80.2364120483,27727,27737,10
12.9408502579,80.2361526489,27737,27747,10
12.9399595261,80.2358779907,27747,27757,10
12.9398403168,80.2358322144,27757,27767,10
12.9394798279,80.2356872559,27767,27777,10
12.9387903214,80.2353210449,27777,27787,10
12.9379196167,80.2348937988,27787,27798,11
12.9368400574,80.2343826294,27798,27808,10
12.9360704422,80.2340011597,27808,27818,10
12.9356803894,80.2338180542,27818,27828,10
12.9350996017,80.2335891724,27828,27838,10
12.934510231,80.2333068848,27838,27848,10
12.9340496063,80.2330780029,27848,27878,30
12.9340496063,80.2330780029,27878,27888,10
12.9338998795,80.2329406738,27888,27898,10
12.9338598251,80.2328872681,27898,27949,51
12.9335298538,80.2328491211,27949,27999,50
12.9335298538,80.2328491211,27999,28009,10
12.9334497452,80.2328720093,28009,28019,10
12.93309021,80.2326202393,28019,28312,293
12.9327297211,80.2324829102,28312,28332,20
12.9327297211,80.2324829102,28332,28342,10
12.9324598312,80.2322692871,28342,28352,10
12.9322595596,80.2322387695,28352,28363,11
12.9316396713,80.232093811,28363,28373,10
12.9307403564,80.2317733765,28373,28383,10
12.9296398163,80.2314910889,28383,28393,10
12.9287099838,80.231338501,28393,28403,10
12.927740097,80.2311630249,28403,28413,10
12.9266796112,80.2310562134,28413,28423,10
12.9260101318,80.231010437,28423,28433,10
12.9259901047,80.2310028076,28433,28443,10
12.9258003235,80.23097229,28443,28453,10
12.925160408,80.2309036255,28453,28463,10
12.9242401123,80.230796814,28463,28473,10
12.923119545,80.2306594849,28473,28484,11
12.9217100143,80.2304534912,28484,28494,10
12.9203996658,80.2302627563,28494,28504,10
12.9191398621,80.2301177979,28504,28524,20
12.9191398621,80.2301177979,28524,28534,10
12.9188995361,80.2301025391,28534,28544,10
12.9182395935,80.2300033569,28544,28554,10
12.91726017,80.2298736572,28554,28564,10
12.9161195755,80.2296981812,28564,28574,10
12.9149599075,80.2294998169,28574,28584,10
12.9139204025,80.2293624878,28584,28595,11
12.9131803513,80.2293014526,28595,28605,10
12.9130401611,80.2292785645,28605,28615,10
12.9124097824,80.2291564941,28615,28625,10
12.9114904404,80.229057312,28625,28635,10
12.9103097916,80.2288970947,28635,28645,10
12.9090204239,80.2286987305,28645,28655,10
12.9077796936,80.2285003662,28655,28665,10
12.9071302414,80.2284393311,28665,28716,51
12.9071302414,80.2284393311,28716,28726,10
12.9069595337,80.2284088135,28726,28736,10
12.9065799713,80.2283401489,28736,28746,10
12.9059200287,80.2282562256,28746,28756,10
12.9049501419,80.2282333374,28756,28766,10
12.904009819,80.2281570435,28766,28776,10
12.9028100967,80.2280807495,28776,28786,10
12.9016199112,80.2280197144,28786,28796,10
12.9007797241,80.2279586792,28796,28806,10
12.9000701904,80.2279434204,28806,28817,11
12.8992204666,80.227897644,28817,28837,20
12.8992204666,80.227897644,28837,28847,10
12.8991298676,80.2279205322,28847,28857,10
12.8985595703,80.2278518677,28857,28867,10
12.8978796005,80.2277984619,28867,28883,16
12.8961696625,80.2276992798,28883,28895,12
12.8945703506,80.2276611328,28895,28903,8
12.8935499191,80.2275924683,28903,28915,12
12.8931798935,80.2275466919,28915,28925,10
12.8926000595,80.2274627686,28925,28945,20
12.8926000595,80.2274627686,28945,28956,11
12.8924303055,80.2274627686,28956,28966,10
12.8919401169,80.2274627686,28966,28975,9
12.8911895752,80.227432251,28975,28985,10
12.8902301788,80.2274017334,28985,28996,11
12.8889102936,80.2274017334,28996,29006,10
12.8876104355,80.2273101807,29006,29016,10
12.8862400055,80.2270126343,29016,29026,10
12.8851900101,80.2267532349,29026,29037,11
12.8847799301,80.2267532349,29037,29047,10
12.8846101761,80.2267379761,29047,29057,10
12.8839797974,80.2267608643,29057,29067,10
12.8830404282,80.2267913818,29067,29077,10
12.881819725,80.2267913818,29077,29087,10
12.8805198669,80.2267913818,29087,29097,10
12.8792200089,80.2267837524,29097,29107,10
12.8780202866,80.2268600464,29107,29117,10
12.8770399094,80.2269592285,29117,29127,10
12.876540184,80.2269592285,29127,29137,10
12.8764095306,80.2267379761,29137,29148,11
12.8764295578,80.2266464233,29148,29158,10
12.8765001297,80.2262573242,29158,29168,10
12.8765802383,80.2255096436,29168,29177,9
12.8766698837,80.224571228,29177,29188,11
12.8768796921,80.2232894897,29188,29198,10
12.8772001266,80.2219619751,29198,29208,10
12.8775396347,80.2205734253,29208,29218,10
12.8778400421,80.2192306519,29218,29228,10
12.8781404495,80.217880249,29228,29238,10
12.8783903122,80.2166671753,29238,29248,10
12.8784399033,80.2163696289,29248,29258,10
12.8785400391,80.215927124,29258,29269,11
12.8787698746,80.2149429321,29269,29279,10
12.8790102005,80.2137298584,29279,29289,10
12.8792495728,80.2124023438,29289,29299,10
12.8794603348,80.2112426758,29299,29309,10
12.8793001175,80.2109985352,29309,29319,10
12.8792495728,80.2109985352,29319,29329,10
12.8788204193,80.2109375,29329,29339,10
12.8781299591,80.2108001709,29339,29349,10
12.8773803711,80.2106399536,29349,29359,10
12.876950264,80.2105636597,29359,29369,10
12.8763504028,80.2104187012,29369,29380,11
12.8754796982,80.2102813721,29380,29390,10
12.8748197556,80.2101287842,29390,29400,10
12.8744401932,80.2100601196,29400,29410,10
12.8744297028,80.2097473145,29410,29420,10
12.8747997284,80.2097702026,29420,29460,40
12.8747997284,80.2097702026,29460,29470,10
12.8745603561,80.2097015381,29470,29480,10
12.8748998642,80.2096405029,29480,29491,11
12.8750295639,80.2096633911,29491,29501,10
12.8757095337,80.2095184326,29501,29511,10
12.8761701584,80.2094192505,29511,29521,10
12.8758001328,80.2095184326,29521,29531,10
12.875120163,80.2097167969,29531,29541,10
12.8749399185,80.209777832,29541,29551,10
12.8744096756,80.2099380493,29551,29561,10
12.8742904663,80.2099990845,29561,29571,10
12.8746995926,80.2098922729,29571,29581,10
12.8749198914,80.2098007202,29581,29591,10
12.8749303818,80.2099075317,29591,29601,10
12.874710083,80.2099609375,29601,29612,11
12.8747797012,80.2098770142,29612,29682,70
12.8747797012,80.2098770142,29682,29692,10
12.87403965,80.2098922729,29692,29702,10
12.8748598099,80.2098388672,29702,29712,10
12.8752098083,80.2095489502,29712,29723,11
12.8740997314,80.2100601196,29723,29733,10
12.8744096756,80.2099609375,29733,29743,10
12.8748703003,80.2098388672,29743,29753,10
12.8741197586,80.2100601196,29753,29763,10
12.8744001389,80.2099380493,29763,29773,10
12.8739700317,80.2100830078,29773,29783,10
12.8747196198,80.2098999023,29783,29793,10
12.8746995926,80.2098693848,29793,29803,10
12.8745203018,80.2098693848,29803,29813,10
12.8744001389,80.2098999023,29813,29823,10
12.8745002747,80.2098999023,29823,29834,11
12.8741502762,80.2099761963,29834,29874,40
12.8741502762,80.2099761963,29874,29884,10
12.8747997284,80.2095565796,29884,29894,10
12.8748903275,80.2096481323,29894,29904,10
12.8747596741,80.2097167969,29904,29914,10
12.874830246,80.2097473145,29914,29924,10
12.8748197556,80.2097320557,29924,29934,10
12.8747997284,80.2097625732,29934,29955,21
12.8747997284,80.2097625732,29955,29965,10
12.8768796921,80.2092437744,29965,29975,10
12.8750600815,80.2097015381,29975,29985,10
12.8730897903,80.2101974487,29985,29995,10
12.8749504089,80.2097091675,29995,30056,61
12.8749504089,80.2097091675,30056,30066,10
12.8746900558,80.2098999023,30066,30076,10
12.874830246,80.2096862793,30076,30086,10
12.87458992,80.2098770142,30086,30096,10
12.8746299744,80.2097625732,30096,30106,10
12.8746204376,80.209777832,30106,30116,10
12.8746299744,80.2097625732,30116,30136,20
12.8746099472,80.2098236084,30136,30156,20
12.8746099472,80.2098236084,30156,30166,10
12.8746299744,80.2097320557,30166,30217,51
12.8746595383,80.2098770142,30217,30298,81
12.8746595383,80.2098770142,30298,30308,10
12.8746900558,80.2100296021,30308,30318,10
12.8749103546,80.2101974487,30318,30328,10
12.8754501343,80.2102890015,30328,30338,10
12.8760700226,80.2103729248,30338,30348,10
12.8767004013,80.2105026245,30348,30358,10
12.8774995804,80.2106704712,30358,30368,10
12.8780603409,80.2107772827,30368,30378,10
12.8788099289,80.210899353,30378,30388,10
12.8792695999,80.2109832764,30388,30399,11
12.8792896271,80.2109985352,30399,30409,10
12.87940979,80.2110214233,30409,30419,10
12.8795499802,80.2112808228,30419,30429,10
12.8793897629,80.2118606567,30429,30439,10
12.879240036,80.2125778198,30439,30449,10
12.8790798187,80.2133865356,30449,30459,10
12.8789196014,80.2142715454,30459,30469,10
12.8787298203,80.2152099609,30469,30479,10
12.8785200119,80.2161483765,30479,30489,10
12.8783397675,80.2171020508,30489,30499,10
12.8781404495,80.2180862427,30499,30509,10
12.8779096603,80.2191009521,30509,30520,11
12.8776597977,80.2202224731,30520,30530,10
12.8774299622,80.2212295532,30530,30540,10
12.8771896362,80.2222671509,30540,30550,10
12.8769598007,80.2232971191,30550,30560,10
12.8767595291,80.2242202759,30560,30571,11
12.8766202927,80.2253036499,30571,30581,10
12.8765096664,80.2261810303,30581,30591,10
12.876449585,80.2266921997,30591,30611,20
12.876449585,80.2266921997,30611,30621,10
12.8764801025,80.2268600464,30621,30632,11
12.8767795563,80.2268829346,30632,30642,10
12.8774995804,80.2268066406,30642,30652,10
12.8784399033,80.2267227173,30652,30662,10
12.879529953,80.2266693115,30662,30672,10
12.8807001114,80.2266616821,30672,30682,10
12.8818502426,80.2266616821,30682,30692,10
12.8829202652,80.2266387939,30692,30702,10
12.8839797974,80.2266235352,30702,30712,10
12.8848800659,80.2266235352,30712,30722,10
12.8853797913,80.2266769409,30722,30732,10
12.8860797882,80.2268218994,30732,30742,10
12.8869800568,80.2270736694,30742,30759,17
12.8886604309,80.2272796631,30759,30771,12
12.8900098801,80.2272567749,30771,30781,10
12.8914403915,80.2272491455,30781,30821,40
12.8914403915,80.2272491455,30821,30831,10
12.8916702271,80.2272415161,30831,30841,10
12.8921699524,80.2272491455,30841,30851,10
12.892829895,80.2273025513,30851,30862,11
12.8934898376,80.2274169922,30862,30872,10
12.8942604065,80.2275009155,30872,30892,20
12.8942604065,80.2275009155,30892,30902,10
12.8943595886,80.2275085449,30902,30912,10
12.8948402405,80.2275238037,30912,30922,10
12.8956203461,80.2275619507,30922,30932,10
12.8964595795,80.2276077271,30932,30942,10
12.897310257,80.2276763916,30942,30952,10
12.8982400894,80.2277374268,30952,30962,10
12.8991699219,80.2277984619,30962,30973,11
12.9001102448,80.2278366089,30973,30983,10
12.9006004333,80.2277984619,30983,31063,80
12.9006004333,80.2277984619,31063,31073,10
12.9009599686,80.2278213501,31073,31084,11
12.9013004303,80.2278366089,31084,31094,10
12.901599884,80.2278671265,31094,31104,10
12.9020004272,80.227897644,31104,31114,10
12.9028701782,80.2279434204,31114,31134,20
12.9028701782,80.2279434204,31134,31144,10
12.9031801224,80.2279891968,31144,31154,10
12.9038000107,80.2280197144,31154,31164,10
12.9045801163,80.2280578613,31164,31174,10
12.9054203033,80.2280807495,31174,31184,10
12.9061203003,80.2280883789,31184,31233,49
12.9061203003,80.2280883789,31233,31241,8
12.9061899185,80.2281265259,31241,31253,12
12.9065799713,80.2281570435,31253,31263,10
12.9071397781,80.2282333374,31263,31273,10
12.9072303772,80.2282409668,31273,31283,10
12.9073295593,80.2282409668,31283,31293,10
12.9077796936,80.2283172607,31293,31303,10
12.9083995819,80.2284164429,31303,31314,11
12.9095401764,80.2285995483,31314,31446,132
12.9095401764,80.2285995483,31446,31456,10
12.909819603,80.2286300659,31456,31466,10
12.910320282,80.2287216187,31466,31476,10
12.9111795425,80.2288513184,31476,31486,10
12.9120998383,80.2289733887,31486,31496,10
12.9130897522,80.2291183472,31496,31506,10
12.9141597748,80.2292785645,31506,31526,20
12.9141597748,80.2292785645,31526,31537,11
12.9144496918,80.2292861938,31537,31547,10
12.9151000977,80.2294082642,31547,31557,10
12.9159202576,80.2295074463,31557,31567,10
12.9168395996,80.2296600342,31567,31577,10
12.9176502228,80.2297897339,31577,31587,10
12.9185695648,80.2298965454,31587,31597,10
12.9194002151,80.2300033569,31597,31607,10
12.9195098877,80.2300109863,31607,31617,10
12.9196996689,80.2300262451,31617,31627,10
12.9203195572,80.2301177979,31627,31637,10
12.9210996628,80.23021698,31637,31648,11
12.9222002029,80.2303771973,31648,31658,10
12.9232702255,80.2305374146,31658,31668,10
12.924369812,80.2306976318,31668,31678,10
12.9254198074,80.2308578491,31678,31688,10
12.9263095856,80.2309417725,31688,31708,20
12.9263095856,80.2309417725,31708,31718,10
12.9264001846,80.2309417725,31718,31728,10
12.9264802933,80.2309494019,31728,31738,10
12.9269504547,80.2309875488,31738,31748,10
12.9276399612,80.2310791016,31748,31758,10
12.9285097122,80.2312011719,31758,31769,11
12.9294996262,80.2313766479,31769,31779,10
12.9304599762,80.2316131592,31779,31789,10
12.9315004349,80.231918335,31789,31799,10
12.9324798584,80.2322692871,31799,31809,10
12.9333496094,80.2325820923,31809,31819,10
12.9339103699,80.2328414917,31819,31839,20
12.9339103699,80.2328414917,31839,31849,10
12.9339704514,80.2328720093,31849,31859,10
12.9342899323,80.2330093384,31859,31875,16
12.9351501465,80.2334136963,31875,31888,13
12.935839653,80.2337036133,31888,31898,10
12.9364404678,80.2339935303,31898,31908,10
12.9371795654,80.2343597412,31908,31918,10
12.9379997253,80.2347564697,31918,31928,10
12.9389400482,80.2352294922,31928,31938,10
12.9396600723,80.2355804443,31938,31948,10
12.9399995804,80.2356796265,31948,31958,10
12.9400196075,80.2357025146,31958,31968,10
12.9402503967,80.2358016968,31968,31978,10
12.9407901764,80.2359695435,31978,31988,10
12.941570282,80.2361526489,31988,31999,11
12.9425401688,80.2364273071,31999,32009,10
12.9432201385,80.2368392944,32009,32019,10
12.9437999725,80.2374420166,32019,32030,11
12.9438400269,80.2375488281,32030,32040,10
12.9440202713,80.2378082275,32040,32050,10
12.9443101883,80.238067627,32050,32060,10
12.9448003769,80.2386627197,32060,32070,10
12.9456501007,80.2393493652,32070,32080,10
12.9465103149,80.2396697998,32080,32090,10
12.9473495483,80.2399673462,32090,32111,21
12.9473495483,80.2399673462,32111,32121,10
12.9475498199,80.2400283813,32121,32131,10
12.9478902817,80.2401809692,32131,32141,10
12.948340416,80.2403869629,32141,32151,10
12.9487695694,80.240562439,32151,32161,10
12.9492502213,80.240737915,32161,32171,10
12.9494800568,80.2407836914,32171,32181,10
12.9498996735,80.2409286499,32181,32191,10
12.9503803253,80.2410736084,32191,32201,10
12.9507198334,80.2412033081,32201,32222,21
12.9507198334,80.2412033081,32222,32232,10
12.9509601593,80.2413024902,32232,32242,10
12.9513597488,80.2414398193,32242,32252,10
12.9517602921,80.2415771484,32252,32262,10
12.9522895813,80.2417678833,32262,32272,10
12.9528398514,80.2419891357,32272,32282,10
12.9535503387,80.2422485352,32282,32298,16
12.9546098709,80.2426605225,32298,32310,12
12.9552698135,80.2429122925,32310,32318,8
12.9555702209,80.2430725098,32318,32330,12
12.9563703537,80.2433013916,32330,32351,21
12.9563703537,80.2433013916,32351,32361,10
12.9565000534,80.2434005737,32361,32390,29
12.9565000534,80.2434005737,32390,32401,11
12.9566402435,80.2434616089,32401,32411,10
12.9570903778,80.2436904907,32411,32421,10
12.9577302933,80.2439727783,32421,32430,9
12.9586696625,80.2443313599,32430,32452,22
12.9586696625,80.2443313599,32452,32462,10
12.9588098526,80.244392395,32462,32472,10
12.9590396881,80.2444992065,32472,32482,10
12.9591798782,80.2445373535,32482,32492,10
12.9593696594,80.2446594238,32492,32502,10
12.9598999023,80.2448883057,32502,32512,10
12.9606800079,80.2452316284,32512,32522,10
12.9615602493,80.2456512451,32522,32532,10
12.9624004364,80.24609375,32532,32541,9
12.9631996155,80.2464065552,32541,32573,32
12.9631996155,80.2464065552,32573,32583,10
12.9634504318,80.2465362549,32583,32593,10
12.9634599686,80.2465515137,32593,32603,10
12.9636001587,80.2465362549,32603,32613,10
12.9640598297,80.2467575073,32613,32623,10
12.9646902084,80.2470626831,32623,32633,10
12.9654502869,80.2472763062,32633,32643,10
12.9664402008,80.2476806641,32643,32684,41
12.9664402008,80.2476806641,32684,32694,10
12.9667396545,80.2478637695,32694,32704,10
12.9671497345,80.2480621338,32704,32714,10
12.9678001404,80.248336792,32714,32724,10
12.9686002731,80.2486190796,32724,32734,10
12.9695501328,80.2490234375,32734,32744,10
12.9705400467,80.2493896484,32744,32754,10
12.9714298248,80.249710083,32754,32764,10
12.9721603394,80.2499389648,32764,32774,10
12.9725103378,80.2500305176,32774,32784,10
12.9729099274,80.2501220703,32784,32795,11
12.9734296799,80.2502288818,32795,32805,10
12.9738998413,80.2503662109,32805,32815,10
12.9747800827,80.250541687,32815,32835,20
12.9747800827,80.250541687,32835,32845,10
12.9750204086,80.2506637573,32845,32855,10
12.9755897522,80.250831604,32855,32865,10
12.9763402939,80.2510528564,32865,32875,10
12.9772396088,80.2513580322,32875,32885,10
12.9779596329,80.2518692017,32885,32895,10
12.9785404205,80.2523498535,32895,32906,11
12.978969574,80.2524719238,32906,32916,10
12.9794101715,80.2525100708,32916,32926,10
12.9796800613,80.252532959,32926,32936,10
12.9799203873,80.2522964478,32936,32966,30
12.9799203873,80.2522964478,32966,32976,10
12.980099678,80.2518005371,32976,32986,10
12.9803199768,80.251159668,32986,32996,10
12.9805698395,80.2503128052,32996,33006,10
12.9807300568,80.2492523193,33006,33017,11
12.9808502197,80.2481079102,33017,33027,10
12.9809999466,80.2467498779,33027,33037,10
12.9810800552,80.2455368042,33037,33047,10
12.9812002182,80.2444076538,33047,33057,10
12.9811897278,80.2437210083,33057,33067,10
12.9813299179,80.2435379028,33067,33077,10
12.9813699722,80.2432327271,33077,33087,10
12.9813899994,80.2428588867,33087,33097,10
12.9813995361,80.2428436279,33097,33107,10
12.9814100266,80.2426528931,33107,33117,10
12.9814300537,80.2422409058,33117,33128,11
12.9813899994,80.2414703369,33128,33138,10
12.9814596176,80.2409210205,33138,33148,10
12.9813804626,80.2402420044,33148,33158,10
12.9813404083,80.2396087646,33158,33168,10
12.981300354,80.2389831543,33168,33178,10
12.9812898636,80.2378997803,33178,33208,30
12.9812898636,80.2378997803,33208,33218,10
12.9812803268,80.2375869751,33218,33228,10
12.9812698364,80.2370529175,33228,33238,10
12.9812402725,80.2363204956,33238,33249,11
12.9812402725,80.235458374,33249,33259,10
12.9812002182,80.2346572876,33259,33269,10
12.9812803268,80.23412323,33269,33279,10
12.9814596176,80.233757019,33279,33289,10
12.9816398621,80.2333908081,33289,33299,10
12.9816703796,80.2333297729,33299,33309,10
12.9817199707,80.2332382202,33309,33319,10
12.9818401337,80.2329788208,33319,33329,10
12.982000351,80.2325592041,33329,33339,10
12.9820203781,80.2321624756,33339,33349,10
12.982000351,80.2317810059,33349,33360,11
12.9819402695,80.2312927246,33360,33370,10
12.9817695618,80.2308578491,33370,33380,10
12.9814996719,80.2304077148,33380,33390,10
12.9810800552,80.2297592163,33390,33400,10
12.9808702469,80.2294387817,33400,33410,10
12.9806203842,80.2290115356,33410,33430,20
12.9806203842,80.2290115356,33430,33440,10
12.9805202484,80.228729248,33440,33450,10
12.9803495407,80.2284088135,33450,33460,10
12.9801197052,80.2280807495,33460,33470,10
12.9797201157,80.2274093628,33470,33481,11
12.9792299271,80.2265930176,33481,33491,10
12.978890419,80.2260131836,33491,33501,10
12.9785203934,80.2253799438,33501,33511,10
12.9781703949,80.2247924805,33511,33521,10
12.9779596329,80.2244796753,33521,33531,10
12.9777698517,80.2242584229,33531,33541,10
12.9777202606,80.2241287231,33541,33551,10
12.9774904251,80.223739624,33551,33561,10
12.9771604538,80.22315979,33561,33571,10
12.9769802094,80.2227630615,33571,33581,10
12.9773397446,80.22265625,33581,33602,21
12.9773397446,80.22265625,33602,33612,10
12.977519989,80.22265625,33612,33622,10
12.977689743,80.2221908569,33622,33632,10
12.9775495529,80.2216796875,33632,33642,10
12.9774303436,80.221321106,33642,33652,10
12.9774398804,80.2212982178,33652,33662,10
12.9777498245,80.2211532593,33662,33672,10
12.9782896042,80.2211303711,33672,33682,10
12.979060173,80.2211074829,33682,33692,10
12.97976017,80.2210769653,33692,33702,10
12.9804496765,80.221031189,33702,33713,11
12.9812402725,80.2210998535,33713,33723,10
12.9819202423,80.221496582,33723,33733,10
12.982460022,80.2217636108,33733,33743,10
12.9830503464,80.2220077515,33743,33753,10
12.9831695557,80.2220001221,33753,33763,10
12.9832296371,80.2220611572,33763,33773,10
12.9834804535,80.2221984863,33773,33783,10
12.9839401245,80.2224884033,33783,33793,10
12.9841003418,80.2225799561,33793,33803,10
12.9843997955,80.2228317261,33803,33814,11
12.9850502014,80.2231369019,33814,33824,10
12.9854803085,80.2231826782,33824,33834,10
12.9859104156,80.2229537964,33834,33844,10
12.9863996506,80.2229537964,33844,33864,20
12.9863996506,80.2229537964,33864,33874,10
12.9866600037,80.2229232788,33874,33884,10
12.9868602753,80.2229385376,33884,33894,10
12.9869403839,80.2229385376,33894,33904,10
12.9872703552,80.2230300903,33904,33914,10
12.9876499176,80.2230377197,33914,33925,11
12.9881095886,80.2227706909,33925,33935,10
12.9884500504,80.2225189209,33935,33945,10
12.9888000488,80.2222213745,33945,33955,10
12.989159584,80.2217788696,33955,33965,10
12.9896001816,80.2211990356,33965,33975,10
12.990480423,80.2203598022,33975,33995,20
12.990480423,80.2203598022,33995,34005,10
12.9905900955,80.2202377319,34005,34015,10
12.9909496307,80.2199630737,34015,34025,10
12.9915399551,80.219543457,34025,34035,10
12.9922399521,80.2190475464,34035,34046,11
12.9930400848,80.2184677124,34046,34056,10
12.9937095642,80.2180023193,34056,34066,10
12.9941997528,80.2176437378,34066,34076,10
12.9943599701,80.2175216675,34076,34086,10
12.9945201874,80.2173995972,34086,34096,10
12.9947099686,80.2172393799,34096,34106,10
12.9948596954,80.2171401978,34106,34116,10
12.9949703217,80.2170333862,34116,34125,9
12.99518013,80.2168807983,34125,34136,11
12.9954595566,80.2167282104,34136,34146,10
12.9958200455,80.2165985107,34146,34217,71
12.9958200455,80.2165985107,34217,34227,10
12.9962596893,80.2165298462,34227,34237,10
12.9965000153,80.2164764404,34237,34247,10
12.9969501495,80.2164611816,34247,34257,10
12.9973602295,80.2163772583,34257,34267,10
12.9975996017,80.2160568237,34267,34278,11
12.9976596832,80.2160110474,34278,34288,10
12.9978704453,80.2157974243,34288,34298,10
12.9983196259,80.2154464722,34298,34308,10
12.9988603592,80.2150421143,34308,34318,10
12.9991502762,80.2146911621,34318,34328,10
12.9995803833,80.2143096924,34328,34338,10
13.0000600815,80.2139129639,34338,34348,10
13.0006399155,80.2133789063,34348,34358,10
13.0012397766,80.2129135132,34358,34368,10
13.0017795563,80.2125091553,34368,34378,10
13.0023603439,80.2121963501,34378,34389,11
13.0030603409,80.212020874,34389,34399,10
13.0036201477,80.2119903564,34399,34409,10
13.0036697388,80.2119216919,34409,34419,10
13.0037403107,80.2116775513,34419,34429,10
13.0036697388,80.2111968994,34429,34439,10
13.0035495758,80.2105712891,34439,34449,10
13.0034799576,80.2098388672,34449,34459,10
13.0036401749,80.2090606689,34459,34469,10
13.0041503906,80.2086105347,34469,34479,10
13.0049800873,80.2089691162,34479,34489,10
13.0058202744,80.2093963623,34489,34500,11
13.0064201355,80.209602356,34500,34510,10
13.0069198608,80.2097473145,34510,34520,10
13.0075798035,80.2098083496,34520,34540,20
13.0075798035,80.2098083496,34540,34550,10
13.007610321,80.2098388672,34550,34560,10
13.007900238,80.2099075317,34560,34570,10
13.0081300735,80.2099380493,34570,34580,10
13.0082197189,80.2097167969,34580,34590,10
13.008099556,80.2091293335,34590,34600,10
13.0078201294,80.2083892822,34600,34611,11
13.0076198578,80.2072296143,34611,34621,10
13.0076398849,80.2062072754,34621,34631,10
13.0075597763,80.2054290771,34631,34641,10
13.0075798035,80.2048034668,34641,34651,10
13.0075397491,80.2041931152,34651,34661,10
13.0073900223,80.2035903931,34661,34671,10
13.0071697235,80.2027893066,34671,34681,10
13.0064697266,80.2027435303,34681,34691,10
13.006770134,80.20337677,34691,34701,10
13.0074796677,80.2036514282,34701,34711,10
13.0083198547,80.2037200928,34711,34721,10
13.0093803406,80.2036209106,34721,34732,11
13.0107402802,80.2035903931,34732,34742,10
13.0119600296,80.203742981,34742,34752,10
13.0130195618,80.2039489746,34752,34762,10
13.0136404037,80.2041625977,34762,34772,10
13.0136995316,80.2043762207,34772,34788,16
13.0136003494,80.2046737671,34788,34800,12
13.0135402679,80.2048797607,34800,34810,10
13.0133600235,80.2053527832,34810,34820,10
13.0130701065,80.2060089111,34820,34830,10
13.0128898621,80.2067565918,34830,34841,11
13.0128602982,80.2074890137,34841,34851,10
13.0129003525,80.2079925537,34851,34881,30
13.0129003525,80.2079925537,34881,34891,10
13.0129499435,80.2089004517,34891,34901,10
13.0129404068,80.2092285156,34901,34911,10
13.0131597519,80.2096786499,34911,34921,10
13.0131797791,80.2100524902,34921,34931,10
13.0130596161,80.2105636597,34931,34941,10
13.0128202438,80.2111434937,34941,34951,10
13.0125799179,80.2117233276,34951,34962,11
13.0122003555,80.2121810913,34962,34972,10
13.0121097565,80.2122497559,34972,34982,10
13.0117397308,80.2125091553,34982,34992,10
13.0112600327,80.212310791,34992,35002,10
13.0106296539,80.2117996216,35002,35012,10
13.0101099014,80.2114486694,35012,35022,10
13.0097799301,80.2112197876,35022,35032,10
13.0094995499,80.2110595703,35032,35123,91
13.0095901489,80.2111434937,35123,35143,20
13.0095796585,80.211151123,35143,35173,30
13.0094604492,80.2109603882,35173,35214,41
13.0094604492,80.2109603882,35214,35224,10
13.0096597672,80.2109222412,35224,35295,71
13.0095500946,80.2109375,35295,35416,121
13.0093698502,80.2109680176,35416,35456,40
13.0093698502,80.2109680176,35456,35466,10
13.0094404221,80.2109680176,35466,35476,10
13.0093097687,80.2110366821,35476,35486,10
13.00922966,80.2112197876,35486,35496,10
13.00922966,80.211227417,35496,35506,10
13.0090303421,80.2115097046,35506,35516,10
13.0090503693,80.2116775513,35516,35527,11
13.0090303421,80.2117996216,35527,35547,20
13.0090303421,80.2117996216,35547,35557,10
13.0090703964,80.2120132446,35557,35567,10
13.0092401505,80.2123184204,35567,35577,10
13.0094003677,80.2127532959,35577,35587,10
13.0095796585,80.2132492065,35587,35597,10
13.0099096298,80.2139205933,35597,35607,10
13.0101604462,80.2146530151,35607,35617,10
13.0102596283,80.2154006958,35617,35627,10
13.0104999542,80.2161636353,35627,35637,10
13.0108699799,80.217010498,35637,35648,11
13.0112895966,80.2179031372,35648,35658,10
13.0116195679,80.2188034058,35658,35668,10
13.0120000839,80.2198104858,35668,35678,10
13.0122404099,80.2206268311,35678,35688,10
13.0123300552,80.2210235596,35688,35698,10
13.0123300552,80.221282959,35698,35718,20
13.0123300552,80.221282959,35718,35728,10
13.0124702454,80.2213821411,35728,35738,10
13.0124702454,80.2215805054,35738,35748,10
13.0123300552,80.2218399048,35748,35759,11
13.0125303268,80.2221069336,35759,35769,10
13.0127696991,80.2222366333,35769,35779,10
13.013010025,80.2224807739,35779,35789,10
13.013420105,80.2227630615,35789,35799,10
13.0137996674,80.2232208252,35799,35809,10
13.0139904022,80.223449707,35809,35819,10
13.0142202377,80.2236633301,35819,35829,10
13.0140104294,80.223739624,35829,35839,10
13.0147104263,80.2246398926,35839,35849,10
13.015250206,80.2252807617,35849,35859,10
13.0153799057,80.2256011963,35859,35870,11
13.0149803162,80.2258605957,35870,35880,10
13.0145397186,80.2260818481,35880,35890,10
13.0139198303,80.2262573242,35890,35900,10
13.0131101608,80.2266311646,35900,35910,10
13.0123796463,80.2268218994,35910,35920,10
13.0115995407,80.2270889282,35920,35930,10
13.0107002258,80.2273330688,35930,35946,16
13.0096302032,80.2276611328,35946,35958,12
13.0098104477,80.2269515991,35958,35966,8
13.0100498199,80.2263870239,35966,35978,12
13.0104503632,80.2255630493,35978,35989,11
13.0105304718,80.2251586914,35989,35999,10
13.0107402802,80.2247619629,35999,36009,10
13.010720253,80.2244567871,36009,36018,9
13.0110397339,80.2238616943,36018,36029,11
13.0112400055,80.2233886719,36029,36040,11
13.0111598969,80.2230606079,36040,36049,9
13.0105600357,80.2228088379,36049,36059,10
13.0098104477,80.2224197388,36059,36070,11
13.0088996887,80.2219085693,36070,36080,10
13.0080699921,80.2214202881,36080,36090,10
13.0071001053,80.2209014893,36090,36101,11
13.0060396194,80.220489502,36101,36111,10
13.0050096512,80.2202529907,36111,36121,10
13.0045003891,80.220123291,36121,36131,10
13.0045404434,80.2201004028,36131,36141,10
13.0044002533,80.2201080322,36141,36151,10
13.0036001205,80.2199172974,36151,36161,10
13.0025997162,80.2194213867,36161,36171,10
13.0019598007,80.21875,36171,36181,10
13.0010995865,80.2181777954,36181,36191,10
13.0003595352,80.2176818848,36191,36201,10
12.9994401932,80.2171173096,36201,36212,11
12.9982700348,80.2165603638,36212,36222,10
12.9974403381,80.216293335,36222,36232,10
12.9972696304,80.2163314819,36232,36242,10
12.9974098206,80.2164764404,36242,36252,10
12.9971199036,80.2165603638,36252,36262,10
12.9963703156,80.2165679932,36262,36272,10
12.9964199066,80.2168731689,36272,36282,10
12.9962396622,80.217338562,36282,36292,10
12.9947004318,80.2173233032,36292,36302,10
12.9941396713,80.2177200317,36302,36312,10
12.9934997559,80.2181777954,36312,36322,10
12.9927997589,80.2186965942,36322,36333,11
12.9920396805,80.2194366455,36333,36343,10
12.9913396835,80.2197875977,36343,36353,10
12.9910001755,80.220161438,36353,36363,10
12.9909095764,80.2202072144,36363,36373,10
12.9905796051,80.2204284668,36373,36383,10
12.9900798798,80.2208328247,36383,36393,10
12.9894895554,80.221321106,36393,36403,10
12.989159584,80.2221603394,36403,36413,10
12.9885702133,80.2220306396,36413,36423,10
12.9883203506,80.2228469849,36423,36433,10
12.9877004623,80.2230682373,36433,36454,21
12.9877004623,80.2230682373,36454,36464,10
12.9872703552,80.2230834961,36464,36474,10
12.986749649,80.2230224609,36474,36484,10
12.9858102798,80.2228775024,36484,36494,10
12.9851198196,80.2229690552,36494,36503,9
12.9850196838,80.2230682373,36503,36514,11
12.9844799042,80.2227783203,36514,36523,9
12.9839096069,80.2226028442,36523,36534,11
12.983300209,80.2221908569,36534,36555,21
12.983300209,80.2221908569,36555,36565,10
12.9829902649,80.2219696045,36565,36575,10
12.9826402664,80.221862793,36575,36583,8
12.982219696,80.2217636108,36583,36595,12
12.9814996719,80.221206665,36595,36605,10
12.9810495377,80.2208862305,36605,36615,10
12.9803695679,80.2208786011,36615,36625,10
12.979470253,80.2208328247,36625,36635,10
12.9784898758,80.2207717896,36635,36645,10
12.9773197174,80.2211914063,36645,36655,10
12.9766302109,80.2212219238,36655,36665,10
12.9761400223,80.221282959,36665,36676,11
12.9763202667,80.2215576172,36676,36686,10
12.9764699936,80.2218017578,36686,36726,40
12.9764699936,80.2218017578,36726,36736,10
12.9765195847,80.2218780518,36736,36746,10
12.9766798019,80.2221832275,36746,36756,10
12.9768800735,80.2225570679,36756,36766,10
12.9771795273,80.2229919434,36766,36776,10
12.977519989,80.2235794067,36776,36787,11
12.9778604507,80.2241668701,36787,36797,10
12.9782304764,80.2247619629,36797,36807,10
12.9785404205,80.2253036499,36807,36817,10
12.9788198471,80.2258300781,36817,37029,212
12.9788198471,80.2258300781,37029,37039,10
12.9790000916,80.2261199951,37039,37049,10
12.9792404175,80.2265090942,37049,37059,10
12.9795103073,80.2269592285,37059,37069,10
12.979809761,80.2274780273,37069,37079,10
12.9801902771,80.2280807495,37079,37089,10
12.9805698395,80.2287521362,37089,37099,10
12.9808301926,80.2291793823,37099,37109,10
12.9810600281,80.2295837402,37109,37119,10
12.9816904068,80.2305297852,37119,37140,21
12.9816904068,80.2305297852,37140,37150,10
12.9818096161,80.2307662964,37150,37160,10
12.9819898605,80.2312469482,37160,37170,10
12.9820699692,80.2318725586,37170,37180,10
12.9820804596,80.2321777344,37180,37190,10
12.982049942,80.2324295044,37190,37200,10
12.9819498062,80.2328033447,37200,37210,10
12.9818201065,80.2331008911,37210,37220,10
12.9816198349,80.2335205078,37220,37240,20
12.9816198349,80.2335205078,37240,37251,11
12.9815101624,80.2338027954,37251,37261,10
12.9812698364,80.2343826294,37261,37271,10
12.9812297821,80.2352294922,37271,37287,16
12.9812698364,80.2369384766,37287,37299,12
12.9812898636,80.2376785278,37299,37309,10
12.981300354,80.2379379272,37309,37319,10
12.9813404083,80.2386398315,37319,37339,20
12.9813404083,80.2386398315,37339,37349,10
12.9813404083,80.2388076782,37349,37360,11
12.9813404083,80.2392578125,37360,37370,10
12.9813604355,80.2395324707,37370,37380,10
12.9813699722,80.2399368286,37380,37390,10
12.9813699722,80.2405471802,37390,37400,10
12.9813899994,80.2412185669,37400,37410,10
12.9814100266,80.2416000366,37410,37420,10
12.9814395905,80.2416915894,37420,37430,10
12.9814395905,80.2420196533,37430,37440,10
12.9814300537,80.2422790527,37440,37450,10
12.9814300537,80.2425308228,37450,37471,21
12.9814300537,80.2425308228,37471,37481,10
12.9814796448,80.2426605225,37481,37491,10
12.9814395905,80.2431182861,37491,37501,10
12.9813699722,80.2437896729,37501,37511,10
12.9812498093,80.2446517944,37511,37521,10
12.9811296463,80.2455978394,37521,37531,10
12.9809904099,80.2467193604,37531,37541,10
12.9808597565,80.2479629517,37541,37551,10
12.9807796478,80.2492523193,37551,37561,10
12.9805698395,80.2503967285,37561,37571,10
12.9802904129,80.2515563965,37571,37581,10
12.9800796509,80.2521972656,37581,37592,11
12.9799203873,80.2525405884,37592,37602,10
12.9798603058,80.2527236938,37602,37612,10
12.9794597626,80.2527236938,37612,37622,10
12.978890419,80.2526168823,37622,37632,10
12.9785804749,80.2525863647,37632,37642,10
12.978509903,80.2525100708,37642,37652,10
12.9780502319,80.2521820068,37652,37661,9
12.9774799347,80.2516784668,37661,37672,11
12.9764795303,80.2512207031,37672,37682,10
12.9754199982,80.2509078979,37682,37692,10
12.9743099213,80.2505874634,37692,37703,11
12.9731998444,80.250289917,37703,37713,10
12.9725799561,80.2501525879,37713,37723,10
12.9725799561,80.2501220703,37723,37733,10
12.9723796844,80.2500228882,37733,37743,10
12.971739769,80.2498168945,37743,37753,10
12.9708795547,80.2495498657,37753,37763,10
12.9698200226,80.2492294312,37763,37773,10
12.9687795639,80.2487564087,37773,37783,10
12.9677000046,80.2483291626,37783,37793,10
12.9671602249,80.2481002808,37793,37803,10
12.9667196274,80.2479019165,37803,37813,10
12.9659700394,80.2476425171,37813,37824,11
12.9651002884,80.2473526001,37824,37834,10
12.9650201797,80.2473373413,37834,37844,10
12.9649896622,80.2472915649,37844,37854,10
12.9647703171,80.2472000122,37854,37864,10
12.9647598267,80.2472076416,37864,37874,10
12.9644699097,80.2470703125,37874,37890,16
12.9642496109,80.2470092773,37890,37902,12
12.9640798569,80.2470016479,37902,37910,8
12.9640598297,80.2469787598,37910,37922,12
12.9638595581,80.246887207,37922,37954,32
12.9638595581,80.246887207,37954,37964,10
12.9637699127,80.2468566895,37964,37974,10
12.9634304047,80.2466964722,37974,37984,10
12.9627799988,80.246307373,37984,37994,10
12.9619398117,80.2459106445,37994,38004,10
12.9609298706,80.2454223633,38004,38015,11
12.9598197937,80.2449188232,38015,38025,10
12.9593400955,80.2447891235,38025,38035,10
12.9593496323,80.2447891235,38035,38045,10
12.9590301514,80.2445831299,38045,38056,11
12.9584703445,80.2442932129,38056,38066,10
12.9579496384,80.2440719604,38066,38076,10
12.9573898315,80.2439498901,38076,38086,10
12.9573202133,80.243927002,38086,38096,10
12.9571695328,80.2439193726,38096,38106,10
12.9572296143,80.2440414429,38106,38126,20
12.9572401047,80.2439804077,38126,38157,31
12.9572401047,80.2439804077,38157,38167,10
12.9570398331,80.2439575195,38167,38177,10
12.956870079,80.2439193726,38177,38187,10
12.9567804337,80.2438583374,38187,38197,10
12.9567699432,80.2437973022,38197,38237,40
12.9566402435,80.2438201904,38237,38257,20
12.9566402435,80.2438201904,38257,38267,10
12.9565896988,80.2437973022,38267,38278,11
12.9565000534,80.2436981201,38278,38288,10
12.9563999176,80.2435913086,38288,38298,10
12.9560003281,80.2433319092,38298,38308,10
12.9553403854,80.2429885864,38308,38318,10
12.9546804428,80.2427062988,38318,38328,10
12.9536895752,80.2423019409,38328,38338,10
12.9526500702,80.2419204712,38338,38348,10
12.9515800476,80.2415618896,38348,38358,10
12.9517602921,80.2415771484,38358,38368,10
12.9513196945,80.2415008545,38368,38378,10
12.9506196976,80.2413101196,38378,38388,10
12.9497804642,80.2410888672,38388,38399,11
12.949259758,80.2408676147,38399,38419,20
12.949259758,80.2408676147,38419,38429,10
12.9493198395,80.240737915,38429,38439,10
12.9493198395,80.2407608032,38439,38449,10
12.9492797852,80.2407913208,38449,38459,10
12.9488401413,80.2406616211,38459,38469,10
12.9481401443,80.2403793335,38469,38479,10
12.9474401474,80.2400817871,38479,38489,10
12.9470500946,80.2400588989,38489,38499,10
12.9471197128,80.2400436401,38499,38510,11
12.9468803406,80.2398376465,38510,38520,10
12.9462499619,80.2395706177,38520,38530,10
12.9453802109,80.2392196655,38530,38540,10
12.9446201324,80.2385101318,38540,38550,10
12.9438800812,80.2376937866,38550,38560,10
12.9433603287,80.2370834351,38560,38570,10
12.9432401657,80.2370223999,38570,38580,10
12.9430799484,80.2368774414,38580,38590,10
12.942489624,80.2365570068,38590,38600,10
12.9415903091,80.2362823486,38600,38610,10
12.9406499863,80.2360305786,38610,38621,11
12.9399299622,80.235786438,38621,38631,10
12.9398298264,80.2357177734,38631,38641,10
12.9395399094,80.2355575562,38641,38651,10
12.9388504028,80.2352218628,38651,38661,10
12.9380702972,80.2348022461,38661,38671,10
12.9371900558,80.2343063354,38671,38681,10
12.9361495972,80.23387146,38681,38691,10
12.9352302551,80.2334365845,38691,38701,10
12.9342298508,80.2331085205,38701,38711,10
12.9340000153,80.2330169678,38711,38721,10
12.9338903427,80.2330169678,38721,38731,10
12.9335603714,80.2327575684,38731,38741,10
12.9329099655,80.2324295044,38741,38752,11
12.9319601059,80.2320709229,38752,38762,10
12.9308795929,80.2318191528,38762,38772,10
12.9296503067,80.2314987183,38772,38802,30
12.9296503067,80.2314987183,38802,38812,10
12.929400444,80.2314834595,38812,38822,10
12.9289102554,80.2313995361,38822,38832,10
12.92827034,80.231262207,38832,38842,10
12.9273996353,80.2311096191,38842,38853,11
12.9264802933,80.231048584,38853,38863,10
12.9262304306,80.2310180664,38863,38873,10
12.9261798859,80.2309799194,38873,38883,10
12.9257602692,80.2309112549,38883,38893,10
12.924949646,80.2308273315,38893,38903,10
12.9240398407,80.23072052,38903,38913,10
12.922829628,80.2305526733,38913,38923,10
12.9216604233,80.2303466797,38923,38933,10
12.9205102921,80.2302017212,38933,38943,10
12.9196500778,80.2301635742,38943,38953,10
12.9194097519,80.2301635742,38953,38964,11
12.9191799164,80.2300872803,38964,38974,10
12.9185400009,80.2300109863,38974,38984,10
12.9176902771,80.2298965454,38984,38994,10
12.9168701172,80.229850769,38994,39004,10
12.9159603119,80.2296600342,39004,39014,10
12.9147996902,80.2294769287,39014,39024,10
12.9136800766,80.2293319702,39024,39034,10
12.9132003784,80.2292861938,39034,39044,10
12.9131402969,80.2292175293,39044,39054,10
12.9125404358,80.2291412354,39054,39064,10
12.9115800858,80.2290267944,39064,39074,10
12.9104404449,80.2288894653,39074,39085,11
12.9093904495,80.2286987305,39085,39095,10
12.9084100723,80.2285766602,39095,39145,50
12.9084100723,80.2285766602,39145,39155,10
12.9081802368,80.2285232544,39155,39165,10
12.9075603485,80.2284469604,39165,39175,10
12.9067802429,80.2283172607,39175,39216,41
12.9067802429,80.2283172607,39216,39226,10
12.9066696167,80.2282867432,39226,39236,10
12.90666008,80.2282867432,39236,39246,10
12.906419754,80.2282562256,39246,39256,10
12.9057302475,80.2282333374,39256,39266,10
12.904709816,80.2281570435,39266,39276,10
12.9037904739,80.2281265259,39276,39286,10
12.9027395248,80.2280731201,39286,39296,10
12.9018201828,80.228012085,39296,39417,121
12.901720047,80.2278823853,39417,39438,21
12.901720047,80.2278823853,39438,39448,10
12.9016199112,80.2278366089,39448,39458,10
12.9014396667,80.2279510498,39458,39468,10
12.901309967,80.2280502319,39468,39478,10
12.9010696411,80.2281417847,39478,39488,10
12.9006595612,80.2280731201,39488,39498,10
12.9002304077,80.2279815674,39498,39508,10
12.8998403549,80.228012085,39508,39518,10
12.8997602463,80.2279891968,39518,39528,10
12.8995599747,80.2279815674,39528,39539,11
12.8993501663,80.2279586792,39539,39549,10
12.8992204666,80.2279205322,39549,39559,10
12.8987903595,80.2278671265,39559,39569,10
12.8980197906,80.2278289795,39569,39579,10
12.8970403671,80.2277374268,39579,39589,10
12.8960199356,80.2277069092,39589,39599,10
12.8949899673,80.2276763916,39599,39609,10
12.8940401077,80.2276229858,39609,39619,10
12.8933801651,80.2275390625,39619,39629,10
12.8933200836,80.2275314331,39629,39639,10
12.8931598663,80.2275238037,39639,39649,10
12.8929395676,80.2275085449,39649,39660,11
12.8925600052,80.2273864746,39660,39670,10
12.8920402527,80.2273788452,39670,39680,10
12.8912200928,80.2273406982,39680,39690,10
12.8901100159,80.2273330688,39690,39700,10
12.8892498016,80.2273864746,39700,39710,10
12.8887796402,80.2273864746,39710,39720,10
12.8886203766,80.2274169922,39720,39730,10
12.8882398605,80.2274093628,39730,39740,10
12.8874998093,80.2272872925,39740,39750,10
12.8865995407,80.2269973755,39750,39760,10
12.8855600357,80.2267913818,39760,39770,10
12.8849697113,80.2266921997,39770,39781,11
12.8848600388,80.2266921997,39781,39791,10
12.8843898773,80.2266387939,39791,39801,10
12.8834495544,80.2266769409,39801,39811,10
12.8824100494,80.2266998291,39811,39821,10
12.8811302185,80.2268371582,39821,39831,10
12.8798599243,80.2268829346,39831,39841,10
12.8787603378,80.2268066406,39841,39851,10
12.8776502609,80.2268295288,39851,39861,10
12.8769397736,80.2268829346,39861,39871,10
12.8768997192,80.2268981934,39871,39881,10
12.8766403198,80.2268600464,39881,39892,11
12.8764200211,80.2266387939,39892,39902,10
12.8763999939,80.2266235352,39902,39912,10
12.8764400482,80.2264404297,39912,39922,10
12.8765201569,80.22605896,39922,39938,16
12.8765897751,80.2249679565,39938,39951,13
12.8767595291,80.223739624,39951,39961,10
12.876999855,80.2227630615,39961,39971,10
12.8773403168,80.2215194702,39971,39981,10
12.8776397705,80.2201766968,39981,39991,10
12.8779201508,80.218963623,39991,40001,10
12.8781700134,80.2176971436,40001,40012,11
12.8784399033,80.2164001465,40012,40022,10
12.8786401749,80.2155380249,40022,40032,10
12.8788604736,80.2144622803,40032,40042,10
12.8790798187,80.2133102417,40042,40052,10
12.8792800903,80.2121505737,40052,40062,10
12.8794603348,80.2112503052,40062,40072,10
12.8791799545,80.2109680176,40072,40082,10
12.8791799545,80.2109832764,40082,40092,10
12.8789596558,80.2109680176,40092,40102,10
12.8784999847,80.2108688354,40102,40112,10
12.8777599335,80.2107391357,40112,40123,11
12.8768501282,80.2105484009,40123,40133,10
12.8760404587,80.2104187012,40133,40143,10
12.8747997284,80.2101669312,40143,40163,20
12.8747997284,80.2101669312,40163,40173,10
12.8747701645,80.2101135254,40173,40183,10
12.8744897842,80.2100219727,40183,40193,10
12.8743696213,80.2098236084,40193,40203,10
12.8745498657,80.2095336914,40203,40213,10
12.8747501373,80.2097473145,40213,40223,10
12.8743495941,80.2097625732,40223,40234,11
12.8738203049,80.2096405029,40234,40930,696
12.8738203049,80.2096405029,40930,40940,10
12.8747797012,80.2098007202,40940,40950,10
12.8747301102,80.2099227905,40950,40960,10
12.8747301102,80.2099990845,40960,40970,10
12.875,80.2101364136,40970,40986,16
12.8762397766,80.2104034424,40986,40998,12
12.8769397736,80.2105026245,40998,41007,9
12.8777103424,80.2106628418,41007,41017,10
12.879240036,80.2110214233,41017,41039,22
12.879240036,80.2110214233,41039,41050,11
12.8795003891,80.2112197876,41050,41060,10
12.8793802261,80.2118988037,41060,41070,10
12.8791599274,80.2128601074,41070,41080,10
12.8789796829,80.214050293,41080,41090,10
12.8787498474,80.2151794434,41090,41100,10
12.878490448,80.2163391113,41100,41110,10
12.878279686,80.2173309326,41110,41120,10
12.8781099319,80.2182998657,41120,41130,10
12.8778896332,80.2192001343,41130,41140,10
12.8776702881,80.2200775146,41140,41150,10
12.8774900436,80.2210617065,41150,41160,10
12.8772201538,80.2220687866,41160,41171,11
12.876950264,80.2231369019,41171,41181,10
12.8767404556,80.2240524292,41181,41191,10
12.8766202927,80.2249679565,41191,41201,10
12.8765296936,80.2258529663,41201,41211,10
12.8764200211,80.2265777588,41211,41221,10
12.8764696121,80.226890564,41221,41240,19
12.8764696121,80.226890564,41240,41251,11
12.876660347,80.2269134521,41251,41261,10
12.8770999908,80.2268218994,41261,41271,10
12.8780002594,80.2267608643,41271,41282,11
12.8791303635,80.2266769409,41282,41292,10
12.880279541,80.2266693115,41292,41302,10
12.8815402985,80.2266693115,41302,41312,10
12.8828201294,80.2266693115,41312,41322,10
12.8838300705,80.2266387939,41322,41332,10
12.8848495483,80.2266235352,41332,41342,10
12.8855495453,80.2267227173,41342,41352,10
12.8864202499,80.2269592285,41352,41362,10
12.8875904083,80.2272033691,41362,41372,10
12.8889198303,80.2273025513,41372,41382,10
12.8903102875,80.2273025513,41382,41393,11
12.8916797638,80.2272796631,41393,41403,10
12.8926801682,80.2273483276,41403,41413,10
12.8936395645,80.2274398804,41413,41423,10
12.8942804337,80.2275619507,41423,41433,10
12.8943395615,80.2275390625,41433,41443,10
12.8949699402,80.2275619507,41443,41453,10
12.8958997726,80.2276229858,41453,41463,10
12.897069931,80.2276916504,41463,41473,10
12.8983001709,80.2277374268,41473,41483,10
12.8993797302,80.2277908325,41483,41493,10
12.9001703262,80.2278213501,41493,41503,10
12.9003601074,80.2278518677,41503,41514,11
12.9004898071,80.2278900146,41514,41524,10
12.9008197784,80.2278900146,41524,41534,10
12.9012203217,80.2278823853,41534,41544,10
12.9017000198,80.227897644,41544,41554,10
12.9026699066,80.2279281616,41554,41594,40
12.9026699066,80.2279281616,41594,41604,10
12.9031496048,80.2279586792,41604,41614,10
12.9037904739,80.2279968262,41614,41625,11
12.904709816,80.2280731201,41625,41635,10
12.9056997299,80.2281723022,41635,41645,10
12.9063596725,80.2282028198,41645,41703,58
12.9063596725,80.2282028198,41703,41713,10
12.9066095352,80.2281723022,41713,41723,10
12.9070997238,80.2282333374,41723,41732,9
12.9077396393,80.2282867432,41732,41744,12
12.908659935,80.2284469604,41744,41754,10
12.9095401764,80.2286300659,41754,41763,9
12.9103498459,80.2287368774,41763,41774,11
12.9113502502,80.2289123535,41774,41784,10
12.9124202728,80.229057312,41784,41794,10
12.9132604599,80.2291870117,41794,41804,10
12.9140300751,80.2292633057,41804,41814,10
12.9141397476,80.2293395996,41814,41824,10
12.9145002365,80.2293319702,41824,41834,10
12.9151201248,80.2293777466,41834,41844,10
12.9159202576,80.2295379639,41844,41855,11
12.9168996811,80.2296524048,41855,41865,10
12.9179096222,80.2298278809,41865,41875,10
12.9189395905,80.2299423218,41875,41885,10
12.9193496704,80.2299194336,41885,41895,10
12.919549942,80.2298812866,41895,41905,10
12.92029953,80.2299880981,41905,41915,10
12.9213399887,80.230140686,41915,41925,10
12.9225301743,80.2303771973,41925,41935,10
12.9236097336,80.2305221558,41935,41945,10
12.9247598648,80.230682373,41945,41955,10
12.9257698059,80.2308273315,41955,41966,11
12.9263801575,80.2309112549,41966,41976,10
12.9264297485,80.2309188843,41976,41986,10
12.9269399643,80.2309799194,41986,41996,10
12.9277496338,80.2310791016,41996,42006,10
12.9286699295,80.2312011719,42006,42016,10
12.9294595718,80.2313537598,42016,42026,10
12.930439949,80.231590271,42026,42036,10
12.9315500259,80.2319488525,42036,42046,10
12.9326601028,80.2323303223,42046,42056,10
12.9334602356,80.2326583862,42056,42066,10
12.9335203171,80.2326889038,42066,42076,10
12.9336595535,80.2327423096,42076,42087,11
12.9343004227,80.2330322266,42087,42097,10
12.9351701736,80.2334365845,42097,42107,10
12.9360904694,80.2338790894,42107,42117,10
12.9371595383,80.2343597412,42117,42127,10
12.9382200241,80.2348709106,42127,42137,10
12.9396600723,80.2356033325,42137,42157,20
12.9396600723,80.2356033325,42157,42167,10
12.940079689,80.2355270386,42167,42177,10
12.9410495758,80.2359085083,42177,42187,10
12.9420900345,80.2362289429,42187,42198,11
12.9432096481,80.2368087769,42198,42208,10
12.9438199997,80.2374572754,42208,42218,10
12.9444599152,80.238243103,42218,42228,10
12.9452896118,80.2390975952,42228,42238,10
12.9463701248,80.2395935059,42238,42248,10
12.9471902847,80.2399291992,42248,42258,10
12.9473104477,80.2399673462,42258,42268,10
12.9474401474,80.2400436401,42268,42278,10
12.9479904175,80.2402496338,42278,42288,10
12.9487895966,80.2405471802,42288,42298,10
12.9496097565,80.2408599854,42298,42308,10
12.9504299164,80.2411193848,42308,42319,11
12.9508695602,80.2412796021,42319,42329,10
12.9510202408,80.2413406372,42329,42339,10
12.9510602951,80.241317749,42339,42349,10
12.9514799118,80.2414474487,42349,42359,10
12.9522304535,80.2417602539,42359,42369,10
12.9531898499,80.2421188354,42369,42379,10
12.9537801743,80.2423400879,42379,42389,10
12.9542798996,80.2425384521,42389,42399,10
12.9549398422,80.2427978516,42399,42409,10
12.9557104111,80.2431106567,42409,42419,10
12.9563398361,80.2433395386,42419,42430,11
12.9563503265,80.243347168,42430,42440,10
12.9564399719,80.2433013916,42440,42450,10
12.9569997787,80.243560791,42450,42460,10
12.9578399658,80.2439575195,42460,42470,10
12.958609581,80.2442626953,42470,42480,10
12.9588603973,80.2444076538,42480,42490,10
12.9591903687,80.2445297241,42490,42500,10
12.9597702026,80.2447433472,42500,42510,10
12.9607000351,80.2452392578,42510,42520,10
12.9617795944,80.2457733154,42520,42530,10
12.9628200531,80.246307373,42530,42541,11
12.963139534,80.2464981079,42541,42551,10
12.9632101059,80.2465209961,42551,42561,10
12.9634599686,80.2466125488,42561,42571,10
12.9638795853,80.2468032837,42571,42581,10
12.9645395279,80.2470703125,42581,42591,10
12.9653596878,80.2472763062,42591,42601,10
12.9662103653,80.2476196289,42601,42611,10
12.9666004181,80.2477874756,42611,42621,10
12.9666004181,80.2477798462,42621,42631,10
12.9666900635,80.2478179932,42631,42641,10
12.9671201706,80.2480621338,42641,42651,10
12.9678297043,80.2483520508,42651,42662,11
12.9688501358,80.2486801147,42662,42672,10
12.9700603485,80.2492294312,42672,42682,10
12.971159935,80.2496337891,42682,42692,10
12.9723396301,80.2499694824,42692,42702,10
12.9734897614,80.2502822876,42702,42712,10
12.9745597839,80.250579834,42712,42722,10
12.975810051,80.2509231567,42722,42732,10
12.9771003723,80.2512969971,42732,42742,10
12.9781103134,80.2519836426,42742,42752,10
12.9792604446,80.2525405884,42752,42762,10
12.9799804688,80.252243042,42762,42783,21
12.9799804688,80.252243042,42783,42793,10
12.9800596237,80.2518615723,42793,42803,10
12.9802999496,80.2512207031,42803,42813,10
12.9805402756,80.2502822876,42813,42823,10
12.9807195663,80.2491607666,42823,42833,10
12.9807796478,80.2481384277,42833,42843,10
12.980919838,80.2464904785,42843,42853,10
12.9810695648,80.2451019287,42853,42863,10
12.9811601639,80.2440872192,42863,42873,10
12.9811601639,80.2438964844,42873,42883,10
12.9811897278,80.2437362671,42883,42894,11
12.9813299179,80.2434997559,42894,42904,10
12.9813404083,80.2429962158,42904,42914,10
12.9813499451,80.2428436279,42914,42924,10
12.9813604355,80.2426071167,42924,42934,10
12.981300354,80.2421264648,42934,42944,10
12.9813098907,80.2412872314,42944,42954,10
12.981300354,80.2403182983,42954,42964,10
12.9813098907,80.239616394,42964,42974,10
12.9813203812,80.239112854,42974,42984,10
12.9813299179,80.2384033203,42984,42994,10
12.9813404083,80.2378692627,42994,43005,11
12.9812698364,80.2375488281,43005,43015,10
12.9812402725,80.2368164063,43015,43025,10
12.9812002182,80.2358169556,43025,43035,10
12.9811601639,80.2347488403,43035,43045,10
12.9813804626,80.2338562012,43045,43061,16
12.9816198349,80.2333602905,43061,43073,12
12.9817695618,80.2330703735,43073,43081,8
12.9819602966,80.2325897217,43081,43093,12
12.982000351,80.231880188,43093,43103,10
12.982000351,80.2313537598,43103,43113,10
12.9818096161,80.2308883667,43113,43124,11
12.9814100266,80.2303390503,43124,43134,10
12.9809799194,80.2296524048,43134,43143,9
12.9807796478,80.2294006348,43143,43155,12
12.9805803299,80.2291412354,43155,43165,10
12.9805402756,80.2289962769,43165,43175,10
12.9803104401,80.2286682129,43175,43185,10
12.9800701141,80.2282180786,43185,43195,10
12.9796800613,80.2275466919,43195,43205,10
12.9792995453,80.2269210815,43205,43215,10
12.9790000916,80.226348877,43215,43225,10
12.9786100388,80.2256774902,43225,43236,11
12.9782600403,80.2250366211,43236,43245,9
12.9780702591,80.2247161865,43245,43256,11
12.9778003693,80.2243881226,43256,43266,10
12.9777297974,80.2242736816,43266,43276,10
12.977519989,80.2238922119,43276,43286,10
12.9772596359,80.2234191895,43286,43296,10
12.9771003723,80.2232513428,43296,43306,10
12.9769601822,80.2230072021,43306,43316,10
12.9769697189,80.222869873,43316,43326,10
12.9771699905,80.2227783203,43326,43336,10
12.9773797989,80.222869873,43336,43347,11
12.9777002335,80.2223434448,43347,43357,10
12.9775800705,80.2220306396,43357,43367,10
12.9775104523,80.2216110229,43367,43377,10
12.977640152,80.2212371826,43377,43387,10
12.9776296616,80.221206665,43387,43397,10
12.978099823,80.2210998535,43397,43407,10
12.9786596298,80.2210769653,43407,43417,10
12.9794397354,80.2210922241,43417,43427,10
12.9797096252,80.2210464478,43427,43437,10
12.9801597595,80.2210693359,43437,43447,10
12.9809904099,80.2210006714,43447,43457,10
12.9816102982,80.2212905884,43457,43468,11
12.9820995331,80.2215805054,43468,43478,10
12.9824800491,80.2217178345,43478,43488,10
12.98279953,80.2218017578,43488,43498,10
12.9829101563,80.2218933105,43498,43508,10
12.9831895828,80.2219467163,43508,43517,9
12.9833898544,80.2220993042,43517,43528,11
12.9836397171,80.2223892212,43528,43538,10
12.9840402603,80.2226028442,43538,43548,10
12.9844398499,80.2228164673,43548,43558,10
12.9848203659,80.2231216431,43558,43568,10
12.9851398468,80.2231826782,43568,43579,11
12.98554039,80.2230606079,43579,43589,10
12.9861001968,80.2229537964,43589,43599,10
12.9863595963,80.2229919434,43599,43609,10
12.9865198135,80.2230072021,43609,43619,10
12.986989975,80.2230911255,43619,43629,10
12.9875802994,80.2231903076,43629,43639,10
12.9881801605,80.2230682373,43639,43649,10
12.9886598587,80.2223815918,43649,43659,10
12.9890899658,80.2218170166,43659,43669,10
12.989569664,80.2213668823,43669,43679,10
12.9899597168,80.2207565308,43679,43690,11
12.990480423,80.2203063965,43690,43700,10
12.9904603958,80.2202835083,43700,43710,10
12.9908504486,80.2200393677,43710,43720,10
12.9913597107,80.219581604,43720,43730,10
12.991900444,80.2192687988,43730,43740,10
12.9924898148,80.2188110352,43740,43750,10
12.9931602478,80.2182693481,43750,43760,10
12.9938201904,80.2178268433,43760,43770,10
12.9943704605,80.2174301147,43770,43780,10
12.9947795868,80.2171630859,43780,43790,10
12.9952402115,80.2169036865,43790,43800,10
12.9958696365,80.2166366577,43800,43811,11
12.9966497421,80.2164993286,43811,43821,10
12.9972400665,80.2163772583,43821,43831,10
12.9973602295,80.2162475586,43831,43841,10
12.9974298477,80.2161636353,43841,43851,10
12.9974498749,80.2161331177,43851,43861,10
12.9975795746,80.2160720825,43861,43871,10
12.9978103638,80.2158584595,43871,43881,10
12.9982099533,80.2154998779,43881,43891,10
12.9987697601,80.2150115967,43891,43901,10
12.9991102219,80.2147598267,43901,43911,10
12.9993696213,80.2144775391,43911,43922,11
12.9998598099,80.2141036987,43922,43932,10
13.0003404617,80.2136688232,43932,43942,10
13.0007801056,80.2133026123,43942,43952,10
13.0011396408,80.2130203247,43952,43962,10
13.0017004013,80.2125930786,43962,43972,10
13.0023202896,80.2122192383,43972,43982,10
13.0029096603,80.2121200562,43982,43992,10
13.0035495758,80.2120819092,43992,44002,10
13.0036296844,80.2119979858,44002,44012,10
13.0036401749,80.2116317749,44012,44022,10
13.0036001205,80.2109985352,44022,44033,11
13.0034999847,80.2100830078,44033,44043,10
13.0035600662,80.2091903687,44043,44053,10
13.0038499832,80.2085494995,44053,44063,10
13.0045404434,80.2088699341,44063,44073,10
13.0052204132,80.2091598511,44073,44083,10
13.0057401657,80.2093963623,44083,44093,10
13.0061397552,80.2095413208,44093,44103,10
13.0063295364,80.2095718384,44103,44113,10
13.0066003799,80.2096405029,44113,44123,10
13.0072097778,80.2097320557,44123,44144,21
13.0072097778,80.2097320557,44144,44154,10
13.0073299408,80.2098083496,44154,44164,10
13.0076398849,80.2098693848,44164,44174,10
13.0080499649,80.2099609375,44174,44184,10
13.0080699921,80.2097473145,44184,44194,10
13.0078697205,80.209602356,44194,44214,20
13.0078697205,80.209602356,44214,44224,10
13.0079402924,80.2096481323,44224,44234,10
13.0079298019,80.2096405029,44234,44244,10
13.0079603195,80.2093887329,44244,44254,10
13.0078496933,80.2088775635,44254,44265,11
13.0077600479,80.2081604004,44265,44274,9
13.0077199936,80.2075119019,44274,44285,11
13.0076599121,80.2066574097,44285,44293,8
13.0075702667,80.2059707642,44293,44304,11
13.0075502396,80.205039978,44304,44314,10
13.0075101852,80.2042388916,44314,44325,11
13.0074596405,80.2034606934,44325,44335,10
13.0070800781,80.2024765015,44335,44345,10
13.0065202713,80.2029724121,44345,44355,10
13.0069999695,80.2034072876,44355,44365,10
13.0077400208,80.2036590576,44365,44376,11
13.0085697174,80.2036819458,44376,44386,10
13.0095596313,80.2036209106,44386,44396,10
13.0106601715,80.2036209106,44396,44406,10
13.0116901398,80.2037277222,44406,44416,10
13.0125598907,80.2038574219,44416,44426,10
13.0131998062,80.2040176392,44426,44436,10
13.0137796402,80.2042770386,44436,44446,10
13.0137395859,80.2044525146,44446,44456,10
13.0136804581,80.204498291,44456,44466,10
13.0134401321,80.2048110962,44466,44476,10
13.0132703781,80.2053833008,44476,44486,10
13.0130701065,80.2059020996,44486,44497,11
13.0129404068,80.206451416,44497,44507,10
13.0129299164,80.2069015503,44507,44517,10
13.0130195618,80.2073822021,44517,44527,10
13.0129404068,80.2076187134,44527,44537,10
13.0129299164,80.2078933716,44537,44547,10
13.0128898621,80.2081222534,44547,44557,10
13.0128002167,80.2084579468,44557,44567,10
13.0129098892,80.2087783813,44567,44577,10
13.0128898621,80.2092285156,44577,44587,10
13.0130195618,80.2095794678,44587,44597,10
13.0132198334,80.2098464966,44597,44608,11
13.0131502151,80.2101821899,44608,44618,10
13.0130500793,80.2106399536,44618,44628,10
13.0128002167,80.211151123,44628,44638,10
13.0126199722,80.2115707397,44638,44648,10
13.0123596191,80.2120132446,44648,44658,10
13.0120601654,80.2125015259,44658,44668,10
13.0118703842,80.2127609253,44668,44678,10
13.0116996765,80.2127838135,44678,44688,10
13.0114002228,80.212600708,44688,44698,10
13.0110502243,80.2123031616,44698,44708,10
13.0109596252,80.2122192383,44708,44719,11
13.0107698441,80.2122268677,44719,44729,10
13.0108003616,80.2121429443,44729,44759,30
13.0108003616,80.2121429443,44759,44769,10
13.0106601715,80.2119293213,44769,44779,10
13.0105695724,80.2119064331,44779,44789,10
13.0104999542,80.2117767334,44789,44799,10
13.010430336,80.2117385864,44799,44809,10
13.0100698471,80.2115020752,44809,44829,20
13.0100698471,80.2115020752,44829,44840,11
13.0098304749,80.2114486694,44840,44850,10
13.0095796585,80.2113800049,44850,44870,20
13.0095796585,80.2113800049,44870,44880,10
13.0096101761,80.2112197876,44880,44890,10
13.0096101761,80.2111816406,44890,44940,50
13.0097503662,80.2111206055,44940,45104,164
13.0097503662,80.2111206055,45104,45114,10
13.0094995499,80.2111282349,45114,45124,10
13.0095100403,80.2111206055,45124,45144,20
13.0095100403,80.2111206055,45144,45154,10
13.0094203949,80.211151123,45154,45164,10
13.009519577,80.21118927,45164,45174,10
13.00963974,80.2111816406,45174,45195,21
13.00963974,80.2111816406,45195,45205,10
13.0096797943,80.2112197876,45205,45215,10
13.009469986,80.2111816406,45215,45225,10
13.0094604492,80.2111663818,45225,45235,10
13.0097103119,80.2110977173,45235,45255,20
13.0097103119,80.2110977173,45255,45265,10
13.0092697144,80.2111587524,45265,45275,10
13.0090303421,80.2112579346,45275,45285,10
13.0089502335,80.2114562988,45285,45296,11
13.0091295242,80.2120285034,45296,45306,10
13.0093803406,80.2128601074,45306,45316,10
13.0096998215,80.2136917114,45316,45326,10
13.010020256,80.2144775391,45326,45335,9
13.010140419,80.2151489258,45335,45346,11
13.0103302002,80.2159805298,45346,45356,10
13.0107297897,80.2169189453,45356,45366,10
13.0111503601,80.2178115845,45366,45376,10
13.0115499496,80.2189178467,45376,45386,10
13.0119199753,80.2201309204,45386,45396,10
13.0122299194,80.2210083008,45396,45406,10
13.0123701096,80.2215118408,45406,45417,11
13.0122203827,80.2221832275,45417,45427,10
13.0129003525,80.2226333618,45427,45437,10
13.0136203766,80.2230987549,45437,45453,16
13.0143003464,80.2238235474,45453,45465,12
13.0146303177,80.224822998,45465,45475,10
13.0151796341,80.2251586914,45475,45485,10
13.01541996,80.2254104614,45485,45495,10
13.0152301788,80.2257385254,45495,45505,10
13.014840126,80.2259216309,45505,45515,10
13.0144100189,80.2261199951,45515,45526,11
13.0134296417,80.2264709473,45526,45536,10
13.012550354,80.2267913818,45536,45546,10
13.0117998123,80.2269134521,45546,45556,10
13.0109796524,80.2272567749,45556,45566,10
13.0101604462,80.2276382446,45566,45576,10
13.0096197128,80.2278900146,45576,45586,10
13.0095796585,80.2274093628,45586,45596,10
13.0100898743,80.2267532349,45596,45615,19
13.0106096268,80.225112915,45615,45627,12
13.0108699799,80.2245407104,45627,45635,8
13.0110797882,80.2241210938,45635,45648,13
13.0112400055,80.2235794067,45648,45657,9
13.0112400055,80.2233200073,45657,45667,10
13.0112199783,80.2231369019,45667,45677,10
13.0109395981,80.2230911255,45677,45688,11
13.0104103088,80.2228164673,45688,45697,9
13.0102596283,80.2227935791,45697,45709,12
13.0097999573,80.2225723267,45709,45719,10
13.009059906,80.2223129272,45719,45729,10
13.0085000992,80.2218170166,45729,45739,10
13.0077199936,80.2213668823,45739,45749,10
13.0070199966,80.2209701538,45749,45760,11
13.0064201355,80.2206420898,45760,45770,10
13.0056400299,80.2204589844,45770,45780,10
13.0047302246,80.2203216553,45780,45790,10
13.0040302277,80.220123291,45790,45800,10
13.0030498505,80.2198410034,45800,45810,10
13.0022201538,80.2192764282,45810,45820,10
13.0012903214,80.218536377,45820,45830,10
13.0007801056,80.2181930542,45830,45840,10
13.0007400513,80.2180862427,45840,45850,10
13.000579834,80.2179336548,45850,45860,10
13.0001401901,80.2176437378,45860,45871,11
12.9991598129,80.2171020508,45871,45881,10
12.9982700348,80.2166976929,45881,45891,10
12.9975204468,80.2165985107,45891,45901,10
12.997420311,80.2165603638,45901,45911,10
12.9971599579,80.2166366577,45911,45921,10
12.9968099594,80.2168426514,45921,45931,10
12.9956798553,80.2171783447,45931,45941,10
12.9946603775,80.2174835205,45941,45951,10
12.9940595627,80.2178268433,45951,45961,10
12.9934101105,80.2181777954,45961,45971,10
12.9923801422,80.2186813354,45971,45981,10
12.9914398193,80.2193069458,45981,45992,11
12.9905395508,80.2199707031,45992,46002,10
12.9904699326,80.2199783325,46002,46012,10
12.9901103973,80.2200317383,46012,46022,10
12.989689827,80.2205810547,46022,46032,10
12.9890403748,80.2215423584,46032,46042,10
12.9886302948,80.2223205566,46042,46052,10
12.9881401062,80.2228622437,46052,46062,10
12.9877004623,80.2229614258,46062,46072,10
12.9875497818,80.2229537964,46072,46082,10
12.9874000549,80.2229995728,46082,46092,10
12.9872198105,80.2230377197,46092,46103,11
12.9868497849,80.2229690552,46103,46123,20
12.9868497849,80.2229690552,46123,46133,10
12.986579895,80.2229614258,46133,46143,10
12.9860496521,80.2229614258,46143,46153,10
12.9854297638,80.2232284546,46153,46163,10
12.9851303101,80.2231674194,46163,46173,10
12.9845199585,80.2228469849,46173,46183,10
12.9839696884,80.222618103,46183,46193,10
12.9835395813,80.2223205566,46193,46203,10
12.9832201004,80.2221221924,46203,46214,11
12.9829902649,80.2220611572,46214,46224,10
12.9825897217,80.2219314575,46224,46254,30
12.9823198318,80.2217407227,46254,46294,40
12.9823198318,80.2217407227,46294,46304,10
12.9820995331,80.2216567993,46304,46314,10
12.9819097519,80.2216796875,46314,46324,10
12.9815196991,80.2214431763,46324,46335,11
12.9809303284,80.2210769653,46335,46345,10
12.9804601669,80.2209625244,46345,46355,10
12.9793796539,80.2209777832,46355,46365,10
12.9787902832,80.2210083008,46365,46375,10
12.9784202576,80.2210235596,46375,46385,10
12.9780597687,80.2210083008,46385,46395,10
12.9777498245,80.2209472656,46395,46405,10
12.9767103195,80.2210998535,46405,46415,10
12.9763498306,80.2217712402,46415,46446,31
12.9763498306,80.2217712402,46446,46456,10
12.9765701294,80.2220687866,46456,46466,10
12.976849556,80.2225875854,46466,46476,10
12.9772701263,80.2232513428,46476,46486,10
12.9778003693,80.2240829468,46486,46496,10
12.9781799316,80.2247009277,46496,46512,16
12.9786996841,80.2254714966,46512,46524,12
12.9787502289,80.2255172729,46524,46532,8
12.9789199829,80.2257766724,46532,46544,12
12.9792604446,80.2263793945,46544,46554,10
12.9793796539,80.2265777588,46554,46565,11
12.9796600342,80.227180481,46565,46575,10
12.9801397324,80.2279281616,46575,46585,10
12.980629921,80.2288208008,46585,46595,10
12.9811401367,80.2296829224,46595,46605,10
12.9816999435,80.2304992676,46605,46615,10
12.9818401337,80.2305984497,46615,46625,10
12.9818601608,80.2307281494,46625,46635,10
12.9819097519,80.2311401367,46635,46645,10
12.9819097519,80.2319412231,46645,46655,10
12.9818000793,80.2331085205,46655,46665,10
12.9816703796,80.233543396,46665,46676,11
12.9815502167,80.2336578369,46676,46686,10
12.9814100266,80.2336807251,46686,46696,10
12.9810695648,80.2336730957,46696,46705,9
12.9810495377,80.2345733643,46705,46716,11
12.9811296463,80.2358016968,46716,46726,10
12.9811601639,80.2368164063,46726,46736,10
12.9812202454,80.23777771,46736,46746,10
12.9812602997,80.2383117676,46746,46756,10
12.9812602997,80.2385635376,46756,46766,10
12.9812297821,80.2386398315,46766,46776,10
12.9812202454,80.2390594482,46776,46787,11
12.9812602997,80.239402771,46787,46797,10
12.9812698364,80.2397994995,46797,46807,10
12.9812202454,80.2405014038,46807,46817,10
12.9812602997,80.241317749,46817,46827,10
12.9813098907,80.2420730591,46827,46837,10
12.981300354,80.2424163818,46837,46847,10
12.981180191,80.2426376343,46847,46857,10
12.9812602997,80.2427978516,46857,46867,10
12.9812602997,80.2433166504,46867,46877,10
12.9811601639,80.2442092896,46877,46887,10
12.9810800552,80.2453384399,46887,46897,10
12.9809398651,80.2467727661,46897,46908,11
12.9808301926,80.2482223511,46908,46918,10
12.9806995392,80.2495803833,46918,46928,10
12.9804000854,80.2509307861,46928,46938,10
12.9801597595,80.2519989014,46938,46948,10
12.980099678,80.2520980835,46948,46958,10
12.9800100327,80.2522506714,46958,46968,10
12.979929924,80.2523727417,46968,46978,10
12.9799003601,80.2525787354,46978,46988,10
12.9796199799,80.2526931763,46988,46998,10
12.979180336,80.2526779175,46998,47008,10
12.9787302017,80.2526168823,47008,47019,11
12.9785003662,80.2525024414,47019,47029,10
12.97797966,80.2520828247,47029,47038,9
12.9773597717,80.2515182495,47038,47048,10
12.9761600494,80.2510986328,47048,47059,11
12.9748296738,80.2507400513,47059,47069,10
12.9732999802,80.2503509521,47069,47079,10
12.972530365,80.2501831055,47079,47089,10
12.972240448,80.2500762939,47089,47099,10
12.9714202881,80.2498168945,47099,47109,10
12.9704303741,80.2495574951,47109,47119,10
12.9694299698,80.2491607666,47119,47129,10
12.9683504105,80.2487182617,47129,47140,11
12.9671497345,80.2481994629,47140,47150,10
12.9663496017,80.2478027344,47150,47160,10
12.9654998779,80.2474899292,47160,47170,10
12.9650001526,80.2473831177,47170,47180,10
12.9649200439,80.2473297119,47180,47190,10
12.9645004272,80.2471694946,47190,47200,10
12.9642400742,80.2470703125,47200,47210,10
12.9640798569,80.2470092773,47210,47220,10
12.9638395309,80.2469100952,47220,47230,10
12.9633798599,80.2466888428,47230,47240,10
12.962679863,80.2463378906,47240,47251,11
12.9617595673,80.2459030151,47251,47261,10
12.9608001709,80.2454376221,47261,47271,10
12.9598703384,80.2450332642,47271,47281,10
12.95911026,80.2446899414,47281,47291,10
12.958319664,80.2443618774,47291,47301,10
12.957859993,80.2441635132,47301,47311,10
12.9574804306,80.2440185547,47311,47321,10
12.9570302963,80.2438735962,47321,47382,61
12.9567899704,80.2437362671,47382,47452,70
12.9567899704,80.2437362671,47452,47462,10
12.9564399719,80.2435913086,47462,47472,10
12.9563999176,80.2435302734,47472,47483,11
12.9563903809,80.2435302734,47483,47493,10
12.9562702179,80.2434616089,47493,47503,10
12.9556703568,80.2432022095,47503,47513,10
12.9547996521,80.2428436279,47513,47523,10
12.9539604187,80.2425079346,47523,47533,10
12.9531402588,80.2421417236,47533,47543,10
12.9521198273,80.2417907715,47543,47553,10
12.9515800476,80.2416610718,47553,47563,10
12.9513301849,80.2415237427,47563,47573,10
12.950510025,80.2411422729,47573,47583,10
12.949640274,80.2409362793,47583,47594,11
12.949259758,80.2409210205,47594,47604,10
12.9493398666,80.2408981323,47604,47614,10
12.949259758,80.2409591675,47614,47624,10
12.9489002228,80.2407989502,47624,47634,10
12.9482698441,80.2404708862,47634,47644,10
12.9474401474,80.2401275635,47644,47654,10
12.9470396042,80.239982605,47654,47664,10
12.9468402863,80.239906311,47664,47674,10
12.9462404251,80.2396774292,47674,47684,10
12.9454202652,80.2392883301,47684,47694,10
12.944560051,80.2384414673,47694,47704,10
12.943810463,80.237663269,47704,47715,11
12.9427700043,80.2367401123,47715,47725,10
12.9415302277,80.2362823486,47725,47735,10
12.9402704239,80.2359619141,47735,47745,10
12.9395399094,80.2357711792,47745,47755,10
12.9393796921,80.2356567383,47755,47765,10
12.9387998581,80.2353820801,47765,47775,10
12.9379701614,80.2349395752,47775,47785,10
12.9369802475,80.2344436646,47785,47793,8
12.9363203049,80.2341003418,47793,47805,12
12.9354200363,80.2337493896,47805,47815,10
12.9347200394,80.2333831787,47815,47826,11
12.9339799881,80.233039856,47826,47836,10
12.9338197708,80.2329788208,47836,47846,10
12.9333400726,80.2327728271,47846,47856,10
12.9324598312,80.232421875,47856,47866,10
12.9314203262,80.2319793701,47866,47876,10
12.9302396774,80.2315979004,47876,47885,9
12.9294204712,80.2314376831,47885,47896,11
12.9289197922,80.2314071655,47896,47906,10
12.9289102554,80.2314224243,47906,47916,10
12.9285001755,80.2313232422,47916,47926,10
12.9277000427,80.2311782837,47926,47935,9
12.9267702103,80.231048584,47935,47947,12
12.9253797531,80.2308807373,47947,47957,10
12.9240703583,80.230758667,47957,47967,10
12.9226999283,80.2305679321,47967,47977,10
12.9212598801,80.2303390503,47977,47987,10
12.9198198318,80.2301712036,47987,47997,10
12.9184799194,80.2300415039,47997,48158,161
12.9184799194,80.2300415039,48158,48169,11
12.9184398651,80.2300491333,48169,48179,10
12.9178695679,80.2299575806,48179,48189,10
12.9170398712,80.2298431396,48189,48199,10
12.9160203934,80.2296829224,48199,48209,10
12.9148902893,80.2294998169,48209,48219,10
12.9137802124,80.2293319702,48219,48229,10
12.9132699966,80.2293167114,48229,48239,10
12.9131803513,80.2293167114,48239,48249,10
12.9126396179,80.2292327881,48249,48259,10
12.9117603302,80.2290802002,48259,48269,10
12.9106197357,80.2288970947,48269,48279,10
12.9093399048,80.2286987305,48279,48290,11
12.907959938,80.2284622192,48290,48300,10
12.9069795609,80.2283630371,48300,48330,30
12.9069795609,80.2283630371,48330,48340,10
12.906920433,80.228302002,48340,48350,10
12.9063501358,80.2282485962,48350,48360,10
12.9055099487,80.2282180786,48360,48370,10
12.9046401978,80.2281570435,48370,48380,10
12.9031801224,80.2281036377,48380,48390,10
12.9019203186,80.2280197144,48390,48401,11
12.9011096954,80.2280578613,48401,48411,10
12.9006996155,80.2279586792,48411,48421,10
12.9001502991,80.2279205322,48421,48431,10
12.8992795944,80.2278900146,48431,48451,20
12.8992795944,80.2278900146,48451,48461,10
12.8991203308,80.2278671265,48461,48471,10
12.8984603882,80.2277908325,48471,48481,10
12.8975200653,80.2277297974,48481,48491,10
12.8964500427,80.2276535034,48491,48501,10
12.895409584,80.2276229858,48501,48511,10
12.8944301605,80.2275772095,48511,48522,11
12.8933801651,80.2275009155,48522,48532,10
12.8931903839,80.2275390625,48532,48542,10
12.8930301666,80.2274780273,48542,48552,10
12.8925800323,80.2274398804,48552,48563,11
12.8920202255,80.2273788452,48563,48574,11
12.8910303116,80.2273483276,48574,48583,9
12.8899402618,80.2273712158,48583,48594,11
12.888469696,80.2273483276,48594,48604,10
12.8870801926,80.2271881104,48604,48614,10
12.8856601715,80.2268218994,48614,48624,10
12.8843002319,80.2266769409,48624,48635,11
12.8826999664,80.2266693115,48635,48645,10
12.8812198639,80.2266998291,48645,48655,10
12.8798398972,80.2267303467,48655,48665,10
12.8784599304,80.2267837524,48665,48675,10
12.8772602081,80.2268600464,48675,48685,10
12.8766002655,80.2269515991,48685,48695,10
12.8763399124,80.2267532349,48695,48705,10
12.8763999939,80.2264633179,48705,48715,10
12.8763999939,80.2262268066,48715,48725,10
12.8765296936,80.225440979,48725,48735,10
12.8766899109,80.2244415283,48735,48746,11
12.8769302368,80.2229614258,48746,48756,10
12.8772296906,80.2215499878,48756,48766,10
12.8775997162,80.2200393677,48766,48776,10
12.8779802322,80.2185211182,48776,48786,10
12.8782997131,80.2170410156,48786,48796,10
12.8784799576,80.2159423828,48796,48806,10
12.8786401749,80.2150878906,48806,48816,10
12.8788204193,80.2140579224,48816,48826,10
12.8790597916,80.2127990723,48826,48836,10
12.8793897629,80.2115097046,48836,48846,10
12.8793401718,80.2108612061,48846,48856,10
12.8790597916,80.2109222412,48856,48867,11
12.8789396286,80.2109222412,48867,48877,10
12.8784399033,80.2108306885,48877,48887,10
12.877579689,80.2106704712,48887,48903,16
12.8758401871,80.210319519,48903,48915,12
12.874830246,80.2101364136,48915,48925,10
12.8745203018,80.2100906372,48925,48935,10
12.8745002747,80.2100601196,48935,48945,10
12.8743801117,80.2098236084,48945,48954,9
12.8744602203,80.2095794678,48954,48965,11
12.8749103546,80.2097396851,48965,48975,10
12.8748102188,80.209777832,48975,48986,11
12.8746595383,80.209777832,48986,48995,9
12.8746099472,80.2099075317,48995,49097,102
12.8746099472,80.2099075317,49097,49107,10
12.8748998642,80.2101135254,49107,49117,10
12.8744497299,80.2099914551,49117,49127,10
12.8745298386,80.2098388672,49127,49137,10
12.8747997284,80.2102432251,49137,49147,10
12.8748397827,80.2104415894,49147,49157,10
12.8746204376,80.2099609375,49157,49167,10
12.8746795654,80.2101135254,49167,49177,10
12.874540329,80.2098236084,49177,49228,51
12.874540329,80.2098236084,49228,49238,10
12.8745603561,80.2096176147,49238,49268,30
12.8745603561,80.2096176147,49268,49278,10
12.8747596741,80.2097625732,49278,49288,10
12.8747596741,80.2097702026,49288,49298,10
12.8746404648,80.2097167969,49298,49308,10
12.8746700287,80.2097015381,49308,49318,10
12.8744401932,80.2097167969,49318,49329,11
12.8746995926,80.2098007202,49329,49339,10
12.8746700287,80.2098922729,49339,49349,10
12.8746995926,80.2099685669,49349,49359,10
12.8747501373,80.2098693848,49359,49369,10
12.8746595383,80.2095108032,49369,49379,10
12.8746204376,80.2094802856,49379,49389,10
12.8745603561,80.2097473145,49389,49399,10
12.87458992,80.2098007202,49399,49409,10
12.8746595383,80.2099227905,49409,49419,10
12.8746595383,80.2099914551,49419,49429,10
12.8746204376,80.2098922729,49429,49439,10
12.8746404648,80.2098464966,49439,49450,11
12.8745603561,80.2099075317,49450,49460,10
12.8746404648,80.2099914551,49460,49470,10
12.8747596741,80.2097473145,49470,49480,10
12.8745002747,80.2099075317,49480,49490,10
12.8744001389,80.2100372314,49490,49520,30
12.8745803833,80.2099761963,49520,49641,121
12.8745803833,80.2099761963,49641,49651,10
12.8745498657,80.2097396851,49651,49661,10
12.8744697571,80.2096786499,49661,49672,11
12.8744001389,80.2096862793,49672,49682,10
12.874420166,80.2098083496,49682,49692,10
12.8743200302,80.2099761963,49692,49702,10
12.8741598129,80.2100982666,49702,49833,131
12.8741598129,80.2100982666,49833,49843,10
12.8746995926,80.2098007202,49843,49853,10
12.8747301102,80.2097930908,49853,49883,30
12.8747301102,80.2097930908,49883,49893,10
12.8746099472,80.2098388672,49893,49903,10
12.8744401932,80.2095336914,49903,49914,11
12.874710083,80.2098999023,49914,49924,10
12.8746099472,80.2098083496,49924,49934,10
12.8747396469,80.2100982666,49934,49944,10
12.8746700287,80.2096710205,49944,49954,10
12.8745603561,80.2098312378,49954,49964,10
12.8746900558,80.2097625732,49964,49974,10
12.8746500015,80.2095489502,49974,49984,10
12.8746500015,80.2098693848,49984,49994,10
12.8746795654,80.210067749,49994,50004,10
12.8746099472,80.2097320557,50004,50014,10
12.8746795654,80.2098770142,50014,50025,11
12.8746004105,80.2098388672,50025,50035,10
12.8745603561,80.2098999023,50035,50045,10
12.8745803833,80.2097625732,50045,50055,10
12.8745803833,80.2099761963,50055,50065,10
12.8745298386,80.2099609375,50065,50075,10
12.8745002747,80.2097167969,50075,50085,10
12.8747596741,80.2100601196,50085,50095,10
12.8746404648,80.2100830078,50095,50105,10
12.8746299744,80.2099914551,50105,50115,10
12.8746204376,80.2099533081,50115,50125,10
12.8745603561,80.2099761963,50125,50135,10
12.8744697571,80.2104797363,50135,50206,71
12.8744697571,80.2104797363,50206,50216,10
12.8747396469,80.209602356,50216,50226,10
12.8745002747,80.2096176147,50226,50236,10
12.8746004105,80.2098388672,50236,50246,10
12.8746099472,80.2098693848,50246,50257,11
12.8746404648,80.2098007202,50257,50267,10
12.8746500015,80.2098007202,50267,50277,10
12.8746700287,80.2098236084,50277,50287,10
12.8746595383,80.209777832,50287,50297,10
12.8746595383,80.2098236084,50297,50307,10
12.8746004105,80.2098007202,50307,50327,20
12.8746004105,80.2098007202,50327,50337,10
12.87458992,80.2097167969,50337,50347,10
12.8746204376,80.2097702026,50347,50357,10
12.8746500015,80.2097930908,50357,50368,11
12.8746595383,80.2098312378,50368,50378,10
12.8746099472,80.2098083496,50378,50388,10
12.8746299744,80.2098236084,50388,50398,10
12.8746099472,80.2098083496,50398,50408,10
12.8746004105,80.2098083496,50408,50418,10
12.8746004105,80.209777832,50418,50428,10
12.8746404648,80.2098007202,50428,50438,10
12.8746004105,80.2098007202,50438,50448,10
12.8746099472,80.2098770142,50448,50458,10
12.8746004105,80.2099075317,50458,50468,10
12.8746404648,80.2099380493,50468,50478,10
12.8746204376,80.2100601196,50478,50489,11
12.8746900558,80.2099609375,50489,50499,10
12.8746795654,80.2099609375,50499,50509,10
12.8747301102,80.2099075317,50509,50519,10
12.874710083,80.2099761963,50519,50529,10
12.8747196198,80.2099227905,50529,50539,10
12.8747701645,80.2098388672,50539,50569,30
12.8747701645,80.2098388672,50569,50579,10
12.8745098114,80.2100601196,50579,50630,51
12.8745098114,80.2100601196,50630,50640,10
12.8746204376,80.209602356,50640,50650,10
12.8745803833,80.2098617554,50650,50660,10
12.8747301102,80.2097320557,50660,50670,10
12.8747301102,80.2098312378,50670,50680,10
12.8747196198,80.2100830078,50680,50690,10
12.8750801086,80.2101974487,50690,50700,10
12.8758096695,80.2103500366,50700,50710,10
12.8766698837,80.2105026245,50710,50721,11
12.8776903152,80.2106781006,50721,50731,10
12.8786697388,80.2109222412,50731,50741,10
12.8792200089,80.2110214233,50741,50751,10
12.8793096542,80.2110290527,50751,50761,10
12.8794603348,80.2114715576,50761,50771,10
12.879360199,80.2119293213,50771,50781,10
12.8792695999,80.2123413086,50781,50791,10
12.879119873,80.2131118774,50791,50801,10
12.8789300919,80.2140808105,50801,50811,10
12.8787202835,80.2151565552,50811,50821,10
12.8784399033,80.2163314819,50821,50832,11
12.8781900406,80.2176818848,50832,50842,10
12.8779001236,80.219039917,50842,50852,10
12.8775997162,80.2203369141,50852,50862,10
12.877289772,80.2215881348,50862,50872,10
12.8770198822,80.2228164673,50872,50882,10
12.8767499924,80.2240600586,50882,50891,9
12.8766002655,80.2251968384,50891,50902,11
12.8765001297,80.2261505127,50902,50912,10
12.8764400482,80.2267837524,50912,50922,10
12.876660347,80.2268829346,50922,50932,10
12.8771696091,80.2268829346,50932,50942,10
12.8782997131,80.2267684937,50942,50953,11
12.8797397614,80.2267074585,50953,50963,10
12.8811798096,80.2266921997,50963,50973,10
12.8826503754,80.2266921997,50973,50983,10
12.8840904236,80.2266616821,50983,50993,10
12.8853397369,80.2267227173,50993,51003,10
12.8863601685,80.2269210815,51003,51013,10
12.8865203857,80.2269821167,51013,51023,10
12.887140274,80.2271270752,51023,51033,10
12.888130188,80.2272567749,51033,51043,10
12.8893203735,80.2273178101,51043,51053,10
12.8906097412,80.2273406982,51053,51064,11
12.8919496536,80.2273635864,51064,51074,10
12.8930597305,80.2274475098,51074,51084,10
12.8939199448,80.2275390625,51084,51094,10
12.8942203522,80.2275085449,51094,51104,10
12.8945703506,80.2275390625,51104,51114,10
12.8953800201,80.2275772095,51114,51124,10
12.8964595795,80.2276382446,51124,51134,10
12.8976097107,80.2276992798,51134,51144,10
12.8987197876,80.2277908325,51144,51154,10
12.8997497559,80.2278671265,51154,51164,10
12.9006700516,80.227897644,51164,51263,99
12.9006700516,80.227897644,51263,51273,10
12.9007301331,80.2279663086,51273,51293,20
12.9007301331,80.2279663086,51293,51304,11
12.9009504318,80.2279434204,51304,51314,10
12.9014596939,80.2279891968,51314,51324,10
12.9023199081,80.2280197144,51324,51334,10
12.9031000137,80.2280731201,51334,51345,11
12.9039897919,80.2281112671,51345,51355,10
12.9051399231,80.2281799316,51355,51365,10
12.9061203003,80.2282028198,51365,51375,10
12.9064302444,80.2282104492,51375,51404,29
12.9064302444,80.2282104492,51404,51416,12
12.9065999985,80.2282180786,51416,51426,10
12.9071598053,80.2282867432,51426,51436,10
12.9080696106,80.2284164429,51436,51446,10
12.9092702866,80.2285995483,51446,51456,10
12.9106197357,80.2288208008,51456,51466,10
12.9118299484,80.229019165,51466,51476,10
12.9130296707,80.2291793823,51476,51486,10
12.9140300751,80.2293014526,51486,51496,10
12.9140701294,80.2292785645,51496,51506,10
12.9145898819,80.2293319702,51506,51516,10
12.915430069,80.2294998169,51516,51527,11
12.9166402817,80.2296829224,51527,51537,10
12.9177598953,80.2298431396,51537,51547,10
12.9189796448,80.2300186157,51547,51557,10
12.9202804565,80.2301712036,51557,51567,10
12.9216003418,80.2303390503,51567,51577,10
12.9229001999,80.2305374146,51577,51587,10
12.9242200851,80.2307281494,51587,51597,10
12.9252996445,80.2308578491,51597,51607,10
12.9264202118,80.231010437,51607,51617,10
12.9275999069,80.2311325073,51617,51627,10
12.9287395477,80.2312774658,51627,51637,10
12.9297103882,80.2314605713,51637,51648,11
12.9309597015,80.2317810059,51648,51658,10
12.9321298599,80.2321472168,51658,51668,10
12.9335298538,80.2326889038,51668,51688,20
12.9335298538,80.2326889038,51688,51698,10
12.9336795807,80.2327880859,51698,51708,10
12.9340496063,80.2329177856,51708,51718,10
12.934800148,80.2332763672,51718,51728,10
12.9357500076,80.2336807251,51728,51738,10
12.9367599487,80.234161377,51738,51748,10
12.9378404617,80.234703064,51748,51759,11
12.9388799667,80.2352218628,51759,51769,10
12.9394798279,80.2355194092,51769,51779,10
12.9396400452,80.2355575562,51779,51789,10
12.9398097992,80.2356185913,51789,51799,10
12.9402704239,80.2358322144,51799,51809,10
12.9410800934,80.2360610962,51809,51819,10
12.9418201447,80.2362365723,51819,51829,10
12.9429101944,80.2366485596,51829,51839,10
12.9437503815,80.2373809814,51839,51849,10
12.9445295334,80.2382965088,51849,51859,10
12.9454603195,80.2391815186,51859,51870,11
12.9464101791,80.2395935059,51870,51880,10
12.9469003677,80.2398071289,51880,51890,10
12.946969986,80.2398300171,51890,51900,10
12.947259903,80.2399520874,51900,51910,10
12.9477796555,80.2401809692,51910,51920,10
12.9483499527,80.2404403687,51920,51930,10
12.9483804703,80.2404632568,51930,51940,10
12.9485301971,80.2405166626,51940,51950,10
12.9490404129,80.2407226563,51950,51960,10
12.9497003555,80.2409515381,51960,51970,10
12.9505300522,80.2412261963,51970,51980,10
12.951379776,80.2415084839,51980,51991,11
12.9523200989,80.2418518066,51991,52001,10
12.9533195496,80.2422332764,52001,52011,10
12.9542503357,80.2425765991,52011,52021,10
12.9551000595,80.2429122925,52021,52031,10
12.9564199448,80.2433700562,52031,52051,20
12.9564199448,80.2433700562,52051,52061,10
12.956609726,80.2434387207,52061,52071,10
12.9571199417,80.2437210083,52071,52081,10
12.9579696655,80.2441101074,52081,52091,10
12.9587602615,80.244468689,52091,52102,11
12.9597997665,80.2449188232,52102,52112,10
12.960940361,80.2454376221,52112,52122,10
12.9621601105,80.2460174561,52122,52132,10
12.9630498886,80.2464523315,52132,52142,10
12.9632301331,80.2465515137,52142,52152,10
12.9633197784,80.24659729,52152,52162,10
12.9637203217,80.2468719482,52162,52172,10
12.9645500183,80.2471237183,52172,52182,10
12.9656400681,80.247467041,52182,52192,10
12.9670495987,80.2480316162,52192,52213,21
12.9670495987,80.2480316162,52213,52223,10
12.9672698975,80.2481918335,52223,52233,10
12.968000412,80.2484817505,52233,52243,10
12.9689397812,80.2488632202,52243,52253,10
12.9699296951,80.2492599487,52253,52262,9
12.9709796906,80.2496490479,52262,52273,11
12.9723596573,80.2500228882,52273,52283,10
12.9735803604,80.250328064,52283,52293,10
12.9746599197,80.250617981,52293,52303,10
12.9758195877,80.2509994507,52303,52313,10
12.9770298004,80.2513580322,52313,52323,10
12.9781303406,80.2520370483,52323,52334,11
12.979180336,80.2525787354,52334,52343,9
12.9798202515,80.2525405884,52343,52354,11
12.9799804688,80.252243042,52354,52364,10
12.9799203873,80.252281189,52364,52374,10
12.9800395966,80.2517929077,52374,52384,10
12.9802904129,80.2510070801,52384,52394,10
12.9805297852,80.250038147,52394,52404,10
12.9807100296,80.248916626,52404,52413,9
12.9807701111,80.2479934692,52413,52424,11
12.9808597565,80.2468795776,52424,52433,9
12.9809999466,80.2458267212,52433,52445,12
12.981180191,80.2443389893,52445,52455,10
12.9812402725,80.2436828613,52455,52465,10
12.9813499451,80.2433624268,52465,52475,10
12.9813404083,80.2428588867,52475,52485,10
12.9813404083,80.2428131104,52485,52495,10
12.9813499451,80.2427062988,52495,52505,10
12.9813699722,80.2424316406,52505,52515,10
12.9813804626,80.2421112061,52515,52525,10
12.9813804626,80.2418365479,52525,52535,10
12.9813804626,80.2416305542,52535,52545,10
12.9813699722,80.2412719727,52545,52555,10
12.9813404083,80.240562439,52555,52566,11
12.9813299179,80.2396621704,52566,52576,10
12.9812803268,80.2391662598,52576,52586,10
12.9812602997,80.2379074097,52586,52606,20
12.9812602997,80.2379074097,52606,52616,10
12.9812402725,80.2375030518,52616,52626,10
12.9811697006,80.2368392944,52626,52636,10
12.9811697006,80.2359619141,52636,52646,10
12.9811496735,80.2351303101,52646,52656,10
12.9811897278,80.2342910767,52656,52666,10
12.9813699722,80.2338485718,52666,52677,11
12.9814901352,80.2335968018,52677,52687,10
12.9816102982,80.2333374023,52687,52697,10
12.9816198349,80.2333068848,52697,52707,10
12.9817199707,80.2331314087,52707,52717,10
12.9819002151,80.2326507568,52717,52727,10
12.9819602966,80.2321395874,52727,52737,10
12.9819498062,80.2317428589,52737,52747,10
12.9818696976,80.231262207,52747,52757,10
12.9817304611,80.230796814,52757,52767,10
12.9814796448,80.2303085327,52767,52777,10
12.9810304642,80.2295837402,52777,52788,11
12.9807300568,80.2291030884,52788,52798,10
12.9806203842,80.2289733887,52798,52808,10
12.9806098938,80.2289428711,52808,52818,10
12.9804801941,80.2287216187,52818,52828,10
12.9802703857,80.2282867432,52828,52838,10
12.9799804688,80.227722168,52838,52848,10
12.9795703888,80.2270278931,52848,52858,10
12.9791297913,80.2263793945,52858,52868,10
12.9787101746,80.225692749,52868,52878,10
12.978219986,80.224861145,52878,52888,10
12.9778203964,80.2243423462,52888,52899,11
12.9777002335,80.2240982056,52899,52909,10
12.9774999619,80.2237472534,52909,52919,10
12.9771995544,80.2232437134,52919,52929,10
12.9769697189,80.2228012085,52929,52939,10
12.9771003723,80.2225418091,52939,52959,20
12.9771003723,80.2225418091,52959,52969,10
12.9774599075,80.2226333618,52969,52979,10
12.9774599075,80.2223815918,52979,52989,10
12.9773702621,80.2217330933,52989,52999,10
12.977399826,80.2214584351,52999,53009,10
12.9776802063,80.2211990356,53009,53020,11
12.9782896042,80.2210769653,53020,53030,10
12.9791498184,80.2210617065,53030,53040,10
12.9801197052,80.2210388184,53040,53050,10
12.9809598923,80.2210235596,53050,53060,10
12.9813995361,80.2212982178,53060,53070,10
12.981710434,80.2214736938,53070,53080,10
12.9819297791,80.2215576172,53080,53090,10
12.9822797775,80.2217330933,53090,53100,10
12.9826202393,80.221862793,53100,53110,10
12.9827899933,80.2219085693,53110,53120,10
12.9828596115,80.2219390869,53120,53130,10
12.9830999374,80.2221603394,53130,53141,11
12.9835796356,80.2224578857,53141,53151,10
12.9840402603,80.2227325439,53151,53161,10
12.98458004,80.2230834961,53161,53171,10
12.9851703644,80.2233200073,53171,53181,10
12.9856004715,80.2232131958,53181,53191,10
12.986000061,80.2229614258,53191,53201,10
12.9861497879,80.2229309082,53201,53211,10
12.9865102768,80.2229614258,53211,53221,10
12.9868097305,80.2230300903,53221,53231,10
12.9870901108,80.2230682373,53231,53242,11
12.9877099991,80.2230300903,53242,53252,10
12.9882698059,80.2225875854,53252,53262,10
12.9889202118,80.2221298218,53262,53272,10
12.98939991,80.2213592529,53272,53282,10
12.9898900986,80.2206497192,53282,53292,10
12.9904403687,80.2201385498,53292,53302,10
12.9905900955,80.220123291,53302,53312,10
12.99077034,80.2200012207,53312,53322,10
12.9910001755,80.2197875977,53322,53332,10
12.9914598465,80.2193603516,53332,53342,10
12.9919996262,80.21900177,53342,53352,10
12.9925699234,80.2185821533,53352,53363,11
12.9933204651,80.2181015015,53363,53373,10
12.9940795898,80.2175827026,53373,53383,10
12.9946699142,80.2171325684,53383,53393,10
12.9951400757,80.2167434692,53393,53403,10
12.9956998825,80.2164382935,53403,53413,10
12.9966402054,80.2164077759,53413,53423,10
12.9970302582,80.2163925171,53423,53433,10
12.9973602295,80.2161636353,53433,53443,10
12.9975004196,80.2160415649,53443,53453,10
12.9978103638,80.2158203125,53453,53463,10
12.9982595444,80.2153625488,53463,53474,11
12.9986801147,80.2147598267,53474,53484,10
12.999130249,80.21459198,53484,53494,10
12.9995498657,80.2142028809,53494,53504,10
13.0000200272,80.2137985229,53504,53514,10
13.0005903244,80.2133102417,53514,53524,10
13.0010299683,80.2127227783,53524,53534,10
13.0012998581,80.2121124268,53534,53544,10
13.0020103455,80.2118530273,53544,53554,10
13.0027198792,80.2119216919,53554,53564,10
13.0032501221,80.2119369507,53564,53574,10
13.0034799576,80.2119979858,53574,53585,11
13.0035295486,80.2118606567,53585,53595,10
13.003660202,80.211807251,53595,53605,10
13.003660202,80.2115402222,53605,53615,10
13.0036296844,80.2107620239,53615,53625,10
13.0035495758,80.2101593018,53625,53635,10
13.0035295486,80.2094802856,53635,53645,10
13.003660202,80.2088699341,53645,53655,10
13.0041103363,80.2086410522,53655,53665,10
13.0048799515,80.2090072632,53665,53675,10
13.005689621,80.2093582153,53675,53685,10
13.0063199997,80.2095794678,53685,53695,10
13.0068798065,80.2097396851,53695,53706,11
13.0070800781,80.2097473145,53706,53716,10
13.0072002411,80.2098083496,53716,53726,10
13.0076503754,80.2099075317,53726,53736,10
13.0081300735,80.2099990845,53736,53746,10
13.0082197189,80.2098693848,53746,53756,10
13.0080900192,80.2092590332,53756,53766,10
13.0079202652,80.2084579468,53766,53776,10
13.0078001022,80.2076797485,53776,53786,10
13.0076198578,80.2068405151,53786,53796,10
13.007519722,80.2058792114,53796,53806,10
13.0075101852,80.2048873901,53806,53823,17
13.0074501038,80.2034225464,53823,53835,12
13.0071697235,80.2024993896,53835,53845,10
13.0065402985,80.2028884888,53845,53855,10
13.0070104599,80.2035217285,53855,53865,10
13.0078401566,80.203742981,53865,53874,9
13.008769989,80.2036972046,53874,53886,12
13.0102996826,80.2036590576,53886,53896,10
13.0116796494,80.2037582397,53896,53905,9
13.0129098892,80.2039489746,53905,53916,11
13.0137195587,80.204246521,53916,53926,10
13.0137395859,80.2042922974,53926,53937,11
13.0136604309,80.2044830322,53937,53947,10
13.0136003494,80.2046890259,53947,53957,10
13.0134096146,80.2051391602,53957,53967,10
13.0131902695,80.2057723999,53967,53977,10
13.0130395889,80.2066726685,53977,53988,11
13.0129995346,80.2074737549,53988,53998,10
13.0128602982,80.2078933716,53998,54007,9
13.0128803253,80.2082672119,54007,54017,10
13.0129299164,80.2086334229,54017,54028,11
13.0129995346,80.2092666626,54028,54037,9
13.013299942,80.2100372314,54037,54049,12
13.0130796432,80.2107620239,54049,54059,10
13.0126800537,80.2116622925,54059,54069,10
13.0122203827,80.2124633789,54069,54079,10
13.0119600296,80.212852478,54079,54089,10
13.0118198395,80.2128601074,54089,54099,10
13.0114498138,80.2125320435,54099,54108,9
13.0109500885,80.2121734619,54108,54119,11
13.010430336,80.2118225098,54119,54129,10
13.0101995468,80.2116317749,54129,54180,51
13.0101995468,80.2116317749,54180,54190,10
13.0099000931,80.2113876343,54190,54240,50
13.0095596313,80.2111968994,54240,54281,41
13.0093898773,80.2109985352,54281,54392,111
13.0093898773,80.2109985352,54392,54402,10
13.0094604492,80.2110977173,54402,54482,80
13.0094604492,80.2110977173,54482,54492,10
13.0092802048,80.2111206055,54492,54503,11
13.0092201233,80.2113876343,54503,54513,10
13.0091295242,80.2117004395,54513,54523,10
13.0092601776,80.2121963501,54523,54533,10
13.0094995499,80.2129898071,54533,54543,10
13.0098199844,80.2138824463,54543,54553,10
13.0101499557,80.2146987915,54553,54563,10
13.0102500916,80.2155914307,54563,54573,10
13.0105104446,80.216217041,54573,54583,10
13.0110197067,80.2172470093,54583,54593,10
13.0114002228,80.218208313,54593,54603,10
13.0117101669,80.2192611694,54603,54613,10
13.0119304657,80.2202987671,54613,54623,10
13.0122299194,80.2212600708,54623,54634,11
13.0124902725,80.2218093872,54634,54644,10
13.012550354,80.2220916748,54644,54654,10
13.0133895874,80.2228622437,54654,54664,10
13.013999939,80.2235336304,54664,54674,10
13.0144195557,80.2239379883,54674,54684,10
13.0150203705,80.2245864868,54684,54694,10
13.0155696869,80.2251968384,54694,54704,10
13.01541996,80.2256698608,54704,54714,10
13.0150003433,80.2259216309,54714,54724,10
13.0145397186,80.2260971069,54724,54735,11
13.013879776,80.2263870239,54735,54745,10
13.0131597519,80.2266387939,54745,54755,10
13.0123796463,80.2269210815,54755,54765,10
13.0116701126,80.2272033691,54765,54775,10
13.0109195709,80.2274780273,54775,54791,16
13.0098304749,80.227897644,54791,54803,12
13.0094099045,80.2276382446,54803,54811,8
13.00963974,80.2272186279,54811,54822,11
13.0100097656,80.2265472412,54822,54833,11
13.010310173,80.2257766724,54833,54843,10
13.0104503632,80.2253723145,54843,54854,11
13.0106096268,80.2251815796,54854,54864,10
13.0108098984,80.2247390747,54864,54874,10
13.0110197067,80.2242507935,54874,54883,9
13.0111999512,80.2236099243,54883,54894,11
13.0112400055,80.2229995728,54894,54904,10
13.0107898712,80.2229232788,54904,54914,10
13.0101099014,80.2226028442,54914,54924,10
13.0092401505,80.2221374512,54924,54934,10
13.0083198547,80.2215881348,54934,54944,10
13.007229805,80.2210464478,54944,54954,10
13.0066699982,80.2208480835,54954,54964,10
13.0059404373,80.2206802368,54964,54975,11
13.0049495697,80.220451355,54975,54991,16
13.0043697357,80.2202987671,54991,55003,12
13.0035495758,80.2201690674,55003,55011,8
13.0029001236,80.2198486328,55011,55022,11
13.0022201538,80.2191619873,55022,55034,12
13.001250267,80.2183990479,55034,55044,10
13.0005903244,80.2179412842,55044,55054,10
12.9999504089,80.2175369263,55054,55064,10
12.9990797043,80.2170715332,55064,55073,9
12.9981803894,80.2166976929,55073,55085,12
12.9974002838,80.2165374756,55085,55095,10
12.9972696304,80.2164916992,55095,55105,10
12.9967603683,80.216583252,55105,55115,10
12.9960002899,80.2168579102,55115,55125,10
12.9953203201,80.217086792,55125,55135,10
12.9950504303,80.2171630859,55135,55145,10
12.9947595596,80.2173080444,55145,55155,10
12.9943599701,80.2175827026,55155,55165,10
12.9938001633,80.217880249,55165,55175,10
12.993180275,80.2183609009,55175,55185,10
12.9926300049,80.2189483643,55185,55196,11
12.9920701981,80.2194900513,55196,55206,10
12.9915103912,80.2198562622,55206,55216,10
12.9909296036,80.2202301025,55216,55236,20
12.9909296036,80.2202301025,55236,55246,10
12.9906997681,80.2203903198,55246,55256,10
12.9904603958,80.2205276489,55256,55266,10
12.9900197983,80.2208328247,55266,55276,10
12.9894199371,80.2213287354,55276,55286,10
12.9890604019,80.2217407227,55286,55296,10
12.9886302948,80.2223587036,55296,55306,10
12.9880304337,80.2230300903,55306,55317,11
12.9872703552,80.2230606079,55317,55337,20
12.9872703552,80.2230606079,55337,55347,10
12.987039566,80.2230987549,55347,55357,10
12.986700058,80.2230911255,55357,55367,10
12.9861001968,80.2231369019,55367,55377,10
12.9855003357,80.2233276367,55377,55387,10
12.984919548,80.2231369019,55387,55397,10
12.9843902588,80.2230072021,55397,55407,10
12.983880043,80.2228088379,55407,55417,10
12.9834098816,80.2223205566,55417,55428,11
12.9833297729,80.2221679688,55428,55438,10
12.983039856,80.2219467163,55438,55448,10
12.9828395844,80.2219085693,55448,55458,10
12.9825801849,80.221862793,55458,55468,10
12.9821195602,80.2216796875,55468,55478,10
12.9816398621,80.2214508057,55478,55494,16
12.9804496765,80.2211685181,55494,55506,12
12.9794597626,80.2212295532,55506,55514,8
12.9788503647,80.2212524414,55514,55525,11
12.978099823,80.2212982178,55525,55536,11
12.9772500992,80.2213592529,55536,55547,11
12.9764404297,80.2213821411,55547,55559,12
12.9764299393,80.221862793,55559,55579,20
12.9764299393,80.221862793,55579,55589,10
12.9765100479,80.2219467163,55589,55598,9
12.976770401,80.2225189209,55598,55609,11
12.9772796631,80.2233810425,55609,55619,10
12.9778795242,80.2242202759,55619,55628,9
12.9782495499,80.224822998,55628,55639,11
12.9787197113,80.2256393433,55639,55648,9
12.9791202545,80.2264022827,55648,55660,12
12.979640007,80.2273025513,55660,55670,10
12.9801502228,80.2280578613,55670,55680,10
12.9806203842,80.2290420532,55680,55690,10
12.9810695648,80.2297592163,55690,55700,10
12.9815797806,80.2304992676,55700,55710,10
12.9816703796,80.2305297852,55710,55720,10
12.981760025,80.2309188843,55720,55730,10
12.9819498062,80.2316436768,55730,55740,10
12.9819898605,80.2324295044,55740,55750,10
12.9818496704,80.2330169678,55750,55760,10
12.9816999435,80.2334136963,55760,55773,13
12.9816598892,80.233543396,55773,55783,10
12.9814796448,80.2338485718,55783,55793,10
12.9812898636,80.2344284058,55793,55803,10
12.9812698364,80.2354202271,55803,55813,10
12.9812602997,80.2364730835,55813,55823,10
12.9812698364,80.2372817993,55823,55833,10
12.9812698364,80.2381591797,55833,55843,10
12.9812803268,80.2387237549,55843,55853,10
12.9812803268,80.2387313843,55853,55863,10
12.9812898636,80.2388381958,55863,55873,10
12.981300354,80.2393493652,55873,55884,11
12.9813499451,80.2399368286,55884,55894,10
12.9813995361,80.2406082153,55894,55904,10
12.9813995361,80.2414474487,55904,55914,10
12.9814195633,80.2420196533,55914,55924,10
12.9814195633,80.2424316406,55924,55933,9
12.9814996719,80.2427597046,55933,55944,11
12.9815597534,80.2429275513,55944,55954,10
12.9815597534,80.2434921265,55954,55964,10
12.9814100266,80.2440795898,55964,55974,10
12.9812402725,80.2450180054,55974,55984,10
12.9811000824,80.2461929321,55984,55995,11
12.9809303284,80.2476425171,55995,56005,10
12.980799675,80.2489700317,56005,56014,9
12.9806404114,80.250038147,56014,56025,11
12.9803304672,80.2511978149,56025,56035,10
12.9800395966,80.252281189,56035,56055,20
12.9800395966,80.252281189,56055,56065,10
12.9799499512,80.2524719238,56065,56085,20
12.9799499512,80.2524719238,56085,56095,10
12.979809761,80.2526931763,56095,56105,10
12.9795598984,80.252822876,56105,56116,11
12.9788799286,80.2527313232,56116,56126,10
12.9785900116,80.2526321411,56126,56136,10
12.9784803391,80.2524795532,56136,56146,10
12.9779195786,80.2519989014,56146,56156,10
12.9770498276,80.2514419556,56156,56166,10
12.9759998322,80.2510681152,56166,56176,10
12.9748497009,80.2506866455,56176,56186,10
12.9735002518,80.2503509521,56186,56196,10
12.9720497131,80.249961853,56196,56206,10
12.9705495834,80.2496032715,56206,56216,10
12.9691400528,80.2490615845,56216,56227,11
12.9678001404,80.2485122681,56227,56237,10
12.9668197632,80.2480392456,56237,56246,9
12.9659404755,80.2476501465,56246,56257,11
12.965089798,80.2473678589,56257,56267,10
12.9650402069,80.2473831177,56267,56277,10
12.9650201797,80.2473297119,56277,56287,10
12.9646396637,80.2471694946,56287,56297,10
12.9636297226,80.2468185425,56297,56317,20
12.9636297226,80.2468185425,56317,56327,10
12.9632902145,80.2466583252,56327,56337,10
12.9626998901,80.2463531494,56337,56348,11
12.9617395401,80.2458496094,56348,56358,10
12.9607601166,80.2453918457,56358,56368,10
12.9598503113,80.2450027466,56368,56378,10
12.9593400955,80.2447891235,56378,56388,10
12.9590797424,80.2446594238,56388,56398,10
12.9585399628,80.2444000244,56398,56408,10
12.9579401016,80.2441711426,56408,56418,10
12.9573097229,80.2439804077,56418,56428,10
12.9568595886,80.2438583374,56428,56479,51
12.9565496445,80.2437591553,56479,56529,50
12.9565496445,80.2437591553,56529,56539,10
12.9562597275,80.2436065674,56539,56549,10
12.9556903839,80.2432174683,56549,56559,10
12.9548397064,80.2428588867,56559,56569,10
12.9538898468,80.2424697876,56569,56580,11
12.9527301788,80.2419891357,56580,56590,10
12.9518203735,80.2416915894,56590,56600,10
12.9516801834,80.2416687012,56600,56610,10
12.9511804581,80.2415084839,56610,56620,10
12.9504804611,80.2412872314,56620,56630,10
12.9498195648,80.2410583496,56630,56640,10
12.9491500854,80.2408065796,56640,56650,10
12.9484395981,80.2405319214,56650,56660,10
12.9476900101,80.240196228,56660,56670,10
12.9472198486,80.2400283813,56670,56680,10
12.9471797943,80.2399978638,56680,56691,11
12.9469804764,80.2398986816,56691,56701,10
12.946439743,80.2396774292,56701,56711,10
12.9456701279,80.2393417358,56711,56721,10
12.9449596405,80.2387619019,56721,56731,10
12.9442796707,80.2380218506,56731,56741,10
12.9435396194,80.2372512817,56741,56751,10
12.942779541,80.2366333008,56751,56761,10
12.9415903091,80.2362670898,56761,56771,10
12.9403600693,80.2359466553,56771,56781,10
12.9398202896,80.2358016968,56781,56791,10
12.9398002625,80.235786438,56791,56802,11
12.9392499924,80.2355499268,56802,56812,10
12.9384803772,80.235168457,56812,56822,10
12.9374799728,80.2346572876,56822,56832,10
12.9362897873,80.2340927124,56832,56842,10
12.9352502823,80.2335891724,56842,56852,10
12.9341402054,80.2331008911,56852,56862,10
12.9338302612,80.233001709,56862,56872,10
12.9336595535,80.2329406738,56872,56882,10
12.9330997467,80.2326812744,56882,56892,10
12.9322395325,80.2323226929,56892,56902,10
12.9312200546,80.2319412231,56902,56912,10
12.9300498962,80.2315826416,56912,56923,11
12.928850174,80.2313308716,56923,56933,10
12.9276399612,80.2311630249,56933,56943,10
12.9264497757,80.2310714722,56943,56953,10
12.9260101318,80.231086731,56953,56964,11
12.9255800247,80.2310333252,56964,56974,10
12.9247999191,80.2308883667,56974,56984,10
12.9243497849,80.2308273315,56984,56994,10
12.9238004684,80.23072052,56994,57004,10
12.9228496552,80.2305679321,57004,57014,10
12.921500206,80.2303924561,57014,57024,10
12.9201698303,80.2302322388,57024,57035,11
12.9192495346,80.2301101685,57035,57045,10
12.9187402725,80.2300109863,57045,57055,10
12.9178304672,80.2298965454,57055,57065,10
12.9169197083,80.2297363281,57065,57075,10
12.9157400131,80.2295837402,57075,57085,10
12.9144802094,80.2294235229,57085,57095,10
12.9133996964,80.2293624878,57095,57105,10
12.9131498337,80.2293319702,57105,57115,10
12.9125900269,80.2292327881,57115,57125,10
12.9117498398,80.2290878296,57125,57135,10
12.9106302261,80.2288970947,57135,57146,11
12.9092102051,80.2286682129,57146,57156,10
12.9080295563,80.2284927368,57156,57166,10
12.9073295593,80.2284011841,57166,57176,10
12.9072999954,80.2283782959,57176,57186,10
12.9069595337,80.2283401489,57186,57196,10
12.9063596725,80.2282714844,57196,57206,10
12.9054002762,80.2282333374,57206,57216,10
12.9044399261,80.228187561,57216,57226,10
12.903260231,80.2281265259,57226,57236,10
12.9021501541,80.2280807495,57236,57246,10
12.9014997482,80.2280578613,57246,57297,51
12.9014997482,80.2280578613,57297,57307,10
12.9013004303,80.2280731201,57307,57317,10
12.9008998871,80.2280426025,57317,57327,10
12.9002103806,80.2279281616,57327,57337,10
12.8994903564,80.2279205322,57337,57347,10
12.8993902206,80.2279129028,57347,57357,10
12.8992595673,80.2278823853,57357,57367,10
12.8987398148,80.2278289795,57367,57378,11
12.8977203369,80.2277832031,57378,57387,9
12.8966598511,80.2277297974,57387,57397,10
12.8953399658,80.2276916504,57397,57408,11
12.8939800262,80.2276229858,57408,57418,10
12.8932600021,80.2275619507,57418,57428,10
12.892999649,80.2275085449,57428,57438,10
12.8923997879,80.2274398804,57438,57448,10
12.8916196823,80.2274093628,57448,57458,10
12.8906202316,80.2274093628,57458,57468,10
12.8894796371,80.2274017334,57468,57478,10
12.8885803223,80.2273864746,57478,57489,11
12.8884000778,80.2273864746,57489,57499,10
12.8880796432,80.2273406982,57499,57509,10
12.8873596191,80.2272033691,57509,57519,10
12.8863096237,80.2269821167,57519,57529,10
12.8851499557,80.2267913818,57529,57539,10
12.8847904205,80.2267684937,57539,57549,10
12.8844003677,80.2267532349,57549,57567,18
12.8827400208,80.2267379761,57567,57579,12
12.8811302185,80.2267303467,57579,57589,10
12.8797397614,80.2267379761,57589,57599,10
12.8782701492,80.2268218994,57599,57610,11
12.8766002655,80.2269592285,57610,57640,30
12.8766002655,80.2269592285,57640,57650,10
12.8764200211,80.2267990112,57650,57660,10
12.8764295578,80.226600647,57660,57670,10
12.8765001297,80.2260818481,57670,57680,10
12.8765802383,80.225227356,57680,57690,10
12.8767595291,80.2241134644,57690,57700,10
12.8770399094,80.2227783203,57700,57710,10
12.8773803711,80.2213363647,57710,57721,11
12.8777599335,80.2196807861,57721,57731,10
12.8781099319,80.2181625366,57731,57741,10
12.8783597946,80.2168273926,57741,57751,10
12.878660202,80.215461731,57751,57761,10
12.8789796829,80.214012146,57761,57771,10
12.8792695999,80.212562561,57771,57781,10
12.8794498444,80.2113876343,57781,57791,10
12.8793497086,80.2109832764,57791,57801,10
12.879240036,80.2109832764,57801,57811,10
12.8788995743,80.2109375,57811,57821,10
12.8783502579,80.2108612061,57821,57831,10
12.8775501251,80.2107009888,57831,57842,11
12.8767499924,80.2105102539,57842,57852,10
12.8760204315,80.2104263306,57852,57862,10
12.8752002716,80.2102966309,57862,57872,10
12.8743696213,80.2101287842,57872,57892,20
12.8743696213,80.2101287842,57892,57901,9
12.8743200302,80.2101287842,57901,57912,11
12.874329567,80.209777832,57912,57922,10
12.8746299744,80.209602356,57922,57932,10
12.8747396469,80.2097320557,57932,57942,10
12.8747501373,80.2097625732,57942,57953,11
12.8747797012,80.2099304199,57953,57963,10
12.874710083,80.2099609375,57963,57973,10
12.8746595383,80.2098693848,57973,57983,10
12.8747997284,80.2098388672,57983,57993,10
12.87458992,80.2100296021,57993,58003,10
12.8746004105,80.2100524902,58003,58013,10
12.8743600845,80.2100982666,58013,58023,10
12.8743801117,80.210067749,58023,58033,10
12.8745203018,80.2099075317,58033,58043,10
12.8746404648,80.2098388672,58043,58064,21
12.8746404648,80.2098388672,58064,58074,10
12.8748102188,80.2095489502,58074,58084,10
12.8743600845,80.210067749,58084,58094,10
12.8742904663,80.2100372314,58094,58104,10
12.8743600845,80.2100601196,58104,58114,10
12.8744602203,80.2099533081,58114,58124,10
12.8744697571,80.2099761963,58124,58134,10
12.8745002747,80.2098999023,58134,58144,10
12.8744096756,80.2100601196,58144,58154,10
12.8742799759,80.2100982666,58154,58164,10
12.8741397858,80.2102584839,58164,58174,10
12.8744897842,80.2099533081,58174,58185,11
12.8744697571,80.2101287842,58185,58195,10
12.8745498657,80.2100296021,58195,58205,10
12.8746004105,80.2101821899,58205,58215,10
12.874540329,80.2103118896,58215,58225,10
12.8748598099,80.2098388672,58225,58235,10
12.8747997284,80.2098999023,58235,58245,10
12.8747301102,80.2098693848,58245,58255,10
12.8747301102,80.2099761963,58255,58265,10
12.8750400543,80.2102279663,58265,58275,10
12.8757801056,80.2104187012,58275,58285,10
12.8766899109,80.2106781006,58285,58296,11
12.877579689,80.2108764648,58296,58306,10
12.8782300949,80.2109832764,58306,58316,10
12.8788995743,80.2110671997,58316,58326,10
12.8793497086,80.2112426758,58326,58334,8
12.8794403076,80.2112884521,58334,58345,11
12.8794803619,80.2115936279,58345,58356,11
12.8792800903,80.2124328613,58356,58367,11
12.8790903091,80.2134170532,58367,58377,10
12.8788299561,80.2146987915,58377,58387,10
12.8786096573,80.2157897949,58387,58397,10
12.8783998489,80.2168197632,58397,58408,11
12.8781795502,80.2178878784,58408,58418,10
12.8779602051,80.2189407349,58418,58428,10
12.8776798248,80.2201004028,58428,58438,10
12.8773803711,80.2213821411,58438,58448,10
12.8770799637,80.2227020264,58448,58457,9
12.8768100739,80.2239303589,58457,58468,11
12.8766098022,80.225189209,58468,58478,10
12.8765497208,80.22605896,58478,58488,10
12.8765001297,80.2264480591,58488,58498,10
12.8765001297,80.2265167236,58498,58508,10
12.8765096664,80.2265472412,58508,58518,10
12.8765001297,80.2266921997,58518,58549,31
12.8765001297,80.2266921997,58549,58559,10
12.8766403198,80.226890564,58559,58569,10
12.8770399094,80.2267913818,58569,58579,10
12.877869606,80.2266769409,58579,58589,10
12.8785600662,80.2266769409,58589,58599,10
12.8791904449,80.226600647,58599,58609,10
12.8801202774,80.2266693115,58609,58619,10
12.8812599182,80.2266693115,58619,58629,10
12.8824901581,80.2266693115,58629,58640,11
12.8839302063,80.2266769409,58640,58650,10
12.8851099014,80.2266464233,58650,58660,10
12.886300087,80.2267913818,58660,58669,9
12.8875703812,80.227180481,58669,58679,10
12.8889799118,80.2273406982,58679,58689,10
12.8904304504,80.2273635864,58689,58700,11
12.8919296265,80.2273101807,58700,58710,10
12.8927202225,80.2274017334,58710,58720,10
12.8932695389,80.2273864746,58720,58730,10
12.8941802979,80.2275390625,58730,58740,10
12.8943300247,80.2275009155,58740,58751,11
12.8950099945,80.2275390625,58751,58761,10
12.896030426,80.2276306152,58761,58771,10
12.8971204758,80.2276611328,58771,58781,10
12.8982801437,80.2277526855,58781,58857,76
12.8982801437,80.2277526855,58857,58869,12
12.8983602524,80.2278671265,58869,58880,11
12.8984603882,80.2278137207,58880,58890,10
12.8985395432,80.2277832031,58890,58900,10
12.8987998962,80.2277984619,58900,58910,10
12.8990602493,80.2278823853,58910,58920,10
12.8992300034,80.2279129028,58920,58930,10
12.8994598389,80.2278823853,58930,58940,10
12.8996095657,80.2278518677,58940,58950,10
12.8997297287,80.2278366089,58950,58960,10
12.899769783,80.2277832031,58960,58970,10
12.8998699188,80.2278518677,58970,58980,10
12.9000902176,80.2278366089,58980,59021,41
12.9000902176,80.2278366089,59021,59031,10
12.9001197815,80.2278823853,59031,59041,10
12.900349617,80.227897644,59041,59051,10
12.9006299973,80.2278671265,59051,59061,10
12.9007797241,80.227897644,59061,59071,10
12.9010400772,80.2279205322,59071,59081,10
12.9013395309,80.2279434204,59081,59091,10
12.9016704559,80.2280578613,59091,59102,11
12.9023799896,80.2280426025,59102,59112,10
12.9027299881,80.2280578613,59112,59122,10
12.9028997421,80.2280807495,59122,59132,10
12.9035997391,80.2281570435,59132,59142,10
12.9044599533,80.2281417847,59142,59152,10
12.9055204391,80.2282180786,59152,59162,10
12.9062204361,80.2282409668,59162,59172,10
12.9066095352,80.2282333374,59172,59182,10
12.9072599411,80.2282333374,59182,59192,10
12.9084300995,80.2283401489,59192,59202,10
12.9097499847,80.2286300659,59202,59212,10
12.9111499786,80.2288665771,59212,59223,11
12.9126596451,80.2291412354,59223,59233,10
12.9137096405,80.2292480469,59233,59243,10
12.9140701294,80.2293167114,59243,59253,10
12.9141302109,80.229309082,59253,59263,10
12.9146299362,80.2294082642,59263,59273,10
12.9154901505,80.2294921875,59273,59283,10
12.9167003632,80.2296905518,59283,59293,10
12.9180002213,80.2299804688,59293,59303,10
12.9191799164,80.2301101685,59303,59313,10
12.9194002151,80.2301177979,59313,59323,10
12.9197902679,80.2301177979,59323,59334,11
12.9207201004,80.2301864624,59334,59344,10
12.9218502045,80.2303390503,59344,59354,10
12.9231595993,80.2305908203,59354,59364,10
12.9245595932,80.2308273315,59364,59374,10
12.9258804321,80.2309494019,59374,59384,10
12.9271097183,80.2310714722,59384,59394,10
12.9274301529,80.2311172485,59394,59404,10
12.9277896881,80.2311019897,59404,59414,10
12.9285297394,80.2312164307,59414,59424,10
12.9293003082,80.2313537598,59424,59434,10
12.930270195,80.231552124,59434,59445,11
12.9315700531,80.231880188,59445,59455,10
12.9328699112,80.2323379517,59455,59465,10
12.9335899353,80.2326965332,59465,59475,10
12.9337396622,80.2328414917,59475,59485,10
12.9341402054,80.232963562,59485,59495,10
12.9349803925,80.2333602905,59495,59505,10
12.9359397888,80.2337799072,59505,59515,10
12.9370803833,80.2343521118,59515,59525,10
12.9382696152,80.2349395752,59525,59535,10
12.939209938,80.2354202271,59535,59545,10
12.9395704269,80.2355880737,59545,59556,11
12.9396600723,80.2356414795,59556,59566,10
12.9398002625,80.2356414795,59566,59576,10
12.9404201508,80.2358627319,59576,59586,10
12.9413795471,80.2360916138,59586,59602,16
12.9430398941,80.2367706299,59602,59614,12
12.9439601898,80.2376480103,59614,59624,10
12.9446802139,80.2384414673,59624,59634,10
12.9454698563,80.2392196655,59634,59644,10
12.946439743,80.2396621704,59644,59653,9
12.94713974,80.2399902344,59653,59667,14
12.9472799301,80.240020752,59667,59678,11
12.9478902817,80.2402496338,59678,59688,10
12.9484195709,80.2404632568,59688,59698,10
12.9484901428,80.2404937744,59698,59708,10
12.9486999512,80.240562439,59708,59718,10
12.9491796494,80.2407073975,59718,59728,10
12.9497804642,80.2409210205,59728,59738,10
12.9505596161,80.2411804199,59738,59761,23
12.9511804581,80.2413787842,59761,59773,12
12.9517498016,80.2415390015,59773,59783,10
12.952340126,80.2417526245,59783,59794,11
12.9530096054,80.2418670654,59794,59804,10
12.9536800385,80.2422485352,59804,59814,10
12.9537000656,80.2422790527,59814,59824,10
12.9542398453,80.2425003052,59824,59834,10
12.9549303055,80.2427902222,59834,59844,10
12.9557104111,80.2431106567,59844,59854,10
12.9562997818,80.2433013916,59854,59864,10
12.9564399719,80.2434005737,59864,59874,10
12.9565401077,80.2434616089,59874,59884,10
12.9571800232,80.2436904907,59884,59894,10
12.9580602646,80.2441101074,59894,59905,11
12.9588499069,80.2444076538,59905,59915,10
12.958990097,80.244468689,59915,59925,10
12.9594202042,80.244682312,59925,59935,10
12.9601602554,80.2450408936,59935,59945,10
12.9612197876,80.2455368042,59945,59955,10
12.9621896744,80.2460403442,59955,59965,10
12.9624595642,80.2461700439,59965,59975,10
12.9627599716,80.2463226318,59975,59985,10
12.9632396698,80.2465515137,59985,59995,10
12.9637098312,80.2467727661,59995,60005,10
12.9643001556,80.2470397949,60005,60016,11
12.9650201797,80.2472763062,60016,60026,10
12.965669632,80.2474594116,60026,60036,10
12.9659900665,80.2475814819,60036,60046,10
12.966340065,80.2477264404,60046,60056,10
12.9666204453,80.2478179932,60056,60066,10
12.9666700363,80.2478485107,60066,60076,10
12.9668502808,80.2479782104,60076,60086,10
12.9671697617,80.2481536865,60086,60096,10
12.9678401947,80.2485122681,60096,60106,10
12.96875,80.2488479614,60106,60116,10
12.9697799683,80.2492599487,60116,60127,11
12.9709596634,80.2496871948,60127,60137,10
12.9720401764,80.2499694824,60137,60147,10
12.9730997086,80.2502670288,60147,60157,10
12.9740200043,80.2504882813,60157,60167,10
12.9744997025,80.2506027222,60167,60177,10
12.9746103287,80.250617981,60177,60187,10
12.9752197266,80.250793457,60187,60197,10
12.9761295319,80.2510681152,60197,60207,10
12.9771900177,80.251411438,60207,60217,10
12.9781398773,80.2520980835,60217,60227,10
12.978969574,80.2526168823,60227,60238,11
12.9795999527,80.2526397705,60238,60248,10
12.9799098969,80.2524032593,60248,60258,10
12.9799995422,80.2521514893,60258,60278,20
12.9799995422,80.2521514893,60278,60288,10
12.9800195694,80.2518692017,60288,60298,10
12.9801797867,80.2514572144,60298,60308,10
12.9804201126,80.2506637573,60308,60318,10
12.9806604385,80.2496414185,60318,60328,10
12.9807796478,80.2485427856,60328,60338,10
12.9808597565,80.2473297119,60338,60348,10
12.9809999466,80.2460632324,60348,60359,11
12.9811401367,80.244758606,60359,60369,10
12.9811897278,80.2440872192,60369,60379,10
12.9811897278,80.2440185547,60379,60389,10
12.9812002182,80.2438430786,60389,60399,10
12.9812402725,80.2437286377,60399,60409,10
12.9813299179,80.2434387207,60409,60419,10
12.9813499451,80.2431564331,60419,60429,10
12.9813699722,80.2430725098,60429,60439,10
12.9813699722,80.2428665161,60439,60449,10
12.9813804626,80.2428512573,60449,60459,10
12.9814195633,80.2425918579,60459,60470,11
12.9813995361,80.2423629761,60470,60480,10
12.9813604355,80.2419815063,60480,60490,10
12.9813299179,80.2413482666,60490,60500,10
12.9813098907,80.2404632568,60500,60510,10
12.981300354,80.239906311,60510,60519,9
12.9812898636,80.2394866943,60519,60530,11
12.9812803268,80.238822937,60530,60540,10
12.9813098907,80.2380065918,60540,60560,20
12.9813098907,80.2380065918,60560,60570,10
12.9813098907,80.2379074097,60570,60580,10
12.9812803268,80.237449646,60580,60591,11
12.9812602997,80.2365188599,60591,60601,10
12.9812202454,80.2355270386,60601,60611,10
12.9812202454,80.2344818115,60611,60621,10
12.9813203812,80.2340164185,60621,60631,10
12.9816102982,80.2334518433,60631,60641,10
12.9816598892,80.2333602905,60641,60651,10
12.9818201065,80.233039856,60651,60661,10
12.9819602966,80.2325363159,60661,60671,10
12.9820098877,80.2320404053,60671,60681,10
12.9819602966,80.2315368652,60681,60690,9
12.981880188,80.2311019897,60690,60702,12
12.9816398621,80.2305221558,60702,60712,10
12.9812202454,80.229888916,60712,60722,10
12.980890274,80.2294235229,60722,60732,10
12.9807500839,80.2291488647,60732,60742,10
12.9806203842,80.2288970947,60742,60751,9
12.9803695679,80.2285385132,60751,60761,10
12.9802799225,80.2281570435,60761,60771,10
12.9799499512,80.2276687622,60771,60782,11
12.9794502258,80.2268981934,60782,60792,10
12.9792900085,80.2266387939,60792,60802,10
12.9792404175,80.2265167236,60802,60813,11
12.9789600372,80.2262191772,60813,60823,10
12.9785499573,80.2255783081,60823,60833,10
12.9783096313,80.2251586914,60833,60843,10
12.9782600403,80.2250213623,60843,60853,10
12.9781599045,80.224822998,60853,60863,10
12.9780597687,80.2245101929,60863,60873,10
12.9778003693,80.2240829468,60873,60883,10
12.9774103165,80.2235488892,60883,60893,10
12.9770097733,80.2228775024,60893,60903,10
12.9769697189,80.2227706909,60903,60913,10
12.9771699905,80.22265625,60913,60924,11
12.9771900177,80.22265625,60924,60934,10
12.9773397446,80.2229537964,60934,60944,10
12.977350235,80.2225418091,60944,60954,10
12.9774198532,80.2219161987,60954,60964,10
12.9774398804,80.2213668823,60964,60974,10
12.9777402878,80.2212982178,60974,60984,10
12.9781198502,80.2212295532,60984,60994,10
12.9786596298,80.2211380005,60994,61004,10
12.9794197083,80.2211990356,61004,61014,10
12.9802703857,80.2212600708,61014,61024,10
12.9809999466,80.2213134766,61024,61034,10
12.9816598892,80.2214889526,61034,61045,11
12.9821901321,80.2217407227,61045,61055,10
12.9825696945,80.2218017578,61055,61065,10
12.9828596115,80.2218017578,61065,61075,10
12.9828796387,80.2218170166,61075,61085,10
12.9833602905,80.2221603394,61085,61095,10
12.9836902618,80.2223815918,61095,61105,10
12.9841403961,80.2226409912,61105,61115,10
12.9847402573,80.2230224609,61115,61125,10
12.9852304459,80.2232131958,61125,61141,16
12.9859399796,80.2231521606,61141,61153,12
12.9864902496,80.2231521606,61153,61164,11
12.9865703583,80.2230834961,61164,61174,10
12.9869098663,80.2230072021,61174,61184,10
12.9872198105,80.2230224609,61184,61194,10
12.9873695374,80.2230834961,61194,61204,10
12.9876003265,80.2229919434,61204,61213,9
12.9877796173,80.2227325439,61213,61224,11
12.9882202148,80.2223510742,61224,61234,10
12.9889602661,80.2218170166,61234,61244,10
12.9891500473,80.2217407227,61244,61254,10
12.9894199371,80.2215118408,61254,61264,10
12.9900503159,80.2206268311,61264,61275,11
12.9905395508,80.2202529907,61275,61285,10
12.9907503128,80.2200775146,61285,61295,10
12.9911203384,80.2196578979,61295,61305,10
12.9917001724,80.2193832397,61305,61315,10
12.9922103882,80.2189788818,61315,61325,10
12.9927997589,80.2185211182,61325,61335,10
12.993470192,80.2180633545,61335,61345,10
12.9940595627,80.2176971436,61345,61355,10
12.994600296,80.2173233032,61355,61365,10
12.9950399399,80.2170181274,61365,61375,10
12.9954004288,80.2169723511,61375,61386,11
12.9961395264,80.2164230347,61386,61396,10
12.9969902039,80.2162780762,61396,61406,10
12.9973497391,80.2160568237,61406,61416,10
12.9974899292,80.2160491943,61416,61426,10
12.9977397919,80.2159118652,61426,61436,10
12.998049736,80.2155990601,61436,61446,10
12.998459816,80.2153930664,61446,61456,10
12.9989500046,80.2150421143,61456,61466,10
12.9993696213,80.2147369385,61466,61476,10
12.9999103546,80.2142105103,61476,61486,10
13.0005702972,80.2135314941,61486,61497,11
13.0011196136,80.2130279541,61497,61507,10
13.001540184,80.2127304077,61507,61517,10
13.0021600723,80.2123184204,61517,61527,10
13.0026397705,80.2120132446,61527,61537,10
13.0031900406,80.2119903564,61537,61547,10
13.0036897659,80.212020874,61547,61548,1
13.0036802292,80.2119979858,61548,61587,39
13.0035896301,80.209777832,61587,61597,10
13.0036296844,80.2091827393,61597,61607,10
13.0038404465,80.2086791992,61607,61618,11
13.0047597885,80.2089996338,61618,61648,30
13.0047597885,80.2089996338,61648,61658,10
13.0050497055,80.2091217041,61658,61668,10
13.0056200027,80.2093276978,61668,61694,26
13.0058498383,80.2094192505,61694,61714,20
13.0058498383,80.2094192505,61714,61724,10
13.0061798096,80.2096099854,61724,61735,11
13.0065603256,80.2097015381,61735,61745,10
13.0069904327,80.209777832,61745,61755,10
13.0074100494,80.2097091675,61755,61774,19
13.0074100494,80.2097091675,61774,61785,11
13.007610321,80.2098617554,61785,61794,9
13.0079298019,80.2099609375,61794,61804,10
13.0081701279,80.2099990845,61804,61814,10
13.008099556,80.209487915,61814,61825,11
13.0079097748,80.2087173462,61825,61835,10
13.0076904297,80.2078781128,61835,61846,11
13.0076198578,80.206993103,61846,61856,10
13.0075597763,80.2061920166,61856,61866,10
13.0074996948,80.205329895,61866,61876,10
13.0075397491,80.2044906616,61876,61886,10
13.0074996948,80.2036819458,61886,61896,10
13.0073003769,80.2028427124,61896,61906,10
13.0066204071,80.2026824951,61906,61916,10
13.0067100525,80.2032775879,61916,61926,10
13.0072402954,80.2035217285,61926,61936,10
13.0079402924,80.203742981,61936,61946,10
13.0088996887,80.2037277222,61946,61957,11
13.0100898743,80.2037277222,61957,61967,10
13.0112400055,80.203742981,61967,61977,10
13.0124397278,80.2039337158,61977,61987,10
13.0133800507,80.2040863037,61987,61997,10
13.0136899948,80.2043609619,61997,62007,10
13.0135402679,80.2044296265,62007,62037,30
13.0135402679,80.2044296265,62037,62047,10
13.0136804581,80.2044525146,62047,62057,10
13.013589859,80.2046966553,62057,62067,10
13.0135498047,80.2048797607,62067,62078,11
13.0133495331,80.2054519653,62078,62088,10
13.0131397247,80.206161499,62088,62098,10
13.0130300522,80.2069320679,62098,62108,10
13.012960434,80.2075805664,62108,62118,10
13.0129404068,80.2080078125,62118,62128,10
13.0129003525,80.2084884644,62128,62138,10
13.0129203796,80.208656311,62138,62148,10
13.0129995346,80.209197998,62148,62158,10
13.013250351,80.209777832,62158,62168,10
13.0132102966,80.2103118896,62168,62178,10
13.0130796432,80.2109680176,62178,62189,11
13.0125904083,80.2117767334,62189,62199,10
13.0122003555,80.2124023438,62199,62209,10
13.0119199753,80.2127380371,62209,62219,10
13.0116901398,80.2126464844,62219,62229,10
13.0112695694,80.2121963501,62229,62239,10
13.0107603073,80.211730957,62239,62249,10
13.0103797913,80.2115020752,62249,62269,20
13.0103797913,80.2115020752,62269,62279,10
13.0102396011,80.2115325928,62279,62330,51
13.0102396011,80.2115325928,62330,62340,10
13.0098896027,80.2116775513,62340,62350,10
13.0100002289,80.2117080688,62350,62360,10
13.0100097656,80.2114181519,62360,62370,10
13.0101299286,80.2115097046,62370,62400,30
13.0100603104,80.2115631104,62400,62421,21
13.0099802017,80.2114562988,62421,62461,40
13.0099802017,80.2114562988,62461,62471,10
13.0098896027,80.21144104,62471,62491,20
13.0098896027,80.21144104,62491,62501,10
13.0099802017,80.2112426758,62501,62511,10
13.0099802017,80.2112503052,62511,62731,220
13.009759903,80.2113418579,62731,62893,162
13.0098495483,80.2113571167,62893,62986,93
13.0098495483,80.2113571167,62986,62996,10
13.0096702576,80.2113494873,62996,63026,30
13.0097303391,80.2111968994,63026,63258,232
13.0097303391,80.2111968994,63258,63268,10
13.0095701218,80.2112503052,63268,63278,10
13.0094003677,80.2111816406,63278,63339,61
13.0092802048,80.2111282349,63339,63369,30
13.0092201233,80.2111434937,63369,63530,161
13.0092201233,80.2111434937,63530,63540,10
13.0092897415,80.2110900879,63540,63702,162
13.0092897415,80.2110900879,63702,63712,10
13.0092000961,80.2112426758,63712,63722,10
13.0090703964,80.2115783691,63722,63732,10
13.0092096329,80.2119598389,63732,63742,10
13.0093402863,80.2125320435,63742,63752,10
13.0095596313,80.2131576538,63752,63762,10
13.0098104477,80.2138214111,63762,63772,10
13.0100803375,80.2144927979,63772,63782,10
13.010219574,80.215133667,63782,63793,11
13.0103302002,80.2157287598,63793,63803,10
13.0105895996,80.2163314819,63803,63813,10
13.010890007,80.217048645,63813,63823,10
13.0111999512,80.2178192139,63823,63833,10
13.0114097595,80.2187271118,63833,63843,10
13.0117902756,80.2197113037,63843,63853,10
13.0120897293,80.2205810547,63853,63863,10
13.0122900009,80.221321106,63863,63873,10
13.0125198364,80.221862793,63873,63883,10
13.0129299164,80.2223892212,63883,63900,17
13.0138397217,80.2232971191,63900,63912,12
13.0143604279,80.2239837646,63912,63922,10
13.0147104263,80.224357605,63922,63930,8
13.0150899887,80.2247695923,63930,63941,11
13.0153903961,80.225189209,63941,63952,11
13.0153598785,80.2255935669,63952,63962,10
13.0150203705,80.2258987427,63962,63972,10
13.0144500732,80.2261199951,63972,63982,10
13.013710022,80.2264633179,63982,63992,10
13.0128602982,80.2268218994,63992,64003,11
13.0119400024,80.2272033691,64003,64013,10
13.0110702515,80.2275390625,64013,64023,10
13.0102100372,80.2278594971,64023,64033,10
13.0095996857,80.2279510498,64033,64043,10
13.0096197128,80.2274703979,64043,64052,9
13.0099096298,80.2269287109,64052,64063,11
13.0102396011,80.2259597778,64063,64073,10
13.0104904175,80.2252120972,64073,64083,10
13.0106496811,80.2248077393,64083,64093,10
13.0107603073,80.2243881226,64093,64103,10
13.0108995438,80.2238388062,64103,64113,10
13.011059761,80.2232131958,64113,64124,11
13.0108299255,80.2230377197,64124,64134,10
13.0104198456,80.2227401733,64134,64144,10
13.0103302002,80.2226333618,64144,64154,10
13.010020256,80.2225189209,64154,64164,10
13.0094804764,80.2222824097,64164,64174,10
13.0088996887,80.2220077515,64174,64184,10
13.0083198547,80.2216262817,64184,64194,10
13.0075902939,80.2212371826,64194,64204,10
13.0068597794,80.2208862305,64204,64214,10
13.0060796738,80.2205734253,64214,64224,10
13.0052700043,80.220413208,64224,64234,10
13.0045499802,80.2202606201,64234,64245,11
13.0044403076,80.220199585,64245,64255,10
13.003950119,80.2200698853,64255,64265,10
13.0032596588,80.2198181152,64265,64275,10
13.0025100708,80.2194900513,64275,64285,10
13.0019397736,80.2188262939,64285,64295,10
13.0012302399,80.2183380127,64295,64305,10
13.0006799698,80.2179794312,64305,64315,10
13.0001401901,80.2175827026,64315,64325,10
12.9991798401,80.2170791626,64325,64335,10
12.9981803894,80.2166519165,64335,64346,11
12.9972896576,80.216506958,64346,64376,30
12.9972896576,80.216506958,64376,64386,10
12.9971599579,80.2164993286,64386,64396,10
12.9968099594,80.216506958,64396,64406,10
12.9963798523,80.2165603638,64406,64416,10
12.9959602356,80.2167129517,64416,64426,10
12.995639801,80.2167816162,64426,64442,16
12.995470047,80.2168121338,64442,64454,12
12.9952001572,80.2169494629,64454,64465,11
12.9949903488,80.2171783447,64465,64474,9
12.9947299957,80.2173080444,64474,64484,10
12.9943199158,80.2175674438,64484,64495,11
12.9939203262,80.217880249,64495,64505,10
12.9934396744,80.2181930542,64505,64515,10
12.9928503036,80.2186431885,64515,64524,9
12.9922895432,80.219078064,64524,64535,11
12.9916000366,80.2195968628,64535,64545,10
12.9911603928,80.219871521,64545,64555,10
12.9906902313,80.2202911377,64555,64565,10
12.9906301498,80.2203903198,64565,64576,11
12.9903402328,80.2205505371,64576,64587,11
12.9898004532,80.2210388184,64587,64596,9
12.9893198013,80.2215881348,64596,64607,11
12.9886798859,80.2223205566,64607,64617,10
12.9876403809,80.2231826782,64617,64637,20
12.9876403809,80.2231826782,64637,64647,10
12.9875297546,80.2231521606,64647,64657,10
12.9871301651,80.2230529785,64657,64667,10
12.9866304398,80.2229614258,64667,64677,10
12.9860095978,80.2229919434,64677,64687,10
12.9856004715,80.2231292725,64687,64698,11
12.9850301743,80.2231216431,64698,64707,9
12.9845199585,80.2228393555,64707,64718,11
12.9840803146,80.2225418091,64718,64728,10
12.9836797714,80.2222900391,64728,64738,10
12.9832401276,80.2220001221,64738,64758,20
12.9832401276,80.2220001221,64758,64768,10
12.9830703735,80.2220230103,64768,64778,10
12.9828300476,80.2218093872,64778,64788,10
12.9824695587,80.2217407227,64788,64798,10
12.9820299149,80.2215423584,64798,64809,11
12.9816703796,80.2212982178,64809,64819,10
12.9812898636,80.2209777832,64819,64829,10
12.9805297852,80.220993042,64829,64839,10
12.9799499512,80.2210769653,64839,64849,10
12.9795703888,80.2211303711,64849,64859,10
12.9791898727,80.2210769653,64859,64869,10
12.9786996841,80.2210388184,64869,64879,10
12.9782104492,80.2211227417,64879,64889,10
12.9775896072,80.2211837769,64889,64899,10
12.9769201279,80.2211532593,64899,64909,10
12.9764900208,80.2211608887,64909,64920,11
12.9761800766,80.221282959,64920,64930,10
12.9764499664,80.2218399048,64930,64970,40
12.9764499664,80.2218399048,64970,64980,10
12.9765796661,80.2220993042,64980,64990,10
12.9768199921,80.2225570679,64990,65000,10
12.9770202637,80.22290802,65000,65010,10
12.9773397446,80.2233810425,65010,65020,10
12.9776802063,80.2239074707,65020,65030,10
12.9780302048,80.2244873047,65030,65041,11
12.9783802032,80.2250823975,65041,65051,10
12.9787397385,80.2256393433,65051,65061,10
12.9790897369,80.2262268066,65061,65071,10
12.9794197083,80.2267837524,65071,65081,10
12.9797401428,80.2273406982,65081,65091,10
12.9800901413,80.2279205322,65091,65101,10
12.9804601669,80.2285308838,65101,65111,10
12.9808301926,80.2291564941,65111,65121,10
12.9811201096,80.2296524048,65121,65131,10
12.9815502167,80.2302398682,65131,65141,10
12.9817199707,80.2304916382,65141,65152,11
12.9817495346,80.2305908203,65152,65162,10
12.9819297791,80.2309875488,65162,65172,10
12.982049942,80.2315979004,65172,65182,10
12.9820804596,80.2320022583,65182,65202,20
12.9820804596,80.2320022583,65202,65212,10
12.9820804596,80.2322463989,65212,65222,10
12.9820299149,80.2324295044,65222,65232,10
12.9819803238,80.2327194214,65232,65263,31
12.9819803238,80.2327194214,65263,65273,10
12.9819402695,80.2328567505,65273,65283,10
12.9818496704,80.233039856,65283,65333,50
12.9818496704,80.233039856,65333,65343,10
12.9817495346,80.2332763672,65343,65353,10
12.9816598892,80.2334976196,65353,65373,20
12.9816598892,80.2334976196,65373,65384,11
12.9815797806,80.2337036133,65384,65394,10
12.9814300537,80.2340087891,65394,65404,10
12.9813404083,80.2341766357,65404,65414,10
12.9812898636,80.2343902588,65414,65424,10
12.9812602997,80.2347412109,65424,65434,10
12.9812698364,80.2351303101,65434,65444,10
12.9812402725,80.2353363037,65444,65454,10
12.9812498093,80.2355422974,65454,65464,10
12.9812402725,80.2356491089,65464,65474,10
12.9812498093,80.2358627319,65474,65484,10
12.9812498093,80.2359771729,65484,65495,11
12.9812803268,80.2363510132,65495,65505,10
12.981300354,80.2368469238,65505,65515,10
12.9813299179,80.237449646,65515,65525,10
12.9813203812,80.23802948,65525,65535,10
12.9813098907,80.238609314,65535,65545,10
12.981300354,80.2386398315,65545,65555,10
12.9813098907,80.2387237549,65555,65565,10
12.9813404083,80.2389984131,65565,65575,10
12.9813499451,80.2396011353,65575,65585,10
12.9813604355,80.2404174805,65585,65595,10
12.9813699722,80.2411804199,65595,65606,11
12.9813699722,80.2420425415,65606,65616,10
12.9813899994,80.2426376343,65616,65626,10
12.9813995361,80.2428436279,65626,65642,16
12.9814195633,80.2431793213,65642,65654,12
12.9813098907,80.2440490723,65654,65662,8
12.9811897278,80.2448272705,65662,65674,12
12.9810199738,80.2461624146,65674,65684,10
12.9808797836,80.2473983765,65684,65694,10
12.980799675,80.2486877441,65694,65704,10
12.980629921,80.2499465942,65704,65714,10
12.9802999496,80.2512207031,65714,65725,11
12.9800596237,80.2520828247,65725,65735,10
12.9799203873,80.2524719238,65735,65744,9
12.9799003601,80.2526016235,65744,65755,11
12.9797000885,80.2527770996,65755,65764,9
12.9791603088,80.2526779175,65764,65775,11
12.978679657,80.2526931763,65775,65805,30
12.978679657,80.2526931763,65805,65815,10
12.9783496857,80.252456665,65815,65825,10
12.9777002335,80.2519378662,65825,65836,11
12.9767198563,80.2512817383,65836,65846,10
12.9755601883,80.2509078979,65846,65856,10
12.9743299484,80.250541687,65856,65866,10
12.9725599289,80.2500991821,65866,65886,20
12.9725599289,80.2500991821,65886,65896,10
12.9721899033,80.2499771118,65896,65906,10
12.9714698792,80.2498016357,65906,65916,10
12.9706201553,80.2495498657,65916,65926,10
12.969619751,80.2491836548,65926,65936,10
12.968460083,80.2487335205,65936,65947,11
12.9674901962,80.2484207153,65947,65957,10
12.9670295715,80.2481002808,65957,65967,10
12.9664201736,80.2477798462,65967,65977,10
12.9656295776,80.2474975586,65977,65987,10
12.9650802612,80.2473526001,65987,65997,10
12.9649896622,80.2473297119,65997,66007,10
12.9649200439,80.2472763062,66007,66017,10
12.9645700455,80.2471313477,66017,66027,10
12.9639797211,80.2468719482,66027,66037,10
12.9631795883,80.2465133667,66037,66053,16
12.9616804123,80.2457962036,66053,66066,13
12.9604597092,80.245262146,66066,66074,8
12.959690094,80.2449188232,66074,66086,12
12.9590702057,80.2446975708,66086,66096,10
12.9590797424,80.2446975708,66096,66106,10
12.958990097,80.2446136475,66106,66116,10
12.9585895538,80.2444000244,66116,66126,10
12.9579401016,80.2441482544,66126,66136,10
12.9573802948,80.2439804077,66136,66146,10
12.956609726,80.2437210083,66146,66177,31
12.956609726,80.2437210083,66177,66186,9
12.9564504623,80.2436904907,66186,66197,11
12.9563398361,80.2436599731,66197,66207,10
12.9560203552,80.2434463501,66207,66217,10
12.9554300308,80.2431869507,66217,66227,10
12.9548501968,80.2429428101,66227,66237,10
12.9542798996,80.2426605225,66237,66247,10
12.9537296295,80.242401123,66247,66257,10
12.953040123,80.2421264648,66257,66267,10
12.9524297714,80.2419128418,66267,66277,10
12.951499939,80.2416687012,66277,66298,21
12.951499939,80.2416687012,66298,66308,10
12.9511699677,80.241569519,66308,66318,10
12.9505996704,80.2413101196,66318,66328,10
12.9498901367,80.2410888672,66328,66338,10
12.9491796494,80.2409362793,66338,66348,10
12.9486598969,80.2406997681,66348,66358,10
12.9480104446,80.2404174805,66358,66368,10
12.9472398758,80.2400817871,66368,66389,21
12.9472398758,80.2400817871,66389,66398,9
12.9470500946,80.2399520874,66398,66409,11
12.9464502335,80.2397232056,66409,66419,10
12.9456996918,80.2393875122,66419,66429,10
12.9449100494,80.2388381958,66429,66439,10
12.9441900253,80.2377700806,66439,66449,10
12.9435796738,80.236869812,66449,66459,10
12.9431400299,80.2369537354,66459,66469,10
12.9431695938,80.2369613647,66469,66479,10
12.9430999756,80.2367401123,66479,66489,10
12.9426202774,80.2365112305,66489,66499,10
12.9418001175,80.2363128662,66499,66520,21
12.9400196075,80.2358474731,66520,66540,20
12.9400196075,80.2358474731,66540,66550,10
12.9396800995,80.2357177734,66550,66560,10
12.939160347,80.2354736328,66560,66570,10
12.9385404587,80.2351837158,66570,66580,10
12.9378900528,80.2348709106,66580,66590,10
12.9371299744,80.2344665527,66590,66600,10
12.9364299774,80.2340393066,66600,66610,10
12.9357595444,80.2337417603,66610,66620,10
12.9350595474,80.2334594727,66620,66631,11
12.934220314,80.2331619263,66631,66641,10
12.9341001511,80.2331085205,66641,66651,10
12.9340200424,80.2331237793,66651,66661,10
12.9338197708,80.2329788208,66661,66671,10
12.9333000183,80.2326889038,66671,66681,10
12.9324598312,80.232383728,66681,66691,10
12.9314498901,80.2320404053,66691,66701,10
12.9303102493,80.2317123413,66701,66711,10
12.9295902252,80.2315597534,66711,66721,10
12.9292602539,80.2315216064,66721,66842,121
12.9292602539,80.2315216064,66842,66852,10
12.929019928,80.2313995361,66852,66863,11
12.9289903641,80.2313995361,66863,66873,10
12.9288196564,80.2313919067,66873,66883,10
12.9282197952,80.2312164307,66883,66893,10
12.9273700714,80.2311401367,66893,66903,10
12.926440239,80.231048584,66903,66913,10
12.9261302948,80.2309875488,66913,66923,10
12.926030159,80.23097229,66923,66933,10
12.9254999161,80.2309799194,66933,66943,10
12.9247303009,80.2308425903,66943,66953,10
12.9237804413,80.230758667,66953,66963,10
12.9227399826,80.2305679321,66963,66974,11
12.9214401245,80.2303924561,66974,66984,10
12.9202699661,80.2302474976,66984,66994,10
12.9192895889,80.2302017212,66994,67004,10
12.9191102982,80.2301635742,67004,67014,10
12.9188899994,80.2300567627,67014,67024,10
12.9182500839,80.2299880981,67024,67034,10
12.9173603058,80.2298126221,67034,67044,10
12.9163103104,80.2296218872,67044,67054,10
12.9152498245,80.2295074463,67054,67064,10
12.9145202637,80.2294311523,67064,67074,10
12.9138097763,80.2292785645,67074,67085,11
12.9134197235,80.2293395996,67085,67095,10
12.9134302139,80.2293395996,67095,67105,10
12.9132299423,80.2292709351,67105,67115,10
12.9125795364,80.2291717529,67115,67125,10
12.9117002487,80.2289962769,67125,67135,10
12.9106502533,80.2288208008,67135,67145,10
12.9094295502,80.228729248,67145,67155,10
12.9083404541,80.2285003662,67155,67165,10
12.9076099396,80.2284088135,67165,67175,10
12.9069795609,80.2282791138,67175,67306,131
12.9069795609,80.2282791138,67306,67318,12
12.9065103531,80.2282791138,67318,67328,10
12.9058904648,80.2282104492,67328,67338,10
12.9049396515,80.2281188965,67338,67348,10
12.9039497375,80.2280731201,67348,67358,10
12.9027795792,80.2280426025,67358,67368,10
12.9017601013,80.2280273438,67368,67378,10
12.9012403488,80.2279891968,67378,67469,91
12.9012403488,80.2279891968,67469,67479,10
12.9010000229,80.2280578613,67479,67489,10
12.900639534,80.2280426025,67489,67499,10
12.9002599716,80.2280197144,67499,67509,10
12.9000597,80.2279663086,67509,67519,10
12.8998804092,80.227897644,67519,67529,10
12.8992395401,80.227897644,67529,67550,21
12.8992395401,80.227897644,67550,67560,10
12.8990497589,80.2278823853,67560,67570,10
12.8985996246,80.2278213501,67570,67580,10
12.8979301453,80.2278213501,67580,67590,10
12.8972301483,80.2277832031,67590,67600,10
12.8964195251,80.2277603149,67600,67610,10
12.895529747,80.2276611328,67610,67620,10
12.8946504593,80.2276077271,67620,67630,10
12.8937797546,80.2275238037,67630,67640,10
12.8931903839,80.2275085449,67640,67651,11
12.8931798935,80.2275390625,67651,67661,10
12.892950058,80.2275009155,67661,67671,10
12.8924303055,80.2274475098,67671,67681,10
12.8917999268,80.2274093628,67681,67691,10
12.8910799026,80.2273788452,67691,67701,10
12.8902902603,80.2273635864,67701,67711,10
12.8895797729,80.2273178101,67711,67721,10
12.8888196945,80.2273635864,67721,67731,10
12.8883399963,80.2274780273,67731,67741,10
12.8883199692,80.2274169922,67741,67751,10
12.8880701065,80.2273406982,67751,67762,11
12.8874397278,80.2272415161,67762,67772,10
12.8866996765,80.2271118164,67772,67782,10
12.8859300613,80.2269134521,67782,67792,10
12.8849201202,80.2268066406,67792,67812,20
12.8849201202,80.2268066406,67812,67822,10
12.8848304749,80.2267990112,67822,67832,10
12.8844203949,80.2267684937,67832,67842,10
12.8837003708,80.2267379761,67842,67852,10
12.882809639,80.2267532349,67852,67862,10
12.881819725,80.2268371582,67862,67872,10
12.88078022,80.2268218994,67872,67883,11
12.8796396255,80.2268218994,67883,67893,10
12.8787202835,80.2268829346,67893,67903,10
12.8778800964,80.2269287109,67903,67913,10
12.8770799637,80.2270126343,67913,67923,10
12.8764696121,80.2270278931,67923,67943,20
12.8764696121,80.2270278931,67943,67953,10
12.8764200211,80.2266464233,67953,67983,30
12.8764200211,80.2266464233,67983,67994,11
12.8763799667,80.2262573242,67994,68004,10
12.8764696121,80.2257385254,68004,68014,10
12.8765802383,80.224937439,68014,68024,10
12.8766899109,80.2240829468,68024,68034,10
12.8769197464,80.2230987549,68034,68044,10
12.8771600723,80.2220230103,68044,68054,10
12.8774299622,80.220916748,68054,68064,10
12.8776798248,80.219871521,68064,68074,10
12.8779401779,80.2188034058,68074,68084,10
12.8781604767,80.2176818848,68084,68094,10
12.8783597946,80.2165985107,68094,68105,11
12.8786096573,80.2154312134,68105,68115,10
12.8788099289,80.2144393921,68115,68125,10
12.8790102005,80.2134170532,68125,68135,10
12.8791799545,80.2124176025,68135,68145,10
12.8793802261,80.2115631104,68145,68155,10
12.8792200089,80.2110824585,68155,68195,40
12.8792200089,80.2110824585,68195,68205,10
12.8788700104,80.2110290527,68205,68216,11
12.8786201477,80.2109832764,68216,68226,10
12.8781499863,80.210899353,68226,68236,10
12.8776397705,80.2107696533,68236,68246,10
12.8771400452,80.2106781006,68246,68256,10
12.8766698837,80.2105865479,68256,68266,10
12.8761997223,80.2105026245,68266,68276,10
12.8757801056,80.2104415894,68276,68286,10
12.8753499985,80.2103805542,68286,68296,10
12.8746700287,80.2102584839,68296,68337,41
12.8746700287,80.2102584839,68337,68347,10
12.8745203018,80.2102279663,68347,68357,10
12.8743801117,80.2099380493,68357,68367,10
12.87458992,80.2096405029,68367,68377,10
12.8747501373,80.2100601196,68377,68468,91
12.8747501373,80.2100601196,68468,68478,10
12.8748998642,80.210319519,68478,68488,10
12.875289917,80.2102508545,68488,68498,10
12.8757600784,80.2103500366,68498,68508,10
12.8762197495,80.2104568481,68508,68518,10
12.8766298294,80.2105484009,68518,68528,10
12.876999855,80.2106704712,68528,68538,10
12.8774204254,80.2107391357,68538,68548,10
12.8779602051,80.2108078003,68548,68559,11
12.8786401749,80.2108764648,68559,68569,10
12.8792104721,80.2110595703,68569,68590,21
12.8792104721,80.2110595703,68590,68599,9
12.8792495728,80.2111129761,68599,68609,10
12.8794698715,80.2112579346,68609,68619,10
12.879360199,80.2117996216,68619,68629,10
12.879240036,80.2124023438,68629,68639,10
12.8790998459,80.2131118774,68639,68649,10
12.8789596558,80.2139129639,68649,68660,11
12.8787899017,80.2147521973,68660,68670,10
12.8786201477,80.2155303955,68670,68680,10
12.8784599304,80.2162780762,68680,68690,10
12.8783197403,80.2170028687,68690,68700,10
12.8781604767,80.2178115845,68700,68710,10
12.8779697418,80.21875,68710,68720,10
12.8777799606,80.2196121216,68720,68730,10
12.877699852,80.2201385498,68730,68871,141
12.877699852,80.2201385498,68871,68881,10
12.8776597977,80.2202377319,68881,68892,11
12.877579689,80.2206268311,68892,68902,10
12.8774499893,80.2211380005,68902,68912,10
12.8772497177,80.2220077515,68912,68922,10
12.8770103455,80.2230377197,68922,68932,10
12.8767700195,80.2240066528,68932,68942,10
12.8766298294,80.2248382568,68942,68952,10
12.8765201569,80.2258377075,68952,68962,10
12.8764400482,80.2264099121,68962,68972,10
12.8764295578,80.2268218994,68972,68992,20
12.8764400482,80.2266464233,68992,69023,31
12.8764400482,80.2266464233,69023,69033,10
12.8765201569,80.2269592285,69033,69043,10
12.8769102097,80.2269134521,69043,69053,10
12.8776197433,80.2268600464,69053,69063,10
12.8784999847,80.2267379761,69063,69073,10
12.8795003891,80.2267303467,69073,69083,10
12.8805198669,80.2267227173,69083,69093,10
12.8815097809,80.2266693115,69093,69103,10
12.8825597763,80.2266998291,69103,69113,10
12.883480072,80.2266998291,69113,69124,11
12.8845396042,80.2266921997,69124,69133,9
12.8851604462,80.2267227173,69133,69144,11
12.885310173,80.2267074585,69144,69154,10
12.8856096268,80.2267837524,69154,69164,10
12.886300087,80.2269668579,69164,69174,10
12.887140274,80.2271499634,69174,69184,10
12.8880195618,80.2273101807,69184,69194,10
12.888999939,80.2273101807,69194,69204,10
12.8900403976,80.2273483276,69204,69214,10
12.8911399841,80.2273330688,69214,69225,11
12.8919296265,80.2272872925,69225,69235,10
12.8920402527,80.2272872925,69235,69245,10
12.8921098709,80.2273406982,69245,69255,10
12.8925600052,80.2273483276,69255,69265,10
12.8932600021,80.2274398804,69265,69275,10
12.8940200806,80.2275390625,69275,69285,10
12.8948297501,80.2276077271,69285,69295,10
12.8957796097,80.2276382446,69295,69305,10
12.8968000412,80.2276992798,69305,69315,10
12.8977203369,80.2277679443,69315,69325,10
12.8986101151,80.2277984619,69325,69336,11
12.8994102478,80.2278289795,69336,69346,10
12.9002103806,80.2278823853,69346,69356,10
12.9010295868,80.2279205322,69356,69366,10
12.9017000198,80.2279815674,69366,69376,10
12.9022302628,80.2279663086,69376,69396,20
12.9022302628,80.2279663086,69396,69406,10
12.9022798538,80.2279129028,69406,69416,10
12.9027204514,80.2278823853,69416,69436,20
12.9027204514,80.2278823853,69436,69446,10
12.9028196335,80.2279968262,69446,69457,11
12.9032201767,80.2279586792,69457,69467,10
12.903840065,80.2279891968,69467,69477,10
12.9044303894,80.2279815674,69477,69487,10
12.9049596786,80.2279891968,69487,69497,10
12.905090332,80.2279586792,69497,69507,10
12.9053602219,80.2279434204,69507,69517,10
12.9058504105,80.2280426025,69517,69527,10
12.9064302444,80.2282714844,69527,69608,81
12.9064302444,80.2282714844,69608,69618,10
12.9065504074,80.2282562256,69618,69628,10
12.9070100784,80.228302002,69628,69638,10
12.9077501297,80.2284317017,69638,69648,10
12.9084701538,80.228553772,69648,69658,10
12.9098396301,80.2288208008,69658,69668,10
12.9111003876,80.2290420532,69668,69678,10
12.9122495651,80.2292327881,69678,69689,11
12.9132499695,80.2293701172,69689,69699,10
12.9141101837,80.2294082642,69699,69719,20
12.9141101837,80.2294082642,69719,69729,10
12.9142799377,80.2293930054,69729,69739,10
12.9146699905,80.2294082642,69739,69749,10
12.9152603149,80.2295303345,69749,69759,10
12.916009903,80.2296600342,69759,69769,10
12.9168701172,80.2297363281,69769,69779,10
12.9177598953,80.2298583984,69779,69789,10
12.9186897278,80.2299804688,69789,69800,11
12.9195804596,80.2301101685,69800,69810,10
12.9200000763,80.230140686,69810,69820,10
12.9200801849,80.2301635742,69820,69830,10
12.9204998016,80.2302093506,69830,69840,10
12.9209604263,80.2302703857,69840,69850,10
12.9215803146,80.2303771973,69850,69860,10
12.9223604202,80.2304916382,69860,69870,10
12.9232501984,80.2306213379,69870,69880,10
12.9241504669,80.23072052,69880,69890,10
12.9250202179,80.2308578491,69890,69900,10
12.9258899689,80.2309494019,69900,69910,10
12.9264297485,80.2310180664,69910,69921,11
12.9264202118,80.2310180664,69921,69931,10
12.9266300201,80.2310180664,69931,69947,16
12.9275999069,80.2311401367,69947,69959,12
12.9285497665,80.2312774658,69959,69969,10
12.9294700623,80.2314605713,69969,69979,10
12.9304504395,80.2316970825,69979,69989,10
12.9314699173,80.2320022583,69989,69997,8
12.9322795868,80.2322463989,69997,70009,12
12.9336795807,80.2327880859,70009,70030,21
12.9336795807,80.2327880859,70030,70040,10
12.9338302612,80.2328872681,70040,70050,10
12.9341602325,80.2330322266,70050,70060,10
12.9347496033,80.2332992554,70060,70070,10
12.9353599548,80.233581543,70070,70080,10
12.9355697632,80.2336578369,70080,70090,10
12.9359302521,80.2338104248,70090,70100,10
12.9364795685,80.2340774536,70100,70109,9
12.9372396469,80.2344436646,70109,70120,11
12.9382095337,80.234916687,70120,70130,10
12.9390001297,80.2352981567,70130,70141,11
12.9397096634,80.2356491089,70141,70160,19
12.9397096634,80.2356491089,70160,70171,11
12.9399595261,80.2358016968,70171,70181,10
12.9404602051,80.2359695435,70181,70191,10
12.9410800934,80.2361068726,70191,70201,10
12.9418001175,80.2362976074,70201,70211,10
12.9425697327,80.2365570068,70211,70221,10
12.9432601929,80.2369613647,70221,70231,10
12.9436798096,80.2373733521,70231,70241,10
12.9437704086,80.2374572754,70241,70252,11
12.9439296722,80.237701416,70252,70262,10
12.944319725,80.2381515503,70262,70272,10
12.944899559,80.2387924194,70272,70282,10
12.945599556,80.2393569946,70282,70292,10
12.946439743,80.2397003174,70292,70302,10
12.9469299316,80.2398986816,70302,70312,10
12.9471197128,80.239982605,70312,70322,10
12.94713974,80.2399902344,70322,70332,10
12.9472303391,80.2400436401,70332,70342,10
12.9476699829,80.2402420044,70342,70353,11
12.9482803345,80.2404708862,70353,70363,10
12.9487304688,80.2406387329,70363,70403,40
12.9487304688,80.2406387329,70403,70413,10
12.9488697052,80.2406692505,70413,70423,10
12.9492902756,80.2408599854,70423,70433,10
12.9499998093,80.2411270142,70433,70443,10
12.9511203766,80.2414398193,70443,70463,20
12.9511203766,80.2414398193,70463,70474,11
12.9512500763,80.2414627075,70474,70484,10
12.9516496658,80.2416000366,70484,70494,10
12.9522600174,80.2418136597,70494,70504,10
12.9530801773,80.2421417236,70504,70514,10
12.9538202286,80.24243927,70514,70524,10
12.9541902542,80.24269104,70524,70534,10
12.954750061,80.2428665161,70534,70544,10
12.955329895,80.243057251,70544,70554,10
12.956029892,80.2432403564,70554,70564,10
12.9565095901,80.2434234619,70564,70574,10
12.9570598602,80.2436676025,70574,70584,10
12.9577999115,80.2440338135,70584,70595,11
12.958530426,80.2443389893,70595,70605,10
12.9588499069,80.2444610596,70605,70615,10
12.9589500427,80.2445068359,70615,70625,10
12.9590797424,80.2445831299,70625,70635,10
12.9593896866,80.2447433472,70635,70645,10
12.959980011,80.2450332642,70645,70655,10
12.9608001709,80.2453994751,70655,70665,10
12.9617099762,80.2458267212,70665,70675,10
12.9625396729,80.2462234497,70675,70685,10
12.9633703232,80.2466506958,70685,70746,61
12.9633703232,80.2466506958,70746,70756,10
12.9635696411,80.246673584,70756,70766,10
12.9639797211,80.2468795776,70766,70776,10
12.964630127,80.2471466064,70776,70786,10
12.9653100967,80.2474136353,70786,70795,9
12.965959549,80.2476272583,70795,70807,12
12.9665002823,80.2478485107,70807,70827,20
12.9665002823,80.2478485107,70827,70837,10
12.9667396545,80.248008728,70837,70847,10
12.9671602249,80.2482528687,70847,70857,10
12.9679002762,80.2485580444,70857,70867,10
12.9687299728,80.2488708496,70867,70877,10
12.9695796967,80.2492218018,70877,70887,10
12.970459938,80.2495498657,70887,70897,10
12.9713201523,80.2498168945,70897,70907,10
12.9722499847,80.2500610352,70907,70917,10
12.97315979,80.2503128052,70917,70928,11
12.9743995667,80.250579834,70928,70948,20
12.9743995667,80.250579834,70948,70958,10
12.9746599197,80.2506713867,70958,70968,10
12.9752197266,80.2508468628,70968,70978,10
12.9759702682,80.2510910034,70978,70988,10
12.9768199921,80.2513275146,70988,70998,10
12.977640152,80.2517700195,70998,71008,10
12.9784097672,80.2523803711,71008,71018,10
12.9792499542,80.2526626587,71018,71029,11
12.9797401428,80.2526321411,71029,71039,10
12.9799499512,80.2524185181,71039,71049,10
12.9799604416,80.2520294189,71049,71059,10
12.9800195694,80.251701355,71059,71069,10
12.9800300598,80.251663208,71069,71079,10
12.9800701141,80.2514190674,71079,71089,10
12.9802103043,80.2508773804,71089,71099,10
12.9804496765,80.250213623,71099,71109,10
12.9806404114,80.2494277954,71109,71119,10
12.9807195663,80.2486190796,71119,71129,10
12.9807596207,80.2477798462,71129,71139,10
12.9808597565,80.2468719482,71139,71149,10
12.9809503555,80.2458496094,71149,71160,11
12.981089592,80.2447128296,71160,71170,10
12.9811201096,80.2442321777,71170,71180,10
12.9811201096,80.2440795898,71180,71261,81
12.9811201096,80.2440795898,71261,71271,10
12.9812498093,80.2437362671,71271,71281,10
12.9813203812,80.2435684204,71281,71291,10
12.9813098907,80.2434921265,71291,71301,10
12.9813404083,80.2434082031,71301,71311,10
12.981300354,80.2432098389,71311,71341,30
12.981300354,80.2432098389,71341,71351,10
12.9813203812,80.243057251,71351,71361,10
12.9813804626,80.2429199219,71361,71372,11
12.9813299179,80.2427368164,71372,71382,10
12.9813203812,80.2425994873,71382,71392,10
12.981300354,80.2422180176,71392,71402,10
12.9812002182,80.2415924072,71402,71412,10
12.9811601639,80.2409973145,71412,71422,10
12.9812202454,80.240737915,71422,71432,10
12.9812803268,80.2406616211,71432,71442,10
12.9813098907,80.2402877808,71442,71452,10
12.9813098907,80.2400588989,71452,71462,10
12.9813404083,80.2399673462,71462,71472,10
12.9813404083,80.2397766113,71472,71482,10
12.981300354,80.2395629883,71482,71493,11
12.9812602997,80.2389831543,71493,71503,10
12.9812202454,80.238571167,71503,71513,10
12.981180191,80.2382736206,71513,71523,10
12.981180191,80.2379684448,71523,71533,10
12.981180191,80.2379608154,71533,71543,10
12.9812002182,80.2378921509,71543,71553,10
12.9811897278,80.2374725342,71553,71563,10
12.9811697006,80.2368164063,71563,71573,10
12.9811296463,80.2360229492,71573,71583,10
12.9811296463,80.2352523804,71583,71593,10
12.9811496735,80.2344818115,71593,71604,11
12.9814300537,80.2337188721,71604,71634,30
12.9814300537,80.2337188721,71634,71644,10
12.9815502167,80.2335510254,71644,71654,10
12.9815998077,80.2334213257,71654,71664,10
12.9817199707,80.2331771851,71664,71674,10
12.9818201065,80.2329788208,71674,71684,10
12.9818296432,80.2329177856,71684,71694,10
12.9819402695,80.2325363159,71694,71705,11
12.9819297791,80.2322387695,71705,71715,10
12.9819297791,80.2319412231,71715,71725,10
12.9819202423,80.2316970825,71725,71735,10
12.981880188,80.2315292358,71735,71745,10
12.9818000793,80.2311706543,71745,71755,10
12.9816503525,80.2308197021,71755,71765,10
12.9813604355,80.2303085327,71765,71775,10
12.9810199738,80.2297363281,71775,71785,10
12.9808301926,80.2294311523,71785,71795,10
12.9805603027,80.2290420532,71795,71815,20
12.9805603027,80.2290420532,71815,71825,10
12.980389595,80.2287979126,71825,71842,17
12.9801301956,80.2282104492,71842,71854,12
12.9798202515,80.2276763916,71854,71864,10
12.9796199799,80.2273788452,71864,71874,10
12.9791297913,80.2265625,71874,71884,10
12.9785995483,80.2257003784,71884,71894,10
12.9781398773,80.2249221802,71894,71904,10
12.9778995514,80.2246017456,71904,71914,10
12.9777002335,80.2242507935,71914,71924,10
12.977399826,80.2238006592,71924,71933,9
12.9771795273,80.2234268188,71933,71945,12
12.9770002365,80.2231292725,71945,71955,10
12.9769096375,80.2229919434,71955,71964,9
12.977060318,80.2227630615,71964,71995,31
12.977060318,80.2227630615,71995,72005,10
12.9774503708,80.2228317261,72005,72015,10
12.9774303436,80.2223892212,72015,72025,10
12.9774398804,80.2219772339,72025,72035,10
12.9774303436,80.221496582,72035,72046,11
12.9777402878,80.2212219238,72046,72056,10
12.978219986,80.2212295532,72056,72066,10
12.9785699844,80.2213134766,72066,72076,10
12.9791297913,80.2212371826,72076,72086,10
12.9798498154,80.2211608887,72086,72096,10
12.9803104401,80.2211303711,72096,72106,10
12.9808101654,80.2211227417,72106,72116,10
12.9813203812,80.221282959,72116,72126,10
12.9817199707,80.2214889526,72126,72136,10
12.9821100235,80.2217407227,72136,72146,10
12.9824304581,80.221862793,72146,72157,11
12.9828195572,80.2219696045,72157,72167,10
12.9830198288,80.2220993042,72167,72177,10
12.9831600189,80.2221908569,72177,72187,10
12.983420372,80.2223815918,72187,72197,10
12.983590126,80.2224731445,72197,72207,10
12.9838104248,80.2226104736,72207,72237,30
12.9838104248,80.2226104736,72237,72247,10
12.9840202332,80.2227478027,72247,72257,10
12.9844198227,80.2229919434,72257,72267,10
12.9849395752,80.2232437134,72267,72277,10
12.9853496552,80.2232666016,72277,72328,51
12.9856595993,80.2230529785,72328,72479,151
12.9860095978,80.2230224609,72479,72540,61
12.9860095978,80.2230224609,72540,72550,10
12.9861001968,80.2229995728,72550,72570,20
12.9861001968,80.2229995728,72570,72580,10
12.9864196777,80.2230072021,72580,72641,61
12.9864196777,80.2230072021,72641,72651,10
12.9867801666,80.2230834961,72651,72661,10
12.9868097305,80.2230911255,72661,72671,10
12.9872198105,80.2231369019,72671,72681,10
12.987449646,80.2230911255,72681,72691,10
12.987830162,80.2229309082,72691,72701,10
12.9880304337,80.2227401733,72701,72711,10
12.988120079,80.2224273682,72711,72722,11
12.9882202148,80.2221374512,72722,72731,9
12.9884395599,80.2218933105,72731,72742,11
12.9886198044,80.2216415405,72742,72752,10
12.9889297485,80.2209014893,72752,72762,10
12.9890604019,80.2204437256,72762,72772,10
12.9894399643,80.2203063965,72772,72782,10
12.9898099899,80.2201766968,72782,72792,10
12.990240097,80.2200469971,72792,72802,10
12.9902496338,80.2200469971,72802,72812,10
12.9907302856,80.2199707031,72812,72822,10
12.9913196564,80.2197113037,72822,72853,31
12.9913196564,80.2197113037,72853,72863,10
12.9916801453,80.2195892334,72863,72873,10
12.9921398163,80.2192687988,72873,72883,10
12.9926900864,80.2186965942,72883,72893,10
12.9934196472,80.2181625366,72893,72903,10
12.9940004349,80.2177505493,72903,72913,10
12.9944801331,80.2174301147,72913,72923,10
12.9947595596,80.2172393799,72923,72933,10
12.9949598312,80.2171096802,72933,72943,10
12.9954996109,80.2168426514,72943,72954,11
12.9964103699,80.2165985107,72954,72964,10
12.9971599579,80.2164916992,72964,72974,10
12.9974098206,80.2162017822,72974,72984,10
12.997469902,80.2161636353,72984,72994,10
12.9976501465,80.2160186768,72994,73004,10
12.9979801178,80.2155685425,73004,73020,16
12.9986696243,80.2148284912,73020,73032,12
12.9990797043,80.2145614624,73032,73040,8
12.9994802475,80.2142868042,73040,73052,12
13.0000600815,80.2138137817,73052,73062,10
13.0004396439,80.2134933472,73062,73073,11
13.0009403229,80.2131576538,73073,73083,10
13.0013599396,80.2128601074,73083,73093,10
13.0017499924,80.2125778198,73093,73103,10
13.0021600723,80.2123184204,73103,73112,9
13.002579689,80.2121124268,73112,73123,11
13.0031404495,80.2119903564,73123,73133,10
13.0035800934,80.2119979858,73133,73143,10
13.0036401749,80.2116622925,73143,73153,10
13.0035896301,80.2109069824,73153,73163,10
13.0034999847,80.2101364136,73163,73173,10
13.0035104752,80.2094802856,73173,73184,11
13.0037403107,80.208770752,73184,73195,11
13.0045604706,80.2090072632,73195,73204,9
13.0053796768,80.2093811035,73204,73215,11
13.0060501099,80.2096176147,73215,73225,10
13.0068998337,80.2098236084,73225,73285,60
13.0068998337,80.2098236084,73285,73295,10
13.007109642,80.2098236084,73295,73306,11
13.0074596405,80.2099075317,73306,73316,10
13.0079402924,80.2099990845,73316,73326,10
13.0081100464,80.2098083496,73326,73336,10
13.0079898834,80.209312439,73336,73346,10
13.0078802109,80.2085418701,73346,73356,10
13.0077695847,80.2077484131,73356,73366,10
13.0076599121,80.2071228027,73366,73376,10
13.0075798035,80.2064437866,73376,73386,10
13.0074996948,80.2056884766,73386,73396,10
13.0074901581,80.2050018311,73396,73407,11
13.0074596405,80.2042388916,73407,73417,10
13.0073795319,80.2035903931,73417,73427,10
13.0072002411,80.2028579712,73427,73437,10
13.0066604614,80.2026824951,73437,73447,10
13.0064601898,80.2031936646,73447,73457,10
13.0068502426,80.2034835815,73457,73467,10
13.0074596405,80.2037124634,73467,73477,10
13.0081501007,80.2037734985,73477,73487,10
13.0090799332,80.2037734985,73487,73497,10
13.0101003647,80.203742981,73497,73507,10
13.0110702515,80.2037734985,73507,73518,11
13.0122003555,80.2039413452,73518,73528,10
13.0134296417,80.204246521,73528,73588,60
13.0135698318,80.2043228149,73588,73618,30
13.0135698318,80.2043228149,73618,73628,10
13.013759613,80.2045593262,73628,73639,11
13.0136995316,80.2046966553,73639,73649,10
13.0136299133,80.2049865723,73649,73659,10
13.0134801865,80.2053909302,73659,73669,10
13.013250351,80.2061386108,73669,73679,10
13.0130596161,80.2067489624,73679,73689,10
13.0130300522,80.2072982788,73689,73699,10
13.0129203796,80.2076873779,73699,73709,10
13.0129003525,80.208190918,73709,73719,10
13.0128498077,80.2086334229,73719,73729,10
13.0128898621,80.2090682983,73729,73739,10
13.0130195618,80.2095108032,73739,73756,17
13.0131196976,80.2102966309,73756,73768,12
13.0130300522,80.2108612061,73768,73778,10
13.0128297806,80.2113189697,73778,73788,10
13.0124998093,80.2119369507,73788,73798,10
13.012169838,80.2123718262,73798,73807,9
13.0119400024,80.2126998901,73807,73818,11
13.011879921,80.2127685547,73818,73828,10
13.0114898682,80.2127075195,73828,73838,10
13.0111398697,80.2124786377,73838,73848,10
13.0107402802,80.2121505737,73848,73858,10
13.0105600357,80.2119522095,73858,73869,11
13.0104103088,80.211807251,73869,73879,10
13.0102100372,80.2117233276,73879,73939,60
13.0102100372,80.2117233276,73939,73949,10
13.0097398758,80.2114181519,73949,73980,31
13.0096502304,80.2112579346,73980,74212,232
13.00963974,80.2112884521,74212,74423,211
13.00963974,80.2112884521,74423,74434,11
13.0096702576,80.2113723755,74434,74444,10
13.0096902847,80.2114868164,74444,74494,50
13.0096597672,80.2114181519,74494,74514,20
13.0096597672,80.2114181519,74514,74524,10
13.0096597672,80.2116317749,74524,74544,20
13.0096597672,80.2116317749,74544,74555,11
13.0093097687,80.2111129761,74555,74575,20
13.0093097687,80.2111129761,74575,74585,10
13.0091295242,80.2114028931,74585,74595,10
13.0090198517,80.2115707397,74595,74605,10
13.0090198517,80.2117462158,74605,74615,10
13.0091199875,80.2121505737,74615,74625,10
13.0093402863,80.2128295898,74625,74635,10
13.0096197128,80.2135772705,74635,74645,10
13.009929657,80.21434021,74645,74656,11
13.0101804733,80.2153015137,74656,74666,10
13.0103397369,80.2160797119,74666,74676,10
13.010720253,80.2169036865,74676,74686,10
13.0111398697,80.217880249,74686,74696,10
13.0114297867,80.2189865112,74696,74706,10
13.0119800568,80.2203216553,74706,74716,10
13.0122804642,80.2213134766,74716,74726,10
13.0125102997,80.2219314575,74726,74736,10
13.013010025,80.2227401733,74736,74752,16
13.014169693,80.2238616943,74752,74764,12
13.0146398544,80.2244796753,74764,74775,11
13.0151195526,80.2249832153,74775,74785,10
13.0154399872,80.225440979,74785,74795,10
13.0153999329,80.2256088257,74795,74805,10
13.0152196884,80.2259597778,74805,74815,10
13.0147199631,80.2261276245,74815,74825,10
13.0141000748,80.22631073,74825,74835,10
13.0133104324,80.2266387939,74835,74845,10
13.0125303268,80.2269592285,74845,74855,10
13.0117502213,80.2272796631,74855,74865,10
13.0109901428,80.2276382446,74865,74875,10
13.0100603104,80.2279891968,74875,74885,10
13.0092897415,80.2283401489,74885,74896,11
13.0090503693,80.2290115356,74896,74906,10
13.0089197159,80.2298278809,74906,74927,21
13.0085000992,80.2318191528,74927,74939,12
13.008310318,80.2328796387,74939,74949,10
13.0082397461,80.2335205078,74949,74958,9
13.0082302094,80.2335891724,74958,74970,12
13.0081195831,80.2338562012,74970,74980,10
13.0080900192,80.2343978882,74980,74990,10
13.0078897476,80.2352218628,74990,75001,11
13.0076999664,80.2360534668,75001,75011,10
13.0075302124,80.2369003296,75011,75021,10
13.0073404312,80.2378997803,75021,75031,10
13.0071296692,80.238861084,75031,75041,10
13.0069503784,80.2397384644,75041,75051,10
13.006770134,80.2401580811,75051,75071,20
13.0068597794,80.240196228,75071,75091,20
13.0068597794,80.240196228,75091,75101,10
13.0068702698,80.2401885986,75101,75112,11
13.0068998337,80.2403488159,75112,75122,10
13.0068101883,80.2407913208,75122,75132,10
13.0067195892,80.2414703369,75132,75142,10
13.006649971,80.2422714233,75142,75152,10
13.0066795349,80.2430801392,75152,75162,10
13.0066699982,80.2438735962,75162,75172,10
13.0067300797,80.2448730469,75172,75182,10
13.0067396164,80.2459564209,75182,75192,10
13.0067796707,80.2471618652,75192,75202,10
13.0067100525,80.248008728,75202,75212,10
13.0067501068,80.2489776611,75212,75222,10
13.0068302155,80.2496490479,75222,75233,11
13.0068101883,80.2499389648,75233,75243,10
13.006770134,80.2504119873,75243,75253,10
13.0068101883,80.2511978149,75253,75263,10
13.0067596436,80.251739502,75263,75273,10
13.0065698624,80.2524795532,75273,75283,10
13.0065202713,80.25340271,75283,75293,10
13.0065402985,80.2545166016,75293,75303,10
13.0065898895,80.2552871704,75303,75313,10
13.0065803528,80.256072998,75313,75323,10
13.0065498352,80.2568893433,75323,75334,11
13.0065803528,80.2574081421,75334,75344,10
13.0063695908,80.2576217651,75344,75354,10
13.005979538,80.2574920654,75354,75364,10
13.0056400299,80.2574691772,75364,75374,10
13.0050697327,80.2573776245,75374,75384,10
13.0041904449,80.2571563721,75384,75394,10
13.0033798218,80.2570266724,75394,75404,10
13.0026903152,80.2568817139,75404,75414,10
13.0021800995,80.2568206787,75414,75424,10
13.0015096664,80.2566986084,75424,75454,30
13.0015096664,80.2566986084,75454,75465,11
13.0013399124,80.2566375732,75465,75475,10
13.0007600784,80.2565765381,75475,75485,10
13.0000696182,80.2564620972,75485,75495,10
12.9993801117,80.256362915,75495,75505,10
12.9988098145,80.2562484741,75505,75515,10
12.9986600876,80.2562484741,75515,75525,10
12.9985103607,80.2561187744,75525,75535,10
12.998049736,80.2560424805,75535,75545,10
12.9977197647,80.2560119629,75545,75555,10
12.9976902008,80.2560195923,75555,75566,11
12.9976196289,80.2565536499,75566,75878,312
12.9976196289,80.2565536499,75878,75888,10
12.9976501465,80.2566986084,75888,75898,10
12.9976196289,80.2569122314,75898,75929,31
12.9976196289,80.2569122314,75929,75939,10
12.9976797104,80.2570571899,75939,76050,111
12.9976797104,80.2570571899,76050,76060,10
12.997879982,80.2570495605,76060,76070,10
12.9981098175,80.2569198608,76070,76181,111
12.9981098175,80.2569198608,76181,76191,10
12.998339653,80.2570419312,76191,76201,10
12.998049736,80.2571716309,76201,76211,10
12.9976701736,80.2570877075,76211,76221,10
12.9974002838,80.256980896,76221,76231,10
12.9973897934,80.2571868896,76231,76605,374
12.9974899292,80.2573165894,76605,76685,80
12.9973802567,80.2573394775,76685,76887,202
12.9974002838,80.2571411133,76887,77059,172
12.9974002838,80.2573165894,77059,77261,202
12.9974002838,80.2573165894,77261,77271,10
12.9974403381,80.2570495605,77271,77301,30
12.9974403381,80.2570495605,77301,77311,10
12.9976396561,80.2570800781,77311,77321,10
12.9979200363,80.2570495605,77321,77331,10
12.9978504181,80.256477356,77331,77341,10
12.9976100922,80.2566223145,77341,77351,10
12.9975700378,80.2568893433,77351,77361,10
12.9974498749,80.2570266724,77361,77373,12
12.9974603653,80.2570800781,77373,77383,10
12.9974498749,80.2569122314,77383,78274,891
12.9975204468,80.2567520142,78274,78334,60
12.9975204468,80.2567520142,78334,78344,10
12.997590065,80.2570114136,78344,78415,71
12.9977197647,80.2571487427,78415,78465,50
12.9975299835,80.2570037842,78465,78728,263
12.9975299835,80.2570037842,78728,78738,10
12.9976596832,80.2572174072,78738,78768,30
12.9976596832,80.2572174072,78768,78778,10
12.9975500107,80.257019043,78778,78919,141
12.9975500107,80.257019043,78919,78929,10
12.9974002838,80.2567825317,78929,79424,495
12.9975795746,80.2570037842,79424,79474,50
12.9975795746,80.2570037842,79474,79484,10
12.9973802567,80.2567977905,79484,79595,111
12.9975404739,80.257019043,79595,79777,182
12.9975595474,80.2569885254,79777,79817,40
12.9975004196,80.2567214966,79817,79858,41
12.9975004196,80.2567214966,79858,79868,10
12.9975204468,80.2570266724,79868,80481,613
12.9975204468,80.2570266724,80481,80491,10
12.9973201752,80.2568969727,80491,80603,112
12.9973201752,80.2568969727,80603,80622,19
12.9975795746,80.2568664551,80622,80891,269
12.9973402023,80.2568664551,80891,80926,35
12.9973402023,80.2568664551,80926,80934,8
12.9975700378,80.2570037842,80934,81019,85
12.9974603653,80.2567367554,81019,82371,1352
12.9975204468,80.2571334839,82371,82418,47
12.9975204468,80.2571334839,82418,82428,10
12.9974603653,80.2570877075,82428,82438,10
12.997420311,80.2570419312,82438,82573,135
12.9974603653,80.256980896,82573,83193,620
12.9974098206,80.2570266724,83193,83243,50
12.9974002838,80.2568969727,83243,83783,540
12.9974002838,80.2568969727,83783,83793,10
12.9975795746,80.2567672729,83793,83814,21
12.9975795746,80.2567672729,83814,83831,17
12.9976596832,80.2566223145,83831,83861,30
12.9975004196,80.2569580078,83861,83902,41
12.9973602295,80.256980896,83902,83934,32
12.9973697662,80.2570419312,83934,84884,950
12.9975404739,80.2567825317,84884,85323,439
12.997420311,80.2568511963,85323,85467,144
12.997420311,80.2568511963,85467,86383,916
