13.1194896698,80.2580871582,20,20847,20827
13.1194896698,80.2580871582,20847,20858,11
13.1196203232,80.2582397461,20858,20868,10
13.1197395325,80.2583694458,20868,20878,10
13.1199302673,80.2584228516,20878,20888,10
13.1201200485,80.2584381104,20888,20898,10
13.1203203201,80.2584915161,20898,20908,10
13.120470047,80.2588119507,20908,22219,1311
13.120470047,80.2588119507,22219,22229,10
13.1205701828,80.2591705322,22229,22270,41
13.1205701828,80.2591705322,22270,22280,10
13.120639801,80.2593765259,22280,22290,10
13.1208295822,80.2593688965,22290,22300,10
13.1210899353,80.2593536377,22300,22310,10
13.1214599609,80.2593231201,22310,22320,10
13.1219100952,80.2592926025,22320,22330,10
13.1222896576,80.2592926025,22330,22340,10
13.1226997375,80.2592773438,22340,22371,31
13.1226997375,80.2592773438,22371,22381,10
13.1229295731,80.2592086792,22381,22391,10
13.1233797073,80.2592010498,22391,22401,10
13.1238698959,80.2591781616,22401,22411,10
13.1241397858,80.2591629028,22411,22421,10
13.1244802475,80.2591400146,22421,22441,20
13.1244802475,80.2591400146,22441,22451,10
13.1246700287,80.2591400146,22451,22532,81
13.1246700287,80.2591400146,22532,22542,10
13.1245203018,80.2591934204,22542,22552,10
13.1242303848,80.2592010498,22552,22562,10
13.1239900589,80.2592010498,22562,22572,10
13.1237001419,80.2592315674,22572,22592,20
13.1237001419,80.2592315674,22592,22603,11
13.1236095428,80.2592163086,22603,22613,10
13.123459816,80.2592163086,22613,22623,10
13.123169899,80.2592163086,22623,22633,10
13.1229696274,80.259262085,22633,22643,10
13.1229496002,80.2594223022,22643,22653,10
13.1229400635,80.2597503662,22653,22663,10
13.1229600906,80.2601623535,22663,22673,10
13.1229400635,80.2606964111,22673,22683,10
13.1229095459,80.2613601685,22683,22693,10
13.1229200363,80.2616577148,22693,22703,10
13.1229295731,80.2619934082,22703,22712,9
13.1229295731,80.2624282837,22712,22724,12
13.1229095459,80.263168335,22724,22734,10
13.1228904724,80.2639694214,22734,22744,10
13.1228904724,80.2648086548,22744,22754,10
13.1228904724,80.265411377,22754,22764,10
13.1229095459,80.2656326294,22764,22774,10
13.122879982,80.2657470703,22774,22784,10
13.1222696304,80.2657928467,22784,22804,20
13.1222696304,80.2657928467,22804,22814,10
13.122010231,80.2657775879,22814,22824,10
13.1214799881,80.2657699585,22824,22835,11
13.1208496094,80.2657623291,22835,22845,10
13.1202697754,80.2657470703,22845,22855,10
13.1198501587,80.2657470703,22855,22865,10
13.1194601059,80.2657623291,22865,22875,10
13.1192998886,80.2657623291,22875,22885,10
13.1191596985,80.2657623291,22885,22895,10
13.1186800003,80.2657470703,22895,22905,10
13.1179895401,80.2657318115,22905,22915,10
13.1172704697,80.2657318115,22915,22925,10
13.1165103912,80.2657318115,22925,22935,10
13.1158103943,80.2657089233,22935,22956,21
13.1158103943,80.2657089233,22956,22966,10
13.1156597137,80.2657089233,22966,22976,10
13.1153497696,80.2657012939,22976,23026,50
13.1153497696,80.2657012939,23026,23036,10
13.1151199341,80.2657089233,23036,23046,10
13.1150598526,80.2657012939,23046,23056,10
13.1148796082,80.2657012939,23056,23066,10
13.1147203445,80.2657012939,23066,23077,11
13.1144800186,80.2657012939,23077,23097,20
13.1144800186,80.2657012939,23097,23107,10
13.1141901016,80.2657089233,23107,23117,10
13.114159584,80.2657165527,23117,23127,10
13.1138296127,80.2657470703,23127,23137,10
13.1132698059,80.2657470703,23137,23147,10
13.1125402451,80.2657623291,23147,23157,10
13.111869812,80.2657470703,23157,23167,10
13.1116199493,80.2657623291,23167,23177,10
13.1109800339,80.2657318115,23177,23198,21
13.1109800339,80.2657318115,23198,23208,10
13.1107902527,80.2657318115,23208,23218,10
13.1104297638,80.2659225464,23218,23228,10
13.1099300385,80.2663421631,23228,23238,10
13.1094799042,80.266708374,23238,23248,10
13.1089601517,80.2671813965,23248,23268,20
13.1089601517,80.2671813965,23268,23278,10
13.1088600159,80.2672195435,23278,23288,10
13.1085796356,80.2674865723,23288,23299,11
13.1083097458,80.2677536011,23299,23309,10
13.1079101563,80.268157959,23309,23317,8
13.1038398743,80.2729492188,23317,23387,70
13.1038398743,80.2729492188,23387,23407,20
13.1037197113,80.2736206055,23407,23418,11
13.1033201218,80.2737579346,23418,23428,10
13.1027202606,80.2740478516,23428,23438,10
13.1019802094,80.2743988037,23438,23448,10
13.1012601852,80.2747497559,23448,23458,10
13.1010303497,80.2748413086,23458,23468,10
13.1009998322,80.2748565674,23468,23478,10
13.1006402969,80.2749633789,23478,23488,10
13.1000204086,80.2751464844,23488,23498,10
13.0992498398,80.2752075195,23498,23508,10
13.098449707,80.2752227783,23508,23518,10
13.0979995728,80.2752304077,23518,23527,9
13.0978899002,80.2751998901,23527,23539,12
13.0973901749,80.275177002,23539,23549,10
13.0967702866,80.2751922607,23549,23559,10
13.0961303711,80.275177002,23559,23569,10
13.0955095291,80.2751998901,23569,23579,10
13.0948095322,80.2752075195,23579,23589,10
13.0941200256,80.2752227783,23589,23599,10
13.0934000015,80.2752227783,23599,23609,10
13.0928096771,80.2752380371,23609,23619,10
13.0923299789,80.2752838135,23619,23629,10
13.0917797089,80.2752532959,23629,23639,10
13.091629982,80.2752304077,23639,23650,11
13.0914497375,80.2751998901,23650,23660,10
13.0909500122,80.2751998901,23660,23670,10
13.0902099609,80.2752532959,23670,23680,10
13.0895900726,80.2753295898,23680,23690,10
13.0894804001,80.2753372192,23690,23700,10
13.0890703201,80.2753982544,23700,23710,10
13.088350296,80.2754821777,23710,23720,10
13.0875101089,80.2755889893,23720,23730,10
13.0866804123,80.2757034302,23730,23740,10
13.0864200592,80.2757110596,23740,23750,10
13.0858802795,80.2757720947,23750,23760,10
13.085100174,80.2758636475,23760,23771,11
13.0834503174,80.2760696411,23771,23791,20
13.0834503174,80.2760696411,23791,23801,10
13.0832595825,80.2760925293,23801,23811,10
13.0827598572,80.2761688232,23811,23821,10
13.0820398331,80.276260376,23821,23831,10
13.0818595886,80.2766036987,23831,23841,10
13.0819196701,80.2773208618,23841,23851,10
13.0820302963,80.2779922485,23851,23861,10
13.0826101303,80.2780838013,23861,23870,9
13.0831604004,80.2780990601,23870,23882,12
13.0833902359,80.2782821655,23882,23892,10
13.0835599899,80.278793335,23892,23902,10
13.0832300186,80.2789611816,23902,23912,10
13.0824203491,80.2786407471,23912,23942,30
13.0824203491,80.2786407471,23942,23952,10
13.0823497772,80.2785720825,23952,23962,10
13.0820398331,80.2783584595,23962,23972,10
13.0819396973,80.277633667,23972,24003,31
13.0819396973,80.277633667,24003,24013,10
13.0819501877,80.2775421143,24013,24023,10
13.0819301605,80.2771072388,24023,24033,10
13.0818395615,80.2763519287,24033,24043,10
13.0816297531,80.2756271362,24043,24053,10
13.081609726,80.2754898071,24053,24063,10
13.0815696716,80.275352478,24063,24073,10
13.0813903809,80.275177002,24073,24083,10
13.0809898376,80.2752304077,24083,24093,10
13.0805196762,80.2752914429,24093,24103,10
13.0799198151,80.2753601074,24103,24114,11
13.0791196823,80.2752380371,24114,24124,10
13.0783500671,80.2755126953,24124,24134,10
13.0778903961,80.2762374878,24134,24144,10
13.0768299103,80.2762908936,24144,24154,10
13.0756797791,80.2763519287,24154,24164,10
13.0750303268,80.2763977051,24164,24174,10
13.0749597549,80.2763824463,24174,24184,10
13.0745697021,80.2763977051,24184,24194,10
13.0738697052,80.2764663696,24194,24204,10
13.0733299255,80.2761917114,24204,24214,10
13.072810173,80.2756195068,24214,24224,10
13.0721998215,80.2749481201,24224,24235,11
13.0716400146,80.274520874,24235,24245,10
13.0707197189,80.2740783691,24245,24275,30
13.0707197189,80.2740783691,24275,24285,10
13.0706100464,80.2739028931,24285,24295,10
13.0703897476,80.2734909058,24295,24305,10
13.0699796677,80.2729568481,24305,24315,10
13.0694503784,80.2723922729,24315,24325,10
13.0690002441,80.2720031738,24325,24335,10
13.0685396194,80.2720108032,24335,24346,11
13.0678596497,80.2724761963,24346,24356,10
13.0675401688,80.2728881836,24356,24366,10
13.0674695969,80.2729568481,24366,24376,10
13.0671901703,80.2733230591,24376,24386,10
13.0668096542,80.2738800049,24386,24396,10
13.0665102005,80.274597168,24396,24406,10
13.0662202835,80.2753601074,24406,24416,10
13.0661296844,80.2756729126,24416,24426,10
13.065990448,80.2759780884,24426,24436,10
13.0657596588,80.2765426636,24436,24446,10
13.0654201508,80.2772903442,24446,24456,10
13.064909935,80.2783432007,24456,24477,21
13.064909935,80.2783432007,24477,24487,10
13.0648498535,80.2784729004,24487,24497,10
13.0646896362,80.2789535522,24497,24507,10
13.0644903183,80.2797393799,24507,24517,10
13.0643701553,80.2807769775,24517,24527,10
13.0644702911,80.2817764282,24527,24537,10
13.0643501282,80.2828369141,24537,24547,10
13.0645999908,80.2835006714,24547,24567,20
13.0645999908,80.2835006714,24567,24577,10
13.0647697449,80.2835388184,24577,24588,11
13.0654096603,80.2836914063,24588,24598,10
13.066280365,80.2838897705,24598,24608,10
13.0673904419,80.2841415405,24608,24618,10
13.0684900284,80.2843704224,24618,24628,10
13.0696296692,80.28465271,24628,24638,10
13.0707798004,80.2849502563,24638,24648,10
13.0719499588,80.2852478027,24648,24658,10
13.0730895996,80.2853927612,24658,24668,10
13.073969841,80.2856063843,24668,24678,10
13.0735797882,80.2860031128,24678,24688,10
13.0727500916,80.2855834961,24688,24699,11
13.0715703964,80.2852020264,24699,24709,10
13.0704498291,80.2849121094,24709,24719,10
13.069319725,80.28465271,24719,24729,10
13.068189621,80.2843933105,24729,24739,10
13.0672197342,80.2843322754,24739,24749,10
13.066740036,80.2844085693,24749,25031,282
13.066740036,80.2844085693,25031,25041,10
13.0666599274,80.2843017578,25041,25052,11
13.0663700104,80.2842330933,25052,25062,10
13.0661001205,80.2841033936,25062,25072,10
13.0657196045,80.2839431763,25072,25082,10
13.0650901794,80.2837677002,25082,25092,10
13.0643997192,80.2835617065,25092,25112,20
13.0643997192,80.2835617065,25112,25122,10
13.0641403198,80.2834396362,25122,25132,10
13.0642595291,80.2828979492,25132,25142,10
13.0643997192,80.2820968628,25142,25152,10
13.0643596649,80.2811508179,25152,25163,11
13.0643596649,80.2800674438,25163,25173,10
13.0646295547,80.2789382935,25173,25183,10
13.0648498535,80.2781829834,25183,25193,10
13.0652198792,80.2775115967,25193,25203,10
13.0656003952,80.2766799927,25203,25213,10
13.0659399033,80.2758407593,25213,25223,10
13.0663499832,80.2747421265,25223,25233,10
13.0667295456,80.2737731934,25233,25243,10
13.0672397614,80.2731018066,25243,25253,10
13.0677700043,80.2724075317,25253,25263,10
13.0681600571,80.2719497681,25263,25284,21
13.0682601929,80.2718811035,25284,25314,30
13.0682601929,80.2718811035,25314,25324,10
13.0686397552,80.2718429565,25324,25334,10
13.0692596436,80.2720794678,25334,25344,10
13.0698900223,80.2727432251,25344,25354,10
13.0705404282,80.2735595703,25354,25364,10
13.0712003708,80.2741317749,25364,25374,10
13.0719099045,80.2744827271,25374,25383,9
13.0725002289,80.275100708,25383,25395,12
13.0732803345,80.275932312,25395,25405,10
13.0738201141,80.2763519287,25405,25415,10
13.074669838,80.2763290405,25415,25425,10
13.0754804611,80.2762908936,25425,25435,10
13.0757398605,80.2762832642,25435,25445,10
13.0762500763,80.2762527466,25445,25455,10
13.0769195557,80.2762374878,25455,25465,10
13.0776901245,80.2761993408,25465,25475,10
13.0782403946,80.2758026123,25475,25485,10
13.0785999298,80.2751922607,25485,25495,10
13.0792798996,80.2752075195,25495,25504,9
13.0799798965,80.2752990723,25504,25516,12
13.0810403824,80.275177002,25516,25526,10
13.0814695358,80.275138855,25526,25596,70
13.0814695358,80.275138855,25596,25606,10
13.0816898346,80.2751922607,25606,25616,10
13.0820102692,80.2755279541,25616,25647,31
13.0820102692,80.2755279541,25647,25657,10
13.0820503235,80.2759017944,25657,25667,10
13.081870079,80.2761306763,25667,25677,10
13.082159996,80.2761917114,25677,25687,10
13.0825796127,80.2761611938,25687,25697,10
13.0830001831,80.2761077881,25697,25707,10
13.0832595825,80.2760925293,25707,25717,10
13.0833396912,80.2760925293,25717,25727,10
13.0836200714,80.2760620117,25727,25737,10
13.0839300156,80.2760162354,25737,25748,11
13.0846004486,80.275932312,25748,25758,10
13.0854196548,80.2758407593,25758,25768,10
13.0862703323,80.2757568359,25768,25778,10
13.0871095657,80.2756576538,25778,25788,10
13.0874204636,80.2756195068,25788,25798,10
13.087770462,80.2755966187,25798,25808,10
13.0884599686,80.2755203247,25808,25818,10
13.08934021,80.2754211426,25818,25828,10
13.089969635,80.2753219604,25828,25838,10
13.090180397,80.2752990723,25838,25848,10
13.090760231,80.2752838135,25848,25858,10
13.0914897919,80.2752685547,25858,25869,11
13.0922603607,80.2752685547,25869,25899,30
13.0922603607,80.2752685547,25899,25909,10
13.0925102234,80.2752685547,25909,25919,10
13.0930595398,80.2752609253,25919,25929,10
13.0938396454,80.2752304077,25929,25939,10
13.0943098068,80.2752075195,25939,25949,10
13.094499588,80.2751998901,25949,25959,10
13.0946702957,80.2751998901,25959,25969,10
13.0951900482,80.2752227783,25969,25980,11
13.0960197449,80.2751998901,25980,25990,10
13.0967998505,80.2752075195,25990,26000,10
13.0973901749,80.2751998901,26000,26010,10
13.0975198746,80.2751998901,26010,26020,10
13.0979299545,80.2752304077,26020,26030,10
13.0986003876,80.2752304077,26030,26040,10
13.0993795395,80.2752075195,26040,26050,10
13.1002502441,80.275062561,26050,26060,10
13.1012601852,80.2746887207,26060,26070,10
13.1022500992,80.2742233276,26070,26079,9
13.1024198532,80.2741317749,26079,26090,11
13.1025400162,80.2740783691,26090,26101,11
13.1030101776,80.2738800049,26101,26111,10
13.1036500931,80.2735824585,26111,26121,10
13.1038799286,80.2734527588,26121,26131,10
13.1038799286,80.2731933594,26131,26141,10
13.1038103104,80.2727508545,26141,26151,10
13.1039304733,80.2723007202,26151,26161,10
13.1042995453,80.2718582153,26161,26171,10
13.1045303345,80.2713012695,26171,26181,10
13.1052904129,80.2709503174,26181,26191,10
13.1061201096,80.2702102661,26191,26201,10
13.1068496704,80.2693786621,26201,26212,11
13.1075000763,80.2686462402,26212,26222,10
13.1080198288,80.2681121826,26222,26232,10
13.108590126,80.2675323486,26232,26242,10
13.1090803146,80.2670516968,26242,26252,10
13.1095399857,80.2666320801,26252,26262,10
13.1101303101,80.2661514282,26262,26272,10
13.1105203629,80.2658309937,26272,26282,10
13.110830307,80.2656478882,26282,26292,10
13.1109895706,80.2656326294,26292,26302,10
13.1112098694,80.2656173706,26302,26312,10
13.1117897034,80.2656097412,26312,26322,10
13.1125802994,80.265586853,26322,26333,11
13.1133499146,80.265586853,26333,26343,10
13.1142902374,80.265663147,26343,26363,20
13.1142902374,80.265663147,26363,26373,10
13.1143503189,80.2656707764,26373,26383,10
13.1147203445,80.2656784058,26383,26393,10
13.1151800156,80.2656936646,26393,26403,10
13.1154499054,80.2657012939,26403,26413,10
13.1159000397,80.2657165527,26413,26423,10
13.1166296005,80.2657165527,26423,26433,10
13.1174697876,80.2657318115,26433,26444,11
13.1184997559,80.2657318115,26444,26454,10
13.1192998886,80.2657394409,26454,26464,10
13.1195001602,80.2657470703,26464,26474,10
13.1197099686,80.2657470703,26474,26484,10
13.119799614,80.2657623291,26484,26494,10
13.1199598312,80.2657623291,26494,26504,10
13.1202898026,80.2657623291,26504,26514,10
13.1209096909,80.2657699585,26514,26524,10
13.1216697693,80.2657928467,26524,26534,10
13.122759819,80.2657699585,26534,26553,19
13.122759819,80.2657699585,26553,26565,12
13.1228599548,80.2655105591,26565,26575,10
13.1228704453,80.2650299072,26575,26585,10
13.1228704453,80.2642364502,26585,26595,10
13.1228904724,80.2634429932,26595,26605,10
13.1229000092,80.2626190186,26605,26615,10
13.1229000092,80.2618637085,26615,26625,10
13.1229095459,80.2615890503,26625,26635,10
13.1229000092,80.261138916,26635,26645,10
13.1229295731,80.2604217529,26645,26655,10
13.1229200363,80.2595977783,26655,26665,10
13.1229295731,80.2593383789,26665,26675,10
13.1230697632,80.2592163086,26675,26686,11
13.1236600876,80.2592163086,26686,26696,10
13.1241798401,80.2592086792,26696,26706,10
13.1248703003,80.2591629028,26706,26726,20
13.1248703003,80.2591629028,26726,26736,10
13.1250801086,80.2591705322,26736,26746,10
13.125579834,80.259147644,26746,26756,10
13.1262798309,80.2591094971,26756,26766,10
13.1267700195,80.2590789795,26766,26776,10
13.1268901825,80.2590713501,26776,26786,10
13.1272201538,80.2590484619,26786,26797,11
13.127989769,80.2590103149,26797,26807,10
13.1286802292,80.258972168,26807,26817,10
13.1292104721,80.2589569092,26817,26827,10
13.1295795441,80.2589416504,26827,26837,10
13.13022995,80.2589035034,26837,26847,10
13.1310100555,80.2588729858,26847,26857,10
13.1311998367,80.2588577271,26857,26867,10
13.1313400269,80.2587966919,26867,26877,10
13.1314001083,80.2585906982,26877,26887,10
13.1314401627,80.2581176758,26887,26897,10
13.1314201355,80.2575378418,26897,26906,9
13.1314201355,80.2570800781,26906,26918,12
13.1314401627,80.2563705444,26918,26928,10
13.1314496994,80.2561035156,26928,26938,10
13.1314697266,80.2557601929,26938,26948,10
13.1314897537,80.2552108765,26948,26958,10
13.1315002441,80.2545089722,26958,26968,10
13.1315202713,80.2537689209,26968,26978,10
13.131529808,80.2531280518,26978,26988,10
13.1315402985,80.2530670166,26988,26998,10
13.1315603256,80.2528915405,26998,27008,10
13.1315803528,80.252571106,27008,27017,9
13.1317796707,80.2526397705,27017,27029,12
13.1321496964,80.2531814575,27029,27039,10
13.1328601837,80.2534790039,27039,27049,10
13.133649826,80.2535476685,27049,27059,10
13.1338701248,80.2535705566,27059,27069,10
13.1339101791,80.2535934448,27069,27079,10
13.1342496872,80.2536773682,27079,27089,10
13.1346702576,80.2538604736,27089,27099,10
13.1350498199,80.2541427612,27099,27109,10
13.1353502274,80.2543411255,27109,27119,10
13.1355800629,80.2545089722,27119,27129,10
13.1358995438,80.2547988892,27129,27138,9
13.136179924,80.2550201416,27138,27150,12
13.136179924,80.255027771,27150,27160,10
13.1363096237,80.2551574707,27160,27170,10
13.1364803314,80.2553710938,27170,27180,10
13.1365604401,80.255569458,27180,27190,10
13.136590004,80.2556762695,27190,27200,10
13.1365995407,80.2560195923,27200,27210,10
13.1365499496,80.2566223145,27210,27220,10
13.1364803314,80.2571105957,27220,27230,10
13.1361904144,80.257019043,27230,27624,394
13.1361904144,80.257019043,27624,27634,10
13.1364297867,80.2569274902,27634,27644,10
13.1365203857,80.2567596436,27644,27654,10
13.1365499496,80.2565002441,27654,27664,10
13.1365604401,80.2559890747,27664,27674,10
13.1365404129,80.2555236816,27674,27684,10
13.1363096237,80.2551803589,27684,27694,10
13.1361303329,80.2549972534,27694,27704,10
13.1358699799,80.2547836304,27704,27714,10
13.1355600357,80.2545166016,27714,27723,9
13.1353502274,80.2543792725,27723,27735,12
13.1350097656,80.2541427612,27735,27745,10
13.1347999573,80.2539901733,27745,27755,10
13.1342096329,80.2536697388,27755,27815,60
13.1342096329,80.2536697388,27815,27825,10
13.1340904236,80.2536010742,27825,27835,10
13.133939743,80.253578186,27835,27846,11
13.1337795258,80.2535629272,27846,27856,10
13.1334695816,80.2535400391,27856,27866,10
13.1330404282,80.2535324097,27866,27876,10
13.1325902939,80.2534484863,27876,27886,10
13.1322498322,80.253288269,27886,27896,10
13.1319999695,80.2530670166,27896,27906,10
13.1317796707,80.2528076172,27906,27916,10
13.1315498352,80.2527618408,27916,27926,10
13.1315498352,80.2530593872,27926,27946,20
13.1315498352,80.2530593872,27946,27956,10
13.1315402985,80.2533721924,27956,27967,11
13.1315097809,80.2539596558,27967,27977,10
13.131480217,80.2546920776,27977,27987,10
13.1314697266,80.2553634644,27987,27997,10
13.1314601898,80.256111145,27997,28007,10
13.1314496994,80.2566833496,28007,28017,10
13.1314401627,80.2572021484,28017,28027,10
13.1314296722,80.2578201294,28027,28037,10
13.1314201355,80.2585601807,28037,28067,30
13.1314201355,80.2585601807,28067,28078,11
13.1313295364,80.2587966919,28078,28088,10
13.131070137,80.2588577271,28088,28098,10
13.1306800842,80.2588577271,28098,28108,10
13.1301403046,80.2588806152,28108,28118,10
13.1294603348,80.2589111328,28118,28128,10
13.1291103363,80.2589569092,28128,28138,10
13.1286001205,80.2589797974,28138,28148,10
13.1278896332,80.2590179443,28148,28158,10
13.1271800995,80.2590637207,28158,28168,10
13.1264896393,80.2591094971,28168,28178,10
13.1257295609,80.2591323853,28178,28188,10
13.124879837,80.2591705322,28188,28199,11
13.1244497299,80.2591781616,28199,28209,10
13.1243696213,80.2591934204,28209,28219,10
13.12403965,80.2592086792,28219,28229,10
13.1235704422,80.2592163086,28229,28239,10
13.123000145,80.259262085,28239,28259,20
13.123000145,80.259262085,28259,28269,10
13.1229496002,80.2594833374,28269,28279,10
13.1229600906,80.2599182129,28279,28289,10
13.1229600906,80.2606124878,28289,28299,10
13.1229696274,80.2613830566,28299,28309,10
13.1229496002,80.2617416382,28309,28320,11
13.1229400635,80.2621917725,28320,28330,10
13.1229400635,80.2628479004,28330,28340,10
13.1229200363,80.2635726929,28340,28350,10
13.1229095459,80.2643127441,28350,28360,10
13.1229000092,80.2651367188,28360,28370,10
13.1229000092,80.2656784058,28370,28380,10
13.1227502823,80.2658309937,28380,28390,10
13.1223201752,80.2658081055,28390,28400,10
13.122179985,80.2658081055,28400,28410,10
13.1219797134,80.2658004761,28410,28420,10
13.1215200424,80.2657928467,28420,28431,11
13.1207704544,80.2657699585,28431,28441,10
13.120059967,80.2657623291,28441,28451,10
13.11977005,80.2657470703,28451,28461,10
13.1193599701,80.2657699585,28461,28471,10
13.1189603806,80.2657623291,28471,28481,10
13.1186704636,80.2657470703,28481,28491,10
13.1185703278,80.2657470703,28491,28501,10
13.1181297302,80.2657623291,28501,28511,10
13.1174497604,80.2657623291,28511,28521,10
13.1166801453,80.2657470703,28521,28531,10
13.1158800125,80.2657394409,28531,28541,10
13.1154603958,80.2657318115,28541,28552,11
13.1152000427,80.2657165527,28552,28562,10
13.1144695282,80.2657165527,28562,28582,20
13.1144695282,80.2657165527,28582,28592,10
13.1142997742,80.2657012939,28592,28602,10
13.1140403748,80.2657470703,28602,28612,10
13.1136398315,80.2657470703,28612,28622,10
13.1129398346,80.2657623291,28622,28632,10
13.1122198105,80.2657470703,28632,28642,10
13.1118001938,80.2657470703,28642,28652,10
13.1115503311,80.2657699585,28652,28663,11
13.1110801697,80.2657699585,28663,28673,10
13.1106700897,80.2657928467,28673,28683,10
13.1103897095,80.2659912109,28683,28693,10
13.1099796295,80.2663116455,28693,28703,10
13.1094799042,80.2667236328,28703,28713,10
13.1090602875,80.2670898438,28713,28723,10
13.1085300446,80.2676010132,28723,28733,10
13.1079502106,80.2682113647,28733,28743,10
13.1072797775,80.2688903809,28743,28753,10
13.1067495346,80.2695236206,28753,28763,10
13.1062002182,80.270149231,28763,28773,10
13.1056499481,80.2707595825,28773,28784,11
13.1049499512,80.271156311,28784,28794,10
13.1044797897,80.2714080811,28794,28804,10
13.10435009,80.2717437744,28804,28814,10
13.1039800644,80.2722930908,28814,28824,10
13.1039304733,80.2733535767,28824,28884,60
13.1039304733,80.2733535767,28884,28895,11
13.103969574,80.2734832764,28895,28905,10
13.1037597656,80.2735977173,28905,28915,10
13.1033802032,80.2737503052,28915,28925,10
13.1029701233,80.2739181519,28925,28935,10
13.1027002335,80.2740478516,28935,28945,10
13.1021299362,80.2743225098,28945,28955,10
13.1010303497,80.274848938,28955,28975,20
13.1010303497,80.274848938,28975,28985,10
13.1006803513,80.2749481201,28985,28995,10
13.1001396179,80.275100708,28995,29005,10
13.0994596481,80.2751617432,29005,29016,11
13.0987100601,80.2751998901,29016,29026,10
13.0980701447,80.2752380371,29026,29036,10
13.0980701447,80.2752227783,29036,29046,10
13.0977802277,80.2752075195,29046,29056,10
13.097319603,80.2751998901,29056,29066,10
13.0968799591,80.2752075195,29066,29076,10
13.0964403152,80.2751998901,29076,29086,10
13.0959796906,80.2751998901,29086,29096,10
13.0954399109,80.2752075195,29096,29106,10
13.0948295593,80.2751998901,29106,29116,10
13.0942697525,80.2752227783,29116,29127,11
13.0936899185,80.2752304077,29127,29137,10
13.0928201675,80.2752227783,29137,29157,20
13.0928201675,80.2752227783,29157,29167,10
13.0925502777,80.2752380371,29167,29177,10
13.0921201706,80.2752609253,29177,29187,10
13.0916996002,80.2752609253,29187,29197,10
13.0916900635,80.2752380371,29197,29207,10
13.0915899277,80.275177002,29207,29217,10
13.0912704468,80.2751693726,29217,29227,10
13.0907297134,80.2751693726,29227,29236,9
13.0900602341,80.2752304077,29236,29248,12
13.0894203186,80.2753295898,29248,29258,10
13.0892496109,80.2753601074,29258,29268,10
13.088760376,80.2754211426,29268,29278,10
13.0880298615,80.2754898071,29278,29288,10
13.0866804123,80.2756729126,29288,29308,20
13.0866804123,80.2756729126,29308,29318,10
13.0865001678,80.2757110596,29318,29328,10
13.0861196518,80.2757415771,29328,29338,10
13.0854701996,80.2758102417,29338,29348,10
13.084690094,80.2759017944,29348,29358,10
13.0837402344,80.2760391235,29358,29379,21
13.0837402344,80.2760391235,29379,29389,10
13.0836601257,80.2760467529,29389,29399,10
13.0834102631,80.2760772705,29399,29409,10
13.0828504562,80.2761611938,29409,29419,10
13.082110405,80.276260376,29419,29429,10
13.0818996429,80.276550293,29429,29439,10
13.0819797516,80.2771682739,29439,29449,10
13.082110405,80.277923584,29449,29459,10
13.0827999115,80.2780532837,29459,29469,10
13.0833301544,80.2780914307,29469,29480,11
13.0833997726,80.2781219482,29480,29490,10
13.0834903717,80.2784118652,29490,29500,10
13.0835599899,80.2789535522,29500,29510,10
13.0831899643,80.2788772583,29510,29520,10
13.082400322,80.2785797119,29520,29580,60
13.082400322,80.2785797119,29580,29590,10
13.0821199417,80.278503418,29590,29601,11
13.0819301605,80.2781906128,29601,29611,10
13.0818796158,80.2776412964,29611,29661,50
13.0818796158,80.2776412964,29661,29671,10
13.0818901062,80.2773513794,29671,29681,10
13.0818395615,80.276802063,29681,29691,10
13.0816497803,80.2759399414,29691,29722,31
13.0816497803,80.2759399414,29722,29732,10
13.0816001892,80.2757263184,29732,29782,50
13.0816001892,80.2757263184,29782,29792,10
13.0815200806,80.2752990723,29792,29802,10
13.0811195374,80.2752532959,29802,29812,10
13.0806503296,80.2753067017,29812,29822,10
13.0800800323,80.2753677368,29822,29833,11
13.0793104172,80.2753067017,29833,29843,10
13.0784797668,80.2753219604,29843,29853,10
13.078040123,80.2761917114,29853,29863,10
13.0770301819,80.2762908936,29863,29873,10
13.0759096146,80.2763519287,29873,29883,10
13.0750398636,80.2764129639,29883,29893,10
13.0749998093,80.2764129639,29893,29903,10
13.0749397278,80.2763900757,29903,29912,9
13.0746097565,80.2763977051,29912,29923,11
13.0739402771,80.2764663696,29923,29933,10
13.073849678,80.2764892578,29933,29943,10
13.0738096237,80.2764892578,29943,29954,11
13.0734796524,80.2764205933,29954,29964,10
13.0730800629,80.2759475708,29964,29974,10
13.0725803375,80.2753829956,29974,29984,10
13.0720596313,80.2748336792,29984,29994,10
13.0714197159,80.274520874,29994,30004,10
13.0707998276,80.274307251,30004,30014,10
13.0707798004,80.2742919922,30014,30024,10
13.0707502365,80.2742614746,30024,30034,10
13.0705900192,80.2739486694,30034,30044,10
13.0703601837,80.2734985352,30044,30054,10
13.0698795319,80.2729187012,30054,30064,10
13.0692501068,80.2722702026,30064,30075,11
13.0685997009,80.2720489502,30075,30085,10
13.0679798126,80.2723312378,30085,30095,10
13.0674695969,80.2729568481,30095,30105,10
13.0673799515,80.2730865479,30105,30115,10
13.0670604706,80.2734527588,30115,30125,10
13.0666999817,80.2740402222,30125,30135,10
13.0664100647,80.2747573853,30135,30145,10
13.0661201477,80.2755813599,30145,30155,10
13.0660600662,80.2757415771,30155,30165,10
13.0659198761,80.2760772705,30165,30174,9
13.0656995773,80.2766571045,30174,30186,12
13.0652198792,80.2776794434,30186,30196,10
13.0648002625,80.2785491943,30196,30206,10
13.064789772,80.2786178589,30206,30216,10
13.0647602081,80.278717041,30216,30226,10
13.0646295547,80.2791900635,30226,30236,10
13.0644197464,80.2799682617,30236,30246,10
13.0644102097,80.2810211182,30246,30256,10
13.064450264,80.2820968628,30256,30266,10
13.0642795563,80.2831420898,30266,30276,10
13.0648298264,80.2835617065,30276,30307,31
13.0648298264,80.2835617065,30307,30317,10
13.065030098,80.2835769653,30317,30327,10
13.0656099319,80.2837219238,30327,30337,10
13.0665197372,80.2839202881,30337,30347,10
13.0675001144,80.2841491699,30347,30357,10
13.0684099197,80.2843093872,30357,30367,10
13.0695199966,80.2845993042,30367,30377,10
13.0706300735,80.2848892212,30377,30387,10
13.0717697144,80.2851791382,30387,30397,10
13.0728998184,80.2853927612,30397,30407,10
13.0738096237,80.2854614258,30407,30417,10
13.0740003586,80.2858123779,30417,30428,11
13.0733098984,80.2859115601,30428,30438,10
13.0724096298,80.28540802,30438,30448,10
13.0713195801,80.285118103,30448,30458,10
13.0701799393,80.2848434448,30458,30468,10
13.0690202713,80.2845993042,30468,30478,10
13.0680198669,80.2843704224,30478,30488,10
13.0669002533,80.2844009399,30488,30498,10
13.0669002533,80.2844009399,30498,30508,10
13.0666303635,80.284362793,30508,31305,797
13.0666303635,80.284362793,31305,31315,10
13.0663204193,80.2842102051,31315,31376,61
13.0663700104,80.2842712402,31376,31416,40
13.0663700104,80.2842712402,31416,31426,10
13.0661802292,80.2841796875,31426,31436,10
13.0659198761,80.2839889526,31436,31446,10
13.0654001236,80.2838363647,31446,31456,10
13.0646400452,80.2836380005,31456,31466,10
13.0638599396,80.2834320068,31466,31476,10
13.063170433,80.283241272,31476,31487,11
13.0626602173,80.2831115723,31487,31497,10
13.0621595383,80.282989502,31497,31507,10
13.0615901947,80.2828521729,31507,31517,10
13.061050415,80.2827529907,31517,31527,10
13.0602903366,80.2825775146,31527,31537,10
13.0595197678,80.282409668,31537,31547,10
13.0586299896,80.2822113037,31547,31557,10
13.0575799942,80.2820205688,31557,31618,61
13.0575799942,80.2820205688,31618,31628,10
13.0574903488,80.2819213867,31628,31638,10
13.0576095581,80.2811203003,31638,31658,20
13.0576095581,80.2811203003,31658,31668,10
13.0576601028,80.2808990479,31668,31678,10
13.0577402115,80.2803726196,31678,31688,10
13.0578203201,80.2796478271,31688,31698,10
13.0579099655,80.2791671753,31698,31708,10
13.0579795837,80.2788696289,31708,31718,10
13.0580701828,80.2780609131,31718,31739,21
13.0580701828,80.2780609131,31739,31749,10
13.0581197739,80.277923584,31749,31759,10
13.0581798553,80.2774581909,31759,31769,10
13.0585298538,80.2773208618,31769,31779,10
13.0591201782,80.2774276733,31779,31789,10
13.0597896576,80.2775726318,31789,31799,10
13.0601501465,80.2776412964,31799,31809,10
13.0608596802,80.2777328491,31809,31829,20
13.0608596802,80.2777328491,31829,31840,11
13.0611600876,80.2777709961,31840,31850,10
13.0615596771,80.2778396606,31850,31860,10
13.0617198944,80.2778778076,31860,31870,10
13.0620603561,80.2779388428,31870,31880,10
13.0625495911,80.2780227661,31880,31890,10
13.0632400513,80.2781066895,31890,31900,10
13.0639696121,80.2782211304,31900,31910,10
13.0640697479,80.2782287598,31910,31920,10
13.0643997192,80.2782897949,31920,31930,10
13.0647001266,80.2782897949,31930,31940,10
13.0650100708,80.2779388428,31940,31950,10
13.0653600693,80.2772293091,31950,31961,11
13.0658102036,80.276260376,31961,31971,10
13.0660800934,80.2754974365,31971,31981,10
13.0663499832,80.2747116089,31981,31991,10
13.0663795471,80.2746276855,31991,32001,10
13.0664396286,80.2744674683,32001,32011,10
13.0666799545,80.2739028931,32011,32031,20
13.0666799545,80.2739028931,32031,32041,10
13.0667495728,80.2737579346,32041,32051,10
13.0669603348,80.2735137939,32051,32061,10
13.0672302246,80.2731323242,32061,32071,10
13.0676603317,80.272567749,32071,32082,11
13.0683298111,80.2718582153,32082,32092,10
13.0688400269,80.2718963623,32092,32102,10
13.0691900253,80.2720718384,32102,32112,10
13.0696697235,80.2725830078,32112,32122,10
13.0702295303,80.2732086182,32122,32132,10
13.0706501007,80.2737579346,32132,32142,10
13.0711698532,80.2740936279,32142,32152,10
13.0712099075,80.2741088867,32152,32162,10
13.071559906,80.2742614746,32162,32172,10
13.0720901489,80.2746734619,32172,32182,10
13.0726299286,80.2752304077,32182,32192,10
13.0732698441,80.2759017944,32192,32203,11
13.0740003586,80.2763290405,32203,32213,10
13.0749502182,80.2762985229,32213,32223,10
13.075750351,80.2762374878,32223,32233,10
13.0757703781,80.2762374878,32233,32243,10
13.0760402679,80.2762374878,32243,32253,10
13.0766201019,80.2762374878,32253,32263,10
13.0774297714,80.2761993408,32263,32273,10
13.0781803131,80.2759628296,32273,32283,10
13.0785102844,80.2752380371,32283,32293,10
13.0792303085,80.2751998901,32293,32302,9
13.0799798965,80.2752914429,32302,32314,12
13.0811700821,80.2751464844,32314,32344,30
13.0811700821,80.2751464844,32344,32354,10
13.0812702179,80.2751464844,32354,32364,10
13.0815401077,80.275138855,32364,32374,10
13.0819196701,80.2752914429,32374,32384,10
13.0820398331,80.2756195068,32384,32424,40
13.0820398331,80.2756195068,32424,32435,11
13.0819997787,80.2758865356,32435,32445,10
13.0819501877,80.2759475708,32445,32455,10
13.0818901062,80.2760009766,32455,32465,10
13.0819101334,80.2761993408,32465,32475,10
13.0823097229,80.2761993408,32475,32485,10
13.0828304291,80.2761306763,32485,32495,10
13.0834102631,80.2760620117,32495,32505,10
13.0837602615,80.2760162354,32505,32515,10
13.0838298798,80.2760314941,32515,32525,10
13.08411026,80.2759933472,32525,32535,10
13.084690094,80.2759170532,32535,32544,9
13.0853500366,80.2758407593,32544,32556,12
13.0861902237,80.2757415771,32556,32566,10
13.0869197845,80.2756576538,32566,32576,10
13.0874500275,80.2755737305,32576,32586,10
13.0874700546,80.2755813599,32586,32596,10
13.0876502991,80.2755813599,32596,32606,10
13.0881099701,80.2755432129,32606,32616,10
13.0888204575,80.2754516602,32616,32626,10
13.0898504257,80.2752838135,32626,32646,20
13.0898504257,80.2752838135,32646,32656,10
13.090089798,80.2752532959,32656,32667,11
13.0907001495,80.2752075195,32667,32677,10
13.0913496017,80.2751998901,32677,32687,10
13.0921602249,80.2752227783,32687,32727,40
13.0921602249,80.2752227783,32727,32737,10
13.0922603607,80.2751998901,32737,32747,10
13.0926504135,80.2752227783,32747,32757,10
13.0930595398,80.2752304077,32757,32767,10
13.0935602188,80.2751998901,32767,32777,10
13.0945396423,80.275177002,32777,32798,21
13.0945396423,80.275177002,32798,32808,10
13.0948295593,80.275177002,32808,32818,10
13.0953798294,80.2751998901,32818,32828,10
13.0959300995,80.2751922607,32828,32838,10
13.0966997147,80.275177002,32838,32848,10
13.0973901749,80.275177002,32848,32858,10
13.0973997116,80.275177002,32858,32868,10
13.0975904465,80.2751922607,32868,32878,10
13.0981397629,80.2751998901,32878,32888,10
13.0989599228,80.2751922607,32888,32898,10
13.099729538,80.2751312256,32898,32909,11
13.1007099152,80.2748718262,32909,32919,10
13.1017303467,80.2744369507,32919,32929,10
13.1021699905,80.2742080688,32929,32939,10
13.1024904251,80.2740707397,32939,32959,20
13.1024904251,80.2740707397,32959,32969,10
13.1028203964,80.2739562988,32969,32979,10
13.1034002304,80.2736968994,32979,32989,10
13.1038198471,80.2734832764,32989,32999,10
13.1038398743,80.2734680176,32999,33009,10
13.1038999557,80.2732696533,33009,33019,10
13.1038503647,80.2729187012,33019,33030,11
13.1038303375,80.2724380493,33030,33040,10
13.1038503647,80.2723922729,33040,33050,10
13.1040401459,80.2721481323,33050,33060,10
13.1043395996,80.2716827393,33060,33100,40
13.1043395996,80.2716827393,33100,33110,10
13.1043796539,80.2714996338,33110,33120,10
13.1045999527,80.271232605,33120,33130,10
13.104929924,80.2710800171,33130,33141,11
13.1056804657,80.270652771,33141,33151,10
13.1062698364,80.2699890137,33151,33161,10
13.1067895889,80.2694015503,33161,33171,10
13.1071300507,80.2690124512,33171,33181,10
13.1075496674,80.2685470581,33181,33191,10
13.1079998016,80.2680969238,33191,33201,10
13.1084804535,80.2676391602,33201,33211,10
13.1088695526,80.2672271729,33211,33221,10
13.1090497971,80.2670288086,33221,33231,10
13.1093301773,80.266746521,33231,33241,10
13.1097002029,80.2664031982,33241,33251,10
13.1100702286,80.2661437988,33251,33262,11
13.1104698181,80.265838623,33262,33272,10
13.1107902527,80.2656173706,33272,33282,10
13.1112003326,80.2656021118,33282,33292,10
13.1114501953,80.265586853,33292,33302,10
13.111749649,80.2656021118,33302,33312,10
13.1123695374,80.2656021118,33312,33322,10
13.1132297516,80.2656021118,33322,33332,10
13.1140604019,80.2656173706,33332,33341,9
13.1141300201,80.2656326294,33341,33352,11
13.1142997742,80.2656478882,33352,33362,10
13.1145000458,80.265663147,33362,33372,10
13.1147203445,80.2656784058,33372,33383,11
13.1151695251,80.2656707764,33383,33393,10
13.1153497696,80.2656784058,33393,33403,10
13.115650177,80.2656936646,33403,33413,10
13.116230011,80.2657089233,33413,33423,10
13.1169595718,80.2657165527,33423,33433,10
13.1177396774,80.2657318115,33433,33443,10
13.1184501648,80.2657318115,33443,33453,10
13.1190595627,80.2657394409,33453,33463,10
13.1194095612,80.2657394409,33463,33473,10
13.1194601059,80.2657394409,33473,33483,10
13.1198101044,80.2657470703,33483,33493,10
13.1199398041,80.2657470703,33493,33504,11
13.120300293,80.2657623291,33504,33514,10
13.1209001541,80.2657699585,33514,33524,10
13.1215200424,80.2657775879,33524,33534,10
13.1227397919,80.2657470703,33534,33554,20
13.1227397919,80.2657470703,33554,33564,10
13.1228303909,80.2657012939,33564,33574,10
13.1228599548,80.2655181885,33574,33583,9
13.1228599548,80.2650985718,33583,33594,11
13.1229095459,80.2642593384,33594,33604,10
13.1229000092,80.2633895874,33604,33615,11
13.1229000092,80.2626419067,33615,33625,10
13.1229000092,80.2619628906,33625,33635,10
13.122879982,80.2615737915,33635,33645,10
13.1228704453,80.2610778809,33645,33655,10
13.122879982,80.2602615356,33655,33665,10
13.1228904724,80.2595672607,33665,33675,10
13.1229095459,80.2593688965,33675,33685,10
13.1229400635,80.2592391968,33685,33695,10
13.1231803894,80.2591781616,33695,33705,10
13.1237201691,80.2591781616,33705,33715,10
13.1243000031,80.2591629028,33715,33725,10
13.1246795654,80.2591171265,33725,33806,81
13.1246795654,80.2591171265,33806,33816,10
13.1244001389,80.2591934204,33816,33826,10
13.1240596771,80.2592010498,33826,33907,81
13.1240596771,80.2592010498,33907,33917,10
13.1239900589,80.2591400146,33917,33927,10
13.1238603592,80.2591629028,33927,33937,10
13.1238002777,80.2592010498,33937,33947,10
13.1235198975,80.2592086792,33947,33957,10
13.1231899261,80.2592086792,33957,33967,10
13.1229896545,80.2592468262,33967,33978,11
13.123000145,80.2594833374,33978,33988,10
13.1229801178,80.2599182129,33988,33998,10
13.1229600906,80.2603683472,33998,34008,10
13.1229696274,80.2609710693,34008,34109,101
13.1229696274,80.2609710693,34109,34118,9
13.1229496002,80.261390686,34118,34128,10
13.1229496002,80.2616424561,34128,34139,11
13.1229496002,80.2621078491,34139,34250,111
13.1229496002,80.2621078491,34250,34260,10
13.1229600906,80.2627029419,34260,34270,10
13.1229400635,80.2632369995,34270,34280,10
13.122879982,80.2639923096,34280,34290,10
13.1229000092,80.2647476196,34290,34300,10
13.1228904724,80.2653427124,34300,34310,10
13.122879982,80.265663147,34310,34320,10
13.1226902008,80.2657928467,34320,34331,11
13.122209549,80.2657928467,34331,34361,30
13.122209549,80.2657928467,34361,34371,10
13.1220197678,80.2657623291,34371,34381,10
13.1215600967,80.2657394409,34381,34391,10
13.1209602356,80.2657623291,34391,34401,10
13.1204795837,80.2657470703,34401,34411,10
13.1199703217,80.2657623291,34411,34421,10
13.1196804047,80.2657470703,34421,34431,10
13.1192502975,80.2657470703,34431,34452,21
13.1192502975,80.2657470703,34452,34462,10
13.1189804077,80.2657165527,34462,34472,10
13.1185503006,80.2657165527,34472,34482,10
13.1181602478,80.2657165527,34482,34492,10
13.1179199219,80.2657165527,34492,34502,10
13.1174697876,80.2657165527,34502,34512,10
13.1167802811,80.2657012939,34512,34522,10
13.1156396866,80.2657012939,34522,34573,51
13.1152496338,80.2656936646,34573,34623,50
13.1152496338,80.2656936646,34623,34633,10
13.114859581,80.2657012939,34633,34643,10
13.1146602631,80.2656936646,34643,34663,20
13.1146602631,80.2656936646,34663,34672,9
13.1144399643,80.2656784058,34672,34684,12
13.1141996384,80.2656784058,34684,34704,20
13.1141996384,80.2656784058,34704,34714,10
13.1138296127,80.2657318115,34714,34724,10
13.1134195328,80.2657318115,34724,34734,10
13.1129102707,80.2657394409,34734,34744,10
13.1124296188,80.2657318115,34744,34754,10
13.1121101379,80.2657318115,34754,34764,10
13.1118898392,80.2657318115,34764,34774,10
13.1116695404,80.2657623291,34774,34784,10
13.1113796234,80.2657623291,34784,34793,9
13.1111097336,80.2657775879,34793,34805,12
13.110830307,80.2657470703,34805,34815,10
13.1105699539,80.2658691406,34815,34825,10
13.1102695465,80.2661209106,34825,34835,10
13.1099300385,80.2663574219,34835,34845,10
13.1096601486,80.2665481567,34845,34855,10
13.1095104218,80.2666473389,34855,34865,10
13.1094999313,80.2666625977,34865,34875,10
13.1092395782,80.2668762207,34875,34885,10
13.1090097427,80.2670898438,34885,34895,10
13.1087198257,80.2673797607,34895,34905,10
13.1083602905,80.2677230835,34905,34916,11
13.1079101563,80.2681732178,34916,34926,10
13.1074399948,80.2686462402,34926,34936,10
13.1069898605,80.2692337036,34936,34946,10
13.1065502167,80.2697372437,34946,34956,10
13.1061296463,80.2702407837,34956,34966,10
13.1057796478,80.270652771,34966,34976,10
13.105389595,80.2709579468,34976,34986,10
13.1048202515,80.2712173462,34986,35026,40
13.1048202515,80.2712173462,35026,35037,11
13.1044998169,80.2713928223,35037,35047,10
13.1043996811,80.2716598511,35047,35057,10
13.1042098999,80.2720794678,35057,35067,10
13.1038999557,80.2724227905,35067,35077,10
13.1038398743,80.2727203369,35077,35087,10
13.1038999557,80.2731018066,35087,35127,40
13.1038999557,80.2731018066,35127,35137,10
13.1039600372,80.2735290527,35137,35158,21
13.1039600372,80.2735290527,35158,35168,10
13.103679657,80.2736282349,35168,35178,10
13.1033296585,80.2737579346,35178,35188,10
13.1028995514,80.27394104,35188,35198,10
13.1023101807,80.2742233276,35198,35208,10
13.1019897461,80.2743606567,35208,35218,10
13.1018104553,80.2744598389,35218,35228,10
13.1014299393,80.2746276855,35228,35238,10
13.1007995605,80.2748794556,35238,35267,29
13.1007995605,80.2748794556,35267,35279,12
13.1005496979,80.2749786377,35279,35299,20
13.1005496979,80.2749786377,35299,35309,10
13.1002702713,80.2750167847,35309,35319,10
13.0998096466,80.2751083374,35319,35329,10
13.099240303,80.2751617432,35329,35339,10
13.0986404419,80.2751998901,35339,35349,10
13.0974798203,80.2751998901,35349,35369,20
13.0974798203,80.2751998901,35369,35379,10
13.0974597931,80.2751922607,35379,35390,11
13.0971603394,80.275177002,35390,35400,10
13.0966596603,80.275177002,35400,35410,10
13.0959997177,80.275177002,35410,35420,10
13.0954198837,80.2751998901,35420,35430,10
13.0947399139,80.2752075195,35430,35440,10
13.0939998627,80.2752075195,35440,35450,10
13.0932703018,80.2752227783,35450,35460,10
13.0929203033,80.2752380371,35460,35470,10
13.0928401947,80.2752227783,35470,35480,10
13.0925102234,80.2752609253,35480,35500,20
13.0925102234,80.2752609253,35500,35511,11
13.0924396515,80.2752838135,35511,35521,10
13.0921201706,80.2752532959,35521,35531,10
13.0916204453,80.2752227783,35531,35561,30
13.0916204453,80.2752227783,35561,35571,10
13.0914201736,80.2751235962,35571,35581,10
13.0911798477,80.2751693726,35581,35591,10
13.0907201767,80.2751998901,35591,35601,10
13.0900297165,80.2752838135,35601,35611,10
13.0895795822,80.275352478,35611,35621,10
13.0892896652,80.275352478,35621,35632,11
13.088760376,80.2754211426,35632,35642,10
13.0880498886,80.2755126953,35642,35652,10
13.0873003006,80.2755966187,35652,35662,10
13.0866603851,80.2756881714,35662,35682,20
13.0866603851,80.2756881714,35682,35692,10
13.0864400864,80.275718689,35692,35702,10
13.085940361,80.2757720947,35702,35711,9
13.0852899551,80.2758331299,35711,35722,11
13.0844497681,80.275932312,35722,35732,10
13.0837802887,80.2760467529,35732,35763,31
13.0837802887,80.2760467529,35763,35773,10
13.0835504532,80.2760620117,35773,35783,10
13.0832595825,80.2760925293,35783,35793,10
13.0827503204,80.2761611938,35793,35803,10
13.0821695328,80.2762374878,35803,35813,10
13.0819196701,80.2764129639,35813,35823,10
13.0819101334,80.2764892578,35823,35833,10
13.0819396973,80.2766418457,35833,35843,10
13.0820198059,80.2769317627,35843,35853,10
13.0820903778,80.2771606445,35853,35863,10
13.082110405,80.2775497437,35863,35884,21
13.082110405,80.2775497437,35884,35894,10
13.0821695328,80.2779312134,35894,35904,10
13.0824899673,80.2780227661,35904,35914,10
13.0829401016,80.2780380249,35914,35924,10
13.083319664,80.2780609131,35924,35934,10
13.0834503174,80.2782516479,35934,35944,10
13.0835695267,80.2786178589,35944,35954,10
13.0833597183,80.2789382935,35954,35964,10
13.0825395584,80.2786178589,35964,36095,131
13.0825395584,80.2786178589,36095,36106,11
13.082159996,80.2784118652,36106,36116,10
13.0819501877,80.2780914307,36116,36126,10
13.0818996429,80.2775497437,36126,36156,30
13.0818996429,80.2775497437,36156,36166,10
13.0818500519,80.2775115967,36166,36176,10
13.0819101334,80.2772521973,36176,36186,10
13.0818796158,80.2767562866,36186,36196,10
13.0817499161,80.2761535645,36196,36277,81
13.0817499161,80.2761535645,36277,36287,10
13.0816402435,80.2758712769,36287,36317,30
13.0816001892,80.2756729126,36317,36469,152
13.0815095901,80.2752914429,36469,36489,20
13.0815095901,80.2752914429,36489,36499,10
13.0812797546,80.275177002,36499,36509,10
13.0809898376,80.2751998901,36509,36519,10
13.0805597305,80.2752532959,36519,36529,10
13.0801000595,80.2752990723,36529,36539,10
13.0796403885,80.2753067017,36539,36549,10
13.0791397095,80.2752075195,36549,36559,10
13.0784101486,80.275390625,36559,36568,9
13.0780696869,80.2761306763,36568,36580,12
13.0769500732,80.276260376,36580,36590,10
13.0758895874,80.2762985229,36590,36600,10
13.0747900009,80.2763519287,36600,36620,20
13.0747900009,80.2763519287,36620,36630,10
13.0747203827,80.2763366699,36630,36640,10
13.0743598938,80.2763595581,36640,36650,10
13.0739498138,80.2764129639,36650,36660,10
13.0739202499,80.2764205933,36660,36670,10
13.0737695694,80.2764434814,36670,36680,10
13.0734195709,80.276260376,36680,36690,10
13.0730199814,80.2757873535,36690,36701,11
13.0724601746,80.275177002,36701,36711,10
13.0719404221,80.2746429443,36711,36721,10
13.0713195801,80.2744369507,36721,36731,10
13.0706796646,80.2741165161,36731,36771,40
13.0706796646,80.2741165161,36771,36779,8
13.0706195831,80.2740097046,36779,36780,1
13.070599556,80.2739868164,36780,36804,24
13.0676002502,80.2728118896,36804,36845,41
13.0676002502,80.2728118896,36845,48374,11529
13.1393404007,80.2270584106,48374,48384,10
13.1397800446,80.2265014648,48384,48394,10
13.1402997971,80.2258071899,48394,48404,10
13.140879631,80.2250137329,48404,48414,10
13.1415395737,80.2241210938,48414,48424,10
13.1421899796,80.2232208252,48424,48434,10
13.142829895,80.2223205566,48434,48444,10
13.1434497833,80.2214736938,48444,48455,11
13.143989563,80.2205276489,48455,48465,10
13.1440095901,80.2199325562,48465,48475,10
13.144370079,80.219581604,48475,48485,10
13.1444702148,80.219543457,48485,48495,10
13.1446304321,80.2194900513,48495,48505,10
13.1450395584,80.2192764282,48505,48515,10
13.1454401016,80.2187271118,48515,48525,10
13.1458997726,80.2180862427,48525,48535,10
13.1464195251,80.2173614502,48535,48545,10
13.1470098495,80.2165298462,48545,48555,10
13.1476402283,80.215637207,48555,48565,10
13.1483001709,80.2147369385,48565,48575,10
13.1489801407,80.2138137817,48575,48586,11
13.1497497559,80.2127990723,48586,48596,10
13.1504402161,80.2118911743,48596,48606,10
13.151140213,80.2109680176,48606,48616,10
13.1518096924,80.2100601196,48616,48626,10
13.1524000168,80.2092819214,48626,48636,10
13.1528902054,80.2086181641,48636,48646,10
13.1532096863,80.2081604004,48646,48656,10
13.1532802582,80.2080764771,48656,48666,10
13.1534900665,80.2078323364,48666,48676,10
13.1537904739,80.2074279785,48676,48686,10
13.1541996002,80.2068786621,48686,48697,11
13.154800415,80.2061080933,48697,48707,10
13.1555299759,80.2053909302,48707,48717,10
13.1560697556,80.2049407959,48717,48727,10
13.1565904617,80.2045593262,48727,48737,10
13.1572303772,80.2041702271,48737,48747,10
13.1576404572,80.2039413452,48747,48757,10
13.1582202911,80.203666687,48757,48777,20
13.1582202911,80.203666687,48777,48787,10
13.1585798264,80.2035675049,48787,48797,10
13.1592102051,80.2034072876,48797,48807,10
13.1600399017,80.2032623291,48807,48817,10
13.1609897614,80.203086853,48817,48828,11
13.16203022,80.2029037476,48828,48838,10
13.1629400253,80.2026977539,48838,48848,10
13.163479805,80.2025604248,48848,48858,10
13.1638898849,80.2024307251,48858,48878,20
13.1638898849,80.2024307251,48878,48888,10
13.1642198563,80.2023010254,48888,48898,10
13.1642398834,80.2023010254,48898,48908,10
13.1644697189,80.2022476196,48908,48918,10
13.1650600433,80.2021026611,48918,48929,11
13.1659803391,80.2017669678,48929,48939,10
13.1669502258,80.2012710571,48939,48949,10
13.1679801941,80.2006988525,48949,48959,10
13.1690101624,80.2001113892,48959,48969,10
13.1700696945,80.1995010376,48969,48979,10
13.1707401276,80.1991119385,48979,48989,10
13.1707696915,80.1990966797,48989,48999,10
13.1709003448,80.1990280151,48999,49009,10
13.1712598801,80.1988372803,49009,49019,10
13.1718997955,80.1984863281,49019,49029,10
13.1727399826,80.1980209351,49029,49039,10
13.173740387,80.1974563599,49039,49050,11
13.1749401093,80.1967926025,49050,49060,10
13.1761102676,80.1961364746,49060,49070,10
13.1773195267,80.1954574585,49070,49080,10
13.1785497665,80.194770813,49080,49090,10
13.1798200607,80.1940612793,49090,49100,10
13.1811103821,80.1933364868,49100,49110,10
13.1824197769,80.1925888062,49110,49120,10
13.1835403442,80.1921386719,49120,49130,10
13.1841001511,80.1919708252,49130,49140,10
13.1841201782,80.1917877197,49140,49150,10
13.1843795776,80.1915588379,49150,49160,10
13.1848602295,80.1912765503,49160,49171,11
13.1854200363,80.1908798218,49171,49181,10
13.1859197617,80.1903381348,49181,49191,10
13.1865596771,80.1898880005,49191,49201,10
13.1872701645,80.1895980835,49201,49211,10
13.1876897812,80.1892700195,49211,49221,10
13.187959671,80.1889572144,49221,49231,10
13.1882801056,80.1885604858,49231,49241,10
13.1886501312,80.1881637573,49241,49251,10
13.1888999939,80.1879501343,49251,49261,10
13.1893501282,80.1875228882,49261,49281,20
13.1893501282,80.1875228882,49281,49292,11
13.1894798279,80.1873931885,49292,49302,10
13.1898403168,80.1870574951,49302,49312,10
13.1902599335,80.1866836548,49312,49322,10
13.190779686,80.1862182617,49322,49332,10
13.1913499832,80.1856994629,49332,49342,10
13.1918897629,80.1852035522,49342,49352,10
13.1924200058,80.1847381592,49352,49362,10
13.1927404404,80.1843719482,49362,49524,162
13.1927404404,80.1843719482,49524,49533,9
13.1930198669,80.1841430664,49533,49544,11
13.1932601929,80.1839523315,49544,49554,10
13.1934995651,80.1837463379,49554,49564,10
13.193860054,80.1834411621,49564,49574,10
13.1941795349,80.1831588745,49574,49584,10
13.1944799423,80.1828994751,49584,49594,10
13.1948299408,80.1825790405,49594,49604,10
13.1953001022,80.1821594238,49604,49614,10
13.1957397461,80.1817626953,49614,49624,10
13.1962203979,80.1812896729,49624,49634,10
13.1965904236,80.181098938,49634,49645,11
13.1968603134,80.1809692383,49645,49655,10
13.1971302032,80.180519104,49655,49665,10
13.1976499557,80.1799697876,49665,49675,10
13.1983003616,80.1794586182,49675,49685,10
13.1989603043,80.1789703369,49685,49695,10
13.1991100311,80.1788482666,49695,49705,10
13.1992797852,80.1787185669,49705,49715,10
13.1997804642,80.1783370972,49715,49725,10
13.2004098892,80.1778717041,49725,49735,10
13.2011404037,80.1773071289,49735,49745,10
13.2019996643,80.1766586304,49745,49755,10
13.20291996,80.1759719849,49755,49765,10
13.2037200928,80.1753616333,49765,49776,11
13.2041397095,80.1750411987,49776,49786,10
13.2042503357,80.1749572754,49786,49796,10
13.2045602798,80.1747512817,49796,49806,10
13.2051696777,80.1743927002,49806,49816,10
13.2059803009,80.1738815308,49816,49826,10
13.2069597244,80.173286438,49826,49836,10
13.2080202103,80.1727218628,49836,49846,10
13.2090997696,80.1721801758,49846,49856,10
13.2097196579,80.1719207764,49856,49866,10
13.2099199295,80.1718597412,49866,49875,9
13.2104196548,80.1716766357,49875,49887,12
13.2113304138,80.1713562012,49887,49897,10
13.212220192,80.1710586548,49897,49907,10
13.213139534,80.1707077026,49907,49917,10
13.2141599655,80.1703262329,49917,49937,20
13.2141599655,80.1703262329,49937,49947,10
13.2142601013,80.1703109741,49947,50008,61
13.214630127,80.1701507568,50008,50139,131
13.214630127,80.1701507568,50139,50149,10
13.2150297165,80.1700286865,50149,50159,10
13.2152395248,80.1699295044,50159,50179,20
13.2152395248,80.1699295044,50179,50189,10
13.2153997421,80.1698379517,50189,50199,10
13.2155704498,80.1697463989,50199,50209,10
13.2158699036,80.1696090698,50209,50239,30
13.2158699036,80.1696090698,50239,50250,11
13.2159795761,80.1695785522,50250,50260,10
13.2162904739,80.1694412231,50260,50300,40
13.2162904739,80.1694412231,50300,50310,10
13.2167196274,80.1692123413,50310,50330,20
13.2167196274,80.1692123413,50330,50340,10
13.2167797089,80.1691818237,50340,50350,10
13.2168102264,80.1691665649,50350,50361,11
13.2170000076,80.1690063477,50361,50401,40
13.2170000076,80.1690063477,50401,50411,10
13.217209816,80.1688308716,50411,50441,30
13.2173099518,80.168838501,50441,50482,41
13.2173099518,80.168838501,50482,50492,10
13.2173900604,80.1688766479,50492,50502,10
13.2178697586,80.1687927246,50502,50512,10
13.2185897827,80.1686172485,50512,50522,10
13.2192296982,80.1684188843,50522,50532,10
13.2197799683,80.1682510376,50532,50542,10
13.2204198837,80.1679382324,50542,50552,10
13.2212696075,80.1675720215,50552,50562,10
13.2223100662,80.1671981812,50562,50572,10
13.223400116,80.1668014526,50572,50582,10
13.2244796753,80.1663894653,50582,50592,10
13.2255401611,80.1658630371,50592,50603,11
13.2265396118,80.1650238037,50603,50613,10
13.227230072,80.1642074585,50613,50621,8
13.2275495529,80.1642227173,50621,50640,19
13.226849556,80.1651763916,50640,50651,11
13.2273902893,80.1655502319,50651,50661,10
13.2290897369,80.1649093628,50661,50671,10
13.2290897369,80.1649093628,50671,50681,10
13.2292699814,80.1648178101,50681,50691,10
13.229640007,80.1646728516,50691,50701,10
13.2302999496,80.1643981934,50701,50711,10
13.2311096191,80.1640701294,50711,50722,11
13.232219696,80.1636199951,50722,50732,10
13.2333202362,80.1631774902,50732,50762,30
13.2365999222,80.161819458,50762,50772,10
13.2377099991,80.1613998413,50772,50782,10
13.2387895584,80.1610565186,50782,50792,10
13.2400302887,80.1607208252,50792,50812,20
13.2400302887,80.1607208252,50812,50822,10
13.2403097153,80.1606369019,50822,50832,10
13.2408800125,80.1604309082,50832,50843,11
13.2417001724,80.160118103,50843,50853,10
13.2434396744,80.1593933105,50853,50863,10
13.2434396744,80.1593933105,50863,50873,10
13.2439804077,80.1591491699,50873,50882,9
13.2442903519,80.1590118408,50882,50893,11
13.2449502945,80.1586608887,50893,50903,10
13.2456502914,80.1582794189,50903,50913,10
13.2462701797,80.157951355,50913,50923,10
13.2468795776,80.1576385498,50923,50933,10
13.2472000122,80.1574707031,50933,50954,21
13.2472000122,80.1574707031,50954,50964,10
13.2472600937,80.1574707031,50964,50974,10
13.2475700378,80.1573104858,50974,50984,10
13.2477703094,80.1571578979,50984,51438,454
13.2477703094,80.1571578979,51438,51448,10
13.248000145,80.1570663452,51448,51458,10
13.2482404709,80.1569595337,51458,51468,10
13.2485599518,80.1567993164,51468,51478,10
13.2493600845,80.1563568115,51478,51508,30
13.2493600845,80.1563568115,51508,51518,10
13.249420166,80.1563186646,51518,51528,10
13.2496595383,80.1560516357,51528,51548,20
13.2496595383,80.1560516357,51548,51559,11
13.2496204376,80.1558303833,51559,51569,10
13.2496099472,80.1557769775,51569,51579,10
13.2495698929,80.1554412842,51579,51589,10
13.2495203018,80.1548614502,51589,51599,10
13.2494401932,80.1540985107,51599,51609,10
13.2493801117,80.1533584595,51609,51619,10
13.2493600845,80.1526107788,51619,51629,10
13.2494096756,80.1518478394,51629,51639,10
13.2495002747,80.1509399414,51639,51649,10
13.24958992,80.1499862671,51649,51659,10
13.2496404648,80.1495895386,51659,51670,11
13.2496700287,80.1492614746,51670,51680,10
13.2496995926,80.1487197876,51680,51690,10
13.2496404648,80.1481170654,51690,51700,10
13.2496099472,80.1479568481,51700,51710,10
13.2495498657,80.1476593018,51710,51720,10
13.2495098114,80.1471862793,51720,51730,10
13.2495803833,80.1465606689,51730,51740,10
13.2496500015,80.1462478638,51740,51750,10
13.2496795654,80.1460418701,51750,51760,10
13.2497196198,80.145652771,51760,51770,10
13.2497901917,80.1450805664,51770,51780,10
13.2499504089,80.1442108154,51780,51791,11
13.2502403259,80.143081665,51791,51801,10
13.250749588,80.1421127319,51801,51811,10
13.2508602142,80.1418609619,51811,51821,10
13.2508602142,80.1416931152,51821,51831,10
13.2506799698,80.1413421631,51831,51841,10
13.250289917,80.1409225464,51841,51851,10
13.2498502731,80.1403198242,51851,51861,10
13.2494497299,80.1396865845,51861,51869,8
13.2458400726,80.1369094849,51869,51940,71
13.2447595596,80.136680603,51940,51970,30
13.2436199188,80.136428833,51970,52000,30
13.2422800064,80.1368331909,52000,52031,31
13.2411603928,80.136680603,52031,52060,29
13.2411603928,80.136680603,52060,52081,21
13.2404699326,80.1364364624,52081,52091,10
13.2400798798,80.1362609863,52091,52101,10
13.2397003174,80.1362609863,52101,52111,10
13.2393398285,80.1362991333,52111,52120,9
13.2375001907,80.1363067627,52120,52164,44
13.2363901138,80.136390686,52164,52194,30
13.2363901138,80.136390686,52194,52214,20
13.2358598709,80.1363220215,52214,52224,10
13.2355604172,80.1361999512,52224,52234,10
13.2352895737,80.1360931396,52234,52244,10
13.2349596024,80.1359405518,52244,52254,10
13.2346496582,80.1358566284,52254,52265,11
13.2343196869,80.1356201172,52265,52275,10
13.2340402603,80.1353378296,52275,52285,10
13.2337398529,80.1349868774,52285,52295,10
13.2336797714,80.1345367432,52295,52305,10
13.2338104248,80.1340637207,52305,52315,10
13.2340402603,80.1335830688,52315,52325,10
13.2342300415,80.1330871582,52325,52335,10
13.2342796326,80.1325302124,52335,52345,10
13.2343902588,80.1318511963,52345,52355,10
13.234120369,80.1311569214,52355,52365,10
13.2335100174,80.1305465698,52365,52375,10
13.2328701019,80.1298065186,52375,52386,11
13.2319202423,80.1291885376,52386,52396,10
13.230919838,80.1287231445,52396,52406,10
13.2299499512,80.1284713745,52406,52416,10
13.2291002274,80.128288269,52416,52426,10
13.2285699844,80.1279373169,52426,52446,20
13.2285699844,80.1279373169,52446,52456,10
13.2286396027,80.1277313232,52456,52466,10
13.2288398743,80.1272201538,52466,52476,10
13.2291898727,80.1265411377,52476,52486,10
13.2295598984,80.1256790161,52486,52496,10
13.2298297882,80.1250610352,52496,52507,11
13.2298402786,80.125038147,52507,52517,10
13.2299995422,80.1246795654,52517,52527,10
13.2301797867,80.124168396,52527,52537,10
13.2307901382,80.1231231689,52537,52557,20
13.2307901382,80.1231231689,52557,52567,10
13.2308797836,80.1231002808,52567,52577,10
13.2312498093,80.1231002808,52577,52587,10
13.2317800522,80.123046875,52587,52597,10
13.2322397232,80.1227493286,52597,52607,10
13.2324304581,80.1222229004,52607,52616,9
13.2326602936,80.1215591431,52616,52628,12
13.2327804565,80.1209793091,52628,52638,10
13.2329101563,80.1204223633,52638,52648,10
13.233300209,80.1197433472,52648,52658,10
13.2337398529,80.119140625,52658,52668,10
13.2343502045,80.118927002,52668,52678,10
13.2350196838,80.1188430786,52678,52688,10
13.2351303101,80.118812561,52688,52698,10
13.2356100082,80.1187820435,52698,52708,10
13.2363004684,80.118812561,52708,52718,10
13.2369804382,80.1188735962,52718,52728,10
13.2369804382,80.1188735962,52728,52738,10
13.2372102737,80.1189575195,52738,52748,10
13.2376403809,80.1191635132,52748,52770,22
13.2385997772,80.1197128296,52770,52779,9
13.2390499115,80.1199569702,52779,52790,11
13.2399301529,80.1200027466,52790,52800,10
13.2410402298,80.1201705933,52800,52820,20
13.2410402298,80.1201705933,52820,52830,10
13.2410497665,80.1201705933,52830,52840,10
13.2414302826,80.1202392578,52840,52849,9
13.2418298721,80.1202926636,52849,52861,12
13.2419099808,80.1202774048,52861,52871,10
13.2422103882,80.1202163696,52871,52881,10
13.2423000336,80.1203918457,52881,53617,736
13.2423000336,80.1203918457,53617,53627,10
13.2421598434,80.1202697754,53627,53637,10
13.2419395447,80.1202926636,53637,53647,10
13.241519928,80.120262146,53647,53657,10
13.2413301468,80.1202163696,53657,53667,10
13.2410001755,80.1201629639,53667,53677,10
13.2408304214,80.1201324463,53677,53687,10
13.2404003143,80.1200408936,53687,53698,11
13.2397899628,80.119972229,53698,53708,10
13.2391996384,80.1199264526,53708,53718,10
13.2386798859,80.1199111938,53718,53728,10
13.2385396957,80.1194534302,53728,53738,10
13.2384901047,80.1193466187,53738,53748,10
13.2381896973,80.1192626953,53748,53758,10
13.2378501892,80.1192016602,53758,53768,10
13.2374401093,80.1190719604,53768,53778,10
13.2369604111,80.118850708,53778,53788,10
13.2368803024,80.1188430786,53788,53798,10
13.2366600037,80.1188201904,53798,53808,10
13.236289978,80.1187973022,53808,53819,11
13.2356901169,80.1187820435,53819,53829,10
13.2350502014,80.1188201904,53829,53839,10
13.2348499298,80.1188583374,53839,53849,10
13.2346200943,80.1188964844,53849,53859,10
13.234290123,80.1189727783,53859,53869,10
13.2338495255,80.1190719604,53869,53879,10
13.2334604263,80.1194992065,53879,53889,10
13.233039856,80.1200866699,53889,53899,10
13.2328100204,80.1206893921,53899,53909,10
13.2327604294,80.1209182739,53909,53919,10
13.2326803207,80.1213684082,53919,53929,10
13.2324895859,80.1219100952,53929,53940,11
13.2322998047,80.1224975586,53940,53950,10
13.2321395874,80.1229171753,53950,53960,10
13.2315502167,80.1230926514,53960,53970,10
13.2308597565,80.1231231689,53970,53980,10
13.2307195663,80.1231613159,53980,53990,10
13.2306203842,80.123336792,53990,54000,10
13.2303800583,80.1237792969,54000,54010,10
13.2301101685,80.1243515015,54010,54020,10
13.2299499512,80.1248092651,54020,54030,10
13.2298402786,80.1250686646,54030,54040,10
13.2297401428,80.1252822876,54040,54050,10
13.2295799255,80.1256484985,54050,54061,11
13.2293796539,80.1260528564,54061,54071,10
13.2292499542,80.1264190674,54071,54081,10
13.229060173,80.1268081665,54081,54091,10
13.2288398743,80.1272277832,54091,54101,10
13.2286100388,80.1278076172,54101,54111,10
13.2285995483,80.128036499,54111,54121,10
13.2288198471,80.1281967163,54121,54131,10
13.2290496826,80.128288269,54131,54141,10
13.2294101715,80.1284103394,54141,54151,10
13.2300596237,80.1285095215,54151,54161,10
13.2307796478,80.1286697388,54161,54172,11
13.2309703827,80.1287689209,54172,54182,10
13.2314300537,80.1289825439,54182,54192,10
13.2320899963,80.1293029785,54192,54202,10
13.2327604294,80.1297225952,54202,54212,10
13.2334098816,80.1304397583,54212,54222,10
13.2340602875,80.1311187744,54222,54232,10
13.2343997955,80.1318511963,54232,54242,10
13.2342796326,80.1327285767,54242,54252,10
13.2342195511,80.1332168579,54252,54262,10
13.2340602875,80.1335906982,54262,54272,10
13.2338600159,80.133972168,54272,54282,10
13.2337303162,80.1343994141,54282,54293,11
13.2336997986,80.1348724365,54293,54303,10
13.2342796326,80.1355667114,54303,54313,10
13.2342796326,80.1355667114,54313,54323,10
13.2345895767,80.135848999,54323,54331,8
13.236289978,80.1363830566,54331,54380,49
13.2372198105,80.1363220215,54380,54411,31
13.2372198105,80.1363220215,54411,54431,20
13.2378101349,80.1362304688,54431,54441,10
13.2380895615,80.1358795166,54441,54451,10
13.2384796143,80.1358032227,54451,54461,10
13.238699913,80.1359176636,54461,54471,10
13.2389698029,80.1360931396,54471,54481,10
13.2391796112,80.1362762451,54481,54491,10
13.2395296097,80.1362686157,54491,54501,10
13.240240097,80.1363220215,54501,54511,10
13.240240097,80.1363220215,54511,54521,10
13.2406396866,80.1365127563,54521,54530,9
13.2428503036,80.1366271973,54530,54572,42
13.2437601089,80.1364898682,54572,54592,20
13.2437601089,80.1364898682,54592,54612,20
13.245010376,80.136680603,54612,54622,10
13.2454900742,80.13671875,54622,54632,10
13.2457399368,80.1368637085,54632,54642,10
13.2460699081,80.1370391846,54642,54653,11
13.2464504242,80.137336731,54653,54663,10
13.2469396591,80.1373901367,54663,54673,10
13.2475404739,80.1376724243,54673,54683,10
13.248049736,80.1381835938,54683,54693,10
13.2486095428,80.1385116577,54693,54703,10
13.2486696243,80.1385726929,54703,54713,10
13.2488899231,80.1388473511,54713,54723,10
13.2492103577,80.1393280029,54723,54733,10
13.2496204376,80.1399688721,54733,54743,10
13.2500600815,80.1406478882,54743,54753,10
13.2506103516,80.1412887573,54753,54764,11
13.250869751,80.1419067383,54764,54774,10
13.2508401871,80.1419677734,54774,54784,10
13.2506504059,80.1423416138,54784,54794,10
13.2503299713,80.1429290771,54794,54804,10
13.2500896454,80.1436462402,54804,54814,10
13.2498903275,80.1444168091,54814,54822,8
13.2496004105,80.1479873657,54822,54891,69
13.2496004105,80.1479873657,54891,54911,20
13.249710083,80.1488876343,54911,54921,10
13.2496500015,80.1495666504,54921,54931,10
13.2496299744,80.1498031616,54931,54941,10
13.24958992,80.1502532959,54941,54951,10
13.2495298386,80.1508407593,54951,54961,10
13.2494602203,80.151550293,54961,54971,10
13.2493896484,80.1522903442,54971,54981,10
13.2493696213,80.1530227661,54981,54990,9
13.249420166,80.1538314819,54990,55002,12
13.2495298386,80.1550216675,55002,55012,10
13.2496004105,80.1556625366,55012,55022,10
13.2496204376,80.1558837891,55022,55032,10
13.2496404648,80.1561584473,55032,55042,10
13.2496404648,80.1561737061,55042,55052,10
13.2495603561,80.1562576294,55052,55062,10
13.2491903305,80.1564407349,55062,55072,10
13.2487401962,80.1566696167,55072,55082,10
13.2481603622,80.1569595337,55082,55092,10
13.2476997375,80.1572113037,55092,55102,10
13.2476797104,80.1572265625,55102,55112,10
13.2475099564,80.1573104858,55112,55123,11
13.2470703125,80.1575317383,55123,55133,10
13.2467098236,80.1577224731,55133,55143,10
13.2462501526,80.157951355,55143,55153,10
13.2457199097,80.1582565308,55153,55163,10
13.2450704575,80.1585998535,55163,55173,10
13.244389534,80.1589584351,55173,55183,10
13.2436103821,80.1593170166,55183,55193,10
13.2427797318,80.1596908569,55193,55203,10
13.2418699265,80.1600494385,55203,55213,10
13.2409896851,80.1604003906,55213,55223,10
13.2401800156,80.160697937,55223,55233,10
13.2395801544,80.1608581543,55233,55244,11
13.2392997742,80.160949707,55244,55254,10
13.2390003204,80.1610412598,55254,55264,10
13.2384300232,80.1612014771,55264,55274,10
13.237950325,80.1613616943,55274,55284,10
13.237830162,80.1613922119,55284,55294,10
13.237449646,80.1615219116,55294,55304,10
13.2368001938,80.161781311,55304,55313,9
13.2305202484,80.164352417,55313,55384,71
13.2305202484,80.164352417,55384,55404,20
13.2294998169,80.1647567749,55404,55414,10
13.2293796539,80.1648025513,55414,55424,10
13.228969574,80.1649627686,55424,55434,10
13.2283401489,80.1651992798,55434,55444,10
13.2276296616,80.1654891968,55444,55454,10
13.2268896103,80.1655731201,55454,55464,10
13.2262802124,80.1657028198,55464,55475,11
13.2256698608,80.1661682129,55475,55485,10
13.2249603271,80.166557312,55485,55495,10
13.2241001129,80.1669235229,55495,55505,10
13.2231798172,80.1672515869,55505,55515,10
13.2224702835,80.1675262451,55515,55525,10
13.2218503952,80.16771698,55525,55535,10
13.2214603424,80.1678314209,55535,55545,10
13.2213802338,80.1678466797,55545,55555,10
13.2209396362,80.16796875,55555,55565,10
13.2202701569,80.1681976318,55565,55575,10
13.2187099457,80.1688079834,55575,55584,9
13.2187099457,80.1688079834,55584,55596,12
13.2178697586,80.1691665649,55596,55624,28
13.2178697586,80.1691665649,55624,55634,10
13.2177400589,80.1692123413,55634,55674,40
13.2177400589,80.1692123413,55674,55684,10
13.2172899246,80.1693725586,55684,55694,10
13.2166595459,80.1695709229,55694,55704,10
13.2161998749,80.169708252,55704,55715,11
13.2156095505,80.1698913574,55715,55725,10
13.2148399353,80.170173645,55725,55735,10
13.2143297195,80.1703720093,55735,55745,10
13.2137403488,80.1705932617,55745,55755,10
13.2129402161,80.1708908081,55755,55765,10
13.2120304108,80.1712417603,55765,55775,10
13.2110795975,80.1716003418,55775,55785,10
13.2101602554,80.1719436646,55785,55795,10
13.2095098495,80.172203064,55795,55805,10
13.2094202042,80.1722183228,55805,55815,10
13.208990097,80.1723937988,55815,55824,9
13.2083702087,80.1726608276,55824,55836,12
13.2073898315,80.1731491089,55836,55846,10
13.2065401077,80.1736297607,55846,55856,10
13.2057800293,80.1741027832,55856,55866,10
13.2050199509,80.1745681763,55866,55876,10
13.2044296265,80.1749801636,55876,55886,10
13.2039899826,80.1753234863,55886,55896,10
13.2039299011,80.1753692627,55896,55916,20
13.2039299011,80.1753692627,55916,55926,10
13.2037801743,80.1754837036,55926,55936,10
13.2033996582,80.1757736206,55936,55946,10
13.2028198242,80.1762237549,55946,55957,11
13.2020998001,80.1767578125,55957,55967,10
13.2014102936,80.1772766113,55967,55977,10
13.2006597519,80.1778411865,55977,55987,10
13.1998500824,80.1784667969,55987,55997,10
13.1991100311,80.1790084839,55997,56007,10
13.1989898682,80.1791229248,56007,56017,10
13.1989297867,80.1791610718,56017,56027,10
13.198559761,80.1794433594,56027,56037,10
13.1979398727,80.1799163818,56037,56047,10
13.1972198486,80.1806488037,56047,56056,9
13.1968297958,80.1812210083,56056,56068,12
13.196559906,80.1812286377,56068,56078,10
13.1962900162,80.1813583374,56078,56088,10
13.1961603165,80.1814575195,56088,56098,10
13.1957197189,80.1818389893,56098,56108,10
13.1951303482,80.1823577881,56108,56118,10
13.1944999695,80.1828994751,56118,56128,10
13.1941003799,80.1832580566,56128,56138,10
13.1937999725,80.1835479736,56138,56158,20
13.1937999725,80.1835479736,56158,56168,10
13.1937198639,80.1836013794,56168,56178,10
13.1934404373,80.1838684082,56178,56189,11
13.1930503845,80.1842269897,56189,56199,10
13.192700386,80.1845703125,56199,56209,10
13.1921701431,80.1850585938,56209,56219,10
13.1915597916,80.1856307983,56219,56229,10
13.1908998489,80.1862487793,56229,56239,10
13.1904296875,80.1866531372,56239,56249,10
13.1900701523,80.18699646,56249,56259,10
13.1896800995,80.1873474121,56259,56269,10
13.1894702911,80.1875534058,56269,56279,10
13.1890802383,80.1879196167,56279,56289,10
13.1887197495,80.1882171631,56289,56299,10
13.1885299683,80.1884231567,56299,56310,11
13.1880998611,80.1889419556,56310,56320,10
13.1876602173,80.1894836426,56320,56330,10
13.187040329,80.1898117065,56330,56340,10
13.1862602234,80.1901626587,56340,56350,10
13.185549736,80.19090271,56350,56360,10
13.1846504211,80.1915206909,56360,56370,10
13.1841497421,80.1919937134,56370,56380,10
13.183719635,80.1922607422,56380,56390,10
13.1829395294,80.1925201416,56390,56400,10
13.1819696426,80.1929702759,56400,56410,10
13.1809797287,80.1935424805,56410,56421,11
13.1798601151,80.1941375732,56421,56431,10
13.178850174,80.1947021484,56431,56441,10
13.1778402328,80.1952667236,56441,56451,10
13.1767396927,80.1958770752,56451,56461,10
13.1755304337,80.1965713501,56461,56471,10
13.1743097305,80.1972427368,56471,56481,10
13.1731500626,80.1978912354,56481,56491,10
13.1722097397,80.1984176636,56491,56501,10
13.1714801788,80.1988220215,56501,56542,41
13.1714801788,80.1988220215,56542,56552,10
13.1712198257,80.1989517212,56552,56562,10
13.1707696915,80.1992111206,56562,56572,10
13.1701898575,80.1995391846,56572,56582,10
13.1694297791,80.1999588013,56582,56592,10
13.1685695648,80.2004318237,56592,56602,10
13.1676597595,80.2009429932,56602,56612,10
13.1667499542,80.2014465332,56612,56622,10
13.1658096313,80.2019195557,56622,56632,10
13.164850235,80.2022399902,56632,56642,10
13.1642398834,80.2024230957,56642,56663,21
13.1642398834,80.2024230957,56663,56673,10
13.1639003754,80.202507019,56673,56683,10
13.1631498337,80.2027435303,56683,56693,10
13.1620597839,80.2029571533,56693,56703,10
13.1607599258,80.2032012939,56703,56713,10
13.1595401764,80.2034378052,56713,56723,10
13.1586799622,80.2036895752,56723,56733,10
13.1581201553,80.203918457,56733,56743,10
13.1579799652,80.2039794922,56743,56753,10
13.1574497223,80.204208374,56753,56762,9
13.1567497253,80.2046203613,56762,56774,12
13.1557798386,80.2053070068,56774,56784,10
13.1549596786,80.2061080933,56784,56794,10
13.1542596817,80.206993103,56794,56804,10
13.1536397934,80.2078094482,56804,56814,10
13.1532497406,80.2083892822,56814,56824,10
13.1530199051,80.2087402344,56824,56834,10
13.1529302597,80.2088623047,56834,56844,10
13.1525697708,80.2093429565,56844,56854,10
13.1519899368,80.2101211548,56854,56864,10
13.1512699127,80.2110519409,56864,56874,10
13.1505098343,80.2120437622,56874,56884,10
13.149769783,80.2130432129,56884,56895,11
13.1488704681,80.2142333984,56895,56905,10
13.148059845,80.21534729,56905,56915,10
13.1473302841,80.2162780762,56915,56925,10
13.146490097,80.2174606323,56925,56935,10
13.14564991,80.2186279297,56935,56945,10
13.1449899673,80.2196578979,56945,56955,10
13.1448402405,80.2205734253,56955,56965,10
13.1442203522,80.2208786011,56965,56975,10
13.1440496445,80.2209701538,56975,56985,10
13.1439599991,80.2210235596,56985,56995,10
13.1436700821,80.2213821411,56995,57005,10
13.1431798935,80.2220230103,57005,57016,11
13.1424999237,80.2229614258,57016,57026,10
13.1417798996,80.2239532471,57026,57036,10
13.1410398483,80.2249679565,57036,57046,10
13.1403398514,80.2259368896,57046,57056,10
13.1396598816,80.226852417,57056,57066,10
13.1390695572,80.2276535034,57066,57076,10
13.138999939,80.2279434204,57076,57086,10
13.1391601563,80.228012085,57086,57096,10
13.139380455,80.2281112671,57096,57106,10
13.1399803162,80.2282714844,57106,57115,9
13.1407203674,80.2284317017,57115,57127,12
13.1418504715,80.2288589478,57127,57137,10
13.1429195404,80.2290420532,57137,57147,10
13.1439800262,80.2292785645,57147,57157,10
13.1450500488,80.2294311523,57157,57167,10
13.1459999084,80.2296066284,57167,57177,10
13.1466798782,80.2300415039,57177,57187,10
13.1473302841,80.2306137085,57187,57197,10
13.1477203369,80.2309570313,57197,57207,10
13.1477098465,80.2310562134,57207,57217,10
13.1474199295,80.2312927246,57217,57227,10
13.1469202042,80.2315826416,57227,57237,10
13.1465301514,80.2317810059,57237,57248,11
13.1462802887,80.2319107056,57248,57258,10
13.1458902359,80.2321014404,57258,57268,10
13.145409584,80.2323913574,57268,57278,10
13.1452302933,80.2324981689,57278,57288,10
13.1448402405,80.2327194214,57288,57298,10
13.1443595886,80.2330932617,57298,57308,10
13.1440401077,80.2334365845,57308,57318,10
13.143699646,80.2338409424,57318,57328,10
13.1434497833,80.2342605591,57328,57338,10
13.1432800293,80.2347183228,57338,57348,10
13.1430997849,80.2351837158,57348,57358,10
13.1429395676,80.235710144,57358,57369,11
13.1426496506,80.2363586426,57369,57379,10
13.1422700882,80.2367095947,57379,57389,10
13.1419095993,80.2369384766,57389,57399,10
13.1416101456,80.2370986938,57399,57409,10
13.1412601471,80.2372589111,57409,57419,10
13.1409502029,80.2373580933,57419,57429,10
13.1408596039,80.2373580933,57429,57439,10
13.1403999329,80.237411499,57439,57449,10
13.1396799088,80.237487793,57449,57459,10
13.138879776,80.2376174927,57459,57469,10
13.1381597519,80.23777771,57469,57479,10
13.1377401352,80.2378921509,57479,57490,11
13.1374597549,80.237953186,57490,57500,10
13.1369104385,80.2380371094,57500,57510,10
13.1361598969,80.2382202148,57510,57520,10
13.1352901459,80.2385482788,57520,57530,10
13.1343202591,80.2389678955,57530,57540,10
13.1332998276,80.2394714355,57540,57550,10
13.1323003769,80.2399520874,57550,57560,10
13.1315002441,80.2403793335,57560,57570,10
13.1309404373,80.2406768799,57570,57580,10
13.130490303,80.2409896851,57580,57590,10
13.1303100586,80.2411575317,57590,57601,11
13.1302204132,80.2412414551,57601,57611,10
13.1301298141,80.2413330078,57611,57621,10
13.1300497055,80.2414016724,57621,57631,10
13.1298704147,80.2415390015,57631,57641,10
13.1297197342,80.2416610718,57641,57651,10
13.1295099258,80.2417068481,57651,57661,10
13.1293096542,80.2416610718,57661,57671,10
13.1292295456,80.2416534424,57671,57681,10
13.1289701462,80.2416534424,57681,57691,10
13.1288099289,80.2418823242,57691,57701,10
13.1284999847,80.2423095703,57701,57711,10
13.1282997131,80.2425918579,57711,57722,11
13.1281499863,80.2427825928,57722,57732,10
13.1279497147,80.2430801392,57732,57742,10
13.1277599335,80.243270874,57742,57752,10
13.1275501251,80.2434997559,57752,57762,10
13.127289772,80.2438735962,57762,57772,10
13.1269397736,80.2443313599,57772,57782,10
13.126540184,80.2448730469,57782,57792,10
13.1260700226,80.2454986572,57792,57802,10
13.1255197525,80.2461776733,57802,57812,10
13.1249198914,80.2468032837,57812,57822,10
13.1243600845,80.2474365234,57822,57832,10
13.1237802505,80.2480926514,57832,57883,51
13.1237802505,80.2480926514,57883,57893,10
13.1235904694,80.248260498,57893,57903,10
13.1233100891,80.248588562,57903,57913,10
13.1228599548,80.2491378784,57913,57923,10
13.1225996017,80.2498016357,57923,57933,10
13.1223297119,80.25050354,57933,57943,10
13.1221599579,80.2509536743,57943,57954,11
13.1220703125,80.2510986328,57954,57964,10
13.1218595505,80.2516403198,57964,57974,10
13.1216602325,80.2523880005,57974,57984,10
13.121430397,80.2532501221,57984,57994,10
13.1209602356,80.2540588379,57994,58004,10
13.1204395294,80.2546234131,58004,58014,10
13.1202602386,80.2548294067,58014,58024,10
13.1202402115,80.2548522949,58024,58034,10
13.1199903488,80.2550964355,58034,58044,10
13.1196203232,80.2556533813,58044,58054,10
13.1192703247,80.2562713623,58054,58064,10
13.1189403534,80.2569503784,58064,58075,11
13.1187200546,80.2576828003,58075,58085,10
13.1185798645,80.2584228516,58085,58095,10
13.1184396744,80.259262085,58095,58125,30
13.1184396744,80.259262085,58125,58135,10
13.118639946,80.2594223022,58135,58145,10
13.1191501617,80.2593994141,58145,58155,10
13.1198101044,80.2593688965,58155,58165,10
13.1204099655,80.2593536377,58165,58175,10
13.1207704544,80.2593307495,58175,58185,10
13.1212396622,80.2593231201,58185,58196,11
13.1219902039,80.2593002319,58196,58206,10
13.1224603653,80.2592926025,58206,58216,10
13.1228303909,80.2592773438,58216,58226,10
13.1229400635,80.2594833374,58226,58236,10
13.1229295731,80.2595062256,58236,58246,10
13.1229400635,80.2596588135,58246,58256,10
13.1229400635,80.2601013184,58256,58266,10
13.1229400635,80.2606506348,58266,58276,10
13.1229295731,80.2613677979,58276,58286,10
13.1229295731,80.2617111206,58286,58296,10
13.1229295731,80.2620620728,58296,58307,11
13.1229200363,80.2627792358,58307,58317,10
13.1229000092,80.2635421753,58317,58327,10
13.1229000092,80.2643585205,58327,58337,10
13.1228904724,80.2650604248,58337,58347,10
13.122879982,80.2655715942,58347,58357,10
13.1228199005,80.2658233643,58357,58367,10
13.1224002838,80.2658462524,58367,58377,10
13.1223602295,80.265838623,58377,58387,10
13.122179985,80.2658081055,58387,58397,10
13.1216897964,80.2657928467,58397,58407,10
13.1209802628,80.2657699585,58407,58416,9
13.120349884,80.2657699585,58416,58428,12
13.1200799942,80.2657623291,58428,58438,10
13.1197299957,80.2657394409,58438,58448,10
13.1192703247,80.2657470703,58448,58458,10
13.1185798645,80.2657165527,58458,58468,10
13.1178197861,80.2657318115,58468,58478,10
13.1170902252,80.2657165527,58478,58488,10
13.1165599823,80.2657165527,58488,58498,10
13.1159095764,80.2657165527,58498,58508,10
13.1154298782,80.2657089233,58508,58518,10
13.1152496338,80.2657012939,58518,58528,10
13.1150197983,80.2657012939,58528,58538,10
13.114569664,80.2656936646,58538,58549,11
13.114279747,80.2656784058,58549,58559,10
13.1140298843,80.2657318115,58559,58569,10
13.1135902405,80.2657318115,58569,58579,10
13.112859726,80.2657318115,58579,58589,10
13.1121397018,80.2657318115,58589,58599,10
13.1117897034,80.2657318115,58599,58609,10
13.1115598679,80.2657394409,58609,58619,10
13.1111497879,80.2657470703,58619,58629,10
13.1110095978,80.2657623291,58629,58639,10
13.1107501984,80.2657470703,58639,58649,10
13.1104202271,80.2659378052,58649,58660,11
13.1099100113,80.2663803101,58660,58670,10
13.1094198227,80.2667770386,58670,58680,10
13.1090402603,80.2671432495,58680,58690,10
13.1088199615,80.2673568726,58690,58700,10
13.1083498001,80.267829895,58700,58710,10
13.1077404022,80.2684402466,58710,58720,10
13.1070899963,80.2691268921,58720,58730,10
13.1064100266,80.2699432373,58730,58740,10
13.1056900024,80.2707519531,58740,58750,10
13.1049499512,80.2711868286,58750,58760,10
13.1043796539,80.2716217041,58760,58770,10
13.1040296555,80.2722625732,58770,58781,11
13.1039199829,80.2732086182,58781,58801,20
13.1039199829,80.2732086182,58801,58811,10
13.1039400101,80.2732696533,58811,58821,10
13.1040000916,80.2736282349,58821,58831,10
13.1040697098,80.2741317749,58831,58841,10
13.1041297913,80.2744979858,58841,58851,10
13.1042203903,80.274887085,58851,58860,9
13.1042995453,80.2752685547,58860,58871,11
13.1044797897,80.2757263184,58871,58881,10
13.1044902802,80.2757492065,58881,58891,10
13.1044797897,80.2758789063,58891,58902,11
13.1045799255,80.2761535645,58902,58912,10
13.1047401428,80.276550293,58912,58922,10
13.1049699783,80.2771072388,58922,58932,10
13.1051998138,80.2777786255,58932,58942,10
13.1054000854,80.2784729004,58942,58952,10
13.1056003571,80.2791976929,58952,58962,10
13.1058101654,80.2798309326,58962,58982,20
13.1058101654,80.2798309326,58982,58992,10
13.105890274,80.2799987793,58992,59002,10
13.1062002182,80.2800521851,59002,59013,11
13.1067495346,80.2801895142,59013,59023,10
13.1074199677,80.2803878784,59023,59033,10
13.1080598831,80.2805786133,59033,59043,10
13.1086997986,80.28074646,59043,59053,10
13.1093902588,80.2805709839,59053,59063,10
13.1098098755,80.2798233032,59063,59073,10
13.1103496552,80.2788696289,59073,59083,10
13.1109304428,80.2781906128,59083,59093,10
13.1113700867,80.2778701782,59093,59103,10
13.1116304398,80.2781219482,59103,59113,10
13.1112003326,80.2781600952,59113,59123,10
13.1106796265,80.2784881592,59123,59134,11
13.1101799011,80.2791519165,59134,59144,10
13.1098098755,80.279800415,59144,59154,10
13.1094799042,80.2804718018,59154,59164,10
13.1088399887,80.2807998657,59164,59174,10
13.108039856,80.2805786133,59174,59184,10
13.1071100235,80.2802963257,59184,59194,10
13.1064300537,80.2800979614,59194,59204,10
13.1062698364,80.2800521851,59204,59214,10
13.1059503555,80.2799911499,59214,59224,10
13.1055402756,80.2799301147,59224,59234,10
13.1053199768,80.2794799805,59234,59244,10
13.1050395966,80.2787704468,59244,59255,11
13.1047401428,80.2779998779,59255,59265,10
13.1044502258,80.2773132324,59265,59275,10
13.1041698456,80.2767028809,59275,59285,10
13.1042404175,80.2763977051,59285,59294,9
13.1042499542,80.2761306763,59294,59325,31
13.1042499542,80.2761306763,59325,59335,10
13.1042499542,80.2758483887,59335,59678,343
13.1042499542,80.2758483887,59678,59688,10
13.1042804718,80.275642395,59688,59698,10
13.1042003632,80.2753372192,59698,59708,10
13.1041097641,80.2748718262,59708,59729,21
13.1041097641,80.2748718262,59729,59739,10
13.1040697098,80.2746429443,59739,59749,10
13.1040296555,80.2743911743,59749,59759,10
13.1039800644,80.2739562988,59759,59769,10
13.1039199829,80.2735137939,59769,59779,10
13.1038599014,80.273147583,59779,59789,10
13.1038103104,80.2728271484,59789,59799,10
13.103770256,80.2725982666,59799,59809,10
13.1038799286,80.2723083496,59809,59819,10
13.1042003632,80.271987915,59819,59829,10
13.1044101715,80.2714080811,59829,59880,51
13.1044101715,80.2714080811,59880,59890,10
13.1046895981,80.2711868286,59890,59900,10
13.1053199768,80.2709197998,59900,59910,10
13.1059904099,80.2703170776,59910,59920,10
13.1066904068,80.26953125,59920,59930,10
13.1074199677,80.2687225342,59930,59940,10
13.1081800461,80.2679519653,59940,59950,10
13.1087999344,80.2673416138,59950,59961,11
13.1089801788,80.2671737671,59961,59971,10
13.1092195511,80.2669525146,59971,59981,10
13.1096200943,80.2665634155,59981,59991,10
13.1100902557,80.2661895752,59991,60001,10
13.11054039,80.2658462524,60001,60011,10
13.1111402512,80.2656326294,60011,60031,20
13.1111402512,80.2656326294,60031,60041,10
13.1111602783,80.2656402588,60041,60051,10
13.111530304,80.2656326294,60051,60061,10
13.1121101379,80.2656478882,60061,60070,9
13.1127796173,80.2656402588,60070,60082,12
13.1137504578,80.2656402588,60082,60092,10
13.1143102646,80.2657165527,60092,60112,20
13.1143102646,80.2657165527,60112,60122,10
13.1144599915,80.2657318115,60122,60132,10
13.1149301529,80.2657318115,60132,60142,10
13.1153001785,80.2657165527,60142,60152,10
13.1155500412,80.2657394409,60152,60162,10
13.116060257,80.2657394409,60162,60172,10
13.1167802811,80.2657699585,60172,60182,10
13.1171703339,80.2657775879,60182,60192,10
13.1176395416,80.2657623291,60192,60203,11
13.1183996201,80.2657775879,60203,60213,10
13.1191902161,80.2657928467,60213,60223,10
13.1198501587,80.2657928467,60223,60233,10
13.12018013,80.2658004761,60233,60243,10
13.1207399368,80.2658004761,60243,60253,10
13.1214895248,80.2658004761,60253,60263,10
13.1222000122,80.2658309937,60263,60273,10
13.1227197647,80.2658004761,60273,60283,10
13.1227998734,80.2657928467,60283,60293,10
13.1228599548,80.2656707764,60293,60303,10
13.1228399277,80.2654571533,60303,60314,11
13.1228504181,80.2651596069,60314,60324,10
13.1228704453,80.2647094727,60324,60334,10
13.122879982,80.2640609741,60334,60344,10
13.122879982,80.2632980347,60344,60354,10
13.122879982,80.2625579834,60354,60364,10
13.122879982,80.2618331909,60364,60374,10
13.1228904724,80.2615127563,60374,60384,10
13.1228904724,80.2610778809,60384,60394,10
13.1229095459,80.2603530884,60394,60404,10
13.1229000092,80.2593383789,60404,60424,20
13.1229000092,80.2593383789,60424,60435,11
13.1225996017,80.2592697144,60435,60445,10
13.1222600937,80.2592773438,60445,60455,10
13.1217498779,80.2593002319,60455,60465,10
13.1210298538,80.2593383789,60465,60475,10
13.1206197739,80.2593612671,60475,60485,10
13.1204595566,80.2593688965,60485,60495,10
13.119600296,80.2594070435,60495,60505,10
13.119600296,80.2594070435,60505,60515,10
13.1189203262,80.2594299316,60515,60525,10
13.1184196472,80.2593994141,60525,60535,10
13.1183395386,80.2590179443,60535,60544,9
13.118350029,80.2590026855,60544,60556,12
13.1184501648,80.2586593628,60556,60566,10
13.1185598373,80.2581481934,60566,60576,10
13.118689537,80.2575073242,60576,60586,10
13.1188001633,80.2570724487,60586,60596,10
13.1189804077,80.2566680908,60596,60606,10
13.1192998886,80.256072998,60606,60616,10
13.1197004318,80.2553787231,60616,60626,10
13.1202201843,80.254737854,60626,60636,10
13.1204595566,80.2544631958,60636,60646,10
13.1204996109,80.2544326782,60646,60656,10
13.120759964,80.2542037964,60656,60666,10
13.1211595535,80.2537612915,60666,60677,11
13.1215000153,80.2529830933,60677,60687,10
13.1217098236,80.2521286011,60687,60697,10
13.1219997406,80.2511978149,60697,60707,10
13.1221199036,80.2508773804,60707,60717,10
13.122209549,80.2506866455,60717,60727,10
13.1224098206,80.2502365112,60727,60737,10
13.1226701736,80.2495727539,60737,60747,10
13.1230602264,80.2488632202,60747,60757,10
13.1236200333,80.2481765747,60757,60767,10
13.1240701675,80.2476577759,60767,60777,10
13.1241703033,80.2475585938,60777,60788,11
13.124420166,80.2472686768,60788,60798,10
13.1248197556,80.2468185425,60798,60808,10
13.1253595352,80.2462768555,60808,60818,10
13.1258802414,80.2456665039,60818,60828,10
13.126449585,80.2449188232,60828,60838,10
13.1270704269,80.2440795898,60838,60848,10
13.1274700165,80.2434997559,60848,60858,10
13.1276197433,80.2432403564,60858,60868,10
13.1277503967,80.2429962158,60868,60878,10
13.1279201508,80.2426986694,60878,60888,10
13.1281700134,80.2423629761,60888,60897,9
13.1283597946,80.2421264648,60897,60909,12
13.1285896301,80.2417984009,60909,61030,121
13.1285896301,80.2417984009,61030,61040,10
13.1288003922,80.2414703369,61040,61050,10
13.1290102005,80.2411880493,61050,61070,20
13.1290102005,80.2411880493,61070,61080,10
13.1291999817,80.2409362793,61080,61090,10
13.1294898987,80.2405395508,61090,61100,10
13.1298398972,80.2400512695,61100,61110,10
13.1301803589,80.2396011353,61110,61120,10
13.1306295395,80.2390823364,61120,61130,10
13.1310396194,80.2385864258,61130,61140,10
13.1314697266,80.237991333,61140,61151,11
13.1319503784,80.2372665405,61151,61161,10
13.1324701309,80.2365570068,61161,61171,10
13.1330604553,80.2357406616,61171,61181,10
13.1337299347,80.2348327637,61181,61191,10
13.1344003677,80.2339019775,61191,61201,10
13.1350803375,80.2329864502,61201,61211,10
13.135720253,80.2321395874,61211,61221,10
13.1363096237,80.2313308716,61221,61231,10
13.1368999481,80.2304763794,61231,61241,10
13.1375598907,80.2295913696,61241,61251,10
13.1381902695,80.2287521362,61251,61262,11
13.1387395859,80.2279968262,61262,61272,10
13.1390600204,80.2275085449,61272,61282,10
13.1391000748,80.2274627686,61282,61292,10
13.1393299103,80.2271728516,61292,61302,10
13.1397199631,80.2266616821,61302,61312,10
13.1401901245,80.2260437012,61312,61322,10
13.1407203674,80.2253570557,61322,61332,10
13.141289711,80.2245635986,61332,61342,10
13.1416501999,80.224029541,61342,61352,10
13.1417503357,80.2238922119,61352,61362,10
13.1420202255,80.2235412598,61362,61371,9
13.1421604156,80.2233428955,61371,61413,42
13.1421604156,80.2233428955,61413,61423,10
13.1422395706,80.2232284546,61423,61433,10
13.1423397064,80.2230911255,61433,61443,10
13.1424999237,80.222869873,61443,61453,10
13.142660141,80.2226409912,61453,61463,10
13.1427898407,80.2224502563,61463,61473,10
13.1429100037,80.2222900391,61473,61483,10
13.1429100037,80.2222824097,61483,61493,10
13.1430101395,80.2221298218,61493,61504,11
13.1432199478,80.2218170166,61504,61554,50
13.1432199478,80.2218170166,61554,61564,10
13.1433696747,80.2216186523,61564,61574,10
13.1434698105,80.221496582,61574,61584,10
13.1436195374,80.221282959,61584,61594,10
13.1437597275,80.2210617065,61594,61603,9
13.1438598633,80.2209091187,61603,61615,12
13.1439599991,80.2207183838,61615,61625,10
13.1440095901,80.2204818726,61625,61635,10
13.1440296173,80.2200698853,61635,61645,10
13.1445703506,80.2195587158,61645,61665,20
13.1445703506,80.2195587158,61665,61675,10
13.1446695328,80.2195129395,61675,61685,10
13.1449098587,80.2194137573,61685,61695,10
13.1452102661,80.2190475464,61695,61836,141
13.1452102661,80.2190475464,61836,61846,10
13.1452999115,80.2189483643,61846,61857,11
13.1456203461,80.2185287476,61857,61867,10
13.1460399628,80.2179794312,61867,61877,10
13.1465902328,80.2171936035,61877,61887,10
13.147310257,80.2162628174,61887,61897,10
13.1480503082,80.2152328491,61897,61907,10
13.1488399506,80.2141723633,61907,61917,10
13.1496696472,80.2130508423,61917,61927,10
13.1505203247,80.2119369507,61927,61937,10
13.1513996124,80.2107772827,61937,61947,10
13.1522703171,80.2096405029,61947,61957,10
13.1529397964,80.2087173462,61957,61967,10
13.1535596848,80.2079315186,61967,61978,11
13.1542797089,80.2069625854,61978,61988,10
13.154999733,80.2060699463,61988,61998,10
13.155579567,80.2054977417,61998,62008,10
13.1560401917,80.2050933838,62008,62018,10
13.1564798355,80.204750061,62018,62028,10
13.1570997238,80.2043304443,62028,62038,10
13.1576404572,80.2040100098,62038,62048,10
13.157910347,80.2038803101,62048,62058,10
13.1582298279,80.203742981,62058,62068,10
13.1583204269,80.2036972046,62068,62078,10
13.1583995819,80.203666687,62078,62089,11
13.158829689,80.2035369873,62089,62099,10
13.1594896317,80.2033691406,62099,62109,10
13.1603097916,80.2032165527,62109,62119,10
13.1613302231,80.2030410767,62119,62129,10
13.1624298096,80.2028427124,62129,62139,10
13.1631202698,80.2026824951,62139,62149,10
13.1635599136,80.2025909424,62149,62159,10
13.1643800735,80.202331543,62159,62179,20
13.1643800735,80.202331543,62179,62189,10
13.1646900177,80.2022476196,62189,62199,10
13.1652698517,80.2021026611,62199,62210,11
13.1661300659,80.2017593384,62210,62220,10
13.1670303345,80.2012863159,62220,62230,10
13.1679897308,80.2007522583,62230,62240,10
13.1688098907,80.2002868652,62240,62250,10
13.169210434,80.200050354,62250,62260,10
13.1694498062,80.1999130249,62260,62270,10
13.170129776,80.1995162964,62270,62290,20
13.170129776,80.1995162964,62290,62300,10
13.1701698303,80.1994934082,62300,62310,10
13.1702003479,80.19947052,62310,62320,10
13.1702804565,80.199432373,62320,62331,11
13.1705999374,80.1992492676,62331,62341,10
13.1708803177,80.1990966797,62341,62351,10
13.1710996628,80.1989822388,62351,62361,10
13.1714496613,80.1988220215,62361,62371,10
13.1720199585,80.1985015869,62371,62381,10
13.1727304459,80.198097229,62381,62391,10
13.1735601425,80.1976394653,62391,62401,10
13.1745100021,80.1970977783,62401,62411,10
13.1755104065,80.1965408325,62411,62421,10
13.1765098572,80.1959762573,62421,62431,10
13.1775102615,80.1954193115,62431,62442,11
13.178609848,80.19480896,62442,62452,10
13.179599762,80.1942520142,62452,62462,10
13.1806001663,80.193687439,62462,62472,10
13.181599617,80.1931304932,62472,62482,10
13.1825895309,80.1925811768,62482,62492,10
13.1834602356,80.1922073364,62492,62502,10
13.1840400696,80.1920623779,62502,62512,10
13.1841201782,80.1920318604,62512,62522,10
13.1842298508,80.1917114258,62522,62532,10
13.184679985,80.1914596558,62532,62542,10
13.1852302551,80.1911010742,62542,62552,10
13.1857795715,80.1906280518,62552,62563,11
13.1863603592,80.1900405884,62563,62573,10
13.187040329,80.1897506714,62573,62583,10
13.1876096725,80.1894378662,62583,62593,10
13.1878404617,80.189201355,62593,62603,10
13.1881103516,80.188873291,62603,62613,10
13.1884098053,80.1885299683,62613,62623,10
13.1886396408,80.1882781982,62623,62633,10
13.1889400482,80.1880111694,62633,62653,20
13.1889400482,80.1880111694,62653,62663,10
13.1890802383,80.1878814697,62663,62674,11
13.1892900467,80.1876831055,62674,62684,10
13.1893796921,80.1875991821,62684,62694,10
13.1895198822,80.187461853,62694,62704,10
13.1898803711,80.1871337891,62704,62714,10
13.1903800964,80.1866836548,62714,62724,10
13.1909198761,80.1862030029,62724,62734,10
13.1914396286,80.1857223511,62734,62744,10
13.1918697357,80.185333252,62744,62754,10
13.1921901703,80.185043335,62754,62764,10
13.1925497055,80.1847076416,62764,62774,10
13.1929101944,80.1843719482,62774,62825,51
13.1929101944,80.1843719482,62825,62835,10
13.1930599213,80.1842422485,62835,62845,10
13.1933403015,80.1839981079,62845,62855,10
13.1936798096,80.1836776733,62855,62865,10
13.1940402985,80.1833496094,62865,62875,10
13.1943397522,80.18309021,62875,62885,10
13.1946401596,80.1828079224,62885,62895,10
13.1950798035,80.1824111938,62895,62904,9
13.1955404282,80.1819763184,62904,62916,12
13.1962003708,80.1813735962,62916,62926,10
13.1965398788,80.181060791,62926,62946,20
13.1965398788,80.181060791,62946,62956,10
13.196680069,80.1811676025,62956,62966,10
13.196849823,80.1810836792,62966,62976,10
13.1970701218,80.1806793213,62976,62986,10
13.1975097656,80.1801605225,62986,62996,10
13.19810009,80.1796798706,62996,63006,10
13.199090004,80.1789169312,63006,63026,20
13.199090004,80.1789169312,63026,63037,11
13.1993999481,80.1786880493,63037,63047,10
13.1999797821,80.1782608032,63047,63057,10
13.2005796432,80.1778030396,63057,63067,10
13.2011995316,80.1773300171,63067,63077,10
13.2019395828,80.1767807007,63077,63087,10
13.2028398514,80.1761016846,63087,63097,10
13.2036504745,80.175491333,63097,63107,10
13.2041101456,80.1751403809,63107,63127,20
13.2041101456,80.1751403809,63127,63137,10
13.204199791,80.1750717163,63137,63148,11
13.2044496536,80.1748886108,63148,63158,10
13.2045001984,80.1748580933,63158,63168,10
13.204870224,80.1746063232,63168,63178,10
13.2055501938,80.1741790771,63178,63188,10
13.2064199448,80.1736373901,63188,63198,10
13.207400322,80.1730728149,63198,63208,10
13.2084197998,80.1725463867,63208,63218,10
13.2094697952,80.1720809937,63218,63228,10
13.2105398178,80.1716766357,63228,63238,10
13.2116098404,80.1712799072,63238,63248,10
13.212679863,80.1708831787,63248,63258,10
13.2137203217,80.170501709,63258,63269,11
13.214679718,80.1701507568,63269,63279,10
13.2154598236,80.1698532104,63279,63289,10
13.2160997391,80.1695480347,63289,63299,10
13.2166004181,80.1692886353,63299,63309,10
13.2167596817,80.1691970825,63309,63339,30
13.2167596817,80.1691970825,63339,63349,10
13.2169103622,80.1691436768,63349,63430,81
13.2171897888,80.1688766479,63430,63521,91
13.2171897888,80.1688766479,63521,63531,10
13.2176799774,80.1687469482,63531,63541,10
13.2181797028,80.1687088013,63541,63551,10
13.2187995911,80.1685409546,63551,63561,10
13.2193698883,80.1683883667,63561,63571,10
13.2200098038,80.1681594849,63571,63581,10
13.2207298279,80.1678237915,63581,63591,10
13.2215595245,80.1675186157,63591,63601,10
13.2222604752,80.1672592163,63601,63611,10
13.222990036,80.1669921875,63611,63622,11
13.2239398956,80.166633606,63622,63632,10
13.2249097824,80.1662368774,63632,63642,10
13.2266197205,80.1650085449,63642,63652,10
13.2266197205,80.1650085449,63652,63662,10
13.2271900177,80.1643218994,63662,63672,10
13.2275400162,80.1641693115,63672,63692,20
13.2269802094,80.1649703979,63692,63702,10
13.2269802094,80.1654891968,63702,63712,10
13.227640152,80.165512085,63712,63722,10
13.2284202576,80.1652069092,63722,63732,10
13.2292098999,80.1649169922,63732,63743,11
13.2295303345,80.1647567749,63743,63753,10
13.2296495438,80.1647109985,63753,63763,10
13.2301101685,80.1645202637,63763,63773,10
13.2307500839,80.1642608643,63773,63783,10
13.2315101624,80.1639633179,63783,63793,10
13.2323799133,80.1636199951,63793,63803,10
13.2333402634,80.1632232666,63803,63813,10
13.2343902588,80.1627883911,63813,63823,10
13.2354402542,80.162361145,63823,63833,10
13.2364797592,80.1619262695,63833,63843,10
13.2375402451,80.1615219116,63843,63853,10
13.238409996,80.161239624,63853,63864,11
13.2390203476,80.1610412598,63864,63874,10
13.2395801544,80.1608886719,63874,63884,10
13.2400903702,80.1607437134,63884,63894,10
13.2401304245,80.1607437134,63894,63904,10
13.2402801514,80.160697937,63904,63914,10
13.2407598495,80.1605224609,63914,63924,10
13.2414102554,80.1602783203,63924,63934,10
13.2421398163,80.1600036621,63934,63944,10
13.2429199219,80.1596832275,63944,63954,10
13.2436800003,80.1593399048,63954,63964,10
13.2444400787,80.1589889526,63964,63975,11
13.2452898026,80.1585388184,63975,63985,10
13.2460203171,80.1581192017,63985,63995,10
13.2465696335,80.1578063965,63995,64005,10
13.2470703125,80.1575622559,64005,64025,20
13.2470703125,80.1575622559,64025,64035,10
13.2471399307,80.1575317383,64035,64045,10
13.2475204468,80.157333374,64045,64055,10
13.2479095459,80.1571121216,64055,64640,585
13.2479095459,80.1571121216,64640,64650,10
13.2480602264,80.1570663452,64650,64660,10
13.2482795715,80.1569595337,64660,64670,10
13.2485303879,80.156829834,64670,64680,10
13.2489299774,80.1566314697,64680,64691,11
13.249420166,80.1563720703,64691,64711,20
13.249420166,80.1563720703,64711,64721,10
13.2495298386,80.1563186646,64721,64731,10
13.2496995926,80.1561813354,64731,64741,10
13.2496595383,80.1560668945,64741,64751,10
13.2496404648,80.1559906006,64751,64761,10
13.2496404648,80.1559371948,64761,64771,10
13.2496299744,80.1558227539,64771,64781,10
13.2496004105,80.1555404663,64781,64791,10
13.249540329,80.1550598145,64791,64802,11
13.2495098114,80.1546096802,64802,64812,10
13.2494602203,80.1540298462,64812,64822,10
13.2494096756,80.1534118652,64822,64832,10
13.2493801117,80.1528167725,64832,64842,10
13.249420166,80.1522369385,64842,64852,10
13.2494897842,80.151512146,64852,64862,10
13.2495698929,80.1506500244,64862,64872,10
13.2496500015,80.1498031616,64872,64882,10
13.2496795654,80.1495437622,64882,64892,10
13.249710083,80.1492919922,64892,64902,10
13.2497396469,80.1488800049,64902,64912,10
13.2497301102,80.1485595703,64912,64923,11
13.2496595383,80.148147583,64923,64933,10
13.2496595383,80.1481323242,64933,64943,10
13.2496099472,80.1478729248,64943,64953,10
13.249540329,80.1475296021,64953,64963,10
13.249540329,80.1470794678,64963,64973,10
13.2495698929,80.1468276978,64973,64983,10
13.2496099472,80.1466674805,64983,64993,10
13.2496795654,80.1463165283,64993,65003,10
13.2496795654,80.146270752,65003,65013,10
13.2497301102,80.1459197998,65013,65023,10
13.2497596741,80.1455688477,65023,65033,10
13.2498197556,80.1449966431,65033,65044,11
13.2498598099,80.1446380615,65044,65052,8
13.2504901886,80.1411590576,65052,65119,67
13.2493696213,80.1395568848,65119,65149,30
13.2461700439,80.1371536255,65149,65203,54
13.2451200485,80.1366729736,65203,65232,29
13.243639946,80.1364822388,65232,65263,31
13.243639946,80.1364822388,65263,65294,31
13.2421598434,80.1368865967,65294,65304,10
13.2418899536,80.1368713379,65304,65314,10
13.2414302826,80.1368103027,65314,65324,10
13.240940094,80.1366271973,65324,65334,10
13.2405796051,80.1364974976,65334,65344,10
13.2401800156,80.1363067627,65344,65354,10
13.2397298813,80.1362686157,65354,65364,10
13.2392902374,80.1363296509,65364,65374,10
13.2390003204,80.136177063,65374,65384,10
13.2387695313,80.1359863281,65384,65395,11
13.2383003235,80.1358032227,65395,65405,10
13.2378702164,80.1362304688,65405,65415,10
13.2374000549,80.1363601685,65415,65425,10
13.2369098663,80.1363677979,65425,65435,10
13.2365198135,80.1364212036,65435,65445,10
13.2362003326,80.136428833,65445,65455,10
13.2359199524,80.1363677979,65455,65465,10
13.2355804443,80.1362380981,65465,65475,10
13.2353000641,80.1361236572,65475,65485,10
13.2349395752,80.1359634399,65485,65495,10
13.2345504761,80.1358566284,65495,65505,10
13.2342700958,80.1355667114,65505,65516,11
13.2339096069,80.1352386475,65516,65526,10
13.2336997986,80.1348190308,65526,65536,10
13.2337598801,80.1343002319,65536,65546,10
13.2339897156,80.1337203979,65546,65556,10
13.2342500687,80.1331710815,65556,65566,10
13.2342996597,80.1325531006,65566,65576,10
13.2344102859,80.1318283081,65576,65586,10
13.233499527,80.1305465698,65586,65596,10
13.233499527,80.1305465698,65596,65606,10
13.2328395844,80.1298065186,65606,65615,9
13.2286596298,80.1277999878,65615,65685,70
13.2286596298,80.1277999878,65685,65715,30
13.2294597626,80.1259613037,65715,65725,10
13.229590416,80.1256790161,65725,65735,10
13.229809761,80.125213623,65735,65746,11
13.2298698425,80.1250762939,65746,65756,10
13.230050087,80.124671936,65756,65766,10
13.2302398682,80.1241378784,65766,65776,10
13.230629921,80.1234207153,65776,65786,10
13.2307796478,80.1231689453,65786,65796,10
13.2308702469,80.1231613159,65796,65806,10
13.2312402725,80.1231613159,65806,65816,10
13.231760025,80.1231079102,65816,65826,10
13.2322301865,80.1228637695,65826,65836,10
13.2323799133,80.1224899292,65836,65917,81
13.2323799133,80.1224899292,65917,65927,10
13.2324104309,80.1224212646,65927,65937,10
13.2325000763,80.1221008301,65937,65947,10
13.2327098846,80.1214981079,65947,65957,10
13.2327804565,80.1211395264,65957,65966,9
13.2328195572,80.1209182739,65966,65977,11
13.2330102921,80.1202774048,65977,65988,11
13.233499527,80.1195602417,65988,65998,10
13.2340602875,80.1190490723,65998,66008,10
13.2348804474,80.1189193726,66008,66018,10
13.2358798981,80.1188583374,66018,66028,10
13.2370004654,80.1189193726,66028,66048,20
13.2370004654,80.1189193726,66048,66058,10
13.237279892,80.1190414429,66058,66068,10
13.2378997803,80.1192703247,66068,66078,10
13.2385702133,80.1194534302,66078,66088,10
13.2388496399,80.120010376,66088,66099,11
13.2397098541,80.1200332642,66099,66109,10
13.2404899597,80.1201171875,66109,66119,10
13.2409601212,80.1202163696,66119,66129,10
13.2410202026,80.1202163696,66129,66139,10
13.241109848,80.1202392578,66139,66149,10
13.2415599823,80.1203079224,66149,66159,10
13.2419700623,80.1203384399,66159,66169,10
13.2423295975,80.1204223633,66169,67160,991
13.2421197891,80.120300293,67160,67191,31
13.2409296036,80.1201934814,67191,67221,30
13.2392902374,80.1199798584,67221,67251,30
13.2378997803,80.1192626953,67251,67281,30
13.2367401123,80.1188812256,67281,67311,30
13.2367401123,80.1188812256,67311,67332,21
13.2356796265,80.1188430786,67332,67342,10
13.2349596024,80.1188964844,67342,67352,10
13.2343196869,80.1190032959,67352,67362,10
13.233710289,80.1192398071,67362,67372,10
13.2330799103,80.1201095581,67372,67392,20
13.2330799103,80.1201095581,67392,67403,11
13.2329702377,80.1203613281,67403,67413,10
13.23279953,80.1209411621,67413,67423,10
13.2326498032,80.121673584,67423,67433,10
13.2324800491,80.1221313477,67433,67443,10
13.2323503494,80.1225662231,67443,67463,20
13.2323503494,80.1225662231,67463,67473,10
13.232339859,80.1225967407,67473,67483,10
13.2321996689,80.1229095459,67483,67493,10
13.2317800522,80.1231079102,67493,67503,10
13.231180191,80.1231689453,67503,67514,11
13.2307300568,80.1232070923,67514,67523,9
13.2306995392,80.1232528687,67523,67534,11
13.230509758,80.123626709,67534,67544,10
13.2302303314,80.124130249,67544,67554,10
13.230050087,80.1246490479,67554,67564,10
13.2298603058,80.1251068115,67564,67574,10
13.2295799255,80.1257476807,67574,67584,10
13.2292995453,80.126373291,67584,67594,10
13.2290296555,80.1269683838,67594,67604,10
13.2287197113,80.1276397705,67604,67614,10
13.2286195755,80.1280899048,67614,67624,10
13.2287197113,80.1281967163,67624,67635,11
13.2291202545,80.1283798218,67635,67735,100
13.2291202545,80.1283798218,67735,67745,10
13.2293300629,80.1284637451,67745,67756,11
13.2296895981,80.1285629272,67756,67766,10
13.2302503586,80.1286087036,67766,67776,10
13.2309999466,80.1288604736,67776,67786,10
13.2317895889,80.1292266846,67786,67796,10
13.2326002121,80.1296691895,67796,67806,10
13.2333297729,80.1304168701,67806,67816,10
13.234000206,80.1311721802,67816,67826,10
13.2344198227,80.1318893433,67826,67836,10
13.2343101501,80.1326599121,67836,67846,10
13.2342596054,80.1330871582,67846,67856,10
13.2341804504,80.1334762573,67856,67867,11
13.2339601517,80.1338119507,67867,67877,10
13.2338199615,80.1341629028,67877,67887,10
13.233710289,80.1345367432,67887,67897,10
13.2336997986,80.1349029541,67897,67907,10
13.2338895798,80.1352767944,67907,67917,10
13.2341995239,80.1355209351,67917,67927,10
13.2344503403,80.1358108521,67927,67937,10
13.2347803116,80.1359481812,67937,67947,10
13.2350997925,80.1360702515,67947,67957,10
13.2354097366,80.1361999512,67957,67967,10
13.2356500626,80.1363067627,67967,67977,10
13.2359304428,80.1363983154,67977,67988,11
13.236240387,80.1364517212,67988,67998,10
13.2368097305,80.136428833,67998,68007,9
13.2368097305,80.136428833,68007,68018,11
13.2372198105,80.136390686,68018,68026,8
13.2396402359,80.1363525391,68026,68096,70
13.2396402359,80.1363525391,68096,68117,21
13.2403402328,80.1364517212,68117,68127,10
13.2410898209,80.13671875,68127,68137,10
13.2410898209,80.13671875,68137,68157,20
13.2421102524,80.1369476318,68157,68166,9
13.2423496246,80.1369018555,68166,68177,11
13.2427797318,80.1367416382,68177,68187,10
13.2437200546,80.1365585327,68187,68197,10
13.2437200546,80.1365585327,68197,68207,10
13.2442102432,80.1367874146,68207,68216,9
13.2477397919,80.1380615234,68216,68286,70
13.2484998703,80.1385116577,68286,68316,30
13.2495298386,80.1398773193,68316,68347,31
13.2508802414,80.1419525146,68347,68379,32
13.2500400543,80.1440429688,68379,68409,30
13.249710083,80.1459579468,68409,68440,31
13.2495298386,80.1469421387,68440,68470,30
13.2496595383,80.1482467651,68470,68499,29
13.2496995926,80.1492996216,68499,68529,30
13.24958992,80.1504364014,68529,68559,30
13.2493696213,80.1526565552,68559,68591,32
13.2495298386,80.1550216675,68591,68621,30
13.24958992,80.1555328369,68621,68742,121
13.24958992,80.1555328369,68742,68752,10
13.2496004105,80.1557617188,68752,68772,20
13.2496004105,80.1557617188,68772,68782,10
13.2496204376,80.155960083,68782,68792,10
13.2496595383,80.156211853,68792,68802,10
13.2495298386,80.1563796997,68802,68813,11
13.249250412,80.1565093994,68813,68823,10
13.2488298416,80.1567230225,68823,68833,10
13.2485399246,80.1568527222,68833,68843,10
13.2478904724,80.1571807861,68843,68873,30
13.2478904724,80.1571807861,68873,68883,10
13.2477703094,80.1572265625,68883,68893,10
13.2475795746,80.1573181152,68893,68903,10
13.2472600937,80.1575012207,68903,68913,10
13.2470703125,80.1576004028,68913,68924,11
13.2466802597,80.1577911377,68924,68934,10
13.246219635,80.1580429077,68934,68944,10
13.245759964,80.1582870483,68944,68954,10
13.2452497482,80.1585693359,68954,68964,10
13.244600296,80.1589126587,68964,68974,10
13.2439804077,80.1592407227,68974,68984,10
13.2434597015,80.1594619751,68984,68994,10
13.2431497574,80.1595916748,68994,69004,10
13.2426700592,80.1598129272,69004,69014,10
13.2420902252,80.1600570679,69014,69024,10
13.2415599823,80.1602478027,69024,69034,10
13.240940094,80.1604919434,69034,69045,11
13.2402896881,80.1607208252,69045,69055,10
13.239780426,80.1608581543,69055,69065,10
13.2393198013,80.1610031128,69065,69075,10
13.2392902374,80.1610107422,69075,69085,10
13.2392501831,80.1610183716,69085,69095,10
13.2388696671,80.1611404419,69095,69105,10
13.238240242,80.1613311768,69105,69115,10
13.2375202179,80.1615371704,69115,69125,10
13.2367696762,80.1618423462,69125,69135,10
13.2359800339,80.1621627808,69135,69145,10
13.2352800369,80.1624603271,69145,69156,11
13.2343397141,80.1628265381,69156,69166,10
13.2334604263,80.1632003784,69166,69176,10
13.2326402664,80.1635437012,69176,69186,10
13.2318201065,80.1638793945,69186,69196,10
13.2310199738,80.1641998291,69196,69206,10
13.2302598953,80.1644897461,69206,69216,10
13.229640007,80.1647415161,69216,69226,10
13.2295503616,80.1647720337,69226,69236,10
13.2294797897,80.1647872925,69236,69246,10
13.2290802002,80.1649475098,69246,69256,10
13.2284297943,80.1651992798,69256,69266,10
13.2277402878,80.1654891968,69266,69277,11
13.2269096375,80.1656417847,69277,69287,10
13.2262802124,80.1657485962,69287,69297,10
13.2256698608,80.1662063599,69297,69307,10
13.2248296738,80.1666564941,69307,69317,10
13.223859787,80.1670379639,69317,69327,10
13.2229099274,80.1673965454,69327,69337,10
13.2220697403,80.1677093506,69337,69347,10
13.2213897705,80.1678695679,69347,69357,10
13.2213897705,80.1678695679,69357,69367,10
13.220990181,80.1679992676,69367,69376,9
13.2152099609,80.1700897217,69376,69446,70
13.2152099609,80.1700897217,69446,69466,20
13.2132196426,80.1708297729,69466,69476,10
13.2121601105,80.1712188721,69476,69486,10
13.2111196518,80.1716003418,69486,69496,10
13.2102098465,80.1719589233,69496,69507,11
13.2094697952,80.1722183228,69507,69517,10
13.2086601257,80.1725463867,69517,69527,10
13.2076997757,80.172996521,69527,69537,10
13.2067203522,80.1735534668,69537,69547,10
13.2058496475,80.1740875244,69547,69557,10
13.2050800323,80.1745834351,69557,69567,10
13.2044296265,80.1750335693,69567,69577,10
13.2039604187,80.1754074097,69577,69587,10
13.2039499283,80.1754226685,69587,69597,10
13.2036895752,80.1756286621,69597,69607,10
13.2031698227,80.1760101318,69607,69617,10
13.2025098801,80.1765136719,69617,69628,11
13.2016897202,80.177116394,69628,69638,10
13.2008695602,80.1777420044,69638,69648,10
13.1999902725,80.1784210205,69648,69658,10
13.1991596222,80.1790466309,69658,69668,10
13.1990299225,80.1791534424,69668,69678,10
13.1988201141,80.1792831421,69678,69688,10
13.1983203888,80.179649353,69688,69698,10
13.1976003647,80.1802368164,69698,69708,10
13.1969804764,80.181022644,69708,69718,10
13.196680069,80.181350708,69718,69728,10
13.1963596344,80.1813430786,69728,69738,10
13.1960897446,80.1815567017,69738,69749,11
13.1957597733,80.1818618774,69749,69759,10
13.1952600479,80.1823120117,69759,69769,10
13.1949596405,80.1825866699,69769,69779,10
13.1945104599,80.1829910278,69779,69789,10
13.193860054,80.1835784912,69789,69819,30
13.193860054,80.1835784912,69819,69829,10
13.1938199997,80.1836395264,69829,69839,10
13.1935796738,80.1838531494,69839,69849,10
13.1932697296,80.1841201782,69849,69860,11
13.1929397583,80.1844177246,69860,69880,20
13.1929397583,80.1844177246,69880,69890,10
13.1927900314,80.1845169067,69890,69900,10
13.1925201416,80.1847610474,69900,69910,10
13.1921596527,80.1850967407,69910,69920,10
13.191740036,80.1854934692,69920,69930,10
13.1913099289,80.1858825684,69930,69940,10
13.190870285,80.1862869263,69940,69950,10
13.1904697418,80.1866531372,69950,69960,10
13.1901102066,80.186958313,69960,69969,9
13.1898298264,80.187210083,69969,69981,12
13.1896295547,80.1874008179,69981,69991,10
13.1894903183,80.1875,69991,70001,10
13.1891403198,80.187828064,70001,70011,10
13.1887798309,80.1881408691,70011,70021,10
13.188659668,80.1882400513,70021,70031,10
13.1884498596,80.1884307861,70031,70041,10
13.1881399155,80.1887893677,70041,70051,10
13.1878595352,80.1891479492,70051,70061,10
13.1876401901,80.1894302368,70061,70071,10
13.1873397827,80.1896820068,70071,70081,10
13.186829567,80.1899032593,70081,70092,11
13.1860599518,80.1903305054,70092,70102,10
13.1855096817,80.1909408569,70102,70112,10
13.1849603653,80.1913375854,70112,70120,8
13.184510231,80.1916503906,70120,70132,12
13.1841497421,80.1921768188,70132,70152,20
13.1841497421,80.1921768188,70152,70162,10
13.1839599609,80.1923675537,70162,70172,10
13.1838302612,80.1923828125,70172,70182,10
13.1835203171,80.1924362183,70182,70192,10
13.1832704544,80.1925125122,70192,70202,10
13.1827402115,80.1927032471,70202,70213,11
13.1819696426,80.1930923462,70213,70223,10
13.1811704636,80.1935424805,70223,70233,10
13.1803197861,80.1940231323,70233,70243,10
13.1794700623,80.1945037842,70243,70253,10
13.1786499023,80.1949615479,70253,70263,10
13.1778697968,80.1953887939,70263,70273,10
13.1771402359,80.1958084106,70273,70283,10
13.1764001846,80.1962127686,70283,70293,10
13.1756696701,80.1966171265,70293,70303,10
13.1749601364,80.1970214844,70303,70313,10
13.1742696762,80.1974182129,70313,70324,11
13.1734800339,80.1978607178,70324,70334,10
13.1727304459,80.1982803345,70334,70344,10
13.1720600128,80.1986618042,70344,70354,10
13.1714200974,80.1990127563,70354,70364,10
13.1710996628,80.1991882324,70364,70374,10
13.1707801819,80.1993484497,70374,70404,30
13.1707801819,80.1993484497,70404,70414,10
13.170630455,80.1994628906,70414,70424,10
13.1704702377,80.199546814,70424,70434,10
13.1701498032,80.1997299194,70434,70445,11
13.1696100235,80.2000274658,70445,70455,10
13.1689596176,80.2003936768,70455,70465,10
13.1683197021,80.2007522583,70465,70475,10
13.1676702499,80.2011108398,70475,70485,10
13.1669301987,80.2015228271,70485,70495,10
13.1662302017,80.2018966675,70495,70505,10
13.1655197144,80.2022094727,70505,70515,10
13.1644802094,80.202507019,70515,70535,20
13.1644802094,80.202507019,70535,70544,9
13.1643199921,80.2025604248,70544,70555,11
13.164150238,80.2025985718,70555,70566,11
13.1640501022,80.2026367188,70566,70576,10
13.1637802124,80.2027130127,70576,70586,10
13.163310051,80.2028427124,70586,70596,10
13.1627197266,80.2029800415,70596,70606,10
13.1620798111,80.2031097412,70606,70616,10
13.1614398956,80.2032165527,70616,70626,10
13.1608600616,80.2033233643,70626,70636,10
13.1602401733,80.2034301758,70636,70646,10
13.1596298218,80.2035522461,70646,70656,10
13.1590995789,80.2036895752,70656,70666,10
13.1586799622,80.2038269043,70666,70677,11
13.1585502625,80.2038574219,70677,70687,10
13.1584300995,80.2038803101,70687,70697,10
13.158200264,80.2039489746,70697,70707,10
13.1581096649,80.2039871216,70707,70717,10
13.1580696106,80.2040176392,70717,70727,10
13.1577396393,80.2041625977,70727,70737,10
13.1571702957,80.2044296265,70737,70747,10
13.1567602158,80.2046737671,70747,70757,10
13.1561603546,80.2051010132,70757,70767,10
13.1554603577,80.2056808472,70767,70777,10
13.1547603607,80.2064208984,70777,70787,10
13.1541204453,80.2072296143,70787,70798,11
13.1534500122,80.2081222534,70798,70808,10
13.1531295776,80.2085876465,70808,70818,10
13.1530199051,80.2087402344,70818,70828,10
13.1529998779,80.2087631226,70828,70838,10
13.1527299881,80.2090835571,70838,70848,10
13.1522798538,80.2096633911,70848,70858,10
13.1517295837,80.2103805542,70858,70868,10
13.1510801315,80.2112426758,70868,70878,10
13.15046978,80.2120437622,70878,70888,10
13.149889946,80.2128067017,70888,70898,10
13.1492996216,80.2135925293,70898,70909,11
13.1486196518,80.2144927979,70909,70919,10
13.1480398178,80.2152786255,70919,70929,10
13.1474704742,80.2160568237,70929,70939,10
13.1468601227,80.2169189453,70939,70949,10
13.146229744,80.2177963257,70949,70959,10
13.14564991,80.2186203003,70959,70969,10
13.1450996399,80.2193908691,70969,70979,10
13.1449604034,80.2201385498,70979,70989,10
13.1448001862,80.2206115723,70989,70999,10
13.1445398331,80.2207565308,70999,71009,10
13.1442403793,80.2208633423,71009,71019,10
13.1440296173,80.2209701538,71019,71030,11
13.1440200806,80.2209701538,71030,71040,10
13.1438798904,80.2211227417,71040,71050,10
13.1435499191,80.2215194702,71050,71060,10
13.143119812,80.2221069336,71060,71070,10
13.1426200867,80.2227935791,71070,71080,10
13.1421203613,80.2234725952,71080,71090,10
13.1416597366,80.2241134644,71090,71100,10
13.1411504745,80.2248077393,71100,71110,10
13.1406297684,80.2255325317,71110,71120,10
13.1401195526,80.2262268066,71120,71130,10
13.1396398544,80.2268829346,71130,71141,11
13.1392698288,80.2273788452,71141,71151,10
13.1391000748,80.2276077271,71151,71161,10
13.1390600204,80.2276763916,71161,71171,10
13.1389198303,80.2278594971,71171,71221,50
13.1389198303,80.2278594971,71221,71231,10
13.1390399933,80.2280426025,71231,71241,10
13.1394701004,80.2282409668,71241,71250,9
13.1400995255,80.2283706665,71250,71262,12
13.1410598755,80.2286224365,71262,71272,10
13.1419000626,80.2289428711,71272,71282,10
13.1428604126,80.2290878296,71282,71292,10
13.1439304352,80.2293167114,71292,71302,10
13.1450500488,80.2294921875,71302,71312,10
13.1459703445,80.2296676636,71312,71322,10
13.1465597153,80.2300033569,71322,71332,10
13.14702034,80.2304916382,71332,71342,10
13.1472301483,80.2306365967,71342,71352,10
13.1473703384,80.2307434082,71352,71362,10
13.1475496292,80.2308807373,71362,71453,91
13.1475496292,80.2308807373,71453,71463,10
13.1476602554,80.2310791016,71463,71473,10
13.1475095749,80.2312393188,71473,71482,9
13.1471796036,80.2314682007,71482,71494,12
13.14661026,80.2317581177,71494,71504,10
13.1462602615,80.2319412231,71504,71514,10
13.1458797455,80.2321090698,71514,71524,10
13.1453695297,80.2323989868,71524,71534,10
13.1447401047,80.2327804565,71534,71544,10
13.1443004608,80.2331237793,71544,71554,10
13.1440000534,80.2334671021,71554,71564,10
13.143699646,80.2338180542,71564,71574,10
13.143409729,80.2342987061,71574,71584,10
13.1431903839,80.2349090576,71584,71594,10
13.1430301666,80.2353286743,71594,71605,11
13.1428499222,80.2358627319,71605,71615,10
13.1426897049,80.2362670898,71615,71625,10
13.1426296234,80.2363967896,71625,71635,10
13.1423597336,80.236656189,71635,71645,10
13.1421098709,80.2368469238,71645,71655,10
13.1417503357,80.2370529175,71655,71665,10
13.141289711,80.2372817993,71665,71675,10
13.1410102844,80.2373962402,71675,71685,10
13.1409797668,80.237411499,71685,71695,10
13.1408100128,80.2374267578,71695,71705,10
13.1403398514,80.2374572754,71705,71714,9
13.1397399902,80.2375183105,71714,71726,12
13.1388702393,80.237663269,71726,71736,10
13.1378202438,80.2379226685,71736,71766,30
13.1378202438,80.2379226685,71766,71776,10
13.1376495361,80.2379684448,71776,71786,10
13.1374197006,80.2379989624,71786,71796,10
13.1370601654,80.2380523682,71796,71806,10
13.1365604401,80.2381591797,71806,71816,10
13.1358699799,80.2383575439,71816,71826,10
13.1354503632,80.2385025024,71826,71836,10
13.1350097656,80.2386779785,71836,71847,11
13.1343202591,80.2389907837,71847,71857,10
13.1335897446,80.2393417358,71857,71867,10
13.1328201294,80.2397384644,71867,71877,10
13.132109642,80.2400817871,71877,71887,10
13.1314201355,80.2404403687,71887,71897,10
13.1307601929,80.2407913208,71897,71907,10
13.1300401688,80.2413711548,71907,72028,121
13.1297502518,80.2416229248,72028,72068,40
13.1297502518,80.2416229248,72068,72079,11
13.1294698715,80.2419891357,72079,72099,20
13.1294698715,80.2419891357,72099,72109,10
13.1294498444,80.2420883179,72109,72119,10
13.1294002533,80.2425231934,72119,72129,10
13.129360199,80.2429504395,72129,72139,10
13.1292896271,80.2435073853,72139,72149,10
13.1292295456,80.2440032959,72149,72159,10
13.1291503906,80.2445373535,72159,72169,10
13.1290998459,80.2450332642,72169,72179,10
13.1290397644,80.2455291748,72179,72189,10
13.1289901733,80.2461090088,72189,72200,11
13.1289796829,80.2468490601,72200,72210,10
13.129240036,80.2474517822,72210,72220,10
13.1295404434,80.2480163574,72220,72230,10
13.1297597885,80.2486877441,72230,72240,10
13.1298599243,80.2493591309,72240,72250,10
13.1298999786,80.2498626709,72250,72260,10
13.1295204163,80.249961853,72260,72270,10
13.1290597916,80.2499237061,72270,72280,10
13.1285104752,80.2499694824,72280,72290,10
13.1280097961,80.2498626709,72290,72300,10
13.1275196075,80.249710083,72300,72311,11
13.1270399094,80.2495117188,72311,72321,10
13.126660347,80.2493896484,72321,72331,10
13.1262397766,80.2492370605,72331,72341,10
13.1256999969,80.2490768433,72341,72351,10
13.125120163,80.2488708496,72351,72361,10
13.1246204376,80.2487030029,72361,72371,10
13.1237897873,80.2484130859,72371,72411,40
13.1237897873,80.2484130859,72411,72420,9
13.1237201691,80.2483901978,72420,72432,12
13.1234197617,80.2484664917,72432,72442,10
13.1230697632,80.2489013672,72442,72452,10
13.1226797104,80.2495269775,72452,72462,10
13.122420311,80.250213623,72462,72472,10
13.1220798492,80.2510681152,72472,72492,20
13.1220798492,80.2510681152,72492,72502,10
13.1219501495,80.2513198853,72502,72512,10
13.1218004227,80.2517318726,72512,72522,10
13.1216497421,80.2522964478,72522,72532,10
13.1215295792,80.2527770996,72532,72543,11
13.1213598251,80.25340271,72543,72553,10
13.1210002899,80.2540206909,72553,72563,10
13.1205596924,80.2544937134,72563,72573,10
13.1201601028,80.2549285889,72573,72593,20
13.1201601028,80.2549285889,72593,72603,10
13.1201095581,80.2549819946,72603,72613,10
13.1198396683,80.255279541,72613,72623,10
13.1194896698,80.255821228,72623,72633,10
13.1191301346,80.2564926147,72633,72643,10
13.1188297272,80.2571716309,72643,72653,10
13.118689537,80.2576522827,72653,72664,11
13.1185998917,80.2581176758,72664,72674,10
13.1184501648,80.2587966919,72674,72684,10
13.1183900833,80.2594223022,72684,72704,20
13.1183900833,80.2594223022,72704,72714,10
13.1185903549,80.2594680786,72714,72724,10
13.119020462,80.2594604492,72724,72734,10
13.1195402145,80.259437561,72734,72744,10
13.1201496124,80.2594223022,72744,72754,10
13.1204395294,80.2594070435,72754,72764,10
13.1206998825,80.2593994141,72764,72775,11
13.1210002899,80.2593765259,72775,72785,10
13.121509552,80.2593612671,72785,72795,10
13.1220502853,80.2593383789,72795,72805,10
13.1225595474,80.2593231201,72805,72815,10
13.1227798462,80.2593078613,72815,72825,10
13.1228904724,80.2594833374,72825,72845,20
13.1228904724,80.2594833374,72845,72855,10
13.1228504181,80.2596664429,72855,72865,10
13.1228599548,80.2601699829,72865,72875,10
13.1228599548,80.2608795166,72875,72885,10
13.1228599548,80.26146698,72885,72896,11
13.1228704453,80.2617797852,72896,72906,10
13.1228704453,80.2621917725,72906,72916,10
13.1228599548,80.2627792358,72916,72926,10
13.1228599548,80.263168335,72926,72936,10
13.1228504181,80.2638397217,72936,72946,10
13.1228399277,80.2645187378,72946,72956,10
13.1228199005,80.2649688721,72956,72966,10
13.1228199005,80.2655029297,72966,72976,10
13.1227998734,80.2657775879,72976,72986,10
13.122469902,80.2658615112,72986,72996,10
13.1221103668,80.2658615112,72996,73006,10
13.1220703125,80.2658462524,73006,73017,11
13.121720314,80.2658309937,73017,73027,10
13.1211500168,80.2658233643,73027,73037,10
13.1205997467,80.2658233643,73037,73047,10
13.1201000214,80.2658081055,73047,73057,10
13.1197299957,80.2658081055,73057,73067,10
13.1193599701,80.2658081055,73067,73077,10
13.1191596985,80.2658004761,73077,73087,10
13.1187496185,80.2658081055,73087,73097,10
13.1181602478,80.2658081055,73097,73107,10
13.1175498962,80.2658004761,73107,73117,10
13.1171503067,80.2658004761,73117,73128,11
13.1166095734,80.2658004761,73128,73138,10
13.1161699295,80.2657928467,73138,73148,10
13.1157903671,80.2657928467,73148,73158,10
13.1153898239,80.2657775879,73158,73168,10
13.1151695251,80.2657775879,73168,73178,10
13.1148796082,80.2657699585,73178,73188,10
13.1144695282,80.2657623291,73188,73198,10
13.1142702103,80.2657470703,73198,73208,10
13.1142301559,80.2657623291,73208,73218,10
13.11398983,80.2657928467,73218,73228,10
13.1136598587,80.2658004761,73228,73237,9
13.1131696701,80.2658004761,73237,73249,12
13.1124000549,80.2658233643,73249,73259,10
13.1117801666,80.2658309937,73259,73269,10
13.1115598679,80.2658233643,73269,73279,10
13.1112499237,80.2657928467,73279,73289,10
13.1108102798,80.2657928467,73289,73299,10
13.1104803085,80.2658996582,73299,73309,10
13.1101703644,80.2661514282,73309,73319,10
13.1098299026,80.2664337158,73319,73329,10
13.1095104218,80.2666625977,73329,73339,10
13.1091299057,80.266998291,73339,73349,10
13.1089801788,80.2671585083,73349,73359,10
13.1087903976,80.2673492432,73359,73370,11
13.1083602905,80.2677764893,73370,73380,10
13.1078901291,80.2682723999,73380,73390,10
13.1074304581,80.268737793,73390,73400,10
13.1070203781,80.2692108154,73400,73410,10
13.1064901352,80.2698135376,73410,73420,10
13.1059503555,80.2704162598,73420,73430,10
13.1053600311,80.2709884644,73430,73440,10
13.1046800613,80.2713165283,73440,73450,10
13.1043195724,80.2716522217,73450,73460,10
13.1040802002,80.2721710205,73460,73470,10
13.1037397385,80.2727203369,73470,73481,11
13.103890419,80.2734298706,73481,73521,40
13.103890419,80.2734298706,73521,73531,10
13.1039304733,80.2736587524,73531,73541,10
13.1040000916,80.2741470337,73541,73551,10
13.104060173,80.2745513916,73551,73561,10
13.1041297913,80.2749404907,73561,73571,10
13.1042404175,80.2753829956,73571,73581,10
13.1043996811,80.2758178711,73581,73590,9
13.1045503616,80.2762069702,73590,73622,32
13.1045503616,80.2762069702,73622,73632,10
13.1045598984,80.2763671875,73632,73642,10
13.1046800613,80.2767028809,73642,73652,10
13.1048803329,80.2772521973,73652,73662,10
13.1050796509,80.2779922485,73662,73672,10
13.1052598953,80.2786178589,73672,73682,10
13.1054201126,80.279258728,73682,73692,10
13.1055002213,80.2799224854,73692,73702,10
13.1054897308,80.2807006836,73702,73713,11
13.1054000854,80.2817611694,73713,73723,10
13.1050100327,80.2843399048,73723,73763,40
13.1050100327,80.2843399048,73763,73783,20
13.1048803329,80.2850723267,73783,73793,10
13.1047496796,80.2856292725,73793,73803,10
13.1046199799,80.2860336304,73803,73813,10
13.1044502258,80.2865600586,73813,73822,9
13.104180336,80.2872619629,73822,73844,22
13.104180336,80.2872619629,73844,73854,10
13.1041297913,80.2873764038,73854,73864,10
13.1039495468,80.2878189087,73864,73874,10
13.1036596298,80.2884368896,73874,73884,10
13.1033697128,80.2891082764,73884,73894,10
13.1031799316,80.2895278931,73894,73904,10
13.1029195786,80.2901611328,73904,73914,10
13.1028604507,80.2903213501,73914,73924,10
13.1027803421,80.290512085,73924,73934,10
13.1031398773,80.2907867432,73934,73945,11
13.1038599014,80.2909317017,73945,73955,10
13.1045503616,80.290977478,73955,73965,10
13.105219841,80.2910385132,73965,73975,10
13.1057701111,80.2912216187,73975,73985,10
13.1058797836,80.2920303345,73985,73995,10
13.1059999466,80.2929000854,73995,74005,10
13.1059398651,80.2933197021,74005,74015,10
13.1056900024,80.2939682007,74015,74025,10
13.1054201126,80.2946777344,74025,74035,10
13.1050395966,80.2953186035,74035,74045,10
13.1043195724,80.2953186035,74045,74054,9
13.1035995483,80.2951202393,74054,74066,12
13.1025295258,80.2948303223,74066,74076,10
13.101650238,80.2946014404,74076,74086,10
13.1007204056,80.2943572998,74086,74096,10
13.1000900269,80.2942428589,74096,74106,10
13.0998296738,80.2941818237,74106,74116,10
13.0995798111,80.2940979004,74116,74126,10
13.0990200043,80.2939071655,74126,74136,10
13.0982503891,80.2936706543,74136,74146,10
13.0973796844,80.2933731079,74146,74156,10
13.0964803696,80.2930908203,74156,74166,10
13.0955896378,80.2928085327,74166,74176,10
13.09512043,80.2926635742,74176,74187,11
13.0942602158,80.2923812866,74187,74217,30
13.0942602158,80.2923812866,74217,74227,10
13.0941095352,80.2923202515,74227,74237,10
13.0936603546,80.2921676636,74237,74247,10
13.0932502747,80.2920303345,74247,74257,10
13.0927600861,80.2918777466,74257,74267,10
13.0922403336,80.2917327881,74267,74277,10
13.0917100906,80.2915420532,74277,74287,10
13.0910797119,80.2913208008,74287,74298,11
13.0903100967,80.2910690308,74298,74308,10
13.0895595551,80.2908172607,74308,74318,10
13.0890197754,80.2906265259,74318,74328,10
13.0889797211,80.2906036377,74328,74338,10
13.0886602402,80.2904815674,74338,74348,10
13.0882501602,80.2902984619,74348,74358,10
13.0878601074,80.2901077271,74358,74368,10
13.0873603821,80.289932251,74368,74378,10
13.0867900848,80.2897491455,74378,74388,10
13.0863704681,80.2896499634,74388,74398,10
13.0859098434,80.2895431519,74398,74407,9
13.085559845,80.2892608643,74407,74419,12
13.0851402283,80.2884597778,74419,74429,10
13.0850400925,80.287651062,74429,74439,10
13.085100174,80.2865982056,74439,74449,10
13.0852298737,80.2854232788,74449,74459,10
13.0852298737,80.2844772339,74459,74469,10
13.0852899551,80.2841873169,74469,74479,10
13.0853204727,80.2842178345,74479,74489,10
13.0853595734,80.2843399048,74489,74499,10
13.0853700638,80.2843780518,74499,74509,10
13.0853996277,80.284576416,74509,74519,10
13.0853900909,80.2846679688,74519,74530,11
13.0853796005,80.2847595215,74530,74540,10
13.0853796005,80.2849502563,74540,74550,10
13.0854101181,80.28515625,74550,74560,10
13.0856103897,80.2852401733,74560,74570,10
13.0858001709,80.2851715088,74570,75639,1069
13.0858001709,80.2851715088,75639,75649,10
13.0854597092,80.2852020264,75649,75659,10
13.0853004456,80.2853393555,75659,75669,10
13.0852499008,80.2857666016,75669,75679,10
13.0852098465,80.2863006592,75679,75689,10
13.0851602554,80.2868804932,75689,75699,10
13.0851097107,80.2874984741,75699,75710,11
13.085149765,80.288230896,75710,75720,10
13.0853900909,80.2888717651,75720,75730,10
13.0859003067,80.2892074585,75730,75740,10
13.0865697861,80.2894210815,75740,75750,10
13.0872602463,80.2896728516,75750,75760,10
13.087849617,80.2900314331,75760,75770,10
13.0884199142,80.2902603149,75770,75780,10
13.0889196396,80.2905273438,75780,75790,10
13.089509964,80.2907714844,75790,75800,10
13.0901403427,80.2909927368,75800,75810,10
13.0907897949,80.2912063599,75810,75819,9
13.091340065,80.2913894653,75819,75831,12
13.0920295715,80.2916183472,75831,75841,10
13.0926198959,80.291809082,75841,75851,10
13.0932197571,80.2919998169,75851,75861,10
13.0938301086,80.2922210693,75861,75871,10
13.094329834,80.2923736572,75871,75891,20
13.094329834,80.2923736572,75891,75901,10
13.0945796967,80.2924728394,75901,75911,10
13.0950202942,80.2926177979,75911,75921,10
13.0954999924,80.2927703857,75921,75930,9
13.0959701538,80.2929229736,75930,75942,12
13.0966300964,80.2931518555,75942,75952,10
13.0972700119,80.2933578491,75952,75962,10
13.0979299545,80.293586731,75962,75972,10
13.0985403061,80.293800354,75972,75982,10
13.0992202759,80.2939910889,75982,75992,10
13.0998497009,80.2941589355,75992,76002,10
13.1002702713,80.2942504883,76002,76012,10
13.1007995605,80.294342041,76012,76022,10
13.1011896133,80.2943725586,76022,76032,10
13.1015396118,80.2939834595,76032,76042,10
13.1016998291,80.2936019897,76042,76051,9
13.101849556,80.2932434082,76051,76063,12
13.1020097733,80.2926712036,76063,76073,10
13.1021203995,80.2922210693,76073,76082,9
13.1022100449,80.291847229,76082,76093,11
13.1023797989,80.2912521362,76093,76103,10
13.1026201248,80.2906723022,76103,76113,10
13.1028404236,80.2901535034,76113,76123,10
13.1029996872,80.2898025513,76123,76133,10
13.1031398773,80.2895278931,76133,76143,10
13.1032600403,80.2892532349,76143,76153,10
13.1034803391,80.2888031006,76153,76163,10
13.1037302017,80.2882232666,76163,76173,10
13.1041402817,80.2872619629,76173,76204,31
13.1041402817,80.2872619629,76204,76214,10
13.1041898727,80.2870407104,76214,76224,10
13.1043395996,80.2866821289,76224,76234,10
13.1044902802,80.2862167358,76234,76244,10
13.1046695709,80.2857208252,76244,76254,10
13.1048402786,80.28515625,76254,76264,10
13.1049499512,80.2843093872,76264,76284,20
13.1049499512,80.2843093872,76284,76295,11
13.1049604416,80.2841796875,76295,76305,10
13.1049995422,80.2837905884,76305,76315,10
13.1050796509,80.2831573486,76315,76325,10
13.1052398682,80.282333374,76325,76335,10
13.1053800583,80.2813568115,76335,76345,10
13.1054401398,80.2804336548,76345,76355,10
13.1054201126,80.2795410156,76355,76365,10
13.105219841,80.2785568237,76365,76375,10
13.104929924,80.277557373,76375,76385,10
13.1045503616,80.2764511108,76385,76395,10
13.1042003632,80.2755432129,76395,76405,10
13.1040000916,80.2748031616,76405,76426,21
13.1040000916,80.2748031616,76426,76436,10
13.1040096283,80.2746582031,76436,76446,10
13.1039600372,80.2743377686,76446,76456,10
13.1039400101,80.2740097046,76456,76476,20
13.1039400101,80.2740097046,76476,76486,10
13.1039400101,80.2737808228,76486,76496,10
13.103890419,80.2735137939,76496,76506,10
13.1038398743,80.2732620239,76506,76516,10
13.1037902832,80.2729263306,76516,76527,11
13.1037302017,80.2725906372,76527,76537,10
13.1037502289,80.2724304199,76537,76547,10
13.103890419,80.2722320557,76547,76557,10
13.1041002274,80.2720184326,76557,76567,10
13.1042804718,80.2716293335,76567,76577,10
13.1043300629,80.2714385986,76577,76587,10
13.1043996811,80.2713317871,76587,76597,10
13.1049003601,80.2710800171,76597,76607,10
13.1056098938,80.2706832886,76607,76617,10
13.1062297821,80.2699890137,76617,76627,10
13.1068496704,80.2693023682,76627,76637,10
13.1074104309,80.2686691284,76637,76648,11
13.108130455,80.2679595947,76648,76658,10
13.1088600159,80.2671966553,76658,76678,20
13.1088600159,80.2671966553,76678,76688,10
13.1089096069,80.2671279907,76688,76698,10
13.1091604233,80.2668533325,76698,76708,10
13.1095104218,80.2665328979,76708,76718,10
13.1098899841,80.2662200928,76718,76728,10
13.110329628,80.2659072876,76728,76738,10
13.1106004715,80.2657165527,76738,76747,9
13.1109104156,80.2656097412,76747,76758,11
13.1112003326,80.2656021118,76758,76769,11
13.1112804413,80.2655792236,76769,76779,10
13.1116504669,80.2656021118,76779,76789,10
13.1121902466,80.2656173706,76789,76799,10
13.112859726,80.265586853,76799,76809,10
13.1135101318,80.2655792236,76809,76819,10
13.1138601303,80.265586853,76819,76829,10
13.1141796112,80.2656402588,76829,76859,30
13.1141796112,80.2656402588,76859,76869,10
13.114279747,80.2656936646,76869,76880,11
13.1145896912,80.2657012939,76880,76890,10
13.115070343,80.2657012939,76890,76900,10
13.1152896881,80.2657012939,76900,76910,10
13.1156196594,80.2657165527,76910,76920,10
13.1161603928,80.2657089233,76920,76930,10
13.1167602539,80.2657165527,76930,76940,10
13.1173696518,80.2657394409,76940,76950,10
13.1179599762,80.2657318115,76950,76960,10
13.1184597015,80.2657394409,76960,76970,10
13.1189899445,80.2657470703,76970,76980,10
13.1193599701,80.2657623291,76980,76989,9
13.1196203232,80.2657623291,76989,77001,12
13.1198797226,80.2657699585,77001,77011,10
13.1202201843,80.2657623291,77011,77021,10
13.1206598282,80.2657470703,77021,77031,10
13.1211900711,80.2657699585,77031,77041,10
13.1217699051,80.2657775879,77041,77051,10
13.1224498749,80.2657699585,77051,77071,20
13.1224498749,80.2657699585,77071,77081,10
13.1225795746,80.2657775879,77081,77091,10
13.1226797104,80.2657699585,77091,77101,10
13.1228399277,80.2656402588,77101,77112,11
13.1228303909,80.26537323,77112,77122,10
13.1228303909,80.2651672363,77122,77132,10
13.1228199005,80.2647476196,77132,77142,10
13.1228504181,80.2641372681,77142,77152,10
13.1228199005,80.2634811401,77152,77162,10
13.1228199005,80.2629470825,77162,77172,10
13.1228199005,80.2625198364,77172,77182,10
13.1228303909,80.2619934082,77182,77192,10
13.1228399277,80.2615966797,77192,77202,10
13.1228199005,80.2611999512,77202,77212,10
13.1228399277,80.2605514526,77212,77221,9
13.1228399277,80.2599029541,77221,77233,12
13.1228399277,80.2593231201,77233,77263,30
13.1228399277,80.2593231201,77263,77273,10
13.1225500107,80.259262085,77273,77283,10
13.1220598221,80.2592773438,77283,77293,10
13.1215295792,80.2593078613,77293,77303,10
13.1209201813,80.2593383789,77303,77313,10
13.1206903458,80.2593612671,77313,77323,10
13.1205596924,80.2593612671,77323,77333,10
13.1203203201,80.2593765259,77333,77343,10
13.1199302673,80.2593994141,77343,77354,11
13.1193599701,80.2594299316,77354,77364,10
13.1187896729,80.259437561,77364,77374,10
13.1183996201,80.2594299316,77374,77384,10
13.1183300018,80.2591400146,77384,77394,10
13.118350029,80.2590637207,77394,77404,10
13.1183595657,80.2589797974,77404,77414,10
13.1184396744,80.2586593628,77414,77424,10
13.1185598373,80.2581634521,77424,77434,10
13.1187000275,80.2575378418,77434,77444,10
13.1188097,80.2570724487,77444,77454,10
13.1189403534,80.2567367554,77454,77465,11
13.1192398071,80.256149292,77465,77475,10
13.1196098328,80.2554779053,77475,77485,10
13.1200304031,80.2549133301,77485,77495,10
13.1203804016,80.2545089722,77495,77505,10
13.1203899384,80.2545013428,77505,77515,10
13.1204900742,80.2544326782,77515,77525,10
13.1208000183,80.254119873,77525,77535,10
13.121219635,80.2535934448,77535,77545,10
13.1214599609,80.2529830933,77545,77555,10
13.1216402054,80.2523269653,77555,77565,10
13.1218299866,80.2516174316,77565,77574,9
13.1221103668,80.2508392334,77574,77596,22
13.1221103668,80.2508392334,77596,77606,10
13.1222496033,80.2505722046,77606,77616,10
13.1224403381,80.2501068115,77616,77626,10
13.1226396561,80.2495498657,77626,77636,10
13.1230201721,80.248878479,77636,77646,10
13.1235103607,80.2482910156,77646,77656,10
13.1237201691,80.2480316162,77656,77666,10
13.1239595413,80.2477798462,77666,77676,10
13.1240997314,80.2475967407,77676,77686,10
13.1241197586,80.2475891113,77686,77697,11
13.1243696213,80.2472991943,77697,77707,10
13.1247301102,80.2468795776,77707,77717,10
13.1252403259,80.246383667,77717,77727,10
13.1257200241,80.2458267212,77727,77737,10
13.1262197495,80.2451782227,77737,77747,10
13.1267595291,80.2444610596,77747,77757,10
13.1272497177,80.2437667847,77757,77767,10
13.1274995804,80.2433929443,77767,77777,10
13.1276702881,80.243019104,77777,77787,10
13.1279602051,80.2426223755,77787,77797,10
13.1282701492,80.2422180176,77797,77806,9
13.1285495758,80.2418212891,77806,77818,12
13.128950119,80.2412490845,77818,77848,30
13.128950119,80.2412490845,77848,77858,10
13.1291399002,80.2409896851,77858,77868,10
13.1294603348,80.2405166626,77868,77878,10
13.1298398972,80.239982605,77878,77888,10
13.1302204132,80.2394485474,77888,77898,10
13.1307401657,80.238899231,77898,77908,10
13.1311998367,80.2382888794,77908,77918,10
13.1316995621,80.2375793457,77918,77928,10
13.1321697235,80.236869812,77928,77939,11
13.1326999664,80.2361526489,77939,77949,10
13.1332798004,80.2353591919,77949,77959,10
13.1339302063,80.2344665527,77959,77969,10
13.1346101761,80.233543396,77969,77979,10
13.1352996826,80.2326278687,77979,77989,10
13.1359596252,80.2317199707,77989,77999,10
13.1363801956,80.2311096191,77999,78009,10
13.1364297867,80.231048584,78009,78019,10
13.1365003586,80.23097229,78019,78029,10
13.1367797852,80.2305908203,78029,78038,9
13.137169838,80.2300796509,78038,78050,12
13.1378498077,80.2291564941,78050,78060,10
13.1385002136,80.2282562256,78060,78070,10
13.1392202377,80.2273025513,78070,78080,10
13.1399803162,80.2262802124,78080,78090,10
13.1406402588,80.2253875732,78090,78100,10
13.1412200928,80.2245864868,78100,78110,10
13.1418399811,80.223739624,78110,78120,10
13.1424798965,80.2228469849,78120,78130,10
13.1431303024,80.2219619751,78130,78140,10
13.1437101364,80.2211608887,78140,78150,10
13.1440200806,80.220413208,78150,78160,10
13.1445798874,80.2195281982,78160,78181,21
13.1445798874,80.2195281982,78181,78191,10
13.1447496414,80.2194976807,78191,78201,10
13.1451196671,80.2192306519,78201,78211,10
13.1455402374,80.2186584473,78211,78221,10
13.146030426,80.2179870605,78221,78231,10
13.1465902328,80.2171936035,78231,78241,10
13.1472196579,80.2163085938,78241,78251,10
13.1478595734,80.2154083252,78251,78261,10
13.1484899521,80.2145309448,78261,78271,10
13.1491098404,80.2136764526,78271,78282,11
13.1498298645,80.2127838135,78282,78292,10
13.1504602432,80.2119369507,78292,78302,10
13.1511497498,80.2110366821,78302,78312,10
13.1518297195,80.2101287842,78312,78322,10
13.1525402069,80.2092208862,78322,78332,10
13.1532802582,80.2081832886,78332,78352,20
13.1532802582,80.2081832886,78352,78362,10
13.1533603668,80.2080688477,78362,78372,10
13.1536397934,80.2077026367,78372,78382,10
13.1540403366,80.2071685791,78382,78392,10
13.1545095444,80.2065429688,78392,78403,11
13.1551504135,80.2058105469,78403,78413,10
13.1557197571,80.2052764893,78413,78423,10
13.1563100815,80.2048187256,78423,78433,10
13.1569795609,80.2043685913,78433,78443,10
13.1576299667,80.2039871216,78443,78453,10
13.1579303741,80.2038269043,78453,78463,10
13.1579399109,80.2038192749,78463,78473,10
13.1581602097,80.2037277222,78473,78483,10
13.1585597992,80.2035827637,78483,78493,10
13.1592102051,80.2034072876,78493,78502,9
13.1599502563,80.2032623291,78502,78514,12
13.1610898972,80.2030487061,78514,78524,10
13.1620397568,80.2028884888,78524,78534,10
13.1630296707,80.2026901245,78534,78544,10
13.1638898849,80.2024612427,78544,78554,10
13.1641998291,80.2023620605,78554,78564,10
13.1642799377,80.2023391724,78564,78574,10
13.1647396088,80.2022171021,78574,78584,10
13.1654701233,80.2020111084,78584,78594,10
13.1663303375,80.2016372681,78594,78604,10
13.1671495438,80.2011871338,78604,78614,10
13.1676902771,80.2008972168,78614,78623,9
13.1681003571,80.200668335,78623,78635,12
13.168800354,80.2002792358,78635,78645,10
13.169500351,80.1998672485,78645,78655,10
13.1703195572,80.1994018555,78655,78665,10
13.1709899902,80.1990127563,78665,78685,20
13.1709899902,80.1990127563,78685,78695,10
13.1713104248,80.1988372803,78695,78705,10
13.1719503403,80.1984863281,78705,78715,10
13.1727399826,80.198059082,78715,78725,10
13.1736602783,80.1975479126,78725,78735,10
13.1746501923,80.1969985962,78735,78745,10
13.1756601334,80.1964416504,78745,78756,11
13.1768503189,80.1957626343,78756,78766,10
13.1779603958,80.1951065063,78766,78776,10
13.1785001755,80.1948013306,78776,78786,10
13.1788396835,80.1946029663,78786,78796,10
13.1795396805,80.1941986084,78796,78806,10
13.1804895401,80.1936721802,78806,78816,10
13.181599617,80.1930465698,78816,78826,10
13.1828098297,80.1924209595,78826,78836,10
13.1837701797,80.1921005249,78836,78846,10
13.1841802597,80.1917572021,78846,78856,10
13.1845903397,80.1914825439,78856,78867,11
13.1852397919,80.1910400391,78867,78877,10
13.1857995987,80.190536499,78877,78887,10
13.1864004135,80.1899871826,78887,78897,10
13.1871900558,80.1896591187,78897,78907,10
13.1876897812,80.1893234253,78907,78917,10
13.1880598068,80.188873291,78917,79088,171
13.1880598068,80.188873291,79088,79097,9
13.1882200241,80.1887512207,79097,79109,12
13.1884298325,80.1884918213,79109,79119,10
13.188659668,80.1882476807,79119,79129,10
13.1892299652,80.187713623,79129,79149,20
13.1892299652,80.187713623,79149,79159,10
13.1892700195,80.1876831055,79159,79169,10
13.1895399094,80.1874084473,79169,79179,10
13.190079689,80.186920166,79179,79189,10
13.1907100677,80.186340332,79189,79199,10
13.1914396286,80.1856765747,79199,79209,10
13.1921701431,80.1850128174,79209,79220,11
13.1927099228,80.1844787598,79220,79230,10
13.1929101944,80.1842880249,79230,79270,40
13.1929101944,80.1842880249,79270,79280,10
13.1930398941,80.1841812134,79280,79290,10
13.1933603287,80.1838912964,79290,79300,10
13.1937503815,80.1835479736,79300,79310,10
13.1941795349,80.1831436157,79310,79320,10
13.1945104599,80.1828536987,79320,79330,10
13.1947803497,80.1826171875,79330,79341,11
13.1953001022,80.1821517944,79341,79351,10
13.1958503723,80.1816329956,79351,79361,10
13.1963701248,80.1811294556,79361,79371,10
13.1967496872,80.181137085,79371,79381,10
13.197019577,80.1807022095,79381,79391,10
13.1974897385,80.1801223755,79391,79401,10
13.1981801987,80.1795578003,79401,79411,10
13.1989002228,80.1790313721,79411,79421,10
13.1990699768,80.1788864136,79421,79431,10
13.1991500854,80.1788406372,79431,79441,10
13.1996097565,80.1784973145,79441,79452,11
13.2004098892,80.1779022217,79452,79462,10
13.2012796402,80.177230835,79462,79472,10
13.2022895813,80.1764831543,79472,79482,10
13.2032203674,80.17578125,79482,79492,10
13.2039003372,80.1752471924,79492,79502,10
13.2040901184,80.1751098633,79502,79512,10
13.2042303085,80.1750106812,79512,79522,10
13.2048101425,80.174621582,79522,79532,10
13.2054395676,80.1742095947,79532,79542,10
13.2062902451,80.1737136841,79542,79552,10
13.2073001862,80.1731109619,79552,79562,10
13.208439827,80.1725234985,79562,79573,11
13.2093496323,80.1720962524,79573,79583,10
13.2095098495,80.1720428467,79583,79593,10
13.209980011,80.1718673706,79593,79603,10
13.2107896805,80.1715621948,79603,79613,10
13.2118501663,80.1711807251,79613,79623,10
13.2131204605,80.1707382202,79623,79633,10
13.2144899368,80.1702423096,79633,79643,10
13.2158699036,80.1696929932,79643,79653,10
13.2168798447,80.1691894531,79653,79663,10
13.2172803879,80.1688308716,79663,79704,41
13.2172803879,80.1688308716,79704,79714,10
13.2176799774,80.1687164307,79714,79724,10
13.2183103561,80.1687316895,79724,79734,10
13.2188501358,80.1685562134,79734,79744,10
13.2191495895,80.1684417725,79744,79754,10
13.2195501328,80.1683273315,79754,79764,10
13.2200803757,80.1681213379,79764,79774,10
13.2206401825,80.1678314209,79774,79784,10
13.2212400436,80.1675796509,79784,79793,9
13.2213497162,80.1675415039,79793,79805,12
13.2218503952,80.167388916,79805,79815,10
13.2225904465,80.1671218872,79815,79825,10
13.2235002518,80.1667785645,79825,79835,10
13.2244701385,80.1664199829,79835,79845,10
13.225399971,80.1659622192,79845,79855,10
13.2261695862,80.1654129028,79855,79865,10
13.2267799377,80.1647872925,79865,79875,10
13.2272195816,80.1642379761,79875,79885,10
13.2275400162,80.1642532349,79885,79895,10
13.2272396088,80.1646575928,79895,79905,10
13.226849556,80.1652297974,79905,79915,10
13.2273397446,80.1656036377,79915,79926,11
13.2282600403,80.1652603149,79926,79936,10
13.2291002274,80.1649398804,79936,79946,10
13.2292995453,80.1648635864,79946,79956,10
13.2295999527,80.1647262573,79956,79966,10
13.2302503586,80.1644668579,79966,79976,10
13.231089592,80.1641311646,79976,79986,10
13.2320804596,80.1637268066,79986,79996,10
13.2330799103,80.1633224487,79996,80006,10
13.2342395782,80.1628417969,80006,80016,10
13.2354602814,80.1623382568,80016,80026,10
13.2365598679,80.1618881226,80026,80037,11
13.2376499176,80.1614685059,80037,80047,10
13.238650322,80.1611480713,80047,80057,10
13.2396497726,80.1608581543,80057,80067,10
13.2398796082,80.1607971191,80067,80077,10
13.2400398254,80.1607589722,80077,80087,10
13.2406301498,80.1605606079,80087,80097,10
13.2414302826,80.1602630615,80097,80107,10
13.2424097061,80.159866333,80107,80117,10
13.243470192,80.1594085693,80117,80127,10
13.2445201874,80.1589202881,80127,80137,10
13.2455501556,80.1583633423,80137,80147,10
13.2465496063,80.1578216553,80147,80158,11
13.2472295761,80.1574478149,80158,80178,20
13.2472295761,80.1574478149,80178,80188,10
13.2478199005,80.1571502686,80188,80652,464
13.2478199005,80.1571502686,80652,80662,10
13.2479295731,80.1570968628,80662,80672,10
13.2481403351,80.1570129395,80672,80682,10
13.2484502792,80.1568527222,80682,80692,10
13.2487897873,80.1566696167,80692,80702,10
13.2492198944,80.156463623,80702,80712,10
13.2496204376,80.1562423706,80712,80722,10
13.2496900558,80.1561203003,80722,80732,10
13.2496795654,80.1560592651,80732,80742,10
13.2496700287,80.1559906006,80742,80753,11
13.2496500015,80.1558837891,80753,80763,10
13.2496299744,80.1556015015,80763,80773,10
13.2496004105,80.1553421021,80773,80783,10
13.249540329,80.1547088623,80783,80793,10
13.2494697571,80.1539993286,80793,80803,10
13.2494297028,80.1533737183,80803,80813,10
13.2494001389,80.1527709961,80813,80823,10
13.2494401932,80.1520690918,80823,80833,10
13.2495203018,80.151222229,80833,80843,10
13.2496099472,80.1502914429,80843,80853,10
13.2496900558,80.1496200562,80853,80864,11
13.2497196198,80.1493835449,80864,80874,10
13.2497596741,80.1488723755,80874,80884,10
13.2497596741,80.1487884521,80884,80894,10
13.2497596741,80.1485595703,80894,80904,10
13.2496700287,80.1480102539,80904,80914,10
13.2496404648,80.1478500366,80914,80924,10
13.2496099472,80.1477127075,80924,80934,10
13.2495603561,80.1474075317,80934,80944,10
13.2495803833,80.1467971802,80944,80953,9
13.2496795654,80.1462783813,80953,80964,11
13.2497301102,80.1458282471,80964,80974,10
13.2498397827,80.1448974609,80974,80985,11
13.2498397827,80.1448974609,80985,80995,10
13.2500295639,80.1440200806,80995,81003,8
13.2501497269,80.1407470703,81003,81052,49
13.2479496002,80.1381378174,81052,81111,59
13.2438802719,80.1365585327,81111,81188,77
13.2423295975,80.1368408203,81188,81218,30
13.240940094,80.1366271973,81218,81249,31
13.240940094,80.1366271973,81249,81269,20
13.2400398254,80.1362762451,81269,81279,10
13.239569664,80.1362915039,81279,81289,10
13.239159584,80.1363067627,81289,81299,10
13.238940239,80.1361312866,81299,81309,10
13.2386703491,80.1359329224,81309,81318,9
13.2382602692,80.1357803345,81318,81330,12
13.2377700806,80.1362762451,81330,81338,8
13.2351703644,80.1360626221,81338,81410,72
13.2351703644,80.1360626221,81410,81430,20
13.2345399857,80.1358413696,81430,81440,10
13.2342700958,80.1355514526,81440,81451,11
13.2339696884,80.1352920532,81451,81461,10
13.2337303162,80.1349411011,81461,81471,10
13.2337198257,80.1344604492,81471,81481,10
13.233880043,80.1339492798,81481,81491,10
13.234120369,80.1334915161,81491,81501,10
13.2342500687,80.1330490112,81501,81511,10
13.2342996597,80.1325531006,81511,81521,10
13.2343997955,80.1318969727,81521,81531,10
13.2341995239,80.1312179565,81531,81541,10
13.2335700989,80.130607605,81541,81551,10
13.2329397202,80.1298980713,81551,81561,10
13.232170105,80.1293334961,81561,81572,11
13.2311496735,80.1288375854,81572,81582,10
13.2302398682,80.1285171509,81582,81592,10
13.2293701172,80.12840271,81592,81602,10
13.2287101746,80.1281433105,81602,81612,10
13.2285995483,80.1279296875,81612,81622,10
13.2285995483,80.1278610229,81622,81632,10
13.2287397385,80.1274871826,81632,81642,10
13.2290201187,80.1268997192,81642,81652,10
13.2293395996,80.1261901855,81652,81662,10
13.2297096252,80.1253814697,81662,81672,10
13.2300395966,80.1246337891,81672,81683,11
13.2301902771,80.1241912842,81683,81693,10
13.230509758,80.123588562,81693,81703,10
13.2307796478,80.1231231689,81703,81713,10
13.2307901382,80.1231231689,81713,81723,10
13.2309703827,80.1231079102,81723,81733,10
13.2314300537,80.1230926514,81733,81743,10
13.2320203781,80.1230316162,81743,81753,10
13.2323598862,80.1224365234,81753,81783,30
13.2323598862,80.1224365234,81783,81793,10
13.2323799133,80.1222991943,81793,81804,11
13.2325401306,80.1218414307,81804,81814,10
13.2327404022,80.1211700439,81814,81824,10
13.2328901291,80.1204605103,81824,81834,10
13.2333202362,80.119720459,81834,81844,10
13.2338495255,80.1190490723,81844,81854,10
13.2346696854,80.1188735962,81854,81864,10
13.2356595993,80.1187820435,81864,81874,10
13.2366304398,80.1188201904,81874,81884,10
13.2370796204,80.118888855,81884,81894,10
13.2375802994,80.1191329956,81894,81904,10
13.2382602692,80.1192779541,81904,81915,11
13.2386198044,80.119720459,81915,81925,10
13.2391500473,80.1199493408,81925,81935,10
13.2399597168,80.1200027466,81935,81945,10
13.24077034,80.1201171875,81945,81955,10
13.2410497665,80.1201629639,81955,81965,10
13.2411499023,80.1201705933,81965,81975,10
13.2415800095,80.1202392578,81975,81985,10
13.2417697906,80.120262146,81985,81995,10
13.2417898178,80.1202697754,81995,82005,10
13.2421398163,80.1202316284,82005,82015,10
