13.0143404007,80.2253799438,14,7377,7363
13.0142498016,80.2254486084,7377,7539,162
13.0142498016,80.2254486084,7539,7549,10
13.0142602921,80.225402832,7549,8996,1447
13.0143098831,80.225479126,8996,9713,717
13.0142097473,80.2253723145,9713,17593,7880
13.0142803192,80.2255096436,17593,17674,81
13.0143404007,80.2254867554,17674,17805,131
13.014289856,80.2254333496,17805,19474,1669
13.0142002106,80.2254714966,19474,19931,457
13.014289856,80.2254486084,19931,20558,627
13.0142698288,80.2254562378,20558,21660,1102
13.0142698288,80.2254562378,21660,21670,10
13.014289856,80.2255706787,21670,21680,10
13.0142602921,80.2258071899,21680,21690,10
13.0142602921,80.2259597778,21690,21700,10
13.0142498016,80.2261199951,21700,21711,11
13.0142498016,80.2262802124,21711,21721,10
13.013879776,80.2263717651,21721,22207,486
13.013879776,80.2263717651,22207,22217,10
13.0137701035,80.2263717651,22217,22227,10
13.0135402679,80.2264785767,22227,22237,10
13.0132102966,80.2266082764,22237,22247,10
13.0127801895,80.2267837524,22247,22257,10
13.0122804642,80.2269897461,22257,22267,10
13.0117797852,80.2271728516,22267,22277,10
13.0112304688,80.2273788452,22277,22287,10
13.0106801987,80.2276000977,22287,22297,10
13.0101499557,80.2278213501,22297,22308,11
13.0096302032,80.2276535034,22308,22318,10
13.0097999573,80.2271194458,22318,22328,10
13.0100498199,80.2265396118,22328,22338,10
13.010310173,80.2259521484,22338,22348,10
13.0105895996,80.2253112793,22348,22358,10
13.010840416,80.2247009277,22358,22368,10
13.0111398697,80.2239837646,22368,22378,10
13.0114202499,80.2232818604,22378,22387,9
13.0116796494,80.22265625,22387,22400,13
13.0119800568,80.2217330933,22400,22410,10
13.0121498108,80.2211990356,22410,22420,10
13.0121297836,80.2207794189,22420,22430,10
13.0119695663,80.2202377319,22430,22440,10
13.0117301941,80.2195892334,22440,22450,10
13.0114898682,80.2189025879,22450,22460,10
13.0112304688,80.2181930542,22460,22470,10
13.0109500885,80.2174911499,22470,22480,10
13.0106401443,80.2167892456,22480,22492,12
13.0102300644,80.2160491943,22492,22503,11
13.0098304749,80.2152175903,22503,22513,10
13.0093002319,80.2144927979,22513,22523,10
13.0087995529,80.2138137817,22523,22533,10
13.0083799362,80.2134170532,22533,22543,10
13.008099556,80.2133102417,22543,22564,21
13.008099556,80.2133102417,22564,22574,10
13.0079803467,80.213218689,22574,22583,9
13.0077295303,80.2129974365,22583,22594,11
13.0071201324,80.2127914429,22594,22605,11
13.0064096451,80.2127838135,22605,22614,9
13.0058202744,80.2129669189,22614,22625,11
13.0050697327,80.2125396729,22625,22635,10
13.0043001175,80.2121810913,22635,22645,10
13.0035495758,80.2120895386,22645,22654,9
13.002869606,80.2120895386,22654,22665,11
13.0023698807,80.2122192383,22665,22674,9
13.0019598007,80.2124481201,22674,22684,10
13.00137043,80.2128982544,22684,22696,12
13.0006904602,80.2134628296,22696,22706,10
13.0001497269,80.2139587402,22706,22716,10
12.9997196198,80.2143478394,22716,22726,10
12.9993200302,80.2146911621,22726,22746,20
12.9993200302,80.2146911621,22746,22756,10
12.9989700317,80.2149810791,22756,22766,10
12.9984903336,80.2153701782,22766,22776,10
12.9978399277,80.2159194946,22776,22786,10
12.9975500107,80.2161865234,22786,22797,11
12.9973402023,80.2164306641,22797,22807,10
12.9971599579,80.2165374756,22807,22817,10
12.996629715,80.2165603638,22817,22827,10
12.9959402084,80.2166824341,22827,22837,10
12.9952297211,80.2169494629,22837,22847,10
12.9945497513,80.2174301147,22847,22857,10
12.9939098358,80.2179031372,22857,22867,10
12.9932098389,80.2183837891,22867,22877,10
12.9925098419,80.2189025879,22877,22886,9
12.9918003082,80.2194213867,22886,22898,12
12.9910001755,80.2200012207,22898,22908,10
12.99077034,80.220199585,22908,22918,10
12.9904298782,80.2204589844,22918,22928,10
12.9899196625,80.2209320068,22928,22938,10
12.9894304276,80.2215194702,22938,22948,10
12.988940239,80.22215271,22948,22958,10
12.9883699417,80.2227096558,22958,22968,10
12.9877901077,80.2230834961,22968,22978,10
12.9875602722,80.2230987549,22978,22988,10
12.9871101379,80.2230377197,22988,22999,11
12.9868402481,80.2229995728,22999,23009,10
12.9864702225,80.2229690552,23009,23019,10
12.9858503342,80.2230224609,23019,23029,10
12.9854001999,80.2232666016,23029,23039,10
12.9847898483,80.2230682373,23039,23049,10
12.9842300415,80.2227630615,23049,23059,10
12.9837903976,80.2225112915,23059,23069,10
12.9833402634,80.2222290039,23069,23079,10
12.9832601547,80.2221832275,23079,23090,11
12.9830799103,80.2220687866,23090,23100,10
12.9826602936,80.221862793,23100,23110,10
12.9821596146,80.2217102051,23110,23120,10
12.9815797806,80.2213287354,23120,23130,10
12.980919838,80.2210693359,23130,23140,10
12.980219841,80.2210922241,23140,23150,10
12.9794101715,80.2211532593,23150,23160,10
12.9785995483,80.2211990356,23160,23170,10
12.9777097702,80.2212219238,23170,23180,10
12.9768695831,80.2212524414,23180,23191,11
12.9761295319,80.2213668823,23191,23201,10
12.9763002396,80.2216567993,23201,23211,10
12.9763002396,80.2216720581,23211,23221,10
12.9764003754,80.221862793,23221,23231,10
12.9766702652,80.2223434448,23231,23241,10
12.9770803452,80.2230377197,23241,23251,10
12.9775800705,80.2238388062,23251,23261,10
12.9781103134,80.2246780396,23261,23271,10
12.9786500931,80.2255630493,23271,23281,10
12.9791898727,80.2264404297,23281,23292,11
12.9796600342,80.2274169922,23292,23302,10
12.9798698425,80.2277374268,23302,23312,10
12.9802598953,80.2282485962,23312,23322,10
12.9806404114,80.2289199829,23322,23332,10
12.9811000824,80.2296524048,23332,23342,10
12.981590271,80.2303695679,23342,23352,10
12.9817399979,80.2305908203,23352,23362,10
12.9819297791,80.2310791016,23362,23372,10
12.982049942,80.2318496704,23372,23382,10
12.9819803238,80.2327423096,23382,23393,11
12.9817304611,80.2333679199,23393,23403,10
12.9816703796,80.2334823608,23403,23413,10
12.9814395905,80.2339477539,23413,23422,9
12.9812602997,80.2345962524,23422,23433,11
12.9812498093,80.2356033325,23433,23443,10
12.9812898636,80.2366027832,23443,23453,10
12.9813203812,80.2374267578,23453,23463,10
12.9813404083,80.238067627,23463,23473,10
12.9813499451,80.2386169434,23473,23483,10
12.9813499451,80.2389526367,23483,23493,10
12.9813604355,80.2394790649,23493,23505,12
12.9813899994,80.2403488159,23505,23513,8
12.9813899994,80.2409973145,23513,23525,12
12.9813899994,80.2420806885,23525,23533,8
12.9813995361,80.2426986694,23533,23543,10
12.9813804626,80.2428894043,23543,23555,12
12.9813899994,80.2434692383,23555,23565,10
12.981300354,80.2442169189,23565,23575,10
12.9811897278,80.2451095581,23575,23584,9
12.981089592,80.2459793091,23584,23594,10
12.9809904099,80.2470169067,23594,23606,12
12.9808998108,80.2483291626,23606,23614,8
12.9808197021,80.2492294312,23614,23624,10
12.9806098938,80.2503433228,23624,23636,12
12.9802799225,80.2516403198,23636,23645,9
12.9801597595,80.2521591187,23645,23655,10
12.9801502228,80.2521972656,23655,23665,10
12.9801301956,80.2524185181,23665,23676,11
12.9803495407,80.2526168823,23676,23687,11
12.980890274,80.2526397705,23687,23697,10
12.9816999435,80.2526092529,23697,23707,10
12.9826602936,80.252571106,23707,23717,10
12.983710289,80.2524337769,23717,23727,10
12.9847698212,80.2521514893,23727,23737,10
12.9858398438,80.2518615723,23737,23747,10
12.9867296219,80.2516403198,23747,23757,10
12.9874095917,80.2514419556,23757,23808,51
12.9874095917,80.2514419556,23808,23818,10
12.9875497818,80.251373291,23818,23828,10
12.987660408,80.2513504028,23828,23838,10
12.9879302979,80.2515792847,23838,23848,10
12.9880304337,80.2521820068,23848,23858,10
12.9879598618,80.2530822754,23858,23868,10
12.9878702164,80.2541122437,23868,23878,10
12.9877300262,80.2554931641,23878,23929,51
12.9877300262,80.2554931641,23929,23939,10
12.9877004623,80.2555007935,23939,23949,10
12.9876499176,80.2558898926,23949,23959,10
12.9875898361,80.2565078735,23959,23969,10
12.9875297546,80.2571182251,23969,23978,9
12.9874897003,80.2578201294,23978,23990,12
12.9874000549,80.2588729858,23990,24000,10
12.987279892,80.2594299316,24000,24050,50
12.987279892,80.2594299316,24050,24060,10
12.9869098663,80.2595672607,24060,25102,1042
12.986579895,80.2593688965,25102,25183,81
12.986579895,80.2593688965,25183,25193,10
12.9869098663,80.2590866089,25193,25253,60
12.9869098663,80.2590866089,25253,25263,10
12.9873600006,80.2589263916,25263,25273,10
12.9873600006,80.2588577271,25273,25284,11
12.9873600006,80.2584686279,25284,25294,10
12.9874200821,80.2581329346,25294,25304,10
12.9874801636,80.2577209473,25304,25314,10
12.9875497818,80.2570114136,25314,25324,10
12.9876098633,80.2564620972,25324,25344,20
12.9876098633,80.2564620972,25344,25354,10
12.9876699448,80.256362915,25354,25364,10
12.987660408,80.2559814453,25364,25374,10
12.9877500534,80.255531311,25374,25385,11
12.9877901077,80.2548217773,25385,25395,10
12.9878702164,80.2539825439,25395,25405,10
12.9879198074,80.253036499,25405,25416,11
12.9879102707,80.2520599365,25416,25425,9
12.9878702164,80.2518386841,25425,25436,11
12.987569809,80.2516326904,25436,25446,10
12.987279892,80.251663208,25446,25456,10
12.9868297577,80.251739502,25456,25466,10
12.9860897064,80.2519073486,25466,25475,9
12.9853096008,80.2520828247,25475,25485,10
12.9843597412,80.2523193359,25485,25497,12
12.9831895828,80.2526016235,25497,25506,9
12.9822397232,80.2526626587,25506,25516,10
12.9811697006,80.2526931763,25516,25526,10
12.9802503586,80.2527313232,25526,25537,11
12.9798803329,80.252571106,25537,25546,9
12.9798803329,80.2525634766,25546,25556,10
12.9799404144,80.2523269653,25556,25566,10
12.980050087,80.2518692017,25566,25578,12
12.980389595,80.2508392334,25578,25588,10
12.9806499481,80.249710083,25588,25596,8
12.9807596207,80.2486801147,25596,25609,13
12.9808998108,80.2469482422,25609,25619,10
12.9810495377,80.2455215454,25619,25629,10
12.9811601639,80.2442016602,25629,25639,10
12.981300354,80.2436065674,25639,25649,10
12.9813604355,80.2431716919,25649,25659,10
12.9813699722,80.2430496216,25659,25669,10
12.9813899994,80.2428207397,25669,25680,11
12.9813899994,80.2424697876,25680,25690,10
12.9813699722,80.2418670654,25690,25700,10
12.9813804626,80.2410583496,25700,25710,10
12.9813699722,80.2400894165,25710,25720,10
12.9813499451,80.239151001,25720,25730,10
12.9813299179,80.2381973267,25730,25740,10
12.981300354,80.2373428345,25740,25750,10
12.9812898636,80.2363510132,25750,25760,10
12.9812602997,80.2353210449,25760,25770,10
12.9812803268,80.2342910767,25770,25781,11
12.9816703796,80.2333602905,25781,25791,10
12.9819602966,80.2326507568,25791,25801,10
12.9820098877,80.2320404053,25801,25811,10
12.9819898605,80.2314224243,25811,25819,8
12.9818401337,80.2309188843,25819,25831,12
12.9814300537,80.2302017212,25831,25841,10
12.9810695648,80.2296218872,25841,25851,10
12.9808797836,80.2292709351,25851,25861,10
12.9806404114,80.228843689,25861,25871,10
12.9801998138,80.2281112671,25871,25882,11
12.9796895981,80.2272567749,25882,25892,10
12.9793901443,80.2267913818,25892,25902,10
12.979060173,80.2262191772,25902,25912,10
12.9786500931,80.2255325317,25912,25922,10
12.9782304764,80.224822998,25922,25932,10
12.9778299332,80.2242584229,25932,25942,10
12.9776000977,80.2238922119,25942,25952,10
12.9773597717,80.2235031128,25952,25962,10
12.977060318,80.2229995728,25962,25971,9
12.9770002365,80.2227401733,25971,25983,12
12.9774904251,80.2226409912,25983,25993,10
12.9775295258,80.2222824097,25993,26003,10
12.9775104523,80.2216567993,26003,26013,10
12.9773702621,80.221321106,26013,26023,10
12.9769201279,80.221321106,26023,26154,131
12.9769201279,80.221321106,26154,26164,10
12.9768199921,80.2211074829,26164,26337,173
12.9768199921,80.2211074829,26337,26345,8
12.9767303467,80.2211837769,26345,26357,12
12.9763498306,80.2211914063,26357,26365,8
12.9762096405,80.2211914063,26365,26378,13
12.9762401581,80.2215805054,26378,26406,28
12.9762401581,80.2215805054,26406,26416,10
12.9763698578,80.2217712402,26416,26426,10
12.9764499664,80.2219467163,26426,26438,12
12.9767398834,80.2224502563,26438,26446,8
12.9769897461,80.2228317261,26446,26456,10
12.9773797989,80.2234725952,26456,26466,10
12.9778404236,80.2242202759,26466,26479,13
12.9781999588,80.2247924805,26479,26489,10
12.9784603119,80.2251968384,26489,26499,10
12.9787502289,80.2257003784,26499,26509,10
12.9791097641,80.2262802124,26509,26519,10
12.9794797897,80.2268981934,26519,26529,10
12.9798297882,80.2275085449,26529,26539,10
12.9802799225,80.2282791138,26539,26549,10
12.9807300568,80.229019165,26549,26559,10
12.9811201096,80.2296676636,26559,26569,10
12.9816398621,80.2304611206,26569,26580,11
12.982000351,80.231262207,26580,26590,10
12.9820604324,80.2316589355,26590,26600,10
12.9820604324,80.2322769165,26600,26610,10
12.9819602966,80.2328033447,26610,26620,10
12.9816904068,80.2334289551,26620,26630,10
12.9815502167,80.2337036133,26630,26640,10
12.9812698364,80.2342681885,26640,26650,10
12.9812097549,80.2350311279,26650,26660,10
12.9812297821,80.235748291,26660,26670,10
12.9812803268,80.236656189,26670,26681,11
12.9813098907,80.2375183105,26681,26691,10
12.9813203812,80.2379989624,26691,26701,10
12.9813404083,80.238609314,26701,26711,10
12.9813604355,80.2393569946,26711,26721,10
12.9813699722,80.2400588989,26721,26731,10
12.9813804626,80.2408065796,26731,26741,10
12.9813899994,80.2414779663,26741,26751,10
12.9813804626,80.2422332764,26751,26761,10
12.9813899994,80.242767334,26761,26771,10
12.9813804626,80.2429122925,26771,26782,11
12.9813804626,80.2434997559,26782,26792,10
12.9812898636,80.2443084717,26792,26802,10
12.9811697006,80.2452774048,26802,26812,10
12.9810400009,80.2463378906,26812,26822,10
12.9809303284,80.247467041,26822,26832,10
12.9808502197,80.2486495972,26832,26842,10
12.9807195663,80.2498321533,26842,26852,10
12.9804401398,80.2509689331,26852,26862,10
12.9801597595,80.252166748,26862,26893,31
12.9801597595,80.252166748,26893,26903,10
12.9801397324,80.2524871826,26903,26914,11
12.9805803299,80.2526702881,26914,26924,10
12.9813804626,80.2526321411,26924,26934,10
12.9823598862,80.2526016235,26934,26944,10
12.9835100174,80.2524795532,26944,26954,10
12.984749794,80.252166748,26954,26964,10
12.9860496521,80.2518081665,26964,26975,11
12.9873104095,80.2515029907,26975,27035,60
12.9873104095,80.2515029907,27035,27045,10
12.9873600006,80.2514572144,27045,27055,10
12.9876098633,80.2514038086,27055,27065,10
12.9879302979,80.2516021729,27065,27076,11
12.9880399704,80.2521209717,27076,27086,10
12.9879903793,80.2528686523,27086,27096,10
12.9878902435,80.2539672852,27096,27106,10
12.9877796173,80.2551727295,27106,27126,20
12.9877796173,80.2551727295,27126,27137,11
12.987739563,80.2554168701,27137,27147,10
12.9876899719,80.2557983398,27147,27157,10
12.9876003265,80.2563400269,27157,27166,9
12.9875602722,80.2569580078,27166,27176,10
12.9875097275,80.2577133179,27176,27186,10
12.9874696732,80.2584686279,27186,27196,10
12.9873399734,80.2592315674,27196,27217,21
12.9873399734,80.2592315674,27217,27228,11
12.9873104095,80.2594070435,27228,27317,89
12.986989975,80.2595977783,27317,27337,20
12.9869804382,80.2593765259,27337,27390,53
12.9869804382,80.2593765259,27390,27400,10
12.9873504639,80.2590637207,27400,27410,10
12.9873895645,80.2587203979,27410,27420,10
12.9874095917,80.2584762573,27420,27430,10
12.9874200821,80.2584075928,27430,27440,10
12.9874401093,80.2582397461,27440,27450,10
12.9874601364,80.2578125,27450,27460,10
12.9875202179,80.2571029663,27460,27470,10
12.9875602722,80.2564697266,27470,27481,11
12.987569809,80.2562026978,27481,27511,30
12.987569809,80.2562026978,27511,27521,10
12.9876298904,80.2557830811,27521,27531,10
12.9877195358,80.2551879883,27531,27541,10
12.987739563,80.2548370361,27541,27551,10
12.9877595901,80.2546615601,27551,27561,10
12.9878196716,80.2540283203,27561,27571,10
12.9878902435,80.2531280518,27571,27582,11
12.9879102707,80.2519989014,27582,27592,10
12.9877300262,80.251663208,27592,27602,10
12.9874601364,80.2516326904,27602,27612,10
12.986700058,80.251739502,27612,27622,10
12.9856700897,80.2519607544,27622,27632,10
12.9844703674,80.2522964478,27632,27642,10
12.9831600189,80.2526092529,27642,27652,10
12.9817695618,80.2526931763,27652,27662,10
12.9800300598,80.252746582,27662,27733,71
12.9800300598,80.252746582,27733,27743,10
12.9798803329,80.2524414063,27743,27753,10
12.9799003601,80.252281189,27753,27763,10
12.9799995422,80.2519073486,27763,27774,11
12.9802703857,80.2511367798,27774,27784,10
12.9805297852,80.2501831055,27784,27794,10
12.9807100296,80.2490921021,27794,27804,10
12.9807901382,80.2479019165,27804,27814,10
12.9808998108,80.2466430664,27814,27824,10
12.9810495377,80.2452926636,27824,27834,10
12.9811697006,80.2440795898,27834,27844,10
12.9812498093,80.2436599731,27844,27853,9
12.9813499451,80.2427062988,27853,27875,22
12.9813499451,80.2427062988,27875,27885,10
12.9813699722,80.2423934937,27885,27895,10
12.9813604355,80.2418518066,27895,27905,10
12.9813604355,80.2410888672,27905,27915,10
12.9813404083,80.2401809692,27915,27925,10
12.9813299179,80.2396469116,27925,27935,10
12.9813098907,80.239151001,27935,27945,10
12.9812803268,80.2378768921,27945,27965,20
12.9812803268,80.2378768921,27965,27976,11
12.9812698364,80.2375869751,27976,27986,10
12.9812498093,80.2368774414,27986,27996,10
12.9812097549,80.2359313965,27996,28006,10
12.9811897278,80.2348632813,28006,28016,10
12.9813699722,80.2338485718,28016,28026,10
12.9816598892,80.2332992554,28026,28046,20
12.9816598892,80.2332992554,28046,28056,10
12.9817895889,80.2330322266,28056,28066,10
12.9819602966,80.2325515747,28066,28077,11
12.9819898605,80.2319412231,28077,28087,10
12.9819498062,80.2313995361,28087,28097,10
12.9818201065,80.2309265137,28097,28108,11
12.9815597534,80.2304382324,28108,28117,9
12.9812097549,80.2298583984,28117,28127,10
12.9808998108,80.2293777466,28127,28137,10
12.9806604385,80.2290420532,28137,28148,11
12.9806003571,80.2289505005,28148,28157,9
12.980509758,80.2287979126,28157,28167,10
12.9802999496,80.2284011841,28167,28177,10
12.980099678,80.228012085,28177,28188,11
12.9797000885,80.2273330688,28188,28199,11
12.9792299271,80.2265396118,28199,28209,10
12.9787597656,80.2257614136,28209,28219,10
12.9782800674,80.2249832153,28219,28229,10
12.9779396057,80.2245101929,28229,28238,9
12.977689743,80.2240905762,28238,28248,10
12.9773101807,80.2234725952,28248,28258,10
12.9769802094,80.2229232788,28258,28270,12
12.9771699905,80.2227325439,28270,28280,10
12.9772195816,80.2227096558,28280,28290,10
12.9773797989,80.22265625,28290,28320,30
12.9773797989,80.22265625,28320,28330,10
12.9775600433,80.2226409912,28330,28340,10
12.9775495529,80.2222976685,28340,28350,10
12.9775400162,80.2217712402,28350,28360,10
12.9774999619,80.2213134766,28360,28371,11
12.9775800705,80.2212295532,28371,28381,10
12.9779901505,80.2212371826,28381,28391,10
12.9785003662,80.2211990356,28391,28401,10
12.979060173,80.2211380005,28401,28411,10
12.9797401428,80.2210922241,28411,28421,10
12.9804601669,80.2210235596,28421,28431,10
12.9811601639,80.2210769653,28431,28441,10
12.9816703796,80.2213821411,28441,28451,10
12.9821300507,80.2216873169,28451,28461,10
12.9825696945,80.2218399048,28461,28472,11
12.9828596115,80.2219390869,28472,28482,10
12.9829998016,80.2220230103,28482,28492,10
12.9833498001,80.2222366333,28492,28502,10
12.9837398529,80.2224884033,28502,28512,10
12.9842596054,80.2227783203,28512,28522,10
12.9848499298,80.2231369019,28522,28532,10
12.9854402542,80.2232971191,28532,28542,10
12.9863996506,80.2229690552,28542,28562,20
12.9863996506,80.2229690552,28562,28573,11
12.9866199493,80.2229919434,28573,28583,10
12.987039566,80.2230606079,28583,28593,10
12.9875898361,80.2230834961,28593,28603,10
12.9881601334,80.2227401733,28603,28613,10
12.9887599945,80.2221984863,28613,28623,10
12.9891901016,80.2216262817,28623,28633,10
12.9897098541,80.2209014893,28633,28643,10
12.9903497696,80.2203979492,28643,28653,10
12.9904003143,80.2203598022,28653,28663,10
12.9904899597,80.2202911377,28663,28674,11
12.9908704758,80.2200012207,28674,28684,10
12.9913597107,80.219619751,28684,28694,10
12.9919204712,80.2192001343,28694,28704,10
12.9926996231,80.2186965942,28704,28714,10
12.9935398102,80.2180862427,28714,28724,10
12.99421978,80.2175598145,28724,28734,10
12.9948797226,80.2171096802,28734,28744,10
12.9956197739,80.2166976929,28744,28754,10
12.996509552,80.2165222168,28754,28764,10
12.9972801208,80.2163619995,28764,28775,11
12.9975500107,80.2160873413,28775,28785,10
12.9976797104,80.216003418,28785,28795,10
12.9981002808,80.2156219482,28795,28805,10
12.9987001419,80.2151107788,28805,28815,10
12.9991798401,80.2147064209,28815,28825,10
12.9995298386,80.2143936157,28825,28835,10
12.9999704361,80.2140197754,28835,28843,8
13.0003700256,80.2136688232,28843,28855,12
13.0010995865,80.2130508423,28855,28866,11
13.001540184,80.2127075195,28866,28876,10
13.0021696091,80.2122879028,28876,28886,10
13.0025701523,80.2121200562,28886,28896,10
13.0030202866,80.2120666504,28896,28906,10
13.0035896301,80.2120513916,28906,28916,10
13.0039701462,80.212020874,28916,28926,10
13.0045995712,80.212272644,28926,28936,10
13.0052900314,80.2127227783,28936,28946,10
13.0061302185,80.2128295898,28946,28956,10
13.0069799423,80.2127380371,28956,28967,11
13.0078296661,80.2129898071,28967,28977,10
13.0078897476,80.2130584717,28977,28987,10
13.0081195831,80.2132263184,28987,28997,10
13.0086603165,80.2135314941,28997,29007,10
13.0092201233,80.214302063,29007,29017,10
13.0098104477,80.2151031494,29017,29027,10
13.0103797913,80.2158279419,29027,29037,10
13.0108299255,80.2166976929,29037,29047,10
13.0111904144,80.2175598145,29047,29058,11
13.0116596222,80.2188415527,29058,29067,9
13.012049675,80.2199783325,29067,29077,10
13.0124702454,80.2211990356,29077,29089,12
13.0130901337,80.2221603394,29089,29099,10
13.0136604309,80.2228469849,29099,29109,10
13.0141897202,80.2235336304,29109,29117,8
13.0145101547,80.2239074707,29117,29127,10
13.0149002075,80.2244796753,29127,29139,12
13.0154399872,80.2249069214,29139,29149,10
13.0154399872,80.2249221802,29149,29158,9
13.0156898499,80.2251281738,29158,29171,13
13.0165901184,80.2252731323,29171,29181,10
13.0175304413,80.2249221802,29181,29191,10
13.0185699463,80.2245025635,29191,29201,10
13.0195503235,80.2244415283,29201,29211,10
13.0202198029,80.2248382568,29211,29221,10
13.0207395554,80.2252120972,29221,29231,10
13.0210895538,80.2254867554,29231,29241,10
13.0214700699,80.2257919312,29241,29251,10
13.0219602585,80.2261276245,29251,29261,10
13.022069931,80.2262420654,29261,29272,11
13.0225095749,80.2266235352,29272,29282,10
13.0231599808,80.2272109985,29282,29292,10
13.0238399506,80.2278366089,29292,29302,10
13.0241203308,80.2281265259,29302,29312,10
13.0243196487,80.2283401489,29312,29322,10
13.0246200562,80.2287597656,29322,29332,10
13.0249795914,80.2292633057,29332,29342,10
13.0254602432,80.2298812866,29342,29352,10
13.0259199142,80.2306594849,29352,29383,31
13.0259199142,80.2306594849,29383,29393,10
13.0259199142,80.23072052,29393,29403,10
13.0259895325,80.2309036255,29403,29413,10
13.0260400772,80.2312469482,29413,29423,10
13.0263996124,80.2313079834,29423,29433,10
13.0272197723,80.231086731,29433,29443,10
13.0281896591,80.2309188843,29443,29453,10
13.0286397934,80.2308578491,29453,29463,10
13.0289297104,80.2308425903,29463,29474,11
13.0291900635,80.2308273315,29474,29484,10
13.0294103622,80.2308197021,29484,29494,10
13.0296401978,80.230796814,29494,29504,10
13.0301799774,80.230758667,29504,29514,10
13.0308103561,80.2306976318,29514,29524,10
13.0315198898,80.2306518555,29524,29534,10
13.0322999954,80.2305831909,29534,29541,7
13.0328197479,80.2305297852,29541,29554,13
13.0336198807,80.2304763794,29554,29564,10
13.0345697403,80.2303314209,29564,29605,41
13.0345697403,80.2303314209,29605,29615,10
13.0346803665,80.2302474976,29615,29625,10
13.0348501205,80.2302017212,29625,29635,10
13.0349302292,80.2300491333,29635,29676,41
13.0346002579,80.2300262451,29676,29756,80
13.0345497131,80.2298583984,29756,29797,41
13.0345497131,80.2298583984,29797,29807,10
13.034529686,80.2299880981,29807,29918,111
13.0345602036,80.2298965454,29918,29968,50
13.0345497131,80.2299423218,29968,30000,32
13.0345802307,80.2299118042,30000,30091,91
13.0345602036,80.2300415039,30091,30212,121
13.0345602036,80.2300415039,30212,30222,10
13.0342998505,80.2300109863,30222,30252,30
13.0342102051,80.2301101685,30252,30323,71
13.0342102051,80.2301101685,30323,30333,10
13.0342302322,80.2301864624,30333,30414,81
13.0341901779,80.230140686,30414,30528,114
13.0342302322,80.2300720215,30528,31139,611
13.0341901779,80.2300567627,31139,31169,30
13.0341901779,80.2300567627,31169,31199,30
13.0312404633,80.2306671143,31199,31239,40
13.0298700333,80.2308425903,31239,31277,38
13.0280504227,80.2310562134,31277,31311,34
13.0277996063,80.2323532104,31311,31340,29
13.0277996063,80.2323532104,31340,31369,29
13.0268497467,80.2329788208,31369,31379,10
13.0264196396,80.2328796387,31379,31391,12
13.026140213,80.2319412231,31391,31402,11
13.0258302689,80.2308578491,31402,31412,10
13.0252895355,80.2298965454,31412,31422,10
13.0247802734,80.2292480469,31422,31432,10
13.0244598389,80.2288284302,31432,31442,10
13.0241098404,80.2284317017,31442,31452,10
13.0237197876,80.2279510498,31452,31462,10
13.0233802795,80.2276306152,31462,31472,10
13.0231800079,80.2275390625,31472,31482,10
13.0231199265,80.2275085449,31482,31492,10
13.0229301453,80.2273635864,31492,31503,11
13.0226697922,80.2269821167,31503,31513,10
13.0222597122,80.2265625,31513,31523,10
13.0216903687,80.2260894775,31523,31533,10
13.0210599899,80.2256011963,31533,31543,10
13.020359993,80.2251586914,31543,31553,10
13.0196504593,80.2246780396,31553,31563,10
13.0187397003,80.224571228,31563,31573,10
13.0178003311,80.224937439,31573,31583,10
13.0170202255,80.2252578735,31583,31593,10
13.0163698196,80.2255096436,31593,31604,11
13.0157499313,80.2257232666,31604,31614,10
13.0151100159,80.225982666,31614,31624,10
13.0145196915,80.2262268066,31624,31654,30
13.0145196915,80.2262268066,31654,31664,10
13.0142097473,80.2263336182,31664,31674,10
13.0137300491,80.2265090942,31674,31684,10
13.0132102966,80.2266998291,31684,31694,10
13.0124902725,80.2269668579,31694,31705,11
13.0115699768,80.2273101807,31705,31715,10
13.0106401443,80.2276611328,31715,31725,10
13.0097398758,80.2279663086,31725,31735,10
13.0095796585,80.2274703979,31735,31745,10
13.0099096298,80.2267837524,31745,31755,10
13.0102796555,80.226020813,31755,31765,10
13.0105600357,80.2254104614,31765,31775,10
13.0107698441,80.2249221802,31775,31785,10
13.0110702515,80.2241592407,31785,31795,10
13.0114498138,80.2232666016,31795,31826,31
13.0114498138,80.2232666016,31826,31836,10
13.011639595,80.2227478027,31836,31846,10
13.0119400024,80.2219085693,31846,31856,10
13.0121603012,80.2209701538,31856,31866,10
13.0118703842,80.2199783325,31866,31876,10
13.0115203857,80.2188873291,31876,31886,10
13.0111398697,80.2177963257,31886,31896,10
13.0106496811,80.2167434692,31896,31907,11
13.0101499557,80.2158432007,31907,31917,10
13.0097799301,80.2151031494,31917,31927,10
13.0093402863,80.2145233154,31927,31937,10
13.0088195801,80.2138366699,31937,31947,10
13.0082397461,80.2134017944,31947,32008,61
13.0082397461,80.2134017944,32008,32018,10
13.0079298019,80.2132110596,32018,32028,10
13.007809639,80.2130966187,32028,32038,10
13.007610321,80.2129516602,32038,32048,10
13.0073604584,80.212852478,32048,32058,10
13.0071601868,80.2127990723,32058,32068,10
13.006649971,80.2127609253,32068,32079,11
13.0058603287,80.2130279541,32079,32088,9
13.0051698685,80.2126235962,32088,32098,10
13.0044498444,80.2122192383,32098,32110,12
13.0036001205,80.2120819092,32110,32118,8
13.0032901764,80.212097168,32118,32128,10
13.0030698776,80.2120895386,32128,32139,11
13.0028295517,80.212097168,32139,32149,10
13.0024299622,80.2122192383,32149,32159,10
13.0018997192,80.2125167847,32159,32169,10
13.0013399124,80.2128982544,32169,32179,10
13.0007400513,80.2133789063,32179,32189,10
13.0002202988,80.2138290405,32189,32198,9
12.9997997284,80.2142181396,32198,32211,13
12.9992198944,80.2147064209,32211,32219,8
12.9990100861,80.2148666382,32219,32231,12
12.9983301163,80.2154922485,32231,32239,8
12.9976396561,80.2161178589,32239,32289,50
12.9976396561,80.2161178589,32289,32299,10
12.9974298477,80.216293335,32299,32312,13
12.9971399307,80.2165298462,32312,32322,10
12.9967298508,80.2165374756,32322,32332,10
12.9962301254,80.2167205811,32332,32342,10
12.9955301285,80.2169418335,32342,32352,10
12.9950399399,80.2171630859,32352,32362,10
12.9944801331,80.2175216675,32362,32372,10
12.9938602448,80.217956543,32372,32382,10
12.9931001663,80.2184829712,32382,32392,10
12.9923696518,80.2190093994,32392,32403,11
12.9916296005,80.2195205688,32403,32413,10
12.9909296036,80.2200698853,32413,32433,20
12.9909296036,80.2200698853,32433,32443,10
12.990650177,80.2202529907,32443,32453,10
12.9902200699,80.2205429077,32453,32463,10
12.9897003174,80.2210998535,32463,32473,10
12.9892301559,80.2216796875,32473,32483,10
12.9887399673,80.2222671509,32483,32493,10
12.988120079,80.2228469849,32493,32504,11
12.9876804352,80.2230682373,32504,32514,10
12.9875802994,80.2230682373,32514,32524,10
12.9872398376,80.2230377197,32524,32534,10
12.9870195389,80.2229919434,32534,32544,10
12.9866695404,80.2229614258,32544,32554,10
12.9859399796,80.2229919434,32554,32564,10
12.9854803085,80.2232666016,32564,32574,10
12.9849700928,80.2231216431,32574,32584,10
12.9843397141,80.2228317261,32584,32593,9
12.983880043,80.2225799561,32593,32605,12
12.983499527,80.2222976685,32605,32615,10
12.9833097458,80.2222213745,32615,32625,10
12.9832296371,80.2221984863,32625,32635,10
12.9830102921,80.2220611572,32635,32645,10
12.982749939,80.2219161987,32645,32655,10
12.9825496674,80.221862793,32655,32665,10
12.9821596146,80.2217178345,32665,32675,10
12.9816598892,80.2213668823,32675,32685,10
12.9808998108,80.221031189,32685,32695,10
12.980219841,80.2210617065,32695,32706,11
12.9793596268,80.2211074829,32706,32716,10
12.9786901474,80.2211227417,32716,32726,10
12.9779901505,80.2211685181,32726,32736,10
12.9773702621,80.2211990356,32736,32746,10
12.9766302109,80.2212600708,32746,32756,10
12.9761600494,80.2213287354,32756,32766,10
12.9763803482,80.2218704224,32766,32817,51
12.9763803482,80.2218704224,32817,32827,10
12.9765195847,80.2222595215,32827,32837,10
12.9768295288,80.2227096558,32837,32847,10
12.9772195816,80.2233200073,32847,32857,10
12.9776601791,80.223991394,32857,32867,10
12.978099823,80.2246627808,32867,32877,10
12.9784898758,80.2253417969,32877,32887,10
12.9789304733,80.2260513306,32887,32897,10
12.9793300629,80.2267227173,32897,32908,11
12.9796600342,80.2272796631,32908,32918,10
12.980099678,80.2279968262,32918,32928,10
12.9804601669,80.2286071777,32928,32938,10
12.980629921,80.2289276123,32938,32948,10
12.9807701111,80.2291412354,32948,32958,10
12.9809303284,80.2293930054,32958,32968,10
12.9812803268,80.2299118042,32968,32978,10
12.9816102982,80.2304382324,32978,32988,10
12.9816598892,80.230506897,32988,32998,10
12.9818696976,80.2309494019,32998,33009,11
12.9820203781,80.2317276001,33009,33019,10
12.9820299149,80.2323608398,33019,33029,10
12.9819002151,80.2329330444,33029,33039,10
12.981710434,80.2333831787,33039,33049,10
12.9816303253,80.2335586548,33049,33059,10
12.9815397263,80.2337417603,33059,33069,10
12.9812803268,80.2342681885,33069,33079,10
12.9812402725,80.2350997925,33079,33089,10
12.9812803268,80.2361602783,33089,33099,10
12.9813098907,80.2372436523,33099,33110,11
12.9813299179,80.2379684448,33110,33120,10
12.9813404083,80.238571167,33120,33130,10
12.9813499451,80.2387313843,33130,33140,10
12.9813499451,80.2388534546,33140,33150,10
12.9813499451,80.2392578125,33150,33161,11
12.9813604355,80.2395401001,33161,33170,9
12.9813604355,80.2397766113,33170,33180,10
12.9813699722,80.2403564453,33180,33190,10
12.9813699722,80.2412109375,33190,33200,10
12.9813699722,80.241897583,33200,33212,12
12.9813899994,80.2421188354,33212,33220,8
12.9813995361,80.2423477173,33220,33232,12
12.9813995361,80.2427520752,33232,33242,10
12.9814100266,80.2427597046,33242,33252,10
12.9813995361,80.2431106567,33252,33262,10
12.9813699722,80.2437286377,33262,33272,10
12.9812498093,80.2445983887,33272,33282,10
12.9811201096,80.2456207275,33282,33292,10
12.9809904099,80.2467803955,33292,33302,10
12.9808797836,80.2480316162,33302,33313,11
12.9807500839,80.2494735718,33313,33323,10
12.9805297852,80.2505264282,33323,33333,10
12.9802799225,80.2515182495,33333,33343,10
12.9801597595,80.2521972656,33343,33363,20
12.9801597595,80.2521972656,33363,33373,10
12.9801797867,80.2524490356,33373,33383,10
12.9806404114,80.2526168823,33383,33393,10
12.9815101624,80.2526016235,33393,33403,10
12.9826097488,80.2525634766,33403,33414,11
12.9840803146,80.2522888184,33414,33807,393
12.9840803146,80.2522888184,33807,33818,11
12.9841804504,80.2522888184,33818,33828,10
12.9846401215,80.252166748,33828,33838,10
12.985329628,80.2519836426,33838,33848,10
12.9858102798,80.2518310547,33848,33858,10
12.986120224,80.2517623901,33858,33868,10
12.9865503311,80.2516479492,33868,33878,10
12.986989975,80.2515335083,33878,33888,10
12.9873800278,80.2514190674,33888,33898,10
12.9877099991,80.2513427734,33898,33908,10
12.9879798889,80.2516937256,33908,33919,11
12.9880695343,80.2521362305,33919,33929,10
12.9880695343,80.2522735596,33929,33939,10
12.9879903793,80.2528076172,33939,33949,10
12.9879102707,80.2536315918,33949,33959,10
12.9878902435,80.2538986206,33959,33969,10
12.9878702164,80.2540969849,33969,33979,10
12.987859726,80.2543563843,33979,33989,10
12.9878196716,80.254989624,33989,33999,10
12.9877595901,80.2554016113,33999,34009,10
12.9877195358,80.2557067871,34009,34019,10
12.9876699448,80.2562332153,34019,34029,10
12.9876804352,80.256362915,34029,34039,10
12.9876203537,80.2568588257,34039,34051,12
12.9875497818,80.2578430176,34051,34061,10
12.9874401093,80.2587585449,34061,34069,8
12.9873600006,80.2590866089,34069,34079,10
12.987279892,80.2594070435,34079,34100,21
12.987279892,80.2594070435,34100,34110,10
12.9870901108,80.2595672607,34110,34120,10
12.9868497849,80.2595291138,34120,34130,10
12.9866399765,80.2591934204,34130,34334,204
12.9866399765,80.2591934204,34334,34344,10
12.9869804382,80.2589874268,34344,34495,151
12.9869804382,80.2589874268,34495,34505,10
12.9873600006,80.2591094971,34505,34515,10
12.9874200821,80.258972168,34515,34526,11
12.9874200821,80.2588424683,34526,34536,10
12.9874200821,80.2586364746,34536,34546,10
12.9874296188,80.2584381104,34546,34556,10
12.9874601364,80.2582321167,34556,34566,10
12.9874696732,80.2580718994,34566,34576,10
12.9874696732,80.2578201294,34576,34586,10
12.9875097275,80.2573699951,34586,34596,10
12.9875402451,80.2571105957,34596,34606,10
12.9875898361,80.2567825317,34606,34748,142
12.9875898361,80.2567825317,34748,34758,10
12.9875802994,80.2562789917,34758,34768,10
12.9876003265,80.255821228,34768,34778,10
12.9876804352,80.2554931641,34778,34839,61
12.9876804352,80.2554931641,34839,34849,10
12.9877595901,80.2552337646,34849,34859,10
12.9877700806,80.2548065186,34859,34869,10
12.9878101349,80.2543487549,34869,34879,10
12.9878396988,80.25390625,34879,34889,10
12.9878997803,80.2535171509,34889,34899,10
12.9879302979,80.2530212402,34899,34909,10
12.9879398346,80.2527313232,34909,34960,51
12.9879398346,80.2527313232,34960,34970,10
12.9879102707,80.2521362305,34970,35284,314
12.9879102707,80.2521362305,35284,35294,10
12.9878997803,80.251991272,35294,35304,10
12.9878702164,80.2518005371,35304,35314,10
12.9877500534,80.2515869141,35314,35321,7
12.9874601364,80.2515869141,35321,35335,14
12.9865398407,80.2517776489,35335,35345,10
12.985830307,80.2519378662,35345,35355,10
12.9849395752,80.2521591187,35355,35365,10
12.9839401245,80.2524337769,35365,35375,10
12.9828796387,80.2526168823,35375,35385,10
12.981760025,80.2526626587,35385,35395,10
12.9806995392,80.2527008057,35395,35405,10
12.9799404144,80.2526473999,35405,35415,10
12.9799098969,80.2523269653,35415,35425,10
12.979929924,80.2522735596,35425,35436,11
12.9800395966,80.2518997192,35436,35446,10
12.9802799225,80.2512512207,35446,35456,10
12.9805297852,80.2503204346,35456,35466,10
12.9807300568,80.2492828369,35466,35476,10
12.9808101654,80.2481307983,35476,35486,10
12.980919838,80.2469329834,35486,35496,10
12.9810495377,80.2456512451,35496,35506,10
12.9811401367,80.2442779541,35506,35526,20
12.9811601639,80.2442092896,35526,35547,21
12.981180191,80.2440719604,35547,35567,20
12.981180191,80.2440719604,35567,35577,10
12.9811897278,80.2438430786,35577,35587,10
12.9813098907,80.2435836792,35587,35638,51
12.9813098907,80.2435836792,35638,35648,10
12.9813404083,80.2431793213,35648,35658,10
12.9813699722,80.2429275513,35658,35678,20
12.9813699722,80.2429275513,35678,35688,10
12.9813899994,80.2426300049,35688,35698,10
12.9814100266,80.2422027588,35698,35708,10
12.9814100266,80.2416000366,35708,35718,10
12.9814100266,80.2408599854,35718,35728,10
12.9814100266,80.2400512695,35728,35739,11
12.9814195633,80.2397003174,35739,35749,10
12.9813804626,80.2393188477,35749,35759,10
12.9813604355,80.2386169434,35759,35769,10
12.9813404083,80.2379989624,35769,35779,10
12.9813299179,80.237953186,35779,35789,10
12.9813203812,80.2375564575,35789,35799,10
12.981300354,80.236869812,35799,35809,10
12.9812803268,80.236000061,35809,35819,10
12.9812602997,80.2351226807,35819,35829,10
12.9812498093,80.234413147,35829,35840,11
12.9813203812,80.2340698242,35840,35850,10
12.9814596176,80.2337112427,35850,35860,10
12.9816102982,80.2333908081,35860,35880,20
12.9816102982,80.2333908081,35880,35890,10
12.9817399979,80.2331237793,35890,35900,10
12.9818401337,80.2328796387,35900,35910,10
12.9819698334,80.2325210571,35910,35920,10
12.9820098877,80.2322692871,35920,35930,10
12.9820098877,80.2319335938,35930,35941,11
12.9820098877,80.2315673828,35941,35951,10
12.9820203781,80.2312011719,35951,35961,10
12.9818096161,80.2306365967,35961,35972,11
12.9813299179,80.2298965454,35972,35981,9
12.9810400009,80.2294616699,35981,35991,10
12.9808597565,80.2291717529,35991,36001,10
12.9807300568,80.2289276123,36001,36012,11
12.9806604385,80.2288513184,36012,36021,9
12.9804401398,80.2284927368,36021,36031,10
12.9802103043,80.2280197144,36031,36042,11
12.9800195694,80.2277297974,36042,36052,10
12.9798297882,80.2274627686,36052,36062,10
12.9795598984,80.2270507813,36062,36072,10
12.9793996811,80.2267608643,36072,36092,20
12.9793996811,80.2267608643,36092,36102,10
12.9793100357,80.2266082764,36102,36111,9
12.9790897369,80.2262191772,36111,36122,11
12.9786396027,80.225440979,36122,36132,10
12.9781198502,80.2246322632,36132,36144,12
12.9777803421,80.2241134644,36144,36154,10
12.977399826,80.2234802246,36154,36164,10
12.9770498276,80.2228775024,36164,36174,10
12.9770898819,80.2227020264,36174,36182,8
12.9772500992,80.22265625,36182,36194,12
12.9774303436,80.2226486206,36194,36204,10
12.9775400162,80.2222366333,36204,36212,8
12.977519989,80.2216491699,36212,36224,12
12.9774904251,80.2213134766,36224,36234,10
12.9777097702,80.2212295532,36234,36245,11
12.9784097672,80.2211914063,36245,36255,10
12.9792604446,80.2211074829,36255,36265,10
12.9800300598,80.2210388184,36265,36275,10
12.9807701111,80.2209777832,36275,36285,10
12.981470108,80.2212295532,36285,36295,10
12.9820995331,80.2216567993,36295,36305,10
12.9826402664,80.2218322754,36305,36315,10
12.9829397202,80.2219390869,36315,36325,10
12.9830102921,80.2220001221,36325,36335,10
12.9833803177,80.2222366333,36335,36346,11
12.983880043,80.2225494385,36346,36356,10
12.9844903946,80.22290802,36356,36366,10
12.9850902557,80.2232208252,36366,36376,10
12.9853696823,80.2232818604,36376,36386,10
12.9857997894,80.2230072021,36386,36396,10
12.9864597321,80.2229614258,36396,36406,10
12.9866695404,80.2229690552,36406,36416,10
12.9871301651,80.2230377197,36416,36426,10
12.9873304367,80.2230529785,36426,36436,10
12.987830162,80.2229690552,36436,36447,11
12.9885396957,80.222442627,36447,36457,10
12.9891004562,80.2218322754,36457,36467,10
12.9894304276,80.2214126587,36467,36477,10
12.9899597168,80.2207336426,36477,36487,10
12.9903898239,80.2203521729,36487,36497,10
12.9904699326,80.2202987671,36497,36507,10
12.9908504486,80.2200164795,36507,36517,10
12.9914903641,80.2195205688,36517,36527,10
12.9921197891,80.2190704346,36527,36537,10
12.9928197861,80.2185821533,36537,36548,11
12.9935703278,80.2180175781,36548,36558,10
12.9941501617,80.2176132202,36558,36568,10
12.9945898056,80.217300415,36568,36578,10
12.9950399399,80.2169799805,36578,36588,10
12.9955596924,80.2166976929,36588,36598,10
12.9962596893,80.2165222168,36598,36608,10
12.9967803955,80.2164382935,36608,36618,10
12.9973602295,80.216217041,36618,36649,31
12.9973602295,80.216217041,36649,36659,10
12.9976902008,80.2159805298,36659,36669,10
12.998169899,80.2155609131,36669,36679,10
12.9987697601,80.2150268555,36679,36689,10
12.9991998672,80.2146835327,36689,36699,10
12.9996404648,80.2142868042,36699,36709,10
13.0001096725,80.2138595581,36709,36719,10
13.0006999969,80.2133331299,36719,36729,10
13.0012903214,80.2128829956,36729,36739,10
13.0018901825,80.2124404907,36739,36750,11
13.002240181,80.2122192383,36750,36760,10
13.0027704239,80.2120666504,36760,36770,10
13.0034599304,80.2120437622,36770,36780,10
13.0039901733,80.2119827271,36780,36790,10
13.0046100616,80.2122421265,36790,36800,10
13.0053195953,80.2126617432,36800,36810,10
13.0061197281,80.2128372192,36810,36819,9
13.0069103241,80.2127380371,36819,36829,10
13.0076599121,80.2128601074,36829,36840,11
13.0077896118,80.2129516602,36840,36851,11
13.007900238,80.2130584717,36851,36861,10
13.0082902908,80.2132720947,36861,36871,10
13.0088300705,80.2137374878,36871,36881,10
13.009349823,80.2144393921,36881,36891,10
13.0096597672,80.2149276733,36891,36901,10
13.0099697113,80.2153015137,36901,36911,10
13.0104398727,80.2158508301,36911,36921,10
13.0107898712,80.2166366577,36921,36931,10
13.0111103058,80.2173995972,36931,36941,10
13.0114002228,80.2181777954,36941,36951,10
13.011759758,80.2191162109,36951,36963,12
13.0121603012,80.2203903198,36963,36971,8
13.0124197006,80.2210769653,36971,36981,10
13.0126199722,80.2215194702,36981,36991,10
13.0128803253,80.2219467163,36991,37001,10
13.0132398605,80.222328186,37001,37011,10
13.0136203766,80.2228317261,37011,37022,11
13.0139904022,80.2232818604,37022,37032,10
13.0141897202,80.2235336304,37032,37042,10
13.014380455,80.2237472534,37042,37052,10
13.0147800446,80.2241821289,37052,37064,12
13.0152902603,80.2247924805,37064,37072,8
13.0153102875,80.224822998,37072,37082,10
13.0156402588,80.225112915,37082,37092,10
13.0162296295,80.2253265381,37092,37102,10
13.0169401169,80.225112915,37102,37112,10
13.0173196793,80.224937439,37112,37122,10
13.0175304413,80.2248535156,37122,37132,10
13.0176801682,80.2247924805,37132,37142,10
13.0177602768,80.2247619629,37142,37155,13
13.0180501938,80.2246398926,37155,37165,10
13.0182199478,80.224571228,37165,37175,10
13.0185203552,80.2244491577,37175,37185,10
13.0189304352,80.2242965698,37185,37195,10
13.0192203522,80.2242507935,37195,37205,10
13.0192899704,80.2242965698,37205,37235,30
13.0192899704,80.2242965698,37235,37245,10
13.0194196701,80.2243423462,37245,37256,11
13.019610405,80.2244186401,37256,37266,10
13.0198297501,80.224571228,37266,37276,10
13.0200996399,80.2247772217,37276,37286,10
13.0205802917,80.225112915,37286,37296,10
13.0208997726,80.2253723145,37296,37326,30
13.0208997726,80.2253723145,37326,37336,10
13.0212097168,80.2256469727,37336,37346,10
13.0216503143,80.2259368896,37346,37367,21
13.0216503143,80.2259368896,37367,37377,10
13.0218801498,80.2260513306,37377,37387,10
13.0221004486,80.2262420654,37387,37397,10
13.0221204758,80.2262573242,37397,37407,10
13.0222196579,80.2263336182,37407,37417,10
13.0224599838,80.2265319824,37417,37427,10
13.0227203369,80.2267837524,37427,37437,10
13.022939682,80.2269973755,37437,37447,10
13.0230798721,80.2271575928,37447,37458,11
13.0232095718,80.2273101807,37458,37468,10
13.0233697891,80.2274475098,37468,37478,10
13.0237598419,80.2277679443,37478,37518,40
13.0237598419,80.2277679443,37518,37528,10
13.0240402222,80.2279663086,37528,37538,10
13.0242795944,80.2282562256,37538,37548,10
13.0244598389,80.2285003662,37548,37559,11
13.024600029,80.2287216187,37559,37569,10
13.0247497559,80.2289428711,37569,37579,10
13.0248804092,80.229133606,37579,37589,10
13.0251998901,80.2295303345,37589,37599,10
13.0254802704,80.2298965454,37599,37609,10
13.0256500244,80.2301330566,37609,37619,10
13.0257501602,80.2303237915,37619,37629,10
13.0258703232,80.2305831909,37629,37639,10
13.0259599686,80.2308197021,37639,37649,10
13.0260000229,80.2310409546,37649,37660,11
13.0261096954,80.2313079834,37660,37670,10
13.0267400742,80.2311477661,37670,37680,10
13.0277004242,80.2309494019,37680,37690,10
13.0285196304,80.2308197021,37690,37700,10
13.0290298462,80.230796814,37700,37719,19
13.0290298462,80.230796814,37719,37732,13
13.0291099548,80.2307815552,37732,37742,10
13.0293798447,80.2307815552,37742,37752,10
13.029540062,80.2307662964,37752,37762,10
13.0298099518,80.2307510376,37762,37774,12
13.0303201675,80.23072052,37774,37783,9
13.0306901932,80.2306976318,37783,37793,10
13.0310096741,80.230682373,37793,37803,10
13.0312595367,80.2306594849,37803,37813,10
13.0315504074,80.2306289673,37813,37824,11
13.0319499969,80.2305984497,37824,37833,9
13.0327196121,80.2305297852,37833,37875,42
13.0327196121,80.2305297852,37875,37885,10
13.0328502655,80.2304992676,37885,37893,8
13.0330696106,80.2304992676,37893,37905,12
13.0334501266,80.2304916382,37905,37915,10
13.0336904526,80.2304916382,37915,37925,10
13.0338897705,80.2304611206,37925,37935,10
13.0342502594,80.2304229736,37935,37945,10
13.0346498489,80.2303009033,37945,37976,31
13.0346498489,80.2303009033,37976,37986,10
13.0347995758,80.2302093506,37986,37996,10
13.0349702835,80.2300796509,37996,38016,20
13.0349702835,80.2300796509,38016,38026,10
13.0350704193,80.2299804688,38026,38036,10
13.0349998474,80.2298278809,38036,38046,10
13.0347995758,80.2297973633,38046,38057,11
13.0343198776,80.2297286987,38057,38147,90
13.0342197418,80.2300872803,38147,38309,162
13.0341796875,80.2304077148,38309,38370,61
13.0341796875,80.2304077148,38370,38380,10
13.034119606,80.2304229736,38380,38390,10
13.0338897705,80.230430603,38390,38400,10
13.0336999893,80.2304229736,38400,38410,10
13.0331897736,80.2304763794,38410,38420,10
13.032409668,80.2305603027,38420,38430,10
13.0315198898,80.2306518555,38430,38440,10
13.0310297012,80.2306900024,38440,38450,10
13.030670166,80.2307128906,38450,38460,10
13.0301904678,80.2307510376,38460,38471,11
13.0301103592,80.2307662964,38471,38481,10
13.0297899246,80.2307891846,38481,38491,10
13.0292901993,80.2308425903,38491,38501,10
13.0286197662,80.2309112549,38501,38511,10
13.0279798508,80.2309799194,38511,38521,10
13.0276899338,80.2310714722,38521,38531,10
13.0276899338,80.2313232422,38531,38541,10
13.0277099609,80.2315673828,38541,38551,10
13.0277395248,80.231842041,38551,38561,10
13.0277795792,80.2321090698,38561,38572,11
13.0278396606,80.2324523926,38572,38602,30
13.0278396606,80.2324523926,38602,38612,10
13.027879715,80.2327880859,38612,38743,131
13.027879715,80.2327880859,38743,38753,10
13.0275602341,80.2328186035,38753,38764,11
13.0272598267,80.2328872681,38764,38774,10
13.0269203186,80.2329483032,38774,38906,132
13.0269203186,80.2329483032,38906,38916,10
13.0265197754,80.233001709,38916,38926,10
13.0262699127,80.232673645,38926,38936,10
13.0262498856,80.2326202393,38936,38946,10
13.0261802673,80.2323608398,38946,38956,10
13.026140213,80.2321395874,38956,38966,10
13.0261001587,80.231918335,38966,38977,11
13.0259895325,80.2315826416,38977,38987,10
13.0258197784,80.2309417725,38987,38997,10
13.0253200531,80.2299804688,38997,39007,10
13.0249595642,80.2295074463,39007,39017,10
13.0248003006,80.2293395996,39017,39027,10
13.0244398117,80.2288818359,39027,39037,10
13.024140358,80.2284698486,39037,39047,10
13.0236597061,80.227897644,39047,39057,10
13.0230998993,80.2274780273,39057,39066,9
13.0229797363,80.2273483276,39066,39078,12
13.0228204727,80.2272109985,39078,39088,10
13.022600174,80.2268371582,39088,39098,10
13.0220003128,80.2262878418,39098,39108,10
13.021229744,80.2257080078,39108,39118,10
13.020529747,80.2252120972,39118,39128,10
13.0203399658,80.2250900269,39128,39138,10
13.0199804306,80.2248382568,39138,39148,10
13.0193004608,80.2244796753,39148,39158,10
13.0183801651,80.2246322632,39158,39167,9
13.0176000595,80.224937439,39167,39179,12
13.0167703629,80.2252883911,39179,39189,10
13.0164604187,80.2254333496,39189,39199,10
13.0160598755,80.2255477905,39199,39209,10
13.0153999329,80.2257995605,39209,39219,10
13.014840126,80.22605896,39219,39229,10
13.014289856,80.2262802124,39229,39239,10
13.0141296387,80.226348877,39239,39249,10
13.0136003494,80.2265319824,39249,39259,10
13.0130596161,80.2267227173,39259,39269,10
13.0123300552,80.2270202637,39269,39280,11
13.0113201141,80.2273788452,39280,39290,10
13.0102996826,80.2277832031,39290,39300,10
13.0094900131,80.2277297974,39300,39310,10
13.0097303391,80.2270584106,39310,39320,10
13.0101203918,80.2262420654,39320,39330,10
13.0104703903,80.2255401611,39330,39340,10
13.0107402802,80.2249603271,39340,39350,10
13.0109596252,80.2244415283,39350,39360,10
13.0112199783,80.2238388062,39360,39370,10
13.0115003586,80.2230987549,39370,39381,11
13.0118198395,80.2221221924,39381,39391,10
13.0120697021,80.2212905884,39391,39399,8
13.0120401382,80.2207794189,39399,39411,12
13.0117397308,80.2198181152,39411,39421,10
13.011469841,80.2188415527,39421,39431,10
13.0111103058,80.2178497314,39431,39441,10
13.0107698441,80.2170791626,39441,39451,10
13.0104598999,80.2164306641,39451,39461,10
13.0101003647,80.2157669067,39461,39471,10
13.0097303391,80.2150726318,39471,39482,11
13.0093603134,80.21459198,39482,39492,10
13.0089197159,80.2140197754,39492,39502,10
13.0084600449,80.2134780884,39502,39512,10
13.0079898834,80.213218689,39512,39522,10
13.0078802109,80.2131195068,39522,39532,10
13.0074901581,80.2128601074,39532,39542,10
13.0070800781,80.2127609253,39542,39552,10
13.006480217,80.2127532959,39552,39562,10
13.0059299469,80.2129898071,39562,39573,11
13.005200386,80.2126464844,39573,39583,10
13.0046195984,80.212310791,39583,39593,10
13.0038299561,80.2121124268,39593,39603,10
13.0030603409,80.2120819092,39603,39613,10
13.0027198792,80.212097168,39613,39623,10
13.0025596619,80.2121276855,39623,39633,10
13.0023403168,80.2122268677,39633,39643,10
13.0019102097,80.2124786377,39643,39653,10
13.0013198853,80.2129135132,39653,39663,10
13.0006504059,80.2134399414,39663,39673,10
12.9999599457,80.2140579224,39673,39683,10
12.9994602203,80.2144927979,39683,39693,10
12.9990901947,80.2148284912,39693,39703,10
12.9986600876,80.2152023315,39703,39714,11
12.9979095459,80.2157974243,39714,39724,10
12.9974803925,80.216217041,39724,39734,10
12.9973297119,80.2163925171,39734,39744,10
12.997010231,80.2165222168,39744,39754,10
12.9962396622,80.2166213989,39754,39764,10
12.9954204559,80.2168579102,39764,39777,13
12.9949598312,80.2171478271,39777,39787,10
12.9944896698,80.2174682617,39787,39797,10
12.9940900803,80.2177581787,39797,39807,10
12.993639946,80.2180786133,39807,39817,10
12.9929504395,80.2185821533,39817,39827,10
12.9921598434,80.2191390991,39827,39837,10
12.9914102554,80.2197036743,39837,39847,10
12.9907999039,80.2201538086,39847,39857,10
12.9907197952,80.2202224731,39857,39867,10
12.9902896881,80.2205734253,39867,39878,11
12.9896497726,80.2212295532,39878,39888,10
12.9891700745,80.221862793,39888,39898,10
12.9885797501,80.2225265503,39898,39908,10
12.9878501892,80.2230834961,39908,39918,10
12.9875802994,80.2231369019,39918,39928,10
12.9871997833,80.2230911255,39928,39938,10
12.9870100021,80.2230606079,39938,39948,10
12.9865598679,80.2230072021,39948,39958,10
12.9857702255,80.2230606079,39958,39968,10
12.9854097366,80.2232589722,39968,39979,11
12.9847602844,80.2230377197,39979,39989,10
12.9841003418,80.2226791382,39989,39999,10
12.9836997986,80.2224578857,39999,40009,10
12.9835500717,80.2223815918,40009,40019,10
12.9833898544,80.2222824097,40019,40029,10
12.9832897186,80.2222290039,40029,40039,10
12.9830904007,80.2220916748,40039,40049,10
12.9828901291,80.2219772339,40049,40079,30
12.9828901291,80.2219772339,40079,40090,11
12.9823999405,80.2218170166,40090,40100,10
12.9819297791,80.2215805054,40100,40110,10
12.9811897278,80.2212295532,40110,40120,10
12.9805898666,80.2211227417,40120,40130,10
12.9800796509,80.2211380005,40130,40140,10
12.9793796539,80.2211837769,40140,40150,10
12.9785900116,80.2212295532,40150,40160,10
12.9777202606,80.2212295532,40160,40170,10
12.9768295288,80.2212600708,40170,40180,10
12.9762802124,80.2212600708,40180,40191,11
12.976099968,80.2214431763,40191,40201,10
12.9763298035,80.2217330933,40201,40332,131
12.9763298035,80.2217330933,40332,40342,10
12.9764499664,80.2220611572,40342,40352,10
12.9767503738,80.2225189209,40352,40362,10
12.9770698547,80.2230072021,40362,40372,10
12.9774999619,80.2237167358,40372,40381,9
12.9779596329,80.2244415283,40381,40393,12
12.9783000946,80.2249984741,40393,40403,10
12.9786996841,80.2256317139,40403,40413,10
12.9792203903,80.2264175415,40413,40423,10
12.979590416,80.2270278931,40423,40433,10
12.9799404144,80.2276229858,40433,40443,10
12.9802598953,80.2281570435,40443,40453,10
12.980509758,80.2285919189,40453,40463,10
12.980799675,80.2290878296,40463,40473,10
12.9810695648,80.2295532227,40473,40483,10
12.9814996719,80.2301864624,40483,40494,11
12.9817199707,80.2305374146,40494,40504,10
12.9817304611,80.2306213379,40504,40514,10
12.9819402695,80.2311630249,40514,40524,10
12.9820604324,80.2319488525,40524,40534,10
12.9820604324,80.2321777344,40534,40544,10
12.9820604324,80.2322692871,40544,40554,10
12.982049942,80.2323684692,40554,40564,10
12.982049942,80.2324676514,40564,40574,10
12.9819803238,80.2327270508,40574,40584,10
12.9818696976,80.2329864502,40584,40594,10
12.9816598892,80.2334365845,40594,40604,10
12.9813098907,80.2341308594,40604,40615,11
12.9812097549,80.234916687,40615,40625,10
12.9812202454,80.2356491089,40625,40635,10
12.9812498093,80.2363891602,40635,40645,10
12.9812698364,80.2370986938,40645,40655,10
12.981300354,80.2375335693,40655,40665,10
12.9813098907,80.2377471924,40665,40674,9
12.9813203812,80.2381286621,40674,40685,11
12.9813499451,80.2388076782,40685,40697,12
12.9813499451,80.2389526367,40697,40707,10
12.9813499451,80.2390823364,40707,40717,10
12.9813499451,80.2394866943,40717,40727,10
12.9813604355,80.2397994995,40727,40737,10
12.9813699722,80.2404174805,40737,40747,10
12.9813804626,80.2412185669,40747,40757,10
12.9813899994,80.2419433594,40757,40767,10
12.9813899994,80.2422103882,40767,40774,7
12.9814100266,80.242477417,40774,40787,13
12.9813995361,80.2428512573,40787,40798,11
12.9813699722,80.2434082031,40798,40808,10
12.9812402725,80.2443008423,40808,40818,10
12.981089592,80.2454223633,40818,40828,10
12.9809503555,80.246711731,40828,40838,10
12.9808301926,80.2481231689,40838,40848,10
12.9807195663,80.24949646,40848,40858,10
12.9804496765,80.2507705688,40858,40868,10
12.9801998138,80.2517929077,40868,40878,10
12.980099678,80.2522583008,40878,40888,10
12.9800796509,80.2523727417,40888,40899,11
12.9802598953,80.2526397705,40899,40909,10
12.9808101654,80.2526626587,40909,40919,10
12.9816799164,80.2526321411,40919,40929,10
12.982749939,80.2526092529,40929,40939,10
12.9839401245,80.2523803711,40939,40949,10
12.9849004745,80.2520675659,40949,40969,20
12.9849004745,80.2520675659,40969,40979,10
12.9849395752,80.2520599365,40979,40990,11
12.9854297638,80.2519226074,40990,41000,10
12.9859304428,80.2518005371,41000,41010,10
12.9862604141,80.2517089844,41010,41020,10
12.9864797592,80.2516708374,41020,41030,10
12.9869298935,80.2515335083,41030,41142,112
12.9869298935,80.2515335083,41142,41152,10
12.987279892,80.2514724731,41152,41162,10
12.987739563,80.2513809204,41162,41172,10
12.9879398346,80.2518234253,41172,41182,10
12.9879999161,80.2524337769,41182,41192,10
12.9879302979,80.2531890869,41192,41203,11
12.987859726,80.2539215088,41203,41213,10
12.9877796173,80.2548370361,41213,41233,20
12.9877796173,80.2548370361,41233,41243,10
12.9877595901,80.2549362183,41243,41304,61
12.9877595901,80.2549362183,41304,41314,10
12.987739563,80.2551574707,41314,41324,10
12.987739563,80.2554473877,41324,41334,10
12.987660408,80.2558898926,41334,41344,10
12.9876098633,80.2562789917,41344,41354,10
12.987569809,80.256690979,41354,41364,10
12.9875202179,80.2572479248,41364,41374,10
12.9874696732,80.2578735352,41374,41384,10
12.9874296188,80.2584075928,41384,41394,10
12.9873895645,80.2587432861,41394,41404,10
12.9872303009,80.2594909668,41404,41464,60
12.9872303009,80.2594909668,41464,41475,11
12.9870004654,80.2596206665,41475,41484,9
12.9868001938,80.2593994141,41484,41941,457
12.9868001938,80.2593994141,41941,41951,10
12.986989975,80.2590789795,41951,41961,10
12.9871902466,80.2591018677,41961,41971,10
12.9873304367,80.2589492798,41971,41981,10
12.9873895645,80.258430481,41981,41991,10
12.9874401093,80.2578811646,41991,42012,21
12.9874401093,80.2578811646,42012,42022,10
12.9875097275,80.25756073,42022,42032,10
12.9875402451,80.2571029663,42032,42042,10
12.9875497818,80.2565689087,42042,42123,81
12.9875497818,80.2565689087,42123,42133,10
12.9876003265,80.2562713623,42133,42193,60
12.9876003265,80.2562713623,42193,42203,10
12.9876003265,80.2557830811,42203,42214,11
12.9877300262,80.2551422119,42214,42224,10
12.9877500534,80.2548522949,42224,42234,10
12.9877996445,80.2545166016,42234,42244,10
12.9878501892,80.2538986206,42244,42254,10
12.9879102707,80.2530822754,42254,42264,10
12.9879302979,80.252166748,42264,42274,10
12.9877004623,80.2516708374,42274,42284,10
12.9872503281,80.251663208,42284,42294,10
12.9866895676,80.2517623901,42294,42305,11
12.985710144,80.2519607544,42305,42315,10
12.9846601486,80.252243042,42315,42325,10
12.9835300446,80.2525405884,42325,42335,10
12.9824104309,80.2526702881,42335,42345,10
12.9815101624,80.2526931763,42345,42356,11
12.9806203842,80.2527236938,42356,42376,20
12.9806203842,80.2527236938,42376,42386,10
12.9805402756,80.2526931763,42386,42396,10
12.9803199768,80.2526702881,42396,42406,10
12.9800596237,80.2526626587,42406,42416,10
12.9799003601,80.2524032593,42416,42426,10
12.9799404144,80.2522125244,42426,42436,10
12.9800195694,80.2518463135,42436,42446,10
12.9802503586,80.251159668,42446,42456,10
12.980509758,80.2501831055,42456,42466,10
12.9806995392,80.2490692139,42466,42476,10
12.9807796478,80.2479476929,42476,42486,10
12.9808797836,80.2468566895,42486,42496,10
12.981010437,80.2456665039,42496,42506,10
12.9811296463,80.2445373535,42506,42519,13
12.9811496735,80.2440490723,42519,42529,10
12.9811697006,80.2438812256,42529,42539,10
12.9812097549,80.2437286377,42539,42549,10
12.981300354,80.243560791,42549,42559,10
12.9813404083,80.2431488037,42559,42569,10
12.9813499451,80.2428283691,42569,42579,10
12.9813604355,80.2427597046,42579,42589,10
12.9813604355,80.2423095703,42589,42599,10
12.9813604355,80.2415084839,42599,42609,10
12.9813499451,80.240447998,42609,42620,11
12.9813203812,80.2395324707,42620,42630,10
12.9813098907,80.2386703491,42630,42640,10
12.9812898636,80.2379684448,42640,42650,10
12.9812803268,80.2379379272,42650,42660,10
12.9812602997,80.2375869751,42660,42670,10
12.9812297821,80.2367630005,42670,42680,10
12.9812002182,80.2356567383,42680,42690,10
12.9811897278,80.2345962524,42690,42700,10
12.9814300537,80.2337722778,42700,42710,10
12.9816303253,80.2333374023,42710,42721,11
12.9817199707,80.2331619263,42721,42731,10
12.9819297791,80.2325973511,42731,42741,10
12.9819698334,80.2319793701,42741,42751,10
12.9819297791,80.2313919067,42751,42759,8
12.9818096161,80.2309494019,42759,42772,13
12.9814300537,80.2302703857,42772,42782,10
12.9809999466,80.2295837402,42782,42792,10
12.9807796478,80.2292633057,42792,42802,10
12.9806604385,80.229057312,42802,42812,10
12.9806404114,80.2289886475,42812,42823,11
12.9803800583,80.2285766602,42823,42833,10
12.9801797867,80.2281494141,42833,42843,10
12.9797897339,80.2275009155,42843,42853,10
12.9792995453,80.2266693115,42853,42863,10
12.9787397385,80.2257537842,42863,42873,10
12.9783000946,80.2249984741,42873,42883,10
12.9778995514,80.2244567871,42883,42893,10
12.9777498245,80.2242584229,42893,42903,10
12.9774599075,80.223777771,42903,42913,10
12.9771299362,80.2232284546,42913,42924,11
12.9770298004,80.2230682373,42924,42934,10
12.976940155,80.22290802,42934,42944,10
12.9769496918,80.2228164673,42944,42954,10
12.9771995544,80.2227478027,42954,42964,10
12.9772996902,80.2227325439,42964,42974,10
12.9774904251,80.2225036621,42974,42984,10
12.9775400162,80.2217636108,42984,42994,10
12.9774904251,80.2213134766,42994,43004,10
12.9778499603,80.2212524414,43004,43014,10
12.9791603088,80.2211074829,43014,43024,10
12.9791603088,80.2211074829,43024,43037,13
12.9801101685,80.2210617065,43037,43047,10
12.9807500839,80.221031189,43047,43057,10
12.9812698364,80.2211608887,43057,43065,8
12.9816799164,80.2213668823,43065,43075,10
12.9820804596,80.2216186523,43075,43086,11
12.9828195572,80.2218780518,43086,43116,30
12.9828195572,80.2218780518,43116,43127,11
12.9830198288,80.2219161987,43127,43137,10
12.9833803177,80.2221832275,43137,43147,10
12.9839200974,80.2225189209,43147,43157,10
12.9845199585,80.2229309082,43157,43167,10
12.9851999283,80.223197937,43167,43176,9
12.9854898453,80.2231063843,43176,43187,11
12.9864997864,80.2229614258,43187,43207,20
12.9864997864,80.2229614258,43207,43217,10
12.9867801666,80.2229690552,43217,43229,12
12.9873304367,80.2230911255,43229,43239,10
12.987739563,80.2230606079,43239,43249,10
12.988240242,80.2227401733,43249,43259,10
12.9887199402,80.2222595215,43259,43269,10
12.9892396927,80.2216491699,43269,43279,10
12.9898195267,80.2208633423,43279,43289,10
12.9903001785,80.2204589844,43289,43299,10
12.9903001785,80.220451355,43299,43309,10
12.9906101227,80.2202377319,43309,43319,10
12.9911403656,80.219833374,43319,43330,11
12.9917297363,80.2193984985,43330,43340,10
12.9922199249,80.219039917,43340,43350,10
12.9928503036,80.2185821533,43350,43360,10
12.9934902191,80.218132019,43360,43370,10
12.9939899445,80.2177963257,43370,43380,10
12.994389534,80.2175064087,43380,43390,10
12.9946203232,80.2173309326,43390,43400,10
12.9949102402,80.2171173096,43400,43410,10
12.9953699112,80.2168273926,43410,43420,10
12.9959001541,80.2166671753,43420,43431,11
12.9967098236,80.2165527344,43431,43441,10
12.9974403381,80.2161712646,43441,43461,20
12.9974403381,80.2161712646,43461,43471,10
12.9975795746,80.2160568237,43471,43481,10
12.9979896545,80.2157287598,43481,43491,10
12.9986495972,80.2151565552,43491,43501,10
12.9990997314,80.2147598267,43501,43511,10
12.9994401932,80.2144393921,43511,43521,10
12.9999198914,80.2140274048,43521,43532,11
13.0005102158,80.2134933472,43532,43542,10
13.0011301041,80.2129974365,43542,43552,10
13.001830101,80.2124862671,43552,43562,10
13.002579689,80.2121582031,43562,43572,10
13.0034103394,80.2120895386,43572,43582,10
13.0038099289,80.2120285034,43582,43592,10
13.0043897629,80.2121963501,43592,43602,10
13.0051002502,80.2125778198,43602,43612,10
13.0058498383,80.2129135132,43612,43622,10
13.0065498352,80.2127304077,43622,43633,11
13.0076904297,80.2129211426,43633,43663,30
13.0076904297,80.2129211426,43663,43673,10
13.0079202652,80.213142395,43673,43683,10
13.0084199905,80.2133636475,43683,43693,10
13.008939743,80.2139663696,43693,43703,10
13.0094900131,80.2147369385,43703,43713,10
13.0099802017,80.2154006958,43713,43723,10
13.0105695724,80.2161712646,43723,43734,11
13.0109100342,80.2171020508,43734,43744,10
13.0113096237,80.2180786133,43744,43754,10
13.0116596222,80.2191619873,43754,43764,10
13.0120000839,80.2202606201,43764,43772,8
13.0122804642,80.2210388184,43772,43784,12
13.0126304626,80.2216720581,43784,43794,10
13.012960434,80.2220993042,43794,43804,10
13.0133304596,80.2225036621,43804,43814,10
13.0137500763,80.2229766846,43814,43823,9
13.0140695572,80.2233886719,43823,43835,12
13.0145301819,80.2238388062,43835,43845,10
13.0149002075,80.2243881226,43845,43855,10
13.0154304504,80.2248764038,43855,43865,10
13.0156402588,80.2250900269,43865,43875,10
13.0157299042,80.225227356,43875,43885,10
13.0162801743,80.2253723145,43885,43895,10
13.0171499252,80.2250900269,43895,43905,10
13.0181102753,80.2247009277,43905,43915,10
13.0190095901,80.2244033813,43915,43925,10
13.0195798874,80.2244720459,43925,43946,21
13.0195798874,80.2244720459,43946,43956,10
13.0198602676,80.2246932983,43956,43966,10
13.0202903748,80.2249908447,43966,43976,10
13.0207300186,80.2252883911,43976,43986,10
13.0213298798,80.2257919312,43986,43996,10
13.0219802856,80.2261962891,43996,44006,10
13.0220804214,80.226272583,44006,44016,10
13.0224399567,80.2266082764,44016,44026,10
13.0230798721,80.227180481,44026,44036,10
13.0237503052,80.2277679443,44036,44046,10
13.0241098404,80.2281417847,44046,44056,10
13.0243701935,80.2285003662,44056,44066,10
13.0246400833,80.2288513184,44066,44076,10
13.0248804092,80.2292175293,44076,44086,10
13.0251903534,80.2295913696,44086,44097,11
13.0255699158,80.2300720215,44097,44107,10
13.0255899429,80.2301101685,44107,44117,10
13.0256700516,80.2302780151,44117,44127,10
13.0258102417,80.2305374146,44127,44137,10
13.0258798599,80.2307281494,44137,44147,10
13.0259199142,80.23097229,44147,44157,10
13.0259504318,80.2312316895,44157,44167,10
13.026260376,80.231300354,44167,44177,10
13.0269603729,80.2311477661,44177,44187,10
13.0277099609,80.2310180664,44187,44197,10
13.0281496048,80.2309417725,44197,44207,10
13.0281600952,80.2309417725,44207,44217,10
13.0285797119,80.2309417725,44217,44227,10
13.0291996002,80.2308578491,44227,44250,23
13.0291996002,80.2308578491,44250,44260,10
13.0294599533,80.2308120728,44260,44270,10
13.0298900604,80.2307815552,44270,44280,10
13.0304203033,80.230758667,44280,44290,10
13.0309000015,80.2307128906,44290,44300,10
13.0314702988,80.2306594849,44300,44310,10
13.0321903229,80.2305908203,44310,44320,10
13.0328903198,80.2305526733,44320,44330,10
13.0339202881,80.2304611206,44330,44381,51
13.0339202881,80.2304611206,44381,44391,10
13.034040451,80.2304077148,44391,44401,10
13.034119606,80.2304000854,44401,44411,10
13.0343198776,80.2303771973,44411,44421,10
13.0345401764,80.2303390503,44421,44462,41
13.0345401764,80.2303390503,44462,44472,10
13.0347795486,80.2303009033,44472,44482,10
13.0348100662,80.2303009033,44482,44492,10
13.0350704193,80.2301177979,44492,44502,10
13.0350198746,80.2299194336,44502,44522,20
13.0350198746,80.2299194336,44522,44532,10
13.0345897675,80.2298431396,44532,44553,21
13.0345897675,80.2298431396,44553,44563,10
13.0344200134,80.2297821045,44563,44603,40
13.0341796875,80.2300415039,44603,44623,20
13.0341796875,80.2300415039,44623,44633,10
13.0340995789,80.2302932739,44633,44755,122
13.0340995789,80.2302932739,44755,44765,10
13.033829689,80.2304611206,44765,44775,10
13.0332098007,80.2304992676,44775,44785,10
13.0323200226,80.2305831909,44785,44795,10
13.0310897827,80.230682373,44795,44825,30
13.0308704376,80.23072052,44825,44856,31
13.0308704376,80.23072052,44856,44866,10
13.0307798386,80.2307510376,44866,44876,10
13.0304498672,80.230758667,44876,44886,10
13.030380249,80.230758667,44886,44896,10
13.0300998688,80.230796814,44896,44906,10
13.0299797058,80.2308120728,44906,44916,10
13.0299100876,80.2308120728,44916,44926,10
13.029589653,80.2308731079,44926,44936,10
13.029009819,80.2309188843,44936,44946,10
13.0282697678,80.231010437,44946,44957,11
13.0277500153,80.2310562134,44957,44967,10
13.0276699066,80.2314605713,44967,44977,10
13.0277004242,80.2318496704,44977,44987,10
13.0277700424,80.2323608398,44987,44997,10
13.0277099609,80.2328186035,44997,45007,10
13.0272798538,80.2329177856,45007,45017,10
13.0270395279,80.232963562,45017,45027,10
13.026720047,80.2329788208,45027,45037,10
13.0263595581,80.2327423096,45037,45047,10
13.0261001587,80.2318878174,45047,45057,10
13.0257902145,80.2308120728,45057,45067,10
13.0252199173,80.2298202515,45067,45078,11
13.0248003006,80.2293319702,45078,45088,10
13.0246400833,80.2291183472,45088,45098,10
13.0243301392,80.2286834717,45098,45108,10
13.0240297318,80.2283630371,45108,45118,10
13.0236701965,80.2279281616,45118,45128,10
13.0232601166,80.2275619507,45128,45137,9
13.0230503082,80.227432251,45137,45150,13
13.0228900909,80.2273330688,45150,45160,10
13.0225896835,80.2269515991,45160,45170,10
13.02202034,80.2263717651,45170,45180,10
13.0212602615,80.2257614136,45180,45190,10
13.0202598572,80.2250518799,45190,45210,20
13.0202598572,80.2250518799,45210,45220,10
13.0200195313,80.224861145,45220,45230,10
13.019659996,80.2246322632,45230,45240,10
13.0189399719,80.2244796753,45240,45247,7
13.0183200836,80.2246932983,45247,45261,14
13.0171003342,80.2251968384,45261,45269,8
13.0165100098,80.2254562378,45269,45281,12
13.0158100128,80.2257080078,45281,45291,10
13.0150604248,80.226020813,45291,45301,10
13.0144195557,80.2262496948,45301,45311,10
13.0142803192,80.22631073,45311,45321,10
13.0138502121,80.2264404297,45321,45331,10
13.013130188,80.2266921997,45331,45341,10
13.0125598907,80.2269134521,45341,45348,7
13.0121603012,80.2270812988,45348,45362,14
13.0111703873,80.2274780273,45362,45372,10
13.0101995468,80.2278518677,45372,45382,10
13.009519577,80.2277984619,45382,45392,10
13.0096797943,80.227180481,45392,45402,10
13.0100603104,80.2263717651,45402,45412,10
13.0104598999,80.2254562378,45412,45422,10
13.010840416,80.2245483398,45422,45432,10
13.0111598969,80.2234191895,45432,45453,21
13.0111598969,80.2234191895,45453,45463,10
13.0112600327,80.2231369019,45463,45473,10
13.0115499496,80.2225189209,45473,45483,10
13.0118904114,80.2216110229,45483,45493,10
13.0120401382,80.2207870483,45493,45503,10
13.0117702484,80.2198791504,45503,45513,10
13.011469841,80.2188568115,45513,45523,10
13.0111303329,80.2179107666,45523,45533,10
13.0109701157,80.2175827026,45533,45543,10
13.0108499527,80.217300415,45543,45552,9
13.0107803345,80.2171478271,45552,45564,12
13.0107002258,80.2169418335,45564,45574,10
13.0105895996,80.2166595459,45574,45584,10
13.0103302002,80.2161636353,45584,45594,10
13.0099601746,80.215461731,45594,45604,10
13.0094995499,80.2147293091,45604,45614,10
13.0089302063,80.214012146,45614,45624,10
13.0083999634,80.213432312,45624,45634,10
13.0080499649,80.2132797241,45634,45644,10
13.0079803467,80.2132415771,45644,45654,10
13.007809639,80.2130966187,45654,45665,11
13.0073204041,80.212852478,45665,45675,10
13.0065803528,80.2127990723,45675,45685,10
13.0057897568,80.2130279541,45685,45695,10
13.0050201416,80.2125473022,45695,45705,10
13.0043802261,80.2122497559,45705,45715,10
13.0034999847,80.2121200562,45715,45725,10
13.002820015,80.2121124268,45725,45735,10
13.0021295547,80.212348938,45735,45745,10
13.0018501282,80.2125320435,45745,45755,10
13.00137043,80.212890625,45755,45766,11
13.0007801056,80.2133331299,45766,45776,10
13.0000495911,80.2139663696,45776,45786,10
12.9995203018,80.2144622803,45786,45796,10
12.9991102219,80.2148208618,45796,45806,10
12.9987096786,80.215171814,45806,45816,10
12.9980401993,80.2157516479,45816,45826,10
12.9974603653,80.2162322998,45826,45836,10
12.9973402023,80.2163619995,45836,45846,10
12.9972801208,80.2164535522,45846,45857,11
12.9968395233,80.216583252,45857,45867,10
12.9961500168,80.2166900635,45867,45877,10
12.9954500198,80.2168579102,45877,45887,10
12.9948301315,80.2172470093,45887,45897,10
12.9941902161,80.2177200317,45897,45907,10
12.9937000275,80.2181015015,45907,45917,10
12.992939949,80.2185974121,45917,45927,10
12.9921398163,80.2192001343,45927,45937,10
12.9917297363,80.2195281982,45937,45947,10
12.9915599823,80.2196578979,45947,45957,10
12.9914398193,80.2197494507,45957,45968,11
12.9910202026,80.2200317383,45968,45978,10
12.9907398224,80.2202529907,45978,45988,10
12.9906101227,80.2203598022,45988,45998,10
12.9901304245,80.2207489014,45998,46008,10
12.9895496368,80.2213363647,46008,46018,10
12.988940239,80.2220535278,46018,46028,10
12.9883804321,80.2226715088,46028,46038,10
12.987859726,80.2230377197,46038,46048,10
12.9873695374,80.2231063843,46048,46058,10
12.9868297577,80.2229995728,46058,46099,41
12.9868297577,80.2229995728,46099,46109,10
12.986579895,80.2229919434,46109,46118,9
12.986240387,80.2229614258,46118,46129,11
12.9856500626,80.22315979,46129,46139,10
12.985159874,80.2232284546,46139,46149,10
12.9845504761,80.2229537964,46149,46159,10
12.9840297699,80.2226409912,46159,46169,10
12.983499527,80.2223968506,46169,46181,12
12.9832496643,80.2222213745,46181,46191,10
12.9831199646,80.2221069336,46191,46201,10
12.9822797775,80.221786499,46201,46231,30
12.9822797775,80.221786499,46231,46241,10
12.982170105,80.2216796875,46241,46282,41
12.982170105,80.2216796875,46282,46292,10
12.9820203781,80.2216110229,46292,46302,10
12.9818496704,80.2214813232,46302,46312,10
12.981300354,80.2212295532,46312,46322,10
12.9806203842,80.2211303711,46322,46332,10
12.9797201157,80.2212219238,46332,46342,10
12.9787197113,80.2212524414,46342,46352,10
12.977809906,80.2212524414,46352,46362,10
12.9770002365,80.2212905884,46362,46373,11
12.9762401581,80.2212982178,46373,46383,10
12.9761896133,80.221321106,46383,46393,10
12.9761695862,80.2215805054,46393,46403,10
12.9763402939,80.2217788696,46403,46413,10
12.9764604568,80.2220611572,46413,46423,10
12.9767999649,80.2226333618,46423,46433,10
12.9771995544,80.2232818604,46433,46443,10
12.9776697159,80.2239990234,46443,46453,10
12.9781503677,80.2247619629,46453,46463,10
12.9786396027,80.2255630493,46463,46474,11
12.9790201187,80.2261734009,46474,46484,10
12.9791097641,80.2262878418,46484,46494,10
12.9791402817,80.2263183594,46494,46504,10
12.9792804718,80.2265396118,46504,46514,10
12.9794502258,80.2268295288,46514,46524,10
12.9798402786,80.2274780273,46524,46534,10
12.9802799225,80.2282104492,46534,46544,10
12.9806499481,80.2288894653,46544,46554,10
12.9810400009,80.2295532227,46554,46564,10
12.9814996719,80.2303009033,46564,46575,11
12.9818000793,80.2308731079,46575,46585,10
12.9820098877,80.2316665649,46585,46595,10
12.9820203781,80.2323532104,46595,46605,10
12.9818401337,80.2330627441,46605,46615,10
12.9816503525,80.2334823608,46615,46625,10
12.9813203812,80.2342071533,46625,46635,10
12.9812297821,80.2351226807,46635,46645,10
12.9812297821,80.2359237671,46645,46655,10
12.9812498093,80.236076355,46655,46665,10
12.9812498093,80.2362136841,46665,46676,11
12.9812602997,80.2368164063,46676,46686,10
12.9812803268,80.2377090454,46686,46696,10
12.9812698364,80.2383880615,46696,46706,10
12.9812898636,80.2390594482,46706,46716,10
12.9812898636,80.2390823364,46716,46726,10
12.9812898636,80.2393493652,46726,46736,10
12.981300354,80.2395706177,46736,46746,10
12.9813203812,80.2399902344,46746,46756,10
12.9813404083,80.2407608032,46756,46766,10
12.9813499451,80.2416992188,46766,46777,11
12.9813699722,80.2424697876,46777,46787,10
12.9813604355,80.2425537109,46787,46797,10
12.9813404083,80.2427902222,46797,46807,10
12.9813299179,80.2433776855,46807,46817,10
12.9812202454,80.2442321777,46817,46827,10
12.981089592,80.2452774048,46827,46837,10
12.9809598923,80.2464599609,46837,46847,10
12.9808502197,80.2477264404,46847,46857,10
12.9807500839,80.2490234375,46857,46867,10
12.9805698395,80.2502288818,46867,46878,11
12.9802598953,80.2515029907,46878,46888,10
12.9801197052,80.2521362305,46888,46898,10
12.9801197052,80.2522201538,46898,46908,10
12.9801101685,80.2524490356,46908,46918,10
12.9804401398,80.2526626587,46918,46928,10
12.9811496735,80.2526626587,46928,46938,10
12.982170105,80.2526321411,46938,46948,10
12.9832601547,80.252532959,46948,46958,10
12.9842796326,80.2522888184,46958,46968,10
12.9851799011,80.2520599365,46968,46988,20
12.9851799011,80.2520599365,46988,46998,10
12.9852895737,80.2520523071,46998,47008,10
12.9853696823,80.2520294189,47008,47018,10
12.9856996536,80.2519378662,47018,47028,10
12.9861297607,80.2518081665,47028,47039,11
12.9870595932,80.2515563965,47039,47159,120
12.9870595932,80.2515563965,47159,47169,10
12.9872303009,80.2515335083,47169,47179,10
12.9875097275,80.2514419556,47179,47192,13
12.9878797531,80.2515563965,47192,47202,10
12.9879999161,80.2521514893,47202,47212,10
12.987950325,80.2528381348,47212,47222,10
12.9879102707,80.2532806396,47222,47232,10
12.9878501892,80.25390625,47232,47242,10
12.9877901077,80.2546310425,47242,47252,10
12.9876403809,80.2556228638,47252,47343,91
12.9876403809,80.2556228638,47343,47353,10
12.9876499176,80.2557830811,47353,47363,10
12.9875602722,80.2562332153,47363,47373,10
12.9875097275,80.2568588257,47373,47384,11
12.9874401093,80.2574920654,47384,47394,10
12.9873895645,80.2582092285,47394,47404,10
12.9872598648,80.259147644,47404,47424,20
12.9872598648,80.259147644,47424,47434,10
12.9872303009,80.2592926025,47434,47444,10
12.9872303009,80.2593917847,47444,47454,10
12.9871797562,80.259552002,47454,47464,10
12.987039566,80.259552002,47464,47474,10
12.9868898392,80.2595214844,47474,47485,11
12.9866800308,80.259552002,47485,47646,161
12.9866800308,80.259552002,47646,47656,10
12.9865598679,80.2594299316,47656,47676,20
12.9865598679,80.2594299316,47676,47687,11
12.9866695404,80.2590789795,47687,47697,10
12.9869098663,80.2591323853,47697,47707,10
12.9870195389,80.2591400146,47707,47717,10
12.9872503281,80.2590713501,47717,47727,10
12.9873199463,80.2588424683,47727,47737,10
12.9873199463,80.2587203979,47737,47747,10
12.9873504639,80.2585601807,47747,47757,10
12.9873600006,80.2583770752,47757,47767,10
12.9873895645,80.2580413818,47767,47777,10
12.9874601364,80.2574081421,47777,47788,11
12.9875001907,80.2565612793,47788,47798,10
12.9875497818,80.2559814453,47798,47808,10
12.9877004623,80.2554016113,47808,47818,10
12.9877595901,80.2546386719,47818,47828,10
12.987859726,80.2534713745,47828,47838,10
12.9878396988,80.2518615723,47838,47878,40
12.9878396988,80.2518615723,47878,47889,11
12.9878101349,80.2517623901,47889,47899,10
12.9874401093,80.2516021729,47899,47909,10
12.9865703583,80.2517623901,47909,47919,10
12.9854297638,80.2520370483,47919,47929,10
12.9840497971,80.2524108887,47929,47939,10
12.9825496674,80.2526473999,47939,47949,10
12.981089592,80.2526779175,47949,47959,10
12.9800100327,80.2527236938,47959,47979,20
12.9800100327,80.2527236938,47979,47989,10
12.9799003601,80.2526779175,47989,47999,10
12.9798202515,80.2522888184,47999,48009,10
12.9798498154,80.2521820068,48009,48020,11
12.9799499512,80.2519073486,48020,48029,9
12.9801902771,80.2512817383,48029,48040,11
12.9805002213,80.2501525879,48040,48050,10
12.9806995392,80.248916626,48050,48060,10
12.980799675,80.2476196289,48060,48070,10
12.9809103012,80.2462768555,48070,48079,9
12.9810600281,80.2450637817,48079,48092,13
12.9811897278,80.2438430786,48092,48102,10
12.9812803268,80.2435913086,48102,48112,10
12.9813404083,80.2432632446,48112,48120,8
12.9813404083,80.2431488037,48120,48130,10
12.9813499451,80.2427597046,48130,48142,12
12.9813604355,80.2426376343,48142,48152,10
12.9813499451,80.2423400879,48152,48160,8
12.9813203812,80.2418899536,48160,48170,10
12.9813098907,80.2410964966,48170,48180,10
12.981300354,80.2401733398,48180,48193,13
12.9812698364,80.2390823364,48193,48203,10
12.9812402725,80.2382965088,48203,48213,10
12.9812498093,80.2378768921,48213,48223,10
12.9812202454,80.2374191284,48223,48233,10
12.9812002182,80.2366027832,48233,48243,10
12.981180191,80.2355804443,48243,48253,10
12.9811601639,80.2345504761,48253,48263,10
12.9814100266,80.2337417603,48263,48273,10
12.9816102982,80.2332763672,48273,48283,10
12.9817399979,80.233039856,48283,48294,11
12.9819498062,80.232460022,48294,48304,10
12.9819602966,80.2317962646,48304,48314,10
12.9818496704,80.2311096191,48314,48324,10
12.9815597534,80.2304992676,48324,48334,10
12.981089592,80.2297210693,48334,48344,10
12.9807796478,80.2292327881,48344,48354,10
12.9805898666,80.2289199829,48354,48364,10
12.9805603027,80.2288513184,48364,48374,10
12.9802999496,80.2283706665,48374,48384,10
12.9799804688,80.2277984619,48384,48395,11
12.9794902802,80.2269821167,48395,48405,10
12.9792499542,80.2265777588,48405,48415,10
12.978969574,80.2261428833,48415,48425,10
12.9785499573,80.225440979,48425,48435,10
12.9781398773,80.2247619629,48435,48445,10
12.9779996872,80.224571228,48445,48455,10
12.9777498245,80.2241973877,48455,48465,10
12.9775695801,80.2238998413,48465,48475,10
12.9772796631,80.2234420776,48475,48485,10
12.9770898819,80.2231216431,48485,48496,11
12.9769802094,80.2229537964,48496,48506,10
12.9772396088,80.2227020264,48506,48526,20
12.9772396088,80.2227020264,48526,48536,10
12.9774999619,80.2225189209,48536,48546,10
12.9774599075,80.2219314575,48546,48556,10
12.9774303436,80.2213134766,48556,48566,10
12.977519989,80.2211990356,48566,48576,10
12.97797966,80.2211914063,48576,48586,10
12.9787597656,80.2211074829,48586,48597,11
12.9791002274,80.2210998535,48597,48607,10
12.9794797897,80.2210693359,48607,48617,10
12.9801597595,80.2210235596,48617,48627,10
12.9809303284,80.2209777832,48627,48637,10
12.9814300537,80.2212295532,48637,48647,10
12.9819803238,80.2216491699,48647,48657,10
12.9826202393,80.2218322754,48657,48667,10
12.9829797745,80.2219772339,48667,48677,10
12.9830598831,80.2220306396,48677,48687,10
12.9833097458,80.2222671509,48687,48698,11
12.9837598801,80.2225265503,48698,48708,10
12.9837903976,80.2225494385,48708,48718,10
12.9841995239,80.2227935791,48718,48728,10
12.9848003387,80.2231369019,48728,48738,10
12.9853200912,80.2232284546,48738,48748,10
12.9859199524,80.2229385376,48748,48758,10
12.9864501953,80.2229614258,48758,48768,10
12.9864597321,80.2229614258,48768,48778,10
12.9866895676,80.2229995728,48778,48788,10
12.9871501923,80.2230606079,48788,48799,11
12.9877996445,80.2229309082,48799,48809,10
12.9885797501,80.2224197388,48809,48819,10
12.9890899658,80.2218399048,48819,48829,10
12.989569664,80.2211837769,48829,48839,10
12.9903802872,80.2203598022,48839,48859,20
12.9903802872,80.2203598022,48859,48869,10
12.9905595779,80.2202301025,48869,48880,11
12.9909095764,80.2199630737,48880,48891,11
12.9914102554,80.219581604,48891,48900,9
12.9914798737,80.2195281982,48900,48911,11
12.9916601181,80.2193984985,48911,48921,10
12.9921398163,80.219039917,48921,48931,10
12.9928998947,80.21849823,48931,48941,10
12.9937496185,80.2178726196,48941,48950,9
12.9943799973,80.2174224854,48950,48961,11
12.9947900772,80.2171173096,48961,48971,10
12.9949197769,80.2170333862,48971,48981,10
12.9954299927,80.2167434692,48981,48991,10
12.996219635,80.2165374756,48991,49001,10
12.9968900681,80.2164535522,49001,49013,12
12.9975204468,80.2160491943,49013,49023,10
12.9975996017,80.2159881592,49023,49033,10
12.9979600906,80.2156982422,49033,49043,10
12.9985399246,80.2152099609,49043,49053,10
12.9990901947,80.2147293091,49053,49063,10
12.9994401932,80.2144317627,49063,49073,10
12.9999198914,80.214012146,49073,49083,10
13.0004997253,80.2134933472,49083,49093,10
13.0011501312,80.2129516602,49093,49104,11
13.0017299652,80.2125091553,49104,49114,10
13.0024700165,80.2121124268,49114,49124,10
13.003279686,80.2120437622,49124,49134,10
13.0039396286,80.2119827271,49134,49142,8
13.0045204163,80.2122192383,49142,49154,12
13.0052700043,80.2127380371,49154,49164,10
13.0062103271,80.2127380371,49164,49174,10
13.0071201324,80.2127380371,49174,49184,10
13.0078401566,80.2130508423,49184,49215,31
13.0078401566,80.2130508423,49215,49225,10
13.0080003738,80.213180542,49225,49235,10
13.008480072,80.2134017944,49235,49245,10
13.0090503693,80.2141265869,49245,49255,10
13.0095596313,80.2148895264,49255,49265,10
13.0099401474,80.2153701782,49265,49275,10
13.010430336,80.2158584595,49275,49285,10
13.0107498169,80.2166290283,49285,49295,10
13.0110902786,80.2174987793,49295,49306,11
13.0115098953,80.2185897827,49306,49316,10
13.0118999481,80.2197036743,49316,49326,10
13.0122299194,80.2207183838,49326,49338,12
13.0126304626,80.2216033936,49338,49348,10
13.0130701065,80.2221908569,49348,49358,10
13.0134897232,80.2227020264,49358,49368,10
13.0137500763,80.2229919434,49368,49378,10
13.0140399933,80.2233810425,49378,49388,10
13.0142602921,80.2236785889,49388,49398,10
13.0145902634,80.2240219116,49398,49409,11
13.0151596069,80.2247161865,49409,49419,10
13.0152397156,80.2248306274,49419,49429,10
13.0153999329,80.2250213623,49429,49439,10
13.0159502029,80.2253417969,49439,49449,10
13.0168399811,80.2251968384,49449,49459,10
13.0178499222,80.2247924805,49459,49469,10
13.0188903809,80.2243881226,49469,49478,9
13.0197401047,80.2245483398,49478,49500,22
13.0197401047,80.2245483398,49500,49510,10
13.0200500488,80.2248077393,49510,49520,10
13.0207395554,80.2252807617,49520,49530,10
13.0215396881,80.2258987427,49530,49541,11
13.0218801498,80.2261276245,49541,49550,9
13.0221300125,80.22631073,49550,49561,11
13.0228004456,80.2268829346,49561,49571,10
13.0235395432,80.2275619507,49571,49581,10
13.0241098404,80.2281112671,49581,49591,10
13.0244102478,80.2284927368,49591,49601,10
13.024600029,80.2287979126,49601,49611,10
13.0248003006,80.2291030884,49611,49621,10
13.0250902176,80.2294921875,49621,49631,10
13.0255804062,80.2301635742,49631,49643,12
13.0259103775,80.2307815552,49643,49671,28
13.0259103775,80.2307815552,49671,49681,10
13.0260095596,80.2310409546,49681,49691,10
13.0262298584,80.2313232422,49691,49701,10
13.0269403458,80.2311325073,49701,49714,13
13.0278902054,80.2309570313,49714,49724,10
13.0282201767,80.2309188843,49724,49734,10
13.0284900665,80.2308883667,49734,49744,10
13.0289802551,80.2308807373,49744,49754,10
13.0291500092,80.2308578491,49754,49764,10
13.0293703079,80.2308273315,49764,49774,10
13.0293903351,80.2308273315,49774,49784,10
13.0296401978,80.2307815552,49784,49794,10
13.0303297043,80.23072052,49794,49804,10
13.0308103561,80.2306900024,49804,49815,11
13.0314302444,80.230682373,49815,49825,10
13.0324401855,80.2305831909,49825,49835,10
13.0334300995,80.230506897,49835,49845,10
13.0341796875,80.2304382324,49845,49855,10
13.0345602036,80.2303237915,49855,49885,30
13.0345602036,80.2303237915,49885,49895,10
13.0348596573,80.2302398682,49895,49905,10
13.0350904465,80.2303466797,49905,49916,11
13.0347299576,80.2303695679,49916,49926,10
13.0341796875,80.23046875,49926,49936,10
13.0335302353,80.2304611206,49936,49946,10
13.0325603485,80.2305526733,49946,49956,10
13.0316200256,80.2306518555,49956,49966,10
13.0308303833,80.2307434082,49966,49976,10
13.0302295685,80.2307815552,49976,49986,10
13.0298700333,80.2308197021,49986,50017,31
13.0298700333,80.2308197021,50017,50027,10
13.029540062,80.2308731079,50027,50037,10
13.0290203094,80.2308883667,50037,50047,10
13.0283498764,80.2309494019,50047,50057,10
13.0278501511,80.2310028076,50057,50067,10
13.027680397,80.2312927246,50067,50077,10
13.0277204514,80.2318878174,50077,50087,10
13.0278301239,80.2324829102,50087,50097,10
13.0276203156,80.2328109741,50097,50107,10
13.0269098282,80.2329788208,50107,50158,51
13.0269098282,80.2329788208,50158,50168,10
13.0266799927,80.2330703735,50168,50178,10
13.0263996124,80.232963562,50178,50188,10
13.0262002945,80.2323913574,50188,50198,10
13.0260295868,80.2316513062,50198,50208,10
13.025850296,80.23097229,50208,50219,11
13.0253896713,80.2300262451,50219,50229,10
13.0247297287,80.2291717529,50229,50239,10
13.0241098404,80.2283325195,50239,50249,10
13.0233802795,80.2275314331,50249,50259,10
13.0225200653,80.2267608643,50259,50269,10
13.0216398239,80.226020813,50269,50279,10
13.0208301544,80.2253875732,50279,50288,9
13.0200395584,80.224861145,50288,50299,11
13.0190200806,80.2244262695,50299,50309,10
13.0179796219,80.2247695923,50309,50320,11
13.0168600082,80.2252578735,50320,50330,10
13.0161399841,80.2255630493,50330,50340,10
13.0155000687,80.2257766724,50340,50350,10
13.0148296356,80.2259979248,50350,50360,10
13.0145797729,80.22605896,50360,50421,61
13.0145797729,80.22605896,50421,50431,10
13.01445961,80.2261123657,50431,50441,10
13.0143203735,80.2261734009,50441,50461,20
13.0143203735,80.2261734009,50461,50471,10
13.0141801834,80.2261199951,50471,50481,10
13.014169693,80.2260284424,50481,50491,10
13.0141601563,80.2259521484,50491,50501,10
13.014289856,80.225730896,50501,50511,10
13.0143098831,80.2254714966,50511,50522,11
13.0143098831,80.2253494263,50522,50532,10
13.0141496658,80.2253723145,50532,50775,243
13.0141496658,80.2253723145,50775,50785,10
13.0142402649,80.225730896,50785,50795,10
13.0142297745,80.2257995605,50795,50805,10
13.0142097473,80.2260284424,50805,50824,19
13.0142202377,80.2261886597,50824,50856,32
13.0142202377,80.2261886597,50856,50866,10
13.0140199661,80.226348877,50866,50876,10
13.0135002136,80.2265396118,50876,50886,10
13.0128498077,80.2267990112,50886,50896,10
13.0121603012,80.2270736694,50896,50906,10
13.0113697052,80.2273635864,50906,50916,10
13.0105104446,80.2276916504,50916,50927,11
13.0097198486,80.2279281616,50927,50937,10
13.009519577,80.2275085449,50937,50947,10
13.0097999573,80.2269515991,50947,50957,10
13.0100898743,80.2263336182,50957,50967,10
13.0103597641,80.225730896,50967,50977,10
13.0104398727,80.2255401611,50977,50987,10
13.0105695724,80.2252578735,50987,50997,10
13.010720253,80.2249069214,50997,51007,10
13.0108804703,80.2244415283,51007,51017,10
13.0110397339,80.2240982056,51017,51028,11
13.0111103058,80.2239532471,51028,51038,10
13.011179924,80.2237014771,51038,51048,10
13.011300087,80.2233734131,51048,51058,10
13.0115804672,80.2233428955,51058,51068,10
13.0121097565,80.2236328125,51068,51078,10
13.0125703812,80.2239837646,51078,51088,10
13.0133304596,80.2243270874,51088,51098,10
13.0141496658,80.2247390747,51098,51108,10
13.0148000717,80.2250900269,51108,51118,10
13.0152301788,80.2253494263,51118,51129,11
13.0155601501,80.2253417969,51129,51139,10
13.0161304474,80.2253723145,51139,51149,10
13.0169000626,80.225189209,51149,51159,10
13.0177602768,80.2248382568,51159,51169,10
13.0186300278,80.2244796753,51169,51179,10
13.0194597244,80.2243499756,51179,51199,20
13.0194597244,80.2243499756,51199,51209,10
13.0197095871,80.2245330811,51209,51219,10
13.0200395584,80.2247772217,51219,51230,11
13.0205802917,80.2251586914,51230,51240,10
13.0210599899,80.2255401611,51240,51250,10
13.0216302872,80.225982666,51250,51260,10
13.0222702026,80.2264785767,51260,51270,10
13.0229701996,80.2270812988,51270,51280,10
13.0235500336,80.2276077271,51280,51290,10
13.0240001678,80.2279891968,51290,51300,10
13.0243597031,80.2283706665,51300,51310,10
13.0243701935,80.2285690308,51310,51320,10
13.0243597031,80.2285766602,51320,51331,11
13.0241498947,80.2285079956,51331,51361,30
13.0241498947,80.2285079956,51361,51371,10
13.0239496231,80.2282409668,51371,51381,10
13.0236597061,80.227897644,51381,51391,10
13.023349762,80.2276077271,51391,51401,10
13.0230798721,80.2274627686,51401,51471,70
13.0230798721,80.2274627686,51471,51481,10
13.0227003098,80.2271499634,51481,51491,10
13.0225601196,80.2268676758,51491,51502,11
13.022359848,80.2266311646,51502,51511,9
13.0222101212,80.2264785767,51511,51522,11
13.021780014,80.2261123657,51522,51532,10
13.0212697983,80.2257385254,51532,51542,10
13.0206899643,80.2253112793,51542,51552,10
13.0200500488,80.224899292,51552,51562,10
13.0193796158,80.2245178223,51562,51572,10
13.0185499191,80.2246017456,51572,51582,10
13.0177402496,80.2249298096,51582,51592,10
13.016960144,80.2252578735,51592,51602,10
13.0165100098,80.2254486084,51602,51612,10
13.0162496567,80.2255630493,51612,51622,10
13.0157699585,80.2257385254,51622,51635,13
13.0151700974,80.2259902954,51635,51645,10
13.0143995285,80.2262878418,51645,51665,20
13.0143995285,80.2262878418,51665,51675,10
13.0142297745,80.226348877,51675,51685,10
13.013759613,80.2265090942,51685,51695,10
13.0130596161,80.2267608643,51695,51705,10
13.0122404099,80.2270965576,51705,51715,10
13.0113296509,80.227432251,51715,51725,10
13.0103797913,80.2277908325,51725,51735,10
13.0095996857,80.2279281616,51735,51746,11
13.00963974,80.2273406982,51746,51756,10
13.0099802017,80.2266235352,51756,51766,10
13.0103702545,80.2257614136,51766,51776,10
13.0107698441,80.224861145,51776,51786,10
13.0111303329,80.223991394,51786,51796,10
13.0113801956,80.2232513428,51796,51806,10
13.0116596222,80.2225723267,51806,51816,10
13.0119495392,80.2217178345,51816,51824,8
13.0120697021,80.2214736938,51824,51837,13
13.0120897293,80.2208786011,51837,51847,10
13.0118598938,80.220199585,51847,51857,10
13.0117301941,80.2198410034,51857,51897,40
13.0117301941,80.2198410034,51897,51907,10
13.0116195679,80.2194671631,51907,51917,10
13.0115604401,80.2192764282,51917,51927,10
13.0114002228,80.2187576294,51927,51937,10
13.0111398697,80.2180328369,51937,51948,11
13.0107803345,80.2171630859,51948,51958,10
13.0104503632,80.2163925171,51958,51968,10
13.0101003647,80.2157974243,51968,51978,10
13.0097503662,80.2151031494,51978,51988,10
13.0093002319,80.2145004272,51988,51998,10
13.0088100433,80.2138595581,51998,52008,10
13.0083503723,80.2134017944,52008,52018,10
13.0082902908,80.2133331299,52018,52049,31
13.0082902908,80.2133331299,52049,52059,10
13.0079603195,80.2132034302,52059,52079,20
13.0079603195,80.2132034302,52079,52089,10
13.0076599121,80.2129364014,52089,52099,10
13.0072097778,80.2127914429,52099,52109,10
13.0065603256,80.2127380371,52109,52119,10
13.0058803558,80.2129898071,52119,52129,10
13.0051898956,80.2126617432,52129,52150,21
13.0035800934,80.212097168,52150,52160,10
13.0029602051,80.212097168,52160,52170,10
13.0023403168,80.2122573853,52170,52180,10
13.0021095276,80.212348938,52180,52190,10
13.0016403198,80.2126922607,52190,52200,10
13.0010795593,80.2131118774,52200,52210,10
13.0004997253,80.2135772705,52210,52220,10
12.9998903275,80.2141189575,52220,52230,10
12.9995098114,80.2144699097,52230,52240,10
12.9991197586,80.2148208618,52240,52251,11
12.9987897873,80.2151184082,52251,52261,10
12.998290062,80.2155532837,52261,52271,10
12.9974498749,80.2162628174,52271,52291,20
12.9974498749,80.2162628174,52291,52301,10
12.9973602295,80.2163925171,52301,52311,10
12.9971904755,80.2165374756,52311,52321,10
12.9967803955,80.2165603638,52321,52331,10
12.9961099625,80.2166595459,52331,52341,10
12.9953603745,80.2169036865,52341,52352,11
12.9949998856,80.2171173096,52352,52362,10
12.9946098328,80.2173919678,52362,52372,10
12.9941301346,80.2177581787,52372,52382,10
12.9936199188,80.2180862427,52382,52392,10
12.9929895401,80.2185668945,52392,52402,10
12.9921998978,80.2191314697,52402,52412,10
12.9914398193,80.2196807861,52412,52422,10
12.9908399582,80.2201080322,52422,52432,10
12.99077034,80.2201690674,52432,52442,10
12.9906196594,80.2203216553,52442,52452,10
12.9901695251,80.2206573486,52452,52462,10
12.9896402359,80.2212524414,52462,52472,10
12.9890804291,80.2219161987,52472,52483,11
12.9883899689,80.2226486206,52483,52493,10
12.9877901077,80.2231216431,52493,52503,10
12.9876003265,80.2231292725,52503,52513,10
12.9871997833,80.2230834961,52513,52523,10
12.9865903854,80.2229690552,52523,52533,10
12.9858903885,80.2229995728,52533,52542,9
12.9855298996,80.2232513428,52542,52553,11
12.985159874,80.2232437134,52553,52563,10
12.9847803116,80.2230911255,52563,52573,10
12.9842500687,80.2227630615,52573,52583,10
12.983710289,80.2224731445,52583,52593,10
12.9832897186,80.2221984863,52593,52603,10
12.9832000732,80.2221298218,52603,52613,10
12.9829797745,80.2220001221,52613,52623,10
12.9825000763,80.2218399048,52623,52633,10
12.9820899963,80.2216720581,52633,52643,10
12.9816904068,80.2213897705,52643,52656,13
12.9807500839,80.2210388184,52656,52666,10
12.9798402786,80.2211227417,52666,52676,10
12.9790697098,80.2211837769,52676,52686,10
12.978219986,80.2211608887,52686,52696,10
12.977399826,80.2211990356,52696,52706,10
12.9765396118,80.2212219238,52706,52716,10
12.9762096405,80.2215423584,52716,52736,20
12.9762096405,80.2215423584,52736,52747,11
12.9762401581,80.2216567993,52747,52757,10
12.9763698578,80.2218170166,52757,52767,10
12.9764795303,80.222076416,52767,52777,10
12.9767999649,80.2226028442,52777,52787,10
12.9772195816,80.2232666016,52787,52797,10
12.9777402878,80.2240829468,52797,52807,10
12.9782600403,80.224899292,52807,52817,10
12.9785900116,80.2254486084,52817,52827,10
12.9789600372,80.226020813,52827,52837,10
12.9792299271,80.2264709473,52837,52847,10
12.9794597626,80.2268066406,52847,52858,11
12.9798002243,80.2274017334,52858,52868,10
12.9802303314,80.2281570435,52868,52878,10
12.9807195663,80.2289962769,52878,52888,10
12.9811897278,80.2297592163,52888,52898,10
12.9816598892,80.2304611206,52898,52908,10
12.9816999435,80.2305831909,52908,52918,10
12.9818496704,80.2309494019,52918,52928,10
12.9819898605,80.2315979004,52928,52938,10
12.9820203781,80.2322769165,52938,52948,10
12.9818496704,80.2329483032,52948,52959,11
12.9816102982,80.2334976196,52959,52969,10
12.981590271,80.2335510254,52969,52979,10
12.9813899994,80.2339401245,52979,52989,10
12.9812002182,80.2346572876,52989,52999,10
12.9812402725,80.2355575562,52999,53009,10
12.9812803268,80.2364807129,53009,53019,10
12.981300354,80.2375335693,53019,53029,10
12.981300354,80.2381973267,53029,53150,121
12.9813098907,80.238571167,53150,53181,31
12.9813098907,80.238571167,53181,53191,10
12.9813404083,80.2388687134,53191,53201,10
12.9813404083,80.239402771,53201,53211,10
12.9813404083,80.2397384644,53211,53221,10
12.9813404083,80.2401580811,53221,53231,10
12.9813699722,80.2407913208,53231,53241,10
12.9813699722,80.2415237427,53241,53251,10
12.9813804626,80.2423400879,53251,53262,11
12.9813899994,80.2427902222,53262,53272,10
12.9813899994,80.2428817749,53272,53282,10
12.9813995361,80.2432937622,53282,53292,10
12.9813203812,80.2439727783,53292,53302,10
12.9812097549,80.2448501587,53302,53312,10
12.981089592,80.2458190918,53312,53322,10
12.9809799194,80.2468795776,53322,53332,10
12.9808797836,80.2479705811,53332,53342,10
12.980799675,80.2490921021,53342,53352,10
12.9806203842,80.2502212524,53352,53363,11
12.9803104401,80.2514266968,53363,53373,10
12.9801502228,80.2521820068,53373,53383,10
12.9801301956,80.252456665,53383,53393,10
12.9804801941,80.2526321411,53393,53403,10
12.9811601639,80.2526016235,53403,53413,10
12.9820299149,80.2525787354,53413,53423,10
12.9829101563,80.2525405884,53423,53433,10
12.9837703705,80.2523880005,53433,53443,10
12.9847402573,80.2521362305,53443,53454,11
12.9858398438,80.2518386841,53454,53464,10
12.9867200851,80.2516403198,53464,53474,10
12.9874000549,80.2514190674,53474,53484,10
12.9875898361,80.2513580322,53484,53596,112
12.9875898361,80.2513580322,53596,53606,10
12.9877195358,80.2513198853,53606,53616,10
12.9879398346,80.2515869141,53616,53626,10
12.9880399704,80.2522888184,53626,53634,8
12.987950325,80.2530212402,53634,53646,12
12.9878396988,80.2542114258,53646,53656,10
12.9877195358,80.2552032471,53656,53726,70
12.9877195358,80.2552032471,53726,53737,11
12.9876499176,80.255279541,53737,53747,10
12.9876298904,80.255607605,53747,53757,10
12.9875602722,80.2561035156,53757,53768,11
12.9875001907,80.2567977905,53768,53778,10
12.9874401093,80.2575073242,53778,53788,10
12.9873800278,80.2583312988,53788,53798,10
12.9873199463,80.2590484619,53798,53808,10
12.9871702194,80.2595291138,53808,53828,20
12.9870500565,80.2595672607,53828,53858,30
12.9870500565,80.2595672607,53858,53869,11
12.9866800308,80.2595367432,53869,54283,414
12.9866800308,80.2595367432,54283,54293,10
12.9865703583,80.2593994141,54293,54303,10
12.9866104126,80.2591400146,54303,54313,10
12.987039566,80.2591171265,54313,54433,120
12.987039566,80.2591171265,54433,54444,11
12.9873695374,80.2590103149,54444,54454,10
12.9873800278,80.2585906982,54454,54464,10
12.9874095917,80.2579879761,54464,54474,10
12.987449646,80.257598877,54474,54484,10
12.9875097275,80.257019043,54484,54494,10
12.9875602722,80.2562026978,54494,54506,12
12.9876804352,80.2555770874,54506,54514,8
12.9877099991,80.2550888062,54514,54524,10
12.9877195358,80.2549972534,54524,54534,10
12.987739563,80.2547988892,54534,54544,10
12.9877901077,80.2542877197,54544,54554,10
12.987859726,80.2535018921,54554,54564,10
12.9879398346,80.252532959,54564,54577,13
12.9877700806,80.2516784668,54577,54587,10
12.9877595901,80.2516784668,54587,54597,10
12.9876003265,80.2515792847,54597,54607,10
12.9871797562,80.2516098022,54607,54617,10
12.9867801666,80.2517089844,54617,54627,10
12.9861803055,80.2518615723,54627,54637,10
12.9854402542,80.2520523071,54637,54647,10
12.9845104218,80.2522888184,54647,54657,10
12.9834804535,80.2525405884,54657,54667,10
12.9823703766,80.2526473999,54667,54678,11
12.9811000824,80.2526931763,54678,54686,8
12.9801197052,80.2527313232,54686,54729,43
12.9801197052,80.2527313232,54729,54739,10
12.9798698425,80.2526397705,54739,54749,10
12.9797801971,80.2523193359,54749,54759,10
12.9798202515,80.2522583008,54759,54768,9
12.9798498154,80.2521591187,54768,54780,12
12.9799604416,80.2518386841,54780,54790,10
12.9801998138,80.2512283325,54790,54800,10
12.9804496765,80.2503509521,54800,54810,10
12.9806499481,80.2493209839,54810,54817,7
12.9807100296,80.2485427856,54817,54830,13
12.9808301926,80.2470092773,54830,54840,10
12.9809503555,80.2457733154,54840,54850,10
12.9810800552,80.2445831299,54850,54860,10
12.9811201096,80.2440719604,54860,54870,10
12.9811201096,80.2440032959,54870,54881,11
12.9811296463,80.2438812256,54881,54891,10
12.9811897278,80.2436828613,54891,54901,10
12.9812898636,80.243347168,54901,54911,10
12.9813098907,80.2428207397,54911,54931,20
12.9813098907,80.2428207397,54931,54941,10
12.981300354,80.2427062988,54941,54951,10
12.9813203812,80.2423400879,54951,54961,10
12.9813203812,80.2417602539,54961,54970,9
12.9813098907,80.2411193848,54970,54982,12
12.981300354,80.240272522,54982,54992,10
12.9813098907,80.239616394,54992,55002,10
12.9812698364,80.2391204834,55002,55012,10
12.9812602997,80.2385406494,55012,55022,10
12.9812498093,80.2379989624,55022,55032,10
12.9812202454,80.2378692627,55032,55042,10
12.9812097549,80.2374725342,55042,55052,10
12.9812002182,80.236869812,55052,55062,10
12.9811897278,80.2361068726,55062,55072,10
12.9811697006,80.2352828979,55072,55083,11
12.9811897278,80.2343597412,55083,55093,10
12.9813995361,80.2337417603,55093,55103,10
12.9816303253,80.233291626,55103,55113,10
12.9818000793,80.2329483032,55113,55123,10
12.9819602966,80.232421875,55123,55133,10
12.9819498062,80.2318878174,55133,55143,10
12.9819202423,80.231300354,55143,55153,10
12.9816999435,80.23072052,55153,55163,10
12.9813604355,80.2301483154,55163,55173,10
12.9809503555,80.2294998169,55173,55184,11
12.9806203842,80.2289810181,55184,55204,20
12.9806203842,80.2289810181,55204,55214,10
12.9804601669,80.2287063599,55214,55224,10
12.9802999496,80.2283782959,55224,55234,10
12.9801197052,80.2279968262,55234,55244,10
12.97976017,80.2274169922,55244,55254,10
12.9793195724,80.2266998291,55254,55264,10
12.9788503647,80.2259063721,55264,55274,10
12.9783802032,80.2251281738,55274,55284,10
12.9779596329,80.2244873047,55284,55294,10
12.977640152,80.2239837646,55294,55305,11
12.9773101807,80.2234115601,55305,55315,10
12.9769897461,80.222869873,55315,55325,10
12.9771299362,80.2226333618,55325,55345,20
12.9771299362,80.2226333618,55345,55355,10
12.9772396088,80.22265625,55355,55365,10
12.9774703979,80.2224578857,55365,55375,10
12.9774503708,80.2220001221,55375,55387,12
12.9774303436,80.221321106,55387,55397,10
12.9774904251,80.2211608887,55397,55407,10
12.9778699875,80.2211227417,55407,55415,8
12.9783000946,80.2210922241,55415,55425,10
12.979060173,80.2210464478,55425,55437,12
12.980050087,80.2210235596,55437,55447,10
12.9808597565,80.2209625244,55447,55455,8
12.9814796448,80.2212219238,55455,55465,10
12.9819297791,80.2215576172,55465,55474,9
12.9821996689,80.2216873169,55474,55488,14
12.98279953,80.2218933105,55488,55498,10
12.9829502106,80.2219619751,55498,55508,10
12.9833202362,80.2221908569,55508,55518,10
12.9838199615,80.2225112915,55518,55528,10
12.9844503403,80.2228927612,55528,55538,10
12.985039711,80.2231674194,55538,55545,7
12.9853897095,80.2231903076,55545,55558,13
12.9861698151,80.2229385376,55558,55568,10
12.986410141,80.2229232788,55568,55578,10
12.9867696762,80.2229690552,55578,55599,21
12.9867696762,80.2229690552,55599,55609,10
12.9872503281,80.2230377197,55609,55619,10
12.9877195358,80.2229232788,55619,55629,10
12.9883098602,80.2225036621,55629,55639,10
12.9888601303,80.2219772339,55639,55649,10
12.9893302917,80.2214202881,55649,55659,10
12.9898500443,80.2208099365,55659,55668,9
12.9903297424,80.2203903198,55668,55679,11
12.9905004501,80.2202606201,55679,55690,11
12.9907102585,80.2200927734,55690,55700,10
12.9910297394,80.219833374,55700,55710,10
12.9913101196,80.219619751,55710,55720,10
12.9917201996,80.2193222046,55720,55730,10
12.9922895432,80.2189178467,55730,55740,10
12.992939949,80.218421936,55740,55750,10
12.9934997559,80.2180328369,55750,55760,10
12.9938602448,80.2177810669,55760,55780,20
12.9938602448,80.2177810669,55780,55791,11
12.9941797256,80.2175598145,55791,55811,20
12.9941797256,80.2175598145,55811,55821,10
12.9943504333,80.2174911499,55821,55831,10
12.9946603775,80.2172393799,55831,55841,10
12.9949102402,80.217048645,55841,55851,10
12.9951200485,80.2169113159,55851,55861,10
12.9954004288,80.216758728,55861,55871,10
12.995639801,80.2166519165,55871,55881,10
12.9959001541,80.2165679932,55881,55892,11
12.9961299896,80.2165298462,55892,55922,30
12.9961299896,80.2165298462,55922,55932,10
12.9964895248,80.2164764404,55932,55942,10
12.9968595505,80.2164535522,55942,55952,10
12.9974803925,80.2160415649,55952,55972,20
12.9974803925,80.2160415649,55972,55981,9
12.9977197647,80.2158813477,55981,55993,12
12.9982099533,80.2154388428,55993,56003,10
12.9987401962,80.2149963379,56003,56013,10
12.9991102219,80.2146835327,56013,56023,10
12.9993801117,80.2144775391,56023,56033,10
12.999830246,80.2141113281,56033,56043,10
13.0002202988,80.213760376,56043,56053,10
13.0007400513,80.2132492065,56053,56063,10
13.0013198853,80.2127685547,56063,56073,10
13.001999855,80.2123184204,56073,56094,21
13.001999855,80.2123184204,56094,56104,10
13.0020799637,80.2122879028,56104,56114,10
13.002120018,80.212272644,56114,56124,10
13.0021495819,80.212272644,56124,56134,10
13.0023498535,80.2121734619,56134,56154,20
13.0023498535,80.2121734619,56154,56164,10
13.0025596619,80.2121200562,56164,56175,11
13.0028600693,80.2120666504,56175,56185,10
13.0031604767,80.2120437622,56185,56195,10
13.0036001205,80.2119979858,56195,56246,51
13.0036001205,80.2119979858,56246,56256,10
13.0039901733,80.2119979858,56256,56266,10
13.0044898987,80.2122268677,56266,56276,10
13.004940033,80.2124710083,56276,56285,9
13.0055198669,80.2127838135,56285,56298,13
13.0063295364,80.212677002,56298,56306,8
13.006939888,80.2126922607,56306,56318,12
13.0077104568,80.2129211426,56318,56328,10
13.0078496933,80.2130584717,56328,56338,10
13.0080604553,80.2132110596,56338,56348,10
13.0085201263,80.2134399414,56348,56358,10
13.0089101791,80.2139663696,56358,56368,10
13.0093097687,80.2144927979,56368,56378,10
13.0095396042,80.2148284912,56378,56388,10
13.0097303391,80.215057373,56388,56399,11
13.0100698471,80.2155532837,56399,56409,10
13.0104999542,80.2160873413,56409,56419,10
13.0107002258,80.2165603638,56419,56429,10
13.0109300613,80.2171401978,56429,56439,10
13.011300087,80.2180175781,56439,56449,10
13.0116796494,80.2191009521,56449,56459,10
13.0120401382,80.2202377319,56459,56469,10
13.0123901367,80.2211685181,56469,56479,10
13.0125799179,80.2215270996,56479,56489,10
13.0128898621,80.2220077515,56489,56500,11
13.0132703781,80.2224273682,56500,56510,10
13.0136203766,80.2228622437,56510,56520,10
13.0139102936,80.2232284546,56520,56530,10
13.0141897202,80.2235717773,56530,56540,10
13.0145998001,80.2239990234,56540,56550,10
13.0150098801,80.2245330811,56550,56560,10
13.0151195526,80.2247009277,56560,56570,10
13.0154304504,80.2249221802,56570,56580,10
13.0154600143,80.2249526978,56580,56590,10
13.0157403946,80.225189209,56590,56601,11
13.0164499283,80.2252426147,56601,56611,10
13.0173101425,80.224937439,56611,56621,10
13.0182304382,80.2245864868,56621,56631,10
13.019109726,80.2243423462,56631,56641,10
13.0195102692,80.2244415283,56641,56651,10
13.0195999146,80.2244796753,56651,56661,10
13.0198802948,80.2246627808,56661,56671,10
13.020409584,80.2250366211,56671,56681,10
13.0210103989,80.2254867554,56681,56691,10
13.0219602585,80.2261734009,56691,56712,21
13.0219602585,80.2261734009,56712,56722,10
13.0222301483,80.2264175415,56722,56732,10
13.0226297379,80.2267837524,56732,56742,10
13.0231800079,80.2273101807,56742,56752,10
13.0238199234,80.2278671265,56752,56762,10
13.0241699219,80.2282028198,56762,56772,10
13.0243902206,80.2284927368,56772,56782,10
13.0246295929,80.228843689,56782,56792,10
13.0249300003,80.2292785645,56792,56803,11
13.0254201889,80.2299194336,56803,56813,10
13.0257701874,80.2304077148,56813,56823,10
13.0258398056,80.2305908203,56823,56833,10
13.0259304047,80.2308883667,56833,56843,10
13.0259599686,80.2312164307,56843,56853,10
13.026309967,80.2312316895,56853,56863,10
13.0269203186,80.2310791016,56863,56873,10
13.0274200439,80.2310028076,56873,56883,10
13.028169632,80.2308578491,56883,56904,21
13.028429985,80.2308731079,56904,56934,30
13.028429985,80.2308731079,56934,56944,10
13.0291500092,80.2308502197,56944,56974,30
13.0291500092,80.2308502197,56974,56984,10
13.0294399261,80.2308273315,56984,56993,9
13.0297603607,80.230796814,56993,57005,12
13.0303602219,80.2307662964,57005,57015,10
13.0306901932,80.2307434082,57015,57025,10
13.0312595367,80.230682373,57025,57035,10
13.0319795609,80.2306137085,57035,57045,10
13.0327396393,80.2305374146,57045,57055,10
13.0335502625,80.2305679321,57055,57065,10
13.0341901779,80.2304229736,57065,57075,10
13.0347900391,80.2303009033,57075,57105,30
13.0347900391,80.2303009033,57105,57115,10
13.0349302292,80.2302627563,57115,57125,10
13.0350599289,80.2300720215,57125,57135,10
13.0349798203,80.2299118042,57135,57145,10
13.0347795486,80.229888916,57145,57156,11
13.0344495773,80.2298202515,57156,57166,10
13.0342502594,80.2297973633,57166,57239,73
13.0342798233,80.230140686,57239,57633,394
13.0341396332,80.2304763794,57633,57653,20
13.0341396332,80.2304763794,57653,57663,10
13.0338497162,80.2305221558,57663,57673,10
13.0333995819,80.2305374146,57673,57683,10
13.0328197479,80.2305908203,57683,57693,10
13.0322198868,80.2306518555,57693,57703,10
13.0315198898,80.2306976318,57703,57714,11
13.0308504105,80.230758667,57714,57724,10
13.0304298401,80.2307815552,57724,57734,10
13.0299100876,80.2308502197,57734,57744,10
13.0297603607,80.2308578491,57744,57754,10
13.0294704437,80.2308807373,57754,57764,10
13.0288095474,80.2309417725,57764,57774,10
13.0280303955,80.2310333252,57774,57784,10
13.0276603699,80.2311019897,57784,57794,10
13.027680397,80.2315292358,57794,57803,9
13.027759552,80.2321166992,57803,57815,12
13.0277900696,80.2327880859,57815,57825,10
13.0272397995,80.2329101563,57825,57835,10
13.0270996094,80.232963562,57835,57845,10
13.0269098282,80.233001709,57845,57855,10
13.0266103745,80.2330322266,57855,57865,10
13.026309967,80.2326431274,57865,57875,10
13.0261096954,80.2319412231,57875,57885,10
13.0259199142,80.2311706543,57885,57895,10
13.0255298615,80.2302932739,57895,57904,9
13.025179863,80.2297363281,57904,57916,12
13.0250797272,80.2296066284,57916,57926,10
13.0248003006,80.2292633057,57926,57936,10
13.0245199203,80.2288894653,57936,57946,10
13.0240898132,80.2283401489,57946,57956,10
13.0235500336,80.2277603149,57956,57966,10
13.023059845,80.2274398804,57966,57986,20
13.023059845,80.2274398804,57986,57996,10
13.0228595734,80.2272415161,57996,58006,10
13.0226097107,80.2268981934,58006,58016,10
13.0221300125,80.2264404297,58016,58027,11
13.0214004517,80.2258605957,58027,58037,10
13.0207395554,80.2253494263,58037,58047,10
13.0201797485,80.2249984741,58047,58057,10
13.019610405,80.2246017456,58057,58067,10
13.0187702179,80.2244796753,58067,58077,10
13.0178699493,80.2248306274,58077,58087,10
13.0170001984,80.2252120972,58087,58097,10
13.0165100098,80.2254180908,58097,58107,10
13.0160903931,80.2255706787,58107,58119,12
13.0153503418,80.2258529663,58119,58129,10
13.0146102905,80.2261199951,58129,58139,10
13.0141601563,80.2263412476,58139,58147,8
13.0140695572,80.2263870239,58147,58159,12
13.0133800507,80.2266235352,58159,58169,10
13.0124998093,80.2269515991,58169,58179,10
13.0114498138,80.2273635864,58179,58189,10
13.0105495453,80.2277297974,58189,58199,10
13.0097398758,80.2279891968,58199,58209,10
13.0095396042,80.2275466919,58209,58220,11
13.009929657,80.2267913818,58220,58230,10
13.0103597641,80.2258377075,58230,58240,10
13.0107402802,80.2250137329,58240,58250,10
13.01101017,80.2243499756,58250,58260,10
13.0112199783,80.2238388062,58260,58270,10
13.0112695694,80.2236480713,58270,58280,10
13.0114402771,80.2232208252,58280,58290,10
13.011759758,80.2224731445,58290,58300,10
13.0120697021,80.2216567993,58300,58310,10
13.0122098923,80.221206665,58310,58321,11
13.0120296478,80.2205429077,58321,58331,10
13.0117702484,80.2197418213,58331,58341,10
13.0114803314,80.2188186646,58341,58351,10
13.0111999512,80.2179794312,58351,58361,10
13.0109100342,80.2173233032,58361,58371,10
13.0105695724,80.2166366577,58371,58381,10
13.0102300644,80.2160720825,58381,58391,10
13.0099201202,80.2154083252,58391,58401,10
13.0095901489,80.2149429321,58401,58410,9
13.0093297958,80.2145767212,58410,58422,12
13.0088500977,80.2139205933,58422,58432,10
13.0084295273,80.2134933472,58432,58502,70
13.0081596375,80.2133331299,58502,58523,21
13.0080499649,80.2133026123,58523,58553,30
13.0080499649,80.2133026123,58553,58563,10
13.0078296661,80.2131118774,58563,58573,10
13.0075302124,80.2129135132,58573,58583,10
13.007060051,80.2128067017,58583,58593,10
13.0064001083,80.2127990723,58593,58603,10
13.0057697296,80.2130203247,58603,58610,7
13.0052995682,80.2127380371,58610,58622,12
13.00440979,80.212272644,58622,58634,12
13.0035295486,80.2121200562,58634,58644,10
13.0032997131,80.2121200562,58644,58654,10
13.0028800964,80.2121124268,58654,58664,10
13.0024003983,80.2122268677,58664,58674,10
13.0018100739,80.2125701904,58674,58684,10
13.0014696121,80.2128219604,58684,58694,10
13.0011301041,80.2130889893,58694,58704,10
13.0006599426,80.2134628296,58704,58714,10
13.0000095367,80.2140426636,58714,58725,11
12.9994897842,80.2144775391,58725,58735,10
12.9991197586,80.2148208618,58735,58745,10
12.998749733,80.215133667,58745,58755,10
12.9981603622,80.2156524658,58755,58765,10
12.9974098206,80.2163619995,58765,58815,50
12.9974098206,80.2163619995,58815,58826,11
12.997300148,80.2165298462,58826,58836,10
12.9968900681,80.2165908813,58836,58846,10
12.9962396622,80.2166519165,58846,58856,10
12.9954204559,80.2168884277,58856,58866,10
12.9951400757,80.217048645,58866,58876,10
12.9949903488,80.2171325684,58876,58886,10
12.9945898056,80.2173995972,58886,58896,10
12.9940795898,80.2178115845,58896,58906,10
12.993470192,80.2182312012,58906,58916,10
12.9927997589,80.2187271118,58916,58926,10
12.9920101166,80.2192993164,58926,58936,10
12.9913396835,80.2197799683,58936,58946,10
12.9909296036,80.2200927734,58946,58956,10
12.9908103943,80.220199585,58956,58966,10
12.9906902313,80.2202682495,58966,58976,10
12.9903402328,80.2205505371,58976,58986,10
12.9898195267,80.2210769653,58986,58996,10
12.9892997742,80.2216873169,58996,59007,11
12.9886903763,80.2223815918,59007,59017,10
12.9880695343,80.2229537964,59017,59027,10
12.9876804352,80.2231292725,59027,59047,20
12.9876804352,80.2231292725,59047,59058,11
12.9875297546,80.2231216431,59058,59067,9
12.9874296188,80.2231292725,59067,59077,10
12.9871997833,80.2231063843,59077,59088,11
12.9866399765,80.2230072021,59088,59097,9
12.9859695435,80.2230224609,59097,59108,11
12.9854097366,80.2233428955,59108,59118,10
12.9849100113,80.2231903076,59118,59130,12
12.9843397141,80.222869873,59130,59140,10
12.9838600159,80.2226028442,59140,59148,8
12.9835996628,80.2224502563,59148,59160,12
12.9833402634,80.2222671509,59160,59170,10
12.9832401276,80.2222137451,59170,59180,10
12.9829702377,80.222038269,59180,59190,10
12.9825000763,80.2218704224,59190,59200,10
12.9820604324,80.2216796875,59200,59210,10
12.9815397263,80.221321106,59210,59221,11
12.9807395935,80.2210769653,59221,59231,10
12.9800195694,80.2211380005,59231,59241,10
12.9793796539,80.2211837769,59241,59251,10
12.9788503647,80.2211914063,59251,59261,10
12.9781799316,80.2212295532,59261,59271,10
12.9773902893,80.2212524414,59271,59281,10
12.9765195847,80.221282959,59281,59291,10
12.9763002396,80.2217025757,59291,59320,29
12.9763002396,80.2217025757,59320,59342,22
12.9766798019,80.2223968506,59342,59352,10
12.9770402908,80.2229690552,59352,59362,10
12.9774599075,80.2236862183,59362,59372,10
12.9779195786,80.2244262695,59372,59382,10
12.9783296585,80.2251205444,59382,59392,10
12.978770256,80.2258224487,59392,59402,10
12.9792203903,80.2265167236,59402,59412,10
12.9796695709,80.2272415161,59412,59423,11
12.9801702499,80.2281188965,59423,59443,20
12.9801702499,80.2281188965,59443,59453,10
12.9802598953,80.2282867432,59453,59463,10
12.9805202484,80.2287521362,59463,59473,10
12.9808998108,80.2293777466,59473,59483,10
12.9813804626,80.2301025391,59483,59493,10
12.9816904068,80.2305679321,59493,59503,10
12.9817800522,80.230758667,59503,59513,10
12.9819602966,80.2312469482,59513,59524,11
12.9820604324,80.2320480347,59524,59534,10
12.9819898605,80.2327423096,59534,59544,10
12.9817399979,80.2333602905,59544,59554,10
12.9816999435,80.2334365845,59554,59564,10
12.9816398621,80.2335662842,59564,59574,10
12.9815101624,80.2338409424,59574,59582,8
12.9813899994,80.234046936,59582,59594,12
12.9812402725,80.2348403931,59594,59604,10
12.9812602997,80.2357711792,59604,59614,10
12.981300354,80.2367782593,59614,59625,11
12.9813404083,80.2378463745,59625,59635,10
12.9813604355,80.2386474609,59635,59645,10
12.9813699722,80.2388000488,59645,59655,10
12.9813604355,80.2391281128,59655,59665,10
12.9813899994,80.2397079468,59665,59675,10
12.9814195633,80.2402267456,59675,59685,10
12.9814300537,80.2409820557,59685,59695,10
12.9814300537,80.2417526245,59695,59705,10
12.9814195633,80.2420196533,59705,59715,10
12.9814395905,80.2422714233,59715,59725,10
12.9814596176,80.2425765991,59725,59736,11
12.9814500809,80.2426986694,59736,59746,10
12.9814500809,80.2428588867,59746,59756,10
12.9814395905,80.2428665161,59756,59766,10
12.9814300537,80.2431869507,59766,59776,10
12.9813899994,80.2437973022,59776,59786,10
12.9812498093,80.2446136475,59786,59796,10
12.9811296463,80.2455673218,59796,59806,10
12.981010437,80.2466201782,59806,59816,10
12.980919838,80.247756958,59816,59827,11
12.9808197021,80.2490310669,59827,59837,10
12.9806499481,80.2501602173,59837,59847,10
12.9803695679,80.2512512207,59847,59857,10
12.9801902771,80.2520675659,59857,59868,11
12.9801397324,80.2522888184,59868,59878,10
12.9801197052,80.2523803711,59878,59888,10
12.9802904129,80.2526321411,59888,59898,10
12.9808702469,80.2526702881,59898,59908,10
12.9816999435,80.2526397705,59908,59918,10
12.9826602936,80.2526092529,59918,59928,10
12.9836101532,80.2524490356,59928,59958,30
12.9836101532,80.2524490356,59958,59968,10
12.9838495255,80.2523880005,59968,59978,10
12.9840297699,80.2523269653,59978,59988,10
12.9843196869,80.2522583008,59988,59998,10
12.9848003387,80.2521362305,59998,60008,10
12.9852800369,80.2519989014,60008,60018,10
12.9856700897,80.2519226074,60018,60031,13
12.9862098694,80.2517623901,60031,60041,10
12.9867801666,80.2516021729,60041,60051,10
12.9874601364,80.2514190674,60051,60059,8
12.9878196716,80.251411438,60059,60071,12
12.9880104065,80.2519683838,60071,60081,10
12.9880599976,80.2521362305,60081,60091,10
12.9880695343,80.2523422241,60091,60101,10
12.9879999161,80.2529067993,60101,60111,10
12.9879102707,80.2537307739,60111,60121,10
12.9878396988,80.2546081543,60121,60132,11
12.9877996445,80.2551269531,60132,60192,60
12.9877996445,80.2551803589,60192,60233,41
12.9877996445,80.2551803589,60233,60243,10
12.9877595901,80.2553787231,60243,60253,10
12.9877099991,80.2558670044,60253,60263,10
12.9876203537,80.2565383911,60263,60273,10
12.9875497818,80.2572937012,60273,60283,10
12.9874897003,80.2581481934,60283,60293,10
12.9874200821,80.2588806152,60293,60303,10
12.9872903824,80.2593383789,60303,60323,20
12.9872903824,80.2593383789,60323,60334,11
12.9872903824,80.2594833374,60334,60344,10
12.9872703552,80.2595672607,60344,60354,10
12.9871301651,80.2596206665,60354,60364,10
12.9869203568,80.2595672607,60364,60374,10
12.9866399765,80.2594833374,60374,60384,10
12.9866695404,80.2590789795,60384,61375,991
12.9866695404,80.2590789795,61375,61385,10
12.9870195389,80.259147644,61385,61405,20
12.9870195389,80.259147644,61405,61415,10
12.9873399734,80.2591171265,61415,61425,10
12.9873800278,80.2586898804,61425,61435,10
12.9873895645,80.2584991455,61435,61446,11
12.9874095917,80.2580032349,61446,61456,10
12.9874401093,80.257522583,61456,61466,10
12.9874801636,80.2568283081,61466,61476,10
12.9875297546,80.2561721802,61476,61536,60
12.9875297546,80.2561721802,61536,61547,11
12.9875497818,80.2559585571,61547,61557,10
12.9876499176,80.2556304932,61557,61567,10
12.9877099991,80.2551269531,61567,61577,10
12.987739563,80.2547302246,61577,61587,10
12.9877996445,80.2539672852,61587,61597,10
12.9878797531,80.2529830933,61597,61607,10
12.9878997803,80.2522201538,61607,61617,10
12.9878101349,80.2517929077,61617,61627,10
12.9875898361,80.2516479492,61627,61637,10
12.9870901108,80.2516708374,61637,61648,11
12.9861698151,80.2518615723,61648,61658,10
12.9850902557,80.2521286011,61658,61668,10
12.983830452,80.2524795532,61668,61678,10
12.982460022,80.2526779175,61678,61688,10
12.9810800552,80.2527084351,61688,61698,10
12.980219841,80.252746582,61698,61708,10
12.9799499512,80.2527694702,61708,61737,29
12.9799499512,80.2527694702,61737,61748,11
12.9798603058,80.2525482178,61748,61758,10
12.9799003601,80.2522888184,61758,61768,10
12.9799203873,80.2521820068,61768,61778,10
12.9800596237,80.2517623901,61778,61788,10
12.9802999496,80.2509689331,61788,61798,10
12.9805803299,80.2499389648,61798,61807,9
12.9807195663,80.2488632202,61807,61818,11
12.9808197021,80.2475128174,61818,61829,11
12.9809503555,80.2461395264,61829,61839,10
12.9810600281,80.2449111938,61839,61849,10
12.9811601639,80.2439498901,61849,61859,10
12.9812202454,80.2436828613,61859,61869,10
12.9813203812,80.2434005737,61869,61879,10
12.9813299179,80.2429962158,61879,61889,10
12.9813299179,80.2428588867,61889,61899,10
12.9813404083,80.2427368164,61899,61909,10
12.9813499451,80.2426376343,61909,61919,10
12.9813499451,80.2424697876,61919,61929,10
12.9813404083,80.2422027588,61929,61940,11
12.9813404083,80.2416992188,61940,61952,12
12.9813404083,80.2416000366,61952,61962,10
12.9813404083,80.2414016724,61962,61972,10
12.9813404083,80.2408905029,61972,61980,8
12.9813299179,80.2401885986,61980,62012,32
12.9813299179,80.2401885986,62012,62022,10
12.9813404083,80.2400436401,62022,62032,10
12.9813404083,80.2398376465,62032,62042,10
12.9813203812,80.2396011353,62042,62053,11
12.981300354,80.2390213013,62053,62063,10
12.9812803268,80.2384109497,62063,62073,10
12.9812698364,80.2381515503,62073,62083,10
12.9812698364,80.2379684448,62083,62093,10
12.9812602997,80.2376174927,62093,62103,10
12.9812402725,80.236907959,62103,62113,10
12.9812202454,80.2359695435,62113,62123,10
12.9812002182,80.2350387573,62123,62133,10
12.9812097549,80.2343597412,62133,62142,9
12.9812602997,80.2341308594,62142,62154,12
12.9815597534,80.2335205078,62154,62164,10
12.9816398621,80.2333297729,62164,62174,10
12.9818201065,80.2329483032,62174,62184,10
12.9819498062,80.2325897217,62184,62194,10
12.982000351,80.2322921753,62194,62204,10
12.9819898605,80.2317962646,62204,62214,10
12.9819297791,80.2313613892,62214,62223,9
12.9818096161,80.2309265137,62223,62235,12
12.981470108,80.2303314209,62235,62245,10
12.9810600281,80.2296600342,62245,62256,11
12.9808301926,80.2293014526,62256,62266,10
12.9806900024,80.2290878296,62266,62276,10
12.9804697037,80.2286987305,62276,62286,10
12.9804201126,80.2286224365,62286,62296,10
12.9803304672,80.2284317017,62296,62306,10
12.9801702499,80.2280807495,62306,62316,10
12.9798498154,80.2275772095,62316,62326,10
12.9794998169,80.2269821167,62326,62336,10
12.9791002274,80.2263183594,62336,62346,10
12.9786996841,80.2256393433,62346,62357,11
12.9784698486,80.2252731323,62357,62367,10
12.9782495499,80.224899292,62367,62377,10
12.9778900146,80.2243881226,62377,62387,10
12.9777402878,80.2241821289,62387,62397,10
12.9774503708,80.2236633301,62397,62407,10
12.9771003723,80.2230682373,62407,62417,10
12.9770097733,80.2227630615,62417,62427,10
12.9771795273,80.2227020264,62427,62437,10
12.9772701263,80.2227020264,62437,62447,10
12.9775295258,80.2225189209,62447,62458,11
12.9774999619,80.2219390869,62458,62468,10
12.9774799347,80.2214126587,62468,62478,10
12.9771900177,80.221321106,62478,62488,10
12.9766798019,80.2212905884,62488,62773,285
12.9766798019,80.2212905884,62773,62783,10
12.9764604568,80.2211837769,62783,62793,10
12.9761600494,80.2213287354,62793,62803,10
12.9762802124,80.2216567993,62803,62823,20
12.9762802124,80.2216567993,62823,62833,10
12.9762897491,80.221862793,62833,62843,10
12.9764900208,80.2221908569,62843,62853,10
12.976849556,80.2227172852,62853,62864,11
12.9772195816,80.2232971191,62864,62874,10
12.977689743,80.2240371704,62874,62884,10
12.9781398773,80.2247314453,62884,62894,10
12.9785604477,80.225440979,62894,62904,10
12.9790000916,80.2261734009,62904,62914,10
12.9793596268,80.2267608643,62914,62924,10
12.9797096252,80.2272720337,62924,62934,10
12.9800596237,80.2278594971,62934,62944,10
12.980389595,80.2284164429,62944,62953,9
12.9806604385,80.2289123535,62953,62965,12
12.9810695648,80.229598999,62965,62975,10
12.9814796448,80.2302017212,62975,62985,10
12.9815998077,80.2304000854,62985,62995,10
12.9816999435,80.2305831909,62995,63005,10
12.9818201065,80.2308425903,63005,63015,10
12.9820203781,80.2314300537,63015,63025,10
12.9820804596,80.2320632935,63025,63035,10
12.9820899963,80.2322769165,63035,63045,10
12.9820404053,80.2325973511,63045,63052,7
12.9817895889,80.233291626,63052,63076,24
12.9817895889,80.233291626,63076,63086,10
12.9816799164,80.2334899902,63086,63096,10
12.981470108,80.2339172363,63096,63106,10
12.9812498093,80.234588623,63106,63116,10
12.9812602997,80.2354431152,63116,63126,10
12.981300354,80.2363815308,63126,63136,10
12.9813299179,80.2373123169,63136,63146,10
12.9813699722,80.238571167,63146,63167,21
12.9813699722,80.238571167,63167,63177,10
12.9813699722,80.2387771606,63177,63187,10
12.9813804626,80.2393569946,63187,63197,10
12.9814100266,80.2399520874,63197,63207,10
12.9814195633,80.2406616211,63207,63217,10
12.9814395905,80.2414932251,63217,63227,10
12.9814395905,80.2423782349,63227,63237,10
12.9814500809,80.242729187,63237,63247,10
12.9814395905,80.2428588867,63247,63258,11
12.9814300537,80.2432174683,63258,63268,10
12.9814300537,80.2432327271,63268,63278,10
12.9814300537,80.2434692383,63278,63288,10
12.9813699722,80.2439880371,63288,63298,10
12.9812602997,80.2447891235,63298,63308,10
12.9811401367,80.2457580566,63308,63318,10
12.9810304642,80.2468185425,63318,63328,10
12.9809303284,80.2479400635,63328,63338,10
12.9808397293,80.2490463257,63338,63348,10
12.9806804657,80.2501602173,63348,63358,10
12.980389595,80.2512283325,63358,63369,11
12.9801998138,80.2520217896,63369,63379,10
12.9801502228,80.2521820068,63379,63389,10
12.9800901413,80.2523803711,63389,63399,10
12.9802503586,80.2526168823,63399,63409,10
12.9807596207,80.2526702881,63409,63419,10
12.9813098907,80.2526321411,63419,63429,10
12.9814100266,80.2526092529,63429,63439,10
12.981760025,80.2526092529,63439,63449,10
12.982460022,80.2525634766,63449,63592,143
12.982460022,80.2525634766,63592,63601,9
12.9826498032,80.2525100708,63601,63611,10
12.9830303192,80.2524795532,63611,63620,9
12.9834098816,80.2524490356,63620,63631,11
12.983880043,80.2523422241,63631,63774,143
12.983880043,80.2523422241,63774,63784,10
12.9840898514,80.2523727417,63784,63794,10
12.9845399857,80.2522201538,63794,63804,10
12.9851799011,80.2520294189,63804,63814,10
12.9857196808,80.2518768311,63814,63935,121
12.9857196808,80.2518768311,63935,63945,10
12.9858198166,80.2518920898,63945,63955,10
12.9859600067,80.2518386841,63955,63966,11
12.9863796234,80.2517089844,63966,63976,10
12.9867401123,80.2516326904,63976,63986,10
12.9872598648,80.2514724731,63986,63996,10
12.9876804352,80.2513580322,63996,64006,10
12.987950325,80.2516098022,64006,64016,10
12.9879903793,80.2518997192,64016,64026,10
12.9880399704,80.2523498535,64026,64035,9
12.9879703522,80.253036499,64035,64046,11
12.9878902435,80.2540435791,64046,64056,10
12.987830162,80.2548828125,64056,64168,112
12.987830162,80.2548828125,64168,64178,10
12.9877500534,80.2552566528,64178,64188,10
12.9877004623,80.2557983398,64188,64198,10
12.9876499176,80.2562789917,64198,64208,10
12.987660408,80.2563095093,64208,64218,10
12.9876403809,80.2565078735,64218,64228,10
12.9876098633,80.2568588257,64228,64238,10
12.9875297546,80.2575073242,64238,64248,10
12.9874897003,80.2581634521,64248,64258,10
12.9874095917,80.2590637207,64258,64299,41
12.9874095917,80.2590637207,64299,64309,10
12.9873304367,80.2593002319,64309,64329,20
12.9873304367,80.2593002319,64329,64339,10
12.9873199463,80.2594604492,64339,64349,10
12.9872398376,80.2596511841,64349,64359,10
12.9870796204,80.2596282959,64359,64370,11
12.9868803024,80.2595901489,64370,64380,10
12.9866104126,80.2593612671,64380,64532,152
12.9867801666,80.2590484619,64532,64573,41
12.9867801666,80.2590484619,64573,64581,8
12.9871501923,80.2591705322,64581,64591,10
12.9872703552,80.259147644,64591,64603,12
12.9873600006,80.2588272095,64603,64613,10
12.9873895645,80.2584915161,64613,64621,8
12.9874200821,80.2580871582,64621,64631,10
12.9874801636,80.2576293945,64631,64641,10
12.9875001907,80.257270813,64641,64651,10
12.9875602722,80.2569732666,64651,64661,10
12.9876203537,80.2565765381,64661,64674,13
12.9876298904,80.2559661865,64674,64684,10
12.9877300262,80.255531311,64684,64694,10
12.9877300262,80.2551422119,64694,64704,10
12.987739563,80.2550964355,64704,64714,10
12.987739563,80.2548980713,64714,64724,10
12.9877996445,80.2543029785,64724,64734,10
12.9878196716,80.2537689209,64734,64744,10
12.9878396988,80.2533874512,64744,64754,10
12.9878396988,80.2533798218,64754,64761,7
12.9878501892,80.2531433105,64761,64855,94
12.9879398346,80.2527999878,64855,64926,71
12.9879398346,80.2527999878,64926,64936,10
12.9878997803,80.2526397705,64936,64946,10
12.987859726,80.2520599365,64946,64966,20
12.987859726,80.2520599365,64966,64977,11
12.9878501892,80.2518920898,64977,64987,10
12.9878101349,80.2517318726,64987,64997,10
12.9877099991,80.2516479492,64997,65007,10
12.9876403809,80.2516021729,65007,65017,10
12.9871997833,80.2516479492,65017,65027,10
12.9864196777,80.2518234253,65027,65037,10
12.9854297638,80.2520294189,65037,65047,10
12.984290123,80.2523498535,65047,65057,10
12.9830303192,80.2526397705,65057,65067,10
12.9816703796,80.2527008057,65067,65078,11
12.9803600311,80.2527389526,65078,65088,10
12.9798898697,80.2523803711,65088,65108,20
12.9798898697,80.2523803711,65108,65118,10
12.979929924,80.252243042,65118,65128,10
12.980050087,80.2518386841,65128,65138,10
12.9802398682,80.2512283325,65138,65148,10
12.9804801941,80.2504425049,65148,65158,10
12.9806804657,80.2495193481,65158,65168,10
12.9807500839,80.2485198975,65168,65179,11
12.9808397293,80.2473602295,65179,65189,10
12.9809398651,80.2462615967,65189,65199,10
12.9810695648,80.2451095581,65199,65209,10
12.9811496735,80.244178772,65209,65219,10
12.9811897278,80.2437973022,65219,65229,10
12.9813203812,80.2435684204,65229,65239,10
12.981300354,80.2433624268,65239,65249,10
12.981300354,80.2431716919,65249,65259,10
12.9813299179,80.2429199219,65259,65280,21
12.9813299179,80.2429199219,65280,65290,10
12.9813404083,80.2428512573,65290,65300,10
12.9813604355,80.2425994873,65300,65310,10
12.9813499451,80.2422180176,65310,65320,10
12.9813404083,80.2416610718,65320,65330,10
12.9813299179,80.2412185669,65330,65340,10
12.9813299179,80.2410736084,65340,65350,10
12.9813203812,80.2408828735,65350,65360,10
12.9813203812,80.2408676147,65360,65370,10
12.9813098907,80.2406311035,65370,65381,11
12.981300354,80.2401885986,65381,65391,10
12.981300354,80.2399597168,65391,65401,10
12.9812898636,80.2396469116,65401,65411,10
12.9812898636,80.239616394,65411,65421,10
12.9812898636,80.2393798828,65421,65431,10
12.9812898636,80.2393722534,65431,65442,11
12.9812803268,80.2392883301,65442,65452,10
12.9812698364,80.2389678955,65452,65460,8
12.9812602997,80.2386016846,65460,65472,12
12.9812498093,80.2382202148,65472,65481,9
12.9812498093,80.2381973267,65481,65493,12
12.9812602997,80.23802948,65493,65532,39
12.9812202454,80.2379379272,65532,65572,40
12.9812097549,80.2376480103,65572,65612,40
12.9812097549,80.2376480103,65612,65622,10
12.9812097549,80.2373962402,65622,65632,10
12.9812202454,80.2372512817,65632,65642,10
12.9812202454,80.2369918823,65642,65755,113
12.9812202454,80.2369918823,65755,65765,10
12.9812002182,80.2365570068,65765,65796,31
12.9812002182,80.2365570068,65796,65806,10
12.9812297821,80.2363204956,65806,65816,10
12.9812202454,80.2361984253,65816,65907,91
12.9812202454,80.2361984253,65907,65917,10
12.9811897278,80.235786438,65917,65927,10
12.9811897278,80.2356567383,65927,65947,20
12.9811897278,80.2356567383,65947,65957,10
12.9811897278,80.2355194092,65957,65967,10
12.9811897278,80.2354736328,65967,65976,9
12.9811897278,80.2353973389,65976,65988,12
12.981180191,80.2352905273,65988,65998,10
12.9811697006,80.2351379395,65998,66008,10
12.9811697006,80.2351074219,66008,66018,10
12.9811601639,80.23487854,66018,66038,20
12.9811601639,80.23487854,66038,66048,10
12.9811496735,80.234703064,66048,66079,31
12.9812202454,80.2343063354,66079,66109,30
12.9812202454,80.2343063354,66109,66119,10
12.9812803268,80.2340774536,66119,66129,10
12.9813995361,80.2338180542,66129,66139,10
12.9814596176,80.2337036133,66139,66149,10
12.9815397263,80.2335128784,66149,66169,20
12.9815397263,80.2335128784,66169,66180,11
12.9816799164,80.233253479,66180,66190,10
12.9816799164,80.2332382202,66190,66200,10
12.9818096161,80.2329711914,66200,66250,50
12.9818096161,80.2329711914,66250,66260,10
12.981880188,80.2328109741,66260,66270,10
12.9819002151,80.2327804565,66270,66281,11
12.9819602966,80.2325515747,66281,66291,10
12.9819803238,80.2324066162,66291,66301,10
12.9819698334,80.2320632935,66301,66311,10
12.9819297791,80.2315368652,66311,66321,10
12.9818000793,80.2310180664,66321,66331,10
12.9814300537,80.2303085327,66331,66341,10
12.9809598923,80.2295684814,66341,66351,10
12.9806995392,80.2291717529,66351,66361,10
12.9806404114,80.229057312,66361,66371,10
12.980629921,80.2290420532,66371,66382,11
12.9804000854,80.2286834717,66382,66392,10
12.9802303314,80.2282562256,66392,66403,11
12.9799203873,80.2277526855,66403,66412,9
12.9795799255,80.2271881104,66412,66423,11
12.979180336,80.2264862061,66423,66433,10
12.9788799286,80.225982666,66433,66442,9
12.9785404205,80.2253799438,66442,66453,11
12.9780597687,80.2246398926,66453,66463,10
12.9777402878,80.2241668701,66463,66472,9
12.9773797989,80.2235717773,66472,66482,10
12.9770498276,80.2230072021,66482,66494,12
12.9770097733,80.2228164673,66494,66503,9
12.9771795273,80.2227630615,66503,66522,19
12.9772796631,80.2227630615,66522,66535,13
12.9775400162,80.2223968506,66535,66545,10
12.9774904251,80.2217636108,66545,66555,10
12.9774599075,80.2213287354,66555,66565,10
12.9776000977,80.2212677002,66565,66575,10
12.9780197144,80.221282959,66575,66586,11
12.9786701202,80.2212295532,66586,66596,10
12.9790802002,80.2211914063,66596,66606,10
12.9795999527,80.2211608887,66606,66616,10
12.9801902771,80.2211227417,66616,66626,10
12.9808301926,80.2210693359,66626,66636,10
12.9812097549,80.2211608887,66636,66646,10
12.981590271,80.2213821411,66646,66656,10
12.9819097519,80.2216262817,66656,66666,10
12.9821195602,80.2217636108,66666,66676,10
12.9823303223,80.2218322754,66676,66687,11
12.9828395844,80.2220001221,66687,66707,20
12.9828395844,80.2220001221,66707,66717,10
12.9831600189,80.2221374512,66717,66727,10
12.9832897186,80.2222290039,66727,66737,10
12.983300209,80.2222366333,66737,66747,10
12.9835395813,80.2224197388,66747,66757,10
12.9838399887,80.2226028442,66757,66766,9
12.9841299057,80.2227630615,66766,66777,11
12.9845104218,80.2229919434,66777,66788,11
12.984919548,80.2232208252,66788,66798,10
12.9853496552,80.2233581543,66798,66808,10
12.9856996536,80.2231063843,66808,66818,10
12.9863004684,80.2230377197,66818,66838,20
12.9863004684,80.2230377197,66838,66848,10
12.9865503311,80.2230606079,66848,66858,10
12.9869403839,80.2231216431,66858,66868,10
12.9874601364,80.2231674194,66868,66878,10
12.9880504608,80.2229537964,66878,66889,11
12.9885797501,80.2224884033,66889,66899,10
12.9888401031,80.2222137451,66899,66909,10
12.9891300201,80.2218933105,66909,66919,10
12.98939991,80.2215805054,66919,66929,10
12.9895200729,80.2213668823,66929,66939,10
12.9896697998,80.2211685181,66939,66949,10
12.9903202057,80.2205123901,66949,66979,30
12.9903202057,80.2205123901,66979,66990,11
12.9907398224,80.2202072144,66990,67000,10
12.9911403656,80.2198791504,67000,67010,10
12.9916400909,80.2194976807,67010,67020,10
12.9921998978,80.2191162109,67020,67030,10
12.992770195,80.2186965942,67030,67040,10
12.993350029,80.2182693481,67040,67050,10
12.9938297272,80.2179412842,67050,67060,10
12.9942502975,80.217628479,67060,67070,10
12.9947299957,80.2172775269,67070,67091,21
12.9947299957,80.2172775269,67091,67101,10
12.9949502945,80.2171325684,67101,67111,10
12.9954004288,80.2168502808,67111,67121,10
12.9960699081,80.2166519165,67121,67131,10
12.9968004227,80.2165374756,67131,67141,10
12.9971399307,80.2164916992,67141,67151,10
12.9974899292,80.2162017822,67151,67171,20
12.9974899292,80.2162017822,67171,67181,10
12.997710228,80.216003418,67181,67192,11
12.9981298447,80.2156219482,67192,67202,10
12.9986600876,80.2151565552,67202,67212,10
12.9990997314,80.2148132324,67212,67222,10
12.999420166,80.2145614624,67222,67232,10
12.9998598099,80.2141799927,67232,67242,10
13.0002803802,80.2137985229,67242,67252,10
13.0008201599,80.2133178711,67252,67262,10
13.0012102127,80.2130279541,67262,67273,11
13.0016403198,80.2126998901,67273,67282,9
13.0019903183,80.2124710083,67282,67294,12
13.0024700165,80.2122192383,67294,67302,8
13.0026702881,80.2121734619,67302,67314,12
13.0031099319,80.2121429443,67314,67322,8
13.0034303665,80.2121200562,67322,67332,10
13.0038795471,80.2120666504,67332,67342,10
13.0041999817,80.2121887207,67342,67354,12
13.0047597885,80.2124710083,67354,67364,10
13.0052604675,80.2128067017,67364,67374,10
13.0059404373,80.2129669189,67374,67385,11
13.0065803528,80.2127838135,67385,67393,8
13.0070199966,80.2128067017,67393,67403,10
13.0075397491,80.212890625,67403,67433,30
13.0075397491,80.212890625,67433,67443,10
13.0076599121,80.2129516602,67443,67453,10
13.0076999664,80.2129821777,67453,67463,10
13.0077695847,80.2130203247,67463,67516,53
13.0077695847,80.2130203247,67516,67522,6
13.0080499649,80.2132492065,67522,67536,14
13.0084104538,80.2134170532,67536,67546,10
13.0087003708,80.2137374878,67546,67556,10
13.0089902878,80.2141571045,67556,67566,10
13.0094203949,80.2147064209,67566,67576,10
13.0095796585,80.2149810791,67576,67587,11
13.0096502304,80.2150421143,67587,67597,10
13.0098800659,80.2153091431,67597,67607,10
13.0102596283,80.2157516479,67607,67617,10
13.0106897354,80.2163925171,67617,67627,10
13.0108203888,80.2168731689,67627,67637,10
13.0110797882,80.2174606323,67637,67647,10
13.0114097595,80.2183303833,67647,67655,8
13.0116901398,80.2191314697,67655,67667,12
13.012049675,80.2203826904,67667,67679,12
13.0124998093,80.2214736938,67679,67690,11
13.012840271,80.2219772339,67690,67700,10
13.012960434,80.2220916748,67700,67710,10
13.0131797791,80.222328186,67710,67720,10
13.0135097504,80.2227401733,67720,67730,10
13.0139398575,80.2232971191,67730,67740,10
13.0142202377,80.2236404419,67740,67750,10
13.0144195557,80.2238616943,67750,67760,10
13.0146999359,80.2241821289,67760,67769,9
13.0150203705,80.2246017456,67769,67780,11
13.0152101517,80.2248077393,67780,67791,11
13.0155496597,80.2250518799,67791,67801,10
13.0155496597,80.2250595093,67801,67811,10
13.0157299042,80.2252120972,67811,67821,10
13.0161504745,80.2253799438,67821,67831,10
13.0168504715,80.2252426147,67831,67841,10
13.0176897049,80.2249069214,67841,67851,10
13.0185804367,80.224571228,67851,67861,10
13.0190401077,80.2243804932,67861,67871,10
13.0192804337,80.224357605,67871,67881,10
13.0194101334,80.2243804932,67881,67892,11
13.0194501877,80.2244110107,67892,67902,10
13.0196199417,80.2245101929,67902,67912,10
13.0198602676,80.2246780396,67912,67922,10
13.0202598572,80.2249832153,67922,67932,10
13.0206403732,80.2252578735,67932,67942,10
13.021030426,80.2255477905,67942,67952,10
13.0215797424,80.2259597778,67952,67962,10
13.0220098495,80.2262496948,67962,67972,10
13.0220603943,80.2262802124,67972,67982,10
13.0223197937,80.2265319824,67982,67993,11
13.0228595734,80.2270126343,67993,68003,10
13.0234804153,80.2275772095,68003,68013,10
13.024140358,80.2282562256,68013,68023,10
13.0246601105,80.2289810181,68023,68033,10
13.0251598358,80.2296295166,68033,68043,10
13.0256299973,80.2302780151,68043,68053,10
13.0259399414,80.2309112549,68053,68063,10
13.0261096954,80.2313995361,68063,68073,10
13.026599884,80.2313079834,68073,68083,10
13.0278196335,80.2310409546,68083,68104,21
13.0278196335,80.2310409546,68104,68114,10
13.0279502869,80.2310180664,68114,68124,10
13.0282697678,80.2309799194,68124,68175,51
13.0282697678,80.2309799194,68175,68186,11
13.028719902,80.2309494019,68186,68196,10
13.0290603638,80.2309265137,68196,68206,10
13.0292596817,80.2309112549,68206,68216,10
13.0295095444,80.2308807373,68216,68226,10
13.0299501419,80.2308425903,68226,68236,10
13.0303096771,80.2308197021,68236,68287,51
13.0303096771,80.2308197021,68287,68297,10
13.0306196213,80.2308273315,68297,68307,10
13.0310297012,80.2307815552,68307,68317,10
13.0315999985,80.2307281494,68317,68327,10
13.031999588,80.2306976318,68327,68337,10
13.0325899124,80.2306365967,68337,68347,10
13.0330896378,80.2305984497,68347,68377,30
13.0330896378,80.2305984497,68377,68388,11
13.0332202911,80.2306289673,68388,68398,10
13.0335597992,80.2305908203,68398,68448,50
13.0335597992,80.2305908203,68448,68458,10
13.0336999893,80.2305831909,68458,68468,10
13.0338697433,80.2305603027,68468,68477,9
13.0340299606,80.2305603027,68477,68489,12
13.0342302322,80.2304992676,68489,68499,10
13.0344400406,80.2304229736,68499,68509,10
13.0345802307,80.2304000854,68509,68519,10
13.0347900391,80.2303466797,68519,68529,10
13.0348396301,80.2301101685,68529,68559,30
13.0345697403,80.2300796509,68559,69219,660
13.0341997147,80.2300567627,69219,69340,121
13.0341396332,80.230430603,69340,69401,61
13.0341396332,80.230430603,69401,69411,10
13.0337400436,80.2305374146,69411,69431,20
13.0337400436,80.2305374146,69431,69441,10
13.0332698822,80.2305908203,69441,69451,10
13.0326795578,80.2306289673,69451,69461,10
13.0320596695,80.2307128906,69461,69471,10
13.0313301086,80.2307662964,69471,69481,10
13.0308504105,80.2308120728,69481,69491,10
13.0305099487,80.2308425903,69491,69502,11
13.0297803879,80.2308883667,69502,69522,20
13.0297803879,80.2308883667,69522,69532,10
13.0296602249,80.2309112549,69532,69542,10
13.0295801163,80.2309188843,69542,69552,10
13.0291795731,80.2309417725,69552,69562,10
13.0284700394,80.2310028076,69562,69572,10
13.0277900696,80.231048584,69572,69583,11
13.0276603699,80.2314224243,69583,69591,8
13.0277099609,80.2319412231,69591,69603,12
13.0278396606,80.2327728271,69603,69613,10
13.0275201797,80.2329406738,69613,69623,10
13.0272102356,80.2330093384,69623,69633,10
13.0268802643,80.2330703735,69633,69643,10
13.0265398026,80.2331237793,69643,69653,10
13.026260376,80.232673645,69653,69663,10
13.0260295868,80.2318725586,69663,69673,10
13.0257701874,80.2309188843,69673,69683,10
13.0252599716,80.2300109863,69683,69693,10
13.0247497559,80.2293777466,69693,69744,51
13.0247497559,80.2293777466,69744,69755,11
13.024600029,80.2291564941,69755,69764,9
13.0243301392,80.2287979126,69764,69775,11
13.0239496231,80.2282791138,69775,69784,9
13.0235004425,80.2277984619,69784,69794,10
13.0230503082,80.2275238037,69794,69814,20
13.0230503082,80.2275238037,69814,69824,10
13.0229301453,80.2274169922,69824,69836,12
13.0227298737,80.2272567749,69836,69846,10
13.0226097107,80.2271194458,69846,69856,10
13.0225400925,80.2269515991,69856,69865,9
13.0223503113,80.2267379761,69865,69875,10
13.0218496323,80.2263183594,69875,69885,10
13.0212697983,80.2258834839,69885,69895,10
13.0206604004,80.2254104614,69895,69905,10
13.0199899673,80.2249679565,69905,69915,10
13.0192403793,80.2245788574,69915,69925,10
13.0183000565,80.2247772217,69925,69935,10
13.0173797607,80.2251586914,69935,69945,10
13.0165395737,80.2255020142,69945,69955,10
13.0160999298,80.2256698608,69955,69965,10
13.0155897141,80.2258224487,69965,69977,12
13.0149898529,80.2260818481,69977,69985,8
13.0145797729,80.2262268066,69985,69998,13
13.0143203735,80.2263183594,69998,70008,10
13.0142602921,80.2263412476,70008,70018,10
13.0138998032,80.2264633179,70018,70028,10
13.0132703781,80.2266998291,70028,70038,10
13.0124998093,80.2269897461,70038,70048,10
13.0116100311,80.2273406982,70048,70058,10
13.0106897354,80.2276992798,70058,70068,10
13.0099496841,80.2279663086,70068,70078,10
13.0094499588,80.227722168,70078,70088,10
13.0097303391,80.2271194458,70088,70099,11
13.0101099014,80.22631073,70099,70109,10
13.0104999542,80.2254333496,70109,70119,10
13.010840416,80.2246627808,70119,70129,10
13.0109901428,80.2242431641,70129,70139,10
13.0110998154,80.2239685059,70139,70149,10
13.0112800598,80.2234268188,70149,70159,10
13.0115499496,80.2227783203,70159,70169,10
13.0118398666,80.2219467163,70169,70179,10
13.0120201111,80.2214736938,70179,70189,10
13.0121002197,80.2212371826,70189,70200,11
13.0120296478,80.2208633423,70200,70210,10
13.0118103027,80.2201766968,70210,70220,10
13.0115404129,80.2193832397,70220,70230,10
13.0112600327,80.218536377,70230,70240,10
13.0109395981,80.2176895142,70240,70250,10
13.0106401443,80.2169570923,70250,70260,10
13.0103597641,80.2163391113,70260,70270,10
13.0100402832,80.2157669067,70270,70280,10
13.0097103119,80.2151565552,70280,70290,10
13.0094099045,80.2147521973,70290,70301,11
13.0089101791,80.2140884399,70301,70341,40
13.0089101791,80.2140884399,70341,70351,10
13.0087795258,80.2139282227,70351,70361,10
13.0086097717,80.2137374878,70361,70390,29
13.0083503723,80.213508606,70390,70432,42
13.0083503723,80.213508606,70432,70442,10
13.0081100464,80.2133865356,70442,70452,10
13.0080499649,80.2133712769,70452,70462,10
13.0079097748,80.2132873535,70462,70472,10
13.0078897476,80.2133026123,70472,70482,10
13.0077896118,80.2132263184,70482,70492,10
13.0076799393,80.2130813599,70492,70503,11
13.0073099136,80.2128982544,70503,70513,10
13.0068902969,80.212852478,70513,70523,10
13.0062799454,80.2128982544,70523,70533,10
13.0057201385,80.2130584717,70533,70543,10
13.0051803589,80.2127532959,70543,70553,10
13.0045995712,80.2124023438,70553,70563,10
13.0038499832,80.2121810913,70563,70573,10
13.0031499863,80.2121734619,70573,70583,10
13.0024499893,80.2122421265,70583,70594,11
13.0018796921,80.2125015259,70594,70603,9
13.00137043,80.2128677368,70603,70614,11
13.0008001328,80.2133026123,70614,70624,10
13.0003099442,80.2137832642,70624,70634,10
12.9998397827,80.2142181396,70634,70644,10
12.9994497299,80.2145385742,70644,70654,10
12.9991197586,80.2148284912,70654,70664,10
12.9988498688,80.2150726318,70664,70674,10
12.9983901978,80.2154388428,70674,70684,10
12.9975595474,80.2161636353,70684,70705,21
12.9975595474,80.2161636353,70705,70716,11
12.997420311,80.2162780762,70716,70725,9
12.9972200394,80.2165222168,70725,70735,10
12.9972000122,80.2165298462,70735,70746,11
12.9968204498,80.216583252,70746,70756,10
12.9963598251,80.2166366577,70756,70765,9
12.9958295822,80.2167434692,70765,70775,10
12.99518013,80.2170028687,70775,70785,10
12.9948797226,80.2172088623,70785,70796,11
12.9944496155,80.2175064087,70796,70806,10
12.993929863,80.217880249,70806,70816,10
12.9933395386,80.2182922363,70816,70827,11
12.9926700592,80.2187805176,70827,70837,10
12.9920301437,80.2192687988,70837,70846,9
12.9917697906,80.2194671631,70846,70856,10
12.9915399551,80.2196502686,70856,70866,10
12.9912996292,80.2197875977,70866,70876,10
12.9912204742,80.2198486328,70876,70886,10
12.9908800125,80.2201080322,70886,70896,10
12.9907302856,80.2202224731,70896,70908,12
12.9905195236,80.2203903198,70908,70916,8
12.9902095795,80.2206420898,70916,71056,140
12.9899196625,80.2208862305,71056,71128,72
12.9897203445,80.2209396362,71128,71332,204
12.9896602631,80.2211990356,71332,71468,136
12.9894104004,80.2214202881,71468,71497,29
12.9893198013,80.2215423584,71497,71558,61
12.9889202118,80.2220993042,71558,71592,34
12.9888696671,80.22215271,71592,71622,30
12.9887104034,80.2222900391,71622,71673,51
12.9887104034,80.2222900391,71673,71683,10
12.9884796143,80.2225494385,71683,71734,51
12.9884796143,80.2225494385,71734,71744,10
12.9882297516,80.2228012085,71744,71772,28
12.987739563,80.2231674194,71772,71841,69
12.9876203537,80.2231826782,71841,71873,32
12.9871902466,80.2231826782,71873,71903,30
12.9866304398,80.2230834961,71903,71931,28
12.9866304398,80.2230834961,71931,71963,32
12.9856500626,80.223197937,71963,71974,11
12.9855804443,80.2232589722,71974,71982,8
12.9854001999,80.2233963013,71982,71994,12
12.9850702286,80.2233200073,71994,72002,8
12.9849300385,80.2232818604,72002,72015,13
12.9847297668,80.223197937,72015,72025,10
12.9846096039,80.2231063843,72025,72035,10
12.9845199585,80.2230682373,72035,72045,10
12.9844398499,80.2230300903,72045,72055,10
12.9842500687,80.2229003906,72055,72065,10
12.9840297699,80.2227630615,72065,72075,10
12.9837303162,80.2225799561,72075,72085,10
12.9834699631,80.2224121094,72085,72095,10
12.9834098816,80.2223815918,72095,72105,10
12.9833202362,80.222328186,72105,72116,11
12.9831104279,80.2221679688,72116,72126,10
12.9826202393,80.2219696045,72126,72136,10
12.9820604324,80.2217712402,72136,72146,10
12.9816598892,80.2214584351,72146,72156,10
12.9811697006,80.2211914063,72156,72166,10
12.9806404114,80.2211608887,72166,72176,10
12.9801101685,80.2212219238,72176,72186,10
12.9794797897,80.2212371826,72186,72196,10
12.9788599014,80.2212677002,72196,72207,11
12.9782400131,80.2212905884,72207,72217,10
12.9774904251,80.2213134766,72217,72227,10
12.976849556,80.2213363647,72227,72237,10
12.9767799377,80.2213363647,72237,72247,10
12.9765996933,80.2213516235,72247,72257,10
12.9762802124,80.2213821411,72257,72267,10
12.9760904312,80.2214508057,72267,72277,10
12.9762296677,80.2217330933,72277,72297,20
12.9762296677,80.2217330933,72297,72308,11
12.9762802124,80.2218399048,72308,72318,10
12.9764204025,80.2221603394,72318,72328,10
12.976559639,80.2223815918,72328,72338,10
12.9767799377,80.2227172852,72338,72348,10
12.9771203995,80.2232589722,72348,72358,10
12.9776000977,80.2239837646,72358,72368,10
12.977930069,80.2244796753,72368,72378,10
12.9781198502,80.2247695923,72378,72388,10
12.9783401489,80.225151062,72388,72398,10
12.9784698486,80.2253570557,72398,72409,11
12.9785499573,80.2255020142,72409,72419,10
12.9788198471,80.2259368896,72419,72429,10
12.9791498184,80.2265167236,72429,72439,10
12.9794797897,80.2270507813,72439,72449,10
12.979809761,80.2276382446,72449,72459,10
12.9802503586,80.2283401489,72459,72469,10
12.9806203842,80.2289886475,72469,72479,10
12.980799675,80.2292861938,72479,72489,10
12.9808797836,80.2294311523,72489,72499,10
12.9811296463,80.2298278809,72499,72510,11
12.9815101624,80.2303771973,72510,72520,10
12.981590271,80.2304992676,72520,72530,10
12.9816398621,80.2305908203,72530,72540,10
12.9818201065,80.2310028076,72540,72550,10
12.9819602966,80.231590271,72550,72560,10
12.9819803238,80.2319412231,72560,72580,20
12.9819803238,80.2319412231,72580,72590,10
12.982000351,80.2322769165,72590,72631,41
12.982000351,80.2322769165,72631,72641,10
12.9819202423,80.2327575684,72641,72651,10
12.9818601608,80.2329788208,72651,72661,10
12.9818401337,80.2330627441,72661,72671,10
12.9817695618,80.2332305908,72671,72681,10
12.9817199707,80.2333068848,72681,72691,10
12.9816198349,80.2335128784,72691,72701,10
12.9816198349,80.2335281372,72701,72712,11
12.9814996719,80.233757019,72712,72722,10
12.9813995361,80.2339477539,72722,72733,11
12.9813604355,80.2340393066,72733,72743,10
12.9812898636,80.2341918945,72743,72753,10
12.9812297821,80.2343826294,72753,72763,10
12.9811897278,80.2347564697,72763,72772,9
12.981180191,80.2352828979,72772,72783,11
12.9811401367,80.2356185913,72783,72793,10
12.9811401367,80.2358093262,72793,72803,10
12.981180191,80.2362594604,72803,72814,11
12.9812402725,80.2370071411,72814,72823,9
12.9812602997,80.2375488281,72823,72834,11
12.9812602997,80.2378997803,72834,72843,9
12.9812803268,80.2380905151,72843,72853,10
12.9812803268,80.2386016846,72853,72864,11
12.9812898636,80.2387237549,72864,72873,9
12.981300354,80.2390594482,72873,72882,9
12.981300354,80.2394866943,72882,72894,12
12.981300354,80.2395401001,72894,72903,9
12.9813203812,80.2396469116,72903,72915,12
12.9813299179,80.2398834229,72915,72925,10
12.9813404083,80.2402877808,72925,72935,10
12.9813404083,80.2407913208,72935,72945,10
12.9813404083,80.2413406372,72945,72955,10
12.9813404083,80.2420272827,72955,72965,10
12.9813404083,80.243019104,72965,72985,20
12.9813404083,80.243019104,72985,72995,10
12.9813299179,80.2432174683,72995,73005,10
12.9813203812,80.243637085,73005,73016,11
12.9812202454,80.244430542,73016,73026,10
12.9811000824,80.2453079224,73026,73036,10
12.9809904099,80.2462692261,73036,73046,10
12.9808797836,80.2473068237,73046,73056,10
12.9807796478,80.2484130859,73056,73066,10
12.9806900024,80.2494506836,73066,73076,10
12.980509758,80.2504196167,73076,73086,10
12.9802503586,80.2513809204,73086,73096,10
12.9800701141,80.2522888184,73096,73127,31
12.9800701141,80.2522888184,73127,73137,10
12.9800796509,80.2525405884,73137,73147,10
12.9804000854,80.2527084351,73147,73157,10
12.9810199738,80.2526779175,73157,73167,10
12.9818496704,80.2526473999,73167,73177,10
12.9828300476,80.2525863647,73177,73187,10
12.9838895798,80.2524032593,73187,73197,10
12.9849596024,80.2521133423,73197,73208,11
12.98595047,80.2518615723,73208,73218,10
12.9862098694,80.2517700195,73218,73228,10
12.9863195419,80.2517471313,73228,73238,10
12.9867601395,80.2516708374,73238,73248,10
12.9875097275,80.251449585,73248,73511,263
12.9875097275,80.251449585,73511,73521,10
12.9875497818,80.251449585,73521,73531,10
12.9878396988,80.2515106201,73531,73541,10
12.9879598618,80.2520599365,73541,73551,10
12.9879398346,80.2528686523,73551,73561,10
12.9878396988,80.2538909912,73561,73571,10
12.987739563,80.2550811768,73571,73694,123
12.987739563,80.2550811768,73694,73704,10
12.9876699448,80.2554626465,73704,73713,9
12.9876699448,80.2556762695,73713,73725,12
12.9876203537,80.2560577393,73725,73733,8
12.987569809,80.2563400269,73733,73743,10
12.9875297546,80.2567062378,73743,73753,10
12.9874801636,80.2572174072,73753,73763,10
12.9874601364,80.2576675415,73763,73773,10
12.9874095917,80.2582778931,73773,73783,10
12.9873399734,80.2589111328,73783,73793,10
12.9872999191,80.259147644,73793,73803,10
12.9871997833,80.2595367432,73803,73826,23
12.9871997833,80.2595367432,73826,73836,10
12.9871997833,80.2596130371,73836,73846,10
12.9870796204,80.2596588135,73846,73856,10
12.9869098663,80.2596206665,73856,73866,10
12.9866600037,80.2595825195,73866,73876,10
12.9865503311,80.2593994141,73876,73886,10
12.9866104126,80.2591629028,73886,74250,364
12.986579895,80.2591018677,74250,74757,507
12.9865903854,80.2592926025,74757,75211,454
12.9865903854,80.2592926025,75211,75222,11
12.9869403839,80.2591705322,75222,75252,30
12.9869403839,80.2591705322,75252,75262,10
12.9871196747,80.2592010498,75262,75302,40
12.9871196747,80.2592010498,75302,75312,10
12.9872903824,80.2589569092,75312,75322,10
12.9872999191,80.2586364746,75322,75333,11
12.9873504639,80.2582015991,75333,75343,10
12.9873895645,80.2576828003,75343,75353,10
12.9874401093,80.2570419312,75353,75363,10
12.9875097275,80.2564163208,75363,75373,10
12.9875097275,80.2560806274,75373,75383,10
12.9876003265,80.2557830811,75383,75393,10
12.9876403809,80.2553863525,75393,75403,10
12.9876403809,80.2552490234,75403,75413,10
12.9876403809,80.2550811768,75413,75423,10
12.9876403809,80.2549362183,75423,75433,10
12.9876899719,80.2545089722,75433,75443,10
12.987739563,80.2539291382,75443,75455,12
12.9878101349,80.2531433105,75455,75463,8
12.9878501892,80.2525405884,75463,75473,10
12.9877700806,80.2518386841,75473,75504,31
12.9877700806,80.2518386841,75504,75513,9
12.9874401093,80.2516403198,75513,75524,11
12.9869604111,80.251701355,75524,75536,12
12.9863195419,80.2518768311,75536,75544,8
12.9858798981,80.2519836426,75544,75554,10
12.9852895737,80.2521514893,75554,75566,12
12.9845504761,80.2523803711,75566,75687,121
12.9845504761,80.2523803711,75687,75697,10
12.9843597412,80.2523803711,75697,75707,10
12.9839200974,80.2525024414,75707,75717,10
12.9833202362,80.2526473999,75717,75728,11
12.9825201035,80.2527389526,75728,75738,10
12.9816904068,80.2527618408,75738,75748,10
12.980890274,80.2527694702,75748,75758,10
12.9802303314,80.2527694702,75758,75768,10
12.9798603058,80.252746582,75768,75778,10
12.9798603058,80.2523574829,75778,75798,20
12.9798603058,80.2523574829,75798,75808,10
12.9799003601,80.2520370483,75808,75817,9
12.9800100327,80.2516937256,75817,75829,12
12.9802303314,80.2509994507,75829,75839,10
12.9804096222,80.2503204346,75839,75849,10
12.9805803299,80.2495574951,75849,75859,10
12.9806499481,80.2487716675,75859,75869,10
12.9806900024,80.2479400635,75869,75879,10
12.9807701111,80.2471008301,75879,75889,10
12.9808502197,80.2462463379,75889,75899,10
12.9809503555,80.2453536987,75899,75909,10
12.9810600281,80.2444381714,75909,75919,10
12.9811201096,80.2437973022,75919,75930,11
12.9812602997,80.2434768677,75930,75940,10
12.9812698364,80.2431793213,75940,75950,10
12.9812698364,80.2428894043,75950,75970,20
12.9812698364,80.2428894043,75970,75980,10
12.9812898636,80.2428207397,75980,75990,10
12.9813098907,80.2425689697,75990,76000,10
12.981300354,80.2422790527,76000,76010,10
12.981300354,80.2418670654,76010,76020,10
12.9813098907,80.2414474487,76020,76031,11
12.9813098907,80.2411422729,76031,76041,10
12.9813098907,80.2411193848,76041,76051,10
12.9813203812,80.240737915,76051,76101,50
12.9813203812,80.240737915,76101,76111,10
12.9813098907,80.2405319214,76111,76121,10
12.981300354,80.2403106689,76121,76132,11
12.9812898636,80.2398529053,76132,76152,20
12.9812898636,80.2398529053,76152,76162,10
12.9812803268,80.2396392822,76162,76172,10
12.9812602997,80.2393798828,76172,76182,10
12.9812498093,80.2391281128,76182,76192,10
12.9812402725,80.2387466431,76192,76212,20
12.9812402725,80.2387466431,76212,76222,10
12.9812602997,80.2385635376,76222,76233,11
12.9812402725,80.237953186,76233,76253,20
12.9812402725,80.237953186,76253,76263,10
12.9812097549,80.2378692627,76263,76273,10
12.9812097549,80.2375411987,76273,76283,10
12.9811897278,80.2369537354,76283,76293,10
12.9811897278,80.2362213135,76293,76303,10
12.9811601639,80.2353973389,76303,76313,10
12.9811601639,80.2345733643,76313,76323,10
12.9812698364,80.2340087891,76323,76334,11
12.9814500809,80.2336425781,76334,76354,20
12.9814500809,80.2336425781,76354,76364,10
12.9815196991,80.2334518433,76364,76375,11
12.9815702438,80.2333374023,76375,76385,10
12.9816102982,80.2332611084,76385,76395,10
12.9817695618,80.2329406738,76395,76405,10
12.9819002151,80.2324829102,76405,76415,10
12.9819097519,80.2320098877,76415,76427,12
12.981880188,80.2313766479,76427,76437,10
12.9816999435,80.2308807373,76437,76445,8
12.9814596176,80.23046875,76445,76455,10
12.9811000824,80.2298583984,76455,76467,12
12.9808197021,80.2294006348,76467,76475,8
12.9807195663,80.2292480469,76475,76485,10
12.9805898666,80.2290725708,76485,76497,12
12.9805803299,80.229057312,76497,76505,8
12.9804801941,80.2288665771,76505,76517,12
12.9802503586,80.2284164429,76517,76528,11
12.9799995422,80.2279815674,76528,76538,10
12.9796600342,80.2274093628,76538,76548,10
12.9792804718,80.2267608643,76548,76558,10
12.9788703918,80.2260818481,76558,76568,10
12.9785203934,80.2254562378,76568,76578,10
12.978269577,80.2250213623,76578,76588,10
12.9780702591,80.2246932983,76588,76598,10
12.977809906,80.2243270874,76598,76608,10
12.9775600433,80.2238998413,76608,76615,7
12.9774198532,80.2236480713,76615,76629,14
12.9771795273,80.2232666016,76629,76639,10
12.9770298004,80.2230377197,76639,76649,10
12.9769296646,80.2228393555,76649,76659,10
12.9771003723,80.2227096558,76659,76679,20
12.9771003723,80.2227096558,76679,76689,10
12.9773101807,80.2226409912,76689,76699,10
12.9774599075,80.2224578857,76699,76709,10
12.9774503708,80.2220306396,76709,76719,10
12.9774103165,80.2214584351,76719,76730,11
12.9774198532,80.2212677002,76730,76740,10
12.9777498245,80.2212219238,76740,76750,10
12.9783000946,80.2211608887,76750,76760,10
12.978890419,80.2211303711,76760,76770,10
12.979590416,80.2210769653,76770,76780,10
12.9802503586,80.2210388184,76780,76790,10
12.9808797836,80.2210235596,76790,76800,10
12.9815101624,80.2212905884,76800,76810,10
12.9820899963,80.2216796875,76810,76820,10
12.9828796387,80.2219467163,76820,76841,21
12.9828796387,80.2219467163,76841,76851,10
12.98320961,80.2221374512,76851,76861,10
12.9836597443,80.2224731445,76861,76871,10
12.9841804504,80.2227630615,76871,76881,10
12.9846801758,80.2230834961,76881,76891,10
12.9854202271,80.2232666016,76891,77063,172
12.9855203629,80.2230300903,77063,77083,20
12.9855203629,80.2230300903,77083,77093,10
12.9856796265,80.2229385376,77093,77122,29
12.9856796265,80.2229385376,77122,77134,12
12.9861602783,80.2229385376,77134,77144,10
12.9867601395,80.2229690552,77144,77174,30
12.9867601395,80.2229690552,77174,77184,10
12.9869203568,80.2230224609,77184,77194,10
12.9870901108,80.2230529785,77194,77204,10
12.9873895645,80.2230911255,77204,77214,10
12.9879102707,80.2229537964,77214,77224,10
12.9884195328,80.2225494385,77224,77235,11
12.988820076,80.2221298218,77235,77245,10
12.9891996384,80.2216720581,77245,77255,10
12.9896297455,80.2210769653,77255,77265,10
12.9903202057,80.2203979492,77265,77295,30
12.9903202057,80.2203979492,77295,77306,11
12.9905796051,80.2202072144,77306,77315,9
12.9909200668,80.2199707031,77315,77326,11
12.9913396835,80.2195968628,77326,77336,10
12.9916801453,80.2193527222,77336,77346,10
12.9921197891,80.219039917,77346,77356,10
12.9926996231,80.2186279297,77356,77366,10
12.9933300018,80.218170166,77366,77377,11
12.9939899445,80.2177124023,77377,77387,10
12.9942598343,80.2174987793,77387,77396,9
12.9944295883,80.2173919678,77396,77406,10
12.9946298599,80.2172470093,77406,77416,10
12.9948101044,80.2171173096,77416,77428,12
12.9952402115,80.2168502808,77428,77438,10
12.9958696365,80.2166290283,77438,77448,10
12.996629715,80.2164993286,77448,77458,10
12.9972295761,80.2163925171,77458,77468,10
12.9974803925,80.2161407471,77468,77478,10
12.9974803925,80.2161331177,77478,77488,10
12.9975996017,80.2160186768,77488,77498,10
12.9978704453,80.2157897949,77498,77508,10
12.9983100891,80.2154083252,77508,77518,10
12.9988098145,80.2149963379,77518,77529,11
12.9991798401,80.2146606445,77529,77539,10
12.9995603561,80.21434021,77539,77549,10
12.9999599457,80.2139816284,77549,77557,8
13.0003004074,80.2136611938,77557,77569,12
13.0009202957,80.2131271362,77569,77579,10
13.0015001297,80.2126998901,77579,77589,10
13.0020799637,80.212310791,77589,77599,10
13.0025196075,80.2121124268,77599,77609,10
13.0028095245,80.2120666504,77609,77619,10
13.0033197403,80.2120437622,77619,77630,11
13.0039901733,80.2120285034,77630,77640,10
13.0046300888,80.2122879028,77640,77650,10
13.0052900314,80.2126693726,77650,77660,10
13.0059995651,80.2128829956,77660,77670,10
13.0066795349,80.2127227783,77670,77680,10
13.0072898865,80.2127838135,77680,77690,10
13.0078001022,80.2130432129,77690,77741,51
13.0078001022,80.2130432129,77741,77751,10
13.0081100464,80.2132263184,77751,77761,10
13.0084896088,80.2134017944,77761,77771,10
13.008890152,80.2139282227,77771,77781,10
13.0093698502,80.21459198,77781,77791,10
13.0097198486,80.2150878906,77791,77801,10
13.0101203918,80.2155990601,77801,77811,10
13.0105800629,80.2162322998,77811,77822,11
13.0108604431,80.2169723511,77822,77832,10
13.0111904144,80.2177581787,77832,77842,10
13.0114402771,80.2184371948,77842,77852,10
13.0117301941,80.2192764282,77852,77862,10
13.0120201111,80.220199585,77862,77869,7
13.012260437,80.2208480835,77869,77882,13
13.0127496719,80.2217407227,77882,77892,10
13.0132799149,80.222442627,77892,77902,10
13.0138301849,80.2230987549,77902,77912,10
13.0143203735,80.223739624,77912,77922,10
13.0147895813,80.2243118286,77922,77933,11
13.0153598785,80.224899292,77933,77943,10
13.0155296326,80.2250213623,77943,77953,10
13.0156202316,80.2250823975,77953,77961,8
13.0157403946,80.2252197266,77961,77974,13
13.0159702301,80.2253265381,77974,77984,10
13.0165395737,80.2253112793,77984,77994,10
13.0173101425,80.2250137329,77994,78004,10
13.0181798935,80.2246627808,78004,78014,10
13.0190401077,80.2243728638,78014,78022,8
13.0195798874,80.2244567871,78022,78035,13
13.0198001862,80.224571228,78035,78045,10
13.0201501846,80.2248382568,78045,78055,10
13.0206804276,80.2252426147,78055,78065,10
13.0212697983,80.225692749,78065,78075,10
13.0218496323,80.2260971069,78075,78085,10
13.0219202042,80.2261581421,78085,78095,10
13.0220804214,80.2263031006,78095,78106,11
13.0225601196,80.2267303467,78106,78115,9
13.0230703354,80.2272033691,78115,78125,10
13.023730278,80.2277984619,78125,78137,12
13.024430275,80.2286300659,78137,78145,8
13.0247802734,80.2291107178,78145,78155,10
13.0251703262,80.2296218872,78155,78165,10
13.025639534,80.2302932739,78165,78177,12
13.0260000229,80.2311325073,78177,78186,9
13.0260801315,80.2313690186,78186,78196,10
13.0264396667,80.231300354,78196,78206,10
13.0270900726,80.2311172485,78206,78216,10
13.027759552,80.2309799194,78216,78226,10
13.0283098221,80.2309188843,78226,78236,10
13.0284004211,80.2309188843,78236,78246,10
13.0287904739,80.2309112549,78246,78258,12
13.0294399261,80.2308273315,78258,78266,8
13.0298700333,80.2307891846,78266,78276,10
13.0305099487,80.2307281494,78276,78286,10
13.0310401917,80.2306900024,78286,78296,10
13.0316495895,80.2306518555,78296,78308,12
13.0325698853,80.2305526733,78308,78319,11
13.0333995819,80.2304992676,78319,78329,10
13.0338497162,80.2304763794,78329,78339,10
13.034119606,80.2304382324,78339,78349,10
13.0346298218,80.2303009033,78349,78379,30
13.0346298218,80.2303009033,78379,78389,10
13.034819603,80.23021698,78389,78440,51
13.034819603,80.23021698,78440,78450,10
13.0349597931,80.2303695679,78450,78460,10
13.0346002579,80.2303619385,78460,78470,10
13.0342302322,80.2304382324,78470,78480,10
13.0339202881,80.2304763794,78480,78490,10
13.0333900452,80.2304992676,78490,78500,10
13.0327997208,80.2305297852,78500,78510,10
13.0323295593,80.2305908203,78510,78520,10
13.0318403244,80.2306518555,78520,78531,11
13.0311899185,80.23072052,78531,78541,10
13.0307102203,80.230758667,78541,78551,10
13.0302600861,80.2307891846,78551,78561,10
13.0296802521,80.2308502197,78561,78571,10
13.0291500092,80.2309112549,78571,78581,10
13.0285596848,80.2309494019,78581,78591,10
13.0279798508,80.2310180664,78591,78601,10
13.0276603699,80.2311019897,78601,78611,10
13.0276699066,80.2314682007,78611,78620,9
13.0277004242,80.2318267822,78620,78632,12
13.0277900696,80.2323532104,78632,78642,10
13.0278701782,80.2327804565,78642,78652,10
13.0274000168,80.2328872681,78652,78662,10
13.0269804001,80.2329711914,78662,78672,10
13.0267400742,80.2330093384,78672,78702,30
13.0267400742,80.2330093384,78702,78712,10
13.0265102386,80.2330169678,78712,78721,9
13.0262804031,80.2327194214,78721,78733,12
13.0260601044,80.2319717407,78733,78743,10
13.0259599686,80.2315063477,78743,78753,10
13.025850296,80.2309799194,78753,78763,10
13.0255298615,80.2303237915,78763,78773,10
13.0250902176,80.2296676636,78773,78783,10
13.0246095657,80.2290496826,78783,78793,10
13.024189949,80.2284698486,78793,78803,10
13.023730278,80.227897644,78803,78813,10
13.0231599808,80.2273330688,78813,78823,10
13.0225896835,80.2268218994,78823,78834,11
13.0219602585,80.226272583,78834,78844,10
13.0214300156,80.2258605957,78844,78854,10
13.0208702087,80.2254180908,78854,78864,10
13.0203399658,80.2250976563,78864,78874,10
13.0201101303,80.224937439,78874,78884,10
13.0198802948,80.2247772217,78884,78894,10
13.0195903778,80.2246017456,78894,78904,10
13.0189599991,80.2244567871,78904,78914,10
13.0182695389,80.2247009277,78914,78925,11
13.0175695419,80.2249984741,78925,78935,10
13.0169401169,80.2252731323,78935,78945,10
13.016409874,80.225479126,78945,78955,10
13.0158596039,80.2256622314,78955,78965,10
13.0153198242,80.2258682251,78965,78975,10
13.0149698257,80.2259979248,78975,78985,10
13.0146799088,80.22605896,78985,78995,10
13.0145797729,80.2260971069,78995,79005,10
13.0144901276,80.2261505127,79005,79015,10
13.0142002106,80.2262191772,79015,79026,11
13.0141601563,80.2260665894,79026,79036,10
13.0142002106,80.2256088257,79036,79199,163
13.0142002106,80.2256088257,79199,79209,10
13.0142402649,80.2253723145,79209,79219,10
13.0143499374,80.2252502441,79219,79230,11
13.0145397186,80.225402832,79230,79240,10
13.0146303177,80.2256011963,79240,79250,10
13.0144395828,80.2257385254,79250,84055,4805
13.0143699646,80.2257919312,84055,86119,2064
