12.9967498779,80.1911468506,16,1318,1302
12.9967498779,80.1909713745,1318,1913,595
12.9967699051,80.1910018921,1913,2034,121
12.9967098236,80.1910324097,2034,2226,192
12.996720314,80.1910705566,2226,3347,1121
12.9967899323,80.1911468506,3347,3579,232
12.9966001511,80.1910705566,3579,4437,858
12.9966497421,80.1910400391,4437,6264,1827
12.9966497421,80.1910400391,6264,6274,10
12.9968299866,80.191078186,6274,7001,727
12.9965896606,80.1910400391,7001,18611,11610
12.9967002869,80.1911468506,18611,19075,464
12.9967298508,80.1911468506,19075,19267,192
12.9967403412,80.1912307739,19267,19963,696
12.9966802597,80.1910705566,19963,20710,747
12.9966802597,80.1910705566,20710,20721,11
12.9967899323,80.1912994385,20721,20731,10
12.9966001511,80.19140625,20731,20741,10
12.9963998795,80.1914291382,20741,20751,10
12.9962997437,80.1911697388,20751,20761,10
12.9961900711,80.190788269,20761,20771,10
12.9961204529,80.190612793,20771,20781,10
12.9960298538,80.1903305054,20781,20902,121
12.9960298538,80.1903305054,20902,20911,9
12.9960203171,80.1900405884,20911,20923,12
12.9959402084,80.189743042,20923,20933,10
12.9959201813,80.1895217896,20933,20943,10
12.9960002899,80.1893310547,20943,20953,10
12.9961996078,80.1893386841,20953,20963,10
12.9964704514,80.1896896362,20963,20973,10
12.9969100952,80.1902008057,20973,20983,10
12.9974002838,80.190788269,20983,20993,10
12.9979095459,80.1914215088,20993,21003,10
12.9984502792,80.1921081543,21003,21013,10
12.9989995956,80.1928100586,21013,21023,10
12.9995298386,80.1934890747,21023,21034,11
12.9999599457,80.1940765381,21034,21044,10
13.000459671,80.1946563721,21044,21054,10
13.00096035,80.1952590942,21054,21064,10
13.0015096664,80.1958770752,21064,21074,10
13.001999855,80.1965789795,21074,21084,10
13.0021295547,80.1974716187,21084,21094,10
13.001950264,80.1984100342,21094,21104,10
13.0018196106,80.1991729736,21104,21114,10
13.0019302368,80.1999664307,21114,21124,10
13.0024700165,80.2005386353,21124,21135,11
13.0031995773,80.2007827759,21135,21145,10
13.0037202835,80.2008132935,21145,21205,60
13.0037202835,80.2008132935,21205,21215,10
13.0040597916,80.2009429932,21215,21225,10
13.0044698715,80.2011108398,21225,21235,10
13.0050802231,80.2013778687,21235,21246,11
13.0057497025,80.2020568848,21246,21256,10
13.0061903,80.2028579712,21256,21266,10
13.0068101883,80.203453064,21266,21276,10
13.0075798035,80.2037506104,21276,21286,10
13.0085000992,80.203742981,21286,21296,10
13.0095796585,80.2036437988,21296,21306,10
13.0107498169,80.20362854,21306,21316,10
13.0119800568,80.2037811279,21316,21326,10
13.013130188,80.2040176392,21326,21336,10
13.0140399933,80.2043533325,21336,21347,11
13.0148801804,80.2045898438,21347,21357,10
13.0150499344,80.2046737671,21357,21367,10
13.0155496597,80.2047805786,21367,21377,10
13.0162401199,80.2050704956,21377,21387,10
13.0169095993,80.2052230835,21387,21396,9
13.0175104141,80.2055969238,21396,21407,11
13.0181999207,80.2057571411,21407,21417,10
13.0187702179,80.2059631348,21417,21427,10
13.0188102722,80.2059631348,21427,21437,10
13.0190296173,80.2060394287,21437,21447,10
13.0195999146,80.206199646,21447,21458,11
13.0205202103,80.2062606812,21458,21468,10
13.0215797424,80.2062835693,21468,21478,10
13.0226802826,80.2063903809,21478,21488,10
13.0237197876,80.2065963745,21488,21498,10
13.0247297287,80.2068328857,21498,21508,10
13.0258302689,80.2071762085,21508,21518,10
13.0268297195,80.2077636719,21518,21528,10
13.0277395248,80.2082977295,21528,21538,10
13.0286502838,80.2086410522,21538,21548,10
13.0295295715,80.2088394165,21548,21559,11
13.0305404663,80.2091064453,21559,21569,10
13.0314302444,80.2092819214,21569,21579,10
13.0315504074,80.209312439,21579,21589,10
13.0316400528,80.2093887329,21589,21599,10
13.0320997238,80.2095489502,21599,21609,10
13.0328998566,80.2096481323,21609,21619,10
13.0337200165,80.2098388672,21619,21629,10
13.0346298218,80.2100372314,21629,21639,10
13.0350799561,80.2101898193,21639,21649,10
13.035030365,80.210647583,21649,21659,10
13.0349798203,80.2110824585,21659,21670,11
13.0349798203,80.211151123,21670,21680,10
13.0349302292,80.2115097046,21680,21690,10
13.0349502563,80.2121429443,21690,21700,10
13.035610199,80.2122497559,21700,21710,10
13.0364904404,80.2122573853,21710,21720,10
13.0376396179,80.2122879028,21720,21730,10
13.0388498306,80.212272644,21730,21740,10
13.0399398804,80.2122879028,21740,21750,10
13.0411701202,80.2122802734,21750,21759,9
13.0421600342,80.2122268677,21759,21771,12
13.043419838,80.2122573853,21771,21781,10
13.0442800522,80.2122497559,21781,21791,10
13.0451097488,80.2122497559,21791,21801,10
13.0459003448,80.2122116089,21801,21811,10
13.0468502045,80.2121582031,21811,21821,10
13.0479001999,80.2120819092,21821,21831,10
13.0488595963,80.2119827271,21831,21841,10
13.0490598679,80.2119827271,21841,21851,10
13.0494003296,80.2119598389,21851,21861,10
13.0500297546,80.2119216919,21861,21871,10
13.0507202148,80.2119674683,21871,21882,11
13.0516195297,80.2120285034,21882,21892,10
13.0526695251,80.2118530273,21892,21902,10
13.0536899567,80.2116012573,21902,21912,10
13.0547103882,80.2114028931,21912,21922,10
13.0557498932,80.2114181519,21922,21932,10
13.0568199158,80.2114334106,21932,21942,10
13.0576200485,80.2113800049,21942,21962,20
13.0576200485,80.2113800049,21962,21972,10
13.0579595566,80.2113723755,21972,21983,11
13.0587100983,80.2114181519,21983,21993,10
13.0595197678,80.211479187,21993,22003,10
13.0604801178,80.2115402222,22003,22013,10
13.0614204407,80.2116012573,22013,22023,10
13.0622596741,80.2116165161,22023,22033,10
13.0630502701,80.2115402222,22033,22043,10
13.0633602142,80.2115097046,22043,22053,10
13.0633497238,80.211517334,22053,22063,10
13.0635595322,80.2115020752,22063,22073,10
13.0639295578,80.2114868164,22073,22083,10
13.0645999908,80.2112884521,22083,22094,11
13.0654096603,80.2108001709,22094,22104,10
13.0661697388,80.2101669312,22104,22114,10
13.0669002533,80.209487915,22114,22124,10
13.0674695969,80.2086410522,22124,22134,10
13.0680799484,80.2076797485,22134,22144,10
13.0687398911,80.2066726685,22144,22154,10
13.0693302155,80.2057876587,22154,22164,10
13.0695400238,80.2054519653,22164,22174,10
13.0697002411,80.2050933838,22174,22183,9
13.0695199966,80.204826355,22183,22195,12
13.0691099167,80.2051467896,22195,22205,10
13.0688295364,80.2052307129,22205,22275,70
13.0688495636,80.2048187256,22275,22356,81
13.0688495636,80.2048187256,22356,22366,10
13.0691699982,80.2047195435,22366,22376,10
13.0693101883,80.2047424316,22376,22386,10
13.069439888,80.204750061,22386,22427,41
13.069439888,80.204750061,22427,22437,10
13.0696201324,80.2048187256,22437,22447,10
13.0699596405,80.2048187256,22447,22457,10
13.0703001022,80.2043609619,22457,22467,10
13.0708303452,80.2037200928,22467,22477,10
13.0714797974,80.2029495239,22477,22487,10
13.0720500946,80.2022781372,22487,22497,10
13.0720901489,80.2022399902,22497,22506,9
13.0721797943,80.2021179199,22506,22518,12
13.0726099014,80.2016525269,22518,22528,10
13.0731201172,80.2010421753,22528,22538,10
13.0735797882,80.2004928589,22538,22548,10
13.0740995407,80.1998977661,22548,22558,10
13.0747003555,80.1993103027,22558,22568,10
13.0755796432,80.1990585327,22568,22578,10
13.0766601563,80.1990203857,22578,22588,10
13.0777597427,80.198890686,22588,22598,10
13.0787696838,80.1987686157,22598,22608,10
13.0797595978,80.1986923218,22608,22619,11
13.080739975,80.198600769,22619,22629,10
13.0815601349,80.1985626221,22629,22639,10
13.0824098587,80.1985015869,22639,22649,10
13.0830497742,80.1985015869,22649,22659,10
13.0836400986,80.1984634399,22659,22669,10
13.0842599869,80.1984710693,22669,22679,10
13.0848903656,80.1984710693,22679,22689,10
13.0852603912,80.1984710693,22689,22699,10
13.0855998993,80.1984634399,22699,22709,10
13.0860099792,80.1984100342,22709,22719,10
13.0867099762,80.1984329224,22719,22730,11
13.0870800018,80.1983032227,22730,22740,10
13.0871095657,80.1979827881,22740,22750,10
13.0871601105,80.1979064941,22750,22760,10
13.0872097015,80.197517395,22760,22770,10
13.087220192,80.1968231201,22770,22780,10
13.0872602463,80.1959228516,22780,22790,10
13.0872802734,80.1949310303,22790,22800,10
13.0873003006,80.1939163208,22800,22810,10
13.0873203278,80.1928634644,22810,22820,10
13.0874204636,80.1921005249,22820,22831,11
13.0875597,80.1910324097,22831,22841,10
13.0876998901,80.1899185181,22841,22851,10
13.0877399445,80.1889419556,22851,22871,20
13.0877399445,80.1889419556,22871,22881,10
13.0877599716,80.1885910034,22881,22891,10
13.0878000259,80.1880493164,22891,22901,10
13.0878601074,80.1873092651,22901,22911,10
13.0878896713,80.1863937378,22911,22921,10
13.0879297256,80.1853866577,22921,22931,10
13.0879898071,80.1844482422,22931,22942,11
13.0880403519,80.1833114624,22942,22952,10
13.0880899429,80.182258606,22952,22962,10
13.0881299973,80.1812896729,22962,22972,10
13.0881595612,80.1802215576,22972,22982,10
13.0881595612,80.1792831421,22982,22992,10
13.088139534,80.1788482666,22992,23002,10
13.0881299973,80.1787414551,23002,23012,10
13.0881500244,80.1783218384,23012,23022,10
13.0881996155,80.1776428223,23022,23032,10
13.0882196426,80.1768569946,23032,23043,11
13.0882902145,80.1758880615,23043,23053,10
13.0883703232,80.1748275757,23053,23062,9
13.0884504318,80.1739501953,23062,23073,11
13.0885000229,80.1728820801,23073,23083,10
13.0885295868,80.1721496582,23083,23093,10
13.0885400772,80.1718673706,23093,23103,10
13.0885601044,80.1715393066,23103,23113,10
13.0885696411,80.1711883545,23113,23123,10
13.0886201859,80.1706314087,23123,23133,10
13.0886697769,80.1698379517,23133,23143,10
13.0887699127,80.1694793701,23143,23154,11
13.0892801285,80.1695022583,23154,23164,10
13.0900402069,80.1695709229,23164,23174,10
13.0909996033,80.1696472168,23174,23184,10
13.0920696259,80.169708252,23184,23194,10
13.0930900574,80.1697769165,23194,23204,10
13.0939302444,80.1698379517,23204,23214,10
13.0946397781,80.1698379517,23214,23224,10
13.0948801041,80.1698608398,23224,23234,10
13.0950899124,80.169883728,23234,23244,10
13.0955400467,80.1698989868,23244,23255,11
13.096329689,80.1699523926,23255,23265,10
13.097240448,80.1699981689,23265,23275,10
13.0981903076,80.1700515747,23275,23285,10
13.0990200043,80.1701202393,23285,23295,10
13.0995798111,80.1701126099,23295,23355,60
13.0996904373,80.170249939,23355,23376,21
13.0996904373,80.170249939,23376,23386,10
13.0992898941,80.1701812744,23386,23396,10
13.0989999771,80.170173645,23396,23406,10
13.0985803604,80.170173645,23406,23870,464
13.0985803604,80.170173645,23870,23880,10
13.0983104706,80.1701507568,23880,23890,10
13.0980501175,80.1701202393,23890,23901,11
13.0975103378,80.1700897217,23901,23911,10
13.0969104767,80.1700515747,23911,23921,10
13.0962295532,80.1700134277,23921,23931,10
13.0955095291,80.1699523926,23931,23941,10
13.0949201584,80.1699066162,23941,23951,10
13.094619751,80.1698989868,23951,23961,10
13.0943803787,80.1698608398,23961,23971,10
13.0938796997,80.1698303223,23971,23981,10
13.0932302475,80.1697921753,23981,23991,10
13.0924196243,80.1697463989,23991,24002,11
13.0915203094,80.169708252,24002,24012,10
13.0906295776,80.1696472168,24012,24022,10
13.0897903442,80.1696014404,24022,24032,10
13.0889997482,80.1695404053,24032,24042,10
13.0887203217,80.1698303223,24042,24052,10
13.0886697769,80.1703567505,24052,24062,10
13.0886497498,80.1710662842,24062,24072,10
13.0886297226,80.1717605591,24072,24082,10
13.0886297226,80.1718521118,24082,24092,10
13.0886096954,80.1721725464,24092,24102,10
13.0885801315,80.1727371216,24102,24113,11
13.08852005,80.173538208,24113,24123,10
13.0884895325,80.1743621826,24123,24133,10
13.0884304047,80.1751174927,24133,24143,10
13.0883703232,80.1759872437,24143,24153,10
13.0883197784,80.1768875122,24153,24163,10
13.0882997513,80.1775283813,24163,24173,10
13.0882902145,80.1782836914,24173,24183,10
13.0882902145,80.1785583496,24183,24193,10
13.088259697,80.1787261963,24193,24203,10
13.0882501602,80.1789703369,24203,24214,11
13.0882396698,80.1795730591,24214,24224,10
13.0882301331,80.1802825928,24224,24234,10
13.0881900787,80.181137085,24234,24244,10
13.0881595612,80.1820373535,24244,24254,10
13.0881204605,80.1829376221,24254,24264,10
13.0880899429,80.1838684082,24264,24274,10
13.0880298615,80.1847229004,24274,24284,10
13.0880203247,80.1853179932,24284,24294,10
13.0880002975,80.1855926514,24294,24304,10
13.08796978,80.1861801147,24304,24314,10
13.0879497528,80.1869506836,24314,24325,11
13.0879402161,80.1878662109,24325,24335,10
13.0879201889,80.1885910034,24335,24345,10
13.0878801346,80.1893768311,24345,24355,10
13.0878400803,80.1898193359,24355,24365,10
13.0878400803,80.1898422241,24365,24375,10
13.0877599716,80.1902236938,24375,24385,10
13.0876703262,80.190826416,24385,24395,10
13.0875797272,80.1915817261,24395,24405,10
13.0874900818,80.1923828125,24405,24415,10
13.0874300003,80.1929168701,24415,24426,11
13.087389946,80.1936035156,24426,24436,10
13.0873603821,80.1944122314,24436,24446,10
13.0873098373,80.1952133179,24446,24456,10
13.0873003006,80.1960067749,24456,24466,10
13.0873003006,80.1969833374,24466,24476,10
13.0872898102,80.1976013184,24476,24486,10
13.0872602463,80.1977310181,24486,24496,10
13.087269783,80.1981887817,24496,24506,10
13.0874099731,80.1983718872,24506,24516,10
13.087269783,80.1984329224,24516,24526,10
13.0871295929,80.1987380981,24526,24537,11
13.087100029,80.1990585327,24537,24547,10
13.087100029,80.199508667,24547,24557,10
13.0870895386,80.200012207,24557,24567,10
13.0870304108,80.2003707886,24567,24577,10
13.0867996216,80.2004089355,24577,24587,10
13.0862998962,80.2003936768,24587,24597,10
13.0856103897,80.200378418,24597,24617,20
13.0856103897,80.200378418,24617,24627,10
13.0853204727,80.2001571655,24627,24638,11
13.0853395462,80.1996307373,24638,24648,10
13.0853395462,80.1990814209,24648,24658,10
13.0853300095,80.1987991333,24658,24668,10
13.0853204727,80.1987686157,24668,24678,10
13.0851297379,80.1986999512,24678,24688,10
13.0847797394,80.1986618042,24688,24698,10
13.0843496323,80.1986618042,24698,24708,10
13.0842599869,80.1986236572,24708,24718,10
13.0839004517,80.1986083984,24718,24728,10
13.0834598541,80.198638916,24728,24759,31
13.0834598541,80.198638916,24759,24769,10
13.0831203461,80.1986465454,24769,24779,10
13.0826597214,80.198638916,24779,24789,10
13.082159996,80.1986694336,24789,24799,10
13.0817899704,80.1986694336,24799,24809,10
13.0814199448,80.1986618042,24809,24819,10
13.0809898376,80.198638916,24819,24829,10
13.0802698135,80.1986999512,24829,24838,9
13.0794801712,80.1987609863,24838,24850,12
13.0783100128,80.1988830566,24850,24860,10
13.077460289,80.1989898682,24860,24870,10
13.0766000748,80.1990890503,24870,24880,10
13.0756397247,80.19921875,24880,24890,10
13.0746803284,80.1995620728,24890,24900,10
13.0739097595,80.2002105713,24900,24910,10
13.0733003616,80.200958252,24910,24920,10
13.0726995468,80.2016677856,24920,24930,10
13.0722198486,80.2022323608,24930,24940,10
13.0716400146,80.2028274536,24940,24950,10
13.0710496902,80.2035369873,24950,24961,11
13.0703601837,80.2043762207,24961,24971,10
13.0700101852,80.2049636841,24971,25001,30
13.0700101852,80.2049636841,25001,25011,10
13.0699596405,80.2050170898,25011,25021,10
13.0697097778,80.2049789429,25021,25031,10
13.0693998337,80.2048492432,25031,25041,10
13.0690803528,80.2052307129,25041,25050,9
13.0686197281,80.2054595947,25050,25062,12
13.0681400299,80.2054672241,25062,25072,10
13.0681295395,80.2054595947,25072,25082,10
13.0680599213,80.2053909302,25082,25092,10
13.0680599213,80.2051315308,25092,25102,10
13.0683498383,80.2049484253,25102,25112,10
13.068860054,80.2047576904,25112,25183,71
13.068860054,80.2047576904,25183,25193,10
13.0692396164,80.204750061,25193,25233,40
13.0692396164,80.204750061,25233,25243,10
13.0694704056,80.204788208,25243,25253,10
13.0696697235,80.204826355,25253,25263,10
13.0698404312,80.2049407959,25263,25274,11
13.0699195862,80.2050704956,25274,25284,10
13.0697402954,80.2053527832,25284,25294,10
13.0693998337,80.2059020996,25294,25304,10
13.0689296722,80.2066497803,25304,25314,10
13.0683403015,80.2076034546,25314,25324,10
13.0677204132,80.2085876465,25324,25334,10
13.0671396255,80.209487915,25334,25344,10
13.0664396286,80.2102203369,25344,25354,10
13.0657396317,80.2107772827,25354,25364,10
13.0650701523,80.2113189697,25364,25373,9
13.0650396347,80.2113494873,25373,25385,12
13.064740181,80.2115097046,25385,25395,10
13.0641202927,80.2117004395,25395,25405,10
13.0633401871,80.211769104,25405,25415,10
13.0623598099,80.2117767334,25415,25425,10
13.0613002777,80.211730957,25425,25435,10
13.0601596832,80.2117004395,25435,25445,10
13.059009552,80.2116699219,25445,25455,10
13.0585098267,80.2117004395,25455,25465,10
13.0579900742,80.2116775513,25465,25475,10
13.0573396683,80.2116928101,25475,25486,11
13.0564699173,80.2116622925,25486,25496,10
13.055560112,80.2116165161,25496,25506,10
13.0547800064,80.2115783691,25506,25516,10
13.0540895462,80.2116394043,25516,25526,10
13.0533599854,80.2117919922,25526,25536,10
13.0527801514,80.2119522095,25536,25546,10
13.0521001816,80.2121582031,25546,25556,10
13.0515899658,80.2121505737,25556,25566,10
13.0509195328,80.2121276855,25566,25576,10
13.0501298904,80.2121734619,25576,25586,10
13.0500297546,80.2121734619,25586,25597,11
13.0497903824,80.2121505737,25597,25607,10
13.0494298935,80.2121810913,25607,25617,10
13.0492601395,80.2121810913,25617,25627,10
13.0488300323,80.2121887207,25627,25637,10
13.0482196808,80.2122116089,25637,25647,10
13.047419548,80.2122421265,25647,25657,10
13.046380043,80.2122879028,25657,25667,10
13.0452699661,80.2123565674,25667,25677,10
13.0445604324,80.2124328613,25677,25738,61
13.0445604324,80.2124328613,25738,25748,10
13.044260025,80.2125015259,25748,25758,10
13.0439300537,80.2124710083,25758,25768,10
13.0432395935,80.2124328613,25768,25778,10
13.0423402786,80.2123794556,25778,25788,10
13.0412597656,80.2123794556,25788,25798,10
13.040189743,80.2124099731,25798,25809,11
13.0390701294,80.2124023438,25809,25819,10
13.0375699997,80.2123794556,25819,25879,60
13.0375699997,80.2123794556,25879,25889,10
13.0373096466,80.2122268677,25889,25899,10
13.0368499756,80.2122573853,25899,25909,10
13.0361404419,80.2122802734,25909,25920,11
13.0351896286,80.2122573853,25920,25930,10
13.0344200134,80.2121429443,25930,25940,10
13.0340795517,80.2121124268,25940,25950,10
13.0340499878,80.212097168,25950,25960,10
13.0338697433,80.2120819092,25960,25970,10
13.0335798264,80.2120513916,25970,25980,10
13.0333204269,80.2119979858,25980,25990,10
13.0329704285,80.2119293213,25990,26000,10
13.032500267,80.2118530273,26000,26009,9
13.0319795609,80.2117004395,26009,26021,12
13.0320196152,80.210899353,26021,26031,10
13.0321102142,80.2101135254,26031,26041,10
13.0318899155,80.209602356,26041,26051,10
13.0313196182,80.2094192505,26051,26061,10
13.0309200287,80.2092971802,26061,26071,10
13.030500412,80.2091827393,26071,26081,10
13.0300197601,80.209022522,26081,26091,10
13.0293703079,80.2088317871,26091,26101,10
13.0285301208,80.2086486816,26101,26111,10
13.0282297134,80.2085571289,26111,26122,11
13.0279197693,80.208442688,26122,26132,10
13.0274600983,80.2082214355,26132,26142,10
13.0268096924,80.2078323364,26142,26152,10
13.0259799957,80.2073364258,26152,26162,10
13.0249795914,80.2070236206,26162,26172,10
13.0241603851,80.2068862915,26172,26182,10
13.0232095718,80.2066574097,26182,26192,10
13.0221796036,80.2064971924,26192,26202,10
13.0212697983,80.2064285278,26202,26212,10
13.020359993,80.206489563,26212,26222,10
13.0190200806,80.2063369751,26222,26243,21
13.0190200806,80.2063369751,26243,26253,10
13.0185899734,80.2062072754,26253,26263,10
13.017950058,80.2060089111,26263,26273,10
13.0174102783,80.2057723999,26273,26283,10
13.0170001984,80.2055435181,26283,26293,10
13.0164003372,80.2052764893,26293,26303,10
13.0153799057,80.2050018311,26303,26313,10
13.0144395828,80.2046890259,26313,26323,10
13.014169693,80.2045822144,26323,26334,11
13.0139703751,80.2045211792,26334,26344,10
13.0136203766,80.204536438,26344,26354,10
13.0135097504,80.2048873901,26354,26364,10
13.0133199692,80.2054977417,26364,26374,10
13.0130901337,80.2062683105,26374,26384,10
13.0129899979,80.2072372437,26384,26394,10
13.0129203796,80.2078094482,26394,26404,10
13.0128898621,80.2082366943,26404,26414,10
13.0129098892,80.2086029053,26414,26424,10
13.0129499435,80.2089996338,26424,26434,10
13.0132102966,80.2095489502,26434,26445,11
13.0131998062,80.2102127075,26445,26455,10
13.0130395889,80.2108917236,26455,26465,10
13.0126800537,80.2116012573,26465,26475,10
13.0122404099,80.2123184204,26475,26485,10
13.0118904114,80.2127990723,26485,26495,10
13.0117197037,80.2127838135,26495,26505,10
13.0114803314,80.2125930786,26505,26515,10
13.0109596252,80.2121963501,26515,26525,10
13.0104103088,80.2117614746,26525,26535,10
13.0098896027,80.2113418579,26535,26544,9
13.0095596313,80.2110900879,26544,26586,42
13.0095596313,80.2110900879,26586,26596,10
13.0092496872,80.2111663818,26596,26606,10
13.0090398788,80.2115020752,26606,26616,10
13.0091495514,80.2119827271,26616,26626,10
13.0093603134,80.2126617432,26626,26636,10
13.0096197128,80.2133407593,26636,26646,10
13.0098896027,80.2139816284,26646,26657,11
13.010140419,80.2146835327,26657,26667,10
13.0102500916,80.2154693604,26667,26677,10
13.0105199814,80.2162399292,26677,26687,10
13.0108995438,80.2170715332,26687,26697,10
13.0112895966,80.2179489136,26697,26707,10
13.011639595,80.2189331055,26707,26717,10
13.0119695663,80.2199478149,26717,26727,10
13.0122804642,80.2208480835,26727,26737,10
13.0126399994,80.2215576172,26737,26747,10
13.0130796432,80.2221908569,26747,26758,11
13.0136499405,80.222869873,26758,26768,10
13.0141296387,80.223487854,26768,26778,10
13.0144796371,80.2238693237,26778,26788,10
13.0149202347,80.2244567871,26788,26798,10
13.015250206,80.2248535156,26798,26808,10
13.0154895782,80.225227356,26808,26818,10
13.0154304504,80.2255935669,26818,26828,10
13.0150499344,80.2259216309,26828,26838,10
13.0144195557,80.2261962891,26838,26848,10
13.0135803223,80.2265396118,26848,26858,10
13.0126895905,80.226890564,26858,26869,11
13.0116901398,80.2272720337,26869,26879,10
13.0106897354,80.2276611328,26879,26889,10
13.0098400116,80.2279663086,26889,26899,10
13.0095996857,80.2274932861,26899,26909,10
13.0098800659,80.2268829346,26909,26918,9
13.0101804733,80.2261505127,26918,26929,11
13.0105800629,80.2252120972,26929,26939,10
13.0109701157,80.2242736816,26939,26949,10
13.0112895966,80.2233581543,26949,26959,10
13.010840416,80.2229614258,26959,26969,10
13.0101299286,80.2226104736,26969,26980,11
13.0093402863,80.2221908569,26980,26990,10
13.0091495514,80.2220687866,26990,27000,10
13.0090303421,80.2219924927,27000,27010,10
13.0085802078,80.2217636108,27010,27020,10
13.0078802109,80.2213821411,27020,27030,10
13.0070800781,80.2209472656,27030,27040,10
13.0063199997,80.2206420898,27040,27050,10
13.0055799484,80.2204666138,27050,27060,10
13.00481987,80.2202987671,27060,27070,10
13.0040502548,80.2201004028,27070,27081,11
13.0031995773,80.2198867798,27081,27091,10
13.0024003983,80.2194137573,27091,27101,10
13.0017795563,80.2187576294,27101,27111,10
13.0010204315,80.2181777954,27111,27121,10
13.0003499985,80.2177505493,27121,27131,10
12.99958992,80.2173080444,27131,27141,10
12.998749733,80.2168731689,27141,27151,10
12.9978303909,80.2165603638,27151,27161,10
12.9974098206,80.2165374756,27161,27171,10
12.9972000122,80.2165527344,27171,27181,10
12.9966602325,80.216583252,27181,27192,11
12.9958496094,80.2167282104,27192,27202,10
12.9951000214,80.2170715332,27202,27212,10
12.9944801331,80.2175064087,27212,27222,10
12.9940004349,80.2178573608,27222,27232,10
12.993470192,80.2182235718,27232,27242,10
12.9928798676,80.2186431885,27242,27252,10
12.9921703339,80.2191390991,27252,27262,10
12.9915399551,80.2195968628,27262,27272,10
12.9912996292,80.2195892334,27272,27282,10
12.991060257,80.2194900513,27282,27293,11
12.9907598495,80.219367981,27293,27303,10
12.9900999069,80.2191314697,27303,27313,10
12.9892301559,80.2188186646,27313,27323,10
12.9882497787,80.2185134888,27323,27333,10
12.9872999191,80.2183380127,27333,27343,10
12.9868497849,80.2182693481,27343,27353,10
12.9866600037,80.2182235718,27353,27363,10
12.9861698151,80.2180862427,27363,27373,10
12.9852895737,80.2179718018,27373,27383,10
12.9842996597,80.2180023193,27383,27393,10
12.9839696884,80.2180328369,27393,27404,11
12.9836702347,80.2180404663,27404,27414,10
12.9830503464,80.2180099487,27414,27424,10
12.9822597504,80.2180099487,27424,27434,10
12.9813699722,80.2180862427,27434,27444,10
12.9806404114,80.2183227539,27444,27454,10
12.9799900055,80.2185821533,27454,27464,10
12.9793596268,80.2188415527,27464,27474,10
12.9788198471,80.2190628052,27474,27484,10
12.9784202576,80.2192230225,27484,27493,9
12.977809906,80.2194824219,27493,27505,12
12.976770401,80.2199172974,27505,27515,10
12.9760503769,80.2202529907,27515,27525,10
12.9758300781,80.2203216553,27525,27535,10
12.9756498337,80.2204284668,27535,27545,10
12.9756202698,80.2207717896,27545,27555,10
12.9759502411,80.2210388184,27555,28110,555
12.9761295319,80.2211227417,28110,28262,152
12.9760198593,80.2211532593,28262,28766,504
12.9760198593,80.2211532593,28766,28777,11
12.9764099121,80.2212371826,28777,28787,10
12.9765996933,80.2212371826,28787,28797,10
12.9768600464,80.2212600708,28797,28807,10
12.9773797989,80.2212371826,28807,28817,10
12.9778203964,80.2212219238,28817,28827,10
12.9783496857,80.221206665,28827,28837,10
12.9790296555,80.2211380005,28837,28847,10
12.9797000885,80.2210998535,28847,28857,10
12.9804000854,80.2210617065,28857,28867,10
12.9810800552,80.2210693359,28867,28877,10
12.9817199707,80.2213973999,28877,28888,11
12.9824495316,80.2217712402,28888,28898,10
12.9830102921,80.2219390869,28898,28908,10
12.9830198288,80.2219696045,28908,28918,10
12.9831695557,80.2220993042,28918,28928,10
12.983499527,80.2223587036,28928,28938,10
12.9840698242,80.2226409912,28938,28948,10
12.9846696854,80.2230300903,28948,28958,10
12.9853401184,80.2232971191,28958,28968,10
12.9857797623,80.2229919434,28968,28978,10
12.9863901138,80.2229385376,28978,28988,10
12.9865598679,80.2229385376,28988,28999,11
12.986869812,80.2229690552,28999,29009,10
12.987159729,80.2230300903,29009,29019,10
12.9875802994,80.2230606079,29019,29029,10
12.9880399704,80.2227630615,29029,29039,10
12.9886703491,80.2222976685,29039,29049,10
12.9891500473,80.2217102051,29049,29059,10
12.9897203445,80.2209625244,29059,29069,10
12.9903402328,80.220451355,29069,29079,10
12.9904203415,80.2203979492,29079,29089,10
12.9906997681,80.220199585,29089,29099,10
12.9911403656,80.219833374,29099,29110,11
12.9917697906,80.2193374634,29110,29120,10
12.9924001694,80.2189102173,29120,29130,10
12.9931297302,80.2183990479,29130,29140,10
12.9938802719,80.217880249,29140,29150,10
12.9944696426,80.2174377441,29150,29160,10
12.9949798584,80.217048645,29160,29170,10
12.99559021,80.2167282104,29170,29180,10
12.9962396622,80.216583252,29180,29190,10
12.9968595505,80.216506958,29190,29200,10
12.9973096848,80.2163619995,29200,29210,10
12.9975795746,80.2161331177,29210,29221,11
12.9975996017,80.2161026001,29221,29231,10
12.9977197647,80.2159881592,29231,29241,10
12.9979600906,80.2157363892,29241,29251,10
12.9984197617,80.2153167725,29251,29261,10
12.9989299774,80.2148895264,29261,29271,10
12.9992303848,80.2146606445,29271,29281,10
12.9996099472,80.2143478394,29281,29291,10
13.0,80.214050293,29291,29301,10
13.0004501343,80.2136306763,29301,29311,10
13.0010204315,80.2131118774,29311,29322,11
13.0017404556,80.212562561,29322,29332,10
13.0024795532,80.2121505737,29332,29342,10
13.0029802322,80.212097168,29342,29352,10
13.0035200119,80.2120513916,29352,29362,10
13.0036401749,80.2119598389,29362,29372,10
13.0037202835,80.211807251,29372,29382,10
13.0037002563,80.2113113403,29382,29392,10
13.0036296844,80.2106628418,29392,29402,10
13.0035495758,80.2100372314,29402,29412,10
13.0035495758,80.2093963623,29412,29421,9
13.0036897659,80.2088012695,29421,29433,12
13.0045204163,80.2088470459,29433,29443,10
13.005399704,80.2092514038,29443,29453,10
13.0063695908,80.2095794678,29453,29463,10
13.0074396133,80.2098464966,29463,29483,20
13.0074396133,80.2098464966,29483,29493,10
13.0075597763,80.2099075317,29493,29503,10
13.0078201294,80.2099304199,29503,29513,10
13.008099556,80.2100067139,29513,29523,10
13.0081501007,80.2096633911,29523,29534,11
13.0079698563,80.2089691162,29534,29544,10
13.0078697205,80.2082366943,29544,29554,10
13.0077400208,80.2074432373,29554,29564,10
13.0076198578,80.2066192627,29564,29574,10
13.007519722,80.2057418823,29574,29584,10
13.007519722,80.2049865723,29584,29594,10
13.0075101852,80.2043380737,29594,29604,10
13.0074396133,80.2036437988,29604,29614,10
13.0072498322,80.2027130127,29614,29624,10
13.0066003799,80.2027511597,29624,29634,10
13.006770134,80.2033309937,29634,29645,11
13.0074300766,80.2036590576,29645,29655,10
13.0081996918,80.2037200928,29655,29665,10
13.0092201233,80.2036590576,29665,29675,10
13.0104103088,80.2036132813,29675,29685,10
13.0116901398,80.2037200928,29685,29695,10
13.0128297806,80.203918457,29695,29705,10
13.0135602951,80.2041397095,29705,29715,10
13.0143995285,80.2044219971,29715,29725,10
13.0150499344,80.2046585083,29725,29735,10
13.0150899887,80.2046813965,29735,29745,10
13.0152196884,80.2046737671,29745,29756,11
13.015709877,80.2047576904,29756,29766,10
13.0163097382,80.2050704956,29766,29776,10
13.0169296265,80.2051773071,29776,29786,10
13.0178003311,80.205619812,29786,29796,10
13.0185699463,80.205909729,29796,29806,10
13.0187101364,80.205947876,29806,29816,10
13.0188302994,80.2060012817,29816,29826,10
13.0192499161,80.2061233521,29826,29836,10
13.0199203491,80.2062225342,29836,29846,10
13.0207195282,80.2062835693,29846,29857,11
13.0217695236,80.2063293457,29857,29867,10
13.0228204727,80.2064819336,29867,29877,10
13.0238304138,80.2066116333,29877,29887,10
13.024430275,80.2066879272,29887,29897,10
13.0244398117,80.206703186,29897,29907,10
13.0246601105,80.2067489624,29907,29917,10
13.0252399445,80.2069320679,29917,29927,10
13.0260400772,80.20728302,29927,29937,10
13.0268201828,80.2077407837,29937,29947,10
13.0277004242,80.2082824707,29947,29957,10
13.0287704468,80.2086486816,29957,29967,10
13.0301399231,80.2089767456,29967,29998,31
13.0301399231,80.2089767456,29998,30008,10
13.030380249,80.2090606689,30008,30018,10
13.0309200287,80.2092132568,30018,30028,10
13.0316295624,80.2094116211,30028,30048,20
13.0316295624,80.2094116211,30048,30058,10
13.0319004059,80.2094726563,30058,30069,11
13.0324602127,80.2095870972,30069,30079,10
13.033200264,80.2097320557,30079,30089,10
13.0340299606,80.2099227905,30089,30099,10
13.034740448,80.2100830078,30099,30109,10
13.0350799561,80.2103271484,30109,30119,10
13.0350103378,80.210609436,30119,30129,10
13.035030365,80.2112197876,30129,30159,30
13.035030365,80.2112197876,30159,30169,10
13.0349798203,80.2114181519,30169,30180,11
13.034910202,80.2119522095,30180,30190,10
13.0353803635,80.2121963501,30190,30200,10
13.0360803604,80.2122573853,30200,30210,10
13.03647995,80.2122879028,30210,30220,10
13.0367002487,80.2122802734,30220,30230,10
13.0370197296,80.2122497559,30230,30240,10
13.0374803543,80.2122497559,30240,30250,10
13.038189888,80.2121963501,30250,30260,10
13.0390195847,80.2122192383,30260,30270,10
13.0399599075,80.2122421265,30270,30280,10
13.0410404205,80.2122421265,30280,30291,11
13.0423297882,80.2122573853,30291,30301,10
13.043510437,80.2122573853,30301,30311,10
13.0441799164,80.2122497559,30311,30412,101
13.0441799164,80.2122497559,30412,30422,10
13.044380188,80.212310791,30422,30432,10
13.0447998047,80.2122573853,30432,30442,10
13.0453996658,80.2122421265,30442,30452,10
13.0461301804,80.2122192383,30452,30462,10
13.0470199585,80.2121887207,30462,30472,10
13.0482397079,80.212059021,30472,30491,19
13.0482397079,80.212059021,30491,30503,12
13.0483903885,80.2120437622,30503,30513,10
13.048620224,80.2120437622,30513,30523,10
13.0490598679,80.2119827271,30523,30553,30
13.0490598679,80.2119827271,30553,30563,10
13.0493898392,80.2119598389,30563,30573,10
13.0497503281,80.2119369507,30573,30583,10
13.0499601364,80.2119064331,30583,30593,10
13.0503101349,80.2119598389,30593,30604,11
13.0507097244,80.2120285034,30604,30614,10
13.0512399673,80.212059021,30614,30624,10
13.0520296097,80.2119827271,30624,30634,10
13.0528402328,80.2118225098,30634,30644,10
13.0537004471,80.2115783691,30644,30654,10
13.0544204712,80.2114334106,30654,30664,10
13.0550203323,80.2114181519,30664,30674,10
13.0558300018,80.2114715576,30674,30684,10
13.0567798615,80.2114334106,30684,30694,10
13.0574302673,80.2113723755,30694,30704,10
13.0574798584,80.2113494873,30704,30715,11
13.0575799942,80.2113189697,30715,30725,10
13.057970047,80.2113800049,30725,30735,10
13.0585899353,80.21144104,30735,30745,10
13.0593004227,80.211479187,30745,30755,10
13.0601301193,80.2115402222,30755,30765,10
13.0610103607,80.2115783691,30765,30775,10
13.0614995956,80.2115783691,30775,30785,10
13.0618000031,80.2115631104,30785,30795,10
13.0627698898,80.2115783691,30795,30816,21
13.0627698898,80.2115783691,30816,30826,10
13.0630502701,80.2115402222,30826,30836,10
13.0631799698,80.2115325928,30836,30846,10
13.0635700226,80.2115020752,30846,30856,10
13.0641498566,80.2114562988,30856,30866,10
13.0648603439,80.21118927,30866,30876,10
13.0655899048,80.2106628418,30876,30886,10
13.0663795471,80.2099761963,30886,30896,10
13.0671100616,80.2091903687,30896,30906,10
13.0673904419,80.2087631226,30906,30916,10
13.0675697327,80.2084884644,30916,30927,11
13.0679397583,80.2078933716,30927,30937,10
13.068400383,80.2072067261,30937,30947,10
13.0689096451,80.2063903809,30947,30957,10
13.069319725,80.2057113647,30957,30967,10
13.0695896149,80.2052001953,30967,30977,10
13.0697002411,80.2049713135,30977,30987,10
13.0693798065,80.2048187256,30987,30997,10
13.0691604614,80.2052536011,30997,31007,10
13.0688495636,80.2052764893,31007,31017,10
13.0687904358,80.2051010132,31017,31068,51
13.0687904358,80.2051010132,31068,31078,10
13.0687799454,80.2049484253,31078,31088,10
13.0689201355,80.2047424316,31088,31128,40
13.0689201355,80.2047424316,31128,31139,11
13.0692396164,80.2047119141,31139,31149,10
13.0695104599,80.204750061,31149,31159,10
13.0698003769,80.2048416138,31159,31169,10
13.0701704025,80.2044906616,31169,31179,10
13.0706396103,80.2039108276,31179,31189,10
13.0712003708,80.2032394409,31189,31199,10
13.0716695786,80.2027130127,31199,31209,10
13.0717401505,80.20262146,31209,31219,10
13.0718898773,80.2024307251,31219,31229,10
13.0721302032,80.2021408081,31229,31239,10
13.0723800659,80.2018890381,31239,31250,11
13.0725803375,80.2015991211,31250,31260,10
13.0726099014,80.2015609741,31260,31270,10
13.0727796555,80.2013702393,31270,31280,10
13.0729598999,80.2011489868,31280,31290,10
13.0731496811,80.2009277344,31290,31300,10
13.0733203888,80.2007064819,31300,31310,10
13.0734195709,80.2005691528,31310,31320,10
13.0734996796,80.2004776001,31320,31330,10
13.0736703873,80.2002716064,31330,31340,10
13.0739498138,80.1999511719,31340,31350,10
13.0741996765,80.1996917725,31350,31361,11
13.0744104385,80.199508667,31361,31371,10
13.0746097565,80.1993103027,31371,31381,10
13.0747203827,80.1992263794,31381,31391,10
13.0748796463,80.1991424561,31391,31401,10
13.0753602982,80.1990432739,31401,31411,10
13.0760297775,80.1990280151,31411,31421,10
13.0768404007,80.1989974976,31421,31431,10
13.077750206,80.1988983154,31431,31441,10
13.0787401199,80.1987686157,31441,31451,10
13.0795001984,80.1987075806,31451,31462,11
13.080160141,80.198638916,31462,31472,10
13.0807800293,80.1985778809,31472,31482,10
13.0813999176,80.1985626221,31482,31492,10
13.0823898315,80.1984786987,31492,31512,20
13.0823898315,80.1984786987,31512,31522,10
13.0825099945,80.1984481812,31522,31532,10
13.0827102661,80.1984710693,31532,31542,10
13.0830402374,80.1985015869,31542,31552,10
13.0833702087,80.1984786987,31552,31562,10
13.0835895538,80.1984405518,31562,31573,11
13.0838804245,80.1984481812,31573,31583,10
13.0843296051,80.1984634399,31583,31593,10
13.0849103928,80.1984634399,31593,31603,10
13.0853004456,80.1984405518,31603,31613,10
13.0856199265,80.1984329224,31613,31623,10
13.0860500336,80.198387146,31623,31633,10
13.0866098404,80.1983795166,31633,31643,10
13.0869598389,80.1983795166,31643,31653,10
13.087100029,80.1981735229,31653,31663,10
13.0871095657,80.1980209351,31663,31674,11
13.0871400833,80.197807312,31674,31684,10
13.0871801376,80.1973114014,31684,31694,10
13.0872001648,80.1965789795,31694,31704,10
13.087220192,80.1958465576,31704,31714,10
13.0872297287,80.1953430176,31714,31724,10
13.0872602463,80.1947174072,31724,31734,10
13.087269783,80.1940307617,31734,31744,10
13.087269783,80.1934814453,31744,31754,10
13.087269783,80.1933517456,31754,31764,10
13.0872802734,80.1931610107,31764,31774,10
13.0873003006,80.192817688,31774,31785,11
13.0873699188,80.1923904419,31785,31795,10
13.0874500275,80.1918334961,31795,31805,10
13.0875396729,80.1911087036,31805,31815,10
13.0876398087,80.190246582,31815,31825,10
13.0877504349,80.1893768311,31825,31835,10
13.0877399445,80.189239502,31835,31845,10
13.0877399445,80.1891098022,31845,31855,10
13.0877504349,80.1886825562,31855,31884,29
13.0877504349,80.1886825562,31884,31896,12
13.0877599716,80.1884689331,31896,31906,10
13.0878000259,80.1880187988,31906,31916,10
13.0878400803,80.1874694824,31916,31926,10
13.0878801346,80.1867904663,31926,31936,10
13.0879201889,80.1860275269,31936,31946,10
13.0879402161,80.1855010986,31946,31956,10
13.08796978,80.1848068237,31956,31966,10
13.0880298615,80.1829833984,31966,31976,10
13.0880298615,80.1829833984,31976,31986,10
13.0880498886,80.1822280884,31986,31995,9
13.0881204605,80.1796112061,31995,32096,101
13.0881204605,80.1796112061,32096,32107,11
13.0881299973,80.1791305542,32107,32117,10
13.0881204605,80.1789016724,32117,32127,10
13.0881299973,80.1786422729,32127,32137,10
13.088139534,80.1781082153,32137,32147,10
13.0881700516,80.1774673462,32147,32157,10
13.0881996155,80.1768035889,32157,32167,10
13.0882501602,80.1760406494,32167,32177,10
13.0883102417,80.1751403809,32177,32187,10
13.0883598328,80.1744537354,32187,32197,10
13.0884504318,80.1737365723,32197,32207,10
13.0884895325,80.1728973389,32207,32218,11
13.0885095596,80.1721420288,32218,32228,10
13.08852005,80.1719207764,32228,32238,10
13.0885295868,80.1718063354,32238,32248,10
13.0885601044,80.1714172363,32248,32268,20
13.0885601044,80.1714172363,32268,32278,10
13.0885801315,80.1711883545,32278,32288,10
13.0886201859,80.1707611084,32288,32298,10
13.0886898041,80.1700363159,32298,32308,10
13.0888795853,80.1694412231,32308,32319,11
13.0895204544,80.1695175171,32319,32329,10
13.090259552,80.169593811,32329,32339,10
13.091170311,80.1696472168,32339,32349,10
13.092089653,80.1697006226,32349,32359,10
13.093170166,80.1697921753,32359,32369,10
13.0941400528,80.1698532104,32369,32379,10
13.0945396423,80.1698684692,32379,32389,10
13.0947504044,80.169883728,32389,32430,41
13.0947504044,80.169883728,32430,32440,10
13.0950202942,80.1699066162,32440,32450,10
13.0954399109,80.1699523926,32450,32460,10
13.096159935,80.1699676514,32460,32470,10
13.0971002579,80.1700210571,32470,32480,10
13.098110199,80.1700820923,32480,32490,10
13.099439621,80.1701126099,32490,32541,51
13.0997200012,80.1699371338,32541,32561,20
13.0997200012,80.1699371338,32561,32571,10
13.0996799469,80.1696777344,32571,32581,10
13.0994701385,80.169670105,32581,32591,10
13.0993700027,80.1699981689,32591,32874,283
13.0993700027,80.1699981689,32874,32884,10
13.0990200043,80.1701965332,32884,32894,10
13.0986795425,80.1701965332,32894,32904,10
13.0981397629,80.170173645,32904,32914,10
13.0974798203,80.1701202393,32914,32924,10
13.0966701508,80.1700592041,32924,32934,10
13.0958099365,80.1700210571,32934,32944,10
13.0950803757,80.1700134277,32944,32954,10
13.0947599411,80.169921875,32954,32965,11
13.0944099426,80.1698532104,32965,32975,10
13.0938796997,80.1698226929,32975,32985,10
13.0931396484,80.1697998047,32985,32995,10
13.0921602249,80.1697692871,32995,33005,10
13.0912303925,80.1696777344,33005,33015,10
13.0903701782,80.169631958,33015,33025,10
13.0895700455,80.1696014404,33025,33035,10
13.0887804031,80.1696090698,33035,33045,10
13.0886898041,80.1701431274,33045,33055,10
13.0886497498,80.1708984375,33055,33065,10
13.0886201859,80.1716690063,33065,33076,11
13.0886001587,80.1719284058,33076,33086,10
13.0885696411,80.1722106934,33086,33096,10
13.088549614,80.1728210449,33096,33106,10
13.0884895325,80.173576355,33106,33116,10
13.0884599686,80.1745223999,33116,33136,20
13.0884599686,80.1745223999,33136,33146,10
13.0884895325,80.174659729,33146,33156,10
13.0884199142,80.1750717163,33156,33166,10
13.0883598328,80.1757965088,33166,33177,11
13.0883102417,80.1768112183,33177,33187,10
13.0882701874,80.1775436401,33187,33197,10
13.0882501602,80.1782531738,33197,33207,10
13.0882797241,80.1785583496,33207,33217,10
13.0882797241,80.1785736084,33217,33227,10
13.0882701874,80.1789779663,33227,33237,10
13.0882396698,80.1796875,33237,33247,10
13.0882101059,80.1806030273,33247,33257,10
13.0881900787,80.1816864014,33257,33267,10
13.088139534,80.1825866699,33267,33276,9
13.0881004333,80.18334198,33276,33287,11
13.0880498886,80.1842498779,33287,33298,11
13.0880203247,80.185043335,33298,33308,10
13.0880203247,80.1851196289,33308,33318,10
13.0879802704,80.1855392456,33318,33328,10
13.0879402161,80.1863021851,33328,33338,10
13.0879201889,80.187210083,33338,33348,10
13.0879497528,80.1878433228,33348,33368,20
13.0879497528,80.1878433228,33368,33378,10
13.0879402161,80.1879425049,33378,33388,10
13.0879201889,80.1883621216,33388,33399,11
13.087849617,80.1891479492,33399,33409,10
13.0878095627,80.1896591187,33409,33449,40
13.0878095627,80.1896591187,33449,33459,10
13.087770462,80.189956665,33459,33469,10
13.0877103806,80.1905212402,33469,33479,10
13.087679863,80.1908721924,33479,33489,10
13.0876502991,80.1910400391,33489,33499,10
13.0875997543,80.1914978027,33499,33510,11
13.0874996185,80.1921386719,33510,33520,10
13.0874300003,80.1928405762,33520,33530,10
13.0874099731,80.1934814453,33530,33540,10
13.0873804092,80.1942367554,33540,33550,10
13.0873603821,80.1949996948,33550,33560,10
13.0873699188,80.1955108643,33560,33570,10
13.0873498917,80.1961364746,33570,33580,10
13.0873298645,80.1968917847,33580,33590,10
13.0873003006,80.1974411011,33590,33600,10
13.0873003006,80.1974563599,33600,33611,11
13.0872898102,80.1976013184,33611,33621,10
13.0873003006,80.1980819702,33621,33631,10
13.0874099731,80.1984634399,33631,33641,10
13.0876598358,80.1984405518,33641,33651,10
13.0882196426,80.1984100342,33651,33661,10
13.0888795853,80.1984176636,33661,33671,10
13.0895700455,80.1984405518,33671,33681,10
13.0903501511,80.1985168457,33681,33691,10
13.0911598206,80.1985931396,33691,33701,10
13.0919704437,80.1986465454,33701,33711,10
13.0927200317,80.1986465454,33711,33722,11
13.0930404663,80.1987991333,33722,33732,10
13.093000412,80.199256897,33732,33742,10
13.0929899216,80.1999588013,33742,33752,10
13.0929298401,80.2002868652,33752,33762,10
13.0929298401,80.2004089355,33762,33772,10
13.0929298401,80.2005462646,33772,33782,10
13.0927400589,80.200592041,33782,33792,10
13.0927200317,80.2005996704,33792,33802,10
13.0922803879,80.2005996704,33802,33812,10
13.0916595459,80.2005767822,33812,33823,11
13.0907001495,80.2005386353,33823,33833,10
13.0897302628,80.2004699707,33833,33843,10
13.0885295868,80.2004165649,33843,33853,10
13.0875396729,80.2004089355,33853,33863,10
13.0871801376,80.2004165649,33863,33873,10
13.0871200562,80.2004318237,33873,33883,10
13.0868902206,80.2003936768,33883,33893,10
13.0864095688,80.2003631592,33893,33903,10
13.0860204697,80.2003631592,33903,33913,10
13.0859699249,80.2003631592,33913,33923,10
13.0857095718,80.2003479004,33923,33934,11
13.0855903625,80.200340271,33934,33944,10
13.0853996277,80.2003173828,33944,33954,10
13.0853099823,80.2000427246,33954,33964,10
13.0853300095,80.1994934082,33964,33974,10
13.0853395462,80.1987762451,33974,33984,10
13.0851402283,80.1986923218,33984,33994,10
13.0847997665,80.198677063,33994,34004,10
13.0843696594,80.1986618042,34004,34014,10
13.0842599869,80.1986618042,34014,34024,10
13.08411026,80.1986312866,34024,34033,9
13.083729744,80.198638916,34033,34045,12
13.0831098557,80.1986312866,34045,34085,40
13.0831098557,80.1986312866,34085,34095,10
13.0828399658,80.198638916,34095,34105,10
13.0823402405,80.1986312866,34105,34115,10
13.081580162,80.1986236572,34115,34125,10
13.0807304382,80.1986312866,34125,34135,10
13.0798196793,80.1987075806,34135,34146,11
13.0787696838,80.1988067627,34146,34156,10
13.0778198242,80.1989364624,34156,34166,10
13.0767803192,80.1990737915,34166,34176,10
13.0756702423,80.1991882324,34176,34186,10
13.0746002197,80.1995773315,34186,34196,10
13.0738801956,80.2002334595,34196,34206,10
13.0736598969,80.2005615234,34206,34216,10
13.0736398697,80.2006225586,34216,34226,10
13.0734100342,80.2008972168,34226,34236,10
13.0729598999,80.2014389038,34236,34246,10
13.0725097656,80.2019882202,34246,34257,11
13.0719604492,80.2025299072,34257,34267,10
13.0713500977,80.2031784058,34267,34277,10
13.070690155,80.2039794922,34277,34287,10
13.0702295303,80.2046203613,34287,34297,10
13.0700597763,80.204826355,34297,34307,10
13.0698795319,80.2050323486,34307,34317,10
13.0696697235,80.2049102783,34317,34327,10
13.0692596436,80.2049331665,34327,34337,10
13.068810463,80.2053833008,34337,34347,10
13.0681200027,80.2054367065,34347,34438,91
13.0680398941,80.2050628662,34438,34519,81
13.0680398941,80.2050628662,34519,34529,10
13.0682296753,80.2049331665,34529,34539,10
13.0684204102,80.2049484253,34539,34549,10
13.0686597824,80.204826355,34549,34559,10
13.0689897537,80.2047271729,34559,34569,10
13.0693902969,80.2047424316,34569,34580,11
13.0696401596,80.2048034668,34580,34590,10
13.0696601868,80.2048034668,34590,34600,10
13.069849968,80.2050018311,34600,34610,10
13.0696601868,80.2054901123,34610,34620,10
13.0692396164,80.2061462402,34620,34630,10
13.0687398911,80.2069473267,34630,34640,10
13.0681800842,80.2078399658,34640,34650,10
13.067779541,80.2084884644,34650,34660,10
13.0677499771,80.2085494995,34660,34670,10
13.0676403046,80.2087173462,34670,34680,10
13.0673503876,80.2091903687,34680,34691,11
13.066860199,80.2098617554,34691,34701,10
13.0661401749,80.2104415894,34701,34711,10
13.0652303696,80.2112426758,34711,34731,20
13.0652303696,80.2112426758,34731,34741,10
13.0649700165,80.2113876343,34741,34751,10
13.0642900467,80.2116165161,34751,34781,30
13.0642900467,80.2116165161,34781,34792,11
13.0641803741,80.2116012573,34792,34802,10
13.0638799667,80.2116699219,34802,34812,10
13.0635099411,80.2117080688,34812,34822,10
13.0629501343,80.2117767334,34822,34832,10
13.0625495911,80.2119369507,34832,34842,10
13.0616903305,80.211730957,34842,34852,10
13.0606002808,80.2116928101,34852,34862,10
13.0595998764,80.2116699219,34862,34872,10
13.0587501526,80.2116622925,34872,34882,10
13.0582199097,80.2116394043,34882,34892,10
13.0577602386,80.2116088867,34892,34903,11
13.0575799942,80.2116012573,34903,34913,10
13.057220459,80.2116012573,34913,34923,10
13.0566301346,80.2116012573,34923,34933,10
13.0558700562,80.2115783691,34933,34943,10
13.0546503067,80.2115783691,34943,34963,20
13.0546503067,80.2115783691,34963,34973,10
13.0545597076,80.2115707397,34973,34983,10
13.0543003082,80.2116088867,34983,34992,9
13.0538301468,80.211730957,34992,35004,12
13.0529203415,80.2119369507,35004,35014,10
13.0520200729,80.2121582031,35014,35024,10
13.0509595871,80.2121276855,35024,35034,10
13.0501098633,80.2121429443,35034,35044,10
13.0495300293,80.2121276855,35044,35064,20
13.0495300293,80.2121276855,35064,35074,10
13.0492601395,80.2121124268,35074,35084,10
13.0488195419,80.2121505737,35084,35094,10
13.0482997894,80.2122116089,35094,35104,10
13.0475702286,80.212272644,35104,35115,11
13.0465402603,80.212310791,35115,35125,10
13.0455303192,80.2123565674,35125,35135,10
13.0446596146,80.2124404907,35135,35145,10
13.0439395905,80.2124404907,35145,35155,10
13.0431003571,80.2124023438,35155,35165,10
13.0422201157,80.212348938,35165,35175,10
13.0411996841,80.2124176025,35175,35185,10
13.0402402878,80.2124176025,35185,35195,10
13.0393896103,80.2124176025,35195,35205,10
13.0386104584,80.2124328613,35205,35215,10
13.0380001068,80.2124404907,35215,35306,91
13.0380001068,80.2124404907,35306,35316,10
13.0375003815,80.2124023438,35316,35327,11
13.036860466,80.212310791,35327,35337,10
13.0361299515,80.2123031616,35337,35347,10
13.0355501175,80.212310791,35347,35357,10
13.0354204178,80.2123184204,35357,35367,10
13.0351495743,80.2122879028,35367,35377,10
13.0348997116,80.2122268677,35377,35387,10
13.0346002579,80.2121429443,35387,35407,20
13.0346002579,80.2121429443,35407,35417,10
13.0345201492,80.2121582031,35417,35427,10
13.0342798233,80.2121200562,35427,35438,11
13.0341300964,80.2120819092,35438,35448,10
13.0340003967,80.212059021,35448,35458,10
13.0336103439,80.212020874,35458,35468,10
13.0329399109,80.2118682861,35468,35478,10
13.0321302414,80.2116928101,35478,35488,10
13.0320901871,80.2109527588,35488,35498,10
13.0321598053,80.2100601196,35498,35508,10
13.0318603516,80.2096099854,35508,35518,10
13.0312299728,80.2094497681,35518,35528,10
13.0311803818,80.2094421387,35528,35539,11
13.0309896469,80.2093887329,35539,35549,10
13.0305204391,80.2092437744,35549,35559,10
13.0302200317,80.2091522217,35559,35569,10
13.0301799774,80.2091293335,35569,35579,10
13.029800415,80.209022522,35579,35589,10
13.0293998718,80.2089080811,35589,35599,10
13.029250145,80.2088699341,35599,35609,10
13.028670311,80.2087020874,35609,35619,10
13.0279197693,80.2084274292,35619,35629,10
13.0271596909,80.2079925537,35629,35639,10
13.0262804031,80.2074279785,35639,35650,11
13.0250902176,80.2070236206,35650,35660,10
13.0245199203,80.2069320679,35660,35670,10
13.024430275,80.2069015503,35670,35680,10
13.0242595673,80.2068405151,35680,35690,10
13.0239295959,80.2067718506,35690,35700,10
13.0234699249,80.2066879272,35700,35710,10
13.0228004456,80.2065963745,35710,35720,10
13.02202034,80.206489563,35720,35730,10
13.0213098526,80.2064590454,35730,35740,10
13.0204496384,80.206451416,35740,35750,10
13.0195198059,80.206413269,35750,35761,11
13.0192804337,80.2063217163,35761,35771,10
13.0191402435,80.2062911987,35771,35781,10
13.0188703537,80.2062301636,35781,35791,10
13.0183897018,80.2060623169,35791,35801,10
13.0179195404,80.205947876,35801,35821,20
13.0179195404,80.205947876,35821,35831,10
13.0176000595,80.2058029175,35831,35841,10
13.0174102783,80.2057037354,35841,35851,10
13.0169095993,80.2055435181,35851,35862,11
13.0162496567,80.2051620483,35862,35872,10
13.0153799057,80.2049179077,35872,35882,10
13.0143899918,80.2045898438,35882,35892,10
13.0136995316,80.2044067383,35892,35902,10
13.0136203766,80.2045898438,35902,35912,10
13.0135803223,80.2047119141,35912,35922,10
13.0134401321,80.2051391602,35922,35932,10
13.0132398605,80.2056808472,35932,35942,10
13.0130796432,80.2063980103,35942,35952,10
13.013010025,80.2072067261,35952,35961,9
13.0129499435,80.2076263428,35961,35973,12
13.0128602982,80.2080383301,35973,35983,10
13.0128698349,80.2084884644,35983,35993,10
13.0128898621,80.2088317871,35993,36003,10
13.0130901337,80.2093582153,36003,36013,10
13.0131597519,80.2098312378,36013,36023,10
13.0131797791,80.2102966309,36023,36033,10
13.0130195618,80.2109832764,36033,36043,10
13.0126399994,80.2116699219,36043,36053,10
13.0121898651,80.2124099731,36053,36063,10
13.0119199753,80.2127609253,36063,36074,11
13.0117197037,80.2127075195,36074,36084,10
13.0113897324,80.2124633789,36084,36094,10
13.0108699799,80.2120819092,36094,36104,10
13.0105895996,80.2118377686,36104,36114,10
13.0102701187,80.2115707397,36114,36154,40
13.0102701187,80.2115707397,36154,36164,10
13.0099601746,80.2113189697,36164,36215,51
13.00963974,80.211151123,36215,36296,81
13.0093603134,80.2109069824,36296,36336,40
13.0093603134,80.2109069824,36336,36346,10
13.0092601776,80.2110900879,36346,36356,10
13.0091199875,80.2113265991,36356,36376,20
13.0091199875,80.2113265991,36376,36386,10
13.0090503693,80.2116317749,36386,36396,10
13.009180069,80.2121124268,36396,36417,21
13.009180069,80.2121124268,36417,36427,10
13.0093097687,80.2125015259,36427,36437,10
13.0094900131,80.2129669189,36437,36447,10
13.0096797943,80.2134628296,36447,36457,10
13.0099401474,80.2140808105,36457,36467,10
13.0101604462,80.2147598267,36467,36477,10
13.0102701187,80.2155990601,36477,36487,10
13.0106201172,80.2164611816,36487,36496,9
13.01101017,80.2172622681,36496,36508,12
13.0114402771,80.2183532715,36508,36518,10
13.0118198395,80.219367981,36518,36528,10
13.0121603012,80.2203903198,36528,36538,10
13.012430191,80.2211227417,36538,36548,10
13.0124597549,80.2213134766,36548,36558,10
13.0125999451,80.2215805054,36558,36568,10
13.0128002167,80.221862793,36568,36578,10
13.0131502151,80.2222518921,36578,36588,10
13.0135297775,80.2227478027,36588,36598,10
13.0139198303,80.2232208252,36598,36608,10
13.0141201019,80.2235794067,36608,36619,11
13.0144300461,80.2239227295,36619,36629,10
13.0149002075,80.2245025635,36629,36639,10
13.0149803162,80.2245635986,36639,36649,10
13.0152101517,80.2248077393,36649,36659,10
13.0154600143,80.2252426147,36659,36669,10
13.0153198242,80.225769043,36669,36679,10
13.0150203705,80.2259216309,36679,36689,10
13.0147304535,80.2260513306,36689,36699,10
13.0142402649,80.2262420654,36699,36709,10
13.0135602951,80.2265014648,36709,36719,10
13.0127496719,80.2268295288,36719,36730,11
13.011759758,80.2272186279,36730,36740,10
13.0107603073,80.2276077271,36740,36750,10
13.009759903,80.2279281616,36750,36760,10
13.0096197128,80.2273483276,36760,36770,10
13.0099897385,80.226600647,36770,36780,10
13.010310173,80.2257232666,36780,36790,10
13.010720253,80.224822998,36790,36800,10
13.0110301971,80.2241363525,36800,36810,10
13.0112895966,80.2234115601,36810,36819,9
13.0111198425,80.2230606079,36819,36831,12
13.0105304718,80.2228164673,36831,36841,10
13.0100402832,80.2225494385,36841,36851,10
13.0095100403,80.2222518921,36851,36861,10
13.0089502335,80.2219314575,36861,36871,10
13.0083599091,80.2216110229,36871,36881,10
13.007519722,80.2211990356,36881,36891,10
13.0068702698,80.2208709717,36891,36901,10
13.0061302185,80.2205581665,36901,36911,10
13.0053100586,80.2203598022,36911,36921,10
13.0046100616,80.220161438,36921,36931,10
13.0039596558,80.2200012207,36931,36942,11
13.0031795502,80.219833374,36942,36952,10
13.0024795532,80.2194366455,36952,36962,10
13.0018997192,80.2188262939,36962,36972,10
13.001159668,80.21824646,36972,36982,10
13.0004501343,80.2177734375,36982,36992,10
12.9996404648,80.2172698975,36992,37002,10
12.9986495972,80.216796875,37002,37012,10
12.9977998734,80.2165374756,37012,37022,10
12.9975700378,80.216506958,37022,37032,10
12.9973497391,80.2164764404,37032,37043,11
12.9969902039,80.216468811,37043,37053,10
12.9965696335,80.2164764404,37053,37063,10
12.9959001541,80.2166213989,37063,37072,9
12.9952201843,80.2169418335,37072,37083,11
12.9950199127,80.217086792,37083,37093,10
12.9947299957,80.2172775269,37093,37103,10
12.9942398071,80.2176437378,37103,37113,10
12.9935903549,80.2181167603,37113,37123,10
12.9928398132,80.2186737061,37123,37133,10
12.9919900894,80.2192687988,37133,37143,10
12.9913396835,80.2195663452,37143,37154,11
12.9910202026,80.2194290161,37154,37164,10
12.9908599854,80.2193603516,37164,37174,10
12.9902496338,80.2191619873,37174,37184,10
12.9894399643,80.2188491821,37184,37194,10
12.9884500504,80.2185287476,37194,37204,10
12.9874696732,80.2183380127,37204,37214,10
12.9868402481,80.2182235718,37214,37224,10
12.9868297577,80.2182312012,37224,37234,10
12.9864902496,80.2181625366,37234,37244,10
12.9858198166,80.2179718018,37244,37253,9
12.9849500656,80.2179336548,37253,37265,12
12.9841003418,80.2179718018,37265,37275,10
12.9840402603,80.217956543,37275,37285,10
12.9836397171,80.2179794312,37285,37295,10
12.9829597473,80.2180023193,37295,37305,10
12.9820995331,80.2180023193,37305,37315,10
12.9812297821,80.2181167603,37315,37325,10
12.9804000854,80.2183837891,37325,37335,10
12.9796695709,80.2186584473,37335,37344,9
12.9790897369,80.2188796997,37344,37355,11
12.9785900116,80.2190628052,37355,37365,10
12.97797966,80.219329834,37365,37376,11
12.9770698547,80.2197113037,37376,37386,10
12.9757499695,80.2203063965,37386,37436,50
12.9757499695,80.2203063965,37436,37446,10
12.9755001068,80.2204971313,37446,37456,10
12.9757299423,80.2207794189,37456,37648,192
12.9759597778,80.2210464478,37648,38254,606
12.9761695862,80.2212219238,38254,38314,60
12.9761695862,80.2212219238,38314,38324,10
12.976269722,80.221206665,38324,38334,10
12.9765100479,80.2211914063,38334,38343,9
12.9768800735,80.2211990356,38343,38355,12
12.9775104523,80.2211608887,38355,38365,10
12.9781198502,80.2211380005,38365,38375,10
12.9786996841,80.2210998535,38375,38385,10
12.9793300629,80.2210769653,38385,38395,10
12.9800100327,80.2210464478,38395,38405,10
12.9807100296,80.2210006714,38405,38415,10
12.9813499451,80.2211532593,38415,38425,10
12.9818696976,80.2215423584,38425,38435,10
12.982460022,80.2218017578,38435,38445,10
12.9829902649,80.2219619751,38445,38476,31
12.9829902649,80.2219619751,38476,38486,10
12.9834499359,80.2222518921,38486,38496,10
12.9839401245,80.2225265503,38496,38506,10
12.9845600128,80.2229003906,38506,38516,10
12.9852199554,80.2232208252,38516,38526,10
12.9855499268,80.2231369019,38526,38536,10
12.9860601425,80.2229614258,38536,38546,10
12.9864597321,80.2229537964,38546,38556,10
12.9865198135,80.2229537964,38556,38567,11
12.9868297577,80.2230072021,38567,38577,10
12.9871797562,80.2230606079,38577,38587,10
12.9877195358,80.2230300903,38587,38597,10
12.9883003235,80.2226333618,38597,38607,10
12.9888496399,80.2220916748,38607,38617,10
12.9893198013,80.2215194702,38617,38627,10
12.9898500443,80.2207794189,38627,38637,10
12.9903802872,80.2203598022,38637,38647,10
12.9905099869,80.2202835083,38647,38657,10
12.9907903671,80.2200775146,38657,38666,9
12.9912395477,80.2197189331,38666,38678,12
12.9919395447,80.2192001343,38678,38688,10
12.9926204681,80.2187271118,38688,38698,10
12.9933595657,80.2182006836,38698,38708,10
12.9940500259,80.2177200317,38708,38718,10
12.9945898056,80.2173233032,38718,38728,10
12.9949102402,80.2170791626,38728,38738,10
12.995349884,80.2168197632,38738,38748,10
12.9959402084,80.2166213989,38748,38758,10
12.9966402054,80.2165298462,38758,38768,10
12.9972400665,80.2164306641,38768,38779,11
12.9972696304,80.2163925171,38779,38789,10
12.9974899292,80.2161407471,38789,38799,10
12.9975996017,80.2160263062,38799,38809,10
12.9979200363,80.2157363892,38809,38819,10
12.9984197617,80.2153015137,38819,38829,10
12.9989404678,80.2148971558,38829,38839,10
12.9991798401,80.2147064209,38839,38849,10
12.9995203018,80.2144012451,38849,38859,10
12.9999799728,80.2139892578,38859,38869,10
13.0004997253,80.2135314941,38869,38879,10
13.0010900497,80.2129974365,38879,38890,11
13.0017795563,80.2125015259,38890,38900,10
13.0031204224,80.2120437622,38900,38910,10
13.0031204224,80.2120437622,38910,38920,10
13.0035600662,80.2119827271,38920,38929,9
13.0036697388,80.2119064331,38929,38938,9
13.0036897659,80.2116394043,38938,38950,12
13.003660202,80.2108917236,38950,38960,10
13.003569603,80.2101821899,38960,38970,10
13.0035400391,80.2094573975,38970,38980,10
13.0036897659,80.2087631226,38980,38989,9
13.0042896271,80.2087097168,38989,39001,12
13.0052499771,80.2091598511,39001,39011,10
13.0059700012,80.2094421387,39011,39021,10
13.0065402985,80.2096328735,39021,39031,10
13.007109642,80.209777832,39031,39041,10
13.0073795319,80.2098007202,39041,39071,30
13.0073795319,80.2098007202,39071,39081,10
13.0078201294,80.2099380493,39081,39091,10
13.0081596375,80.2099914551,39091,39102,11
13.0081396103,80.2097015381,39102,39112,10
13.0080099106,80.2092819214,39112,39122,10
13.0079097748,80.2089080811,39122,39132,10
13.0078201294,80.2083129883,39132,39142,10
13.0076999664,80.2074737549,39142,39152,10
13.0075902939,80.2065963745,39152,39162,10
13.0074901581,80.205657959,39162,39172,10
13.0074996948,80.204750061,39172,39182,10
13.0074701309,80.2039413452,39182,39192,10
13.0073404312,80.203086853,39192,39202,10
13.0067996979,80.2025299072,39202,39213,11
13.0066604614,80.2032318115,39213,39223,10
13.0072603226,80.2035675049,39223,39233,10
13.008020401,80.2036972046,39233,39243,10
13.0090103149,80.2036590576,39243,39253,10
13.0101003647,80.2035980225,39253,39263,10
13.0112600327,80.2036590576,39263,39273,10
13.0124597549,80.2038497925,39273,39283,10
13.013299942,80.2040328979,39283,39293,10
13.0135602951,80.2041015625,39293,39303,10
13.0136299133,80.2041168213,39303,39313,10
13.013999939,80.204246521,39313,39324,11
13.0147199631,80.2044830322,39324,39334,10
13.0150995255,80.2045669556,39334,39344,10
13.0151901245,80.2045822144,39344,39354,10
13.015540123,80.204788208,39354,39364,10
13.0161895752,80.2050170898,39364,39374,10
13.0167503357,80.2050704956,39374,39384,10
13.0169696808,80.2050704956,39384,39394,10
13.0172700882,80.2052230835,39394,39404,10
13.0175199509,80.2054519653,39404,39414,10
13.0176801682,80.2055282593,39414,39425,11
13.0181598663,80.2057113647,39425,39435,10
13.0187397003,80.2058792114,39435,39445,10
13.0188102722,80.2059326172,39445,39455,10
13.0192203522,80.2060699463,39455,39465,10
13.019900322,80.2062225342,39465,39475,10
13.0207595825,80.206237793,39475,39485,10
13.0215902328,80.2062530518,39485,39495,10
13.022310257,80.2062988281,39495,39505,10
13.0231304169,80.2064666748,39505,39515,10
13.0240898132,80.2066497803,39515,39525,10
13.024479866,80.2067184448,39525,39536,11
13.0245304108,80.206741333,39536,39546,10
13.0249300003,80.2068328857,39546,39556,10
13.0256700516,80.2070999146,39556,39566,10
13.0264797211,80.2075119019,39566,39576,10
13.0273199081,80.2080078125,39576,39586,10
13.0281801224,80.208442688,39586,39596,10
13.028960228,80.2086791992,39596,39606,10
13.0299901962,80.2089080811,39606,39626,20
13.0299901962,80.2089080811,39626,39636,10
13.0301704407,80.2089080811,39636,39647,11
13.030670166,80.2090911865,39647,39657,10
13.0315704346,80.2093200684,39657,39677,20
13.0315704346,80.2093200684,39677,39687,10
13.0318698883,80.2094116211,39687,39697,10
13.032409668,80.2095336914,39697,39707,10
13.0331497192,80.2096710205,39707,39717,10
13.0340499878,80.2098770142,39717,39727,10
13.0348596573,80.2100524902,39727,39737,10
13.0350399017,80.2105178833,39737,39748,11
13.035030365,80.2113037109,39748,39768,20
13.035030365,80.2113037109,39768,39778,10
13.0349302292,80.2116699219,39778,39788,10
13.0349903107,80.2121505737,39788,39798,10
13.0356302261,80.2122497559,39798,39808,10
13.0367202759,80.2122802734,39808,39828,20
13.0367202759,80.2122802734,39828,39838,10
13.0369901657,80.2122879028,39838,39848,10
13.0371398926,80.2122802734,39848,39859,11
13.0374603271,80.2122573853,39859,39869,10
13.0380897522,80.2122421265,39869,39879,10
13.0389003754,80.2122192383,39879,39889,10
13.0397901535,80.2122421265,39889,39899,10
13.04088974,80.2122268677,39899,39909,10
13.0419197083,80.2122879028,39909,39919,10
13.0431499481,80.212272644,39919,39929,10
13.0439901352,80.2122802734,39929,39949,20
13.0439596176,80.2122421265,39949,40020,71
13.0439596176,80.2122421265,40020,40030,10
13.0443401337,80.2122879028,40030,40040,10
13.0448198318,80.2123031616,40040,40050,10
13.0455598831,80.2122802734,40050,40060,10
13.0463399887,80.2122573853,40060,40069,9
13.0468597412,80.2122573853,40069,40081,12
13.0477304459,80.2121276855,40081,40091,10
13.0483999252,80.2120513916,40091,40121,30
13.0483999252,80.2120513916,40121,40131,10
13.0486898422,80.2119903564,40131,40141,10
13.0491399765,80.2119674683,40141,40151,10
13.0496301651,80.2119293213,40151,40161,10
13.0498504639,80.2119216919,40161,40171,10
13.0500297546,80.2118988037,40171,40182,11
13.0503702164,80.2119293213,40182,40192,10
13.0508403778,80.2120132446,40192,40202,10
13.0515203476,80.2119979858,40202,40212,10
13.0524501801,80.2118835449,40212,40222,10
13.0534601212,80.2116394043,40222,40232,10
13.0543699265,80.2114334106,40232,40242,10
13.0552597046,80.2114105225,40242,40252,10
13.0561103821,80.21144104,40252,40262,10
13.0569000244,80.2114105225,40262,40272,10
13.0575399399,80.2114028931,40272,40282,10
13.0575895309,80.2114334106,40282,40293,11
13.0581102371,80.2114105225,40293,40303,10
13.0587797165,80.2114562988,40303,40313,10
13.0595598221,80.2115325928,40313,40323,10
13.0605401993,80.2115707397,40323,40333,10
13.061630249,80.2116317749,40333,40343,10
13.0624904633,80.2116088867,40343,40353,10
13.0628795624,80.2115402222,40353,40363,10
13.063079834,80.2115020752,40363,40373,10
13.0634803772,80.2114715576,40373,40383,10
13.0641202927,80.2114334106,40383,40394,11
13.0648803711,80.211151123,40394,40404,10
13.0656499863,80.210609436,40404,40414,10
13.0664596558,80.2099533081,40414,40424,10
13.0671195984,80.2091903687,40424,40434,10
13.0673503876,80.2087173462,40434,40444,10
13.0675201416,80.2084121704,40444,40454,10
13.067899704,80.207901001,40454,40464,10
13.0683803558,80.2070999146,40464,40474,10
13.0690097809,80.2061386108,40474,40484,10
13.0695199966,80.2053375244,40484,40494,10
13.0696802139,80.2048797607,40494,40505,11
13.0692396164,80.2048797607,40505,40515,10
13.0687599182,80.2052078247,40515,40575,60
13.0687799454,80.2050018311,40575,40604,29
13.0687799454,80.2050018311,40604,40616,12
13.0687599182,80.2048416138,40616,40626,10
13.068980217,80.2046890259,40626,40636,10
13.069439888,80.2047424316,40636,40646,10
13.0696802139,80.2047805786,40646,40656,10
13.0699396133,80.2047195435,40656,40666,10
13.0701904297,80.2043991089,40666,40676,10
13.0705699921,80.2039031982,40676,40686,10
13.0710601807,80.203338623,40686,40696,10
13.0715999603,80.2026977539,40696,40706,10
13.0720100403,80.2022476196,40706,40757,51
13.0720100403,80.2022476196,40757,40767,10
13.0721197128,80.2022094727,40767,40777,10
13.0723304749,80.2019424438,40777,40787,10
13.0726203918,80.2015762329,40787,40797,10
13.0730895996,80.2010498047,40797,40807,10
13.0736598969,80.2004089355,40807,40817,10
13.0740699768,80.1998977661,40817,40828,11
13.0742702484,80.1996917725,40828,40838,10
13.0744895935,80.19947052,40838,40848,10
13.0749502182,80.1991577148,40848,40858,10
13.075630188,80.1990280151,40858,40868,10
13.0764398575,80.1990127563,40868,40878,10
13.0770797729,80.1989822388,40878,40888,10
13.0772895813,80.1989517212,40888,40898,10
13.0778799057,80.1988677979,40898,40908,10
13.0786600113,80.1987609863,40908,40918,10
13.0795402527,80.1986923218,40918,40928,10
13.0804195404,80.1986236572,40928,40939,11
13.0813398361,80.1985626221,40939,40949,10
13.0821399689,80.1985321045,40949,40959,10
13.0827999115,80.1984710693,40959,40969,10
13.0832595825,80.1985092163,40969,40979,10
13.0834798813,80.1985015869,40979,40989,10
13.0836400986,80.1984863281,40989,40999,10
13.0838804245,80.1985015869,40999,41009,10
13.0842599869,80.1985092163,41009,41019,10
13.0846996307,80.1985092163,41019,41029,10
13.0850200653,80.1984100342,41029,41038,9
13.0852098465,80.1984024048,41038,41050,12
13.0853500366,80.1984024048,41050,41060,10
13.0857601166,80.1984024048,41060,41070,10
13.0863304138,80.1983566284,41070,41080,10
13.0868196487,80.1984329224,41080,41090,10
13.0870599747,80.1982574463,41090,41100,10
13.0870800018,80.1980209351,41100,41110,10
13.087100029,80.1978683472,41110,41120,10
13.0871400833,80.1973571777,41120,41130,10
13.0871496201,80.1966705322,41130,41140,10
13.0871896744,80.1958389282,41140,41151,11
13.0872097015,80.1949996948,41151,41161,10
13.0872297287,80.1941833496,41161,41171,10
13.0872602463,80.1934204102,41171,41181,10
13.0872602463,80.1932067871,41181,41191,10
13.0872297287,80.1930007935,41191,41201,10
13.0872602463,80.1927566528,41201,41211,10
13.0873203278,80.1924285889,41211,41221,10
13.0874004364,80.1919021606,41221,41231,10
13.0874595642,80.1913604736,41231,41241,10
13.0875501633,80.1905899048,41241,41250,9
13.087679863,80.1892776489,41250,41272,22
13.087679863,80.1892776489,41272,41282,10
13.0877199173,80.188911438,41282,41292,10
13.0877504349,80.1885910034,41292,41302,10
13.087770462,80.1882324219,41302,41312,10
13.0878095627,80.1878509521,41312,41322,10
13.08796978,80.1843795776,41322,41362,40
13.0880203247,80.1831283569,41362,41393,31
13.0881004333,80.1812362671,41393,41413,20
13.0880899429,80.1797027588,41413,41475,62
13.0880899429,80.1797027588,41475,41485,10
13.0881299973,80.179397583,41485,41495,10
13.088139534,80.1790313721,41495,41505,10
13.088139534,80.1790008545,41505,41515,10
13.0881099701,80.1787261963,41515,41525,10
13.0881500244,80.1781692505,41525,41535,10
13.0881795883,80.1773605347,41535,41545,10
13.0882196426,80.1765899658,41545,41555,10
13.0882701874,80.175743103,41555,41565,10
13.0883197784,80.1748199463,41565,41575,10
13.0883598328,80.1743927002,41575,41586,11
13.0883903503,80.173828125,41586,41596,10
13.0884304047,80.1731567383,41596,41606,10
13.0884799957,80.172416687,41606,41616,10
13.0884895325,80.1718063354,41616,41626,10
13.0884895325,80.1717834473,41626,41636,10
13.08852005,80.1714477539,41636,41646,10
13.088549614,80.1708831787,41646,41656,10
13.0885696411,80.1704406738,41656,41687,31
13.0885696411,80.1704406738,41687,41697,10
13.0886201859,80.1700363159,41697,41707,10
13.0887403488,80.1695480347,41707,41717,10
13.0892095566,80.1695632935,41717,41727,10
13.0898504257,80.1696014404,41727,41737,10
13.0905799866,80.1696395874,41737,41747,10
13.0913200378,80.169708252,41747,41757,10
13.0921802521,80.1697463989,41757,41767,10
13.0930995941,80.1698226929,41767,41777,10
13.0938796997,80.1698379517,41777,41787,10
13.0945100784,80.1697998047,41787,41798,11
13.0947799683,80.1698532104,41798,41808,10
13.0950403214,80.169883728,41808,41818,10
13.095580101,80.1698989868,41818,41828,10
13.0962696075,80.1699829102,41828,41838,10
13.097029686,80.1700286865,41838,41848,10
13.0979099274,80.1700668335,41848,41858,10
13.0987701416,80.1701202393,41858,41868,10
13.0996303558,80.1700515747,41868,41888,20
13.0996999741,80.1698989868,41888,41919,31
13.0996999741,80.1698989868,41919,41929,10
13.0994300842,80.1697616577,41929,41939,10
13.099360466,80.1699905396,41939,42009,70
13.0992298126,80.1701202393,42009,42655,646
13.0992298126,80.1701202393,42655,42666,11
13.0991001129,80.1702270508,42666,42676,10
13.0987796783,80.1701812744,42676,42686,10
13.0982704163,80.1701431274,42686,42696,10
13.0975904465,80.1700973511,42696,42706,10
13.096739769,80.1700515747,42706,42716,10
13.0958003998,80.1699829102,42716,42726,10
13.0950403214,80.1699371338,42726,42736,10
13.0949001312,80.169960022,42736,42746,10
13.0945301056,80.1699371338,42746,42756,10
13.094209671,80.1698989868,42756,42766,10
13.0936203003,80.1698379517,42766,42777,11
13.0928602219,80.1697616577,42777,42787,10
13.0919904709,80.1697387695,42787,42797,10
13.0914297104,80.1697235107,42797,42807,10
13.0907402039,80.1696777344,42807,42817,10
13.0898895264,80.1696395874,42817,42827,10
13.08893013,80.169593811,42827,42837,10
13.0886898041,80.1696624756,42837,42847,10
13.0886802673,80.1700363159,42847,42857,10
13.0886697769,80.1706619263,42857,42867,10
13.088640213,80.1714935303,42867,42876,9
13.0885696411,80.1721572876,42876,42888,12
13.0885295868,80.1731491089,42888,42898,10
13.0884504318,80.1739883423,42898,42908,10
13.0883998871,80.1747589111,42908,42918,10
13.088350296,80.1755371094,42918,42928,10
13.0882902145,80.176399231,42928,42938,10
13.088259697,80.1772079468,42938,42948,10
13.0882396698,80.1779327393,42948,42958,10
13.0882501602,80.1785507202,42958,42968,10
13.0882396698,80.1786499023,42968,42978,10
13.088259697,80.1791915894,42978,42999,21
13.088259697,80.1791915894,42999,43009,10
13.0882396698,80.1794281006,43009,43019,10
13.0882501602,80.1798782349,43019,43029,10
13.0882196426,80.1805267334,43029,43039,10
13.0882101059,80.1812591553,43039,43049,10
13.088139534,80.1825790405,43049,43059,10
13.088139534,80.1825790405,43059,43069,10
13.0881004333,80.1834564209,43069,43078,9
13.0879096985,80.1878128052,43078,43179,101
13.0879096985,80.1878128052,43179,43210,31
13.0878400803,80.189491272,43210,43220,10
13.0877799988,80.1898422241,43220,43230,10
13.0877504349,80.189956665,43230,43240,10
13.0876903534,80.1904220581,43240,43250,10
13.0875797272,80.1911087036,43250,43260,10
13.0874795914,80.1918334961,43260,43270,10
13.0874204636,80.1923904419,43270,43280,10
13.087389946,80.1926498413,43280,43290,10
13.0873498917,80.1929779053,43290,43299,9
13.0873603821,80.1935119629,43299,43310,11
13.0873298645,80.1943511963,43310,43321,11
13.087269783,80.1952667236,43321,43331,10
13.087269783,80.1959609985,43331,43341,10
13.0872602463,80.196762085,43341,43351,10
13.0872402191,80.197517395,43351,43361,10
13.0872297287,80.197883606,43361,43371,10
13.087220192,80.1981811523,43371,43381,10
13.087389946,80.1984786987,43381,43391,10
13.087770462,80.1984710693,43391,43401,10
13.088350296,80.1984405518,43401,43411,10
13.0889902115,80.1984786987,43411,43422,11
13.0897598267,80.1984863281,43422,43432,10
13.0905199051,80.1985397339,43432,43442,10
13.091340065,80.198600769,43442,43452,10
13.0920200348,80.198677063,43452,43462,10
13.0926599503,80.1986694336,43462,43472,10
13.0929803848,80.1987991333,43472,43482,10
13.0929803848,80.1991271973,43482,43492,10
13.0929603577,80.1996536255,43492,43502,10
13.0929298401,80.2002563477,43502,43512,10
13.0929298401,80.2004623413,43512,43522,10
13.0928297043,80.2006378174,43522,43533,11
13.0923995972,80.2006225586,43533,43543,10
13.091750145,80.2005767822,43543,43553,10
13.0910596848,80.2005615234,43553,43563,10
13.0904598236,80.2005462646,43563,43573,10
13.0896396637,80.2005081177,43573,43583,10
13.089050293,80.2005004883,43583,43593,10
13.0884599686,80.2004699707,43593,43603,10
13.0876998901,80.2004089355,43603,43613,10
13.0871295929,80.2004318237,43613,43623,10
13.0866603851,80.2004165649,43623,43633,10
13.085940361,80.200378418,43633,43644,11
13.085439682,80.200378418,43644,43654,10
13.0852603912,80.2002487183,43654,43664,10
13.0853099823,80.199836731,43664,43674,10
13.0853395462,80.1992416382,43674,43684,10
13.0852603912,80.1987380981,43684,43694,10
13.0850095749,80.1986999512,43694,43704,10
13.0845499039,80.1986923218,43704,43714,10
13.0842895508,80.1986999512,43714,43724,10
13.0840396881,80.1986999512,43724,43734,10
13.0834999084,80.198677063,43734,43755,21
13.0834999084,80.198677063,43755,43765,10
13.0831804276,80.1986923218,43765,43775,10
13.0828800201,80.1986923218,43775,43785,10
13.0827302933,80.1986694336,43785,43795,10
13.0823497772,80.1986618042,43795,43805,10
13.0820198059,80.1986694336,43805,43815,10
13.0817604065,80.198677063,43815,43825,10
13.0813999176,80.1986465454,43825,43835,10
13.080789566,80.1986618042,43835,43845,10
13.080039978,80.1987304688,43845,43856,11
13.0791301727,80.1988220215,43856,43866,10
13.0782604218,80.1989212036,43866,43876,10
13.0773897171,80.1990203857,43876,43886,10
13.076499939,80.1991195679,43886,43896,10
13.0755395889,80.1992416382,43896,43906,10
13.0747003555,80.1995391846,43906,43916,10
13.0740404129,80.2000732422,43916,43926,10
13.0737104416,80.2004394531,43926,43936,10
13.0736503601,80.2005386353,43936,43945,9
13.0735397339,80.2006912231,43945,43956,11
13.0732002258,80.201133728,43956,43967,11
13.0726995468,80.201713562,43967,43977,10
13.0725002289,80.2019729614,43977,43987,10
13.0721597672,80.202331543,43987,43997,10
13.0716695786,80.2028503418,43997,44007,10
13.0710697174,80.2035369873,44007,44017,10
13.0704202652,80.2042694092,44017,44027,10
13.0699796677,80.2049026489,44027,44037,10
13.0697803497,80.205078125,44037,44047,10
13.0695104599,80.2048873901,44047,44057,10
13.0691404343,80.205078125,44057,44068,11
13.0686798096,80.2054367065,44068,44078,10
13.0680198669,80.2054367065,44078,44158,80
13.0680198669,80.2054367065,44158,44168,10
13.0680103302,80.2051010132,44168,44199,31
13.0680103302,80.2051010132,44199,44209,10
13.0684404373,80.2049179077,44209,44229,20
13.0684404373,80.2049179077,44229,44239,10
13.0686302185,80.204826355,44239,44249,10
13.068860054,80.2047729492,44249,44259,10
13.0691699982,80.2047271729,44259,44269,10
13.069319725,80.2047576904,44269,44279,10
13.0695295334,80.2048110962,44279,44290,11
13.0697803497,80.2049407959,44290,44300,10
13.0697202682,80.2053833008,44300,44310,10
13.0692996979,80.2060394287,44310,44320,10
13.0687799454,80.2068405151,44320,44330,10
13.0682001114,80.2077484131,44330,44340,10
13.0676002502,80.2086715698,44340,44350,10
13.0670604706,80.209487915,44350,44360,10
13.0665302277,80.2101516724,44360,44370,10
13.0658597946,80.2106781006,44370,44380,10
13.0652503967,80.2111206055,44380,44390,10
13.0649900436,80.2113265991,44390,44401,11
13.0647697449,80.2114334106,44401,44411,10
13.0637903214,80.2117233276,44411,44441,30
13.0637903214,80.2117233276,44441,44451,10
13.0634098053,80.2117233276,44451,44461,10
13.0627698898,80.2117462158,44461,44471,10
13.0620002747,80.2117462158,44471,44481,10
13.0611400604,80.2117385864,44481,44491,10
13.0601797104,80.2117004395,44491,44502,11
13.0590496063,80.2116394043,44502,44512,10
13.0580797195,80.2116088867,44512,44522,10
13.0575895309,80.2116165161,44522,44532,10
13.0575199127,80.2116012573,44532,44542,10
13.0571403503,80.2116012573,44542,44552,10
13.0565099716,80.2115783691,44552,44562,10
13.055680275,80.2115783691,44562,44572,10
13.0549097061,80.211517334,44572,44582,10
13.0541601181,80.2116088867,44582,44592,10
13.0533599854,80.2118225098,44592,44602,10
13.0525903702,80.212020874,44602,44613,11
13.0518302917,80.2121887207,44613,44623,10
13.0510597229,80.2121582031,44623,44633,10
13.0505800247,80.2121276855,44633,44653,20
13.0505800247,80.2121276855,44653,44663,10
13.0501699448,80.2121429443,44663,44673,10
13.0499095917,80.2121505737,44673,44683,10
13.0495700836,80.2121734619,44683,44703,20
13.0495700836,80.2121734619,44703,44712,9
13.0493497849,80.2121429443,44712,44724,12
13.0489797592,80.2121582031,44724,44734,10
13.0484600067,80.2121963501,44734,44744,10
13.0477600098,80.2122497559,44744,44754,10
13.0469198227,80.2123184204,44754,44764,10
13.0459804535,80.2123565674,44764,44774,10
13.0453395844,80.2124023438,44774,44814,40
13.0453395844,80.2124023438,44814,44824,10
13.0449495316,80.2124328613,44824,44835,11
13.0445203781,80.2124328613,44835,44845,10
13.0440702438,80.212387085,44845,44855,10
13.0434503555,80.2123794556,44855,44865,10
13.0426397324,80.2123794556,44865,44875,10
13.0418796539,80.2124176025,44875,44885,10
13.0410203934,80.2124633789,44885,44895,10
13.0400600433,80.2124786377,44895,44905,10
13.0391597748,80.2124404907,44905,44906,1
13.038020134,80.2124786377,44906,44996,90
13.038020134,80.2124786377,44996,45006,10
13.0376596451,80.2124710083,45006,45016,10
13.0372104645,80.2124328613,45016,45026,10
13.0367698669,80.2123794556,45026,45036,10
13.0361204147,80.2123413086,45036,45047,11
13.0352602005,80.2123336792,45047,45067,20
13.0352602005,80.2123336792,45067,45077,10
13.0351600647,80.2123031616,45077,45087,10
13.0348100662,80.2122497559,45087,45097,10
13.0342903137,80.2121429443,45097,45117,20
13.0342903137,80.2121429443,45117,45127,10
13.0340499878,80.2120819092,45127,45137,10
13.0335998535,80.2119903564,45137,45148,11
13.0328502655,80.2118988037,45148,45158,10
13.0320997238,80.211807251,45158,45168,10
13.0320100784,80.2112426758,45168,45178,10
13.0320901871,80.2104873657,45178,45188,10
13.0321798325,80.2098922729,45188,45198,10
13.0318803787,80.2096176147,45198,45208,10
13.0313100815,80.2094497681,45208,45218,10
13.0308704376,80.2093429565,45218,45228,10
13.0306797028,80.2092819214,45228,45238,10
13.03028965,80.2091674805,45238,45248,10
13.0297803879,80.2089996338,45248,45259,11
13.0294799805,80.2089080811,45259,45269,10
13.029419899,80.2088775635,45269,45279,10
13.0290699005,80.2088012695,45279,45289,10
13.0284004211,80.2086105347,45289,45299,10
13.0276403427,80.2083282471,45299,45309,10
13.0268802643,80.2078933716,45309,45319,10
13.0260801315,80.2073898315,45319,45329,10
13.0250501633,80.20703125,45329,45339,10
13.024140358,80.2068634033,45339,45349,10
13.0233697891,80.2066879272,45349,45359,10
13.0226097107,80.20652771,45359,45370,11
13.0219697952,80.2064437866,45370,45380,10
13.0216398239,80.2064285278,45380,45390,10
13.0210599899,80.2064437866,45390,45400,10
13.0202903748,80.2064437866,45400,45410,10
13.0196504593,80.206451416,45410,45420,10
13.0195503235,80.2064285278,45420,45430,10
13.0193796158,80.2063980103,45430,45440,10
13.0191001892,80.2063369751,45440,45481,41
13.0191001892,80.2063369751,45481,45491,10
13.0187196732,80.2062225342,45491,45501,10
13.0185403824,80.206161499,45501,45511,10
13.0183200836,80.2060623169,45511,45541,30
13.0183200836,80.2060623169,45541,45551,10
13.0180397034,80.2060089111,45551,45561,10
13.0178098679,80.2059326172,45561,45571,10
13.0176000595,80.2058410645,45571,45582,11
13.017370224,80.2057189941,45582,45592,10
13.0171499252,80.205619812,45592,45602,10
13.0168104172,80.2055206299,45602,45612,10
13.0162000656,80.2053070068,45612,45622,10
13.0155696869,80.2050933838,45622,45632,10
13.0144300461,80.2046813965,45632,45652,20
13.0144300461,80.2046813965,45652,45662,10
13.0142002106,80.2045898438,45662,45672,10
13.0139503479,80.2044830322,45672,45682,10
13.0137195587,80.2044067383,45682,45693,11
13.0135698318,80.2046737671,45693,45703,10
13.0134096146,80.2050933838,45703,45713,10
13.0131998062,80.2057495117,45713,45723,10
13.0130300522,80.2065505981,45723,45733,10
13.012960434,80.2073669434,45733,45743,10
13.0129003525,80.2077102661,45743,45753,10
13.0127601624,80.2079620361,45753,45763,10
13.0127801895,80.2082977295,45763,45773,10
13.0128002167,80.2086181641,45773,45783,10
13.0128097534,80.2088394165,45783,45792,9
13.0128297806,80.2091293335,45792,45804,12
13.0130195618,80.2095031738,45804,45814,10
13.013130188,80.2097320557,45814,45824,10
13.0130996704,80.2100906372,45824,45834,10
13.013010025,80.2105407715,45834,45844,10
13.012840271,80.2110671997,45844,45854,10
13.0126495361,80.2115631104,45854,45864,10
13.0124702454,80.2119216919,45864,45874,10
13.0122299194,80.2122879028,45874,45884,10
13.0120401382,80.2125396729,45884,45894,10
13.011879921,80.2127532959,45894,45903,9
13.0116996765,80.2127532959,45903,45915,12
13.0112304688,80.2124023438,45915,45925,10
13.010840416,80.212097168,45925,45935,10
13.0104598999,80.2117919922,45935,45945,10
13.0100097656,80.2114486694,45945,45955,10
13.0097398758,80.2112731934,45955,45985,30
13.0097398758,80.2112731934,45985,45995,10
13.0093002319,80.2111816406,45995,46005,10
13.0091104507,80.2113571167,46005,46016,11
13.009059906,80.2117080688,46016,46026,10
13.0092401505,80.212310791,46026,46036,10
13.0094900131,80.2130432129,46036,46046,10
13.0097398758,80.2137298584,46046,46056,10
13.0100002289,80.2143630981,46056,46066,10
13.0101699829,80.2150726318,46066,46076,10
13.0103797913,80.2159729004,46076,46086,10
13.0108003616,80.2169418335,46086,46096,10
13.0111904144,80.2178192139,46096,46106,10
13.0115299225,80.2187728882,46106,46116,10
13.0118999481,80.2198562622,46116,46127,11
13.0123300552,80.2210998535,46127,46137,10
13.0126304626,80.2217712402,46137,46147,10
13.0130996704,80.2223205566,46147,46157,10
13.0134897232,80.2227020264,46157,46167,10
13.013879776,80.2232208252,46167,46177,10
13.0141296387,80.2236099243,46177,46187,10
13.0145196915,80.2241287231,46187,46197,10
13.0150899887,80.2248001099,46197,46207,10
13.0154600143,80.2252502441,46207,46217,10
13.0155096054,80.2254104614,46217,46227,10
13.014960289,80.225982666,46227,46248,21
13.014960289,80.225982666,46248,46258,10
13.0148601532,80.22605896,46258,46268,10
13.0145196915,80.2261962891,46268,46278,10
13.0138998032,80.2264328003,46278,46288,10
13.0131502151,80.2267074585,46288,46298,10
13.0122995377,80.2270431519,46298,46308,10
13.0113897324,80.2273788452,46308,46318,10
13.0103797913,80.2277679443,46318,46328,10
13.0095796585,80.2278900146,46328,46339,11
13.0096597672,80.2272033691,46339,46349,10
13.0099897385,80.2264633179,46349,46359,10
13.0102996826,80.2256698608,46359,46369,10
13.0105695724,80.2250595093,46369,46379,10
13.0107803345,80.2245788574,46379,46389,10
13.0108995438,80.2241592407,46389,46399,10
13.0109901428,80.2239608765,46399,46409,10
13.0110797882,80.2237625122,46409,46419,10
13.0111703873,80.2235412598,46419,46429,10
13.011179924,80.223487854,46429,46439,10
13.0112495422,80.223197937,46439,46450,11
13.0109195709,80.2229919434,46450,46460,10
13.010310173,80.2227401733,46460,46470,10
13.0096597672,80.2223510742,46470,46480,10
13.0088996887,80.2219314575,46480,46490,10
13.008099556,80.2214889526,46490,46500,10
13.0071897507,80.2210006714,46500,46510,10
13.0067195892,80.2208023071,46510,46520,10
13.0061903,80.2206268311,46520,46530,10
13.0054397583,80.2204589844,46530,46540,10
13.0046100616,80.2202301025,46540,46550,10
13.0036897659,80.2200317383,46550,46561,11
13.002790451,80.2197570801,46561,46571,10
13.0020904541,80.2191925049,46571,46581,10
13.0015096664,80.2185821533,46581,46591,10
13.0009298325,80.2181167603,46591,46601,10
13.0005502701,80.2178573608,46601,46611,10
13.0002202988,80.2176818848,46611,46621,10
13.0000896454,80.2176208496,46621,46631,10
12.9998502731,80.2174606323,46631,46641,10
12.9993200302,80.2171478271,46641,46651,10
12.9986000061,80.2167892456,46651,46661,10
12.9974298477,80.2165603638,46661,46682,21
12.9974298477,80.2165603638,46682,46692,10
12.9970703125,80.2165374756,46692,46702,10
12.9964599609,80.2166137695,46702,46712,10
12.9957399368,80.2167510986,46712,46722,10
12.9952402115,80.2169799805,46722,46732,10
12.9951696396,80.217010498,46732,46742,10
12.9949197769,80.2171630859,46742,46752,10
12.9944801331,80.2174606323,46752,46762,10
12.993929863,80.2178573608,46762,46773,11
12.9932003021,80.2183380127,46773,46783,10
12.9926595688,80.2187728882,46783,46793,10
12.9919900894,80.2192764282,46793,46803,10
12.9914302826,80.2196273804,46803,46813,10
12.9911499023,80.2195205688,46813,46823,10
12.9910297394,80.2194595337,46823,46833,10
12.9906196594,80.2193222046,46833,46843,10
12.989979744,80.2190933228,46843,46853,10
12.9891996384,80.2188110352,46853,46863,10
12.9882898331,80.2185211182,46863,46873,10
12.9874000549,80.2183685303,46873,46884,11
12.9870901108,80.2183074951,46884,46894,10
12.9867801666,80.2182388306,46894,46904,10
12.9861402512,80.2180786133,46904,46914,10
12.9852800369,80.2179412842,46914,46924,10
12.984290123,80.2179794312,46924,46934,10
12.984000206,80.2179794312,46934,46944,10
12.9836502075,80.217956543,46944,46954,10
12.9829597473,80.2179794312,46954,46964,10
12.9820699692,80.2180023193,46964,46974,10
12.9809904099,80.2182006836,46974,46983,9
12.9801197052,80.2184906006,46983,46995,12
12.9792604446,80.2188568115,46995,47005,10
12.9787502289,80.219039917,47005,47015,10
12.9783000946,80.2192382813,47015,47025,10
12.9775800705,80.2195205688,47025,47035,10
12.9766798019,80.2198867798,47035,47045,10
12.9758996964,80.2202224731,47045,47055,10
12.9756498337,80.220413208,47055,47084,29
12.9755897522,80.2207794189,47084,47126,42
12.9755897522,80.2207794189,47126,47136,10
12.9758195877,80.2209396362,47136,47398,262
12.9758195877,80.2209396362,47398,47408,10
12.9758901596,80.2209777832,47408,47772,364
12.9758901596,80.2209777832,47772,47782,10
12.9763402939,80.2211914063,47782,47792,10
12.9767198563,80.221206665,47792,47802,10
12.977230072,80.2211914063,47802,47812,10
12.9776697159,80.2211837769,47812,47822,10
12.97797966,80.2211380005,47822,47832,10
12.978509903,80.2211074829,47832,47842,10
12.9790802002,80.2210617065,47842,47852,10
12.9798002243,80.221031189,47852,47863,11
12.9809303284,80.2210083008,47863,47893,30
12.9809303284,80.2210083008,47893,47903,10
12.9813995361,80.2211914063,47903,47913,10
12.9818696976,80.2215118408,47913,47923,10
12.9824199677,80.2217483521,47923,47933,10
12.9827003479,80.2218475342,47933,47943,10
12.9829597473,80.2219772339,47943,47953,10
12.9831600189,80.2220916748,47953,47962,9
12.983420372,80.2222595215,47962,47974,12
12.9839601517,80.2225875854,47974,47984,10
12.9845304489,80.2229537964,47984,47994,10
12.9851703644,80.2232513428,47994,48004,10
12.98554039,80.2231216431,48004,48014,10
12.986000061,80.2229614258,48014,48024,10
12.9861803055,80.2229537964,48024,48034,10
12.9863901138,80.2229614258,48034,48044,10
12.9865503311,80.2229537964,48044,48054,10
12.986869812,80.2230072021,48054,48064,10
12.987279892,80.2230606079,48064,48075,11
12.987859726,80.2229614258,48075,48085,10
12.9884195328,80.2226028442,48085,48095,10
12.9888696671,80.2221374512,48095,48105,10
12.9892997742,80.2216033936,48105,48115,10
12.9896602631,80.2210769653,48115,48125,10
12.9901103973,80.2205886841,48125,48135,10
12.9904699326,80.2203521729,48135,48145,10
12.9910497665,80.2199020386,48145,48186,41
12.9910497665,80.2199020386,48186,48196,10
12.9911403656,80.2197875977,48196,48206,10
12.9914703369,80.2195205688,48206,48216,10
12.9920301437,80.2191314697,48216,48226,10
12.9925699234,80.21875,48226,48236,10
12.9932804108,80.2182235718,48236,48246,10
12.9939804077,80.2176971436,48246,48256,10
12.9944496155,80.2173690796,48256,48266,10
12.9946498871,80.2172012329,48266,48276,10
12.9947299957,80.2171325684,48276,48286,10
12.9951000214,80.2169036865,48286,48297,11
12.9958000183,80.2166290283,48297,48307,10
12.9967403412,80.216468811,48307,48317,10
12.9974803925,80.2161407471,48317,48337,20
12.9974803925,80.2161407471,48337,48347,10
12.9978103638,80.2158737183,48347,48357,10
12.9983100891,80.2154464722,48357,48367,10
12.9989500046,80.214881897,48367,48377,10
12.999250412,80.2146224976,48377,48387,10
12.9996004105,80.2142868042,48387,48398,11
13.0000495911,80.2139129639,48398,48408,10
13.0005702972,80.2134170532,48408,48418,10
13.0011997223,80.2128829956,48418,48428,10
13.0019598007,80.2123413086,48428,48438,10
13.0027303696,80.2120666504,48438,48448,10
13.0036096573,80.2119216919,48448,48468,20
13.0036096573,80.2119216919,48468,48478,10
13.0036897659,80.2116012573,48478,48488,10
13.0036697388,80.2110137939,48488,48497,9
13.0035896301,80.2103881836,48497,48508,11
13.0034999847,80.2096099854,48508,48519,11
13.0036497116,80.2088699341,48519,48529,10
13.0042104721,80.2087020874,48529,48539,10
13.0050401688,80.2090835571,48539,48549,10
13.0059700012,80.2094497681,48549,48559,10
13.0068798065,80.2097320557,48559,48569,10
13.0073795319,80.2098236084,48569,48579,10
13.0073900223,80.2098236084,48579,48589,10
13.0075397491,80.2098388672,48589,48599,10
13.0078802109,80.2099227905,48599,48609,10
13.0081701279,80.2098999023,48609,48620,11
13.0080499649,80.2092971802,48620,48630,10
13.0079097748,80.2085418701,48630,48640,10
13.0077600479,80.207649231,48640,48650,10
13.007610321,80.2067184448,48650,48660,10
13.007519722,80.2057876587,48660,48670,10
13.0075101852,80.2048797607,48670,48680,10
13.0074901581,80.2040710449,48680,48690,10
13.0073900223,80.2033615112,48690,48700,10
13.007109642,80.202583313,48700,48710,10
13.0065202713,80.2028427124,48710,48719,9
13.0067901611,80.203338623,48719,48731,12
13.0076198578,80.2036819458,48731,48741,10
13.0085000992,80.2036895752,48741,48751,10
13.0095100403,80.2036132813,48751,48761,10
13.0106096268,80.2035903931,48761,48771,10
13.0117797852,80.2037200928,48771,48781,10
13.0128898621,80.2039337158,48781,48791,10
13.0135602951,80.2041702271,48791,48801,10
13.0142803192,80.2044219971,48801,48811,10
13.0148696899,80.2045822144,48811,48821,10
13.0150995255,80.2046432495,48821,48832,11
13.0151996613,80.2046813965,48832,48842,10
13.0155296326,80.2048187256,48842,48852,10
13.0162200928,80.2051010132,48852,48862,10
13.0168600082,80.2051467896,48862,48872,10
13.0177202225,80.2055282593,48872,48882,10
13.0185003281,80.2058563232,48882,48892,10
13.0188102722,80.2060165405,48892,48902,10
13.0193395615,80.2062072754,48902,48912,10
13.0201501846,80.2062988281,48912,48922,10
13.0211496353,80.2062988281,48922,48932,10
13.0219202042,80.2063293457,48932,48943,11
13.0227499008,80.2064971924,48943,48953,10
13.0236997604,80.2066268921,48953,48963,10
13.0247497559,80.2068481445,48963,48973,10
13.0257797241,80.2071762085,48973,48983,10
13.0266304016,80.2076568604,48983,48993,10
13.0274496078,80.2081375122,48993,49003,10
13.0283002853,80.2085266113,49003,49013,10
13.0291500092,80.208732605,49013,49023,10
13.0298595428,80.2089233398,49023,49033,10
13.03028965,80.2090606689,49033,49043,10
13.0309801102,80.2092514038,49043,49054,11
13.0315799713,80.2093811035,49054,49064,10
13.0315904617,80.2093811035,49064,49074,10
13.0320396423,80.2095108032,49074,49084,10
13.032699585,80.2096481323,49084,49094,10
13.0335302353,80.2098083496,49094,49104,10
13.0345401764,80.2100296021,49104,49114,10
13.0350103378,80.2103881836,49114,49124,10
13.0349597931,80.2113418579,49124,49144,20
13.0349597931,80.2113418579,49144,49155,11
13.0349197388,80.2113876343,49155,49165,10
13.0348396301,80.211730957,49165,49175,10
13.0349197388,80.2121200562,49175,49185,10
13.0355396271,80.2122421265,49185,49195,10
13.0363502502,80.2122268677,49195,49205,10
13.0369796753,80.2122268677,49205,49215,10
13.037320137,80.2122268677,49215,49225,10
13.0379800797,80.2122497559,49225,49235,10
13.038860321,80.2122421265,49235,49245,10
13.0395402908,80.212348938,49245,49255,10
13.0409603119,80.2123184204,49255,49266,11
13.0423498154,80.2122573853,49266,49276,10
13.0437602997,80.2122421265,49276,49326,50
13.0437602997,80.2122421265,49326,49336,10
13.0440702438,80.2122802734,49336,49346,10
13.0445203781,80.2122573853,49346,49356,10
13.0450801849,80.2122497559,49356,49366,10
13.0458498001,80.2122268677,49366,49377,11
13.0466804504,80.2121963501,49377,49387,10
13.047539711,80.2121200562,49387,49397,10
13.0482997894,80.2120513916,49397,49407,10
13.0483903885,80.2120132446,49407,49417,10
13.0484895706,80.2119827271,49417,49427,10
13.0491600037,80.2119598389,49427,49447,20
13.0491600037,80.2119598389,49447,49457,10
13.0491895676,80.2119293213,49457,49467,10
13.0494699478,80.2119369507,49467,49477,10
13.0496902466,80.2119293213,49477,49488,11
13.0499000549,80.2118988037,49488,49498,10
13.050069809,80.2119064331,49498,49508,10
13.0503196716,80.2119598389,49508,49518,10
13.0506801605,80.2120437622,49518,49528,10
13.0513601303,80.2120666504,49528,49538,10
13.052570343,80.2118530273,49538,49548,10
13.0542802811,80.2114181519,49548,49568,20
13.0542802811,80.2114181519,49568,49578,10
13.0546398163,80.2113876343,49578,49589,11
13.0553398132,80.2114181519,49589,49599,10
13.0562896729,80.2114562988,49599,49609,10
13.0573196411,80.2114486694,49609,49619,10
13.0583696365,80.2114715576,49619,49629,10
13.0593996048,80.2115325928,49629,49639,10
13.0604600906,80.2115707397,49639,49649,10
13.0612602234,80.2116165161,49649,49659,10
13.0619401932,80.2116622925,49659,49669,10
13.062789917,80.2115707397,49669,49679,10
13.0632696152,80.2115325928,49679,49689,10
13.0634098053,80.211517334,49689,49700,11
13.0638399124,80.2115020752,49700,49710,10
13.064499855,80.2113189697,49710,49720,10
13.0652599335,80.2108764648,49720,49730,10
13.0660896301,80.2102127075,49730,49740,10
13.0668802261,80.2094421387,49740,49750,10
13.067489624,80.2085113525,49750,49760,10
13.0681400299,80.2075424194,49760,49770,10
13.0687799454,80.2065734863,49770,49780,10
13.0692796707,80.2057495117,49780,49790,10
13.0696897507,80.2050170898,49790,49800,10
13.0694303513,80.2048034668,49800,49811,11
13.0690603256,80.2051773071,49811,49821,10
13.0687503815,80.205116272,49821,49861,40
13.0687503815,80.205116272,49861,49871,10
13.0687103271,80.2049407959,49871,49881,10
13.0687704086,80.2047576904,49881,49891,10
13.0689601898,80.2046890259,49891,49900,9
13.0691003799,80.2046966553,49900,49912,12
13.069270134,80.2047271729,49912,49922,10
13.0695400238,80.2047729492,49922,49932,10
13.0698404312,80.2048416138,49932,49942,10
13.0701904297,80.2044372559,49942,49952,10
13.070690155,80.2037963867,49952,49962,10
13.0713500977,80.2030334473,49962,49972,10
13.0719604492,80.202331543,49972,50002,30
13.0719604492,80.202331543,50002,50011,9
13.0721101761,80.2020874023,50011,50023,12
13.0725097656,80.2016601563,50023,50033,10
13.0730304718,80.2010726929,50033,50043,10
13.0735998154,80.2004318237,50043,50053,10
13.0741300583,80.1998291016,50053,50063,10
13.0744695663,80.1994018555,50063,50073,10
13.0745296478,80.1993331909,50073,50083,10
13.0748596191,80.1991500854,50083,50093,10
13.0754995346,80.1990127563,50093,50103,10
13.0762796402,80.1990127563,50103,50113,10
13.0772304535,80.198928833,50113,50123,10
13.0781497955,80.1988067627,50123,50134,11
13.0791797638,80.1986999512,50134,50144,10
13.0800600052,80.1986236572,50144,50154,10
13.0809402466,80.1985397339,50154,50164,10
13.0817403793,80.1985397339,50164,50174,10
13.0825796127,80.1984710693,50174,50184,10
13.0832195282,80.1984710693,50184,50194,10
13.0836496353,80.1984481812,50194,50204,10
13.0840597153,80.1984634399,50204,50214,10
13.0846004486,80.1984786987,50214,50224,10
13.085100174,80.1984481812,50224,50235,11
13.0855102539,80.1984786987,50235,50245,10
13.0859699249,80.1984481812,50245,50255,10
13.0865497589,80.1984329224,50255,50265,10
13.086979866,80.1984176636,50265,50275,10
13.0870704651,80.1982192993,50275,50285,10
13.0870895386,80.1980133057,50285,50295,10
13.0870895386,80.1979980469,50295,50305,10
13.0871496201,80.1977081299,50305,50315,10
13.0871696472,80.1971817017,50315,50325,10
13.0871896744,80.1964263916,50325,50335,10
13.0872001648,80.1956100464,50335,50346,11
13.087220192,80.1948699951,50346,50356,10
13.0872402191,80.1941299438,50356,50366,10
13.0872602463,80.1933670044,50366,50376,10
13.0872602463,80.1932220459,50376,50386,10
13.0872497559,80.1930465698,50386,50396,10
13.0872802734,80.1926574707,50396,50406,10
13.0873498917,80.1921615601,50406,50416,10
13.087439537,80.1914978027,50416,50426,10
13.0875501633,80.1906967163,50426,50436,10
13.0876598358,80.1897735596,50436,50446,10
13.0876998901,80.1890411377,50446,50457,11
13.0876998901,80.1889724731,50457,50467,10
13.0877199173,80.1885299683,50467,50487,20
13.0877199173,80.1885299683,50487,50497,10
13.0877399445,80.1881332397,50497,50507,10
13.087770462,80.1875610352,50507,50517,10
13.0878095627,80.1868133545,50517,50527,10
13.0878601074,80.1859970093,50527,50537,10
13.0878696442,80.1855621338,50537,50547,10
13.0878801346,80.1853790283,50547,50558,11
13.0879297256,80.1847991943,50558,50568,10
13.0879602432,80.1840896606,50568,50578,10
13.0880098343,80.1832733154,50578,50588,10
13.0880403519,80.1824111938,50588,50598,10
13.0880804062,80.1816482544,50598,50608,10
13.0881204605,80.1807632446,50608,50618,10
13.0881099701,80.1800231934,50618,50628,10
13.0881099701,80.1796188354,50628,50638,10
13.0881204605,80.1792373657,50638,50648,10
13.0881099701,80.1788330078,50648,50658,10
13.0881204605,80.1788330078,50658,50669,11
13.0881500244,80.1783599854,50669,50679,10
13.0881595612,80.1776809692,50679,50689,10
13.0881500244,80.1771697998,50689,50699,10
13.0881795883,80.1767196655,50699,50709,10
13.0882301331,80.1759567261,50709,50719,10
13.0882997513,80.1750411987,50719,50729,10
13.0884103775,80.173866272,50729,50739,10
13.0884103775,80.173866272,50739,50749,10
13.0884599686,80.1735229492,50749,50759,10
13.0884895325,80.1731033325,50759,50769,10
13.0885000229,80.1725616455,50769,50780,11
13.0885000229,80.1719589233,50780,50790,10
13.0885000229,80.1718673706,50790,50800,10
13.0885400772,80.1715011597,50800,50810,10
13.0886001587,80.1707382202,50810,50840,30
13.0886001587,80.1707382202,50840,50850,10
13.0886001587,80.170463562,50850,50860,10
13.0886297226,80.1700820923,50860,50921,61
13.0886297226,80.1700820923,50921,50931,10
13.0886602402,80.169631958,50931,50941,10
13.0891504288,80.1695175171,50941,50951,10
13.0902004242,80.1695709229,50951,50992,41
13.0902004242,80.1695709229,50992,51002,10
13.0905704498,80.1696166992,51002,51012,10
13.0911903381,80.1696624756,51012,51022,10
13.0919303894,80.1697235107,51022,51032,10
13.09278965,80.1698226929,51032,51042,10
13.0937404633,80.1698379517,51042,51052,10
13.0945701599,80.1698074341,51052,51062,10
13.0947504044,80.1698608398,51062,51072,10
13.0949497223,80.1698684692,51072,51082,10
13.0953397751,80.1699371338,51082,51092,10
13.0960702896,80.1699371338,51092,51103,11
13.0969896317,80.1700210571,51103,51113,10
13.0979604721,80.1700668335,51113,51123,10
13.0989999771,80.1701202393,51123,51133,10
13.0996799469,80.1698303223,51133,51173,40
13.0996799469,80.1698303223,51173,51183,10
13.0994901657,80.169670105,51183,51224,41
13.0994901657,80.169670105,51224,51234,10
13.0991601944,80.169593811,51234,51244,10
13.0989398956,80.1695785522,51244,51254,10
13.098739624,80.1694793701,51254,51264,10
13.0986404419,80.1694030762,51264,51274,10
13.098449707,80.1693115234,51274,51426,152
13.098449707,80.1693115234,51426,51436,10
13.0982599258,80.1693878174,51436,51446,10
13.0983495712,80.1695785522,51446,51456,10
13.0985498428,80.1697006226,51456,51466,10
13.0986499786,80.1699066162,51466,53696,2230
13.0986499786,80.1699066162,53696,53705,9
13.0987701416,80.1697463989,53705,53716,11
13.0989103317,80.1696166992,53716,53727,11
13.0990896225,80.1695785522,53727,53737,10
13.0992498398,80.1696014404,53737,53747,10
13.0993795395,80.1697463989,53747,53918,171
13.0993795395,80.1697463989,53918,53928,10
13.0993795395,80.1700592041,53928,54038,110
13.0993795395,80.1700592041,54038,54050,12
13.0989103317,80.1701965332,54050,54060,10
13.0983400345,80.1701431274,54060,54070,10
13.0978002548,80.1700973511,54070,54080,10
13.0972700119,80.1700515747,54080,54090,10
13.0965099335,80.1699981689,54090,54100,10
13.0956401825,80.1699676514,54100,54110,10
13.0949001312,80.169921875,54110,54120,10
13.0946598053,80.1699371338,54120,54130,10
13.0944004059,80.1699295044,54130,54140,10
13.0938596725,80.1698913574,54140,54150,10
13.0931501389,80.1698532104,54150,54161,11
13.0921297073,80.1697998047,54161,54171,10
13.0912599564,80.169708252,54171,54181,10
13.0902996063,80.1696395874,54181,54191,10
13.0890598297,80.1695480347,54191,54261,70
13.0890598297,80.1695480347,54261,54272,11
13.0888795853,80.1694793701,54272,54282,10
13.0886497498,80.1697235107,54282,54292,10
13.0886001587,80.1703720093,54292,54302,10
13.0886001587,80.1707763672,54302,54312,10
13.0885801315,80.1712722778,54312,54322,10
13.0885400772,80.1718597412,54322,54332,10
13.08852005,80.1719894409,54332,54342,10
13.08852005,80.172416687,54342,54352,10
13.0884799957,80.1731719971,54352,54361,9
13.0884304047,80.1739807129,54361,54373,12
13.0883703232,80.1749725342,54373,54383,10
13.0882997513,80.1757965088,54383,54393,10
13.0882301331,80.1767578125,54393,54403,10
13.0882196426,80.1774368286,54403,54413,10
13.0882196426,80.1781921387,54413,54423,10
13.0882396698,80.1787033081,54423,54433,10
13.0882396698,80.1788330078,54433,54443,10
13.0882301331,80.1789474487,54443,54453,10
13.0882101059,80.1790084839,54453,54463,10
13.0882301331,80.1793136597,54463,54473,10
13.0882101059,80.1797180176,54473,54484,11
13.0881700516,80.1805419922,54484,54494,10
13.088139534,80.1809997559,54494,54504,10
13.088139534,80.1813201904,54504,54514,10
13.0881204605,80.1816101074,54514,54524,10
13.0881099701,80.1820831299,54524,54534,10
13.0880699158,80.1828384399,54534,54544,10
13.0880403519,80.1837615967,54544,54554,10
13.0880098343,80.1846084595,54554,54564,10
13.0880203247,80.1852798462,54564,54584,20
13.0880203247,80.1852798462,54584,54595,11
13.08796978,80.185546875,54595,54605,10
13.0879802704,80.1861495972,54605,54615,10
13.0879402161,80.1868972778,54615,54625,10
13.0879096985,80.1876831055,54625,54635,10
13.0878801346,80.1882781982,54635,54645,10
13.0878601074,80.1888885498,54645,54655,10
13.0878095627,80.1896820068,54655,54675,20
13.0878095627,80.1896820068,54675,54685,10
13.087770462,80.189781189,54685,54696,11
13.0877199173,80.1901092529,54696,54706,10
13.0876302719,80.1906661987,54706,54716,10
13.0875301361,80.1914367676,54716,54726,10
13.0874204636,80.1924819946,54726,54746,20
13.0874204636,80.1924819946,54746,54756,10
13.0874004364,80.1926422119,54756,54766,10
13.0873699188,80.1929702759,54766,54776,10
13.0873498917,80.1935424805,54776,54786,10
13.0873203278,80.1942520142,54786,54796,10
13.0873003006,80.195022583,54796,54807,11
13.0872898102,80.195892334,54807,54817,10
13.0872602463,80.1967697144,54817,54827,10
13.0872497559,80.1974334717,54827,54837,10
13.0872402191,80.1974716187,54837,54847,10
13.087220192,80.1975631714,54847,54857,10
13.087220192,80.1977920532,54857,54867,10
13.0872097015,80.1980667114,54867,54877,10
13.0872497559,80.1982727051,54877,54887,10
13.0872602463,80.1982727051,54887,54897,10
13.0874900818,80.1984024048,54897,54907,10
13.0878295898,80.1983718872,54907,54918,11
13.0884599686,80.1983566284,54918,54928,10
13.0891304016,80.1984024048,54928,54938,10
13.0897598267,80.1984176636,54938,54948,10
13.0904502869,80.1984863281,54948,54958,10
13.0911798477,80.1985626221,54958,54968,10
13.0917701721,80.1986236572,54968,54978,10
13.092499733,80.1986312866,54978,54988,10
13.0929698944,80.1988220215,54988,54998,10
13.0929403305,80.1993408203,54998,55008,10
13.0929002762,80.200012207,55008,55018,10
13.0928497314,80.2005615234,55018,55029,11
13.0925302505,80.2006072998,55029,55039,10
13.0918998718,80.2005767822,55039,55049,10
13.091219902,80.2005691528,55049,55059,10
13.0904798508,80.2005310059,55059,55069,10
13.0896501541,80.2005386353,55069,55079,10
13.0887403488,80.2004928589,55079,55089,10
13.0877799988,80.2004623413,55089,55099,10
13.0870704651,80.2004394531,55099,55109,10
13.0865802765,80.2004394531,55109,55119,10
13.0859203339,80.2004013062,55119,55130,11
13.0856599808,80.2003707886,55130,55140,10
13.0854501724,80.200340271,55140,55150,10
13.0852603912,80.2002410889,55150,55160,10
13.0852804184,80.1999588013,55160,55170,10
13.0853004456,80.1993713379,55170,55180,10
13.0852203369,80.1987228394,55180,55190,10
13.0846996307,80.1987304688,55190,55200,10
13.0841798782,80.1986923218,55200,55210,10
13.0841503143,80.1986923218,55210,55220,10
13.0837898254,80.1986694336,55220,55230,10
13.0830898285,80.198638916,55230,55281,51
13.0830898285,80.198638916,55281,55291,10
13.082909584,80.1986312866,55291,55301,10
13.0825300217,80.1986312866,55301,55311,10
13.0819797516,80.1986312866,55311,55321,10
13.0814599991,80.1986312866,55321,55331,10
13.0809202194,80.1986312866,55331,55342,11
13.0803203583,80.1986694336,55342,55352,10
13.0795202255,80.1987533569,55352,55362,10
13.0785703659,80.1988372803,55362,55372,10
13.0776901245,80.1989517212,55372,55382,10
13.0768499374,80.1990509033,55382,55392,10
13.0760402679,80.1991424561,55392,55402,10
13.0752401352,80.1992797852,55402,55412,10
13.0744695663,80.1996612549,55412,55422,10
13.0739097595,80.2001876831,55422,55432,10
13.0735797882,80.2005691528,55432,55442,10
13.0735197067,80.2006072998,55442,55453,11
13.0732002258,80.2009887695,55453,55463,10
13.0727596283,80.2015075684,55463,55473,10
13.072259903,80.2021408081,55473,55483,10
13.0716695786,80.2027893066,55483,55493,10
13.0710496902,80.2034835815,55493,55503,10
13.0704202652,80.2042236328,55503,55513,10
13.0699901581,80.204826355,55513,55523,10
13.0698900223,80.2050094604,55523,55533,10
13.0697097778,80.205039978,55533,55543,10
13.0693998337,80.2048492432,55543,55553,10
13.0690898895,80.2051391602,55553,55564,11
13.0686397552,80.2054367065,55564,55574,10
13.0680704117,80.2054214478,55574,55594,20
13.0680704117,80.2054214478,55594,55604,10
13.0679197311,80.2052536011,55604,55695,91
13.0679197311,80.2052536011,55695,55705,10
13.0681600571,80.2049713135,55705,55715,10
13.0682401657,80.2049331665,55715,55725,10
13.0683403015,80.2049179077,55725,55735,10
13.0687103271,80.204788208,55735,55745,10
13.0689001083,80.2047271729,55745,55755,10
13.0691699982,80.2046966553,55755,55765,10
13.0697803497,80.2049026489,55765,55796,31
13.0697803497,80.2049026489,55796,55806,10
13.069849968,80.2049865723,55806,55816,10
13.0697898865,80.2053222656,55816,55826,10
13.0694198608,80.2058563232,55826,55836,10
13.0689697266,80.2065505981,55836,55846,10
13.0684499741,80.2073898315,55846,55856,10
13.0678796768,80.2082824707,55856,55866,10
13.0672998428,80.2091598511,55866,55875,9
13.0666704178,80.2099304199,55875,55887,12
13.0657100677,80.2107467651,55887,55897,10
13.0651197433,80.2112426758,55897,55907,10
13.0649995804,80.2113265991,55907,55917,10
13.0646600723,80.2115020752,55917,55927,10
13.0640602112,80.2116775513,55927,55937,10
13.0633802414,80.2117614746,55937,55947,10
13.0625801086,80.2117919922,55947,55957,10
13.0618400574,80.2117080688,55957,55967,10
13.0606403351,80.2117080688,55967,55977,10
13.059510231,80.2116928101,55977,55986,9
13.0585203171,80.2116775513,55986,55998,12
13.0576696396,80.2116622925,55998,56008,10
13.0576000214,80.2116470337,56008,56018,10
13.0571603775,80.2116012573,56018,56028,10
13.0565500259,80.2116012573,56028,56038,10
13.0557899475,80.2116165161,56038,56048,10
13.0548801422,80.2116012573,56048,56058,10
13.0539598465,80.2116928101,56058,56068,10
13.0530099869,80.2119369507,56068,56078,10
13.0521497726,80.2121734619,56078,56088,10
13.051440239,80.2122421265,56088,56098,10
13.0508899689,80.2121963501,56098,56109,11
13.0498695374,80.2121810913,56109,56159,50
13.0498695374,80.2121810913,56159,56169,10
13.0495500565,80.2121963501,56169,56189,20
13.0495500565,80.2121963501,56189,56199,10
13.0493097305,80.2121887207,56199,56210,11
13.0488595963,80.2121963501,56210,56220,10
13.0482902527,80.2122573853,56220,56230,10
13.0475997925,80.2123184204,56230,56240,10
13.0467796326,80.2123565674,56240,56250,10
13.0457801819,80.2124023438,56250,56260,10
13.0450897217,80.2124328613,56260,56270,10
13.0445804596,80.2124481201,56270,56341,71
13.0445804596,80.2124481201,56341,56351,10
13.0441904068,80.2124404907,56351,56361,10
13.0437202454,80.2124328613,56361,56371,10
13.0429296494,80.2124176025,56371,56381,10
13.0421104431,80.2124099731,56381,56391,10
13.0414199829,80.2124099731,56391,56401,10
13.0405902863,80.2124099731,56401,56411,10
13.0396099091,80.2124328613,56411,56421,10
13.0386295319,80.2124633789,56421,56432,11
13.0375003815,80.2124404907,56432,56442,10
13.0365600586,80.2123565674,56442,56452,10
13.0356798172,80.2123336792,56452,56462,10
13.0349998474,80.2122573853,56462,56472,10
13.0344800949,80.2121582031,56472,56482,10
13.0341701508,80.212097168,56482,56492,10
13.0341100693,80.2120513916,56492,56502,10
13.033949852,80.2120437622,56502,56512,10
13.0335302353,80.2119674683,56512,56522,10
13.0327997208,80.2118225098,56522,56531,9
13.0321702957,80.2117385864,56531,56543,12
13.0320100784,80.2110214233,56543,56553,10
13.0320997238,80.2102432251,56553,56563,10
13.0319499969,80.2096176147,56563,56573,10
13.0312299728,80.2094573975,56573,56583,10
13.0304603577,80.2092437744,56583,56593,10
13.0298700333,80.2090606689,56593,56603,10
13.0295600891,80.2089691162,56603,56613,10
13.0295200348,80.208946228,56613,56623,10
13.0294504166,80.2089309692,56623,56633,10
13.029129982,80.2088317871,56633,56644,11
13.028380394,80.2086105347,56644,56654,10
13.027589798,80.2082977295,56654,56664,10
13.0267496109,80.2078018188,56664,56674,10
13.0257902145,80.2072372437,56674,56684,10
13.0246601105,80.206993103,56684,56694,10
13.0237102509,80.2067718506,56694,56704,10
13.0229101181,80.2066116333,56704,56714,10
13.0221395493,80.2065124512,56714,56724,10
13.0214996338,80.206489563,56724,56734,10
13.0206899643,80.2065124512,56734,56744,10
13.0197401047,80.20652771,56744,56755,11
13.0191001892,80.2063827515,56755,56765,10
13.0190896988,80.2063674927,56765,56775,10
13.0187997818,80.206237793,56775,56785,10
13.0182600021,80.2060394287,56785,56795,10
13.0176296234,80.2058181763,56795,56805,10
13.0170202255,80.205619812,56805,56815,10
13.0164604187,80.2053604126,56815,56825,10
13.0155601501,80.205078125,56825,56835,10
13.0146903992,80.2048187256,56835,56845,10
13.0141601563,80.2046432495,56845,56855,10
13.0141496658,80.2046279907,56855,56866,11
13.0139799118,80.2045898438,56866,56876,10
13.0138702393,80.2045593262,56876,56896,20
13.0138702393,80.2045593262,56896,56906,10
13.0136404037,80.2044677734,56906,56916,10
13.0135698318,80.2046127319,56916,56926,10
13.013420105,80.2049865723,56926,56935,9
13.0133304596,80.2054290771,56935,56946,11
13.0131397247,80.2060470581,56946,56956,10
13.0130195618,80.2066421509,56956,56967,11
13.0129995346,80.2071990967,56967,56977,10
13.0129299164,80.2076416016,56977,56987,10
13.0128898621,80.2079086304,56987,56997,10
13.0129003525,80.2084274292,56997,57007,10
13.0128602982,80.2086181641,57007,57017,10
13.0129299164,80.2090835571,57017,57027,10
13.0132198334,80.2097396851,57027,57037,10
13.0131797791,80.210319519,57037,57047,10
13.0129899979,80.2109680176,57047,57057,10
13.0126104355,80.2116928101,57057,57066,9
13.0122003555,80.2123336792,57066,57078,12
13.0118703842,80.2127990723,57078,57088,10
13.0116195679,80.2127075195,57088,57098,10
13.0111503601,80.212348938,57098,57108,10
13.0107402802,80.2119903564,57108,57118,10
13.0102500916,80.2116088867,57118,57128,10
13.0096902847,80.2111816406,57128,57138,10
13.0093898773,80.2110824585,57138,57158,20
13.0093898773,80.2110824585,57158,57168,10
13.0092697144,80.2112426758,57168,57178,10
13.009059906,80.2115097046,57178,57189,11
13.0091400146,80.2120819092,57189,57199,10
13.0093297958,80.212677002,57199,57209,10
13.0095500946,80.2132873535,57209,57219,10
13.0098400116,80.2139816284,57219,57229,10
13.0101003647,80.2146682739,57229,57239,10
13.010219574,80.2155227661,57239,57249,10
13.0105800629,80.2164382935,57249,57259,10
13.0110197067,80.2173080444,57259,57269,10
13.0113601685,80.2181777954,57269,57279,10
13.0116195679,80.2190628052,57279,57290,11
13.0119400024,80.2200393677,57290,57300,10
13.0122299194,80.2209091187,57300,57310,10
13.0123500824,80.2213973999,57310,57320,10
13.0124101639,80.2215576172,57320,57330,10
13.0127000809,80.2219772339,57330,57340,10
13.0130996704,80.2225112915,57340,57350,10
13.0135803223,80.2230377197,57350,57360,10
13.0140304565,80.2235565186,57360,57370,10
13.0144100189,80.2239608765,57370,57380,10
13.0148897171,80.2245178223,57380,57390,10
13.0150098801,80.224609375,57390,57401,11
13.015080452,80.2246780396,57401,57411,10
13.0153102875,80.2249908447,57411,57421,10
13.0153999329,80.225479126,57421,57431,10
13.015250206,80.2258377075,57431,57441,10
13.015080452,80.2259979248,57441,57451,10
13.0146102905,80.2261581421,57451,57461,10
13.0139398575,80.2263793945,57461,57471,10
13.0132799149,80.2266464233,57471,57481,10
13.0125102997,80.2269363403,57481,57490,9
13.0116701126,80.2272415161,57490,57502,12
13.0105104446,80.2277069092,57502,57512,10
13.0098600388,80.2279510498,57512,57522,10
13.0095300674,80.2275772095,57522,57532,10
13.0097999573,80.2270507813,57532,57542,10
13.0101203918,80.2263183594,57542,57552,10
13.0104398727,80.225479126,57552,57562,10
13.010720253,80.2248764038,57562,57572,10
13.0108995438,80.2244567871,57572,57582,10
13.0110902786,80.2239532471,57582,57592,10
13.0112600327,80.2235183716,57592,57601,9
13.0112199783,80.2231674194,57601,57613,12
13.0107297897,80.222869873,57613,57623,10
13.0104598999,80.2227401733,57623,57633,10
13.0099897385,80.2225112915,57633,57643,10
13.0093603134,80.2221832275,57643,57653,10
13.0086402893,80.2218017578,57653,57663,10
13.0078802109,80.2213973999,57663,57673,10
13.0070800781,80.2209625244,57673,57683,10
13.0062799454,80.2206420898,57683,57693,10
13.0054998398,80.2204818726,57693,57703,10
13.0048599243,80.2203216553,57703,57714,11
13.0039796829,80.2201538086,57714,57724,10
13.0032100677,80.2199478149,57724,57734,10
13.0024795532,80.2195663452,57734,57744,10
13.0019197464,80.2189788818,57744,57754,10
13.0012998581,80.2184371948,57754,57764,10
13.0006504059,80.2180175781,57764,57774,10
13.0000095367,80.2176208496,57774,57784,10
12.999250412,80.2171783447,57784,57794,10
12.9983797073,80.216758728,57794,57804,10
12.9975700378,80.216583252,57804,57814,10
12.9971704483,80.2165603638,57814,57825,11
12.9965696335,80.2165908813,57825,57835,10
12.9958600998,80.2166900635,57835,57845,10
12.9951295853,80.2170181274,57845,57855,10
12.994890213,80.2171936035,57855,57865,10
12.9946403503,80.2173690796,57865,57875,10
12.9944601059,80.2175064087,57875,57885,10
12.9941797256,80.2177276611,57885,57895,10
12.9938001633,80.2179794312,57895,57905,10
12.9932203293,80.2183837891,57905,57915,10
12.992600441,80.2188415527,57915,57925,10
12.9919395447,80.2193222046,57925,57936,11
12.9915399551,80.2195968628,57936,57946,10
12.9910402298,80.2194824219,57946,57956,10
12.9902696609,80.2192230225,57956,57966,10
12.9893102646,80.2188796997,57966,57976,10
12.9883298874,80.2185516357,57976,57986,10
12.9876899719,80.2184066772,57986,57996,10
12.9871301651,80.2182998657,57996,58006,10
12.9864301682,80.2181396484,58006,58016,10
12.9854803085,80.2179412842,58016,58026,10
12.9845304489,80.2179489136,58026,58036,10
12.9837303162,80.2179489136,58036,58047,11
12.9826698303,80.2179412842,58047,58057,10
12.9816799164,80.2179794312,58057,58067,10
12.9807596207,80.218208313,58067,58077,10
12.9800100327,80.2184677124,58077,58086,9
12.9794597626,80.2187194824,58086,58097,11
12.9788799286,80.2189865112,58097,58107,10
12.9785604477,80.2191314697,58107,58117,10
12.9779901505,80.2193908691,58117,58127,10
12.9771499634,80.2197189331,58127,58137,10
12.9762401581,80.220123291,58137,58148,11
12.9757995605,80.2203369141,58148,58248,100
12.9757995605,80.2203369141,58248,58259,11
12.9755401611,80.2205581665,58259,58269,10
12.9755096436,80.2208023071,58269,58279,10
12.9759302139,80.2211914063,58279,58370,91
12.9762802124,80.2212982178,58370,58571,201
12.9762802124,80.2212982178,58571,58582,11
12.9765796661,80.221282959,58582,58592,10
12.9767799377,80.2212905884,58592,58602,10
12.9771203995,80.2212600708,58602,58612,10
12.9776601791,80.2212295532,58612,58622,10
12.9781599045,80.2212219238,58622,58632,10
12.9785404205,80.2211914063,58632,58642,10
12.9790000916,80.2211990356,58642,58652,10
12.9795703888,80.2211608887,58652,58662,10
12.9801797867,80.2210922241,58662,58672,10
12.9808101654,80.2210464478,58672,58682,10
12.9813899994,80.2212295532,58682,58693,11
12.9819097519,80.2215423584,58693,58703,10
12.982460022,80.2217636108,58703,58713,10
12.9828901291,80.2219619751,58713,58723,10
12.9829702377,80.2220001221,58723,58733,10
12.9832000732,80.2221374512,58733,58743,10
12.9835395813,80.2223434448,58743,58753,10
12.984120369,80.2227096558,58753,58763,10
12.9847297668,80.2231063843,58763,58773,10
12.9853696823,80.2233123779,58773,58783,10
12.9857997894,80.2230300903,58783,58793,10
12.9864301682,80.2229995728,58793,58804,11
12.9865198135,80.2229766846,58804,58814,10
12.986869812,80.2230224609,58814,58824,10
12.9870595932,80.2230682373,58824,58834,10
12.9874200821,80.2231063843,58834,58844,10
12.9880104065,80.22290802,58844,58854,10
12.9886598587,80.2222976685,58854,58864,10
12.9892396927,80.2216720581,58864,58874,10
12.9898500443,80.220916748,58874,58884,10
12.9903802872,80.2204437256,58884,58894,10
12.9904899597,80.2203598022,58894,58905,11
12.9907102585,80.220161438,58905,58915,10
12.9910402298,80.219909668,58915,58925,10
12.9914903641,80.2195663452,58925,58935,10
12.9920101166,80.2192001343,58935,58945,10
12.9926099777,80.2187576294,58945,58955,10
12.9932498932,80.2182769775,58955,58965,10
12.9939002991,80.2178268433,58965,58975,10
12.9944801331,80.2174224854,58975,58985,10
12.9950704575,80.2170028687,58985,58995,10
12.9956502914,80.2167205811,58995,59005,10
12.9961500168,80.2166366577,59005,59026,21
12.9961500168,80.2166366577,59026,59036,10
12.9966201782,80.2165374756,59036,59046,10
12.9970302582,80.2164764404,59046,59056,10
12.9973802567,80.2162322998,59056,59066,10
12.9975204468,80.2161026001,59066,59076,10
12.9976396561,80.2159805298,59076,59086,10
12.9979400635,80.2157363892,59086,59096,10
12.9983997345,80.2153701782,59096,59106,10
12.9988899231,80.2149276733,59106,59116,10
12.9991397858,80.2147216797,59116,59127,11
12.999540329,80.2143936157,59127,59137,10
12.9999399185,80.2140274048,59137,59147,10
13.0003595352,80.2136535645,59147,59157,10
13.0008296967,80.2132415771,59157,59167,10
13.0012598038,80.2129135132,59167,59177,10
13.0015001297,80.2127304077,59177,59187,10
13.0018196106,80.2125015259,59187,59197,10
13.0020599365,80.2123413086,59197,59207,10
13.0023603439,80.2122192383,59207,59216,9
13.0029201508,80.2120819092,59216,59258,42
13.0029201508,80.2120819092,59258,59268,10
13.003490448,80.212059021,59268,59278,10
13.0036697388,80.2118606567,59278,59288,10
13.0036697388,80.2114334106,59288,59298,10
13.0036201477,80.2107391357,59298,59308,10
13.0035200119,80.2100067139,59308,59318,10
13.0035600662,80.2092971802,59318,59328,10
13.0038299561,80.2086334229,59328,59339,11
13.0046901703,80.2089385986,59339,59349,10
13.0054702759,80.2092971802,59349,59359,10
13.0062398911,80.2095794678,59359,59369,10
13.0068302155,80.2097473145,59369,59379,10
13.007349968,80.2098617554,59379,59409,30
13.007349968,80.2098617554,59409,59419,10
13.0077199936,80.2098922729,59419,59429,10
13.0079202652,80.2099380493,59429,59439,10
13.0081300735,80.2099685669,59439,59450,11
13.0080699921,80.2095031738,59450,59460,10
13.0079298019,80.2088012695,59460,59470,10
13.0078201294,80.2079772949,59470,59480,10
13.0076799393,80.2070922852,59480,59490,10
13.0075502396,80.2061920166,59490,59500,10
13.0074996948,80.2052688599,59500,59510,10
13.0074996948,80.2044372559,59510,59520,10
13.0074396133,80.203742981,59520,59530,10
13.0073003769,80.2029571533,59530,59540,10
13.0067396164,80.2025527954,59540,59551,11
13.0066604614,80.2032394409,59551,59561,10
13.0071697235,80.2035598755,59561,59571,10
13.0077896118,80.2037200928,59571,59581,10
13.008600235,80.2037124634,59581,59591,10
13.0095996857,80.2036514282,59591,59601,10
13.0106897354,80.2036514282,59601,59611,10
13.0118598938,80.2037811279,59611,59621,10
13.0129203796,80.2039718628,59621,59631,10
13.0134401321,80.2041015625,59631,59641,10
13.0137996674,80.2042388916,59641,59650,9
13.0143098831,80.2043991089,59650,59662,12
13.014840126,80.2045593262,59662,59672,10
13.0148696899,80.2045593262,59672,59682,10
13.0152301788,80.2046890259,59682,59692,10
13.0158996582,80.2049789429,59692,59702,10
13.0163402557,80.2052230835,59702,59712,10
13.0168600082,80.2051010132,59712,59722,10
13.0176401138,80.2054977417,59722,59732,10
13.017780304,80.2055969238,59732,59742,10
13.0181903839,80.2057723999,59742,59752,10
13.0186395645,80.2059173584,59752,59763,11
13.0186700821,80.2059402466,59763,59773,10
13.0189399719,80.2060317993,59773,59783,10
13.0193996429,80.2061920166,59783,59793,10
13.0201396942,80.2063522339,59793,59803,10
13.0209999084,80.2063674927,59803,59813,10
13.021900177,80.2063369751,59813,59823,10
13.0227298737,80.2064437866,59823,59833,10
13.0235099792,80.2066116333,59833,59843,10
13.0242395401,80.206741333,59843,59853,10
13.0243196487,80.2067337036,59853,59863,10
13.0248003006,80.2068481445,59863,59874,11
13.0255403519,80.2070999146,59874,59884,10
13.026309967,80.2075119019,59884,59894,10
13.027130127,80.2080001831,59894,59904,10
13.0279998779,80.2084732056,59904,59914,10
13.0289497375,80.2087402344,59914,59924,10
13.0298595428,80.2089080811,59924,59934,10
13.0308198929,80.2091827393,59934,59944,10
13.0315999985,80.2093734741,59944,59954,10
13.0317001343,80.2093734741,59954,59964,10
13.0317802429,80.2094268799,59964,59974,10
13.0318698883,80.2094497681,59974,59985,11
13.0320796967,80.2094802856,59985,59995,10
13.0325498581,80.2096176147,59995,60005,10
13.0332098007,80.209777832,60005,60015,10
13.0340995789,80.2099609375,60015,60025,10
13.0349502563,80.2101669312,60025,60035,10
13.0350399017,80.2107620239,60035,60045,10
13.0350599289,80.2113037109,60045,60065,20
13.0350599289,80.2113037109,60065,60075,10
13.0350399017,80.2113800049,60075,60086,11
13.0349798203,80.2117462158,60086,60096,10
13.0349597931,80.2118530273,60096,60106,10
13.0349397659,80.2119903564,60106,60116,10
13.0349903107,80.2121887207,60116,60126,10
13.0353298187,80.2122573853,60126,60136,10
13.0358295441,80.2122879028,60136,60146,10
13.0364398956,80.2123413086,60146,60156,10
13.0369195938,80.2123413086,60156,60166,10
13.0372896194,80.2123031616,60166,60176,10
13.0379104614,80.2123031616,60176,60186,10
13.0387601852,80.2122802734,60186,60197,11
13.0398302078,80.2123031616,60197,60207,10
13.0410499573,80.2123184204,60207,60217,10
13.0420598984,80.2122802734,60217,60227,10
13.0430202484,80.2123184204,60227,60237,10
13.0435304642,80.2122192383,60237,60277,40
13.0435304642,80.2122192383,60277,60287,10
13.0437498093,80.2121505737,60287,60298,11
13.0441598892,80.2121963501,60298,60308,10
13.0446195602,80.2122268677,60308,60318,10
13.04529953,80.2122192383,60318,60328,10
13.0460996628,80.2121963501,60328,60338,10
13.0469398499,80.2121810913,60338,60348,10
13.0477695465,80.2120819092,60348,60358,10
13.0482997894,80.2120437622,60358,60368,10
13.0483102798,80.2120285034,60368,60378,10
13.048500061,80.2119598389,60378,60388,10
13.0485696793,80.2119598389,60388,60398,10
13.0488300323,80.2119522095,60398,60429,31
13.0488300323,80.2119522095,60429,60439,10
13.0490999222,80.2119827271,60439,60449,10
13.0494003296,80.2119674683,60449,60459,10
13.0495700836,80.2119598389,60459,60469,10
13.0495901108,80.2119522095,60469,60479,10
13.0498695374,80.2118988037,60479,60489,10
13.0500898361,80.2119216919,60489,60499,10
13.0502796173,80.2119216919,60499,60509,10
13.0505800247,80.2120285034,60509,60520,11
13.0509195328,80.2120513916,60520,60530,10
13.0518102646,80.2120666504,60530,60540,10
13.0529098511,80.2117919922,60540,60550,10
13.0538301468,80.2115936279,60550,60560,10
13.0541095734,80.2115402222,60560,60570,10
13.0542602539,80.2115097046,60570,60580,10
13.0546798706,80.2114562988,60580,60590,10
13.055390358,80.2114562988,60590,60600,10
13.0562801361,80.2114486694,60600,60610,10
13.057220459,80.2114334106,60610,60621,11
13.0576696396,80.2114028931,60621,60631,10
13.0577602386,80.21144104,60631,60641,10
13.0581598282,80.2114334106,60641,60651,10
13.0586700439,80.2114562988,60651,60661,10
13.0592002869,80.2114868164,60661,60671,10
13.059920311,80.2115020752,60671,60681,10
13.0607595444,80.2115631104,60681,60691,10
13.0614204407,80.2116699219,60691,60701,10
13.0620803833,80.2116317749,60701,60711,10
13.0629997253,80.2116088867,60711,60721,10
13.0632696152,80.211517334,60721,60732,11
13.0635595322,80.211517334,60732,60742,10
13.0640096664,80.211479187,60742,60752,10
13.0648002625,80.211227417,60752,60762,10
13.0655498505,80.2106704712,60762,60772,10
13.066280365,80.2100524902,60772,60782,10
13.0670003891,80.2092895508,60782,60792,10
13.0675001144,80.208480835,60792,60802,10
13.0680704117,80.207572937,60802,60812,10
13.0686702728,80.2066726685,60812,60822,10
13.0692100525,80.2058181763,60822,60833,11
13.0694999695,80.205329895,60833,60843,10
13.0695104599,80.2053070068,60843,60853,10
13.0696201324,80.2051315308,60853,60863,10
13.0695800781,80.2047805786,60863,60873,10
13.0691900253,80.2049865723,60873,60883,10
13.0689296722,80.2052993774,60883,60893,10
13.0688295364,80.2051391602,60893,60964,71
13.0688295364,80.2051391602,60964,60974,10
13.068860054,80.204788208,60974,60984,10
13.0691299438,80.2047195435,60984,60994,10
13.0693998337,80.2047576904,60994,61004,10
13.0696201324,80.2048034668,61004,61014,10
13.0699596405,80.2048416138,61014,61024,10
13.0703201294,80.2043380737,61024,61034,10
13.0708398819,80.2036590576,61034,61044,10
13.0715198517,80.2028274536,61044,61055,11
13.0720596313,80.2021636963,61055,61145,90
13.0720596313,80.2021636963,61145,61156,11
13.0721597672,80.2020874023,61156,61166,10
13.0723104477,80.2019271851,61166,61176,10
13.0726099014,80.2015609741,61176,61186,10
13.07310009,80.2009811401,61186,61196,10
13.0734500885,80.2005996704,61196,61206,10
13.0738401413,80.2001419067,61206,61216,10
13.0745000839,80.1994018555,61216,61236,20
13.0745000839,80.1994018555,61236,61246,10
13.0745897293,80.1993103027,61246,61256,10
13.0749702454,80.1991271973,61256,61267,11
13.0756902695,80.1990432739,61267,61277,10
13.0765399933,80.1990509033,61277,61287,10
13.0774297714,80.1989593506,61287,61297,10
13.0783004761,80.1988601685,61297,61307,10
13.0791902542,80.1987686157,61307,61317,10
13.0800504684,80.1986923218,61317,61327,10
13.0808601379,80.1986236572,61327,61337,10
13.081609726,80.198600769,61337,61347,10
13.0825996399,80.1985168457,61347,61367,20
13.0825996399,80.1985168457,61367,61378,11
13.0829801559,80.1985397339,61378,61388,10
13.0834197998,80.1985397339,61388,61398,10
13.0836896896,80.1985092163,61398,61408,10
13.0840997696,80.1985015869,61408,61418,10
13.0846500397,80.1985168457,61418,61428,10
13.0850896835,80.1984710693,61428,61438,10
13.085439682,80.1984786987,61438,61448,10
13.085849762,80.1984634399,61448,61458,10
13.0863895416,80.1984405518,61458,61467,9
13.0867595673,80.1984405518,61467,61478,11
13.0870304108,80.1983718872,61478,61489,11
13.087100029,80.1979370117,61489,61499,10
13.0871095657,80.1978988647,61499,61509,10
13.0871295929,80.1977920532,61509,61519,10
13.0871696472,80.1974105835,61519,61529,10
13.0871896744,80.1967697144,61529,61539,10
13.0872097015,80.1959609985,61539,61549,10
13.0872297287,80.1952209473,61549,61559,10
13.087269783,80.194442749,61559,61569,10
13.0872898102,80.1934967041,61569,61579,10
13.0873498917,80.1925582886,61579,61590,11
13.0874595642,80.1915817261,61590,61600,10
13.0875701904,80.1906585693,61600,61610,10
13.0876703262,80.1899414063,61610,61620,10
13.0877199173,80.1892929077,61620,61630,10
13.0877304077,80.1890335083,61630,61640,10
13.0877599716,80.188949585,61640,61650,10
13.087770462,80.1884536743,61650,61680,30
13.087770462,80.1884536743,61680,61690,10
13.0878000259,80.1881027222,61690,61701,11
13.0878295898,80.1875228882,61701,61711,10
13.0878896713,80.1867980957,61711,61721,10
13.0879201889,80.1859893799,61721,61731,10
13.0879402161,80.1851425171,61731,61741,10
13.08796978,80.1844329834,61741,61751,10
13.0879898071,80.1837234497,61751,61761,10
13.0880403519,80.1828384399,61761,61771,10
13.0880899429,80.1819000244,61771,61781,10
13.0881500244,80.1808776855,61781,61791,10
13.0881595612,80.1798706055,61791,61801,10
13.0881595612,80.1792221069,61801,61812,11
13.0881595612,80.1791610718,61812,61822,10
13.0881500244,80.179069519,61822,61832,10
13.0881595612,80.1787185669,61832,61842,10
13.0881795883,80.1781005859,61842,61852,10
13.0881996155,80.1773529053,61852,61862,10
13.0882396698,80.1765594482,61862,61872,10
13.0882997513,80.1755905151,61872,61882,10
13.0883903503,80.1745376587,61882,61892,10
13.0884599686,80.1735305786,61892,61902,10
13.0885400772,80.1721115112,61902,61923,21
13.0885400772,80.1721115112,61923,61933,10
13.0885601044,80.1719894409,61933,61943,10
13.0885801315,80.1715774536,61943,61953,10
13.0886297226,80.1709213257,61953,61963,10
13.0886802673,80.1701126099,61963,61973,10
13.0888595581,80.1694793701,61973,61983,10
13.089389801,80.1695404053,61983,61993,10
13.0900096893,80.1695709229,61993,62003,10
13.0907897949,80.1696395874,62003,62013,10
13.0916900635,80.1697006226,62013,62024,11
13.0926599503,80.1697769165,62024,62034,10
13.0935401917,80.1698226929,62034,62044,10
13.0945396423,80.1698532104,62044,62064,20
13.0945396423,80.1698532104,62064,62074,10
13.0948801041,80.1699066162,62074,62084,10
13.0950899124,80.1699371338,62084,62094,10
13.0956096649,80.1699829102,62094,62104,10
13.0963401794,80.1699905396,62104,62114,10
13.0972204208,80.1700363159,62114,62125,11
13.0982103348,80.1700973511,62125,62135,10
13.0990695953,80.1701278687,62135,62145,10
13.0993900299,80.1701278687,62145,62155,10
13.0995798111,80.1701126099,62155,62165,10
13.0996904373,80.1698532104,62165,62215,50
13.0994997025,80.1698074341,62215,62478,263
13.0994796753,80.1701583862,62478,62569,91
13.0995101929,80.1702575684,62569,62730,161
13.0995101929,80.1702575684,62730,62740,10
13.0995397568,80.1702194214,62740,62821,81
13.099439621,80.1700820923,62821,62921,100
13.099439621,80.1700820923,62921,62932,11
13.0990200043,80.1702423096,62932,62942,10
13.0985803604,80.1701965332,62942,62952,10
13.0979499817,80.1701507568,62952,62962,10
13.0972795486,80.1700973511,62962,62972,10
13.0965204239,80.1700592041,62972,62982,10
13.0957202911,80.1700134277,62982,62993,11
13.0950403214,80.1699676514,62993,63003,10
13.0947999954,80.1699676514,63003,63013,10
13.0945396423,80.1699523926,63013,63023,10
13.09416008,80.1698989868,63023,63033,10
13.0934896469,80.1698532104,63033,63043,10
13.0927200317,80.1698074341,63043,63053,10
13.0919599533,80.1697769165,63053,63063,10
13.0912704468,80.1697235107,63063,63073,10
13.0905504227,80.1696777344,63073,63082,9
13.0898399353,80.1696472168,63082,63094,12
13.0890398026,80.1696014404,63094,63184,90
13.0890398026,80.1696014404,63184,63194,10
13.0888004303,80.1695709229,63194,63205,11
13.0886697769,80.1701431274,63205,63215,10
13.0886497498,80.1708374023,63215,63225,10
13.0886297226,80.1712417603,63225,63235,10
13.0886201859,80.1718826294,63235,63245,10
13.0886297226,80.1719284058,63245,63255,10
13.0885896683,80.1722412109,63255,63265,10
13.0885601044,80.1728363037,63265,63275,10
13.08852005,80.1736679077,63275,63285,10
13.0884799957,80.1745681763,63285,63295,10
13.0884504318,80.1750717163,63295,63304,9
13.0883903503,80.1756973267,63304,63316,12
13.0883197784,80.1767272949,63316,63326,10
13.0882797241,80.177482605,63326,63336,10
13.0882797241,80.1781463623,63336,63346,10
13.0882902145,80.1785888672,63346,63356,10
13.0882902145,80.1786117554,63356,63366,10
13.0882701874,80.1787796021,63366,63376,10
13.0882797241,80.1790008545,63376,63386,10
13.0882701874,80.1793212891,63386,63396,10
13.088259697,80.1798019409,63396,63406,10
13.0882501602,80.1804580688,63406,63417,11
13.0882196426,80.1813201904,63417,63427,10
13.0881996155,80.1821517944,63427,63437,10
13.088139534,80.1829376221,63437,63447,10
13.0880899429,80.1837463379,63447,63457,10
13.0880498886,80.1846008301,63457,63467,10
13.0880498886,80.1851806641,63467,63477,10
13.0880498886,80.1852111816,63477,63487,10
13.0880403519,80.1854095459,63487,63497,10
13.0880098343,80.1858978271,63497,63507,10
13.08796978,80.1866073608,63507,63517,10
13.0879602432,80.1874313354,63517,63528,11
13.0879402161,80.1881637573,63528,63538,10
13.0878801346,80.1889038086,63538,63548,10
13.0878200531,80.1897964478,63548,63568,20
13.0878200531,80.1897964478,63568,63578,10
13.0877799988,80.1900177002,63578,63588,10
13.0877199173,80.1905212402,63588,63598,10
13.0876398087,80.1911468506,63598,63608,10
13.0875501633,80.1918029785,63608,63618,10
13.0874795914,80.1922073364,63618,63629,11
13.087439537,80.1926116943,63629,63639,10
13.0873804092,80.1930770874,63639,63649,10
13.0873603821,80.1937713623,63649,63659,10
13.0873298645,80.1945419312,63659,63669,10
13.0873298645,80.1952667236,63669,63679,10
13.0873098373,80.1960906982,63679,63689,10
13.0872898102,80.1969299316,63689,63699,10
13.0872802734,80.1975021362,63699,63709,10
13.0872802734,80.1978225708,63709,63719,10
13.0872802734,80.1980209351,63719,63729,10
13.0873203278,80.1983413696,63729,63740,11
13.0874795914,80.1985015869,63740,63750,10
13.087849617,80.1984710693,63750,63760,10
13.0883703232,80.1984100342,63760,63770,10
13.0890398026,80.1984405518,63770,63780,10
13.0895900726,80.1984634399,63780,63790,10
13.0901699066,80.1985092163,63790,63800,10
13.090880394,80.1985702515,63800,63810,10
13.0914897919,80.198600769,63810,63820,10
13.0921201706,80.1986694336,63820,63830,10
13.092880249,80.1986694336,63830,63840,10
13.093000412,80.1991271973,63840,63851,11
13.0929498672,80.1998977661,63851,63861,10
13.0929203033,80.2004928589,63861,63881,20
13.0929203033,80.2004928589,63881,63891,10
13.0929203033,80.2005996704,63891,63901,10
13.0926103592,80.200630188,63901,63911,10
13.092040062,80.2006072998,63911,63921,10
13.0913496017,80.2005767822,63921,63931,10
13.0910196304,80.2005767822,63931,63941,10
13.0906801224,80.2005615234,63941,63952,11
13.090089798,80.2005615234,63952,63962,10
13.0894804001,80.2005462646,63962,63972,10
13.0887899399,80.2005081177,63972,63982,10
13.0879898071,80.2004928589,63982,63992,10
13.0874795914,80.2004776001,63992,64002,10
13.0872802734,80.2004470825,64002,64012,10
13.0871200562,80.2004394531,64012,64022,10
13.0868501663,80.2004394531,64022,64032,10
13.0864601135,80.2004318237,64032,64042,10
13.0861196518,80.2003936768,64042,64052,10
13.0859098434,80.200378418,64052,64063,11
13.0856103897,80.2003707886,64063,64083,20
13.0856103897,80.2003707886,64083,64093,10
13.0853099823,80.2001800537,64093,64103,10
13.0853204727,80.1997299194,64103,64113,10
13.0853099823,80.1990585327,64113,64123,10
13.0851602554,80.1987075806,64123,64133,10
13.0848197937,80.1987228394,64133,64143,10
13.084400177,80.1987075806,64143,64153,10
13.0842695236,80.1987075806,64153,64164,11
13.083990097,80.1986999512,64164,64174,10
13.0836601257,80.1986923218,64174,64204,30
13.0836601257,80.1986923218,64204,64214,10
13.0835103989,80.1986465454,64214,64224,10
13.0832195282,80.1986694336,64224,64234,10
13.0829296112,80.1986465454,64234,64244,10
13.0824699402,80.1986618042,64244,64254,10
13.0820198059,80.1986618042,64254,64264,10
13.081489563,80.1986618042,64264,64275,11
13.0809202194,80.1986618042,64275,64285,10
13.0802698135,80.1987304688,64285,64295,10
13.0795402527,80.1987991333,64295,64305,10
13.0787200928,80.1988830566,64305,64315,10
13.0778503418,80.1989898682,64315,64325,10
13.0769701004,80.1990890503,64325,64335,10
13.0760202408,80.1992034912,64335,64345,10
13.0750904083,80.1994018555,64345,64355,10
13.0742797852,80.1998901367,64355,64365,10
13.0737695694,80.2004165649,64365,64375,10
13.0736598969,80.2005615234,64375,64386,11
13.0734100342,80.2008514404,64386,64396,10
13.07310009,80.2012634277,64396,64406,10
13.0729703903,80.201423645,64406,64416,10
13.072930336,80.2014694214,64416,64426,10
13.072810173,80.2015914917,64426,64436,10
13.0726699829,80.2017669678,64436,64446,10
13.0724496841,80.202041626,64446,64456,10
13.0720701218,80.2024078369,64456,64466,10
13.071559906,80.2029571533,64466,64476,10
13.070980072,80.20362854,64476,64487,11
13.0703201294,80.2044067383,64487,64497,10
13.0700597763,80.2047576904,64497,64507,10
13.0700502396,80.2047729492,64507,64517,10
13.0699596405,80.2049789429,64517,64577,60
13.0699596405,80.2049789429,64577,64587,10
13.069609642,80.2049484253,64587,64598,11
13.0692396164,80.2049789429,64598,64608,10
13.0689296722,80.2053833008,64608,64618,10
13.0683803558,80.2054824829,64618,64628,10
13.0679702759,80.2053375244,64628,64688,60
13.0679998398,80.2049789429,64688,64719,31
13.0679998398,80.2049789429,64719,64729,10
13.0682497025,80.2049407959,64729,64739,10
13.0684700012,80.2049026489,64739,64749,10
13.0687704086,80.2047805786,64749,64759,10
13.0690898895,80.2047424316,64759,64769,10
13.0693101883,80.2047576904,64769,64779,10
13.0693597794,80.2047805786,64779,64789,10
13.0696201324,80.2048187256,64789,64799,10
13.0697898865,80.2049331665,64799,64810,11
13.0698404312,80.2052078247,64810,64820,10
13.069560051,80.205657959,64820,64830,10
13.0691604614,80.2062835693,64830,64840,10
13.0686798096,80.20703125,64840,64850,10
13.068189621,80.2078323364,64850,64860,10
13.0676603317,80.2086410522,64860,64870,10
13.0671195984,80.2094726563,64870,64880,10
13.0664300919,80.2102279663,64880,64890,10
13.0657501221,80.2108306885,64890,64900,10
13.0652303696,80.2112197876,64900,64921,21
13.0650997162,80.2112884521,64921,64941,20
13.0650997162,80.2112884521,64941,64951,10
13.0650701523,80.2113037109,64951,64961,10
13.064740181,80.2114868164,64961,64971,10
13.0642204285,80.2117004395,64971,64981,10
13.063949585,80.2117385864,64981,64991,10
13.0636196136,80.2117462158,64991,65001,10
13.0630903244,80.2117767334,65001,65010,9
13.0625495911,80.211807251,65010,65022,12
13.0617799759,80.2118835449,65022,65032,10
13.060839653,80.2117919922,65032,65042,10
13.0598802567,80.2117385864,65042,65052,10
13.058930397,80.2117233276,65052,65062,10
13.0584897995,80.2116775513,65062,65072,10
13.0581798553,80.2117233276,65072,65082,10
13.0578603745,80.2117004395,65082,65092,10
13.05768013,80.2116928101,65092,65102,10
13.0574598312,80.2116622925,65102,65112,10
13.0569400787,80.2116394043,65112,65122,10
13.0562295914,80.2116317749,65122,65133,11
13.0553302765,80.2116088867,65133,65143,10
13.0547599792,80.2116165161,65143,65153,10
13.0544900894,80.2116317749,65153,65163,10
13.0539598465,80.2117080688,65163,65173,10
13.0532598495,80.2118682861,65173,65183,10
13.052740097,80.2120285034,65183,65193,10
13.0525903702,80.212059021,65193,65213,20
13.0525903702,80.212059021,65213,65223,10
13.0523700714,80.2121276855,65223,65233,10
13.0521497726,80.2121810913,65233,65244,11
13.0519895554,80.2122268677,65244,65254,10
13.051779747,80.2122573853,65254,65264,10
13.0513896942,80.212272644,65264,65274,10
13.0509500504,80.2121734619,65274,65284,10
13.0501403809,80.2121734619,65284,65355,71
13.0501403809,80.2121734619,65355,65365,10
13.0498895645,80.2121963501,65365,65375,10
13.0494298935,80.2122192383,65375,65395,20
13.0494298935,80.2122192383,65395,65405,10
13.0492801666,80.2122268677,65405,65415,10
13.0490198135,80.2122421265,65415,65425,10
13.0486097336,80.2122497559,65425,65435,10
13.0481300354,80.2122802734,65435,65445,10
13.0474596024,80.212348938,65445,65456,11
13.0465202332,80.2123718262,65456,65466,10
13.0456199646,80.2124023438,65466,65476,10
13.0448703766,80.2124481201,65476,65486,10
13.0442199707,80.2124404907,65486,65496,10
13.0434103012,80.2124176025,65496,65506,10
13.0424404144,80.2124099731,65506,65516,10
13.0414199829,80.2124176025,65516,65526,10
13.0402898788,80.2124404907,65526,65536,10
13.0395803452,80.2124404907,65536,65546,10
13.0389003754,80.2124633789,65546,65556,10
13.0380897522,80.2124862671,65556,65567,11
13.0372200012,80.2124176025,65567,65577,10
13.0367202759,80.2123413086,65577,65587,10
13.0359296799,80.2124023438,65587,65607,20
13.0359296799,80.2124023438,65607,65617,10
13.0356397629,80.2123794556,65617,65627,10
13.0354795456,80.2123565674,65627,65637,10
13.0349597931,80.2122879028,65637,65668,31
13.0349597931,80.2122879028,65668,65678,10
13.0347499847,80.2121505737,65678,65688,10
13.0344400406,80.2121200562,65688,65698,10
13.034070015,80.212097168,65698,65708,10
13.0340099335,80.212097168,65708,65718,10
13.0339298248,80.2121124268,65718,65728,10
13.0336999893,80.212059021,65728,65738,10
13.0333795547,80.2119979858,65738,65748,10
13.0328702927,80.2119369507,65748,65758,10
13.0322504044,80.2118606567,65758,65768,10
13.0319004059,80.2117080688,65768,65779,11
13.0319595337,80.2111816406,65779,65789,10
13.0320396423,80.2105712891,65789,65799,10
13.0321102142,80.2100372314,65799,65809,10
13.0319499969,80.2097015381,65809,65819,10
13.031370163,80.2095489502,65819,65829,10
13.0306196213,80.2093276978,65829,65849,20
13.0306196213,80.2093276978,65849,65859,10
13.0303001404,80.2091903687,65859,65869,10
13.02987957,80.2090606689,65869,65880,11
13.0296401978,80.2089920044,65880,65890,10
13.0295495987,80.2089691162,65890,65900,10
13.0293798447,80.2089233398,65900,65910,10
13.0289001465,80.2088088989,65910,65920,10
13.0281600952,80.2086029053,65920,65930,10
13.0274295807,80.2082672119,65930,65940,10
13.0266704559,80.2078018188,65940,65950,10
13.0258903503,80.2073135376,65950,65960,10
13.0249300003,80.2070617676,65960,65970,10
13.0243797302,80.2069778442,65970,65980,10
13.0242395401,80.2069396973,65980,65991,11
13.0241003036,80.2069091797,65991,66001,10
13.0237503052,80.2068099976,66001,66011,10
13.0232095718,80.2066726685,66011,66021,10
13.0226402283,80.2065505981,66021,66031,10
13.022310257,80.206489563,66031,66041,10
13.0222597122,80.2064819336,66041,66051,10
13.0220603943,80.206413269,66051,66061,10
13.0216999054,80.2064437866,66061,66081,20
13.0216999054,80.2064437866,66081,66092,11
13.0212497711,80.2064666748,66092,66102,10
13.0206203461,80.206489563,66102,66112,10
13.0198497772,80.2064971924,66112,66122,10
13.0192403793,80.2063980103,66122,66132,10
13.0192203522,80.2063980103,66132,66142,10
13.0190095901,80.2063369751,66142,66152,10
13.0185403824,80.206161499,66152,66162,10
13.0179901123,80.2059936523,66162,66172,10
13.0174503326,80.2057571411,66172,66182,10
13.0170602798,80.2055969238,66182,66192,10
13.0165395737,80.2053604126,66192,66203,11
13.0157299042,80.2050628662,66203,66213,10
13.0149497986,80.2048492432,66213,66223,10
13.0144300461,80.2046813965,66223,66233,10
13.0143499374,80.2046585083,66233,66243,10
13.0140695572,80.2045516968,66243,66253,10
13.0136404037,80.204460144,66253,66263,10
13.0135402679,80.204750061,66263,66273,10
13.0133800507,80.2052688599,66273,66283,10
13.0132198334,80.2058029175,66283,66294,11
13.0130701065,80.2063903809,66294,66303,9
13.0129995346,80.2070007324,66303,66314,11
13.0129299164,80.2076797485,66314,66324,10
13.0128803253,80.2079391479,66324,66334,10
13.0128498077,80.208442688,66334,66344,10
13.0128898621,80.2087097168,66344,66354,10
13.012960434,80.2091827393,66354,66364,10
13.0132102966,80.2097015381,66364,66374,10
13.0131797791,80.2101821899,66374,66384,10
13.0130596161,80.2108764648,66384,66394,10
13.0127296448,80.2115783691,66394,66404,10
13.0123796463,80.2121887207,66404,66415,11
13.0119800568,80.2127532959,66415,66425,10
13.0117797852,80.2128601074,66425,66435,10
13.0114803314,80.2126312256,66435,66445,10
13.0107898712,80.212097168,66445,66465,20
13.0107898712,80.212097168,66465,66475,10
13.0106801987,80.2120132446,66475,66485,10
13.0104999542,80.2118682861,66485,66495,10
13.0102596283,80.2117080688,66495,66505,10
13.0100097656,80.2115020752,66505,66515,10
13.0098104477,80.2113494873,66515,66606,91
13.0094995499,80.2111282349,66606,66717,111
13.0094995499,80.2111282349,66717,66727,10
13.0092201233,80.2111816406,66727,66738,11
13.0090303421,80.2115631104,66738,66748,10
13.0091695786,80.2121887207,66748,66758,10
13.0094003677,80.2128829956,66758,66768,10
13.0096597672,80.2135162354,66768,66778,10
13.0099401474,80.2141723633,66778,66788,10
13.0101499557,80.2148895264,66788,66798,10
13.0102796555,80.2157363892,66798,66808,10
13.0106697083,80.2166671753,66808,66818,10
13.0111503601,80.2176971436,66818,66828,10
13.0115499496,80.2188262939,66828,66838,10
13.0119304657,80.2199172974,66838,66849,11
13.0123300552,80.2210617065,66849,66859,10
13.0126600266,80.2217636108,66859,66869,10
13.0132598877,80.2224884033,66869,66879,10
13.0138196945,80.22315979,66879,66889,10
13.0142803192,80.2236480713,66889,66899,10
13.0146598816,80.2240905762,66899,66909,10
13.0149002075,80.2245330811,66909,66919,10
13.0152397156,80.2249298096,66919,66929,10
13.0153198242,80.2250213623,66929,66939,10
13.0154600143,80.2252578735,66939,66950,11
13.0154600143,80.2255172729,66950,66960,10
13.015250206,80.2258834839,66960,66970,10
13.0147600174,80.2260818481,66970,66980,10
13.0140800476,80.2263793945,66980,66990,10
13.013299942,80.2266921997,66990,67000,10
13.0124597549,80.2270278931,67000,67010,10
13.0115995407,80.2273635864,67010,67020,10
13.010720253,80.227722168,67020,67030,10
13.0099401474,80.228012085,67030,67040,10
13.009469986,80.2277832031,67040,67051,11
13.0096302032,80.2273330688,67051,67061,10
13.0098800659,80.2267837524,67061,67071,10
13.0100297928,80.2264709473,67071,67081,10
13.0101299286,80.2262191772,67081,67091,10
13.0102396011,80.2259368896,67091,67101,10
13.0103197098,80.2257614136,67101,67111,10
13.0104398727,80.2254562378,67111,67121,10
13.0105495453,80.2252426147,67121,67131,10
13.0106697083,80.2250213623,67131,67141,10
13.0107898712,80.2247390747,67141,67151,10
13.0109596252,80.2241973877,67151,67162,11
13.0112400055,80.2234802246,67162,67172,10
13.0111598969,80.2231903076,67172,67182,10
13.0106697083,80.2229614258,67182,67192,10
13.0101604462,80.2226791382,67192,67202,10
13.0097398758,80.2224502563,67202,67212,10
13.0093698502,80.2222366333,67212,67222,10
13.008939743,80.2219924927,67222,67232,10
13.0084400177,80.2217025757,67232,67242,10
13.0078401566,80.2213821411,67242,67252,10
13.0072402954,80.2210617065,67252,67262,10
13.0067195892,80.2208099365,67262,67273,11
13.0059299469,80.2205810547,67273,67283,10
13.0050601959,80.2203826904,67283,67293,10
13.0042896271,80.2202072144,67293,67303,10
13.003490448,80.2200164795,67303,67313,10
13.0027503967,80.2197494507,67313,67323,10
13.0021495819,80.2192611694,67323,67333,10
13.0017795563,80.2188491821,67333,67343,10
13.0013799667,80.2185134888,67343,67353,10
13.0009803772,80.218208313,67353,67363,10
13.0004796982,80.2179031372,67363,67374,11
12.9999198914,80.2175598145,67374,67384,10
12.9993495941,80.2172164917,67384,67394,10
12.9991397858,80.2171096802,67394,67404,10
12.9989204407,80.217010498,67404,67414,10
12.998459816,80.2167892456,67414,67424,10
12.9980201721,80.2166519165,67424,67434,10
12.9978504181,80.2166137695,67434,67444,10
12.9976396561,80.2165908813,67444,67464,20
12.9973297119,80.2165908813,67464,67535,71
12.9973297119,80.2165908813,67535,67545,10
12.9969797134,80.2165985107,67545,67555,10
12.9968204498,80.2165985107,67555,67565,10
12.9966497421,80.2166137695,67565,67575,10
12.9965000153,80.2166290283,67575,67586,11
12.9962396622,80.2166595459,67586,67596,10
12.9960699081,80.2166900635,67596,67606,10
12.9958400726,80.2167510986,67606,67616,10
12.9954595566,80.2169036865,67616,67636,20
12.9954595566,80.2169036865,67636,67646,10
12.9950799942,80.217086792,67646,67656,10
12.9949302673,80.2171936035,67656,67666,10
12.9946699142,80.2173614502,67666,67676,10
12.9941997528,80.2176971436,67676,67686,10
12.993639946,80.2181167603,67686,67697,11
12.9929304123,80.2186431885,67697,67707,10
12.9921998978,80.2191772461,67707,67717,10
12.9914798737,80.2196731567,67717,67737,20
12.9914798737,80.2196731567,67737,67747,10
12.9913396835,80.2196426392,67747,67757,10
12.9910297394,80.2195205688,67757,67767,10
12.9909896851,80.2194976807,67767,67777,10
12.9906301498,80.219367981,67777,67787,10
12.9900598526,80.2191619873,67787,67798,11
12.9892902374,80.2188796997,67798,67808,10
12.9884195328,80.2185897827,67808,67818,10
12.9876298904,80.2184295654,67818,67828,10
12.9870300293,80.2183380127,67828,67838,10
12.9869003296,80.2183227539,67838,67848,10
12.9868402481,80.2183227539,67848,67858,10
12.9864702225,80.2182006836,67858,67868,10
12.9858903885,80.2180480957,67868,67878,10
12.9850702286,80.2180023193,67878,67888,10
12.9843397141,80.2180328369,67888,67898,10
12.9841003418,80.2180480957,67898,67909,11
12.9839897156,80.2180709839,67909,67919,10
12.9835300446,80.2180709839,67919,67929,10
12.9828195572,80.2180786133,67929,67939,10
12.9823598862,80.2180633545,67939,67949,10
12.9819002151,80.2180404663,67949,67959,10
12.9812202454,80.2181625366,67959,67969,10
12.9805202484,80.2183837891,67969,67979,10
12.9801197052,80.218536377,67979,67989,10
12.9797401428,80.2186965942,67989,67999,10
12.9792499542,80.2188873291,67999,68010,11
12.9788198471,80.2190704346,68010,68020,10
12.9784402847,80.2192306519,68020,68030,10
12.9778795242,80.2194671631,68030,68040,10
12.9771299362,80.2197723389,68040,68050,10
12.9764499664,80.2200698853,68050,68060,10
12.9760198593,80.2202529907,68060,68090,30
12.9756498337,80.2203826904,68090,68171,81
12.975399971,80.2203292847,68171,68252,81
12.9754295349,80.2206802368,68252,68282,30
12.975689888,80.220916748,68282,68595,313
12.975689888,80.220916748,68595,68605,10
12.9759702682,80.2211532593,68605,69029,424
12.9759702682,80.2211532593,69029,69039,10
12.9764204025,80.221282959,69039,69049,10
12.9767198563,80.221282959,69049,69059,10
12.9771499634,80.2212905884,69059,69069,10
12.9775295258,80.2212677002,69069,69079,10
12.97797966,80.2212677002,69079,69090,11
12.9785604477,80.2212219238,69090,69100,10
12.9791297913,80.2211837769,69100,69110,10
12.9797201157,80.2211532593,69110,69120,10
12.9803600311,80.2210922241,69120,69130,10
12.9809799194,80.2210998535,69130,69140,10
12.9815797806,80.2213897705,69140,69150,10
12.9819898605,80.2216491699,69150,69160,10
12.9824495316,80.2218475342,69160,69180,20
12.9824495316,80.2218475342,69180,69190,10
12.9828796387,80.2220230103,69190,69211,21
12.9828796387,80.2220230103,69211,69221,10
12.9830904007,80.2221221924,69221,69231,10
12.9832601547,80.2222213745,69231,69241,10
12.983300209,80.2222366333,69241,69251,10
12.9835100174,80.2223968506,69251,69261,10
12.9837198257,80.2225036621,69261,69271,10
12.9840803146,80.2227325439,69271,69281,10
12.98458004,80.2230377197,69281,69290,9
12.9851398468,80.2233123779,69290,69302,12
12.9856100082,80.2231521606,69302,69312,10
12.9860696793,80.2230300903,69312,69322,10
12.9864797592,80.2230300903,69322,69332,10
12.9865703583,80.2230224609,69332,69342,10
12.9867401123,80.2230377197,69342,69352,10
12.9870100021,80.2230911255,69352,69362,10
12.9873895645,80.2231369019,69362,69372,10
12.9878902435,80.2230224609,69372,69382,10
12.9883899689,80.2226409912,69382,69392,10
12.9888401031,80.2222213745,69392,69402,10
12.989279747,80.2217330933,69402,69413,11
12.9895896912,80.2212905884,69413,69423,10
12.9904203415,80.220451355,69423,69453,30
12.9904203415,80.220451355,69453,69463,10
12.9907903671,80.220161438,69463,69473,10
12.9914102554,80.2196731567,69473,69514,41
12.9914102554,80.2196731567,69514,69524,10
12.9917402267,80.2193984985,69524,69534,10
12.992190361,80.2191009521,69534,69544,10
12.9928398132,80.2186431885,69544,69554,10
12.9936304092,80.2180862427,69554,69564,10
12.9942502975,80.2176513672,69564,69574,10
12.994799614,80.2172393799,69574,69584,10
12.99518013,80.2169799805,69584,69594,10
12.9957304001,80.2167434692,69594,69604,10
12.9963998795,80.2165985107,69604,69614,10
12.9975299835,80.2161865234,69614,69635,21
12.9975299835,80.2161865234,69635,69645,10
12.997759819,80.2159881592,69645,69655,10
12.9981603622,80.2156600952,69655,69665,10
12.9986801147,80.2151870728,69665,69675,10
12.9991197586,80.2148208618,69675,69685,10
12.9993600845,80.21459198,69685,69695,10
12.9997701645,80.2142333984,69695,69705,10
13.000169754,80.2138671875,69705,69715,10
13.0006999969,80.2134094238,69715,69726,11
13.00137043,80.2128982544,69726,69736,10
13.001950264,80.2124633789,69736,69746,10
13.0023603439,80.2122421265,69746,69756,10
13.0027799606,80.2121505737,69756,69766,10
13.0032901764,80.2121276855,69766,69776,10
13.0035896301,80.2120437622,69776,69796,20
13.0035896301,80.2120437622,69796,69806,10
13.003660202,80.211807251,69806,69816,10
13.003660202,80.2113189697,69816,69826,10
13.0035800934,80.2106781006,69826,69837,11
13.003490448,80.2098999023,69837,69847,10
13.0035800934,80.2091674805,69847,69857,10
13.0039596558,80.2086715698,69857,69867,10
13.0046701431,80.2089920044,69867,69877,10
13.005399704,80.209312439,69877,69887,10
13.0060396194,80.2095489502,69887,69897,10
13.0065097809,80.2097091675,69897,69907,10
13.0071401596,80.2098464966,69907,69927,20
13.0071401596,80.2098464966,69927,69936,9
13.0073003769,80.2098922729,69936,69948,12
13.0074501038,80.2099304199,69948,69958,10
13.0076599121,80.2099761963,69958,69968,10
13.0080003738,80.2100524902,69968,69988,20
13.0080003738,80.2100524902,69988,69998,10
13.0081796646,80.2099227905,69998,70008,10
13.0080604553,80.2094802856,70008,70018,10
13.0079402924,80.2088165283,70018,70028,10
13.007809639,80.2080230713,70028,70038,10
13.0076799393,80.2071304321,70038,70049,11
13.0075502396,80.2061309814,70049,70059,10
13.0074901581,80.2051773071,70059,70069,10
13.0074796677,80.2043609619,70069,70079,10
13.0074100494,80.2036437988,70079,70089,10
13.0072097778,80.2027893066,70089,70099,10
13.0065603256,80.2027816772,70099,70108,9
13.0066404343,80.2033233643,70108,70119,11
13.0072898865,80.203666687,70119,70129,10
13.008020401,80.2037734985,70129,70139,10
13.0088996887,80.2037277222,70139,70149,10
13.0099401474,80.2036819458,70149,70160,11
13.0111999512,80.2037277222,70160,70170,10
13.0123100281,80.2039031982,70170,70180,10
13.0130901337,80.2040481567,70180,70190,10
13.013420105,80.2041320801,70190,70200,10
13.0137395859,80.204246521,70200,70210,10
13.0142402649,80.2044296265,70210,70220,10
13.0148696899,80.2046508789,70220,70230,10
13.014960289,80.2046890259,70230,70240,10
13.0150003433,80.2047424316,70240,70250,10
13.0153799057,80.2048568726,70250,70271,21
13.0153799057,80.2048568726,70271,70281,10
13.0158500671,80.2049026489,70281,70321,40
13.0158500671,80.2049026489,70321,70331,10
13.0161600113,80.2050476074,70331,70341,10
13.0163297653,80.205116272,70341,70351,10
13.0165996552,80.2051391602,70351,70372,21
13.0165996552,80.2051391602,70372,70382,10
13.0168600082,80.2051773071,70382,70392,10
13.0170898438,80.2053833008,70392,70402,10
13.0176200867,80.2055664063,70402,70412,10
13.018239975,80.2058105469,70412,70422,10
13.018699646,80.2059783936,70422,70432,10
13.0187501907,80.2060012817,70432,70442,10
13.0189504623,80.2061004639,70442,70452,10
13.0194101334,80.2062225342,70452,70462,10
13.0200996399,80.2063064575,70462,70472,10
13.0209102631,80.2062988281,70472,70483,11
13.0213699341,80.2062911987,70483,70493,10
13.0215902328,80.2063064575,70493,70503,10
13.0219697952,80.2063369751,70503,70513,10
13.0225696564,80.2064437866,70513,70523,10
13.0233697891,80.2065734863,70523,70533,10
13.024140358,80.2066726685,70533,70543,10
13.0243701935,80.2067337036,70543,70553,10
13.024430275,80.2067871094,70553,70563,10
13.0248804092,80.2068710327,70563,70573,10
13.0255498886,80.2070999146,70573,70584,11
13.0263299942,80.2075195313,70584,70594,10
13.0270700455,80.2079467773,70594,70604,10
13.0278501511,80.2083969116,70604,70614,10
13.0286102295,80.2086486816,70614,70624,10
13.0290403366,80.2087402344,70624,70634,10
13.0292396545,80.2087783813,70634,70644,10
13.0295495987,80.2088394165,70644,70654,10
13.0299596786,80.2089614868,70654,70664,10
13.0303401947,80.2090835571,70664,70674,10
13.030790329,80.2091903687,70674,70685,11
13.0312995911,80.2093429565,70685,70695,10
13.0315103531,80.2094192505,70695,70705,10
13.0315799713,80.2094726563,70705,70715,10
13.0319404602,80.2095413208,70715,70725,10
13.0325899124,80.2096481323,70725,70735,10
13.0333003998,80.2098083496,70735,70745,10
13.0341501236,80.2100219727,70745,70755,10
13.0347299576,80.2101364136,70755,70765,10
13.0350198746,80.2103805542,70765,70775,10
13.0349798203,80.2108001709,70775,70785,10
13.0349903107,80.2111968994,70785,70806,21
13.0349903107,80.2111968994,70806,70816,10
13.034910202,80.2114105225,70816,70826,10
13.0348901749,80.2115631104,70826,70836,10
13.0348701477,80.2117385864,70836,70846,10
13.0348501205,80.2121124268,70846,70856,10
13.0353403091,80.2123031616,70856,70866,10
13.0360403061,80.2123184204,70866,70876,10
13.0366401672,80.2123413086,70876,70886,10
13.0369796753,80.2123413086,70886,70896,10
13.0370903015,80.2123336792,70896,70907,11
13.0374603271,80.2123413086,70907,70917,10
13.0380897522,80.212348938,70917,70927,10
13.0389003754,80.2123031616,70927,70937,10
13.0396795273,80.2123031616,70937,70947,10
13.0406904221,80.2122879028,70947,70957,10
13.0418195724,80.2122802734,70957,71068,111
13.0418195724,80.2122802734,71068,71078,10
13.0420598984,80.2122497559,71078,71088,10
13.0427598953,80.2122573853,71088,71411,323
13.0427598953,80.2122573853,71411,71421,10
13.0431098938,80.212272644,71421,71431,10
13.0435199738,80.2122573853,71431,71442,11
13.0438499451,80.2122573853,71442,71452,10
13.0442399979,80.212272644,71452,71462,10
13.0445995331,80.2122573853,71462,71472,10
13.0451698303,80.2122573853,71472,71482,10
13.0457401276,80.212272644,71482,71492,10
13.0462799072,80.2122802734,71492,71502,10
13.0468196869,80.2122802734,71502,71512,10
13.0474100113,80.2121810913,71512,71522,10
13.0479402542,80.2121124268,71522,71532,10
13.0484695435,80.2120437622,71532,71553,21
13.0484695435,80.2120437622,71553,71563,10
13.0486698151,80.2120132446,71563,71573,10
13.0490198135,80.2119827271,71573,71583,10
13.0494203568,80.2119598389,71583,71593,10
13.0497703552,80.2119598389,71593,71613,20
13.0497703552,80.2119598389,71613,71623,10
13.0501003265,80.2119522095,71623,71633,10
13.0503396988,80.2119827271,71633,71642,9
13.0506000519,80.2120132446,71642,71654,12
13.051150322,80.2120513916,71654,71664,10
13.0519399643,80.2120285034,71664,71674,10
13.0526895523,80.2118606567,71674,71684,10
13.0535497665,80.2116317749,71684,71694,10
13.0541496277,80.2114868164,71694,71704,10
13.0545101166,80.2114562988,71704,71714,10
13.0550203323,80.2114562988,71714,71724,10
13.0557804108,80.211479187,71724,71734,10
13.0566396713,80.2114562988,71734,71744,10
13.0573501587,80.2114181519,71744,71754,10
13.0574998856,80.2114181519,71754,71765,11
13.0577096939,80.2114181519,71765,71775,10
13.0582103729,80.2114486694,71775,71785,10
13.0586700439,80.211479187,71785,71795,10
13.0592002869,80.2115020752,71795,71805,10
13.0598897934,80.2115478516,71805,71815,10
13.0607004166,80.2115936279,71815,71825,10
13.0614404678,80.2116088867,71825,71835,10
13.0620002747,80.2116470337,71835,71845,10
13.0626802444,80.2116317749,71845,71866,21
13.0626802444,80.2116317749,71866,71876,10
13.0631198883,80.2115707397,71876,71886,10
13.0635700226,80.2115097046,71886,71896,10
13.0640096664,80.2115020752,71896,71906,10
13.0646400452,80.2112808228,71906,71916,10
13.065320015,80.2108764648,71916,71926,10
13.0661001205,80.2102432251,71926,71936,10
13.06690979,80.2095031738,71936,71946,10
13.0672597885,80.2088317871,71946,71956,10
13.0675296783,80.2083816528,71956,71966,10
13.0679502487,80.2077484131,71966,71977,11
13.0684995651,80.2069396973,71977,71987,10
13.069029808,80.2061233521,71987,71997,10
13.0694503784,80.205368042,71997,72007,10
13.0695800781,80.2048797607,72007,72017,10
13.0691900253,80.2049636841,72017,72027,10
13.0688199997,80.205368042,72027,72057,30
13.0688199997,80.205368042,72057,72067,10
13.0687398911,80.2052612305,72067,72077,10
13.0687303543,80.2050094604,72077,72088,11
13.0687303543,80.2049865723,72088,72098,10
13.0689001083,80.2048034668,72098,72108,10
13.0690803528,80.2047729492,72108,72118,10
13.0692796707,80.204788208,72118,72128,10
13.0693302155,80.2048034668,72128,72138,10
13.0695695877,80.2048416138,72138,72148,10
13.069849968,80.2048721313,72148,72158,10
13.0701398849,80.204498291,72158,72168,10
13.070599556,80.2039337158,72168,72178,10
13.0711297989,80.2033233643,72178,72189,11
13.0717802048,80.2025222778,72189,72209,20
13.0717802048,80.2025222778,72209,72219,10
13.0718297958,80.2024993896,72219,72229,10
13.0720796585,80.2022323608,72229,72239,10
13.0723695755,80.2018890381,72239,72249,10
13.0727901459,80.2013778687,72249,72259,10
13.0732603073,80.2007827759,72259,72269,10
13.0736999512,80.2002792358,72269,72279,10
13.0740804672,80.1998214722,72279,72288,9
13.0742301941,80.1996688843,72288,72300,12
13.0744400024,80.1994781494,72300,72310,10
13.0746002197,80.1993637085,72310,72320,10
13.0750799179,80.199180603,72320,72330,10
13.0758304596,80.1991195679,72330,72340,10
13.0767002106,80.1990737915,72340,72350,10
13.077580452,80.19896698,72350,72360,10
13.078379631,80.1988677979,72360,72370,10
13.0791797638,80.1987762451,72370,72380,10
13.0798902512,80.1987075806,72380,72390,10
13.0806102753,80.198638916,72390,72401,11
13.081410408,80.1986236572,72401,72411,10
13.0822000504,80.1985702515,72411,72421,10
13.0828399658,80.1985397339,72421,72431,10
13.0833702087,80.1985168457,72431,72441,10
13.0837697983,80.1985015869,72441,72451,10
13.0841999054,80.1985015869,72451,72461,10
13.0845003128,80.1985092163,72461,72471,10
13.084690094,80.1985015869,72471,72481,10
13.0848999023,80.1984786987,72481,72491,10
13.0851602554,80.1984481812,72491,72502,11
13.0854597092,80.1984405518,72502,72512,10
13.0857896805,80.1984100342,72512,72522,10
13.0862998962,80.1984100342,72522,72532,10
13.086640358,80.1984405518,72532,72562,30
13.086640358,80.1984405518,72562,72572,10
13.0870103836,80.1984176636,72572,72592,20
13.0870800018,80.1983032227,72592,72613,21
13.0870800018,80.1983032227,72613,72623,10
13.0871095657,80.1980133057,72623,72633,10
13.0871095657,80.1978683472,72633,72643,10
13.0871400833,80.1974411011,72643,72653,10
13.0871601105,80.1968002319,72653,72663,10
13.0871696472,80.1960296631,72663,72673,10
13.0871801376,80.1956481934,72673,72683,10
13.0871801376,80.1954879761,72683,72693,10
13.0872001648,80.1950302124,72693,72703,10
13.0872297287,80.1943206787,72703,72713,10
13.0872297287,80.1935119629,72713,72724,11
13.0872297287,80.1931610107,72724,72734,10
13.0872402191,80.1928482056,72734,72804,70
13.0872402191,80.1928482056,72804,72814,10
13.0873003006,80.1925506592,72814,72825,11
13.087389946,80.1918792725,72825,72835,10
13.0874996185,80.1910705566,72835,72845,10
13.0876197815,80.1901397705,72845,72855,10
13.0876903534,80.1890716553,72855,72875,20
13.0876903534,80.1890716553,72875,72885,10
13.0877199173,80.1888427734,72885,72895,10
13.0877199173,80.1888275146,72895,72905,10
13.0877199173,80.1885223389,72905,72915,10
13.0877504349,80.1882019043,72915,72924,9
13.0877799988,80.187828064,72924,72936,12
13.0878295898,80.1870422363,72936,72946,10
13.0878601074,80.1862792969,72946,72956,10
13.0878801346,80.1854934692,72956,72966,10
13.0879297256,80.184753418,72966,72976,10
13.08796978,80.1838531494,72976,72986,10
13.0880098343,80.1829071045,72986,72996,10
13.0880403519,80.1820373535,72996,73006,10
13.0880899429,80.1811599731,73006,73016,10
13.0880699158,80.1800231934,73016,73036,20
13.0880699158,80.1800231934,73036,73047,11
13.0880699158,80.1797409058,73047,73057,10
13.0880899429,80.179397583,73057,73067,10
13.0880804062,80.1789398193,73067,73077,10
13.0880804062,80.1789093018,73077,73087,10
13.0880899429,80.1787261963,73087,73097,10
13.0881099701,80.1782531738,73097,73107,10
13.088139534,80.1777114868,73107,73116,9
13.0881299973,80.1772766113,73116,73127,11
13.0881795883,80.1766815186,73127,73137,10
13.0882196426,80.1759109497,73137,73148,11
13.0882701874,80.1749191284,73148,73158,10
13.0883703232,80.1740570068,73158,73168,10
13.0884399414,80.1730499268,73168,73178,10
13.0884799957,80.1718597412,73178,73198,20
13.0884799957,80.1718597412,73198,73208,10
13.0885095596,80.1714782715,73208,73218,10
13.0885400772,80.1709289551,73218,73228,10
13.0885801315,80.1702728271,73228,73238,10
13.0886602402,80.169670105,73238,73247,9
13.0890598297,80.1695480347,73247,73259,12
13.0898599625,80.1696166992,73259,73269,10
13.0906200409,80.169670105,73269,73279,10
13.0913600922,80.1697235107,73279,73289,10
13.0919504166,80.1697463989,73289,73299,10
13.0926303864,80.1697921753,73299,73309,10
13.0933799744,80.1698608398,73309,73319,10
13.0941801071,80.1698913574,73319,73329,10
13.0945901871,80.1698989868,73329,73339,10
13.094619751,80.1698989868,73339,73349,10
13.0948400497,80.169921875,73349,73359,10
13.0950202942,80.1699295044,73359,73370,11
13.0955095291,80.1699676514,73370,73380,10
13.0961704254,80.1699981689,73380,73390,10
13.0969600677,80.1700515747,73390,73400,10
13.0977201462,80.1700973511,73400,73410,10
13.0983400345,80.1701278687,73410,73420,10
13.099029541,80.1701583862,73420,73430,10
13.0995597839,80.1701126099,73430,73459,29
13.0995597839,80.1701126099,73459,73471,12
13.0996599197,80.1698226929,73471,73491,20
13.0996599197,80.1698226929,73491,73501,10
13.0993700027,80.1697463989,73501,73612,111
13.0993204117,80.1700820923,73612,74914,1302
13.0993204117,80.1700820923,74914,74924,10
13.0989904404,80.1703033447,74924,74934,10
13.0986795425,80.170249939,74934,74944,10
13.0983104706,80.1702194214,74944,74954,10
13.097820282,80.170173645,74954,74964,10
13.0972099304,80.1701202393,74964,74975,11
13.0965003967,80.1700820923,74975,74985,10
13.0958299637,80.1700363159,74985,74995,10
13.0951404572,80.1700134277,74995,75005,10
13.0948600769,80.1699981689,75005,75015,10
13.0946798325,80.1699829102,75015,75025,10
13.0944499969,80.1699371338,75025,75035,10
13.0940504074,80.1698989868,75035,75045,10
13.0933799744,80.169883728,75045,75055,10
13.0925397873,80.1698532104,75055,75065,10
13.091629982,80.1698074341,75065,75075,10
13.0908699036,80.1697616577,75075,75086,11
13.090470314,80.169708252,75086,75096,10
13.0899496078,80.1696929932,75096,75106,10
13.0893201828,80.169631958,75106,75116,10
13.0891103745,80.1696166992,75116,75126,10
13.0890398026,80.169631958,75126,75136,10
13.088760376,80.169631958,75136,75146,10
13.088640213,80.169960022,75146,75156,10
13.0886001587,80.1704177856,75156,75166,10
13.0885696411,80.1710968018,75166,75175,9
13.088549614,80.1717224121,75175,75187,12
13.0885400772,80.1719589233,75187,75197,10
13.08852005,80.1720581055,75197,75207,10
13.0884799957,80.1724395752,75207,75217,10
13.0884504318,80.1730117798,75217,75227,10
13.0883998871,80.1736526489,75227,75237,10
13.0883598328,80.1744003296,75237,75247,10
13.0883197784,80.1751022339,75247,75257,10
13.0882501602,80.1759567261,75257,75267,10
13.0881996155,80.1769104004,75267,75277,10
13.0881795883,80.1775283813,75277,75287,10
13.0881500244,80.1781692505,75287,75298,11
13.0881500244,80.1787185669,75298,75308,10
13.0881595612,80.1787261963,75308,75318,10
13.0881595612,80.1790390015,75318,75328,10
13.0881700516,80.1794891357,75328,75368,40
13.0881700516,80.1794891357,75368,75378,10
13.0881700516,80.1797637939,75378,75388,10
13.0881299973,80.1803131104,75388,75399,11
13.0881004333,80.1811599731,75399,75409,10
13.0880498886,80.1819992065,75409,75419,10
13.0880203247,80.1828308105,75419,75429,10
13.0879602432,80.1837081909,75429,75439,10
13.0879201889,80.1845779419,75439,75449,10
13.0879297256,80.185218811,75449,75459,10
13.0879201889,80.1855010986,75459,75469,10
13.0879001617,80.1860275269,75469,75479,10
13.0878696442,80.1866607666,75479,75489,10
13.0878400803,80.1873626709,75489,75498,9
13.0878200531,80.1879577637,75498,75510,12
13.0877599716,80.1887817383,75510,75520,10
13.0877399445,80.1894226074,75520,75530,10
13.0877103806,80.1898269653,75530,75550,20
13.0877103806,80.1898269653,75550,75560,10
13.0876903534,80.1902084351,75560,75570,10
13.0875902176,80.1908569336,75570,75580,10
13.0874700546,80.19165802,75580,75590,10
13.0873603821,80.1923522949,75590,75600,10
13.0872602463,80.1931228638,75600,75611,11
13.0872497559,80.1940917969,75611,75621,10
13.0872297287,80.1948013306,75621,75631,10
13.087220192,80.1953201294,75631,75641,10
13.0872001648,80.1959533691,75641,75651,10
13.0871696472,80.1966934204,75651,75661,10
13.0871601105,80.1974334717,75661,75671,10
13.0871696472,80.1978378296,75671,75681,10
13.0871896744,80.1979904175,75681,75691,10
13.087220192,80.198348999,75691,75701,10
13.0874099731,80.1985168457,75701,75711,10
13.0878801346,80.1985015869,75711,75722,11
13.0886602402,80.1984634399,75722,75732,10
13.0892896652,80.1985015869,75732,75742,10
13.0899896622,80.1985397339,75742,75752,10
13.090760231,80.1986083984,75752,75762,10
13.0915899277,80.1986618042,75762,75772,10
13.0924196243,80.1986999512,75772,75782,10
13.0928297043,80.1987075806,75782,75792,10
13.0929498672,80.1990203857,75792,75802,10
13.092880249,80.1996688843,75802,75812,10
13.0928297043,80.2004394531,75812,75821,9
13.0926303864,80.200668335,75821,75833,12
13.0919904709,80.200630188,75833,75843,10
13.0912599564,80.2006225586,75843,75853,10
13.0904502869,80.2005767822,75853,75863,10
13.0896396637,80.2005386353,75863,75873,10
13.0888996124,80.2005615234,75873,75883,10
13.088060379,80.2005310059,75883,75893,10
13.0873403549,80.2004776001,75893,75903,10
13.0870399475,80.2004470825,75903,75913,10
13.086520195,80.2004318237,75913,75923,10
13.0859298706,80.2004013062,75923,75934,11
13.0855102539,80.2003936768,75934,75944,10
13.0852403641,80.2003173828,75944,75954,10
13.0852403641,80.1998519897,75954,75964,10
13.0852499008,80.1991729736,75964,75974,10
13.0850296021,80.1986999512,75974,75984,10
13.0845098495,80.1987228394,75984,75994,10
13.0843896866,80.1987075806,75994,76004,10
13.0840997696,80.1987228394,76004,76014,10
13.0836496353,80.1987075806,76014,76024,10
13.0831298828,80.1986694336,76024,76033,9
13.083029747,80.1986618042,76033,76045,12
13.0825500488,80.198638916,76045,76055,10
13.0820398331,80.1986618042,76055,76065,10
13.081489563,80.1986694336,76065,76075,10
13.0807600021,80.198677063,76075,76085,10
13.0799303055,80.1987609863,76085,76095,10
13.0790395737,80.1988220215,76095,76105,10
13.0781097412,80.1989364624,76105,76115,10
13.0772695541,80.1990203857,76115,76125,10
13.076379776,80.1991271973,76125,76135,10
13.0754804611,80.1992492676,76135,76146,11
13.0745296478,80.1996231079,76146,76156,10
13.0738897324,80.2001419067,76156,76166,10
13.0734901428,80.2006225586,76166,76176,10
13.0730104446,80.2012634277,76176,76186,10
13.0724697113,80.2018814087,76186,76196,10
13.0722503662,80.2021789551,76196,76206,10
13.0718202591,80.2025680542,76206,76216,10
13.0714101791,80.2030410767,76216,76226,10
13.0710201263,80.2035217285,76226,76236,10
13.0705499649,80.2040786743,76236,76246,10
13.0701303482,80.2046585083,76246,76257,11
13.0700397491,80.2048568726,76257,76267,10
13.0699396133,80.2050933838,76267,76277,10
13.069729805,80.205116272,76277,76287,10
13.0694799423,80.2049179077,76287,76297,10
13.0691795349,80.2051620483,76297,76307,10
13.0687704086,80.2054519653,76307,76317,10
13.068189621,80.2054901123,76317,76327,10
13.067899704,80.2052612305,76327,76458,131
13.0679702759,80.2049179077,76458,76489,31
13.0679702759,80.2049179077,76489,76499,10
13.0682897568,80.2049407959,76499,76519,20
13.0682897568,80.2049407959,76519,76529,10
13.0686302185,80.204788208,76529,76539,10
13.0688199997,80.204750061,76539,76549,10
13.0690498352,80.2047271729,76549,76559,10
13.0690803528,80.2047424316,76559,76569,10
13.0692501068,80.2047576904,76569,76580,11
13.069560051,80.2048034668,76580,76590,10
13.0697202682,80.2048797607,76590,76600,10
13.069849968,80.2051010132,76600,76610,10
13.0696001053,80.205581665,76610,76620,10
13.0692300797,80.2061767578,76620,76630,10
13.0687799454,80.2068786621,76630,76640,10
13.0683202744,80.2076416016,76640,76650,10
13.0678596497,80.2084121704,76650,76660,10
13.0673999786,80.2091674805,76660,76670,10
13.0668802261,80.2098922729,76670,76681,11
13.0661201477,80.2104873657,76681,76691,10
13.065369606,80.2110900879,76691,76701,10
13.0649995804,80.2113723755,76701,76711,10
13.064909935,80.2114181519,76711,76721,10
13.0646400452,80.2115402222,76721,76731,10
13.0638999939,80.2117385864,76731,76751,20
13.0638999939,80.2117385864,76751,76761,10
13.0636901855,80.2117462158,76761,76771,10
13.0632295609,80.2117767334,76771,76781,10
13.0625801086,80.211807251,76781,76792,11
13.0615501404,80.211730957,76792,76802,10
13.0604600906,80.2117614746,76802,76812,10
13.0594596863,80.2117614746,76812,76822,10
13.0585298538,80.2117004395,76822,76832,10
13.0578203201,80.2117004395,76832,76842,10
13.0576896667,80.2116928101,76842,76852,10
13.0573396683,80.2116775513,76852,76862,10
13.0567998886,80.2116775513,76862,76872,10
13.0560703278,80.2116622925,76872,76882,10
13.0552501678,80.2116470337,76882,76893,11
13.0544300079,80.2116394043,76893,76903,10
13.0537796021,80.2117767334,76903,76913,10
13.0531997681,80.2118988037,76913,76923,10
13.0525999069,80.2120819092,76923,76933,10
13.0519504547,80.2122573853,76933,76943,10
13.0512800217,80.212272644,76943,76953,10
13.0505695343,80.2121963501,76953,76973,20
13.0505695343,80.2121963501,76973,76983,10
13.050359726,80.2122573853,76983,76993,10
13.0500602722,80.2122421265,76993,77004,11
13.0498504639,80.2122573853,77004,77014,10
13.0497303009,80.2122497559,77014,77024,10
13.0495595932,80.2121963501,77024,77034,10
13.0495195389,80.2121734619,77034,77044,10
13.0491600037,80.2121810913,77044,77054,10
13.0485296249,80.2122268677,77054,77064,10
13.047750473,80.2123184204,77064,77074,10
13.0468196869,80.212348938,77074,77084,10
13.0457801819,80.212387085,77084,77094,10
13.0447702408,80.2124633789,77094,77104,10
13.0437602997,80.2124328613,77104,77115,11
13.0426797867,80.2124099731,77115,77125,10
13.0417203903,80.2124023438,77125,77135,10
13.040719986,80.2123413086,77135,77145,10
13.0397500992,80.2124023438,77145,77155,10
13.0388498306,80.2124099731,77155,77165,10
13.0379695892,80.2124481201,77165,77175,10
13.0374097824,80.2124099731,77175,77236,61
13.0374097824,80.2124099731,77236,77246,10
13.0372495651,80.2123718262,77246,77256,10
13.0367603302,80.2123413086,77256,77266,10
13.03606987,80.2123413086,77266,77276,10
13.0352401733,80.2123413086,77276,77286,10
13.0348796844,80.2122802734,77286,77296,10
13.0345201492,80.2121963501,77296,77305,9
13.0341901779,80.2121582031,77305,77317,12
13.0341100693,80.2121429443,77317,77328,11
13.0339603424,80.212097168,77328,77338,10
13.0336303711,80.212020874,77338,77348,10
13.0331096649,80.2119216919,77348,77358,10
13.0324401855,80.2117919922,77358,77368,10
13.0319404602,80.2115478516,77368,77378,10
13.0319900513,80.2109375,77378,77388,10
13.0320501328,80.2101593018,77388,77398,10
13.0318202972,80.2096099854,77398,77408,10
13.0311498642,80.2094421387,77408,77418,10
13.0304803848,80.2092971802,77418,77429,11
13.0303697586,80.2092514038,77429,77439,10
13.0299797058,80.2091293335,77439,77449,10
13.0296201706,80.2090377808,77449,77459,10
13.0296001434,80.2090301514,77459,77469,10
13.0293397903,80.2089309692,77469,77479,10
13.0287904739,80.2088012695,77479,77489,10
13.0279998779,80.2085494995,77489,77499,10
13.0272502899,80.208152771,77499,77509,10
13.0264396667,80.207649231,77509,77519,10
13.0255804062,80.2071762085,77519,77529,10
13.0246696472,80.2070236206,77529,77540,11
13.0242004395,80.2069396973,77540,77550,10
13.0240402222,80.2069091797,77550,77560,10
13.023639679,80.2068099976,77560,77570,10
13.0229902267,80.2066726685,77570,77580,10
13.0221700668,80.2065505981,77580,77590,10
13.0215196609,80.20652771,77590,77600,10
13.0208396912,80.2065200806,77600,77610,10
13.0200099945,80.2065200806,77610,77620,10
13.0191698074,80.2064285278,77620,77630,10
13.0190401077,80.2063598633,77630,77641,11
13.0190000534,80.2062988281,77641,77651,10
13.0185604095,80.206161499,77651,77661,10
13.0179004669,80.2059936523,77661,77671,10
13.0173597336,80.2057571411,77671,77681,10
13.0168504715,80.2055511475,77681,77691,10
13.0160198212,80.2051773071,77691,77701,10
13.015130043,80.2049713135,77701,77711,10
13.0143098831,80.2046813965,77711,77721,10
13.0142002106,80.2046432495,77721,77731,10
13.0140399933,80.2046127319,77731,77741,10
13.0137901306,80.2045211792,77741,77752,11
13.0135698318,80.2045822144,77752,77762,10
13.0134401321,80.2049407959,77762,77772,10
13.0132799149,80.2054977417,77772,77782,10
13.0130701065,80.2061920166,77782,77792,10
13.0129499435,80.2069473267,77792,77802,10
13.0129098892,80.2075881958,77802,77812,10
13.012840271,80.2078323364,77812,77822,10
13.0128202438,80.2083282471,77822,77832,10
13.0127801895,80.2087020874,77832,77842,10
13.0128498077,80.2091522217,77842,77853,11
13.0131101608,80.2096862793,77853,77863,10
13.0131502151,80.2101974487,77863,77873,10
13.0129995346,80.2108612061,77873,77883,10
13.0126495361,80.2115936279,77883,77893,10
13.0122499466,80.2122573853,77893,77903,10
13.0119304657,80.2127380371,77903,77913,10
13.0117702484,80.2128295898,77913,77923,10
13.0115003586,80.2125930786,77923,77933,10
13.0110502243,80.2122497559,77933,77943,10
13.0105304718,80.2118835449,77943,77953,10
13.0099496841,80.211479187,77953,77964,11
13.0094203949,80.2110595703,77964,78034,70
13.0094203949,80.2110595703,78034,78044,10
13.0089998245,80.2115020752,78044,78054,10
13.0090398788,80.2117767334,78054,78065,11
13.0091896057,80.2123413086,78065,78075,10
13.0094203949,80.2129669189,78075,78085,10
13.0096797943,80.2136077881,78085,78095,10
13.0099697113,80.2142791748,78095,78105,10
13.0101499557,80.2149734497,78105,78115,10
13.0102701187,80.215713501,78115,78125,10
13.0105695724,80.2164230347,78125,78135,10
13.0109500885,80.2172164917,78135,78145,10
13.0113296509,80.218132019,78145,78155,10
13.0116901398,80.2191162109,78155,78165,10
13.0120296478,80.2200775146,78165,78176,11
13.0123796463,80.2210998535,78176,78186,10
13.012720108,80.2216873169,78186,78196,10
13.0131998062,80.2222595215,78196,78206,10
13.0136604309,80.222869873,78206,78216,10
13.0139904022,80.2234573364,78216,78226,10
13.0143899918,80.2239303589,78226,78236,10
13.0149402618,80.2245178223,78236,78246,10
13.0153903961,80.2251434326,78246,78256,10
13.01541996,80.2256088257,78256,78266,10
13.0150604248,80.2259292603,78266,78277,11
13.0145397186,80.2261428833,78277,78287,10
13.0139598846,80.2263717651,78287,78297,10
13.0133600235,80.2266082764,78297,78307,10
13.0125904083,80.2268981934,78307,78317,10
13.0117101669,80.2272567749,78317,78327,10
13.0108098984,80.2276077271,78327,78337,10
13.009929657,80.2279586792,78337,78347,10
13.0094900131,80.2275924683,78347,78357,10
13.009759903,80.2269592285,78357,78367,10
13.0100898743,80.2262191772,78367,78377,10
13.010430336,80.2253723145,78377,78388,11
13.010840416,80.2244262695,78388,78398,10
13.0111103058,80.2237167358,78398,78408,10
13.0112600327,80.2232818604,78408,78418,10
13.0109300613,80.2230682373,78418,78428,10
13.0104398727,80.2228622437,78428,78438,10
13.0102500916,80.2227325439,78438,78448,10
13.0098695755,80.2225189209,78448,78458,10
13.0093097687,80.2221984863,78458,78468,10
13.0086698532,80.2218322754,78468,78478,10
13.0079698563,80.2214584351,78478,78489,11
13.0070400238,80.2209701538,78489,78499,10
13.0062103271,80.2206420898,78499,78509,10
13.0053300858,80.2204284668,78509,78518,9
13.0046701431,80.2203063965,78518,78529,11
13.0040397644,80.220161438,78529,78539,10
13.0033397675,80.2199707031,78539,78549,10
13.0026102066,80.2196502686,78549,78559,10
13.0020399094,80.2190704346,78559,78569,10
13.0015096664,80.2185668945,78569,78579,10
13.0008897781,80.2181091309,78579,78589,10
13.0001401901,80.2176437378,78589,78600,11
12.9993095398,80.2171478271,78600,78610,10
12.998459816,80.216758728,78610,78620,10
12.9974403381,80.2165527344,78620,78640,20
12.9974403381,80.2165527344,78640,78650,10
12.9971904755,80.2165603638,78650,78660,10
12.9968795776,80.2165679932,78660,78670,10
12.9967899323,80.2165679932,78670,78680,10
12.9965896606,80.216583252,78680,78721,41
12.9965896606,80.216583252,78721,78731,10
12.996049881,80.2166519165,78731,78741,10
12.9958400726,80.2167205811,78741,78751,10
12.9955501556,80.2168197632,78751,78771,20
12.9955501556,80.2168197632,78771,78781,10
12.99518013,80.217010498,78781,78791,10
12.9950704575,80.2170715332,78791,78801,10
12.9948301315,80.2172164917,78801,78812,11
12.9944295883,80.2175216675,78812,78822,10
12.994020462,80.2178192139,78822,78832,10
12.9937400818,80.2180175781,78832,78842,10
12.9933204651,80.2183074951,78842,78852,10
12.992770195,80.21875,78852,78862,10
12.9921197891,80.2192382813,78862,78872,10
12.9914798737,80.2196578979,78872,78882,10
12.9911203384,80.219543457,78882,78892,10
12.9910001755,80.2194900513,78892,78902,10
12.9905395508,80.2193069458,78902,78913,11
12.989780426,80.2190475464,78913,78923,10
12.9889602661,80.2187576294,78923,78933,10
12.988120079,80.2185134888,78933,78943,10
12.9873800278,80.2183685303,78943,78953,10
12.9869203568,80.2182922363,78953,78963,10
12.9868602753,80.2182693481,78963,78973,10
12.9864397049,80.2181625366,78973,78983,10
12.985710144,80.2180023193,78983,78993,10
12.9848499298,80.2179794312,78993,79003,10
12.9843797684,80.2179794312,79003,79013,10
12.9840202332,80.2179870605,79013,79024,11
12.9838600159,80.2179794312,79024,79034,10
12.9833898544,80.2179870605,79034,79044,10
12.9827003479,80.2179870605,79044,79054,10
12.9819402695,80.2180099487,79054,79064,10
12.9811296463,80.2181777954,79064,79074,10
12.9804801941,80.2183685303,79074,79084,10
12.9799499512,80.2185668945,79084,79094,10
12.9793796539,80.2188034058,79094,79104,10
12.9788398743,80.219039917,79104,79114,10
12.9784898758,80.2191696167,79114,79124,10
12.9779100418,80.2194213867,79124,79135,11
12.9771003723,80.2197189331,79135,79145,10
12.9763002396,80.2200698853,79145,79155,10
12.9755601883,80.2204971313,79155,79225,70
12.9755601883,80.2204971313,79225,79236,11
12.9755401611,80.2209320068,79236,79246,10
12.9757204056,80.2210083008,79246,80255,1009
12.9757204056,80.2210083008,80255,80265,10
12.9760904312,80.2212982178,80265,80316,51
12.9760904312,80.2212982178,80316,80326,10
12.9765300751,80.2212219238,80326,80336,10
12.9768400192,80.2212371826,80336,80346,10
12.9772996902,80.2212295532,80346,80356,10
12.977809906,80.221206665,80356,80366,10
12.9783201218,80.2211685181,80366,80376,10
12.9789104462,80.2211380005,80376,80386,10
12.9794902802,80.2211227417,80386,80396,10
12.9800701141,80.2210769653,80396,80406,10
12.9807395935,80.2210006714,80406,80417,11
12.9813499451,80.2211532593,80417,80427,10
12.9818096161,80.2214584351,80427,80437,10
12.9823102951,80.2218017578,80437,80447,10
12.9828701019,80.2219619751,80447,80457,10
12.9833498001,80.2222595215,80457,80467,10
12.9837303162,80.2225265503,80467,80477,10
12.9841995239,80.2227935791,80477,80487,10
12.9846000671,80.2230377197,80487,80497,10
12.985159874,80.2232894897,80497,80507,10
12.9855804443,80.2231521606,80507,80517,10
12.9861497879,80.2229995728,80517,80528,11
12.9864997864,80.2229995728,80528,80538,10
12.9866199493,80.2230300903,80538,80548,10
12.9869298935,80.2230606079,80548,80558,10
12.9873399734,80.2230987549,80558,80568,10
12.987859726,80.2229995728,80568,80578,10
12.9884004593,80.2226028442,80578,80588,10
12.9889001846,80.2220916748,80588,80598,10
12.9893302917,80.2215499878,80598,80608,10
12.9897098541,80.2209777832,80608,80618,10
12.9904603958,80.2203674316,80618,80639,21
12.9904603958,80.2203674316,80639,80649,10
12.99077034,80.2201385498,80649,80659,10
12.9911499023,80.2198486328,80659,80669,10
12.9916496277,80.2194671631,80669,80679,10
12.9921398163,80.2191162109,80679,80689,10
12.9926996231,80.2187194824,80689,80699,10
12.9932804108,80.2182769775,80699,80709,10
12.9938097,80.2178878784,80709,80719,10
12.9941701889,80.2176437378,80719,80729,10
12.9945602417,80.2173614502,80729,80740,11
12.9949998856,80.2170333862,80740,80750,10
12.9954004288,80.2167892456,80750,80760,10
12.9958095551,80.2166519165,80760,80770,10
12.9962997437,80.2165527344,80770,80780,10
12.9968204498,80.2164993286,80780,80790,10
12.9972496033,80.2164535522,80790,80800,10
12.9974002838,80.2162704468,80800,80810,10
12.9975004196,80.216178894,80810,80820,10
12.9976196289,80.2161102295,80820,80830,10
12.9978103638,80.2158966064,80830,80841,11
12.9982404709,80.2155227661,80841,80851,10
12.9987401962,80.2151184082,80851,80861,10
12.9991502762,80.2147827148,80861,80871,10
12.9993000031,80.2146072388,80871,80881,10
12.9996995926,80.214302063,80881,80891,10
13.0004701614,80.2135925293,80891,80901,10
13.0004701614,80.2135925293,80901,80911,10
13.0008897781,80.2132034302,80911,80920,9
13.0012397766,80.2129211426,80920,80929,9
13.0015296936,80.2127227783,80929,80941,12
13.0020999908,80.2123413086,80941,80952,11
13.0027399063,80.212097168,80952,80962,10
13.003279686,80.2120666504,80962,80972,10
13.0036697388,80.2119293213,80972,80982,10
13.0036802292,80.2116622925,80982,80992,10
13.0036897659,80.2112197876,80992,81002,10
13.0036201477,80.210609436,81002,81012,10
13.0035400391,80.2099075317,81012,81022,10
13.0036001205,80.2092285156,81022,81032,10
13.0038299561,80.2086715698,81032,81041,9
13.0043697357,80.2088088989,81041,81053,12
13.0052900314,80.2092208862,81053,81063,10
13.0061597824,80.2095413208,81063,81073,10
13.0068998337,80.2097320557,81073,81093,20
13.0068998337,80.2097320557,81093,81103,10
13.0070400238,80.2098083496,81103,81113,10
13.0072603226,80.2098770142,81113,81123,10
13.0076599121,80.2099304199,81123,81133,10
13.008099556,80.2099914551,81133,81143,10
13.0081701279,80.2098007202,81143,81153,10
13.008020401,80.2094116211,81153,81164,11
13.0079202652,80.2087478638,81164,81174,10
13.007809639,80.2081222534,81174,81184,10
13.0077199936,80.2074813843,81184,81194,10
13.0076303482,80.2068710327,81194,81204,10
13.007519722,80.206237793,81204,81214,10
13.0073795319,80.2056808472,81214,81224,10
13.0071802139,80.2051010132,81224,81234,10
13.0069103241,80.204498291,81234,81244,10
13.0065803528,80.2039031982,81244,81254,10
13.0061998367,80.2033462524,81254,81265,11
13.0058698654,80.2028503418,81265,81275,10
13.0056295395,80.2023468018,81275,81285,10
13.0052900314,80.2018508911,81285,81295,10
13.0048599243,80.2014389038,81295,81305,10
13.0046195984,80.2012634277,81305,81315,10
13.0042104721,80.2011566162,81315,81325,10
13.0037002563,80.2010116577,81325,81335,10
13.0031299591,80.2008514404,81335,81345,10
13.002530098,80.2006378174,81345,81355,10
13.0020399094,80.2002563477,81355,81365,10
13.0017404556,80.199760437,81365,81376,11
13.0016899109,80.1990585327,81376,81386,10
13.0018196106,80.1983795166,81386,81396,10
13.0018997192,80.1976928711,81396,81406,10
13.0018796921,80.1970214844,81406,81416,10
13.0016202927,80.1964187622,81416,81426,10
13.0012102127,80.1958999634,81426,81436,10
13.0008296967,80.1953887939,81436,81446,10
13.00041008,80.1949081421,81446,81456,10
12.9999303818,80.1942596436,81456,81466,10
12.9994697571,80.193687439,81466,81476,10
12.9991703033,80.1933822632,81476,81487,11
12.9989299774,80.1930389404,81487,81497,10
12.9986896515,80.1927032471,81497,81507,10
12.9984197617,80.1923522949,81507,81517,10
12.9980602264,80.1924514771,81517,81527,10
12.9976701736,80.1927871704,81527,81537,10
12.9972295761,80.1931381226,81537,81547,10
12.9970397949,80.1932830811,81547,81557,10
12.9968595505,80.1932601929,81557,81567,10
12.9967298508,80.1929397583,81567,81577,10
12.9966201782,80.1924514771,81577,81588,11
12.9964704514,80.1919403076,81588,81598,10
12.9964704514,80.1914367676,81598,81618,20
12.9964704514,80.1914367676,81618,81628,10
12.9967403412,80.191116333,81628,81860,232
12.9967403412,80.191116333,81860,81870,10
12.996919632,80.19090271,81870,82082,212
12.996919632,80.19090271,82082,82092,10
12.9970302582,80.190826416,82092,82102,10
12.9972400665,80.1911468506,82102,82112,10
12.997469902,80.1915206909,82112,82123,11
12.9973201752,80.1917724609,82123,84081,1958
12.9975795746,80.1915969849,84081,85443,1362
