13.0984897614,80.2407608032,12,4027,4015
13.0983600616,80.2408218384,4027,7728,3701
13.0983600616,80.2408218384,7728,7738,10
13.098449707,80.2407913208,7738,7939,201
13.0983495712,80.2408218384,7939,12185,4246
13.0985898972,80.2410430908,12185,13709,1524
13.0983695984,80.2407608032,13709,19790,6081
13.0983695984,80.2407608032,19790,19800,10
13.0986604691,80.2407836914,19800,19810,10
13.0985202789,80.2408676147,19810,19819,9
13.0985403061,80.2408676147,19819,19830,11
13.0986995697,80.2409896851,19830,19839,9
13.098950386,80.241027832,19839,19850,11
13.0989599228,80.2412796021,19850,19860,10
13.0988903046,80.2414474487,19860,19870,10
13.0988502502,80.2416305542,19870,19880,10
13.0988397598,80.2416610718,19880,19890,10
13.0987901688,80.2418670654,19890,19900,10
13.0987195969,80.2422637939,19900,20042,142
13.0987195969,80.2422637939,20042,20052,10
13.0985298157,80.2423782349,20052,20062,10
13.0982599258,80.2423400879,20062,20072,10
13.0978803635,80.2422790527,20072,20082,10
13.0974502563,80.2421875,20082,20092,10
13.0974798203,80.2417678833,20092,20102,10
13.0976104736,80.2410888672,20102,20112,10
13.0976800919,80.2403106689,20112,20122,10
13.0977201462,80.2396316528,20122,20132,10
13.0977602005,80.2390365601,20132,20142,10
13.0978298187,80.2384414673,20142,20152,10
13.0979604721,80.2378311157,20152,20163,11
13.0980997086,80.2370910645,20163,20173,10
13.0981998444,80.2364578247,20173,20183,10
13.0983104706,80.2358474731,20183,20193,10
13.098400116,80.2352676392,20193,20203,10
13.0984897614,80.23462677,20203,20213,10
13.0985403061,80.2340164185,20213,20223,10
13.0986299515,80.2333297729,20223,20233,10
13.0987300873,80.2326507568,20233,20243,10
13.0988998413,80.2320632935,20243,20253,10
13.0991401672,80.2314529419,20253,20263,10
13.0993995667,80.2308197021,20263,20273,10
13.0996198654,80.2302322388,20273,20284,11
13.0997400284,80.2296829224,20284,20294,10
13.0998401642,80.2292404175,20294,20304,10
13.0999097824,80.2286682129,20304,20314,10
13.1000003815,80.2281570435,20314,20324,10
13.100060463,80.2274627686,20324,20334,10
13.1000204086,80.2266235352,20334,20344,10
13.0999603271,80.2258911133,20344,20354,10
13.0998601913,80.2251663208,20354,20364,10
13.0996704102,80.2244567871,20364,20374,10
13.0994195938,80.2238464355,20374,20384,10
13.0992603302,80.2236633301,20384,20394,10
13.0990695953,80.2234115601,20394,20405,11
13.0988702774,80.2231521606,20405,20415,10
13.098739624,80.2228622437,20415,20425,10
13.098739624,80.22215271,20425,20435,10
13.0988502502,80.2212982178,20435,20445,10
13.0989904404,80.2204208374,20445,20455,10
13.0991296768,80.2196426392,20455,20465,10
13.0991802216,80.2193222046,20465,20475,10
13.099240303,80.2188568115,20475,20485,10
13.0993499756,80.2181625366,20485,20495,10
13.0994796753,80.2175064087,20495,20505,10
13.0996704102,80.2168121338,20505,20515,10
13.0999202728,80.2161865234,20515,20526,11
13.0999403,80.2157287598,20526,20596,70
13.0999403,80.2157287598,20596,20606,10
13.0999803543,80.2156829834,20606,20616,10
13.1001796722,80.2152328491,20616,20626,10
13.1002197266,80.2148284912,20626,20747,121
13.1002197266,80.2148284912,20747,20757,10
13.1002397537,80.2147521973,20757,20768,11
13.1002397537,80.2145767212,20768,20778,10
13.0999698639,80.2144699097,20778,20788,10
13.0995998383,80.2143936157,20788,20798,10
13.0990200043,80.2142181396,20798,20808,10
13.0984897614,80.2141113281,20808,20818,10
13.0982303619,80.2147216797,20818,20828,10
13.0978803635,80.2155227661,20828,20838,10
13.0974197388,80.2167205811,20838,20858,20
13.0974197388,80.2167205811,20858,20868,10
13.0972795486,80.217048645,20868,20878,10
13.0970497131,80.2176437378,20878,20888,10
13.0967702866,80.2184371948,20888,20899,11
13.0964803696,80.2193832397,20899,20909,10
13.0961503983,80.2202835083,20909,20919,10
13.0958204269,80.2211914063,20919,20929,10
13.0955400467,80.2220230103,20929,20939,10
13.0953903198,80.2224197388,20939,20949,10
13.0953502655,80.2225265503,20949,20959,10
13.0951595306,80.2229690552,20959,20969,10
13.0947599411,80.2236480713,20969,20979,10
13.0942296982,80.2244033813,20979,20989,10
13.093629837,80.2251434326,20989,20999,10
13.093000412,80.2257766724,20999,21009,10
13.0923099518,80.2265014648,21009,21020,11
13.0915899277,80.2272186279,21020,21030,10
13.0912303925,80.2276306152,21030,21040,10
13.0912103653,80.2276382446,21040,21050,10
13.0910701752,80.2277984619,21050,21060,10
13.0906600952,80.2282180786,21060,21070,10
13.0901203156,80.2287979126,21070,21080,10
13.0895500183,80.2294692993,21080,21096,16
13.0891399384,80.2302398682,21096,21108,12
13.0888204575,80.2309494019,21108,21127,19
13.0888204575,80.2309494019,21127,21138,11
13.0887002945,80.2312316895,21138,21149,11
13.088470459,80.2319030762,21149,21159,10
13.0882501602,80.2326507568,21159,21171,12
13.0880699158,80.2336730957,21171,21181,10
13.0879402161,80.2343826294,21181,21191,10
13.0873603821,80.2345733643,21191,21201,10
13.0866603851,80.2345504761,21201,21211,10
13.0861701965,80.2344665527,21211,21220,9
13.0861301422,80.2344665527,21220,21230,10
13.0857896805,80.2343902588,21230,21241,11
13.0851898193,80.2342605591,21241,21251,10
13.0845804214,80.2341003418,21251,21262,11
13.0837898254,80.2339401245,21262,21272,10
13.0832500458,80.2338409424,21272,21282,10
13.0826597214,80.2337265015,21282,21292,10
13.0824604034,80.2336807251,21292,21302,10
13.0823402405,80.2336425781,21302,21312,10
13.0821504593,80.2336196899,21312,21322,10
13.0817899704,80.2335891724,21322,21332,10
13.0811004639,80.2335662842,21332,21342,10
13.0802602768,80.2335586548,21342,21352,10
13.0796699524,80.2335586548,21352,21362,10
13.0796203613,80.2335586548,21362,21372,10
13.0795202255,80.2335205078,21372,21382,10
13.0791702271,80.233543396,21382,21393,11
13.078669548,80.2335586548,21393,21403,10
13.0779800415,80.2335968018,21403,21413,10
13.0772600174,80.2336807251,21413,21422,9
13.0767803192,80.233757019,21422,21433,11
13.0761804581,80.2339019775,21433,21443,10
13.0759496689,80.2339019775,21443,21453,10
13.0759000778,80.2341918945,21453,21463,10
13.0760498047,80.2348403931,21463,21473,10
13.0762195587,80.235710144,21473,21483,10
13.076379776,80.236656189,21483,21493,10
13.0765104294,80.2372207642,21493,21514,21
13.0765104294,80.2372207642,21514,21524,10
13.0765800476,80.237487793,21524,21534,10
13.0766496658,80.2379608154,21534,21544,10
13.0768098831,80.2386779785,21544,21554,10
13.0769395828,80.2391967773,21554,21564,10
13.0769901276,80.2394790649,21564,21574,10
13.0770902634,80.2399215698,21574,21584,10
13.0771903992,80.2405700684,21584,21594,10
13.0767698288,80.2406234741,21594,21604,10
13.0760402679,80.2405014038,21604,21614,10
13.0752000809,80.2405166626,21614,21624,10
13.0742101669,80.2405319214,21624,21635,11
13.0731401443,80.2407989502,21635,21645,10
13.0721597672,80.2412567139,21645,21655,10
13.0711803436,80.2417678833,21655,21665,10
13.0704803467,80.2420196533,21665,21675,10
13.0701799393,80.2421035767,21675,21685,10
13.0699796677,80.2421417236,21685,21695,10
13.0695295334,80.2422714233,21695,21705,10
13.0688896179,80.2425231934,21705,21715,10
13.0680904388,80.2427368164,21715,21725,10
13.0672302246,80.243057251,21725,21735,10
13.0664596558,80.243347168,21735,21745,10
13.0661001205,80.2439575195,21745,21756,11
13.0662403107,80.2448425293,21756,21766,10
13.0663700104,80.2456207275,21766,21776,10
13.0669202805,80.2460708618,21776,21786,10
13.0676603317,80.2463912964,21786,21796,10
13.0678195953,80.2465286255,21796,21806,10
13.0679197311,80.2467803955,21806,21816,10
13.0679702759,80.2473602295,21816,21826,10
13.0677900314,80.2479019165,21826,21836,10
13.0670099258,80.2479019165,21836,21846,10
13.0660200119,80.247833252,21846,21856,10
13.0648498535,80.2477416992,21856,21866,10
13.0637302399,80.2476577759,21866,21877,11
13.0625200272,80.2476196289,21877,21887,10
13.0616502762,80.2474899292,21887,21897,10
13.0614099503,80.2468719482,21897,21907,10
13.0618200302,80.2462310791,21907,21917,10
13.0620603561,80.2453079224,21917,21927,10
13.0628004074,80.244720459,21927,21937,10
13.0631504059,80.2442703247,21937,21947,10
13.0631999969,80.2441711426,21947,21957,10
13.0634098053,80.2437973022,21957,21967,10
13.0631198883,80.2434616089,21967,21977,10
13.0624103546,80.2433166504,21977,21987,10
13.0616598129,80.2431793213,21987,21998,11
13.0608997345,80.2430419922,21998,22008,10
13.0601396561,80.2427520752,22008,22018,10
13.0593900681,80.2425384521,22018,22028,10
13.0587797165,80.2425994873,22028,22038,10
13.0586299896,80.2426300049,22038,22048,10
13.0582895279,80.2427062988,22048,22058,10
13.0576200485,80.2427978516,22058,22068,10
13.0570602417,80.2428512573,22068,22078,10
13.0566501617,80.2427062988,22078,22094,16
13.0554800034,80.2422714233,22094,22106,12
13.0543804169,80.2423782349,22106,22115,9
13.0537900925,80.2422790527,22115,22127,12
13.0536298752,80.2421875,22127,22137,10
13.0532302856,80.2419815063,22137,22147,10
13.0526895523,80.2417678833,22147,22157,10
13.0522203445,80.2411880493,22157,22167,10
13.0519895554,80.2408370972,22167,22177,10
13.051659584,80.2407073975,22177,22187,10
13.0511198044,80.2406082153,22187,22197,10
13.0508098602,80.2405471802,22197,22207,10
13.050359726,80.2404403687,22207,22217,10
13.0496902466,80.2402801514,22217,22227,10
13.0489597321,80.2401123047,22227,22237,10
13.0481300354,80.2399520874,22237,22248,11
13.0476303101,80.2398834229,22248,22258,10
13.0472898483,80.2397766113,22258,22268,10
13.0467395782,80.2396697998,22268,22278,10
13.0462303162,80.2395401001,22278,22288,10
13.0463399887,80.2390365601,22288,22298,10
13.046500206,80.2382583618,22298,22308,10
13.0467100143,80.2373275757,22308,22317,9
13.0468902588,80.236541748,22317,22328,11
13.0469799042,80.2360534668,22328,22338,10
13.0470399857,80.2356719971,22338,22348,10
13.0470895767,80.2352371216,22348,22358,10
13.0472097397,80.2345581055,22358,22369,11
13.0473003387,80.2335586548,22369,22379,10
13.0473604202,80.2331390381,22379,22389,10
13.0469903946,80.233001709,22389,22399,10
13.0462903976,80.2328720093,22399,22409,10
13.0455703735,80.2327270508,22409,22419,10
13.0452203751,80.2326812744,22419,22429,10
13.0448799133,80.2325820923,22429,22439,10
13.0441598892,80.232460022,22439,22449,10
13.0433597565,80.2323532104,22449,22459,10
13.0425300598,80.2323303223,22459,22469,10
13.0416402817,80.2322235107,22469,22479,10
13.0406303406,80.231918335,22479,22490,11
13.0394897461,80.2315826416,22490,22500,10
13.0384597778,80.2312927246,22500,22510,10
13.0374202728,80.23097229,22510,22520,10
13.0368204117,80.230796814,22520,22530,10
13.0364398956,80.2306518555,22530,22540,10
13.0357398987,80.2304534912,22540,22550,10
13.0350103378,80.2303009033,22550,22560,10
13.0345602036,80.2303390503,22560,22570,10
13.0342903137,80.2304229736,22570,22580,10
13.0339202881,80.2304382324,22580,22590,10
13.0334396362,80.2304763794,22590,22600,10
13.032699585,80.2305603027,22600,22611,11
13.0318002701,80.2306518555,22611,22621,10
13.0309295654,80.23072052,22621,22631,10
13.0303001404,80.2307662964,22631,22641,10
13.029709816,80.2308502197,22641,22651,10
13.0292797089,80.2308807373,22651,22661,10
13.0287799835,80.2309265137,22661,22671,10
13.0282297134,80.2309875488,22671,22681,10
13.0277795792,80.2310409546,22681,22691,10
13.027680397,80.231338501,22691,22707,16
13.0277900696,80.2320709229,22707,22719,12
13.0278501511,80.2325363159,22719,22727,8
13.027680397,80.2328186035,22727,22740,13
13.0271596909,80.2329101563,22740,22760,20
13.0271596909,80.2329101563,22760,22770,10
13.0269203186,80.232963562,22770,22780,10
13.0266399384,80.233001709,22780,22790,10
13.0263700485,80.2327423096,22790,22799,9
13.0261497498,80.2320632935,22799,22810,11
13.0258998871,80.2311019897,22810,22820,10
13.0254602432,80.2301101685,22820,22830,10
13.0248699188,80.2293319702,22830,22840,10
13.0245199203,80.2288589478,22840,22850,10
13.0241098404,80.2284164429,22850,22861,11
13.0240802765,80.2283782959,22861,22871,10
13.0238800049,80.2281494141,22871,22881,10
13.0235395432,80.2277832031,22881,22891,10
13.0232000351,80.2274169922,22891,22901,10
13.0226602554,80.226890564,22901,22911,10
13.0220804214,80.2263717651,22911,22921,10
13.021320343,80.225769043,22921,22931,10
13.0205497742,80.2252120972,22931,22941,10
13.0197000504,80.2246398926,22941,22951,10
13.0186595917,80.2245025635,22951,22961,10
13.0176401138,80.2249298096,22961,22971,10
13.0166597366,80.2253570557,22971,22982,11
13.0157403946,80.2257080078,22982,22992,10
13.0149803162,80.226020813,22992,23002,10
13.0148096085,80.2260971069,23002,23012,10
13.0146598816,80.2261276245,23012,23022,10
13.0142602921,80.2262573242,23022,23032,10
13.0137395859,80.2265014648,23032,23042,10
13.0130596161,80.2267532349,23042,23052,10
13.0121898651,80.2270965576,23052,23062,10
13.0111999512,80.2275009155,23062,23072,10
13.0101299286,80.2279281616,23072,23082,10
13.0092201233,80.2284698486,23082,23092,10
13.0089797974,80.2294769287,23092,23103,11
13.0087299347,80.2307662964,23103,23113,10
13.0085000992,80.2319869995,23113,23123,10
13.0083198547,80.2330932617,23123,23133,10
13.0082798004,80.2335662842,23133,23142,9
13.0081996918,80.2337799072,23142,23153,11
13.0080900192,80.2342605591,23153,23163,10
13.0079402924,80.2350387573,23163,23173,10
13.0077400208,80.2359695435,23173,23183,10
13.0075502396,80.2369613647,23183,23193,10
13.0073404312,80.237991333,23193,23203,10
13.0071697235,80.2389602661,23203,23213,10
13.0070104599,80.2397994995,23213,23224,11
13.0069904327,80.2402114868,23224,23234,10
13.0069599152,80.2405319214,23234,23244,10
13.0069198608,80.2406997681,23244,23254,10
13.0068397522,80.2410583496,23254,23264,10
13.0067996979,80.2417831421,23264,23274,10
13.0067501068,80.2426605225,23274,23284,10
13.0067100525,80.243637085,23284,23294,10
13.0066995621,80.2446594238,23294,23304,10
13.0067100525,80.2456893921,23304,23314,10
13.0067596436,80.2466888428,23314,23324,10
13.0067501068,80.2476501465,23324,23334,10
13.0067796707,80.248626709,23334,23344,10
13.0068702698,80.2495422363,23344,23355,11
13.0068597794,80.2505569458,23355,23365,10
13.006819725,80.2515182495,23365,23375,10
13.0066204071,80.2524414063,23375,23385,10
13.0065803528,80.2533493042,23385,23395,10
13.0066099167,80.2543182373,23395,23405,10
13.0066404343,80.2550201416,23405,23415,10
13.006649971,80.2559967041,23415,23425,10
13.0066299438,80.2567062378,23425,23435,10
13.0066900253,80.257270813,23435,23506,71
13.0066900253,80.257270813,23506,23516,10
13.0067195892,80.2574996948,23516,23526,10
13.0062599182,80.2575531006,23526,23536,10
13.0055704117,80.2573623657,23536,23546,10
13.004699707,80.2571792603,23546,23556,10
13.0038003922,80.256980896,23556,23566,10
13.0030403137,80.2568130493,23566,23576,10
13.0022201538,80.256652832,23576,23586,10
13.0013599396,80.2565231323,23586,23597,11
13.0004501343,80.2564086914,23597,23607,10
13.0001296997,80.256362915,23607,23617,10
12.9998598099,80.2563171387,23617,23627,10
12.9993495941,80.256187439,23627,23637,10
12.9987001419,80.2560577393,23637,23647,10
12.9981002808,80.2559814453,23647,23657,10
12.9977197647,80.2559585571,23657,23667,10
12.9975404739,80.2559585571,23667,23683,16
12.9969596863,80.2560806274,23683,23695,12
12.996919632,80.2565383911,23695,23703,8
12.9968795776,80.2569580078,23703,23714,11
12.9968004227,80.2578430176,23714,23726,12
12.9966602325,80.2588806152,23726,23736,10
12.9965600967,80.2597198486,23736,23745,9
12.9964799881,80.2604827881,23745,23755,10
12.9963998795,80.2612762451,23755,23766,11
12.9962997437,80.262008667,23766,23776,10
12.996219635,80.2625198364,23776,23785,9
12.9961795807,80.2630233765,23785,23796,11
12.9961204529,80.2636566162,23796,23806,10
12.9960298538,80.264503479,23806,23816,10
12.9959201813,80.2654800415,23816,23826,10
12.9957799911,80.2666320801,23826,23837,11
12.9957304001,80.267578125,23837,23847,10
12.996049881,80.2677078247,23847,23857,10
12.9966201782,80.2677307129,23857,23867,10
12.997420311,80.267578125,23867,23877,10
12.9983701706,80.2673034668,23877,23887,10
12.9993000031,80.2670516968,23887,23897,10
13.0000200272,80.2666931152,23897,23907,10
13.000169754,80.2661590576,23907,23917,10
13.0002298355,80.2657394409,23917,23927,10
13.0003900528,80.2657928467,23927,23937,10
13.0003404617,80.2660903931,23937,24835,898
13.0003404617,80.2660903931,24835,24845,10
13.0003404617,80.2666625977,24845,24855,10
13.0001001358,80.2669067383,24855,24865,10
12.9994602203,80.2670593262,24865,24875,10
12.9987802505,80.2672576904,24875,24885,10
12.9978504181,80.2675170898,24885,24895,10
12.9970397949,80.2677536011,24895,24905,10
12.9959402084,80.2677307129,24905,24915,10
12.9956998825,80.2675018311,24915,24925,10
12.9957199097,80.2673721313,24925,24935,10
12.9957103729,80.267326355,24935,24946,11
12.9957504272,80.2669067383,24946,24956,10
12.9958200455,80.2661819458,24956,24966,10
12.9959402084,80.2652282715,24966,24976,10
12.9960603714,80.2640991211,24976,24986,10
12.9961500168,80.2632293701,24986,24996,10
12.996219635,80.2626419067,24996,25006,10
12.9962396622,80.2625427246,25006,25016,10
12.9962797165,80.2623825073,25016,25026,10
12.996339798,80.2619476318,25026,25036,10
12.9964103699,80.2612991333,25036,25046,10
12.9965000153,80.2604598999,25046,25055,9
12.9965600967,80.2596969604,25055,25067,12
12.9965600967,80.2593994141,25067,25077,10
12.9965896606,80.2590408325,25077,25087,10
12.9966802597,80.2583084106,25087,25097,10
12.9967803955,80.2574081421,25097,25107,10
12.9968700409,80.2565383911,25107,25117,10
12.996919632,80.256072998,25117,25157,40
12.996919632,80.256072998,25157,25167,10
12.9969797134,80.2558822632,25167,25177,10
12.9973602295,80.2557830811,25177,25188,11
12.9981203079,80.2558822632,25188,25198,10
12.998840332,80.2559814453,25198,25218,20
12.998840332,80.2559814453,25218,25228,10
12.9989404678,80.2560195923,25228,25238,10
12.9990997314,80.256072998,25238,25248,10
12.9995603561,80.2561416626,25248,25258,10
13.0003004074,80.2562866211,25258,25268,10
13.0012702942,80.2564620972,25268,25278,10
13.0023899078,80.256652832,25278,25288,10
13.0034399033,80.2568511963,25288,25298,10
13.004360199,80.2570266724,25298,25309,11
13.0054101944,80.2572174072,25309,25319,10
13.006360054,80.2573623657,25319,25329,10
13.0065202713,80.2568588257,25329,25339,10
13.0065202713,80.2560577393,25339,25349,10
13.0065402985,80.2550811768,25349,25359,10
13.0065402985,80.2540817261,25359,25369,10
13.0065402985,80.2531509399,25369,25389,20
13.0065402985,80.2531509399,25389,25399,10
13.0065603256,80.2528915405,25399,25415,16
13.0066604614,80.2521820068,25415,25427,12
13.0066795349,80.2520370483,25427,25438,11
13.0067396164,80.251663208,25438,25446,8
13.0068101883,80.251121521,25446,25458,12
13.0068101883,80.250038147,25458,25468,10
13.0068101883,80.2496414185,25468,25478,10
13.0068101883,80.2493515015,25478,25488,10
13.0067596436,80.2487030029,25488,25497,9
13.0066795349,80.2478103638,25497,25549,52
13.0066795349,80.2478103638,25549,25560,11
13.0067195892,80.2478485107,25560,25570,10
13.0067195892,80.2473831177,25570,25580,10
13.0066995621,80.2469406128,25580,25590,10
13.0066795349,80.246887207,25590,25600,10
13.0066299438,80.2466278076,25600,25610,10
13.0066299438,80.24659729,25610,25620,10
13.006649971,80.246421814,25620,25630,10
13.0066604614,80.2458114624,25630,25640,10
13.0066604614,80.2449493408,25640,25650,10
13.006649971,80.2439193726,25650,25660,10
13.0065898895,80.242980957,25660,25670,10
13.0065698624,80.2420196533,25670,25681,11
13.0065603256,80.2416763306,25681,25691,10
13.0065803528,80.2415084839,25691,25701,10
13.006649971,80.2409591675,25701,25711,10
13.0068101883,80.2402191162,25711,25721,10
13.0069503784,80.2392425537,25721,25730,9
13.0071296692,80.2383575439,25730,25741,11
13.0073404312,80.2375106812,25741,25751,10
13.0074300766,80.2367477417,25751,25761,10
13.0074996948,80.2365188599,25761,25771,10
13.0076198578,80.2359924316,25771,25781,10
13.0077695847,80.2352294922,25781,25791,10
13.0079698563,80.2342987061,25791,25801,10
13.0081996918,80.2331771851,25801,25812,11
13.0084600449,80.2318572998,25812,25822,10
13.0086603165,80.23072052,25822,25832,10
13.0088701248,80.2296295166,25832,25842,10
13.0090999603,80.2284927368,25842,25852,10
13.0094804764,80.2275009155,25852,25862,10
13.0099000931,80.2265167236,25862,25872,10
13.0103302002,80.2256393433,25872,25882,10
13.0104799271,80.2253189087,25882,25892,10
13.0106401443,80.2250366211,25892,25902,10
13.0108499527,80.2245330811,25902,25912,10
13.0111598969,80.223739624,25912,25922,10
13.0115003586,80.2229003906,25922,25933,11
13.0118703842,80.2218933105,25933,25943,10
13.0123300552,80.2214508057,25943,25953,10
13.0127601624,80.222038269,25953,25963,10
13.0133399963,80.2227172852,25963,25973,10
13.0141000748,80.2235107422,25973,25983,10
13.0147104263,80.2242279053,25983,25993,10
13.0152902603,80.2247695923,25993,26003,10
13.0156097412,80.2249984741,26003,26013,10
13.0157299042,80.2251205444,26013,26023,10
13.0162096024,80.2253417969,26023,26033,10
13.0170202255,80.2251281738,26033,26043,10
13.017999649,80.2247467041,26043,26054,11
13.019109726,80.2243728638,26054,26064,10
13.0200195313,80.2247314453,26064,26074,10
13.0207700729,80.2252807617,26074,26084,10
13.021320343,80.225692749,26084,26094,10
13.0218601227,80.2260665894,26094,26104,10
13.0219402313,80.2261276245,26104,26114,10
13.0222101212,80.2264022827,26114,26124,10
13.0227203369,80.2268600464,26124,26134,10
13.0233697891,80.2274398804,26134,26144,10
13.0239896774,80.2280426025,26144,26154,10
13.0244998932,80.2286834717,26154,26164,10
13.0250196457,80.2293930054,26164,26175,11
13.0256004333,80.2301635742,26175,26185,10
13.0259504318,80.2308502197,26185,26195,10
13.0261001587,80.231338501,26195,26205,10
13.0266704559,80.2312164307,26205,26215,10
13.027469635,80.2309875488,26215,26225,10
13.0283098221,80.2309036255,26225,26235,10
13.0287399292,80.2308578491,26235,26245,10
13.0291795731,80.2308425903,26245,26255,10
13.0296401978,80.2307891846,26255,26265,10
13.0302801132,80.2307434082,26265,26281,16
13.030500412,80.2307128906,26281,26293,12
13.0310697556,80.2306671143,26293,26304,11
13.0317401886,80.2306289673,26304,26314,10
13.0328702927,80.2305297852,26314,26323,9
13.0337696075,80.23046875,26323,26334,11
13.0342302322,80.2304000854,26334,26344,10
13.0342798233,80.2303924561,26344,26353,9
13.0348396301,80.2303009033,26353,26375,22
13.0348396301,80.2303009033,26375,26385,10
13.0349397659,80.2303771973,26385,26396,11
13.0349397659,80.2309570313,26396,26405,9
13.0348596573,80.2315292358,26405,26416,11
13.0347604752,80.2323913574,26416,26427,11
13.0346498489,80.2332305908,26427,26437,10
13.0345401764,80.2339477539,26437,26447,10
13.0344400406,80.2347564697,26447,26457,10
13.034330368,80.2356262207,26457,26467,10
13.034239769,80.2365570068,26467,26477,10
13.0343599319,80.2373428345,26477,26487,10
13.0346403122,80.2378387451,26487,26497,10
13.0351800919,80.2387390137,26497,26507,10
13.0354795456,80.2392883301,26507,26517,10
13.0363397598,80.239440918,26517,26527,10
13.0371704102,80.2395095825,26527,26537,10
13.0380601883,80.2396011353,26537,26547,10
13.0389995575,80.2397232056,26547,26558,11
13.0399103165,80.2398300171,26558,26568,10
13.0403795242,80.240020752,26568,26578,10
13.0405797958,80.2405090332,26578,26588,10
13.0409603119,80.240562439,26588,26598,10
13.0414896011,80.2406082153,26598,26608,10
13.0422897339,80.2406997681,26608,26618,10
13.0433597565,80.2408599854,26618,26628,10
13.0441398621,80.2408599854,26628,26638,10
13.0446300507,80.2405014038,26638,26669,31
13.0446300507,80.2405014038,26669,26679,10
13.044839859,80.2402496338,26679,26689,10
13.0453596115,80.2399520874,26689,26699,10
13.0459699631,80.2395782471,26699,26709,10
13.0466995239,80.239616394,26709,26719,10
13.0476398468,80.2397994995,26719,26729,10
13.0487098694,80.240020752,26729,26739,10
13.0495996475,80.2402114868,26739,26748,9
13.0502901077,80.2403488159,26748,26758,10
13.0510997772,80.2405395508,26758,26769,11
13.0513296127,80.2405776978,26769,26779,10
13.0517902374,80.2406768799,26779,26790,11
13.0523796082,80.2408981323,26790,26810,20
13.0523796082,80.2408981323,26810,26820,10
13.0525398254,80.2411804199,26820,26830,10
13.0529003143,80.2417602539,26830,26840,10
13.0537204742,80.2421188354,26840,26850,10
13.054019928,80.2422180176,26850,26860,10
13.0542697906,80.2422790527,26860,26870,10
13.0549297333,80.2422866821,26870,26880,10
13.0558004379,80.2422714233,26880,26890,10
13.0568304062,80.2425765991,26890,26931,41
13.0568304062,80.2425765991,26931,26941,10
13.0570001602,80.2426605225,26941,26951,10
13.057559967,80.2427825928,26951,26961,10
13.0577898026,80.242767334,26961,26972,11
13.0582704544,80.24269104,26972,26983,11
13.0591096878,80.2425308228,26983,26993,10
13.0597696304,80.2426300049,26993,27003,10
13.0606603622,80.2429199219,27003,27013,10
13.0614795685,80.2431488037,27013,27023,10
13.0622797012,80.2432785034,27023,27034,11
13.0626401901,80.2433319092,27034,27044,10
13.0632095337,80.2434616089,27044,27054,10
13.0638904572,80.2434997559,27054,27064,10
13.0647201538,80.2435379028,27064,27074,10
13.0657196045,80.2435302734,27074,27124,50
13.0657196045,80.2435302734,27124,27134,10
13.0657701492,80.2434997559,27134,27144,10
13.0662202835,80.2433776855,27144,27154,10
13.0669298172,80.2431335449,27154,27165,11
13.0679101944,80.2427520752,27165,27175,10
13.0687999725,80.242477417,27175,27185,10
13.069560051,80.2421798706,27185,27195,10
13.0700702667,80.2420425415,27195,27205,10
13.0707302094,80.2418823242,27205,27215,10
13.0715503693,80.2416229248,27215,27225,10
13.0724096298,80.2410964966,27225,27235,10
13.0732698441,80.2407531738,27235,27245,10
13.074139595,80.2405166626,27245,27255,10
13.0751495361,80.2404937744,27255,27265,10
13.0761604309,80.2404785156,27265,27275,10
13.0770196915,80.2405776978,27275,27286,11
13.0770397186,80.2398910522,27286,27296,10
13.0768003464,80.2389526367,27296,27306,10
13.0765895844,80.2380828857,27306,27316,10
13.0764398575,80.2373123169,27316,27326,10
13.0763597488,80.2369766235,27326,27336,10
13.0762796402,80.236618042,27336,27346,10
13.0761995316,80.2358932495,27346,27356,10
13.0760097504,80.2349472046,27356,27366,10
13.0757703781,80.2341918945,27366,27376,10
13.075920105,80.2338409424,27376,27386,10
13.0766096115,80.2337265015,27386,27396,10
13.077460289,80.2336120605,27396,27407,11
13.0778999329,80.2335662842,27407,27417,10
13.0782804489,80.2335510254,27417,27427,10
13.0789804459,80.2335128784,27427,27437,10
13.0796003342,80.2334976196,27437,27447,10
13.0801401138,80.2334671021,27447,27457,10
13.0802602768,80.2334823608,27457,27467,10
13.0806598663,80.2334899902,27467,27477,10
13.0813102722,80.2335205078,27477,27487,10
13.0818595886,80.2335510254,27487,27497,10
13.0820398331,80.2332000732,27497,27507,10
13.0821199417,80.2325820923,27507,27517,10
13.0823802948,80.2318115234,27517,27528,11
13.0827302933,80.2309188843,27528,27538,10
13.0830898285,80.2307281494,27538,27548,10
13.0831804276,80.2314987183,27548,27558,10
13.0832700729,80.2324981689,27558,27568,10
13.0834703445,80.2334365845,27568,27578,10
13.0838603973,80.2339096069,27578,27588,10
13.0840597153,80.2339477539,27588,27598,10
13.0843200684,80.2340316772,27598,27608,10
13.0848197937,80.2341308594,27608,27618,10
13.085559845,80.2342910767,27618,27628,10
13.0862398148,80.2344589233,27628,27638,10
13.0865697861,80.2345123291,27638,27648,10
13.0871696472,80.2345504761,27648,27665,17
13.08796978,80.2335968018,27665,27677,12
13.0882797241,80.2322387695,27677,27687,10
13.0885095596,80.2314529419,27687,27697,10
13.0888900757,80.2305679321,27697,27707,10
13.0889701843,80.2304229736,27707,27715,8
13.0891199112,80.2301177979,27715,27726,11
13.089630127,80.2292785645,27726,27738,12
13.0904302597,80.2284088135,27738,27748,10
13.0911397934,80.2276306152,27748,27758,10
13.0914402008,80.2272796631,27758,27768,10
13.0915002823,80.2272109985,27768,27779,11
13.0918798447,80.2268371582,27779,27789,10
13.0924396515,80.2262878418,27789,27799,10
13.0931301117,80.2255706787,27799,27809,10
13.093629837,80.2250137329,27809,27819,10
13.0940904617,80.2244567871,27819,27829,10
13.09471035,80.2236404419,27829,27839,10
13.0951795578,80.2227783203,27839,27849,10
13.0953197479,80.2223587036,27849,27859,10
13.0954999924,80.2219161987,27859,27869,10
13.0957803726,80.2211914063,27869,27879,10
13.0960798264,80.2203216553,27879,27888,9
13.0962200165,80.2198028564,27888,27900,12
13.0962696075,80.2196273804,27900,27910,10
13.0963602066,80.2193069458,27910,27920,10
13.0965204239,80.2189865112,27920,27930,10
13.0966997147,80.2184371948,27930,27940,10
13.0969400406,80.2176895142,27940,27950,10
13.0972003937,80.2169723511,27950,27960,10
13.0975399017,80.2161331177,27960,27970,10
13.0979204178,80.2152633667,27970,27980,10
13.098449707,80.2140731812,27980,28051,71
13.098449707,80.2140731812,28051,28061,10
13.0985803604,80.2139129639,28061,28071,10
13.0989999771,80.2141036987,28071,28081,10
13.0996198654,80.2143173218,28081,28091,10
13.1000900269,80.2144393921,28091,28101,10
13.100230217,80.2145004272,28101,28111,10
13.1005802155,80.214630127,28111,28131,20
13.1005802155,80.214630127,28131,28142,11
13.1006498337,80.2147216797,28142,28152,10
13.1004495621,80.2151565552,28152,28162,10
13.1001701355,80.2157592773,28162,28172,10
13.1000003815,80.2160568237,28172,28182,10
13.0999603271,80.2157592773,28182,28192,10
13.100110054,80.2154388428,28192,28202,10
13.1002702713,80.2150802612,28202,28212,10
13.1003303528,80.2148666382,28212,28434,222
13.1004199982,80.2148208618,28434,28575,141
13.1003599167,80.2148132324,28575,28867,292
13.1002998352,80.2147216797,28867,29765,898
13.1003198624,80.2148895264,29765,30107,342
13.1003198624,80.2148895264,30107,30118,11
13.1002702713,80.2147216797,30118,30128,10
13.1001501083,80.2145614624,30128,30138,10
13.0999097824,80.2144622803,30138,30148,10
13.09953022,80.2143783569,30148,30158,10
13.0990400314,80.2142181396,30158,30168,10
13.0986003876,80.2140579224,30168,30178,10
13.0985002518,80.2140808105,30178,30188,10
13.0983495712,80.2144088745,30188,30198,10
13.0980901718,80.2149887085,30198,30208,10
13.0977897644,80.2157363892,30208,30218,10
13.0974998474,80.2164916992,30218,30228,10
13.0973997116,80.216758728,30228,30239,11
13.0973596573,80.216796875,30239,30249,10
13.097240448,80.2171173096,30249,30259,10
13.097029686,80.2177200317,30259,30269,10
13.0967597961,80.2185211182,30269,30279,10
13.0964603424,80.2194137573,30279,30289,10
13.0961303711,80.2203063965,30289,30299,10
13.0958204269,80.2211990356,30299,30309,10
13.0955600739,80.2220001221,30309,30319,10
13.0953903198,80.2224578857,30319,30328,9
13.0953798294,80.2224731445,30328,30339,11
13.0952196121,80.2228775024,30339,30349,10
13.094909668,80.2235107422,30349,30360,11
13.0943603516,80.2242507935,30360,30370,10
13.0938301086,80.2249603271,30370,30380,10
13.093170166,80.2256317139,30380,30390,10
13.092590332,80.2262115479,30390,30400,10
13.0919704437,80.2268371582,30400,30410,10
13.0912103653,80.2276611328,30410,30430,20
13.0912103653,80.2276611328,30430,30440,10
13.0910997391,80.2277679443,30440,30450,10
13.0908098221,80.2280731201,30450,30460,10
13.0903396606,80.2285766602,30460,30470,10
13.0897598267,80.2292022705,30470,30480,10
13.0892696381,80.229927063,30480,30491,11
13.089099884,80.2303009033,30491,30501,10
13.0888004303,80.231010437,30501,30521,20
13.0888004303,80.231010437,30521,30531,10
13.0887403488,80.231086731,30531,30541,10
13.0886201859,80.2314300537,30541,30551,10
13.0885000229,80.2318191528,30551,30561,10
13.0883998871,80.2321624756,30561,30633,72
13.0883998871,80.2321624756,30633,30642,9
13.0882997513,80.2325363159,30642,30653,11
13.088139534,80.2332305908,30653,30664,11
13.0880403519,80.2340927124,30664,30674,10
13.0874795914,80.2346191406,30674,30684,10
13.0867900848,80.2345809937,30684,30694,10
13.0863199234,80.2344970703,30694,30704,10
13.0856399536,80.2343521118,30704,30714,10
13.0851402283,80.2342376709,30714,30724,10
13.0845804214,80.2340927124,30724,30735,11
13.083990097,80.2339630127,30735,30745,10
13.0837898254,80.2339401245,30745,30755,10
13.0836896896,80.2339324951,30755,30765,10
13.0833597183,80.2338562012,30765,30775,10
13.0830001831,80.2338180542,30775,30785,10
13.0823602676,80.2336807251,30785,30815,30
13.0823602676,80.2336807251,30815,30825,10
13.0820198059,80.2335968018,30825,30835,10
13.0814599991,80.2335891724,30835,30845,10
13.0806798935,80.233581543,30845,30856,11
13.0798797607,80.2335281372,30856,30866,10
13.0792798996,80.2335510254,30866,30876,10
13.0785598755,80.2335891724,30876,30886,10
13.0776996613,80.2335968018,30886,30895,9
13.0768499374,80.2337188721,30895,30905,10
13.0760097504,80.2339019775,30905,30946,41
13.0760097504,80.2339019775,30946,30956,10
13.0758104324,80.2339782715,30956,30966,10
13.0759000778,80.2343902588,30966,30976,10
13.0760602951,80.2350616455,30976,30987,11
13.0762500763,80.236000061,30987,30997,10
13.0765199661,80.2372817993,30997,31027,30
13.0765199661,80.2372817993,31027,31037,10
13.0765695572,80.2376785278,31037,31047,10
13.0766801834,80.2382202148,31047,31057,10
13.0768299103,80.2389221191,31057,31067,10
13.0770397186,80.2397384644,31067,31077,10
13.077249527,80.2406234741,31077,31087,10
13.0774002075,80.2412719727,31087,31097,10
13.0775499344,80.2419433594,31097,31108,11
13.0777301788,80.2429122925,31108,31118,10
13.0778503418,80.2437973022,31118,31128,10
13.0778102875,80.2442626953,31128,31138,10
13.0778303146,80.2443618774,31138,31148,10
13.0778598785,80.2446289063,31148,31158,10
13.0779104233,80.2452163696,31158,31168,10
13.0779895782,80.2460327148,31168,31178,10
13.0781402588,80.2469329834,31178,31188,10
13.0782899857,80.2477111816,31188,31198,10
13.0783500671,80.2481307983,31198,31551,353
13.0784397125,80.2484512329,31551,31702,151
13.078499794,80.2487411499,31702,31874,172
13.0785999298,80.2490997314,31874,31954,80
13.0785999298,80.2490997314,31954,31964,10
13.078619957,80.2492828369,31964,32005,41
13.0786895752,80.249671936,32005,32095,90
13.0786895752,80.249671936,32095,32106,11
13.078789711,80.249961853,32106,32116,10
13.078789711,80.25,32116,32126,10
13.0787401199,80.2502593994,32126,32257,131
13.0785303116,80.250579834,32257,32277,20
13.0785303116,80.250579834,32277,32287,10
13.0785198212,80.2507781982,32287,32438,151
13.0786800385,80.251121521,32438,32489,51
13.0786895752,80.2515029907,32489,32539,50
13.0786895752,80.2515029907,32539,32549,10
13.0783004761,80.251663208,32549,32559,10
13.078040123,80.2517089844,32559,32620,61
13.078040123,80.2517089844,32620,32630,10
13.0777597427,80.251739502,32630,32640,10
13.0770998001,80.2518920898,32640,32660,20
13.0770998001,80.2518920898,32660,32670,10
13.0767803192,80.2520217896,32670,32680,10
13.0761899948,80.2521362305,32680,32690,10
13.0756597519,80.2521286011,32690,32700,10
13.0753498077,80.2521362305,32700,32710,10
13.0750398636,80.2521820068,32710,32720,10
13.0748996735,80.2521820068,32720,32731,11
13.0745201111,80.2522735596,32731,32741,10
13.0740098953,80.2524795532,32741,32751,10
13.0734701157,80.252456665,32751,32761,10
13.0727596283,80.2523193359,32761,32771,10
13.0721797943,80.2518920898,32771,32781,10
13.0720796585,80.251121521,32781,32791,10
13.0718202591,80.2502288818,32791,32801,10
13.0715799332,80.2493362427,32801,32811,10
13.0714502335,80.2484664917,32811,32821,10
13.0711803436,80.2475662231,32821,32831,10
13.0707798004,80.2468032837,32831,32841,10
13.0703201294,80.2458496094,32841,32850,9
13.0698795319,80.2448806763,32850,32862,12
13.0695199966,80.2438430786,32862,32872,10
13.0693397522,80.2433166504,32872,32892,20
13.0693397522,80.2433166504,32892,32902,10
13.0692501068,80.2429962158,32902,32912,10
13.0691404343,80.2425613403,32912,32932,20
13.0691404343,80.2425613403,32932,32942,10
13.0688199997,80.2424316406,32942,32952,10
13.0685100555,80.2425384521,32952,32962,10
13.067899704,80.242729187,32962,32972,10
13.06731987,80.2429275513,32972,32983,11
13.0666799545,80.2432403564,32983,32993,10
13.0662002563,80.243598938,32993,33003,10
13.0661697388,80.2440414429,33003,33013,10
13.0662403107,80.2444992065,33013,33023,10
13.0662698746,80.244758606,33023,33033,10
13.0663204193,80.2452697754,33033,33043,10
13.0664997101,80.2458572388,33043,33053,10
13.067199707,80.2462005615,33053,33063,10
13.0678596497,80.2465820313,33063,33083,20
13.0678596497,80.2465820313,33083,33093,10
13.0679597855,80.2468566895,33093,33104,11
13.0679597855,80.2475280762,33104,33114,10
13.067779541,80.2478790283,33114,33124,10
13.06731987,80.2478866577,33124,33134,10
13.0667200089,80.2479095459,33134,33144,10
13.0660295486,80.2478637695,33144,33154,10
13.0651397705,80.247718811,33154,33164,10
13.0642900467,80.2476501465,33164,33173,9
13.0635404587,80.2476196289,33173,33184,11
13.0627002716,80.2476119995,33184,33194,10
13.0619697571,80.2476119995,33194,33204,10
13.0616197586,80.2472763062,33204,33214,10
13.0613603592,80.2471084595,33214,33224,10
13.0614500046,80.2468414307,33224,33235,11
13.0617599487,80.2464370728,33235,33245,10
13.061920166,80.2457733154,33245,33255,10
13.0621995926,80.2451019287,33255,33265,10
13.0627803802,80.2446975708,33265,33275,10
13.0631504059,80.2442626953,33275,33285,10
13.0631799698,80.2442398071,33285,33295,10
13.063369751,80.2439193726,33295,33305,10
13.0633602142,80.2434997559,33305,33315,10
13.0628004074,80.2433776855,33315,33325,10
13.0621204376,80.2432479858,33325,33335,10
13.0614995956,80.2431411743,33335,33345,10
13.0608997345,80.2429885864,33345,33356,11
13.0601596832,80.2427215576,33356,33366,10
13.0594501495,80.2425003052,33366,33376,10
13.0588998795,80.2425765991,33376,33386,10
13.0582103729,80.2427597046,33386,33396,10
13.0573101044,80.2428131104,33396,33436,40
13.0573101044,80.2428131104,33436,33452,16
13.0566196442,80.2426834106,33452,33464,12
13.0560703278,80.2424087524,33464,33472,8
13.0556402206,80.2422866821,33472,33484,12
13.0547399521,80.2424163818,33484,33495,11
13.0537500381,80.2422485352,33495,33515,20
13.0537500381,80.2422485352,33515,33525,10
13.053560257,80.2421417236,33525,33535,10
13.0529499054,80.241859436,33535,33585,50
13.0529499054,80.241859436,33585,33595,10
13.0527896881,80.2417984009,33595,33606,11
13.0523796082,80.2414321899,33606,33616,10
13.0521602631,80.2410202026,33616,33626,10
13.0519504547,80.240737915,33626,33636,10
13.0517501831,80.2406768799,33636,33646,10
13.0514497757,80.2406387329,33646,33656,10
13.0509796143,80.2405471802,33656,33666,10
13.0504398346,80.2404327393,33666,33676,10
13.0499200821,80.2403106689,33676,33686,10
13.0492601395,80.2401428223,33686,33696,10
13.0485401154,80.240020752,33696,33706,10
13.0479001999,80.239906311,33706,33716,10
13.0473899841,80.2398071289,33716,33726,10
13.0468196869,80.2397003174,33726,33737,11
13.0462503433,80.2394790649,33737,33747,10
13.0463600159,80.2389602661,33747,33757,10
13.046500206,80.2382125854,33757,33767,10
13.0467195511,80.237197876,33767,33777,10
13.0469303131,80.2363128662,33777,33787,10
13.0470199585,80.236000061,33787,33797,10
13.0470695496,80.2356491089,33797,33807,10
13.04708004,80.2352905273,33807,33817,10
13.0471601486,80.2345504761,33817,33827,10
13.047249794,80.2336807251,33827,33837,10
13.0473203659,80.2331008911,33837,33847,10
13.0468301773,80.232963562,33847,33858,11
13.0461196899,80.2328033447,33858,33868,10
13.0453395844,80.2326278687,33868,33888,20
13.0453395844,80.2326278687,33888,33898,10
13.0449895859,80.2325363159,33898,33908,10
13.0444097519,80.2324676514,33908,33918,10
13.043680191,80.2323532104,33918,33928,10
13.0431499481,80.2322921753,33928,33938,10
13.0425596237,80.2322769165,33938,33948,10
13.041970253,80.2322463989,33948,33958,10
13.041179657,80.232093811,33958,33968,10
13.0403203964,80.2317733765,33968,33977,9
13.0394496918,80.2315292358,33977,33989,12
13.0383300781,80.2312393188,33989,33999,10
13.037560463,80.2309036255,33999,34009,10
13.0369997025,80.230758667,34009,34019,10
13.0369796753,80.230758667,34019,34029,10
13.0367002487,80.2306976318,34029,34039,10
13.0362901688,80.2305297852,34039,34049,10
13.0356798172,80.2303771973,34049,34099,50
13.0356798172,80.2303771973,34099,34110,11
13.0356302261,80.2303771973,34110,34120,10
13.035369873,80.2302703857,34120,34130,10
13.0349502563,80.23021698,34130,34140,10
13.0345001221,80.2303466797,34140,34150,10
13.034070015,80.2304763794,34150,34160,10
13.033490181,80.2304992676,34160,34181,21
13.033490181,80.2304992676,34181,34190,9
13.0333204269,80.2304763794,34190,34201,11
13.0328598022,80.2305221558,34201,34211,10
13.0321598053,80.2306137085,34211,34220,9
13.0314302444,80.2306518555,34220,34232,12
13.0309896469,80.2307128906,34232,34242,10
13.0308904648,80.230682373,34242,34252,10
13.0305595398,80.2307434082,34252,34262,10
13.0300302505,80.2308120728,34262,34272,10
13.0295000076,80.2308807373,34272,34282,10
13.0288200378,80.2309036255,34282,34292,10
13.0281200409,80.2309799194,34292,34302,10
13.0277500153,80.231086731,34302,34312,10
13.0277395248,80.231552124,34312,34322,10
13.0278701782,80.2324676514,34322,34514,192
13.0278701782,80.2324676514,34514,34524,10
13.0279798508,80.2326812744,34524,34534,10
13.0278301239,80.2328109741,34534,34544,10
13.0275697708,80.2328414917,34544,34554,10
13.027299881,80.2329025269,34554,34564,10
13.0270795822,80.2329406738,34564,34574,10
13.0268697739,80.2329406738,34574,34584,10
13.0264797211,80.2328262329,34584,34594,10
13.0262699127,80.2321777344,34594,34604,10
13.0260896683,80.231338501,34604,34615,11
13.0256500244,80.2303085327,34615,34625,10
13.0252304077,80.2297821045,34625,34635,10
13.025179863,80.2297210693,34635,34645,10
13.0250301361,80.2295379639,34645,34655,10
13.0249795914,80.2294692993,34655,34665,10
13.0247297287,80.2291793823,34665,34675,10
13.0245599747,80.2289428711,34675,34685,10
13.0243902206,80.2287063599,34685,34695,10
13.024140358,80.2284164429,34695,34705,10
13.024020195,80.2282562256,34705,34722,17
13.0239295959,80.2281723022,34722,34733,11
13.0237798691,80.2279281616,34733,34744,11
13.0233898163,80.2275009155,34744,34754,10
13.0228500366,80.2270126343,34754,34764,10
13.0223197937,80.2265472412,34764,34774,10
13.0219202042,80.2262115479,34774,34784,10
13.0214195251,80.2257995605,34784,34794,10
13.0209102631,80.225402832,34794,34804,10
13.0203504562,80.2250137329,34804,34814,10
13.0196895599,80.2245635986,34814,34824,10
13.0187902451,80.2244567871,34824,34834,10
13.0178604126,80.2248382568,34834,34843,9
13.0170602798,80.2251815796,34843,34853,10
13.0164499283,80.2254486084,34853,34864,11
13.015879631,80.2256317139,34864,34875,11
13.015250206,80.2258987427,34875,34885,10
13.0147304535,80.2260665894,34885,34895,10
13.0142803192,80.2262420654,34895,34905,10
13.013879776,80.2264785767,34905,34915,10
13.0137796402,80.2265090942,34915,34925,10
13.0135803223,80.2265777588,34925,34935,10
13.0130596161,80.2267990112,34935,34945,10
13.0123100281,80.2270431519,34945,34955,10
13.0114297867,80.2273712158,34955,34965,10
13.010430336,80.2277832031,34965,34975,10
13.0095796585,80.2281265259,34975,34986,11
13.009059906,80.229057312,34986,34996,10
13.0088195801,80.2302322388,34996,35006,10
13.0085897446,80.2313613892,35006,35015,9
13.0084695816,80.232170105,35015,35026,11
13.0083303452,80.2329483032,35026,35046,20
13.0083303452,80.2329483032,35046,35056,10
13.0082998276,80.2333068848,35056,35066,10
13.0081996918,80.2338027954,35066,35076,10
13.0080404282,80.2345809937,35076,35096,20
13.0080404282,80.2345809937,35096,35106,10
13.0079803467,80.234916687,35106,35117,11
13.0078401566,80.2355575562,35117,35127,10
13.0076904297,80.2362670898,35127,35137,10
13.0074996948,80.2371292114,35137,35147,10
13.007349968,80.2379608154,35147,35157,10
13.0072202682,80.2386932373,35157,35167,10
13.0070495605,80.2393875122,35167,35187,20
13.0070495605,80.2393875122,35187,35197,10
13.0069904327,80.2397994995,35197,35207,10
13.0069103241,80.2404403687,35207,35217,10
13.0068902969,80.2405700684,35217,35227,10
13.0068702698,80.2406768799,35227,35238,11
13.0067901611,80.2410888672,35238,35248,10
13.0067596436,80.2417831421,35248,35258,10
13.0067501068,80.2425003052,35258,35268,10
13.0067100525,80.243270874,35268,35278,10
13.0066699982,80.2440338135,35278,35288,10
13.0066604614,80.2447662354,35288,35298,10
13.0067100525,80.2452697754,35298,35308,10
13.0067396164,80.2457885742,35308,35318,10
13.0067796707,80.2462463379,35318,35338,20
13.0067796707,80.2462463379,35338,35348,10
13.0068101883,80.24659729,35348,35359,11
13.006770134,80.2472000122,35359,35369,10
13.0067396164,80.248046875,35369,35379,10
13.0068702698,80.2494812012,35379,35399,20
13.0068702698,80.2494812012,35399,35409,10
13.0068998337,80.2498321533,35409,35419,10
13.0069198608,80.2504501343,35419,35429,10
13.0068998337,80.2508621216,35429,35459,30
13.0068998337,80.2508621216,35459,35469,10
13.006939888,80.2512969971,35469,35479,10
13.0067796707,80.2519683838,35479,35490,11
13.0067396164,80.2526092529,35490,35500,10
13.0067396164,80.2531204224,35500,35510,10
13.0067501068,80.2534408569,35510,35520,10
13.0067300797,80.2537384033,35520,35780,260
13.0067300797,80.2537384033,35780,35790,10
13.006770134,80.25390625,35790,35800,10
13.0067901611,80.2541503906,35800,35810,10
13.006770134,80.2543106079,35810,35820,10
13.0066995621,80.2547225952,35820,35830,10
13.0066795349,80.2551727295,35830,35840,10
13.0066995621,80.2559585571,35840,35850,10
13.0067300797,80.2567901611,35850,35927,77
13.0067300797,80.2567901611,35927,35939,12
13.0067796707,80.2571029663,35939,35949,10
13.0068502426,80.257522583,35949,35958,9
13.0071601868,80.2581634521,35958,35969,11
13.0077295303,80.2587127686,35969,35979,10
13.0081396103,80.258972168,35979,35990,11
13.0077800751,80.2592926025,35990,36000,10
13.0074195862,80.2590713501,36000,36010,10
13.0070896149,80.2584381104,36010,36020,10
13.0066299438,80.2576980591,36020,36060,40
13.0066299438,80.2576980591,36060,36070,10
13.0065803528,80.2572784424,36070,36080,10
13.0065803528,80.2565765381,36080,36090,10
13.0065603256,80.2556762695,36090,36100,10
13.0066099167,80.2548904419,36100,36110,10
13.0065603256,80.2539520264,36110,36121,11
13.0065603256,80.2532577515,36121,36131,10
13.0065803528,80.2531814575,36131,36141,10
13.0065698624,80.2527084351,36141,36151,10
13.0066003799,80.2522583008,36151,36181,30
13.0066003799,80.2522583008,36181,36191,10
13.0066900253,80.2518005371,36191,36201,10
13.0067796707,80.2510375977,36201,36211,10
13.0067996979,80.2501220703,36211,36221,10
13.0067796707,80.249168396,36221,36231,10
13.0066995621,80.2484207153,36231,36252,21
13.0066995621,80.2484207153,36252,36262,10
13.0066995621,80.248046875,36262,36272,10
13.0066995621,80.247543335,36272,36282,10
13.0066299438,80.2466812134,36282,36312,30
13.0066299438,80.2466812134,36312,36322,10
13.0066699982,80.2462234497,36322,36332,10
13.0066795349,80.245552063,36332,36342,10
13.0066795349,80.244682312,36342,36352,10
13.0066604614,80.2437820435,36352,36362,10
13.0065803528,80.2429733276,36362,36373,11
13.0065803528,80.2420272827,36373,36383,10
13.0066204071,80.2410964966,36383,36393,10
13.0067300797,80.2404022217,36393,36403,10
13.0068597794,80.2396011353,36403,36413,10
13.0070400238,80.2386932373,36413,36423,10
13.0071897507,80.2379379272,36423,36433,10
13.0073404312,80.2373428345,36433,36443,10
13.007399559,80.2369918823,36443,36453,10
13.0074300766,80.2366714478,36453,36463,10
13.0074701309,80.236541748,36463,36473,10
13.0075798035,80.2361297607,36473,36483,10
13.0076303482,80.2358016968,36483,36494,11
13.0076398849,80.235786438,36494,36504,10
13.0076904297,80.2356185913,36504,36514,10
13.0077400208,80.2353363037,36514,36524,10
13.0077600479,80.2352218628,36524,36534,10
13.0078601837,80.2347412109,36534,36544,10
13.0080099106,80.2339706421,36544,36554,10
13.0082197189,80.232963562,36554,36564,10
13.0084600449,80.2318191528,36564,36574,10
13.0086898804,80.2306671143,36574,36583,9
13.0088796616,80.2296905518,36583,36593,10
13.0090703964,80.2286834717,36593,36604,11
13.0094203949,80.2276229858,36604,36614,10
13.0098400116,80.2266998291,36614,36625,11
13.0102901459,80.2257385254,36625,36635,10
13.0105495453,80.225189209,36635,36645,10
13.0106296539,80.2250289917,36645,36655,10
13.0107898712,80.2246627808,36655,36665,10
13.011059761,80.2240066528,36665,36675,10
13.0112600327,80.2235794067,36675,36685,10
13.0113697052,80.2232208252,36685,36695,10
13.0116596222,80.2226028442,36695,36705,10
13.0119104385,80.2218017578,36705,36715,10
13.0122203827,80.221321106,36715,36725,10
13.0124902725,80.2216262817,36725,36735,10
13.0129203796,80.2222366333,36735,36746,11
13.0135402679,80.2229537964,36746,36756,10
13.01404953,80.2235336304,36756,36766,10
13.0143098831,80.2238693237,36766,36776,10
13.0147895813,80.224319458,36776,36786,10
13.0152301788,80.2247467041,36786,36806,20
13.0152301788,80.2247467041,36806,36816,10
13.0155096054,80.2249832153,36816,36826,10
13.0156202316,80.2250671387,36826,36836,10
13.0157203674,80.2251663208,36836,36846,10
13.0160799026,80.2253036499,36846,36856,10
13.0163698196,80.2252807617,36856,36867,11
13.0167303085,80.2251663208,36867,36877,10
13.0169897079,80.2250595093,36877,36887,10
13.0172195435,80.2249679565,36887,36897,10
13.0175304413,80.2248535156,36897,36907,10
13.0179595947,80.2246704102,36907,36917,10
13.0183801651,80.2244873047,36917,36927,10
13.0184402466,80.2244720459,36927,36937,10
13.0186100006,80.2244033813,36937,36947,10
13.018910408,80.224281311,36947,36957,10
13.0191202164,80.224281311,36957,36967,10
13.0193195343,80.224281311,36967,36987,20
13.0193195343,80.224281311,36987,36998,11
13.0195302963,80.224319458,36998,37008,10
13.0197401047,80.2244720459,37008,37018,10
13.019949913,80.2246398926,37018,37028,10
13.0201101303,80.2247924805,37028,37038,10
13.0203199387,80.2249069214,37038,37054,16
13.0203399658,80.2249069214,37054,37066,12
13.0204801559,80.2249832153,37066,37076,10
13.0206403732,80.2250976563,37076,37086,10
13.0208301544,80.2252731323,37086,37096,10
13.0210599899,80.2254486084,37096,37106,10
13.0213603973,80.2257385254,37106,37116,10
13.0215501785,80.2258605957,37116,37127,11
13.021730423,80.2259979248,37127,37137,10
13.0219402313,80.2261276245,37137,37146,9
13.0219497681,80.2261428833,37146,37157,11
13.0220804214,80.2261962891,37157,37167,10
13.0222501755,80.2263565063,37167,37176,9
13.022480011,80.2265625,37176,37187,11
13.022600174,80.2266693115,37187,37197,10
13.022769928,80.2268829346,37197,37207,10
13.0230197906,80.2271270752,37207,37268,61
13.0230197906,80.2271270752,37268,37278,10
13.0232601166,80.2273864746,37278,37288,10
13.0234603882,80.2275619507,37288,37298,10
13.0238199234,80.2278289795,37298,37308,10
13.0241804123,80.2281494141,37308,37338,30
13.0241804123,80.2281494141,37338,37348,10
13.024479866,80.2285995483,37348,37358,10
13.0247602463,80.2289962769,37358,37369,11
13.0249996185,80.2293319702,37369,37379,10
13.0253601074,80.2297286987,37379,37389,10
13.025639534,80.230140686,37389,37399,10
13.0258398056,80.2304916382,37399,37409,10
13.0259199142,80.230682373,37409,37419,10
13.0259599686,80.2308578491,37419,37429,10
13.02602005,80.2312011719,37429,37449,20
13.02602005,80.2312011719,37449,37459,10
13.0260696411,80.2313079834,37459,37469,10
13.0263900757,80.2312393188,37469,37479,10
13.0270004272,80.2311019897,37479,37489,10
13.0276699066,80.2309494019,37489,37500,11
13.0280599594,80.2309112549,37500,37510,10
13.0283203125,80.2308807373,37510,37530,20
13.0283203125,80.2308807373,37530,37540,10
13.0286998749,80.2308502197,37540,37550,10
13.0291204453,80.2308197021,37550,37560,10
13.0296201706,80.2307662964,37560,37570,10
13.0304002762,80.2306900024,37570,37641,71
13.0304002762,80.2306900024,37641,37651,10
13.0305404663,80.2306976318,37651,37661,10
13.0307502747,80.230682373,37661,37671,10
13.031129837,80.2306365967,37671,37687,16
13.0323495865,80.2305374146,37687,37699,12
13.0333204269,80.23046875,37699,37709,10
13.033949852,80.2304229736,37709,37719,10
13.0343904495,80.2303390503,37719,37750,31
13.0343904495,80.2303390503,37750,37760,10
13.0346603394,80.2303085327,37760,37800,40
13.0346603394,80.2303085327,37800,37810,10
13.0349397659,80.23046875,37810,37820,10
13.0349397659,80.2308425903,37820,37830,10
13.0348596573,80.2313919067,37830,37840,10
13.0347795486,80.2319564819,37840,37850,10
13.0347099304,80.2325897217,37850,37860,10
13.0346298218,80.2331008911,37860,37870,10
13.0345697403,80.2336196899,37870,37881,11
13.0344600677,80.2344894409,37881,37891,10
13.0343399048,80.2353591919,37891,37901,10
13.0342597961,80.2362976074,37901,37911,10
13.0343599319,80.2374572754,37911,37971,60
13.034330368,80.2376174927,37971,38032,61
13.034330368,80.2376174927,38032,38042,10
13.0344600677,80.2378616333,38042,38052,10
13.0347099304,80.2381820679,38052,38062,10
13.0350704193,80.2387084961,38062,38072,10
13.0354700089,80.2393035889,38072,38082,10
13.0360002518,80.239402771,38082,38092,10
13.0367202759,80.2394485474,38092,38101,9
13.0374097824,80.2395324707,38101,38112,11
13.038189888,80.2395935059,38112,38123,11
13.0389204025,80.2396774292,38123,38133,10
13.039560318,80.2397766113,38133,38143,10
13.0402002335,80.2398910522,38143,38153,10
13.0403995514,80.2401885986,38153,38163,10
13.0407304764,80.2405014038,38163,38173,10
13.0411500931,80.2405166626,38173,38183,10
13.0411596298,80.2405166626,38183,38193,10
13.0414800644,80.2405776978,38193,38203,10
13.042090416,80.2406463623,38203,38213,10
13.0429496765,80.2407913208,38213,38223,10
13.0437803268,80.2408828735,38223,38233,10
13.0445604324,80.2405166626,38233,38284,51
13.0445604324,80.2405166626,38284,38294,10
13.0446596146,80.2403793335,38294,38304,10
13.0450000763,80.2401733398,38304,38314,10
13.045539856,80.2398223877,38314,38324,10
13.0460596085,80.2395019531,38324,38334,10
13.0461101532,80.2394638062,38334,38344,10
13.0462703705,80.2394790649,38344,38354,10
13.0465803146,80.2395782471,38354,38364,10
13.0466995239,80.239616394,38364,38374,10
13.0471601486,80.2397003174,38374,38385,11
13.0480203629,80.2398605347,38385,38395,10
13.0486698151,80.2399902344,38395,38405,10
13.0490999222,80.2400894165,38405,38415,10
13.0496702194,80.240196228,38415,38425,10
13.0502700806,80.2403335571,38425,38435,10
13.0510396957,80.2404937744,38435,38445,10
13.0518903732,80.2406616211,38445,38455,10
13.0524597168,80.2409515381,38455,38465,10
13.0525798798,80.2413101196,38465,38485,20
13.0525798798,80.2413101196,38485,38495,10
13.0526199341,80.2414627075,38495,38506,11
13.0530796051,80.2417984009,38506,38516,10
13.0541200638,80.2422103882,38516,38546,30
13.0541200638,80.2422103882,38546,38556,10
13.0543403625,80.2422790527,38556,38566,10
13.0549297333,80.2422637939,38566,38576,10
13.0557003021,80.2422180176,38576,38586,10
13.0563602448,80.2424926758,38586,38596,10
13.0567598343,80.2425689697,38596,38606,10
13.0571804047,80.2427597046,38606,38617,11
13.0575799942,80.242767334,38617,38628,11
13.0579500198,80.242729187,38628,38638,10
13.0583896637,80.2426376343,38638,38648,10
13.0588598251,80.2425613403,38648,38658,10
13.0593500137,80.2424926758,38658,38668,10
13.0598497391,80.2426376343,38668,38678,10
13.0603704453,80.2428207397,38678,38688,10
13.0608596802,80.2429428101,38688,38698,10
13.0612201691,80.2430419922,38698,38708,10
13.0618095398,80.2431488037,38708,38718,10
13.0623502731,80.2432174683,38718,38728,10
13.0624599457,80.2432632446,38728,38738,10
13.0625600815,80.2433013916,38738,38748,10
13.0629796982,80.2433776855,38748,38759,11
13.0636196136,80.2434616089,38759,38769,10
13.064160347,80.2434997559,38769,38779,10
13.0646600723,80.2435302734,38779,38789,10
13.064909935,80.2435379028,38789,38799,10
13.0651597977,80.2435379028,38799,38809,10
13.0655202866,80.2435302734,38809,38819,10
13.0659303665,80.2434616089,38819,38829,10
13.0661401749,80.2434234619,38829,38839,10
13.0663995743,80.2433319092,38839,38849,10
13.0667896271,80.2431793213,38849,38859,10
13.06731987,80.2429504395,38859,38869,10
13.067899704,80.2427368164,38869,38880,11
13.0681600571,80.2426681519,38880,38890,10
13.068400383,80.2426071167,38890,38900,10
13.0688695908,80.24243927,38900,38910,10
13.0694303513,80.2422027588,38910,38920,10
13.0697002411,80.242149353,38920,38930,10
13.0698299408,80.2421188354,38930,38940,10
13.0698404312,80.2421188354,38940,38950,10
13.0701904297,80.2420425415,38950,38960,10
13.0708198547,80.2418518066,38960,38970,10
13.0714302063,80.2416229248,38970,38980,10
13.0720396042,80.2412719727,38980,38990,10
13.0726995468,80.2408828735,38990,39000,10
13.0732803345,80.2406997681,39000,39011,11
13.0739002228,80.240562439,39011,39021,10
13.0747098923,80.2405090332,39021,39031,10
13.0755500793,80.2405014038,39031,39040,9
13.0762395859,80.2405014038,39040,39051,11
13.0767803192,80.2405700684,39051,39061,10
13.0770702362,80.2405090332,39061,39071,10
13.0770902634,80.2401504517,39071,39081,10
13.0769195557,80.2394790649,39081,39091,10
13.0767602921,80.238861084,39091,39101,10
13.0766296387,80.2384490967,39101,39111,10
13.0765895844,80.2383499146,39111,39121,10
13.0765199661,80.2380371094,39121,39132,11
13.0764503479,80.2377090454,39132,39142,10
13.0763101578,80.2369537354,39142,39162,20
13.0763101578,80.2369537354,39162,39172,10
13.0762395859,80.2366790771,39172,39182,10
13.0761804581,80.2361221313,39182,39191,9
13.0760803223,80.235458374,39191,39202,11
13.0758600235,80.2345809937,39202,39212,10
13.0757303238,80.234161377,39212,39253,41
13.0757303238,80.234161377,39253,39263,10
13.0757198334,80.2340621948,39263,39273,10
13.0760202408,80.2338027954,39273,39283,10
13.0766897202,80.2336883545,39283,39293,10
13.077460289,80.233581543,39293,39303,10
13.0782003403,80.2335205078,39303,39313,10
13.079000473,80.2334899902,39313,39323,10
13.0796003342,80.2334899902,39323,39333,10
13.0800895691,80.2334671021,39333,39343,10
13.0803003311,80.2334899902,39343,39353,10
13.0803604126,80.2335128784,39353,39363,10
13.0807800293,80.2334976196,39363,39373,10
13.0815095901,80.2335205078,39373,39384,11
13.0819396973,80.2332763672,39384,39394,10
13.0820703506,80.2325973511,39394,39404,10
13.0823001862,80.2319335938,39404,39414,10
13.0826196671,80.2311630249,39414,39424,10
13.0828895569,80.2306137085,39424,39434,10
13.0831403732,80.2309417725,39434,39444,10
13.0831804276,80.2317276001,39444,39454,10
13.0832595825,80.2325134277,39454,39464,10
13.0834598541,80.2332611084,39464,39473,9
13.0835599899,80.2337493896,39473,39483,10
13.0840902328,80.2339172363,39483,39504,21
13.0840902328,80.2339172363,39504,39515,11
13.0845499039,80.2340621948,39515,39525,10
13.0851802826,80.2342224121,39525,39535,10
13.0859098434,80.2343978882,39535,39545,10
13.0866003036,80.2345275879,39545,39555,10
13.0873203278,80.2345733643,39555,39565,10
13.0879001617,80.2342834473,39565,39575,10
13.0879602432,80.2336120605,39575,39585,10
13.0881700516,80.2326507568,39585,39594,9
13.0883798599,80.2317810059,39594,39605,11
13.0886898041,80.2309417725,39605,39615,10
13.0888996124,80.2304763794,39615,39625,10
13.0889196396,80.2304382324,39625,39636,11
13.0891304016,80.2300033569,39636,39646,10
13.0895595551,80.2293167114,39646,39656,10
13.090259552,80.228553772,39656,39666,10
13.0909700394,80.2277526855,39666,39676,10
13.091460228,80.2272109985,39676,39696,20
13.091460228,80.2272109985,39696,39706,10
13.0917396545,80.2269592285,39706,39716,10
13.0922403336,80.2264404297,39716,39726,10
13.0929002762,80.225769043,39726,39736,10
13.0934696198,80.2251205444,39736,39746,10
13.093870163,80.2246398926,39746,39757,11
13.0944404602,80.2239303589,39757,39767,10
13.0950098038,80.2230834961,39767,39777,10
13.0952396393,80.2225036621,39777,39787,10
13.0953598022,80.2221984863,39787,39797,10
13.0955696106,80.2216415405,39797,39807,10
13.0958003998,80.2210083008,39807,39817,10
13.0960502625,80.2203063965,39817,39827,10
13.0963201523,80.2194976807,39827,39837,10
13.0964002609,80.2191696167,39837,39847,10
13.096540451,80.2188720703,39847,39857,10
13.0967597961,80.2182235718,39857,39867,10
13.0970201492,80.2174530029,39867,39877,10
13.0972003937,80.2169036865,39877,39888,11
13.0972604752,80.2167816162,39888,39898,10
13.0974502563,80.2163314819,39898,39908,10
13.0977296829,80.2156677246,39908,39918,10
13.0980596542,80.2148971558,39918,39928,10
13.0983200073,80.2143325806,39928,39998,70
13.0983200073,80.2143325806,39998,40009,11
13.0983200073,80.2143096924,40009,40019,10
13.0985298157,80.2139663696,40019,40029,10
13.0990400314,80.2141723633,40029,40039,10
13.0993795395,80.2142562866,40039,40049,10
13.0998401642,80.2143936157,40049,40059,10
13.1003398895,80.2145233154,40059,40089,30
13.1005001068,80.214630127,40089,40150,61
13.1005001068,80.214630127,40150,40160,10
13.100520134,80.2146377563,40160,40170,10
13.1004695892,80.2149963379,40170,40180,10
13.1002197266,80.2155609131,40180,40190,10
13.1000204086,80.2160186768,40190,40200,10
13.0999603271,80.2160797119,40200,40210,10
13.0999002457,80.2158432007,40210,40220,10
13.1000900269,80.2154464722,40220,40230,10
13.1002998352,80.2148895264,40230,40724,494
13.1002998352,80.2148895264,40724,40734,10
13.1002197266,80.2145996094,40734,40744,10
13.1001195908,80.2145233154,40744,40754,10
13.0999002457,80.2144622803,40754,40765,11
13.0993900299,80.21434021,40765,40775,10
13.0987901688,80.2141265869,40775,40785,10
13.0985498428,80.2140731812,40785,40795,10
13.0984401703,80.2141494751,40795,40805,10
13.0982503891,80.2145614624,40805,40815,10
13.0979404449,80.2152633667,40815,40825,10
13.0975999832,80.2160415649,40825,40835,10
13.0973796844,80.2166213989,40835,40845,10
13.097319603,80.2167892456,40845,40855,10
13.0972099304,80.2170791626,40855,40865,10
13.0969896317,80.2176895142,40865,40875,10
13.0967197418,80.2184829712,40875,40886,11
13.0964097977,80.2193984985,40886,40896,10
13.0960998535,80.2202835083,40896,40906,10
13.0958595276,80.2209396362,40906,40916,10
13.0956897736,80.2214202881,40916,40926,10
13.0954904556,80.222038269,40926,40936,10
13.0953397751,80.2224502563,40936,40944,8
13.0953397751,80.2224807739,40944,40956,12
13.0951595306,80.2229385376,40956,40966,10
13.0947799683,80.2235870361,40966,40976,10
13.0942802429,80.224281311,40976,40986,10
13.0938396454,80.224861145,40986,40996,10
13.0936803818,80.2250366211,40996,41006,10
13.0935297012,80.225227356,41006,41017,11
13.0930404663,80.2257385254,41017,41027,10
13.0924196243,80.2263412476,41027,41037,10
13.0917701721,80.2270126343,41037,41047,10
13.0911798477,80.2276611328,41047,41067,20
13.0911798477,80.2276611328,41067,41077,10
13.0909004211,80.2279434204,41077,41087,10
13.0904302597,80.2284317017,41087,41097,10
13.0898504257,80.2290725708,41097,41107,10
13.0893096924,80.2298126221,41107,41117,10
13.0891199112,80.2302093506,41117,41127,10
13.0888004303,80.2309417725,41127,41158,31
13.0888004303,80.2309417725,41158,41168,10
13.0886297226,80.2312774658,41168,41178,10
13.0883903503,80.2319564819,41178,41188,10
13.0881795883,80.2328186035,41188,41198,10
13.0880098343,80.233757019,41198,41208,10
13.0877799988,80.2344970703,41208,41218,10
13.0870199203,80.2345504761,41218,41228,10
13.0862798691,80.2344970703,41228,41238,10
13.0860395432,80.2344512939,41238,41248,10
13.0858402252,80.2343902588,41248,41259,11
13.085439682,80.2343215942,41259,41269,10
13.0848398209,80.234161377,41269,41279,10
13.0842199326,80.2339935303,41279,41289,10
13.0832300186,80.2338485718,41289,41299,10
13.0832300186,80.2338485718,41299,41309,10
13.0827903748,80.2338027954,41309,41319,10
13.0823802948,80.2337188721,41319,41329,10
13.0823402405,80.2337188721,41329,41339,10
13.0821399689,80.2336578369,41339,41349,10
13.0817403793,80.233581543,41349,41359,10
13.0809602737,80.233543396,41359,41369,10
13.0801897049,80.2335510254,41369,41379,10
13.0796298981,80.2335662842,41379,41390,11
13.079460144,80.2335586548,41390,41400,10
13.0792398453,80.233581543,41400,41410,10
13.0787200928,80.2335891724,41410,41421,11
13.0779800415,80.2336196899,41421,41431,10
13.077050209,80.2337188721,41431,41441,10
13.0760602951,80.2338790894,41441,41471,30
13.0760602951,80.2338790894,41471,41481,10
13.075799942,80.2338562012,41481,41491,10
13.0758695602,80.2342300415,41491,41501,10
13.0760402679,80.2348937988,41501,41512,11
13.076259613,80.2358474731,41512,41522,10
13.0764799118,80.2370529175,41522,41552,30
13.0764799118,80.2370529175,41552,41562,10
13.076499939,80.2371368408,41562,41572,10
13.0765800476,80.2374191284,41572,41582,10
13.0766801834,80.2378921509,41582,41592,10
13.0768203735,80.2386169434,41592,41602,10
13.0769996643,80.2394180298,41602,41612,10
13.0771903992,80.240196228,41612,41622,10
13.077249527,80.2404785156,41622,41632,10
13.0772695541,80.2406082153,41632,41643,11
13.0773897171,80.2410430908,41643,41653,10
13.0775098801,80.2417907715,41653,41663,10
13.0776901245,80.2427062988,41663,41673,10
13.0778303146,80.2437133789,41673,41683,10
13.0777597427,80.2441864014,41683,41693,10
13.0777997971,80.2443618774,41693,41703,10
13.0778799057,80.2449188232,41703,41713,10
13.0779695511,80.2457504272,41713,41723,10
13.0780601501,80.2466125488,41723,41733,10
13.0782499313,80.2476730347,41733,41743,10
13.078499794,80.2487411499,41743,41753,10
13.0787200928,80.2496795654,41753,41764,11
13.0785303116,80.2505569458,41764,41774,10
13.0785903931,80.251411438,41774,41784,10
13.0783500671,80.251701355,41784,41794,10
13.0776596069,80.2518234253,41794,41804,10
13.0767602921,80.2519989014,41804,41814,10
13.0758800507,80.2521820068,41814,41824,10
13.0750198364,80.252243042,41824,41834,10
13.0744304657,80.2522735596,41834,41850,16
13.0736198425,80.2524719238,41850,41862,12
13.0727596283,80.2523880005,41862,41872,10
13.07213974,80.2519226074,41872,41881,9
13.072019577,80.2511672974,41881,41893,12
13.0717401505,80.2501373291,41893,41903,10
13.0715198517,80.2491836548,41903,41913,10
13.0713701248,80.2483825684,41913,41922,9
13.0710897446,80.2476882935,41922,41933,11
13.0706701279,80.2467193604,41933,41943,10
13.0701799393,80.2456665039,41943,41953,10
13.0697402954,80.2446136475,41953,41963,10
13.069439888,80.2437210083,41963,41973,10
13.069270134,80.2433166504,41973,41993,20
13.069270134,80.2433166504,41993,42003,10
13.0691900253,80.2429428101,42003,42014,11
13.0689897537,80.2424926758,42014,42024,10
13.0683097839,80.2426681519,42024,42034,10
13.0676202774,80.2428894043,42034,42044,10
13.0670795441,80.2431182861,42044,42054,10
13.0666303635,80.243309021,42054,42064,10
13.0662097931,80.243560791,42064,42074,10
13.066160202,80.2440795898,42074,42084,10
13.0662403107,80.2447433472,42084,42094,10
13.0663604736,80.2453994751,42094,42104,10
13.0667600632,80.2459869385,42104,42114,10
13.0675096512,80.2463531494,42114,42124,10
13.0678901672,80.2466278076,42124,42135,11
13.067899704,80.2466430664,42135,42145,10
13.0679502487,80.2469100952,42145,42155,10
13.0679197311,80.2474899292,42155,42165,10
13.0676403046,80.2479019165,42165,42175,10
13.0669498444,80.2478866577,42175,42185,10
13.0661201477,80.2478790283,42185,42195,10
13.0655698776,80.2478485107,42195,42205,10
13.0648899078,80.2479171753,42205,42215,10
13.0639801025,80.2478027344,42215,42225,10
13.0629901886,80.2477264404,42225,42235,10
13.0621099472,80.2476882935,42235,42245,10
13.0614900589,80.2473220825,42245,42255,10
13.0613498688,80.2471389771,42255,42266,11
13.0612602234,80.2469482422,42266,42276,10
13.0614204407,80.2468490601,42276,42286,10
13.0616502762,80.2466201782,42286,42296,10
13.0618495941,80.2461700439,42296,42306,10
13.0619602203,80.2455673218,42306,42316,10
13.0624704361,80.2449798584,42316,42326,10
13.0630302429,80.2445373535,42326,42336,10
13.0630998611,80.244430542,42336,42346,10
13.0631799698,80.2442779541,42346,42356,10
13.0633802414,80.2438964844,42356,42372,16
13.0629901886,80.2434997559,42372,42434,62
13.0629901886,80.2434997559,42434,42445,11
13.0626802444,80.2434005737,42445,42475,30
13.0624704361,80.243309021,42475,42505,30
13.0621004105,80.2432327271,42505,42526,21
13.0621004105,80.2432327271,42526,42536,10
13.0619497299,80.2432174683,42536,42546,10
13.061920166,80.2432174683,42546,42556,10
13.0616397858,80.2431869507,42556,42566,10
13.0616102219,80.2431793213,42566,42576,10
13.0612401962,80.2431030273,42576,42586,10
13.0607500076,80.2429733276,42586,42596,10
13.060259819,80.2427978516,42596,42606,10
13.0596103668,80.2426223755,42606,42616,10
13.0592002869,80.2425994873,42616,42626,10
13.0588197708,80.2426376343,42626,42636,10
13.0588197708,80.2426528931,42636,42647,11
13.0583896637,80.2427062988,42647,42657,10
13.0577802658,80.2427978516,42657,42667,10
13.0571603775,80.2428436279,42667,42677,10
13.0566701889,80.242729187,42677,42687,10
13.0562696457,80.2425689697,42687,42697,10
13.0562200546,80.2425613403,42697,42707,10
13.0556898117,80.2423706055,42707,42717,10
13.0549602509,80.2424621582,42717,42733,16
13.0538301468,80.2423324585,42733,42765,32
13.0538301468,80.2423324585,42765,42775,10
13.0536403656,80.2421798706,42775,42786,11
13.0530796051,80.2418899536,42786,42796,10
13.0524501801,80.2415237427,42796,42806,10
13.052189827,80.2410736084,42806,42816,10
13.0520401001,80.240852356,42816,42826,10
13.0518598557,80.2407836914,42826,42836,10
13.0515804291,80.2407073975,42836,42846,10
13.051199913,80.2406234741,42846,42856,10
13.0510702133,80.2406005859,42856,42866,10
13.0508899689,80.2405700684,42866,42876,10
13.0505199432,80.2404708862,42876,42886,10
13.0499696732,80.2403717041,42886,42897,11
13.0493202209,80.2401885986,42897,42907,10
13.0488004684,80.2400665283,42907,42917,10
13.0482997894,80.2399215698,42917,42927,10
13.047659874,80.2398605347,42927,42937,10
13.046959877,80.2397613525,42937,42946,9
13.0463600159,80.2396469116,42946,42957,11
13.0463199615,80.2394714355,42957,42967,10
13.0464200974,80.2389831543,42967,42977,10
13.0465602875,80.2382583618,42977,42987,10
13.0467300415,80.2375411987,42987,42997,10
13.0468902588,80.2368011475,42997,43007,10
13.0469799042,80.2362365723,43007,43018,11
13.0470399857,80.2359390259,43018,43028,10
13.0470304489,80.2358779907,43028,43038,10
13.0471200943,80.2353820801,43038,43048,10
13.0472202301,80.2346801758,43048,43058,10
13.0472898483,80.2338867188,43058,43067,9
13.0473203659,80.2334823608,43067,43079,12
13.0473098755,80.2331237793,43079,43088,9
13.0470695496,80.2330474854,43088,43098,10
13.0467395782,80.2330093384,43098,43109,11
13.0461997986,80.2328491211,43109,43119,10
13.0453996658,80.2326889038,43119,43139,20
13.0453996658,80.2326889038,43139,43150,11
13.045009613,80.2326126099,43150,43160,10
13.044549942,80.2324981689,43160,43170,10
13.043800354,80.2323989868,43170,43180,10
13.0431003571,80.2323303223,43180,43190,10
13.0423698425,80.2323303223,43190,43200,10
13.0416097641,80.2322235107,43200,43210,10
13.0407495499,80.2319869995,43210,43220,10
13.0398797989,80.2316818237,43220,43230,10
13.0389204025,80.2314300537,43230,43240,10
13.0378904343,80.2311096191,43240,43250,10
13.0371303558,80.2307815552,43250,43260,10
13.0369100571,80.2307815552,43260,43271,11
13.0363101959,80.2305831909,43271,43281,10
13.0354995728,80.2303771973,43281,43311,30
13.0354995728,80.2303771973,43311,43321,10
13.0352897644,80.2302627563,43321,43331,10
13.0350399017,80.2302398682,43331,43341,10
13.0346002579,80.2303390503,43341,43351,10
13.0343599319,80.2304077148,43351,43361,10
13.0340003967,80.2304382324,43361,43371,10
13.0335597992,80.2304382324,43371,43392,21
13.0335597992,80.2304382324,43392,43402,10
13.0332098007,80.2305297852,43402,43412,10
13.0329399109,80.2305984497,43412,43422,10
13.0322198868,80.2306365967,43422,43432,10
13.031370163,80.2306976318,43432,43442,10
13.0308103561,80.230758667,43442,43452,10
13.0303401947,80.2307891846,43452,43462,10
13.0297603607,80.2308578491,43462,43482,20
13.0297603607,80.2308578491,43482,43492,10
13.0296001434,80.2308807373,43492,43502,10
13.0291996002,80.2309188843,43502,43512,10
13.0286798477,80.23097229,43512,43523,11
13.0280399323,80.2310409546,43523,43533,10
13.0277204514,80.2311019897,43533,43543,10
13.0277004242,80.2315597534,43543,43553,10
13.0277500153,80.2321166992,43553,43563,10
13.0278596878,80.2326278687,43563,43573,10
13.0276203156,80.2328262329,43573,43583,10
13.0270996094,80.2329025269,43583,43593,10
13.0267696381,80.2329406738,43593,43603,10
13.0263996124,80.2326965332,43603,43613,10
13.0262002945,80.232131958,43613,43623,10
13.0260295868,80.2314376831,43623,43633,10
13.025759697,80.2306289673,43633,43643,10
13.0252399445,80.2298126221,43643,43654,11
13.0247402191,80.2292175293,43654,43664,10
13.0246801376,80.2291412354,43664,43674,10
13.0244398117,80.2288208008,43674,43684,10
13.0239801407,80.2282714844,43684,43704,20
13.0239801407,80.2282714844,43704,43714,10
13.0238704681,80.2281723022,43714,43724,10
13.0235700607,80.2278594971,43724,43734,10
13.0230798721,80.2273406982,43734,43744,10
13.0224199295,80.2267990112,43744,43754,10
13.0215597153,80.2260818481,43754,43764,10
13.02064991,80.2253799438,43764,43775,11
13.0196199417,80.2246704102,43775,43785,10
13.0184898376,80.224609375,43785,43795,10
13.0174598694,80.2250289917,43795,43805,10
13.0166196823,80.2253875732,43805,43814,9
13.0162000656,80.2255630493,43814,43825,11
13.0156698227,80.2257232666,43825,43835,10
13.0149097443,80.2260437012,43835,43845,10
13.0144395828,80.2262268066,43845,43865,20
13.0144395828,80.2262268066,43865,43875,10
13.0140695572,80.2263870239,43875,43885,10
13.0134296417,80.2266311646,43885,43895,10
13.0126199722,80.2269210815,43895,43906,11
13.0115404129,80.2273635864,43906,43916,10
13.0104799271,80.2277679443,43916,43926,10
13.0094499588,80.2282028198,43926,43936,10
13.0089998245,80.229133606,43936,43946,10
13.0087795258,80.2302780151,43946,43956,10
13.0085802078,80.2313308716,43956,43966,10
13.0083799362,80.2323303223,43966,43976,10
13.0082502365,80.2334365845,43976,44006,30
13.0082502365,80.2334365845,44006,44017,11
13.0082302094,80.233581543,44017,44028,11
13.008099556,80.2339706421,44028,44038,10
13.0080099106,80.2344818115,44038,44048,10
13.0078401566,80.2351913452,44048,44058,10
13.0076904297,80.2360610962,44058,44068,10
13.0074901581,80.2370376587,44068,44078,10
13.007349968,80.2377700806,44078,44088,10
13.007229805,80.2384414673,44088,44098,10
13.0071201324,80.2388076782,44098,44108,10
13.0070199966,80.2392807007,44108,44118,10
13.0069198608,80.239906311,44118,44138,20
13.0069198608,80.239906311,44138,44148,10
13.0068998337,80.2400970459,44148,44159,11
13.006770134,80.2408676147,44159,44179,20
13.006770134,80.2408676147,44179,44189,10
13.0067501068,80.2410430908,44189,44202,13
13.0066604614,80.2417984009,44202,44212,10
13.0066795349,80.2426528931,44212,44222,10
13.0066795349,80.2431411743,44222,44232,10
13.0066995621,80.2433013916,44232,44242,10
13.0066795349,80.2434768677,44242,44252,10
13.006649971,80.2438583374,44252,44262,10
13.0066299438,80.2440109253,44262,44272,10
13.0066204071,80.244430542,44272,44283,11
13.0066204071,80.245010376,44283,44293,10
13.0066404343,80.2454833984,44293,44302,9
13.0066795349,80.24584198,44302,44313,11
13.0066995621,80.2459564209,44313,44323,10
13.0067195892,80.2462005615,44323,44383,60
13.0067195892,80.2462005615,44383,44393,10
13.0067596436,80.24659729,44393,44404,11
13.0067596436,80.2466812134,44404,44414,10
13.0067901611,80.2469787598,44414,44424,10
13.0067396164,80.2475128174,44424,44434,10
13.0067195892,80.248298645,44434,44444,10
13.0067996979,80.2490615845,44444,44454,10
13.0068397522,80.2494735718,44454,44494,40
13.0068397522,80.2494735718,44494,44504,10
13.0068302155,80.2498703003,44504,44514,10
13.0068101883,80.2504882813,44514,44524,10
13.0067195892,80.2515182495,44524,44565,41
13.0067195892,80.2515182495,44565,44575,10
13.0066995621,80.2517700195,44575,44585,10
13.0065898895,80.2522735596,44585,44595,10
13.0065402985,80.2530288696,44595,44605,10
13.0065498352,80.2539520264,44605,44615,10
13.0066003799,80.2551422119,44615,44635,20
13.0066003799,80.2551422119,44635,44645,10
13.0066299438,80.2552337646,44645,44656,11
13.0065803528,80.2556533813,44656,44666,10
13.0065803528,80.2563018799,44666,44676,10
13.0065603256,80.2568206787,44676,44686,10
13.0066003799,80.2571792603,44686,44696,10
13.0065498352,80.2575836182,44696,44706,10
13.0060396194,80.2574386597,44706,44716,10
13.0054101944,80.2572631836,44716,44726,10
13.004650116,80.2571487427,44726,44736,10
13.0038604736,80.2570037842,44736,44746,10
13.0031404495,80.2568588257,44746,44756,10
13.0024299622,80.2567214966,44756,44766,10
13.0021295547,80.2566833496,44766,44776,10
13.0020599365,80.256652832,44776,44787,11
13.0016202927,80.2565917969,44787,44797,10
13.0009698868,80.2565002441,44797,44813,16
13.000120163,80.256362915,44813,44835,22
13.000120163,80.256362915,44835,44843,8
12.9997196198,80.2562789917,44843,44875,32
12.9997196198,80.2562789917,44875,44885,10
12.999420166,80.256187439,44885,44895,10
12.9988203049,80.2560882568,44895,44905,10
12.9982204437,80.2559967041,44905,44916,11
12.9978599548,80.2559967041,44916,44926,10
12.9977197647,80.2559890747,44926,45047,121
12.9977197647,80.2559890747,45047,45057,10
12.9973897934,80.2560195923,45057,45067,10
12.9970998764,80.2560119629,45067,45077,10
12.9968900681,80.256401062,45077,45087,10
12.9968299866,80.2567977905,45087,45097,10
12.9968204498,80.2568969727,45097,45107,10
12.9967803955,80.257270813,45107,45117,10
12.9967098236,80.2578887939,45117,45127,10
12.9966201782,80.2585067749,45127,45137,10
12.9965200424,80.2591094971,45137,45147,10
12.9964704514,80.2595214844,45147,45157,10
12.9963903427,80.2599868774,45157,45168,11
12.9963302612,80.2607269287,45168,45178,10
12.9962701797,80.261390686,45178,45188,10
12.9962100983,80.2619018555,45188,45198,10
12.9961996078,80.2621994019,45198,45208,10
12.9961395264,80.262512207,45208,45218,10
12.9960899353,80.263130188,45218,45228,10
12.9960002899,80.2638320923,45228,45238,10
12.9959001541,80.2647476196,45238,45248,10
12.9957895279,80.2658081055,45248,45258,10
12.9956798553,80.2670516968,45258,45278,20
12.9956798553,80.2670516968,45278,45289,11
12.9956798553,80.2671890259,45289,45299,10
12.9956703186,80.2675170898,45299,45309,10
12.9961996078,80.2677078247,45309,45329,20
12.9961996078,80.2677078247,45329,45339,10
12.9964895248,80.2677536011,45339,45349,10
12.9970302582,80.2676467896,45349,45359,10
12.9975996017,80.2675018311,45359,45369,10
12.9982995987,80.2673034668,45369,45379,10
12.99903965,80.2670822144,45379,45395,16
12.9999704361,80.2666702271,45395,45407,12
13.0000200272,80.2666015625,45407,45417,10
13.0000600815,80.2665863037,45417,45428,11
13.000120163,80.2662582397,45428,45438,10
13.0001602173,80.2658233643,45438,45448,10
13.0001897812,80.2657318115,45448,45458,10
13.0003204346,80.2657928467,45458,45468,10
13.0003004074,80.2661132813,45468,45478,10
13.0003099442,80.2663726807,45478,45680,202
13.0003099442,80.2663726807,45680,45690,10
13.0003595352,80.2667236328,45690,45700,10
13.000120163,80.2669525146,45700,45710,10
12.9995098114,80.2670974731,45710,45720,10
12.9987602234,80.2672805786,45720,45730,10
12.9979696274,80.2674789429,45730,45740,10
12.9973402023,80.2676620483,45740,45750,10
12.9967498779,80.267791748,45750,45760,10
12.9961395264,80.2677230835,45760,45770,10
12.9957304001,80.2676010132,45770,45780,10
12.995759964,80.2672195435,45780,45790,10
12.995759964,80.2667388916,45790,45801,11
12.9958200455,80.2658920288,45801,45811,10
12.995880127,80.2649993896,45811,45821,10
12.9960203171,80.2641296387,45821,45837,16
12.9961395264,80.2630233765,45837,45849,12
12.9961996078,80.262550354,45849,45859,10
12.9961996078,80.2624969482,45859,45869,10
12.9962396622,80.2621383667,45869,45878,9
12.9963302612,80.2615432739,45878,45890,12
12.9964599609,80.2604217529,45890,45900,10
12.9965295792,80.2596817017,45900,45910,10
12.9965696335,80.2589569092,45910,45921,11
12.9966402054,80.2580718994,45921,45932,11
12.9967298508,80.25730896,45932,45941,9
12.9968395233,80.2564163208,45941,45982,41
12.9968395233,80.2564163208,45982,45992,10
12.9968299866,80.2560806274,45992,46113,121
12.9968299866,80.2560806274,46113,46123,10
12.9970598221,80.2558670044,46123,46133,10
12.9974403381,80.2558364868,46133,46143,10
12.9979496002,80.2558898926,46143,46153,10
12.9987001419,80.2559814453,46153,46184,31
12.9987001419,80.2559814453,46184,46194,10
12.9988803864,80.2559890747,46194,46214,20
12.9988803864,80.2559890747,46214,46224,10
12.9990596771,80.2560119629,46224,46234,10
12.9994697571,80.2561035156,46234,46244,10
12.9998197556,80.2561798096,46244,46254,10
13.00041008,80.2562866211,46254,46264,10
13.0011100769,80.256401062,46264,46274,10
13.001660347,80.2565231323,46274,46284,10
13.0023097992,80.2566223145,46284,46294,10
13.0027999878,80.2567214966,46294,46305,11
13.0034599304,80.2568435669,46305,46315,10
13.0041599274,80.2569732666,46315,46325,10
13.0048904419,80.2571411133,46325,46335,10
13.0054702759,80.257232666,46335,46345,10
13.0058603287,80.2573165894,46345,46355,10
13.0063800812,80.2573394775,46355,46364,9
13.0064697266,80.2569580078,46364,46375,11
13.0064601898,80.2562179565,46375,46385,10
13.0065097809,80.2553863525,46385,46395,10
13.0065698624,80.2548599243,46395,46405,10
13.0065498352,80.2540969849,46405,46415,10
13.0065603256,80.2533493042,46415,46426,11
13.0065498352,80.2531661987,46426,46436,10
13.006529808,80.253112793,46436,46446,10
13.0065202713,80.2528076172,46446,46456,10
13.0065498352,80.2526473999,46456,46466,10
13.0065498352,80.2525787354,46466,46476,10
13.0065603256,80.252281189,46476,46486,10
13.0066299438,80.2517089844,46486,46496,10
13.0067396164,80.2509002686,46496,46506,10
13.0067501068,80.2499465942,46506,46515,9
13.0067796707,80.2495574951,46515,46526,11
13.0067796707,80.2493286133,46526,46536,10
13.0067195892,80.2488174438,46536,46546,10
13.0066604614,80.2483825684,46546,46617,71
13.0066604614,80.2483825684,46617,46627,10
13.0066995621,80.2481536865,46627,46637,10
13.0066795349,80.2476272583,46637,46647,10
13.0066900253,80.2469406128,46647,46657,10
13.0066204071,80.2464828491,46657,46667,10
13.0066404343,80.2463989258,46667,46678,11
13.0066299438,80.2461700439,46678,46688,10
13.0066299438,80.2455215454,46688,46698,10
13.0066204071,80.2446670532,46698,46708,10
13.0066003799,80.2439498901,46708,46718,10
13.0065803528,80.243560791,46718,46728,10
13.0065603256,80.2430419922,46728,46738,10
13.006529808,80.2422332764,46738,46748,10
13.0065603256,80.2413024902,46748,46758,10
13.0066699982,80.2404327393,46758,46778,20
13.0066699982,80.2404327393,46778,46788,10
13.0066795349,80.2403182983,46788,46798,10
13.0067501068,80.2398834229,46798,46808,10
13.0069303513,80.239112854,46808,46819,11
13.0071601868,80.2380371094,46819,46829,10
13.007349968,80.2371902466,46829,46839,10
13.0074195862,80.236618042,46839,46849,10
13.0074596405,80.2365188599,46849,46859,10
13.0075502396,80.2361526489,46859,46869,10
13.0077104568,80.2354736328,46869,46879,10
13.007900238,80.2346420288,46879,46889,10
13.008099556,80.2336120605,46889,46899,10
13.0082998276,80.2324829102,46899,46909,10
13.0085201263,80.2313232422,46909,46919,10
13.0087203979,80.2302780151,46919,46929,10
13.0089797974,80.2290725708,46929,46940,11
13.0092401505,80.2280197144,46940,46950,10
13.0096302032,80.2270889282,46950,46960,10
13.0100498199,80.2261581421,46960,46970,10
13.0104503632,80.2253112793,46970,46980,10
13.0107097626,80.2247390747,46980,46990,10
13.0108995438,80.2242431641,46990,47000,10
13.011059761,80.2238616943,47000,47010,10
13.0110702515,80.2238082886,47010,47020,10
13.0111503601,80.2234573364,47020,47030,10
13.0112895966,80.2230377197,47030,47040,10
13.0115995407,80.2223968506,47040,47050,10
13.0118999481,80.2215270996,47050,47061,11
13.0123796463,80.2215576172,47061,47071,10
13.012840271,80.2221679688,47071,47081,10
13.013420105,80.2228393555,47081,47091,10
13.0140600204,80.2235565186,47091,47101,10
13.0145101547,80.2241592407,47101,47111,10
13.015080452,80.2247085571,47111,47131,20
13.015080452,80.2247085571,47131,47141,10
13.0152902603,80.2248764038,47141,47151,10
13.0155496597,80.2250595093,47151,47161,10
13.0156202316,80.2251281738,47161,47171,10
13.0157403946,80.225227356,47171,47182,11
13.0163402557,80.2253189087,47182,47192,10
13.0170898438,80.2250595093,47192,47202,10
13.0175895691,80.2248382568,47202,47212,10
13.0183000565,80.2245635986,47212,47222,10
13.0190200806,80.224319458,47222,47231,9
13.0193901062,80.2243728638,47231,47241,10
13.0195302963,80.2244415283,47241,47252,11
13.0197696686,80.2245864868,47252,47262,10
13.0202703476,80.224937439,47262,47272,10
13.0207395554,80.2252807617,47272,47282,10
13.0210895538,80.2255477905,47282,47292,10
13.0215997696,80.2259063721,47292,47302,10
13.0219497681,80.2261581421,47302,47313,11
13.0219602585,80.2261734009,47313,47323,10
13.0221595764,80.2263565063,47323,47333,10
13.0226202011,80.2267608643,47333,47343,10
13.0232400894,80.2273330688,47343,47353,10
13.0238199234,80.2278671265,47353,47363,10
13.0242900848,80.2284011841,47363,47373,10
13.0247001648,80.2289962769,47373,47383,10
13.0250902176,80.2294998169,47383,47393,10
13.0255203247,80.2300872803,47393,47403,10
13.0257396698,80.2304534912,47403,47413,10
13.0258197784,80.2306365967,47413,47444,31
13.0258197784,80.2306365967,47444,47454,10
13.0259399414,80.2309188843,47454,47464,10
13.0259599686,80.2311706543,47464,47474,10
13.026260376,80.2312164307,47474,47484,10
13.0269498825,80.2310714722,47484,47494,10
13.0277500153,80.2309188843,47494,47504,10
13.0284004211,80.2308502197,47504,47514,10
13.0284795761,80.2308425903,47514,47524,10
13.0286998749,80.2308273315,47524,47534,10
13.0288200378,80.2308273315,47534,47544,10
13.0290603638,80.2308197021,47544,47575,31
13.0290603638,80.2308197021,47575,47585,10
13.029250145,80.2307662964,47585,47595,10
13.0294103622,80.2307510376,47595,47605,10
13.0298700333,80.2307128906,47605,47635,30
13.0298700333,80.2307128906,47635,47645,10
13.0301799774,80.230682373,47645,47655,10
13.0303602219,80.2306518555,47655,47665,10
13.0305099487,80.2306365967,47665,47675,10
13.0309095383,80.2306289673,47675,47686,11
13.031419754,80.2305908203,47686,47696,10
13.0321502686,80.2305221558,47696,47706,10
13.0329303741,80.2304534912,47706,47716,10
13.0337600708,80.2304000854,47716,47726,10
13.0344400406,80.2303009033,47726,47796,70
13.0344400406,80.2303009033,47796,47806,10
13.0348396301,80.2303314209,47806,47817,11
13.0348501205,80.2308120728,47817,47827,10
13.0347700119,80.2315826416,47827,47837,10
13.0346899033,80.2324523926,47837,47847,10
13.0345697403,80.2331466675,47847,47857,10
13.0345201492,80.2336273193,47857,47867,10
13.0344200134,80.234336853,47867,47877,10
13.0343198776,80.2351303101,47877,47887,10
13.0341901779,80.236076355,47887,47897,10
13.034119606,80.2369918823,47897,47948,51
13.034119606,80.2369918823,47948,47958,10
13.0342597961,80.2372817993,47958,47968,10
13.0345201492,80.2377471924,47968,47978,10
13.0348596573,80.23828125,47978,47988,10
13.0350704193,80.2386627197,47988,47998,10
13.0352897644,80.2390670776,47998,48008,10
13.0357503891,80.2393188477,48008,48018,10
13.0364999771,80.2394180298,48018,48028,10
13.0374202728,80.2395019531,48028,48038,10
13.0382699966,80.2395935059,48038,48048,10
13.0389604568,80.2396774292,48048,48058,10
13.0395097733,80.2397766113,48058,48069,11
13.0397996902,80.2398376465,48069,48079,10
13.0401096344,80.2398834229,48079,48089,10
13.0402297974,80.2398910522,48089,48099,10
13.0403795242,80.2399520874,48099,48109,10
13.0403604507,80.2402267456,48109,48139,30
13.0403604507,80.2402267456,48139,48149,10
13.0404996872,80.2404632568,48149,48159,10
13.0409698486,80.2405166626,48159,48169,10
13.0410804749,80.2405471802,48169,48179,10
13.0415296555,80.2405929565,48179,48189,10
13.0423202515,80.2406997681,48189,48200,11
13.0433397293,80.2408294678,48200,48210,10
13.0439300537,80.2408599854,48210,48220,10
13.0441303253,80.2407836914,48220,48230,10
13.0444097519,80.2406005859,48230,48240,10
13.0445899963,80.2404022217,48240,48270,30
13.044500351,80.2402191162,48270,48290,20
13.044500351,80.2402191162,48290,48300,10
13.0446395874,80.2400588989,48300,48310,10
13.0450897217,80.2397766113,48310,48321,11
13.0456495285,80.2395477295,48321,48331,10
13.0461101532,80.239402771,48331,48341,10
13.046330452,80.2395324707,48341,48351,10
13.0468397141,80.2396469116,48351,48361,10
13.0474300385,80.2397689819,48361,48371,10
13.0480899811,80.2398605347,48371,48381,10
13.0489597321,80.2400817871,48381,48391,10
13.0496501923,80.240196228,48391,48401,10
13.0502700806,80.2403335571,48401,48411,10
13.0508699417,80.240447998,48411,48421,10
13.0513601303,80.2405319214,48421,48431,10
13.051779747,80.2406082153,48431,48441,10
13.0523099899,80.2406997681,48441,48472,31
13.0523099899,80.2406997681,48472,48482,10
13.0525102615,80.2410736084,48482,48492,10
13.0527896881,80.2416763306,48492,48502,10
13.0533800125,80.2419433594,48502,48512,10
13.0538902283,80.2421722412,48512,48522,10
13.0539999008,80.2421875,48522,48532,10
13.0540504456,80.2422180176,48532,48542,10
13.0545301437,80.2422790527,48542,48552,10
13.0552997589,80.2421417236,48552,48562,10
13.0559501648,80.2422714233,48562,48574,12
13.0565099716,80.2425384521,48574,48624,50
13.0565099716,80.2425384521,48624,48634,10
13.056599617,80.2425613403,48634,48644,10
13.057009697,80.2426605225,48644,48654,10
13.0576000214,80.2427368164,48654,48664,10
13.057800293,80.2427368164,48664,48674,10
13.0581502914,80.2426834106,48674,48683,9
13.0587797165,80.2425765991,48683,48694,11
13.0593795776,80.2425079346,48694,48705,11
13.0600099564,80.2427215576,48705,48715,10
13.0603399277,80.2428207397,48715,48724,9
13.0605297089,80.2428588867,48724,48735,11
13.0607404709,80.2429428101,48735,48745,10
13.0609197617,80.2429962158,48745,48755,10
13.0610799789,80.2430267334,48755,48765,10
13.0613603592,80.2431106567,48765,48775,10
13.0617799759,80.2431716919,48775,48785,10
13.0623502731,80.2432479858,48785,48805,20
13.0623502731,80.2432479858,48805,48815,10
13.0626401901,80.2433319092,48815,48826,11
13.0632696152,80.2434463501,48826,48836,10
13.06387043,80.2434768677,48836,48845,9
13.0641298294,80.2434768677,48845,48856,11
13.0645503998,80.2434692383,48856,48866,10
13.0651302338,80.2434921265,48866,48876,10
13.0651397705,80.2434997559,48876,48885,9
13.0655202866,80.2434692383,48885,48896,11
13.0661001205,80.2433776855,48896,48906,10
13.0664300919,80.2432785034,48906,48916,10
13.066860199,80.2431030273,48916,48926,10
13.0673103333,80.2428970337,48926,48936,10
13.0680398941,80.2426681519,48936,48946,10
13.0688695908,80.2424163818,48946,48957,11
13.0694799423,80.2421722412,48957,48967,10
13.0698699951,80.2420883179,48967,48987,20
13.0698699951,80.2420883179,48987,48997,10
13.0702600479,80.2420196533,48997,49007,10
13.0705499649,80.241897583,49007,49017,10
13.070980072,80.2417678833,49017,49027,10
13.0716199875,80.2414932251,49027,49037,10
13.0722303391,80.2411193848,49037,49047,10
13.0728702545,80.2407989502,49047,49057,10
13.0734701157,80.2406463623,49057,49067,10
13.0742397308,80.2405166626,49067,49084,17
13.0761804581,80.2405014038,49084,49096,12
13.0770196915,80.2405166626,49096,49106,10
13.0770998001,80.2403335571,49106,49115,9
13.0769796371,80.2397613525,49115,49126,11
13.0767803192,80.2389373779,49126,49136,10
13.0766801834,80.2387313843,49136,49146,10
13.0766601563,80.2386703491,49146,49156,10
13.0766401291,80.2386169434,49156,49166,10
13.07654953,80.2382965088,49166,49176,10
13.0764703751,80.2378921509,49176,49185,9
13.0763597488,80.237487793,49185,49195,10
13.0763301849,80.2373123169,49195,49207,12
13.0763196945,80.2371368408,49207,49217,10
13.0763397217,80.2370910645,49217,49227,10
13.0762796402,80.2366790771,49227,49247,20
13.0762796402,80.2366790771,49247,49257,10
13.0762195587,80.2363891602,49257,49267,10
13.0761404037,80.2357177734,49267,49277,10
13.0759401321,80.2348403931,49277,49287,10
13.0757198334,80.2340621948,49287,49317,30
13.0757198334,80.2340621948,49317,49327,10
13.0758104324,80.23387146,49327,49338,11
13.0763196945,80.233757019,49338,49348,10
13.0766201019,80.2337036133,49348,49358,10
13.0767803192,80.2336807251,49358,49368,10
13.077340126,80.2335891724,49368,49378,10
13.0780601501,80.2335662842,49378,49388,10
13.0789899826,80.2334976196,49388,49398,10
13.079750061,80.2334823608,49398,49408,10
13.0802898407,80.2334823608,49408,49418,10
13.0803604126,80.2335205078,49418,49428,10
13.0807304382,80.2334976196,49428,49438,10
13.081410408,80.2335205078,49438,49448,10
13.0818996429,80.2334823608,49448,49459,11
13.081990242,80.2329177856,49459,49469,10
13.0821399689,80.2322998047,49469,49479,10
13.0824098587,80.2315826416,49479,49489,10
13.0826702118,80.2309494019,49489,49505,16
13.0831003189,80.2307662964,49505,49517,12
13.0831804276,80.2315979004,49517,49527,10
13.0832300186,80.2323379517,49527,49535,8
13.0833997726,80.233253479,49535,49547,12
13.0834999084,80.2337417603,49547,49557,10
13.0840597153,80.2339172363,49557,49577,20
13.0840597153,80.2339172363,49577,49588,11
13.0842399597,80.2340011597,49588,49598,10
13.0845804214,80.2340927124,49598,49608,10
13.0852098465,80.2342224121,49608,49618,10
13.0859003067,80.2343826294,49618,49628,10
13.0865497589,80.2344970703,49628,49638,10
13.0872297287,80.2345428467,49638,49648,10
13.0878801346,80.2342681885,49648,49658,10
13.0879802704,80.2335281372,49658,49668,10
13.0881595612,80.2326126099,49668,49678,10
13.0884199142,80.2316818237,49678,49688,10
13.0886297226,80.2310562134,49688,49698,10
13.0888700485,80.2304992676,49698,49709,11
13.0888996124,80.2304611206,49709,49719,10
13.0889396667,80.2303771973,49719,49729,10
13.0891199112,80.2300033569,49729,49739,10
13.0894804001,80.2294006348,49739,49749,10
13.0900497437,80.2287368774,49749,49759,10
13.0907201767,80.2280197144,49759,49769,10
13.0912599564,80.2274093628,49769,49779,10
13.091460228,80.2272033691,49779,49789,10
13.0915203094,80.2271499634,49789,49799,10
13.0918302536,80.2268371582,49799,49809,10
13.0923404694,80.2262802124,49809,49819,10
13.0929203033,80.2257232666,49819,49829,10
13.0932502747,80.2253570557,49829,49846,17
13.0936203003,80.2249526978,49846,49858,12
13.0942001343,80.2242584229,49858,49868,10
13.0946598053,80.2236404419,49868,49878,10
13.09512043,80.2227706909,49878,49887,9
13.0952796936,80.2223434448,49887,49898,11
13.0953197479,80.2222366333,49898,49908,10
13.0954999924,80.2217712402,49908,49918,10
13.0957803726,80.2210006714,49918,49928,10
13.0960798264,80.2201385498,49928,49938,10
13.096159935,80.219871521,49938,49948,10
13.0961799622,80.2198486328,49948,49958,10
13.0962896347,80.2194976807,49958,49969,11
13.0964698792,80.21900177,49969,49979,10
13.0966701508,80.2184829712,49979,49989,10
13.0969200134,80.2177124023,49989,49999,10
13.0971603394,80.2169876099,49999,50009,10
13.0972003937,80.2169036865,50009,50028,19
13.0972700119,80.2166900635,50028,50040,12
13.097530365,80.2160797119,50040,50048,8
13.0976200104,80.2158889771,50048,50060,12
13.0976600647,80.2157669067,50060,50070,10
13.0978498459,80.2153015137,50070,50090,20
13.0978498459,80.2153015137,50090,50101,11
13.0979099274,80.2151184082,50101,50121,20
13.0979404449,80.2150497437,50121,50141,20
13.0979404449,80.2150497437,50141,50151,10
13.0980396271,80.21484375,50151,50161,10
13.0982599258,80.2143707275,50161,50232,71
13.0982599258,80.2143707275,50232,50242,10
13.0983800888,80.2141571045,50242,50252,10
13.0985803604,80.2139587402,50252,50262,10
13.09897995,80.2141494751,50262,50272,10
13.0996103287,80.2143096924,50272,50282,10
13.100060463,80.2144317627,50282,50312,30
13.100060463,80.2144317627,50312,50322,10
13.1001300812,80.2144622803,50322,50332,10
13.1004104614,80.2145690918,50332,50363,31
13.1004104614,80.2145690918,50363,50373,10
13.1005001068,80.2146072388,50373,50383,10
13.1005001068,80.2148971558,50383,50393,10
13.1002197266,80.2155380249,50393,50403,10
13.100060463,80.2159729004,50403,50413,10
13.0998802185,80.2159500122,50413,50423,10
13.1000099182,80.215637207,50423,50433,10
13.1001701355,80.2152786255,50433,50443,10
13.1002998352,80.2149200439,50443,51129,686
13.1002998352,80.2149200439,51129,51139,10
13.1002998352,80.2147064209,51139,51149,10
13.1002502441,80.2145614624,51149,51159,10
13.1001396179,80.2145004272,51159,51169,10
13.0999002457,80.2144165039,51169,51179,10
13.0994997025,80.21434021,51179,51189,10
13.0990495682,80.2142181396,51189,51199,10
13.0985803604,80.2140426636,51199,51209,10
13.0983104706,80.2144088745,51209,51220,11
13.0979604721,80.2152175903,51220,51230,10
13.0975999832,80.2161178589,51230,51240,10
13.0973701477,80.2167205811,51240,51250,10
13.0973396301,80.2167663574,51250,51260,10
13.0972099304,80.2171096802,51260,51270,10
13.0969800949,80.2177581787,51270,51280,10
13.0966997147,80.2186126709,51280,51290,10
13.0964298248,80.2193984985,51290,51299,9
13.0961103439,80.2202911377,51299,51310,11
13.0958003998,80.2211990356,51310,51320,10
13.0956201553,80.2217483521,51320,51330,10
13.095410347,80.222366333,51330,51341,11
13.0953302383,80.2225570679,51341,51351,10
13.0952396393,80.2228164673,51351,51361,10
13.0951004028,80.2230834961,51361,51371,10
13.0947704315,80.2236404419,51371,51381,10
13.0941896439,80.2244186401,51381,51391,10
13.0935001373,80.2252502441,51391,51401,10
13.0928697586,80.2258987427,51401,51411,10
13.0923900604,80.2263870239,51411,51421,10
13.091799736,80.2269897461,51421,51431,10
13.0912599564,80.2275772095,51431,51441,10
13.091170311,80.2276916504,51441,51451,10
13.0911302567,80.2276992798,51451,51461,10
13.0908603668,80.2279815674,51461,51472,11
13.090379715,80.228477478,51472,51482,10
13.0897302628,80.2292022705,51482,51492,10
13.0892400742,80.2299499512,51492,51502,10
13.0890903473,80.2302703857,51502,51512,10
13.0888204575,80.2309494019,51512,51532,20
13.0888204575,80.2309494019,51532,51542,10
13.0887203217,80.2311401367,51542,51552,10
13.0886001587,80.2314300537,51552,51561,9
13.0883598328,80.2321624756,51561,51572,11
13.0881204605,80.2330474854,51572,51582,10
13.0879802704,80.2340774536,51582,51593,11
13.0877895355,80.2345199585,51593,51603,10
13.0871696472,80.2345809937,51603,51613,10
13.0866003036,80.2345275879,51613,51623,10
13.0861701965,80.2344665527,51623,51633,10
13.0857696533,80.2343826294,51633,51643,10
13.0851802826,80.2342376709,51643,51653,10
13.0845298767,80.2340621948,51653,51663,10
13.0841903687,80.2340011597,51663,51673,10
13.0837697983,80.2339096069,51673,51683,10
13.0833396912,80.2338409424,51683,51693,10
13.0828199387,80.2337722778,51693,51703,10
13.0823802948,80.2336578369,51703,51712,9
13.0823602676,80.2336502075,51712,51724,12
13.0820398331,80.233581543,51724,51734,10
13.0815601349,80.2334976196,51734,51744,10
13.0810098648,80.2334594727,51744,51754,10
13.0806303024,80.2334976196,51754,51764,10
13.0802602768,80.233543396,51764,51774,10
13.079750061,80.2335281372,51774,51784,10
13.0795602798,80.2335205078,51784,51794,10
13.0792798996,80.233543396,51794,51804,10
13.0789804459,80.233543396,51804,51814,10
13.0785398483,80.2335891724,51814,51824,10
13.077750206,80.2336273193,51824,51834,10
13.0767498016,80.2337875366,51834,51845,11
13.0758600235,80.2339477539,51845,51855,10
13.0759296417,80.234336853,51855,51865,10
13.0760803223,80.2350463867,51865,51875,10
13.0762195587,80.2358016968,51875,51885,10
13.0763301849,80.2365493774,51885,51895,10
13.076499939,80.2372283936,51895,51915,20
13.076499939,80.2372283936,51915,51925,10
13.0765304565,80.2373428345,51925,51935,10
13.0765800476,80.2376022339,51935,51945,10
13.076669693,80.2380218506,51945,51955,10
13.0767803192,80.238571167,51955,51965,10
13.0769100189,80.2390823364,51965,51976,11
13.0770196915,80.2396774292,51976,51986,10
13.0771198273,80.2401733398,51986,51996,10
13.077249527,80.2406311035,51996,52006,10
13.0773601532,80.2410507202,52006,52016,10
13.0774002075,80.2412872314,52016,52026,10
13.0774402618,80.241569519,52026,52036,10
13.0775604248,80.2421798706,52036,52046,10
13.0776996613,80.2429122925,52046,52056,10
13.0778102875,80.2438964844,52056,52066,10
13.077750206,80.244140625,52066,52076,10
13.0777797699,80.2442779541,52076,52086,10
13.0778303146,80.2446975708,52086,52097,11
13.0778999329,80.2453536987,52097,52107,10
13.0779895782,80.2462005615,52107,52117,10
13.0781803131,80.2471389771,52117,52127,10
13.0783700943,80.2480926514,52127,52137,10
13.0785703659,80.2489776611,52137,52147,10
13.0787200928,80.2497406006,52147,52157,10
13.0785102844,80.2505569458,52157,52167,10
13.0785703659,80.2513198853,52167,52177,10
13.0783996582,80.2516403198,52177,52187,10
13.0779895782,80.2517318726,52187,52197,10
13.0773096085,80.2518615723,52197,52207,10
13.0765895844,80.2519989014,52207,52217,10
13.0756702423,80.2521820068,52217,52228,11
13.0748996735,80.2522125244,52228,52238,10
13.0741996765,80.2522506714,52238,52248,10
13.0737895966,80.2524414063,52248,52258,10
13.073220253,80.2524490356,52258,52268,10
13.0725097656,80.2523574829,52268,52278,10
13.0720996857,80.2517318726,52278,52288,10
13.0719804764,80.2509231567,52288,52298,10
13.0718002319,80.2504196167,52298,52308,10
13.0715999603,80.2497177124,52308,52318,10
13.0714502335,80.2488937378,52318,52328,10
13.0712404251,80.248008728,52328,52338,10
13.0709400177,80.2472381592,52338,52349,11
13.0706195831,80.2465667725,52349,52359,10
13.0701999664,80.2456970215,52359,52369,10
13.0697603226,80.2446594238,52369,52379,10
13.0694904327,80.2438583374,52379,52389,10
13.0692901611,80.243309021,52389,52399,10
13.0692901611,80.2432785034,52399,52409,10
13.0692396164,80.2429885864,52409,52419,10
13.0691795349,80.2426071167,52419,52429,10
13.0686101913,80.2425231934,52429,52439,10
13.0678501129,80.242729187,52439,52449,10
13.0670995712,80.2430801392,52449,52465,16
13.066160202,80.2437133789,52465,52477,12
13.0662202835,80.2445373535,52477,52488,11
13.0663995743,80.2455062866,52488,52496,8
13.0668897629,80.2460632324,52496,52507,11
13.0677995682,80.2465209961,52507,52518,11
13.0678701401,80.24659729,52518,52528,10
13.0679397583,80.246887207,52528,52538,10
13.0679397583,80.247467041,52538,52548,10
13.0676803589,80.2479095459,52548,52558,10
13.0670604706,80.2479171753,52558,52568,10
13.066160202,80.2478408813,52568,52577,9
13.0652799606,80.2478179932,52577,52588,11
13.0642204285,80.247718811,52588,52598,10
13.0634803772,80.2476730347,52598,52609,11
13.0624399185,80.2475967407,52609,52619,10
13.0617599487,80.2475585938,52619,52629,10
13.0613603592,80.2471084595,52629,52639,10
13.0614299774,80.2467727661,52639,52648,9
13.0617198944,80.2464675903,52648,52659,11
13.061920166,80.2456588745,52659,52669,10
13.062330246,80.2449569702,52669,52679,10
13.0629396439,80.2444992065,52679,52689,10
13.0630998611,80.2442932129,52689,52699,10
13.0631799698,80.2442474365,52699,52709,10
13.0633802414,80.243888855,52709,52719,10
13.0632696152,80.2434921265,52719,52730,11
13.062669754,80.2433624268,52730,52740,10
13.0622797012,80.2432785034,52740,52750,10
13.0618801117,80.2432098389,52750,52760,10
13.0614995956,80.2431488037,52760,52770,10
13.0610704422,80.2430877686,52770,52780,10
13.0605201721,80.2428894043,52780,52790,10
13.0600299835,80.2427215576,52790,52800,10
13.0595998764,80.2426223755,52800,52810,10
13.0591001511,80.2425765991,52810,52820,10
13.0587596893,80.2426376343,52820,52830,10
13.0586700439,80.2426681519,52830,52840,10
13.0581998825,80.2427597046,52840,52850,10
13.0570201874,80.2427597046,52850,52901,51
13.0570201874,80.2427597046,52901,52911,10
13.0568504333,80.2427215576,52911,52927,16
13.0562496185,80.2425003052,52927,52939,12
13.0555896759,80.2423019409,52939,52949,10
13.0549602509,80.2423400879,52949,52959,10
13.0547504425,80.2424163818,52959,52969,10
13.0537204742,80.2422180176,52969,53000,31
13.0537204742,80.2422180176,53000,53010,10
13.0534000397,80.2420120239,53010,53020,10
13.0529603958,80.241859436,53020,53060,40
13.0529603958,80.241859436,53060,53070,10
13.0526504517,80.2416992188,53070,53080,10
13.0523195267,80.2414398193,53080,53090,10
13.0521697998,80.2411193848,53090,53100,10
13.0519800186,80.2408218384,53100,53111,11
13.051779747,80.240737915,53111,53121,10
13.0514602661,80.2406692505,53121,53131,10
13.051440239,80.2406692505,53131,53141,10
13.051320076,80.2406234741,53141,53151,10
13.0508804321,80.2405471802,53151,53161,10
13.0502195358,80.2404022217,53161,53171,10
13.0496101379,80.2402801514,53171,53181,10
13.0489997864,80.2401123047,53181,53190,9
13.0485897064,80.240020752,53190,53201,11
13.0480499268,80.2398834229,53201,53211,10
13.0476303101,80.2397994995,53211,53221,10
13.0473098755,80.2397613525,53221,53232,11
13.0463199615,80.2395477295,53232,53252,20
13.0463199615,80.2395477295,53252,53262,10
13.0462198257,80.2393493652,53262,53272,10
13.0462999344,80.2389373779,53272,53282,10
13.0464096069,80.2384033203,53282,53292,10
13.0465297699,80.2378387451,53292,53302,10
13.046620369,80.2372817993,53302,53312,10
13.0467996597,80.2364730835,53312,53322,10
13.0469198227,80.2360229492,53322,53332,10
13.0469999313,80.2357177734,53332,53342,10
13.0470399857,80.2352905273,53342,53352,10
13.0471401215,80.2345275879,53352,53363,11
13.047249794,80.2336502075,53363,53373,10
13.0473203659,80.2333068848,53373,53383,10
13.0473499298,80.2330932617,53383,53393,10
13.0470695496,80.2330322266,53393,53403,10
13.046500206,80.2329406738,53403,53413,10
13.0456800461,80.2327804565,53413,53423,10
13.045249939,80.2327194214,53423,53433,10
13.0451698303,80.2326965332,53433,53443,10
13.044839859,80.2326431274,53443,53453,10
13.0441303253,80.2324905396,53453,53463,10
13.0433797836,80.2323532104,53463,53473,10
13.0426797867,80.2323226929,53473,53483,10
13.0419101715,80.2322769165,53483,53494,11
13.041009903,80.232093811,53494,53504,10
13.0401201248,80.2317810059,53504,53513,9
13.0392599106,80.2315292358,53513,53524,11
13.0381698608,80.2312393188,53524,53534,10
13.0372200012,80.2309494019,53534,53544,10
13.0368299484,80.2308425903,53544,53554,10
13.0364599228,80.2307281494,53554,53564,10
13.0359401703,80.2304992676,53564,53574,10
13.0356302261,80.2303466797,53574,53584,10
13.0351800919,80.2303009033,53584,53675,91
13.0351800919,80.2303009033,53675,53691,16
13.0346002579,80.2303466797,53691,53703,12
13.0341997147,80.2304382324,53703,53712,9
13.0340003967,80.2304534912,53712,53723,11
13.0334997177,80.2304763794,53723,53733,10
13.0334300995,80.23046875,53733,53744,11
13.0331201553,80.2304916382,53744,53754,10
13.032409668,80.2305679321,53754,53764,10
13.03166008,80.2306671143,53764,53774,10
13.03083992,80.23072052,53774,53784,10
13.0303401947,80.230758667,53784,53794,10
13.029800415,80.2308197021,53794,53804,10
13.0294799805,80.2308578491,53804,53814,10
13.0288200378,80.2309265137,53814,53824,10
13.0280399323,80.2310028076,53824,53833,9
13.0277900696,80.2310180664,53833,53845,12
13.0276403427,80.2313079834,53845,53855,10
13.0277004242,80.2317733765,53855,53866,11
13.0277996063,80.2323303223,53866,53877,11
13.0277299881,80.2327880859,53877,53887,10
13.0273399353,80.2328796387,53887,53897,10
13.0269804001,80.232963562,53897,53907,10
13.0267496109,80.233039856,53907,53917,10
13.0263996124,80.2329483032,53917,53926,9
13.0262498856,80.2324066162,53926,53937,11
13.0260696411,80.2317428589,53937,53947,10
13.0259504318,80.2311401367,53947,53957,10
13.025639534,80.2303619385,53957,53967,10
13.025179863,80.2297210693,53967,53978,11
13.0247602463,80.2292327881,53978,53988,10
13.0244398117,80.2288208008,53988,53999,11
13.0241498947,80.228477478,53999,54009,10
13.024140358,80.2284698486,54009,54019,10
13.0240402222,80.2283706665,54019,54029,10
13.0237798691,80.228012085,54029,54039,10
13.023440361,80.2276763916,54039,54049,10
13.0233001709,80.2275466919,54049,54059,10
13.0231800079,80.2274169922,54059,54069,10
13.0228300095,80.2270812988,54069,54079,10
13.0222101212,80.2265319824,54079,54089,10
13.0215196609,80.2259674072,54089,54099,10
13.0208797455,80.225440979,54099,54109,10
13.0202102661,80.2249908447,54109,54120,11
13.0199899673,80.2248382568,54120,54130,10
13.0199604034,80.224822998,54130,54140,10
13.0195703506,80.224571228,54140,54150,10
13.0187196732,80.2245025635,54150,54160,10
13.0177297592,80.2248764038,54160,54170,10
13.0168399811,80.2252578735,54170,54180,10
13.0163097382,80.225479126,54180,54190,10
13.0157003403,80.225730896,54190,54200,10
13.014960289,80.2260131836,54200,54210,10
13.0144300461,80.2262191772,54210,54220,10
13.0143995285,80.2262268066,54220,54230,10
13.0141897202,80.2263031006,54230,54241,11
13.0135097504,80.2265777588,54241,54251,10
13.0127296448,80.2268981934,54251,54261,10
13.0118598938,80.2272262573,54261,54271,10
13.0109596252,80.2275772095,54271,54281,10
13.0100402832,80.2279434204,54281,54291,10
13.0092401505,80.2283782959,54291,54301,10
13.0089702606,80.2294235229,54301,54311,10
13.0087404251,80.2306518555,54311,54321,10
13.0085000992,80.231842041,54321,54331,10
13.008310318,80.2328567505,54331,54341,10
13.0082302094,80.233543396,54341,54351,10
13.0081796646,80.2336502075,54351,54361,10
13.0080699921,80.2340774536,54361,54372,11
13.0079402924,80.2347869873,54372,54388,16
13.0076999664,80.2359771729,54388,54400,12
13.0074796677,80.2370681763,54400,54408,8
13.0073099136,80.2378692627,54408,54420,12
13.007109642,80.2389907837,54420,54430,10
13.0068902969,80.2399673462,54430,54440,10
13.0068101883,80.2404327393,54440,54450,10
13.006770134,80.2407913208,54450,54460,10
13.0067396164,80.2412185669,54460,54470,10
13.0067195892,80.2419891357,54470,54480,10
13.0066995621,80.2427368164,54480,54490,10
13.0066795349,80.2434005737,54490,54499,9
13.0066795349,80.2440490723,54499,54511,12
13.0066795349,80.2447891235,54511,54551,40
13.0066795349,80.2447891235,54551,54561,10
13.0066995621,80.2450790405,54561,54571,10
13.0067100525,80.2453079224,54571,54581,10
13.0067396164,80.2457809448,54581,54590,9
13.0067396164,80.246307373,54590,54600,10
13.0067596436,80.2470321655,54600,54611,11
13.0067396164,80.2480392456,54611,54622,11
13.0068397522,80.249458313,54622,54642,20
13.0068397522,80.249458313,54642,54652,10
13.0068302155,80.249671936,54652,54662,10
13.0067996979,80.250289917,54662,54672,10
13.0067996979,80.2507781982,54672,54682,10
13.0067996979,80.251121521,54682,54692,10
13.0066995621,80.2515869141,54692,54702,10
13.0065698624,80.2523193359,54702,54712,10
13.0066404343,80.2526473999,54712,54722,10
13.0066299438,80.253036499,54722,54732,10
13.0066299438,80.2533035278,54732,54742,10
13.0066299438,80.2533721924,54742,54753,11
13.0065603256,80.2537078857,54753,55136,383
13.0065603256,80.2537078857,55136,55146,10
13.006529808,80.2539520264,55146,55196,50
13.006529808,80.2539520264,55196,55206,10
13.0065402985,80.2543029785,55206,55216,10
13.006529808,80.2544784546,55216,55226,10
13.006529808,80.2547912598,55226,55236,10
13.0065498352,80.255279541,55236,55246,10
13.0065498352,80.2557907104,55246,55257,11
13.0065603256,80.2563171387,55257,55267,10
13.0065803528,80.2566833496,55267,55277,10
13.0065898895,80.2566986084,55277,55287,10
13.0066299438,80.2570800781,55287,55297,10
13.0069198608,80.2577972412,55297,55307,10
13.0073204041,80.2584075928,55307,55317,10
13.0077695847,80.2587509155,55317,55327,10
13.0080404282,80.2590408325,55327,55337,10
13.0078001022,80.259262085,55337,55347,10
13.0074100494,80.2592086792,55347,55357,10
13.0071697235,80.2587203979,55357,55367,10
13.0069198608,80.2582397461,55367,55377,10
13.0065898895,80.2576980591,55377,55388,11
13.0064601898,80.2574386597,55388,55398,10
13.0064401627,80.2571105957,55398,55414,16
13.0064601898,80.2561264038,55414,55426,12
13.0064897537,80.2553100586,55426,55435,9
13.0064897537,80.2547531128,55435,55446,11
13.006480217,80.25390625,55446,55456,10
13.006480217,80.253288269,55456,55466,10
13.0064897537,80.2532577515,55466,55476,10
13.0065002441,80.2530975342,55476,55486,10
13.006529808,80.2525787354,55486,55496,10
13.0066204071,80.2518386841,55496,55504,8
13.0067300797,80.2511672974,55504,55518,14
13.0067396164,80.2497024536,55518,55528,10
13.0066604614,80.2487335205,55528,55548,20
13.0066604614,80.2487335205,55548,55558,10
13.0066404343,80.2486801147,55558,55568,10
13.0066299438,80.2484512329,55568,55578,10
13.0066204071,80.2483215332,55578,55588,10
13.0066204071,80.2481307983,55588,55611,23
13.0066404343,80.2472229004,55611,55623,12
13.0065603256,80.2466125488,55623,55631,8
13.0065603256,80.24659729,55631,55644,13
13.0066003799,80.2463531494,55644,55654,10
13.0065898895,80.2456893921,55654,55664,10
13.0065803528,80.244682312,55664,55673,9
13.0066099167,80.2440109253,55673,55684,11
13.0066003799,80.243560791,55684,55694,10
13.0065698624,80.2430267334,55694,55704,10
13.0065498352,80.2421875,55704,55714,10
13.0065803528,80.2413482666,55714,55724,10
13.0066204071,80.2407531738,55724,55734,10
13.0066099167,80.2406768799,55734,55744,10
13.0066204071,80.2405776978,55744,55754,10
13.0066699982,80.2403411865,55754,55764,10
13.0068101883,80.2397232056,55764,55775,11
13.0069704056,80.2388381958,55775,55785,10
13.0071401596,80.2379989624,55785,55795,10
13.007349968,80.2369766235,55795,55815,20
13.007349968,80.2369766235,55815,55825,10
13.007399559,80.2367401123,55825,55835,10
13.0074195862,80.236656189,55835,55845,10
13.0075397491,80.2362976074,55845,55854,9
13.0076398849,80.235748291,55854,55864,10
13.0077295303,80.2352676392,55864,55875,11
13.007809639,80.234916687,55875,55886,11
13.0079498291,80.2341995239,55886,55896,10
13.0081100464,80.2333679199,55896,55906,10
13.0082902908,80.2323989868,55906,55916,10
13.0085000992,80.2313537598,55916,55926,10
13.0087003708,80.2303237915,55926,55936,10
13.008890152,80.229309082,55936,55945,9
13.009059906,80.2284698486,55945,55956,11
13.0094003677,80.2275695801,55956,55967,11
13.0098199844,80.2266235352,55967,55977,10
13.0102100372,80.2258224487,55977,55987,10
13.0105400085,80.2251968384,55987,55997,10
13.0107698441,80.2246932983,55997,56008,11
13.0109901428,80.2242202759,56008,56018,10
13.0111398697,80.2238388062,56018,56028,10
13.0113096237,80.2233505249,56028,56038,10
13.0115203857,80.2228469849,56038,56048,10
13.0117902756,80.2221832275,56048,56058,10
13.0120897293,80.2216415405,56058,56068,10
13.0122995377,80.2215423584,56068,56078,10
13.0123996735,80.221572876,56078,56088,10
13.0126695633,80.2219085693,56088,56098,10
13.0131702423,80.2225036621,56098,56108,10
13.0136804581,80.2230987549,56108,56118,10
13.013999939,80.2233428955,56118,56128,10
13.0142097473,80.2235565186,56128,56139,11
13.0145702362,80.223991394,56139,56149,10
13.0150604248,80.2246017456,56149,56165,16
13.0155000687,80.2249679565,56165,56177,12
13.0156097412,80.2250213623,56177,56187,10
13.015999794,80.2252426147,56187,56197,10
13.0166196823,80.2251968384,56197,56207,10
13.0174198151,80.224899292,56207,56217,10
13.0183801651,80.2245178223,56217,56227,10
13.0192804337,80.2243423462,56227,56237,10
13.0195703506,80.2244415283,56237,56247,10
13.019900322,80.2246398926,56247,56258,11
13.0204296112,80.2250289917,56258,56268,10
13.0208797455,80.2253570557,56268,56278,10
13.0214595795,80.2257995605,56278,56288,10
13.0219697952,80.2261199951,56288,56298,10
13.0219802856,80.2261199951,56298,56308,10
13.0222196579,80.2263717651,56308,56318,10
13.0227098465,80.2268218994,56318,56328,10
13.023229599,80.2273025513,56328,56338,10
13.0237598419,80.2277984619,56338,56348,10
13.0242395401,80.2283172607,56348,56358,10
13.0243196487,80.2283935547,56358,56368,10
13.024479866,80.2286300659,56368,56378,10
13.0247602463,80.229057312,56378,56395,17
13.0253601074,80.2298583984,56395,56407,12
13.0257701874,80.2304916382,56407,56417,10
13.0258798599,80.2306976318,56417,56427,10
13.0259799957,80.2310180664,56427,56437,10
13.0259599686,80.2311706543,56437,56447,10
13.0261001587,80.2312393188,56447,56457,10
13.0266304016,80.2311401367,56457,56467,10
13.0274600983,80.23097229,56467,56477,10
13.0280504227,80.2308807373,56477,56487,10
13.0283203125,80.2308425903,56487,56497,10
13.0291900635,80.2307662964,56497,56549,52
13.0291900635,80.2307662964,56549,56559,10
13.0296001434,80.2307662964,56559,56569,10
13.0301799774,80.2307128906,56569,56579,10
13.0306797028,80.2306671143,56579,56589,10
13.0311403275,80.2306289673,56589,56599,10
13.0318098068,80.2305984497,56599,56609,10
13.0326004028,80.2305374146,56609,56619,10
13.0334596634,80.2304916382,56619,56629,10
13.0340995789,80.2304229736,56629,56640,11
13.0344600677,80.2303466797,56640,56710,70
13.0344600677,80.2303466797,56710,56720,10
13.0349302292,80.2304077148,56720,56730,10
13.0349397659,80.2307434082,56730,56740,10
13.0348596573,80.2313232422,56740,56750,10
13.0347900391,80.2318878174,56750,56761,11
13.0346899033,80.232673645,56761,56771,10
13.034620285,80.2332229614,56771,56781,10
13.0345602036,80.2336196899,56781,56791,10
13.0344600677,80.234161377,56791,56801,10
13.0343704224,80.2350769043,56801,56811,10
13.0342702866,80.2361221313,56811,56821,10
13.034239769,80.2369003296,56821,56831,10
13.0342903137,80.2373504639,56831,56912,81
13.0342903137,80.2373504639,56912,56922,10
13.0343799591,80.2376480103,56922,56932,10
13.0346002579,80.237991333,56932,56942,10
13.0348997116,80.2384414673,56942,56952,10
13.0352697372,80.2390289307,56952,56962,10
13.0355796814,80.2393188477,56962,56972,10
13.0360603333,80.239402771,56972,56982,10
13.0367803574,80.2394790649,56982,56992,10
13.0375299454,80.2395782471,56992,57002,10
13.0382204056,80.2396469116,57002,57013,11
13.0387897491,80.2397232056,57013,57023,10
13.0394897461,80.2398605347,57023,57033,10
13.0400400162,80.2398834229,57033,57043,10
13.0403604507,80.2400817871,57043,57053,10
13.0403995514,80.2404327393,57053,57063,10
13.0407800674,80.2405166626,57063,57073,10
13.0408096313,80.2405166626,57073,57083,10
13.0410604477,80.240562439,57083,57093,10
13.0411701202,80.2405776978,57093,57103,10
13.0415201187,80.2406082153,57103,57113,10
13.0419597626,80.2406616211,57113,57123,10
13.0425100327,80.2407608032,57123,57134,11
13.0430603027,80.2408065796,57134,57144,10
13.0437002182,80.2409362793,57144,57154,10
13.0441999435,80.2408218384,57154,57164,10
13.0446195602,80.2404937744,57164,57174,10
13.0451202393,80.2400665283,57174,57184,10
13.045630455,80.2397689819,57184,57194,10
13.0460796356,80.2395019531,57194,57204,10
13.0462598801,80.2395095825,57204,57214,10
13.046500206,80.2395629883,57214,57224,10
13.0467596054,80.239616394,57224,57234,10
13.0472698212,80.2397613525,57234,57244,10
13.0478801727,80.2398834229,57244,57254,10
13.0484895706,80.2399902344,57254,57265,11
13.0490703583,80.2401199341,57265,57275,10
13.0496501923,80.2402572632,57275,57285,10
13.0498695374,80.2402801514,57285,57295,10
13.0503196716,80.2403411865,57295,57305,10
13.0508699417,80.2404632568,57305,57315,10
13.0514497757,80.2406005859,57315,57325,10
13.0520601273,80.2407608032,57325,57335,10
13.0524501801,80.2410812378,57335,57345,10
13.0524902344,80.2411575317,57345,57355,10
13.0525102615,80.2412414551,57355,57365,10
13.0525598526,80.2413482666,57365,57375,10
13.052570343,80.2414016724,57375,57385,10
13.0526199341,80.2415390015,57385,57396,11
13.0530500412,80.2418289185,57396,57406,10
13.0536699295,80.2421035767,57406,57416,10
13.0540599823,80.2421875,57416,57426,10
13.0540704727,80.2422027588,57426,57436,10
13.0542001724,80.2422790527,57436,57446,10
13.0546102524,80.2422866821,57446,57456,10
13.0551900864,80.2422332764,57456,57466,10
13.0559101105,80.2422790527,57466,57476,10
13.0564603806,80.2425613403,57476,57486,10
13.056810379,80.2425765991,57486,57496,10
13.0572795868,80.242767334,57496,57506,10
13.0576400757,80.2427825928,57506,57517,11
13.0581197739,80.2426986694,57517,57527,10
13.058549881,80.2426071167,57527,57537,10
13.0586900711,80.2426071167,57537,57547,10
13.0588703156,80.2425994873,57547,57557,10
13.0590600967,80.2425613403,57557,57567,10
13.059419632,80.2425384521,57567,57577,10
13.0600795746,80.2427215576,57577,57587,10
13.0604200363,80.2428207397,57587,57597,10
13.060790062,80.2429275513,57597,57607,10
13.0611095428,80.2430267334,57607,57623,16
13.0614404678,80.2431182861,57623,57635,12
13.0621204376,80.2432403564,57635,57646,11
13.0624198914,80.2432937622,57646,57654,8
13.0624799728,80.2433013916,57654,57665,11
13.0626802444,80.2433319092,57665,57675,10
13.0633201599,80.2434234619,57675,57687,12
13.0643596649,80.2434997559,57687,57697,10
13.0656003952,80.243560791,57697,57726,29
13.0656995773,80.2436904907,57726,57757,31
13.0656995773,80.2436904907,57757,57768,11
13.0659198761,80.2436294556,57768,57778,10
13.0661401749,80.2435379028,57778,57788,10
13.0664796829,80.2433776855,57788,57798,10
13.0669698715,80.2431564331,57798,57808,10
13.0675897598,80.2428970337,57808,57818,10
13.06828022,80.2426986694,57818,57828,10
13.0689096451,80.242477417,57828,57838,10
13.0694904327,80.2422180176,57838,57848,10
13.0699596405,80.2420883179,57848,57868,20
13.0699596405,80.2420883179,57868,57878,10
13.0701398849,80.2420578003,57878,57889,11
13.0707101822,80.241859436,57889,57899,10
13.0714797974,80.2415771484,57899,57909,10
13.0721998215,80.2411804199,57909,57919,10
13.0728597641,80.2408218384,57919,57929,10
13.0733804703,80.2406616211,57929,57939,10
13.0736999512,80.240562439,57939,57949,10
13.074259758,80.2404708862,57949,57959,10
13.075050354,80.2404632568,57959,57969,10
13.0758895874,80.240447998,57969,57979,10
13.0767698288,80.240562439,57979,57989,10
13.0771198273,80.2403717041,57989,57999,10
13.0769300461,80.2396621704,57999,58009,10
13.0767602921,80.2390136719,58009,58020,11
13.0766897202,80.2388305664,58020,58070,50
13.0766897202,80.2388305664,58070,58080,10
13.0766201019,80.2386779785,58080,58090,10
13.0765695572,80.2384262085,58090,58100,10
13.0765104294,80.238067627,58100,58110,10
13.0764703751,80.2378005981,58110,58120,10
13.0764198303,80.2375335693,58120,58130,10
13.076379776,80.2371902466,58130,58151,21
13.076379776,80.2371902466,58151,58161,10
13.0762796402,80.2368011475,58161,58171,10
13.0761995316,80.2361984253,58171,58181,10
13.0761299133,80.2357177734,58181,58191,10
13.0760498047,80.2353134155,58191,58201,10
13.0757799149,80.2342987061,58201,58221,20
13.0757799149,80.2342987061,58221,58231,10
13.075750351,80.2339782715,58231,58241,10
13.0759601593,80.2337875366,58241,58251,10
13.0762500763,80.233757019,58251,58262,11
13.0766096115,80.2337112427,58262,58272,10
13.0767498016,80.2336807251,58272,58282,10
13.0769996643,80.2336730957,58282,58292,10
13.0777101517,80.233581543,58292,58302,10
13.0782203674,80.233581543,58302,58312,10
13.078669548,80.2335510254,58312,58322,10
13.0790395737,80.2335586548,58322,58332,10
13.0795602798,80.233543396,58332,58342,10
13.0800504684,80.2334976196,58342,58352,10
13.0802698135,80.2334976196,58352,58362,10
13.0804195404,80.2334976196,58362,58372,10
13.0809402466,80.2335128784,58372,58382,10
13.0816497803,80.233581543,58382,58393,11
13.0818996429,80.2334899902,58393,58403,10
13.0819702148,80.2329711914,58403,58413,10
13.0821800232,80.2321777344,58413,58423,10
13.0824403763,80.2314224243,58423,58433,10
13.0825500488,80.2312011719,58433,58443,10
13.0827503204,80.230796814,58443,58453,10
13.0830402374,80.23072052,58453,58463,10
13.0831298828,80.2311630249,58463,58473,10
13.0832004547,80.2319793701,58473,58483,10
13.0833501816,80.2329177856,58483,58493,10
13.0834598541,80.2334365845,58493,58503,10
13.0835199356,80.2336425781,58503,58514,11
13.0837497711,80.2338790894,58514,58524,10
13.0840597153,80.2339172363,58524,58534,10
13.0840702057,80.2339324951,58534,58544,10
13.0843296051,80.2340393066,58544,58554,10
13.0847196579,80.2341384888,58554,58564,10
13.0851202011,80.2342224121,58564,58574,10
13.0856599808,80.2343826294,58574,58584,10
13.0860204697,80.2344436646,58584,58594,10
13.086520195,80.2345199585,58594,58604,10
13.0868597031,80.2345809937,58604,58614,10
13.0875301361,80.2345809937,58614,58624,10
13.0879001617,80.2341003418,58624,58634,10
13.0880002975,80.2332305908,58634,58645,11
13.0882797241,80.2320632935,58645,58655,10
13.088549614,80.2312011719,58655,58665,10
13.0888299942,80.2305603027,58665,58684,19
13.0888299942,80.2305603027,58684,58694,10
13.0890398026,80.2301712036,58694,58705,11
13.0894699097,80.2294082642,58705,58715,10
13.0901298523,80.2286834717,58715,58725,10
13.0908403397,80.2279129028,58725,58735,10
13.0913696289,80.2273178101,58735,58745,10
13.0914297104,80.2272491455,58745,58755,10
13.0915002823,80.2271575928,58755,58766,11
13.091799736,80.2268981934,58766,58776,10
13.0923204422,80.2263565063,58776,58786,10
13.092880249,80.2258224487,58786,58796,10
13.0933599472,80.2253112793,58796,58812,16
13.0934400558,80.2252120972,58812,58824,12
13.0938100815,80.224822998,58824,58833,9
13.0940904617,80.2244567871,58833,58845,12
13.0943899155,80.2240524292,58845,58855,10
13.0948600769,80.2233810425,58855,58865,10
13.0952396393,80.2225112915,58865,58875,10
13.0953197479,80.2222213745,58875,58885,10
13.0954303741,80.2219619751,58885,58896,11
13.0956296921,80.2213821411,58896,58906,10
13.0958995819,80.2206573486,58906,58916,10
13.0961999893,80.2198028564,58916,58926,10
13.0963802338,80.2192230225,58926,58946,20
13.0963802338,80.2192230225,58946,58956,10
13.0964603424,80.2190322876,58956,58966,10
13.0966596603,80.2184371948,58966,58976,10
13.0969495773,80.2175827026,58976,58986,10
13.0971603394,80.2169570923,58986,58996,10
13.0971603394,80.2169265747,58996,59006,10
13.097240448,80.2167816162,59006,59017,11
13.0974597931,80.2162628174,59017,59027,10
13.0978002548,80.2154693604,59027,59037,10
13.0983896255,80.2140884399,59037,59105,68
13.0983896255,80.2140884399,59105,59114,9
13.0986099243,80.2139434814,59114,59125,11
13.0990400314,80.2141799927,59125,59135,10
13.0995597839,80.2143478394,59135,59146,11
13.1002197266,80.2145309448,59146,59176,30
13.1002197266,80.2145309448,59176,59185,9
13.1003799438,80.2145996094,59185,59196,11
13.1005897522,80.2148666382,59196,59206,10
13.1003303528,80.2154083252,59206,59216,10
13.1000699997,80.2160110474,59216,59226,10
13.1000299454,80.2161026001,59226,59236,10
13.0999002457,80.2160873413,59236,59246,10
13.0999603271,80.2157516479,59246,59256,10
13.1001396179,80.2153701782,59256,59267,11
13.1002998352,80.2149124146,59267,59690,423
13.1002998352,80.2149124146,59690,59700,10
13.100230217,80.2146377563,59700,59710,10
13.1000099182,80.2144393921,59710,59720,10
13.0998401642,80.2144165039,59720,59730,10
13.0997600555,80.2144165039,59730,59740,10
13.0993995667,80.21434021,59740,59750,10
13.0989999771,80.2142181396,59750,59760,10
13.0985898972,80.2140808105,59760,59781,21
13.0985898972,80.2140808105,59781,59791,10
13.0985002518,80.2140884399,59791,59801,10
13.0982999802,80.2144927979,59801,59811,10
13.0980100632,80.2151565552,59811,59821,10
13.0977497101,80.2157821655,59821,59831,10
13.0974798203,80.2164306641,59831,59841,10
13.0973796844,80.2167205811,59841,59851,10
13.0972604752,80.2170028687,59851,59861,10
13.0970201492,80.2176589966,59861,59871,10
13.096739769,80.21849823,59871,59881,10
13.096619606,80.2188568115,59881,59892,11
13.0964403152,80.2193984985,59892,59902,10
13.0962200165,80.2200317383,59902,59912,10
13.095990181,80.2206802368,59912,59922,10
13.0958003998,80.221206665,59922,59932,10
13.0956897736,80.2215576172,59932,59942,10
13.0953998566,80.222442627,59942,59962,20
13.0953998566,80.222442627,59962,59972,10
13.0952396393,80.2227783203,59972,59982,10
13.094909668,80.223449707,59982,59992,10
13.0943098068,80.224319458,59992,60002,10
13.0937700272,80.2250213623,60002,60013,11
13.093000412,80.2258224487,60013,60023,10
13.0922403336,80.2265930176,60023,60033,10
13.0912599564,80.2276229858,60033,60053,20
13.0912599564,80.2276229858,60053,60062,9
13.0910396576,80.2278671265,60062,60072,10
13.0906200409,80.2283096313,60072,60083,11
13.0900201797,80.2289810181,60083,60093,10
13.0895004272,80.2295913696,60093,60103,10
13.0891895294,80.2301635742,60103,60113,10
13.0890703201,80.23046875,60113,60123,10
13.0888595581,80.2308883667,60123,60144,21
13.0888595581,80.2308883667,60144,60154,10
13.088760376,80.2311630249,60154,60164,10
13.0886001587,80.2315826416,60164,60174,10
13.0884199142,80.2321777344,60174,60184,10
13.0882101059,80.2328872681,60184,60194,10
13.088060379,80.2336578369,60194,60204,10
13.0879802704,80.2342910767,60204,60214,10
13.0874996185,80.2346191406,60214,60224,10
13.086930275,80.2345962524,60224,60234,10
13.0863199234,80.2345199585,60234,60244,10
13.0861196518,80.2344818115,60244,60254,10
13.0858898163,80.2344436646,60254,60265,11
13.0853395462,80.2342987061,60265,60275,10
13.0851602554,80.2342529297,60275,60285,10
13.0849704742,80.2342071533,60285,60295,10
13.084690094,80.234161377,60295,60305,10
13.084280014,80.2340393066,60305,60315,10
13.0839395523,80.2339630127,60315,60325,10
13.0838804245,80.2339477539,60325,60335,10
13.0835695267,80.2339096069,60335,60345,10
13.0832595825,80.23387146,60345,60355,10
13.0828304291,80.2337875366,60355,60365,10
13.0824203491,80.2336807251,60365,60375,10
13.0824098587,80.2336807251,60375,60385,10
13.0823497772,80.2336730957,60385,60396,11
13.081990242,80.2335968018,60396,60406,10
13.0814399719,80.2335510254,60406,60416,10
13.0808200836,80.2335510254,60416,60426,10
13.0804796219,80.2335586548,60426,60436,10
13.0800199509,80.2335510254,60436,60445,9
13.0795898438,80.2335205078,60445,60456,11
13.079460144,80.2335510254,60456,60466,10
13.0790300369,80.2335586548,60466,60476,10
13.0785398483,80.2335662842,60476,60486,10
13.0778198242,80.2336196899,60486,60496,10
13.0772199631,80.2336883545,60496,60506,10
13.0764598846,80.2338180542,60506,60517,11
13.0760202408,80.2338790894,60517,60527,10
13.0759296417,80.2338790894,60527,60537,10
13.0759000778,80.2339096069,60537,60547,10
13.0758600235,80.2340774536,60547,60557,10
13.0759496689,80.2344589233,60557,60567,10
13.0761003494,80.2352218628,60567,60577,10
13.0762796402,80.2359771729,60577,60587,10
13.076379776,80.2367095947,60587,60597,10
13.076499939,80.2372436523,60597,60617,20
13.076499939,80.2372436523,60617,60627,10
13.0764703751,80.2373580933,60627,60637,10
13.0765895844,80.2377700806,60637,60648,11
13.0767202377,80.2383728027,60648,60659,11
13.0768995285,80.2391204834,60659,60669,10
13.0770998001,80.2398834229,60669,60679,10
13.0772199631,80.2403869629,60679,60729,50
13.0772199631,80.2403869629,60729,60739,10
13.0772800446,80.240737915,60739,60749,10
13.0774002075,80.2412414551,60749,60759,10
13.0775299072,80.2418289185,60759,60770,11
13.0777196884,80.2427597046,60770,60780,10
13.0778503418,80.2437515259,60780,60790,10
13.0778198242,80.2444915771,60790,60800,10
13.0779304504,80.2453308105,60800,60810,10
13.0780000687,80.2462463379,60810,60820,10
13.0782003403,80.2472763062,60820,60830,10
13.0784196854,80.2483062744,60830,60840,10
13.0786304474,80.2491607666,60840,60850,10
13.0787601471,80.2500228882,60850,60860,10
13.0785102844,80.2507171631,60860,60870,10
13.0785999298,80.2514801025,60870,60880,10
13.0784101486,80.251663208,60880,60891,11
13.0781402588,80.2517318726,60891,60901,10
13.0775899887,80.2518234253,60901,60911,10
13.0768995285,80.251953125,60911,60921,10
13.0761804581,80.2520828247,60921,60930,9
13.0754699707,80.252166748,60930,60941,11
13.074930191,80.2521972656,60941,60951,10
13.0743198395,80.252243042,60951,60961,10
13.0741796494,80.2522583008,60961,60971,10
13.0740003586,80.2523117065,60971,60981,10
13.0736999512,80.2524719238,60981,60991,10
13.0731401443,80.2524414063,60991,61001,10
13.0725297928,80.2523422241,61001,61011,10
13.0721502304,80.2519302368,61011,61022,11
13.0720396042,80.2511062622,61022,61032,10
13.0718698502,80.2505874634,61032,61042,10
13.0716695786,80.2499313354,61042,61052,10
13.0715198517,80.2492370605,61052,61062,10
13.0713396072,80.2484130859,61062,61072,10
13.0710401535,80.2474365234,61072,61082,10
13.0706996918,80.2467803955,61082,61092,10
13.070309639,80.2459411621,61092,61102,10
13.0698795319,80.2449569702,61102,61112,10
13.069560051,80.2440338135,61112,61122,10
13.0692901611,80.2433013916,61122,61142,20
13.0692901611,80.2433013916,61142,61159,17
13.0691795349,80.2426834106,61159,61171,12
13.0685997009,80.2425918579,61171,61181,10
13.0677900314,80.2428207397,61181,61189,8
13.0670995712,80.2431335449,61189,61201,12
13.066450119,80.2434082031,61201,61210,9
13.0661401749,80.2437362671,61210,61221,11
13.0662002563,80.244430542,61221,61231,10
13.0663099289,80.2452468872,61231,61241,10
13.0666904449,80.2459869385,61241,61251,10
13.067899704,80.2466125488,61251,61272,21
13.067899704,80.2466125488,61272,61281,9
13.0679798126,80.2469177246,61281,61292,11
13.0679502487,80.2475967407,61292,61303,11
13.0674200058,80.2479095459,61303,61313,10
13.0665102005,80.2478637695,61313,61323,10
13.0657300949,80.247833252,61323,61333,10
13.0651502609,80.2478408813,61333,61342,9
13.0645999908,80.2477798462,61342,61353,11
13.0638799667,80.2477111816,61353,61363,10
13.0629901886,80.2476501465,61363,61372,9
13.0621404648,80.2476425171,61372,61383,11
13.0613603592,80.2471694946,61383,61394,11
13.0616798401,80.2466812134,61394,61404,10
13.0619096756,80.2460632324,61404,61414,10
13.0621099472,80.245300293,61414,61424,10
13.0626602173,80.2448196411,61424,61434,10
13.0629997253,80.2444992065,61434,61444,10
13.063170433,80.2442932129,61444,61464,20
13.063170433,80.2442932129,61464,61474,10
13.0633497238,80.2439575195,61474,61484,10
13.0634202957,80.2435302734,61484,61494,10
13.0630598068,80.2434463501,61494,61504,10
13.0625,80.2433395386,61504,61515,11
13.0614795685,80.2431411743,61515,61535,20
13.0614795685,80.2431411743,61535,61545,10
13.0613899231,80.2431411743,61545,61555,10
13.0610399246,80.2430496216,61555,61565,10
13.0606098175,80.2429199219,61565,61575,10
13.0601997375,80.2427597046,61575,61584,9
13.0596399307,80.2425537109,61584,61595,11
13.0590295792,80.2425537109,61595,61605,10
13.058719635,80.2426300049,61605,61615,10
13.0586204529,80.2426681519,61615,61625,10
13.0582199097,80.2427368164,61625,61635,10
13.0571403503,80.2428512573,61635,61666,31
13.0571403503,80.2428512573,61666,61676,10
13.0570201874,80.2428436279,61676,61686,10
13.0566797256,80.2427215576,61686,61696,10
13.0561800003,80.2424926758,61696,61706,10
13.0558004379,80.2423171997,61706,61716,10
13.0551300049,80.2423400879,61716,61726,10
13.054400444,80.242401123,61726,61736,10
13.0536403656,80.2422103882,61736,61757,21
13.0536403656,80.2422103882,61757,61768,11
13.0536298752,80.2422103882,61768,61778,10
13.0532197952,80.2419967651,61778,61788,10
13.0526399612,80.2417678833,61788,61798,10
13.0523004532,80.2413330078,61798,61808,10
13.052069664,80.2409133911,61808,61878,70
13.0517501831,80.2407226563,61878,61899,21
13.0517501831,80.2407226563,61899,61909,10
13.05148983,80.2406234741,61909,61929,20
13.05148983,80.2406234741,61929,61939,10
13.0508899689,80.2405471802,61939,61969,30
13.0508899689,80.2405471802,61969,61979,10
13.0504102707,80.240447998,61979,61989,10
13.0498304367,80.2403182983,61989,61999,10
13.0494604111,80.2402114868,61999,62010,11
13.0488300323,80.2400894165,62010,62020,10
13.0485801697,80.2400512695,62020,62030,10
13.0481796265,80.2399597168,62030,62040,10
13.0475797653,80.2398223877,62040,62050,10
13.0470399857,80.2397384644,62050,62060,10
13.0463199615,80.2395782471,62060,62070,10
13.0462999344,80.2392730713,62070,62080,10
13.0464496613,80.2386398315,62080,62090,10
13.0465803146,80.23802948,62090,62100,10
13.0467300415,80.2372970581,62100,62110,10
13.0469303131,80.2363967896,62110,62120,10
13.0470104218,80.2360534668,62120,62130,10
13.0470399857,80.2357788086,62130,62141,11
13.0470695496,80.235496521,62141,62151,10
13.0471496582,80.2349014282,62151,62161,10
13.0472297668,80.2340164185,62161,62171,10
13.0473003387,80.2333221436,62171,62181,10
13.0472698212,80.2330932617,62181,62191,10
13.0469198227,80.2330093384,62191,62201,10
13.0465898514,80.2329406738,62201,62211,10
13.0461702347,80.2328491211,62211,62221,10
13.0454998016,80.232711792,62221,62231,10
13.0450801849,80.2326583862,62231,62473,242
13.0450801849,80.2326583862,62473,62483,10
13.0445404053,80.2325286865,62483,62493,10
13.0439500809,80.232421875,62493,62503,10
13.0432100296,80.2323684692,62503,62514,11
13.042429924,80.2323608398,62514,62524,10
13.0416698456,80.2322692871,62524,62534,10
13.0407304764,80.2319869995,62534,62544,10
13.0397195816,80.2316818237,62544,62554,10
13.0386695862,80.2313766479,62554,62564,10
13.0377101898,80.2311019897,62564,62574,10
13.0370397568,80.2308731079,62574,62584,10
13.0367898941,80.2307434082,62584,62594,10
13.0364103317,80.2306137085,62594,62604,10
13.0360202789,80.2304763794,62604,62614,10
13.0360002518,80.2304763794,62614,62624,10
13.0358495712,80.2303009033,62624,62634,10
13.0355195999,80.2302932739,62634,62804,170
13.0355195999,80.2302932739,62804,62813,9
13.035320282,80.23021698,62813,62824,11
13.0348796844,80.2302627563,62824,62833,9
13.0346899033,80.2303237915,62833,62844,11
13.0344600677,80.2304000854,62844,62854,10
13.0342998505,80.2304382324,62854,62864,10
13.0340595245,80.2304763794,62864,62874,10
13.0335102081,80.2304992676,62874,62905,31
13.0335102081,80.2304992676,62905,62915,10
13.0332603455,80.2305221558,62915,62925,10
13.0327596664,80.2305603027,62925,62935,10
13.0320796967,80.2306518555,62935,62945,10
13.0317602158,80.230682373,62945,62955,10
13.0311002731,80.2307281494,62955,62965,10
13.030670166,80.230758667,62965,62975,10
13.0297698975,80.2308731079,62975,63026,51
13.0297698975,80.2308731079,63026,63036,10
13.029540062,80.2308883667,63036,63046,10
13.0291004181,80.2309112549,63046,63056,10
13.0285196304,80.2309570313,63056,63066,10
13.0278396606,80.2310180664,63066,63076,10
13.0276699066,80.2312393188,63076,63086,10
13.0277099609,80.2317886353,63086,63095,9
13.0277996063,80.2323226929,63095,63105,10
13.0278701782,80.2328033447,63105,63116,11
13.0270395279,80.2329788208,63116,63217,101
13.0270395279,80.2329788208,63217,63227,10
13.0268697739,80.2329864502,63227,63237,10
13.0265903473,80.2330093384,63237,63247,10
13.026309967,80.2326278687,63247,63257,10
13.0261201859,80.2319488525,63257,63268,11
13.0259399414,80.2312393188,63268,63278,10
13.025639534,80.2304382324,63278,63288,10
13.0251598358,80.2297592163,63288,63298,10
13.0246896744,80.2291412354,63298,63348,50
13.0246896744,80.2291412354,63348,63358,10
13.0244197845,80.2288208008,63358,63368,10
13.0239696503,80.2282791138,63368,63389,21
13.0239696503,80.2282791138,63389,63399,10
13.0238800049,80.2281570435,63399,63409,10
13.0235395432,80.2277832031,63409,63419,10
13.0231895447,80.2274169922,63419,63429,10
13.0228900909,80.227142334,63429,63439,10
13.0223398209,80.2266616821,63439,63449,10
13.0217695236,80.2261810303,63449,63459,10
13.0212402344,80.2257614136,63459,63469,10
13.0207500458,80.2253799438,63469,63479,10
13.0204696655,80.2252120972,63479,63489,10
13.0202198029,80.2250366211,63489,63499,10
13.0198698044,80.2247924805,63499,63510,11
13.0193195343,80.2245407104,63510,63520,10
13.018529892,80.2246398926,63520,63530,10
13.0177297592,80.2249679565,63530,63540,10
13.0169496536,80.2252883911,63540,63550,10
13.016500473,80.225479126,63550,63560,10
13.016119957,80.2256317139,63560,63570,10
13.0156297684,80.2257766724,63570,63580,10
13.0150203705,80.2260513306,63580,63590,10
13.01404953,80.2264709473,63590,63618,28
13.01404953,80.2264709473,63618,63627,9
13.0139598846,80.2265319824,63627,63639,12
13.013469696,80.2266769409,63639,63649,10
13.0129003525,80.226890564,63649,63659,10
13.0121803284,80.227180481,63659,63669,10
13.0113897324,80.2274932861,63669,63679,10
13.0105600357,80.2278213501,63679,63689,10
13.0097198486,80.2281570435,63689,63699,10
13.0092096329,80.2285690308,63699,63708,9
13.0090398788,80.2293624878,63708,63719,11
13.0088100433,80.2304077148,63719,63729,10
13.0086402893,80.2313079834,63729,63739,10
13.0084695816,80.2322006226,63739,63749,10
13.0083303452,80.2329711914,63749,63759,10
13.0082702637,80.233581543,63759,63770,11
13.0082302094,80.2337112427,63770,63781,11
13.0081796646,80.233833313,63781,63791,10
13.0080795288,80.2342529297,63791,63801,10
13.0079498291,80.2349014282,63801,63811,10
13.007809639,80.2356262207,63811,63821,10
13.0076704025,80.2363433838,63821,63831,10
13.0075302124,80.2370605469,63831,63841,10
13.0073795319,80.2377700806,63841,63851,10
13.0072803497,80.2383575439,63851,63861,10
13.0071401596,80.2390365601,63861,63871,10
13.0069503784,80.2401580811,63871,63970,99
13.0069503784,80.2401580811,63970,63979,9
13.0069799423,80.2402877808,63979,63990,11
13.0068998337,80.2408294678,63990,64021,31
13.0068998337,80.2408294678,64021,64031,10
13.0068397522,80.2410964966,64031,64041,10
13.0067596436,80.2417602539,64041,64050,9
13.0067501068,80.2426376343,64050,64061,11
13.0067300797,80.2433776855,64061,64081,20
13.0067300797,80.2433776855,64081,64091,10
13.0067195892,80.2436599731,64091,64101,10
13.0067195892,80.2438278198,64101,64111,10
13.0066900253,80.2442092896,64111,64142,31
13.0066900253,80.2442092896,64142,64152,10
13.0067100525,80.244758606,64152,64162,10
13.0067501068,80.2453689575,64162,64172,10
13.006770134,80.2462768555,64172,64181,9
13.0067796707,80.2472381592,64181,64192,11
13.0067596436,80.2480010986,64192,64202,10
13.0067901611,80.2487869263,64202,64212,10
13.0068702698,80.2494125366,64212,64232,20
13.0068702698,80.2494125366,64232,64242,10
13.0068798065,80.249710083,64242,64252,10
13.0068397522,80.25025177,64252,64263,11
13.0068397522,80.2510604858,64263,64273,10
13.0067596436,80.251701355,64273,64283,10
13.0066003799,80.2524490356,64283,64293,10
13.0065803528,80.2532119751,64293,64303,10
13.0065803528,80.25415802,64303,64313,10
13.0066404343,80.2549667358,64313,64333,20
13.0066404343,80.2549667358,64333,64343,10
13.0066299438,80.2553024292,64343,64353,10
13.0066299438,80.2559890747,64353,64363,10
13.0066795349,80.2571487427,64363,64434,71
13.0066795349,80.2571487427,64434,64444,10
13.0067501068,80.2573394775,64444,64454,10
13.0066995621,80.257598877,64454,64464,10
13.0062599182,80.257598877,64464,64474,10
13.0056200027,80.2574234009,64474,64484,10
13.0050401688,80.2572631836,64484,64494,10
13.0044202805,80.2571563721,64494,64504,10
13.0038404465,80.2570266724,64504,64515,11
13.0032396317,80.2569122314,64515,64525,10
13.0027999878,80.2568206787,64525,64535,10
13.0024404526,80.2567520142,64535,64545,10
13.0017595291,80.2566375732,64545,64555,10
13.0009098053,80.2565307617,64555,64565,10
13.0000896454,80.2564086914,64565,64575,10
13.0000600815,80.2564086914,64575,64585,10
13.0000295639,80.2564086914,64585,64595,10
12.9995603561,80.2563095093,64595,64625,30
12.9995603561,80.2563095093,64625,64636,11
12.9993600845,80.2562408447,64636,64646,10
12.9987602234,80.2561187744,64646,64656,10
12.9979400635,80.2559967041,64656,64666,10
12.997010231,80.2559814453,64666,64686,20
12.997010231,80.2559814453,64686,64696,10
12.9969396591,80.2561187744,64696,64706,10
12.9969100952,80.2564315796,64706,64716,10
12.9968795776,80.2570495605,64716,64736,20
12.9968795776,80.2570495605,64736,64746,10
12.9968500137,80.2573928833,64746,64757,11
12.9967603683,80.258140564,64757,64767,10
12.9966602325,80.2589035034,64767,64777,10
12.9965600967,80.2596588135,64777,64787,10
12.996509552,80.2602081299,64787,64797,10
12.9964504242,80.2607574463,64797,64807,10
12.9963598251,80.2615203857,64807,64817,10
12.9963102341,80.2621231079,64817,64827,10
12.9962596893,80.2624893188,64827,64837,10
12.9962596893,80.2624969482,64837,64847,10
12.9962596893,80.2626037598,64847,64857,10
12.9961795807,80.2630310059,64857,64873,16
12.9961395264,80.2635803223,64873,64886,13
12.9960603714,80.2643814087,64886,64896,10
12.9959802628,80.2649688721,64896,64906,10
12.9958496094,80.2661437988,64906,64916,10
12.995759964,80.2671432495,64916,64926,10
12.9961500168,80.2677307129,64926,64946,20
12.9961500168,80.2677307129,64946,64956,10
12.9962396622,80.2677536011,64956,64966,10
12.996629715,80.267791748,64966,64976,10
12.9973602295,80.267616272,64976,64986,10
12.9982995987,80.2673492432,64986,64996,10
12.9990901947,80.2671279907,64996,65007,11
13.0000200272,80.2667236328,65007,65037,30
13.0000200272,80.2667236328,65037,65047,10
13.000120163,80.2665405273,65047,65057,10
13.0002002716,80.2659301758,65057,65067,10
13.0003004074,80.2657394409,65067,65077,10
13.0003004074,80.2659378052,65077,65087,10
13.0002603531,80.2662200928,65087,65559,472
13.0002603531,80.2662200928,65559,65569,10
13.0003299713,80.266418457,65569,65579,10
13.0003299713,80.266708374,65579,65589,10
13.0001897812,80.2668762207,65589,65599,10
12.9996995926,80.2670135498,65599,65609,10
12.9989004135,80.2672424316,65609,65619,10
12.9982099533,80.2674331665,65619,65630,11
12.9971904755,80.2677230835,65630,65640,10
12.9964399338,80.2677993774,65640,65650,10
12.9958295822,80.2677612305,65650,65660,10
12.9956798553,80.2676391602,65660,65670,10
12.9956998825,80.2673568726,65670,65680,10
12.9956998825,80.2673492432,65680,65690,10
12.9957199097,80.2671432495,65690,65700,10
12.9957895279,80.2665328979,65700,65710,10
12.995880127,80.2656478882,65710,65720,10
12.9959697723,80.2647399902,65720,65730,10
12.9960603714,80.2639694214,65730,65740,10
12.9961299896,80.2633132935,65740,65750,10
12.9961996078,80.2627487183,65750,65761,11
12.9961996078,80.2626190186,65761,65771,10
12.9962100983,80.2625579834,65771,65781,10
12.9962596893,80.2621612549,65781,65791,10
12.9963102341,80.2617797852,65791,65801,10
12.9963703156,80.2612533569,65801,65811,10
12.9964599609,80.2605285645,65811,65821,10
12.9965200424,80.259803772,65821,65831,10
12.9965295792,80.2594223022,65831,65841,10
12.9965600967,80.2592926025,65841,65851,10
12.9966201782,80.2588119507,65851,65861,10
12.9966602325,80.2583312988,65861,65871,10
12.996720314,80.2577209473,65871,65881,10
12.9967899323,80.2570419312,65881,65892,11
12.9968395233,80.2565307617,65892,65902,10
12.9968900681,80.256072998,65902,66010,108
12.9968900681,80.256072998,66010,66021,11
12.9969396591,80.2558822632,66021,66031,10
12.9972000122,80.2558288574,66031,66041,10
12.9976596832,80.2558670044,66041,66051,10
12.9982995987,80.2559280396,66051,66061,10
12.9987802505,80.2560195923,66061,66081,20
12.9987802505,80.2560195923,66081,66091,10
12.9990196228,80.2560882568,66091,66111,20
12.9990196228,80.2560882568,66111,66121,10
12.9991998672,80.2561187744,66121,66132,11
12.9996404648,80.2562179565,66132,66142,10
13.0002603531,80.256362915,66142,66152,10
13.0010099411,80.2564697266,66152,66162,10
13.0016202927,80.2565994263,66162,66172,10
13.0023803711,80.2567214966,66172,66182,10
13.0029697418,80.2568283081,66182,66192,10
13.0035104752,80.256942749,66192,66202,10
13.0042200089,80.2570724487,66202,66212,10
13.0048799515,80.2572021484,66212,66222,10
13.0055599213,80.2573623657,66222,66242,20
13.0055599213,80.2573623657,66242,66252,10
13.0056800842,80.2574310303,66252,66263,11
13.006070137,80.2574768066,66263,66273,10
13.0064897537,80.2574691772,66273,66283,10
13.0065002441,80.2569885254,66283,66293,10
13.0064897537,80.2561798096,66293,66303,10
13.0065002441,80.2552719116,66303,66404,101
13.0065698624,80.2548828125,66404,66424,20
13.0065698624,80.2548828125,66424,66434,10
13.0064897537,80.2546234131,66434,66515,81
13.0064897537,80.2546234131,66515,66525,10
13.0065603256,80.2543411255,66525,66535,10
13.0065698624,80.25415802,66535,66545,10
13.0065698624,80.2539978027,66545,66555,10
13.0065498352,80.2538375854,66555,66565,10
13.0065402985,80.2538223267,66565,66575,10
13.0065603256,80.2535476685,66575,66617,42
13.0065603256,80.2535476685,66617,66628,11
13.0065402985,80.2532577515,66628,66638,10
13.0065202713,80.2531204224,66638,66648,10
13.0065202713,80.2529830933,66648,66658,10
13.0065097809,80.2527694702,66658,66668,10
13.0065402985,80.2523727417,66668,66749,81
13.0065402985,80.2523727417,66749,66759,10
13.0066204071,80.2521286011,66759,66769,10
13.0067100525,80.2515792847,66769,66779,10
13.0067596436,80.2509231567,66779,66849,70
13.0067596436,80.2509231567,66849,66859,10
13.0067596436,80.2505493164,66859,66869,10
13.0067501068,80.250213623,66869,66880,11
13.0067195892,80.2496109009,66880,66990,110
13.0067195892,80.2496109009,66990,67001,11
13.0067195892,80.2492370605,67001,67011,10
13.0066900253,80.2488937378,67011,67021,10
13.0066204071,80.2483215332,67021,67132,111
13.0066204071,80.2483215332,67132,67142,10
13.0066204071,80.2480392456,67142,67152,10
13.0066204071,80.2475662231,67152,67162,10
13.0066299438,80.2470169067,67162,67172,10
13.0065898895,80.2468109131,67172,67182,10
13.0065498352,80.24659729,67182,67232,50
13.0065498352,80.24659729,67232,67242,10
13.0066204071,80.2462081909,67242,67283,41
13.0066204071,80.2462081909,67283,67293,10
13.0066099167,80.2457580566,67293,67303,10
13.0066299438,80.2454605103,67303,67313,10
13.0066299438,80.2452774048,67313,67323,10
13.0066299438,80.2451019287,67323,67333,10
13.0066299438,80.2449798584,67333,67343,10
13.0066299438,80.2448120117,67343,67353,10
13.0066299438,80.2445373535,67353,67363,10
13.0066404343,80.2444381714,67363,67374,11
13.0066299438,80.2442016602,67374,67384,10
13.0066003799,80.2438964844,67384,67394,10
13.0065603256,80.2434616089,67394,67404,10
13.0065402985,80.2428588867,67404,67414,10
13.0065202713,80.2420425415,67414,67424,10
13.006529808,80.2415390015,67424,67434,10
13.0065803528,80.2409973145,67434,67444,10
13.0066604614,80.2402572632,67444,67454,10
13.006819725,80.2394866943,67454,67464,10
13.0070896149,80.2383575439,67464,67474,10
13.007229805,80.2377700806,67474,67484,10
13.0073299408,80.2372512817,67484,67494,10
13.007349968,80.2371826172,67494,67505,11
13.0073699951,80.2369537354,67505,67515,10
13.0073795319,80.2368927002,67515,67525,10
13.0074396133,80.2366485596,67525,67535,10
13.007519722,80.2364730835,67535,67545,10
13.0075702667,80.2361526489,67545,67555,10
13.0076999664,80.2355117798,67555,67565,10
13.0078601837,80.2346420288,67565,67575,10
13.0080604553,80.2336273193,67575,67585,10
13.0082597733,80.2326583862,67585,67595,10
13.0084400177,80.2316818237,67595,67605,10
13.0086097717,80.2306976318,67605,67615,10
13.0087995529,80.2297592163,67615,67626,11
13.0089998245,80.2287597656,67626,67636,10
13.0092401505,80.2279815674,67636,67646,10
13.0095796585,80.2272186279,67646,67656,10
13.0098800659,80.2265625,67656,67666,10
13.010219574,80.2258377075,67666,67726,60
13.010219574,80.2258377075,67726,67736,10
13.0104198456,80.225479126,67736,67747,11
13.0105104446,80.2253036499,67747,67757,10
13.01060009,80.2251281738,67757,67767,10
13.0107402802,80.2248764038,67767,67777,10
13.0108098984,80.2246398926,67777,67787,10
13.0109300613,80.2242279053,67787,67797,10
13.0111198425,80.2238388062,67797,67807,10
13.0113601685,80.2232208252,67807,67817,10
13.0116596222,80.2224502563,67817,67827,10
13.0119104385,80.2217330933,67827,67837,10
13.0120201111,80.2215499878,67837,67847,10
13.0122299194,80.2214736938,67847,67857,10
13.0124597549,80.2217025757,67857,67868,11
13.0128898621,80.2222290039,67868,67878,10
13.013299942,80.2227020264,67878,67888,10
13.0136899948,80.2231521606,67888,67898,10
13.0140399933,80.2235412598,67898,67908,10
13.0142202377,80.2238235474,67908,67918,10
13.0146198273,80.2242431641,67918,67928,10
13.0149803162,80.224609375,67928,67938,10
13.015370369,80.224937439,67938,67948,10
13.0155000687,80.2250366211,67948,67958,10
13.0155601501,80.2250976563,67958,67968,10
13.0159397125,80.2253723145,67968,67978,10
13.0166597366,80.2253112793,67978,67988,10
13.017539978,80.2249603271,67988,67999,11
13.0184402466,80.2245864868,67999,68009,10
13.0189399719,80.2244033813,68009,68019,10
13.0192804337,80.224357605,68019,68029,10
13.0193395615,80.224357605,68029,68039,10
13.0194196701,80.2243804932,68039,68069,30
13.0194196701,80.2243804932,68069,68079,10
13.0195703506,80.2244033813,68079,68095,16
13.0198297501,80.2246170044,68095,68107,12
13.0203199387,80.2249984741,68107,68117,10
13.0207500458,80.2252807617,68117,68127,10
13.0211296082,80.2255783081,68127,68139,12
13.0217599869,80.2260665894,68139,68159,20
13.0217599869,80.2260665894,68159,68169,10
13.0220003128,80.2262496948,68169,68189,20
13.0220003128,80.2262496948,68189,68199,10
13.022069931,80.2263565063,68199,68209,10
13.0224304199,80.2266693115,68209,68219,10
13.0229997635,80.2271881104,68219,68229,10
13.0236196518,80.2277374268,68229,68239,10
13.0241804123,80.2283401489,68239,68250,11
13.0246696472,80.2290115356,68250,68260,10
13.0251197815,80.2296218872,68260,68270,10
13.0255804062,80.2302703857,68270,68280,10
13.0257101059,80.2304763794,68280,68290,10
13.0258302689,80.2306976318,68290,68340,50
13.0258302689,80.2306976318,68340,68350,10
13.0258903503,80.2308197021,68350,68360,10
13.0259799957,80.2311096191,68360,68370,10
13.0260601044,80.231338501,68370,68381,11
13.0264196396,80.231338501,68381,68391,10
13.0270996094,80.2311477661,68391,68407,16
13.0277395248,80.231010437,68407,68419,12
13.0280399323,80.2309799194,68419,68428,9
13.028260231,80.2309494019,68428,68438,10
13.0283403397,80.2309417725,68438,68450,12
13.0286798477,80.2309036255,68450,68459,9
13.029009819,80.2308807373,68459,68470,11
13.0294599533,80.2308273315,68470,68480,10
13.0298204422,80.230796814,68480,68490,10
13.02987957,80.230796814,68490,68501,11
13.0300703049,80.2307815552,68501,68511,10
13.0302696228,80.2307662964,68511,68521,10
13.0304403305,80.230758667,68521,68531,10
13.0306901932,80.2307510376,68531,68541,10
13.0311098099,80.2307128906,68541,68551,10
13.0318002701,80.2306594849,68551,68561,10
13.0324401855,80.2306137085,68561,68571,10
13.0331296921,80.2305603027,68571,68581,10
13.0335197449,80.2305297852,68581,68692,111
13.0335197449,80.2305297852,68692,68702,10
13.0337495804,80.2305679321,68702,68712,10
13.0340499878,80.2305297852,68712,68732,20
13.0340499878,80.2305297852,68732,68743,11
13.0344896317,80.2304000854,68743,68863,120
13.0344896317,80.2304000854,68863,68874,11
13.0347604752,80.2303695679,68874,68884,10
13.0349397659,80.2305374146,68884,68894,10
13.034910202,80.2308578491,68894,68904,10
13.0348596573,80.2312164307,68904,68920,16
13.034740448,80.2323074341,68920,68932,12
13.0346298218,80.2331924438,68932,68942,10
13.0345602036,80.2336502075,68942,68952,10
13.0344600677,80.2343826294,68952,68962,10
13.0343599319,80.2353210449,68962,68972,10
13.0342798233,80.236038208,68972,68982,10
13.0341796875,80.237121582,68982,69073,91
13.0341796875,80.237121582,69073,69083,10
13.0341701508,80.2372283936,69083,69093,10
13.0344200134,80.237663269,69093,69103,10
13.0346097946,80.2379684448,69103,69113,10
13.0347700119,80.2382278442,69113,69144,31
13.0347700119,80.2382278442,69144,69154,10
13.0350103378,80.2385787964,69154,69164,10
13.0352296829,80.2389373779,69164,69173,9
13.0354299545,80.2393188477,69173,69184,11
13.0358400345,80.2394180298,69184,69194,10
13.0363302231,80.2394790649,69194,69204,10
13.0368404388,80.2395172119,69204,69214,10
13.0374202728,80.2395629883,69214,69224,10
13.0379600525,80.2396392822,69224,69234,10
13.0383996964,80.2397079468,69234,69245,11
13.0386896133,80.2397537231,69245,69255,10
13.0390300751,80.2397689819,69255,69265,10
13.039440155,80.2398223877,69265,69275,10
13.0398397446,80.2398605347,69275,69285,10
13.0400800705,80.2399215698,69285,69295,10
13.040309906,80.2399902344,69295,69305,10
13.0403604507,80.2402114868,69305,69315,10
13.0404396057,80.2405395508,69315,69325,10
13.0406999588,80.240562439,69325,69335,10
13.0406999588,80.2405700684,69335,69345,10
13.0408296585,80.2405776978,69345,69355,10
13.0409698486,80.2406082153,69355,69366,11
13.0413503647,80.2406692505,69366,69376,10
13.0419397354,80.2407226563,69376,69386,10
13.042599678,80.2408218384,69386,69396,10
13.0433197021,80.2409210205,69396,69406,10
13.0437297821,80.2409667969,69406,69436,30
13.0437297821,80.2409667969,69436,69446,10
13.0440502167,80.2409362793,69446,69456,10
13.0444097519,80.2406997681,69456,69466,10
13.0450000763,80.2403030396,69466,69476,10
13.0452804565,80.2401275635,69476,69487,11
13.0456199646,80.2399215698,69487,69497,10
13.0461301804,80.239616394,69497,69517,20
13.0461301804,80.239616394,69517,69527,10
13.0462999344,80.239616394,69527,69537,10
13.0464496613,80.2396621704,69537,69547,10
13.0466098785,80.2397003174,69547,69557,10
13.0472402573,80.2397994995,69557,69567,10
13.0482196808,80.239982605,69567,69577,10
13.0490999222,80.2401580811,69577,69587,10
13.0495595932,80.2402801514,69587,69597,10
13.0498399734,80.2403335571,69597,69607,10
13.0502099991,80.2403869629,69607,69618,11
13.0509500504,80.2405166626,69618,69628,10
13.0511598587,80.2405776978,69628,69638,10
13.0513496399,80.2406387329,69638,69648,10
13.0520095825,80.2407836914,69648,69658,10
13.0524902344,80.2411499023,69658,69668,10
13.0526599884,80.2416763306,69668,69678,10
13.0532598495,80.2419815063,69678,69688,10
13.053850174,80.2422409058,69688,69698,10
13.0539398193,80.2422637939,69698,69708,10
13.0542097092,80.2423171997,69708,69718,10
13.0547199249,80.2423706055,69718,69728,10
13.0552997589,80.2422790527,69728,69769,41
13.0552997589,80.2422790527,69769,69779,10
13.0555400848,80.2422714233,69779,69789,10
13.0558300018,80.2423324585,69789,69799,10
13.0560903549,80.2424468994,69799,69809,10
13.0563697815,80.2425918579,69809,69849,40
13.0563697815,80.2425918579,69849,69859,10
13.0564699173,80.2426605225,69859,69870,11
13.0567398071,80.2426681519,69870,69880,10
13.057100296,80.2428131104,69880,69890,10
13.0575799942,80.2428283691,69890,69899,9
13.0576696396,80.2428436279,69899,69910,11
13.0580997467,80.2428207397,69910,69920,10
13.0585899353,80.2426834106,69920,69930,10
13.059009552,80.2426223755,69930,69940,10
13.0593395233,80.2425765991,69940,69950,10
13.0598096848,80.2427520752,69950,69960,10
13.060259819,80.2428894043,69960,69970,10
13.0605201721,80.2429580688,69970,69980,10
13.0608501434,80.243057251,69980,69991,11
13.0612001419,80.2431716919,69991,70001,10
13.0614995956,80.2432174683,70001,70011,10
13.0618801117,80.243270874,70011,70021,10
13.0622701645,80.2433319092,70021,70041,20
13.0622701645,80.2433319092,70041,70051,10
13.0624599457,80.2434005737,70051,70071,20
13.0624599457,80.2434005737,70071,70081,10
13.0627202988,80.2434387207,70081,70091,10
13.0633096695,80.2435379028,70091,70101,10
13.0637397766,80.243560791,70101,70112,11
13.0640602112,80.243560791,70112,70122,10
13.0643501282,80.243560791,70122,70132,10
13.0645999908,80.243560791,70132,70170,38
13.0645999908,80.243560791,70170,70180,10
13.0647602081,80.2435531616,70180,70392,212
13.0647602081,80.2435531616,70392,70402,10
13.0651597977,80.243598938,70402,70412,10
13.0657596588,80.2435913086,70412,70442,30
13.0657596588,80.2435913086,70442,70452,10
13.0661201477,80.2435073853,70452,70462,10
13.066160202,80.2434997559,70462,70472,10
13.0663204193,80.2434463501,70472,70483,11
13.0665798187,80.2433624268,70483,70493,10
13.0668497086,80.2432403564,70493,70503,10
13.0672101974,80.2430801392,70503,70513,10
13.0676603317,80.2428894043,70513,70523,10
13.0686197281,80.2425765991,70523,70543,20
13.0686197281,80.2425765991,70543,70553,10
13.0687398911,80.2425231934,70553,70563,10
13.0691099167,80.2423782349,70563,70573,10
13.0695495605,80.2422485352,70573,70583,10
13.0699100494,80.2421798706,70583,70634,51
13.0699100494,80.2421798706,70634,70644,10
13.0701599121,80.2421264648,70644,70654,10
13.070400238,80.2420425415,70654,70664,10
13.0707702637,80.241897583,70664,70674,10
13.0713195801,80.2416763306,70674,70684,10
13.0719499588,80.2413635254,70684,70694,10
13.0724802017,80.2410430908,70694,70704,10
13.0730104446,80.2408218384,70704,70714,10
13.0734996796,80.2406768799,70714,70724,10
13.0741100311,80.2405395508,70724,70735,11
13.0750198364,80.2405166626,70735,70745,10
13.0758895874,80.2405090332,70745,70755,10
13.0765695572,80.2405776978,70755,70765,10
13.0769395828,80.2406234741,70765,70775,10
13.0770797729,80.2403411865,70775,70785,10
13.0769195557,80.2397384644,70785,70795,10
13.0766897202,80.238899231,70795,70805,10
13.0765304565,80.2382736206,70805,70815,10
13.0765104294,80.2381820679,70815,70825,10
13.0764398575,80.2378234863,70825,70841,16
13.0763502121,80.2373428345,70841,70853,12
13.0763397217,80.237159729,70853,70864,11
13.0761995316,80.2365036011,70864,70872,8
13.0761299133,80.2359313965,70872,70883,11
13.076089859,80.2356414795,70883,70895,12
13.075969696,80.2350616455,70895,70905,10
13.0757102966,80.2342224121,70905,70975,70
13.0757102966,80.2342224121,70975,70986,11
13.0758199692,80.2339096069,70986,70996,10
13.0761404037,80.233833313,70996,71006,10
13.0766000748,80.2337493896,71006,71016,10
13.0767002106,80.2337417603,71016,71026,10
13.0769796371,80.2336883545,71026,71036,10
13.0775499344,80.2336196899,71036,71046,10
13.0781097412,80.233581543,71046,71056,10
13.0788402557,80.2335510254,71056,71066,10
13.0795001984,80.2335510254,71066,71076,10
13.080039978,80.233543396,71076,71086,10
13.0802402496,80.2335510254,71086,71096,10
13.0804700851,80.233581543,71096,71107,11
13.0811395645,80.2335891724,71107,71117,10
13.0817699432,80.2336425781,71117,71127,10
13.0819196701,80.2334671021,71127,71137,10
13.0819702148,80.2330474854,71137,71147,10
13.0820198059,80.2326965332,71147,71157,10
13.0820598602,80.2325592041,71157,71167,10
13.0821895599,80.2321090698,71167,71177,10
13.0823202133,80.2316970825,71177,71187,10
13.0824098587,80.2314910889,71187,71197,10
13.0824699402,80.231338501,71197,71207,10
13.0825796127,80.2310714722,71207,71217,10
13.0826997757,80.2308425903,71217,71228,11
13.082909584,80.2306900024,71228,71238,10
13.0830698013,80.2309188843,71238,71248,10
13.0831403732,80.231628418,71248,71258,10
13.0832195282,80.2325820923,71258,71268,10
13.0833902359,80.2331924438,71268,71278,10
13.0834798813,80.2337036133,71278,71288,10
13.0839700699,80.2339706421,71288,71318,30
13.0839700699,80.2339706421,71318,71328,10
13.0841398239,80.2340164185,71328,71338,10
13.0843801498,80.2341003418,71338,71349,11
13.0848999023,80.2341995239,71349,71359,10
13.085439682,80.2343521118,71359,71369,10
13.0860004425,80.2344818115,71369,71379,10
13.0865402222,80.2345581055,71379,71389,10
13.0870304108,80.2346115112,71389,71399,10
13.0876502991,80.2345123291,71399,71409,10
13.0879096985,80.2338409424,71409,71419,10
13.0880899429,80.2328033447,71419,71429,10
13.0883598328,80.2316970825,71429,71439,10
13.0885400772,80.2311706543,71439,71449,10
13.0888004303,80.2305908203,71449,71459,10
13.0888395309,80.230506897,71459,71469,10
13.0889596939,80.2303085327,71469,71480,11
13.0892896652,80.2296676636,71480,71490,10
13.0899295807,80.2288818359,71490,71500,10
13.0907402039,80.2279891968,71500,71510,10
13.091340065,80.2273330688,71510,71530,20
13.091340065,80.2273330688,71530,71540,10
13.0916004181,80.2270812988,71540,71550,10
13.0921401978,80.2265396118,71550,71560,10
13.0928001404,80.2258682251,71560,71570,10
13.0932102203,80.225440979,71570,71580,10
13.0933103561,80.2253189087,71580,71590,10
13.0934801102,80.2251281738,71590,71601,11
13.0937700272,80.2248001099,71601,71611,10
13.0942201614,80.2242202759,71611,71621,10
13.0948295593,80.2233810425,71621,71631,10
13.0952596664,80.222442627,71631,71641,10
13.0956401825,80.2213592529,71641,71651,10
13.0959596634,80.220489502,71651,71661,10
13.0963802338,80.2192764282,71661,71701,40
13.0963802338,80.2192764282,71701,71711,10
13.0964097977,80.2191619873,71711,71722,11
13.0964899063,80.2189102173,71722,71732,10
13.0966300964,80.2184829712,71732,71742,10
13.0966997147,80.2182617188,71742,71752,10
13.096830368,80.217880249,71752,71762,10
13.0970401764,80.2172164917,71762,71772,10
13.097120285,80.2169799805,71772,71782,10
13.0971899033,80.2168502808,71782,71792,10
13.0973796844,80.2164077759,71792,71802,10
13.0976400375,80.2157897949,71802,71812,10
13.0979003906,80.2151565552,71812,71832,20
13.0979003906,80.2151565552,71832,71842,10
13.0979404449,80.2150421143,71842,71853,11
13.0980396271,80.2148132324,71853,71863,10
13.0980501175,80.2147827148,71863,71873,10
13.0981197357,80.2146682739,71873,71883,10
13.0982103348,80.2144622803,71883,71893,10
13.0983104706,80.2142791748,71893,71903,10
13.0985202789,80.2140197754,71903,71913,10
13.0989398956,80.2142105103,71913,71923,10
13.0994195938,80.2143630981,71923,71933,10
13.0997896194,80.2144622803,71933,71943,10
13.1001396179,80.2145385742,71943,71984,41
13.1001396179,80.2145385742,71984,71994,10
13.1003904343,80.2146377563,71994,72044,50
13.1003904343,80.2146377563,72044,72054,10
13.100569725,80.2147598267,72054,72064,10
13.1004199982,80.2151184082,72064,72074,10
13.1001796722,80.215637207,72074,72084,10
13.0999603271,80.2161178589,72084,72095,11
13.0998497009,80.2159576416,72095,72105,10
13.0999603271,80.2156906128,72105,72115,10
13.1001396179,80.2152709961,72115,72125,10
13.1001901627,80.2149734497,72125,72760,635
13.1001901627,80.2149734497,72760,72770,10
13.1001396179,80.2146072388,72770,72780,10
13.1000099182,80.2145309448,72780,72790,10
13.0999002457,80.2145004272,72790,72800,10
13.0996303558,80.2144393921,72800,72810,10
13.0994300842,80.2143936157,72810,72820,10
13.0991601944,80.2143096924,72820,72830,10
13.0988302231,80.2141876221,72830,72841,11
13.0984601974,80.2141113281,72841,72851,10
13.0982904434,80.2144393921,72851,72861,10
13.097990036,80.215133667,72861,72870,9
13.0976295471,80.2159729004,72870,72880,10
13.0972795486,80.2168197632,72880,72891,11
13.0969896317,80.2175827026,72891,72901,10
13.096739769,80.2183227539,72901,72911,10
13.0965499878,80.2189331055,72911,72921,10
13.0964002609,80.2193984985,72921,72931,10
13.0961399078,80.220123291,72931,72941,10
13.0958795547,80.2208404541,72941,72951,10
13.0957202911,80.2213287354,72951,72962,11
13.0956001282,80.2216567993,72962,72972,10
13.0953798294,80.2223434448,72972,72982,10
13.0953197479,80.2225036621,72982,72992,10
13.0951499939,80.2229309082,72992,73002,10
13.0947904587,80.2235717773,73002,73012,10
13.0942201614,80.2243728638,73012,73022,10
13.0936603546,80.2250518799,73022,73032,10
13.0931196213,80.2256393433,73032,73042,10
13.0925197601,80.2262420654,73042,73052,10
13.0918903351,80.226890564,73052,73062,10
13.0913896561,80.2274093628,73062,73072,10
13.0911998749,80.2276229858,73072,73083,11
13.0906600952,80.228187561,73083,73093,10
13.089969635,80.2289276123,73093,73102,9
13.0895900726,80.2293624878,73102,73113,11
13.089220047,80.2299423218,73113,73123,10
13.0890798569,80.2302322388,73123,73133,10
13.0889701843,80.2304916382,73133,73143,10
13.088760376,80.2309799194,73143,73153,10
13.0885400772,80.2314910889,73153,73163,10
13.0883798599,80.2320327759,73163,73173,10
13.0881996155,80.232673645,73173,73183,10
13.0880403519,80.2333068848,73183,73193,10
13.0879497528,80.2340164185,73193,73203,10
13.0877103806,80.2345809937,73203,73214,11
13.087100029,80.2346420288,73214,73224,10
13.0865898132,80.234588623,73224,73234,10
13.0861701965,80.2345428467,73234,73244,10
13.0857200623,80.2344207764,73244,73254,10
13.0853204727,80.2343063354,73254,73264,10
13.0849399567,80.2342071533,73264,73274,10
13.0847597122,80.234161377,73274,73284,10
13.0844697952,80.2340927124,73284,73294,10
13.0842399597,80.234046936,73294,73304,10
13.0840501785,80.2340011597,73304,73314,10
13.0836400986,80.2339477539,73314,73335,21
13.0836400986,80.2339477539,73335,73345,10
13.0833902359,80.2339324951,73345,73355,10
13.0830402374,80.2338790894,73355,73365,10
13.0825901031,80.233757019,73365,73375,10
13.0824098587,80.2337112427,73375,73385,10
13.0822000504,80.2336730957,73385,73395,10
13.0817804337,80.2336196899,73395,73405,10
13.081199646,80.2335968018,73405,73415,10
13.0805597305,80.2335891724,73415,73425,10
13.0799503326,80.2335891724,73425,73435,10
13.0795497894,80.233581543,73435,73445,10
13.0794200897,80.2335891724,73445,73456,11
13.0790700912,80.233581543,73456,73466,10
13.078789711,80.2335968018,73466,73476,10
13.0781002045,80.2336273193,73476,73486,10
13.0771198273,80.2337417603,73486,73496,10
13.0764904022,80.2338409424,73496,73506,10
13.0758695602,80.2339935303,73506,73516,10
13.075799942,80.23412323,73516,73532,16
13.0758800507,80.2344436646,73532,73544,12
13.0759601593,80.2348327637,73544,73553,9
13.0760297775,80.235206604,73553,73564,11
13.0761604309,80.235748291,73564,73574,10
13.076259613,80.2363586426,73574,73585,11
13.0763998032,80.2370529175,73585,73594,9
13.0764598846,80.2372283936,73594,73606,12
13.0764904022,80.237411499,73606,73616,10
13.0765695572,80.2378387451,73616,73626,10
13.0766601563,80.238319397,73626,73636,10
13.0768098831,80.2389907837,73636,73646,10
13.0770101547,80.2397994995,73646,73656,10
13.0771398544,80.2404403687,73656,73686,30
13.0771398544,80.2404403687,73686,73696,10
13.0771903992,80.2407608032,73696,73707,11
13.0773096085,80.2411880493,73707,73717,10
13.0773696899,80.241607666,73717,73727,10
13.0775499344,80.2423095703,73727,73737,10
13.0776796341,80.2431564331,73737,73747,10
13.0777597427,80.2440185547,73747,73757,10
13.0777597427,80.244682312,73757,73767,10
13.0778598785,80.2456665039,73767,73777,10
13.0779895782,80.2466506958,73777,73787,10
13.0782003403,80.2476501465,73787,73797,10
13.0783996582,80.2486801147,73797,73807,10
13.0785703659,80.2493515015,73807,73817,10
13.0786800385,80.2501602173,73817,73828,11
13.0784502029,80.2509231567,73828,73838,10
13.0785303116,80.2515869141,73838,73848,10
13.0783100128,80.2517318726,73848,73858,10
13.0780801773,80.2517776489,73858,73868,10
13.0774803162,80.2518920898,73868,73878,10
13.0767402649,80.2520294189,73878,73888,10
13.0760297775,80.2521286011,73888,73898,10
13.0752496719,80.2522201538,73898,73908,10
13.074669838,80.252281189,73908,73918,10
13.0740299225,80.2523422241,73918,73928,10
13.0734195709,80.2524871826,73928,73938,10
13.0725803375,80.2523803711,73938,73948,10
13.0720796585,80.2517929077,73948,73958,10
13.0719604492,80.2509765625,73958,73970,12
13.0717096329,80.2502593994,73970,73980,10
13.0714797974,80.2494430542,73980,73990,10
13.0713300705,80.2485427856,73990,74000,10
13.071100235,80.2477874756,74000,74010,10
13.0708398819,80.2471618652,74010,74020,10
13.070520401,80.2465362549,74020,74030,10
13.0701503754,80.2457733154,74030,74040,10
13.0698404312,80.2451019287,74040,74050,10
13.0695400238,80.2442779541,74050,74060,10
13.0693302155,80.2436294556,74060,74070,10
13.0692596436,80.2434463501,74070,74081,11
13.0691604614,80.243057251,74081,74091,10
13.0691099167,80.2427520752,74091,74101,10
13.068980217,80.2425613403,74101,74111,10
13.0686597824,80.2425765991,74111,74121,10
13.0680103302,80.242767334,74121,74131,10
13.0672397614,80.243057251,74131,74141,10
13.0666799545,80.243309021,74141,74151,10
13.0661201477,80.2436828613,74151,74161,10
13.0661296844,80.2444000244,74161,74171,10
13.0662498474,80.2452392578,74171,74181,10
13.0664997101,80.2459564209,74181,74191,10
13.067150116,80.2462463379,74191,74201,10
13.0676898956,80.2464981079,74201,74212,11
13.067700386,80.2464981079,74212,74222,10
13.0677995682,80.2466201782,74222,74232,10
13.0678796768,80.2471313477,74232,74242,10
13.0677995682,80.2478790283,74242,74252,10
13.0671796799,80.2479400635,74252,74261,9
13.0665998459,80.2479324341,74261,74272,11
13.0660200119,80.2478637695,74272,74282,10
13.0650997162,80.2478485107,74282,74292,10
13.0641202927,80.247756958,74292,74302,10
13.0635204315,80.2477035522,74302,74312,10
13.0629997253,80.2476806641,74312,74323,11
13.062379837,80.2477035522,74323,74333,10
13.0617599487,80.2476196289,74333,74343,10
13.0613203049,80.2472000122,74343,74353,10
13.0615997314,80.2467498779,74353,74363,10
13.0618400574,80.2461776733,74363,74373,10
13.061920166,80.2456817627,74373,74383,10
13.06208992,80.2452392578,74383,74393,10
13.0625095367,80.2449188232,74393,74403,10
13.0629701614,80.2445526123,74403,74413,10
13.0631198883,80.2442703247,74413,74423,10
13.0632400513,80.2440795898,74423,74433,10
13.0633602142,80.2436294556,74433,74444,11
13.063079834,80.2435302734,74444,74454,10
13.0629796982,80.2434997559,74454,74464,10
13.0628204346,80.2434692383,74464,74474,10
13.0625696182,80.2434234619,74474,74484,10
13.0621099472,80.243347168,74484,74494,10
13.0617198944,80.2432632446,74494,74504,10
13.0613603592,80.2432174683,74504,74514,10
13.0612401962,80.2432022095,74514,74524,10
13.0608301163,80.2430725098,74524,74534,10
13.060379982,80.2428970337,74534,74544,10
13.0598201752,80.2427215576,74544,74554,10
13.0592699051,80.2425765991,74554,74564,10
13.058839798,80.2425994873,74564,74575,11
13.0581903458,80.2427520752,74575,74585,10
13.0573596954,80.2428817749,74585,74595,10
13.0566101074,80.2427597046,74595,74605,10
13.0560703278,80.2425003052,74605,74615,10
13.0557498932,80.2423706055,74615,74625,10
13.0551204681,80.2423706055,74625,74634,9
13.0545101166,80.2424621582,74634,74644,10
13.0537004471,80.2423095703,74644,74665,21
13.0537004471,80.2423095703,74665,74675,10
13.053560257,80.2422409058,74675,74685,10
13.0527601242,80.2419204712,74685,74736,51
13.0527601242,80.2419204712,74736,74746,10
13.0524196625,80.2417221069,74746,74756,10
13.0520896912,80.2411727905,74756,74766,10
13.05189991,80.2408828735,74766,74776,10
13.0516300201,80.2407913208,74776,74786,10
13.0510997772,80.2406997681,74786,74796,10
13.0504798889,80.2405929565,74796,74806,10
13.0498399734,80.2404174805,74806,74817,11
13.0493297577,80.2403106689,74817,74827,10
13.048740387,80.2401885986,74827,74837,10
13.0481395721,80.2400588989,74837,74847,10
13.047539711,80.2399520874,74847,74857,10
13.0470104218,80.2398376465,74857,74867,10
13.0468196869,80.2397994995,74867,74877,10
13.0465602875,80.239730835,74877,74887,10
13.0462503433,80.2396621704,74887,74897,10
13.0461797714,80.2396469116,74897,74907,10
13.0461301804,80.2395172119,74907,74917,10
13.0462598801,80.2391204834,74917,74927,10
13.0463600159,80.2385482788,74927,74937,10
13.0465202332,80.2378005981,74937,74948,11
13.0466499329,80.2370529175,74948,74958,10
13.0467700958,80.2364730835,74958,74968,10
13.0468597412,80.2360992432,74968,74978,10
13.0469198227,80.2358016968,74978,74988,10
13.0469503403,80.2355575562,74988,74998,10
13.0470304489,80.2350082397,74998,75008,10
13.0471000671,80.2344436646,75008,75018,10
13.0471897125,80.233581543,75018,75069,51
13.0471897125,80.233581543,75069,75079,10
13.0472297668,80.2331771851,75079,75089,10
13.0468301773,80.2330474854,75089,75105,16
13.0461502075,80.2329483032,75105,75117,12
13.0454502106,80.2328109741,75117,75127,10
13.0450801849,80.2327423096,75127,75137,10
13.0450401306,80.2327194214,75137,75147,10
13.0446100235,80.2325820923,75147,75157,10
13.0437803268,80.2324523926,75157,75167,10
13.0430002213,80.232383728,75167,75177,10
13.0422401428,80.232383728,75177,75187,10
13.041390419,80.2322387695,75187,75198,11
13.0403404236,80.2318725586,75198,75208,10
13.0394496918,80.231628418,75208,75217,9
13.0387001038,80.2314224243,75217,75228,11
13.0377702713,80.2311706543,75228,75236,8
13.0370702744,80.2309417725,75236,75247,11
13.0366802216,80.2308425903,75247,75258,11
13.0359401703,80.2305603027,75258,75288,30
13.0359401703,80.2305603027,75288,75299,11
13.0355796814,80.2304916382,75299,75390,91
13.0355796814,80.2304916382,75390,75400,10
13.0354299545,80.2305374146,75400,75410,10
13.0352802277,80.2304611206,75410,75420,10
13.0349702835,80.2303771973,75420,75430,10
13.0344200134,80.2304534912,75430,75441,11
13.0342702866,80.2304763794,75441,75451,10
13.0341796875,80.2305221558,75451,75461,10
13.0340204239,80.2305221558,75461,75471,10
13.0337095261,80.2305297852,75471,75481,10
13.0333795547,80.2305603027,75481,75491,10
13.0331802368,80.2305603027,75491,75501,10
13.0327196121,80.2305908203,75501,75551,50
13.0327196121,80.2305908203,75551,75562,11
13.0324296951,80.2306518555,75562,75572,10
13.0322399139,80.2306671143,75572,75582,10
13.0320396423,80.2306976318,75582,75612,30
13.0320396423,80.2306976318,75612,75622,10
13.031539917,80.230682373,75622,75632,10
13.0308198929,80.230758667,75632,75642,10
13.0305099487,80.2307815552,75642,75652,10
13.0302801132,80.230796814,75652,75662,10
13.029800415,80.2308578491,75662,75672,10
13.029709816,80.2308807373,75672,75682,10
13.0295801163,80.2309036255,75682,75693,11
13.0289402008,80.2309494019,75693,75703,10
13.0281600952,80.2310409546,75703,75713,10
13.0276403427,80.2310791016,75713,75722,9
13.0276002884,80.2314224243,75722,75731,9
13.0276403427,80.231880188,75731,75743,12
13.0277795792,80.2326126099,75743,75753,10
13.0274896622,80.2329025269,75753,75763,10
13.0267801285,80.233001709,75763,75824,61
13.0267801285,80.233001709,75824,75834,10
13.0264797211,80.2330627441,75834,75844,10
13.0262804031,80.2328262329,75844,75854,10
13.0260801315,80.2321395874,75854,75864,10
13.0258798599,80.2313766479,75864,75874,10
13.0255298615,80.2303924561,75874,75884,10
13.0249204636,80.2295227051,75884,75894,10
13.024600029,80.2291183472,75894,75904,10
13.024310112,80.2287521362,75904,75914,10
13.0239601135,80.2283630371,75914,75924,10
13.0239295959,80.2283172607,75924,75935,11
13.0238599777,80.2282180786,75935,75945,10
13.0236101151,80.227897644,75945,75955,10
13.0232896805,80.2276000977,75955,75965,10
13.0230503082,80.2273330688,75965,75975,10
13.0225801468,80.2268981934,75975,75985,10
13.0219898224,80.2263793945,75985,75995,10
13.021320343,80.2258529663,75995,76005,10
13.02064991,80.2253417969,76005,76015,10
13.0200300217,80.224899292,76015,76035,20
13.0200300217,80.224899292,76035,76045,10
13.0198497772,80.2247695923,76045,76055,10
13.0193300247,80.2245025635,76055,76066,11
13.0185699463,80.2245483398,76066,76076,10
13.0178098679,80.2248687744,76076,76086,10
13.016869545,80.2252578735,76086,76096,10
13.0163497925,80.225479126,76096,76106,10
13.0158500671,80.2256469727,76106,76116,10
13.0153198242,80.2258682251,76116,76126,10
13.0149002075,80.2260513306,76126,76136,10
13.0143404007,80.2262802124,76136,76156,20
13.0143404007,80.2262802124,76156,76166,10
13.0142602921,80.2263183594,76166,76176,10
13.0140600204,80.2264022827,76176,76187,11
13.0134801865,80.2266082764,76187,76197,10
13.0127296448,80.2268981934,76197,76207,10
13.0117797852,80.2272720337,76207,76217,10
13.010720253,80.2276916504,76217,76227,10
13.0100297928,80.2279586792,76227,76237,10
13.0093002319,80.2282867432,76237,76247,10
13.0089797974,80.2290802002,76247,76257,10
13.008769989,80.23021698,76257,76267,10
13.0085897446,80.2312393188,76267,76277,10
13.0083904266,80.2322998047,76277,76287,10
13.0082502365,80.2331237793,76287,76297,10
13.0081996918,80.2335205078,76297,76308,11
13.0081701279,80.2336578369,76308,76318,10
13.0080604553,80.23412323,76318,76328,10
13.0079202652,80.23487854,76328,76338,10
13.0076999664,80.2359771729,76338,76354,16
13.0073204041,80.237739563,76354,76366,12
13.0071697235,80.2385787964,76366,76376,10
13.0070199966,80.2393569946,76376,76386,10
13.0069198608,80.2398300171,76386,76395,9
13.0069198608,80.239906311,76395,76406,11
13.0068597794,80.2403793335,76406,76416,10
13.0068502426,80.2405929565,76416,76427,11
13.0068302155,80.2406768799,76427,76438,11
13.0067501068,80.2412109375,76438,76448,10
13.0066900253,80.2419586182,76448,76458,10
13.0066795349,80.2426605225,76458,76467,9
13.0066404343,80.2432632446,76467,76478,11
13.0066299438,80.2441101074,76478,76488,10
13.0066404343,80.2448501587,76488,76498,10
13.0066604614,80.2456512451,76498,76508,10
13.0066900253,80.2463531494,76508,76518,10
13.0066995621,80.2466812134,76518,76528,10
13.0066995621,80.2468338013,76528,76538,10
13.0067100525,80.2472763062,76538,76548,10
13.0067100525,80.2478179932,76548,76559,11
13.0067300797,80.2485809326,76559,76569,10
13.006819725,80.2493133545,76569,76579,10
13.0068302155,80.249458313,76579,76589,10
13.0068397522,80.2496490479,76589,76599,10
13.0068597794,80.2499084473,76599,76609,10
13.006819725,80.2504882813,76609,76619,10
13.006819725,80.2510375977,76619,76629,10
13.0068302155,80.2510681152,76629,76639,10
13.0068101883,80.2513275146,76639,76649,10
13.0067300797,80.2518234253,76649,76659,10
13.0066099167,80.2523574829,76659,76669,10
13.0065603256,80.2529678345,76669,76680,11
13.0065603256,80.2535934448,76680,76690,10
13.0065698624,80.2543334961,76690,76700,10
13.0066099167,80.2548522949,76700,76710,10
13.0065803528,80.2548828125,76710,76720,10
13.0065803528,80.2553482056,76720,76730,10
13.0066003799,80.2560195923,76730,76740,10
13.0066099167,80.2567520142,76740,76750,10
13.0066404343,80.2571868896,76750,76801,51
13.0066404343,80.2571868896,76801,76811,10
13.0066699982,80.2574310303,76811,76821,10
13.0062704086,80.2576217651,76821,76831,10
13.0057897568,80.2574462891,76831,76841,10
13.0055398941,80.2574234009,76841,76851,10
13.0050401688,80.2572097778,76851,76861,10
13.0042600632,80.2570571899,76861,76871,10
13.0034599304,80.2569122314,76871,76881,10
13.0026302338,80.2567596436,76881,76891,10
13.0018701553,80.2566223145,76891,76901,10
13.0013504028,80.2565536499,76901,76942,41
13.0013504028,80.2565536499,76942,76952,10
13.0012998581,80.2565383911,76952,76962,10
13.0009498596,80.2565002441,76962,76972,10
13.0003299713,80.2564315796,76972,76982,10
13.000120163,80.256401062,76982,76992,10
12.9998998642,80.2563476563,76992,77008,16
12.9993200302,80.2562408447,77008,77020,12
12.9992303848,80.2562179565,77020,77028,8
12.9989795685,80.2561569214,77028,77040,12
12.9984998703,80.256072998,77040,77050,10
12.9980697632,80.2559967041,77050,77061,11
12.9977502823,80.2559661865,77061,77069,8
12.9972200394,80.2559585571,77069,77092,23
12.9972200394,80.2559585571,77092,77102,10
12.9969701767,80.2559661865,77102,77112,10
12.9968996048,80.2562408447,77112,77122,10
12.9968595505,80.2567901611,77122,77132,10
12.9968395233,80.2569732666,77132,77142,10
12.9968204498,80.2573013306,77142,77152,10
12.9967403412,80.2580184937,77152,77162,10
12.9966497421,80.2587432861,77162,77173,11
12.9965896606,80.2592926025,77173,77183,10
12.9965000153,80.259803772,77183,77193,10
12.9964504242,80.2604370117,77193,77203,10
12.9963598251,80.261177063,77203,77213,10
12.9962797165,80.2618865967,77213,77223,10
12.9962396622,80.2622680664,77223,77233,10
12.996219635,80.262336731,77233,77243,10
12.9961500168,80.2627487183,77243,77253,10
12.9961204529,80.2631912231,77253,77263,10
12.9960699081,80.2638626099,77263,77273,10
12.9959897995,80.2645721436,77273,77283,10
12.995929718,80.2651062012,77283,77293,10
12.9958696365,80.2655105591,77293,77304,11
12.9957895279,80.2663497925,77304,77314,10
12.9956998825,80.2671508789,77314,77324,10
12.9956903458,80.2676010132,77324,77333,9
12.9957399368,80.2676467896,77333,77344,11
12.995880127,80.2676467896,77344,77354,10
12.9963998795,80.2677230835,77354,77364,10
12.9970798492,80.2676391602,77364,77374,10
12.9978504181,80.2674407959,77374,77384,10
12.9983196259,80.2673187256,77384,77394,10
12.9989299774,80.2671432495,77394,77404,10
12.9996795654,80.2669067383,77404,77414,10
12.9997701645,80.2668609619,77414,77425,11
12.9999599457,80.2667617798,77425,77435,10
13.0000696182,80.2665710449,77435,77445,10
13.0001296997,80.2661819458,77445,77455,10
13.0001802444,80.2657699585,77455,77465,10
13.0003004074,80.2657775879,77465,77475,10
13.0002298355,80.26612854,77475,77485,10
13.0002098083,80.2664413452,77485,78352,867
13.0002098083,80.2664413452,78352,78362,10
13.0003299713,80.2667007446,78362,78372,10
13.0000400543,80.2669296265,78372,78382,10
12.9992799759,80.2671203613,78382,78392,10
12.9985198975,80.2673416138,78392,78403,11
12.9977798462,80.2675476074,78403,78413,10
12.9968299866,80.267791748,78413,78423,10
12.9958496094,80.2677536011,78423,78433,10
12.9956598282,80.2674789429,78433,78453,20
12.9956598282,80.2674789429,78453,78463,10
12.9957103729,80.2670211792,78463,78473,10
12.9958000183,80.2661895752,78473,78483,10
12.9959001541,80.2652893066,78483,78493,10
12.9960403442,80.2642593384,78493,78503,10
12.9960899353,80.2635879517,78503,78513,10
12.9961595535,80.2629776001,78513,78523,10
12.9961996078,80.2626190186,78523,78534,11
12.9962301254,80.2624893188,78534,78544,10
12.9962797165,80.2620162964,78544,78554,10
12.9963502884,80.2614822388,78554,78564,10
12.9964199066,80.2606811523,78564,78574,10
12.9965000153,80.2599105835,78574,78584,10
12.9965600967,80.259262085,78584,78594,10
12.9966497421,80.2584075928,78594,78604,10
12.996720314,80.2575836182,78604,78614,10
12.9968099594,80.2568206787,78614,78623,9
12.9968595505,80.2562866211,78623,78634,11
12.9969797134,80.2558517456,78634,78644,10
12.9974498749,80.2558670044,78644,78655,11
12.998000145,80.2559280396,78655,78665,10
12.998840332,80.2560195923,78665,78685,20
12.998840332,80.2560195923,78685,78695,10
12.9992103577,80.2560882568,78695,78705,10
12.9998998642,80.2562332153,78705,78715,10
13.000579834,80.2563400269,78715,78725,10
13.0011196136,80.2564468384,78725,78735,10
13.001449585,80.2565078735,78735,78745,10
13.0016002655,80.2565536499,78745,78755,10
13.0018196106,80.2565994263,78755,78765,10
13.0021696091,80.2566375732,78765,78776,11
13.0024700165,80.2566986084,78776,78786,10
13.002989769,80.2567977905,78786,78796,10
13.0038204193,80.2569503784,78796,78806,10
13.0045204163,80.2570724487,78806,78816,10
13.0052604675,80.2572021484,78816,78826,10
13.0059099197,80.2573165894,78826,78836,10
13.0062999725,80.2574005127,78836,78846,10
13.0065002441,80.2571868896,78846,78856,10
13.0065202713,80.2564163208,78856,78866,10
13.0065097809,80.2553787231,78866,78882,16
13.0065097809,80.2541122437,78882,78894,12
13.0065097809,80.2532577515,78894,78902,8
13.0065097809,80.2531661987,78902,78915,13
13.006529808,80.2525405884,78915,78925,10
13.0065603256,80.2521896362,78925,78935,10
13.0065803528,80.2520370483,78935,78945,10
13.0066795349,80.2515792847,78945,78955,10
13.0067396164,80.2508392334,78955,78965,10
13.0067501068,80.2501678467,78965,78975,10
13.0067501068,80.2492904663,78975,78985,10
13.0066795349,80.248260498,78985,78995,10
13.0066604614,80.2473220825,78995,79005,10
13.0065898895,80.2466964722,79005,79014,9
13.0065898895,80.2466506958,79014,79026,12
13.0066404343,80.2463989258,79026,79036,10
13.0066604614,80.2457427979,79036,79045,9
13.006649971,80.245010376,79045,79056,11
13.0066404343,80.2443771362,79056,79066,10
13.0066099167,80.2437591553,79066,79076,10
13.0065603256,80.2428817749,79076,79086,10
13.0065402985,80.2418365479,79086,79096,10
13.0065898895,80.2410125732,79096,79106,10
13.0066204071,80.2406768799,79106,79116,10
13.006649971,80.240562439,79116,79126,10
13.0066995621,80.2403106689,79126,79136,10
13.006819725,80.2397232056,79136,79146,10
13.0069704056,80.2388534546,79146,79157,11
13.0071897507,80.2378311157,79157,79167,10
13.0073604584,80.2370071411,79167,79177,10
13.0074195862,80.2366790771,79177,79187,10
13.0074901581,80.2364807129,79187,79197,10
13.007610321,80.2359008789,79197,79207,10
13.0077896118,80.2350692749,79207,79217,10
13.0079803467,80.2340774536,79217,79227,10
13.0082597733,80.2326583862,79227,79237,10
13.0085201263,80.2313079834,79237,79247,10
13.0087499619,80.2301177979,79247,79257,10
13.0089998245,80.228843689,79257,79267,10
13.0093402863,80.2277603149,79267,79278,11
13.0099401474,80.2264175415,79278,79288,10
13.010430336,80.2254486084,79288,79298,10
13.0108499527,80.2245025635,79298,79308,10
13.0112600327,80.223487854,79308,79328,20
13.0112600327,80.223487854,79328,79338,10
13.0113201141,80.2232208252,79338,79348,10
13.0115404129,80.2227783203,79348,79358,10
13.0117797852,80.2220230103,79358,79368,10
13.0120601654,80.2214813232,79368,79378,10
13.0123796463,80.2215805054,79378,79388,10
13.0127897263,80.2221603394,79388,79399,11
13.0133304596,80.2227630615,79399,79409,10
13.0138196945,80.2232894897,79409,79419,10
13.0142402649,80.223777771,79419,79429,10
13.0147104263,80.224319458,79429,79439,10
13.0152797699,80.2248306274,79439,79449,10
13.0154399872,80.224937439,79449,79459,10
13.0156402588,80.2250976563,79459,79469,10
13.0162401199,80.2253494263,79469,79479,10
13.0170698166,80.225151062,79479,79489,10
13.0180997849,80.2247390747,79489,79499,10
13.019109726,80.2244033813,79499,79509,10
13.019610405,80.2244491577,79509,79520,11
13.0199804306,80.2247085571,79520,79530,10
13.0206003189,80.2251663208,79530,79540,10
13.021229744,80.2256393433,79540,79550,10
13.021900177,80.2261123657,79550,79560,10
13.0219898224,80.2261810303,79560,79570,10
13.0222597122,80.2264328003,79570,79580,10
13.0226802826,80.2268218994,79580,79590,10
13.0232000351,80.2273101807,79590,79600,10
13.0237798691,80.2278594971,79600,79610,10
13.0243902206,80.2285766602,79610,79620,10
13.024939537,80.2293319702,79620,79630,10
13.0256204605,80.2302474976,79630,79640,10
13.0259799957,80.2311325073,79640,79651,11
13.026260376,80.231338501,79651,79661,10
13.0269899368,80.2311401367,79661,79671,10
13.0278301239,80.23097229,79671,79681,10
13.0284404755,80.2309188843,79681,79691,10
13.0285396576,80.2309188843,79691,79707,16
13.0290603638,80.2308578491,79707,79719,12
13.0295801163,80.2308197021,79719,79729,10
13.0300397873,80.2307662964,79729,79738,9
13.0306797028,80.2306976318,79738,79750,12
13.0311603546,80.2306671143,79750,79760,10
13.0319004059,80.2306289673,79760,79771,11
13.0327196121,80.2305603027,79771,79781,10
13.0334501266,80.2304992676,79781,79791,10
13.0337295532,80.2304763794,79791,79801,10
13.0338897705,80.23046875,79801,79811,10
13.034239769,80.2304229736,79811,79821,10
13.0343198776,80.2304077148,79821,79844,23
13.0347204208,80.2303390503,79844,79856,12
13.0347995758,80.2303085327,79856,79866,10
13.0348997116,80.2303466797,79866,79876,10
13.0349397659,80.2305984497,79876,79886,10
13.0349302292,80.231010437,79886,79896,10
13.0348300934,80.2318191528,79896,79907,11
13.0346803665,80.2329406738,79907,79917,10
13.0346002579,80.2335586548,79917,79926,9
13.0344896317,80.2343063354,79926,79937,11
13.034330368,80.2354736328,79937,79947,10
13.0342197418,80.2365188599,79947,79957,10
13.0343198776,80.2374420166,79957,79967,10
13.0345096588,80.2377929688,79967,79977,10
13.0348396301,80.2382965088,79977,79987,10
13.0352201462,80.2389373779,79987,79997,10
13.035610199,80.239402771,79997,80007,10
13.0362997055,80.2394638062,80007,80018,11
13.0373601913,80.2395782471,80018,80028,10
13.0382699966,80.2396774292,80028,80038,10
13.0391798019,80.2397689819,80038,80048,10
13.0398397446,80.2398681641,80048,80058,10
13.0403203964,80.2399597168,80058,80068,10
13.0403404236,80.2399597168,80068,80077,9
13.0404195786,80.2400970459,80077,80088,11
13.0405197144,80.2405166626,80088,80098,10
13.041009903,80.2405776978,80098,80108,10
13.0411195755,80.2406234741,80108,80118,10
13.041560173,80.2406616211,80118,80128,10
13.0423202515,80.2407608032,80128,80138,10
13.0432796478,80.2408905029,80138,80149,11
13.0441799164,80.2408599854,80149,80159,10
13.0448102951,80.2404022217,80159,80169,10
13.0448799133,80.2403106689,80169,80179,10
13.0449800491,80.2402496338,80179,80189,10
13.045419693,80.2399368286,80189,80199,10
13.0460796356,80.2395324707,80199,80209,10
13.0467700958,80.2396621704,80209,80219,10
13.0471801758,80.2397384644,80219,80229,10
13.047949791,80.2398910522,80229,80239,10
13.0489301682,80.2400970459,80239,80249,10
13.0496797562,80.2402572632,80249,80259,10
13.0502500534,80.2403793335,80259,80270,11
13.0509996414,80.2405471802,80270,80280,10
13.0512800217,80.2406082153,80280,80290,10
13.0523900986,80.2408370972,80290,80318,28
13.0523900986,80.2408370972,80318,80326,8
13.0525197983,80.2410125732,80326,80338,12
13.0526599884,80.241607666,80338,80348,10
13.0535402298,80.2420806885,80348,80358,10
13.0540599823,80.2422485352,80358,80368,10
13.0541496277,80.2422714233,80368,80378,10
13.0547399521,80.2423400879,80378,80389,11
13.0558204651,80.2422790527,80389,80399,10
13.0564699173,80.2425918579,80399,80409,10
13.0565595627,80.2426223755,80409,80419,10
13.0566596985,80.2426528931,80419,80429,10
13.0569601059,80.2426834106,80429,80439,10
13.0574197769,80.2428131104,80439,80449,10
13.0581798553,80.2426986694,80449,80459,10
13.0591001511,80.2425308228,80459,80469,10
13.0597600937,80.2426223755,80469,80479,10
13.0601196289,80.2427597046,80479,80489,10
13.060379982,80.2428512573,80489,80499,10
13.0610198975,80.2430725098,80499,80509,10
13.0616998672,80.2432098389,80509,80520,11
13.0623903275,80.2433395386,80520,80530,10
13.0625295639,80.2433624268,80530,80540,10
13.062789917,80.2434234619,80540,80550,10
13.0632095337,80.2434997559,80550,80560,10
13.063750267,80.2435302734,80560,80570,10
13.0643997192,80.243560791,80570,80580,10
13.0652198792,80.243560791,80580,80590,10
13.0655603409,80.2435379028,80590,80600,10
13.0659999847,80.2434997559,80600,80610,10
13.066450119,80.2433395386,80610,80620,10
13.0670404434,80.2431030273,80620,80630,10
13.0678701401,80.2427597046,80630,80641,11
13.0685997009,80.2425689697,80641,80651,10
13.0693101883,80.2422790527,80651,80661,10
13.0698699951,80.2421112061,80661,80671,10
13.0699796677,80.2421035767,80671,80681,10
13.0701704025,80.2420730591,80681,80691,10
13.0708599091,80.241859436,80691,80701,10
13.0717802048,80.2414703369,80701,80711,10
13.072640419,80.2409362793,80711,80721,10
13.073340416,80.2407073975,80721,80731,10
13.0741300583,80.2405090332,80731,80741,10
13.0750198364,80.2404937744,80741,80751,10
13.0759296417,80.2404785156,80751,80762,11
13.0768699646,80.2405776978,80762,80772,10
13.0771398544,80.2402420044,80772,80782,10
13.0769300461,80.239440918,80782,80792,10
13.0766801834,80.2385406494,80792,80802,10
13.0765399933,80.23802948,80802,80812,10
13.0764598846,80.2375564575,80812,80822,10
13.0764198303,80.2372512817,80822,80832,10
13.076379776,80.2370071411,80832,80842,10
13.0762701035,80.2363967896,80842,80852,10
13.0761604309,80.2356567383,80852,80862,10
13.0759496689,80.2347869873,80862,80872,10
13.0757799149,80.2341766357,80872,80893,21
13.0757799149,80.2341766357,80893,80903,10
13.075799942,80.2339782715,80903,80913,10
13.0761995316,80.2338104248,80913,80923,10
13.0766401291,80.2337265015,80923,80933,10
13.0769796371,80.2337036133,80933,80943,10
13.0777797699,80.2335968018,80943,80953,10
13.078619957,80.2335586548,80953,80963,10
13.0795297623,80.2335205078,80963,80973,10
13.0803403854,80.2335128784,80973,80983,10
13.0812397003,80.2335205078,80983,80993,10
13.0818595886,80.2335510254,80993,81004,11
13.0819797516,80.2334365845,81004,81015,11
13.0820398331,80.2328262329,81015,81025,10
13.0822896957,80.2320175171,81025,81035,10
13.0826997757,80.2310180664,81035,81045,10
13.0830402374,80.2306518555,81045,81055,10
13.0831604004,80.2310791016,81055,81064,9
13.0832004547,80.231918335,81064,81075,11
13.0833797455,80.2330627441,81075,81085,10
13.083530426,80.2338409424,81085,81093,8
13.0838403702,80.2339401245,81093,81105,12
13.0840301514,80.2339782715,81105,81115,10
13.0843296051,80.2340621948,81115,81125,10
13.0847797394,80.2341384888,81125,81136,11
13.085559845,80.2343215942,81136,81146,10
13.0862598419,80.2344894409,81146,81156,10
13.0869598389,80.2345733643,81156,81166,10
13.0878295898,80.2343902588,81166,81176,10
13.0879898071,80.2336196899,81176,81186,10
13.0881595612,80.232711792,81186,81196,10
13.0884103775,80.2317581177,81196,81206,10
13.0887403488,80.2308883667,81206,81216,10
13.0889196396,80.2304611206,81216,81226,10
13.0890903473,80.2301330566,81226,81236,10
13.0894899368,80.2294235229,81236,81246,10
13.090259552,80.2285614014,81246,81256,10
13.0909996033,80.2277526855,81256,81267,11
13.0912904739,80.2274169922,81267,81277,10
13.0914897919,80.2272186279,81277,81287,10
13.0919704437,80.2267379761,81287,81297,10
13.0926198959,80.22605896,81297,81307,10
13.0931196213,80.2255630493,81307,81317,10
13.0933103561,80.2253494263,81317,81327,10
13.0935401917,80.2250900269,81327,81337,10
13.0938997269,80.2246932983,81337,81347,10
13.0943603516,80.2241210938,81347,81357,10
13.0947999954,80.2234802246,81357,81367,10
13.0952100754,80.2226409912,81367,81378,11
13.0953798294,80.2221603394,81378,81388,10
13.0955896378,80.2215881348,81388,81398,10
13.0958995819,80.2207107544,81398,81408,10
13.0962200165,80.219833374,81408,81418,10
13.0963602066,80.2193908691,81418,81428,10
13.0964202881,80.2191696167,81428,81438,10
13.0965795517,80.2188034058,81438,81448,10
13.0968198776,80.2180862427,81448,81458,10
13.0971403122,80.2171936035,81458,81468,10
13.0972995758,80.216758728,81468,81478,10
13.097530365,80.216217041,81478,81488,10
13.0979404449,80.2152633667,81488,81498,10
13.098400116,80.2142028809,81498,81509,11
13.0987901688,80.2140426636,81509,81519,10
13.0993003845,80.2142562866,81519,81529,10
13.0999603271,80.2144165039,81529,81539,10
13.1001796722,80.2144775391,81539,81549,10
13.1003398895,80.2145385742,81549,81559,10
13.1006002426,80.2146606445,81559,81569,10
13.1004104614,80.2151489258,81569,81579,10
13.1000404358,80.2160415649,81579,81589,10
13.0996398926,80.2170715332,81589,81599,10
13.0994195938,80.2181091309,81599,81609,10
13.0993204117,80.2187423706,81609,81619,10
13.0992298126,80.2193222046,81619,81630,11
13.0991401672,80.219833374,81630,81640,10
13.0990400314,80.2204284668,81640,81650,10
13.0988702774,80.2213363647,81650,81659,9
13.0987596512,80.2223968506,81659,81670,11
13.0990600586,80.2233505249,81670,81680,10
13.0996599197,80.224319458,81680,81690,10
13.0998802185,80.2251586914,81690,81700,10
13.0999498367,80.225730896,81700,81710,10
13.0999898911,80.2260513306,81710,81720,10
13.1000404358,80.2265090942,81720,81730,10
13.1000404358,80.2269897461,81730,81740,10
13.100060463,80.2276000977,81740,81751,11
13.0999698639,80.2284164429,81751,81761,10
13.0999002457,80.2288818359,81761,81771,10
13.0998401642,80.2293701172,81771,81781,10
13.0997400284,80.2298812866,81781,81791,10
13.0995998383,80.2304229736,81791,81801,10
13.099439621,80.2308502197,81801,81811,10
13.099149704,80.2314910889,81811,81821,10
13.098950386,80.2320022583,81821,81831,10
13.0988197327,80.2324371338,81831,81841,10
13.0987901688,80.2325668335,81841,81851,10
13.0986795425,80.2330627441,81851,81861,10
13.0985803604,80.2338409424,81861,81872,11
13.0984802246,80.23462677,81872,81882,10
13.0984201431,80.2352981567,81882,81892,10
13.0983104706,80.2359771729,81892,81902,10
13.0981798172,80.2366790771,81902,81912,10
13.0980701447,80.2373504639,81912,81922,10
13.0979604721,80.2378463745,81922,81932,10
13.097869873,80.23828125,81932,81942,10
13.0977802277,80.2389373779,81942,81952,10
13.0977401733,80.239440918,81952,81962,10
13.0976896286,80.240020752,81962,81972,10
13.0976295471,80.240737915,81972,81982,10
13.0975503922,80.2414398193,81982,81992,10
13.0974702835,80.2419586182,81992,82003,11
13.0977401733,80.2421722412,82003,82013,10
13.0981998444,80.2422714233,82013,82023,10
13.0986099243,80.2422485352,82023,82033,10
13.098739624,80.2421417236,82033,82043,10
13.0987796783,80.2419204712,82043,82053,10
13.0988197327,80.2417068481,82053,82063,10
13.0988302231,80.2416229248,82063,82073,10
13.0988702774,80.2414474487,82073,82083,10
13.0989303589,80.2412796021,82083,82093,10
13.0989904404,80.2411422729,82093,82134,41
13.0989904404,80.2411422729,82134,82144,10
13.09897995,80.2408905029,82144,82154,10
13.0988702774,80.2405700684,82154,82164,10
13.0988502502,80.2402801514,82164,82174,10
13.0990400314,80.2404403687,82174,82345,171
13.0990400314,80.2404403687,82345,82355,10
13.0989904404,80.2406005859,82355,82366,11
13.0990104675,80.240737915,82366,82376,10
13.0988397598,80.2407836914,82376,82386,10
