12.9881095886,80.2236785889,13,720,707
12.9881095886,80.2236480713,720,842,122
12.9881801605,80.223739624,842,1205,363
12.9881601334,80.2236709595,1205,2114,909
12.9881296158,80.223739624,2114,12324,10210
12.9881801605,80.2237091064,12324,12516,192
12.9881801605,80.2237091064,12516,12526,10
12.9881801605,80.2236785889,12526,16909,4383
12.9881401062,80.2236785889,16909,17323,414
12.9881401062,80.2236785889,17323,17333,10
12.9881696701,80.2237472534,17333,18201,868
12.9881801605,80.2236709595,18201,18383,182
12.9881801605,80.2236785889,18383,19211,828
12.9881401062,80.2237167358,19211,19857,646
12.9881801605,80.2237014771,19857,22746,2889
12.9881801605,80.2237014771,22746,22756,10
12.9882698059,80.2236862183,22756,22766,10
12.988360405,80.2237014771,22766,22776,10
12.9885101318,80.2235107422,22776,22786,10
12.9885396957,80.2234420776,22786,22796,10
12.9889202118,80.2233200073,22796,22806,10
12.9894504547,80.2236785889,22806,22816,10
12.9894800186,80.224357605,22816,22827,11
12.9897298813,80.225151062,22827,22837,10
12.9900503159,80.2261199951,22837,22847,10
12.9900503159,80.2267532349,22847,22857,10
12.9901199341,80.2275924683,22857,22867,10
12.9896297455,80.2279510498,22867,22877,10
12.9889202118,80.2285003662,22877,22887,10
12.9885597229,80.2293930054,22887,22897,10
12.9883003235,80.2300262451,22897,22907,10
12.9879798889,80.2309188843,22907,22917,10
12.987660408,80.2317504883,22917,22928,11
12.9874801636,80.2328262329,22928,22938,10
12.9873800278,80.2332611084,22938,22948,10
12.9868602753,80.2332992554,22948,22958,10
12.9863195419,80.2333221436,22958,22968,10
12.9861402512,80.2338409424,22968,22978,10
12.9861898422,80.2344894409,22978,22988,10
12.9865503311,80.2354736328,22988,22998,10
12.986579895,80.2362365723,22998,23008,10
12.9866104126,80.2369613647,23008,23018,10
12.9866199493,80.237487793,23018,23028,10
12.986579895,80.2385101318,23028,23160,132
12.986579895,80.2385101318,23160,23170,10
12.9865999222,80.2384414673,23170,23180,10
12.9866399765,80.2376785278,23180,23190,10
12.9865999222,80.236869812,23190,23200,10
12.986579895,80.2361373901,23200,23210,10
12.9865198135,80.2353820801,23210,23220,10
12.9861602783,80.2343978882,23220,23230,10
12.9860897064,80.2336578369,23230,23241,11
12.986700058,80.2332992554,23241,23251,10
12.9873199463,80.2332611084,23251,23261,10
12.9874296188,80.2326812744,23261,23271,10
12.9875898361,80.2318191528,23271,23281,10
12.9879398346,80.2309799194,23281,23291,10
12.9882698059,80.2300491333,23291,23301,10
12.9885101318,80.2294998169,23301,23311,10
12.9888000488,80.2287216187,23311,23321,10
12.9893503189,80.2281494141,23321,23331,10
12.9899101257,80.2277984619,23331,23342,11
12.9900903702,80.2270889282,23342,23352,10
12.9900197983,80.226348877,23352,23362,10
12.9899196625,80.2255325317,23362,23372,10
12.9895401001,80.2247390747,23372,23381,9
12.9894695282,80.2239837646,23381,23391,10
12.989159584,80.2234268188,23391,23402,11
12.988360405,80.2233428955,23402,23422,20
12.988360405,80.2233428955,23422,23432,10
12.9883899689,80.2233200073,23432,23443,11
12.9889602661,80.2233505249,23443,23453,10
12.9894399643,80.2236862183,23453,23463,10
12.9894599915,80.2242965698,23463,23473,10
12.9896602631,80.2250213623,23473,23483,10
12.990070343,80.2257614136,23483,23493,10
12.9900102615,80.2264785767,23493,23503,10
12.9901199341,80.2272262573,23503,23513,10
12.9903097153,80.2282180786,23513,23523,10
12.9905395508,80.2289199829,23523,23533,10
12.9907398224,80.2297515869,23533,23544,11
12.9908800125,80.2308731079,23544,23554,10
12.9909200668,80.2314529419,23554,23564,10
12.9910097122,80.2322998047,23564,23574,10
12.9912099838,80.2330780029,23574,23584,10
12.9914798737,80.2335510254,23584,23594,10
12.9919395447,80.2337036133,23594,23604,10
12.9924602509,80.233757019,23604,23614,10
12.9927501678,80.2338180542,23614,23624,10
12.9929704666,80.2339096069,23624,23634,10
12.9938697815,80.2344512939,23634,23655,21
12.9938697815,80.2344512939,23655,23665,10
12.9940500259,80.234588623,23665,23675,10
12.9946098328,80.2349395752,23675,23685,10
12.9952201843,80.2352981567,23685,23695,10
12.9958600998,80.2358169556,23695,23705,10
12.9959897995,80.2359466553,23705,23715,10
12.9960403442,80.236000061,23715,23725,10
12.996339798,80.2364578247,23725,23735,10
12.9967699051,80.2372512817,23735,23746,11
12.9971504211,80.2378997803,23746,23756,10
12.9975795746,80.2385406494,23756,23766,10
12.9980096817,80.2389526367,23766,23776,10
12.9987001419,80.2391891479,23776,23796,20
12.9987001419,80.2391891479,23796,23806,10
12.9990901947,80.2393035889,23806,23816,10
12.9997301102,80.2394332886,23816,23826,10
13.0007600784,80.2395782471,23826,23836,10
13.0013999939,80.2397079468,23836,23847,11
13.0023298264,80.2400131226,23847,23857,10
13.0029001236,80.2401885986,23857,23867,10
13.0035800934,80.2406387329,23867,23877,10
13.003950119,80.2415084839,23877,23887,10
13.0046396255,80.2418670654,23887,23897,10
13.0054798126,80.2418365479,23897,23907,10
13.005979538,80.2421264648,23907,23917,10
13.0057497025,80.2422790527,23917,25099,1182
13.0057497025,80.2422790527,25099,25109,10
13.0054702759,80.2420196533,25109,25119,10
13.0049104691,80.2418289185,25119,25129,10
13.0040798187,80.2417602539,25129,25139,10
13.003780365,80.2410736084,25139,25149,10
13.0032501221,80.2403182983,25149,25159,10
13.0024404526,80.2400436401,25159,25170,11
13.0016803741,80.2397766113,25170,25180,10
13.00096035,80.2396011353,25180,25190,10
13.0000896454,80.2394866943,25190,25200,10
12.9992399216,80.2393493652,25200,25210,10
12.9991998672,80.2393417358,25210,25220,10
12.9987602234,80.2391967773,25220,25230,10
12.9980096817,80.238899231,25230,25240,10
12.9975700378,80.2384414673,25240,25250,10
12.9970598221,80.2376785278,25250,25260,10
12.9967298508,80.2370986938,25260,25271,11
12.9963598251,80.2364120483,25271,25281,10
12.996219635,80.2361907959,25281,25291,10
12.9957504272,80.2356567383,25291,25301,10
12.9951400757,80.2352218628,25301,25311,10
12.9940004349,80.234588623,25311,25331,20
12.9940004349,80.234588623,25331,25341,10
12.9936103821,80.2342529297,25341,25351,10
12.9931201935,80.2339935303,25351,25361,10
12.9924201965,80.2338027954,25361,25371,10
12.9918603897,80.2337493896,25371,25382,11
12.9916696548,80.2338027954,25382,25392,10
12.9913702011,80.2333831787,25392,25402,10
12.9912595749,80.2329025269,25402,25412,10
12.9910297394,80.2320785522,25412,25422,10
12.9910001755,80.2317276001,25422,25432,10
12.9909496307,80.2314910889,25432,25442,10
12.9909200668,80.2308425903,25442,25452,10
12.9908504486,80.2301177979,25452,25462,10
12.9908103943,80.2298278809,25462,25472,10
12.9906196594,80.2290878296,25472,25483,11
12.9904403687,80.2284317017,25483,25493,10
12.990240097,80.2276077271,25493,25503,10
12.9900999069,80.2266998291,25503,25513,10
12.9900999069,80.2260971069,25513,25523,10
12.9897899628,80.2252731323,25523,25532,9
12.9896097183,80.2247695923,25532,25543,11
12.9895401001,80.2244491577,25543,25553,10
12.9895095825,80.223777771,25553,25563,10
12.9890403748,80.2233886719,25563,25573,10
12.9884901047,80.2234268188,25573,25584,11
12.9883899689,80.2233276367,25584,25594,10
12.9884996414,80.2233200073,25594,25604,10
12.9890298843,80.2233810425,25604,25614,10
12.9894599915,80.2238311768,25614,25624,10
12.9895200729,80.2245025635,25624,25634,10
12.989780426,80.2252120972,25634,25644,10
12.9900999069,80.2259902954,25644,25654,10
12.9900798798,80.2266998291,25654,25664,10
12.9902095795,80.2272491455,25664,25674,10
12.9902000427,80.2274398804,25674,25685,11
12.9897499084,80.2278823853,25685,25695,10
12.9891796112,80.2281723022,25695,25705,10
12.9887304306,80.2289505005,25705,25715,10
12.9884500504,80.2297134399,25715,25725,10
12.9881801605,80.2304077148,25725,25735,10
12.9877195358,80.2314987183,25735,25745,10
12.9874696732,80.2324676514,25745,25755,10
12.9874696732,80.2331314087,25755,25765,10
12.9869403839,80.2332992554,25765,25775,10
12.9866199493,80.2333221436,25775,25786,11
12.9862098694,80.2333831787,25786,25796,10
12.9861698151,80.2340087891,25796,25806,10
12.9863595963,80.2348632813,25806,25816,10
12.9865503311,80.2352600098,25816,25826,10
12.9866104126,80.2358932495,25826,25836,10
12.9866399765,80.2367477417,25836,25846,10
12.9866600037,80.2374191284,25846,25856,10
12.986700058,80.2384262085,25856,25866,10
12.9865703583,80.2385101318,25866,27068,1202
12.9865703583,80.2385101318,27068,27078,10
12.9865999222,80.2383575439,27078,27088,10
12.9866304398,80.2379837036,27088,27098,10
12.9865999222,80.2370986938,27098,27108,10
12.986579895,80.2365570068,27108,27119,11
12.9864902496,80.2353134155,27119,27139,20
12.9864902496,80.2353134155,27139,27149,10
12.9862699509,80.2348022461,27149,27159,10
12.986120224,80.2339401245,27159,27169,10
12.9862203598,80.2333831787,27169,27179,10
12.9866895676,80.2333221436,27179,27199,20
12.9866895676,80.2333221436,27199,27209,10
12.9869403839,80.2333374023,27209,27220,11
12.9874095917,80.2330932617,27220,27230,10
12.9874897003,80.2324295044,27230,27240,10
12.987739563,80.2314987183,27240,27250,10
12.9882898331,80.2301025391,27250,27270,20
12.9882898331,80.2301025391,27270,27280,10
12.9884004593,80.2298278809,27280,27290,10
12.9886198044,80.2293014526,27290,27300,10
12.9889001846,80.2285385132,27300,27310,10
12.9896202087,80.2280197144,27310,27321,11
12.9901304245,80.2276535034,27321,27331,10
12.9902000427,80.2275619507,27331,27341,10
12.9901800156,80.2272567749,27341,27351,10
12.9900598526,80.2265014648,27351,27361,10
12.9901399612,80.2258987427,27361,27371,10
12.9896802902,80.2250518799,27371,27381,10
12.9895095825,80.224319458,27381,27391,10
12.9894304276,80.2236480713,27391,27401,10
12.9888896942,80.2233428955,27401,27411,10
12.988360405,80.2233428955,27411,27452,41
12.988360405,80.2233428955,27452,27462,10
12.9884195328,80.2232666016,27462,27472,10
12.9889802933,80.2233276367,27472,27482,10
12.9894504547,80.2236785889,27482,27492,10
12.9894895554,80.2243118286,27492,27502,10
12.9897003174,80.2250518799,27502,27512,10
12.9901304245,80.2258224487,27512,27522,10
12.990070343,80.2265625,27522,27533,11
12.9902296066,80.2274627686,27533,27543,10
12.990240097,80.2275924683,27543,27553,10
12.9903097153,80.2279586792,27553,27563,10
12.990530014,80.228729248,27563,27573,10
12.9907102585,80.2293701172,27573,27583,10
12.9908704758,80.230178833,27583,27593,10
12.9908800125,80.2302703857,27593,27603,10
12.9909200668,80.2308578491,27603,27613,10
12.9909601212,80.2314224243,27613,27624,11
12.9910097122,80.2320709229,27624,27634,10
12.9910202026,80.2321166992,27634,27644,10
12.9911298752,80.2326278687,27644,27654,10
12.9914703369,80.2334823608,27654,27714,60
12.9914703369,80.2334823608,27714,27725,11
12.9918203354,80.2337112427,27725,27735,10
12.9921598434,80.2337417603,27735,27745,10
12.9926795959,80.2338180542,27745,27755,10
12.9932403564,80.2340316772,27755,27765,10
12.9937496185,80.234336853,27765,27775,10
12.9939203262,80.2344818115,27775,27785,10
12.9941797256,80.2346420288,27785,27795,10
12.9948396683,80.2350387573,27795,27805,10
12.9954099655,80.2354278564,27805,27815,10
12.9959402084,80.2359008789,27815,27826,11
12.9961004257,80.2360610962,27826,27836,10
12.9964504242,80.236656189,27836,27846,10
12.9969100952,80.237487793,27846,27856,10
12.9972496033,80.2380371094,27856,27866,10
12.9978199005,80.2387924194,27866,27876,10
12.998749733,80.2391967773,27876,27916,40
12.998749733,80.2391967773,27916,27927,11
12.9991798401,80.2393417358,27927,27937,10
12.9997901917,80.2394638062,27937,27947,10
13.0007801056,80.2395782471,27947,27957,10
13.0014295578,80.2397003174,27957,27967,10
13.0022602081,80.2399673462,27967,27977,10
13.0028400421,80.2401580811,27977,27987,10
13.0036096573,80.2406692505,27987,27997,10
13.0040397644,80.2416534424,27997,28007,10
13.0049600601,80.2418365479,28007,28017,10
13.0058698654,80.241859436,28017,28027,10
13.0056800842,80.2423477173,28027,28219,192
13.00578022,80.2423171997,28219,28240,21
13.0057201385,80.2423629761,28240,28401,161
13.0057201385,80.2423629761,28401,28411,10
13.0057601929,80.2423477173,28411,28543,132
13.005689621,80.2423706055,28543,28775,232
13.005689621,80.2423706055,28775,28785,10
13.0056200027,80.2423095703,28785,28795,10
13.0052404404,80.2419204712,28795,28805,10
13.0043897629,80.2418823242,28805,28815,10
13.0038404465,80.2412719727,28815,28825,10
13.0033302307,80.2403793335,28825,28835,10
13.0025501251,80.2400970459,28835,28845,10
13.0025396347,80.2400894165,28845,28856,11
13.0021495819,80.2399520874,28856,28866,10
13.0012998581,80.2397003174,28866,28876,10
13.0006504059,80.2395935059,28876,28886,10
12.9996795654,80.239440918,28886,28896,10
12.9991502762,80.2393417358,28896,28906,10
12.9991397858,80.2393264771,28906,28916,10
12.9990596771,80.2392807007,28916,28926,10
12.9984798431,80.2391433716,28926,28936,10
12.9978303909,80.238861084,28936,28946,10
12.9973897934,80.238319397,28946,28957,11
12.9969100952,80.2375335693,28957,28967,10
12.9965400696,80.2368392944,28967,28977,10
12.9962797165,80.2363586426,28977,28987,10
12.9962701797,80.2363586426,28987,28997,10
12.9959096909,80.2358322144,28997,29007,10
12.9952297211,80.2352905273,29007,29017,10
12.9946699142,80.2349472046,29017,29027,10
12.9939498901,80.2345275879,29027,29037,10
12.9939203262,80.2344970703,29037,29047,10
12.9938697815,80.2344284058,29047,29058,11
12.9934101105,80.2340927124,29058,29068,10
12.9928302765,80.2338485718,29068,29078,10
12.9920701981,80.233757019,29078,29088,10
12.9917697906,80.2337875366,29088,29098,10
12.9917297363,80.2338180542,29098,29108,10
12.9913797379,80.233581543,29108,29118,10
12.991230011,80.2329711914,29118,29128,10
12.9909601212,80.2316818237,29128,29148,20
12.9909601212,80.2316818237,29148,29159,11
12.9910097122,80.2316207886,29159,29169,10
12.990940094,80.2310562134,29169,29179,10
12.9908800125,80.2303466797,29179,29189,10
12.9908399582,80.2299880981,29189,29199,10
12.9907503128,80.2295227051,29199,29209,10
12.9905195236,80.2287826538,29209,29219,10
12.9903402328,80.2282180786,29219,29229,10
12.9902000427,80.2274627686,29229,29239,10
12.9901895523,80.2273864746,29239,29249,10
12.9901199341,80.226852417,29249,29259,10
12.9900598526,80.2262573242,29259,29270,11
12.9897899628,80.2253189087,29270,29280,10
12.9895401001,80.2245788574,29280,29290,10
12.9894895554,80.2238693237,29290,29300,10
12.9890699387,80.2233886719,29300,29310,10
12.9883499146,80.2233276367,29310,29350,40
12.9883499146,80.2233276367,29350,29360,10
12.9886598587,80.2232971191,29360,29371,11
12.9892501831,80.2234573364,29371,29381,10
12.9894695282,80.2239837646,29381,29391,10
12.9895601273,80.2245864868,29391,29401,10
12.9897203445,80.2250823975,29401,29411,10
12.9901304245,80.2258529663,29411,29420,9
12.990070343,80.2264404297,29420,29431,11
12.9901695251,80.2271575928,29431,29441,10
12.9898796082,80.2277374268,29441,29451,10
12.9896602631,80.2279129028,29451,29461,10
12.9890003204,80.2283706665,29461,29472,11
12.9885797501,80.2293701172,29472,29482,10
12.9883804321,80.2299118042,29482,29492,10
12.9882802963,80.2302017212,29492,29502,10
12.9881896973,80.23046875,29502,29512,10
12.9878902435,80.2312164307,29512,29522,10
12.987569809,80.2322387695,29522,29532,10
12.9875001907,80.2331390381,29532,29542,10
12.9869604111,80.2332992554,29542,29552,10
12.9866600037,80.2333374023,29552,29562,10
12.9862499237,80.2333679199,29562,29573,11
12.9861297607,80.2339706421,29573,29583,10
12.9862499237,80.2347106934,29583,29593,10
12.9864902496,80.2352294922,29593,29603,10
12.9865198135,80.2352676392,29603,29613,10
12.986579895,80.2358322144,29613,29623,10
12.9866104126,80.2366333008,29623,29633,10
12.9866399765,80.2372894287,29633,29643,10
12.9866600037,80.2382583618,29643,29653,10
12.986579895,80.2384567261,29653,30562,909
12.986579895,80.2384567261,30562,30572,10
12.9866600037,80.2383270264,30572,30582,10
12.9866600037,80.2379379272,30582,30592,10
12.9866399765,80.2373275757,30592,30603,11
12.9866104126,80.2367172241,30603,30613,10
12.986579895,80.236000061,30613,30623,10
12.986530304,80.2354202271,30623,30633,10
12.9864997864,80.2353210449,30633,30643,10
12.9863195419,80.23487854,30643,30653,10
12.9861297607,80.23412323,30653,30663,10
12.986120224,80.2334899902,30663,30673,10
12.9866695404,80.2333068848,30673,30683,10
12.986700058,80.2333221436,30683,30693,10
12.9868097305,80.2332763672,30693,30703,10
12.9873399734,80.2332382202,30703,30714,11
12.9874696732,80.2326965332,30714,30724,10
12.9876203537,80.2318191528,30724,30734,10
12.9879703522,80.2308883667,30734,30744,10
12.9882602692,80.2301025391,30744,30754,10
12.9882898331,80.2300415039,30754,30764,10
12.9884796143,80.2295608521,30764,30774,10
12.9887695313,80.2288208008,30774,30784,10
12.9891300201,80.2282409668,30784,30794,10
12.9895401001,80.2279968262,30794,30805,11
12.9899902344,80.2276763916,30805,30815,10
12.9900903702,80.2276229858,30815,30825,10
12.9901599884,80.2273025513,30825,30835,10
12.9900598526,80.2266311646,30835,30845,10
12.9900798798,80.2260971069,30845,30855,10
12.9898300171,80.2253494263,30855,30865,10
12.989569664,80.2247009277,30865,30875,10
12.9894895554,80.2239532471,30875,30885,10
12.9892101288,80.223449707,30885,30895,10
12.9886302948,80.2233428955,30895,30905,10
12.988360405,80.2233276367,30905,30946,41
12.988360405,80.2233276367,30946,30956,10
12.9884595871,80.2232589722,30956,30966,10
12.9889297485,80.2232894897,30966,30976,10
12.98939991,80.2235794067,30976,30986,10
12.9894695282,80.2239532471,30986,30996,10
12.9896001816,80.2247924805,30996,31006,10
12.989979744,80.2254562378,31006,31017,11
12.9900598526,80.2263031006,31017,31027,10
12.9901599884,80.2269287109,31027,31037,10
12.990240097,80.2276077271,31037,31047,10
12.990240097,80.2276306152,31047,31057,10
12.9903001785,80.2279663086,31057,31067,10
12.9905004501,80.2286605835,31067,31077,10
12.9906797409,80.2292785645,31077,31087,10
12.9908504486,80.2300567627,31087,31097,10
12.9908599854,80.2302017212,31097,31107,10
12.9908599854,80.2302627563,31107,31118,11
12.9909000397,80.2308578491,31118,31128,10
12.990940094,80.2313766479,31128,31138,10
12.9909801483,80.2320327759,31138,31158,20
12.9909801483,80.2320327759,31158,31167,9
12.9910001755,80.2322769165,31167,31178,11
12.9912099838,80.2329864502,31178,31188,10
12.9917898178,80.2336578369,31188,31229,41
12.9917898178,80.2336578369,31229,31239,10
12.992099762,80.2337799072,31239,31249,10
12.992650032,80.2338180542,31249,31259,10
12.9932403564,80.2340164185,31259,31269,10
12.9938898087,80.2344589233,31269,31289,20
12.9938898087,80.2344589233,31289,31299,10
12.9941396713,80.2345962524,31299,31309,10
12.994799614,80.2349395752,31309,31319,10
12.9954004288,80.2353210449,31319,31330,11
12.9960002899,80.2358627319,31330,31340,10
12.9960298538,80.2359237671,31340,31350,10
12.9961004257,80.236038208,31350,31360,10
12.9964704514,80.236618042,31360,31370,10
12.9969301224,80.237487793,31370,31380,10
12.9972496033,80.2380218506,31380,31390,10
12.9976196289,80.2385635376,31390,31400,10
12.9981403351,80.2389831543,31400,31410,10
12.9987401962,80.2391815186,31410,31441,31
12.9987401962,80.2391815186,31441,31451,10
12.9988498688,80.2392501831,31451,31461,10
12.9993200302,80.2393493652,31461,31471,10
13.0001401901,80.2394790649,31471,31481,10
13.0010795593,80.2396087646,31481,31491,10
13.001709938,80.2397689819,31491,31501,10
13.002530098,80.2400283813,31501,31521,20
13.002530098,80.2400283813,31521,31532,11
13.0026798248,80.2401199341,31532,31542,10
13.003370285,80.2403335571,31542,31552,10
13.0038099289,80.2411499023,31552,31562,10
13.0043401718,80.241859436,31562,31572,10
13.0052099228,80.2418212891,31572,31582,10
13.0059404373,80.2423095703,31582,31612,30
13.0059404373,80.2423095703,31612,31622,10
13.005689621,80.2423477173,31622,32410,788
13.005689621,80.2423477173,32410,32420,10
13.0056600571,80.2421722412,32420,32430,10
13.0053796768,80.241859436,32430,32440,10
13.0047302246,80.2417907715,32440,32450,10
13.0039596558,80.2415390015,32450,32461,11
13.0035400391,80.240562439,32461,32471,10
13.002579689,80.2400588989,32471,32491,20
13.002579689,80.2400588989,32491,32501,10
13.002409935,80.2400131226,32501,32511,10
13.0017795563,80.2397766113,32511,32521,10
13.0010004044,80.2395935059,32521,32531,10
13.0001497269,80.2395019531,32531,32541,10
12.9991703033,80.2393035889,32541,32562,21
12.9991703033,80.2393035889,32562,32572,10
12.9987096786,80.2391586304,32572,32582,10
12.9980802536,80.2389297485,32582,32592,10
12.9976797104,80.2386016846,32592,32602,10
12.9972200394,80.2379608154,32602,32612,10
12.9968395233,80.2373809814,32612,32622,10
12.9964599609,80.2366485596,32622,32632,10
12.9962596893,80.236328125,32632,32642,10
12.9962301254,80.2362976074,32642,32652,10
12.9959897995,80.2359237671,32652,32662,10
12.9954595566,80.2353820801,32662,32673,11
12.9949102402,80.2350387573,32673,32683,10
12.9939603806,80.2344589233,32683,32733,50
12.9939603806,80.2344589233,32733,32743,10
12.9937896729,80.2343292236,32743,32753,10
12.9935798645,80.2341537476,32753,32763,10
12.9931697845,80.2339324951,32763,32774,11
12.9924697876,80.2337417603,32774,32784,10
12.9918003082,80.2337722778,32784,32814,30
12.9918003082,80.2337722778,32814,32824,10
12.9917097092,80.2337265015,32824,32834,10
12.9914197922,80.2336730957,32834,32844,10
12.9913301468,80.2332382202,32844,32854,10
12.9912004471,80.2328796387,32854,32864,10
12.9910202026,80.2323532104,32864,32875,11
12.9909496307,80.2317733765,32875,32915,40
12.9909496307,80.2317733765,32915,32925,10
12.9909696579,80.2314224243,32925,32935,10
12.9909095764,80.2309417725,32935,32945,10
12.9908304214,80.2300567627,32945,32965,20
12.9908304214,80.2300567627,32965,32976,11
12.990819931,80.2299575806,32976,32986,10
12.9907197952,80.2295303345,32986,32996,10
12.9905195236,80.2289199829,32996,33006,10
12.9904003143,80.2284393311,33006,33016,10
12.9902200699,80.2273712158,33016,33036,20
12.9902200699,80.2273712158,33036,33046,10
12.9901599884,80.2269973755,33046,33056,10
12.9900598526,80.2264862061,33056,33066,10
12.9901399612,80.2259292603,33066,33077,11
12.9898004532,80.2252578735,33077,33087,10
12.9896097183,80.2248382568,33087,33097,10
12.9895095825,80.2244186401,33097,33107,10
12.9894800186,80.2238388062,33107,33117,10
12.9890699387,80.2233886719,33117,33127,10
12.9885797501,80.2233200073,33127,33137,10
12.9883804321,80.2233123779,33137,33208,71
12.9883804321,80.2233123779,33208,33218,10
12.9888601303,80.2233276367,33218,33228,10
12.9893398285,80.2235412598,33228,33238,10
12.9894800186,80.2239837646,33238,33248,10
12.9895601273,80.2245864868,33248,33257,9
12.9897603989,80.2251281738,33257,33268,11
12.990070343,80.2259979248,33268,33278,10
12.9900598526,80.2265472412,33278,33289,11
12.9901800156,80.2273712158,33289,33299,10
12.9899196625,80.2276763916,33299,33309,10
12.9899101257,80.2276763916,33309,33319,10
12.9898099899,80.227722168,33319,33329,10
12.98939991,80.2279891968,33329,33339,10
12.9889097214,80.2285690308,33339,33349,10
12.9885797501,80.2293701172,33349,33359,10
12.988360405,80.2299118042,33359,33369,10
12.9883499146,80.2299575806,33369,33379,10
12.9881601334,80.2304382324,33379,33390,11
12.9877901077,80.2313690186,33390,33400,10
12.9875402451,80.2322769165,33400,33410,10
12.9874801636,80.233039856,33410,33420,10
12.9870500565,80.233253479,33420,33430,10
12.986579895,80.233291626,33430,33440,10
12.9864196777,80.2332992554,33440,33450,10
12.9861297607,80.2336120605,33450,33460,10
12.9861497879,80.23412323,33460,33470,10
12.9864196777,80.2349777222,33470,33480,10
12.9865102768,80.2351913452,33480,33491,11
12.9865598679,80.2353897095,33491,33501,10
12.9865598679,80.236000061,33501,33511,10
12.9865999222,80.2368087769,33511,33521,10
12.9866104126,80.2373428345,33521,33531,10
12.9866695404,80.2387390137,33531,33561,30
12.9866695404,80.2387390137,33561,33571,10
12.9866695404,80.2390213013,33571,33581,10
12.9868097305,80.2393798828,33581,33591,10
12.9870700836,80.2397918701,33591,33602,11
12.9870100021,80.2406234741,33602,33612,10
12.9874401093,80.2409210205,33612,33622,10
12.9883804321,80.2410888672,33622,33632,10
12.989109993,80.2414016724,33632,33641,9
12.9896202087,80.2415390015,33641,33652,11
12.990070343,80.2415771484,33652,33783,131
12.990070343,80.2415771484,33783,33793,10
12.9898004532,80.241569519,33793,33854,61
12.9898004532,80.241569519,33854,33864,10
12.9893102646,80.2414321899,33864,33874,10
12.9886302948,80.2411575317,33874,33884,10
12.987859726,80.2409591675,33884,33894,10
12.9874000549,80.2408981323,33894,33905,11
12.9870195389,80.2407302856,33905,33915,10
12.9871101379,80.2399368286,33915,33925,10
12.9868402481,80.239402771,33925,33935,10
12.9866600037,80.2388687134,33935,33945,10
12.986579895,80.2384109497,33945,34207,262
12.986579895,80.2384109497,34207,34218,11
12.9866895676,80.2379837036,34218,34228,10
12.9866600037,80.237739563,34228,34238,10
12.9866504669,80.2373199463,34238,34248,10
12.9866304398,80.2367172241,34248,34258,10
12.9865999222,80.2358779907,34258,34268,10
12.9865198135,80.2352905273,34268,34278,10
12.9865102768,80.2352905273,34278,34288,10
12.9864797592,80.2352600098,34288,34298,10
12.9862604141,80.2347564697,34298,34308,10
12.9861097336,80.2340164185,34308,34319,11
12.9861001968,80.2335205078,34319,34329,10
12.9865398407,80.2333068848,34329,34339,10
12.9866504669,80.2332992554,34339,34349,10
12.9871501923,80.2332687378,34349,34359,10
12.9874200821,80.2329864502,34359,34369,10
12.9874801636,80.2323226929,34369,34379,10
12.9877595901,80.2314529419,34379,34389,10
12.9882698059,80.2300491333,34389,34409,20
12.9882698059,80.2300491333,34409,34419,10
12.9884004593,80.2297515869,34419,34430,11
12.9887104034,80.2289733887,34430,34440,10
12.9891901016,80.2282104492,34440,34450,10
12.9901599884,80.2275695801,34450,34480,30
12.9901599884,80.2275695801,34480,34490,10
12.9901800156,80.2272720337,34490,34500,10
12.9900598526,80.2265090942,34500,34510,10
12.9901103973,80.2258224487,34510,34520,10
12.9896097183,80.224937439,34520,34531,11
12.9894599915,80.2240829468,34531,34541,10
12.989279747,80.2235107422,34541,34551,10
12.9887104034,80.2233200073,34551,34561,10
12.988360405,80.2233123779,34561,34632,71
12.988360405,80.2233123779,34632,34642,10
12.988820076,80.2233200073,34642,34652,10
12.9892702103,80.2234802246,34652,34662,10
12.9894599915,80.2238311768,34662,34671,9
12.9894800186,80.2242126465,34671,34682,11
12.9896202087,80.2248306274,34682,34692,10
12.9900598526,80.2255935669,34692,34701,9
12.990070343,80.2263412476,34701,34711,10
12.9901599884,80.2270431519,34711,34722,11
12.9902296066,80.2275390625,34722,34732,10
12.9902801514,80.2277297974,34732,34743,11
12.9904403687,80.2285079956,34743,34753,10
12.9906196594,80.2291412354,34753,34763,10
12.9907999039,80.2300186157,34763,34773,10
12.990819931,80.2301864624,34773,34783,10
12.9908504486,80.2303771973,34783,34793,10
12.9908800125,80.2309875488,34793,34803,10
12.9909601212,80.2320175171,34803,34823,20
12.9909601212,80.2320175171,34823,34833,10
12.9910898209,80.232383728,34833,34844,11
12.9913196564,80.2330703735,34844,34854,10
12.9917697906,80.2335968018,34854,34864,10
12.992099762,80.2336578369,34864,34874,10
12.9924201965,80.2337265015,34874,34884,10
12.9931097031,80.2339172363,34884,34894,10
12.9936199188,80.2342376709,34894,34904,10
12.994099617,80.2345809937,34904,34914,10
12.9947595596,80.2349624634,34914,34924,10
12.9953804016,80.2353515625,34924,34934,10
12.9959602356,80.2358703613,34934,34945,11
12.9960203171,80.2359390259,34945,34955,10
12.9962701797,80.2363510132,34955,34965,10
12.9967098236,80.2371826172,34965,34975,10
12.9970703125,80.2377929688,34975,34985,10
12.9975595474,80.2385025024,34985,34995,10
12.9980401993,80.2389297485,34995,35005,10
12.9987201691,80.2391662598,35005,35035,30
12.9987201691,80.2391662598,35035,35046,11
12.9989595413,80.2392730713,35046,35056,10
12.999420166,80.2393798828,35056,35066,10
13.0000200272,80.2394790649,35066,35076,10
13.0007095337,80.2395629883,35076,35086,10
13.0012598038,80.2396697998,35086,35096,10
13.0019397736,80.2398834229,35096,35106,10
13.0024795532,80.2400512695,35106,35116,10
13.0030698776,80.2402420044,35116,35126,10
13.0035800934,80.2406616211,35126,35136,10
13.0038795471,80.2414016724,35136,35147,11
13.0043802261,80.2418365479,35147,35157,10
13.0052204132,80.2417984009,35157,35167,10
13.0058803558,80.2418518066,35167,35177,10
13.0059299469,80.2423095703,35177,35197,20
13.0059299469,80.2423095703,35197,35207,10
13.0057001114,80.2423400879,35207,35843,636
13.0057001114,80.2423400879,35843,35853,10
13.005610466,80.2421264648,35853,35874,21
13.005610466,80.2421264648,35874,35884,10
13.0054502487,80.2419586182,35884,35894,10
13.0049600601,80.2417831421,35894,35904,10
13.0041704178,80.2417373657,35904,35914,10
13.0037698746,80.241027832,35914,35924,10
13.0032596588,80.240272522,35924,35934,10
13.0025997162,80.2400512695,35934,35944,10
13.002579689,80.2400436401,35944,35954,10
13.002289772,80.2399368286,35954,35963,9
13.0017204285,80.2397384644,35963,35975,12
13.0008401871,80.2395401001,35975,35985,10
13.0,80.2394104004,35985,35995,10
12.9992399216,80.2392807007,35995,36005,10
12.9991903305,80.2392730713,36005,36015,10
12.9990196228,80.2392272949,36015,36025,10
12.9984197617,80.2390518188,36025,36034,9
12.9982995987,80.2390136719,36034,36045,11
12.9978904724,80.2388000488,36045,36055,10
12.9974002838,80.238243103,36055,36065,10
12.9969596863,80.2375488281,36065,36075,10
12.9966096878,80.2369308472,36075,36086,11
12.9962596893,80.236289978,36086,36096,10
12.9960603714,80.2359695435,36096,36106,10
12.9954299927,80.2353820801,36106,36116,10
12.994890213,80.2350387573,36116,36126,10
12.9941701889,80.2346420288,36126,36135,9
12.9939603806,80.2345123291,36135,36146,11
12.9936599731,80.2342529297,36146,36156,10
12.9931402206,80.2339630127,36156,36166,10
12.992480278,80.233757019,36166,36176,10
12.9917802811,80.2337265015,36176,36197,21
12.9917802811,80.2337265015,36197,36207,10
12.9914798737,80.2337188721,36207,36217,10
12.9912996292,80.2331314087,36217,36227,10
12.9911203384,80.2326278687,36227,36237,10
12.9909696579,80.2318496704,36237,36247,10
12.9909696579,80.2317123413,36247,36257,10
12.9909896851,80.231628418,36257,36267,10
12.9909200668,80.2310562134,36267,36277,10
12.9908895493,80.2304611206,36277,36288,11
12.9908399582,80.2300262451,36288,36298,10
12.9908504486,80.2299804688,36298,36308,10
12.9907197952,80.2293930054,36308,36318,10
12.9904899597,80.2286834717,36318,36328,10
12.9903497696,80.2281570435,36328,36338,10
12.9901895523,80.2273864746,36338,36368,30
12.9901895523,80.2273864746,36368,36378,10
12.9901599884,80.2269973755,36378,36388,10
12.9900398254,80.2263793945,36388,36399,11
12.9899396896,80.2255630493,36399,36409,10
12.9895801544,80.2248535156,36409,36419,10
12.9894800186,80.2239837646,36419,36429,10
12.9891996384,80.2234268188,36429,36439,10
12.9885902405,80.2233123779,36439,36449,10
12.9884700775,80.223449707,36449,36459,10
12.9884595871,80.2234802246,36459,36469,10
12.9883403778,80.2238616943,36469,38873,2404
12.9883403778,80.2238616943,38873,38883,10
12.9882802963,80.2237319946,38883,38893,10
12.9884700775,80.2233963013,38893,38944,51
12.9884700775,80.2233963013,38944,38954,10
12.9885396957,80.2232818604,38954,38964,10
12.9890899658,80.2233200073,38964,38974,10
12.9894695282,80.2237319946,38974,38984,10
12.9895000458,80.224357605,38984,38994,10
12.9897003174,80.2250137329,38994,39004,10
12.9901304245,80.2258377075,39004,39015,11
12.9900798798,80.2265930176,39015,39025,10
12.9902200699,80.2274017334,39025,39035,10
12.9902296066,80.2275390625,39035,39045,10
12.9903697968,80.2281799316,39045,39055,10
12.9905700684,80.2288818359,39055,39065,10
12.9907598495,80.2295684814,39065,39075,10
12.9908599854,80.2301712036,39075,39085,10
12.9908800125,80.2305908203,39085,39095,10
12.9909200668,80.2312011719,39095,39105,10
12.9909801483,80.2319107056,39105,39116,11
12.9909801483,80.2320098877,39116,39126,10
12.9910402298,80.2323684692,39126,39136,10
12.9912996292,80.2330627441,39136,39146,10
12.9918003082,80.2336502075,39146,39176,30
12.9918003082,80.2336502075,39176,39186,10
12.9920301437,80.2337112427,39186,39196,10
12.9925899506,80.2337722778,39196,39206,10
12.9932403564,80.2340011597,39206,39217,11
12.9938097,80.2343673706,39217,39227,10
12.9944496155,80.2347869873,39227,39237,10
12.9952096939,80.2352371216,39237,39247,10
12.9958400726,80.2357330322,39247,39257,10
12.9964399338,80.2366333008,39257,39267,10
12.9969596863,80.2375793457,39267,39277,10
12.9972696304,80.2380905151,39277,39287,10
12.9978504181,80.2388000488,39287,39297,10
12.9984502792,80.2390975952,39297,39307,10
12.9987897873,80.2391967773,39307,39317,10
12.9989099503,80.2392272949,39317,39328,11
12.9993801117,80.2393417358,39328,39338,10
13.000289917,80.2394790649,39338,39348,10
13.0011997223,80.239616394,39348,39358,10
13.0019102097,80.2398376465,39358,39368,10
13.0026102066,80.2400665283,39368,39378,10
13.0034303665,80.2403411865,39378,39388,10
13.0038499832,80.2412109375,39388,39398,10
13.0044698715,80.2418518066,39398,39408,10
13.0054197311,80.2418136597,39408,39418,10
13.0059995651,80.2419433594,39418,39429,11
13.005689621,80.2423171997,39429,39519,90
13.005689621,80.2423171997,39519,39529,10
13.0055904388,80.2421875,39529,39540,11
13.0052499771,80.2418365479,39540,39550,10
13.0045995712,80.2418365479,39550,39560,10
13.0039196014,80.2415771484,39560,39570,10
13.0036096573,80.2407989502,39570,39580,10
13.0029602051,80.2402191162,39580,39590,10
13.0025196075,80.2400970459,39590,39600,10
13.0024795532,80.2400665283,39600,39610,10
13.0020103455,80.2399215698,39610,39620,10
13.0011796951,80.2396697998,39620,39630,10
13.000459671,80.2395629883,39630,39641,11
12.9991598129,80.2393112183,39641,39661,20
12.9991598129,80.2393112183,39661,39671,10
12.9989204407,80.2392196655,39671,39681,10
12.9987096786,80.2391967773,39681,39691,10
12.9981899261,80.2390213013,39691,39701,10
12.9976797104,80.2387237549,39701,39711,10
12.9972295761,80.2381134033,39711,39721,10
12.9968500137,80.237487793,39721,39731,10
12.9965000153,80.2368164063,39731,39742,11
12.9962396622,80.2363586426,39742,39752,10
12.9961595535,80.2362136841,39752,39762,10
12.9957304001,80.2356719971,39762,39772,10
12.9951200485,80.2352294922,39772,39782,10
12.9945697784,80.2349014282,39782,39792,10
12.9938898087,80.2345123291,39792,39812,20
12.9938898087,80.2345123291,39812,39822,10
12.9937601089,80.2343521118,39822,39832,10
12.9933395386,80.2340621948,39832,39842,10
12.9928197861,80.2338562012,39842,39853,11
12.9917497635,80.2337493896,39853,39883,30
12.9917497635,80.2337493896,39883,39893,10
12.991399765,80.2337188721,39893,39903,10
12.9912595749,80.2331771851,39903,39913,10
12.9911203384,80.2327194214,39913,39923,10
12.9909696579,80.2321395874,39923,39933,10
12.9909296036,80.2317428589,39933,39954,21
12.9909095764,80.2315216064,39954,40004,50
12.9909095764,80.2315216064,40004,40014,10
12.9909095764,80.2313537598,40014,40024,10
12.9908800125,80.2309036255,40024,40034,10
12.9908103943,80.2300186157,40034,40065,31
12.9908103943,80.2300186157,40065,40075,10
12.9907197952,80.2294998169,40075,40085,10
12.9905004501,80.2287979126,40085,40095,10
12.99036026,80.2283477783,40095,40105,10
12.9901800156,80.2274169922,40105,40135,30
12.9901800156,80.2274169922,40135,40145,10
12.9901895523,80.2270812988,40145,40155,10
12.9900398254,80.2264404297,40155,40166,11
12.9900302887,80.2256164551,40166,40176,10
12.9895896912,80.2248382568,40176,40186,10
12.9894695282,80.2241592407,40186,40196,10
12.9893102646,80.2235794067,40196,40206,10
12.9887504578,80.2233276367,40206,40216,10
12.9883499146,80.2233200073,40216,40256,40
12.9883499146,80.2233200073,40256,40267,11
12.9887695313,80.2233123779,40267,40277,10
12.9892597198,80.2234573364,40277,40287,10
12.9894504547,80.2239837646,40287,40297,10
12.9895601273,80.2246780396,40297,40307,10
12.9898796082,80.2253265381,40307,40317,10
12.9900398254,80.2261123657,40317,40327,10
12.9900798798,80.2266769409,40327,40337,10
12.9898700714,80.2276916504,40337,40357,20
12.9898700714,80.2276916504,40357,40367,10
12.9897203445,80.2278213501,40367,40378,11
12.9893903732,80.2280197144,40378,40388,10
12.9889802933,80.2283325195,40388,40398,10
12.9886598587,80.2291412354,40398,40408,10
12.9883899689,80.2297821045,40408,40418,10
12.9883298874,80.2299575806,40418,40428,10
12.9882802963,80.2300567627,40428,40438,10
12.988120079,80.2305221558,40438,40448,10
12.9877796173,80.2313232422,40448,40458,10
12.9875001907,80.2323074341,40458,40468,10
12.987449646,80.2330703735,40468,40479,11
12.9870595932,80.2332687378,40479,40489,10
12.9865903854,80.2332992554,40489,40499,10
12.9865198135,80.2333068848,40499,40509,10
12.9863195419,80.2333297729,40509,40519,10
12.9861097336,80.233757019,40519,40529,10
12.9861602783,80.2343292236,40529,40539,10
12.9864902496,80.2352294922,40539,40559,20
12.9864902496,80.2352294922,40559,40569,10
12.9864997864,80.2353210449,40569,40580,11
12.9865398407,80.2358703613,40580,40590,10
12.986579895,80.2366104126,40590,40600,10
12.9866104126,80.2372665405,40600,40610,10
12.9866104126,80.2380218506,40610,40620,10
12.9865102768,80.2386627197,40620,40630,10
12.986579895,80.2384109497,40630,41468,838
12.986579895,80.2384109497,41468,41478,10
12.9866399765,80.23802948,41478,41488,10
12.9866399765,80.237411499,41488,41498,10
12.9865999222,80.2368087769,41498,41508,10
12.9865703583,80.2361831665,41508,41519,11
12.9865503311,80.2355499268,41519,41529,10
12.9864997864,80.2353515625,41529,41539,10
12.9864797592,80.2352600098,41539,41549,10
12.9863195419,80.234916687,41549,41559,10
12.9861402512,80.2343978882,41559,41569,10
12.9861097336,80.2337722778,41569,41579,10
12.9864196777,80.2333374023,41579,41589,10
12.9870195389,80.2333221436,41589,41599,10
12.9874095917,80.2329711914,41599,41609,10
12.9874801636,80.2322387695,41609,41619,10
12.987830162,80.2312393188,41619,41630,11
12.9882202148,80.2302017212,41630,41640,10
12.9882698059,80.2300872803,41640,41650,10
12.9883804321,80.2297973633,41650,41660,10
12.9885797501,80.2292861938,41660,41670,10
12.9889297485,80.2284164429,41670,41680,10
12.9896202087,80.2279281616,41680,41690,10
12.9900903702,80.2276000977,41690,41700,10
12.9901199341,80.2276000977,41700,41710,10
12.9901504517,80.2273025513,41710,41720,10
12.9900503159,80.2265930176,41720,41731,11
12.9901103973,80.2258987427,41731,41741,10
12.9896497726,80.225112915,41741,41751,10
12.9895095825,80.2243423462,41751,41761,10
12.9894399643,80.2236709595,41761,41771,10
12.9889202118,80.2233810425,41771,41781,10
12.9883804321,80.2233428955,41781,41821,40
12.9883804321,80.2233428955,41821,41832,11
12.9884395599,80.2232894897,41832,41842,10
12.9889202118,80.2233428955,41842,41852,10
12.9893703461,80.2236022949,41852,41862,10
12.9894599915,80.2241210938,41862,41872,10
12.9896097183,80.224822998,41872,41882,10
12.9900102615,80.2255020142,41882,41892,10
12.9900197983,80.2261734009,41892,41902,10
12.9901199341,80.2268295288,41902,41912,10
12.9902000427,80.2274703979,41912,41922,10
12.9902095795,80.2274932861,41922,41932,10
12.9902801514,80.2279129028,41932,41943,11
12.9905004501,80.2286605835,41943,41953,10
12.9906797409,80.2292022705,41953,41963,10
12.9908504486,80.2300415039,41963,41973,10
12.9908599854,80.230178833,41973,41983,10
12.9908800125,80.2305297852,41983,41993,10
12.9909000397,80.2310791016,41993,42003,10
12.9909801483,80.2320098877,42003,42023,20
12.9909801483,80.2320098877,42023,42033,10
12.9910001755,80.2323303223,42033,42044,11
12.991230011,80.232963562,42044,42053,9
12.9917497635,80.2336273193,42053,42114,61
12.9917497635,80.2336273193,42114,42124,10
12.9920701981,80.233757019,42124,42134,10
12.9925603867,80.233833313,42134,42145,11
12.993180275,80.2340164185,42145,42155,10
12.9938898087,80.2344512939,42155,42175,20
12.9938898087,80.2344512939,42175,42185,10
12.9941501617,80.2346191406,42185,42195,10
12.9946804047,80.2349014282,42195,42205,10
12.9952898026,80.2352905273,42205,42215,10
12.9960298538,80.2359466553,42215,42235,20
12.9960298538,80.2359466553,42235,42246,11
12.9962596893,80.2362594604,42246,42256,10
12.9966201782,80.2369918823,42256,42266,10
12.9970397949,80.2377090454,42266,42276,10
12.9975004196,80.2383880615,42276,42286,10
12.998000145,80.2389221191,42286,42296,10
12.9987602234,80.2392120361,42296,42316,20
12.9987602234,80.2392120361,42316,42326,10
12.9989995956,80.2392883301,42326,42336,10
12.9994897842,80.239402771,42336,42346,10
13.0003900528,80.2395324707,42346,42357,11
13.0012397766,80.2396774292,42357,42367,10
13.0019798279,80.2398910522,42367,42377,10
13.0025396347,80.2400817871,42377,42387,10
13.0025501251,80.2400894165,42387,42397,10
13.0027503967,80.2401504517,42397,42407,10
13.0034399033,80.2404174805,42407,42417,10
13.0038604736,80.2413635254,42417,42427,10
13.0045604706,80.2418823242,42427,42437,10
13.0055599213,80.2418365479,42437,42447,10
13.0059604645,80.2421875,42447,42458,11
13.005689621,80.2423706055,42458,43174,716
13.005689621,80.2423706055,43174,43185,11
13.0055704117,80.2422027588,43185,43195,10
13.0053396225,80.2419586182,43195,43205,10
13.0051298141,80.2418289185,43205,43215,10
13.0045404434,80.241859436,43215,43225,10
13.0039196014,80.2414932251,43225,43235,10
13.0035800934,80.2406616211,43235,43244,9
13.0029201508,80.2402420044,43244,43255,11
13.0026102066,80.2401580811,43255,43265,10
13.0025396347,80.2400970459,43265,43275,10
13.0023002625,80.2400131226,43275,43286,11
13.0021600723,80.2399597168,43286,43296,10
13.0015697479,80.2397384644,43296,43306,10
13.0007801056,80.2396469116,43306,43316,10
12.9991798401,80.239440918,43316,43336,20
12.9991798401,80.239440918,43336,43346,10
12.9989795685,80.2393035889,43346,43366,20
12.9989795685,80.2393035889,43366,43376,10
12.9988203049,80.2392501831,43376,43386,10
12.998339653,80.2390899658,43386,43397,11
12.9977798462,80.2388076782,43397,43407,10
12.9972801208,80.2381668091,43407,43417,10
12.9969301224,80.2375183105,43417,43427,10
12.9965400696,80.2367782593,43427,43437,10
12.9959697723,80.2359085083,43437,43447,10
12.9952497482,80.2353210449,43447,43457,10
12.9947900772,80.2350234985,43457,43467,10
12.9939603806,80.2345504761,43467,43538,71
12.9939603806,80.2345504761,43538,43548,10
12.9936800003,80.2343902588,43548,43558,10
12.9932603836,80.2341384888,43558,43568,10
12.9927902222,80.2339096069,43568,43578,10
12.9919099808,80.2338180542,43578,43639,61
12.9919099808,80.2338180542,43639,43649,10
12.9915599823,80.2337722778,43649,43659,10
12.9913702011,80.2332992554,43659,43669,10
12.9912500381,80.2328567505,43669,43679,10
12.9910802841,80.2317810059,43679,43710,31
12.9910802841,80.2317810059,43710,43720,10
12.9909696579,80.2315673828,43720,43730,10
12.9909200668,80.2310714722,43730,43740,10
12.990819931,80.2300491333,43740,43780,40
12.990819931,80.2300491333,43780,43790,10
12.9907903671,80.2298965454,43790,43800,10
12.9906997681,80.2294235229,43800,43811,11
12.9905395508,80.228767395,43811,43821,10
12.9904003143,80.2282180786,43821,43831,10
12.9902296066,80.2273864746,43831,43851,20
12.9902296066,80.2273864746,43851,43861,10
12.9901895523,80.2273025513,43861,43871,10
12.9901800156,80.2268981934,43871,43881,10
12.9900798798,80.226348877,43881,43891,10
12.9899902344,80.2255783081,43891,43901,10
12.9895896912,80.2248382568,43901,43912,11
12.9895200729,80.2240371704,43912,43922,10
12.9893198013,80.2235336304,43922,43932,10
12.9888601303,80.2233734131,43932,43941,9
12.9883899689,80.2233581543,43941,44002,61
12.9883899689,80.2233581543,44002,44012,10
12.9885997772,80.2232818604,44012,44023,11
12.9891300201,80.2233810425,44023,44033,10
12.9894199371,80.2238082886,44033,44043,10
12.9894800186,80.2245101929,44043,44053,10
12.9897098541,80.2251586914,44053,44063,10
12.9900598526,80.2258682251,44063,44073,10
12.9900398254,80.2265930176,44073,44082,9
12.9901695251,80.2272872925,44082,44093,11
12.9899597168,80.2277069092,44093,44125,32
12.9899597168,80.2277069092,44125,44135,10
12.9897403717,80.2278823853,44135,44145,10
12.9891700745,80.2281494141,44145,44155,10
12.9887895584,80.2287826538,44155,44165,10
12.9884395599,80.2295608521,44165,44175,10
12.9882602692,80.2300720215,44175,44205,30
12.9882602692,80.2300720215,44205,44215,10
12.9881696701,80.2303009033,44215,44226,11
12.9879703522,80.2308425903,44226,44236,10
12.9876699448,80.2316589355,44236,44246,10
12.9874401093,80.2326202393,44246,44256,10
12.9873800278,80.2332077026,44256,44266,10
12.9866199493,80.2333068848,44266,44316,50
12.9866199493,80.2333068848,44316,44327,11
12.9862499237,80.2333526611,44327,44337,10
12.9861001968,80.233757019,44337,44347,10
12.9861602783,80.2343292236,44347,44357,10
12.9864797592,80.2352523804,44357,44407,50
12.9864797592,80.2352523804,44407,44417,10
12.9865503311,80.2356567383,44417,44427,10
12.9865598679,80.2363433838,44427,44438,11
12.9866104126,80.2371673584,44438,44448,10
12.9866399765,80.2379837036,44448,44458,10
12.9866104126,80.2386932373,44458,44468,10
12.9865398407,80.2384872437,44468,45003,535
12.9865398407,80.2384872437,45003,45013,10
12.986579895,80.2382202148,45013,45023,10
12.9865999222,80.2380065918,45023,45032,9
12.9865903854,80.2372894287,45032,45043,11
12.9865999222,80.2367172241,45043,45053,10
12.9865999222,80.2359466553,45053,45064,11
12.9865198135,80.2353210449,45064,45094,30
12.9865198135,80.2353210449,45094,45104,10
12.9864301682,80.2351379395,45104,45114,10
12.9861803055,80.2345199585,45114,45124,10
12.9861497879,80.2338409424,45124,45134,10
12.9863595963,80.2333679199,45134,45144,10
12.986700058,80.2333374023,45144,45154,10
12.9868898392,80.2333221436,45154,45165,11
12.9873800278,80.2331390381,45165,45175,10
12.9874696732,80.2325592041,45175,45185,10
12.9876804352,80.2316436768,45185,45195,10
12.9880304337,80.2307662964,45195,45205,10
12.9882202148,80.2300796509,45205,45215,10
12.9882202148,80.2300491333,45215,45225,10
12.9883899689,80.229637146,45225,45235,10
12.9886903763,80.2289199829,45235,45245,10
12.9891395569,80.2281799316,45245,45255,10
12.9898004532,80.2278137207,45255,45266,11
12.9900999069,80.2276000977,45266,45276,10
12.9901103973,80.2275466919,45276,45286,10
12.9901599884,80.2273406982,45286,45296,10
12.9900999069,80.2270507813,45296,45306,10
12.9899597168,80.2264480591,45306,45316,10
12.9899597168,80.2256622314,45316,45326,10
12.9896001816,80.224937439,45326,45336,10
12.9894895554,80.2242507935,45336,45346,10
12.9893302917,80.2236480713,45346,45356,10
12.9887504578,80.2233886719,45356,45366,10
12.9883203506,80.2233581543,45366,45407,41
12.9883203506,80.2233581543,45407,45417,10
12.9886798859,80.2232971191,45417,45427,10
12.9891300201,80.2233963013,45427,45437,10
12.9894199371,80.2238616943,45437,45447,10
12.9894304276,80.2244415283,45447,45457,10
12.9896297455,80.2250823975,45457,45467,10
12.9900503159,80.2257385254,45467,45478,11
12.9899301529,80.2264328003,45478,45488,10
12.9901800156,80.2275924683,45488,45508,20
12.9901800156,80.2275924683,45508,45518,10
12.9902095795,80.2277832031,45518,45528,10
12.9903297424,80.2283782959,45528,45538,10
12.9905004501,80.2289505005,45538,45548,10
12.9906997681,80.229637146,45548,45558,10
12.9907999039,80.230178833,45558,45589,31
12.9907999039,80.230178833,45589,45599,10
12.9907999039,80.2302474976,45599,45609,10
12.9908304214,80.2306213379,45609,45619,10
12.9908399582,80.2309799194,45619,45629,10
12.9910001755,80.2320632935,45629,45649,20
12.9910001755,80.2320632935,45649,45659,10
12.9910202026,80.2323379517,45659,45669,10
12.9912004471,80.2328720093,45669,45679,10
12.991399765,80.2333831787,45679,45690,11
12.9917697906,80.2336578369,45690,45720,30
12.9917697906,80.2336578369,45720,45730,10
12.991900444,80.2337417603,45730,45740,10
12.9923000336,80.2337493896,45740,45750,10
12.9929199219,80.2338790894,45750,45760,10
12.9933595657,80.2340774536,45760,45780,20
12.9933595657,80.2340774536,45780,45791,11
12.9938201904,80.2344207764,45791,45821,30
12.9938201904,80.2344207764,45821,45831,10
12.9939804077,80.2344970703,45831,45841,10
12.9942998886,80.2347106934,45841,45850,9
12.9948196411,80.2350082397,45850,45861,11
12.9954595566,80.2354507446,45861,45871,10
12.9959096909,80.2358703613,45871,45881,10
12.9959096909,80.2358779907,45881,45892,11
12.9959802628,80.2359237671,45892,45902,10
12.9962301254,80.236328125,45902,45912,10
12.9966001511,80.2370834351,45912,45922,10
12.997010231,80.237739563,45922,45932,10
12.9974603653,80.2384567261,45932,45942,10
12.9980297089,80.2389373779,45942,45952,10
12.9987001419,80.2391815186,45952,45972,20
12.9987001419,80.2391815186,45972,45982,10
12.9988603592,80.2392578125,45982,45993,11
12.9994096756,80.2393798828,45993,46003,10
13.0002803802,80.2395019531,46003,46013,10
13.0011100769,80.239616394,46013,46023,10
13.0017795563,80.2397994995,46023,46033,10
13.0024404526,80.240020752,46033,46043,10
13.0025596619,80.2400588989,46043,46053,10
13.003080368,80.2402191162,46053,46063,10
13.0036697388,80.2409362793,46063,46073,10
13.0041599274,80.2417984009,46073,46083,10
13.0051603317,80.2418136597,46083,46093,10
13.0059204102,80.2419433594,46093,46104,11
13.0056800842,80.2423782349,46104,46507,403
13.0055503845,80.2422332764,46507,46881,374
13.0055503845,80.2422332764,46881,46891,10
13.0054597855,80.2420578003,46891,46901,10
13.005200386,80.2418365479,46901,46911,10
13.0046300888,80.241859436,46911,46921,10
13.0039997101,80.2416763306,46921,46932,11
13.0036897659,80.2409362793,46932,46942,10
13.0033197403,80.2403793335,46942,46952,10
13.0027399063,80.2401809692,46952,46972,20
13.0027399063,80.2401809692,46972,46982,10
13.0025100708,80.2400512695,46982,46992,10
13.0021800995,80.2399520874,46992,47002,10
13.0016098022,80.2397766113,47002,47012,10
13.0010299683,80.2396316528,47012,47022,10
13.0003204346,80.2395401001,47022,47032,10
12.9991598129,80.2393264771,47032,47053,21
12.9991598129,80.2393264771,47053,47063,10
12.9991102219,80.2392883301,47063,47073,10
12.9988899231,80.2392425537,47073,47083,10
12.9988298416,80.2392196655,47083,47093,10
12.9984102249,80.239112854,47093,47103,10
12.9979400635,80.238899231,47103,47113,10
12.9975004196,80.2384262085,47113,47123,10
12.9970703125,80.2377929688,47123,47133,10
12.9967699051,80.2372817993,47133,47144,11
12.9962701797,80.2364120483,47144,47164,20
12.9962701797,80.2364120483,47164,47174,10
12.9959802628,80.2359466553,47174,47184,10
12.9954500198,80.2354736328,47184,47194,10
12.9949998856,80.2351837158,47194,47204,10
12.9939899445,80.2346115112,47204,47224,20
12.9939899445,80.2346115112,47224,47234,10
12.9939002991,80.2344970703,47234,47244,10
12.9936103821,80.2342605591,47244,47255,11
12.9932403564,80.2340316772,47255,47265,10
12.9925699234,80.2338104248,47265,47275,10
12.9917697906,80.233757019,47275,47345,70
12.9917697906,80.233757019,47345,47356,11
12.9915599823,80.2338027954,47356,47366,10
12.9913301468,80.2334289551,47366,47376,10
12.9911603928,80.232963562,47376,47386,10
12.9910001755,80.2323608398,47386,47396,10
12.990940094,80.2317810059,47396,47436,40
12.990940094,80.2317810059,47436,47446,10
12.9908895493,80.2313995361,47446,47457,11
12.9908704758,80.2307815552,47457,47467,10
12.9908103943,80.2300033569,47467,47507,40
12.9908103943,80.2300033569,47507,47517,10
12.9907598495,80.2296829224,47517,47527,10
12.9905595779,80.2290115356,47527,47537,10
12.9904003143,80.2285003662,47537,47547,10
12.9901895523,80.2274169922,47547,47578,31
12.9901895523,80.2274169922,47578,47588,10
12.9901504517,80.2270584106,47588,47598,10
12.9900503159,80.2265167236,47598,47608,10
12.9900903702,80.2259216309,47608,47617,9
12.9897403717,80.2252807617,47617,47628,11
12.9894895554,80.2245483398,47628,47638,10
12.9894304276,80.2238311768,47638,47648,10
12.9890203476,80.2233963013,47648,47658,10
12.9883003235,80.2233581543,47658,47739,81
12.9883003235,80.2233581543,47739,47749,10
12.9885702133,80.2232818604,47749,47759,10
12.9890804291,80.2233123779,47759,47770,11
12.9894199371,80.2238311768,47770,47780,10
12.9894599915,80.2244262695,47780,47790,10
12.9896602631,80.2250366211,47790,47800,10
12.9900503159,80.2258377075,47800,47810,10
12.989979744,80.2264785767,47810,47820,10
12.9900598526,80.2271118164,47820,47829,9
12.989859581,80.2276763916,47829,47860,31
12.989859581,80.2276763916,47860,47870,10
12.989780426,80.2278289795,47870,47881,11
12.9893398285,80.2280502319,47881,47891,10
12.9888601303,80.2286300659,47891,47901,10
12.9885196686,80.2294311523,47901,47911,10
12.9883003235,80.2299575806,47911,47921,10
12.9883003235,80.2299728394,47921,47931,10
12.9882497787,80.2300872803,47931,47941,10
12.9880599976,80.2306213379,47941,47951,10
12.9877796173,80.2312927246,47951,47961,10
12.9875297546,80.2321014404,47961,47971,10
12.9874296188,80.2329406738,47971,47982,11
12.9871702194,80.2332687378,47982,47992,10
12.986530304,80.2333374023,47992,48022,30
12.986530304,80.2333374023,48022,48032,10
12.9863100052,80.2333068848,48032,48042,10
12.9860601425,80.2336425781,48042,48052,10
12.9860801697,80.23412323,48052,48062,10
12.9864301682,80.2351989746,48062,48103,41
12.9864301682,80.2351989746,48103,48113,10
12.9865102768,80.2355117798,48113,48123,10
12.9865198135,80.2362594604,48123,48133,10
12.9865398407,80.2368774414,48133,48143,10
12.9865703583,80.2375793457,48143,48153,10
12.9866104126,80.2385101318,48153,48163,10
12.986530304,80.2384033203,48163,48527,364
12.986530304,80.2384033203,48527,48536,9
12.9865999222,80.2382965088,48536,48547,11
12.9866104126,80.237953186,48547,48557,10
12.9865999222,80.237197876,48557,48567,10
12.9865598679,80.236656189,48567,48577,10
12.9865503311,80.2359237671,48577,48587,10
12.9864597321,80.2352828979,48587,48628,41
12.9864597321,80.2352828979,48628,48638,10
12.9862298965,80.2347412109,48638,48648,10
12.9860801697,80.2339096069,48648,48658,10
12.9866104126,80.233291626,48658,48678,20
12.9866104126,80.233291626,48678,48688,10
12.987039566,80.2332763672,48688,48698,10
12.9873399734,80.2329483032,48698,48709,11
12.987449646,80.232131958,48709,48719,10
12.9878797531,80.2311096191,48719,48729,10
12.9883298874,80.2300415039,48729,48749,20
12.9883298874,80.2300415039,48749,48759,10
12.9883003235,80.2299118042,48759,48769,10
12.9885101318,80.2294387817,48769,48779,10
12.9888000488,80.2286376953,48779,48789,10
12.9894800186,80.2280273438,48789,48799,10
12.9901199341,80.2275466919,48799,48820,21
12.9901199341,80.2275466919,48820,48830,10
12.9901800156,80.2274169922,48830,48840,10
12.9900598526,80.2267532349,48840,48850,10
12.9900197983,80.2261962891,48850,48860,10
12.989780426,80.2253265381,48860,48870,10
12.9895296097,80.2246627808,48870,48880,10
12.9894504547,80.2238693237,48880,48890,10
12.9890499115,80.2233810425,48890,48900,10
12.9883298874,80.2233276367,48900,48991,91
12.9883298874,80.2233276367,48991,49001,10
12.9888296127,80.2233123779,49001,49011,10
12.9893598557,80.2236328125,49011,49021,10
12.9894104004,80.2240982056,49021,49032,11
12.9895296097,80.2247924805,49032,49042,10
12.9899597168,80.2255401611,49042,49052,10
12.989979744,80.2263183594,49052,49062,10
12.9900598526,80.2268218994,49062,49072,10
12.9901399612,80.2274475098,49072,49082,10
12.9901599884,80.2275695801,49082,49092,10
12.9902801514,80.2280807495,49092,49102,10
12.9904899597,80.2288208008,49102,49112,10
12.9906797409,80.2294921875,49112,49122,10
12.9907903671,80.2301330566,49122,49133,11
12.9907903671,80.230140686,49133,49143,10
12.9907903671,80.2304077148,49143,49153,10
12.9908399582,80.2309417725,49153,49163,10
12.9908895493,80.2314224243,49163,49173,10
12.990940094,80.2319793701,49173,49183,10
12.990940094,80.2320098877,49183,49193,10
12.990940094,80.232208252,49193,49203,10
12.9910802841,80.2326431274,49203,49213,10
12.9912900925,80.2332305908,49213,49223,10
12.9917602539,80.2336502075,49223,49254,31
12.9917602539,80.2336502075,49254,49264,10
12.991979599,80.2337265015,49264,49274,10
12.9925498962,80.2338027954,49274,49284,10
12.9932003021,80.2340164185,49284,49294,10
12.9938402176,80.2344512939,49294,49314,20
12.9938402176,80.2344512939,49314,49324,10
12.9938898087,80.2345428467,49324,49335,11
12.9943704605,80.2347869873,49335,49345,10
12.9951095581,80.235206604,49345,49355,10
12.9956502914,80.2356185913,49355,49365,10
12.9960298538,80.2359924316,49365,49375,10
12.9961004257,80.2360305786,49375,49385,10
12.9964103699,80.2366104126,49385,49395,10
12.9968500137,80.2374420166,49395,49405,10
12.9971904755,80.2379989624,49405,49415,10
12.997759819,80.2387771606,49415,49425,10
12.9987401962,80.2391967773,49425,49496,71
12.9987401962,80.2391967773,49496,49506,10
12.9991197586,80.2393188477,49506,49516,10
12.9998102188,80.2394714355,49516,49526,10
13.0008201599,80.2395782471,49526,49536,10
13.0014200211,80.2397384644,49536,49547,11
13.0025396347,80.2400817871,49547,49567,20
13.0025396347,80.2400817871,49567,49577,10
13.002989769,80.2402267456,49577,49587,10
13.0036497116,80.2408218384,49587,49597,10
13.0041799545,80.2417907715,49597,49606,9
13.0051002502,80.2418212891,49606,49617,11
13.005979538,80.2420196533,49617,49627,10
13.0057001114,80.2422714233,49627,50213,586
13.0057001114,80.2422714233,50213,50223,10
13.0055398941,80.2421188354,50223,50233,10
13.0051403046,80.2418365479,50233,50243,10
13.0043401718,80.241859436,50243,50253,10
13.0038204193,80.2412872314,50253,50263,10
13.003370285,80.2404174805,50263,50274,11
13.0025196075,80.2400817871,50274,50284,10
13.0024299622,80.2400588989,50284,50294,10
13.0019397736,80.2398986816,50294,50304,10
13.001159668,80.2396621704,50304,50314,10
13.0005598068,80.2395629883,50314,50324,10
13.0001802444,80.2395019531,50324,50334,10
12.9991798401,80.2393188477,50334,50354,20
12.9991798401,80.2393188477,50354,50364,10
12.9988698959,80.2392578125,50364,50374,10
12.9980897903,80.2389984131,50374,50385,11
12.9975996017,80.238571167,50385,50395,10
12.9970903397,80.2378234863,50395,50405,10
12.9967403412,80.2372665405,50405,50415,10
12.996339798,80.2365188599,50415,50424,9
12.996219635,80.236328125,50424,50435,11
12.9960403442,80.2360305786,50435,50445,10
12.9954595566,80.2354431152,50445,50455,10
12.9949197769,80.2350997925,50455,50465,10
12.9941902161,80.2347106934,50465,50475,10
12.9938697815,80.2344894409,50475,50486,11
12.9937000275,80.234336853,50486,50496,10
12.9932603836,80.2340164185,50496,50506,10
12.9926700592,80.2338180542,50506,50516,10
12.9917697906,80.233757019,50516,50536,20
12.9917697906,80.233757019,50536,50546,10
12.9916601181,80.2337722778,50546,50556,10
12.9913597107,80.2335586548,50556,50566,10
12.9912204742,80.233039856,50566,50576,10
12.9909200668,80.2317962646,50576,50607,31
12.9909200668,80.2317962646,50607,50617,10
12.9908800125,80.2314376831,50617,50627,10
12.990819931,80.2307510376,50627,50637,10
12.9907798767,80.2300720215,50637,50647,10
12.9907798767,80.2300491333,50647,50657,10
12.9906997681,80.2295837402,50657,50667,10
12.9905004501,80.2288589478,50667,50677,10
12.9903497696,80.2283325195,50677,50688,11
12.9901695251,80.2275238037,50688,50698,10
12.9901599884,80.2274398804,50698,50708,10
12.9901504517,80.2273330688,50708,50718,10
12.9900798798,80.2268371582,50718,50728,10
12.9900102615,80.2262878418,50728,50738,10
12.9899396896,80.2256011963,50738,50748,10
12.989569664,80.2249221802,50748,50758,10
12.9894599915,80.2242965698,50758,50768,10
12.9893798828,80.2236862183,50768,50778,10
12.9889297485,80.2233810425,50778,50788,10
12.9884595871,80.2234725952,50788,50809,21
12.9884595871,80.2234725952,50809,50819,10
12.9884500504,80.223487854,50819,50829,10
12.9881696701,80.2237014771,50829,61038,10209
12.9881601334,80.2236785889,61038,61755,717
12.9881601334,80.2237014771,61755,62149,394
12.9881601334,80.2237014771,62149,62159,10
12.9881801605,80.2236480713,62159,64966,2807
12.9881896973,80.2237472534,64966,67420,2454
12.9881896973,80.2237472534,67420,67430,10
12.9884595871,80.223487854,67430,67470,40
12.9884595871,80.223487854,67470,67481,11
12.9885196686,80.2233810425,67481,67501,20
12.9885196686,80.2233810425,67501,67511,10
12.9889297485,80.2233810425,67511,67521,10
12.9893198013,80.2235870361,67521,67531,10
12.9894504547,80.2240600586,67531,67541,10
12.9895095825,80.2246627808,67541,67551,10
12.9897003174,80.2252120972,67551,67561,10
12.9900798798,80.2258605957,67561,67571,10
12.9900197983,80.2264404297,67571,67582,11
12.9901399612,80.2272186279,67582,67592,10
12.9899902344,80.227722168,67592,67602,10
12.9899301529,80.2277603149,67602,67612,10
12.9898004532,80.2278823853,67612,67622,10
12.9893102646,80.2281265259,67622,67632,10
12.9888401031,80.2286987305,67632,67642,10
12.9885702133,80.2294235229,67642,67652,10
12.9883899689,80.2298812866,67652,67682,30
12.9883899689,80.2298812866,67682,67693,11
12.9883003235,80.2300491333,67693,67703,10
12.9882602692,80.230178833,67703,67713,10
12.9880199432,80.2308120728,67713,67723,10
12.9876804352,80.2317199707,67723,67733,10
12.9874696732,80.2326812744,67733,67743,10
12.9874601364,80.2332000732,67743,67753,10
12.9870996475,80.2333602905,67753,67763,10
12.9865999222,80.2333831787,67763,67773,10
12.9865398407,80.2333831787,67773,67783,10
12.9862003326,80.2333831787,67783,67794,11
12.9861001968,80.2338867188,67794,67804,10
12.9861698151,80.2345123291,67804,67814,10
12.9864301682,80.2351608276,67814,67824,10
12.9864702225,80.2352600098,67824,67834,10
12.9865198135,80.2353973389,67834,67844,10
12.9865703583,80.2359619141,67844,67854,10
12.986579895,80.2367324829,67854,67864,10
12.9865999222,80.2372589111,67864,67873,9
12.9866104126,80.2379608154,67873,67884,11
12.9865398407,80.2385406494,67884,68288,404
12.9865398407,80.2385406494,68288,68299,11
12.9865999222,80.2384796143,68299,68309,10
12.9866304398,80.23802948,68309,68319,10
12.9865999222,80.2373123169,68319,68329,10
12.986579895,80.2367401123,68329,68339,10
12.9865503311,80.2360687256,68339,68349,10
12.9864702225,80.2353591919,68349,68369,20
12.9864702225,80.2353591919,68369,68379,10
12.9863004684,80.234916687,68379,68389,10
12.9860897064,80.23412323,68389,68400,11
12.986120224,80.2334594727,68400,68410,10
12.9866695404,80.2333679199,68410,68420,10
12.9867601395,80.2333831787,68420,68430,10
12.9872999191,80.2333297729,68430,68440,10
12.9873800278,80.2328109741,68440,68450,10
12.9874801636,80.2321395874,68450,68460,10
12.9877996445,80.2313079834,68460,68470,10
12.9880800247,80.230506897,68470,68490,20
12.9880800247,80.230506897,68490,68501,11
12.988240242,80.2301177979,68501,68511,10
12.9883403778,80.229888916,68511,68521,10
12.9885196686,80.2294692993,68521,68531,10
12.9887695313,80.228767395,68531,68541,10
12.9893598557,80.2281799316,68541,68551,10
12.989859581,80.2278289795,68551,68561,10
12.9900197983,80.2277297974,68561,68571,10
12.9901399612,80.2275085449,68571,68581,10
12.9900503159,80.2268600464,68581,68591,10
12.9900197983,80.2262496948,68591,68602,11
12.989780426,80.2254180908,68602,68612,10
12.9895095825,80.2247390747,68612,68622,10
12.9894304276,80.2239379883,68622,68632,10
12.9890899658,80.2234420776,68632,68642,10
12.9885396957,80.2233963013,68642,68652,10
12.9883098602,80.2233810425,68652,68692,40
12.9883098602,80.2233810425,68692,68702,10
12.9885997772,80.2233581543,68702,68713,11
12.9887104034,80.2233886719,68713,68723,10
12.9892196655,80.2235031128,68723,68733,10
12.9894599915,80.2240066528,68733,68743,10
12.9895401001,80.2247161865,68743,68753,10
12.9897699356,80.2252807617,68753,68763,10
12.9900598526,80.2261428833,68763,68773,10
12.9900598526,80.2267227173,68773,68783,10
12.9902000427,80.2276535034,68783,68803,20
12.9902000427,80.2276535034,68803,68814,11
12.9902801514,80.2281036377,68814,68824,10
12.9904899597,80.2287826538,68824,68834,10
12.9906797409,80.2294006348,68834,68844,10
12.9908399582,80.23021698,68844,68854,10
12.9908399582,80.2303237915,68854,68864,10
12.9908704758,80.2308197021,68864,68874,10
12.9909095764,80.2313079834,68874,68884,10
12.9909696579,80.2318878174,68884,68894,10
12.9909801483,80.2321014404,68894,68904,10
12.9910001755,80.2321472168,68904,68915,11
12.9911203384,80.2326431274,68915,68925,10
12.9913101196,80.2332382202,68925,68935,10
12.9917802811,80.2337417603,68935,68985,50
12.9917802811,80.2337417603,68985,68995,10
12.9921598434,80.2338180542,68995,69005,10
12.992890358,80.2339477539,69005,69016,11
12.9935102463,80.2342681885,69016,69026,10
12.9939699173,80.2346191406,69026,69036,10
12.9945898056,80.2349777222,69036,69046,10
12.9951200485,80.2352905273,69046,69056,10
12.9956998825,80.2357177734,69056,69066,10
12.9960002899,80.2360305786,69066,69076,10
12.9960603714,80.236076355,69076,69086,10
12.9963302612,80.2365188599,69086,69096,10
12.9966697693,80.2371826172,69096,69106,10
12.9970302582,80.23777771,69106,69117,11
12.9975099564,80.2385101318,69117,69127,10
12.9980201721,80.2389831543,69127,69137,10
12.9986400604,80.2392196655,69137,69147,10
12.9987096786,80.2392501831,69147,69157,10
12.9988698959,80.2393035889,69157,69167,10
12.9993896484,80.2394332886,69167,69177,10
13.0001602173,80.2395324707,69177,69187,10
13.0010404587,80.2396697998,69187,69197,10
13.0015296936,80.2397918701,69197,69207,10
13.0021896362,80.2400131226,69207,69218,11
13.0025501251,80.2401275635,69218,69228,10
13.0025901794,80.2401733398,69228,69238,10
13.0030202866,80.2403106689,69238,69248,10
13.0035295486,80.2406463623,69248,69258,10
13.0039196014,80.2415618896,69258,69268,10
13.0045995712,80.2419204712,69268,69278,10
13.0054302216,80.2418823242,69278,69287,9
13.0059404373,80.2419586182,69287,69298,11
13.0057401657,80.2423324585,69298,70147,849
13.0057401657,80.2423324585,70147,70157,10
13.0056800842,80.2422637939,70157,70167,10
13.0053300858,80.2419662476,70167,70177,10
13.004699707,80.2418823242,70177,70187,10
13.0039300919,80.2416610718,70187,70197,10
13.0035800934,80.2407836914,70197,70207,10
13.0028295517,80.2402420044,70207,70217,10
13.0025196075,80.2401428223,70217,70227,10
13.0024595261,80.2401275635,70227,70237,10
13.0018997192,80.2399291992,70237,70248,11
13.0010004044,80.2396774292,70248,70258,10
13.0002403259,80.2395706177,70258,70268,10
12.9994001389,80.239440918,70268,70278,10
12.9990997314,80.2393722534,70278,70288,10
12.9990301132,80.2393417358,70288,70298,10
12.9985799789,80.2392196655,70298,70308,10
12.997879982,80.2389373779,70308,70318,10
12.9974498749,80.2385406494,70318,70328,10
12.9969396591,80.2377471924,70328,70338,10
12.9965896606,80.237121582,70338,70349,11
12.996219635,80.2363967896,70349,70359,10
12.996219635,80.2363891602,70359,70369,10
12.9960203171,80.236038208,70369,70379,10
12.9954204559,80.235496521,70379,70389,10
12.9948701859,80.2351379395,70389,70399,10
12.9941301346,80.2347412109,70399,70409,10
12.9938497543,80.2345733643,70409,70419,10
12.9936704636,80.2343978882,70419,70429,10
12.9932699203,80.2341308594,70429,70439,10
12.9931898117,80.2340774536,70439,70450,11
12.9927501678,80.2339096069,70450,70460,10
12.9921197891,80.2338027954,70460,70470,10
12.9917497635,80.2338027954,70470,70500,30
12.9917497635,80.2338027954,70500,70510,10
12.991519928,80.2338485718,70510,70519,9
12.9913196564,80.2336578369,70519,70530,11
12.9912099838,80.2331619263,70530,70540,10
12.9909896851,80.2325286865,70540,70551,11
12.9909000397,80.2318115234,70551,70561,10
12.9908895493,80.2317810059,70561,70571,10
12.9908895493,80.2316207886,70571,70581,10
12.9908504486,80.2310791016,70581,70591,10
12.9907999039,80.2303771973,70591,70601,10
12.9907798767,80.2301025391,70601,70611,10
12.9906997681,80.229598999,70611,70621,10
12.9904699326,80.2288284302,70621,70631,10
12.9902896881,80.2282333374,70631,70641,10
12.9901399612,80.2273712158,70641,70652,11
12.9900102615,80.2265014648,70652,70662,10
12.990070343,80.2258682251,70662,70672,10
12.9896297455,80.2251281738,70672,70682,10
12.9894504547,80.2243499756,70682,70692,10
12.9893798828,80.2237167358,70692,70702,10
12.988820076,80.2233963013,70702,70712,10
12.9882898331,80.2233963013,70712,70742,30
12.9882898331,80.2233963013,70742,70753,11
12.9883899689,80.2233505249,70753,70763,10
12.9889202118,80.2233963013,70763,70773,10
12.98939991,80.223739624,70773,70783,10
12.9894304276,80.2241897583,70783,70793,10
12.9895401001,80.224861145,70793,70803,10
12.9899101257,80.2255096436,70803,70813,10
12.9899902344,80.2263565063,70813,70823,10
12.9900903702,80.2269897461,70823,70833,10
12.9899597168,80.2277297974,70833,70843,10
12.989859581,80.2277984619,70843,70853,10
12.9895296097,80.2280197144,70853,70864,11
12.9888601303,80.2285995483,70864,70874,10
12.9885396957,80.2293930054,70874,70884,10
12.9883403778,80.2299118042,70884,70894,10
12.9882802963,80.2300872803,70894,70903,9
12.9882001877,80.2303924561,70903,70914,11
12.9878196716,80.2312927246,70914,70924,10
12.9875402451,80.2320632935,70924,70934,10
12.9874200821,80.233039856,70934,70944,10
12.9870595932,80.2333068848,70944,70954,10
12.9865102768,80.2333679199,70954,70965,11
12.9863595963,80.2333602905,70965,70975,10
12.9860496521,80.2337722778,70975,70985,10
12.9861097336,80.2343673706,70985,70995,10
12.9864597321,80.2353286743,70995,71015,20
12.9864597321,80.2353286743,71015,71025,10
12.986530304,80.2357635498,71025,71035,10
12.9865503311,80.2363204956,71035,71045,10
12.9865598679,80.2369995117,71045,71055,10
12.986579895,80.2376174927,71055,71066,11
12.9866104126,80.2386016846,71066,71076,10
12.9864797592,80.2386703491,71076,71096,20
12.9864797592,80.2386703491,71096,71106,10
12.986530304,80.23853302,71106,72096,990
12.986530304,80.23853302,72096,72106,10
12.9865999222,80.2382202148,72106,72116,10
12.986579895,80.2376022339,72116,72126,10
12.9865198135,80.2363433838,72126,72136,10
12.9865198135,80.2363433838,72136,72146,10
12.9864397049,80.2353363037,72146,72166,20
12.9864397049,80.2353363037,72166,72176,10
12.9863996506,80.2352371216,72176,72186,10
12.9861803055,80.2347183228,72186,72197,11
12.9860696793,80.2339630127,72197,72207,10
12.9860801697,80.2334899902,72207,72217,10
12.986749649,80.2333602905,72217,72227,10
12.986869812,80.2333602905,72227,72237,10
12.9873504639,80.2332305908,72237,72247,10
12.9874200821,80.2325363159,72247,72257,10
12.9876403809,80.2316436768,72257,72267,10
12.9881896973,80.2300491333,72267,72288,21
12.9881896973,80.2300491333,72288,72298,10
12.9883499146,80.2296981812,72298,72308,10
12.9885902405,80.2290725708,72308,72318,10
12.9889602661,80.2282867432,72318,72328,10
12.990070343,80.2276611328,72328,72348,20
12.990070343,80.2276611328,72348,72358,10
12.9901304245,80.2273864746,72358,72368,10
12.9900197983,80.2267837524,72368,72377,9
12.9899997711,80.2262573242,72377,72388,11
12.9897899628,80.225402832,72388,72399,11
12.9894800186,80.2245483398,72399,72409,10
12.9894304276,80.2238311768,72409,72419,10
12.9889602661,80.2234191895,72419,72428,9
12.9882898331,80.2233963013,72428,72500,72
12.9882898331,80.2233963013,72500,72510,10
12.9885797501,80.2233505249,72510,72520,10
12.9890804291,80.2234191895,72520,72530,10
12.9894199371,80.2239532471,72530,72540,10
12.9894800186,80.2246017456,72540,72550,10
12.9897403717,80.2252731323,72550,72560,10
12.9900398254,80.2260131836,72560,72570,10
12.9900197983,80.2266464233,72570,72580,10
12.9901504517,80.2274780273,72580,72590,10
12.9901695251,80.2276229858,72590,72601,11
12.9902000427,80.2279205322,72601,72611,10
12.9903898239,80.2285995483,72611,72621,10
12.9906301498,80.2293624878,72621,72631,10
12.9907903671,80.2301635742,72631,72640,9
12.9907999039,80.2303009033,72640,72650,10
12.9908304214,80.2308120728,72650,72661,11
12.9908704758,80.2314300537,72661,72671,10
12.9909200668,80.2321014404,72671,72681,10
12.9909496307,80.2323226929,72681,72691,10
12.9911699295,80.2329483032,72691,72702,11
12.9914598465,80.233543396,72702,72712,10
12.9919900894,80.2337417603,72712,72742,30
12.9919900894,80.2337417603,72742,72752,10
12.9923400879,80.2337799072,72752,72762,10
12.9929304123,80.2339172363,72762,72772,10
12.9934501648,80.2342224121,72772,72782,10
12.9938402176,80.2344970703,72782,72792,10
12.9940595627,80.2346496582,72792,72803,11
12.9947500229,80.2350311279,72803,72813,10
12.9954004288,80.235458374,72813,72823,10
12.995929718,80.2359466553,72823,72833,10
12.9961204529,80.2361907959,72833,72843,10
12.9964704514,80.2368621826,72843,72853,10
12.9968996048,80.2376174927,72853,72863,10
12.997300148,80.2382202148,72863,72873,10
12.9978504181,80.238861084,72873,72883,10
12.9983701706,80.2391433716,72883,72893,10
12.9986696243,80.2392272949,72893,72903,10
12.9989595413,80.2393035889,72903,72914,11
12.9997396469,80.2394790649,72914,72924,10
13.0007696152,80.239616394,72924,72934,10
13.0011796951,80.2396774292,72934,72944,10
13.0013504028,80.239730835,72944,72954,10
13.0019197464,80.2399291992,72954,72964,10
13.0025196075,80.2401275635,72964,72973,9
13.0032596588,80.2403793335,72973,72984,11
13.003780365,80.2412872314,72984,72994,10
13.0043697357,80.2419204712,72994,73004,10
13.005279541,80.2418823242,73004,73015,11
13.0059404373,80.2421264648,73015,73025,10
13.0056400299,80.2422637939,73025,73661,636
13.0056400299,80.2422637939,73661,73671,10
13.0055103302,80.2421798706,73671,73681,10
13.00522995,80.2419281006,73681,73691,10
13.0045900345,80.241897583,73691,73701,10
13.0039196014,80.2417221069,73701,73711,10
13.0036697388,80.2410812378,73711,73721,10
13.0032901764,80.2404327393,73721,73732,11
13.0024995804,80.2401428223,73732,73742,10
13.0024404526,80.2401275635,73742,73752,10
13.0022497177,80.2400665283,73752,73762,10
13.001660347,80.2398834229,73762,73772,10
13.0010204315,80.2397003174,73772,73782,10
13.0003795624,80.2396011353,73782,73792,10
12.9995298386,80.2394790649,73792,73802,10
12.9990901947,80.2393875122,73802,73812,10
12.9990501404,80.2393722534,73812,73822,10
12.9986000061,80.2392425537,73822,73833,11
12.9978199005,80.2389221191,73833,73843,10
12.9973802567,80.2384185791,73843,73853,10
12.9968795776,80.2376403809,73853,73863,10
12.9965801239,80.2370605469,73863,73873,10
12.9962997437,80.2364883423,73873,73883,10
12.996219635,80.2363967896,73883,73893,10
12.9961395264,80.2362594604,73893,73903,10
12.9957103729,80.2357406616,73903,73913,10
12.9951095581,80.2352905273,73913,73923,10
12.9945201874,80.2349472046,73923,73934,11
12.9938802719,80.2345504761,73934,73944,10
12.9937801361,80.2344436646,73944,73954,10
12.9933996201,80.2341537476,73954,73964,10
12.9928598404,80.2339096069,73964,73974,10
12.9917201996,80.2338180542,73974,73994,20
12.9917201996,80.2338180542,73994,74004,10
12.9914102554,80.2338409424,74004,74014,10
12.991230011,80.2332687378,74014,74024,10
12.991060257,80.2327270508,74024,74035,11
12.9909095764,80.2319793701,74035,74045,10
12.9908895493,80.2317886353,74045,74055,10
12.9908504486,80.2313766479,74055,74065,10
12.9908103943,80.2307510376,74065,74075,10
12.9907598495,80.2301101685,74075,74085,10
12.9907598495,80.2301025391,74085,74095,10
12.9906702042,80.229598999,74095,74105,10
12.9904603958,80.2288513184,74105,74115,10
12.9902696609,80.2282714844,74115,74125,10
12.9901399612,80.2275085449,74125,74136,11
12.9901199341,80.2273406982,74136,74146,10
12.9899997711,80.2266921997,74146,74156,10
12.9900398254,80.2260818481,74156,74166,10
12.9894504547,80.2244567871,74166,74176,10
12.9894504547,80.2244567871,74176,74186,10
12.9894304276,80.2238006592,74186,74196,10
12.9888896942,80.2234420776,74196,74206,10
12.9882698059,80.2234268188,74206,74236,30
12.9882698059,80.2234268188,74236,74247,11
12.9883403778,80.2233428955,74247,74257,10
12.9887895584,80.2233810425,74257,74267,10
12.9893398285,80.2237014771,74267,74276,9
12.9894104004,80.224281311,74276,74287,11
12.9895896912,80.2250213623,74287,74297,10
12.9900598526,80.2258834839,74297,74307,10
12.989979744,80.2265777588,74307,74317,10
12.9901103973,80.2273406982,74317,74327,10
12.9898500443,80.2277679443,74327,74337,10
12.9898395538,80.2277832031,74337,74347,10
12.9896097183,80.2279815674,74347,74358,11
12.9889602661,80.2284011841,74358,74368,10
12.9885797501,80.2292709351,74368,74378,10
12.9883203506,80.2299499512,74378,74388,10
12.9881401062,80.2303619385,74388,74398,10
12.9880599976,80.2305831909,74398,74407,9
12.9879102707,80.2309494019,74407,74417,10
12.987569809,80.2317810059,74417,74428,11
12.9874200821,80.2327194214,74428,74438,10
12.9873800278,80.233253479,74438,74449,11
12.9868001938,80.2333526611,74449,74459,10
12.9863500595,80.2333831787,74459,74469,10
12.9862203598,80.2333908081,74469,74479,10
12.9860401154,80.2339096069,74479,74489,10
12.9861097336,80.2345428467,74489,74499,10
12.9864501953,80.2353591919,74499,74529,30
12.9864501953,80.2353591919,74529,74539,10
12.9864902496,80.2357711792,74539,74550,11
12.9865198135,80.2364425659,74550,74560,10
12.9865398407,80.2369537354,74560,74570,10
12.9865598679,80.2375564575,74570,74580,10
12.9865903854,80.2384796143,74580,74590,10
12.9864797592,80.2385864258,74590,74772,182
12.9865198135,80.2385025024,74772,74873,101
12.9865102768,80.2384872437,74873,75428,555
12.9865503311,80.2383728027,75428,75438,10
12.9865503311,80.2383728027,75438,75448,10
12.9865703583,80.2381362915,75448,75458,10
12.9865503311,80.23777771,75458,75468,10
12.9865398407,80.2373199463,75468,75479,11
12.986530304,80.2368469238,75479,75489,10
12.9864997864,80.236366272,75489,75499,10
12.9864902496,80.2359008789,75499,75509,10
12.9864196777,80.2353897095,75509,75529,20
12.9864196777,80.2353897095,75529,75539,10
12.9863796234,80.2352600098,75539,75549,10
12.9861698151,80.2348022461,75549,75559,10
12.9860401154,80.2341384888,75559,75569,10
12.9860095978,80.2335128784,75569,75610,41
12.9860095978,80.2335128784,75610,75620,10
12.9861602783,80.2333221436,75620,75630,10
12.9866104126,80.2332992554,75630,75649,19
12.9866104126,80.2332992554,75649,75660,11
12.9867401123,80.233291626,75660,75670,10
12.9871501923,80.2332763672,75670,75681,11
12.9873600006,80.2329483032,75681,75690,9
12.9874095917,80.2325134277,75690,75701,11
12.9875497818,80.2318191528,75701,75711,10
12.9877901077,80.2312393188,75711,75721,10
12.9880504608,80.2305831909,75721,75731,10
12.9882202148,80.2300720215,75731,75741,10
12.9882202148,80.2300796509,75741,75751,10
12.9883003235,80.2298812866,75751,75761,10
12.9884500504,80.2294769287,75761,75771,10
12.9886798859,80.2288208008,75771,75782,11
12.9891195297,80.2282104492,75782,75792,10
12.9899997711,80.2276763916,75792,75812,20
12.9899997711,80.2276763916,75812,75821,9
12.9901103973,80.2273712158,75821,75832,11
12.9900102615,80.2269363403,75832,75842,10
12.9899597168,80.2263336182,75842,75852,10
12.9899396896,80.225692749,75852,75862,10
12.9895896912,80.2250518799,75862,75872,10
12.9894504547,80.2244110107,75872,75883,11
12.98939991,80.223739624,75883,75893,10
12.988940239,80.2233963013,75893,75903,10
12.9883203506,80.2234573364,75903,75953,50
12.9883203506,80.2234573364,75953,75963,10
12.9883203506,80.2233200073,75963,75973,10
12.9885196686,80.2233200073,75973,75982,9
12.9889202118,80.2233428955,75982,75994,12
12.9893703461,80.2237701416,75994,76004,10
12.9894199371,80.2244110107,76004,76014,10
12.9896202087,80.2250595093,76014,76024,10
12.989979744,80.2256774902,76024,76034,10
12.9899396896,80.2263793945,76034,76044,10
12.9900598526,80.2270812988,76044,76054,10
12.9901599884,80.2275619507,76054,76064,10
12.9902296066,80.2279205322,76064,76074,10
12.9904499054,80.2286605835,76074,76084,10
12.9905996323,80.2292098999,76084,76095,11
12.9907999039,80.2300720215,76095,76105,10
12.9908103943,80.2302398682,76105,76115,10
12.9908304214,80.2306518555,76115,76125,10
12.9908599854,80.2311630249,76125,76135,10
12.9909000397,80.2317962646,76135,76145,10
12.9909296036,80.2321014404,76145,76155,10
12.9909696579,80.2323303223,76155,76165,10
12.9911203384,80.2328796387,76165,76175,10
12.9913301468,80.2333984375,76175,76185,10
12.9919996262,80.2337036133,76185,76206,21
12.9919996262,80.2337036133,76206,76216,10
12.9920501709,80.2337188721,76216,76226,10
12.992480278,80.2337722778,76226,76236,10
12.9929800034,80.2339096069,76236,76246,10
12.9933099747,80.234046936,76246,76256,10
12.9938201904,80.2344207764,76256,76275,19
12.9938201904,80.2344207764,76275,76286,11
12.9942598343,80.234703064,76286,76297,11
12.994890213,80.2350616455,76297,76307,10
12.9954099655,80.2353973389,76307,76317,10
12.9959201813,80.2359008789,76317,76327,10
12.9959897995,80.2359771729,76327,76337,10
12.9960603714,80.2360916138,76337,76347,10
12.9963703156,80.2366333008,76347,76357,10
12.9966897964,80.2372512817,76357,76366,9
12.9969501495,80.237701416,76366,76377,11
12.997300148,80.2382507324,76377,76387,10
12.997759819,80.2387771606,76387,76398,11
12.9982299805,80.2390289307,76398,76408,10
12.9986600876,80.2391662598,76408,76418,10
12.9986600876,80.2391815186,76418,76428,10
12.9987602234,80.2392272949,76428,76438,10
12.9991102219,80.2393188477,76438,76448,10
12.9996299744,80.2394332886,76448,76458,10
13.0002498627,80.2395095825,76458,76468,10
13.0009498596,80.239616394,76468,76478,10
13.0014200211,80.239730835,76478,76488,10
13.0020999908,80.2399368286,76488,76498,10
13.0024995804,80.2400588989,76498,76509,11
13.0025100708,80.2400665283,76509,76519,10
13.002699852,80.2401275635,76519,76529,10
13.0032901764,80.2403182983,76529,76539,10
13.0036697388,80.2409591675,76539,76549,10
13.0040502548,80.2417221069,76549,76558,9
13.0047502518,80.2418518066,76558,76569,11
13.0056295395,80.2418365479,76569,76579,10
13.0059404373,80.2421417236,76579,76589,10
13.0055999756,80.2421875,76589,77185,596
13.0055999756,80.2421875,77185,77195,10
13.0054101944,80.2420730591,77195,77205,10
13.0051498413,80.241859436,77205,77215,10
13.004650116,80.241859436,77215,77226,11
13.0040597916,80.2417602539,77226,77236,10
13.003780365,80.2412109375,77236,77246,10
13.003490448,80.240562439,77246,77256,10
13.0029401779,80.2402267456,77256,77266,10
13.0023899078,80.2400283813,77266,77275,9
13.0019798279,80.2398910522,77275,77286,11
13.0011396408,80.2396774292,77286,77296,10
13.0004997253,80.2395935059,77296,77306,10
12.9991798401,80.2393493652,77306,77337,31
12.9991798401,80.2393493652,77337,77347,10
12.9989595413,80.2392807007,77347,77357,10
12.9982404709,80.2390518188,77357,77367,10
12.997710228,80.2386932373,77367,77376,9
12.9972600937,80.2380828857,77376,77387,11
12.9968395233,80.2374267578,77387,77397,10
12.9963302612,80.2364578247,77397,77407,10
12.9957399368,80.2356491089,77407,77417,10
12.9951496124,80.2352218628,77417,77428,11
12.9945001602,80.2347869873,77428,77438,10
12.9939002991,80.2344970703,77438,77448,10
12.9938402176,80.2344970703,77448,77458,10
12.9935798645,80.2342681885,77458,77468,10
12.9931001663,80.2340011597,77468,77478,10
12.9924201965,80.2338180542,77478,77488,10
12.9918003082,80.2338104248,77488,77508,20
12.9918003082,80.2338104248,77508,77518,10
12.9916601181,80.2338180542,77518,77529,11
12.9914102554,80.2338027954,77529,77539,10
12.991230011,80.2332077026,77539,77549,10
12.9910497665,80.2326202393,77549,77559,10
12.9909200668,80.2318267822,77559,77569,10
12.990819931,80.2311019897,77569,77579,10
12.9907903671,80.23046875,77579,77589,10
12.990650177,80.2294616699,77589,77599,10
12.9904403687,80.2287063599,77599,77609,10
12.9902200699,80.2280578613,77609,77619,10
12.9901199341,80.2274093628,77619,77629,10
12.9900197983,80.2265167236,77629,77640,11
12.9900197983,80.2265167236,77640,77650,10
12.990070343,80.2259292603,77650,77660,10
12.9896602631,80.2251205444,77660,77670,10
12.9894695282,80.2244262695,77670,77680,10
12.9894104004,80.2237091064,77680,77690,10
12.9889297485,80.2233581543,77690,77700,10
12.988409996,80.2235794067,77700,77730,30
12.988409996,80.2235794067,77730,77741,11
