12.9977197647,80.2567214966,12,164,152
12.9977197647,80.2567214966,164,174,10
12.9976997375,80.2569732666,174,517,343
12.9976997375,80.2569732666,517,527,10
12.9975996017,80.2571487427,527,538,11
12.9972200394,80.2571716309,538,2193,1655
12.9972200394,80.2571716309,2193,2204,11
12.9972896576,80.2568435669,2204,2224,20
12.9972896576,80.2568435669,2224,2234,10
12.9973402023,80.256942749,2234,2244,10
12.9974803925,80.2570114136,2244,2254,10
12.997710228,80.2570724487,2254,2264,10
12.9981002808,80.2571105957,2264,2284,20
12.9981002808,80.2571105957,2284,2294,10
12.9982500076,80.2571105957,2294,2304,10
12.9983596802,80.2569503784,2304,2315,11
12.998339653,80.256729126,2315,2325,10
12.998339653,80.2564620972,2325,2335,10
12.9982204437,80.2563705444,2335,21262,18927
12.9982204437,80.2563705444,21262,21272,10
12.9982004166,80.256477356,21272,21282,10
12.9979000092,80.2564086914,21282,21292,10
12.9977502823,80.2562789917,21292,21302,10
12.9976902008,80.256111145,21302,21312,10
12.9974803925,80.2559967041,21312,25433,4121
12.9974803925,80.2559967041,25433,25443,10
12.9973897934,80.2559967041,25443,25453,10
12.9968996048,80.2559432983,25453,25463,10
12.9963302612,80.2559127808,25463,25473,10
12.9957199097,80.2559127808,25473,25483,10
12.9951601028,80.2559432983,25483,25493,10
12.9944200516,80.2559661865,25493,25503,10
12.9936103821,80.2560195923,25503,25513,10
12.992600441,80.256072998,25513,25523,10
12.991519928,80.256072998,25523,25533,10
12.9905595779,80.2560119629,25533,25544,11
12.9896602631,80.2560119629,25544,25554,10
12.988530159,80.2558822632,25554,25594,40
12.988530159,80.2558822632,25594,25604,10
12.9884500504,80.2558822632,25604,25614,10
12.9878196716,80.255821228,25614,25723,109
12.9878196716,80.255821228,25723,25733,10
12.9876403809,80.2558288574,25733,25744,11
12.9869604111,80.2556915283,25744,25754,10
12.9860401154,80.2555236816,25754,25764,10
12.985039711,80.2552871704,25764,25774,10
12.9840297699,80.2550582886,25774,25784,10
12.9831895828,80.2547988892,25784,25794,10
12.9825000763,80.2545928955,25794,25804,10
12.9820203781,80.2541122437,25804,25814,10
12.9818096161,80.2533187866,25814,25824,10
12.9813299179,80.2527999878,25824,25834,10
12.9806098938,80.2527923584,25834,25845,11
12.9797096252,80.2527389526,25845,25855,10
12.9787302017,80.2525787354,25855,25865,10
12.9780197144,80.2521209717,25865,25875,10
12.9771604538,80.2514419556,25875,25885,10
12.9759902954,80.2510604858,25885,25895,10
12.9747200012,80.2506866455,25895,25905,10
12.9734601974,80.250328064,25905,25915,10
12.9721002579,80.2499694824,25915,25925,10
12.9708003998,80.2496414185,25925,25935,10
12.9694404602,80.2491378784,25935,25945,10
12.9680995941,80.2486190796,25945,25956,11
12.9668703079,80.2480926514,25956,25966,10
12.965959549,80.2476501465,25966,25976,10
12.9650602341,80.2473678589,25976,25986,10
12.9648799896,80.2472991943,25986,25996,10
12.9642400742,80.2470626831,25996,26006,10
12.9633903503,80.2466812134,26006,26016,10
12.9622802734,80.2461090088,26016,26026,10
12.9610204697,80.2455062866,26026,26036,10
12.9599199295,80.2449798584,26036,26046,10
12.9591903687,80.2446594238,26046,26057,11
12.958439827,80.2443237305,26057,26067,10
12.9577999115,80.2440719604,26067,26077,10
12.957110405,80.2437820435,26077,26087,10
12.9565696716,80.243560791,26087,26127,40
12.9565696716,80.243560791,26127,26137,10
12.9563503265,80.2435302734,26137,26147,10
12.9557600021,80.2432785034,26147,26158,11
12.9547796249,80.2428894043,26158,26168,10
12.9537200928,80.2424621582,26168,26178,10
12.9526700974,80.2420425415,26178,26188,10
12.9520797729,80.2417984009,26188,26198,10
12.951669693,80.2416381836,26198,26208,10
12.9514799118,80.2415771484,26208,26218,10
12.9509801865,80.2413864136,26218,26228,10
12.9501495361,80.2411422729,26228,26238,10
12.9492397308,80.2408828735,26238,26248,10
12.9484395981,80.2405471802,26248,26259,11
12.9474802017,80.2401428223,26259,26269,10
12.9469203949,80.2399291992,26269,26279,10
12.9462299347,80.2396316528,26279,26289,10
12.9454298019,80.2392425537,26289,26299,10
12.9446401596,80.2385025024,26299,26309,10
12.9437799454,80.2375717163,26309,26319,10
12.9432001114,80.2370300293,26319,26329,10
12.9430198669,80.2368927002,26329,26339,10
12.9423398972,80.2365112305,26339,26349,10
12.9412498474,80.2362136841,26349,26360,11
12.9400396347,80.2358703613,26360,26370,10
12.9390897751,80.2354431152,26370,26380,10
12.938079834,80.2349472046,26380,26390,10
12.9370203018,80.2344207764,26390,26400,10
12.9362697601,80.2340698242,26400,26410,10
12.9360198975,80.2339630127,26410,26420,10
12.935549736,80.2337417603,26420,26430,10
12.9348201752,80.2334136963,26430,26440,10
12.9341201782,80.2330780029,26440,26450,10
12.9339399338,80.2330093384,26450,26460,10
12.9337596893,80.2329330444,26460,26471,11
12.9334602356,80.2327728271,26471,26481,10
12.9327802658,80.2324829102,26481,26491,10
12.9317598343,80.2321166992,26491,26501,10
12.9305095673,80.2317581177,26501,26511,10
12.929309845,80.2314682007,26511,26521,10
12.9285297394,80.2313232422,26521,26531,10
12.927479744,80.2311630249,26531,26541,10
12.9263401031,80.2310333252,26541,26551,10
12.9252700806,80.2308807373,26551,26561,10
12.9240598679,80.2307510376,26561,26572,11
12.9225997925,80.2305679321,26572,26588,16
12.9202899933,80.2302474976,26588,26600,12
12.9197397232,80.2302017212,26600,26610,10
12.9194297791,80.2301635742,26610,26620,10
12.918589592,80.2300415039,26620,26629,9
12.9177103043,80.2299118042,26629,26641,12
12.9164304733,80.2297363281,26641,26651,10
12.9152498245,80.2295684814,26651,26661,10
12.9140796661,80.2294006348,26661,26672,11
12.9134302139,80.2293395996,26672,26682,10
12.9132699966,80.2293167114,26682,26692,10
12.9126796722,80.2292175293,26692,26702,10
12.9122400284,80.2291412354,26702,26711,9
12.9115495682,80.2290420532,26711,26722,11
12.9104995728,80.2288894653,26722,26732,10
12.9093503952,80.2287063599,26732,26742,10
12.9081602097,80.2285079956,26742,26752,10
12.9070196152,80.2283630371,26752,26793,41
12.9070196152,80.2283630371,26793,26803,10
12.9070100784,80.2283477783,26803,26813,10
12.9067201614,80.2283172607,26813,26823,10
12.9061403275,80.228302002,26823,26833,10
12.9060096741,80.2282714844,26833,26843,10
12.9055995941,80.2282562256,26843,26853,10
12.904800415,80.2282028198,26853,26863,10
12.9038600922,80.2281417847,26863,26873,10
12.9027996063,80.2280883789,26873,26883,10
12.9020395279,80.2280807495,26883,26944,61
12.9020395279,80.2280807495,26944,26954,10
12.9016399384,80.2279891968,26954,26964,10
12.9012203217,80.2279891968,26964,26974,10
12.9008197784,80.2279510498,26974,26985,11
12.9006204605,80.2279205322,26985,26995,10
12.9001502991,80.2278823853,26995,27005,10
12.8993396759,80.2278900146,27005,27025,20
12.8993396759,80.2278900146,27025,27035,10
12.8992595673,80.227897644,27035,27045,10
12.8987503052,80.227897644,27045,27055,10
12.8979196548,80.2278137207,27055,27065,10
12.8968400955,80.2277374268,27065,27075,10
12.8956298828,80.2276916504,27075,27086,11
12.8942604065,80.2276306152,27086,27096,10
12.8930702209,80.2275085449,27096,27106,10
12.8926200867,80.2274475098,27106,27116,10
12.8923397064,80.2274169922,27116,27126,10
12.8917102814,80.2274017334,27126,27136,10
12.8907604218,80.2273864746,27136,27146,10
12.8896398544,80.2273864746,27146,27156,10
12.8884401321,80.2273788452,27156,27166,10
12.8871002197,80.2272186279,27166,27176,10
12.885720253,80.226890564,27176,27187,11
12.8848400116,80.2267608643,27187,27197,10
12.8847103119,80.2267303467,27197,27207,10
12.8846797943,80.2267227173,27207,27217,10
12.8842496872,80.2267227173,27217,27227,10
12.8834495544,80.2267379761,27227,27237,10
12.8824796677,80.2267608643,27237,27247,10
12.8813695908,80.2267608643,27247,27257,10
12.8801202774,80.2267684937,27257,27267,10
12.8788099289,80.2267913818,27267,27277,10
12.8775997162,80.2268829346,27277,27288,11
12.8768997192,80.2269363403,27288,27298,10
12.8766098022,80.2269897461,27298,27308,10
12.8764095306,80.2266769409,27308,27318,10
12.8764200211,80.2265319824,27318,27328,10
12.8764400482,80.2263412476,27328,27338,10
12.8765201569,80.2256469727,27338,27348,10
12.8766098022,80.2248382568,27348,27358,10
12.8766403198,80.2246704102,27358,27368,10
12.8766803741,80.2244033813,27368,27378,10
12.8767995834,80.2237091064,27378,27389,11
12.8770503998,80.2226028442,27389,27399,10
12.8773403168,80.2213363647,27399,27409,10
12.8776702881,80.2199707031,27409,27419,10
12.877989769,80.218536377,27419,27429,10
12.878279686,80.2170791626,27429,27439,10
12.8785896301,80.2156219482,27439,27449,10
12.8788995743,80.2141418457,27449,27459,10
12.8791704178,80.2126922607,27459,27469,10
12.8794202805,80.2113418579,27469,27479,10
12.8793697357,80.2110214233,27479,27489,10
12.8789997101,80.2109222412,27489,27500,11
12.8783397675,80.2108230591,27500,27510,10
12.8774595261,80.2106399536,27510,27520,10
12.8766202927,80.2104797363,27520,27530,10
12.8759202957,80.2103500366,27530,27540,10
12.875120163,80.2102127075,27540,27550,10
12.8743495941,80.2098999023,27550,27570,20
12.8743495941,80.2098999023,27570,27580,10
12.8743600845,80.2098312378,27580,27590,10
12.8747396469,80.2098312378,27590,27671,81
12.8747396469,80.2098312378,27671,27681,10
12.8747196198,80.2101516724,27681,27691,10
12.8752403259,80.2102432251,27691,27702,11
12.8760995865,80.2104034424,27702,27712,10
12.8767900467,80.2105331421,27712,27722,10
12.8776102066,80.2107009888,27722,27732,10
12.8786401749,80.2108688354,27732,27742,10
12.879360199,80.2110214233,27742,27762,20
12.879360199,80.2110214233,27762,27772,10
12.8795003891,80.2110900879,27772,27782,10
12.8794603348,80.2115783691,27782,27792,10
12.8793201447,80.2123413086,27792,27803,11
12.879119873,80.2133865356,27803,27813,10
12.8789100647,80.2145462036,27813,27823,10
12.8786497116,80.2157669067,27823,27833,10
12.8784103394,80.2168426514,27833,27843,10
12.8782196045,80.2179412842,27843,27853,10
12.8780498505,80.2187728882,27853,28146,293
12.8780498505,80.2187728882,28146,28156,10
12.8780298233,80.2188034058,28156,28166,10
12.8779401779,80.2191772461,28166,28176,10
12.877790451,80.2197875977,28176,28186,10
12.8776397705,80.220489502,28186,28196,10
12.8774404526,80.2213363647,28196,28206,10
12.8772201538,80.2222976685,28206,28217,11
12.8769798279,80.2233963013,28217,28227,10
12.8767700195,80.2244033813,28227,28237,10
12.8766403198,80.2254562378,28237,28247,10
12.8764801025,80.2267913818,28247,28267,20
12.8764801025,80.2267913818,28267,28277,10
12.8764896393,80.2268600464,28277,28287,10
12.8766202927,80.2269363403,28287,28297,10
12.8769903183,80.226890564,28297,28307,10
12.8776197433,80.2268371582,28307,28317,10
12.8783302307,80.2267913818,28317,28327,10
12.8791303635,80.2267303467,28327,28338,11
12.8801803589,80.2266998291,28338,28348,10
12.8812999725,80.2266693115,28348,28358,10
12.8824100494,80.2266464233,28358,28368,10
12.8835697174,80.2266387939,28368,28378,10
12.8846998215,80.2266235352,28378,28388,10
12.8853597641,80.2266464233,28388,28398,10
12.8853702545,80.2266464233,28398,28408,10
12.8856601715,80.2267227173,28408,28418,10
12.8862600327,80.2268829346,28418,28429,11
12.8872003555,80.2271194458,28429,28439,10
12.8885498047,80.2272567749,28439,28459,20
12.8885498047,80.2272567749,28459,28469,10
12.8889598846,80.2272796631,28469,28479,10
12.8896999359,80.2272872925,28479,28489,10
12.8906402588,80.2272872925,28489,28499,10
12.8917198181,80.2272796631,28499,28509,10
12.8926496506,80.2273330688,28509,28519,10
12.8936700821,80.2274475098,28519,28530,11
12.8941802979,80.2275009155,28530,28540,10
12.8942203522,80.2275009155,28540,28550,10
12.8946695328,80.2275390625,28550,28560,10
12.8954496384,80.2275772095,28560,28570,10
12.8964595795,80.2276229858,28570,28580,10
12.8976402283,80.2276916504,28580,28590,10
12.8987998962,80.2277374268,28590,28600,10
12.899720192,80.2277908325,28600,28610,10
12.9004898071,80.2277984619,28610,28620,10
12.9010295868,80.2278594971,28620,28631,11
12.9015102386,80.2279205322,28631,28641,10
12.9021100998,80.2279510498,28641,28651,10
12.9029397964,80.2279586792,28651,28671,20
12.9029397964,80.2279586792,28671,28681,10
12.9030704498,80.2279510498,28681,28691,10
12.9036302567,80.2279968262,28691,28701,10
12.9044599533,80.2280578613,28701,28711,10
12.9054498672,80.2281112671,28711,28721,10
12.9063396454,80.2281799316,28721,28732,11
12.9065599442,80.2282104492,28732,28742,10
12.9066095352,80.2282180786,28742,28752,10
12.90666008,80.2282333374,28752,28762,10
12.9072704315,80.2282562256,28762,28782,20
12.9072704315,80.2282562256,28782,28792,10
12.9075098038,80.2282867432,28792,28802,10
12.9081497192,80.2284011841,28802,28812,10
12.9090299606,80.228553772,28812,28822,10
12.9100599289,80.2287063599,28822,28833,11
12.9111995697,80.2288894653,28833,28843,10
12.9121904373,80.229057312,28843,28853,10
12.9132604599,80.2291870117,28853,28863,10
12.9139499664,80.2292633057,28863,28873,10
12.9139604568,80.2292633057,28873,28883,10
12.9141397476,80.2293014526,28883,28893,10
12.9147195816,80.2293701172,28893,28903,10
12.9155502319,80.2294921875,28903,28913,10
12.916560173,80.229637146,28913,28923,10
12.9175596237,80.2297668457,28923,28933,10
12.9186601639,80.229927063,28933,28944,11
12.9196300507,80.2300186157,28944,28954,10
12.9197301865,80.2300262451,28954,28964,10
12.9197502136,80.2300415039,28964,28974,10
12.9201898575,80.2301101685,28974,28984,10
12.9209499359,80.23021698,28984,28994,10
12.9219198227,80.2303466797,28994,29004,10
12.9230899811,80.2305374146,29004,29014,10
12.9243202209,80.2307128906,29014,29024,10
12.9254598618,80.2308425903,29024,29034,10
12.9262504578,80.2309036255,29034,29045,11
12.9263000488,80.2309036255,29045,29055,10
12.9263601303,80.2309188843,29055,29065,10
12.9268398285,80.2309799194,29065,29075,10
12.9276103973,80.2310791016,29075,29085,10
12.9285497665,80.2312088013,29085,29095,10
12.9296197891,80.2314224243,29095,29105,10
12.9307403564,80.2317276001,29105,29115,10
12.9319000244,80.232093811,29115,29125,10
12.9327802658,80.232383728,29125,29135,10
12.9332399368,80.2325592041,29135,29146,11
12.9335098267,80.2326812744,29146,29156,10
12.9335203171,80.2326812744,29156,29166,10
12.9338903427,80.2328491211,29166,29176,10
12.9345598221,80.2331390381,29176,29186,10
12.9355802536,80.2335891724,29186,29206,20
12.9355802536,80.2335891724,29206,29216,10
12.9358997345,80.2337417603,29216,29226,10
12.9364595413,80.2340393066,29226,29236,10
12.9371995926,80.2343978882,29236,29246,10
12.9380598068,80.2348403931,29246,29257,11
12.939040184,80.2353286743,29257,29267,10
12.9399204254,80.2357406616,29267,29287,20
12.9399204254,80.2357406616,29287,29297,10
12.9402198792,80.2358398438,29297,29307,10
12.9408102036,80.236000061,29307,29317,10
12.9415903091,80.2361831665,29317,29327,10
12.9424600601,80.2364425659,29327,29337,10
12.94328022,80.2369232178,29337,29353,16
12.9438896179,80.2374801636,29353,29366,13
12.9440202713,80.2376785278,29366,29376,10
12.9444303513,80.2381591797,29376,29386,10
12.945019722,80.2387924194,29386,29396,10
12.9458799362,80.2394104004,29396,29406,10
12.9472999573,80.2399673462,29406,29426,20
12.9472999573,80.2399673462,29426,29436,10
12.9473800659,80.2399978638,29436,29446,10
12.9478502274,80.240196228,29446,29456,10
12.9483604431,80.2404174805,29456,29467,11
12.9487800598,80.2405929565,29467,29477,10
12.9491901398,80.2407684326,29477,29487,10
12.9495201111,80.2408905029,29487,29497,10
12.9500904083,80.2410583496,29497,29507,10
12.9509401321,80.2412796021,29507,29527,20
12.9509401321,80.2412796021,29527,29537,10
12.9510402679,80.2413101196,29537,29547,10
12.9515104294,80.2414932251,29547,29557,10
12.9522199631,80.2417526245,29557,29568,11
12.9531602859,80.2421112061,29568,29578,10
12.9539804459,80.24243927,29578,29588,10
12.9547595978,80.242767334,29588,29598,10
12.9555101395,80.243057251,29598,29608,10
12.9562597275,80.243347168,29608,29618,10
12.9563999176,80.2433929443,29618,29628,10
12.9568796158,80.243598938,29628,29638,10
12.9575395584,80.243888855,29638,29648,10
12.9579401016,80.2440795898,29648,29658,10
12.9588603973,80.2444000244,29658,29679,21
12.9588603973,80.2444000244,29679,29689,10
12.9591197968,80.2445297241,29689,29699,10
12.959690094,80.2448120117,29699,29709,10
12.9603996277,80.2451171875,29709,29719,10
12.9614095688,80.2455978394,29719,29729,10
12.9623804092,80.2460784912,29729,29739,10
12.9633302689,80.2465362549,29739,29749,10
12.9642095566,80.2469482422,29749,29759,10
12.965180397,80.2473068237,29759,29769,10
12.9660797119,80.2476119995,29769,29779,10
12.9665699005,80.2477874756,29779,29810,31
12.9665699005,80.2477874756,29810,29820,10
12.9668102264,80.2479171753,29820,29830,10
12.967300415,80.2481689453,29830,29840,10
12.9680404663,80.2484817505,29840,29850,10
12.9689702988,80.2488632202,29850,29860,10
12.970000267,80.2492675781,29860,29870,10
12.9710798264,80.2496414185,29870,29881,11
12.9721899033,80.2499313354,29881,29891,10
12.9730701447,80.2501602173,29891,29901,10
12.9739904404,80.2503890991,29901,29911,10
12.9742803574,80.2504577637,29911,29921,10
12.9743404388,80.2504806519,29921,29931,10
12.9743900299,80.2504882813,29931,29941,10
12.9747600555,80.2506027222,29941,29951,10
12.9754400253,80.2508163452,29951,29961,10
12.9763202667,80.2510681152,29961,29971,10
12.9772996902,80.251411438,29971,29982,11
12.978219986,80.252166748,29982,29992,10
12.9791402817,80.252571106,29992,30002,10
12.9799003601,80.2525024414,30002,30032,30
12.9799003601,80.2525024414,30032,30042,10
12.9799900055,80.2523880005,30042,30052,10
12.9800596237,80.251953125,30052,30062,10
12.9802398682,80.2514038086,30062,30079,17
12.9805202484,80.2503967285,30079,30091,12
12.9807300568,80.2493667603,30091,30101,10
12.9807901382,80.2485198975,30101,30111,10
12.9808998108,80.2470626831,30111,30121,10
12.9810199738,80.2458572388,30121,30130,9
12.9811096191,80.2451629639,30130,30141,11
12.9811601639,80.2446517944,30141,30212,71
12.9811601639,80.2446517944,30212,30222,10
12.981180191,80.2445831299,30222,30313,91
12.9812097549,80.2441864014,30313,30383,70
12.9812097549,80.2441864014,30383,30394,11
12.9812297821,80.243812561,30394,30404,10
12.9813098907,80.2436523438,30404,30414,10
12.9813604355,80.2433166504,30414,30424,10
12.9813098907,80.2431411743,30424,30434,10
12.9813804626,80.2427520752,30434,30454,20
12.9813804626,80.2427520752,30454,30464,10
12.9813899994,80.2425537109,30464,30474,10
12.9813604355,80.2419891357,30474,30484,10
12.9813604355,80.2411804199,30484,30494,10
12.9813499451,80.2403335571,30494,30505,11
12.9813404083,80.239730835,30505,30515,10
12.9813203812,80.2394485474,30515,30525,10
12.981300354,80.238899231,30525,30535,10
12.9812803268,80.2379226685,30535,30565,30
12.9812803268,80.2379226685,30565,30575,10
12.9812602997,80.2377471924,30575,30585,10
12.9812402725,80.2372283936,30585,30595,10
12.9812202454,80.2364730835,30595,30606,11
12.9812002182,80.2358016968,30606,30616,10
12.9811897278,80.2350997925,30616,30626,10
12.9812002182,80.2343597412,30626,30636,10
12.9814796448,80.2336425781,30636,30646,10
12.9816999435,80.2331924438,30646,30666,20
12.9816999435,80.2331924438,30666,30676,10
12.9817399979,80.2331314087,30676,30686,10
12.981880188,80.2328109741,30686,30696,10
12.982000351,80.2323303223,30696,30706,10
12.9819898605,80.2318725586,30706,30723,17
12.9818201065,80.231010437,30723,30735,12
12.9815502167,80.2304229736,30735,30745,10
12.9812498093,80.2299499512,30745,30755,10
12.980890274,80.2294006348,30755,30765,10
12.9806804657,80.2290725708,30765,30774,9
12.980509758,80.2287826538,30774,30785,11
12.9804601669,80.2287216187,30785,30795,10
12.980389595,80.2285919189,30795,30805,10
12.9802799225,80.2282867432,30805,30817,12
12.9799499512,80.2277526855,30817,30827,10
12.9795398712,80.2270889282,30827,30837,10
12.9792003632,80.2265319824,30837,30847,10
12.9788703918,80.2259902954,30847,30857,10
12.9784803391,80.2253265381,30857,30867,10
12.9781503677,80.2248001099,30867,30877,10
12.9777498245,80.224281311,30877,30907,30
12.9777498245,80.224281311,30907,30918,11
12.9776201248,80.2240371704,30918,30928,10
12.9773197174,80.2235565186,30928,30938,10
12.9769697189,80.2229690552,30938,30948,10
12.9772901535,80.2227020264,30948,30968,20
12.9772901535,80.2227020264,30968,30978,10
12.9773702621,80.22265625,30978,30988,10
12.9775495529,80.2224884033,30988,30998,10
12.9774999619,80.2220077515,30998,31008,10
12.9774799347,80.2214202881,31008,31019,11
12.9776496887,80.2212371826,31019,31029,10
12.9780597687,80.2211837769,31029,31039,10
12.9786901474,80.2211303711,31039,31049,10
12.9794101715,80.2210769653,31049,31059,10
12.980219841,80.2210388184,31059,31069,10
12.9809703827,80.220993042,31069,31079,10
12.9814996719,80.221206665,31079,31089,10
12.9819002151,80.221496582,31089,31099,10
12.9824399948,80.2217636108,31099,31109,10
12.9829397202,80.2219390869,31109,31119,10
12.9829998016,80.2219696045,31119,31130,11
12.9831199646,80.222038269,31130,31140,10
12.9834604263,80.2222671509,31140,31150,10
12.9839496613,80.2225799561,31150,31160,10
12.9845695496,80.2229385376,31160,31170,10
12.9850597382,80.223197937,31170,31180,10
12.9855804443,80.22315979,31180,31190,10
12.9860897064,80.2229614258,31190,31200,10
12.9865198135,80.2229385376,31200,31210,10
12.986530304,80.2229385376,31210,31220,10
12.986869812,80.2229614258,31220,31231,11
12.9874000549,80.2230377197,31231,31241,10
12.9880399704,80.2228622437,31241,31251,10
12.9886598587,80.2223205566,31251,31261,10
12.9891300201,80.2218017578,31261,31271,10
12.9895401001,80.2212600708,31271,31281,10
12.99036026,80.2203979492,31281,31301,20
12.99036026,80.2203979492,31301,31311,10
12.9904499054,80.2203292847,31311,31321,10
12.9904699326,80.2203292847,31321,31331,10
12.9907798767,80.2201004028,31331,31342,11
12.9912996292,80.2196807861,31342,31352,10
12.9916400909,80.2194366455,31352,31362,10
12.9921398163,80.2190704346,31362,31372,10
12.9928398132,80.2185668945,31372,31382,10
12.9935398102,80.2180099487,31382,31422,40
12.9935398102,80.2180099487,31422,31432,10
12.9939498901,80.2177734375,31432,31443,11
12.9941301346,80.2176437378,31443,31452,9
12.9941396713,80.217628479,31452,31462,10
12.9942398071,80.2175521851,31462,31473,11
12.9944601059,80.2173995972,31473,31483,10
12.9945297241,80.217338562,31483,31493,10
12.9948101044,80.2171173096,31493,31503,10
12.9950304031,80.2169799805,31503,31513,10
12.9953804016,80.216758728,31513,31554,41
12.9957504272,80.2166595459,31554,31594,40
12.9957504272,80.2166595459,31594,31604,10
12.9961595535,80.2165679932,31604,31614,10
12.9963302612,80.2165298462,31614,31665,51
12.9963302612,80.2165298462,31665,31675,10
12.996720314,80.2164916992,31675,31685,10
12.996919632,80.216468811,31685,31695,10
12.9972200394,80.2164230347,31695,31705,10
12.9974803925,80.216178894,31705,31776,71
12.9974803925,80.216178894,31776,31786,10
12.9977502823,80.2159576416,31786,31796,10
12.998049736,80.2156982422,31796,31806,10
12.9984903336,80.2153167725,31806,31816,10
12.9989204407,80.2149429321,31816,31826,10
12.9991998672,80.2146911621,31826,31836,10
12.9995098114,80.2144012451,31836,31846,10
12.9999303818,80.2140426636,31846,31857,11
13.0003995895,80.2136230469,31857,31867,10
13.0008802414,80.2132034302,31867,31877,10
13.0014095306,80.2128067017,31877,31887,10
13.0019598007,80.2124099731,31887,31897,10
13.0023002625,80.2121963501,31897,31907,10
13.0027198792,80.2120819092,31907,31917,10
13.0036096573,80.2119827271,31917,31947,30
13.0036096573,80.2119827271,31947,31957,10
13.0037403107,80.2119216919,31957,31968,11
13.0037202835,80.2115020752,31968,31978,10
13.0036897659,80.2109222412,31978,31988,10
13.0036201477,80.210319519,31988,31998,10
13.003569603,80.2098007202,31998,32008,10
13.0036201477,80.2092590332,32008,32018,10
13.0038204193,80.208656311,32018,32028,10
13.0044603348,80.2088088989,32028,32038,10
13.0053100586,80.2091903687,32038,32048,10
13.0061101913,80.209487915,32048,32058,10
13.0068702698,80.2097167969,32058,32069,11
13.0073204041,80.2097930908,32069,32079,10
13.0076303482,80.2098388672,32079,32139,60
13.0076303482,80.2098388672,32139,32149,10
13.0080604553,80.2099533081,32149,32159,10
13.0081501007,80.2095794678,32159,32176,17
13.0079402924,80.2083282471,32176,32188,12
13.0077800751,80.2073822021,32188,32198,10
13.0076999664,80.2069168091,32198,32208,10
13.0075798035,80.2060394287,32208,32218,10
13.007519722,80.205291748,32218,32228,10
13.0075302124,80.2045974731,32228,32238,10
13.0074901581,80.2038421631,32238,32248,10
13.0073299408,80.2029571533,32248,32258,10
13.0067996979,80.2025527954,32258,32268,10
13.0065498352,80.203086853,32268,32279,11
13.007060051,80.2034912109,32279,32289,10
13.0078201294,80.2036972046,32289,32299,10
13.0087003708,80.2036819458,32299,32309,10
13.0097799301,80.2036132813,32309,32319,10
13.0109996796,80.2036437988,32319,32339,20
13.0136604309,80.2042388916,32339,32382,43
13.0136604309,80.2042388916,32382,32392,10
13.0136804581,80.2042999268,32392,32402,10
13.0136404037,80.2046127319,32402,32421,19
13.0136404037,80.2046127319,32421,32432,11
13.0135202408,80.2049713135,32432,32442,10
13.0133600235,80.2054824829,32442,32452,10
13.013130188,80.2063674927,32452,32462,10
13.0130195618,80.2073822021,32462,32472,10
13.0129299164,80.2080001831,32472,32482,10
13.0129098892,80.2080307007,32482,32493,11
13.0128602982,80.208366394,32493,32503,10
13.0129098892,80.208770752,32503,32513,10
13.0130300522,80.2093505859,32513,32523,10
13.0131902695,80.2097625732,32523,32533,10
13.0131397247,80.2103805542,32533,32543,10
13.0129404068,80.2111434937,32543,32553,10
13.0124397278,80.212020874,32553,32563,10
13.0120000839,80.212677002,32563,32573,10
13.0117397308,80.2127532959,32573,32583,10
13.0112895966,80.2124710083,32583,32594,11
13.0105495453,80.2118988037,32594,32604,10
13.010020256,80.211479187,32604,32755,151
13.009759903,80.2112503052,32755,33421,666
13.0096197128,80.2111587524,33421,33482,61
13.0096197128,80.2111587524,33482,33492,10
13.0092401505,80.211227417,33492,33522,30
13.0090799332,80.2116088867,33522,33543,21
13.0090799332,80.2116088867,33543,33553,10
13.0091600418,80.2119598389,33553,33563,10
13.0092201233,80.2121810913,33563,33573,10
13.009349823,80.2125701904,33573,33583,10
13.0095396042,80.2130966187,33583,33593,10
13.009759903,80.2136688232,33593,33609,16
13.0101299286,80.2145996094,33609,33621,12
13.0102596283,80.2154693604,33621,33629,8
13.0104598999,80.2161026001,33629,33640,11
13.010840416,80.2169265747,33640,33652,12
13.0112400055,80.2178726196,33652,33662,10
13.0115604401,80.2186889648,33662,33672,10
13.0118503571,80.2195968628,33672,33682,10
13.012140274,80.2205123901,33682,33692,10
13.0123500824,80.2211608887,33692,33701,9
13.0123796463,80.2213821411,33701,33711,10
13.0126695633,80.2218780518,33711,33722,11
13.0132198334,80.2225570679,33722,33732,10
13.0137796402,80.2231826782,33732,33743,11
13.0141296387,80.2235794067,33743,33753,10
13.0142803192,80.2238693237,33753,33763,10
13.0146999359,80.2243728638,33763,33773,10
13.0154695511,80.2251586914,33773,33793,20
13.0154695511,80.2251586914,33793,33803,10
13.0156202316,80.2253036499,33803,33813,10
13.0156402588,80.2254714966,33813,33823,10
13.0154695511,80.225769043,33823,33833,10
13.015080452,80.2259368896,33833,33844,11
13.0143699646,80.2261810303,33844,33854,10
13.0136003494,80.2264785767,33854,33864,10
13.0127496719,80.2267913818,33864,33874,10
13.0119104385,80.227142334,33874,33884,10
13.0109300613,80.2275238037,33884,33894,10
13.010020256,80.2278671265,33894,33904,10
13.0095500946,80.2275619507,33904,33914,10
13.0098104477,80.2269515991,33914,33924,10
13.0101299286,80.2262191772,33924,33934,10
13.0104503632,80.2254333496,33934,33950,16
13.0108499527,80.2244796753,33950,33963,13
13.0111503601,80.2237625122,33963,33973,10
13.0113201141,80.2232437134,33973,33983,10
13.0108299255,80.2229690552,33983,33993,10
13.0101299286,80.2226333618,33993,34003,10
13.0093402863,80.2221603394,34003,34013,10
13.0085201263,80.2217025757,34013,34023,10
13.0076799393,80.2212600708,34023,34033,10
13.007060051,80.220916748,34033,34043,10
13.0067901611,80.2208023071,34043,34054,11
13.0065202713,80.2206573486,34054,34064,10
13.0059204102,80.2204971313,34064,34074,10
13.0050697327,80.2203292847,34074,34084,10
13.0048398972,80.2202987671,34084,34094,10
13.0047101974,80.2202606201,34094,34104,10
13.0042495728,80.2201766968,34104,34114,10
13.0036697388,80.2200393677,34114,34123,9
13.0028095245,80.2197265625,34123,34134,11
13.0020399094,80.219039917,34134,34144,10
13.0014600754,80.2184906006,34144,34154,10
13.0008602142,80.2180480957,34154,34165,11
13.0002098083,80.2176437378,34165,34175,10
12.9995002747,80.2172164917,34175,34185,10
12.9987001419,80.216796875,34185,34195,10
12.9976797104,80.2165527344,34195,34215,20
12.9976797104,80.2165527344,34215,34225,10
12.9972801208,80.2165222168,34225,34235,10
12.996629715,80.2165374756,34235,34245,10
12.9959497452,80.2166900635,34245,34255,10
12.9951896667,80.2170181274,34255,34266,11
12.9944295883,80.2175369263,34266,34276,10
12.9938402176,80.217956543,34276,34286,10
12.9932804108,80.2183609009,34286,34296,10
12.9927101135,80.2187576294,34296,34306,10
12.9919900894,80.2192993164,34306,34316,10
12.9912595749,80.2198028564,34316,34326,10
12.9908399582,80.2201309204,34326,34336,10
12.9907999039,80.220161438,34336,34346,10
12.9906702042,80.2202987671,34346,34356,10
12.9902801514,80.2205581665,34356,34366,10
12.9896802902,80.2212295532,34366,34377,11
12.9894304276,80.2216567993,34377,34387,10
12.98898983,80.2221298218,34387,34397,10
12.9883403778,80.2227401733,34397,34407,10
12.9878101349,80.2230377197,34407,34417,10
12.987739563,80.2230606079,34417,34427,10
12.9874200821,80.2230606079,34427,34437,10
12.9871997833,80.2230377197,34437,34447,10
12.9871101379,80.2230300903,34447,34457,10
12.9867601395,80.2229995728,34457,34467,10
12.9862298965,80.2229766846,34467,34478,11
12.985619545,80.2231674194,34478,34488,10
12.9852304459,80.2232437134,34488,34498,10
12.9848499298,80.2231063843,34498,34508,10
12.9842596054,80.2227935791,34508,34518,10
12.9836797714,80.2224884033,34518,34528,10
12.9832897186,80.2222213745,34528,34548,20
12.9832897186,80.2222213745,34548,34558,10
12.9830598831,80.2220687866,34558,34568,10
12.9827404022,80.2219161987,34568,34579,11
12.9822902679,80.2217407227,34579,34589,10
12.9817199707,80.2213592529,34589,34599,10
12.9811201096,80.2211227417,34599,34609,10
12.9804201126,80.2211380005,34609,34619,10
12.9796104431,80.2211608887,34619,34629,10
12.9788398743,80.2211914063,34629,34639,10
12.9780797958,80.2212219238,34639,34649,10
12.977399826,80.2212295532,34649,34659,10
12.9766998291,80.2212600708,34659,34669,10
12.9761800766,80.2212982178,34669,34679,10
12.9762296677,80.2215194702,34679,34690,11
12.9764299393,80.2219085693,34690,34740,50
12.9764299393,80.2219085693,34740,34750,10
12.9765396118,80.2221832275,34750,34760,10
12.976770401,80.2225418091,34760,34770,10
12.9770698547,80.2229614258,34770,34780,10
12.977399826,80.2235031128,34780,34791,11
12.9777898788,80.2241516113,34791,34801,10
12.9780902863,80.224571228,34801,34811,10
12.9783601761,80.2250213623,34811,34821,10
12.9786500931,80.2254714966,34821,34841,20
12.9786500931,80.2254714966,34841,34851,10
12.9788599014,80.2257614136,34851,34867,16
12.9793996811,80.2266998291,34867,34879,12
12.9798603058,80.2274932861,34879,34887,8
12.9800901413,80.2278671265,34887,34900,13
12.9805202484,80.2286224365,34900,34909,9
12.9807701111,80.229057312,34909,34920,11
12.9810695648,80.2295379639,34920,34930,10
12.9814596176,80.230140686,34930,34940,10
12.9816999435,80.2304992676,34940,34950,10
12.981710434,80.230506897,34950,34960,10
12.9817495346,80.2305831909,34960,34970,10
12.9819097519,80.2309494019,34970,34980,10
12.9820203781,80.2315292358,34980,34990,10
12.9820604324,80.2321014404,34990,35001,11
12.9820404053,80.2325210571,35001,35011,10
12.9820299149,80.2325973511,35011,35021,10
12.9819602966,80.2328262329,35021,35031,10
12.9818601608,80.2331085205,35031,35041,10
12.9817495346,80.2333068848,35041,35051,10
12.9815797806,80.2337188721,35051,35071,20
12.9815797806,80.2337188721,35071,35081,10
12.9815502167,80.2337799072,35081,35091,10
12.9814395905,80.2340164185,35091,35101,10
12.9813299179,80.2344436646,35101,35112,11
12.9813098907,80.2351608276,35112,35122,10
12.9813098907,80.2359085083,35122,35132,10
12.9813299179,80.2367172241,35132,35142,10
12.9813404083,80.2375106812,35142,35152,10
12.9813699722,80.2385635376,35152,35171,19
12.9813699722,80.2385635376,35171,35182,11
12.9813699722,80.2386932373,35182,35191,9
12.9813804626,80.2390594482,35191,35202,11
12.9813804626,80.2395935059,35202,35213,11
12.9813995361,80.239982605,35213,35223,10
12.9813995361,80.2405471802,35223,35233,10
12.9813899994,80.2412719727,35233,35243,10
12.9813995361,80.2422332764,35243,35263,20
12.9813995361,80.2422332764,35263,35273,10
12.9814395905,80.2422790527,35273,35283,10
12.9814395905,80.242729187,35283,35324,41
12.9814395905,80.242729187,35324,35334,10
12.9814300537,80.2428970337,35334,35344,10
12.9814395905,80.2432098389,35344,35354,10
12.9814195633,80.2434921265,35354,35364,10
12.9814195633,80.243637085,35364,35374,10
12.9813804626,80.2438735962,35374,35384,10
12.981300354,80.2444610596,35384,35394,10
12.9811897278,80.2452392578,35394,35404,10
12.9811000824,80.2461395264,35404,35414,10
12.9809999466,80.247177124,35414,35425,11
12.9808998108,80.248298645,35425,35435,10
12.980799675,80.2493591309,35435,35445,10
12.9806003571,80.2503967285,35445,35455,10
12.9803199768,80.251449585,35455,35465,10
12.9801597595,80.2521362305,35465,35475,10
12.9800100327,80.2524185181,35475,35485,10
12.9799499512,80.2526321411,35485,35495,10
12.9797401428,80.2527770996,35495,35505,10
12.9788799286,80.2526397705,35505,35526,21
12.9788799286,80.2526397705,35526,35536,10
12.9787397385,80.2525863647,35536,35546,10
12.9783000946,80.2523574829,35546,35556,10
12.9777402878,80.2518768311,35556,35566,10
12.9769802094,80.251411438,35566,35576,10
12.975979805,80.2510986328,35576,35586,10
12.9749698639,80.2508010864,35586,35596,10
12.9739999771,80.2505187988,35596,35606,10
12.9725599289,80.2501525879,35606,35627,21
12.9725599289,80.2501525879,35627,35637,10
12.9724397659,80.2501068115,35637,35647,10
12.9720802307,80.2499771118,35647,35657,10
12.9714698792,80.2498397827,35657,35667,10
12.9706602097,80.2496032715,35667,35677,10
12.9697399139,80.2492828369,35677,35687,10
12.9689397812,80.2489700317,35687,35697,10
12.9682102203,80.2486572266,35697,35707,10
12.9676599503,80.2484436035,35707,35717,10
12.9668397903,80.2480621338,35717,35727,10
12.9661998749,80.247756958,35727,35738,11
12.9649896622,80.2473678589,35738,35768,30
12.9649896622,80.2473678589,35768,35778,10
12.964799881,80.2472610474,35778,35788,10
12.9642295837,80.2470474243,35788,35807,19
12.9642295837,80.2470474243,35807,35818,11
12.9639701843,80.2469482422,35818,35828,10
12.9635696411,80.2468032837,35828,35838,10
12.9630002975,80.2464981079,35838,35849,11
12.9621601105,80.2461013794,35849,35859,10
12.9613103867,80.2456893921,35859,35869,10
12.9604501724,80.2452926636,35869,35879,10
12.9596796036,80.245010376,35879,35889,10
12.9595403671,80.2449188232,35889,35899,10
12.9595003128,80.2448730469,35899,35909,10
12.9590196609,80.2446594238,35909,35919,10
12.9583396912,80.2443618774,35919,35929,10
12.9577302933,80.2441101074,35929,35939,10
12.9570703506,80.243888855,35939,35950,11
12.9564304352,80.2437210083,35950,35970,20
12.9564304352,80.2437210083,35970,35980,10
12.9562301636,80.2436599731,35980,35990,10
12.9557304382,80.2433700562,35990,36000,10
12.9551801682,80.2430801392,36000,36010,10
12.9542398453,80.2426605225,36010,36020,10
12.9535598755,80.2423782349,36020,36030,10
12.9527301788,80.2420578003,36030,36040,10
12.9520101547,80.2418136597,36040,36051,11
12.9518499374,80.2417373657,36051,36061,10
12.9516201019,80.2416381836,36061,36071,10
12.9510002136,80.2414321899,36071,36081,10
12.9502000809,80.2411804199,36081,36091,10
12.9493598938,80.2409362793,36091,36101,10
12.948800087,80.2407226563,36101,36111,10
12.94810009,80.2404174805,36111,36121,10
12.9473800659,80.2401275635,36121,36131,10
12.9472398758,80.2400817871,36131,36141,10
12.94713974,80.2400588989,36141,36151,10
12.9466600418,80.2398605347,36151,36162,11
12.9458799362,80.2395172119,36162,36172,10
12.945110321,80.2390365601,36172,36182,10
12.9443998337,80.2382736206,36182,36192,10
12.9436502457,80.2374725342,36192,36202,10
12.9432497025,80.2370681763,36202,36212,10
12.943189621,80.2369766235,36212,36222,10
12.9427700043,80.236656189,36222,36232,10
12.9420003891,80.236366272,36232,36242,10
12.940990448,80.2361221313,36242,36252,10
12.9398298264,80.235786438,36252,36273,21
12.9398298264,80.235786438,36273,36283,10
12.939499855,80.2356185913,36283,36293,10
12.9388303757,80.2352905273,36293,36303,10
12.9379701614,80.23487854,36303,36313,10
12.9370002747,80.2344207764,36313,36323,10
12.9362602234,80.2340927124,36323,36333,10
12.9358997345,80.2339324951,36333,36343,10
12.9353704453,80.2336578369,36343,36353,10
12.9345798492,80.2333221436,36353,36364,11
12.9339704514,80.2330474854,36364,36374,10
12.9339704514,80.233039856,36374,36384,10
12.9337596893,80.2329025269,36384,36394,10
12.9331998825,80.2326507568,36394,36404,10
12.9324598312,80.232383728,36404,36414,10
12.9316797256,80.2321166992,36414,36424,10
12.9309101105,80.231880188,36424,36434,10
12.9304599762,80.2317504883,36434,36444,10
12.9301795959,80.2316818237,36444,36454,10
12.9300003052,80.2316207886,36454,36464,10
12.9298095703,80.2315597534,36464,36475,11
12.9295196533,80.2314987183,36475,36485,10
12.929400444,80.2314682007,36485,36495,10
12.9291400909,80.2314071655,36495,36505,10
12.928899765,80.2313613892,36505,36515,10
12.92827034,80.2312469482,36515,36525,10
12.9273996353,80.2311325073,36525,36535,10
12.9264602661,80.231010437,36535,36545,10
12.9261198044,80.2310028076,36545,36555,10
12.9259796143,80.2309799194,36555,36565,10
12.925450325,80.2308883667,36565,36576,11
12.9245796204,80.2307815552,36576,36586,10
12.9235801697,80.2306594849,36586,36596,10
12.9223899841,80.2304916382,36596,36606,10
12.9211597443,80.2303085327,36606,36616,10
12.9193096161,80.2301177979,36616,36636,20
12.9193096161,80.2301177979,36636,36646,10
12.9190597534,80.2300796509,36646,36656,10
12.9184703827,80.2300109863,36656,36666,10
12.9178199768,80.2299118042,36666,36676,10
12.9173402786,80.2298812866,36676,36687,11
12.9165401459,80.2297363281,36687,36697,10
12.915599823,80.2295837402,36697,36707,10
12.9145402908,80.2294387817,36707,36717,10
12.913599968,80.2293395996,36717,36727,10
12.913359642,80.229309082,36727,36737,10
12.9132604599,80.2292785645,36737,36747,10
12.9126796722,80.2291870117,36747,36757,10
12.9118099213,80.2290725708,36757,36767,10
12.9108495712,80.2289428711,36767,36777,10
12.9098997116,80.2287902832,36777,36788,11
12.9091396332,80.2286682129,36788,36798,10
12.9088201523,80.2285919189,36798,36868,70
12.9088201523,80.2285919189,36868,36878,10
12.9084300995,80.2285385132,36878,36888,10
12.9083003998,80.2285232544,36888,36899,11
12.9082202911,80.2285308838,36899,36909,10
12.9079399109,80.2284927368,36909,36919,10
12.9076499939,80.2284622192,36919,36929,10
12.9073400497,80.2284317017,36929,36939,10
12.9068098068,80.2283706665,36939,37111,172
12.9068098068,80.2283706665,37111,37121,10
12.906539917,80.228302002,37121,37131,10
12.9059495926,80.2282180786,37131,37141,10
12.9054203033,80.2282333374,37141,37151,10
12.9050502777,80.2282333374,37151,37160,9
12.9048404694,80.2282333374,37160,37171,11
12.9045801163,80.2282333374,37171,37181,10
12.9045200348,80.2282180786,37181,37191,10
12.9044303894,80.2281799316,37191,37201,10
12.9041004181,80.2281570435,37201,37212,11
12.9037303925,80.2281417847,37212,37222,10
12.903459549,80.2281417847,37222,37232,10
12.9030704498,80.2281112671,37232,37393,161
12.9030704498,80.2281112671,37393,37403,10
12.9028596878,80.2281036377,37403,37413,10
12.9025497437,80.2280883789,37413,37424,11
12.9021100998,80.2280578613,37424,37444,20
12.9021100998,80.2280578613,37444,37454,10
12.9019403458,80.2280426025,37454,37464,10
12.9017696381,80.2280426025,37464,37474,10
12.901720047,80.2280273438,37474,37484,10
12.9015798569,80.228012085,37484,37494,10
12.9013395309,80.2280197144,37494,37504,10
12.900850296,80.2279434204,37504,37514,10
12.9004201889,80.227897644,37514,37525,11
12.8999900818,80.2279129028,37525,37535,10
12.8994398117,80.2279129028,37535,37545,10
12.8987197876,80.2278900146,37545,37565,20
12.8987197876,80.2278900146,37565,37575,10
12.8986501694,80.2279129028,37575,37585,10
12.8981599808,80.2278518677,37585,37595,10
12.897480011,80.2277908325,37595,37605,10
12.8966598511,80.2277526855,37605,37615,10
12.8957901001,80.2277069092,37615,37625,10
12.8952102661,80.2276992798,37625,37636,11
12.8946800232,80.2276611328,37636,37646,10
12.8943300247,80.2276306152,37646,37656,10
12.8940296173,80.2275772095,37656,37666,10
12.8937196732,80.2275619507,37666,37676,10
12.8936500549,80.2275695801,37676,37686,10
12.892829895,80.2274780273,37686,37696,10
12.8926897049,80.2274627686,37696,37716,20
12.8926897049,80.2274627686,37716,37726,10
12.8924703598,80.2274475098,37726,37737,11
12.8922796249,80.227432251,37737,37747,10
12.8916597366,80.2274017334,37747,37757,10
12.8907604218,80.2273864746,37757,37767,10
12.8897800446,80.2273864746,37767,37777,10
12.8890600204,80.2274169922,37777,37797,20
12.8890600204,80.2274169922,37797,37807,10
12.8888397217,80.2274093628,37807,37817,10
12.8884000778,80.2273635864,37817,37826,9
12.8878898621,80.2273330688,37826,37837,11
12.8873901367,80.2272567749,37837,37848,11
12.8865203857,80.2270889282,37848,37858,10
12.8855800629,80.2268600464,37858,37868,10
12.885140419,80.2267684937,37868,37878,10
12.8849401474,80.2267608643,37878,37888,10
12.8847198486,80.2267608643,37888,37898,10
12.884519577,80.2267608643,37898,37908,10
12.8838796616,80.2267608643,37908,37918,10
12.8831195831,80.2267379761,37918,37928,10
12.8821697235,80.2267379761,37928,37938,10
12.881070137,80.2267379761,37938,37949,11
12.8797197342,80.2267379761,37949,37959,10
12.8786096573,80.2267913818,37959,37969,10
12.8776702881,80.2268676758,37969,37979,10
12.8772802353,80.2268981934,37979,37989,10
12.8769102097,80.2269287109,37989,37999,10
12.8767004013,80.2269592285,37999,38009,10
12.8766803741,80.2269515991,38009,38019,10
12.8764801025,80.2269210815,38019,38029,10
12.8764200211,80.2267608643,38029,38039,10
12.8764200211,80.2266311646,38039,38055,16
12.8764200211,80.2265396118,38055,38068,13
12.8765201569,80.2257385254,38068,38078,10
12.8765897751,80.2250137329,38078,38088,10
12.8767900467,80.2237167358,38088,38098,10
12.8770503998,80.2226028442,38098,38108,10
12.8773803711,80.2212219238,38108,38118,10
12.8777399063,80.2196731567,38118,38128,10
12.8780603409,80.2182617188,38128,38138,10
12.8783197403,80.2169799805,38138,38147,9
12.8785200119,80.2160263062,38147,38157,10
12.8787698746,80.2148895264,38157,38169,12
12.879070282,80.2133331299,38169,38179,10
12.8793201447,80.2119598389,38179,38189,10
12.8793296814,80.2109680176,38189,38209,20
12.8793296814,80.2109680176,38209,38219,10
12.879119873,80.2109375,38219,38229,10
12.8785600662,80.2108383179,38229,38239,10
12.8778295517,80.2107086182,38239,38249,10
12.8773298264,80.2106170654,38249,38259,10
12.8766298294,80.2105026245,38259,38270,11
12.8757095337,80.2103424072,38270,38280,10
12.8745298386,80.2101364136,38280,38300,20
12.8745298386,80.2101364136,38300,38310,10
12.8743495941,80.2099914551,38310,38320,10
12.87458992,80.2095794678,38320,38330,10
12.8746404648,80.2098388672,38330,38692,362
12.8746404648,80.2098388672,38692,38702,10
12.8746795654,80.2099914551,38702,38712,10
12.8750095367,80.2101821899,38712,38722,10
12.8757295609,80.2103118896,38722,38732,10
12.8765201569,80.2104415894,38732,38742,10
12.8773803711,80.2106170654,38742,38752,10
12.8782300949,80.2107620239,38752,38762,10
12.8789701462,80.2108917236,38762,38772,10
12.8793296814,80.2109832764,38772,38782,10
12.8795003891,80.2112426758,38782,38793,11
12.8793401718,80.2120513916,38793,38803,10
12.8791399002,80.2130584717,38803,38813,10
12.8789396286,80.2141036987,38813,38823,10
12.8787202835,80.2152175903,38823,38833,10
12.8784799576,80.2163009644,38833,38843,10
12.8782596588,80.2174224854,38843,38853,10
12.8780298233,80.2185287476,38853,38863,10
12.877790451,80.2195968628,38863,38873,10
12.8776197433,80.2203598022,38873,38883,10
12.8775100708,80.2209014893,38883,38893,10
12.8773097992,80.2217636108,38893,38904,11
12.8770303726,80.2229614258,38904,38914,10
12.8767795563,80.2240905762,38914,38924,10
12.8766202927,80.2251968384,38924,38934,10
12.8765001297,80.2261581421,38934,38943,9
12.8764600754,80.2265701294,38943,38954,11
12.876449585,80.2268371582,38954,38964,10
12.8764801025,80.226890564,38964,38974,10
12.8769102097,80.2268829346,38974,38984,10
12.8777198792,80.2268066406,38984,38994,10
12.8786697388,80.2267227173,38994,39005,11
12.87981987,80.2266616821,39005,39015,10
12.8809499741,80.2266387939,39015,39025,10
12.8822803497,80.2266387939,39025,39035,10
12.8836898804,80.2266311646,39035,39045,10
12.8849000931,80.2266082764,39045,39055,10
12.8852500916,80.2266235352,39055,39065,10
12.8853397369,80.2266387939,39065,39075,10
12.8859596252,80.2267837524,39075,39085,10
12.8868503571,80.2270202637,39085,39095,10
12.8879203796,80.2272033691,39095,39105,10
12.8885002136,80.2272415161,39105,39122,17
12.8892202377,80.2272567749,39122,39135,13
12.8904895782,80.2272720337,39135,39145,10
12.8915300369,80.2272720337,39145,39155,10
12.8921003342,80.2272796631,39155,39175,20
12.8921003342,80.2272796631,39175,39185,10
12.8921604156,80.2272796631,39185,39195,10
12.8922901154,80.2272796631,39195,39205,10
12.892660141,80.2273025513,39205,39216,11
12.893289566,80.2273864746,39216,39226,10
12.8938903809,80.2274398804,39226,39236,10
12.894080162,80.2274627686,39236,39246,10
12.8943901062,80.2274780273,39246,39256,10
12.8951301575,80.2275238037,39256,39266,10
12.8958902359,80.2275695801,39266,39276,10
12.8969402313,80.2276229858,39276,39286,10
12.8978595734,80.2276687622,39286,39296,10
12.8988199234,80.227722168,39296,39306,10
12.8992004395,80.2277374268,39306,39317,11
12.8992700577,80.2277374268,39317,39327,10
12.8993196487,80.2277374268,39327,39337,10
12.8996400833,80.2277679443,39337,39347,10
12.8999099731,80.2277832031,39347,39357,10
12.9002199173,80.2277984619,39357,39367,10
12.9005098343,80.2278137207,39367,39377,10
12.9008798599,80.2278366089,39377,39387,10
12.9013299942,80.227897644,39387,39397,10
12.9019699097,80.2279205322,39397,39407,10
12.9025802612,80.2279586792,39407,39417,10
12.9029798508,80.2279281616,39417,39428,11
12.9031400681,80.2279205322,39428,39438,10
12.9032201767,80.2279281616,39438,39448,10
12.9036903381,80.2279815674,39448,39458,10
12.9039297104,80.2279968262,39458,39468,10
12.9041595459,80.228012085,39468,39478,10
12.9041795731,80.228012085,39478,39488,10
12.9045600891,80.2280426025,39488,39508,20
12.9045600891,80.2280426025,39508,39518,10
12.9047899246,80.2280578613,39518,39528,10
12.9049797058,80.2280731201,39528,39539,11
12.9051103592,80.2280807495,39539,39549,10
12.9055900574,80.2281265259,39549,39589,40
12.905579567,80.2282028198,39589,39640,51
12.905579567,80.2282028198,39640,39650,10
12.905960083,80.2282409668,39650,39660,10
12.9063196182,80.2282104492,39660,39670,10
12.9067602158,80.2282180786,39670,39680,10
12.9069595337,80.2282333374,39680,39690,10
12.9071397781,80.2282562256,39690,39700,10
12.90762043,80.2283172607,39700,39710,10
12.9084997177,80.2284469604,39710,39720,10
12.9096803665,80.2286300659,39720,39729,9
12.9108600616,80.2288284302,39729,39741,12
12.9124898911,80.2290802002,39741,39751,10
12.9135398865,80.2292098999,39751,39761,10
12.9137802124,80.2292404175,39761,39771,10
12.9138402939,80.2292480469,39771,39781,10
12.9143295288,80.229309082,39781,39791,10
12.9151802063,80.2294311523,39791,39801,10
12.9162197113,80.2295913696,39801,39811,10
12.9171895981,80.2297210693,39811,39821,10
12.9180698395,80.2298431396,39821,39831,10
12.9189596176,80.2299575806,39831,39841,10
12.9195604324,80.2300186157,39841,39852,11
12.9198799133,80.2300567627,39852,39862,10
12.9205904007,80.2301483154,39862,39872,10
12.9215803146,80.2302932739,39872,39882,10
12.9225797653,80.2304382324,39882,39892,10
12.9236698151,80.2305908203,39892,39902,10
12.9247999191,80.2307434082,39902,39912,10
12.9259796143,80.2308807373,39912,39922,10
12.9271602631,80.2310180664,39922,39932,10
12.9283304214,80.2311630249,39932,39942,10
12.9292697906,80.2313232422,39942,39953,11
12.9302597046,80.2315292358,39953,39963,10
12.9312200546,80.2318191528,39963,39973,10
12.932100296,80.2321090698,39973,39983,10
12.9329900742,80.232421875,39983,39993,10
12.9335603714,80.2326889038,39993,40003,10
12.9342603683,80.2329864502,40003,40013,10
12.9350595474,80.2333526611,40013,40023,10
12.9355201721,80.2335586548,40023,40033,10
12.9361200333,80.2338485718,40033,40043,10
12.9368495941,80.2342071533,40043,40053,10
12.9377298355,80.2346420288,40053,40064,11
12.9386997223,80.2351074219,40064,40074,10
12.939499855,80.2355422974,40074,40084,10
12.9400997162,80.2358016968,40084,40094,10
12.9407196045,80.2359924316,40094,40104,10
12.9415597916,80.2361907959,40104,40114,10
12.942489624,80.2364273071,40114,40124,10
12.9433603287,80.2369766235,40124,40134,10
12.9437503815,80.2373199463,40134,40144,10
12.944029808,80.2376403809,40144,40154,10
12.9445400238,80.2382202148,40154,40165,11
12.9453201294,80.2390136719,40165,40175,10
12.9462404251,80.2395172119,40175,40185,10
12.9470396042,80.2398300171,40185,40195,10
12.9472398758,80.239906311,40195,40205,10
12.9476499557,80.2400970459,40205,40215,10
12.9484195709,80.2404098511,40215,40225,10
12.9488401413,80.2405776978,40225,40266,41
12.9488401413,80.2405776978,40266,40276,10
12.9490203857,80.2407226563,40276,40286,10
12.9496002197,80.2409210205,40286,40296,10
12.9504699707,80.2411804199,40296,40306,10
12.9513397217,80.2414627075,40306,40316,10
12.9521903992,80.2417678833,40316,40326,10
12.9531602859,80.2421188354,40326,40336,10
12.9538497925,80.2423782349,40336,40346,10
12.9547595978,80.242767334,40346,40356,10
12.9555101395,80.2430267334,40356,40366,10
12.9562902451,80.2432479858,40366,40377,11
12.9566202164,80.2433776855,40377,40387,10
12.9572296143,80.2436904907,40387,40397,10
12.9580202103,80.2440719604,40397,40407,10
12.958729744,80.2443313599,40407,40417,10
12.9588899612,80.2444076538,40417,40427,10
12.959400177,80.2446899414,40427,40437,10
12.9602403641,80.2450714111,40437,40447,10
12.9612703323,80.2455596924,40447,40457,10
12.9623498917,80.24609375,40457,40467,10
12.963139534,80.2464828491,40467,40508,41
12.963139534,80.2464828491,40508,40518,10
12.9633798599,80.2465591431,40518,40534,16
12.9640398026,80.2468566895,40534,40546,12
12.9649801254,80.2472000122,40546,40556,10
12.9659004211,80.2475128174,40556,40566,10
12.9665203094,80.2477493286,40566,40576,10
12.9665498734,80.247756958,40576,40585,9
12.9666700363,80.2478179932,40585,40597,12
12.9671897888,80.2481002808,40597,40607,10
12.9679203033,80.2484207153,40607,40617,10
12.9688196182,80.2487792969,40617,40627,10
12.9698495865,80.2491989136,40627,40637,10
12.9709300995,80.2496032715,40637,40647,10
12.9720201492,80.2499008179,40647,40657,10
12.9730997086,80.2501831055,40657,40667,10
12.9740495682,80.2504119873,40667,40677,10
12.9743795395,80.25050354,40677,40687,10
12.974820137,80.2506637573,40687,40707,20
12.9766902924,80.2512207031,40707,40719,12
12.9779195786,80.2518997192,40719,40728,9
12.9787797928,80.2524490356,40728,40740,12
12.9797801971,80.2525405884,40740,40750,10
12.9799995422,80.2522964478,40750,40760,10
12.9800100327,80.2520370483,40760,40770,10
12.9800395966,80.2519073486,40770,40780,10
12.9802398682,80.2513198853,40780,40790,10
12.9804801941,80.2504425049,40790,40801,11
12.9807100296,80.2492370605,40801,40811,10
12.9807796478,80.2480163574,40811,40821,10
12.980890274,80.2467269897,40821,40831,10
12.9810304642,80.2453079224,40831,40841,10
12.9811601639,80.2440338135,40841,40851,10
12.981300354,80.2435684204,40851,40861,10
12.9813098907,80.2432479858,40861,40871,10
12.9813203812,80.2428436279,40871,40881,10
12.9813299179,80.2426681519,40881,40890,9
12.9813203812,80.2422180176,40890,40902,12
12.9813203812,80.2412414551,40902,40912,10
12.9813098907,80.2403106689,40912,40922,10
12.9812898636,80.2396316528,40922,40932,10
12.9812602997,80.2390899658,40932,40942,10
12.9812498093,80.2383575439,40942,40952,10
12.9812402725,80.237991333,40952,40962,10
12.9812297821,80.2377090454,40962,40972,10
12.9812097549,80.2370223999,40972,40982,10
12.9811897278,80.2362289429,40982,40992,10
12.9811601639,80.2353286743,40992,41002,10
12.9811697006,80.2343521118,41002,41013,11
12.9814395905,80.2336730957,41013,41022,9
12.9815702438,80.2333984375,41022,41033,11
12.981590271,80.2333602905,41033,41043,10
12.9817800522,80.232963562,41043,41053,10
12.9819602966,80.2324295044,41053,41062,9
12.9819898605,80.2322769165,41062,41073,11
12.9819698334,80.231842041,41073,41083,10
12.9819097519,80.2314834595,41083,41093,10
12.9818296432,80.2310562134,41093,41103,10
12.9815702438,80.2305297852,41103,41114,11
12.9810800552,80.2297363281,41114,41124,10
12.9807796478,80.2292785645,41124,41134,10
12.9805803299,80.2289505005,41134,41144,10
12.9802799225,80.2284088135,41144,41154,10
12.9799804688,80.2278366089,41154,41164,10
12.9795598984,80.2271575928,41164,41174,10
12.9793100357,80.2267608643,41174,41184,10
12.9789800644,80.2262268066,41184,41194,10
12.9785804749,80.2255630493,41194,41204,10
12.9781703949,80.2248764038,41204,41214,10
12.97797966,80.2245864868,41214,41225,11
12.9777297974,80.2242507935,41225,41235,10
12.9777002335,80.2241897583,41235,41245,10
12.9774398804,80.223739624,41245,41255,10
12.9771003723,80.2231826782,41255,41265,10
12.9769096375,80.2228164673,41265,41275,10
12.9770402908,80.2227172852,41275,41285,10
12.9771299362,80.2227020264,41285,41295,10
12.9773797989,80.2226791382,41295,41305,10
12.9774999619,80.2223815918,41305,41315,10
12.9774799347,80.2218017578,41315,41326,11
12.9774703979,80.2213287354,41326,41335,9
12.9776201248,80.2212371826,41335,41346,11
12.97797966,80.2211608887,41346,41356,10
12.9786596298,80.2211227417,41356,41365,9
12.979180336,80.2210693359,41365,41376,11
12.9798202515,80.2210464478,41376,41386,10
12.980509758,80.2210006714,41386,41396,10
12.9811096191,80.2210235596,41396,41406,10
12.9816799164,80.2213516235,41406,41416,10
12.9820995331,80.2216033936,41416,41427,11
12.9826097488,80.2217788696,41427,41437,10
12.9829101563,80.2218933105,41437,41447,10
12.9830198288,80.2219390869,41447,41457,10
12.9834098816,80.2221984863,41457,41467,10
12.9839000702,80.2225036621,41467,41477,10
12.9845199585,80.2228775024,41477,41487,10
12.9850997925,80.2231826782,41487,41497,10
12.9854001999,80.2232437134,41497,41507,10
12.9856901169,80.2230072021,41507,41517,10
12.986289978,80.2229537964,41517,41527,10
12.9863996506,80.2229614258,41527,41538,11
12.9866104126,80.2229614258,41538,41548,10
12.986749649,80.2229614258,41548,41558,10
12.9869499207,80.2229919434,41558,41568,10
12.9873304367,80.2230377197,41568,41578,10
12.9879102707,80.2229003906,41578,41588,10
12.9884996414,80.2224502563,41588,41598,10
12.9890098572,80.2218933105,41598,41608,10
12.9895601273,80.2212371826,41608,41618,10
12.9901399612,80.2205734253,41618,41628,10
12.9903898239,80.2203903198,41628,41639,11
12.9907302856,80.2201004028,41639,41655,16
12.9913301468,80.2196426392,41655,41667,12
12.9918003082,80.219291687,41667,41677,10
12.992099762,80.2190704346,41677,41687,10
12.9926795959,80.2186584473,41687,41697,10
12.9932403564,80.2182693481,41697,41707,10
12.9937496185,80.2179336548,41707,41717,10
12.9943199158,80.2175369263,41717,41727,10
12.9947004318,80.2172470093,41727,41737,10
12.9947099686,80.2172393799,41737,41748,11
12.9947795868,80.2171783447,41748,41758,10
12.9949598312,80.2170791626,41758,41768,10
12.9954595566,80.2167892456,41768,41778,10
12.9962301254,80.216583252,41778,41788,10
12.9970302582,80.2164611816,41788,41798,10
12.9974803925,80.2161102295,41798,41808,10
12.9975700378,80.2160415649,41808,41818,10
12.9979000092,80.2157821655,41818,41828,10
12.9984798431,80.2152481079,41828,41838,10
12.9990901947,80.2147521973,41838,41849,11
12.9994897842,80.2144012451,41849,41859,10
13.0,80.2139663696,41859,41869,10
13.0005998611,80.2134170532,41869,41879,10
13.0012903214,80.212890625,41879,41889,10
13.0018596649,80.2124481201,41889,41899,10
13.0023002625,80.2122116089,41899,41909,10
13.002579689,80.212097168,41909,41919,10
13.0029201508,80.2120666504,41919,41929,10
13.0033502579,80.212020874,41929,41939,10
13.0034999847,80.2119979858,41939,41950,11
13.0036697388,80.2117004395,41950,41960,10
13.0036401749,80.2111129761,41960,41970,10
13.0035495758,80.2103805542,41970,41980,10
13.003490448,80.209602356,41980,41990,10
13.0036001205,80.2090301514,41990,42000,10
13.0041303635,80.2086791992,42000,42010,10
13.004940033,80.2090377808,42010,42020,10
13.0058403015,80.2093963623,42020,42030,10
13.0065603256,80.2096405029,42030,42040,10
13.0069503784,80.2097320557,42040,42050,10
13.0069799423,80.2097320557,42050,42061,11
13.0070400238,80.2097473145,42061,42071,10
13.0072202682,80.2097625732,42071,42081,10
13.007519722,80.2098083496,42081,42091,10
13.0080795288,80.2099304199,42091,42101,10
13.0080795288,80.2093887329,42101,42111,10
13.0079202652,80.2085876465,42111,42121,10
13.0077695847,80.2076034546,42121,42131,10
13.0076198578,80.2066726685,42131,42141,10
13.007519722,80.2057418823,42141,42151,10
13.0074901581,80.2047576904,42151,42162,11
13.0074300766,80.2037963867,42162,42172,10
13.0072603226,80.2029418945,42172,42182,10
13.0066604614,80.2026062012,42182,42192,10
13.0065698624,80.2031784058,42192,42202,10
13.0068702698,80.2034225464,42202,42212,10
13.0073404312,80.2036514282,42212,42222,10
13.008099556,80.203742981,42222,42232,10
13.0090999603,80.2036590576,42232,42242,10
13.0102796555,80.2036132813,42242,42252,10
13.0115699768,80.2037200928,42252,42269,17
13.0136404037,80.2042007446,42269,42291,22
13.0136404037,80.2042007446,42291,42301,10
13.0136899948,80.204460144,42301,42309,8
13.0135097504,80.2048568726,42309,42321,12
13.0131998062,80.2058486938,42321,42331,10
13.0130395889,80.2067337036,42331,42341,10
13.0129804611,80.2074203491,42341,42351,10
13.0129003525,80.2078399658,42351,42361,10
13.0128898621,80.2083587646,42361,42371,10
13.0129203796,80.208732605,42371,42382,11
13.0130395889,80.2093963623,42382,42392,10
13.0131502151,80.2099227905,42392,42402,10
13.0130796432,80.2106323242,42402,42412,10
13.0126304626,80.2116928101,42412,42432,20
13.0126304626,80.2116928101,42432,42442,10
13.0125598907,80.2118377686,42442,42452,10
13.0125198364,80.2119293213,42452,42462,10
13.012260437,80.2123031616,42462,42472,10
13.0119695663,80.2127075195,42472,42483,11
13.0116901398,80.2127609253,42483,42493,10
13.0112800598,80.2124404907,42493,42503,10
13.0106801987,80.212020874,42503,42513,10
13.0101604462,80.2116775513,42513,42523,10
13.0100002289,80.2115325928,42523,42533,10
13.0097799301,80.2113571167,42533,42604,71
13.009519577,80.2110977173,42604,42715,111
13.009519577,80.2110977173,42715,42725,10
13.0092201233,80.2111968994,42725,42735,10
13.009059906,80.2114334106,42735,42745,10
13.0090198517,80.2116928101,42745,42755,10
13.009180069,80.2121810913,42755,42765,10
13.0093698502,80.2127380371,42765,42775,10
13.0095300674,80.2132034302,42775,42785,10
13.0096797943,80.2135925293,42785,42796,11
13.0098800659,80.2141036987,42796,42806,10
13.0101003647,80.2148132324,42806,42816,10
13.0102500916,80.2157592773,42816,42826,10
13.010720253,80.2167816162,42826,42836,10
13.0111703873,80.2177505493,42836,42846,10
13.0115804672,80.2188415527,42846,42856,10
13.0119800568,80.2200393677,42856,42865,9
13.0122900009,80.2210617065,42865,42877,12
13.0125799179,80.2217407227,42877,42887,10
13.0130195618,80.2223892212,42887,42898,11
13.0136804581,80.2230987549,42898,42908,10
13.0142097473,80.223739624,42908,42918,10
13.0147895813,80.2244186401,42918,42926,8
13.0152597427,80.2249298096,42926,42938,12
13.0154895782,80.2252502441,42938,42947,9
13.0154895782,80.2254104614,42947,42958,11
13.0152902603,80.2258071899,42958,42967,9
13.0150299072,80.2259597778,42967,42977,10
13.0150203705,80.2259674072,42977,42988,11
13.0149497986,80.2260131836,42988,42999,11
13.0145101547,80.2261886597,42999,43009,10
13.0138101578,80.2264480591,43009,43019,10
13.012960434,80.2267837524,43019,43029,10
13.0120897293,80.2271270752,43029,43039,10
13.0112600327,80.2274398804,43039,43048,9
13.0105104446,80.2277374268,43048,43059,11
13.0096902847,80.2279663086,43059,43069,10
13.0095996857,80.2274017334,43069,43079,10
13.0099401474,80.2266769409,43079,43089,10
13.0102396011,80.2259521484,43089,43099,10
13.0104703903,80.2254333496,43099,43110,11
13.0108098984,80.2247314453,43110,43120,10
13.011059761,80.2240371704,43120,43130,10
13.0112600327,80.2234573364,43130,43140,10
13.0111999512,80.2232284546,43140,43150,10
13.0107402802,80.2229995728,43150,43160,10
13.010430336,80.2228927612,43160,43170,10
13.0101699829,80.2227401733,43170,43180,10
13.0095596313,80.2223968506,43180,43190,10
13.0088100433,80.2219772339,43190,43200,10
13.0079803467,80.221496582,43200,43211,11
13.0069904327,80.2210006714,43211,43221,10
13.0060396194,80.2206726074,43221,43231,10
13.0051603317,80.2204666138,43231,43241,10
13.0047302246,80.2203598022,43241,43251,10
13.0045900345,80.2202987671,43251,43267,16
13.0034599304,80.2200622559,43267,43279,12
13.0023803711,80.2194900513,43279,43288,9
13.0018100739,80.2189025879,43288,43299,11
13.00096035,80.2182693481,43299,43309,10
13.0001602173,80.2177200317,43309,43320,11
12.9992103577,80.2171707153,43320,43330,10
12.9982995987,80.2167434692,43330,43339,9
12.9975996017,80.2165985107,43339,43350,11
12.9974603653,80.2165985107,43350,43360,10
12.9972400665,80.2165908813,43360,43370,10
12.9968595505,80.2166137695,43370,43380,10
12.9964799881,80.2166366577,43380,43390,10
12.9955997467,80.2168731689,43390,43400,10
12.9949398041,80.2172317505,43400,43410,10
12.9943704605,80.2176132202,43410,43421,11
12.9937801361,80.2180328369,43421,43431,10
12.9931402206,80.2184906006,43431,43441,10
12.9924001694,80.2190322876,43441,43451,10
12.9916801453,80.2195587158,43451,43461,10
12.9908599854,80.220161438,43461,43481,20
12.9908599854,80.220161438,43481,43491,10
12.9905595779,80.2203903198,43491,43501,10
12.9900197983,80.2208175659,43501,43511,10
12.9895095825,80.2214126587,43511,43522,11
12.9888801575,80.2221679688,43522,43532,10
12.9881095886,80.222869873,43532,43542,10
12.987660408,80.2231216431,43542,43552,10
12.987569809,80.2231292725,43552,43562,10
12.9873399734,80.2231063843,43562,43572,10
12.9869699478,80.2230606079,43572,43582,10
12.9864397049,80.2230300903,43582,43592,10
12.9859399796,80.2230606079,43592,43602,10
12.9854402542,80.2233200073,43602,43612,10
12.9848299026,80.2231903076,43612,43683,71
12.9848299026,80.2231903076,43683,43693,10
12.9844799042,80.2230987549,43693,43703,10
12.9841403961,80.22290802,43703,43713,10
12.9837398529,80.2226486206,43713,43723,10
12.9831800461,80.2223434448,43723,43734,11
12.9831495285,80.2222671509,43734,43744,10
12.9831600189,80.2221679688,43744,43754,10
12.9828300476,80.222038269,43754,43764,10
12.9824104309,80.221862793,43764,43774,10
12.9818296432,80.221572876,43774,43784,10
12.9809703827,80.2213363647,43784,43794,10
12.980099678,80.2212600708,43794,43804,10
12.9792804718,80.221282959,43804,43814,10
12.9787597656,80.2212600708,43814,43824,10
12.9779701233,80.2213287354,43824,43835,11
12.9771699905,80.2213592529,43835,43845,10
12.976650238,80.2212982178,43845,43855,10
12.9761896133,80.2214431763,43855,43865,10
12.9764003754,80.2218322754,43865,43885,20
12.9764003754,80.2218322754,43885,43895,10
12.9765501022,80.2221603394,43895,43905,10
12.9769296646,80.2227783203,43905,43915,10
12.977350235,80.2235031128,43915,43925,10
12.9778299332,80.2242584229,43925,43935,10
12.9782495499,80.2249603271,43935,43946,11
12.9787197113,80.2257385254,43946,43956,10
12.9791297913,80.2263870239,43956,43966,10
12.9792699814,80.2266387939,43966,43976,10
12.9795103073,80.2270431519,43976,43986,10
12.9799003601,80.2276611328,43986,43996,10
12.9802598953,80.2282714844,43996,44006,10
12.9806804657,80.229019165,44006,44016,10
12.9811496735,80.2297821045,44016,44026,10
12.9816198349,80.2304611206,44026,44036,10
12.9816598892,80.2305297852,44036,44047,11
12.9817800522,80.2307815552,44047,44057,10
12.9819698334,80.2314300537,44057,44067,10
12.9820203781,80.2321624756,44067,44077,10
12.9819002151,80.2328186035,44077,44087,10
12.9816703796,80.2334213257,44087,44097,10
12.9816303253,80.2335205078,44097,44107,10
12.9815101624,80.2337722778,44107,44117,10
12.9812803268,80.2342376709,44117,44127,10
12.9812002182,80.2349090576,44127,44137,10
12.9812297821,80.2357406616,44137,44147,10
12.9812402725,80.236541748,44147,44158,11
12.9812602997,80.2372436523,44158,44168,10
12.9812698364,80.2378234863,44168,44178,10
12.9812898636,80.2384719849,44178,44188,10
12.9812898636,80.2386169434,44188,44198,10
12.9812898636,80.2388687134,44198,44208,10
12.981300354,80.2394638062,44208,44218,10
12.9813203812,80.2401733398,44218,44228,10
12.9813404083,80.2410430908,44228,44238,10
12.9813299179,80.2419891357,44238,44248,10
12.9813404083,80.2426834106,44248,44259,11
12.9813299179,80.242767334,44259,44269,10
12.9813404083,80.2431335449,44269,44279,10
12.9812898636,80.2438583374,44279,44289,10
12.9811601639,80.2448272705,44289,44299,10
12.9810199738,80.2460403442,44299,44309,10
12.9808797836,80.2473831177,44309,44319,10
12.9807796478,80.2487487793,44319,44329,10
12.980629921,80.2499389648,44329,44339,10
12.9803600311,80.2510223389,44339,44349,10
12.9801397324,80.2519226074,44349,44359,10
12.9799995422,80.2523574829,44359,44370,11
12.9799404144,80.252571106,44370,44380,10
12.9797801971,80.2527770996,44380,44390,10
12.9792203903,80.2527236938,44390,44400,10
12.9786701202,80.2526397705,44400,44410,10
12.9785900116,80.2526016235,44410,44420,10
12.9781398773,80.2522964478,44420,44430,10
12.9774904251,80.2517318726,44430,44440,10
12.976559639,80.2512893677,44440,44456,16
12.9749202728,80.2508392334,44456,44468,12
12.9736204147,80.2504730225,44468,44479,11
12.9727802277,80.2502822876,44479,44489,10
12.9725103378,80.2502212524,44489,44498,9
12.9718799591,80.2500610352,44498,44509,11
12.9709596634,80.2498168945,44509,44519,10
12.9701700211,80.2496185303,44519,44529,10
12.9692697525,80.2493362427,44529,44539,10
12.9682302475,80.248878479,44539,44549,10
12.9672803879,80.2484436035,44549,44559,10
12.9665298462,80.248008728,44559,44569,10
12.9657201767,80.2476730347,44569,44580,11
12.9651699066,80.2474975586,44580,44590,10
12.9650802612,80.247428894,44590,44600,10
12.9644699097,80.2471923828,44600,44610,10
12.9637098312,80.2469100952,44610,44620,10
12.9629402161,80.2465209961,44620,44630,10
12.9620103836,80.2460403442,44630,44640,10
12.9609203339,80.2455062866,44640,44650,10
12.960149765,80.2451629639,44650,44660,10
12.9594697952,80.2449035645,44660,44670,10
12.959400177,80.2448730469,44670,44681,11
12.9588899612,80.2446212769,44681,44691,10
12.9582099915,80.2443313599,44691,44701,10
12.9576597214,80.244140625,44701,44711,10
12.9571895599,80.2439193726,44711,44721,10
12.9571399689,80.2438964844,44721,44731,10
12.9569797516,80.2438201904,44731,44741,10
12.9569196701,80.2437973022,44741,44751,10
12.956870079,80.2437820435,44751,44761,10
12.9567804337,80.2437362671,44761,44771,10
12.9567499161,80.2437286377,44771,44782,11
12.9566001892,80.2436599731,44782,44792,10
12.9564800262,80.2436218262,44792,44803,11
12.9563903809,80.2435913086,44803,44813,10
12.9560699463,80.2434616089,44813,44823,10
12.9553804398,80.2431488037,44823,44833,10
12.9546003342,80.2428207397,44833,44843,10
12.953789711,80.2424926758,44843,44854,11
12.9528102875,80.2420883179,44854,44864,10
12.9519500732,80.2417907715,44864,44874,10
12.9517002106,80.2416915894,44874,44884,10
12.9515600204,80.2416610718,44884,44895,11
12.950920105,80.2414398193,44895,44905,10
12.9501600266,80.2412185669,44905,44915,10
12.9492101669,80.2409210205,44915,44925,10
12.9486303329,80.2406692505,44925,44935,10
12.9479398727,80.2403793335,44935,44944,9
12.9471597672,80.2400665283,44944,44965,21
12.9471597672,80.2400665283,44965,44975,10
12.9468002319,80.2399215698,44975,44985,10
12.9461202621,80.239616394,44985,44996,11
12.9453401566,80.2392730713,44996,45006,10
12.9446697235,80.2386779785,45006,45016,10
12.9439401627,80.2378921509,45016,45026,10
12.94328022,80.237159729,45026,45036,10
12.9427204132,80.2367172241,45036,45046,10
12.9418001175,80.2363586426,45046,45056,10
12.9407100677,80.2361068726,45056,45066,10
12.939789772,80.2358322144,45066,45076,10
12.9396600723,80.235786438,45076,45086,10
12.9395999908,80.2357711792,45086,45097,11
12.9390497208,80.2355117798,45097,45107,10
12.9382801056,80.2351074219,45107,45117,10
12.9373703003,80.2346572876,45117,45127,10
12.9365100861,80.2342529297,45127,45137,10
12.9359502792,80.2340011597,45137,45147,10
12.9353303909,80.2337036133,45147,45157,10
12.9344997406,80.2333068848,45157,45167,10
12.9338102341,80.2329864502,45167,45177,10
12.9337701797,80.232963562,45177,45187,10
12.933380127,80.2327804565,45187,45197,10
12.9326295853,80.2324829102,45197,45208,11
12.9316301346,80.2321395874,45208,45218,10
12.9306097031,80.2318115234,45218,45228,10
12.9295597076,80.231552124,45228,45238,10
12.9286003113,80.2313537598,45238,45248,10
12.9274396896,80.2311706543,45248,45258,10
12.9263896942,80.2310562134,45258,45268,10
12.9260501862,80.2310409546,45268,45278,10
12.9257202148,80.231010437,45278,45288,10
12.9250202179,80.2309112549,45288,45298,10
12.9240999222,80.230796814,45298,45309,11
12.9228401184,80.2306137085,45309,45319,10
12.9215202332,80.2304077148,45319,45329,10
12.9201202393,80.2302627563,45329,45339,10
12.9192199707,80.2301635742,45339,45349,10
12.9191598892,80.2301483154,45349,45359,10
12.9189796448,80.2301177979,45359,45369,10
12.9183502197,80.2300186157,45369,45379,10
12.9174499512,80.2299118042,45379,45389,10
12.9163799286,80.2297592163,45389,45399,10
12.915599823,80.229637146,45399,45409,10
12.9146003723,80.2294998169,45409,45420,11
12.9136400223,80.2293930054,45420,45430,10
12.9134197235,80.2293777466,45430,45440,10
12.9133396149,80.2293701172,45440,45450,10
12.9127998352,80.2292633057,45450,45460,10
12.9119701385,80.2291412354,45460,45470,10
12.9109897614,80.2289962769,45470,45480,10
12.9099798203,80.2288589478,45480,45490,10
12.9090099335,80.2286911011,45490,45500,10
12.9081201553,80.228553772,45500,45510,10
12.9073801041,80.2284393311,45510,45521,11
12.9068803787,80.2284011841,45521,45571,50
12.9068803787,80.2284011841,45571,45581,10
12.9065599442,80.2283706665,45581,45591,10
12.9058504105,80.2283096313,45591,45601,10
12.9049100876,80.2282562256,45601,45611,10
12.9038295746,80.2281799316,45611,45621,10
12.9026403427,80.2281188965,45621,45632,11
12.9014501572,80.2280578613,45632,45642,10
12.900639534,80.2279968262,45642,45652,10
12.8998804092,80.2279891968,45652,45662,10
12.8992900848,80.2279663086,45662,45682,20
12.8992900848,80.2279663086,45682,45692,10
12.8991699219,80.2279586792,45692,45702,10
12.8986101151,80.2279129028,45702,45712,10
12.8977899551,80.2278594971,45712,45722,10
12.8967504501,80.2277832031,45722,45733,11
12.8954601288,80.2277297974,45733,45743,10
12.8942804337,80.2276611328,45743,45753,10
12.8931798935,80.2275695801,45753,45773,20
12.8931798935,80.2275695801,45773,45783,10
12.8929195404,80.2275238037,45783,45793,10
12.892539978,80.2274475098,45793,45803,10
12.8923196793,80.2274398804,45803,45813,10
12.8916196823,80.227432251,45813,45823,10
12.8906202316,80.227432251,45823,45833,10
12.8894100189,80.2274398804,45833,45844,11
12.8887395859,80.2274398804,45844,45854,10
12.8884401321,80.2274017334,45854,45864,10
12.8877000809,80.2273406982,45864,45874,10
12.8866701126,80.2271575928,45874,45884,10
12.8855199814,80.226852417,45884,45894,10
12.8850097656,80.2267837524,45894,45904,10
12.8847103119,80.2267608643,45904,45914,10
12.8839502335,80.2267684937,45914,45924,10
12.8828802109,80.2267837524,45924,45934,10
12.8816604614,80.2267837524,45934,45945,11
12.88022995,80.2267913818,45945,45955,10
12.8788204193,80.2268218994,45955,45965,10
12.8774204254,80.2269210815,45965,45975,10
12.8765802383,80.2269973755,45975,45985,10
12.8763799667,80.2268371582,45985,45995,10
12.8763799667,80.2267913818,45995,46005,10
12.8764095306,80.2266921997,46005,46015,10
12.8764200211,80.2265014648,46015,46025,10
12.8764801025,80.2259674072,46025,46035,10
12.8765697479,80.2250976563,46035,46046,11
12.8767499924,80.2238388062,46046,46056,10
12.8770399094,80.2225418091,46056,46066,10
12.8773603439,80.2211990356,46066,46076,10
12.8776597977,80.2198867798,46076,46086,10
12.8779401779,80.2185821533,46086,46096,10
12.8781900406,80.2173461914,46096,46106,10
12.878490448,80.216003418,46106,46116,10
12.878780365,80.21459198,46116,46126,10
12.8790502548,80.213180542,46126,46136,10
12.8793001175,80.2118988037,46136,46146,10
12.8794002533,80.2110900879,46146,46157,11
12.8792295456,80.2109603882,46157,46167,10
12.8790998459,80.2109375,46167,46177,10
12.8786497116,80.2108612061,46177,46187,10
12.8778800964,80.2107162476,46187,46197,10
12.8770399094,80.2105636597,46197,46213,16
12.8745098114,80.2101135254,46213,46233,20
12.8745098114,80.2101135254,46233,46245,12
12.8744001389,80.2100601196,46245,46255,10
12.8744697571,80.2095794678,46255,46265,10
12.8746795654,80.2098236084,46265,47801,1536
12.8746795654,80.2098236084,47801,47811,10
12.8746995926,80.2098693848,47811,47821,10
12.8746595383,80.2100219727,47821,47831,10
12.8749303818,80.2101898193,47831,47842,11
12.8756303787,80.2102966309,47842,47852,10
12.8763198853,80.2104187012,47852,47862,10
12.8769397736,80.2105331421,47862,47872,10
12.8776798248,80.2106781006,47872,47882,10
12.8784399033,80.2108230591,47882,47892,10
12.8790102005,80.2109298706,47892,47902,10
12.8791399002,80.2109603882,47902,47912,10
12.8793096542,80.2109985352,47912,47921,9
12.8794603348,80.2113494873,47921,47932,11
12.8792800903,80.2122192383,47932,47942,10
12.8790798187,80.2132492065,47942,47953,11
12.8788404465,80.2145385742,47953,47963,10
12.8785800934,80.2157669067,47963,47973,10
12.8783197403,80.2170562744,47973,47983,10
12.8780498505,80.2183609009,47983,47993,10
12.8777503967,80.2196807861,47993,48003,10
12.8774499893,80.2209625244,48003,48013,10
12.8771495819,80.2222900391,48013,48023,10
12.8768396378,80.2236480713,48023,48033,10
12.8766202927,80.2250213623,48033,48043,10
12.8764801025,80.2261810303,48043,48054,11
12.8764200211,80.2268600464,48054,48064,10
12.876660347,80.2268981934,48064,48074,10
12.8768196106,80.2268829346,48074,48084,10
12.8774700165,80.2268066406,48084,48094,10
12.8783903122,80.2267303467,48094,48104,10
12.87940979,80.2266693115,48104,48114,10
12.8805503845,80.2266464233,48114,48124,10
12.8817195892,80.2266387939,48124,48134,10
12.882900238,80.2266311646,48134,48144,10
12.8840799332,80.2266082764,48144,48154,10
12.8850603104,80.2266235352,48154,48165,11
12.8852596283,80.2266235352,48165,48175,10
12.8855104446,80.2266616821,48175,48185,10
12.8861103058,80.2268295288,48185,48195,10
12.887140274,80.2270889282,48195,48205,10
12.8882703781,80.2272262573,48205,48215,10
12.8894901276,80.2272720337,48215,48225,10
12.8905096054,80.2272796631,48225,48235,10
12.8919696808,80.2272872925,48235,48245,10
12.8928604126,80.2273712158,48245,48255,10
12.8938798904,80.2274780273,48255,48266,11
12.8940896988,80.2274780273,48266,48276,10
12.8943901062,80.2275085449,48276,48285,9
12.8948402405,80.2275390625,48285,48296,11
12.8956899643,80.2275772095,48296,48306,10
12.8967504501,80.2276077271,48306,48316,10
12.8978796005,80.2276687622,48316,48326,10
12.899020195,80.2277526855,48326,48336,10
12.9007396698,80.2278213501,48336,48437,101
12.9007396698,80.2278213501,48437,48447,10
12.9010095596,80.2278671265,48447,48457,10
12.9015398026,80.227897644,48457,48467,10
12.9022102356,80.2279205322,48467,48478,11
12.9024600983,80.2279205322,48478,48488,10
12.9025802612,80.2279281616,48488,48498,10
12.9031801224,80.2279815674,48498,48508,10
12.9040298462,80.2280273438,48508,48518,10
12.9050502777,80.2280807495,48518,48528,10
12.9060602188,80.2281188965,48528,48538,10
12.9063997269,80.2281188965,48538,48548,10
12.9064102173,80.2281188965,48548,48558,10
12.9065303802,80.2280883789,48558,48568,10
12.9070997238,80.2281723022,48568,48578,10
12.9080295563,80.2283172607,48578,48589,11
12.9092197418,80.2285308838,48589,48599,10
12.9104404449,80.2287368774,48599,48609,10
12.9117498398,80.2289276123,48609,48619,10
12.9130601883,80.2291183472,48619,48629,10
12.913860321,80.2292098999,48629,48639,10
12.9139003754,80.2292175293,48639,48649,10
12.9141902924,80.2292709351,48649,48659,10
12.914899826,80.2293624878,48659,48669,10
12.9158802032,80.2295074463,48669,48679,10
12.9169998169,80.2296524048,48679,48690,11
12.918299675,80.2298278809,48690,48700,10
12.9195804596,80.2300109863,48700,48710,10
12.9209699631,80.2302017212,48710,48720,10
12.922419548,80.2304077148,48720,48730,10
12.9238901138,80.2306289673,48730,48740,10
12.9252796173,80.2307815552,48740,48750,10
12.9264802933,80.2309188843,48750,48760,10
12.9277095795,80.2310714722,48760,48770,10
12.9286603928,80.2312011719,48770,48780,10
12.9291801453,80.231300354,48780,48791,11
12.9301204681,80.2315216064,48791,48801,10
12.931139946,80.2318115234,48801,48811,10
12.9321098328,80.2321395874,48811,48821,10
12.9330701828,80.232460022,48821,48831,10
12.9335098267,80.2326583862,48831,48841,10
12.9335803986,80.2326965332,48841,48851,10
12.9340400696,80.2329406738,48851,48861,10
12.934800148,80.2332763672,48861,48871,10
12.9357004166,80.2336730957,48871,48881,10
12.9366998672,80.2341537476,48881,48891,10
12.9377403259,80.2346420288,48891,48902,11
12.9388103485,80.235168457,48902,48912,10
12.9394598007,80.2355194092,48912,48922,10
12.9397001266,80.2356185913,48922,48932,10
12.9401102066,80.2357635498,48932,48942,10
12.9408597946,80.2359771729,48942,48952,10
12.9418401718,80.2362365723,48952,48962,10
12.9429101944,80.236656189,48962,48972,10
12.9437799454,80.237449646,48972,48982,10
12.9446201324,80.2384033203,48982,48991,9
12.9454803467,80.2391815186,48991,49003,12
12.9467401505,80.2397384644,49003,49013,10
12.9469804764,80.2398376465,49013,49023,10
12.9470701218,80.2398834229,49023,49033,10
12.9475402832,80.2400665283,49033,49043,10
12.9478502274,80.2402191162,49043,49053,10
12.948559761,80.2405014038,49053,49083,30
12.948559761,80.2405014038,49083,49093,10
12.9487304688,80.2405776978,49093,49104,11
12.9492197037,80.2407836914,49104,49114,10
12.9499597549,80.2410202026,49114,49124,10
12.950799942,80.2412872314,49124,49134,10
12.9513998032,80.2414169312,49134,49144,10
12.9516801834,80.2415313721,49144,49154,10
12.9523601532,80.2417907715,49154,49164,10
12.9533004761,80.2421722412,49164,49174,10
12.954079628,80.2424926758,49174,49184,10
12.9548797607,80.2427978516,49184,49194,10
12.9557304382,80.2431030273,49194,49204,10
12.956410408,80.243347168,49204,49215,11
12.9568395615,80.2435379028,49215,49225,10
12.9575996399,80.2439193726,49225,49235,10
12.9584703445,80.2442779541,49235,49245,10
12.9587497711,80.2443695068,49245,49255,10
12.9589004517,80.2444381714,49255,49265,10
12.9590797424,80.2445297241,49265,49275,10
12.959690094,80.2448272705,49275,49285,10
12.9605798721,80.2452163696,49285,49295,10
12.9616699219,80.2457504272,49295,49305,10
12.9628601074,80.2463378906,49305,49316,11
12.9638900757,80.2468414307,49316,49326,10
12.9648704529,80.247177124,49326,49336,10
12.965880394,80.247543335,49336,49346,10
12.9664096832,80.2477416992,49346,49356,10
12.9665899277,80.2478103638,49356,49366,10
12.9667901993,80.2479171753,49366,49376,10
12.9673700333,80.2482223511,49376,49386,10
12.9681501389,80.2485275269,49386,49396,10
12.9690198898,80.248916626,49396,49406,10
12.9700803757,80.2493209839,49406,49416,10
12.9712495804,80.2497024536,49416,49427,11
12.9726200104,80.2500534058,49427,49437,10
12.9737901688,80.2503662109,49437,49447,10
12.9752502441,80.2507705688,49447,49457,10
12.976559639,80.2511367798,49457,49467,10
12.9776601791,80.251701355,49467,49477,10
12.9786596298,80.2524185181,49477,49487,10
12.9794998169,80.2525405884,49487,49497,10
12.9799098969,80.2523498535,49497,49507,10
12.9799203873,80.2522964478,49507,49517,10
12.9799604416,80.2520599365,49517,49528,11
12.9801702499,80.2514419556,49528,49538,10
12.9803304672,80.2508773804,49538,49548,10
12.9805698395,80.2500305176,49548,49558,10
12.9807395935,80.2490234375,49558,49568,10
12.9808101654,80.2479171753,49568,49578,10
12.9809103012,80.246711731,49578,49588,10
12.9810495377,80.2453613281,49588,49598,10
12.9811601639,80.2442321777,49598,49608,10
12.9812202454,80.2436981201,49608,49618,10
12.9813404083,80.2433929443,49618,49629,11
12.9813404083,80.2428588867,49629,49639,10
12.9813203812,80.2428131104,49639,49649,10
12.9813098907,80.2425765991,49649,49659,10
12.9813098907,80.2419662476,49659,49669,10
12.9813098907,80.2411575317,49669,49679,10
12.981300354,80.2402572632,49679,49689,10
12.981300354,80.239730835,49689,49699,10
12.9812803268,80.239402771,49699,49709,10
12.9812698364,80.2387619019,49709,49719,10
12.9812498093,80.2380371094,49719,49729,10
12.9812498093,80.2379608154,49729,49740,11
12.9812402725,80.2376098633,49740,49750,10
12.9812202454,80.2369003296,49750,49760,10
12.9812002182,80.2360610962,49760,49770,10
12.9811697006,80.2351531982,49770,49780,10
12.9812202454,80.2342224121,49780,49790,10
12.9816102982,80.2333602905,49790,49810,20
12.9816102982,80.2333602905,49810,49826,16
12.9818601608,80.2328262329,49826,49838,12
12.982000351,80.2322769165,49838,49849,11
12.9819803238,80.2319412231,49849,49858,9
12.9819202423,80.2313232422,49858,49869,11
12.9816598892,80.2306976318,49869,49879,10
12.981300354,80.2300567627,49879,49888,9
12.9809703827,80.2295379639,49888,49899,11
12.9806604385,80.2290725708,49899,49909,10
12.9805498123,80.2288894653,49909,49919,10
12.9805002213,80.2287979126,49919,49929,10
12.9802904129,80.2284164429,49929,49939,10
12.9800796509,80.228012085,49939,49950,11
12.9796895981,80.2273635864,49950,49960,10
12.9793300629,80.2267379761,49960,49970,10
12.9790697098,80.2263412476,49970,49980,10
12.9786901474,80.2257232666,49980,49990,10
12.978269577,80.2250289917,49990,50000,10
12.9779996872,80.224609375,50000,50010,10
12.9777002335,80.2242279053,50010,50020,10
12.9776601791,80.2241592407,50020,50030,10
12.9774703979,80.2238235474,50030,50040,10
12.9771404266,80.2232437134,50040,50051,11
12.9771404266,80.2226715088,50051,50071,20
12.9771404266,80.2226715088,50071,50081,10
12.9772901535,80.2226409912,50081,50091,10
12.9774799347,80.2225036621,50091,50101,10
12.9774599075,80.2219467163,50101,50111,10
12.9774398804,80.2213973999,50111,50121,10
12.9775400162,80.2211990356,50121,50131,10
12.9779901505,80.2212295532,50131,50141,10
12.9785604477,80.2211532593,50141,50151,10
12.9791002274,80.2211227417,50151,50162,11
12.9798898697,80.2210617065,50162,50172,10
12.9805402756,80.2210006714,50172,50182,10
12.9811897278,80.2211074829,50182,50192,10
12.9817399979,80.2214126587,50192,50202,10
12.9823703766,80.2217483521,50202,50212,10
12.982749939,80.2218780518,50212,50222,10
12.9829797745,80.2219772339,50222,50232,10
12.983039856,80.2220001221,50232,50242,10
12.9833898544,80.2222366333,50242,50252,10
12.9838104248,80.2224884033,50252,50263,11
12.9844303131,80.222869873,50263,50273,10
12.9850997925,80.2232437134,50273,50283,10
12.9855604172,80.2231063843,50283,50293,10
12.9861097336,80.2229614258,50293,50303,10
12.9864902496,80.2229537964,50303,50313,10
12.9866399765,80.2229766846,50313,50323,10
12.9868602753,80.2230224609,50323,50333,10
12.9874200821,80.2230911255,50333,50343,10
12.9876499176,80.2230834961,50343,50353,10
12.9878702164,80.2230072021,50353,50364,11
12.9883499146,80.2226333618,50364,50374,10
12.9888896942,80.2220687866,50374,50384,10
12.9894800186,80.221321106,50384,50394,10
12.9901800156,80.2205734253,50394,50404,10
12.9904298782,80.2203674316,50404,50414,10
12.9905996323,80.2202529907,50414,50424,10
12.9910802841,80.2198562622,50424,50434,10
12.991689682,80.2194137573,50434,50444,10
12.9924201965,80.2189025879,50444,50454,10
12.9932098389,80.2183074951,50454,50464,10
12.9939002991,80.2177963257,50464,50474,10
12.99421978,80.2175674438,50474,50485,11
12.9944400787,80.2174072266,50485,50495,10
12.9946603775,80.2172470093,50495,50505,10
12.9948396683,80.2171096802,50505,50515,10
12.9950799942,80.2169799805,50515,50525,10
12.9954395294,80.2167663574,50525,50535,10
12.995759964,80.2166519165,50535,50545,10
12.9959697723,80.2166137695,50545,50555,10
12.9961795807,80.2165679932,50555,50565,10
12.9963903427,80.2165298462,50565,50576,11
12.9964504242,80.2165222168,50576,50586,10
12.9967603683,80.2164916992,50586,50596,10
12.9970397949,80.2164611816,50596,50606,10
12.9970703125,80.2164611816,50606,50616,10
12.9972696304,80.2163085938,50616,50626,10
12.9975099564,80.2161026001,50626,50636,10
12.9976100922,80.2160263062,50636,50646,10
12.9979896545,80.2156982422,50646,50656,10
12.9985198975,80.2152328491,50656,50666,10
12.9990301132,80.2147979736,50666,50677,11
12.9993400574,80.2145385742,50677,50687,10
12.9998397827,80.2141189575,50687,50697,10
13.0002403259,80.2137374878,50697,50706,9
13.0006999969,80.2133102417,50706,50717,11
13.0012302399,80.2129211426,50717,50727,10
13.0018901825,80.2124328613,50727,50737,10
13.0024595261,80.2121429443,50737,50747,10
13.0031099319,80.2120513916,50747,50757,10
13.0034799576,80.212020874,50757,50767,10
13.0035600662,80.2119903564,50767,50777,10
13.0036697388,80.21144104,50777,50788,11
13.0035896301,80.2105636597,50788,50798,10
13.0034999847,80.2097091675,50798,50808,10
13.0036401749,80.2088623047,50808,50818,10
13.0042295456,80.2087020874,50818,50827,9
13.0049600601,80.2090530396,50827,50838,11
13.005689621,80.2093505859,50838,50848,10
13.0068502426,80.2097167969,50848,50868,20
13.0068502426,80.2097167969,50868,50878,10
13.0070695877,80.2097625732,50878,50889,11
13.0074796677,80.2098236084,50889,50899,10
13.0079603195,80.2099304199,50899,50909,10
13.0081300735,80.2097167969,50909,50919,10
13.0080003738,80.2090377808,50919,50929,10
13.0078601837,80.2081298828,50929,50939,10
13.0076999664,80.2071075439,50939,50949,10
13.0075702667,80.2060928345,50949,50959,10
13.007519722,80.2051467896,50959,50969,10
13.0074901581,80.2042312622,50969,50979,10
13.0073604584,80.2033462524,50979,50989,10
13.0071496964,80.2026062012,50989,51000,11
13.0065202713,80.2027893066,51000,51010,10
13.0067796707,80.203338623,51010,51020,10
13.0073795319,80.2036437988,51020,51030,10
13.0082798004,80.203742981,51030,51040,10
13.0095396042,80.2036514282,51040,51056,16
13.0117702484,80.203742981,51056,51068,12
13.0130596161,80.2039794922,51068,51076,8
13.0136003494,80.204208374,51076,51099,23
13.0136003494,80.204208374,51099,51109,10
13.0136404037,80.2044219971,51109,51119,10
13.0134897232,80.2048797607,51119,51129,10
13.0133304596,80.2054824829,51129,51137,8
13.0131902695,80.205909729,51137,51149,12
13.0130701065,80.2066421509,51149,51159,10
13.0129995346,80.2073516846,51159,51170,11
13.0129098892,80.2077789307,51170,51179,9
13.0128898621,80.2082366943,51179,51189,10
13.0129203796,80.2085723877,51189,51200,11
13.0130195618,80.2091827393,51200,51211,11
13.0132102966,80.2097167969,51211,51221,10
13.0131196976,80.210319519,51221,51231,10
13.012960434,80.2110519409,51231,51241,10
13.0127000809,80.2115783691,51241,51251,10
13.0123796463,80.2121429443,51251,51261,10
13.0120296478,80.2126235962,51261,51271,10
13.0117502213,80.2127609253,51271,51281,10
13.0112895966,80.2124404907,51281,51291,10
13.0107803345,80.2120819092,51291,51301,10
13.0104799271,80.2118377686,51301,51312,11
13.0101604462,80.2116088867,51312,51322,10
13.0099000931,80.2114105225,51322,51332,10
13.0097398758,80.2113037109,51332,51342,10
13.0094604492,80.2111434937,51342,51865,523
13.0094604492,80.2111434937,51865,51875,10
13.0090999603,80.2113723755,51875,51885,10
13.009059906,80.2116622925,51885,51895,10
13.0092000961,80.2121124268,51895,51905,10
13.0093202591,80.2125167847,51905,51915,10
13.0094995499,80.2129669189,51915,51925,10
13.0096902847,80.2134628296,51925,51935,10
13.0098800659,80.2139205933,51935,51946,11
13.0101203918,80.2145309448,51946,51956,10
13.010219574,80.2152786255,51956,51966,10
13.0104103088,80.2159805298,51966,51976,10
13.0107297897,80.2166976929,51976,51986,10
13.0111103058,80.2174835205,51986,51996,10
13.0114297867,80.2183227539,51996,52006,10
13.0117301941,80.2192001343,52006,52016,10
13.0120201111,80.2200393677,52016,52026,10
13.0122804642,80.2208023071,52026,52036,10
13.0124397278,80.2214584351,52036,52046,10
13.0127401352,80.2219467163,52046,52057,11
13.0131196976,80.2222366333,52057,52073,16
13.013879776,80.2231826782,52073,52085,12
13.0142498016,80.2236862183,52085,52094,9
13.0147600174,80.2242202759,52094,52105,11
13.0150203705,80.2245483398,52105,52115,10
13.0151996613,80.2247924805,52115,52125,10
13.0154600143,80.2253036499,52125,52135,10
13.0151996613,80.2257614136,52135,52145,10
13.0145101547,80.22605896,52145,52156,11
13.013759613,80.2263565063,52156,52166,10
13.0130996704,80.2266311646,52166,52176,10
13.0124597549,80.2268981934,52176,52186,10
13.0117397308,80.2271881104,52186,52195,9
13.0111598969,80.2274169922,52195,52206,11
13.0103302002,80.2277526855,52206,52216,10
13.00963974,80.227897644,52216,52225,9
13.0094900131,80.2276306152,52225,52236,11
13.0096998215,80.2271118164,52236,52246,10
13.0100002289,80.2264633179,52246,52256,10
13.0102996826,80.2257385254,52256,52267,11
13.0105800629,80.2250976563,52267,52277,10
13.01060009,80.2250595093,52277,52287,10
13.0107297897,80.2248687744,52287,52296,9
13.0108604431,80.2244567871,52296,52307,11
13.0111398697,80.223739624,52307,52317,10
13.0112199783,80.2234573364,52317,52327,10
13.011179924,80.2231521606,52327,52337,10
13.0106601715,80.2228775024,52337,52347,10
13.0103397369,80.2227325439,52347,52357,10
13.0100002289,80.2225265503,52357,52367,10
13.0094604492,80.2222366333,52367,52377,10
13.0088300705,80.2219085693,52377,52388,11
13.0081195831,80.2215118408,52388,52398,10
13.0074300766,80.2211380005,52398,52408,10
13.0067396164,80.2207489014,52408,52418,10
13.005979538,80.2205123901,52418,52428,10
13.0051202774,80.2203292847,52428,52438,10
13.0044298172,80.2201690674,52438,52448,10
13.0035400391,80.2199783325,52448,52458,10
13.0029296875,80.2197723389,52458,52469,11
13.0021095276,80.2191467285,52469,52479,10
13.001449585,80.2185211182,52479,52489,10
13.0007400513,80.2180175781,52489,52499,10
13.0000095367,80.2175598145,52499,52509,10
12.999250412,80.2171325684,52509,52519,10
12.9983701706,80.2167205811,52519,52529,10
12.9974803925,80.2165374756,52529,52539,10
12.9968395233,80.2165527344,52539,52549,10
12.9960203171,80.2166671753,52549,52559,10
12.9951400757,80.217010498,52559,52569,10
12.9944200516,80.2175216675,52569,52580,11
12.9937095642,80.2180786133,52580,52590,10
12.9930400848,80.2185516357,52590,52600,10
12.9923200607,80.219078064,52600,52610,10
12.9916601181,80.2195587158,52610,52620,10
12.9912204742,80.2198867798,52620,52630,10
12.9908504486,80.220199585,52630,52640,10
12.9906396866,80.2203598022,52640,52650,10
12.9901199341,80.220741272,52650,52660,10
12.9895801544,80.2212982178,52660,52670,10
12.989159584,80.2219009399,52670,52681,11
12.9885396957,80.2225418091,52681,52691,10
12.9878797531,80.2230834961,52691,52701,10
12.9876804352,80.2230987549,52701,52711,10
12.9871997833,80.2230606079,52711,52721,10
12.9865999222,80.2229614258,52721,52731,10
12.9858703613,80.2229995728,52731,52741,10
12.9853601456,80.2232971191,52741,52751,10
12.9848604202,80.2231674194,52751,52761,10
12.9842996597,80.2228164673,52761,52771,10
12.9838399887,80.2225418091,52771,52782,11
12.9836597443,80.222442627,52782,52792,10
12.9835300446,80.2223587036,52792,52802,10
12.9832897186,80.2221984863,52802,52812,10
12.9832000732,80.2221298218,52812,52822,10
12.9829902649,80.2219924927,52822,52832,10
12.9826898575,80.2219314575,52832,52842,10
12.9823303223,80.2218399048,52842,52852,10
12.9818601608,80.2215194702,52852,52862,10
12.9811401367,80.2210998535,52862,52872,10
12.9803800583,80.2210617065,52872,52882,10
12.9797697067,80.2211227417,52882,52883,1
12.9797296524,80.2211303711,52883,52885,2
12.9763402939,80.2217636108,52885,52957,72
12.9763402939,80.2217636108,52957,52967,10
12.9764900208,80.2220993042,52967,52977,10
12.9768400192,80.2226486206,52977,52987,10
12.9772796631,80.2233276367,52987,53018,31
12.9772796631,80.2233276367,53018,53028,10
12.977519989,80.2236785889,53028,53038,10
12.9778699875,80.2242279053,53038,53048,10
12.9782400131,80.224861145,53048,53058,10
12.9785404205,80.2253112793,53058,53068,10
12.9786701202,80.2255172729,53068,53078,10
12.9789400101,80.2259902954,53078,53088,10
12.9792604446,80.2265625,53088,53098,10
12.9797697067,80.2273788452,53098,53160,62
12.9797697067,80.2273788452,53160,53170,10
12.9798002243,80.2274780273,53170,53180,10
12.9799900055,80.2277832031,53180,53190,10
12.9803304672,80.2283477783,53190,53200,10
12.9807596207,80.2291107178,53200,53211,11
12.9813499451,80.2300186157,53211,53221,10
12.9816904068,80.2305297852,53221,53231,10
12.9818296432,80.230796814,53231,53241,10
12.9820098877,80.2314529419,53241,53251,10
12.982049942,80.2320632935,53251,53261,10
12.9820203781,80.2324676514,53261,53271,10
12.9818601608,80.2330703735,53271,53281,10
12.9814996719,80.2337722778,53281,53291,10
12.9812402725,80.2346420288,53291,53301,10
12.9812498093,80.2355804443,53301,53312,11
12.9812602997,80.2365722656,53312,53322,10
12.9812898636,80.2369613647,53322,53332,10
12.981300354,80.2370529175,53332,53342,10
12.981300354,80.2371368408,53342,53352,10
12.9813098907,80.2373733521,53352,53382,30
12.9813098907,80.2373733521,53382,53392,10
12.9813299179,80.2376174927,53392,53402,10
12.9813203812,80.2380371094,53402,53413,11
12.9813299179,80.2384490967,53413,53423,10
12.9813203812,80.2385787964,53423,53433,10
12.9813299179,80.238822937,53433,53443,10
12.9813404083,80.2394104004,53443,53453,10
12.9813604355,80.2400588989,53453,53463,10
12.9813604355,80.240852356,53463,53473,10
12.9813604355,80.2417831421,53473,53483,10
12.9813804626,80.2425384521,53483,53493,10
12.9813899994,80.2426986694,53493,53503,10
12.9813995361,80.242980957,53503,53513,10
12.9813604355,80.2436828613,53513,53524,11
12.9811897278,80.244758606,53524,53534,10
12.9810495377,80.2458496094,53534,53544,10
12.9809303284,80.2470932007,53544,53554,10
12.9808197021,80.2484588623,53554,53564,10
12.9806699753,80.2497634888,53564,53574,10
12.980389595,80.2509307861,53574,53584,10
12.9801797867,80.2518310547,53584,53594,10
12.9799900055,80.2523193359,53594,53604,10
12.9798202515,80.2527694702,53604,53614,10
12.9792499542,80.2527236938,53614,53625,11
12.9787597656,80.2526473999,53625,53635,10
12.9784698486,80.2525177002,53635,53645,10
12.9778404236,80.2519989014,53645,53655,10
12.9769001007,80.251411438,53655,53665,10
12.9756097794,80.2510070801,53665,53675,10
12.9742298126,80.2506103516,53675,53685,10
12.9729604721,80.250289917,53685,53695,10
12.9725399017,80.2501907349,53695,53705,10
12.9718704224,80.2499923706,53705,53715,10
12.9710197449,80.2497634888,53715,53725,10
12.9699897766,80.2493972778,53725,53736,11
12.9687299728,80.248916626,53736,53746,10
12.9676198959,80.2484817505,53746,53756,10
12.9665699005,80.2479934692,53756,53766,10
12.9655704498,80.2475814819,53766,53776,10
12.9652795792,80.2474899292,53776,53786,10
12.9650201797,80.2473678589,53786,53796,10
12.9643602371,80.2471237183,53796,53806,10
12.963809967,80.2469100952,53806,53816,10
12.9632101059,80.2466430664,53816,53826,10
12.9622602463,80.2461929321,53826,53837,11
12.9610204697,80.24559021,53837,53847,10
12.9600896835,80.2451629639,53847,53857,10
12.9591999054,80.2447814941,53857,53867,10
12.958319664,80.244392395,53867,53877,10
12.9579200745,80.2442092896,53877,53887,10
12.957909584,80.2442016602,53887,53897,10
12.9575796127,80.2441101074,53897,53907,10
12.9569196701,80.243888855,53907,53917,10
12.956410408,80.2437515259,53917,53956,39
12.956410408,80.2437515259,53956,53966,10
12.9563102722,80.2437591553,53966,53976,10
12.9557800293,80.2434768677,53976,53986,10
12.9549999237,80.2430419922,53986,53996,10
12.9540901184,80.2426605225,53996,54006,10
12.9530496597,80.2422180176,54006,54015,9
12.9518299103,80.2417602539,54015,54026,11
12.9516000748,80.2416763306,54026,54036,10
12.9513101578,80.2415771484,54036,54047,11
12.9504899979,80.2413024902,54047,54057,10
12.9494895935,80.2410202026,54057,54067,10
12.9485702515,80.2406387329,54067,54077,10
12.9475803375,80.2402191162,54077,54087,10
12.9470596313,80.2400436401,54087,54097,10
12.9469299316,80.239982605,54097,54107,10
12.9463500977,80.239730835,54107,54117,10
12.9455003738,80.2393264771,54117,54127,10
12.9445896149,80.23853302,54127,54137,10
12.9437398911,80.2376174927,54137,54147,10
12.9433002472,80.237159729,54147,54158,11
12.9430198669,80.2368927002,54158,54168,10
12.9422903061,80.2364807129,54168,54178,10
12.9411697388,80.2361831665,54178,54188,10
12.9403400421,80.2359771729,54188,54197,9
12.9396800995,80.235748291,54197,54208,11
12.9394197464,80.2356185913,54208,54218,10
12.9387798309,80.2353134155,54218,54228,10
12.9378595352,80.2348403931,54228,54238,10
12.9367599487,80.2343063354,54238,54248,10
12.9359798431,80.2339172363,54248,54259,11
12.9357500076,80.233833313,54259,54269,10
12.9352502823,80.2335891724,54269,54279,10
12.9343900681,80.2331924438,54279,54289,10
12.9336500168,80.2328567505,54289,54299,10
12.9330797195,80.2326278687,54299,54309,10
12.932220459,80.2322998047,54309,54319,10
12.931189537,80.2319793701,54319,54329,10
12.9300603867,80.2316436768,54329,54339,10
12.9292602539,80.2314605713,54339,54355,16
12.9274396896,80.2311630249,54355,54368,13
12.9258003235,80.2309799194,54368,54377,9
12.9249000549,80.2308807373,54377,54388,11
12.9244699478,80.2308502197,54388,54398,10
12.9237604141,80.2307662964,54398,54409,11
12.922539711,80.2305908203,54409,54419,10
12.9215402603,80.230430603,54419,54429,10
12.9202098846,80.2302627563,54429,54439,10
12.9192695618,80.2301177979,54439,54449,10
12.9184799194,80.2300186157,54449,54459,10
12.9174995422,80.2299118042,54459,54470,11
12.9163999557,80.2297515869,54470,54480,10
12.9152603149,80.2295684814,54480,54490,10
12.9142999649,80.2294235229,54490,54500,10
12.9134998322,80.2293624878,54500,54510,10
12.9132604599,80.2293167114,54510,54520,10
12.9129800797,80.2292480469,54520,54530,10
12.912320137,80.2291564941,54530,54540,10
12.9112997055,80.2290115356,54540,54550,10
12.9100704193,80.228843689,54550,54560,10
12.9088497162,80.2286376953,54560,54571,11
12.9077596664,80.2284164429,54571,54581,10
12.9070501328,80.2283401489,54581,54601,20
12.9070501328,80.2283401489,54601,54611,10
12.9067697525,80.2283401489,54611,54621,10
12.9060897827,80.2282791138,54621,54631,10
12.9052600861,80.2282409668,54631,54641,10
12.9042797089,80.2281799316,54641,54651,10
12.903260231,80.2281112671,54651,54661,10
12.9021997452,80.2280578613,54661,54671,10
12.9012203217,80.2280197144,54671,54702,31
12.9012203217,80.2280197144,54702,54712,10
12.9011001587,80.2279510498,54712,54722,10
12.9007196426,80.2279205322,54722,54732,10
12.9000797272,80.2278823853,54732,54742,10
12.8994197845,80.2278823853,54742,54758,16
12.899020195,80.2278594971,54758,54770,12
12.8981704712,80.2277984619,54770,54779,9
12.8973903656,80.2277603149,54779,54791,12
12.8961000443,80.2276992798,54791,54801,10
12.8950195313,80.2276611328,54801,54811,10
12.8940696716,80.2276229858,54811,54819,8
12.8928699493,80.2274703979,54819,54831,12
12.8917398453,80.2273864746,54831,54841,10
12.8905096054,80.2273788452,54841,54851,10
12.8891296387,80.2274017334,54851,54861,10
12.888420105,80.2273864746,54861,54871,10
12.8881797791,80.2273712158,54871,54881,10
12.8874998093,80.2273025513,54881,54892,11
12.8864297867,80.2270812988,54892,54902,10
12.8853998184,80.2268218994,54902,54912,10
12.8844404221,80.2267379761,54912,54922,10
12.8832902908,80.2267379761,54922,54932,10
12.8819999695,80.2267608643,54932,54942,10
12.8806800842,80.2267608643,54942,54952,10
12.8793001175,80.2267837524,54952,54962,10
12.8778896332,80.2268600464,54962,54972,10
12.8767004013,80.2269668579,54972,54982,10
12.8763999939,80.2268600464,54982,54993,11
12.8763904572,80.2266235352,54993,55003,10
12.8763904572,80.2265701294,55003,55013,10
12.8764200211,80.2262268066,55013,55023,10
12.8765001297,80.225479126,55023,55033,10
12.8766202927,80.2244796753,55033,55043,10
12.8768701553,80.2232589722,55043,55053,10
12.8771800995,80.2219314575,55053,55063,10
12.8775100708,80.2204971313,55063,55079,16
12.877869606,80.2188796997,55079,55091,12
12.8781604767,80.2175979614,55091,55102,11
12.8783798218,80.2164001465,55102,55112,10
12.8785400391,80.2156829834,55112,55122,10
12.8787698746,80.2146224976,55122,55132,10
12.8790302277,80.2133331299,55132,55141,9
12.8792200089,80.2122573853,55141,55152,11
12.8794202805,80.2111129761,55152,55162,10
12.8792695999,80.2109603882,55162,55172,10
12.8791503906,80.2109298706,55172,55181,9
12.8787202835,80.2108612061,55181,55192,11
12.8779602051,80.2107162476,55192,55202,10
12.8772001266,80.2106018066,55202,55203,1
12.877120018,80.2105789185,55203,55204,1
12.8770303726,80.2105636597,55204,55270,66
12.8747396469,80.2096633911,55270,55280,10
12.8748197556,80.2098007202,55280,55445,165
12.8748903275,80.2098236084,55445,55485,40
12.8746995926,80.2096328735,55485,55818,333
12.8746995926,80.2096328735,55818,55828,10
12.8746595383,80.210067749,55828,55839,11
12.8749704361,80.2102127075,55839,55849,10
12.8755598068,80.2103118896,55849,55859,10
12.8761396408,80.2104110718,55859,55869,10
12.8766498566,80.2105026245,55869,55879,10
12.8770999908,80.2105865479,55879,55889,10
12.877579689,80.2106781006,55889,55899,10
12.8781404495,80.2107925415,55899,55909,10
12.8787403107,80.2108917236,55909,55919,10
12.8791503906,80.2109832764,55919,55929,10
12.8794002533,80.2110595703,55929,55940,11
12.8793897629,80.2116775513,55940,55950,10
12.879240036,80.2124710083,55950,55960,10
12.8790597916,80.2133865356,55960,55970,10
12.8788795471,80.2143630981,55970,55980,10
12.8786802292,80.2154083252,55980,55990,10
12.8784399033,80.2165222168,55990,56000,10
12.8782100677,80.2176818848,56000,56010,10
12.8779602051,80.2188796997,56010,56020,10
12.8776798248,80.2201385498,56020,56030,10
12.8774003983,80.2213821411,56030,56040,10
12.877120018,80.2226028442,56040,56051,11
12.8768100739,80.2239532471,56051,56061,10
12.8766403198,80.225112915,56061,56071,10
12.876540184,80.2260818481,56071,56081,10
12.8764696121,80.2265625,56081,56091,10
12.8764600754,80.2267303467,56091,56101,10
12.8764696121,80.2268981934,56101,56111,10
12.8767299652,80.2269287109,56111,56121,10
12.8769598007,80.2268981934,56121,56131,10
12.8776197433,80.2268295288,56131,56141,10
12.878569603,80.2267379761,56141,56152,11
12.8797502518,80.2266769409,56152,56162,10
12.8808698654,80.2266616821,56162,56172,10
12.8820199966,80.2266387939,56172,56182,10
12.8831796646,80.2266387939,56182,56192,10
12.8844404221,80.2266235352,56192,56202,10
12.8856697083,80.2267379761,56202,56212,10
12.8869400024,80.2270584106,56212,56222,10
12.8882703781,80.2272415161,56222,56232,10
12.8896102905,80.2272720337,56232,56242,10
12.8908004761,80.2272720337,56242,56252,10
12.8921003342,80.2272872925,56252,56263,11
12.8930397034,80.2273712158,56263,56273,10
12.8940401077,80.2274780273,56273,56283,10
12.8950500488,80.2275390625,56283,56293,10
12.8960504532,80.2275924683,56293,56303,10
12.8971395493,80.2276382446,56303,56313,10
12.8981704712,80.2276992798,56313,56323,10
12.8990602493,80.2277526855,56323,56333,10
12.8994598389,80.2277679443,56333,56343,10
12.8994703293,80.2277603149,56343,56353,10
12.8996295929,80.227722168,56353,56364,11
12.899939537,80.2277297974,56364,56374,10
12.9002399445,80.2277374268,56374,56384,10
12.9004602432,80.2277679443,56384,56402,18
12.9008598328,80.2278137207,56402,56414,12
12.9013395309,80.2278594971,56414,56424,10
12.9019403458,80.2278900146,56424,56434,10
12.9024400711,80.2279205322,56434,56444,10
12.9025201797,80.2279434204,56444,56454,10
12.9029598236,80.2279586792,56454,56464,10
12.9037399292,80.228012085,56464,56475,11
12.9046001434,80.2280578613,56475,56485,10
12.9052095413,80.2281036377,56485,56495,10
12.90583992,80.2281112671,56495,56544,49
12.90583992,80.2281112671,56544,56555,11
12.906129837,80.2281112671,56555,56565,10
12.9063796997,80.2281417847,56565,56576,11
12.906920433,80.2282028198,56576,56586,10
12.9076404572,80.2282867432,56586,56596,10
12.9085798264,80.2284622192,56596,56606,10
12.909620285,80.2286376953,56606,56616,10
12.910610199,80.2287902832,56616,56626,10
12.9115896225,80.2289276123,56626,56636,10
12.9125995636,80.229057312,56636,56646,10
12.9135503769,80.2291793823,56646,56656,10
12.9138402939,80.2292327881,56656,56666,10
12.9141597748,80.2292709351,56666,56677,11
12.9145097733,80.229309082,56677,56687,10
12.9152698517,80.2294235229,56687,56697,10
12.9163599014,80.2295684814,56697,56707,10
12.9175701141,80.2297515869,56707,56717,10
12.9185695648,80.2298812866,56717,56727,10
12.9192695618,80.2300033569,56727,56737,10
12.9201698303,80.2300872803,56737,56747,10
12.9214000702,80.2302322388,56747,56757,10
12.9227800369,80.2304763794,56757,56767,10
12.9242401123,80.2306671143,56767,56777,10
12.9256401062,80.2308120728,56777,56788,11
12.9260997772,80.2308578491,56788,56798,10
12.9267301559,80.2309494019,56798,56808,10
12.9276599884,80.2310562134,56808,56818,10
12.9286003113,80.2311935425,56818,56828,10
12.9294700623,80.2313613892,56828,56838,10
12.9306497574,80.2316665649,56838,56848,10
12.9319400787,80.2320709229,56848,56858,10
12.9331197739,80.2324981689,56858,56868,10
12.9341802597,80.2329788208,56868,56878,10
12.9352998734,80.2334594727,56878,56889,11
12.935669899,80.2336425781,56889,56899,10
12.9357004166,80.2336730957,56899,56909,10
12.9360599518,80.2338562012,56909,56919,10
12.9367799759,80.2342071533,56919,56929,10
12.9377698898,80.2346878052,56929,56939,10
12.9388198853,80.2351989746,56939,56949,10
12.9396600723,80.2356109619,56949,56959,10
12.9398202896,80.2356491089,56959,56969,10
12.9404602051,80.2358703613,56969,56979,10
12.9412603378,80.236076355,56979,56990,11
12.9423704147,80.236366272,56990,57000,10
12.9433298111,80.2369232178,57000,57010,10
12.9436101913,80.2371902466,57010,57020,10
12.9440002441,80.2376327515,57020,57030,10
12.9446601868,80.2383575439,57030,57040,10
12.9455299377,80.2391967773,57040,57050,10
12.9473199844,80.2399597168,57050,57069,19
12.9473199844,80.2399597168,57069,57080,11
12.9476203918,80.2400894165,57080,57090,10
12.948220253,80.2403488159,57090,57101,11
12.9490203857,80.2406692505,57101,57111,10
12.9497299194,80.2409133911,57111,57121,10
12.9505796432,80.2411499023,57121,57131,10
12.950920105,80.2412185669,57131,57141,10
12.9511804581,80.2413024902,57141,57151,10
12.9517698288,80.2415390015,57151,57161,10
12.952580452,80.2418518066,57161,57171,10
12.9535398483,80.2422332764,57171,57181,10
12.9543199539,80.2425613403,57181,57191,10
12.9552602768,80.2429122925,57191,57202,11
12.9560203552,80.2431488037,57202,57212,10
12.9562902451,80.2432327271,57212,57222,10
12.9563598633,80.2432632446,57222,57232,10
12.9565601349,80.2433166504,57232,57242,10
12.9571800232,80.2436599731,57242,57252,10
12.9580602646,80.2440490723,57252,57262,10
12.9588298798,80.2443618774,57262,57271,9
12.9588899612,80.244392395,57271,57281,10
12.9590997696,80.2445297241,57281,57292,11
12.9596796036,80.2448120117,57292,57302,10
12.9603700638,80.2451477051,57302,57313,11
12.9613599777,80.2455978394,57313,57323,10
12.9622097015,80.2460021973,57323,57333,10
12.9628801346,80.2463302612,57333,57343,10
12.963470459,80.2466125488,57343,57353,10
12.9641504288,80.246887207,57353,57363,10
12.9649400711,80.2472000122,57363,57373,10
12.9657297134,80.2474822998,57373,57383,10
12.9664001465,80.2477264404,57383,57393,10
12.9665002823,80.247756958,57393,57403,10
12.9666996002,80.2478713989,57403,57414,11
12.9668798447,80.2479705811,57414,57424,10
12.9673995972,80.2481994629,57424,57434,10
12.9682197571,80.2485427856,57434,57444,10
12.9691295624,80.2489013672,57444,57454,10
12.9700403214,80.2492523193,57454,57464,10
12.971039772,80.2496185303,57464,57474,10
12.9721097946,80.2499313354,57474,57484,10
12.9731302261,80.2501907349,57484,57494,10
12.9740200043,80.2504425049,57494,57504,10
12.9743795395,80.25050354,57504,57515,11
12.9746198654,80.250579834,57515,57524,9
12.975230217,80.2507781982,57524,57535,11
12.9762897491,80.2510910034,57535,57545,10
12.9772796631,80.2514266968,57545,57555,10
12.9781103134,80.2520828247,57555,57565,10
12.9788999557,80.2525100708,57565,57575,10
12.9795103073,80.2525634766,57575,57585,10
12.9798002243,80.2525405884,57585,57595,10
12.9799203873,80.2524185181,57595,57605,10
12.9799604416,80.252281189,57605,57615,10
12.9800195694,80.2519226074,57615,57626,11
12.9802598953,80.2511825562,57626,57636,10
12.9805297852,80.2502212524,57636,57646,10
12.9807100296,80.2491607666,57646,57656,10
12.9807796478,80.2482223511,57656,57666,10
12.9808197021,80.2475204468,57666,57676,10
12.980919838,80.2465286255,57676,57686,10
12.9810495377,80.2453079224,57686,57696,10
12.9811401367,80.2442626953,57696,57706,10
12.9812097549,80.2437133789,57706,57716,10
12.9813299179,80.2433624268,57716,57727,11
12.9813203812,80.2430114746,57727,57737,10
12.9813404083,80.2427520752,57737,57747,10
12.9813404083,80.2424468994,57747,57757,10
12.9813299179,80.2421188354,57757,57767,10
12.9813203812,80.2415008545,57767,57777,10
12.9813098907,80.2406234741,57777,57787,10
12.981300354,80.2398300171,57787,57797,10
12.9812803268,80.2392272949,57797,57807,10
12.9812498093,80.2384719849,57807,57817,10
12.9812402725,80.237953186,57817,57827,10
12.9812402725,80.2378311157,57827,57838,11
12.9812202454,80.2371826172,57838,57848,10
12.9812002182,80.236328125,57848,57858,10
12.981180191,80.2354202271,57858,57868,10
12.9811601639,80.2344589233,57868,57878,10
12.9813604355,80.2337875366,57878,57894,16
12.9816102982,80.2332992554,57894,57906,12
12.9818201065,80.2328262329,57906,57914,8
12.9818897247,80.2326507568,57914,57926,12
12.9819602966,80.2321166992,57926,57937,11
12.9819297791,80.2314605713,57937,57946,9
12.9818401337,80.2310409546,57946,57957,11
12.9816198349,80.2305831909,57957,57968,11
12.9811601639,80.2298431396,57968,57978,10
12.980919838,80.2294387817,57978,57988,10
12.9806995392,80.229133606,57988,57998,10
12.9805698395,80.2288970947,57998,58008,10
12.9804697037,80.2287368774,58008,58018,10
12.9802904129,80.2283630371,58018,58028,10
12.9799995422,80.2278594971,58028,58039,11
12.9795999527,80.2272186279,58039,58050,11
12.9792604446,80.2266616821,58050,58060,10
12.9788999557,80.2260665894,58060,58070,10
12.9785404205,80.225479126,58070,58079,9
12.9782104492,80.224937439,58079,58090,11
12.9778795242,80.2245101929,58090,58099,9
12.9775896072,80.2240371704,58099,58110,11
12.9772996902,80.2235412598,58110,58120,10
12.9770202637,80.2231063843,58120,58130,10
12.9769601822,80.2229919434,58130,58140,10
12.9769897461,80.2227630615,58140,58151,11
12.9770097733,80.2227478027,58151,58161,10
12.9772596359,80.2227096558,58161,58171,10
12.9774599075,80.2226028442,58171,58181,10
12.9774799347,80.2222900391,58181,58191,10
12.9774503708,80.2214813232,58191,58211,20
12.9774503708,80.2214813232,58211,58221,10
12.9774398804,80.2213363647,58221,58231,10
12.977640152,80.2211990356,58231,58241,10
12.9780197144,80.2211914063,58241,58252,11
12.9785003662,80.2211837769,58252,58262,10
12.9791002274,80.2211380005,58262,58272,10
12.9798402786,80.2210922241,58272,58282,10
12.9806003571,80.2210235596,58282,58292,10
12.981180191,80.2211227417,58292,58293,1
12.9812297821,80.2211380005,58293,58294,1
12.9812803268,80.2211608887,58294,58340,46
12.982749939,80.2218933105,58340,58350,10
12.9828596115,80.2219314575,58350,58361,11
12.9831800461,80.2220993042,58361,58371,10
12.9833202362,80.2221908569,58371,58381,10
12.9835395813,80.222328186,58381,58391,10
12.9838495255,80.2225189209,58391,58401,10
12.9843101501,80.2228012085,58401,58411,10
12.9847097397,80.2230606079,58411,58421,10
12.9851503372,80.2232437134,58421,58432,11
12.98554039,80.2231521606,58432,58442,10
12.986000061,80.2229766846,58442,58452,10
12.9863004684,80.2229690552,58452,58460,8
12.9863901138,80.2229690552,58460,58472,12
12.9867601395,80.2230072021,58472,58483,11
12.9872102737,80.2230987549,58483,58493,10
12.9876804352,80.2230987549,58493,58503,10
12.9882001877,80.2227783203,58503,58513,10
12.9887104034,80.2223205566,58513,58523,10
12.9891004562,80.2218933105,58523,58533,10
12.9897003174,80.2211227417,58533,58543,10
12.990240097,80.2205734253,58543,58553,10
12.9904003143,80.220451355,58553,58564,11
12.990819931,80.220123291,58564,58574,10
12.991230011,80.2198104858,58574,58584,10
12.991519928,80.2195892334,58584,58594,10
12.9920501709,80.2192001343,58594,58604,10
12.9927902222,80.2186584473,58604,58614,10
12.9936199188,80.2180633545,58614,58624,10
12.9944400787,80.2174835205,58624,58634,10
12.994890213,80.2171401978,58634,58644,10
12.9952201843,80.2169265747,58644,58654,10
12.995929718,80.2166671753,58654,58664,10
12.9966697693,80.2165374756,58664,58675,11
12.997010231,80.216468811,58675,58685,10
12.9970798492,80.2164611816,58685,58695,10
12.9972000122,80.2164611816,58695,58705,10
12.997469902,80.2162017822,58705,58715,10
12.9976301193,80.2160568237,58715,58725,10
12.998049736,80.2156982422,58725,58735,10
12.9987096786,80.2151184082,58735,58745,10
12.9991502762,80.2147598267,58745,58755,10
12.9995498657,80.2144317627,58755,58765,10
13.0000495911,80.2139816284,58765,58781,16
13.0009403229,80.2131881714,58781,58794,13
13.0013799667,80.2128601074,58794,58804,10
13.0016298294,80.2126617432,58804,58814,10
13.002120018,80.2123413086,58814,58824,10
13.0025100708,80.2121734619,58824,58834,10
13.0029602051,80.2121200562,58834,58844,10
13.0034399033,80.212097168,58844,58854,10
13.0036802292,80.2118682861,58854,58864,10
13.003660202,80.2112197876,58864,58874,10
13.0035600662,80.2103118896,58874,58885,11
13.0035295486,80.2094116211,58885,58895,10
13.0037403107,80.2087020874,58895,58905,10
13.0044603348,80.2088165283,58905,58915,10
13.005279541,80.2091827393,58915,58923,8
13.0057697296,80.2093887329,58923,58936,13
13.0061397552,80.2095413208,58936,58946,10
13.0064201355,80.2096328735,58946,58956,10
13.0064897537,80.2096633911,58956,58966,10
13.0068998337,80.2097625732,58966,58976,10
13.0073099136,80.2098236084,58976,58987,11
13.0075397491,80.2098770142,58987,58997,10
13.0079603195,80.2099685669,58997,59007,10
13.0081796646,80.2097625732,59007,59030,23
13.0078296661,80.2078170776,59030,59042,12
13.0076398849,80.206703186,59042,59052,10
13.0075397491,80.2059326172,59052,59062,10
13.0074996948,80.2048568726,59062,59071,9
13.0074596405,80.203918457,59071,59082,11
13.0073099136,80.2030105591,59082,59094,12
13.006649971,80.20262146,59094,59104,10
13.0066299438,80.2032394409,59104,59114,10
13.0071802139,80.2035827637,59114,59124,10
13.0079603195,80.203742981,59124,59134,10
13.0087604523,80.2037277222,59134,59143,9
13.0099401474,80.2036590576,59143,59154,11
13.0113401413,80.2037277222,59154,59164,10
13.0125999451,80.2039413452,59164,59174,10
13.0135097504,80.2041931152,59174,59184,10
13.013710022,80.204498291,59184,59195,11
13.0136003494,80.2047271729,59195,59205,10
13.0135002136,80.205039978,59205,59215,10
13.0133895874,80.205368042,59215,59225,10
13.013250351,80.2057571411,59225,59235,10
13.013130188,80.206161499,59235,59245,10
13.0130901337,80.2064437866,59245,59255,10
13.0130500793,80.2068099976,59255,59265,10
13.0130195618,80.2071762085,59265,59275,10
13.013010025,80.2073974609,59275,59285,10
13.012960434,80.2076797485,59285,59295,10
13.0129098892,80.2080764771,59295,59306,11
13.0129203796,80.2085418701,59306,59316,10
13.0129804611,80.2089309692,59316,59326,10
13.0130796432,80.2094116211,59326,59335,9
13.013250351,80.2097396851,59335,59346,11
13.0131597519,80.210319519,59346,59356,10
13.0129699707,80.2110977173,59356,59366,10
13.0126304626,80.211730957,59366,59376,10
13.012339592,80.2122116089,59376,59386,10
13.0120401382,80.2126464844,59386,59396,10
13.0118198395,80.2128372192,59396,59407,11
13.0112895966,80.2124481201,59407,59417,10
13.0108604431,80.2121429443,59417,59427,10
13.0105800629,80.2119522095,59427,59437,10
13.0103197098,80.2117462158,59437,59447,10
13.0100402832,80.211517334,59447,59457,10
13.0099802017,80.211479187,59457,59467,10
13.0098600388,80.2113876343,59467,59477,10
13.0096197128,80.2112426758,59477,60255,778
13.0096197128,80.2112426758,60255,60265,10
13.0092897415,80.2110595703,60265,60275,10
13.0091495514,80.2112731934,60275,60285,10
13.0090103149,80.2116317749,60285,60295,10
13.0091896057,80.2121963501,60295,60305,10
13.0094404221,80.2128829956,60305,60314,9
13.0096797943,80.2134933472,60314,60325,11
13.0099401474,80.2141265869,60325,60335,10
13.010140419,80.2147216797,60335,60345,10
13.0102300644,80.2153396606,60345,60356,11
13.0103397369,80.2158737183,60356,60366,10
13.0106096268,80.2164611816,60366,60376,10
13.0109100342,80.217086792,60376,60386,10
13.0112304688,80.2177810669,60386,60396,10
13.0114898682,80.2184677124,60396,60406,10
13.0117797852,80.2192764282,60406,60416,10
13.0120000839,80.2200393677,60416,60425,9
13.0121803284,80.2206192017,60425,60435,10
13.0123195648,80.2210388184,60435,60446,11
13.0123796463,80.2213287354,60446,60457,11
13.0124998093,80.2216415405,60457,60467,10
13.0128202438,80.222038269,60467,60477,10
13.0130796432,80.2223815918,60477,60487,10
13.0133199692,80.2226409912,60487,60497,10
13.0136203766,80.2229995728,60497,60507,10
13.0139904022,80.2234268188,60507,60517,10
13.0142803192,80.2238006592,60517,60527,10
13.0145998001,80.2242736816,60527,60537,10
13.0149402618,80.2246398926,60537,60547,10
13.0149803162,80.2246704102,60547,60558,11
13.0150604248,80.2247390747,60558,60568,10
13.0152902603,80.2250289917,60568,60578,10
13.01541996,80.2253036499,60578,60588,10
13.0154495239,80.2253723145,60588,60598,10
13.0154304504,80.2256011963,60598,60608,10
13.0152997971,80.2258529663,60608,60618,10
13.014840126,80.226020813,60618,60628,10
13.0139799118,80.2263183594,60628,60798,170
13.0139799118,80.2263183594,60798,60808,10
13.0136499405,80.2264480591,60808,60818,10
13.0129899979,80.2267227173,60818,60827,9
13.0124397278,80.2269363403,60827,60838,11
13.0116796494,80.2272415161,60838,60848,10
13.0110397339,80.2274932861,60848,60858,10
13.0103998184,80.2277374268,60858,60869,11
13.0098199844,80.2279586792,60869,60879,10
13.009519577,80.2276000977,60879,60889,10
13.0097703934,80.2270431519,60889,60899,10
13.0100603104,80.2263793945,60899,60909,10
13.0103302002,80.2256698608,60909,60919,10
13.0106296539,80.2249679565,60919,60929,10
13.0108098984,80.2245788574,60929,60939,10
13.0110197067,80.2241210938,60939,60948,9
13.0112495422,80.2235717773,60948,60958,10
13.011300087,80.2232589722,60958,60969,11
13.0107898712,80.2229614258,60969,60980,11
13.0103702545,80.2227401733,60980,60990,10
13.010219574,80.2226409912,60990,61000,10
13.0100603104,80.2225570679,61000,61010,10
13.009759903,80.2223968506,61010,61020,10
13.0092201233,80.2221221924,61020,61030,10
13.0085496902,80.2217407227,61030,61040,10
13.0077600479,80.2213134766,61040,61050,10
13.006939888,80.2208709717,61050,61060,10
13.0060501099,80.2205734253,61060,61070,10
13.0051002502,80.2203598022,61070,61081,11
13.0043897629,80.2201766968,61081,61091,10
13.0036897659,80.2200164795,61091,61101,10
13.0029001236,80.2197799683,61101,61111,10
13.0021400452,80.2192001343,61111,61121,10
13.0014696121,80.2185211182,61121,61131,10
13.0007400513,80.2180404663,61131,61141,10
13.0000696182,80.2176208496,61141,61151,10
12.999420166,80.2172164917,61151,61161,10
12.9988203049,80.2169113159,61161,61171,10
12.9977998734,80.2165603638,61171,61181,10
12.9975404739,80.2165298462,61181,61192,11
12.9975099564,80.2165298462,61192,61202,10
12.9971904755,80.2165222168,61202,61212,10
12.9966402054,80.2165527344,61212,61222,10
12.9958896637,80.2166900635,61222,61232,10
12.9953098297,80.2169036865,61232,61242,10
12.9950799942,80.217048645,61242,61252,10
12.9948596954,80.2172164917,61252,61262,10
12.9943599701,80.2175598145,61262,61272,10
12.9940099716,80.2178268433,61272,61282,10
12.9935102463,80.218170166,61282,61293,11
12.9928598404,80.2186508179,61293,61303,10
12.9921398163,80.2191772461,61303,61313,10
12.9914999008,80.2196578979,61313,61323,10
12.9909000397,80.2201004028,61323,61333,10
12.990819931,80.220161438,61333,61343,10
12.9905195236,80.2203979492,61343,61353,10
12.989979744,80.2208328247,61353,61363,10
12.9894895554,80.2214584351,61363,61372,9
12.9890899658,80.2219390869,61372,61383,11
12.9886703491,80.2224121094,61383,61393,10
12.9885396957,80.2225570679,61393,61404,11
12.9883804321,80.2227096558,61404,61414,10
12.9882001877,80.2228469849,61414,61434,20
12.9882001877,80.2228469849,61434,61444,10
12.9879999161,80.2229766846,61444,61464,20
12.9879999161,80.2229766846,61464,61474,10
12.987859726,80.2230606079,61474,61484,10
12.9876899719,80.2230987549,61484,61494,10
12.9874696732,80.2230911255,61494,61505,11
12.9873399734,80.2230834961,61505,61515,10
12.9871397018,80.2230834961,61515,61525,10
12.9869403839,80.2230529785,61525,61535,10
12.9865198135,80.2229995728,61535,61545,10
12.9858903885,80.2230072021,61545,61555,10
12.9854297638,80.2233200073,61555,61565,10
12.9848604202,80.22315979,61565,61575,10
12.9842996597,80.2228393555,61575,61585,10
12.9840803146,80.2227172852,61585,61595,10
12.9838495255,80.2225799561,61595,61606,11
12.9831800461,80.2221374512,61606,61626,20
12.9831800461,80.2221374512,61626,61636,10
12.9829998016,80.2220077515,61636,61646,10
12.9827003479,80.2218780518,61646,61656,10
12.9823503494,80.2217712402,61656,61666,10
12.9818401337,80.2214889526,61666,61676,10
12.9813098907,80.2211608887,61676,61686,10
12.9806404114,80.2210464478,61686,61696,10
12.9798498154,80.2211227417,61696,61706,10
12.9789199829,80.2211914063,61706,61717,11
12.9780902863,80.2212295532,61717,61727,10
12.977399826,80.2212600708,61727,61737,10
12.9765996933,80.221282959,61737,61746,9
12.9762496948,80.2216262817,61746,61777,31
12.9762496948,80.2216262817,61777,61787,10
12.9763002396,80.2218170166,61787,61797,10
12.9766302109,80.2223205566,61797,61807,10
12.9770498276,80.2229690552,61807,61818,11
12.9774999619,80.2236862183,61818,61828,10
12.9778404236,80.2242431641,61828,61838,10
12.9781599045,80.2247619629,61838,61848,10
12.9785699844,80.2254180908,61848,61858,10
12.9789800644,80.2261199951,61858,61868,10
12.9793901443,80.2267990112,61868,61878,10
12.9797697067,80.227432251,61878,61888,10
12.9801197052,80.2279586792,61888,61898,10
12.980509758,80.2286529541,61898,61908,10
12.9808797836,80.2292785645,61908,61919,11
12.9813499451,80.2300262451,61919,61929,10
12.9816999435,80.2305526733,61929,61939,10
12.9818000793,80.2307434082,61939,61948,9
12.9819898605,80.2312393188,61948,61959,11
12.9820804596,80.2320480347,61959,61969,10
12.9820404053,80.2326202393,61969,61980,11
12.9818096161,80.2332077026,61980,61990,10
12.9817495346,80.2333221436,61990,62000,10
12.9816598892,80.2335510254,62000,62010,10
12.9816303253,80.233581543,62010,62020,10
12.9814195633,80.2340011597,62020,62031,11
12.9812498093,80.2349624634,62031,62041,10
12.9812602997,80.2358627319,62041,62051,10
12.981300354,80.2368469238,62051,62061,10
12.9813098907,80.2374725342,62061,62071,10
12.9813203812,80.2378005981,62071,62081,10
12.9813203812,80.2378921509,62081,62091,10
12.9813404083,80.2382583618,62091,62101,10
12.9813404083,80.2383499146,62101,62111,10
12.9813499451,80.2385177612,62111,62121,10
12.9813604355,80.2386474609,62121,62132,11
12.9813699722,80.2390823364,62132,62142,10
12.9813699722,80.2396392822,62142,62152,10
12.9813804626,80.2396774292,62152,62162,10
12.9813995361,80.2398071289,62162,62172,10
12.9813995361,80.2402420044,62172,62182,10
12.9814195633,80.2407989502,62182,62192,10
12.9813995361,80.2415924072,62192,62202,10
12.9814195633,80.2423324585,62202,62212,10
12.9814300537,80.2428207397,62212,62222,10
12.9814300537,80.2429122925,62222,62233,11
12.9814300537,80.2433776855,62233,62243,10
12.9813404083,80.2441177368,62243,62253,10
12.9812002182,80.2451171875,62253,62263,10
12.9810495377,80.2463378906,62263,62273,10
12.9809303284,80.2476806641,62273,62283,10
12.9808101654,80.2489624023,62283,62293,10
12.9806604385,80.2500915527,62293,62309,16
12.9802398682,80.2517166138,62309,62321,12
12.9800395966,80.2523803711,62321,62329,8
12.9799404144,80.2526397705,62329,62342,13
12.9799404144,80.2526473999,62342,62352,10
12.9798603058,80.2528076172,62352,62361,9
12.9793796539,80.2527770996,62361,62372,11
12.9786596298,80.2526626587,62372,62382,10
12.9786500931,80.2526473999,62382,62392,10
12.9783802032,80.2524795532,62392,62402,10
12.9778299332,80.2519836426,62402,62412,10
12.9770097733,80.251411438,62412,62423,11
12.9757995605,80.2510299683,62423,62433,10
12.9745798111,80.2506790161,62433,62444,11
12.9731998444,80.2503433228,62444,62454,10
12.9725399017,80.2501983643,62454,62464,10
12.9725103378,80.2501983643,62464,62474,10
12.9720602036,80.2500610352,62474,62484,10
12.971280098,80.2498397827,62484,62494,10
12.9703397751,80.2495422363,62494,62504,10
12.9693002701,80.2491378784,62504,62514,10
12.9682102203,80.2487030029,62514,62524,10
12.9671401978,80.2482299805,62524,62534,10
12.9662599564,80.2478179932,62534,62545,11
12.9653196335,80.2474594116,62545,62555,10
12.9651203156,80.2474212646,62555,62565,10
12.9648799896,80.2473373413,62565,62575,10
12.9643697739,80.2471389771,62575,62585,10
12.9640102386,80.2470016479,62585,62595,10
12.9634895325,80.2467803955,62595,62605,10
12.962770462,80.2463912964,62605,62615,10
12.9618597031,80.2459564209,62615,62625,10
12.9609603882,80.2455291748,62625,62635,10
12.9601097107,80.2451477051,62635,62645,10
12.9594402313,80.2448806763,62645,62656,11
12.9594297409,80.2448730469,62656,62666,10
12.9593296051,80.2447967529,62666,62676,10
12.9589595795,80.2446212769,62676,62686,10
12.9583101273,80.2443313599,62686,62696,10
12.9578399658,80.244140625,62696,62706,10
12.9573497772,80.2439804077,62706,62716,10
12.9568500519,80.2438430786,62716,62736,20
12.956700325,80.2437973022,62736,62827,91
12.956700325,80.2437973022,62827,62837,10
12.9564199448,80.2436828613,62837,62878,41
12.9564199448,80.2436828613,62878,62888,10
12.956199646,80.2436599731,62888,62898,10
12.9556503296,80.2433395386,62898,62908,10
12.9549102783,80.242980957,62908,62918,10
12.9541597366,80.2426528931,62918,62927,9
12.9534702301,80.2423706055,62927,62938,11
12.9524898529,80.2419662476,62938,62948,10
12.9518098831,80.2417297363,62948,62958,10
12.9516096115,80.2416610718,62958,62969,11
12.950920105,80.2414169312,62969,62979,10
12.9500303268,80.2411422729,62979,62989,10
12.9489002228,80.2407684326,62989,63019,30
12.9489002228,80.2407684326,63019,63029,10
12.9486198425,80.2406387329,63029,63039,10
12.947930336,80.2403488159,63039,63049,10
12.9471797943,80.2400436401,63049,63059,10
12.9467201233,80.2398910522,63059,63070,11
12.946680069,80.2398834229,63070,63080,10
12.9462795258,80.2397003174,63080,63090,10
12.9455900192,80.2393798828,63090,63100,10
12.9448900223,80.2388381958,63100,63110,10
12.9442300797,80.2381591797,63110,63120,10
12.943570137,80.237487793,63120,63130,10
12.9433202744,80.2372283936,63130,63140,10
12.942899704,80.2368469238,63140,63150,10
12.9421596527,80.2364730835,63150,63160,10
12.941280365,80.2362289429,63160,63171,11
12.940369606,80.236000061,63171,63181,10
12.9399995804,80.2359008789,63181,63191,10
12.9398202896,80.2358398438,63191,63201,10
12.9394702911,80.2356872559,63201,63211,10
12.9388103485,80.2353515625,63211,63221,10
12.9380102158,80.2349395752,63221,63231,10
12.9371595383,80.2345199585,63231,63241,10
12.9363203049,80.2341079712,63241,63251,10
12.9356603622,80.2338027954,63251,63261,10
12.9348297119,80.2334213257,63261,63271,10
12.9341201782,80.2331008911,63271,63282,11
12.9340600967,80.2330780029,63282,63292,10
12.9340496063,80.2330780029,63292,63302,10
12.9336795807,80.2328796387,63302,63312,10
12.9329996109,80.2325668335,63312,63322,10
12.9320802689,80.2322463989,63322,63332,10
12.9310102463,80.2319107056,63332,63348,16
12.9294595718,80.2314834595,63348,63360,12
12.9285802841,80.2312927246,63360,63368,8
12.9279899597,80.2312011719,63368,63380,12
12.9267702103,80.2310714722,63380,63390,10
12.9260396957,80.2310333252,63390,63401,11
12.9259796143,80.2310333252,63401,63411,10
12.9258298874,80.2309875488,63411,63421,10
12.925359726,80.2309112549,63421,63431,10
12.9246301651,80.2308197021,63431,63441,10
12.9238300323,80.23072052,63441,63451,10
12.9227600098,80.2305679321,63451,63461,10
12.9216604233,80.2304000854,63461,63471,10
12.9205303192,80.2302780151,63471,63481,10
12.9195699692,80.230178833,63481,63492,11
12.919260025,80.230140686,63492,63502,10
12.9190101624,80.2300872803,63502,63512,10
12.9183597565,80.2299880981,63512,63522,10
12.9175195694,80.2298736572,63522,63532,10
12.9166002274,80.2297515869,63532,63542,10
12.9155197144,80.2295837402,63542,63552,10
12.9144296646,80.2294311523,63552,63562,10
12.913599968,80.229347229,63562,63572,10
12.9133901596,80.2293395996,63572,63582,10
12.9132995605,80.2293395996,63582,63593,11
12.9126796722,80.2292175293,63593,63603,10
12.9118204117,80.2290878296,63603,63613,10
12.9107704163,80.2289505005,63613,63623,10
12.9096603394,80.228767395,63623,63633,10
12.9085702896,80.2285766602,63633,63643,10
12.9077396393,80.2284469604,63643,63653,10
12.9072904587,80.2283782959,63653,63693,40
12.9072904587,80.2283782959,63693,63704,11
12.9072504044,80.2284393311,63704,63714,10
12.906920433,80.2284011841,63714,63724,10
12.9066095352,80.2283630371,63724,63734,10
12.906129837,80.228302002,63734,63744,10
12.9053697586,80.2282562256,63744,63754,10
12.9044704437,80.2282180786,63754,63764,10
12.9036102295,80.2281799316,63764,63774,10
12.9027004242,80.2281265259,63774,63784,10
12.9019498825,80.2280807495,63784,63794,10
12.9015302658,80.2280578613,63794,63805,11
12.9014396667,80.2280578613,63805,63815,10
12.9013500214,80.2280731201,63815,63825,10
12.90102005,80.2280426025,63825,63835,10
12.900560379,80.2279815674,63835,63845,10
12.8998699188,80.2279281616,63845,63855,10
12.8991003036,80.2279281616,63855,63875,20
12.8991003036,80.2279281616,63875,63885,10
12.8989400864,80.2279510498,63885,63895,10
12.8983201981,80.2278823853,63895,63906,11
12.8973703384,80.2277984619,63906,63916,10
12.8963298798,80.2277526855,63916,63926,10
12.8952999115,80.2276992798,63926,63936,10
12.8942899704,80.2276382446,63936,63946,10
12.8935203552,80.2276000977,63946,63956,10
12.8933801651,80.2275924683,63956,63966,10
12.892999649,80.2275238037,63966,63976,10
12.892370224,80.2274169922,63976,63986,10
12.891500473,80.2274017334,63986,63996,10
12.8904600143,80.2273864746,63996,64006,10
12.8893699646,80.2273864746,64006,64017,11
12.8885698318,80.2274169922,64017,64027,10
12.8885498047,80.2274169922,64027,64037,10
12.8883399963,80.2274093628,64037,64047,10
12.8876895905,80.2273330688,64047,64057,10
12.8867902756,80.2271575928,64057,64067,10
12.8858203888,80.2269134521,64067,64077,10
12.8852701187,80.2268218994,64077,64087,10
12.8849000931,80.2267837524,64087,64097,10
12.8848400116,80.2267837524,64097,64107,10
12.8848304749,80.2267837524,64107,64118,11
12.8843202591,80.2267532349,64118,64128,10
12.8835496902,80.2267303467,64128,64138,10
12.8825397491,80.2267379761,64138,64148,10
12.8813695908,80.2267379761,64148,64158,10
12.8801698685,80.2267608643,64158,64168,10
12.8789396286,80.2267990112,64168,64178,10
12.8779401779,80.2268676758,64178,64188,10
12.8768100739,80.2269821167,64188,64198,10
12.8765296936,80.2269515991,64198,64208,10
12.8764801025,80.2269363403,64208,64219,11
12.8764095306,80.2268218994,64219,64229,10
12.8764200211,80.2265090942,64229,64239,10
12.8764200211,80.2264328003,64239,64249,10
12.8765001297,80.2258834839,64249,64259,10
12.8766002655,80.2249908447,64259,64269,10
12.8767499924,80.2238998413,64269,64278,9
12.876999855,80.2227935791,64278,64289,11
12.8773202896,80.2214431763,64289,64299,10
12.8776798248,80.2199020386,64299,64309,10
12.8779602051,80.2186584473,64309,64319,10
12.8782196045,80.2174301147,64319,64330,11
12.8784704208,80.2162094116,64330,64340,10
12.8787202835,80.2150802612,64340,64349,9
12.8789300919,80.2139434814,64349,64359,10
12.8790798187,80.2131881714,64359,64370,11
12.8792695999,80.2121963501,64370,64380,10
12.8792495728,80.2109832764,64380,64400,20
12.8792495728,80.2109832764,64400,64410,10
12.8789997101,80.2109603882,64410,64420,10
12.8785200119,80.2108535767,64420,64431,11
12.8778600693,80.2107391357,64431,64441,10
12.8773899078,80.210647583,64441,64451,10
12.8767404556,80.2105331421,64451,64461,10
12.8760700226,80.2104034424,64461,64471,10
12.875459671,80.2103118896,64471,64481,10
12.8746099472,80.2101364136,64481,64511,30
12.8746099472,80.2101364136,64511,64521,10
12.874420166,80.2100830078,64521,64532,11
12.8744401932,80.2096481323,64532,64542,10
12.8747301102,80.2099761963,64542,64683,141
12.8747301102,80.2099761963,64683,64693,10
12.874710083,80.2101364136,64693,64703,10
12.8748703003,80.2102584839,64703,64713,10
12.8753995895,80.2103500366,64713,64723,10
12.876159668,80.2104797363,64723,64733,10
12.8768796921,80.2106170654,64733,64744,11
12.8775997162,80.2107391357,64744,64754,10
12.8780698776,80.2108306885,64754,64764,10
12.8785800934,80.2109069824,64764,64774,10
12.8790597916,80.2109985352,64774,64784,10
12.879360199,80.2110671997,64784,64794,10
12.87940979,80.2110977173,64794,64804,10
12.8794898987,80.21144104,64804,64814,10
12.8793401718,80.2121582031,64814,64824,10
12.8791599274,80.2130889893,64824,64834,10
12.8789596558,80.2141189575,64834,64845,11
12.8787202835,80.2152786255,64845,64855,10
12.8784999847,80.2162628174,64855,64865,10
12.8782701492,80.2174224854,64865,64875,10
12.8780002594,80.2186965942,64875,64885,10
12.877699852,80.2200317383,64885,64895,10
12.8773803711,80.2213821411,64895,64905,10
12.8770599365,80.2227935791,64905,64915,10
12.8767499924,80.2241973877,64915,64925,10
12.8765897751,80.2255477905,64925,64935,10
12.8764696121,80.2263565063,64935,64946,11
12.876449585,80.2268371582,64946,64956,10
12.8764600754,80.2269210815,64956,64976,20
12.8764600754,80.2269210815,64976,64986,10
12.8767004013,80.2269592285,64986,64996,10
12.8773097992,80.2268981934,64996,65006,10
12.8782196045,80.2268218994,65006,65016,10
12.8792695999,80.2267532349,65016,65026,10
12.8804197311,80.2267303467,65026,65035,9
12.8814496994,80.2267227173,65035,65046,11
12.8827400208,80.2267074585,65046,65057,11
12.8840198517,80.2266998291,65057,65067,10
12.885020256,80.2266769409,65067,65077,10
12.8852500916,80.2266998291,65077,65087,10
12.8856897354,80.2267913818,65087,65097,10
12.8864898682,80.2270126343,65097,65107,10
12.8874197006,80.2272109985,65107,65117,10
12.8885002136,80.2273178101,65117,65127,10
12.8896598816,80.2273178101,65127,65137,10
12.8907604218,80.2273406982,65137,65147,10
12.8920001984,80.2273178101,65147,65198,51
12.8920001984,80.2273178101,65198,65208,10
12.8924398422,80.2273406982,65208,65218,10
12.8930397034,80.2274093628,65218,65228,10
12.8938302994,80.2275085449,65228,65238,10
12.8940200806,80.2275238037,65238,65248,10
12.8944597244,80.2275695801,65248,65259,11
12.8953695297,80.2276077271,65259,65269,10
12.8963699341,80.2276611328,65269,65279,10
12.8974504471,80.2276992798,65279,65289,10
12.8985996246,80.2277679443,65289,65299,10
12.899430275,80.2278213501,65299,65309,10
12.8998804092,80.2278137207,65309,65329,20
12.8998804092,80.2278137207,65329,65339,10
12.9001398087,80.2278137207,65339,65349,10
12.9004201889,80.2278137207,65349,65359,10
12.9006795883,80.2278366089,65359,65370,11
12.9011096954,80.2279129028,65370,65380,10
12.9016399384,80.2279510498,65380,65390,10
12.9023704529,80.2279815674,65390,65400,10
12.9029798508,80.2279891968,65400,65410,10
12.9029998779,80.2279891968,65410,65420,10
12.9030895233,80.2279891968,65420,65430,10
12.9035902023,80.2280502319,65430,65440,10
12.9041404724,80.2280807495,65440,65450,10
12.9047203064,80.2281265259,65450,65460,10
12.9053401947,80.2281570435,65460,65471,11
12.9060697556,80.2282028198,65471,65481,10
12.9064302444,80.2282104492,65481,65491,10
12.9068899155,80.2282562256,65491,65501,10
12.9070301056,80.2282714844,65501,65511,10
12.9071903229,80.2282867432,65511,65521,10
12.9078102112,80.2283782959,65521,65531,10
12.9087095261,80.2285385132,65531,65541,10
12.9098100662,80.2287216187,65541,65551,10
12.9110002518,80.2289199829,65551,65561,10
12.9121799469,80.2290802002,65561,65572,11
12.9133300781,80.2292404175,65572,65581,9
12.9139003754,80.229309082,65581,65602,21
12.9139003754,80.229309082,65602,65612,10
12.9140396118,80.2293395996,65612,65622,10
12.9144897461,80.2294006348,65622,65632,10
12.9152097702,80.2295074463,65632,65642,10
12.9160900116,80.229637146,65642,65652,10
12.9170598984,80.2297821045,65652,65662,10
12.9181404114,80.2299118042,65662,65673,11
12.9190597534,80.2300262451,65673,65683,10
12.9193496704,80.2300491333,65683,65693,10
12.919380188,80.2300567627,65693,65703,10
12.919839859,80.2301330566,65703,65713,10
12.9205799103,80.23021698,65713,65723,10
12.921500206,80.2303390503,65723,65733,10
12.9225101471,80.2304992676,65733,65743,10
12.9235200882,80.2306518555,65743,65753,10
12.924539566,80.2307662964,65753,65763,10
12.9255104065,80.2308807373,65763,65779,16
12.9263296127,80.2309570313,65779,65792,13
12.9264802933,80.2309799194,65792,65800,8
12.92689991,80.2310409546,65800,65812,12
12.9278001785,80.2311477661,65812,65822,10
12.9284000397,80.2312164307,65822,65832,10
12.9287004471,80.2312469482,65832,65842,10
12.9291200638,80.231338501,65842,65852,10
12.9297504425,80.2314834595,65852,65862,10
12.930560112,80.2316818237,65862,65872,10
12.9314203262,80.2319412231,65872,65882,10
12.9321403503,80.2321777344,65882,65893,11
12.9329299927,80.232460022,65893,65903,10
12.9335002899,80.2326889038,65903,65913,10
12.9335403442,80.2326965332,65913,65931,18
12.9338598251,80.2328720093,65931,65943,12
12.9345798492,80.2331924438,65943,65953,10
12.9350404739,80.2333908081,65953,65963,10
12.9353199005,80.2335205078,65963,65973,10
12.9356203079,80.2336425781,65973,65981,8
12.9360198975,80.2338485718,65981,65994,13
12.9369497299,80.2342910767,65994,66004,10
12.9377803802,80.234703064,66004,66014,10
12.9386701584,80.2351303101,66014,66024,10
12.939499855,80.2355422974,66024,66044,20
12.939499855,80.2355422974,66044,66054,10
12.939620018,80.2356109619,66054,66064,10
12.940079689,80.2358093262,66064,66074,10
12.9407596588,80.2360229492,66074,66084,10
12.9415597916,80.2362213135,66084,66095,11
12.9425601959,80.2365188599,66095,66105,10
12.9434204102,80.2370834351,66105,66115,10
12.944149971,80.2378692627,66115,66125,10
12.9449596405,80.2387619019,66125,66135,10
12.9457998276,80.239402771,66135,66145,10
12.946559906,80.2397003174,66145,66155,10
12.9471302032,80.2399215698,66155,66175,20
12.9471302032,80.2399215698,66175,66185,10
12.9473304749,80.2400283813,66185,66196,11
12.947810173,80.2402191162,66196,66206,10
12.9480400085,80.2403182983,66206,66215,9
12.9481401443,80.2403488159,66215,66226,11
12.9481496811,80.2403488159,66226,66236,10
12.948390007,80.2404403687,66236,66246,10
12.9488096237,80.2406082153,66246,66256,10
12.9492797852,80.2407989502,66256,66266,10
12.9498195648,80.2409896851,66266,66276,10
12.950799942,80.2412719727,66276,66296,20
12.950799942,80.2412719727,66296,66307,11
12.9509601593,80.241317749,66307,66317,10
12.9514303207,80.2415008545,66317,66327,10
12.9520101547,80.2416992188,66327,66337,10
12.952630043,80.2419433594,66337,66347,10
12.9532804489,80.2422103882,66347,66357,10
12.9536800385,80.2423706055,66357,66367,10
12.9540395737,80.2425231934,66367,66377,10
12.9546804428,80.2427597046,66377,66387,10
12.9552602768,80.2429580688,66387,66397,10
12.9562597275,80.2432937622,66397,66428,31
12.9562597275,80.2432937622,66428,66438,10
12.9564599991,80.2433624268,66438,66448,10
12.9568004608,80.2435302734,66448,66458,10
12.9573898315,80.2438430786,66458,66468,10
12.9580497742,80.244140625,66468,66478,10
12.9587697983,80.244430542,66478,66498,20
12.9587697983,80.244430542,66498,66509,11
12.9589796066,80.2445602417,66509,66519,10
12.9594202042,80.244758606,66519,66529,10
12.960100174,80.2450790405,66529,66539,10
12.9609203339,80.2454605103,66539,66549,10
12.9618597031,80.2459182739,66549,66559,10
12.9627799988,80.2463607788,66559,66569,10
12.9633398056,80.2466812134,66569,66618,49
12.9633398056,80.2466812134,66618,66628,10
12.9637002945,80.2468414307,66628,66637,9
12.964220047,80.2470397949,66637,66648,11
12.9649896622,80.2472991943,66648,66658,10
12.9658403397,80.2475814819,66658,66668,10
12.9665002823,80.2478408813,66668,66678,10
12.9668798447,80.2479934692,66678,66688,10
12.9668903351,80.2480010986,66688,66698,10
12.9669504166,80.2480316162,66698,66708,10
12.9673299789,80.2482528687,66708,66719,11
12.9680404663,80.248550415,66719,66729,10
12.9688301086,80.2488632202,66729,66738,9
12.9695796967,80.2491607666,66738,66748,10
12.970459938,80.2494888306,66748,66759,11
12.9714002609,80.2497787476,66759,66769,10
12.9725103378,80.2500686646,66769,66778,9
12.973400116,80.2502975464,66778,66788,10
12.9743499756,80.2505187988,66788,66809,21
12.9743499756,80.2505187988,66809,66820,11
12.9747600555,80.2506637573,66820,66830,10
12.975399971,80.2508621216,66830,66840,10
12.9762096405,80.2510986328,66840,66850,10
12.9771604538,80.251411438,66850,66860,10
12.9780197144,80.2520217896,66860,66869,9
12.9787797928,80.2525024414,66869,66880,11
12.9794998169,80.2526168823,66880,66890,10
12.9799203873,80.2525024414,66890,66920,30
12.9799203873,80.2525024414,66920,66931,11
12.9799804688,80.2520980835,66931,66941,10
12.9801301956,80.251663208,66941,66951,10
12.9803304672,80.2509994507,66951,66961,10
12.9805297852,80.2502212524,66961,66971,10
12.9806804657,80.249420166,66971,66981,10
12.9807500839,80.2485198975,66981,66991,10
12.9808197021,80.2475509644,66991,67001,10
12.9808998108,80.2465820313,67001,67011,10
12.981010437,80.2456130981,67011,67021,10
12.9811201096,80.2447967529,67021,67052,31
12.9811201096,80.2447967529,67052,67062,10
12.9811401367,80.2445373535,67062,67193,131
12.9812002182,80.2441711426,67193,67385,192
12.9812002182,80.2441711426,67385,67395,10
12.9812202454,80.2437667847,67395,67405,10
12.9813299179,80.2435379028,67405,67415,10
12.9813404083,80.2432022095,67415,67425,10
12.9813203812,80.243019104,67425,67526,101
12.9813203812,80.243019104,67526,67536,10
12.9813699722,80.2426300049,67536,67547,11
12.9813404083,80.242401123,67547,67567,20
12.9813404083,80.242401123,67567,67577,10
12.9813299179,80.2420578003,67577,67597,20
12.9813299179,80.2420578003,67597,67607,10
12.9813499451,80.2418289185,67607,67637,30
12.9813499451,80.2418289185,67637,67647,10
12.9813098907,80.2415313721,67647,67668,21
12.9813098907,80.2413024902,67668,67688,20
12.9813098907,80.2413024902,67688,67698,10
12.9813299179,80.2410888672,67698,67708,10
12.9813404083,80.2410125732,67708,67718,10
12.9813404083,80.2409362793,67718,67728,10
12.9813203812,80.2405776978,67728,67759,31
12.9813203812,80.2405776978,67759,67769,10
12.9813299179,80.2403717041,67769,67819,50
12.9813299179,80.2403717041,67819,67829,10
12.9813098907,80.2400817871,67829,67900,71
12.9813098907,80.2400817871,67900,67910,10
12.981300354,80.2396774292,67910,67920,10
12.981300354,80.2395019531,67920,67940,20
12.981300354,80.2395019531,67940,67950,10
12.9812898636,80.2393188477,67950,67960,10
12.9812803268,80.2391586304,67960,67971,11
12.9812602997,80.2388916016,67971,67991,20
12.9812602997,80.2388916016,67991,68001,10
12.9812698364,80.2387466431,68001,68011,10
12.9812698364,80.2385635376,68011,68021,10
12.9812698364,80.2385482788,68021,68031,10
12.9812498093,80.2383117676,68031,68112,81
12.9812498093,80.2383117676,68112,68122,10
12.9812297821,80.2378311157,68122,68132,10
12.9812202454,80.2375335693,68132,68152,20
12.9812297821,80.2373123169,68152,68233,81
12.9812297821,80.2373123169,68233,68243,10
12.9812202454,80.2368392944,68243,68253,10
12.9812097549,80.2366104126,68253,68263,10
12.9812097549,80.2363510132,68263,68274,11
12.9812097549,80.2362594604,68274,68284,10
12.9812002182,80.236076355,68284,68314,30
12.9812002182,80.236076355,68314,68324,10
12.9812002182,80.2358169556,68324,68334,10
12.9811897278,80.2355575562,68334,68344,10
12.981180191,80.2353134155,68344,68354,10
12.981180191,80.2350997925,68354,68364,10
12.9811697006,80.2349014282,68364,68374,10
12.9811697006,80.2347106934,68374,68385,11
12.9811697006,80.234703064,68385,68395,10
12.9811697006,80.2344970703,68395,68405,10
12.981180191,80.2343521118,68405,68425,20
12.981180191,80.2343521118,68425,68435,10
12.9812297821,80.2341918945,68435,68445,10
12.9812402725,80.2341384888,68445,68455,10
12.9813804626,80.2338180542,68455,68506,51
12.9813804626,80.2338180542,68506,68516,10
12.9815702438,80.2334213257,68516,68526,10
12.9816102982,80.2333374023,68526,68536,10
12.9816398621,80.2333068848,68536,68546,10
12.9817399979,80.2330703735,68546,68556,10
12.9818096161,80.2329406738,68556,68565,9
12.9818496704,80.2328414917,68565,68576,11
12.981880188,80.2327270508,68576,68587,11
12.9819297791,80.2325363159,68587,68597,10
12.9819602966,80.2324066162,68597,68607,10
12.9819602966,80.2322463989,68607,68617,10
12.9819498062,80.2319412231,68617,68627,10
12.9819202423,80.2315063477,68627,68637,10
12.9818401337,80.2311325073,68637,68647,10
12.9816999435,80.2308197021,68647,68657,10
12.9814901352,80.2304382324,68657,68667,10
12.9811401367,80.2298812866,68667,68677,10
12.980890274,80.2294921875,68677,68687,10
12.9807195663,80.2292327881,68687,68698,11
12.9805698395,80.2289962769,68698,68718,20
12.9805698395,80.2289962769,68718,68728,10
12.9804401398,80.228767395,68728,68744,16
12.980219841,80.2282867432,68744,68756,12
12.9799003601,80.2277679443,68756,68764,8
12.9796304703,80.2273178101,68764,68776,12
12.9792404175,80.2266693115,68776,68786,10
12.9788999557,80.2260971069,68786,68796,10
12.9785299301,80.2254562378,68796,68807,11
12.978099823,80.2247695923,68807,68817,10
12.9778404236,80.2244567871,68817,68827,10
12.9777402878,80.224319458,68827,68837,10
12.9777202606,80.2242889404,68837,68847,10
12.9775400162,80.2239608765,68847,68857,10
12.9772500992,80.2234802246,68857,68867,10
12.9769697189,80.2230300903,68867,68877,10
12.9769201279,80.222869873,68877,68887,10
12.9771499634,80.2227478027,68887,68918,31
12.9771499634,80.2227478027,68918,68928,10
12.9773101807,80.2227325439,68928,68938,10
12.9774999619,80.2225875854,68938,68948,10
12.9775104523,80.2221298218,68948,68958,10
12.9774703979,80.221496582,68958,68968,10
12.9774599075,80.221321106,68968,68978,10
12.9775695801,80.2212524414,68978,68988,10
12.9778699875,80.2212600708,68988,68998,10
12.9782600403,80.2212219238,68998,69009,11
12.9786901474,80.2211685181,69009,69019,10
12.979180336,80.2211380005,69019,69029,10
12.9797401428,80.2211074829,69029,69039,10
12.9804000854,80.2210464478,69039,69049,10
12.9808797836,80.2210388184,69049,69059,10
12.9812803268,80.2211837769,69059,69069,10
12.9816904068,80.2214431763,69069,69079,10
12.9821195602,80.2217330933,69079,69089,10
12.982509613,80.2218704224,69089,69099,10
12.9826498032,80.2219085693,69099,69116,17
12.9828701019,80.2220077515,69116,69128,12
12.9830198288,80.222076416,69128,69138,10
12.9830799103,80.2221069336,69138,69148,10
12.9833498001,80.2222900391,69148,69158,10
12.9835500717,80.2224273682,69158,69168,10
12.9837198257,80.2225494385,69168,69178,10
12.9839200974,80.2226486206,69178,69188,10
12.9842700958,80.2228622437,69188,69198,10
12.9846801758,80.2231216431,69198,69207,9
12.9850997925,80.2232971191,69207,69219,12
12.9854402542,80.2233581543,69219,69229,10
12.9856100082,80.2231521606,69229,69239,10
12.9860095978,80.2230529785,69239,69249,10
12.9863595963,80.2230300903,69249,69259,10
12.9864797592,80.2230300903,69259,69269,10
12.9865598679,80.2230377197,69269,69279,10
12.9868297577,80.2230682373,69279,69289,10
12.9871702194,80.2231369019,69289,69299,10
12.9874296188,80.2231369019,69299,69309,10
12.9877300262,80.2230911255,69309,69320,11
12.988240242,80.2227478027,69320,69330,10
12.9887504578,80.2222366333,69330,69340,10
12.9891901016,80.2217330933,69340,69350,10
12.9895496368,80.221282959,69350,69360,10
12.9903697968,80.2204666138,69360,69380,20
12.9903697968,80.2204666138,69380,69390,10
12.9906597137,80.2202301025,69390,69400,10
12.991060257,80.2199172974,69400,69410,10
12.9914503098,80.219619751,69410,69420,10
12.9919595718,80.2192611694,69420,69431,11
12.9926395416,80.2187805176,69431,69441,10
12.9932603836,80.2183227539,69441,69451,10
12.9938602448,80.2178878784,69451,69461,10
12.9944295883,80.2174682617,69461,69471,10
12.9948396683,80.2171783447,69471,69481,10
12.9951095581,80.2170028687,69481,69491,10
12.9956903458,80.2167434692,69491,69501,10
12.996219635,80.2166290283,69501,69511,10
12.9965896606,80.2165679932,69511,69521,10
12.9970703125,80.2165222168,69521,69532,11
12.9972600937,80.2164077759,69532,69542,10
12.9975004196,80.2161483765,69542,69552,10
12.9975404739,80.2161178589,69552,69562,10
12.9977998734,80.2159194946,69562,69572,10
12.998290062,80.2154998779,69572,69582,10
12.9988603592,80.2150192261,69582,69592,10
12.9991598129,80.2147521973,69592,69602,10
12.999540329,80.2144088745,69602,69612,10
12.9999103546,80.2140808105,69612,69629,17
13.0008001328,80.2132797241,69629,69641,12
13.001449585,80.2127914429,69641,69651,10
13.0019598007,80.2124328613,69651,69661,10
13.0024795532,80.2121887207,69661,69681,20
13.0024795532,80.2121887207,69681,69691,10
13.0027303696,80.2121505737,69691,69701,10
13.0036001205,80.2119979858,69701,69721,20
13.0036001205,80.2119979858,69721,69731,10
13.003660202,80.2117996216,69731,69742,11
13.0036497116,80.2114181519,69742,69752,10
13.0036001205,80.210899353,69752,69762,10
13.0035295486,80.2102890015,69762,69772,10
13.003490448,80.2096099854,69772,69782,10
13.0036096573,80.2089996338,69782,69792,10
13.0040502548,80.2087020874,69792,69802,10
13.0047302246,80.2090072632,69802,69812,10
13.0054197311,80.209312439,69812,69822,10
13.0060596466,80.2095489502,69822,69832,10
13.006939888,80.2098083496,69832,69863,31
13.006939888,80.2098083496,69863,69873,10
13.007109642,80.2098770142,69873,69883,10
13.007610321,80.2099609375,69883,69893,10
13.008020401,80.2100372314,69893,69903,10
13.0081701279,80.2099609375,69903,69913,10
13.0080795288,80.2095184326,69913,69923,10
13.0079298019,80.2087936401,69923,69933,10
13.0078001022,80.2079696655,69933,69944,11
13.0076704025,80.2071762085,69944,69954,10
13.0075502396,80.206451416,69954,69964,10
13.0074796677,80.2057037354,69964,69974,10
13.0074901581,80.2050170898,69974,69984,10
13.0074796677,80.2043762207,69984,69994,10
13.0074300766,80.2036819458,69994,70004,10
13.0072002411,80.2027511597,70004,70014,10
13.006649971,80.2026367188,70014,70024,10
13.0066099167,80.2033004761,70024,70034,10
13.0070400238,80.2035903931,70034,70044,10
13.0076198578,80.2037582397,70044,70055,11
13.0085697174,80.2037811279,70055,70065,10
13.0096998215,80.2036972046,70065,70075,10
13.0108499527,80.2037200928,70075,70085,10
13.0118598938,80.2038421631,70085,70095,10
13.0126199722,80.2039794922,70095,70105,10
13.012960434,80.2040405273,70105,70115,10
13.0132102966,80.2041015625,70115,70125,10
13.0136203766,80.2043228149,70125,70145,20
13.0136203766,80.2043228149,70145,70156,11
13.0136699677,80.2044525146,70156,70166,10
13.0135602951,80.2046966553,70166,70176,10
13.0133895874,80.2052383423,70176,70186,10
13.0131502151,80.2059631348,70186,70196,10
13.0130195618,80.2066802979,70196,70206,10
13.0129499435,80.2074203491,70206,70216,10
13.0128898621,80.2079162598,70216,70226,10
13.0128602982,80.208442688,70226,70236,10
13.0129003525,80.2087936401,70236,70246,10
13.0129899979,80.2092666626,70246,70256,10
13.0131702423,80.2097015381,70256,70267,11
13.0131397247,80.2102279663,70267,70277,10
13.0129699707,80.2110214233,70277,70287,10
13.0125904083,80.2117614746,70287,70297,10
13.0122404099,80.2123336792,70297,70307,10
13.0119199753,80.2127838135,70307,70317,10
13.0116796494,80.2128295898,70317,70327,10
13.0112895966,80.2125167847,70327,70337,10
13.0106201172,80.2120513916,70337,70347,10
13.0102500916,80.2117614746,70347,70357,10
13.0098600388,80.2114486694,70357,70368,11
13.009519577,80.2112426758,70368,70660,292
13.0093097687,80.2110366821,70660,70872,212
13.0093097687,80.2110366821,70872,70883,11
13.00922966,80.211151123,70883,70893,10
13.0091295242,80.2113113403,70893,70903,10
13.0089797974,80.2115402222,70903,70913,10
13.0090198517,80.2118377686,70913,70923,10
13.0091495514,80.2122573853,70923,70933,10
13.0093002319,80.2126922607,70933,70943,10
13.0094900131,80.2132034302,70943,70953,10
13.0096902847,80.2136993408,70953,70963,10
13.0098695755,80.2141494751,70963,70973,10
13.0100698471,80.2146606445,70973,70984,11
13.0101604462,80.2152481079,70984,70995,11
13.0102796555,80.2158813477,70995,71005,10
13.0105600357,80.2164611816,71005,71015,10
13.0108604431,80.2171020508,71015,71025,10
13.0111703873,80.2177276611,71025,71035,10
13.0114402771,80.21849823,71035,71045,10
13.0117502213,80.2194213867,71045,71055,10
13.0120401382,80.2203674316,71055,71065,10
13.0122699738,80.2211608887,71065,71075,10
13.0123300552,80.2215194702,71075,71085,10
13.0124702454,80.2217407227,71085,71096,11
13.0128002167,80.2221984863,71096,71106,10
13.0131397247,80.2225799561,71106,71116,10
13.0134897232,80.2229614258,71116,71126,10
13.0138597488,80.2233581543,71126,71136,10
13.0140800476,80.2236328125,71136,71146,10
13.0143203735,80.2239379883,71146,71156,10
13.0147399902,80.2244415283,71156,71166,10
13.0151796341,80.2249221802,71166,71176,10
13.0153903961,80.2252426147,71176,71186,10
13.0153598785,80.2256698608,71186,71197,11
13.015080452,80.2259216309,71197,71207,10
13.0146503448,80.2260971069,71207,71217,10
13.0141601563,80.2262878418,71217,71226,9
13.0136404037,80.2265014648,71226,71236,10
13.0129699707,80.2267608643,71236,71247,11
13.0122900009,80.2270431519,71247,71257,10
13.0115604401,80.2273330688,71257,71267,10
13.0108699799,80.2276000977,71267,71277,10
13.010140419,80.2278900146,71277,71287,10
13.0095396042,80.2278823853,71287,71297,10
13.0096302032,80.2273406982,71297,71308,11
13.009929657,80.2266387939,71308,71318,10
13.0101995468,80.2259368896,71318,71328,10
13.0104103088,80.2254333496,71328,71338,10
13.0104799271,80.2252807617,71338,71348,10
13.0106201172,80.2249679565,71348,71358,10
13.0107603073,80.2246017456,71358,71368,10
13.0109901428,80.2240600586,71368,71378,10
13.0111198425,80.2236633301,71378,71388,10
13.0111398697,80.2236404419,71388,71398,10
13.0112199783,80.2232589722,71398,71409,11
13.0107898712,80.2229766846,71409,71419,10
13.0101804733,80.2226715088,71419,71429,10
13.0094995499,80.2223129272,71429,71439,10
13.0087404251,80.2219009399,71439,71449,10
13.0079298019,80.2214813232,71449,71459,10
13.0071401596,80.2210617065,71459,71469,10
13.006480217,80.2207183838,71469,71479,10
13.0057401657,80.2205581665,71479,71489,10
13.0050096512,80.2203903198,71489,71499,10
13.0044403076,80.2202606201,71499,71510,11
13.0042896271,80.2202301025,71510,71520,10
13.0039196014,80.2201385498,71520,71530,10
13.0033302307,80.2200012207,71530,71540,10
13.002699852,80.2197723389,71540,71550,10
13.0022201538,80.2193527222,71550,71560,10
13.0019302368,80.2190475464,71560,71570,10
13.0014801025,80.2186279297,71570,71580,10
13.0009403229,80.2182617188,71580,71590,10
13.0003995895,80.2179031372,71590,71600,10
12.9997701645,80.2175064087,71600,71611,11
12.9990501404,80.2171020508,71611,71621,10
12.9983596802,80.216758728,71621,71631,10
12.9976396561,80.2166137695,71631,71651,20
12.9976396561,80.2166137695,71651,71661,10
12.9972896576,80.216583252,71661,71671,10
12.9967403412,80.2165985107,71671,71681,10
12.9961595535,80.2166595459,71681,71691,10
12.9955301285,80.2168197632,71691,71701,10
12.9950895309,80.2170562744,71701,71711,10
12.9946203232,80.217376709,71711,71722,11
12.9941596985,80.2177200317,71722,71732,10
12.9937801361,80.2179870605,71732,71742,10
12.9932603836,80.2183609009,71742,71752,10
12.9927797318,80.218711853,71752,71762,10
12.9920902252,80.2192382813,71762,71792,30
12.9920902252,80.2192382813,71792,71802,10
12.9917602539,80.2194900513,71802,71812,10
12.9914197922,80.2197418213,71812,71823,11
12.9907398224,80.2202529907,71823,71843,20
12.9907398224,80.2202529907,71843,71853,10
12.990480423,80.220451355,71853,71863,10
12.9900102615,80.2208175659,71863,71903,40
12.9897003174,80.2210998535,71903,71924,21
12.9895896912,80.2211914063,71924,71990,66
12.9895896912,80.2211914063,71990,72002,12
12.9893398285,80.2214813232,72002,72011,9
12.9892196655,80.2216491699,72011,72043,32
12.9892196655,80.2216491699,72043,72053,10
12.9890403748,80.2218933105,72053,72063,10
12.9889001846,80.2220611572,72063,72073,10
12.988699913,80.2223129272,72073,72083,10
12.9886798859,80.222328186,72083,72093,10
12.9885196686,80.2225112915,72093,72134,41
12.9885196686,80.2225112915,72134,72144,10
12.9883003235,80.2226715088,72144,72154,10
12.9881696701,80.2228088379,72154,72255,101
12.9881696701,80.2228088379,72255,72265,10
12.9879198074,80.2230377197,72265,72426,161
12.9875802994,80.2231674194,72426,72527,101
12.9875802994,80.2231674194,72527,72537,10
12.9872398376,80.2231216431,72537,72548,11
12.9870595932,80.2230987549,72548,72558,10
12.9868898392,80.2230911255,72558,72568,10
12.986700058,80.2230529785,72568,72578,10
12.9864597321,80.2230224609,72578,72588,10
12.9860601425,80.2230300903,72588,72598,10
12.9856500626,80.2231216431,72598,72608,10
12.9854297638,80.2233428955,72608,72618,10
12.9850702286,80.2232971191,72618,72628,10
12.9846000671,80.2230911255,72628,72638,10
12.9842195511,80.2228469849,72638,72648,10
12.983590126,80.2224578857,72648,72669,21
12.983590126,80.2224578857,72669,72679,10
12.9831495285,80.22215271,72679,72699,20
12.9831495285,80.22215271,72699,72709,10
12.9829797745,80.2220611572,72709,72719,10
12.9827899933,80.2219619751,72719,72729,10
12.982460022,80.2218704224,72729,72739,10
12.9821596146,80.2217330933,72739,72749,10
12.9816703796,80.2213973999,72749,72760,11
12.9810400009,80.2211227417,72760,72770,10
12.9804601669,80.2211380005,72770,72780,10
12.9797496796,80.221206665,72780,72790,10
12.9790897369,80.2212371826,72790,72800,10
12.9784603119,80.2212677002,72800,72810,10
12.97797966,80.2212982178,72810,72820,10
12.9775295258,80.2212982178,72820,72830,10
12.976940155,80.2212982178,72830,72840,10
12.9764204025,80.221321106,72840,72850,10
12.9761400223,80.2214889526,72850,72861,11
12.9764099121,80.2219619751,72861,72891,30
12.9764099121,80.2219619751,72891,72901,10
12.9765501022,80.2222671509,72901,72911,10
12.9768400192,80.2227630615,72911,72921,10
12.9771699905,80.2232894897,72921,72931,10
12.9775695801,80.2239379883,72931,72941,10
12.9779195786,80.2244796753,72941,72951,10
12.9782304764,80.2249679565,72951,72961,10
12.9785299301,80.2254562378,72961,72972,11
12.9788599014,80.2260131836,72972,72982,10
12.9791097641,80.2264404297,72982,72992,10
12.9792098999,80.2266082764,72992,73002,10
12.9793796539,80.2268981934,73002,73012,10
12.9796304703,80.2273101807,73012,73022,10
12.9799404144,80.2277832031,73022,73032,10
12.9802398682,80.2283401489,73032,73042,10
12.9805603027,80.2288513184,73042,73052,10
12.9808197021,80.2293319702,73052,73062,10
12.9810600281,80.2297286987,73062,73073,11
12.9816598892,80.2305908203,73073,73093,20
12.9816598892,80.2305908203,73093,73103,10
12.9817895889,80.2309036255,73103,73113,10
12.9819402695,80.2313995361,73113,73123,10
12.9820203781,80.2317581177,73123,73133,10
12.982049942,80.2319412231,73133,73335,202
12.982000351,80.2323074341,73335,73406,71
12.982000351,80.2323074341,73406,73416,10
12.9819602966,80.2325668335,73416,73426,10
12.9818496704,80.2329483032,73426,73487,61
12.9817399979,80.2332000732,73487,73547,60
12.9817399979,80.2332000732,73547,73557,10
12.981590271,80.2335510254,73557,73566,9
12.9815397263,80.2336425781,73566,73577,11
12.9812898636,80.2341537476,73577,73598,21
12.9812898636,80.2341537476,73598,73608,10
12.9812002182,80.234413147,73608,73618,10
12.981180191,80.2348175049,73618,73658,40
12.9811697006,80.2350463867,73658,73688,30
12.9811697006,80.2350463867,73688,73699,11
12.9811897278,80.2353897095,73699,73759,60
12.9812002182,80.2357406616,73759,73830,71
12.9812002182,80.2357406616,73830,73840,10
12.9812498093,80.2362136841,73840,73850,10
12.9812602997,80.2365875244,73850,73921,71
12.9812602997,80.2365875244,73921,73931,10
12.9812297821,80.2369689941,73931,73941,10
12.9812402725,80.2372283936,73941,73951,10
12.9812498093,80.2379302979,73951,73987,36
12.9812498093,80.2379302979,73987,73999,12
12.9812498093,80.2382888794,73999,74010,11
12.9812602997,80.2387695313,74010,74020,10
12.9812898636,80.2396011353,74020,74142,122
12.9812898636,80.2396011353,74142,74152,10
12.9813299179,80.2400512695,74152,74162,10
12.9813203812,80.2403182983,74162,74172,10
12.9813404083,80.2409286499,74172,74192,20
12.9813404083,80.2409286499,74192,74202,10
12.9813404083,80.2411117554,74202,74213,11
12.9813404083,80.2413864136,74213,74223,10
12.9813404083,80.2414474487,74223,74233,10
12.9813404083,80.2416687012,74233,74243,10
12.9813203812,80.2420501709,74243,74253,10
12.9813299179,80.2425765991,74253,74263,10
12.9813404083,80.2430419922,74263,74273,10
12.9813404083,80.2431716919,74273,74283,10
12.9813299179,80.2432098389,74283,74293,10
12.9813098907,80.2435302734,74293,74303,10
12.9812698364,80.2438430786,74303,74313,10
12.981180191,80.2445602417,74313,74324,11
12.9810495377,80.2455596924,74324,74334,10
12.980919838,80.2466430664,74334,74344,10
12.9808101654,80.247833252,74344,74354,10
12.9806995392,80.2490386963,74354,74364,10
12.9805402756,80.250213623,74364,74374,10
12.9802398682,80.2513198853,74374,74384,10
12.9800701141,80.2520370483,74384,74394,10
12.9798803329,80.2526473999,74394,74465,71
12.9798803329,80.2526473999,74465,74475,10
12.9798498154,80.2527694702,74475,74485,10
12.9795198441,80.252822876,74485,74495,10
12.9788599014,80.2527313232,74495,74505,10
12.9785003662,80.2526397705,74505,74515,10
12.9784402847,80.2526016235,74515,74525,10
12.9780302048,80.2522735596,74525,74536,11
12.9772901535,80.2516403198,74536,74546,10
12.9764099121,80.2512893677,74546,74556,10
12.9751501083,80.2509307861,74556,74566,10
12.9740400314,80.250617981,74566,74576,10
12.9729604721,80.2503204346,74576,74586,10
12.9717798233,80.2500228882,74586,74596,10
12.9705400467,80.2496795654,74596,74606,10
12.9694404602,80.2492828369,74606,74616,10
12.968460083,80.2488708496,74616,74626,10
12.967499733,80.2484817505,74626,74637,11
12.9667100906,80.2480773926,74637,74647,10
12.9659996033,80.2477264404,74647,74657,10
12.9652395248,80.2474822998,74657,74667,10
12.9648399353,80.2473983765,74667,74677,10
12.964799881,80.2473983765,74677,74687,10
12.9645395279,80.2472915649,74687,74697,10
12.9643497467,80.2472229004,74697,74707,10
12.9641103745,80.2471313477,74707,74717,10
12.9638996124,80.2470397949,74717,74727,10
12.963640213,80.2469177246,74727,74738,11
12.9632701874,80.246711731,74738,74748,10
12.9625997543,80.2463912964,74748,74758,10
12.9618797302,80.2460174561,74758,74768,10
12.9611701965,80.2456817627,74768,74778,10
12.9604301453,80.2453308105,74778,74788,10
12.9597101212,80.2450180054,74788,74798,10
12.9594697952,80.2449417114,74798,74808,10
12.9593200684,80.2448577881,74808,74818,10
12.9588603973,80.2446517944,74818,74828,10
12.9582004547,80.2443695068,74828,74838,10
12.9576396942,80.2441711426,74838,74849,11
12.9567899704,80.2438430786,74849,74939,90
12.9564599991,80.2436981201,74939,74980,41
12.9564599991,80.2436981201,74980,74990,10
12.9562597275,80.243637085,74990,75000,10
12.955739975,80.2433776855,75000,75010,10
12.9549999237,80.2430267334,75010,75020,10
12.954199791,80.2426986694,75020,75030,10
12.9535703659,80.2424316406,75030,75040,10
12.9528999329,80.2421798706,75040,75051,11
12.9521799088,80.2419204712,75051,75061,10
12.9518098831,80.2418136597,75061,75071,10
12.9517498016,80.2417907715,75071,75081,10
12.9515600204,80.2417221069,75081,75091,10
12.9513196945,80.241607666,75091,75101,10
12.9511604309,80.2415313721,75101,75111,10
12.9510002136,80.2414779663,75111,75141,30
12.9510002136,80.2414779663,75141,75152,11
12.9505901337,80.2414169312,75152,75162,10
12.950340271,80.2413101196,75162,75172,10
12.9502296448,80.2412796021,75172,75182,10
12.9499197006,80.2412109375,75182,75232,50
12.9499197006,80.2412109375,75232,75242,10
12.949669838,80.2410964966,75242,75252,10
12.9493198395,80.2409973145,75252,75263,11
12.9491596222,80.2409591675,75263,75273,10
12.9486198425,80.2407226563,75273,75283,10
12.9478597641,80.2403869629,75283,75293,10
12.9472799301,80.2401580811,75293,75303,10
12.9471797943,80.2401199341,75303,75313,10
12.9468803406,80.2399978638,75313,75323,10
12.9462995529,80.2397537231,75323,75333,10
12.9455795288,80.2394180298,75333,75343,10
12.9448699951,80.2388916016,75343,75353,10
12.9441604614,80.2381362915,75353,75364,11
12.9435396194,80.2375106812,75364,75374,10
12.9434204102,80.237411499,75374,75384,10
12.9430799484,80.2370529175,75384,75394,10
12.9423999786,80.2366333008,75394,75404,10
12.9414796829,80.2363433838,75404,75414,10
12.9404602051,80.236076355,75414,75424,10
12.9396696091,80.2358703613,75424,75434,10
12.9395704269,80.2358322144,75434,75444,10
12.9391899109,80.2356262207,75444,75454,10
12.9385204315,80.2352905273,75454,75465,11
12.9376296997,80.2348327637,75465,75475,10
12.9368000031,80.2344207764,75475,75485,10
12.9359998703,80.2340164185,75485,75495,10
12.9354295731,80.2337417603,75495,75505,10
12.934709549,80.2334213257,75505,75515,10
12.9341497421,80.2331924438,75515,75524,9
12.9340896606,80.2331619263,75524,75535,11
12.9338598251,80.233039856,75535,75545,10
12.9334402084,80.2328414917,75545,75555,10
12.9327497482,80.2325363159,75555,75565,10
12.9318704605,80.2322235107,75565,75576,11
12.9308700562,80.2318878174,75576,75586,10
12.9300098419,80.2316589355,75586,75596,10
12.9292402267,80.2315063477,75596,75606,10
12.9285898209,80.2313690186,75606,75616,10
12.927980423,80.2312698364,75616,75626,10
12.9272499084,80.2311706543,75626,75636,10
12.9265604019,80.231086731,75636,75646,10
12.9261302948,80.2310409546,75646,75656,10
12.9258203506,80.2310180664,75656,75666,10
12.9253501892,80.2309799194,75666,75677,11
12.9246397018,80.2309036255,75677,75687,10
12.9238700867,80.2308120728,75687,75697,10
12.9230003357,80.230682373,75697,75707,10
12.9221000671,80.2305221558,75707,75717,10
12.9211196899,80.2303771973,75717,75727,10
12.9201602936,80.2302627563,75727,75737,10
12.9194297791,80.230178833,75737,75757,20
12.9194297791,80.230178833,75757,75767,10
12.9191904068,80.2301483154,75767,75778,11
12.9185304642,80.2300491333,75778,75788,10
12.9177999496,80.2299575806,75788,75798,10
12.9170703888,80.2298583984,75798,75808,10
12.9164600372,80.2297668457,75808,75818,10
12.9156999588,80.2296600342,75818,75828,10
12.9148902893,80.2295379639,75828,75838,10
12.9140996933,80.2294235229,75838,75848,10
12.9133396149,80.2293167114,75848,75858,10
12.9130601883,80.229309082,75858,75868,10
12.9129695892,80.2292785645,75868,75878,10
12.9124403,80.2291870117,75878,75889,11
12.9114704132,80.2290496826,75889,75899,10
12.9104204178,80.2288970947,75899,75909,10
12.9092998505,80.2287216187,75909,75919,10
12.9082803726,80.2285614014,75919,75929,10
12.9073600769,80.2284164429,75929,75939,10
12.9068202972,80.2283401489,75939,75949,10
12.9067802429,80.2283172607,75949,75959,10
12.9061698914,80.2282867432,75959,75979,20
12.9061698914,80.2282867432,75979,75990,11
12.906129837,80.2283096313,75990,76000,10
12.9056196213,80.2282791138,76000,76010,10
12.904800415,80.2282180786,76010,76020,10
12.9037904739,80.2281570435,76020,76030,10
12.9027204514,80.2280883789,76030,76040,10
12.9018096924,80.2280502319,76040,76050,10
12.9012203217,80.2280273438,76050,76060,10
12.9006900787,80.2279815674,76060,76070,10
12.8999996185,80.2279434204,76070,76080,10
12.899140358,80.2279281616,76080,76111,31
12.899140358,80.2279281616,76111,76121,10
12.8990297318,80.2279205322,76121,76131,10
12.8986196518,80.2278823853,76131,76141,10
12.8979196548,80.2278366089,76141,76157,16
12.8964300156,80.2277526855,76157,76169,12
12.8950901031,80.2276992798,76169,76178,9
12.8940496445,80.2276306152,76178,76189,11
12.8929595947,80.2275238037,76189,76200,11
12.8928003311,80.2275009155,76200,76210,10
12.8927402496,80.2274932861,76210,76220,10
12.8922996521,80.2274398804,76220,76230,10
12.8915500641,80.2274093628,76230,76240,10
12.8906002045,80.2274017334,76240,76250,10
12.8895998001,80.2274169922,76250,76260,10
12.8885297775,80.227432251,76260,76280,20
12.8885297775,80.227432251,76280,76290,10
12.8882799149,80.2274093628,76290,76301,11
12.8875999451,80.2273406982,76301,76311,10
12.8867902756,80.2272033691,76311,76321,10
12.8858995438,80.2269668579,76321,76331,10
12.8847703934,80.2267837524,76331,76351,20
12.8847703934,80.2267837524,76351,76361,10
12.8845996857,80.2267684937,76361,76371,10
12.8841400146,80.2267913818,76371,76381,10
12.8833799362,80.2267913818,76381,76391,10
12.8827695847,80.2267913818,76391,76402,11
12.8822097778,80.2268066406,76402,76412,10
12.8815898895,80.2267990112,76412,76422,10
12.8808202744,80.2267990112,76422,76432,10
12.8800601959,80.2268066406,76432,76442,10
12.8791999817,80.2268295288,76442,76452,10
12.8782701492,80.2268829346,76452,76462,10
12.8773603439,80.2269515991,76462,76472,10
12.876660347,80.2269973755,76472,76482,10
12.8764400482,80.2269363403,76482,76523,41
12.8764400482,80.2269363403,76523,76533,10
12.8763799667,80.2264709473,76533,76563,30
12.8763799667,80.2264709473,76563,76573,10
12.8763999939,80.226348877,76573,76583,10
12.8764600754,80.2259216309,76583,76593,10
12.8765296936,80.2252426147,76593,76603,10
12.8766202927,80.2244262695,76603,76614,11
12.8767995834,80.2235336304,76614,76624,10
12.876999855,80.2226486206,76624,76634,10
12.8772001266,80.2217712402,76634,76644,10
12.8774003983,80.2209091187,76644,76654,10
12.8775997162,80.2200393677,76654,76664,10
12.8777799606,80.2192611694,76664,76674,10
12.8779497147,80.2185211182,76674,76684,10
12.8781099319,80.2177734375,76684,76694,10
12.8782396317,80.2170791626,76694,76710,16
12.8783798218,80.216293335,76710,76723,13
12.8784799576,80.2158279419,76723,76733,10
12.878569603,80.2154922485,76733,76743,10
12.8787097931,80.2147064209,76743,76814,71
12.8787097931,80.2147064209,76814,76825,11
12.8787403107,80.2146377563,76825,76835,10
12.8788499832,80.2141571045,76835,76845,10
12.8789796829,80.2134094238,76845,76855,10
12.8791599274,80.2124786377,76855,76865,10
12.8793401718,80.2115402222,76865,76875,10
12.879240036,80.2109909058,76875,76905,30
12.879240036,80.2109909058,76905,76915,10
12.8790798187,80.2109603882,76915,76926,11
12.8786401749,80.2108764648,76926,76936,10
12.8780202866,80.2107696533,76936,76946,10
12.8773298264,80.2106399536,76946,76956,10
12.8765897751,80.2105026245,76956,76966,10
12.8758201599,80.2103500366,76966,76976,10
12.8751296997,80.2102432251,76976,76986,10
12.8745002747,80.2101287842,76986,77037,51
12.8745002747,80.2101287842,77037,77047,10
12.8743495941,80.2099304199,77047,77057,10
12.8745298386,80.2095718384,77057,77067,10
12.8746404648,80.2098083496,77067,77523,456
12.8746404648,80.2098083496,77523,77533,10
12.8746995926,80.2100067139,77533,77543,10
12.8747797012,80.2102203369,77543,77554,11
12.8752002716,80.2102584839,77554,77564,10
12.8755702972,80.2103424072,77564,77574,10
12.8760204315,80.2104187012,77574,77584,10
12.8766498566,80.2105331421,77584,77594,10
12.8773002625,80.210647583,77594,77602,8
12.8777599335,80.2107620239,77602,77614,12
12.8784799576,80.2108764648,77614,77624,10
12.8790597916,80.2109909058,77624,77634,10
12.8794603348,80.2112121582,77634,77644,10
12.879360199,80.2117767334,77644,77655,11
12.8791799545,80.2127380371,77655,77666,11
12.8789701462,80.2138671875,77666,77676,10
12.878780365,80.2148971558,77676,77686,10
12.878569603,80.2158889771,77686,77696,10
12.8783597946,80.2168579102,77696,77706,10
12.8781499863,80.2179489136,77706,77716,10
12.8778800964,80.2192230225,77716,77726,10
12.8775596619,80.2205810547,77726,77736,10
12.877240181,80.2219696045,77736,77746,10
12.8769197464,80.2233276367,77746,77757,11
12.8766899109,80.2245483398,77757,77767,10
12.876540184,80.2258377075,77767,77777,10
12.8764400482,80.2264099121,77777,77787,10
12.8764200211,80.2268218994,77787,77797,10
12.8764200211,80.2268371582,77797,77807,10
12.8766002655,80.2269592285,77807,77817,10
12.8771400452,80.2268981934,77817,77827,10
12.8779602051,80.2268295288,77827,77837,10
12.8790397644,80.2267608643,77837,77847,10
12.8801698685,80.2267227173,77847,77858,11
12.881480217,80.2266998291,77858,77868,10
12.8826599121,80.2266769409,77868,77878,10
12.8838195801,80.2266616821,77878,77888,10
12.8848800659,80.2266464233,77888,77898,10
12.8852796555,80.2266616821,77898,77908,10
12.8855104446,80.2266998291,77908,77918,10
12.8861999512,80.2268829346,77918,77928,10
12.8870401382,80.2270889282,77928,77938,10
12.8879299164,80.2272262573,77938,77954,16
12.888759613,80.2272720337,77954,77967,13
12.8898801804,80.2272872925,77967,77977,10
12.8908195496,80.2272872925,77977,77987,10
12.8920698166,80.2272872925,77987,77997,10
12.8931398392,80.2273864746,77997,78006,9
12.8939304352,80.2274780273,78006,78017,11
12.8943796158,80.2275238037,78017,78027,10
12.8951997757,80.2275695801,78027,78037,10
12.8961696625,80.2276229858,78037,78047,10
12.8974103928,80.2276687622,78047,78057,10
12.8985395432,80.2277374268,78057,78068,11
12.8996400833,80.2277984619,78068,78078,10
12.9003801346,80.2278213501,78078,78088,10
12.9006204605,80.2278213501,78088,78098,10
12.9009599686,80.2278594971,78098,78108,10
12.9013996124,80.2279205322,78108,78118,10
12.9020395279,80.2279510498,78118,78128,10
12.9027299881,80.2279586792,78128,78138,10
12.9027500153,80.2279586792,78138,78148,10
12.9031896591,80.2279510498,78148,78158,10
12.9039201736,80.2280426025,78158,78169,11
12.9048204422,80.2280807495,78169,78199,30
12.9048204422,80.2280807495,78199,78209,10
12.9050798416,80.2281036377,78209,78219,10
12.9054803848,80.2281188965,78219,78229,10
12.9057798386,80.2281417847,78229,78239,10
12.9061603546,80.2281494141,78239,78310,71
12.9061603546,80.2281494141,78310,78320,10
12.9062404633,80.2281417847,78320,78330,10
12.9066295624,80.2281723022,78330,78340,10
12.9072799683,80.2282714844,78340,78350,10
12.9082202911,80.2284317017,78350,78360,10
12.9094495773,80.2286300659,78360,78370,10
12.9106197357,80.2288131714,78370,78381,11
12.9119796753,80.2290115356,78381,78391,10
12.912779808,80.2291412354,78391,78401,10
12.9137096405,80.2292480469,78401,78411,10
12.9139604568,80.2292709351,78411,78421,10
12.9142398834,80.229309082,78421,78431,10
12.9149303436,80.2294082642,78431,78441,10
12.9158496857,80.2295608521,78441,78451,10
12.9167404175,80.2296829224,78451,78461,10
12.9170398712,80.2296981812,78461,78471,10
12.9175395966,80.2297897339,78471,78482,11
12.9184799194,80.2299194336,78482,78492,10
12.9196195602,80.2300796509,78492,78502,10
12.9209403992,80.2302627563,78502,78512,10
12.9221801758,80.230430603,78512,78522,10
12.9235401154,80.2306289673,78522,78532,10
12.9249601364,80.230796814,78532,78542,10
12.9262199402,80.2309417725,78542,78552,10
12.9274101257,80.2310562134,78552,78562,10
12.9286403656,80.2312393188,78562,78572,10
12.9297199249,80.2314605713,78572,78582,10
12.9308900833,80.2317886353,78582,78593,11
12.9322500229,80.232208252,78593,78603,10
12.9334201813,80.2326507568,78603,78613,10
12.9337596893,80.2328033447,78613,78623,10
12.9342002869,80.2330093384,78623,78633,10
12.9350204468,80.2333908081,78633,78643,10
12.9359102249,80.2338027954,78643,78653,10
12.9368696213,80.2342605591,78653,78669,16
12.9386301041,80.2351226807,78669,78681,12
12.9397201538,80.2356567383,78681,78691,10
12.9406204224,80.2359771729,78691,78702,11
12.9418897629,80.2362823486,78702,78712,10
12.9430503845,80.2367630005,78712,78722,10
12.943860054,80.2375717163,78722,78732,10
12.9447603226,80.2385482788,78732,78742,10
12.9458198547,80.239402771,78742,78752,10
12.9470901489,80.2399520874,78752,78762,10
12.948220253,80.2404022217,78762,78772,10
12.9487400055,80.2405929565,78772,78803,31
12.9487400055,80.2405929565,78803,78812,9
12.9490499496,80.240737915,78812,78823,11
12.9498195648,80.2409973145,78823,78833,10
12.9507703781,80.2412719727,78833,78843,10
12.9511098862,80.2413482666,78843,78853,10
12.9517498016,80.2416000366,78853,78863,10
12.952630043,80.2419433594,78863,78873,10
12.9535799026,80.2423095703,78873,78883,10
12.9544496536,80.2426376343,78883,78892,9
12.9550104141,80.2428588867,78892,78904,12
12.9559001923,80.2431182861,78904,78914,10
12.9562501907,80.2432632446,78914,78934,20
12.9562501907,80.2432632446,78934,78944,10
12.9564399719,80.243347168,78944,78954,10
12.9570198059,80.243637085,78954,78964,10
12.9578895569,80.2440490723,78964,78974,10
12.9588403702,80.2444763184,78974,78984,10
12.9591598511,80.2446212769,78984,78994,10
12.9596204758,80.2448272705,78994,79005,11
12.9605302811,80.2452468872,79005,79015,10
12.9616003036,80.2457580566,79015,79025,10
12.9626197815,80.2462615967,79025,79035,10
12.9630203247,80.2464599609,79035,79045,10
12.9630804062,80.2464675903,79045,79055,10
12.9632797241,80.2465667725,79055,79065,10
12.963640213,80.2467498779,79065,79075,10
12.9641599655,80.246963501,79075,79085,10
12.964799881,80.247177124,79085,79095,10
12.9654798508,80.2474212646,79095,79106,11
12.9660797119,80.2476196289,79106,79116,10
12.9662799835,80.2477035522,79116,79126,10
12.9666595459,80.2478790283,79126,79136,10
12.9670200348,80.2480621338,79136,79146,10
12.9677600861,80.2483901978,79146,79156,10
12.9686098099,80.2487335205,79156,79166,10
12.9693899155,80.2490386963,79166,79176,10
12.9704198837,80.2494430542,79176,79186,10
12.9715900421,80.2498092651,79186,79202,16
12.9733495712,80.2502593994,79202,79215,13
12.9747800827,80.2506408691,79215,79223,8
12.9756603241,80.2508926392,79223,79235,12
12.976940155,80.2512588501,79235,79245,10
12.9776802063,80.2516708374,79245,79255,10
12.9782495499,80.2521972656,79255,79265,10
12.9791097641,80.2525634766,79265,79275,10
12.9797697067,80.2525405884,79275,79285,10
12.9799404144,80.2523574829,79285,79295,10
12.9799804688,80.2520599365,79295,79305,10
12.9801998138,80.2513580322,79305,79316,11
12.9805002213,80.2502822876,79316,79326,10
12.9806995392,80.2492370605,79326,79336,10
12.9807500839,80.2481613159,79336,79346,10
12.9808797836,80.246963501,79346,79356,10
12.981010437,80.2457122803,79356,79367,11
12.9811496735,80.2444610596,79367,79377,10
12.9811897278,80.2438735962,79377,79387,10
12.981300354,80.2436065674,79387,79397,10
12.9813604355,80.2431793213,79397,79407,10
12.9813699722,80.2429275513,79407,79418,11
12.9813995361,80.2425231934,79418,79428,10
12.9813699722,80.241897583,79428,79438,10
12.9813604355,80.2413482666,79438,79448,10
12.9813604355,80.240737915,79448,79458,10
12.9813604355,80.2403335571,79458,79468,10
12.9813499451,80.2401504517,79468,79478,10
12.9813604355,80.2397689819,79478,79488,10
12.9813404083,80.2394332886,79488,79498,10
12.9813098907,80.2390365601,79498,79508,10
12.981300354,80.2383422852,79508,79519,11
12.9812803268,80.2373504639,79519,79529,10
12.9812602997,80.2363510132,79529,79539,10
12.9812097549,80.2353591919,79539,79549,10
12.9812202454,80.234413147,79549,79559,10
12.981300354,80.2340164185,79559,79569,10
12.9813203812,80.2339706421,79569,79579,10
12.9814901352,80.2336196899,79579,79589,10
12.9816398621,80.2332992554,79589,79599,10
12.9817304611,80.2331237793,79599,79609,10
12.9819002151,80.2326965332,79609,79618,9
12.982000351,80.2322616577,79618,79630,12
12.9819898605,80.2317123413,79630,79640,10
12.9819498062,80.2314910889,79640,79650,10
12.9818601608,80.2311325073,79650,79660,10
12.9816904068,80.23072052,79660,79670,10
12.9814596176,80.2302932739,79670,79680,10
12.9811496735,80.2297668457,79680,79690,10
12.9809303284,80.2294006348,79690,79700,10
12.9807701111,80.2290420532,79700,79710,10
12.9805202484,80.2286376953,79710,79720,10
12.9801197052,80.2279663086,79720,79731,11
12.9796895981,80.2272491455,79731,79741,10
12.979180336,80.2264328003,79741,79751,10
12.9786701202,80.2255706787,79751,79761,10
12.9781799316,80.2247619629,79761,79771,10
12.9779500961,80.2245101929,79771,79781,10
12.9777097702,80.2240982056,79781,79791,10
12.9774303436,80.2236404419,79791,79801,10
12.9771604538,80.2231826782,79801,79811,10
12.9769897461,80.2228393555,79811,79821,10
12.9771604538,80.2227020264,79821,79832,11
12.9773597717,80.2226791382,79832,79842,10
12.9775295258,80.2224121094,79842,79852,10
12.9775104523,80.221786499,79852,79862,10
12.9774799347,80.2213363647,79862,79872,10
12.9776096344,80.2212219238,79872,79882,10
12.9780597687,80.2212219238,79882,79892,10
12.9787597656,80.2211608887,79892,79902,10
12.9794797897,80.2210998535,79902,79912,10
12.9801797867,80.2210388184,79912,79922,10
12.9807596207,80.2209777832,79922,79933,11
12.981300354,80.2211303711,79933,79943,10
12.9818401337,80.2214813232,79943,79953,10
12.9824199677,80.2217788696,79953,79963,10
12.9828596115,80.2219161987,79963,79973,10
12.9829797745,80.2220001221,79973,79983,10
12.9833498001,80.2222366333,79983,79993,10
12.983710289,80.2225036621,79993,80003,10
12.9841604233,80.2227630615,80003,80019,16
12.985039711,80.2232513428,80019,80031,12
12.9855604172,80.22315979,80031,80042,11
12.9862098694,80.2229919434,80042,80052,10
12.9864196777,80.2229690552,80052,80062,10
12.9867897034,80.2229995728,80062,80072,10
12.9871797562,80.2230606079,80072,80080,8
12.9875001907,80.2230987549,80080,80092,12
12.9881601334,80.2227783203,80092,80102,10
12.988699913,80.2222824097,80102,80112,10
12.9891796112,80.2217330933,80112,80122,10
12.9896802902,80.2211074829,80122,80132,10
12.9903497696,80.2204971313,80132,80143,11
12.990940094,80.2200164795,80143,80153,10
12.9916000366,80.2194900513,80153,80163,10
12.992389679,80.2189483643,80163,80173,10
12.9932203293,80.2183380127,80173,80183,10
12.9939203262,80.2178268433,80183,80193,10
12.994509697,80.217376709,80193,80203,10
12.9948997498,80.2170715332,80203,80213,10
12.9953298569,80.216796875,80213,80223,10
12.9960098267,80.2165985107,80223,80233,10
12.9968900681,80.2164916992,80233,80244,11
12.9974002838,80.2162094116,80244,80254,10
12.9979896545,80.2157287598,80254,80264,10
12.9987201691,80.2151031494,80264,80274,10
12.9991903305,80.2147064209,80274,80284,10
12.99958992,80.2143630981,80284,80294,10
13.000120163,80.2138824463,80294,80304,10
13.0006399155,80.2134170532,80304,80314,10
13.0014801025,80.2127609253,80314,80324,10
13.0020999908,80.2123031616,80324,80334,10
13.0025596619,80.2121124268,80334,80344,10
13.0031604767,80.212059021,80344,80355,11
13.003660202,80.2119598389,80355,80365,10
13.0037002563,80.2116622925,80365,80374,9
13.0036697388,80.2110290527,80374,80385,11
13.0036001205,80.2103500366,80385,80395,10
13.0035295486,80.2097167969,80395,80405,10
13.0036401749,80.2090301514,80405,80415,10
13.004119873,80.2086715698,80415,80425,10
13.0048999786,80.209022522,80425,80435,10
13.0057401657,80.2093811035,80435,80445,10
13.0068902969,80.2097167969,80445,80516,71
13.0068902969,80.2097167969,80516,80526,10
13.0071001053,80.209777832,80526,80536,10
13.0074596405,80.2098770142,80536,80546,10
13.0078401566,80.2099304199,80546,80557,11
13.0081796646,80.2099533081,80557,80567,10
13.0081195831,80.2095184326,80567,80577,10
13.0079898834,80.2089004517,80577,80587,10
13.0078601837,80.2079772949,80587,80597,10
13.0076999664,80.2070770264,80597,80607,10
13.0075597763,80.2060317993,80607,80616,9
13.0075302124,80.2050094604,80616,80626,10
13.0074796677,80.2039413452,80626,80637,11
13.007229805,80.2027511597,80637,80647,10
13.006529808,80.2028884888,80647,80657,10
13.0069999695,80.2034988403,80657,80668,11
13.0078697205,80.2037277222,80668,80678,10
13.0084400177,80.2033004761,80678,80688,10
13.007809639,80.2028579712,80688,80698,10
13.0075902939,80.2036819458,80698,80708,10
13.0076599121,80.2047576904,80708,80718,10
13.0077104568,80.2058334351,80718,80728,10
13.0078802109,80.2068786621,80728,80738,10
13.0079898834,80.2078170776,80738,80748,10
13.008099556,80.2086334229,80748,80758,10
13.0082397461,80.2094421387,80758,80769,11
13.0085601807,80.2102737427,80769,80779,10
13.0091199875,80.2108306885,80779,80789,10
13.0092897415,80.2112426758,80789,80819,30
13.0092897415,80.2112426758,80819,80829,10
13.009180069,80.2114028931,80829,80839,10
13.0090799332,80.2117233276,80839,80849,10
13.0092496872,80.2123184204,80849,80859,10
13.0094804764,80.2130126953,80859,80870,11
13.009759903,80.213722229,80870,80880,10
13.010020256,80.2143707275,80880,80890,10
13.0101900101,80.2150726318,80890,80900,10
13.0102996826,80.2157897949,80900,80910,10
13.0105600357,80.2164306641,80910,80920,10
13.0108604431,80.2170715332,80920,80930,10
13.0111999512,80.2177581787,80930,80940,10
13.011469841,80.2183685303,80940,80950,10
13.0117101669,80.2188415527,80950,81031,81
13.0117101669,80.2188415527,81031,81041,10
13.0117702484,80.219039917,81041,81051,10
13.0119800568,80.2197418213,81051,81061,10
13.0122299194,80.2205886841,81061,81071,10
13.0124197006,80.221321106,81071,81082,11
13.012720108,80.2218933105,81082,81092,10
13.0131702423,80.2224807739,81092,81102,10
13.0136995316,80.2230987549,81102,81112,10
13.0143299103,80.2238616943,81112,81122,10
13.0149202347,80.224609375,81122,81132,10
13.0153903961,80.2252731323,81132,81142,10
13.0153799057,80.2257232666,81142,81152,10
13.0148296356,80.2260437012,81152,81162,10
13.0139904022,80.2263793945,81162,81172,10
13.0129003525,80.2268218994,81172,81183,11
13.0115604401,80.2273788452,81183,81193,10
13.0103702545,80.2278594971,81193,81203,10
13.0094203949,80.2282562256,81203,81213,10
13.0090103149,80.2293014526,81213,81223,10
13.008769989,80.2305603027,81223,81233,10
13.0085096359,80.2318496704,81233,81243,10
13.0082798004,80.2330703735,81243,81253,10
13.0081100464,80.2340011597,81253,81263,10
13.0080795288,80.2341995239,81263,81273,10
13.0079698563,80.2347488403,81273,81283,10
13.0078201294,80.2354736328,81283,81294,11
13.0076904297,80.2361373901,81294,81304,10
13.007519722,80.2370681763,81304,81314,10
13.0073099136,80.2381820679,81314,81330,16
13.0069599152,80.2402420044,81330,81393,63
13.0069599152,80.2402420044,81393,81403,10
13.0068998337,80.2406616211,81403,81413,10
13.0068502426,80.2408828735,81413,81422,9
13.0067996979,80.2412185669,81422,81433,11
13.0067396164,80.2422180176,81433,81442,9
13.0067100525,80.2431182861,81442,81453,11
13.0066795349,80.2442016602,81453,81461,8
13.0066795349,80.2449874878,81461,81473,12
13.0067100525,80.2461013794,81473,81483,10
13.0067195892,80.2470474243,81483,81494,11
13.0066995621,80.2474975586,81494,81504,10
13.0067100525,80.2482223511,81504,81514,10
13.006770134,80.2490692139,81514,81524,10
13.0067796707,80.2495269775,81524,81534,10
13.0067996979,80.2502670288,81534,81544,10
13.0067996979,80.2512207031,81544,81554,10
13.0066204071,80.2522125244,81554,81564,10
13.0065498352,80.253326416,81564,81574,10
13.0065698624,80.2544631958,81574,81584,10
13.0066099167,80.2551803589,81584,81595,11
13.0066099167,80.2552871704,81595,81605,10
13.0066003799,80.2558135986,81605,81615,10
13.0066003799,80.2566986084,81615,81625,10
13.0066404343,80.2574005127,81625,81635,10
13.0066204071,80.2575302124,81635,81645,10
13.0062303543,80.257598877,81645,81655,10
13.0054597855,80.2574234009,81655,81665,10
13.0045700073,80.2572021484,81665,81675,10
13.0036096573,80.2570037842,81675,81685,10
13.0027198792,80.2568206787,81685,81695,10
13.0017700195,80.256652832,81695,81706,11
13.0007896423,80.2565078735,81706,81716,10
12.9997797012,80.2563171387,81716,81726,10
12.9989299774,80.2561798096,81726,81746,20
12.9989299774,80.2561798096,81746,81756,10
12.998840332,80.2561569214,81756,81766,10
12.9984302521,80.2560882568,81766,81776,10
12.9980401993,80.2560501099,81776,81786,10
12.9977502823,80.2560424805,81786,81796,10
12.997710228,80.256477356,81796,82937,1141
12.997710228,80.2568511963,82937,83170,233
12.9977397919,80.256980896,83170,83614,444
12.9977397919,80.256980896,83614,83624,10
