12.9978599548,80.2564697266,19,4920,4901
12.9980602264,80.2566299438,4920,7895,2975
12.9980401993,80.2565536499,7895,17637,9742
12.9980897903,80.2565307617,17637,18817,1180
12.9978103638,80.256362915,18817,18948,131
12.9978103638,80.256362915,18948,18958,10
12.9977197647,80.2559814453,18958,18968,10
12.997710228,80.2559661865,18968,18978,10
12.9974603653,80.2559280396,18978,18988,10
12.9972000122,80.2559280396,18988,18999,11
12.9970502853,80.2559432983,18999,19009,10
12.9967403412,80.2559204102,19009,19019,10
12.9963798523,80.2559204102,19019,19029,10
12.9958095551,80.2559204102,19029,19039,10
12.9952602386,80.2559280396,19039,19049,10
12.9947004318,80.2559585571,19049,19059,10
12.9941596985,80.2560119629,19059,19069,10
12.9935102463,80.2560424805,19069,19079,10
12.9928102493,80.2561035156,19079,19089,10
12.9920501709,80.2561035156,19089,19099,10
12.9912900925,80.256072998,19099,19108,9
12.9907197952,80.2560577393,19108,19120,12
12.9899301529,80.2560424805,19120,19130,10
12.9891300201,80.2559967041,19130,19140,10
12.9883499146,80.2559127808,19140,19150,10
12.987739563,80.2558288574,19150,19160,10
12.9873800278,80.2557525635,19160,19170,10
12.9867801666,80.2556610107,19170,19180,10
12.9861602783,80.2555389404,19180,19190,10
12.9861001968,80.255531311,19190,19200,10
12.9857301712,80.2554397583,19200,19210,10
12.985159874,80.2553100586,19210,19220,10
12.9845600128,80.2551727295,19220,19230,10
12.9841003418,80.2550506592,19230,19241,11
12.9834604263,80.2548904419,19241,19251,10
12.9828701019,80.2547073364,19251,19261,10
12.9822998047,80.2544937134,19261,19271,10
12.9819498062,80.25390625,19271,19281,10
12.9817895889,80.2532501221,19281,19291,10
12.9813995361,80.252822876,19291,19301,10
12.9806404114,80.252822876,19301,19311,10
12.9797801971,80.2527618408,19311,19321,10
12.9788999557,80.2526473999,19321,19331,10
12.9781703949,80.2522735596,19331,19341,10
12.977399826,80.2515792847,19341,19352,11
12.9763298035,80.2511901855,19352,19362,10
12.9753799438,80.2509231567,19362,19372,10
12.9743499756,80.2506332397,19372,19382,10
12.9732704163,80.250328064,19382,19392,10
12.9721603394,80.250038147,19392,19402,10
12.971039772,80.2497406006,19402,19412,10
12.9699602127,80.249382019,19412,19422,10
12.9688997269,80.2489776611,19422,19432,10
12.9678697586,80.248550415,19432,19442,10
12.9668502808,80.2480926514,19442,19452,10
12.9658603668,80.2476272583,19452,19462,10
12.9650802612,80.2473831177,19462,19473,11
12.9648504257,80.2473068237,19473,19483,10
12.9642896652,80.2470779419,19483,19493,10
12.9637403488,80.2468795776,19493,19503,10
12.9631900787,80.2466125488,19503,19513,10
12.9625701904,80.2462921143,19513,19523,10
12.9617795944,80.245880127,19523,19533,10
12.9609203339,80.2454681396,19533,19543,10
12.9600400925,80.2450790405,19543,19553,10
12.9594097137,80.2448196411,19553,19584,31
12.9594097137,80.2448196411,19584,19594,10
12.9590797424,80.244682312,19594,19604,10
12.9584598541,80.2444000244,19604,19614,10
12.9578399658,80.2441482544,19614,19624,10
12.9571399689,80.2439117432,19624,19634,10
12.9565000534,80.2437133789,19634,19644,10
12.9563798904,80.2436599731,19644,19654,10
12.9562196732,80.2436065674,19654,19664,10
12.9556703568,80.2433319092,19664,19674,10
12.9548597336,80.2429428101,19674,19684,10
12.9541597366,80.2426376343,19684,19693,9
12.9534397125,80.2423400879,19693,19705,12
12.9522600174,80.2418823242,19705,19715,10
12.9516096115,80.2416687012,19715,19725,10
12.951210022,80.2415237427,19725,19735,10
12.9504203796,80.2412567139,19735,19745,10
12.9494199753,80.2409362793,19745,19755,10
12.9484300613,80.240562439,19755,19765,10
12.9474000931,80.2401428223,19765,19775,10
12.9466295242,80.2398529053,19775,19785,10
12.9465503693,80.2398223877,19785,19795,10
12.9461698532,80.2396316528,19795,19805,10
12.9454803467,80.2393035889,19805,19815,10
12.9447202682,80.2386398315,19815,19826,11
12.9439096451,80.2377700806,19826,19836,10
12.9431695938,80.2370071411,19836,19846,10
12.9422101974,80.2364807129,19846,19856,10
12.9411001205,80.2361984253,19856,19866,10
12.9400396347,80.2359085083,19866,19876,10
12.9394598007,80.2356719971,19876,19886,10
12.9393196106,80.2355880737,19886,19896,10
12.9388198853,80.2353134155,19896,19906,10
12.9380502701,80.234916687,19906,19916,10
12.9371204376,80.2344665527,19916,19926,10
12.9361495972,80.2340087891,19926,19936,10
12.9353103638,80.2336120605,19936,19947,11
12.9342699051,80.2331466675,19947,19957,10
12.9338703156,80.2329483032,19957,19967,10
12.9336299896,80.2328414917,19967,19977,10
12.9330196381,80.2325592041,19977,19987,10
12.9321203232,80.2322387695,19987,19997,10
12.9310998917,80.2319107056,19997,20007,10
12.9300403595,80.2316131592,20007,20017,10
12.929019928,80.2313919067,20017,20027,10
12.9279403687,80.2312164307,20027,20037,10
12.9268703461,80.231086731,20037,20047,10
12.9260997772,80.231010437,20047,20058,11
12.9259901047,80.2309875488,20058,20068,10
12.9255599976,80.2309417725,20068,20078,10
12.9248199463,80.2308425903,20078,20088,10
12.9238700867,80.23072052,20088,20098,10
12.9228200912,80.2305908203,20098,20108,10
12.9217195511,80.2304229736,20108,20118,10
12.9205598831,80.2302703857,20118,20128,10
12.9193496704,80.2301177979,20128,20138,10
12.9181604385,80.2299575806,20138,20148,10
12.9170303345,80.2297821045,20148,20158,10
12.91588974,80.229637146,20158,20168,10
12.9147195816,80.2294921875,20168,20179,11
12.913479805,80.2293395996,20179,20189,10
12.9132604599,80.229309082,20189,20199,10
12.9128599167,80.2292327881,20199,20209,10
12.9120702744,80.2291183472,20209,20219,10
12.9110002518,80.2289581299,20219,20229,10
12.9098396301,80.228767395,20229,20239,10
12.9086704254,80.2285766602,20239,20249,10
12.9075298309,80.2284011841,20249,20259,10
12.9064998627,80.2283172607,20259,20269,10
12.9063396454,80.2283096313,20269,20279,10
12.9059495926,80.2282791138,20279,20289,10
12.9051599503,80.2282180786,20289,20300,11
12.9041004181,80.2281417847,20300,20310,10
12.902970314,80.2281036377,20310,20320,10
12.9017896652,80.2280426025,20320,20330,10
12.9008903503,80.2279815674,20330,20340,10
12.9000997543,80.2279205322,20340,20350,10
12.8993701935,80.2279205322,20350,20360,10
12.8992500305,80.2279129028,20360,20370,10
12.8986797333,80.2278518677,20370,20380,10
12.8977804184,80.2277984619,20380,20390,10
12.8966302872,80.2277526855,20390,20400,10
12.8954401016,80.2276992798,20400,20411,11
12.8941297531,80.2276306152,20411,20421,10
12.8929300308,80.2274932861,20421,20431,10
12.89179039,80.2274017334,20431,20441,10
12.8905897141,80.2274017334,20441,20451,10
12.889380455,80.2274017334,20451,20461,10
12.8881998062,80.2273635864,20461,20471,10
12.8872900009,80.2272262573,20471,20481,10
12.8862695694,80.2269973755,20481,20491,10
12.885140419,80.2267837524,20491,20501,10
12.8847503662,80.2267608643,20501,20511,10
12.8844995499,80.2267608643,20511,20521,10
12.8838596344,80.2267608643,20521,20532,11
12.882809639,80.2267684937,20532,20541,9
12.8819198608,80.2267837524,20541,20552,11
12.8807001114,80.2267913818,20552,20562,10
12.8795204163,80.2267990112,20562,20572,10
12.8783102036,80.2268600464,20572,20582,10
12.8771400452,80.2269592285,20582,20592,10
12.8764896393,80.2269592285,20592,20602,10
12.8764095306,80.2267227173,20602,20612,10
12.8764600754,80.2262191772,20612,20622,10
12.876540184,80.2255096436,20622,20632,10
12.8766298294,80.2246627808,20632,20643,11
12.8767299652,80.2240219116,20643,20653,10
12.8768997192,80.2233123779,20653,20663,10
12.8770799637,80.2225494385,20663,20673,10
12.8773002625,80.2216262817,20673,20683,10
12.877530098,80.2206268311,20683,20693,10
12.8777503967,80.2197189331,20693,20703,10
12.8779497147,80.2188262939,20703,20713,10
12.8781099319,80.2181091309,20713,20723,10
12.878279686,80.2172470093,20723,20733,10
12.8784704208,80.2163009644,20733,20743,10
12.8786897659,80.2153167725,20743,20753,10
12.8788795471,80.21434021,20753,20764,11
12.8790798187,80.2132492065,20764,20774,10
12.8792695999,80.2122573853,20774,20784,10
12.8794202805,80.2114334106,20784,20794,10
12.8793497086,80.2110214233,20794,20804,10
12.8791999817,80.2109832764,20804,20814,10
12.8789596558,80.2109298706,20814,20824,10
12.8785495758,80.2108535767,20824,20834,10
12.8779296875,80.2107315063,20834,20844,10
12.8773202896,80.2106170654,20844,20854,10
12.8767404556,80.2105026245,20854,20864,10
12.8760595322,80.2103729248,20864,20874,10
12.8753404617,80.2102432251,20874,20885,11
12.874710083,80.2101211548,20885,20895,10
12.874420166,80.2100219727,20895,20905,10
12.8744297028,80.2096786499,20905,20915,10
12.8747901917,80.2097625732,20915,20965,50
12.8747901917,80.2097625732,20965,20975,10
12.8747196198,80.2101364136,20975,20985,10
12.8748397827,80.2101974487,20985,20995,10
12.8751296997,80.2102279663,20995,21006,11
12.8756198883,80.210319519,21006,21016,10
12.8761396408,80.2104263306,21016,21026,10
12.8765497208,80.2105026245,21026,21036,10
12.8770103455,80.2105865479,21036,21046,10
12.877579689,80.2107086182,21046,21056,10
12.8781404495,80.2108230591,21056,21066,10
12.8787603378,80.2109298706,21066,21076,10
12.8791599274,80.2110137939,21076,21096,20
12.8791599274,80.2110137939,21096,21106,10
12.8793201447,80.2110519409,21106,21117,11
12.8795204163,80.2113571167,21117,21127,10
12.8793802261,80.2119369507,21127,21137,10
12.8792295456,80.2127075195,21137,21147,10
12.879070282,80.2135620117,21147,21157,10
12.8788995743,80.2144088745,21157,21167,10
12.8787603378,80.215133667,21167,21177,10
12.8785800934,80.215927124,21177,21187,10
12.8784303665,80.2166290283,21187,21197,10
12.8782901764,80.217338562,21197,21207,10
12.8781099319,80.2182388306,21207,21217,10
12.8778896332,80.2192382813,21217,21227,10
12.8776502609,80.2202377319,21227,21238,11
12.8774003983,80.2213287354,21238,21248,10
12.8771696091,80.2223129272,21248,21258,10
12.8769397736,80.2233123779,21258,21268,10
12.8767299652,80.224319458,21268,21278,10
12.8766002655,80.2253494263,21278,21288,10
12.8764801025,80.2262802124,21288,21298,10
12.8766202927,80.2269134521,21298,21318,20
12.8766202927,80.2269134521,21318,21328,10
12.8768997192,80.2268600464,21328,21338,10
12.8775396347,80.2268066406,21338,21349,11
12.8785104752,80.2267379761,21349,21359,10
12.8795204163,80.2266998291,21359,21369,10
12.8805704117,80.2266769409,21369,21379,10
12.8815898895,80.2266769409,21379,21389,10
12.8826198578,80.2266616821,21389,21399,10
12.8836603165,80.2266464233,21399,21409,10
12.8845100403,80.2266387939,21409,21419,10
12.8850498199,80.2266464233,21419,21429,10
12.885219574,80.2266616821,21429,21439,10
12.8852596283,80.2266769409,21439,21449,10
12.8856697083,80.2267608643,21449,21459,10
12.8862495422,80.2269134521,21459,21470,11
12.8863401413,80.2269287109,21470,21480,10
12.8866796494,80.2270202637,21480,21490,10
12.8872404099,80.227142334,21490,21500,10
12.8879404068,80.2272415161,21500,21510,10
12.8886404037,80.2273025513,21510,21520,10
12.8894300461,80.2273101807,21520,21530,10
12.8903903961,80.2273101807,21530,21540,10
12.8914299011,80.2273101807,21540,21550,10
12.8923597336,80.2273330688,21550,21560,10
12.8931398392,80.2274169922,21560,21570,10
12.8939304352,80.2275238037,21570,21579,9
12.8941297531,80.2275314331,21579,21591,12
12.8944396973,80.2275619507,21591,21601,10
12.8951196671,80.2276000977,21601,21611,10
12.8960103989,80.2276306152,21611,21621,10
12.89702034,80.2276763916,21621,21631,10
12.8981199265,80.2277374268,21631,21641,10
12.8992395401,80.2278289795,21641,21651,10
12.900270462,80.2278671265,21651,21661,10
12.9009895325,80.2279129028,21661,21671,10
12.9017400742,80.2279281616,21671,21701,30
12.9017400742,80.2279281616,21701,21712,11
12.9018802643,80.2279510498,21712,21722,10
12.9023799896,80.2279815674,21722,21732,10
12.9031295776,80.2280426025,21732,21742,10
12.903960228,80.2280731201,21742,21752,10
12.9048299789,80.2281265259,21752,21762,10
12.9057197571,80.2281799316,21762,21772,10
12.9063997269,80.2282409668,21772,21782,10
12.9069795609,80.2282485962,21782,21812,30
12.9069795609,80.2282485962,21812,21822,10
12.9072303772,80.2283172607,21822,21833,11
12.9078197479,80.2284011841,21833,21843,10
12.9085798264,80.2285232544,21843,21853,10
12.9094896317,80.2286605835,21853,21863,10
12.9104604721,80.2288131714,21863,21873,10
12.9114904404,80.2289505005,21873,21883,10
12.9123697281,80.2290725708,21883,21893,10
12.9129600525,80.2291488647,21893,21903,10
12.9140901566,80.2293014526,21903,21923,20
12.9140901566,80.2293014526,21923,21933,10
12.9142198563,80.2293319702,21933,21944,11
12.9148302078,80.2294006348,21944,21954,10
12.9156303406,80.2295227051,21954,21964,10
12.9166402817,80.2296676636,21964,21974,10
12.9176902771,80.2298202515,21974,21984,10
12.9186000824,80.2299423218,21984,21994,10
12.9193000793,80.2300109863,21994,22004,10
12.9193696976,80.2300109863,22004,22014,10
12.9195699692,80.2300262451,22014,22024,10
12.9200897217,80.2300872803,22024,22034,10
12.9208498001,80.2302017212,22034,22044,10
12.9217996597,80.2303237915,22044,22054,10
12.9228496552,80.2304763794,22054,22065,11
12.9240999222,80.2306594849,22065,22075,10
12.9252500534,80.230796814,22075,22085,10
12.9262895584,80.2309188843,22085,22095,10
12.9264698029,80.2309417725,22095,22105,10
12.9265604019,80.2309570313,22105,22115,10
12.9270200729,80.231010437,22115,22125,10
12.9277601242,80.231086731,22125,22135,10
12.9286499023,80.2312164307,22135,22145,10
12.9296398163,80.2314224243,22145,22155,10
12.9307403564,80.2316970825,22155,22165,10
12.9318304062,80.2320480347,22165,22175,10
12.9328699112,80.2323989868,22175,22186,11
12.933549881,80.2326812744,22186,22196,10
12.9335603714,80.2326889038,22196,22206,10
12.9336204529,80.2327194214,22206,22216,10
12.9338903427,80.2328414917,22216,22226,10
12.9344797134,80.2331008911,22226,22236,10
12.935259819,80.2334518433,22236,22246,10
12.9358596802,80.2337265015,22246,22256,10
12.9360399246,80.233833313,22256,22266,10
12.93653965,80.2340698242,22266,22276,10
12.9372701645,80.2344207764,22276,22285,9
12.938079834,80.2347869873,22285,22297,12
12.939740181,80.2356185913,22297,22317,20
12.939740181,80.2356185913,22317,22327,10
12.940079689,80.235748291,22327,22337,10
12.9407596588,80.2359619141,22337,22347,10
12.9416303635,80.2361679077,22347,22357,10
12.9426202774,80.2364807129,22357,22367,10
12.9434700012,80.2370605469,22367,22377,10
12.9437704086,80.2373809814,22377,22387,10
12.9438199997,80.2374801636,22387,22397,10
12.9441299438,80.2378616333,22397,22407,10
12.9446802139,80.2384414673,22407,22418,11
12.9454803467,80.2391967773,22418,22428,10
12.9464702606,80.2396469116,22428,22438,10
12.9472398758,80.2399597168,22438,22448,10
12.9473600388,80.2399978638,22448,22458,10
12.947719574,80.2401504517,22458,22468,10
12.9483203888,80.2404022217,22468,22478,10
12.948849678,80.2406234741,22478,22488,10
12.9495897293,80.2408905029,22488,22498,10
12.9504995346,80.2411727905,22498,22508,10
12.951210022,80.2414016724,22508,22518,10
12.9513998032,80.2414321899,22518,22528,10
12.9515304565,80.2414779663,22528,22539,11
12.9520196915,80.2416610718,22539,22549,10
12.952750206,80.2419509888,22549,22559,10
12.9536600113,80.2423171997,22559,22569,10
12.9546499252,80.2426986694,22569,22579,10
12.9554100037,80.2429885864,22579,22589,10
12.9562501907,80.2432785034,22589,22599,10
12.956609726,80.2434234619,22599,22609,10
12.9572496414,80.2437286377,22609,22619,10
12.9581298828,80.2441329956,22619,22629,10
12.9588603973,80.2444076538,22629,22639,10
12.9588804245,80.2444229126,22639,22650,11
12.9592895508,80.2446289063,22650,22660,10
12.9599704742,80.2449264526,22660,22670,10
12.9608802795,80.2453536987,22670,22680,10
12.961930275,80.2458572388,22680,22690,10
12.9629802704,80.246383667,22690,22700,10
12.9640102386,80.2468566895,22700,22710,10
12.9651002884,80.247253418,22710,22720,10
12.966170311,80.2476272583,22720,22730,10
12.9665899277,80.2478103638,22730,22740,10
12.9665899277,80.2478027344,22740,22750,10
12.9667596817,80.2478866577,22750,22760,10
12.9672298431,80.2481536865,22760,22771,11
12.968170166,80.2485427856,22771,22781,10
12.9692497253,80.2489700317,22781,22791,10
12.9703702927,80.2493972778,22791,22801,10
12.9715299606,80.2497711182,22801,22811,10
12.9727201462,80.2500762939,22811,22821,10
12.9738903046,80.2503967285,22821,22831,10
12.9743795395,80.2505187988,22831,22841,10
12.9748401642,80.2506484985,22841,22851,10
12.9756498337,80.2508926392,22851,22861,10
12.9766702652,80.2511825562,22861,22871,10
12.9777002335,80.2516708374,22871,22882,11
12.9787397385,80.2524414063,22882,22892,10
12.9795999527,80.2525634766,22892,22902,10
12.9799203873,80.2523880005,22902,22912,10
12.9799203873,80.2523803711,22912,22922,10
12.9799995422,80.2520294189,22922,22932,10
12.9801902771,80.2514266968,22932,22942,10
12.9804401398,80.2505264282,22942,22952,10
12.9806804657,80.2494277954,22952,22962,10
12.9807500839,80.2482376099,22962,22972,10
12.9808597565,80.2470397949,22972,22982,10
12.9809799194,80.2458190918,22982,22992,10
12.9811201096,80.2445678711,22992,23003,11
12.9812898636,80.243637085,23003,23013,10
12.9813604355,80.2432632446,23013,23023,10
12.9813699722,80.2428588867,23023,23033,10
12.9813604355,80.2427215576,23033,23043,10
12.9813604355,80.2425003052,23043,23053,10
12.9813404083,80.2418289185,23053,23063,10
12.9813404083,80.2409286499,23063,23073,10
12.9813499451,80.240020752,23073,23083,10
12.9813404083,80.239112854,23083,23093,10
12.9813098907,80.2381973267,23093,23103,10
12.981300354,80.2380599976,23103,23113,10
12.9812898636,80.2380065918,23113,23124,11
12.9812698364,80.2375335693,23124,23134,10
12.9812602997,80.2367401123,23134,23144,10
12.9812402725,80.2358703613,23144,23154,10
12.9812002182,80.23487854,23154,23164,10
12.9813604355,80.2339706421,23164,23174,10
12.9816198349,80.2333831787,23174,23184,10
12.9816398621,80.2333374023,23184,23194,10
12.9817695618,80.2331008911,23194,23204,10
12.9819498062,80.2326202393,23204,23214,10
12.9819898605,80.2320404053,23214,23224,10
12.9819602966,80.2314224243,23224,23234,10
12.981710434,80.230758667,23234,23245,11
12.9812297821,80.2299423218,23245,23255,10
12.9808597565,80.2293624878,23255,23265,10
12.9806900024,80.2291030884,23265,23275,10
12.9806995392,80.2291030884,23275,23285,10
12.9805698395,80.2288208008,23285,23295,10
12.9803800583,80.2284088135,23295,23305,10
12.9802904129,80.2282485962,23305,23315,10
12.9799900055,80.2277908325,23315,23325,10
12.9795598984,80.2270812988,23325,23335,10
12.9791002274,80.2263031006,23335,23345,10
12.9786996841,80.2256088257,23345,23356,11
12.9783601761,80.2250518799,23356,23366,10
12.9780797958,80.2246322632,23366,23376,10
12.9778404236,80.2243118286,23376,23386,10
12.977519989,80.2237701416,23386,23396,10
12.9771404266,80.2231369019,23396,23406,10
12.9770002365,80.2228775024,23406,23416,10
12.9771099091,80.2227096558,23416,23426,10
12.9771795273,80.2227020264,23426,23436,10
12.9775104523,80.222618103,23436,23446,10
12.9774999619,80.2221832275,23446,23456,10
12.9774703979,80.2214889526,23456,23477,21
12.9774703979,80.2214889526,23477,23487,10
12.9776096344,80.2212371826,23487,23497,10
12.9779996872,80.2211914063,23497,23507,10
12.9787502289,80.2211380005,23507,23517,10
12.9796695709,80.2210617065,23517,23527,10
12.9804601669,80.220993042,23527,23537,10
12.9813404083,80.2211074829,23537,23547,10
12.9823198318,80.2217025757,23547,23567,20
12.9823198318,80.2217025757,23567,23577,10
12.9826402664,80.2218170166,23577,23586,9
12.9828996658,80.2219085693,23586,23598,12
12.9830799103,80.2220001221,23598,23608,10
12.9834499359,80.2222976685,23608,23618,10
12.984000206,80.2225875854,23618,23628,10
12.9846601486,80.2230224609,23628,23638,10
12.9854202271,80.2232437134,23638,23648,10
12.9858903885,80.2229690552,23648,23658,10
12.9864902496,80.2229385376,23658,23668,10
12.9865102768,80.2229385376,23668,23678,10
12.9868602753,80.2229766846,23678,23688,10
12.9875001907,80.2230606079,23688,23698,10
12.9881801605,80.2227706909,23698,23709,11
12.9888601303,80.2221374512,23709,23719,10
12.9894104004,80.221496582,23719,23729,10
12.9900302887,80.2207489014,23729,23739,10
12.9905395508,80.2203369141,23739,23749,10
12.9905996323,80.2202835083,23749,23759,10
12.9909200668,80.2200317383,23759,23769,10
12.9914999008,80.219543457,23769,23779,10
12.9922800064,80.2189865112,23779,23789,10
12.9931602478,80.2183532715,23789,23799,10
12.9940395355,80.2177276611,23799,23809,10
12.9948301315,80.2171630859,23809,23819,10
12.995639801,80.2167434692,23819,23830,11
12.9965600967,80.2164993286,23830,23840,10
12.9971399307,80.2164306641,23840,23850,10
12.9975004196,80.2161178589,23850,23860,10
12.9976196289,80.2160415649,23860,23870,10
12.9980602264,80.2156906128,23870,23880,10
12.9986801147,80.2151565552,23880,23890,10
12.9991903305,80.2147369385,23890,23900,10
12.9995698929,80.2144012451,23900,23910,10
12.9999799728,80.2140579224,23910,23920,10
13.0004901886,80.2136077881,23920,23930,10
13.0010995865,80.2130889893,23930,23940,10
13.0016803741,80.212638855,23940,23951,11
13.0024404526,80.2121887207,23951,23961,10
13.0030002594,80.2120666504,23961,23971,10
13.0034799576,80.2120285034,23971,23981,10
13.003490448,80.2120285034,23981,23991,10
13.0037002563,80.2118530273,23991,24001,10
13.0037298203,80.2113037109,24001,24011,10
13.0036401749,80.2106018066,24011,24021,10
13.0035400391,80.2098693848,24021,24031,10
13.0036096573,80.2091293335,24031,24041,10
13.0039701462,80.2086105347,24041,24051,10
13.0047197342,80.2089233398,24051,24062,11
13.0056600571,80.2093429565,24062,24072,10
13.0064601898,80.209602356,24072,24082,10
13.0073003769,80.209777832,24082,24112,30
13.0073003769,80.209777832,24112,24122,10
13.0076198578,80.2098922729,24122,24132,10
13.0081100464,80.2099609375,24132,24142,10
13.0080900192,80.2094497681,24142,24152,10
13.0079402924,80.2085723877,24152,24162,10
13.0078001022,80.2075500488,24162,24172,10
13.0076303482,80.2065200806,24172,24183,11
13.007519722,80.2053833008,24183,24193,10
13.007519722,80.2043762207,24193,24203,10
13.0074100494,80.2034072876,24203,24213,10
13.0071296692,80.2025985718,24213,24223,10
13.006529808,80.2029037476,24223,24233,10
13.0069999695,80.2034988403,24233,24243,10
13.0079097748,80.203742981,24243,24253,10
13.0091104507,80.203666687,24253,24263,10
13.0104398727,80.2036437988,24263,24273,10
13.0117902756,80.2037506104,24273,24283,10
13.013010025,80.2039794922,24283,24294,11
13.0136899948,80.2043075562,24294,24304,10
13.0136299133,80.2046585083,24304,24314,10
13.0135402679,80.204826355,24314,24324,10
13.0133399963,80.2053909302,24324,24334,10
13.0131196976,80.2062301636,24334,24344,10
13.0130195618,80.2072219849,24344,24354,10
13.0129499435,80.2077178955,24354,24364,10
13.0129203796,80.2077789307,24364,24374,10
13.0128698349,80.2081604004,24374,24384,10
13.0128803253,80.2085189819,24384,24394,10
13.0129804611,80.2091293335,24394,24404,10
13.0132598877,80.2097320557,24404,24415,11
13.0131902695,80.2104721069,24415,24425,10
13.0128898621,80.2113037109,24425,24435,10
13.0125303268,80.2119827271,24435,24445,10
13.0120801926,80.2125930786,24445,24455,10
13.0118904114,80.2127838135,24455,24465,10
13.0115203857,80.2125778198,24465,24475,10
13.0109195709,80.2121429443,24475,24485,10
13.0102300644,80.2116317749,24485,24495,10
13.0096902847,80.2112731934,24495,24556,61
13.009519577,80.211151123,24556,24646,90
13.0092401505,80.2110519409,24646,25221,575
13.0092601776,80.2110519409,25221,25252,31
13.0091199875,80.2113800049,25252,25282,30
13.0091199875,80.2113800049,25282,25292,10
13.0090398788,80.2115631104,25292,25302,10
13.0091199875,80.2118682861,25302,25312,10
13.0093202591,80.2124328613,25312,25322,10
13.0095500946,80.2130584717,25322,25332,10
13.0097999573,80.2136917114,25332,25342,10
13.0100698471,80.2143630981,25342,25352,10
13.0102100372,80.2150878906,25352,25363,11
13.0104198456,80.2159805298,25363,25373,10
13.0108098984,80.2168197632,25373,25383,10
13.0112400055,80.2177734375,25383,25393,10
13.011639595,80.2188186646,25393,25403,10
13.0120096207,80.2199783325,25403,25413,10
13.0123300552,80.2210464478,25413,25423,10
13.0126895905,80.2218017578,25423,25433,10
13.0132398605,80.2225494385,25433,25443,10
13.0138502121,80.2232971191,25443,25453,10
13.0142402649,80.2237930298,25453,25463,10
13.0148696899,80.2245178223,25463,25473,10
13.0151996613,80.2247772217,25473,25484,11
13.0154600143,80.225227356,25484,25494,10
13.0153799057,80.2257232666,25494,25504,10
13.0148496628,80.226020813,25504,25514,10
13.0140600204,80.2263336182,25514,25524,10
13.0131397247,80.2266998291,25524,25534,10
13.0121297836,80.2271118164,25534,25544,10
13.0110902786,80.2275238037,25544,25554,10
13.0100603104,80.2279281616,25554,25564,10
13.0095500946,80.2275924683,25564,25574,10
13.0098495483,80.226890564,25574,25584,10
13.0102100372,80.225982666,25584,25593,9
13.0105895996,80.225112915,25593,25605,12
13.0110397339,80.2238922119,25605,25615,10
13.011179924,80.2231826782,25615,25625,10
13.0106401443,80.2229232788,25625,25635,10
13.0103397369,80.2227478027,25635,25645,10
13.010020256,80.2225799561,25645,25655,10
13.0094604492,80.2222824097,25655,25665,10
13.0087604523,80.2218933105,25665,25675,10
13.0079603195,80.221496582,25675,25685,10
13.007060051,80.2210006714,25685,25695,10
13.0061597824,80.2206115723,25695,25705,10
13.0051403046,80.2203903198,25705,25715,10
13.0046396255,80.2202682495,25715,25726,11
13.0044498444,80.2202224731,25726,25736,10
13.0038404465,80.2200698853,25736,25746,10
13.0029697418,80.2197799683,25746,25756,10
13.0021400452,80.2191390991,25756,25766,10
13.0013799667,80.218460083,25766,25776,10
13.0004901886,80.2178878784,25776,25786,10
12.9995803833,80.2173233032,25786,25796,10
12.9985599518,80.216796875,25796,25806,10
12.997420311,80.2165374756,25806,25826,20
12.997420311,80.2165374756,25826,25837,11
12.9972801208,80.2165603638,25837,25847,10
12.9968204498,80.2165679932,25847,25857,10
12.9961204529,80.2166824341,25857,25867,10
12.9952297211,80.2170333862,25867,25877,10
12.9944601059,80.2175292969,25877,25887,10
12.993689537,80.2180786133,25887,25897,10
12.9928302765,80.2186737061,25897,25907,10
12.9919500351,80.2193222046,25907,25917,10
12.9911003113,80.2199478149,25917,25927,10
12.9908304214,80.2201690674,25927,25937,10
12.99077034,80.2202377319,25937,25947,10
12.9904203415,80.2205429077,25947,25958,11
12.9898004532,80.2211380005,25958,25968,10
12.9891901016,80.2218933105,25968,25978,10
12.9884901047,80.2226104736,25978,25988,10
12.9877901077,80.2231063843,25988,25998,10
12.9876403809,80.2231216431,25998,26008,10
12.9875602722,80.2231292725,26008,26018,10
12.9872503281,80.2230834961,26018,26028,10
12.9868001938,80.2229919434,26028,26038,10
12.9864501953,80.2229614258,26038,26048,10
12.9857797623,80.2230606079,26048,26058,10
12.9854001999,80.2232589722,26058,26068,10
12.9848203659,80.2231063843,26068,26079,11
12.9840698242,80.2227020264,26079,26089,10
12.9834699631,80.2223510742,26089,26099,10
12.9832401276,80.2221908569,26099,26109,10
12.9831199646,80.2220916748,26109,26119,10
12.9827899933,80.2219085693,26119,26129,10
12.9822397232,80.2217407227,26129,26139,10
12.9815797806,80.2212982178,26139,26149,10
12.9807395935,80.2210464478,26149,26159,10
12.9797897339,80.2211380005,26159,26169,10
12.9792804718,80.2212600708,26169,26178,9
12.9787797928,80.2211990356,26178,26190,12
12.9780397415,80.2212600708,26190,26200,10
12.9770202637,80.2212982178,26200,26210,10
12.9762601852,80.2216033936,26210,26240,30
12.9762601852,80.2216033936,26240,26250,10
12.976269722,80.2217025757,26250,26260,10
12.9764604568,80.2219924927,26260,26270,10
12.9767904282,80.2225265503,26270,26280,10
12.9772500992,80.2232589722,26280,26290,10
12.977809906,80.2241210938,26290,26299,9
12.9783201218,80.2249298096,26299,26311,12
12.9786300659,80.2254104614,26311,26321,10
12.9787397385,80.2256011963,26321,26331,10
12.9790296555,80.2260971069,26331,26341,10
12.9794397354,80.2267990112,26341,26351,10
12.9799499512,80.2276306152,26351,26361,10
12.9804897308,80.2285614014,26361,26371,10
12.9809398651,80.2293319702,26371,26381,10
12.9813499451,80.2299804688,26381,26391,10
12.9817199707,80.2305526733,26391,26401,10
12.9817399979,80.2305603027,26401,26411,10
12.9817895889,80.2306518555,26411,26421,10
12.9819297791,80.231086731,26421,26432,11
12.9820604324,80.231880188,26432,26442,10
12.9819498062,80.232749939,26442,26452,10
12.9816799164,80.2334213257,26452,26462,10
12.9816703796,80.2334365845,26462,26472,10
12.9815597534,80.2336730957,26472,26482,10
12.9812898636,80.2342529297,26482,26492,10
12.9812297821,80.2351074219,26492,26502,10
12.9812602997,80.236038208,26502,26512,10
12.9812803268,80.2370300293,26512,26522,10
12.9813299179,80.2385864258,26522,26542,20
12.9813299179,80.2385864258,26542,26553,11
12.9813098907,80.2389297485,26553,26563,10
12.9813299179,80.2395935059,26563,26573,10
12.9813699722,80.2404098511,26573,26583,10
12.9813604355,80.2413787842,26583,26593,10
12.9813804626,80.24269104,26593,26613,20
12.9813804626,80.24269104,26613,26623,10
12.9813699722,80.2429962158,26623,26633,10
12.9813699722,80.243598938,26633,26643,10
12.9812602997,80.2444076538,26643,26653,10
12.9811296463,80.2454223633,26653,26664,11
12.9809904099,80.2466125488,26664,26674,10
12.9808998108,80.2477798462,26674,26684,10
12.9808197021,80.2489471436,26684,26694,10
12.9806404114,80.2500991821,26694,26704,10
12.9803600311,80.2512130737,26704,26714,10
12.9801197052,80.2521514893,26714,26724,10
12.9800100327,80.2525177002,26724,26734,10
12.9799604416,80.2526702881,26734,26744,10
12.9797000885,80.2527694702,26744,26754,10
12.9791202545,80.2527008057,26754,26764,10
12.9785900116,80.2525787354,26764,26774,10
12.9785804749,80.2525787354,26774,26785,11
12.9783401489,80.2524185181,26785,26795,10
12.9778404236,80.2519989014,26795,26805,10
12.9770898819,80.2514572144,26805,26815,10
12.9760198593,80.2511367798,26815,26825,10
12.9749097824,80.2508163452,26825,26835,10
12.9737997055,80.2505187988,26835,26845,10
12.9727602005,80.2502593994,26845,26855,10
12.9725704193,80.2501983643,26855,26865,10
12.9723997116,80.2500991821,26865,26875,10
12.9718799591,80.2499389648,26875,26885,10
12.9710903168,80.24974823,26885,26894,9
12.9702501297,80.24949646,26894,26906,12
12.9690198898,80.2490234375,26906,26916,10
12.9680099487,80.2486724854,26916,26926,10
12.9672298431,80.2483596802,26926,26936,10
12.9665498734,80.248008728,26936,26946,10
12.9653301239,80.2475128174,26946,26966,20
12.9653301239,80.2475128174,26966,26976,10
12.9652700424,80.2475280762,26976,26986,10
12.9648895264,80.2473907471,26986,26996,10
12.9642601013,80.2471313477,26996,27006,10
12.9636201859,80.2468719482,27006,27027,21
12.9636201859,80.2468719482,27027,27037,10
12.9634799957,80.2467880249,27037,27047,10
12.9629898071,80.2465209961,27047,27057,10
12.9622497559,80.2461700439,27057,27067,10
12.9613599777,80.2457275391,27067,27077,10
12.9604701996,80.2453079224,27077,27087,10
12.9596395493,80.2449798584,27087,27097,10
12.9592895508,80.2448577881,27097,27107,10
12.9592695236,80.2448501587,27107,27117,10
12.9589395523,80.244682312,27117,27127,10
12.9583101273,80.2444076538,27127,27138,11
12.9576396942,80.2441101074,27138,27148,10
12.9569396973,80.2438430786,27148,27158,10
12.9564304352,80.243598938,27158,27168,10
12.9562196732,80.2435073853,27168,27178,10
12.9556503296,80.2432632446,27178,27188,10
12.9548902512,80.2429504395,27188,27198,10
12.9539804459,80.2425689697,27198,27208,10
12.9529695511,80.2421417236,27208,27218,10
12.9519500732,80.2417984009,27218,27228,10
12.9516801834,80.2417068481,27228,27238,10
12.9516201019,80.2416915894,27238,27248,10
12.9514398575,80.241607666,27248,27259,11
12.9510402679,80.2414703369,27259,27269,10
12.9503602982,80.2412719727,27269,27279,10
12.9495096207,80.2410202026,27279,27289,10
12.9487600327,80.2407226563,27289,27299,10
12.9478998184,80.2403488159,27299,27309,10
12.9472904205,80.2401199341,27309,27319,10
12.9472503662,80.2400970459,27319,27329,10
12.9472303391,80.2400970459,27329,27339,10
12.9469003677,80.2399597168,27339,27349,10
12.9463300705,80.2397232056,27349,27359,10
12.945599556,80.239402771,27359,27370,11
12.9448404312,80.2387313843,27370,27380,10
12.9442100525,80.2380371094,27380,27390,10
12.9432296753,80.2370529175,27390,27410,20
12.9432296753,80.2370529175,27410,27420,10
12.9430999756,80.2369308472,27420,27430,10
12.9426498413,80.2366485596,27430,27440,10
12.9419002533,80.2363815308,27440,27450,10
12.9409103394,80.2361526489,27450,27460,10
12.9397296906,80.2357711792,27460,27480,20
12.9397296906,80.2357711792,27480,27491,11
12.9395999908,80.2357635498,27491,27501,10
12.9391202927,80.2355117798,27501,27511,10
12.9384298325,80.2351608276,27511,27521,10
12.9375696182,80.2347335815,27521,27531,10
12.9366102219,80.234336853,27531,27541,10
12.9360103607,80.2339477539,27541,27551,10
12.9356203079,80.2337493896,27551,27561,10
12.9349498749,80.2334365845,27561,27571,10
12.9339599609,80.2330322266,27571,27591,20
12.9339599609,80.2330322266,27591,27601,10
12.9336595535,80.2328796387,27601,27612,11
12.93309021,80.2326431274,27612,27622,10
12.9323196411,80.2323608398,27622,27632,10
12.9313602448,80.2320480347,27632,27642,10
12.9302797318,80.2317199707,27642,27652,10
12.9291696548,80.2314529419,27652,27662,10
12.9282102585,80.2312774658,27662,27672,10
12.9271297455,80.2311477661,27672,27682,10
12.926030159,80.2310333252,27682,27712,30
12.926030159,80.2310333252,27712,27721,9
12.9258499146,80.2309875488,27721,27733,12
12.9252500534,80.2309036255,27733,27743,10
12.9245004654,80.2308273315,27743,27753,10
12.9235801697,80.2307128906,27753,27763,10
12.9224901199,80.2305526733,27763,27773,10
12.921330452,80.2303771973,27773,27783,10
12.9201498032,80.2302322388,27783,27793,10
12.9192304611,80.230140686,27793,27803,10
12.9191999435,80.230140686,27803,27813,10
12.9190998077,80.2301330566,27813,27823,10
12.9186496735,80.2300415039,27823,27833,10
12.9179201126,80.229927063,27833,27844,11
12.91685009,80.2297821045,27844,27854,10
12.9157400131,80.2296066284,27854,27864,10
12.9146203995,80.2294464111,27864,27874,10
12.9132404327,80.2293014526,27874,27894,20
12.9132404327,80.2293014526,27894,27904,10
12.9130096436,80.2292709351,27904,27914,10
12.9124403,80.2291717529,27914,27924,10
12.9116001129,80.2290420532,27924,27934,10
12.9105195999,80.2288894653,27934,27944,10
12.9093799591,80.2286834717,27944,27954,10
12.9082698822,80.2285003662,27954,27965,11
12.9073600769,80.2283935547,27965,27975,10
12.9067802429,80.228302002,27975,27985,10
12.9063100815,80.2283096313,27985,27995,10
12.9061403275,80.2283096313,27995,28005,10
12.905960083,80.2282485962,28005,28015,10
12.9055204391,80.2282409668,28015,28025,10
12.9049501419,80.2282028198,28025,28035,10
12.9041204453,80.2281494141,28035,28045,10
12.9035301208,80.2281494141,28045,28055,10
12.9031801224,80.2281494141,28055,28065,10
12.9030704498,80.2281570435,28065,28076,11
12.9026498795,80.2281188965,28076,28086,10
12.9024801254,80.2281112671,28086,28096,10
12.9022502899,80.2281036377,28096,28136,40
12.9022502899,80.2281036377,28136,28146,10
12.9020996094,80.2281112671,28146,28186,40
12.9020996094,80.2281112671,28186,28197,11
12.9020595551,80.2281036377,28197,28207,10
12.9017400742,80.2280731201,28207,28217,10
12.9014596939,80.2280426025,28217,28227,10
12.9011201859,80.2280273438,28227,28237,10
12.9007196426,80.2279891968,28237,28247,10
12.9000701904,80.2279663086,28247,28257,10
12.899600029,80.2279510498,28257,28287,30
12.899600029,80.2279510498,28287,28297,10
12.8991603851,80.2279129028,28297,28307,10
12.8985300064,80.227897644,28307,28318,11
12.8977403641,80.2278213501,28318,28328,10
12.8967399597,80.2277603149,28328,28338,10
12.8956098557,80.2277069092,28338,28348,10
12.8948001862,80.2276763916,28348,28378,30
12.8948001862,80.2276763916,28378,28388,10
12.8946800232,80.2276535034,28388,28398,10
12.8942203522,80.2276229858,28398,28408,10
12.8934001923,80.2275772095,28408,28418,10
12.8931798935,80.2275466919,28418,28428,10
12.8926801682,80.2274627686,28428,28439,11
12.8920898438,80.2274169922,28439,28449,10
12.8912401199,80.2274017334,28449,28459,10
12.890130043,80.2273864746,28459,28469,10
12.8889598846,80.2273864746,28469,28479,10
12.8880701065,80.2273712158,28479,28489,10
12.8879098892,80.2273483276,28489,28499,10
12.8873701096,80.2272720337,28499,28509,10
12.8865203857,80.2270965576,28509,28519,10
12.8849802017,80.2267837524,28519,28570,51
12.8849802017,80.2267837524,28570,28580,10
12.8848800659,80.2267532349,28580,28590,10
12.8844404221,80.2267303467,28590,28600,10
12.8836402893,80.2267227173,28600,28610,10
12.8827495575,80.2267532349,28610,28620,10
12.8817796707,80.2267684937,28620,28630,10
12.8806600571,80.2267837524,28630,28640,10
12.8794803619,80.2267913818,28640,28650,10
12.8782596588,80.2268600464,28650,28660,10
12.8771495819,80.2269592285,28660,28671,11
12.8767404556,80.2269973755,28671,28681,10
12.8764696121,80.2269515991,28681,28691,10
12.8764600754,80.2269363403,28691,28701,10
12.8764400482,80.2266769409,28701,28711,10
12.8764400482,80.2266464233,28711,28721,10
12.876449585,80.2265930176,28721,28731,10
12.8764801025,80.2261810303,28731,28741,10
12.8765602112,80.2254180908,28741,28751,10
12.8766698837,80.2244033813,28751,28761,10
12.8768796921,80.2233886719,28761,28771,10
12.8771600723,80.2222290039,28771,28782,11
12.8774795532,80.2209014893,28782,28792,10
12.8777704239,80.2196731567,28792,28802,10
12.8780603409,80.218421936,28802,28812,10
12.8783102036,80.2171707153,28812,28822,10
12.8785600662,80.2159423828,28822,28832,10
12.8788299561,80.2147064209,28832,28842,10
12.8790597916,80.2134628296,28842,28852,10
12.8792896271,80.2122116089,28852,28862,10
12.8794698715,80.2111587524,28862,28872,10
12.8790903091,80.2109527588,28872,28892,20
12.8790903091,80.2109527588,28892,28903,11
12.8787899017,80.2109298706,28903,28913,10
12.8781900406,80.2108001709,28913,28923,10
12.8774299622,80.2106628418,28923,28933,10
12.8765897751,80.2105026245,28933,28943,10
12.8756904602,80.2103424072,28943,28953,10
12.8744697571,80.2101211548,28953,28973,20
12.8744697571,80.2101211548,28973,28983,10
12.8744401932,80.2101211548,28983,28993,10
12.8743801117,80.2098312378,28993,29003,10
12.8746204376,80.2095794678,29003,29013,10
12.874710083,80.2097930908,29013,29497,484
12.874710083,80.2097930908,29497,29508,11
12.8747301102,80.2101364136,29508,29518,10
12.8750495911,80.2102127075,29518,29528,10
12.8756303787,80.210319519,29528,29538,10
12.8763103485,80.2104415894,29538,29548,10
12.8771095276,80.2106018066,29548,29558,10
12.8779802322,80.2107467651,29558,29568,10
12.8787002563,80.2108764648,29568,29578,10
12.8794202805,80.2110290527,29578,29598,20
12.8794202805,80.2110290527,29598,29608,10
12.8795204163,80.2112197876,29608,29618,10
12.8794298172,80.2117080688,29618,29629,11
12.8792695999,80.2125396729,29629,29639,10
12.8790798187,80.2134780884,29639,29649,10
12.8788900375,80.2145233154,29649,29659,10
12.878660202,80.2155685425,29659,29669,10
12.8784103394,80.2167129517,29669,29679,10
12.8782100677,80.2177963257,29679,29689,10
12.8780202866,80.2186965942,29689,29699,10
12.8777999878,80.2195968628,29699,29709,10
12.8775596619,80.2206802368,29709,29719,10
12.8773097992,80.2218322754,29719,29729,10
12.8770599365,80.2229690552,29729,29738,9
12.8768100739,80.2239837646,29738,29750,12
12.8766202927,80.2253570557,29750,29760,10
12.876449585,80.2264328003,29760,29770,10
12.8767995834,80.2268829346,29770,29800,30
12.8767995834,80.2268829346,29800,29810,10
12.8771896362,80.2268371582,29810,29820,10
12.8778896332,80.2267837524,29820,29830,10
12.8788003922,80.2267074585,29830,29840,10
12.8799104691,80.2266693115,29840,29849,9
12.8809404373,80.2266616821,29849,29861,12
12.8823404312,80.2266387939,29861,29871,10
12.8835000992,80.2266311646,29871,29881,10
12.8852701187,80.2266387939,29881,29901,20
12.8852701187,80.2266387939,29901,29911,10
12.8852996826,80.2266464233,29911,29921,10
12.8857097626,80.2267379761,29921,29931,10
12.8864002228,80.2269287109,29931,29941,10
12.8872804642,80.227142334,29941,29951,10
12.8883304596,80.2272415161,29951,29961,10
12.8886899948,80.2272567749,29961,29971,10
12.8887395859,80.2272567749,29971,29982,11
12.8891601563,80.2272720337,29982,29992,10
12.8898601532,80.2272720337,29992,30002,10
12.8907403946,80.2272567749,30002,30012,10
12.8917798996,80.2272491455,30012,30022,10
12.8924798965,80.2272796631,30022,30032,10
12.8931703568,80.2273635864,30032,30042,10
12.8941297531,80.2274703979,30042,30062,20
12.8941297531,80.2274703979,30062,30072,10
12.8944101334,80.2275314331,30072,30082,10
12.8949899673,80.2275390625,30082,30092,10
12.8957700729,80.2275772095,30092,30103,11
12.8968801498,80.2276306152,30103,30113,10
12.8979597092,80.2277069092,30113,30123,10
12.8990297318,80.2277526855,30123,30133,10
12.899939537,80.2277984619,30133,30143,10
12.9005203247,80.2278213501,30143,30153,10
12.9007101059,80.2278366089,30153,30163,10
12.9009399414,80.2278594971,30163,30173,10
12.9012298584,80.2279129028,30173,30183,10
12.9016599655,80.2279205322,30183,30193,10
12.9025297165,80.2279586792,30193,30224,31
12.9025297165,80.2279586792,30224,30234,10
12.9029197693,80.2279968262,30234,30244,10
12.9035396576,80.2280426025,30244,30254,10
12.9043903351,80.2280807495,30254,30264,10
12.9053096771,80.2281723022,30264,30294,30
12.9053096771,80.2281723022,30294,30304,10
12.9054498672,80.2280807495,30304,30314,10
12.9058303833,80.2281265259,30314,30324,10
12.9060497284,80.2281570435,30324,30334,10
12.9063796997,80.228187561,30334,30345,11
12.9067401886,80.2282333374,30345,30355,10
12.9070997238,80.2282485962,30355,30365,10
12.9072303772,80.2282562256,30365,30375,10
12.9073200226,80.228302002,30375,30385,10
12.9077301025,80.2283477783,30385,30395,10
12.9084396362,80.2284698486,30395,30405,10
12.9093799591,80.2286224365,30405,30415,10
12.9104995728,80.2287979126,30415,30425,10
12.9116296768,80.2289581299,30425,30435,10
12.912779808,80.2291183472,30435,30445,10
12.9138202667,80.2292175293,30445,30466,21
12.9138202667,80.2292175293,30466,30476,10
12.9139795303,80.2292785645,30476,30486,10
12.9140396118,80.2292861938,30486,30496,10
12.9144201279,80.229347229,30496,30506,10
12.9150695801,80.2294616699,30506,30516,10
12.9159898758,80.2295913696,30516,30526,10
12.9170799255,80.2297286987,30526,30536,10
12.9181995392,80.229888916,30536,30546,10
12.9192399979,80.2299804688,30546,30566,20
12.9192399979,80.2299804688,30566,30577,11
12.9195995331,80.2300262451,30577,30587,10
12.9202003479,80.2301025391,30587,30597,10
12.9209604263,80.2302093506,30597,30607,10
12.9218397141,80.2303237915,30607,30617,10
12.922829628,80.23046875,30617,30627,10
12.9238700867,80.2306137085,30627,30637,10
12.9249296188,80.2307662964,30637,30647,10
12.9260501862,80.2308807373,30647,30667,20
12.9260501862,80.2308807373,30667,30677,10
12.9262599945,80.2309112549,30677,30686,9
12.9266796112,80.23097229,30686,30698,12
12.9275798798,80.2310791016,30698,30708,10
12.9282999039,80.2311782837,30708,30718,10
12.9287004471,80.2312393188,30718,30728,10
12.9292297363,80.2313613892,30728,30738,10
12.9299697876,80.2315063477,30738,30748,10
12.9308595657,80.2317428589,30748,30758,10
12.9317302704,80.2320022583,30758,30768,10
12.9322595596,80.2321395874,30768,30778,10
12.9324502945,80.232208252,30778,30788,10
12.9327697754,80.2323379517,30788,30798,10
12.9337396622,80.2327423096,30798,30819,21
12.9337396622,80.2327423096,30819,30829,10
12.9338798523,80.2328262329,30829,30839,10
12.9343795776,80.2330627441,30839,30849,10
12.9350996017,80.2333679199,30849,30859,10
12.9356203079,80.2335891724,30859,30869,10
12.9357299805,80.2336425781,30869,30879,10
12.9361200333,80.2338180542,30879,30889,10
12.9367599487,80.23412323,30889,30899,10
12.9375495911,80.2344970703,30899,30909,10
12.9385004044,80.2349700928,30909,30919,10
12.9398002625,80.2356262207,30919,30950,31
12.9398002625,80.2356262207,30950,30960,10
12.9400501251,80.2358169556,30960,30970,10
12.9406204224,80.2359924316,30970,30980,10
12.9413795471,80.2361602783,30980,30990,10
12.9422903061,80.2363815308,30990,31000,10
12.9432201385,80.2368621826,31000,31010,10
12.9437799454,80.2373580933,31010,31020,10
12.9437799454,80.2373962402,31020,31030,10
12.943860054,80.2376098633,31030,31040,10
12.9442396164,80.2379989624,31040,31049,9
12.9447202682,80.2385482788,31049,31061,12
12.9456195831,80.2393035889,31061,31071,10
12.9465799332,80.2396774292,31071,31081,10
12.9470996857,80.2398681641,31081,31101,20
12.9470996857,80.2398681641,31101,31111,10
12.94713974,80.2398910522,31111,31121,10
12.9475603104,80.2400665283,31121,31131,10
12.9483995438,80.2403793335,31131,31252,121
12.9483995438,80.2403793335,31252,31262,10
12.94851017,80.2404174805,31262,31272,10
12.9487304688,80.2404937744,31272,31281,9
12.9489898682,80.2406005859,31281,31293,12
12.9494600296,80.2407913208,31293,31303,10
12.9501199722,80.2409896851,31303,31313,10
12.9509897232,80.2412567139,31313,31343,30
12.9509897232,80.2412567139,31343,31353,10
12.9511995316,80.2414093018,31353,31363,10
12.9515800476,80.2415237427,31363,31373,10
12.9519701004,80.2416610718,31373,31383,10
12.9525499344,80.2418823242,31383,31393,10
12.9533100128,80.2421722412,31393,31402,9
12.9540100098,80.2424316406,31402,31414,12
12.9547996521,80.242729187,31414,31424,10
12.9554004669,80.2429580688,31424,31434,10
12.9560003281,80.2431488037,31434,31444,10
12.9561100006,80.2431716919,31444,31454,10
12.956319809,80.2432632446,31454,31494,40
12.956319809,80.2432632446,31494,31504,10
12.956580162,80.2433700562,31504,31514,10
12.9571399689,80.243637085,31514,31523,9
12.9577703476,80.2439422607,31523,31535,12
12.9585399628,80.2442703247,31535,31545,10
12.9590501785,80.2444763184,31545,31565,20
12.9590501785,80.2444763184,31565,31575,10
12.9592399597,80.2445831299,31575,31585,10
12.9596996307,80.2448120117,31585,31595,10
12.9603796005,80.2451171875,31595,31605,10
12.9612197876,80.2455062866,31605,31615,10
12.9621696472,80.2460021973,31615,31625,10
12.9628801346,80.2463226318,31625,31644,19
12.9628801346,80.2463226318,31644,31656,12
12.9629497528,80.2463989258,31656,31666,10
12.9631996155,80.2465362549,31666,31746,80
12.9631996155,80.2465362549,31746,31756,10
12.9635095596,80.2467727661,31756,31766,10
12.9640102386,80.2469406128,31766,31777,11
12.9648199081,80.2472000122,31777,31787,10
12.9656896591,80.2474899292,31787,31797,10
12.9665298462,80.2477798462,31797,31827,30
12.9665298462,80.2477798462,31827,31837,10
12.9665899277,80.2478027344,31837,31847,10
12.9668502808,80.2479705811,31847,31857,10
12.9672498703,80.2482070923,31857,31867,10
12.9680099487,80.2484970093,31867,31877,10
12.968919754,80.248840332,31877,31887,10
12.969909668,80.2492523193,31887,31898,11
12.9710597992,80.249671936,31898,31908,10
12.9721403122,80.249961853,31908,31918,10
12.9731998444,80.2502365112,31918,31928,10
12.9744701385,80.250541687,31928,31958,30
12.9744701385,80.250541687,31958,31968,10
12.9745397568,80.250617981,31968,31978,10
12.9749898911,80.2507476807,31978,31988,10
12.9756803513,80.2509307861,31988,31998,10
12.9765701294,80.2511672974,31998,32009,11
12.9775800705,80.2516326904,32009,32019,10
12.9784097672,80.2522964478,32019,32029,10
12.9792203903,80.2525634766,32029,32039,10
12.9799604416,80.2522964478,32039,32059,20
12.9799604416,80.2522964478,32059,32069,10
12.9799995422,80.2521972656,32069,32079,10
12.9800796509,80.2518386841,32079,32089,10
12.9802398682,80.2512817383,32089,32099,10
12.9804697037,80.2504806519,32099,32109,10
12.9806995392,80.2494506836,32109,32119,10
12.9807796478,80.2482910156,32119,32129,10
12.9808597565,80.2471313477,32129,32140,11
12.9809904099,80.2458267212,32140,32150,10
12.9811496735,80.2446212769,32150,32160,10
12.9812498093,80.2436904907,32160,32170,10
12.9813604355,80.2433013916,32170,32180,10
12.9813604355,80.2428588867,32180,32190,10
12.9813699722,80.2427902222,32190,32200,10
12.9813899994,80.2426528931,32200,32210,10
12.9813699722,80.242401123,32210,32220,10
12.9813499451,80.2421417236,32220,32230,10
12.9813499451,80.2416305542,32230,32240,10
12.9813404083,80.2408828735,32240,32251,11
12.9813299179,80.239692688,32251,32271,20
12.9813299179,80.239692688,32271,32281,10
12.981300354,80.2394332886,32281,32291,10
12.9812803268,80.2389297485,32291,32301,10
12.9812602997,80.2383880615,32301,32311,10
12.9812602997,80.2380218506,32311,32321,10
12.9812698364,80.237991333,32321,32331,10
12.9812898636,80.2379074097,32331,32341,10
12.9812698364,80.2375564575,32341,32351,10
12.9812498093,80.2369689941,32351,32361,10
12.9812402725,80.2361526489,32361,32372,11
12.9812202454,80.2351989746,32372,32382,10
12.9812002182,80.2344436646,32382,32392,10
12.9814100266,80.2338027954,32392,32402,10
12.9815502167,80.2334976196,32402,32432,30
12.9815502167,80.2334976196,32432,32442,10
12.9816102982,80.2333908081,32442,32452,10
12.9817399979,80.2331085205,32452,32462,10
12.9819202423,80.2326812744,32462,32472,10
12.9819898605,80.2321472168,32472,32482,10
12.9819698334,80.2315597534,32482,32493,11
12.9817800522,80.2309036255,32493,32503,10
12.9813995361,80.23021698,32503,32513,10
12.9809703827,80.2294998169,32513,32523,10
12.9808797836,80.229347229,32523,32533,10
12.9807796478,80.2292022705,32533,32543,10
12.9806604385,80.2289810181,32543,32553,10
12.980629921,80.2289505005,32553,32563,10
12.9806003571,80.2289199829,32563,32573,10
12.9804000854,80.2285919189,32573,32583,10
12.9802303314,80.2281799316,32583,32593,10
12.9799003601,80.2276382446,32593,32603,10
12.9794902802,80.2269592285,32603,32614,11
12.979060173,80.2262115479,32614,32624,10
12.9786396027,80.2255096436,32624,32634,10
12.9783201218,80.2249832153,32634,32644,10
12.9780902863,80.2246398926,32644,32654,10
12.977809906,80.2242889404,32654,32664,10
12.9778003693,80.2242889404,32664,32674,10
12.9777402878,80.2241973877,32674,32684,10
12.9775600433,80.2238769531,32684,32694,10
12.9772396088,80.2233276367,32694,32704,10
12.9769496918,80.2228317261,32704,32714,10
12.9770097733,80.2227401733,32714,32724,10
12.9773101807,80.2227020264,32724,32745,21
12.9773101807,80.2227020264,32745,32755,10
12.9773702621,80.2227096558,32755,32765,10
12.9775295258,80.2226028442,32765,32775,10
12.9774999619,80.2222366333,32775,32785,10
12.9774999619,80.2220687866,32785,32795,10
12.9774999619,80.2219314575,32795,32805,10
12.9774703979,80.2215881348,32805,32815,10
12.9775400162,80.2212905884,32815,32825,10
12.9780101776,80.2212295532,32825,32835,10
12.9787197113,80.2211532593,32835,32845,10
12.9794502258,80.2210922241,32845,32856,11
12.9802103043,80.2210617065,32856,32866,10
12.9808197021,80.2209701538,32866,32876,10
12.9813699722,80.2211074829,32876,32886,10
12.9819602966,80.221496582,32886,32896,10
12.98279953,80.2218322754,32896,32926,30
12.98279953,80.2218322754,32926,32936,10
12.9832897186,80.2221298218,32936,32946,10
12.9837999344,80.222442627,32946,32956,10
12.9844398499,80.2228393555,32956,32966,10
12.9849596024,80.2231521606,32966,32977,11
12.9855003357,80.2231369019,32977,32987,10
12.9861001968,80.2229385376,32987,32997,10
12.9864797592,80.2229537964,32997,33007,10
12.9864997864,80.2229385376,33007,33017,10
12.9868402481,80.2229614258,33017,33027,10
12.9873199463,80.2230377197,33027,33037,10
12.9877300262,80.2230606079,33037,33047,10
12.9881095886,80.2228393555,33047,33057,10
12.9885797501,80.222442627,33057,33067,10
12.9888601303,80.2221298218,33067,33077,10
12.9891300201,80.2218170166,33077,33088,11
12.9894199371,80.2214584351,33088,33098,10
12.9897298813,80.2210693359,33098,33108,10
12.990070343,80.2206497192,33108,33118,10
12.9902601242,80.2205123901,33118,33128,10
12.9903202057,80.2204818726,33128,33138,10
12.9906101227,80.2202529907,33138,33148,10
12.9911699295,80.2198410034,33148,33158,10
12.9916400909,80.2194595337,33158,33168,10
12.9922199249,80.2190475464,33168,33178,10
12.9927997589,80.2186279297,33178,33188,10
12.9930496216,80.2183914185,33188,33219,31
12.9932203293,80.21824646,33219,33249,30
12.9932203293,80.21824646,33249,33259,10
12.9933795929,80.2181472778,33259,33279,20
12.9935798645,80.2179794312,33279,33299,20
12.9935798645,80.2179794312,33299,33309,10
12.9937200546,80.2179107666,33309,33319,10
12.9938297272,80.2178497314,33319,33330,11
12.9940795898,80.2176513672,33330,33350,20
12.9940795898,80.2176513672,33350,33360,10
12.9943304062,80.2174835205,33360,33370,10
12.9944696426,80.2173690796,33370,33380,10
12.9946699142,80.2172164917,33380,33390,10
12.9949398041,80.2170333862,33390,33400,10
12.9952001572,80.2168579102,33400,33410,10
12.9955797195,80.2167129517,33410,33420,10
12.9959897995,80.216583252,33420,33461,41
12.9959897995,80.216583252,33461,33471,10
12.9964103699,80.2165298462,33471,33481,10
12.9968004227,80.2164916992,33481,33491,10
12.9972400665,80.2164001465,33491,33501,10
12.9975996017,80.2160568237,33501,33511,10
12.9976596832,80.216003418,33511,33521,10
12.9979496002,80.2157287598,33521,33531,10
12.9984798431,80.2152862549,33531,33541,10
12.9990797043,80.2147674561,33541,33551,10
12.9993600845,80.2145233154,33551,33561,10
12.9998703003,80.2140808105,33561,33572,11
13.0004796982,80.2135391235,33572,33582,10
13.0011701584,80.2129821777,33582,33592,10
13.0018100739,80.2124862671,33592,33602,10
13.0024299622,80.2121582031,33602,33612,10
13.0028295517,80.2120895386,33612,33622,10
13.0033502579,80.2120666504,33622,33632,10
13.0034999847,80.2120513916,33632,33642,10
13.0036497116,80.2119522095,33642,33652,10
13.0037002563,80.2116470337,33652,33662,10
13.0036897659,80.2109832764,33662,33672,10
13.0035896301,80.2102279663,33672,33682,10
13.0035400391,80.2094802856,33682,33693,11
13.0037603378,80.2086868286,33693,33703,10
13.0044803619,80.2088394165,33703,33713,10
13.0053300858,80.2092208862,33713,33723,10
13.0059099197,80.2094421387,33723,33733,10
13.0063495636,80.2095794678,33733,33743,10
13.0069103241,80.2097091675,33743,33763,20
13.0069103241,80.2097091675,33763,33773,10
13.0069704056,80.2097320557,33773,33783,10
13.0073404312,80.2098083496,33783,33793,10
13.0078001022,80.2099075317,33793,33803,10
13.0080003738,80.2099609375,33803,33814,11
13.0081796646,80.2097625732,33814,33824,10
13.0080699921,80.2091598511,33824,33834,10
13.0079298019,80.2083969116,33834,33844,10
13.0078001022,80.2075195313,33844,33854,10
13.0076799393,80.2068023682,33854,33864,10
13.0075702667,80.2059707642,33864,33874,10
13.007519722,80.2052230835,33874,33884,10
13.0075302124,80.2045211792,33884,33894,10
13.0074501038,80.203742981,33894,33904,10
13.0072698593,80.202796936,33904,33914,10
13.0066204071,80.2026824951,33914,33925,11
13.0067996979,80.203338623,33925,33935,10
13.0074195862,80.2036514282,33935,33945,10
13.0082998276,80.2037277222,33945,33955,10
13.0094995499,80.2036514282,33955,33965,10
13.0108203888,80.2036590576,33965,33975,10
13.0121498108,80.2038192749,33975,33985,10
13.0131998062,80.2040328979,33985,33995,10
13.0136995316,80.2042312622,33995,34046,51
13.0136995316,80.2042312622,34046,34056,10
13.0137195587,80.2043228149,34056,34066,10
13.0136604309,80.2045822144,34066,34076,10
13.0136404037,80.2046813965,34076,34086,10
13.0135698318,80.2048568726,34086,34096,10
13.0133695602,80.2054672241,34096,34106,10
13.0131502151,80.2064437866,34106,34116,10
13.0130395889,80.2074813843,34116,34126,10
13.0129499435,80.207862854,34126,34136,10
13.012960434,80.2078704834,34136,34146,10
13.0129203796,80.2080917358,34146,34156,10
13.0129299164,80.2086486816,34156,34167,11
13.0130701065,80.2093582153,34167,34177,10
13.0131998062,80.2099761963,34177,34187,10
13.0130596161,80.2108612061,34187,34197,10
13.0125799179,80.2118606567,34197,34207,10
13.0122003555,80.2124710083,34207,34217,10
13.0120000839,80.2126998901,34217,34227,10
13.0117502213,80.212677002,34227,34237,10
13.0112400055,80.2123413086,34237,34247,10
13.0101203918,80.2114868164,34247,34308,61
13.0099401474,80.2113723755,34308,34368,60
13.0096797943,80.2111968994,34368,34439,71
13.0096797943,80.2111968994,34439,34449,10
13.0094003677,80.2110366821,34449,34721,272
13.0091695786,80.2113571167,34721,34751,30
13.0091695786,80.2113571167,34751,34761,10
13.0091295242,80.2118301392,34761,34772,11
13.00922966,80.2121582031,34772,34782,10
13.0093297958,80.2125396729,34782,34792,10
13.0094995499,80.2129974365,34792,34802,10
13.00963974,80.2134094238,34802,34812,10
13.0098199844,80.2138595581,34812,34822,10
13.0100402832,80.2143707275,34822,34832,10
13.0101804733,80.2150878906,34832,34842,10
13.0103702545,80.2159118652,34842,34852,10
13.0107698441,80.216796875,34852,34862,10
13.011179924,80.2177429199,34862,34872,10
13.0115499496,80.218711853,34872,34882,10
13.0118598938,80.2197265625,34882,34893,11
13.0122003555,80.2208175659,34893,34903,10
13.0123901367,80.221321106,34903,34913,10
13.0125198364,80.2216720581,34913,34923,10
13.0128202438,80.2222137451,34923,34933,10
13.013469696,80.2228469849,34933,34943,10
13.0140399933,80.223487854,34943,34953,10
13.0143899918,80.2238769531,34953,34963,10
13.014960289,80.2245483398,34963,34973,10
13.0153799057,80.2250213623,34973,34983,10
13.0154399872,80.225479126,34983,34993,10
13.0150203705,80.2258224487,34993,35003,10
13.0143604279,80.2261428833,35003,35014,11
13.013469696,80.2265090942,35014,35024,10
13.0125303268,80.2268676758,35024,35034,10
13.0115098953,80.2272491455,35034,35044,10
13.0104703903,80.2276763916,35044,35054,10
13.0096197128,80.2277832031,35054,35064,10
13.00963974,80.2272033691,35064,35074,10
13.0099802017,80.2264709473,35074,35084,10
13.010310173,80.2256088257,35084,35094,10
13.0105400085,80.2250366211,35094,35104,10
13.0107297897,80.2245178223,35104,35114,10
13.01101017,80.2238235474,35114,35124,10
13.0111198425,80.2235870361,35124,35135,11
13.0112495422,80.2233886719,35135,35145,10
13.0111398697,80.2231216431,35145,35155,10
13.0106401443,80.2229232788,35155,35165,10
13.0104198456,80.2228012085,35165,35175,10
13.0103397369,80.2227096558,35175,35185,10
13.0100402832,80.2225418091,35185,35195,10
13.0094499588,80.2222213745,35195,35205,10
13.0087604523,80.2218322754,35205,35215,10
13.0079402924,80.2214126587,35215,35225,10
13.007109642,80.2209396362,35225,35235,10
13.0062503815,80.2205963135,35235,35245,10
13.0052604675,80.2203826904,35245,35256,11
13.0046396255,80.2202224731,35256,35266,10
13.0046300888,80.2202224731,35266,35276,10
13.0042695999,80.2201385498,35276,35286,10
13.0037202835,80.2199783325,35286,35296,10
13.0029201508,80.2197189331,35296,35306,10
13.0021696091,80.2191085815,35306,35316,10
13.0016002655,80.2185974121,35316,35326,10
13.0008897781,80.2180862427,35326,35336,10
13.0002498627,80.217666626,35336,35346,10
12.9995098114,80.2172393799,35346,35356,10
12.9986400604,80.2167892456,35356,35367,11
12.9975299835,80.2164993286,35367,35387,20
12.9975299835,80.2164993286,35387,35397,10
12.9973201752,80.2165298462,35397,35407,10
12.9969301224,80.2165527344,35407,35417,10
12.9964199066,80.2166976929,35417,35427,10
12.9957399368,80.2169036865,35427,35437,10
12.9950504303,80.2172012329,35437,35447,10
12.9944000244,80.2176208496,35447,35457,10
12.9938001633,80.2180633545,35457,35467,10
12.993180275,80.2184906006,35467,35477,10
12.9924602509,80.2190093994,35477,35488,11
12.9915800095,80.2196426392,35488,35498,10
12.9909496307,80.220123291,35498,35508,10
12.9908704758,80.2201766968,35508,35518,10
12.9907503128,80.220199585,35518,35528,10
12.9905099869,80.2204208374,35528,35538,10
12.9900503159,80.2208175659,35538,35548,10
12.9895496368,80.2213668823,35548,35558,10
12.9891796112,80.2218780518,35558,35568,10
12.9884300232,80.2226791382,35568,35578,10
12.9877700806,80.2230529785,35578,35588,10
12.9876499176,80.2230606079,35588,35597,9
12.9873199463,80.2230072021,35597,35609,12
12.9870300293,80.2229766846,35609,35619,10
12.986869812,80.2229614258,35619,35629,10
12.9864902496,80.2229537964,35629,35639,10
12.9858598709,80.2229995728,35639,35649,10
12.9854402542,80.2232284546,35649,35659,10
12.9848203659,80.2230377197,35659,35669,10
12.9842100143,80.2226867676,35669,35679,10
12.9836502075,80.2224197388,35679,35689,10
12.9833297729,80.2222518921,35689,35699,10
12.9833202362,80.2222213745,35699,35708,9
12.9832401276,80.222076416,35708,35719,11
12.9828996658,80.2219772339,35719,35730,11
12.9824895859,80.2219009399,35730,35740,10
12.9821796417,80.2217483521,35740,35750,10
12.9816503525,80.2215423584,35750,35760,10
12.9808301926,80.2211990356,35760,35770,10
12.9799900055,80.2211685181,35770,35780,10
12.9791603088,80.2211837769,35780,35790,10
12.9783201218,80.2211532593,35790,35800,10
12.9776000977,80.2211990356,35800,35810,10
12.9768800735,80.2212295532,35810,35820,10
12.976360321,80.2212371826,35820,35830,10
12.9762601852,80.2214736938,35830,35840,10
12.9765100479,80.2219085693,35840,35871,31
12.9765100479,80.2219085693,35871,35881,10
12.9766302109,80.2221679688,35881,35891,10
12.9768896103,80.2226104736,35891,35901,10
12.9772901535,80.2232666016,35901,35911,10
12.9777603149,80.2239990234,35911,35921,10
12.97797966,80.2243423462,35921,35931,10
12.9781799316,80.2247161865,35931,35940,9
12.9784698486,80.225189209,35940,35951,11
12.9786195755,80.2254333496,35951,35962,11
12.9786701202,80.2254867554,35962,35972,10
12.978890419,80.2258224487,35972,35982,10
12.9790000916,80.226020813,35982,35992,10
12.9790296555,80.22605896,35992,36002,10
12.9791202545,80.2262496948,36002,36012,10
12.9792299271,80.2264175415,36012,36022,10
12.9793996811,80.2267074585,36022,36032,10
12.9796104431,80.2270812988,36032,36042,10
12.9797401428,80.2273101807,36042,36052,10
12.9798498154,80.2274703979,36052,36062,10
12.980050087,80.2277984619,36062,36072,10
12.980340004,80.2282867432,36072,36083,11
12.9805698395,80.2287063599,36083,36093,10
12.9807596207,80.2289962769,36093,36123,30
12.9807596207,80.2289962769,36123,36133,10
12.9809303284,80.2292633057,36133,36143,10
12.9810800552,80.2295532227,36143,36153,10
12.9813995361,80.2300491333,36153,36163,10
12.981710434,80.230506897,36163,36173,10
12.9817199707,80.230506897,36173,36183,10
12.9818096161,80.2307128906,36183,36194,11
12.9819698334,80.2312011719,36194,36204,10
12.982049942,80.231918335,36204,36214,10
12.9819297791,80.2327880859,36214,36224,10
12.9816503525,80.2334671021,36224,36234,10
12.9816303253,80.2335205078,36234,36244,10
12.9815502167,80.2336196899,36244,36254,10
12.9813499451,80.2340774536,36254,36264,10
12.9812498093,80.2347106934,36264,36274,10
12.9812498093,80.2355422974,36274,36284,10
12.9812698364,80.236541748,36284,36294,10
12.9813098907,80.2375793457,36294,36304,10
12.9813404083,80.2383728027,36304,36325,21
12.9813404083,80.2383728027,36325,36335,10
12.9813499451,80.2385177612,36335,36345,10
12.9813499451,80.2389068604,36345,36355,10
12.9813604355,80.2391662598,36355,36365,10
12.9813604355,80.2393493652,36365,36375,10
12.9813804626,80.2394790649,36375,36385,10
12.9813804626,80.2396697998,36385,36395,10
12.9813899994,80.2400588989,36395,36405,10
12.9813899994,80.2406768799,36405,36415,10
12.9813995361,80.2412109375,36415,36425,10
12.9813995361,80.2416687012,36425,36435,10
12.9813995361,80.2419586182,36435,36446,11
12.9814100266,80.2420501709,36446,36456,10
12.9814195633,80.2422409058,36456,36466,10
12.9814100266,80.2426071167,36466,36486,20
12.9814100266,80.2426071167,36486,36496,10
12.9813604355,80.2427368164,36496,36506,10
12.9813804626,80.243019104,36506,36516,10
12.9813804626,80.243560791,36516,36526,10
12.9812803268,80.2443389893,36526,36536,10
12.9811697006,80.2452774048,36536,36546,10
12.9810400009,80.2463378906,36546,36555,9
12.9809398651,80.2473602295,36555,36567,12
12.9808301926,80.2487411499,36567,36577,10
12.9806804657,80.2499008179,36577,36587,10
12.9804096222,80.2510223389,36587,36597,10
12.9801797867,80.2519683838,36597,36607,10
12.9800300598,80.2523269653,36607,36617,10
12.9799804688,80.2525405884,36617,36627,10
12.9799499512,80.2526397705,36627,36637,10
12.9795103073,80.2526931763,36637,36647,10
12.9790000916,80.2526473999,36647,36657,10
12.978969574,80.2526397705,36657,36667,10
12.9787998199,80.2526092529,36667,36677,10
12.9784498215,80.2524414063,36677,36688,11
12.9779396057,80.2519989014,36688,36698,10
12.9772996902,80.2515029907,36698,36708,10
12.9763402939,80.251159668,36708,36718,10
12.9752502441,80.2508468628,36718,36728,10
12.974149704,80.2505264282,36728,36738,10
12.9725799561,80.2501296997,36738,36758,20
12.9725799561,80.2501296997,36758,36768,10
12.9723701477,80.2500686646,36768,36778,10
12.9718599319,80.2499237061,36778,36788,10
12.9710998535,80.249710083,36788,36798,10
12.970199585,80.2494277954,36798,36809,11
12.9693202972,80.2490692139,36809,36819,10
12.968460083,80.2487411499,36819,36829,10
12.9674596786,80.2483215332,36829,36839,10
12.9666500092,80.2479171753,36839,36849,10
12.9658403397,80.2475814819,36849,36859,10
12.9649095535,80.2472915649,36859,36879,20
12.9649095535,80.2472915649,36879,36889,10
12.9645700455,80.2471618652,36889,36899,10
12.9639501572,80.2469177246,36899,36909,10
12.9632396698,80.2465820313,36909,36920,11
12.9622402191,80.2461090088,36920,36930,10
12.961230278,80.2456130981,36930,36940,10
12.9601898193,80.2451400757,36940,36950,10
12.9594297409,80.2448425293,36950,36960,10
12.9593896866,80.2448196411,36960,36970,10
12.9592695236,80.2447433472,36970,36980,10
12.9588603973,80.2445373535,36980,36990,10
12.9581604004,80.2442626953,36990,37000,10
12.957449913,80.2439804077,37000,37010,10
12.9570198059,80.2437973022,37010,37020,10
12.9568099976,80.2437362671,37020,37039,19
12.9568099976,80.2437362671,37039,37051,12
12.9566802979,80.2436904907,37051,37061,10
12.9565401077,80.243637085,37061,37091,30
12.9565401077,80.243637085,37091,37101,10
12.9562797546,80.2435531616,37101,37111,10
12.9557504654,80.2432937622,37111,37121,10
12.9549999237,80.2429428101,37121,37131,10
12.9540996552,80.2425537109,37131,37141,10
12.9531698227,80.2421722412,37141,37151,10
12.9522600174,80.2418212891,37151,37160,9
12.9518699646,80.2416992188,37160,37172,12
12.9517803192,80.2416687012,37172,37182,10
12.9513502121,80.2415008545,37182,37192,10
12.9506196976,80.2412490845,37192,37202,10
12.9498500824,80.2410125732,37202,37212,10
12.9496498108,80.2409210205,37212,37222,10
12.9495601654,80.2408905029,37222,37232,10
12.9491596222,80.2407608032,37232,37242,10
12.9486398697,80.240562439,37242,37252,10
12.9478902817,80.240272522,37252,37262,10
12.9473400116,80.2400817871,37262,37272,10
12.9473199844,80.2400665283,37272,37283,11
12.947259903,80.240020752,37283,37293,10
12.947019577,80.2399291992,37293,37303,10
12.9465703964,80.2397613525,37303,37313,10
12.9458799362,80.2394485474,37313,37323,10
12.945110321,80.2389831543,37323,37333,10
12.9443998337,80.2382583618,37333,37343,10
12.9437599182,80.2375717163,37343,37353,10
12.9433002472,80.2371368408,37353,37363,10
12.9433002472,80.237121582,37363,37373,10
12.942990303,80.2368392944,37373,37383,10
12.9423599243,80.2365036011,37383,37393,10
12.941450119,80.2362365723,37393,37404,11
12.940369606,80.2359619141,37404,37414,10
12.9398803711,80.2357788086,37414,37424,10
12.9398899078,80.2357711792,37424,37434,10
12.9397296906,80.235710144,37434,37444,10
12.9391803741,80.2354431152,37444,37454,10
12.9384202957,80.2350616455,37454,37464,10
12.9375,80.2346115112,37464,37474,10
12.9365701675,80.2341766357,37474,37484,10
12.9357204437,80.2337722778,37484,37494,10
12.9341201782,80.2330780029,37494,37514,20
12.9341201782,80.2330780029,37514,37525,11
12.9340000153,80.2330093384,37525,37535,10
12.9335699081,80.2327880859,37535,37545,10
12.9328298569,80.2324676514,37545,37555,10
12.931889534,80.2321472168,37555,37565,10
12.9308099747,80.2318191528,37565,37575,10
12.9296798706,80.2315063477,37575,37585,10
12.9292297363,80.2314300537,37585,37595,10
12.9291801453,80.2314071655,37595,37605,10
12.9288301468,80.231338501,37605,37615,10
12.9281301498,80.2312164307,37615,37625,10
12.9272003174,80.2311096191,37625,37635,10
12.9260501862,80.2309875488,37635,37656,21
12.9260501862,80.2309875488,37656,37666,10
12.9257202148,80.23097229,37666,37676,10
12.9251403809,80.2308731079,37676,37686,10
12.9243402481,80.2307815552,37686,37696,10
12.9233798981,80.2306518555,37696,37706,10
12.9223003387,80.2304763794,37706,37716,10
12.9211397171,80.2303085327,37716,37726,10
12.9199800491,80.230178833,37726,37736,10
12.919260025,80.2301025391,37736,37745,9
12.9192199707,80.2301025391,37745,37757,12
12.9187698364,80.2300491333,37757,37767,10
12.9180498123,80.2299499512,37767,37777,10
12.9171304703,80.2298202515,37777,37787,10
12.9160203934,80.2296600342,37787,37797,10
12.914899826,80.2294921875,37797,37807,10
12.9137897491,80.229347229,37807,37817,10
12.9131298065,80.2292785645,37817,37827,10
12.9131097794,80.2292785645,37827,37837,10
12.9129896164,80.2292404175,37837,37847,10
12.9124803543,80.2291412354,37847,37857,10
12.9116897583,80.2290267944,37857,37867,10
12.9106903076,80.2288894653,37867,37877,10
12.9095897675,80.2287216187,37877,37888,11
12.9086103439,80.228553772,37888,37898,10
12.907699585,80.2284393311,37898,37999,101
12.907699585,80.2284393311,37999,38009,10
12.9073896408,80.2284011841,38009,38019,10
12.9068803787,80.2283630371,38019,38029,10
12.9065303802,80.2282791138,38029,38039,10
12.9059400558,80.2282104492,38039,38049,10
12.9049396515,80.2282028198,38049,38170,121
12.9049396515,80.2282028198,38170,38180,10
12.9048099518,80.2282409668,38180,38190,10
12.9044599533,80.2282104492,38190,38200,10
12.903960228,80.228187561,38200,38210,10
12.9038696289,80.2281799316,38210,38220,10
12.9036798477,80.2281570435,38220,38229,9
12.903550148,80.2281570435,38229,38240,11
12.9033899307,80.2281417847,38240,38251,11
12.9032697678,80.2281265259,38251,38261,10
12.9030799866,80.2281112671,38261,38271,10
12.9026403427,80.2280883789,38271,38281,10
12.9023303986,80.2280502319,38281,38392,111
12.9023303986,80.2280502319,38392,38402,10
12.9020204544,80.2280502319,38402,38412,10
12.9016799927,80.2280197144,38412,38422,10
12.9015102386,80.2279891968,38422,38432,10
12.9013004303,80.2279968262,38432,38442,10
12.9009504318,80.2279663086,38442,38452,10
12.9006500244,80.2279205322,38452,38462,10
12.900270462,80.227897644,38462,38472,10
12.8993597031,80.2278823853,38472,38503,31
12.8993597031,80.2278823853,38503,38513,10
12.899140358,80.227897644,38513,38523,10
12.8990497589,80.227897644,38523,38533,10
12.8988800049,80.227897644,38533,38543,10
12.8983402252,80.2278366089,38543,38553,10
12.8975400925,80.2277832031,38553,38563,10
12.8965396881,80.2277374268,38563,38573,10
12.8954200745,80.2276916504,38573,38583,10
12.8942804337,80.2276306152,38583,38593,10
12.8933095932,80.2275466919,38593,38604,11
12.893119812,80.2275314331,38604,38614,10
12.8927297592,80.2274627686,38614,38624,10
12.8920698166,80.2273712158,38624,38634,10
12.891169548,80.2273788452,38634,38644,10
12.8900604248,80.2273788452,38644,38654,10
12.8885498047,80.2273788452,38654,38674,20
12.8885498047,80.2273788452,38674,38684,10
12.8883495331,80.2273330688,38684,38694,10
12.8877496719,80.2273025513,38694,38704,10
12.8869495392,80.2271728516,38704,38714,10
12.8861103058,80.2269897461,38714,38724,10
12.8851099014,80.2267684937,38724,38735,11
12.884759903,80.2267608643,38735,38745,10
12.8846197128,80.2267684937,38745,38755,10
12.8840398788,80.2267608643,38755,38765,10
12.8831501007,80.2267532349,38765,38775,10
12.8820495605,80.2267608643,38775,38785,10
12.8808803558,80.2267837524,38785,38795,10
12.8796796799,80.2267913818,38795,38805,10
12.8784503937,80.2268371582,38805,38815,10
12.877579689,80.2268981934,38815,38825,10
12.8775100708,80.2269134521,38825,38835,10
12.8773202896,80.2269210815,38835,38846,11
12.8771495819,80.2269363403,38846,38856,10
12.876999855,80.2269515991,38856,38866,10
12.8767499924,80.2269668579,38866,38876,10
12.8764400482,80.2268066406,38876,38886,10
12.8764400482,80.2265014648,38886,38906,20
12.8764400482,80.2265014648,38906,38916,10
12.8764801025,80.2261810303,38916,38926,10
12.876540184,80.2254867554,38926,38936,10
12.876660347,80.2245025635,38936,38946,10
12.8768701553,80.2233581543,38946,38957,11
12.8771800995,80.2220306396,38957,38966,9
12.8774404526,80.220916748,38966,38977,11
12.8777503967,80.2195510864,38977,38987,10
12.8780403137,80.2182998657,38987,38997,10
12.8782901764,80.2170410156,38997,39007,10
12.8785495758,80.2157974243,39007,39017,10
12.8788204193,80.2145767212,39017,39027,10
12.8790197372,80.2134933472,39027,39037,10
12.8792104721,80.2124862671,39037,39046,9
12.8794002533,80.2114562988,39046,39057,11
12.8789100647,80.2109069824,39057,39077,20
12.8789100647,80.2109069824,39077,39088,11
12.8785200119,80.2108306885,39088,39098,10
12.877820015,80.2107009888,39098,39108,10
12.8769702911,80.2105407715,39108,39118,10
12.8760900497,80.2103805542,39118,39128,10
12.87541008,80.2102813721,39128,39138,10
12.8753004074,80.2102737427,39138,39148,10
12.8752603531,80.2102966309,39148,39158,10
12.874420166,80.2100982666,39158,39178,20
12.874420166,80.2100982666,39178,39188,10
12.8743801117,80.2098083496,39188,39198,10
12.8746700287,80.2095718384,39198,39209,11
12.8746595383,80.2097930908,39209,39652,443
12.8746795654,80.2099380493,39652,39682,30
12.8747901917,80.2101593018,39682,39723,41
12.8747901917,80.2101593018,39723,39733,10
12.8750495911,80.2101974487,39733,39743,10
12.8752603531,80.2102432251,39743,39753,10
12.8754997253,80.2102737427,39753,39763,10
12.8759202957,80.2103500366,39763,39773,10
12.8764696121,80.2104492188,39773,39783,10
12.8770904541,80.2105712891,39783,39793,10
12.877699852,80.2107009888,39793,39804,11
12.8783903122,80.2108001709,39804,39814,10
12.8791799545,80.2109603882,39814,39844,30
12.8791799545,80.2109603882,39844,39854,10
12.8791999817,80.2109985352,39854,39864,10
12.8794603348,80.2111282349,39864,39874,10
12.8794403076,80.2115478516,39874,39884,10
12.8793096542,80.2122268677,39884,39894,10
12.8791503906,80.2130737305,39894,39904,10
12.8789701462,80.214012146,39904,39914,10
12.8787603378,80.2150192261,39914,39924,10
12.8785400391,80.2160568237,39924,39935,11
12.8783102036,80.2171783447,39935,39945,10
12.8781099319,80.218208313,39945,39955,10
12.8778800964,80.21925354,39955,39965,10
12.8776397705,80.2202606201,39965,39975,10
12.877409935,80.2212905884,39975,39985,10
12.8771600723,80.2223815918,39985,39995,10
12.8768796921,80.2235031128,39995,40005,10
12.8766899109,80.2246704102,40005,40015,10
12.8765602112,80.2258377075,40015,40025,10
12.8764600754,80.226852417,40025,40055,30
12.8764600754,80.226852417,40055,40066,11
12.8766098022,80.2268981934,40066,40076,10
12.8768396378,80.226852417,40076,40086,10
12.8773603439,80.2267990112,40086,40096,10
12.8782196045,80.2267303467,40096,40106,10
12.8793001175,80.2266769409,40106,40116,10
12.8804798126,80.2266693115,40116,40126,10
12.881649971,80.2266464233,40126,40136,10
12.882809639,80.2266387939,40136,40146,10
12.8839702606,80.2266235352,40146,40155,9
12.8849601746,80.2266235352,40155,40166,11
12.885219574,80.2266235352,40166,40176,10
12.8854703903,80.2266769409,40176,40187,11
12.8861703873,80.226852417,40187,40197,10
12.8870201111,80.2270812988,40197,40207,10
12.8880596161,80.2272186279,40207,40217,10
12.8885402679,80.2272415161,40217,40227,10
12.888759613,80.2272491455,40227,40237,10
12.8893699646,80.2272567749,40237,40247,10
12.8902301788,80.2272567749,40247,40257,10
12.8913202286,80.2272720337,40257,40267,10
12.8923301697,80.2273025513,40267,40277,10
12.8931798935,80.2273788452,40277,40287,10
12.894109726,80.2274780273,40287,40298,11
12.8942203522,80.2274780273,40298,40308,10
12.8945703506,80.2275009155,40308,40318,10
12.89523983,80.2275390625,40318,40328,10
12.8962001801,80.2276000977,40328,40338,10
12.8973302841,80.2276382446,40338,40348,10
12.898440361,80.2277297974,40348,40358,10
12.8990001678,80.2277526855,40358,40368,10
12.8994903564,80.2277984619,40368,40378,10
12.9002199173,80.2278213501,40378,40388,10
12.9006299973,80.2278213501,40388,40398,10
12.9009599686,80.2278594971,40398,40408,10
12.9013700485,80.2278671265,40408,40419,11
12.9021997452,80.2278900146,40419,40429,10
12.9027996063,80.2279205322,40429,40459,30
12.9027996063,80.2279205322,40459,40469,10
12.9029397964,80.2279434204,40469,40479,10
12.9033098221,80.2279510498,40479,40489,10
12.9037504196,80.2280197144,40489,40499,10
12.9044904709,80.2280731201,40499,40509,10
12.9056100845,80.2280807495,40509,40528,19
12.9056100845,80.2280807495,40528,40540,12
12.9059200287,80.228187561,40540,40550,10
12.9063196182,80.228187561,40550,40560,10
12.9066696167,80.2282028198,40560,40570,10
12.9070796967,80.2282180786,40570,40580,10
12.9071102142,80.2282485962,40580,40590,10
12.9075202942,80.2283096313,40590,40600,10
12.9083099365,80.2284393311,40600,40610,10
12.9093399048,80.2286071777,40610,40620,10
12.9105195999,80.2287979126,40620,40630,10
12.9117002487,80.2289581299,40630,40640,10
12.912899971,80.2291412354,40640,40650,10
12.9137802124,80.2292327881,40650,40660,10
12.9139204025,80.2292404175,40660,40671,11
12.9140396118,80.2292480469,40671,40681,10
12.9145498276,80.2293167114,40681,40691,10
12.9153203964,80.2294082642,40691,40701,10
12.9163703918,80.2296066284,40701,40711,10
12.9175195694,80.2297973633,40711,40721,10
12.9186201096,80.2299423218,40721,40731,10
12.9191799164,80.2299575806,40731,40741,10
12.9192800522,80.2299804688,40741,40751,10
12.9197597504,80.2300262451,40751,40760,9
12.9205102921,80.230140686,40760,40771,11
12.9216604233,80.2303085327,40771,40781,10
12.9227800369,80.2304916382,40781,40792,11
12.9240703583,80.2306594849,40792,40802,10
12.9252500534,80.2307891846,40802,40812,10
12.9262695313,80.2309265137,40812,40822,10
12.9263401031,80.2309417725,40822,40832,10
12.9264802933,80.2309417725,40832,40842,10
12.9270095825,80.231010437,40842,40852,10
12.9278097153,80.2311325073,40852,40862,10
12.9285697937,80.2311935425,40862,40872,10
12.9288196564,80.2312393188,40872,40882,10
12.9293403625,80.2313537598,40882,40892,10
12.9301300049,80.2315368652,40892,40902,10
12.9310998917,80.2318191528,40902,40913,11
12.93227005,80.2322006226,40913,40923,10
12.9335899353,80.2326965332,40923,40943,20
12.9335899353,80.2326965332,40943,40953,10
12.9352197647,80.2334671021,40953,40973,20
12.9352197647,80.2334671021,40973,40983,10
12.9357995987,80.233757019,40983,40993,10
12.9361696243,80.2339172363,40993,41003,10
12.9368801117,80.2342300415,41003,41013,10
12.9378204346,80.2346801758,41013,41024,11
12.9389801025,80.2352676392,41024,41034,10
12.9397296906,80.2356414795,41034,41054,20
12.9397296906,80.2356414795,41054,41064,10
12.9399404526,80.2357330322,41064,41074,10
12.9405498505,80.2359237671,41074,41084,10
12.9413499832,80.2361373901,41084,41094,10
12.9432897568,80.2369537354,41094,41104,10
12.9432897568,80.2369537354,41104,41114,10
12.9437799454,80.237411499,41114,41123,9
12.9438800812,80.2375183105,41123,41134,11
12.9442300797,80.2379608154,41134,41145,11
12.9449195862,80.2387084961,41145,41155,10
12.9458198547,80.2393722534,41155,41165,10
12.9472904205,80.239982605,41165,41185,20
12.9472904205,80.239982605,41185,41195,10
12.9475498199,80.2400970459,41195,41205,10
12.9480800629,80.2403182983,41205,41215,10
12.9486703873,80.2405471802,41215,41225,10
12.9490995407,80.2407073975,41225,41235,10
12.9498596191,80.2409591675,41235,41245,10
12.9508199692,80.2412414551,41245,41256,11
12.9511203766,80.2413482666,41256,41266,10
12.951259613,80.2414321899,41266,41276,10
12.9515600204,80.2415390015,41276,41286,10
12.9525003433,80.2419281006,41286,41296,10
12.9525003433,80.2419281006,41296,41306,10
12.95333004,80.2422485352,41306,41314,8
12.9538803101,80.2424468994,41314,41326,12
12.9547195435,80.2427825928,41326,41336,10
12.955329895,80.2429962158,41336,41346,10
12.9563302994,80.2433319092,41346,41366,20
12.9563302994,80.2433319092,41366,41375,9
12.956410408,80.2433624268,41375,41387,12
12.9566802979,80.2434310913,41387,41397,10
12.957280159,80.2437362671,41397,41407,10
12.9581298828,80.2441329956,41407,41417,10
12.9589195251,80.2444763184,41417,41427,10
12.9589395523,80.2444992065,41427,41437,10
12.9592399597,80.2446670532,41437,41447,10
12.9596099854,80.2448425293,41447,41457,10
12.9603204727,80.2451629639,41457,41467,10
12.961230278,80.2455825806,41467,41477,10
12.9621696472,80.2460479736,41477,41487,10
12.9629201889,80.2464065552,41487,41498,11
12.9636802673,80.2467575073,41498,41508,10
12.9645299911,80.2470779419,41508,41518,10
12.965470314,80.2473907471,41518,41528,10
12.9662599564,80.2476806641,41528,41538,10
12.9666996002,80.2478790283,41538,41558,20
12.9666996002,80.2478790283,41558,41568,10
12.9669799805,80.248046875,41568,41578,10
12.9675502777,80.2482681274,41578,41588,10
12.9684495926,80.248626709,41588,41598,10
12.969499588,80.2490310669,41598,41608,10
12.9706296921,80.2494888306,41608,41618,10
12.971830368,80.2498474121,41618,41629,11
12.973110199,80.2501907349,41629,41639,10
12.9741001129,80.2504577637,41639,41649,10
12.9744195938,80.250541687,41649,41659,10
12.9746999741,80.2506408691,41659,41669,10
12.9753398895,80.250831604,41669,41679,10
12.9762496948,80.2510681152,41679,41689,10
12.9773397446,80.2514801025,41689,41699,10
12.9782600403,80.2522277832,41699,41709,10
12.9792995453,80.2525863647,41709,41719,10
12.9799003601,80.2524032593,41719,41729,10
12.9799203873,80.2523269653,41729,41740,11
12.9799699783,80.2520217896,41740,41750,10
12.9801597595,80.2514190674,41750,41760,10
12.9804000854,80.2505722046,41760,41770,10
12.9806404114,80.2495269775,41770,41779,9
12.9807300568,80.2484588623,41779,41790,11
12.9808502197,80.2472305298,41790,41800,10
12.9809703827,80.2460403442,41800,41810,10
12.9811000824,80.2448577881,41810,41820,10
12.9811897278,80.2438964844,41820,41830,10
12.9812803268,80.2436523438,41830,41840,10
12.9813499451,80.2427597046,41840,41860,20
12.9813499451,80.2427597046,41860,41871,11
12.9813604355,80.2423782349,41871,41881,10
12.9813499451,80.241569519,41881,41891,10
12.9813499451,80.2406005859,41891,41901,10
12.9813404083,80.2396621704,41901,41911,10
12.9813203812,80.238861084,41911,41921,10
12.9812898636,80.2380523682,41921,41931,10
12.9812803268,80.2378616333,41931,41941,10
12.9812898636,80.2377166748,41941,41951,10
12.9812602997,80.2372207642,41951,41960,9
12.9812498093,80.2364883423,41960,41971,11
12.9812202454,80.2354278564,41971,41982,11
12.9812297821,80.2343826294,41982,41992,10
12.981590271,80.2334136963,41992,42022,30
12.981590271,80.2334136963,42022,42032,10
12.9817199707,80.2332000732,42032,42042,10
12.9819002151,80.2327423096,42042,42052,10
12.9820098877,80.2322235107,42052,42062,10
12.9819698334,80.2316894531,42062,42072,10
12.9818296432,80.2310180664,42072,42082,10
12.9815196991,80.2304382324,42082,42093,11
12.981010437,80.2296218872,42093,42103,10
12.9806203842,80.2289962769,42103,42123,20
12.9806203842,80.2289962769,42123,42133,10
12.9804897308,80.2287521362,42133,42143,10
12.9802703857,80.2283172607,42143,42153,10
12.9799604416,80.2277984619,42153,42163,10
12.9795999527,80.2271881104,42163,42173,10
12.9792699814,80.226600647,42173,42183,10
12.978890419,80.225982666,42183,42193,10
12.9785900116,80.2254714966,42193,42203,10
12.9784202576,80.2251968384,42203,42213,10
12.9783296585,80.2250823975,42213,42223,10
12.9781904221,80.2248916626,42223,42234,11
12.9779901505,80.2245864868,42234,42244,10
12.9777898788,80.2243118286,42244,42254,10
12.9777202606,80.2242279053,42254,42264,10
12.9775104523,80.2238464355,42264,42274,10
12.9771699905,80.2232131958,42274,42284,10
12.9769697189,80.2228317261,42284,42294,10
12.9772195816,80.2227096558,42294,42304,10
12.9772596359,80.2227020264,42304,42314,10
12.9774303436,80.2226715088,42314,42324,10
12.9775295258,80.222442627,42324,42335,11
12.977519989,80.2218170166,42335,42345,10
12.9775104523,80.2213287354,42345,42355,10
12.9777402878,80.2212371826,42355,42365,10
12.9781799316,80.2211608887,42365,42375,10
12.9786596298,80.2210769653,42375,42385,10
12.9793796539,80.2210617065,42385,42395,10
12.9802398682,80.2210235596,42395,42405,10
12.9809703827,80.2209777832,42405,42415,10
12.9812803268,80.2211227417,42415,42425,10
12.9816503525,80.2213134766,42425,42435,10
12.9820604324,80.221496582,42435,42444,9
12.9822397232,80.2216491699,42444,42465,21
12.9822397232,80.2216491699,42465,42476,11
12.9825401306,80.2217712402,42476,42486,10
12.9829101563,80.2218933105,42486,42506,20
12.9829101563,80.2218933105,42506,42516,10
12.9832201004,80.2220687866,42516,42526,10
12.9835100174,80.2222366333,42526,42536,10
12.9841003418,80.2226028442,42536,42546,10
12.984629631,80.2229309082,42546,42556,10
12.9852399826,80.2231903076,42556,42566,10
12.9856500626,80.2229766846,42566,42577,11
12.9863300323,80.2229385376,42577,42587,10
12.9864702225,80.2229385376,42587,42597,10
12.9867696762,80.2229537964,42597,42607,10
12.9872598648,80.2230682373,42607,42617,10
12.9879102707,80.2229232788,42617,42627,10
12.9885101318,80.2224121094,42627,42637,10
12.9890003204,80.2218093872,42637,42647,10
12.9895601273,80.2211074829,42647,42657,10
12.9901895523,80.2204208374,42657,42667,10
12.9904003143,80.2202682495,42667,42677,10
12.9905595779,80.220199585,42677,42687,10
12.9909801483,80.2198410034,42687,42697,10
12.9915895462,80.2194137573,42697,42708,11
12.9923601151,80.2188720703,42708,42718,10
12.992939949,80.2184295654,42718,42728,10
12.9936199188,80.217956543,42728,42738,10
12.9940700531,80.2176818848,42738,42748,10
12.9946098328,80.2172775269,42748,42758,10
12.9947500229,80.2171783447,42758,42768,10
12.9949998856,80.2170181274,42768,42778,10
12.9954795837,80.216758728,42778,42788,10
12.9960899353,80.2165374756,42788,42798,10
12.9968395233,80.2164382935,42798,42808,10
12.9970397949,80.2164077759,42808,42819,11
12.9973897934,80.2161407471,42819,42829,10
12.9974899292,80.2160415649,42829,42839,10
12.9976902008,80.2158813477,42839,42849,10
12.9981298447,80.2155075073,42849,42859,10
12.998749733,80.2149734497,42859,42869,10
12.9991598129,80.2146377563,42869,42879,10
12.9996099472,80.2142715454,42879,42889,10
13.0000896454,80.2138519287,42889,42899,10
13.0006103516,80.2133789063,42899,42909,10
13.0008602142,80.2131881714,42909,42919,10
13.0013103485,80.2128601074,42919,42929,10
13.0018501282,80.2124328613,42929,42940,11
13.0025596619,80.2121124268,42940,42950,10
13.0031604767,80.2120666504,42950,42960,10
13.0036096573,80.2119598389,42960,42970,10
13.0036201477,80.2116928101,42970,42980,10
13.0036296844,80.2110671997,42980,42990,10
13.0035600662,80.2103424072,42990,43000,10
13.003490448,80.2097473145,43000,43010,10
13.0035800934,80.2091903687,43010,43020,10
13.003780365,80.2086715698,43020,43030,10
13.0044698715,80.2088470459,43030,43040,10
13.005279541,80.209197998,43040,43050,10
13.0059404373,80.2094421387,43050,43061,11
13.0066204071,80.2096710205,43061,43071,10
13.0067596436,80.2097015381,43071,43081,10
13.0067901611,80.2096862793,43081,43091,10
13.0071601868,80.2098083496,43091,43101,10
13.0078601837,80.2099227905,43101,43111,10
13.0081195831,80.2096862793,43111,43121,10
13.0079698563,80.2089233398,43121,43131,10
13.0078201294,80.2078781128,43131,43141,10
13.0076599121,80.2068481445,43141,43151,10
13.0075502396,80.205909729,43151,43160,9
13.0075101852,80.2050170898,43160,43171,11
13.0074996948,80.2040786743,43171,43181,10
13.0073699951,80.2033233643,43181,43192,11
13.0069503784,80.2025299072,43192,43202,10
13.0064897537,80.2030029297,43202,43212,10
13.0069303513,80.2034835815,43212,43222,10
13.0077104568,80.2037200928,43222,43232,10
13.008769989,80.2037124634,43232,43242,10
13.0101003647,80.2036437988,43242,43252,10
13.0115203857,80.2037200928,43252,43262,10
13.012840271,80.2039413452,43262,43272,10
13.0135402679,80.2041625977,43272,43281,9
13.0136003494,80.204208374,43281,43292,11
13.0136699677,80.2042694092,43292,43303,11
13.0136203766,80.204498291,43303,43323,20
13.0136203766,80.204498291,43323,43333,10
13.0136003494,80.2046127319,43333,43343,10
13.0135002136,80.2049789429,43343,43363,20
13.0135002136,80.2049789429,43363,43373,10
13.0134000778,80.2052612305,43373,43383,10
13.0132398605,80.2057418823,43383,43393,10
13.0130996704,80.2063598633,43393,43403,10
13.0129995346,80.2070999146,43403,43414,11
13.0129203796,80.2076797485,43414,43424,10
13.0129003525,80.2078781128,43424,43434,10
13.0127897263,80.2082672119,43434,43444,10
13.0128602982,80.2087783813,43444,43454,10
13.0130195618,80.2094726563,43454,43464,10
13.0130596161,80.2101593018,43464,43474,10
13.0127801895,80.2111434937,43474,43484,10
13.0122499466,80.2120819092,43484,43494,10
13.0119104385,80.2126693726,43494,43504,10
13.0115499496,80.2126312256,43504,43514,10
13.0109300613,80.2122116089,43514,43524,10
13.009759903,80.2113265991,43524,43605,81
13.009759903,80.2113265991,43605,43615,10
13.0094604492,80.211151123,43615,44301,686
13.0094604492,80.211151123,44301,44311,10
13.0092897415,80.2110900879,44311,44321,10
13.0091495514,80.2112884521,44321,44331,10
13.0090103149,80.2114868164,44331,44341,10
13.0090703964,80.2118682861,44341,44351,10
13.0092697144,80.2124633789,44351,44361,10
13.0095396042,80.2131118774,44361,44371,10
13.0097799301,80.2137985229,44371,44382,11
13.0100898743,80.21459198,44382,44392,10
13.0102100372,80.2154312134,44392,44402,10
13.0105199814,80.2163162231,44402,44412,10
13.0109901428,80.217300415,44412,44422,10
13.0113801956,80.2183227539,44422,44432,10
13.0117197037,80.219367981,44432,44442,10
13.012049675,80.2203826904,44442,44452,10
13.0123796463,80.2212371826,44452,44462,10
13.0128602982,80.2219085693,44462,44472,10
13.0133495331,80.2224884033,44472,44482,10
13.0137796402,80.2230529785,44482,44491,9
13.0140800476,80.2235336304,44491,44503,12
13.014670372,80.2242736816,44503,44513,10
13.0153198242,80.2249832153,44513,44523,10
13.0154695511,80.2255935669,44523,44533,10
13.015080452,80.2258987427,44533,44543,10
13.0144300461,80.2261886597,44543,44553,10
13.0135202408,80.2265396118,44553,44563,10
13.0125799179,80.2269363403,44563,44573,10
13.0117101669,80.2272567749,44573,44583,10
13.0107498169,80.2276229858,44583,44593,10
13.0099096298,80.2279205322,44593,44603,10
13.0095396042,80.2275390625,44603,44613,10
13.0097799301,80.2269287109,44613,44624,11
13.0101804733,80.2259979248,44624,44634,10
13.0105695724,80.2250671387,44634,44644,10
13.0108804703,80.224319458,44644,44654,10
13.0110197067,80.2240066528,44654,44664,10
13.011179924,80.2234802246,44664,44674,10
13.0108995438,80.2231216431,44674,44684,10
13.0101995468,80.2227172852,44684,44694,10
13.0093698502,80.2222518921,44694,44704,10
13.0085000992,80.2217407227,44704,44714,10
13.0075798035,80.2212600708,44714,44724,10
13.0067596436,80.2209014893,44724,44733,9
13.0061502457,80.2206573486,44733,44745,12
13.0051002502,80.2203979492,44745,44755,10
13.0047197342,80.2203292847,44755,44764,9
13.0045795441,80.2202606201,44764,44775,11
13.0040597916,80.220161438,44775,44785,10
13.0039596558,80.220123291,44785,44795,10
13.0036096573,80.2200469971,44795,44805,10
13.002869606,80.2198028564,44805,44815,10
13.0021600723,80.2191696167,44815,44825,10
13.0015802383,80.2185821533,44825,44835,10
13.0008897781,80.218132019,44835,44845,10
13.000120163,80.2176132202,44845,44855,10
12.9993896484,80.2172088623,44855,44866,11
12.9983501434,80.2167129517,44866,44876,10
12.9973897934,80.2165374756,44876,44896,20
12.9973897934,80.2165374756,44896,44906,10
12.997179985,80.2165298462,44906,44917,11
12.9966402054,80.2165603638,44917,44927,10
12.9960603714,80.2166671753,44927,44937,10
12.9953403473,80.2169113159,44937,44947,10
12.9948596954,80.2172393799,44947,44957,10
12.9942703247,80.2176437378,44957,44967,10
12.9937601089,80.2179489136,44967,44977,10
12.9930896759,80.2183990479,44977,44988,11
12.9923200607,80.21900177,44988,44998,10
12.9916000366,80.2195205688,44998,45008,10
12.9907598495,80.2201538086,45008,45028,20
12.9907598495,80.2201538086,45028,45038,10
12.9906101227,80.2203216553,45038,45048,10
12.9901800156,80.2206802368,45048,45058,10
12.989569664,80.2212982178,45058,45068,10
12.9891004562,80.2218933105,45068,45078,10
12.9884595871,80.2225112915,45078,45087,9
12.9878797531,80.2229919434,45087,45098,11
12.9876203537,80.2230606079,45098,45109,11
12.9875202179,80.2230834961,45109,45119,10
12.9871397018,80.2230529785,45119,45129,10
12.9868898392,80.2230224609,45129,45139,10
12.9865503311,80.2229690552,45139,45149,10
12.9862499237,80.2229919434,45149,45159,10
12.9856796265,80.2231063843,45159,45169,10
12.9853096008,80.2232589722,45169,45179,10
12.9846401215,80.2230377197,45179,45260,81
12.9846401215,80.2230377197,45260,45270,10
12.9844102859,80.2228927612,45270,45280,10
12.9839801788,80.2226715088,45280,45290,10
12.9832296371,80.2221908569,45290,45310,20
12.9832296371,80.2221908569,45310,45320,10
12.9828796387,80.2220077515,45320,45329,9
12.9824495316,80.221862793,45329,45340,11
12.9821195602,80.2217483521,45340,45351,11
12.9815196991,80.2213287354,45351,45361,10
12.9807100296,80.2210922241,45361,45371,10
12.979809761,80.2211074829,45371,45381,10
12.9790401459,80.2211380005,45381,45391,10
12.9784803391,80.2211532593,45391,45401,10
12.9776601791,80.2211380005,45401,45411,10
12.9767904282,80.2211608887,45411,45421,10
12.9761800766,80.2211990356,45421,45431,10
12.9761800766,80.2215423584,45431,45450,19
12.9761800766,80.2215423584,45450,45461,11
12.9761800766,80.2216491699,45461,45472,11
12.9764604568,80.2220535278,45472,45482,10
12.9767904282,80.2226409912,45482,45492,10
12.977230072,80.2233276367,45492,45502,10
12.9777498245,80.2241363525,45502,45512,10
12.9782896042,80.2250137329,45512,45522,10
12.9785499573,80.2254180908,45522,45532,10
12.9786701202,80.2256317139,45532,45542,10
12.978969574,80.2261199951,45542,45552,10
12.9793996811,80.2268295288,45552,45562,10
12.9799003601,80.2276382446,45562,45572,10
12.9803495407,80.2284088135,45572,45583,11
12.9807395935,80.229133606,45583,45593,10
12.9809703827,80.2295837402,45593,45603,10
12.981470108,80.2302398682,45603,45613,10
12.9816598892,80.2305221558,45613,45623,10
12.9817800522,80.2307662964,45623,45633,10
12.9819898605,80.2313613892,45633,45643,10
12.9820404053,80.2321014404,45643,45653,10
12.9819202423,80.2327575684,45653,45663,10
12.9816303253,80.2333984375,45663,45673,10
12.9815702438,80.2335662842,45673,45683,10
12.9814195633,80.23387146,45683,45692,9
12.9812002182,80.2344589233,45692,45704,12
12.9812202454,80.2356033325,45704,45714,10
12.9812498093,80.2365264893,45714,45724,10
12.9812698364,80.237449646,45724,45734,10
12.981300354,80.2384262085,45734,45744,10
12.9813098907,80.2387237549,45744,45754,10
12.9812698364,80.2389984131,45754,45764,10
12.9812698364,80.2396316528,45764,45774,10
12.981300354,80.2404403687,45774,45784,10
12.981300354,80.2413024902,45784,45794,10
12.9813299179,80.2422103882,45794,45804,10
12.9813404083,80.2427215576,45804,45814,10
12.9813299179,80.2427825928,45814,45825,11
12.9813203812,80.2429733276,45825,45835,10
12.9813098907,80.243522644,45835,45845,10
12.9812202454,80.2443237305,45845,45855,10
12.9811096191,80.2453308105,45855,45865,10
12.9809999466,80.2464370728,45865,45875,10
12.9809103012,80.2475814819,45875,45885,10
12.9808101654,80.2487335205,45885,45895,10
12.9806604385,80.2498779297,45895,45905,10
12.980389595,80.2509994507,45905,45915,10
12.9801197052,80.2520599365,45915,45925,10
12.9799995422,80.2526016235,45925,45966,41
12.9799995422,80.2526016235,45966,45976,10
12.9799900055,80.2526931763,45976,45986,10
12.9798202515,80.2527999878,45986,45996,10
12.9793796539,80.2527389526,45996,46006,10
12.9787998199,80.2526779175,46006,46016,10
12.9786300659,80.2526092529,46016,46026,10
12.9785299301,80.2525634766,46026,46036,10
12.9781198502,80.2522583008,46036,46046,10
12.9775104523,80.251701355,46046,46055,9
12.9766998291,80.2513198853,46055,46067,12
12.9754695892,80.2509613037,46067,46077,10
12.9743995667,80.2506408691,46077,46087,10
12.9732999802,80.2503509521,46087,46097,10
12.9725399017,80.2501602173,46097,46107,10
12.9724302292,80.2501373291,46107,46117,10
12.9719896317,80.25,46117,46127,10
12.9712600708,80.2498016357,46127,46137,10
12.970290184,80.24949646,46137,46147,10
12.9692201614,80.2490921021,46147,46157,10
12.9681301117,80.2486724854,46157,46167,10
12.9670696259,80.2482223511,46167,46177,10
12.9662303925,80.2478103638,46177,46188,11
12.9653301239,80.247467041,46188,46198,10
12.9652204514,80.2474365234,46198,46208,10
12.9651403427,80.2474594116,46208,46218,10
12.9647397995,80.2473220825,46218,46228,10
12.9640703201,80.2470474243,46228,46238,10
12.9637002945,80.2468566895,46238,46248,10
12.9633703232,80.2467269897,46248,46258,10
12.9626502991,80.2463912964,46258,46268,10
12.9617204666,80.2459182739,46268,46278,10
12.9607000351,80.2454223633,46278,46288,10
12.9597196579,80.2449874878,46288,46298,10
12.9593400955,80.2448425293,46298,46309,11
12.959280014,80.2447967529,46309,46319,10
12.9588699341,80.2445907593,46319,46329,10
12.9581604004,80.2442932129,46329,46339,10
12.9575300217,80.2440490723,46339,46349,10
12.9569101334,80.2438812256,46349,46359,10
12.9564399719,80.2437286377,46359,46389,30
12.9564399719,80.2437286377,46389,46399,10
12.9562597275,80.2436981201,46399,46409,10
12.9558000565,80.2434310913,46409,46419,10
12.9551000595,80.2430801392,46419,46430,11
12.9544897079,80.2427978516,46430,46440,10
12.9537401199,80.242477417,46440,46450,10
12.9528303146,80.2420806885,46450,46460,10
12.9518604279,80.2417602539,46460,46470,10
12.9516201019,80.2416763306,46470,46480,10
12.9514198303,80.241607666,46480,46490,10
12.9508199692,80.2413864136,46490,46500,10
12.949930191,80.2411270142,46500,46510,10
12.9490404129,80.2408599854,46510,46520,10
12.9485902786,80.2406387329,46520,46530,10
12.9478702545,80.2403488159,46530,46540,10
12.9472303391,80.2400665283,46540,46551,11
12.9471702576,80.2400512695,46551,46561,10
12.9469604492,80.2399597168,46561,46571,10
12.9463996887,80.2397384644,46571,46581,10
12.9456195831,80.2393875122,46581,46591,10
12.9448404312,80.2387619019,46591,46601,10
12.9440603256,80.2379379272,46601,46611,10
12.9434700012,80.2373580933,46611,46621,10
12.9433803558,80.2372283936,46621,46631,10
12.9429397583,80.2368469238,46631,46641,10
12.9421901703,80.2364807129,46641,46651,10
12.9411802292,80.2362136841,46651,46661,10
12.9395198822,80.2356872559,46661,46692,31
12.9395198822,80.2356872559,46692,46702,10
12.9395303726,80.2356262207,46702,46712,10
12.9391298294,80.2354736328,46712,46722,10
12.9384403229,80.2351226807,46722,46732,10
12.9375200272,80.2346878052,46732,46742,10
12.9365196228,80.2342071533,46742,46752,10
12.9356603622,80.2337875366,46752,46762,10
12.9348802567,80.2334518433,46762,46772,10
12.9340400696,80.2330932617,46772,46781,9
12.9338798523,80.2329864502,46781,46793,12
12.9338302612,80.232963562,46793,46803,10
12.9334602356,80.2327880859,46803,46813,10
12.9328203201,80.2324981689,46813,46823,10
12.9319200516,80.2322006226,46823,46833,10
12.9308300018,80.2318572998,46833,46843,10
12.9298200607,80.231552124,46843,46853,10
12.9290399551,80.2313919067,46853,46863,10
12.9285097122,80.2313079834,46863,46873,10
12.9276800156,80.2312088013,46873,46883,10
12.9266300201,80.2310791016,46883,46893,10
12.9258499146,80.231010437,46893,46902,9
12.9257698059,80.2310028076,46902,46914,12
12.9252500534,80.2309188843,46914,46924,10
12.9245004654,80.2308273315,46924,46934,10
12.9235696793,80.23072052,46934,46944,10
12.9224700928,80.2305603027,46944,46954,10
12.9200897217,80.2302474976,46954,46964,10
12.9200897217,80.2302474976,46964,46974,10
12.9192304611,80.230140686,46974,46983,9
12.9191598892,80.230140686,46983,47002,19
12.918129921,80.2299804688,47002,47012,10
12.9175395966,80.2298965454,47012,47022,10
12.9169998169,80.2298202515,47022,47033,11
12.9160404205,80.2296829224,47033,47043,10
12.9149999619,80.2295074463,47043,47053,10
12.914059639,80.2293930054,47053,47063,10
12.9136295319,80.2293624878,47063,47073,10
12.9135904312,80.2293624878,47073,47083,10
12.9135103226,80.2293395996,47083,47093,10
12.9133901596,80.2293319702,47093,47103,10
12.912899971,80.2292327881,47103,47113,10
12.9120998383,80.2291107178,47113,47123,10
12.9110603333,80.2289810181,47123,47133,10
12.9099302292,80.2288131714,47133,47143,10
12.9087600708,80.2286224365,47143,47154,11
12.9070796967,80.2283782959,47154,47194,40
12.9070796967,80.2283782959,47194,47204,10
12.9068899155,80.2283096313,47204,47214,10
12.9065504074,80.2282867432,47214,47224,10
12.9064502716,80.2282562256,47224,47234,10
12.9060096741,80.228187561,47234,47244,10
12.9052600861,80.2281570435,47244,47254,10
12.9043598175,80.2281188965,47254,47263,9
12.9035902023,80.2280883789,47263,47275,12
12.9024000168,80.2280426025,47275,47285,10
12.901550293,80.2280197144,47285,47305,20
12.901550293,80.2280197144,47305,47315,10
12.9013996124,80.2279891968,47315,47325,10
12.9009199142,80.2279586792,47325,47335,10
12.9002199173,80.227897644,47335,47345,10
12.8994998932,80.2278671265,47345,47375,30
12.8994998932,80.2278671265,47375,47384,9
12.8992595673,80.2278823853,47384,47396,12
12.898639679,80.2278213501,47396,47406,10
12.8978300095,80.2277832031,47406,47416,10
12.8968296051,80.2277297974,47416,47426,10
12.8957300186,80.2276916504,47426,47436,10
12.8945999146,80.2276382446,47436,47446,10
12.8931903839,80.2275238037,47446,47466,20
12.8931903839,80.2275238037,47466,47476,10
12.8928203583,80.2274703979,47476,47486,10
12.8921203613,80.2273864746,47486,47496,10
12.8911800385,80.2273712158,47496,47505,9
12.8901596069,80.2273712158,47505,47517,12
12.888879776,80.2273712158,47517,47527,10
12.8883800507,80.2273712158,47527,47537,10
12.8883304596,80.2273712158,47537,47547,10
12.8878898621,80.2273101807,47547,47557,10
12.887140274,80.2272109985,47557,47567,10
12.8861503601,80.2269973755,47567,47577,10
12.885140419,80.2267837524,47577,47587,10
12.8847904205,80.2267608643,47587,47597,10
12.8846998215,80.2267532349,47597,47607,10
12.884180069,80.2267379761,47607,47617,10
12.8833398819,80.2267303467,47617,47626,9
12.8823604584,80.2267379761,47626,47638,12
12.8809499741,80.2267608643,47638,47648,10
12.8797397614,80.2267608643,47648,47658,10
12.8785104752,80.2268218994,47658,47668,10
12.8774204254,80.226890564,47668,47678,10
12.8767595291,80.2269287109,47678,47688,10
12.8764295578,80.226852417,47688,47698,10
12.8764095306,80.2264480591,47698,47718,20
12.8764095306,80.2264480591,47718,47728,10
12.876449585,80.2261962891,47728,47738,10
12.8765201569,80.2255783081,47738,47748,10
12.8766098022,80.2246704102,47748,47759,11
12.8768196106,80.2234802246,47759,47769,10
12.8770999908,80.2222900391,47769,47779,10
12.8773803711,80.2210769653,47779,47789,10
12.8776702881,80.2198791504,47789,47799,10
12.8779296875,80.2187728882,47799,47809,10
12.8781499863,80.2176971436,47809,47819,10
12.878370285,80.2165603638,47819,47829,10
12.8786001205,80.215461731,47829,47839,10
12.8788404465,80.2142791748,47839,47849,10
12.879070282,80.2130737305,47849,47859,10
12.8793001175,80.2118835449,47859,47869,10
12.8793497086,80.2110366821,47869,47880,11
12.8789396286,80.2109375,47880,47890,10
12.8789300919,80.2109375,47890,47900,10
12.878780365,80.210899353,47900,47910,10
12.878279686,80.2108078003,47910,47920,10
12.877579689,80.2106933594,47920,47930,10
12.876830101,80.2105331421,47930,47940,10
12.8759498596,80.210357666,47940,47950,10
12.8750495911,80.2102127075,47950,47960,10
12.8743696213,80.210067749,47960,47990,30
12.8743696213,80.210067749,47990,48001,11
12.8743801117,80.2097396851,48001,48011,10
12.8746795654,80.2095794678,48011,48021,10
12.8746595383,80.209777832,48021,49765,1744
12.8746595383,80.209777832,49765,49775,10
12.8745698929,80.2101669312,49775,49785,10
12.8745603561,80.2102432251,49785,49795,10
12.8745098114,80.2099609375,49795,49805,10
12.8745098114,80.2098083496,49805,49815,10
12.874710083,80.2098007202,49815,49825,10
12.8746099472,80.2099761963,49825,49836,11
12.8746404648,80.2101669312,49836,49846,10
12.8747797012,80.2101593018,49846,49856,10
12.8748598099,80.2101364136,49856,49866,10
12.8749704361,80.2101516724,49866,49876,10
12.8756103516,80.210319519,49876,49886,10
12.8761196136,80.2104110718,49886,49896,10
12.8767795563,80.2105178833,49896,49906,10
12.8774499893,80.210647583,49906,49916,10
12.8781299591,80.2107772827,49916,49926,10
12.8787403107,80.2108917236,49926,49936,10
12.8792800903,80.2110214233,49936,49957,21
12.8792800903,80.2110214233,49957,49967,10
12.8794498444,80.2111434937,49967,49977,10
12.8794202805,80.2115936279,49977,49986,9
12.8792896271,80.2122268677,49986,49997,11
12.879119873,80.2131271362,49997,50007,10
12.878950119,80.2140579224,50007,50017,10
12.8787603378,80.2150421143,50017,50027,10
12.8785495758,80.2160415649,50027,50037,10
12.8783597946,80.2169570923,50037,50047,10
12.8781700134,80.2179107666,50047,50057,10
12.8779602051,80.2189102173,50057,50067,10
12.8777198792,80.2199630737,50067,50078,11
12.8774299622,80.2211532593,50078,50088,10
12.8771696091,80.2222900391,50088,50098,10
12.8769102097,80.2234191895,50098,50108,10
12.8767004013,80.2245635986,50108,50118,10
12.8765697479,80.2257003784,50118,50128,10
12.8764600754,80.2268676758,50128,50148,20
12.8764600754,80.2268676758,50148,50158,10
12.8765201569,80.2268981934,50158,50168,10
12.8767404556,80.2268600464,50168,50178,10
12.8772201538,80.2268218994,50178,50188,10
12.8780202866,80.2267379761,50188,50199,11
12.8790903091,80.2266693115,50199,50209,10
12.8801403046,80.2266387939,50209,50219,10
12.8812198639,80.2266311646,50219,50229,10
12.8823099136,80.2266235352,50229,50239,10
12.8833904266,80.2266082764,50239,50249,10
12.8844604492,80.2266082764,50249,50259,10
12.8851995468,80.2266235352,50259,50269,10
12.8852701187,80.2266387939,50269,50279,10
12.8856697083,80.2267303467,50279,50289,10
12.8863601685,80.2269210815,50289,50299,10
12.887260437,80.2271270752,50299,50310,11
12.8883199692,80.2272491455,50310,50320,10
12.8885402679,80.2272720337,50320,50330,10
12.888879776,80.2272796631,50330,50340,10
12.8895597458,80.2272796631,50340,50350,10
12.8905096054,80.2272872925,50350,50360,10
12.8915700912,80.2273330688,50360,50370,10
12.8926000595,80.2273712158,50370,50380,10
12.8936595917,80.2274932861,50380,50390,10
12.8943395615,80.2275314331,50390,50400,10
12.8944301605,80.2275390625,50400,50410,10
12.894949913,80.2275924683,50410,50420,10
12.8957901001,80.2276077271,50420,50430,10
12.8968601227,80.2276535034,50430,50441,11
12.8981199265,80.2277297974,50441,50451,10
12.8992595673,80.2278137207,50451,50461,10
12.9002799988,80.2278594971,50461,50471,10
12.9010000229,80.227897644,50471,50481,10
12.9015302658,80.2279281616,50481,50491,10
12.9024400711,80.2279434204,50491,50521,30
12.9024400711,80.2279434204,50521,50531,10
12.9025602341,80.2279586792,50531,50541,10
12.9029998779,80.2279815674,50541,50551,10
12.9037103653,80.2280426025,50551,50562,11
12.9047002792,80.2280807495,50562,50572,10
12.9056196213,80.2281265259,50572,50582,10
12.9060697556,80.2282028198,50582,50592,10
12.9064798355,80.2282333374,50592,50602,10
12.9067401886,80.2282409668,50602,50612,10
12.9070501328,80.2282562256,50612,50622,10
12.9070701599,80.2282562256,50622,50632,10
12.9073696136,80.2282714844,50632,50642,10
12.9080400467,80.2283630371,50642,50652,10
12.9089298248,80.2285232544,50652,50662,10
12.910030365,80.2287063599,50662,50671,9
12.91106987,80.2288589478,50671,50683,12
12.9124603271,80.2291030884,50683,50693,10
12.9138402939,80.2292861938,50693,50713,20
12.9138402939,80.2292861938,50713,50723,10
12.9140796661,80.2293014526,50723,50733,10
12.9146299362,80.229347229,50733,50743,10
12.9153995514,80.2294616699,50743,50753,10
12.9163599014,80.229598999,50753,50763,10
12.9174203873,80.2297515869,50763,50773,10
12.9184999466,80.2298965454,50773,50783,10
12.9192304611,80.2299575806,50783,50794,11
12.9194202423,80.2299804688,50794,50804,10
12.9195299149,80.2300186157,50804,50814,10
12.920009613,80.2300872803,50814,50824,10
12.9207601547,80.230178833,50824,50834,10
12.9217100143,80.2302932739,50834,50844,10
12.9228096008,80.2304763794,50844,50854,10
12.9239501953,80.2306289673,50854,50864,10
12.9251203537,80.2307815552,50864,50874,10
12.9261798859,80.2309265137,50874,50884,10
12.9263296127,80.23097229,50884,50894,10
12.9264001846,80.2309799194,50894,50904,10
12.9268398285,80.2310180664,50904,50914,10
12.9275598526,80.2311019897,50914,50925,11
12.9284496307,80.2312088013,50925,50935,10
12.9288196564,80.2312393188,50935,50945,10
12.9291601181,80.2313232422,50945,50955,10
12.9298000336,80.2314682007,50955,50965,10
12.9306402206,80.2316970825,50965,50975,10
12.9316196442,80.2320175171,50975,50985,10
12.9326896667,80.2323532104,50985,50995,10
12.9334201813,80.2326126099,50995,51005,10
12.9334802628,80.2326431274,51005,51015,10
12.9335403442,80.2326812744,51015,51025,10
12.9336204529,80.2327194214,51025,51035,10
12.9338798523,80.2328720093,51035,51046,11
12.9345302582,80.2331619263,51046,51056,10
12.935259819,80.2334518433,51056,51066,10
12.9355697632,80.233581543,51066,51076,10
12.9360103607,80.2337722778,51076,51086,10
12.9365901947,80.234046936,51086,51096,10
12.9373502731,80.2344512939,51096,51106,10
12.9383096695,80.2349090576,51106,51116,10
12.9392004013,80.2353515625,51116,51126,10
12.939740181,80.2356185913,51126,51136,10
12.9397802353,80.2356414795,51136,51146,10
12.9400701523,80.2358016968,51146,51156,10
12.9406700134,80.2359771729,51156,51167,11
12.9415597916,80.2361907959,51167,51177,10
12.9425601959,80.2364730835,51177,51187,10
12.9436798096,80.2373199463,51187,51207,20
12.9436798096,80.2373199463,51207,51217,10
12.9438896179,80.2376022339,51217,51227,10
12.9443397522,80.2380981445,51227,51237,10
12.9449300766,80.2387237549,51237,51247,10
12.9457197189,80.2393188477,51247,51257,10
12.946680069,80.2397079468,51257,51266,9
12.9471998215,80.2399215698,51266,51278,12
12.9472103119,80.2399291992,51278,51288,10
12.9473896027,80.240020752,51288,51298,10
12.9479103088,80.2402267456,51298,51308,10
12.9484500885,80.2404708862,51308,51318,10
12.9489297867,80.2406387329,51318,51328,10
12.9494304657,80.2408370972,51328,51338,10
12.9500799179,80.2410583496,51338,51348,10
12.9506797791,80.2412185669,51348,51358,10
12.950920105,80.2413024902,51358,51368,10
12.9509897232,80.2413330078,51368,51378,10
12.9512901306,80.2414169312,51378,51388,10
12.9519100189,80.2416305542,51388,51399,11
12.9528102875,80.2419586182,51399,51409,10
12.953669548,80.2423171997,51409,51419,10
12.9542798996,80.2425765991,51419,51429,10
12.9548797607,80.2428207397,51429,51439,10
12.9555797577,80.2430725098,51439,51449,10
12.9562997818,80.2432785034,51449,51459,10
12.9566802979,80.2434234619,51459,51469,10
12.9573602676,80.2437362671,51469,51479,10
12.9582595825,80.2440872192,51479,51489,10
12.9589500427,80.2444000244,51489,51499,10
12.9589700699,80.2444076538,51499,51509,10
12.959280014,80.2445526123,51509,51520,11
12.9599399567,80.2448730469,51520,51530,10
12.9607601166,80.245262146,51530,51540,10
12.9617300034,80.2457199097,51540,51550,10
12.9625501633,80.2461700439,51550,51560,10
12.9630804062,80.2464981079,51560,51570,10
12.9635801315,80.2467269897,51570,51580,10
12.96434021,80.2470016479,51580,51590,10
12.9652700424,80.2473220825,51590,51600,10
12.966219902,80.2476501465,51600,51610,10
12.9665699005,80.2478027344,51610,51620,10
12.9668703079,80.2479629517,51620,51630,10
12.9668798447,80.2479629517,51630,51641,11
12.9671201706,80.2481002808,51641,51651,10
12.9677200317,80.248336792,51651,51661,10
12.9685096741,80.2486114502,51661,51671,10
12.9695997238,80.2490768433,51671,51681,10
12.9707098007,80.24949646,51681,51691,10
12.9718799591,80.2498397827,51691,51701,10
12.9730195999,80.2501602173,51701,51711,10
12.9741096497,80.2504425049,51711,51721,10
12.9744195938,80.2505187988,51721,51731,10
12.9746103287,80.2506027222,51731,51741,10
12.9751701355,80.2507629395,51741,51751,10
12.975979805,80.2509994507,51751,51762,11
12.9771003723,80.2513427734,51762,51772,10
12.9779996872,80.251991272,51772,51782,10
12.9788599014,80.2524871826,51782,51792,10
12.9795703888,80.2525482178,51792,51802,10
12.9799203873,80.2523269653,51802,51812,10
12.979929924,80.2522964478,51812,51822,10
12.9799604416,80.2521896362,51822,51832,10
12.9800395966,80.2518234253,51832,51842,10
12.980219841,80.2512435913,51842,51852,10
12.9804601669,80.2503585815,51852,51862,10
12.9806699753,80.2492904663,51862,51872,10
12.9807596207,80.2481384277,51872,51883,11
12.9808702469,80.2468490601,51883,51893,10
12.9809904099,80.2456436157,51893,51903,10
12.9811096191,80.2444076538,51903,51913,10
12.9812898636,80.2435684204,51913,51923,10
12.9813203812,80.2432022095,51923,51933,10
12.9813098907,80.2427978516,51933,51943,10
12.9813098907,80.2427597046,51943,51953,10
12.9813299179,80.242477417,51953,51963,10
12.9813299179,80.2419281006,51963,51973,10
12.9813299179,80.2410888672,51973,51983,10
12.9813203812,80.2400970459,51983,51993,10
12.9813098907,80.2393264771,51993,52004,11
12.9812803268,80.2384109497,52004,52014,10
12.9812602997,80.2378005981,52014,52024,10
12.9812698364,80.2376937866,52024,52034,10
12.9812498093,80.2372207642,52034,52044,10
12.9812297821,80.2364273071,52044,52054,10
12.9812002182,80.2355117798,52054,52064,10
12.981180191,80.2346191406,52064,52074,10
12.9814195633,80.2337722778,52074,52084,10
12.9816503525,80.2332687378,52084,52094,10
12.9816999435,80.2331924438,52094,52104,10
12.9818601608,80.2328414917,52104,52105,1
12.981880188,80.2327880859,52105,52125,20
12.9819803238,80.2321166992,52125,52135,10
12.9819803238,80.2316589355,52135,52145,10
12.9819202423,80.2313995361,52145,52155,10
12.9818000793,80.2309112549,52155,52165,10
12.9815397263,80.2304229736,52165,52175,10
12.9811296463,80.2297286987,52175,52185,10
12.980919838,80.2293930054,52185,52195,10
12.9806804657,80.2290267944,52195,52205,10
12.9806098938,80.2289199829,52205,52215,10
12.9804496765,80.2286224365,52215,52225,10
12.9802598953,80.2282180786,52225,52236,11
12.9798898697,80.2275772095,52236,52246,10
12.9794998169,80.2269210815,52246,52256,10
12.9790802002,80.2262420654,52256,52266,10
12.9786596298,80.2255325317,52266,52276,10
12.978269577,80.224899292,52276,52286,10
12.9780302048,80.2245483398,52286,52296,10
12.977809906,80.2242431641,52296,52306,10
12.9777603149,80.2241592407,52306,52316,10
12.9775400162,80.2237625122,52316,52326,10
12.9771699905,80.2231521606,52326,52336,10
12.9770402908,80.2227630615,52336,52346,10
12.9772796631,80.2227096558,52346,52357,11
12.977350235,80.2227020264,52357,52367,10
12.9774599075,80.2226333618,52367,52377,10
12.9774599075,80.2222518921,52377,52387,10
12.9774103165,80.221321106,52387,52407,20
12.9774103165,80.221321106,52407,52417,10
12.9777202606,80.221206665,52417,52427,10
12.9781999588,80.2211914063,52427,52437,10
12.9790201187,80.2211380005,52437,52447,10
12.9799003601,80.2210693359,52447,52457,10
12.9807596207,80.2210083008,52457,52467,10
12.9815797806,80.2211608887,52467,52478,11
12.9820604324,80.2215194702,52478,52488,10
12.9825000763,80.2217712402,52488,52498,10
12.9828901291,80.2219467163,52498,52508,10
12.9830303192,80.2219924927,52508,52518,10
12.983300209,80.2221374512,52518,52528,10
12.9834804535,80.2223129272,52528,52538,10
12.9839601517,80.2225723267,52538,52548,10
12.9844903946,80.2229232788,52548,52558,10
12.9849500656,80.2231292725,52558,52568,10
12.9852895737,80.2232437134,52568,52578,10
12.9856500626,80.2229995728,52578,52588,10
12.9862003326,80.2229385376,52588,52599,11
12.9864501953,80.2229614258,52599,52609,10
12.9867296219,80.2230529785,52609,52619,10
12.9871501923,80.2230911255,52619,52629,10
12.9877901077,80.2229614258,52629,52639,10
12.9883804321,80.2225112915,52639,52649,10
12.9888601303,80.2219696045,52649,52659,10
12.9894104004,80.2213287354,52659,52669,10
12.9900503159,80.2205963135,52669,52679,10
12.9904203415,80.2203369141,52679,52689,10
12.9905796051,80.2202301025,52689,52699,10
12.9909601212,80.2199172974,52699,52708,9
12.9915399551,80.2194671631,52708,52720,12
12.9921302795,80.2190475464,52720,52730,10
12.9927196503,80.2186126709,52730,52740,10
12.9934396744,80.2181015015,52740,52750,10
12.9940004349,80.2177124023,52750,52760,10
12.9944400787,80.2173690796,52760,52770,10
12.9946699142,80.2172164917,52770,52780,10
12.9949798584,80.217010498,52780,52790,10
12.9955396652,80.2167129517,52790,52800,10
12.9962100983,80.2165603638,52800,52810,10
12.9967498779,80.2164916992,52810,52820,10
12.9967899323,80.2164764404,52820,52830,10
12.9971704483,80.2163772583,52830,52841,11
12.9975299835,80.2160491943,52841,52851,10
12.9976596832,80.2159576416,52851,52861,10
12.9980697632,80.2155990601,52861,52871,10
12.9986000061,80.2150802612,52871,52881,10
12.9991197586,80.2146911621,52881,52891,10
12.9995002747,80.2144088745,52891,52901,10
12.9999799728,80.2139892578,52901,52911,10
13.0005302429,80.213470459,52911,52921,10
13.0010004044,80.2130279541,52921,52931,10
13.0015897751,80.212600708,52931,52941,10
13.0022001266,80.2121810913,52941,52951,10
13.002869606,80.2120666504,52951,53042,91
13.002869606,80.2120666504,53042,53052,10
13.0032100677,80.2120895386,53052,53062,10
13.0032196045,80.2120895386,53062,53072,10
13.0034704208,80.2120666504,53072,53153,81
13.0034704208,80.2120666504,53153,53163,10
13.0037097931,80.2118225098,53163,53173,10
13.0037097931,80.2117385864,53173,53183,10
13.0037097931,80.21144104,53183,53193,10
13.0036802292,80.2110137939,53193,53204,11
13.0036096573,80.2103729248,53204,53214,10
13.0035295486,80.2096405029,53214,53224,10
13.0036096573,80.2090911865,53224,53234,10
13.0038795471,80.2086029053,53234,53244,10
13.0045900345,80.2088699341,53244,53254,10
13.0054197311,80.2092285156,53254,53264,10
13.0060901642,80.2095031738,53264,53274,10
13.0066900253,80.2097015381,53274,53284,10
13.0075397491,80.2098693848,53284,53314,30
13.0075397491,80.2098693848,53314,53325,11
13.0079298019,80.2099914551,53325,53335,10
13.0081701279,80.2098312378,53335,53345,10
13.0080299377,80.2091369629,53345,53355,10
13.0078697205,80.2081069946,53355,53365,10
13.0076904297,80.2069091797,53365,53375,10
13.0075502396,80.2058105469,53375,53385,10
13.0075302124,80.2048034668,53385,53395,10
13.0074796677,80.2038726807,53395,53405,10
13.007349968,80.2032318115,53405,53415,10
13.0070495605,80.2025680542,53415,53425,10
13.0065202713,80.2029495239,53425,53435,10
13.0069904327,80.2034835815,53435,53446,11
13.0078802109,80.2037277222,53446,53456,10
13.0090198517,80.2036819458,53456,53466,10
13.0103797913,80.2036209106,53466,53476,10
13.0118303299,80.2037506104,53476,53486,10
13.013130188,80.2040176392,53486,53496,10
13.0136604309,80.2042007446,53496,53506,10
13.0136699677,80.2042007446,53506,53516,10
13.0136804581,80.2043685913,53516,53526,10
13.0136003494,80.2045898438,53526,53536,10
13.0135097504,80.2048721313,53536,53546,10
13.0132799149,80.2055587769,53546,53556,10
13.0131196976,80.2063064575,53556,53567,11
13.0130395889,80.2070617676,53567,53577,10
13.0129699707,80.2074584961,53577,53587,10
13.0129299164,80.2077407837,53587,53597,10
13.0128803253,80.2081222534,53597,53607,10
13.0128602982,80.2083969116,53607,53617,10
13.0128898621,80.2087936401,53617,53627,10
13.0130796432,80.2093734741,53627,53637,10
13.0131597519,80.2097473145,53637,53647,10
13.0130596161,80.2104415894,53647,53657,10
13.0128202438,80.2112121582,53657,53667,10
13.0125102997,80.2118301392,53667,53677,10
13.0121498108,80.2124328613,53677,53688,11
13.0119895935,80.2126464844,53688,53698,10
13.0117301941,80.2127380371,53698,53708,10
13.0112695694,80.2124176025,53708,53718,10
13.0105895996,80.2119216919,53718,53728,10
13.0099802017,80.2114334106,53728,53738,10
13.0099096298,80.2113800049,53738,53748,10
13.0095796585,80.2111587524,53748,53829,81
13.009349823,80.2109298706,53829,54242,413
13.009349823,80.2109298706,54242,54252,10
13.0092201233,80.2110366821,54252,54262,10
13.0091104507,80.2113189697,54262,54272,10
13.0090799332,80.2117767334,54272,54282,10
13.0092601776,80.2124481201,54282,54293,11
13.0095701218,80.2132034302,54293,54303,10
13.0098495483,80.2139129639,54303,54313,10
13.0101203918,80.2146530151,54313,54323,10
13.0102396011,80.2154998779,54323,54333,10
13.0105495453,80.2163696289,54333,54343,10
13.0110301971,80.2173919678,54343,54353,10
13.0114297867,80.21849823,54353,54363,10
13.0118198395,80.2197570801,54363,54373,10
13.0121498108,80.220993042,54373,54383,10
13.0125303268,80.2218399048,54383,54393,10
13.0129995346,80.2224578857,54393,54402,9
13.0134000778,80.2228393555,54402,54414,12
13.0140399933,80.2235107422,54414,54424,10
13.0146799088,80.2240600586,54424,54434,10
13.0152597427,80.2249298096,54434,54444,10
13.0153503418,80.2256088257,54444,54454,10
13.0152902603,80.2257995605,54454,54464,10
13.014960289,80.2259368896,54464,54474,10
13.0145397186,80.2261199951,54474,54484,10
13.0144395828,80.2261428833,54484,54494,10
13.0140399933,80.22631073,54494,54504,10
13.0133800507,80.226600647,54504,54514,10
13.012550354,80.2269592285,54514,54524,10
13.011590004,80.2273101807,54524,54535,11
13.0107498169,80.2276382446,54535,54545,10
13.0100698471,80.2278900146,54545,54555,10
13.0095300674,80.2277984619,54555,54565,10
13.0095901489,80.2273788452,54565,54575,10
13.0098695755,80.2267608643,54575,54585,10
13.010219574,80.2259597778,54585,54595,10
13.0105895996,80.2251586914,54595,54605,10
13.0107097626,80.2249603271,54605,54615,10
13.0108499527,80.224571228,54615,54625,10
13.0110702515,80.2238006592,54625,54635,10
13.0112199783,80.2232284546,54635,54645,10
13.0109901428,80.2230300903,54645,54656,11
13.0104598999,80.2227630615,54656,54666,10
13.0103502274,80.2227020264,54666,54676,10
13.0101804733,80.2226028442,54676,54686,10
13.0097103119,80.2223510742,54686,54696,10
13.0090799332,80.2220001221,54696,54706,10
13.0084695816,80.2216720581,54706,54716,10
13.0077896118,80.221321106,54716,54726,10
13.0070695877,80.2209091187,54726,54736,10
13.0065097809,80.2206268311,54736,54746,10
13.0058698654,80.220489502,54746,54756,10
13.0051898956,80.2203674316,54756,54765,9
13.0046195984,80.2202835083,54765,54777,12
13.0044603348,80.2202529907,54777,54787,10
13.0040502548,80.2201690674,54787,54797,10
13.0032596588,80.2199630737,54797,54807,10
13.0024204254,80.2195129395,54807,54817,10
13.0017299652,80.218788147,54817,54827,10
13.0008802414,80.2181625366,54827,54837,10
13.0001497269,80.2176971436,54837,54847,10
12.9993600845,80.2171936035,54847,54857,10
12.9983797073,80.2167510986,54857,54867,10
12.9977998734,80.2166213989,54867,54877,10
12.9976396561,80.2166137695,54877,54887,10
12.9974403381,80.2165679932,54887,54898,11
12.9967803955,80.2165985107,54898,54908,10
12.9959697723,80.2167205811,54908,54918,10
12.9950799942,80.2170562744,54918,54938,20
12.9950799942,80.2170562744,54938,54948,10
12.9948101044,80.2172317505,54948,54958,10
12.9945602417,80.2173995972,54958,54968,10
12.9941902161,80.2176818848,54968,54978,10
12.9936704636,80.2180328369,54978,54988,10
12.9930696487,80.2184066772,54988,54998,10
12.9925498962,80.2188568115,54998,55008,10
12.9918203354,80.2194824219,55008,55019,11
12.99077034,80.2202072144,55019,55039,20
12.99077034,80.2202072144,55039,55049,10
12.9905004501,80.2204208374,55049,55059,10
12.9900999069,80.2208099365,55059,55069,10
12.9894599915,80.2214813232,55069,55079,10
12.9889202118,80.2223129272,55079,55089,10
12.9881296158,80.2229919434,55089,55099,10
12.9876003265,80.22315979,55099,55109,10
12.9875602722,80.2231369019,55109,55119,10
12.9871797562,80.2231063843,55119,55129,10
12.987039566,80.2230911255,55129,55140,11
12.9866304398,80.2230072021,55140,55150,10
12.9858798981,80.2230300903,55150,55160,10
12.9853801727,80.2232894897,55160,55170,10
12.9849100113,80.2231903076,55170,55180,10
12.9845199585,80.2229614258,55180,55190,10
12.9841403961,80.2227478027,55190,55200,10
12.983590126,80.2224273682,55200,55210,10
12.9831895828,80.22215271,55210,55220,10
12.9831800461,80.22215271,55220,55230,10
12.9830904007,80.2220535278,55230,55240,10
12.9827604294,80.2218933105,55240,55249,9
12.9822797775,80.2217712402,55249,55261,12
12.9817399979,80.2214431763,55261,55271,10
12.9811496735,80.2211303711,55271,55281,10
12.980389595,80.2211074829,55281,55291,10
12.9794397354,80.2211608887,55291,55301,10
12.9784097672,80.2212219238,55301,55311,10
12.9773397446,80.2212905884,55311,55321,10
12.9765996933,80.221321106,55321,55331,10
12.9761600494,80.2215499878,55331,55341,10
12.9763402939,80.2218093872,55341,55361,20
12.9763402939,80.2218093872,55361,55370,9
12.9764795303,80.2221832275,55370,55382,12
12.9767599106,80.2225418091,55382,55392,10
12.9771499634,80.2231826782,55392,55402,10
12.9776201248,80.2239303589,55402,55412,10
12.9781799316,80.2248306274,55412,55422,10
12.9786996841,80.225769043,55422,55432,10
12.9792404175,80.2266387939,55432,55442,10
12.9797897339,80.2275085449,55442,55452,10
12.9803304672,80.2283706665,55452,55462,10
12.9807395935,80.2290420532,55462,55472,10
12.9808597565,80.2293395996,55472,55482,10
12.9813098907,80.2300109863,55482,55492,10
12.9816198349,80.2304611206,55492,55503,11
12.9816904068,80.2305908203,55503,55513,10
12.9818601608,80.2310180664,55513,55523,10
12.9819402695,80.2317428589,55523,55533,10
12.9819402695,80.2324905396,55533,55543,10
12.9817199707,80.2332000732,55543,55553,10
12.9815702438,80.2335281372,55553,55563,10
12.9815502167,80.2335891724,55563,55573,10
12.9813299179,80.2340087891,55573,55583,10
12.9811897278,80.2347793579,55583,55593,10
12.9811897278,80.2357635498,55593,55603,10
12.9812202454,80.2368774414,55603,55613,10
12.9812498093,80.2379837036,55613,55624,11
12.9812498093,80.2387084961,55624,55634,10
12.9812498093,80.2387237549,55634,55644,10
12.9812602997,80.2391204834,55644,55674,30
12.9812602997,80.2391204834,55674,55684,10
12.9812297821,80.2394180298,55684,55694,10
12.9812698364,80.2397766113,55694,55704,10
12.9812803268,80.2403793335,55704,55714,10
12.9812698364,80.2411499023,55714,55724,10
12.9812698364,80.2419891357,55724,55734,10
12.9812803268,80.2426986694,55734,55745,11
12.981300354,80.2427368164,55745,55755,10
12.9813404083,80.2429199219,55755,55765,10
12.9813404083,80.2434692383,55765,55775,10
12.9812202454,80.2442626953,55775,55785,10
12.9811000824,80.2452468872,55785,55795,10
12.9809799194,80.246383667,55795,55805,10
12.9808702469,80.2475509644,55805,55815,10
12.9807901382,80.2487411499,55815,55825,10
12.9806404114,80.2498626709,55825,55835,10
12.980389595,80.2508773804,55835,55845,10
12.9801797867,80.2517318726,55845,55855,10
12.9800796509,80.2520980835,55855,55866,11
12.9799499512,80.2525405884,55866,55876,10
12.9797096252,80.2527618408,55876,55886,10
12.978679657,80.2526397705,55886,55906,20
12.978679657,80.2526397705,55906,55916,10
12.9785995483,80.2526016235,55916,55926,10
12.978219986,80.2523498535,55926,55936,10
12.9776096344,80.2518005371,55936,55946,10
12.9766902924,80.2512969971,55946,55956,10
12.9756202698,80.2509918213,55956,55966,10
12.9745101929,80.2506790161,55966,55976,10
12.9733896255,80.2503509521,55976,55987,11
12.9725399017,80.2501525879,55987,55997,10
12.9724397659,80.2500991821,55997,56007,10
12.9719896317,80.2499465942,56007,56017,10
12.9712600708,80.2497711182,56017,56027,10
12.9703302383,80.24949646,56027,56037,10
12.9692802429,80.2491073608,56037,56047,10
12.9682102203,80.2486801147,56047,56057,10
12.9671401978,80.2482070923,56057,56067,10
12.9661102295,80.247718811,56067,56077,10
12.9651699066,80.2473983765,56077,56086,9
12.9650497437,80.2473602295,56086,56097,11
12.964969635,80.2473220825,56097,56108,11
12.9644699097,80.2471466064,56108,56118,10
12.9637098312,80.2468719482,56118,56128,10
12.9628400803,80.246421814,56128,56138,10
12.9617996216,80.2459182739,56138,56148,10
12.9608097076,80.2454299927,56148,56158,10
12.9598302841,80.2450180054,56158,56168,10
12.9593400955,80.2448196411,56168,56178,10
12.9592399597,80.244758606,56178,56188,10
12.958820343,80.2445602417,56188,56198,10
12.9581203461,80.2442474365,56198,56208,10
12.9570999146,80.243888855,56208,56249,41
12.9570999146,80.243888855,56249,56259,10
12.9569396973,80.2438430786,56259,56269,10
12.9567499161,80.243812561,56269,56279,10
12.956700325,80.2437973022,56279,56289,10
12.956489563,80.2437210083,56289,56309,20
12.956489563,80.2437210083,56309,56319,10
12.9563999176,80.2436981201,56319,56329,10
12.9561500549,80.2436065674,56329,56339,10
12.9555902481,80.243270874,56339,56350,11
12.9546804428,80.2428588867,56350,56360,10
12.9536800385,80.2424087524,56360,56370,10
12.9525995255,80.2419815063,56370,56380,10
12.9516401291,80.2416534424,56380,56400,20
12.9516401291,80.2416534424,56400,56410,10
12.9515304565,80.2415313721,56410,56420,10
12.951089859,80.2413635254,56420,56430,10
12.9503602982,80.2411499023,56430,56440,10
12.9493703842,80.2408599854,56440,56449,9
12.9484500885,80.2405166626,56449,56461,12
12.9472703934,80.2400436401,56461,56471,10
12.9469299316,80.2399215698,56471,56481,10
12.9468097687,80.2398834229,56481,56491,10
12.9463396072,80.2396774292,56491,56501,10
12.9456396103,80.2393569946,56501,56511,10
12.9448795319,80.2387771606,56511,56521,10
12.9441204071,80.2379608154,56521,56531,10
12.9434099197,80.2371826172,56531,56541,10
12.94328022,80.2370605469,56541,56551,10
12.9429998398,80.2368164063,56551,56561,10
12.9423599243,80.2365036011,56561,56571,10
12.9414701462,80.2362518311,56571,56582,11
12.9403896332,80.236000061,56582,56592,10
12.9398403168,80.2358322144,56592,56602,10
12.9398298264,80.2358322144,56602,56612,10
12.939740181,80.235786438,56612,56622,10
12.9395399094,80.235710144,56622,56632,10
12.9393100739,80.2356033325,56632,56642,10
12.9387598038,80.2352981567,56642,56652,10
12.9379997253,80.2349319458,56652,56662,10
12.9370603561,80.2344589233,56662,56672,10
12.9361095428,80.2340011597,56672,56682,10
12.9352998734,80.2336196899,56682,56692,10
12.9340600967,80.2331008911,56692,56713,21
12.9340600967,80.2331008911,56713,56723,10
12.9340295792,80.2330780029,56723,56733,10
12.9336795807,80.2329177856,56733,56743,10
12.9329996109,80.2325973511,56743,56753,10
12.9320802689,80.2322692871,56753,56763,10
12.9309797287,80.231880188,56763,56773,10
12.9298601151,80.231552124,56773,56783,10
12.9288301468,80.2313308716,56783,56793,10
12.9277000427,80.2311477661,56793,56803,10
12.9265098572,80.2309875488,56803,56812,9
12.9257698059,80.2309570313,56812,56824,12
12.9257497787,80.2309494019,56824,56834,10
12.9255800247,80.2309265137,56834,56844,10
12.9251403809,80.2308578491,56844,56854,10
12.9243898392,80.2307662964,56854,56864,10
12.9234800339,80.2306518555,56864,56874,10
12.9224100113,80.2304916382,56874,56884,10
12.9212598801,80.2303237915,56884,56894,10
12.9201402664,80.2301864624,56894,56904,10
12.9193096161,80.2301101685,56904,56914,10
12.9192495346,80.2301025391,56914,56924,10
12.9191303253,80.2300796509,56924,56934,10
12.9187297821,80.2299880981,56934,56945,11
12.9179096222,80.2298736572,56945,56955,10
12.9169197083,80.2297363281,56955,56965,10
12.9157896042,80.2295913696,56965,56975,10
12.9146299362,80.2294311523,56975,56985,10
12.9132204056,80.2292709351,56985,57005,20
12.9132204056,80.2292709351,57005,57015,10
12.9128503799,80.2291870117,57015,57025,10
12.9121599197,80.2290878296,57025,57035,10
12.911239624,80.2289581299,57035,57045,10
12.9101295471,80.2287979126,57045,57055,10
12.9089698792,80.2286071777,57055,57066,11
12.907699585,80.2284088135,57066,57076,10
12.9069004059,80.2283172607,57076,57086,10
12.9063596725,80.2282791138,57086,57096,10
12.9061603546,80.2282714844,57096,57106,10
12.90583992,80.2282562256,57106,57116,10
12.9051303864,80.2282028198,57116,57126,10
12.9042396545,80.2281494141,57126,57136,10
12.9031600952,80.2281036377,57136,57146,10
12.9020795822,80.2280426025,57146,57156,10
12.9011697769,80.2280197144,57156,57166,10
12.9005403519,80.2279510498,57166,57176,10
12.899769783,80.2279129028,57176,57187,11
12.8992300034,80.2278823853,57187,57207,20
12.8992300034,80.2278823853,57207,57217,10
12.8990802765,80.2278137207,57217,57227,10
12.8985900879,80.2278213501,57227,57237,10
12.8978300095,80.2277526855,57237,57247,10
12.8968696594,80.227722168,57247,57257,10
12.8957300186,80.2276763916,57257,57267,10
12.8945703506,80.2276306152,57267,57277,10
12.8934898376,80.2275619507,57277,57287,10
12.8932304382,80.2275390625,57287,57297,10
12.8930797577,80.2275085449,57297,57308,11
12.8929004669,80.2274627686,57308,57318,10
12.892539978,80.2274169922,57318,57328,10
12.8918600082,80.2273788452,57328,57338,10
12.8909301758,80.2273864746,57338,57348,10
12.8898000717,80.2273864746,57348,57358,10
12.8886899948,80.2273864746,57358,57368,10
12.8884096146,80.2273788452,57368,57378,10
12.888299942,80.2273635864,57378,57388,10
12.8878602982,80.2273178101,57388,57398,10
12.8871097565,80.2272109985,57398,57408,10
12.8861703873,80.2269973755,57408,57417,9
12.885219574,80.2267837524,57417,57429,12
12.884759903,80.2267303467,57429,57439,10
12.8847103119,80.2267303467,57439,57449,10
12.8842697144,80.2267379761,57449,57459,10
12.8834896088,80.2267379761,57459,57469,10
12.8824701309,80.2267532349,57469,57479,10
12.8813199997,80.2267608643,57479,57489,10
12.8801403046,80.2267684937,57489,57499,10
12.8789300919,80.2267990112,57499,57509,10
12.877699852,80.2268829346,57509,57519,10
12.8766899109,80.2269668579,57519,57529,10
12.8764200211,80.2268829346,57529,57539,10
12.8763999939,80.2268218994,57539,57550,11
12.8764200211,80.2266921997,57550,57560,10
12.876449585,80.2266235352,57560,57570,10
12.8764600754,80.2262496948,57570,57580,10
12.8765201569,80.2255630493,57580,57590,10
12.8766298294,80.224647522,57590,57600,10
12.876830101,80.2235488892,57600,57610,10
12.8770999908,80.2223815918,57610,57620,10
12.8773899078,80.2211837769,57620,57630,10
12.8776702881,80.2199707031,57630,57640,10
12.8779497147,80.2187576294,57640,57650,10
12.8781995773,80.2175292969,57650,57660,10
12.8784503937,80.2162780762,57660,57671,11
12.8787498474,80.2149124146,57671,57681,10
12.8789796829,80.2136688232,57681,57691,10
12.8792104721,80.2124176025,57691,57701,10
12.8794202805,80.2112884521,57701,57711,10
12.8789396286,80.2109603882,57711,57741,30
12.8789396286,80.2109603882,57741,57751,10
12.8787202835,80.2109222412,57751,57761,10
12.8781900406,80.2108383179,57761,57771,10
12.8774299622,80.2106781006,57771,57781,10
12.8766899109,80.2105178833,57781,57792,11
12.8759202957,80.2103881836,57792,57802,10
12.8751296997,80.2102432251,57802,57812,10
12.8744602203,80.2101287842,57812,57852,40
12.8744096756,80.2100830078,57852,57862,10
12.8744096756,80.2100830078,57862,57872,10
12.8744096756,80.2097473145,57872,57881,9
12.8746995926,80.2099761963,57881,58063,182
12.8746995926,80.2099761963,58063,58073,10
12.8747301102,80.2101364136,58073,58083,10
12.8750095367,80.2102432251,58083,58093,10
12.8754796982,80.2103118896,58093,58103,10
12.8758001328,80.2103729248,58103,58112,9
12.8763198853,80.2104721069,58112,58123,11
12.8771896362,80.2106323242,58123,58133,10
12.8780097961,80.2107772827,58133,58143,10
12.8782701492,80.2108535767,58143,58154,11
12.8786802292,80.2109222412,58154,58164,10
12.8791999817,80.2110214233,58164,58174,10
12.8793401718,80.2110519409,58174,58184,10
12.8794202805,80.2110900879,58184,58194,10
12.8793096542,80.2121582031,58194,58204,10
12.8793096542,80.2121582031,58204,58214,10
12.8791599274,80.2129898071,58214,58223,9
12.8789796829,80.2139129639,58223,58234,11
12.8787603378,80.2151107788,58234,58244,10
12.8785104752,80.2161865234,58244,58254,10
12.8783597946,80.2168807983,58254,58264,10
12.8781900406,80.2177429199,58264,58275,11
12.8779497147,80.2189407349,58275,58285,10
12.8776798248,80.2200698853,58285,58295,10
12.877409935,80.2212219238,58295,58305,10
12.8771400452,80.2223587036,58305,58315,10
12.8768796921,80.2235107422,58315,58325,10
12.8766803741,80.2246780396,58325,58335,10
12.8765497208,80.2258300781,58335,58345,10
12.8764600754,80.2265396118,58345,58436,91
12.8764600754,80.2265396118,58436,58446,10
12.8765697479,80.2269363403,58446,58456,10
12.8769302368,80.2268829346,58456,58466,10
12.8777303696,80.2267913818,58466,58476,10
12.8787403107,80.2267074585,58476,58486,10
12.8798799515,80.2266616821,58486,58496,10
12.881070137,80.2266769409,58496,58506,10
12.8822698593,80.2266616821,58506,58517,11
12.883600235,80.2266387939,58517,58527,10
12.8847799301,80.2266311646,58527,58537,10
12.8858604431,80.2268066406,58537,58547,10
12.8869895935,80.2270965576,58547,58557,10
12.8881597519,80.2272720337,58557,58567,10
12.8893899918,80.2273406982,58567,58577,10
12.8906202316,80.2273483276,58577,58587,10
12.891869545,80.2273483276,58587,58597,10
12.8930501938,80.2274398804,58597,58607,10
12.8941698074,80.2275619507,58607,58617,10
12.8943395615,80.2275772095,58617,58627,10
12.8944597244,80.2276077271,58627,58638,11
12.8950901031,80.2276535034,58638,58648,10
12.8959999084,80.2276687622,58648,58658,10
12.8971500397,80.227722168,58658,58668,10
12.8981599808,80.2277603149,58668,58678,10
12.8986797333,80.2277984619,58678,58688,10
12.8989095688,80.2277908325,58688,58698,10
12.8992300034,80.2278213501,58698,58708,10
12.8997602463,80.2278671265,58708,58829,121
12.8997602463,80.2278671265,58829,58839,10
12.8999500275,80.2279586792,58839,58849,10
12.9003295898,80.2279510498,58849,58859,10
12.9008598328,80.2279586792,58859,58869,10
12.9013595581,80.2280197144,58869,58880,11
12.9027795792,80.2280197144,58880,58900,20
12.9027795792,80.2280197144,58900,58910,10
12.902970314,80.2280426025,58910,58920,10
12.9035396576,80.2280731201,58920,58930,10
12.9043998718,80.2281494141,58930,58940,10
12.9057502747,80.2281799316,58940,58960,20
12.9057502747,80.2281799316,58960,58970,10
12.9060201645,80.2281799316,58970,58980,10
12.9063901901,80.2282104492,58980,58990,10
12.9068803787,80.2282714844,58990,59001,11
12.9070100784,80.2282867432,59001,59011,10
12.9072999954,80.2282791138,59011,59021,10
12.907959938,80.2284088135,59021,59031,10
12.9089298248,80.2285766602,59031,59041,10
12.9100799561,80.2287902832,59041,59051,10
12.9112596512,80.2289733887,59051,59061,10
12.9123001099,80.2291030884,59061,59071,10
12.9132204056,80.2292098999,59071,59081,10
12.9140100479,80.2293167114,59081,59091,10
12.9140796661,80.2293395996,59091,59101,10
12.9143400192,80.2293930054,59101,59111,10
12.9149999619,80.2294692993,59111,59122,11
12.9160299301,80.229637146,59122,59132,10
12.9171600342,80.2297821045,59132,59142,10
12.9183101654,80.2299423218,59142,59152,10
12.9192199707,80.2300491333,59152,59162,10
12.9193401337,80.2300720215,59162,59172,10
12.9196996689,80.2300872803,59172,59182,10
12.9203996658,80.2301864624,59182,59192,10
12.9213104248,80.2303009033,59192,59202,10
12.9224100113,80.23046875,59202,59212,10
12.9235496521,80.2306289673,59212,59222,10
12.9247102737,80.2307662964,59222,59232,10
12.9263296127,80.2309570313,59232,59263,31
12.9263296127,80.2309570313,59263,59273,10
12.9266195297,80.2310028076,59273,59283,10
12.9272003174,80.2310791016,59283,59293,10
12.927980423,80.2311630249,59293,59303,10
12.9288702011,80.231300354,59303,59313,10
12.9298295975,80.2314987183,59313,59321,8
12.9306201935,80.2317123413,59321,59333,12
12.931810379,80.2321014404,59333,59343,10
12.932800293,80.232421875,59343,59353,10
12.933719635,80.2328109741,59353,59384,31
12.933719635,80.2328109741,59384,59394,10
12.934009552,80.2329177856,59394,59404,10
12.9346399307,80.2332305908,59404,59414,10
12.9354696274,80.2337112427,59414,59424,10
12.9362297058,80.234046936,59424,59434,10
12.9371004105,80.2344284058,59434,59444,10
12.9381303787,80.234916687,59444,59454,10
12.9391202927,80.2354202271,59454,59464,10
12.9397201538,80.2357025146,59464,59485,21
12.9397201538,80.2357025146,59485,59495,10
12.9399595261,80.2357711792,59495,59505,10
12.9404602051,80.2359390259,59505,59515,10
12.9412097931,80.2361526489,59515,59525,10
12.9421195984,80.2363586426,59525,59535,10
12.9430999756,80.2368087769,59535,59545,10
12.9436597824,80.2373199463,59545,59555,10
12.9436597824,80.2373275757,59555,59565,10
12.9438695908,80.2376174927,59565,59575,10
12.9443101883,80.2381820679,59575,59585,10
12.9449396133,80.238822937,59585,59595,10
12.9458303452,80.2394714355,59595,59606,11
12.9469900131,80.2399215698,59606,59616,10
12.9472398758,80.2399978638,59616,59626,10
12.9473304749,80.2400436401,59626,59636,10
12.9477100372,80.2402191162,59636,59646,10
12.9487600327,80.2406311035,59646,59686,40
12.9487600327,80.2406311035,59686,59696,10
12.9488697052,80.2406692505,59696,59706,10
12.949259758,80.2408065796,59706,59715,9
12.9498500824,80.2410125732,59715,59727,12
12.9506797791,80.2412414551,59727,59737,10
12.9510602951,80.2413406372,59737,59747,10
12.9510698318,80.2413711548,59747,59757,10
12.9513902664,80.2415008545,59757,59767,10
12.9520597458,80.2417984009,59767,59777,10
12.9528598785,80.2420730591,59777,59787,10
12.9538297653,80.242477417,59787,59797,10
12.9547595978,80.2428283691,59797,59807,10
12.9555101395,80.2431030273,59807,59817,10
12.9562196732,80.2433395386,59817,59827,10
12.9564304352,80.2433929443,59827,59838,11
12.9570302963,80.2436828613,59838,59848,10
12.9577999115,80.2440414429,59848,59858,10
12.9585504532,80.2443466187,59858,59868,10
12.9587497711,80.2444229126,59868,59878,10
12.9588899612,80.2445220947,59878,59888,10
12.9593496323,80.244758606,59888,59898,10
12.9600801468,80.2450866699,59898,59908,10
12.9610004425,80.2454986572,59908,59918,10
12.9619998932,80.2459793091,59918,59928,10
12.9627399445,80.2463378906,59928,59959,31
12.9627399445,80.2463378906,59959,59969,10
12.9630203247,80.2465286255,59969,59979,10
12.9634399414,80.2466964722,59979,59989,10
12.9639997482,80.2469482422,59989,59999,10
12.9646396637,80.2471923828,59999,60009,10
12.9654397964,80.2474365234,60009,60019,10
12.9661798477,80.2477035522,60019,60029,10
12.9662904739,80.2477264404,60029,60039,10
12.9664402008,80.2478103638,60039,60049,10
12.966799736,80.2479934692,60049,60059,10
12.966919899,80.248046875,60059,60068,9
12.9669904709,80.2481079102,60068,60080,12
12.9674396515,80.2482910156,60080,60090,10
12.9682197571,80.2486190796,60090,60100,10
12.9691696167,80.2490005493,60100,60110,10
12.9702301025,80.2494506836,60110,60120,10
12.971329689,80.2498168945,60120,60130,10
12.9724702835,80.2501068115,60130,60140,10
12.9736003876,80.2503814697,60140,60150,10
12.9744100571,80.2505493164,60150,60160,10
12.9745101929,80.2505722046,60160,60170,10
12.9749202728,80.2507324219,60170,60180,10
12.975520134,80.2508621216,60180,60190,10
12.9765195847,80.2511825562,60190,60201,11
12.9776601791,80.2517166138,60201,60211,10
12.978509903,80.2523880005,60211,60221,10
12.9794397354,80.2526092529,60221,60231,10
12.9799604416,80.252243042,60231,60251,20
12.9799604416,80.252243042,60251,60261,10
12.9800100327,80.2519683838,60261,60271,10
12.9801998138,80.2514419556,60271,60281,10
12.9804496765,80.2506103516,60281,60291,10
12.9806804657,80.2495727539,60291,60301,10
12.9807701111,80.2484130859,60301,60311,10
12.9808597565,80.2472686768,60311,60322,11
12.9809904099,80.2459564209,60322,60332,10
12.9811401367,80.2447280884,60332,60342,10
12.9812297821,80.2438278198,60342,60352,10
12.9813404083,80.2435836792,60352,60362,10
12.9813604355,80.2430267334,60362,60372,10
12.9813604355,80.2428207397,60372,60382,10
12.9813499451,80.2427368164,60382,60392,10
12.9813404083,80.2423171997,60392,60402,10
12.9813404083,80.2415618896,60402,60412,10
12.9813404083,80.2405700684,60412,60422,10
12.9813299179,80.2397537231,60422,60432,10
12.981300354,80.2391891479,60432,60443,11
12.9812803268,80.2382736206,60443,60453,10
12.9812698364,80.2379226685,60453,60463,10
12.9812498093,80.2378616333,60463,60473,10
12.9812202454,80.2374191284,60473,60483,10
12.9812002182,80.236656189,60483,60493,10
12.981180191,80.2352218628,60493,60503,10
12.981180191,80.2352218628,60503,60513,10
12.9812498093,80.2342529297,60513,60523,10
12.981590271,80.2334594727,60523,60533,10
12.9816102982,80.2334289551,60533,60543,10
12.9816703796,80.2333221436,60543,60553,10
12.9818601608,80.2329177856,60553,60564,11
12.982000351,80.2322921753,60564,60574,10
12.9819602966,80.2318267822,60574,60584,10
12.9818401337,80.2311630249,60584,60594,10
12.9815397263,80.2305679321,60594,60604,10
12.9811096191,80.2298431396,60604,60614,10
12.980799675,80.229309082,60614,60624,10
12.9806499481,80.2290420532,60624,60634,10
12.9805803299,80.2289276123,60634,60644,10
12.9803600311,80.2285232544,60644,60654,10
12.9800395966,80.2279205322,60654,60664,10
12.9796199799,80.2272109985,60664,60674,10
12.9794797897,80.2269821167,60674,60685,11
12.9794101715,80.2268600464,60685,60695,10
12.9793300629,80.2267379761,60695,60705,10
12.9792098999,80.2265319824,60705,60715,10
12.9788999557,80.2260437012,60715,60725,10
12.9784603119,80.2253189087,60725,60735,10
12.9780902863,80.2247009277,60735,60745,10
12.9778299332,80.2243804932,60745,60755,10
12.9777603149,80.2242584229,60755,60765,10
12.9775600433,80.2239074707,60765,60775,10
12.9771995544,80.2232894897,60775,60784,9
12.9769496918,80.2228469849,60784,60796,12
12.977230072,80.2227325439,60796,60806,10
12.9772396088,80.2227325439,60806,60816,10
12.9774503708,80.2227020264,60816,60826,10
12.9774999619,80.2223129272,60826,60836,10
12.9774599075,80.2216567993,60836,60846,10
12.9774398804,80.221321106,60846,60856,10
12.9777297974,80.2212371826,60856,60866,10
12.9781703949,80.2211837769,60866,60876,10
12.9789199829,80.2211914063,60876,60886,10
12.97976017,80.2211227417,60886,60896,10
12.9807100296,80.2210083008,60896,60906,10
12.9815702438,80.2213287354,60906,60917,11
12.9822502136,80.2217025757,60917,60927,10
12.9825401306,80.2218170166,60927,60937,10
12.9828796387,80.2219390869,60937,60947,10
12.9830303192,80.2220077515,60947,60957,10
12.9831399918,80.2220916748,60957,60967,10
12.9833898544,80.2222213745,60967,60977,10
12.983710289,80.2224197388,60977,60987,10
12.9843902588,80.2228164673,60987,60997,10
12.9850797653,80.2231903076,60997,61007,10
12.9855203629,80.22315979,61007,61017,10
12.9861097336,80.2229995728,61017,61026,9
12.9865102768,80.2229766846,61026,61068,42
12.9865102768,80.2229766846,61068,61078,10
12.9868803024,80.2230224609,61078,61088,10
12.9869003296,80.2230224609,61088,61098,10
12.9870700836,80.2230377197,61098,61108,10
12.9872703552,80.2230529785,61108,61118,10
12.9873895645,80.2230606079,61118,61128,10
12.9877700806,80.2229614258,61128,61138,10
12.988360405,80.2225418091,61138,61148,10
12.9890403748,80.2218704224,61148,61159,11
12.9898300171,80.2209320068,61159,61169,10
12.9905195236,80.2203369141,61169,61179,10
12.9905700684,80.2203063965,61179,61189,10
12.9907598495,80.220161438,61189,61199,10
12.9912204742,80.2198028564,61199,61209,10
12.9917297363,80.2194290161,61209,61219,10
12.9924297333,80.2188873291,61219,61229,10
12.9933395386,80.2182312012,61229,61239,10
12.99421978,80.2175979614,61239,61249,10
12.9948701859,80.2171173096,61249,61259,10
12.9954996109,80.2167510986,61259,61269,10
12.9961795807,80.216583252,61269,61280,11
12.9966497421,80.2165374756,61280,61290,10
12.9970502853,80.2164535522,61290,61300,10
12.997469902,80.2161636353,61300,61310,10
12.9974899292,80.2161483765,61310,61320,10
12.9976997375,80.2159805298,61320,61330,10
12.9981203079,80.2155990601,61330,61340,10
12.9986896515,80.2150802612,61340,61350,10
12.9991397858,80.2147216797,61350,61360,10
12.9995298386,80.2144165039,61360,61370,10
13.0000400543,80.2139663696,61370,61380,10
13.0006198883,80.2134780884,61380,61390,10
13.0012197495,80.2129669189,61390,61401,11
13.0019798279,80.2124176025,61401,61411,10
13.0026597977,80.212097168,61411,61421,10
13.0030698776,80.2120285034,61421,61431,10
13.0035800934,80.2119293213,61431,61441,10
13.0035896301,80.2119293213,61441,61451,10
13.0037002563,80.2116165161,61451,61461,10
13.003660202,80.2109375,61461,61471,10
13.003569603,80.2101669312,61471,61481,10
13.003569603,80.2094192505,61481,61491,10
13.0038099289,80.2086791992,61491,61501,10
13.0042104721,80.2087173462,61501,61511,10
13.0044803619,80.2088623047,61511,61522,11
13.0050296783,80.2090988159,61522,61532,10
13.0053300858,80.2092514038,61532,61542,10
13.0055999756,80.2093734741,61542,61552,10
13.0059604645,80.2095031738,61552,61562,10
13.0062198639,80.2095718384,61562,61572,10
13.0063495636,80.2096176147,61572,61602,30
13.0063495636,80.2096176147,61602,61612,10
13.0067195892,80.2097473145,61612,61622,10
13.0072698593,80.2098693848,61622,61633,11
13.0079698563,80.2099914551,61633,61643,10
13.0081796646,80.2098083496,61643,61653,10
13.0080404282,80.2091903687,61653,61663,10
13.0079202652,80.2083282471,61663,61673,10
13.0077896118,80.2074813843,61673,61683,10
13.0076503754,80.2066421509,61683,61693,10
13.0075597763,80.2057723999,61693,61703,10
13.0075302124,80.2048568726,61703,61713,10
13.0074901581,80.203918457,61713,61723,10
13.0073699951,80.2031021118,61723,61733,10
13.0070400238,80.2025680542,61733,61743,10
13.0065402985,80.2028198242,61743,61754,11
13.0066900253,80.2033004761,61754,61764,10
13.0071601868,80.2035903931,61764,61774,10
13.0079402924,80.2037582397,61774,61784,10
13.009059906,80.2037124634,61784,61794,10
13.0104398727,80.203666687,61794,61804,10
13.0119104385,80.2038116455,61804,61814,10
13.0132398605,80.2040863037,61814,61824,10
13.0136995316,80.2044296265,61824,61834,10
13.0136003494,80.2047576904,61834,61854,20
13.0136003494,80.2047576904,61854,61864,10
13.0134000778,80.2053527832,61864,61875,11
13.0131597519,80.2062072754,61875,61885,10
13.0130596161,80.2072601318,61885,61895,10
13.0129499435,80.2078018188,61895,61905,10
13.0129098892,80.2082824707,61905,61915,10
13.0129299164,80.2086868286,61915,61925,10
13.0130395889,80.2092666626,61925,61935,10
13.0132303238,80.2098770142,61935,61945,10
13.013130188,80.2106399536,61945,61955,10
13.0128002167,80.211517334,61955,61965,10
13.0123796463,80.2122116089,61965,61975,10
13.0120697021,80.2126617432,61975,61984,9
13.0119400024,80.2127685547,61984,61996,12
13.0116100311,80.2126617432,61996,62006,10
13.0110197067,80.2122497559,62006,62016,10
13.0105199814,80.2118606567,62016,62026,10
13.0104598999,80.211807251,62026,62036,10
13.0102701187,80.2116394043,62036,62046,10
13.0100097656,80.2114562988,62046,62681,635
13.0096702576,80.2112884521,62681,62964,283
13.0093803406,80.2110824585,62964,63176,212
13.0093803406,80.2110824585,63176,63186,10
13.0092601776,80.2112121582,63186,63196,10
13.009180069,80.2113494873,63196,63207,11
13.0090999603,80.2116928101,63207,63217,10
13.0092401505,80.2121887207,63217,63227,10
13.0093803406,80.2126693726,63227,63237,10
13.0095996857,80.2132568359,63237,63247,10
13.0098800659,80.2139663696,63247,63257,10
13.0101499557,80.2146911621,63257,63267,10
13.0102596283,80.2155227661,63267,63277,10
13.01060009,80.2164001465,63277,63287,10
13.0110301971,80.2173309326,63287,63297,10
13.0113601685,80.218208313,63297,63307,10
13.0117301941,80.2192306519,63307,63317,10
13.0120801926,80.2203826904,63317,63328,11
13.0124597549,80.221282959,63328,63338,10
13.0127897263,80.2216873169,63338,63348,10
13.0132102966,80.2221984863,63348,63358,10
13.0135402679,80.2226333618,63358,63368,10
13.0139303207,80.2231826782,63368,63378,10
13.0141401291,80.2235565186,63378,63388,10
13.0146102905,80.2241363525,63388,63398,10
13.0151500702,80.2247619629,63398,63408,10
13.0153398514,80.2250366211,63408,63418,10
13.0153503418,80.225112915,63418,63428,10
13.0154495239,80.2253494263,63428,63438,10
13.0154104233,80.2256317139,63438,63449,11
13.0149803162,80.2259597778,63449,63459,10
13.01445961,80.2261810303,63459,63469,10
13.0137300491,80.2264633179,63469,63479,10
13.0128498077,80.2267913818,63479,63489,10
13.0118198395,80.2271881104,63489,63499,10
13.0107498169,80.2276382446,63499,63509,10
13.0097799301,80.2279586792,63509,63519,10
13.0095901489,80.2274627686,63519,63529,10
13.0098800659,80.2268295288,63529,63539,10
13.0101995468,80.2261505127,63539,63549,10
13.0103998184,80.2257614136,63549,63559,10
13.0104799271,80.2255783081,63559,63570,11
13.0106096268,80.2252731323,63570,63580,10
13.0107603073,80.2249984741,63580,63590,10
13.0108098984,80.2247772217,63590,63600,10
13.0110301971,80.2240905762,63600,63610,10
13.0112695694,80.2234420776,63610,63620,10
13.0109796524,80.2231216431,63620,63640,20
13.0109796524,80.2231216431,63640,63650,10
13.0108203888,80.2229919434,63650,63660,10
13.0106201172,80.2228775024,63660,63670,10
13.0106096268,80.222869873,63670,63681,11
13.0103502274,80.2227325439,63681,63691,10
13.0099096298,80.2224578857,63691,63701,10
13.0092401505,80.222038269,63701,63711,10
13.0084295273,80.2216186523,63711,63721,10
13.0073795319,80.2210769653,63721,63731,10
13.006360054,80.2205886841,63731,63741,10
13.00522995,80.2203369141,63741,63751,10
13.0046796799,80.2202224731,63751,63761,10
13.0044403076,80.2201766968,63761,63771,10
13.0038795471,80.2200698853,63771,63781,10
13.0032196045,80.2198867798,63781,63791,10
13.0024995804,80.2194824219,63791,63800,9
13.0019798279,80.2189407349,63800,63812,12
13.0012702942,80.2183380127,63812,63822,10
13.0005102158,80.2178726196,63822,63832,10
12.9998598099,80.2174224854,63832,63842,10
12.9990501404,80.217010498,63842,63852,10
12.9982004166,80.2166519165,63852,63862,10
12.9976797104,80.2165374756,63862,63872,10
12.9975004196,80.2165222168,63872,63882,10
12.9973096848,80.2165222168,63882,63892,10
12.9967098236,80.2165603638,63892,63902,10
12.9959402084,80.2167129517,63902,63912,10
12.9950304031,80.2171096802,63912,63922,10
12.9945402145,80.2174606323,63922,63933,11
12.9938898087,80.2179336548,63933,63943,10
12.9932098389,80.2184295654,63943,63953,10
12.9924898148,80.2189712524,63953,63963,10
12.9916296005,80.2195968628,63963,63973,10
12.9908800125,80.220161438,63973,63993,20
12.9908800125,80.220161438,63993,64003,10
12.9905099869,80.2204284668,64003,64013,10
12.989979744,80.2208709717,64013,64023,10
12.9894104004,80.2215118408,64023,64033,10
12.9888296127,80.2222137451,64033,64044,11
12.9880599976,80.2229537964,64044,64054,10
12.9879398346,80.2230224609,64054,64064,10
12.9877195358,80.2230911255,64064,64074,10
12.9875802994,80.2230911255,64074,64084,10
12.9872198105,80.2230606079,64084,64094,10
12.9869203568,80.2229766846,64094,64104,10
12.9864301682,80.2229309082,64104,64114,10
12.9858798981,80.2229919434,64114,64124,10
12.9855003357,80.2232666016,64124,64134,10
12.9851503372,80.2232131958,64134,64144,10
12.9845199585,80.2229309082,64144,64154,10
12.9839601517,80.2225875854,64154,64165,11
12.9834604263,80.2223205566,64165,64195,30
12.98320961,80.2221603394,64195,64235,40
12.98320961,80.2221603394,64235,64245,10
12.9828500748,80.2219619751,64245,64255,10
12.9826202393,80.221862793,64255,64265,10
12.9824399948,80.2218093872,64265,64275,10
12.9819698334,80.2215805054,64275,64286,11
12.9813299179,80.221206665,64286,64296,10
12.980629921,80.2210617065,64296,64306,10
12.9798603058,80.2211532593,64306,64316,10
12.9791402817,80.2211608887,64316,64326,10
12.9786500931,80.2211837769,64326,64336,10
12.97797966,80.221206665,64336,64346,10
12.9770898819,80.2212524414,64346,64356,10
12.976650238,80.2212600708,64356,64366,10
12.9763002396,80.2212371826,64366,64376,10
12.9760904312,80.2214431763,64376,64386,10
12.9764299393,80.2218780518,64386,64417,31
12.9764299393,80.2218780518,64417,64427,10
12.9765300751,80.2222900391,64427,64437,10
12.9768295288,80.2227630615,64437,64447,10
12.9770698547,80.22315979,64447,64457,10
12.9774398804,80.2237625122,64457,64467,10
12.9779195786,80.2244873047,64467,64477,10
12.9780502319,80.224647522,64477,64487,10
12.9782400131,80.2249832153,64487,64497,10
12.9785299301,80.225440979,64497,64507,10
12.9785404205,80.2254486084,64507,64517,10
12.9786701202,80.2257003784,64517,64528,11
12.9789896011,80.2262268066,64528,64538,10
12.9792900085,80.2267684937,64538,64548,10
12.9797096252,80.2274398804,64548,64558,10
12.9801797867,80.228187561,64558,64568,10
12.9805898666,80.2289428711,64568,64578,10
12.9809999466,80.2296218872,64578,64588,10
12.9816799164,80.2306518555,64588,64608,20
12.9816799164,80.2306518555,64608,64618,10
12.9817800522,80.2308425903,64618,64628,10
12.9819498062,80.2313766479,64628,64638,10
12.9820203781,80.232131958,64638,64649,11
12.9818601608,80.2330169678,64649,64659,10
12.9816303253,80.2335128784,64659,64669,10
12.981590271,80.233581543,64669,64679,10
12.9814996719,80.2337188721,64679,64689,10
12.9812602997,80.2342605591,64689,64699,10
12.9812097549,80.2350082397,64699,64709,10
12.9812097549,80.2352600098,64709,64719,10
12.9812297821,80.2354507446,64719,64729,10
12.9812402725,80.235496521,64729,64739,10
12.9812698364,80.2357406616,64739,64749,10
12.9812698364,80.236000061,64749,64760,11
12.981300354,80.2364730835,64760,64770,10
12.981300354,80.2370223999,64770,64780,10
12.981300354,80.237701416,64780,64790,10
12.9813299179,80.2379684448,64790,64800,10
12.9813203812,80.2386322021,64800,64820,20
12.9813203812,80.2386322021,64820,64830,10
12.9813404083,80.2390213013,64830,64840,10
12.9813499451,80.2395477295,64840,64850,10
12.9813499451,80.2401428223,64850,64860,10
12.9813604355,80.2407302856,64860,64870,10
12.9813604355,80.2413635254,64870,64881,11
12.9813604355,80.2422714233,64881,64891,10
12.9813604355,80.2428436279,64891,64901,10
12.9813604355,80.2428665161,64901,64911,10
12.9813604355,80.243019104,64911,64921,10
12.9813604355,80.243560791,64921,64931,10
12.9812602997,80.2443466187,64931,64941,10
12.9811401367,80.2453079224,64941,64951,10
12.9810199738,80.2464294434,64951,64961,10
12.9809103012,80.2475967407,64961,64971,10
12.9808197021,80.2487487793,64971,64981,10
12.9806699753,80.2498931885,64981,64991,10
12.9804000854,80.2509918213,64991,65002,11
12.9801301956,80.2520217896,65002,65012,10
12.9799404144,80.2526016235,65012,65032,20
12.9799404144,80.2526016235,65032,65042,10
12.9799404144,80.2526473999,65042,65052,10
12.9796895981,80.2528305054,65052,65062,10
12.9785995483,80.2526321411,65062,65092,30
12.9785995483,80.2526321411,65092,65102,10
12.9783401489,80.2524490356,65102,65112,10
12.9778404236,80.2520217896,65112,65123,11
12.9770097733,80.2514266968,65123,65133,10
12.9759197235,80.2511062622,65133,65143,10
12.9748096466,80.2507781982,65143,65153,10
12.973690033,80.2504730225,65153,65163,10
12.9726495743,80.2502212524,65163,65173,10
12.9724798203,80.2501831055,65173,65183,10
12.9721603394,80.2500762939,65183,65193,10
12.9715003967,80.2498931885,65193,65203,10
12.9706096649,80.2497406006,65203,65213,10
12.9695501328,80.2493362427,65213,65223,10
12.9684801102,80.2489089966,65223,65233,10
12.9674701691,80.2484817505,65233,65244,11
12.9666700363,80.2480621338,65244,65254,10
12.9653997421,80.2475280762,65254,65274,20
12.9653997421,80.2475280762,65274,65284,10
12.9652099609,80.247428894,65284,65294,10
12.9646596909,80.2472305298,65294,65304,10
12.9640703201,80.2470092773,65304,65314,10
12.963809967,80.2469329834,65314,65324,10
12.963470459,80.2468032837,65324,65334,10
12.9628696442,80.2464828491,65334,65344,10
12.9620304108,80.2460708618,65344,65354,10
12.9610595703,80.2455825806,65354,65365,11
12.9600000381,80.2450866699,65365,65375,10
12.9592103958,80.2447662354,65375,65395,20
12.9592103958,80.2447662354,65395,65405,10
12.9589195251,80.2445983887,65405,65415,10
12.9584102631,80.2443618774,65415,65425,10
12.9577903748,80.2441177368,65425,65435,10
12.9570999146,80.2438964844,65435,65445,10
12.956580162,80.2437515259,65445,65464,19
12.956580162,80.2437515259,65464,65475,11
12.9563903809,80.2436904907,65475,65486,11
12.9558897018,80.2434387207,65486,65496,10
12.9551496506,80.2430725098,65496,65506,10
12.9542198181,80.2426528931,65506,65516,10
12.9532203674,80.2422409058,65516,65526,10
12.9518203735,80.2417831421,65526,65546,20
12.9518203735,80.2417831421,65546,65556,10
12.9515895844,80.2416915894,65556,65566,10
12.9509801865,80.2414474487,65566,65576,10
12.9501199722,80.2412109375,65576,65586,10
12.9494199753,80.2409667969,65586,65597,11
12.9493198395,80.2409362793,65597,65607,10
12.9492197037,80.2409286499,65607,65617,10
12.9488201141,80.2407836914,65617,65627,10
12.9481201172,80.2404785156,65627,65637,10
12.9471101761,80.2400665283,65637,65657,20
12.9471101761,80.2400665283,65657,65667,10
12.9467897415,80.2399215698,65667,65677,10
12.9461803436,80.2396621704,65677,65687,10
12.945400238,80.2393035889,65687,65697,10
12.9446401596,80.238571167,65697,65707,10
12.9439296722,80.2378234863,65707,65718,11
12.943400383,80.2372817993,65718,65728,10
12.9433403015,80.2371902466,65728,65738,10
12.943110466,80.2369766235,65738,65748,10
12.9425497055,80.2366333008,65748,65758,10
12.9416599274,80.2363433838,65758,65768,10
12.9406604767,80.2361297607,65768,65778,10
12.940079689,80.2359466553,65778,65788,10
12.9397497177,80.235786438,65788,65798,10
12.9396600723,80.2357635498,65798,65808,10
12.9394102097,80.2356491089,65808,65818,10
12.9388399124,80.2353820801,65818,65828,10
12.9380903244,80.2350006104,65828,65839,11
12.9370803833,80.2344970703,65839,65849,10
12.9362401962,80.23412323,65849,65859,10
12.9360799789,80.2340621948,65859,65869,10
12.9357995987,80.2339172363,65869,65879,10
12.9356203079,80.2338104248,65879,65889,10
12.9354200363,80.2337188721,65889,65899,10
12.9349002838,80.2334823608,65899,65909,10
12.9339599609,80.2330780029,65909,65929,20
12.9339599609,80.2330780029,65929,65939,10
12.9337396622,80.2329711914,65939,65949,10
12.9331598282,80.232711792,65949,65960,11
12.9322299957,80.2323684692,65960,65970,10
12.9312000275,80.2320175171,65970,65980,10
12.9301900864,80.2317504883,65980,65990,10
12.9294099808,80.231552124,65990,66000,10
12.9289703369,80.2314529419,66000,66010,10
12.9282798767,80.2313079834,66010,66020,10
12.9275302887,80.2312088013,66020,66030,10
12.9263095856,80.2310714722,66030,66050,20
12.9263095856,80.2310714722,66050,66060,10
12.9260797501,80.2310333252,66060,66071,11
12.9254398346,80.2309494019,66071,66081,10
12.9246301651,80.2308807373,66081,66091,10
12.9236497879,80.230758667,66091,66101,10
12.9225301743,80.2305679321,66101,66111,10
12.9213495255,80.2304000854,66111,66121,10
12.9201498032,80.2302627563,66121,66131,10
12.9192199707,80.2301483154,66131,66141,10
12.9191598892,80.230140686,66141,66151,10
12.9189300537,80.2301025391,66151,66161,10
12.9183397293,80.2300109863,66161,66171,10
12.9175596237,80.2298965454,66171,66180,9
12.9169502258,80.2298202515,66180,66192,12
12.9160404205,80.2296905518,66192,66202,10
12.915189743,80.2295684814,66202,66212,10
12.9143295288,80.2294464111,66212,66222,10
12.9135799408,80.2293930054,66222,66232,10
12.9135398865,80.2293701172,66232,66242,10
12.9134397507,80.2293624878,66242,66252,10
12.9130001068,80.2292785645,66252,66262,10
12.9122400284,80.2291564941,66262,66272,10
12.911239624,80.2289962769,66272,66282,10
12.9101200104,80.228843689,66282,66292,10
12.9089603424,80.2286605835,66292,66302,10
12.9078702927,80.2284927368,66302,66313,11
12.9070100784,80.2284011841,66313,66323,10
12.90666008,80.2283630371,66323,66333,10
12.9062595367,80.2283096313,66333,66343,10
12.9061203003,80.2282867432,66343,66353,10
12.9055700302,80.2282867432,66353,66363,10
12.9047203064,80.2282333374,66363,66373,10
12.9037399292,80.2281570435,66373,66383,10
12.9031896591,80.2281494141,66383,66393,10
12.9030199051,80.2281417847,66393,66403,10
12.9025201797,80.2281188965,66403,66413,10
12.9019804001,80.2280883789,66413,66422,9
12.9016599655,80.2280578613,66422,66434,12
12.9011297226,80.2280578613,66434,66615,181
12.9011297226,80.2280578613,66615,66625,10
12.9007797241,80.2280197144,66625,66635,10
12.9002199173,80.2279663086,66635,66645,10
12.8992395401,80.2279281616,66645,66665,20
12.8992395401,80.2279281616,66665,66676,11
12.8988704681,80.2279129028,66676,66686,10
12.8982000351,80.2278671265,66686,66696,10
12.8973197937,80.2278137207,66696,66706,10
12.8962497711,80.2277526855,66706,66716,10
12.8952503204,80.2276992798,66716,66726,10
12.8941698074,80.2276382446,66726,66736,10
12.8933200836,80.2275772095,66736,66746,10
12.8931598663,80.2275695801,66746,66756,10
12.8928003311,80.2275085449,66756,66766,10
12.8926801682,80.2275009155,66766,66776,10
12.892250061,80.2274398804,66776,66787,11
12.8914003372,80.2274093628,66787,66797,10
12.8903999329,80.2274093628,66797,66807,10
12.8892803192,80.2274169922,66807,66817,10
12.8884296417,80.2274093628,66817,66827,10
12.8884000778,80.2274093628,66827,66837,10
12.888299942,80.2274093628,66837,66847,10
12.8878002167,80.2273635864,66847,66857,10
12.8870096207,80.2272415161,66857,66867,10
12.88601017,80.2269821167,66867,66877,10
12.885140419,80.2268066406,66877,66887,10
12.8847904205,80.2267837524,66887,66897,10
12.8847703934,80.2267684937,66897,66908,11
12.8843097687,80.2267608643,66908,66918,10
12.8835401535,80.2267532349,66918,66928,10
12.8824901581,80.2267608643,66928,66938,10
12.8813400269,80.2267608643,66938,66948,10
12.8801698685,80.2267608643,66948,66958,10
12.8789701462,80.2267990112,66958,66968,10
12.8778495789,80.2268829346,66968,66978,10
12.8770303726,80.2269515991,66978,66988,10
12.8765497208,80.2269668579,66988,67017,29
12.8765497208,80.2269668579,67017,67029,12
12.8764200211,80.2267303467,67029,67039,10
12.8764200211,80.2264862061,67039,67049,10
12.8764295578,80.2264480591,67049,67059,10
12.8764600754,80.2260894775,67059,67069,10
12.876540184,80.2253799438,67069,67079,10
12.876660347,80.2244491577,67079,67089,10
12.8768501282,80.2234115601,67089,67099,10
12.8771295547,80.2222518921,67099,67109,10
12.8774003983,80.2210693359,67109,67119,10
12.8776397705,80.2200393677,67119,67129,10
12.8778600693,80.2190704346,67129,67139,10
12.8780899048,80.2179718018,67139,67150,11
12.8783397675,80.2167129517,67150,67160,10
12.8785600662,80.215713501,67160,67170,10
12.8787698746,80.2147064209,67170,67180,10
12.8789100647,80.2139434814,67180,67190,10
12.879070282,80.2130203247,67190,67200,10
12.8792295456,80.2121887207,67200,67210,10
12.8793401718,80.2115478516,67210,67220,10
12.8793001175,80.2110671997,67220,67230,10
12.8789396286,80.2109832764,67230,67250,20
12.8789396286,80.2109832764,67250,67261,11
12.878660202,80.2108917236,67261,67271,10
12.8782396317,80.2108230591,67271,67281,10
12.8777399063,80.2107162476,67281,67291,10
12.8772497177,80.2106323242,67291,67301,10
12.8767204285,80.2105407715,67301,67311,10
12.8762598038,80.2104263306,67311,67321,10
12.8756303787,80.2103271484,67321,67331,10
12.8750801086,80.2102279663,67331,67341,10
12.8744602203,80.2101211548,67341,67371,30
12.8744602203,80.2101211548,67371,67382,11
12.8744001389,80.2100372314,67382,67392,10
12.8744297028,80.2096710205,67392,67402,10
12.8747396469,80.2096328735,67402,67412,10
12.874710083,80.2099914551,67412,67442,30
12.874710083,80.2099914551,67442,67452,10
12.8746795654,80.2101287842,67452,67462,10
12.8748703003,80.2101974487,67462,67472,10
12.8756198883,80.2103729248,67472,67482,10
12.8756198883,80.2103729248,67482,67492,10
12.8759202957,80.2104187012,67492,67501,9
12.8786697388,80.2109603882,67501,67550,49
12.8786697388,80.2109603882,67550,67570,20
12.879240036,80.2110595703,67570,67580,10
12.8793401718,80.2110900879,67580,67590,10
12.8794698715,80.2113723755,67590,67600,10
12.879360199,80.2118606567,67600,67610,10
12.8792600632,80.2124481201,67610,67621,11
12.8790903091,80.2134017944,67621,67631,10
12.8789100647,80.2143325806,67631,67641,10
12.8787498474,80.2151412964,67641,67651,10
12.878569603,80.2159729004,67651,67661,10
12.8783798218,80.2168426514,67661,67671,10
12.8782100677,80.217666626,67671,67681,10
12.8780298233,80.2185668945,67681,67691,10
12.877790451,80.2195968628,67691,67701,10
12.8775501251,80.2206268311,67701,67711,10
12.8773002625,80.2217102051,67711,67721,10
12.8770503998,80.2228012085,67721,67731,10
12.876830101,80.223777771,67731,67742,11
12.8766803741,80.2247009277,67742,67752,10
12.8765602112,80.2257003784,67752,67762,10
12.876449585,80.2264709473,67762,67772,10
12.8764400482,80.2268066406,67772,67812,40
12.8764400482,80.2268066406,67812,67822,10
12.8765697479,80.2269515991,67822,67832,10
12.8769302368,80.2269134521,67832,67842,10
12.8776502609,80.226852417,67842,67852,10
12.8785896301,80.2267837524,67852,67863,11
12.8797903061,80.2267303467,67863,67873,10
12.8809204102,80.2267303467,67873,67883,10
12.8820400238,80.2267227173,67883,67893,10
12.8831796646,80.2267074585,67893,67903,10
12.8842201233,80.2266921997,67903,67913,10
12.8848199844,80.2266921997,67913,67923,10
12.8851804733,80.2267227173,67923,67933,10
12.8852996826,80.2267303467,67933,67943,10
12.8854398727,80.2267684937,67943,67953,10
12.8858203888,80.226852417,67953,67963,10
12.8865098953,80.2270278931,67963,67973,10
12.8873500824,80.2272109985,67973,67984,11
12.8883895874,80.2273101807,67984,67994,10
12.8894796371,80.2273330688,67994,68004,10
12.8906497955,80.2273406982,68004,68014,10
12.8917198181,80.2273178101,68014,68024,10
12.8922996521,80.2273406982,68024,68034,10
12.8930196762,80.2274093628,68034,68044,10
12.893819809,80.2275238037,68044,68054,10
12.8940200806,80.2275314331,68054,68064,10
12.8942298889,80.2275466919,68064,68074,10
12.8948202133,80.2276000977,68074,68083,9
12.8955402374,80.2276306152,68083,68095,12
12.8968200684,80.2276763916,68095,68105,10
12.8978300095,80.2277526855,68105,68115,10
12.8987398148,80.2277908325,68115,68125,10
12.8991804123,80.2278137207,68125,68135,10
12.8992900848,80.2278213501,68135,68145,10
12.8997097015,80.2278518677,68145,68155,10
12.9000396729,80.2278823853,68155,68165,10
12.9004802704,80.227897644,68165,68175,10
12.9009399414,80.2279281616,68175,68185,10
12.9012203217,80.2279510498,68185,68195,10
12.9016599655,80.2279815674,68195,68205,10
12.9020795822,80.2279815674,68205,68216,11
12.9024400711,80.2279891968,68216,68226,10
12.9031000137,80.2279891968,68226,68246,20
12.9031000137,80.2279891968,68246,68256,10
12.9032297134,80.228012085,68256,68266,10
12.9034099579,80.2280731201,68266,68276,10
12.9035301208,80.2280807495,68276,68286,10
12.9036903381,80.2280883789,68286,68296,10
12.904129982,80.2281036377,68296,68306,10
12.9042596817,80.2281112671,68306,68316,10
12.9043703079,80.2281112671,68316,68325,9
12.9046297073,80.2281112671,68325,68337,12
12.90487957,80.2281265259,68337,68347,10
12.905090332,80.2281494141,68347,68437,90
12.905090332,80.2281494141,68437,68447,10
12.9054403305,80.2280807495,68447,68458,11
12.9055500031,80.2281112671,68458,68468,10
12.9058904648,80.2281417847,68468,68478,10
12.9061203003,80.2281570435,68478,68488,10
12.906370163,80.2281799316,68488,68498,10
12.9068202972,80.2282409668,68498,68508,10
12.9071598053,80.228302002,68508,68518,10
12.9071702957,80.2282867432,68518,68528,10
12.9075098038,80.2283172607,68528,68538,10
12.9081401825,80.2284393311,68538,68548,10
12.9090099335,80.2285919189,68548,68558,10
12.9100599289,80.228767395,68558,68568,10
12.9111700058,80.2289428711,68568,68579,11
12.9124002457,80.229133606,68579,68589,10
12.9133796692,80.2292785645,68589,68599,10
12.9139003754,80.229309082,68599,68629,30
12.9139003754,80.229309082,68629,68639,10
12.9140701294,80.2293624878,68639,68649,10
12.9145498276,80.2294082642,68649,68659,10
12.9152498245,80.2295227051,68659,68669,10
12.9161396027,80.2296676636,68669,68679,10
12.917140007,80.2297897339,68679,68690,11
12.9183101654,80.2299423218,68690,68700,10
12.918970108,80.2300186157,68700,68730,30
12.918970108,80.2300186157,68730,68740,10
12.9190301895,80.2300186157,68740,68750,10
12.9193897247,80.2300796509,68750,68760,10
12.9200201035,80.2301483154,68760,68770,10
12.9208202362,80.2302627563,68770,68780,10
12.9217596054,80.2303771973,68780,68790,10
12.922829628,80.2305374146,68790,68800,10
12.9239597321,80.2306976318,68800,68811,11
12.9252099991,80.2308578491,68811,68821,10
12.9265298843,80.2309875488,68821,68851,30
12.9265298843,80.2309875488,68851,68861,10
12.9266300201,80.2310180664,68861,68871,10
12.9270296097,80.2310714722,68871,68881,10
12.9276895523,80.2311630249,68881,68891,10
12.9284801483,80.2312469482,68891,68901,10
12.9292201996,80.2313995361,68901,68911,10
12.9300603867,80.2315826416,68911,68921,10
12.9310398102,80.2318572998,68921,68932,11
12.9320602417,80.2322006226,68932,68942,10
12.9328899384,80.2324676514,68942,68952,10
12.9334201813,80.2326965332,68952,68972,20
12.9334201813,80.2326965332,68972,68982,10
12.933549881,80.2328109741,68982,68992,10
12.9339599609,80.2329711914,68992,69002,10
12.9346399307,80.2332687378,69002,69012,10
12.9354600906,80.2336502075,69012,69022,10
12.9363203049,80.2340621948,69022,69032,10
12.9372901917,80.2345581055,69032,69041,9
12.9382295609,80.2350006104,69041,69053,12
12.9396400452,80.2357025146,69053,69073,20
12.9396400452,80.2357025146,69073,69083,10
12.9397697449,80.2357711792,69083,69093,10
12.940199852,80.2359390259,69093,69103,10
12.9409103394,80.2361221313,69103,69113,10
12.9417600632,80.2363128662,69113,69123,10
12.9426898956,80.2366104126,69123,69133,10
12.9435300827,80.2372436523,69133,69143,10
12.9442796707,80.2380599976,69143,69153,10
12.9450597763,80.2389068604,69153,69164,11
12.946100235,80.2395706177,69164,69174,10
12.9473104477,80.2400436401,69174,69194,20
12.9473104477,80.2400436401,69194,69204,10
12.947429657,80.2400894165,69204,69214,10
12.9478302002,80.2402572632,69214,69224,10
12.9484100342,80.2404937744,69224,69234,10
12.9487400055,80.2406082153,69234,69285,51
12.9487400055,80.2406082153,69285,69295,10
12.9488801956,80.2406616211,69295,69305,10
12.9492397308,80.2408218384,69305,69315,10
12.9498100281,80.241027832,69315,69325,10
12.9505300522,80.2412414551,69325,69335,10
12.9512996674,80.2414474487,69335,69355,20
12.9512996674,80.2414474487,69355,69365,10
12.951379776,80.2414779663,69365,69375,10
12.951499939,80.2415466309,69375,69385,10
12.9517202377,80.2416305542,69385,69395,10
12.9521903992,80.2418212891,69395,69406,11
12.95291996,80.2421035767,69406,69416,10
12.9535799026,80.2423477173,69416,69426,10
12.9542398453,80.2426376343,69426,69436,10
12.9549198151,80.2428894043,69436,69446,10
12.955619812,80.2431488037,69446,69456,10
12.9561300278,80.243270874,69456,69466,10
12.9563999176,80.2433395386,69466,69476,10
12.9567499161,80.2435073853,69476,69486,10
12.9573698044,80.2438430786,69486,69496,10
12.9580898285,80.2441711426,69496,69506,10
12.9590101242,80.2445831299,69506,69527,21
12.9590101242,80.2445831299,69527,69537,10
12.9590501785,80.2446289063,69537,69547,10
12.9593801498,80.2447662354,69547,69557,10
12.9599304199,80.2450332642,69557,69567,10
12.9606599808,80.2453384399,69567,69577,10
12.961520195,80.2457504272,69577,69587,10
12.9623203278,80.2461395264,69587,69597,10
12.9626197815,80.246307373,69597,69607,10
12.9627199173,80.2463684082,69607,69617,10
12.963139534,80.2465591431,69617,69627,10
12.963549614,80.2467727661,69627,69636,9
12.9639396667,80.2469406128,69636,69648,12
12.9647197723,80.2472305298,69648,69658,10
12.9655399323,80.2474899292,69658,69668,10
12.9664802551,80.247833252,69668,69698,30
12.9664802551,80.247833252,69698,69708,10
12.9665803909,80.2478713989,69708,69718,10
12.9668998718,80.2480316162,69718,69728,10
12.9673204422,80.248260498,69728,69738,10
12.968000412,80.2485580444,69738,69748,10
12.9688396454,80.2489013672,69748,69758,10
12.9698095322,80.2492904663,69758,69769,11
12.9709796906,80.2497177124,69769,69779,10
12.9720697403,80.2499923706,69779,69789,10
12.97315979,80.2502593994,69789,69799,10
12.9744300842,80.2505722046,69799,69819,20
12.9744300842,80.2505722046,69819,69829,10
12.9747200012,80.2506790161,69829,69839,10
12.9752902985,80.2508468628,69839,69849,10
12.9760599136,80.251083374,69849,69859,10
12.9769897461,80.2513580322,69859,69868,9
12.9777202606,80.2518005371,69868,69880,12
12.9786901474,80.2525177002,69880,69890,10
12.9792604446,80.2525787354,69890,69900,10
12.9798297882,80.2525177002,69900,69930,30
12.9798297882,80.2525177002,69930,69940,10
12.9799203873,80.2524032593,69940,69950,10
12.9799404144,80.2521286011,69950,69960,10
12.9800195694,80.2518692017,69960,69970,10
12.9801902771,80.2513427734,69970,69980,10
12.9804000854,80.2505874634,69980,69990,10
12.9806098938,80.24974823,69990,70001,11
12.9806995392,80.2490081787,70001,70010,9
12.9807300568,80.2482681274,70010,70021,11
12.9808101654,80.2472229004,70021,70031,10
12.980919838,80.2461166382,70031,70041,10
12.9809799194,80.2451477051,70041,70081,40
12.9809799194,80.2451477051,70081,70091,10
12.981010437,80.2449264526,70091,70111,20
12.9810199738,80.2448272705,70111,70132,21
12.9810199738,80.2448272705,70132,70142,10
12.9810400009,80.2446975708,70142,70162,20
12.9810400009,80.2446975708,70162,70172,10
12.9810495377,80.2446289063,70172,70182,10
12.9810600281,80.2445373535,70182,70192,10
12.9810695648,80.2444915771,70192,70202,10
12.9810800552,80.2443695068,70202,70212,10
12.9811000824,80.2442169189,70212,70253,41
12.9811000824,80.2442169189,70253,70263,10
12.9811401367,80.243850708,70263,70283,20
12.9811401367,80.243850708,70283,70293,10
12.9812402725,80.2436981201,70293,70303,10
12.9812803268,80.2434616089,70303,70394,91
12.9812803268,80.2434616089,70394,70404,10
12.9812402725,80.2431106567,70404,70485,81
12.9812402725,80.2431106567,70485,70495,10
12.9813098907,80.2427215576,70495,70505,10
12.981300354,80.2422027588,70505,70535,30
12.981300354,80.2422027588,70535,70545,10
12.981300354,80.241897583,70545,70555,10
12.9813098907,80.2415237427,70555,70565,10
12.9813098907,80.2412109375,70565,70616,51
12.9813098907,80.2412109375,70616,70626,10
12.981300354,80.2408599854,70626,70636,10
12.9812898636,80.2406387329,70636,70646,10
12.9812898636,80.2403488159,70646,70666,20
12.9812898636,80.2403488159,70666,70676,10
12.9812803268,80.2400436401,70676,70696,20
12.9812803268,80.2400436401,70696,70706,10
12.9812698364,80.2398071289,70706,70727,21
12.9812698364,80.2398071289,70727,70737,10
12.9812602997,80.2394332886,70737,70747,10
12.9812402725,80.238899231,70747,70757,10
12.9812097549,80.2379608154,70757,70777,20
12.9812097549,80.2379608154,70777,70787,10
12.9812002182,80.2379074097,70787,70797,10
12.9812002182,80.2375717163,70797,70807,10
12.9811897278,80.2369613647,70807,70817,10
12.981180191,80.2362213135,70817,70827,10
12.9811601639,80.2354812622,70827,70838,11
12.9811496735,80.2345809937,70838,70848,10
12.9812498093,80.23412323,70848,70858,10
12.9812602997,80.2341079712,70858,70868,10
12.981300354,80.2340164185,70868,70878,10
12.9813699722,80.2338562012,70878,70888,10
12.9814395905,80.2336502075,70888,70898,10
12.9814996719,80.233543396,70898,70908,10
12.9815797806,80.2333526611,70908,70918,10
12.9815998077,80.2333221436,70918,70928,10
12.9816503525,80.2332305908,70928,70938,10
12.9818000793,80.2328872681,70938,70948,10
12.9819202423,80.232460022,70948,70959,11
12.9819097519,80.232208252,70959,70969,10
12.9819202423,80.2318496704,70969,70979,10
12.981880188,80.2315063477,70979,70989,10
12.9817695618,80.2310791016,70989,70999,10
12.9815702438,80.2306671143,70999,71009,10
12.9812498093,80.2301483154,71009,71019,10
12.9809598923,80.2297134399,71019,71039,20
12.9809598923,80.2297134399,71039,71049,10
12.9808502197,80.2294692993,71049,71059,10
12.9805402756,80.2289733887,71059,71080,21
12.9805402756,80.2289733887,71080,71090,10
12.9804201126,80.2287979126,71090,71100,10
12.9802503586,80.2284317017,71100,71110,10
12.980050087,80.2280578613,71110,71120,10
12.9797296524,80.2275085449,71120,71130,10
12.9794301987,80.2270126343,71130,71140,10
12.9791402817,80.2265472412,71140,71150,10
12.9787597656,80.2258834839,71150,71160,10
12.9783096313,80.2251663208,71160,71170,10
12.9781198502,80.224861145,71170,71180,10
12.9780197144,80.2247009277,71180,71191,11
12.9778900146,80.224571228,71191,71201,10
12.9777002335,80.2242965698,71201,71221,20
12.9777002335,80.2242965698,71221,71231,10
12.9776201248,80.2241973877,71231,71241,10
12.9774198532,80.2238311768,71241,71251,10
12.9770803452,80.2232589722,71251,71261,10
12.9768896103,80.2228317261,71261,71271,10
12.9772396088,80.2227401733,71271,71301,30
12.9772396088,80.2227401733,71301,71312,11
12.9774703979,80.222618103,71312,71322,10
12.9774503708,80.2221908569,71322,71332,10
12.9774198532,80.2215423584,71332,71342,10
12.9774103165,80.2213363647,71342,71352,10
12.9777097702,80.2212600708,71352,71362,10
12.9781198502,80.221206665,71362,71372,10
12.9787502289,80.2211532593,71372,71382,10
12.979470253,80.2211074829,71382,71392,10
12.9801797867,80.2210769653,71392,71402,10
12.9807701111,80.221031189,71402,71412,10
12.9812097549,80.221206665,71412,71421,9
12.9821100235,80.2217102051,71421,71503,82
12.9824199677,80.2219085693,71503,71533,30
12.9824199677,80.2219085693,71533,71543,10
12.9827899933,80.2220001221,71543,71584,41
12.9827899933,80.2220001221,71584,71594,10
12.9832201004,80.2221984863,71594,71614,20
12.9832201004,80.2221984863,71614,71624,10
12.9834699631,80.2223815918,71624,71634,10
12.9836902618,80.2225036621,71634,71644,10
12.9840602875,80.2227325439,71644,71654,10
12.9843997955,80.2229309082,71654,71665,11
12.9846000671,80.2230682373,71665,71675,10
12.984869957,80.223197937,71675,71685,10
12.9853000641,80.2232971191,71685,71725,40
12.9853000641,80.2232971191,71725,71735,10
12.9857196808,80.2230377197,71735,71816,81
12.9859895706,80.2230072021,71816,71836,20
12.9862098694,80.2230224609,71836,71856,20
12.9864301682,80.2230224609,71856,71896,40
12.9864301682,80.2230224609,71896,71907,11
12.9866399765,80.2230224609,71907,71917,10
12.9868497849,80.2230377197,71917,71927,10
12.9870595932,80.2230834961,71927,71937,10
12.9874296188,80.2230987549,71937,71947,10
12.987859726,80.2229766846,71947,71957,10
12.9882898331,80.22265625,71957,71967,10
12.9886903763,80.2222595215,71967,71977,10
12.9889698029,80.2219161987,71977,71987,10
12.989159584,80.2216796875,71987,71997,10
12.9893398285,80.2214431763,71997,72007,10
12.9894399643,80.221282959,72007,72017,10
12.9896297455,80.2210388184,72017,72028,11
12.9903001785,80.2204284668,72028,72048,20
12.9903001785,80.2204284668,72048,72058,10
12.9906396866,80.220199585,72058,72068,10
12.9909200668,80.2199630737,72068,72078,10
12.990940094,80.2199401855,72078,72088,10
12.9911699295,80.2198028564,72088,72098,10
12.9916296005,80.2194671631,72098,72108,10
12.9922103882,80.2190628052,72108,72118,10
12.9928598404,80.2185821533,72118,72128,10
12.9934501648,80.2181625366,72128,72138,10
12.9941501617,80.2176437378,72138,72159,21
12.9941501617,80.2176437378,72159,72169,10
12.9944295883,80.2174301147,72169,72179,10
12.9948596954,80.2171096802,72179,72189,10
12.9954004288,80.2168121338,72189,72199,10
12.9960298538,80.2166213989,72199,72209,10
12.996720314,80.2165222168,72209,72219,10
12.997130394,80.2164535522,72219,72229,10
12.9974098206,80.216178894,72229,72249,20
12.9974098206,80.216178894,72249,72259,10
12.997710228,80.215927124,72259,72270,11
12.9980697632,80.2155075073,72270,72280,10
12.9985799789,80.2150268555,72280,72290,10
12.9989700317,80.2147369385,72290,72300,10
12.9994001389,80.2144393921,72300,72310,10
12.999830246,80.2140884399,72310,72320,10
13.0002403259,80.2137298584,72320,72330,10
13.0006399155,80.2133178711,72330,72340,10
13.0010700226,80.2129974365,72340,72350,10
13.0014400482,80.2127380371,72350,72360,10
13.0018701553,80.2124481201,72360,72370,10
13.0021896362,80.2122802734,72370,72381,11
13.0026597977,80.2121429443,72381,72391,10
13.0035295486,80.2119903564,72391,72421,30
13.0035295486,80.2119903564,72421,72431,10
13.003660202,80.2116775513,72431,72441,10
13.0036296844,80.2110824585,72441,72451,10
13.0035400391,80.2103424072,72451,72461,10
13.0034999847,80.2095870972,72461,72471,10
13.0036697388,80.2088394165,72471,72481,10
13.0043201447,80.2088165283,72481,72491,10
13.0050296783,80.2091522217,72491,72502,11
13.005490303,80.2093505859,72502,72512,10
13.0056800842,80.2094116211,72512,72522,10
13.005900383,80.2095031738,72522,72532,10
13.0062599182,80.2096176147,72532,72542,10
13.0066404343,80.2097473145,72542,72552,10
13.0069999695,80.2098083496,72552,72562,10
13.0074300766,80.2098693848,72562,72592,30
13.0074300766,80.2098693848,72592,72602,10
13.0077400208,80.2099533081,72602,72612,10
13.0078897476,80.2099761963,72612,72623,11
13.0080404282,80.2100219727,72623,72633,10
13.0081195831,80.2098693848,72633,72643,10
13.0080299377,80.2093811035,72643,72653,10
13.007900238,80.2085723877,72653,72663,10
13.0077600479,80.207649231,72663,72673,10
13.0076599121,80.2070999146,72673,72683,10
13.0075597763,80.2063903809,72683,72693,10
13.0074996948,80.2056503296,72693,72703,10
13.0074996948,80.2049102783,72703,72713,10
13.0074796677,80.2041931152,72713,72722,9
13.007399559,80.2034835815,72722,72733,11
13.0071201324,80.2026290894,72733,72744,11
13.006480217,80.2029037476,72744,72754,10
13.0067195892,80.2033691406,72754,72764,10
13.0073299408,80.2036819458,72764,72774,10
13.0081501007,80.2037582397,72774,72784,10
13.0091295242,80.2037124634,72784,72794,10
13.0102596283,80.2036819458,72794,72804,10
13.0114002228,80.2037582397,72804,72814,10
13.0124397278,80.2039337158,72814,72824,10
13.0131902695,80.2041091919,72824,72834,10
13.0135803223,80.2043304443,72834,72855,21
13.0135803223,80.2043304443,72855,72865,10
13.0136003494,80.2045898438,72865,72875,10
13.0135698318,80.2046508789,72875,72885,10
13.013469696,80.2049179077,72885,72895,10
13.0132904053,80.2054595947,72895,72905,10
13.013130188,80.2060699463,72905,72915,10
13.0130300522,80.2065811157,72915,72925,10
13.0129804611,80.2071762085,72925,72935,10
13.0129003525,80.2076873779,72935,72945,10
13.0128698349,80.2078475952,72945,72955,10
13.0128202438,80.2082366943,72955,72965,10
13.0128202438,80.2086486816,72965,72976,11
13.0128898621,80.2092208862,72976,72986,10
13.0131502151,80.2097320557,72986,72996,10
13.0130996704,80.2102966309,72996,73006,10
13.013010025,80.2107620239,73006,73016,10
13.0128097534,80.2113189697,73016,73026,10
13.0125799179,80.2117767334,73026,73036,10
13.0121898651,80.212387085,73036,73046,10
13.0119199753,80.2127990723,73046,73056,10
13.0117397308,80.2128295898,73056,73066,10
13.0113096237,80.2125778198,73066,73207,141
13.0113096237,80.2125778198,73207,73218,11
13.0110998154,80.2124481201,73218,73228,10
13.0108804703,80.2122573853,73228,73238,10
13.0106296539,80.212059021,73238,73248,10
13.010310173,80.2118301392,73248,73935,687
13.010020256,80.2115631104,73935,73955,20
13.010020256,80.2115631104,73955,73965,10
13.009759903,80.2113800049,73965,73975,10
13.0095396042,80.2111968994,73975,74005,30
13.0095396042,80.2111968994,74005,74015,10
13.0092496872,80.2112197876,74015,74025,10
13.0090799332,80.2114868164,74025,74035,10
13.0090303421,80.2116012573,74035,74044,9
13.0090103149,80.2117996216,74044,74056,12
13.009180069,80.2123718262,74056,74066,10
13.0094099045,80.2130126953,74066,74076,10
13.0096597672,80.2136535645,74076,74086,10
13.0099802017,80.2144088745,74086,74096,10
13.010140419,80.2152481079,74096,74106,10
13.0102901459,80.2159500122,74106,74116,10
13.0106897354,80.216796875,74116,74126,10
13.0110902786,80.2176208496,74126,74136,10
13.0114498138,80.2186203003,74136,74146,10
13.0118398666,80.2197189331,74146,74156,10
13.0122299194,80.2208099365,74156,74166,10
13.0123500824,80.2214736938,74166,74177,11
13.0125303268,80.221862793,74177,74187,10
13.0128498077,80.2223434448,74187,74197,10
13.0133399963,80.2228317261,74197,74207,10
13.0138597488,80.2233734131,74207,74217,10
13.0141801834,80.2237930298,74217,74227,10
13.0146903992,80.2244110107,74227,74237,10
13.0151596069,80.2249603271,74237,74247,10
13.0153799057,80.2253417969,74247,74257,10
13.015250206,80.2257995605,74257,74267,10
13.0147399902,80.2260437012,74267,74277,10
13.0140695572,80.22631073,74277,74288,11
13.0131597519,80.2266998291,74288,74298,10
13.0123500824,80.2270278931,74298,74308,10
13.0114297867,80.2274093628,74308,74318,10
13.0103597641,80.2278366089,74318,74328,10
13.0093803406,80.2282485962,74328,74338,10
13.0090198517,80.2289810181,74338,74348,10
13.0087900162,80.2301025391,74348,74358,10
13.0086097717,80.2312011719,74358,74368,10
13.0083799362,80.232383728,74368,74378,10
13.0081596375,80.2334823608,74378,74388,10
13.0079803467,80.2344436646,74388,74398,10
13.0077800751,80.2354202271,74398,74409,11
13.0075397491,80.236618042,74409,74419,10
13.0073204041,80.237739563,74419,74429,10
13.0071697235,80.2385025024,74429,74439,10
13.0070295334,80.2392196655,74439,74449,10
13.0068798065,80.239982605,74449,74459,10
13.0067100525,80.2407989502,74459,74469,10
13.0066099167,80.2417221069,74469,74479,10
13.0066003799,80.2427215576,74479,74489,10
13.0066404343,80.2435302734,74489,74499,10
13.0066604614,80.2445220947,74499,74509,10
13.0066900253,80.245262146,74509,74519,10
13.0067100525,80.2457885742,74519,74530,11
13.0067596436,80.2464828491,74530,74540,10
13.0067796707,80.246887207,74540,74550,10
13.0067796707,80.2473220825,74550,74560,10
13.0067300797,80.2479782104,74560,74570,10
13.0067396164,80.2489318848,74570,74580,10
13.0067796707,80.2500686646,74580,74590,10
13.0067796707,80.2515335083,74590,74620,30
13.0067796707,80.2515335083,74620,74630,10
13.0066795349,80.2517471313,74630,74640,10
13.0065803528,80.2522964478,74640,74651,11
13.0065202713,80.2531280518,74651,74661,10
13.0065202713,80.2539672852,74661,74671,10
13.0065603256,80.2549209595,74671,74681,10
13.0065498352,80.2560501099,74681,74691,10
13.0065698624,80.2570037842,74691,74701,10
13.0065603256,80.2575302124,74701,74711,10
13.0061998367,80.2575836182,74711,74721,10
13.00578022,80.2574920654,74721,74730,9
13.0053501129,80.2574005127,74730,74741,11
13.0047903061,80.2572631836,74741,74751,10
13.0043296814,80.2571563721,74751,74761,10
13.0038204193,80.2570800781,74761,74772,11
13.0032196045,80.256980896,74772,74782,10
13.002869606,80.2569122314,74782,74792,10
13.0024204254,80.2568283081,74792,74802,10
13.0019798279,80.2567520142,74802,74852,50
13.0019798279,80.2567520142,74852,74862,10
13.0017595291,80.2566299438,74862,74872,10
13.0014400482,80.2565994263,74872,74883,11
13.0007095337,80.2565307617,74883,74893,10
12.9999704361,80.256439209,74893,74903,10
12.9993400574,80.2563018799,74903,74913,10
12.9988203049,80.2562026978,74913,74923,10
12.9984703064,80.256149292,74923,74933,10
12.9980602264,80.2561264038,74933,74943,10
12.997879982,80.2561035156,74943,74953,10
12.9976902008,80.2562484741,74953,74963,10
12.9976997375,80.2568969727,74963,75447,484
12.9976997375,80.2570419312,75447,75609,162
12.9976997375,80.2570419312,75609,75619,10
12.9978399277,80.2571487427,75619,75639,20
12.9978399277,80.2571487427,75639,75649,10
12.9981098175,80.2571792603,75649,75659,10
12.9982004166,80.2567977905,75659,83565,7906
12.9983301163,80.2566299438,83565,84352,787
