13.0982904434,80.2411117554,19,627,608
13.0982904434,80.2411117554,627,637,10
13.0985403061,80.2407073975,637,647,10
13.0985403061,80.2406463623,647,657,10
13.09856987,80.2403106689,657,668,11
13.098690033,80.2400970459,668,678,10
13.0989398956,80.2402572632,678,688,10
13.0988998413,80.2404403687,688,799,111
13.0988998413,80.2404403687,799,809,10
13.0989198685,80.2405700684,809,819,10
13.0990104675,80.2407836914,819,829,10
13.0989999771,80.2407913208,829,840,11
13.098950386,80.2409591675,840,850,10
13.0989303589,80.2411804199,850,860,10
13.0988397598,80.2413711548,860,18573,17713
13.098739624,80.2413787842,18573,19021,448
13.0987501144,80.2413482666,19021,21537,2516
13.0987501144,80.2413482666,21537,21547,10
13.0986404419,80.2413406372,21547,21557,10
13.0984897614,80.2412414551,21557,21567,10
13.0985403061,80.2409667969,21567,21577,10
13.0986204147,80.2406616211,21577,21587,10
13.0986204147,80.2404098511,21587,21597,10
13.0986003876,80.240196228,21597,21607,10
13.098859787,80.2400970459,21607,21617,10
13.0991401672,80.2403411865,21617,21628,11
13.0989999771,80.2407226563,21628,21638,10
13.0989599228,80.2409973145,21638,21648,10
13.0989398956,80.2412796021,21648,21658,10
13.0989303589,80.2415618896,21658,22619,961
13.0989303589,80.2415618896,22619,22629,10
13.0988101959,80.2416763306,22629,22659,30
13.0988101959,80.2416763306,22659,22670,11
13.0987997055,80.241897583,22670,22679,9
13.0987100601,80.2421722412,22679,22690,11
13.0986099243,80.2422485352,22690,22700,10
13.0984601974,80.2423095703,22700,22710,10
13.09815979,80.2422790527,22710,22720,10
13.0978803635,80.2421875,22720,22903,183
13.0976896286,80.2421188354,22903,23176,273
13.0976896286,80.2421188354,23176,23186,10
13.0976896286,80.2422180176,23186,23195,9
13.0975599289,80.2421875,23195,23206,11
13.097410202,80.242149353,23206,23216,10
13.0970201492,80.2420120239,23216,23227,11
13.0963697433,80.2418212891,23227,23237,10
13.0957298279,80.241607666,23237,23247,10
13.0952796936,80.2414398193,23247,23257,10
13.0948200226,80.2413024902,23257,23267,10
13.0944299698,80.2412185669,23267,23277,10
13.0938796997,80.2411270142,23277,23287,10
13.0931301117,80.2410125732,23287,23297,10
13.0925703049,80.2409362793,23297,23307,10
13.0920696259,80.2408981323,23307,23317,10
13.0913801193,80.2408905029,23317,23329,12
13.0906400681,80.2408599854,23329,23339,10
13.0898103714,80.2409973145,23339,23349,10
13.0890398026,80.2414932251,23349,23359,10
13.0883598328,80.2419967651,23359,23369,10
13.08796978,80.2426986694,23369,23379,10
13.0878601074,80.2432022095,23379,23389,10
13.0877504349,80.2434234619,23389,23399,10
13.0875902176,80.2436294556,23399,23409,10
13.0872602463,80.2439575195,23409,23419,10
13.0867595673,80.2443771362,23419,23430,11
13.0861101151,80.2449035645,23430,23440,10
13.0856704712,80.2452926636,23440,23450,10
13.0856304169,80.24559021,23450,23460,10
13.0856800079,80.2462005615,23460,23470,10
13.0857400894,80.2471008301,23470,23480,10
13.0857896805,80.2480010986,23480,23490,10
13.0858402252,80.2488937378,23490,23501,11
13.0859003067,80.2500534058,23501,23510,9
13.0858402252,80.2507476807,23510,23522,12
13.0857496262,80.2516403198,23522,23532,10
13.0856304169,80.2525634766,23532,23542,10
13.085559845,80.2535018921,23542,23552,10
13.085650444,80.2543869019,23552,23562,10
13.085559845,80.2546615601,23562,23572,10
13.0850200653,80.2546615601,23572,23582,10
13.0841302872,80.2545776367,23582,23592,10
13.0831604004,80.2545013428,23592,23602,10
13.0823001862,80.2544784546,23602,23612,10
13.081580162,80.2548065186,23612,23623,11
13.0807800293,80.2547836304,23623,23633,10
13.0799398422,80.2546386719,23633,23643,10
13.0791397095,80.2546615601,23643,23653,10
13.0790596008,80.2551193237,23653,23663,10
13.079079628,80.2559280396,23663,23673,10
13.0791797638,80.2569885254,23673,23683,10
13.0792798996,80.2580871582,23683,23693,10
13.0794200897,80.2592086792,23693,23703,10
13.0796098709,80.2604064941,23703,23713,10
13.079990387,80.2615890503,23713,23724,11
13.0801897049,80.2626266479,23724,23734,10
13.0802602768,80.2630004883,23734,23744,10
13.0804300308,80.2636108398,23744,23754,10
13.0805997849,80.2642974854,23754,23764,10
13.0807304382,80.2649002075,23764,23774,10
13.0807695389,80.2655563354,23774,23784,10
13.080739975,80.2664718628,23784,23794,10
13.0807104111,80.2674331665,23794,23804,10
13.080739975,80.2682800293,23804,23815,11
13.0807504654,80.2690887451,23815,23825,10
13.0807504654,80.26978302,23825,23835,10
13.0808000565,80.2704772949,23835,23845,10
13.0808296204,80.2707290649,23845,23855,10
13.080909729,80.2709579468,23855,23865,10
13.081199646,80.2713699341,23865,23875,10
13.0814304352,80.2719573975,23875,23885,10
13.0815496445,80.2726593018,23885,23895,10
13.0813999176,80.2732772827,23895,23905,10
13.0816802979,80.2738876343,23905,23916,11
13.0820198059,80.2743911743,23916,23926,10
13.0820198059,80.2748565674,23926,23936,10
13.0820503235,80.2752227783,23936,23996,60
13.0820503235,80.2752227783,23996,24006,10
13.0820798874,80.2754211426,24006,24017,11
13.082110405,80.2756271362,24017,24027,10
13.0820398331,80.2759017944,24027,24037,10
13.0819501877,80.2759475708,24037,24047,10
13.0818195343,80.2761077881,24047,24057,10
13.0818395615,80.2765579224,24057,24067,10
13.081870079,80.2774887085,24067,24077,10
13.0820398331,80.2781829834,24077,24118,41
13.0820398331,80.2781829834,24118,24128,10
13.082159996,80.2782974243,24128,24138,10
13.0821504593,80.2788085938,24138,24148,10
13.0822000504,80.2796020508,24148,24158,10
13.0823297501,80.2805862427,24158,24168,10
13.0823802948,80.281539917,24168,24178,10
13.0829000473,80.2820892334,24178,24188,10
13.0837802887,80.282623291,24188,24198,10
13.0846796036,80.2832489014,24198,24210,12
13.0852403641,80.2838287354,24210,24221,11
13.0854797363,80.2833709717,24221,24231,10
13.0855998993,80.2827911377,24231,24372,141
13.0855998993,80.2827911377,24372,24382,10
13.0855503082,80.2825393677,24382,24392,10
13.0855998993,80.2820892334,24392,24403,11
13.0857000351,80.281463623,24403,24413,10
13.0857200623,80.2814178467,24413,24423,10
13.0857801437,80.2811584473,24423,24433,10
13.0857896805,80.2807998657,24433,24444,11
13.0856704712,80.2803192139,24444,24455,11
13.0854101181,80.279548645,24455,24465,10
13.0843896866,80.2792129517,24465,24475,10
13.0834903717,80.2789764404,24475,24485,10
13.0824403763,80.2785263062,24485,24526,41
13.0824403763,80.2785263062,24526,24536,10
13.0821399689,80.2783432007,24536,24546,10
13.0819997787,80.2778930664,24546,24556,10
13.0819396973,80.2772598267,24556,24566,10
13.0818099976,80.2762908936,24566,24576,10
13.0816602707,80.2757110596,24576,24586,10
13.0816202164,80.2752075195,24586,24597,11
13.0816001892,80.2748413086,24597,24607,10
13.0815200806,80.2744522095,24607,24617,10
13.0814599991,80.2737426758,24617,24627,10
13.0813798904,80.2731399536,24627,24637,10
13.0814304352,80.2727584839,24637,24647,10
13.0813999176,80.2720870972,24647,24657,10
13.0811595917,80.2713699341,24657,24667,10
13.0808095932,80.2708129883,24667,24677,10
13.0807800293,80.2700424194,24677,24687,10
13.0807800293,80.2690734863,24687,24698,11
13.0807600021,80.267906189,24698,24708,10
13.080739975,80.2667388916,24708,24718,10
13.0807600021,80.2657928467,24718,24726,8
13.080739975,80.2652206421,24726,24737,11
13.0804901123,80.2641677856,24737,24748,11
13.0803003311,80.263381958,24748,24758,10
13.0802297592,80.263092041,24758,24768,10
13.079990387,80.2629318237,24768,24778,10
13.0796804428,80.2630081177,24778,24788,10
13.079580307,80.262802124,24788,24829,41
13.079580307,80.262802124,24829,24839,10
13.0796804428,80.2628479004,24839,24849,10
13.0799798965,80.2627487183,24849,24859,10
13.0800199509,80.2622909546,24859,24869,10
13.0798997879,80.2616195679,24869,24879,10
13.0796203613,80.2608337402,24879,24890,11
13.0793399811,80.2598495483,24890,24900,10
13.0792303085,80.2588195801,24900,24910,10
13.0791597366,80.2578582764,24910,24920,10
13.079079628,80.2567901611,24920,24930,10
13.0790195465,80.2556915283,24930,24940,10
13.0789403915,80.2547607422,24940,24950,10
13.0793600082,80.2545700073,24950,24960,10
13.0796699524,80.2546234131,24960,24970,10
13.080039978,80.2546768188,24970,24980,10
13.0806398392,80.254737854,24980,24991,11
13.0814304352,80.2547988892,24991,25001,10
13.0817804337,80.2543411255,25001,25011,10
13.081870079,80.2538223267,25011,25021,10
13.0819597244,80.2532196045,25021,25031,10
13.081609726,80.2526168823,25031,25041,10
13.0814199448,80.2518920898,25041,25051,10
13.0814304352,80.2513427734,25051,25061,10
13.0813999176,80.2509307861,25061,25071,10
13.0813703537,80.2503967285,25071,25081,10
13.0813398361,80.2498397827,25081,25092,11
13.0818996429,80.2497177124,25092,25102,10
13.0827798843,80.2498474121,25102,25112,10
13.0837202072,80.2499694824,25112,25122,10
13.0844898224,80.2501373291,25122,25132,10
13.0857801437,80.2503814697,25132,25162,30
13.0857801437,80.2503814697,25162,25172,10
13.0860099792,80.2501831055,25172,25183,11
13.0859298706,80.2495574951,25183,25193,10
13.0858802795,80.2487487793,25193,25202,9
13.0858402252,80.247833252,25202,25213,11
13.0857801437,80.2468338013,25213,25223,10
13.0856895447,80.2457427979,25223,25233,10
13.085729599,80.2452011108,25233,25243,10
13.0861196518,80.2448196411,25243,25252,9
13.0867300034,80.2443389893,25252,25263,11
13.087439537,80.2437515259,25263,25273,10
13.0878601074,80.2429199219,25273,25284,11
13.0881500244,80.2420501709,25284,25294,10
13.0888900757,80.2415313721,25294,25304,10
13.0895996094,80.2410430908,25304,25314,10
13.0904397964,80.2407989502,25314,25324,10
13.0911798477,80.2408370972,25324,25334,10
13.092040062,80.2408905029,25334,25344,10
13.0929298401,80.2409362793,25344,25354,10
13.0937595367,80.2410888672,25354,25364,10
13.0943002701,80.2411727905,25364,25374,10
13.0943098068,80.2411727905,25374,25385,11
13.0947399139,80.2412796021,25385,25395,10
13.0953998566,80.2414779663,25395,25405,10
13.0962696075,80.2417678833,25405,25413,8
13.0969600677,80.2419891357,25413,25423,10
13.0973997116,80.2420196533,25423,25435,12
13.0974702835,80.241897583,25435,25445,10
13.0975399017,80.2414703369,25445,25455,10
13.0976600647,80.2406234741,25455,25465,10
13.0977201462,80.2397232056,25465,25476,11
13.097820282,80.2386932373,25476,25486,10
13.0980100632,80.2376937866,25486,25496,10
13.0981798172,80.2367706299,25496,25506,10
13.0983295441,80.2358398438,25506,25516,10
13.0984601974,80.2351531982,25516,25526,10
13.0984897614,80.2347793579,25526,25536,10
13.0985403061,80.2343826294,25536,25546,10
13.0986003876,80.2335510254,25546,25556,10
13.0987195969,80.2327194214,25556,25566,10
13.0988502502,80.2322006226,25566,25577,11
13.0991201401,80.2314987183,25577,25587,10
13.0993795395,80.2308807373,25587,25597,10
13.09953022,80.2305221558,25597,25607,10
13.0996999741,80.2299194336,25607,25617,10
13.0998401642,80.2291793823,25617,25627,10
13.0999803543,80.2283630371,25627,25637,10
13.1000499725,80.2274932861,25637,25647,10
13.1000003815,80.2265167236,25647,25657,10
13.0999498367,80.2258377075,25657,25667,10
13.0999298096,80.2254180908,25667,25678,11
13.099820137,80.2249298096,25678,25688,10
13.0996198654,80.2243423462,25688,25698,10
13.0994796753,80.223991394,25698,25706,8
13.0993795395,80.2238006592,25706,25718,12
13.0992202759,80.2235183716,25718,25728,10
13.09897995,80.2232131958,25728,25738,10
13.0988397598,80.2230529785,25738,25748,10
13.0987300873,80.22265625,25748,25758,10
13.098859787,80.2210922241,25758,25769,11
13.098859787,80.2210922241,25769,25779,10
13.0990200043,80.2202987671,25779,25789,10
13.0991201401,80.2197723389,25789,25799,10
13.0991601944,80.2195281982,25799,25809,10
13.0992202759,80.219291687,25809,25819,10
13.0993900299,80.2180786133,25819,25829,10
13.0993900299,80.2180786133,25829,25839,10
13.0994997025,80.2174682617,25839,25849,10
13.0998601913,80.2163085938,25849,25859,10
13.1001596451,80.2156066895,25859,25870,11
13.1003799438,80.215133667,25870,25920,50
13.1003799438,80.215133667,25920,25930,10
13.1005001068,80.2148666382,25930,25940,10
13.1006698608,80.2144927979,25940,25950,10
13.1007995605,80.2142410278,25950,25960,10
13.1009397507,80.2140579224,25960,25971,11
13.1011295319,80.2135009766,25971,25981,10
13.1013898849,80.2127838135,25981,25991,10
13.1017103195,80.2119369507,25991,26001,10
13.1020402908,80.2109603882,26001,26011,10
13.1023902893,80.2099533081,26011,26021,10
13.1026096344,80.2092590332,26021,26031,10
13.1027002335,80.2089767456,26031,26041,10
13.1027698517,80.2087631226,26041,26051,10
13.1028900146,80.2083969116,26051,26062,11
13.1030502319,80.2078933716,26062,26072,10
13.1032400131,80.2074203491,26072,26082,10
13.1035699844,80.2067871094,26082,26092,10
13.1038103104,80.2060317993,26092,26102,10
13.1038799286,80.2051391602,26102,26112,10
13.1038398743,80.2042999268,26112,26122,10
13.1037597656,80.2036437988,26122,26132,10
13.1037197113,80.2035217285,26132,26142,10
13.1035804749,80.20337677,26142,26152,10
13.1035900116,80.2029190063,26152,26163,11
13.1035203934,80.2021408081,26163,26173,10
13.1034202576,80.2013473511,26173,26183,10
13.1033802032,80.200843811,26183,26193,10
13.1033496857,80.2005386353,26193,26203,10
13.1033401489,80.2003173828,26203,26213,10
13.1033296585,80.2001724243,26213,26223,10
13.103269577,80.1998596191,26223,26233,10
13.1031999588,80.1994171143,26233,26243,10
13.1031198502,80.1989517212,26243,26254,11
13.1029901505,80.1981582642,26254,26264,10
13.1028003693,80.1974487305,26264,26274,10
13.1026000977,80.1968307495,26274,26284,10
13.102399826,80.1962509155,26284,26294,10
13.1022195816,80.1957092285,26294,26304,10
13.1020097733,80.1950683594,26304,26314,10
13.1018600464,80.194732666,26314,26324,10
13.1016302109,80.1944732666,26324,26334,10
13.1016798019,80.1939163208,26334,26344,10
13.1018199921,80.1931381226,26344,26355,11
13.1016197205,80.1918487549,26355,26365,10
13.1013898849,80.1906509399,26365,26375,10
13.1011695862,80.1901702881,26375,26385,10
13.1011695862,80.1901626587,26385,26395,10
13.1010904312,80.1899185181,26395,26405,10
13.1008396149,80.1893615723,26405,26415,10
13.1004400253,80.1886367798,26415,26425,10
13.1001501083,80.1880187988,26425,26436,11
13.0999097824,80.1873168945,26436,26447,11
13.0997400284,80.1865997314,26447,26458,11
13.0995798111,80.1856918335,26458,26468,10
13.0994195938,80.185043335,26468,26478,10
13.0992202759,80.1843414307,26478,26488,10
13.0990200043,80.1837615967,26488,26498,10
13.0987701416,80.1829299927,26498,26508,10
13.0985603333,80.1821365356,26508,26518,10
13.0984296799,80.1815872192,26518,26528,10
13.0982103348,80.1807403564,26528,26538,10
13.0980100632,80.1798477173,26538,26549,11
13.0978498459,80.1787185669,26549,26559,10
13.0978899002,80.1775894165,26559,26568,9
13.0980396271,80.1765594482,26568,26579,11
13.0981702805,80.1756515503,26579,26589,10
13.0982103348,80.1749191284,26589,26599,10
13.0984897614,80.1740570068,26599,26609,10
13.0988998413,80.1731262207,26609,26619,10
13.0992803574,80.1720581055,26619,26629,10
13.0995798111,80.1711273193,26629,26639,10
13.0997495651,80.170211792,26639,26650,11
13.0997600555,80.169670105,26650,26660,10
13.0997695923,80.1696395874,26660,26670,10
13.0998296738,80.1695480347,26670,26680,10
13.0999097824,80.1691970825,26680,26690,10
13.1000204086,80.1686172485,26690,26700,10
13.1000795364,80.1679382324,26700,26710,10
13.1001596451,80.167098999,26710,26720,10
13.1004104614,80.1661605835,26720,26730,10
13.1005897522,80.1655807495,26730,26740,10
13.1007995605,80.1648406982,26740,26751,11
13.1011400223,80.1638565063,26751,26761,10
13.1013803482,80.1629333496,26761,26771,10
13.1014003754,80.1620330811,26771,26781,10
13.1014204025,80.1615829468,26781,26791,10
13.1014204025,80.1608810425,26791,26801,10
13.1014204025,80.1601409912,26801,26811,10
13.1017398834,80.1593780518,26811,26821,10
13.102399826,80.1587371826,26821,26831,10
13.1031398773,80.1580123901,26831,26842,11
13.1035299301,80.1569671631,26842,26852,10
13.1036396027,80.156463623,26852,26862,10
13.1037397385,80.1559906006,26862,26872,10
13.1038799286,80.155380249,26872,26882,10
13.1040697098,80.154548645,26882,26891,9
13.1043100357,80.1537399292,26891,26902,11
13.1047496796,80.152961731,26902,26912,10
13.1049499512,80.1526870728,26912,26922,10
13.1052598953,80.1524734497,26922,26932,10
13.1059799194,80.1522979736,26932,26943,11
13.1068096161,80.1522674561,26943,26953,10
13.1072702408,80.1522674561,26953,26962,9
13.1074895859,80.1522598267,26962,26973,11
13.1079797745,80.1522369385,26973,26983,10
13.108420372,80.1522369385,26983,26993,10
13.1091403961,80.1522369385,26993,27003,10
13.1097803116,80.1522827148,27003,27013,10
13.1103601456,80.1521911621,27013,27023,10
13.1108798981,80.1518478394,27023,27033,10
13.1114196777,80.151550293,27033,27044,11
13.1116600037,80.151260376,27044,27054,10
13.1118402481,80.151008606,27054,27064,10
13.1121101379,80.1506729126,27064,27074,10
13.1123199463,80.1504974365,27074,27084,10
13.1127796173,80.1502380371,27084,27094,10
13.1131896973,80.1496276855,27094,27104,10
13.1133804321,80.1488189697,27104,27114,10
13.1139202118,80.1483001709,27114,27124,10
13.1146697998,80.1480636597,27124,27134,10
13.1156797409,80.1478424072,27134,27145,11
13.1166400909,80.1483001709,27145,27155,10
13.1172800064,80.1490402222,27155,27165,10
13.1177597046,80.1494903564,27165,27175,10
13.1182804108,80.1496429443,27175,27185,10
13.1189804077,80.1497802734,27185,27195,10
13.1196098328,80.1498413086,27195,27205,10
13.119890213,80.1497573853,27205,27215,10
13.1202602386,80.1494293213,27215,27225,10
13.1204996109,80.1491165161,27225,27235,10
13.1209001541,80.1488189697,27235,27245,10
13.1215200424,80.148399353,27245,27256,11
13.1218595505,80.1479110718,27256,27266,10
13.1219396591,80.1477890015,27266,27276,10
13.1220703125,80.1475906372,27276,27286,10
13.1223297119,80.147102356,27286,27296,10
13.122759819,80.1463775635,27296,27306,10
13.1231403351,80.1457595825,27306,27316,10
13.123550415,80.1451034546,27316,27326,10
13.1239995956,80.1443634033,27326,27337,11
13.1244897842,80.1436004639,27337,27347,10
13.1247701645,80.1430969238,27347,27357,10
13.125289917,80.1423034668,27357,27367,10
13.1257801056,80.1415100098,27367,27377,10
13.1263103485,80.1410217285,27377,27387,10
13.1269798279,80.1405181885,27387,27397,10
13.1276102066,80.1400375366,27397,27407,10
13.1283597946,80.1395187378,27407,27417,10
13.1288299561,80.1391296387,27417,27427,10
13.1294898987,80.1386413574,27427,27437,10
13.1300802231,80.1380233765,27437,27448,11
13.1302204132,80.1377410889,27448,27458,10
13.1303195953,80.1373596191,27458,27468,10
13.1303596497,80.1370925903,27468,27478,10
13.1304798126,80.13646698,27478,27488,10
13.1305799484,80.1358337402,27488,27498,10
13.130689621,80.1349182129,27498,27508,10
13.1307401657,80.1342163086,27508,27518,10
13.1307497025,80.133430481,27518,27529,11
13.1307497025,80.13256073,27529,27539,10
13.1307497025,80.1315307617,27539,27549,10
13.13078022,80.1306381226,27549,27559,10
13.1308698654,80.1300811768,27559,27569,10
13.1309099197,80.1299819946,27569,27579,10
13.1310396194,80.1294784546,27579,27589,10
13.1311903,80.1288223267,27589,27599,10
13.131360054,80.1278305054,27599,27609,10
13.1310796738,80.1267929077,27609,27619,10
13.1303701401,80.125831604,27619,27630,11
13.129529953,80.124786377,27630,27640,10
13.1287698746,80.1239318848,27640,27650,10
13.127989769,80.1230392456,27650,27661,11
13.1272201538,80.1221084595,27661,27670,9
13.1265602112,80.1213684082,27670,27681,11
13.1262397766,80.1206436157,27681,27691,10
13.1260004044,80.119720459,27691,27701,10
13.1258296967,80.119102478,27701,27711,10
13.1255998611,80.1183776855,27711,27722,11
13.1253595352,80.1177597046,27722,27732,10
13.1250600815,80.1170196533,27732,27742,10
13.1246995926,80.1161422729,27742,27752,10
13.1243696213,80.115272522,27752,27762,10
13.1240501404,80.1143569946,27762,27772,10
13.1237897873,80.113609314,27772,27782,10
13.1234998703,80.1128005981,27782,27793,11
13.1233100891,80.1119766235,27793,27803,10
13.1232099533,80.1107635498,27803,27813,10
13.1228399277,80.1100082397,27813,27824,11
13.1221504211,80.1091003418,27824,27834,10
13.1213703156,80.1082305908,27834,27844,10
13.1206197739,80.1075668335,27844,27854,10
13.1201896667,80.1064987183,27854,27864,10
13.1198701859,80.1055221558,27864,27874,10
13.1196899414,80.1044311523,27874,27884,10
13.1196298599,80.1036682129,27884,27894,10
13.1196203232,80.1034698486,27894,27904,10
13.1196203232,80.1031417847,27904,27925,21
13.1196203232,80.1031417847,27925,27935,10
13.1196403503,80.1028594971,27935,27945,10
13.1197004318,80.1022491455,27945,27965,20
13.1197004318,80.1022491455,27965,27975,10
13.119720459,80.1019973755,27975,27984,9
13.119720459,80.1018829346,27984,27995,11
13.1197595596,80.1017684937,27995,28005,10
13.1199598312,80.1020126343,28005,28026,21
13.1199598312,80.1020126343,28026,28036,10
13.1199502945,80.1020507813,28036,28046,10
13.120059967,80.1022033691,28046,28137,91
13.1201696396,80.1022415161,28137,28207,70
13.1201400757,80.1022872925,28207,28854,647
13.1201400757,80.1022872925,28854,28864,10
13.1199998856,80.1022491455,28864,28874,10
13.1197900772,80.1024780273,28874,28884,10
13.1197004318,80.1026611328,28884,28895,11
13.1197099686,80.1030502319,28895,28905,10
13.1196804047,80.1035995483,28905,28915,10
13.119720459,80.1042633057,28915,28925,10
13.119799614,80.1050415039,28925,28934,9
13.1200199127,80.1059188843,28934,28945,11
13.120349884,80.1068878174,28945,28955,10
13.1209802628,80.1078109741,28955,28965,10
13.1217403412,80.1085205078,28965,28975,10
13.1223201752,80.1092605591,28975,28985,10
13.1228599548,80.1099777222,28985,28996,11
13.1232995987,80.1108703613,28996,29006,10
13.1233797073,80.1118392944,29006,29016,10
13.1234903336,80.1125183105,29016,29026,10
13.1238698959,80.1137008667,29026,29036,10
13.1241102219,80.1143798828,29036,29046,10
13.1243095398,80.1148834229,29046,29056,10
13.1245698929,80.1155700684,29056,29066,10
13.1248703003,80.1163635254,29066,29076,10
13.1252403259,80.1172866821,29076,29086,10
13.1256904602,80.1185073853,29086,29107,21
13.1256904602,80.1185073853,29107,29117,10
13.1258201599,80.118927002,29117,29127,10
13.1260204315,80.1195526123,29127,29137,10
13.1262397766,80.120262146,29137,29147,10
13.1264400482,80.1210174561,29147,29157,10
13.1271095276,80.121887207,29157,29167,10
13.1277704239,80.1226806641,29167,29177,10
13.1284399033,80.1234664917,29177,29187,10
13.1290397644,80.1241836548,29187,29198,11
13.129529953,80.1247634888,29198,29208,10
13.1298999786,80.1252212524,29208,29218,10
13.1302900314,80.1257095337,29218,29228,10
13.1306295395,80.1261825562,29228,29238,10
13.1311397552,80.1268386841,29238,29248,10
13.1315603256,80.1275634766,29248,29258,10
13.1313495636,80.1283569336,29258,29268,10
13.1311101913,80.1292800903,29268,29278,10
13.1308603287,80.1303024292,29278,29288,10
13.1307897568,80.1309509277,29288,29299,11
13.13078022,80.1313171387,29299,29309,10
13.1307601929,80.1319580078,29309,29319,10
13.1307601929,80.1331787109,29319,29339,20
13.1307601929,80.1331787109,29339,29349,10
13.1307601929,80.1333236694,29349,29359,10
13.1307497025,80.1338577271,29359,29369,10
13.1307401657,80.1347198486,29369,29379,10
13.1306200027,80.1356964111,29379,29390,11
13.1304502487,80.1367874146,29390,29400,10
13.1302700043,80.1377487183,29400,29410,10
13.129699707,80.1384963989,29410,29420,10
13.1289100647,80.1391296387,29420,29430,10
13.1281995773,80.1396789551,29430,29440,10
13.1274404526,80.1402435303,29440,29450,10
13.1266403198,80.1408309937,29450,29460,10
13.1259803772,80.1414031982,29460,29470,10
13.1257095337,80.141708374,29470,29480,10
13.1254196167,80.1421508789,29480,29491,11
13.1249599457,80.1428985596,29491,29511,20
13.1249599457,80.1428985596,29511,29521,10
13.1248197556,80.1431427002,29521,29531,10
13.1247196198,80.1432876587,29531,29541,10
13.124540329,80.1435699463,29541,29551,10
13.124250412,80.1440200806,29551,29561,10
13.1239404678,80.14453125,29561,29571,10
13.1236200333,80.1450881958,29571,29581,10
13.1232204437,80.145690918,29581,29592,11
13.1227998734,80.1463775635,29592,29602,10
13.1224803925,80.1469192505,29602,29612,10
13.1224298477,80.1473999023,29612,29622,10
13.1225299835,80.1480636597,29622,29632,10
13.1226596832,80.1486206055,29632,29642,10
13.1221504211,80.1485366821,29642,29652,10
13.1215600967,80.1485671997,29652,29662,10
13.1209201813,80.1488265991,29662,29672,10
13.1203203201,80.1493377686,29672,29682,10
13.1197500229,80.1500167847,29682,29703,21
13.1197500229,80.1500167847,29703,29713,10
13.1196804047,80.1502227783,29713,29723,10
13.1195802689,80.1502304077,29723,29733,10
13.1194601059,80.1499404907,29733,29743,10
13.1193399429,80.1498718262,29743,29753,10
13.119020462,80.1497879028,29753,29763,10
13.1188497543,80.1497421265,29763,29773,10
13.1184797287,80.1496734619,29773,29783,10
13.1180696487,80.149597168,29783,29804,21
13.1180696487,80.149597168,29804,29814,10
13.1177501678,80.1494979858,29814,29824,10
13.1173000336,80.1491394043,29824,29834,10
13.1167802811,80.1485595703,29834,29844,10
13.116060257,80.1479721069,29844,29854,10
13.1153001785,80.1478881836,29854,29864,10
13.1149501801,80.1479797363,29864,29874,10
13.1144104004,80.1481704712,29874,29884,10
13.1136903763,80.1484680176,29884,29895,11
13.1133298874,80.149017334,29895,29905,10
13.1132001877,80.1496810913,29905,29915,10
13.1129102707,80.150177002,29915,29925,10
13.1126203537,80.150352478,29925,29935,10
13.1122703552,80.1505737305,29935,29945,10
13.1120004654,80.1508483887,29945,29955,10
13.1117897034,80.1511077881,29955,29965,10
13.1114797592,80.1514816284,29965,29975,10
13.1111803055,80.1517410278,29975,29986,11
13.1109199524,80.1518630981,29986,29996,10
13.1106395721,80.1519775391,29996,30006,10
13.1104001999,80.1521987915,30006,30016,10
13.1102800369,80.1522979736,30016,30026,10
13.1101703644,80.1523590088,30026,30036,10
13.1100597382,80.1523590088,30036,30046,10
13.109629631,80.1522674561,30046,30056,10
13.1090698242,80.1522369385,30056,30066,10
13.1084804535,80.1522369385,30066,30076,10
13.107919693,80.1522903442,30076,30087,11
13.1077699661,80.1522979736,30087,30097,10
13.1075601578,80.1522979736,30097,30107,10
13.1074104309,80.1522903442,30107,30117,10
13.1073598862,80.1522827148,30117,30127,10
13.1071996689,80.1523132324,30127,30137,10
13.1067895889,80.1523208618,30137,30147,10
13.1062698364,80.15234375,30147,30157,10
13.105890274,80.1523895264,30157,30167,10
13.1056203842,80.1524276733,30167,30177,10
13.105099678,80.1526794434,30177,30188,11
13.1046199799,80.1532821655,30188,30198,10
13.1042499542,80.1540298462,30198,30209,11
13.1040000916,80.1549835205,30209,30218,9
13.1038999557,80.1554336548,30218,30229,11
13.1037502289,80.1560592651,30229,30239,10
13.1036396027,80.1565322876,30239,30249,10
13.1035804749,80.1567764282,30249,30259,10
13.1034498215,80.1573562622,30259,30269,10
13.1031703949,80.1580581665,30269,30279,10
13.1025600433,80.1586608887,30279,30290,11
13.1018104553,80.159362793,30290,30300,10
13.1014299393,80.1601791382,30300,30310,10
13.1014604568,80.1611785889,30310,30320,10
13.1015396118,80.1618423462,30320,30350,30
13.1015396118,80.1618423462,30350,30360,10
13.1014995575,80.1622619629,30360,30370,10
13.1014299393,80.162651062,30370,30380,10
13.1013898849,80.1628265381,30380,30391,11
13.101269722,80.1634063721,30391,30401,10
13.1010398865,80.1641311646,30401,30411,10
13.1007604599,80.1649780273,30411,30421,10
13.1004695892,80.1659317017,30421,30431,10
13.1001596451,80.1669616699,30431,30441,10
13.1000900269,80.1677932739,30441,30451,10
13.1000099182,80.1684188843,30451,30461,10
13.0999002457,80.1692886353,30461,30471,10
13.0998096466,80.1700134277,30471,30502,31
13.0998096466,80.1700134277,30502,30512,10
13.0997800827,80.1703262329,30512,30522,10
13.0996799469,80.1708831787,30522,30532,10
13.0995903015,80.1712188721,30532,30542,10
13.0995502472,80.1713104248,30542,30552,10
13.0993995667,80.1717605591,30552,30562,10
13.0991802216,80.1724395752,30562,30572,10
13.098859787,80.1732635498,30572,30582,10
13.0984897614,80.1741333008,30582,30593,11
13.0982398987,80.1749191284,30593,30603,10
13.09815979,80.1754379272,30603,30613,10
13.0981502533,80.1758422852,30613,30623,10
13.0980701447,80.1764297485,30623,30633,10
13.0979604721,80.1770324707,30633,30643,10
13.097869873,80.1777191162,30643,30653,10
13.0978403091,80.1785202026,30653,30663,10
13.0978803635,80.1792678833,30663,30673,10
13.0980501175,80.1799926758,30673,30683,10
13.0982198715,80.1806411743,30683,30704,21
13.0982198715,80.1806411743,30704,30714,10
13.0982704163,80.1808624268,30714,30724,10
13.0983495712,80.1811828613,30724,30734,10
13.0984601974,80.1815567017,30734,30744,10
13.0985498428,80.1820220947,30744,30754,10
13.0986700058,80.1825714111,30754,30764,10
13.0988397598,80.1831893921,30764,30774,10
13.0990400314,80.183883667,30774,30785,11
13.0993003845,80.1846694946,30785,30795,10
13.099439621,80.185256958,30795,30805,10
13.0995397568,80.1857299805,30805,30815,10
13.0995998383,80.1859893799,30815,30825,10
13.0996599197,80.1862716675,30825,30835,10
13.0997200012,80.1865005493,30835,30845,10
13.0997800827,80.1866531372,30845,30855,10
13.0997896194,80.1866836548,30855,30865,10
13.0998401642,80.1868515015,30865,30875,10
13.0998601913,80.186958313,30875,30886,11
13.0999097824,80.1871795654,30886,30896,10
13.100060463,80.1876525879,30896,30906,10
13.1001796722,80.1879806519,30906,30916,10
13.1002998352,80.1883163452,30916,30926,10
13.1004295349,80.1886062622,30926,30936,10
13.1006498337,80.1889419556,30936,30946,10
13.1010198593,80.1892929077,30946,30956,10
13.1012001038,80.1894989014,30956,30966,10
13.1013002396,80.1896972656,30966,30976,10
13.1013202667,80.1898269653,30976,30987,11
13.1014499664,80.1903991699,30987,30997,10
13.1015796661,80.1911468506,30997,31007,10
13.1016902924,80.1918411255,31007,31017,10
13.1017999649,80.1924591064,31017,31027,10
13.1019001007,80.193069458,31027,31037,10
13.1020097733,80.1936569214,31037,31047,10
13.1022195816,80.194229126,31047,31057,10
13.1020698547,80.194732666,31057,31067,10
13.1021795273,80.1954498291,31067,31077,10
13.102519989,80.1964797974,31077,31088,11
13.1029195786,80.1976470947,31088,31098,10
13.1031198502,80.1985702515,31098,31108,10
13.1032104492,80.19896698,31108,31118,10
13.1032495499,80.1991500854,31118,31128,10
13.1033000946,80.1996383667,31128,31138,10
13.1033697128,80.200340271,31138,31148,10
13.1033802032,80.2005462646,31148,31158,10
13.1033802032,80.200630188,31158,31168,10
13.1034402847,80.2010803223,31168,31178,10
13.1035003662,80.201751709,31178,31189,11
13.1035995483,80.202507019,31189,31199,10
13.1036701202,80.2030105591,31199,31209,10
13.1037302017,80.2034835815,31209,31219,10
13.1037998199,80.2040710449,31219,31229,10
13.1038303375,80.204788208,31229,31239,10
13.1038599014,80.205406189,31239,31249,10
13.1038303375,80.2059707642,31249,31259,10
13.1036396027,80.2066268921,31259,31269,10
13.1034603119,80.2070083618,31269,31279,10
13.1033201218,80.20728302,31279,31290,11
13.1031999588,80.2076034546,31290,31300,10
13.1030397415,80.2080535889,31300,31310,10
13.1030197144,80.2081298828,31310,31320,10
13.1028795242,80.2085189819,31320,31330,10
13.1027097702,80.2090530396,31330,31340,10
13.1026201248,80.2093505859,31340,31350,10
13.1024999619,80.2097320557,31350,31360,10
13.1023101807,80.2102890015,31360,31370,10
13.1020898819,80.2109222412,31370,31380,10
13.1019096375,80.2114181519,31380,31391,11
13.1016302109,80.2121963501,31391,31401,10
13.1014003754,80.2127990723,31401,31411,10
13.1012096405,80.2132797241,31411,31421,10
13.1010599136,80.2136611938,31421,31451,30
13.1010599136,80.2136611938,31451,31461,10
13.1009197235,80.2140197754,31461,31471,10
13.1006698608,80.214630127,31471,31481,10
13.1004199982,80.2151870728,31481,31492,11
13.1002397537,80.2155838013,31492,31502,10
13.1000900269,80.2159118652,31502,31512,10
13.0998601913,80.2164916992,31512,31522,10
13.099650383,80.2171325684,31522,31532,10
13.0994901657,80.2179336548,31532,31542,10
13.0993795395,80.2187728882,31542,31552,10
13.0993003845,80.2192230225,31552,31562,10
13.099240303,80.2195587158,31562,31572,10
13.0991401672,80.2201385498,31572,31585,13
13.0990104675,80.2208862305,31585,31596,11
13.0988702774,80.2217788696,31596,31606,10
13.0988302231,80.222618103,31606,31616,10
13.0991897583,80.2233734131,31616,31626,10
13.0996198654,80.224067688,31626,31636,10
13.0998401642,80.2248382568,31636,31646,10
13.0999097824,80.2252731323,31646,31656,10
13.0999603271,80.2257919312,31656,31666,10
13.1000404358,80.2261123657,31666,31676,10
13.1000699997,80.2264480591,31676,31686,10
13.1000900269,80.2271118164,31686,31697,11
13.100060463,80.2279281616,31697,31707,10
13.0999403,80.2288513184,31707,31716,9
13.099820137,80.2295074463,31716,31727,11
13.0995502472,80.2305374146,31727,31747,20
13.0995502472,80.2305374146,31747,31757,10
13.0995101929,80.2306671143,31757,31767,10
13.0994195938,80.2309417725,31767,31777,10
13.0991802216,80.2314605713,31777,31788,11
13.0988998413,80.2322311401,31788,31798,10
13.098739624,80.2329330444,31798,31808,10
13.0986795425,80.2332229614,31808,31818,10
13.0986404419,80.2334594727,31818,31828,10
13.0986003876,80.2339630127,31828,31838,10
13.0985803604,80.2342681885,31838,31848,10
13.0985498428,80.2344284058,31848,31858,10
13.0984897614,80.234992981,31858,31868,10
13.098400116,80.2356491089,31868,31878,10
13.0982303619,80.236579895,31878,31889,11
13.0980701447,80.2375564575,31889,31899,10
13.0978498459,80.2386016846,31899,31909,10
13.0977697372,80.2395629883,31909,31919,10
13.0976896286,80.2406234741,31919,31929,10
13.0974998474,80.2419586182,31929,32000,71
13.0974998474,80.2419586182,32000,32010,10
13.0973596573,80.2421264648,32010,32020,10
13.0970201492,80.2420272827,32020,32030,10
13.096570015,80.241859436,32030,32040,10
13.0960998535,80.2417221069,32040,32050,10
13.0958299637,80.2415924072,32050,32070,20
13.0958299637,80.2415924072,32070,32080,10
13.0956201553,80.2415237427,32080,32091,11
13.0954198837,80.2414627075,32091,32101,10
13.0951499939,80.2413635254,32101,32111,10
13.0947704315,80.2412414551,32111,32121,10
13.0945301056,80.2412033081,32121,32131,10
13.0936002731,80.2410583496,32131,32151,20
13.0936002731,80.2410583496,32151,32161,10
13.0933599472,80.2410125732,32161,32171,10
13.0928497314,80.2409667969,32171,32181,10
13.0921201706,80.2409667969,32181,32192,11
13.0911397934,80.2408981323,32192,32202,10
13.0901403427,80.2409362793,32202,32212,10
13.0891799927,80.2414016724,32212,32222,10
13.0883598328,80.2419815063,32222,32232,10
13.0879402161,80.2426376343,32232,32242,10
13.0879402161,80.2427368164,32242,32252,10
13.0878801346,80.2431106567,32252,32262,10
13.0878200531,80.243309021,32262,32272,10
13.0877399445,80.2434616089,32272,32282,10
13.0874595642,80.243812561,32282,32293,11
13.086930275,80.2442474365,32293,32303,10
13.0864601135,80.2446670532,32303,32313,10
13.0863399506,80.244758606,32313,32323,10
13.0862903595,80.2447662354,32323,32333,10
13.0861301422,80.2448883057,32333,32343,10
13.0858402252,80.2450790405,32343,32353,10
13.0856895447,80.2457199097,32353,32363,10
13.0857601166,80.2464981079,32363,32373,10
13.0858097076,80.2474899292,32373,32383,10
13.0858802795,80.2484588623,32383,32394,11
13.085940361,80.2494277954,32394,32404,10
13.0859603882,80.2500305176,32404,32414,10
13.0859003067,80.250579834,32414,32424,10
13.0858001709,80.2510910034,32424,32434,10
13.0857400894,80.2515563965,32434,32444,10
13.0856895447,80.2521286011,32444,32454,10
13.0856399536,80.2527084351,32454,32464,10
13.0855998993,80.2531661987,32464,32474,10
13.0855798721,80.2536468506,32474,32484,10
13.0856199265,80.2540130615,32484,32495,11
13.0856304169,80.2540435791,32495,32505,10
13.0856599808,80.2544631958,32505,32515,10
13.085439682,80.2547225952,32515,32525,10
13.0848798752,80.2546920776,32525,32535,10
13.0840196609,80.2545776367,32535,32545,10
13.0834598541,80.2544784546,32545,32555,10
13.0826702118,80.2544631958,32555,32565,10
13.082110405,80.2545471191,32565,32575,10
13.0816602707,80.2547988892,32575,32585,10
13.0812501907,80.2548828125,32585,32596,11
13.0810699463,80.2548522949,32596,32606,10
13.0809803009,80.2547607422,32606,32616,10
13.0806798935,80.254737854,32616,32626,10
13.0802898407,80.2546768188,32626,32636,10
13.0798196793,80.2545776367,32636,32646,10
13.0797595978,80.2545623779,32646,32656,10
13.0795097351,80.2545471191,32656,32666,10
13.0792703629,80.2546386719,32666,32676,10
13.0790395737,80.2547531128,32676,32687,11
13.0791196823,80.2551727295,32687,32697,10
13.0791501999,80.2559509277,32697,32707,10
13.0792102814,80.256652832,32707,32717,10
13.0792598724,80.2574386597,32717,32727,10
13.079369545,80.2583999634,32727,32737,10
13.0794801712,80.2594833374,32737,32747,10
13.0796604156,80.2606582642,32747,32757,10
13.080039978,80.261680603,32757,32767,10
13.0802202225,80.2624664307,32767,32777,10
13.0802202225,80.262550354,32777,32788,11
13.080280304,80.2626800537,32788,32798,10
13.0804004669,80.2630767822,32798,32808,10
13.0804595947,80.2633590698,32808,32818,10
13.080499649,80.2635421753,32818,32828,10
13.0806303024,80.2640991211,32828,32838,10
13.0807600021,80.264831543,32838,32858,20
13.0807600021,80.264831543,32858,32868,10
13.0807695389,80.2649078369,32868,32878,10
13.0807695389,80.2654571533,32878,32889,11
13.0807600021,80.2662734985,32889,32899,10
13.0807504654,80.2671737671,32899,32909,10
13.0807504654,80.2682571411,32909,32919,10
13.0808296204,80.2694091797,32919,32929,10
13.0808897018,80.2707824707,32929,32969,40
13.0808897018,80.2707824707,32969,32979,10
13.0809202194,80.2710113525,32979,32990,11
13.0812997818,80.2714614868,32990,33000,10
13.081489563,80.2722015381,33000,33010,10
13.0814599991,80.2729415894,33010,33020,10
13.0815296173,80.2736587524,33020,33030,10
13.0819301605,80.2740020752,33030,33040,10
13.0820598602,80.2744369507,33040,33050,10
13.0820598602,80.2749481201,33050,33060,10
13.0820798874,80.2751998901,33060,33070,10
13.082159996,80.275718689,33070,33080,10
13.0821695328,80.275718689,33080,33091,11
13.0821399689,80.2758407593,33091,33101,10
13.081870079,80.2760772705,33101,33111,10
13.0818996429,80.2766036987,33111,33121,10
13.0819797516,80.277381897,33121,33131,10
13.0821399689,80.2782516479,33131,33141,10
13.0822000504,80.2791900635,33141,33151,10
13.0822896957,80.2801589966,33151,33161,10
13.0823898315,80.2811965942,33161,33171,10
13.082400322,80.2815628052,33171,33181,10
13.0825996399,80.2818374634,33181,33192,11
13.0832300186,80.2822418213,33192,33202,10
13.0839195251,80.2826690674,33202,33212,10
13.0845804214,80.2831268311,33212,33222,10
13.0850801468,80.2836990356,33222,33232,10
13.0854797363,80.2834396362,33232,33282,50
13.0854797363,80.2834396362,33282,33293,11
13.0854902267,80.2831802368,33293,33303,10
13.0855197906,80.2828903198,33303,33313,10
13.0855302811,80.2826385498,33313,33394,81
13.0855398178,80.2822799683,33394,33414,20
13.0855398178,80.2822799683,33414,33424,10
13.0856199265,80.2822570801,33424,33464,40
13.0856704712,80.2823181152,33464,34424,960
13.0856704712,80.2823181152,34424,34434,10
13.0856399536,80.2823562622,34434,34444,10
13.0856103897,80.2821426392,34444,34454,10
13.0856199265,80.2820587158,34454,34464,10
13.0856800079,80.2817993164,34464,34474,10
13.0856895447,80.2816314697,34474,34484,10
13.0857400894,80.2813186646,34484,34495,11
13.0858001709,80.2808837891,34495,34505,10
13.0856800079,80.2803573608,34505,34515,10
13.0855102539,80.2796401978,34515,34525,10
13.084810257,80.2793197632,34525,34535,10
13.0841398239,80.2791900635,34535,34545,10
13.0835103989,80.2789993286,34545,34553,8
13.0828304291,80.2786865234,34553,34575,22
13.0828304291,80.2786865234,34575,34585,10
13.0822000504,80.2784194946,34585,34606,21
13.0822000504,80.2784194946,34606,34616,10
13.0820798874,80.2782592773,34616,34626,10
13.081990242,80.2778396606,34626,34636,10
13.0818996429,80.2771911621,34636,34646,10
13.0818195343,80.2768783569,34646,34656,10
13.0817298889,80.2763214111,34656,34666,10
13.0816402435,80.2756271362,34666,34707,41
13.0816402435,80.2756271362,34707,34717,10
13.081609726,80.2751693726,34717,34727,10
13.0815696716,80.2747573853,34727,34737,10
13.0815200806,80.2744293213,34737,34747,10
13.0814599991,80.2737884521,34747,34757,10
13.0813598633,80.273147583,34757,34767,10
13.0814800262,80.2726287842,34767,34777,10
13.0813703537,80.2718734741,34777,34787,10
13.0811100006,80.2712936401,34787,34798,11
13.0809497833,80.2711029053,34798,34808,10
13.0808000565,80.2706985474,34808,34818,10
13.0807600021,80.2701721191,34818,34828,10
13.0807199478,80.2695236206,34828,34838,10
13.0806798935,80.2687530518,34838,34848,10
13.0806903839,80.2680587769,34848,34858,10
13.0806798935,80.2671127319,34858,34868,10
13.0806798935,80.2663269043,34868,34878,10
13.0806598663,80.2652893066,34878,34969,91
13.0806598663,80.2652893066,34969,34979,10
13.0806398392,80.2650985718,34979,34990,11
13.0805196762,80.2644424438,34990,35000,10
13.0803604126,80.2636871338,35000,35010,10
13.0800800323,80.2629013062,35010,35020,10
13.0797395706,80.2629623413,35020,35030,10
13.0795297623,80.262802124,35030,35050,20
13.0795297623,80.262802124,35050,35060,10
13.0796203613,80.262840271,35060,35071,11
13.0798597336,80.2629165649,35071,35081,10
13.0800600052,80.2625579834,35081,35092,11
13.0800199509,80.2620010376,35092,35102,10
13.0797901154,80.2612075806,35102,35112,10
13.0795402527,80.2603530884,35112,35122,10
13.0792703629,80.2588195801,35122,35142,20
13.0792703629,80.2588195801,35142,35152,10
13.0792798996,80.2586975098,35152,35162,10
13.0792398453,80.2583312988,35162,35172,10
13.0791797638,80.2576904297,35172,35182,10
13.0791196823,80.2567214966,35182,35193,11
13.0790395737,80.2558822632,35193,35203,10
13.0789604187,80.2546920776,35203,35354,151
13.0789604187,80.2546920776,35354,35364,10
13.0791397095,80.2545623779,35364,35374,10
13.0795698166,80.2545013428,35374,35385,11
13.0799198151,80.2545776367,35385,35395,10
13.0800695419,80.2546310425,35395,35405,10
13.0804901123,80.254699707,35405,35415,10
13.0811796188,80.2547683716,35415,35425,10
13.0817098618,80.2545166016,35425,35435,10
13.0818195343,80.2538299561,35435,35445,10
13.0818595886,80.253036499,35445,35455,10
13.0815401077,80.2524414063,35455,35465,10
13.0813999176,80.251663208,35465,35475,10
13.0813999176,80.2510299683,35475,35486,11
13.0813703537,80.2504272461,35486,35496,10
13.0814199448,80.2497406006,35496,35506,10
13.0818996429,80.249710083,35506,35516,10
13.0825500488,80.2498016357,35516,35526,10
13.0832004547,80.2498931885,35526,35536,10
13.0838603973,80.25,35536,35546,10
13.0845804214,80.2501068115,35546,35556,10
13.0847396851,80.2501525879,35556,35566,10
13.0850200653,80.2502212524,35566,35576,10
13.0855503082,80.2502822876,35576,35587,11
13.0859298706,80.2501525879,35587,35597,10
13.0859203339,80.2496185303,35597,35607,10
13.0858802795,80.2488632202,35607,35617,10
13.0858297348,80.2479705811,35617,35627,10
13.0858602524,80.2469863892,35627,35637,10
13.0858001709,80.2464981079,35637,35647,10
13.0857400894,80.2459030151,35647,35698,51
13.0857400894,80.2459030151,35698,35708,10
13.0857200623,80.2455368042,35708,35778,70
13.0857200623,80.2455368042,35778,35789,11
13.0856895447,80.2451705933,35789,35799,10
13.0860204697,80.2448883057,35799,35809,10
13.0865297318,80.244468689,35809,35819,10
13.0867595673,80.2443084717,35819,35829,10
13.0869197845,80.2441482544,35829,35839,10
13.0874099731,80.2437591553,35839,35849,10
13.0878095627,80.2432022095,35849,35859,10
13.0879001617,80.2426605225,35859,35869,10
13.0881795883,80.2420272827,35869,35879,10
13.0888595581,80.2415237427,35879,35890,11
13.0896501541,80.241027832,35890,35900,10
13.0903100967,80.2408218384,35900,35910,10
13.0911102295,80.2407913208,35910,35920,10
13.092089653,80.2408599854,35920,35930,10
13.0925397873,80.2408905029,35930,35940,10
13.0929498672,80.2409210205,35940,35950,10
13.0935602188,80.2410125732,35950,35960,10
13.0943002701,80.2411499023,35960,35980,20
13.0943002701,80.2411499023,35980,35991,11
13.0945796967,80.2411880493,35991,36001,10
13.0951099396,80.241317749,36001,36011,10
13.0957698822,80.2415390015,36011,36021,10
13.0964097977,80.2417831421,36021,36031,10
13.0970697403,80.2419967651,36031,36041,10
13.0972995758,80.2420196533,36041,36051,10
13.0974502563,80.2417831421,36051,36061,10
13.0975198746,80.2414093018,36061,36071,10
13.0976200104,80.2409286499,36071,36081,10
13.0976800919,80.2404708862,36081,36092,11
13.0977201462,80.2400131226,36092,36102,10
13.0977602005,80.2396316528,36102,36112,10
13.0977802277,80.2393417358,36112,36122,10
13.097820282,80.2390289307,36122,36132,10
13.0978803635,80.2383880615,36132,36142,10
13.0980501175,80.2376098633,36142,36152,10
13.0980997086,80.2372512817,36152,36162,10
13.0981798172,80.2367401123,36162,36172,10
13.098279953,80.2359619141,36172,36183,11
13.0983896255,80.2352371216,36183,36193,10
13.098400116,80.2351989746,36193,36203,10
13.0984697342,80.2347717285,36203,36213,10
13.0985298157,80.2342376709,36213,36223,10
13.09856987,80.2338104248,36223,36233,10
13.0986499786,80.2332763672,36233,36243,10
13.0986795425,80.2328796387,36243,36253,10
13.098690033,80.2328033447,36253,36263,10
13.0987701416,80.232421875,36263,36273,10
13.0989704132,80.2318725586,36273,36294,21
13.0989704132,80.2318725586,36294,36304,10
13.0991201401,80.2316436768,36304,36314,10
13.0992803574,80.2311706543,36314,36324,10
13.0995197296,80.2305297852,36324,36334,10
13.099729538,80.2297515869,36334,36344,10
13.0997800827,80.229598999,36344,36354,10
13.0998296738,80.2294616699,36354,36364,10
13.0998601913,80.2289962769,36364,36374,10
13.0999498367,80.2284927368,36374,36385,11
13.1000204086,80.2278289795,36385,36395,10
13.1000404358,80.2269821167,36395,36405,10
13.1000099182,80.2262191772,36405,36415,10
13.0999202728,80.2253570557,36415,36425,10
13.0999298096,80.2252731323,36425,36435,10
13.099820137,80.2249069214,36435,36445,10
13.0996198654,80.2242126465,36445,36455,10
13.0993795395,80.223739624,36455,36465,10
13.0991201401,80.2234191895,36465,36475,10
13.0988702774,80.2230987549,36475,36486,11
13.0987596512,80.22265625,36486,36496,10
13.0988903046,80.2211227417,36496,36506,10
13.0988903046,80.2211227417,36506,36516,10
13.0990600586,80.2200698853,36516,36526,10
13.0991802216,80.219367981,36526,36536,10
13.0992097855,80.2189178467,36536,36546,10
13.0993404388,80.2181777954,36546,36556,10
13.0995101929,80.2172775269,36556,36569,13
13.0998296738,80.2163391113,36569,36579,10
13.1001996994,80.2155838013,36579,36590,11
13.1002702713,80.215423584,36590,36600,10
13.1004400253,80.2148590088,36600,36680,80
13.1004400253,80.2148590088,36680,36691,11
13.1006298065,80.2145004272,36691,36701,10
13.100859642,80.2140808105,36701,36711,10
13.1011295319,80.213432312,36711,36721,10
13.1014003754,80.2126235962,36721,36731,10
13.1017198563,80.2117996216,36731,36741,10
13.1020097733,80.2109603882,36741,36751,10
13.102230072,80.2103271484,36751,36761,10
13.1024599075,80.2096328735,36761,36771,10
13.1026201248,80.2091217041,36771,36781,10
13.1028604507,80.2083816528,36781,36792,11
13.1031103134,80.2076187134,36792,36801,9
13.1033096313,80.2070770264,36801,36812,11
13.103679657,80.2063827515,36812,36822,10
13.1038198471,80.205581665,36822,36831,9
13.1038599014,80.2048187256,36831,36842,11
13.1038303375,80.2041625977,36842,36852,10
13.1036596298,80.2034683228,36852,36862,10
13.1035995483,80.2029266357,36862,36872,10
13.1035203934,80.2021636963,36872,36882,10
13.1034297943,80.2015609741,36882,36893,11
13.1034297943,80.2014312744,36893,36903,10
13.1033802032,80.200958252,36903,36913,10
13.1033000946,80.2002716064,36913,36923,10
13.1031999588,80.1995620728,36923,36933,10
13.1031398773,80.1991424561,36933,36943,10
13.1030197144,80.1984786987,36943,36953,10
13.1028699875,80.1977233887,36953,36963,10
13.1026601791,80.197052002,36963,36973,10
13.1024398804,80.1964111328,36973,36983,10
13.1022500992,80.1958312988,36983,36994,11
13.1020402908,80.1951980591,36994,37004,10
13.101940155,80.1949462891,37004,37014,10
13.1018896103,80.1948013306,37014,37024,10
13.1017799377,80.1946182251,37024,37034,10
13.101559639,80.1943206787,37034,37044,10
13.1017103195,80.1938400269,37044,37054,10
13.1018104553,80.1930923462,37054,37064,10
13.1016197205,80.1919784546,37064,37074,10
13.1014204025,80.1908111572,37074,37085,11
13.1011104584,80.1900024414,37085,37095,10
13.1010503769,80.1898269653,37095,37105,10
13.1008300781,80.1893005371,37105,37115,10
13.1005001068,80.1887817383,37115,37125,10
13.1004199982,80.188621521,37125,37135,10
13.1002197266,80.1882171631,37135,37145,10
13.1000003815,80.1876220703,37145,37155,10
13.0998401642,80.1870498657,37155,37165,10
13.0996999741,80.1865005493,37165,37175,10
13.0996103287,80.1859970093,37175,37186,11
13.0995197296,80.1855697632,37186,37196,10
13.0993995667,80.1850891113,37196,37206,10
13.0992803574,80.1846237183,37206,37216,10
13.0991096497,80.1840667725,37216,37226,10
13.0989398956,80.1836013794,37226,37236,10
13.0987796783,80.183052063,37236,37246,10
13.0985498428,80.1821517944,37246,37266,20
13.0985498428,80.1821517944,37266,37276,10
13.0984802246,80.1818771362,37276,37287,11
13.0984296799,80.181678772,37287,37297,10
13.0983295441,80.1812362671,37297,37307,10
13.0981502533,80.1806030273,37307,37317,10
13.0979499817,80.1797866821,37317,37327,10
13.0978403091,80.1790390015,37327,37337,10
13.0978403091,80.1783599854,37337,37347,10
13.0978603363,80.1776428223,37347,37357,10
13.0979499817,80.1768035889,37357,37367,10
13.0980997086,80.1760025024,37367,37377,10
13.0981397629,80.1753616333,37377,37388,11
13.0981702805,80.1750183105,37388,37398,10
13.0983295441,80.1745071411,37398,37408,10
13.09856987,80.1737976074,37408,37418,10
13.0989303589,80.1729888916,37418,37428,10
13.0992498398,80.1720428467,37428,37438,10
13.0995502472,80.1711807251,37438,37448,10
13.0996999741,80.170463562,37448,37509,61
13.0996999741,80.170463562,37509,37519,10
13.0997495651,80.1703109741,37519,37529,10
13.0997495651,80.1700134277,37529,37539,10
13.099729538,80.169708252,37539,37549,10
13.0997400284,80.169670105,37549,37559,10
13.099820137,80.169418335,37559,37569,10
13.0998897552,80.1689682007,37569,37579,10
13.0999698639,80.1685562134,37579,37590,11
13.1000404358,80.1677932739,37590,37600,10
13.1001396179,80.1669311523,37600,37610,10
13.1003599167,80.1660919189,37610,37620,10
13.1007604599,80.1650314331,37620,37630,10
13.101099968,80.1639480591,37630,37640,10
13.1013202667,80.1631011963,37640,37650,10
13.1013097763,80.1621932983,37650,37691,41
13.1013097763,80.1621932983,37691,37701,10
13.1014299393,80.1620635986,37701,37711,10
13.1014299393,80.1616210938,37711,37721,10
13.1014204025,80.1610412598,37721,37731,10
13.1014099121,80.1604003906,37731,37741,10
13.1014900208,80.1596984863,37741,37751,10
13.1020698547,80.1590499878,37751,37762,11
13.1027297974,80.1584320068,37762,37772,10
13.1033201218,80.1576385498,37772,37782,10
13.1035804749,80.1567001343,37782,37793,11
13.1037597656,80.1556625366,37793,37803,10
13.1040096283,80.1547088623,37803,37813,10
13.1042299271,80.1537780762,37813,37823,10
13.1047296524,80.1529464722,37823,37833,10
13.1055803299,80.1523284912,37833,37843,10
13.1065397263,80.1522369385,37843,37853,10
13.107460022,80.1521911621,37853,37863,10
13.1082601547,80.1521606445,37863,37873,10
13.1088600159,80.1521606445,37873,37883,10
13.1093597412,80.1521682739,37883,37894,11
13.1098899841,80.1522598267,37894,37904,10
13.1105003357,80.1519775391,37904,37914,10
13.111120224,80.1516876221,37914,37924,10
13.1114597321,80.1513977051,37924,37934,10
13.1116895676,80.1511535645,37934,37944,10
13.1118202209,80.1509933472,37944,37954,10
13.1119804382,80.1507492065,37954,37964,10
13.1124200821,80.150390625,37964,37974,10
13.1129999161,80.1500015259,37974,37984,10
13.1132202148,80.1493530273,37984,37995,11
13.1133699417,80.1487579346,37995,38005,10
13.1136798859,80.148399353,38005,38015,10
13.1141700745,80.1482009888,38015,38025,10
13.1147603989,80.1480178833,38025,38035,10
13.1153697968,80.147819519,38035,38045,10
13.116230011,80.1479568481,38045,38055,10
13.1169996262,80.1486816406,38055,38064,9
13.1174201965,80.1491622925,38064,38075,11
13.1176204681,80.1493530273,38075,38086,11
13.1181297302,80.1495513916,38086,38096,10
13.1183395386,80.1496200562,38096,38106,10
13.1184997559,80.1496810913,38106,38116,10
13.1187801361,80.1497497559,38116,38126,10
13.1192798615,80.1498413086,38126,38136,10
13.1197900772,80.149772644,38136,38146,10
13.1203603745,80.149230957,38146,38156,10
13.1211500168,80.1486587524,38156,38166,10
13.121720314,80.1480712891,38166,38176,10
13.1217498779,80.1480178833,38176,38187,11
13.1218595505,80.1479110718,38187,38197,10
13.1220998764,80.1474304199,38197,38207,10
13.1225099564,80.1467208862,38207,38217,10
13.1229801178,80.1459274292,38217,38227,10
13.1232595444,80.1454772949,38227,38237,10
13.1236400604,80.1448516846,38237,38247,10
13.1241502762,80.1440200806,38247,38257,10
13.1247301102,80.1430892944,38257,38267,10
13.1252002716,80.1423873901,38267,38277,10
13.1256399155,80.1416473389,38277,38288,11
13.1263599396,80.1409225464,38288,38298,10
13.1271696091,80.1403579712,38298,38308,10
13.1274795532,80.1401290894,38308,38318,10
13.1277704239,80.1399230957,38318,38328,10
13.1282901764,80.1395263672,38328,38338,10
13.1289396286,80.1390228271,38338,38348,10
13.1296796799,80.1384277344,38348,38358,10
13.1301603317,80.137840271,38358,38368,10
13.1302204132,80.1376876831,38368,38378,10
13.1303195953,80.137260437,38378,38389,11
13.1304502487,80.1365737915,38389,38399,10
13.1305398941,80.1358108521,38399,38409,10
13.1306400299,80.1351013184,38409,38419,10
13.1307001114,80.1343231201,38419,38429,10
13.130689621,80.1334686279,38429,38439,10
13.1307096481,80.1326675415,38439,38449,10
13.130689621,80.1317596436,38449,38459,10
13.130689621,80.131187439,38459,38469,10
13.130689621,80.1307830811,38469,38479,10
13.1307897568,80.1301727295,38479,38490,11
13.1308298111,80.1300811768,38490,38500,10
13.1309099197,80.1298294067,38500,38510,10
13.1310396194,80.1292572021,38510,38520,10
13.1312503815,80.1284484863,38520,38530,10
13.1312999725,80.1274795532,38530,38540,10
13.1308803558,80.1265411377,38540,38550,10
13.1302499771,80.1256790161,38550,38560,10
13.1295204163,80.124786377,38560,38570,10
13.1287097931,80.1238479614,38570,38580,10
13.127869606,80.1229019165,38580,38591,11
13.1270399094,80.1219100952,38591,38601,10
13.12637043,80.121131897,38601,38611,10
13.1261796951,80.1204833984,38611,38620,9
13.1259899139,80.1197967529,38620,38631,11
13.1257896423,80.1191101074,38631,38641,10
13.1255903244,80.1184768677,38641,38651,10
13.1253404617,80.1178894043,38651,38661,10
13.1253004074,80.1177978516,38661,38671,10
13.1251296997,80.1173400879,38671,38681,10
13.1248598099,80.1166610718,38681,38692,11
13.1246795654,80.1161575317,38692,38702,10
13.1244401932,80.1155471802,38702,38712,10
13.1238698959,80.1139526367,38712,38722,10
13.1238698959,80.1139526367,38722,38732,10
13.1235303879,80.1129684448,38732,38742,10
13.1232795715,80.111869812,38742,38752,10
13.1231603622,80.1106491089,38752,38762,10
13.1225099564,80.1095962524,38762,38772,10
13.1216897964,80.108543396,38772,38782,10
13.1206502914,80.1075515747,38782,38796,14
13.1200704575,80.1062088013,38796,38806,10
13.1198101044,80.1054000854,38806,38816,10
13.1196403503,80.1042175293,38816,38826,10
13.1195898056,80.1033782959,38826,38836,10
13.1195802689,80.1031723022,38836,38846,10
13.1195898056,80.1027297974,38846,38856,10
13.1196403503,80.1023330688,38856,38865,9
13.1196603775,80.1019821167,38865,38876,11
13.1197900772,80.1016921997,38876,38886,10
13.1199302673,80.1018600464,38886,38897,11
13.1199197769,80.1020278931,38897,38907,10
13.1200399399,80.1022720337,38907,39422,515
13.1200399399,80.1022720337,39422,39432,10
13.1199598312,80.1024017334,39432,39462,30
13.1199598312,80.1024017334,39462,39472,10
13.1197595596,80.1024475098,39472,39483,11
13.1196804047,80.1028366089,39483,39493,10
13.1196498871,80.1033630371,39493,39503,10
13.1196899414,80.1039886475,39503,39513,10
13.1197500229,80.1047973633,39513,39523,10
13.1202497482,80.1066436768,39523,39533,10
13.1202497482,80.1066436768,39533,39543,10
13.1208000183,80.1076431274,39543,39553,10
13.1216402054,80.1083984375,39553,39563,10
13.1223201752,80.1092376709,39563,39573,10
13.1229000092,80.1100234985,39573,39584,11
13.1232795715,80.1110305786,39584,39594,10
13.1233701706,80.112121582,39594,39604,10
13.1236495972,80.1131668091,39604,39614,10
13.1238603592,80.113822937,39614,39624,10
13.1241397858,80.1145324707,39624,39634,10
13.1244697571,80.1154327393,39634,39644,10
13.124879837,80.1165084839,39644,39654,10
13.1253099442,80.1176071167,39654,39664,10
13.1256799698,80.1184997559,39664,39674,10
13.1259202957,80.1192932129,39674,39684,10
13.1261396408,80.1201400757,39684,39695,11
13.1264200211,80.1211090088,39695,39705,10
13.1270999908,80.1219329834,39705,39715,10
13.127820015,80.1227798462,39715,39725,10
13.1285295486,80.1236190796,39725,39735,10
13.1292800903,80.124458313,39735,39745,10
13.1300201416,80.1253433228,39745,39755,10
13.1307201385,80.1262435913,39755,39765,10
13.1313695908,80.1271209717,39765,39775,10
13.1314401627,80.1279907227,39775,39785,10
13.1311998367,80.1288986206,39785,39796,11
13.1309499741,80.1298522949,39796,39806,10
13.13078022,80.1306686401,39806,39816,10
13.13078022,80.1312103271,39816,39826,10
13.1307601929,80.1316986084,39826,39836,10
13.1307401657,80.1322631836,39836,39846,10
13.1307497025,80.1329421997,39846,39856,10
13.1307497025,80.1331176758,39856,39866,10
13.1307401657,80.1333618164,39866,39876,10
13.1307296753,80.1341629028,39876,39887,11
13.1306800842,80.1351623535,39887,39897,10
13.1305103302,80.1362075806,39897,39907,10
13.1304197311,80.1368713379,39907,39917,10
13.1303195953,80.1374130249,39917,39927,10
13.1300296783,80.138130188,39927,39937,10
13.1293802261,80.1387634277,39937,39947,10
13.1287899017,80.1391677856,39947,39957,10
13.1280899048,80.1397018433,39957,39967,10
13.1273202896,80.1402816772,39967,39977,10
13.1265201569,80.1408920288,39977,39988,11
13.1259803772,80.1413421631,39988,39998,10
13.1254796982,80.1420211792,39998,40008,10
13.1249799728,80.1428070068,40008,40018,10
13.12458992,80.1434173584,40018,40028,10
13.1241798401,80.1440734863,40028,40038,10
13.1237401962,80.1447982788,40038,40048,10
13.1231603622,80.1457138062,40048,40058,10
13.1226196289,80.1466293335,40058,40068,10
13.122420311,80.1471633911,40068,40078,10
13.1224403381,80.1475906372,40078,40089,11
13.1225996017,80.1482315063,40089,40099,10
13.1226196289,80.1485900879,40099,40109,10
13.1223201752,80.1485824585,40109,40119,10
13.1217803955,80.1485290527,40119,40129,10
13.1212301254,80.1486816406,40129,40139,10
13.1206703186,80.148979187,40139,40149,10
13.1201696396,80.1495285034,40149,40159,10
13.119890213,80.149772644,40159,40169,10
13.1196804047,80.150100708,40169,40179,10
13.1196699142,80.150100708,40179,40190,11
13.1194601059,80.1499481201,40190,40210,20
13.1194601059,80.1499481201,40210,40220,10
13.1191596985,80.149848938,40220,40230,10
13.1187400818,80.149772644,40230,40240,10
13.1184301376,80.1496963501,40240,40250,10
13.1183395386,80.1496734619,40250,40260,10
13.1179800034,80.149597168,40260,40270,10
13.1174898148,80.1493988037,40270,40280,10
13.1169996262,80.1488571167,40280,40291,11
13.1162996292,80.1481399536,40291,40301,10
13.11536026,80.1478881836,40301,40311,10
13.1147203445,80.1480484009,40311,40321,10
13.1141395569,80.1482620239,40321,40331,10
13.1136198044,80.1484985352,40331,40340,9
13.1133003235,80.1491394043,40340,40351,11
13.1131296158,80.1498718262,40351,40361,10
13.1127300262,80.1502838135,40361,40371,10
13.1121797562,80.1506195068,40371,40381,10
13.1118898392,80.150932312,40381,40392,11
13.1114902496,80.1514587402,40392,40402,10
13.1108198166,80.1518707275,40402,40412,10
13.110250473,80.1523284912,40412,40432,20
13.110250473,80.1523284912,40432,40442,10
13.1098203659,80.15234375,40442,40452,10
13.1092996597,80.1522598267,40452,40462,10
13.1087999344,80.1522369385,40462,40472,10
13.1082201004,80.1522674561,40472,40482,10
13.1079797745,80.1522979736,40482,40493,11
13.107460022,80.1522979736,40493,40503,10
13.1068296432,80.1523208618,40503,40513,10
13.1061201096,80.1523666382,40513,40523,10
13.1059999466,80.152381897,40523,40533,10
13.105629921,80.1524200439,40533,40543,10
13.1050395966,80.1527328491,40543,40553,10
13.1045503616,80.1533584595,40553,40563,10
13.1041898727,80.1542282104,40563,40573,10
13.1039104462,80.1553573608,40573,40583,10
13.1036701202,80.1564407349,40583,40594,11
13.1034898758,80.1571884155,40594,40604,10
13.103219986,80.1579818726,40604,40614,10
13.1027202606,80.1585083008,40614,40624,10
13.102060318,80.1591110229,40624,40634,10
13.1015701294,80.1596069336,40634,40644,10
13.1014204025,80.160369873,40644,40654,10
13.1014499664,80.1612091064,40654,40664,10
13.1014900208,80.1617889404,40664,40674,10
13.1015100479,80.1621398926,40674,40684,10
13.1013803482,80.1625366211,40684,40695,11
13.101360321,80.1629333496,40695,40705,10
13.1012496948,80.1634521484,40705,40715,10
13.1010398865,80.1641464233,40715,40725,10
13.1007499695,80.1650238037,40725,40735,10
13.1004600525,80.1660003662,40735,40745,10
13.100230217,80.1667480469,40745,40755,10
13.1001195908,80.1672210693,40755,40765,10
13.1000900269,80.1675567627,40765,40775,10
13.1000204086,80.1680984497,40775,40786,11
13.0999498367,80.1687698364,40786,40796,10
13.0998497009,80.1694107056,40796,40806,10
13.0998001099,80.1700134277,40806,40816,10
13.0997600555,80.1704177856,40816,40826,10
13.0997104645,80.1707229614,40826,40836,10
13.099650383,80.1709594727,40836,40846,10
13.0995998383,80.1711425781,40846,40856,10
13.0994195938,80.1716995239,40856,40866,10
13.0992202759,80.1723175049,40866,40876,10
13.0989999771,80.1728973389,40876,40887,11
13.0987596512,80.1734771729,40887,40897,10
13.09856987,80.1739120483,40897,40907,10
13.098400116,80.1744308472,40907,40917,10
13.0982398987,80.174987793,40917,40926,9
13.0982198715,80.1751480103,40926,40937,11
13.0981798172,80.1753997803,40937,40947,10
13.09815979,80.1756820679,40947,40957,10
13.09815979,80.1759033203,40957,40967,10
13.0980997086,80.1762313843,40967,40977,10
13.0980195999,80.1766433716,40977,40988,11
13.0979204178,80.1772232056,40988,40998,10
13.097869873,80.1778793335,40998,41008,10
13.0978403091,80.178527832,41008,41018,10
13.0978603363,80.1790924072,41018,41028,10
13.0979604721,80.1797103882,41028,41038,10
13.098110199,80.1802902222,41038,41048,10
13.0982103348,80.1807174683,41048,41059,11
13.0982599258,80.1809310913,41059,41068,9
13.0983800888,80.181350708,41068,41079,11
13.0984802246,80.1818008423,41079,41090,11
13.0986204147,80.1824798584,41090,41100,10
13.0987796783,80.18309021,41100,41110,10
13.0989103317,80.1835479736,41110,41120,10
13.0991201401,80.1841812134,41120,41130,10
13.0993099213,80.1847915649,41130,41140,10
13.099439621,80.1853179932,41140,41150,10
13.09953022,80.1856994629,41150,41160,10
13.0995998383,80.1860122681,41160,41170,10
13.0996799469,80.186378479,41170,41180,10
13.0997800827,80.1866607666,41180,41191,11
13.0997800827,80.186668396,41191,41201,10
13.0998401642,80.186920166,41201,41211,10
13.0998601913,80.1870880127,41211,41221,10
13.0999403,80.1873626709,41221,41230,9
13.1001501083,80.1879501343,41230,41241,11
13.1005096436,80.1887664795,41241,41251,10
13.1011400223,80.1894302368,41251,41261,10
13.1012897491,80.1897583008,41261,41271,10
13.1013002396,80.1898803711,41271,41281,10
13.1014204025,80.1903381348,41281,41292,11
13.1015701294,80.1911315918,41292,41302,10
13.1016902924,80.1918029785,41302,41312,10
13.1017904282,80.1923980713,41312,41322,10
13.1018800735,80.1929931641,41322,41332,10
13.1019802094,80.1935806274,41332,41342,10
13.1021900177,80.1941299438,41342,41352,10
13.1020698547,80.1946487427,41352,41363,11
13.1021404266,80.1953582764,41363,41373,10
13.1024999619,80.1964569092,41373,41383,10
13.1029100418,80.1977233887,41383,41394,11
13.1031398773,80.1988372803,41394,41404,10
13.1032304764,80.1993103027,41404,41414,10
13.1033000946,80.199798584,41414,41423,9
13.1034002304,80.2005767822,41423,41434,11
13.1034803391,80.2012329102,41434,41444,10
13.1035299301,80.2019424438,41444,41454,10
13.1035995483,80.2024688721,41454,41464,10
13.1036396027,80.2026290894,41464,41474,10
13.1036596298,80.2027587891,41474,41484,10
13.1036996841,80.2031097412,41484,41495,11
13.1037902832,80.203742981,41495,41505,10
13.1038398743,80.2042999268,41505,41515,10
13.1038703918,80.2050094604,41515,41525,10
13.1038799286,80.2057418823,41525,41535,10
13.1037197113,80.2064285278,41535,41545,10
13.1035499573,80.2068405151,41545,41555,10
13.1034402847,80.2070465088,41555,41565,10
13.1033296585,80.2072219849,41565,41575,10
13.1032400131,80.2074203491,41575,41585,10
13.1032304764,80.2074432373,41585,41596,11
13.1031703949,80.207611084,41596,41606,10
13.1030597687,80.2079391479,41606,41616,10
13.1028795242,80.2085189819,41616,41626,10
13.1027097702,80.2090301514,41626,41636,10
13.1026000977,80.2093887329,41636,41646,10
13.1024198532,80.2099227905,41646,41656,10
13.1021995544,80.2105331421,41656,41666,10
13.101940155,80.2113265991,41666,41676,10
13.1016197205,80.2122116089,41676,41687,11
13.1012897491,80.2130966187,41687,41697,10
13.1011695862,80.2134170532,41697,41707,10
13.1011199951,80.2135467529,41707,41717,10
13.1009902954,80.2138290405,41717,41727,10
13.1008396149,80.2142333984,41727,41788,61
13.1008396149,80.2142333984,41788,41798,10
13.1006298065,80.2146987915,41798,41808,10
13.1004199982,80.215171814,41808,41818,10
13.0998096466,80.2165908813,41818,41828,10
13.0998096466,80.2165908813,41828,41838,10
13.0995798111,80.2174606323,41838,41848,10
13.099439621,80.2182998657,41848,41858,10
13.0993299484,80.21900177,41858,41868,10
13.0992803574,80.2192001343,41868,41878,10
13.0992002487,80.2195968628,41878,41889,11
13.0990800858,80.2203903198,41889,41902,13
13.0988702774,80.2214813232,41902,41912,10
13.0987997055,80.2224884033,41912,41922,10
13.0992603302,80.2234573364,41922,41932,10
13.0997800827,80.2244873047,41932,41942,10
13.0999603271,80.2254180908,41942,41950,8
13.1000299454,80.2260513306,41950,41962,12
13.1000900269,80.2269668579,41962,41972,10
13.1000699997,80.2278289795,41972,41982,10
13.1000299454,80.2282409668,41982,41993,11
13.0999403,80.2287826538,41993,42003,10
13.0998497009,80.2293319702,42003,42013,10
13.0997800827,80.2296905518,42013,42023,10
13.0995903015,80.2304382324,42023,42043,20
13.0995903015,80.2304382324,42043,42053,10
13.0994195938,80.2308578491,42053,42063,10
13.0992002487,80.231338501,42063,42073,10
13.0990600586,80.2316207886,42073,42083,10
13.0989303589,80.2319869995,42083,42094,11
13.0988702774,80.2321777344,42094,42104,10
13.0987596512,80.2326202393,42104,42114,10
13.0986499786,80.2333602905,42114,42124,10
13.0985803604,80.2341995239,42124,42144,20
13.0985803604,80.2341995239,42144,42154,10
13.0985498428,80.2345581055,42154,42164,10
13.0984697342,80.2351913452,42164,42174,10
13.0983800888,80.2358474731,42174,42184,10
13.0982904434,80.2364196777,42184,42195,11
13.0981903076,80.2370910645,42195,42205,10
13.0981302261,80.2373733521,42205,42215,10
13.0979995728,80.2378463745,42215,42225,10
13.0978603363,80.23853302,42225,42235,10
13.0977802277,80.2391967773,42235,42245,10
13.0977296829,80.2399368286,42245,42255,10
13.0976896286,80.2406082153,42255,42265,10
13.0975399017,80.2417221069,42265,42275,10
13.0973596573,80.2420806885,42275,42285,10
13.0971698761,80.2420578003,42285,42296,11
13.0967798233,80.2419509888,42296,42306,10
13.0961799622,80.2417984009,42306,42316,10
13.0954303741,80.241569519,42316,42326,10
13.0948495865,80.2414703369,42326,42336,10
13.0945701599,80.2413635254,42336,42346,10
13.0940799713,80.2412414551,42346,42356,10
13.0936002731,80.2411422729,42356,42366,10
13.0935897827,80.2411270142,42366,42376,10
13.0934896469,80.2410812378,42376,42386,10
13.0931396484,80.241027832,42386,42397,11
13.0925102234,80.2409362793,42397,42407,10
13.0917396545,80.2409286499,42407,42417,10
13.0907897949,80.2409210205,42417,42427,10
13.0897798538,80.2410583496,42427,42437,10
13.0888900757,80.241607666,42437,42447,10
13.088139534,80.2421569824,42447,42457,10
13.0878696442,80.2429428101,42457,42467,10
13.0878400803,80.2432327271,42467,42477,10
13.0876998901,80.2435379028,42477,42488,11
13.0873804092,80.2438583374,42488,42498,10
13.0868597031,80.2442703247,42498,42508,10
13.0862503052,80.2447662354,42508,42518,10
13.0857696533,80.2451705933,42518,42528,10
13.0856599808,80.2456512451,42528,42538,10
13.0857200623,80.2462921143,42538,42548,10
13.0857400894,80.2468795776,42548,42558,10
13.0857696533,80.247718811,42558,42568,10
13.0858097076,80.2487030029,42568,42579,11
13.0859003067,80.2498016357,42579,42600,21
13.0859003067,80.2498016357,42600,42610,10
13.085940361,80.2499389648,42610,42620,10
13.0859603882,80.2502365112,42620,42630,10
13.0858602524,80.2506637573,42630,42640,10
13.0858097076,80.251083374,42640,42650,10
13.0857400894,80.2515487671,42650,42660,10
13.0857000351,80.2518386841,42660,42670,10
13.0855998993,80.2524795532,42670,42680,10
13.085559845,80.253112793,42680,42691,11
13.0855398178,80.2538223267,42691,42711,20
13.0855398178,80.2538223267,42711,42721,10
13.085559845,80.2539291382,42721,42731,10
13.0856103897,80.2541732788,42731,42741,10
13.0856399536,80.25440979,42741,42751,10
13.0855302811,80.2547225952,42751,42761,10
13.0851097107,80.2547225952,42761,42771,10
13.0845098495,80.2546386719,42771,42781,10
13.0837802887,80.2545776367,42781,42792,11
13.082909584,80.2545471191,42792,42802,10
13.0823602676,80.2544708252,42802,42812,10
13.0818099976,80.254699707,42812,42822,10
13.0811796188,80.2547988892,42822,42832,10
13.0811004639,80.2548294067,42832,42842,10
13.0807504654,80.2548065186,42842,42852,10
13.080329895,80.2547912598,42852,42862,10
13.0795497894,80.2546463013,42862,42903,41
13.0795497894,80.2546463013,42903,42913,10
13.0793199539,80.2546615601,42913,42923,10
13.0790500641,80.2548980713,42923,42933,10
13.0790395737,80.2556228638,42933,42943,10
13.079079628,80.2564315796,42943,42953,10
13.0791797638,80.2571182251,42953,42963,10
13.0793304443,80.258430481,42963,42994,31
13.0793304443,80.258430481,42994,43004,10
13.0793600082,80.2587280273,43004,43014,10
13.0794296265,80.2593612671,43014,43024,10
13.0795602798,80.2600631714,43024,43034,10
13.0797395706,80.2609100342,43034,43044,10
13.0800600052,80.26171875,43044,43054,10
13.0802097321,80.2623825073,43054,43084,30
13.0802097321,80.2623825073,43084,43096,12
13.0802402496,80.2625427246,43096,43106,10
13.0803604126,80.2630004883,43106,43116,10
13.0804901123,80.2636108398,43116,43126,10
13.0806303024,80.2643127441,43126,43136,10
13.0806999207,80.2646713257,43136,43146,10
13.0807600021,80.2652816772,43146,43156,10
13.0807695389,80.2660980225,43156,43166,10
13.0807600021,80.2670898438,43166,43176,10
13.0807199478,80.2680969238,43176,43186,10
13.0807304382,80.26902771,43186,43198,12
13.0806903839,80.2699432373,43198,43208,10
13.0808095932,80.2705078125,43208,43228,20
13.0808095932,80.2705078125,43228,43238,10
13.080909729,80.2708969116,43238,43248,10
13.0811004639,80.2712173462,43248,43258,10
13.0813999176,80.2717819214,43258,43268,10
13.0815496445,80.2724761963,43268,43278,10
13.0814199448,80.2731399536,43278,43288,10
13.0816898346,80.2739181519,43288,43299,11
13.0819997787,80.2744979858,43299,43309,10
13.0820198059,80.2749481201,43309,43319,10
13.0820703506,80.2753372192,43319,43358,39
13.0820703506,80.2753372192,43358,43369,11
13.0821399689,80.2755126953,43369,43379,10
13.0820798874,80.2758483887,43379,43389,10
13.0818595886,80.2760391235,43389,43400,11
13.0818300247,80.2762680054,43400,43410,10
13.0817499161,80.2764663696,43410,43420,10
13.0816898346,80.2766876221,43420,43430,10
13.0817804337,80.2771606445,43430,43440,10
13.0818595886,80.2779693604,43440,43450,10
13.0820302963,80.2784729004,43450,43458,8
13.0820999146,80.2788391113,43458,43470,12
13.0822200775,80.2797088623,43470,43480,10
13.0823202133,80.2806091309,43480,43491,11
13.082400322,80.281578064,43491,43501,10
13.0824098587,80.2816772461,43501,43511,10
13.0827102661,80.2819595337,43511,43521,10
13.0833902359,80.2823867798,43521,43531,10
13.0839500427,80.2827301025,43531,43541,10
13.0849103928,80.2835464478,43541,43551,10
13.0854301453,80.2834014893,43551,43571,20
13.0854301453,80.2834014893,43571,43581,10
13.0855197906,80.2832183838,43581,43592,11
13.0855197906,80.2829437256,43592,43602,10
13.0855398178,80.2827224731,43602,43613,11
13.0856399536,80.2823486328,43613,44200,587
13.0856399536,80.2823486328,44200,44210,10
13.0855998993,80.2819213867,44210,44220,10
13.0856599808,80.2816009521,44220,44230,10
13.0857095718,80.2812194824,44230,44241,11
13.0857400894,80.2809677124,44241,44251,10
13.0856800079,80.2806167603,44251,44261,10
13.0855998993,80.2800979614,44261,44271,10
13.0852603912,80.279510498,44271,44282,11
13.0846300125,80.279258728,44282,44292,10
13.0840902328,80.2791213989,44292,44302,10
13.0834903717,80.2789611816,44302,44312,10
13.082909584,80.2787628174,44312,44322,10
13.082570076,80.2786483765,44322,44332,10
13.082110405,80.2783889771,44332,44342,10
13.081990242,80.277961731,44342,44352,10
13.0819196701,80.2776565552,44352,44362,10
13.0817804337,80.2771072388,44362,44372,10
13.0816001892,80.2759628296,44372,44393,21
13.0816001892,80.2759628296,44393,44403,10
13.0816202164,80.2756881714,44403,44412,9
13.0815696716,80.2752532959,44412,44423,11
13.0815496445,80.2748184204,44423,44433,10
13.0815000534,80.2744598389,44433,44443,10
13.0814599991,80.2739334106,44443,44453,10
13.0813999176,80.2733917236,44453,44463,10
13.0813703537,80.2730178833,44463,44473,10
13.0813798904,80.2729034424,44473,44484,11
13.0814199448,80.2723083496,44484,44494,10
13.0812797546,80.2715606689,44494,44504,10
13.0809297562,80.2711410522,44504,44514,10
13.080789566,80.2706985474,44514,44524,10
13.0807600021,80.2701568604,44524,44534,10
13.0806999207,80.2690582275,44534,44544,10
13.0806999207,80.2679824829,44544,44554,10
13.0806903839,80.266998291,44554,44564,10
13.0806398392,80.2659988403,44564,44574,10
13.0806798935,80.2655105591,44574,44585,11
13.080619812,80.2649536133,44585,44595,10
13.080499649,80.2642288208,44595,44605,10
13.0803203583,80.2634887695,44605,44615,10
13.0803098679,80.263458252,44615,44625,10
13.080329895,80.2633895874,44625,44635,10
13.0802001953,80.2630004883,44635,44645,10
13.0796403885,80.2630310059,44645,44655,10
13.0795602798,80.2628173828,44655,44675,20
13.0795602798,80.2628173828,44675,44686,11
13.0799598694,80.2628173828,44686,44696,10
13.0800304413,80.2622680664,44696,44706,10
13.0798501968,80.2615966797,44706,44716,10
13.0796298981,80.2608032227,44716,44726,10
13.0793895721,80.2599334717,44726,44736,10
13.0793104172,80.2589035034,44736,44746,10
13.0792398453,80.2578277588,44746,44756,10
13.0791597366,80.2570037842,44756,44766,10
13.0791597366,80.2565994263,44766,44776,10
13.0791501999,80.2562866211,44776,44787,11
13.0790596008,80.2556991577,44787,44797,10
13.0788698196,80.2547683716,44797,44877,80
13.0788698196,80.2547683716,44877,44888,11
13.0791797638,80.2545471191,44888,44898,10
13.0797395706,80.2546005249,44898,44908,10
13.0802898407,80.254699707,44908,44918,10
13.0808601379,80.2547531128,44918,44926,8
13.0814599991,80.2547531128,44926,44938,12
13.0817604065,80.2542037964,44938,44948,10
13.0818500519,80.2537002563,44948,44958,10
13.0818195343,80.253112793,44958,44968,10
13.0816497803,80.2527770996,44968,44978,10
13.0815000534,80.2517089844,44978,44989,11
13.0814504623,80.2510375977,44989,44999,10
13.0813398361,80.2503585815,44999,45009,10
13.0812196732,80.2499465942,45009,45019,10
13.0815296173,80.2497024536,45019,45029,10
13.0822601318,80.2497787476,45029,45039,10
13.0829200745,80.2498779297,45039,45049,10
13.0835800171,80.249961853,45049,45059,10
13.0842599869,80.2500686646,45059,45069,10
13.0847997665,80.2501831055,45069,45079,10
13.0850095749,80.2502212524,45079,45090,11
13.0854196548,80.2502975464,45090,45100,10
13.0858097076,80.2502822876,45100,45110,10
13.0858297348,80.2498397827,45110,45120,10
13.0858602524,80.2490921021,45120,45130,10
13.0858201981,80.2483978271,45130,45140,10
13.085729599,80.2475891113,45140,45150,10
13.085729599,80.2467575073,45150,45160,10
13.0856895447,80.2462615967,45160,45170,10
13.0856895447,80.2459411621,45170,45180,10
13.0856895447,80.2459106445,45180,45191,11
13.0856399536,80.2455062866,45191,45201,10
13.0859298706,80.2450790405,45201,45211,10
13.0864295959,80.2446136475,45211,45221,10
13.0870895386,80.2440338135,45221,45231,10
13.0875797272,80.243598938,45231,45241,10
13.0878000259,80.2431411743,45241,45251,10
13.0878896713,80.2425537109,45251,45261,10
13.0882101059,80.2420425415,45261,45271,10
13.0883798599,80.2418899536,45271,45281,10
13.0887804031,80.2415390015,45281,45292,11
13.08934021,80.2411499023,45292,45302,10
13.0899801254,80.2408828735,45302,45312,10
13.0908203125,80.240852356,45312,45322,10
13.0915899277,80.2408828735,45322,45332,10
13.0922403336,80.2409210205,45332,45342,10
13.0928096771,80.2409591675,45342,45352,10
13.0935401917,80.2410583496,45352,45362,10
13.0940599442,80.2411422729,45362,45372,10
13.0940799713,80.2411499023,45372,45382,10
13.0942001343,80.2411880493,45382,45393,11
13.0946903229,80.2412872314,45393,45403,10
13.0952396393,80.2414474487,45403,45413,10
13.0957603455,80.2416229248,45413,45423,10
13.0961799622,80.2417831421,45423,45433,10
13.0968503952,80.2420120239,45433,45443,10
13.0971899033,80.2420883179,45443,45453,10
13.0973997116,80.2419281006,45453,45463,10
13.0974397659,80.2416381836,45463,45473,10
13.0975399017,80.2410888672,45473,45484,11
13.0976800919,80.2402572632,45484,45494,10
13.0977296829,80.2394180298,45494,45504,10
13.0977401733,80.2387619019,45504,45514,10
13.0978603363,80.23802948,45514,45524,10
13.0979499817,80.2375335693,45524,45534,10
13.0980596542,80.2372436523,45534,45544,10
13.0981798172,80.2366333008,45544,45554,10
13.0982904434,80.2359008789,45554,45564,10
13.0984296799,80.2351837158,45564,45574,10
13.0984697342,80.2349319458,45574,45585,11
13.0985002518,80.2347412109,45585,45595,10
13.09856987,80.2342376709,45595,45605,10
13.0985898972,80.2337417603,45605,45615,10
13.0986995697,80.2331314087,45615,45625,10
13.0987796783,80.2325515747,45625,45635,10
13.0988397598,80.2321929932,45635,45645,10
13.0989999771,80.2316589355,45645,45655,10
13.0991697311,80.2310714722,45655,45665,10
13.0994195938,80.2306213379,45665,45675,10
13.09953022,80.2303695679,45675,45686,11
13.0996904373,80.2297286987,45686,45696,10
13.0997200012,80.2295379639,45696,45706,10
13.0997896194,80.2291564941,45706,45716,10
13.0997800827,80.2289428711,45716,45726,10
13.0998401642,80.2284469604,45726,45736,10
13.1000099182,80.2277374268,45736,45746,10
13.0999803543,80.2270126343,45746,45756,10
13.0999403,80.2259902954,45756,45766,10
13.0998697281,80.2253417969,45766,45776,10
13.0998601913,80.2252426147,45776,45787,11
13.0997400284,80.2247695923,45787,45797,10
13.0995101929,80.2240982056,45797,45807,10
13.0992698669,80.2236785889,45807,45817,10
13.0990400314,80.2233963013,45817,45827,10
13.0988397598,80.2231063843,45827,45837,10
13.0987195969,80.2227020264,45837,45847,10
13.0988798141,80.2211685181,45847,45857,10
13.0988798141,80.2211685181,45857,45867,10
13.099029541,80.2201766968,45867,45877,10
13.0991601944,80.2193908691,45877,45888,11
13.0992698669,80.2189331055,45888,45898,10
13.0993795395,80.2182006836,45898,45908,10
13.0995397568,80.2173461914,45908,45918,10
13.0998296738,80.2163009644,45918,45931,13
13.1001901627,80.2154464722,45931,45941,10
13.100279808,80.2152862549,45941,45951,10
13.1004295349,80.2148284912,45951,45961,10
13.1006803513,80.2142181396,45961,45971,10
13.1009502411,80.2134933472,45971,45980,9
13.1012496948,80.2126922607,45980,45992,12
13.1016702652,80.2116775513,45992,46002,10
13.1019496918,80.2109375,46002,46012,10
13.1022396088,80.2101287842,46012,46022,10
13.1024303436,80.2096176147,46022,46032,10
13.1025800705,80.2091827393,46032,46042,10
13.1026802063,80.2086868286,46042,46052,10
13.1029195786,80.2080230713,46052,46062,10
13.1031398773,80.207321167,46062,46072,10
13.1034402847,80.206741333,46072,46082,10
13.1036100388,80.206161499,46082,46093,11
13.1037397385,80.205657959,46093,46103,10
13.1037797928,80.205078125,46103,46113,10
13.1037597656,80.2043609619,46113,46123,10
13.1035404205,80.2034072876,46123,46163,40
13.1035404205,80.2034072876,46163,46173,10
13.1035003662,80.2032318115,46173,46183,10
13.103509903,80.2027282715,46183,46194,11
13.1034297943,80.2019882202,46194,46204,10
13.1033401489,80.2011413574,46204,46214,10
13.1033000946,80.2004089355,46214,46224,10
13.103219986,80.1995620728,46224,46234,10
13.1031599045,80.1991577148,46234,46244,10
13.1030502319,80.1985321045,46244,46254,10
13.1028995514,80.1977996826,46254,46264,10
13.1026697159,80.1971435547,46264,46274,10
13.1024599075,80.1965484619,46274,46285,11
13.1022500992,80.1958999634,46285,46295,10
13.102060318,80.1953277588,46295,46305,10
13.1018695831,80.1948013306,46305,46315,10
13.1016101837,80.1944732666,46315,46325,10
13.1015100479,80.1940689087,46325,46335,10
13.1017904282,80.1934509277,46335,46345,10
13.1016597748,80.1924285889,46345,46355,10
13.1014795303,80.1914215088,46355,46365,10
13.1011199951,80.1901397705,46365,46375,10
13.1010904312,80.190032959,46375,46386,11
13.100979805,80.189743042,46386,46396,10
13.1006803513,80.1891784668,46396,46406,10
13.1003198624,80.1884994507,46406,46416,10
13.1000003815,80.1876831055,46416,46426,10
13.0998096466,80.1870422363,46426,46436,10
13.0996904373,80.1864776611,46436,46446,10
13.0995702744,80.1859130859,46446,46456,10
13.0994596481,80.1854782104,46456,46466,10
13.0993700027,80.1851196289,46466,46476,10
13.0992698669,80.1846466064,46476,46487,11
13.099029541,80.1839981079,46487,46497,10
13.0988903046,80.1835327148,46497,46507,10
13.0987901688,80.1831588745,46507,46517,10
13.0986700058,80.1828079224,46517,46527,10
13.0985603333,80.1823425293,46527,46537,10
13.098449707,80.1818008423,46537,46547,10
13.0984401703,80.1817779541,46547,46557,10
13.0983600616,80.1814575195,46557,46567,10
13.0981998444,80.1808624268,46567,46577,10
13.0980596542,80.1801605225,46577,46588,11
13.0979003906,80.1793670654,46588,46598,10
13.0978498459,80.1786270142,46598,46608,10
13.0978803635,80.1779022217,46608,46618,10
13.0979404449,80.1770935059,46618,46628,10
13.0980501175,80.1764831543,46628,46638,10
13.0981302261,80.1760177612,46638,46648,10
13.0981502533,80.1756820679,46648,46658,10
13.09815979,80.1754074097,46658,46668,10
13.09815979,80.1750488281,46668,46678,10
13.0983295441,80.1744613647,46678,46689,11
13.0986003876,80.1736602783,46689,46699,10
13.0989599228,80.1727905273,46699,46709,10
13.099360466,80.1717681885,46709,46719,10
13.0996799469,80.1706771851,46719,46779,60
13.0996799469,80.1706771851,46779,46790,11
13.099729538,80.1701126099,46790,46800,10
13.0997200012,80.1697235107,46800,46810,10
13.0997200012,80.169708252,46810,46820,10
13.0997800827,80.1693572998,46820,46830,10
13.0998601913,80.1687698364,46830,46840,10
13.0999803543,80.168006897,46840,46850,10
13.100060463,80.1671066284,46850,46860,10
13.1003599167,80.1661376953,46860,46870,10
13.1006803513,80.1651229858,46870,46880,10
13.1009902954,80.1642303467,46880,46891,11
13.1012401581,80.1633071899,46891,46901,10
13.1013202667,80.1622161865,46901,46921,20
13.1013202667,80.1622161865,46921,46931,10
13.1013698578,80.1619796753,46931,46941,10
13.1014204025,80.1614379883,46941,46951,10
13.1014204025,80.1607208252,46951,46961,10
13.1014299393,80.1600112915,46961,46971,10
13.1016798019,80.1594467163,46971,46980,9
13.1021003723,80.1590118408,46980,46992,12
13.1026000977,80.158531189,46992,47002,10
13.1029996872,80.1580963135,47002,47012,10
13.1033000946,80.1575012207,47012,47022,10
13.1034803391,80.1568527222,47022,47032,10
13.1035604477,80.156539917,47032,47042,10
13.1036195755,80.1563796997,47042,47052,10
13.1037197113,80.1558990479,47052,47062,10
13.1038599014,80.1552276611,47062,47072,10
13.1040000916,80.1545181274,47072,47082,10
13.1042098999,80.1537475586,47082,47093,11
13.1047201157,80.1529083252,47093,47103,10
13.1054601669,80.1523208618,47103,47113,10
13.1056604385,80.1522979736,47113,47123,10
13.1061000824,80.1522674561,47123,47133,10
13.1068201065,80.1522598267,47133,47143,10
13.1074495316,80.1522369385,47143,47153,10
13.1081895828,80.1522216797,47153,47163,10
13.1088895798,80.1522064209,47163,47173,10
13.1095695496,80.1522521973,47173,47183,10
13.1102600098,80.1522064209,47183,47194,11
13.1109800339,80.1517410278,47194,47204,10
13.1115102768,80.1513366699,47204,47214,10
13.1118497849,80.1508712769,47214,47224,10
13.1121397018,80.1505432129,47224,47234,10
13.112660408,80.1502609253,47234,47244,10
13.1130599976,80.149810791,47244,47254,10
13.1132097244,80.1492004395,47254,47264,10
13.1133298874,80.1487808228,47264,47275,11
13.1136598587,80.1484069824,47275,47285,10
13.1141300201,80.1482009888,47285,47296,11
13.1150302887,80.1478805542,47296,47306,10
13.1159200668,80.1478881836,47306,47316,10
13.1167402267,80.1484680176,47316,47326,10
13.117389679,80.149230957,47326,47336,10
13.1179199219,80.149520874,47336,47346,10
13.1185102463,80.1496887207,47346,47356,10
13.1189699173,80.1498031616,47356,47366,10
13.119389534,80.1498565674,47366,47376,10
13.1198196411,80.1497497559,47376,47386,10
13.120300293,80.1492462158,47386,47397,11
13.1210899353,80.148651123,47397,47407,10
13.1217298508,80.1479568481,47407,47417,10
13.1218299866,80.1477813721,47417,47427,10
13.1218700409,80.1476821899,47427,47437,10
13.1220998764,80.1472167969,47437,47447,10
13.1224803925,80.1465530396,47447,47457,10
13.122879982,80.1459197998,47457,47467,10
13.1233701706,80.1452407837,47467,47477,10
13.1238698959,80.1443862915,47477,47487,10
13.124250412,80.1437225342,47487,47498,11
13.1246500015,80.1430969238,47498,47508,10
13.1251096725,80.1423568726,47508,47518,10
13.1256799698,80.1414718628,47518,47528,10
13.1265602112,80.1407699585,47528,47538,10
13.1273603439,80.1401824951,47538,47548,10
13.1280899048,80.1396636963,47548,47558,10
13.1288204193,80.1390762329,47558,47568,10
13.1294002533,80.1386413574,47568,47578,10
13.1299800873,80.1380691528,47578,47588,10
13.13022995,80.137588501,47588,47599,11
13.1303396225,80.1369781494,47599,47609,10
13.1305198669,80.1362762451,47609,47619,10
13.1305999756,80.1354598999,47619,47629,10
13.130689621,80.1347885132,47629,47639,10
13.1307401657,80.1341323853,47639,47649,10
13.1307296753,80.1334609985,47649,47659,10
13.1307201385,80.1330566406,47659,47669,10
13.1307201385,80.1327590942,47669,47679,10
13.1307296753,80.1323623657,47679,47689,10
13.1307201385,80.1318206787,47689,47700,11
13.1307401657,80.1312179565,47700,47710,10
13.1307401657,80.1306610107,47710,47720,10
13.1308002472,80.1301422119,47720,47730,10
13.1308002472,80.1301269531,47730,47740,10
13.130900383,80.129699707,47740,47750,10
13.1310796738,80.1290435791,47750,47760,10
13.1312904358,80.1281967163,47760,47770,10
13.1312503815,80.1271972656,47770,47779,9
13.1308202744,80.1264572144,47779,47791,12
13.1303195953,80.1258392334,47791,47801,10
13.129940033,80.1253433228,47801,47811,10
13.1295099258,80.1248397827,47811,47821,10
13.1291799545,80.1244277954,47821,47831,10
13.1287298203,80.1238937378,47831,47841,10
13.1281604767,80.1232299805,47841,47851,10
13.1275396347,80.1225204468,47851,47861,10
13.1268796921,80.1217193604,47861,47871,10
13.1262798309,80.1209564209,47871,47881,10
13.1260700226,80.1200866699,47881,47891,10
13.1258401871,80.1193618774,47891,47902,11
13.1255998611,80.1185836792,47902,47912,10
13.1253404617,80.1178588867,47912,47922,10
13.1252803802,80.1176834106,47922,47932,10
13.1250896454,80.117149353,47932,47942,10
13.1248102188,80.1164169312,47942,47952,10
13.1245002747,80.1156082153,47952,47962,10
13.1241703033,80.114730835,47962,47971,9
13.1238803864,80.1138763428,47971,47982,11
13.1234798431,80.1127166748,47982,47993,11
13.1232595444,80.1117477417,47993,48003,10
13.1231803894,80.1108474731,48003,48013,10
13.1229000092,80.1101531982,48013,48023,10
13.1224498749,80.1095504761,48023,48033,10
13.1219797134,80.1089019775,48033,48043,10
13.1213703156,80.1082229614,48043,48053,10
13.1206998825,80.1076278687,48053,48063,10
13.1202497482,80.1067962646,48063,48073,10
13.1199398041,80.1058883667,48073,48083,10
13.119720459,80.1049728394,48083,48094,11
13.1196203232,80.1042480469,48094,48104,10
13.1196098328,80.1037368774,48104,48115,11
13.1195602417,80.1030807495,48115,48126,11
13.1195898056,80.1024627686,48126,48136,10
13.1196498871,80.1018600464,48136,48146,10
13.1197595596,80.1017532349,48146,48156,10
13.1199302673,80.1019821167,48156,48176,20
13.1199302673,80.1019821167,48176,48186,10
13.1199197769,80.1021118164,48186,48197,11
13.1199398041,80.1023025513,48197,48298,101
13.1199398041,80.1023025513,48298,48308,10
13.1198596954,80.1024627686,48308,48328,20
13.1198596954,80.1024627686,48328,48338,10
13.1196603775,80.1025924683,48338,48348,10
13.1196699142,80.1028671265,48348,48358,10
13.1196603775,80.1031799316,48358,48368,10
13.1196699142,80.1036682129,48368,48378,10
13.1198101044,80.1051712036,48378,48388,10
13.1198101044,80.1051712036,48388,48399,11
13.1201000214,80.1062316895,48399,48409,10
13.1204900742,80.1073074341,48409,48419,10
13.1212797165,80.1081085205,48419,48429,10
13.1220197678,80.1088867188,48429,48439,10
13.1225700378,80.1096496582,48439,48449,10
13.1230602264,80.1103363037,48449,48459,10
13.1232595444,80.1112670898,48459,48469,10
13.1233797073,80.1122894287,48469,48479,10
13.1236696243,80.113319397,48479,48489,10
13.12403965,80.1143035889,48489,48500,11
13.124420166,80.1153564453,48500,48510,10
13.1247901917,80.1163406372,48510,48520,10
13.1252002716,80.1173629761,48520,48530,10
13.1254796982,80.1181335449,48530,48540,10
13.1255397797,80.1183319092,48540,48550,10
13.1256799698,80.1187973022,48550,48560,10
13.1259403229,80.1195297241,48560,48570,10
13.1262197495,80.1204833984,48570,48579,9
13.1265802383,80.1213607788,48579,48590,11
13.1273403168,80.1222610474,48590,48601,11
13.1281700134,80.1232376099,48601,48611,10
13.1289300919,80.124130249,48611,48621,10
13.1293802261,80.1246795654,48621,48631,10
13.129529953,80.1248626709,48631,48641,10
13.1298103333,80.1251983643,48641,48651,10
13.1301803589,80.1256408691,48651,48661,10
13.1307096481,80.1263427734,48661,48671,10
13.1312599182,80.1270599365,48671,48681,10
13.1314201355,80.1279373169,48681,48691,10
13.1311502457,80.1289520264,48691,48702,11
13.1309900284,80.1295623779,48702,48712,10
13.1308403015,80.1302032471,48712,48722,10
13.1307601929,80.1307067871,48722,48732,10
13.1307601929,80.1308822632,48732,48742,10
13.1307497025,80.1312789917,48742,48752,10
13.1307296753,80.1319580078,48752,48762,10
13.1307201385,80.1327209473,48762,48772,10
13.1307001114,80.1335906982,48772,48782,10
13.1307096481,80.1343994141,48782,48792,10
13.1306295395,80.1353683472,48792,48803,11
13.130490303,80.1363830566,48803,48813,10
13.1303796768,80.1371612549,48813,48823,10
13.1301898956,80.137840271,48823,48832,9
13.1295795441,80.1385498047,48832,48843,11
13.1288003922,80.1391601563,48843,48853,10
13.1280603409,80.1397399902,48853,48863,10
13.1272802353,80.1403427124,48863,48873,10
13.1263904572,80.1409988403,48873,48883,10
13.1256103516,80.1418228149,48883,48894,11
13.1249198914,80.142906189,48894,48904,10
13.1246404648,80.1434020996,48904,48914,10
13.1244497299,80.1436080933,48914,48924,10
13.1241102219,80.1440887451,48924,48934,10
13.1237297058,80.1447372437,48934,48944,10
13.1232795715,80.1455383301,48944,48954,10
13.1229200363,80.1461105347,48954,48964,10
13.1225595474,80.1466903687,48964,48974,10
13.1224803925,80.1467971802,48974,48984,10
13.1223697662,80.1470031738,48984,48995,11
13.1224002838,80.1474761963,48995,49005,10
13.1225404739,80.1481399536,49005,49015,10
13.1225004196,80.1485824585,49015,49025,10
13.1218700409,80.1485290527,49025,49035,10
13.1210803986,80.1487197876,49035,49045,10
13.1204004288,80.1491928101,49045,49055,10
13.1200304031,80.1496200562,49055,49065,10
13.119890213,80.1497879028,49065,49075,10
13.1197395325,80.1499862671,49075,49085,10
13.1195402145,80.1501083374,49085,49096,11
13.1194400787,80.1499404907,49096,49106,10
13.1191396713,80.149848938,49106,49116,10
13.1186800003,80.1497192383,49116,49126,10
13.1181201935,80.149597168,49126,49136,10
13.117890358,80.1495513916,49136,49146,10
13.1175403595,80.1494293213,49146,49156,10
13.1171102524,80.1489562988,49156,49166,10
13.1164798737,80.1482620239,49166,49176,10
13.1155099869,80.1478805542,49176,49186,10
13.1146497726,80.1480636597,49186,49197,11
13.1141300201,80.1482696533,49197,49208,11
13.1134796143,80.1486816406,49208,49218,10
13.113240242,80.149520874,49218,49228,10
13.1128396988,80.1502075195,49228,49238,10
13.1122999191,80.1505432129,49238,49248,10
13.1118602753,80.1509933472,49248,49258,10
13.1114597321,80.1514968872,49258,49268,10
13.1108198166,80.1518783569,49268,49278,10
13.110329628,80.1521987915,49278,49288,10
13.1099500656,80.1523284912,49288,49299,11
13.1092596054,80.1522293091,49299,49309,10
13.1085700989,80.1522216797,49309,49319,10
13.1078701019,80.1522979736,49319,49329,10
13.1070203781,80.1522979736,49329,49339,10
13.106180191,80.1523284912,49339,49349,10
13.1056003571,80.1524200439,49349,49359,10
13.1050195694,80.1527481079,49359,49369,10
13.1045198441,80.1533584595,49369,49379,10
13.1041402817,80.154258728,49379,49389,10
13.1039199829,80.1552581787,49389,49400,11
13.1036596298,80.1564407349,49400,49410,10
13.1034202576,80.1574401855,49410,49420,10
13.1029701233,80.1582717896,49420,49430,10
13.1023597717,80.1588516235,49430,49440,10
13.1017799377,80.1593780518,49440,49450,10
13.1014404297,80.1600265503,49450,49460,10
13.1014299393,80.1607666016,49460,49470,10
13.1015300751,80.1618423462,49470,49531,61
13.1015300751,80.1618423462,49531,49541,10
13.101559639,80.1619796753,49541,49550,9
13.1014699936,80.162399292,49550,49562,12
13.1013698578,80.1625976563,49562,49572,10
13.1013298035,80.1632003784,49572,49582,10
13.1011295319,80.1639175415,49582,49592,10
13.1008300781,80.1648101807,49592,49603,11
13.1004695892,80.1659393311,49603,49613,10
13.1001396179,80.1670837402,49613,49623,10
13.1000404358,80.1680374146,49623,49633,10
13.0999698639,80.168838501,49633,49643,10
13.0998401642,80.1695785522,49643,49704,61
13.0998401642,80.1695785522,49704,49714,10
13.0998001099,80.169883728,49714,49724,10
13.0997695923,80.1702423096,49724,49734,10
13.099729538,80.1705627441,49734,49744,10
13.099729538,80.1706237793,49744,49754,10
13.0996704102,80.1708602905,49754,49764,10
13.0994997025,80.1714324951,49764,49774,10
13.0993099213,80.1719970703,49774,49784,10
13.0990896225,80.172668457,49784,49795,11
13.0986995697,80.173576355,49795,49805,10
13.0983200073,80.1745223999,49805,49815,10
13.0981502533,80.1753616333,49815,49825,10
13.0981397629,80.1758804321,49825,49835,10
13.0980796814,80.1762695313,49835,49845,10
13.0979604721,80.176902771,49845,49855,10
13.097869873,80.1777267456,49855,49865,10
13.0978403091,80.1786575317,49865,49875,10
13.0979099274,80.1795272827,49875,49885,10
13.098110199,80.1803283691,49885,49896,11
13.0982398987,80.1807632446,49896,49906,10
13.0982503891,80.1808700562,49906,49916,10
13.0983400345,80.1812973022,49916,49926,10
13.0984897614,80.1819381714,49926,49936,10
13.0986099243,80.1824493408,49936,49946,10
13.0987300873,80.1828994751,49946,49956,10
13.0988702774,80.1834564209,49956,49966,10
13.0991096497,80.1841201782,49966,49976,10
13.0993099213,80.1847305298,49976,49986,10
13.0994701385,80.1853637695,49986,49997,11
13.0995502472,80.1857070923,49997,50007,10
13.0996103287,80.1859817505,50007,50017,10
13.0996599197,80.1862869263,50017,50027,10
13.0997896194,80.1867294312,50027,50037,10
13.0998401642,80.1870269775,50037,50047,10
13.0999403,80.1874008179,50047,50057,10
13.1001396179,80.1879196167,50057,50067,10
13.1004104614,80.1885528564,50067,50077,10
13.1007995605,80.1890869141,50077,50087,10
13.1012296677,80.1895828247,50087,50097,10
13.1013298035,80.1899795532,50097,50108,11
13.1014995575,80.1907196045,50108,50118,10
13.1016197205,80.1915206909,50118,50128,10
13.1017303467,80.1922531128,50128,50138,10
13.1018400192,80.1929168701,50138,50148,10
13.1019496918,80.193572998,50148,50158,10
13.1021699905,80.1942214966,50158,50168,10
13.1020803452,80.1946792603,50168,50178,10
13.1020498276,80.1949615479,50178,50188,10
13.1022396088,80.1955566406,50188,50199,11
13.1026000977,80.1966705322,50199,50209,10
13.1029701233,80.1978530884,50209,50219,10
13.1031703949,80.1989898682,50219,50229,10
13.1032304764,80.1994018555,50229,50239,10
13.1033201218,80.2000808716,50239,50249,10
13.1034202576,80.2009887695,50249,50259,10
13.1035003662,80.201789856,50259,50269,10
13.1036596298,80.2029876709,50269,50279,10
13.1037902832,80.2039031982,50279,50289,10
13.1038398743,80.2045822144,50289,50300,11
13.1038398743,80.2054595947,50300,50310,10
13.1038198471,80.2060394287,50310,50320,10
13.1036596298,80.2065963745,50320,50330,10
13.1033802032,80.2071533203,50330,50340,10
13.1032600403,80.2074584961,50340,50349,9
13.1031398773,80.2076873779,50349,50360,11
13.1029596329,80.2082214355,50360,50370,10
13.102809906,80.208656311,50370,50380,10
13.102640152,80.2091217041,50380,50390,10
13.1025695801,80.2093963623,50390,50401,11
13.1024103165,80.2099075317,50401,50411,10
13.1022195816,80.2104797363,50411,50421,10
13.1020097733,80.2110824585,50421,50431,10
13.1018600464,80.2116088867,50431,50441,10
13.1014795303,80.212562561,50441,50451,10
13.1011800766,80.2133102417,50451,50461,10
13.1007900238,80.2143783569,50461,50481,20
13.1007900238,80.2143783569,50481,50491,10
13.1006603241,80.2145996094,50491,50502,11
13.1004199982,80.2151794434,50502,50512,10
13.0997600555,80.2167510986,50512,50522,10
13.0997600555,80.2167510986,50522,50532,10
13.0995702744,80.2175674438,50532,50542,10
13.0993795395,80.2185211182,50542,50552,10
13.0992803574,80.2191619873,50552,50562,10
13.0992298126,80.2194671631,50562,50572,10
13.0991201401,80.2200469971,50572,50585,13
13.09897995,80.2209320068,50585,50595,10
13.0987997055,80.2222518921,50595,50606,11
13.0990695953,80.2232284546,50606,50616,10
13.0995597839,80.2239608765,50616,50626,10
13.0997200012,80.2245330811,50626,50636,10
13.0999002457,80.2252883911,50636,50646,10
13.1000204086,80.2261581421,50646,50656,10
13.1000299454,80.2271270752,50656,50666,10
13.1000099182,80.2280807495,50666,50676,10
13.0999298096,80.2286911011,50676,50686,10
13.0998401642,80.2292633057,50686,50696,10
13.0997200012,80.2298583984,50696,50707,11
13.0995998383,80.2305221558,50707,50717,10
13.0993795395,80.2310409546,50717,50727,10
13.0991601944,80.2314910889,50727,50737,10
13.0989103317,80.2321166992,50737,50746,9
13.098690033,80.2329711914,50746,50757,11
13.0985898972,80.2338027954,50757,50767,10
13.0985403061,80.2343902588,50767,50777,10
13.0984802246,80.2349014282,50777,50787,10
13.098400116,80.2354888916,50787,50797,10
13.0982999802,80.2360610962,50797,50808,11
13.0981903076,80.2367706299,50808,50818,10
13.0980796814,80.2374725342,50818,50828,10
13.0979299545,80.2382888794,50828,50838,10
13.097820282,80.2389373779,50838,50848,10
13.0977697372,80.2394638062,50848,50858,10
13.0977096558,80.2401733398,50858,50868,10
13.0976600647,80.2409133911,50868,50878,10
13.0975599289,80.2416000366,50878,50919,41
13.0975599289,80.2416000366,50919,50929,10
13.0974998474,80.241897583,50929,50939,10
13.0976200104,80.2421569824,50939,50949,10
13.0981702805,80.2423019409,50949,50959,10
13.0986003876,80.2422637939,50959,50969,10
13.0987796783,80.2417526245,50969,51060,91
13.0987796783,80.2417526245,51060,51070,10
13.0987796783,80.2413787842,51070,51080,10
13.0986700058,80.2411499023,51080,51090,10
13.0983495712,80.2409820557,51090,52151,1061
13.0983495712,80.2409820557,52151,52159,8
13.0984401703,80.2408370972,52159,52171,12
13.0985898972,80.2404098511,52171,52181,10
13.0987300873,80.2401199341,52181,52191,10
13.0989999771,80.2401885986,52191,52202,11
13.0989999771,80.2405776978,52202,52212,10
13.0989398956,80.2409286499,52212,52222,10
13.0988502502,80.2412185669,52222,52232,10
13.0988197327,80.2414703369,52232,52242,10
13.0988197327,80.2416915894,52242,52252,10
13.098739624,80.2417984009,52252,52262,10
13.0986003876,80.2419433594,52262,52900,638
13.0986003876,80.2419433594,52900,52910,10
13.0982303619,80.2422866821,52910,52920,10
13.0977401733,80.2422103882,52920,52930,10
13.097410202,80.2421188354,52930,52940,10
13.0974397659,80.2418365479,52940,52950,10
13.0974998474,80.2413330078,52950,52960,10
13.0975999832,80.2406082153,52960,52970,10
13.0976696014,80.2398834229,52970,52981,11
13.0977401733,80.2390365601,52981,52991,10
13.0978403091,80.2383117676,52991,53001,10
13.0979795456,80.2375564575,53001,53011,10
13.0980701447,80.2369003296,53011,53021,10
13.0981702805,80.2362365723,53021,53031,10
13.0982904434,80.2356491089,53031,53041,10
13.0983800888,80.2349395752,53041,53051,10
13.0984697342,80.2343215942,53051,53061,10
13.0985498428,80.2336578369,53061,53071,10
13.0986700058,80.2328567505,53071,53082,11
13.0987997055,80.232131958,53082,53092,10
13.0991296768,80.2314376831,53092,53102,10
13.0993499756,80.2308731079,53102,53112,10
13.0994596481,80.2305297852,53112,53122,10
13.0996599197,80.2297668457,53122,53142,20
13.0996599197,80.2297668457,53142,53152,10
13.0997896194,80.2292480469,53152,53162,10
13.0998401642,80.2288284302,53162,53172,10
13.0999403,80.2283172607,53172,53183,11
13.1000204086,80.2275924683,53183,53193,10
13.1000003815,80.2267303467,53193,53201,8
13.0999498367,80.2261199951,53201,53213,12
13.0999002457,80.2255935669,53213,53223,10
13.0997695923,80.2249221802,53223,53233,10
13.0995502472,80.2241210938,53233,53243,10
13.0993299484,80.223739624,53243,53253,10
13.0991001129,80.2234420776,53253,53263,10
13.0989103317,80.2231826782,53263,53273,10
13.0987596512,80.2229385376,53273,53284,11
13.0987796783,80.2215805054,53284,53294,10
13.0987796783,80.2215805054,53294,53304,10
13.0989398956,80.2206192017,53304,53314,10
13.0991096497,80.2196731567,53314,53324,10
13.0991897583,80.2192077637,53324,53334,10
13.099240303,80.2186431885,53334,53344,10
13.0993795395,80.2178573608,53344,53357,13
13.0995597839,80.2170791626,53357,53367,10
13.0999898911,80.216003418,53367,53377,10
13.1001796722,80.2155380249,53377,53388,11
13.1002998352,80.2152404785,53388,53398,10
13.1004495621,80.2148284912,53398,53428,30
13.1004495621,80.2148284912,53428,53438,10
13.1005096436,80.2146911621,53438,53448,10
13.1006803513,80.2143325806,53448,53458,10
13.1009197235,80.2137985229,53458,53468,10
13.1012296677,80.2129974365,53468,53478,10
13.1015701294,80.2121124268,53478,53489,11
13.1019001007,80.2112503052,53489,53499,10
13.102060318,80.2107391357,53499,53509,10
13.1023597717,80.2100067139,53509,53519,10
13.1025800705,80.2092895508,53519,53529,10
13.1026802063,80.2088623047,53529,53539,10
13.1027803421,80.2086181641,53539,53549,10
13.1028499603,80.2084274292,53549,53559,10
13.1029500961,80.2080230713,53559,53569,10
13.103099823,80.207611084,53569,53579,10
13.1032800674,80.2072296143,53579,53590,11
13.1035900116,80.2065429688,53590,53600,10
13.1037797928,80.2056732178,53600,53610,10
13.1038103104,80.2050170898,53610,53620,10
13.1037998199,80.2043609619,53620,53630,10
13.1037101746,80.2036514282,53630,53640,10
13.1035299301,80.2033309937,53640,53650,10
13.1035604477,80.2029571533,53650,53660,10
13.1034803391,80.2023773193,53660,53670,10
13.1033802032,80.2016830444,53670,53680,10
13.1033697128,80.2016220093,53680,53691,11
13.1033296585,80.2014312744,53691,53701,10
13.1032896042,80.200958252,53701,53711,10
13.103219986,80.2002868652,53711,53721,10
13.1031198502,80.199546814,53721,53731,10
13.1030797958,80.1991424561,53731,53741,10
13.1029701233,80.1985092163,53741,53751,10
13.1028299332,80.197807312,53751,53761,10
13.1026296616,80.1971511841,53761,53771,10
13.1024398804,80.1965408325,53771,53781,10
13.1022396088,80.1959381104,53781,53792,11
13.1020202637,80.1952819824,53792,53802,10
13.1018600464,80.1948165894,53802,53812,10
13.1017503738,80.1946182251,53812,53822,10
13.1014995575,80.1942214966,53822,53832,10
13.1017799377,80.193611145,53832,53842,10
13.1016998291,80.1926193237,53842,53852,10
13.1015396118,80.1917190552,53852,53862,10
13.1012496948,80.1904220581,53862,53872,10
13.1010799408,80.1900024414,53872,53882,10
13.1010198593,80.1898574829,53882,53893,11
13.1007499695,80.1892929077,53893,53903,10
13.100399971,80.1887283325,53903,53913,10
13.1001596451,80.1881484985,53913,53922,9
13.0999603271,80.1875762939,53922,53933,11
13.0998802185,80.187286377,53933,53943,10
13.0998296738,80.1871032715,53943,53953,10
13.0997104645,80.1865615845,53953,53963,10
13.0995798111,80.1857681274,53963,53973,10
13.0993995667,80.184967041,53973,53983,10
13.0991401672,80.1840896606,53983,53994,11
13.0989103317,80.183380127,53994,54004,10
13.0987300873,80.1828765869,54004,54014,10
13.0985603333,80.182182312,54014,54024,10
13.0984601974,80.1817779541,54024,54034,10
13.0984401703,80.1817169189,54034,54044,10
13.0983600616,80.1813964844,54044,54054,10
13.0981798172,80.1807785034,54054,54064,10
13.0979995728,80.1799468994,54064,54074,10
13.097820282,80.1791000366,54074,54085,11
13.097820282,80.1782989502,54085,54095,10
13.0978403091,80.1774215698,54095,54105,10
13.0980195999,80.1764678955,54105,54115,10
13.0980997086,80.1754837036,54115,54125,10
13.0982503891,80.1745986938,54125,54135,10
13.0984897614,80.1739273071,54135,54145,10
13.0987901688,80.1733093262,54145,54155,10
13.0990896225,80.1725616455,54155,54165,10
13.0993795395,80.1717071533,54165,54175,10
13.0996103287,80.1708908081,54175,54186,11
13.0997104645,80.1702575684,54186,54196,10
13.0996999741,80.1698379517,54196,54206,10
13.099729538,80.1696624756,54206,54215,9
13.0997400284,80.1696166992,54215,54226,11
13.0998001099,80.169380188,54226,54236,10
13.0998802185,80.1690368652,54236,54246,10
13.0999803543,80.1685180664,54246,54256,10
13.1000404358,80.1678237915,54256,54267,11
13.1001300812,80.1669082642,54267,54276,9
13.1004295349,80.1658935547,54276,54288,12
13.1008300781,80.1645965576,54288,54298,10
13.1010599136,80.1639633179,54298,54308,10
13.1012001038,80.1635513306,54308,54318,10
13.101269722,80.1632385254,54318,54328,10
13.1013402939,80.1627120972,54328,54338,10
13.1013803482,80.1622924805,54338,54348,10
13.1013803482,80.1621398926,54348,54358,10
13.1014003754,80.1616897583,54358,54368,10
13.1014204025,80.1609802246,54368,54378,10
13.1013898849,80.1603622437,54378,54389,11
13.1016302109,80.1594619751,54389,54399,10
13.1021900177,80.1588973999,54399,54409,10
13.1027402878,80.1583633423,54409,54419,10
13.1032600403,80.1576766968,54419,54429,10
13.103509903,80.156829834,54429,54439,10
13.1037197113,80.1559371948,54439,54449,10
13.1038999557,80.155090332,54449,54459,10
13.1041002274,80.1542282104,54459,54469,10
13.1044101715,80.1534118652,54469,54479,10
13.1048698425,80.1526870728,54479,54490,11
13.1050701141,80.1525192261,54490,54500,10
13.1051998138,80.1524429321,54500,54510,10
13.1056804657,80.1522598267,54510,54520,10
13.1064996719,80.1522293091,54520,54530,10
13.1072397232,80.1521911621,54530,54540,10
13.1079797745,80.1521835327,54540,54550,10
13.108710289,80.1521530151,54550,54560,10
13.1093397141,80.1521835327,54560,54570,10
13.110039711,80.1522369385,54570,54580,10
13.1105804443,80.1518630981,54580,54591,11
13.1112203598,80.1514663696,54591,54601,10
13.1115903854,80.1510620117,54601,54611,10
13.111700058,80.1510162354,54611,54621,10
13.1119499207,80.1507263184,54621,54631,10
13.1124000549,80.1503601074,54631,54641,10
13.1129398346,80.1499176025,54641,54651,10
13.1131896973,80.1492080688,54651,54661,10
13.1133899689,80.1486587524,54661,54671,10
13.1139497757,80.1482391357,54671,54681,10
13.1145000458,80.1480636597,54681,54692,11
13.1152200699,80.1478424072,54692,54702,10
13.1160802841,80.1479415894,54702,54712,10
13.1168298721,80.1485671997,54712,54722,10
13.1172895432,80.1491088867,54722,54732,10
13.1176300049,80.1494216919,54732,54742,10
13.1178102493,80.1494979858,54742,54752,10
13.1180000305,80.1495666504,54752,54762,10
13.1183099747,80.1496429443,54762,54772,10
13.1189002991,80.1497573853,54772,54782,10
13.1195201874,80.1498336792,54782,54793,11
13.1201295853,80.1494598389,54793,54803,10
13.1207199097,80.1488800049,54803,54813,10
13.1213502884,80.1483612061,54813,54823,10
13.1217002869,80.1479568481,54823,54833,10
13.1218004227,80.1478805542,54833,54843,10
13.1220502853,80.1474761963,54843,54853,10
13.1223897934,80.1468505859,54853,54863,10
13.1227703094,80.1462478638,54863,54873,10
13.1231298447,80.1456298828,54873,54883,10
13.1234703064,80.1451263428,54883,54894,11
13.1239099503,80.1444396973,54894,54904,10
13.1242399216,80.1439285278,54904,54914,10
13.1245698929,80.1433792114,54914,54924,10
13.1250200272,80.1426773071,54924,54936,12
13.1254796982,80.1419219971,54936,54946,10
13.1259202957,80.1413192749,54946,54956,10
13.1263904572,80.1409072876,54956,54966,10
13.1269702911,80.1404571533,54966,54976,10
13.1277399063,80.1398925781,54976,54986,10
13.128660202,80.1391983032,54986,54997,11
13.1295795441,80.1384735107,54997,55007,10
13.1300897598,80.1378631592,55007,55017,10
13.1302099228,80.1375427246,55017,55026,9
13.1303195953,80.1369628906,55026,55037,11
13.1304702759,80.1361465454,55037,55047,10
13.1305799484,80.1352920532,55047,55057,10
13.1306800842,80.1343612671,55057,55067,10
13.1307001114,80.1333694458,55067,55077,10
13.1307296753,80.1324310303,55077,55087,10
13.1307096481,80.1317214966,55087,55098,11
13.1307201385,80.1309967041,55098,55108,10
13.13078022,80.1302871704,55108,55118,10
13.1308298111,80.1301116943,55118,55128,10
13.1309404373,80.129737854,55128,55138,10
13.1310997009,80.1290588379,55138,55148,10
13.1312999725,80.1282196045,55148,55158,10
13.1312503815,80.127243042,55158,55168,10
13.1307401657,80.1263809204,55168,55178,10
13.130200386,80.1256408691,55178,55188,10
13.129529953,80.1248168945,55188,55199,11
13.1287698746,80.1239471436,55199,55209,10
13.1280498505,80.1231307983,55209,55219,10
13.1273298264,80.1222686768,55219,55229,10
13.1265697479,80.1213912964,55229,55239,10
13.126159668,80.1204071045,55239,55249,10
13.1259803772,80.1197891235,55249,55259,10
13.1256999969,80.1188735962,55259,55269,10
13.1253995895,80.1179733276,55269,55279,10
13.1249799728,80.1169586182,55279,55289,10
13.1245498657,80.115852356,55289,55300,11
13.1241102219,80.1147079468,55300,55310,10
13.1235198975,80.1129837036,55310,55320,10
13.1235198975,80.1129837036,55320,55330,10
13.1232700348,80.1120376587,55330,55340,10
13.1231603622,80.111000061,55340,55350,10
13.1229600906,80.1102523804,55350,55360,10
13.1224899292,80.1095962524,55360,55370,10
13.1218996048,80.1088180542,55370,55383,13
13.1211795807,80.1080627441,55383,55393,10
13.1203298569,80.1069869995,55393,55404,11
13.1199398041,80.1059036255,55404,55414,10
13.1197004318,80.104888916,55414,55425,11
13.1195898056,80.1037597656,55425,55435,10
13.1195602417,80.1030502319,55435,55445,10
13.1195802689,80.1027832031,55445,55455,10
13.1196298599,80.1024169922,55455,55465,10
13.1196804047,80.1019515991,55465,55475,10
13.1198997498,80.1017608643,55475,55485,10
13.1199302673,80.1018600464,55485,55496,11
13.1200199127,80.102180481,55496,55970,474
13.1200199127,80.102180481,55970,55980,10
13.1197395325,80.1025085449,55980,55991,11
13.1197004318,80.1029968262,55991,56001,10
13.1196804047,80.1036376953,56001,56011,10
13.1197099686,80.1043777466,56011,56021,10
13.1198196411,80.1052398682,56021,56031,10
13.1204595566,80.107208252,56031,56041,10
13.1204595566,80.107208252,56041,56051,10
13.121219635,80.1080169678,56051,56061,10
13.1219797134,80.1088104248,56061,56071,10
13.1225996017,80.1096420288,56071,56081,10
13.1231403351,80.1104431152,56081,56092,11
13.1232795715,80.1115722656,56092,56102,10
13.1234302521,80.1125183105,56102,56112,10
13.1237401962,80.1134796143,56112,56122,10
13.1241102219,80.1144485474,56122,56132,10
13.1244602203,80.1154098511,56132,56142,10
13.1248197556,80.1163787842,56142,56152,10
13.1251802444,80.1173019409,56152,56162,10
13.125579834,80.1183013916,56162,56172,10
13.125749588,80.118812561,56172,56182,10
13.1259298325,80.119430542,56182,56193,11
13.1261997223,80.1203308105,56193,56203,10
13.1265201569,80.1212768555,56203,56213,10
13.1272497177,80.1221084595,56213,56223,10
13.127869606,80.1228485107,56223,56233,10
13.1287698746,80.1238937378,56233,56243,10
13.129360199,80.1245803833,56243,56253,10
13.1298799515,80.125213623,56253,56263,10
13.1303396225,80.125793457,56263,56273,10
13.13078022,80.1263809204,56273,56283,10
13.1311903,80.1269302368,56283,56294,11
13.1315202713,80.1275787354,56294,56304,10
13.131310463,80.1283035278,56304,56314,10
13.1310997009,80.1291427612,56314,56324,10
13.1309499741,80.1297302246,56324,56334,10
13.1307897568,80.1304779053,56334,56344,10
13.1307401657,80.1308898926,56344,56354,10
13.1307401657,80.1309127808,56354,56364,10
13.1307296753,80.1309890747,56364,56373,9
13.1307201385,80.1312637329,56373,56384,11
13.1307096481,80.1316299438,56384,56395,11
13.1307001114,80.1323776245,56395,56405,10
13.1307201385,80.1330413818,56405,56415,10
13.1307201385,80.1330871582,56415,56425,10
13.1307296753,80.1333618164,56425,56435,10
13.1307096481,80.1339187622,56435,56445,10
13.1307001114,80.1347503662,56445,56455,10
13.1305704117,80.1356964111,56455,56465,10
13.1304397583,80.1366119385,56465,56475,10
13.1302900314,80.1374130249,56475,56485,10
13.1300601959,80.1380691528,56485,56496,11
13.1293201447,80.1387710571,56496,56506,10
13.1286897659,80.1392364502,56506,56516,10
13.1280603409,80.1397476196,56516,56526,10
13.1273603439,80.1403427124,56526,56536,10
13.126540184,80.1409072876,56536,56546,10
13.1259899139,80.1413726807,56546,56556,10
13.1253099442,80.1423187256,56556,56566,10
13.1248197556,80.1430969238,56566,56576,10
13.1244096756,80.1437225342,56576,56586,10
13.1240701675,80.1441879272,56586,56597,11
13.1236801147,80.1448898315,56597,56607,10
13.1232995987,80.1455078125,56607,56617,10
13.1229000092,80.1461791992,56617,56627,10
13.1224803925,80.1468963623,56627,56637,10
13.1224603653,80.1474304199,56637,56647,10
13.1225700378,80.1480407715,56647,56657,10
13.1225404739,80.1485977173,56657,56667,10
13.1219396591,80.1485366821,56667,56677,10
13.1211595535,80.1486587524,56677,56687,10
13.1204595566,80.1491622925,56687,56698,11
13.1198797226,80.1498413086,56698,56708,10
13.1196804047,80.150138855,56708,56718,10
13.1195402145,80.150138855,56718,56728,10
13.1194496155,80.1499481201,56728,56738,10
13.1191701889,80.1498794556,56738,56748,10
13.1186304092,80.1497573853,56748,56758,10
13.117939949,80.1496124268,56758,56768,10
13.1172504425,80.1491394043,56768,56778,10
13.1165800095,80.1483917236,56778,56788,10
13.1155996323,80.1479187012,56788,56799,11
13.1147403717,80.1480407715,56799,56809,10
13.1141004562,80.1482696533,56809,56819,10
13.1134300232,80.1487121582,56819,56829,10
13.1132097244,80.149559021,56829,56839,10
13.112950325,80.1501617432,56839,56849,10
13.1123800278,80.1505203247,56849,56859,10
13.1119098663,80.1509475708,56859,56869,10
13.1115198135,80.1514816284,56869,56879,10
13.1109399796,80.1518173218,56879,56889,10
13.1104097366,80.1521530151,56889,56900,11
13.1102199554,80.1523132324,56900,56910,10
13.1098003387,80.1522979736,56910,56920,10
13.1090803146,80.1522598267,56920,56930,10
13.1082696915,80.1522674561,56930,56940,10
13.107460022,80.1522979736,56940,56950,10
13.1066799164,80.15234375,56950,56960,10
13.1060695648,80.1523590088,56960,56970,10
13.1059799194,80.1523590088,56970,56980,10
13.1055402756,80.1524276733,56980,56991,11
13.104929924,80.1528167725,56991,57001,10
13.1044998169,80.1534500122,57001,57011,10
13.1041498184,80.1543426514,57011,57021,10
13.1038799286,80.1554718018,57021,57031,10
13.1036300659,80.1566390991,57031,57041,10
13.1034202576,80.1574478149,57041,57051,10
13.1030302048,80.1582183838,57051,57061,10
13.102399826,80.158821106,57061,57071,10
13.1018695831,80.1593093872,57071,57081,10
13.1014604568,80.1599731445,57081,57092,11
13.1014499664,80.1610107422,57092,57102,10
13.1015396118,80.161857605,57102,57132,30
13.1015396118,80.161857605,57132,57142,10
13.1015195847,80.1620483398,57142,57152,10
13.1014099121,80.1624832153,57152,57162,10
13.1013498306,80.1629486084,57162,57172,10
13.1012201309,80.1635665894,57172,57182,10
13.100979805,80.1642990112,57182,57193,11
13.1006698608,80.1652374268,57193,57203,10
13.1004199982,80.1660614014,57203,57213,10
13.1001701355,80.1668395996,57213,57223,10
13.1000699997,80.167640686,57223,57233,10
13.1000204086,80.1682510376,57233,57243,10
13.0999498367,80.1689071655,57243,57253,10
13.0998401642,80.1695175171,57253,57263,10
13.0997800827,80.1701278687,57263,57273,10
13.0996904373,80.1707229614,57273,57283,10
13.0995397568,80.1712493896,57283,57294,11
13.0994901657,80.1714401245,57294,57304,10
13.0993404388,80.1719512939,57304,57314,10
13.0990800858,80.1726837158,57314,57324,10
13.0987796783,80.1734008789,57324,57334,10
13.0985498428,80.1739807129,57334,57344,10
13.0983800888,80.1744384766,57344,57354,10
13.0982904434,80.174697876,57354,57364,10
13.09815979,80.1753234863,57364,57374,10
13.0981397629,80.1759490967,57374,57384,10
13.0980195999,80.1766433716,57384,57395,11
13.0979003906,80.1773910522,57395,57405,10
13.0978498459,80.1780776978,57405,57415,10
13.0978298187,80.1785507202,57415,57425,10
13.097820282,80.1788330078,57425,57435,10
13.0978899002,80.1794433594,57435,57445,10
13.0980796814,80.18019104,57445,57455,10
13.0982503891,80.1808166504,57455,57465,10
13.0982704163,80.1808776855,57465,57475,10
13.0983400345,80.1812133789,57475,57485,10
13.0984897614,80.1817626953,57485,57496,11
13.0986604691,80.1826019287,57496,57505,9
13.0988798141,80.1833724976,57505,57516,11
13.0992202759,80.1843566895,57516,57526,10
13.0993995667,80.1849975586,57526,57536,10
13.0995101929,80.185546875,57536,57546,10
13.0996198654,80.1860275269,57546,57556,10
13.0996303558,80.1860580444,57556,57566,10
13.0996704102,80.186340332,57566,57576,10
13.0998001099,80.1866989136,57576,57586,10
13.0999097824,80.1872024536,57586,57597,11
13.1000795364,80.1877975464,57597,57607,10
13.1003503799,80.1884307861,57607,57617,10
13.1006603241,80.188949585,57617,57627,10
13.1011800766,80.1894683838,57627,57637,10
13.1013097763,80.1897506714,57637,57647,10
13.1013202667,80.1898727417,57647,57657,10
13.1014099121,80.1903381348,57657,57667,10
13.1015195847,80.1908798218,57667,57677,10
13.1016597748,80.1917037964,57677,57687,10
13.1017599106,80.1922988892,57687,57698,11
13.1018695831,80.1929092407,57698,57708,10
13.1019601822,80.1934585571,57708,57718,10
13.1021499634,80.1940231323,57718,57728,10
13.1021404266,80.1946105957,57728,57738,10
13.1021604538,80.1952896118,57738,57748,10
13.1024703979,80.1962280273,57748,57758,10
13.1028699875,80.1974182129,57758,57768,10
13.103099823,80.1985626221,57768,57778,10
13.1031904221,80.1991577148,57778,57788,10
13.1032495499,80.1995773315,57788,57799,11
13.1033802032,80.2005386353,57799,57809,10
13.1034898758,80.2012863159,57809,57819,10
13.1035499573,80.2020111084,57819,57829,10
13.1036500931,80.2027893066,57829,57839,10
13.1037101746,80.2031326294,57839,57849,10
13.1037197113,80.203338623,57849,57859,10
13.1037797928,80.2037734985,57859,57869,10
13.1038599014,80.2045669556,57869,57879,10
13.1038999557,80.2054214478,57879,57889,10
13.1037998199,80.2062988281,57889,57900,11
13.1034803391,80.2070083618,57900,57910,10
13.1031799316,80.2076873779,57910,57920,10
13.1029500961,80.2083206177,57920,57930,10
13.1027202606,80.2090606689,57930,57940,10
13.102640152,80.2092514038,57940,57950,10
13.1025295258,80.2095413208,57950,57960,10
13.1023197174,80.2101364136,57960,57970,10
13.1020698547,80.2108764648,57970,57980,10
13.1018600464,80.2115097046,57980,57990,10
13.101559639,80.212272644,57990,58001,11
13.1012201309,80.2131881714,58001,58011,10
13.1011600494,80.2133178711,58011,58021,10
13.1010599136,80.2135696411,58021,58031,10
13.1008796692,80.2140884399,58031,58041,10
13.1007795334,80.2143630981,58041,58081,40
13.1007795334,80.2143630981,58081,58091,10
13.1007099152,80.2145767212,58091,58102,11
13.1004695892,80.2150878906,58102,58112,10
13.0997896194,80.2166137695,58112,58122,10
13.0997896194,80.2166137695,58122,58132,10
13.0995397568,80.2174301147,58132,58142,10
13.0994100571,80.2182922363,58142,58152,10
13.0993003845,80.2190093994,58152,58162,10
13.0992603302,80.2192764282,58162,58172,10
13.0991601944,80.2198028564,58172,58185,13
13.0990200043,80.220489502,58185,58195,10
13.0988197327,80.2218017578,58195,58206,11
13.0988397598,80.2228469849,58206,58216,10
13.0994997025,80.2237930298,58216,58226,10
13.0999097824,80.224937439,58226,58236,10
13.1000499725,80.2258987427,58236,58246,10
13.1000995636,80.2265625,58246,58256,10
13.100110054,80.2276992798,58256,58266,10
13.1000099182,80.2284622192,58266,58276,10
13.0999002457,80.2291183472,58276,58286,10
13.0997695923,80.2297592163,58286,58297,11
13.0996198654,80.2303390503,58297,58307,10
13.0995597839,80.2305221558,58307,58317,10
13.0995101929,80.230682373,58317,58327,10
13.099360466,80.2310333252,58327,58337,10
13.0991296768,80.2315292358,58337,58347,10
13.0988798141,80.2321395874,58347,58357,10
13.0987997055,80.2323989868,58357,58367,10
13.098690033,80.232963562,58367,58377,10
13.0986204147,80.2335128784,58377,58387,10
13.09856987,80.2340011597,58387,58398,11
13.0985603333,80.2342834473,58398,58408,10
13.0985403061,80.2344207764,58408,58418,10
13.0984897614,80.2348937988,58418,58428,10
13.0983896255,80.2355804443,58428,58438,10
13.0982503891,80.2363128662,58438,58448,10
13.0981397629,80.2370910645,58448,58458,10
13.0980300903,80.2376174927,58458,58468,10
13.0978603363,80.2385787964,58468,58478,10
13.0978097916,80.2390670776,58478,58488,10
13.0977697372,80.2395324707,58488,58499,11
13.0976800919,80.2403106689,58499,58509,10
13.0976104736,80.2411499023,58509,58519,10
13.0975103378,80.2418136597,58519,58610,91
13.0975103378,80.2418136597,58610,58620,10
13.0973796844,80.2421417236,58620,58630,10
13.0969400406,80.2420272827,58630,58640,10
13.096329689,80.2418289185,58640,58650,10
13.095749855,80.2416381836,58650,58660,10
13.0953197479,80.2415008545,58660,58670,10
13.0947799683,80.2413406372,58670,58680,10
13.0944900513,80.2412796021,58680,58690,10
13.0939598083,80.2411804199,58690,58701,11
13.0935401917,80.2411193848,58701,58711,10
13.093460083,80.2410964966,58711,58721,10
13.0929899216,80.2410202026,58721,58731,10
13.092300415,80.2409591675,58731,58741,10
13.0914402008,80.2409133911,58741,58751,10
13.0904598236,80.2408905029,58751,58761,10
13.089509964,80.2411270142,58761,58771,10
13.0887403488,80.2416763306,58771,58781,10
13.0880098343,80.2423629761,58781,58791,10
13.0878801346,80.243057251,58791,58802,11
13.087770462,80.2433929443,58802,58812,10
13.0875597,80.2437210083,58812,58822,10
13.0871200562,80.2440795898,58822,58832,10
13.0866003036,80.2445602417,58832,58842,10
13.0859804153,80.2450408936,58842,58852,10
13.0857200623,80.2453231812,58852,58862,10
13.0856599808,80.2454986572,58862,58872,10
13.0856895447,80.2459411621,58872,58882,10
13.0857400894,80.2465209961,58882,58892,10
13.0857200623,80.2466583252,58892,58903,11
13.0857696533,80.2471618652,58903,58913,10
13.085849762,80.2479400635,58913,58923,10
13.0858697891,80.2488327026,58923,58933,10
13.0859003067,80.2495574951,58933,58943,10
13.0859498978,80.2502365112,58943,58973,30
13.0858001709,80.25025177,58973,58993,20
13.0858001709,80.25025177,58993,59004,11
13.0857696533,80.2504501343,59004,59014,10
13.0857601166,80.2509689331,59014,59024,10
13.0857095718,80.2516937256,59024,59034,10
13.0856304169,80.2523269653,59034,59043,9
13.0855703354,80.2530136108,59043,59054,11
13.085559845,80.2534790039,59054,59064,10
13.0856199265,80.2539215088,59064,59084,20
13.0856199265,80.2539215088,59084,59094,10
13.085650444,80.2542190552,59094,59105,11
13.085559845,80.2546920776,59105,59115,10
13.0851697922,80.254699707,59115,59125,10
13.0847702026,80.2546615601,59125,59135,10
13.0846595764,80.2546615601,59135,59145,10
13.0844802856,80.2546386719,59145,59155,10
13.0839500427,80.2545928955,59155,59165,10
13.0834503174,80.2545471191,59165,59175,10
13.0825796127,80.2545166016,59175,59185,10
13.0820798874,80.2545623779,59185,59195,10
13.0813398361,80.2548675537,59195,59206,11
13.0807600021,80.2548370361,59206,59216,10
13.080160141,80.254737854,59216,59226,10
13.0795001984,80.2546234131,59226,59256,30
13.0795001984,80.2546234131,59256,59266,10
13.0794000626,80.2546234131,59266,59276,10
13.079079628,80.2546920776,59276,59286,10
13.0790596008,80.2551269531,59286,59296,10
13.0791501999,80.2559127808,59296,59307,11
13.0792198181,80.2568511963,59307,59317,10
13.0792703629,80.2576217651,59317,59327,10
13.0793800354,80.2587509155,59327,59336,9
13.0794801712,80.2596893311,59336,59347,11
13.0796699524,80.2605667114,59347,59357,10
13.0797901154,80.2610626221,59357,59367,10
13.0800600052,80.2617797852,59367,59377,10
13.0802202225,80.2624893188,59377,59387,10
13.0802898407,80.2628479004,59387,59398,11
13.0803804398,80.2631988525,59398,59408,10
13.080450058,80.2634429932,59408,59418,10
13.0804901123,80.2636413574,59418,59428,10
13.080739975,80.2646713257,59428,59458,30
13.080739975,80.2646713257,59458,59468,10
13.0807800293,80.2648620605,59468,59478,10
13.0808000565,80.2653121948,59478,59488,10
13.0807800293,80.2659912109,59488,59499,11
13.080739975,80.266960144,59499,59509,10
13.0807304382,80.2679824829,59509,59519,10
13.0807504654,80.2690582275,59519,59529,10
13.0807800293,80.2699584961,59529,59549,20
13.0807800293,80.2699584961,59549,59559,10
13.0808296204,80.2702407837,59559,59569,10
13.0808696747,80.2706832886,59569,59579,10
13.0810604095,80.2711868286,59579,59589,10
13.0815000534,80.2722091675,59589,59600,11
13.0815000534,80.2722091675,59600,59610,10
13.0815601349,80.2727432251,59610,59620,10
13.0814504623,80.2732009888,59620,59630,10
13.0815095901,80.2734603882,59630,59650,20
13.0815496445,80.273651123,59650,59672,22
13.0815496445,80.273651123,59672,59682,10
13.0817203522,80.2739181519,59682,59692,10
13.0819997787,80.2742462158,59692,59703,11
13.0820198059,80.2749328613,59703,59713,10
13.0820503235,80.2752685547,59713,59723,10
13.0821399689,80.275718689,59723,59733,10
13.082159996,80.2758789063,59733,59743,10
13.0820503235,80.2759628296,59743,59753,10
13.0818500519,80.2760925293,59753,59763,10
13.0818796158,80.2764663696,59763,59774,11
13.0819597244,80.277130127,59774,59784,10
13.082159996,80.2784423828,59784,59794,10
13.082159996,80.2784423828,59794,59805,11
13.0822095871,80.2793579102,59805,59815,10
13.082280159,80.2801971436,59815,59825,10
13.0823802948,80.2810974121,59825,59835,10
13.0824203491,80.2816085815,59835,59845,10
13.0829200745,80.2820892334,59845,59855,10
13.0837202072,80.2826080322,59855,59865,10
13.0845003128,80.2831268311,59865,59875,10
13.0848903656,80.283531189,59875,59885,10
13.0853595734,80.2838668823,59885,59895,10
13.0854997635,80.283493042,59895,59906,11
13.0855102539,80.2831802368,59906,60714,808
13.0854997635,80.2828903198,60714,60724,10
13.0854997635,80.2828903198,60724,60734,10
13.0855197906,80.2826080322,60734,60744,10
13.0855798721,80.2822418213,60744,60754,10
13.0856399536,80.2818527222,60754,60764,10
13.0856704712,80.2816314697,60764,60774,10
13.0857400894,80.281211853,60774,60784,10
13.0857400894,80.2807006836,60784,60795,11
13.0856199265,80.2802124023,60795,60805,10
13.0855197906,80.2798614502,60805,60815,10
13.0851802826,80.2794570923,60815,60825,10
13.0844497681,80.279258728,60825,60836,11
13.0838003159,80.2791366577,60836,60846,10
13.0828504562,80.2787704468,60846,60866,20
13.0828504562,80.2787704468,60866,60876,10
13.0827198029,80.2787322998,60876,60886,10
13.0824098587,80.2785873413,60886,60897,11
13.0820398331,80.2783966064,60897,60907,10
13.0819396973,80.2779083252,60907,60917,10
13.081870079,80.2773132324,60917,60927,10
13.0818300247,80.2767333984,60927,60957,30
13.0818300247,80.2767333984,60957,60967,10
13.0818195343,80.2763900757,60967,60977,10
13.081700325,80.2759933472,60977,60988,11
13.0816001892,80.275718689,60988,60998,10
13.0815401077,80.2754821777,60998,61038,40
13.0815401077,80.2754821777,61038,61048,10
13.0815696716,80.2752990723,61048,61058,10
13.0815496445,80.2750778198,61058,61068,10
13.0815296173,80.2748413086,61068,61078,10
13.0815200806,80.2747879028,61078,61089,11
13.0814800262,80.2745513916,61089,61099,10
13.0814599991,80.2743530273,61099,61109,10
13.0814304352,80.2741012573,61109,61119,10
13.081410408,80.2737197876,61119,61129,10
13.0812797546,80.2730178833,61129,61149,20
13.0812797546,80.2730178833,61149,61159,10
13.0813999176,80.2727508545,61159,61169,10
13.0813798904,80.2721176147,61169,61179,10
13.0812196732,80.2714920044,61179,61190,11
13.0809402466,80.2712631226,61190,61200,10
13.0809001923,80.271156311,61200,61210,10
13.080789566,80.2708129883,61210,61220,10
13.0807104111,80.2702102661,61220,61230,10
13.0807304382,80.2695007324,61230,61240,10
13.0807304382,80.2682189941,61240,61250,10
13.0806999207,80.2670974731,61250,61260,10
13.0806999207,80.2660217285,61260,61270,10
13.0806903839,80.2653579712,61270,61331,61
13.0806903839,80.2653579712,61331,61341,10
13.0806798935,80.26512146,61341,61351,10
13.0805597305,80.2646102905,61351,61361,10
13.0803804398,80.2638626099,61361,61371,10
13.080160141,80.2630386353,61371,61381,10
13.0795698166,80.2630233765,61381,61392,11
13.0795001984,80.2628097534,61392,61402,10
13.0795898438,80.2628173828,61402,61412,10
13.0799798965,80.2628631592,61412,61422,10
13.080039978,80.2623062134,61422,61432,10
13.0798597336,80.2615127563,61432,61442,10
13.0795602798,80.2606582642,61442,61452,10
13.079369545,80.2597122192,61452,61462,10
13.0792503357,80.2588119507,61462,61472,10
13.0791597366,80.2579421997,61472,61482,10
13.0790195465,80.2568283081,61482,61503,21
13.0790195465,80.2568283081,61503,61513,10
13.0790100098,80.2564926147,61513,61523,10
13.079000473,80.2560882568,61523,61533,10
13.0789699554,80.2556381226,61533,61543,10
13.0789299011,80.2552032471,61543,61553,10
13.0788803101,80.2547988892,61553,61563,10
13.0791597366,80.2545700073,61563,61573,10
13.0794496536,80.2545394897,61573,61583,10
13.0796804428,80.2546005249,61583,61594,11
13.0800600052,80.2546920776,61594,61604,10
13.0804700851,80.2547836304,61604,61614,10
13.0809202194,80.2548370361,61614,61624,10
13.0812397003,80.2548828125,61624,61634,10
13.0816202164,80.2547988892,61634,61644,10
13.0817604065,80.2544403076,61644,61654,10
13.0818395615,80.2540435791,61654,61664,10
13.0818796158,80.2535934448,61664,61674,10
13.0818395615,80.2531280518,61674,61684,10
13.0816402435,80.2526626587,61684,61695,11
13.0813999176,80.2517776489,61695,61705,10
13.0813703537,80.251121521,61705,61715,10
13.0813503265,80.2505722046,61715,61725,10
13.0813598633,80.2498016357,61725,61735,10
13.0818395615,80.249710083,61735,61745,10
13.0826301575,80.2498397827,61745,61755,10
13.0832700729,80.2499389648,61755,61765,10
13.0836400986,80.2499771118,61765,61774,9
13.0842199326,80.2500915527,61774,61785,11
13.084569931,80.2501602173,61785,61796,11
13.0846395493,80.2501831055,61796,61806,10
13.0850696564,80.2502822876,61806,61816,10
13.0855398178,80.2503509521,61816,61826,10
13.0858001709,80.2503814697,61826,61836,10
13.0858898163,80.2500610352,61836,61846,10
13.0858697891,80.2494888306,61846,61855,9
13.0858297348,80.2486724854,61855,61866,11
13.0857801437,80.2476501465,61866,61876,10
13.0857496262,80.2467575073,61876,61887,11
13.0856800079,80.2460479736,61887,61898,11
13.085650444,80.2457122803,61898,61908,10
13.0856800079,80.2456512451,61908,61918,10
13.0856895447,80.2452774048,61918,61928,10
13.0860500336,80.2449188232,61928,61938,10
13.0866098404,80.2444534302,61938,61948,10
13.0873298645,80.2438583374,61948,61958,10
13.087770462,80.2432327271,61958,61968,10
13.0879096985,80.2425231934,61968,61978,10
13.0883798599,80.2419204712,61978,61988,10
13.0890102386,80.2414474487,61988,61999,11
13.0894498825,80.2411575317,61999,62009,10
13.0900802612,80.2408828735,62009,62019,10
13.0909004211,80.2408599854,62019,62029,10
13.0918397903,80.2408905029,62029,62039,10
13.0924301147,80.2409210205,62039,62049,10
13.0928602219,80.2409362793,62049,62059,10
13.0929098129,80.2409667969,62059,62069,10
13.0932102203,80.2410583496,62069,62089,20
13.0932102203,80.2410583496,62089,62100,11
13.0933799744,80.2410736084,62100,62110,10
13.0935201645,80.2410964966,62110,62121,11
13.0937404633,80.2411193848,62121,62141,20
13.0940198898,80.2411804199,62141,62171,30
13.0940198898,80.2411804199,62171,62181,10
13.0943498611,80.2412261963,62181,62192,11
13.094420433,80.2412414551,62192,62202,10
13.0949802399,80.2413635254,62202,62252,50
13.0949802399,80.2413635254,62252,62262,10
13.0951004028,80.2414016724,62262,62272,10
13.0953598022,80.2414627075,62272,62282,10
13.0956296921,80.241569519,62282,62343,61
13.0956296921,80.241569519,62343,62353,10
13.0958900452,80.2416610718,62353,62363,10
13.0961704254,80.2417602539,62363,62373,10
13.0966901779,80.2419128418,62373,62383,10
13.0970897675,80.2420425415,62383,62505,122
13.0970897675,80.2420425415,62505,62515,10
13.0973796844,80.2421112061,62515,62525,10
13.097530365,80.2416381836,62525,62535,10
13.0976200104,80.2409591675,62535,62545,10
13.0976896286,80.2401733398,62545,62555,10
13.0977201462,80.239616394,62555,62565,10
13.0977296829,80.2395324707,62565,62575,10
13.0977697372,80.2390289307,62575,62585,10
13.0978603363,80.2383728027,62585,62596,11
13.0979604721,80.23777771,62596,62606,10
13.0980596542,80.2372970581,62606,62616,10
13.098110199,80.236869812,62616,62626,10
13.0982398987,80.2361984253,62626,62636,10
13.0983600616,80.2356185913,62636,62646,10
13.0984201431,80.2349624634,62646,62656,10
13.0984401703,80.2349319458,62656,62666,10
13.0984897614,80.2345428467,62666,62676,10
13.0985498428,80.2339324951,62676,62686,10
13.0986003876,80.2334976196,62686,62697,11
13.0986995697,80.2328033447,62697,62707,10
13.0988798141,80.2320632935,62707,62717,10
13.0992002487,80.2312469482,62717,62727,10
13.0993404388,80.2309799194,62727,62737,10
13.0994300842,80.2307891846,62737,62747,10
13.09953022,80.2304916382,62747,62757,10
13.0996799469,80.2299118042,62757,62777,20
13.0996799469,80.2299118042,62777,62787,10
13.0997400284,80.2296066284,62787,62798,11
13.099820137,80.229133606,62798,62808,10
13.0999403,80.2284698486,62808,62818,10
13.1000099182,80.2277679443,62818,62828,10
13.1000099182,80.2270126343,62828,62838,10
13.0999603271,80.2262268066,62838,62848,10
13.0999202728,80.2256164551,62848,62858,10
13.0998897552,80.2254486084,62858,62868,10
13.0998802185,80.2252578735,62868,62878,10
13.0997600555,80.2248382568,62878,62888,10
13.0995597839,80.2241516113,62888,62899,11
13.0992898941,80.2236785889,62899,62909,10
13.099029541,80.2233428955,62909,62919,10
13.0988197327,80.2230377197,62919,62929,10
13.0987195969,80.2226486206,62929,62939,10
13.098739624,80.2220230103,62939,62949,10
13.0990200043,80.2201766968,62949,62959,10
13.0990200043,80.2201766968,62959,62969,10
13.0991601944,80.2193603516,62969,62979,10
13.0992202759,80.2189483643,62979,62989,10
13.0993099213,80.2182998657,62989,63000,11
13.0994796753,80.217376709,63000,63010,10
13.0998802185,80.2161636353,63010,63030,20
13.0998802185,80.2161636353,63030,63040,10
13.1000900269,80.2158126831,63040,63060,20
13.1000900269,80.2158126831,63060,63070,10
13.1001796722,80.2155532837,63070,63080,10
13.1002101898,80.2154769897,63080,63089,9
13.1003303528,80.2152099609,63089,63120,31
13.1003303528,80.2152099609,63120,63131,11
13.1003704071,80.2151031494,63131,63141,10
13.100520134,80.2146987915,63141,63151,10
13.1007699966,80.2141799927,63151,63161,10
13.100979805,80.2136535645,63161,63171,10
13.1011896133,80.2131500244,63171,63181,10
13.1013698578,80.212677002,63181,63192,11
13.1015996933,80.2120513916,63192,63202,10
13.1017904282,80.2115325928,63202,63212,10
13.1019001007,80.211227417,63212,63222,10
13.1020097733,80.2109222412,63222,63232,10
13.1021604538,80.2105102539,63232,63242,10
13.1023797989,80.2099304199,63242,63252,10
13.1025695801,80.2093582153,63252,63262,10
13.1026802063,80.2090377808,63262,63282,20
13.1026802063,80.2090377808,63282,63293,11
13.1027803421,80.2086334229,63293,63303,10
13.102809906,80.2085494995,63303,63313,10
13.1028699875,80.2084274292,63313,63323,10
13.1029996872,80.2080535889,63323,63333,10
13.103219986,80.2074508667,63333,63343,10
13.1034698486,80.2069015503,63343,63353,10
13.1037502289,80.2062301636,63353,63363,10
13.1037998199,80.2058410645,63363,63373,10
13.1038303375,80.2054595947,63373,63383,10
13.1038503647,80.2048110962,63383,63394,11
13.1036300659,80.2034683228,63394,63414,20
13.1036300659,80.2034683228,63414,63424,10
13.1034898758,80.2033081055,63424,63434,10
13.1035499573,80.2029037476,63434,63444,10
13.1034898758,80.202293396,63444,63454,10
13.1034097672,80.2017593384,63454,63464,10
13.1034002304,80.2015991211,63464,63474,10
13.1034002304,80.201499939,63474,63484,10
13.1033401489,80.2011413574,63484,63505,21
13.1033401489,80.2011413574,63505,63515,10
13.1033296585,80.2006607056,63515,63525,10
13.103269577,80.200088501,63525,63535,10
13.1031799316,80.19947052,63535,63545,10
13.1031103134,80.1990203857,63545,63555,10
13.1029996872,80.1983108521,63555,63565,10
13.1028404236,80.1976165771,63565,63575,10
13.1026697159,80.197052002,63575,63585,10
13.1024904251,80.1965103149,63585,63596,11
13.1022996902,80.195930481,63596,63606,10
13.1021299362,80.1953964233,63606,63616,10
13.101940155,80.1948928833,63616,63626,10
13.1016998291,80.1945037842,63626,63636,10
13.1015996933,80.1939697266,63636,63646,10
13.1018600464,80.1932220459,63646,63656,10
13.101650238,80.1921081543,63656,63666,10
13.1014499664,80.1910095215,63666,63675,9
13.1011695862,80.1901626587,63675,63686,11
13.1011295319,80.1900863647,63686,63697,11
13.1010103226,80.1897583008,63697,63707,10
13.1007299423,80.1891784668,63707,63717,10
13.100399971,80.1886291504,63717,63727,10
13.1001195908,80.188041687,63727,63737,10
13.0999603271,80.1875610352,63737,63747,10
13.0999002457,80.1873321533,63747,63757,10
13.0998096466,80.1870727539,63757,63767,10
13.0996999741,80.1866378784,63767,63777,10
13.0996103287,80.1860961914,63777,63787,10
13.0994901657,80.185546875,63787,63798,11
13.0993404388,80.184928894,63798,63808,10
13.0992002487,80.1843795776,63808,63818,10
13.0989904404,80.1837615967,63818,63828,10
13.0988197327,80.1832199097,63828,63838,10
13.0986499786,80.1826019287,63838,63848,10
13.0985803604,80.1822509766,63848,63858,10
13.0984897614,80.1819000244,63858,63878,20
13.0984897614,80.1819000244,63878,63888,10
13.0984201431,80.1815719604,63888,63899,11
13.0982599258,80.181022644,63899,63909,10
13.0980901718,80.1804504395,63909,63919,10
13.0979204178,80.1797103882,63919,63929,10
13.0978002548,80.1790237427,63929,63939,10
13.0978002548,80.1783828735,63939,63949,10
13.097820282,80.1776275635,63949,63957,8
13.0978899002,80.1770172119,63957,63969,12
13.0980396271,80.176361084,63969,63978,9
13.0980901718,80.1758804321,63978,63989,11
13.0981197357,80.1753692627,63989,64000,11
13.0982503891,80.1746520996,64000,64010,10
13.0985002518,80.1739807129,64010,64020,10
13.0988397598,80.1731872559,64020,64030,10
13.0991802216,80.1723022461,64030,64040,10
13.0994701385,80.1714935303,64040,64050,10
13.0996599197,80.1707611084,64050,64060,10
13.0997104645,80.1703796387,64060,64070,10
13.0997400284,80.1700973511,64070,64080,10
13.0997495651,80.1697769165,64080,64101,21
13.0997495651,80.1697769165,64101,64111,10
13.099820137,80.1695098877,64111,64121,10
13.0998802185,80.1691436768,64121,64131,10
13.0999202728,80.1685028076,64131,64141,10
13.0999698639,80.1677780151,64141,64151,10
13.1000099182,80.1673583984,64151,64161,10
13.1000995636,80.1668319702,64161,64171,10
13.1003799438,80.1660614014,64171,64181,10
13.100689888,80.1652526855,64181,64191,10
13.1009302139,80.1643371582,64191,64202,11
13.101099968,80.1638183594,64202,64212,10
13.1012201309,80.1632995605,64212,64222,10
13.1013097763,80.1626434326,64222,64232,10
13.1013202667,80.1625823975,64232,64242,10
13.1013202667,80.1624984741,64242,64252,10
13.1013498306,80.1621627808,64252,64262,10
13.1014003754,80.1617965698,64262,64272,10
13.1014299393,80.1613235474,64272,64282,10
13.1014204025,80.1608505249,64282,64292,10
13.1014204025,80.1603622437,64292,64303,11
13.1016197205,80.1595916748,64303,64313,10
13.1021995544,80.1589584351,64313,64323,10
13.1027297974,80.1584625244,64323,64333,10
13.1031398773,80.1580123901,64333,64343,10
13.1034402847,80.1572799683,64343,64353,10
13.1036396027,80.1563873291,64353,64363,10
13.1038599014,80.1554031372,64363,64373,10
13.1040697098,80.1544189453,64373,64383,10
13.1043796539,80.153503418,64383,64393,10
13.1049003601,80.1527175903,64393,64404,11
13.1050796509,80.1525802612,64404,64414,10
13.1053600311,80.1524200439,64414,64425,11
13.105919838,80.1522979736,64425,64434,9
13.1075000763,80.1522598267,64434,64455,21
13.1075000763,80.1522598267,64455,64465,10
13.1078395844,80.1522521973,64465,64475,10
13.1083803177,80.1522598267,64475,64485,10
13.1089897156,80.1522369385,64485,64496,11
13.1094999313,80.1522827148,64496,64506,10
13.1098003387,80.1523132324,64506,64516,10
13.1103096008,80.1522369385,64516,64526,10
13.1107797623,80.1518783569,64526,64536,10
13.1110801697,80.1517410278,64536,64546,10
13.1113004684,80.1516036987,64546,64556,10
13.1114702225,80.1514434814,64556,64566,10
13.1117696762,80.1510772705,64566,64586,20
13.1117696762,80.1510772705,64586,64597,11
13.1120300293,80.1507568359,64597,64607,10
13.1124601364,80.1503982544,64607,64617,10
13.1130199432,80.1500167847,64617,64627,10
13.1132202148,80.1493988037,64627,64637,10
13.1133203506,80.1489105225,64637,64647,10
13.1136102676,80.1484985352,64647,64657,10
13.1140699387,80.1482467651,64657,64667,10
13.1146602631,80.1480712891,64667,64677,10
13.1152601242,80.147857666,64677,64687,10
13.1161003113,80.1479721069,64687,64698,11
13.1169395447,80.1486968994,64698,64708,10
13.1174402237,80.1492462158,64708,64718,10
13.1178197861,80.1495285034,64718,64728,10
13.1182498932,80.1496505737,64728,64738,10
13.1187295914,80.1497802734,64738,64748,10
13.1191596985,80.1498794556,64748,64758,10
13.1195697784,80.1499023438,64758,64768,10
13.1200799942,80.1496429443,64768,64778,10
13.1205301285,80.1491394043,64778,64788,10
13.1210002899,80.1488113403,64788,64799,11
13.1213903427,80.1485290527,64799,64809,10
13.1215896606,80.1483230591,64809,64819,10
13.1218204498,80.1479187012,64819,64839,20
13.1218204498,80.1479187012,64839,64849,10
13.1218700409,80.1477890015,64849,64859,10
13.1221103668,80.1473770142,64859,64869,10
13.1225004196,80.1467590332,64869,64879,10
13.1228599548,80.1461334229,64879,64889,10
13.1232204437,80.1455688477,64889,64900,11
13.1237802505,80.1446609497,64900,64910,10
13.1242904663,80.1439208984,64910,64920,10
13.1245498657,80.1434707642,64920,64930,10
13.1246900558,80.1432418823,64930,64940,10
13.1249704361,80.1428222656,64940,64950,10
13.1253204346,80.1422424316,64950,64960,10
13.1255998611,80.1417694092,64960,64970,10
13.1259403229,80.1413421631,64970,64980,10
13.1267404556,80.1407318115,64980,64990,10
13.1274204254,80.1402206421,64990,65001,11
13.1282396317,80.1396179199,65001,65011,10
13.1288404465,80.1391372681,65011,65021,10
13.1292695999,80.1388092041,65021,65031,10
13.1297998428,80.138343811,65031,65041,10
13.1301498413,80.1379013062,65041,65051,10
13.1302099228,80.1377410889,65051,65061,10
13.1303100586,80.137298584,65061,65071,10
13.1304302216,80.1366729736,65071,65081,10
13.1305398941,80.1359100342,65081,65091,10
13.1306695938,80.1350402832,65091,65102,11
13.1307001114,80.1340713501,65102,65112,10
13.1307096481,80.1331787109,65112,65122,10
13.1307296753,80.1325378418,65122,65132,10
13.1307296753,80.1322402954,65132,65142,10
13.1307401657,80.132019043,65142,65152,10
13.1307096481,80.131729126,65152,65162,10
13.1307096481,80.1314468384,65162,65172,10
13.1307201385,80.131149292,65172,65182,10
13.1308097839,80.1303329468,65182,65203,21
13.1308097839,80.1303329468,65203,65213,10
13.1308803558,80.1300201416,65213,65223,10
13.1310100555,80.129447937,65223,65233,10
13.1311502457,80.1289215088,65233,65243,10
13.1313295364,80.1281967163,65243,65253,10
13.1312599182,80.127281189,65253,65263,10
13.1307296753,80.1263580322,65263,65273,10
13.1301803589,80.1256484985,65273,65283,10
13.1295700073,80.1249389648,65283,65293,10
13.1288499832,80.1240768433,65293,65304,11
13.127989769,80.1230773926,65304,65314,10
13.1272001266,80.1221694946,65314,65325,11
13.1267004013,80.12159729,65325,65335,10
13.126159668,80.1204299927,65335,65345,10
13.1259899139,80.1197967529,65345,65354,9
13.1257801056,80.1190795898,65354,65365,11
13.1254501343,80.1182022095,65365,65375,10
13.1253995895,80.1180267334,65375,65384,9
13.1253404617,80.1178665161,65384,65395,11
13.1251602173,80.1174087524,65395,65406,11
13.1247797012,80.1164703369,65406,65416,10
13.1244497299,80.1156005859,65416,65426,10
13.1237802505,80.1137313843,65426,65436,10
13.1237802505,80.1137313843,65436,65446,10
13.1234197617,80.1126785278,65446,65456,10
13.1232404709,80.1116409302,65456,65466,10
13.1231002808,80.1105194092,65466,65476,10
13.1224298477,80.1095733643,65476,65486,10
13.1218004227,80.1087265015,65486,65499,13
13.1210002899,80.1079483032,65499,65510,11
13.1202297211,80.1067886353,65510,65520,10
13.1198396683,80.1055984497,65520,65530,10
13.1196603775,80.1044921875,65530,65540,10
13.1195802689,80.1033935547,65540,65550,10
13.1196098328,80.1026229858,65550,65560,10
13.1196498871,80.1022186279,65560,65570,10
13.1197395325,80.1018218994,65570,65580,10
13.1199302673,80.1019973755,65580,65590,10
13.1200504303,80.1022033691,65590,65863,273
13.1200504303,80.1022033691,65863,65873,10
13.1199398041,80.1023788452,65873,65893,20
13.1199398041,80.1023788452,65893,65904,11
13.119720459,80.1025619507,65904,65914,10
13.1197004318,80.1028594971,65914,65924,10
13.1196804047,80.1032562256,65924,65934,10
13.1196804047,80.1038284302,65934,65944,10
13.1197299957,80.1045684814,65944,65954,10
13.1198196411,80.1052703857,65954,65964,10
13.1205301285,80.1073608398,65964,65974,10
13.1205301285,80.1073608398,65974,65984,10
13.1212997437,80.1081619263,65984,65994,10
13.1220197678,80.1089096069,65994,66005,11
13.1224899292,80.1095275879,66005,66015,10
13.1229095459,80.1100997925,66015,66025,10
13.1232700348,80.1108474731,66025,66038,13
13.123339653,80.1118621826,66038,66048,10
13.1236600876,80.1132202148,66048,66058,10
13.1240196228,80.1142272949,66058,66068,10
13.1243600845,80.1151504517,66068,66078,10
13.1246900558,80.1159973145,66078,66088,10
13.1250696182,80.1170120239,66088,66098,10
13.1253700256,80.117767334,66098,66109,11
13.125670433,80.1185073853,66109,66119,10
13.1257295609,80.1187133789,66119,66129,10
13.1259098053,80.1192932129,66129,66139,10
13.1261196136,80.119972229,66139,66149,10
13.1263103485,80.1206817627,66149,66159,10
13.1266403198,80.1214370728,66159,66169,10
13.127120018,80.1219787598,66169,66179,10
13.127579689,80.122543335,66179,66188,9
13.1280899048,80.1231231689,66188,66200,12
13.1286401749,80.1237792969,66200,66210,10
13.1292295456,80.124458313,66210,66220,10
13.1297101974,80.125,66220,66230,10
13.1301498413,80.125541687,66230,66240,10
13.130490303,80.1259994507,66240,66250,10
13.1307296753,80.1263275146,66250,66260,10
13.1310796738,80.1268234253,66260,66270,10
13.1315097809,80.1274185181,66270,66280,10
13.1314001083,80.1281814575,66280,66290,10
13.1311798096,80.1289825439,66290,66301,11
13.1309204102,80.1300506592,66301,66311,10
13.1307897568,80.1309127808,66311,66331,20
13.1307897568,80.1309127808,66331,66341,10
13.13078022,80.1310577393,66341,66351,10
13.1307601929,80.131362915,66351,66361,10
13.1307401657,80.1318435669,66361,66371,10
13.1307401657,80.1324310303,66371,66381,10
13.1307296753,80.1329498291,66381,66391,10
13.1307296753,80.1330108643,66391,66402,11
13.1307296753,80.1333999634,66402,66412,10
13.1307201385,80.1340484619,66412,66422,10
13.1307096481,80.1347808838,66422,66432,10
13.1305999756,80.1356582642,66432,66442,10
13.1304597855,80.1365890503,66442,66452,10
13.1302995682,80.1375274658,66452,66462,10
13.1299495697,80.1382598877,66462,66472,10
13.1293897629,80.1388015747,66472,66482,10
13.1287298203,80.139289856,66482,66492,10
13.1278400421,80.1399917603,66492,66503,11
13.126950264,80.1406173706,66503,66523,20
13.1259202957,80.1414489746,66523,66532,9
13.1255702972,80.1419296265,66532,66543,11
13.1250600815,80.1427383423,66543,66553,10
13.1246404648,80.1434173584,66553,66563,10
13.1245298386,80.1435928345,66563,66573,10
13.1242599487,80.1439971924,66573,66583,10
13.1239004135,80.1445770264,66583,66593,10
13.1235198975,80.1452178955,66593,66604,11
13.1229896545,80.1460494995,66604,66614,10
13.1226196289,80.1466598511,66614,66624,10
13.1224899292,80.1468963623,66624,66634,10
13.122420311,80.1472015381,66634,66644,10
13.1224603653,80.1476821899,66644,66654,10
13.1225996017,80.1482772827,66654,66664,10
13.1225795746,80.1486816406,66664,66674,10
13.122010231,80.1485824585,66674,66684,10
13.1212501526,80.1486968994,66684,66694,10
13.1205701828,80.1491088867,66694,66705,11
13.1200304031,80.1496963501,66705,66715,10
13.1197500229,80.1500167847,66715,66725,10
13.1193799973,80.1499633789,66725,66745,20
13.1193799973,80.1499633789,66745,66755,10
13.1191101074,80.1498718262,66755,66765,10
13.1185703278,80.1497573853,66765,66795,30
13.1185703278,80.1497573853,66795,66806,11
13.1184797287,80.1497573853,66806,66816,10
13.1182203293,80.1496963501,66816,66826,10
13.1177797318,80.149597168,66826,66836,10
13.1172800064,80.1492004395,66836,66846,10
13.1168003082,80.1486816406,66846,66856,10
13.1161603928,80.1480865479,66856,66866,10
13.1153297424,80.1479263306,66866,66876,10
13.1149501801,80.1480102539,66876,66885,9
13.114569664,80.1481399536,66885,66896,11
13.1141901016,80.1482696533,66896,66907,11
13.1136102676,80.1485519409,66907,66917,10
13.1133403778,80.148979187,66917,66927,10
13.1132602692,80.1494903564,66927,66937,10
13.113120079,80.1499633789,66937,66947,10
13.1127700806,80.1503295898,66947,66957,10
13.1123199463,80.1505584717,66957,66967,10
13.1119403839,80.1509170532,66967,66977,10
13.1116399765,80.1513214111,66977,66987,10
13.1114397049,80.1515274048,66987,66997,10
13.1109600067,80.1518707275,66997,67008,11
13.1103897095,80.1522598267,67008,67018,10
13.1103801727,80.1522674561,67018,67028,10
13.1103096008,80.15234375,67028,67038,10
13.1100301743,80.1523971558,67038,67048,10
13.10958004,80.1522979736,67048,67058,10
13.109120369,80.1522521973,67058,67068,10
13.1086597443,80.1522674561,67068,67078,10
13.1081495285,80.1522979736,67078,67088,10
13.1075401306,80.1523284912,67088,67098,10
13.1067895889,80.1523590088,67098,67109,11
13.1064796448,80.152381897,67109,67119,10
13.1063098907,80.1523971558,67119,67129,10
13.1062602997,80.1523895264,67129,67139,10
13.1059904099,80.1523971558,67139,67149,10
13.1054296494,80.1524963379,67149,67159,10
13.1048498154,80.1529464722,67159,67169,10
13.1044197083,80.1535873413,67169,67179,10
13.1041002274,80.1545562744,67179,67189,10
13.1038799286,80.1555175781,67189,67199,10
13.103679657,80.1564102173,67199,67210,11
13.1034803391,80.1572875977,67210,67220,10
13.1032400131,80.1579971313,67220,67229,9
13.102640152,80.1586532593,67229,67240,11
13.1020803452,80.1591720581,67240,67250,10
13.1016101837,80.15965271,67250,67260,10
13.1014299393,80.1604003906,67260,67270,10
13.1014499664,80.1610717773,67270,67280,10
13.1015300751,80.1618804932,67280,67311,31
13.1015300751,80.1618804932,67311,67321,10
13.1014900208,80.1623077393,67321,67331,10
13.1014499664,80.162437439,67331,67341,10
13.1013898849,80.1627731323,67341,67351,10
13.1013002396,80.1633605957,67351,67361,10
13.1010904312,80.1640930176,67361,67371,10
13.1007795334,80.1649475098,67371,67381,10
13.1004896164,80.1659164429,67381,67391,10
13.1002101898,80.1668167114,67391,67401,10
13.1000995636,80.1674804688,67401,67412,11
13.100060463,80.1679992676,67412,67422,10
13.1000204086,80.16847229,67422,67432,10
13.0999603271,80.1688995361,67432,67442,10
13.0998497009,80.169380188,67442,67452,10
13.099820137,80.1696395874,67452,67462,10
13.0997896194,80.1699905396,67462,67472,10
13.0997695923,80.1703186035,67472,67482,10
13.0996599197,80.1709518433,67482,67523,41
13.0996599197,80.1709518433,67523,67533,10
13.0995798111,80.1711425781,67533,67543,10
13.0994300842,80.1716384888,67543,67553,10
13.0993995667,80.1717987061,67553,67563,10
13.0993003845,80.1720962524,67563,67573,10
13.0990896225,80.1726989746,67573,67583,10
13.0987901688,80.1734466553,67583,67593,10
13.0984401703,80.1743164063,67593,67604,11
13.0981998444,80.1751403809,67604,67614,10
13.09815979,80.175453186,67614,67624,10
13.0981502533,80.1758270264,67624,67634,10
13.0980997086,80.176322937,67634,67644,10
13.0980195999,80.1766586304,67644,67654,10
13.0979003906,80.1773834229,67654,67664,10
13.0978403091,80.1781616211,67664,67674,10
13.0978298187,80.1788864136,67674,67684,10
13.0978899002,80.1795196533,67684,67694,10
13.0979995728,80.1799621582,67694,67705,11
13.0980997086,80.1804122925,67705,67715,10
13.0982198715,80.1808013916,67715,67735,20
13.0982198715,80.1808013916,67735,67745,10
13.0982599258,80.1808929443,67745,67755,10
13.0983600616,80.1812591553,67755,67765,10
13.0984697342,80.1818237305,67765,67775,10
13.0986204147,80.1825027466,67775,67785,10
13.0987596512,80.1830368042,67785,67795,10
13.0988798141,80.1834564209,67795,67806,11
13.0990495682,80.1840362549,67806,67816,10
13.0992603302,80.1847076416,67816,67826,10
13.0994195938,80.1853485107,67826,67836,10
13.0994997025,80.1856536865,67836,67846,10
13.0995597839,80.1859207153,67846,67886,40
13.0995597839,80.1859207153,67886,67896,10
13.0996799469,80.1858901978,67896,67907,11
13.0997400284,80.1863632202,67907,67917,10
13.0998096466,80.1867218018,67917,67927,10
13.0998096466,80.1867523193,67927,67937,10
13.0998401642,80.1870117188,67937,67947,10
13.0999097824,80.1872329712,67947,67957,10
13.1000003815,80.1875762939,67957,67967,10
13.1001300812,80.1879730225,67967,67977,10
13.1002998352,80.1884002686,67977,67987,10
13.100520134,80.1888198853,67987,67997,10
13.1008396149,80.1892166138,67997,68008,11
13.1012496948,80.1896820068,68008,68018,10
13.1012601852,80.1896972656,68018,68028,10
13.1012897491,80.1899490356,68028,68038,10
13.1014204025,80.1904907227,68038,68048,10
13.1015396118,80.1912078857,68048,68058,10
13.1016597748,80.1918563843,68058,68068,10
13.1017503738,80.1924209595,68068,68078,10
13.101849556,80.1929779053,68078,68088,10
13.101940155,80.1935195923,68088,68098,10
13.1021299362,80.1940689087,68098,68109,11
13.1020498276,80.1947937012,68109,68119,10
13.1021900177,80.1956329346,68119,68129,10
13.1025400162,80.1966629028,68129,68139,10
13.1029100418,80.1977462769,68139,68149,10
13.1031198502,80.1987915039,68149,68159,10
13.1031799316,80.1991882324,68159,68169,10
13.1032600403,80.19972229,68169,68179,10
13.1033296585,80.2003631592,68179,68189,10
13.10338974,80.200881958,68189,68199,10
13.1034498215,80.2012786865,68199,68210,11
13.1034698486,80.201789856,68210,68220,10
13.1035003662,80.2020111084,68220,68230,10
13.103509903,80.2021331787,68230,68240,10
13.1035804749,80.2025680542,68240,68260,20
13.1035804749,80.2025680542,68260,68270,10
13.1036100388,80.2027130127,68270,68280,10
13.1036100388,80.2027511597,68280,68290,10
13.1036396027,80.2028808594,68290,68300,10
13.1036596298,80.2031478882,68300,68311,11
13.1037397385,80.2037200928,68311,68321,10
13.1037998199,80.2043609619,68321,68331,10
13.1038198471,80.2049331665,68331,68341,10
13.1038303375,80.2055587769,68341,68351,10
13.1037797928,80.2061233521,68351,68361,10
13.1035900116,80.206703186,68361,68371,10
13.1033802032,80.2071609497,68371,68381,10
13.1032800674,80.207321167,68381,68391,10
13.1031799316,80.2075424194,68391,68401,10
13.1030902863,80.207862854,68401,68412,11
13.1029701233,80.208190918,68412,68422,10
13.1027803421,80.2087783813,68422,68432,10
13.1026697159,80.2091903687,68432,68442,10
13.1026000977,80.2094116211,68442,68452,10
13.1024303436,80.2098922729,68452,68462,10
13.1021900177,80.2105636597,68462,68472,10
13.1019201279,80.2113800049,68472,68482,10
13.1017398834,80.2119216919,68482,68492,10
13.1014795303,80.2125930786,68492,68502,10
13.101269722,80.2131500244,68502,68513,11
13.1011695862,80.2133865356,68513,68523,10
13.1010599136,80.2136230469,68523,68533,10
13.1008396149,80.2141265869,68533,68543,10
13.1005601883,80.21484375,68543,68553,10
13.0998601913,80.2164764404,68553,68563,10
13.0998601913,80.2164764404,68563,68573,10
13.0995798111,80.2173080444,68573,68583,10
13.0994300842,80.2180786133,68583,68593,10
13.0993003845,80.2188720703,68593,68603,10
13.099240303,80.2192764282,68603,68614,11
13.0991601944,80.2197265625,68614,68627,13
13.0990600586,80.2203598022,68627,68637,10
13.098859787,80.2213363647,68637,68647,10
13.0987501144,80.2222671509,68647,68657,10
13.0989198685,80.223197937,68657,68667,10
13.0994100571,80.2238311768,68667,68678,11
13.0997400284,80.224647522,68678,68688,10
13.0999403,80.2256088257,68688,68698,10
13.0999603271,80.2257766724,68698,68709,11
13.0999698639,80.2258987427,68709,68719,10
13.1000204086,80.2264328003,68719,68729,10
13.1000404358,80.227180481,68729,68739,10
13.1000099182,80.2279815674,68739,68750,11
13.0999603271,80.2284622192,68750,68760,10
13.0998802185,80.2289733887,68760,68769,9
13.0998096466,80.2294235229,68769,68780,11
13.0997600555,80.2297515869,68780,68790,10
13.099729538,80.2298583984,68790,68800,10
13.0996398926,80.2301177979,68800,68811,11
13.09953022,80.2305603027,68811,68821,10
13.0994997025,80.2306594849,68821,68831,10
13.099439621,80.2308273315,68831,68841,10
13.0992803574,80.2311706543,68841,68851,10
13.0991802216,80.2313690186,68851,68861,10
13.0989904404,80.2318267822,68861,68871,10
13.0987701416,80.2324905396,68871,68881,10
13.0986299515,80.2332763672,68881,68891,10
13.0985898972,80.2336196899,68891,68901,10
13.0985498428,80.2339782715,68901,68912,11
13.0985498428,80.2342605591,68912,68922,10
13.0985498428,80.2343902588,68922,68932,10
13.0985002518,80.2347335815,68932,68942,10
13.0984296799,80.2352828979,68942,68952,10
13.0983400345,80.2358322144,68952,68962,10
13.0982198715,80.2364578247,68962,68972,10
13.098110199,80.2370986938,68972,68982,10
13.0980396271,80.2375564575,68982,68992,10
13.0979204178,80.2380981445,68992,69002,10
13.097820282,80.2387084961,69002,69013,11
13.0977602005,80.2393188477,69013,69023,10
13.0977296829,80.2396011353,69023,69033,10
13.0976896286,80.2401809692,69033,69043,10
13.0975999832,80.2409591675,69043,69053,10
13.0975103378,80.2416610718,69053,69134,81
13.0975103378,80.2416610718,69134,69144,10
13.0974397659,80.2419433594,69144,69154,10
13.0971603394,80.2421188354,69154,69164,10
13.0968103409,80.2420578003,69164,69174,10
13.0961904526,80.2418518066,69174,69184,10
13.095749855,80.2416763306,69184,69194,10
13.0954799652,80.2415771484,69194,69204,10
13.0952301025,80.2415008545,69204,69215,11
13.0949201584,80.2414627075,69215,69225,10
13.0946598053,80.2413787842,69225,69235,10
13.0939798355,80.2412261963,69235,69245,10
13.0934896469,80.2411422729,69245,69255,10
13.0934696198,80.2411270142,69255,69265,10
13.0930299759,80.2410430908,69265,69275,10
13.0924797058,80.2409973145,69275,69285,10
13.0918903351,80.2409515381,69285,69295,10
13.0911397934,80.2409286499,69295,69305,10
13.0902700424,80.2409133911,69305,69316,11
13.0892400742,80.2413635254,69316,69326,10
13.0886201859,80.2418212891,69326,69336,10
13.0880899429,80.2422409058,69336,69346,10
13.0878696442,80.2429962158,69346,69356,10
13.0878400803,80.2432632446,69356,69366,10
13.0877199173,80.2434997559,69366,69376,10
13.0876598358,80.243598938,69376,69386,10
13.0874099731,80.2438964844,69386,69396,10
13.0871200562,80.2440719604,69396,69405,9
13.0867395401,80.2444076538,69405,69417,12
13.0861101151,80.2449417114,69417,69427,10
13.0857200623,80.2452392578,69427,69437,10
13.0856399536,80.2457275391,69437,69447,10
13.0857000351,80.246421814,69447,69457,10
13.0857400894,80.2470932007,69457,69467,10
13.0857801437,80.2479324341,69467,69477,10
13.0858001709,80.2487564087,69477,69487,10
13.085849762,80.2495117188,69487,69497,10
13.0859003067,80.2503204346,69497,69538,41
13.0859003067,80.2503204346,69538,69548,10
13.0857801437,80.250869751,69548,69558,10
13.0856895447,80.2515029907,69558,69568,10
13.0855998993,80.2521133423,69568,69578,10
13.085559845,80.2526473999,69578,69588,10
13.0855197906,80.2530975342,69588,69598,10
13.0855102539,80.2535629272,69598,69609,11
13.0855798721,80.2540664673,69609,69619,10
13.0855798721,80.2541732788,69619,69629,10
13.0855798721,80.2543411255,69629,69639,10
13.085559845,80.2546920776,69639,69649,10
13.0853204727,80.2547607422,69649,69659,10
13.0847196579,80.2547225952,69659,69669,10
13.0840797424,80.2546615601,69669,69680,11
13.0834999084,80.2545776367,69680,69690,10
13.0827999115,80.2545471191,69690,69700,10
13.0822896957,80.2545166016,69700,69711,11
13.0816297531,80.2547607422,69711,69721,10
13.0810203552,80.2548828125,69721,69731,10
13.0807800293,80.2548370361,69731,69741,10
13.0805501938,80.2548294067,69741,69751,10
13.0800504684,80.2547836304,69751,69761,10
13.0795297623,80.254699707,69761,69771,10
13.079079628,80.2547683716,69771,69822,51
13.079079628,80.2547683716,69822,69832,10
13.0788097382,80.2548217773,69832,69842,10
13.0789203644,80.2553405762,69842,69852,10
13.079000473,80.2561569214,69852,69862,10
13.0790996552,80.2570419312,69862,69872,10
13.079199791,80.2577133179,69872,69882,10
13.0792398453,80.2579879761,69882,69892,10
13.0792999268,80.2584915161,69892,69902,10
13.079369545,80.2590789795,69902,69913,11
13.0794696808,80.2597808838,69913,69923,10
13.0796203613,80.2605895996,69923,69933,10
13.0797996521,80.2612228394,69933,69943,10
13.079990387,80.2618026733,69943,69953,10
13.0801401138,80.2623977661,69953,69963,10
13.0802602768,80.2629165649,69963,69973,10
13.0802698135,80.2629394531,69973,69983,10
13.0802898407,80.2630310059,69983,69993,10
13.0804004669,80.263458252,69993,70003,10
13.0806798935,80.2647094727,70003,70034,31
13.0806798935,80.2647094727,70034,70045,11
13.0806999207,80.2649612427,70045,70055,10
13.080739975,80.2654266357,70055,70065,10
13.0807199478,80.2661132813,70065,70075,10
13.0807104111,80.2668533325,70075,70085,10
13.0806999207,80.2675704956,70085,70095,10
13.0807199478,80.2683334351,70095,70105,10
13.0807199478,80.2691192627,70105,70116,11
13.0807199478,80.269859314,70116,70126,10
13.080739975,80.2702178955,70126,70146,20
13.080739975,80.2702178955,70146,70156,10
13.080739975,80.2705001831,70156,70166,10
13.0808200836,80.2708435059,70166,70176,10
13.0809698105,80.2711715698,70176,70186,10
13.0813302994,80.2716827393,70186,70196,10
13.0814399719,80.2722091675,70196,70207,11
13.0815200806,80.2727737427,70207,70217,10
13.0814304352,80.2734298706,70217,70227,10
13.0817499161,80.2740097046,70227,70237,10
13.0819997787,80.2745285034,70237,70247,10
13.0819797516,80.274848938,70247,70257,10
13.0820302963,80.2752685547,70257,70277,20
13.0820302963,80.2752685547,70277,70287,10
13.0820398331,80.275390625,70287,70297,10
13.0820999146,80.2756881714,70297,70308,11
13.0819597244,80.2760009766,70308,70318,10
13.0818195343,80.2761077881,70318,70328,10
13.0818395615,80.2764511108,70328,70338,10
13.0818901062,80.2768707275,70338,70348,10
13.0819797516,80.2776031494,70348,70358,10
13.0820903778,80.2781219482,70358,70368,10
13.0821199417,80.2786026001,70368,70378,10
13.0821695328,80.2792663574,70378,70388,10
13.0822401047,80.2800674438,70388,70398,10
13.0823698044,80.2815475464,70398,70419,21
13.0823698044,80.2815475464,70419,70429,10
13.0823802948,80.2817687988,70429,70439,10
13.0828695297,80.2821426392,70439,70449,10
13.083609581,80.2826004028,70449,70459,10
13.0843801498,80.2830963135,70459,70469,10
13.0850296021,80.2837677002,70469,70479,10
13.0853500366,80.2838363647,70479,70489,10
13.0854196548,80.2834320068,70489,70498,9
13.0854196548,80.2834014893,70498,70510,12
13.0854301453,80.2831802368,70510,70520,10
13.0855503082,80.2826080322,70520,70641,121
13.0855503082,80.2826080322,70641,70651,10
13.0855903625,80.2824401855,70651,70661,10
13.085559845,80.2821807861,70661,70671,10
13.085559845,80.2820205688,70671,70681,10
13.0855998993,80.2818374634,70681,70691,10
13.0856599808,80.2813110352,70691,70701,10
13.0857400894,80.2809295654,70701,70712,11
13.0856895447,80.280670166,70712,70722,10
13.0856304169,80.2804107666,70722,70732,10
13.085559845,80.2800827026,70732,70741,9
13.0853796005,80.2796630859,70741,70752,11
13.0847902298,80.2793807983,70752,70762,10
13.0844202042,80.279296875,70762,70772,10
13.0840196609,80.2792434692,70772,70782,10
13.0835399628,80.2791290283,70782,70792,10
13.082909584,80.2788467407,70792,70802,10
13.0822896957,80.2786102295,70802,70853,51
13.0822896957,80.2786102295,70853,70863,10
13.0822200775,80.2785720825,70863,70873,10
13.0819702148,80.2783966064,70873,70883,10
13.0818099976,80.2773208618,70883,70944,61
13.0818004608,80.2769393921,70944,70974,30
13.0818004608,80.2769393921,70974,70984,10
13.0817298889,80.2765808105,70984,70994,10
13.0816602707,80.2760696411,70994,71004,10
13.081580162,80.2757034302,71004,71015,11
13.0815296173,80.2754516602,71015,71025,10
13.0815000534,80.2752685547,71025,71035,10
13.0815000534,80.2751464844,71035,71045,10
13.0814800262,80.2750091553,71045,71055,10
13.0814599991,80.2748031616,71055,71065,10
13.0814399719,80.2746200562,71065,71075,10
13.0814304352,80.2744064331,71075,71085,10
13.0813999176,80.2740936279,71085,71095,10
13.081319809,80.2735824585,71095,71116,21
13.081319809,80.2735824585,71116,71126,10
13.0812997818,80.2733764648,71126,71136,10
13.0812797546,80.2732925415,71136,71146,10
13.0812702179,80.273109436,71146,71156,10
13.0814199448,80.2726974487,71156,71166,10
13.0813398361,80.2721786499,71166,71176,10
13.0811195374,80.271446228,71176,71187,11
13.0808401108,80.2711029053,71187,71196,9
13.0807104111,80.2705383301,71196,71207,11
13.0807199478,80.2697982788,71207,71218,11
13.080739975,80.2689437866,71218,71228,10
13.0807199478,80.2682418823,71228,71238,10
13.0806703568,80.2678222656,71238,71248,10
13.0806398392,80.2673416138,71248,71258,10
13.0806398392,80.2667236328,71258,71268,10
13.0806503296,80.2659606934,71268,71278,10
13.0806398392,80.2654418945,71278,71329,51
13.0806398392,80.2654418945,71329,71339,10
13.0806303024,80.2652664185,71339,71349,10
13.0805702209,80.2648773193,71349,71358,9
13.0804395676,80.264251709,71358,71369,11
13.0801696777,80.2631607056,71369,71389,20
13.0801696777,80.2631607056,71389,71399,10
13.0799999237,80.2629470825,71399,71410,11
13.0795698166,80.2630462646,71410,71420,10
13.0794801712,80.2628631592,71420,71449,29
13.0794801712,80.2628631592,71449,71460,11
13.0798501968,80.2629623413,71460,71470,10
13.0800304413,80.262588501,71470,71480,10
13.0799503326,80.2619628906,71480,71490,10
13.0796804428,80.2612075806,71490,71500,10
13.0794696808,80.260383606,71500,71511,11
13.0792999268,80.2592697144,71511,71521,10
13.0792102814,80.2582168579,71521,71531,10
13.0790395737,80.2569732666,71531,71571,40
13.0790395737,80.2569732666,71571,71581,10
13.0790300369,80.2567367554,71581,71591,10
13.0790100098,80.2563171387,71591,71601,10
13.0789604187,80.2557525635,71601,71612,11
13.0789003372,80.2551193237,71612,71622,10
13.0788898468,80.254989624,71622,71632,10
13.0789403915,80.2547836304,71632,71642,10
13.0797395706,80.2546615601,71642,71662,20
13.0797395706,80.2546615601,71662,71672,10
13.0800104141,80.254737854,71672,71682,10
13.0805196762,80.2548217773,71682,71692,10
13.0810403824,80.2548675537,71692,71702,10
13.0814599991,80.2548980713,71702,71713,11
13.0817203522,80.2545089722,71713,71723,10
13.0818004608,80.2540969849,71723,71733,10
13.0818595886,80.253692627,71733,71743,10
13.0818500519,80.2530975342,71743,71753,10
13.0814599991,80.2523880005,71753,71763,10
13.0813798904,80.2515029907,71763,71773,10
13.0813503265,80.251083374,71773,71783,10
13.081319809,80.2508621216,71783,71792,9
13.0813102722,80.2506866455,71792,71803,11
13.0813102722,80.2504196167,71803,71814,11
13.0812902451,80.2499923706,71814,71824,10
13.0814599991,80.2496871948,71824,71834,10
13.0818004608,80.2497329712,71834,71844,10
13.0822200775,80.249786377,71844,71854,10
13.0826797485,80.2498931885,71854,71864,10
13.08314991,80.2499389648,71864,71874,10
13.083729744,80.2500610352,71874,71884,10
13.0846595764,80.2502288818,71884,71915,31
13.0846595764,80.2502288818,71915,71925,10
13.0848302841,80.2502288818,71925,71935,10
13.0852899551,80.250328064,71935,71945,10
13.0857400894,80.2504119873,71945,71955,10
13.0858402252,80.2501525879,71955,71964,9
13.0858402252,80.2496490479,71964,71975,11
13.0858001709,80.2488937378,71975,71985,10
13.0857801437,80.2481384277,71985,71995,10
13.0857896805,80.2472763062,71995,72005,10
13.085729599,80.2464370728,72005,72016,11
13.0856199265,80.2456665039,72016,72026,10
13.0855998993,80.2453613281,72026,72036,10
13.0858001709,80.2451019287,72036,72046,10
13.0861902237,80.2447662354,72046,72056,10
13.086689949,80.2443695068,72056,72066,10
13.0872497559,80.2439193726,72066,72076,10
13.0876302719,80.2435073853,72076,72086,10
13.087770462,80.2431335449,72086,72096,10
13.0878696442,80.2425994873,72096,72107,11
13.0881900787,80.2420578003,72107,72117,10
13.0887298584,80.2416381836,72117,72127,10
13.0893802643,80.2412109375,72127,72137,10
13.0900697708,80.2409133911,72137,72147,10
13.0909004211,80.2408828735,72147,72157,10
13.0914697647,80.2409133911,72157,72167,10
13.0920600891,80.2409362793,72167,72177,10
13.0926399231,80.2409820557,72177,72187,10
13.0933799744,80.2410964966,72187,72197,10
13.0942602158,80.2412490845,72197,72218,21
13.0942602158,80.2412490845,72218,72228,10
13.0943803787,80.2412796021,72228,72238,10
13.0947904587,80.2413635254,72238,72248,10
13.0953397751,80.2415008545,72248,72258,10
13.0958995819,80.2416992188,72258,72268,10
13.0965204239,80.2419281006,72268,72278,10
13.0971603394,80.2421264648,72278,72329,51
13.0971603394,80.2421264648,72329,72339,10
13.0974397659,80.2420883179,72339,72349,10
13.0975103378,80.2416534424,72349,72359,10
13.0975904465,80.2410430908,72359,72369,10
13.0976200104,80.2404785156,72369,72379,10
13.0976495743,80.2399368286,72379,72389,10
13.0976896286,80.2394714355,72389,72399,10
13.0977201462,80.2389068604,72399,72410,11
13.0978498459,80.2381896973,72410,72420,10
13.097990036,80.2375717163,72420,72430,10
13.0980701447,80.2370529175,72430,72440,10
13.0982198715,80.2362670898,72440,72480,40
13.0982198715,80.2362670898,72480,72490,10
13.0983104706,80.2356262207,72490,72500,10
13.098400116,80.2350006104,72500,72521,21
13.098400116,80.2350006104,72521,72531,10
13.0984601974,80.234703064,72531,72541,10
13.0985002518,80.2342376709,72541,72551,10
13.0985298157,80.2337417603,72551,72561,10
13.0986003876,80.2331695557,72561,72571,10
13.0987300873,80.2324981689,72571,72581,10
13.0989198685,80.2319030762,72581,72591,10
13.0990200043,80.2316513062,72591,72601,10
13.0992002487,80.2312393188,72601,72612,11
13.0993795395,80.2308807373,72612,72622,10
13.09953022,80.2303771973,72622,72632,10
13.0996999741,80.2297210693,72632,72652,20
13.0996999741,80.2297210693,72652,72662,10
13.0997495651,80.229637146,72662,72672,10
13.0998001099,80.2292785645,72672,72682,10
13.0998697281,80.2288208008,72682,72691,9
13.0999403,80.2284164429,72691,72702,11
13.0999803543,80.2278213501,72702,72713,11
13.0999698639,80.2269668579,72713,72723,10
13.0999097824,80.2260894775,72723,72733,10
13.0998401642,80.225479126,72733,72743,10
13.0998401642,80.2254180908,72743,72753,10
13.0998001099,80.2251434326,72753,72763,10
13.0996599197,80.2246398926,72763,72773,10
13.0994300842,80.2239837646,72773,72783,10
13.0992202759,80.2236785889,72783,72792,9
13.0990200043,80.2233963013,72792,72803,11
13.0988197327,80.2231369019,72803,72814,11
13.0986700058,80.2227783203,72814,72824,10
13.0987596512,80.2214813232,72824,72834,10
13.0987596512,80.2214813232,72834,72844,10
13.0989303589,80.2205886841,72844,72854,10
13.0990896225,80.2196578979,72854,72864,10
13.099149704,80.219367981,72864,72874,10
13.0992002487,80.2189483643,72874,72884,10
13.0993003845,80.2183074951,72884,72894,10
13.0994596481,80.2174682617,72894,72907,13
13.0997800827,80.2164306641,72907,72918,11
13.1001901627,80.215423584,72918,72938,20
13.1001901627,80.215423584,72938,72948,10
13.1004800797,80.2147827148,72948,73049,101
13.1004800797,80.2147827148,73049,73059,10
13.1005601883,80.2145767212,73059,73069,10
13.1007604599,80.2141418457,73069,73079,10
13.100979805,80.2135696411,73079,73089,10
13.1012601852,80.212890625,73089,73099,10
13.1014900208,80.2123184204,73099,73110,11
13.1016597748,80.2118377686,73110,73120,10
13.1018199921,80.2114028931,73120,73130,10
13.1019897461,80.210899353,73130,73140,10
13.1021795273,80.2104110718,73140,73150,10
13.1024904251,80.2095489502,73150,73160,10
13.1025896072,80.2092285156,73160,73170,10
13.102689743,80.2088928223,73170,73180,10
13.1027698517,80.2086410522,73180,73190,10
13.1028404236,80.208442688,73190,73200,10
13.1029596329,80.2080688477,73200,73211,11
13.1031398773,80.2076034546,73211,73221,10
13.1033802032,80.2070236206,73221,73231,10
13.1036701202,80.2063293457,73231,73241,10
13.1037797928,80.2056427002,73241,73251,10
13.1037797928,80.2049407959,73251,73261,10
13.1037597656,80.2043991089,73261,73271,10
13.1036300659,80.2035598755,73271,73281,10
13.1035003662,80.203163147,73281,73291,10
13.1034803391,80.2025375366,73291,73301,10
13.1033401489,80.2016067505,73301,73322,21
13.1033401489,80.2016067505,73322,73332,10
13.1033201218,80.201461792,73332,73342,10
13.1032800674,80.2010116577,73342,73352,10
13.1032304764,80.2004165649,73352,73362,10
13.1031398773,80.1996994019,73362,73372,10
13.1030797958,80.1992721558,73372,73382,10
13.10297966,80.1987075806,73382,73392,10
13.1028699875,80.1980285645,73392,73402,10
13.1027002335,80.1974334717,73402,73413,11
13.1025104523,80.1968765259,73413,73423,10
13.102350235,80.1963882446,73423,73433,10
13.1021795273,80.1959075928,73433,73443,10
13.1020298004,80.1954269409,73443,73453,10
13.1018695831,80.1949615479,73453,73463,10
13.1017398834,80.1946868896,73463,73473,10
13.1014499664,80.1943511963,73473,73483,10
13.1016798019,80.1938171387,73483,73493,10
13.1017303467,80.1930389404,73493,73503,10
13.1015300751,80.1919326782,73503,73514,11
13.1012897491,80.1906814575,73514,73524,10
13.1010398865,80.1901016235,73524,73534,10
13.1010398865,80.1900787354,73534,73544,10
13.1009502411,80.1898117065,73544,73554,10
13.1007003784,80.1892929077,73554,73564,10
13.1003704071,80.1887512207,73564,73574,10
13.1001901627,80.1883773804,73574,73584,10
13.0999803543,80.1878890991,73584,73594,10
13.0997896194,80.1872634888,73594,73604,10
13.0996904373,80.1868362427,73604,73615,11
13.0995798111,80.1863632202,73615,73625,10
13.0994997025,80.1859664917,73625,73635,10
13.0993700027,80.1854476929,73635,73645,10
13.0992603302,80.1849975586,73645,73655,10
13.0991897583,80.184677124,73655,73665,10
13.0990495682,80.1842422485,73665,73675,10
13.0988702774,80.1836395264,73675,73685,10
13.0987100601,80.1831283569,73685,73695,10
13.0985498428,80.1825180054,73695,73705,10
13.098400116,80.1818771362,73705,73716,11
13.0983800888,80.1817779541,73716,73726,10
13.0983600616,80.1817016602,73726,73736,10
13.098279953,80.1813583374,73736,73746,10
13.0981302261,80.1808319092,73746,73756,10
13.0979604721,80.1801223755,73756,73767,11
13.0977697372,80.1793289185,73767,73777,10
13.0977497101,80.1783905029,73777,73787,10
13.097820282,80.1774291992,73787,73797,10
13.0979795456,80.1764907837,73797,73808,11
13.0980596542,80.1758880615,73808,73818,10
13.0980701447,80.1756973267,73818,73828,10
13.0980596542,80.1753692627,73828,73838,10
13.0981702805,80.1747894287,73838,73848,10
13.0984096527,80.1740722656,73848,73858,10
13.0987596512,80.1732635498,73858,73868,10
13.0991001129,80.1724014282,73868,73878,10
13.0993700027,80.1715774536,73878,73888,10
13.0995798111,80.1707687378,73888,73919,31
13.0995798111,80.1707687378,73919,73929,10
13.0995998383,80.1706008911,73929,73939,10
13.0996303558,80.1703872681,73939,73949,10
13.0996599197,80.1697921753,73949,73979,30
13.0996599197,80.1697921753,73979,73989,10
13.0997600555,80.1694107056,73989,73999,10
13.0998497009,80.1689605713,73999,74010,11
13.0999202728,80.1684799194,74010,74020,10
13.0999698639,80.1680221558,74020,74030,10
13.1000204086,80.167350769,74030,74040,10
13.1001996994,80.1665496826,74040,74050,10
13.1005001068,80.1656265259,74050,74060,10
13.1007995605,80.1646575928,74060,74070,10
13.1010704041,80.1639022827,74070,74080,10
13.1012601852,80.1632232666,74080,74090,10
13.101269722,80.1625213623,74090,74111,21
13.101269722,80.1625213623,74111,74121,10
13.1012897491,80.162322998,74121,74131,10
13.1013002396,80.1619567871,74131,74141,10
13.1013298035,80.1614608765,74141,74151,10
13.1013402939,80.1611633301,74151,74161,10
13.1013202667,80.1606521606,74161,74171,10
13.1013402939,80.1599807739,74171,74181,10
13.1016197205,80.1594619751,74181,74191,10
13.1020202637,80.1590576172,74191,74201,10
13.1024999619,80.1586303711,74201,74212,11
13.1031398773,80.1579437256,74212,74222,10
13.1034002304,80.1572189331,74222,74232,10
13.1034803391,80.1568603516,74232,74242,10
13.1035604477,80.1565093994,74242,74252,10
13.1036701202,80.15599823,74252,74262,10
13.1038198471,80.1553573608,74262,74272,10
13.1039600372,80.1547164917,74272,74282,10
13.1041202545,80.154083252,74282,74292,10
13.1044797897,80.1533203125,74292,74302,10
13.1048898697,80.1527328491,74302,74313,11
13.1050100327,80.1526184082,74313,74323,10
13.1054697037,80.152381897,74323,74333,10
13.1062002182,80.1523208618,74333,74343,10
13.107000351,80.1522903442,74343,74353,10
13.1075897217,80.1522674561,74353,74363,10
13.1078796387,80.1522827148,74363,74373,10
13.1083602905,80.1522827148,74373,74383,10
13.1088600159,80.1522598267,74383,74393,10
13.1091804504,80.1522598267,74393,74403,10
13.1096801758,80.1523132324,74403,74414,11
13.1101999283,80.1522674561,74414,74424,10
13.1105499268,80.1519775391,74424,74434,10
13.1108198166,80.1518478394,74434,74444,10
13.1110200882,80.1517715454,74444,74454,10
13.1113300323,80.1515426636,74454,74464,10
13.1115903854,80.151222229,74464,74474,10
13.1116600037,80.1511230469,74474,74484,10
13.1118803024,80.1508331299,74484,74494,10
13.1121997833,80.1505126953,74494,74504,10
13.1125802994,80.1502990723,74504,74515,11
13.1130304337,80.1498565674,74515,74525,10
13.1131801605,80.1492385864,74525,74535,10
13.1134500504,80.1485900879,74535,74545,10
13.1138896942,80.1483230591,74545,74555,10
13.1143798828,80.1481628418,74555,74565,10
13.1150398254,80.1479263306,74565,74575,10
13.1158800125,80.1479263306,74575,74585,10
13.1166496277,80.1484375,74585,74595,10
13.1173696518,80.1492767334,74595,74605,10
13.1178102493,80.149597168,74605,74616,11
13.1181097031,80.1496734619,74616,74625,9
13.1184597015,80.1497421265,74625,74636,11
13.119020462,80.149848938,74636,74646,10
13.1194601059,80.149887085,74646,74656,10
13.1199598312,80.1496734619,74656,74666,10
13.1204500198,80.1491317749,74666,74676,10
13.1210403442,80.148727417,74676,74686,10
13.1214199066,80.1484680176,74686,74696,10
13.1216001511,80.1482315063,74696,74707,11
13.1218099594,80.1478805542,74707,74717,10
13.1218099594,80.1478729248,74717,74727,10
13.1218795776,80.1477890015,74727,74737,10
13.122130394,80.1473770142,74737,74747,10
13.1224498749,80.1468200684,74747,74757,10
13.1228199005,80.1462020874,74757,74767,10
13.1231603622,80.1456680298,74767,74777,10
13.123550415,80.1450576782,74777,74787,10
13.1240196228,80.1442871094,74787,74797,10
13.1244096756,80.1436462402,74797,74808,11
13.1248197556,80.1429824829,74808,74818,10
13.1252202988,80.1423873901,74818,74828,10
13.1256504059,80.1416397095,74828,74838,10
13.1261196136,80.1411819458,74838,74848,10
13.1266899109,80.1407394409,74848,74858,10
13.1271896362,80.1403579712,74858,74868,10
13.1276302338,80.1399993896,74868,74878,10
13.1281995773,80.1396026611,74878,74888,10
13.1288099289,80.1391067505,74888,74898,10
13.1294403076,80.1386566162,74898,74909,11
13.1300401688,80.1380004883,74909,74919,10
13.1301803589,80.1376495361,74919,74929,10
13.1302995682,80.1371536255,74929,74939,10
13.1304197311,80.1364822388,74939,74949,10
13.1305103302,80.1358184814,74949,74959,10
13.1305904388,80.1351928711,74959,74969,10
13.1306495667,80.1345214844,74969,74979,10
13.1306600571,80.1337814331,74979,74989,10
13.1306495667,80.1330566406,74989,74999,10
13.1306600571,80.1323394775,74999,75010,11
13.1306400299,80.1315917969,75010,75020,10
13.130689621,80.1305618286,75020,75040,20
13.130689621,80.1305618286,75040,75050,10
13.1307401657,80.1303100586,75050,75060,10
13.1308803558,80.129737854,75060,75070,10
13.1310596466,80.1290206909,75070,75080,10
13.1312599182,80.1281814575,75080,75090,10
13.1311597824,80.1271972656,75090,75100,10
13.1306295395,80.1263198853,75100,75111,11
13.1299600601,80.1254806519,75111,75121,10
13.1293897629,80.1247634888,75121,75131,10
13.1288795471,80.1241989136,75131,75141,10
13.1283998489,80.1236877441,75141,75151,10
13.1278800964,80.1230621338,75151,75161,10
13.1272602081,80.1223220825,75161,75171,10
13.1266298294,80.1215820313,75171,75181,10
13.1261396408,80.1206512451,75181,75191,10
13.1259002686,80.1197433472,75191,75201,10
13.1256999969,80.1190185547,75201,75211,10
13.1254501343,80.1183166504,75211,75222,11
13.1253204346,80.1180114746,75222,75232,10
13.1252803802,80.1179122925,75232,75242,10
13.1251001358,80.1174087524,75242,75252,10
13.1248197556,80.1166915894,75252,75262,10
13.1244802475,80.1158599854,75262,75272,10
13.1241502762,80.114982605,75272,75282,10
13.123459816,80.1129989624,75282,75292,10
13.123459816,80.1129989624,75292,75302,10
13.1231899261,80.1118469238,75302,75313,11
13.1230297089,80.1105270386,75313,75323,10
13.1223201752,80.1094818115,75323,75333,10
13.1216402054,80.1085891724,75333,75343,10
13.1210603714,80.108039856,75343,75353,10
13.1204795837,80.1074523926,75353,75363,10
13.1201496124,80.1066894531,75363,75373,10
13.1198997498,80.1060028076,75373,75383,10
13.119720459,80.1052627563,75383,75393,10
13.1196098328,80.1044921875,75393,75403,10
13.1195402145,80.103729248,75403,75414,11
13.1195201874,80.1032409668,75414,75424,10
13.1195297241,80.1029434204,75424,75434,10
13.1196098328,80.1023406982,75434,75444,10
13.1196298599,80.1019668579,75444,75454,10
13.1198596954,80.1018295288,75454,75464,10
13.1199998856,80.1023483276,75464,75919,455
13.1199998856,80.1023483276,75919,75929,10
13.1199197769,80.1023635864,75929,75939,10
13.1197004318,80.1025009155,75939,75949,10
13.1196699142,80.1028366089,75949,75959,10
13.1196203232,80.1033630371,75959,75969,10
13.1196603775,80.1040115356,75969,75979,10
13.1198596954,80.1056976318,75979,75989,10
13.1198596954,80.1056976318,75989,75999,10
13.1202096939,80.1066818237,75999,76010,11
13.1207199097,80.1076583862,76010,76020,10
13.1213703156,80.1082611084,76020,76030,10
13.1220302582,80.1089782715,76030,76040,10
13.1226701736,80.1098327637,76040,76050,10
13.1231899261,80.1106567383,76050,76071,21
13.1233997345,80.1124191284,76071,76081,10
13.1238098145,80.1137619019,76081,76091,10
13.1242399216,80.1149215698,76091,76102,11
13.1246995926,80.1161422729,76102,76114,12
13.1251897812,80.1174087524,76114,76124,10
13.1255702972,80.1183700562,76124,76134,10
13.1256599426,80.1185913086,76134,76144,10
13.125749588,80.118888855,76144,76154,10
13.1259002686,80.1194000244,76154,76164,10
13.1261100769,80.1201477051,76164,76174,10
13.1263303757,80.1209793091,76174,76184,10
13.1268701553,80.1217803955,76184,76194,10
13.1274003983,80.1223678589,76194,76205,11
13.1280298233,80.1231002808,76205,76215,10
13.1286001205,80.1237564087,76215,76225,10
13.1290998459,80.1243362427,76225,76235,10
13.1296396255,80.124961853,76235,76245,10
13.1301803589,80.1256332397,76245,76255,10
13.1307201385,80.1263427734,76255,76265,10
13.1312503815,80.1270523071,76265,76276,11
13.131480217,80.1277694702,76276,76285,9
13.1313495636,80.1281967163,76285,76296,11
13.1312904358,80.1283798218,76296,76307,11
13.1311397552,80.1288604736,76307,76327,20
13.1311397552,80.1288604736,76327,76337,10
13.1310501099,80.1292190552,76337,76347,10
13.1309299469,80.1296920776,76347,76357,10
13.1308698654,80.1299362183,76357,76367,10
13.1308498383,80.1300430298,76367,76377,10
13.1308097839,80.1301727295,76377,76387,10
13.1307697296,80.1303482056,76387,76397,10
13.1307497025,80.130531311,76397,76408,11
13.1307201385,80.1306991577,76408,76418,10
13.1307296753,80.130859375,76418,76428,10
13.1307296753,80.1310424805,76428,76438,10
13.1307296753,80.1312179565,76438,76448,10
13.1307296753,80.1314697266,76448,76458,10
13.1307201385,80.132019043,76458,76468,10
13.1307201385,80.1325836182,76468,76478,10
13.1307201385,80.1331100464,76478,76488,10
13.1307001114,80.1336593628,76488,76498,10
13.1306695938,80.1341323853,76498,76509,11
13.1307001114,80.134727478,76509,76519,10
13.1307001114,80.1348876953,76519,76529,10
13.130610466,80.1355285645,76529,76539,10
13.1304702759,80.1364212036,76539,76549,10
13.1302995682,80.1374664307,76549,76559,10
13.1299200058,80.1382369995,76559,76569,10
13.1291999817,80.1389007568,76569,76579,10
13.1285600662,80.1393585205,76579,76589,10
13.1279201508,80.1398620605,76589,76599,10
13.127240181,80.1403579712,76599,76610,11
13.1263799667,80.1409683228,76610,76620,10
13.1257200241,80.1416091919,76620,76630,10
13.1252002716,80.1424331665,76630,76640,10
13.124830246,80.1430435181,76640,76650,10
13.1247301102,80.1432189941,76650,76660,10
13.1246700287,80.1433029175,76660,76670,10
13.1245203018,80.1435089111,76670,76680,10
13.1243000031,80.1437988281,76680,76690,10
13.1240100861,80.1442871094,76690,76700,10
13.1236400604,80.1449127197,76700,76711,11
13.1232795715,80.1455383301,76711,76721,10
13.1230401993,80.145866394,76721,76731,10
13.1230096817,80.1459121704,76731,76741,10
13.1229295731,80.1460494995,76741,76751,10
13.1227397919,80.1463775635,76751,76761,10
13.1225996017,80.1465911865,76761,76771,10
13.1224002838,80.1470031738,76771,76781,10
13.1224098206,80.1474533081,76781,76791,10
13.1224803925,80.1479263306,76791,76801,10
13.1226100922,80.1483001709,76801,76812,11
13.1224899292,80.148651123,76812,76822,10
13.1218595505,80.1485519409,76822,76832,10
13.1211204529,80.1487197876,76832,76842,10
13.1206302643,80.1490478516,76842,76852,10
13.12018013,80.149520874,76852,76862,10
13.1197795868,80.1499404907,76862,76923,61
13.1197795868,80.1499404907,76923,76933,10
13.1193704605,80.1499328613,76933,76943,10
13.1191101074,80.1498794556,76943,76953,10
13.1186304092,80.1497802734,76953,76963,10
13.1180496216,80.1496505737,76963,76973,10
13.1178998947,80.1496124268,76973,76983,10
13.1176900864,80.1495437622,76983,76993,10
13.1172800064,80.1491928101,76993,77003,10
13.1168003082,80.1486282349,77003,77014,11
13.1160898209,80.1479873657,77014,77024,10
13.1151504517,80.1479110718,77024,77034,10
13.1145000458,80.1481323242,77034,77044,10
13.1138401031,80.1483688354,77044,77054,10
13.1133003235,80.1489334106,77054,77064,10
13.1131401062,80.1497421265,77064,77074,10
13.112660408,80.1503372192,77074,77084,10
13.1121397018,80.1506729126,77084,77094,10
13.111700058,80.1511917114,77094,77104,10
13.1111297607,80.1517181396,77104,77115,11
13.1105203629,80.1520614624,77115,77125,10
13.1103401184,80.1522216797,77125,77135,10
13.1102104187,80.1522903442,77135,77145,10
13.1097698212,80.1522979736,77145,77155,10
13.1092395782,80.1522369385,77155,77165,10
13.1087198257,80.1522369385,77165,77175,10
13.1081104279,80.1522903442,77175,77185,10
13.1075496674,80.1522903442,77185,77195,10
13.1069898605,80.1523208618,77195,77205,10
13.1062803268,80.1523590088,77205,77216,11
13.106089592,80.1523666382,77216,77226,10
13.1057300568,80.1523895264,77226,77236,10
13.1051397324,80.1526184082,77236,77246,10
13.1046495438,80.1531982422,77246,77256,10
13.1042299271,80.1539764404,77256,77266,10
13.1040000916,80.1548919678,77266,77276,10
13.1037902832,80.1557769775,77276,77286,10
13.1036100388,80.156578064,77286,77296,10
13.1034202576,80.1574325562,77296,77306,10
13.1028699875,80.1583633423,77306,77317,11
13.1021900177,80.158996582,77317,77327,10
13.1016302109,80.1595611572,77327,77337,10
13.1014204025,80.1602935791,77337,77347,10
13.1014404297,80.1610336304,77347,77357,10
13.1015100479,80.1617965698,77357,77367,10
13.1014499664,80.1622695923,77367,77377,10
13.1013002396,80.1631317139,77377,77387,10
13.1010904312,80.1639785767,77387,77397,10
13.1007699966,80.1649093628,77397,77408,11
13.1005401611,80.1656723022,77408,77418,10
13.1003599167,80.166267395,77418,77428,10
13.1001596451,80.1669921875,77428,77438,10
13.1000795364,80.1677322388,77438,77448,10
13.1000204086,80.1684036255,77448,77458,10
13.0999698639,80.1687469482,77458,77468,10
13.0998697281,80.1692123413,77468,77478,10
13.0998001099,80.1696777344,77478,77488,10
13.0997495651,80.1701278687,77488,77498,10
13.0995998383,80.1710128784,77498,77519,21
13.0995998383,80.1710128784,77519,77529,10
13.0995702744,80.1711807251,77529,77539,10
13.099439621,80.1716079712,77539,77549,10
13.0992202759,80.1722412109,77549,77559,10
13.0989398956,80.1729812622,77559,77569,10
13.0985803604,80.173828125,77569,77579,10
13.0982599258,80.1747589111,77579,77589,10
13.0981302261,80.1754989624,77589,77599,10
13.0980997086,80.1761016846,77599,77610,11
13.0980596542,80.1764526367,77610,77620,10
13.0979604721,80.1768493652,77620,77630,10
13.097869873,80.1775283813,77630,77640,10
13.0978002548,80.1783599854,77640,77650,10
13.097820282,80.1791381836,77650,77660,10
13.0979604721,80.1798782349,77660,77670,10
13.0981502533,80.1806030273,77670,77680,10
13.0982398987,80.1809005737,77680,77690,10
13.098279953,80.1810836792,77690,77700,10
13.0984096527,80.1815719604,77700,77711,11
13.0985603333,80.1822662354,77711,77721,10
13.0986995697,80.1828613281,77721,77731,10
13.0988903046,80.1835327148,77731,77741,10
13.0991001129,80.1842727661,77741,77751,10
13.0993499756,80.1849594116,77751,77761,10
13.0994997025,80.1856002808,77761,77771,10
13.0996398926,80.1862106323,77771,77781,10
13.0997600555,80.1866989136,77781,77791,10
13.0998497009,80.1871414185,77791,77801,10
13.0999698639,80.1875762939,77801,77812,11
13.1001901627,80.1881790161,77812,77822,10
13.1004400253,80.1886978149,77822,77832,10
13.1007299423,80.1891174316,77832,77842,10
13.1011695862,80.1895675659,77842,77851,9
13.1012096405,80.1896820068,77851,77862,11
13.1012001038,80.1897735596,77862,77872,10
13.1013002396,80.1902236938,77872,77882,10
13.1014499664,80.19090271,77882,77892,10
13.1015701294,80.1915893555,77892,77902,10
13.1016998291,80.1921920776,77902,77913,11
13.1018104553,80.1928100586,77913,77923,10
13.1019001007,80.1933822632,77923,77933,10
13.1020402908,80.1939163208,77933,77943,10
13.1020898819,80.1945266724,77943,77953,10
13.102060318,80.195098877,77953,77963,10
13.1022901535,80.1958084106,77963,77973,10
13.1026496887,80.1968765259,77973,77983,10
13.1029901505,80.198059082,77983,77993,10
13.1031503677,80.1990127563,77993,78003,10
13.1032104492,80.1993865967,78003,78014,11
13.1033201218,80.2002716064,78014,78024,10
13.10338974,80.2007980347,78024,78034,10
13.1034402847,80.2011871338,78034,78044,10
13.1034698486,80.2016601563,78044,78054,10
13.1035404205,80.2021408081,78054,78064,10
13.1035995483,80.2027130127,78064,78074,10
13.1036100388,80.2028198242,78074,78084,10
13.1035995483,80.2030334473,78084,78094,10
13.103679657,80.2034912109,78094,78104,10
13.103770256,80.2041168213,78104,78115,11
13.1038198471,80.2049331665,78115,78125,10
13.1038103104,80.2058029175,78125,78135,10
13.1036701202,80.2063980103,78135,78145,10
13.1034297943,80.2070007324,78145,78155,10
13.103219986,80.2074584961,78155,78165,10
13.1031303406,80.2077407837,78165,78175,10
13.1030797958,80.2078781128,78175,78185,10
13.1029396057,80.2082824707,78185,78195,10
13.1027698517,80.2088165283,78195,78205,10
13.102640152,80.2092285156,78205,78216,11
13.1025495529,80.2095565796,78216,78226,10
13.1023397446,80.2101211548,78226,78236,10
13.1021404266,80.2107391357,78236,78245,9
13.1019802094,80.211227417,78245,78256,11
13.1017398834,80.2118911743,78256,78266,10
13.1015396118,80.2124404907,78266,78276,10
13.1013402939,80.2129592896,78276,78286,10
13.1011896133,80.2133407593,78286,78296,10
13.1011199951,80.2135314941,78296,78306,10
13.1009502411,80.2139282227,78306,78318,12
13.1008195877,80.2142562866,78318,78328,10
13.100689888,80.2145767212,78328,78338,10
13.1004800797,80.2150192261,78338,78348,10
13.0999202728,80.2163162231,78348,78358,10
13.0999202728,80.2163162231,78358,78368,10
13.0996599197,80.217048645,78368,78378,10
13.0995197296,80.2176437378,78378,78388,10
13.099439621,80.2181167603,78388,78398,10
13.0993299484,80.2188110352,78398,78408,10
13.0992603302,80.2192611694,78408,78422,14
13.099149704,80.2198104858,78422,78432,10
13.0989904404,80.2207565308,78432,78442,10
13.0988197327,80.2216415405,78442,78452,10
13.0987596512,80.2224273682,78452,78461,9
13.0989198685,80.2231292725,78461,78470,9
13.0992898941,80.2236633301,78470,78482,12
13.0996704102,80.2244110107,78482,78492,10
13.099820137,80.2250137329,78492,78502,10
13.0999202728,80.2256317139,78502,78512,10
13.0999298096,80.2257003784,78512,78523,11
13.1000003815,80.2261962891,78523,78533,10
13.1000299454,80.2268218994,78533,78543,10
13.1000404358,80.2277374268,78543,78553,10
13.0999498367,80.2285308838,78553,78563,10
13.0998697281,80.229133606,78563,78573,10
13.0997495651,80.2296676636,78573,78583,10
13.0995798111,80.2303009033,78583,78593,10
13.09953022,80.230506897,78593,78603,10
13.0994997025,80.2306213379,78603,78614,11
13.099360466,80.2309875488,78614,78624,10
13.0992803574,80.2312011719,78624,78634,10
13.0990600586,80.2316970825,78634,78644,10
13.0988998413,80.2321624756,78644,78654,10
13.0987300873,80.2328414917,78654,78664,10
13.0986099243,80.2336196899,78664,78674,10
13.0985603333,80.234161377,78674,78684,10
13.0985603333,80.2341995239,78684,78694,10
13.0985403061,80.2343521118,78694,78704,10
13.0985097885,80.234703064,78704,78715,11
13.0984201431,80.2351837158,78715,78725,10
13.0983104706,80.2358169556,78725,78735,10
13.0981798172,80.236541748,78735,78745,10
13.0980796814,80.237121582,78745,78755,10
13.0980100632,80.2375717163,78755,78765,10
13.0978803635,80.2380599976,78765,78775,10
13.0978002548,80.2385482788,78775,78785,10
13.0977401733,80.2392578125,78785,78795,10
13.097700119,80.2399520874,78795,78805,10
13.0976295471,80.2407226563,78805,78816,11
13.0975503922,80.2414321899,78816,78826,10
13.0974597931,80.2418365479,78826,78846,20
13.0974597931,80.2418365479,78846,78856,10
13.0973300934,80.2421722412,78856,78866,10
13.0971002579,80.2421112061,78866,78876,10
13.0965795517,80.2419204712,78876,78886,10
13.0961799622,80.2417907715,78886,78896,10
13.0956602097,80.2416000366,78896,78906,10
13.0950498581,80.2413864136,78906,78917,11
13.0945596695,80.2412872314,78917,78927,10
13.09416008,80.2412185669,78927,78937,10
13.0935096741,80.2410888672,78937,78947,10
13.0927200317,80.2409667969,78947,78957,10
13.0921297073,80.2409515381,78957,78967,10
13.0913696289,80.2409210205,78967,78977,10
13.0904598236,80.2408981323,78977,78987,10
13.0895795822,80.2411193848,78987,78997,10
13.0889596939,80.2415618896,78997,79007,10
13.088470459,80.2419281006,79007,79018,11
13.0879402161,80.242477417,79018,79028,10
13.0878095627,80.2431564331,79028,79038,10
13.0877599716,80.243347168,79038,79048,10
13.0875997543,80.243637085,79048,79058,10
13.0871400833,80.2440414429,79058,79068,10
13.0865497589,80.2445526123,79068,79078,10
13.0859098434,80.2450714111,79078,79088,10
13.0856103897,80.2457809448,79088,79098,10
13.0856895447,80.2466812134,79098,79108,10
13.0857601166,80.2477416992,79108,79119,11
13.0858201981,80.2490234375,79119,79129,10
13.0858898163,80.2501296997,79129,79139,10
13.0858697891,80.2504730225,79139,79149,10
13.0857801437,80.2509613037,79149,79159,10
13.0856704712,80.2516174316,79159,79169,10
13.0855798721,80.2523498535,79169,79179,10
13.0855302811,80.2530822754,79179,79189,10
13.0855197906,80.2536697388,79189,79199,10
13.0855703354,80.2541427612,79199,79209,10
13.0855703354,80.2541809082,79209,79220,11
13.0855798721,80.2544631958,79220,79230,10
13.085439682,80.2547836304,79230,79240,10
13.0850296021,80.2547531128,79240,79250,10
13.0843000412,80.2546615601,79250,79260,10
13.0833997726,80.2545776367,79260,79270,10
13.0824203491,80.2545166016,79270,79280,10
13.081580162,80.2548522949,79280,79290,10
13.0811595917,80.2548828125,79290,79300,10
13.0806703568,80.2548294067,79300,79310,10
13.0800199509,80.2547073364,79310,79321,11
13.0799999237,80.254699707,79321,79331,10
13.0798397064,80.2546768188,79331,79341,10
13.0793895721,80.2546920776,79341,79351,10
13.0789604187,80.2548828125,79351,79361,10
13.0790300369,80.2554321289,79361,79371,10
13.0790996552,80.2562408447,79371,79381,10
13.0791902542,80.2571563721,79381,79391,10
13.0793104172,80.2581710815,79391,79401,10
13.0793504715,80.2584991455,79401,79411,10
13.0793600082,80.2590789795,79411,79422,11
13.079460144,80.2598800659,79422,79432,10
13.0796403885,80.2607727051,79432,79442,10
13.0799598694,80.2615737915,79442,79452,10
13.0801897049,80.2623901367,79452,79482,30
13.0801897049,80.2623901367,79482,79492,10
13.0802602768,80.2627182007,79492,79502,10
13.080329895,80.2631072998,79502,79512,10
13.0804700851,80.2638168335,79512,79523,11
13.0806598663,80.2646789551,79523,79533,10
13.080739975,80.2654037476,79533,79543,10
13.080739975,80.2662582397,79543,79553,10
13.0806999207,80.2673034668,79553,79563,10
13.0806903839,80.2683334351,79563,79573,10
13.0807199478,80.2691497803,79573,79583,10
13.0807504654,80.2699584961,79583,79593,10
13.0808200836,80.2707672119,79593,79602,9
13.0811100006,80.2713012695,79602,79614,12
13.0814304352,80.2720184326,79614,79624,10
13.0815200806,80.2727584839,79624,79634,10
13.0814304352,80.2733535767,79634,79644,10
13.081580162,80.2738571167,79644,79654,10
13.0819702148,80.2741928101,79654,79664,10
13.0819997787,80.274810791,79664,79674,10
13.0820398331,80.275138855,79674,79684,10
13.0820398331,80.275428772,79684,79704,20
13.0820398331,80.275428772,79704,79715,11
13.0820903778,80.2757492065,79715,79725,10
13.0819301605,80.2760162354,79725,79735,10
13.0818195343,80.2763214111,79735,79745,10
13.0818595886,80.2769012451,79745,79754,9
13.0819501877,80.2776794434,79754,79765,11
13.082110405,80.2782821655,79765,79775,10
13.0821800232,80.2794494629,79775,79785,10
13.0821800232,80.2794494629,79785,79795,10
13.0822601318,80.2804031372,79795,79805,10
13.0823402405,80.281463623,79805,79816,11
13.0829601288,80.2821578979,79816,79826,10
13.0838804245,80.2827301025,79826,79836,10
13.0846500397,80.2832870483,79836,79849,13
13.0851602554,80.2838516235,79849,79859,10
13.085439682,80.283416748,79859,79899,40
13.085439682,80.283416748,79899,79909,10
13.0855197906,80.283203125,79909,79920,11
13.0855798721,80.2826080322,79920,79930,10
13.0856399536,80.2819595337,79930,79940,10
13.0857000351,80.2813796997,79940,79951,11
13.0857400894,80.2810821533,79951,79961,10
13.0857200623,80.2806930542,79961,79970,9
13.0855798721,80.2800521851,79970,79981,11
13.0850095749,80.2793807983,79981,79991,10
13.0840396881,80.2791976929,79991,80001,10
13.0831203461,80.2788772583,80001,80011,10
13.0822896957,80.2786102295,80011,80052,41
13.0822896957,80.2786102295,80052,80062,10
13.0820198059,80.2784194946,80062,80072,10
13.0819196701,80.2779006958,80072,80082,10
13.0818500519,80.2771606445,80082,80092,10
13.0816802979,80.2761764526,80092,80102,10
13.0815601349,80.2753601074,80102,80143,41
13.0815601349,80.2753601074,80143,80153,10
13.0815601349,80.2752838135,80153,80163,10
13.0815601349,80.2750015259,80163,80173,10
13.0815296173,80.2747421265,80173,80183,10
13.0814599991,80.2742462158,80183,80193,10
13.0813903809,80.2735519409,80193,80203,10
13.0813302994,80.2730407715,80203,80214,11
13.0814399719,80.2724075317,80214,80224,10
13.0812797546,80.2716674805,80224,80234,10
13.0810203552,80.2712936401,80234,80244,10
13.0808801651,80.2711029053,80244,80254,10
13.0807695389,80.2706680298,80254,80264,10
13.0807600021,80.2698898315,80264,80274,10
13.0807695389,80.2688598633,80274,80284,10
13.0807199478,80.2679595947,80284,80294,10
13.0806798935,80.2668914795,80294,80304,10
13.0806598663,80.2658691406,80304,80314,10
13.0806398392,80.2653198242,80314,80325,11
13.0805101395,80.264541626,80325,80335,10
13.0803604126,80.2637710571,80335,80345,10
13.0802202225,80.2632369995,80345,80355,10
13.0801000595,80.2629776001,80355,80365,10
13.0796899796,80.2630081177,80365,80375,10
13.0794095993,80.2628631592,80375,80395,20
13.0794095993,80.2628631592,80395,80405,10
13.0796604156,80.2629013062,80405,80416,11
13.0800104141,80.262840271,80416,80426,10
13.0800800323,80.2623214722,80426,80436,10
13.079870224,80.2615432739,80436,80446,10
13.0795602798,80.2606964111,80446,80456,10
13.0793895721,80.2599029541,80456,80466,10
13.0792503357,80.2589874268,80466,80476,10
13.0791301727,80.2579498291,80476,80486,10
13.0790195465,80.2569122314,80486,80496,10
13.0790195465,80.2562179565,80496,80505,9
13.0789499283,80.2555007935,80505,80517,12
13.0788602829,80.2547225952,80517,80527,10
13.0788698196,80.254699707,80527,80537,10
13.0789899826,80.2545776367,80537,80547,10
13.0794801712,80.2545471191,80547,80557,10
13.0802202225,80.2547225952,80557,80567,10
13.0809898376,80.2547988892,80567,80577,10
13.0816602707,80.2546768188,80577,80587,10
13.0818395615,80.2539825439,80587,80597,10
13.0819101334,80.2533035278,80597,80607,10
13.081580162,80.2525787354,80607,80618,11
13.0813903809,80.2516326904,80618,80628,10
13.0813703537,80.2509613037,80628,80638,10
13.0813598633,80.2503814697,80638,80648,10
13.0813999176,80.2497024536,80648,80658,10
13.0818901062,80.249710083,80658,80667,9
13.082690239,80.2498626709,80667,80678,11
13.0835599899,80.2499923706,80678,80688,10
13.0844802856,80.2501602173,80688,80698,10
13.0853395462,80.2502975464,80698,80708,10
13.0858602524,80.2503433228,80708,80719,11
13.0859098434,80.2498092651,80719,80729,10
13.085849762,80.2490234375,80729,80739,10
13.0858201981,80.2481002808,80739,80749,10
13.0857896805,80.2470779419,80749,80759,10
13.0857200623,80.2462615967,80759,80769,10
13.0856304169,80.2453536987,80769,80779,10
13.0859603882,80.2449569702,80779,80789,10
13.086520195,80.2445297241,80789,80799,10
13.087269783,80.2439193726,80799,80809,10
13.0877799988,80.2433166504,80809,80820,11
13.0879001617,80.2427597046,80820,80830,10
13.0881204605,80.2420883179,80830,80840,10
13.088760376,80.241607666,80840,80850,10
13.0895996094,80.2410583496,80850,80860,10
13.0906496048,80.2408294678,80860,80870,10
13.0916004181,80.2408828735,80870,80880,10
13.0923700333,80.2409362793,80880,80890,10
13.0931301117,80.2410202026,80890,80900,10
13.0939903259,80.2411422729,80900,80910,10
13.0943002701,80.2412033081,80910,80921,11
13.0944700241,80.2412490845,80921,80931,10
13.0950298309,80.2413635254,80931,80941,10
13.095700264,80.2415390015,80941,80951,10
13.0962696075,80.2417602539,80951,80962,11
13.0972499847,80.2420501709,80962,80983,21
13.0972499847,80.2420501709,80983,80993,10
13.0974798203,80.2421035767,80993,81002,9
13.0979204178,80.2422332764,81002,81012,10
13.0985898972,80.2422790527,81012,81023,11
13.0987701416,80.2420425415,81023,81034,11
13.0988397598,80.241607666,81034,81044,10
13.0988903046,80.2411575317,81044,81165,121
13.0988903046,80.2411575317,81165,81175,10
13.0989599228,80.2410964966,81175,81185,10
13.0990896225,80.2408981323,81185,81195,10
13.0989904404,80.2407836914,81195,81205,10
13.0992298126,80.2406463623,81205,81296,91
13.0992298126,80.2406463623,81296,81306,10
13.0990200043,80.2403793335,81306,81438,132
13.0990200043,80.2403793335,81438,81448,10
