13.0340595245,80.2058792114,20,23061,23041
13.0340595245,80.2058792114,23061,23071,10
13.0342502594,80.2055892944,23071,23081,10
13.0343399048,80.2052993774,23081,23091,10
13.0346899033,80.2051620483,23091,23101,10
13.035030365,80.2051620483,23101,23121,20
13.035030365,80.2051620483,23121,23131,10
13.0352497101,80.2051773071,23131,23182,51
13.0352497101,80.2051773071,23182,23192,10
13.0355501175,80.2052383423,23192,23202,10
13.0357103348,80.2052536011,23202,23212,10
13.0358600616,80.2053985596,23212,23222,10
13.0357904434,80.2057418823,23222,23232,10
13.0357303619,80.206161499,23232,23242,10
13.0356197357,80.2069396973,23242,23252,10
13.0355195999,80.2078094482,23252,23262,10
13.0354499817,80.208190918,23262,23272,10
13.0354003906,80.2085723877,23272,23283,11
13.0353403091,80.2090301514,23283,23293,10
13.0352497101,80.2096481323,23293,23303,10
13.0351896286,80.2101211548,23303,23313,10
13.0349998474,80.2105865479,23313,23323,10
13.034910202,80.2113723755,23323,23333,10
13.0347299576,80.2120895386,23333,23343,10
13.034070015,80.2120513916,23343,23353,10
13.0331897736,80.2119674683,23353,23363,10
13.0323495865,80.2118682861,23363,23373,10
13.031920433,80.2119903564,23373,23383,10
13.0318202972,80.2126617432,23383,23400,17
13.0316400528,80.2139892578,23400,23412,12
13.0315103531,80.2149581909,23412,23420,8
13.0314302444,80.2156600952,23420,23432,12
13.0314397812,80.2164916992,23432,23442,10
13.0315198898,80.2172393799,23442,23452,10
13.0315999985,80.2180862427,23452,23463,11
13.0320997238,80.2184295654,23463,23473,10
13.0322799683,80.218788147,23473,23483,10
13.0322599411,80.2196807861,23483,23493,10
13.0322799683,80.2202835083,23493,23504,11
13.0321302414,80.2209320068,23504,23514,10
13.0318803787,80.2217483521,23514,23524,10
13.0315799713,80.2223892212,23524,23534,10
13.03125,80.2231521606,23534,23544,10
13.0311899185,80.2238235474,23544,23554,10
13.0311803818,80.2242965698,23554,23564,10
13.0306196213,80.224319458,23564,23574,10
13.0298900604,80.2243118286,23574,23584,10
13.0291795731,80.2243118286,23584,23594,10
13.0287799835,80.2240982056,23594,23604,10
13.0284700394,80.2242279053,23604,23615,11
13.0283203125,80.2250289917,23615,23625,10
13.0281600952,80.225769043,23625,23634,9
13.0280799866,80.2262573242,23634,23645,11
13.0279798508,80.2268066406,23645,23655,10
13.0279998779,80.2270126343,23655,23665,10
13.0282897949,80.2271118164,23665,23675,10
13.0289697647,80.2272186279,23675,23685,10
13.029800415,80.2273712158,23685,23695,10
13.0303697586,80.2274703979,23695,23705,10
13.0304203033,80.227722168,23705,23715,10
13.0303897858,80.2279663086,23715,23726,11
13.0303401947,80.2284622192,23726,23736,10
13.0303201675,80.2292175293,23736,23746,10
13.0306196213,80.2300567627,23746,23756,10
13.0307197571,80.2306137085,23756,23766,10
13.0305995941,80.230758667,23766,23776,10
13.0298099518,80.2308273315,23776,23796,20
13.0298099518,80.2308273315,23796,23806,10
13.0294704437,80.2308807373,23806,23816,10
13.0290203094,80.2309112549,23816,23826,10
13.0284004211,80.2309570313,23826,23837,11
13.0277204514,80.231048584,23837,23847,10
13.0276603699,80.2313690186,23847,23857,10
13.0277395248,80.2319793701,23857,23867,10
13.0278701782,80.232673645,23867,23877,10
13.0274896622,80.2328796387,23877,23887,10
13.0266799927,80.2330169678,23887,23907,20
13.0266799927,80.2330169678,23907,23917,10
13.0265398026,80.2330169678,23917,23927,10
13.026309967,80.2325973511,23927,23937,10
13.0260801315,80.2318496704,23937,23948,11
13.0258102417,80.2307891846,23948,23958,10
13.0252199173,80.2297668457,23958,23968,10
13.0245800018,80.2289428711,23968,23978,10
13.0241699219,80.2284317017,23978,23988,10
13.0239400864,80.2281188965,23988,23998,10
13.0234298706,80.2275924683,23998,24008,10
13.0227203369,80.2269668579,24008,24018,10
13.0224304199,80.2267532349,24018,24028,10
13.022310257,80.2266387939,24028,24038,10
13.0219097137,80.2262573242,24038,24048,10
13.0213098526,80.2257919312,24048,24059,11
13.0204696655,80.2251815796,24059,24069,10
13.0195703506,80.2246017456,24069,24079,10
13.0185604095,80.224571228,24079,24089,10
13.0174798965,80.2250289917,24089,24099,10
13.016500473,80.225440979,24099,24109,10
13.0156698227,80.2257385254,24109,24119,10
13.0148296356,80.2260665894,24119,24129,10
13.0143299103,80.2262802124,24129,24139,10
13.0141496658,80.2263412476,24139,24149,10
13.0135602951,80.2265396118,24149,24159,10
13.0127096176,80.2268600464,24159,24170,11
13.0115499496,80.2273330688,24170,24186,16
13.0098896027,80.2279586792,24186,24198,12
13.00963974,80.2273178101,24198,24208,10
13.0100402832,80.2264633179,24208,24218,10
13.0105104446,80.2253875732,24218,24227,9
13.0109300613,80.2244033813,24227,24235,8
13.0112600327,80.2235794067,24235,24248,13
13.0118103027,80.222038269,24248,24258,10
13.0122003555,80.2210388184,24258,24268,10
13.0119400024,80.2202682495,24268,24279,11
13.0114603043,80.2189025879,24279,24289,10
13.0110998154,80.2178573608,24289,24299,10
13.0107097626,80.2168731689,24299,24309,10
13.0103998184,80.2162399292,24309,24319,10
13.0100498199,80.2156219482,24319,24329,10
13.0095796585,80.2148590088,24329,24339,10
13.0090703964,80.2141571045,24339,24349,10
13.0082502365,80.2133483887,24349,24379,30
13.0082502365,80.2133483887,24379,24390,11
13.0080604553,80.2132568359,24390,24400,10
13.0078201294,80.2130508423,24400,24410,10
13.0074300766,80.212852478,24410,24420,10
13.0068101883,80.2127609253,24420,24430,10
13.0061597824,80.2128829956,24430,24440,10
13.0055599213,80.2128601074,24440,24450,10
13.0048398972,80.2124176025,24450,24460,10
13.0039901733,80.212097168,24460,24470,10
13.0037002563,80.211807251,24470,24480,10
13.0037002563,80.2111434937,24480,24491,11
13.0036096573,80.210319519,24491,24501,10
13.0035495758,80.2095794678,24501,24511,10
13.0037097931,80.2087936401,24511,24521,10
13.0043697357,80.208770752,24521,24531,10
13.005200386,80.2091369629,24531,24541,10
13.0059995651,80.2094497681,24541,24551,10
13.0067996979,80.2097167969,24551,24561,10
13.0073900223,80.2098083496,24561,24571,10
13.007519722,80.2098388672,24571,24581,10
13.0079603195,80.2099380493,24581,24591,10
13.0081701279,80.2097702026,24591,24608,17
13.0079498291,80.2085418701,24608,24619,11
13.0077695847,80.2073898315,24619,24630,11
13.007610321,80.2063064575,24630,24639,9
13.0075502396,80.2054367065,24639,24650,11
13.0075397491,80.2043380737,24650,24659,9
13.0074701309,80.2035369873,24659,24671,12
13.0073404312,80.2026290894,24671,24681,10
13.007349968,80.2018508911,24681,24691,10
13.007399559,80.2015228271,24691,24711,20
13.007399559,80.2015228271,24711,24722,11
13.0074100494,80.2011871338,24722,24732,10
13.0074596405,80.2005767822,24732,24742,10
13.0074796677,80.1997375488,24742,24752,10
13.0074195862,80.1987533569,24752,24762,10
13.0073795319,80.1978912354,24762,24772,10
13.0073299408,80.196937561,24772,24782,10
13.0073404312,80.1964416504,24782,24792,10
13.0076904297,80.1961975098,24792,24802,10
13.0082597733,80.1962585449,24802,24812,10
13.0084400177,80.1962890625,24812,24822,10
13.0086402893,80.1962890625,24822,24833,11
13.0090198517,80.1961135864,24833,24843,10
13.0097999573,80.1959228516,24843,24853,10
13.010720253,80.1958084106,24853,24863,10
13.0110797882,80.1955566406,24863,24873,10
13.0112199783,80.1954803467,24873,24883,10
13.011759758,80.1951599121,24883,24893,10
13.0126104355,80.1946334839,24893,24903,10
13.0136203766,80.1940231323,24903,24913,10
13.01445961,80.1932830811,24913,24923,10
13.0147695541,80.1928482056,24923,24934,11
13.0150899887,80.1923065186,24934,24944,10
13.0155200958,80.1915206909,24944,24954,10
13.0160598755,80.1904983521,24954,24964,10
13.016579628,80.1895599365,24964,24974,10
13.0168600082,80.1890411377,24974,24984,10
13.016960144,80.1888580322,24984,24994,10
13.0172595978,80.1883163452,24994,25004,10
13.0177202225,80.1874694824,25004,25014,10
13.0184202194,80.1866989136,25014,25024,10
13.0193996429,80.186088562,25024,25033,9
13.0202598572,80.1855010986,25033,25044,11
13.0205602646,80.1847000122,25044,25055,11
13.0205802917,80.1846313477,25055,25065,10
13.0205898285,80.1846008301,25065,25075,10
13.0206804276,80.1843109131,25075,25085,10
13.0208101273,80.1840209961,25085,25095,10
13.021030426,80.1835327148,25095,25145,50
13.021030426,80.1835327148,25145,25156,11
13.0211601257,80.1832962036,25156,25166,10
13.0214796066,80.1827774048,25166,25176,10
13.021780014,80.1822433472,25176,25186,10
13.0222101212,80.1814804077,25186,25196,10
13.0227098465,80.1805801392,25196,25206,10
13.0232696533,80.1795578003,25206,25216,10
13.0237398148,80.1787185669,25216,25226,10
13.023900032,80.1784362793,25226,25236,10
13.0239200592,80.1784133911,25236,25246,10
13.0241098404,80.1780776978,25246,25256,10
13.0244598389,80.1774597168,25256,25267,11
13.024939537,80.176612854,25267,25277,10
13.0254297256,80.1756973267,25277,25287,10
13.025970459,80.1747436523,25287,25297,10
13.0265398026,80.1737289429,25297,25307,10
13.0271196365,80.172706604,25307,25317,10
13.027680397,80.1716766357,25317,25327,10
13.0281801224,80.1707611084,25327,25337,10
13.0285100937,80.1701889038,25337,25347,10
13.0287599564,80.1697769165,25347,25357,10
13.0290803909,80.1691131592,25357,25378,21
13.0290803909,80.1691131592,25378,25388,10
13.0291500092,80.1689682007,25388,25398,10
13.029419899,80.168548584,25398,25408,10
13.0297803879,80.1678619385,25408,25418,10
13.0302696228,80.1669616699,25418,25428,10
13.0308504105,80.1659393311,25428,25438,10
13.0314102173,80.1649627686,25438,25448,10
13.0317001343,80.1644821167,25448,25458,10
13.031999588,80.1639633179,25458,25468,10
13.0323801041,80.1632537842,25468,25478,10
13.0328197479,80.1624984741,25478,25489,11
13.0334396362,80.1613998413,25489,25499,10
13.0338802338,80.1606216431,25499,25509,10
13.0339899063,80.1604385376,25509,25519,10
13.0341300964,80.1601409912,25519,25600,81
13.0341300964,80.1601409912,25600,25610,10
13.0342798233,80.1599273682,25610,25620,10
13.0343704224,80.15965271,25620,25630,10
13.0343704224,80.1591186523,25630,25640,10
13.0343704224,80.158821106,25640,25650,10
13.0343599319,80.1585388184,25650,25771,121
13.0343599319,80.1585388184,25771,25781,10
13.0342998505,80.158203125,25781,25791,10
13.0342998505,80.1578826904,25791,25801,10
13.0342998505,80.1576919556,25801,25811,10
13.0342903137,80.1574630737,25811,25822,11
13.0342998505,80.157119751,25822,26003,181
13.0342998505,80.157119751,26003,26013,10
13.0342702866,80.1568222046,26013,26023,10
13.0344200134,80.1564025879,26023,26033,10
13.0345602036,80.1560287476,26033,26044,11
13.0341596603,80.1555404663,26044,26064,20
13.0341596603,80.1555404663,26064,26074,10
13.0338001251,80.1552963257,26074,26094,20
13.0338001251,80.1552963257,26094,26104,10
13.0335903168,80.1551513672,26104,26114,10
13.0331201553,80.1547470093,26114,26124,10
13.0324802399,80.1541519165,26124,26134,10
13.0317401886,80.1536331177,26134,26144,10
13.0309400558,80.1531219482,26144,26155,11
13.0307598114,80.1530227661,26155,26165,10
13.030579567,80.1529006958,26165,26175,10
13.0300998688,80.1525802612,26175,26185,10
13.0296201706,80.1522827148,26185,26195,10
13.0289402008,80.1518096924,26195,26205,10
13.0281896591,80.1512908936,26205,26215,10
13.0274000168,80.1507034302,26215,26225,10
13.0265903473,80.1500930786,26225,26235,10
13.025759697,80.1493606567,26235,26245,10
13.0249795914,80.1485366821,26245,26255,10
13.0242500305,80.1477432251,26255,26266,11
13.0234098434,80.1468887329,26266,26276,10
13.0229301453,80.1464233398,26276,26286,10
13.0228204727,80.1463394165,26286,26296,10
13.0224199295,80.145942688,26296,26306,10
13.0218696594,80.1453933716,26306,26316,10
13.021229744,80.1447525024,26316,26326,10
13.0206003189,80.1441192627,26326,26336,10
13.0201597214,80.1436309814,26336,26346,10
13.0198001862,80.1432418823,26346,26356,10
13.0192604065,80.1427001953,26356,26366,10
13.0191202164,80.1425704956,26366,26377,11
13.0188798904,80.1423187256,26377,26387,10
13.0183801651,80.1418380737,26387,26397,10
13.0178203583,80.141242981,26397,26407,10
13.0175104141,80.1407012939,26407,26417,10
13.0171098709,80.1398773193,26417,26427,10
13.0165901184,80.1388473511,26427,26437,10
13.0160799026,80.137802124,26437,26447,10
13.0157003403,80.1370620728,26447,26457,10
13.0153398514,80.1363830566,26457,26467,10
13.0150604248,80.1358413696,26467,26477,10
13.0146303177,80.1350784302,26477,26488,11
13.0140104294,80.1340789795,26488,26498,10
13.013420105,80.1332778931,26498,26508,10
13.0126304626,80.1329116821,26508,26518,10
13.0125198364,80.1323013306,26518,26528,10
13.0125102997,80.131942749,26528,26538,10
13.0125303268,80.1317977905,26538,26548,10
13.0124197006,80.1312789917,26548,26558,10
13.012140274,80.1306686401,26558,26568,10
13.0118598938,80.1299133301,26568,26578,10
13.0116701126,80.1290588379,26578,26588,10
13.0116100311,80.1285705566,26588,26599,11
13.0115203857,80.1277084351,26599,26609,10
13.011469841,80.1270523071,26609,26619,10
13.0114402771,80.1262893677,26619,26629,10
13.0114603043,80.125328064,26629,26639,10
13.0114402771,80.1246795654,26639,26649,10
13.0110797882,80.1239089966,26649,26659,10
13.0109596252,80.1237106323,26659,26669,10
13.0106601715,80.1233062744,26669,26679,10
13.0101203918,80.1229629517,26679,26689,10
13.0097703934,80.1224136353,26689,26700,11
13.0097303391,80.1215591431,26700,26710,10
13.0096998215,80.1212310791,26710,26720,10
13.0096902847,80.1209793091,26720,26730,10
13.0097398758,80.1206436157,26730,26740,10
13.0097799301,80.1203689575,26740,26750,10
13.0099401474,80.119972229,26750,26760,10
13.0099802017,80.1198120117,26760,26770,10
13.0101203918,80.1192169189,26770,26780,10
13.0102596283,80.1183700562,26780,26790,10
13.0106697083,80.1173782349,26790,26800,10
13.0109701157,80.1163330078,26800,26810,10
13.0110702515,80.1152114868,26810,26821,11
13.0110301971,80.1145019531,26821,26831,10
13.0105104446,80.1144714355,26831,26841,10
13.010310173,80.1144790649,26841,26851,10
13.0099000931,80.1144790649,26851,26861,10
13.0091495514,80.1145019531,26861,26871,10
13.0082998276,80.1141967773,26871,26881,10
13.0076599121,80.1133880615,26881,26891,10
13.0070400238,80.1124420166,26891,26901,10
13.0063800812,80.1115036011,26901,26911,10
13.0060396194,80.1105422974,26911,26921,10
13.0055198669,80.1098022461,26921,26931,10
13.0053796768,80.1089172363,26931,26942,11
13.0052900314,80.1076889038,26942,26952,10
13.00522995,80.1065063477,26952,26962,10
13.0050497055,80.1053771973,26962,26972,10
13.0047798157,80.1042404175,26972,26982,10
13.0046701431,80.1030731201,26982,26992,10
13.0044698715,80.1019134521,26992,27002,10
13.0040197372,80.100982666,27002,27012,10
13.0034704208,80.0995788574,27012,27032,20
13.0034704208,80.0995788574,27032,27043,11
13.0033502579,80.099281311,27043,27053,10
13.0030298233,80.0990066528,27053,27063,10
13.0024795532,80.0986633301,27063,27073,10
13.0018100739,80.0982971191,27073,27083,10
13.0011701584,80.0979995728,27083,27093,10
13.0004396439,80.0977706909,27093,27103,10
13.0001602173,80.0976104736,27103,27113,10
12.9998598099,80.0974273682,27113,27123,10
12.9992799759,80.0970687866,27123,27133,10
12.9985904694,80.0967330933,27133,27143,10
12.9981203079,80.0965576172,27143,27154,11
12.9975795746,80.0964813232,27154,27164,10
12.997130394,80.0963973999,27164,27174,10
12.9968204498,80.0960998535,27174,27204,30
12.9968204498,80.0960998535,27204,27214,10
12.9968299866,80.0960388184,27214,27224,10
12.996919632,80.0958328247,27224,27234,10
12.997130394,80.0958862305,27234,27244,10
12.9971199036,80.0961608887,27244,27546,302
12.9971199036,80.0961608887,27546,27556,10
12.9973802567,80.0964126587,27556,27566,10
12.9975500107,80.0964431763,27566,27576,10
12.9978599548,80.0964736938,27576,27586,10
12.9982099533,80.0965194702,27586,27597,11
12.9985599518,80.0966491699,27597,27607,10
12.9989995956,80.0968322754,27607,27617,10
12.9994401932,80.0970611572,27617,27627,10
12.9998397827,80.0973205566,27627,27637,10
13.0003595352,80.09765625,27637,27657,20
13.0003595352,80.09765625,27657,27667,10
13.0005102158,80.0977478027,27667,27677,10
13.0008201599,80.0978469849,27677,27687,10
13.0012598038,80.0979690552,27687,27698,11
13.0017499924,80.0982131958,27698,27708,10
13.0022201538,80.0984725952,27708,27718,10
13.002699852,80.0987625122,27718,27728,10
13.0031700134,80.0990829468,27728,27738,10
13.0036001205,80.099822998,27738,27758,20
13.0036001205,80.099822998,27758,27768,10
13.0036401749,80.0999603271,27768,27778,10
13.003780365,80.1003799438,27778,27788,10
13.0039997101,80.1008987427,27788,27798,10
13.0042896271,80.1014633179,27798,27809,11
13.0045795441,80.1020965576,27809,27819,10
13.0047101974,80.1027679443,27819,27829,10
13.0047197342,80.1034927368,27829,27838,9
13.0047998428,80.1041488647,27838,27848,10
13.0049600601,80.1048431396,27848,27859,11
13.0051202774,80.1054763794,27859,27869,10
13.0052099228,80.1060562134,27869,27879,10
13.0052900314,80.1067962646,27879,27889,10
13.0053300858,80.1076202393,27889,27899,10
13.0053901672,80.1084289551,27899,27909,10
13.0054597855,80.1094818115,27909,27930,21
13.0054597855,80.1094818115,27930,27940,10
13.0055103302,80.1097412109,27940,27950,10
13.0057697296,80.110168457,27950,27960,10
13.0061302185,80.1107025146,27960,27970,10
13.0063295364,80.1113433838,27970,27980,10
13.0065402985,80.1116790771,27980,28041,61
13.0065402985,80.1116790771,28041,28051,10
13.0065498352,80.1116790771,28051,28061,10
13.0067195892,80.1119613647,28061,28071,10
13.0070695877,80.1124572754,28071,28081,10
13.0075397491,80.1131134033,28081,28091,10
13.008099556,80.113899231,28091,28101,10
13.0088796616,80.1144790649,28101,28111,10
13.0099201202,80.1144790649,28111,28121,10
13.0106201172,80.1144638062,28121,28131,10
13.0106897354,80.1144638062,28131,28142,11
13.0108499527,80.1145019531,28142,28152,10
13.0111198425,80.114616394,28152,28162,10
13.0111303329,80.1151275635,28162,28172,10
13.011059761,80.1158828735,28172,28182,10
13.0109100342,80.1167831421,28182,28192,10
13.0105600357,80.1178131104,28192,28208,16
13.010140419,80.1193771362,28208,28221,13
13.0098104477,80.1205062866,28221,28231,10
13.0097999573,80.1205215454,28231,28241,10
13.0097503662,80.1206817627,28241,28251,10
13.0097198486,80.1210632324,28251,28262,11
13.0097303391,80.1214675903,28262,28272,10
13.0097703934,80.1220092773,28272,28282,10
13.0098400116,80.1227035522,28282,28292,10
13.0101995468,80.123008728,28292,28302,10
13.0107803345,80.1234436035,28302,28312,10
13.0111103058,80.123916626,28312,28322,10
13.0111198425,80.123916626,28322,28332,10
13.0111398697,80.1239624023,28332,28342,10
13.0113201141,80.1242828369,28342,28352,10
13.0115098953,80.1248779297,28352,28363,11
13.0114803314,80.1257629395,28363,28373,10
13.0114803314,80.126701355,28373,28383,10
13.0115203857,80.1271514893,28383,28393,10
13.0115203857,80.127281189,28393,28413,20
13.0115203857,80.127281189,28413,28423,10
13.0115404129,80.1274185181,28423,28433,10
13.0115804672,80.1279220581,28433,28443,10
13.0116596222,80.1286315918,28443,28453,10
13.0117397308,80.1294403076,28453,28463,10
13.0119695663,80.1302337646,28463,28474,11
13.0123195648,80.1310501099,28474,28484,10
13.0125598907,80.1318588257,28484,28504,20
13.0125598907,80.1318588257,28504,28514,10
13.0125598907,80.1319732666,28514,28524,10
13.0125598907,80.1323928833,28524,28534,10
13.0126495361,80.1328964233,28534,28544,10
13.013250351,80.1331634521,28544,28554,10
13.0136003494,80.1334686279,28554,28564,10
13.0140600204,80.1341400146,28564,28574,10
13.0144300461,80.1346893311,28574,28585,11
13.0147695541,80.135269165,28585,28595,10
13.0150604248,80.1357727051,28595,28605,10
13.0154304504,80.1364517212,28605,28615,10
13.0156602859,80.1368713379,28615,28625,10
13.0158195496,80.1371994019,28625,28635,10
13.0160999298,80.1377410889,28635,28645,10
13.0164299011,80.1384506226,28645,28655,10
13.0167999268,80.1391830444,28655,28665,10
13.0170297623,80.1396789551,28665,28675,10
13.0173597336,80.1403427124,28675,28685,10
13.0176801682,80.1409912109,28685,28696,11
13.0181903839,80.1416473389,28696,28706,10
13.0187501907,80.1421966553,28706,28716,10
13.0192699432,80.1427001953,28716,28726,10
13.0197496414,80.1431503296,28726,28736,10
13.0201196671,80.1435394287,28736,28746,10
13.0202198029,80.143661499,28746,28756,10
13.0206604004,80.1441192627,28756,28786,30
13.0206604004,80.1441192627,28786,28796,10
13.0207700729,80.1442337036,28796,28807,11
13.0210800171,80.1445388794,28807,28817,10
13.0215301514,80.1449966431,28817,28827,10
13.0219898224,80.1454315186,28827,28837,10
13.0224895477,80.1459274292,28837,28847,10
13.0228099823,80.146232605,28847,28857,10
13.0231895447,80.1466217041,28857,28867,10
13.0236797333,80.1471176147,28867,28877,10
13.0242300034,80.1476593018,28877,28887,10
13.0248403549,80.1483230591,28887,28897,10
13.0255403519,80.1490707397,28897,28907,10
13.0263595581,80.1498413086,28907,28918,11
13.0272397995,80.1505126953,28918,28928,10
13.0280199051,80.1511001587,28928,28938,10
13.0284996033,80.1514434814,28938,28948,10
13.0286598206,80.1515426636,28948,28958,10
13.0290203094,80.1517868042,28958,28968,10
13.029540062,80.152130127,28968,28978,10
13.0301799774,80.1525497437,28978,28988,10
13.0309200287,80.1530227661,28988,28998,10
13.0315599442,80.1534805298,28998,29008,10
13.0321798325,80.1538619995,29008,29018,10
13.0328302383,80.1544113159,29018,29029,11
13.0333995819,80.1549377441,29029,29119,90
13.0333995819,80.1549377441,29119,29130,11
13.0337095261,80.1552429199,29130,29140,10
13.034119606,80.1555175781,29140,29150,10
13.0345602036,80.1557922363,29150,29362,212
13.0345602036,80.1557922363,29362,29372,10
13.0346803665,80.1558990479,29372,29382,10
13.0347499847,80.1562271118,29382,29392,10
13.0344800949,80.1567230225,29392,29402,10
13.0343904495,80.1574401855,29402,29412,10
13.0344600677,80.158203125,29412,29422,10
13.0344696045,80.1590270996,29422,29432,10
13.0343999863,80.1598434448,29432,29442,10
13.0342197418,80.1601791382,29442,29452,10
13.0339803696,80.1606369019,29452,29462,10
13.0337200165,80.1611404419,29462,29473,11
13.0337095261,80.1611480713,29473,29483,10
13.0336399078,80.1612625122,29483,29493,10
13.0334100723,80.1616592407,29493,29503,10
13.0330696106,80.1622695923,29503,29513,10
13.0326795578,80.1629562378,29513,29523,10
13.0322504044,80.1637573242,29523,29533,10
13.0319595337,80.1642837524,29533,29543,10
13.031920433,80.1643371582,29543,29553,10
13.0317401886,80.164680481,29553,29563,10
13.0314598083,80.1651916504,29563,29573,10
13.031080246,80.1658401489,29573,29583,10
13.0306396484,80.1666030884,29583,29594,11
13.0300998688,80.1675567627,29594,29604,10
13.0296401978,80.1683883667,29604,29614,10
13.0293502808,80.1689376831,29614,29634,20
13.0293502808,80.1689376831,29634,29644,10
13.0291795731,80.1691894531,29644,29654,10
13.0289297104,80.1696395874,29654,29664,10
13.0285701752,80.1702804565,29664,29674,10
13.0281600952,80.1710510254,29674,29684,10
13.027680397,80.1719207764,29684,29695,11
13.0270996094,80.1729431152,29695,29711,16
13.026309967,80.174369812,29711,29723,12
13.0257797241,80.1753234863,29723,29731,8
13.0253896713,80.1760177612,29731,29742,11
13.0249500275,80.1768188477,29742,29773,31
13.0249500275,80.1768188477,29773,29783,10
13.0248699188,80.176902771,29783,29793,10
13.0246696472,80.1772537231,29793,29804,11
13.0243196487,80.1778793335,29804,29814,10
13.0239295959,80.1786117554,29814,29824,10
13.0237102509,80.1790237427,29824,29834,10
13.0236997604,80.1790390015,29834,29844,10
13.0235500336,80.1793289185,29844,29854,10
13.0232601166,80.1798324585,29854,29864,10
13.0228796005,80.180519104,29864,29874,10
13.0224199295,80.181312561,29874,29884,10
13.0219402313,80.1821365356,29884,29894,10
13.0215396881,80.1829376221,29894,29915,21
13.0215396881,80.1829376221,29915,29925,10
13.0214595795,80.1830978394,29925,29935,10
13.0212802887,80.183380127,29935,29945,10
13.0210695267,80.1837081909,29945,29955,10
13.0208902359,80.1840591431,29955,29985,30
13.0208902359,80.1840591431,29985,29995,10
13.0207901001,80.1842422485,29995,30005,10
13.0207195282,80.1844711304,30005,30015,10
13.0206003189,80.1848983765,30015,30026,11
13.0203695297,80.1855010986,30026,30036,10
13.0198001862,80.1859436035,30036,30046,10
13.0190601349,80.186378479,30046,30055,9
13.0184202194,80.1868209839,30055,30066,11
13.0181598663,80.1870574951,30066,30076,10
13.017950058,80.1873168945,30076,30086,10
13.0176696777,80.1878585815,30086,30096,10
13.0173301697,80.1884994507,30096,30106,10
13.016960144,80.1891479492,30106,30116,10
13.0165395737,80.1899490356,30116,30137,21
13.0165395737,80.1899490356,30137,30146,9
13.0165100098,80.1899795532,30146,30157,11
13.0163202286,80.1902999878,30157,30167,10
13.0160799026,80.1907577515,30167,30177,10
13.0157403946,80.1913375854,30177,30187,10
13.0153598785,80.1920318604,30187,30197,10
13.0149297714,80.192779541,30197,30207,10
13.0144300461,80.1935195923,30207,30217,10
13.0142602921,80.1937026978,30217,30227,10
13.0142202377,80.1937332153,30227,30237,10
13.0139799118,80.193901062,30237,30248,11
13.0134601593,80.1942367554,30248,30258,10
13.012840271,80.1946411133,30258,30268,10
13.012169838,80.19506073,30268,30278,10
13.011059761,80.1957778931,30278,30308,30
13.011059761,80.1957778931,30308,30318,10
13.0109996796,80.1958465576,30318,30328,10
13.010720253,80.1959762573,30328,30338,10
13.0103502274,80.1960067749,30338,30348,10
13.0098800659,80.1959686279,30348,30359,11
13.0094003677,80.1960220337,30359,30369,10
13.0090799332,80.1961364746,30369,30379,10
13.0087099075,80.1962890625,30379,30389,10
13.0085802078,80.1968231201,30389,30399,10
13.0086097717,80.1977233887,30399,30429,30
13.0086097717,80.1977233887,30429,30439,10
13.0086402893,80.1979827881,30439,30449,10
13.008649826,80.1985168457,30449,30459,10
13.008649826,80.1993026733,30459,30470,11
13.0086803436,80.2002716064,30470,30480,10
13.0086698532,80.2010726929,30480,30490,10
13.0086097717,80.2016677856,30490,30500,10
13.0086202621,80.2022171021,30500,30510,10
13.0086202621,80.202331543,30510,30520,10
13.0086202621,80.2024002075,30520,30530,10
13.0085000992,80.2028121948,30530,30540,10
13.0081396103,80.2033691406,30540,30550,10
13.007809639,80.2039718628,30550,30560,10
13.0077896118,80.2047271729,30560,30571,11
13.0077695847,80.2058181763,30571,30582,11
13.007900238,80.2067871094,30582,30592,10
13.0079803467,80.2075576782,30592,30602,10
13.0080795288,80.2083587646,30602,30612,10
13.0082197189,80.2091903687,30612,30622,10
13.0084896088,80.2100982666,30622,30632,10
13.0089797974,80.2106323242,30632,30642,10
13.0093297958,80.2109222412,30642,30683,41
13.0093297958,80.2109222412,30683,30693,10
13.0093898773,80.2111434937,30693,30703,10
13.0092802048,80.211227417,30703,30713,10
13.0090703964,80.2115402222,30713,30723,10
13.009180069,80.2120819092,30723,30733,10
13.0094003677,80.212677002,30733,30743,10
13.009519577,80.2130279541,30743,30753,10
13.0095996857,80.2132263184,30753,30763,10
13.0096597672,80.2133865356,30763,30773,10
13.0097999573,80.2137374878,30773,30783,10
13.0099601746,80.2141189575,30783,30793,10
13.0101203918,80.2144927979,30793,30804,11
13.0101995468,80.2148895264,30804,30814,10
13.0102500916,80.2152862549,30814,30824,10
13.010310173,80.2156906128,30824,30834,10
13.0105600357,80.2162628174,30834,30844,10
13.0109195709,80.2170410156,30844,30854,10
13.0113096237,80.2178878784,30854,30864,10
13.0116596222,80.2188415527,30864,30874,10
13.0119800568,80.2198410034,30874,30884,10
13.0122404099,80.2205810547,30884,30894,10
13.0122404099,80.2205963135,30894,30904,10
13.0123500824,80.220916748,30904,30915,11
13.0125799179,80.2214736938,30915,30925,10
13.0128002167,80.2218704224,30925,30935,10
13.0131797791,80.2222976685,30935,30945,10
13.0135803223,80.2227935791,30945,30955,10
13.0140199661,80.2233505249,30955,30965,10
13.014380455,80.2237625122,30965,30975,10
13.014840126,80.224319458,30975,30985,10
13.0154399872,80.2248764038,30985,30995,10
13.0155200958,80.2249679565,30995,31005,10
13.0156097412,80.2250289917,31005,31015,10
13.0159702301,80.2252807617,31015,31026,11
13.0165596008,80.2252883911,31026,31036,10
13.0172395706,80.2250366211,31036,31046,10
13.0180301666,80.2247314453,31046,31056,10
13.0187501907,80.2244262695,31056,31066,10
13.019370079,80.2242965698,31066,31076,10
13.0194196701,80.2243118286,31076,31086,10
13.0195703506,80.2243804932,31086,31096,10
13.0198202133,80.2245407104,31096,31106,10
13.0202999115,80.224899292,31106,31116,10
13.0209302902,80.2253494263,31116,31126,10
13.0215597153,80.2258300781,31126,31137,11
13.0218801498,80.2260894775,31137,31147,10
13.0222997665,80.2264099121,31147,31157,10
13.0229301453,80.2269515991,31157,31167,10
13.0235700607,80.2275772095,31167,31177,10
13.0241603851,80.2281570435,31177,31187,10
13.0245599747,80.2286987305,31187,31197,10
13.0249004364,80.2291564941,31197,31207,10
13.0253000259,80.2296676636,31207,31217,10
13.0258703232,80.2305908203,31217,31237,20
13.0258703232,80.2305908203,31237,31248,11
13.0259399414,80.2308197021,31248,31258,10
13.0260095596,80.2311325073,31258,31274,16
13.0263900757,80.2312393188,31274,31286,12
13.0273504257,80.2310180664,31286,31296,10
13.0282297134,80.2309494019,31296,31306,10
13.0285596848,80.2309188843,31306,31316,10
13.0291004181,80.2308425903,31316,31324,8
13.0294599533,80.230796814,31324,31336,12
13.0300102234,80.230758667,31336,31346,10
13.0303897858,80.23072052,31346,31356,10
13.0306596756,80.2306289673,31356,31367,11
13.0306301117,80.2303009033,31367,31377,10
13.0304498672,80.2296981812,31377,31387,10
13.03028965,80.2291793823,31387,31396,9
13.0303401947,80.2286224365,31396,31408,12
13.030380249,80.2283096313,31408,31417,9
13.0304203033,80.2279586792,31417,31427,10
13.0304403305,80.2275619507,31427,31439,12
13.0298500061,80.2273864746,31439,31449,10
13.0291204453,80.2272796631,31449,31459,10
13.0287303925,80.2272109985,31459,31470,11
13.0284996033,80.2271499634,31470,31480,10
13.0281095505,80.2270736694,31480,31490,10
13.0279302597,80.2267990112,31490,31500,10
13.0280199051,80.2262496948,31500,31510,10
13.0281801224,80.2255172729,31510,31520,10
13.0283498764,80.2246932983,31520,31530,10
13.028719902,80.2239685059,31530,31560,30
13.028719902,80.2239685059,31560,31570,10
13.0288801193,80.2240219116,31570,31581,11
13.0291004181,80.2242202759,31581,31591,10
13.0295600891,80.2242584229,31591,31601,10
13.0301303864,80.224281311,31601,31611,10
13.0306901932,80.2242965698,31611,31621,10
13.0310697556,80.2242584229,31621,31631,10
13.0311203003,80.2238998413,31631,31641,10
13.0311403275,80.223449707,31641,31651,10
13.0311403275,80.2234268188,31651,31661,10
13.0311603546,80.2232513428,31661,31671,10
13.0312700272,80.2227783203,31671,31681,10
13.0315504074,80.2222900391,31681,31692,11
13.0317401886,80.2218780518,31692,31702,10
13.0319595337,80.2213592529,31702,31712,10
13.032119751,80.220703125,31712,31722,10
13.0321302414,80.2200775146,31722,31742,20
13.0321302414,80.2200775146,31742,31752,10
13.0319299698,80.2201004028,31752,31762,10
13.0318403244,80.2201309204,31762,31772,10
13.0314397812,80.220199585,31772,31782,10
13.0309000015,80.2202224731,31782,31798,16
13.0299596786,80.2201538086,31798,31811,13
13.0291700363,80.2200088501,31811,31821,10
13.0288801193,80.2199630737,31821,31829,8
13.0287504196,80.2199020386,31829,31840,11
13.0284500122,80.2198410034,31840,31852,12
13.0281801224,80.2198028564,31852,31862,10
13.027680397,80.2197570801,31862,31872,10
13.0273599625,80.2197494507,31872,31881,9
13.0272102356,80.2197570801,31881,31892,11
13.0266304016,80.2197418213,31892,31902,10
13.0258798599,80.2197418213,31902,31914,12
13.0252399445,80.2197265625,31914,31924,10
13.0251998901,80.2197418213,31924,31934,10
13.0250196457,80.2197570801,31934,31944,10
13.0246601105,80.2197723389,31944,31954,10
13.0243501663,80.2197418213,31954,31964,10
13.0242795944,80.2196426392,31964,31974,10
13.0242795944,80.2193832397,31974,31984,10
13.0242700577,80.2189788818,31984,31994,10
13.0242595673,80.2185897827,31994,32004,10
13.0242395401,80.2182388306,32004,32014,10
13.0242700577,80.2173919678,32014,32045,31
13.0242700577,80.2173919678,32045,32055,10
13.0242900848,80.2171020508,32055,32065,10
13.0242500305,80.2167816162,32065,32680,615
13.0242500305,80.2167816162,32680,32690,10
13.0246200562,80.2167129517,32690,32701,11
13.0246601105,80.2169570923,32701,32711,10
13.0247097015,80.2174072266,32711,32721,10
13.0247497559,80.2177200317,32721,32731,10
13.0247602463,80.2179107666,32731,32741,10
13.0248003006,80.2182769775,32741,32751,10
13.0248298645,80.2186889648,32751,32761,10
13.0248804092,80.2191772461,32761,32771,10
13.0249004364,80.2194824219,32771,32781,10
13.0249099731,80.219619751,32781,32791,10
13.0250196457,80.2197723389,32791,32801,10
13.0252199173,80.2197494507,32801,32812,11
13.0257101059,80.2197113037,32812,32822,10
13.0263299942,80.2197036743,32822,32832,10
13.0267801285,80.2197113037,32832,32842,10
13.027179718,80.2197189331,32842,32852,10
13.027469635,80.2197418213,32852,32862,10
13.0276098251,80.2197418213,32862,32872,10
13.0277204514,80.2197570801,32872,32882,10
13.028169632,80.2198028564,32882,32892,10
13.0287599564,80.2198791504,32892,32902,10
13.0288801193,80.2198867798,32902,32912,10
13.0292100906,80.2199783325,32912,32923,11
13.0297002792,80.220123291,32923,32933,10
13.0300703049,80.220199585,32933,32953,20
13.0300703049,80.220199585,32953,32963,10
13.0304698944,80.2202301025,32963,32973,10
13.0308799744,80.2202377319,32973,32983,10
13.0312700272,80.2202529907,32983,32993,10
13.0315704346,80.2202072144,32993,33003,10
13.0320100784,80.2200775146,33003,33013,10
13.0322904587,80.2202529907,33013,33034,21
13.0322904587,80.2202529907,33034,33044,10
13.0322904587,80.2204818726,33044,33054,10
13.0321302414,80.2210388184,33054,33064,10
13.0319499969,80.2216415405,33064,33074,10
13.0317001343,80.22215271,33074,33084,10
13.0314397812,80.2226333618,33084,33094,10
13.0312795639,80.2232284546,33094,33104,10
13.03125,80.2237167358,33104,33114,10
13.03125,80.2238769531,33114,33124,10
13.0312299728,80.2240982056,33124,33134,10
13.0311098099,80.2243728638,33134,33145,11
13.0305500031,80.224319458,33145,33155,10
13.0299701691,80.2242965698,33155,33165,10
13.0291996002,80.224319458,33165,33175,10
13.0291004181,80.2242584229,33175,33185,10
13.0289201736,80.2241210938,33185,33195,10
13.0286102295,80.2240829468,33195,33205,10
13.0284404755,80.2246704102,33205,33215,10
13.0282497406,80.2255325317,33215,33225,10
13.0280704498,80.226348877,33225,33235,10
13.0279903412,80.226852417,33235,33245,10
13.0281000137,80.2270584106,33245,33256,11
13.0284996033,80.2271575928,33256,33266,10
13.0286998749,80.227180481,33266,33276,10
13.0291204453,80.2272567749,33276,33286,10
13.029800415,80.2273788452,33286,33296,10
13.0304002762,80.2275085449,33296,33306,10
13.0304203033,80.2282104492,33306,33326,20
13.0304203033,80.2282104492,33326,33336,10
13.0303897858,80.2284622192,33336,33346,10
13.0303401947,80.2290420532,33346,33356,10
13.0305299759,80.2297286987,33356,33366,10
13.0307197571,80.2304229736,33366,33377,11
13.0307397842,80.2305908203,33377,33387,10
13.0307502747,80.2306594849,33387,33397,10
13.0305404663,80.2307815552,33397,33407,10
13.0299901962,80.2308120728,33407,33417,10
13.0298500061,80.2308425903,33417,33427,10
13.0297603607,80.2308578491,33427,33437,10
13.0293502808,80.2308883667,33437,33447,10
13.0287704468,80.2309112549,33447,33457,10
13.0281200409,80.23097229,33457,33466,9
13.0278396606,80.2309799194,33466,33478,12
13.0276899338,80.2312393188,33478,33488,10
13.0277500153,80.2318496704,33488,33498,10
13.027879715,80.2325668335,33498,33508,10
13.0275802612,80.2328186035,33508,33518,10
13.0270595551,80.2329177856,33518,33669,151
13.0270595551,80.2329177856,33669,33679,10
13.0268497467,80.2329711914,33679,33689,10
13.0266199112,80.2329788208,33689,33700,11
13.0263004303,80.2326126099,33700,33710,10
13.0261297226,80.2320098877,33710,33720,10
13.0260000229,80.2314300537,33720,33730,10
13.0257997513,80.2306976318,33730,33740,10
13.0253295898,80.2298965454,33740,33749,9
13.0250101089,80.2294998169,33749,33780,31
13.0250101089,80.2294998169,33780,33790,10
13.0248203278,80.2292861938,33790,33800,10
13.0247802734,80.2292404175,33800,33811,11
13.0246696472,80.2291030884,33811,33821,10
13.0245199203,80.2288970947,33821,33831,10
13.0243997574,80.2287597656,33831,33841,10
13.024189949,80.2284393311,33841,33851,10
13.0237903595,80.2279510498,33851,33861,10
13.0231800079,80.2273635864,33861,33871,10
13.0224504471,80.2267074585,33871,33891,20
13.0224504471,80.2267074585,33891,33901,10
13.0223503113,80.2266235352,33901,33911,10
13.0219402313,80.2262573242,33911,33922,11
13.0212602615,80.2257003784,33922,33931,9
13.0205802917,80.2252120972,33931,33942,11
13.0196895599,80.2246627808,33942,33952,10
13.0187397003,80.2245407104,33952,33962,10
13.0177402496,80.224937439,33962,33972,10
13.0169401169,80.2252807617,33972,33982,10
13.0165700912,80.225440979,33982,33992,10
13.0162696838,80.2255630493,33992,34002,10
13.0157499313,80.2257080078,34002,34012,10
13.0150403976,80.2259902954,34012,34022,10
13.0143098831,80.2262802124,34022,34043,21
13.0143098831,80.2262802124,34043,34059,16
13.0137996674,80.2264404297,34059,34071,12
13.0129804611,80.2267532349,34071,34081,10
13.0122699738,80.2269973755,34081,34091,10
13.0111398697,80.2274627686,34091,34100,9
13.0100898743,80.2278823853,34100,34111,11
13.0095100403,80.2275619507,34111,34121,10
13.0098104477,80.2268981934,34121,34131,10
13.0101900101,80.2260513306,34131,34141,10
13.0106401443,80.2250366211,34141,34152,11
13.0110797882,80.2239227295,34152,34162,10
13.0114898682,80.22290802,34162,34172,10
13.0118398666,80.2219314575,34172,34182,10
13.0120401382,80.2213973999,34182,34193,11
13.0121603012,80.2211380005,34193,34205,12
13.0120601654,80.2205581665,34205,34215,10
13.0118703842,80.2198181152,34215,34225,10
13.0115804672,80.2190170288,34225,34235,10
13.0113096237,80.2182235718,34235,34245,10
13.011059761,80.2176818848,34245,34255,10
13.0109395981,80.2173919678,34255,34266,11
13.0108299255,80.2171401978,34266,34276,10
13.0108003616,80.217010498,34276,34286,10
13.0107002258,80.2167892456,34286,34296,10
13.0104999542,80.2163925171,34296,34306,10
13.0101900101,80.2159194946,34306,34316,10
13.0097703934,80.2150878906,34316,34326,10
13.0093898773,80.2145614624,34326,34336,10
13.0087099075,80.2136611938,34336,34378,42
13.0087099075,80.2136611938,34378,34388,10
13.0085496902,80.2135009766,34388,34398,10
13.0082302094,80.2133178711,34398,34428,30
13.0082302094,80.2133178711,34428,34438,10
13.0079402924,80.2131500244,34438,34458,20
13.0079402924,80.2131500244,34458,34468,10
13.0077896118,80.2129898071,34468,34479,11
13.0073900223,80.2127990723,34479,34489,10
13.0068998337,80.2127380371,34489,34499,10
13.0062503815,80.2128295898,34499,34509,10
13.0056400299,80.2128829956,34509,34518,9
13.0051002502,80.212562561,34518,34529,11
13.00440979,80.2121963501,34529,34539,10
13.003780365,80.2119598389,34539,34549,10
13.0037403107,80.2114715576,34549,34559,10
13.0036897659,80.2107696533,34559,34569,10
13.0035896301,80.2100524902,34569,34579,10
13.0036001205,80.209312439,34579,34589,10
13.0038499832,80.2086181641,34589,34600,11
13.0046796799,80.2089004517,34600,34610,10
13.0054101944,80.2092208862,34610,34620,10
13.0060997009,80.2094802856,34620,34630,10
13.0065803528,80.2096328735,34630,34640,10
13.0072698593,80.2097930908,34640,34660,20
13.0072698593,80.2097930908,34660,34670,10
13.0073795319,80.2098312378,34670,34680,10
13.0077600479,80.2099227905,34680,34690,10
13.0081701279,80.2099304199,34690,34700,10
13.0081195831,80.2095108032,34700,34711,11
13.0080003738,80.2088012695,34711,34721,10
13.007900238,80.2080307007,34721,34731,10
13.0077896118,80.2071990967,34731,34741,10
13.0076799393,80.2065505981,34741,34751,10
13.0075798035,80.2056121826,34751,34761,10
13.0075597763,80.2049407959,34761,34771,10
13.0075597763,80.2043075562,34771,34781,10
13.0074996948,80.2036209106,34781,34791,10
13.007349968,80.2027435303,34791,34801,10
13.0073699951,80.2014694214,34801,34832,31
13.0073699951,80.2014694214,34832,34842,10
13.0074300766,80.2014083862,34842,34852,10
13.0074701309,80.2010421753,34852,34862,10
13.0074901581,80.2004776001,34862,34872,10
13.0074701309,80.1997680664,34872,34882,10
13.007399559,80.1990127563,34882,34892,10
13.007349968,80.1981964111,34892,34902,10
13.0073204041,80.1973266602,34902,34912,10
13.0073204041,80.1967926025,34912,34929,17
13.007349968,80.1965408325,34929,34941,12
13.0075502396,80.1961288452,34941,34951,10
13.0080404282,80.1962203979,34951,34960,9
13.0086097717,80.1962814331,34960,34971,11
13.0088701248,80.1961517334,34971,34980,9
13.0093097687,80.1959609985,34980,34990,10
13.0099401474,80.1958694458,34990,35001,11
13.0111503601,80.1954803467,35001,35021,20
13.0111503601,80.1954803467,35021,35031,10
13.0114402771,80.1953125,35031,35042,11
13.0121002197,80.1949081421,35042,35052,10
13.0129003525,80.1944198608,35052,35062,10
13.0138101578,80.193862915,35062,35072,10
13.0143995285,80.1932907104,35072,35082,10
13.0147600174,80.1927337646,35082,35092,10
13.0148000717,80.1926727295,35092,35102,10
13.0149497986,80.1924514771,35102,35112,10
13.0152196884,80.1919631958,35112,35122,10
13.0156002045,80.1912765503,35122,35132,10
13.0160799026,80.1904602051,35132,35142,10
13.0165901184,80.1895370483,35142,35153,11
13.0168304443,80.1890411377,35153,35163,10
13.0168504715,80.1890182495,35163,35173,10
13.0170297623,80.1886901855,35173,35183,10
13.0173597336,80.188079834,35183,35193,10
13.0178003311,80.1873016357,35193,35203,10
13.0183401108,80.1866989136,35203,35213,10
13.0190296173,80.1862716675,35213,35223,10
13.0198297501,80.185798645,35223,35233,10
13.0203800201,80.1852722168,35233,35243,10
13.0206203461,80.184387207,35243,35264,21
13.0206203461,80.184387207,35264,35274,10
13.0206604004,80.1843109131,35274,35284,10
13.0208301544,80.183921814,35284,35294,10
13.0210504532,80.1834564209,35294,35304,10
13.0213403702,80.1829986572,35304,35314,10
13.0217199326,80.1823577881,35314,35324,10
13.0220804214,80.1817169189,35324,35334,10
13.0224704742,80.1810302734,35334,35344,10
13.0229196548,80.180229187,35344,35354,10
13.0233602524,80.1794128418,35354,35364,10
13.0239400864,80.1782913208,35364,35395,31
13.0239400864,80.1782913208,35395,35405,10
13.0240697861,80.1781082153,35405,35415,10
13.0242996216,80.1777191162,35415,35425,10
13.0246496201,80.1771316528,35425,35435,10
13.024939537,80.1765823364,35435,35445,10
13.0252599716,80.1759567261,35445,35455,10
13.0254001617,80.1756820679,35455,35465,10
13.0255098343,80.1755523682,35465,35475,10
13.0257797241,80.1750869751,35475,35486,11
13.0261497498,80.1743927002,35486,35496,10
13.0265598297,80.1736907959,35496,35506,10
13.0270299911,80.1728210449,35506,35516,10
13.0275802612,80.1718215942,35516,35526,10
13.0281200409,80.1708526611,35526,35536,10
13.028429985,80.1702880859,35536,35546,10
13.0286998749,80.1698226929,35546,35556,10
13.0290203094,80.1691665649,35556,35566,10
13.0290403366,80.1691207886,35566,35576,10
13.0291996002,80.1688308716,35576,35617,41
13.0291996002,80.1688308716,35617,35627,10
13.0293197632,80.1686706543,35627,35637,10
13.0295801163,80.16822052,35637,35647,10
13.0299501419,80.1675720215,35647,35657,10
13.0304002762,80.1667633057,35657,35667,10
13.0309400558,80.1658096313,35667,35677,10
13.0314903259,80.1648330688,35677,35687,10
13.0319404602,80.1639709473,35687,35697,10
13.0322599411,80.1633834839,35697,35708,11
13.0322704315,80.1633682251,35708,35718,10
13.0323400497,80.1632766724,35718,35728,10
13.0325899124,80.1628570557,35728,35738,10
13.0329399109,80.1622085571,35738,35748,10
13.0333595276,80.1614608765,35748,35758,10
13.0336704254,80.1608810425,35758,35768,10
13.0337200165,80.1607971191,35768,35778,10
13.0339002609,80.1605377197,35778,35788,10
13.0341501236,80.1600494385,35788,35798,10
13.0343904495,80.1594924927,35798,35808,10
13.0344104767,80.1586914063,35808,35818,10
13.0343704224,80.157699585,35818,35829,11
13.034330368,80.1567001343,35829,35839,10
13.0343799591,80.1564865112,35839,35849,10
13.0344896317,80.1562423706,35849,35859,10
13.0345697403,80.1557998657,35859,35869,10
13.0340499878,80.1554718018,35869,35968,99
13.0340499878,80.1554718018,35968,35978,10
13.0337896347,80.1552581787,35978,35987,9
13.0335102081,80.1550369263,35987,35998,11
13.0329504013,80.154548645,35998,36008,10
13.0324697495,80.1540985107,36008,36018,10
13.0319795609,80.1537399292,36018,36028,10
13.031419754,80.1534118652,36028,36038,10
13.03083992,80.1530380249,36038,36049,11
13.0307102203,80.1529388428,36049,36059,10
13.0303497314,80.1527099609,36059,36069,10
13.0297803879,80.1523513794,36069,36079,10
13.0291500092,80.1519393921,36079,36089,10
13.0285997391,80.1515731812,36089,36099,10
13.0283002853,80.1513519287,36099,36109,10
13.0281400681,80.1512527466,36109,36119,10
13.0280399323,80.1511383057,36119,36129,10
13.0276403427,80.1508483887,36129,36139,10
13.0270204544,80.150390625,36139,36149,10
13.0262699127,80.1498184204,36149,36160,11
13.0254402161,80.1490402222,36160,36170,10
13.0247602463,80.1482772827,36170,36179,9
13.0242099762,80.1476821899,36179,36190,11
13.0237998962,80.1472625732,36190,36200,10
13.0233001709,80.1467666626,36200,36210,10
13.0230398178,80.146522522,36210,36220,10
13.0229997635,80.1464691162,36220,36230,10
13.0227804184,80.1462631226,36230,36240,10
13.0225400925,80.1460189819,36240,36250,10
13.0221996307,80.1456832886,36250,36260,10
13.0218000412,80.1452865601,36260,36271,11
13.0212202072,80.1447296143,36271,36281,10
13.0206604004,80.1441726685,36281,36291,10
13.0203895569,80.1438369751,36291,36311,20
13.0203895569,80.1438369751,36311,36321,10
13.0200500488,80.1434707642,36321,36331,10
13.0197000504,80.1430892944,36331,36341,10
13.0191402435,80.1425704956,36341,36361,20
13.0191402435,80.1425704956,36361,36371,10
13.0188398361,80.1423110962,36371,36382,11
13.0183200836,80.1417999268,36382,36392,10
13.0178203583,80.1412582397,36392,36402,10
13.0174198151,80.1405334473,36402,36412,10
13.0169696808,80.1395568848,36412,36422,10
13.0164804459,80.1385726929,36422,36432,10
13.0160398483,80.1376266479,36432,36442,10
13.0155801773,80.1367492676,36442,36452,10
13.01541996,80.13646698,36452,36462,10
13.0153999329,80.1364212036,36462,36472,10
13.0151996613,80.1360321045,36472,36482,10
13.0148801804,80.1354522705,36482,36493,11
13.0145902634,80.1349411011,36493,36503,10
13.0141897202,80.1343078613,36503,36513,10
13.0136899948,80.1335601807,36513,36523,10
13.0131196976,80.1330490112,36523,36533,10
13.0126199722,80.1328201294,36533,36543,10
13.0125303268,80.1324081421,36543,36553,10
13.0125198364,80.1319580078,36553,36563,10
13.012550354,80.1318588257,36563,36573,10
13.0124998093,80.1314697266,36573,36583,10
13.0123195648,80.1309661865,36583,36593,10
13.0119895935,80.1302490234,36593,36604,11
13.0117397308,80.1293869019,36604,36614,10
13.0116500854,80.128692627,36614,36624,10
13.0115299225,80.1278076172,36624,36634,10
13.0114402771,80.1271362305,36634,36644,10
13.0114097595,80.1264419556,36644,36654,10
13.0114202499,80.1255111694,36654,36664,10
13.0114202499,80.1247024536,36664,36674,10
13.0112104416,80.124130249,36674,36684,10
13.0110197067,80.1238021851,36684,36694,10
13.010840416,80.1235122681,36694,36704,10
13.0103502274,80.1230621338,36704,36715,11
13.0097999573,80.1225204468,36715,36725,10
13.0097198486,80.121673584,36725,36735,10
13.0096797943,80.1211471558,36735,36745,10
13.0096998215,80.1207809448,36745,36755,10
13.0098695755,80.1201095581,36755,36765,10
13.0099201202,80.1199569702,36765,36775,10
13.010020256,80.119720459,36775,36785,10
13.010140419,80.1190872192,36785,36795,10
13.010310173,80.1182403564,36795,36805,10
13.0107402802,80.1172332764,36805,36815,10
13.0109701157,80.1162719727,36815,36825,10
13.0110902786,80.1153106689,36825,36836,11
13.0110797882,80.1144866943,36836,36846,10
13.0105600357,80.114440918,36846,36856,10
13.0103397369,80.114440918,36856,36866,10
13.0100803375,80.114440918,36866,36876,10
13.0094404221,80.1144638062,36876,36886,10
13.0086202621,80.1143798828,36886,36896,10
13.0079898834,80.1137771606,36896,36906,10
13.0075101852,80.1131286621,36906,36916,10
13.0074100494,80.1129837036,36916,36932,16
13.0070495605,80.1124725342,36932,36945,13
13.0064601898,80.111618042,36945,36955,10
13.0061798096,80.1109008789,36955,36965,10
13.0057201385,80.1100769043,36965,36975,10
13.0054197311,80.1093597412,36975,36985,10
13.0054101944,80.1092910767,36985,36995,10
13.005399704,80.1089782715,36995,37005,10
13.0053501129,80.1083679199,37005,37014,9
13.0052995682,80.1076202393,37014,37025,11
13.0052204132,80.1064910889,37025,37035,10
13.0050802231,80.1054229736,37035,37045,10
13.00481987,80.1044235229,37045,37056,11
13.0046596527,80.1032180786,37056,37066,10
13.0045795441,80.1022720337,37066,37076,10
13.0041904449,80.1012496948,37076,37086,10
13.0038003922,80.100440979,37086,37096,10
13.0035400391,80.0997161865,37096,37106,10
13.0034799576,80.0995330811,37106,37116,10
13.0034799576,80.0995101929,37116,37126,10
13.0033102036,80.0992126465,37126,37136,10
13.0029096603,80.0989074707,37136,37146,10
13.0022602081,80.0985031128,37146,37156,10
13.0015802383,80.0981292725,37156,37167,11
13.0009803772,80.0978927612,37167,37177,10
13.0004796982,80.0977401733,37177,37187,10
13.0002002716,80.0976028442,37187,37197,10
13.0000200272,80.0974884033,37197,37207,10
12.9995603561,80.0971984863,37207,37217,10
12.9990901947,80.0969161987,37217,37233,16
12.9987401962,80.0967483521,37233,37245,12
12.9985303879,80.0966491699,37245,37253,8
12.998339653,80.0965881348,37253,37265,12
12.9979896545,80.0964813232,37265,37275,10
12.9975299835,80.0964279175,37275,37286,11
12.996919632,80.0962371826,37286,37316,30
12.996919632,80.0962371826,37316,37326,10
12.9968395233,80.0961532593,37326,37336,10
12.9970598221,80.0958023071,37336,37366,30
12.9970598221,80.0958023071,37366,37376,10
12.9971599579,80.0958480835,37376,37588,212
12.9971599579,80.0958480835,37588,37598,10
12.9971103668,80.0962371826,37598,37608,10
12.9972496033,80.0963363647,37608,37619,11
12.9974899292,80.0963821411,37619,37629,10
12.9979496002,80.0964584351,37629,37639,10
12.9983100891,80.0965499878,37639,37649,10
12.9986495972,80.0966796875,37649,37659,10
12.999250412,80.0969619751,37659,37669,10
12.9999399185,80.0973892212,37669,37679,10
13.0003900528,80.0976486206,37679,37689,10
13.0007896423,80.0978088379,37689,37699,10
13.0007896423,80.0978088379,37699,37709,10
13.0014696121,80.0980377197,37709,37720,11
13.0023803711,80.0985336304,37720,37730,10
13.0031700134,80.099029541,37730,37740,10
13.0034799576,80.099357605,37740,37750,10
13.0035600662,80.0995864868,37750,37760,10
13.0036201477,80.099822998,37760,37772,12
13.0038003922,80.1003417969,37772,37782,10
13.0040597916,80.1009597778,37782,37792,10
13.0044698715,80.1017913818,37792,37802,10
13.004699707,80.1027526855,37802,37812,10
13.0047702789,80.1040420532,37812,37822,10
13.0050401688,80.1051330566,37822,37833,11
13.0052404404,80.1062164307,37833,37843,10
13.0053195953,80.1073226929,37843,37853,10
13.0053796768,80.1084594727,37853,37863,10
13.0054397583,80.109336853,37863,37873,10
13.0055999756,80.1099014282,37873,37883,10
13.0060796738,80.1105575562,37883,37893,10
13.0063896179,80.1114501953,37893,37903,10
13.0067901611,80.1120834351,37903,37913,10
13.0074596405,80.1130371094,37913,37923,10
13.0079898834,80.1137466431,37923,37933,10
13.0083398819,80.1141586304,37933,37943,10
13.0089502335,80.1144714355,37943,37954,11
13.0098800659,80.1144714355,37954,37964,10
13.0104198456,80.114440918,37964,37974,10
13.0106201172,80.114440918,37974,37984,10
13.0108003616,80.1144180298,37984,37994,10
13.0110902786,80.1145324707,37994,38004,10
13.0111503601,80.1148834229,38004,38014,10
13.0110797882,80.1155395508,38014,38024,10
13.0109701157,80.1164398193,38024,38034,10
13.0106697083,80.1175003052,38034,38044,10
13.0102300644,80.118560791,38044,38054,10
13.0098104477,80.1203918457,38054,38075,21
13.0098104477,80.1203918457,38075,38084,9
13.0097198486,80.1206970215,38084,38095,11
13.0096998215,80.1211395264,38095,38105,10
13.0097303391,80.1216506958,38105,38115,10
13.0097703934,80.1223602295,38115,38125,10
13.0101604462,80.1229629517,38125,38135,10
13.0108499527,80.1234970093,38135,38145,10
13.0113697052,80.1243972778,38145,38155,10
13.0114803314,80.1253204346,38155,38165,10
13.0114498138,80.1259536743,38165,38176,11
13.0114803314,80.1268310547,38176,38186,10
13.0115499496,80.1276321411,38186,38196,10
13.011639595,80.1285324097,38196,38206,10
13.0117397308,80.1293411255,38206,38216,10
13.0119199753,80.1300735474,38216,38226,10
13.0122203827,80.1307907104,38226,38236,10
13.0124902725,80.1314315796,38236,38246,10
13.0125398636,80.1316604614,38246,38256,10
13.0125398636,80.1318206787,38256,38266,10
13.0125398636,80.1323165894,38266,38276,10
13.012550354,80.13256073,38276,38287,11
13.0127801895,80.1329574585,38287,38297,10
13.0133895874,80.1332321167,38297,38307,10
13.0138998032,80.1338806152,38307,38317,10
13.0143604279,80.1345596313,38317,38327,10
13.014749527,80.1352005005,38327,38337,10
13.014960289,80.1355819702,38337,38347,10
13.0152997971,80.1361618042,38347,38357,10
13.0155296326,80.1366271973,38357,38377,20
13.0155296326,80.1366271973,38377,38387,10
13.0156402588,80.1368408203,38387,38398,11
13.0159597397,80.1374511719,38398,38408,10
13.0163202286,80.138168335,38408,38418,10
13.0166501999,80.1388168335,38418,38428,10
13.0170001984,80.1395797729,38428,38438,10
13.0173597336,80.1403198242,38438,38448,10
13.0177698135,80.1411437988,38448,38458,10
13.0183000565,80.1417236328,38458,38468,10
13.018819809,80.1422195435,38468,38478,10
13.0192499161,80.1426315308,38478,38487,9
13.0195999146,80.1429672241,38487,38497,10
13.0198097229,80.143157959,38497,38509,12
13.0201597214,80.1435470581,38509,38519,10
13.0203399658,80.1437606812,38519,38529,10
13.020409584,80.1438217163,38529,38539,10
13.0204896927,80.1438980103,38539,38549,10
13.0205402374,80.1439819336,38549,38559,10
13.0207700729,80.144241333,38559,38569,10
13.0212202072,80.1446762085,38569,38579,10
13.0220003128,80.1454315186,38579,38599,20
13.0220003128,80.1454315186,38599,38609,10
13.0221595764,80.1455764771,38609,38620,11
13.022480011,80.1458969116,38620,38630,10
13.0225400925,80.1459579468,38630,38640,10
13.0228395462,80.1462631226,38640,38650,10
13.0232801437,80.1467132568,38650,38660,10
13.0238800049,80.147277832,38660,38670,10
13.0244598389,80.1478805542,38670,38680,10
13.0249795914,80.1484603882,38680,38690,10
13.0255804062,80.1491012573,38690,38700,10
13.0263500214,80.1498184204,38700,38710,10
13.027130127,80.1503982544,38710,38720,10
13.0279102325,80.1509780884,38720,38731,11
13.0283298492,80.1512832642,38731,38741,10
13.0283403397,80.1512908936,38741,38751,10
13.0286598206,80.1515197754,38751,38761,10
13.0291996002,80.1518783569,38761,38771,10
13.0298500061,80.1523208618,38771,38781,10
13.0305204391,80.1527633667,38781,38791,10
13.0309801102,80.1530380249,38791,38801,10
13.0314998627,80.1533889771,38801,38811,10
13.0320501328,80.1537322998,38811,38821,10
13.0326099396,80.1541671753,38821,38831,10
13.0331401825,80.1546630859,38831,38848,17
13.034119606,80.1554794312,38848,38910,62
13.034119606,80.1554794312,38910,38920,10
13.0344600677,80.1556777954,38920,38930,10
13.034740448,80.156036377,38930,38940,10
13.0345001221,80.15650177,38940,38950,10
13.0343198776,80.1571426392,38950,38961,11
13.0343999863,80.1578674316,38961,38971,10
13.0344200134,80.1586380005,38971,38980,9
13.0344200134,80.1594467163,38980,38991,11
13.0340900421,80.1602935791,38991,38999,8
13.0337600708,80.1609191895,38999,39010,11
13.0336704254,80.1611022949,39010,39021,11
13.0335798264,80.1612472534,39021,39031,10
13.0332403183,80.1618423462,39031,39041,10
13.0328302383,80.1625823975,39041,39050,9
13.0323696136,80.1633987427,39050,39062,12
13.0319404602,80.1642684937,39062,39072,10
13.0319099426,80.1643295288,39072,39082,10
13.0317001343,80.164680481,39082,39092,10
13.0313396454,80.1653137207,39092,39102,10
13.0308799744,80.1661071777,39102,39112,10
13.0303401947,80.1670837402,39112,39122,10
13.0298299789,80.1679382324,39122,39132,10
13.0294103622,80.1687393188,39132,39152,20
13.0294103622,80.1687393188,39152,39162,10
13.0293102264,80.1689071655,39162,39172,10
13.0290403366,80.169342041,39172,39183,11
13.0286397934,80.1700592041,39183,39193,10
13.0282497406,80.170791626,39193,39203,10
13.027759552,80.1716766357,39203,39219,16
13.0268697739,80.1733169556,39219,39231,12
13.0262498856,80.1744308472,39231,39240,9
13.0258398056,80.1750869751,39240,39251,11
13.0253095627,80.176071167,39251,39261,10
13.0249595642,80.1767501831,39261,39292,31
13.0249595642,80.1767501831,39292,39302,10
13.0247497559,80.1770706177,39302,39311,9
13.0244503021,80.1776199341,39311,39322,11
13.0239696503,80.1784820557,39322,39332,10
13.023730278,80.1789321899,39332,39342,10
13.0237197876,80.1789474487,39342,39351,9
13.0235795975,80.1791763306,39351,39362,11
13.0231800079,80.1798934937,39362,39371,9
13.0227499008,80.1806335449,39371,39381,10
13.0222196579,80.1815872192,39381,39392,11
13.0216197968,80.1826782227,39392,39403,11
13.0211896896,80.1834716797,39403,39413,10
13.0209503174,80.183921814,39413,39423,10
13.0208597183,80.1840820313,39423,39433,10
13.020819664,80.1841506958,39433,39443,10
13.0206604004,80.1845932007,39443,39453,10
13.0205898285,80.184928894,39453,39463,10
13.020409584,80.1853179932,39463,39473,10
13.0199604034,80.1857910156,39473,39483,10
13.0193595886,80.1861572266,39483,39492,9
13.0187797546,80.1865234375,39492,39502,10
13.0180997849,80.1870193481,39502,39514,12
13.0175895691,80.1878585815,39514,39524,10
13.0171499252,80.1887207031,39524,39534,10
13.0167798996,80.1893997192,39534,39544,10
13.0167503357,80.189453125,39544,39554,10
13.0165395737,80.1898117065,39554,39564,10
13.0161895752,80.1904220581,39564,39574,10
13.0157699585,80.1911468506,39574,39584,10
13.0153398514,80.19190979,39584,39594,10
13.014840126,80.1928024292,39594,39604,10
13.014380455,80.1934814453,39604,39614,10
13.0142498016,80.1936416626,39614,39624,10
13.0140399933,80.1938171387,39624,39635,11
13.0134296417,80.1941986084,39635,39645,10
13.0127000809,80.1946563721,39645,39655,10
13.0118103027,80.1952209473,39655,39665,10
13.0111398697,80.1956787109,39665,39675,10
13.01101017,80.1957397461,39675,39685,10
13.0106801987,80.1959075928,39685,39695,10
13.0102996826,80.1959609985,39695,39705,10
13.0097198486,80.1959381104,39705,39715,10
13.0090904236,80.1961135864,39715,39725,10
13.0085897446,80.1964035034,39725,39734,9
13.0085296631,80.1970977783,39734,39746,12
13.0085897446,80.1978378296,39746,39756,10
13.0085897446,80.1979370117,39756,39766,10
13.0086297989,80.1982421875,39766,39776,10
13.0086297989,80.1983337402,39776,39786,10
13.0086202621,80.1986999512,39786,39796,10
13.0086297989,80.1994476318,39796,39806,10
13.0086402893,80.2004394531,39806,39816,10
13.0085802078,80.2015609741,39816,39826,10
13.0085601807,80.2022399902,39826,39836,10
13.0085601807,80.2023620605,39836,39846,10
13.0084400177,80.20287323,39846,39857,11
13.0079402924,80.2034912109,39857,39867,10
13.0077295303,80.2041397095,39867,39877,10
13.0077295303,80.2049484253,39877,39887,10
13.0077199936,80.2060394287,39887,39897,10
13.0078802109,80.2070007324,39897,39907,10
13.0080003738,80.2078704834,39907,39917,10
13.0081396103,80.2087936401,39917,39927,10
13.0083703995,80.2097320557,39927,39937,10
13.0087299347,80.2104187012,39937,39947,10
13.0093097687,80.2108764648,39947,39988,41
13.0093603134,80.2110900879,39988,40038,50
13.0093603134,80.2110900879,40038,40048,10
13.0090904236,80.2113800049,40048,40058,10
13.0089998245,80.2115478516,40058,40068,10
13.0090904236,80.2119216919,40068,40079,11
13.0093297958,80.2126235962,40079,40089,10
13.0095701218,80.2132492065,40089,40099,10
13.0098400116,80.2139129639,40099,40109,10
13.0101099014,80.2145767212,40109,40119,10
13.010219574,80.215423584,40119,40129,10
13.0105695724,80.2164001465,40129,40139,10
13.0109901428,80.2172698975,40139,40149,10
13.0115299225,80.2185974121,40149,40159,10
13.0119104385,80.2197036743,40159,40169,10
13.0122203827,80.2204818726,40169,40178,9
13.0122699738,80.2205963135,40178,40189,11
13.012430191,80.2210769653,40189,40200,11
13.0127897263,80.2217330933,40200,40210,10
13.0132703781,80.2223434448,40210,40220,10
13.0136995316,80.22290802,40220,40230,10
13.0140399933,80.2233505249,40230,40240,10
13.0142202377,80.2235870361,40240,40250,10
13.0145397186,80.2239227295,40250,40260,10
13.0150604248,80.2245178223,40260,40270,10
13.0155096054,80.2249221802,40270,40280,10
13.0155801773,80.2249984741,40280,40290,10
13.0157403946,80.2251815796,40290,40300,10
13.0163602829,80.2253036499,40300,40311,11
13.0173101425,80.2249603271,40311,40321,10
13.0181503296,80.2246322632,40321,40331,10
13.0193195343,80.2242736816,40331,40351,20
13.0193195343,80.2242736816,40351,40361,10
13.0195198059,80.2243881226,40361,40371,10
13.0195398331,80.2244033813,40371,40381,10
13.0197296143,80.2245178223,40381,40391,10
13.0200996399,80.2248001099,40391,40401,10
13.0206203461,80.2251968384,40401,40411,10
13.0211400986,80.2256011963,40411,40422,11
13.0220098495,80.2262496948,40422,40442,20
13.0220098495,80.2262496948,40442,40452,10
13.0221395493,80.2262802124,40452,40462,10
13.0225296021,80.2266387939,40462,40472,10
13.0230998993,80.227180481,40472,40482,10
13.0236797333,80.2277374268,40482,40492,10
13.0242795944,80.2283782959,40492,40512,20
13.0242795944,80.2283782959,40512,40522,10
13.0243501663,80.2284927368,40522,40533,11
13.0246200562,80.2288818359,40533,40543,10
13.024939537,80.229309082,40543,40553,10
13.0253696442,80.229850769,40553,40563,10
13.0258398056,80.2305831909,40563,40589,26
13.0258398056,80.2305831909,40589,40601,12
13.0259399414,80.2309570313,40601,40611,10
13.02602005,80.231262207,40611,40621,10
13.0264596939,80.2312698364,40621,40631,10
13.0272502899,80.2310791016,40631,40641,10
13.0285100937,80.2308883667,40641,40662,21
13.0285100937,80.2308883667,40662,40672,10
13.0288600922,80.2308502197,40672,40682,10
13.0293397903,80.2308425903,40682,40712,30
13.0293397903,80.2308425903,40712,40722,10
13.0293598175,80.2309036255,40722,40732,10
13.0298299789,80.2308273315,40732,40742,10
13.0304603577,80.230758667,40742,40753,11
13.0306301117,80.2305297852,40753,40763,10
13.0305204391,80.2299804688,40763,40773,10
13.0302801132,80.2293624878,40773,40783,10
13.03028965,80.2287368774,40783,40793,10
13.0303201675,80.2284164429,40793,40803,10
13.0303697586,80.2281417847,40803,40813,10
13.0304203033,80.2276611328,40813,40823,10
13.0300197601,80.2274398804,40823,40833,10
13.0292396545,80.2273178101,40833,40843,10
13.0287599564,80.2272491455,40843,40853,10
13.0284700394,80.2272109985,40853,40864,11
13.0281200409,80.2271499634,40864,40874,10
13.0278701782,80.2269210815,40874,40884,10
13.027970314,80.2264404297,40884,40894,10
13.0280799866,80.2259216309,40894,40904,10
13.0282096863,80.2251815796,40904,40914,10
13.0284004211,80.224357605,40914,40924,10
13.0286798477,80.224029541,40924,40934,10
13.0289497375,80.2241210938,40934,40944,10
13.0291996002,80.2242507935,40944,40954,10
13.0297498703,80.2242507935,40954,40964,10
13.0304803848,80.2242584229,40964,40974,10
13.0310096741,80.2242584229,40974,40985,11
13.0310897827,80.2237167358,40985,40995,10
13.0311403275,80.223197937,40995,41005,10
13.0311899185,80.2230224609,41005,41015,10
13.031419754,80.2225494385,41015,41025,10
13.031709671,80.2219467163,41025,41034,9
13.0319795609,80.2213592529,41034,41045,11
13.0321798325,80.2204818726,41045,41055,10
13.0320796967,80.2201004028,41055,41065,10
13.0320196152,80.220123291,41065,41075,10
13.0319004059,80.220123291,41075,41085,10
13.0316400528,80.2201766968,41085,41096,11
13.0312099457,80.2202377319,41096,41106,10
13.0310001373,80.2202529907,41106,41156,50
13.0310001373,80.2202529907,41156,41166,10
13.0303096771,80.2202529907,41166,41207,41
13.0303096771,80.2202529907,41207,41217,10
13.0299301147,80.2201919556,41217,41227,10
13.0297403336,80.2201766968,41227,41237,10
13.0295200348,80.220123291,41237,41247,10
13.0290002823,80.2199935913,41247,41287,40
13.0286998749,80.2198867798,41287,41307,20
13.0286998749,80.2198867798,41307,41318,11
13.028429985,80.2199020386,41318,41328,10
13.0279598236,80.2198486328,41328,41338,10
13.0274000168,80.219833374,41338,41348,10
13.0267601013,80.2198028564,41348,41358,10
13.0263204575,80.2197570801,41358,41368,10
13.0259504318,80.2197799683,41368,41378,10
13.0255002975,80.2197570801,41378,41388,10
13.0254297256,80.2197418213,41388,41398,10
13.0251102448,80.2197418213,41398,41408,10
13.0247297287,80.2197799683,41408,41418,10
13.0243196487,80.2197494507,41418,41429,11
13.0242700577,80.2194366455,41429,41439,10
13.0242395401,80.2188568115,41439,41449,10
13.0242300034,80.2182235718,41449,41459,10
13.0242395401,80.2180786133,41459,41469,10
13.0242395401,80.2177505493,41469,41479,10
13.0242395401,80.2169723511,41479,42105,626
13.0242395401,80.2169723511,42105,42115,10
13.0242595673,80.2166595459,42115,42125,10
13.0242900848,80.2166290283,42125,42135,10
13.024430275,80.216583252,42135,42145,10
13.0245599747,80.2165985107,42145,42155,10
13.0246295929,80.216758728,42155,42165,10
13.0246696472,80.2171783447,42165,42175,10
13.0247097015,80.2176895142,42175,42185,10
13.0247402191,80.2182235718,42185,42195,10
13.0247898102,80.2185897827,42195,42205,10
13.0248298645,80.219039917,42205,42216,11
13.0248603821,80.2192687988,42216,42226,10
13.0248498917,80.2195281982,42226,42236,10
13.0250301361,80.2197189331,42236,42246,10
13.0253400803,80.2197113037,42246,42256,10
13.0260400772,80.2196731567,42256,42276,20
13.0260400772,80.2196731567,42276,42286,10
13.0262804031,80.2196426392,42286,42296,10
13.0266199112,80.2196731567,42296,42306,10
13.0270700455,80.2197036743,42306,42316,10
13.0275402069,80.2197265625,42316,42327,11
13.0278100967,80.2197723389,42327,42337,10
13.0280895233,80.2198181152,42337,42347,10
13.028429985,80.2198562622,42347,42357,10
13.0284500122,80.2198562622,42357,42367,10
13.0285396576,80.2199020386,42367,42377,10
13.0288000107,80.2199401855,42377,42387,10
13.0292396545,80.2200393677,42387,42397,10
13.0295696259,80.2200927734,42397,42407,10
13.02987957,80.2201766968,42407,42417,10
13.0301504135,80.220199585,42417,42427,10
13.03028965,80.2202072144,42427,42438,11
13.0305595398,80.2202377319,42438,42448,10
13.0310001373,80.2202529907,42448,42458,10
13.031539917,80.2202301025,42458,42468,10
13.0319299698,80.2201385498,42468,42478,10
13.032119751,80.2200927734,42478,42488,10
13.0322198868,80.2203063965,42488,42508,20
13.0322198868,80.2203063965,42508,42518,10
13.0321598053,80.2206802368,42518,42528,10
13.0320100784,80.2213821411,42528,42538,10
13.0316896439,80.222038269,42538,42549,11
13.0313396454,80.2226409912,42549,42559,10
13.0311603546,80.2233886719,42559,42569,10
13.0311803818,80.2238388062,42569,42579,10
13.0311803818,80.2241973877,42579,42589,10
13.0310401917,80.2243423462,42589,42599,10
13.0306797028,80.2243270874,42599,42609,10
13.0300502777,80.224319458,42609,42619,10
13.0293302536,80.2243118286,42619,42629,10
13.0291004181,80.2242965698,42629,42639,10
13.0289402008,80.2242202759,42639,42649,10
13.0287103653,80.2241210938,42649,42659,10
13.0284404755,80.2245788574,42659,42670,11
13.0282201767,80.2255783081,42670,42680,10
13.0280303955,80.2264480591,42680,42690,10
13.0279598236,80.2269363403,42690,42700,10
13.028260231,80.2270889282,42700,42710,10
13.0285596848,80.2271499634,42710,42720,10
13.028960228,80.2272109985,42720,42730,10
13.0296297073,80.2273406982,42730,42740,10
13.0302696228,80.2274398804,42740,42750,10
13.0304603577,80.2275924683,42750,42760,10
13.0304403305,80.2277984619,42760,42770,10
13.0304203033,80.2280578613,42770,42781,11
13.0304203033,80.2281265259,42781,42791,10
13.0303401947,80.2284164429,42791,42801,10
13.0302801132,80.2289886475,42801,42811,10
13.0305099487,80.2298126221,42811,42821,10
13.0306997299,80.2305908203,42821,42861,40
13.0306997299,80.2305908203,42861,42871,10
13.030380249,80.2307662964,42871,42881,10
13.0298900604,80.2308273315,42881,42892,11
13.029800415,80.2308502197,42892,42902,10
13.0295600891,80.2308807373,42902,42912,10
13.0289802551,80.2309188843,42912,42922,10
13.028169632,80.2310028076,42922,42932,10
13.0276699066,80.2310791016,42932,42942,10
13.0276699066,80.2315368652,42942,42952,10
13.0276899338,80.2319564819,42952,42962,10
13.0277795792,80.2324295044,42962,42972,10
13.0277004242,80.2327804565,42972,42982,10
13.0270595551,80.2329025269,42982,42992,10
13.0266704559,80.232963562,42992,43003,11
13.026309967,80.2325820923,43003,43013,10
13.0260696411,80.231842041,43013,43023,10
13.0260095596,80.2315597534,43023,43033,10
13.0259504318,80.2313766479,43033,43043,10
13.0257701874,80.2307662964,43043,43053,10
13.0252799988,80.2299423218,43053,43063,10
13.0247802734,80.229309082,43063,43073,10
13.024600029,80.2291030884,43073,43082,9
13.0244903564,80.2289581299,43082,43092,10
13.0241699219,80.2285003662,43092,43103,11
13.0235700607,80.2278137207,43103,43114,11
13.0228099823,80.2271194458,43114,43115,1
13.0227403641,80.2270812988,43115,43116,1
13.0226802826,80.2270202637,43116,43183,67
13.0205202103,80.2252807617,43183,43193,10
13.0199699402,80.2249221802,43193,43213,20
13.0199699402,80.2249221802,43213,43223,10
13.0196895599,80.2247314453,43223,43234,11
13.018989563,80.2245407104,43234,43244,10
13.0181398392,80.2247772217,43244,43254,10
13.0171098709,80.225189209,43254,43264,10
13.0163402557,80.2255096436,43264,43274,10
13.0157403946,80.2257080078,43274,43286,12
13.0148696899,80.2260513306,43286,43296,10
13.0142803192,80.22631073,43296,43306,10
13.0142698288,80.22631073,43306,43316,10
13.0140600204,80.2263870239,43316,43326,10
13.0134801865,80.2265930176,43326,43336,10
13.0126600266,80.226890564,43336,43347,11
13.0115299225,80.2273406982,43347,43357,10
13.0104398727,80.2277603149,43357,43367,10
13.0095701218,80.2278823853,43367,43377,10
13.0096702576,80.227180481,43377,43387,10
13.0100698471,80.2262878418,43387,43397,10
13.0105695724,80.2251205444,43397,43417,20
13.0105695724,80.2251205444,43417,43427,10
13.0107498169,80.2247924805,43427,43437,10
13.0109796524,80.2242507935,43437,43447,10
13.0112495422,80.2235412598,43447,43458,11
13.0112600327,80.2234573364,43458,43468,10
13.0113296509,80.2232971191,43468,43478,10
13.0115604401,80.2227783203,43478,43488,10
13.011879921,80.2219619751,43488,43498,10
13.0122900009,80.2212905884,43498,43508,10
13.0121297836,80.2207183838,43508,43518,10
13.0118398666,80.219909668,43518,43529,11
13.011469841,80.2188110352,43529,43539,10
13.011059761,80.2177276611,43539,43549,10
13.01060009,80.2166976929,43549,43558,9
13.0101804733,80.2159881592,43558,43570,12
13.0096998215,80.2150802612,43570,43580,10
13.0092096329,80.2144088745,43580,43590,10
13.0085802078,80.2136001587,43590,43600,10
13.0081796646,80.2133407593,43600,43610,10
13.0081501007,80.2133331299,43610,43620,10
13.0079202652,80.2132034302,43620,43630,10
13.007610321,80.2129364014,43630,43640,10
13.0069799423,80.2127914429,43640,43650,10
13.0062503815,80.2128372192,43650,43660,10
13.0055599213,80.2128982544,43660,43670,10
13.0047798157,80.2124404907,43670,43686,16
13.0037097931,80.212020874,43686,43699,13
13.0036897659,80.2115936279,43699,43709,10
13.0036497116,80.210899353,43709,43719,10
13.0035495758,80.2101821899,43719,43729,10
13.0035400391,80.2094192505,43729,43739,10
13.0037202835,80.2087402344,43739,43748,9
13.0044403076,80.2088165283,43748,43759,11
13.0055398941,80.2092971802,43759,43769,10
13.0063199997,80.2095718384,43769,43779,10
13.0069198608,80.2097396851,43779,43789,10
13.0073900223,80.2098083496,43789,43800,11
13.0074701309,80.2098388672,43800,43810,10
13.0079202652,80.2099304199,43810,43820,10
13.0081701279,80.2097320557,43820,43830,10
13.0080404282,80.2090530396,43830,43840,10
13.0078802109,80.2081069946,43840,43850,10
13.0077295303,80.2071380615,43850,43860,10
13.007610321,80.206237793,43860,43870,10
13.0075397491,80.2053527832,43870,43880,10
13.0075397491,80.2044525146,43880,43890,10
13.0074501038,80.2035369873,43890,43900,10
13.0073003769,80.2025299072,43900,43911,11
13.007349968,80.2015762329,43911,43921,10
13.007399559,80.2007980347,43921,43931,10
13.0074195862,80.1999130249,43931,43941,10
13.007349968,80.1991729736,43941,43951,10
13.0073204041,80.1988220215,43951,43961,10
13.0073204041,80.1985702515,43961,43971,10
13.0073099136,80.1979827881,43971,43981,10
13.0073003769,80.1972122192,43981,43991,10
13.0073003769,80.1964797974,43991,44001,10
13.0075302124,80.1962203979,44001,44011,10
13.0082397461,80.1963195801,44011,44028,17
13.0093002319,80.1960296631,44028,44040,12
13.0102596283,80.195930481,44040,44050,10
13.0106401443,80.1958618164,44050,44058,8
13.0110998154,80.1955566406,44058,44070,12
13.0120201111,80.1949996948,44070,44080,10
13.0129899979,80.1943817139,44080,44090,10
13.0136899948,80.1939620972,44090,44100,10
13.01445961,80.1932601929,44100,44110,10
13.0151195526,80.1921615601,44110,44120,10
13.0157203674,80.1910934448,44120,44131,11
13.0163602829,80.1899185181,44131,44141,10
13.0167398453,80.1891708374,44141,44151,10
13.0167503357,80.1891479492,44151,44161,10
13.0168895721,80.188911438,44161,44171,10
13.0172395706,80.188293457,44171,44181,10
13.0177297592,80.1873779297,44181,44191,10
13.0185003281,80.1865921021,44191,44201,10
13.0194997787,80.1859817505,44201,44211,10
13.0203199387,80.1853637695,44211,44221,10
13.0205402374,80.1847076416,44221,44232,11
13.0206203461,80.184387207,44232,44243,11
13.0207595825,80.1841201782,44243,44253,10
13.0210895538,80.1834793091,44253,44263,10
13.0214996338,80.182800293,44263,44273,10
13.0218400955,80.1821594238,44273,44283,10
13.0220403671,80.1817779541,44283,44293,10
13.0223302841,80.1812133789,44293,44303,10
13.0227203369,80.180519104,44303,44313,10
13.0232000351,80.179649353,44313,44322,9
13.0234098434,80.1792221069,44322,44343,21
13.0234098434,80.1792221069,44343,44353,10
13.0234603882,80.1791305542,44353,44364,11
13.0236501694,80.1788101196,44364,44374,10
13.0238399506,80.1784210205,44374,44384,10
13.0238800049,80.1783599854,44384,44394,10
13.0241298676,80.1779937744,44394,44404,10
13.024479866,80.1773605347,44404,44414,10
13.0248498917,80.1766586304,44414,44424,10
13.025270462,80.1759033203,44424,44434,10
13.0254001617,80.1756591797,44434,44444,10
13.0256004333,80.17527771,44444,44454,10
13.0259599686,80.1746368408,44454,44464,10
13.0264501572,80.1737976074,44464,44475,11
13.0270595551,80.1726913452,44475,44485,10
13.0275402069,80.1718215942,44485,44495,10
13.0280704498,80.1708602905,44495,44505,10
13.0285100937,80.1700592041,44505,44515,10
13.0287504196,80.1696166992,44515,44525,10
13.0289402008,80.1692276001,44525,44535,10
13.0290603638,80.1689682007,44535,44545,10
13.0292901993,80.1685791016,44545,44555,10
13.0296401978,80.1679916382,44555,44565,10
13.0300998688,80.1671905518,44565,44575,10
13.0306196213,80.1662826538,44575,44586,11
13.0312004089,80.165222168,44586,44596,10
13.031709671,80.1642990112,44596,44606,10
13.0322399139,80.1633911133,44606,44616,10
13.0323600769,80.1631317139,44616,44626,10
13.0324602127,80.1629867554,44626,44636,10
13.032699585,80.1625518799,44636,44646,10
13.0331001282,80.1618499756,44646,44656,10
13.0335502625,80.1610412598,44656,44666,10
13.0336799622,80.1608200073,44666,44676,10
13.0338897705,80.1604995728,44676,44686,10
13.0342102051,80.1599121094,44686,44697,11
13.0343503952,80.1590805054,44697,44707,10
13.0343599319,80.158493042,44707,44717,10
13.034330368,80.1581420898,44717,44727,10
13.0342903137,80.1577606201,44727,44737,10
13.0342798233,80.1574783325,44737,44747,10
13.0342798233,80.1570968628,44747,44757,10
13.0344295502,80.15650177,44757,44767,10
13.0345802307,80.1560134888,44767,44777,10
13.0344400406,80.1557693481,44777,44787,10
13.0342102051,80.1556167603,44787,44797,10
13.0338602066,80.155380249,44797,44828,31
13.0338602066,80.155380249,44828,44838,10
13.0337095261,80.1552200317,44838,44848,10
13.0333595276,80.1549530029,44848,44858,10
13.0328502655,80.1545562744,44858,44868,10
13.0322904587,80.1540603638,44868,44878,10
13.03166008,80.1536407471,44878,44888,10
13.0306901932,80.1530227661,44888,44908,20
13.0306901932,80.1530227661,44908,44919,11
13.0305500031,80.1529312134,44919,44929,10
13.0301599503,80.1526565552,44929,44939,10
13.029589653,80.1522979736,44939,44949,10
13.0288496017,80.15184021,44949,44959,10
13.0281896591,80.1513824463,44959,44971,12
13.0280504227,80.151260376,44971,44981,10
13.0277299881,80.1510009766,44981,44991,10
13.0272502899,80.1506500244,44991,45001,10
13.0267601013,80.1502685547,45001,45011,10
13.0267601013,80.1502609253,45011,45021,10
13.0266895294,80.1501998901,45021,45032,11
13.0262699127,80.1498718262,45032,45042,10
13.0257396698,80.1493911743,45042,45052,10
13.0251502991,80.1487579346,45052,45062,10
13.0245504379,80.1481018066,45062,45072,10
13.024020195,80.1475524902,45072,45082,10
13.0234203339,80.1469268799,45082,45092,10
13.022939682,80.1464767456,45092,45102,10
13.0229301453,80.1464691162,45102,45112,10
13.0226602554,80.146232605,45112,45122,10
13.0222597122,80.1458282471,45122,45132,10
13.0218601227,80.1454315186,45132,45143,11
13.0212802887,80.1448287964,45143,45153,10
13.02064991,80.1442108154,45153,45163,10
13.0202798843,80.1438217163,45163,45173,10
13.0198698044,80.1433868408,45173,45183,10
13.019610405,80.1431121826,45183,45193,10
13.0191297531,80.1426467896,45193,45213,20
13.0191297531,80.1426467896,45213,45223,10
13.0190601349,80.142539978,45223,45233,10
13.0188102722,80.1423110962,45233,45243,10
13.0185003281,80.1420211792,45243,45253,10
13.0180101395,80.1415100098,45253,45264,11
13.0174999237,80.1407470703,45264,45274,10
13.0170297623,80.1397781372,45274,45284,10
13.0165300369,80.1387405396,45284,45294,10
13.016119957,80.1379318237,45294,45304,10
13.0156698227,80.1370391846,45304,45314,10
13.0153999329,80.1365127563,45314,45334,20
13.0153999329,80.1365127563,45334,45344,10
13.0153102875,80.1363830566,45344,45354,10
13.0150604248,80.1359024048,45354,45364,10
13.0146999359,80.1352005005,45364,45375,11
13.0141897202,80.1343383789,45375,45385,10
13.0136203766,80.1335372925,45385,45395,10
13.0129404068,80.1330413818,45395,45405,10
13.0125703812,80.1327896118,45405,45415,10
13.0125303268,80.1324310303,45415,45425,10
13.0125198364,80.131980896,45425,45435,10
13.0125198364,80.1319274902,45435,45445,10
13.0124998093,80.1316299438,45445,45455,10
13.0123100281,80.1310424805,45455,45465,10
13.0119400024,80.130241394,45465,45475,10
13.0117101669,80.1294403076,45475,45486,11
13.0115499496,80.1282806396,45486,45496,10
13.0114603043,80.1274490356,45496,45506,10
13.0114297867,80.1268234253,45506,45516,10
13.0114202499,80.1266403198,45516,45526,10
13.0114202499,80.1262512207,45526,45536,10
13.0114202499,80.1255264282,45536,45546,10
13.0114202499,80.1247406006,45546,45556,10
13.0110998154,80.1239776611,45556,45566,10
13.0109796524,80.1237716675,45566,45576,10
13.0107803345,80.1234588623,45576,45586,10
13.0102396011,80.1230392456,45586,45597,11
13.0097799301,80.1224212646,45597,45607,10
13.0097198486,80.12159729,45607,45617,10
13.0096902847,80.1212081909,45617,45627,10
13.0096998215,80.1208190918,45627,45637,10
13.0098104477,80.1202774048,45637,45647,10
13.0099201202,80.1199798584,45647,45657,10
13.0099496841,80.1199188232,45657,45667,10
13.0100698471,80.1194610596,45667,45677,10
13.010140419,80.1187133789,45677,45687,10
13.0104904175,80.1178131104,45687,45697,10
13.0108604431,80.1167068481,45697,45708,11
13.011059761,80.1154174805,45708,45718,10
13.0110797882,80.1146011353,45718,45728,10
13.0105495453,80.114440918,45728,45738,10
13.0102596283,80.1144638062,45738,45748,10
13.0102100372,80.1144638062,45748,45758,10
13.0097999573,80.1144714355,45758,45768,10
13.009059906,80.1144790649,45768,45778,10
13.0083703995,80.1142730713,45778,45788,10
13.0080404282,80.1139068604,45788,45798,10
13.0075798035,80.11328125,45798,45808,10
13.0073099136,80.1128921509,45808,45819,11
13.0069198608,80.1123504639,45819,45829,10
13.0064401627,80.111618042,45829,45839,10
13.0061101913,80.1107635498,45839,45849,10
13.0057001114,80.1100921631,45849,45859,10
13.0054101944,80.1093978882,45859,45869,10
13.0053501129,80.1085281372,45869,45879,10
13.0052700043,80.1075210571,45879,45889,10
13.005200386,80.1063613892,45889,45899,10
13.0050001144,80.1052017212,45899,45909,10
13.0047903061,80.1043930054,45909,45919,10
13.0046396255,80.1035003662,45919,45930,11
13.0045499802,80.1022567749,45930,45940,10
13.004119873,80.1011810303,45940,45950,10
13.0036802292,80.1002197266,45950,45960,10
13.0034704208,80.099609375,45960,45970,10
13.0034503937,80.099571228,45970,45980,10
13.0033798218,80.099357605,45980,45990,10
13.0031700134,80.0991287231,45990,46000,10
13.002820015,80.0988769531,46000,46010,10
13.0023403168,80.0985794067,46010,46020,10
13.0017499924,80.0982666016,46020,46030,10
13.0012397766,80.0980300903,46030,46040,10
13.0006504059,80.0978469849,46040,46051,11
13.0,80.0975265503,46051,46061,10
12.9993600845,80.0971221924,46061,46071,10
12.9989995956,80.0969161987,46071,46081,10
12.9989795685,80.0969085693,46081,46091,10
12.9986896515,80.0967636108,46091,46101,10
12.9982299805,80.0966033936,46101,46111,10
12.9978904724,80.0965194702,46111,46121,10
12.9976596832,80.096496582,46121,46131,10
12.9974603653,80.0964736938,46131,46141,10
12.996919632,80.0962600708,46141,46172,31
12.996919632,80.0962600708,46172,46182,10
12.9968595505,80.0960388184,46182,46192,10
12.9970598221,80.0959091187,46192,46218,26
12.9970598221,80.0959091187,46218,46230,12
12.997010231,80.0961914063,46230,46422,192
12.997010231,80.0961914063,46422,46432,10
12.9970598221,80.0963668823,46432,46442,10
12.9972000122,80.0963973999,46442,46452,10
12.9974002838,80.0963973999,46452,46462,10
12.9975795746,80.0964584351,46462,46472,10
12.9979400635,80.0964813232,46472,46482,10
12.9982700348,80.0965805054,46482,46493,11
12.9984903336,80.0966567993,46493,46503,10
12.998840332,80.0968017578,46503,46513,10
12.9992599487,80.0970077515,46513,46523,10
12.9998397827,80.097366333,46523,46533,10
13.0003204346,80.0976715088,46533,46543,10
13.0003900528,80.0977020264,46543,46553,10
13.0005598068,80.0977706909,46553,46563,10
13.0007600784,80.0978393555,46563,46573,10
13.0012397766,80.0979766846,46573,46583,10
13.0018396378,80.0982894897,46583,46593,10
13.0025396347,80.0986785889,46593,46603,10
13.0032396317,80.0991592407,46603,46614,11
13.0035600662,80.0998077393,46614,46654,40
13.0035600662,80.0998077393,46654,46664,10
13.0036096573,80.099937439,46664,46674,10
13.0037403107,80.1002883911,46674,46684,10
13.0039997101,80.1008987427,46684,46694,10
13.0043897629,80.1016693115,46694,46704,10
13.004650116,80.1025619507,46704,46714,10
13.0046796799,80.1036911011,46714,46725,11
13.004940033,80.1048965454,46725,46735,10
13.0051498413,80.1057815552,46735,46745,10
13.0052700043,80.1067810059,46745,46755,10
13.0053100586,80.1078414917,46755,46765,10
13.0054502487,80.1095809937,46765,46785,20
13.0054502487,80.1095809937,46785,46795,10
13.0054998398,80.1097183228,46795,46805,10
13.0057401657,80.1101379395,46805,46815,10
13.0061302185,80.1107406616,46815,46825,10
13.0064096451,80.1115570068,46825,46836,11
13.007399559,80.1129837036,46836,46856,20
13.007399559,80.1129837036,46856,46866,10
13.0074596405,80.113067627,46866,46876,10
13.0076599121,80.1134109497,46876,46886,10
13.0080003738,80.1138534546,46886,46896,10
13.0085201263,80.1143875122,46896,46906,10
13.0092096329,80.1145019531,46906,46916,10
13.0098600388,80.1144485474,46916,46926,10
13.0106401443,80.1144180298,46926,46952,26
13.0106401443,80.1144180298,46952,46965,13
13.0110502243,80.1145172119,46965,46973,8
13.0110902786,80.114982605,46973,46985,12
13.01101017,80.1159591675,46985,46995,10
13.010840416,80.1169433594,46995,47005,10
13.0105400085,80.117767334,47005,47015,10
13.0101900101,80.1186523438,47015,47025,10
13.0101003647,80.1194076538,47025,47035,10
13.0099401474,80.1200408936,47035,47045,10
13.0097799301,80.1204833984,47045,47055,10
13.0097799301,80.1204910278,47055,47066,11
13.0097799301,80.1205596924,47066,47076,10
13.0097303391,80.1209182739,47076,47086,10
13.0097198486,80.1212387085,47086,47096,10
13.0097303391,80.121711731,47096,47106,10
13.009759903,80.1223907471,47106,47116,10
13.0101604462,80.1229934692,47116,47126,10
13.0110197067,80.1238174438,47126,47146,20
13.0110197067,80.1238174438,47146,47156,10
13.0111904144,80.1241226196,47156,47166,10
13.0114498138,80.124710083,47166,47177,11
13.0114402771,80.1256332397,47177,47187,10
13.0114402771,80.1266403198,47187,47197,10
13.0114803314,80.1271972656,47197,47207,10
13.0115499496,80.1277770996,47207,47217,10
13.0116195679,80.128578186,47217,47227,10
13.0117301941,80.1294631958,47227,47237,10
13.0119800568,80.1303329468,47237,47247,10
13.0123500824,80.131111145,47247,47257,10
13.0125198364,80.131729126,47257,47267,10
13.0125198364,80.1317596436,47267,47277,10
13.0125198364,80.1318206787,47277,47288,11
13.0125102997,80.1322631836,47288,47298,10
13.0125303268,80.1327285767,47298,47308,10
13.0129203796,80.1330184937,47308,47318,10
13.0134897232,80.1333465576,47318,47328,10
13.0139398575,80.1340026855,47328,47337,9
13.0144100189,80.1347198486,47337,47348,11
13.0149698257,80.1356811523,47348,47358,10
13.0155000687,80.136680603,47358,47368,10
13.0155601501,80.1367492676,47368,47378,10
13.0157203674,80.1370620728,47378,47388,10
13.0160198212,80.1376495361,47388,47399,11
13.0164203644,80.1384811401,47399,47409,10
13.0167999268,80.1392211914,47409,47419,10
13.0171699524,80.1399993896,47419,47429,10
13.0175895691,80.1408691406,47429,47439,10
13.0180397034,80.1414871216,47439,47449,10
13.0184202194,80.1418762207,47449,47459,10
13.0189399719,80.1423797607,47459,47469,10
13.0194396973,80.1428604126,47469,47479,10
13.0198802948,80.1433029175,47479,47489,10
13.0200996399,80.1435394287,47489,47499,10
13.0205001831,80.143989563,47499,47510,11
13.0205698013,80.1440505981,47510,47520,10
13.0207099915,80.1442184448,47520,47530,10
13.0211000443,80.1445999146,47530,47540,10
13.0216598511,80.145149231,47540,47550,10
13.0225601196,80.1460418701,47550,47570,20
13.0225601196,80.1460418701,47570,47580,10
13.0226297379,80.1461029053,47580,47590,10
13.0229797363,80.1464385986,47590,47600,10
13.0234899521,80.1469497681,47600,47610,10
13.0239601135,80.1474075317,47610,47621,11
13.0245399475,80.1480178833,47621,47631,10
13.0250597,80.1485595703,47631,47641,10
13.0255899429,80.1491317749,47641,47651,10
13.0261802673,80.1496963501,47651,47661,10
13.0266599655,80.1500778198,47661,47671,10
13.0270900726,80.1504211426,47671,47681,10
13.0277004242,80.1508789063,47681,47691,10
13.0282096863,80.151260376,47691,47701,10
13.0283899307,80.1513671875,47701,47711,10
13.0284996033,80.1514511108,47711,47721,10
13.0289001465,80.1517181396,47721,47732,11
13.029540062,80.1521530151,47732,47742,10
13.0302600861,80.1526184082,47742,47752,10
13.0310697556,80.1531524658,47752,47762,10
13.0318403244,80.1536407471,47762,47772,10
13.0323200226,80.1539611816,47772,47792,20
13.0323200226,80.1539611816,47792,47802,10
13.0325202942,80.1541366577,47802,47812,10
13.0328598022,80.1544570923,47812,47822,10
13.0333499908,80.1549224854,47822,47832,10
13.0338802338,80.1553268433,47832,47843,11
13.0342302322,80.1555633545,47843,47964,121
13.0342302322,80.1555633545,47964,47974,10
13.0344495773,80.1556625366,47974,47984,10
13.0347204208,80.1559371948,47984,47994,10
13.0346097946,80.15625,47994,48004,10
13.0343799591,80.1567611694,48004,48014,10
13.0343599319,80.1575317383,48014,48024,10
13.0343999863,80.1583709717,48024,48034,10
13.0343904495,80.1593170166,48034,48044,10
13.0341501236,80.16015625,48044,48054,10
13.033780098,80.1608200073,48054,48064,10
13.0336799622,80.1610336304,48064,48075,11
13.033539772,80.1612625122,48075,48085,10
13.0332202911,80.1617736816,48085,48095,10
13.0328302383,80.1624832153,48095,48105,10
13.0323600769,80.1633682251,48105,48115,10
13.0319299698,80.1641998291,48115,48125,10
13.0315799713,80.1648330688,48125,48135,10
13.031129837,80.1656188965,48135,48145,10
13.0305995941,80.1665725708,48145,48155,10
13.0300502777,80.1675415039,48155,48165,10
13.0296897888,80.1681976318,48165,48175,10
13.0295000076,80.1685714722,48175,48196,21
13.0295000076,80.1685714722,48196,48206,10
13.0293397903,80.1688537598,48206,48216,10
13.0290298462,80.1693572998,48216,48226,10
13.0286598206,80.1700210571,48226,48236,10
13.0283002853,80.1706924438,48236,48252,16
13.0275802612,80.1720275879,48252,48264,12
13.0269098282,80.1732177734,48264,48272,8
13.0264797211,80.1740112305,48272,48284,12
13.0261497498,80.1745681763,48284,48294,10
13.0259199142,80.1749572754,48294,48305,11
13.0256299973,80.175453186,48305,48315,10
13.0254497528,80.1757583618,48315,48325,10
13.0249996185,80.1766204834,48325,48345,20
13.0249996185,80.1766204834,48345,48355,10
13.0248603821,80.1768417358,48355,48365,10
13.0246095657,80.1772994995,48365,48375,10
13.0242795944,80.1779174805,48375,48385,10
13.0238199234,80.1787490845,48385,48395,10
13.0236597061,80.1790390015,48395,48405,10
13.0234098434,80.1794815063,48405,48416,11
13.0229902267,80.180229187,48416,48426,10
13.0225000381,80.1810684204,48426,48436,10
13.0219402313,80.1820526123,48436,48446,10
13.0214500427,80.1830215454,48446,48455,9
13.020819664,80.1841430664,48455,48476,21
13.020819664,80.1841430664,48476,48486,10
13.0207099915,80.1843032837,48486,48496,10
13.020529747,80.1848526001,48496,48506,10
13.0201997757,80.185546875,48506,48516,10
13.0195999146,80.1859588623,48516,48527,11
13.0188503265,80.1864471436,48527,48537,10
13.0180597305,80.1870574951,48537,48547,10
13.0175104141,80.18800354,48547,48557,10
13.0170001984,80.1889724731,48557,48567,10
13.0167102814,80.1895675659,48567,48577,10
13.0165596008,80.1898193359,48577,48587,10
13.0162801743,80.1902770996,48587,48597,10
13.0159397125,80.19090271,48597,48607,10
13.0155200958,80.1915969849,48607,48617,10
13.015080452,80.1923904419,48617,48627,10
13.014550209,80.1932373047,48627,48638,11
13.014169693,80.1937179565,48638,48648,10
13.01404953,80.1937866211,48648,48658,10
13.0136203766,80.1940765381,48658,48668,10
13.0129995346,80.194480896,48668,48678,10
13.0122699738,80.1949386597,48678,48688,10
13.0114803314,80.1954727173,48688,48698,10
13.011179924,80.1956634521,48698,48708,10
13.0110502243,80.1957397461,48708,48718,10
13.0106601715,80.1958999634,48718,48728,10
13.0101203918,80.1959609985,48728,48738,10
13.0094404221,80.1959762573,48738,48749,11
13.0087299347,80.1962585449,48749,48759,10
13.0085401535,80.1968765259,48759,48769,10
13.0085601807,80.197769165,48769,48779,10
13.0085802078,80.1979904175,48779,48789,10
13.008600235,80.1983184814,48789,48799,10
13.0085897446,80.1990127563,48799,48809,10
13.0086202621,80.2000198364,48809,48819,10
13.0086202621,80.2010498047,48819,48829,10
13.0085496902,80.2017211914,48829,48839,10
13.0085401535,80.2022171021,48839,48849,10
13.0085401535,80.202293396,48849,48859,10
13.0084896088,80.2025527954,48859,48870,11
13.0083904266,80.2029418945,48870,48880,10
13.0081396103,80.2032928467,48880,48890,10
13.007809639,80.2036514282,48890,48900,10
13.0077199936,80.2042007446,48900,48910,10
13.0077199936,80.2049789429,48910,48920,10
13.0077199936,80.2060623169,48920,48930,10
13.0078697205,80.2071990967,48930,48940,10
13.0079698563,80.2081298828,48940,48950,10
13.0080900192,80.2090072632,48950,48960,10
13.0083198547,80.2098312378,48960,48971,11
13.0089902878,80.2106628418,48971,49001,30
13.0089902878,80.2106628418,49001,49011,10
13.009059906,80.2106170654,49011,49021,10
13.0092096329,80.2108001709,49021,49041,20
13.0092096329,80.2108001709,49041,49051,10
13.0093297958,80.2109832764,49051,49061,10
13.0092601776,80.2111434937,49061,49071,10
13.0090303421,80.2114181519,49071,49082,11
13.0090904236,80.2118988037,49082,49092,10
13.0093202591,80.2125930786,49092,49102,10
13.0095500946,80.213218689,49102,49112,10
13.0098304749,80.2139282227,49112,49122,10
13.0101003647,80.2146377563,49122,49132,10
13.010219574,80.2154769897,49132,49142,10
13.0105400085,80.2163467407,49142,49152,10
13.0109701157,80.2172698975,49152,49162,10
13.0113201141,80.2181167603,49162,49172,10
13.0116996765,80.2191772461,49172,49182,10
13.0122203827,80.2205810547,49182,49203,21
13.0122203827,80.2205810547,49203,49213,10
13.012339592,80.220741272,49213,49223,10
13.0124998093,80.221321106,49223,49233,10
13.0127000809,80.2218017578,49233,49243,10
13.0131101608,80.2222900391,49243,49253,10
13.0135002136,80.2227401733,49253,49263,10
13.0139503479,80.2232894897,49263,49273,10
13.0142402649,80.2236785889,49273,49283,10
13.0145998001,80.2241210938,49283,49293,10
13.0155200958,80.2249984741,49293,49314,21
13.0155200958,80.2249984741,49314,49324,10
13.0155897141,80.2249984741,49324,49334,10
13.015879631,80.2252502441,49334,49344,10
13.0166196823,80.225227356,49344,49354,10
13.0175695419,80.224861145,49354,49364,10
13.0185604095,80.2244720459,49364,49374,10
13.0192403793,80.2242736816,49374,49384,10
13.0192804337,80.2242736816,49384,49394,10
13.0194501877,80.224319458,49394,49404,10
13.0195503235,80.2243804932,49404,49415,11
13.0197200775,80.2244873047,49415,49425,10
13.0201301575,80.2247924805,49425,49435,10
13.0205001831,80.2250671387,49435,49445,10
13.0209703445,80.225440979,49445,49455,10
13.0214796066,80.2258529663,49455,49465,10
13.0219898224,80.2261886597,49465,49475,10
13.0222997665,80.2264404297,49475,49485,10
13.0228595734,80.2269363403,49485,49495,10
13.0234603882,80.2275238037,49495,49505,10
13.0239896774,80.2279968262,49505,49515,10
13.0244398117,80.2285385132,49515,49525,10
13.0247898102,80.229057312,49525,49536,11
13.0253295898,80.2297592163,49536,49546,10
13.0257902145,80.2305221558,49546,49556,10
13.0259799957,80.2310409546,49556,49566,10
13.0262002945,80.2313079834,49566,49576,10
13.0268201828,80.2311630249,49576,49586,10
13.0276298523,80.2309799194,49586,49596,10
13.0283603668,80.2308807373,49596,49606,10
13.028459549,80.2308807373,49606,49616,10
13.0287904739,80.2308425903,49616,49626,10
13.0293502808,80.2307891846,49626,49636,10
13.0298595428,80.2307662964,49636,49647,11
13.0304899216,80.2306976318,49647,49657,10
13.0305995941,80.2305221558,49657,49667,10
13.0305900574,80.23021698,49667,49677,10
13.0303602219,80.2295379639,49677,49687,10
13.0302801132,80.2288284302,49687,49696,9
13.0303297043,80.2283096313,49696,49706,10
13.0303697586,80.2282562256,49706,49717,11
13.030380249,80.2277908325,49717,49727,10
13.0303602219,80.2274780273,49727,49737,10
13.029800415,80.2273788452,49737,49747,10
13.0292100906,80.2272720337,49747,49758,11
13.0286903381,80.2271881104,49758,49768,10
13.0285797119,80.2271499634,49768,49778,10
13.0282497406,80.2270965576,49778,49788,10
13.0278997421,80.2269363403,49788,49798,10
13.0279197693,80.2265014648,49798,49808,10
13.0280504227,80.2258224487,49808,49818,10
13.0282402039,80.2249679565,49818,49828,10
13.0284204483,80.2241897583,49828,49838,10
13.0286397934,80.2239379883,49838,49848,10
13.0287799835,80.2239837646,49848,49858,10
13.0288600922,80.224067688,49858,49869,11
13.0291795731,80.2242965698,49869,49879,10
13.0297603607,80.2242965698,49879,49889,10
13.0305995941,80.2243118286,49889,49899,10
13.0310401917,80.2241973877,49899,49909,10
13.0311098099,80.2232894897,49909,49929,20
13.0311098099,80.2232894897,49929,49939,10
13.0311803818,80.2229537964,49939,49949,10
13.0314598083,80.2223968506,49949,49959,10
13.0317802429,80.2217483521,49959,49969,10
13.0319404602,80.2212905884,49969,49980,11
13.0320997238,80.2206802368,49980,49990,10
13.0321598053,80.2201309204,49990,50000,10
13.0320501328,80.2200622559,50000,50010,10
13.0319595337,80.2200775146,50010,50020,10
13.0317802429,80.2201385498,50020,50030,10
13.0313100815,80.2201919556,50030,50040,10
13.0308799744,80.2202224731,50040,50050,10
13.03028965,80.220199585,50050,50060,10
13.0296401978,80.2201385498,50060,50070,10
13.0291996002,80.2200622559,50070,50111,41
13.0291996002,80.2200622559,50111,50121,10
13.0286998749,80.2199020386,50121,50131,10
13.0281600952,80.2198410034,50131,50151,20
13.0281600952,80.2198410034,50151,50161,10
13.0278196335,80.2198104858,50161,50171,10
13.0274095535,80.2197875977,50171,50181,10
13.0270795822,80.2197799683,50181,50191,10
13.0267601013,80.2197723389,50191,50202,11
13.0262098312,80.2197265625,50202,50212,10
13.0258197784,80.2197189331,50212,50222,10
13.0253295898,80.2197113037,50222,50232,10
13.0252799988,80.2197189331,50232,50242,10
13.0250902176,80.2197570801,50242,50252,10
13.0247297287,80.2197799683,50252,50262,10
13.0243797302,80.2197570801,50262,50272,10
13.0242795944,80.219619751,50272,50282,10
13.0242500305,80.2191467285,50282,50292,10
13.0242099762,80.218536377,50292,50302,10
13.0242099762,80.2179412842,50302,50313,11
13.0242300034,80.2169189453,50313,50353,40
13.0242300034,80.2169189453,50353,50363,10
13.0242395401,80.216796875,50363,50373,10
13.0242595673,80.2165679932,50373,50383,10
13.0244598389,80.2165298462,50383,50393,10
13.0246200562,80.2169799805,50393,50474,81
13.0246200562,80.2169799805,50474,50484,10
13.0246696472,80.2174224854,50484,50494,10
13.0246801376,80.217590332,50494,50504,10
13.0247097015,80.2179412842,50504,50514,10
13.0247402191,80.2182235718,50514,50524,10
13.0247602463,80.2185821533,50524,50535,11
13.0248203278,80.2192001343,50535,50545,10
13.0249099731,80.2196807861,50545,50555,10
13.0252103806,80.2197113037,50555,50565,10
13.025850296,80.2197036743,50565,50575,10
13.0264596939,80.2197113037,50575,50585,10
13.0269699097,80.2197113037,50585,50595,10
13.0275602341,80.2197494507,50595,50605,10
13.0280399323,80.2198181152,50605,50615,10
13.0285301208,80.219909668,50615,50625,10
13.0290803909,80.2200088501,50625,50635,10
13.0295295715,80.2200927734,50635,50646,11
13.0300397873,80.2201766968,50646,50656,10
13.0303897858,80.2202072144,50656,50666,10
13.0304203033,80.2202072144,50666,50676,10
13.0305500031,80.220199585,50676,50686,10
13.0309295654,80.2202529907,50686,50695,9
13.0315799713,80.2202301025,50695,50706,11
13.0321397781,80.2200317383,50706,50716,10
13.0321702957,80.2194519043,50716,50727,11
13.0321397781,80.2186126709,50727,50737,10
13.03166008,80.2184371948,50737,50747,10
13.0314598083,80.2178573608,50747,50757,10
13.0313997269,80.2171401978,50757,50768,11
13.0313596725,80.2167816162,50768,50778,10
13.0312700272,80.2160568237,50778,50788,10
13.0313396454,80.2152633667,50788,50798,10
13.0314502716,80.2144088745,50798,50808,10
13.0315599442,80.2136383057,50808,50818,10
13.0316801071,80.2127685547,50818,50834,16
13.0318698883,80.2115707397,50834,50846,12
13.0319900513,80.2108383179,50846,50854,8
13.032119751,80.2103805542,50854,50866,12
13.0324296951,80.2096862793,50866,50876,10
13.0331201553,80.2097930908,50876,50887,11
13.0341300964,80.2098770142,50887,50897,10
13.0349197388,80.2099761963,50897,50907,10
13.0351495743,80.2095413208,50907,50917,10
13.035200119,80.2090377808,50917,50937,20
13.035200119,80.2090377808,50937,50947,10
13.0352296829,80.2087478638,50947,50957,10
13.0353097916,80.2081680298,50957,50967,10
13.0354299545,80.2072982788,50967,50977,10
13.0355501175,80.2063903809,50977,50988,11
13.0356903076,80.2055206299,50988,50998,10
13.0353403091,80.2052230835,50998,51038,40
13.0353403091,80.2052230835,51038,51048,10
13.0352802277,80.2052230835,51048,51058,10
13.0350503922,80.2052001953,51058,51068,10
13.0348396301,80.2057037354,51068,51231,163
13.0348100662,80.2058334351,51231,51382,151
13.0348100662,80.2058334351,51382,51392,10
13.0346603394,80.2059402466,51392,51402,10
13.0345001221,80.2056808472,51402,51412,10
13.0344200134,80.2053604126,51412,51422,10
13.0346498489,80.2051086426,51422,51432,10
13.0349998474,80.2051315308,51432,51443,11
13.0352096558,80.2051696777,51443,51564,121
13.0355701447,80.2052307129,51564,51755,191
13.0355701447,80.2052307129,51755,51765,10
13.0356302261,80.2052230835,51765,51776,11
13.0358400345,80.2052764893,51776,51786,10
13.0358400345,80.2055969238,51786,51796,10
13.0357599258,80.2060394287,51796,51806,10
13.0356903076,80.2065429688,51806,51816,10
13.0355997086,80.2071609497,51816,51826,10
13.0355100632,80.2077865601,51826,51836,10
13.0354003906,80.2083511353,51836,51846,10
13.0353002548,80.2089996338,51846,51856,10
13.035200119,80.2096786499,51856,51866,10
13.0351495743,80.2102279663,51866,51876,10
13.0350399017,80.2105026245,51876,51887,11
13.0348901749,80.2109985352,51887,51897,10
13.0347995758,80.2116775513,51897,51907,10
13.0347204208,80.212059021,51907,51917,10
13.0342998505,80.2121124268,51917,51927,10
13.0336704254,80.2120285034,51927,51937,10
13.0329198837,80.2118988037,51937,51947,10
13.0322504044,80.211807251,51947,51957,10
13.0318899155,80.2119293213,51957,51967,10
13.0318098068,80.2124633789,51967,51977,10
13.0317296982,80.2130432129,51977,51987,10
13.0316295624,80.213760376,51987,51997,10
13.0315599442,80.214302063,51997,52008,11
13.0314598083,80.2150421143,52008,52018,10
13.031370163,80.2156982422,52018,52028,10
13.0313796997,80.2162780762,52028,52038,10
13.0314598083,80.2169723511,52038,52048,10
13.0315303802,80.2177200317,52048,52058,10
13.0315799713,80.218208313,52058,52068,10
13.0321302414,80.218421936,52068,52078,10
13.0322504044,80.2188186646,52078,52088,10
13.0322303772,80.2193527222,52088,52098,10
13.0322303772,80.2198410034,52098,52108,10
13.03221035,80.2200164795,52108,52119,11
13.0319795609,80.220123291,52119,52128,9
13.0315999985,80.2202072144,52128,52139,11
13.0312404633,80.2202224731,52139,52149,10
13.0307197571,80.2202377319,52149,52159,10
13.0302696228,80.2202224731,52159,52169,10
13.0299501419,80.2202224731,52169,52179,10
13.0297603607,80.220199585,52179,52189,10
13.0293798447,80.2201004028,52189,52199,10
13.0290002823,80.2200164795,52199,52209,10
13.0285997391,80.2199325562,52209,52219,10
13.0283498764,80.2198867798,52219,52230,11
13.0278997421,80.2198028564,52230,52240,10
13.0274496078,80.2197723389,52240,52250,10
13.0270204544,80.2197723389,52250,52260,10
13.0266399384,80.2197799683,52260,52270,10
13.026309967,80.2197570801,52270,52280,10
13.0259599686,80.2197189331,52280,52290,10
13.025639534,80.2197265625,52290,52300,10
13.0251998901,80.2197265625,52300,52310,10
13.024889946,80.2197570801,52310,52320,10
13.0245304108,80.2197723389,52320,52330,10
13.024310112,80.2197113037,52330,52341,11
13.0242900848,80.2193832397,52341,52351,10
13.0242595673,80.2189483643,52351,52367,16
13.0242099762,80.2182388306,52367,52379,12
13.0242300034,80.217666626,52379,52389,10
13.0242395401,80.2172698975,52389,52399,10
13.0242395401,80.2166976929,52399,52419,20
13.0242395401,80.2166976929,52419,52429,10
13.0244998932,80.2165985107,52429,52449,20
13.0244998932,80.2165985107,52449,52460,11
13.0246496201,80.2169036865,52460,52470,10
13.0246896744,80.217338562,52470,52480,10
13.0247097015,80.2177734375,52480,52489,9
13.024720192,80.2181472778,52489,52500,11
13.0247497559,80.2183990479,52500,52510,10
13.0248298645,80.2190475464,52510,52530,20
13.0248298645,80.2190475464,52530,52540,10
13.0248498917,80.2193832397,52540,52550,10
13.0249204636,80.2196731567,52550,52561,11
13.0252504349,80.2197189331,52561,52571,10
13.0254402161,80.2197189331,52571,52581,10
13.0257797241,80.2197418213,52581,52591,10
13.026140213,80.2197418213,52591,52601,10
13.026599884,80.2197265625,52601,52611,10
13.0269098282,80.2197265625,52611,52621,10
13.0272397995,80.2197723389,52621,52631,10
13.0274600983,80.2197723389,52631,52641,10
13.0276298523,80.2197570801,52641,52651,10
13.0280199051,80.2197799683,52651,52661,10
13.028459549,80.2198562622,52661,52678,17
13.0290803909,80.2200088501,52678,52690,12
13.0296201706,80.220123291,52690,52700,10
13.029999733,80.2201919556,52700,52710,10
13.0306301117,80.2202224731,52710,52719,9
13.0311203003,80.2202377319,52719,52730,11
13.0316295624,80.2202072144,52730,52740,10
13.0320196152,80.220123291,52740,52750,10
13.0321502686,80.2201004028,52750,52760,10
13.0322399139,80.2201919556,52760,52770,10
13.0322399139,80.2202301025,52770,52780,10
13.0322303772,80.2202987671,52780,52790,10
13.0321798325,80.2205963135,52790,52800,10
13.0320596695,80.2211074829,52800,52811,11
13.0318803787,80.2216567993,52811,52821,10
13.0316200256,80.2221221924,52821,52831,10
13.0313796997,80.2226104736,52831,52840,9
13.0312204361,80.2230606079,52840,52851,11
13.0311603546,80.2237625122,52851,52871,20
13.0311603546,80.2237625122,52871,52881,10
13.0311698914,80.2241210938,52881,52891,10
13.0309095383,80.2243118286,52891,52902,11
13.0302801132,80.2243118286,52902,52912,10
13.0298204422,80.2242889404,52912,52922,10
13.0296897888,80.2242889404,52922,52932,10
13.0293302536,80.2242889404,52932,52942,10
13.0291204453,80.2242126465,52942,52952,10
13.0289201736,80.2240829468,52952,52962,10
13.0286197662,80.2240524292,52962,52972,10
13.0283899307,80.2244796753,52972,52982,10
13.028260231,80.2250976563,52982,52992,10
13.0281295776,80.2257919312,52992,53002,10
13.0280199051,80.2263565063,53002,53012,10
13.0279302597,80.2267990112,53012,53022,10
13.0280599594,80.2269973755,53022,53033,11
13.0285396576,80.227142334,53033,53043,10
13.0291595459,80.2272262573,53043,53053,10
13.0297803879,80.2273178101,53053,53063,10
13.0303297043,80.2274169922,53063,53073,10
13.0303897858,80.227722168,53073,53083,10
13.0303497314,80.2281188965,53083,53093,10
13.0303401947,80.2282333374,53093,53103,10
13.0303096771,80.2286529541,53103,53113,10
13.0303201675,80.2292709351,53113,53123,10
13.0305299759,80.2298431396,53123,53134,11
13.030670166,80.2303924561,53134,53144,10
13.0306100845,80.230682373,53144,53154,10
13.0301504135,80.2307434082,53154,53164,10
13.02987957,80.2307891846,53164,53174,10
13.0297603607,80.230796814,53174,53184,10
13.0293798447,80.2308425903,53184,53194,10
13.028840065,80.2309036255,53194,53204,10
13.0282402039,80.2309494019,53204,53214,10
13.0277996063,80.231010437,53214,53224,10
13.027680397,80.2314376831,53224,53234,10
13.0277500153,80.2319869995,53234,53245,11
13.0278596878,80.2325897217,53245,53255,10
13.0275201797,80.2328567505,53255,53265,10
13.0270996094,80.232963562,53265,53275,10
13.0268802643,80.2329864502,53275,53285,10
13.0265598297,80.233039856,53285,53295,10
13.0263004303,80.2326965332,53295,53305,10
13.026140213,80.2320404053,53305,53315,10
13.0259399414,80.2311782837,53315,53325,10
13.0256595612,80.2304382324,53325,53335,10
13.0250196457,80.2295532227,53335,53345,10
13.0245304108,80.2289123535,53345,53355,10
13.0240802765,80.2282562256,53355,53366,11
13.0234603882,80.2276000977,53366,53376,10
13.0225000381,80.2267837524,53376,53396,20
13.0225000381,80.2267837524,53396,53406,10
13.022480011,80.2267303467,53406,53416,10
13.0223999023,80.2266464233,53416,53426,10
13.0220499039,80.2263183594,53426,53436,10
13.0214796066,80.2258605957,53436,53446,10
13.020939827,80.2254333496,53446,53456,10
13.0202302933,80.2249603271,53456,53466,10
13.0194997787,80.2245178223,53466,53483,17
13.0179796219,80.2247772217,53483,53495,12
13.0169200897,80.2252426147,53495,53505,10
13.0163097382,80.2254867554,53505,53513,8
13.0156002045,80.2257385254,53513,53525,12
13.0147800446,80.2260818481,53525,53535,10
13.0142202377,80.2263183594,53535,53544,9
13.014169693,80.226348877,53544,53555,11
13.0140600204,80.2264022827,53555,53565,10
13.0135803223,80.2265396118,53565,53575,10
13.0129499435,80.2267913818,53575,53586,11
13.0121097565,80.2271118164,53586,53596,10
13.0112895966,80.2274093628,53596,53606,10
13.010430336,80.2277526855,53606,53616,10
13.0096797943,80.2279510498,53616,53626,10
13.0095901489,80.2273712158,53626,53636,10
13.0099000931,80.2266769409,53636,53646,10
13.0102500916,80.2258987427,53646,53656,10
13.0106201172,80.2250900269,53656,53666,10
13.0109796524,80.2243270874,53666,53676,10
13.0111598969,80.2237701416,53676,53686,10
13.011179924,80.2236633301,53686,53697,11
13.0111999512,80.223487854,53697,53707,10
13.0112495422,80.2230606079,53707,53717,10
13.0115203857,80.2224731445,53717,53727,10
13.0118999481,80.2216033936,53727,53736,9
13.0120401382,80.2208633423,53736,53747,11
13.0116701126,80.2196731567,53747,53757,10
13.0113401413,80.2186584473,53757,53767,10
13.0110197067,80.2177124023,53767,53777,10
13.0106697083,80.2168731689,53777,53787,10
13.0103397369,80.2162399292,53787,53797,10
13.0100803375,80.2158203125,53797,53808,11
13.0098400116,80.2153015137,53808,53818,10
13.0094995499,80.2147903442,53818,53828,10
13.0091295242,80.2142868042,53828,53838,10
13.0086698532,80.2136993408,53838,53848,10
13.0082197189,80.2133407593,53848,53858,10
13.0079402924,80.2132034302,53858,53878,20
13.0079402924,80.2132034302,53878,53888,10
13.0078601837,80.2131271362,53888,53898,10
13.0075902939,80.2128982544,53898,53908,10
13.0071601868,80.2127914429,53908,53919,11
13.0065898895,80.2127609253,53919,53929,10
13.0060195923,80.2129592896,53929,53939,10
13.0054101944,80.2127990723,53939,53949,10
13.0048503876,80.2124176025,53949,53959,10
13.0042200089,80.2121582031,53959,53969,10
13.0037403107,80.2119979858,53969,53979,10
13.0036697388,80.2118682861,53979,53989,10
13.0037002563,80.2117614746,53989,53999,10
13.0037002563,80.2115020752,53999,54009,10
13.0036897659,80.2113037109,54009,54019,10
13.0036401749,80.2108688354,54019,54030,11
13.0035800934,80.2103500366,54030,54040,10
13.0035104752,80.2097625732,54040,54050,10
13.0035800934,80.2091522217,54050,54060,10
13.0038099289,80.2086334229,54060,54070,10
13.0044002533,80.2087936401,54070,54080,10
13.0050802231,80.2090988159,54080,54090,10
13.0058298111,80.2093963623,54090,54100,10
13.006529808,80.2096176147,54100,54110,10
13.0073604584,80.2098236084,54110,54130,20
13.0073604584,80.2098236084,54130,54141,11
13.0074195862,80.2098693848,54141,54151,10
13.0077104568,80.2099380493,54151,54161,10
13.008099556,80.2099761963,54161,54171,10
13.008099556,80.2096176147,54171,54181,10
13.0080003738,80.2090301514,54181,54191,10
13.0078897476,80.2082901001,54191,54201,10
13.0077600479,80.2074432373,54201,54211,10
13.0076303482,80.2066726685,54211,54221,10
13.0075397491,80.2058792114,54221,54231,10
13.007519722,80.2051696777,54231,54241,10
13.0075302124,80.204536438,54241,54251,10
13.0074996948,80.2038726807,54251,54262,11
13.0073604584,80.2030410767,54262,54272,10
13.0072803497,80.2023010254,54272,54282,10
13.0073204041,80.2016372681,54282,54292,10
13.0073404312,80.2015914917,54292,54302,10
13.0073204041,80.201423645,54302,54312,10
13.0073699951,80.2009811401,54312,54322,10
13.0074100494,80.200378418,54322,54332,10
13.007399559,80.19972229,54332,54342,10
13.007349968,80.1990432739,54342,54352,10
13.0073099136,80.1983566284,54352,54362,10
13.0072898865,80.1976013184,54362,54373,11
13.0072603226,80.1968612671,54373,54383,10
13.0072803497,80.1967697144,54383,54393,10
13.0073003769,80.1965179443,54393,54403,10
13.0074195862,80.1961975098,54403,54413,10
13.0078001022,80.1962127686,54413,54423,10
13.0084600449,80.1963119507,54423,54433,10
13.0088796616,80.1961212158,54433,54443,10
13.0094900131,80.1958999634,54443,54453,10
13.0101299286,80.1958770752,54453,54463,10
13.010720253,80.1957397461,54463,54473,10
13.0109996796,80.1955718994,54473,54484,11
13.0111703873,80.1954727173,54484,54494,10
13.0116996765,80.1951599121,54494,54504,10
13.0124797821,80.1947097778,54504,54514,10
13.0133199692,80.194190979,54514,54524,10
13.0141201019,80.1936264038,54524,54534,10
13.0145998001,80.1929931641,54534,54544,10
13.0147199631,80.192817688,54544,54554,10
13.0149002075,80.1925506592,54554,54564,10
13.0151901245,80.1919784546,54564,54574,10
13.0155801773,80.1912689209,54574,54584,10
13.0160102844,80.1904907227,54584,54595,11
13.0163602829,80.1898193359,54595,54605,10
13.0164299011,80.1896820068,54605,54615,10
13.0165996552,80.1893997192,54615,54625,10
13.0167102814,80.189239502,54625,54635,10
13.0168600082,80.1889801025,54635,54645,10
13.0171804428,80.1884078979,54645,54655,10
13.0175600052,80.1876831055,54655,54665,10
13.0177698135,80.187210083,54665,54675,10
13.017780304,80.187171936,54675,54685,10
13.0180196762,80.186920166,54685,54695,10
13.0184402466,80.1866073608,54695,54706,11
13.0191202164,80.1862030029,54706,54716,10
13.019900322,80.1857223511,54716,54726,10
13.0203695297,80.1850814819,54726,54736,10
13.0205402374,80.1845169067,54736,54746,10
13.0205602646,80.1845016479,54746,54756,10
13.02064991,80.1844177246,54756,54766,10
13.0208902359,80.1839065552,54766,54776,10
13.0212898254,80.1831588745,54776,54786,10
13.0217895508,80.1822280884,54786,54796,10
13.0222797394,80.1813430786,54796,54806,10
13.022769928,80.1804122925,54806,54816,10
13.023059845,80.1798477173,54816,54827,11
13.0233001709,80.1793899536,54827,54837,10
13.0235996246,80.1788787842,54837,54847,10
13.0238199234,80.1784820557,54847,54857,10
13.0238399506,80.1784667969,54857,54867,10
13.0239095688,80.1783828735,54867,54877,10
13.0241699219,80.1779632568,54877,54887,10
13.0244703293,80.1774215698,54887,54897,10
13.0247402191,80.176902771,54897,54907,10
13.0250597,80.1763000488,54907,54917,10
13.0253400803,80.1757507324,54917,54927,10
13.0253801346,80.1757202148,54927,54938,11
13.0255899429,80.1753463745,54938,54948,10
13.0259103775,80.1747589111,54948,54964,16
13.0265903473,80.1734924316,54964,54976,12
13.027179718,80.1724319458,54976,54986,10
13.0276699066,80.1715698242,54986,54995,9
13.0281000137,80.1708068848,54995,55006,11
13.0285797119,80.1699676514,55006,55016,10
13.0289497375,80.1692810059,55016,55025,9
13.0290298462,80.1691207886,55025,55037,12
13.0291404724,80.1688766479,55037,55057,20
13.0291404724,80.1688766479,55057,55068,11
13.0292196274,80.1687393188,55068,55078,10
13.0294599533,80.1683197021,55078,55088,10
13.0298204422,80.1676635742,55088,55098,10
13.03028965,80.1668624878,55098,55108,10
13.0308103561,80.1659317017,55108,55118,10
13.0313100815,80.1650390625,55118,55128,10
13.0317497253,80.1642303467,55128,55138,10
13.0321397781,80.1635894775,55138,55148,10
13.0322999954,80.1632614136,55148,55159,11
13.0323600769,80.1631622314,55159,55169,10
13.0325899124,80.1627578735,55169,55179,10
13.032910347,80.1621932983,55179,55189,10
13.0332098007,80.1616592407,55189,55199,10
13.0335302353,80.1611022949,55199,55209,10
13.0338802338,80.1604690552,55209,55219,10
13.0342302322,80.1597824097,55219,55229,10
13.034330368,80.1589508057,55229,55239,10
13.0343103409,80.1580429077,55239,55249,10
13.034239769,80.157119751,55249,55259,10
13.0344200134,80.1563186646,55259,55270,11
13.0345201492,80.1559677124,55270,55280,10
13.0344600677,80.15574646,55280,55290,10
13.0337896347,80.1553192139,55290,55320,30
13.0337896347,80.1553192139,55320,55330,10
13.0336303711,80.1551818848,55330,55340,10
13.0332803726,80.1548690796,55340,55350,10
13.032790184,80.1544189453,55350,55360,10
13.0323495865,80.154006958,55360,55370,10
13.0318603516,80.153678894,55370,55381,11
13.0312299728,80.1532974243,55381,55391,10
13.0307302475,80.1529998779,55391,55401,10
13.0306596756,80.152961731,55401,55411,10
13.0305900574,80.1529006958,55411,55421,10
13.0302400589,80.1526565552,55421,55431,10
13.029709816,80.1522979736,55431,55441,10
13.0290803909,80.1518707275,55441,55451,10
13.0284996033,80.1514892578,55451,55461,10
13.0281200409,80.1512527466,55461,55471,10
13.0280799866,80.151222229,55471,55481,10
13.0279397964,80.1511001587,55481,55491,10
13.0275096893,80.1507720947,55491,55502,11
13.0268697739,80.1502990723,55502,55512,10
13.0262098312,80.149772644,55512,55522,10
13.0256204605,80.1492385864,55522,55532,10
13.0250797272,80.1486587524,55532,55542,10
13.0245103836,80.1480178833,55542,55552,10
13.0239496231,80.1474380493,55552,55562,10
13.0234203339,80.1469192505,55562,55572,10
13.0229701996,80.1464920044,55572,55582,10
13.0228900909,80.1464080811,55582,55592,10
13.0227403641,80.1462478638,55592,55602,10
13.0224304199,80.1459503174,55602,55613,11
13.0220098495,80.1455307007,55613,55623,10
13.0215902328,80.145111084,55623,55633,10
13.0211200714,80.1446533203,55633,55643,10
13.0206098557,80.1441497803,55643,55653,10
13.0201196671,80.1436233521,55653,55663,10
13.0197000504,80.1431274414,55663,55673,10
13.0190401077,80.1424865723,55673,55701,28
13.0190401077,80.1424865723,55701,55709,8
13.0188703537,80.142288208,55709,55721,12
13.0183601379,80.1418075562,55721,55732,11
13.0177698135,80.1411972046,55732,55742,10
13.0173501968,80.1404418945,55742,55751,9
13.0169696808,80.1396713257,55751,55762,11
13.0165100098,80.1387176514,55762,55772,10
13.0160799026,80.137840271,55772,55782,10
13.0156097412,80.1368865967,55782,55792,10
13.015370369,80.1364517212,55792,55802,10
13.0153598785,80.1364135742,55802,55812,10
13.0151796341,80.1360626221,55812,55822,10
13.0148696899,80.1354904175,55822,55833,11
13.0144195557,80.134727478,55833,55843,10
13.0139198303,80.1340026855,55843,55853,10
13.0133800507,80.1332473755,55853,55863,10
13.0126399994,80.1329193115,55863,55873,10
13.0125303268,80.1318969727,55873,55893,20
13.0125303268,80.1318969727,55893,55903,10
13.0125198364,80.1315765381,55903,55913,10
13.0123195648,80.1310195923,55913,55923,10
13.0119695663,80.1302719116,55923,55933,10
13.0117301941,80.1294403076,55933,55943,10
13.011590004,80.1285018921,55943,55954,11
13.0114898682,80.1275405884,55954,55964,10
13.0114297867,80.1268386841,55964,55974,10
13.0114097595,80.1260986328,55974,55984,10
13.0114498138,80.1252212524,55984,55994,10
13.0113096237,80.1243209839,55994,56004,10
13.0109500885,80.1237182617,56004,56020,16
13.0108003616,80.1234893799,56020,56032,12
13.0101900101,80.1230010986,56032,56040,8
13.009759903,80.1225585938,56040,56052,12
13.0096998215,80.1216812134,56052,56063,11
13.0096597672,80.1212387085,56063,56073,10
13.0096902847,80.1206893921,56073,56083,10
13.0098896027,80.1200408936,56083,56093,10
13.0099201202,80.1199493408,56093,56103,10
13.0099401474,80.1199035645,56103,56113,10
13.0100603104,80.1194763184,56113,56123,10
13.0101299286,80.1188278198,56123,56133,10
13.0103902817,80.118019104,56133,56143,10
13.0107498169,80.1170730591,56143,56153,10
13.0109796524,80.1160125732,56153,56163,10
13.0110797882,80.115020752,56163,56174,11
13.0109195709,80.114440918,56174,56184,10
13.0103597641,80.1144485474,56184,56194,10
13.0102396011,80.1144638062,56194,56204,10
13.0100603104,80.1144485474,56204,56214,10
13.0095100403,80.1144714355,56214,56224,10
13.0087203979,80.114440918,56224,56234,10
13.0080404282,80.113899231,56234,56244,10
13.0072803497,80.1128463745,56244,56264,20
13.0072803497,80.1128463745,56264,56274,10
13.0072002411,80.1127166748,56274,56285,11
13.0068597794,80.1122512817,56285,56295,10
13.0064296722,80.1116104126,56295,56305,10
13.0061197281,80.1107711792,56305,56315,10
13.005610466,80.1099777222,56315,56325,10
13.0053796768,80.1093521118,56325,56335,10
13.0053796768,80.1092834473,56335,56345,10
13.0053796768,80.1090927124,56345,56355,10
13.0053501129,80.1085205078,56355,56365,10
13.0052995682,80.1078033447,56365,56375,10
13.0052604675,80.1070022583,56375,56385,10
13.0051803589,80.1060409546,56385,56396,11
13.0049295425,80.1048736572,56396,56406,10
13.0046796799,80.1037368774,56406,56416,10
13.0046300888,80.1026000977,56416,56426,10
13.0043802261,80.1016693115,56426,56436,10
13.0039701462,80.1008987427,56436,56446,10
13.0035104752,80.0997314453,56446,56466,20
13.0035104752,80.0997314453,56466,56476,10
13.0034704208,80.0995635986,56476,56486,10
13.0032596588,80.0992431641,56486,56496,10
13.002869606,80.0989074707,56496,56506,10
13.0023202896,80.0985717773,56506,56517,11
13.0017004013,80.0982208252,56517,56527,10
13.0010995865,80.0979385376,56527,56537,10
13.000120163,80.0975799561,56537,56557,20
13.000120163,80.0975799561,56557,56567,10
13.0,80.0974884033,56567,56577,10
12.9995603561,80.0972137451,56577,56587,10
12.9987201691,80.0967407227,56587,56607,20
12.9987201691,80.0967407227,56607,56617,10
12.9984798431,80.0966186523,56617,56628,11
12.9983901978,80.0965881348,56628,56638,10
12.9982795715,80.0965576172,56638,56648,10
12.998000145,80.0964889526,56648,56658,10
12.9975404739,80.0964508057,56658,56668,10
12.9970397949,80.0962982178,56668,56678,10
12.9968595505,80.0959014893,56678,56688,10
12.9970598221,80.0961380005,56688,56991,303
12.9970598221,80.0961380005,56991,57001,10
12.9971199036,80.0963897705,57001,57011,10
12.9972200394,80.0964431763,57011,57021,10
12.9973697662,80.0964431763,57021,57031,10
12.9976100922,80.096496582,57031,57041,10
12.9978704453,80.0965194702,57041,57051,10
12.9982404709,80.0965805054,57051,57061,10
12.9986095428,80.0967178345,57061,57071,10
12.9991197586,80.0969390869,57071,57082,11
12.9996595383,80.0972366333,57082,57092,10
13.000169754,80.0975723267,57092,57102,10
13.0003900528,80.0977020264,57102,57112,10
13.0005197525,80.0977401733,57112,57122,10
13.00096035,80.0978622437,57122,57132,10
13.0015201569,80.0980911255,57132,57142,10
13.0020799637,80.0983886719,57142,57152,10
13.0026502609,80.0987167358,57152,57162,10
13.0031404495,80.0990524292,57162,57172,10
13.0034799576,80.0994873047,57172,57183,11
13.0035896301,80.099822998,57183,57193,10
13.0036001205,80.099861145,57193,57203,10
13.0037097931,80.100189209,57203,57213,10
13.0038900375,80.1006774902,57213,57223,10
13.0040102005,80.1009597778,57223,57233,10
13.0042200089,80.101348877,57233,57243,10
13.0044898987,80.1019210815,57243,57253,10
13.0046396255,80.1024627686,57253,57263,10
13.004699707,80.1033325195,57263,57273,10
13.0047798157,80.1041564941,57273,57283,10
13.0049600601,80.1049194336,57283,57293,10
13.0051603317,80.1058425903,57293,57304,11
13.005279541,80.1066970825,57304,57314,10
13.0053100586,80.107460022,57314,57324,10
13.0053596497,80.1083068848,57324,57334,10
13.0054197311,80.1091003418,57334,57344,10
13.0054597855,80.1095504761,57344,57354,10
13.0054798126,80.1096420288,57354,57364,10
13.0056295395,80.1099777222,57364,57374,10
13.0059404373,80.1103973389,57374,57384,10
13.0061998367,80.1109924316,57384,57394,10
13.0065002441,80.1117019653,57394,57403,9
13.0069198608,80.1123199463,57403,57415,12
13.0073795319,80.112953186,57415,57425,10
13.0077400208,80.1134796143,57425,57435,10
13.0081796646,80.1140365601,57435,57445,10
13.0088596344,80.1145019531,57445,57455,10
13.0097503662,80.1144866943,57455,57465,10
13.0103797913,80.1144714355,57465,57475,10
13.0106096268,80.1144485474,57475,57485,10
13.0107603073,80.1144485474,57485,57495,10
13.0111103058,80.114616394,57495,57505,10
13.0111103058,80.1152191162,57505,57515,10
13.0110197067,80.1159896851,57515,57525,10
13.0108699799,80.116859436,57525,57536,11
13.0105304718,80.1178207397,57536,57546,10
13.0101900101,80.1186828613,57546,57556,10
13.0100803375,80.1195526123,57556,57566,10
13.0097799301,80.1204681396,57566,57586,20
13.0097799301,80.1204681396,57586,57596,10
13.0097198486,80.1207275391,57596,57606,10
13.0096998215,80.1212387085,57606,57616,10
13.0097398758,80.1217880249,57616,57626,10
13.0097799301,80.1224365234,57626,57637,11
13.0101203918,80.1229934692,57637,57647,10
13.0106801987,80.1233596802,57647,57657,10
13.011059761,80.123878479,57657,57667,10
13.0113201141,80.1243515015,57667,57677,10
13.011469841,80.1247406006,57677,57687,10
13.0114803314,80.1253433228,57687,57697,10
13.0114402771,80.1259918213,57697,57707,10
13.0114603043,80.1266098022,57707,57717,10
13.0114898682,80.1269378662,57717,57727,10
13.0114898682,80.1270599365,57727,57737,10
13.0115299225,80.1275024414,57737,57748,11
13.0115995407,80.1282119751,57748,57758,10
13.0116701126,80.1289367676,57758,57768,10
13.0117797852,80.1296386719,57768,57778,10
13.0120000839,80.1303405762,57778,57788,10
13.0123100281,80.1310424805,57788,57798,10
13.0125303268,80.1316680908,57798,57808,10
13.0125398636,80.1317596436,57808,57818,10
13.012550354,80.1319198608,57818,57828,10
13.0125398636,80.1324081421,57828,57838,10
13.0126800537,80.1329421997,57838,57848,10
13.0131998062,80.1331329346,57848,57859,11
13.0137395859,80.1336669922,57859,57869,10
13.0140800476,80.1341934204,57869,57879,10
13.0144500732,80.1347503662,57879,57889,10
13.0148296356,80.135383606,57889,57899,10
13.0152101517,80.1360778809,57899,57909,10
13.0155496597,80.1367263794,57909,57929,20
13.0155496597,80.1367263794,57929,57939,10
13.0156698227,80.1369476318,57939,57949,10
13.0158901215,80.1374130249,57949,57959,10
13.0161504745,80.1378936768,57959,57969,10
13.016409874,80.1384429932,57969,57980,11
13.0167798996,80.1391677856,57980,57990,10
13.0170297623,80.1396636963,57990,58000,10
13.0170602798,80.1397399902,58000,58010,10
13.017250061,80.1401290894,58010,58020,10
13.017539978,80.1407394409,58020,58030,10
13.0178899765,80.1413421631,58030,58040,10
13.0184202194,80.1418991089,58040,58050,10
13.0190000534,80.1424331665,58050,58060,10
13.0194597244,80.1428909302,58060,58070,10
13.0198602676,80.1432800293,58070,58080,10
13.0205001831,80.1440200806,58080,58101,21
13.0205001831,80.1440200806,58101,58111,10
13.0205497742,80.1440963745,58111,58121,10
13.0207004547,80.1442489624,58121,58131,10
13.0210399628,80.1445770264,58131,58141,10
13.0214796066,80.1450119019,58141,58151,10
13.0219202042,80.1454315186,58151,58161,10
13.022359848,80.1458511353,58161,58171,10
13.0225000381,80.1459884644,58171,58181,10
13.0226097107,80.1461029053,58181,58191,10
13.0228796005,80.1463623047,58191,58202,11
13.0231800079,80.1466522217,58202,58212,10
13.0235500336,80.1470108032,58212,58222,10
13.024020195,80.1474761963,58222,58232,10
13.0244998932,80.1480026245,58232,58242,10
13.0250396729,80.1485519409,58242,58252,10
13.0256099701,80.1491775513,58252,58262,10
13.0262203217,80.1497573853,58262,58272,10
13.0268001556,80.1502227783,58272,58282,10
13.0274000168,80.1506576538,58282,58292,10
13.0279903412,80.1511001587,58292,58302,10
13.0282697678,80.1512985229,58302,58313,11
13.0283603668,80.1513671875,58313,58323,10
13.0287399292,80.1516265869,58323,58333,10
13.0292196274,80.1519470215,58333,58343,10
13.0297498703,80.1522979736,58343,58353,10
13.0302400589,80.1526184082,58353,58363,10
13.030670166,80.1528701782,58363,58373,10
13.0307302475,80.1529083252,58373,58383,10
13.0308198929,80.152961731,58383,58393,10
13.0312099457,80.1532287598,58393,58403,10
13.0317497253,80.1536026001,58403,58413,10
13.0322999954,80.1539535522,58413,58423,10
13.0328102112,80.1544113159,58423,58434,11
13.0334396362,80.1549377441,58434,58444,10
13.0339803696,80.155380249,58444,58453,9
13.0345001221,80.1557617188,58453,58555,102
13.0345001221,80.1557617188,58555,58565,10
13.0346603394,80.1559524536,58565,58575,10
13.0346899033,80.1563034058,58575,58585,10
13.0344200134,80.1568374634,58585,58595,10
13.0343799591,80.1575469971,58595,58605,10
13.0344295502,80.1583786011,58605,58615,10
13.0344400406,80.1592407227,58615,58625,10
13.034330368,80.1599578857,58625,58635,10
13.0340299606,80.1604995728,58635,58646,11
13.0336799622,80.1611633301,58646,58656,10
13.0336103439,80.161277771,58656,58666,10
13.0335502625,80.1613616943,58666,58676,10
13.0333099365,80.1617965698,58676,58686,10
13.0329799652,80.1623916626,58686,58696,10
13.0325803757,80.1631164551,58696,58706,10
13.0321502686,80.1639328003,58706,58716,10
13.0320100784,80.1641921997,58716,58726,10
13.0319404602,80.1643218994,58726,58736,10
13.0318098068,80.1645584106,58736,58746,10
13.0315198898,80.1650772095,58746,58757,11
13.031080246,80.1658325195,58757,58767,10
13.0305995941,80.1667022705,58767,58777,10
13.0300798416,80.1676101685,58777,58787,10
13.0296802521,80.1683425903,58787,58797,10
13.0295095444,80.1686630249,58797,58807,10
13.0294799805,80.1687011719,58807,58817,10
13.0292196274,80.169090271,58817,58827,10
13.0288600922,80.1697387695,58827,58837,10
13.0285596848,80.1703262329,58837,58847,10
13.028260231,80.1708526611,58847,58857,10
13.0278701782,80.17162323,58857,58867,10
13.0273704529,80.1725234985,58867,58878,11
13.0268201828,80.173500061,58878,58888,10
13.0263395309,80.1743469238,58888,58898,10
13.0258798599,80.1751174927,58898,58908,10
13.0254001617,80.1760025024,58908,58918,10
13.0250701904,80.1765899658,58918,58928,10
13.0250301361,80.176651001,58928,58938,10
13.0249795914,80.1767272949,58938,58954,16
13.0246400833,80.1773605347,58954,58966,12
13.0242004395,80.1781616211,58966,58976,10
13.0238599777,80.1787719727,58976,58987,11
13.0237503052,80.1789779663,58987,58997,10
13.0235500336,80.1793289185,58997,59007,10
13.0231895447,80.17993927,59007,59017,10
13.0228004456,80.1806411743,59017,59027,10
13.0224504471,80.1812591553,59027,59037,10
13.0220403671,80.1819763184,59037,59047,10
13.0217599869,80.1825408936,59047,59057,10
13.0216798782,80.1827011108,59057,59067,10
13.0215597153,80.1828994751,59067,59077,10
13.0213899612,80.1832275391,59077,59087,10
13.0212497711,80.1834335327,59087,59098,11
13.0209102631,80.1840820313,59098,59118,20
13.0209102631,80.1840820313,59118,59128,10
13.0208396912,80.1842803955,59128,59138,10
13.0207195282,80.1846237183,59138,59148,10
13.0207195282,80.1846313477,59148,59158,10
13.02064991,80.1849365234,59158,59168,10
13.0204801559,80.1853790283,59168,59178,10
13.0200796127,80.1858291626,59178,59188,10
13.0193996429,80.1862182617,59188,59198,10
13.018699646,80.1866607666,59198,59209,11
13.0183897018,80.1868896484,59209,59219,10
13.0180301666,80.187210083,59219,59229,10
13.0176801682,80.1878433228,59229,59238,9
13.0173301697,80.1884994507,59238,59249,11
13.0169696808,80.189163208,59249,59259,10
13.01679039,80.1895065308,59259,59269,10
13.0167598724,80.1895828247,59269,59279,10
13.0165395737,80.1899185181,59279,59289,10
13.0158996582,80.1910629272,59289,59299,10
13.0158996582,80.1910629272,59299,59309,10
13.0154800415,80.1918029785,59309,59320,11
13.0149898529,80.1926803589,59320,59330,10
13.0145397186,80.1933822632,59330,59340,10
13.0143203735,80.1936569214,59340,59350,10
13.0142803192,80.1936798096,59350,59360,10
13.0139703751,80.1939163208,59360,59372,12
13.0132904053,80.1943511963,59372,59382,10
13.0125999451,80.1947784424,59382,59392,10
13.0117902756,80.1952972412,59392,59402,10
13.0111398697,80.1957168579,59402,59412,10
13.0110902786,80.1957473755,59412,59422,10
13.0108098984,80.1958618164,59422,59434,12
13.0101995468,80.1959686279,59434,59444,10
13.0095100403,80.1959686279,59444,59453,9
13.0088996887,80.1961975098,59453,59464,11
13.0085897446,80.1967163086,59464,59474,10
13.0085897446,80.1975097656,59474,59484,10
13.0086402893,80.1980285645,59484,59494,10
13.0086402893,80.1980514526,59494,59504,10
13.0086603165,80.1984710693,59504,59524,20
13.0086603165,80.1984710693,59524,59534,10
13.0086402893,80.1986618042,59534,59545,11
13.0086297989,80.1992874146,59545,59555,10
13.008649826,80.2000808716,59555,59565,10
13.0086402893,80.200958252,59565,59575,10
13.0085802078,80.2018508911,59575,59585,10
13.0085897446,80.2022476196,59585,59595,10
13.0085897446,80.2023162842,59595,59605,10
13.0085201263,80.2027511597,59605,59615,10
13.0082101822,80.2032928467,59615,59625,10
13.0077800751,80.2038497925,59625,59635,10
13.0077600479,80.2046127319,59635,59645,10
13.0077495575,80.2054519653,59645,59656,11
13.0078401566,80.2065124512,59656,59666,10
13.0079402924,80.2073974609,59666,59676,10
13.0080299377,80.2080917358,59676,59686,10
13.0081396103,80.2089004517,59686,59696,10
13.0083398819,80.209777832,59696,59705,9
13.0086803436,80.2104187012,59705,59716,11
13.0092496872,80.2108764648,59716,59746,30
13.0093698502,80.2110214233,59746,59767,21
13.0093698502,80.2110214233,59767,59777,10
13.00922966,80.2113265991,59777,59787,10
13.0091400146,80.2114715576,59787,59797,10
13.0090799332,80.2116928101,59797,59807,10
13.0092000961,80.2121200562,59807,59817,10
13.0093402863,80.2125396729,59817,59827,10
13.0095396042,80.2130737305,59827,59837,10
13.0097503662,80.2136306763,59837,59847,10
13.0099897385,80.2142028809,59847,59857,10
13.0101900101,80.2148590088,59857,59873,16
13.0104398727,80.2160186768,59873,59886,13
13.0108804703,80.2170181274,59886,59896,10
13.011179924,80.2176437378,59896,59906,10
13.0115499496,80.2186203003,59906,59916,10
13.0118999481,80.2195968628,59916,59926,10
13.0120897293,80.2202682495,59926,59936,10
13.0123500824,80.2209625244,59936,59946,10
13.0125303268,80.2213821411,59946,59966,20
13.0125303268,80.2213821411,59966,59976,10
13.0126800537,80.221572876,59976,59986,10
13.0128498077,80.2218170166,59986,59997,11
13.0131397247,80.2221603394,59997,60007,10
13.0133600235,80.2224578857,60007,60017,10
13.0136604309,80.2228469849,60017,60027,10
13.0139904022,80.2232589722,60027,60037,10
13.0142097473,80.2235488892,60037,60047,10
13.0144796371,80.2238922119,60047,60057,10
13.0149097443,80.2244262695,60057,60067,10
13.0151700974,80.2247085571,60067,60077,10
13.0152301788,80.224822998,60077,60087,10
13.0155296326,80.2250595093,60087,60097,10
13.0156202316,80.2251281738,60097,60108,11
13.0159902573,80.2253570557,60108,60118,10
13.016500473,80.2253265381,60118,60127,9
13.0171098709,80.2250976563,60127,60138,11
13.0179901123,80.2247161865,60138,60148,10
13.0187597275,80.2244110107,60148,60158,10
13.0192699432,80.2243118286,60158,60188,30
13.0192699432,80.2243118286,60188,60198,10
13.0196800232,80.2244567871,60198,60219,21
13.0196800232,80.2244567871,60219,60229,10
13.0197896957,80.2245635986,60229,60239,10
13.0201301575,80.224822998,60239,60249,10
13.0206403732,80.2251968384,60249,60259,10
13.0212001801,80.2256164551,60259,60269,10
13.0218200684,80.2260894775,60269,60279,10
13.0224895477,80.2266464233,60279,60289,10
13.0231304169,80.2272186279,60289,60299,10
13.0237102509,80.2277374268,60299,60309,10
13.0242004395,80.2282333374,60309,60319,10
13.0245895386,80.2287826538,60319,60330,11
13.0250597,80.2294311523,60330,60340,10
13.0255298615,80.2300415039,60340,60350,10
13.0258598328,80.2306213379,60350,60360,10
13.0259799957,80.2309417725,60360,60370,10
13.0260295868,80.2311401367,60370,60380,10
13.0261497498,80.2313995361,60380,60390,10
13.0265703201,80.231300354,60390,60400,10
13.0272397995,80.2311172485,60400,60410,10
13.0277204514,80.2310180664,60410,60426,16
13.0284996033,80.2309188843,60426,60449,23
13.0284996033,80.2309188843,60449,60459,10
13.0287399292,80.2308883667,60459,60469,10
13.0291996002,80.2308731079,60469,60519,50
13.0291996002,80.2308731079,60519,60529,10
13.0294904709,80.230796814,60529,60539,10
13.0300197601,80.2307815552,60539,60549,10
13.0305595398,80.2307434082,60549,60560,11
13.0306797028,80.2305831909,60560,60571,11
13.0306196213,80.2302093506,60571,60581,10
13.0304203033,80.229637146,60581,60591,10
13.0302801132,80.2290115356,60591,60601,10
13.0303401947,80.2283172607,60601,60631,30
13.0303401947,80.2283172607,60631,60641,10
13.0304002762,80.2281036377,60641,60651,10
13.0304002762,80.2278289795,60651,60662,11
13.0303602219,80.2275390625,60662,60672,10
13.0298900604,80.2274398804,60672,60682,10
13.0293102264,80.2273406982,60682,60692,10
13.0288200378,80.2272720337,60692,60712,20
13.0288200378,80.2272720337,60712,60722,10
13.0284404755,80.2272033691,60722,60732,10
13.0281095505,80.2270889282,60732,60742,10
13.0279302597,80.2267684937,60742,60752,10
13.0280399323,80.2262191772,60752,60762,10
13.028169632,80.2255706787,60762,60773,11
13.0283603668,80.2247314453,60773,60783,10
13.028719902,80.2240219116,60783,60803,20
13.028719902,80.2240219116,60803,60813,10
13.0289297104,80.2241516113,60813,60823,10
13.0293798447,80.224319458,60823,60833,10
13.0300102234,80.224319458,60833,60843,10
13.0305500031,80.2243423462,60843,60853,10
13.0310201645,80.224319458,60853,60863,10
13.0310897827,80.2238616943,60863,60873,10
13.031129837,80.2233276367,60873,60884,11
13.0311403275,80.2232589722,60884,60894,10
13.0311698914,80.2232131958,60894,60904,10
13.0312700272,80.2228164673,60904,60914,10
13.0315704346,80.2222671509,60914,60924,10
13.0318698883,80.2216720581,60924,60940,16
13.0321702957,80.2206115723,60940,60952,12
13.0321397781,80.2201004028,60952,60961,9
13.032119751,80.2201004028,60961,60971,10
13.0319795609,80.2201309204,60971,60982,11
13.031920433,80.2201309204,60982,60993,11
13.031539917,80.2202224731,60993,61004,11
13.0310001373,80.2202377319,61004,61014,10
13.030500412,80.2202224731,61014,61044,30
13.030500412,80.2202224731,61044,61054,10
13.0301504135,80.2201690674,61054,61064,10
13.0298995972,80.220161438,61064,61074,10
13.0293197632,80.2200469971,61074,61084,10
13.0284500122,80.2198562622,61084,61115,31
13.0284500122,80.2198562622,61115,61125,10
13.028380394,80.2198791504,61125,61135,10
13.0280599594,80.2198181152,61135,61145,10
13.0279302597,80.2198028564,61145,61155,10
13.027589798,80.2197799683,61155,61165,10
13.0271596909,80.2197723389,61165,61175,10
13.026599884,80.2197570801,61175,61185,10
13.02602005,80.2197570801,61185,61195,10
13.025560379,80.2197418213,61195,61205,10
13.025179863,80.2197494507,61205,61226,21
13.025179863,80.2197494507,61226,61236,10
13.0248203278,80.2197875977,61236,61246,10
13.0244703293,80.2197799683,61246,61256,10
13.0242700577,80.2196502686,61256,61266,10
13.0242795944,80.2194824219,61266,61276,10
13.0242595673,80.2193603516,61276,61286,10
13.0242500305,80.2189712524,61286,61296,10
13.0242300034,80.218536377,61296,61306,10
13.0242300034,80.2182693481,61306,61316,10
13.0242395401,80.2179870605,61316,61326,10
13.0242595673,80.2173995972,61326,61337,11
13.0242795944,80.2170715332,61337,61347,10
13.0242500305,80.2166671753,61347,62275,928
13.0242500305,80.2166671753,62275,62285,10
13.0244398117,80.2165679932,62285,62295,10
13.0246295929,80.2166290283,62295,62305,10
13.0246801376,80.2169189453,62305,62315,10
13.0247097015,80.2172622681,62315,62325,10
13.0247297287,80.2175979614,62325,62336,11
13.0247402191,80.2179489136,62336,62346,10
13.0247402191,80.2182388306,62346,62356,10
13.0247802734,80.2185592651,62356,62366,10
13.0248298645,80.2190322876,62366,62376,10
13.0248603821,80.2192687988,62376,62386,10
13.0248603821,80.2194824219,62386,62396,10
13.0249595642,80.2197723389,62396,62406,10
13.0252304077,80.2197570801,62406,62416,10
13.0252799988,80.2197723389,62416,62426,10
13.0256299973,80.2197570801,62426,62436,10
13.026049614,80.2197799683,62436,62447,11
13.0264997482,80.2197723389,62447,62457,10
13.0269098282,80.2197723389,62457,62467,10
13.0276298523,80.2197875977,62467,62487,20
13.0276298523,80.2197875977,62487,62497,10
13.0278701782,80.2198104858,62497,62507,10
13.028169632,80.2198486328,62507,62517,10
13.0284795761,80.2198867798,62517,62527,10
13.0287599564,80.2199478149,62527,62537,10
13.0289802551,80.2200012207,62537,62547,10
13.0291996002,80.2200622559,62547,62558,11
13.0296201706,80.2201690674,62558,62568,10
13.0298995972,80.2202224731,62568,62578,10
13.0303096771,80.2202529907,62578,62598,20
13.0303096771,80.2202529907,62598,62608,10
13.0306100845,80.2202529907,62608,62618,10
13.0308799744,80.2202606201,62618,62628,10
13.0312004089,80.2202682495,62628,62638,10
13.0315904617,80.2202606201,62638,62648,10
13.0320396423,80.220123291,62648,62658,10
13.0322599411,80.2202301025,62658,62669,11
13.0322599411,80.2203216553,62669,62679,10
13.0322303772,80.2204589844,62679,62689,10
13.032119751,80.2209396362,62689,62699,10
13.0320100784,80.2214431763,62699,62709,10
13.0319004059,80.2217102051,62709,62719,10
13.0316896439,80.2220993042,62719,62729,10
13.0314998627,80.2224884033,62729,62739,10
13.0312900543,80.2229385376,62739,62749,10
13.0312099457,80.2234573364,62749,62759,10
13.0311899185,80.2238922119,62759,62769,10
13.0311803818,80.2239837646,62769,62780,11
13.031129837,80.224357605,62780,62790,10
13.0306797028,80.224319458,62790,62800,10
13.0301103592,80.2242965698,62800,62810,10
13.0291404724,80.2242584229,62810,62830,20
13.0291404724,80.2242584229,62830,62840,10
13.0289001465,80.2240982056,62840,62850,10
13.028550148,80.2241592407,62850,62860,10
13.028380394,80.2248077393,62860,62870,10
13.0282297134,80.2255325317,62870,62880,10
13.0280895233,80.2261886597,62880,62891,11
13.0280599594,80.2270584106,62891,62901,10
13.0280599594,80.2270584106,62901,62911,10
13.0284996033,80.2271499634,62911,62921,10
13.0286397934,80.2271728516,62921,62931,10
13.028840065,80.2272109985,62931,62941,10
13.0293998718,80.2273101807,62941,62951,10
13.0300197601,80.2274169922,62951,62961,10
13.0304403305,80.2276382446,62961,62972,11
13.0303697586,80.228302002,62972,62992,20
13.0303697586,80.228302002,62992,63001,9
13.0303497314,80.2286224365,63001,63013,12
13.0303297043,80.229309082,63013,63023,10
13.030579567,80.2299423218,63023,63033,10
13.0306596756,80.230758667,63033,63053,20
13.0306596756,80.230758667,63053,63063,10
13.0304803848,80.230796814,63063,63073,10
13.0297803879,80.2308425903,63073,63093,20
13.0297803879,80.2308425903,63093,63103,10
13.0294599533,80.2308578491,63103,63113,10
13.0289096832,80.2308883667,63113,63124,11
13.0282096863,80.2309417725,63124,63134,10
13.0277299881,80.2310409546,63134,63143,9
13.0277004242,80.2314300537,63143,63154,11
13.027759552,80.2320480347,63154,63164,10
13.0277099609,80.2328414917,63164,63224,60
13.0277099609,80.2328414917,63224,63235,11
13.0274801254,80.2328720093,63235,63245,10
13.0272598267,80.2328872681,63245,63255,10
13.0270700455,80.2329177856,63255,63265,10
13.0268602371,80.2329406738,63265,63275,10
13.0266399384,80.2329788208,63275,63285,10
13.0263395309,80.2326812744,63285,63295,10
13.0261201859,80.2319717407,63295,63305,10
13.0258998871,80.2310562134,63305,63315,10
13.0254497528,80.2301177979,63315,63325,10
13.0248603821,80.2293930054,63325,63346,21
13.0248603821,80.2293930054,63346,63356,10
13.0247802734,80.2293014526,63356,63366,10
13.0245800018,80.2290115356,63366,63376,10
13.0243196487,80.2286605835,63376,63386,10
13.0239095688,80.2281265259,63386,63395,9
13.023349762,80.2275619507,63395,63406,11
13.0226898193,80.2269973755,63406,63416,10
13.0225601196,80.2268829346,63416,63426,10
13.022480011,80.2267608643,63426,63436,10
13.0220603943,80.2263870239,63436,63446,10
13.0214500427,80.2258987427,63446,63457,11
13.0207099915,80.2253417969,63457,63467,10
13.0202598572,80.2250366211,63467,63477,10
13.02023983,80.2250289917,63477,63487,10
13.0201101303,80.224937439,63487,63497,10
13.0197000504,80.2246704102,63497,63507,10
13.0190496445,80.2244796753,63507,63517,10
13.0183095932,80.2247009277,63517,63527,10
13.017539978,80.2250213623,63527,63537,10
13.0167798996,80.2253494263,63537,63547,10
13.0162801743,80.2255401611,63547,63557,10
13.0157403946,80.2257232666,63557,63568,11
13.0150499344,80.226020813,63568,63578,10
13.01445961,80.2262573242,63578,63588,10
13.0139398575,80.2265167236,63588,63598,10
13.0137996674,80.2265701294,63598,63608,10
13.0137500763,80.2265930176,63608,63618,10
13.0134296417,80.2266693115,63618,63628,10
13.0128803253,80.2268371582,63628,63638,10
13.0122003555,80.2270889282,63638,63648,10
13.0114097595,80.2273864746,63648,63658,10
13.0105800629,80.227722168,63658,63668,10
13.0098695755,80.2279586792,63668,63679,11
13.0095500946,80.2275390625,63679,63689,10
13.0098304749,80.2269134521,63689,63699,10
13.0101499557,80.2262115479,63699,63709,10
13.0104198456,80.2256469727,63709,63719,10
13.0106201172,80.2252197266,63719,63729,10
13.0106801987,80.2250976563,63729,63739,10
13.0107803345,80.224861145,63739,63749,10
13.0108499527,80.2247009277,63749,63759,10
13.011059761,80.2241973877,63759,63769,10
13.0111999512,80.2238082886,63769,63779,10
13.0112495422,80.2236022949,63779,63790,11
13.0113697052,80.223197937,63790,63800,10
13.0116500854,80.2226104736,63800,63810,10
13.0118999481,80.2218704224,63810,63820,10
13.0120801926,80.2214202881,63820,63830,10
13.0121002197,80.2208786011,63830,63840,10
13.0118999481,80.2201385498,63840,63850,10
13.0116195679,80.2192687988,63850,63860,10
13.0113201141,80.2183837891,63860,63870,10
13.0109500885,80.2174530029,63870,63880,10
13.0105800629,80.2165985107,63880,63890,10
13.0101499557,80.2159194946,63890,63901,11
13.009759903,80.2151184082,63901,63911,10
13.0093002319,80.2145233154,63911,63921,10
13.0087795258,80.2138214111,63921,63931,10
13.0081596375,80.2133407593,63931,63981,50
13.0080404282,80.2133026123,63981,64008,27
13.0079202652,80.2132415771,64008,64050,42
13.0079202652,80.2132415771,64050,64060,10
13.0075597763,80.2129211426,64060,64070,10
13.0072402954,80.2128295898,64070,64080,10
13.0068302155,80.2127685547,64080,64090,10
13.0063896179,80.2127838135,64090,64100,10
13.0058603287,80.2129974365,64100,64110,10
13.0053195953,80.2127304077,64110,64120,10
13.0047502518,80.2124023438,64120,64131,11
13.0040597916,80.2121429443,64131,64141,10
13.0037097931,80.2119598389,64141,64151,10
13.0037002563,80.211479187,64151,64161,10
13.003660202,80.2109222412,64161,64171,10
13.0036001205,80.2104263306,64171,64181,10
13.0035200119,80.2098388672,64181,64191,10
13.0035495758,80.2094116211,64191,64201,10
13.0035800934,80.2092895508,64201,64211,10
13.003660202,80.2089004517,64211,64221,10
13.004119873,80.2086791992,64221,64231,10
13.0047597885,80.2089767456,64231,64242,11
13.0053796768,80.2092590332,64242,64252,10
13.0056400299,80.2093582153,64252,64262,10
13.0058603287,80.2094421387,64262,64272,10
13.0060396194,80.2095031738,64272,64282,10
13.0061597824,80.2095413208,64282,64292,10
13.0064601898,80.2096481323,64292,64302,10
13.0067195892,80.2097625732,64302,64312,10
13.0071201324,80.2098236084,64312,64322,10
13.0075397491,80.2098770142,64322,64332,10
13.0075502396,80.2098922729,64332,64342,10
13.0076704025,80.2099304199,64342,64353,11
13.0078296661,80.2099685669,64353,64363,10
13.0081396103,80.2099914551,64363,64373,10
13.0081195831,80.2095870972,64373,64383,10
13.008020401,80.2089691162,64383,64393,10
13.0079097748,80.2082138062,64393,64403,10
13.0077695847,80.2073287964,64403,64413,10
13.0076398849,80.2065811157,64413,64423,10
13.0075502396,80.2058563232,64423,64433,10
13.0075397491,80.2051773071,64433,64443,10
13.0075502396,80.2045593262,64443,64454,11
13.007519722,80.2038421631,64454,64464,10
13.007399559,80.2031326294,64464,64474,10
13.0073099136,80.2023925781,64474,64484,10
13.0073604584,80.2015304565,64484,64504,20
13.0073604584,80.2015304565,64504,64514,10
13.0073900223,80.2013320923,64514,64524,10
13.0074195862,80.2010116577,64524,64534,10
13.0074501038,80.2003631592,64534,64544,10
13.0074195862,80.1997680664,64544,64554,10
13.0073795319,80.19921875,64554,64564,10
13.007349968,80.198638916,64564,64575,11
13.0073299408,80.1979370117,64575,64585,10
13.0073003769,80.197303772,64585,64595,10
13.0073099136,80.1968536377,64595,64615,20
13.0073099136,80.1968536377,64615,64625,10
13.0073699951,80.1965408325,64625,64635,10
13.0075597763,80.1961975098,64635,64645,10
13.0081596375,80.1962966919,64645,64655,10
13.0087203979,80.1962738037,64655,64665,10
13.00922966,80.1960220337,64665,64675,10
13.0099000931,80.1959228516,64675,64686,11
13.0110301971,80.195602417,64686,64706,20
13.0110301971,80.195602417,64706,64716,10
13.0112199783,80.1954803467,64716,64726,10
13.0115499496,80.1953125,64726,64736,10
13.012169838,80.1949310303,64736,64746,10
13.0129995346,80.1944198608,64746,64756,10
13.0137996674,80.1939315796,64756,64766,10
13.0143404007,80.1934204102,64766,64776,10
13.0147104263,80.1928710938,64776,64786,10
13.0147695541,80.192779541,64786,64797,11
13.0148496628,80.1926727295,64797,64807,10
13.015080452,80.1922302246,64807,64817,10
13.01541996,80.191619873,64817,64827,10
13.0158596039,80.190826416,64827,64837,10
13.0163297653,80.1899795532,64837,64847,10
13.0166597366,80.1893615723,64847,64857,10
13.0167598724,80.1891937256,64857,64867,10
13.0168199539,80.1890869141,64867,64877,10
13.0171003342,80.188621521,64877,64887,10
13.0174798965,80.1879272461,64887,64898,11
13.0180501938,80.1869812012,64898,64908,10
13.0188798904,80.1863937378,64908,64918,10
13.0197896957,80.185836792,64918,64927,9
13.0203104019,80.1853637695,64927,64938,11
13.0205802917,80.1845397949,64938,64958,20
13.0205802917,80.1845397949,64958,64968,10
13.0206804276,80.1843414307,64968,64978,10
13.020939827,80.1838226318,64978,64988,10
13.0212802887,80.1831817627,64988,64998,10
13.0216999054,80.1824417114,64998,65009,11
13.022190094,80.1815414429,65009,65019,10
13.0226402283,80.1806564331,65019,65029,10
13.023059845,80.1798782349,65029,65039,10
13.0233697891,80.1793212891,65039,65049,10
13.0235204697,80.1790390015,65049,65059,10
13.0238800049,80.1784286499,65059,65078,19
13.0238800049,80.1784286499,65078,65089,11
13.0241003036,80.1780776978,65089,65099,10
13.0243997574,80.1775817871,65099,65109,10
13.0246295929,80.1771621704,65109,65119,10
13.0247001648,80.1770172119,65119,65130,11
13.0249300003,80.1765594482,65130,65140,10
13.0252199173,80.1760177612,65140,65150,10
13.0253601074,80.1757736206,65150,65160,10
13.02546978,80.1755981445,65160,65170,10
13.0257101059,80.175163269,65170,65180,10
13.0260400772,80.1745529175,65180,65190,10
13.0264701843,80.173828125,65190,65200,10
13.0269002914,80.1730270386,65200,65210,10
13.0273599625,80.1722106934,65210,65220,10
13.0278100967,80.1713867188,65220,65230,10
13.0282497406,80.1706085205,65230,65241,11
13.0285596848,80.1700820923,65241,65257,16
13.0290203094,80.1691894531,65257,65279,22
13.0290203094,80.1691894531,65279,65289,10
13.0290699005,80.1690826416,65289,65298,9
13.0291004181,80.1689987183,65298,65309,11
13.0293102264,80.1686782837,65309,65319,10
13.029589653,80.1681900024,65319,65329,10
13.0299396515,80.1675491333,65329,65339,10
13.0303297043,80.1668930054,65339,65350,11
13.030790329,80.1660614014,65350,65359,9
13.0311803818,80.1653671265,65359,65370,11
13.0316095352,80.1646194458,65370,65380,10
13.0320396423,80.1638565063,65380,65390,10
13.0323801041,80.1631698608,65390,65400,10
13.032409668,80.1631317139,65400,65409,9
13.0325202942,80.1629333496,65409,65420,11
13.0328102112,80.162399292,65420,65430,10
13.0331602097,80.1618118286,65430,65440,10
13.0335597992,80.1611328125,65440,65450,10
13.0340995789,80.1601028442,65450,65471,21
13.0340995789,80.1601028442,65471,65481,10
13.0341997147,80.1599578857,65481,65491,10
13.0343599319,80.1595611572,65491,65501,10
13.0343904495,80.1588821411,65501,65511,10
13.0343599319,80.1580734253,65511,65521,10
13.0342998505,80.1572723389,65521,65531,10
13.0342597961,80.1568832397,65531,65723,192
13.0342597961,80.1568832397,65723,65733,10
13.0343799591,80.1565322876,65733,65743,10
13.0345201492,80.1561126709,65743,65753,10
13.0345497131,80.1560134888,65753,65763,10
13.0345897675,80.1559295654,65763,65773,10
13.0343904495,80.1557235718,65773,65783,10
13.0340299606,80.1555099487,65783,65824,41
13.0340299606,80.1555099487,65824,65834,10
13.0336999893,80.1552810669,65834,65844,10
13.0333204269,80.1549606323,65844,65854,10
13.0329303741,80.1546020508,65854,65864,10
13.0325202942,80.1542205811,65864,65874,10
13.0320396423,80.1538467407,65874,65884,10
13.0315198898,80.1535415649,65884,65894,10
13.0308799744,80.153137207,65894,65915,21
13.0308799744,80.153137207,65915,65925,10
13.0306997299,80.1529998779,65925,65935,10
13.0303297043,80.1527404785,65935,65945,10
13.0298995972,80.1524581909,65945,65955,10
13.0293998718,80.1521377563,65955,65965,10
13.0288801193,80.1517868042,65965,65975,10
13.0281400681,80.1513137817,65975,65995,20
13.0281400681,80.1513137817,65995,66005,10
13.0280399323,80.151222229,66005,66016,11
13.0276498795,80.1509170532,66016,66026,10
13.027179718,80.1505737305,66026,66036,10
13.0266799927,80.150177002,66036,66046,10
13.0261497498,80.1497497559,66046,66056,10
13.0256204605,80.1492614746,66056,66066,10
13.0251197815,80.1487426758,66066,66076,10
13.0246696472,80.1482391357,66076,66086,10
13.0242004395,80.1477432251,66086,66096,10
13.0237703323,80.1473007202,66096,66106,10
13.0233001709,80.1468276978,66106,66116,10
13.0228700638,80.1464385986,66116,66137,21
13.0228700638,80.1464385986,66137,66147,10
13.0226802826,80.1462936401,66147,66157,10
13.0223503113,80.145942688,66157,66167,10
13.0219802856,80.1455612183,66167,66177,10
13.0215597153,80.1451416016,66177,66187,10
13.0211400986,80.1447067261,66187,66197,10
13.0207300186,80.1443099976,66197,66207,10
13.020359993,80.143913269,66207,66217,10
13.0200195313,80.1435089111,66217,66227,10
13.0197000504,80.1431808472,66227,66238,11
13.0190896988,80.142578125,66238,66268,30
13.0190896988,80.142578125,66268,66278,10
13.0189504623,80.1424102783,66278,66288,10
13.0186004639,80.1420822144,66288,66298,10
13.0181598663,80.1416702271,66298,66308,10
13.0177297592,80.1411895752,66308,66318,10
13.0174303055,80.1406097412,66318,66328,10
13.0171003342,80.1399230957,66328,66338,10
13.0167398453,80.1391983032,66338,66349,11
13.0163803101,80.138458252,66349,66359,10
13.0160503387,80.1377868652,66359,66369,10
13.0157604218,80.1371994019,66369,66379,10
13.0153503418,80.136428833,66379,66399,20
13.0153503418,80.136428833,66399,66409,10
13.0153398514,80.1364212036,66409,66419,10
13.0151796341,80.1361083984,66419,66429,10
13.0149202347,80.1356201172,66429,66439,10
13.0146198273,80.1351013184,66439,66449,10
13.0143098831,80.1345901489,66449,66460,11
13.0139102936,80.1339874268,66460,66469,9
13.0135297775,80.1334609985,66469,66480,11
13.0129098892,80.1330566406,66480,66490,10
13.0125198364,80.1326980591,66490,66500,10
13.0125102997,80.1319580078,66500,66529,29
13.0125102997,80.1319580078,66529,66540,11
13.0125598907,80.1318893433,66540,66550,10
13.0125303268,80.1315994263,66550,66560,10
13.0123796463,80.1311721802,66560,66571,11
13.0121498108,80.1307067871,66571,66581,10
13.0119400024,80.130241394,66581,66591,10
13.0118198395,80.1298828125,66591,66601,10
13.0117797852,80.1297988892,66601,66611,10
13.011759758,80.1296691895,66611,66621,10
13.0116701126,80.1292877197,66621,66631,10
13.011590004,80.1287002563,66631,66641,10
13.0115203857,80.128036499,66641,66651,10
13.011469841,80.1274108887,66651,66661,10
13.0114297867,80.1268768311,66661,66671,10
13.0114202499,80.1266784668,66671,66682,11
13.0114202499,80.1265869141,66682,66692,10
13.0114097595,80.1261520386,66692,66702,10
13.0114297867,80.1255187988,66702,66712,10
13.0114402771,80.1247787476,66712,66722,10
13.011179924,80.1241607666,66722,66732,10
13.01101017,80.123878479,66732,66742,10
13.0109901428,80.123840332,66742,66752,10
13.0108098984,80.1235580444,66752,66762,10
13.0104799271,80.1232070923,66762,66772,10
13.0099897385,80.1229400635,66772,66782,10
13.0097398758,80.1223678589,66782,66793,11
13.0096902847,80.1216812134,66793,66803,10
13.0096702576,80.1212387085,66803,66813,10
13.0096702576,80.1209335327,66813,66823,10
13.0097503662,80.1204681396,66823,66833,10
13.0099201202,80.120010376,66833,66843,10
13.0099201202,80.1200027466,66843,66853,10
13.0099496841,80.1199111938,66853,66863,10
13.0100603104,80.1194992065,66863,66873,10
13.0101299286,80.1188964844,66873,66883,10
13.0103197098,80.1182403564,66883,66893,10
13.0105600357,80.1177062988,66893,66904,11
13.0107803345,80.1170425415,66904,66914,10
13.0109500885,80.1162872314,66914,66924,10
13.0110397339,80.1155090332,66924,66934,10
13.0111103058,80.1147994995,66934,66944,10
13.0108098984,80.1144714355,66944,66954,10
13.0102996826,80.1145019531,66954,66974,20
13.0102996826,80.1145019531,66974,66984,10
13.0099401474,80.1145172119,66984,66994,10
13.0093603134,80.1145172119,66994,67004,10
13.008649826,80.1144714355,67004,67015,11
13.0080003738,80.1138763428,67015,67025,10
13.007519722,80.1132202148,67025,67035,10
13.0070199966,80.1125335693,67035,67045,10
13.0065803528,80.1119003296,67045,67055,10
13.0062103271,80.1111373901,67055,67065,10
13.0059404373,80.1104431152,67065,67075,10
13.0053796768,80.1093826294,67075,67105,30
13.0053796768,80.1093826294,67105,67115,10
13.0053796768,80.1092376709,67115,67131,16
13.0053195953,80.1083374023,67131,67144,13
13.0052404404,80.107383728,67144,67154,10
13.0052204132,80.1067123413,67154,67164,10
13.0050897598,80.1056518555,67164,67174,10
13.0049295425,80.1050109863,67174,67184,10
13.0047597885,80.1043167114,67184,67194,10
13.0046396255,80.1036529541,67194,67204,10
13.0046300888,80.1028289795,67204,67214,10
13.0045003891,80.1020965576,67214,67224,10
13.004240036,80.1014709473,67224,67233,9
13.0039396286,80.1008987427,67233,67245,12
13.0036296844,80.1001586914,67245,67254,9
13.0034503937,80.0996322632,67254,67356,102
13.0034503937,80.0996322632,67356,67366,10
13.003370285,80.0993728638,67366,67376,10
13.003080368,80.0991134644,67376,67386,10
13.0026702881,80.0988311768,67386,67396,10
13.0022497177,80.0985794067,67396,67406,10
13.0017700195,80.0983123779,67406,67416,10
13.0013198853,80.0980834961,67416,67426,10
13.0008602142,80.0979232788,67426,67436,10
13.0001096725,80.0976028442,67436,67457,21
13.0001096725,80.0976028442,67457,67467,10
13.0000495911,80.0975570679,67467,67477,10
12.9997596741,80.0973815918,67477,67487,10
12.9994001389,80.09715271,67487,67497,10
12.9986801147,80.0967788696,67497,67537,40
12.9986801147,80.0967788696,67537,67547,10
12.9985303879,80.0967102051,67547,67557,10
12.9982795715,80.0966415405,67557,67568,11
12.998000145,80.0965499878,67568,67578,10
12.9976196289,80.0965118408,67578,67588,10
12.9972600937,80.0964508057,67588,67598,10
12.9970197678,80.0963668823,67598,67608,10
12.9969501495,80.0961914063,67608,67618,10
12.9969902039,80.0959014893,67618,67628,10
12.9971199036,80.0961608887,67628,68092,464
12.9971199036,80.0961608887,68092,68102,10
12.9972896576,80.0964736938,68102,68153,51
12.9972896576,80.0964736938,68153,68163,10
12.9975996017,80.0965118408,68163,68173,10
12.9979600906,80.0965499878,68173,68183,10
12.9983901978,80.0966567993,68183,68193,10
12.9987096786,80.096786499,68193,68203,10
12.9990797043,80.0969467163,68203,68213,10
12.9994401932,80.0971832275,68213,68223,10
12.9997501373,80.097366333,68223,68233,10
12.9999599457,80.0975036621,68233,68244,11
13.000169754,80.0976409912,68244,68254,10
13.0004301071,80.0977935791,68254,68264,10
13.0007200241,80.0978775024,68264,68274,10
13.0010404587,80.0979614258,68274,68284,10
13.0010700226,80.0979690552,68284,68294,10
13.0012998581,80.0980606079,68294,68304,10
13.0016202927,80.0982208252,68304,68314,10
13.0020303726,80.0984573364,68314,68324,10
13.0024900436,80.0987091064,68324,68334,10
13.002869606,80.0989379883,68334,68345,11
13.0032997131,80.0992889404,68345,68365,20
13.0032997131,80.0992889404,68365,68375,10
13.0034399033,80.0994567871,68375,68385,10
13.0034999847,80.0996627808,68385,68395,10
13.0035400391,80.0997467041,68395,68405,10
13.0035495758,80.0997924805,68405,68415,10
13.0036497116,80.100112915,68415,68425,10
13.0038404465,80.1006393433,68425,68435,10
13.0041103363,80.1012191772,68435,68445,10
13.0044298172,80.1018295288,68445,68456,11
13.0046396255,80.1026000977,68456,68466,10
13.0046796799,80.1033172607,68466,68476,10
13.0047101974,80.1039581299,68476,68486,10
13.0048599243,80.1046218872,68486,68496,10
13.0050096512,80.1052932739,68496,68506,10
13.0051403046,80.1058883667,68506,68516,10
13.00522995,80.1065673828,68516,68526,10
13.005279541,80.1073303223,68526,68536,10
13.0053100586,80.1079788208,68536,68546,10
13.0053501129,80.1085281372,68546,68556,10
13.0054197311,80.1095199585,68556,68577,21
13.0054197311,80.1095199585,68577,68587,10
13.0054597855,80.1097106934,68587,68597,10
13.0057201385,80.1101913452,68597,68607,10
13.0060997009,80.1107177734,68607,68617,10
13.0062599182,80.111289978,68617,68627,10
13.0065097809,80.1117782593,68627,68637,10
13.0068502426,80.1122817993,68637,68647,10
13.0071697235,80.112739563,68647,68657,10
13.007349968,80.1129837036,68657,68667,10
13.0074100494,80.1130599976,68667,68678,11
13.0076999664,80.1134719849,68678,68688,10
13.0080499649,80.1139373779,68688,68697,9
13.0084600449,80.1143875122,68697,68708,11
13.0092401505,80.1145477295,68708,68718,10
13.0100097656,80.1145324707,68718,68728,10
13.0105495453,80.1145172119,68728,68738,10
13.01060009,80.1145172119,68738,68748,10
13.0109395981,80.1145324707,68748,68758,10
13.0111398697,80.1148986816,68758,68768,10
13.0110797882,80.1154708862,68768,68778,10
13.0109996796,80.1161880493,68778,68789,11
13.010840416,80.1170272827,68789,68799,10
13.0105695724,80.1177902222,68799,68809,10
13.0102701187,80.1184768677,68809,68819,10
13.010140419,80.1192321777,68819,68829,10
13.0100603104,80.1197509766,68829,68839,10
13.0100402832,80.1198120117,68839,68849,10
13.0100097656,80.1199493408,68849,68859,10
13.0097999573,80.1204833984,68859,68879,20
13.0097999573,80.1204833984,68879,68889,10
13.0097503662,80.1206588745,68889,68900,11
13.0097103119,80.1211013794,68900,68910,10
13.0097198486,80.1214828491,68910,68920,10
13.0097503662,80.1220092773,68920,68930,10
13.009759903,80.1225204468,68930,68940,10
13.0099401474,80.1229324341,68940,68950,10
13.0103902817,80.1231765747,68950,68960,10
13.01101017,80.123840332,68960,68980,20
13.01101017,80.123840332,68980,68990,10
13.0111503601,80.1240921021,68990,69000,10
13.0114002228,80.1246185303,69000,69010,10
13.0114603043,80.1252975464,69010,69021,11
13.0114297867,80.1260681152,69021,69031,10
13.0114498138,80.1267318726,69031,69041,10
13.0114803314,80.1273574829,69041,69051,10
13.0114898682,80.127456665,69051,69061,10
13.0114898682,80.1277694702,69061,69071,10
13.0115604401,80.1283111572,69071,69081,10
13.011639595,80.1289520264,69081,69091,10
13.0116901398,80.1293792725,69091,69101,10
13.0116996765,80.1294784546,69101,69111,10
13.0117502213,80.1296768188,69111,69121,10
13.0118398666,80.1300125122,69121,69132,11
13.0120296478,80.1305236816,69132,69142,10
13.0122699738,80.1310577393,69142,69152,10
13.0124597549,80.1315307617,69152,69170,18
13.0124998093,80.1318206787,69170,69182,12
13.0125198364,80.1323394775,69182,69192,10
13.012550354,80.1328201294,69192,69202,10
13.0130195618,80.1331329346,69202,69212,10
13.0135803223,80.1335372925,69212,69222,10
13.0139598846,80.1340866089,69222,69232,10
13.0143404007,80.1346588135,69232,69243,11
13.0147800446,80.1353988647,69243,69253,10
13.0151596069,80.1360778809,69253,69263,10
13.0154104233,80.1365737915,69263,69273,10
13.0154304504,80.1366271973,69273,69283,10
13.0156002045,80.136932373,69283,69293,10
13.0158596039,80.1374893188,69293,69303,10
13.0161600113,80.1380691528,69303,69313,10
13.0164203644,80.1386108398,69313,69323,10
13.0166797638,80.1391296387,69323,69333,10
13.0169696808,80.1396789551,69333,69343,10
13.0172395706,80.1402435303,69343,69354,11
13.0175199509,80.1408309937,69354,69364,10
13.0178003311,80.1413192749,69364,69374,10
13.0181798935,80.1417236328,69374,69384,10
13.0186004639,80.1421203613,69384,69394,10
13.019080162,80.1425704956,69394,69404,10
13.0194101334,80.1428909302,69404,69465,61
13.0194101334,80.1428909302,69465,69475,10
13.0196199417,80.1430892944,69475,69485,10
13.0197896957,80.1432571411,69485,69501,16
13.0204000473,80.1439590454,69501,69533,32
13.0204000473,80.1439590454,69533,69543,10
13.0205602646,80.1441421509,69543,69553,10
13.0207996368,80.1443710327,69553,69563,10
13.0210695267,80.1446380615,69563,69574,11
13.0214796066,80.1450424194,69574,69584,10
13.0218801498,80.1454315186,69584,69594,10
13.0221996307,80.1457290649,69594,69604,10
13.0223302841,80.145866394,69604,69615,11
13.0224599838,80.1460037231,69615,69625,10
13.0227899551,80.1463317871,69625,69635,10
13.0232400894,80.1467590332,69635,69645,10
13.0237197876,80.1472320557,69645,69655,10
13.0241804123,80.1476974487,69655,69665,10
13.0246400833,80.1481781006,69665,69675,10
13.0253696442,80.1489334106,69675,69695,20
13.0253696442,80.1489334106,69695,69706,11
13.0255899429,80.1491775513,69706,69716,10
13.0260601044,80.1496429443,69716,69726,10
13.0266704559,80.1501617432,69726,69736,10
13.0272502899,80.1505966187,69736,69746,10
13.0278701782,80.1510620117,69746,69756,10
13.0283498764,80.1514205933,69756,69765,9
13.0287799835,80.1517181396,69765,69776,11
13.0292797089,80.1520462036,69776,69786,10
13.0296201706,80.1522827148,69786,69797,11
13.0301904678,80.1526184082,69797,69807,10
13.0306396484,80.152923584,69807,69817,10
13.0308799744,80.1531066895,69817,69827,10
13.0313901901,80.1534423828,69827,69837,10
13.031999588,80.1538085938,69837,69847,10
13.0325202942,80.1541976929,69847,69857,10
13.033080101,80.1547164917,69857,69908,51
13.033080101,80.1547164917,69908,69918,10
13.0333595276,80.1550216675,69918,69928,10
13.0336704254,80.1552734375,69928,69937,9
13.0340204239,80.1555175781,69937,69948,11
13.0344600677,80.1558303833,69948,70292,344
13.0344600677,80.1558303833,70292,70302,10
13.0345802307,80.1559906006,70302,70312,10
13.0346097946,80.1563491821,70312,70322,10
13.034330368,80.1569213867,70322,70332,10
13.034330368,80.1576766968,70332,70342,10
13.0343799591,80.1584777832,70342,70353,11
13.0343799591,80.1595001221,70353,70363,10
13.034119606,80.1602630615,70363,70373,10
13.033539772,80.1613311768,70373,70393,20
13.033539772,80.1613311768,70393,70403,10
13.0334701538,80.1614532471,70403,70413,10
13.0331897736,80.1619110107,70413,70423,10
13.0328197479,80.1625823975,70423,70433,10
13.0323801041,80.1633834839,70433,70443,10
13.031920433,80.1642379761,70443,70453,10
13.031419754,80.1651229858,70453,70464,11
13.0307998657,80.1662063599,70464,70474,10
13.0302200317,80.1672286987,70474,70484,10
13.0294599533,80.1686630249,70484,70514,30
13.0294599533,80.1686630249,70514,70524,10
13.0293598175,80.1688079834,70524,70534,10
13.0290899277,80.1692581177,70534,70544,10
13.0287103653,80.1699295044,70544,70554,10
13.0284996033,80.1704025269,70554,70564,10
13.0282402039,80.1708068848,70564,70575,11
13.0278301239,80.1715774536,70575,70585,10
13.0273399353,80.1724624634,70585,70595,10
13.0267801285,80.1734771729,70595,70605,10
13.0262804031,80.1743774414,70605,70615,10
13.0261201859,80.1746826172,70615,70625,10
13.0258703232,80.1750793457,70625,70635,10
13.0252199173,80.1762619019,70635,70673,38
13.0252199173,80.1762619019,70673,70682,9
13.0251302719,80.176399231,70682,70694,12
13.0248403549,80.176902771,70694,70704,10
13.0245399475,80.1774520874,70704,70714,10
13.0242204666,80.1780319214,70714,70724,10
13.0237598419,80.1788787842,70724,70753,29
13.0237598419,80.1788787842,70753,70763,10
13.0236797333,80.1790390015,70763,70774,11
13.0233697891,80.1795272827,70774,70784,10
13.0230398178,80.1801071167,70784,70795,11
13.0226297379,80.180847168,70795,70805,10
13.0222702026,80.1815109253,70805,70815,10
13.0219697952,80.1820602417,70815,70825,10
13.0217599869,80.1824569702,70825,70964,139
13.0217599869,80.1824569702,70964,70972,8
13.0216703415,80.1827011108,70972,70984,12
13.0215597153,80.1829071045,70984,70994,10
13.021490097,80.183052063,70994,71003,9
13.0213003159,80.18334198,71003,71013,10
13.020939827,80.183921814,71013,71045,32
13.020939827,80.183921814,71045,71055,10
13.0207901001,80.1841430664,71055,71065,10
13.0206298828,80.1846313477,71065,71075,10
13.0204401016,80.1852493286,71075,71085,10
13.0199403763,80.185836792,71085,71095,10
13.0192604065,80.1862411499,71095,71105,10
13.0184297562,80.1867599487,71105,71115,10
13.0177898407,80.1874313354,71115,71127,12
13.0172300339,80.1884689331,71127,71137,10
13.0167503357,80.1893463135,71137,71147,10
13.0165901184,80.1897964478,71147,71157,10
13.016579628,80.1898193359,71157,71167,10
13.0163698196,80.1901168823,71167,71177,10
13.0160999298,80.1906204224,71177,71187,10
13.0157604218,80.1912078857,71187,71197,10
13.015370369,80.1918869019,71197,71207,10
13.0149202347,80.1926727295,71207,71217,10
13.0144796371,80.1933670044,71217,71227,10
13.0142297745,80.1937026978,71227,71238,11
13.0142002106,80.1937332153,71238,71248,10
13.0138702393,80.1939697266,71248,71258,10
13.0133199692,80.1943206787,71258,71268,10
13.0126800537,80.194732666,71268,71278,10
13.0119600296,80.1951828003,71278,71288,10
13.0113201141,80.195602417,71288,71298,10
13.0111198425,80.1957092285,71298,71308,10
13.0110397339,80.1957473755,71308,71318,10
13.0106697083,80.195930481,71318,71328,10
13.0101699829,80.1960220337,71328,71338,10
13.0095500946,80.1960067749,71338,71348,10
13.0089797974,80.1962127686,71348,71359,11
13.0085496902,80.1966171265,71359,71369,10
13.0085201263,80.1973724365,71369,71379,10
13.0085601807,80.1979827881,71379,71399,20
13.0085601807,80.1979827881,71399,71409,10
13.0085697174,80.1980895996,71409,71419,10
13.0085802078,80.1985702515,71419,71435,16
13.0085897446,80.1997299194,71435,71447,12
13.0085897446,80.2006988525,71447,71457,10
13.0085496902,80.2014923096,71457,71468,11
13.0085296631,80.2022094727,71468,71480,12
13.0085201263,80.2023010254,71480,71490,10
13.0085096359,80.2023773193,71490,71500,10
13.0084199905,80.2028121948,71500,71510,10
13.0081195831,80.2033462524,71510,71520,10
13.0077199936,80.2040023804,71520,71530,10
13.0077104568,80.2047424316,71530,71540,10
13.0076799393,80.2055664063,71540,71551,11
13.0077695847,80.2066268921,71551,71560,9
13.0078601837,80.2074432373,71560,71570,10
13.0079803467,80.2083206177,71570,71581,11
13.0081396103,80.2092895508,71581,71591,10
13.0083999634,80.2101211548,71591,71601,10
13.0088596344,80.2106628418,71601,71611,10
13.0092201233,80.2109375,71611,71621,10
13.0092601776,80.2109603882,71621,71661,40
13.0092601776,80.2109603882,71661,71671,10
13.009349823,80.2110900879,71671,71681,10
13.0092496872,80.2112503052,71681,71692,11
13.009059906,80.2114562988,71692,71702,10
13.0091495514,80.2122879028,71702,71732,30
13.0091495514,80.2122879028,71732,71742,10
13.0092601776,80.2125930786,71742,71751,9
13.0094203949,80.2129898071,71751,71762,11
13.0095996857,80.213470459,71762,71772,10
13.0098304749,80.2140197754,71772,71782,10
13.0100803375,80.2146987915,71782,71792,10
13.0101804733,80.2154464722,71792,71803,11
13.0104598999,80.2163314819,71803,71813,10
13.0108699799,80.2172012329,71813,71823,10
13.0112495422,80.2181167603,71823,71833,10
13.0115804672,80.2190628052,71833,71843,10
13.0119495392,80.2200622559,71843,71853,10
13.012140274,80.2205734253,71853,71863,10
13.012169838,80.2206573486,71863,71873,10
13.012339592,80.2211685181,71873,71883,10
13.0125904083,80.2216491699,71883,71893,10
13.0129899979,80.2221908569,71893,71904,11
13.0135202408,80.2228317261,71904,71914,10
13.0139904022,80.2234191895,71914,71924,10
13.0143499374,80.2238311768,71924,71934,10
13.0147104263,80.2242889404,71934,71944,10
13.0152101517,80.2248764038,71944,71964,20
13.0152101517,80.2248764038,71964,71974,10
13.0152997971,80.2249832153,71974,71984,10
13.0155000687,80.2250976563,71984,71994,10
13.0158195496,80.2253265381,71994,72004,10
13.0162296295,80.2253875732,72004,72015,11
13.0166702271,80.2253036499,72015,72025,10
13.0172395706,80.2250595093,72025,72035,10
13.0179100037,80.2248001099,72035,72045,10
13.0185804367,80.2245025635,72045,72055,10
13.0190496445,80.2243728638,72055,72065,10
13.0190601349,80.2243728638,72065,72075,10
13.0192098618,80.2244033813,72075,72085,10
13.0196399689,80.2245864868,72085,72095,10
13.020190239,80.2249526978,72095,72105,10
13.0207595825,80.2253570557,72105,72115,10
13.0212602615,80.2257537842,72115,72126,11
13.021780014,80.2261505127,72126,72136,10
13.0221996307,80.2264709473,72136,72146,10
13.0228500366,80.2270431519,72146,72156,10
13.0234603882,80.2276000977,72156,72166,10
13.0239896774,80.2281265259,72166,72176,10
13.0245599747,80.2288818359,72176,72186,10
13.0250597,80.2295837402,72186,72196,10
13.0256595612,80.230430603,72196,72206,10
13.0259799957,80.2312316895,72206,72216,10
13.0263900757,80.231338501,72216,72225,9
13.0270395279,80.2311477661,72225,72237,12
13.027970314,80.2309799194,72237,72247,10
13.0285196304,80.2309188843,72247,72256,9
13.0285301208,80.2309188843,72256,72267,11
13.0287303925,80.2309036255,72267,72277,10
13.0293197632,80.2308578491,72277,72337,60
13.0293197632,80.2308578491,72337,72348,11
13.0297298431,80.230796814,72348,72358,10
13.030380249,80.2307662964,72358,72368,10
13.0306596756,80.2306900024,72368,72378,10
13.0306301117,80.2304763794,72378,72388,10
13.030500412,80.2299499512,72388,72397,9
13.0302801132,80.2293701172,72397,72408,11
13.0303001404,80.2283782959,72408,72428,20
13.0303001404,80.2283782959,72428,72438,10
13.0303297043,80.2281265259,72438,72448,10
13.0303497314,80.2278137207,72448,72459,11
13.0302200317,80.2275238037,72459,72468,9
13.0297403336,80.2274475098,72468,72479,11
13.0290298462,80.2273330688,72479,72489,10
13.0284500122,80.2272415161,72489,72499,10
13.0280103683,80.2271118164,72499,72509,10
13.0278396606,80.2268829346,72509,72519,10
13.0279302597,80.2264099121,72519,72529,10
13.0280504227,80.2258377075,72529,72539,10
13.0281896591,80.2252120972,72539,72549,10
13.0283603668,80.2246017456,72549,72559,10
13.0284795761,80.2241134644,72559,72569,10
13.0286903381,80.2240829468,72569,72580,11
13.0287303925,80.2240829468,72580,72596,16
13.029129982,80.2243118286,72596,72608,12
13.029800415,80.2243270874,72608,72618,10
13.0301799774,80.2243270874,72618,72628,10
13.0307397842,80.2243423462,72628,72638,10
13.0310602188,80.2242126465,72638,72648,10
13.0310697556,80.2237701416,72648,72658,10
13.0311002731,80.2234420776,72658,72668,10
13.0311203003,80.2232589722,72668,72678,10
13.0311403275,80.2231826782,72678,72689,11
13.0312995911,80.2226867676,72689,72699,10
13.0315198898,80.2222671509,72699,72709,10
13.0317401886,80.2218170166,72709,72719,10
13.031920433,80.2213287354,72719,72729,10
13.0320701599,80.220741272,72729,72739,10
13.0321397781,80.2203063965,72739,72749,10
13.0319900513,80.2201385498,72749,72759,10
13.0319595337,80.2201385498,72759,72769,10
13.0319004059,80.2201385498,72769,72779,10
13.0316200256,80.2202377319,72779,72790,11
13.0312700272,80.2202835083,72790,72800,10
13.0309495926,80.2202835083,72800,72810,10
13.0306797028,80.2202606201,72810,72820,10
13.0302600861,80.2202301025,72820,72830,10
13.0297698975,80.2201919556,72830,72840,10
13.0294599533,80.2201385498,72840,72850,10
13.029129982,80.2200622559,72850,72860,10
13.0289802551,80.2200088501,72860,72870,10
13.0287103653,80.2199630737,72870,72880,10
13.028380394,80.2199020386,72880,72890,10
13.0283603668,80.2199020386,72890,72900,10
13.0281496048,80.219871521,72900,72911,11
13.0277395248,80.219833374,72911,72921,10
13.0274095535,80.2198181152,72921,72931,10
13.0272502899,80.2198181152,72931,72941,10
13.0269298553,80.2197875977,72941,72951,10
13.0265197754,80.2197799683,72951,72961,10
13.026049614,80.2197723389,72961,72971,10
13.0255699158,80.2197875977,72971,72981,10
13.0250997543,80.2198181152,72981,72991,10
13.0250597,80.2198410034,72991,73001,10
13.0248804092,80.2198486328,73001,73011,10
13.0245599747,80.2198410034,73011,73022,11
13.0242595673,80.2198028564,73022,73032,10
13.0242395401,80.2196273804,73032,73042,10
13.0242204666,80.2193603516,73042,73052,10
13.0242099762,80.2192993164,73052,73062,10
13.0242099762,80.2191619873,73062,73072,10
13.0242004395,80.2188568115,73072,73082,10
13.0241804123,80.2185134888,73082,73092,10
13.0241699219,80.2180633545,73092,73102,10
13.0242004395,80.217376709,73102,73133,31
13.0242004395,80.217376709,73133,73143,10
13.0242595673,80.2172927856,73143,73153,10
13.0242300034,80.2169570923,73153,74081,928
13.0244598389,80.2166366577,74081,74111,30
13.0244598389,80.2166366577,74111,74121,10
13.024600029,80.2169189453,74121,74132,11
13.0246200562,80.2172470093,74132,74142,10
13.0246400833,80.2175979614,74142,74152,10
13.0246696472,80.2179107666,74152,74162,10
13.0246896744,80.2181777954,74162,74172,10
13.0247001648,80.2183990479,74172,74182,10
13.0247297287,80.2188110352,74182,74192,10
13.024769783,80.2191772461,74192,74202,10
13.0247898102,80.2193527222,74202,74212,10
13.0248003006,80.2195892334,74212,74222,10
13.0249300003,80.2198028564,74222,74232,10
13.0252895355,80.2197723389,74232,74243,11
13.0257396698,80.2197723389,74243,74253,10
13.0261802673,80.2197418213,74253,74263,10
13.0265903473,80.2197494507,74263,74273,10
13.0269298553,80.2197494507,74273,74283,10
13.0273399353,80.2197570801,74283,74293,10
13.0275602341,80.2197799683,74293,74303,10
13.0276699066,80.2198028564,74303,74313,10
13.0279397964,80.219833374,74313,74323,10
13.028260231,80.2198562622,74323,74333,10
13.0285997391,80.2199172974,74333,74349,16
13.0289802551,80.2199783325,74349,74362,13
13.0293998718,80.2200927734,74362,74372,10
13.0297203064,80.2201766968,74372,74382,10
13.0299797058,80.2202224731,74382,74392,10
13.0302801132,80.2202301025,74392,74402,10
13.0306596756,80.2202529907,74402,74412,10
13.0308904648,80.2202529907,74412,74422,10
13.03125,80.2202606201,74422,74432,10
13.0316200256,80.2202224731,74432,74442,10
13.0319795609,80.2201309204,74442,74452,10
13.0321903229,80.2202377319,74452,74463,11
13.0321798325,80.2203292847,74463,74473,10
13.0321702957,80.2204284668,74473,74483,10
13.0320796967,80.2208099365,74483,74493,10
13.0319404602,80.2213363647,74493,74503,10
13.0317602158,80.2218170166,74503,74513,10
13.0315599442,80.2222518921,74513,74523,10
13.0313596725,80.2226409912,74523,74533,10
13.0311803818,80.2230377197,74533,74543,10
13.0311203003,80.2235870361,74543,74553,10
13.0311002731,80.2239303589,74553,74563,10
13.0311002731,80.2239379883,74563,74574,11
13.0311203003,80.2242889404,74574,74584,10
13.0308904648,80.2244033813,74584,74594,10
13.030500412,80.2243423462,74594,74604,10
13.0299797058,80.2243499756,74604,74614,10
13.0293798447,80.2243728638,74614,74624,10
13.0290603638,80.224319458,74624,74634,10
13.0289201736,80.2242507935,74634,74644,10
13.028670311,80.2241363525,74644,74654,10
13.0284204483,80.2243270874,74654,74664,10
13.0282802582,80.2249679565,74664,74674,10
13.0281400681,80.2256164551,74674,74685,11
13.0280199051,80.2261810303,74685,74695,10
13.0279302597,80.2266464233,74695,74705,10
13.027879715,80.2269821167,74705,74715,10
13.0280799866,80.2271194458,74715,74724,9
13.0284404755,80.2271881104,74724,74735,11
13.0285100937,80.2271881104,74735,74745,10
13.0289402008,80.2272491455,74745,74755,10
13.0294904709,80.2273483276,74755,74765,10
13.0299701691,80.227432251,74765,74775,10
13.0303497314,80.2276000977,74775,74785,10
13.0303401947,80.2279434204,74785,74795,10
13.0303297043,80.2280883789,74795,74806,11
13.0303297043,80.2282028198,74806,74816,10
13.0302801132,80.2286682129,74816,74826,10
13.0302400589,80.2292480469,74826,74836,10
13.0304203033,80.2297592163,74836,74846,10
13.030579567,80.2302627563,74846,74856,10
13.0306301117,80.2306289673,74856,74872,16
13.0304403305,80.2308273315,74872,74884,12
13.0299196243,80.2308807373,74884,74892,8
13.0297803879,80.2309036255,74892,74904,12
13.0295696259,80.2309112549,74904,74915,11
13.0289802551,80.2309799194,74915,74925,10
13.0284404755,80.2310180664,74925,74935,10
13.0279903412,80.2310562134,74935,74945,10
13.0276603699,80.2312164307,74945,74955,10
13.0276603699,80.2316818237,74955,74965,10
13.0277099609,80.2321395874,74965,74974,9
13.0277795792,80.2325210571,74974,74985,11
13.0276098251,80.2328796387,74985,74995,10
13.0272102356,80.2329406738,74995,75005,10
13.0268697739,80.233001709,75005,75015,10
13.0266103745,80.2330322266,75015,75026,11
13.0263299942,80.2328033447,75026,75036,10
13.026140213,80.2322463989,75036,75046,10
13.0259304047,80.2315826416,75046,75056,10
13.0256500244,80.23072052,75056,75066,10
13.0251398087,80.2299118042,75066,75075,9
13.0247097015,80.2293624878,75075,75096,21
13.0247097015,80.2293624878,75096,75106,10
13.0245895386,80.2291717529,75106,75116,10
13.0243396759,80.228843689,75116,75126,10
13.0240001678,80.2283782959,75126,75137,11
13.0235300064,80.2278366089,75137,75147,10
13.0229501724,80.2273330688,75147,75157,10
13.0222902298,80.2267684937,75157,75177,20
13.0222902298,80.2267684937,75177,75187,10
13.0221996307,80.2266464233,75187,75197,10
13.0218400955,80.2263183594,75197,75207,10
13.0213899612,80.2259597778,75207,75217,10
13.0209102631,80.2256011963,75217,75227,10
13.0203895569,80.2252731323,75227,75237,10
13.0198097229,80.2248687744,75237,75248,11
13.0189599991,80.2245788574,75248,75264,16
13.0177402496,80.2250213623,75264,75276,12
13.0169200897,80.2253570557,75276,75286,10
13.0165901184,80.2254867554,75286,75296,10
13.0163202286,80.2255783081,75296,75306,10
13.015999794,80.225692749,75306,75315,9
13.0155601501,80.2258224487,75315,75326,11
13.0150003433,80.2260513306,75326,75336,10
13.0143604279,80.2263183594,75336,75357,21
13.0143604279,80.2263183594,75357,75367,10
13.0141496658,80.2263717651,75367,75377,10
13.013589859,80.2265625,75377,75387,10
13.0128202438,80.226852417,75387,75397,10
13.0118904114,80.2272186279,75397,75407,10
13.0109195709,80.2276000977,75407,75417,10
13.010020256,80.2279586792,75417,75427,10
13.0094299316,80.2276992798,75427,75448,21
13.0100898743,80.226272583,75448,75460,12
13.0104598999,80.2254562378,75460,75471,11
13.0105400085,80.2252578735,75471,75480,9
13.0106601715,80.2250213623,75480,75492,12
13.0109395981,80.2242965698,75492,75502,10
13.0112400055,80.2235412598,75502,75522,20
13.0112400055,80.2235412598,75522,75532,10
13.0114202499,80.2229919434,75532,75542,10
13.0116100311,80.222366333,75542,75552,10
13.0120296478,80.2214126587,75552,75561,9
13.0119304657,80.2206726074,75561,75572,11
13.0115995407,80.2195510864,75572,75583,11
13.0112104416,80.2183990479,75583,75593,10
13.0108604431,80.2174987793,75593,75603,10
13.0105400085,80.2167129517,75603,75613,10
13.0102996826,80.2162628174,75613,75623,10
13.0099897385,80.215713501,75623,75633,10
13.0096998215,80.2151565552,75633,75643,10
13.0094099045,80.2147674561,75643,75653,10
13.0090904236,80.21434021,75653,75663,10
13.0087203979,80.2138214111,75663,75673,10
13.0085401535,80.2136383057,75673,75683,10
13.0084295273,80.2135620117,75683,75704,21
13.0082197189,80.2134170532,75704,75724,20
13.0082197189,80.2134170532,75724,75740,16
13.0081396103,80.2133789063,75740,75752,12
13.0079402924,80.2132568359,75752,75782,30
13.0079402924,80.2132568359,75782,75792,10
13.007809639,80.2131729126,75792,75802,10
13.0075998306,80.2129821777,75802,75813,11
13.0070896149,80.2128295898,75813,75823,10
13.006529808,80.2127990723,75823,75833,10
13.0059404373,80.2130203247,75833,75843,10
13.0053300858,80.2128067017,75843,75853,10
13.0046901703,80.2124404907,75853,75862,9
13.0040903091,80.2122116089,75862,75873,11
13.0036802292,80.212020874,75873,75882,9
13.0036401749,80.2115707397,75882,75892,10
13.0036001205,80.2109375,75892,75903,11
13.0035200119,80.2102279663,75903,75913,10
13.003490448,80.2095489502,75913,75924,11
13.0036401749,80.2088317871,75924,75934,10
13.0041799545,80.2087402344,75934,75944,10
13.0048599243,80.2090606689,75944,75954,10
13.0056200027,80.2093811035,75954,75964,10
13.0061798096,80.2095794678,75964,75974,10
13.0064601898,80.2096633911,75974,75984,10
13.0072097778,80.2098388672,75984,76055,71
13.0072097778,80.2098388672,76055,76065,10
13.0074901581,80.2099075317,76065,76075,10
13.0078201294,80.2099914551,76075,76085,10
13.0081396103,80.2099761963,76085,76095,10
13.0080604553,80.2095565796,76095,76105,10
13.0079202652,80.2089614868,76105,76115,10
13.007809639,80.2081985474,76115,76125,10
13.0076799393,80.2073287964,76125,76135,10
13.0075502396,80.2065200806,76135,76146,11
13.0074796677,80.2056808472,76146,76156,10
13.0074796677,80.2051010132,76156,76166,10
13.0074901581,80.2045974731,76166,76176,10
13.0074796677,80.2041168213,76176,76186,10
13.0074195862,80.2035369873,76186,76196,10
13.0072898865,80.2028579712,76196,76206,10
13.0072698593,80.2021636963,76206,76216,10
13.0073099136,80.2015533447,76216,76236,20
13.0073099136,80.2015533447,76236,76246,10
13.007349968,80.2013931274,76246,76257,11
13.0073699951,80.200958252,76257,76267,10
13.0074195862,80.2004776001,76267,76277,10
13.007399559,80.1999282837,76277,76287,10
13.007349968,80.1993865967,76287,76297,10
13.0073099136,80.1988601685,76297,76307,10
13.0072803497,80.1983566284,76307,76323,16
13.0072402954,80.1969299316,76323,76355,32
13.0072402954,80.1969299316,76355,76366,11
13.0072402954,80.1968231201,76366,76376,10
13.0072603226,80.1964263916,76376,76386,10
13.007519722,80.196182251,76386,76396,10
13.008099556,80.1962738037,76396,76405,9
13.0086297989,80.1962585449,76405,76418,13
13.0092601776,80.1959609985,76418,76428,10
13.0098896027,80.195892334,76428,76438,10
13.0104904175,80.1958618164,76438,76448,10
13.0110197067,80.1955566406,76448,76468,20
13.0110197067,80.1955566406,76468,76479,11
13.011179924,80.1954727173,76479,76489,10
13.0116500854,80.1951904297,76489,76512,23
13.0133895874,80.1941375732,76512,76524,12
13.0142202377,80.1935195923,76524,76534,10
13.0147199631,80.192741394,76534,76554,20
13.0147199631,80.192741394,76554,76564,10
13.0148296356,80.1925582886,76564,76574,10
13.0150604248,80.1921386719,76574,76584,10
13.0153999329,80.1915283203,76584,76595,11
13.0158395767,80.1906967163,76595,76605,10
13.0163002014,80.1898727417,76605,76614,9
13.0166797638,80.189163208,76614,76645,31
13.0166797638,80.189163208,76645,76655,10
13.0168600082,80.188911438,76655,76665,10
13.0171804428,80.1883468628,76665,76675,10
13.0175695419,80.1876296997,76675,76685,10
13.017999649,80.1869277954,76685,76696,11
13.0186004639,80.1864929199,76696,76706,10
13.0192699432,80.1860961914,76706,76715,9
13.0199203491,80.1856918335,76715,76726,11
13.020359993,80.1851501465,76726,76736,10
13.0205602646,80.1844406128,76736,76766,30
13.0205602646,80.1844406128,76766,76776,10
13.0205602646,80.184387207,76776,76786,10
13.0207099915,80.1840896606,76786,76796,10
13.0209302902,80.1836013794,76796,76837,41
13.0209302902,80.1836013794,76837,76847,10
13.0209598541,80.1835174561,76847,76857,10
13.0211496353,80.1832199097,76857,76867,10
13.0214395523,80.1827468872,76867,76877,10
13.0216999054,80.1822433472,76877,76887,10
13.0219697952,80.1817626953,76887,76897,10
13.0222997665,80.1811523438,76897,76907,10
13.0227098465,80.1804122925,76907,76918,11
13.023150444,80.1796417236,76918,76928,10
13.023440361,80.1790771484,76928,76938,10
13.0236597061,80.1787033081,76938,76948,10
13.0239095688,80.1782684326,76948,76978,30
13.0239095688,80.1782684326,76978,76988,10
13.0240001678,80.1781616211,76988,76997,9
13.0240802765,80.1780014038,76997,77008,11
13.0241699219,80.1778335571,77008,77018,10
13.0242996216,80.1775970459,77018,77029,11
13.0244998932,80.1772384644,77029,77038,9
13.0245304108,80.1771621704,77038,77049,11
13.0246496201,80.1769714355,77049,77059,10
13.0248203278,80.1766281128,77059,77069,10
13.0250101089,80.1762924194,77069,77079,10
13.0252504349,80.1758575439,77079,77099,20
13.0252504349,80.1758575439,77099,77109,10
13.0253295898,80.1757202148,77109,77119,10
13.025560379,80.1753082275,77119,77128,9
13.0258302689,80.1748199463,77128,77140,12
13.0262403488,80.174118042,77140,77150,10
13.0266199112,80.1734695435,77150,77160,10
13.027009964,80.1727523804,77160,77170,10
13.0274095535,80.1720428467,77170,77180,10
13.0278396606,80.1712722778,77180,77190,10
13.0282001495,80.1706390381,77190,77200,10
13.0282897949,80.170463562,77200,77210,10
13.0283699036,80.1703186035,77210,77220,10
13.0285797119,80.169960022,77220,77230,10
13.0288496017,80.1694412231,77230,77240,10
13.0290603638,80.1690216064,77240,77261,21
13.0290603638,80.1690216064,77261,77271,10
13.0291404724,80.1688995361,77271,77281,10
13.0293502808,80.1685180664,77281,77291,10
13.029999733,80.167350769,77291,77301,10
13.029999733,80.167350769,77301,77311,10
13.030380249,80.1666717529,77311,77321,10
13.0308303833,80.1658782959,77321,77331,10
13.0313301086,80.1649932861,77331,77341,10
13.0318098068,80.1641311646,77341,77351,10
13.0322999954,80.1632232666,77351,77373,22
13.0322999954,80.1632232666,77373,77383,10
13.0323801041,80.1631011963,77383,77393,10
13.0326004028,80.162689209,77393,77403,10
13.0329198837,80.1621170044,77403,77412,9
13.0332403183,80.161567688,77412,77423,11
13.0336303711,80.1608886719,77423,77433,10
13.0340204239,80.1602172852,77433,77453,20
13.0340204239,80.1602172852,77453,77463,10
13.0341796875,80.1599273682,77463,77474,11
13.0343399048,80.1593780518,77474,77484,10
13.0343599319,80.1586608887,77484,77494,10
13.0343399048,80.1578598022,77494,77504,10
13.0343103409,80.1567077637,77504,77516,12
13.0343103409,80.1567077637,77516,77562,46
13.0344600677,80.1563720703,77562,77572,10
13.0345697403,80.1559677124,77572,77582,10
13.0343904495,80.1557388306,77582,77593,11
13.033780098,80.1553497314,77593,77623,30
13.033780098,80.1553497314,77623,77633,10
13.0335702896,80.155166626,77633,77643,10
13.0331602097,80.1548614502,77643,77654,11
13.0326700211,80.1543884277,77654,77664,10
13.03221035,80.1539916992,77664,77674,10
13.03166008,80.1536407471,77674,77684,10
13.0311498642,80.1533126831,77684,77694,10
13.0307598114,80.1530380249,77694,77705,11
13.0306596756,80.1529998779,77705,77715,10
13.0305099487,80.1528930664,77715,77725,10
13.0300703049,80.1526031494,77725,77734,9
13.0295696259,80.1522598267,77734,77745,11
13.0289096832,80.1518325806,77745,77755,10
13.0282402039,80.1513977051,77755,77765,10
13.0281400681,80.1513290405,77765,77775,10
13.0280504227,80.151260376,77775,77785,10
13.0277004242,80.1509933472,77785,77795,10
13.0271902084,80.1506118774,77795,77806,11
13.0265197754,80.150100708,77806,77816,10
13.0258903503,80.1495666504,77816,77826,10
13.025270462,80.1489562988,77826,77836,10
13.0247402191,80.1483535767,77836,77846,10
13.0242595673,80.1477966309,77846,77856,10
13.0237598419,80.1473007202,77856,77866,10
13.0232400894,80.1467971802,77866,77876,10
13.0228700638,80.1464385986,77876,77886,10
13.0228300095,80.1464309692,77886,77896,10
13.0226097107,80.1462020874,77896,77906,10
13.0222797394,80.1458587646,77906,77917,11
13.0218496323,80.1454162598,77917,77927,10
13.0214300156,80.1449890137,77927,77937,10
13.0209703445,80.1445617676,77937,77947,10
13.0205898285,80.1441726685,77947,77957,10
13.0202999115,80.1438369751,77957,77967,10
13.0201301575,80.1436386108,77967,77977,10
13.0200595856,80.1435394287,77977,77987,10
13.0199403763,80.1434173584,77987,77997,10
13.0197000504,80.143157959,77997,78007,10
13.019080162,80.142578125,78007,78028,21
13.019080162,80.142578125,78028,78038,10
13.0188999176,80.1424102783,78038,78048,10
13.0184803009,80.1419906616,78048,78058,10
13.0179395676,80.1414718628,78058,78068,10
13.0175800323,80.1409378052,78068,78078,10
13.0172395706,80.1402435303,78078,78088,10
13.0168504715,80.1394271851,78088,78098,10
13.0164899826,80.1386795044,78098,78108,10
13.0160799026,80.1378479004,78108,78118,10
13.0156602859,80.1370391846,78118,78128,10
13.01541996,80.1365737915,78128,78138,10
13.015370369,80.1364822388,78138,78149,11
13.015130043,80.1360092163,78149,78159,10
13.014840126,80.1354827881,78159,78169,10
13.0145196915,80.1349105835,78169,78179,10
13.0141000748,80.1342697144,78179,78189,10
13.0136404037,80.1335830688,78189,78199,10
13.0130701065,80.1330795288,78199,78209,10
13.0126104355,80.1329116821,78209,78225,16
13.0125102997,80.1320877075,78225,78237,12
13.0125198364,80.1319503784,78237,78245,8
13.0125598907,80.1318435669,78245,78258,13
13.0124397278,80.1312637329,78258,78268,10
13.0121603012,80.1306915283,78268,78278,10
13.0119800568,80.130317688,78278,78288,10
13.0118198395,80.1298370361,78288,78297,9
13.0117301941,80.1294631958,78297,78308,11
13.0116195679,80.1287231445,78308,78318,10
13.0115299225,80.1278991699,78318,78328,10
13.0114498138,80.1271209717,78328,78338,10
13.0114202499,80.1262893677,78338,78348,10
13.0114297867,80.1253814697,78348,78358,10
13.0113897324,80.1245422363,78358,78369,11
13.0110397339,80.123878479,78369,78379,10
13.0109701157,80.1237792969,78379,78389,10
13.0108995438,80.1236572266,78389,78399,10
13.0105695724,80.123260498,78399,78409,10
13.0099897385,80.1229095459,78409,78419,10
13.009759903,80.1222686768,78419,78429,10
13.0097103119,80.1216125488,78429,78439,10
13.0096998215,80.1209564209,78439,78449,10
13.0099201202,80.119972229,78449,78469,20
13.0099201202,80.119972229,78469,78480,11
13.0100402832,80.1195983887,78480,78490,10
13.010140419,80.1189422607,78490,78500,10
13.0103397369,80.1181411743,78500,78510,10
13.010720253,80.1172485352,78510,78520,10
13.0109395981,80.1163635254,78520,78530,10
13.0110397339,80.1154937744,78530,78546,16
13.0109596252,80.1144790649,78546,78558,12
13.0104198456,80.1144790649,78558,78567,9
13.0103797913,80.1144790649,78567,78578,11
13.0101900101,80.1144790649,78578,78589,11
13.0095396042,80.1145019531,78589,78599,10
13.0087099075,80.1144790649,78599,78609,10
13.0080299377,80.1139221191,78609,78619,10
13.0074195862,80.1130828857,78619,78628,9
13.0068702698,80.1122894287,78628,78639,11
13.0062599182,80.111328125,78639,78649,10
13.0060396194,80.1106185913,78649,78659,10
13.005610466,80.1100082397,78659,78669,10
13.0053796768,80.1093826294,78669,78678,9
13.0053796768,80.109336853,78678,78689,11
13.0053701401,80.10887146,78689,78700,11
13.0053100586,80.1081390381,78700,78710,10
13.0052700043,80.1073684692,78710,78720,10
13.0052099228,80.1064605713,78720,78729,9
13.0051002502,80.1056518555,78729,78740,11
13.0048904419,80.1047592163,78740,78750,10
13.004650116,80.1035919189,78750,78759,9
13.0046396255,80.1026535034,78759,78770,11
13.0043897629,80.1016998291,78770,78780,10
13.0038900375,80.1007232666,78780,78790,10
13.0034399033,80.0995788574,78790,78811,21
13.0034399033,80.0995788574,78811,78821,10
13.0033502579,80.0993423462,78821,78831,10
13.0031204224,80.0991210938,78831,78841,10
13.0027303696,80.0988388062,78841,78851,10
13.0022201538,80.0985336304,78851,78861,10
13.0016899109,80.0982437134,78861,78871,10
13.0011301041,80.0979690552,78871,78881,10
13.0006504059,80.0978469849,78881,78891,10
13.0002803802,80.0977020264,78891,78901,10
13.0001802444,80.0976409912,78901,78911,10
12.9998998642,80.0974502563,78911,78922,11
12.9993095398,80.097076416,78922,78932,10
12.9988002777,80.0968322754,78932,78942,10
12.9987802505,80.0968170166,78942,78952,10
12.9987001419,80.0967788696,78952,78962,10
12.9984302521,80.0966796875,78962,78972,10
12.998290062,80.0966415405,78972,78982,10
12.9982299805,80.0965881348,78982,78992,10
12.9979400635,80.0965194702,78992,79002,10
12.9975204468,80.0964813232,79002,79012,10
12.9971199036,80.0963592529,79012,79022,10
12.9968299866,80.0960388184,79022,79033,11
12.9971199036,80.0961837769,79033,79253,220
12.9971199036,80.0961837769,79253,79263,10
12.9971504211,80.0964279175,79263,79273,10
12.9974002838,80.0964431763,79273,79283,10
12.997759819,80.0965194702,79283,79293,10
12.9981803894,80.096572876,79293,79303,10
12.9985704422,80.0967330933,79303,79313,10
12.9990701675,80.0969467163,79313,79323,10
12.9994897842,80.0971984863,79323,79333,10
13.0000095367,80.0975189209,79333,79343,10
13.0004901886,80.0977935791,79343,79353,10
13.0010595322,80.0979537964,79353,79364,11
13.0017795563,80.0982666016,79364,79374,10
13.0024204254,80.0986328125,79374,79384,10
13.0030403137,80.0990371704,79384,79394,10
13.0034503937,80.0994033813,79394,79404,10
13.003569603,80.0997695923,79404,79414,10
13.0037002563,80.1002426147,79414,79424,10
13.0039701462,80.1008911133,79424,79434,10
13.0043497086,80.1016387939,79434,79444,10
13.0046300888,80.1024703979,79444,79454,10
13.004699707,80.1034088135,79454,79464,10
13.0047998428,80.1043624878,79464,79475,11
13.0050296783,80.1053085327,79475,79485,10
13.0052099228,80.106262207,79485,79495,10
13.0052900314,80.1071777344,79495,79505,10
13.0053300858,80.1080169678,79505,79515,10
13.0053901672,80.1088104248,79515,79525,10
13.0054397583,80.1094512939,79525,79535,10
13.0054502487,80.1095962524,79535,79544,9
13.0056400299,80.1100387573,79544,79555,11
13.0061197281,80.1107406616,79555,79565,10
13.0063695908,80.1115036011,79565,79575,10
13.0068302155,80.1122131348,79575,79586,11
13.0073900223,80.112991333,79586,79596,10
13.007900238,80.1137237549,79596,79606,10
13.008480072,80.1143798828,79606,79616,10
13.0093202591,80.1145401001,79616,79626,10
13.0101804733,80.1145172119,79626,79636,10
13.010720253,80.1145019531,79636,79646,10
13.0111303329,80.1146469116,79646,79656,10
13.0111198425,80.115272522,79656,79666,10
13.0110197067,80.1161575317,79666,79676,10
13.0108003616,80.1171798706,79676,79686,10
13.010430336,80.1181106567,79686,79697,11
13.0101604462,80.1190795898,79697,79707,10
13.010020256,80.1199264526,79707,79717,10
13.0097503662,80.1206512451,79717,79727,10
13.0097103119,80.1211929321,79727,79737,10
13.0097198486,80.1215896606,79737,79747,10
13.009759903,80.1221389771,79747,79757,10
13.0098400116,80.1228027344,79757,79767,10
13.0104198456,80.1231918335,79767,79777,10
13.0109701157,80.1237792969,79777,79787,10
13.0113801956,80.1245269775,79787,79797,10
13.011469841,80.1254196167,79797,79808,11
13.0114498138,80.1263885498,79808,79818,10
13.0114803314,80.127243042,79818,79828,10
13.0115203857,80.127746582,79828,79838,10
13.0115995407,80.1284103394,79838,79848,10
13.0116796494,80.1291427612,79848,79858,10
13.0118198395,80.1298294067,79858,79868,10
13.012049675,80.1304931641,79868,79878,10
13.012339592,80.131111145,79878,79888,10
13.0125198364,80.131690979,79888,79898,10
13.0125398636,80.1318817139,79898,79908,10
13.012550354,80.1322631836,79908,79919,11
13.0125904083,80.132850647,79919,79929,10
13.0130701065,80.1331176758,79929,79939,10
13.0136003494,80.1335296631,79939,79948,9
13.0139398575,80.1340103149,79948,79959,11
13.0142498016,80.1344909668,79959,79969,10
13.0147304535,80.1352462769,79969,79979,10
13.0151596069,80.1360015869,79979,79989,10
13.0155200958,80.1367034912,79989,79999,10
13.0156698227,80.1369628906,79999,80009,10
13.0159196854,80.1374588013,80009,80019,10
13.0162696838,80.1381607056,80019,80030,11
13.0166902542,80.1390075684,80030,80040,10
13.0171003342,80.139831543,80040,80050,10
13.0175104141,80.1406707764,80050,80060,10
13.0179395676,80.1414108276,80060,80070,10
13.0184898376,80.1419677734,80070,80080,10
13.019080162,80.1425323486,80080,80090,10
13.0195503235,80.1429901123,80090,80100,10
13.0197401047,80.1431503296,80100,80110,10
13.0198497772,80.1432723999,80110,80120,10
13.0199699402,80.1434173584,80120,80130,10
13.0205202103,80.1440505981,80130,80151,21
13.0205202103,80.1440505981,80151,80161,10
13.0207901001,80.1443099976,80161,80171,10
13.0212697983,80.14478302,80171,80181,10
13.021730423,80.1452331543,80181,80191,10
13.0221700668,80.1456604004,80191,80201,10
13.0225696564,80.1460723877,80201,80211,10
13.023059845,80.1465377808,80211,80221,10
13.0236196518,80.147102356,80221,80231,10
13.024140358,80.1476211548,80231,80241,10
13.024600029,80.1481170654,80241,80252,11
13.0252199173,80.1487731934,80252,80262,10
13.0257902145,80.1493835449,80262,80272,10
13.0263595581,80.149887085,80272,80282,10
13.0269498825,80.1503372192,80282,80292,10
13.0275201797,80.1507797241,80292,80302,10
13.0281000137,80.1512069702,80302,80312,10
13.0286598206,80.1516036987,80312,80322,10
13.029250145,80.1520004272,80322,80332,10
13.0299196243,80.1524505615,80332,80342,10
13.030579567,80.1528625488,80342,80352,10
13.0308198929,80.1530227661,80352,80363,11
13.0313596725,80.1533813477,80363,80373,10
13.031999588,80.1537780762,80373,80383,10
13.0326795578,80.1543121338,80383,80393,10
13.0333003998,80.1548995972,80393,80403,10
13.0340003967,80.155456543,80403,80413,10
13.0345201492,80.1558380127,80413,80453,40
13.0345201492,80.1558380127,80453,80463,10
13.0345802307,80.1558685303,80463,80474,11
13.0347204208,80.1561889648,80474,80484,10
13.0344896317,80.1566162109,80484,80494,10
13.0343399048,80.1572570801,80494,80504,10
13.0344104767,80.1578979492,80504,80514,10
13.0344295502,80.1585998535,80514,80524,10
13.0344295502,80.1593170166,80524,80534,10
13.0343198776,80.1599578857,80534,80544,10
13.0340003967,80.1605377197,80544,80554,10
13.0336503983,80.1611785889,80554,80564,10
13.0332403183,80.1618881226,80564,80574,10
13.0328397751,80.1626586914,80574,80585,11
13.0323400497,80.16355896,80585,80595,10
13.0318202972,80.1644973755,80595,80605,10
13.0312900543,80.1654510498,80605,80615,10
13.0307397842,80.1664428711,80615,80625,10
13.0301799774,80.167427063,80625,80635,10
13.0297002792,80.168296814,80635,80644,9
13.0293998718,80.1688308716,80644,80655,11
13.0292901993,80.1690216064,80655,80665,10
13.028960228,80.1696014404,80665,80675,10
13.0285797119,80.1702804565,80675,80685,10
13.0281496048,80.171081543,80685,80696,11
13.0276298523,80.1720275879,80696,80706,10
13.0271396637,80.1728973389,80706,80716,10
13.0266599655,80.1737823486,80716,80726,10
13.0262403488,80.1745376587,80726,80736,10
13.0259504318,80.1750335693,80736,80746,10
13.0256004333,80.1756286621,80746,80756,10
13.0250797272,80.1765823364,80756,80817,61
13.0250797272,80.1765823364,80817,80827,10
13.0249004364,80.1767807007,80827,80837,10
13.0247297287,80.1771469116,80837,80847,10
13.0244102478,80.1777267456,80847,80857,10
13.0240097046,80.1784515381,80857,80867,10
13.023639679,80.1791381836,80867,80877,10
13.0232496262,80.1798400879,80877,80887,10
13.0228204727,80.1806030273,80887,80897,10
13.022480011,80.1812210083,80897,80928,31
13.022480011,80.1812210083,80928,80938,10
13.0224199295,80.181312561,80938,80948,10
13.0223197937,80.1814575195,80948,80958,10
13.0221395493,80.1817779541,80958,80968,10
13.0219202042,80.1821975708,80968,81008,40
13.0219202042,80.1821975708,81008,81019,11
13.0218095779,80.1823883057,81019,81029,10
13.0216398239,80.1827468872,81029,81039,10
13.0214700699,80.1831207275,81039,81099,60
13.0214700699,80.1831207275,81099,81109,10
13.0214195251,80.1832275391,81109,81119,10
13.0211896896,80.1835708618,81119,81135,16
13.0207796097,80.1843566895,81135,81148,13
13.0204696655,80.1852874756,81148,81158,10
13.0200300217,80.1858215332,81158,81168,10
13.0193996429,80.1862030029,81168,81178,10
13.0187597275,80.1865997314,81178,81188,10
13.017999649,80.187210083,81188,81198,10
13.0174398422,80.1882324219,81198,81208,10
13.0169801712,80.1890792847,81208,81218,10
13.0167398453,80.1895599365,81218,81228,10
13.0164699554,80.1900100708,81228,81238,10
13.016119957,80.1906204224,81238,81249,11
13.0156297684,80.1914825439,81249,81259,10
13.015130043,80.1923904419,81259,81269,10
13.0146303177,80.1932220459,81269,81279,10
13.0142698288,80.193687439,81279,81289,10
13.0141000748,80.1938171387,81289,81299,10
13.0135803223,80.1941604614,81299,81309,10
13.0129299164,80.1945800781,81309,81319,10
13.012140274,80.1950683594,81319,81329,10
13.0112895966,80.195602417,81329,81339,10
13.0104799271,80.1959991455,81339,81349,10
13.0096797943,80.1959915161,81349,81360,11
13.0088396072,80.1962585449,81360,81370,10
13.0085496902,80.1968612671,81370,81380,10
13.0085802078,80.1977386475,81380,81390,10
13.008600235,80.1986236572,81390,81400,10
13.0086097717,80.1995391846,81400,81410,10
13.0086402893,80.2005462646,81410,81420,10
13.0085897446,80.2015609741,81420,81430,10
13.0085201263,80.2024917603,81430,81440,10
13.0082101822,80.2032699585,81440,81450,10
13.0077600479,80.2039108276,81450,81460,10
13.0077495575,80.2046432495,81460,81471,11
13.0077295303,80.2054824829,81471,81481,10
13.0077896118,80.2063674927,81481,81491,10
13.0079097748,80.2071990967,81491,81501,10
13.0080003738,80.2079696655,81501,81511,10
13.0081195831,80.2087783813,81511,81521,10
13.0082902908,80.2095794678,81521,81531,10
13.0085601807,80.2102966309,81531,81541,10
13.0089902878,80.210647583,81541,81551,10
13.0089902878,80.2106399536,81551,81561,10
13.0092096329,80.2108535767,81561,81571,10
13.0093002319,80.2111816406,81571,81582,11
13.0090303421,80.2115097046,81582,81592,10
13.0091295242,80.2119903564,81592,81602,10
13.0093898773,80.2126998901,81602,81612,10
13.0096502304,80.2134170532,81612,81622,10
13.0099401474,80.2141189575,81622,81632,10
13.0101604462,80.2148590088,81632,81642,10
13.0102796555,80.2156829834,81642,81652,10
13.0106201172,80.2164916992,81652,81662,10
13.01101017,80.217300415,81662,81672,10
13.0113601685,80.2181396484,81672,81682,10
13.0116796494,80.2190628052,81682,81693,11
13.012049675,80.220161438,81693,81703,10
13.0123596191,80.2210388184,81703,81713,10
13.012720108,80.2216491699,81713,81722,9
13.0131196976,80.2221298218,81722,81733,11
13.0135803223,80.2227325439,81733,81743,10
13.0140104294,80.2232513428,81743,81753,10
13.0143604279,80.2236862183,81753,81762,9
13.0146303177,80.223991394,81762,81773,11
13.0150995255,80.2245864868,81773,81783,10
13.0155296326,80.2250366211,81783,81793,10
13.0155801773,80.2250671387,81793,81804,11
13.0157203674,80.225151062,81804,81814,10
13.0161504745,80.2253112793,81814,81824,10
13.0167503357,80.2252197266,81824,81834,10
13.017490387,80.2249221802,81834,81844,10
13.0183296204,80.2246017456,81844,81854,10
13.0190696716,80.2243499756,81854,81864,10
13.0194702148,80.2243728638,81864,81874,10
13.0199098587,80.2246322632,81874,81884,10
13.0204000473,80.2249984741,81884,81894,10
13.0209598541,80.2253799438,81894,81904,10
13.021490097,80.2258071899,81904,81915,11
13.0220899582,80.2262802124,81915,81925,10
13.0227203369,80.2268218994,81925,81935,10
13.0233297348,80.2273864746,81935,81945,10
13.0239295959,80.2279510498,81945,81955,10
13.0243396759,80.2284088135,81955,81965,10
13.0245800018,80.228767395,81965,81975,10
13.0249595642,80.2293014526,81975,81985,10
13.0254602432,80.2299575806,81985,81995,10
13.0258798599,80.2307434082,81995,82005,10
13.0260601044,80.2312927246,82005,82015,10
13.0263996124,80.231262207,82015,82026,11
13.0270795822,80.2311019897,82026,82036,10
13.0277299881,80.2309570313,82036,82046,10
13.0283498764,80.2309112549,82046,82056,10
13.0285596848,80.2308807373,82056,82066,10
13.028960228,80.2308425903,82066,82076,10
13.0294504166,80.230796814,82076,82086,10
13.0301198959,80.2307434082,82086,82096,10
13.0306301117,80.2306671143,82096,82106,10
13.0306301117,80.2303237915,82106,82116,10
13.0304803848,80.2298126221,82116,82127,11
13.0302801132,80.2289581299,82127,82137,10
13.0303001404,80.2285614014,82137,82147,10
13.0303297043,80.2283782959,82147,82157,10
13.030380249,80.227897644,82157,82167,10
13.0304002762,80.2275390625,82167,82177,10
13.0299797058,80.2274169922,82177,82187,10
13.0294799805,80.2273406982,82187,82197,10
13.028840065,80.2272262573,82197,82207,10
13.0282802582,80.2271270752,82207,82217,10
13.0279397964,80.2269668579,82217,82227,10
13.0279397964,80.2265396118,82227,82237,10
13.0280704498,80.2259368896,82237,82248,11
13.0282201767,80.2252197266,82248,82258,10
13.0283498764,80.2245864868,82258,82268,10
13.0284404755,80.224067688,82268,82278,10
13.0287704468,80.224029541,82278,82288,10
13.0290803909,80.2242126465,82288,82298,10
13.0295600891,80.2242584229,82298,82308,10
13.0301504135,80.2242584229,82308,82318,10
13.0307397842,80.2242736816,82318,82328,10
13.031080246,80.2241668701,82328,82338,10
13.0311002731,80.223777771,82338,82349,11
13.0311403275,80.2232131958,82349,82358,9
13.0312595367,80.2227325439,82358,82368,10
13.0315303802,80.2222824097,82368,82379,11
13.0316696167,80.2219924927,82379,82389,10
13.0318899155,80.2215423584,82389,82399,10
13.0320501328,80.2209777832,82399,82409,10
13.0321598053,80.2203826904,82409,82419,10
13.0321798325,80.2198867798,82419,82439,20
13.0321798325,80.2198867798,82439,82449,10
13.0321598053,80.2198028564,82449,82460,11
13.0321702957,80.2197189331,82460,82470,10
13.0321903229,80.2196731567,82470,82480,10
13.0322198868,80.2193832397,82480,82490,10
13.0322198868,80.2189788818,82490,82500,10
13.0321702957,80.2185516357,82500,82510,10
13.0317602158,80.2184371948,82510,82520,10
13.0314702988,80.2181625366,82520,82530,10
13.0314502716,80.2177124023,82530,82540,10
13.0314102173,80.2172317505,82540,82550,10
13.0313796997,80.2170028687,82550,82560,10
13.0313301086,80.2165222168,82560,82571,11
13.0312795639,80.2158966064,82571,82581,10
13.031370163,80.2152633667,82581,82591,10
13.0314598083,80.2145614624,82591,82601,10
13.0315599442,80.2138671875,82601,82611,10
13.0316400528,80.2133789063,82611,82621,10
13.0317296982,80.2127380371,82621,82631,10
13.0318202972,80.2120819092,82631,82641,10
13.0319595337,80.2115478516,82641,82651,10
13.0320596695,80.2109832764,82651,82661,10
13.0321397781,80.210357666,82661,82671,10
13.0321798325,80.2099685669,82671,82681,10
13.0323600769,80.2097015381,82681,82692,11
13.0328502655,80.2097702026,82692,82702,10
13.0333204269,80.2098312378,82702,82718,16
13.0341300964,80.2099227905,82718,82730,12
13.0347204208,80.2099914551,82730,82740,10
13.0350399017,80.2099075317,82740,82750,10
13.0351295471,80.2096176147,82750,82760,10
13.0351600647,80.2092437744,82760,82770,10
13.0352201462,80.2089080811,82770,82780,10
13.0352697372,80.208480835,82780,82790,10
13.0353403091,80.2079772949,82790,82800,10
13.0354299545,80.2074127197,82800,82811,11
13.0355195999,80.2067718506,82811,82820,9
13.0355997086,80.2062988281,82820,82831,11
13.0356197357,80.2060165405,82831,82841,10
13.0356197357,80.2060089111,82841,82851,10
13.0356197357,80.205947876,82851,82861,10
13.0356903076,80.205657959,82861,82871,10
13.0357198715,80.205368042,82871,82881,10
13.0355901718,80.2052612305,82881,82891,10
13.0354003906,80.2052688599,82891,82912,21
13.0354003906,80.2052688599,82912,82922,10
13.0352497101,80.2052536011,82922,82932,10
13.0350599289,80.2052001953,82932,82942,10
13.0347995758,80.2051391602,82942,82952,10
13.034620285,80.2052612305,82952,82962,10
