12.9868202209,80.2586135864,17,1454,1437
12.9868202209,80.2586135864,1454,1464,10
12.9867095947,80.2589187622,1464,1475,11
12.9868202209,80.2590866089,1475,1485,10
12.9870195389,80.2590866089,1485,3542,2057
12.9869604111,80.2590484619,3542,4666,1124
12.9871196747,80.2590103149,4666,5993,1327
12.9870004654,80.2591018677,5993,6580,587
12.9870100021,80.2591781616,6580,9608,3028
12.9870195389,80.2590026855,9608,10033,425
12.9870195389,80.2591171265,10033,17921,7888
12.9870195389,80.2591171265,17921,17931,10
12.9874296188,80.2591171265,17931,17941,10
12.9874095917,80.2589035034,17941,19227,1286
12.987279892,80.2588195801,19227,19349,122
12.987279892,80.2588195801,19349,19359,10
12.9873600006,80.2587127686,19359,19369,10
12.9874000549,80.2585220337,19369,19379,10
12.9874095917,80.2581863403,19379,19389,10
12.9874601364,80.2576293945,19389,19399,10
12.9875202179,80.257019043,19399,19410,11
12.9875602722,80.2562103271,19410,19420,10
12.9873600006,80.2556762695,19420,19430,10
12.9865598679,80.2555618286,19430,19440,10
12.9860496521,80.2554626465,19440,19450,10
12.9856796265,80.2553863525,19450,19460,10
12.9850196838,80.255241394,19460,19470,10
12.9841499329,80.255027771,19470,19480,10
12.9832801819,80.2548065186,19480,19491,11
12.9823503494,80.2545471191,19491,19501,10
12.9818601608,80.2537689209,19501,19511,10
12.9815597534,80.2528762817,19511,19521,10
12.9806003571,80.2527770996,19521,19531,10
12.9797697067,80.2527313232,19531,19541,10
12.9785404205,80.252532959,19541,19551,10
12.9777603149,80.2518997192,19551,19561,10
12.9767503738,80.2512893677,19561,19572,11
12.9749898911,80.2507781982,19572,19582,10
12.9733800888,80.2503433228,19582,19592,10
12.9717597961,80.2499237061,19592,19602,10
12.97012043,80.249420166,19602,19612,10
12.9686899185,80.248840332,19612,19622,10
12.9671001434,80.2481918335,19622,19632,10
12.9657897949,80.2475967407,19632,19642,10
12.9646396637,80.2472000122,19642,19653,11
12.9633398056,80.2466583252,19653,19663,10
12.9620103836,80.2460021973,19663,19673,10
12.9606599808,80.2453536987,19673,19683,10
12.9593801498,80.2447891235,19683,19693,10
12.9581804276,80.2442626953,19693,19703,10
12.9574699402,80.2439880371,19703,19713,10
12.9566297531,80.2437515259,19713,19723,10
12.9562397003,80.2435913086,19723,19734,11
12.9556398392,80.2433013916,19734,19744,10
12.9547100067,80.2428665161,19744,19754,10
12.9535303116,80.2423782349,19754,19764,10
12.9522600174,80.2418899536,19764,19774,10
12.9513301849,80.2415618896,19774,19784,10
12.9497499466,80.2410507202,19784,19794,10
12.9486999512,80.2406463623,19794,19804,10
12.9474802017,80.2401580811,19804,19815,11
12.9460000992,80.2395401001,19815,19825,10
12.9447803497,80.2387008667,19825,19835,10
12.9437198639,80.2375335693,19835,19845,10
12.9426002502,80.2365875244,19845,19855,10
12.9414396286,80.2362213135,19855,19865,10
12.9401102066,80.2358779907,19865,19875,10
12.9388599396,80.2353210449,19875,19884,9
12.9375200272,80.2346496582,19884,19896,12
12.9357204437,80.2338027954,19896,19906,10
12.9343395233,80.2331924438,19906,19916,10
12.9330596924,80.2326202393,19916,19926,10
12.9314899445,80.2320632935,19926,19936,10
12.9298696518,80.2315826416,19936,19946,10
12.9282598495,80.231262207,19946,19956,10
12.9267101288,80.231048584,19956,19966,10
12.9252700806,80.2308807373,19966,19977,11
12.9233102798,80.2306365967,19977,19987,10
12.9216299057,80.2304077148,19987,19997,10
12.9199399948,80.2301635742,19997,20007,10
12.9182596207,80.2299423218,20007,20017,10
12.9166202545,80.2297210693,20017,20027,10
12.9149503708,80.2294769287,20027,20037,10
12.9132699966,80.2292480469,20037,20047,10
12.911649704,80.229019165,20047,20058,11
12.9101200104,80.2288208008,20058,20068,10
12.9088497162,80.2286071777,20068,20078,10
12.9073801041,80.2283706665,20078,20088,10
12.9065103531,80.2282714844,20088,20098,10
12.9055204391,80.2282104492,20098,20108,10
12.9043998718,80.2281570435,20108,20118,10
12.9024801254,80.2280426025,20118,20128,10
12.9012498856,80.2279586792,20128,20139,11
12.9001703262,80.2279205322,20139,20169,30
12.9001703262,80.2279205322,20169,20179,10
12.8997497559,80.227897644,20179,20199,20
12.8997497559,80.227897644,20199,20209,10
12.8995599747,80.2278594971,20209,20220,11
12.8988800049,80.2278213501,20220,20230,10
12.8978796005,80.2277679443,20230,20240,10
12.8965196609,80.2276992798,20240,20250,10
12.8949804306,80.2276382446,20250,20260,10
12.8933696747,80.2275314331,20260,20270,10
12.8921604156,80.2274017334,20270,20280,10
12.8901395798,80.2273635864,20280,20290,10
12.8884401321,80.2273483276,20290,20301,11
12.8866300583,80.2270965576,20301,20311,10
12.8848400116,80.2267608643,20311,20331,20
12.8848400116,80.2267608643,20331,20341,10
12.8846998215,80.2267608643,20341,20351,10
12.884059906,80.2267532349,20351,20361,10
12.883020401,80.2267379761,20361,20371,10
12.8816699982,80.2267608643,20371,20382,11
12.8799200058,80.2267532349,20382,20392,10
12.8782300949,80.2268218994,20392,20402,10
12.8767404556,80.2269363403,20402,20412,10
12.8752803802,80.2269363403,20412,20422,10
12.8737001419,80.2267608643,20422,20432,10
12.8725996017,80.2266921997,20432,20442,10
12.872130394,80.2267379761,20442,20452,10
12.8718395233,80.2267227173,20452,20463,11
12.8709697723,80.2266616821,20463,20473,10
12.8697595596,80.2265625,20473,20483,10
12.8682403564,80.2264175415,20483,20493,10
12.8666200638,80.2265625,20493,20503,10
12.8649597168,80.226600647,20503,20513,10
12.8632802963,80.2265319824,20513,20523,10
12.8616304398,80.2266082764,20523,20533,10
12.8599996567,80.2265014648,20533,20544,11
12.8587503433,80.2263412476,20544,20554,10
12.8577899933,80.2262878418,20554,20564,10
12.856470108,80.2264022827,20564,20574,10
12.8548603058,80.2265625,20574,20584,10
12.8531599045,80.2267227173,20584,20594,10
12.8514499664,80.2266616821,20594,20604,10
12.8497495651,80.226600647,20604,20614,10
12.8480997086,80.226600647,20614,20625,11
12.8463697433,80.2266082764,20625,20635,10
12.8453903198,80.2266311646,20635,20645,10
12.8453702927,80.2266311646,20645,20655,10
12.8449897766,80.2266387939,20655,20665,10
12.84416008,80.2266998291,20665,20675,10
12.8429298401,80.2268676758,20675,20685,10
12.8415203094,80.2271881104,20685,20695,10
12.8403301239,80.2275314331,20695,20706,11
12.839679718,80.2277832031,20706,20716,10
12.8391199112,80.2279205322,20716,20726,10
12.8381700516,80.2281570435,20726,20736,10
12.8367996216,80.2284011841,20736,20746,10
12.8352003098,80.2286224365,20746,20756,10
12.8336200714,80.2288894653,20756,20766,10
12.8324298859,80.2291183472,20766,20776,10
12.8323202133,80.2291412354,20776,20787,11
12.8321695328,80.2291793823,20787,20797,10
12.8315401077,80.229309082,20797,20807,10
12.8305597305,80.229637146,20807,20817,10
12.8292798996,80.2301177979,20817,20827,10
12.8279104233,80.2308273315,20827,20837,10
12.8264904022,80.2313690186,20837,20847,10
12.8249902725,80.2314300537,20847,20857,10
12.8235797882,80.2311172485,20857,20867,10
12.8220996857,80.2306594849,20867,20878,11
12.8205299377,80.2304763794,20878,20888,10
12.8191604614,80.230506897,20888,20898,10
12.8179502487,80.2300796509,20898,20908,10
12.8166999817,80.2295684814,20908,20918,10
12.8152303696,80.2293395996,20918,20928,10
12.8138198853,80.2290802002,20928,20938,10
12.8125200272,80.2286834717,20938,20948,10
12.8114500046,80.2283096313,20948,20959,11
12.8110198975,80.2281417847,20959,20969,10
12.8103904724,80.2278671265,20969,20979,10
12.8095998764,80.2275085449,20979,20989,10
12.8086500168,80.2268295288,20989,20999,10
12.8075799942,80.2259292603,20999,21009,10
12.8067998886,80.225227356,21009,21019,10
12.8061103821,80.2245864868,21019,21029,10
12.8052396774,80.2240524292,21029,21040,11
12.8042402267,80.2239074707,21040,21050,10
12.8032798767,80.2238311768,21050,21060,10
12.8023700714,80.2237167358,21060,21070,10
12.8011903763,80.2235870361,21070,21080,10
12.7997999191,80.2234573364,21080,21090,10
12.7982196808,80.2233123779,21090,21100,10
12.7966098785,80.2230606079,21100,21110,10
12.7952804565,80.2228317261,21110,21121,11
12.7937803268,80.2226028442,21121,21131,10
12.7923297882,80.222366333,21131,21141,10
12.7908601761,80.2220230103,21141,21151,10
12.7896099091,80.2216873169,21151,21161,10
12.7888803482,80.2214279175,21161,21171,10
12.7881202698,80.2211227417,21171,21181,10
12.7873096466,80.2208099365,21181,21191,10
12.7864904404,80.2204971313,21191,21202,11
12.7861204147,80.2205810547,21202,21212,10
12.7861795425,80.2211608887,21212,21222,10
12.7862901688,80.2221374512,21222,21252,30
12.7863302231,80.2219467163,21252,21293,41
12.7863302231,80.2219467163,21293,21303,10
12.7862596512,80.2217636108,21303,21313,10
12.7862300873,80.2214584351,21313,21323,10
12.786190033,80.221206665,21323,21332,9
12.7861795425,80.2205963135,21332,21343,11
12.7863397598,80.2203521729,21343,21353,10
12.7864398956,80.220413208,21353,21364,11
12.7864704132,80.220451355,21364,21374,10
12.7866001129,80.2204971313,21374,21384,10
12.7869501114,80.2206268311,21384,21394,10
12.7876796722,80.2209014893,21394,21404,10
12.7886896133,80.2212905884,21404,21414,10
12.7896995544,80.2216720581,21414,21424,10
12.7907600403,80.2219467163,21424,21434,10
12.7921800613,80.2222976685,21434,21445,11
12.7939395905,80.2226028442,21445,21455,10
12.7955303192,80.2228469849,21455,21465,10
12.7971200943,80.2231369019,21465,21475,10
12.798620224,80.2233505249,21475,21485,10
12.8002300262,80.2235031128,21485,21495,10
12.8017101288,80.2236404419,21495,21505,10
12.8028097153,80.2237701416,21505,21515,10
12.8039503098,80.2238922119,21515,21526,11
12.805150032,80.224029541,21526,21536,10
12.8055696487,80.2241363525,21536,21546,10
12.8056001663,80.2241592407,21546,21556,10
12.805970192,80.2244262695,21556,21566,10
12.8066797256,80.2250595093,21566,21576,10
12.8076696396,80.2259292603,21576,21586,10
12.8088703156,80.2269210815,21586,21596,10
12.8102197647,80.2277069092,21596,21607,11
12.8119096756,80.2283782959,21607,21617,10
12.8134498596,80.2289199829,21617,21627,10
12.8149995804,80.2292861938,21627,21637,10
12.8166799545,80.2295379639,21637,21647,10
12.8182201385,80.2301330566,21647,21657,10
12.819560051,80.2304763794,21657,21667,10
12.8198003769,80.23046875,21667,21677,10
12.819849968,80.2304611206,21677,21688,11
12.8203496933,80.2304534912,21688,21698,10
12.8212900162,80.23046875,21698,21708,10
12.8226003647,80.2307510376,21708,21718,10
12.8241701126,80.2311782837,21718,21728,10
12.8256597519,80.2313766479,21728,21738,10
12.8272304535,80.2311706543,21738,21748,10
12.8287401199,80.2303771973,21748,21758,10
12.8302602768,80.2297363281,21758,21769,11
12.8310699463,80.2293930054,21769,21779,10
12.8311004639,80.2293777466,21779,21789,10
12.8314304352,80.2292709351,21789,21799,10
12.8321504593,80.2290802002,21799,21809,10
12.8332300186,80.2288894653,21809,21819,10
12.8345098495,80.2286911011,21819,21829,10
12.8359203339,80.2284698486,21829,21839,10
12.8373403549,80.2282562256,21839,21850,11
12.8388204575,80.2279434204,21850,21860,10
12.8394498825,80.2277832031,21860,21870,10
12.8395700455,80.2277297974,21870,21880,10
12.8397502899,80.2276611328,21880,21890,10
12.8403596878,80.2275009155,21890,21900,10
12.8413200378,80.2272567749,21900,21910,10
12.8425703049,80.2269592285,21910,21920,10
12.8439702988,80.2266998291,21920,21931,11
12.8447399139,80.2266082764,21931,21941,10
12.8453197479,80.2265701294,21941,21951,10
12.8454399109,80.2265625,21951,21961,10
12.8456201553,80.2265625,21961,21971,10
12.8462295532,80.2265625,21971,21981,10
12.847240448,80.2265396118,21981,21991,10
12.8486003876,80.2265396118,21991,22001,10
12.8500204086,80.2265396118,22001,22012,11
12.851650238,80.2266082764,22012,22022,10
12.8529996872,80.2266387939,22022,22032,10
12.8542604446,80.2265701294,22032,22042,10
12.8557796478,80.2264099121,22042,22052,10
12.857339859,80.2262573242,22052,22062,10
12.8586902618,80.2262420654,22062,22072,10
12.8600502014,80.2264175415,22072,22082,10
12.8607997894,80.2265014648,22082,22093,11
12.8609399796,80.2265319824,22093,22103,10
12.8614797592,80.2265396118,22103,22113,10
12.8624200821,80.2265090942,22113,22123,10
12.863699913,80.2265014648,22123,22133,10
12.8652296066,80.2265396118,22133,22143,10
12.8666400909,80.2264785767,22143,22153,10
12.8681602478,80.226348877,22153,22163,10
12.8698596954,80.2264785767,22163,22174,11
12.8716497421,80.2266311646,22174,22184,10
12.8730897903,80.2266693115,22184,22194,10
12.8747396469,80.2268066406,22194,22204,10
12.87596035,80.2269287109,22204,22214,10
12.8767795563,80.2268981934,22214,22224,10
12.8769197464,80.2268829346,22224,22234,10
12.8777303696,80.2268218994,22234,22244,10
12.8788404465,80.2267608643,22244,22255,11
12.8804397583,80.2267303467,22255,22265,10
12.8819904327,80.2266998291,22265,22275,10
12.8835697174,80.2266921997,22275,22285,10
12.8851003647,80.2266464233,22285,22305,20
12.8851003647,80.2266464233,22305,22315,10
12.8853597641,80.2266921997,22315,22325,10
12.886059761,80.2268600464,22325,22336,11
12.8872203827,80.2271499634,22336,22346,10
12.8884000778,80.2273101807,22346,22356,10
12.889749527,80.2273406982,22356,22366,10
12.8912000656,80.2273635864,22366,22376,10
12.8925504684,80.2273788452,22376,22386,10
12.8938598633,80.2275619507,22386,22396,10
12.8952999115,80.2276611328,22396,22406,10
12.8966598511,80.2277069092,22406,22417,11
12.8978204727,80.2277679443,22417,22427,10
12.8987903595,80.2278289795,22427,22437,10
12.899769783,80.2278900146,22437,22447,10
12.9007997513,80.2279434204,22447,22467,20
12.9007997513,80.2279434204,22467,22477,10
12.9011297226,80.2279586792,22477,22487,10
12.9018201828,80.2279815674,22487,22498,11
12.9019699097,80.2279663086,22498,22508,10
12.9024000168,80.2279891968,22508,22518,10
12.9032402039,80.2280426025,22518,22528,10
12.9042901993,80.2281036377,22528,22538,10
12.9054098129,80.2281723022,22538,22548,10
12.9065103531,80.2282104492,22548,22568,20
12.9065103531,80.2282104492,22568,22579,11
12.9068803787,80.2282409668,22579,22589,10
12.906999588,80.2282562256,22589,22599,10
12.9075202942,80.2283401489,22599,22609,10
12.9084396362,80.2285003662,22609,22619,10
12.9097499847,80.2287063599,22619,22629,10
12.9113397598,80.2289505005,22629,22639,10
12.9129695892,80.2291793823,22639,22649,10
12.9140195847,80.2292861938,22649,22660,11
12.9141397476,80.2293167114,22660,22670,10
12.9146099091,80.2293930054,22670,22680,10
12.915430069,80.2295303345,22680,22690,10
12.9166202545,80.2296905518,22690,22700,10
12.9180698395,80.2298965454,22700,22710,10
12.9196596146,80.2301101685,22710,22720,10
12.9213399887,80.2303237915,22720,22730,10
12.9229602814,80.2305297852,22730,22741,11
12.9248199463,80.2307815552,22741,22751,10
12.9263000488,80.2309799194,22751,22761,10
12.9272203445,80.2310562134,22761,22771,10
12.9280195236,80.2311630249,22771,22781,10
12.9287796021,80.231262207,22781,22791,10
12.9296503067,80.2314376831,22791,22801,10
12.9305496216,80.2316589355,22801,22811,10
12.9316596985,80.2320327759,22811,22821,10
12.9328298569,80.2324371338,22821,22832,11
12.9336500168,80.2327728271,22832,22842,10
12.9337396622,80.2328109741,22842,22852,10
12.9341402054,80.2329788208,22852,22862,10
12.9348602295,80.2332992554,22862,22872,10
12.935669899,80.2336578369,22872,22882,10
12.9361696243,80.2339019775,22882,22892,10
12.936920166,80.2342529297,22892,22902,10
12.9380302429,80.2348098755,22902,22913,11
12.9392499924,80.2354278564,22913,22923,10
12.9396800995,80.2356185913,22923,22933,10
12.9398097992,80.2356796265,22933,22943,10
12.9400701523,80.2358016968,22943,22953,10
12.9407196045,80.2359924316,22953,22963,10
12.9416904449,80.2362289429,22963,22973,10
12.9429302216,80.2367019653,22973,22983,10
12.9440402985,80.237739563,22983,22994,11
12.9451999664,80.2389831543,22994,23004,10
12.946390152,80.239616394,23004,23014,10
12.9472999573,80.239982605,23014,23024,10
12.947429657,80.2400436401,23024,23034,10
12.9478998184,80.2402420044,23034,23044,10
12.9486398697,80.2405700684,23044,23054,10
12.949549675,80.2409210205,23054,23064,10
12.950460434,80.2411575317,23064,23075,11
12.9511404037,80.2413711548,23075,23085,10
12.9513397217,80.2414474487,23085,23095,10
12.9519300461,80.2416534424,23095,23105,10
12.9526700974,80.2419586182,23105,23115,10
12.953619957,80.2423477173,23115,23125,10
12.9546699524,80.2427597046,23125,23135,10
12.9554195404,80.243019104,23135,23145,10
12.9562997818,80.2432785034,23145,23156,11
12.9568996429,80.2435379028,23156,23166,10
12.9577903748,80.2439727783,23166,23176,10
12.9587202072,80.2443771362,23176,23186,10
12.9588603973,80.244430542,23186,23196,10
12.9591798782,80.2445907593,23196,23206,10
12.9598703384,80.2449188232,23206,23216,10
12.960849762,80.2453689575,23216,23226,10
12.9621095657,80.2459793091,23226,23237,11
12.9633903503,80.2466201782,23237,23247,10
12.9644298553,80.2470397949,23247,23257,10
12.9655199051,80.2474136353,23257,23267,10
12.9664697647,80.2477722168,23267,23277,10
12.9667396545,80.2478790283,23277,23287,10
12.9669303894,80.2479782104,23287,23297,10
12.9674396515,80.248260498,23297,23307,10
12.9683599472,80.2486419678,23307,23318,11
12.9697799683,80.2491836548,23318,23328,10
12.9712400436,80.2496871948,23328,23338,10
12.9726896286,80.2500762939,23338,23348,10
12.9738998413,80.2503967285,23348,23358,10
12.9751996994,80.2507629395,23358,23368,10
12.9765701294,80.251159668,23368,23378,10
12.9777402878,80.2517089844,23378,23388,10
12.9785003662,80.2522964478,23388,23399,11
12.9785404205,80.2523193359,23399,23409,10
12.9788799286,80.2524795532,23409,23419,10
12.9794597626,80.2526092529,23419,23429,10
12.9796800613,80.2526397705,23429,23439,10
12.9802598953,80.2526626587,23439,23449,10
12.981180191,80.2526092529,23449,23459,10
12.9824104309,80.2525787354,23459,23469,10
12.9836301804,80.2524414063,23469,23480,11
12.9848604202,80.2521209717,23480,23490,10
12.9857997894,80.2518768311,23490,23500,10
12.9866504669,80.2516403198,23500,23510,10
12.9876298904,80.2513427734,23510,23530,20
12.9876298904,80.2513427734,23530,23540,10
12.9879398346,80.2512893677,23540,23550,10
12.9886302948,80.2511062622,23550,23561,11
12.9895296097,80.2508468628,23561,23571,10
12.9896202087,80.250831604,23571,23581,10
12.9900197983,80.2507629395,23581,23591,10
12.99077034,80.250579834,23591,23601,10
12.9916000366,80.2503662109,23601,23611,10
12.9931697845,80.2499923706,23611,23621,10
12.9946804047,80.2496109009,23621,23631,10
12.9962701797,80.2492218018,23631,23642,11
12.9980897903,80.2487487793,23642,23652,10
12.9997396469,80.2483291626,23652,23662,10
13.0011796951,80.2479705811,23662,23672,10
13.002240181,80.2477035522,23672,23682,10
13.0033302307,80.2474975586,23682,23692,10
13.0045204163,80.2473220825,23692,23702,10
13.0056295395,80.2471237183,23702,23712,10
13.0064401627,80.24659729,23712,23723,11
13.006529808,80.2463989258,23723,23733,10
13.0065898895,80.2462387085,23733,23743,10
13.0066299438,80.2456436157,23743,23753,10
13.0066404343,80.2447128296,23753,23763,10
13.0066404343,80.2435302734,23763,23773,10
13.0066204071,80.2423400879,23773,23783,10
13.0066204071,80.2412185669,23783,23793,10
13.0067596436,80.2402191162,23793,23804,11
13.0069704056,80.2389984131,23804,23814,10
13.0072402954,80.2377319336,23814,23824,10
13.0074100494,80.2367172241,23824,23834,10
13.0074300766,80.236656189,23834,23844,10
13.0075397491,80.2363433838,23844,23854,10
13.0076704025,80.2356491089,23854,23864,10
13.0078802109,80.2346420288,23864,23874,10
13.0081501007,80.2333297729,23874,23885,11
13.0084896088,80.2315826416,23885,23895,10
13.0088300705,80.2299118042,23895,23905,10
13.0091600418,80.2283172607,23905,23915,10
13.0097503662,80.2268981934,23915,23925,10
13.0103397369,80.2256011963,23925,23935,10
13.0108604431,80.2245330811,23935,23945,10
13.0112800598,80.2235031128,23945,23955,10
13.0116100311,80.2225799561,23955,23966,11
13.0121202469,80.221496582,23966,23976,10
13.0124502182,80.2217407227,23976,23986,10
13.0129404068,80.222366333,23986,23996,10
13.0136203766,80.2231216431,23996,24006,10
13.0142002106,80.2238616943,24006,24016,10
13.0149803162,80.2245635986,24016,24026,10
13.0155296326,80.2249984741,24026,24036,10
13.0156097412,80.2250900269,24036,24047,11
13.0157403946,80.2252197266,24047,24057,10
13.0162200928,80.2253723145,24057,24067,10
13.0170898438,80.2251205444,24067,24077,10
13.0181903839,80.2246780396,24077,24087,10
13.019610405,80.2244567871,24087,24128,41
13.019610405,80.2244567871,24128,24138,10
13.0197095871,80.2245788574,24138,24148,10
13.0200595856,80.2248382568,24148,24158,10
13.02064991,80.2252731323,24158,24168,10
13.0213403702,80.2257766724,24168,24178,10
13.0221595764,80.2264022827,24178,24188,10
13.0229902267,80.2271194458,24188,24198,10
13.0236997604,80.2277603149,24198,24209,11
13.0244503021,80.2285003662,24209,24249,40
13.0244503021,80.2285003662,24249,24259,10
13.0243501663,80.2286376953,24259,24269,10
13.0240297318,80.2283630371,24269,24279,10
13.0235996246,80.2278823853,24279,24644,365
13.0235996246,80.2278823853,24644,24654,10
13.0234498978,80.2275695801,24654,25505,851
13.0233297348,80.2274398804,25505,25748,243
13.0234498978,80.2275466919,25748,25900,152
13.0233097076,80.2275695801,25900,26163,263
13.0233097076,80.2275695801,26163,26173,10
13.0231399536,80.2273635864,26173,26183,10
13.0228204727,80.2270126343,26183,26193,10
13.0222902298,80.2265167236,26193,26203,10
13.02161026,80.225982666,26203,26213,10
13.020819664,80.2253570557,26213,26224,11
13.0200099945,80.2248382568,26224,26234,10
13.0199298859,80.2248001099,26234,26244,10
13.0198602676,80.2247619629,26244,26254,10
13.0194797516,80.224571228,26254,26264,10
13.0187196732,80.2245483398,26264,26274,10
13.0179100037,80.2248764038,26274,26284,10
13.017080307,80.2252120972,26284,26294,10
13.0163202286,80.2255096436,26294,26305,11
13.01541996,80.2258071899,26305,26315,10
13.0143995285,80.2262191772,26315,26335,20
13.0143995285,80.2262191772,26335,26345,10
13.0141296387,80.2263412476,26345,26355,10
13.0135602951,80.2265625,26355,26365,10
13.0127401352,80.2268676758,26365,26375,10
13.0116901398,80.2272872925,26375,26386,11
13.0103998184,80.2277984619,26386,26396,10
13.0093803406,80.2282485962,26396,26406,10
13.0090503693,80.2292098999,26406,26416,10
13.0088195801,80.2304534912,26416,26426,10
13.0085697174,80.2319107056,26426,26436,10
13.0083398819,80.2332763672,26436,26446,10
13.0082798004,80.2335205078,26446,26456,10
13.0082302094,80.2337036133,26456,26467,11
13.008099556,80.2342529297,26467,26477,10
13.0079097748,80.2351226807,26477,26487,10
13.0076999664,80.236366272,26487,26497,10
13.0074195862,80.2376785278,26497,26507,10
13.0071897507,80.238861084,26507,26517,10
13.0069704056,80.2399520874,26517,26527,10
13.0067596436,80.2409210205,26527,26537,10
13.0066795349,80.2419815063,26537,26548,11
13.0066795349,80.2430725098,26548,26558,10
13.0067396164,80.2441177368,26558,26568,10
13.0067100525,80.2453613281,26568,26578,10
13.0067996979,80.2465209961,26578,26588,10
13.0067195892,80.2473373413,26588,26598,10
13.0065402985,80.247428894,26598,26608,10
13.0061798096,80.2473983765,26608,26618,10
13.0060997009,80.2474212646,26618,26629,11
13.0056200027,80.2473602295,26629,26639,10
13.0048303604,80.2473907471,26639,26649,10
13.0037603378,80.247543335,26649,26659,10
13.0024700165,80.2477798462,26659,26669,10
13.0011796951,80.2480926514,26669,26679,10
12.9996595383,80.2484588623,26679,26689,10
12.9982795715,80.2488174438,26689,26699,10
12.9980201721,80.2488937378,26699,26710,11
12.997759819,80.2489395142,26710,26720,10
12.9970703125,80.2490997314,26720,26730,10
12.9960803986,80.2493362427,26730,26740,10
12.9948196411,80.249671936,26740,26750,10
12.9933300018,80.2500534058,26750,26760,10
12.9918003082,80.2504272461,26760,26770,10
12.9912204742,80.2505874634,26770,26780,10
12.9909896851,80.2506408691,26780,26791,11
12.990240097,80.2508087158,26791,26801,10
12.9893198013,80.2510375977,26801,26811,10
12.9888296127,80.251159668,26811,26953,142
12.9888296127,80.251159668,26953,26963,10
12.9883003235,80.2512588501,26963,26973,10
12.9877901077,80.251411438,26973,26983,10
12.9871397018,80.2516098022,26983,26993,10
12.9866600037,80.2517700195,26993,27003,10
12.9861803055,80.2518997192,27003,27013,10
12.9854202271,80.2520904541,27013,27023,10
12.984459877,80.2523574829,27023,27034,11
12.9832601547,80.2526397705,27034,27044,10
12.982049942,80.2527084351,27044,27054,10
12.9809799194,80.252746582,27054,27064,10
12.9802598953,80.252822876,27064,27074,10
12.9795999527,80.2527389526,27074,27084,10
12.9788303375,80.2526397705,27084,27094,10
12.9786596298,80.2526016235,27094,27104,10
12.9785003662,80.2525024414,27104,27114,10
12.9779901505,80.2521209717,27114,27125,11
12.9771203995,80.251411438,27125,27135,10
12.975859642,80.2509994507,27135,27145,10
12.9744100571,80.2506027222,27145,27155,10
12.9730396271,80.2502212524,27155,27165,10
12.9720697403,80.2499694824,27165,27175,10
12.9710597992,80.2497024536,27175,27185,10
12.9699401855,80.2493209839,27185,27195,10
12.9688100815,80.2488632202,27195,27206,11
12.9675798416,80.2483673096,27206,27216,10
12.9666204453,80.2479171753,27216,27226,10
12.9651498795,80.2473220825,27226,27246,20
12.9651498795,80.2473220825,27246,27256,10
12.9648199081,80.2472229004,27256,27266,10
12.9642295837,80.2470016479,27266,27276,10
12.9641504288,80.2469711304,27276,27287,11
12.9640102386,80.2469100952,27287,27297,10
12.9634599686,80.2466583252,27297,27307,10
12.9625597,80.2462081909,27307,27317,10
12.9614601135,80.2456893921,27317,27327,10
12.9602603912,80.2451324463,27327,27337,10
12.9594297409,80.2447967529,27337,27347,10
12.959400177,80.2447814941,27347,27357,10
12.9591703415,80.2446670532,27357,27368,11
12.9584999084,80.2443695068,27368,27378,10
12.9578800201,80.2441177368,27378,27388,10
12.9571504593,80.2438583374,27388,27398,10
12.956489563,80.2436523438,27398,27408,10
12.956410408,80.2436294556,27408,27418,10
12.9562501907,80.2435684204,27418,27428,10
12.9557104111,80.2432785034,27428,27438,10
12.9549798965,80.2429428101,27438,27449,11
12.9540100098,80.2425308228,27449,27459,10
12.9528999329,80.2420501709,27459,27469,10
12.9518203735,80.2416915894,27469,27479,10
12.9516601563,80.2416534424,27479,27489,10
12.9514598846,80.2415771484,27489,27499,10
12.9508800507,80.2413482666,27499,27509,10
12.9499797821,80.2410964966,27509,27519,10
12.9492998123,80.2408676147,27519,27530,11
12.949259758,80.240852356,27530,27540,10
12.9491796494,80.2408218384,27540,27550,10
12.9491195679,80.2408065796,27550,27560,10
12.9487199783,80.2406616211,27560,27570,10
12.9479598999,80.2403564453,27570,27580,10
12.9472103119,80.2400588989,27580,27590,10
12.9470596313,80.2400131226,27590,27600,10
12.9470100403,80.239982605,27600,27611,11
12.946559906,80.2397994995,27611,27621,10
12.9458999634,80.2395019531,27621,27631,10
12.9451799393,80.2390365601,27631,27641,10
12.9445495605,80.2383575439,27641,27651,10
12.943860054,80.2376098633,27651,27661,10
12.9431800842,80.2369308472,27661,27671,10
12.9423303604,80.2364196777,27671,27681,10
12.9411802292,80.2361373901,27681,27692,11
12.9398603439,80.2358093262,27692,27712,20
12.9398603439,80.2358093262,27712,27722,10
12.9397497177,80.2357635498,27722,27732,10
12.9393796921,80.2355804443,27732,27742,10
12.9388103485,80.2352600098,27742,27752,10
12.937959671,80.2348403931,27752,27762,10
12.936920166,80.2343292236,27762,27773,11
12.9360599518,80.2339096069,27773,27783,10
12.9356002808,80.2337036133,27783,27793,10
12.9348697662,80.2333984375,27793,27803,10
12.9339895248,80.233039856,27803,27823,20
12.9339895248,80.233039856,27823,27833,10
12.9338598251,80.2329177856,27833,27874,41
12.9338598251,80.2329177856,27874,27884,10
12.9335803986,80.2328186035,27884,27904,20
12.9334402084,80.2328414917,27904,27945,41
12.9332504272,80.2326889038,27945,28005,60
12.9332504272,80.2326889038,28005,28016,11
12.9327096939,80.232460022,28016,28218,202
12.9327096939,80.232460022,28218,28228,10
12.9324197769,80.2322235107,28228,28238,10
12.932299614,80.232208252,28238,28248,10
12.9319801331,80.2321395874,28248,28259,11
12.9312801361,80.2319335938,28259,28269,10
12.9303798676,80.2316818237,28269,28279,10
12.9293804169,80.2314376831,28279,28289,10
12.928319931,80.2312698364,28289,28299,10
12.9270601273,80.2311172485,28299,28309,10
12.9259796143,80.2310180664,28309,28340,31
12.9259796143,80.2310180664,28340,28350,10
12.9257297516,80.2309799194,28350,28360,10
12.9253196716,80.2309188843,28360,28370,10
12.9247198105,80.2308578491,28370,28380,10
12.9239196777,80.2307434082,28380,28390,10
12.9229001999,80.2306137085,28390,28400,10
12.9216403961,80.2304229736,28400,28410,10
12.9203195572,80.2302474976,28410,28421,11
12.9189596176,80.2300491333,28421,28431,10
12.9176397324,80.2298736572,28431,28441,10
12.916270256,80.2296829224,28441,28451,10
12.9148197174,80.2294616699,28451,28461,10
12.9131097794,80.2292861938,28461,28491,30
12.9131097794,80.2292861938,28491,28502,11
12.9130601883,80.2292785645,28502,28512,10
12.9126596451,80.2292327881,28512,28522,10
12.9119501114,80.2290878296,28522,28532,10
12.9110202789,80.2289505005,28532,28542,10
12.9098796844,80.228767395,28542,28552,10
12.9085903168,80.2285614014,28552,28562,10
12.9075298309,80.2284164429,28562,28572,10
12.9072904587,80.2283935547,28572,28583,11
12.9070796967,80.2283630371,28583,28593,10
12.9065198898,80.228302002,28593,28603,10
12.9058599472,80.2282867432,28603,28613,10
12.90583992,80.2282791138,28613,28623,10
12.905790329,80.2282714844,28623,28633,10
12.9053697586,80.2282333374,28633,28643,10
12.9046201706,80.2281799316,28643,28653,10
12.9036397934,80.2281265259,28653,28664,11
12.9023799896,80.2280578613,28664,28674,10
12.9015703201,80.2279968262,28674,28684,10
12.9010801315,80.2279586792,28684,28694,10
12.9005298615,80.2279205322,28694,28704,10
12.9002895355,80.2279205322,28704,28714,10
12.9000101089,80.2279129028,28714,28724,10
12.8997001648,80.227897644,28724,28734,10
12.8996095657,80.227897644,28734,28745,11
12.8995704651,80.2278594971,28745,28755,10
12.8992300034,80.2278900146,28755,28765,10
12.8992004395,80.2278823853,28765,28775,10
12.8991098404,80.2278366089,28775,28785,10
12.8987102509,80.2277984619,28785,28795,10
12.8979997635,80.2277603149,28795,28805,10
12.8971004486,80.2276992798,28805,28815,10
12.8959798813,80.2276611328,28815,28826,11
12.8945703506,80.2276000977,28826,28836,10
12.8932695389,80.2275085449,28836,28846,10
12.8925695419,80.2273864746,28846,28856,10
12.8924198151,80.2273712158,28856,28866,10
12.8920001984,80.2273635864,28866,28876,10
12.8912496567,80.2273406982,28876,28886,10
12.8902997971,80.2273635864,28886,28896,10
12.8892002106,80.2273712158,28896,28907,11
12.8878602982,80.2273025513,28907,28917,10
12.8865003586,80.2270584106,28917,28927,10
12.8852901459,80.2267837524,28927,28937,10
12.8846998215,80.2267379761,28937,28947,10
12.8845796585,80.2267379761,28947,28957,10
12.8840799332,80.2267303467,28957,28967,10
12.8832902908,80.2267074585,28967,28977,10
12.8823204041,80.2267227173,28977,28988,11
12.8810195923,80.2267303467,28988,28998,10
12.8797101974,80.2267532349,28998,29008,10
12.8783197403,80.2268218994,29008,29018,10
12.8772497177,80.2269363403,29018,29028,10
12.8765201569,80.2269973755,29028,29038,10
12.8764600754,80.2270126343,29038,29048,10
12.8761796951,80.2270126343,29048,29058,10
12.8755397797,80.2269897461,29058,29068,10
12.8746795654,80.2268981934,29068,29079,11
12.8734798431,80.2267608643,29079,29089,10
12.8726797104,80.2267379761,29089,29099,10
12.8726596832,80.2267379761,29099,29109,10
12.8724002838,80.2267303467,29109,29119,10
12.8718004227,80.2266921997,29119,29129,10
12.8709697723,80.2266387939,29129,29139,10
12.8699398041,80.2265472412,29139,29149,10
12.8687200546,80.2264099121,29149,29160,11
12.8671598434,80.2265014648,29160,29170,10
12.8656196594,80.2266235352,29170,29180,10
12.8640203476,80.2265701294,29180,29190,10
12.8624601364,80.2265930176,29190,29200,10
12.8610401154,80.2266235352,29200,29210,10
12.8596897125,80.2264633179,29210,29220,10
12.8586397171,80.2263183594,29220,29230,10
12.8576097488,80.2262878418,29230,29241,11
12.8562803268,80.2264175415,29241,29251,10
12.8548803329,80.2265777588,29251,29261,10
12.8534402847,80.2267303467,29261,29271,10
12.8520498276,80.2267227173,29271,29281,10
12.8502397537,80.2266693115,29281,29301,20
12.8502397537,80.2266693115,29301,29311,10
12.8500795364,80.2266616821,29311,29322,11
12.8495101929,80.2266235352,29322,29332,10
12.8486700058,80.2266082764,29332,29342,10
12.847990036,80.226600647,29342,29352,10
12.8474903107,80.2266082764,29352,29362,10
12.8466796875,80.2266082764,29362,29372,10
12.8453798294,80.2266616821,29372,29403,31
12.8453798294,80.2266616821,29403,29413,10
12.8450698853,80.2266616821,29413,29423,10
12.8444099426,80.2267303467,29423,29433,10
12.8435201645,80.2268371582,29433,29443,10
12.8423995972,80.2270431519,29443,29453,10
12.8411102295,80.2273406982,29453,29463,10
12.8401899338,80.2276000977,29463,29473,10
12.8398399353,80.2277069092,29473,29484,11
12.8397703171,80.2277374268,29484,29494,10
12.8395900726,80.2277908325,29494,29504,10
12.8391399384,80.227897644,29504,29514,10
12.8384103775,80.2280578613,29514,29524,10
12.8375902176,80.2282409668,29524,29534,10
12.8366498947,80.2283782959,29534,29544,10
12.8356199265,80.2285308838,29544,29554,10
12.8345003128,80.2286987305,29554,29565,11
12.8331804276,80.2289276123,29565,29575,10
12.8320598602,80.2291564941,29575,29585,10
12.8317899704,80.2292175293,29585,29595,10
12.8315200806,80.2286987305,29595,29615,20
12.8315200806,80.2286987305,29615,29625,10
12.8315200806,80.2284927368,29625,29635,10
12.8314199448,80.2279815674,29635,29646,11
12.8312196732,80.2270736694,29646,29656,10
12.8310604095,80.2259902954,29656,29666,10
12.8310403824,80.2248916626,29666,29676,10
12.8310403824,80.2245864868,29676,29686,10
12.8310499191,80.2240600586,29686,29696,10
12.8310604095,80.2232284546,29696,29706,10
12.8310403824,80.2223129272,29706,29716,10
12.8310604095,80.2220306396,29716,29727,11
12.8310804367,80.2213668823,29727,29737,10
12.8310899734,80.2204589844,29737,29747,10
12.8310699463,80.2197113037,29747,29757,10
12.8308801651,80.2194519043,29757,29767,10
12.8302001953,80.2194595337,29767,29777,10
12.8292703629,80.2194824219,29777,29787,10
12.8281803131,80.2194824219,29787,29797,10
12.8275899887,80.2194976807,29797,29838,41
12.8275899887,80.2194976807,29838,29848,10
12.8275299072,80.2194976807,29848,29858,10
12.8270998001,80.2194976807,29858,29868,10
12.826259613,80.2194976807,29868,29878,10
12.8259000778,80.2194824219,29878,29889,11
12.8253202438,80.2194900513,29889,29899,10
12.8252496719,80.2194976807,29899,29909,10
12.8249397278,80.2194824219,29909,29919,10
12.8242197037,80.2194366455,29919,29929,10
12.8231801987,80.2194366455,29929,29939,10
12.8227796555,80.2194366455,29939,29949,10
12.8227500916,80.2194213867,29949,29959,10
12.8226804733,80.2193374634,29959,29970,11
12.8226299286,80.21900177,29970,29980,10
12.822640419,80.2185821533,29980,29990,10
12.8226604462,80.2176971436,29990,30000,10
12.8226699829,80.2164764404,30000,30010,10
12.8229198456,80.2159729004,30010,30020,10
12.8230495453,80.2159805298,30020,30030,10
12.8235301971,80.216003418,30030,30040,10
12.8241300583,80.2159805298,30040,30051,11
12.8245801926,80.2159500122,30051,30061,10
12.8246097565,80.2159729004,30061,30071,10
12.8248596191,80.2159729004,30071,30304,233
12.8248701096,80.2161483765,30304,31702,1398
12.8248701096,80.2161483765,31702,31712,10
12.8250799179,80.2160568237,31712,31722,10
12.8256101608,80.2160568237,31722,31732,10
12.8258895874,80.2161712646,31732,31742,10
12.825920105,80.2166900635,31742,31753,11
12.8259096146,80.2174606323,31753,31763,10
12.8259000778,80.2182388306,31763,31772,9
12.8259000778,80.219039917,31772,31783,11
12.8259601593,80.2193908691,31783,31793,10
12.826379776,80.2193984985,31793,31803,10
12.8270101547,80.2193984985,31803,31813,10
12.8274297714,80.2193984985,31813,31823,10
12.8277101517,80.2194137573,31823,31834,11
12.8282899857,80.2194290161,31834,31844,10
12.8288803101,80.2194290161,31844,31853,9
12.8296499252,80.2194366455,31853,31864,11
12.8306303024,80.2194366455,31864,31874,10
12.8310203552,80.2194824219,31874,31884,10
12.8312196732,80.2199478149,31884,31894,10
12.8311901093,80.2206573486,31894,31904,10
12.8311796188,80.2216033936,31904,31915,11
12.8311796188,80.2221908569,31915,31925,10
12.8311500549,80.2227478027,31925,31935,10
12.8311300278,80.2237319946,31935,31945,10
12.8311195374,80.2246170044,31945,31955,10
12.8311195374,80.2250976563,31955,31965,10
12.8311195374,80.2259674072,31965,31975,10
12.8312797546,80.2270889282,31975,31985,10
12.831489563,80.2280578613,31985,31996,11
12.8317098618,80.2290267944,31996,32006,10
12.831870079,80.229133606,32006,32016,10
12.8324203491,80.2290267944,32016,32026,10
12.8333396912,80.2288589478,32026,32036,10
12.8343095779,80.2286911011,32036,32046,10
12.8354101181,80.2285003662,32046,32056,10
12.8366003036,80.2283325195,32056,32066,10
12.8378400803,80.2281417847,32066,32077,11
12.8389902115,80.2278594971,32077,32087,10
12.8395004272,80.2276916504,32087,32097,10
12.8397197723,80.2276229858,32097,32107,10
12.8404798508,80.2274398804,32107,32117,10
12.8416404724,80.2271194458,32117,32127,10
12.8430995941,80.2267990112,32127,32137,10
12.8444900513,80.2266235352,32137,32147,10
12.8453397751,80.2265472412,32147,32168,21
12.8453397751,80.2265472412,32168,32178,10
12.8455400467,80.2265625,32178,32188,10
12.8457603455,80.2265472412,32188,32198,10
12.8460597992,80.2265396118,32198,32208,10
12.8468103409,80.2265396118,32208,32218,10
12.847820282,80.2265625,32218,32228,10
12.84897995,80.2265396118,32228,32238,10
12.8499403,80.2265319824,32238,32249,11
12.850060463,80.2265396118,32249,32259,10
12.8504495621,80.2265472412,32259,32269,10
12.8511400223,80.2265777588,32269,32279,10
12.8519697189,80.2266311646,32279,32289,10
12.852930069,80.2266693115,32289,32299,10
12.854060173,80.2265930176,32299,32309,10
12.8550395966,80.2264633179,32309,32319,10
12.8556003571,80.2263870239,32319,32330,11
12.8562498093,80.2263183594,32330,32340,10
12.8570203781,80.2262496948,32340,32350,10
12.8579502106,80.2261886597,32350,32360,10
12.858880043,80.2262420654,32360,32370,10
12.8599700928,80.2264022827,32370,32380,10
12.8607902527,80.2265014648,32380,32390,10
12.8609399796,80.2265319824,32390,32400,10
12.8615198135,80.2265014648,32400,32411,11
12.8625898361,80.2264785767,32411,32421,10
12.8639202118,80.2265014648,32421,32431,10
12.8655004501,80.2265625,32431,32441,10
12.8670597076,80.2264480591,32441,32451,10
12.8687000275,80.2263565063,32451,32461,10
12.8704004288,80.2265472412,32461,32471,10
12.872010231,80.2266387939,32471,32481,10
12.8728504181,80.2266311646,32481,32492,11
12.8731203079,80.2266387939,32492,32502,10
12.873840332,80.2266998291,32502,32512,10
12.8749103546,80.2268295288,32512,32522,10
12.8761100769,80.2269210815,32522,32532,10
12.8764801025,80.2268981934,32532,32542,10
12.8766698837,80.226890564,32542,32552,10
12.8767900467,80.2268829346,32552,32562,10
12.8773202896,80.2268600464,32562,32573,11
12.8783302307,80.2267990112,32573,32583,10
12.8795900345,80.2267303467,32583,32593,10
12.8810997009,80.2267074585,32593,32603,10
12.8826398849,80.2266921997,32603,32613,10
12.8841199875,80.2266693115,32613,32623,10
12.8850402832,80.2266311646,32623,32633,10
12.8851203918,80.2266387939,32633,32643,10
12.8852901459,80.2266921997,32643,32654,11
12.8859901428,80.226852417,32654,32664,10
12.8869800568,80.2270965576,32664,32674,10
12.8883304596,80.2272796631,32674,32684,10
12.8899497986,80.2273178101,32684,32694,10
12.8921604156,80.2273406982,32694,32805,111
12.8921604156,80.2273406982,32805,32816,11
12.8924999237,80.2273330688,32816,32826,10
12.8931102753,80.2274398804,32826,32836,10
12.8939599991,80.2275390625,32836,32846,10
12.8951301575,80.2276229858,32846,32856,10
12.896490097,80.2276687622,32856,32866,10
12.8979597092,80.2277297974,32866,32876,10
12.8992900848,80.2277984619,32876,32886,10
12.9008598328,80.2278594971,32886,32947,61
12.901049614,80.2278900146,32947,32998,51
12.901049614,80.2278900146,32998,33008,10
12.901260376,80.2279205322,33008,33018,10
12.9019804001,80.2279510498,33018,33028,10
12.9030399323,80.2279510498,33028,33048,20
12.9030399323,80.2279510498,33048,33058,10
12.9031095505,80.2279510498,33058,33069,11
12.9036397934,80.2279968262,33069,33079,10
12.9044799805,80.2280807495,33079,33089,10
12.9055995941,80.2281265259,33089,33099,10
12.9063596725,80.2281723022,33099,33109,10
12.9068698883,80.2282180786,33109,33119,10
12.9071302414,80.2282409668,33119,33129,10
12.9073600769,80.2282867432,33129,33139,10
12.9080200195,80.2284164429,33139,33150,11
12.9091396332,80.2285995483,33150,33160,10
12.9104204178,80.2287979126,33160,33170,10
12.9119195938,80.229019165,33170,33180,10
12.9133195877,80.2292022705,33180,33190,10
12.9139795303,80.2292709351,33190,33200,10
12.9141902924,80.2292785645,33200,33210,10
12.9142103195,80.2292785645,33210,33220,10
12.9145698547,80.2293701172,33220,33231,11
12.9153900146,80.2295227051,33231,33241,10
12.9163999557,80.2296829224,33241,33251,10
12.917429924,80.2297973633,33251,33261,10
12.9185800552,80.2299499512,33261,33271,10
12.9194898605,80.2300567627,33271,33281,10
12.9205598831,80.2301864624,33281,33291,10
12.9219198227,80.2303695679,33291,33301,10
12.9234104156,80.2305908203,33301,33312,11
12.9250402451,80.2308273315,33312,33322,10
12.9261198044,80.2309417725,33322,33332,10
12.9262504578,80.2309494019,33332,33342,10
12.9265804291,80.2309799194,33342,33352,10
12.9272899628,80.2311019897,33352,33362,10
12.928319931,80.2312088013,33362,33372,10
12.9292602539,80.2313537598,33372,33382,10
12.9301204681,80.2315216064,33382,33393,11
12.9309301376,80.2317733765,33393,33403,10
12.9316997528,80.2320175171,33403,33413,10
12.9323396683,80.2322311401,33413,33423,10
12.933380127,80.2326126099,33423,33443,20
12.933380127,80.2326126099,33443,33453,10
12.9334697723,80.2326812744,33453,33463,10
12.9339103699,80.2329025269,33463,33474,11
12.9348697662,80.2333221436,33474,33484,10
12.9357404709,80.2336730957,33484,33504,20
12.9357404709,80.2336730957,33504,33514,10
12.9361095428,80.2338867188,33514,33524,10
12.9367904663,80.2342224121,33524,33534,10
12.9376497269,80.23462677,33534,33544,10
12.9386796951,80.2351379395,33544,33555,11
12.9394702911,80.2355422974,33555,33565,10
12.9394798279,80.2355499268,33565,33575,10
12.9395198822,80.2355804443,33575,33585,10
12.939789772,80.235710144,33585,33595,10
12.940369606,80.2359390259,33595,33605,10
12.9412899017,80.2361831665,33605,33615,10
12.9424200058,80.2364578247,33615,33625,10
12.9433403015,80.2369995117,33625,33636,11
12.9439401627,80.2376403809,33636,33646,10
12.9447002411,80.2384567261,33646,33656,10
12.9457101822,80.2393493652,33656,33666,10
12.9467697144,80.2398223877,33666,33676,10
12.9474201202,80.2400894165,33676,33686,10
12.9475002289,80.2401123047,33686,33696,10
12.9479103088,80.2402267456,33696,33706,10
12.9485397339,80.2405090332,33706,33716,10
12.9492101669,80.2407836914,33716,33727,11
12.9497203827,80.2409515381,33727,33737,10
12.9502096176,80.2410812378,33737,33747,10
12.9504804611,80.2411804199,33747,33757,10
12.9505596161,80.2412490845,33757,33767,10
12.9508800507,80.2413787842,33767,33777,10
12.9511604309,80.2414627075,33777,33787,10
12.9512395859,80.2414627075,33787,33797,10
12.9516201019,80.2415466309,33797,33808,11
12.952340126,80.2418136597,33808,33818,10
12.9532003403,80.2421417236,33818,33828,10
12.954000473,80.2424621582,33828,33838,10
12.954750061,80.2427825928,33838,33848,10
12.9554595947,80.2430496216,33848,33858,10
12.9562101364,80.2432785034,33858,33868,10
12.956319809,80.2433166504,33868,33878,10
12.9564304352,80.2433624268,33878,33889,11
12.9570503235,80.243637085,33889,33899,10
12.957859993,80.2440109253,33899,33909,10
12.9584703445,80.2442932129,33909,33919,10
12.9588003159,80.244468689,33919,33929,10
12.9590396881,80.2445602417,33929,33939,10
12.9591798782,80.2445983887,33939,33949,10
12.9592399597,80.2445983887,33949,33959,10
12.9595603943,80.244758606,33959,33970,11
12.9603204727,80.2451171875,33970,33980,10
12.9613103867,80.2455978394,33980,33990,10
12.962439537,80.2461624146,33990,34000,10
12.9629297256,80.2464370728,34000,34030,30
12.9629297256,80.2464370728,34030,34040,10
12.9630203247,80.2466201782,34040,34051,11
12.9633102417,80.2467193604,34051,34061,10
12.9636802673,80.2468414307,34061,34071,10
12.9643096924,80.2470626831,34071,34081,10
12.965180397,80.2473602295,34081,34091,10
12.9659004211,80.2476196289,34091,34101,10
12.9661397934,80.2477264404,34101,34111,10
12.9664201736,80.2478027344,34111,34121,10
12.9665002823,80.247833252,34121,34132,11
12.9666004181,80.2478637695,34132,34142,10
12.9667196274,80.2479171753,34142,34152,10
12.9669799805,80.2480697632,34152,34164,12
12.967499733,80.2483291626,34164,34174,10
12.9685001373,80.2487411499,34174,34184,10
12.969619751,80.2491989136,34184,34194,10
12.9709196091,80.2496795654,34194,34204,10
12.9720401764,80.2499923706,34204,34215,11
12.9733400345,80.2503433228,34215,34225,10
12.9746303558,80.2506866455,34225,34235,10
12.9758300781,80.2510223389,34235,34245,10
12.9769802094,80.251373291,34245,34255,10
12.9779596329,80.2519607544,34255,34265,10
12.9785804749,80.2523880005,34265,34275,10
12.9785995483,80.2524108887,34275,34285,10
12.9789400101,80.2525405884,34285,34296,11
12.97935009,80.2526016235,34296,34306,10
12.9795103073,80.2526168823,34306,34316,10
12.9800100327,80.2526702881,34316,34326,10
12.9807500839,80.2526702881,34326,34336,10
12.9816398621,80.2526397705,34336,34346,10
12.9825801849,80.2526016235,34346,34356,10
12.9832201004,80.2525405884,34356,34599,243
12.9832201004,80.2525405884,34599,34609,10
12.9834403992,80.2525177002,34609,34620,11
12.9836597443,80.2524719238,34620,34630,10
12.9842395782,80.2522964478,34630,34640,10
12.9849395752,80.2521133423,34640,34650,10
12.9854097366,80.2519683838,34650,34660,10
12.9855804443,80.2519073486,34660,34670,10
12.9860401154,80.2517929077,34670,34680,10
12.986579895,80.2516784668,34680,34690,10
12.9871397018,80.2515029907,34690,34701,11
12.9877004623,80.2513275146,34701,34711,10
12.9884195328,80.2511672974,34711,34721,10
12.9892997742,80.2509307861,34721,34731,10
12.9893503189,80.2509231567,34731,34741,10
12.9897203445,80.2508468628,34741,34751,10
12.9905195236,80.2506790161,34751,34761,10
12.9916400909,80.2503967285,34761,34771,10
12.9930200577,80.250038147,34771,34781,10
12.9945602417,80.2496414185,34781,34792,11
12.9960699081,80.2492370605,34792,34801,9
12.9969997406,80.2489700317,34801,34812,11
12.9974403381,80.2488937378,34812,34822,10
12.9982700348,80.2486801147,34822,34832,10
12.9994401932,80.2483825684,34832,34841,9
13.000749588,80.2480697632,34841,34852,11
13.0018396378,80.2477874756,34852,34862,10
13.002790451,80.2475891113,34862,34873,11
13.0038995743,80.2474365234,34873,34883,10
13.0051002502,80.2472915649,34883,34893,10
13.0060396194,80.2470169067,34893,34903,10
13.0064001083,80.2466812134,34903,34913,10
13.0064401627,80.2465820313,34913,34923,10
13.0066003799,80.2462234497,34923,34933,10
13.0066404343,80.2455596924,34933,34943,10
13.0065898895,80.2449111938,34943,34954,11
13.0066099167,80.2443313599,34954,34964,10
13.0065898895,80.2438735962,34964,34974,10
13.0065803528,80.2432785034,34974,34984,10
13.0065803528,80.2424316406,34984,34994,10
13.0066299438,80.2413864136,34994,35004,10
13.0066604614,80.2406768799,35004,35014,10
13.0066795349,80.2405700684,35014,35024,10
13.0066995621,80.2404174805,35024,35035,11
13.0067596436,80.2401809692,35035,35045,10
13.0068798065,80.2396316528,35045,35055,10
13.007060051,80.2387466431,35055,35065,10
13.0072402954,80.2378616333,35065,35075,10
13.0073604584,80.2373733521,35075,35085,10
13.0074396133,80.2367019653,35085,35095,10
13.0074501038,80.236656189,35095,35105,10
13.0075597763,80.2363433838,35105,35116,11
13.0076599121,80.2357788086,35116,35126,10
13.0077295303,80.2354202271,35126,35136,10
13.0078897476,80.2347183228,35136,35146,10
13.008099556,80.2337265015,35146,35156,10
13.0083398819,80.2325286865,35156,35166,10
13.0085601807,80.231338501,35166,35176,10
13.008769989,80.2301864624,35176,35186,10
13.0089902878,80.2291412354,35186,35197,11
13.0092201233,80.2280883789,35197,35207,10
13.0096101761,80.2272415161,35207,35217,10
13.0100498199,80.2262878418,35217,35227,10
13.0104904175,80.2254562378,35227,35237,10
13.0107603073,80.2247009277,35237,35247,10
13.0110397339,80.2240524292,35247,35257,10
13.0111999512,80.2236785889,35257,35267,10
13.0114002228,80.2231216431,35267,35278,11
13.0116596222,80.2221679688,35278,35288,10
13.0121803284,80.2213897705,35288,35298,10
13.0124797821,80.2217330933,35298,35308,10
13.0128602982,80.2222824097,35308,35318,10
13.0134000778,80.2227630615,35318,35328,10
13.0140600204,80.2233123779,35328,35338,10
13.0144996643,80.2237014771,35338,35348,10
13.0148696899,80.2242584229,35348,35359,11
13.0153598785,80.2248077393,35359,35369,10
13.015370369,80.2248382568,35369,35379,10
13.0156202316,80.2251205444,35379,35389,10
13.0161895752,80.2253570557,35389,35399,10
13.0169200897,80.225151062,35399,35409,10
13.0170402527,80.2250823975,35409,35419,10
13.0172195435,80.2249908447,35419,35429,10
13.017490387,80.2248764038,35429,35440,11
13.0177898407,80.2247619629,35440,35450,10
13.0181398392,80.2246322632,35450,35460,10
13.0184001923,80.2245178223,35460,35470,10
13.0187196732,80.2243881226,35470,35480,10
13.018989563,80.2242889404,35480,35490,10
13.0190696716,80.224281311,35490,35500,10
13.0191698074,80.2243118286,35500,35510,10
13.0192804337,80.224319458,35510,35521,11
13.0194702148,80.2243728638,35521,35531,10
13.019659996,80.2245025635,35531,35541,10
13.0198698044,80.2246780396,35541,35551,10
13.0201301575,80.224861145,35551,35571,20
13.0202999115,80.2249832153,35571,35591,20
13.0202999115,80.2249832153,35591,35601,10
13.0204401016,80.2250900269,35601,35612,11
13.0207700729,80.2253265381,35612,35622,10
13.0210199356,80.2255096436,35622,35632,10
13.0212402344,80.225730896,35632,35642,10
13.0213603973,80.2258377075,35642,35652,10
13.0214004517,80.2258911133,35652,35662,10
13.0215396881,80.2259597778,35662,35672,10
13.0216798782,80.2260437012,35672,35682,10
13.021900177,80.2261734009,35682,35693,11
13.0220899582,80.2263031006,35693,35703,10
13.0222501755,80.2264328003,35703,35713,10
13.0224199295,80.226600647,35713,35723,10
13.0226297379,80.2267837524,35723,35733,10
13.0227403641,80.2269210815,35733,35743,10
13.0229797363,80.2271728516,35743,35804,61
13.0229797363,80.2271728516,35804,35814,10
13.0233201981,80.227432251,35814,35824,10
13.0236196518,80.2276992798,35824,35844,20
13.0236196518,80.2276992798,35844,35855,11
13.0240497589,80.2280578613,35855,35925,70
13.0240497589,80.2280578613,35925,35936,11
13.0241699219,80.2282791138,35936,35946,10
13.0242996216,80.2284011841,35946,35956,10
13.0243501663,80.2285919189,35956,35966,10
13.0239896774,80.2282791138,35966,35976,10
13.0237197876,80.227897644,35976,36006,30
13.0237197876,80.227897644,36006,36017,11
13.0236196518,80.2276992798,36017,36027,10
13.0235996246,80.2276763916,36027,36037,10
13.0234804153,80.2275466919,36037,36047,10
13.0232200623,80.2273406982,36047,36300,253
13.0232200623,80.2273406982,36300,36310,10
13.0229997635,80.2270889282,36310,36320,10
13.0225801468,80.2267227173,36320,36330,10
13.022069931,80.2262496948,36330,36341,11
13.021320343,80.2256622314,36341,36351,10
13.0206699371,80.2251968384,36351,36361,10
13.0200099945,80.2247390747,36361,36371,10
13.0193004608,80.2244415283,36371,36381,10
13.0184202194,80.2246398926,36381,36391,10
13.0175199509,80.2250137329,36391,36401,10
13.016699791,80.2253570557,36401,36411,10
13.0160799026,80.2256011963,36411,36422,11
13.0152797699,80.2258834839,36422,36432,10
13.0145301819,80.2261810303,36432,36442,10
13.0142602921,80.2262878418,36442,36452,10
13.0141000748,80.226348877,36452,36462,10
13.0136299133,80.2265319824,36462,36472,10
13.0129404068,80.2267837524,36472,36482,10
13.0122003555,80.2270965576,36482,36492,10
13.0113897324,80.2274169922,36492,36503,11
13.0104103088,80.2278213501,36503,36513,10
13.0096502304,80.2281494141,36513,36523,10
13.009180069,80.2286834717,36523,36533,10
13.0091495514,80.2290115356,36533,36543,10
13.0090904236,80.2292785645,36543,36553,10
13.0090198517,80.2297134399,36553,36563,10
13.008939743,80.23021698,36563,36573,10
13.0088596344,80.2306594849,36573,36584,11
13.0087404251,80.2311477661,36584,36594,10
13.0085802078,80.2321472168,36594,36604,10
13.0084199905,80.2330093384,36604,36614,10
13.0083398819,80.2334289551,36614,36624,10
13.0082597733,80.233581543,36624,36634,10
13.0081796646,80.2339172363,36634,36644,10
13.0080604553,80.2345733643,36644,36654,10
13.0078601837,80.235496521,36654,36665,11
13.0076704025,80.2365264893,36665,36675,10
13.0074901581,80.2372970581,36675,36685,10
13.0073604584,80.2377166748,36685,36695,10
13.0072698593,80.2380905151,36695,36705,10
13.0071897507,80.2385635376,36705,36715,10
13.0071201324,80.2390136719,36715,36725,10
13.0070199966,80.2394714355,36725,36735,10
13.0068798065,80.2400665283,36735,36745,10
13.0067396164,80.2407836914,36745,36756,11
13.0066604614,80.2416763306,36756,36766,10
13.0066604614,80.2425384521,36766,36776,10
13.0067195892,80.2431793213,36776,36786,10
13.0067501068,80.2436904907,36786,36806,20
13.0067501068,80.2436904907,36806,36816,10
13.0067300797,80.2441101074,36816,36826,10
13.0067195892,80.244392395,36826,36837,11
13.0066995621,80.2446899414,36837,36847,10
13.0067501068,80.2450790405,36847,36857,10
13.0068397522,80.2456512451,36857,36867,10
13.0068902969,80.2461776733,36867,36877,10
13.0068798065,80.2462310791,36877,36887,10
13.0068397522,80.2465896606,36887,36897,10
13.0068302155,80.2466888428,36897,36907,10
13.0068101883,80.2470703125,36907,36918,11
13.0061397552,80.2473602295,36918,36938,20
13.0061397552,80.2473602295,36938,36948,10
13.0058403015,80.2473678589,36948,36958,10
13.005200386,80.2473831177,36958,36968,10
13.0042800903,80.2474365234,36968,36978,10
13.0031099319,80.2475967407,36978,36988,10
13.0021295547,80.2478027344,36988,36999,11
13.0009098053,80.2481002808,36999,37009,10
12.9995498657,80.2484512329,37009,37019,10
12.9983301163,80.2488021851,37019,37029,10
12.9982004166,80.2488174438,37029,37039,10
12.9980697632,80.248840332,37039,37049,10
12.9975595474,80.2489471436,37049,37059,10
12.9967603683,80.2491226196,37059,37069,10
12.9956998825,80.2493667603,37069,37080,11
12.9943199158,80.2497634888,37080,37090,10
12.9929704666,80.2500991821,37090,37100,10
12.991900444,80.2503890991,37100,37110,10
12.9913797379,80.2505493164,37110,37252,142
12.9913797379,80.2505493164,37252,37262,10
12.9911699295,80.250541687,37262,37272,10
12.9909601212,80.2506027222,37272,37282,10
12.9907999039,80.250617981,37282,37292,10
12.9906797409,80.2506332397,37292,37302,10
12.9904003143,80.2506637573,37302,37312,10
12.9899902344,80.2507705688,37312,37323,11
12.9896001816,80.2508621216,37323,37333,10
12.9894504547,80.2508926392,37333,37343,10
12.9890003204,80.2510223389,37343,37353,10
12.9886598587,80.2511825562,37353,37363,10
12.9881000519,80.2513427734,37363,37373,10
12.9874696732,80.2514877319,37373,37383,10
12.9867601395,80.251701355,37383,37393,10
12.9861001968,80.2518615723,37393,37404,11
12.9850702286,80.2520980835,37404,37414,10
12.9839696884,80.2524337769,37414,37424,10
12.9829597473,80.2526321411,37424,37434,10
12.9823999405,80.2526779175,37434,37444,10
12.9820995331,80.2526931763,37444,37454,10
12.9817495346,80.2526779175,37454,37464,10
12.9815998077,80.2527008057,37464,37474,10
12.9813299179,80.2527084351,37474,37515,41
12.9813299179,80.2527084351,37515,37525,10
12.9810600281,80.2527389526,37525,37535,10
12.9808397293,80.2527389526,37535,37545,10
12.980629921,80.252746582,37545,37555,10
12.9804897308,80.2527618408,37555,37566,11
12.9802999496,80.2527618408,37566,37576,10
12.9799098969,80.2526931763,37576,37586,10
12.9793796539,80.2526626587,37586,37596,10
12.9786901474,80.252571106,37596,37606,10
12.9785404205,80.2525100708,37606,37616,10
12.9781303406,80.2522125244,37616,37626,10
12.9774904251,80.2516708374,37626,37636,10
12.9764404297,80.2511978149,37636,37646,10
12.9754295349,80.2509002686,37646,37657,11
12.9742002487,80.2505493164,37657,37667,10
12.9730997086,80.2502288818,37667,37677,10
12.972029686,80.2499465942,37677,37687,10
12.9709396362,80.2496414185,37687,37697,10
12.9698495865,80.2492599487,37697,37707,10
12.9687204361,80.2487869263,37707,37717,10
12.9676198959,80.2483978271,37717,37727,10
12.9669399261,80.2481231689,37727,37738,11
12.9667396545,80.248008728,37738,37748,10
12.9665298462,80.2478866577,37748,37758,10
12.9659500122,80.2476425171,37758,37768,10
12.965259552,80.2473983765,37768,37778,10
12.965180397,80.2473602295,37778,37788,10
12.9647598267,80.2472229004,37788,37798,10
12.9642095566,80.2470626831,37798,37839,41
12.9642095566,80.2470626831,37839,37849,10
12.9640102386,80.246963501,37849,37859,10
12.963760376,80.2468566895,37859,37869,10
12.9632101059,80.2465591431,37869,37879,10
12.9624300003,80.2461776733,37879,37889,10
12.961520195,80.2457427979,37889,37900,11
12.960439682,80.2452316284,37900,37910,10
12.9594898224,80.2448196411,37910,37920,10
12.9591398239,80.244682312,37920,37930,10
12.9590797424,80.2446517944,37930,37940,10
12.9586400986,80.2444381714,37940,37950,10
12.9579401016,80.244178772,37950,37960,10
12.9572696686,80.2439575195,37960,37970,10
12.9568595886,80.2438812256,37970,38041,71
12.9568595886,80.2438812256,38041,38051,10
12.9563903809,80.2437210083,38051,38062,11
12.9562902451,80.2436981201,38062,38072,10
12.9558601379,80.2434463501,38072,38082,10
12.9551401138,80.2430419922,38082,38092,10
12.9542198181,80.2426528931,38092,38102,10
12.953209877,80.2422180176,38102,38112,10
12.9523200989,80.2418670654,38112,38122,10
12.9515600204,80.2416229248,38122,38132,10
12.9515104294,80.2416305542,38132,38143,11
12.9509801865,80.2414398193,38143,38153,10
12.9501399994,80.2411575317,38153,38163,10
12.9492301941,80.2409210205,38163,38173,10
12.9483804703,80.2405471802,38173,38183,10
12.9471502304,80.2400436401,38183,38203,20
12.9471502304,80.2400436401,38203,38213,10
12.9468698502,80.2399215698,38213,38224,11
12.9461603165,80.2396011353,38224,38234,10
12.9452800751,80.239151001,38234,38244,10
12.9443798065,80.2382507324,38244,38254,10
12.9433603287,80.237159729,38254,38264,10
12.9420499802,80.2363891602,38264,38274,10
12.940779686,80.2360916138,38274,38284,10
12.940079689,80.2359237671,38284,38294,10
12.9398097992,80.2358169556,38294,38305,11
12.9396600723,80.2357177734,38305,38315,10
12.9391002655,80.2354278564,38315,38325,10
12.9383001328,80.234992981,38325,38335,10
12.9374799728,80.2345962524,38335,38345,10
12.9363002777,80.2340621948,38345,38355,10
12.9358701706,80.2339096069,38355,38365,10
12.935259819,80.2336425781,38365,38375,10
12.9343996048,80.2332305908,38375,38385,10
12.9340496063,80.2330932617,38385,38396,11
12.9339199066,80.2330093384,38396,38406,10
12.9334402084,80.2327575684,38406,38416,10
12.9326696396,80.232421875,38416,38426,10
12.9318199158,80.2321395874,38426,38436,10
12.9308395386,80.2317962646,38436,38446,10
12.9298801422,80.2315826416,38446,38456,10
12.9292802811,80.2314834595,38456,38466,10
12.9292097092,80.2314682007,38466,38477,11
12.9289999008,80.2314224243,38477,38487,10
12.9284000397,80.2312927246,38487,38497,10
12.9275903702,80.2311630249,38497,38507,10
12.9265403748,80.2310409546,38507,38517,10
12.9260196686,80.2310333252,38517,38527,10
12.9258899689,80.231010437,38527,38537,10
12.9253702164,80.2309417725,38537,38547,10
12.9245796204,80.2308273315,38547,38558,11
12.9234304428,80.230682373,38558,38568,10
12.9221801758,80.23046875,38568,38578,10
12.9207897186,80.2302780151,38578,38588,10
12.9193496704,80.2300872803,38588,38598,10
12.9179801941,80.2299118042,38598,38608,10
12.9166097641,80.2297515869,38608,38618,10
12.9152097702,80.2295379639,38618,38628,10
12.9139204025,80.229347229,38628,38639,11
12.9132299423,80.2292785645,38639,38649,10
12.9132204056,80.2292785645,38649,38659,10
12.9128904343,80.2292098999,38659,38669,10
12.9121704102,80.2291107178,38669,38679,10
12.9111604691,80.2289581299,38679,38689,10
12.9099903107,80.2287902832,38689,38699,10
12.9086999893,80.2285766602,38699,38709,10
12.9073801041,80.2283782959,38709,38790,81
12.9073801041,80.2283782959,38790,38801,11
12.9069700241,80.2283096313,38801,38811,10
12.9063596725,80.2282485962,38811,38821,10
12.9057598114,80.2281799316,38821,38841,20
12.9057598114,80.2281799316,38841,38851,10
12.905579567,80.2282028198,38851,38861,10
12.9051303864,80.2281799316,38861,38871,10
12.9044599533,80.2281570435,38871,38882,11
12.9037504196,80.2281417847,38882,38892,10
12.9028596878,80.2281112671,38892,38902,10
12.9023704529,80.2280807495,38902,39094,192
12.9023704529,80.2280807495,39094,39105,11
12.9019098282,80.2280197144,39105,39115,10
12.9015197754,80.2279968262,39115,39124,9
12.901260376,80.2279663086,39124,39136,12
12.9008102417,80.2279434204,39136,39146,10
12.9004802704,80.2279281616,39146,39156,10
12.9001598358,80.2279281616,39156,39166,10
12.9000396729,80.2279281616,39166,39176,10
12.899720192,80.227897644,39176,39186,10
12.8997001648,80.227897644,39186,39196,10
12.8991098404,80.2278900146,39196,39217,21
12.8991098404,80.2278900146,39217,39227,10
12.8988895416,80.2278594971,39227,39237,10
12.8984098434,80.2277984619,39237,39247,10
12.8976402283,80.2277526855,39247,39257,10
12.8966197968,80.2276916504,39257,39267,10
12.8954801559,80.2276535034,39267,39277,10
12.8943195343,80.2276000977,39277,39287,10
12.8932504654,80.2274932861,39287,39298,11
12.8923597336,80.2273864746,39298,39308,10
12.8916501999,80.2273635864,39308,39318,10
12.8906297684,80.2273712158,39318,39328,10
12.8893404007,80.2273712158,39328,39338,10
12.8880701065,80.2273330688,39338,39348,10
12.8867101669,80.2271194458,39348,39358,10
12.8856401443,80.2268981934,39358,39368,10
12.8851099014,80.2267913818,39368,39379,11
12.8847999573,80.2267608643,39379,39389,10
12.884759903,80.2267532349,39389,39399,10
12.8844203949,80.2267379761,39399,39409,10
12.8837299347,80.2267303467,39409,39419,10
12.8828201294,80.2267303467,39419,39429,10
12.8817796707,80.2267227173,39429,39439,10
12.880610466,80.2267227173,39439,39449,10
12.8793001175,80.2267379761,39449,39460,11
12.8779201508,80.226852417,39460,39470,10
12.877120018,80.2269210815,39470,39480,10
12.8768196106,80.2269821167,39480,39490,10
12.8765897751,80.2269897461,39490,39500,10
12.8765602112,80.2269897461,39500,39510,10
12.8762302399,80.2270126343,39510,39520,10
12.8755397797,80.2269821167,39520,39530,10
12.8745498657,80.226852417,39530,39541,11
12.8731899261,80.2267074585,39541,39551,10
12.8725700378,80.2267227173,39551,39561,10
12.8723897934,80.2267227173,39561,39571,10
12.8718099594,80.2266998291,39571,39581,10
12.8709096909,80.2266311646,39581,39591,10
12.8697299957,80.2265167236,39591,39601,10
12.8683395386,80.2264022827,39601,39611,10
12.8670301437,80.2264862061,39611,39622,11
12.8662900925,80.2265396118,39622,39632,10
12.8655004501,80.2265777588,39632,39642,10
12.8644399643,80.2265472412,39642,39652,10
12.8631801605,80.2265319824,39652,39662,10
12.8618001938,80.226600647,39662,39672,10
12.8609600067,80.2266311646,39672,39682,10
12.86095047,80.2266235352,39682,39692,10
12.860619545,80.2265701294,39692,39703,11
12.8598003387,80.2264404297,39703,39713,10
12.8590602875,80.226348877,39713,39723,10
12.8587503433,80.2263031006,39723,39733,10
12.8580999374,80.2262420654,39733,39743,10
12.857170105,80.226272583,39743,39753,10
12.8559398651,80.2264022827,39753,39763,10
12.8545398712,80.2265396118,39763,39773,10
12.8529996872,80.2266769409,39773,39784,11
12.8513202667,80.2266387939,39784,39794,10
12.8501396179,80.2266235352,39794,39804,10
12.8499898911,80.2266082764,39804,39814,10
12.8498897552,80.226600647,39814,39824,10
12.8493795395,80.226600647,39824,39834,10
12.8484897614,80.2265930176,39834,39844,10
12.8472795486,80.226600647,39844,39854,10
12.8461503983,80.2266082764,39854,39865,11
12.8453998566,80.2266235352,39865,39875,10
12.84512043,80.2266387939,39875,39885,10
12.8450298309,80.2266387939,39885,39895,10
12.8445396423,80.2266693115,39895,39905,10
12.84375,80.2267303467,39905,39915,10
12.8426399231,80.2269287109,39915,39925,10
12.8413496017,80.2272415161,39925,39935,10
12.8404998779,80.2274703979,39935,39945,10
12.8403196335,80.2275619507,39945,39956,11
12.8398399353,80.2277526855,39956,39976,20
12.8398399353,80.2277526855,39976,39986,10
12.8395996094,80.2278366089,39986,39996,10
12.8391199112,80.2279129028,39996,40006,10
12.8383102417,80.2280731201,40006,40016,10
12.8372001648,80.2282791138,40016,40026,10
12.8358602524,80.2284927368,40026,40037,11
12.8343296051,80.228729248,40037,40047,10
12.8330602646,80.2289581299,40047,40057,10
12.832400322,80.2291412354,40057,40067,10
12.8323898315,80.229133606,40067,40077,10
12.8320999146,80.2291564941,40077,40087,10
12.831870079,80.2291870117,40087,40097,10
12.8315401077,80.2292785645,40097,40107,10
12.8310003281,80.2294387817,40107,40118,11
12.8301296234,80.2297897339,40118,40128,10
12.8291196823,80.230178833,40128,40138,10
12.8280801773,80.2307281494,40138,40148,10
12.8268604279,80.2312927246,40148,40158,10
12.8254098892,80.2314071655,40158,40168,10
12.8238697052,80.2311935425,40168,40178,10
12.8222999573,80.2307128906,40178,40188,10
12.8208303452,80.23046875,40188,40199,11
12.8192501068,80.2304992676,40199,40209,10
12.818860054,80.2304992676,40209,40219,10
12.8187799454,80.23046875,40219,40229,10
12.8182601929,80.23021698,40229,40239,10
12.8172998428,80.2297821045,40239,40249,10
12.8160400391,80.2294616699,40249,40259,10
12.814620018,80.2292480469,40259,40269,10
12.8130998611,80.2288513184,40269,40280,11
12.8114099503,80.2282333374,40280,40290,10
12.8099098206,80.2276306152,40290,40300,10
12.8085803986,80.2267990112,40300,40310,10
12.8073997498,80.2258071899,40310,40320,10
12.8065099716,80.2250213623,40320,40330,10
12.8056697845,80.2242965698,40330,40340,10
12.8048000336,80.2239837646,40340,40350,10
12.8038196564,80.2238693237,40350,40361,11
12.8026800156,80.2237625122,40361,40371,10
12.8015604019,80.2236175537,40371,40381,10
12.8009004593,80.2236022949,40381,40391,10
12.8004999161,80.2235412598,40391,40401,10
12.7996997833,80.2234573364,40401,40411,10
12.7985200882,80.2233505249,40411,40421,10
12.797129631,80.22315979,40421,40431,10
12.795920372,80.2229614258,40431,40442,11
12.7957296371,80.2229309082,40442,40452,10
12.7955503464,80.222869873,40452,40462,10
12.7949304581,80.2227401733,40462,40472,10
12.7938995361,80.2225799561,40472,40482,10
12.7925596237,80.2223815918,40482,40492,10
12.7914199829,80.2221069336,40492,40502,10
12.7898902893,80.2217178345,40502,40512,10
12.7888898849,80.2213668823,40512,40522,10
12.7880496979,80.221031189,40522,40533,11
12.7876300812,80.2209014893,40533,40543,10
12.7873802185,80.2207870483,40543,40553,10
12.7870502472,80.2206802368,40553,40563,10
12.7866401672,80.2205276489,40563,40583,20
12.7866401672,80.2205276489,40583,40593,10
12.7864303589,80.2204284668,40593,40603,10
12.7861499786,80.2205123901,40603,40614,11
12.786190033,80.2208404541,40614,40624,10
12.7861995697,80.2213134766,40624,40634,10
12.7862796783,80.2218017578,40634,40654,20
12.7862596512,80.2219390869,40654,41393,739
12.7862596512,80.2219390869,41393,41403,10
12.7861700058,80.2217788696,41403,41413,10
12.7861795425,80.2214202881,41413,41424,11
12.7861795425,80.2210769653,41424,41434,10
12.7861604691,80.2206420898,41434,41444,10
12.7861499786,80.2204437256,41444,41454,10
12.7863903046,80.220413208,41454,41464,10
12.7865600586,80.2204971313,41464,41484,20
12.7865600586,80.2204971313,41484,41494,10
12.7871103287,80.2206878662,41494,41505,11
12.7878503799,80.2209625244,41505,41515,10
12.7887601852,80.221321106,41515,41525,10
12.7896795273,80.2216567993,41525,41535,10
12.7904596329,80.2218322754,41535,41545,10
12.7916202545,80.2221374512,41545,41555,10
12.7930297852,80.2224578857,41555,41565,10
12.794549942,80.2226867676,41565,41575,10
12.7959604263,80.2229232788,41575,41586,11
12.7971000671,80.2231292725,41586,41596,10
12.7983198166,80.2232971191,41596,41606,10
12.7996997833,80.2234420776,41606,41616,10
12.8010902405,80.2235488892,41616,41626,10
12.8021497726,80.2236633301,41626,41636,10
12.8029203415,80.2237701416,41636,41646,10
12.8036603928,80.2238464355,41646,41656,10
12.8042201996,80.2238998413,41656,41667,11
12.8052301407,80.2240371704,41667,41677,10
12.8058795929,80.224357605,41677,41687,10
12.8066701889,80.2250366211,41687,41697,10
12.8075399399,80.2257919312,41697,41707,10
12.8085403442,80.2266311646,41707,41717,10
12.809510231,80.2273483276,41717,41727,10
12.8107404709,80.2278823853,41727,41737,10
12.8122596741,80.2284622192,41737,41748,11
12.814040184,80.2290725708,41748,41758,10
12.8157196045,80.2293624878,41758,41768,10
12.8172597885,80.2296676636,41768,41778,10
12.8184299469,80.2302017212,41778,41788,10
12.8194904327,80.2304763794,41788,41798,10
12.820690155,80.2304534912,41798,41808,10
12.8220300674,80.2305679321,41808,41818,10
12.8232698441,80.2309417725,41818,41828,10
12.8246002197,80.2312698364,41828,41839,11
12.8259296417,80.231338501,41839,41849,10
12.8262701035,80.231338501,41849,41859,10
12.8269395828,80.2312469482,41859,41869,10
12.8278598785,80.2308425903,41869,41879,10
12.8289003372,80.2302398682,41879,41889,10
12.8300800323,80.2297592163,41889,41899,10
12.8309497833,80.2294006348,41899,41909,10
12.831029892,80.2293701172,41909,41920,11
12.8313598633,80.2293395996,41920,41930,10
12.8319997787,80.2291412354,41930,41940,10
12.8328800201,80.2289199829,41940,41950,10
12.8340501785,80.2287216187,41950,41960,10
12.8351402283,80.2285614014,41960,41970,10
12.8364095688,80.2283477783,41970,41980,10
12.837770462,80.2281417847,41980,41990,10
12.83893013,80.2278366089,41990,42001,11
12.8394298553,80.2277069092,42001,42011,10
12.8396196365,80.2276382446,42011,42021,10
12.8402299881,80.2275009155,42021,42031,10
12.8411998749,80.2272491455,42031,42041,10
12.8423900604,80.2269668579,42041,42051,10
12.8437795639,80.2267379761,42051,42061,10
12.845000267,80.2265701294,42061,42071,10
12.8452997208,80.226600647,42071,42082,11
12.8455095291,80.2266235352,42082,42092,10
12.8460702896,80.2266082764,42092,42102,10
12.8469200134,80.226600647,42102,42112,10
12.8481397629,80.226600647,42112,42122,10
12.8496398926,80.2265930176,42122,42132,10
12.851269722,80.2266082764,42132,42142,10
12.85297966,80.2266616821,42142,42152,10
12.8546800613,80.2265167236,42152,42163,11
12.8565196991,80.2262802124,42163,42173,10
12.8579502106,80.2261810303,42173,42183,10
12.8588399887,80.2262268066,42183,42193,10
12.8599796295,80.2264099121,42193,42203,10
12.8614797592,80.2265472412,42203,42213,10
12.8631601334,80.2264709473,42213,42223,10
12.8647403717,80.2265319824,42223,42233,10
12.8661499023,80.2265014648,42233,42244,11
12.8675899506,80.2263870239,42244,42254,10
12.8686800003,80.2263336182,42254,42264,10
12.8701200485,80.2265090942,42264,42274,10
12.8716802597,80.2266235352,42274,42284,10
12.8726997375,80.2266387939,42284,42294,10
12.8737001419,80.2266998291,42294,42304,10
12.8750896454,80.2268676758,42304,42314,10
12.8761796951,80.2269210815,42314,42324,10
12.8767595291,80.2269210815,42324,42335,11
12.8776702881,80.2268371582,42335,42345,10
12.878950119,80.2267379761,42345,42355,10
12.8803596497,80.2266769409,42355,42365,10
12.8818397522,80.2266769409,42365,42375,10
12.8830900192,80.2266921997,42375,42385,10
12.8842802048,80.2266616821,42385,42395,10
12.8851900101,80.2266616821,42395,42405,10
12.8860397339,80.2268371582,42405,42416,11
12.887430191,80.2271881104,42416,42426,10
12.8889703751,80.2273101807,42426,42436,10
12.8906097412,80.2273101807,42436,42446,10
12.8920497894,80.2273025513,42446,42456,10
12.8928098679,80.2273788452,42456,42466,10
12.8937397003,80.2275085449,42466,42476,10
12.8949899673,80.2276077271,42476,42486,10
12.8963804245,80.2276611328,42486,42497,11
12.8979501724,80.2277526855,42497,42507,10
12.8989601135,80.2277984619,42507,42517,10
12.8993997574,80.2278289795,42517,42527,10
12.8999204636,80.2278366089,42527,42537,10
12.9004297256,80.2278900146,42537,42547,10
12.9008197784,80.2279205322,42547,42557,10
12.9012002945,80.2279586792,42557,42567,10
12.901599884,80.2279891968,42567,42578,11
12.9019098282,80.2280426025,42578,42588,10
12.9022397995,80.2281036377,42588,42598,10
12.9026403427,80.2281265259,42598,42608,10
12.9032897949,80.2280883789,42608,42618,10
12.9042701721,80.2281570435,42618,42628,10
12.9055299759,80.2282028198,42628,42638,10
12.906539917,80.2282867432,42638,42648,10
12.9069795609,80.2282867432,42648,42659,11
12.9075403214,80.2283782959,42659,42669,10
12.9084796906,80.2285308838,42669,42679,10
12.9098100662,80.2287368774,42679,42689,10
12.9113302231,80.2289810181,42689,42699,10
12.9125404358,80.2291412354,42699,42709,10
12.9134397507,80.2292785645,42709,42719,10
12.9141302109,80.2293701172,42719,42730,11
12.9152097702,80.2295074463,42730,42740,10
12.9164104462,80.2296524048,42740,42750,10
12.9173603058,80.2297821045,42750,42760,10
12.9184999466,80.2299499512,42760,42770,10
12.9199199677,80.2301483154,42770,42780,10
12.9214000702,80.2303085327,42780,42790,10
12.9229698181,80.2305679321,42790,42800,10
12.9245700836,80.2307815552,42800,42810,10
12.9260196686,80.2309265137,42810,42821,11
12.9264202118,80.2309570313,42821,42831,10
12.9265899658,80.2310028076,42831,42841,10
12.9272098541,80.2310791016,42841,42851,10
12.928150177,80.2312011719,42851,42861,10
12.9287004471,80.231262207,42861,42871,10
12.9288396835,80.2312698364,42871,42881,10
12.9293003082,80.2313613892,42881,42891,10
12.9300403595,80.2315292358,42891,42902,11
12.9309997559,80.2318115234,42902,42912,10
12.9319295883,80.2321395874,42912,42922,10
12.9329996109,80.2325210571,42922,42932,10
12.9340000153,80.2329483032,42932,42942,10
12.9351596832,80.2334594727,42942,42952,10
12.9356498718,80.2337112427,42952,42962,10
12.9356603622,80.2337112427,42962,42972,10
12.9359197617,80.2338867188,42972,42982,10
12.9365501404,80.2341766357,42982,42993,11
12.9376001358,80.2346725464,42993,43003,10
12.9386901855,80.235168457,43003,43013,10
12.9395999908,80.2356109619,43013,43023,10
12.9399595261,80.235748291,43023,43033,10
12.9399995804,80.2358016968,43033,43043,10
12.9402799606,80.2359237671,43043,43053,10
12.9409303665,80.2360916138,43053,43064,11
12.9418697357,80.2362976074,43064,43075,11
12.9432201385,80.2369003296,43075,43085,10
12.9441204071,80.2378387451,43085,43095,10
12.945110321,80.2389221191,43095,43105,10
12.9463596344,80.239616394,43105,43115,10
12.9473896027,80.240020752,43115,43125,10
12.9474697113,80.2400588989,43125,43135,10
12.9478902817,80.2402267456,43135,43145,10
12.9487600327,80.2405929565,43145,43156,11
12.9498901367,80.2409820557,43156,43166,10
12.9510002136,80.2413482666,43166,43176,10
12.9518995285,80.2416534424,43176,43186,10
12.9529495239,80.2420425415,43186,43196,10
12.9538803101,80.24243927,43196,43206,10
12.9548301697,80.2427978516,43206,43216,10
12.9557504654,80.2431182861,43216,43226,10
12.956319809,80.2432937622,43226,43237,11
12.9564304352,80.2433166504,43237,43247,10
12.9569396973,80.2435684204,43247,43257,10
12.95773983,80.2439804077,43257,43267,10
12.9585800171,80.2443237305,43267,43277,10
12.9589195251,80.2444915771,43277,43287,10
12.9590301514,80.2445602417,43287,43297,10
12.9595003128,80.2448425293,43297,43307,10
12.9602899551,80.2451934814,43307,43318,11
12.9614896774,80.2457427979,43318,43328,10
12.9625797272,80.2462615967,43328,43338,10
12.9633398056,80.2465667725,43338,43378,40
12.9633398056,80.2465667725,43378,43388,10
12.9634199142,80.2466430664,43388,43399,11
12.9635896683,80.2467193604,43399,43409,10
12.9640703201,80.2469177246,43409,43419,10
12.9648704529,80.2472229004,43419,43429,10
12.9659204483,80.2475662231,43429,43439,10
12.9667396545,80.2479171753,43439,43449,10
12.9667596817,80.2479400635,43449,43459,10
12.9669103622,80.2480392456,43459,43469,10
12.9673900604,80.2482299805,43469,43480,11
12.96833992,80.2486572266,43480,43490,10
12.9694700241,80.2490615845,43490,43500,10
12.9707298279,80.24949646,43500,43510,10
12.9720697403,80.2499237061,43510,43520,10
12.9733200073,80.2502593994,43520,43530,10
12.9746398926,80.2506332397,43530,43540,10
12.9759597778,80.2510070801,43540,43550,10
12.9771995544,80.2514266968,43550,43561,11
12.9783401489,80.2522583008,43561,43571,10
12.9786195755,80.2524032593,43571,43581,10
12.9789199829,80.2525177002,43581,43591,10
12.979640007,80.2526168823,43591,43601,10
12.9802398682,80.2526473999,43601,43611,10
12.9810495377,80.2526397705,43611,43621,10
12.9821796417,80.2526016235,43621,43631,10
12.9834604263,80.2524490356,43631,43642,11
12.9846601486,80.2521286011,43642,43652,10
12.9854803085,80.2519073486,43652,43662,10
12.9860296249,80.251739502,43662,43682,20
12.9860296249,80.251739502,43682,43692,10
12.9861698151,80.251701355,43692,43743,51
12.9861698151,80.251701355,43743,43753,10
12.9862298965,80.251663208,43753,43763,10
12.9862499237,80.2516479492,43763,43773,10
12.9863796234,80.2516479492,43773,43783,10
12.9867801666,80.2515563965,43783,43793,10
12.9877004623,80.2513122559,43793,43915,122
12.9877004623,80.2513122559,43915,43925,10
12.9878902435,80.2513504028,43925,43935,10
12.988409996,80.2512207031,43935,43945,10
12.9892902374,80.2509765625,43945,43955,10
12.9895401001,80.2509002686,43955,43965,10
12.9896602631,80.2508926392,43965,43976,11
12.9901199341,80.2508010864,43976,43986,10
12.9909200668,80.2506103516,43986,43996,10
12.9919996262,80.2503204346,43996,44006,10
12.9933099747,80.2499694824,44006,44016,10
12.9947299957,80.2496032715,44016,44026,10
12.99559021,80.2493667603,44026,44036,10
12.9966096878,80.2490768433,44036,44046,10
12.9967403412,80.2490615845,44046,44057,11
12.9970502853,80.2490081787,44057,44067,10
12.9976997375,80.2488479614,44067,44077,10
12.9986801147,80.2486190796,44077,44087,10
12.9999599457,80.248298645,44087,44097,10
13.0014200211,80.2479400635,44097,44107,10
13.0026397705,80.2476425171,44107,44117,10
13.0039997101,80.2474136353,44117,44127,10
13.0053796768,80.2471923828,44127,44138,11
13.0063695908,80.2466812134,44138,44148,10
13.0065202713,80.2463607788,44148,44158,10
13.0065498352,80.2462463379,44158,44168,10
13.0066099167,80.2457427979,44168,44178,10
13.0066604614,80.2451019287,44178,44188,10
13.0066604614,80.2446289063,44188,44198,10
13.0066699982,80.2443084717,44198,44208,10
13.0066795349,80.2439575195,44208,44219,11
13.0066404343,80.2433624268,44219,44229,10
13.0066299438,80.2425308228,44229,44239,10
13.0066099167,80.2417602539,44239,44249,10
13.0066204071,80.2412185669,44249,44259,10
13.0066099167,80.2406616211,44259,44269,10
13.0066404343,80.2404708862,44269,44279,10
13.0067596436,80.2401275635,44279,44289,10
13.0068397522,80.2395935059,44289,44300,11
13.007060051,80.2386169434,44300,44310,10
13.0072698593,80.237701416,44310,44320,10
13.0074100494,80.2369613647,44320,44330,10
13.0074300766,80.2368927002,44330,44340,10
13.0075302124,80.236618042,44340,44350,10
13.0076599121,80.2359619141,44350,44360,10
13.0078201294,80.235168457,44360,44370,10
13.0078802109,80.2349319458,44370,44381,11
13.0079803467,80.2342987061,44381,44391,10
13.0081796646,80.2333374023,44391,44401,10
13.0083999634,80.2321166992,44401,44411,10
13.0086803436,80.2306976318,44411,44421,10
13.0089902878,80.2291412354,44421,44431,10
13.0094203949,80.2276687622,44431,44441,10
13.0099697113,80.2264709473,44441,44452,11
13.0104799271,80.2255172729,44452,44462,10
13.0106601715,80.2250900269,44462,44472,10
13.0108604431,80.2245330811,44472,44482,10
13.0111703873,80.2238006592,44482,44492,10
13.0115404129,80.2228775024,44492,44502,10
13.0119199753,80.2218475342,44502,44512,10
13.0124197006,80.2214889526,44512,44522,10
13.0127401352,80.2220077515,44522,44532,10
13.0133304596,80.2226791382,44532,44543,11
13.0139503479,80.2233581543,44543,44553,10
13.0143003464,80.2238082886,44553,44563,10
13.0148296356,80.2244262695,44563,44573,10
13.0154304504,80.2249679565,44573,44583,10
13.0157804489,80.2251968384,44583,44593,10
13.0160102844,80.2253189087,44593,44603,10
13.0166797638,80.2252578735,44603,44613,10
13.0176296234,80.2248687744,44613,44624,11
13.0187797546,80.2244262695,44624,44634,10
13.0196399689,80.2244567871,44634,44684,50
13.0196399689,80.2244567871,44684,44694,10
13.019900322,80.2247390747,44694,44705,11
13.0204896927,80.2251586914,44705,44715,10
13.0209598541,80.2255172729,44715,44725,10
13.0216703415,80.2260665894,44725,44735,10
13.022480011,80.2266998291,44735,44745,10
13.0232601166,80.2274017334,44745,44755,10
13.0238800049,80.2279663086,44755,44765,10
13.024189949,80.2282409668,44765,44775,10
13.0244503021,80.2285308838,44775,44806,31
13.0244503021,80.2285308838,44806,44816,10
13.0243597031,80.2285995483,44816,44826,10
13.0241804123,80.2285232544,44826,44836,10
13.0238704681,80.2281265259,44836,44846,10
13.023440361,80.2277374268,44846,45018,172
13.023440361,80.2277374268,45018,45028,10
13.0230703354,80.2273635864,45028,45039,11
13.0226898193,80.2270202637,45039,45049,10
13.0225400925,80.2268295288,45049,45059,10
13.0221099854,80.2265014648,45059,45069,10
13.0218496323,80.2262573242,45069,45079,10
13.0214996338,80.2259597778,45079,45089,10
13.0209598541,80.2255172729,45089,45099,10
13.0203895569,80.2251281738,45099,45109,10
13.0199403763,80.2248306274,45109,45120,11
13.019370079,80.2245483398,45120,45130,10
13.0186300278,80.2246017456,45130,45140,10
13.017780304,80.2249526978,45140,45150,10
13.0169000626,80.2253112793,45150,45160,10
13.0163002014,80.2255401611,45160,45170,10
13.0156097412,80.2257766724,45170,45180,10
13.0147695541,80.2260971069,45180,45190,10
13.0145702362,80.2261810303,45190,45201,11
13.0144395828,80.2262573242,45201,45211,10
13.0141000748,80.2263870239,45211,45221,10
13.0135698318,80.2265930176,45221,45231,10
13.0128297806,80.2268829346,45231,45241,10
13.0121202469,80.227142334,45241,45251,10
13.0113401413,80.2274703979,45251,45261,10
13.010430336,80.2278213501,45261,45271,10
13.0095901489,80.2281799316,45271,45282,11
13.0090398788,80.2288894653,45282,45292,10
13.008769989,80.2298431396,45292,45302,10
13.0085496902,80.2310791016,45302,45312,10
13.008310318,80.2323379517,45312,45322,10
13.0082197189,80.233291626,45322,45332,10
13.008190155,80.2336425781,45332,45342,10
13.0081195831,80.2337875366,45342,45352,10
13.0080404282,80.2341995239,45352,45363,11
13.0078401566,80.235206604,45363,45373,10
13.0076198578,80.2363204956,45373,45383,10
13.0074100494,80.2373809814,45383,45393,10
13.0072097778,80.238319397,45393,45403,10
13.0070104599,80.2392883301,45403,45413,10
13.0068397522,80.2402191162,45413,45423,10
13.0066795349,80.2410964966,45423,45433,10
13.0066299438,80.2419891357,45433,45444,11
13.0066299438,80.243019104,45444,45454,10
13.006529808,80.2437362671,45454,45464,10
13.006529808,80.2446670532,45464,45474,10
13.0066003799,80.2454833984,45474,45484,10
13.0066604614,80.2462310791,45484,45494,10
13.0067100525,80.246887207,45494,45504,10
13.0066604614,80.2472991943,45504,45514,10
13.0062599182,80.2473678589,45514,45555,41
13.0062599182,80.2473678589,45555,45565,10
13.0059499741,80.2474136353,45565,45575,10
13.0054702759,80.2474136353,45575,45585,10
13.0047197342,80.247428894,45585,45595,10
13.0037403107,80.247543335,45595,45606,11
13.0027198792,80.2477264404,45606,45616,10
13.002240181,80.2478408813,45616,45626,10
13.001540184,80.248008728,45626,45636,10
13.0005598068,80.248260498,45636,45646,10
12.9993200302,80.2485733032,45646,45656,10
12.9981803894,80.248878479,45656,45666,10
12.9979896545,80.2489318848,45666,45676,10
12.9974899292,80.2490463257,45676,45687,11
12.9965200424,80.2492904663,45687,45697,10
12.9954395294,80.2496566772,45697,45707,10
12.9940395355,80.2500076294,45707,45717,10
12.9925098419,80.250328064,45717,45727,10
12.9912595749,80.2506790161,45727,45737,10
12.9909801483,80.2507476807,45737,45747,10
12.9908800125,80.2507400513,45747,45757,10
12.9903497696,80.2508392334,45757,45767,10
12.9894599915,80.2510681152,45767,45778,11
12.9883203506,80.2513809204,45778,46010,232
12.9883203506,80.2513809204,46010,46021,11
12.9877996445,80.2515335083,46021,46031,10
12.9872303009,80.251663208,46031,46041,10
12.9866199493,80.2518386841,46041,46051,10
12.9861898422,80.2518692017,46051,46061,10
12.9853496552,80.2520980835,46061,46071,10
12.9841604233,80.2524490356,46071,46081,10
12.9829101563,80.2526931763,46081,46091,10
12.9814100266,80.2527389526,46091,46102,11
12.9804897308,80.2527923584,46102,46112,10
12.9801797867,80.2527770996,46112,46132,20
12.9801797867,80.2527770996,46132,46142,10
12.9799804688,80.2527313232,46142,46152,10
12.9795503616,80.2526702881,46152,46162,10
12.9789400101,80.2526321411,46162,46172,10
12.9785299301,80.2525634766,46172,46183,11
12.9782495499,80.2523727417,46183,46193,10
12.9776697159,80.2518386841,46193,46203,10
12.9767904282,80.2513198853,46203,46213,10
12.9755897522,80.2509384155,46213,46223,10
12.9742803574,80.250579834,46223,46233,10
12.9729700089,80.25025177,46233,46243,10
12.9717798233,80.2499313354,46243,46253,10
12.9705600739,80.2496032715,46253,46264,11
12.9691696167,80.2490692139,46264,46274,10
12.9678697586,80.2485198975,46274,46284,10
12.9668102264,80.2480621338,46284,46294,10
12.9659500122,80.2476806641,46294,46304,10
12.9650802612,80.2474136353,46304,46314,10
12.9649896622,80.2473907471,46314,46324,10
12.9649000168,80.2473220825,46324,46334,10
12.9640102386,80.2469406128,46334,46355,21
12.9640102386,80.2469406128,46355,46365,10
12.9639396667,80.2469024658,46365,46375,10
12.9635801315,80.2467498779,46375,46385,10
12.9628601074,80.2464065552,46385,46395,10
12.9619197845,80.2459411621,46395,46405,10
12.9608001709,80.2453918457,46405,46415,10
12.9597101212,80.2449188232,46415,46426,11
12.9593400955,80.2447891235,46426,46436,10
12.9589595795,80.2445831299,46436,46446,10
12.9582004547,80.2442626953,46446,46456,10
12.9574298859,80.2439804077,46456,46466,10
12.9566402435,80.2437896729,46466,46476,10
12.9564599991,80.2437210083,46476,46496,20
12.9564599991,80.2437210083,46496,46507,11
12.9562797546,80.2436676025,46507,46517,10
12.9557695389,80.2433776855,46517,46527,10
12.954990387,80.2429733276,46527,46537,10
12.9540596008,80.2425689697,46537,46547,10
12.9531402588,80.2421875,46547,46557,10
12.9522199631,80.241859436,46557,46567,10
12.9516296387,80.2416534424,46567,46577,10
12.9513101578,80.2415237427,46577,46588,11
12.9505195618,80.2412490845,46588,46598,10
12.9494800568,80.2409591675,46598,46608,10
12.9483699799,80.2405166626,46608,46618,10
12.9474601746,80.2401580811,46618,46628,10
12.9471902847,80.2400588989,46628,46638,10
12.9470996857,80.240020752,46638,46648,10
12.9465999603,80.2398071289,46648,46658,10
12.9457998276,80.239440918,46658,46669,11
12.9447498322,80.2386398315,46669,46679,10
12.9437904358,80.2375869751,46679,46689,10
12.9428796768,80.2367401123,46689,46699,10
12.9415397644,80.2362518311,46699,46709,10
12.9404296875,80.2359771729,46709,46719,10
12.9397802353,80.235786438,46719,46729,10
12.9396800995,80.2357406616,46729,46739,10
12.9392595291,80.2355270386,46739,46749,10
12.9383802414,80.2350692749,46749,46760,11
12.9371595383,80.2344665527,46760,46770,10
12.9359397888,80.2339019775,46770,46780,10
12.9350004196,80.2334518433,46780,46790,10
12.9340600967,80.2330093384,46790,46800,10
12.9332799911,80.2326965332,46800,46810,10
12.9329996109,80.2325668335,46810,46820,10
12.9324502945,80.2323379517,46820,46830,10
12.9315900803,80.2320632935,46830,46841,11
12.9303197861,80.2316513062,46841,46851,10
12.929400444,80.2314376831,46851,46861,10
12.9288702011,80.2313308716,46861,46871,10
12.9281797409,80.2312316895,46871,46881,10
12.9271202087,80.231086731,46881,46891,10
12.925740242,80.2309417725,46891,46901,10
12.9241600037,80.230758667,46901,46911,10
12.9225196838,80.2305374146,46911,46922,11
12.9207696915,80.2302932739,46922,46932,10
12.919210434,80.2300872803,46932,46942,10
12.9177703857,80.2298965454,46942,46952,10
12.9165401459,80.2297286987,46952,46962,10
12.9151601791,80.2295303345,46962,46972,10
12.9139204025,80.2293777466,46972,46982,10
12.9132404327,80.2293395996,46982,46992,10
12.9130897522,80.229309082,46992,47003,11
12.9124403,80.2291488647,47003,47013,10
12.9114999771,80.2290115356,47013,47023,10
12.9102401733,80.2288284302,47023,47033,10
12.9087696075,80.2285995483,47033,47043,10
12.9074602127,80.2284011841,47043,47053,10
12.9068403244,80.2282867432,47053,47063,10
12.9067602158,80.2282791138,47063,47073,10
12.9065198898,80.2282867432,47073,47084,11
12.9058599472,80.2281799316,47084,47094,10
12.9048299789,80.2281799316,47094,47104,10
12.9034996033,80.2281188965,47104,47114,10
12.9021396637,80.2280502319,47114,47124,10
12.9012403488,80.228012085,47124,47134,10
12.9008798599,80.2279891968,47134,47144,10
12.9003400803,80.2279586792,47144,47154,10
12.8993196487,80.2279281616,47154,47175,21
12.8993196487,80.2279281616,47175,47185,10
12.8992395401,80.2279205322,47185,47195,10
12.8987998962,80.2278823853,47195,47205,10
12.898059845,80.2278213501,47205,47215,10
12.8969898224,80.2277603149,47215,47225,10
12.8956403732,80.2276992798,47225,47235,10
12.8941602707,80.2276382446,47235,47246,11
12.8927497864,80.2274932861,47246,47256,10
12.8921298981,80.2274093628,47256,47266,10
12.8914804459,80.2273864746,47266,47276,10
12.8904800415,80.2274017334,47276,47286,10
12.8893098831,80.2274169922,47286,47296,10
12.8881101608,80.2273864746,47296,47306,10
12.8866996765,80.2271728516,47306,47316,10
12.8854198456,80.2268371582,47316,47326,10
12.8847799301,80.2267837524,47326,47337,11
12.8845701218,80.2267608643,47337,47347,10
12.883939743,80.2267684937,47347,47357,10
12.8829698563,80.2267837524,47357,47367,10
12.8816604614,80.2267913818,47367,47377,10
12.8801898956,80.2267913818,47377,47387,10
12.8786497116,80.2268295288,47387,47397,10
12.8772802353,80.2269363403,47397,47407,10
12.8765897751,80.2270202637,47407,47418,11
12.8764600754,80.2270278931,47418,47428,10
12.8762998581,80.2270431519,47428,47438,10
12.8757600784,80.2270278931,47438,47448,10
12.8748703003,80.2269210815,47448,47458,10
12.8736495972,80.2267913818,47458,47468,10
12.8726997375,80.2267608643,47468,47478,10
12.8726301193,80.2267684937,47478,47488,10
12.8725404739,80.2267684937,47488,47499,11
12.8719902039,80.2267379761,47499,47509,10
12.8711500168,80.2266769409,47509,47519,10
12.8700504303,80.226600647,47519,47529,10
12.8687200546,80.2264404297,47529,47539,10
12.8671798706,80.2265090942,47539,47549,10
12.8655195236,80.2266387939,47549,47559,10
12.8638095856,80.2265930176,47559,47569,10
12.8622102737,80.226600647,47569,47580,11
12.8610296249,80.2266387939,47580,47590,10
12.86095047,80.2266082764,47590,47600,10
12.860619545,80.2265777588,47600,47610,10
12.859919548,80.2264785767,47610,47620,10
12.8589401245,80.2263183594,47620,47630,10
12.8577404022,80.226272583,47630,47640,10
12.8563404083,80.2264022827,47640,47650,10
12.8547697067,80.2265472412,47650,47661,11
12.8529996872,80.2267227173,47661,47671,10
12.8513803482,80.2266921997,47671,47681,10
12.850060463,80.2266616821,47681,47691,10
12.8498001099,80.2266693115,47691,47701,10
12.8495597839,80.2266616821,47701,47711,10
12.8489103317,80.2266387939,47711,47721,10
12.8479204178,80.2266387939,47721,47732,11
12.8466300964,80.2266616821,47732,47742,10
12.8453798294,80.2266464233,47742,47782,40
12.8453798294,80.2266464233,47782,47792,10
12.8452701569,80.2266082764,47792,47802,10
12.8451099396,80.2266235352,47802,47812,10
12.8445301056,80.2266464233,47812,47823,11
12.8434801102,80.2267913818,47823,47833,10
12.8422002792,80.2270278931,47833,47843,10
12.840760231,80.2273864746,47843,47853,10
12.8398895264,80.2276306152,47853,47863,10
12.8395395279,80.2276992798,47863,47873,10
12.8394498825,80.2277297974,47873,47883,10
12.8389902115,80.2278671265,47883,47893,10
12.8381595612,80.2280807495,47893,47904,11
12.8368501663,80.2283325195,47904,47914,10
12.8353796005,80.2285614014,47914,47924,10
12.8338298798,80.2288208008,47924,47934,10
12.832449913,80.2290802002,47934,47944,10
12.8316898346,80.2292404175,47944,47954,10
12.8316202164,80.2292327881,47954,47964,10
12.8315696716,80.2291793823,47964,47974,10
12.8314695358,80.2287979126,47974,47984,10
12.8314599991,80.2286911011,47984,47995,11
12.8313598633,80.2281112671,47995,48005,10
12.8311901093,80.2272186279,48005,48015,10
12.8310003281,80.2259979248,48015,48025,10
12.8310098648,80.224822998,48025,48035,10
12.8310203552,80.2245101929,48035,48045,10
12.8310499191,80.2238693237,48045,48055,10
12.8310604095,80.22290802,48055,48065,10
12.8310499191,80.2221908569,48065,48076,11
12.8310699463,80.2217788696,48076,48086,10
12.8310604095,80.2210235596,48086,48096,10
12.8310604095,80.2199783325,48096,48106,10
12.8310203552,80.2195663452,48106,48116,10
12.8305196762,80.2194366455,48116,48126,10
12.8296298981,80.2194595337,48126,48136,10
12.8284597397,80.2194976807,48136,48146,10
12.8277196884,80.2195205688,48146,48167,21
12.8277196884,80.2195205688,48167,48177,10
12.8275403976,80.2194976807,48177,48187,10
12.826880455,80.2194824219,48187,48197,10
12.8260602951,80.2194824219,48197,48207,10
12.8256902695,80.2194595337,48207,48217,10
12.8252801895,80.2194595337,48217,48227,10
12.8247499466,80.2194213867,48227,48238,11
12.8236703873,80.2194137573,48238,48248,10
12.8228502274,80.2193832397,48248,48258,10
12.8225402832,80.2191467285,48258,48268,10
12.8224802017,80.2188110352,48268,48278,10
12.8224897385,80.2183609009,48278,48288,10
12.8225297928,80.2173461914,48288,48298,10
12.8225698471,80.2162399292,48298,48308,10
12.8228597641,80.2158966064,48308,48319,11
12.8232803345,80.2159423828,48319,48329,10
12.8240203857,80.2159500122,48329,48339,10
12.8244800568,80.2159423828,48339,48349,10
12.824640274,80.2159576416,48349,48359,10
12.8249197006,80.2159729004,48359,48369,10
12.8251104355,80.2159881592,48369,48379,10
12.8253898621,80.2159805298,48379,50748,2369
12.8253898621,80.2159805298,50748,50759,11
12.8254699707,80.2160415649,50759,50769,10
12.8256397247,80.2160720825,50769,50779,10
12.8258800507,80.2161636353,50779,50789,10
12.8259000778,80.2165374756,50789,50799,10
12.8259000778,80.2171478271,50799,50809,10
12.8259000778,80.2179718018,50809,50819,10
12.8258800507,80.2189178467,50819,50829,10
12.8259296417,80.2193832397,50829,50840,11
12.8264598846,80.2194366455,50840,50850,10
12.8273296356,80.2194366455,50850,50880,30
12.8273296356,80.2194366455,50880,50890,10
12.8275003433,80.2194213867,50890,50900,10
12.8279800415,80.2194290161,50900,50910,10
12.8288202286,80.2194366455,50910,50921,11
12.8301200867,80.2194213867,50921,50932,11
12.8308897018,80.2194366455,50932,50942,10
12.8311796188,80.2197418213,50942,50952,10
12.8311595917,80.2205505371,50952,50962,10
12.8311300278,80.2216567993,50962,50972,10
12.8311395645,80.2222213745,50972,50982,10
12.8311300278,80.2227630615,50982,50992,10
12.8311100006,80.2236709595,50992,51003,11
12.8311004639,80.2246017456,51003,51013,10
12.8310899734,80.2249526978,51013,51023,10
12.8311004639,80.225730896,51023,51033,10
12.8311901093,80.2267990112,51033,51043,10
12.8314304352,80.2279510498,51043,51053,10
12.8316602707,80.2289276123,51053,51063,10
12.8318195343,80.2291564941,51063,51073,10
12.8322496414,80.2290802002,51073,51084,11
12.8331899643,80.2288970947,51084,51094,10
12.8344097137,80.2286834717,51094,51104,10
12.8358201981,80.2284393311,51104,51114,10
12.8371696472,80.2282409668,51114,51124,10
12.8381004333,80.2280807495,51124,51134,10
12.8389396667,80.2278366089,51134,51144,10
12.8391599655,80.2277679443,51144,51154,10
12.8394498825,80.2276916504,51154,51165,11
12.8398103714,80.2276000977,51165,51175,10
12.8406200409,80.2274017334,51175,51185,10
12.8417196274,80.2271118164,51185,51195,10
12.8431100845,80.2268218994,51195,51205,10
12.8446102142,80.2266235352,51205,51215,10
12.8454504013,80.2265319824,51215,51225,10
12.8456001282,80.2265167236,51225,51235,10
12.8461904526,80.2265319824,51235,51246,11
12.847319603,80.2265396118,51246,51256,10
12.8485202789,80.2265319824,51256,51266,10
12.8498001099,80.2265090942,51266,51276,10
12.8501701355,80.2265014648,51276,51286,10
12.8503303528,80.2265090942,51286,51296,10
12.8509502411,80.2265472412,51296,51306,10
12.8519296646,80.2266082764,51306,51317,11
12.8534402847,80.2266387939,51317,51327,10
12.8550100327,80.2264709473,51327,51337,10
12.8566102982,80.2263031006,51337,51347,10
12.8580999374,80.2261810303,51347,51357,10
12.8594303131,80.2263031006,51357,51367,10
12.8607501984,80.2264862061,51367,51377,10
12.8619203568,80.2265319824,51377,51387,10
12.8634595871,80.2264709473,51387,51397,10
12.8651599884,80.2265396118,51397,51408,11
12.8670396805,80.2264328003,51408,51418,10
12.8687400818,80.226348877,51418,51428,10
12.8704204559,80.2265472412,51428,51438,10
12.8720502853,80.2266235352,51438,51448,10
12.873000145,80.2266235352,51448,51458,10
12.8731203079,80.2266235352,51458,51468,10
12.8737201691,80.2266616821,51468,51478,10
12.8746404648,80.2267837524,51478,51489,11
12.8759803772,80.2269134521,51489,51499,10
12.8767204285,80.2268676758,51499,51509,10
12.8768901825,80.2268600464,51509,51519,10
12.8774900436,80.2268218994,51519,51529,10
12.8784503937,80.2267379761,51529,51539,10
12.8797702789,80.2266998291,51539,51549,10
12.8812398911,80.2266998291,51549,51559,10
12.882809639,80.2266693115,51559,51569,10
12.8843002319,80.2266464233,51569,51580,11
12.8855800629,80.2267379761,51580,51590,10
12.8870201111,80.2270965576,51590,51600,10
12.8885803223,80.2272796631,51600,51610,10
12.8901796341,80.2273101807,51610,51620,10
12.8917398453,80.2273025513,51620,51630,10
12.8925304413,80.2273330688,51630,51640,10
12.8930196762,80.2273864746,51640,51650,10
12.8938503265,80.2275009155,51650,51661,11
12.8950796127,80.2275772095,51661,51671,10
12.896320343,80.2276611328,51671,51681,10
12.897649765,80.2276992798,51681,51691,10
12.8990001678,80.2277832031,51691,51701,10
12.9000396729,80.2278213501,51701,51711,10
12.9003295898,80.2278137207,51711,51721,10
12.9003801346,80.2277832031,51721,51731,10
12.9006996155,80.2278213501,51731,51742,11
12.9010601044,80.2279129028,51742,51752,10
12.9016704559,80.2279510498,51752,51762,10
12.9022903442,80.2279586792,51762,51772,10
12.9026699066,80.2279586792,51772,51782,10
12.9027700424,80.2279586792,51782,51792,10
12.9031801224,80.2279968262,51792,51802,10
12.9039802551,80.2280502319,51802,51812,10
12.9049596786,80.2281112671,51812,51823,11
12.9060096741,80.2281570435,51823,51833,10
12.9065303802,80.228187561,51833,51843,10
12.9066200256,80.2282562256,51843,51853,10
12.9070596695,80.2283096313,51853,51863,10
12.9078998566,80.2284088135,51863,51873,10
12.9090995789,80.2286224365,51873,51883,10
12.9105501175,80.2288513184,51883,51894,11
12.9121999741,80.2290802002,51894,51904,10
12.9135704041,80.2292785645,51904,51914,10
12.9139795303,80.2293167114,51914,51924,10
12.9140300751,80.2293167114,51924,51934,10
12.9144802094,80.2293624878,51934,51944,10
12.9153003693,80.2294998169,51944,51954,10
12.9164199829,80.229637146,51954,51964,10
12.9174900055,80.2298126221,51964,51974,10
12.9188404083,80.2299804688,51974,51985,11
12.9201698303,80.2301483154,51985,51995,10
12.9216499329,80.2303390503,51995,52005,10
12.923119545,80.2305603027,52005,52015,10
12.9244604111,80.2307434082,52015,52025,10
12.9255599976,80.23097229,52025,52035,10
12.9263296127,80.2310028076,52035,52045,10
12.9263896942,80.2309875488,52045,52055,10
12.9268198013,80.2310409546,52055,52066,11
12.9277000427,80.2311172485,52066,52076,10
12.9284200668,80.2312011719,52076,52086,10
12.9289398193,80.2312927246,52086,52096,10
12.9297399521,80.2314682007,52096,52106,10
12.9307003021,80.2317276001,52106,52116,10
12.9315595627,80.2319869995,52116,52126,10
12.9328403473,80.2324066162,52126,52136,10
12.9337797165,80.2328186035,52136,52147,11
12.9349603653,80.2333221436,52147,52157,10
12.9357795715,80.2336502075,52157,52167,10
12.9366598129,80.2340774536,52167,52177,10
12.9377803802,80.2346115112,52177,52187,10
12.93887043,80.2351837158,52187,52197,10
12.9397802353,80.2355728149,52197,52207,10
12.9398403168,80.2356262207,52207,52217,10
12.9402198792,80.235786438,52217,52228,11
12.9410800934,80.236038208,52228,52238,10
12.9422197342,80.236328125,52238,52248,10
12.9434499741,80.2370681763,52248,52258,10
12.944439888,80.2381362915,52258,52268,10
12.945309639,80.2390365601,52268,52278,10
12.9464797974,80.2396316528,52278,52288,10
12.9472398758,80.2399215698,52288,52298,10
12.9472799301,80.2399368286,52298,52308,10
12.9476995468,80.2401428223,52308,52319,11
12.9487199783,80.2405776978,52319,52349,30
12.9487199783,80.2405776978,52349,52359,10
12.9491195679,80.2407684326,52359,52369,10
12.9498596191,80.2410202026,52369,52379,10
12.9507904053,80.2413101196,52379,52389,10
12.9511299133,80.2414016724,52389,52400,11
12.9513902664,80.2414779663,52400,52410,10
12.9520101547,80.2417297363,52410,52420,10
12.9529104233,80.2420806885,52420,52430,10
12.9537601471,80.2424316406,52430,52440,10
12.9548397064,80.2428512573,52440,52450,10
12.9556303024,80.2431030273,52450,52460,10
12.9563503265,80.2433624268,52460,52470,10
12.956580162,80.2434616089,52470,52481,11
12.9572401047,80.2437362671,52481,52491,10
12.9581804276,80.244140625,52491,52501,10
12.9589004517,80.244468689,52501,52511,10
12.959280014,80.2446517944,52511,52521,10
12.9599895477,80.2449569702,52521,52531,10
12.9610204697,80.2454299927,52531,52541,10
12.9622001648,80.2459869385,52541,52552,11
12.9633998871,80.24659729,52552,52622,70
12.9633998871,80.24659729,52622,52632,10
12.9637203217,80.246711731,52632,52643,11
12.9644298553,80.2470016479,52643,52653,10
12.9653501511,80.2473068237,52653,52663,10
12.9665002823,80.247718811,52663,52673,10
12.966919899,80.2479095459,52673,52683,10
12.9670000076,80.2479705811,52683,52693,10
12.9673500061,80.2481765747,52693,52703,10
12.9681501389,80.2485122681,52703,52713,10
12.9692497253,80.2488708496,52713,52724,11
12.9707698822,80.2494888306,52724,52734,10
12.9722995758,80.249961853,52734,52744,10
12.9738302231,80.2503585815,52744,52754,10
12.975399971,80.250793457,52754,52764,10
12.9768104553,80.2511901855,52764,52774,10
12.9778995514,80.2518081665,52774,52784,10
12.9785604477,80.2523117065,52784,52795,11
12.9785804749,80.2523193359,52795,52805,10
12.9789199829,80.2524795532,52805,52815,10
12.9796800613,80.2526016235,52815,52825,10
12.9805603027,80.2526168823,52825,52835,10
12.9814500809,80.2526092529,52835,52845,10
12.9826602936,80.2525482178,52845,52855,10
12.9837398529,80.2523880005,52855,52865,10
12.9853096008,80.2519683838,52865,52875,10
12.9860801697,80.2517700195,52875,52886,11
12.9863100052,80.251701355,52886,52916,30
12.9863100052,80.251701355,52916,52926,10
12.9864997864,80.251663208,52926,52987,61
12.9864997864,80.251663208,52987,52997,10
12.9868297577,80.2515487671,52997,53007,10
12.9874000549,80.2513809204,53007,53017,10
12.988120079,80.2512283325,53017,53027,10
12.98898983,80.2509994507,53027,53037,10
12.9894800186,80.2508468628,53037,53048,11
12.9896001816,80.2508392334,53048,53058,10
12.990070343,80.2507705688,53058,53068,10
12.9908800125,80.2505722046,53068,53078,10
12.9919996262,80.2502975464,53078,53088,10
12.9933300018,80.249961853,53088,53098,10
12.9948196411,80.2495803833,53098,53108,10
12.9962100983,80.2492294312,53108,53119,11
12.9979400635,80.2488098145,53119,53129,10
12.9995803833,80.2483978271,53129,53139,10
13.0010995865,80.248008728,53139,53149,10
13.0022697449,80.2476882935,53149,53159,10
13.0034503937,80.2474899292,53159,53169,10
13.0047903061,80.2473220825,53169,53179,10
13.0058097839,80.2470779419,53179,53189,10
13.0063896179,80.2466430664,53189,53199,10
13.0065002441,80.2464065552,53199,53210,11
13.0065498352,80.2461624146,53210,53220,10
13.0066099167,80.2455596924,53220,53230,10
13.0066099167,80.2447280884,53230,53240,10
13.0066003799,80.2441101074,53240,53250,10
13.0065803528,80.2433929443,53250,53260,10
13.0065402985,80.2424926758,53260,53270,10
13.0065498352,80.2413787842,53270,53280,10
13.0067195892,80.2403564453,53280,53311,31
13.0067195892,80.2403564453,53311,53321,10
13.0067596436,80.2402191162,53321,53331,10
13.0068397522,80.2397384644,53331,53341,10
13.0069503784,80.2389984131,53341,53351,10
13.0071401596,80.2380905151,53351,53361,10
13.0073404312,80.2372512817,53361,53371,10
13.0074100494,80.2367019653,53371,53382,11
13.0074796677,80.2365188599,53382,53392,10
13.0075998306,80.2359466553,53392,53402,10
13.0077800751,80.2352523804,53402,53412,10
13.0079298019,80.2345123291,53412,53422,10
13.0081300735,80.2335205078,53422,53432,10
13.0083398819,80.2323608398,53432,53442,10
13.0085401535,80.2312774658,53442,53453,11
13.0088195801,80.2298812866,53453,53463,10
13.0090799332,80.2285385132,53463,53473,10
13.0094995499,80.2273864746,53473,53483,10
13.0100002289,80.2262802124,53483,53493,10
13.0104904175,80.2253112793,53493,53503,10
13.0105800629,80.2251586914,53503,53513,10
13.0107803345,80.2248382568,53513,53523,10
13.0109701157,80.2243270874,53523,53533,10
13.0112104416,80.2237472534,53533,53544,11
13.0114402771,80.2230529785,53544,53554,10
13.0116596222,80.2222671509,53554,53564,10
13.0121202469,80.2215194702,53564,53574,10
13.0124702454,80.2218170166,53574,53584,10
13.0130596161,80.2224273682,53584,53594,10
13.0137996674,80.2231903076,53594,53604,10
13.0143699646,80.2238311768,53604,53614,10
13.0150403976,80.2245483398,53614,53625,11
13.0156097412,80.2250137329,53625,53635,10
13.0156202316,80.2250289917,53635,53645,10
13.0159196854,80.2252578735,53645,53655,10
13.0166902542,80.2251968384,53655,53665,10
13.0176401138,80.2248306274,53665,53675,10
13.0186004639,80.2244415283,53675,53685,10
13.0196199417,80.2243728638,53685,53726,41
13.0196199417,80.2243728638,53726,53736,10
13.0197200775,80.2245788574,53736,53746,10
13.0202102661,80.2249221802,53746,53756,10
13.0207395554,80.2253112793,53756,53766,10
13.0213003159,80.2257385254,53766,53776,10
13.0220298767,80.2262802124,53776,53787,11
13.0228395462,80.2269592285,53787,53797,10
13.0234804153,80.2275238037,53797,53807,10
13.0240802765,80.2280883789,53807,53817,10
13.0244197845,80.2285003662,53817,53847,30
13.0244197845,80.2285003662,53847,53857,10
13.0243196487,80.2285995483,53857,53868,11
13.0240402222,80.2284011841,53868,53878,10
13.0239801407,80.228302002,53878,53888,10
13.0238704681,80.2281265259,53888,53898,10
13.023730278,80.2279586792,53898,53908,10
13.0233898163,80.2276763916,53908,54354,446
13.0233898163,80.2276763916,54354,54364,10
13.0232095718,80.2273864746,54364,54374,10
13.0227499008,80.2269592285,54374,54384,10
13.0220499039,80.2263031006,54384,54394,10
13.0210599899,80.2255096436,54394,54404,10
13.0203199387,80.2249984741,54404,54414,10
13.0198202133,80.2247009277,54414,54435,21
13.0198202133,80.2247009277,54435,54445,10
13.0197200775,80.2246170044,54445,54455,10
13.0191698074,80.2244491577,54455,54465,10
13.0182104111,80.2246780396,54465,54475,10
13.0170202255,80.2251815796,54475,54485,10
13.0159397125,80.2255935669,54485,54495,10
13.0148496628,80.2260437012,54495,54505,10
13.0142498016,80.2262802124,54505,54516,11
13.0139799118,80.2264022827,54516,54526,10
13.0132904053,80.2266464233,54526,54536,10
13.0123500824,80.2270202637,54536,54546,10
13.0115499496,80.2273330688,54546,54556,10
13.0102796555,80.2278366089,54556,54566,10
13.0094203949,80.2282333374,54566,54576,10
13.0090198517,80.2291030884,54576,54586,10
13.0087995529,80.2302703857,54586,54596,10
13.0085697174,80.2314834595,54596,54607,11
13.0083198547,80.232749939,54607,54617,10
13.0082197189,80.2337036133,54617,54626,9
13.0081596375,80.233833313,54626,54637,11
13.0080404282,80.2343978882,54637,54647,10
13.0079202652,80.2350082397,54647,54657,10
13.0077400208,80.2358398438,54657,54667,10
13.0075397491,80.2367019653,54667,54678,11
13.0073404312,80.2376480103,54678,54688,10
13.0071601868,80.2385406494,54688,54698,10
13.0069999695,80.2393798828,54698,54708,10
13.006819725,80.2403182983,54708,54718,10
13.0066604614,80.2412414551,54718,54728,10
13.0066404343,80.2422637939,54728,54738,10
13.006649971,80.2431411743,54738,54748,10
13.0066604614,80.2438430786,54748,54759,11
13.0066299438,80.2445983887,54759,54769,10
13.0066604614,80.2449798584,54769,54779,10
13.0066404343,80.2450714111,54779,54789,10
13.0066699982,80.2454376221,54789,54799,10
13.0066995621,80.2461013794,54799,54809,10
13.0067195892,80.2467498779,54809,54819,10
13.0067195892,80.2472610474,54819,54870,51
13.0067195892,80.2472610474,54870,54880,10
13.0066604614,80.2474822998,54880,54890,10
13.0062799454,80.2474975586,54890,54900,10
13.0061903,80.2474899292,54900,54910,10
13.0058603287,80.2474365234,54910,54921,11
13.0050201416,80.2474212646,54921,54931,10
13.0039396286,80.247543335,54931,54941,10
13.0028095245,80.2477035522,54941,54951,10
13.0023202896,80.2478179932,54951,54961,10
13.0017795563,80.2479324341,54961,54971,10
13.0010204315,80.2481002808,54971,54981,10
13.0000896454,80.2483520508,54981,54991,10
12.9990797043,80.2486114502,54991,55001,10
12.9982004166,80.2488479614,55001,55012,11
12.9979400635,80.2489013672,55012,55022,10
12.9973897934,80.2490234375,55022,55032,10
12.9964599609,80.2492523193,55032,55042,10
12.9953403473,80.2495422363,55042,55052,10
12.9943399429,80.2498092651,55052,55062,10
12.9934301376,80.2500534058,55062,55072,10
12.9924097061,80.2503204346,55072,55082,10
12.9913396835,80.250579834,55082,55093,11
12.9909601212,80.2506790161,55093,55103,10
12.9906101227,80.2507476807,55103,55113,10
12.9898900986,80.2509231567,55113,55123,10
12.9893503189,80.2510528564,55123,55133,10
12.9890604019,80.251121521,55133,55244,111
12.9890604019,80.251121521,55244,55255,11
12.9889202118,80.2510604858,55255,55265,10
12.9886798859,80.2511520386,55265,55275,10
12.9882297516,80.2512893677,55275,55285,10
12.9879102707,80.251373291,55285,55295,10
12.9874801636,80.2514801025,55295,55305,10
12.9871301651,80.2516021729,55305,55315,10
12.9869804382,80.251663208,55315,55325,10
12.9866695404,80.2517623901,55325,55336,11
12.9861497879,80.2518615723,55336,55346,10
12.9853200912,80.2520904541,55346,55356,10
12.9841899872,80.2524032593,55356,55366,10
12.9828596115,80.2526473999,55366,55376,10
12.9815797806,80.2527084351,55376,55386,10
12.9806900024,80.2527618408,55386,55396,10
12.9801197052,80.2528305054,55396,55406,10
12.9793395996,80.2527236938,55406,55417,11
12.9785900116,80.2526016235,55417,55427,10
12.9783201218,80.2524337769,55427,55437,10
12.9777603149,80.2519226074,55437,55447,10
12.9767904282,80.2513427734,55447,55457,10
12.9757404327,80.2510299683,55457,55467,10
12.9749097824,80.2507781982,55467,55477,10
12.9739599228,80.2504806519,55477,55487,10
12.9729604721,80.2501907349,55487,55498,11
12.9716901779,80.2498397827,55498,55508,10
12.9704904556,80.24949646,55508,55518,10
12.9693698883,80.2490692139,55518,55528,10
12.9684095383,80.2487030029,55528,55538,10
12.9674301147,80.248298645,55538,55548,10
12.9666404724,80.2479171753,55548,55558,10
12.9660100937,80.2476272583,55558,55568,10
12.965259552,80.2473678589,55568,55578,10
12.9648303986,80.2472381592,55578,55589,11
12.9641895294,80.2470016479,55589,55599,10
12.96393013,80.2469177246,55599,55609,10
12.9637403488,80.2468566895,55609,55619,10
12.9631996155,80.2465591431,55619,55629,10
12.9623403549,80.2461395264,55629,55639,10
12.9612703323,80.2455978394,55639,55649,10
12.9602203369,80.2451324463,55649,55659,10
12.9595003128,80.2448272705,55659,55670,11
12.9593801498,80.2447662354,55670,55680,10
12.9588603973,80.2445297241,55680,55690,10
12.9574098587,80.2439422607,55690,55700,10
12.9574098587,80.2439422607,55700,55710,10
12.9568595886,80.243812561,55710,55720,10
12.9565496445,80.2437362671,55720,55782,62
12.9565496445,80.2437362671,55782,55792,10
12.9562597275,80.2436599731,55792,55802,10
12.9558000565,80.2434005737,55802,55812,10
12.9548501968,80.2429199219,55812,55822,10
12.9539699554,80.2425613403,55822,55833,11
12.9530200958,80.2421264648,55833,55843,10
12.95195961,80.2417602539,55843,55853,10
12.9514398575,80.241569519,55853,55863,10
12.950630188,80.2412796021,55863,55873,10
12.9496202469,80.2409820557,55873,55883,10
12.9492397308,80.2408294678,55883,55893,10
12.9491300583,80.2407913208,55893,55904,11
12.9487400055,80.2406234741,55904,55914,10
12.9479799271,80.2403182983,55914,55924,10
12.9471998215,80.2400436401,55924,55934,10
12.9470996857,80.2400131226,55934,55944,10
12.9470701218,80.2400131226,55944,55954,10
12.9466400146,80.2398300171,55954,55964,10
12.9458799362,80.2395019531,55964,55974,10
12.9449501038,80.2388534546,55974,55984,10
12.9440002441,80.2378234863,55984,55995,11
12.9428901672,80.2367401123,55995,56005,10
12.9414196014,80.2362136841,56005,56015,10
12.9400100708,80.2358474731,56015,56025,10
12.9397497177,80.2357711792,56025,56035,10
12.9394798279,80.2356414795,56035,56045,10
12.9386100769,80.2351837158,56045,56055,10
12.9375200272,80.23462677,56055,56065,10
12.9362401962,80.2340316772,56065,56076,11
12.9348897934,80.2333984375,56076,56086,10
12.9338703156,80.232963562,56086,56096,10
12.9337501526,80.2328872681,56096,56106,10
12.9331703186,80.2326202393,56106,56116,10
12.932220459,80.2322387695,56116,56126,10
12.9308795929,80.2317886353,56126,56136,10
12.9294099808,80.2314300537,56136,56146,10
12.9279403687,80.2311782837,56146,56157,11
12.9262800217,80.2309494019,56157,56167,10
12.9248895645,80.2308197021,56167,56177,10
12.9233999252,80.2306137085,56177,56187,10
12.9220199585,80.2304000854,56187,56197,10
12.9206895828,80.23021698,56197,56207,10
12.9192399979,80.2300415039,56207,56217,10
12.9177999496,80.2298431396,56217,56227,10
12.9163703918,80.229637146,56227,56238,11
12.9150400162,80.2294464111,56238,56248,10
12.9137001038,80.2292709351,56248,56258,10
12.9131498337,80.2292633057,56258,56268,10
12.9128198624,80.2292098999,56268,56278,10
12.9119997025,80.2290420532,56278,56288,10
12.9108104706,80.2288589478,56288,56298,10
12.9093599319,80.2286376953,56298,56308,10
12.9078197479,80.2284088135,56308,56319,11
12.906920433,80.2282791138,56319,56329,10
12.9063396454,80.2282333374,56329,56339,10
12.9053602219,80.2281799316,56339,56349,10
12.9045600891,80.2281494141,56349,56359,10
12.903840065,80.2281036377,56359,56369,10
12.902879715,80.2280807495,56369,56379,10
12.902009964,80.2280578613,56379,56389,10
12.901309967,80.2280197144,56389,56481,92
12.901309967,80.2280197144,56481,56491,10
12.9006700516,80.227897644,56491,56501,10
12.8993797302,80.2278366089,56501,56531,30
12.8993797302,80.2278366089,56531,56541,10
12.8991203308,80.2278366089,56541,56551,10
12.8985300064,80.2277984619,56551,56561,10
12.8977003098,80.2277297974,56561,56572,11
12.8966398239,80.2276763916,56572,56582,10
12.895529747,80.2276382446,56582,56592,10
12.8943500519,80.2276000977,56592,56602,10
12.8931398392,80.2274703979,56602,56612,10
12.89220047,80.2273864746,56612,56622,10
12.8910598755,80.2273635864,56622,56632,10
12.8897600174,80.2273635864,56632,56643,11
12.8881998062,80.2273178101,56643,56653,10
12.8866796494,80.2271194458,56653,56663,10
12.8852396011,80.2267913818,56663,56673,10
12.8847799301,80.2267532349,56673,56683,10
12.88463974,80.2267379761,56683,56693,10
12.8840398788,80.2267227173,56693,56703,10
12.8830404282,80.2267227173,56703,56713,10
12.8817100525,80.2267227173,56713,56723,10
12.880109787,80.2267379761,56723,56734,11
12.8783302307,80.2268218994,56734,56744,10
12.8770799637,80.2269210815,56744,56754,10
12.8764600754,80.2269973755,56754,56764,10
12.8763103485,80.2270126343,56764,56774,10
12.8757295609,80.2269973755,56774,56784,10
12.8747997284,80.2268981934,56784,56794,10
12.8735198975,80.2267608643,56794,56804,10
12.8726902008,80.2267532349,56804,56815,11
12.8726100922,80.2267532349,56815,56825,10
12.872130394,80.2267303467,56825,56835,10
12.8712701797,80.2266998291,56835,56845,10
12.8700704575,80.2265777588,56845,56855,10
12.8686304092,80.2264175415,56855,56865,10
12.8670701981,80.2265090942,56865,56875,10
12.8656101227,80.2266235352,56875,56885,10
12.8639802933,80.2265777588,56885,56896,11
12.8623504639,80.226600647,56896,56906,10
12.8611097336,80.2266464233,56906,56916,10
12.8609600067,80.2266311646,56916,56926,10
12.8605899811,80.2265701294,56926,56936,10
12.8598003387,80.2264633179,56936,56946,10
12.8586597443,80.22631073,56946,56956,10
12.8572597504,80.2262802124,56956,56966,10
12.8556404114,80.2264633179,56966,56977,11
12.8539495468,80.2266387939,56977,56987,10
12.8521003723,80.2266921997,56987,56997,10
12.8506002426,80.2266464233,56997,57007,10
12.8497495651,80.2266464233,57007,57017,10
12.8496398926,80.2266387939,57017,57027,10
12.8490896225,80.2266082764,57027,57037,10
12.8480997086,80.2266082764,57037,57047,10
12.8467702866,80.2266235352,57047,57057,10
12.8457202911,80.2266311646,57057,57068,11
12.8451404572,80.2266769409,57068,57078,10
12.8450899124,80.2266769409,57078,57088,10
12.8448600769,80.2266921997,57088,57098,10
12.844209671,80.2267303467,57098,57108,10
12.8431997299,80.2268295288,57108,57118,10
12.8418998718,80.2271118164,57118,57128,10
12.8405799866,80.2274703979,57128,57139,11
12.8397302628,80.2276992798,57139,57189,50
12.8397302628,80.2276992798,57189,57199,10
12.8394002914,80.2277526855,57199,57209,10
12.8387203217,80.2279510498,57209,57220,11
12.8375301361,80.2282409668,57220,57230,10
12.8360795975,80.228477478,57230,57240,10
12.8346996307,80.2286911011,57240,57250,10
12.8331699371,80.2289428711,57250,57260,10
12.8317499161,80.2292175293,57260,57300,40
12.8317499161,80.2292175293,57300,57311,11
12.8315296173,80.2288894653,57311,57331,20
12.8315296173,80.2288894653,57331,57341,10
12.831489563,80.2285919189,57341,57351,10
12.8313598633,80.2278289795,57351,57361,10
12.8311300278,80.2267227173,57361,57371,10
12.8310499191,80.2254562378,57371,57382,11
12.8310604095,80.2246704102,57382,57392,10
12.8310604095,80.2241973877,57392,57402,10
12.8310699463,80.2233200073,57402,57412,10
12.8310699463,80.2222824097,57412,57422,10
12.8310699463,80.2219772339,57422,57432,10
12.8310699463,80.221282959,57432,57441,9
12.8310804367,80.2202987671,57441,57452,11
12.8310499191,80.2196426392,57452,57462,10
12.8305101395,80.2194595337,57462,57473,11
12.8293800354,80.2194366455,57473,57483,10
12.8281602859,80.2194213867,57483,57493,10
12.8275403976,80.2194290161,57493,57503,10
12.8275003433,80.2194290161,57503,57513,10
12.8271303177,80.2194366455,57513,57523,10
12.8263502121,80.2194366455,57523,57533,10
12.8259401321,80.2193984985,57533,57543,10
12.8258199692,80.2191696167,57543,57554,11
12.8258495331,80.2190170288,57554,57564,10
12.8258495331,80.2184371948,57564,57574,10
12.8258600235,80.2174301147,57574,57584,10
12.8255796432,80.2160491943,57584,57594,10
12.8255796432,80.2160491943,57594,57604,10
12.8250598907,80.216003418,57604,58398,794
12.8250598907,80.216003418,58398,58408,10
12.8249397278,80.216003418,58408,58418,10
12.8247299194,80.2160186768,58418,58428,10
12.8246603012,80.216003418,58428,58438,10
12.8242397308,80.2159805298,58438,58449,11
12.8233203888,80.2159805298,58449,58459,10
12.8227701187,80.216003418,58459,58469,10
12.822640419,80.2162017822,58469,58479,10
12.8226499557,80.216796875,58479,58489,10
12.822640419,80.2176971436,58489,58499,10
12.8226499557,80.2187805176,58499,58509,10
12.8226900101,80.2192230225,58509,58519,10
12.8230695724,80.2194519043,58519,58529,10
12.8239202499,80.2194976807,58529,58540,11
12.8251800537,80.2195281982,58540,58550,10
12.8255300522,80.2194824219,58550,58560,10
12.8262500763,80.2194671631,58560,58570,10
12.8272104263,80.2194595337,58570,58641,71
12.8272104263,80.2194595337,58641,58651,10
12.8273897171,80.2194976807,58651,58661,10
12.8275899887,80.2194976807,58661,58671,10
12.8276596069,80.2194976807,58671,58681,10
12.8277301788,80.2195205688,58681,58692,11
12.8280601501,80.2194976807,58692,58702,10
12.8287200928,80.2195129395,58702,58712,10
12.829580307,80.2195281982,58712,58722,10
12.830499649,80.2195205688,58722,58732,10
12.8310499191,80.2195510864,58732,58742,10
12.8312196732,80.2197875977,58742,58752,10
12.8312101364,80.220123291,58752,58762,10
12.8311901093,80.2208404541,58762,58772,10
12.8311796188,80.2220535278,58772,58783,11
12.8311796188,80.222366333,58783,58793,10
12.8311796188,80.2229919434,58793,58803,10
12.8311595917,80.2239379883,58803,58813,10
12.8311595917,80.2246780396,58813,58823,10
12.8311595917,80.2249832153,58823,58833,10
12.8311595917,80.2256622314,58833,58843,10
12.8312301636,80.2267608643,58843,58853,10
12.831489563,80.2279586792,58853,58864,11
12.831700325,80.2289199829,58864,58874,10
12.8319702148,80.2291412354,58874,58884,10
12.8321895599,80.2291030884,58884,58894,10
12.8325300217,80.2290267944,58894,58903,9
12.833319664,80.2289276123,58903,58914,11
12.8345899582,80.2287063599,58914,58924,10
12.8359298706,80.2285003662,58924,58934,10
12.8372001648,80.2282867432,58934,58945,11
12.8383197784,80.2281188965,58945,58955,10
12.8390197754,80.2279205322,58955,58965,10
12.8393697739,80.2277832031,58965,58975,10
12.8394804001,80.227722168,58975,58985,10
12.8398303986,80.2276229858,58985,58995,10
12.8405895233,80.2274169922,58995,59005,10
12.8416700363,80.227142334,59005,59015,10
12.8430204391,80.2268600464,59015,59026,11
12.844499588,80.2266769409,59026,59036,10
12.8451795578,80.2266311646,59036,59056,20
12.845290184,80.2266082764,59056,59076,20
12.845290184,80.2266082764,59076,59086,10
12.8454999924,80.2266082764,59086,59096,10
12.8459796906,80.2266082764,59096,59107,11
12.8469200134,80.2266311646,59107,59117,10
12.8480596542,80.2266464233,59117,59127,10
12.8492803574,80.2266464233,59127,59137,10
12.8498697281,80.2265930176,59137,59167,30
12.8498697281,80.2265930176,59167,59177,10
12.850060463,80.2265930176,59177,59188,11
12.8507299423,80.2266082764,59188,59198,10
12.8516702652,80.2266464233,59198,59208,10
12.8527202606,80.2267074585,59208,59218,10
12.8538198471,80.2266693115,59218,59228,10
12.8551301956,80.2265014648,59228,59238,10
12.856590271,80.2263183594,59238,59248,10
12.858039856,80.2261962891,59248,59258,10
12.8593902588,80.2263183594,59258,59269,11
12.8606796265,80.2265014648,59269,59279,10
12.8608398438,80.2265167236,59279,59289,10
12.8609695435,80.2265625,59289,59299,10
12.8613796234,80.2265701294,59299,59309,10
12.8621797562,80.2265625,59309,59319,10
12.8632497787,80.2265319824,59319,59329,10
12.8645896912,80.2265777588,59329,59339,10
12.8661003113,80.2265625,59339,59350,11
12.8677396774,80.2264175415,59350,59360,10
12.8691797256,80.2264633179,59360,59370,10
12.8707103729,80.2266387939,59370,59380,10
12.8721599579,80.2266769409,59380,59390,10
12.8728904724,80.2266769409,59390,59400,10
12.8729000092,80.2266769409,59400,59410,10
12.8730697632,80.2266616821,59410,59420,10
12.8736696243,80.2267074585,59420,59431,11
12.8746700287,80.226852417,59431,59441,10
12.8757400513,80.2269668579,59441,59451,10
12.8763399124,80.2269515991,59451,59461,10
12.8767595291,80.2269210815,59461,59471,10
12.876830101,80.2269287109,59471,59481,10
12.8770904541,80.2268981934,59481,59491,10
12.877790451,80.2268600464,59491,59501,10
12.8787698746,80.2268066406,59501,59512,11
12.8801403046,80.2267837524,59512,59522,10
12.8815803528,80.2267303467,59522,59532,10
12.8830900192,80.2267303467,59532,59542,10
12.8851995468,80.2266998291,59542,59562,20
12.8851995468,80.2266998291,59562,59572,10
12.8853902817,80.2267608643,59572,59582,10
12.8859300613,80.2268676758,59582,59593,11
12.8868503571,80.2271194458,59593,59603,10
12.8879299164,80.2273101807,59603,59613,10
12.8892402649,80.2273712158,59613,59623,10
12.8907203674,80.2273864746,59623,59633,10
12.8922100067,80.2274093628,59633,59643,10
12.8935899734,80.2275695801,59643,59653,10
12.8950004578,80.2276763916,59653,59663,10
12.8964700699,80.2277374268,59663,59673,10
12.8977804184,80.2277832031,59673,59684,11
12.8981599808,80.2277832031,59684,59694,10
12.8981895447,80.2277832031,59694,59704,10
12.8983001709,80.2277832031,59704,59714,10
12.8984003067,80.2277679443,59714,59724,10
12.8985204697,80.2277679443,59724,59734,10
12.8987598419,80.2277679443,59734,59795,61
12.8987598419,80.2277679443,59795,59805,10
12.8990602493,80.2277984619,59805,59815,10
12.899479866,80.2278289795,59815,59825,10
12.9001102448,80.2278671265,59825,59835,10
12.9006299973,80.2279205322,59835,59846,11
12.9010601044,80.2279510498,59846,59856,10
12.9014701843,80.2279663086,59856,59866,10
12.9026203156,80.2280197144,59866,59886,20
12.9026203156,80.2280197144,59886,59896,10
12.9028596878,80.2280426025,59896,59906,10
12.903459549,80.2280731201,59906,59916,10
12.9042396545,80.2281112671,59916,59927,11
12.9046401978,80.2281265259,59927,59937,10
12.9048995972,80.2281417847,59937,59947,10
12.9055700302,80.2281799316,59947,60028,81
12.9055700302,80.2281799316,60028,60038,10
12.9058704376,80.2282104492,60038,60048,10
12.9061203003,80.2282333374,60048,60058,10
12.9063997269,80.2282409668,60058,60068,10
12.9066095352,80.2282409668,60068,60078,10
12.9070196152,80.2282791138,60078,60099,21
12.9070196152,80.2282791138,60099,60109,10
12.9072303772,80.2283325195,60109,60119,10
12.9078102112,80.2284088135,60119,60129,10
12.9087400436,80.2285385132,60129,60139,10
12.9097604752,80.2287063599,60139,60149,10
12.9106798172,80.2288589478,60149,60159,10
12.9115495682,80.2289733887,60159,60170,11
12.9127902985,80.2291412354,60170,60180,10
12.913860321,80.2292785645,60180,60200,20
12.913860321,80.2292785645,60200,60210,10
12.9140996933,80.229347229,60210,60220,10
12.9146995544,80.2294387817,60220,60230,10
12.9155397415,80.2295608521,60230,60240,10
12.9166402817,80.2297134399,60240,60251,11
12.9177703857,80.2298583984,60251,60261,10
12.9188995361,80.2300186157,60261,60271,10
12.9198102951,80.2301330566,60271,60281,10
12.920920372,80.2302627563,60281,60291,10
12.9222698212,80.2304382324,60291,60301,10
12.923740387,80.2306594849,60301,60311,10
12.9251499176,80.2308502197,60311,60321,10
12.9263401031,80.2309570313,60321,60332,11
12.926659584,80.2309799194,60332,60342,10
12.9267396927,80.2309875488,60342,60352,10
12.9272003174,80.2310409546,60352,60362,10
12.9279699326,80.2311401367,60362,60372,10
12.9289398193,80.231300354,60372,60382,10
12.9300899506,80.2315673828,60382,60392,10
12.9313802719,80.2319488525,60392,60402,10
12.9327497482,80.2324066162,60402,60413,11
12.9337797165,80.2328262329,60413,60443,30
12.9337797165,80.2328262329,60443,60453,10
12.934129715,80.2330169678,60453,60463,10
12.9347400665,80.233291626,60463,60473,10
12.9355297089,80.2336578369,60473,60483,10
12.9362001419,80.2339706421,60483,60493,10
12.9369401932,80.234336853,60493,60504,11
12.9381799698,80.2349395752,60504,60514,10
12.9398002625,80.235710144,60514,60535,21
12.9398002625,80.235710144,60535,60545,10
12.9401302338,80.2358398438,60545,60555,10
12.9407901764,80.2360687256,60555,60565,10
12.9416999817,80.236289978,60565,60576,11
12.9429302216,80.2367401123,60576,60586,10
12.9439496994,80.2376708984,60586,60596,10
12.9449796677,80.2387924194,60596,60606,10
12.9459600449,80.2395019531,60606,60616,10
12.9475402832,80.2400970459,60616,60636,20
12.9475402832,80.2400970459,60636,60646,10
12.9477300644,80.2401809692,60646,60657,11
12.9482898712,80.2404174805,60657,60667,10
12.9490299225,80.2407226563,60667,60677,10
12.949760437,80.2409896851,60677,60687,10
12.9505300522,80.2412261963,60687,60697,10
12.9510498047,80.2413787842,60697,60707,10
12.9511604309,80.2414169312,60707,60717,10
12.9511995316,80.2414474487,60717,60727,10
12.9515399933,80.241569519,60727,60738,11
12.9522304535,80.2418136597,60738,60748,10
12.9530801773,80.2421188354,60748,60758,10
12.9541501999,80.2425765991,60758,60768,10
12.9551296234,80.2429733276,60768,60778,10
12.9559202194,80.2433166504,60778,60788,10
12.9564504623,80.2435531616,60788,60798,10
12.9565696716,80.2435913086,60798,60808,10
12.956990242,80.2437362671,60808,60819,11
12.9577903748,80.2440719604,60819,60829,10
12.9585800171,80.244392395,60829,60839,10
12.958820343,80.2444992065,60839,60849,10
12.9588899612,80.2445831299,60849,60859,10
12.9592399597,80.2447280884,60859,60869,10
12.9598503113,80.2450027466,60869,60879,10
12.9606199265,80.2453613281,60879,60889,10
12.961520195,80.2457733154,60889,60899,10
12.9624595642,80.2462234497,60899,60910,11
12.9629497528,80.2464675903,60910,60920,10
12.9632797241,80.2466506958,60920,60930,10
12.9637002945,80.2468490601,60930,60940,10
12.96434021,80.2470932007,60940,60950,10
12.9651203156,80.2473602295,60950,60960,10
12.9658203125,80.2475891113,60960,60970,10
12.9665203094,80.2478637695,60970,60991,21
12.9665203094,80.2478637695,60991,61001,10
12.9667596817,80.2480316162,61001,61011,10
12.9672002792,80.2482223511,61011,61021,10
12.9679403305,80.2485275269,61021,61031,10
12.9688997269,80.2489089966,61031,61041,10
12.9699802399,80.2493362427,61041,61051,10
12.9711904526,80.2497711182,61051,61061,10
12.9724798203,80.2500991821,61061,61072,11
12.9738302231,80.2504425049,61072,61082,10
12.9749898911,80.2507781982,61082,61092,10
12.9762001038,80.2511291504,61092,61102,10
12.9773797989,80.2515411377,61102,61112,10
12.9782104492,80.252166748,61112,61122,10
12.9787302017,80.252456665,61122,61132,10
12.9787397385,80.252456665,61132,61142,10
12.9788799286,80.2525482178,61142,61153,11
12.9793596268,80.2526702881,61153,61163,10
12.9794797897,80.2526931763,61163,61173,10
12.9795103073,80.2527084351,61173,61183,10
12.9798898697,80.2527236938,61183,61193,10
12.9806499481,80.2527313232,61193,61203,10
12.9815998077,80.2527084351,61203,61213,10
12.9825601578,80.2526779175,61213,61223,10
12.983300209,80.2525787354,61223,61234,11
12.9834899902,80.2525405884,61234,61244,10
12.9838495255,80.2524414063,61244,61254,10
12.9844799042,80.2522735596,61254,61264,10
12.9850597382,80.2520904541,61264,61274,10
12.9854898453,80.2519607544,61274,61294,20
12.9854898453,80.2519607544,61294,61304,10
12.986120224,80.2517776489,61304,61466,162
12.986120224,80.2517776489,61466,61477,11
12.9863595963,80.2517623901,61477,61487,10
12.9868402481,80.2516403198,61487,61497,10
12.9875297546,80.2514190674,61497,61507,10
12.9882602692,80.2512588501,61507,61517,10
12.9894199371,80.2509384155,61517,61537,20
12.9894199371,80.2509384155,61537,61547,10
12.9895601273,80.2509078979,61547,61558,11
12.9900999069,80.250793457,61558,61568,10
12.9909000397,80.2505874634,61568,61578,10
12.9919395447,80.250328064,61578,61588,10
12.9932003021,80.2500305176,61588,61598,10
12.9945402145,80.2497024536,61598,61608,10
12.9958600998,80.2493515015,61608,61618,10
12.9967002869,80.2490768433,61618,61628,10
12.9967002869,80.2490692139,61628,61639,11
12.9968004227,80.2490386963,61639,61649,10
12.9972600937,80.2489624023,61649,61659,10
12.998000145,80.2487869263,61659,61669,10
12.9989995956,80.2485580444,61669,61679,10
13.0002498627,80.248260498,61679,61689,10
13.0015201569,80.2479629517,61689,61699,10
13.002409935,80.247718811,61699,61709,10
13.0034198761,80.247543335,61709,61720,11
13.0046596527,80.2473678589,61720,61730,10
13.0055799484,80.2472000122,61730,61740,10
13.0065202713,80.2464981079,61740,61760,20
13.0065202713,80.2464981079,61760,61770,10
13.0065402985,80.2463989258,61770,61780,10
13.0066099167,80.2460632324,61780,61790,10
13.0066204071,80.24559021,61790,61801,11
13.0066204071,80.2453689575,61801,61811,10
13.0066003799,80.2450637817,61811,61821,10
13.0065803528,80.2447662354,61821,61831,10
13.0065898895,80.2445220947,61831,61841,10
13.0066003799,80.2442169189,61841,61851,10
13.0065803528,80.2438201904,61851,61861,10
13.0065498352,80.243522644,61861,61871,10
13.0065402985,80.2428817749,61871,61882,11
13.0065498352,80.2419204712,61882,61892,10
13.0066003799,80.2410430908,61892,61902,10
13.0066699982,80.2405471802,61902,61942,40
13.0066699982,80.2405471802,61942,61952,10
13.0067396164,80.2402114868,61952,61963,11
13.0068902969,80.239440918,61963,61973,10
13.0070295334,80.2385787964,61973,61983,10
13.0071296692,80.2380371094,61983,61993,10
13.0072603226,80.2375411987,61993,62003,10
13.007349968,80.2369537354,62003,62013,10
13.0074195862,80.236579895,62013,62023,10
13.0074596405,80.236541748,62023,62033,10
13.0075397491,80.2362136841,62033,62043,10
13.0076599121,80.2356185913,62043,62054,11
13.0077400208,80.2352905273,62054,62064,10
13.0078201294,80.23487854,62064,62074,10
13.0079603195,80.2341690063,62074,62084,10
13.0081501007,80.2332000732,62084,62094,10
13.0083799362,80.232093811,62094,62104,10
13.0085697174,80.2309494019,62104,62114,10
13.0088300705,80.2296676636,62114,62123,9
13.0090198517,80.2286834717,62123,62135,12
13.0094995499,80.2273864746,62135,62145,10
13.0099697113,80.2264175415,62145,62155,10
13.0104703903,80.2253570557,62155,62165,10
13.0107603073,80.2247772217,62165,62175,10
13.0110397339,80.2241821289,62175,62185,10
13.0113601685,80.2234725952,62185,62205,20
13.0113601685,80.2234725952,62205,62216,11
13.0114898682,80.2232818604,62216,62226,10
13.011639595,80.2228469849,62226,62236,10
13.0118703842,80.2221221924,62236,62246,10
13.0122299194,80.2215805054,62246,62256,10
13.0124797821,80.2218017578,62256,62266,10
13.0129404068,80.2223587036,62266,62276,10
13.0135002136,80.2229232788,62276,62286,10
13.0140399933,80.2234115601,62286,62297,11
13.0143203735,80.2236785889,62297,62307,10
13.0146799088,80.2240982056,62307,62317,10
13.0151796341,80.2247390747,62317,62327,10
13.0156602859,80.2251281738,62327,62347,20
13.0156602859,80.2251281738,62347,62357,10
13.0159397125,80.2253112793,62357,62367,10
13.0166501999,80.2253036499,62367,62378,11
13.0176000595,80.2249221802,62378,62388,10
13.0184803009,80.2245788574,62388,62398,10
13.0190601349,80.2244110107,62398,62408,10
13.0197000504,80.2244796753,62408,62438,30
13.0197000504,80.2244796753,62438,62448,10
13.0197496414,80.2245483398,62448,62459,11
13.0199403763,80.2247009277,62459,62469,10
13.0203504562,80.2250289917,62469,62479,10
13.0208501816,80.2253875732,62479,62489,10
13.0213804245,80.2258224487,62489,62499,10
13.0219802856,80.2262802124,62499,62509,10
13.022480011,80.2266998291,62509,62519,10
13.0230197906,80.227180481,62519,62529,10
13.0234298706,80.2275695801,62529,62540,11
13.0239696503,80.2280502319,62540,62550,10
13.0244398117,80.2285003662,62550,62570,20
13.0244398117,80.2285003662,62570,62580,10
13.0244197845,80.2286376953,62580,62590,10
13.0241804123,80.2285766602,62590,62600,10
13.0236597061,80.2279281616,62600,63178,578
13.0234899521,80.2276992798,63178,63462,284
13.0234899521,80.2278671265,63462,64009,547
13.0234899521,80.2278671265,64009,64019,10
13.0234804153,80.227722168,64019,64029,10
13.0234203339,80.2276382446,64029,64039,10
13.023229599,80.2274398804,64039,64049,10
13.0228796005,80.2270812988,64049,64059,10
13.0223197937,80.226600647,64059,64069,10
13.0216598511,80.2260971069,64069,64080,11
13.0208597183,80.225479126,64080,64090,10
13.0199804306,80.2248916626,64090,64110,20
13.0199804306,80.2248916626,64110,64120,10
13.0197601318,80.2247619629,64120,64130,10
13.0191802979,80.2245407104,64130,64140,10
13.0184497833,80.2246780396,64140,64150,10
13.0176200867,80.2250213623,64150,64161,11
13.0167798996,80.2253799438,64161,64171,10
13.0162496567,80.2255706787,64171,64181,10
13.0156097412,80.2257766724,64181,64191,10
13.0149698257,80.2260513306,64191,64201,10
13.014289856,80.2263336182,64201,64211,10
13.014169693,80.2263793945,64211,64221,10
13.0141096115,80.2264099121,64221,64231,10
13.013999939,80.2264633179,64231,64242,11
13.0137300491,80.2265625,64242,64252,10
13.0133199692,80.2266769409,64252,64262,10
13.0126399994,80.2269363403,64262,64272,10
13.0118999481,80.2272186279,64272,64282,10
13.0110397339,80.2275695801,64282,64292,10
13.0101499557,80.2279586792,64292,64302,10
13.0093097687,80.2283477783,64302,64312,10
13.009059906,80.2291412354,64312,64323,11
13.0088300705,80.2303695679,64323,64333,10
13.0086402893,80.2313919067,64333,64343,10
13.0084295273,80.2324295044,64343,64353,10
13.0082702637,80.233291626,64353,64363,10
13.0081100464,80.2340164185,64363,64373,10
13.0079202652,80.2350234985,64373,64383,10
13.0078001022,80.2356796265,64383,64393,10
13.0076704025,80.2364273071,64393,64404,11
13.0075502396,80.2370529175,64404,64414,10
13.0074300766,80.2375106812,64414,64424,10
13.0073299408,80.2380065918,64424,64434,10
13.0072803497,80.2382202148,64434,64444,10
13.0072002411,80.2385787964,64444,64454,10
13.0070695877,80.2391891479,64454,64464,10
13.0069303513,80.2399291992,64464,64474,10
13.0067796707,80.2406997681,64474,64485,11
13.0066604614,80.2417602539,64485,64495,10
13.0066604614,80.2426986694,64495,64505,10
13.0066795349,80.2436828613,64505,64516,11
13.0066795349,80.2447128296,64516,64525,9
13.0067195892,80.2459030151,64525,64536,11
13.006770134,80.2469406128,64536,64546,10
13.0064601898,80.247428894,64546,64556,10
13.0061798096,80.2474212646,64556,64567,11
13.0060501099,80.2473907471,64567,64577,10
13.0054798126,80.2473678589,64577,64587,10
13.0046195984,80.2474212646,64587,64597,10
13.0034599304,80.2475814819,64597,64607,10
13.0023202896,80.2477874756,64607,64617,10
13.0012998581,80.2480392456,64617,64627,10
13.0001802444,80.2483062744,64627,64637,10
12.9989299774,80.2486190796,64637,64648,11
12.9974603653,80.2489776611,64648,64658,10
12.9961099625,80.2493209839,64658,64668,10
12.9947595596,80.249671936,64668,64678,10
12.9933700562,80.2500228882,64678,64688,10
12.9919395447,80.2503585815,64688,64698,10
12.9911003113,80.250617981,64698,64708,10
12.9910001755,80.2506484985,64708,64718,10
12.9907197952,80.2507019043,64718,64729,11
12.9899702072,80.2508773804,64729,64739,10
12.988940239,80.2511367798,64739,64749,10
12.9878396988,80.2514190674,64749,64759,10
12.987159729,80.2516021729,64759,64769,10
12.9863595963,80.2518234253,64769,64779,10
12.9855604172,80.2519989014,64779,64789,10
12.9845399857,80.252281189,64789,64799,10
12.9833602905,80.2526016235,64799,64810,11
12.9820804596,80.2527084351,64810,64820,10
12.9810800552,80.2527389526,64820,64830,10
12.9805202484,80.2527770996,64830,64840,10
12.9799804688,80.2527770996,64840,64850,10
12.9793796539,80.2526702881,64850,64860,10
12.9786100388,80.2525787354,64860,64870,10
12.978509903,80.2525482178,64870,64880,10
12.9783201218,80.2524414063,64880,64890,10
12.9780702591,80.252243042,64890,64901,11
12.977399826,80.251663208,64901,64911,10
12.9763498306,80.2512283325,64911,64921,10
12.9751596451,80.2508773804,64921,64931,10
12.9741897583,80.250579834,64931,64941,10
12.9731197357,80.2502975464,64941,64951,10
12.9724397659,80.2501220703,64951,64961,10
12.9721002579,80.2500305176,64961,64971,10
12.9713602066,80.2498168945,64971,64982,11
12.9703702927,80.2495193481,64982,64992,10
12.9692296982,80.2490997314,64992,65002,10
12.968000412,80.2486495972,65002,65012,10
12.9671297073,80.2482681274,65012,65022,10
12.9668703079,80.2481536865,65022,65032,10
12.9667396545,80.2480773926,65032,65042,10
12.9663696289,80.2479019165,65042,65052,10
12.9656200409,80.2475814819,65052,65063,11
12.9654397964,80.2475128174,65063,65073,10
12.9653396606,80.2474365234,65073,65083,10
12.9648103714,80.2472610474,65083,65093,10
12.9640903473,80.2470016479,65093,65103,10
12.9635601044,80.2467727661,65103,65113,10
12.9624700546,80.2462005615,65113,65123,10
12.9615001678,80.2457427979,65123,65133,10
12.960559845,80.2452926636,65133,65144,11
12.9594497681,80.2448501587,65144,65154,10
12.9593496323,80.2447967529,65154,65164,10
12.9590597153,80.244682312,65164,65174,10
12.9583902359,80.2443695068,65174,65184,10
12.9575996399,80.2440567017,65184,65194,10
12.9563999176,80.2436904907,65194,65214,20
12.9563999176,80.2436904907,65214,65225,11
12.9560604095,80.2435379028,65225,65235,10
12.9554004669,80.2431793213,65235,65245,10
12.9545402527,80.2427902222,65245,65255,10
12.953789711,80.242477417,65255,65265,10
12.9529304504,80.2421569824,65265,65275,10
12.9519796371,80.2417984009,65275,65285,10
12.951669693,80.2416992188,65285,65295,10
12.9515399933,80.2416305542,65295,65306,11
12.9509401321,80.2414016724,65306,65316,10
12.9502696991,80.2411804199,65316,65326,10
12.9490804672,80.2408599854,65326,65366,40
12.9490804672,80.2408599854,65366,65376,10
12.9487400055,80.240737915,65376,65387,11
12.9480199814,80.2404098511,65387,65397,10
12.94713974,80.2400588989,65397,65407,10
12.9469995499,80.2400131226,65407,65417,10
12.9467000961,80.2398834229,65417,65427,10
12.9460697174,80.2396011353,65427,65437,10
12.9452400208,80.2391281128,65437,65447,10
12.9444198608,80.2382965088,65447,65457,10
12.9436302185,80.237449646,65457,65468,11
12.9426803589,80.236656189,65468,65478,10
12.9414997101,80.2362365723,65478,65488,10
12.939789772,80.2358016968,65488,65508,20
12.939789772,80.2358016968,65508,65518,10
12.9397497177,80.2358016968,65518,65528,10
12.9394598007,80.2356491089,65528,65538,10
12.9389095306,80.2353820801,65538,65549,11
12.9380998611,80.2349777222,65549,65559,10
12.9372196198,80.2345504761,65559,65569,10
12.9363203049,80.2341079712,65569,65579,10
12.9355096817,80.2337265015,65579,65589,10
12.934709549,80.2333831787,65589,65599,10
12.9338703156,80.233001709,65599,65619,20
12.9338703156,80.233001709,65619,65630,11
12.9335899353,80.2328186035,65630,65640,10
12.9329595566,80.2325363159,65640,65650,10
12.9320898056,80.2322235107,65650,65660,10
12.9310398102,80.231880188,65660,65670,10
12.929980278,80.231590271,65670,65680,10
12.9292802811,80.2314529419,65680,65690,10
12.9287004471,80.2313232422,65690,65700,10
12.9278898239,80.2312011719,65700,65711,11
12.9263000488,80.2310409546,65711,65731,20
12.9263000488,80.2310409546,65731,65741,10
12.9260501862,80.2310180664,65741,65751,10
12.9254903793,80.2309417725,65751,65761,10
12.9246997833,80.2308197021,65761,65771,10
12.9236803055,80.2306976318,65771,65781,10
12.9224395752,80.2305221558,65781,65792,11
12.9209499359,80.2303009033,65792,65802,10
12.9196395874,80.230140686,65802,65812,10
12.918419838,80.2299880981,65812,65822,10
12.9172697067,80.2298431396,65822,65832,10
12.9164896011,80.2297286987,65832,65842,10
12.91547966,80.2295837402,65842,65852,10
12.9142904282,80.2294082642,65852,65862,10
12.9134197235,80.2293395996,65862,65873,11
12.9133195877,80.2293167114,65873,65883,10
12.9131498337,80.2292785645,65883,65893,10
12.9125499725,80.2291793823,65893,65903,10
12.9116296768,80.2290267944,65903,65913,10
12.9104204178,80.2288513184,65913,65923,10
12.9090900421,80.2286376953,65923,65933,10
12.9078903198,80.2284622192,65933,65943,10
12.9072599411,80.2283782959,65943,65954,11
12.9065303802,80.2282867432,65954,65963,9
12.9062204361,80.228302002,65963,65974,11
12.9060697556,80.2282867432,65974,65984,10
12.9055299759,80.2282562256,65984,65994,10
12.9047002792,80.2282104492,65994,66004,10
12.9043397903,80.2282028198,66004,66014,10
12.9039402008,80.2281570435,66014,66024,10
12.9031896591,80.2281417847,66024,66035,11
12.9022197723,80.2281036377,66035,66075,40
12.9022197723,80.2281036377,66075,66085,10
12.9020700455,80.2280807495,66085,66095,10
12.9018497467,80.2280731201,66095,66105,10
12.9015703201,80.2280578613,66105,66115,10
12.9010400772,80.2280426025,66115,66126,11
12.9002103806,80.2279510498,66126,66136,10
12.8993196487,80.2279281616,66136,66166,30
12.8993196487,80.2279281616,66166,66176,10
12.8990697861,80.2279129028,66176,66186,10
12.8985500336,80.2278594971,66186,66196,10
12.8977298737,80.2277984619,66196,66207,11
12.8965797424,80.2277297974,66207,66217,10
12.8955698013,80.2276763916,66217,66227,10
12.8945503235,80.2276382446,66227,66237,10
12.8936195374,80.2275924683,66237,66247,10
12.8932800293,80.2275695801,66247,66257,10
12.892999649,80.2275238037,66257,66267,10
12.8926496506,80.2274703979,66267,66277,10
12.8921604156,80.2274093628,66277,66288,11
12.8913202286,80.2273635864,66288,66298,10
12.890370369,80.2273635864,66298,66308,10
12.889380455,80.2273788452,66308,66318,10
12.888299942,80.2273712158,66318,66328,10
12.8872003555,80.2272415161,66328,66338,10
12.8860902786,80.2269973755,66338,66348,10
12.884759903,80.2267608643,66348,66369,21
12.884759903,80.2267608643,66369,66379,10
12.8846302032,80.2267379761,66379,66389,10
12.8841400146,80.2267379761,66389,66399,10
12.8833198547,80.2267227173,66399,66409,10
12.8822202682,80.2267303467,66409,66419,10
12.8809404373,80.2267532349,66419,66429,10
12.8797302246,80.2267608643,66429,66439,10
12.8783397675,80.2268295288,66439,66450,11
12.8772001266,80.2269592285,66450,66460,10
12.876540184,80.2270431519,66460,66480,20
12.876540184,80.2270431519,66480,66490,10
12.8763999939,80.2270507813,66490,66500,10
12.8759002686,80.2270507813,66500,66520,20
12.8740997314,80.2268600464,66520,66531,11
12.8729896545,80.2267837524,66531,66541,10
12.8726396561,80.2267913818,66541,66551,10
12.8726100922,80.2267837524,66551,66561,10
12.8722896576,80.2267684937,66561,66571,10
12.8716602325,80.2267608643,66571,66581,10
12.8708200455,80.2266921997,66581,66591,10
12.8698396683,80.2265930176,66591,66601,10
12.8687200546,80.2264709473,66601,66612,11
12.8674402237,80.2265014648,66612,66622,10
12.8662595749,80.2266235352,66622,66632,10
12.8650197983,80.2266311646,66632,66642,10
12.8638000488,80.2265777588,66642,66652,10
12.8626098633,80.226600647,66652,66662,10
12.8609800339,80.2266616821,66662,66682,20
12.8609800339,80.2266616821,66682,66693,11
12.8605203629,80.2266235352,66693,66703,10
12.8597402573,80.2265014648,66703,66713,10
12.8588495255,80.2263717651,66713,66723,10
12.8580198288,80.2262878418,66723,66733,10
12.8570098877,80.2263412476,66733,66743,10
12.8558797836,80.2264633179,66743,66753,10
12.8546895981,80.2265777588,66753,66763,10
12.8534202576,80.2267074585,66763,66774,11
12.8519697189,80.2267227173,66774,66784,10
12.8507900238,80.2266693115,66784,66794,10
12.8499403,80.2266616821,66794,66804,10
12.8498802185,80.2266616821,66804,66814,10
12.8496704102,80.2266616821,66814,66824,10
12.8491001129,80.2266311646,66824,66834,10
12.8482398987,80.2266235352,66834,66844,10
12.8471603394,80.2266311646,66844,66855,11
12.8460197449,80.2266616821,66855,66865,10
12.8454198837,80.2266693115,66865,66875,10
12.8453998566,80.2266769409,66875,66885,10
12.8453302383,80.2266921997,66885,66895,10
12.844909668,80.2266921997,66895,66905,10
12.8441696167,80.2267303467,66905,66915,10
12.8432302475,80.226852417,66915,66925,10
12.8421096802,80.2270965576,66925,66936,11
12.8408603668,80.227432251,66936,66946,10
12.8401403427,80.2276687622,66946,66956,10
12.8396997452,80.2278366089,66956,66966,10
12.8394804001,80.2278823853,66966,66976,10
12.8388700485,80.2279891968,66976,66986,10
12.8380804062,80.2281417847,66986,66996,10
12.8371400833,80.2283172607,66996,67006,10
12.8361196518,80.2284927368,67006,67017,11
12.8349704742,80.2286376953,67017,67027,10
12.8337402344,80.2288589478,67027,67037,10
12.8323001862,80.2291717529,67037,67057,20
12.8323001862,80.2291717529,67057,67067,10
12.8322401047,80.2291793823,67067,67077,10
12.8317098618,80.2292861938,67077,67118,41
12.8317098618,80.2292861938,67118,67128,10
12.8313398361,80.2293777466,67128,67138,10
12.8306798935,80.229598999,67138,67148,10
12.8297595978,80.2299423218,67148,67158,10
12.8287200928,80.2304000854,67158,67168,10
12.8280496597,80.2307434082,67168,67179,11
12.8277196884,80.2309417725,67179,67189,10
12.8270797729,80.2312469482,67189,67199,10
12.8261604309,80.2314071655,67199,67209,10
12.8257703781,80.2314605713,67209,67219,10
12.8255395889,80.2314529419,67219,67229,10
12.8249597549,80.2314300537,67229,67239,10
12.8241100311,80.2312698364,67239,67249,10
12.8230495453,80.2309494019,67249,67260,11
12.8217401505,80.2305679321,67260,67270,10
12.8205900192,80.2304916382,67270,67280,10
12.8195199966,80.2305221558,67280,67290,10
12.818860054,80.2305297852,67290,67300,10
12.8187999725,80.2305221558,67300,67310,10
12.8183803558,80.2303085327,67310,67320,10
12.8176202774,80.2299499512,67320,67330,10
12.8166103363,80.2295837402,67330,67341,11
12.8152503967,80.2293701172,67341,67351,10
12.813949585,80.2291488647,67351,67361,10
12.8126802444,80.2287368774,67361,67371,10
12.8114900589,80.2283096313,67371,67381,10
12.8103303909,80.2278518677,67381,67391,10
12.809220314,80.2273178101,67391,67401,10
12.8082399368,80.2265625,67401,67411,10
12.8074102402,80.2258605957,67411,67422,11
12.8066596985,80.225189209,67422,67432,10
12.8059997559,80.2245864868,67432,67442,10
12.8052797318,80.2240982056,67442,67452,10
12.8048200607,80.2240066528,67452,67462,10
12.8047599792,80.2240066528,67462,67472,10
12.8047199249,80.2240066528,67472,67482,10
12.8043804169,80.2239685059,67482,67492,10
12.8037204742,80.2239227295,67492,67503,11
12.8028402328,80.2238311768,67503,67513,10
12.8019104004,80.2237167358,67513,67522,9
12.8010597229,80.2236480713,67522,67533,11
12.8008899689,80.2236480713,67533,67543,10
12.8006095886,80.2236175537,67543,67553,10
12.8000202179,80.2235565186,67553,67563,10
12.799249649,80.2234802246,67563,67573,10
12.7982501984,80.2233505249,67573,67584,11
12.7970104218,80.2231903076,67584,67594,10
12.7959699631,80.2230224609,67594,67614,20
12.7959699631,80.2230224609,67614,67624,10
12.7955904007,80.2229385376,67624,67634,10
12.7949495316,80.2228088379,67634,67644,10
12.7940502167,80.2226715088,67644,67654,10
12.7929801941,80.2225036621,67654,67665,11
12.7917499542,80.2222366333,67665,67675,10
12.7907600403,80.2220001221,67675,67685,10
12.7898597717,80.2217712402,67685,67695,10
12.7895097733,80.2216720581,67695,67705,10
12.7890396118,80.2214889526,67705,67715,10
12.7882003784,80.2211608887,67715,67746,31
12.7882003784,80.2211608887,67746,67756,10
12.788020134,80.2210464478,67756,67766,10
12.7878198624,80.220993042,67766,67776,10
12.7875995636,80.2209091187,67776,67786,10
12.7873601913,80.2208175659,67786,67796,10
12.7871799469,80.2207565308,67796,67806,10
12.7871398926,80.220741272,67806,67816,10
12.7867097855,80.2205886841,67816,67857,41
12.7867097855,80.2205886841,67857,67867,10
12.786649704,80.2205581665,67867,67877,10
12.7863397598,80.2204437256,67877,67887,10
12.7861700058,80.2205734253,67887,67897,10
12.786190033,80.2209777832,67897,67907,10
12.7862100601,80.2213897705,67907,67918,11
12.7862997055,80.221862793,67918,70267,2349
12.7862997055,80.221862793,70267,70277,10
12.7862901688,80.2216033936,70277,70287,10
12.7861995697,80.2212295532,70287,70297,10
12.7861700058,80.220741272,70297,70307,10
12.7861604691,80.2205200195,70307,70317,10
12.7862100601,80.2203979492,70317,70328,11
12.7865200043,80.2204818726,70328,70338,10
12.7866201401,80.2205429077,70338,70348,10
12.7867097855,80.2206115723,70348,70358,10
12.7870197296,80.2207565308,70358,70368,10
12.7871303558,80.2208023071,70368,70378,10
12.7875299454,80.2209396362,70378,70388,10
12.7881298065,80.2211608887,70388,70398,10
12.7888002396,80.2214126587,70398,70409,11
12.7894296646,80.2216415405,70409,70419,10
12.7898302078,80.2217712402,70419,70429,10
12.7905197144,80.2219390869,70429,70439,10
12.7915000916,80.2221832275,70439,70449,10
12.7927398682,80.2224578857,70449,70459,10
12.7940597534,80.22265625,70459,70469,10
12.795419693,80.2228775024,70469,70479,10
12.7964496613,80.2230377197,70479,70490,11
12.7973604202,80.2232208252,70490,70500,10
12.7983703613,80.2233734131,70500,70510,10
12.7995901108,80.223487854,70510,70520,10
12.800909996,80.2236022949,70520,70530,10
12.8019695282,80.2237167358,70530,70540,10
12.8028402328,80.2238311768,70540,70550,10
12.8036403656,80.2239074707,70550,70560,10
12.8045301437,80.2239837646,70560,70571,11
12.8052396774,80.2240982056,70571,70581,10
12.8055696487,80.2242126465,70581,70591,10
12.8056402206,80.2242736816,70591,70601,10
12.806019783,80.2245788574,70601,70611,10
12.8066396713,80.2251281738,70611,70621,10
12.8073797226,80.225769043,70621,70631,10
12.8081998825,80.2264709473,70631,70641,10
12.809009552,80.2271499634,70641,70651,10
12.8100004196,80.2276916504,70651,70662,11
12.811050415,80.2281265259,70662,70672,10
12.8123197556,80.2285919189,70672,70682,10
12.813659668,80.2290420532,70682,70692,10
12.8149595261,80.2293167114,70692,70702,10
12.8163604736,80.2295303345,70702,70712,10
12.8176898956,80.2299423218,70712,70722,10
12.818810463,80.2304382324,70722,70731,9
12.8196401596,80.2305221558,70731,70743,12
12.8199300766,80.2304992676,70743,70753,10
12.8202695847,80.2304916382,70753,70763,10
12.8207902908,80.2304916382,70763,70773,10
12.8216695786,80.2305603027,70773,70783,10
12.8228197098,80.2308731079,70783,70793,10
12.8241195679,80.2312164307,70793,70803,10
12.8253602982,80.2314071655,70803,70813,10
12.8261203766,80.2313690186,70813,70824,11
12.8263502121,80.2313613892,70824,70834,10
12.8269500732,80.2312698364,70834,70844,10
12.8278303146,80.2309036255,70844,70854,10
12.8288602829,80.2303390503,70854,70864,10
12.8297195435,80.2299575806,70864,70874,10
12.830160141,80.2297973633,70874,70884,10
12.8304004669,80.2296905518,70884,70894,10
12.8305902481,80.229598999,70894,70996,102
12.8305902481,80.229598999,70996,71006,10
12.8309402466,80.2294387817,71006,71016,10
12.831029892,80.2294311523,71016,71026,10
12.8311595917,80.2294006348,71026,71036,10
12.8314599991,80.229309082,71036,71168,132
12.8314599991,80.229309082,71168,71178,10
12.8315696716,80.2292480469,71178,71188,10
12.8318500519,80.2291793823,71188,71198,10
12.832400322,80.2290725708,71198,71208,10
12.8331604004,80.2289505005,71208,71218,10
12.8339700699,80.2288208008,71218,71229,11
12.8350200653,80.2286529541,71229,71239,10
12.8362102509,80.2284698486,71239,71249,10
12.8374500275,80.2282714844,71249,71259,10
12.8385000229,80.2280197144,71259,71269,10
12.8394498825,80.2277603149,71269,71289,20
12.8394498825,80.2277603149,71289,71299,10
12.8398103714,80.2276382446,71299,71310,11
12.8403196335,80.2274932861,71310,71320,10
12.840669632,80.2274017334,71320,71330,10
12.8408699036,80.2273635864,71330,71340,10
12.841050148,80.2273101807,71340,71350,10
12.8412399292,80.2272567749,71350,71360,10
12.8414201736,80.2272186279,71360,71370,10
12.8415899277,80.2271575928,71370,71380,10
12.8417797089,80.2270965576,71380,71391,11
12.8419799805,80.2270584106,71391,71401,10
12.8421802521,80.2270278931,71401,71411,10
12.8423700333,80.2269821167,71411,71421,10
12.8425798416,80.2269363403,71421,71431,10
12.84278965,80.2269210815,71431,71441,10
12.8429203033,80.2268676758,71441,71451,10
12.8431196213,80.226852417,71451,71461,10
12.8432998657,80.2268218994,71461,71472,11
12.8435096741,80.2267913818,71472,71482,10
12.8436899185,80.2267684937,71482,71492,10
12.8438796997,80.2267532349,71492,71502,10
12.8442497253,80.2267227173,71502,71512,10
12.8448400497,80.2266693115,71512,71522,10
12.8452501297,80.2266387939,71522,71542,20
12.8452501297,80.2266387939,71542,71553,11
12.8454198837,80.2266387939,71553,71563,10
12.8458299637,80.2266387939,71563,71573,10
12.8463897705,80.2266235352,71573,71583,10
12.8471298218,80.2266235352,71583,71593,10
12.8479995728,80.2266235352,71593,71603,10
12.848950386,80.2266082764,71603,71613,10
12.8499803543,80.2265777588,71613,71634,21
12.8499803543,80.2265777588,71634,71644,10
12.8500795364,80.2265930176,71644,71654,10
12.8504400253,80.2265930176,71654,71664,10
12.8510503769,80.2266082764,71664,71674,10
12.8516302109,80.2266464233,71674,71684,10
12.8523101807,80.2266998291,71684,71694,10
12.853099823,80.2267074585,71694,71704,10
12.8538599014,80.2266311646,71704,71715,11
12.8544397354,80.2265701294,71715,71725,10
12.8547096252,80.2265472412,71725,71897,172
12.8547096252,80.2265472412,71897,71907,10
12.8550395966,80.2265167236,71907,71917,10
12.8556804657,80.2264709473,71917,71927,10
12.856590271,80.2264099121,71927,71937,10
12.8577003479,80.2263031006,71937,71947,10
12.8585300446,80.2263183594,71947,71958,11
12.8596000671,80.2264404297,71958,71968,10
12.8606700897,80.2265701294,71968,71978,10
12.8607997894,80.2265777588,71978,71988,10
12.8610801697,80.2266082764,71988,71998,10
12.8616895676,80.2266311646,71998,72008,10
12.8625898361,80.2265930176,72008,72018,10
12.863699913,80.2265777588,72018,72028,10
12.8650197983,80.2266311646,72028,72038,10
12.8663902283,80.2265930176,72038,72049,11
12.8679304123,80.2264480591,72049,72059,10
12.8693599701,80.2265167236,72059,72069,10
12.8707304001,80.2266464233,72069,72079,10
12.8718004227,80.2266998291,72079,72089,10
12.8723897934,80.2266998291,72089,72099,10
12.8729200363,80.2267227173,72099,72109,10
12.8735303879,80.2267227173,72109,72119,10
12.8736000061,80.2267303467,72119,72130,11
12.8736495972,80.2267303467,72130,72140,10
12.87403965,80.2267837524,72140,72150,10
12.8747396469,80.2268676758,72150,72160,10
12.8756303787,80.2269668579,72160,72170,10
12.8762102127,80.2269821167,72170,72180,10
12.8767499924,80.2269515991,72180,72190,10
12.8767900467,80.2269515991,72190,72200,10
12.8769197464,80.2269363403,72200,72211,11
12.8775100708,80.2269134521,72211,72221,10
12.8783502579,80.2268600464,72221,72231,10
12.8794002533,80.2268218994,72231,72241,10
12.8806600571,80.2268218994,72241,72251,10
12.8819999695,80.2267990112,72251,72261,10
12.8833398819,80.2267913818,72261,72271,10
12.8843803406,80.2267608643,72271,72281,10
12.8846702576,80.2267303467,72281,72292,11
12.8847503662,80.2267227173,72292,72302,10
12.8850603104,80.2267303467,72302,72312,10
12.8852596283,80.2267303467,72312,72322,10
12.8854904175,80.2267837524,72322,72332,10
12.8860502243,80.2269363403,72332,72342,10
12.8868904114,80.2271499634,72342,72352,10
12.8879203796,80.2273101807,72352,72362,10
12.8891296387,80.2273788452,72362,72373,11
12.8906202316,80.2273864746,72373,72383,10
12.8918800354,80.2274017334,72383,72393,10
12.8928804398,80.2274780273,72393,72403,10
12.8940200806,80.2276229858,72403,72413,10
12.8953304291,80.2276992798,72413,72423,10
12.8967399597,80.2277679443,72423,72433,10
12.8981599808,80.2278366089,72433,72443,10
12.8993797302,80.2279205322,72443,72454,11
12.9005098343,80.2279815674,72454,72464,10
12.9011201859,80.2279968262,72464,72474,10
12.9014797211,80.2280273438,72474,72484,10
12.9025402069,80.2280578613,72484,72524,40
12.9025402069,80.2280578613,72524,72535,11
12.9029197693,80.2280807495,72535,72545,10
12.9035997391,80.2281265259,72545,72555,10
12.9047603607,80.2281799316,72555,72575,20
12.9047603607,80.2281799316,72575,72585,10
12.9049396515,80.2281799316,72585,72595,10
12.9055204391,80.2282180786,72595,72605,10
12.9061498642,80.2282409668,72605,72616,11
12.9063596725,80.2282485962,72616,72666,50
12.9063596725,80.2282485962,72666,72676,10
12.9064502716,80.2282791138,72676,72686,10
12.906829834,80.2283325195,72686,72697,11
12.9076700211,80.2284393311,72697,72707,10
12.9087600708,80.2286224365,72707,72717,10
12.9100599289,80.2288284302,72717,72727,10
12.9113998413,80.2290267944,72727,72737,10
12.9126501083,80.2291870117,72737,72747,10
12.9137897491,80.2293395996,72747,72757,10
12.914059639,80.2293624878,72757,72767,10
12.9141597748,80.2294235229,72767,72778,11
12.9146203995,80.2294921875,72778,72788,10
12.9153795242,80.2295913696,72788,72798,10
12.9164199829,80.2297286987,72798,72808,10
12.9175596237,80.2298965454,72808,72818,10
12.9187898636,80.2300720215,72818,72828,10
12.9200000763,80.2302322388,72828,72838,10
12.9214601517,80.2304077148,72838,72848,10
12.9229602814,80.2306365967,72848,72859,11
12.9245100021,80.2308425903,72859,72869,10
12.925860405,80.2309875488,72869,72879,10
12.9264802933,80.2310333252,72879,72889,10
12.92648983,80.2310333252,72889,72899,10
12.9268398285,80.2310714722,72899,72909,10
12.9275503159,80.2311630249,72909,72919,10
12.9284696579,80.2312927246,72919,72929,10
12.9293804169,80.2314682007,72929,72940,11
12.9306001663,80.2317886353,72940,72950,10
12.9317598343,80.2321624756,72950,72960,10
12.9328403473,80.2324981689,72960,72970,10
12.9337701797,80.2328796387,72970,73000,30
12.9337701797,80.2328796387,73000,73010,10
12.9343700409,80.2331695557,73010,73021,11
12.9351797104,80.233543396,73021,73031,10
12.9356002808,80.2337265015,73031,73041,10
12.9356498718,80.233757019,73041,73051,10
12.9360198975,80.2339477539,73051,73061,10
12.9366703033,80.2342529297,73061,73071,10
12.9375295639,80.2346572876,73071,73081,10
12.9384899139,80.2351303101,73081,73091,10
12.9396495819,80.235710144,73091,73112,21
12.9396495819,80.235710144,73112,73122,10
12.9397001266,80.2357177734,73122,73132,10
12.940199852,80.2359237671,73132,73142,10
12.9408502579,80.2361221313,73142,73152,10
12.9420995712,80.2364425659,73152,73162,10
12.9432201385,80.2370223999,73162,73172,10
12.9441099167,80.237953186,73172,73183,11
12.9450998306,80.2389984131,73183,73193,10
12.9461402893,80.2396087646,73193,73203,10
12.9471197128,80.2399978638,73203,73213,10
12.947259903,80.2400512695,73213,73223,10
12.9475402832,80.2401580811,73223,73233,10
12.9481096268,80.2404022217,73233,73243,10
12.9485502243,80.2405700684,73243,73253,10
12.9487400055,80.2406387329,73253,73264,11
12.9492197037,80.240852356,73264,73274,10
12.9498195648,80.2410583496,73274,73284,10
12.9508895874,80.2413711548,73284,73304,20
12.9508895874,80.2413711548,73304,73314,10
12.9511404037,80.2414703369,73314,73324,10
12.9517602921,80.2417068481,73324,73334,10
12.9526500702,80.2420425415,73334,73345,11
12.9535503387,80.242401123,73345,73355,10
12.9541597366,80.2426376343,73355,73365,10
12.9548597336,80.2429275513,73365,73375,10
12.955619812,80.2432022095,73375,73385,10
12.956199646,80.2433776855,73385,73405,20
12.956199646,80.2433776855,73405,73415,10
12.956700325,80.243598938,73415,73426,11
12.9575595856,80.2440185547,73426,73436,10
12.9585695267,80.2444229126,73436,73446,10
12.9590196609,80.2445678711,73446,73456,10
12.9591398239,80.2446365356,73456,73466,10
12.9594097137,80.2447814941,73466,73476,10
12.9600000381,80.2450485229,73476,73486,10
12.9608602524,80.2454528809,73486,73496,10
12.9619398117,80.2459793091,73496,73506,10
12.9633998871,80.2466812134,73506,73618,112
12.9633998871,80.2466812134,73618,73628,10
12.9636497498,80.2467880249,73628,73638,10
12.9642400742,80.2470397949,73638,73648,10
12.9651403427,80.2473602295,73648,73658,10
12.9662103653,80.2477493286,73658,73668,10
12.9666004181,80.2479019165,73668,73679,11
12.966629982,80.2479171753,73679,73689,10
12.9669399261,80.2481002808,73689,73699,10
12.967590332,80.2483901978,73699,73709,10
12.9686203003,80.2488174438,73709,73719,10
12.9698200226,80.2492980957,73719,73729,10
12.9710597992,80.2497329712,73729,73739,10
12.9722700119,80.2500610352,73739,73749,10
12.9734601974,80.2503662109,73749,73760,11
12.9746599197,80.2507019043,73760,73770,10
12.9757204056,80.2510299683,73770,73780,10
12.9767398834,80.2513198853,73780,73790,10
12.9776496887,80.2517929077,73790,73800,10
12.9784002304,80.2523574829,73800,73810,10
12.9785299301,80.2524414063,73810,73820,10
12.978890419,80.2525863647,73820,73830,10
12.9796600342,80.2526931763,73830,73841,11
12.9806499481,80.2527008057,73841,73851,10
12.9816198349,80.2526702881,73851,73861,10
12.9825201035,80.2526321411,73861,73871,10
12.9833803177,80.2525405884,73871,73881,10
12.984120369,80.2523498535,73881,73891,10
12.9847602844,80.2521820068,73891,73901,10
12.9850702286,80.2520828247,73901,73982,81
12.9850702286,80.2520828247,73982,73992,10
12.9852304459,80.2520370483,73992,74003,11
12.9856300354,80.2518768311,74003,74013,10
12.9862003326,80.251739502,74013,74023,10
12.986700058,80.2516403198,74023,74033,10
12.987159729,80.2515182495,74033,74043,10
12.987569809,80.2514190674,74043,74053,10
12.9878902435,80.2516098022,74053,74063,10
12.9879999161,80.252243042,74063,74073,10
12.9879999161,80.2523193359,74073,74084,11
12.9879598618,80.2525405884,74084,74094,10
12.9879102707,80.2530212402,74094,74104,10
12.987830162,80.2536773682,74104,74114,10
12.9877500534,80.2546081543,74114,74124,10
12.9876804352,80.2555007935,74124,74165,41
12.987660408,80.2555236816,74165,74215,50
12.987660408,80.2555236816,74215,74225,10
12.9876403809,80.2555389404,74225,74235,10
12.9875898361,80.255897522,74235,74246,11
12.9875297546,80.2563781738,74246,74256,10
12.9874897003,80.256980896,74256,74266,10
12.9874601364,80.2577896118,74266,74276,10
12.9873800278,80.2585830688,74276,74327,51
12.9873800278,80.2585830688,74327,74337,10
12.9869203568,80.2586288452,74337,74823,486
12.9869203568,80.2586288452,74823,74833,10
12.9867801666,80.2585525513,74833,75167,334
12.9866399765,80.2586669922,75167,75258,91
12.9867401123,80.2584686279,75258,75410,152
12.9867601395,80.2585220337,75410,75511,101
12.9867296219,80.2585906982,75511,75744,233
12.9867296219,80.2585906982,75744,75754,10
12.986700058,80.2586135864,75754,75764,10
12.9866304398,80.2589416504,75764,79260,3496
12.986700058,80.2590408325,79260,82736,3476
12.986700058,80.2589263916,82736,86229,3493
