13.0142002106,80.2259979248,17,18380,18363
13.0142002106,80.2259979248,18380,18390,10
13.0140600204,80.2264633179,18390,18511,121
13.0140600204,80.2264633179,18511,18521,10
13.0139398575,80.2264633179,18521,18531,10
13.0135097504,80.2266082764,18531,18541,10
13.0128498077,80.226852417,18541,18551,10
13.0120601654,80.227142334,18551,18561,10
13.0111398697,80.2274703979,18561,18571,10
13.0101699829,80.2278366089,18571,18582,11
13.0095396042,80.2277832031,18582,18592,10
13.0095901489,80.2274093628,18592,18602,10
13.0098800659,80.2268218994,18602,18612,10
13.0102596283,80.2259902954,18612,18622,10
13.010720253,80.2249832153,18622,18632,10
13.0111303329,80.223991394,18632,18642,10
13.0114402771,80.2232513428,18642,18652,10
13.0117197037,80.2225112915,18652,18662,10
13.0120096207,80.2216873169,18662,18672,10
13.0124101639,80.2216033936,18672,18683,11
13.0128498077,80.2222518921,18683,18693,10
13.0134496689,80.2229232788,18693,18703,10
13.0141201019,80.2234573364,18703,18733,30
13.0141201019,80.2234573364,18733,18743,10
13.0144996643,80.2238082886,18743,18753,10
13.014840126,80.224319458,18753,18763,10
13.0155096054,80.2250289917,18763,18773,10
13.0164003372,80.2253036499,18773,18783,10
13.0173397064,80.2249984741,18783,18794,11
13.018289566,80.2246322632,18794,18804,10
13.0190601349,80.2243728638,18804,18814,10
13.0196695328,80.2244873047,18814,18824,10
13.0205698013,80.2250976563,18824,18834,10
13.0213603973,80.2257080078,18834,18844,10
13.0221300125,80.2262878418,18844,18854,10
13.0228395462,80.2269134521,18854,18864,10
13.0235500336,80.2275772095,18864,18874,10
13.0242795944,80.2283172607,18874,18883,9
13.0247602463,80.2289962769,18883,18895,12
13.0254096985,80.2298812866,18895,18905,10
13.0259103775,80.2306976318,18905,18915,10
13.0260896683,80.2313537598,18915,18925,10
13.0265197754,80.231300354,18925,18935,10
13.0272197723,80.2311096191,18935,18945,10
13.0278396606,80.2310028076,18945,18955,10
13.0283899307,80.2309188843,18955,18965,10
13.0291004181,80.2308578491,18965,18974,9
13.029589653,80.230796814,18974,18984,10
13.0303401947,80.2307434082,18984,18996,12
13.0312595367,80.2306594849,18996,19006,10
13.0320901871,80.2306137085,19006,19016,10
13.0330600739,80.2305526733,19016,19026,10
13.0338897705,80.2304916382,19026,19036,10
13.0342998505,80.23046875,19036,19046,10
13.0348501205,80.2303237915,19046,19056,10
13.0351200104,80.2302017212,19056,19066,10
13.0351600647,80.2303237915,19066,19076,10
13.0347700119,80.2303237915,19076,19086,10
13.0342998505,80.230430603,19086,19096,10
13.034119606,80.2304382324,19096,19107,11
13.0339403152,80.230430603,19107,19117,10
13.0335903168,80.2304382324,19117,19672,555
13.0335903168,80.2304382324,19672,19682,10
13.0334100723,80.2304077148,19682,19692,10
13.0330600739,80.23046875,19692,19702,10
13.032500267,80.2305221558,19702,19712,10
13.031829834,80.2305984497,19712,19722,10
13.031080246,80.230682373,19722,19733,11
13.0304498672,80.2307434082,19733,19743,10
13.0299701691,80.2307891846,19743,19753,10
13.029540062,80.2308578491,19753,19763,10
13.0290002823,80.2309036255,19763,19773,10
13.028459549,80.2309494019,19773,19783,10
13.0278997421,80.231010437,19783,19793,10
13.0276603699,80.2311325073,19793,19803,10
13.0277004242,80.2316207886,19803,19813,10
13.027759552,80.2321014404,19813,19823,10
13.0279102325,80.2326583862,19823,19833,10
13.0275497437,80.2328567505,19833,19844,11
13.0269804001,80.232963562,19844,19860,16
13.0265398026,80.233001709,19860,19872,12
13.0262403488,80.232421875,19872,19882,10
13.0260801315,80.2318191528,19882,19892,10
13.0257701874,80.2307281494,19892,19902,10
13.0251703262,80.2297286987,19902,19912,10
13.0245304108,80.2289123535,19912,19922,10
13.0239896774,80.2281799316,19922,19932,10
13.0234804153,80.2276306152,19932,19942,10
13.0232400894,80.2274398804,19942,19953,11
13.0232400894,80.227432251,19953,19963,10
13.023229599,80.2273178101,19963,19973,10
13.0228796005,80.2269821167,19973,19983,10
13.0223302841,80.2264862061,19983,19993,10
13.02161026,80.2258987427,19993,20003,10
13.0207996368,80.2252883911,20003,20013,10
13.0199604034,80.2247619629,20013,20023,10
13.0190601349,80.2244110107,20023,20033,10
13.0180301666,80.2247924805,20033,20043,10
13.0171403885,80.225151062,20043,20054,11
13.016579628,80.2253570557,20054,20064,10
13.0162000656,80.2253875732,20064,20074,10
13.0157499313,80.2256622314,20074,20084,10
13.0150003433,80.2259979248,20084,20094,10
13.0144195557,80.2262420654,20094,20104,10
13.0143203735,80.2262802124,20104,20114,10
13.0138902664,80.2264328003,20114,20124,10
13.0131902695,80.2266998291,20124,20134,10
13.0124101639,80.2269973755,20134,20144,10
13.0115804672,80.2273025513,20144,20155,11
13.0105800629,80.2276992798,20155,20165,10
13.0097198486,80.227897644,20165,20175,10
13.0096797943,80.2272567749,20175,20185,10
13.0100402832,80.2264480591,20185,20195,10
13.0104198456,80.2255935669,20195,20205,10
13.0108003616,80.2247619629,20205,20215,10
13.0111598969,80.2238616943,20215,20225,10
13.0115203857,80.2229766846,20225,20235,10
13.0118503571,80.2221221924,20235,20245,10
13.012140274,80.2212677002,20245,20256,11
13.0119800568,80.2203826904,20256,20266,10
13.0116996765,80.2194519043,20266,20276,10
13.0114402771,80.2186431885,20276,20286,10
13.0111398697,80.2178497314,20286,20296,10
13.0108604431,80.2172012329,20296,20306,10
13.0106496811,80.2167205811,20306,20316,10
13.0104598999,80.2162628174,20316,20332,16
13.0099000931,80.2152786255,20332,20344,12
13.0093097687,80.2144699097,20344,20352,8
13.0088500977,80.2138824463,20352,20365,13
13.008099556,80.2133026123,20365,20384,19
13.008099556,80.2133026123,20384,20395,11
13.0077896118,80.2129974365,20395,20405,10
13.0072402954,80.2127914429,20405,20415,10
13.006529808,80.2127380371,20415,20425,10
13.0058698654,80.2129821777,20425,20434,9
13.0052700043,80.2126922607,20434,20445,11
13.0044298172,80.2122192383,20445,20454,9
13.0037298203,80.2120513916,20454,20466,12
13.0029697418,80.2120666504,20466,20476,10
13.0023202896,80.2121963501,20476,20486,10
13.0017700195,80.2125396729,20486,20496,10
13.0011997223,80.2129669189,20496,20506,10
13.0006799698,80.2134170532,20506,20516,10
13.0001096725,80.2139434814,20516,20526,10
12.9997396469,80.2142791748,20526,20536,10
12.9992799759,80.2146835327,20536,20546,10
12.9991703033,80.2147674561,20546,20556,10
12.9990501404,80.2148590088,20556,20566,10
12.9987602234,80.2151031494,20566,20577,11
12.9981803894,80.215637207,20577,20587,10
12.9973497391,80.2164230347,20587,20607,20
12.9973497391,80.2164230347,20607,20617,10
12.9968900681,80.2165527344,20617,20627,10
12.9961900711,80.2166519165,20627,20637,10
12.9954395294,80.2168579102,20637,20647,10
12.9948101044,80.2172470093,20647,20657,10
12.9942398071,80.2176589966,20657,20674,17
12.9932403564,80.2183380127,20674,20686,12
12.9925003052,80.2189025879,20686,20696,10
12.9917402267,80.2194519043,20696,20706,10
12.9911298752,80.2198867798,20706,20716,10
12.9906597137,80.2202606201,20716,20726,10
12.9900999069,80.2207183838,20726,20736,10
12.9895601273,80.221321106,20736,20746,10
12.9890203476,80.2220001221,20746,20756,10
12.988360405,80.2226486206,20756,20766,10
12.9877300262,80.2230911255,20766,20775,9
12.9873199463,80.2230911255,20775,20787,12
12.9868202209,80.2230072021,20787,20797,10
12.9860897064,80.2229690552,20797,20807,10
12.9854803085,80.2232894897,20807,20817,10
12.9848899841,80.2231674194,20817,20827,10
12.9842300415,80.2228012085,20827,20837,10
12.9837703705,80.2225189209,20837,20847,10
12.9832801819,80.2221984863,20847,20857,10
12.9832000732,80.2221374512,20857,20867,10
12.9828701019,80.2219467163,20867,20877,10
12.9822397232,80.2217407227,20877,20888,11
12.9814796448,80.2212524414,20888,20898,10
12.9807195663,80.2210464478,20898,20908,10
12.9800300598,80.2210998535,20908,20918,10
12.9792604446,80.2211303711,20918,20928,10
12.9785604477,80.2211685181,20928,20938,10
12.9779596329,80.2211990356,20938,20948,10
12.9773797989,80.2212295532,20948,20958,10
12.9766197205,80.2212524414,20958,20968,10
12.9760599136,80.2212600708,20968,20978,10
12.9758195877,80.2212219238,20978,20988,10
12.9755897522,80.2210235596,20988,21049,61
12.9755897522,80.2210235596,21049,21059,10
12.9754695892,80.2209014893,21059,21069,10
12.9752397537,80.2207183838,21069,21079,10
12.9747104645,80.2204818726,21079,21089,10
12.974149704,80.2202606201,21089,21100,11
12.9733600616,80.2199401855,21100,21110,10
12.9725399017,80.2196273804,21110,21120,10
12.9717102051,80.2193527222,21120,21130,10
12.9711198807,80.2191772461,21130,21140,10
12.9707098007,80.2189865112,21140,21150,10
12.9700603485,80.2186889648,21150,21160,10
12.9693698883,80.2184066772,21160,21170,10
12.9686803818,80.2181396484,21170,21180,10
12.968000412,80.2178573608,21180,21190,10
12.9672899246,80.2175827026,21190,21201,11
12.966340065,80.2172012329,21201,21211,10
12.9653902054,80.2168197632,21211,21221,10
12.9644002914,80.2164230347,21221,21231,10
12.963640213,80.2160720825,21231,21241,10
12.9629802704,80.2157974243,21241,21251,10
12.9628000259,80.2157287598,21251,21261,10
12.9623203278,80.2155380249,21261,21271,10
12.9615802765,80.2152404785,21271,21281,10
12.9606199265,80.2148590088,21281,21291,10
12.9595403671,80.2144393921,21291,21301,10
12.9584503174,80.2139892578,21301,21312,11
12.9572200775,80.2135009766,21312,21322,10
12.9561595917,80.2130889893,21322,21332,10
12.9551200867,80.212677002,21332,21342,10
12.9539804459,80.2122268677,21342,21352,10
12.9528503418,80.2117919922,21352,21362,10
12.9517202377,80.2113494873,21362,21372,10
12.9506196976,80.2109069824,21372,21382,10
12.9496202469,80.2105102539,21382,21392,10
12.9486904144,80.2101516724,21392,21401,9
12.9477901459,80.209777832,21401,21413,12
12.9464302063,80.2092514038,21413,21423,10
12.9452695847,80.2087936401,21423,21433,10
12.9443397522,80.2084274292,21433,21443,10
12.9441299438,80.2083511353,21443,21453,10
12.9436798096,80.2081604004,21453,21463,10
12.9430398941,80.2077789307,21463,21473,10
12.9425001144,80.2070999146,21473,21483,10
12.941740036,80.2064437866,21483,21493,10
12.9411001205,80.2060470581,21493,21503,10
12.9410200119,80.2060089111,21503,21513,10
12.9405899048,80.2058334351,21513,21524,11
12.9397802353,80.205581665,21524,21534,10
12.9389200211,80.2053222656,21534,21544,10
12.9379901886,80.2050476074,21544,21554,10
12.9369802475,80.2047576904,21554,21564,10
12.935959816,80.204460144,21564,21574,10
12.9350795746,80.2041015625,21574,21584,10
12.9341201782,80.2039413452,21584,21594,10
12.9335403442,80.2039031982,21594,21604,10
12.9329595566,80.2037200928,21604,21614,10
12.9322595596,80.2034606934,21614,21625,11
12.9313602448,80.203163147,21625,21635,10
12.9305095673,80.2029037476,21635,21645,10
12.9296197891,80.2027893066,21645,21655,10
12.9294595718,80.2027816772,21655,21665,10
12.9290895462,80.2027130127,21665,21675,10
12.9285202026,80.2024917603,21675,21685,10
12.9284496307,80.2016830444,21685,21695,10
12.9284095764,80.2006988525,21695,21705,10
12.9282302856,80.1995391846,21705,21715,10
12.9277601242,80.1985168457,21715,21726,11
12.9269399643,80.197807312,21726,21736,10
12.926320076,80.1975784302,21736,21746,10
12.9263095856,80.1975784302,21746,21756,10
12.9261798859,80.1975708008,21756,21766,10
12.9256696701,80.197517395,21766,21776,10
12.9253702164,80.197517395,21776,21786,10
12.9248600006,80.1974868774,21786,21796,10
12.924079895,80.1974868774,21796,21806,10
12.9231500626,80.1974182129,21806,21822,16
12.9220600128,80.1972808838,21822,21835,13
12.9218597412,80.197227478,21835,21845,10
12.9213199615,80.1970367432,21845,21855,10
12.9206399918,80.1967773438,21855,21865,10
12.9197902679,80.1964797974,21865,21873,8
12.9191703796,80.1961364746,21873,21885,12
12.9183397293,80.1954193115,21885,21895,10
12.9174404144,80.1946029663,21895,21905,10
12.9170198441,80.1940002441,21905,21915,10
12.9169797897,80.1931686401,21915,21925,10
12.9171304703,80.1922531128,21925,21935,10
12.9172496796,80.1914367676,21935,21946,11
12.9172801971,80.1913299561,21946,21956,10
12.9173603058,80.1909332275,21956,21966,10
12.917429924,80.1902084351,21966,21976,10
12.9176702499,80.1893463135,21976,21986,10
12.9182596207,80.1884613037,21986,21996,10
12.9189796448,80.1876602173,21996,22006,10
12.9197397232,80.1867980957,22006,22016,10
12.9204797745,80.1859207153,22016,22026,10
12.9204998016,80.1848373413,22026,22036,10
12.9202003479,80.1836929321,22036,22047,11
12.9199495316,80.182472229,22047,22057,10
12.9198503494,80.1819992065,22057,22067,10
12.9197397232,80.1815414429,22067,22077,10
12.9195699692,80.180809021,22077,22087,10
12.919380188,80.179901123,22087,22097,10
12.9189395905,80.1790084839,22097,22107,10
12.9183197021,80.1781234741,22107,22117,10
12.9182901382,80.1770019531,22117,22127,10
12.9185304642,80.1758728027,22127,22137,10
12.918800354,80.1747589111,22137,22148,11
12.9191398621,80.1734771729,22148,22158,10
12.9194402695,80.1723327637,22158,22168,10
12.919719696,80.1712188721,22168,22178,10
12.9198198318,80.1709213257,22178,22188,10
12.9199199677,80.1706314087,22188,22198,10
12.9201402664,80.1699371338,22198,22208,10
12.9204397202,80.1689529419,22208,22218,10
12.9208202362,80.1677932739,22218,22228,10
12.9211997986,80.1665725708,22228,22238,10
12.9215602875,80.1654891968,22238,22249,11
12.9219999313,80.1640777588,22249,22259,10
12.9223604202,80.1629333496,22259,22269,10
12.9227199554,80.1618118286,22269,22279,10
12.9230499268,80.1607818604,22279,22289,10
12.9233102798,80.1596603394,22289,22299,10
12.9234399796,80.1584320068,22299,22309,10
12.9235696793,80.1571578979,22309,22319,10
12.9236602783,80.156036377,22319,22329,10
12.9234104156,80.1550064087,22329,22339,10
12.9233198166,80.1546401978,22339,22349,10
12.9231796265,80.1540679932,22349,22360,11
12.9229602814,80.1531677246,22360,22369,9
12.922750473,80.15234375,22369,22380,11
12.9226703644,80.1516265869,22380,22390,10
12.922659874,80.1509017944,22390,22400,10
12.9226398468,80.1499404907,22400,22410,10
12.9225597382,80.1487579346,22410,22420,10
12.9225502014,80.1475830078,22420,22430,10
12.922539711,80.1468887329,22430,22440,10
12.9225301743,80.1466598511,22440,22450,10
12.9225301743,80.1460189819,22450,22461,11
12.9224796295,80.1450576782,22461,22471,10
12.9224596024,80.143989563,22471,22481,10
12.9224300385,80.1432037354,22481,22491,10
12.9224300385,80.1430511475,22491,22501,10
12.9224100113,80.1425628662,22501,22511,10
12.922369957,80.1417770386,22511,22521,10
12.9223499298,80.141418457,22521,22531,10
12.9223403931,80.1409378052,22531,22541,10
12.9223499298,80.1401367188,22541,22551,10
12.9223499298,80.1391830444,22551,22561,10
12.922419548,80.1380996704,22561,22572,11
12.9224796295,80.1368865967,22572,22582,10
12.922539711,80.1357192993,22582,22592,10
12.9225997925,80.1345062256,22592,22602,10
12.922659874,80.1333312988,22602,22612,10
12.9226903915,80.1323013306,22612,22622,10
12.9227199554,80.1311798096,22622,22632,10
12.9227199554,80.1309509277,22632,22648,16
12.9227800369,80.1300811768,22648,22660,12
12.9228401184,80.1290969849,22660,22671,11
12.9229001999,80.1282196045,22671,22681,10
12.922949791,80.1272583008,22681,22691,10
12.9229803085,80.1261367798,22691,22701,10
12.9230203629,80.1249694824,22701,22711,10
12.9230699539,80.1238021851,22711,22721,10
12.9231100082,80.1227722168,22721,22731,10
12.9231700897,80.1215209961,22731,22741,10
12.9231996536,80.1208190918,22741,22751,10
12.9232301712,80.1206512451,22751,22761,10
12.9232797623,80.1204071045,22761,22772,11
12.9233102798,80.1199798584,22772,22782,10
12.9233102798,80.1192932129,22782,22792,10
12.9233398438,80.118560791,22792,22802,10
12.92345047,80.1178436279,22802,22812,10
12.92345047,80.1169815063,22812,22832,20
12.92345047,80.1169815063,22832,22842,10
12.9236097336,80.1168670654,22842,22852,10
12.9235496521,80.1172637939,22852,22862,10
12.9236297607,80.11769104,22862,22872,10
12.9235696793,80.1181716919,22872,22883,11
12.9235200882,80.1189193726,22883,22893,10
12.9234104156,80.119720459,22893,22903,10
12.923330307,80.1203994751,22903,22913,10
12.9232702255,80.1209869385,22913,22923,10
12.9232797623,80.1211776733,22923,22933,10
12.9232797623,80.1212310791,22933,22943,10
12.9232702255,80.1213989258,22943,22953,10
12.9232597351,80.1215286255,22953,22963,10
12.9232902527,80.1218795776,22963,23297,334
12.9232902527,80.1218795776,23297,23307,10
12.9232301712,80.1219787598,23307,23317,10
12.9231996536,80.1224212646,23317,23327,10
12.9231595993,80.1231765747,23327,23337,10
12.923119545,80.1241607666,23337,23347,10
12.9230804443,80.125213623,23347,23357,10
12.92304039,80.1258163452,23357,23368,11
12.9230203629,80.1267471313,23368,23378,10
12.9229602814,80.1276931763,23378,23388,10
12.9229097366,80.1285324097,23388,23399,11
12.9228496552,80.1295013428,23399,23410,11
12.9228000641,80.1307220459,23410,23420,10
12.9228000641,80.1312332153,23420,23430,10
12.9227800369,80.1315383911,23430,23440,10
12.9227600098,80.1322174072,23440,23450,10
12.9227199554,80.1332015991,23450,23460,10
12.9226503372,80.1344070435,23460,23470,10
12.9225997925,80.1356811523,23470,23480,10
12.9225301743,80.1369171143,23480,23490,10
12.9224796295,80.138092041,23490,23500,10
12.9224100113,80.139251709,23500,23511,11
12.9224300385,80.1405715942,23511,23521,10
12.9224500656,80.1418075562,23521,23531,10
12.9224996567,80.1429901123,23531,23541,10
12.922539711,80.143661499,23541,23551,10
12.9225502014,80.1436691284,23551,23561,10
12.922539711,80.1440429688,23561,23571,10
12.9225702286,80.1448135376,23571,23581,10
12.9226398468,80.1459274292,23581,23591,10
12.9226703644,80.1470794678,23591,23601,10
12.9226799011,80.1473999023,23601,23612,11
12.9226799011,80.1480102539,23612,23622,10
12.9226703644,80.1488876343,23622,23632,10
12.9227199554,80.1500167847,23632,23642,10
12.9227399826,80.151222229,23642,23652,10
12.9228601456,80.1523971558,23652,23662,10
12.9231595993,80.1535720825,23662,23672,10
12.9234399796,80.1546020508,23672,23682,10
12.9234600067,80.1547470093,23682,23692,10
12.9235200882,80.1551132202,23692,23702,10
12.9236803055,80.1557617188,23702,23712,10
12.9236898422,80.1567382813,23712,23723,11
12.9235696793,80.1580429077,23723,23733,10
12.9234800339,80.1592102051,23733,23743,10
12.9233598709,80.1602706909,23743,23753,10
12.9232797623,80.1605224609,23753,23763,10
12.9231500626,80.1608963013,23763,23781,18
12.9226703644,80.1623916626,23781,23793,12
12.9222898483,80.1635665894,23793,23801,8
12.9219799042,80.1645126343,23801,23813,12
12.9215097427,80.165977478,23813,23825,12
12.9210300446,80.1674575806,23825,23835,10
12.9206495285,80.1686706543,23835,23845,10
12.9202899933,80.1698608398,23845,23855,10
12.9199895859,80.1708831787,23855,23865,10
12.9199495316,80.1709976196,23865,23875,10
12.919839859,80.1712722778,23875,23885,10
12.9196596146,80.1719284058,23885,23894,9
12.9194402695,80.172706604,23894,23904,10
12.9191598892,80.1737594604,23904,23915,11
12.9188604355,80.1750183105,23915,23926,11
12.9185304642,80.1762771606,23926,23936,10
12.9184398651,80.1767883301,23936,23946,10
12.918390274,80.1770629883,23946,23956,10
12.918299675,80.1778411865,23956,23966,10
12.9188203812,80.1787490845,23966,23976,10
12.9194297791,80.1798019409,23976,23986,10
12.9196996689,80.1810531616,23986,23996,10
12.919960022,80.1822509766,23996,24006,10
12.9202203751,80.1834564209,24006,24016,10
12.9204397202,80.1844177246,24016,24026,10
12.9206399918,80.1852416992,24026,24037,11
12.9206600189,80.1853408813,24037,24047,10
12.9206695557,80.1857223511,24047,24057,10
12.92029953,80.1863174438,24057,24067,10
12.9196796417,80.18699646,24067,24077,10
12.9190397263,80.1877365112,24077,24087,10
12.9183797836,80.1884994507,24087,24097,10
12.917719841,80.1894073486,24097,24107,10
12.9174804688,80.1902770996,24107,24117,10
12.9174404144,80.1906661987,24117,24127,10
12.9173898697,80.191368103,24127,24138,11
12.9172496796,80.1923980713,24138,24148,10
12.9171695709,80.1930770874,24148,24178,30
12.9171695709,80.1930770874,24178,24188,10
12.9171600342,80.1932830811,24188,24198,10
12.9171600342,80.193862915,24198,24208,10
12.9172401428,80.1942214966,24208,24218,10
12.9174499512,80.1945114136,24218,24228,10
12.9179801941,80.1949996948,24228,24238,10
12.9186601639,80.1956329346,24238,24249,11
12.9196596146,80.1963882446,24249,24259,10
12.9205799103,80.1967315674,24259,24269,10
12.9212999344,80.1969604492,24269,24279,10
12.92208004,80.197227478,24279,24289,10
12.9228801727,80.1973495483,24289,24299,10
12.923789978,80.1974563599,24299,24309,10
12.9246397018,80.1974716187,24309,24319,10
12.9252099991,80.1974716187,24319,24329,10
12.9254102707,80.197479248,24329,24339,10
12.925909996,80.197479248,24339,24350,11
12.9267196655,80.1976623535,24350,24360,10
12.9273996353,80.1980361938,24360,24370,10
12.9279298782,80.1986923218,24370,24380,10
12.9283103943,80.1995162964,24380,24390,10
12.9285001755,80.2003631592,24390,24400,10
12.9285497665,80.2011795044,24400,24410,10
12.9285802841,80.2019805908,24410,24420,10
12.9288301468,80.2026519775,24420,24430,10
12.9294204712,80.2027282715,24430,24441,11
12.9294395447,80.2027282715,24441,24451,10
12.9297399521,80.2027816772,24451,24461,10
12.9304504395,80.2028808594,24461,24471,10
12.9313402176,80.2031097412,24471,24481,10
12.9322395325,80.2034072876,24481,24491,10
12.9327001572,80.2035598755,24491,24501,10
12.9331798553,80.203742981,24501,24511,10
12.9337701797,80.2038574219,24511,24521,10
12.9338703156,80.2038726807,24521,24531,10
12.9339199066,80.2038803101,24531,24541,10
12.9343595505,80.203918457,24541,24551,10
12.9350204468,80.2040328979,24551,24562,11
12.9359302521,80.2044067383,24562,24572,10
12.9369697571,80.2047119141,24572,24588,16
12.9385700226,80.2051696777,24588,24600,12
12.9399595261,80.205581665,24600,24620,20
12.9399595261,80.205581665,24620,24630,10
12.9400997162,80.2056274414,24630,24640,10
12.9404001236,80.2057266235,24640,24650,10
12.9410495758,80.2059631348,24650,24661,11
12.94190979,80.2064590454,24661,24671,10
12.9426803589,80.2071228027,24671,24681,10
12.9431600571,80.2077789307,24681,24691,10
12.9442901611,80.2083206177,24691,24711,20
12.9442901611,80.2083206177,24711,24721,10
12.9445695877,80.208442688,24721,24731,10
12.9451198578,80.2086410522,24731,24741,10
12.9458599091,80.2089080811,24741,24751,10
12.9466695786,80.2092208862,24751,24762,11
12.9474401474,80.2095184326,24762,24772,10
12.9481201172,80.2097930908,24772,24782,10
12.9488201141,80.210067749,24782,24792,10
12.9497699738,80.2104415894,24792,24802,10
12.950920105,80.2109222412,24802,24812,10
12.9521198273,80.2114028931,24812,24822,10
12.9531698227,80.2117996216,24822,24832,10
12.9542303085,80.2122192383,24832,24842,10
12.9553098679,80.212677002,24842,24852,10
12.9563999176,80.2130889893,24852,24862,10
12.9574899673,80.2135314941,24862,24873,11
12.9587001801,80.2139968872,24873,24883,10
12.9597997665,80.2144470215,24883,24893,10
12.9608898163,80.2148895264,24893,24903,10
12.9619998932,80.2153091431,24903,24913,10
12.9630804062,80.2157211304,24913,24923,10
12.9639396667,80.2160415649,24923,24933,10
12.964220047,80.2161636353,24933,24943,10
12.964389801,80.2162628174,24943,24953,10
12.9648799896,80.2164764404,24953,24963,10
12.9655599594,80.2167510986,24963,24974,11
12.9662599564,80.2170333862,24974,24984,10
12.9668598175,80.2172698975,24984,24994,10
12.9674100876,80.2174987793,24994,25004,10
12.9679403305,80.2177429199,25004,25014,10
12.9687004089,80.2180328369,25014,25024,10
12.9697399139,80.2184295654,25024,25034,10
12.9707603455,80.2188110352,25034,25044,10
12.9711399078,80.2189407349,25044,25054,10
12.9712200165,80.2189865112,25054,25064,10
12.9716501236,80.2191619873,25064,25074,10
12.9723396301,80.2194290161,25074,25085,11
12.9732704163,80.2198028564,25085,25095,10
12.9742202759,80.220199585,25095,25105,10
12.9752101898,80.2206192017,25105,25115,10
12.9758701324,80.2211227417,25115,25125,10
12.9761896133,80.2212600708,25125,25145,20
12.9761896133,80.2212600708,25145,25155,10
12.9764795303,80.2212600708,25155,25165,10
12.9770803452,80.2212600708,25165,25175,10
12.9778499603,80.2212219238,25175,25185,10
12.9787797928,80.2211608887,25185,25196,11
12.9798603058,80.2210922241,25196,25206,10
12.9807500839,80.221031189,25206,25216,10
12.9815998077,80.2212982178,25216,25226,10
12.9821300507,80.2216796875,25226,25236,10
12.9829797745,80.2220001221,25236,25256,20
12.9829797745,80.2220001221,25256,25266,10
12.9833202362,80.2221832275,25266,25276,10
12.9837999344,80.2225036621,25276,25287,11
12.9844799042,80.2229232788,25287,25297,10
12.9851999283,80.2232589722,25297,25307,10
12.9856700897,80.2230834961,25307,25317,10
12.9863395691,80.2229690552,25317,25327,10
12.9869804382,80.2230377197,25327,25337,10
12.987569809,80.2230911255,25337,25347,10
12.9883298874,80.2226715088,25347,25357,10
12.9890098572,80.2220077515,25357,25367,10
12.9896602631,80.2211074829,25367,25377,10
12.9903898239,80.2204437256,25377,25387,10
12.9904899597,80.2203674316,25387,25398,11
12.9908103943,80.2201309204,25398,25408,10
12.9913101196,80.2197113037,25408,25418,10
12.9920301437,80.2192001343,25418,25428,10
12.9928598404,80.2185974121,25428,25438,10
12.993689537,80.2179718018,25438,25448,10
12.9944601059,80.2174224854,25448,25458,10
12.9950704575,80.2170028687,25458,25468,10
12.9961099625,80.2165985107,25468,25478,10
12.9969596863,80.2164916992,25478,25488,10
12.9974498749,80.216178894,25488,25499,11
12.9975500107,80.2161178589,25499,25509,10
12.9976997375,80.216003418,25509,25519,10
12.9981098175,80.2156524658,25519,25529,10
12.9987001419,80.2151794434,25529,25539,10
12.9991703033,80.2147979736,25539,25549,10
12.9994602203,80.2145462036,25549,25559,10
12.9998703003,80.2141723633,25559,25569,10
13.000169754,80.2138977051,25569,25579,10
13.0006799698,80.2134170532,25579,25589,10
13.001250267,80.2129592896,25589,25599,10
13.0019397736,80.2124404907,25599,25610,11
13.0027303696,80.2121200562,25610,25620,10
13.0033998489,80.2120895386,25620,25630,10
13.0040998459,80.2120895386,25630,25640,10
13.00481987,80.2124633789,25640,25650,10
13.0055999756,80.2128677368,25650,25660,10
13.0063695908,80.2127838135,25660,25670,10
13.0072002411,80.2127914429,25670,25680,10
13.0078897476,80.2130737305,25680,25700,20
13.0078897476,80.2130737305,25700,25711,11
13.0083799362,80.2133178711,25711,25721,10
13.0088996887,80.2138900757,25721,25731,10
13.0094499588,80.2146530151,25731,25741,10
13.0096998215,80.215057373,25741,25751,10
13.0100603104,80.2155685425,25751,25761,10
13.0104999542,80.216217041,25761,25771,10
13.0108604431,80.2169723511,25771,25781,10
13.0112600327,80.2179489136,25781,25791,10
13.0116701126,80.2191390991,25791,25801,10
13.0120897293,80.2203979492,25801,25812,11
13.0126199722,80.221572876,25812,25822,10
13.0131797791,80.2223205566,25822,25832,10
13.0137500763,80.2230300903,25832,25842,10
13.0142803192,80.2237014771,25842,25852,10
13.0147399902,80.2241973877,25852,25862,10
13.0154895782,80.2249984741,25862,25881,19
13.0154895782,80.2249984741,25881,25892,11
13.0156297684,80.2251434326,25892,25902,10
13.0161600113,80.2253875732,25902,25913,11
13.017080307,80.225151062,25913,25923,10
13.0180301666,80.2247467041,25923,25933,10
13.0189800262,80.2244033813,25933,25943,10
13.0198297501,80.224609375,25943,25952,9
13.0205497742,80.2250976563,25952,25963,11
13.021320343,80.2256622314,25963,25973,10
13.0220003128,80.2261428833,25973,25983,10
13.02202034,80.2261810303,25983,25993,10
13.0221595764,80.2263183594,25993,26003,10
13.0226202011,80.2267379761,26003,26013,10
13.0232601166,80.2273712158,26013,26024,11
13.0240001678,80.2280502319,26024,26034,10
13.0243597031,80.2284393311,26034,26044,10
13.0244703293,80.2286071777,26044,26054,10
13.0247097015,80.2289581299,26054,26064,10
13.0251502991,80.2295532227,26064,26074,10
13.0256996155,80.2303390503,26074,26084,10
13.0260095596,80.2311325073,26084,26094,10
13.0263900757,80.2313079834,26094,26104,10
13.0271396637,80.2311325073,26104,26114,10
13.0279998779,80.2309799194,26114,26125,11
13.0290203094,80.2308807373,26125,26135,10
13.0294704437,80.2308197021,26135,26145,10
13.0299196243,80.2307891846,26145,26155,10
13.0306196213,80.2307434082,26155,26165,10
13.0312004089,80.2306900024,26165,26174,9
13.031829834,80.2306518555,26174,26185,11
13.0328197479,80.2305603027,26185,26195,10
13.0336503983,80.2304916382,26195,26205,10
13.0340900421,80.2304611206,26205,26236,31
13.0340900421,80.2304611206,26236,26246,10
13.0343599319,80.230430603,26246,26256,10
13.0347995758,80.2303237915,26256,26266,10
13.0350198746,80.2302017212,26266,26276,10
13.0349597931,80.2300109863,26276,26286,10
13.0346899033,80.2299118042,26286,26629,343
13.0345897675,80.2297592163,26629,26932,303
13.0345201492,80.2300033569,26932,27346,414
13.0341997147,80.2301101685,27346,27417,71
13.0341997147,80.2301101685,27417,27427,10
13.0339803696,80.23046875,27427,27437,10
13.0333900452,80.2304382324,27437,27447,10
13.0328798294,80.2305221558,27447,27457,10
13.0322198868,80.2305908203,27457,27467,10
13.0313596725,80.230682373,27467,27477,10
13.03083992,80.2307281494,27477,27488,11
13.0308198929,80.2307434082,27488,27498,10
13.0305595398,80.2307434082,27498,27508,10
13.0299396515,80.2308120728,27508,27548,40
13.0299396515,80.2308120728,27548,27558,10
13.0295600891,80.2308578491,27558,27568,10
13.0290803909,80.2309036255,27568,27584,16
13.0281400681,80.231010437,27584,27597,13
13.0277299881,80.2311477661,27597,27607,10
13.0277500153,80.2316436768,27607,27617,10
13.0277996063,80.2322006226,27617,27627,10
13.0278301239,80.2327423096,27627,27637,10
13.0274600983,80.2328262329,27637,27647,10
13.027130127,80.2329406738,27647,27698,51
13.027130127,80.2329406738,27698,27708,10
13.02684021,80.2330093384,27708,27718,10
13.0265102386,80.2329864502,27718,27728,10
13.026260376,80.2323989868,27728,27738,10
13.02602005,80.2314987183,27738,27748,10
13.0256595612,80.2303771973,27748,27758,10
13.024939537,80.2293777466,27758,27768,10
13.0243196487,80.2285766602,27768,27778,10
13.0238399506,80.2279815674,27778,27788,10
13.0233297348,80.2275238037,27788,27798,10
13.0230102539,80.227180481,27798,27809,11
13.022359848,80.226600647,27809,27819,10
13.0215597153,80.2259216309,27819,27829,10
13.0206203461,80.2252120972,27829,27839,10
13.0197200775,80.2246170044,27839,27849,10
13.0186595917,80.2245407104,27849,27859,10
13.0175304413,80.2250137329,27859,27869,10
13.0165300369,80.225440979,27869,27879,10
13.0158195496,80.2256622314,27879,27895,16
13.0150995255,80.2259902954,27895,27907,12
13.0148200989,80.2260971069,27907,27918,11
13.0144796371,80.2262115479,27918,27928,10
13.0135698318,80.2265625,27928,27938,10
13.0125904083,80.2269210815,27938,27947,9
13.0117197037,80.2272567749,27947,27957,10
13.0106201172,80.2276992798,27957,27967,10
13.0096197128,80.2279129028,27967,27978,11
13.0097703934,80.2270507813,27978,27989,11
13.0101995468,80.2260894775,27989,27999,10
13.0106601715,80.2250671387,27999,28010,11
13.0111904144,80.2238922119,28010,28020,10
13.0114898682,80.223197937,28020,28030,10
13.0117797852,80.2223434448,28030,28040,10
13.0121202469,80.2212982178,28040,28050,10
13.0120201111,80.2204437256,28050,28060,10
13.0116996765,80.2194595337,28060,28070,10
13.0113697052,80.21849823,28070,28080,10
13.0109901428,80.2174835205,28080,28090,10
13.0105495453,80.2165222168,28090,28100,10
13.0102396011,80.216003418,28100,28110,10
13.0099000931,80.2152786255,28110,28121,11
13.0093297958,80.2145080566,28121,28131,10
13.0087299347,80.2137069702,28131,28141,10
13.0082197189,80.2132720947,28141,28151,10
13.0078201294,80.2130508423,28151,28161,10
13.0075397491,80.2128677368,28161,28171,10
13.0069103241,80.2127532959,28171,28181,10
13.0061197281,80.2128829956,28181,28191,10
13.0053501129,80.2127380371,28191,28200,9
13.0046300888,80.2123184204,28200,28210,10
13.0038604736,80.2120819092,28210,28222,12
13.002869606,80.2120819092,28222,28232,10
13.0024204254,80.2121963501,28232,28242,10
13.0019598007,80.2124176025,28242,28252,10
13.0013399124,80.2128601074,28252,28262,10
13.0007200241,80.2133789063,28262,28272,10
12.9999704361,80.2140274048,28272,28282,10
12.9996500015,80.21434021,28282,28292,10
12.9992103577,80.2147598267,28292,28312,20
12.9992103577,80.2147598267,28312,28322,10
12.9989795685,80.2149581909,28322,28333,11
12.9984798431,80.2154388428,28333,28343,10
12.9977397919,80.2160491943,28343,28353,10
12.997420311,80.2163314819,28353,28363,10
12.9972696304,80.216506958,28363,28373,10
12.9968299866,80.2165374756,28373,28383,10
12.9963598251,80.2166213989,28383,28393,10
12.9960603714,80.2166671753,28393,28403,10
12.99559021,80.216796875,28403,28413,10
12.9949998856,80.2171325684,28413,28423,10
12.9944496155,80.2174987793,28423,28434,11
12.9937400818,80.2180099487,28434,28444,10
12.9930496216,80.2185211182,28444,28454,10
12.9923000336,80.2190628052,28454,28464,10
12.9916095734,80.2195205688,28464,28474,10
12.9908800125,80.2200698853,28474,28484,10
12.9900903702,80.2207489014,28484,28494,10
12.9893598557,80.2216186523,28494,28504,10
12.988530159,80.2225265503,28504,28514,10
12.9877796173,80.2230606079,28514,28524,10
12.9873800278,80.2230834961,28524,28534,10
12.9869699478,80.2230224609,28534,28545,11
12.9862604141,80.2229614258,28545,28555,10
12.9856796265,80.2230911255,28555,28565,10
12.9853096008,80.2232666016,28565,28575,10
12.9846601486,80.2230224609,28575,28585,10
12.9841604233,80.2226867676,28585,28595,10
12.9833803177,80.2222290039,28595,28615,20
12.9833803177,80.2222290039,28615,28625,10
12.9831800461,80.2221221924,28625,28635,10
12.98279953,80.2219085693,28635,28646,11
12.9822397232,80.2217178345,28646,28656,10
12.9816999435,80.2213363647,28656,28666,10
12.9811201096,80.2210693359,28666,28676,10
12.9804496765,80.2210388184,28676,28686,10
12.9796104431,80.2211227417,28686,28696,10
12.9787998199,80.2211608887,28696,28706,10
12.978099823,80.2211914063,28706,28716,10
12.9773302078,80.2212371826,28716,28726,10
12.9764003754,80.2212524414,28726,28736,10
12.975689888,80.2210769653,28736,28767,31
12.975689888,80.2210769653,28767,28777,10
12.9755802155,80.2208862305,28777,28787,10
12.9751796722,80.2206420898,28787,28797,10
12.9746398926,80.2203979492,28797,28807,10
12.9740495682,80.2201538086,28807,28817,10
12.9734601974,80.2199325562,28817,28827,10
12.9727497101,80.2196807861,28827,28837,10
12.9718999863,80.2193603516,28837,28848,11
12.9710798264,80.2191696167,28848,28858,10
12.9709396362,80.2191162109,28858,28868,10
12.9705600739,80.2189025879,28868,28878,10
12.9699602127,80.2186431885,28878,28888,10
12.9692802429,80.2183685303,28888,28898,10
12.9685897827,80.2180862427,28898,28908,10
12.9679203033,80.2178192139,28908,28918,10
12.9672603607,80.2175369263,28918,28928,10
12.9662904739,80.2171936035,28928,28938,10
12.965259552,80.2167816162,28938,28948,10
12.9640102386,80.2162628174,28948,28959,11
12.9632501602,80.2158889771,28959,28969,10
12.9626398087,80.2156524658,28969,28979,10
12.9618301392,80.21534729,28979,28989,10
12.9608802795,80.2149810791,28989,28999,10
12.9598398209,80.2145462036,28999,29009,10
12.9586896896,80.2140808105,29009,29019,10
12.9575796127,80.2136535645,29019,29029,10
12.9566001892,80.2132415771,29029,29039,10
12.9555797577,80.2128372192,29039,29049,10
12.9546403885,80.2124862671,29049,29060,11
12.9538497925,80.2121810913,29060,29070,10
12.9531497955,80.2118911743,29070,29080,10
12.9522895813,80.2115631104,29080,29090,10
12.9513397217,80.2111663818,29090,29100,10
12.9502897263,80.2107620239,29100,29110,10
12.9493398666,80.2103805542,29110,29119,9
12.9485902786,80.2100830078,29119,29129,10
12.947719574,80.2097091675,29129,29140,11
12.9464197159,80.2092208862,29140,29150,10
12.9452600479,80.2087783813,29150,29160,10
12.9446601868,80.2085494995,29160,29171,11
12.9442100525,80.2083892822,29171,29191,20
12.9442100525,80.2083892822,29191,29201,10
12.9439201355,80.2082672119,29201,29211,10
12.9433603287,80.2080307007,29211,29221,10
12.9428100586,80.2075195313,29221,29231,10
12.9426698685,80.2073364258,29231,29241,10
12.9424200058,80.2070236206,29241,29251,10
12.9419002533,80.2065734863,29251,29261,10
12.9412403107,80.2061080933,29261,29271,10
12.9410200119,80.2059783936,29271,29282,11
12.9409503937,80.2059326172,29282,29292,10
12.9405298233,80.2058029175,29292,29302,10
12.9399003983,80.2056121826,29302,29312,10
12.9391498566,80.2053833008,29312,29328,16
12.9377603531,80.2049789429,29328,29340,12
12.9365501404,80.2046279907,29340,29348,8
12.9358100891,80.2044219971,29348,29359,11
12.9353504181,80.2042236328,29359,29370,11
12.934679985,80.2040023804,29370,29380,10
12.9341497421,80.203956604,29380,29391,11
12.9337100983,80.2039337158,29391,29411,20
12.9337100983,80.2039337158,29411,29420,9
12.9335203171,80.2039337158,29420,29431,11
12.932970047,80.2037582397,29431,29441,10
12.9324197769,80.2035293579,29441,29451,10
12.9317598343,80.2033004761,29451,29461,10
12.931139946,80.2030792236,29461,29471,10
12.9306898117,80.2029495239,29471,29481,10
12.9301395416,80.2028579712,29481,29492,11
12.9294395447,80.2027816772,29492,29512,20
12.9294395447,80.2027816772,29512,29522,10
12.9293003082,80.2027511597,29522,29532,10
12.9288797379,80.2026824951,29532,29542,10
12.9285202026,80.2023925781,29542,29552,10
12.9284696579,80.2016983032,29552,29562,10
12.928440094,80.2008132935,29562,29572,10
12.928319931,80.1997528076,29572,29583,11
12.9278097153,80.1985931396,29583,29593,10
12.9270601273,80.1978607178,29593,29603,10
12.9261798859,80.1975479126,29603,29613,10
12.9256601334,80.197517395,29613,29623,10
12.925450325,80.1975326538,29623,29633,10
12.9251203537,80.1975021362,29633,29643,10
12.9245300293,80.1975097656,29643,29653,10
12.9238195419,80.1974868774,29653,29663,10
12.9231500626,80.1974411011,29663,29673,10
12.922539711,80.1973724365,29673,29683,10
12.92208004,80.197303772,29683,29704,21
12.92208004,80.197303772,29704,29714,10
12.9217395782,80.1972122192,29714,29724,10
12.9212703705,80.1970367432,29724,29734,10
12.9207696915,80.1968307495,29734,29744,10
12.9201402664,80.1966094971,29744,29754,10
12.9194498062,80.1963424683,29754,29764,10
12.9188203812,80.1958694458,29764,29774,10
12.9182500839,80.1953430176,29774,29784,10
12.9177503586,80.1948928833,29784,29794,10
12.917309761,80.1944885254,29794,29865,71
12.917309761,80.1944885254,29865,29875,10
12.9171800613,80.1942596436,29875,29885,10
12.9171199799,80.1941833496,29885,29895,10
12.9170303345,80.193862915,29895,29906,11
12.9170198441,80.1931991577,29906,29916,10
12.9171199799,80.1925735474,29916,29946,30
12.9171199799,80.1925735474,29946,29956,10
12.9171600342,80.1923675537,29956,29966,10
12.9172096252,80.1921386719,29966,29976,10
12.9172697067,80.1917037964,29976,30006,30
12.9172697067,80.1917037964,30006,30017,11
12.9173402786,80.1913986206,30017,30027,10
12.9174003601,80.1909332275,30027,30037,10
12.9174404144,80.190322876,30037,30047,10
12.9176197052,80.1895599365,30047,30057,10
12.9180002213,80.1888198853,30057,30067,10
12.9184703827,80.1882629395,30067,30077,10
12.9189100266,80.1877670288,30077,30087,10
12.9194602966,80.1871185303,30087,30097,10
12.9201803207,80.1863174438,30097,30108,11
12.920630455,80.1853179932,30108,30117,9
12.9204902649,80.1846923828,30117,30128,11
12.9203701019,80.1842269897,30128,30138,10
12.9203195572,80.1840591431,30138,30148,10
12.9202003479,80.1835479736,30148,30158,10
12.9200000763,80.1828308105,30158,30178,20
12.9200000763,80.1828308105,30178,30188,10
12.919960022,80.1826477051,30188,30198,10
12.9198598862,80.182182312,30198,30208,10
12.9196996689,80.1815032959,30208,30218,10
12.9195404053,80.1807632446,30218,30229,11
12.9193496704,80.1798782349,30229,30239,10
12.9190196991,80.1791534424,30239,30249,10
12.9186601639,80.1786422729,30249,30259,10
12.9182300568,80.1780090332,30259,30269,10
12.9182596207,80.1771621704,30269,30279,10
12.9184398651,80.1762619019,30279,30289,10
12.9186897278,80.1753234863,30289,30299,10
12.9189596176,80.1742706299,30299,30309,10
12.919260025,80.1731262207,30309,30318,9
12.919549942,80.1721420288,30318,30330,12
12.9198799133,80.1709518433,30330,30350,20
12.9198799133,80.1709518433,30350,30360,10
12.9199399948,80.1707763672,30360,30370,10
12.9201002121,80.170249939,30370,30380,10
12.9203395844,80.1694564819,30380,30390,10
12.9206199646,80.168548584,30390,30400,10
12.9209604263,80.1675186157,30400,30410,10
12.921330452,80.1664123535,30410,30420,10
12.9216499329,80.165397644,30420,30430,10
12.9220504761,80.1641769409,30430,30441,11
12.9224004745,80.1630096436,30441,30451,10
12.922750473,80.1619415283,30451,30461,10
12.92304039,80.1610031128,30461,30471,10
12.9231595993,80.1606216431,30471,30481,10
12.9231796265,80.1605300903,30481,30491,10
12.9232797623,80.1602401733,30491,30501,10
12.923330307,80.1600189209,30501,30511,10
12.9233999252,80.1594085693,30511,30521,10
12.9234695435,80.1585464478,30521,30531,10
12.9235696793,80.1575164795,30531,30543,12
12.9236803055,80.1561965942,30543,30553,10
12.9235801697,80.1554794312,30553,30563,10
12.9234304428,80.1549987793,30563,30573,10
12.9233999252,80.1548995972,30573,30583,10
12.9233798981,80.1548614502,30583,30593,10
12.9233102798,80.1544723511,30593,30603,10
12.9231595993,80.1538925171,30603,30613,10
12.9229803085,80.1531600952,30613,30623,10
12.9227199554,80.1520462036,30623,30664,41
12.9227199554,80.1520462036,30664,30674,10
12.9227199554,80.1519927979,30674,30684,10
12.9226999283,80.1515808105,30684,30694,10
12.9226799011,80.1508636475,30694,30704,10
12.922659874,80.1499176025,30704,30714,10
12.9226102829,80.1488571167,30714,30724,10
12.9225902557,80.1479263306,30724,30734,10
12.9225597382,80.1469421387,30734,30755,21
12.9225597382,80.1469421387,30755,30765,10
12.9225597382,80.1466369629,30765,30775,10
12.9225597382,80.1461334229,30775,30785,10
12.922539711,80.1454315186,30785,30795,10
12.9225101471,80.1446533203,30795,30811,16
12.9225101471,80.1437530518,30811,30823,12
12.9224996567,80.1433563232,30823,30831,8
12.9224796295,80.1430969238,30831,30843,12
12.9224500656,80.1426315308,30843,30853,10
12.9224395752,80.1422805786,30853,30864,11
12.9224004745,80.1419219971,30864,30874,10
12.9224004745,80.1418533325,30874,30884,10
12.9224100113,80.1417770386,30884,30894,10
12.922419548,80.1414108276,30894,30903,9
12.9224100113,80.1408309937,30903,30914,11
12.9224004745,80.140083313,30914,30924,10
12.9223804474,80.1392822266,30924,30934,10
12.9224500656,80.1382980347,30934,30954,20
12.9224500656,80.1382980347,30954,30965,11
12.9224596024,80.1379013062,30965,30975,10
12.9224996567,80.1372528076,30975,30985,10
12.922539711,80.1364517212,30985,30995,10
12.9225702286,80.1355133057,30995,31005,10
12.9226303101,80.1344070435,31005,31015,10
12.9226799011,80.1333007813,31015,31025,10
12.9226999283,80.132522583,31025,31035,10
12.9226999283,80.1317596436,31035,31045,10
12.9227199554,80.1311569214,31045,31066,21
12.9227199554,80.1311569214,31066,31076,10
12.922750473,80.131072998,31076,31086,10
12.9227695465,80.1307296753,31086,31096,10
12.9228000641,80.1301727295,31096,31106,10
12.9228401184,80.1295089722,31106,31116,10
12.9228696823,80.1287765503,31116,31126,10
12.9228801727,80.1280975342,31126,31136,10
12.9229097366,80.1273117065,31136,31146,10
12.9229402542,80.1264572144,31146,31156,10
12.9229803085,80.1254577637,31156,31167,11
12.9230298996,80.1242370605,31167,31177,10
12.9230899811,80.1230773926,31177,31187,10
12.9231300354,80.1220169067,31187,31197,10
12.9231996536,80.1207427979,31197,31227,30
12.9231996536,80.1207427979,31227,31237,10
12.9232301712,80.1206207275,31237,31247,10
12.9232797623,80.1202926636,31247,31263,16
12.923330307,80.1195068359,31263,31276,13
12.9233198166,80.1188735962,31276,31286,10
12.9233598709,80.1183624268,31286,31296,10
12.9234600067,80.1177978516,31296,31305,9
12.9234800339,80.1169891357,31305,31346,41
12.9234800339,80.1169891357,31346,31358,12
12.9236297607,80.1168899536,31358,31368,10
12.9235601425,80.1172790527,31368,31379,11
12.9236297607,80.1177215576,31379,31389,10
12.9236698151,80.1178817749,31389,31399,10
12.9235897064,80.118347168,31399,31409,10
12.923500061,80.1191101074,31409,31419,10
12.9233999252,80.1198577881,31419,31428,9
12.9233102798,80.1204299927,31428,31439,11
12.9232597351,80.1211166382,31439,31449,10
12.9232997894,80.1216430664,31449,32226,777
12.9232997894,80.1216430664,32226,32237,11
12.9232397079,80.1219177246,32237,32630,393
12.9232397079,80.1219177246,32630,32640,10
12.9232196808,80.1220932007,32640,32650,10
12.923210144,80.1225814819,32650,32661,11
12.9231700897,80.1233596802,32661,32671,10
12.9231395721,80.1241226196,32671,32681,10
12.9231004715,80.125,32681,32691,10
12.9230699539,80.1254882813,32691,32731,40
12.9230699539,80.1254882813,32731,32741,10
12.9230203629,80.1257019043,32741,32752,11
12.9230003357,80.1262588501,32752,32762,10
12.9229898453,80.1270294189,32762,32772,10
12.922949791,80.127532959,32772,32782,10
12.9229297638,80.1279220581,32782,32792,10
12.9228897095,80.12840271,32792,32802,10
12.922829628,80.1290283203,32802,32812,10
12.9228000641,80.1296920776,32812,32822,10
12.9227800369,80.1304016113,32822,32832,10
12.9228000641,80.1310272217,32832,32842,10
12.9228000641,80.1311721802,32842,32852,10
12.9227895737,80.1314315796,32852,32863,11
12.9227695465,80.1320495605,32863,32873,10
12.9227199554,80.1328430176,32873,32882,9
12.9226503372,80.1337280273,32882,32893,11
12.9225997925,80.1346817017,32893,32903,10
12.9225997925,80.1349029541,32903,32913,10
12.9225797653,80.1353378296,32913,32923,10
12.9225502014,80.1361236572,32923,32933,10
12.9224996567,80.1370620728,32933,32943,10
12.9224395752,80.137878418,32943,32953,10
12.9223604202,80.1387710571,32953,32963,10
12.9223499298,80.1396713257,32963,32974,11
12.9224004745,80.1404037476,32974,32984,10
12.9224004745,80.1411209106,32984,32994,10
12.922419548,80.1420593262,32994,33004,10
12.9224796295,80.1426925659,33004,33014,10
12.9224796295,80.1427230835,33014,33024,10
12.9225196838,80.143081665,33024,33034,10
12.922539711,80.1436004639,33034,33054,20
12.922539711,80.1436004639,33054,33064,10
12.922539711,80.1439285278,33064,33081,17
12.9225797653,80.1451263428,33081,33093,12
12.9226198196,80.1464385986,33093,33103,10
12.9226398468,80.1472167969,33103,33113,10
12.9226503372,80.1472930908,33113,33123,10
12.9226503372,80.1476364136,33123,33132,9
12.9226398468,80.1482315063,33132,33143,11
12.922659874,80.1490783691,33143,33153,10
12.9226999283,80.1499710083,33153,33163,10
12.9227199554,80.1508026123,33163,33173,10
12.9227199554,80.1512069702,33173,33183,10
12.9227304459,80.1516723633,33183,33194,11
12.9228200912,80.1524276733,33194,33204,10
12.9230298996,80.1532669067,33204,33214,10
12.9234199524,80.1546936035,33214,33234,20
12.9234199524,80.1546936035,33234,33244,10
12.9234600067,80.1550064087,33244,33254,10
12.923500061,80.1551437378,33254,33264,10
12.9236297607,80.1556472778,33264,33274,10
12.9236803055,80.1563796997,33274,33284,10
12.9235897064,80.1573181152,33284,33295,11
12.9234895706,80.1585388184,33295,33305,10
12.9232997894,80.1603012085,33305,33325,20
12.9232997894,80.1603012085,33325,33335,10
12.9232301712,80.1605529785,33335,33345,10
12.9230499268,80.1611175537,33345,33355,10
12.9228000641,80.1619110107,33355,33365,10
12.9226398468,80.162437439,33365,33375,10
12.9226102829,80.1625518799,33375,33385,10
12.9225702286,80.1626815796,33385,33395,10
12.9224100113,80.1631469727,33395,33406,11
12.922129631,80.1640090942,33406,33416,10
12.9217996597,80.1650314331,33416,33426,10
12.9214601517,80.1660995483,33426,33436,10
12.9210996628,80.1671905518,33436,33446,10
12.9207601547,80.1682662964,33446,33456,10
12.9204101563,80.1693572998,33456,33465,9
12.9201202393,80.1703567505,33465,33476,11
12.9199199677,80.171043396,33476,33486,10
12.9198904037,80.1710968018,33486,33496,10
12.9197998047,80.1713180542,33496,33507,11
12.9196796417,80.1718063354,33507,33517,10
12.9195203781,80.1724777222,33517,33527,10
12.9193096161,80.1732330322,33527,33537,10
12.9190797806,80.1741790771,33537,33547,10
12.9188499451,80.175201416,33547,33557,10
12.9185695648,80.1762008667,33557,33567,10
12.9183998108,80.177116394,33567,33577,10
12.9184103012,80.1781616211,33577,33587,10
12.9190196991,80.1790084839,33587,33597,10
12.9194898605,80.1800689697,33597,33607,10
12.919719696,80.1812820435,33607,33618,11
12.920009613,80.1826400757,33618,33628,10
12.9202899933,80.1838302612,33628,33638,10
12.9205303192,80.1848831177,33638,33648,10
12.9206199646,80.1852722168,33648,33658,10
12.9206399918,80.1853027344,33658,33668,10
12.9206695557,80.1856765747,33668,33678,10
12.9203395844,80.1862411499,33678,33688,10
12.9197998047,80.1868362427,33688,33698,10
12.9192895889,80.1874237061,33698,33709,11
12.9190597534,80.1876831055,33709,33719,10
12.9187602997,80.18800354,33719,33729,10
12.9183301926,80.1884613037,33729,33739,10
12.917840004,80.1890563965,33739,33749,10
12.9175395966,80.1898803711,33749,33759,10
12.9174995422,80.1902236938,33759,33769,10
12.9174098969,80.1905899048,33769,33779,10
12.9173603058,80.1911697388,33779,33795,16
12.9172201157,80.1922531128,33795,33807,12
12.9171104431,80.1930770874,33807,33815,8
12.9171199799,80.1934280396,33815,33828,13
12.917090416,80.1935424805,33828,33838,10
12.9171304703,80.1937789917,33838,33919,81
12.9171304703,80.1937789917,33919,33929,10
12.917140007,80.193939209,33929,33940,11
12.9173002243,80.1943588257,33940,33950,10
12.9177598953,80.1948623657,33950,33960,10
12.9184303284,80.1954803467,33960,33970,10
12.9192800522,80.1961898804,33970,33980,10
12.9202604294,80.1966400146,33980,33990,10
12.9209604263,80.1968536377,33990,34000,10
12.9215898514,80.1970901489,34000,34010,10
12.922419548,80.197303772,34010,34020,10
12.9231700897,80.1974029541,34020,34030,10
12.9233598709,80.1974182129,34030,34041,11
12.9237604141,80.1974716187,34041,34051,10
12.9244298935,80.197479248,34051,34061,10
12.9251499176,80.1974563599,34061,34071,10
12.9254598618,80.1974716187,34071,34081,10
12.9260196686,80.197479248,34081,34091,10
12.926659584,80.1976318359,34091,34101,10
12.9273500443,80.1979980469,34101,34111,10
12.9278297424,80.1985168457,34111,34121,10
12.928150177,80.1991577148,34121,34131,10
12.9284200668,80.1999969482,34131,34142,11
12.9285001755,80.2010421753,34142,34152,10
12.9285402298,80.2018508911,34152,34162,10
12.9286403656,80.2024993896,34162,34172,10
12.9294700623,80.2027130127,34172,34192,20
12.9294700623,80.2027130127,34192,34202,10
12.9296503067,80.2027435303,34202,34212,10
12.930150032,80.202796936,34212,34222,10
12.9308204651,80.2029418945,34222,34232,10
12.9315004349,80.2031402588,34232,34243,11
12.9323797226,80.2034225464,34243,34253,10
12.9331197739,80.203666687,34253,34263,10
12.9340496063,80.2038803101,34263,34293,30
12.9340496063,80.2038803101,34293,34303,10
12.9343595505,80.2039337158,34303,34313,10
12.9349403381,80.2040100098,34313,34323,10
12.9355697632,80.2042617798,34323,34333,10
12.9361801147,80.2044830322,34333,34343,10
12.9368600845,80.2046585083,34343,34353,10
12.9374399185,80.2048187256,34353,34364,11
12.9380903244,80.2049865723,34364,34374,10
12.9388303757,80.2052230835,34374,34384,10
12.9396800995,80.2054672241,34384,34394,10
12.9400501251,80.205581665,34394,34404,10
12.940079689,80.2055969238,34404,34414,10
12.9404602051,80.2057113647,34414,34424,10
12.9409999847,80.2059173584,34424,34434,10
12.9414396286,80.2061309814,34434,34444,10
12.9417495728,80.2063217163,34444,34455,11
12.9419698715,80.2065124512,34455,34465,10
12.9422397614,80.2067565918,34465,34475,10
12.942489624,80.2069473267,34475,34485,10
12.9426603317,80.2071533203,34485,34495,10
12.9428596497,80.2073898315,34495,34505,10
12.9431200027,80.2077331543,34505,34515,10
12.94328022,80.2078933716,34515,34525,10
12.9435195923,80.2080383301,34525,34535,10
12.9440202713,80.2082138062,34535,34545,10
12.9443702698,80.2083435059,34545,34555,10
12.9443798065,80.2083435059,34555,34565,10
12.9444799423,80.208366394,34565,34576,11
12.9449596405,80.2085494995,34576,34586,10
12.9456396103,80.2087936401,34586,34596,10
12.9463596344,80.2090682983,34596,34606,10
12.9470396042,80.2093429565,34606,34616,10
12.9476900101,80.209602356,34616,34626,10
12.9483604431,80.2098693848,34626,34636,10
12.949090004,80.2101593018,34636,34646,10
12.9500904083,80.2105636597,34646,34656,10
12.9512395859,80.2110214233,34656,34666,10
12.952249527,80.2114334106,34666,34676,10
12.9531002045,80.2117614746,34676,34687,11
12.9539899826,80.2121200562,34687,34697,10
12.9549798965,80.2125091553,34697,34707,10
12.9558897018,80.2128372192,34707,34717,10
12.9561500549,80.212928772,34717,34727,10
12.9565095901,80.2130813599,34727,34737,10
12.9571199417,80.2133102417,34737,34747,10
12.9578800201,80.2136077881,34747,34757,10
12.9587097168,80.2139663696,34757,34767,10
12.9595899582,80.2143173218,34767,34778,11
12.9607000351,80.2147903442,34778,34787,9
12.9616804123,80.215171814,34787,34798,11
12.9628696442,80.2156219482,34798,34808,10
12.9634399414,80.2158203125,34808,34838,30
12.9634399414,80.2158203125,34838,34848,10
12.9635400772,80.2158813477,34848,34858,10
12.9638795853,80.2160186768,34858,34868,10
12.9642000198,80.2161407471,34868,34878,10
12.9643802643,80.2162399292,34878,34888,10
12.9648599625,80.2164611816,34888,34899,11
12.9655799866,80.2167434692,34899,34909,10
12.9662103653,80.2169876099,34909,34919,10
12.9665803909,80.2171325684,34919,34929,10
12.9667396545,80.2171936035,34929,34939,10
12.9668998718,80.2172470093,34939,34949,10
12.9671096802,80.217338562,34949,34989,40
12.9671096802,80.217338562,34989,35000,11
12.9674596786,80.2174835205,35000,35010,10
12.9675397873,80.2175216675,35010,35020,10
12.9677095413,80.2176132202,35020,35030,10
12.9679002762,80.2176818848,35030,35040,10
12.9684000015,80.217880249,35040,35050,10
12.9692802429,80.2182235718,35050,35060,10
12.9703998566,80.2186813354,35060,35070,10
12.9711198807,80.2189178467,35070,35080,10
12.9711999893,80.2189483643,35080,35090,10
12.9713401794,80.2190093994,35090,35100,10
12.9717903137,80.2192077637,35100,35111,11
12.9725704193,80.2195205688,35111,35121,10
12.9733495712,80.2198181152,35121,35131,10
12.9741401672,80.2201309204,35131,35141,10
12.9744701385,80.2202835083,35141,35211,70
12.9744701385,80.2202835083,35211,35222,11
12.9748296738,80.2205429077,35222,35232,10
12.9751501083,80.2206420898,35232,35242,10
12.9752502441,80.2206726074,35242,35252,10
12.9754104614,80.2206573486,35252,35262,10
12.9755601883,80.2207565308,35262,35272,10
12.9757099152,80.2209625244,35272,35292,20
12.9757099152,80.2209625244,35292,35302,10
12.9760303497,80.221282959,35302,35323,21
12.9760303497,80.221282959,35323,35333,10
12.9762401581,80.2213134766,35333,35343,10
12.9766798019,80.221321106,35343,35353,10
12.9774303436,80.221282959,35353,35363,10
12.9780797958,80.2212295532,35363,35373,10
12.9786901474,80.2211608887,35373,35383,10
12.97935009,80.2211227417,35383,35393,10
12.9800796509,80.2210464478,35393,35403,10
12.9807596207,80.2209777832,35403,35413,10
12.9812002182,80.2210617065,35413,35424,11
12.9817695618,80.2213973999,35424,35434,10
12.9822397232,80.2216796875,35434,35444,10
12.9827604294,80.2218933105,35444,35464,20
12.9827604294,80.2218933105,35464,35474,10
12.9828500748,80.2219314575,35474,35484,10
12.9831600189,80.222076416,35484,35494,10
12.983300209,80.2221908569,35494,35504,10
12.9836196899,80.2224197388,35504,35520,16
12.9843301773,80.2228393555,35520,35533,13
12.9851999283,80.2232589722,35533,35543,10
12.98554039,80.22315979,35543,35553,10
12.9861803055,80.2229537964,35553,35562,9
12.9866199493,80.2229537964,35562,35573,11
12.9869003296,80.2230072021,35573,35583,10
12.9872503281,80.2230606079,35583,35593,10
12.9876403809,80.2230529785,35593,35603,10
12.988120079,80.2228088379,35603,35613,10
12.9887895584,80.2221984863,35613,35623,10
12.9892902374,80.2215881348,35623,35633,10
12.989859581,80.2208404541,35633,35644,11
12.9905595779,80.2202529907,35644,35654,10
12.9906396866,80.2201766968,35654,35664,10
12.990940094,80.2200012207,35664,35674,10
12.9914798737,80.219619751,35674,35684,10
12.9919395447,80.2192993164,35684,35694,10
12.9925298691,80.2188720703,35694,35704,10
12.9931697845,80.2183990479,35704,35714,10
12.9938497543,80.2179031372,35714,35724,10
12.9942102432,80.2176437378,35724,35734,10
12.9945297241,80.2174224854,35734,35744,10
12.9947595596,80.2172470093,35744,35755,11
12.9947595596,80.2172393799,35755,35765,10
12.9950199127,80.217048645,35765,35775,10
12.9953899384,80.2168197632,35775,35785,10
12.9960403442,80.2166137695,35785,35795,10
12.9968395233,80.2164764404,35795,35805,10
12.9972801208,80.2163619995,35805,35814,9
12.9974803925,80.2161712646,35814,35825,11
12.9975004196,80.2161636353,35825,35834,9
12.9976797104,80.2160186768,35834,35845,11
12.9981603622,80.2156066895,35845,35855,10
12.9987297058,80.2151184082,35855,35866,11
12.9991998672,80.2147064209,35866,35876,10
12.9995203018,80.2144393921,35876,35886,10
12.9999399185,80.2140731812,35886,35896,10
13.00041008,80.2136383057,35896,35906,10
13.0009202957,80.2131576538,35906,35916,10
13.0018596649,80.2124786377,35916,36146,230
13.0018596649,80.2124786377,36146,36156,10
13.0021600723,80.2122802734,36156,36187,31
13.0021600723,80.2122802734,36187,36197,10
13.0025100708,80.2121200562,36197,36208,11
13.0026798248,80.212059021,36208,36218,10
13.0031404495,80.2120437622,36218,36228,10
13.0035800934,80.2119979858,36228,36238,10
13.0036497116,80.2119827271,36238,36248,10
13.0038700104,80.2119369507,36248,36258,10
13.0043096542,80.2121124268,36258,36268,10
13.0048704147,80.212387085,36268,36278,10
13.0054397583,80.2127532959,36278,36289,11
13.0060997009,80.212852478,36289,36299,10
13.0071697235,80.2127532959,36299,36319,20
13.0071697235,80.2127532959,36319,36329,10
13.0075902939,80.2127914429,36329,36369,40
13.0078802109,80.2130203247,36369,36389,20
13.0078802109,80.2130203247,36389,36400,11
13.0080499649,80.2131729126,36400,36410,10
13.0084295273,80.2133407593,36410,36420,10
13.0089101791,80.2138977051,36420,36430,10
13.0094604492,80.2146606445,36430,36440,10
13.0099401474,80.2153167725,36440,36450,10
13.0104799271,80.2159881592,36450,36460,10
13.0108203888,80.2167663574,36460,36470,10
13.0111398697,80.2175064087,36470,36480,10
13.0114603043,80.2183380127,36480,36491,11
13.0118198395,80.2194213867,36491,36501,10
13.0120601654,80.2203674316,36501,36510,9
13.012339592,80.2210235596,36510,36521,11
13.0125398636,80.2214584351,36521,36531,10
13.012720108,80.2217636108,36531,36541,10
13.0129499435,80.2220230103,36541,36551,10
13.0131902695,80.2223129272,36551,36561,10
13.0135803223,80.2228622437,36561,36571,10
13.0139398575,80.2232589722,36571,36581,10
13.0141000748,80.2234725952,36581,36591,10
13.0142402649,80.2236404419,36591,36602,11
13.0145196915,80.2239379883,36602,36612,10
13.0151700974,80.2247009277,36612,36632,20
13.0151700974,80.2247009277,36632,36642,10
13.0152301788,80.2247390747,36642,36652,10
13.0155200958,80.2249908447,36652,36662,10
13.0156698227,80.225151062,36662,36672,10
13.0159597397,80.2253112793,36672,36682,10
13.0162096024,80.2253417969,36682,36692,10
13.0163202286,80.2253265381,36692,36703,11
13.0166501999,80.2252578735,36703,36712,9
13.017080307,80.2250823975,36712,36741,29
13.017080307,80.2250823975,36741,36751,10
13.0174198151,80.2249298096,36751,36761,10
13.0178804398,80.2247390747,36761,36771,10
13.0182504654,80.2245864868,36771,36781,10
13.018529892,80.2244720459,36781,36791,10
13.0189199448,80.224319458,36791,36801,10
13.019080162,80.2242965698,36801,36811,10
13.0191802979,80.2242965698,36811,36822,11
13.0194702148,80.2242965698,36822,36832,10
13.0196399689,80.2244033813,36832,36842,10
13.0197896957,80.2245330811,36842,36852,10
13.0200595856,80.2247619629,36852,36862,10
13.0204000473,80.2249984741,36862,36872,10
13.0205097198,80.2250900269,36872,36892,20
13.0205097198,80.2250900269,36892,36902,10
13.0206804276,80.2252197266,36902,36912,10
13.0208997726,80.225402832,36912,36923,11
13.0210800171,80.2255630493,36923,36933,10
13.0212497711,80.225730896,36933,36943,10
13.0217103958,80.2260131836,36943,36963,20
13.0217103958,80.2260131836,36963,36973,10
13.0218801498,80.2261199951,36973,36983,10
13.0220499039,80.2262420654,36983,37003,20
13.0220499039,80.2262420654,37003,37013,10
13.0223398209,80.2264328003,37013,37024,11
13.0225601196,80.2266464233,37024,37034,10
13.0227203369,80.2268600464,37034,37044,10
13.0229797363,80.2271118164,37044,37063,19
13.0229797363,80.2271118164,37063,37074,11
13.0231103897,80.2272415161,37074,37084,10
13.0232896805,80.2274169922,37084,37094,10
13.0235395432,80.2276306152,37094,37104,10
13.0237998962,80.2278518677,37104,37114,10
13.0241003036,80.2281570435,37114,37124,10
13.0242500305,80.2283172607,37124,37134,10
13.0243396759,80.2284317017,37134,37145,11
13.0245304108,80.2287063599,37145,37155,10
13.0246601105,80.2288970947,37155,37165,10
13.0247802734,80.2291107178,37165,37175,10
13.0250797272,80.2294921875,37175,37185,10
13.0254802704,80.2299728394,37185,37205,20
13.0254802704,80.2299728394,37205,37215,10
13.0255203247,80.2300415039,37215,37225,10
13.0256996155,80.2303390503,37225,37235,10
13.0258598328,80.2306594849,37235,37245,10
13.0259199142,80.2308425903,37245,37262,17
13.0259799957,80.2312164307,37262,37274,12
13.0263900757,80.2312774658,37274,37282,8
13.0269498825,80.2311325073,37282,37293,11
13.0274801254,80.2310028076,37293,37303,10
13.0277996063,80.2309494019,37303,37314,11
13.0280895233,80.2309417725,37314,37324,10
13.028169632,80.2309188843,37324,37334,10
13.028459549,80.2309036255,37334,37344,10
13.0286397934,80.2308807373,37344,37355,11
13.029250145,80.2308273315,37355,37405,50
13.029250145,80.2308273315,37405,37415,10
13.0294704437,80.2308197021,37415,37425,10
13.0299301147,80.230758667,37425,37435,10
13.0304803848,80.2306900024,37435,37446,11
13.0310001373,80.2306365967,37446,37455,9
13.0316095352,80.2305679321,37455,37466,11
13.0321502686,80.2305374146,37466,37476,10
13.0327596664,80.2304916382,37476,37486,10
13.0333595276,80.2304382324,37486,37496,10
13.033539772,80.2304382324,37496,37506,10
13.0338001251,80.2304534912,37506,37516,10
13.0340995789,80.2304382324,37516,37526,10
13.0342998505,80.2304077148,37526,37536,10
13.0345201492,80.2303466797,37536,37546,10
13.0348396301,80.2302474976,37546,37556,10
13.0349702835,80.2300262451,37556,37577,21
13.0349702835,80.2300262451,37577,37587,10
13.0345802307,80.2298431396,37587,37872,285
13.0341997147,80.2298736572,37872,38013,141
13.0341596603,80.2302398682,38013,38053,40
13.0341596603,80.2302398682,38053,38063,10
13.0339002609,80.2304000854,38063,38073,10
13.0336999893,80.2303924561,38073,38083,10
13.0336799622,80.2304000854,38083,38093,10
13.0332098007,80.2304763794,38093,38104,11
13.0327196121,80.2305221558,38104,38114,10
13.0321598053,80.2306213379,38114,38124,10
13.0314598083,80.2306671143,38124,38134,10
13.030960083,80.230682373,38134,38144,10
13.0306301117,80.2307128906,38144,38154,10
13.0301599503,80.230758667,38154,38164,10
13.0300197601,80.2307662964,38164,38174,10
13.0298204422,80.2307662964,38174,38184,10
13.0292797089,80.2308731079,38184,38194,10
13.0285596848,80.2309570313,38194,38204,10
13.0278997421,80.2310333252,38204,38215,11
13.0276899338,80.2312393188,38215,38225,10
13.0277395248,80.2321472168,38225,38354,129
13.0277395248,80.2321472168,38354,38364,10
13.0278396606,80.2325210571,38364,38374,10
13.0278501511,80.2325820923,38374,38384,10
13.0277996063,80.2327880859,38384,38394,10
13.0276098251,80.2328262329,38394,38404,10
13.0272302628,80.2329101563,38404,38475,71
13.0272302628,80.2329101563,38475,38485,10
13.0268697739,80.2329788208,38485,38495,10
13.026599884,80.2330169678,38495,38505,10
13.0263204575,80.2326583862,38505,38516,11
13.0261497498,80.2319793701,38516,38526,10
13.0260696411,80.2316970825,38526,38536,10
13.0259799957,80.2312927246,38536,38546,10
13.0257396698,80.2305526733,38546,38556,10
13.0252103806,80.2296905518,38556,38566,10
13.024479866,80.2287902832,38566,38576,10
13.0239601135,80.2281036377,38576,38586,10
13.0233898163,80.2275619507,38586,38596,10
13.0230302811,80.2273483276,38596,38616,20
13.0230302811,80.2273483276,38616,38626,10
13.0227499008,80.2271194458,38626,38637,11
13.0222997665,80.2265930176,38637,38647,10
13.0216398239,80.2260131836,38647,38657,10
13.0208101273,80.2253570557,38657,38667,10
13.0199203491,80.2247695923,38667,38687,20
13.0199203491,80.2247695923,38687,38697,10
13.0196695328,80.2246398926,38697,38707,10
13.018989563,80.2244491577,38707,38717,10
13.0180797577,80.2247390747,38717,38728,11
13.0169296265,80.2252197266,38728,38738,10
13.0159797668,80.2256011963,38738,38748,10
13.0152702332,80.2258300781,38748,38758,10
13.0148801804,80.2259368896,38758,38768,10
13.0147304535,80.2259902954,38768,38778,10
13.0143499374,80.2261123657,38778,38788,10
13.0142602921,80.2261276245,38788,38798,10
13.0141601563,80.2258911133,38798,38808,10
13.0141000748,80.225479126,38808,38979,171
13.0141000748,80.225479126,38979,38990,11
13.0141401291,80.2251968384,38990,39000,10
13.0142002106,80.2260513306,39000,39030,30
13.0142002106,80.2260513306,39030,39040,10
13.0140399933,80.2262878418,39040,39051,11
13.0134401321,80.2265090942,39051,39061,10
13.0126800537,80.2268218994,39061,39071,10
13.0117301941,80.2271881104,39071,39081,10
13.0107297897,80.2275924683,39081,39091,10
13.0097999573,80.227897644,39091,39101,10
13.0096302032,80.2273330688,39101,39111,10
13.0100097656,80.2265167236,39111,39121,10
13.0104598999,80.2255477905,39121,39131,10
13.010890007,80.2245635986,39131,39141,10
13.0111999512,80.2238006592,39141,39151,10
13.0113096237,80.2235565186,39151,39161,10
13.0115003586,80.2230606079,39161,39172,11
13.0118398666,80.22215271,39172,39182,10
13.0121297836,80.2212905884,39182,39192,10
13.0120697021,80.2207107544,39192,39202,10
13.0118398666,80.2199325562,39202,39212,10
13.0115299225,80.2189788818,39212,39222,10
13.0111999512,80.2180099487,39222,39232,10
13.0107803345,80.217048645,39232,39242,10
13.0104598999,80.2163391113,39242,39252,10
13.0101003647,80.2157211304,39252,39262,10
13.0097703934,80.2151031494,39262,39272,10
13.0094499588,80.2146606445,39272,39283,11
13.0090398788,80.2141265869,39283,39293,10
13.0087299347,80.2136993408,39293,39303,10
13.0084495544,80.2134475708,39303,39323,20
13.0084495544,80.2134475708,39323,39333,10
13.0082502365,80.2133178711,39333,39392,59
13.0082502365,80.2133178711,39392,39402,10
13.0079097748,80.213142395,39402,39412,10
13.0077199936,80.2129821777,39412,39422,10
13.0073204041,80.2127914429,39422,39432,10
13.0068302155,80.2127304077,39432,39442,10
13.0061597824,80.2128372192,39442,39452,10
13.0053901672,80.2127304077,39452,39462,10
13.0046195984,80.2122802734,39462,39472,10
13.0038795471,80.2120513916,39472,39482,10
13.0036401749,80.2120437622,39482,39493,11
13.0031204224,80.212020874,39493,39503,10
13.0023403168,80.2121429443,39503,39513,10
13.0016098022,80.2126235962,39513,39523,10
13.0008401871,80.213218689,39523,39533,10
13.0003499985,80.2136535645,39533,39543,10
12.9998102188,80.2141189575,39543,39553,10
12.9994697571,80.2144927979,39553,39563,10
12.9990797043,80.2148208618,39563,39573,10
12.9986896515,80.215171814,39573,39583,10
12.9980401993,80.2156524658,39583,39594,11
12.9975004196,80.2161331177,39594,39604,10
12.997420311,80.216217041,39604,39614,10
12.997209549,80.2164916992,39614,39630,16
12.9965801239,80.2165527344,39630,39642,12
12.9956998825,80.216758728,39642,39652,10
12.9951095581,80.217010498,39652,39662,10
12.9943599701,80.2175369263,39662,39672,10
12.9939203262,80.2178878784,39672,39682,10
12.9933300018,80.2182998657,39682,39692,10
12.9926595688,80.2187728882,39692,39703,11
12.9918699265,80.2193527222,39703,39713,10
12.9911603928,80.2198562622,39713,39723,10
12.9907999039,80.2201385498,39723,39733,10
12.9906101227,80.2202911377,39733,39743,10
12.9900999069,80.2206573486,39743,39753,10
12.9894895554,80.2213134766,39753,39763,10
12.98898983,80.2219467163,39763,39772,9
12.9881496429,80.2227783203,39772,39783,11
12.9873104095,80.2230682373,39783,39793,10
12.9871397018,80.2230682373,39793,39803,10
12.9869403839,80.2230224609,39803,39814,11
12.9863595963,80.2229614258,39814,39824,10
12.9855699539,80.2231216431,39824,39834,10
12.9849596024,80.2231674194,39834,39844,10
12.9843597412,80.222869873,39844,39854,10
12.984000206,80.2226486206,39854,39864,10
12.9837398529,80.2225189209,39864,39874,10
12.9833898544,80.2223205566,39874,39884,10
12.9833803177,80.2223129272,39884,39894,10
12.9832000732,80.2221603394,39894,39904,10
12.9831800461,80.2221374512,39904,39915,11
12.9828596115,80.2219467163,39915,39924,9
12.9824304581,80.2218322754,39924,39935,11
12.9818897247,80.2215881348,39935,39945,10
12.9812602997,80.2211990356,39945,39955,10
12.9804201126,80.2210922241,39955,39965,10
12.9796895981,80.2211227417,39965,39975,10
12.9788503647,80.2211380005,39975,39985,10
12.9780597687,80.2211608887,39985,39995,10
12.9771995544,80.2211914063,39995,40005,10
12.9763898849,80.2211990356,40005,40016,11
12.9761400223,80.2212219238,40016,40025,9
12.9759502411,80.2212905884,40025,40036,11
12.9756298065,80.2210388184,40036,40046,10
12.9754400253,80.2208862305,40046,40056,10
12.9750795364,80.2206192017,40056,40066,10
12.9744195938,80.2203216553,40066,40076,10
12.9734697342,80.2199630737,40076,40086,10
12.972410202,80.219581604,40086,40096,10
12.9714803696,80.219291687,40096,40106,10
12.9709997177,80.2191467285,40106,40116,10
12.9708499908,80.219078064,40116,40126,10
12.9703903198,80.218788147,40126,40137,11
12.9696502686,80.2185134888,40137,40147,10
12.9689598083,80.2182312012,40147,40157,10
12.9682598114,80.217956543,40157,40167,10
12.9675703049,80.2176895142,40167,40177,10
12.9667396545,80.2173614502,40177,40187,10
12.9656000137,80.2169036865,40187,40197,10
12.9643697739,80.2164001465,40197,40207,10
12.9632396698,80.2159194946,40207,40217,10
12.9625501633,80.2156295776,40217,40228,11
12.9616804123,80.2152786255,40228,40237,9
12.9608001709,80.2149200439,40237,40248,11
12.9596004486,80.2144470215,40248,40258,10
12.9583997726,80.2139587402,40258,40268,10
12.9572200775,80.2134933472,40268,40278,10
12.9561004639,80.2130279541,40278,40288,10
12.9549503326,80.212600708,40288,40298,10
12.9537200928,80.2121200562,40298,40308,10
12.9525699615,80.2116622925,40308,40318,10
12.9514398575,80.2112197876,40318,40328,10
12.950340271,80.2107772827,40328,40338,10
12.9493398666,80.2104034424,40338,40349,11
12.9483098984,80.2099914551,40349,40359,10
12.9472303391,80.2095565796,40359,40369,10
12.9460000992,80.2090835571,40369,40379,10
12.9441900253,80.2083816528,40379,40399,20
12.9441900253,80.2083816528,40399,40408,9
12.9441299438,80.2083435059,40408,40418,10
12.9436998367,80.2081604004,40418,40429,11
12.9430103302,80.2077407837,40429,40439,10
12.9426403046,80.2072677612,40439,40449,10
12.9422397614,80.2068634033,40449,40460,11
12.9409999847,80.2060165405,40460,40480,20
12.9409999847,80.2060165405,40480,40490,10
12.9406404495,80.2058563232,40490,40500,10
12.9399995804,80.2056732178,40500,40510,10
12.9392204285,80.2054367065,40510,40520,10
12.9383296967,80.2051620483,40520,40530,10
12.9373197556,80.2048721313,40530,40540,10
12.9362602234,80.2045822144,40540,40550,10
12.9353103638,80.204246521,40550,40561,11
12.9344501495,80.2039794922,40561,40571,10
12.9336700439,80.2039413452,40571,40581,10
12.9336204529,80.2039413452,40581,40591,10
12.933549881,80.2039413452,40591,40601,10
12.9334897995,80.2039337158,40601,40611,10
12.9330596924,80.2037963867,40611,40621,10
12.9323997498,80.2035293579,40621,40631,10
12.9315795898,80.2032470703,40631,40641,10
12.9306402206,80.2029571533,40641,40651,10
12.9297103882,80.2028198242,40651,40661,10
12.9294395447,80.2027893066,40661,40672,11
12.9293603897,80.2027816772,40672,40682,10
12.9289703369,80.2027206421,40682,40692,10
12.9284601212,80.2023620605,40692,40702,10
12.9284296036,80.2014312744,40702,40712,10
12.9283800125,80.2002792358,40712,40722,10
12.9280595779,80.1991500854,40722,40732,10
12.9274396896,80.1981506348,40732,40742,10
12.926440239,80.197593689,40742,40752,10
12.9257602692,80.1974868774,40752,40762,10
12.9255399704,80.1975097656,40762,40773,11
12.9252700806,80.1975097656,40773,40783,10
12.9247903824,80.1975097656,40783,40792,9
12.9242401123,80.1975097656,40792,40803,11
12.9235801697,80.1975021362,40803,40813,10
12.9227199554,80.1973800659,40813,40823,10
12.9220399857,80.197303772,40823,40833,10
12.9220104218,80.1972808838,40833,40843,10
12.9217596054,80.197227478,40843,40853,10
12.9213600159,80.1970901489,40853,40863,10
12.9209003448,80.1968994141,40863,40874,11
12.9202203751,80.1966705322,40874,40884,10
12.919500351,80.1964187622,40884,40894,10
12.9188899994,80.1959686279,40894,40904,10
12.918510437,80.195602417,40904,40914,10
12.9179296494,80.195098877,40914,40924,10
12.9173297882,80.1945419312,40924,40934,10
12.9169797897,80.1939926147,40934,40944,10
12.916970253,80.1934509277,40944,40954,10
12.9170598984,80.192741394,40954,40963,9
12.917090416,80.1924591064,40963,40973,10
12.9171199799,80.1923599243,40973,40984,11
12.9171800613,80.1920700073,40984,40995,11
12.9172201157,80.1917190552,40995,41005,10
12.91726017,80.1912994385,41005,41015,10
12.9172697067,80.1912765503,41015,41025,10
12.9173402786,80.1908798218,41025,41035,10
12.9173402786,80.1904678345,41035,41045,10
12.9174003601,80.190071106,41045,41055,10
12.9176101685,80.1893997192,41055,41065,10
12.918129921,80.188583374,41065,41075,10
12.9188098907,80.1878204346,41075,41085,10
12.9194698334,80.1870803833,41085,41096,11
12.9202899933,80.1861724854,41096,41106,10
12.9205598831,80.1853485107,41106,41116,10
12.9203796387,80.1845703125,41116,41126,10
12.9203195572,80.1843566895,41126,41136,10
12.92029953,80.1842727661,41136,41146,10
12.9201803207,80.1837615967,41146,41156,10
12.920009613,80.1829605103,41156,41166,10
12.9198598862,80.1822128296,41166,41176,10
12.9196596146,80.1813430786,41176,41193,17
12.9192399979,80.1794967651,41193,41204,11
12.918510437,80.1784515381,41204,41215,11
12.9181699753,80.1776123047,41215,41225,10
12.9183397293,80.1765365601,41225,41234,9
12.9183502197,80.1765365601,41234,41245,11
12.918419838,80.1763687134,41245,41255,10
12.9185199738,80.1758728027,41255,41265,10
12.9187097549,80.175163269,41265,41275,10
12.9189195633,80.1742782593,41275,41285,10
12.9191703796,80.1733016968,41285,41295,10
12.9195098877,80.1720809937,41295,41305,10
12.9197702408,80.1710891724,41305,41316,11
12.9198503494,80.1708297729,41316,41326,10
12.9199104309,80.1706466675,41326,41336,10
12.9200601578,80.1701278687,41336,41346,10
12.92029953,80.1693496704,41346,41356,10
12.9205598831,80.1684875488,41356,41366,10
12.9208297729,80.1676635742,41366,41376,10
12.9209403992,80.1672821045,41376,41386,10
12.9210195541,80.1670379639,41386,41396,10
12.921210289,80.1664733887,41396,41407,11
12.9215202332,80.1655807495,41407,41417,10
12.9218597412,80.1645507813,41417,41427,10
12.9222002029,80.1634521484,41427,41438,11
12.9225502014,80.162322998,41438,41448,10
12.9229297638,80.1611404419,41448,41458,10
12.923119545,80.1604690552,41458,41468,10
12.923210144,80.1601791382,41468,41478,10
12.9233398438,80.1595230103,41478,41488,10
12.92345047,80.1585388184,41488,41498,10
12.9235601425,80.1573562622,41498,41508,10
12.9236602783,80.1561203003,41508,41518,10
12.9234304428,80.1550674438,41518,41529,11
12.9233703613,80.154876709,41529,41539,10
12.9233398438,80.1547317505,41539,41549,10
12.9232196808,80.1542816162,41549,41565,16
12.9229602814,80.1531524658,41565,41577,12
12.9227199554,80.1522979736,41577,41587,10
12.9226999283,80.1521987915,41587,41596,9
12.9226799011,80.1520767212,41596,41607,11
12.922659874,80.1514129639,41607,41617,10
12.9226503372,80.1504592896,41617,41627,10
12.9226198196,80.1493835449,41627,41638,11
12.9225597382,80.1484985352,41638,41648,10
12.9225702286,80.1477279663,41648,41657,9
12.9225702286,80.1471862793,41657,41668,11
12.9225502014,80.1464080811,41668,41677,9
12.9225196838,80.1455688477,41677,41688,11
12.9224796295,80.1446762085,41688,41698,10
12.9224395752,80.1436920166,41698,41708,10
12.922419548,80.1427307129,41708,41718,10
12.9223899841,80.1420211792,41718,41728,10
12.9223804474,80.1414794922,41728,41738,10
12.9223804474,80.1413497925,41738,41749,11
12.9223804474,80.140838623,41749,41759,10
12.922369957,80.1404876709,41759,41769,10
12.9223604202,80.1404037476,41769,41779,10
12.922369957,80.1399612427,41779,41789,10
12.922369957,80.1392669678,41789,41799,10
12.9224004745,80.1384887695,41799,41809,10
12.9224500656,80.137802124,41809,41819,10
12.9225101471,80.13671875,41819,41829,10
12.922539711,80.1358184814,41829,41840,11
12.9225702286,80.1347579956,41840,41850,10
12.9226102829,80.1337203979,41850,41860,10
12.9226503372,80.1328125,41860,41870,10
12.9226703644,80.132019043,41870,41880,10
12.9226999283,80.1311264038,41880,41890,10
12.9227399826,80.1303787231,41890,41900,10
12.9227895737,80.129737854,41900,41910,10
12.9228401184,80.1289672852,41910,41920,10
12.9228696823,80.1282119751,41920,41930,10
12.9228897095,80.127456665,41930,41940,10
12.9228897095,80.1266403198,41940,41950,10
12.9228801727,80.1259918213,41950,41961,11
12.9229402542,80.1253814697,41961,41971,10
12.9229803085,80.1245803833,41971,41981,10
12.9230098724,80.1237716675,41981,41991,10
12.9230604172,80.122833252,41991,42001,10
12.9231100082,80.121887207,42001,42011,10
12.9231901169,80.1205368042,42011,42041,30
12.9231901169,80.1205368042,42041,42051,10
12.9232196808,80.1204071045,42051,42062,11
12.9232797623,80.1198272705,42062,42072,10
12.9232997894,80.1191329956,42072,42082,10
12.923330307,80.1183624268,42082,42092,10
12.9234399796,80.1175231934,42092,42102,10
12.9234600067,80.1169967651,42102,42112,10
12.9234600067,80.1169891357,42112,42122,10
12.9234695435,80.116897583,42122,42132,10
12.923620224,80.1168518066,42132,42142,10
12.9235696793,80.1171875,42142,42152,10
12.9236297607,80.1176834106,42152,42162,10
12.9235296249,80.1182174683,42162,42173,11
12.92345047,80.119102478,42173,42183,10
12.9233398438,80.1198806763,42183,42193,10
12.9233102798,80.1202697754,42193,42203,10
12.9232702255,80.1206130981,42203,42213,10
12.9232597351,80.1207885742,42213,42223,10
12.9232797623,80.1209030151,42223,42233,10
12.9233102798,80.1211395264,42233,42778,545
12.9233102798,80.1211395264,42778,42788,10
12.9232397079,80.121307373,42788,42798,10
12.9232397079,80.1217498779,42798,42808,10
12.9232196808,80.1222686768,42808,42819,11
12.9231796265,80.1229019165,42819,42829,10
12.923119545,80.1236495972,42829,42839,10
12.9230804443,80.12449646,42839,42849,10
12.92304039,80.1255111694,42849,42879,30
12.92304039,80.1255111694,42879,42889,10
12.9229898453,80.1258392334,42889,42899,10
12.9229602814,80.1264801025,42899,42910,11
12.9229402542,80.1273880005,42910,42920,10
12.9229001999,80.1280593872,42920,42930,10
12.9228401184,80.1287078857,42930,42940,10
12.9227895737,80.1294708252,42940,42950,10
12.9227695465,80.1304321289,42950,42960,10
12.9227600098,80.1312332153,42960,42970,10
12.9227199554,80.1320419312,42970,42980,10
12.9226903915,80.1329727173,42980,42990,10
12.9226503372,80.1340103149,42990,43000,10
12.9226303101,80.1345596313,43000,43010,10
12.9225997925,80.134979248,43010,43021,11
12.9225597382,80.1358795166,43021,43031,10
12.9225196838,80.1367797852,43031,43041,10
12.9224596024,80.1378097534,43041,43051,10
12.9223899841,80.1388702393,43051,43061,10
12.9223804474,80.1398620605,43061,43071,10
12.922419548,80.1406402588,43071,43081,10
12.9224395752,80.1416397095,43081,43091,10
12.9224901199,80.1428527832,43091,43127,36
12.9224901199,80.1428527832,43127,43140,13
12.9224996567,80.1429977417,43140,43150,10
12.9225301743,80.143699646,43150,43170,20
12.9225301743,80.143699646,43170,43180,10
12.9224996567,80.143989563,43180,43190,10
12.9224996567,80.1444778442,43190,43200,10
12.922539711,80.1453704834,43200,43210,10
12.9225997925,80.1464080811,43210,43220,10
12.9226198196,80.1471176147,43220,43231,11
12.9226303101,80.1473388672,43231,43240,9
12.9226303101,80.1474990845,43240,43251,11
12.9226198196,80.1479873657,43251,43261,10
12.9225997925,80.1487579346,43261,43271,10
12.922659874,80.1496963501,43271,43281,10
12.9226799011,80.150680542,43281,43291,10
12.9227199554,80.1515197754,43291,43301,10
12.9227399826,80.1519622803,43301,43311,10
12.9228496552,80.1526565552,43311,43321,10
12.9230899811,80.1536026001,43321,43331,10
12.9232997894,80.1544189453,43331,43342,11
12.9234600067,80.1548995972,43342,43352,10
12.9234895706,80.1550064087,43352,43362,10
12.923500061,80.1550979614,43362,43372,10
12.923620224,80.1556091309,43372,43382,10
12.9236698151,80.1564331055,43382,43392,10
12.9235696793,80.1574935913,43392,43401,9
12.9234600067,80.1585235596,43401,43412,11
12.9233703613,80.1598205566,43412,43422,10
12.9230899811,80.1608810425,43422,43432,10
12.9227399826,80.1620178223,43432,43442,10
12.9224004745,80.1630401611,43442,43453,11
12.9221601486,80.16381073,43453,43463,10
12.9221401215,80.1638793945,43463,43473,10
12.9219799042,80.1643600464,43473,43483,10
12.9217195511,80.1651916504,43483,43493,10
12.9214000702,80.1661529541,43493,43503,10
12.9210395813,80.1672592163,43503,43513,10
12.9207201004,80.1683120728,43513,43523,10
12.9203596115,80.1693572998,43523,43533,10
12.9200296402,80.1704788208,43533,43542,9
12.9198598862,80.1710891724,43542,43553,11
12.919839859,80.1712036133,43553,43564,11
12.9197597504,80.1714782715,43564,43574,10
12.9196100235,80.1720733643,43574,43584,10
12.9193601608,80.1729431152,43584,43594,10
12.9190597534,80.1739883423,43594,43604,10
12.918800354,80.1751403809,43604,43614,10
12.9184503555,80.1762619019,43614,43624,10
12.9182395935,80.1775283813,43624,43634,10
12.9186897278,80.1785736084,43634,43644,10
12.9192399979,80.1793899536,43644,43654,10
12.9195604324,80.180557251,43654,43665,11
12.9198198318,80.1819610596,43665,43675,10
12.9201002121,80.1831512451,43675,43685,10
12.9202404022,80.1837005615,43685,43695,10
12.9203596115,80.1842803955,43695,43705,10
12.920539856,80.1850585938,43705,43715,10
12.9206199646,80.1852722168,43715,43725,10
12.9206600189,80.1854400635,43725,43735,10
12.920539856,80.1859664917,43735,43751,16
12.9196395874,80.18699646,43751,43763,12
12.9190702438,80.1876373291,43763,43771,8
12.9187803268,80.1879806519,43771,43784,13
12.9181604385,80.1886367798,43784,43794,10
12.9176797867,80.1892700195,43794,43804,10
12.9174995422,80.1898193359,43804,43814,10
12.9174804688,80.1901779175,43814,43824,10
12.9174098969,80.1906204224,43824,43834,10
12.9173498154,80.1912689209,43834,43844,10
12.9172697067,80.1919631958,43844,43854,10
12.9172000885,80.1924667358,43854,43864,10
12.9171304703,80.1930007935,43864,43874,10
12.9170999527,80.1931610107,43874,43893,19
12.9170198441,80.1934814453,43893,43905,12
12.9169998169,80.1937637329,43905,43915,10
12.9170799255,80.1940078735,43915,43925,10
12.9174203873,80.1945419312,43925,43935,10
12.9180202484,80.1951217651,43935,43945,10
12.918800354,80.1958389282,43945,43955,10
12.9195995331,80.1963806152,43955,43965,10
12.9205799103,80.1967468262,43965,43975,10
12.9210996628,80.1969299316,43975,43987,12
12.921620369,80.1971435547,43987,43997,10
12.9223403931,80.1973114014,43997,44007,10
12.9231004715,80.1974105835,44007,44017,10
12.9233102798,80.1974411011,44017,44027,10
12.923620224,80.197479248,44027,44037,10
12.924249649,80.197517395,44037,44046,9
12.9248304367,80.1975097656,44046,44057,11
12.925330162,80.1975021362,44057,44067,10
12.9257202148,80.1975021362,44067,44077,10
12.9263896942,80.1975708008,44077,44087,10
12.9264497757,80.1976013184,44087,44098,11
12.9268503189,80.1977615356,44098,44108,10
12.9274396896,80.1981201172,44108,44117,9
12.9279098511,80.1987533569,44117,44128,11
12.9283704758,80.1998062134,44128,44138,10
12.9284801483,80.2007827759,44138,44148,10
12.9285202026,80.2015991211,44148,44158,10
12.9285402298,80.2023162842,44158,44168,10
12.9294204712,80.2027511597,44168,44188,20
12.9294204712,80.2027511597,44188,44198,10
12.9295902252,80.2027816772,44198,44209,11
12.9299497604,80.2028198242,44209,44219,10
12.9303197861,80.20287323,44219,44229,10
12.9307603836,80.2029571533,44229,44239,10
12.9311599731,80.2030792236,44239,44249,10
12.9317998886,80.2032928467,44249,44259,10
12.9326200485,80.2035598755,44259,44269,10
12.9333095551,80.2038116455,44269,44279,10
12.934009552,80.2039108276,44279,44299,20
12.934009552,80.2039108276,44299,44310,11
12.9342403412,80.2039489746,44310,44320,10
12.934709549,80.2040023804,44320,44330,10
12.935379982,80.2042236328,44330,44340,10
12.9361696243,80.2045211792,44340,44350,10
12.9370098114,80.204750061,44350,44360,10
12.9378299713,80.2049713135,44360,44370,10
12.9383296967,80.2051010132,44370,44380,10
12.9387702942,80.2052612305,44380,44390,10
12.9393100739,80.2054290771,44390,44400,10
12.9399700165,80.2056121826,44400,44411,11
12.9400997162,80.205657959,44411,44421,10
12.9405002594,80.2057876587,44421,44431,10
12.9411201477,80.2060317993,44431,44441,10
12.9418802261,80.2064819336,44441,44451,10
12.942609787,80.2071075439,44451,44461,10
12.9431600571,80.2078323364,44461,44471,10
12.9437799454,80.2081604004,44471,44481,10
12.9443798065,80.2083892822,44481,44501,20
12.9443798065,80.2083892822,44501,44511,10
12.9445295334,80.2084732056,44511,44521,10
12.9448795319,80.2086105347,44521,44532,11
12.9455900192,80.2088623047,44532,44542,10
12.9463396072,80.2091369629,44542,44552,10
12.9470500946,80.2094192505,44552,44562,10
12.9477300644,80.2096862793,44562,44572,10
12.9484300613,80.2099685669,44572,44582,10
12.9491996765,80.2102737427,44582,44592,10
12.9502000809,80.2106628418,44592,44602,10
12.9512500763,80.2110671997,44602,44612,10
12.9521198273,80.2114181519,44612,44621,9
12.9528102875,80.2116775513,44621,44633,12
12.9536399841,80.2120285034,44633,44643,10
12.9545297623,80.2123794556,44643,44653,10
12.9555397034,80.2127838135,44653,44663,10
12.956410408,80.2131195068,44663,44673,10
12.9574098587,80.2134780884,44673,44683,10
12.9584703445,80.2139434814,44683,44693,10
12.9595603943,80.2143783569,44693,44703,10
12.9605998993,80.2147979736,44703,44713,10
12.9616003036,80.2152023315,44713,44723,10
12.9625301361,80.2155838013,44723,44733,10
12.9633703232,80.2158813477,44733,44744,11
12.9637298584,80.2160263062,44744,44754,10
12.9643201828,80.2162780762,44754,44764,10
12.9650802612,80.2165985107,44764,44774,10
12.9658498764,80.2169113159,44774,44784,10
12.966509819,80.2171630859,44784,44794,10
12.9671497345,80.2174224854,44794,44804,10
12.96778965,80.2176971436,44804,44814,10
12.9684000015,80.2179412842,44814,44823,9
12.9693098068,80.2182922363,44823,44833,10
12.9704799652,80.2187728882,44833,44845,12
12.9712600708,80.2190322876,44845,44855,10
12.9712600708,80.219039917,44855,44865,10
12.9716300964,80.2192001343,44865,44875,10
12.9721899033,80.2194366455,44875,44885,10
12.972820282,80.2197113037,44885,44895,10
12.9735803604,80.2200164795,44895,44905,10
12.9740600586,80.2202224731,44905,44915,10
12.9741201401,80.2202606201,44915,44924,9
12.9742097855,80.2204437256,44924,44935,11
12.974650383,80.2206573486,44935,44946,11
12.9752397537,80.2208404541,44946,45026,80
12.9752397537,80.2208404541,45026,45036,10
12.9756298065,80.2208175659,45036,45046,10
12.9761199951,80.2212677002,45046,45067,21
12.9761199951,80.2212677002,45067,45077,10
12.9763402939,80.2212600708,45077,45087,10
12.9767198563,80.2212600708,45087,45097,10
12.9772596359,80.2212524414,45097,45107,10
12.9777498245,80.2212371826,45107,45117,10
12.9783401489,80.2211990356,45117,45127,10
12.978969574,80.2211380005,45127,45137,10
12.9796695709,80.2210922241,45137,45147,10
12.9804201126,80.2210388184,45147,45158,11
12.9811401367,80.2211074829,45158,45168,10
12.9817399979,80.2214431763,45168,45178,10
12.9820604324,80.2216262817,45178,45188,10
12.9823598862,80.2217407227,45188,45198,10
12.9828701019,80.2219161987,45198,45218,20
12.9828701019,80.2219161987,45218,45228,10
12.9832201004,80.2221221924,45228,45238,10
12.983499527,80.2223205566,45238,45248,10
12.9839096069,80.2225494385,45248,45258,10
12.9844102859,80.2228469849,45258,45268,10
12.9848899841,80.2231216431,45268,45279,11
12.9854698181,80.2231826782,45279,45289,10
12.9859800339,80.2229537964,45289,45299,10
12.9861803055,80.2229614258,45299,45309,10
12.9863796234,80.2229995728,45309,45319,10
12.9867401123,80.2230300903,45319,45329,10
12.9870595932,80.2230834961,45329,45339,10
12.9873199463,80.2230987549,45339,45349,10
12.9877996445,80.2230529785,45349,45359,10
12.9883899689,80.2226104736,45359,45370,11
12.9889802933,80.2220077515,45370,45380,10
12.9893398285,80.2214813232,45380,45390,10
12.989859581,80.2208328247,45390,45400,10
12.990480423,80.2203216553,45400,45410,10
12.990530014,80.2202606201,45410,45420,10
12.9910297394,80.2198867798,45420,45440,20
12.9910297394,80.2198867798,45440,45450,10
12.9912595749,80.2197189331,45450,45460,10
12.9916801453,80.2194137573,45460,45470,10
12.992099762,80.2191009521,45470,45480,10
12.9926795959,80.2186813354,45480,45491,11
12.9933595657,80.2181625366,45491,45501,10
12.9940099716,80.2177124023,45501,45517,16
12.9948596954,80.2171096802,45517,45529,12
12.9952297211,80.2168807983,45529,45539,10
12.9957199097,80.2166671753,45539,45549,10
12.9963798523,80.2165374756,45549,45559,10
12.9969396591,80.2164764404,45559,45569,10
12.9972801208,80.2163314819,45569,45579,10
12.9975795746,80.2161026001,45579,45589,10
12.9976596832,80.2160415649,45589,45600,11
12.9979896545,80.2157516479,45600,45609,9
12.9984197617,80.2153396606,45609,45620,11
12.9989500046,80.2148971558,45620,45630,10
12.9992799759,80.21459198,45630,45640,10
12.9996995926,80.2142333984,45640,45650,10
12.9999399185,80.2140274048,45650,45660,10
13.000459671,80.2135696411,45660,45670,10
13.0010004044,80.2131195068,45670,45680,10
13.0014600754,80.2127609253,45680,45691,11
13.002120018,80.212310791,45691,45701,10
13.0026702881,80.2120895386,45701,45711,10
13.0032997131,80.2120666504,45711,45721,10
13.0038499832,80.2120132446,45721,45731,10
13.0045003891,80.2122497559,45731,45741,10
13.0050497055,80.2125778198,45741,45751,10
13.0057001114,80.2129135132,45751,45761,10
13.0064296722,80.2127075195,45761,45771,10
13.0071001053,80.2127532959,45771,45780,9
13.0076704025,80.2128829956,45780,45801,21
13.0076704025,80.2128829956,45801,45812,11
13.0078201294,80.2130508423,45812,45822,10
13.0078296661,80.2130737305,45822,45832,10
13.008099556,80.2132415771,45832,45842,10
13.0086202621,80.2135772705,45842,45852,10
13.0091495514,80.2142868042,45852,45862,10
13.0095596313,80.2148895264,45862,45872,10
13.0099401474,80.2153930664,45872,45882,10
13.0104198456,80.216003418,45882,45892,10
13.0107297897,80.2167434692,45892,45902,10
13.0110702515,80.2175292969,45902,45913,11
13.0114402771,80.218536377,45913,45923,10
13.0118103027,80.2196578979,45923,45933,10
13.012169838,80.220703125,45933,45942,9
13.012430191,80.2213287354,45942,45953,11
13.0128297806,80.2219009399,45953,45963,10
13.0134401321,80.2226333618,45963,45973,10
13.0138397217,80.2231292725,45973,45983,10
13.0140304565,80.2234115601,45983,45993,10
13.0142297745,80.2236404419,45993,46003,10
13.0144996643,80.2239303589,46003,46014,11
13.0148601532,80.2243881226,46014,46024,10
13.0152797699,80.224861145,46024,46054,30
13.0152797699,80.224861145,46054,46064,10
13.0154600143,80.2250595093,46064,46074,10
13.0157804489,80.2253036499,46074,46084,10
13.016409874,80.2253417969,46084,46094,10
13.0171003342,80.2250976563,46094,46104,10
13.0176801682,80.2248382568,46104,46115,11
13.0185203552,80.2245101929,46115,46124,9
13.0196199417,80.2245025635,46124,46145,21
13.0196199417,80.2245025635,46145,46155,10
13.0198802948,80.2247161865,46155,46165,10
13.0202503204,80.2249908447,46165,46175,10
13.0207595825,80.2253494263,46175,46185,10
13.0212898254,80.2257537842,46185,46195,10
13.0218095779,80.2261123657,46195,46205,10
13.0220403671,80.2262573242,46205,46215,10
13.0220804214,80.2262878418,46215,46226,11
13.0224895477,80.2266464233,46226,46236,10
13.0230398178,80.227180481,46236,46246,10
13.0236301422,80.2277297974,46246,46256,10
13.0243396759,80.2284698486,46256,46276,20
13.0243396759,80.2284698486,46276,46286,10
13.0244998932,80.2287216187,46286,46296,10
13.0246801376,80.2290115356,46296,46306,10
13.024939537,80.2293624878,46306,46316,10
13.0253000259,80.2298202515,46316,46327,11
13.0256900787,80.2303619385,46327,46337,10
13.0258302689,80.2306137085,46337,46346,9
13.0259504318,80.2309265137,46346,46357,11
13.025970459,80.2312774658,46357,46367,10
13.0264196396,80.2312469482,46367,46377,10
13.0271701813,80.2310562134,46377,46387,10
13.0280799866,80.2309036255,46387,46397,10
13.0289802551,80.2308120728,46397,46407,10
13.0295600891,80.2307662964,46407,46417,10
13.0301704407,80.23072052,46417,46427,10
13.030380249,80.2307128906,46427,46437,10
13.0307197571,80.2306900024,46437,46448,11
13.031419754,80.2306518555,46448,46458,10
13.0321598053,80.2305908203,46458,46467,9
13.0331001282,80.230506897,46467,46478,11
13.0340003967,80.2304534912,46478,46508,30
13.0340003967,80.2304534912,46508,46518,10
13.0342102051,80.2304000854,46518,46528,10
13.0346603394,80.2303009033,46528,46538,10
13.0350599289,80.2301330566,46538,46549,11
13.0350799561,80.2299194336,46549,46559,10
13.034740448,80.2298126221,46559,46589,30
13.0343399048,80.2297515869,46589,46781,192
13.0342197418,80.2300872803,46781,47023,242
13.0342197418,80.2300872803,47023,47033,10
13.0341501236,80.23046875,47033,47043,10
13.0339097977,80.2304534912,47043,47053,10
13.0334997177,80.23046875,47053,47063,10
13.032959938,80.2304916382,47063,47073,10
13.0321998596,80.2305908203,47073,47084,11
13.0311899185,80.2306976318,47084,47094,10
13.0305995941,80.23072052,47094,47104,10
13.0298500061,80.2308120728,47104,47124,20
13.0298500061,80.2308120728,47124,47134,10
13.0296401978,80.2308425903,47134,47144,10
13.0291795731,80.2308578491,47144,47154,10
13.0287799835,80.2308807373,47154,47164,10
13.0282497406,80.2309265137,47164,47174,10
13.027759552,80.2309875488,47174,47185,11
13.0276699066,80.2313995361,47185,47195,10
13.027680397,80.2319564819,47195,47205,10
13.0277996063,80.2325973511,47205,47215,10
13.0274600983,80.2328567505,47215,47225,10
13.0269899368,80.2329330444,47225,47255,30
13.0269899368,80.2329330444,47255,47265,10
13.026720047,80.233001709,47265,47275,10
13.0264101028,80.2328567505,47275,47285,10
13.0262098312,80.2322311401,47285,47296,11
13.0259399414,80.2313690186,47296,47306,10
13.0256204605,80.230430603,47306,47315,9
13.0250597,80.229598999,47315,47326,11
13.0247402191,80.2292480469,47326,47336,10
13.0245599747,80.2289733887,47336,47346,10
13.0242595673,80.2285690308,47346,47356,10
13.0238800049,80.2281188965,47356,47366,10
13.0234003067,80.2276000977,47366,47376,10
13.0229501724,80.2273406982,47376,47396,20
13.0229501724,80.2273406982,47396,47407,11
13.0228204727,80.2272720337,47407,47417,10
13.0225801468,80.2269134521,47417,47427,10
13.0221595764,80.2264633179,47427,47437,10
13.0215301514,80.2259597778,47437,47447,10
13.0209102631,80.225479126,47447,47457,10
13.0202798843,80.2250595093,47457,47467,10
13.0194997787,80.2246017456,47467,47477,10
13.0184001923,80.2246398926,47477,47487,10
13.0173501968,80.2250823975,47487,47496,9
13.0167598724,80.2253189087,47496,47508,12
13.0163097382,80.2254867554,47508,47518,10
13.0156898499,80.2257080078,47518,47528,10
13.0151100159,80.2259597778,47528,47538,10
13.0144395828,80.2261886597,47538,47558,20
13.0144395828,80.2261886597,47558,47568,10
13.0141496658,80.2262878418,47568,47578,10
13.0135803223,80.2265014648,47578,47588,10
13.0128297806,80.2267837524,47588,47598,10
13.0119600296,80.2271194458,47598,47609,11
13.0108699799,80.2275619507,47609,47619,10
13.0098400116,80.2279281616,47619,47629,10
13.0095996857,80.2274169922,47629,47639,10
13.009929657,80.2267608643,47639,47649,10
13.0103397369,80.2258300781,47649,47659,10
13.0106401443,80.2250366211,47659,47669,10
13.0108995438,80.2245101929,47669,47679,10
13.0111303329,80.224029541,47679,47689,10
13.0112400055,80.2236099243,47689,47699,10
13.0114402771,80.2230834961,47699,47709,10
13.0116996765,80.2223434448,47709,47720,11
13.0120801926,80.221321106,47720,47730,10
13.0119895935,80.2205200195,47730,47739,9
13.0117397308,80.2196731567,47739,47750,11
13.0114202499,80.2186584473,47750,47760,10
13.0110397339,80.2175979614,47760,47770,10
13.0107097626,80.2168731689,47770,47778,8
13.0104799271,80.2163619995,47778,47790,12
13.0100402832,80.2155990601,47790,47800,10
13.0096797943,80.2150115967,47800,47810,10
13.0093202591,80.2145080566,47810,47820,10
13.008890152,80.2139205933,47820,47851,31
13.008890152,80.2139205933,47851,47861,10
13.0087604523,80.2137527466,47861,47871,10
13.0087499619,80.2137374878,47871,47881,10
13.0086698532,80.2136383057,47881,47891,10
13.0085401535,80.2135162354,47891,47901,10
13.0084104538,80.2134170532,47901,47921,20
13.0081796646,80.2133102417,47921,47952,31
13.007900238,80.2131576538,47952,47972,20
13.007900238,80.2131576538,47972,47982,10
13.0076799393,80.2129516602,47982,47992,10
13.0071802139,80.2127838135,47992,48002,10
13.006480217,80.2127838135,48002,48012,10
13.0057096481,80.2129516602,48012,48022,10
13.0048799515,80.2125167847,48022,48034,12
13.0039396286,80.2121276855,48034,48044,10
13.0034503937,80.2120513916,48044,48054,10
13.0031003952,80.2120513916,48054,48064,10
13.0027198792,80.2120819092,48064,48074,10
13.0021696091,80.2123031616,48074,48084,10
13.0015497208,80.2127380371,48084,48094,10
13.0009803772,80.2131881714,48094,48104,10
13.0002498627,80.2138290405,48104,48113,9
12.9997596741,80.2142715454,48113,48124,11
12.9992399216,80.2147369385,48124,48134,10
12.9989595413,80.2149810791,48134,48145,11
12.9984903336,80.2154006958,48145,48155,10
12.9978599548,80.2158889771,48155,48165,10
12.997420311,80.2163085938,48165,48175,10
12.9973402023,80.2163772583,48175,48185,10
12.9970397949,80.2165374756,48185,48195,10
12.9963998795,80.2165985107,48195,48205,10
12.9958896637,80.2166824341,48205,48215,10
12.9954595566,80.216796875,48215,48225,10
12.9951696396,80.2169494629,48225,48235,10
12.995010376,80.2170562744,48235,48246,11
12.9947299957,80.2172622681,48246,48256,10
12.9945201874,80.2174301147,48256,48266,10
12.9941701889,80.2176513672,48266,48276,10
12.9936199188,80.2180786133,48276,48286,10
12.9929895401,80.21849823,48286,48296,10
12.992480278,80.2189025879,48296,48306,10
12.9921798706,80.2191619873,48306,48322,16
12.9918804169,80.2193374634,48322,48334,12
12.9915504456,80.2195892334,48334,48342,8
12.9908103943,80.2201309204,48342,48365,23
12.9908103943,80.2201309204,48365,48375,10
12.990480423,80.2203979492,48375,48385,10
12.989979744,80.2208633423,48385,48395,10
12.9894599915,80.221321106,48395,48404,9
12.9890604019,80.221862793,48404,48415,11
12.9884901047,80.2225570679,48415,48425,10
12.987950325,80.2230682373,48425,48435,10
12.9876403809,80.2231521606,48435,48445,10
12.987449646,80.2231216431,48445,48455,10
12.9871997833,80.2230529785,48455,48465,10
12.9869203568,80.2229919434,48465,48476,11
12.9864997864,80.22290802,48476,48486,10
12.9858198166,80.2229919434,48486,48496,10
12.9855003357,80.2232818604,48496,48506,10
12.9849395752,80.22315979,48506,48516,10
12.9844398499,80.2228927612,48516,48526,10
12.9838600159,80.2225494385,48526,48536,10
12.9836196899,80.2224197388,48536,48545,9
12.9834403992,80.2222824097,48545,48555,10
12.9832696915,80.2221908569,48555,48567,12
12.9831800461,80.2221298218,48567,48577,10
12.9830102921,80.222038269,48577,48587,10
12.9824199677,80.2218399048,48587,48597,10
12.9816999435,80.2214126587,48597,48607,10
12.9808998108,80.2210388184,48607,48617,10
12.9800701141,80.2210769653,48617,48627,10
12.979180336,80.2211608887,48627,48637,10
12.9784898758,80.2211990356,48637,48647,10
12.9777698517,80.2212600708,48647,48657,10
12.9768695831,80.221282959,48657,48667,10
12.9757604599,80.2210769653,48667,48698,31
12.9757604599,80.2210769653,48698,48708,10
12.9755802155,80.2209091187,48708,48718,10
12.9751796722,80.2206726074,48718,48728,10
12.9744796753,80.2203521729,48728,48738,10
12.973739624,80.2200469971,48738,48748,10
12.9728803635,80.2197113037,48748,48758,10
12.9718799591,80.2193527222,48758,48768,10
12.9711399078,80.2191619873,48768,48778,10
12.9710702896,80.2191390991,48778,48789,11
12.9708795547,80.2190704346,48789,48799,10
12.9705200195,80.2188720703,48799,48809,10
12.970000267,80.2186431885,48809,48819,10
12.9694004059,80.2184066772,48819,48829,10
12.9687299728,80.2181472778,48829,48839,10
12.9680595398,80.217880249,48839,48849,10
12.9673595428,80.2175979614,48849,48859,10
12.9664402008,80.2172317505,48859,48869,10
12.9654197693,80.2168197632,48869,48879,10
12.9641399384,80.2163009644,48879,48890,11
12.9631004333,80.2158126831,48890,48900,10
12.9620504379,80.2154006958,48900,48910,10
12.9609603882,80.2149734497,48910,48920,10
12.959859848,80.2145462036,48920,48930,10
12.9587802887,80.2141036987,48930,48940,10
12.9576702118,80.2136688232,48940,48950,10
12.9565601349,80.2132110596,48950,48960,10
12.9554195404,80.2127838135,48960,48970,10
12.9542798996,80.2123336792,48970,48980,10
12.9532804489,80.2119293213,48980,48990,10
12.952249527,80.2115325928,48990,49000,10
12.9511699677,80.2111129761,49000,49011,11
12.9499998093,80.210647583,49011,49021,10
12.9490604401,80.2102813721,49021,49031,10
12.9481697083,80.2099304199,49031,49041,10
12.9470996857,80.2095031738,49041,49051,10
12.9458703995,80.2089996338,49051,49061,10
12.9447603226,80.2085800171,49061,49070,9
12.9442195892,80.2083816528,49070,49081,11
12.9441795349,80.2083587646,49081,49091,10
12.9437904358,80.208190918,49091,49101,10
12.9431800842,80.2078933716,49101,49112,11
12.9426002502,80.2071990967,49112,49122,10
12.941860199,80.2065200806,49122,49132,10
12.9411001205,80.2060394287,49132,49142,10
12.9410400391,80.2060089111,49142,49152,10
12.9408197403,80.205909729,49152,49162,10
12.9402999878,80.2057266235,49162,49172,10
12.939620018,80.2055206299,49172,49182,10
12.9388504028,80.2052764893,49182,49192,10
12.9380197525,80.205039978,49192,49202,10
12.9370803833,80.2047805786,49202,49212,10
12.9360704422,80.2044906616,49212,49229,17
12.9346103668,80.2039794922,49229,49241,12
12.9336795807,80.2039337158,49241,49249,8
12.9336700439,80.2039337158,49249,49261,12
12.9334697723,80.2039031982,49261,49271,10
12.9329795837,80.2037200928,49271,49281,10
12.9323101044,80.2034606934,49281,49291,10
12.9315795898,80.2032165527,49291,49301,10
12.9305896759,80.2029190063,49301,49311,10
12.9298601151,80.2028121948,49311,49321,10
12.9296598434,80.2027893066,49321,49332,11
12.9295597076,80.2027816772,49332,49342,10
12.9291000366,80.2026977539,49342,49352,10
12.9285097122,80.2024688721,49352,49362,10
12.9284496307,80.2016677856,49362,49372,10
12.9284200668,80.2006988525,49372,49382,10
12.92827034,80.1996078491,49382,49392,10
12.9277801514,80.1985626221,49392,49402,10
12.9269304276,80.1977767944,49402,49412,10
12.9258298874,80.1975021362,49412,49422,10
12.9253997803,80.1975097656,49422,49432,10
12.9250001907,80.1975021362,49432,49443,11
12.9242095947,80.1975097656,49443,49453,10
12.9234399796,80.1974868774,49453,49463,10
12.9229402542,80.1974334717,49463,49473,10
12.9222602844,80.1973419189,49473,49483,10
12.9220104218,80.197303772,49483,49499,16
12.9217996597,80.1972503662,49499,49511,12
12.9212598801,80.197052002,49511,49519,8
12.9207601547,80.1968536377,49519,49531,12
12.9198799133,80.1965408325,49531,49542,11
12.9192304611,80.1962203979,49542,49552,10
12.9184799194,80.1955795288,49552,49562,10
12.9179096222,80.1950378418,49562,49572,10
12.9173603058,80.1945266724,49572,49582,10
12.9169797897,80.1938400269,49582,49592,10
12.9170103073,80.1929092407,49592,49602,10
12.917140007,80.1921691895,49602,49612,10
12.9172201157,80.1914596558,49612,49622,10
12.9172496796,80.1913299561,49622,49632,10
12.9172697067,80.1912612915,49632,49642,10
12.9173297882,80.1908187866,49642,49653,11
12.9174203873,80.1900024414,49653,49663,10
12.917719841,80.1891479492,49663,49673,10
12.9183998108,80.1882781982,49673,49683,10
12.9190301895,80.1875991821,49683,49693,10
12.9196996689,80.1868209839,49693,49703,10
12.9204797745,80.1858673096,49703,49713,10
12.920419693,80.1847381592,49713,49723,10
12.9201602936,80.1835632324,49723,49733,10
12.9199104309,80.182510376,49733,49753,20
12.9199104309,80.182510376,49753,49764,11
12.9198198318,80.1820678711,49764,49774,10
12.9196596146,80.1813735962,49774,49784,10
12.9194898605,80.1805267334,49784,49794,10
12.9192399979,80.1795196533,49794,49804,10
12.9186096191,80.1785888672,49804,49814,10
12.9181699753,80.1776275635,49814,49824,10
12.9183301926,80.1765594482,49824,49834,10
12.9186201096,80.175453186,49834,49844,10
12.9188899994,80.1743087769,49844,49855,11
12.919260025,80.1729812622,49855,49865,10
12.9195804596,80.171836853,49865,49875,10
12.9198598862,80.1708831787,49875,49895,20
12.9198598862,80.1708831787,49895,49905,10
12.9198799133,80.1707763672,49905,49915,10
12.9200201035,80.1703033447,49915,49925,10
12.9202203751,80.1696624756,49925,49935,10
12.9204702377,80.1688613892,49935,49945,10
12.9206895828,80.168182373,49945,49955,10
12.9210996628,80.1669464111,49955,49966,11
12.9215097427,80.1657028198,49966,49976,10
12.9218797684,80.1645584106,49976,49986,10
12.9222202301,80.1634292603,49986,49996,10
12.9225797653,80.1623306274,49996,50006,10
12.9229202271,80.1612167358,50006,50016,10
12.923119545,80.1605300903,50016,50026,10
12.9231796265,80.1603469849,50026,50036,10
12.9233102798,80.1597671509,50036,50046,10
12.9234104156,80.1588973999,50046,50056,10
12.9235200882,80.1578063965,50056,50066,10
12.923620224,80.1566009521,50066,50077,11
12.9235095978,80.1553421021,50077,50087,10
12.9233598709,80.1548690796,50087,50097,10
12.9233598709,80.154838562,50097,50107,10
12.9232797623,80.1544570923,50107,50117,10
12.9231395721,80.1538772583,50117,50127,10
12.9229602814,80.153137207,50127,50137,10
12.9227304459,80.1522674561,50137,50147,10
12.9226503372,80.1516876221,50147,50157,10
12.9226398468,80.151222229,50157,50167,10
12.9226303101,80.1504211426,50167,50177,10
12.9225997925,80.1495819092,50177,50187,10
12.9225597382,80.1487197876,50187,50198,11
12.9225597382,80.1478729248,50198,50208,10
12.922539711,80.1474533081,50208,50218,10
12.9225196838,80.1470565796,50218,50228,10
12.9225196838,80.1468582153,50228,50238,10
12.9225301743,80.1466598511,50238,50248,10
12.9225196838,80.1460800171,50248,50258,10
12.9224901199,80.1452789307,50258,50268,10
12.9224796295,80.1443405151,50268,50278,10
12.9224500656,80.143661499,50278,50289,11
12.9224300385,80.1434783936,50289,50299,10
12.9224300385,80.1434402466,50299,50309,10
12.922419548,80.1430511475,50309,50319,10
12.9224004745,80.1425170898,50319,50329,10
12.9223899841,80.1420974731,50329,50339,10
12.9223899841,80.1416473389,50339,50349,10
12.9223899841,80.1411132813,50349,50359,10
12.9223899841,80.1405181885,50359,50369,10
12.922369957,80.1397781372,50369,50379,10
12.9223604202,80.1389770508,50379,50389,10
12.922419548,80.1382675171,50389,50400,11
12.922419548,80.1380081177,50400,50410,10
12.9224395752,80.1376495361,50410,50420,10
12.9224700928,80.1370315552,50420,50430,10
12.9224996567,80.1362609863,50430,50440,10
12.922539711,80.1352920532,50440,50450,10
12.9225902557,80.1341400146,50450,50460,10
12.9226398468,80.1330490112,50460,50470,10
12.9226703644,80.1320877075,50470,50480,10
12.9226799011,80.1312408447,50480,50490,10
12.9226903915,80.1311035156,50490,50500,10
12.9227104187,80.1306304932,50500,50510,10
12.922750473,80.1300201416,50510,50521,11
12.9228000641,80.1293411255,50521,50537,16
12.9228696823,80.1280593872,50537,50549,12
12.9229001999,80.1269226074,50549,50559,10
12.9229202271,80.1258392334,50559,50569,10
12.9229698181,80.1250610352,50569,50577,8
12.9230098724,80.1237869263,50577,50589,12
12.9230604172,80.1224975586,50589,50599,10
12.9230804443,80.1216888428,50599,50609,10
12.9231395721,80.1207427979,50609,50619,10
12.9232397079,80.1203765869,50619,50661,42
12.9232397079,80.1203765869,50661,50671,10
12.9232902527,80.1199874878,50671,50681,10
12.9233102798,80.1193008423,50681,50691,10
12.9233102798,80.1184768677,50691,50701,10
12.9233703613,80.1175003052,50701,52871,2170
12.9233703613,80.1175003052,52871,52882,11
12.9234800339,80.1173477173,52882,52892,10
12.9234895706,80.1169433594,52892,52902,10
12.9234800339,80.116859436,52902,52912,10
12.923620224,80.1168899536,52912,52922,10
12.9235296249,80.1172027588,52922,52932,10
12.9236097336,80.1176071167,52932,52942,10
12.9235696793,80.118057251,52942,52952,10
12.9234895706,80.1185531616,52952,52962,10
12.92345047,80.1192169189,52962,52972,10
12.9233503342,80.1198730469,52972,52983,11
12.9233198166,80.1201782227,52983,52993,10
12.9232997894,80.1204071045,52993,53003,10
12.9232797623,80.120552063,53003,53013,10
12.9232597351,80.12084198,53013,53029,16
12.9232597351,80.1216430664,53029,53414,385
12.9232597351,80.1216430664,53414,53425,11
12.9232397079,80.1217727661,53425,53435,10
12.9232196808,80.1221313477,53435,53445,10
12.9231901169,80.1226501465,53445,53455,10
12.9231595993,80.1233596802,53455,53465,10
12.923119545,80.1240615845,53465,53475,10
12.9231004715,80.1248703003,53475,53485,10
12.9230804443,80.1254730225,53485,53495,10
12.9230298996,80.1259307861,53495,53505,10
12.9230003357,80.1265487671,53505,53515,10
12.9229803085,80.1272201538,53515,53525,10
12.922949791,80.1276779175,53525,53536,11
12.9229202271,80.1281814575,53536,53546,10
12.9228696823,80.1286010742,53546,53556,10
12.9228000641,80.1291885376,53556,53566,10
12.9227600098,80.1298675537,53566,53576,10
12.9227600098,80.1305923462,53576,53586,10
12.9227600098,80.1312179565,53586,53596,10
12.9227600098,80.1312332153,53596,53606,10
12.9227399826,80.1316299438,53606,53616,10
12.9227104187,80.1322402954,53616,53626,10
12.9226799011,80.133102417,53626,53637,11
12.9226303101,80.1342773438,53637,53647,10
12.9225997925,80.1351013184,53647,53656,9
12.9225597382,80.1358337402,53656,53667,11
12.9224996567,80.1369400024,53667,53677,10
12.9224500656,80.1379165649,53677,53687,10
12.922369957,80.1387405396,53687,53697,10
12.9223604202,80.1396484375,53697,53707,10
12.9223804474,80.1404571533,53707,53717,10
12.9223804474,80.1414031982,53717,53727,10
12.9223804474,80.1422729492,53727,53738,11
12.9224500656,80.1427307129,53738,53768,30
12.9224500656,80.1427307129,53768,53778,10
12.9225101471,80.1436233521,53778,53798,20
12.9225101471,80.1436233521,53798,53808,10
12.9225101471,80.1437301636,53808,53818,10
12.9224996567,80.14427948,53818,53828,10
12.9225196838,80.1449737549,53828,53838,10
12.9225997925,80.1462783813,53838,53848,10
12.9226303101,80.1472473145,53848,53859,11
12.9226303101,80.1473770142,53859,53869,10
12.9226303101,80.1478500366,53869,53879,10
12.9225902557,80.1486434937,53879,53889,10
12.9226398468,80.1496505737,53889,53899,10
12.9226799011,80.1508178711,53899,53909,10
12.9227399826,80.1520004272,53909,53919,10
12.922949791,80.1530532837,53919,53929,10
12.9234304428,80.1547622681,53929,53949,20
12.9234304428,80.1547622681,53949,53959,10
12.9235200882,80.1551971436,53959,53970,11
12.9237003326,80.1560211182,53970,53979,9
12.9236402512,80.1569290161,53979,53990,11
12.9235095978,80.1582107544,53990,54000,10
12.9233999252,80.1593780518,54000,54010,10
12.9232797623,80.1603775024,54010,54020,10
12.9231996536,80.1606292725,54020,54030,10
12.9230203629,80.1611404419,54030,54040,10
12.9227695465,80.1619186401,54040,54050,10
12.9224300385,80.1629486084,54050,54061,11
12.9220304489,80.1641921997,54061,54071,10
12.9216499329,80.165397644,54071,54081,10
12.9212503433,80.1666030884,54081,54091,10
12.9208803177,80.1677703857,54091,54101,10
12.9205198288,80.1688690186,54101,54111,10
12.9201898575,80.1699829102,54111,54121,10
12.9200000763,80.1706695557,54121,54131,10
12.9199104309,80.1709823608,54131,54141,10
12.9198904037,80.1709976196,54141,54151,10
12.9197502136,80.1713790894,54151,54161,10
12.9195604324,80.1720733643,54161,54172,11
12.9193096161,80.172996521,54172,54182,10
12.9190502167,80.1740188599,54182,54192,10
12.9187698364,80.1751480103,54192,54202,10
12.9184598923,80.1762924194,54202,54212,10
12.9182500839,80.1774978638,54212,54222,10
12.9186401367,80.1785964966,54222,54232,10
12.9193096161,80.1796417236,54232,54242,10
12.9195804596,80.1809082031,54242,54252,10
12.9198799133,80.1822128296,54252,54262,10
12.9201803207,80.1834869385,54262,54272,10
12.9204397202,80.1846313477,54272,54283,11
12.9206199646,80.1852722168,54283,54293,10
12.9206399918,80.1853027344,54293,54303,10
12.9206800461,80.1856613159,54303,54313,10
12.9203500748,80.1862106323,54313,54323,10
12.9197797775,80.1868362427,54323,54333,10
12.9191799164,80.1875305176,54333,54343,10
12.9185199738,80.1882705688,54343,54353,10
12.9178199768,80.1891403198,54353,54363,10
12.9175300598,80.1898574829,54363,54373,10
12.9174098969,80.1906433105,54373,54383,10
12.9172897339,80.1914825439,54383,54393,10
12.9171600342,80.1923904419,54393,54404,11
12.917090416,80.1930465698,54404,54424,20
12.917090416,80.1930465698,54424,54434,10
12.9170398712,80.1930999756,54434,54444,10
12.9169998169,80.1934204102,54444,54454,10
12.9170198441,80.193649292,54454,54464,10
12.9171495438,80.1941604614,54464,54474,10
12.917550087,80.1946716309,54474,54484,10
12.9181499481,80.1951980591,54484,54494,10
12.9187898636,80.1957473755,54494,54505,11
12.9195995331,80.1963577271,54505,54515,10
12.9203195572,80.1966400146,54515,54531,16
12.9213695526,80.1969985962,54531,54543,12
12.9223804474,80.1972808838,54543,54553,10
12.9230899811,80.1973724365,54553,54563,10
12.9237604141,80.1974411011,54563,54572,9
12.9246902466,80.1974563599,54572,54583,11
12.9252796173,80.1974487305,54583,54593,10
12.9257001877,80.1974487305,54593,54603,10
12.9263801575,80.1975479126,54603,54614,11
12.9271297455,80.197883606,54614,54624,10
12.9277000427,80.1983108521,54624,54634,10
12.9281902313,80.199256897,54634,54644,10
12.928440094,80.2001495361,54644,54653,9
12.9284601212,80.2007293701,54653,54664,11
12.9285001755,80.2016906738,54664,54674,10
12.9285898209,80.2024917603,54674,54684,10
12.9294395447,80.2027206421,54684,54704,20
12.9294395447,80.2027206421,54704,54715,11
12.9299602509,80.2028198242,54715,54725,10
12.9305801392,80.2029190063,54725,54735,10
12.9308300018,80.2029571533,54735,54745,10
12.9310398102,80.2030181885,54745,54755,10
12.931599617,80.2032012939,54755,54765,10
12.9323997498,80.2034835815,54765,54775,10
12.9332399368,80.2037963867,54775,54785,10
12.9339895248,80.2038879395,54785,54805,20
12.9339895248,80.2038879395,54805,54816,11
12.9343500137,80.203918457,54816,54826,10
12.934920311,80.2040100098,54826,54836,10
12.9356403351,80.2043304443,54836,54846,10
12.9364995956,80.2045974731,54846,54856,10
12.9374103546,80.2048492432,54856,54866,10
12.9384202957,80.205116272,54866,54876,10
12.9394397736,80.2054290771,54876,54886,10
12.9400196075,80.2056121826,54886,54896,10
12.9401197433,80.2056427002,54896,54906,10
12.9406204224,80.2058029175,54906,54916,10
12.941280365,80.2061004639,54916,54927,11
12.9420003891,80.2065887451,54927,54937,10
12.9426803589,80.2071762085,54937,54947,10
12.9431695938,80.2078170776,54947,54957,10
12.944319725,80.2083435059,54957,54977,20
12.944319725,80.2083435059,54977,54987,10
12.9445695877,80.2084274292,54987,54997,10
12.9451398849,80.2086410522,54997,55007,10
12.9458904266,80.2089233398,55007,55017,10
12.9466695786,80.2092285156,55017,55027,10
12.9473495483,80.2095184326,55027,55038,11
12.9480600357,80.2097930908,55038,55048,10
12.9487600327,80.210067749,55048,55057,9
12.9495897293,80.2104034424,55057,55068,11
12.9508304596,80.210899353,55068,55078,10
12.9519100189,80.2113265991,55078,55088,10
12.9527301788,80.2116394043,55088,55098,10
12.953379631,80.2118988037,55098,55108,10
12.954079628,80.2121963501,55108,55118,10
12.9549198151,80.2125167847,55118,55128,10
12.9557504654,80.2128601074,55128,55138,10
12.9566001892,80.213180542,55138,55149,11
12.9578695297,80.2136688232,55149,55159,10
12.9588603973,80.2140808105,55159,55169,10
12.9598398209,80.2144699097,55169,55179,10
12.9609003067,80.2148971558,55179,55189,10
12.9619998932,80.2153320313,55189,55199,10
12.9630203247,80.2157211304,55199,55209,10
12.9636201859,80.2159423828,55209,55219,10
12.964220047,80.2162399292,55219,55229,10
12.9649496078,80.2165298462,55229,55239,10
12.9656496048,80.2168121338,55239,55249,10
12.9663200378,80.2170791626,55249,55260,11
12.9670600891,80.2173614502,55260,55270,10
12.9677600861,80.2176589966,55270,55280,10
12.9685096741,80.217956543,55280,55290,10
12.9695701599,80.2183685303,55290,55300,10
12.9711904526,80.2189788818,55300,55320,20
12.9711904526,80.2189788818,55320,55330,10
12.9715595245,80.2191162109,55330,55340,10
12.9721698761,80.2193984985,55340,55350,10
12.9729700089,80.2197113037,55350,55360,10
12.9737796783,80.2201004028,55360,55371,11
12.9747896194,80.2205123901,55371,55391,20
12.9747896194,80.2205123901,55391,55401,10
12.9749698639,80.2205429077,55401,55411,10
12.9752197266,80.2206420898,55411,55421,10
12.975569725,80.2208404541,55421,55431,10
12.976099968,80.2212295532,55431,55461,30
12.976099968,80.2212295532,55461,55478,17
12.9766798019,80.2212371826,55478,55490,12
12.9775600433,80.2211990356,55490,55498,8
12.9781599045,80.2211380005,55498,55510,12
12.9789400101,80.2210617065,55510,55520,10
12.9797296524,80.2210235596,55520,55530,10
12.9805498123,80.2209396362,55530,55539,9
12.981300354,80.2211227417,55539,55550,11
12.9820404053,80.2215881348,55550,55560,10
12.9823198318,80.2217330933,55560,55571,11
12.9827899933,80.2218780518,55571,55581,10
12.9828395844,80.2219085693,55581,55591,10
12.9832201004,80.2221374512,55591,55601,10
12.9836597443,80.2224502563,55601,55610,9
12.9842195511,80.2227706909,55610,55621,11
12.9849395752,80.2231674194,55621,55631,10
12.9854898453,80.223197937,55631,55641,10
12.986000061,80.2229537964,55641,55651,10
12.9863796234,80.2229690552,55651,55661,10
12.9864997864,80.2229690552,55661,55671,10
12.9868497849,80.2229919434,55671,55682,11
12.9873695374,80.2230529785,55682,55692,10
12.9880800247,80.2228164673,55692,55702,10
12.988699913,80.2222137451,55702,55712,10
12.9893398285,80.2214889526,55712,55722,10
12.9900503159,80.2205886841,55722,55752,30
12.9900503159,80.2205886841,55752,55762,10
12.99036026,80.220413208,55762,55772,10
12.9905099869,80.2202835083,55772,55782,10
12.9908599854,80.2200088501,55782,55793,11
12.9913396835,80.219619751,55793,55803,10
12.9913597107,80.2196121216,55803,55813,10
12.9915704727,80.2195281982,55813,55823,10
12.9919996262,80.2191925049,55823,55833,10
12.9925403595,80.2187805176,55833,55843,10
12.9932203293,80.2182388306,55843,55853,10
12.9938402176,80.2177429199,55853,55863,10
12.9941902161,80.2175216675,55863,55873,10
12.9944295883,80.217376709,55873,55893,20
12.9944295883,80.217376709,55893,55904,11
12.9946203232,80.2172470093,55904,55914,10
12.9946899414,80.2172088623,55914,55924,10
12.9949197769,80.2170791626,55924,55934,10
12.9952201843,80.2168731689,55934,55944,10
12.9953699112,80.2167816162,55944,55954,10
12.9956703186,80.2166366577,55954,55964,10
12.9964895248,80.2164230347,55964,55984,20
12.9964895248,80.2164230347,55984,55994,10
12.9967603683,80.2164306641,55994,56004,10
12.9970197678,80.2164230347,56004,56015,11
12.9974298477,80.2161026001,56015,56025,10
12.997590065,80.2160186768,56025,56035,10
12.997879982,80.2157516479,56035,56045,10
12.9983901978,80.2152786255,56045,56055,10
12.9989995956,80.2147674561,56055,56065,10
12.9992704391,80.2145385742,56065,56075,10
12.9997301102,80.2141723633,56075,56085,10
13.0000600815,80.2138900757,56085,56095,10
13.0005302429,80.2134628296,56095,56106,11
13.0010700226,80.2129669189,56106,56116,10
13.0017595291,80.2125320435,56116,56136,20
13.0018701553,80.2125015259,56136,56166,30
13.0018701553,80.2125015259,56166,56176,10
13.0021600723,80.2122421265,56176,56186,10
13.0021696091,80.2122268677,56186,56196,10
13.0025100708,80.2121124268,56196,56206,10
13.0031700134,80.212020874,56206,56237,31
13.0031700134,80.212020874,56237,56247,10
13.0035600662,80.2119979858,56247,56257,10
13.0037698746,80.2119674683,56257,56267,10
13.0041999817,80.2120895386,56267,56277,10
13.0046596527,80.2123031616,56277,56287,10
13.0051403046,80.2125930786,56287,56297,10
13.0057497025,80.2128829956,56297,56307,10
13.0064496994,80.2126922607,56307,56317,10
13.007109642,80.2127380371,56317,56328,11
13.0078201294,80.2130432129,56328,56348,20
13.0078201294,80.2130432129,56348,56358,10
13.008099556,80.213218689,56358,56368,10
13.0086202621,80.2135391235,56368,56378,10
13.009059906,80.2141113281,56378,56388,10
13.0093698502,80.2145385742,56388,56398,10
13.00963974,80.2149810791,56398,56408,10
13.0098695755,80.2152328491,56408,56418,10
13.010219574,80.2157211304,56418,56429,11
13.0106897354,80.2164230347,56429,56439,10
13.0109395981,80.217086792,56439,56449,10
13.0112304688,80.2177810669,56449,56459,10
13.0114603043,80.2184371948,56459,56469,10
13.0117397308,80.2192382813,56469,56479,10
13.0120401382,80.2202606201,56479,56488,9
13.0123796463,80.2211532593,56488,56498,10
13.0126199722,80.2215881348,56498,56509,11
13.0129899979,80.2220993042,56509,56519,10
13.0133800507,80.2225494385,56519,56529,10
13.0137395859,80.2229919434,56529,56540,11
13.0140199661,80.2233734131,56540,56550,10
13.0142202377,80.2235870361,56550,56560,10
13.0142402649,80.2236022949,56560,56570,10
13.0145301819,80.2239303589,56570,56580,10
13.0148000717,80.2242889404,56580,56590,10
13.0151100159,80.2247009277,56590,56600,10
13.0154104233,80.2249069214,56600,56610,10
13.01541996,80.2249221802,56610,56620,10
13.0155296326,80.2249832153,56620,56630,10
13.0157403946,80.2251434326,56630,56640,10
13.0162000656,80.2252807617,56640,56651,11
13.0169401169,80.225112915,56651,56661,10
13.0177297592,80.224822998,56661,56671,10
13.0185203552,80.2245178223,56671,56681,10
13.0192403793,80.2243499756,56681,56691,10
13.0197200775,80.2245178223,56691,56701,10
13.0200395584,80.2247390747,56701,56711,10
13.0205802917,80.2251281738,56711,56721,10
13.021030426,80.2254714966,56721,56731,10
13.021780014,80.2260131836,56731,56762,31
13.021780014,80.2260131836,56762,56772,10
13.0221099854,80.2262802124,56772,56782,10
13.0226202011,80.2267379761,56782,56792,10
13.0232400894,80.2273025513,56792,56802,10
13.0239896774,80.2280197144,56802,56812,10
13.0246295929,80.2288589478,56812,56832,20
13.0246295929,80.2288589478,56832,56842,10
13.0248498917,80.2291870117,56842,56853,11
13.0253095627,80.2298202515,56853,56863,10
13.0257902145,80.2305603027,56863,56879,16
13.0262098312,80.2313308716,56879,56891,12
13.0269603729,80.2311172485,56891,56901,10
13.0277395248,80.2309570313,56901,56921,20
13.0277395248,80.2309570313,56921,56931,10
13.0281801224,80.2309188843,56931,56951,20
13.0281801224,80.2309188843,56951,56962,11
13.0285797119,80.2309036255,56962,56982,20
13.0285797119,80.2309036255,56982,56992,10
13.0288095474,80.2308807373,56992,57002,10
13.0290803909,80.2308578491,57002,57012,10
13.0296096802,80.2308120728,57012,57022,10
13.0300703049,80.230758667,57022,57032,10
13.0304098129,80.2307281494,57032,57042,10
13.0306596756,80.23072052,57042,57052,10
13.03125,80.230682373,57052,57062,10
13.0320396423,80.2306213379,57062,57073,11
13.0328998566,80.2305831909,57073,57083,10
13.0335798264,80.2305679321,57083,57093,10
13.0342998505,80.2304534912,57093,57153,60
13.0342998505,80.2304534912,57153,57163,10
13.0347700119,80.2303390503,57163,57174,11
13.0349597931,80.2301864624,57174,57184,10
13.0347995758,80.2299880981,57184,57709,525
13.0345401764,80.2299194336,57709,58375,666
13.0341596603,80.2298583984,58375,58466,91
13.0341596603,80.2298583984,58466,58476,10
13.0342102051,80.23021698,58476,58567,91
13.0342102051,80.23021698,58567,58577,10
13.0338897705,80.2304763794,58577,58587,10
13.0337095261,80.23046875,58587,58597,10
13.0331296921,80.2305221558,58597,58607,10
13.0323095322,80.2305908203,58607,58616,9
13.0314998627,80.2306671143,58616,58627,11
13.0305404663,80.230758667,58627,58637,10
13.0298299789,80.2308273315,58637,58647,10
13.029419899,80.2308883667,58647,58657,10
13.0287599564,80.2309417725,58657,58667,10
13.0279998779,80.2310180664,58667,58678,11
13.0276498795,80.2311401367,58678,58688,10
13.0277204514,80.2316818237,58688,58698,10
13.0278396606,80.2322921753,58698,58708,10
13.0277395248,80.2328033447,58708,58718,10
13.0270900726,80.2329177856,58718,58728,10
13.0270004272,80.2329406738,58728,58738,10
13.0267696381,80.2329788208,58738,58748,10
13.0263900757,80.2329177856,58748,58758,10
13.0261697769,80.2322616577,58758,58769,11
13.0259199142,80.2313537598,58769,58779,10
13.0257196426,80.230682373,58779,58789,10
13.0252504349,80.229888916,58789,58799,10
13.0249795914,80.2295227051,58799,58809,10
13.024939537,80.2294692993,58809,58819,10
13.0248003006,80.2292861938,58819,58829,10
13.0245704651,80.2289733887,58829,58839,10
13.0241804123,80.2284469604,58839,58849,10
13.0237703323,80.2279434204,58849,58865,16
13.0231304169,80.2274703979,58865,58877,12
13.0230398178,80.2274017334,58877,58888,11
13.0228300095,80.2272567749,58888,58898,10
13.0225696564,80.2268295288,58898,58908,10
13.0221996307,80.2265014648,58908,58918,10
13.0216598511,80.2260513306,58918,58928,10
13.0207996368,80.2253799438,58928,58938,10
13.0199699402,80.2248535156,58938,58948,10
13.0198802948,80.2247924805,58948,58958,10
13.0198297501,80.2247772217,58958,58968,10
13.0194997787,80.2245635986,58968,58978,10
13.0187301636,80.2245101929,58978,58989,11
13.0176696777,80.2249298096,58989,58999,10
13.01679039,80.2252807617,58999,59009,10
13.0159902573,80.2255935669,59009,59018,9
13.0153102875,80.2258605957,59018,59028,10
13.0145998001,80.2261428833,59028,59039,11
13.0143003464,80.2262573242,59039,59049,10
13.0140399933,80.226348877,59049,59059,10
13.0134401321,80.2265777588,59059,59069,10
13.0126495361,80.2268981934,59069,59079,10
13.0116596222,80.2272872925,59079,59090,11
13.0105495453,80.2276992798,59090,59100,10
13.0098304749,80.2279510498,59100,59110,10
13.0094900131,80.2276000977,59110,59120,10
13.0096998215,80.2271881104,59120,59130,10
13.0100097656,80.2265090942,59130,59140,10
13.0103702545,80.225730896,59140,59150,10
13.0106201172,80.2252120972,59150,59160,10
13.0106601715,80.2250595093,59160,59170,10
13.010840416,80.2246322632,59170,59180,10
13.0110902786,80.2240829468,59180,59190,10
13.0112695694,80.2236785889,59190,59201,11
13.0114898682,80.2231674194,59201,59211,10
13.0117301941,80.2224502563,59211,59221,10
13.0120000839,80.2217025757,59221,59231,10
13.012169838,80.2210769653,59231,59241,10
13.0119600296,80.2203979492,59241,59251,10
13.0116701126,80.2195205688,59251,59261,10
13.0113897324,80.2186889648,59261,59271,10
13.0111598969,80.2179718018,59271,59281,10
13.0109195709,80.217376709,59281,59291,10
13.0106401443,80.2167816162,59291,59300,9
13.0103998184,80.2162475586,59300,59312,12
13.0100097656,80.2155075073,59312,59322,10
13.0095596313,80.2148132324,59322,59332,10
13.0090999603,80.2142333984,59332,59342,10
13.0086603165,80.2136688232,59342,59352,10
13.0083398819,80.2134017944,59352,59382,30
13.0083398819,80.2134017944,59382,59392,10
13.0082197189,80.2133102417,59392,59402,10
13.0080299377,80.213218689,59402,59412,10
13.0079097748,80.2131576538,59412,59423,11
13.0078802109,80.2130889893,59423,59433,10
13.0076303482,80.2128982544,59433,59443,10
13.007060051,80.2127685547,59443,59453,10
13.0062999725,80.2127914429,59453,59463,10
13.0055103302,80.2128372192,59463,59472,9
13.0048398972,80.2124176025,59472,59483,11
13.0039396286,80.212097168,59483,59493,10
13.0030002594,80.2120819092,59493,59504,11
13.0020999908,80.2123184204,59504,59525,21
13.0020999908,80.2123184204,59525,59535,10
13.0018701553,80.2124404907,59535,59545,10
13.0015697479,80.2126617432,59545,59595,50
13.0012702942,80.212852478,59595,59626,31
13.0012702942,80.212852478,59626,59636,10
13.0010700226,80.2130203247,59636,59646,10
13.0010299683,80.2130508423,59646,59656,10
13.0007696152,80.2133026123,59656,59666,10
13.0003004074,80.2137908936,59666,59676,10
12.9997596741,80.2142486572,59676,59686,10
12.9992599487,80.2146835327,59686,59696,10
12.9989595413,80.2149429321,59696,59706,10
12.9985103607,80.2153015137,59706,59716,10
12.9978599548,80.215927124,59716,59727,11
12.997420311,80.2163009644,59727,59737,10
12.9972600937,80.2164916992,59737,59747,10
12.9968004227,80.2165527344,59747,59757,10
12.9961900711,80.2166595459,59757,59767,10
12.9953804016,80.2169036865,59767,59777,10
12.9946098328,80.2173919678,59777,59787,10
12.9939603806,80.217880249,59787,59797,10
12.9933004379,80.2183303833,59797,59807,10
12.9926595688,80.2187805176,59807,59817,10
12.9919204712,80.2193222046,59817,59827,10
12.9915304184,80.2196121216,59827,59838,11
12.9911403656,80.219871521,59838,59848,10
12.9907503128,80.2201690674,59848,59858,10
12.9907197952,80.220199585,59858,59868,10
12.9905595779,80.2203216553,59868,59878,10
12.9901800156,80.2206420898,59878,59888,10
12.9896602631,80.2211914063,59888,59898,10
12.9891996384,80.2217712402,59898,59908,10
12.9887800217,80.2222824097,59908,59918,10
12.9882097244,80.2228012085,59918,59928,10
12.9876699448,80.2231063843,59928,59938,10
12.9875497818,80.2230911255,59938,59949,11
12.9870300293,80.2230529785,59949,59959,10
12.9863595963,80.2229537964,59959,59969,10
12.9856100082,80.2230987549,59969,59979,10
12.9852600098,80.2232818604,59979,59989,10
12.9847803116,80.2230987549,59989,59999,10
12.984120369,80.2227020264,59999,60009,10
12.9836597443,80.2224502563,60009,60019,10
12.9832897186,80.2221832275,60019,60029,10
12.9832401276,80.2221374512,60029,60039,10
12.9831600189,80.2220916748,60039,60050,11
12.982919693,80.2219390869,60050,60060,10
12.9822797775,80.2217483521,60060,60070,10
12.9817304611,80.2214279175,60070,60080,10
12.981089592,80.2210617065,60080,60090,10
12.9804296494,80.2210617065,60090,60100,10
12.9798002243,80.2211303711,60100,60120,20
12.9798002243,80.2211303711,60120,60130,10
12.9796895981,80.2211227417,60130,60140,10
12.9794197083,80.2211303711,60140,60150,10
12.9789199829,80.2211608887,60150,60161,11
12.9781703949,80.2211990356,60161,60171,10
12.9774599075,80.2212371826,60171,60181,10
12.9766998291,80.2212600708,60181,60191,10
12.9760398865,80.2212905884,60191,60201,10
12.9755401611,80.2209701538,60201,60251,50
12.9755401611,80.2209701538,60251,60262,11
12.9753599167,80.2208328247,60262,60272,10
12.9749603271,80.2206192017,60272,60282,10
12.9742202759,80.2202987671,60282,60292,10
12.9733800888,80.2199325562,60292,60302,10
12.9726295471,80.2196273804,60302,60312,10
12.9717197418,80.2192764282,60312,60322,10
12.9709796906,80.2191162109,60322,60332,10
12.9709396362,80.2190704346,60332,60342,10
12.9706001282,80.2189025879,60342,60352,10
12.9699897766,80.2186203003,60352,60362,10
12.9693002701,80.2183532715,60362,60373,11
12.9685602188,80.2180404663,60373,60383,10
12.9678697586,80.2177734375,60383,60393,10
12.9671401978,80.2174835205,60393,60403,10
12.9661197662,80.2170791626,60403,60419,16
12.9642601013,80.2163314819,60419,60431,12
12.9633302689,80.2159194946,60431,60441,10
12.9625701904,80.2155914307,60441,60451,10
12.961640358,80.2152099609,60451,60461,10
12.9605703354,80.2147598267,60461,60469,8
12.959690094,80.2144012451,60469,60482,13
12.9582500458,80.2138366699,60482,60492,10
12.9571304321,80.2134017944,60492,60502,10
12.9560003281,80.2129516602,60502,60512,10
12.954990387,80.2125701904,60512,60520,8
12.9541196823,80.2122192383,60520,60532,12
12.9529600143,80.2117614746,60532,60542,10
12.9519395828,80.2113494873,60542,60551,9
12.9510803223,80.2110137939,60551,60562,11
12.9498195648,80.2105178833,60562,60572,10
12.9488601685,80.2101364136,60572,60583,11
12.9477796555,80.2097091675,60583,60593,10
12.9465198517,80.2092208862,60593,60603,10
12.9451799393,80.2086868286,60603,60612,9
12.9443397522,80.2083969116,60612,60623,11
12.9441699982,80.2083282471,60623,60633,10
12.9439296722,80.2082290649,60633,60643,10
12.9434604645,80.2080383301,60643,60653,10
12.9428796768,80.2075805664,60653,60663,10
12.9426498413,80.2072296143,60663,60673,10
12.9423398972,80.2069091797,60673,60683,10
12.9417800903,80.2064590454,60683,60694,11
12.9411001205,80.2060470581,60694,60704,10
12.940990448,80.2059936523,60704,60714,10
12.9405403137,80.2058105469,60714,60724,10
12.9398403168,80.205581665,60724,60734,10
12.9390201569,80.2053222656,60734,60744,10
12.9380998611,80.205039978,60744,60754,10
12.9370603561,80.204750061,60754,60764,10
12.935959816,80.2044372559,60764,60774,10
12.9350996017,80.2040786743,60774,60784,10
12.9343595505,80.2039337158,60784,60795,11
12.9337797165,80.203918457,60795,60805,10
12.9336996078,80.2039108276,60805,60815,10
12.933380127,80.2038574219,60815,60825,10
12.9327802658,80.2036209106,60825,60835,10
12.9320201874,80.2033615112,60835,60845,10
12.9312896729,80.2031097412,60845,60855,10
12.9307203293,80.2029418945,60855,60865,10
12.9300203323,80.2028198242,60865,60875,10
12.9297199249,80.2027816772,60875,60885,10
12.9296398163,80.2027816772,60885,60895,10
12.9294595718,80.2027511597,60895,60906,11
12.9288396835,80.2026596069,60906,60916,10
12.9284696579,80.2022705078,60916,60926,10
12.9284496307,80.201499939,60926,60936,10
12.9284296036,80.2005081177,60936,60946,10
12.9282302856,80.199432373,60946,60956,10
12.92786026,80.1986465454,60956,60966,10
12.9272403717,80.1979598999,60966,60976,10
12.9264802933,80.1975708008,60976,60986,10
12.9257001877,80.1974868774,60986,60996,10
12.925330162,80.1974868774,60996,61007,11
12.9247303009,80.197479248,61007,61017,10
12.9239301682,80.197479248,61017,61027,10
12.9229698181,80.1973876953,61027,61037,10
12.9219398499,80.1972503662,61037,61047,10
12.9211397171,80.1969680786,61047,61057,10
12.9206199646,80.1967773438,61057,61067,10
12.9200000763,80.1965637207,61067,61077,10
12.9194202423,80.1963119507,61077,61087,10
12.9188699722,80.1959228516,61087,61097,10
12.9183797836,80.1954574585,61097,61107,10
12.9178199768,80.1949462891,61107,61118,11
12.9171800613,80.1943206787,61118,61128,10
12.9170598984,80.1941299438,61128,61138,10
12.9169998169,80.1937637329,61138,61148,10
12.9170198441,80.1932296753,61148,61158,10
12.917090416,80.1926116943,61158,61168,10
12.9171895981,80.1921234131,61168,61178,10
12.91726017,80.1915817261,61178,61188,10
12.9172897339,80.1913070679,61188,61198,10
12.9173297882,80.1912536621,61198,61208,10
12.9173698425,80.1908493042,61208,61219,11
12.9173803329,80.1903762817,61219,61229,10
12.9175195694,80.189781189,61229,61239,10
12.9178600311,80.1890029907,61239,61249,10
12.9185199738,80.1881866455,61249,61259,10
12.9187803268,80.1878662109,61259,61275,16
12.9189100266,80.1877593994,61275,61287,12
12.9192199707,80.1874389648,61287,61295,8
12.9195995331,80.18699646,61295,61307,12
12.9201402664,80.1864013672,61307,61317,10
12.9206199646,80.1856689453,61317,61327,10
12.9204101563,80.1845626831,61327,61338,11
12.9203100204,80.184173584,61338,61348,10
12.9202899933,80.18409729,61348,61358,10
12.9201803207,80.183631897,61358,61368,10
12.9200401306,80.1830062866,61368,61378,10
12.9199399948,80.1825637817,61378,61388,10
12.9198999405,80.1823577881,61388,61398,10
12.9197797775,80.1817626953,61398,61407,9
12.9196300507,80.1810302734,61407,61417,10
12.9194202423,80.1800537109,61417,61428,11
12.9189100266,80.1789474487,61428,61439,11
12.9182100296,80.1778869629,61439,61449,10
12.9183397293,80.1767196655,61449,61459,10
12.9186201096,80.175567627,61459,61469,10
12.9188804626,80.1744537354,61469,61479,10
12.9191799164,80.1732406616,61479,61489,10
12.919500351,80.1720581055,61489,61499,10
12.9197702408,80.1710891724,61499,61509,10
12.9198503494,80.1708297729,61509,61519,10
12.9198703766,80.1707763672,61519,61529,10
12.9200201035,80.1703262329,61529,61540,11
12.9202899933,80.1694564819,61540,61550,10
12.9206399918,80.1683807373,61550,61560,10
12.9209604263,80.167388916,61560,61570,10
12.9213199615,80.1662902832,61570,61580,10
12.9216899872,80.1651382446,61580,61590,10
12.9220399857,80.1640167236,61590,61600,10
12.9223899841,80.1629562378,61600,61610,10
12.9227304459,80.1618423462,61610,61620,10
12.9231595993,80.1604232788,61620,61640,20
12.9231595993,80.1604232788,61640,61651,11
12.9232797623,80.1600036621,61651,61661,10
12.9233798981,80.1592102051,61661,61671,10
12.923500061,80.1581192017,61671,61681,10
12.923620224,80.1568984985,61681,61691,10
12.9236497879,80.1557006836,61691,61701,10
12.9233999252,80.1549377441,61701,61711,10
12.9233798981,80.1548690796,61711,61721,10
12.9232997894,80.1544494629,61721,61731,10
12.923119545,80.1537399292,61731,61741,10
12.9229402542,80.1530227661,61741,61751,10
12.9227304459,80.1521835327,61751,61762,11
12.9227199554,80.1520004272,61762,61772,10
12.9227304459,80.1519470215,61772,61782,10
12.9226999283,80.1514968872,61782,61798,16
12.922659874,80.1500167847,61798,61810,12
12.9225797653,80.1485900879,61810,61818,8
12.9225702286,80.1476364136,61818,61830,12
12.9225597382,80.1468505859,61830,61840,10
12.9225597382,80.1464920044,61840,61850,10
12.922539711,80.1457901001,61850,61861,11
12.9224996567,80.1448364258,61861,61871,10
12.9224796295,80.1438522339,61871,61881,10
12.9224395752,80.1432266235,61881,61911,30
12.9224395752,80.1432266235,61911,61921,10
12.9224395752,80.1430130005,61921,61931,10
12.9224395752,80.1427001953,61931,61941,10
12.9224300385,80.1423034668,61941,61951,10
12.922419548,80.1418075562,61951,61961,10
12.9224004745,80.1410903931,61961,61972,11
12.9223804474,80.1401519775,61972,61982,10
12.922369957,80.1392211914,61982,61991,9
12.922419548,80.1384735107,61991,62002,11
12.9224596024,80.1377410889,62002,62012,10
12.9225101471,80.1368179321,62012,62022,10
12.9225502014,80.1360015869,62022,62032,10
12.9225702286,80.1352233887,62032,62042,10
12.9226102829,80.1344528198,62042,62052,10
12.9226503372,80.1335906982,62052,62062,10
12.9226799011,80.1328430176,62062,62073,11
12.9226999283,80.1320800781,62073,62083,10
12.9226999283,80.131401062,62083,62093,10
12.9227104187,80.1313171387,62093,62103,10
12.9227399826,80.1310806274,62103,62113,10
12.922750473,80.1306381226,62113,62123,10
12.9227800369,80.1300964355,62123,62133,10
12.9228200912,80.1295623779,62133,62143,10
12.9228496552,80.1290588379,62143,62153,10
12.9229001999,80.1285018921,62153,62163,10
12.9229001999,80.1278991699,62163,62173,10
12.9229402542,80.1271514893,62173,62184,11
12.9229402542,80.1261901855,62184,62194,10
12.9230098724,80.1253433228,62194,62204,10
12.9230604172,80.1243667603,62204,62214,10
12.9230899811,80.123260498,62214,62224,10
12.923119545,80.1220932007,62224,62234,10
12.9232301712,80.120552063,62234,62264,30
12.9232301712,80.120552063,62264,62274,10
12.9233102798,80.1201171875,62274,62285,11
12.9233398438,80.1192703247,62285,62295,10
12.9233398438,80.118598938,62295,62305,10
12.9234199524,80.1178588867,62305,62315,10
12.9234600067,80.1169281006,62315,62335,20
12.9234600067,80.1169281006,62335,62345,10
12.9236097336,80.1169967651,62345,62355,10
12.9235496521,80.1175613403,62355,62365,10
12.9235601425,80.1181488037,62365,62375,10
12.9235095978,80.1187133789,62375,62385,10
12.9234695435,80.1192932129,62385,62396,11
12.923330307,80.1201171875,62396,62412,16
12.9233102798,80.1203079224,62412,62424,12
12.9232902527,80.1204376221,62424,62434,10
12.9232797623,80.1208877563,62434,62444,10
12.9233102798,80.1213378906,62444,63454,1010
12.9233102798,80.1213378906,63454,63464,10
12.9231796265,80.1216812134,63464,63474,10
12.9231796265,80.1220397949,63474,63484,10
12.9231595993,80.1226425171,63484,63494,10
12.9231395721,80.1234207153,63494,63504,10
12.9231004715,80.1242599487,63504,63514,10
12.9230804443,80.1250610352,63514,63524,10
12.9230804443,80.1255111694,63524,63534,10
12.9230298996,80.1258010864,63534,63544,10
12.9230003357,80.1262588501,63544,63554,10
12.9229698181,80.1270370483,63554,63565,11
12.9229297638,80.1275787354,63565,63575,10
12.9229097366,80.1280670166,63575,63585,10
12.9228696823,80.1285324097,63585,63595,10
12.922829628,80.1290588379,63595,63605,10
12.9228000641,80.129737854,63605,63615,10
12.9227695465,80.1303329468,63615,63625,10
12.9227800369,80.1310272217,63625,63635,10
12.9227800369,80.1312484741,63635,63645,10
12.922750473,80.1315231323,63645,63655,10
12.9227304459,80.1320724487,63655,63666,11
12.9226999283,80.1327285767,63666,63676,10
12.922659874,80.1335296631,63676,63686,10
12.9226102829,80.134552002,63686,63696,10
12.9225797653,80.1353683472,63696,63706,10
12.922539711,80.1362991333,63706,63716,10
12.9224901199,80.1372528076,63716,63726,10
12.9224500656,80.1379165649,63726,63736,10
12.9224100113,80.1386184692,63736,63746,10
12.9223604202,80.1393890381,63746,63755,9
12.9223899841,80.1401672363,63755,63766,11
12.9224004745,80.1407394409,63766,63776,10
12.9224395752,80.1413803101,63776,63787,11
12.9224300385,80.1418533325,63787,63797,10
12.9224500656,80.1424865723,63797,63807,10
12.9224901199,80.1432266235,63807,63817,10
12.9225196838,80.1435394287,63817,63827,10
12.9225301743,80.1436309814,63827,63837,10
12.9225196838,80.1440429688,63837,63847,10
12.922539711,80.1448135376,63847,63857,10
12.9225702286,80.1457672119,63857,63867,10
12.9226102829,80.1469192505,63867,63878,11
12.9226303101,80.1474914551,63878,63888,10
12.9226198196,80.1481323242,63888,63898,10
12.9226198196,80.149017334,63898,63908,10
12.922659874,80.1500320435,63908,63918,10
12.9226999283,80.1511535645,63918,63928,10
12.9227104187,80.1515579224,63928,63938,10
12.9227199554,80.151802063,63938,63948,10
12.9227895737,80.1523208618,63948,63958,10
12.9229602814,80.1530609131,63958,63968,10
12.9231595993,80.1538009644,63968,63978,10
12.9233903885,80.154510498,63978,63989,11
12.9234304428,80.1546630859,63989,63999,10
12.9234895706,80.1549987793,63999,64009,10
12.923500061,80.155128479,64009,64025,16
12.9237203598,80.1561126709,64025,64037,12
12.9235897064,80.1573104858,64037,64045,8
12.923500061,80.1582336426,64045,64057,12
12.9233798981,80.1596298218,64057,64067,10
12.9231700897,80.1606674194,64067,64077,10
12.9228200912,80.161781311,64077,64087,10
12.9224700928,80.162902832,64087,64097,10
12.9221200943,80.1639862061,64097,64108,11
12.9217195511,80.1652374268,64108,64118,10
12.9213895798,80.1662597656,64118,64128,10
12.9210300446,80.167350769,64128,64138,10
12.9207601547,80.16822052,64138,64148,10
12.9205102921,80.1689987183,64148,64157,9
12.9202003479,80.1700592041,64157,64168,11
12.9199399948,80.1708908081,64168,64178,10
12.9198904037,80.1710891724,64178,64188,10
12.9197597504,80.1715393066,64188,64199,11
12.9195203781,80.17237854,64199,64209,10
12.9192495346,80.1733169556,64209,64219,10
12.918970108,80.1744232178,64219,64229,10
12.9187002182,80.175567627,64229,64239,10
12.9184598923,80.1766204834,64239,64249,10
12.918419838,80.1768417358,64249,64259,10
12.9183397293,80.1773223877,64259,64269,10
12.918390274,80.1781616211,64269,64279,10
12.9190101624,80.1790390015,64279,64289,10
12.9194602966,80.1801605225,64289,64299,10
12.919719696,80.1813964844,64299,64310,11
12.9200296402,80.1827697754,64310,64320,10
12.9202604294,80.1837005615,64320,64330,10
12.9204397202,80.1845397949,64330,64340,10
12.9205799103,80.1851425171,64340,64350,10
12.9206199646,80.1853179932,64350,64360,10
12.9206695557,80.1854782104,64360,64370,10
12.9206104279,80.1858901978,64370,64380,10
12.9201402664,80.1864624023,64380,64390,10
12.9195299149,80.1871414185,64390,64400,10
12.9190502167,80.1876831055,64400,64411,11
12.9186496735,80.1881408691,64411,64421,10
12.9181995392,80.1885986328,64421,64431,10
12.9177398682,80.1892471313,64431,64441,10
12.9174804688,80.1902236938,64441,64451,10
12.9173402786,80.1913604736,64451,64461,10
12.9172401428,80.1921463013,64461,64471,10
12.9172000885,80.1925201416,64471,64481,10
12.9171600342,80.1928787231,64481,64491,10
12.9171199799,80.1930007935,64491,64501,10
12.917090416,80.1935882568,64501,64511,10
12.9171695709,80.1940383911,64511,64522,11
12.9172401428,80.1942367554,64522,64532,10
12.9176301956,80.1947174072,64532,64542,10
12.9182395935,80.1952972412,64542,64552,10
12.9189395905,80.1959381104,64552,64562,10
12.9195203781,80.1963577271,64562,64572,10
12.9201803207,80.1966171265,64572,64582,10
12.9206695557,80.1968002319,64582,64592,10
12.920920372,80.1968612671,64592,64602,10
12.9211597443,80.196937561,64602,64612,10
12.9216804504,80.1971511841,64612,64623,11
12.9225997925,80.1973495483,64623,64633,10
12.9235601425,80.197479248,64633,64643,10
12.9246101379,80.1975097656,64643,64653,10
12.9252700806,80.1974868774,64653,64663,10
12.9256095886,80.1974868774,64663,64673,10
12.9262895584,80.1975631714,64673,64683,10
12.9270296097,80.1978378296,64683,64693,10
12.9276895523,80.1983566284,64693,64703,10
12.9281101227,80.1990966797,64703,64713,10
12.9284095764,80.1999282837,64713,64723,10
12.9284896851,80.2007598877,64723,64734,11
12.9285402298,80.2016983032,64734,64744,10
12.9285802841,80.2024307251,64744,64754,10
12.9292201996,80.2027130127,64754,64764,10
12.929400444,80.2027282715,64764,64774,10
12.9297199249,80.2027893066,64774,64784,10
12.9301996231,80.2028503418,64784,64794,10
12.9308795929,80.2029800415,64794,64804,10
12.931429863,80.2031478882,64804,64814,10
12.9322395325,80.2034301758,64814,64824,10
12.932970047,80.2036590576,64824,64835,11
12.9335803986,80.2038726807,64835,64845,10
12.9338302612,80.2038879395,64845,64855,10
12.9339504242,80.2039108276,64855,64865,10
12.9343299866,80.2039413452,64865,64875,10
12.9347696304,80.2040023804,64875,64885,10
12.9353399277,80.2041931152,64885,64895,10
12.936050415,80.2044906616,64895,64905,10
12.9369001389,80.2047424316,64905,64915,10
12.9377803802,80.2049789429,64915,64925,10
12.9385299683,80.2051773071,64925,64935,10
12.9399404526,80.2055969238,64935,64956,21
12.9399404526,80.2055969238,64956,64966,10
12.9399995804,80.205619812,64966,64976,10
12.9401903152,80.2056808472,64976,64986,10
12.9407100677,80.2058334351,64986,64996,10
12.9413204193,80.2061233521,64996,65006,10
12.9420404434,80.2066192627,65006,65016,10
12.9427204132,80.2072525024,65016,65026,10
12.9432897568,80.2079315186,65026,65036,10
12.9440698624,80.2082595825,65036,65047,11
12.9442996979,80.2083435059,65047,65057,10
12.9447002411,80.2084884644,65057,65067,10
12.945400238,80.2087631226,65067,65077,10
12.946269989,80.2090911865,65077,65087,10
12.94713974,80.2094268799,65087,65097,10
12.9479598999,80.2097625732,65097,65107,10
12.9487695694,80.2100830078,65107,65117,10
12.9497699738,80.2104721069,65117,65127,10
12.9506902695,80.2108383179,65127,65137,10
12.9518995285,80.2113265991,65137,65147,10
12.952870369,80.2117004395,65147,65158,11
12.9538297653,80.212097168,65158,65168,10
12.9547700882,80.2124786377,65168,65178,10
12.9556903839,80.2128295898,65178,65188,10
12.956580162,80.2131576538,65188,65198,10
12.9576101303,80.2135696411,65198,65208,10
12.9587097168,80.2140197754,65208,65218,10
12.9597396851,80.2144393921,65218,65228,10
12.9607496262,80.2148513794,65228,65238,10
12.9617595673,80.2152633667,65238,65248,10
12.9632196426,80.2157821655,65248,65269,21
12.9632196426,80.2157821655,65269,65279,10
12.9633197784,80.2158203125,65279,65289,10
12.9635896683,80.2159194946,65289,65299,10
12.9641103745,80.2161636353,65299,65309,10
12.9648199081,80.2164764404,65309,65319,10
12.9655504227,80.2167816162,65319,65329,10
12.9662303925,80.217048645,65329,65339,10
12.966919899,80.2173233032,65339,65349,10
12.9675397873,80.2175598145,65349,65359,10
12.9678297043,80.2176818848,65359,65370,11
12.9682502747,80.2178573608,65370,65380,10
12.9689903259,80.2181472778,65380,65390,10
12.9700698853,80.2185668945,65390,65400,10
12.9709796906,80.2189025879,65400,65410,10
12.9711904526,80.2189712524,65410,65420,10
12.9714803696,80.2190933228,65420,65430,10
12.9720697403,80.219329834,65430,65440,10
12.972820282,80.2196426392,65440,65450,10
12.9740600586,80.220161438,65450,65491,41
12.9740600586,80.220161438,65491,65501,10
12.9740495682,80.2204208374,65501,65511,10
12.9742603302,80.2204971313,65511,65521,10
12.9745502472,80.2206115723,65521,65531,10
12.9748497009,80.220703125,65531,65541,10
12.9754400253,80.2208328247,65541,65561,20
12.9754400253,80.2208328247,65561,65571,10
12.9756402969,80.2209777832,65571,65582,11
12.9761295319,80.2212600708,65582,65602,20
12.9761295319,80.2212600708,65602,65612,10
12.9761695862,80.2212371826,65612,65622,10
12.9764204025,80.2212295532,65622,65632,10
12.9768400192,80.2212295532,65632,65642,10
12.9773797989,80.2212219238,65642,65652,10
12.977930069,80.2212219238,65652,65662,10
12.9785203934,80.2211914063,65662,65672,10
12.9790897369,80.2211380005,65672,65683,11
12.9798297882,80.2210998535,65683,65692,9
12.9804201126,80.2210388184,65692,65703,11
12.9811096191,80.2210769653,65703,65713,10
12.981710434,80.2214126587,65713,65723,10
12.9821500778,80.2217178345,65723,65733,10
12.9824104309,80.2218093872,65733,65743,10
12.9830198288,80.2220077515,65743,65763,20
12.9830198288,80.2220077515,65763,65773,10
12.9832801819,80.2221908569,65773,65783,10
12.9836301804,80.2224197388,65783,65794,11
12.9840803146,80.2226715088,65794,65804,10
12.984459877,80.2229232788,65804,65814,10
12.9849700928,80.223197937,65814,65824,10
12.9854202271,80.2232894897,65824,65834,10
12.9855804443,80.2231292725,65834,65844,10
12.9860897064,80.2229919434,65844,65854,10
12.9865598679,80.2229766846,65854,65864,10
12.9866600037,80.2229919434,65864,65874,10
12.9869604111,80.2230300903,65874,65884,10
12.9873800278,80.2230682373,65884,65895,11
12.9880599976,80.2228775024,65895,65905,10
12.9885797501,80.2224197388,65905,65915,10
12.989159584,80.2217102051,65915,65925,10
12.9895896912,80.2211532593,65925,65935,10
12.9902200699,80.2205200195,65935,65945,10
12.9906196594,80.220199585,65945,65955,10
12.9907302856,80.2201080322,65955,65965,10
12.9911499023,80.2197875977,65965,65975,10
12.9917097092,80.219367981,65975,65985,10
12.9923400879,80.2189331055,65985,65995,10
12.9930696487,80.2184066772,65995,66006,11
12.9934797287,80.2180786133,66006,66016,10
12.9935998917,80.2179870605,66016,66026,10
12.9938402176,80.2177963257,66026,66056,30
12.9938402176,80.2177963257,66056,66066,10
12.9941701889,80.2175827026,66066,66076,10
12.9944601059,80.2173995972,66076,66086,10
12.9947900772,80.2171401978,66086,66096,10
12.9951601028,80.2169036865,66096,66107,11
12.9956703186,80.2166671753,66107,66117,10
12.9962997437,80.2165298462,66117,66127,10
12.9968700409,80.2164611816,66127,66187,60
12.9968700409,80.2164611816,66187,66197,10
12.9972600937,80.2163162231,66197,66208,11
12.9975004196,80.2160797119,66208,66218,10
12.9976196289,80.2159805298,66218,66228,10
12.9979801178,80.2156600952,66228,66238,10
12.9985198975,80.2151870728,66238,66248,10
12.9990797043,80.2147216797,66248,66258,10
12.9993495941,80.2145004272,66258,66268,10
12.9997797012,80.2141189575,66268,66278,10
13.0000600815,80.2138671875,66278,66288,10
13.0006399155,80.2133178711,66288,66298,10
13.0012702942,80.2128601074,66298,66308,10
13.0017404556,80.2125167847,66308,66319,11
13.0022001266,80.2122421265,66319,66329,10
13.0027303696,80.2120666504,66329,66339,10
13.0032501221,80.2120513916,66339,66349,10
13.0037899017,80.2119827271,66349,66359,10
13.0043001175,80.2121200562,66359,66369,10
13.0050096512,80.2125015259,66369,66379,10
13.0057296753,80.212890625,66379,66389,10
13.0064201355,80.2127075195,66389,66399,10
13.007109642,80.2127380371,66399,66409,10
13.0078296661,80.2130126953,66409,66460,51
13.0078296661,80.2130126953,66460,66470,10
13.0081396103,80.213218689,66470,66480,10
13.0083303452,80.2133026123,66480,66489,9
13.008600235,80.2134933472,66489,66500,11
13.0089702606,80.214012146,66500,66520,20
13.0098600388,80.2152099609,66520,66530,10
13.0103502274,80.2158508301,66530,66540,10
13.0106801987,80.2164993286,66540,66551,11
13.0109996796,80.2172775269,66551,66561,10
13.011349678,80.2182235718,66561,66570,9
13.0116996765,80.2192611694,66570,66581,11
13.0120401382,80.220413208,66581,66591,10
13.0124597549,80.2213897705,66591,66601,10
13.0126695633,80.2219696045,66601,66611,10
13.0130796432,80.2223129272,66611,66621,10
13.0133895874,80.2226409912,66621,66632,11
13.0136804581,80.2229614258,66632,66642,10
13.0139198303,80.2232437134,66642,66652,10
13.0140895844,80.2234802246,66652,66662,10
13.0142602921,80.2236785889,66662,66672,10
13.0144395828,80.2238693237,66672,66682,10
13.0148000717,80.2243118286,66682,66692,10
13.015250206,80.2248306274,66692,66702,10
13.0155200958,80.2249984741,66702,66712,10
13.0155296326,80.2250137329,66712,66722,10
13.0157203674,80.2251586914,66722,66732,10
13.0162601471,80.2253189087,66732,66749,17
13.0176496506,80.2248535156,66749,66761,12
13.018819809,80.2243881226,66761,66771,10
13.0197095871,80.2245330811,66771,66791,20
13.0197095871,80.2245330811,66791,66801,10
13.0198001862,80.2246017456,66801,66811,10
13.0201396942,80.224861145,66811,66821,10
13.0207996368,80.2253112793,66821,66831,10
13.0214796066,80.2258224487,66831,66842,11
13.02202034,80.2261810303,66842,66853,11
13.0221099854,80.226272583,66853,66863,10
13.0224199295,80.226600647,66863,66872,9
13.0228996277,80.2270202637,66872,66883,11
13.0234498978,80.2275085449,66883,66893,10
13.0236597061,80.2276763916,66893,66923,30
13.0236597061,80.2276763916,66923,66933,10
13.0238704681,80.2278366089,66933,66943,10
13.0241298676,80.2281417847,66943,66954,11
13.0243597031,80.2284317017,66954,66964,10
13.0244598389,80.2285919189,66964,66974,10
13.024600029,80.2287902832,66974,66984,10
13.0247297287,80.2289810181,66984,66994,10
13.0249595642,80.2293014526,66994,67004,10
13.0253000259,80.2297286987,67004,67013,9
13.0255403519,80.2300491333,67013,67044,31
13.0255403519,80.2300491333,67044,67055,11
13.0256004333,80.2301635742,67055,67065,10
13.0256900787,80.2303237915,67065,67075,10
13.0257997513,80.2305297852,67075,67085,10
13.0258798599,80.23072052,67085,67095,10
13.0259304047,80.2308807373,67095,67105,10
13.025970459,80.2311019897,67105,67115,10
13.0260400772,80.231338501,67115,67125,10
13.0265398026,80.2312164307,67125,67135,10
13.0272502899,80.2310180664,67135,67145,10
13.0279197693,80.2309188843,67145,67155,10
13.0280199051,80.2309112549,67155,67166,11
13.028260231,80.2309188843,67166,67176,10
13.0287399292,80.2308425903,67176,67186,10
13.0292596817,80.2307891846,67186,67256,70
13.0292596817,80.2307891846,67256,67267,11
13.0293798447,80.230796814,67267,67277,10
13.0297498703,80.2307662964,67277,67287,10
13.0303096771,80.2307510376,67287,67297,10
13.0306501389,80.2307434082,67297,67307,10
13.0311603546,80.2307128906,67307,67317,10
13.0318498611,80.2306594849,67317,67327,10
13.0325202942,80.2305908203,67327,67337,10
13.0332603455,80.2305374146,67337,67348,11
13.0338897705,80.2304763794,67348,67369,21
13.0338897705,80.2304763794,67369,67379,10
13.0340099335,80.2304763794,67379,67389,10
13.0342998505,80.2303924561,67389,67399,10
13.0345401764,80.2303314209,67399,67409,10
13.0348997116,80.230178833,67409,67419,10
13.0350103378,80.2301101685,67419,67429,10
13.0350704193,80.2299575806,67429,67439,10
13.0349903107,80.2297897339,67439,67449,10
13.0343904495,80.2297134399,67449,67722,273
13.0343904495,80.2297134399,67722,67732,10
13.034119606,80.230140686,67732,67772,40
13.034119606,80.230140686,67772,67782,10
13.0336799622,80.2303771973,67782,67793,11
13.0333900452,80.2304382324,67793,67803,10
13.0329198837,80.2304763794,67803,67813,10
13.0322599411,80.2305374146,67813,67823,10
13.0312404633,80.2306289673,67823,67952,129
13.0312404633,80.2306289673,67952,67962,10
13.030960083,80.2306365967,67962,67972,10
13.0305995941,80.2306671143,67972,67982,10
13.0302696228,80.2306976318,67982,67992,10
13.029999733,80.2307434082,67992,68004,12
13.0297803879,80.2307510376,68004,68014,10
13.029419899,80.2308120728,68014,68024,10
13.0287399292,80.2308273315,68024,68034,10
13.0280799866,80.2308807373,68034,68044,10
13.027759552,80.2309188843,68044,68054,10
13.0276298523,80.2311782837,68054,68064,10
13.0276603699,80.231628418,68064,68074,10
13.027680397,80.2327804565,68074,68104,30
13.027680397,80.2327804565,68104,68115,11
13.0275497437,80.2328109741,68115,68125,10
13.027299881,80.2328720093,68125,68135,10
13.0269699097,80.2329025269,68135,68145,10
13.0266895294,80.2329483032,68145,68155,10
13.0263395309,80.2326812744,68155,68165,10
13.0261096954,80.2319564819,68165,68175,10
13.0258798599,80.2311096191,68175,68185,10
13.0255899429,80.2302932739,68185,68195,10
13.0250902176,80.2295684814,68195,68205,10
13.0249595642,80.2294311523,68205,68216,11
13.0248203278,80.2292861938,68216,68226,10
13.0245895386,80.2290115356,68226,68236,10
13.0242700577,80.2285308838,68236,68246,10
13.0238199234,80.2279281616,68246,68256,10
13.0232095718,80.2273330688,68256,68265,9
13.0225400925,80.2267227173,68265,68275,10
13.0216398239,80.2259902954,68275,68286,11
13.020819664,80.2253570557,68286,68296,10
13.0199699402,80.2247772217,68296,68306,10
13.0190296173,80.2243881226,68306,68316,10
13.0181398392,80.2246780396,68316,68327,11
13.0171203613,80.2250900269,68327,68337,10
13.016500473,80.2253494263,68337,68347,10
13.0160799026,80.2255096436,68347,68357,10
13.0155000687,80.2257232666,68357,68367,10
13.014960289,80.2259521484,68367,68377,10
13.0145797729,80.2260818481,68377,68387,10
13.014289856,80.2261734009,68387,68397,10
13.0140600204,80.2262802124,68397,68407,10
13.0138702393,80.226348877,68407,68417,10
13.0132904053,80.2265625,68417,68428,11
13.0123996735,80.226890564,68428,68438,10
13.0114002228,80.2272491455,68438,68448,10
13.0103597641,80.2276382446,68448,68458,10
13.0095996857,80.2277679443,68458,68468,10
13.0096597672,80.227142334,68468,68478,10
13.010020256,80.226348877,68478,68488,10
13.0103197098,80.2256774902,68488,68498,10
13.0104103088,80.2254867554,68498,68508,10
13.0104904175,80.2253265381,68508,68518,10
13.01060009,80.2250976563,68518,68528,10
13.0107402802,80.2247085571,68528,68539,11
13.0108203888,80.2244415283,68539,68549,10
13.0110998154,80.2238006592,68549,68559,10
13.0114603043,80.2229919434,68559,68569,10
13.011759758,80.2220306396,68569,68579,10
13.0119199753,80.2214584351,68579,68589,10
13.0120296478,80.2212295532,68589,68598,9
13.0120697021,80.2210464478,68598,68608,10
13.0119800568,80.2206573486,68608,68619,11
13.0117702484,80.2200012207,68619,68629,10
13.0115699768,80.2193374634,68629,68640,11
13.0113296509,80.2185287476,68640,68650,10
13.0111398697,80.2179489136,68650,68660,10
13.0109596252,80.2175827026,68660,68670,10
13.0108499527,80.2173690796,68670,68680,10
13.0107803345,80.2172164917,68680,68690,10
13.0107097626,80.2170181274,68690,68700,10
13.0106401443,80.2168197632,68700,68710,10
13.0104503632,80.2164001465,68710,68720,10
13.0101299286,80.2158584595,68720,68730,10
13.0097503662,80.2151031494,68730,68741,11
13.0093202591,80.2145309448,68741,68751,10
13.0088596344,80.2139205933,68751,68761,10
13.0087099075,80.213722229,68761,68771,10
13.0085496902,80.2135314941,68771,68801,30
13.0085496902,80.2135314941,68801,68811,10
13.0083198547,80.2133712769,68811,68831,20
13.0083198547,80.2133712769,68831,68841,10
13.0082302094,80.2133102417,68841,68852,11
13.0080299377,80.2132034302,68852,68882,30
13.0078601837,80.2130966187,68882,68902,20
13.0078601837,80.2130966187,68902,68912,10
13.0077600479,80.2129821777,68912,68922,10
13.0074195862,80.2127838135,68922,68932,10
13.0067996979,80.2126693726,68932,68942,10
13.0061597824,80.2127838135,68942,68953,11
13.0053596497,80.2127075195,68953,68962,9
13.0047101974,80.2123336792,68962,68973,11
13.0041999817,80.212097168,68973,68983,10
13.0038404465,80.2119903564,68983,68993,10
13.0032901764,80.2119903564,68993,69003,10
13.0027799606,80.2119827271,69003,69013,10
13.0023097992,80.212097168,69013,69023,10
13.0017299652,80.2124023438,69023,69033,10
13.0012397766,80.2127990723,69033,69043,10
13.0007600784,80.2132797241,69043,69053,10
13.0003004074,80.2137069702,69053,69063,10
12.9997997284,80.2141418457,69063,69074,11
12.9993095398,80.2145309448,69074,69084,10
12.9989795685,80.2147979736,69084,69094,10
12.9985198975,80.2151870728,69094,69104,10
12.9979200363,80.2156677246,69104,69114,10
12.9975404739,80.2160263062,69114,69124,10
12.997300148,80.2163314819,69124,69215,91
12.997300148,80.2163314819,69215,69225,10
12.9972400665,80.2165298462,69225,69235,10
12.9970598221,80.2165374756,69235,69245,10
12.9969797134,80.216506958,69245,69255,10
12.9966802597,80.216506958,69255,69265,10
12.9964199066,80.2165222168,69265,69276,11
12.9960899353,80.2165985107,69276,69286,10
12.9958400726,80.2166595459,69286,69296,10
12.9955797195,80.2167205811,69296,69306,10
12.9952402115,80.2168731689,69306,69326,20
12.9952402115,80.2168731689,69326,69336,10
12.9949398041,80.2170562744,69336,69346,10
12.9945201874,80.2173309326,69346,69356,10
12.9940595627,80.217628479,69356,69366,10
12.9935598373,80.2180023193,69366,69377,11
12.9930095673,80.2183609009,69377,69387,10
12.992480278,80.2187805176,69387,69397,10
12.9917497635,80.2193527222,69397,69407,10
12.9910497665,80.2198791504,69407,69417,10
12.99077034,80.2200927734,69417,69427,10
12.990480423,80.2203292847,69427,69437,10
12.989979744,80.2207107544,69437,69447,10
12.9893398285,80.2214431763,69447,69457,10
12.9889202118,80.2220535278,69457,69467,10
12.9884300232,80.2225265503,69467,69478,11
12.987859726,80.2229385376,69478,69488,10
12.9876804352,80.2230377197,69488,69498,10
12.9874801636,80.2230377197,69498,69508,10
12.987159729,80.2229919434,69508,69518,10
12.9870796204,80.2229766846,69518,69528,10
12.986749649,80.2229309082,69528,69538,10
12.9862699509,80.2229003906,69538,69548,10
12.985619545,80.2230300903,69548,69558,10
12.9851799011,80.223197937,69558,69568,10
12.984629631,80.2229614258,69568,69578,10
12.9840803146,80.2226486206,69578,69599,21
12.9840803146,80.2226486206,69599,69609,10
12.9839000702,80.2225570679,69609,69619,10
12.9837198257,80.2224731445,69619,69629,10
12.9835300446,80.2223510742,69629,69639,10
12.9832696915,80.22215271,69639,69669,30
12.9832696915,80.22215271,69669,69679,10
12.9828500748,80.2219085693,69679,69700,21
12.9828500748,80.2219085693,69700,69710,10
12.9824304581,80.2217712402,69710,69720,10
12.981880188,80.2215118408,69720,69730,10
12.9812898636,80.2211303711,69730,69740,10
12.9809103012,80.2210235596,69740,69750,10
12.9804096222,80.2210083008,69750,69760,10
12.9797000885,80.2210617065,69760,69770,10
12.9788198471,80.2211227417,69770,69780,10
12.9778995514,80.2211532593,69780,69790,10
12.9773397446,80.2211685181,69790,69801,11
12.9767599106,80.2211837769,69801,69811,10
12.9764404297,80.2211837769,69811,69831,20
12.9764404297,80.2211837769,69831,69841,10
12.9760904312,80.2211380005,69841,69861,20
12.9760904312,80.2211380005,69861,69871,10
12.9758501053,80.2211990356,69871,69887,16
12.9757204056,80.2210998535,69887,69899,12
12.9756402969,80.2209472656,69899,69910,11
12.9754800797,80.2208099365,69910,69940,30
12.9754800797,80.2208099365,69940,69948,8
12.9752998352,80.2206802368,69948,69958,10
12.9750404358,80.2205581665,69958,69970,12
12.9743499756,80.2202377319,69970,69980,10
12.9740800858,80.220123291,69980,69990,10
12.9738397598,80.2200164795,69990,70000,10
12.973449707,80.2198867798,70000,70011,11
12.9729995728,80.2197113037,70011,70021,10
12.9724397659,80.2194900513,70021,70031,10
12.9719495773,80.2193222046,70031,70041,10
12.9713001251,80.2191390991,70041,70051,10
12.9710197449,80.2190933228,70051,70061,10
12.9709196091,80.2190475464,70061,70071,10
12.9706296921,80.2188568115,70071,70081,10
12.9701900482,80.2186737061,70081,70091,10
12.969619751,80.218460083,70091,70101,10
12.9689798355,80.2182006836,70101,70111,10
12.9682998657,80.2179107666,70111,70122,11
12.9675502777,80.2176208496,70122,70132,10
12.9667196274,80.217300415,70132,70142,10
12.965669632,80.2168579102,70142,70152,10
12.964630127,80.2164382935,70152,70162,10
12.9638700485,80.2161483765,70162,70173,11
12.9633703232,80.2158966064,70173,70183,10
12.9628601074,80.2156829834,70183,70193,10
12.9621200562,80.2153930664,70193,70204,11
12.9611501694,80.2150115967,70204,70214,10
12.9601097107,80.2145767212,70214,70225,11
12.9589700699,80.2141189575,70225,70234,9
12.9580001831,80.213722229,70234,70245,11
12.9569101334,80.2133026123,70245,70255,10
12.9556999207,80.2128372192,70255,70265,10
12.9546403885,80.2124404907,70265,70275,10
12.9539604187,80.2121582031,70275,70285,10
12.9531803131,80.2118377686,70285,70295,10
12.952340126,80.211517334,70295,70305,10
12.9513597488,80.2111282349,70305,70315,10
12.9502897263,80.2107086182,70315,70326,11
12.9492197037,80.2102890015,70326,70336,10
12.9483098984,80.2099304199,70336,70346,10
12.9472398758,80.2095108032,70346,70356,10
12.9460296631,80.2090301514,70356,70366,10
12.9448699951,80.2085494995,70366,70376,10
12.9441204071,80.2082901001,70376,70386,10
12.9440803528,80.2082595825,70386,70396,10
12.9437198639,80.2081069946,70396,70406,10
12.9431400299,80.2078399658,70406,70416,10
12.9426498413,80.2072677612,70416,70427,11
12.9420099258,80.2066116333,70427,70437,10
12.9413299561,80.206161499,70437,70447,10
12.9410495758,80.2060165405,70447,70457,10
12.9409999847,80.2059936523,70457,70467,10
12.9406604767,80.2058486938,70467,70477,10
12.9400997162,80.2056808472,70477,70487,10
12.9394598007,80.2054824829,70487,70497,10
12.9387397766,80.2052612305,70497,70507,10
12.937959671,80.2050094604,70507,70517,10
12.9372196198,80.2048034668,70517,70527,10
12.9364795685,80.2045822144,70527,70538,11
12.9357204437,80.2043685913,70538,70548,10
12.9350996017,80.2040863037,70548,70558,10
12.9344797134,80.2039413452,70558,70568,10
12.9338197708,80.2038803101,70568,70588,20
12.9338197708,80.2038803101,70588,70598,10
12.9337501526,80.2039031982,70598,70608,10
12.9334096909,80.2038421631,70608,70618,10
12.9330596924,80.203742981,70618,70628,10
12.9324998856,80.2035064697,70628,70639,11
12.9316701889,80.2032318115,70639,70649,10
12.9309301376,80.2029876709,70649,70659,10
12.9303302765,80.2028503418,70659,70669,10
12.9295196533,80.2027282715,70669,70709,40
12.9295196533,80.2027282715,70709,70719,10
12.9292602539,80.2026824951,70719,70729,10
12.9288196564,80.2025909424,70729,70739,10
12.9285001755,80.2024536133,70739,70750,11
12.9284496307,80.2021484375,70750,70760,10
12.9284200668,80.2017593384,70760,70770,10
12.9284095764,80.2012710571,70770,70779,9
12.9283895493,80.2006225586,70779,70789,10
12.9283103943,80.1998214722,70789,70800,11
12.9280004501,80.1989898682,70800,70810,10
12.9273996353,80.198059082,70810,70820,10
12.9264698029,80.1975631714,70820,70830,10
12.9259595871,80.1974563599,70830,70840,10
12.9255895615,80.1974563599,70840,70851,11
12.925330162,80.1974563599,70851,70861,10
12.9248695374,80.1974487305,70861,70871,10
12.9241600037,80.1974487305,70871,70881,10
12.9235296249,80.1974334717,70881,70891,10
12.9229001999,80.1973571777,70891,70901,10
12.9220304489,80.1972427368,70901,70921,20
12.9220304489,80.1972427368,70921,70931,10
12.9217796326,80.1971664429,70931,70941,10
12.921330452,80.1970062256,70941,70951,10
12.9208602905,80.1968307495,70951,70962,11
12.9202098846,80.1966171265,70962,70972,10
12.9194898605,80.1963500977,70972,70982,10
12.9188299179,80.1958618164,70982,70992,10
12.9182596207,80.1953277588,70992,71002,10
12.9177398682,80.1948471069,71002,71012,10
12.9172296524,80.1943511963,71012,71022,10
12.9170999527,80.194152832,71022,71032,10
12.9169998169,80.1938781738,71032,71042,10
12.9169597626,80.1934432983,71042,71052,10
12.9169797897,80.1930007935,71052,71063,11
12.9170598984,80.1924972534,71063,71073,10
12.9170999527,80.1921691895,71073,71083,10
12.9171800613,80.1917724609,71083,71093,10
12.9172296524,80.1913909912,71093,71123,30
12.9172296524,80.1913909912,71123,71133,10
12.9172897339,80.1911087036,71133,71143,10
12.9173202515,80.1905822754,71143,71153,10
12.917309761,80.1905212402,71153,71164,11
12.9173297882,80.1903305054,71164,71174,10
12.9174098969,80.1899032593,71174,71184,10
12.9176301956,80.1892318726,71184,71194,10
12.918129921,80.1885070801,71194,71204,10
12.9188098907,80.18775177,71204,71214,10
12.9195604324,80.1869125366,71214,71224,10
12.9203701019,80.1859817505,71224,71234,10
12.9204902649,80.184928894,71234,71244,10
12.9203596115,80.1844177246,71244,71254,10
12.9203395844,80.1843185425,71254,71264,10
12.9202404022,80.1838912964,71264,71275,11
12.9200801849,80.1831588745,71275,71285,10
12.9200000763,80.1827774048,71285,71295,10
12.9199104309,80.1823806763,71295,71305,10
12.9198198318,80.1820907593,71305,71315,10
12.9198102951,80.1820526123,71315,71325,10
12.919719696,80.1816177368,71325,71335,10
12.9195604324,80.1809387207,71335,71345,10
12.919380188,80.1800765991,71345,71355,10
12.9190101624,80.1791229248,71355,71365,10
12.9183397293,80.1781768799,71365,71376,11
12.9182500839,80.1769485474,71376,71386,10
12.9183197021,80.1765136719,71386,71396,10
12.9184103012,80.1761169434,71396,71406,10
12.9185800552,80.1754837036,71406,71416,10
12.9187602997,80.1746673584,71416,71426,10
12.9190196991,80.1736831665,71426,71436,10
12.9193201065,80.1725616455,71436,71446,10
12.9197597504,80.1709518433,71446,71466,20
12.9197597504,80.1709518433,71466,71476,10
12.9198598862,80.1707000732,71476,71487,11
12.9200801849,80.1699905396,71487,71497,10
12.9203596115,80.1690979004,71497,71507,10
12.92070961,80.1679992676,71507,71517,10
12.9210796356,80.1668167114,71517,71527,10
12.9214696884,80.1656265259,71527,71537,10
12.9218597412,80.1644363403,71537,71547,10
12.9222002029,80.1633377075,71547,71557,10
12.9225502014,80.1622390747,71557,71567,10
12.9228601456,80.161239624,71567,71577,10
12.9230203629,80.1607437134,71577,71588,11
12.9230298996,80.1606903076,71588,71598,10
12.9231395721,80.1603469849,71598,71608,10
12.9232902527,80.1596908569,71608,71618,10
12.9233999252,80.1587295532,71618,71628,10
12.9234895706,80.1576309204,71628,71638,10
12.9235696793,80.1566009521,71638,71648,10
12.9235897064,80.1557617188,71648,71658,10
12.9234895706,80.1554031372,71658,71668,10
12.923500061,80.1553573608,71668,71678,10
12.9233999252,80.1549835205,71678,71688,10
12.9232597351,80.1543502808,71688,71699,11
12.9230499268,80.1535186768,71699,71709,10
12.9228200912,80.1527099609,71709,71719,10
12.9226398468,80.1519393921,71719,71779,60
12.9226398468,80.1519393921,71779,71789,10
12.922659874,80.1517562866,71789,71800,11
12.9226398468,80.1511001587,71800,71810,10
12.9226303101,80.1502075195,71810,71820,10
12.9225797653,80.1491088867,71820,71830,10
12.9225502014,80.1480789185,71830,71840,10
12.922539711,80.1472625732,71840,71850,10
12.9225301743,80.1464691162,71850,71860,10
12.9224996567,80.1455688477,71860,71870,10
12.9224796295,80.1446075439,71870,71880,10
12.9224500656,80.1435699463,71880,71921,41
12.9224500656,80.1435699463,71921,71931,10
12.9224395752,80.1432571411,71931,71941,10
12.922419548,80.1429367065,71941,71951,10
12.922419548,80.1426010132,71951,71961,10
12.9223899841,80.1421279907,71961,71971,10
12.9223804474,80.1419906616,71971,71981,10
12.9223804474,80.1417388916,71981,71991,10
12.9223604202,80.1415176392,71991,72001,10
12.9223604202,80.1413726807,72001,72012,11
12.9223499298,80.1408920288,72012,72022,10
12.9223403931,80.1403884888,72022,72032,10
12.9223299026,80.1398391724,72032,72042,10
12.9223299026,80.1390991211,72042,72052,10
12.9223899841,80.1381988525,72052,72062,10
12.922419548,80.1373214722,72062,72078,16
12.9224901199,80.1358184814,72078,72090,12
12.9225196838,80.1347808838,72090,72098,8
12.9225597382,80.1340332031,72098,72110,12
12.9226198196,80.1327514648,72110,72121,11
12.922659874,80.131652832,72121,72131,10
12.9226703644,80.1311187744,72131,72141,10
12.9226799011,80.1309890747,72141,72151,10
12.9227199554,80.1304321289,72151,72161,10
12.922750473,80.1297607422,72161,72171,10
12.9227895737,80.1290893555,72171,72181,10
12.9228200912,80.1286392212,72181,72191,10
12.922829628,80.1283416748,72191,72201,10
12.9228601456,80.127746582,72201,72211,10
12.9228801727,80.1270065308,72211,72222,11
12.9229097366,80.1260604858,72222,72232,10
12.922949791,80.1250228882,72232,72242,10
12.9230003357,80.1238937378,72242,72252,10
12.9230604172,80.1227264404,72252,72262,10
12.9231004715,80.1215667725,72262,72272,10
12.9231595993,80.1206283569,72272,72322,50
12.9231595993,80.1206283569,72322,72333,11
12.9231996536,80.1203308105,72333,72343,10
12.9232597351,80.1197662354,72343,72353,10
12.9232702255,80.1189804077,72353,72363,10
12.9232997894,80.118270874,72363,72373,10
12.9234304428,80.11743927,72373,72383,10
12.9234399796,80.1169662476,72383,72393,10
12.9234399796,80.1169586182,72393,72403,10
12.9235200882,80.1167984009,72403,72413,10
12.9235401154,80.1170501709,72413,72423,10
12.9235601425,80.1175994873,72423,72434,11
12.9235601425,80.1178970337,72434,72444,10
12.9234695435,80.1184997559,72444,72454,10
12.9234199524,80.119178772,72454,72464,10
12.9233198166,80.1198120117,72464,72473,9
12.9232997894,80.1200790405,72473,72484,11
12.9232797623,80.1202011108,72484,72493,9
12.9232597351,80.1203994751,72493,72503,10
12.9232397079,80.1206283569,72503,72514,11
12.923210144,80.1210174561,72514,72524,10
12.9232501984,80.1214599609,72524,73019,495
12.9232501984,80.1214599609,73019,73029,10
12.9231700897,80.1216430664,73029,73039,10
12.9231500626,80.1220779419,73039,73049,10
12.9231300354,80.1227111816,73049,73059,10
12.9230804443,80.1234970093,73059,73069,10
12.9230499268,80.124382019,73069,73080,11
12.9230604172,80.1251983643,73080,73090,10
12.9230604172,80.1253128052,73090,73100,10
12.92304039,80.1254196167,73100,73110,10
12.9230003357,80.1256790161,73110,73130,20
12.9230003357,80.1256790161,73130,73140,10
12.9229698181,80.1260070801,73140,73150,10
12.9229402542,80.1261825562,73150,73160,10
12.9229402542,80.126701355,73160,73171,11
12.9229202271,80.1274337769,73171,73181,10
12.9228897095,80.1277618408,73181,73191,10
12.9228897095,80.1279220581,73191,73201,10
12.9228801727,80.1281967163,73201,73211,10
12.9228401184,80.1287994385,73211,73221,10
12.9227895737,80.1295471191,73221,73231,10
12.9227600098,80.1302032471,73231,73241,10
12.9227600098,80.1308517456,73241,73251,10
12.9227800369,80.1312179565,73251,73261,10
12.9227600098,80.1316070557,73261,73272,11
12.9227199554,80.1324005127,73272,73282,10
12.922659874,80.1333389282,73282,73292,10
12.9226198196,80.1342086792,73292,73302,10
12.9225702286,80.1351776123,73302,73312,10
12.922539711,80.1361236572,73312,73322,10
12.9224901199,80.1368713379,73322,73332,10
12.9224596024,80.1374664307,73332,73342,10
12.9224300385,80.1381607056,73342,73352,10
12.9223804474,80.1387329102,73352,73362,10
12.9223604202,80.1392822266,73362,73372,10
12.922369957,80.1400527954,73372,73383,11
12.9223899841,80.1407394409,73383,73393,10
12.9224100113,80.1415176392,73393,73403,10
12.922419548,80.1420288086,73403,73413,10
12.9224100113,80.1421203613,73413,73423,10
12.9224300385,80.1424331665,73423,73433,10
12.9224596024,80.1427612305,73433,73443,10
12.9224796295,80.1432571411,73443,73453,10
12.9225196838,80.1436767578,73453,73463,10
12.9225196838,80.1436920166,73463,73480,17
12.9225196838,80.1445770264,73480,73492,12
12.9225502014,80.1457214355,73492,73500,8
12.9225702286,80.1465301514,73500,73512,12
12.9225997925,80.1473388672,73512,73522,10
12.9225997925,80.1474380493,73522,73532,10
12.9225797653,80.1478424072,73532,73542,10
12.9225797653,80.1485366821,73542,73552,10
12.9226198196,80.1494598389,73552,73562,10
12.9226503372,80.1505966187,73562,73572,10
12.9226999283,80.1516723633,73572,73582,10
12.9226999283,80.1516723633,73582,73593,11
12.9226999283,80.1520462036,73593,73603,10
12.9228401184,80.1527023315,73603,73613,10
12.9230699539,80.1535491943,73613,73623,10
12.9232902527,80.1543731689,73623,73633,10
12.9233798981,80.1547012329,73633,73643,10
12.9234104156,80.1547927856,73643,73653,10
12.923500061,80.1551208496,73653,73673,20
12.9236402512,80.1565628052,73673,73685,12
12.9235200882,80.1578369141,73685,73695,10
12.9234199524,80.1588973999,73695,73706,11
12.9232797623,80.1602401733,73706,73716,10
12.9232397079,80.16040802,73716,73726,10
12.9231500626,80.160697937,73726,73736,10
12.9229297638,80.1613616943,73736,73746,10
12.9226503372,80.1622161865,73746,73756,10
12.9222898483,80.1632766724,73756,73766,10
12.9220399857,80.1640625,73766,73776,10
12.9218101501,80.1648025513,73776,73786,10
12.9214401245,80.1659164429,73786,73796,10
12.9210700989,80.1670532227,73796,73807,11
12.9207000732,80.1682281494,73807,73817,10
12.9203500748,80.1693191528,73817,73827,10
12.9200696945,80.1703033447,73827,73837,10
12.9198799133,80.1709213257,73837,73847,10
12.9198598862,80.1709823608,73847,73857,10
12.919719696,80.171333313,73857,73866,9
12.9195804596,80.1718063354,73866,73877,11
12.9193201065,80.1727905273,73877,73887,10
12.9190502167,80.173789978,73887,73897,10
12.9187698364,80.174911499,73897,73908,11
12.9184598923,80.1761398315,73908,73918,10
12.9182500839,80.1772689819,73918,73928,10
12.9184904099,80.1784210205,73928,73938,10
12.9191999435,80.1794281006,73938,73947,9
12.9194898605,80.180480957,73947,73958,11
12.9197902679,80.1818466187,73958,73968,10
12.9200401306,80.1829681396,73968,73978,10
12.9202804565,80.1839828491,73978,74019,41
12.9202804565,80.1839828491,74019,74029,10
12.9203195572,80.184173584,74029,74040,11
12.9204502106,80.1847305298,74040,74050,10
12.9206104279,80.1853637695,74050,74060,10
12.9206199646,80.1854705811,74060,74070,10
12.9206104279,80.1857223511,74070,74080,10
12.92029953,80.1861877441,74080,74090,10
12.9197702408,80.1867980957,74090,74100,10
12.9191904068,80.187461853,74100,74110,10
12.9186897278,80.188041687,74110,74121,11
12.918009758,80.1887664795,74121,74131,10
12.9175395966,80.1896972656,74131,74141,10
12.9173603058,80.1905517578,74141,74151,10
12.9172697067,80.1913223267,74151,74161,10
12.9171895981,80.1920089722,74161,74171,10
12.9171495438,80.1924209595,74171,74181,10
12.917090416,80.1930923462,74181,74201,20
12.917090416,80.1930923462,74201,74211,10
12.9170398712,80.1933517456,74211,74222,11
12.9170999527,80.1940383911,74222,74232,10
12.9174499512,80.1945800781,74232,74242,10
12.9180002213,80.1950836182,74242,74252,10
12.9186000824,80.1956176758,74252,74262,10
12.9191102982,80.1960830688,74262,74272,10
12.9197397232,80.1964492798,74272,74282,10
12.9203901291,80.1966781616,74282,74292,10
12.9210300446,80.1968917847,74292,74302,10
12.9215803146,80.1970977783,74302,74312,10
12.9223003387,80.1972885132,74312,74322,10
12.9229402542,80.1973724365,74322,74333,11
12.9237499237,80.1974716187,74333,74343,10
12.9243803024,80.1974563599,74343,74353,10
12.9251403809,80.1974563599,74353,74363,10
12.925450325,80.1974563599,74363,74373,10
12.9260597229,80.197479248,74373,74383,10
12.9268798828,80.1977310181,74383,74393,10
12.9275999069,80.1982269287,74393,74403,10
12.9280595779,80.1989974976,74403,74413,10
12.9284095764,80.1999130249,74413,74423,10
12.9284896851,80.2009277344,74423,74434,11
12.9285297394,80.2018737793,74434,74444,10
12.928730011,80.20262146,74444,74454,10
12.9294595718,80.2027206421,74454,74464,10
12.9295797348,80.2027435303,74464,74474,10
12.929980278,80.2027893066,74474,74484,10
12.9306297302,80.2029037476,74484,74494,10
12.9314403534,80.2031326294,74494,74504,10
12.9322099686,80.2033920288,74504,74514,10
12.9327802658,80.2035675049,74514,74524,10
12.9331598282,80.2037200928,74524,74534,10
12.9340200424,80.2038726807,74534,74565,31
12.9340200424,80.2038726807,74565,74575,10
12.9342498779,80.2039108276,74575,74585,10
12.9342699051,80.2039108276,74585,74595,10
12.9344100952,80.2039108276,74595,74605,10
12.9348697662,80.2039794922,74605,74615,10
12.9355897903,80.2042770386,74615,74625,10
12.9364995956,80.2045669556,74625,74635,10
12.9375200272,80.2048492432,74635,74646,11
12.9386196136,80.2051620483,74646,74656,10
12.9396696091,80.2054824829,74656,74666,10
12.9400901794,80.205619812,74666,74676,10
12.9402999878,80.2056808472,74676,74686,10
12.9409103394,80.2059020996,74686,74696,10
12.9415998459,80.2062606812,74696,74706,10
12.9422397614,80.2067565918,74706,74716,10
12.9427604675,80.2072982788,74716,74726,10
12.9433002472,80.2079315186,74726,74736,10
12.9440898895,80.2082595825,74736,74746,10
12.9442996979,80.2083435059,74746,74757,11
12.944729805,80.2085037231,74757,74767,10
12.9454402924,80.2087631226,74767,74777,10
12.9463100433,80.2090988159,74777,74787,10
12.9471902847,80.2094497681,74787,74797,10
12.9479799271,80.2097702026,74797,74807,10
12.9487600327,80.2100830078,74807,74817,10
12.949760437,80.2104568481,74817,74827,10
12.9508600235,80.210899353,74827,74837,10
12.9519796371,80.2113571167,74837,74847,10
12.9529895782,80.2117385864,74847,74858,11
12.9540901184,80.2121963501,74858,74868,10
12.9551496506,80.2126235962,74868,74878,10
12.9561395645,80.2129974365,74878,74888,10
12.9570703506,80.2133483887,74888,74898,10
12.9580602646,80.2137527466,74898,74908,10
12.9588804245,80.2141036987,74908,74918,10
12.9596796036,80.2144165039,74918,74928,10
12.9606704712,80.2148284912,74928,74938,10
12.9616003036,80.2151870728,74938,74948,10
12.9626102448,80.2155838013,74948,74959,11
12.9633703232,80.2158737183,74959,74969,10
12.96352005,80.2159194946,74969,74979,10
12.9639596939,80.2161178589,74979,74989,10
12.9645795822,80.2163772583,74989,74999,10
12.9652996063,80.2166595459,74999,75009,10
12.9659795761,80.2169265747,75009,75019,10
12.9666595459,80.2171936035,75019,75029,10
12.9673500061,80.2174606323,75029,75039,10
12.9679002762,80.2177124023,75039,75049,10
12.9685897827,80.2179794312,75049,75059,10
12.9696397781,80.2183990479,75059,75070,11
12.9708204269,80.2188415527,75070,75080,10
12.9712495804,80.2189865112,75080,75090,10
12.9714403152,80.219078064,75090,75100,10
12.9719600677,80.2192993164,75100,75110,10
12.9726104736,80.2195587158,75110,75120,10
12.9733800888,80.2198562622,75120,75130,10
12.9741201401,80.2201690674,75130,75140,10
12.9747495651,80.2204284668,75140,75150,10
12.975110054,80.2205886841,75150,75160,10
12.9754400253,80.2207107544,75160,75171,11
12.9762401581,80.2212295532,75171,75210,39
12.9762401581,80.2212295532,75210,75221,11
12.9766101837,80.2212219238,75221,75231,10
12.9773101807,80.2212295532,75231,75241,10
12.9781198502,80.2211990356,75241,75251,10
12.9785699844,80.2211532593,75251,75260,9
12.9791498184,80.2211074829,75260,75272,12
12.9799003601,80.2210769653,75272,75282,10
12.9805898666,80.2210235596,75282,75292,10
12.9810800552,80.2210769653,75292,75302,10
12.9816398621,80.2213668823,75302,75312,10
12.9821300507,80.2217025757,75312,75322,10
12.9825601578,80.2218399048,75322,75332,10
12.9829998016,80.2220001221,75332,75342,10
12.9830198288,80.2220077515,75342,75352,10
12.9831399918,80.2220687866,75352,75362,10
12.983420372,80.2222518921,75362,75378,16
12.9838895798,80.2225723267,75378,75391,13
12.9845199585,80.2229537964,75391,75401,10
12.9851303101,80.2232589722,75401,75411,10
12.9854602814,80.2232818604,75411,75421,10
12.9856796265,80.2230606079,75421,75430,9
12.9862804413,80.2229614258,75430,75441,11
12.9865598679,80.2229614258,75441,75451,10
12.9867296219,80.2229614258,75451,75461,10
12.9870901108,80.2230072021,75461,75471,10
12.9876098633,80.2230300903,75471,75481,10
12.9882698059,80.2226715088,75481,75492,11
12.9889297485,80.2220611572,75492,75502,10
12.9894695282,80.2213973999,75502,75512,10
12.9899902344,80.2207794189,75512,75522,10
12.9904699326,80.2203598022,75522,75532,10
12.9905595779,80.2202911377,75532,75542,10
12.9906396866,80.2202224731,75542,75552,10
12.9909601212,80.2199707031,75552,75562,10
12.9910402298,80.2199020386,75562,75572,10
12.9913301468,80.2196731567,75572,75582,10
12.9918498993,80.219291687,75582,75593,11
12.9925699234,80.2187576294,75593,75603,10
12.9933395386,80.2181777954,75603,75613,10
12.9941396713,80.2176437378,75613,75623,10
12.9947004318,80.2172164917,75623,75633,10
12.9949703217,80.2170181274,75633,75643,10
12.9953603745,80.2167892456,75643,75653,10
12.9959802628,80.2165679932,75653,75663,10
12.9965000153,80.2164764404,75663,75673,10
12.997130394,80.2164535522,75673,75683,10
12.9975099564,80.2161712646,75683,75694,11
12.9975404739,80.2161407471,75694,75704,10
12.9975996017,80.2160873413,75704,75714,10
12.9978599548,80.2158584595,75714,75724,10
12.9982995987,80.215461731,75724,75734,10
12.9988603592,80.2149963379,75734,75744,10
12.9991798401,80.2146987915,75744,75754,10
12.9994697571,80.2144470215,75754,75764,10
12.9998598099,80.2141036987,75764,75774,10
13.0002202988,80.2137985229,75774,75784,10
13.0007295609,80.2133636475,75784,75794,10
13.0012397766,80.2129364014,75794,75805,11
13.0017900467,80.2125167847,75805,75815,10
13.0022201538,80.2122497559,75815,75825,10
13.0026502609,80.212059021,75825,75835,10
13.0029802322,80.212020874,75835,75845,10
13.0035400391,80.2119827271,75845,75855,10
13.003780365,80.2119827271,75855,75865,10
13.004119873,80.212020874,75865,75875,10
13.0046596527,80.2122497559,75875,75885,10
13.0052995682,80.2126235962,75885,75895,10
13.0060501099,80.212852478,75895,75906,11
13.0067996979,80.212677002,75906,75916,10
13.0078697205,80.2129974365,75916,75946,30
13.0078697205,80.2129974365,75946,75956,10
13.0081396103,80.2131881714,75956,75966,10
13.0085401535,80.2133636475,75966,75976,10
13.0089502335,80.2139129639,75976,75986,10
13.0094499588,80.21459198,75986,75996,10
13.0095996857,80.2148284912,75996,76006,10
13.0098199844,80.2150802612,76006,76017,11
13.0101203918,80.2155838013,76017,76027,10
13.0106601715,80.2162399292,76027,76037,10
13.0108995438,80.2169418335,76037,76047,10
13.0112695694,80.2178268433,76047,76057,10
13.0116796494,80.2190170288,76057,76067,10
13.0121002197,80.2202987671,76067,76077,10
13.0125398636,80.2214126587,76077,76087,10
13.0131597519,80.2222213745,76087,76097,10
13.0137395859,80.2229003906,76097,76107,10
13.0142002106,80.2234573364,76107,76118,11
13.0146598816,80.2240600586,76118,76128,10
13.0152702332,80.2247314453,76128,76138,10
13.0156803131,80.2250366211,76138,76148,10
13.0157499313,80.2251205444,76148,76158,10
13.0162000656,80.2253036499,76158,76168,10
13.0170001984,80.2250976563,76168,76178,10
13.0179700851,80.2247161865,76178,76188,10
13.0190200806,80.2243499756,76188,76198,10
13.0200099945,80.2246627808,76198,76208,10
13.0208597183,80.2252807617,76208,76219,11
13.0220403671,80.2261581421,76219,76240,21
13.0220403671,80.2261581421,76240,76250,10
13.0223302841,80.2264404297,76250,76260,10
13.0228796005,80.2269134521,76260,76270,10
13.0235500336,80.2275390625,76270,76280,10
13.024189949,80.2281799316,76280,76290,10
13.0245704651,80.228729248,76290,76300,10
13.0249204636,80.2292098999,76300,76310,10
13.0253400803,80.2297973633,76310,76321,11
13.0258302689,80.2306594849,76321,76331,10
13.0260696411,80.2312927246,76331,76341,10
13.0267000198,80.2311782837,76341,76351,10
13.0275802612,80.2309570313,76351,76361,10
13.0280199051,80.2309112549,76361,76371,10
13.028429985,80.2308502197,76371,76381,10
13.0292396545,80.2307662964,76381,76401,20
13.0292396545,80.2307662964,76401,76411,10
13.0293998718,80.2307281494,76411,76421,10
13.0299100876,80.2306900024,76421,76432,11
13.0306596756,80.2306594849,76432,76442,10
13.0313596725,80.2305908203,76442,76452,10
13.032119751,80.2305374146,76452,76462,10
13.0329198837,80.2304992676,76462,76471,9
13.0338401794,80.2304382324,76471,76513,42
13.0338401794,80.2304382324,76513,76523,10
13.0340003967,80.2304000854,76523,76534,11
13.0346002579,80.2303237915,76534,76564,30
13.0348901749,80.23021698,76564,76604,40
13.0348901749,80.23021698,76604,76614,10
13.0351696014,80.230178833,76614,76624,10
13.0351600647,80.2303085327,76624,76635,11
13.0348901749,80.2303314209,76635,76645,10
13.0344104767,80.2304000854,76645,76655,10
13.0339298248,80.2304534912,76655,76665,10
13.0333795547,80.23046875,76665,76675,10
13.0328302383,80.2304992676,76675,76685,10
13.0321798325,80.2305679321,76685,76695,10
13.0316295624,80.2306213379,76695,76705,10
13.0309295654,80.230682373,76705,76715,10
13.0304002762,80.23072052,76715,76725,10
13.0297698975,80.2307815552,76725,76735,10
13.0291900635,80.2308502197,76735,76746,11
13.0284099579,80.2309188843,76746,76756,10
13.0282201767,80.2309494019,76756,76766,10
13.0278301239,80.23097229,76766,76776,10
13.0276498795,80.2312088013,76776,76786,10
13.0277004242,80.2317962646,76786,76796,10
13.0277996063,80.232460022,76796,76806,10
13.0275297165,80.2328262329,76806,76816,10
13.0273799896,80.2328720093,76816,76826,10
13.0270004272,80.2329330444,76826,76836,10
13.0266599655,80.232963562,76836,76907,71
13.0266599655,80.232963562,76907,76917,10
13.0263795853,80.2329788208,76917,76927,10
13.0262002945,80.2325363159,76927,76937,10
13.0260295868,80.2317810059,76937,76947,10
13.0258197784,80.2309570313,76947,76958,11
13.02546978,80.2302017212,76958,76968,10
13.0250101089,80.2295837402,76968,76978,10
13.024600029,80.2290725708,76978,76988,10
13.0245599747,80.2290420532,76988,76998,10
13.0245304108,80.229019165,76998,77008,10
13.0242900848,80.2286834717,77008,77018,10
13.0239200592,80.228187561,77018,77034,16
13.023150444,80.2273712158,77034,77046,12
13.0224599838,80.2267379761,77046,77055,9
13.0218801498,80.2262420654,77055,77067,12
13.0211296082,80.2256622314,77067,77076,9
13.0205602646,80.2252197266,77076,77087,11
13.0200195313,80.2248535156,77087,77097,10
13.0198001862,80.2247161865,77097,77107,10
13.019370079,80.2244873047,77107,77117,10
13.0184602737,80.2245635986,77117,77127,10
13.0174398422,80.2249984741,77127,77137,10
13.0164003372,80.225440979,77137,77147,10
13.0157604218,80.2256622314,77147,77158,11
13.0146198273,80.2259902954,77158,77178,20
13.0146198273,80.2259902954,77178,77188,10
13.0145902634,80.2260284424,77188,77198,10
13.0141897202,80.2261581421,77198,77228,30
13.0141897202,80.2261581421,77228,77238,10
13.0141401291,80.2256469727,77238,78002,764
13.0141401291,80.2256469727,78002,78014,12
13.0143299103,80.2254333496,78014,78024,10
13.0145902634,80.2255325317,78024,78033,9
13.014380455,80.2258224487,78033,78397,364
13.0141201019,80.2257537842,78397,78569,172
