13.0144500732,80.2250518799,20,4325,4305
13.0144100189,80.2250213623,4325,4385,60
13.0144100189,80.2250213623,4385,4395,10
13.0144395828,80.2249984741,4395,4687,292
13.0140895844,80.2248382568,4687,4810,123
13.0143604279,80.2249984741,4810,5214,404
13.0144100189,80.2250289917,5214,7377,2163
13.0144500732,80.2249908447,7377,7773,396
13.0144395828,80.224899292,7773,7985,212
13.0144395828,80.224899292,7985,7995,10
13.0144901276,80.2250137329,7995,9319,1324
13.0145101547,80.2250900269,9319,9480,161
13.01445961,80.2250595093,9480,10048,568
13.01445961,80.2250595093,10048,10058,10
13.0144195557,80.2250976563,10058,10239,181
13.0145702362,80.2249832153,10239,16971,6732
13.0145998001,80.2251586914,16971,17203,232
13.0144796371,80.2250595093,17203,18224,1021
13.0145397186,80.2250595093,18224,18345,121
13.0144996643,80.2250518799,18345,18851,506
13.0145301819,80.2249526978,18851,19073,222
13.0145196915,80.2250366211,19073,20933,1860
13.0145902634,80.2249679565,20933,20983,50
13.0145797729,80.2249908447,20983,24128,3145
13.0145797729,80.2249908447,24128,24138,10
13.0145702362,80.2253265381,24138,24149,11
13.0143404007,80.2258071899,24149,24280,131
13.0143404007,80.2258071899,24280,24290,10
13.0142803192,80.2258987427,24290,24300,10
13.0142097473,80.2256088257,24300,24310,10
13.0142498016,80.2254486084,24310,24320,10
13.0145597458,80.2256698608,24320,24330,10
13.0142202377,80.2259597778,24330,24574,244
13.0142202377,80.2259597778,24574,24584,10
13.0139598846,80.2263183594,24584,24594,10
13.0131998062,80.2266311646,24594,24604,10
13.0122404099,80.2270202637,24604,24614,10
13.0112304688,80.2274169922,24614,24624,10
13.0102596283,80.2278137207,24624,24634,10
13.00963974,80.2277984619,24634,24644,10
13.00963974,80.2273864746,24644,24654,10
13.0099496841,80.2266921997,24654,24664,10
13.0102996826,80.2258605957,24664,24675,11
13.0106697083,80.2250137329,24675,24685,10
13.0109701157,80.2241973877,24685,24695,10
13.0111703873,80.2236785889,24695,24705,10
13.0111703873,80.2235336304,24705,24715,10
13.0112104416,80.2233886719,24715,24725,10
13.0114297867,80.2229690552,24725,24735,10
13.0116996765,80.2223892212,24735,24745,10
13.0119695663,80.2217025757,24745,24755,10
13.0121202469,80.2215194702,24755,24765,10
13.0124197006,80.2216110229,24765,24775,10
13.012720108,80.2221298218,24775,24788,13
13.0133495331,80.2228088379,24788,24798,10
13.013879776,80.2233276367,24798,24808,10
13.0143098831,80.2238693237,24808,24818,10
13.0147695541,80.2243804932,24818,24828,10
13.0152597427,80.2248535156,24828,24838,10
13.015879631,80.2252807617,24838,24848,10
13.0167398453,80.2252120972,24848,24858,10
13.0177097321,80.2248535156,24858,24868,10
13.0187101364,80.2244567871,24868,24879,11
13.0194301605,80.2244186401,24879,24889,10
13.0199203491,80.2246780396,24889,24899,10
13.020409584,80.2250289917,24899,24909,10
13.0209503174,80.2254180908,24909,24919,10
13.0215101242,80.2258529663,24919,24929,10
13.0221796036,80.2263793945,24929,24939,10
13.0229597092,80.2270584106,24939,24949,10
13.0237102509,80.2277374268,24949,24959,10
13.0242204666,80.2282409668,24959,24966,7
13.0243997574,80.2284622192,24966,25000,34
13.0243997574,80.2284622192,25000,25010,10
13.0242595673,80.2285308838,25010,25020,10
13.024020195,80.2282867432,25020,25030,10
13.0236797333,80.2279281616,25030,25040,10
13.0233602524,80.2276229858,25040,25050,10
13.0230798721,80.2274627686,25050,25070,20
13.0229301453,80.2273635864,25070,25120,50
13.0226297379,80.2271499634,25120,25281,161
13.0226297379,80.2271499634,25281,25294,13
13.0225601196,80.2268981934,25294,25304,10
13.0222396851,80.2265777588,25304,25314,10
13.0216598511,80.2261123657,25314,25324,10
13.0208997726,80.2255096436,25324,25334,10
13.0202198029,80.2250518799,25334,25344,10
13.0199098587,80.224822998,25344,25354,10
13.0194301605,80.2245330811,25354,25364,10
13.0185499191,80.2246170044,25364,25374,10
13.0174598694,80.2250823975,25374,25384,10
13.0163698196,80.2255401611,25384,25394,10
13.0154495239,80.2258682251,25394,25405,11
13.0145797729,80.2262420654,25405,25415,10
13.0143604279,80.22631073,25415,25425,10
13.0140800476,80.2264175415,25425,25435,10
13.0136604309,80.2265701294,25435,25445,10
13.013130188,80.2267379761,25445,25455,10
13.0122203827,80.2271118164,25455,25465,10
13.0110502243,80.2275314331,25465,25475,10
13.0098600388,80.2279434204,25475,25485,10
13.0096902847,80.2273406982,25485,25495,10
13.0101099014,80.2264099121,25495,25506,11
13.01060009,80.2251586914,25506,25516,10
13.0111103058,80.2239303589,25516,25526,10
13.0112800598,80.2232666016,25526,25536,10
13.0106601715,80.2229919434,25536,25546,10
13.0097904205,80.2224884033,25546,25556,10
13.0088796616,80.2219772339,25556,25566,10
13.008099556,80.2215499878,25566,25576,10
13.0074100494,80.2211532593,25576,25586,10
13.0067195892,80.2208480835,25586,25596,10
13.00578022,80.2205505371,25596,25607,11
13.0045204163,80.2202377319,25607,25617,10
13.0032997131,80.2199401855,25617,25625,8
13.0024499893,80.2194976807,25625,25637,12
13.0015802383,80.2186203003,25637,25647,10
13.0006599426,80.2180099487,25647,25657,10
12.9996795654,80.2174224854,25657,25667,10
12.998459816,80.2167663574,25667,25677,10
12.9975700378,80.2165527344,25677,25687,10
12.9974298477,80.2165298462,25687,25697,10
12.9970998764,80.2165222168,25697,25708,11
12.9963703156,80.2166137695,25708,25718,10
12.9957399368,80.2167510986,25718,25728,10
12.995300293,80.2169265747,25728,25738,10
12.9949302673,80.2171707153,25738,25748,10
12.9945402145,80.2174606323,25748,25758,10
12.9942998886,80.217628479,25758,25768,10
12.9941196442,80.2177734375,25768,25778,10
12.9937095642,80.2180633545,25778,25788,10
12.9931602478,80.2184371948,25788,25798,10
12.9926204681,80.2188491821,25798,25808,10
12.9920396805,80.2192993164,25808,25819,11
12.9915399551,80.2196884155,25819,25829,10
12.9910497665,80.2200469971,25829,25839,10
12.9906101227,80.2203674316,25839,25849,10
12.9898300171,80.2210693359,25849,25859,10
12.9894304276,80.2215576172,25859,25869,10
12.9891004562,80.2219772339,25869,25879,10
12.9884700775,80.2226409912,25879,25889,10
12.9876899719,80.2231369019,25889,25899,10
12.9870500565,80.2230682373,25899,25909,10
12.9864902496,80.2229690552,25909,25920,11
12.9856796265,80.2230911255,25920,25930,10
12.9852695465,80.2232818604,25930,25940,10
12.9847202301,80.2230682373,25940,25950,10
12.9841403961,80.2227172852,25950,25960,10
12.9835996628,80.222442627,25960,25970,10
12.9833297729,80.2222671509,25970,25980,10
12.9832897186,80.2222366333,25980,25990,10
12.982919693,80.2220077515,25990,26000,10
12.982460022,80.221862793,26000,26010,10
12.9818897247,80.2214889526,26010,26021,11
12.9811897278,80.2211303711,26021,26031,10
12.9804096222,80.2210998535,26031,26041,10
12.9796495438,80.2211380005,26041,26051,10
12.9788599014,80.2211990356,26051,26061,10
12.9780397415,80.2211837769,26061,26071,10
12.9772596359,80.2212524414,26071,26081,10
12.9765701294,80.2212371826,26081,26091,10
12.9761104584,80.221321106,26091,26111,20
12.9761104584,80.221321106,26111,26121,10
12.9759502411,80.221321106,26121,26131,10
12.9757499695,80.2211532593,26131,26141,10
12.9757204056,80.2211380005,26141,26152,11
12.9756202698,80.2210388184,26152,26162,10
12.9753904343,80.2208709717,26162,26172,10
12.9751596451,80.2207489014,26172,26182,10
12.9748001099,80.2205581665,26182,26192,10
12.9740600586,80.2202529907,26192,26202,10
12.9734401703,80.2199935913,26202,26211,9
12.9730195999,80.2198410034,26211,26222,11
12.972120285,80.2195281982,26222,26234,12
12.9711103439,80.2192077637,26234,26244,10
12.9709997177,80.2191390991,26244,26252,8
12.9706296921,80.2189407349,26252,26264,12
12.9695501328,80.2184829712,26264,26274,10
12.9685602188,80.2180709839,26274,26282,8
12.9677295685,80.2177429199,26282,26294,12
12.9662303925,80.2171707153,26294,26303,9
12.9650497437,80.2166900635,26303,26312,9
12.9640302658,80.2162704468,26312,26324,12
12.9631204605,80.2158737183,26324,26333,9
12.9629001617,80.2157974243,26333,26345,12
12.9624900818,80.215637207,26345,26355,10
12.961640358,80.2153167725,26355,26365,10
12.9605102539,80.2148666382,26365,26375,10
12.9593200684,80.2143936157,26375,26385,10
12.9580898285,80.2138595581,26385,26395,10
12.9569797516,80.2134094238,26395,26405,10
12.9557504654,80.212928772,26405,26415,10
12.9546098709,80.2124862671,26415,26424,9
12.9538497925,80.2121887207,26424,26436,12
12.9530601501,80.2118835449,26436,26446,10
12.952050209,80.2114868164,26446,26456,10
12.9507598877,80.2109985352,26456,26466,10
12.9493198395,80.2104187012,26466,26476,10
12.9479398727,80.2098617554,26476,26486,10
12.9467000961,80.2093582153,26486,26496,10
12.9455003738,80.2089004517,26496,26506,10
12.9447097778,80.2085571289,26506,26516,10
12.9441404343,80.208366394,26516,26526,10
12.9439697266,80.2082901001,26526,26537,11
12.9432201385,80.2079391479,26537,26547,10
12.9427604675,80.2074203491,26547,26557,10
12.9421701431,80.2068023682,26557,26567,10
12.9414396286,80.2062606812,26567,26577,10
12.9410800934,80.2060623169,26577,26587,10
12.940870285,80.2059707642,26587,26597,10
12.9401702881,80.2057266235,26597,26607,10
12.9391803741,80.2054214478,26607,26617,10
12.9381504059,80.2051010132,26617,26627,10
12.9369897842,80.2047729492,26627,26637,10
12.9359302521,80.204460144,26637,26648,11
12.9350099564,80.2040786743,26648,26658,10
12.9342803955,80.2039413452,26658,26668,10
12.9340696335,80.2039413452,26668,26678,10
12.9337701797,80.203918457,26678,26688,10
12.9334697723,80.2038879395,26688,26698,10
12.9328203201,80.2036514282,26698,26708,10
12.9320201874,80.20337677,26708,26718,10
12.9312801361,80.2031326294,26718,26728,10
12.9306001663,80.2029266357,26728,26738,10
12.9299402237,80.2028198242,26738,26749,11
12.9298095703,80.202796936,26749,26759,10
12.9296302795,80.2027664185,26759,26769,10
12.9291400909,80.2027206421,26769,26779,10
12.9285697937,80.2025299072,26779,26789,10
12.9285497665,80.2024917603,26789,26799,10
12.9285202026,80.2022323608,26799,26809,10
12.9284896851,80.2017974854,26809,26819,10
12.9284696579,80.2011413574,26819,26829,10
12.9284296036,80.2002563477,26829,26839,10
12.9281797409,80.1993026733,26839,26850,11
12.9276199341,80.1983337402,26850,26860,10
12.9267396927,80.1977233887,26860,26870,10
12.926320076,80.1976089478,26870,26880,10
12.9260702133,80.1975631714,26880,26890,10
12.9255199432,80.1975402832,26890,26900,10
12.9252300262,80.1975097656,26900,26909,9
12.9245796204,80.1975097656,26909,26920,11
12.9235095978,80.1974563599,26920,26930,10
12.9227199554,80.1973495483,26930,26940,10
12.9220695496,80.1972808838,26940,26949,9
12.9218502045,80.1972198486,26949,26961,12
12.9209804535,80.1969223022,26961,26971,10
12.9199895859,80.1965713501,26971,26981,10
12.9190597534,80.1960906982,26981,26991,10
12.9182300568,80.1953735352,26991,27001,10
12.9173402786,80.1945571899,27001,27011,10
12.9171495438,80.1942596436,27011,27021,10
12.917090416,80.1941223145,27021,27031,10
12.9170198441,80.1935424805,27031,27041,10
12.9170598984,80.1928024292,27041,27051,10
12.9170598984,80.1924209595,27051,27061,10
12.9166603088,80.1923522949,27061,27081,20
12.9166603088,80.1923522949,27081,27091,10
12.9166297913,80.1923675537,27091,27102,11
12.9160699844,80.1922912598,27102,27112,10
12.9152297974,80.1922225952,27112,27122,10
12.9141302109,80.1921234131,27122,27132,10
12.913020134,80.1919708252,27132,27142,10
12.91203022,80.1918487549,27142,27153,11
12.9108400345,80.1916885376,27153,27162,9
12.9100198746,80.1915893555,27162,27173,11
12.9098997116,80.1915512085,27173,27183,10
12.9094400406,80.1912231445,27183,27193,10
12.9086999893,80.1906585693,27193,27203,10
12.9077396393,80.1899185181,27203,27212,9
12.9068698883,80.1892623901,27212,27223,11
12.9063100815,80.188873291,27223,27233,10
12.9061498642,80.1887588501,27233,27243,10
12.9056997299,80.1884765625,27243,27253,10
12.9048900604,80.1879577637,27253,27265,12
12.9039897919,80.1871109009,27265,27275,10
12.904009819,80.186088562,27275,27285,10
12.9040403366,80.1850509644,27285,27295,10
12.9038200378,80.1846237183,27295,27305,10
12.9030103683,80.1844100952,27305,27315,10
12.9019002914,80.1841125488,27315,27325,10
12.9009199142,80.1837921143,27325,27334,9
12.8999900818,80.1833496094,27334,27345,11
12.8986797333,80.1826934814,27345,27355,10
12.8978204727,80.182258606,27355,27366,11
12.8976097107,80.1821517944,27366,27376,10
12.8973903656,80.1820526123,27376,27386,10
12.8973798752,80.1820373535,27386,27396,10
12.8971700668,80.1819381714,27396,27406,10
12.8965301514,80.1816101074,27406,27416,10
12.8956098557,80.1811599731,27416,27426,10
12.8945503235,80.1806182861,27426,27436,10
12.8937702179,80.180229187,27436,27446,10
12.8933296204,80.1800308228,27446,27456,10
12.8932600021,80.1799316406,27456,27466,10
12.8929595947,80.1793823242,27466,27477,11
12.892490387,80.1784210205,27477,27487,10
12.8919296265,80.1774291992,27487,27497,10
12.8914604187,80.1765594482,27497,27507,10
12.891409874,80.1764907837,27507,27517,10
12.8911800385,80.1760406494,27517,27527,10
12.8907804489,80.1753005981,27527,27537,10
12.8903598785,80.1745986938,27537,27547,10
12.8899202347,80.174407959,27547,27557,10
12.8895998001,80.1742782593,27557,27567,10
12.8893203735,80.174118042,27567,27578,11
12.8886003494,80.1737365723,27578,27588,10
12.8876895905,80.1732788086,27588,27598,10
12.8865699768,80.1727218628,27598,27608,10
12.8853597641,80.172088623,27608,27618,10
12.8839702606,80.1713562012,27618,27628,10
12.8828802109,80.1707992554,27628,27638,10
12.8824796677,80.1706237793,27638,27648,10
12.8824100494,80.1706390381,27648,27658,10
12.8820295334,80.1709976196,27658,27668,10
12.881529808,80.1708984375,27668,27679,11
12.8811597824,80.1707763672,27679,27689,10
12.8804798126,80.1705322266,27689,27698,9
12.8797702789,80.170173645,27698,27710,12
12.8797702789,80.170173645,27710,27720,10
12.8791999817,80.1699676514,27720,27729,9
12.86977005,80.1748886108,27729,27792,63
12.86977005,80.1748886108,27792,27813,21
12.8676395416,80.1759490967,27813,27825,12
12.8664102554,80.175819397,27825,27835,10
12.8654098511,80.1757202148,27835,27845,10
12.8652095795,80.1756896973,27845,27855,10
12.8650302887,80.1756286621,27855,27865,10
12.8644599915,80.1753234863,27865,27875,10
12.8635597229,80.1747817993,27875,27886,11
12.8623199463,80.1740722656,27886,27896,10
12.8611698151,80.1735610962,27896,27906,10
12.8601102829,80.1731033325,27906,27916,10
12.8596801758,80.1729125977,27916,27926,10
12.8594503403,80.1727981567,27926,27936,10
12.8587799072,80.1725921631,27936,27946,10
12.8581104279,80.1724700928,27946,27956,10
12.8577604294,80.1723937988,27956,27966,10
12.8574800491,80.1723403931,27966,27976,10
12.8566102982,80.172203064,27976,28007,31
12.8566102982,80.172203064,28007,28017,10
12.8565101624,80.1721496582,28017,28027,10
12.8562297821,80.1720733643,28027,28037,10
12.8558301926,80.1719589233,28037,28047,10
12.8550195694,80.1717224121,28047,28057,10
12.8539104462,80.1714019775,28057,28067,10
12.8528795242,80.1712188721,28067,28088,21
12.8528795242,80.1712188721,28088,28098,10
12.8526096344,80.1712036133,28098,28108,10
12.851849556,80.1710891724,28108,28118,10
12.8509397507,80.1709289551,28118,28128,10
12.8500003815,80.1707611084,28128,28138,10
12.8487100601,80.1705474854,28138,28148,10
12.8471403122,80.1702728271,28148,28158,10
12.8454999924,80.1701812744,28158,28168,10
12.8438501358,80.1700820923,28168,28178,10
12.8421602249,80.1699523926,28178,28188,10
12.8404798508,80.1699523926,28188,28199,11
12.8390903473,80.1699066162,28199,28209,10
12.83852005,80.1697311401,28209,28219,10
12.838350296,80.169631958,28219,28229,10
12.8380298615,80.169342041,28229,28239,10
12.8376398087,80.1693115234,28239,28249,10
12.8371601105,80.1690368652,28249,28259,10
12.8369503021,80.168838501,28259,28269,10
12.836640358,80.168762207,28269,28279,10
12.8361902237,80.168586731,28279,28288,9
12.8359603882,80.1682434082,28288,28300,12
12.835439682,80.1677474976,28300,28310,10
12.8346796036,80.167388916,28310,28320,10
12.8337402344,80.1668777466,28320,28330,10
12.8328895569,80.1663894653,28330,28340,10
12.83273983,80.1662979126,28340,28350,10
12.8321695328,80.166053772,28350,28360,10
12.8313999176,80.1657562256,28360,28370,10
12.8304595947,80.1655273438,28370,28380,10
12.8294200897,80.1653671265,28380,28390,10
12.8283700943,80.1652526855,28390,28401,11
12.8278398514,80.1651992798,28401,28431,30
12.8278398514,80.1651992798,28431,28441,10
12.827630043,80.1651611328,28441,28461,20
12.827630043,80.1651611328,28461,28471,10
12.8274402618,80.1651000977,28471,28481,10
12.8272199631,80.1649703979,28481,28491,10
12.8267402649,80.164680481,28491,28501,10
12.8259401321,80.1641693115,28501,28512,11
12.8249597549,80.1636505127,28512,28522,10
12.824090004,80.1631088257,28522,28532,10
12.8230104446,80.1624984741,28532,28542,10
12.8217496872,80.1620025635,28542,28553,11
12.8203601837,80.1614074707,28553,28562,9
12.8190803528,80.1608428955,28562,28573,11
12.8181695938,80.1604537964,28573,28583,10
12.817990303,80.1603775024,28583,28593,10
12.8175497055,80.1602935791,28593,28603,10
12.8170204163,80.1601715088,28603,28613,10
12.8164997101,80.1600570679,28613,28623,10
12.8160104752,80.1599578857,28623,28633,10
12.8152399063,80.1598129272,28633,28643,10
12.8143901825,80.15965271,28643,28653,10
12.8134899139,80.1595611572,28653,28663,10
12.812669754,80.1594085693,28663,28673,10
12.8122396469,80.1593704224,28673,28683,10
12.812210083,80.1593704224,28683,28693,10
12.8119297028,80.1593704224,28693,28706,13
12.8116502762,80.1594390869,28706,28716,10
12.8114099503,80.1595001221,28716,28726,10
12.8112602234,80.159538269,28726,28736,10
12.8109703064,80.1596374512,28736,29463,727
12.8109703064,80.1596374512,29463,29473,10
12.8107299805,80.1596984863,29473,29483,10
12.8102703094,80.1596984863,29483,29493,10
12.8100404739,80.1595993042,29493,29523,30
12.8100404739,80.1595993042,29523,29533,10
12.8101396561,80.1596908569,29533,29543,10
12.8103199005,80.1597137451,29543,29553,10
12.8110103607,80.1596069336,29553,30090,537
12.8110103607,80.1596069336,30090,30100,10
12.8111400604,80.1595916748,30100,30110,10
12.8114299774,80.1594924927,30110,30120,10
12.8116703033,80.1594314575,30120,30130,10
12.8118600845,80.1593780518,30130,30140,10
12.8124103546,80.1593475342,30140,30150,10
12.8131799698,80.1595001221,30150,30160,10
12.8140802383,80.1595993042,30160,30169,9
12.814909935,80.1597290039,30169,30181,12
12.8160295486,80.1599578857,30181,30191,10
12.8169002533,80.1601409912,30191,30201,10
12.8171796799,80.1602020264,30201,30211,10
12.81731987,80.1602325439,30211,30221,10
12.8177604675,80.1603317261,30221,30231,10
12.8181600571,80.1604309082,30231,30241,10
12.8183403015,80.1604919434,30241,30251,10
12.8187999725,80.1606826782,30251,30261,10
12.8195495605,80.1610336304,30261,30271,10
12.8204803467,80.1614379883,30271,30282,11
12.8215398788,80.1618804932,30282,30292,10
12.8224897385,80.1622619629,30292,30302,10
12.8234500885,80.1626815796,30302,30312,10
12.8243598938,80.1632385254,30312,30322,10
12.8252401352,80.1637268066,30322,30332,10
12.8258104324,80.1640167236,30332,30342,10
12.8264102936,80.164390564,30342,30352,10
12.8267803192,80.1646118164,30352,30362,10
12.8272800446,80.1649017334,30362,30423,61
12.8275098801,80.1650619507,30423,30443,20
12.8275098801,80.1650619507,30443,30453,10
12.8278398514,80.1651306152,30453,30473,20
12.8278398514,80.1651306152,30473,30483,10
12.8281097412,80.1651611328,30483,30493,10
12.8288097382,80.1652679443,30493,30503,10
12.8296804428,80.1653823853,30503,30513,10
12.8305196762,80.1655273438,30513,30524,11
12.831410408,80.1657180786,30524,30534,10
12.8321800232,80.1660232544,30534,30544,10
12.8330898285,80.1664428711,30544,30554,10
12.8337001801,80.1667861938,30554,30564,10
12.8343000412,80.1671066284,30564,30574,10
12.8349399567,80.1675033569,30574,30584,10
12.8354301453,80.1677322388,30584,30595,11
12.8358297348,80.1678695679,30595,30605,10
12.8359804153,80.1682662964,30605,30615,10
12.8362598419,80.1686019897,30615,30625,10
12.8364896774,80.1686782837,30625,30635,10
12.8369703293,80.1688232422,30635,30645,10
12.8371801376,80.1689682007,30645,30654,9
12.8373498917,80.1691589355,30654,30665,11
12.8380498886,80.1693115234,30665,30675,10
12.8382797241,80.1695022583,30675,30685,10
12.8384304047,80.1696166992,30685,30695,10
12.8385095596,80.169670105,30695,30707,12
12.8390598297,80.1698532104,30707,30717,10
12.8398599625,80.1699371338,30717,30727,10
12.8408603668,80.1699523926,30727,30737,10
12.8422803879,80.1699523926,30737,30747,10
12.8439798355,80.1700973511,30747,30757,10
12.845749855,80.1701889038,30757,30767,10
12.8473701477,80.1702804565,30767,30777,10
12.84856987,80.170501709,30777,30787,10
12.8498096466,80.1707229614,30787,30797,10
12.8510704041,80.1709365845,30797,30838,41
12.8510704041,80.1709365845,30838,30848,10
12.8515501022,80.1709976196,30848,30858,10
12.8524503708,80.1711578369,30858,30868,10
12.8533296585,80.171257019,30868,30878,10
12.8543901443,80.1715087891,30878,30888,10
12.8555698395,80.1718597412,30888,30898,10
12.8564195633,80.1720809937,30898,30929,31
12.8564195633,80.1720809937,30929,30939,10
12.856710434,80.17212677,30939,30949,10
12.8569402695,80.172203064,30949,30959,10
12.8573799133,80.1722793579,30959,30969,10
12.8577299118,80.1723480225,30969,30979,10
12.8580904007,80.172416687,30979,30989,10
12.8580999374,80.172416687,30989,30999,10
12.8583402634,80.1724624634,30999,31009,10
12.8589801788,80.1725769043,31009,31020,11
12.8597002029,80.1728515625,31020,31030,10
12.8598299026,80.1729125977,31030,31040,10
12.8604297638,80.1731567383,31040,31050,10
12.861240387,80.173538208,31050,31060,10
12.862279892,80.1739883423,31060,31070,10
12.8633899689,80.1746063232,31070,31080,10
12.8644599915,80.1752929688,31080,31090,10
12.8652296066,80.1756668091,31090,31100,10
12.8654003143,80.1756896973,31100,31110,10
12.8656997681,80.1757125854,31110,31121,11
12.8664102554,80.1757736206,31121,31131,10
12.8670597076,80.1758422852,31131,31141,10
12.8678598404,80.1759262085,31141,31151,10
12.8686103821,80.1756591797,31151,31161,10
12.8694200516,80.1751022339,31161,31171,10
12.870349884,80.1744613647,31171,31181,10
12.8714799881,80.1736907959,31181,31191,10
12.8727998734,80.1728210449,31191,31201,10
12.8741197586,80.1719512939,31201,31211,10
12.875289917,80.1711730957,31211,31221,10
12.8760700226,80.1707229614,31221,31232,11
12.8760795593,80.1707229614,31232,31252,20
12.8771800995,80.1703720093,31252,31262,10
12.8782396317,80.1700592041,31262,31272,10
12.8793897629,80.1699066162,31272,31280,8
12.8800001144,80.1701889038,31280,31292,12
12.8800497055,80.1702194214,31292,31302,10
12.8803796768,80.1704177856,31302,31312,10
12.8811798096,80.170753479,31312,31322,10
12.8818998337,80.1709899902,31322,31333,11
12.8824195862,80.1706314087,31333,31343,10
12.8826303482,80.1706237793,31343,31353,10
12.8830604553,80.1708526611,31353,31364,11
12.8840198517,80.1713409424,31364,31375,11
12.8849897385,80.1718521118,31375,31384,9
12.885840416,80.1723022461,31384,31395,11
12.8868198395,80.1728134155,31395,31405,10
12.8877096176,80.1732711792,31405,31415,10
12.888299942,80.1735687256,31415,31425,10
12.8888597488,80.1738433838,31425,31435,10
12.8893203735,80.1740722656,31435,31445,10
12.889550209,80.1741867065,31445,31455,10
12.8897399902,80.1742477417,31455,31465,10
12.889960289,80.1743621826,31465,31475,10
12.8901500702,80.1744308472,31475,31485,10
12.8904600143,80.1746063232,31485,31495,10
12.8906898499,80.1750106812,31495,31505,10
12.8909301758,80.1755523682,31505,31515,10
12.8914299011,80.1764068604,31515,31524,9
12.8915700912,80.1766891479,31524,31538,14
12.8916301727,80.1768035889,31538,31548,10
12.8916902542,80.1769332886,31548,31558,10
12.8920001984,80.177482605,31558,31568,10
12.8924598694,80.1783218384,31568,31578,10
12.8930301666,80.1793136597,31578,31588,10
12.8936195374,80.1800613403,31588,31598,10
12.8940000534,80.1802368164,31598,31608,10
12.8940696716,80.1802825928,31608,31618,10
12.8943395615,80.1804275513,31618,31628,10
12.8949298859,80.1807174683,31628,31638,10
12.8958501816,80.1811904907,31638,31649,11
12.8969402313,80.1817321777,31649,31659,10
12.8976802826,80.1821212769,31659,31679,20
12.8976802826,80.1821212769,31679,31689,10
12.8980197906,80.1822509766,31689,31699,10
12.8988199234,80.1826705933,31699,31709,10
12.8996200562,80.18309021,31709,31719,10
12.9004297256,80.1834716797,31719,31729,10
12.9011201859,80.1837692261,31729,31741,12
12.9023704529,80.1840896606,31741,31752,11
12.9037599564,80.1845169067,31752,31762,10
12.904129982,80.1851501465,31762,31772,10
12.9040899277,80.1861495972,31772,31782,10
12.9040899277,80.1872634888,31782,31792,10
12.9048299789,80.1878662109,31792,31802,10
12.9057798386,80.1884613037,31802,31812,10
12.9064998627,80.1888885498,31812,31822,10
12.9066400528,80.1889877319,31822,31832,10
12.9068603516,80.189163208,31832,31842,10
12.9074497223,80.1895980835,31842,31853,11
12.9082899094,80.190246582,31853,31863,10
12.9091701508,80.1909408569,31863,31873,10
12.9099302292,80.1914978027,31873,31883,10
12.9108600616,80.1916885376,31883,31893,10
12.9117898941,80.1918106079,31893,31903,10
12.9125099182,80.1918563843,31903,31913,10
12.9125795364,80.1918411255,31913,31923,10
12.913069725,80.1919174194,31923,31933,10
12.9139003754,80.1920394897,31933,31943,10
12.9149398804,80.1921463013,31943,31953,10
12.9160404205,80.1922302246,31953,31964,11
12.9167404175,80.1922683716,31964,31974,10
12.9172000885,80.1918563843,31974,31994,20
12.9172000885,80.1918563843,31994,32004,10
12.9172201157,80.1917724609,32004,32014,10
12.9172697067,80.1912689209,32014,32024,10
12.917309761,80.1905517578,32024,32034,10
12.9173297882,80.1903991699,32034,32044,10
12.9174499512,80.1903991699,32044,32054,10
12.9174203873,80.1907577515,32054,32065,11
12.9173402786,80.1915817261,32065,32075,10
12.9173202515,80.1920776367,32075,32085,10
12.91726017,80.1924667358,32085,32095,10
12.9171600342,80.1930084229,32095,32125,30
12.9171600342,80.1930084229,32125,32135,10
12.9171199799,80.1932067871,32135,32145,10
12.9171199799,80.1932983398,32145,32155,10
12.917140007,80.1934967041,32155,32166,11
12.9171600342,80.1939086914,32166,32176,10
12.91726017,80.1942520142,32176,32186,10
12.9177303314,80.1947479248,32186,32196,10
12.9184598923,80.1954193115,32196,32206,10
12.9188203812,80.1957473755,32206,32216,10
12.9190301895,80.1959533691,32216,32225,9
12.9194898605,80.1962585449,32225,32236,11
12.9203100204,80.1966018677,32236,32246,10
12.9206895828,80.1967163086,32246,32256,10
12.9207496643,80.1967391968,32256,32266,10
12.9208202362,80.1967468262,32266,32278,12
12.9208498001,80.196762085,32278,32288,10
12.9212303162,80.1968994141,32288,32298,10
12.9219398499,80.1971664429,32298,32308,10
12.9227800369,80.1973114014,32308,32318,10
12.9231700897,80.1973571777,32318,32328,10
12.9232997894,80.1973800659,32328,32338,10
12.9238796234,80.1974411011,32338,32348,10
12.9246902466,80.1974487305,32348,32358,10
12.9252700806,80.1974411011,32358,32368,10
12.9255304337,80.1974563599,32368,32379,11
12.9264297485,80.1975326538,32379,32399,20
12.9264297485,80.1975326538,32399,32409,10
12.9265203476,80.1975402832,32409,32419,10
12.9270401001,80.1977920532,32419,32429,10
12.9277000427,80.1983032227,32429,32439,10
12.9281101227,80.1990737915,32439,32449,10
12.9284200668,80.1998977661,32449,32459,10
12.9285001755,80.2007827759,32459,32469,10
12.9285297394,80.2015991211,32469,32480,11
12.928560257,80.2022171021,32480,32490,10
12.9290103912,80.2026596069,32490,32500,10
12.9294700623,80.2026824951,32500,32520,20
12.9294700623,80.2026824951,32520,32530,10
12.9298000336,80.2027282715,32530,32540,10
12.9305200577,80.2028427124,32540,32550,10
12.9312896729,80.2030410767,32550,32560,10
12.931889534,80.2032470703,32560,32570,10
12.9324798584,80.203453064,32570,32580,10
12.9328804016,80.2035675049,32580,32591,11
12.9332399368,80.2037200928,32591,32601,10
12.9339399338,80.2038269043,32601,32621,20
12.9339399338,80.2038269043,32621,32631,10
12.9342603683,80.2038269043,32631,32641,10
12.9347801208,80.2039108276,32641,32651,10
12.9354295731,80.2041320801,32651,32661,10
12.9360904694,80.2044067383,32661,32671,10
12.9368696213,80.2046432495,32671,32681,10
12.9377298355,80.2048873901,32681,32692,11
12.9383897781,80.2050933838,32692,32702,10
12.9387798309,80.2052078247,32702,32712,10
12.9393796921,80.2053985596,32712,32722,10
12.9396896362,80.2054977417,32722,32732,10
12.9398899078,80.2055664063,32732,32742,10
12.9399404526,80.205581665,32742,32752,10
12.9402198792,80.205657959,32752,32762,10
12.9405498505,80.2057418823,32762,32772,10
12.9408998489,80.205871582,32772,32782,10
12.9414100647,80.2061233521,32782,32793,11
12.94190979,80.2064590454,32793,32803,10
12.9420795441,80.2065811157,32803,32813,10
12.9422302246,80.206703186,32813,32823,10
12.9423103333,80.20677948,32823,32833,10
12.9423599243,80.2068023682,32833,32843,10
12.9424295425,80.2068786621,32843,32853,10
12.9424695969,80.2069168091,32853,32863,10
12.9425697327,80.2070007324,32863,32873,10
12.9426603317,80.2071228027,32873,32883,10
12.94272995,80.2071990967,32883,32893,10
12.9428100586,80.2072982788,32893,32904,11
12.9429502487,80.2075119019,32904,32914,10
12.9431800842,80.2077789307,32914,32934,20
12.9431800842,80.2077789307,32934,32944,10
12.9433202744,80.2079162598,32944,32954,10
12.9435100555,80.2080078125,32954,32964,10
12.9436597824,80.2080688477,32964,32974,10
12.9438695908,80.2081375122,32974,32984,10
12.9441995621,80.2082595825,32984,32994,10
12.9442796707,80.2082901001,32994,33005,11
12.9446201324,80.2084274292,33005,33015,10
12.9453201294,80.2086868286,33015,33025,10
12.9462099075,80.208946228,33025,33035,10
12.9471702576,80.209312439,33035,33045,10
12.9479999542,80.2095794678,33045,33055,10
12.948559761,80.2097396851,33055,33066,11
12.9490699768,80.2098236084,33066,33086,20
12.9490699768,80.2098236084,33086,33096,10
12.9494199753,80.2100219727,33096,33106,10
12.9501199722,80.2103805542,33106,33116,10
12.950969696,80.2107696533,33116,33126,10
12.9518404007,80.2112121582,33126,33136,10
12.9528102875,80.2116012573,33136,33146,10
12.9534797668,80.2118682861,33146,33156,10
12.9535799026,80.2119064331,33156,33166,10
12.9537096024,80.2119979858,33166,33176,10
12.9541902542,80.2122116089,33176,33186,10
12.9550199509,80.2125015259,33186,33196,10
12.9560098648,80.212890625,33196,33206,10
12.9569396973,80.2132415771,33206,33219,13
12.9583501816,80.2138366699,33219,33229,10
12.9593200684,80.2142028809,33229,33239,10
12.960100174,80.2145385742,33239,33249,10
12.9608097076,80.2148132324,33249,33259,10
12.961520195,80.2150802612,33259,33269,10
12.9622602463,80.2153701782,33269,33279,10
12.9629602432,80.2156295776,33279,33289,10
12.96352005,80.2158432007,33289,33296,7
12.9640197754,80.2160568237,33296,33320,24
12.9640197754,80.2160568237,33320,33330,10
12.964220047,80.2161712646,33330,33340,10
12.9648303986,80.2164764404,33340,33350,10
12.9656295776,80.2167892456,33350,33360,10
12.965929985,80.2168884277,33360,33370,10
12.9661397934,80.2169570923,33370,33421,51
12.9661397934,80.2169570923,33421,33431,10
12.9664697647,80.2171020508,33431,33441,10
12.9666795731,80.2171783447,33441,33491,50
12.9670696259,80.2173309326,33491,33511,20
12.9672403336,80.2174072266,33511,33582,71
12.9676103592,80.2175598145,33582,33602,20
12.9676103592,80.2175598145,33602,33612,10
12.9679899216,80.2177276611,33612,33622,10
12.9686498642,80.2179794312,33622,33633,11
12.9697303772,80.2184066772,33633,33643,10
12.9705200195,80.2186965942,33643,33653,10
12.9710798264,80.2188720703,33653,33663,10
12.9712095261,80.2189102173,33663,33673,10
12.9712896347,80.2189178467,33673,33683,10
12.9717502594,80.2191390991,33683,33693,10
12.9724502563,80.2194519043,33693,33703,10
12.973279953,80.2197723389,33703,33713,10
12.9740800858,80.2201080322,33713,33723,10
12.9750995636,80.2205734253,33723,33784,61
12.9750995636,80.2205734253,33784,33794,10
12.9751901627,80.2206268311,33794,33804,10
12.9754400253,80.2207107544,33804,33814,10
12.9757204056,80.220993042,33814,33824,10
12.9762401581,80.2212219238,33824,33845,21
12.9762401581,80.2212219238,33845,33855,10
12.9763402939,80.2212295532,33855,33865,10
12.9768104553,80.2212600708,33865,33875,10
12.9774703979,80.2212219238,33875,33885,10
12.9781999588,80.2211074829,33885,33895,10
12.9790802002,80.2210388184,33895,33905,10
12.9800901413,80.2209777832,33905,33915,10
12.9812002182,80.2210083008,33915,33925,10
12.9818096161,80.2213821411,33925,33935,10
12.982339859,80.2216796875,33935,33946,11
12.9827299118,80.2218322754,33946,33956,10
12.9830102921,80.2219772339,33956,33976,20
12.9830102921,80.2219772339,33976,33986,10
12.98320961,80.2220611572,33986,33996,10
12.983420372,80.2222366333,33996,34006,10
12.9839000702,80.2225570679,34006,34016,10
12.9845199585,80.2229309082,34016,34026,10
12.9852800369,80.2232589722,34026,34036,10
12.9856500626,80.2229995728,34036,34046,10
12.9863300323,80.22290802,34046,34056,10
12.9863901138,80.22290802,34056,34066,10
12.9865102768,80.2229309082,34066,34076,10
12.9869804382,80.2229919434,34076,34087,11
12.9874000549,80.2230606079,34087,34097,10
12.9880104065,80.2228469849,34097,34108,11
12.9887599945,80.2221832275,34108,34117,9
12.9890604019,80.2218170166,34117,34128,11
12.9895801544,80.2211227417,34128,34139,11
12.990240097,80.220413208,34139,34150,11
12.9903898239,80.2203216553,34150,34161,11
12.9906301498,80.220199585,34161,34171,10
12.9911003113,80.2197875977,34171,34181,10
12.9916400909,80.2193984985,34181,34191,10
12.9922704697,80.2189331055,34191,34201,10
12.9929895401,80.2184066772,34201,34211,10
12.9935598373,80.2180023193,34211,34221,10
12.9938097,80.2178497314,34221,34231,10
12.9940299988,80.2176818848,34231,34262,31
12.9940299988,80.2176818848,34262,34272,10
12.9943199158,80.2174377441,34272,34282,10
12.9945402145,80.217300415,34282,34292,10
12.9946603775,80.2172164917,34292,34302,10
12.9948396683,80.217086792,34302,34312,10
12.9952402115,80.2168426514,34312,34322,10
12.9954099655,80.216758728,34322,34332,10
12.9955797195,80.2166671753,34332,34342,10
12.9957504272,80.2166137695,34342,34352,10
12.9959897995,80.2165527344,34352,34362,10
12.9960098267,80.2165527344,34362,34373,11
12.9964199066,80.2164764404,34373,34383,10
12.9967899323,80.2164611816,34383,34393,10
12.9968595505,80.2164535522,34393,34403,10
12.9969396591,80.2164611816,34403,34413,10
12.9974002838,80.2164535522,34413,34423,10
12.9976301193,80.2164611816,34423,34433,10
12.9978504181,80.2164764404,34433,34443,10
12.9984703064,80.2166595459,34443,34453,10
12.9992704391,80.2170562744,34453,34462,9
12.9999799728,80.2174987793,34462,34474,12
13.0006399155,80.217918396,34474,34484,10
13.0012598038,80.2183303833,34484,34494,10
13.0018901825,80.2188720703,34494,34504,10
13.0023403168,80.2194137573,34504,34514,10
13.0031404495,80.219833374,34514,34524,10
13.0038795471,80.2200088501,34524,34534,10
13.0046396255,80.2201538086,34534,34544,10
13.0047397614,80.2201766968,34544,34554,10
13.0051298141,80.2202987671,34554,34564,10
13.0058803558,80.2204589844,34564,34575,11
13.006819725,80.220703125,34575,34585,10
13.0076198578,80.2211685181,34585,34595,10
13.0086803436,80.2217330933,34595,34605,10
13.0098896027,80.2223815918,34605,34615,10
13.0110797882,80.2229537964,34615,34665,50
13.0110797882,80.2229537964,34665,34675,10
13.0113601685,80.2230834961,34675,34686,11
13.0116100311,80.2227020264,34686,34696,10
13.0118198395,80.221786499,34696,34706,10
13.0122003555,80.2213973999,34706,34716,10
13.0124702454,80.2217407227,34716,34726,10
13.0127897263,80.2222671509,34726,34736,10
13.0133199692,80.2228088379,34736,34746,10
13.0138998032,80.2234268188,34746,34756,10
13.0143003464,80.2240219116,34756,34767,11
13.0153598785,80.2248916626,34767,34807,40
13.0153598785,80.2248916626,34807,34817,10
13.0155496597,80.224937439,34817,34828,11
13.0158500671,80.2252731323,34828,34838,10
13.0166597366,80.2252578735,34838,34848,10
13.0177001953,80.2248382568,34848,34858,10
13.0186901093,80.2244110107,34858,34868,10
13.019080162,80.2242584229,34868,34877,9
13.0190896988,80.2242584229,34877,34890,13
13.0192203522,80.2242507935,34890,34900,10
13.0194196701,80.2242889404,34900,34910,10
13.0195198059,80.2243499756,34910,34920,10
13.0197200775,80.2244873047,34920,34930,10
13.0198202133,80.224571228,34930,34940,10
13.0199604034,80.2246704102,34940,34950,10
13.0201301575,80.2248001099,34950,34960,10
13.0203504562,80.224937439,34960,34970,10
13.0205202103,80.2250595093,34970,34980,10
13.02064991,80.2251434326,34980,34990,10
13.0208396912,80.2252883911,34990,35001,11
13.0210895538,80.2255096436,35001,35011,10
13.0212802887,80.2257003784,35011,35021,10
13.0216598511,80.2258911133,35021,35061,40
13.0216598511,80.2258911133,35061,35071,10
13.02202034,80.2261428833,35071,35091,20
13.02202034,80.2261428833,35091,35102,11
13.022190094,80.226272583,35102,35182,80
13.022190094,80.226272583,35182,35192,10
13.0224895477,80.2265777588,35192,35202,10
13.0226402283,80.2266998291,35202,35213,11
13.0227804184,80.2268371582,35213,35223,10
13.0228796005,80.2269287109,35223,35233,10
13.0229902267,80.2270507813,35233,35243,10
13.0231103897,80.2271881104,35243,35253,10
13.0232095718,80.2273101807,35253,35273,20
13.0232095718,80.2273101807,35273,35283,10
13.0234298706,80.2274627686,35283,35293,10
13.023730278,80.2277297974,35293,35303,10
13.0239896774,80.2279434204,35303,35324,21
13.0239896774,80.2279434204,35324,35334,10
13.0241098404,80.2280578613,35334,35344,10
13.024189949,80.2281494141,35344,35354,10
13.0242795944,80.2282485962,35354,35364,10
13.0243902206,80.2284317017,35364,35374,10
13.0245704651,80.2286911011,35374,35384,10
13.0247097015,80.2288818359,35384,35394,10
13.0247898102,80.229019165,35394,35404,10
13.0249795914,80.2293014526,35404,35415,11
13.0253400803,80.2297286987,35415,35425,10
13.025639534,80.2301712036,35425,35495,70
13.025639534,80.2301712036,35495,35505,10
13.0257101059,80.2303390503,35505,35514,9
13.0257797241,80.2305221558,35514,35526,12
13.0259199142,80.2308197021,35526,35536,10
13.0260000229,80.231086731,35536,35546,10
13.0260896683,80.2313079834,35546,35556,10
13.0265102386,80.2312698364,35556,35566,10
13.0274295807,80.2310180664,35566,35576,10
13.0285196304,80.2308502197,35576,35596,20
13.0285196304,80.2308502197,35596,35606,10
13.028719902,80.2308425903,35606,35615,9
13.0294399261,80.2307815552,35615,35647,32
13.0294399261,80.2307815552,35647,35657,10
13.0298700333,80.23072052,35657,35667,10
13.0305995941,80.2306518555,35667,35687,20
13.0305995941,80.2306518555,35687,35697,10
13.0309495926,80.2306289673,35697,35707,10
13.0316295624,80.2305831909,35707,35717,10
13.032409668,80.2305221558,35717,35727,10
13.0332698822,80.2304534912,35727,35737,10
13.0339202881,80.230430603,35737,35747,10
13.0340595245,80.2304229736,35747,35797,50
13.0340595245,80.2304229736,35797,35808,11
13.0342302322,80.2303314209,35808,35818,10
13.0347499847,80.2302093506,35818,35828,10
13.0349197388,80.2300720215,35828,35838,10
13.0349302292,80.2300262451,35838,35848,10
13.0347900391,80.229888916,35848,36395,547
13.0346498489,80.2301101685,36395,36486,91
13.0346498489,80.2301101685,36486,36496,10
13.0346803665,80.2300186157,36496,37103,607
13.0343599319,80.2298812866,37103,37153,50
13.0343599319,80.2298812866,37153,37163,10
13.0342102051,80.2301101685,37163,37203,40
13.0342102051,80.2301101685,37203,37214,11
13.0341997147,80.2302703857,37214,37224,10
13.0341300964,80.2304000854,37224,37234,10
13.0339002609,80.2304611206,37234,37244,10
13.0334196091,80.2304916382,37244,37254,10
13.0326795578,80.2305526733,37254,37264,10
13.0320196152,80.2305984497,37264,37274,10
13.0311403275,80.2306976318,37274,37303,29
13.0311403275,80.2306976318,37303,37315,12
13.0307502747,80.23072052,37315,37325,10
13.030380249,80.2307434082,37325,37335,10
13.0297203064,80.2308197021,37335,37375,40
13.0297203064,80.2308197021,37375,37385,10
13.029250145,80.2308273315,37385,37395,10
13.0285797119,80.2309188843,37395,37405,10
13.0277700424,80.2309799194,37405,37415,10
13.0276699066,80.2312774658,37415,37426,11
13.0277500153,80.2319335938,37426,37436,10
13.027879715,80.232749939,37436,37456,20
13.027879715,80.232749939,37456,37466,10
13.0277500153,80.2328262329,37466,37476,10
13.0274200439,80.2328567505,37476,37486,10
13.0270996094,80.2329406738,37486,37496,10
13.0269298553,80.2329330444,37496,37506,10
13.0266704559,80.2329864502,37506,37516,10
13.0263204575,80.2325897217,37516,37527,11
13.0260095596,80.2315216064,37527,37537,10
13.0256099701,80.2303771973,37537,37547,10
13.0250902176,80.229637146,37547,37557,10
13.0248003006,80.229309082,37557,37567,10
13.0246801376,80.2291717529,37567,37577,10
13.0244703293,80.2289199829,37577,37587,10
13.0243797302,80.2288131714,37587,37597,10
13.0242099762,80.228553772,37597,37607,10
13.0238304138,80.2280273438,37607,37617,10
13.0233201981,80.2275695801,37617,37627,10
13.0228395462,80.2272491455,37627,37658,31
13.0228395462,80.2272491455,37658,37668,10
13.0225801468,80.2269592285,37668,37678,10
13.0224399567,80.2267837524,37678,37688,10
13.0219202042,80.2263336182,37688,37698,10
13.0212898254,80.2258529663,37698,37708,10
13.0207004547,80.225440979,37708,37718,10
13.0204496384,80.2252502441,37718,37728,10
13.0200004578,80.2249221802,37728,37749,21
13.0200004578,80.2249221802,37749,37759,10
13.0198001862,80.2247772217,37759,37769,10
13.0192098618,80.2245330811,37769,37779,10
13.018409729,80.2246704102,37779,37789,10
13.0175600052,80.2250137329,37789,37799,10
13.016699791,80.2253417969,37799,37809,10
13.016119957,80.2255477905,37809,37819,10
13.0153903961,80.2258071899,37819,37829,10
13.0149002075,80.2259597778,37829,37839,10
13.0143098831,80.2261428833,37839,37850,11
13.0142002106,80.2260818481,37850,37860,10
13.0142803192,80.2258300781,37860,37870,10
13.01445961,80.2253112793,37870,37880,10
13.0141801834,80.2255401611,37880,38083,203
13.0141801834,80.2255401611,38083,38093,10
13.0142097473,80.2259597778,38093,38103,10
13.0142202377,80.2261810303,38103,38113,10
13.0138702393,80.226348877,38113,38123,10
13.0132102966,80.226600647,38123,38133,10
13.0125102997,80.226890564,38133,38143,10
13.0117397308,80.227180481,38143,38153,10
13.0107603073,80.2275466919,38153,38164,11
13.0097999573,80.227897644,38164,38174,10
13.0095901489,80.2274017334,38174,38184,10
13.0099802017,80.2265319824,38184,38194,10
13.0103902817,80.2256393433,38194,38204,10
13.0105199814,80.2253265381,38204,38214,10
13.0105800629,80.2251815796,38214,38224,10
13.0106897354,80.2249832153,38224,38234,10
13.0108804703,80.2245101929,38234,38244,10
13.0111598969,80.2236404419,38244,38254,10
13.0110902786,80.2230987549,38254,38265,11
13.0103597641,80.2227935791,38265,38275,10
13.0102701187,80.2227172852,38275,38285,10
13.0098304749,80.2224884033,38285,38295,10
13.0090398788,80.2220535278,38295,38305,10
13.0080404282,80.2214813232,38305,38315,10
13.0068502426,80.2208786011,38315,38325,10
13.0055799484,80.2204818726,38325,38335,10
13.0046701431,80.2202606201,38335,38345,10
13.0045604706,80.2202224731,38345,38355,10
13.0040998459,80.2201309204,38355,38366,11
13.0031404495,80.219871521,38366,38376,10
13.0024595261,80.2194976807,38376,38386,10
13.0017299652,80.2187576294,38386,38396,10
13.0007600784,80.2180328369,38396,38406,10
12.9997196198,80.2173995972,38406,38416,10
12.9984903336,80.216758728,38416,38426,10
12.9975299835,80.2165298462,38426,38436,10
12.9973697662,80.2165222168,38436,38446,10
12.9972400665,80.216506958,38446,38456,10
12.9965896606,80.2165527344,38456,38466,10
12.9957799911,80.2167205811,38466,38477,11
12.9949302673,80.2171401978,38477,38487,10
12.9944095612,80.2175216675,38487,38497,10
12.9937000275,80.2180633545,38497,38507,10
12.9929103851,80.2186126709,38507,38517,10
12.9920701981,80.2192230225,38517,38527,10
12.9913797379,80.2197494507,38527,38537,10
12.9908504486,80.220161438,38537,38547,10
12.9908103943,80.2201919556,38547,38557,10
12.99036026,80.2204971313,38557,38567,10
12.9897403717,80.2210998535,38567,38577,10
12.9893398285,80.2216415405,38577,38588,11
12.9889802933,80.2220687866,38588,38598,10
12.9885196686,80.2225570679,38598,38608,10
12.9879598618,80.2229919434,38608,38618,10
12.9876804352,80.2230911255,38618,38628,10
12.9874095917,80.2230834961,38628,38638,10
12.9869098663,80.2229995728,38638,38648,10
12.9862003326,80.2229537964,38648,38658,10
12.9857501984,80.2230224609,38658,38668,10
12.9853000641,80.2232513428,38668,38678,10
12.9846897125,80.2230529785,38678,38689,11
12.983880043,80.2225875854,38689,38699,10
12.9835100174,80.2223815918,38699,38709,10
12.9832000732,80.2221908569,38709,38719,10
12.983130455,80.2221221924,38719,38729,10
12.9827804565,80.2219467163,38729,38739,10
12.9820203781,80.2217025757,38739,38759,20
12.9820203781,80.2217025757,38759,38770,11
12.9816398621,80.2213973999,38770,38780,10
12.9809503555,80.2211074829,38780,38790,10
12.9799604416,80.2211380005,38790,38800,10
12.9792299271,80.2211914063,38800,38810,10
12.9785499573,80.2212219238,38810,38820,10
12.9778900146,80.2212600708,38820,38830,10
12.9772100449,80.2212982178,38830,38840,10
12.9762401581,80.2212677002,38840,38880,40
12.9762401581,80.2212677002,38880,38890,10
12.9761400223,80.2212905884,38890,38903,13
12.975979805,80.2213287354,38903,38913,10
12.9758996964,80.2212905884,38913,38923,10
12.9754600525,80.2209091187,38923,38943,20
12.9754600525,80.2209091187,38943,38953,10
12.9751396179,80.2207183838,38953,38963,10
12.9743404388,80.2203826904,38963,38973,10
12.9735898972,80.220123291,38973,38983,10
12.9726600647,80.2197723389,38983,38993,10
12.9718599319,80.2194671631,38993,39004,11
12.9711704254,80.2192230225,39004,39014,10
12.9711399078,80.2192001343,39014,39024,10
12.9708204269,80.2190475464,39024,39034,10
12.970000267,80.2186889648,39034,39044,10
12.9690599442,80.2182769775,39044,39054,10
12.9681396484,80.2179107666,39054,39064,10
12.967209816,80.2175216675,39064,39072,8
12.9663801193,80.2171936035,39072,39084,12
12.964969635,80.2166519165,39084,39094,10
12.9639596939,80.2162399292,39094,39104,10
12.9628295898,80.2157592773,39104,39125,21
12.9628295898,80.2157592773,39125,39135,10
12.9627504349,80.2157287598,39135,39145,10
12.9621400833,80.2154922485,39145,39155,10
12.9611101151,80.2150726318,39155,39165,10
12.9598703384,80.2145767212,39165,39175,10
12.9587402344,80.2140884399,39175,39185,10
12.9575004578,80.2136077881,39185,39195,10
12.9564504623,80.2131881714,39195,39205,10
12.955160141,80.2126922607,39205,39216,11
12.9540300369,80.2122573853,39216,39226,10
12.9537296295,80.2121582031,39226,39236,10
12.9531602859,80.2119064331,39236,39246,10
12.9521398544,80.2115325928,39246,39256,10
12.9508800507,80.2110900879,39256,39266,10
12.9496202469,80.2106018066,39266,39276,10
12.9486999512,80.2102279663,39276,39286,10
12.948340416,80.2101135254,39286,39296,10
12.9481801987,80.2100601196,39296,39306,10
12.9480800629,80.2100524902,39306,39317,11
12.9472904205,80.2097396851,39317,39327,10
12.9462203979,80.2092895508,39327,39337,10
12.9449501038,80.2086715698,39337,39347,10
12.9441299438,80.2083511353,39347,39357,10
12.9440202713,80.2083129883,39357,39367,10
12.943479538,80.2080688477,39367,39377,10
12.9428300858,80.2075271606,39377,39387,10
12.9422702789,80.2068862915,39387,39397,10
12.9414596558,80.2062606812,39397,39407,10
12.941069603,80.2060470581,39407,39417,10
12.9409599304,80.2060012817,39417,39428,11
12.9407300949,80.2059173584,39428,39438,10
12.9403896332,80.2058029175,39438,39448,10
12.9397001266,80.2056121826,39448,39458,10
12.9388303757,80.2053375244,39458,39468,10
12.9379396439,80.205078125,39468,39478,10
12.937040329,80.2048187256,39478,39488,10
12.936050415,80.2045288086,39488,39498,10
12.9351596832,80.2041702271,39498,39508,10
12.9342002869,80.2039718628,39508,39518,10
12.9336900711,80.2039413452,39518,39529,11
12.9335899353,80.2039413452,39529,39539,10
12.9331703186,80.2038497925,39539,39549,10
12.9330997467,80.2038421631,39549,39559,10
12.9329395294,80.2037582397,39559,39569,10
12.9324998856,80.2035980225,39569,39579,10
12.9320297241,80.2034378052,39579,39589,10
12.9314899445,80.2032623291,39589,39599,10
12.9306402206,80.2029724121,39599,39609,10
12.9297704697,80.2028274536,39609,39619,10
12.9295301437,80.202796936,39619,39629,10
12.9294595718,80.2028121948,39629,39640,11
12.9288797379,80.2027206421,39640,39650,10
12.9285297394,80.2025680542,39650,39660,10
12.9284801483,80.2019805908,39660,39670,10
12.9284296036,80.2011108398,39670,39680,10
12.9283800125,80.2001266479,39680,39690,10
12.9281101227,80.1992492676,39690,39700,10
12.9276304245,80.1983566284,39700,39710,10
12.9268798828,80.1977767944,39710,39720,10
12.926320076,80.1976013184,39720,39730,10
12.9262895584,80.1976013184,39730,39740,10
12.9257602692,80.1975479126,39740,39750,10
12.9253702164,80.1975326538,39750,39760,10
12.9247303009,80.197517395,39760,39770,10
12.9237003326,80.1975021362,39770,39781,11
12.9225902557,80.1973495483,39781,39791,10
12.9219703674,80.1972808838,39791,39801,10
12.9216995239,80.1971817017,39801,39811,10
12.9212398529,80.1970214844,39811,39821,10
12.9208097458,80.1968612671,39821,39831,10
12.9203395844,80.1967086792,39831,39840,9
12.9197998047,80.1965179443,39840,39851,11
12.9194402695,80.1963577271,39851,39861,10
12.9190502167,80.1960601807,39861,39871,10
12.9183502197,80.1954269409,39871,39881,10
12.9175195694,80.1946792603,39881,39891,10
12.9171199799,80.194229126,39891,39911,20
12.9171199799,80.194229126,39911,39921,10
12.9169998169,80.1938705444,39921,39931,10
12.9170198441,80.1930389404,39931,39941,10
12.9166498184,80.1923522949,39941,39984,43
12.9166498184,80.1923522949,39984,39994,10
12.9163198471,80.1923294067,39994,40004,10
12.9154701233,80.1922836304,40004,40014,10
12.9144601822,80.1921920776,40014,40024,10
12.913359642,80.1920471191,40024,40034,10
12.9124803543,80.191947937,40034,40044,10
12.9116001129,80.1918334961,40044,40055,11
12.9103403091,80.19165802,40055,40065,10
12.9096403122,80.1914215088,40065,40075,10
12.9095201492,80.1912994385,40075,40085,10
12.9090595245,80.1909408569,40085,40095,10
12.9082098007,80.1902770996,40095,40105,10
12.9073400497,80.1896133423,40105,40115,10
12.906419754,80.1889190674,40115,40125,10
12.9060297012,80.1886901855,40125,40135,10
12.9059095383,80.1886062622,40135,40145,10
12.9052495956,80.1882019043,40145,40154,9
12.9043798447,80.1876373291,40154,40166,12
12.9039497375,80.1868667603,40166,40176,10
12.9039897919,80.1857681274,40176,40186,10
12.9040002823,80.1853408813,40186,40196,10
12.9040203094,80.1848907471,40196,40206,10
12.9035396576,80.1845397949,40206,40216,10
12.9025096893,80.1842422485,40216,40226,10
12.9014902115,80.1839904785,40226,40236,10
12.9012804031,80.1839065552,40236,40246,10
12.9006595612,80.1837310791,40246,40256,10
12.8997001648,80.1832275391,40256,40267,11
12.8983402252,80.1825180054,40267,40277,10
12.8973398209,80.1820220947,40277,40297,20
12.8973398209,80.1820220947,40297,40307,10
12.8971996307,80.1819610596,40307,40317,10
12.8965501785,80.1816177368,40317,40327,10
12.8955698013,80.181137085,40327,40337,10
12.8943595886,80.180519104,40337,40347,10
12.893409729,80.1800765991,40347,40357,10
12.8933401108,80.1800079346,40357,40367,10
12.8930397034,80.1795120239,40367,40378,11
12.8925199509,80.1784896851,40378,40388,10
12.8919296265,80.1774215698,40388,40398,10
12.8915195465,80.1766662598,40398,40408,10
12.8914299011,80.1765213013,40408,40418,10
12.8914203644,80.1764984131,40418,40428,10
12.8911399841,80.1759490967,40428,40438,10
12.8906803131,80.1751327515,40438,40448,10
12.8902301788,80.1745071411,40448,40458,10
12.8899097443,80.1744003296,40458,40468,10
12.8896598816,80.1743087769,40468,40479,11
12.8894500732,80.1742019653,40479,40489,10
12.8890600204,80.1739807129,40489,40499,10
12.8883399963,80.1736221313,40499,40509,10
12.8874197006,80.1731491089,40509,40519,10
12.8862695694,80.1725616455,40519,40529,10
12.8850698471,80.1719436646,40529,40539,10
12.8839797974,80.17137146,40539,40549,10
12.8830299377,80.1708679199,40549,40559,10
12.8822603226,80.1707000732,40559,40569,10
12.8816995621,80.1709671021,40569,40580,11
12.8813400269,80.1708526611,40580,40590,10
12.8807001114,80.1706314087,40590,40600,10
12.8799200058,80.1702575684,40600,40610,10
12.8798704147,80.1702194214,40610,40620,10
12.8793897629,80.1699829102,40620,40630,10
12.8783502579,80.1700668335,40630,40640,10
12.8769903183,80.170463562,40640,40650,10
12.8760204315,80.1707992554,40650,40660,10
12.8758001328,80.1708831787,40660,40670,10
12.8751001358,80.171333313,40670,40680,10
12.8740196228,80.1720428467,40680,40691,11
12.8725795746,80.1729812622,40691,40701,10
12.8712100983,80.1738891602,40701,40711,10
12.86977005,80.1748428345,40711,40721,10
12.868639946,80.1756134033,40721,40731,10
12.8679304123,80.1759796143,40731,40741,10
12.8669395447,80.1758575439,40741,40751,10
12.8657798767,80.1757583618,40751,40761,10
12.8652200699,80.1756896973,40761,40771,10
12.8650798798,80.1756591797,40771,40781,10
12.8644304276,80.1753311157,40781,40791,10
12.8634796143,80.1747436523,40791,40802,11
12.8622903824,80.1740493774,40802,40812,10
12.8610801697,80.1735305786,40812,40822,10
12.8599395752,80.1730270386,40822,40832,10
12.8596401215,80.1728897095,40832,40842,10
12.8593902588,80.1727828979,40842,40852,10
12.8586397171,80.1725616455,40852,40862,10
12.857749939,80.1724014282,40862,40871,9
12.857460022,80.1723403931,40871,40882,11
12.8565597534,80.1721878052,40882,40914,32
12.8565597534,80.1721878052,40914,40924,10
12.8565397263,80.172203064,40924,40934,10
12.8562602997,80.17212677,40934,40944,10
12.8559703827,80.1720504761,40944,40954,10
12.8552103043,80.1718292236,40954,40962,8
12.8543395996,80.1715621948,40962,40974,12
12.8529596329,80.1712417603,40974,40984,10
12.8517599106,80.171081543,40984,40994,10
12.8505296707,80.1708679199,40994,41005,11
12.849149704,80.1706390381,41005,41015,10
12.8477096558,80.1703796387,41015,41025,10
12.8461904526,80.1702270508,41025,41035,10
12.8447198868,80.1701583862,41035,41045,10
12.8431797028,80.1699905396,41045,41055,10
12.841460228,80.1699829102,41055,41065,10
12.8398704529,80.1699523926,41065,41075,10
12.8386898041,80.1697921753,41075,41085,10
12.838060379,80.169380188,41085,41095,10
12.8378400803,80.1692962646,41095,41105,10
12.8372001648,80.169090271,41105,41116,11
12.8371095657,80.1689376831,41116,41126,10
12.836930275,80.168838501,41126,41136,10
12.8365802765,80.1687393188,41136,41146,10
12.8361797333,80.1686019897,41146,41156,10
12.835940361,80.1681900024,41156,41166,10
12.8355102539,80.1677703857,41166,41176,10
12.8346500397,80.1673965454,41176,41186,10
12.8335695267,80.1668014526,41186,41196,10
12.832400322,80.1661834717,41196,41206,10
12.8311395645,80.165687561,41206,41217,11
12.8297300339,80.1654281616,41217,41227,10
12.8291597366,80.1653518677,41227,41237,10
12.8287496567,80.1652832031,41237,41247,10
12.8275995255,80.1651382446,41247,41358,111
12.8275995255,80.1651382446,41358,41368,10
12.8272199631,80.1650009155,41368,41378,10
12.8270397186,80.1648635864,41378,41398,20
12.8270397186,80.1648635864,41398,41408,10
12.8268699646,80.1647567749,41408,41418,10
12.8266201019,80.1645812988,41418,41429,11
12.8260803223,80.1642379761,41429,41439,10
12.8253202438,80.1638412476,41439,41449,10
12.8244104385,80.1633605957,41449,41459,10
12.8232402802,80.1626281738,41459,41469,10
12.8217697144,80.1620101929,41469,41479,10
12.8201599121,80.1613311768,41479,41489,10
12.8187799454,80.1607208252,41489,41499,10
12.8181400299,80.1604614258,41499,41509,10
12.8179397583,80.1604003906,41509,41519,10
12.8174800873,80.1602935791,41519,41528,9
12.817150116,80.1602096558,41528,41540,12
12.8169603348,80.1601715088,41540,41550,10
12.8162899017,80.1600189209,41550,41560,10
12.8154296875,80.1598587036,41560,41570,10
12.8144397736,80.1596603394,41570,41580,10
12.8136997223,80.159576416,41580,41590,10
12.81291008,80.1594619751,41590,41600,10
12.8123102188,80.159362793,41600,41610,10
12.8116798401,80.1594314575,41610,41629,19
12.8116798401,80.1594314575,41629,41641,12
12.8113498688,80.1595077515,41641,41651,10
12.8108501434,80.1596832275,41651,41661,10
12.8104000092,80.1597213745,41661,41671,10
12.8100404739,80.1595916748,41671,41701,30
12.8100404739,80.1595916748,41701,41711,10
12.8103904724,80.1596984863,41711,42663,952
12.8103904724,80.1596984863,42663,42673,10
12.8105096817,80.1597366333,42673,42683,10
12.8108501434,80.1596679688,42683,42693,10
12.8112897873,80.1595306396,42693,42703,10
12.8116197586,80.1594467163,42703,42713,10
12.8117704391,80.1594085693,42713,42723,10
12.8122797012,80.159362793,42723,42733,10
12.8129196167,80.1594696045,42733,42743,10
12.8135204315,80.1595611572,42743,42753,10
12.8135900497,80.1595535278,42753,42763,10
12.814040184,80.1595916748,42763,42773,10
12.8147296906,80.1596908569,42773,42783,10
12.8154497147,80.159828186,42783,42793,10
12.8160896301,80.1599578857,42793,42803,10
12.8168401718,80.1601333618,42803,42816,13
12.8176803589,80.1603317261,42816,42826,10
12.8180503845,80.1604232788,42826,42836,10
12.8183002472,80.1604919434,42836,42846,10
12.8188495636,80.1607208252,42846,42856,10
12.8198204041,80.1611633301,42856,42866,10
12.8210601807,80.1616897583,42866,42876,10
12.8223896027,80.1622390747,42876,42883,7
12.8233299255,80.1626281738,42883,42896,13
12.8246803284,80.1634597778,42896,42904,8
12.8254804611,80.1639022827,42904,42917,13
12.8264799118,80.1644592285,42917,42927,10
12.8269300461,80.1647262573,42927,42937,10
12.8269901276,80.1647567749,42937,42947,10
12.8271598816,80.1648712158,42947,42957,10
12.8274202347,80.1650314331,42957,42967,10
12.8278303146,80.1651382446,42967,43006,39
12.8278303146,80.1651382446,43006,43039,33
12.8294496536,80.1653518677,43039,43049,10
12.8306903839,80.1655731201,43049,43059,10
12.8320999146,80.1660003662,43059,43069,10
12.8335399628,80.1667098999,43069,43089,20
12.8335399628,80.1667098999,43089,43099,10
12.8338403702,80.1668701172,43099,43109,10
12.8345899582,80.1672821045,43109,43119,10
12.8354501724,80.16771698,43119,43130,11
12.8358402252,80.1679000854,43130,43140,10
12.8359899521,80.1683807373,43140,43150,10
12.8363103867,80.1686019897,43150,43160,10
12.8365802765,80.1687088013,43160,43170,10
12.8366804123,80.1687393188,43170,43180,10
12.8370399475,80.168838501,43180,43190,10
12.8372097015,80.1690826416,43190,43199,9
12.8376502991,80.1692810059,43199,43210,11
12.8381595612,80.169418335,43210,43220,10
12.8383998871,80.1696166992,43220,43231,11
12.8387002945,80.1697616577,43231,43241,10
12.8395204544,80.169960022,43241,43251,10
12.8404598236,80.169921875,43251,43261,10
12.8417701721,80.1699523926,43261,43271,10
12.8433103561,80.1699676514,43271,43281,10
12.8449201584,80.1701431274,43281,43291,10
12.8465099335,80.1702194214,43291,43301,10
12.8479099274,80.1703796387,43301,43311,10
12.8492698669,80.1706314087,43311,43321,10
12.8504104614,80.1708068848,43321,43331,10
12.8509597778,80.1709289551,43331,43342,11
12.8518800735,80.1710662842,43342,43352,10
12.8527402878,80.1712112427,43352,43362,10
12.8536195755,80.1713104248,43362,43372,10
12.8547697067,80.1716384888,43372,43382,10
12.8558702469,80.1719589233,43382,43392,10
12.8563604355,80.1720962524,43392,43422,30
12.8563604355,80.1720962524,43422,43432,10
12.8564395905,80.1721420288,43432,43443,11
12.856880188,80.1722183228,43443,43453,10
12.857339859,80.1723022461,43453,43463,10
12.8577604294,80.1723709106,43463,43473,10
12.8585195541,80.1725006104,43473,43483,10
12.8594703674,80.1727828979,43483,43493,10
12.8597803116,80.1729278564,43493,43503,10
12.8602895737,80.1731491089,43503,43513,10
12.8612003326,80.173538208,43513,43523,10
12.8623399734,80.174041748,43523,43533,10
12.8635597229,80.1747207642,43533,43543,10
12.8646497726,80.1753997803,43543,43554,11
12.8652696609,80.1756820679,43554,43564,10
12.8652801514,80.1756820679,43564,43574,10
12.8656101227,80.1756820679,43574,43584,10
12.8663797379,80.1757583618,43584,43594,10
12.8673200607,80.1758575439,43594,43604,10
12.8681602478,80.1759109497,43604,43613,9
12.8689203262,80.175453186,43613,43624,11
12.8700399399,80.1746673584,43624,43634,10
12.8711395264,80.1739196777,43634,43644,10
12.872010231,80.1733398438,43644,43656,12
12.8742103577,80.1718826294,43656,43666,10
12.8742103577,80.1718826294,43666,43676,10
12.8754196167,80.171081543,43676,43684,8
12.8817100525,80.1709289551,43684,43753,69
12.8817100525,80.1709289551,43753,43783,30
12.8829402924,80.1707992554,43783,43794,11
12.8838701248,80.171257019,43794,43806,12
12.8851995468,80.1719589233,43806,43816,10
12.8864002228,80.1725769043,43816,43826,10
12.8876495361,80.1732177734,43826,43836,10
12.8885402679,80.1736831665,43836,43846,10
12.8893003464,80.1740722656,43846,43853,7
12.8895101547,80.1741790771,43853,43867,14
12.8896999359,80.1742324829,43867,43877,10
12.8899898529,80.174369812,43877,43887,10
12.8903598785,80.1745529175,43887,43897,10
12.8907604218,80.1751480103,43897,43907,10
12.8912601471,80.1760787964,43907,43917,10
12.891579628,80.176651001,43917,43927,10
12.8916101456,80.1767120361,43927,43937,10
12.8918600082,80.177192688,43937,43947,10
12.89220047,80.1777877808,43947,43957,10
12.8926696777,80.1786499023,43957,43967,10
12.8932199478,80.1797027588,43967,43978,11
12.8939399719,80.1802215576,43978,43988,10
12.8940000534,80.1802520752,43988,43998,10
12.8942804337,80.1803436279,43998,44008,10
12.8950195313,80.1807022095,44008,44018,10
12.8960399628,80.1812133789,44018,44028,10
12.8971796036,80.1818008423,44028,44038,10
12.8976602554,80.1820602417,44038,44048,10
12.8976602554,80.1820526123,44048,44058,10
12.8978004456,80.1821594238,44058,44068,10
12.8984203339,80.1824798584,44068,44079,11
12.8994598389,80.1829986572,44079,44089,10
12.9004602432,80.1834869385,44089,44099,10
12.9013395309,80.1838531494,44099,44109,10
12.9025297165,80.1841812134,44109,44119,10
12.9037399292,80.1845321655,44119,44129,10
12.9041204453,80.185043335,44129,44139,10
12.9040899277,80.1859970093,44139,44149,10
12.9040298462,80.1871109009,44149,44159,10
12.9046401978,80.1877593994,44159,44169,10
12.9055995941,80.1883621216,44169,44180,11
12.9065198898,80.1889419556,44180,44190,10
12.9065799713,80.1889801025,44190,44200,10
12.9065999985,80.1889877319,44200,44210,10
12.9069900513,80.1892623901,44210,44220,10
12.9077301025,80.1898193359,44220,44230,10
12.9086704254,80.190536499,44230,44240,10
12.9094104767,80.1911010742,44240,44250,10
12.9099397659,80.1914978027,44250,44260,10
12.910369873,80.1915969849,44260,44270,10
12.9108400345,80.1916427612,44270,44280,10
12.9116802216,80.1917495728,44280,44291,11
12.9123802185,80.1918487549,44291,44301,10
12.9125499725,80.1918716431,44301,44311,10
12.9131698608,80.1919708252,44311,44321,10
12.9141197205,80.1920928955,44321,44331,10
12.9152402878,80.1921768188,44331,44341,10
12.9162597656,80.1922607422,44341,44351,10
12.9170303345,80.1922912598,44351,44371,20
12.9170303345,80.1922912598,44371,44381,10
12.917140007,80.1922302246,44381,44392,11
12.91726017,80.1915512085,44392,44402,10
12.9173402786,80.190612793,44402,44412,10
12.9174098969,80.1903991699,44412,44422,10
12.9174604416,80.1904678345,44422,44432,10
12.9174003601,80.1909332275,44432,44442,10
12.9172801971,80.1918869019,44442,44452,10
12.9171800613,80.1926727295,44452,44462,10
12.9171304703,80.1930770874,44462,44503,41
12.9171304703,80.1930770874,44503,44513,10
12.9170598984,80.1932983398,44513,44523,10
12.9170598984,80.1936569214,44523,44534,11
12.9171800613,80.1941680908,44534,44544,10
12.9176197052,80.1946563721,44544,44554,10
12.9182500839,80.1952362061,44554,44564,10
12.9188899994,80.1958389282,44564,44574,10
12.9193897247,80.1962280273,44574,44584,10
12.9198799133,80.1964874268,44584,44593,9
12.9203796387,80.196647644,44593,44604,11
12.9208803177,80.1968231201,44604,44614,10
12.9212398529,80.1969223022,44614,44624,10
12.9217500687,80.1971206665,44624,44634,10
12.9224996567,80.1972885132,44634,44644,10
12.9233198166,80.1973800659,44644,44654,10
12.9236297607,80.1974105835,44654,44674,20
12.9236297607,80.1974105835,44674,44684,10
12.9241600037,80.1974411011,44684,44694,10
12.9249200821,80.1974487305,44694,44707,13
12.9253702164,80.1974487305,44707,44717,10
12.9260101318,80.1974563599,44717,44727,10
12.9263601303,80.197517395,44727,44737,10
12.92648983,80.1975402832,44737,44747,10
12.9270296097,80.1977996826,44747,44757,10
12.9276695251,80.1983032227,44757,44767,10
12.9280996323,80.1990737915,44767,44777,10
12.9284200668,80.1999969482,44777,44787,10
12.9284801483,80.201133728,44787,44797,10
12.9285097122,80.201789856,44797,44807,10
12.9285202026,80.2022705078,44807,44818,11
12.9291400909,80.2026824951,44818,44828,10
12.9294996262,80.2026977539,44828,44838,10
12.9298801422,80.2027587891,44838,44848,10
12.9304800034,80.20287323,44848,44858,10
12.9312000275,80.2030563354,44858,44868,10
12.9320402145,80.203338623,44868,44878,10
12.9329099655,80.2036209106,44878,44888,10
12.9340200424,80.2038726807,44888,44908,20
12.9340200424,80.2038726807,44908,44919,11
12.9344596863,80.2039031982,44919,44929,10
12.9350996017,80.2040481567,44929,44939,10
12.9358701706,80.2043685913,44939,44949,10
12.9365196228,80.2045669556,44949,44959,10
12.9372301102,80.2047576904,44959,44969,10
12.9378700256,80.2049407959,44969,44979,10
12.9383401871,80.205078125,44979,44999,20
12.9383401871,80.205078125,44999,45009,10
12.9385204315,80.205116272,45009,45019,10
12.938750267,80.2052001953,45019,45030,11
12.9390296936,80.2052993774,45030,45040,10
12.9391698837,80.2053375244,45040,45050,10
12.9393396378,80.2053833008,45050,45060,10
12.9398097992,80.2055206299,45060,45070,10
12.9399003983,80.2055435181,45070,45080,10
12.9401502609,80.2056274414,45080,45090,10
12.9406604767,80.2057876587,45090,45100,10
12.9410800934,80.2059783936,45100,45110,10
12.9415597916,80.2062606812,45110,45120,10
12.9419498444,80.2065505981,45120,45131,11
12.9423799515,80.2069168091,45131,45141,10
12.9425601959,80.2070770264,45141,45151,10
12.9428501129,80.2074432373,45151,45161,10
12.9433603287,80.2079620361,45161,45171,10
12.9440803528,80.2082366943,45171,45181,10
12.9449701309,80.2085800171,45181,45191,10
12.9458398819,80.2088394165,45191,45201,10
12.9464302063,80.2090606689,45201,45211,10
12.947259903,80.2093582153,45211,45221,10
12.9480304718,80.2095794678,45221,45232,11
12.9484100342,80.2096633911,45232,45242,10
12.9486398697,80.2098236084,45242,45252,10
12.9494495392,80.2100601196,45252,45262,10
12.950510025,80.2105178833,45262,45272,10
12.9511003494,80.2108230591,45272,45282,10
12.9517698288,80.2112121582,45282,45292,10
12.9526195526,80.2115478516,45292,45302,10
12.9532203674,80.2117996216,45302,45312,10
12.9537200928,80.2120132446,45312,45322,10
12.9539499283,80.2120895386,45322,45332,10
12.9546604156,80.2123718262,45332,45343,11
12.9556798935,80.2127838135,45343,45353,10
12.9566602707,80.2131576538,45353,45363,10
12.9579000473,80.2136611938,45363,45373,10
12.9588804245,80.2140731812,45373,45383,10
12.9593801498,80.2142410278,45383,45393,10
12.9599399567,80.2144775391,45393,45403,10
12.9606103897,80.2147216797,45403,45413,10
12.9614400864,80.2150802612,45413,45423,10
12.9625301361,80.2154998779,45423,45433,10
12.9634199142,80.2158432007,45433,45444,11
12.9641199112,80.2161178589,45444,45454,10
12.9641895294,80.2161483765,45454,45464,10
12.9645795822,80.2163391113,45464,45474,10
12.9653997421,80.2166824341,45474,45484,10
12.9663200378,80.2170410156,45484,45494,10
12.9672403336,80.2174072266,45494,45504,10
12.9677801132,80.2176513672,45504,45514,10
12.9682302475,80.2178421021,45514,45524,10
12.9690198898,80.2181396484,45524,45534,10
12.9700899124,80.2185821533,45534,45544,10
12.9709701538,80.2189102173,45544,45555,11
12.9712696075,80.2189788818,45555,45565,10
12.971570015,80.2191009521,45565,45575,10
12.9722995758,80.2193832397,45575,45585,10
12.9731302261,80.2196426392,45585,45595,10
12.9739904404,80.2199783325,45595,45605,10
12.9744195938,80.2202377319,45605,45614,9
12.9746398926,80.2204284668,45614,45625,11
12.9750900269,80.2206192017,45625,45635,10
12.9754800797,80.220741272,45635,45645,10
12.9757099152,80.2209777832,45645,45665,20
12.9757099152,80.2209777832,45665,45677,12
12.9758701324,80.2211685181,45677,45687,10
12.9760198593,80.2212524414,45687,45697,10
12.9762001038,80.2212524414,45697,45707,10
12.9767398834,80.2212371826,45707,45717,10
12.9770298004,80.2211990356,45717,45727,10
12.9775695801,80.2211837769,45727,45737,10
12.9780797958,80.2211074829,45737,45747,10
12.9789800644,80.2210693359,45747,45758,11
12.9798603058,80.221031189,45758,45768,10
12.9804801941,80.2209777832,45768,45778,10
12.9809303284,80.2210006714,45778,45788,10
12.9813604355,80.2211608887,45788,45798,10
12.9817800522,80.2214431763,45798,45808,10
12.9819202423,80.2215499878,45808,45818,10
12.9822998047,80.2217178345,45818,45828,10
12.9824695587,80.221786499,45828,45838,10
12.9826602936,80.2218475342,45838,45848,10
12.9828300476,80.2219085693,45848,45858,10
12.9828701019,80.2219161987,45858,45869,11
12.9829702377,80.2219772339,45869,45879,10
12.9833602905,80.2222290039,45879,45889,10
12.983499527,80.222328186,45889,45899,10
12.9836397171,80.2224121094,45899,45909,10
12.9840402603,80.2226333618,45909,45919,10
12.9844799042,80.2229003906,45919,45929,10
12.9850502014,80.2232131958,45929,45939,10
12.9853897095,80.2232666016,45939,45949,10
12.9858198166,80.2229537964,45949,45959,10
12.9863996506,80.2229614258,45959,45970,11
12.986410141,80.2229537964,45970,45980,10
12.986530304,80.2229537964,45980,45990,10
12.9866695404,80.2229614258,45990,46000,10
12.986869812,80.2229766846,46000,46010,10
12.9869003296,80.2229766846,46010,46020,10
12.9873199463,80.2230300903,46020,46030,10
12.9877901077,80.2228927612,46030,46040,10
12.9881801605,80.222618103,46040,46050,10
12.9887104034,80.2221603394,46050,46060,10
12.9892902374,80.2213973999,46060,46070,10
12.9898700714,80.2206420898,46070,46081,11
12.9905004501,80.2202072144,46081,46091,10
12.9907102585,80.2200393677,46091,46101,10
12.9911603928,80.2196884155,46101,46111,10
12.9913597107,80.2195510864,46111,46121,10
12.9917201996,80.2193527222,46121,46131,10
12.9921998978,80.2189788818,46131,46141,10
12.9929599762,80.2183914185,46141,46151,10
12.9938097,80.2177734375,46151,46161,10
12.9944601059,80.217300415,46161,46169,8
12.9948396683,80.2170791626,46169,46182,13
12.9956302643,80.2166290283,46182,46192,10
12.9963598251,80.216506958,46192,46202,10
12.9968004227,80.2164611816,46202,46212,10
12.9970903397,80.2164306641,46212,46222,10
12.997469902,80.2164306641,46222,46232,10
12.9974803925,80.2164306641,46232,46242,10
12.9979400635,80.2165298462,46242,46252,10
12.998749733,80.2168426514,46252,46262,10
12.9994802475,80.2172317505,46262,46272,10
12.9999904633,80.2175369263,46272,46283,11
13.0007801056,80.2180404663,46283,46293,10
13.0017204285,80.2187271118,46293,46303,10
13.0024795532,80.2195205688,46303,46313,10
13.0034999847,80.2199630737,46313,46323,10
13.0044298172,80.220161438,46323,46333,10
13.0054197311,80.2203903198,46333,46343,10
13.0067195892,80.2206802368,46343,46353,10
13.0081596375,80.2214508057,46353,46363,10
13.0093402863,80.2220993042,46363,46373,10
13.0104904175,80.2227096558,46373,46383,10
13.0112304688,80.2230529785,46383,46394,11
13.0112800598,80.2230987549,46394,46404,10
13.0114202499,80.2230682373,46404,46414,10
13.011590004,80.2226104736,46414,46424,10
13.0117301941,80.2219085693,46424,46434,10
13.012140274,80.2214431763,46434,46444,10
13.0124397278,80.2218017578,46444,46454,10
13.0126399994,80.2220687866,46454,46464,10
13.0129699707,80.2223815918,46464,46474,10
13.0134601593,80.22290802,46474,46484,10
13.0139198303,80.2233505249,46484,46494,10
13.0141201019,80.2235107422,46494,46504,10
13.0144901276,80.2238006592,46504,46514,10
13.015250206,80.2247924805,46514,46534,20
13.015250206,80.2247924805,46534,46544,10
13.0155000687,80.2250366211,46544,46554,10
13.0161104202,80.2253417969,46554,46565,11
13.01720047,80.2250213623,46565,46574,9
13.0180902481,80.2246627808,46574,46585,11
13.0191497803,80.2243728638,46585,46595,10
13.019949913,80.2246932983,46595,46605,10
13.0205698013,80.2251434326,46605,46615,10
13.0211296082,80.2255477905,46615,46625,10
13.0217103958,80.2259902954,46625,46635,10
13.0219097137,80.2261199951,46635,46645,10
13.0220499039,80.2262268066,46645,46655,10
13.022600174,80.2267074585,46655,46665,10
13.0233097076,80.2273712158,46665,46675,10
13.0239601135,80.2279891968,46675,46685,10
13.0240802765,80.2281188965,46685,46695,10
13.0242004395,80.228302002,46695,46708,13
13.0247802734,80.2291183472,46708,46718,10
13.0253295898,80.2298126221,46718,46728,10
13.0256595612,80.2302474976,46728,46738,10
13.0258197784,80.2305831909,46738,46748,10
13.0259599686,80.23097229,46748,46758,10
13.0259799957,80.2311935425,46758,46768,10
13.0261297226,80.2312393188,46768,46778,10
13.0267801285,80.2310791016,46778,46788,10
13.0276098251,80.2309188843,46788,46798,10
13.0284404755,80.2308578491,46798,46819,21
13.0284404755,80.2308578491,46819,46829,10
13.028840065,80.2308273315,46829,46839,10
13.0291996002,80.230796814,46839,46849,10
13.029540062,80.2307434082,46849,46859,10
13.0299701691,80.2306900024,46859,46869,10
13.0302495956,80.2306671143,46869,46879,10
13.0304498672,80.2306594849,46879,46889,10
13.0308303833,80.2306213379,46889,46899,10
13.03125,80.2305984497,46899,46909,10
13.0317401886,80.2305603027,46909,46920,11
13.0323495865,80.2305221558,46920,46928,8
13.0328302383,80.230506897,46928,46940,12
13.0339298248,80.2304382324,46940,46980,40
13.0339298248,80.2304382324,46980,46990,10
13.0340299606,80.2303771973,46990,47000,10
13.034119606,80.2303390503,47000,47010,10
13.0341396332,80.2303390503,47010,47021,11
13.0344295502,80.2303009033,47021,47031,10
13.0346803665,80.23021698,47031,47041,10
13.0348796844,80.2301101685,47041,47051,10
13.0348596573,80.2299804688,47051,47061,10
13.0345602036,80.2299423218,47061,48122,1061
13.0343399048,80.2299575806,48122,48162,40
13.0343503952,80.229888916,48162,48577,415
13.0343503952,80.229888916,48577,48587,10
13.0341901779,80.2300109863,48587,48609,22
13.0341901779,80.2300109863,48609,48619,10
13.0341701508,80.2301177979,48619,48629,10
13.0341596603,80.2303237915,48629,48639,10
13.0341501236,80.2303466797,48639,48649,10
13.0338497162,80.2304229736,48649,48659,10
13.0330896378,80.2304763794,48659,48669,10
13.0320596695,80.2305831909,48669,48679,10
13.0313396454,80.230682373,48679,48689,10
13.0308303833,80.2307281494,48689,48699,10
13.0306396484,80.2307434082,48699,48710,11
13.029800415,80.2308502197,48710,48740,30
13.029800415,80.2308502197,48740,48750,10
13.029589653,80.2308502197,48750,48760,10
13.0290699005,80.2309036255,48760,48770,10
13.0282201767,80.23097229,48770,48780,10
13.0277299881,80.2310409546,48780,48790,10
13.0277004242,80.2314071655,48790,48800,10
13.0277395248,80.2320098877,48800,48810,10
13.0278596878,80.2326507568,48810,48821,11
13.0273895264,80.2328720093,48821,48831,10
13.02684021,80.2330169678,48831,48841,10
13.02684021,80.2330169678,48841,48851,10
13.0265197754,80.233039856,48851,48859,8
13.0263204575,80.2326126099,48859,48873,14
13.0260095596,80.2315368652,48873,48883,10
13.0256595612,80.2305831909,48883,48893,10
13.0250501633,80.2296295166,48893,48903,10
13.0246696472,80.2291564941,48903,48913,10
13.0246496201,80.229133606,48913,48924,11
13.024600029,80.2290496826,48924,48934,10
13.0243501663,80.2286987305,48934,48944,10
13.0239095688,80.228187561,48944,48954,10
13.0233697891,80.2276306152,48954,48964,10
13.0228900909,80.2272872925,48964,49002,38
13.0228900909,80.2272872925,49002,49014,12
13.022600174,80.2268600464,49014,49025,11
13.0219402313,80.22631073,49025,49035,10
13.0210599899,80.2256317139,49035,49045,10
13.0199804306,80.2248916626,49045,49055,10
13.0188102722,80.2245407104,49055,49065,10
13.0175199509,80.2250213623,49065,49075,10
13.0166101456,80.225402832,49075,49085,10
13.0160398483,80.2256011963,49085,49095,10
13.0154695511,80.2257995605,49095,49105,10
13.0148801804,80.22605896,49105,49115,10
13.0142402649,80.22631073,49115,49146,31
13.0142402649,80.22631073,49146,49156,10
13.0139198303,80.2264328003,49156,49166,10
13.0132598877,80.2266693115,49166,49176,10
13.0123100281,80.2270431519,49176,49186,10
13.0112199783,80.2274398804,49186,49196,10
13.0101604462,80.2278518677,49196,49206,10
13.0095500946,80.2277984619,49206,49216,10
13.0096998215,80.2272109985,49216,49226,10
13.0101099014,80.2263565063,49226,49236,10
13.0105600357,80.2252883911,49236,49246,10
13.0108604431,80.2245407104,49246,49256,10
13.0109195709,80.2243804932,49256,49266,10
13.0110197067,80.2239990234,49266,49276,10
13.011059761,80.2237472534,49276,49296,20
13.011059761,80.2237472534,49296,49307,11
13.0111103058,80.2234802246,49307,49317,10
13.0111198425,80.2234725952,49317,49327,10
13.0111103058,80.2232666016,49327,49337,10
13.0110397339,80.2230529785,49337,49347,10
13.0103197098,80.2227630615,49347,49367,20
13.0103197098,80.2227630615,49367,49377,10
13.010140419,80.2226333618,49377,49387,10
13.00963974,80.222366333,49387,49397,10
13.0088796616,80.2219390869,49397,49407,10
13.0080299377,80.2214889526,49407,49417,10
13.0070199966,80.2209701538,49417,49427,10
13.0060396194,80.2205810547,49427,49437,10
13.0050201416,80.2203598022,49437,49450,13
13.0045604706,80.2202682495,49450,49460,10
13.0044698715,80.2202377319,49460,49470,10
13.0039796829,80.220123291,49470,49480,10
13.0031404495,80.219909668,49480,49490,10
13.0023403168,80.2194366455,49490,49500,10
13.0018997192,80.2189407349,49500,49510,10
13.0012397766,80.2183990479,49510,49520,10
13.0004901886,80.2179412842,49520,49530,10
12.9997596741,80.2174682617,49530,49539,9
12.9990797043,80.2170791626,49539,49551,12
12.9979496002,80.2165985107,49551,49561,10
12.9973802567,80.2165527344,49561,49581,20
12.9973802567,80.2165527344,49581,49591,10
12.9973096848,80.2165603638,49591,49601,10
12.9968204498,80.2165679932,49601,49611,10
12.9959402084,80.2167129517,49611,49621,10
12.9949502945,80.2171401978,49621,49631,10
12.9942998886,80.2176132202,49631,49641,10
12.9934301376,80.2182235718,49641,49651,10
12.9925098419,80.2189102173,49651,49662,11
12.9915895462,80.2196121216,49662,49672,10
12.9911203384,80.2199707031,49672,49682,10
12.9906702042,80.2203674316,49682,49700,18
12.9906702042,80.2203674316,49700,49712,12
12.9904203415,80.2205276489,49712,49722,10
12.9898796082,80.2209625244,49722,49732,10
12.9892196655,80.2217712402,49732,49742,10
12.9884996414,80.2226028442,49742,49752,10
12.9877901077,80.2231216431,49752,49762,10
12.9876003265,80.2231216431,49762,49773,11
12.9875202179,80.2231216431,49773,49783,10
12.987039566,80.2230606079,49783,49793,10
12.9863100052,80.2229614258,49793,49803,10
12.9857301712,80.2230300903,49803,49813,10
12.9853096008,80.2232894897,49813,49823,10
12.984629631,80.2230682373,49823,49833,10
12.9838895798,80.22265625,49833,49843,10
12.9831695557,80.2222137451,49843,49863,20
12.9831695557,80.2222137451,49863,49874,11
12.9828901291,80.222038269,49874,49884,10
12.9823799133,80.2218780518,49884,49894,10
12.9818201065,80.221572876,49894,49904,10
12.9811096191,80.2211990356,49904,49914,10
12.9801301956,80.2211303711,49914,49924,10
12.978969574,80.2211990356,49924,49934,10
12.9781198502,80.2212600708,49934,49944,10
12.9772195816,80.221321106,49944,49954,10
12.9765501022,80.2213134766,49954,49964,10
12.976099968,80.2213516235,49964,49995,31
12.976099968,80.2213516235,49995,50005,10
12.9759302139,80.2213363647,50005,50015,10
12.9755897522,80.2210464478,50015,50065,50
12.9755897522,80.2210464478,50065,50075,10
12.9753398895,80.2208633423,50075,50086,11
12.974729538,80.2205886841,50086,50096,10
12.9738903046,80.2203063965,50096,50106,10
12.9730596542,80.2199020386,50106,50116,10
12.9721603394,80.2195663452,50116,50126,10
12.9710903168,80.2192306519,50126,50146,20
12.9710903168,80.2192306519,50146,50156,10
12.9708900452,80.2191162109,50156,50166,10
12.9703197479,80.218788147,50166,50176,10
12.9694700241,80.2184524536,50176,50187,11
12.9683904648,80.2180099487,50187,50197,10
12.9675102234,80.2176589966,50197,50207,10
12.9664201736,80.2172164917,50207,50217,10
12.9651498795,80.2167282104,50217,50227,10
12.9640598297,80.2162780762,50227,50238,11
12.9633598328,80.2159576416,50238,50248,10
12.9628601074,80.2157821655,50248,50257,9
12.9627599716,80.2157363892,50257,50268,11
12.962100029,80.2154998779,50268,50278,10
12.961139679,80.2151107788,50278,50289,11
12.9598302841,80.2145767212,50289,50302,13
12.9582004547,80.2138977051,50302,50312,10
12.9572496414,80.213508606,50312,50322,10
12.9563503265,80.2131271362,50322,50332,10
12.9554300308,80.2127990723,50332,50342,10
12.9545202255,80.2124481201,50342,50352,10
12.9538402557,80.2122268677,50352,50372,20
12.9538402557,80.2122268677,50372,50382,10
12.9536504745,80.2121276855,50382,50391,9
12.9530696869,80.2118835449,50391,50403,12
12.9518899918,80.2114562988,50403,50413,10
12.9507598877,80.2110671997,50413,50423,10
12.949549675,80.2105789185,50423,50433,10
12.948679924,80.2102813721,50433,50441,8
12.9486398697,80.2102584839,50441,50453,12
12.948390007,80.2101898193,50453,50463,10
12.9476804733,80.2098922729,50463,50473,10
12.9468202591,80.2095489502,50473,50483,10
12.9459104538,80.2091827393,50483,50493,10
12.9450902939,80.2087631226,50493,50504,11
12.9444704056,80.2084884644,50504,50514,10
12.9443397522,80.208442688,50514,50524,10
12.9442901611,80.2084197998,50524,50534,10
12.9439201355,80.2082595825,50534,50544,10
12.9433403015,80.2080078125,50544,50554,10
12.9427204132,80.2073669434,50554,50564,10
12.9420404434,80.2066879272,50564,50574,10
12.9411096573,80.2060775757,50574,50594,20
12.9411096573,80.2060775757,50594,50604,10
12.9407901764,80.2059402466,50604,50615,11
12.9400100708,80.2057037354,50615,50625,10
12.939160347,80.2054367065,50625,50635,10
12.9385404587,80.2052307129,50635,50645,10
12.9379501343,80.2050933838,50645,50655,10
12.9372501373,80.2049026489,50655,50665,10
12.9364900589,80.2046813965,50665,50675,10
12.9357404709,80.2044525146,50675,50685,10
12.9350595474,80.2041168213,50685,50695,10
12.9343204498,80.2039718628,50695,50705,10
12.9337596893,80.2039413452,50705,50726,21
12.9337596893,80.2039413452,50726,50736,10
12.933429718,80.2038803101,50736,50746,10
12.932800293,80.2036590576,50746,50756,10
12.9320898056,80.2034378052,50756,50766,10
12.9313201904,80.2031784058,50766,50776,10
12.9307098389,80.2029876709,50776,50786,10
12.9300804138,80.20287323,50786,50796,10
12.9295301437,80.2028121948,50796,50827,31
12.9295301437,80.2028121948,50827,50837,10
12.9293298721,80.2027511597,50837,50847,10
12.9288101196,80.2027435303,50847,50857,10
12.9285097122,80.2023620605,50857,50867,10
12.9284696579,80.2014694214,50867,50877,10
12.9284200668,80.2003631592,50877,50887,10
12.9280500412,80.1990585327,50887,50898,11
12.9271802902,80.1979293823,50898,50908,10
12.9263095856,80.1976013184,50908,50928,20
12.9263095856,80.1976013184,50928,50938,10
12.9259500504,80.1975631714,50938,50948,10
12.9255304337,80.1975402832,50948,50958,10
12.9253196716,80.197517395,50958,50968,10
12.9246997833,80.1974868774,50968,50978,10
12.9238796234,80.1974868774,50978,50990,12
12.9229898453,80.1974105835,50990,50999,9
12.9220895767,80.1972885132,50999,51018,19
12.9220895767,80.1972885132,51018,51031,13
12.9216403961,80.1971588135,51031,51041,10
12.920920372,80.1968917847,51041,51051,10
12.9202003479,80.1966629028,51051,51061,10
12.9201097488,80.1966323853,51061,51071,10
12.9198999405,80.1965637207,51071,51081,10
12.9193296432,80.1962814331,51081,51091,10
12.9187002182,80.1957626343,51091,51101,10
12.9180402756,80.1951599121,51101,51111,10
12.9171695709,80.1943283081,51111,51131,20
12.9171199799,80.1942367554,51131,51152,21
12.9171199799,80.1942367554,51152,51162,10
12.9170103073,80.193901062,51162,51172,10
12.9170198441,80.1931304932,51172,51182,10
12.9170799255,80.192489624,51182,51192,10
12.916680336,80.1923294067,51192,51263,71
12.916680336,80.1923294067,51263,51273,10
12.916270256,80.1923065186,51273,51283,10
12.9154500961,80.1922607422,51283,51293,10
12.9144897461,80.1921691895,51293,51303,10
12.9136800766,80.1920776367,51303,51313,10
12.913020134,80.1919708252,51313,51323,10
12.9122800827,80.1918869019,51323,51333,10
12.9114999771,80.1918029785,51333,51343,10
12.9106798172,80.1917114258,51343,51354,11
12.9097204208,80.1914672852,51354,51374,20
12.9097204208,80.1914672852,51374,51384,10
12.9093799591,80.191192627,51384,51394,10
12.9086198807,80.1905975342,51394,51404,10
12.9076004028,80.1898193359,51404,51414,10
12.9067401886,80.189163208,51414,51424,10
12.9061803818,80.1887664795,51424,51434,10
12.906129837,80.1887283325,51434,51444,10
12.9059896469,80.1886520386,51444,51455,11
12.9052600861,80.1881866455,51455,51465,10
12.9044504166,80.1876602173,51465,51475,10
12.9039802551,80.1870269775,51475,51485,10
12.904009819,80.1861190796,51485,51495,10
12.9040298462,80.185043335,51495,51505,10
12.9038000107,80.1845932007,51505,51515,10
12.9031000137,80.1844100952,51515,51525,10
12.9020996094,80.1841201782,51525,51535,10
12.9011898041,80.1838607788,51535,51545,10
12.9003896713,80.1835327148,51545,51555,10
12.8994102478,80.1830368042,51555,51566,11
12.898229599,80.1824417114,51566,51576,10
12.897359848,80.1820297241,51576,51606,30
12.897359848,80.1820297241,51606,51616,10
12.897069931,80.181892395,51616,51626,10
12.8964099884,80.1815338135,51626,51636,10
12.8954801559,80.181060791,51636,51646,10
12.894370079,80.1804885864,51646,51656,10
12.8934898376,80.1800918579,51656,51667,11
12.8933897018,80.1800384521,51667,51677,10
12.8932304382,80.1798629761,51677,51687,10
12.8928604126,80.1791763306,51687,51697,10
12.892370224,80.178237915,51697,51707,10
12.8915300369,80.1767120361,51707,51737,30
12.8915300369,80.1767120361,51737,51747,10
12.8912801743,80.176322937,51747,51757,10
12.8908500671,80.175491333,51757,51767,10
12.89041996,80.1747283936,51767,51778,11
12.8900003433,80.1744613647,51778,51788,10
12.889840126,80.1743927002,51788,51798,10
12.8895902634,80.1742782593,51798,51808,10
12.8893098831,80.174118042,51808,51818,10
12.8886098862,80.1737365723,51818,51828,10
12.8876399994,80.1732406616,51828,51838,10
12.8865203857,80.1726608276,51838,51848,10
12.8855304718,80.17212677,51848,51858,10
12.8844900131,80.1716003418,51858,51868,10
12.8834199905,80.1710510254,51868,51878,10
12.8825502396,80.1706085205,51878,51888,10
12.8822698593,80.1707000732,51888,51898,10
12.8822498322,80.170753479,51898,51908,10
12.8818902969,80.1709899902,51908,51918,10
12.8815002441,80.1708984375,51918,51929,11
12.8811302185,80.1707611084,51929,51938,9
12.8804597855,80.1705093384,51938,51949,11
12.8800001144,80.1702804565,51949,51959,10
12.8799200058,80.170249939,51959,51969,10
12.8793401718,80.1699523926,51969,51979,10
12.8783102036,80.1700820923,51979,51989,10
12.8771600723,80.1704025269,51989,51999,10
12.8761901855,80.1707077026,51999,52009,10
12.8756904602,80.1709365845,52009,52021,12
12.8756904602,80.1709365845,52021,52029,8
12.8751802444,80.1712799072,52029,52041,12
12.8663597107,80.1758117676,52041,52109,68
12.8663597107,80.1758117676,52109,52139,30
12.8650598526,80.1756515503,52139,52149,10
12.8645095825,80.1753616333,52149,52159,10
12.8638496399,80.1749572754,52159,52169,10
12.8632802963,80.1746063232,52169,52179,10
12.8624200821,80.1741333008,52179,52189,10
12.8619499207,80.1739425659,52189,52199,10
12.8616600037,80.1738128662,52199,52209,10
12.8609304428,80.1734924316,52209,52220,11
12.8599796295,80.1730575562,52220,52230,10
12.8596897125,80.1729431152,52230,52240,10
12.8596096039,80.1728897095,52240,52250,10
12.859120369,80.1726837158,52250,52260,10
12.8584499359,80.1725387573,52260,52270,10
12.8577899933,80.172416687,52270,52280,10
12.8574800491,80.17237854,52280,52289,9
12.8564195633,80.1721725464,52289,52312,23
12.8564195633,80.1721725464,52312,52322,10
12.8562602997,80.17212677,52322,52342,20
12.8562602997,80.17212677,52342,52352,10
12.8558397293,80.1719970703,52352,52362,10
12.8550596237,80.1717681885,52362,52372,10
12.8540000916,80.1714477539,52372,52382,10
12.8524198532,80.1711807251,52382,52399,17
12.8524198532,80.1711807251,52399,52413,14
12.8520298004,80.1711273193,52413,52423,10
12.8512201309,80.1709671021,52423,52433,10
12.8500900269,80.170791626,52433,52443,10
12.8486795425,80.1705627441,52443,52453,10
12.8472003937,80.1703033447,52453,52463,10
12.8458299637,80.1701965332,52463,52473,10
12.8443698883,80.1701507568,52473,52483,10
12.8428697586,80.1699676514,52483,52493,10
12.8414297104,80.169960022,52493,52503,10
12.8403701782,80.1699523926,52503,52514,11
12.8393802643,80.1699829102,52514,52524,10
12.8385295868,80.1697463989,52524,52534,10
12.8383598328,80.1696624756,52534,52544,10
12.8382301331,80.1695404053,52544,52554,10
12.8380699158,80.1694030762,52554,52564,10
12.8378200531,80.1693267822,52564,52574,10
12.8373098373,80.1691970825,52574,52584,10
12.8370895386,80.1689300537,52584,52594,10
12.836810112,80.1688079834,52594,52603,9
12.8364896774,80.1687164307,52603,52615,12
12.8362598419,80.1686172485,52615,52625,10
12.8360004425,80.1684417725,52625,52635,10
12.8358402252,80.1679611206,52635,52645,10
12.8353395462,80.1677398682,52645,52655,10
12.8345403671,80.1673202515,52655,52665,10
12.8335800171,80.1668167114,52665,52675,10
12.8326797485,80.1662902832,52675,52685,10
12.8317298889,80.1658782959,52685,52695,10
12.8309001923,80.1656417847,52695,52705,10
12.8298902512,80.1654434204,52705,52715,10
12.8289299011,80.1653213501,52715,52726,11
12.8280296326,80.1652069092,52726,52736,10
12.827580452,80.1651229858,52736,52756,20
12.827580452,80.1651229858,52756,52766,10
12.8274402618,80.1650772095,52766,52776,10
12.8271598816,80.1649093628,52776,52786,10
12.8266296387,80.1645889282,52786,52796,10
12.8258600235,80.1641082764,52796,52806,10
12.8247900009,80.1635665894,52806,52816,10
12.8235502243,80.1627578735,52816,52827,11
12.8219203949,80.162071228,52827,52837,10
12.8204097748,80.1614379883,52837,52847,10
12.8190002441,80.1608428955,52847,52857,10
12.8181800842,80.1604919434,52857,52867,10
12.8180103302,80.1604309082,52867,52877,10
12.8175697327,80.1603164673,52877,52887,10
12.8170003891,80.1601715088,52887,52897,10
12.8161697388,80.1599884033,52897,52907,10
12.8151102066,80.1597671509,52907,52917,10
12.8139600754,80.1595916748,52917,52927,10
12.8131504059,80.1595001221,52927,52938,11
12.812669754,80.1594085693,52938,52948,10
12.812379837,80.1593780518,52948,52958,10
12.8118696213,80.1593933105,52958,52968,10
12.811630249,80.1594390869,52968,52978,10
12.8112897873,80.1595306396,52978,52988,10
12.8107204437,80.1596908569,52988,52998,10
12.8101902008,80.1597290039,52998,53008,10
12.8100299835,80.1595993042,53008,53028,20
12.8100299835,80.1595993042,53028,53039,11
12.8100996017,80.1596603394,53039,53049,10
12.810379982,80.1596908569,53049,54079,1030
12.810379982,80.1596908569,54079,54089,10
12.8107404709,80.1596908569,54089,54099,10
12.8110599518,80.1595916748,54099,54110,11
12.8116102219,80.1594161987,54110,54140,30
12.8116102219,80.1594161987,54140,54150,10
12.8117799759,80.1593704224,54150,54160,10
12.812210083,80.1593322754,54160,54170,10
12.8125896454,80.1593933105,54170,54180,10
12.8131799698,80.1595001221,54180,54190,10
12.8137702942,80.1595687866,54190,54200,10
12.8142900467,80.1596221924,54200,54210,10
12.8150596619,80.1597671509,54210,54220,10
12.8156700134,80.1598815918,54220,54230,10
12.8163700104,80.1600189209,54230,54240,10
12.8164997101,80.1600494385,54240,54250,10
12.8169698715,80.1601486206,54250,54260,10
12.8175201416,80.1602783203,54260,54270,10
12.8179197311,80.1603775024,54270,54280,10
12.8179397583,80.1603775024,54280,54291,11
12.8182001114,80.1604614258,54291,54301,10
12.8184995651,80.1605606079,54301,54311,10
12.8190498352,80.1608200073,54311,54321,10
12.8197402954,80.1611328125,54321,54331,10
12.8206300735,80.1615066528,54331,54341,10
12.8217697144,80.1619796753,54341,54351,10
12.8230600357,80.1624984741,54351,54361,10
12.8242902756,80.1632232666,54361,54371,10
12.8253002167,80.1638031006,54371,54381,10
12.826089859,80.1642074585,54381,54391,10
12.8261404037,80.1642532349,54391,54401,10
12.826499939,80.1644821167,54401,54411,10
12.8268404007,80.1647033691,54411,54424,13
12.8274402618,80.1650772095,54424,54444,20
12.8274402618,80.1650772095,54444,54454,10
12.8277597427,80.1651535034,54454,54474,20
12.8277597427,80.1651535034,54474,54484,10
12.8278398514,80.1651763916,54484,54494,10
12.8282403946,80.1652069092,54494,54504,10
12.8289604187,80.1652908325,54504,54514,10
12.8298997879,80.1654281616,54514,54524,10
12.8309698105,80.1656265259,54524,54535,11
12.8321895599,80.1660232544,54535,54545,10
12.8331604004,80.1664962769,54545,54555,10
12.8341302872,80.1670532227,54555,54565,10
12.8350296021,80.1675796509,54565,54575,10
12.8356103897,80.1677627563,54575,54585,10
12.8358602524,80.1679611206,54585,54595,10
12.8359603882,80.1683273315,54595,54605,10
12.8362398148,80.168586731,54605,54615,10
12.8365402222,80.1687011719,54615,54625,10
12.8369703293,80.1688079834,54625,54636,11
12.8371801376,80.1690597534,54636,54646,10
12.8376598358,80.1692886353,54646,54656,10
12.8380899429,80.1693496704,54656,54666,10
12.838350296,80.169593811,54666,54676,10
12.8384304047,80.1696472168,54676,54686,10
12.8384799957,80.1696777344,54686,54696,10
12.8389101028,80.1698303223,54696,54706,10
12.8396501541,80.1699676514,54706,54716,10
12.8404397964,80.169921875,54716,54726,10
12.841629982,80.1699371338,54726,54736,10
12.8431301117,80.1699523926,54736,54747,11
12.8448495865,80.1701278687,54747,54757,10
12.8463602066,80.1701965332,54757,54767,10
12.8478097916,80.1703720093,54767,54777,10
12.8485403061,80.1705169678,54777,54787,10
12.8489999771,80.1705932617,54787,54797,10
12.8497400284,80.1707382202,54797,54806,9
12.8507204056,80.1708984375,54806,54817,11
12.8520803452,80.1711120605,54817,54827,10
12.8527002335,80.1712188721,54827,54836,9
12.8531799316,80.1712493896,54836,54848,12
12.8542900085,80.1715164185,54848,54858,10
12.8554201126,80.171836853,54858,54868,10
12.8562898636,80.172088623,54868,54908,40
12.8562898636,80.172088623,54908,54918,10
12.856470108,80.1721191406,54918,54928,10
12.8565702438,80.1721420288,54928,54938,10
12.8569803238,80.1722183228,54938,54948,10
12.8575801849,80.1723175049,54948,54959,11
12.8582401276,80.1724624634,54959,54969,10
12.8593301773,80.1727371216,54969,54979,10
12.8605003357,80.1732711792,54979,54989,10
12.8619403839,80.1738815308,54989,54999,10
12.8634500504,80.1746673584,54999,55009,10
12.8647203445,80.175453186,55009,55019,10
12.8652896881,80.1756896973,55019,55029,10
12.8654899597,80.1757125854,55029,55039,10
12.866230011,80.17578125,55039,55049,10
12.8669900894,80.1758575439,55049,55060,11
12.8679504395,80.1759414673,55060,55070,10
12.8685998917,80.1756591797,55070,55080,10
12.8694801331,80.1750335693,55080,55090,10
12.8706598282,80.1742324829,55090,55100,10
12.8734197617,80.17237854,55100,55110,10
12.8734197617,80.17237854,55110,55117,7
12.8744802475,80.1716918945,55117,55130,13
12.8764600754,80.1705932617,55130,55151,21
12.8795995712,80.1699905396,55151,55163,12
12.8799800873,80.1702194214,55163,55173,10
12.8803396225,80.1704101563,55173,55180,7
12.8809604645,80.1706619263,55180,55192,12
12.8819503784,80.1709823608,55192,55202,10
12.8826198578,80.1706314087,55202,55211,9
12.8834495544,80.1710662842,55211,55222,11
12.8847398758,80.1717224121,55222,55232,10
12.8856801987,80.1722106934,55232,55242,10
12.8863201141,80.1725463867,55242,55252,10
12.8871898651,80.1730270386,55252,55262,10
12.8881196976,80.1734924316,55262,55272,10
12.8888196945,80.1738586426,55272,55282,10
12.8894500732,80.1741790771,55282,55292,10
12.8897199631,80.1743164063,55292,55302,10
12.8900499344,80.1744232178,55302,55312,10
12.8905096054,80.1747894287,55312,55322,10
12.8909397125,80.1756134033,55322,55332,10
12.8912601471,80.1761703491,55332,55344,12
12.8915395737,80.1766586304,55344,55352,8
12.8915596008,80.1766815186,55352,55362,10
12.8918304443,80.1772003174,55362,55375,13
12.892539978,80.1784515381,55375,55385,10
12.8931102753,80.1795196533,55385,55395,10
12.8937797546,80.1801376343,55395,55405,10
12.893989563,80.1802368164,55405,55415,10
12.8941602707,80.1803436279,55415,55425,10
12.8948297501,80.1806793213,55425,55435,10
12.8957996368,80.1811599731,55435,55445,10
12.8968296051,80.1816635132,55445,55455,10
12.8975200653,80.1820373535,55455,55465,10
12.8977603912,80.1821517944,55465,55475,10
12.8980798721,80.1822891235,55475,55486,11
12.8989295959,80.1827468872,55486,55496,10
12.899939537,80.1832580566,55496,55506,10
12.9008102417,80.1836929321,55506,55516,10
12.9019498825,80.1840209961,55516,55526,10
12.9030895233,80.1843414307,55526,55536,10
12.9039201736,80.1846008301,55536,55546,10
12.9040899277,80.1851577759,55546,55556,10
12.9040803909,80.1859970093,55556,55566,10
12.9040498734,80.1871490479,55566,55576,10
12.904709816,80.187789917,55576,55587,11
12.90583992,80.1884994507,55587,55597,10
12.9065704346,80.1889572144,55597,55607,10
12.9065799713,80.1889724731,55607,55617,10
12.9068698883,80.1891937256,55617,55627,10
12.9075803757,80.189743042,55627,55637,10
12.9085102081,80.1904525757,55637,55647,10
12.9095602036,80.1912612915,55647,55657,10
12.910490036,80.1916503906,55657,55667,10
12.9116001129,80.1917800903,55667,55677,10
12.9123497009,80.1918563843,55677,55688,11
12.9124603271,80.1918792725,55688,55698,10
12.913020134,80.1919403076,55698,55708,10
12.9135599136,80.1920089722,55708,55718,10
12.9143104553,80.1920928955,55718,55728,10
12.915140152,80.1921691895,55728,55738,10
12.9154901505,80.1921691895,55738,55748,10
12.9157400131,80.1922073364,55748,55758,10
12.916469574,80.1922531128,55758,55768,10
12.9170799255,80.1921920776,55768,55778,10
12.9171495438,80.1920089722,55778,55788,10
12.9171600342,80.1920089722,55788,55799,11
12.91726017,80.1914367676,55799,55809,10
12.9173202515,80.1905975342,55809,55819,10
12.9173402786,80.1903991699,55819,55829,10
12.9174404144,80.1904220581,55829,55839,10
12.9173698425,80.1909179688,55839,55849,10
12.9172801971,80.1918869019,55849,55859,10
12.9171600342,80.1927871704,55859,55869,10
12.917140007,80.1930236816,55869,55879,10
12.9171104431,80.1931228638,55879,55888,9
12.9171199799,80.1935195923,55888,55900,12
12.9173402786,80.1943817139,55900,55910,10
12.9179601669,80.1949996948,55910,55920,10
12.9186401367,80.1956176758,55920,55930,10
12.919260025,80.1961669922,55930,55940,10
12.9199695587,80.1965179443,55940,55950,10
12.9203300476,80.1966400146,55950,55960,10
12.9205904007,80.1967163086,55960,55970,10
12.9206199646,80.1967391968,55970,55980,10
12.9207401276,80.1967926025,55980,55990,10
12.9209403992,80.1968536377,55990,56000,10
12.9211502075,80.1969070435,56000,56011,11
12.9218101501,80.1971511841,56011,56021,10
12.9228200912,80.1973266602,56021,56031,10
12.9232196808,80.1973800659,56031,56041,10
12.9234199524,80.1974029541,56041,56051,10
12.924079895,80.1974487305,56051,56061,10
12.9250602722,80.1974487305,56061,56071,10
12.9253902435,80.1974411011,56071,56081,10
12.9260997772,80.197479248,56081,56091,10
12.9270000458,80.1977920532,56091,56101,10
12.9276103973,80.1982498169,56101,56112,11
12.9280700684,80.1990585327,56112,56122,10
12.9283800125,80.1999435425,56122,56133,11
12.9284601212,80.2007827759,56133,56143,10
12.9285001755,80.201423645,56143,56153,10
12.9285202026,80.2019729614,56153,56163,10
12.9286403656,80.2025299072,56163,56172,9
12.9292201996,80.2026901245,56172,56183,11
12.9296102524,80.2027282715,56183,56193,10
12.9301099777,80.202796936,56193,56203,10
12.9310398102,80.2029876709,56203,56215,12
12.931810379,80.2032394409,56215,56223,8
12.9322004318,80.20337677,56223,56235,12
12.9328098297,80.2035675049,56235,56245,10
12.9333200455,80.2037582397,56245,56255,10
12.9339704514,80.2038497925,56255,56275,20
12.9339704514,80.2038497925,56275,56285,10
12.9341497421,80.2038803101,56285,56295,10
12.9347496033,80.2039337158,56295,56305,10
12.9356603622,80.2042999268,56305,56315,10
12.9368495941,80.2046508789,56315,56326,11
12.9380502701,80.2050018311,56326,56336,10
12.9391098022,80.2053222656,56336,56346,10
12.9399404526,80.2055587769,56346,56356,10
12.9400196075,80.2055892944,56356,56366,10
12.9404697418,80.2057189941,56366,56376,10
12.9413204193,80.2061004639,56376,56386,10
12.9423303604,80.2068328857,56386,56396,10
12.9428596497,80.2074432373,56396,56406,10
12.9435396194,80.2080535889,56406,56416,10
12.9443502426,80.2083435059,56416,56427,11
12.9444198608,80.2083587646,56427,56437,10
12.9445495605,80.2084121704,56437,56447,10
12.9451799393,80.2086486816,56447,56457,10
12.945980072,80.208946228,56457,56467,10
12.9470396042,80.2093505859,56467,56477,10
12.9481401443,80.209777832,56477,56487,10
12.9492902756,80.2102279663,56487,56497,10
12.9505500793,80.2107315063,56497,56507,10
12.9516496658,80.2111663818,56507,56517,10
12.9526700974,80.2115783691,56517,56528,11
12.9535398483,80.2119064331,56528,56538,10
12.9535999298,80.2119293213,56538,56548,10
12.9538202286,80.2120285034,56548,56558,10
12.9545001984,80.2123031616,56558,56568,10
12.9554700851,80.2126998901,56568,56576,8
12.9563102722,80.2130279541,56576,56588,12
12.9576702118,80.2135772705,56588,56598,10
12.9589004517,80.2140579224,56598,56608,10
12.9599599838,80.2145309448,56608,56618,10
12.9609298706,80.2149200439,56618,56628,10
12.9618701935,80.2152786255,56628,56639,11
12.96296978,80.2156906128,56639,56649,10
12.9635095596,80.2158889771,56649,56659,10
12.9639701843,80.2160491943,56659,56669,10
12.9641799927,80.2161331177,56669,56679,10
12.964389801,80.2162322998,56679,56689,10
12.9650802612,80.2165603638,56689,56699,10
12.9660396576,80.2169418335,56699,56709,10
12.966919899,80.2173233032,56709,56719,10
12.9677295685,80.2176437378,56719,56729,10
12.9684801102,80.2179336548,56729,56740,11
12.9694900513,80.2183227539,56740,56750,10
12.9705200195,80.2187194824,56750,56760,10
12.9711704254,80.2189178467,56760,56770,10
12.9711904526,80.2189331055,56770,56780,10
12.971619606,80.2191390991,56780,56790,10
12.9724702835,80.2194824219,56790,56800,10
12.9734897614,80.2198867798,56800,56810,10
12.9744701385,80.2202835083,56810,56820,10
12.9752998352,80.2206268311,56820,56829,9
12.9756698608,80.2209091187,56829,56841,12
12.9761295319,80.2212295532,56841,56851,10
12.9761400223,80.2212371826,56851,56861,10
12.9762201309,80.2212677002,56861,56871,10
12.976559639,80.2212524414,56871,56881,10
12.9771900177,80.2212524414,56881,56891,10
12.9781799316,80.2211837769,56891,56901,10
12.9791898727,80.2211227417,56901,56911,10
12.9801702499,80.2210388184,56911,56921,10
12.9810800552,80.2210388184,56921,56931,10
12.9818696976,80.221496582,56931,56941,10
12.9823799133,80.2217636108,56941,56952,11
12.9828796387,80.2219085693,56952,56962,10
12.9829597473,80.2219390869,56962,56972,10
12.9830598831,80.2219924927,56972,56982,10
12.9833202362,80.2221603394,56982,56992,10
12.9834403992,80.2222518921,56992,57002,10
12.9836902618,80.2224197388,57002,57012,10
12.9840898514,80.2226409912,57012,57022,10
12.9844903946,80.2229003906,57022,57032,10
12.984919548,80.2231369019,57032,57042,10
12.9853401184,80.2232513428,57042,57052,10
12.9857597351,80.2229919434,57052,57062,10
12.986410141,80.2229385376,57062,57072,10
12.9865198135,80.2229385376,57072,57082,10
12.9866695404,80.2229309082,57082,57092,10
12.9872198105,80.2230300903,57092,57102,10
12.987859726,80.2229766846,57102,57112,10
12.9884395599,80.2225494385,57112,57123,11
12.9890003204,80.2219390869,57123,57132,9
12.9894695282,80.2213134766,57132,57143,11
12.9900503159,80.2206726074,57143,57153,10
12.9904003143,80.2203903198,57153,57163,10
12.9905996323,80.2202606201,57163,57173,10
12.9912700653,80.2197265625,57173,57213,40
12.9912700653,80.2197265625,57213,57225,12
12.9916496277,80.2194976807,57225,57234,9
12.9920797348,80.2191467285,57234,57243,9
12.9926300049,80.2187576294,57243,57253,10
12.9932804108,80.2182617188,57253,57266,13
12.9940004349,80.2177200317,57266,57276,10
12.9945201874,80.2173461914,57276,57286,10
12.9949703217,80.2170181274,57286,57294,8
12.9954004288,80.2167816162,57294,57306,12
12.9961795807,80.216583252,57306,57316,10
12.9966897964,80.2165222168,57316,57326,10
12.9972801208,80.216468811,57326,57336,10
12.9975404739,80.2164764404,57336,57346,10
12.997590065,80.2164916992,57346,57353,7
12.9977798462,80.216506958,57353,57367,14
12.9987001419,80.2167892456,57367,57377,10
12.9994497299,80.2172012329,57377,57387,10
13.0002002716,80.2176589966,57387,57397,10
13.0009403229,80.2181396484,57397,57407,10
13.0016298294,80.2186126709,57407,57417,10
13.0021600723,80.2191925049,57417,57427,10
13.0028400421,80.2197494507,57427,57437,10
13.0034999847,80.2199478149,57437,57447,10
13.0038795471,80.2200393677,57447,57457,10
13.0044698715,80.2201690674,57457,57467,10
13.0047101974,80.220199585,57467,57478,11
13.0049104691,80.2202377319,57478,57488,10
13.005490303,80.2203903198,57488,57498,10
13.0062599182,80.2205505371,57498,57508,10
13.0070896149,80.2208633423,57508,57518,10
13.0080604553,80.2213973999,57518,57528,10
13.0090703964,80.2219390869,57528,57538,10
13.0099201202,80.2224197388,57538,57548,10
13.0108699799,80.2229003906,57548,57558,10
13.0113096237,80.2230682373,57558,57629,71
13.0113096237,80.2230682373,57629,57639,10
13.0116100311,80.2227783203,57639,57649,10
13.0119104385,80.2219619751,57649,57659,10
13.0123701096,80.2215805054,57659,57669,10
13.0126895905,80.2220611572,57669,57679,10
13.0133199692,80.2227172852,57679,57690,11
13.013999939,80.2234725952,57690,57700,10
13.014550209,80.2241363525,57700,57710,10
13.0150604248,80.2246627808,57710,57720,10
13.0154104233,80.224899292,57720,57730,10
13.0156097412,80.2250518799,57730,57740,10
13.0157804489,80.2252120972,57740,57750,10
13.0164403915,80.2253036499,57750,57760,10
13.0172996521,80.2249984741,57760,57770,10
13.0181798935,80.2246627808,57770,57780,10
13.0189800262,80.2244110107,57780,57791,11
13.0195102692,80.2244415283,57791,57811,20
13.0195102692,80.2244415283,57811,57821,10
13.0197000504,80.2244873047,57821,57831,10
13.0199804306,80.2246780396,57831,57841,10
13.0204601288,80.2250289917,57841,57851,10
13.0209903717,80.2254180908,57851,57861,10
13.0215196609,80.2258529663,57861,57871,10
13.0219602585,80.2261428833,57871,57881,10
13.0219898224,80.2261581421,57881,57892,11
13.022190094,80.226348877,57892,57902,10
13.0223903656,80.2265777588,57902,57912,10
13.0228500366,80.2269973755,57912,57922,10
13.0235795975,80.2276611328,57922,57932,10
13.0242004395,80.2283096313,57932,57942,10
13.0246200562,80.2288665771,57942,57952,10
13.0251398087,80.2295684814,57952,57962,10
13.0256795883,80.2303924561,57962,57972,10
13.0259799957,80.231048584,57972,57982,10
13.0261802673,80.2313690186,57982,57992,10
13.0267000198,80.231262207,57992,58003,11
13.0272798538,80.2311019897,58003,58013,10
13.0278301239,80.231010437,58013,58023,10
13.0283498764,80.2309417725,58023,58033,10
13.0285396576,80.2309188843,58033,58043,10
13.0289897919,80.2308883667,58043,58053,10
13.0290899277,80.2308883667,58053,58063,10
13.0291099548,80.2308807373,58063,58073,10
13.0294303894,80.2308502197,58073,58083,10
13.0299596786,80.230796814,58083,58093,10
13.0304498672,80.230758667,58093,58103,10
13.0307703018,80.2307281494,58103,58113,10
13.0309495926,80.2307281494,58113,58123,10
13.0311803818,80.2306976318,58123,58133,10
13.031709671,80.2306289673,58133,58144,11
13.0322599411,80.2305908203,58144,58154,10
13.0327997208,80.2305374146,58154,58164,10
13.0334501266,80.230506897,58164,58174,10
13.0341100693,80.2304382324,58174,58184,10
13.0345802307,80.2303466797,58184,58204,20
13.0345802307,80.2303466797,58204,58214,10
13.0346803665,80.2303466797,58214,58224,10
13.0348396301,80.2302932739,58224,58234,10
13.034910202,80.2301712036,58234,58244,10
13.0348300934,80.2301101685,58244,58254,10
13.0345802307,80.2301101685,58254,59217,963
13.0342102051,80.2300415039,59217,59268,51
13.0342197418,80.2302932739,59268,59298,30
13.0341796875,80.2304077148,59298,59328,30
13.0341796875,80.2304077148,59328,59338,10
13.0339097977,80.23046875,59338,59348,10
13.033490181,80.2305297852,59348,59358,10
13.0329198837,80.2305984497,59358,59369,11
13.0321998596,80.2306671143,59369,59379,10
13.0316696167,80.23072052,59379,59389,10
13.0313501358,80.2307510376,59389,59399,10
13.0311203003,80.2307510376,59399,59419,20
13.0311203003,80.2307510376,59419,59429,10
13.0308303833,80.2307815552,59429,59439,10
13.0304403305,80.2308120728,59439,59449,10
13.0302495956,80.2308273315,59449,59459,10
13.0299797058,80.2308273315,59459,59469,10
13.0297803879,80.2308578491,59469,59490,21
13.0297803879,80.2308578491,59490,59500,10
13.0294599533,80.2308883667,59500,59510,10
13.0288295746,80.2309494019,59510,59520,10
13.027879715,80.2310409546,59520,59530,10
13.0276403427,80.2312469482,59530,59540,10
13.0277500153,80.2319488525,59540,59550,10
13.0278501511,80.2325592041,59550,59560,10
13.0276699066,80.2328567505,59560,59570,10
13.0272397995,80.2329177856,59570,59581,11
13.0270595551,80.2329483032,59581,59591,10
13.0267896652,80.233001709,59591,59601,10
13.0263595581,80.2327270508,59601,59611,10
13.0261001587,80.2318496704,59611,59621,10
13.0258903503,80.2311019897,59621,59631,10
13.0253896713,80.2300796509,59631,59641,10
13.0246496201,80.2290878296,59641,59651,10
13.0242500305,80.2285614014,59651,59661,10
13.0239200592,80.2281494141,59661,59671,10
13.0233602524,80.2276000977,59671,59682,11
13.023059845,80.2273635864,59682,59692,10
13.0230398178,80.2273406982,59692,59702,10
13.0229196548,80.2272186279,59702,59712,10
13.0227403641,80.2270507813,59712,59722,10
13.0222501755,80.2265701294,59722,59732,10
13.0214500427,80.2259368896,59732,59742,10
13.0204801559,80.225227356,59742,59752,10
13.0194597244,80.2245864868,59752,59762,10
13.0184202194,80.2246704102,59762,59772,10
13.0174102783,80.2250900269,59772,59782,10
13.0168304443,80.2253265381,59782,59793,11
13.0165300369,80.2254562378,59793,59803,10
13.0161304474,80.2255935669,59803,59813,10
13.0156803131,80.2257537842,59813,59823,10
13.0154895782,80.2258529663,59823,59833,10
13.0152902603,80.2259597778,59833,59843,10
13.0145902634,80.2262268066,59843,59862,19
13.0145902634,80.2262268066,59862,59873,11
13.014169693,80.226348877,59873,59883,10
13.0133895874,80.2266464233,59883,59894,11
13.0122499466,80.2270584106,59894,59904,10
13.0110998154,80.2275085449,59904,59914,10
13.0100498199,80.2279281616,59914,59924,10
13.009519577,80.2276992798,59924,59934,10
13.0097398758,80.2271499634,59934,59944,10
13.0100698471,80.2264022827,59944,59954,10
13.0104198456,80.2255401611,59954,59964,10
13.0107698441,80.2246398926,59964,59974,10
13.011059761,80.2238693237,59974,59984,10
13.0112495422,80.2233200073,59984,59994,10
13.0108499527,80.2229919434,59994,60004,10
13.0100898743,80.2226104736,60004,60014,10
13.0091400146,80.222076416,60014,60024,10
13.0080404282,80.2214736938,60024,60034,10
13.0068998337,80.2208633423,60034,60044,10
13.0058498383,80.2205200195,60044,60054,10
13.0048503876,80.2203063965,60054,60063,9
13.004650116,80.2202606201,60063,60075,12
13.0041799545,80.2201538086,60075,60085,10
13.0033798218,80.2199630737,60085,60095,10
13.0024795532,80.219543457,60095,60105,10
13.0018501282,80.2188796997,60105,60115,10
13.0012998581,80.218421936,60115,60125,10
13.0007696152,80.2180480957,60125,60135,10
12.9999599457,80.2175521851,60135,60145,10
12.9989795685,80.2170028687,60145,60155,10
12.998169899,80.2166519165,60155,60165,10
12.9978504181,80.216583252,60165,60175,10
12.9976396561,80.2165603638,60175,60185,10
12.9974403381,80.2165374756,60185,60195,10
12.9973297119,80.2165298462,60195,60208,13
12.9967002869,80.2165679932,60208,60218,10
12.9962100983,80.2166366577,60218,60228,10
12.9956998825,80.216758728,60228,60238,10
12.99518013,80.217010498,60238,60245,7
12.9950199127,80.2171096802,60245,60258,13
12.995010376,80.2171173096,60258,60268,10
12.9948196411,80.2172622681,60268,60278,10
12.9946498871,80.217376709,60278,60286,8
12.9942703247,80.2176513672,60286,60298,12
12.9934501648,80.2182617188,60298,60308,10
12.992650032,80.2188415527,60308,60319,11
12.9917898178,80.2194976807,60319,60349,30
12.9917898178,80.2194976807,60349,60359,10
12.991519928,80.2196578979,60359,60369,10
12.9910297394,80.2200317383,60369,60379,10
12.9907197952,80.2202682495,60379,60389,10
12.9906301498,80.2203521729,60389,60399,10
12.9901695251,80.2207183838,60399,60411,12
12.9894504547,80.2215499878,60411,60422,11
12.9891796112,80.2219390869,60422,60432,10
12.9886903763,80.2224578857,60432,60442,10
12.987950325,80.2230377197,60442,60452,10
12.9877004623,80.2231369019,60452,60462,10
12.9874200821,80.2231216431,60462,60472,10
12.9870100021,80.2230834961,60472,60482,10
12.9867696762,80.2230072021,60482,60492,10
12.9863195419,80.2229919434,60492,60502,10
12.9855499268,80.2231903076,60502,60510,8
12.9852895737,80.2233200073,60510,60522,12
12.9845504761,80.2229919434,60522,60535,13
12.9837198257,80.2225036621,60535,60545,10
12.9832000732,80.2221679688,60545,60555,10
12.9831800461,80.2221603394,60555,60565,10
12.9828996658,80.2219924927,60565,60575,10
12.9825201035,80.2218704224,60575,60585,10
12.9821996689,80.2217712402,60585,60595,10
12.9817199707,80.2214202881,60595,60605,10
12.9807395935,80.2210693359,60605,60616,11
12.9807395935,80.2210693359,60616,60628,12
12.9795999527,80.2211608887,60628,60637,9
12.9788799286,80.2211990356,60637,60686,49
12.9759597778,80.2213516235,60686,60695,9
12.9757699966,80.2211990356,60695,60726,31
12.9756498337,80.2211532593,60726,60746,20
12.9756498337,80.2211532593,60746,60758,12
12.9753303528,80.2208480835,60758,60768,10
12.9746398926,80.2204971313,60768,60777,9
12.9739599228,80.2202224731,60777,60789,12
12.9733896255,80.2199783325,60789,60799,10
12.9727697372,80.2197418213,60799,60809,10
12.9720897675,80.2194976807,60809,60819,10
12.9710998535,80.2192306519,60819,60840,21
12.9710998535,80.2192306519,60840,60850,10
12.9708099365,80.2190628052,60850,60860,10
12.9701700211,80.2187423706,60860,60870,10
12.9692497253,80.2183837891,60870,60880,10
12.9683599472,80.2180328369,60880,60890,10
12.9673995972,80.2176437378,60890,60900,10
12.9664201736,80.2172393799,60900,60910,10
12.9654598236,80.2168579102,60910,60920,10
12.964509964,80.2164916992,60920,60930,10
12.9637899399,80.2161865234,60930,60941,11
12.9630804062,80.2158584595,60941,60951,10
12.9629001617,80.2157974243,60951,60961,10
12.9627199173,80.2157287598,60961,60971,10
12.9620800018,80.2154922485,60971,60981,10
12.9611701965,80.2151107788,60981,60991,10
12.9600296021,80.2146606445,60991,61001,10
12.9588098526,80.2141571045,61001,61011,10
12.9577198029,80.2137298584,61011,61021,10
12.9570302963,80.2134475708,61021,61031,10
12.9566402435,80.2132797241,61031,61041,10
12.9558601379,80.2129669189,61041,61052,11
12.9546899796,80.2125473022,61052,61062,10
12.953909874,80.2122573853,61062,61072,10
12.9538602829,80.2122268677,61072,61082,10
12.9536600113,80.2121505737,61082,61092,10
12.9531402588,80.2119216919,61092,61102,10
12.9522600174,80.2116088867,61102,61112,10
12.9512901306,80.2112579346,61112,61122,10
12.9501695633,80.2108383179,61122,61132,10
12.9490003586,80.2104110718,61132,61142,10
12.9486198425,80.2102737427,61142,61153,11
12.9485797882,80.2102584839,61153,61163,10
12.9484195709,80.2101974487,61163,61173,10
12.9479198456,80.2099761963,61173,61183,10
12.9472303391,80.2097015381,61183,61193,10
12.9464797974,80.2093887329,61193,61203,10
12.9456501007,80.2090301514,61203,61213,10
12.9442396164,80.2084121704,61213,61233,20
12.9442396164,80.2084121704,61233,61243,10
12.943860054,80.2082366943,61243,61253,10
12.9432296753,80.2079391479,61253,61264,11
12.9427900314,80.2074508667,61264,61274,10
12.94272995,80.207359314,61274,61284,10
12.942440033,80.2070388794,61284,61294,10
12.9418401718,80.2065200806,61294,61304,10
12.9411296844,80.2060699463,61304,61314,10
12.9410600662,80.2060623169,61314,61324,10
12.9407100677,80.2059020996,61324,61334,10
12.9402599335,80.2057418823,61334,61344,10
12.939499855,80.2055130005,61344,61354,10
12.9385700226,80.2052230835,61354,61365,11
12.9378299713,80.2050094604,61365,61375,10
12.9370803833,80.2048034668,61375,61385,10
12.9362001419,80.204536438,61385,61395,10
12.9354200363,80.2042694092,61395,61405,10
12.934510231,80.2039871216,61405,61415,10
12.9337596893,80.2039489746,61415,61425,10
12.9337301254,80.2039489746,61425,61435,10
12.9336500168,80.2039337158,61435,61445,10
12.9330997467,80.2037887573,61445,61455,10
12.9322795868,80.2034683228,61455,61465,10
12.9314603806,80.2031936646,61465,61475,10
12.9307203293,80.2029571533,61475,61485,10
12.929889679,80.2028274536,61485,61495,10
12.9295301437,80.202796936,61495,61505,10
12.9294700623,80.2028121948,61505,61515,10
12.9289302826,80.2027206421,61515,61525,10
12.9285097122,80.2022399902,61525,61535,10
12.9284601212,80.2012329102,61535,61546,11
12.9283599854,80.1999206543,61546,61555,9
12.927980423,80.1988983154,61555,61566,11
12.9272298813,80.1979598999,61566,61576,10
12.9262304306,80.1975708008,61576,61606,30
12.9262304306,80.1975708008,61606,61616,10
12.9259595871,80.1975326538,61616,61626,10
12.9254798889,80.197517395,61626,61636,10
12.9250602722,80.197517395,61636,61646,10
12.9241895676,80.1975097656,61646,61656,10
12.9232397079,80.1974563599,61656,61666,10
12.9222202301,80.1973419189,61666,61679,13
12.9219799042,80.1972885132,61679,61689,10
12.9214296341,80.1970901489,61689,61699,10
12.9207296371,80.1968307495,61699,61707,8
12.9199695587,80.1965713501,61707,61717,10
12.9190797806,80.1960830688,61717,61729,12
12.918009758,80.1951217651,61729,61739,10
12.9172496796,80.1943893433,61739,61749,10
12.9170598984,80.1940689087,61749,61759,10
12.9169998169,80.1934890747,61759,61769,10
12.917090416,80.1924209595,61769,61790,21
12.917090416,80.1924209595,61790,61800,10
12.916680336,80.1923522949,61800,61820,20
12.916680336,80.1923522949,61820,61830,10
12.9166097641,80.1923522949,61830,61840,10
12.9159698486,80.1922988892,61840,61850,10
12.9149103165,80.1922225952,61850,61860,10
12.9136695862,80.1920776367,61860,61870,10
12.9124898911,80.191947937,61870,61880,10
12.911190033,80.1917877197,61880,61891,11
12.9100799561,80.1916427612,61891,61901,10
12.909740448,80.1914520264,61901,61911,10
12.9095401764,80.1912918091,61911,61921,10
12.9088897705,80.190788269,61921,61931,10
12.9079198837,80.1900634766,61931,61941,10
12.9068202972,80.189201355,61941,61951,10
12.9061899185,80.1887664795,61951,61961,10
12.9061698914,80.1887588501,61961,61971,10
12.9057502747,80.1884765625,61971,61981,10
12.90487957,80.1879196167,61981,61992,11
12.9039897919,80.1872024536,61992,62002,10
12.9040203094,80.1861724854,62002,62012,10
12.9040603638,80.1849212646,62012,62022,10
12.9035997391,80.1845321655,62022,62032,10
12.9026203156,80.1842575073,62032,62042,10
12.9014797211,80.1839675903,62042,62052,10
12.9006204605,80.1836624146,62052,62062,10
12.8995599747,80.1831207275,62062,62072,10
12.8983697891,80.182510376,62072,62080,8
12.8976697922,80.1821517944,62080,62093,13
12.897359848,80.1820220947,62093,62103,10
12.8972501755,80.181968689,62103,62113,10
12.8966999054,80.1816711426,62113,62123,10
12.8958101273,80.1812210083,62123,62133,10
12.8948402405,80.1807327271,62133,62143,10
12.8942298889,80.1804199219,62143,62153,10
12.8936901093,80.1801605225,62153,62163,10
12.8934202194,80.1800308228,62163,62173,10
12.8933095932,80.1799163818,62173,62183,10
12.892950058,80.1792831421,62183,62193,10
12.8924398422,80.1782989502,62193,62204,11
12.8917999268,80.1771469116,62204,62214,10
12.8914604187,80.1765365601,62214,62224,10
12.8914403915,80.1764831543,62224,62234,10
12.8912000656,80.1760406494,62234,62244,10
12.8907203674,80.1751403809,62244,62254,10
12.8902797699,80.1745300293,62254,62264,10
12.8899803162,80.1744003296,62264,62274,10
12.8897600174,80.174331665,62274,62284,10
12.8896198273,80.1742706299,62284,62294,10
12.8895101547,80.1742095947,62294,62305,11
12.8890399933,80.1739730835,62305,62315,10
12.8881797791,80.1735229492,62315,62325,10
12.8870897293,80.172958374,62325,62335,10
12.8858098984,80.1723022461,62335,62345,10
12.8844604492,80.1716003418,62345,62355,10
12.8833198547,80.1710205078,62355,62365,10
12.882519722,80.1706237793,62365,62375,10
12.8820400238,80.1709976196,62375,62385,10
12.8815498352,80.1709289551,62385,62395,10
12.881360054,80.1708526611,62395,62406,11
12.8806600571,80.1705932617,62406,62416,10
12.8800601959,80.1703109741,62416,62426,10
12.8800001144,80.1702728271,62426,62436,10
12.8794698715,80.1699829102,62436,62446,10
12.8784599304,80.1700668335,62446,62456,10
12.877120018,80.1704483032,62456,62466,10
12.8760700226,80.1707992554,62466,62476,10
12.8759803772,80.1708602905,62476,62486,10
12.8755502701,80.1710968018,62486,62497,11
12.8746099472,80.1717300415,62497,62506,9
12.8735799789,80.1723937988,62506,62517,11
12.8720998764,80.1733627319,62517,62527,10
12.8705997467,80.174369812,62527,62537,10
12.8693399429,80.1752319336,62537,62547,10
12.868350029,80.1759109497,62547,62557,10
12.8675298691,80.1759796143,62557,62567,10
12.8666496277,80.1758728027,62567,62577,10
12.8658895493,80.1757888794,62577,62587,10
12.8652496338,80.1757202148,62587,62597,10
12.8651800156,80.1756973267,62597,62607,10
12.8646402359,80.1754379272,62607,62620,13
12.8633699417,80.1746520996,62620,62630,10
12.8620996475,80.1739501953,62630,62640,10
12.8613700867,80.1736526489,62640,62648,8
12.8608198166,80.1734008789,62648,62660,12
12.8598098755,80.172958374,62660,62670,10
12.8596897125,80.1728973389,62670,62680,10
12.8595504761,80.1728363037,62680,62690,10
12.8588399887,80.1725769043,62690,62700,10
12.8578500748,80.1724090576,62700,62710,10
12.8574895859,80.1723480225,62710,62721,11
12.8569498062,80.1722564697,62721,62731,10
12.8563899994,80.1721496582,62731,62771,40
12.8563899994,80.1721496582,62771,62781,10
12.856300354,80.17212677,62781,62791,10
12.8558597565,80.1719970703,62791,62801,10
12.8550300598,80.1717529297,62801,62811,10
12.8539800644,80.1714324951,62811,62822,11
12.8526802063,80.1712112427,62822,62832,10
12.8515195847,80.1710281372,62832,62842,10
12.8503599167,80.1708374023,62842,62852,10
12.8491401672,80.1706008911,62852,62862,10
12.8476896286,80.1703796387,62862,62872,10
12.8472204208,80.1703186035,62872,62882,10
12.8468904495,80.1702880859,62882,62892,10
12.8459796906,80.1702423096,62892,62902,10
12.8447303772,80.170173645,62902,62912,10
12.8433303833,80.1700210571,62912,62921,9
12.8422803879,80.1699676514,62921,62933,12
12.8410196304,80.1699981689,62933,62943,10
12.8400402069,80.1699676514,62943,62953,10
12.8391895294,80.1699523926,62953,62963,10
12.83852005,80.1697463989,62963,62973,10
12.8384599686,80.1697006226,62973,62983,10
12.8381099701,80.1693878174,62983,62993,10
12.8377799988,80.1693115234,62993,63003,10
12.8372402191,80.1691436768,63003,63013,10
12.8370599747,80.1688995361,63013,63023,10
12.8367700577,80.168800354,63023,63034,11
12.8365402222,80.1687316895,63034,63044,10
12.8362703323,80.1686477661,63044,63054,10
12.8360395432,80.1685180664,63054,63064,10
12.8359098434,80.1680908203,63064,63074,10
12.8355903625,80.1678237915,63074,63084,10
12.8349895477,80.1675796509,63084,63094,10
12.8341798782,80.1671066284,63094,63104,10
12.8335695267,80.1667785645,63104,63124,20
12.8335695267,80.1667785645,63124,63135,11
12.8333396912,80.1666488647,63135,63145,10
12.8327198029,80.1662979126,63145,63155,10
12.831990242,80.1659927368,63155,63165,10
12.8318395615,80.1659317017,63165,63175,10
12.8313703537,80.1657562256,63175,63185,10
12.8305196762,80.1655578613,63185,63195,10
12.829460144,80.1653823853,63195,63205,10
12.8285198212,80.1652984619,63205,63215,10
12.8276100159,80.1651763916,63215,63235,20
12.8276100159,80.1651763916,63235,63246,11
12.8275299072,80.1651611328,63246,63256,10
12.8273696899,80.1650772095,63256,63266,10
12.8273200989,80.1650390625,63266,63276,10
12.8271799088,80.1649475098,63276,63286,10
12.8270196915,80.1648330688,63286,63296,10
12.8268499374,80.1647186279,63296,63306,10
12.8265104294,80.1644897461,63306,63316,10
12.8259801865,80.1641769409,63316,63326,10
12.8253202438,80.1638412476,63326,63336,10
12.8247299194,80.163520813,63336,63347,11
12.8237304688,80.1628799438,63347,63357,10
12.8224601746,80.1622924805,63357,63367,10
12.8210802078,80.1617279053,63367,63377,10
12.8198099136,80.1611862183,63377,63387,10
12.8186597824,80.1606826782,63387,63397,10
12.8181600571,80.1604766846,63397,63407,10
12.8179597855,80.16040802,63407,63417,10
12.8174495697,80.1602783203,63417,63427,10
12.8171195984,80.1602096558,63427,63437,10
12.8170900345,80.1602172852,63437,63447,10
12.8166503906,80.1601028442,63447,63457,10
12.8160400391,80.1599807739,63457,63468,11
12.8152103424,80.1597976685,63468,63478,10
12.8146295547,80.1596908569,63478,63488,10
12.8139400482,80.1595916748,63488,63498,10
12.8135404587,80.1595611572,63498,63508,10
12.8135099411,80.1595611572,63508,63518,10
12.8129796982,80.1594619751,63518,63527,9
12.8122797012,80.1593322754,63527,63538,11
12.8116102219,80.1594467163,63538,63548,10
12.8114404678,80.1594772339,63548,63560,12
12.8108797073,80.1596679688,63560,63570,10
12.8103303909,80.1597213745,63570,63580,10
12.8100204468,80.1596069336,63580,63741,161
12.8100204468,80.1596069336,63741,63751,10
12.8101501465,80.1596832275,63751,63772,21
12.8101501465,80.1596832275,63772,63782,10
12.8103303909,80.1597366333,63782,63792,10
12.8107995987,80.1596984863,63792,63802,10
12.8111801147,80.1595611572,63802,63812,10
12.8113203049,80.1594696045,63812,63822,10
12.8117704391,80.1593780518,63822,63832,10
12.8123703003,80.1593475342,63832,63842,10
12.8130197525,80.1594772339,63842,63852,10
12.8135404587,80.1595535278,63852,63862,10
12.8135499954,80.1595535278,63862,63873,11
12.8137998581,80.1595611572,63873,63883,10
12.8144598007,80.1596298218,63883,63893,10
12.815369606,80.1598129272,63893,63903,10
12.8163299561,80.1599884033,63903,63913,10
12.8172998428,80.1602172852,63913,63923,10
12.8178195953,80.1603622437,63923,63933,10
12.8182001114,80.1604614258,63933,63943,10
12.8183803558,80.1605224609,63943,63953,10
12.8188800812,80.1607513428,63953,63963,10
12.8196697235,80.1611099243,63963,63974,11
12.8205604553,80.1614990234,63974,63984,10
12.8214998245,80.1618804932,63984,63994,10
12.8225698471,80.1623001099,63994,64004,10
12.8237400055,80.1628494263,64004,64014,10
12.8247699738,80.163520813,64014,64024,10
12.8257198334,80.1640396118,64024,64034,10
12.8262996674,80.1643600464,64034,64044,10
12.8268203735,80.1647033691,64044,64054,10
12.8274297714,80.1650924683,64054,64075,21
12.8274297714,80.1650924683,64075,64085,10
12.8278303146,80.1651535034,64085,64115,30
12.8278303146,80.1651535034,64115,64125,10
12.8279399872,80.1651687622,64125,64135,10
12.8281698227,80.1651992798,64135,64145,10
12.8288002014,80.1652832031,64145,64155,10
12.8297901154,80.165397644,64155,64165,10
12.8307800293,80.1655807495,64165,64175,10
12.8317499161,80.1658401489,64175,64186,11
12.8326702118,80.1662521362,64186,64196,10
12.8335599899,80.1667633057,64196,64216,20
12.8335599899,80.1667633057,64216,64226,10
12.8336801529,80.1668167114,64226,64236,10
12.8343000412,80.1671600342,64236,64246,10
12.8351402283,80.1676635742,64246,64256,10
12.8357095718,80.1678237915,64256,64266,10
12.835940361,80.1681289673,64266,64276,10
12.8360204697,80.1684570313,64276,64287,11
12.8362998962,80.1686401367,64287,64297,10
12.8366699219,80.168762207,64297,64307,10
12.8370199203,80.168838501,64307,64317,10
12.8372001648,80.169052124,64317,64327,10
12.8375501633,80.1692810059,64327,64337,10
12.8380899429,80.1693496704,64337,64347,10
12.8383302689,80.1695709229,64347,64357,10
12.8384399414,80.1696624756,64357,64368,11
12.8386001587,80.1697463989,64368,64378,10
12.8392601013,80.1699295044,64378,64388,10
12.8400402069,80.1699371338,64388,64398,10
12.8410396576,80.1699676514,64398,64408,10
12.8423500061,80.1699371338,64408,64418,10
12.8437595367,80.1700515747,64418,64428,10
12.845199585,80.1701507568,64428,64438,10
12.8467197418,80.1702270508,64438,64448,10
12.8482198715,80.1704483032,64448,64458,10
12.8496599197,80.1707000732,64458,64468,10
12.8509902954,80.1709289551,64468,64478,10
12.8522195816,80.1711196899,64478,64488,10
12.8534698486,80.1713104248,64488,64501,13
12.854590416,80.1716003418,64501,64511,10
12.8551197052,80.1717376709,64511,64521,10
12.856010437,80.1719970703,64521,64531,10
12.8565101624,80.1721420288,64531,64561,30
12.8565101624,80.1721420288,64561,64571,10
12.8568000793,80.172203064,64571,64581,10
12.8574399948,80.1723098755,64581,64591,10
12.8579797745,80.172416687,64591,64602,11
12.8590602875,80.1726379395,64602,64612,10
12.8598203659,80.172958374,64612,64622,10
12.8601903915,80.1731262207,64622,64632,10
12.8610401154,80.1735076904,64632,64642,10
12.8618202209,80.1738510132,64642,64652,10
12.861989975,80.1739120483,64652,64662,10
12.8626298904,80.1742324829,64662,64672,10
12.8635501862,80.1747589111,64672,64682,10
12.8644504547,80.1753234863,64682,64692,10
12.865240097,80.1757125854,64692,64703,11
12.8653402328,80.1757125854,64703,64713,10
12.8655500412,80.1757125854,64713,64723,10
12.8662099838,80.17578125,64723,64733,10
12.8671998978,80.1758804321,64733,64743,10
12.8680696487,80.1759490967,64743,64753,10
12.8688097,80.1755523682,64753,64763,10
12.8694601059,80.1750869751,64763,64773,10
12.8702697754,80.1745681763,64773,64783,10
12.8713502884,80.173828125,64783,64793,10
12.8726301193,80.1729736328,64793,64803,10
12.8738498688,80.1721801758,64803,64814,11
12.8750600815,80.17137146,64814,64824,10
12.8763303757,80.1706924438,64824,64832,8
12.8774404526,80.1703186035,64832,64844,12
12.8786497116,80.1700363159,64844,64851,7
12.8792495728,80.1699371338,64851,64864,13
12.8800601959,80.1702728271,64864,64874,10
12.8802099228,80.1703567505,64874,64884,10
12.8808803558,80.1706619263,64884,64894,10
12.8816604614,80.1709365845,64894,64904,10
12.8822097778,80.1708984375,64904,64915,11
12.8825998306,80.1706466675,64915,64925,10
12.8828001022,80.1707382202,64925,64935,10
12.883480072,80.1710968018,64935,64942,7
12.8841199875,80.1714324951,64942,64955,13
12.8854999542,80.1721420288,64955,64965,10
12.8861703873,80.1725006104,64965,64975,10
12.8869304657,80.1728973389,64975,64985,10
12.8877696991,80.1733169556,64985,64995,10
12.8885803223,80.1737365723,64995,65004,9
12.8893003464,80.174118042,65004,65016,12
12.8896198273,80.1742706299,65016,65025,9
12.8898200989,80.1743774414,65025,65038,13
12.890130043,80.1744766235,65038,65048,10
12.8904600143,80.1747283936,65048,65058,10
12.8907804489,80.17527771,65058,65068,10
12.8915500641,80.1766815186,65068,65088,20
12.8915500641,80.1766815186,65088,65098,10
12.8917398453,80.1770629883,65098,65108,10
12.8921604156,80.1778182983,65108,65118,10
12.8927402496,80.1788330078,65118,65128,10
12.8933496475,80.1799163818,65128,65138,10
12.8940200806,80.1802978516,65138,65149,11
12.894080162,80.1803283691,65149,65159,10
12.8944797516,80.1805419922,65159,65169,10
12.8952999115,80.1809387207,65169,65179,10
12.8963804245,80.1815032959,65179,65189,10
12.897649765,80.1821289063,65189,65219,30
12.897649765,80.1821289063,65219,65231,12
12.8979701996,80.182258606,65231,65241,10
12.8986797333,80.1826400757,65241,65251,10
12.8996295929,80.1831283569,65251,65261,10
12.9004802704,80.1835403442,65261,65269,8
12.9011297226,80.1838302612,65269,65279,10
12.9021997452,80.1841278076,65279,65289,10
12.9031095505,80.184387207,65289,65299,10
12.9037399292,80.1845703125,65299,65309,10
12.9041099548,80.1850204468,65309,65319,10
12.9041004181,80.1858596802,65319,65332,13
12.9040699005,80.1872406006,65332,65342,10
12.9044399261,80.1876220703,65342,65352,10
12.90487957,80.1878967285,65352,65362,10
12.9054603577,80.1882629395,65362,65372,10
12.905960083,80.1885910034,65372,65382,10
12.9066400528,80.1890182495,65382,65402,20
12.9066400528,80.1890182495,65402,65412,10
12.906920433,80.1892471313,65412,65422,10
12.907500267,80.1896896362,65422,65433,11
12.9082803726,80.1902999878,65433,65443,10
12.9090900421,80.1909103394,65443,65453,10
12.9097604752,80.1914215088,65453,65463,10
12.9102802277,80.1916427612,65463,65473,10
12.9109601974,80.1917190552,65473,65483,10
12.9116001129,80.1917877197,65483,65493,10
12.9122200012,80.1918563843,65493,65503,10
12.9122600555,80.1918563843,65503,65513,10
12.9126701355,80.1919174194,65513,65523,10
12.9133901596,80.1920089722,65523,65533,10
12.9142999649,80.1921234131,65533,65544,11
12.9153003693,80.1922225952,65544,65554,10
12.9158697128,80.1922607422,65554,65564,10
12.9163703918,80.1922988892,65564,65574,10
12.9168596268,80.1923217773,65574,65584,10
12.917140007,80.1921691895,65584,65604,20
12.917140007,80.1921691895,65604,65614,10
12.9171895981,80.1920089722,65614,65624,10
12.9172897339,80.1914215088,65624,65633,9
12.9173402786,80.1906967163,65633,65645,12
12.9173402786,80.1904220581,65645,65655,10
12.9174404144,80.1904296875,65655,65665,10
12.9174203873,80.1907272339,65665,65675,10
12.9173402786,80.19140625,65675,65685,10
12.9172096252,80.1923828125,65685,65695,10
12.917140007,80.1930923462,65695,65715,20
12.917140007,80.1930923462,65715,65725,10
12.9171199799,80.1932220459,65725,65735,10
12.9171104431,80.1937026978,65735,65746,11
12.9172000885,80.194190979,65746,65756,10
12.9174499512,80.1945571899,65756,65766,10
12.9179201126,80.1949996948,65766,65776,10
12.9185304642,80.1955566406,65776,65786,10
12.919090271,80.1960525513,65786,65796,10
12.9197502136,80.1964569092,65796,65806,10
12.9204101563,80.1967086792,65806,65816,10
12.9208602905,80.1968612671,65816,65826,10
12.9211502075,80.1969528198,65826,65836,10
12.9216299057,80.1971282959,65836,65847,11
12.9224500656,80.1973114014,65847,65857,10
12.9231901169,80.1974105835,65857,65867,10
12.9232702255,80.1974182129,65867,65877,10
12.9236698151,80.1974716187,65877,65887,10
12.9244298935,80.1974868774,65887,65897,10
12.9251203537,80.197479248,65897,65907,10
12.9253196716,80.197479248,65907,65917,10
12.9258298874,80.1974868774,65917,65927,10
12.9264202118,80.1975784302,65927,65937,10
12.9265899658,80.1976394653,65937,65947,10
12.9272403717,80.1979827881,65947,65958,11
12.927980423,80.1988830566,65958,65968,10
12.9283599854,80.1997833252,65968,65978,10
12.9284601212,80.2004013062,65978,65986,8
12.9284896851,80.2009735107,65986,65998,12
12.9285402298,80.2017364502,65998,66008,10
12.9285497665,80.2021331787,66008,66018,10
12.9287796021,80.2026367188,66018,66028,10
12.9294300079,80.2027435303,66028,66038,10
12.929479599,80.2027511597,66038,66048,10
12.9298095703,80.202796936,66048,66059,11
12.9307098389,80.2029418945,66059,66069,10
12.9314098358,80.2031478882,66069,66079,10
12.9324197769,80.2034988403,66079,66089,10
12.9332704544,80.2037963867,66089,66099,10
12.9339504242,80.2039031982,66099,66109,10
12.9339704514,80.2039031982,66109,66119,10
12.9341402054,80.2039031982,66119,66129,10
12.9348096848,80.2039794922,66129,66139,10
12.9357500076,80.2043762207,66139,66149,10
12.9366798401,80.2046585083,66149,66160,11
12.9372997284,80.2048416138,66160,66170,10
12.9379796982,80.2050323486,66170,66180,10
12.9387397766,80.2052536011,66180,66190,10
12.9395599365,80.2054901123,66190,66200,10
12.9398803711,80.2055892944,66200,66210,10
12.9399003983,80.2056121826,66210,66220,10
12.9401903152,80.2057113647,66220,66229,9
12.9406499863,80.2058486938,66229,66240,11
12.941280365,80.2061309814,66240,66250,10
12.9419803619,80.2066192627,66250,66260,10
12.942609787,80.2071609497,66260,66272,12
12.9431495667,80.207862854,66272,66280,8
12.9436998367,80.2081604004,66280,66292,12
12.9441699982,80.2083282471,66292,66312,20
12.9441699982,80.2083282471,66312,66322,10
12.9446201324,80.208480835,66322,66332,10
12.9454498291,80.2087631226,66332,66342,10
12.9463996887,80.2090682983,66342,66352,10
12.947259903,80.2093963623,66352,66362,10
12.9479103088,80.209602356,66362,66371,9
12.9479598999,80.209602356,66371,66383,12
12.9481496811,80.2096099854,66383,66393,10
12.948679924,80.2098388672,66393,66421,28
12.948679924,80.2098388672,66421,66433,12
12.9488601685,80.2098922729,66433,66443,10
12.9491796494,80.2100296021,66443,66453,10
12.9496803284,80.2102584839,66453,66463,10
12.9503602982,80.2105636597,66463,66474,11
12.9511203766,80.2109222412,66474,66484,10
12.9517698288,80.2112503052,66484,66494,10
12.9524803162,80.2115402222,66494,66504,10
12.9530000687,80.2117614746,66504,66514,10
12.9534502029,80.2119216919,66514,66522,8
12.9552698135,80.212677002,66522,66566,44
12.9552698135,80.212677002,66566,66587,21
12.9567298889,80.2132415771,66587,66597,10
12.9573898315,80.213508606,66597,66607,10
12.9581403732,80.2138137817,66607,66617,10
12.9587602615,80.2140731812,66617,66627,10
12.959280014,80.2142562866,66627,66637,10
12.9597702026,80.2144775391,66637,66647,10
12.9603099823,80.2146987915,66647,66657,10
12.9610099792,80.2149810791,66657,66667,10
12.9617595673,80.2152633667,66667,66677,10
12.9626998901,80.2155990601,66677,66718,41
12.9626998901,80.2155990601,66718,66728,10
12.9628801346,80.2156677246,66728,66738,10
12.9632797241,80.2158203125,66738,66748,10
12.9636001587,80.2159423828,66748,66758,10
12.9638500214,80.2160568237,66758,66768,10
12.9640703201,80.2161483765,66768,66777,9
12.9640903473,80.2161636353,66777,66789,12
12.9643201828,80.2162780762,66789,66799,10
12.964799881,80.2165222168,66799,66809,10
12.9654903412,80.2167816162,66809,66819,10
12.9662904739,80.217086792,66819,66829,10
12.9670696259,80.2174224854,66829,66839,10
12.9674501419,80.2175827026,66839,66849,10
12.967590332,80.2176437378,66849,66859,10
12.9677495956,80.2176971436,66859,66869,10
12.9680204391,80.2178115845,66869,66879,10
12.9685001373,80.2179794312,66879,66889,10
12.9692497253,80.2182693481,66889,66899,10
12.9701299667,80.2186431885,66899,66909,10
12.9707403183,80.2188568115,66909,66919,10
12.971159935,80.2189788818,66919,66929,10
12.9711704254,80.2189865112,66929,66939,10
12.971280098,80.2190475464,66939,66950,11
12.9718799591,80.2193222046,66950,66960,10
12.9726295471,80.219619751,66960,66970,10
12.9733600616,80.219909668,66970,66980,10
12.9740104675,80.2201690674,66980,66990,10
12.974650383,80.2204437256,66990,67000,10
12.9749202728,80.2205505371,67000,67020,20
12.9749202728,80.2205505371,67020,67030,10
12.9751300812,80.2206192017,67030,67040,10
12.9753799438,80.220703125,67040,67050,10
12.9755296707,80.2208633423,67050,67060,10
12.975810051,80.2211303711,67060,67070,10
12.9760198593,80.2212600708,67070,67103,33
12.9760198593,80.2212600708,67103,67113,10
12.9762601852,80.221282959,67113,67123,10
12.9766597748,80.2212677002,67123,67133,10
12.9771203995,80.2212677002,67133,67143,10
12.9777002335,80.2212219238,67143,67153,10
12.9782600403,80.2211914063,67153,67163,10
12.9788303375,80.2211685181,67163,67173,10
12.9794197083,80.2211227417,67173,67183,10
12.9799003601,80.2210769653,67183,67193,10
12.9805002213,80.2210388184,67193,67204,11
12.9810304642,80.2210693359,67204,67214,10
12.9814796448,80.221282959,67214,67224,10
12.9817495346,80.221496582,67224,67233,9
12.982049942,80.2216796875,67233,67245,12
12.9825401306,80.2218704224,67245,67255,10
12.9827804565,80.2219390869,67255,67265,10
12.9828195572,80.2219619751,67265,67275,10
12.9828996658,80.2219924927,67275,67285,10
12.9831895828,80.22215271,67285,67295,10
12.9833498001,80.2222595215,67295,67306,11
12.983590126,80.222442627,67306,67316,10
12.984000206,80.2226791382,67316,67326,10
12.9841804504,80.2227783203,67326,67336,10
12.9845504761,80.2230224609,67336,67346,10
12.9850196838,80.2232513428,67346,67356,10
12.9853897095,80.2233428955,67356,67366,10
12.98554039,80.2231826782,67366,67376,10
12.9859104156,80.2229766846,67376,67386,10
12.9863195419,80.2229690552,67386,67396,10
12.9864702225,80.2229919434,67396,67406,10
12.9866304398,80.2230224609,67406,67417,11
12.9869098663,80.2230377197,67417,67427,10
12.9870004654,80.2230606079,67427,67437,10
12.9871397018,80.2230911255,67437,67447,10
12.9874200821,80.2231063843,67447,67457,10
12.9875402451,80.2230987549,67457,67467,10
12.9877996445,80.2230224609,67467,67477,10
12.9882898331,80.2226486206,67477,67487,10
12.988820076,80.2221679688,67487,67497,10
12.9891300201,80.2218170166,67497,67507,10
12.9894895554,80.2213516235,67507,67518,11
12.9899702072,80.2206497192,67518,67528,10
12.9904003143,80.2203598022,67528,67538,10
12.9904203415,80.2203598022,67538,67548,10
12.9907903671,80.2201385498,67548,67558,10
12.9912004471,80.2198181152,67558,67568,10
12.9913101196,80.2197418213,67568,67578,10
12.9914102554,80.2196426392,67578,67588,10
12.9916801453,80.2194366455,67588,67598,10
12.9922199249,80.219039917,67598,67608,10
12.9928503036,80.2185974121,67608,67619,11
12.9931898117,80.2183303833,67619,67629,10
12.9936504364,80.2180023193,67629,67639,10
12.9939603806,80.2177886963,67639,67649,10
12.9942903519,80.2175369263,67649,67659,10
12.9945697784,80.2173614502,67659,67669,10
12.9945898056,80.2173461914,67669,67679,10
12.994720459,80.2172470093,67679,67689,10
12.9949502945,80.2170791626,67689,67699,10
12.9953804016,80.2168273926,67699,67709,10
12.9959697723,80.2166290283,67709,67719,10
12.9966001511,80.2165298462,67719,67740,21
12.9966001511,80.2165298462,67740,67750,10
12.9967002869,80.2165298462,67750,67760,10
12.9969100952,80.216506958,67760,67770,10
12.9973096848,80.2164535522,67770,67780,10
12.9975595474,80.2164916992,67780,67790,10
12.9976301193,80.2165222168,67790,67800,10
12.997710228,80.2165298462,67800,67810,10
12.9981498718,80.2166290283,67810,67820,10
12.9987802505,80.2168884277,67820,67830,10
12.999420166,80.2172164917,67830,67841,11
13.0000200272,80.217590332,67841,67851,10
13.0006399155,80.2179794312,67851,67861,10
13.0012702942,80.2183837891,67861,67871,10
13.0018901825,80.2189331055,67871,67881,10
13.0023803711,80.2194900513,67881,67891,10
13.0030603409,80.2198867798,67891,67901,10
13.0038003922,80.2200469971,67901,67910,9
13.0044298172,80.220199585,67910,67921,11
13.0047197342,80.2202606201,67921,67933,12
13.0048303604,80.2203063965,67933,67943,10
13.0052995682,80.2204284668,67943,67953,10
13.0059404373,80.2205505371,67953,67961,8
13.0065402985,80.2206878662,67961,67973,12
13.0074796677,80.2211380005,67973,67983,10
13.0083999634,80.2216262817,67983,67993,10
13.0092201233,80.2220916748,67993,68003,10
13.0100402832,80.2225265503,68003,68013,10
13.0107803345,80.2229003906,68013,68021,8
13.0111503601,80.2230682373,68021,68145,124
13.0111503601,80.2230682373,68145,68155,10
13.0112800598,80.2230911255,68155,68165,10
13.0114498138,80.2230682373,68165,68175,10
13.0116100311,80.2226486206,68175,68185,10
13.0117397308,80.222038269,68185,68194,9
13.0120296478,80.2215270996,68194,68206,12
13.0122299194,80.221496582,68206,68216,10
13.0124702454,80.2218475342,68216,68226,10
13.0129404068,80.2224121094,68226,68236,10
13.0134601593,80.2229232788,68236,68247,11
13.0140104294,80.2235031128,68247,68257,10
13.0144500732,80.224067688,68257,68267,10
13.0149097443,80.2245483398,68267,68277,10
13.0150499344,80.2246627808,68277,68287,10
13.0152301788,80.2248382568,68287,68297,10
13.0156297684,80.225112915,68297,68317,20
13.0156297684,80.225112915,68317,68327,10
13.015709877,80.2252120972,68327,68337,10
13.0162496567,80.2253723145,68337,68348,11
13.01720047,80.2250823975,68348,68358,10
13.0181303024,80.2247009277,68358,68368,10
13.0186700821,80.2244567871,68368,68378,10
13.0189304352,80.2243423462,68378,68398,20
13.0189304352,80.2243423462,68398,68408,10
13.0190696716,80.2242889404,68408,68418,10
13.0192403793,80.2242965698,68418,68428,10
13.0194597244,80.2244033813,68428,68438,10
13.0197200775,80.2245483398,68438,68448,10
13.0200195313,80.2248001099,68448,68459,11
13.0204696655,80.225112915,68459,68469,10
13.0208702087,80.225402832,68469,68479,10
13.0212402344,80.225730896,68479,68489,10
13.0219402313,80.2261962891,68489,68509,20
13.0219402313,80.2261962891,68509,68519,10
13.0221996307,80.2264328003,68519,68529,10
13.0226697922,80.226852417,68529,68539,10
13.0232200623,80.2273635864,68539,68548,9
13.0236797333,80.2277832031,68548,68560,12
13.0240497589,80.2281112671,68560,68570,10
13.0242099762,80.2283096313,68570,68580,10
13.024430275,80.2285766602,68580,68590,10
13.0247802734,80.2291030884,68590,68600,10
13.0252304077,80.2296829224,68600,68610,10
13.0256299973,80.2302780151,68610,68620,10
13.0259103775,80.2308578491,68620,68629,9
13.026049614,80.2313232422,68629,68640,11
13.0265798569,80.231262207,68640,68650,10
13.0273199081,80.2310714722,68650,68660,10
13.0279598236,80.2309875488,68660,68670,10
13.0284004211,80.2309112549,68670,68720,50
13.0284004211,80.2309112549,68720,68730,10
13.028719902,80.2308578491,68730,68741,11
13.0289297104,80.2308502197,68741,68750,9
13.0291795731,80.2308197021,68750,68761,11
13.029419899,80.230796814,68761,68771,10
13.0299396515,80.230758667,68771,68801,30
13.0299396515,80.230758667,68801,68811,10
13.0305595398,80.2307434082,68811,68831,20
13.0305595398,80.2307434082,68831,68841,10
13.0306196213,80.230758667,68841,68851,10
13.0309295654,80.23072052,68851,68862,11
13.0314998627,80.2306900024,68862,68874,12
13.031920433,80.2306289673,68874,68882,8
13.0322504044,80.2306213379,68882,68894,12
13.0328502655,80.2305603027,68894,68902,8
13.033200264,80.2305297852,68902,68914,12
13.033659935,80.2305221558,68914,69055,141
13.033659935,80.2305221558,69055,69065,10
13.0338096619,80.2305374146,69065,69075,10
13.0339298248,80.2305297852,69075,69086,11
13.0341100693,80.2304916382,69086,69096,10
13.0343198776,80.2304382324,69096,69106,10
13.0345897675,80.2303771973,69106,69116,10
13.0348300934,80.2302780151,69116,69126,10
13.0348901749,80.2301101685,69126,69136,10
13.0346403122,80.2299728394,69136,70381,1245
13.0342798233,80.2299575806,70381,71210,829
13.0342798233,80.2299575806,71210,71220,10
13.0341796875,80.2303237915,71220,71250,30
13.0341796875,80.2303237915,71250,71260,10
13.0341300964,80.2304382324,71260,71280,20
13.0341300964,80.2304382324,71280,71291,11
13.0339403152,80.2304916382,71291,71301,10
13.0335998535,80.230506897,71301,71311,10
13.0331201553,80.2305831909,71311,71321,10
13.0323095322,80.2306594849,71321,71331,10
13.0309295654,80.2307891846,71331,71370,39
13.0309295654,80.2307891846,71370,71381,11
13.0307397842,80.2308197021,71381,71392,11
13.0304899216,80.2308273315,71392,71401,9
13.0297698975,80.2308883667,71401,71422,21
13.0297698975,80.2308883667,71422,71432,10
13.0294599533,80.2309265137,71432,71442,10
13.0289201736,80.2309570313,71442,71453,11
13.0280504227,80.231048584,71453,71462,9
13.0276498795,80.231086731,71462,71473,11
13.0276403427,80.2315979004,71473,71483,10
13.0277395248,80.2322387695,71483,71493,10
13.027759552,80.2328491211,71493,71553,60
13.027759552,80.2328491211,71553,71563,10
13.0277004242,80.2329025269,71563,71573,10
13.0274200439,80.2329406738,71573,71583,10
13.0271902084,80.2329864502,71583,71596,13
13.0267801285,80.2330627441,71596,71606,10
13.0264101028,80.2329864502,71606,71616,10
13.026260376,80.2325515747,71616,71626,10
13.0261497498,80.2322387695,71626,71636,10
13.0260295868,80.2317962646,71636,71646,10
13.0259504318,80.2314987183,71646,71656,10
13.0257196426,80.2307662964,71656,71666,10
13.0253000259,80.2300720215,71666,71676,10
13.0249500275,80.2296066284,71676,71686,10
13.0247497559,80.2293701172,71686,71717,31
13.0247497559,80.2293701172,71717,71727,10
13.0247001648,80.2292861938,71727,71737,10
13.024479866,80.2289962769,71737,71747,10
13.0241699219,80.2285690308,71747,71757,10
13.0237998962,80.2281112671,71757,71767,10
13.0233602524,80.2276763916,71767,71777,10
13.0230503082,80.2275238037,71777,71808,31
13.0230503082,80.2275238037,71808,71818,10
13.0227499008,80.2273025513,71818,71828,10
13.0225801468,80.2270736694,71828,71838,10
13.0223999023,80.2268066406,71838,71848,10
13.0219402313,80.2264099121,71848,71858,10
13.0214500427,80.226020813,71858,71868,10
13.0209903717,80.2256317139,71868,71878,10
13.0204496384,80.2252731323,71878,71888,10
13.0197696686,80.2248001099,71888,71898,10
13.0190496445,80.2245407104,71898,71908,10
13.0182304382,80.2247619629,71908,71919,11
13.0173397064,80.2251205444,71919,71929,10
13.0169095993,80.2253036499,71929,71939,10
13.0165901184,80.225440979,71939,71949,10
13.0163097382,80.2255477905,71949,71959,10
13.0158395767,80.2257080078,71959,71969,10
13.0153503418,80.2258911133,71969,71979,10
13.0146102905,80.2261810303,71979,71999,20
13.0146102905,80.2261810303,71999,72009,10
13.0144901276,80.2261962891,72009,72020,11
13.0139703751,80.2263717651,72020,72030,10
13.0130996704,80.2266998291,72030,72040,10
13.0122404099,80.2270431519,72040,72050,10
13.0114097595,80.2273712158,72050,72060,10
13.0106201172,80.2276916504,72060,72070,10
13.010020256,80.2279205322,72070,72080,10
13.0095701218,80.2279434204,72080,72090,10
13.0094900131,80.2276382446,72090,72100,10
13.0097103119,80.2271194458,72100,72109,9
13.0100097656,80.2264404297,72109,72121,12
13.0102996826,80.2257232666,72121,72131,10
13.0105600357,80.2250595093,72131,72141,10
13.0107698441,80.2245178223,72141,72151,10
13.0109500885,80.2240829468,72151,72161,10
13.011179924,80.2234420776,72161,72171,10
13.0109395981,80.2230987549,72171,72181,10
13.0103902817,80.2228164673,72181,72191,10
13.0103597641,80.2228088379,72191,72201,10
13.0100097656,80.2226104736,72201,72211,10
13.0093002319,80.2222213745,72211,72221,10
13.008480072,80.2217712402,72221,72232,11
13.0075702667,80.2212982178,72232,72242,10
13.0066604614,80.2208633423,72242,72252,10
13.0056295395,80.2205581665,72252,72262,10
13.0047998428,80.2203826904,72262,72272,10
13.0046100616,80.2203216553,72272,72282,10
13.0044298172,80.2202606201,72282,72290,8
13.0043497086,80.2202377319,72290,72302,12
13.003660202,80.2200927734,72302,72312,10
13.0030002594,80.2198867798,72312,72322,10
13.0023498535,80.2194976807,72322,72333,11
13.0019798279,80.2190933228,72333,72343,10
13.0015096664,80.2186584473,72343,72353,10
13.0010004044,80.2182769775,72353,72363,10
13.0003995895,80.217880249,72363,72373,10
12.9996900558,80.2174835205,72373,72383,10
12.9988603592,80.2170028687,72383,72393,10
12.998000145,80.2166595459,72393,72403,10
12.9974498749,80.2165985107,72403,72413,10
12.9974403381,80.2165985107,72413,72423,10
12.9972000122,80.216583252,72423,72433,10
12.9967098236,80.2166137695,72433,72443,10
12.9962100983,80.2166900635,72443,72453,10
12.9957103729,80.216796875,72453,72463,10
12.9953804016,80.2169189453,72463,72473,10
12.99518013,80.2170410156,72473,72484,11
12.9949998856,80.2171401978,72484,72494,10
12.9948797226,80.2172164917,72494,72504,10
12.9946498871,80.217376709,72504,72514,10
12.9944095612,80.2175598145,72514,72524,10
12.9939603806,80.2179107666,72524,72534,10
12.993229866,80.218421936,72534,72544,10
12.9924201965,80.2190093994,72544,72554,10
12.9917201996,80.219543457,72554,72564,10
12.991230011,80.219909668,72564,72574,10
12.9908399582,80.2201919556,72574,72584,10
12.99077034,80.2202377319,72584,72594,10
12.9905395508,80.220413208,72594,72604,10
12.9902601242,80.2206268311,72604,72614,10
12.9899702072,80.2208786011,72614,72634,20
12.9899702072,80.2208786011,72634,72647,13
12.9896402359,80.2212371826,72647,72727,80
12.9896402359,80.2212371826,72727,72737,10
12.9895000458,80.2212371826,72737,72748,11
12.9893198013,80.2215270996,72748,72768,20
12.9893198013,80.2215270996,72768,72778,10
12.9892597198,80.2216873169,72778,72788,10
12.9891195297,80.2218933105,72788,72836,48
12.9891195297,80.2218933105,72836,72848,12
12.9889497757,80.2220916748,72848,72899,51
12.9889497757,80.2220916748,72899,72909,10
12.9887695313,80.2222900391,72909,72919,10
12.9885902405,80.2224807739,72919,72929,10
12.9885101318,80.2225799561,72929,72939,10
12.9883804321,80.2227020264,72939,72960,21
12.9883003235,80.2227478027,72960,72978,18
12.9878396988,80.2231063843,72978,73044,66
12.987449646,80.2231521606,73044,73076,32
12.9872303009,80.2231216431,73076,73137,61
12.9872303009,80.2231216431,73137,73147,10
12.9870901108,80.2231216431,73147,73160,13
12.9868402481,80.2230682373,73160,73170,10
12.986700058,80.2230529785,73170,73180,10
12.9862804413,80.2230072021,73180,73190,10
12.9855804443,80.2231521606,73190,73200,10
12.9851398468,80.2233123779,73200,73210,10
12.9844799042,80.2229995728,73210,73220,10
12.9837703705,80.2225875854,73220,73240,20
12.9837703705,80.2225875854,73240,73250,10
12.9836902618,80.2225418091,73250,73271,21
12.9836902618,80.2225418091,73271,73281,10
12.9834003448,80.222328186,73281,73301,20
12.9834003448,80.222328186,73301,73311,10
12.98320961,80.2221908569,73311,73331,20
12.98320961,80.2221908569,73331,73341,10
12.9828596115,80.2220077515,73341,73361,20
12.9828596115,80.2220077515,73361,73370,9
12.9826202393,80.2219314575,73370,73382,12
12.9823503494,80.2218704224,73382,73392,10
12.9818296432,80.221572876,73392,73402,10
12.9811401367,80.2211380005,73402,73412,10
12.9805898666,80.2210998535,73412,73422,10
12.9799995422,80.2211608887,73422,73432,10
12.9793996811,80.2211990356,73432,73442,10
12.9788303375,80.2212219238,73442,73452,10
12.9781904221,80.2212524414,73452,73462,10
12.9775295258,80.221282959,73462,73472,10
12.9769601822,80.2212982178,73472,73483,11
12.9759597778,80.2213668823,73483,73503,20
12.9759597778,80.2213668823,73503,73513,10
12.9757404327,80.2211914063,73513,73604,91
12.9757404327,80.2211914063,73604,73614,10
12.9754199982,80.2209091187,73614,73624,10
12.9749698639,80.2206573486,73624,73634,10
12.9741601944,80.2203063965,73634,73644,10
12.9731903076,80.2199172974,73644,73654,10
12.9721403122,80.2195281982,73654,73664,10
12.9714002609,80.2192993164,73664,73674,10
12.9710998535,80.2192382813,73674,73684,10
12.9710998535,80.2192306519,73684,73694,10
12.9708595276,80.2191390991,73694,73705,11
12.9702396393,80.218788147,73705,73715,10
12.9694900513,80.21849823,73715,73725,10
12.9687404633,80.2182235718,73725,73735,10
12.9679498672,80.2179336548,73735,73745,10
12.9671697617,80.217590332,73745,73755,10
12.9663095474,80.2172393799,73755,73765,10
12.9641704559,80.2164001465,73765,73774,9
12.9641704559,80.2164001465,73774,73786,12
12.9632396698,80.2159881592,73786,73796,10
12.9630203247,80.2158966064,73796,73841,45
12.9593200684,80.2144165039,73841,73851,10
12.9581003189,80.2139129639,73851,73861,10
12.9570999146,80.213508606,73861,73871,10
12.9561395645,80.2131118774,73871,73881,10
12.954990387,80.2126922607,73881,73891,10
12.9540596008,80.2123184204,73891,73902,11
12.9537296295,80.2122268677,73902,73912,10
12.9536600113,80.2121887207,73912,73922,10
12.953209877,80.2119827271,73922,73932,10
12.952460289,80.2116928101,73932,73942,10
12.9514904022,80.2113418579,73942,73952,10
12.9508399963,80.2111282349,73952,73962,10
12.950050354,80.2108383179,73962,73972,10
12.9490404129,80.2104492188,73972,73982,10
12.9485397339,80.2102508545,73982,73992,10
12.9485301971,80.2102508545,73992,74001,9
12.9484395981,80.2102279663,74001,74013,12
12.9483699799,80.2101821899,74013,74023,10
12.9481601715,80.2101135254,74023,74033,10
12.9476699829,80.2099533081,74033,74043,10
12.946849823,80.2096099854,74043,74053,10
12.9460496902,80.2092590332,74053,74063,10
12.9452600479,80.2088623047,74063,74073,10
12.9445199966,80.2085494995,74073,74083,10
12.9440498352,80.2083816528,74083,74093,10
12.944029808,80.208366394,74093,74102,9
12.9437503815,80.2082366943,74102,74114,12
12.9429998398,80.2078399658,74114,74124,10
12.9425601959,80.2072601318,74124,74134,10
12.9420204163,80.2067565918,74134,74144,10
12.9414196014,80.2063064575,74144,74154,10
12.9409799576,80.2060699463,74154,74174,20
12.9409799576,80.2060699463,74174,74184,10
12.9407701492,80.2059783936,74184,74194,10
12.9402799606,80.2058105469,74194,74204,10
12.939789772,80.205657959,74204,74214,10
12.9392595291,80.2054901123,74214,74224,10
12.9386301041,80.2052993774,74224,74234,10
12.9380197525,80.205116272,74234,74244,10
12.9373703003,80.2049407959,74244,74254,10
12.936750412,80.2047576904,74254,74264,10
12.935959816,80.204536438,74264,74275,11
12.9352703094,80.2042694092,74275,74285,10
12.9346504211,80.2040710449,74285,74295,10
12.9337997437,80.2040176392,74295,74315,20
12.9337997437,80.2040176392,74315,74325,10
12.9337301254,80.2039871216,74325,74335,10
12.9332895279,80.203918457,74335,74345,10
12.9326896667,80.2036819458,74345,74355,10
12.9319000244,80.2034072876,74355,74365,10
12.931019783,80.2031173706,74365,74375,10
12.9305295944,80.2029876709,74375,74385,10
12.9298601151,80.2028884888,74385,74395,10
12.9293899536,80.2028503418,74395,74405,10
12.9293699265,80.2028427124,74405,74415,10
12.9292697906,80.2028198242,74415,74428,13
12.9286203384,80.2026977539,74428,74438,10
12.928440094,80.2021865845,74438,74448,10
12.9284095764,80.2019195557,74448,74458,10
12.9284095764,80.2015609741,74458,74468,10
12.9283800125,80.2007064819,74468,74478,10
12.9282598495,80.1997833252,74478,74488,10
12.9278497696,80.1988601685,74488,74498,10
12.9272098541,80.1980667114,74498,74508,10
12.9263401031,80.1976776123,74508,74518,10
12.9261798859,80.1976470947,74518,74529,11
12.9261102676,80.1976394653,74529,74539,10
12.9256296158,80.1976013184,74539,74549,10
12.925359726,80.1976013184,74549,74559,10
12.9249200821,80.1975784302,74559,74569,10
12.9241600037,80.1975784302,74569,74579,10
12.9232797623,80.1975402832,74579,74589,10
12.9219799042,80.1973495483,74589,74609,20
12.9219799042,80.1973495483,74609,74619,10
12.9218196869,80.197303772,74619,74629,10
12.9212503433,80.1970977783,74629,74640,11
12.9205198288,80.1968307495,74640,74650,10
12.9197397232,80.1965637207,74650,74660,10
12.9190196991,80.1961517334,74660,74670,10
12.9185199738,80.1957092285,74670,74680,10
12.9182300568,80.1954421997,74680,74690,10
12.9177703857,80.1950073242,74690,74700,10
12.9170799255,80.1942901611,74700,74730,30
12.9170799255,80.1942901611,74730,74741,11
12.9169797897,80.1940307617,74741,74751,10
12.9169502258,80.1935806274,74751,74761,10
12.9169597626,80.1931610107,74761,74771,10
12.9169998169,80.1927566528,74771,74781,10
12.9169998169,80.1926574707,74781,74791,10
12.9169902802,80.1925888062,74791,74801,10
12.9168796539,80.1924133301,74801,74810,9
12.9165802002,80.1924133301,74810,74842,32
12.9165802002,80.1924133301,74842,74852,10
12.9165401459,80.1923828125,74852,74862,10
12.9161996841,80.1923522949,74862,74872,10
12.9155197144,80.1923217773,74872,74882,10
12.914560318,80.192237854,74882,74892,10
12.9136600494,80.1921386719,74892,74902,10
12.9128398895,80.1920471191,74902,74912,10
12.9119997025,80.1919631958,74912,74922,10
12.9111795425,80.1918563843,74922,74932,10
12.9104604721,80.1917572021,74932,74942,10
12.9097995758,80.191619873,74942,74953,11
12.9095401764,80.1914291382,74953,74963,10
12.909529686,80.1914291382,74963,74973,10
12.9094200134,80.1913070679,74973,74983,10
12.9089403152,80.1909408569,74983,74993,10
12.908200264,80.1903915405,74993,75003,10
12.9074802399,80.1898422241,75003,75013,10
12.9069299698,80.1894073486,75013,75023,10
12.9064598083,80.1890563965,75023,75033,10
12.9060897827,80.1888275146,75033,75042,9
12.9060697556,80.1888198853,75042,75054,12
12.9058799744,80.1886901855,75054,75064,10
12.9053001404,80.1883087158,75064,75074,10
12.9045600891,80.1878433228,75074,75084,10
12.9039297104,80.1873092651,75084,75094,10
12.9039201736,80.1864929199,75094,75104,10
12.9039697647,80.1854629517,75104,75114,10
12.9038896561,80.1847305298,75114,75124,10
12.9032697678,80.1845397949,75124,75134,10
12.9024600983,80.1843109131,75134,75144,10
12.9016599655,80.18409729,75144,75155,11
12.9009199142,80.1838684082,75155,75165,10
12.9001102448,80.1834869385,75165,75175,10
12.899189949,80.1830291748,75175,75185,10
12.8982400894,80.1825408936,75185,75195,10
12.8976602554,80.1822433472,75195,75205,10
12.8972997665,80.1820678711,75205,75245,40
12.8972997665,80.1820678711,75245,75255,10
12.8972597122,80.1820602417,75255,75265,10
12.8968696594,80.1818389893,75265,75275,10
12.8961696625,80.1814880371,75275,75286,11
12.8952598572,80.1810302734,75286,75296,10
12.8944301605,80.1806030273,75296,75306,10
12.8933401108,80.1800765991,75306,75345,39
12.8933401108,80.1800765991,75345,75356,11
12.8932695389,80.1800079346,75356,75368,12
12.8929395676,80.1794433594,75368,75378,10
12.8925504684,80.1787033081,75378,75386,8
12.89220047,80.1780319214,75386,75398,12
12.8916196823,80.1770095825,75398,75406,8
12.8914003372,80.176612854,75406,75428,22
12.8914003372,80.176612854,75428,75438,10
12.8912401199,80.1763534546,75438,75448,10
12.8909797668,80.1758575439,75448,75458,10
12.8906602859,80.1752090454,75458,75469,11
12.8901996613,80.1745681763,75469,75479,10
12.8898897171,80.1744537354,75479,75489,10
12.8896198273,80.1743392944,75489,75499,10
12.8893699646,80.1742019653,75499,75509,10
12.8888301849,80.1739425659,75509,75519,10
12.8880596161,80.1735305786,75519,75529,10
12.8873195648,80.1731491089,75529,75539,10
12.8865299225,80.1727523804,75539,75549,10
12.8856201172,80.1722793579,75549,75559,10
12.8847103119,80.1717987061,75559,75570,11
12.8837604523,80.1713180542,75570,75580,10
12.8823699951,80.1706619263,75580,75600,20
12.8823699951,80.1706619263,75600,75610,10
12.8821697235,80.1708679199,75610,75620,10
12.8816204071,80.1709976196,75620,75630,10
12.8813695908,80.1709136963,75630,75640,10
12.880900383,80.1707229614,75640,75650,10
12.8802604675,80.1704788208,75650,75660,10
12.879989624,80.1703414917,75660,75670,10
12.8799200058,80.1702880859,75670,75681,11
12.8794403076,80.1700363159,75681,75691,10
12.8786802292,80.1700515747,75691,75701,10
12.8777103424,80.170249939,75701,75711,10
12.8766403198,80.1706085205,75711,75719,8
12.8760595322,80.1707992554,75719,75731,12
12.8759098053,80.1708526611,75731,75741,10
12.8755998611,80.1709976196,75741,75750,9
12.8750400543,80.1714019775,75750,75773,23
12.8725996017,80.1730194092,75773,75781,8
12.8716001511,80.1736907959,75781,75794,13
12.87018013,80.1746292114,75794,75804,10
12.8689498901,80.1754684448,75804,75814,10
12.8680801392,80.1760025024,75814,75824,10
12.8674097061,80.1759567261,75824,75834,10
12.866689682,80.1758804321,75834,75844,10
12.8660497665,80.1758117676,75844,75854,10
12.8653697968,80.1757507324,75854,75864,10
12.8652000427,80.1757202148,75864,75874,10
12.8650999069,80.1757202148,75874,75885,11
12.864689827,80.1754989624,75885,75895,10
12.8639001846,80.1750411987,75895,75905,10
12.8629703522,80.1744613647,75905,75915,10
12.8621301651,80.1740112305,75915,75925,10
12.8613100052,80.1736373901,75925,75935,10
12.8604001999,80.1732711792,75935,75945,10
12.8597602844,80.1729888916,75945,75955,10
12.8596401215,80.1729431152,75955,75965,10
12.8592596054,80.1727600098,75965,75975,10
12.858499527,80.1725692749,75975,75985,10
12.8576602936,80.172416687,75985,75995,10
12.8573904037,80.1723709106,75995,76005,10
12.8563699722,80.1721801758,76005,76035,30
12.8563699722,80.1721801758,76035,76045,10
12.8562297821,80.1721191406,76045,76055,10
12.8559799194,80.1720428467,76055,76066,11
12.8551902771,80.1718063354,76066,76077,11
12.8542299271,80.1715393066,76077,76086,9
12.8531904221,80.1712875366,76086,76096,10
12.8518800735,80.1711273193,76096,76106,10
12.8504104614,80.1708679199,76106,76116,10
12.8490200043,80.1706390381,76116,76126,10
12.8476495743,80.1704101563,76126,76136,10
12.8465003967,80.1702575684,76136,76146,10
12.8452796936,80.1701965332,76146,76156,10
12.8440799713,80.1701583862,76156,76166,10
12.8426799774,80.1699829102,76166,76176,10
12.8413801193,80.1699981689,76176,76186,10
12.8400497437,80.1699676514,76186,76197,11
12.8389902115,80.169921875,76197,76209,12
12.838470459,80.1697692871,76209,76219,10
12.8381299973,80.1694869995,76219,76224,5
12.8380098343,80.1693725586,76224,76239,15
12.8373403549,80.1692276001,76239,76249,10
12.8370599747,80.1689605713,76249,76259,10
12.836810112,80.168838501,76259,76269,10
12.8363800049,80.1687011719,76269,76279,10
12.8361196518,80.1686096191,76279,76289,10
12.8359003067,80.1683120728,76289,76300,11
12.8356304169,80.1678390503,76300,76310,10
12.8352003098,80.16771698,76310,76320,10
12.8345003128,80.1673278809,76320,76330,10
12.833820343,80.1669387817,76330,76340,10
12.8334798813,80.1667709351,76340,76350,10
12.8333501816,80.1666870117,76350,76360,10
12.8328895569,80.1664123535,76360,76370,10
12.8320999146,80.1660614014,76370,76380,10
12.8312301636,80.1657409668,76380,76389,9
12.8305597305,80.1655807495,76389,76401,12
12.8296804428,80.1654281616,76401,76411,10
12.8288602829,80.1653213501,76411,76421,10
12.8281297684,80.165222168,76421,76431,10
12.8275499344,80.1651611328,76431,76441,10
12.8275098801,80.1651611328,76441,76451,10
12.8274898529,80.1651611328,76451,76461,10
12.827340126,80.1650695801,76461,76471,10
12.8270998001,80.1649093628,76471,76481,10
12.8266801834,80.164642334,76481,76491,10
12.8259801865,80.1641921997,76491,76501,10
12.8252096176,80.1637802124,76501,76512,11
12.8244895935,80.1633834839,76512,76522,10
12.8236904144,80.1628189087,76522,76532,10
12.8225698471,80.1623077393,76532,76542,10
12.8212604523,80.1617965698,76542,76552,10
12.8201599121,80.1613388062,76552,76562,10
12.8191900253,80.1609191895,76562,76572,10
12.8185796738,80.1606216431,76572,76582,10
12.8181495667,80.1604614258,76582,76592,10
12.8179197311,80.1603775024,76592,76601,9
12.8175802231,80.1603088379,76601,76613,12
12.8170003891,80.16015625,76613,76623,10
12.8164100647,80.1600189209,76623,76633,10
12.8156604767,80.1598815918,76633,76643,10
12.8149700165,80.1597366333,76643,76653,10
12.8143100739,80.1596221924,76653,76663,10
12.8135900497,80.1595535278,76663,76673,10
12.8128499985,80.1594390869,76673,76683,10
12.8121404648,80.1593322754,76683,76693,10
12.8115301132,80.1594390869,76693,76703,10
12.8110704422,80.1595687866,76703,76774,71
12.8110704422,80.1595687866,76774,76784,10
12.8110399246,80.1595993042,76784,76794,10
12.8107004166,80.1596984863,76794,76804,10
12.8102302551,80.1597213745,76804,76815,11
12.8100004196,80.159576416,76815,76845,30
12.8100004196,80.159576416,76845,76855,10
12.810210228,80.1596832275,76855,76915,60
12.810210228,80.1596832275,76915,76926,11
12.8104000092,80.1596908569,76926,76936,10
12.8107404709,80.1596603394,76936,76946,10
12.811050415,80.1595687866,76946,76956,10
12.8114595413,80.1594467163,76956,76966,10
12.8119297028,80.1593322754,76966,76976,10
12.8125095367,80.1593475342,76976,76987,11
12.8131198883,80.1594696045,76987,76996,9
12.8136997223,80.159538269,76996,77006,10
12.8142995834,80.1595993042,77006,77016,10
12.8149499893,80.1597290039,77016,77026,10
12.8156204224,80.1598587036,77026,77036,10
12.8162603378,80.1600036621,77036,77046,10
12.8168096542,80.1601104736,77046,77056,10
12.8173103333,80.1602325439,77056,77066,10
12.8176898956,80.1603393555,77066,77077,11
12.8181200027,80.1604232788,77077,77087,10
12.8183202744,80.1604919434,77087,77097,10
12.8188896179,80.1607513428,77097,77107,10
12.8197498322,80.1611480713,77107,77117,10
12.8205900192,80.1615066528,77117,77127,10
12.8214597702,80.1618804932,77127,77137,10
12.8224401474,80.1622619629,77137,77147,10
12.8234596252,80.1627120972,77147,77157,10
12.8243598938,80.1632919312,77157,77167,10
12.8251895905,80.1637573242,77167,77177,10
12.8258600235,80.164100647,77177,77187,10
12.8263702393,80.1643981934,77187,77197,10
12.826789856,80.1646499634,77197,77207,10
12.8269796371,80.1647491455,77207,77217,10
12.8271598816,80.1649093628,77217,77227,10
12.8274402618,80.1650619507,77227,77240,13
12.8275203705,80.1651000977,77240,77250,10
12.8277301788,80.1651306152,77250,77260,10
12.82791996,80.1651535034,77260,77270,10
12.8284797668,80.165222168,77270,77280,10
12.8293399811,80.1653213501,77280,77290,10
12.8303203583,80.1654815674,77290,77300,10
12.8309602737,80.1656188965,77300,77310,10
12.8318195343,80.1658782959,77310,77320,10
12.83273983,80.1662902832,77320,77330,10
12.8335800171,80.1667709351,77330,77341,11
12.8345298767,80.1672821045,77341,77351,10
12.8353099823,80.167678833,77351,77361,10
12.8357000351,80.1677932739,77361,77371,10
12.8359203339,80.1681594849,77371,77381,10
12.8360204697,80.1684875488,77381,77391,10
12.8362798691,80.1686019897,77391,77401,10
12.8366203308,80.1687164307,77401,77411,10
12.8369703293,80.1688079834,77411,77421,10
12.8371601105,80.1690292358,77421,77431,10
12.8374996185,80.1692504883,77431,77442,11
12.8381004333,80.1693572998,77442,77452,10
12.8383398056,80.1696014404,77452,77462,10
12.8390798569,80.1698913574,77462,77472,10
12.8398895264,80.1699523926,77472,77482,10
12.8407297134,80.1699371338,77482,77492,10
12.8416700363,80.1699523926,77492,77502,10
12.8429803848,80.1699523926,77502,77512,10
12.8441896439,80.1701202393,77512,77522,10
12.845290184,80.1701507568,77522,77532,10
12.8464698792,80.170211792,77532,77541,9
12.8475599289,80.1703186035,77541,77553,12
12.8491201401,80.1705932617,77553,77563,10
12.8501796722,80.1707687378,77563,77573,10
12.8510198593,80.1708984375,77573,77583,10
12.8521203995,80.1710891724,77583,77593,10
12.8532800674,80.1712417603,77593,77603,10
12.8544397354,80.1715316772,77603,77613,10
12.8554000854,80.1718063354,77613,77623,10
12.8561296463,80.1720199585,77623,77633,10
12.8562898636,80.1720581055,77633,77643,10
12.8563604355,80.1720809937,77643,77654,11
12.8565702438,80.1721420288,77654,77664,10
12.8570995331,80.1722412109,77664,77674,10
12.8576002121,80.1723175049,77674,77684,10
12.8580503464,80.1723937988,77684,77694,10
12.8588104248,80.1725387573,77694,77704,10
12.8596200943,80.1728363037,77704,77714,10
12.86054039,80.1732330322,77714,77724,10
12.8616104126,80.1737136841,77724,77734,10
12.8626804352,80.1741867065,77734,77744,10
12.8636798859,80.1748123169,77744,77755,11
12.8648004532,80.175491333,77755,77765,10
12.8655996323,80.1757125854,77765,77775,10
12.8664102554,80.1757888794,77775,77785,10
12.8668498993,80.1758270264,77785,77795,10
12.8677101135,80.1759033203,77795,77805,10
12.8684101105,80.1757583618,77805,77815,10
12.8691196442,80.1752700806,77815,77825,10
12.8699502945,80.174697876,77825,77835,10
12.8706703186,80.1742019653,77835,77845,10
12.8714599609,80.1736984253,77845,77856,11
12.8724899292,80.1729888916,77856,77866,10
12.873339653,80.1724395752,77866,77876,10
12.8741102219,80.1719436646,77876,77886,10
12.8750495911,80.1713180542,77886,77896,10
12.8760099411,80.1707611084,77896,77904,8
12.8819904327,80.1709823608,77904,77969,65
12.8819904327,80.1709823608,77969,77989,20
12.8831100464,80.1708984375,77989,78000,11
12.8841199875,80.1714172363,78000,78010,10
12.8849000931,80.1718215942,78010,78020,10
12.8855495453,80.1721572876,78020,78030,10
12.8861303329,80.1724700928,78030,78039,9
12.8868303299,80.1728286743,78039,78050,11
12.8878002167,80.1733322144,78050,78061,11
12.8888101578,80.1738433838,78061,78069,8
12.8893404007,80.1741333008,78069,78082,13
12.8896102905,80.1742477417,78082,78092,10
12.8898496628,80.1743392944,78092,78102,10
12.8901500702,80.1744918823,78102,78110,8
12.8903999329,80.1746520996,78110,78122,12
12.8908500671,80.1754302979,78122,78132,10
12.8913002014,80.1762619019,78132,78141,9
12.8916501999,80.176940918,78141,78153,12
12.8921003342,80.1777572632,78153,78163,10
12.8925695419,80.1785812378,78163,78174,11
12.8930397034,80.1794433594,78174,78184,10
12.8936300278,80.1801071167,78184,78194,10
12.8944501877,80.1804962158,78194,78204,10
12.895190239,80.1808624268,78204,78214,10
12.8960599899,80.1812896729,78214,78224,10
12.8969297409,80.1817016602,78224,78234,10
12.8976402283,80.1820831299,78234,78244,10
12.8983697891,80.1824569702,78244,78254,10
12.8993902206,80.1829605103,78254,78264,10
12.9003400803,80.1834335327,78264,78275,11
12.9011802673,80.1837997437,78275,78285,10
12.9020004272,80.1840362549,78285,78295,10
12.9027700424,80.1842727661,78295,78305,10
12.903550148,80.1845016479,78305,78315,10
12.9040899277,80.1848220825,78315,78325,10
12.9040803909,80.1855392456,78325,78335,10
12.9040699005,80.186416626,78335,78345,10
12.9041004181,80.1873626709,78345,78355,10
12.9047803879,80.1878585815,78355,78365,10
12.9055299759,80.1883163452,78365,78376,11
12.9065198898,80.188949585,78376,78386,10
12.907409668,80.1895980835,78386,78396,10
12.9083404541,80.190322876,78396,78406,10
12.9091997147,80.1909713745,78406,78416,10
12.9097900391,80.1914291382,78416,78426,10
12.9104604721,80.1916275024,78426,78436,10
12.9111499786,80.1917266846,78436,78446,10
12.9117698669,80.1918106079,78446,78456,10
12.9123401642,80.1918792725,78456,78466,10
12.9129400253,80.1919631958,78466,78476,10
12.913769722,80.1920623779,78476,78487,11
12.9148197174,80.1921615601,78487,78497,10
12.9157400131,80.1922302246,78497,78507,10
12.916560173,80.1922912598,78507,78517,10
12.9170799255,80.192237854,78517,78527,10
12.9171600342,80.1920166016,78527,78537,10
12.9172201157,80.1917419434,78537,78547,10
12.9173002243,80.1913604736,78547,78557,10
12.9173297882,80.1909103394,78557,78567,10
12.9173297882,80.1905212402,78567,78628,61
12.9173297882,80.1905212402,78628,78638,10
12.9174499512,80.1906280518,78638,78648,10
12.9174003601,80.1911010742,78648,78658,10
12.9173297882,80.1918334961,78658,78668,10
12.9172697067,80.1923675537,78668,78678,10
12.9171495438,80.1930084229,78678,78689,11
12.917140007,80.1934280396,78689,78699,10
12.9171495438,80.1936264038,78699,78709,10
12.9171600342,80.193862915,78709,78719,10
12.9173202515,80.1943588257,78719,78729,10
12.917719841,80.1947784424,78729,78739,10
12.9182100296,80.1952285767,78739,78749,10
12.9188098907,80.1957778931,78749,78759,10
12.9194698334,80.1962890625,78759,78769,10
12.9202299118,80.1965866089,78769,78779,10
12.9208803177,80.1968078613,78779,78789,10
12.9214696884,80.1970062256,78789,78799,10
12.9222602844,80.1972503662,78799,78809,10
12.9230604172,80.1973724365,78809,78819,10
12.9238395691,80.1974563599,78819,78829,10
12.9245796204,80.1974487305,78829,78839,10
12.925160408,80.1974411011,78839,78850,11
12.9253196716,80.1974411011,78850,78860,10
12.9258804321,80.1974487305,78860,78870,10
12.9266300201,80.1976089478,78870,78880,10
12.9272899628,80.1979675293,78880,78890,10
12.9278097153,80.1985168457,78890,78900,10
12.9281702042,80.1992416382,78900,78910,10
12.9284200668,80.2000427246,78910,78920,10
12.9284896851,80.200881958,78920,78930,10
12.9285202026,80.2016677856,78930,78940,10
12.9285697937,80.2024002075,78940,78950,10
12.9290800095,80.2026901245,78950,78960,10
12.9297304153,80.2027893066,78960,78970,10
12.9302997589,80.2028503418,78970,78980,10
12.9308795929,80.2029724121,78980,78990,10
12.931520462,80.2031707764,78990,79003,13
12.9325799942,80.2035064697,79003,79013,10
12.9331798553,80.2037277222,79013,79023,10
12.9338998795,80.2038803101,79023,79033,10
12.9342603683,80.2038803101,79033,79043,10
12.9347496033,80.2039489746,79043,79053,10
12.9355697632,80.2042617798,79053,79063,10
12.9361495972,80.2044525146,79063,79073,10
12.9368896484,80.2046737671,79073,79083,10
12.9377698898,80.2049179077,79083,79093,10
12.9388999939,80.2052612305,79093,79104,11
12.9400501251,80.2056121826,79104,79114,10
12.9407997131,80.2058410645,79114,79124,10
12.9415102005,80.206199646,79124,79134,10
12.9422702789,80.2067871094,79134,79144,10
12.9427499771,80.2072677612,79144,79154,10
12.94328022,80.2079162598,79154,79164,10
12.9440498352,80.2082519531,79164,79174,10
12.9449396133,80.2086029053,79174,79184,10
12.9460096359,80.2089920044,79184,79194,10
12.9471101761,80.2094116211,79194,79205,11
12.948220253,80.2098236084,79205,79215,10
12.9492902756,80.2102584839,79215,79225,10
12.9503097534,80.2106781006,79225,79235,10
12.9513101578,80.2110824585,79235,79245,10
12.952170372,80.2114181519,79245,79255,10
12.9530897141,80.2117919922,79255,79265,10
12.9540901184,80.2121887207,79265,79275,10
12.9550895691,80.212600708,79275,79285,10
12.9559803009,80.2129516602,79285,79295,10
12.9569396973,80.2133026123,79295,79306,11
12.9581804276,80.2138137817,79306,79316,10
12.959280014,80.2142410278,79316,79326,10
12.9603700638,80.2146911621,79326,79336,10
12.9615802765,80.215171814,79336,79346,10
12.9627504349,80.2156295776,79346,79356,10
12.9634399414,80.2158966064,79356,79366,10
12.9639501572,80.2160720825,79366,79376,10
12.9641399384,80.2161483765,79376,79386,10
12.9647397995,80.2164535522,79386,79395,9
12.9655895233,80.216796875,79395,79406,11
12.9666996002,80.2172317505,79406,79417,11
12.9676799774,80.217628479,79417,79427,10
12.96833992,80.2179031372,79427,79437,10
12.969329834,80.2182769775,79437,79447,10
12.9703998566,80.2186965942,79447,79457,10
12.9714698792,80.2191619873,79457,79467,10
12.9727296829,80.2196273804,79467,79477,10
12.973859787,80.2200622559,79477,79487,10
12.9749498367,80.2204971313,79487,79518,31
12.9750204086,80.2204971313,79518,79538,20
12.9750204086,80.2204971313,79538,79548,10
12.975060463,80.220489502,79548,79558,10
12.9753704071,80.2205505371,79558,79568,10
12.9757499695,80.2202377319,79568,79578,10
12.9762401581,80.2200317383,79578,79588,10
12.9770898819,80.2196731567,79588,79598,10
12.9779596329,80.219291687,79598,79608,10
12.9785299301,80.2190628052,79608,79619,11
12.9792604446,80.218788147,79619,79629,10
12.9799804688,80.21849823,79629,79639,10
12.9807500839,80.2182235718,79639,79649,10
12.9815502167,80.2179489136,79649,79659,10
12.9824199677,80.2178726196,79659,79669,10
12.9833402634,80.2178726196,79669,79679,10
12.9841604233,80.2178421021,79679,79689,10
12.9849004745,80.2178421021,79689,79699,10
12.9859695435,80.2179412842,79699,79709,10
12.9870500565,80.2181930542,79709,79719,10
12.9877796173,80.2183532715,79719,79730,11
12.9886302948,80.218536377,79730,79740,10
12.9894895554,80.2188262939,79740,79750,10
12.99036026,80.2191162109,79750,79760,10
12.9911804199,80.219367981,79760,79770,10
12.9915599823,80.2194519043,79770,79780,10
12.9918899536,80.2192611694,79780,79790,10
12.992389679,80.2189102173,79790,79800,10
12.9928798676,80.2185821533,79800,79810,10
12.9930496216,80.2183990479,79810,79820,10
12.9934196472,80.2181396484,79820,79830,10
12.9938802719,80.2178115845,79830,79840,10
12.9942703247,80.2174987793,79840,79850,10
12.9947099686,80.2172012329,79850,79861,11
12.9950799942,80.2169570923,79861,79871,10
12.9957199097,80.2166824341,79871,79881,10
12.9963798523,80.2165527344,79881,79891,10
12.9968900681,80.2164764404,79891,79903,12
12.9972000122,80.216468811,79903,79913,10
12.9973402023,80.2164764404,79913,79923,10
12.9975404739,80.2164916992,79923,79934,11
12.9976797104,80.2164993286,79934,79944,10
12.9982595444,80.2166290283,79944,79954,10
12.9989795685,80.2169494629,79954,79964,10
12.9997501373,80.2173995972,79964,79974,10
13.0005397797,80.2178878784,79974,79984,10
13.00137043,80.2184066772,79984,79992,8
13.0019798279,80.2189712524,79992,80001,9
13.0026702881,80.2196273804,80001,80014,13
13.0037899017,80.2200393677,80014,80024,10
13.0046300888,80.2201919556,80024,80035,11
13.00481987,80.2202377319,80035,80045,10
13.0054302216,80.2203903198,80045,80055,10
13.0062799454,80.2205810547,80055,80065,10
13.0072603226,80.2210006714,80065,80075,10
13.0083398819,80.2215805054,80075,80085,10
13.0094003677,80.2221603394,80085,80095,10
13.0104198456,80.2227020264,80095,80105,10
13.0113296509,80.22315979,80105,80124,19
13.0113296509,80.22315979,80124,80136,12
13.0114603043,80.2232437134,80136,80146,10
13.0116796494,80.2234268188,80146,80156,10
13.012169838,80.2236709595,80156,80166,10
13.0128002167,80.2239990234,80166,80176,10
13.0134897232,80.2243728638,80176,80186,10
13.0141897202,80.2247314453,80186,80196,10
13.0151596069,80.2252578735,80196,80216,20
13.0151596069,80.2252578735,80216,80226,10
13.0152797699,80.2253036499,80226,80236,10
13.0153999329,80.2253799438,80236,80247,11
13.0153799057,80.2256698608,80247,80257,10
13.0150403976,80.2259063721,80257,80297,40
13.0150403976,80.2259063721,80297,80307,10
13.0149097443,80.2260284424,80307,80317,10
13.0146198273,80.2261276245,80317,80327,10
13.0143098831,80.2262191772,80327,80337,10
13.0142002106,80.2257003784,80337,80469,132
13.0142002106,80.2257003784,80469,80479,10
13.0142002106,80.2255325317,80479,80489,10
