12.988120079,80.2237167358,15,490,475
12.988120079,80.2238006592,490,701,211
12.988120079,80.2238006592,701,711,10
12.9881401062,80.2236862183,711,1589,878
12.9881801605,80.2238388062,1589,3041,1452
12.9881296158,80.2236633301,3041,3425,384
12.9881296158,80.2236633301,3425,3435,10
12.9880599976,80.2235870361,3435,3667,232
12.988120079,80.2236328125,3667,8064,4397
12.9882898331,80.2237472534,8064,8256,192
12.9882898331,80.2237472534,8256,8266,10
12.9882001877,80.2236099243,8266,17687,9421
12.9881601334,80.2236099243,17687,18060,373
12.9882097244,80.2236633301,18060,18817,757
12.988240242,80.2237472534,18817,18968,151
12.9882097244,80.2236785889,18968,19341,373
12.9884195328,80.2236022949,19341,19684,343
12.9882097244,80.2236785889,19684,20531,847
12.9881401062,80.2237091064,20531,20925,394
12.9881601334,80.223777771,20925,22297,1372
12.9882698059,80.2235488892,22297,22337,40
12.9882698059,80.2235488892,22337,22347,10
12.9883003235,80.2236022949,22347,22761,414
12.9883003235,80.2236022949,22761,22771,10
12.9884996414,80.2234115601,22771,22791,20
12.9884996414,80.2234115601,22791,22801,10
12.9888296127,80.2233200073,22801,22811,10
12.989279747,80.223487854,22811,22821,10
12.9894800186,80.2239685059,22821,22831,10
12.9895000458,80.2244720459,22831,22841,10
12.9897298813,80.2251281738,22841,22851,10
12.9900903702,80.2257232666,22851,22861,10
12.9900398254,80.2263717651,22861,22871,10
12.9901103973,80.2268981934,22871,22883,12
12.9902296066,80.2276763916,22883,22893,10
12.9904003143,80.2283935547,22893,22903,10
12.9905796051,80.2289962769,22903,22913,10
12.9907598495,80.2296218872,22913,22923,10
12.9908800125,80.2303466797,22923,22933,10
12.9909095764,80.2309875488,22933,22943,10
12.9909696579,80.2315826416,22943,22953,10
12.9910001755,80.2318115234,22953,22963,10
12.9910402298,80.2323303223,22963,22973,10
12.9912595749,80.233039856,22973,22983,10
12.991519928,80.233543396,22983,22994,11
12.9918203354,80.2337112427,22994,23004,10
12.9920196533,80.2337417603,23004,23014,10
12.992480278,80.2338027954,23014,23024,10
12.9930896759,80.2339630127,23024,23034,10
12.9935102463,80.2341995239,23034,23044,10
12.9938602448,80.2344436646,23044,23054,10
12.994020462,80.2345428467,23054,23064,10
12.994509697,80.2348403931,23064,23074,10
12.9951601028,80.2352218628,23074,23084,10
12.9956598282,80.2356109619,23084,23094,10
12.9959697723,80.2359085083,23094,23104,10
12.9962596893,80.2363510132,23104,23115,11
12.9966602325,80.2371063232,23115,23125,10
12.9969997406,80.2376785278,23125,23135,10
12.9973602295,80.2382507324,23135,23145,10
12.9977798462,80.2387924194,23145,23155,10
12.998290062,80.2390823364,23155,23165,10
12.9990196228,80.2393035889,23165,23175,10
12.9996404648,80.239440918,23175,23185,10
13.0004501343,80.2395401001,23185,23195,10
13.0011196136,80.2396469116,23195,23205,10
13.0017204285,80.2398071289,23205,23215,10
13.0023803711,80.2400283813,23215,23225,10
13.0029296875,80.240196228,23225,23236,11
13.0035800934,80.2406234741,23236,23246,10
13.0038795471,80.2413787842,23246,23256,10
13.0043697357,80.2418670654,23256,23266,10
13.0051202774,80.2418365479,23266,23276,10
13.0057201385,80.2418365479,23276,23286,10
13.005979538,80.2422027588,23286,23296,10
13.0057001114,80.2423324585,23296,23347,51
13.0057001114,80.2423324585,23347,23357,10
13.0055198669,80.2421112061,23357,23367,10
13.0051202774,80.2418289185,23367,23377,10
13.0043897629,80.241859436,23377,23387,10
13.0038995743,80.2414016724,23387,23397,10
13.0035800934,80.2406311035,23397,23407,10
13.0029296875,80.2402267456,23407,23417,10
13.0025196075,80.2400894165,23417,23427,10
13.0022697449,80.2399902344,23427,23437,10
13.0016698837,80.2397766113,23437,23447,10
13.0010404587,80.2396316528,23447,23457,10
13.0003595352,80.2395172119,23457,23468,11
12.9994897842,80.239402771,23468,23478,10
12.9989099503,80.2392501831,23478,23488,10
12.9982595444,80.2390365601,23488,23498,10
12.9977903366,80.2387008667,23498,23508,10
12.9973297119,80.2381286621,23508,23518,10
12.9969501495,80.2375335693,23518,23528,10
12.9966201782,80.2369003296,23528,23538,10
12.9962797165,80.2362365723,23538,23548,10
12.9957799911,80.2356414795,23548,23558,10
12.9951696396,80.2352371216,23558,23568,10
12.9946699142,80.23487854,23568,23578,10
12.9940299988,80.2345275879,23578,23589,11
12.9937601089,80.2342834473,23589,23599,10
12.9932804108,80.2340011597,23599,23609,10
12.9928398132,80.2338409424,23609,23619,10
12.9928302765,80.233833313,23619,23629,10
12.9923696518,80.233757019,23629,23639,10
12.9918804169,80.2337493896,23639,23649,10
12.9916801453,80.2337875366,23649,23659,10
12.9914102554,80.2334976196,23659,23669,10
12.9912595749,80.2329788208,23669,23679,10
12.9910402298,80.2323608398,23679,23689,10
12.9909496307,80.2318191528,23689,23700,11
12.9909496307,80.2316970825,23700,23710,10
12.9909095764,80.2311630249,23710,23720,10
12.9908800125,80.2305526733,23720,23730,10
12.990819931,80.2297973633,23730,23740,10
12.9905996323,80.2289962769,23740,23750,10
12.9904403687,80.2284622192,23750,23760,10
12.9902601242,80.2277374268,23760,23770,10
12.9901599884,80.2269668579,23770,23780,10
12.9900798798,80.2263412476,23780,23790,10
12.9900197983,80.2256469727,23790,23800,10
12.9896297455,80.2249069214,23800,23810,10
12.9895095825,80.2242736816,23810,23821,11
12.9893798828,80.2235870361,23821,23831,10
12.9888496399,80.2233505249,23831,23841,10
12.988409996,80.2234420776,23841,23851,10
12.9883499146,80.2233734131,23851,23861,10
12.9887104034,80.2233200073,23861,23871,10
12.9892702103,80.2234725952,23871,23881,10
12.9895000458,80.223991394,23881,23891,10
12.9896001816,80.2246704102,23891,23901,10
12.9898900986,80.2253265381,23901,23911,10
12.9900798798,80.22605896,23911,23921,10
12.9900598526,80.2266464233,23921,23931,10
12.9902000427,80.2273788452,23931,23942,11
12.9897403717,80.2278366089,23942,23952,10
12.9891395569,80.2281570435,23952,23962,10
12.9887504578,80.2288284302,23962,23972,10
12.9884796143,80.2295379639,23972,23982,10
12.9883298874,80.2299499512,23982,23992,10
12.9880504608,80.230758667,23992,24002,10
12.9877099991,80.2315216064,24002,24012,10
12.9875097275,80.2323989868,24012,24022,10
12.9874696732,80.233039856,24022,24032,10
12.9870595932,80.2332611084,24032,24042,10
12.9864597321,80.2332992554,24042,24052,10
12.986120224,80.2337265015,24052,24063,11
12.9861497879,80.2342605591,24063,24073,10
12.9863996506,80.234992981,24073,24083,10
12.9865102768,80.2352600098,24083,24093,10
12.9865703583,80.2358169556,24093,24103,10
12.9865999222,80.2364578247,24103,24112,9
12.9866199493,80.2370529175,24112,24123,11
12.9866399765,80.2378311157,24123,24133,10
12.9866895676,80.2385482788,24133,24143,10
12.9866199493,80.2384872437,24143,25162,1019
12.9866199493,80.2384872437,25162,25172,10
12.9866800308,80.2382507324,25172,25182,10
12.9866695404,80.2379226685,25182,25192,10
12.9866399765,80.2373504639,25192,25202,10
12.9866199493,80.236831665,25202,25212,10
12.9865999222,80.2361831665,25212,25223,11
12.9865598679,80.2355117798,25223,25233,10
12.9864597321,80.235168457,25233,25243,10
12.9862098694,80.2345123291,25243,25253,10
12.9861297607,80.233833313,25253,25263,10
12.9863195419,80.2333374023,25263,25273,10
12.9866600037,80.2333221436,25273,25283,10
12.9867095947,80.2333679199,25283,25293,10
12.9871902466,80.2333374023,25293,25303,10
12.9874296188,80.2329177856,25303,25313,10
12.9875202179,80.2321777344,25313,25322,9
12.987739563,80.2315368652,25322,25333,11
12.9881000519,80.2306365967,25333,25344,11
12.9883403778,80.2299194336,25344,25354,10
12.9885797501,80.2293167114,25354,25364,10
12.9888401031,80.2286300659,25364,25374,10
12.9893798828,80.2281112671,25374,25384,10
12.9898796082,80.2277374268,25384,25394,10
12.9901695251,80.2272567749,25394,25404,10
12.9901199341,80.2267227173,25404,25414,10
12.9901800156,80.2259292603,25414,25424,10
12.989780426,80.2252578735,25424,25434,10
12.9895801544,80.2246170044,25434,25444,10
12.9895296097,80.2239532471,25444,25455,11
12.9890699387,80.2234191895,25455,25465,10
12.9885101318,80.2234191895,25465,25475,10
12.9883804321,80.2233428955,25475,25494,19
12.9883804321,80.2233428955,25494,25505,11
12.988699913,80.2233123779,25505,25515,10
12.9892101288,80.2234115601,25515,25525,10
12.9894599915,80.2239074707,25525,25535,10
12.9895296097,80.2245178223,25535,25545,10
12.989780426,80.2251205444,25545,25555,10
12.9901103973,80.2258605957,25555,25565,10
12.9900302887,80.2265396118,25565,25576,11
12.9901800156,80.2273788452,25576,25586,10
12.9902000427,80.2275619507,25586,25596,10
12.9903202057,80.2280426025,25596,25606,10
12.990530014,80.2287521362,25606,25616,10
12.9906997681,80.2294006348,25616,25626,10
12.9908304214,80.2301712036,25626,25636,10
12.9908599854,80.2304077148,25636,25646,10
12.9908800125,80.2308120728,25646,25656,10
12.990940094,80.2313690186,25656,25666,10
12.9909801483,80.2319335938,25666,25676,10
12.9910097122,80.2322387695,25676,25686,10
12.991230011,80.2329177856,25686,25697,11
12.9917898178,80.2336730957,25697,25717,20
12.9917898178,80.2336730957,25717,25727,10
12.991979599,80.2337188721,25727,25737,10
12.9925298691,80.2337799072,25737,25747,10
12.993229866,80.2340011597,25747,25757,10
12.9937696457,80.234336853,25757,25767,10
12.9939203262,80.2344665527,25767,25777,10
12.9940795898,80.2345962524,25777,25787,10
12.9946603775,80.2349624634,25787,25797,10
12.9952802658,80.2353210449,25797,25808,11
12.9958600998,80.2358169556,25808,25818,10
12.9959802628,80.2359466553,25818,25828,10
12.9962902069,80.2364120483,25828,25838,10
12.9967002869,80.2371063232,25838,25848,10
12.9970397949,80.2377166748,25848,25858,10
12.997469902,80.2383499146,25858,25868,10
12.9979400635,80.2388763428,25868,25878,10
12.9985198975,80.239151001,25878,25888,10
12.9986801147,80.2391967773,25888,25898,10
12.9989299774,80.2392730713,25898,25908,10
12.9995098114,80.2394104004,25908,25918,10
13.0003499985,80.2395324707,25918,25929,11
13.0011997223,80.2396621704,25929,25939,10
13.0018501282,80.2398529053,25939,25949,10
13.0024404526,80.2400512695,25949,25959,10
13.002579689,80.2400970459,25959,25969,10
13.003080368,80.2402572632,25969,25979,10
13.0036401749,80.2407608032,25979,25989,10
13.0039701462,80.2415237427,25989,25999,10
13.0044403076,80.2418670654,25999,26009,10
13.0054197311,80.2418365479,26009,26019,10
13.0059995651,80.2419815063,26019,26029,10
13.0058898926,80.2423629761,26029,26039,10
13.0057497025,80.2423706055,26039,26050,11
13.0056400299,80.2422409058,26050,27241,1191
13.0056400299,80.2422409058,27241,27251,10
13.0054597855,80.2420425415,27251,27261,10
13.0049695969,80.2418289185,27261,27271,10
13.0041799545,80.2417984009,27271,27281,10
13.0038204193,80.2411804199,27281,27291,10
13.0034799576,80.2404403687,27291,27301,10
13.0027399063,80.2401199341,27301,27311,10
13.002579689,80.2400817871,27311,27322,11
13.0020103455,80.2398986816,27322,27332,10
13.001250267,80.2396697998,27332,27342,10
13.0006198883,80.2395324707,27342,27352,10
12.9998703003,80.2394790649,27352,27362,10
12.9992103577,80.2393264771,27362,27382,20
12.9992103577,80.2393264771,27382,27392,10
12.9991102219,80.2393417358,27392,27402,10
12.9986495972,80.2392120361,27402,27412,10
12.9980201721,80.2389526367,27412,27422,10
12.9975996017,80.2385482788,27422,27432,10
12.9971704483,80.2378997803,27432,27443,11
12.9967899323,80.2372436523,27443,27453,10
12.9964399338,80.2365722656,27453,27463,10
12.9962902069,80.2363128662,27463,27473,10
12.9960002899,80.2358703613,27473,27483,10
12.9958600998,80.2357406616,27483,27493,10
12.9955196381,80.235458374,27493,27503,10
12.9950704575,80.235168457,27503,27513,10
12.9945201874,80.2348327637,27513,27523,10
12.994020462,80.2345581055,27523,27533,10
12.9939899445,80.2345199585,27533,27543,10
12.9938802719,80.234413147,27543,27553,10
12.9935398102,80.2341384888,27553,27564,11
12.9930095673,80.2338790894,27564,27574,10
12.992389679,80.233757019,27574,27584,10
12.9918003082,80.2337493896,27584,27604,20
12.9918003082,80.2337493896,27604,27614,10
12.9915399551,80.2337875366,27614,27624,10
12.991350174,80.2332992554,27624,27634,10
12.9912004471,80.2328033447,27634,27644,10
12.9910202026,80.2322769165,27644,27654,10
12.9910001755,80.2317733765,27654,27675,21
12.9910001755,80.2317733765,27675,27685,10
12.9909696579,80.2316131592,27685,27695,10
12.9909296036,80.2311706543,27695,27705,10
12.9908895493,80.2306213379,27705,27715,10
12.9908504486,80.2300720215,27715,27725,10
12.9907302856,80.2294235229,27725,27735,10
12.9905195236,80.2287597656,27735,27745,10
12.9903497696,80.2282028198,27745,27755,10
12.9902200699,80.2275619507,27755,27765,10
12.9902200699,80.2275238037,27765,27775,10
12.9901800156,80.2271499634,27775,27785,10
12.9900798798,80.2264785767,27785,27796,11
12.9900999069,80.2257385254,27796,27806,10
12.9896802902,80.2250289917,27806,27816,10
12.9895200729,80.2244033813,27816,27826,10
12.9894800186,80.2237319946,27826,27836,10
12.9890098572,80.2233734131,27836,27846,10
12.9883403778,80.2233886719,27846,27876,30
12.9883403778,80.2233886719,27876,27887,11
12.9887304306,80.2233276367,27887,27896,9
12.9894399643,80.2240371704,27896,27908,12
12.9894399643,80.2240371704,27908,27918,10
12.9895401001,80.2246932983,27918,27928,10
12.9898195267,80.2253112793,27928,27938,10
12.9900999069,80.225982666,27938,27948,10
12.9900598526,80.2265014648,27948,27958,10
12.9901695251,80.2271194458,27958,27968,10
12.9899997711,80.2276992798,27968,27978,10
12.989859581,80.2278213501,27978,27988,10
12.9894504547,80.2280502319,27988,27998,10
12.9889202118,80.2285003662,27998,28008,10
12.9886703491,80.2291717529,28008,28018,10
12.9883403778,80.2300415039,28018,28051,33
12.9883403778,80.2300415039,28051,28061,10
12.9882001877,80.2303390503,28061,28071,10
12.9879598618,80.2309417725,28071,28081,10
12.9876804352,80.2316207886,28081,28091,10
12.9874801636,80.2324905396,28091,28101,10
12.9874696732,80.2330780029,28101,28111,10
12.9871501923,80.233291626,28111,28121,10
12.9866104126,80.2333602905,28121,28131,10
12.9864702225,80.2333526611,28131,28142,11
12.9861297607,80.2335281372,28142,28152,10
12.9861402512,80.2339782715,28152,28162,10
12.9862804413,80.2347106934,28162,28172,10
12.9864797592,80.2351608276,28172,28181,9
12.9865398407,80.2353820801,28181,28192,11
12.9865903854,80.236038208,28192,28202,10
12.9866399765,80.2367019653,28202,28212,10
12.9866399765,80.237159729,28212,28222,10
12.9866504669,80.2378921509,28222,28232,10
12.9866895676,80.2385482788,28232,28242,10
12.9865999222,80.2384567261,28242,28606,364
12.9866800308,80.2380905151,28606,28626,20
12.9866800308,80.2380905151,28626,28636,10
12.9866800308,80.2378463745,28636,28646,10
12.9866600037,80.2374725342,28646,28656,10
12.9866399765,80.2369003296,28656,28666,10
12.9866104126,80.2362823486,28666,28676,10
12.9865398407,80.2353591919,28676,28716,40
12.9865398407,80.2353591919,28716,28727,11
12.9864597321,80.2350997925,28727,28737,10
12.9862804413,80.234703064,28737,28747,10
12.9861803055,80.2342224121,28747,28757,10
12.9861402512,80.2338027954,28757,28767,10
12.9862003326,80.2333679199,28767,28777,10
12.9865703583,80.2333221436,28777,28787,10
12.9866695404,80.2333221436,28787,28797,10
12.9869203568,80.2332992554,28797,28807,10
12.9873399734,80.2332611084,28807,28817,10
12.9874401093,80.2328414917,28817,28827,10
12.9875097275,80.232383728,28827,28838,11
12.987660408,80.2317962646,28838,28848,10
12.9878501892,80.2312164307,28848,28858,10
12.9880695343,80.2306671143,28858,28868,10
12.9882898331,80.2300186157,28868,28908,40
12.9882898331,80.2300186157,28908,28918,10
12.988409996,80.2299423218,28918,28928,10
12.9885597229,80.2294769287,28928,28939,11
12.9887399673,80.2288589478,28939,28948,9
12.9891195297,80.2282333374,28948,28960,12
12.990070343,80.2276687622,28960,28980,20
12.990070343,80.2276687622,28980,28990,10
12.9902000427,80.2273635864,28990,29000,10
12.9901103973,80.2267837524,29000,29010,10
12.9900999069,80.2261810303,29010,29020,10
12.9898900986,80.2254104614,29020,29030,10
12.9896097183,80.2247924805,29030,29040,10
12.9895095825,80.2240219116,29040,29050,10
12.9892902374,80.2234802246,29050,29060,10
12.9887599945,80.2233200073,29060,29069,9
12.9883403778,80.2233810425,29069,29141,72
12.9883403778,80.2233810425,29141,29151,10
12.9885997772,80.2232971191,29151,29161,10
12.989159584,80.2233810425,29161,29171,10
12.9894800186,80.2238616943,29171,29181,10
12.9895296097,80.2244720459,29181,29192,11
12.9898195267,80.2252426147,29192,29202,10
12.9901199341,80.2259597778,29202,29212,10
12.990070343,80.2265625,29212,29222,10
12.9901800156,80.2272796631,29222,29232,10
12.9902296066,80.2275619507,29232,29242,10
12.9903202057,80.2281036377,29242,29252,10
12.9905395508,80.2287979126,29252,29262,10
12.9906797409,80.2293167114,29262,29272,10
12.9908504486,80.2301635742,29272,29282,10
12.9908704758,80.2303619385,29282,29292,10
12.9909200668,80.23097229,29292,29302,10
12.9909696579,80.2316207886,29302,29313,11
12.9910001755,80.2320327759,29313,29323,10
12.9910402298,80.2323684692,29323,29333,10
12.9912595749,80.233039856,29333,29343,10
12.9918298721,80.2337188721,29343,29363,20
12.9918298721,80.2337188721,29363,29373,10
12.9919900894,80.233757019,29373,29383,10
12.9925003052,80.2338104248,29383,29393,10
12.993180275,80.2340011597,29393,29403,10
12.9936800003,80.2342987061,29403,29413,10
12.9941997528,80.2346572876,29413,29423,10
12.9948196411,80.2350311279,29423,29434,11
12.9954900742,80.235458374,29434,29444,10
12.9959897995,80.2359085083,29444,29454,10
12.9961204529,80.2360534668,29454,29464,10
12.9962501526,80.2362594604,29464,29474,10
12.9964504242,80.2366333008,29474,29484,10
12.9968004227,80.2373199463,29484,29494,10
12.9971599579,80.2378997803,29494,29504,10
12.9975996017,80.2385635376,29504,29514,10
12.9980602264,80.2389602661,29514,29524,10
12.9986000061,80.2391662598,29524,29534,10
12.9987201691,80.2391967773,29534,29545,11
12.9989795685,80.2392578125,29545,29555,10
12.9995098114,80.2393875122,29555,29565,10
13.0003099442,80.2395019531,29565,29575,10
13.0010995865,80.2396316528,29575,29585,10
13.0017204285,80.2397766113,29585,29595,10
13.0024003983,80.240020752,29595,29605,10
13.0029802322,80.240196228,29605,29615,10
13.0035800934,80.240562439,29615,29625,10
13.0038604736,80.2412567139,29625,29635,10
13.0044403076,80.2418823242,29635,29645,10
13.0052404404,80.2418289185,29645,29655,10
13.0059099197,80.241859436,29655,29666,11
13.0057201385,80.2422637939,29666,30170,504
13.0057201385,80.2422637939,30170,30180,10
13.005689621,80.2423019409,30180,30432,252
13.005689621,80.2423019409,30432,30442,10
13.0056200027,80.2422180176,30442,30452,10
13.0053901672,80.2419891357,30452,30462,10
13.0050601959,80.2418365479,30462,30472,10
13.0046195984,80.2418670654,30472,30483,11
13.0044202805,80.241859436,30483,30493,10
13.0039701462,80.2416534424,30493,30503,10
13.003780365,80.2410964966,30503,30513,10
13.0034999847,80.2405166626,30513,30523,10
13.0028896332,80.2401885986,30523,30533,10
13.0023803711,80.2400131226,30533,30542,9
13.0017004013,80.2397613525,30542,30553,11
13.0010299683,80.2395935059,30553,30563,10
13.0004196167,80.2394866943,30563,30573,10
12.9998397827,80.2394104004,30573,30583,10
12.9992198944,80.2392883301,30583,30604,21
12.9992198944,80.2392883301,30604,30614,10
12.9990901947,80.2392730713,30614,30624,10
12.9988298416,80.2391967773,30624,30634,10
12.9983596802,80.2390670776,30634,30644,10
12.9978704453,80.2388076782,30644,30654,10
12.9975004196,80.2384414673,30654,30664,10
12.9971599579,80.2378997803,30664,30674,10
12.9968595505,80.2373962402,30674,30684,10
12.9965600967,80.2368621826,30684,30694,10
12.9963197708,80.2364196777,30694,30704,10
12.9962902069,80.236366272,30704,30715,11
12.9960203171,80.2359237671,30715,30725,10
12.9955596924,80.2354888916,30725,30735,10
12.9951000214,80.235168457,30735,30745,10
12.9945802689,80.2349014282,30745,30755,10
12.9940395355,80.2345962524,30755,30765,10
12.9939804077,80.2345733643,30765,30775,10
12.9937801361,80.2343673706,30775,30785,10
12.9934196472,80.2341003418,30785,30795,10
12.9929199219,80.2338562012,30795,30805,10
12.9923295975,80.2337493896,30805,30815,10
12.9918804169,80.2337112427,30815,30826,11
12.9918498993,80.2337188721,30826,30836,10
12.9915399551,80.2337875366,30836,30846,10
12.9913597107,80.2333068848,30846,30856,10
12.9912004471,80.2328567505,30856,30866,10
12.9910202026,80.2322769165,30866,30876,10
12.9909696579,80.2317504883,30876,30886,10
12.9909601212,80.2317276001,30886,30896,10
12.9909601212,80.2314987183,30896,30906,10
12.9909000397,80.2309494019,30906,30916,10
12.9908599854,80.2303390503,30916,30926,10
12.9908304214,80.2300415039,30926,30936,10
12.9908103943,80.2298126221,30936,30947,11
12.9906396866,80.2291488647,30947,30957,10
12.9904603958,80.2286300659,30957,30967,10
12.9902696609,80.2279891968,30967,30977,10
12.9902000427,80.2274780273,30977,30987,10
12.9901800156,80.2273712158,30987,30997,10
12.9901103973,80.2268600464,30997,31007,10
12.9900503159,80.226272583,31007,31017,10
12.9900503159,80.2256774902,31017,31027,10
12.9896802902,80.2250595093,31027,31037,10
12.9895200729,80.2244186401,31037,31047,10
12.9894895554,80.2238311768,31047,31057,10
12.9892396927,80.2234191895,31057,31069,12
12.9887199402,80.2232971191,31069,31079,10
12.9883403778,80.2233734131,31079,31119,40
12.9883403778,80.2233734131,31119,31129,10
12.9888296127,80.2233276367,31129,31139,10
12.9893198013,80.2235183716,31139,31149,10
12.9894800186,80.2240066528,31149,31159,10
12.9895496368,80.2245864868,31159,31169,10
12.9897899628,80.2252120972,31169,31180,11
12.9901304245,80.2258682251,31180,31190,10
12.9900503159,80.2264785767,31190,31200,10
12.9901399612,80.2270812988,31200,31210,10
12.9901800156,80.2275238037,31210,31219,9
12.9899396896,80.2276763916,31219,31230,11
12.9895601273,80.2279586792,31230,31240,10
12.98898983,80.2283172607,31240,31250,10
12.9887399673,80.2289962769,31250,31260,10
12.9884595871,80.2296676636,31260,31270,10
12.9883098602,80.2300415039,31270,31280,10
12.9881496429,80.2304992676,31280,31290,10
12.9878997803,80.2311401367,31290,31301,11
12.9876003265,80.2318725586,31301,31311,10
12.9874696732,80.2325820923,31311,31320,9
12.9874696732,80.2331008911,31320,31331,11
12.9870700836,80.2332763672,31331,31341,10
12.9865703583,80.2332763672,31341,31351,10
12.9864597321,80.2332763672,31351,31361,10
12.986120224,80.2335128784,31361,31371,10
12.9861297607,80.2340774536,31371,31381,10
12.9862604141,80.2347717285,31381,31391,10
12.9864797592,80.2352371216,31391,31401,10
12.9865503311,80.2353820801,31401,31411,10
12.986579895,80.2358169556,31411,31422,11
12.986579895,80.2365570068,31422,31432,10
12.9866199493,80.237159729,31432,31442,10
12.9866399765,80.2378616333,31442,31452,10
12.9866695404,80.2384262085,31452,31462,10
12.9866695404,80.2385177612,31462,31472,10
12.9866399765,80.2389678955,31472,31482,10
12.9868001938,80.2393798828,31482,31492,10
12.9870595932,80.2398071289,31492,31502,10
12.9869804382,80.2406616211,31502,31512,10
12.9877195358,80.2409515381,31512,31522,10
12.9887104034,80.2412796021,31522,31563,41
12.9887104034,80.2412796021,31563,31573,10
12.9884595871,80.2411193848,31573,31583,10
12.9877004623,80.2409591675,31583,31593,10
12.9870195389,80.2407608032,31593,31603,10
12.9870500565,80.2401199341,31603,31613,10
12.9870300293,80.2394485474,31613,31623,10
12.9866504669,80.2393035889,31623,31633,10
12.9865703583,80.2384796143,31633,32249,616
12.9865703583,80.2384796143,32249,32259,10
12.9866304398,80.2384033203,32259,32269,10
12.9866695404,80.2381515503,32269,32289,20
12.9866695404,80.2381515503,32289,32299,10
12.9866504669,80.2377090454,32299,32309,10
12.9866304398,80.2371902466,32309,32319,10
12.9866199493,80.2367095947,32319,32329,10
12.9865903854,80.2361373901,32329,32339,10
12.9865598679,80.2356414795,32339,32350,11
12.9865198135,80.2353134155,32350,32380,30
12.9865198135,80.2353134155,32380,32390,10
12.9864196777,80.2350311279,32390,32400,10
12.986240387,80.2346572876,32400,32410,10
12.9861602783,80.2342376709,32410,32420,10
12.9861097336,80.2337722778,32420,32430,10
12.9862604141,80.2333297729,32430,32440,10
12.9866304398,80.2333221436,32440,32450,10
12.9867200851,80.2333221436,32450,32460,10
12.9869804382,80.2333221436,32460,32471,11
12.9874000549,80.2331771851,32471,32481,10
12.9874601364,80.2326812744,32481,32491,10
12.9875602722,80.2320404053,32491,32501,10
12.9877595901,80.2314376831,32501,32511,10
12.9879903793,80.2308502197,32511,32521,10
12.9883003235,80.2300109863,32521,32561,40
12.9883003235,80.2300109863,32561,32571,10
12.9884195328,80.2297210693,32571,32582,11
12.988650322,80.229133606,32582,32592,10
12.9888696671,80.2285079956,32592,32602,10
12.9893198013,80.2281112671,32602,32612,10
12.9900798798,80.2276382446,32612,32642,30
12.9900798798,80.2276382446,32642,32652,10
12.9902496338,80.2273788452,32652,32662,10
12.9901504517,80.2268600464,32662,32671,9
12.9900798798,80.2263031006,32671,32682,11
12.9900197983,80.2255630493,32682,32692,10
12.9896402359,80.2248764038,32692,32703,11
12.9895200729,80.2240066528,32703,32713,10
12.989279747,80.2234573364,32713,32723,10
12.9887199402,80.2232894897,32723,32733,10
12.9883499146,80.2233428955,32733,32753,20
12.9884195328,80.2232437134,32753,32793,40
12.9884195328,80.2232437134,32793,32803,10
12.9885597229,80.2233200073,32803,32813,10
12.9890203476,80.2233581543,32813,32824,11
12.9894599915,80.2237930298,32824,32834,10
12.9894800186,80.2243728638,32834,32844,10
12.9896497726,80.2249984741,32844,32854,10
12.9900503159,80.2256164551,32854,32864,10
12.9900503159,80.22631073,32864,32874,10
12.9901199341,80.2269363403,32874,32884,10
12.9902200699,80.2275085449,32884,32894,10
12.9902200699,80.2275238037,32894,32904,10
12.9902696609,80.2278823853,32904,32914,10
12.9904403687,80.2285308838,32914,32924,10
12.9906396866,80.2291412354,32924,32935,11
12.9908504486,80.2299575806,32935,32945,10
12.9908599854,80.2301712036,32945,32955,10
12.9908800125,80.2306365967,32955,32965,10
12.9909095764,80.2312011719,32965,32975,10
12.9910001755,80.2318725586,32975,32985,10
12.9910001755,80.2320098877,32985,32995,10
12.991060257,80.2323684692,32995,33005,10
12.9912099838,80.2329330444,33005,33015,10
12.9914703369,80.2334289551,33015,33025,10
12.9918003082,80.2336807251,33025,33035,10
12.9918498993,80.2337188721,33035,33045,10
12.9922199249,80.2337417603,33045,33056,11
12.9928798676,80.2338562012,33056,33066,10
12.9933900833,80.2341003418,33066,33076,10
12.9938402176,80.2344284058,33076,33086,10
12.9940299988,80.2345581055,33086,33096,10
12.9945001602,80.2348403931,33096,33106,10
12.9951095581,80.2351989746,33106,33116,10
12.9956102371,80.2355194092,33116,33126,10
12.9960603714,80.2359619141,33126,33136,10
12.9961700439,80.2361297607,33136,33146,10
12.9964504242,80.236656189,33146,33156,10
12.9967803955,80.2372894287,33156,33166,10
12.9970903397,80.2378005981,33166,33177,11
12.9975004196,80.2384262085,33177,33187,10
12.9979600906,80.2388687134,33187,33197,10
12.9985198975,80.2391204834,33197,33207,10
12.9990797043,80.2393035889,33207,33217,10
12.9996595383,80.2394332886,33217,33227,10
13.0003299713,80.2395019531,33227,33237,10
13.0010204315,80.239616394,33237,33247,10
13.0015497208,80.2397232056,33247,33257,10
13.0021495819,80.2399597168,33257,33267,10
13.0026397705,80.2401199341,33267,33277,10
13.0032196045,80.2403030396,33277,33288,11
13.0036497116,80.2408294678,33288,33298,10
13.0039196014,80.2414627075,33298,33308,10
13.0043897629,80.241859436,33308,33318,10
13.0050802231,80.2418365479,33318,33328,10
13.0056695938,80.2418365479,33328,33338,10
13.0059700012,80.2421188354,33338,33348,10
13.0057296753,80.2422332764,33348,33943,595
13.0057296753,80.2422332764,33943,33953,10
13.0055398941,80.2420806885,33953,33963,10
13.0051298141,80.2417831421,33963,33973,10
13.0045404434,80.2418289185,33973,33983,10
13.0040302277,80.2416687012,33983,33994,11
13.0037603378,80.2410507202,33994,34004,10
13.0034799576,80.240447998,34004,34014,10
13.002869606,80.2401275635,34014,34024,10
13.0026597977,80.2400588989,34024,34034,10
13.0026197433,80.2400283813,34034,34044,10
13.002240181,80.239906311,34044,34054,10
13.0016002655,80.2397079468,34054,34064,10
13.0009403229,80.2396011353,34064,34074,10
13.0001602173,80.2395172119,34074,34084,10
12.9993600845,80.2393798828,34084,34094,10
12.9991397858,80.2393112183,34094,34105,11
12.9989900589,80.2392578125,34105,34115,10
12.9986400604,80.239151001,34115,34125,10
12.9980697632,80.2388916016,34125,34135,10
12.9976902008,80.2385406494,34135,34145,10
12.9972896576,80.2379608154,34145,34155,10
12.9969501495,80.237449646,34155,34165,10
12.9966497421,80.2369003296,34165,34175,10
12.9963798523,80.2363891602,34175,34185,10
12.9963502884,80.2363510132,34185,34195,10
12.9962997437,80.2362823486,34195,34205,10
12.9960699081,80.2359237671,34205,34215,10
12.9956302643,80.2354812622,34215,34226,11
12.9951496124,80.2350997925,34226,34236,10
12.9945497513,80.2347335815,34236,34246,10
12.993929863,80.2344436646,34246,34256,10
12.9935398102,80.2340393066,34256,34266,10
12.9930095673,80.233833313,34266,34276,10
12.992389679,80.2337112427,34276,34286,10
12.991809845,80.2337112427,34286,34306,20
12.991809845,80.2337112427,34306,34316,10
12.991519928,80.2337417603,34316,34326,10
12.9913597107,80.2332763672,34326,34337,11
12.9912004471,80.2327804565,34337,34347,10
12.9910697937,80.232383728,34347,34357,10
12.9909696579,80.2318191528,34357,34377,20
12.9909696579,80.2318191528,34377,34387,10
12.9909801483,80.231590271,34387,34397,10
12.9909095764,80.2311706543,34397,34407,10
12.9908800125,80.230682373,34407,34417,10
12.990819931,80.2301101685,34417,34427,10
12.9908304214,80.2299118042,34427,34437,10
12.9907102585,80.2293701172,34437,34447,10
12.9905500412,80.228767395,34447,34458,11
12.9903802872,80.2281494141,34458,34468,10
12.990240097,80.2276000977,34468,34488,20
12.990240097,80.2276000977,34488,34498,10
12.9902000427,80.2272415161,34498,34508,10
12.990070343,80.2266693115,34508,34518,10
12.9900999069,80.2261428833,34518,34528,10
12.9900197983,80.2256011963,34528,34538,10
12.9896202087,80.2248764038,34538,34548,10
12.9895000458,80.224281311,34548,34558,10
12.9894895554,80.2237930298,34558,34569,11
12.9890403748,80.2233734131,34569,34578,9
12.9884796143,80.2235183716,34578,34619,41
12.9884796143,80.2235183716,34619,34628,9
12.9882097244,80.2236633301,34628,37685,3057
12.9882097244,80.2236633301,37685,37695,10
12.9883403778,80.2236022949,37695,37706,11
12.9885702133,80.2232818604,37706,37716,10
12.9891300201,80.2233276367,37716,37726,10
12.9894599915,80.2238235474,37726,37736,10
12.9895095825,80.2244567871,37736,37746,10
12.9897499084,80.2251281738,37746,37756,10
12.9901103973,80.2258605957,37756,37766,10
12.9900503159,80.2264785767,37766,37776,10
12.9901599884,80.2272186279,37776,37786,10
12.9903097153,80.2280273438,37786,37796,10
12.9905395508,80.2287902832,37796,37806,10
12.9907398224,80.2294921875,37806,37816,10
12.9908504486,80.2304077148,37816,37827,11
12.9909000397,80.2311172485,37827,37837,10
12.9909601212,80.2317962646,37837,37847,10
12.9909696579,80.2319793701,37847,37857,10
12.9910402298,80.2323379517,37857,37867,10
12.9912500381,80.2329177856,37867,37877,10
12.991519928,80.2334671021,37877,37887,10
12.9918403625,80.2336578369,37887,37897,10
12.9920301437,80.2336883545,37897,37907,10
12.9924497604,80.2337493896,37907,37917,10
12.9931497574,80.2339477539,37917,37927,10
12.993639946,80.2342376709,37927,37938,11
12.9938402176,80.2343826294,37938,37948,10
12.9943304062,80.2347183228,37948,37958,10
12.9950399399,80.2351226807,37958,37968,10
12.99559021,80.235496521,37968,37978,10
12.9960002899,80.2358932495,37978,37988,10
12.9960002899,80.2359008789,37988,37998,10
12.9961595535,80.2361526489,37998,38008,10
12.9963197708,80.2364196777,38008,38018,10
12.996509552,80.2367935181,38018,38028,10
12.9968996048,80.2374801636,38028,38038,10
12.9972496033,80.23802948,38038,38048,10
12.9977798462,80.2387313843,38048,38059,11
12.9983901978,80.2390594482,38059,38069,10
12.9990901947,80.2392578125,38069,38079,10
12.9997501373,80.2394104004,38079,38089,10
13.0006103516,80.2395324707,38089,38099,10
13.0012702942,80.2396469116,38099,38109,10
13.0019798279,80.2398834229,38109,38119,10
13.002530098,80.2400512695,38119,38129,10
13.0026502609,80.2400894165,38129,38139,10
13.0031204224,80.2402420044,38139,38149,10
13.0036296844,80.2407302856,38149,38159,10
13.0039701462,80.2415390015,38159,38168,9
13.0045795441,80.241859436,38168,38180,12
13.0055799484,80.2418212891,38180,38190,10
13.005979538,80.2420883179,38190,38200,10
13.0057201385,80.2422332764,38200,38260,60
13.0057201385,80.2422332764,38260,38270,10
13.005399704,80.2419433594,38270,38280,10
13.004940033,80.2417984009,38280,38291,11
13.0041999817,80.2417678833,38291,38301,10
13.0039100647,80.2413864136,38301,38311,10
13.0036001205,80.2406997681,38311,38321,10
13.003080368,80.2402420044,38321,38331,10
13.0025997162,80.2400817871,38331,38341,10
13.0024003983,80.240020752,38341,38351,10
13.0018701553,80.2398529053,38351,38361,10
13.0011701584,80.2396316528,38361,38371,10
13.0005197525,80.2395019531,38371,38381,10
12.9991998672,80.2393112183,38381,38412,31
12.9991998672,80.2393112183,38412,38422,10
12.99903965,80.2393035889,38422,38432,10
12.998459816,80.2391204834,38432,38442,10
12.9978399277,80.2388000488,38442,38452,10
12.997420311,80.238319397,38452,38462,10
12.9969797134,80.2376480103,38462,38472,10
12.9966402054,80.2370986938,38472,38482,10
12.9962997437,80.2364425659,38482,38492,10
12.9962797165,80.2363815308,38492,38502,10
12.9960699081,80.2360229492,38502,38512,10
12.9955396652,80.2354736328,38512,38522,10
12.9949998856,80.2351074219,38522,38533,11
12.9939002991,80.2344818115,38533,38553,20
12.9939002991,80.2344818115,38553,38563,10
12.9937801361,80.2343292236,38563,38573,10
12.9933395386,80.2340164185,38573,38583,10
12.9927997589,80.2338027954,38583,38593,10
12.9921503067,80.2337265015,38593,38603,10
12.9918203354,80.2337417603,38603,38613,10
12.991809845,80.2337417603,38613,38623,10
12.9916000366,80.233757019,38623,38633,10
12.991350174,80.2333374023,38633,38644,11
12.9911603928,80.2327880859,38644,38654,10
12.9909601212,80.2321472168,38654,38664,10
12.9909296036,80.2316970825,38664,38674,10
12.990940094,80.2316970825,38674,38684,10
12.990940094,80.231590271,38684,38694,10
12.9908800125,80.2310714722,38694,38704,10
12.9908304214,80.2304534912,38704,38714,10
12.990819931,80.2299880981,38714,38724,10
12.990819931,80.229888916,38724,38734,10
12.9907398224,80.2294998169,38734,38744,10
12.9905395508,80.2288284302,38744,38754,10
12.99036026,80.2283096313,38754,38765,11
12.9901800156,80.2275390625,38765,38775,10
12.9901800156,80.2274627686,38775,38785,10
12.9901599884,80.2271194458,38785,38795,10
12.9900302887,80.2264328003,38795,38805,10
12.990070343,80.2257232666,38805,38815,10
12.9896402359,80.2249984741,38815,38825,10
12.9894895554,80.2243881226,38825,38835,10
12.9894504547,80.223739624,38835,38845,10
12.9890003204,80.2233505249,38845,38855,10
12.9883403778,80.2233505249,38855,38896,41
12.9883403778,80.2233505249,38896,38906,10
12.9884796143,80.2232818604,38906,38916,10
12.9889802933,80.2233428955,38916,38926,10
12.9894199371,80.2236633301,38926,38936,10
12.9894695282,80.2241973877,38936,38946,10
12.9896402359,80.224899292,38946,38956,10
12.9900503159,80.2255706787,38956,38967,11
12.9900503159,80.2263336182,38967,38977,10
12.9901599884,80.2270202637,38977,38987,10
12.9900197983,80.2276077271,38987,38998,11
12.9898796082,80.2276992798,38998,39008,10
12.989569664,80.2279205322,39008,39018,10
12.98898983,80.2283172607,39018,39028,10
12.9886598587,80.2290802002,39028,39038,10
12.988409996,80.2297286987,39038,39048,10
12.9883003235,80.2300033569,39048,39058,10
12.988240242,80.230140686,39058,39068,10
12.9880304337,80.2307128906,39068,39078,10
12.9877195358,80.2314834595,39078,39088,10
12.9875001907,80.232383728,39088,39098,10
12.9874801636,80.2330627441,39098,39108,10
12.9871997833,80.2332611084,39108,39119,11
12.9866399765,80.2332763672,39119,39129,10
12.9864597321,80.2332763672,39129,39139,10
12.9861001968,80.2335891724,39139,39149,10
12.9861497879,80.2341766357,39149,39159,10
12.9863996506,80.2349624634,39159,39169,10
12.9864797592,80.2351608276,39169,39179,10
12.9865503311,80.2355804443,39179,39189,10
12.986579895,80.2362289429,39189,39199,10
12.9865999222,80.2369537354,39199,39209,10
12.9865999222,80.2376098633,39209,39219,10
12.9866304398,80.23828125,39219,39230,11
12.986530304,80.2384872437,39230,39441,211
12.986530304,80.2384872437,39441,39451,10
12.9865598679,80.2384185791,39451,39462,11
12.9865999222,80.2379379272,39462,39472,10
12.9865999222,80.2374267578,39472,39482,10
12.9865903854,80.2368774414,39482,39492,10
12.9865703583,80.2362976074,39492,39502,10
12.9864997864,80.2352905273,39502,39522,20
12.9864997864,80.2352905273,39522,39532,10
12.9864196777,80.2350997925,39532,39542,10
12.9862203598,80.2346496582,39542,39552,10
12.9861097336,80.23412323,39552,39562,10
12.9860801697,80.2335891724,39562,39572,10
12.9864597321,80.2333221436,39572,39583,11
12.9866800308,80.2332992554,39583,39593,10
12.9870901108,80.233291626,39593,39603,10
12.9874000549,80.2330474854,39603,39613,10
12.9874601364,80.2325363159,39613,39623,10
12.9875497818,80.2319793701,39623,39633,10
12.987739563,80.2314376831,39633,39643,10
12.9879703522,80.2308502197,39643,39653,10
12.9882001877,80.2302627563,39653,39663,10
12.9882802963,80.2300491333,39663,39673,10
12.9883298874,80.2299575806,39673,39683,10
12.9884796143,80.2295303345,39683,39693,10
12.9887399673,80.2288589478,39693,39704,11
12.9890699387,80.2282409668,39704,39714,10
12.9896802902,80.2279205322,39714,39724,10
12.9900102615,80.2276687622,39724,39734,10
12.9900102615,80.2276611328,39734,39744,10
12.9901599884,80.2274780273,39744,39754,10
12.9901103973,80.2269363403,39754,39764,10
12.9900398254,80.2263031006,39764,39774,10
12.9900398254,80.2256164551,39774,39784,10
12.9896297455,80.2249832153,39784,39794,10
12.9895095825,80.2245025635,39794,39804,10
12.9894399643,80.2236862183,39804,39815,11
12.9889202118,80.2233505249,39815,39825,10
12.9883298874,80.2233886719,39825,39855,30
12.9883298874,80.2233886719,39855,39865,10
12.9884595871,80.2232894897,39865,39875,10
12.9888896942,80.2233276367,39875,39885,10
12.9893198013,80.2235183716,39885,39895,10
12.9894695282,80.223991394,39895,39905,10
12.9895496368,80.2246398926,39905,39915,10
12.9898004532,80.2252426147,39915,39925,10
12.9900903702,80.2259216309,39925,39936,11
12.9900398254,80.2265930176,39936,39947,11
12.9901504517,80.2272033691,39947,39957,10
12.9902000427,80.2275772095,39957,39967,10
12.9902200699,80.2278137207,39967,39977,10
12.9904003143,80.2284393311,39977,39987,10
12.9905796051,80.229019165,39987,39997,10
12.99077034,80.2297286987,39997,40007,10
12.9908304214,80.2301025391,40007,40017,10
12.9908399582,80.2302703857,40017,40027,10
12.9908800125,80.2308883667,40027,40037,10
12.9909095764,80.2314605713,40037,40047,10
12.9909696579,80.2320327759,40047,40068,21
12.9909696579,80.2320327759,40068,40078,10
12.9909896851,80.2323074341,40078,40088,10
12.9912099838,80.2329177856,40088,40098,10
12.991809845,80.2336730957,40098,40128,30
12.991809845,80.2336730957,40128,40138,10
12.9920597076,80.2337112427,40138,40148,10
12.9924402237,80.233757019,40148,40158,10
12.9930801392,80.2339172363,40158,40169,11
12.9935798645,80.2341995239,40169,40179,10
12.9938402176,80.2343902588,40179,40189,10
12.9939899445,80.2345199585,40189,40199,10
12.9944896698,80.2348175049,40199,40209,10
12.9951400757,80.2351837158,40209,40219,10
12.9956302643,80.2355270386,40219,40229,10
12.9959897995,80.2359008789,40229,40239,10
12.9961204529,80.2360992432,40239,40249,10
12.9964799881,80.2367019653,40249,40259,10
12.9968595505,80.2373886108,40259,40269,10
12.997179985,80.2378768921,40269,40279,10
12.9975595474,80.2385025024,40279,40290,11
12.9980897903,80.2389526367,40290,40300,10
12.9986200333,80.2391433716,40300,40310,10
12.9987096786,80.2391586304,40310,40320,10
12.9991102219,80.2392730713,40320,40330,10
12.99958992,80.2393798828,40330,40340,10
13.0003004074,80.2394866943,40340,40350,10
13.0010204315,80.2395782471,40350,40360,10
13.0015602112,80.239730835,40360,40370,10
13.0022001266,80.2399368286,40370,40380,10
13.002579689,80.2400436401,40380,40390,10
13.0027198792,80.2400970459,40390,40400,10
13.0032701492,80.2402801514,40400,40411,11
13.0037202835,80.2409591675,40411,40421,10
13.004070282,80.2416687012,40421,40431,10
13.0047302246,80.2418365479,40431,40441,10
13.0054397583,80.2418212891,40441,40451,10
13.005979538,80.2419433594,40451,40461,10
13.0059204102,80.2423171997,40461,40471,10
13.0059099197,80.2423171997,40471,40481,10
13.0057096481,80.2422637939,40481,41147,666
13.0055904388,80.2421112061,41147,41167,20
13.0055904388,80.2421112061,41167,41177,10
13.0055599213,80.2420806885,41177,41187,10
13.0052700043,80.241859436,41187,41197,10
13.0047397614,80.241859436,41197,41207,10
13.0040903091,80.2417526245,41207,41216,9
13.0038404465,80.2412414551,41216,41228,12
13.0035104752,80.2405471802,41228,41238,10
13.0029296875,80.2402496338,41238,41248,10
13.0023698807,80.2400970459,41248,41258,10
13.0017700195,80.2398910522,41258,41268,10
13.0011100769,80.239692688,41268,41278,10
13.0006399155,80.2396011353,41278,41288,10
12.999830246,80.2395095825,41288,41298,10
12.9992704391,80.2393798828,41298,41308,10
12.9992103577,80.2393569946,41308,41318,10
12.9990997314,80.2393188477,41318,41329,11
12.998749733,80.2392425537,41329,41339,10
12.9983301163,80.2391204834,41339,41348,9
12.997879982,80.2389221191,41348,41359,11
12.9974403381,80.2384414673,41359,41369,10
12.9969997406,80.2377624512,41369,41379,10
12.9967002869,80.2372207642,41379,41389,10
12.9963502884,80.2365722656,41389,41399,10
12.9959697723,80.2359313965,41399,41409,10
12.9954299927,80.2354278564,41409,41419,10
12.9949502945,80.2351379395,41419,41429,10
12.9944496155,80.2348175049,41429,41439,10
12.9939403534,80.2345809937,41439,41460,21
12.9939403534,80.2345809937,41460,41470,10
12.9938602448,80.2344589233,41470,41480,10
12.9938201904,80.234413147,41480,41490,10
12.9936199188,80.2342529297,41490,41500,10
12.9935398102,80.2341690063,41500,41510,10
12.9934597015,80.23412323,41510,41520,10
12.9932899475,80.2340164185,41520,41530,10
12.993060112,80.2339172363,41530,41540,10
12.9928302765,80.2338485718,41540,41550,10
12.9925899506,80.2338104248,41550,41560,10
12.9922704697,80.2337722778,41560,41570,10
12.9918899536,80.233757019,41570,41591,21
12.9918899536,80.233757019,41591,41601,10
12.9916400909,80.2337799072,41601,41611,10
12.9913797379,80.2335891724,41611,41621,10
12.9912595749,80.2331237793,41621,41631,10
12.9911003113,80.2326583862,41631,41641,10
12.9909696579,80.2320404053,41641,41651,10
12.990940094,80.2317886353,41651,41661,10
12.990940094,80.2317123413,41661,41671,10
12.9908800125,80.2312774658,41671,41681,10
12.9908599854,80.230682373,41681,41692,11
12.9908103943,80.2300872803,41692,41702,10
12.9907999039,80.2298812866,41702,41712,10
12.9906196594,80.2291793823,41712,41722,10
12.9904499054,80.2285919189,41722,41732,10
12.9902896881,80.2278594971,41732,41742,10
12.9902200699,80.2274627686,41742,41752,10
12.9901599884,80.2272415161,41752,41762,10
12.9900598526,80.2266998291,41762,41772,10
12.9901103973,80.2260437012,41772,41782,10
12.9897203445,80.2252731323,41782,41792,10
12.9895200729,80.2245864868,41792,41802,10
12.9894800186,80.2239074707,41802,41813,11
12.9890699387,80.2234115601,41813,41823,10
12.9883403778,80.2234268188,41823,41863,40
12.9883403778,80.2234268188,41863,41873,10
12.9887399673,80.2233276367,41873,41883,10
12.9892396927,80.2234725952,41883,41893,10
12.9894599915,80.2239303589,41893,41903,10
12.9895296097,80.2246170044,41903,41913,10
12.9898195267,80.2252197266,41913,41924,11
12.9900598526,80.225982666,41924,41934,10
12.9900598526,80.2266235352,41934,41944,10
12.9901599884,80.2272567749,41944,41954,10
12.989979744,80.2276077271,41954,41963,9
12.9898796082,80.2276992798,41963,41974,11
12.9894304276,80.2279968262,41974,41984,10
12.9889202118,80.2284317017,41984,41994,10
12.9886302948,80.2291793823,41994,42004,10
12.9883899689,80.2297821045,42004,42014,10
12.9883499146,80.2298812866,42014,42024,10
12.9883003235,80.2300186157,42024,42034,10
12.9881601334,80.2303924561,42034,42045,11
12.9878902435,80.2310333252,42045,42055,10
12.9876003265,80.2317810059,42055,42065,10
12.9874601364,80.2326583862,42065,42075,10
12.9873800278,80.2331924438,42075,42085,10
12.9869098663,80.233253479,42085,42095,10
12.986579895,80.2332611084,42095,42105,10
12.9863700867,80.233291626,42105,42115,10
12.986120224,80.2336807251,42115,42125,10
12.9861602783,80.2342910767,42125,42135,10
12.9864196777,80.2350082397,42135,42145,10
12.9864797592,80.235168457,42145,42156,11
12.986530304,80.2354431152,42156,42167,11
12.9865598679,80.2361068726,42167,42177,10
12.9865903854,80.2368774414,42177,42187,10
12.9866104126,80.2374725342,42187,42197,10
12.9866399765,80.2382507324,42197,42207,10
12.9865198135,80.2386398315,42207,42217,10
12.9866199493,80.2384567261,42217,42994,777
12.9866199493,80.2384567261,42994,43004,10
12.9866399765,80.2382888794,43004,43014,10
12.9866600037,80.23802948,43014,43024,10
12.9866399765,80.2376785278,43024,43034,10
12.9866104126,80.237159729,43034,43044,10
12.9865999222,80.2367019653,43044,43054,10
12.986579895,80.2360992432,43054,43064,10
12.9865598679,80.2355575562,43064,43074,10
12.9865503311,80.235458374,43074,43084,10
12.9865398407,80.2353515625,43084,43095,11
12.9863395691,80.2349777222,43095,43105,10
12.9861402512,80.2345581055,43105,43115,10
12.9861297607,80.2340927124,43115,43125,10
12.986120224,80.2336425781,43125,43135,10
12.9866199493,80.2333679199,43135,43155,20
12.9866199493,80.2333679199,43155,43165,10
12.9869499207,80.2333374023,43165,43175,10
12.9871196747,80.2333297729,43175,43185,10
12.9873199463,80.2332763672,43185,43195,10
12.9874200821,80.2329025269,43195,43205,10
12.9875097275,80.2323532104,43205,43216,11
12.9876699448,80.2317276001,43216,43226,10
12.9878702164,80.2311935425,43226,43236,10
12.988120079,80.2306213379,43236,43246,10
12.9882698059,80.2301177979,43246,43255,9
12.9882898331,80.2300872803,43255,43266,11
12.9883403778,80.2299499512,43266,43276,10
12.9885101318,80.2295074463,43276,43286,10
12.9887399673,80.2289199829,43286,43296,10
12.9890604019,80.2283172607,43296,43306,10
12.9896297455,80.2279586792,43306,43315,9
12.989979744,80.227722168,43315,43326,11
12.9901103973,80.2276535034,43326,43337,11
12.9901199341,80.2270584106,43337,43347,10
12.9900197983,80.2264480591,43347,43357,10
12.9900197983,80.2257766724,43357,43367,10
12.9896097183,80.2250213623,43367,43377,10
12.9894800186,80.2243881226,43377,43387,10
12.9894399643,80.2238006592,43387,43397,10
12.9889097214,80.2234191895,43397,43407,10
12.9883403778,80.2234191895,43407,43437,30
12.9883403778,80.2234191895,43437,43448,11
12.9883804321,80.2233123779,43448,43458,10
12.9887504578,80.2233276367,43458,43468,10
12.9892101288,80.223449707,43468,43478,10
12.98939991,80.2238998413,43478,43488,10
12.9894800186,80.2245330811,43488,43498,10
12.9897003174,80.225151062,43498,43508,10
12.9899997711,80.2256317139,43508,43518,10
12.9899902344,80.2264022827,43518,43528,10
12.9901800156,80.2275466919,43528,43548,20
12.9901800156,80.2275466919,43548,43558,10
12.990240097,80.2279434204,43558,43569,11
12.9903202057,80.2283706665,43569,43579,10
12.9905004501,80.2288970947,43579,43589,10
12.9906797409,80.2295837402,43589,43599,10
12.9907798767,80.2301177979,43599,43609,10
12.9907798767,80.230178833,43609,43619,10
12.9907999039,80.2306137085,43619,43629,10
12.9907999039,80.2311096191,43629,43639,10
12.9908800125,80.2316436768,43639,43649,10
12.9909200668,80.2319793701,43649,43659,10
12.9909200668,80.2320022583,43659,43669,10
12.9910001755,80.2323913574,43669,43679,10
12.9911499023,80.2328720093,43679,43690,11
12.9917497635,80.2336578369,43690,43720,30
12.9917497635,80.2336578369,43720,43730,10
12.9918699265,80.2337417603,43730,43740,10
12.9922399521,80.2337799072,43740,43750,10
12.992650032,80.233833313,43750,43760,10
12.9927997589,80.23387146,43760,43770,10
12.993229866,80.2340393066,43770,43780,10
12.9938802719,80.2344818115,43780,43801,21
12.9938802719,80.2344818115,43801,43811,10
12.9941101074,80.23462677,43811,43821,10
12.9946203232,80.2349319458,43821,43831,10
12.9952201843,80.2352676392,43831,43841,10
12.995759964,80.2356796265,43841,43851,10
12.9960298538,80.2359695435,43851,43861,10
12.9961395264,80.2360916138,43861,43871,10
12.9964103699,80.2366027832,43871,43881,10
12.9967403412,80.2372512817,43881,43891,10
12.9970197678,80.237739563,43891,43900,9
12.9973602295,80.2382583618,43900,43911,11
12.9977798462,80.2387695313,43911,43922,11
12.9987201691,80.2392120361,43922,43952,30
12.9987201691,80.2392120361,43952,43962,10
12.9987802505,80.2392425537,43962,43972,10
12.9990701675,80.2393188477,43972,43982,10
12.9995203018,80.2394104004,43982,43992,10
13.000120163,80.2395019531,43992,44002,10
13.0007801056,80.2395935059,44002,44012,10
13.0012998581,80.2397003174,44012,44023,11
13.0019903183,80.239906311,44023,44033,10
13.0024595261,80.2400588989,44033,44043,10
13.002579689,80.2400894165,44043,44053,10
13.0029001236,80.2401885986,44053,44063,10
13.0034303665,80.2404098511,44063,44073,10
13.0037097931,80.2410125732,44073,44083,10
13.0039396286,80.2415466309,44083,44093,10
13.0043296814,80.2418365479,44093,44103,10
13.0048999786,80.2418289185,44103,44113,10
13.0055103302,80.2418212891,44113,44123,10
13.0059099197,80.2422180176,44123,44143,20
13.0059099197,80.2422180176,44143,44154,11
13.005900383,80.2423019409,44154,44164,10
13.0056800842,80.2422485352,44164,44900,736
13.0056800842,80.2422485352,44900,44910,10
13.0056495667,80.2421722412,44910,44920,10
13.0054197311,80.2419891357,44920,44930,10
13.0050601959,80.2418289185,44930,44940,10
13.0045204163,80.2418823242,44940,44950,10
13.0039997101,80.2416763306,44950,44963,13
13.003780365,80.2411270142,44963,44974,11
13.0034503937,80.2404937744,44974,44985,11
13.0027198792,80.2401885986,44985,45005,20
13.0027198792,80.2401885986,45005,45015,10
13.0023899078,80.2400588989,45015,45025,10
13.0018796921,80.2398834229,45025,45035,10
13.0012998581,80.2397384644,45035,45044,9
13.0006999969,80.2396011353,45044,45054,10
13.0000896454,80.2395172119,45054,45065,11
12.9992198944,80.2393569946,45065,45086,21
12.9992198944,80.2393569946,45086,45096,10
12.9990701675,80.2393112183,45096,45106,10
12.9988002777,80.2392425537,45106,45116,10
12.9984397888,80.2391204834,45116,45126,10
12.9979600906,80.2389373779,45126,45136,10
12.9975700378,80.23853302,45136,45146,10
12.997179985,80.2379684448,45146,45156,10
12.9968204498,80.2374801636,45156,45166,10
12.9962997437,80.2364578247,45166,45186,20
12.9962997437,80.2364578247,45186,45196,10
12.9962501526,80.2363433838,45196,45207,11
12.9959201813,80.2358474731,45207,45217,10
12.9954204559,80.2354202271,45217,45227,10
12.9949302673,80.2351303101,45227,45237,10
12.9939098358,80.2345504761,45237,45267,30
12.9939098358,80.2345504761,45267,45277,10
12.9938497543,80.2344818115,45277,45287,10
12.9936304092,80.2342681885,45287,45297,10
12.993229866,80.234046936,45297,45307,10
12.9928102493,80.2339096069,45307,45317,10
12.9922800064,80.2338180542,45317,45328,11
12.991900444,80.233757019,45328,45358,30
12.991900444,80.233757019,45358,45368,10
12.9914999008,80.233757019,45368,45378,10
12.991350174,80.2333679199,45378,45388,10
12.9911899567,80.2329788208,45388,45398,10
12.9910097122,80.2324829102,45398,45408,10
12.9910001755,80.2317581177,45408,45428,20
12.9910001755,80.2317581177,45428,45439,11
12.990940094,80.2315368652,45439,45449,10
12.9908704758,80.2311706543,45449,45459,10
12.9907798767,80.2306594849,45459,45469,10
12.9906997681,80.2301483154,45469,45479,10
12.9907302856,80.2300872803,45479,45489,10
12.9907999039,80.2298202515,45489,45499,10
12.9906797409,80.229347229,45499,45509,10
12.9905099869,80.2288284302,45509,45519,10
12.9904098511,80.2283706665,45519,45529,10
12.9902095795,80.2275085449,45529,45549,20
12.9902095795,80.2275085449,45549,45560,11
12.9901399612,80.2271575928,45560,45570,10
12.9901304245,80.2267532349,45570,45580,10
12.9901199341,80.2261428833,45580,45590,10
12.9899196625,80.225479126,45590,45600,10
12.9896202087,80.2248764038,45600,45610,10
12.9895296097,80.224319458,45610,45620,10
12.9894800186,80.2237319946,45620,45630,10
12.9890298843,80.2233886719,45630,45640,10
12.9885396957,80.2233581543,45640,45650,10
12.9883298874,80.2233734131,45650,45691,41
12.9883298874,80.2233734131,45691,45701,10
12.9884796143,80.2232894897,45701,45711,10
12.98898983,80.2233276367,45711,45721,10
12.98939991,80.2237319946,45721,45731,10
12.9894199371,80.2242584229,45731,45741,10
12.9895200729,80.2248382568,45741,45751,10
12.9899597168,80.2255783081,45751,45761,10
12.9899196625,80.2262268066,45761,45771,10
12.9900197983,80.2267913818,45771,45781,10
12.990070343,80.2273864746,45781,45792,11
12.9898500443,80.2276992798,45792,45832,40
12.9898500443,80.2276992798,45832,45842,10
12.9897203445,80.2278518677,45842,45852,10
12.989279747,80.2280578613,45852,45862,10
12.9888601303,80.2285690308,45862,45872,10
12.9885702133,80.2292175293,45872,45882,10
12.9882698059,80.229927063,45882,45901,19
12.9882698059,80.229927063,45901,45913,12
12.9881801605,80.2303390503,45913,45923,10
12.9879703522,80.2308425903,45923,45933,10
12.9877004623,80.2314529419,45933,45943,10
12.9874897003,80.2320327759,45943,45953,10
12.9873800278,80.2326583862,45953,45963,10
12.9873695374,80.2330322266,45963,45973,10
12.9871101379,80.2332077026,45973,45983,10
12.986530304,80.2332763672,45983,46003,20
12.986530304,80.2332763672,46003,46013,10
12.9863595963,80.2332611084,46013,46024,11
12.9861001968,80.2335968018,46024,46034,10
12.9860696793,80.23412323,46034,46044,10
12.986410141,80.2351608276,46044,46074,30
12.986410141,80.2351608276,46074,46084,10
12.9864797592,80.2352905273,46084,46094,10
12.9865198135,80.2358093262,46094,46104,10
12.986530304,80.2364196777,46104,46113,9
12.9865598679,80.2369232178,46113,46124,11
12.9865703583,80.2375564575,46124,46134,10
12.9865999222,80.2382202148,46134,46145,11
12.9864902496,80.2386398315,46145,46155,10
12.986530304,80.2384262085,46155,46830,675
12.986530304,80.2384262085,46830,46841,11
12.9865999222,80.2383575439,46841,46851,10
12.9866104126,80.2381286621,46851,46861,10
12.9865999222,80.237739563,46861,46871,10
12.9865703583,80.2372131348,46871,46881,10
12.9865598679,80.2367172241,46881,46891,10
12.986530304,80.2361373901,46891,46901,10
12.9865398407,80.2355880737,46901,46911,10
12.9864797592,80.2352981567,46911,46941,30
12.9864797592,80.2352981567,46941,46951,10
12.986410141,80.2351226807,46951,46962,11
12.9862203598,80.234703064,46962,46972,10
12.9861402512,80.2342376709,46972,46982,10
12.9860801697,80.233757019,46982,46992,10
12.9862203598,80.2333374023,46992,47002,10
12.9866600037,80.2333068848,47002,47022,20
12.9866600037,80.2333068848,47022,47032,10
12.9869298935,80.2333068848,47032,47042,10
12.9873504639,80.2331619263,47042,47052,10
12.9874000549,80.2326889038,47052,47062,10
12.9874897003,80.2321014404,47062,47072,10
12.9877099991,80.2315597534,47072,47083,11
12.9878997803,80.2311325073,47083,47093,10
12.9880895615,80.2306213379,47093,47103,10
12.9882802963,80.2301330566,47103,47123,20
12.9882802963,80.2301330566,47123,47133,10
12.9882698059,80.2299423218,47133,47143,10
12.9884500504,80.2295837402,47143,47153,10
12.9886798859,80.2290878296,47153,47163,10
12.9889097214,80.2284393311,47163,47173,10
12.9894199371,80.2280502319,47173,47184,11
12.9898195267,80.2277526855,47184,47194,10
12.9899902344,80.2276535034,47194,47204,10
12.9900999069,80.2275695801,47204,47214,10
12.9901103973,80.2272033691,47214,47224,10
12.9900598526,80.2267379761,47224,47234,10
12.9900503159,80.2263183594,47234,47244,10
12.9899396896,80.2255630493,47244,47254,10
12.9896297455,80.2249832153,47254,47264,10
12.9895000458,80.2244720459,47264,47274,10
12.9894895554,80.2244110107,47274,47284,10
12.9894800186,80.2241821289,47284,47293,9
12.9894504547,80.2237319946,47293,47304,11
12.9891300201,80.2233963013,47304,47315,11
12.9883403778,80.2233734131,47315,47415,100
12.9883403778,80.2233734131,47415,47426,11
12.9885101318,80.2232437134,47426,47436,10
12.9889202118,80.2232818604,47436,47446,10
12.9893102646,80.2235412598,47446,47456,10
12.9894104004,80.2239685059,47456,47466,10
12.9894599915,80.2245178223,47466,47476,10
12.9897003174,80.2251205444,47476,47486,10
12.9900302887,80.225692749,47486,47496,10
12.9899902344,80.2261886597,47496,47506,10
12.9899702072,80.2264175415,47506,47516,10
12.9900598526,80.2270507813,47516,47526,10
12.9901199341,80.2274475098,47526,47536,10
12.9901599884,80.2275924683,47536,47547,11
12.990240097,80.2279968262,47547,47557,10
12.9904003143,80.2285385132,47557,47567,10
12.9905700684,80.2290725708,47567,47577,10
12.9907102585,80.2296676636,47577,47587,10
12.9907903671,80.230178833,47587,47607,20
12.9907903671,80.230178833,47607,47617,10
12.9907999039,80.2303771973,47617,47627,10
12.9908103943,80.2308578491,47627,47637,10
12.9908599854,80.231338501,47637,47647,10
12.9909200668,80.2319717407,47647,47668,21
12.9909200668,80.2319717407,47668,47678,10
12.990940094,80.2322311401,47678,47688,10
12.9910898209,80.232711792,47688,47698,10
12.9912595749,80.2332000732,47698,47708,10
12.9916601181,80.2336196899,47708,47738,30
12.9916601181,80.2336196899,47738,47748,10
12.9918804169,80.2337036133,47748,47758,10
12.9922103882,80.2337265015,47758,47768,10
12.9926795959,80.2337799072,47768,47779,11
12.9932003021,80.2339782715,47779,47789,10
12.9936304092,80.2342681885,47789,47799,10
12.9938898087,80.2344589233,47799,47809,10
12.9938898087,80.2344665527,47809,47819,10
12.994020462,80.2345809937,47819,47829,10
12.9943399429,80.2347488403,47829,47839,10
12.994799614,80.234992981,47839,47849,10
12.9952602386,80.2352981567,47849,47859,10
12.9959402084,80.2359008789,47859,47879,20
12.9959402084,80.2359008789,47879,47889,10
12.9961204529,80.2361297607,47889,47900,11
12.9963703156,80.2366027832,47900,47910,10
12.9965896606,80.2370605469,47910,47920,10
12.9968795776,80.2375488281,47920,47930,10
12.997209549,80.2380599976,47930,47940,10
12.9975700378,80.2385635376,47940,47950,10
12.9979600906,80.238899231,47950,47960,10
12.9986896515,80.2391662598,47960,48041,81
12.9986896515,80.2391662598,48041,48051,10
12.9988603592,80.2392501831,48051,48061,10
12.9991197586,80.2393188477,48061,48071,10
12.99958992,80.2393875122,48071,48081,10
13.000169754,80.2394485474,48081,48091,10
13.0008001328,80.2395477295,48091,48101,10
13.0013399124,80.2396469116,48101,48111,10
13.001950264,80.2398376465,48111,48121,10
13.0024404526,80.240020752,48121,48132,11
13.0029096603,80.2401733398,48132,48142,10
13.0034303665,80.2404327393,48142,48152,10
13.0037002563,80.241027832,48152,48162,10
13.0039997101,80.2416534424,48162,48172,10
13.0045900345,80.2418289185,48172,48182,10
13.0052404404,80.2417984009,48182,48192,10
13.0057897568,80.2418136597,48192,48202,10
13.0058698654,80.2422790527,48202,48242,40
13.0057001114,80.2422637939,48242,48454,212
13.0057001114,80.2422637939,48454,48464,10
13.0055999756,80.2421569824,48464,48474,10
13.0053300858,80.2419204712,48474,48485,11
13.0047597885,80.2418670654,48485,48495,10
13.0041599274,80.2417984009,48495,48505,10
13.0038604736,80.2413024902,48505,48515,10
13.0036001205,80.2406997681,48515,48525,10
13.0031204224,80.2402801514,48525,48535,10
13.002530098,80.2400970459,48535,48545,10
13.0020198822,80.2398986816,48545,48555,10
13.0014200211,80.2397003174,48555,48565,10
13.0008602142,80.2396087646,48565,48575,10
13.0002403259,80.2395172119,48575,48585,10
12.9992103577,80.2393493652,48585,48606,21
12.9992103577,80.2393493652,48606,48616,10
12.9990596771,80.2392807007,48616,48626,10
12.998550415,80.2391586304,48626,48636,10
12.9979295731,80.238899231,48636,48646,10
12.9975099564,80.2384262085,48646,48656,10
12.9970502853,80.2377090454,48656,48666,10
12.9967002869,80.2371368408,48666,48676,10
12.996339798,80.2364501953,48676,48686,10
12.9959096909,80.2358169556,48686,48696,10
12.9953403473,80.2353668213,48696,48705,9
12.9948596954,80.2350769043,48705,48717,12
12.9941596985,80.2346572876,48717,48727,10
12.9939804077,80.2345809937,48727,48737,10
12.9938001633,80.2343978882,48737,48747,10
12.993519783,80.2341918945,48747,48757,10
12.9931001663,80.2339706421,48757,48767,10
12.9924497604,80.2338104248,48767,48777,10
12.9918203354,80.233757019,48777,48817,40
12.9918203354,80.233757019,48817,48827,10
12.9914102554,80.2337036133,48827,48838,11
12.9912996292,80.2332229614,48838,48848,10
12.9911403656,80.2327194214,48848,48858,10
12.9909696579,80.2321166992,48858,48869,11
12.9909601212,80.2317733765,48869,48879,10
12.9909496307,80.2314834595,48879,48889,10
12.9909095764,80.2308883667,48889,48899,10
12.9908504486,80.2303237915,48899,48909,10
12.990819931,80.2300109863,48909,48919,10
12.9907903671,80.2297592163,48919,48929,10
12.9906597137,80.2292098999,48929,48939,10
12.9904899597,80.2287063599,48939,48950,11
12.9903497696,80.2282028198,48950,48960,10
12.9902095795,80.2276687622,48960,48970,10
12.9901800156,80.2274627686,48970,48980,10
12.9901399612,80.2270431519,48980,48990,10
12.9900302887,80.2264404297,48990,49000,10
12.9900798798,80.2257385254,49000,49010,10
12.9896497726,80.2250137329,49010,49020,10
12.9895000458,80.2244567871,49020,49029,9
12.9894800186,80.2242965698,49029,49040,11
12.9894504547,80.223739624,49040,49050,10
12.9889802933,80.2233886719,49050,49061,11
12.9883899689,80.2235794067,49061,49081,20
12.9883899689,80.2235794067,49081,49090,9
12.9883003235,80.2238693237,49090,50362,1272
12.9882802963,80.2239379883,50362,50927,565
12.9882802963,80.2239379883,50927,50938,11
12.9882698059,80.223777771,50938,50948,10
12.9882802963,80.2237167358,50948,50958,10
12.9884300232,80.2233886719,50958,50998,40
12.9884300232,80.2233886719,50998,51008,10
12.9886398315,80.2232971191,51008,51018,10
12.9891901016,80.2234115601,51018,51028,10
12.9894504547,80.2239227295,51028,51038,10
12.9895200729,80.224609375,51038,51049,11
12.989780426,80.2252731323,51049,51059,10
12.9900798798,80.2259674072,51059,51069,10
12.9900398254,80.2265472412,51069,51079,10
12.9901599884,80.2272872925,51079,51088,9
12.9899101257,80.2277374268,51088,51099,11
12.9898395538,80.2277679443,51099,51109,10
12.9895401001,80.2279968262,51109,51119,10
12.9889202118,80.2284011841,51119,51129,10
12.9886302948,80.2291412354,51129,51139,10
12.9884004593,80.2297973633,51139,51149,10
12.9883098602,80.2300033569,51149,51160,11
12.9882001877,80.2302703857,51160,51170,10
12.9879102707,80.231048584,51170,51180,10
12.9875802994,80.2320175171,51180,51190,10
12.9874696732,80.232963562,51190,51200,10
12.9871997833,80.2332763672,51200,51210,10
12.9866399765,80.2332992554,51210,51220,10
12.986530304,80.2332992554,51220,51230,10
12.9862203598,80.2333374023,51230,51240,10
12.986120224,80.2338485718,51240,51250,10
12.9862003326,80.2345275879,51250,51260,10
12.9864797592,80.235168457,51260,51270,10
12.9864997864,80.2352600098,51270,51281,11
12.9865503311,80.2358779907,51281,51291,10
12.9865703583,80.236579895,51291,51301,10
12.986579895,80.2371826172,51301,51311,10
12.9866104126,80.23802948,51311,51321,10
12.9865398407,80.2385177612,51321,51371,50
12.9865398407,80.2385177612,51371,51381,10
12.9866304398,80.23828125,51381,51391,10
12.9866104126,80.237739563,51391,51402,11
12.9865903854,80.2371292114,51402,51412,10
12.986579895,80.2366409302,51412,51422,10
12.9865398407,80.2358779907,51422,51432,10
12.9864902496,80.2353210449,51432,51452,20
12.9864902496,80.2353210449,51452,51462,10
12.9864997864,80.2352600098,51462,51472,10
12.9863004684,80.2348632813,51472,51482,10
12.9861402512,80.2342834473,51482,51492,10
12.9860496521,80.2337722778,51492,51502,10
12.9863500595,80.2333602905,51502,51513,11
12.986700058,80.2333374023,51513,51523,10
12.9870500565,80.2333297729,51523,51533,10
12.9873800278,80.2330169678,51533,51543,10
12.9874200821,80.2325592041,51543,51553,10
12.9875802994,80.2318191528,51553,51563,10
12.9879798889,80.2309036255,51563,51573,10
12.9882602692,80.2301635742,51573,51583,10
12.9882602692,80.2301177979,51583,51593,10
12.9882802963,80.2300109863,51593,51603,10
12.9884700775,80.2295532227,51603,51613,10
12.9887399673,80.2288665771,51613,51623,10
12.9892597198,80.2282028198,51623,51634,11
12.9900598526,80.2276763916,51634,51654,20
12.9900598526,80.2276763916,51654,51664,10
12.9901895523,80.2275466919,51664,51674,10
12.9901199341,80.2269821167,51674,51684,10
12.9900398254,80.2263870239,51684,51694,10
12.9900398254,80.2257232666,51694,51704,10
12.9896097183,80.2249832153,51704,51714,10
12.9894695282,80.224319458,51714,51724,10
12.98939991,80.2236785889,51724,51734,10
12.9889001846,80.2233505249,51734,51744,10
12.9883403778,80.2233428955,51744,51775,31
12.9883403778,80.2233428955,51775,51785,10
12.9884796143,80.2233123779,51785,51795,10
12.9890499115,80.2233734131,51795,51805,10
12.9894399643,80.2237319946,51805,51815,10
12.9894504547,80.2242202759,51815,51825,10
12.9896001816,80.2249069214,51825,51835,10
12.9900302887,80.2255783081,51835,51845,10
12.9900302887,80.2263793945,51845,51855,10
12.9901199341,80.2270202637,51855,51866,11
12.9901800156,80.2275772095,51866,51876,10
12.9902200699,80.2277374268,51876,51886,10
12.9903697968,80.2284011841,51886,51896,10
12.9905500412,80.2289199829,51896,51906,10
12.9907598495,80.2296905518,51906,51916,10
12.9907999039,80.2301177979,51916,51926,10
12.9908103943,80.2303924561,51926,51936,10
12.9908599854,80.2309799194,51936,51946,10
12.9909601212,80.2319793701,51946,51966,20
12.9909601212,80.2319793701,51966,51976,10
12.9910202026,80.2323913574,51976,51987,11
12.9912700653,80.2331008911,51987,51997,10
12.9917898178,80.2336502075,51997,52017,20
12.9917898178,80.2336502075,52017,52027,10
12.9919700623,80.233757019,52027,52037,10
12.9924297333,80.2337875366,52037,52047,10
12.9931001663,80.2339706421,52047,52057,10
12.9934101105,80.234161377,52057,52067,10
12.9938602448,80.2344818115,52067,52087,20
12.9938602448,80.2344818115,52087,52097,10
12.9940004349,80.2345581055,52097,52108,11
12.9945497513,80.2349624634,52108,52118,10
12.9952402115,80.2352981567,52118,52128,10
12.9958095551,80.235710144,52128,52138,10
12.9960002899,80.2359237671,52138,52148,10
12.9960803986,80.2360305786,52148,52158,10
12.9963903427,80.2366027832,52158,52168,10
12.9968204498,80.2373886108,52168,52178,10
12.9971904755,80.2379379272,52178,52188,10
12.9977302551,80.2386474609,52188,52198,10
12.9986600876,80.2391662598,52198,52229,31
12.9986600876,80.2391662598,52229,52239,10
12.9990196228,80.2393035889,52239,52249,10
12.9995498657,80.239440918,52249,52259,10
13.000579834,80.2395935059,52259,52269,10
13.0012702942,80.2397079468,52269,52279,10
13.001999855,80.2399368286,52279,52289,10
13.0024299622,80.2400817871,52289,52299,10
13.0025196075,80.2400817871,52299,52309,10
13.0030002594,80.2402420044,52309,52319,10
13.0035896301,80.2406997681,52319,52329,10
13.0039997101,80.2416305542,52329,52340,11
13.0049800873,80.2418289185,52340,52350,10
13.0058403015,80.2418365479,52350,52360,10
13.0057201385,80.2422790527,52360,53096,736
13.0057201385,80.2422790527,53096,53106,10
13.0053796768,80.2419586182,53106,53116,10
13.0047998428,80.2418365479,53116,53126,10
13.0039701462,80.2416610718,53126,53136,10
13.0036201477,80.2407684326,53136,53146,10
13.002869606,80.2401885986,53146,53157,11
13.0024795532,80.2400512695,53157,53167,10
13.002240181,80.2399673462,53167,53177,10
13.001449585,80.2397079468,53177,53187,10
13.0007696152,80.2395629883,53187,53197,10
12.9990997314,80.2393035889,53197,53227,30
12.9990997314,80.2393035889,53227,53237,10
12.9988098145,80.2392196655,53237,53247,10
12.998049736,80.2389373779,53247,53257,10
12.9975996017,80.2385177612,53257,53268,11
12.9970397949,80.2376937866,53268,53278,10
12.996720314,80.2371673584,53278,53288,10
12.9963197708,80.2364196777,53288,53298,10
12.9962701797,80.2363510132,53298,53308,10
12.9959602356,80.2359008789,53308,53318,10
12.9953203201,80.2353210449,53318,53328,10
12.9948596954,80.2350006104,53328,53338,10
12.9940595627,80.2345504761,53338,53348,10
12.9938802719,80.234413147,53348,53358,10
12.9937095642,80.2342834473,53358,53368,10
12.9933595657,80.234046936,53368,53379,11
12.992939949,80.2338790894,53379,53389,10
12.991809845,80.2337265015,53389,53409,20
12.991809845,80.2337265015,53409,53419,10
12.9914598465,80.2337265015,53419,53429,10
12.9912700653,80.2331237793,53429,53439,10
12.9911003113,80.2326202393,53439,53449,10
12.990940094,80.2317886353,53449,53459,10
12.9909496307,80.231628418,53459,53469,10
12.9908704758,80.2310409546,53469,53479,10
12.9908399582,80.2304000854,53479,53489,10
12.9907903671,80.2300186157,53489,53499,10
12.9907598495,80.2297363281,53499,53510,11
12.9905395508,80.2289199829,53510,53520,10
12.9903802872,80.2284164429,53520,53530,10
12.9902000427,80.2276306152,53530,53540,10
12.9901800156,80.2275314331,53540,53550,10
12.9901599884,80.2271499634,53550,53560,10
12.9900197983,80.2264175415,53560,53570,10
12.9900598526,80.2257919312,53570,53580,10
12.9895801544,80.2249221802,53580,53590,10
12.9894599915,80.2242431641,53590,53600,10
12.9893503189,80.2236022949,53600,53610,10
12.9888095856,80.2233200073,53610,53620,10
12.9883203506,80.2233581543,53620,53651,31
12.9883203506,80.2233581543,53651,53660,9
12.9885702133,80.2233200073,53660,53671,11
12.9891500473,80.2234191895,53671,53681,10
12.9894399643,80.2238769531,53681,53691,10
12.9894800186,80.2245025635,53691,53701,10
12.9897003174,80.2251205444,53701,53711,10
12.9900598526,80.2258987427,53711,53721,10
12.9901199341,80.2273330688,53721,53732,11
12.9901199341,80.2273330688,53732,53743,11
12.9898300171,80.2277374268,53743,53753,10
12.9897098541,80.2278366089,53753,53763,10
12.9890604019,80.2282028198,53763,53773,10
12.9886598587,80.2289886475,53773,53783,10
12.9883899689,80.2296676636,53783,53793,10
12.9882898331,80.2299804688,53793,53803,10
12.9882497787,80.2300186157,53803,53814,11
12.9880695343,80.2305984497,53814,53824,10
12.9876899719,80.2315826416,53824,53834,10
12.9874696732,80.2326507568,53834,53844,10
12.9874000549,80.2332000732,53844,53854,10
12.9868402481,80.2333068848,53854,53865,11
12.9865198135,80.2333068848,53865,53875,10
12.9861698151,80.2333679199,53875,53885,10
12.9861001968,80.2339401245,53885,53895,10
12.9861803055,80.2346191406,53895,53905,10
12.9864301682,80.2351913452,53905,53915,10
12.9864702225,80.2352676392,53915,53925,10
12.9865198135,80.2358093262,53925,53935,10
12.9865503311,80.2364807129,53935,53945,10
12.986579895,80.2371673584,53945,53955,10
12.9866104126,80.23802948,53955,53976,21
12.9866104126,80.23802948,53976,53986,10
12.9866199493,80.2386169434,53986,53996,10
12.9865703583,80.2384033203,53996,54782,786
12.9865703583,80.2384033203,54782,54793,11
12.9865999222,80.2382736206,54793,54803,10
12.9865999222,80.2378921509,54803,54813,10
12.9866104126,80.2377929688,54813,54823,10
12.9866104126,80.2372665405,54823,54833,10
12.9866104126,80.2367401123,54833,54843,10
12.986579895,80.2359466553,54843,54853,10
12.986530304,80.2353897095,54853,54863,10
12.9865102768,80.2353286743,54863,54873,10
12.9864397049,80.2351531982,54873,54883,10
12.9861803055,80.2345733643,54883,54893,10
12.9861097336,80.2338409424,54893,54903,10
12.9866399765,80.2333297729,54903,54924,21
12.9866399765,80.2333297729,54924,54934,10
12.987039566,80.2332763672,54934,54944,10
12.9873600006,80.2330322266,54944,54954,10
12.9874601364,80.2323608398,54954,54964,10
12.9877300262,80.2313613892,54964,54974,10
12.9881095886,80.23046875,54974,54984,10
12.9882602692,80.2300491333,54984,54994,10
12.9883699417,80.2297515869,54994,55004,10
12.9886198044,80.2291793823,55004,55015,11
12.988940239,80.2284088135,55015,55025,10
12.9896802902,80.2279586792,55025,55035,10
12.9899902344,80.2276306152,55035,55045,10
12.990070343,80.2276000977,55045,55055,10
12.9901304245,80.2272033691,55055,55065,10
12.9900398254,80.2264862061,55065,55075,10
12.9900903702,80.2258377075,55075,55085,10
12.9897003174,80.2251205444,55085,55095,10
12.9895095825,80.2244873047,55095,55105,10
12.9894599915,80.2237930298,55105,55115,10
12.9890203476,80.2233505249,55115,55125,10
12.9883403778,80.2233428955,55125,55166,41
12.9883403778,80.2233428955,55166,55176,10
12.9886903763,80.2232971191,55176,55186,10
12.9891796112,80.2234191895,55186,55197,11
12.9894304276,80.2238998413,55197,55206,9
12.9894800186,80.2245635986,55206,55217,11
12.9897203445,80.2251663208,55217,55227,10
12.9900302887,80.2259674072,55227,55237,10
12.989979744,80.2265472412,55237,55247,10
12.9901504517,80.2275238037,55247,55269,22
12.9901504517,80.2275238037,55269,55279,10
12.9902000427,80.2277526855,55279,55289,10
12.9903402328,80.228302002,55289,55299,10
12.990480423,80.228767395,55299,55309,10
12.9906797409,80.2294616699,55309,55319,10
12.9907903671,80.2300796509,55319,55329,10
12.9907903671,80.2301483154,55329,55339,10
12.9908599854,80.2307434082,55339,55349,10
12.9908704758,80.231262207,55349,55359,10
12.9909095764,80.231918335,55359,55369,10
12.9909095764,80.2319488525,55369,55380,11
12.9910001755,80.232383728,55380,55390,10
12.9911804199,80.2329177856,55390,55400,10
12.9917097092,80.2335891724,55400,55420,20
12.9917097092,80.2335891724,55420,55430,10
12.9918603897,80.2337036133,55430,55440,10
12.9922599792,80.2337036133,55440,55450,10
12.9930000305,80.2338790894,55450,55460,10
12.9938001633,80.2343902588,55460,55480,20
12.9938001633,80.2343902588,55480,55490,10
12.9940900803,80.2345809937,55490,55501,11
12.9948501587,80.2350006104,55501,55511,10
12.9953603745,80.2353591919,55511,55521,10
12.9959201813,80.2358398438,55521,55531,10
12.9959497452,80.2358779907,55531,55541,10
12.9962396622,80.2363586426,55541,55551,10
12.9966201782,80.237121582,55551,55561,10
12.9969797134,80.2377166748,55561,55571,10
12.9974403381,80.2384262085,55571,55581,10
12.9979600906,80.2388687134,55581,55591,10
12.9986801147,80.2391586304,55591,55612,21
12.9986801147,80.2391586304,55612,55622,10
12.999130249,80.2393035889,55622,55632,10
12.999879837,80.2394180298,55632,55642,10
13.0008602142,80.2395782471,55642,55652,10
13.001449585,80.239692688,55652,55662,10
13.002240181,80.2399520874,55662,55672,10
13.0024299622,80.2400283813,55672,55682,10
13.0027704239,80.2401428223,55682,55692,10
13.0034799576,80.2405166626,55692,55702,10
13.0038900375,80.2415008545,55702,55712,10
13.0047101974,80.2418212891,55712,55722,10
13.0055999756,80.2417984009,55722,55733,11
13.0058803558,80.2423477173,55733,55764,31
13.0058803558,80.2423477173,55764,55774,10
13.0056495667,80.2422180176,55774,56772,998
13.0056495667,80.2422180176,56772,56783,11
13.0052404404,80.2418289185,56783,56793,10
13.0044603348,80.2418289185,56793,56803,10
13.0039196014,80.2416000366,56803,56813,10
13.0037002563,80.2409591675,56813,56823,10
13.0031404495,80.2403030396,56823,56833,10
13.0025901794,80.2400817871,56833,56843,10
13.002530098,80.2400588989,56843,56853,10
13.0020904541,80.2399215698,56853,56863,10
13.0012702942,80.2396697998,56863,56873,10
13.0006504059,80.2395706177,56873,56883,10
12.9996004105,80.2394180298,56883,56894,11
12.9991798401,80.2393188477,56894,56904,10
12.9991397858,80.2392578125,56904,56914,10
12.9986495972,80.2391433716,56914,56924,10
12.998049736,80.238899231,56924,56934,10
12.9976100922,80.2385177612,56934,56944,10
12.9972000122,80.2379302979,56944,56954,10
12.9968795776,80.2374191284,56954,56964,10
12.9965600967,80.2368011475,56964,56974,10
12.9961795807,80.2361526489,56974,56984,10
12.9953804016,80.2354278564,56984,56994,10
12.9949197769,80.2351379395,56994,57004,10
12.9940795898,80.2346420288,57004,57015,11
12.9934997559,80.2341995239,57015,57025,10
12.9929599762,80.2339401245,57025,57035,10
12.9921398163,80.233757019,57035,57045,10
12.9918203354,80.233757019,57045,57055,10
12.9917201996,80.2337722778,57055,57075,20
12.9917201996,80.2337722778,57075,57085,10
12.9915103912,80.2337799072,57085,57095,10
12.9912996292,80.2332763672,57095,57105,10
12.9911603928,80.2327804565,57105,57115,10
12.9910001755,80.2319793701,57115,57125,10
12.9909601212,80.2317810059,57125,57136,11
12.990940094,80.2314300537,57136,57146,10
12.9909000397,80.2308425903,57146,57156,10
12.9908504486,80.230178833,57156,57166,10
12.9908304214,80.2300109863,57166,57176,10
12.9907398224,80.2295227051,57176,57186,10
12.990530014,80.2288208008,57186,57196,10
12.99036026,80.2282409668,57196,57206,10
12.9902095795,80.2275085449,57206,57216,10
12.9902095795,80.2274627686,57216,57226,10
12.9901695251,80.2270202637,57226,57236,10
12.9900598526,80.2264328003,57236,57247,11
12.990070343,80.2257232666,57247,57257,10
12.9897003174,80.2250595093,57257,57267,10
12.9895296097,80.2243728638,57267,57277,10
12.9894599915,80.2237319946,57277,57287,10
12.9889497757,80.2233886719,57287,57297,10
12.988360405,80.2233581543,57297,57317,20
12.988360405,80.2233581543,57317,57327,10
12.9884300232,80.2233200073,57327,57337,10
12.9887504578,80.2233581543,57337,57347,10
12.9892196655,80.2234573364,57347,57357,10
12.9894504547,80.2238769531,57357,57368,11
12.989569664,80.224647522,57368,57378,10
12.9898195267,80.2252426147,57378,57388,10
12.9900503159,80.2261123657,57388,57398,10
12.9900598526,80.2266998291,57398,57408,10
12.9901895523,80.2274017334,57408,57418,10
12.9899301529,80.2277374268,57418,57438,20
12.9899301529,80.2277374268,57438,57448,10
12.9896602631,80.2279205322,57448,57458,10
12.9890403748,80.2282714844,57458,57468,10
12.9886703491,80.2290267944,57468,57478,10
12.9884500504,80.2295227051,57478,57489,11
12.9883003235,80.2299423218,57489,57499,10
12.9882802963,80.2300033569,57499,57509,10
12.9881401062,80.2303314209,57509,57519,10
12.9878797531,80.2309188843,57519,57529,10
12.9875802994,80.2317123413,57529,57539,10
12.9874401093,80.2326202393,57539,57549,10
12.9873800278,80.2332000732,57549,57559,10
12.9865598679,80.2332992554,57559,57579,20
12.9865598679,80.2332992554,57579,57589,10
12.9863195419,80.2333068848,57589,57600,11
12.986120224,80.2338027954,57600,57610,10
12.9861898422,80.2343978882,57610,57620,10
12.9865102768,80.2352523804,57620,57640,20
12.9865102768,80.2352523804,57640,57650,10
12.9865703583,80.2356185913,57650,57660,10
12.9865999222,80.2362594604,57660,57670,10
12.9866304398,80.2369613647,57670,57680,10
12.9866399765,80.2375106812,57680,57690,10
12.9866695404,80.2386016846,57690,57700,10
12.986579895,80.2385025024,57700,58548,848
12.986579895,80.2385025024,58548,58558,10
12.9866504669,80.2382125854,58558,58568,10
12.9866399765,80.2377319336,58568,58578,10
12.9866104126,80.2370223999,58578,58588,10
12.986579895,80.2364196777,58588,58598,10
12.9865102768,80.2353591919,58598,58618,20
12.9865102768,80.2353591919,58618,58628,10
12.9863004684,80.2348632813,58628,58638,10
12.9861297607,80.2340393066,58638,58648,10
12.9861097336,80.2334594727,58648,58659,11
12.9864997864,80.2332992554,58659,58669,10
12.9866399765,80.2333068848,58669,58679,10
12.9867401123,80.2333297729,58679,58689,10
12.9871702194,80.2333068848,58689,58699,10
12.9874000549,80.2329177856,58699,58709,10
12.9874801636,80.2321777344,58709,58719,10
12.9877796173,80.231338501,58719,58729,10
12.9882698059,80.2300720215,58729,58749,20
12.9882698059,80.2300720215,58749,58759,10
12.9883003235,80.2300262451,58759,58770,11
12.9884796143,80.2295532227,58770,58780,10
12.9887599945,80.2288131714,58780,58790,10
12.9894104004,80.2280807495,58790,58800,10
12.9899597168,80.2277603149,58800,58810,10
12.9900798798,80.2276992798,58810,58820,10
12.9902000427,80.2275924683,58820,58830,10
12.9900999069,80.2269210815,58830,58840,10
12.9900302887,80.2263565063,58840,58850,10
12.9899501801,80.2255783081,58850,58860,10
12.9895601273,80.2247772217,58860,58870,10
12.9894800186,80.2240371704,58870,58880,10
12.989279747,80.2235031128,58880,58892,12
12.9883298874,80.2233581543,58892,58952,60
12.9883298874,80.2233581543,58952,58962,10
12.9885597229,80.2232971191,58962,58972,10
12.9891395569,80.2234115601,58972,58982,10
12.9894695282,80.2237625122,58982,58992,10
12.9894599915,80.2242889404,58992,59003,11
12.9896297455,80.2249832153,59003,59013,10
12.9900503159,80.2256622314,59013,59023,10
12.9900503159,80.2264480591,59023,59033,10
12.9901599884,80.2270812988,59033,59043,10
12.9902296066,80.2276306152,59043,59053,10
12.9902296066,80.2276382446,59053,59063,10
12.9902496338,80.2278594971,59063,59073,10
12.9903097153,80.2280807495,59073,59083,10
12.9905004501,80.2287597656,59083,59093,10
12.9906797409,80.229309082,59093,59103,10
12.9908599854,80.2301025391,59103,59113,10
12.9908704758,80.2302093506,59113,59124,11
12.9908800125,80.2303924561,59124,59134,10
12.9909200668,80.23097229,59134,59144,10
12.9909601212,80.2315597534,59144,59154,10
12.9910001755,80.2321166992,59154,59174,20
12.9910001755,80.2321166992,59174,59184,10
12.9910001755,80.2321777344,59184,59194,10
12.991109848,80.2326202393,59194,59204,10
12.9913196564,80.2332077026,59204,59214,10
12.9917297363,80.2336807251,59214,59224,10
12.9920797348,80.2337265015,59224,59245,21
12.9920797348,80.2337265015,59245,59255,10
12.9921998978,80.2337799072,59255,59265,10
12.9928302765,80.2339096069,59265,59275,10
12.9933795929,80.2341384888,59275,59285,10
12.9938802719,80.2344665527,59285,59305,20
12.9938802719,80.2344665527,59305,59315,10
12.9939603806,80.2345504761,59315,59325,10
12.9945001602,80.2348632813,59325,59335,10
12.9952497482,80.2352981567,59335,59346,11
12.9958600998,80.2358016968,59346,59356,10
12.9960098267,80.2359619141,59356,59366,10
12.9961700439,80.2361831665,59366,59376,10
12.9965496063,80.2368774414,59376,59386,10
12.9969797134,80.2376174927,59386,59396,10
12.997300148,80.2381286621,59396,59406,10
12.9978399277,80.238822937,59406,59416,10
12.9987401962,80.2392120361,59416,59436,20
12.9987401962,80.2392120361,59436,59446,10
12.9987897873,80.2392578125,59446,59456,10
12.9991397858,80.2393264771,59456,59466,10
12.999830246,80.2394485474,59466,59477,11
13.0007801056,80.2396011353,59477,59487,10
13.0013799667,80.239730835,59487,59497,10
13.0021095276,80.2399520874,59497,59507,10
13.0024995804,80.2400817871,59507,59517,10
13.0027103424,80.2401428223,59517,59527,10
13.0034198761,80.2403869629,59527,59537,10
13.0038499832,80.2412796021,59537,59547,10
13.0042800903,80.241859436,59547,59557,10
13.0054397583,80.241859436,59557,59567,10
13.0059900284,80.2421035767,59567,59577,10
13.0057497025,80.2423019409,59577,60314,737
13.0057497025,80.2423019409,60314,60324,10
13.0055398941,80.2421264648,60324,60334,10
13.0051898956,80.2418365479,60334,60344,10
13.00440979,80.2418670654,60344,60354,10
13.0038499832,80.2413330078,60354,60364,10
13.0034599304,80.2404937744,60364,60374,10
13.0026102066,80.2401199341,60374,60384,10
13.0025501251,80.2400970459,60384,60394,10
13.0024595261,80.2400588989,60394,60404,10
13.0020303726,80.2398986816,60404,60415,11
13.0011301041,80.2396469116,60415,60425,10
13.0004796982,80.2395401001,60425,60435,10
12.9991798401,80.2393417358,60435,60475,40
12.9991798401,80.2393417358,60475,60485,10
12.9989299774,80.2392272949,60485,60495,10
12.9984197617,80.2390823364,60495,60505,10
12.9982795715,80.2390365601,60505,60514,9
12.9978904724,80.2388305664,60514,60526,12
12.9972801208,80.2381210327,60526,60536,10
12.9968795776,80.2374801636,60536,60546,10
12.996509552,80.2368164063,60546,60556,10
12.9962797165,80.2363891602,60556,60566,10
12.9961996078,80.2362289429,60566,60576,10
12.9956903458,80.2356185913,60576,60586,10
12.9950895309,80.2351837158,60586,60596,10
12.9939603806,80.2345581055,60596,60616,20
12.9939603806,80.2345581055,60616,60625,9
12.9936304092,80.2342834473,60625,60636,11
12.9932003021,80.2340087891,60636,60647,11
12.9923200607,80.2337799072,60647,60657,10
12.9918603897,80.233757019,60657,60667,10
12.9918403625,80.233757019,60667,60677,10
12.9915895462,80.2338027954,60677,60687,10
12.9913196564,80.2332992554,60687,60697,10
12.9911603928,80.2328033447,60697,60707,10
12.9909801483,80.2322998047,60707,60717,10
12.9909296036,80.2317886353,60717,60727,10
12.990940094,80.2317581177,60727,60737,10
12.9909696579,80.2316665649,60737,60747,10
12.9909000397,80.231086731,60747,60758,11
12.9908504486,80.2304077148,60758,60768,10
12.990819931,80.2300567627,60768,60778,10
12.9907999039,80.2298431396,60778,60788,10
12.9905996323,80.2290802002,60788,60798,10
12.9904203415,80.2285308838,60798,60808,10
12.9901800156,80.2274475098,60808,60838,30
12.9901800156,80.2274475098,60838,60848,10
12.9901399612,80.2270431519,60848,60858,10
12.9900302887,80.2264404297,60858,60868,10
12.9900798798,80.2257995605,60868,60879,11
12.9896001816,80.2248764038,60879,60889,10
12.9894695282,80.2241668701,60889,60899,10
12.9893102646,80.2235565186,60899,60909,10
12.9887304306,80.2233276367,60909,60919,10
12.9883499146,80.2233428955,60919,60979,60
12.9883499146,80.2233428955,60979,60989,10
12.988530159,80.2232971191,60989,61000,11
12.9890403748,80.2233734131,61000,61010,10
12.9894599915,80.2237319946,61010,61020,10
12.9894895554,80.224319458,61020,61030,10
12.9896802902,80.2250289917,61030,61040,10
12.9901199341,80.2257385254,61040,61050,10
12.9900598526,80.2264633179,61050,61060,10
12.9901800156,80.2271270752,61060,61070,10
12.9899301529,80.2277297974,61070,61100,30
12.9899301529,80.2277297974,61100,61111,11
12.9897499084,80.2278900146,61111,61121,10
12.9892501831,80.2281112671,61121,61131,10
12.9888000488,80.2287826538,61131,61141,10
12.9884595871,80.229637146,61141,61151,10
12.9883203506,80.2300186157,61151,61161,10
12.9883003235,80.2300720215,61161,61171,10
12.9882202148,80.2304916382,61171,61181,10
12.9879102707,80.2311706543,61181,61191,10
12.9876003265,80.2319412231,61191,61201,10
12.9874696732,80.2328109741,61201,61211,10
12.9874095917,80.2332611084,61211,61221,10
12.986530304,80.2333221436,61221,61242,21
12.986530304,80.2333221436,61242,61252,10
12.986289978,80.2333297729,61252,61262,10
12.986120224,80.2338180542,61262,61272,10
12.9861602783,80.2343673706,61272,61282,10
12.9864797592,80.2351989746,61282,61312,30
12.9864797592,80.2351989746,61312,61322,10
12.9865503311,80.235458374,61322,61332,10
12.986579895,80.2359771729,61332,61343,11
12.9865999222,80.2367401123,61343,61353,10
12.9866199493,80.237411499,61353,61363,10
12.9866504669,80.2382125854,61363,61373,10
12.986579895,80.2384567261,61373,62150,777
12.986579895,80.2384567261,62150,62161,11
12.9866504669,80.2382507324,62161,62171,10
12.9866600037,80.2378005981,62171,62181,10
12.9866399765,80.2371673584,62181,62191,10
12.9866104126,80.2366485596,62191,62201,10
12.9865999222,80.2359313965,62201,62211,10
12.986530304,80.2353973389,62211,62221,10
12.9865102768,80.2353515625,62221,62231,10
12.9864797592,80.2352218628,62231,62241,10
12.9862298965,80.2346572876,62241,62251,10
12.9861402512,80.2340316772,62251,62261,10
12.9861097336,80.2335281372,62261,62271,10
12.9866399765,80.2333374023,62271,62282,11
12.986989975,80.2333297729,62282,62292,10
12.9874296188,80.2331237793,62292,62302,10
12.9874696732,80.2325820923,62302,62312,10
12.9876403809,80.2317886353,62312,62322,10
12.9879999161,80.2308883667,62322,62332,10
12.9882698059,80.2300796509,62332,62342,10
12.9883403778,80.2299575806,62342,62352,10
12.9884901047,80.2295379639,62352,62362,10
12.9887695313,80.2287979126,62362,62372,10
12.9891901016,80.2281723022,62372,62382,10
12.9897699356,80.2278518677,62382,62393,11
12.9900598526,80.2276916504,62393,62403,10
12.9901895523,80.2274932861,62403,62413,10
12.9900798798,80.2267913818,62413,62423,10
12.990070343,80.2262573242,62423,62433,10
12.9899597168,80.2255172729,62433,62442,9
12.9895896912,80.224822998,62442,62453,11
12.9895000458,80.2241363525,62453,62463,10
12.9893798828,80.2236175537,62463,62473,10
12.9888896942,80.2233810425,62473,62483,10
12.9883499146,80.2233734131,62483,62514,31
12.9883499146,80.2233734131,62514,62524,10
12.9884700775,80.2233123779,62524,62534,10
12.9890003204,80.2233581543,62534,62544,10
12.9894304276,80.2236633301,62544,62554,10
12.9894800186,80.2242126465,62554,62564,10
12.9896202087,80.2249221802,62564,62574,10
12.9900197983,80.2256011963,62574,62584,10
12.9900102615,80.2263870239,62584,62594,10
12.9902095795,80.2276000977,62594,62624,30
12.9902095795,80.2276000977,62624,62635,11
12.9903001785,80.2280807495,62635,62645,10
12.9905195236,80.2288208008,62645,62655,10
12.9907197952,80.2294311523,62655,62665,10
12.9908599854,80.2301712036,62665,62675,10
12.9908504486,80.2302017212,62675,62685,10
12.9908599854,80.2304382324,62685,62695,10
12.9908800125,80.2310180664,62695,62705,10
12.9909696579,80.2320785522,62705,62735,30
12.9909696579,80.2320785522,62735,62746,11
12.9910402298,80.232421875,62746,62756,10
12.9912004471,80.2329025269,62756,62766,10
12.991399765,80.2334136963,62766,62776,10
12.9918403625,80.2337417603,62776,62806,30
12.9918403625,80.2337417603,62806,62816,10
12.9920797348,80.233757019,62816,62826,10
12.9925003052,80.2337875366,62826,62836,10
12.9930400848,80.2339477539,62836,62846,10
12.9934797287,80.2341995239,62846,62856,10
12.9938802719,80.2344894409,62856,62907,51
12.9938802719,80.2344894409,62907,62917,10
12.9942598343,80.2347335815,62917,62927,10
12.9949598312,80.2350997925,62927,62937,10
12.9955101013,80.2354812622,62937,62947,10
12.9960298538,80.2359771729,62947,62957,10
12.996049881,80.236000061,62957,62967,10
12.9962501526,80.2362823486,62967,62977,10
12.996629715,80.2370223999,62977,62988,11
12.9970798492,80.23777771,62988,62998,10
12.9975004196,80.2384262085,62998,63008,10
12.9980297089,80.2389526367,63008,63018,10
12.9987401962,80.2392196655,63018,63038,20
12.9987401962,80.2392196655,63038,63048,10
12.9987602234,80.2392272949,63048,63058,10
12.999130249,80.2393264771,63058,63068,10
12.9997797012,80.2394714355,63068,63078,10
13.0007696152,80.2396011353,63078,63088,10
13.0013599396,80.2397003174,63088,63099,11
13.0021095276,80.2399368286,63099,63109,10
13.0025196075,80.2400970459,63109,63119,10
13.0025396347,80.2400970459,63119,63129,10
13.0026798248,80.2401580811,63129,63139,10
13.0032701492,80.2403411865,63139,63149,10
13.0037498474,80.2410430908,63149,63159,10
13.0041999817,80.2418289185,63159,63169,10
13.0051403046,80.241859436,63169,63179,10
13.0059099197,80.2418823242,63179,63189,10
13.0057497025,80.2423019409,63189,64006,817
13.0057497025,80.2423019409,64006,64016,10
13.0056400299,80.2422409058,64016,64027,11
13.0053396225,80.2419433594,64027,64037,10
13.0046596527,80.241897583,64037,64047,10
13.0039596558,80.2416381836,64047,64057,10
13.0036401749,80.2407836914,64057,64067,10
13.0026302338,80.2401275635,64067,64087,20
13.0026302338,80.2401275635,64087,64097,10
13.002530098,80.2401275635,64097,64107,10
13.0021800995,80.2399673462,64107,64117,10
13.0014600754,80.239730835,64117,64127,10
13.0008802414,80.239616394,64127,64137,10
13.0000495911,80.2395095825,64137,64148,11
12.9992599487,80.2393798828,64148,64208,60
12.9992599487,80.2393798828,64208,64218,10
12.9988498688,80.2392425537,64218,64228,10
12.9981403351,80.2390136719,64228,64238,10
12.9976997375,80.2386779785,64238,64248,10
12.9972200394,80.237991333,64248,64258,10
12.9968996048,80.2374572754,64258,64269,11
12.9965801239,80.2368774414,64269,64279,10
12.9963302612,80.2364120483,64279,64289,10
12.9963197708,80.2363967896,64289,64299,10
12.9960899353,80.236038208,64299,64309,10
12.9954900742,80.235496521,64309,64319,10
12.9949998856,80.2352218628,64319,64329,10
12.9939203262,80.2345428467,64329,64359,30
12.9939203262,80.2345428467,64359,64369,10
12.9937896729,80.2343902588,64369,64380,11
12.9933395386,80.2341308594,64380,64390,10
12.9928302765,80.2338867188,64390,64400,10
12.9921102524,80.233757019,64400,64410,10
12.9917898178,80.2337799072,64410,64440,30
12.9917898178,80.2337799072,64440,64450,10
12.9916801453,80.2338027954,64450,64460,10
12.9913797379,80.2336196899,64460,64470,10
12.9912395477,80.2331008911,64470,64480,10
12.9910497665,80.2325973511,64480,64490,10
12.9909296036,80.2317886353,64490,64511,21
12.9909296036,80.2317886353,64511,64521,10
12.9909200668,80.2315826416,64521,64531,10
12.9908599854,80.2310714722,64531,64541,10
12.9908103943,80.2300796509,64541,64571,30
12.9908103943,80.2300796509,64571,64581,10
12.990819931,80.2298812866,64581,64591,10
12.9906702042,80.2292785645,64591,64601,10
12.9904899597,80.2287063599,64601,64612,11
12.9903001785,80.2281265259,64612,64622,10
12.9901800156,80.2274627686,64622,64642,20
12.9901800156,80.2274627686,64642,64652,10
12.9901800156,80.2273864746,64652,64662,10
12.9901199341,80.2269592285,64662,64672,10
12.9900503159,80.2264480591,64672,64682,10
12.9900903702,80.2258529663,64682,64692,10
12.9897003174,80.2251968384,64692,64702,10
12.9895095825,80.2246017456,64702,64712,10
12.9894599915,80.2238922119,64712,64722,10
12.9891300201,80.2234420776,64722,64733,11
12.9885597229,80.2233810425,64733,64743,10
12.9883403778,80.2233886719,64743,64834,91
12.9883403778,80.2233886719,64834,64844,10
12.9886302948,80.2233505249,64844,64855,11
12.9891700745,80.2234268188,64855,64865,10
12.9894800186,80.2238922119,64865,64875,10
12.9895200729,80.2244796753,64875,64885,10
12.9897298813,80.225151062,64885,64895,10
12.9901199341,80.2258987427,64895,64905,10
12.9900398254,80.2265701294,64905,64915,10
12.9901695251,80.2272567749,64915,64925,10
12.9899301529,80.2277679443,64925,64945,20
12.9899301529,80.2277679443,64945,64955,10
12.9897603989,80.2278823853,64955,64966,11
12.9892997742,80.2280578613,64966,64976,10
12.9888801575,80.2285614014,64976,64986,10
12.9885997772,80.2293014526,64986,64996,10
12.9883003235,80.2300109863,64996,65016,20
12.9883003235,80.2300109863,65016,65026,10
12.9881696701,80.2303466797,65026,65035,9
12.9879598618,80.2308578491,65035,65046,11
12.9877500534,80.2314224243,65046,65056,10
12.9875802994,80.2318878174,65056,65066,10
12.9874897003,80.2324295044,65066,65076,10
12.9874401093,80.2328186035,65076,65087,11
12.9873800278,80.2332611084,65087,65097,10
12.9865503311,80.2333679199,65097,65117,20
12.9865503311,80.2333679199,65117,65127,10
12.9863500595,80.2333374023,65127,65137,10
12.9861001968,80.2336502075,65137,65147,10
12.9861497879,80.2342376709,65147,65157,10
12.9864797592,80.2352828979,65157,65178,21
12.9864797592,80.2352828979,65178,65188,10
12.9864902496,80.2353820801,65188,65198,10
12.9865598679,80.2358627319,65198,65209,11
12.9865903854,80.2366790771,65209,65219,10
12.9866199493,80.2373275757,65219,65229,10
12.9866600037,80.2381973267,65229,65239,10
12.9865503311,80.2385101318,65239,65965,726
12.9865503311,80.2385101318,65965,65975,10
12.9866399765,80.2380981445,65975,65985,10
12.9866199493,80.237197876,65985,65995,10
12.9865999222,80.236618042,65995,66005,10
12.9865198135,80.2353973389,66005,66026,21
12.9865198135,80.2353973389,66026,66036,10
12.9863996506,80.2351074219,66036,66046,10
12.9861402512,80.2343215942,66046,66055,9
12.9861001968,80.2337799072,66055,66066,11
12.9866600037,80.2333679199,66066,66086,20
12.9866600037,80.2333679199,66086,66096,10
12.9869804382,80.2333374023,66096,66106,10
12.9874000549,80.2331085205,66106,66116,10
12.9874401093,80.2325515747,66116,66127,11
12.9877004623,80.231590271,66127,66137,10
12.9882698059,80.2300720215,66137,66157,20
12.9882698059,80.2300720215,66157,66167,10
12.988409996,80.2297592163,66167,66177,10
12.9886398315,80.2292098999,66177,66187,10
12.9888896942,80.228477478,66187,66197,10
12.9889202118,80.2284164429,66197,66207,10
12.9892196655,80.2281570435,66207,66217,10
12.9897603989,80.2278366089,66217,66227,10
12.9900798798,80.2276916504,66227,66237,10
12.9901399612,80.2276611328,66237,66248,11
12.9901304245,80.227180481,66248,66258,10
12.9899997711,80.2265014648,66258,66268,10
12.9900798798,80.2258987427,66268,66278,10
12.9896202087,80.2250595093,66278,66288,10
12.9895095825,80.2245407104,66288,66298,10
12.9894599915,80.2238311768,66298,66308,10
12.9890298843,80.2234573364,66308,66318,10
12.9884796143,80.223449707,66318,66328,10
12.988360405,80.2233886719,66328,66379,51
12.988360405,80.2233886719,66379,66389,10
12.9885997772,80.2233810425,66389,66399,10
12.9891395569,80.2234420776,66399,66409,10
12.9894599915,80.2238616943,66409,66419,10
12.9894800186,80.2244262695,66419,66429,10
12.9896697998,80.2250976563,66429,66439,10
12.9900903702,80.2258071899,66439,66449,10
12.9900197983,80.2264404297,66449,66459,10
12.9902000427,80.2276382446,66459,66490,31
12.9902000427,80.2276382446,66490,66500,10
12.9902601242,80.2279815674,66500,66520,20
12.9906101227,80.2291793823,66520,66530,10
12.9908399582,80.23021698,66530,66550,20
12.9908399582,80.23021698,66550,66560,10
12.9908599854,80.2305297852,66560,66570,10
12.9908895493,80.2311325073,66570,66580,10
12.9909896851,80.2320709229,66580,66601,21
12.9909896851,80.2320709229,66601,66611,10
12.9910202026,80.2323303223,66611,66621,10
12.991230011,80.233001709,66621,66631,10
12.9918003082,80.2337417603,66631,66671,40
12.9918003082,80.2337417603,66671,66681,10
12.991900444,80.2338027954,66681,66691,10
12.9922304153,80.2338180542,66691,66701,10
12.9928302765,80.2339172363,66701,66711,10
12.9933204651,80.2341308594,66711,66722,11
12.9938802719,80.2344970703,66722,66752,30
12.9938802719,80.2344970703,66752,66762,10
12.9941902161,80.2347183228,66762,66772,10
12.9948196411,80.2350616455,66772,66782,10
12.995349884,80.2353897095,66782,66792,10
12.9960203171,80.236000061,66792,66832,40
12.9960203171,80.236000061,66832,66843,11
12.9960403442,80.236076355,66843,66853,10
12.9963197708,80.236541748,66853,66863,10
12.9967403412,80.2373199463,66863,66873,10
12.9970598221,80.2378463745,66873,66883,10
12.9974498749,80.2384490967,66883,66893,10
12.9979400635,80.2389297485,66893,66903,10
12.9987096786,80.2392501831,66903,66943,40
12.9987096786,80.2392501831,66943,66953,10
12.9989204407,80.2393188477,66953,66964,11
12.999420166,80.2394485474,66964,66974,10
13.0002403259,80.2395706177,66974,66984,10
13.0011100769,80.2397003174,66984,66994,10
13.0015602112,80.2398071289,66994,67004,10
13.0025196075,80.2401199341,67004,67034,30
13.0025196075,80.2401199341,67034,67044,10
13.002869606,80.2402420044,67044,67054,10
13.0034799576,80.2404937744,67054,67064,10
13.0038003922,80.2412490845,67064,67075,11
13.00440979,80.241897583,67075,67085,10
13.0052900314,80.2418670654,67085,67095,10
13.0059404373,80.2419433594,67095,67105,10
13.0057497025,80.2423095703,67105,67539,434
13.0057497025,80.2423095703,67539,67549,10
13.0055599213,80.2421417236,67549,67559,10
13.0051298141,80.2418518066,67559,67569,10
13.0043697357,80.2418823242,67569,67579,10
13.0038995743,80.2414321899,67579,67589,10
13.0035495758,80.2406387329,67589,67599,10
13.0028095245,80.240196228,67599,67609,10
13.0026102066,80.2401428223,67609,67619,10
13.0023298264,80.2400436401,67619,67629,10
13.0018396378,80.2398834229,67629,67638,9
13.0010499954,80.2396621704,67638,67649,11
13.0003499985,80.2395706177,67649,67660,11
12.9991798401,80.2393798828,67660,67700,40
12.9990301132,80.2393417358,67700,67760,60
12.9990301132,80.2393417358,67760,67771,11
12.9986600876,80.2392120361,67771,67781,10
12.9981298447,80.2390289307,67781,67791,10
12.9977302551,80.2387466431,67791,67801,10
12.9972496033,80.2381362915,67801,67811,10
12.9968996048,80.2375869751,67811,67821,10
12.9965801239,80.2369918823,67821,67831,10
12.9962596893,80.2364196777,67831,67841,10
12.9962596893,80.2364120483,67841,67851,10
12.9960603714,80.2360687256,67851,67861,10
12.9954395294,80.2354812622,67861,67871,10
12.9949703217,80.2351837158,67871,67881,10
12.9939002991,80.2345428467,67881,67902,21
12.9939002991,80.2345428467,67902,67912,10
12.9936599731,80.234336853,67912,67922,10
12.9932603836,80.2341003418,67922,67932,10
12.9926795959,80.2338790894,67932,67942,10
12.9918203354,80.2338027954,67942,67962,20
12.9917097092,80.2338027954,67962,67982,20
12.9917097092,80.2338027954,67982,67992,10
12.9914598465,80.2338027954,67992,68003,11
12.9912595749,80.2332305908,68003,68013,10
12.9911003113,80.232749939,68013,68023,10
12.9909296036,80.2319717407,68023,68033,10
12.9909200668,80.2318115234,68033,68043,10
12.9908895493,80.2313613892,68043,68053,10
12.9908504486,80.2307815552,68053,68063,10
12.9907999039,80.2301635742,68063,68073,10
12.9907999039,80.2301101685,68073,68083,10
12.9907798767,80.2299118042,68083,68093,10
12.9907197952,80.2295837402,68093,68103,10
12.9905195236,80.2289276123,68103,68113,10
12.99036026,80.2284164429,68113,68124,11
12.9901800156,80.2276687622,68124,68134,10
12.9901695251,80.2275085449,68134,68144,10
12.9901599884,80.2273178101,68144,68154,10
12.9900197983,80.2267379761,68154,68164,10
12.9900102615,80.2262496948,68164,68174,10
12.9898700714,80.2255172729,68174,68184,10
12.9895601273,80.224861145,68184,68194,10
12.9894800186,80.2241363525,68194,68204,10
12.9893903732,80.2236862183,68204,68214,10
12.9887504578,80.2233810425,68214,68224,10
12.9883298874,80.2233810425,68224,68295,71
12.9883298874,80.2233810425,68295,68305,10
12.9884300232,80.2233428955,68305,68315,10
12.988940239,80.2233886719,68315,68325,10
12.98939991,80.2237091064,68325,68335,10
12.9894599915,80.2242202759,68335,68345,10
12.9896097183,80.2249526978,68345,68355,10
12.9899902344,80.2256393433,68355,68366,11
12.9900197983,80.2264633179,68366,68376,10
12.9901199341,80.2270584106,68376,68386,10
12.9900999069,80.2276611328,68386,68396,10
12.9898900986,80.2277832031,68396,68405,9
12.9897298813,80.2278823853,68405,68416,11
12.9892702103,80.2281112671,68416,68426,10
12.9888601303,80.2285766602,68426,68436,10
12.9885396957,80.2293624878,68436,68446,10
12.9883403778,80.2298965454,68446,68456,10
12.9882898331,80.2300491333,68456,68467,11
12.9881896973,80.2303390503,68467,68487,20
12.9881896973,80.2303390503,68487,68497,10
12.988120079,80.2305297852,68497,68507,10
12.9878196716,80.2313079834,68507,68517,10
12.9875001907,80.2323989868,68517,68527,10
12.9874401093,80.2331771851,68527,68537,10
12.9871196747,80.2333374023,68537,68547,10
12.9866504669,80.2333679199,68547,68557,10
12.9865503311,80.2333679199,68557,68567,10
12.9862203598,80.2333984375,68567,68577,10
12.9861001968,80.23387146,68577,68588,11
12.9861602783,80.2344512939,68588,68598,10
12.9864597321,80.235206604,68598,68608,10
12.9864797592,80.2352676392,68608,68618,10
12.986530304,80.2354888916,68618,68628,10
12.9865598679,80.2359771729,68628,68638,10
12.986579895,80.2366409302,68638,68648,10
12.9865999222,80.2372436523,68648,68658,10
12.9866199493,80.2380981445,68658,68668,10
12.9865398407,80.2385101318,68668,69233,565
12.9865398407,80.2385101318,69233,69243,10
12.9866600037,80.2382202148,69243,69253,10
12.9866399765,80.23777771,69253,69263,10
12.9865999222,80.237197876,69263,69273,10
12.9865903854,80.2367324829,69273,69283,10
12.9865598679,80.2360610962,69283,69294,11
12.9864997864,80.2355270386,69294,69304,10
12.9864797592,80.2354202271,69304,69314,10
12.9864797592,80.2353820801,69314,69324,10
12.986289978,80.2349777222,69324,69334,10
12.9861097336,80.2342987061,69334,69344,10
12.9860601425,80.2339019775,69344,69354,10
12.986120224,80.2334365845,69354,69364,10
12.9864797592,80.2333831787,69364,69374,10
12.9866399765,80.2333908081,69374,69384,10
12.986700058,80.2333984375,69384,69394,10
12.9871702194,80.2333831787,69394,69404,10
12.9874000549,80.2330627441,69404,69415,11
12.9874696732,80.232170105,69415,69425,10
12.9877595901,80.2313613892,69425,69435,10
12.9879999161,80.2307815552,69435,69445,10
12.9882001877,80.2302322388,69445,69455,10
12.988240242,80.2301635742,69455,69465,10
12.9883003235,80.2300186157,69465,69475,10
12.9884500504,80.2295379639,69475,69485,10
12.9887399673,80.2288208008,69485,69495,10
12.9891700745,80.2282333374,69495,69505,10
12.989780426,80.2278671265,69505,69515,10
12.9900503159,80.227722168,69515,69525,10
12.9901504517,80.2275238037,69525,69536,11
12.9900503159,80.2267837524,69536,69546,10
12.9899997711,80.2262496948,69546,69556,10
12.9898395538,80.2254562378,69556,69566,10
12.9895200729,80.2248306274,69566,69576,10
12.9894304276,80.2242736816,69576,69586,10
12.9893703461,80.2237167358,69586,69596,10
12.9889297485,80.2234268188,69596,69606,10
12.9884300232,80.2234573364,69606,69626,20
12.9884300232,80.2234573364,69626,69636,10
12.9883003235,80.2233810425,69636,69698,62
12.9883003235,80.2233810425,69698,69707,9
12.9886302948,80.2233886719,69707,69718,11
12.9892396927,80.2235183716,69718,69728,10
12.9894504547,80.2240219116,69728,69738,10
12.9895296097,80.2247161865,69738,69748,10
12.9896802902,80.2251663208,69748,69758,10
12.9900503159,80.2257537842,69758,69769,11
12.9899902344,80.2263870239,69769,69779,10
12.9900999069,80.2270431519,69779,69789,10
12.9901800156,80.2276229858,69789,69799,10
12.9901895523,80.2277297974,69799,69809,10
12.9903802872,80.2285079956,69809,69819,10
12.9905595779,80.2291030884,69819,69829,10
12.9907798767,80.2298965454,69829,69839,10
12.990819931,80.2302398682,69839,69849,10
12.9908399582,80.2305984497,69849,69859,10
12.9908599854,80.2310791016,69859,69869,10
12.9909200668,80.231552124,69869,69879,10
12.9909601212,80.2321090698,69879,69890,11
12.9909696579,80.2323226929,69890,69900,10
12.9911603928,80.232963562,69900,69910,10
12.9913597107,80.2334365845,69910,69920,10
12.9917297363,80.2337265015,69920,69930,10
12.9917402267,80.2337265015,69930,69940,10
12.991900444,80.2338027954,69940,69950,10
12.9924402237,80.2338485718,69950,69960,10
12.9935398102,80.2342987061,69960,69970,10
12.9938602448,80.2345428467,69970,69990,20
12.9938602448,80.2345428467,69990,70001,11
12.9941396713,80.2347183228,70001,70011,10
12.9948196411,80.2350921631,70011,70021,10
12.9953603745,80.2354431152,70021,70031,10
12.9958896637,80.2358932495,70031,70041,10
12.9959802628,80.236000061,70041,70051,10
12.9962100983,80.2363433838,70051,70061,10
12.9966402054,80.2371368408,70061,70071,10
12.9969797134,80.237739563,70071,70081,10
12.9974403381,80.2384414673,70081,70091,10
12.9986200333,80.2392425537,70091,70101,10
12.9987001419,80.2392578125,70101,70142,41
12.9987001419,80.2392578125,70142,70152,10
12.9990596771,80.239402771,70152,70165,13
12.9996900558,80.2395172119,70165,70175,10
13.0008201599,80.2396697998,70175,70185,10
13.0013999939,80.2397689819,70185,70196,11
13.0024995804,80.2401275635,70196,70216,20
13.0024995804,80.2401275635,70216,70226,10
13.0025997162,80.2401809692,70226,70237,11
13.0032300949,80.2403793335,70237,70247,10
13.0037298203,80.2411193848,70247,70257,10
13.0041904449,80.2418670654,70257,70267,10
13.0051498413,80.241897583,70267,70277,10
13.0058298111,80.2419128418,70277,70286,9
13.0059204102,80.2423400879,70286,70297,11
13.0056400299,80.2423782349,70297,70801,504
13.0056400299,80.2423782349,70801,70811,10
13.0055503845,80.2422103882,70811,70822,11
13.0051202774,80.241859436,70822,70832,10
13.0042695999,80.2418823242,70832,70842,10
13.0037899017,80.2412719727,70842,70852,10
13.0032596588,80.2403793335,70852,70862,10
13.0023803711,80.2400665283,70862,70872,10
13.0019397736,80.2399368286,70872,70882,10
13.0011701584,80.2397079468,70882,70892,10
13.0005502701,80.2396087646,70892,70902,10
12.9997797012,80.2395019531,70902,70911,9
12.9991502762,80.239402771,70911,70922,11
12.9991397858,80.239402771,70922,70932,10
12.9985704422,80.2392272949,70932,70943,11
12.9977998734,80.2388687134,70943,70953,10
12.9973297119,80.2382965088,70953,70963,10
12.9968795776,80.2376174927,70963,70973,10
12.9966096878,80.2371520996,70973,70983,10
12.996219635,80.2364120483,70983,70993,10
12.9961595535,80.2363128662,70993,71003,10
12.9957199097,80.2357406616,71003,71013,10
12.9951095581,80.2352600098,71013,71023,10
12.9944896698,80.234916687,71023,71033,10
12.9938697815,80.2345428467,71033,71044,11
12.9937496185,80.234413147,71044,71054,10
12.9932603836,80.2340698242,71054,71064,10
12.9927597046,80.2338790894,71064,71074,10
12.9920301437,80.2337799072,71074,71084,10
12.9917402267,80.2338027954,71084,71094,10
12.9914798737,80.2338180542,71094,71104,10
12.9912996292,80.2333068848,71104,71114,10
12.9911203384,80.2328186035,71114,71124,10
12.990940094,80.2321090698,71124,71134,10
12.9909095764,80.2318115234,71134,71144,10
12.9908895493,80.2313766479,71144,71154,10
12.9908599854,80.23072052,71154,71164,10
12.9907798767,80.2300491333,71164,71175,11
12.9907398224,80.2297668457,71175,71185,10
12.9905195236,80.2289962769,71185,71195,10
12.9903697968,80.2284927368,71195,71205,10
12.9901895523,80.2276306152,71205,71215,10
12.9900598526,80.2267608643,71215,71225,10
12.9900302887,80.2262268066,71225,71235,10
12.989859581,80.2254486084,71235,71245,10
12.9894599915,80.2241134644,71245,71255,10
12.9894599915,80.2241134644,71255,71265,10
12.989279747,80.2235870361,71265,71275,10
12.9888000488,80.2234115601,71275,71285,10
12.9883203506,80.2233886719,71285,71306,21
12.9883203506,80.2233886719,71306,71316,10
12.9886398315,80.2233734131,71316,71326,10
12.9891796112,80.2234802246,71326,71336,10
12.9894304276,80.2239990234,71336,71347,11
12.9895000458,80.2247161865,71347,71357,10
12.9898099899,80.2253875732,71357,71367,10
12.9900197983,80.2261428833,71367,71377,10
12.9900197983,80.2267303467,71377,71387,10
12.9901399612,80.2274780273,71387,71397,10
12.9898900986,80.2277984619,71397,71407,10
12.9898700714,80.2278213501,71407,71418,11
12.9896602631,80.2279815674,71418,71428,10
12.9893798828,80.2281188965,71428,71438,10
12.9888401031,80.2285919189,71438,71448,10
12.9885196686,80.2294006348,71448,71458,10
12.9882898331,80.2299499512,71458,71468,10
12.9882001877,80.2301712036,71468,71478,10
12.9881296158,80.2304382324,71478,71488,10
12.9878396988,80.2311630249,71488,71498,10
12.9875097275,80.2319869995,71498,71508,10
12.9873895645,80.2327804565,71508,71518,10
12.9873399734,80.2332763672,71518,71529,11
12.9868297577,80.2333374023,71529,71539,10
12.9863004684,80.2333679199,71539,71549,10
12.9860801697,80.2338409424,71549,71559,10
12.9864301682,80.2352523804,71559,71569,10
12.9864301682,80.2352523804,71569,71579,10
12.9864397049,80.2352828979,71579,71589,10
12.9865102768,80.2358016968,71589,71599,10
12.9865198135,80.2364730835,71599,71609,10
12.9865598679,80.2371673584,71609,71619,10
12.986579895,80.2379837036,71619,71629,10
12.9865999222,80.2386932373,71629,71640,11
12.9865102768,80.2385482788,71640,72922,1282
12.9865102768,80.2385482788,72922,72932,10
12.9866104126,80.2380981445,72932,72942,10
12.986579895,80.2376174927,72942,72952,10
12.9865703583,80.2369995117,72952,72962,10
12.9865503311,80.2364120483,72962,72972,10
12.9864501953,80.2353363037,72972,72992,20
12.9864501953,80.2353363037,72992,73002,10
12.986289978,80.2349472046,73002,73012,10
12.9860897064,80.2341766357,73012,73022,10
12.9860401154,80.2336120605,73022,73032,10
12.9865398407,80.2333374023,73032,73042,10
12.9866600037,80.2333374023,73042,73053,11
12.9872198105,80.2333068848,73053,73063,10
12.9874000549,80.2328567505,73063,73073,10
12.9875001907,80.232093811,73073,73083,10
12.9877901077,80.2313079834,73083,73093,10
12.9881601334,80.2303085327,73093,73103,10
12.9882698059,80.2300567627,73103,73113,10
12.9884300232,80.229637146,73113,73123,10
12.9887104034,80.2289276123,73123,73133,10
12.9892196655,80.2281799316,73133,73143,10
12.9898195267,80.2278213501,73143,73154,11
12.9900102615,80.2276992798,73154,73164,10
12.9901199341,80.2275924683,73164,73174,10
12.9900798798,80.2270278931,73174,73184,10
12.989979744,80.2264404297,73184,73194,10
12.9900102615,80.2257537842,73194,73204,10
12.9895601273,80.2249832153,73204,73214,10
12.9894399643,80.2244186401,73214,73224,10
12.9894104004,80.2237701416,73224,73234,10
12.988940239,80.2234115601,73234,73244,10
12.9884500504,80.2234420776,73244,73253,9
12.9883003235,80.2233810425,73253,73275,22
12.9883003235,80.2233810425,73275,73285,10
12.9886302948,80.2233276367,73285,73295,10
12.9891395569,80.2234420776,73295,73305,10
12.9894104004,80.2239303589,73305,73315,10
12.9894599915,80.2245788574,73315,73325,10
12.989689827,80.2252197266,73325,73335,10
12.9900503159,80.2259292603,73335,73345,10
12.9899997711,80.2265625,73345,73355,10
12.9901103973,80.2271881104,73355,73365,10
12.9903001785,80.2283096313,73365,73375,10
12.9904899597,80.2289581299,73375,73385,10
12.9906797409,80.2296524048,73385,73395,10
12.9907798767,80.2302474976,73395,73406,11
12.9907999039,80.2306671143,73406,73416,10
12.9908504486,80.2312088013,73416,73426,10
12.9909000397,80.2319107056,73426,73436,10
12.9910402298,80.2325668335,73436,73446,10
12.991230011,80.2331771851,73446,73457,11
12.9917402267,80.233757019,73457,73487,30
12.9917402267,80.233757019,73487,73497,10
12.9919996262,80.2338027954,73497,73506,9
12.992480278,80.2338562012,73506,73518,12
12.9932003021,80.2340698242,73518,73528,10
12.9936504364,80.2343597412,73528,73538,10
12.9938402176,80.2345123291,73538,73548,10
12.9939002991,80.2345504761,73548,73558,10
12.9943304062,80.2347869873,73558,73568,10
12.9951000214,80.2352523804,73568,73578,10
12.9955997467,80.2356109619,73578,73588,10
12.9960699081,80.2361526489,73588,73598,10
12.9964599609,80.2368774414,73598,73608,10
12.9968996048,80.2376785278,73608,73618,10
12.9972295761,80.2381820679,73618,73629,11
12.9978303909,80.238899231,73629,73639,10
12.9982995987,80.2391204834,73639,73649,10
12.9986495972,80.2392425537,73649,73659,10
12.9989404678,80.2393264771,73659,73669,10
12.9995803833,80.2394790649,73669,73679,10
13.0005598068,80.2396087646,73679,73689,10
13.0019798279,80.2399597168,73689,73699,10
13.0019798279,80.2399597168,73699,73709,10
13.0025596619,80.2401504517,73709,73719,10
13.0032901764,80.2403793335,73719,73729,10
13.0037002563,80.2411422729,73729,73739,10
13.0041599274,80.2418670654,73739,73750,11
13.0051403046,80.2418823242,73750,73760,10
13.0058202744,80.241897583,73760,73770,10
13.0056200027,80.2424087524,73770,74647,877
13.0056200027,80.2424087524,74647,74657,10
13.0053596497,80.2420425415,74657,74667,10
13.0048599243,80.241859436,74667,74677,10
13.0039997101,80.2417831421,74677,74688,11
13.0035800934,80.2408599854,74688,74698,10
13.0028400421,80.2402420044,74698,74708,10
13.002120018,80.2400131226,74708,74718,10
13.0014696121,80.2397994995,74718,74728,10
13.0008897781,80.2396774292,74728,74737,9
13.0001602173,80.2395629883,74737,74748,11
12.9991703033,80.2393875122,74748,74758,10
12.9989995956,80.2393493652,74758,74768,10
12.9983901978,80.2391586304,74768,74778,10
12.9977302551,80.2388381958,74778,74788,10
12.9972600937,80.2382736206,74788,74798,10
12.9968500137,80.2376022339,74798,74809,11
12.9966001511,80.237159729,74809,74819,10
12.996219635,80.2364578247,74819,74829,10
12.9962100983,80.2364196777,74829,74839,10
12.9959697723,80.2359771729,74839,74849,10
12.9952602386,80.2353668213,74849,74859,10
12.9948797226,80.2351379395,74859,74869,10
12.9940004349,80.2346191406,74869,74879,10
12.9938001633,80.2344818115,74879,74889,10
12.9933099747,80.23412323,74889,74899,10
12.9927597046,80.2338867188,74899,74909,10
12.991979599,80.2337799072,74909,74920,11
12.9917402267,80.2338027954,74920,74930,10
12.9916400909,80.2338027954,74930,74940,10
12.9912996292,80.2334518433,74940,74950,10
12.9911499023,80.2329330444,74950,74960,10
12.990940094,80.2321777344,74960,74970,10
12.9909095764,80.231880188,74970,74980,10
12.9909095764,80.2316513062,74980,74990,10
12.9908399582,80.2309875488,74990,75000,10
12.9907903671,80.2303009033,75000,75010,10
12.9906396866,80.2294464111,75010,75020,10
12.9904298782,80.2287521362,75020,75030,10
12.9902296066,80.2280807495,75030,75041,11
12.9901103973,80.2271728516,75041,75051,10
12.9899902344,80.2264633179,75051,75061,10
12.9900503159,80.2258605957,75061,75071,10
12.9896097183,80.2250595093,75071,75081,10
12.9894599915,80.2245178223,75081,75091,10
12.9894199371,80.2238006592,75091,75101,10
12.988940239,80.2234191895,75101,75111,10
12.9882802963,80.2233886719,75111,75141,30
12.9882802963,80.2233886719,75141,75151,10
12.9887504578,80.2233505249,75151,75162,11
12.9893398285,80.2236480713,75162,75172,10
12.98939991,80.2242584229,75172,75182,10
12.9895801544,80.2250213623,75182,75192,10
12.9900197983,80.2257614136,75192,75202,10
12.989979744,80.2265167236,75202,75211,9
12.9900798798,80.2271881104,75211,75222,11
12.9898700714,80.2277679443,75222,75232,10
12.9892101288,80.2281188965,75232,75242,10
12.9886598587,80.2289810181,75242,75252,10
12.9883699417,80.2297821045,75252,75262,10
12.9882602692,80.2300491333,75262,75273,11
12.9880695343,80.2305831909,75273,75283,10
12.9876499176,80.231552124,75283,75293,10
12.9874000549,80.2325592041,75293,75303,10
12.9873895645,80.2332305908,75303,75314,11
12.9870901108,80.2333374023,75314,75324,10
12.9863004684,80.2333908081,75324,75334,10
12.9860496521,80.2336120605,75334,75344,10
12.9860401154,80.2339019775,75344,75354,10
12.9861001968,80.2344818115,75354,75363,9
12.9864196777,80.2352828979,75363,75384,21
12.9864196777,80.2352828979,75384,75395,11
12.9864997864,80.235748291,75395,75405,10
12.9865198135,80.2364196777,75405,75415,10
12.9865503311,80.2371368408,75415,75425,10
12.9865598679,80.2378768921,75425,75435,10
12.986579895,80.2385787964,75435,75445,10
12.9865198135,80.2384872437,75445,76474,1029
12.9865198135,80.2384872437,76474,76484,10
12.986579895,80.2382888794,76484,76494,10
12.9865703583,80.2377624512,76494,76504,10
12.9865598679,80.2370834351,76504,76514,10
12.9865398407,80.2365875244,76514,76524,10
12.9865198135,80.2358779907,76524,76534,10
12.9864797592,80.2353515625,76534,76544,10
12.9864597321,80.2352981567,76544,76555,11
12.9864597321,80.2352676392,76555,76565,10
12.9862499237,80.2348175049,76565,76575,10
12.9860801697,80.23412323,76575,76585,10
12.9860401154,80.2335891724,76585,76595,10
12.9864797592,80.2332992554,76595,76605,10
12.9866695404,80.2332992554,76605,76615,10
12.9871397018,80.233291626,76615,76625,10
12.9873895645,80.2329101563,76625,76635,10
12.9874601364,80.2322311401,76635,76645,10
12.987739563,80.2313766479,76645,76655,10
12.9882497787,80.2300186157,76655,76686,31
12.9882497787,80.2300186157,76686,76696,10
12.9883298874,80.2297592163,76696,76706,10
12.9885501862,80.2292098999,76706,76716,10
12.9888896942,80.2283706665,76716,76726,10
12.9896097183,80.2279205322,76726,76736,10
12.9899902344,80.2276611328,76736,76746,10
12.9900102615,80.2276611328,76746,76756,10
12.990070343,80.2276535034,76756,76766,10
12.9901103973,80.2271575928,76766,76776,10
12.989979744,80.2264328003,76776,76787,11
12.9900503159,80.2258300781,76787,76797,10
12.9896202087,80.2250976563,76797,76807,10
12.9894504547,80.2244262695,76807,76817,10
12.98939991,80.2237701416,76817,76827,10
12.9889802933,80.2233734131,76827,76838,11
12.9884595871,80.2233276367,76838,76847,9
12.9883098602,80.2232971191,76847,76868,21
12.9883098602,80.2232971191,76868,76878,10
12.9884996414,80.2232818604,76878,76888,10
12.9890403748,80.2233428955,76888,76899,11
12.9894399643,80.2237701416,76899,76908,9
12.9894199371,80.2242584229,76908,76919,11
12.9895601273,80.2248916626,76919,76929,10
12.9899902344,80.2255706787,76929,76939,10
12.9899902344,80.2263870239,76939,76949,10
12.9901599884,80.2275466919,76949,76969,20
12.9901599884,80.2275466919,76969,76979,10
12.9902296066,80.2278213501,76979,76989,10
12.9903802872,80.2285766602,76989,76999,10
12.9905595779,80.2291564941,76999,77009,10
12.9907798767,80.2300415039,77009,77020,11
12.9907903671,80.2302017212,77020,77030,10
12.9908304214,80.2306365967,77030,77040,10
12.9908800125,80.2312011719,77040,77050,10
12.990940094,80.2319793701,77050,77060,10
12.9909601212,80.2320785522,77060,77070,10
12.9909801483,80.2322311401,77070,77080,10
12.9911699295,80.2329177856,77080,77090,10
12.9917402267,80.2336883545,77090,77110,20
12.9917402267,80.2336883545,77110,77120,10
12.9920902252,80.2337417603,77120,77130,10
12.9927902222,80.2338409424,77130,77140,10
12.9933004379,80.2340621948,77140,77151,11
12.9937896729,80.2344207764,77151,77161,10
12.9938697815,80.2344665527,77161,77171,10
12.9942302704,80.2347183228,77171,77181,10
12.9949998856,80.2351379395,77181,77191,10
12.9955301285,80.2355117798,77191,77201,10
12.9959802628,80.2359619141,77201,77211,10
12.9961004257,80.2361373901,77211,77221,10
12.9964799881,80.2368087769,77221,77231,10
12.9968395233,80.2374572754,77231,77241,10
12.9972000122,80.2379989624,77241,77251,10
12.9978303909,80.238822937,77251,77261,10
12.9983501434,80.2390823364,77261,77272,11
12.9987802505,80.2392272949,77272,77282,10
12.9992799759,80.2393569946,77282,77292,10
13.0010099411,80.2396392822,77292,77302,10
13.0010099411,80.2396392822,77302,77312,10
13.0015802383,80.2397689819,77312,77322,10
13.0023603439,80.240020752,77322,77332,10
13.0025396347,80.2400970459,77332,77342,10
13.0030298233,80.2402496338,77342,77352,10
13.0036201477,80.2408218384,77352,77365,13
13.0040102005,80.2416763306,77365,77375,10
13.005200386,80.2418365479,77375,77386,11
13.0059604645,80.2419891357,77386,77396,10
13.0056600571,80.2423782349,77396,78102,706
13.0056600571,80.2423782349,78102,78112,10
13.0053596497,80.2419204712,78112,78122,10
13.0047197342,80.2418212891,78122,78132,10
13.0039396286,80.2415618896,78132,78142,10
13.0035495758,80.2405929565,78142,78152,10
13.0026798248,80.2400970459,78152,78162,10
13.0020799637,80.2399215698,78162,78172,10
13.0012102127,80.2396621704,78172,78182,10
13.0005502701,80.2395629883,78182,78193,11
12.999420166,80.239402771,78193,78203,10
12.9988203049,80.2392501831,78203,78213,10
12.9981899261,80.2390594482,78213,78223,10
12.997759819,80.2387695313,78223,78233,10
12.9972400665,80.2380599976,78233,78243,10
12.9968595505,80.2374191284,78243,78253,10
12.9964199066,80.2366409302,78253,78263,10
12.9959201813,80.2358322144,78263,78273,10
12.9952297211,80.2352523804,78273,78283,10
12.994799614,80.2350082397,78283,78293,10
12.9940299988,80.2345581055,78293,78304,11
12.9934597015,80.2341384888,78304,78314,10
12.992939949,80.2339019775,78314,78324,10
12.9921798706,80.2337722778,78324,78334,10
12.9918003082,80.233757019,78334,78344,10
12.9917697906,80.233757019,78344,78354,10
12.9914503098,80.2337799072,78354,78364,10
12.9912700653,80.2331466675,78364,78374,10
12.991060257,80.2325668335,78374,78384,10
12.9910001755,80.2323226929,78384,78394,10
12.9909601212,80.2319030762,78394,78404,10
12.990940094,80.2317276001,78404,78414,10
12.9909696579,80.2316589355,78414,78424,10
12.9909095764,80.231010437,78424,78435,11
12.9908599854,80.2302093506,78435,78445,10
12.9906597137,80.2292098999,78445,78455,10
12.9904603958,80.2286376953,78455,78465,10
12.9902496338,80.2278823853,78465,78475,10
12.9901599884,80.2273178101,78475,78485,10
12.9901304245,80.2271194458,78485,78505,20
12.9901304245,80.2271194458,78505,78515,10
12.9901304245,80.2270812988,78515,78525,10
12.9900503159,80.2265625,78525,78535,10
12.9900999069,80.2259216309,78535,78546,11
12.9896097183,80.2249832153,78546,78556,10
12.9894599915,80.2243118286,78556,78566,10
12.9894199371,80.2236480713,78566,78576,10
12.9889097214,80.2233581543,78576,78586,10
12.9884796143,80.223449707,78586,78606,20
12.9884796143,80.223449707,78606,78616,10
