12.9866895676,80.2587738037,19,4205,4186
12.9870004654,80.2586593628,4205,5893,1688
12.9868602753,80.2587738037,5893,7855,1962
12.9870100021,80.2587127686,7855,18876,11021
12.9869298935,80.2586975098,18876,19452,576
12.9869604111,80.2586898804,19452,20151,699
12.9869604111,80.2586898804,20151,20161,10
12.9869203568,80.2585601807,20161,20171,10
12.9872703552,80.2585678101,20171,20181,10
12.9873800278,80.2584762573,20181,20192,11
12.9874095917,80.2581787109,20192,20202,10
12.9874401093,80.2576599121,20202,20444,242
12.9874401093,80.2576599121,20444,20454,10
12.9874696732,80.2575531006,20454,20465,11
12.9875202179,80.2570266724,20465,20475,10
12.9875802994,80.2562789917,20475,20485,10
12.9877004623,80.2555618286,20485,20495,10
12.9877700806,80.2546768188,20495,20505,10
12.9878797531,80.2535705566,20505,20515,10
12.9879703522,80.2523269653,20515,20525,10
12.9878101349,80.2515792847,20525,20535,10
12.9877796173,80.2514877319,20535,20545,10
12.9879999161,80.2512283325,20545,20556,11
12.9888095856,80.2510528564,20556,20566,10
12.9895200729,80.2508468628,20566,20576,10
12.9898195267,80.250793457,20576,20586,10
12.9904699326,80.2506484985,20586,20595,9
12.9912500381,80.2504577637,20595,20606,11
12.9924497604,80.2501678467,20606,20616,10
12.9937801361,80.2498397827,20616,20626,10
12.9952802658,80.2494812012,20626,20636,10
12.9969501495,80.2490615845,20636,20647,11
12.9989099503,80.2485580444,20647,20657,10
13.0007696152,80.2480621338,20657,20667,10
13.0023403168,80.2476882935,20667,20677,10
13.0038499832,80.2474365234,20677,20687,10
13.0054998398,80.247177124,20687,20697,10
13.0065603256,80.2464294434,20697,20707,10
13.0066795349,80.2452468872,20707,20717,10
13.0066604614,80.2442169189,20717,20727,10
13.0066299438,80.2433166504,20727,20738,11
13.0065698624,80.2423019409,20738,20748,10
13.0065898895,80.2413635254,20748,20758,10
13.0066995621,80.2405700684,20758,20768,10
13.0068101883,80.2400131226,20768,20778,10
13.0069799423,80.2390670776,20778,20788,10
13.0072097778,80.2379226685,20788,20798,10
13.0074596405,80.2367477417,20798,20808,10
13.0077104568,80.2355194092,20808,20818,10
13.0079402924,80.2343826294,20818,20829,11
13.0082302094,80.2328262329,20829,20839,10
13.0085296631,80.2313766479,20839,20849,10
13.0088300705,80.2299728394,20849,20859,10
13.0091295242,80.2284164429,20859,20869,10
13.0097398758,80.2268676758,20869,20879,10
13.0104703903,80.225402832,20879,20889,10
13.0110197067,80.2241973877,20889,20899,10
13.0113801956,80.2233505249,20899,20909,10
13.0118999481,80.2234725952,20909,20920,11
13.0127296448,80.2239227295,20920,20930,10
13.0137901306,80.2244415283,20930,20940,10
13.0148200989,80.2249984741,20940,20949,9
13.0154600143,80.2253036499,20949,20960,11
13.0156898499,80.2252731323,20960,20970,10
13.0161600113,80.2253417969,20970,20980,10
13.0168504715,80.2252120972,20980,20990,10
13.0177602768,80.2248306274,20990,21000,10
13.0187797546,80.2244262695,21000,21011,11
13.0199098587,80.2246398926,21011,21021,10
13.0207300186,80.2252120972,21021,21031,10
13.0210199356,80.225440979,21031,21041,10
13.0215196609,80.2258911133,21041,21051,10
13.0222501755,80.2264175415,21051,21061,10
13.0230703354,80.2271270752,21061,21071,10
13.0238599777,80.2279205322,21071,21081,10
13.0244398117,80.2284622192,21081,21091,10
13.0243997574,80.2285766602,21091,21102,11
13.0242700577,80.2285919189,21102,21112,10
13.0241603851,80.2284317017,21112,21122,10
13.0239801407,80.228187561,21122,21132,10
13.023440361,80.2276992798,21132,21162,30
13.023440361,80.2276992798,21162,21172,10
13.0233802795,80.2276382446,21172,21182,10
13.0233402252,80.2276077271,21182,21193,11
13.023059845,80.2273178101,21193,21203,10
13.0226802826,80.2269821167,21203,21213,10
13.0224304199,80.2267379761,21213,21223,10
13.0220003128,80.226348877,21223,21233,10
13.0215501785,80.2259902954,21233,21243,10
13.0209999084,80.2255630493,21243,21253,10
13.0203199387,80.2250823975,21253,21263,10
13.0195102692,80.2245483398,21263,21273,10
13.0183801651,80.224647522,21273,21284,11
13.0170898438,80.2251815796,21284,21294,10
13.0164299011,80.2253875732,21294,21304,10
13.0161104202,80.2254486084,21304,21314,10
13.0156698227,80.2257385254,21314,21324,10
13.0149898529,80.2260437012,21324,21334,10
13.0144796371,80.2262420654,21334,21344,10
13.0143499374,80.2262878418,21344,21354,10
13.014289856,80.22631073,21354,21364,10
13.0139303207,80.2264633179,21364,21375,11
13.0132398605,80.2267303467,21375,21385,10
13.0123996735,80.2270431519,21385,21395,10
13.0113697052,80.227432251,21395,21405,10
13.0102300644,80.227897644,21405,21415,10
13.00922966,80.2284622192,21415,21425,10
13.0089597702,80.229637146,21425,21435,10
13.0087099075,80.2309875488,21435,21445,10
13.0084600449,80.2322692871,21445,21455,10
13.0082798004,80.2334365845,21455,21466,11
13.0080604553,80.2345428467,21466,21476,10
13.0078201294,80.2356796265,21476,21486,10
13.0075597763,80.2369995117,21486,21496,10
13.0072603226,80.238319397,21496,21506,10
13.0069904327,80.2395935059,21506,21516,10
13.0067396164,80.2408981323,21516,21526,10
13.0066604614,80.2423019409,21526,21536,10
13.0066795349,80.243637085,21536,21546,10
13.0067195892,80.2449569702,21546,21556,10
13.0067501068,80.2463302612,21556,21567,11
13.0066795349,80.2473983765,21567,21577,10
13.0063896179,80.2474212646,21577,21587,10
13.0058097839,80.247428894,21587,21597,10
13.004940033,80.2474136353,21597,21607,10
13.0039396286,80.2474975586,21607,21617,10
13.0029401779,80.2476806641,21617,21627,10
13.0019903183,80.2478866577,21627,21637,10
13.0008602142,80.2481765747,21637,21648,11
12.9994297028,80.2485427856,21648,21658,10
12.9979896545,80.2488937378,21658,21668,10
12.996509552,80.2492523193,21668,21678,10
12.9949903488,80.249671936,21678,21688,10
12.9934196472,80.2500762939,21688,21698,10
12.9919204712,80.2504425049,21698,21708,10
12.9911203384,80.2506637573,21708,21718,10
12.991109848,80.2506637573,21718,21728,10
12.9907798767,80.2507171631,21728,21739,11
12.9900398254,80.2509078979,21739,21749,10
12.9890804291,80.2511520386,21749,21759,10
12.9879398346,80.2514724731,21759,21779,20
12.9879398346,80.2514724731,21779,21789,10
12.9878997803,80.2514724731,21789,21799,10
12.9875602722,80.2515487671,21799,21809,10
12.9868097305,80.2517318726,21809,21819,10
12.9857702255,80.251991272,21819,21829,10
12.9844703674,80.2523269653,21829,21840,11
12.9828195572,80.2526779175,21840,21850,10
12.9812803268,80.2526931763,21850,21860,10
12.9800596237,80.2527389526,21860,21870,10
12.979060173,80.2526931763,21870,21880,10
12.9785995483,80.2526016235,21880,21890,10
12.9784002304,80.2524871826,21890,21900,10
12.9778995514,80.2520675659,21900,21910,10
12.9771203995,80.2514801025,21910,21921,11
12.9758300781,80.2510681152,21921,21931,10
12.9744997025,80.2506713867,21931,21941,10
12.9730701447,80.2502975464,21941,21951,10
12.9716796875,80.2499237061,21951,21961,10
12.9702100754,80.2494812012,21961,21971,10
12.9687004089,80.248878479,21971,21981,10
12.9671602249,80.248260498,21981,21991,10
12.965959549,80.2476806641,21991,22001,10
12.9650802612,80.2473983765,22001,22012,11
12.9649295807,80.2473373413,22012,22022,10
12.9644298553,80.2471313477,22022,22032,10
12.9636602402,80.2468490601,22032,22042,10
12.9628801346,80.2464675903,22042,22052,10
12.9618501663,80.2459716797,22052,22062,10
12.9605703354,80.2453613281,22062,22072,10
12.9593200684,80.2448272705,22072,22082,10
12.958319664,80.2443466187,22082,22092,10
12.9574804306,80.2440109253,22092,22103,11
12.956580162,80.2436828613,22103,22113,10
12.9563302994,80.243598938,22113,22123,10
12.9558601379,80.2433929443,22123,22133,10
12.9551496506,80.2430419922,22133,22143,10
12.9542198181,80.2426376343,22143,22153,10
12.9531402588,80.2422103882,22153,22163,10
12.9521198273,80.2418289185,22163,22173,10
12.9517202377,80.2416992188,22173,22183,10
12.9514799118,80.2416305542,22183,22194,11
12.9508199692,80.2414016724,22194,22204,10
12.9499397278,80.2411422729,22204,22214,10
12.9489402771,80.2408218384,22214,22224,10
12.9478797913,80.2403717041,22224,22234,10
12.94713974,80.240020752,22234,22244,10
12.9470396042,80.2399902344,22244,22254,10
12.9467697144,80.2398834229,22254,22264,10
12.9462003708,80.2396621704,22264,22274,10
12.9454603195,80.2393188477,22274,22285,11
12.9446001053,80.2385406494,22285,22295,10
12.9437704086,80.2376022339,22295,22305,10
12.9428100586,80.2367095947,22305,22315,10
12.9414596558,80.2362518311,22315,22325,10
12.940199852,80.2359390259,22325,22335,10
12.9396800995,80.235748291,22335,22345,10
12.9395599365,80.2357025146,22345,22355,10
12.9393997192,80.2356185913,22355,22365,10
12.9389095306,80.2353668213,22365,22376,11
12.9381999969,80.2350387573,22376,22386,10
12.9372997284,80.234588623,22386,22396,10
12.9362297058,80.2340621948,22396,22406,10
12.9351100922,80.2335510254,22406,22416,10
12.9340801239,80.2331008911,22416,22426,10
12.9338798523,80.2329788208,22426,22436,10
12.9338302612,80.2329711914,22436,22446,10
12.9334697723,80.2328262329,22446,22456,10
12.9328699112,80.2325820923,22456,22467,11
12.9319601059,80.2322463989,22467,22477,10
12.9308795929,80.2318878174,22477,22487,10
12.9296598434,80.2315597534,22487,22497,10
12.9283704758,80.2312774658,22497,22507,10
12.9270095825,80.2311172485,22507,22517,10
12.9257297516,80.2309799194,22517,22527,10
12.9245004654,80.2308273315,22527,22537,10
12.9232702255,80.2306594849,22537,22547,10
12.9219703674,80.23046875,22547,22558,11
12.9206600189,80.2303009033,22558,22568,10
12.9194698334,80.230140686,22568,22578,10
12.9182596207,80.2299575806,22578,22588,10
12.9169902802,80.2298126221,22588,22598,10
12.9157104492,80.2296295166,22598,22608,10
12.9144001007,80.2294387817,22608,22618,10
12.9131803513,80.2292709351,22618,22628,10
12.9119701385,80.2290878296,22628,22638,10
12.9107198715,80.2289199829,22638,22649,11
12.9093503952,80.2286987305,22649,22659,10
12.9080896378,80.2285003662,22659,22669,10
12.9068498611,80.2283401489,22669,22679,10
12.9056596756,80.2282562256,22679,22689,10
12.9043598175,80.228187561,22689,22699,10
12.9032402039,80.2281265259,22699,22708,9
12.9020595551,80.2280731201,22708,22719,11
12.9010601044,80.2280197144,22719,22729,10
12.9003400803,80.2279586792,22729,22740,11
12.8995103836,80.227897644,22740,22750,10
12.8987102509,80.2278594971,22750,22760,10
12.8976802826,80.2277984619,22760,22770,10
12.8964700699,80.2277526855,22770,22780,10
12.8951597214,80.2276992798,22780,22790,10
12.8938703537,80.2276229858,22790,22800,10
12.8925504684,80.2274398804,22800,22810,10
12.891289711,80.2273864746,22810,22820,10
12.8900499344,80.2273864746,22820,22831,11
12.8888301849,80.2274093628,22831,22841,10
12.8877401352,80.2273330688,22841,22851,10
12.8865499496,80.2270965576,22851,22861,10
12.885430336,80.2268218994,22861,22871,10
12.8848104477,80.2267684937,22871,22881,10
12.8842401505,80.2267684937,22881,22891,10
12.8833503723,80.2267608643,22891,22901,10
12.8822402954,80.2267837524,22901,22911,10
12.880979538,80.2267913818,22911,22922,11
12.879529953,80.2267990112,22922,22932,10
12.8781995773,80.2268600464,22932,22942,10
12.876950264,80.2269897461,22942,22952,10
12.87596035,80.2270278931,22952,22962,10
12.8747997284,80.2269210815,22962,22972,10
12.8735198975,80.2267684937,22972,22982,10
12.8723402023,80.2267227173,22982,22992,10
12.8710603714,80.2266769409,22992,23002,10
12.8696804047,80.2265777588,23002,23013,11
12.8681497574,80.2264404297,23013,23023,10
12.866809845,80.2265472412,23023,23033,10
12.8654603958,80.2266464233,23033,23043,10
12.864159584,80.2266082764,23043,23053,10
12.8628797531,80.2265777588,23053,23063,10
12.8615102768,80.2266464233,23063,23073,10
12.860159874,80.2265625,23073,23083,10
12.8589801788,80.2263793945,23083,23093,10
12.8583698273,80.2263183594,23093,23104,11
12.8574399948,80.2263336182,23104,23114,10
12.8563203812,80.2264404297,23114,23124,10
12.8549499512,80.2265777588,23124,23134,10
12.8534202576,80.2267227173,23134,23144,10
12.8517999649,80.2266921997,23144,23154,10
12.8501195908,80.2266235352,23154,23164,10
12.8485002518,80.2266235352,23164,23174,10
12.8469295502,80.2266387939,23174,23184,10
12.8455295563,80.2266387939,23184,23195,11
12.8440198898,80.2267379761,23195,23205,10
12.8425703049,80.2269821167,23205,23215,10
12.8411502838,80.2273330688,23215,23225,10
12.8401403427,80.2276077271,23225,23235,10
12.8396997452,80.2277069092,23235,23245,10
12.8396701813,80.227722168,23245,23255,10
12.8391504288,80.2278823853,23255,23265,10
12.8383903503,80.2280807495,23265,23275,10
12.8373804092,80.2282867432,23275,23286,11
12.8360204697,80.228477478,23286,23296,10
12.8347301483,80.2286834717,23296,23306,10
12.833439827,80.2289199829,23306,23316,10
12.8322601318,80.2291412354,23316,23326,10
12.8318195343,80.2292785645,23326,23336,10
12.8316402435,80.2293167114,23336,23346,10
12.8310804367,80.2294692993,23346,23356,10
12.8302297592,80.2297592163,23356,23366,10
12.8291301727,80.2302093506,23366,23377,11
12.8278303146,80.2309188843,23377,23387,10
12.8265895844,80.2313919067,23387,23397,10
12.8251399994,80.2314605713,23397,23407,10
12.8237495422,80.2311630249,23407,23417,10
12.8223695755,80.2307281494,23417,23427,10
12.8209400177,80.2304763794,23427,23437,10
12.8194599152,80.2305221558,23437,23447,10
12.818110466,80.230140686,23447,23457,10
12.8167800903,80.229598999,23457,23468,11
12.8151302338,80.2293319702,23468,23478,10
12.8135995865,80.2290115356,23478,23488,10
12.8120698929,80.228477478,23488,23498,10
12.8105602264,80.227897644,23498,23508,10
12.8091001511,80.2272033691,23508,23518,10
12.8078804016,80.2261962891,23518,23528,10
12.8069200516,80.2253723145,23528,23538,10
12.8061504364,80.2246780396,23538,23548,10
12.8054199219,80.2241516113,23548,23559,11
12.8045701981,80.2239532471,23559,23569,10
12.8038597107,80.2238998413,23569,23579,10
12.8031396866,80.2238388062,23579,23589,10
12.8022298813,80.2237167358,23589,23599,10
12.8011598587,80.2236404419,23599,23609,10
12.8009796143,80.2236175537,23609,23619,10
12.8008003235,80.2236099243,23619,23629,10
12.8002300262,80.2235565186,23629,23639,10
12.7993602753,80.2235031128,23639,23650,11
12.7981004715,80.2233123779,23650,23660,10
12.7966804504,80.2230606079,23660,23670,10
12.7952299118,80.2227935791,23670,23680,10
12.7937202454,80.2225723267,23680,23690,10
12.792090416,80.2223129272,23690,23700,10
12.790599823,80.2219390869,23700,23710,10
12.7895498276,80.2216491699,23710,23720,10
12.7890195847,80.2214584351,23720,23730,10
12.7882604599,80.2211608887,23730,23741,11
12.7873897552,80.2208480835,23741,23751,10
12.7863998413,80.2204666138,23751,23771,20
12.7863998413,80.2204666138,23771,23781,10
12.7861795425,80.2204666138,23781,23791,10
12.7861795425,80.2208862305,23791,23801,10
12.786190033,80.2213668823,23801,23811,10
12.7862300873,80.2218170166,23811,23821,10
12.7862901688,80.2221679688,23821,24701,880
12.7862901688,80.2221679688,24701,24711,10
12.7862997055,80.2220077515,24711,24721,10
12.7863101959,80.2219085693,24721,24731,10
12.7862997055,80.2217712402,24731,24742,11
12.7862501144,80.221496582,24742,24752,10
12.786239624,80.2212677002,24752,24762,10
12.7862300873,80.2210617065,24762,24772,10
12.7862195969,80.2208023071,24772,24782,10
12.7861995697,80.2205581665,24782,24792,10
12.7863903046,80.2203826904,24792,24812,20
12.7863903046,80.2203826904,24812,24822,10
12.7865200043,80.2204437256,24822,24833,11
12.7870101929,80.2206497192,24833,24843,10
12.7876300812,80.2208633423,24843,24853,10
12.7882995605,80.2211608887,24853,24863,10
12.7891998291,80.2214889526,24863,24873,10
12.7900600433,80.2217636108,24873,24883,10
12.7910299301,80.2220001221,24883,24893,10
12.7921600342,80.2222824097,24893,24903,10
12.7934598923,80.2225036621,24903,24913,10
12.7949104309,80.2227172852,24913,24924,11
12.7962903976,80.2229309082,24924,24934,10
12.7965202332,80.2229690552,24934,24944,10
12.7968702316,80.2230377197,24944,24954,10
12.7975301743,80.2231674194,24954,24964,10
12.7983598709,80.2232666016,24964,24974,10
12.7993001938,80.2233581543,24974,24984,10
12.8004398346,80.2234802246,24984,24994,10
12.8014602661,80.2235565186,24994,25004,10
12.8015298843,80.2235717773,25004,25015,11
12.8020200729,80.2236328125,25015,25025,10
12.8027601242,80.223739624,25025,25035,10
12.8037099838,80.2238388062,25035,25045,10
12.8047704697,80.2239379883,25045,25055,10
12.8055400848,80.2241210938,25055,25065,10
12.8056497574,80.2241592407,25065,25075,10
12.8060398102,80.2244720459,25075,25085,10
12.8066301346,80.2250213623,25085,25095,10
12.8074398041,80.225730896,25095,25106,11
12.8085603714,80.2266769409,25106,25116,10
12.8097896576,80.2275314331,25116,25126,10
12.8112802505,80.2281570435,25126,25136,10
12.8129196167,80.2287368774,25136,25146,10
12.8146400452,80.2292327881,25146,25156,10
12.8163700104,80.2294692993,25156,25166,10
12.8179798126,80.2300033569,25166,25176,10
12.8193998337,80.2304763794,25176,25186,10
12.8198604584,80.2304534912,25186,25197,11
12.8200502396,80.2304382324,25197,25207,10
12.8206701279,80.2304229736,25207,25217,10
12.8215398788,80.23046875,25217,25227,10
12.822640419,80.230758667,25227,25237,10
12.8239402771,80.2311172485,25237,25247,10
12.8252897263,80.2313766479,25247,25257,10
12.8267803192,80.2312774658,25257,25267,10
12.8281202316,80.2306900024,25267,25277,10
12.829460144,80.2300033569,25277,25288,11
12.8308897018,80.2294082642,25288,25298,10
12.8311195374,80.2293167114,25298,25308,10
12.831199646,80.2293395996,25308,25318,10
12.8316402435,80.2292098999,25318,25328,10
12.8323202133,80.2290420532,25328,25338,10
12.8332300186,80.2288589478,25338,25348,10
12.8343696594,80.2286529541,25348,25358,10
12.8356895447,80.2284317017,25358,25368,10
12.8370895386,80.2282180786,25368,25379,11
12.8385896683,80.2279281616,25379,25389,10
12.8395204544,80.2276687622,25389,25409,20
12.8395204544,80.2276687622,25409,25419,10
12.8398199081,80.2275772095,25419,25429,10
12.8404302597,80.227432251,25429,25439,10
12.8412399292,80.2272109985,25439,25449,10
12.842300415,80.2269592285,25449,25459,10
12.8435001373,80.2267074585,25459,25470,11
12.844909668,80.2265625,25470,25480,10
12.845459938,80.2265319824,25480,25490,10
12.8456001282,80.2265167236,25490,25500,10
12.8461704254,80.2265396118,25500,25510,10
12.8470201492,80.2265396118,25510,25520,10
12.8480997086,80.2265472412,25520,25530,10
12.8493404388,80.2265167236,25530,25540,10
12.8500699997,80.2265014648,25540,25550,10
12.8501996994,80.2265014648,25550,25561,11
12.850810051,80.2265319824,25561,25571,10
12.8516197205,80.2265625,25571,25581,10
12.8526601791,80.2266235352,25581,25591,10
12.8539199829,80.2265625,25591,25601,10
12.8552999496,80.2264022827,25601,25611,10
12.8567495346,80.2262268066,25611,25621,10
12.85820961,80.2261505127,25621,25631,10
12.8596696854,80.2263183594,25631,25641,10
12.8607597351,80.2264633179,25641,25652,11
12.8608999252,80.2265014648,25652,25662,10
12.8613395691,80.2265167236,25662,25672,10
12.8621196747,80.2264785767,25672,25682,10
12.863120079,80.2264404297,25682,25692,10
12.8643198013,80.2264785767,25692,25702,10
12.8657503128,80.2265396118,25702,25712,10
12.8673601151,80.2263870239,25712,25722,10
12.8690900803,80.2263565063,25722,25732,10
12.8708896637,80.2265625,25732,25743,11
12.8723802567,80.2265930176,25743,25753,10
12.8729400635,80.226600647,25753,25763,10
12.8731403351,80.2266082764,25763,25773,10
12.8737201691,80.2266616821,25773,25783,10
12.8745298386,80.2267532349,25783,25793,10
12.8755502701,80.2268829346,25793,25803,10
12.8765697479,80.226890564,25803,25813,10
12.8767995834,80.2268600464,25813,25823,10
12.8770303726,80.2268371582,25823,25834,11
12.877790451,80.2267837524,25834,25844,10
12.8787202835,80.2267074585,25844,25854,10
12.8798599243,80.2266616821,25854,25864,10
12.8812198639,80.2266464233,25864,25874,10
12.8827295303,80.2266693115,25874,25884,10
12.8842697144,80.2266464233,25884,25894,10
12.885219574,80.2266311646,25894,25904,10
12.8852996826,80.2266387939,25904,25914,10
12.8856897354,80.2267227173,25914,25925,11
12.8864603043,80.2269210815,25925,25935,10
12.8873996735,80.2271499634,25935,25945,10
12.8885202408,80.2273025513,25945,25955,10
12.8898496628,80.2273178101,25955,25965,10
12.8913002014,80.2273330688,25965,25975,10
12.8926496506,80.2273712158,25975,25985,10
12.8938999176,80.2275390625,25985,25995,10
12.8951396942,80.2276077271,25995,26005,10
12.8964500427,80.2276306152,26005,26016,11
12.8978300095,80.2276916504,26016,26026,10
12.8984203339,80.2276992798,26026,26036,10
12.898730278,80.2277374268,26036,26046,10
12.8993701935,80.2277908325,26046,26056,10
12.9001703262,80.2278366089,26056,26066,10
12.9008102417,80.2278137207,26066,26127,61
12.9008102417,80.2278137207,26127,26137,10
12.9011602402,80.2278366089,26137,26147,10
12.9016799927,80.227897644,26147,26157,10
12.9023799896,80.2279434204,26157,26167,10
12.9029197693,80.2279434204,26167,26177,10
12.9029302597,80.2279434204,26177,26188,11
12.9033498764,80.2279815674,26188,26198,10
12.9040403366,80.2280426025,26198,26208,10
12.9049396515,80.2280807495,26208,26218,10
12.9059200287,80.2281265259,26218,26228,10
12.9065799713,80.2281570435,26228,26238,10
12.9070501328,80.2282180786,26238,26248,10
12.9071397781,80.2282333374,26248,26258,10
12.9075803757,80.228302002,26258,26268,10
12.9083204269,80.2284317017,26268,26279,11
12.9093999863,80.2286300659,26279,26289,10
12.9106903076,80.2288589478,26289,26299,10
12.9122200012,80.2291030884,26299,26309,10
12.9136295319,80.2292633057,26309,26319,10
12.9138898849,80.2292861938,26319,26329,10
12.9141798019,80.2293319702,26329,26339,10
12.9147701263,80.2294006348,26339,26349,10
12.915599823,80.2295303345,26349,26359,10
12.9166898727,80.2296829224,26359,26370,11
12.9181499481,80.2299118042,26370,26380,10
12.919670105,80.2301177979,26380,26390,10
12.9211597443,80.2303009033,26390,26400,10
12.9226799011,80.2305297852,26400,26410,10
12.9242401123,80.2307434082,26410,26420,10
12.9253797531,80.2308807373,26420,26430,10
12.9263095856,80.2309417725,26430,26440,10
12.9264698029,80.2309494019,26440,26450,10
12.9267997742,80.2309799194,26450,26461,11
12.9274902344,80.2310714722,26461,26471,10
12.9282999039,80.2311706543,26471,26481,10
12.9293498993,80.2313766479,26481,26491,10
12.930560112,80.2316818237,26491,26501,10
12.9318399429,80.2320709229,26501,26511,10
12.9330196381,80.2324829102,26511,26521,10
12.9337100983,80.2327804565,26521,26531,10
12.9338102341,80.2328186035,26531,26541,10
12.9341897964,80.2329788208,26541,26552,11
12.9349403381,80.2333374023,26552,26562,10
12.9355697632,80.2336273193,26562,26572,10
12.9356403351,80.2336578369,26572,26582,10
12.9360103607,80.2338485718,26582,26592,10
12.9366598129,80.2341690063,26592,26602,10
12.9375,80.2345733643,26602,26612,10
12.9385595322,80.2350921631,26612,26622,10
12.939499855,80.2355422974,26622,26632,10
12.9396495819,80.2356033325,26632,26642,10
12.9399404526,80.2357177734,26642,26653,11
12.9406604767,80.2359695435,26653,26663,10
12.9415197372,80.2361907959,26663,26673,10
12.9425802231,80.2365112305,26673,26683,10
12.9436101913,80.2372665405,26683,26693,10
12.9445800781,80.2383270264,26693,26703,10
12.945599556,80.2392730713,26703,26713,10
12.9467401505,80.2397613525,26713,26722,9
12.9474401474,80.2400283813,26722,26734,12
12.9475698471,80.2400817871,26734,26744,10
12.9480600357,80.2402877808,26744,26754,10
12.9487400055,80.2405776978,26754,26764,10
12.9496097565,80.2409133911,26764,26774,10
12.9506797791,80.2412185669,26774,26784,10
12.9511804581,80.2413635254,26784,26794,10
12.9513902664,80.2414398193,26794,26804,10
12.9515304565,80.2414932251,26804,26814,10
12.951880455,80.2416229248,26814,26825,11
12.9525995255,80.2418823242,26825,26835,10
12.9534502029,80.2422180176,26835,26845,10
12.9544496536,80.2426300049,26845,26855,10
12.955280304,80.2429580688,26855,26865,10
12.9561395645,80.243347168,26865,26875,10
12.9565696716,80.2435302734,26875,26885,10
12.9571199417,80.2437362671,26885,26895,10
12.9579200745,80.2440414429,26895,26905,10
12.9587602615,80.2443618774,26905,26915,10
12.9590101242,80.244468689,26915,26926,11
12.9593601227,80.2446365356,26926,26936,10
12.9600095749,80.2449417114,26936,26946,10
12.9608602524,80.2453384399,26946,26956,10
12.9618997574,80.2458724976,26956,26966,10
12.9630498886,80.2464294434,26966,26976,10
12.9640398026,80.2469024658,26976,26986,10
12.9651098251,80.2472763062,26986,26996,10
12.9660797119,80.2476119995,26996,27007,11
12.9664201736,80.247718811,27007,27017,10
12.9664697647,80.2477264404,27017,27027,10
12.9667301178,80.2478790283,27027,27037,10
12.9672403336,80.2481613159,27037,27047,10
12.9680204391,80.2484970093,27047,27057,10
12.9689903259,80.248878479,27057,27067,10
12.9701795578,80.2493362427,27067,27077,10
12.9715299606,80.2497787476,27077,27087,10
12.9726896286,80.2500762939,27087,27098,11
12.9737997055,80.2503814697,27098,27108,10
12.9749498367,80.2507019043,27108,27118,10
12.9762096405,80.2510604858,27118,27127,9
12.9772796631,80.2514266968,27127,27138,11
12.9782896042,80.2521972656,27138,27148,10
12.9786500931,80.2523880005,27148,27158,10
12.9787797928,80.2524414063,27158,27168,10
12.9791498184,80.2525634766,27168,27178,10
12.9795703888,80.2525863647,27178,27189,11
12.9798297882,80.2526168823,27189,27199,10
12.9803199768,80.2526779175,27199,27209,10
12.9810400009,80.2526397705,27209,27219,10
12.9819202423,80.2526092529,27219,27229,10
12.9830303192,80.252571106,27229,27238,9
12.9841804504,80.2523422241,27238,27249,11
12.9855899811,80.251953125,27249,27259,10
12.9866399765,80.251701355,27259,27269,10
12.9874801636,80.2514266968,27269,27371,102
12.9874801636,80.2514266968,27371,27381,10
12.9877796173,80.251373291,27381,27391,10
12.9882698059,80.2512512207,27391,27401,10
12.9890203476,80.2510375977,27401,27411,10
12.9896001816,80.2508773804,27411,27421,10
12.9897499084,80.2508621216,27421,27431,10
12.9902696609,80.2507324219,27431,27441,10
12.9909896851,80.250541687,27441,27451,10
12.9919099808,80.2502975464,27451,27462,11
12.9931697845,80.25,27462,27472,10
12.9945201874,80.2496490479,27472,27482,10
12.9957504272,80.2493515015,27482,27491,9
12.9966697693,80.2490768433,27491,27502,11
12.9967603683,80.2490692139,27502,27512,10
12.9970502853,80.2490234375,27512,27522,10
12.9976902008,80.2488632202,27522,27532,10
12.9985399246,80.2486419678,27532,27542,10
12.9996099472,80.2483673096,27542,27553,11
13.0010204315,80.2480316162,27553,27563,10
13.0023202896,80.2477035522,27563,27573,10
13.0035600662,80.2474899292,27573,27583,10
13.0049200058,80.2472991943,27583,27593,10
13.0060901642,80.2469711304,27593,27603,10
13.0065402985,80.246383667,27603,27613,10
13.0065498352,80.2463378906,27613,27623,10
13.0065803528,80.2461471558,27623,27633,10
13.0066099167,80.2456436157,27633,27644,11
13.0066404343,80.2448577881,27644,27654,10
13.0066404343,80.2439422607,27654,27664,10
13.0066099167,80.2431030273,27664,27674,10
13.0066404343,80.2423629761,27674,27684,10
13.0066299438,80.2415466309,27684,27694,10
13.0066995621,80.2408294678,27694,27704,10
13.0068302155,80.2401275635,27704,27714,10
13.0070199966,80.2391815186,27714,27724,10
13.0072202682,80.238067627,27724,27735,11
13.0073795319,80.2369995117,27735,27745,10
13.0074100494,80.2368164063,27745,27755,10
13.007399559,80.2367477417,27755,27765,10
13.0074996948,80.2364273071,27765,27775,10
13.0076503754,80.235786438,27775,27785,10
13.0078001022,80.2349090576,27785,27795,10
13.008020401,80.2338409424,27795,27805,10
13.0082798004,80.2324981689,27805,27815,10
13.0085601807,80.2310791016,27815,27826,11
13.0088596344,80.2294769287,27826,27836,10
13.0091600418,80.2281494141,27836,27846,10
13.0096797943,80.2269668579,27846,27856,10
13.0101804733,80.2259063721,27856,27866,10
13.0106496811,80.2249603271,27866,27876,10
13.0110902786,80.223991394,27876,27886,10
13.0113801956,80.2232589722,27886,27896,10
13.0114002228,80.2232437134,27896,27906,10
13.0114803314,80.22315979,27906,27917,11
13.0117301941,80.2224884033,27917,27927,10
13.0120201111,80.2216033936,27927,27937,10
13.0123996735,80.2215499878,27937,27946,9
13.0126695633,80.2220001221,27946,27957,11
13.0132598877,80.2225723267,27957,27967,10
13.0137901306,80.2231369019,27967,27977,10
13.0141897202,80.2236785889,27977,27987,10
13.0146198273,80.2241897583,27987,27997,10
13.0149803162,80.2245788574,27997,28008,11
13.0156097412,80.2250595093,28008,28027,19
13.0156097412,80.2250595093,28027,28038,11
13.0160598755,80.2253570557,28038,28048,10
13.0168600082,80.2251968384,28048,28058,10
13.0178003311,80.224822998,28058,28068,10
13.0186595917,80.2244796753,28068,28078,10
13.019490242,80.2244033813,28078,28088,10
13.0198898315,80.2245864868,28088,28099,11
13.0201501846,80.2248001099,28099,28109,10
13.0203399658,80.2249603271,28109,28119,10
13.0208396912,80.2253036499,28119,28129,10
13.0214595795,80.2257766724,28129,28139,10
13.0221395493,80.2262802124,28139,28149,10
13.0227203369,80.2267913818,28149,28159,10
13.0233001709,80.2272720337,28159,28169,10
13.0237503052,80.2277069092,28169,28179,10
13.0240402222,80.2279510498,28179,29079,900
13.0240402222,80.2279510498,29079,29089,10
13.0243396759,80.2283172607,29089,29160,71
13.0243396759,80.2283172607,29160,29170,10
13.0244503021,80.2285690308,29170,29180,10
13.0242700577,80.2285919189,29180,29191,11
13.0239801407,80.2282562256,29191,29201,10
13.0235795975,80.2278366089,29201,29221,20
13.0235795975,80.2278366089,29221,29231,10
13.023440361,80.2276992798,29231,29241,10
13.0232601166,80.2275390625,29241,29524,283
13.0232601166,80.2275390625,29524,29534,10
13.022939682,80.2272262573,29534,29544,10
13.0229196548,80.2271881104,29544,29555,11
13.0226202011,80.226890564,29555,29565,10
13.0222597122,80.226600647,29565,29575,10
13.0217199326,80.2261428833,29575,29585,10
13.0211200714,80.2256698608,29585,29595,10
13.0204801559,80.2252197266,29595,29605,10
13.0201501846,80.2249832153,29605,29615,10
13.0197601318,80.2247085571,29615,29625,10
13.0191698074,80.2245101929,29625,29635,10
13.0184402466,80.2246627808,29635,29646,11
13.017539978,80.2250518799,29646,29656,10
13.0167398453,80.2253875732,29656,29666,10
13.0160703659,80.2256393433,29666,29676,10
13.0153999329,80.2258911133,29676,29686,10
13.0147304535,80.2261734009,29686,29696,10
13.0145196915,80.2262420654,29696,29706,10
13.0143995285,80.226272583,29706,29716,10
13.0142202377,80.2263412476,29716,29726,10
13.0137500763,80.2265167236,29726,29737,11
13.012960434,80.2268218994,29737,29747,10
13.0120801926,80.2271575928,29747,29757,10
13.0110397339,80.2275695801,29757,29767,10
13.0099802017,80.2279891968,29767,29777,10
13.0092000961,80.2284164429,29777,29787,10
13.0089797974,80.2292709351,29787,29797,10
13.0087900162,80.2303390503,29797,29807,10
13.0085697174,80.2313690186,29807,29817,10
13.0084104538,80.2323684692,29817,29828,11
13.0082798004,80.2332687378,29828,29838,10
13.0082197189,80.2337112427,29838,29848,10
13.0081596375,80.2339096069,29848,29858,10
13.0080795288,80.2344207764,29858,29868,10
13.0079097748,80.2351531982,29868,29878,10
13.0077295303,80.2359695435,29878,29888,10
13.0075502396,80.2367630005,29888,29898,10
13.0073604584,80.2376785278,29898,29908,10
13.0071697235,80.2386322021,29908,29919,11
13.0069999695,80.2395782471,29919,29929,10
13.0068597794,80.2402801514,29929,29939,10
13.0067100525,80.2411880493,29939,29949,10
13.0066795349,80.242477417,29949,29959,10
13.0066900253,80.2437973022,29959,29969,10
13.0066995621,80.2448425293,29969,29978,9
13.0067300797,80.2459182739,29978,29989,11
13.0067396164,80.2460479736,29989,29999,10
13.0067596436,80.2462997437,29999,30010,11
13.0067596436,80.2469100952,30010,30020,10
13.0064401627,80.2474212646,30020,30030,10
13.0060300827,80.2474136353,30030,30040,10
13.0059404373,80.2474212646,30040,30050,10
13.0054702759,80.2473907471,30050,30060,10
13.0047502518,80.247428894,30060,30070,10
13.0038404465,80.247543335,30070,30080,10
13.002820015,80.2477035522,30080,30090,10
13.0021400452,80.2478408813,30090,30101,11
13.0012302399,80.2480621338,30101,30111,10
13.0002298355,80.2483291626,30111,30121,10
12.9990100861,80.2486190796,30121,30131,10
12.9981298447,80.2488632202,30131,30141,10
12.9980697632,80.2488937378,30141,30151,10
12.9976596832,80.2489776611,30151,30161,10
12.9969596863,80.2491531372,30161,30171,10
12.9960803986,80.2493896484,30171,30181,10
12.9949998856,80.249671936,30181,30192,11
12.9935598373,80.2500228882,30192,30202,10
12.992190361,80.2503433228,30202,30212,10
12.9912500381,80.2506027222,30212,30222,10
12.9911203384,80.250617981,30222,30232,10
12.9907197952,80.2507095337,30232,30242,10
12.9900102615,80.2509078979,30242,30252,10
12.989159584,80.2511367798,30252,30262,10
12.9885101318,80.2513427734,30262,30313,51
12.988409996,80.2513580322,30313,30404,91
12.988409996,80.2513580322,30404,30414,10
12.9883403778,80.2513198853,30414,30424,10
12.9879903793,80.251411438,30424,30434,10
12.9874801636,80.2515182495,30434,30444,10
12.9868497849,80.251701355,30444,30454,10
12.986120224,80.2518920898,30454,30465,11
12.9851198196,80.2521362305,30465,30475,10
12.9839601517,80.2524490356,30475,30484,9
12.9828100204,80.2526626587,30484,30495,11
12.9813699722,80.2526779175,30495,30505,10
12.9805698395,80.252746582,30505,30515,10
12.9804201126,80.2527618408,30515,30525,10
12.9801797867,80.252746582,30525,30535,10
12.9798297882,80.2527084351,30535,30545,10
12.9792804718,80.2526626587,30545,30556,11
12.9787597656,80.2526092529,30556,30566,10
12.978679657,80.2525634766,30566,30575,9
12.9782896042,80.2523727417,30575,30586,11
12.9777698517,80.2519302368,30586,30596,10
12.9768600464,80.2513427734,30596,30606,10
12.975689888,80.2509689331,30606,30615,9
12.9744997025,80.2506332397,30615,30626,11
12.9731998444,80.2502593994,30626,30636,10
12.9723396301,80.2500610352,30636,30647,11
12.9712095261,80.2497787476,30647,30657,10
12.9700698853,80.2493972778,30657,30667,10
12.9689102173,80.2489318848,30667,30677,10
12.9678401947,80.2484970093,30677,30687,10
12.9670495987,80.2481613159,30687,30697,10
12.9665899277,80.2479324341,30697,30707,10
12.9660196304,80.2476730347,30707,30717,10
12.9653701782,80.2474365234,30717,30727,10
12.9652204514,80.2473678589,30727,30738,11
12.9651298523,80.2472610474,30738,30748,10
12.9649095535,80.2472076416,30748,30758,10
12.9644899368,80.2470932007,30758,30768,10
12.9643201828,80.2470626831,30768,30778,10
12.9641103745,80.2469787598,30778,30788,10
12.9637403488,80.2468414307,30788,30798,10
12.9633197784,80.2466506958,30798,30808,10
12.9626197815,80.2463226318,30808,30818,10
12.9617700577,80.2458572388,30818,30829,11
12.9605998993,80.2452926636,30829,30839,10
12.9596500397,80.2449035645,30839,30849,10
12.9594898224,80.2448425293,30849,30859,10
12.9593400955,80.2447967529,30859,30869,10
12.9592199326,80.2448120117,30869,30879,10
12.9590301514,80.2446670532,30879,30889,10
12.9584903717,80.2444076538,30889,30899,10
12.9577999115,80.244140625,30899,30909,10
12.9565601349,80.2436676025,30909,30930,21
12.9565601349,80.2436676025,30930,30940,10
12.9564399719,80.2436218262,30940,30950,10
12.9562902451,80.243598938,30950,30960,10
12.9558601379,80.2433776855,30960,30970,10
12.9551801682,80.2430419922,30970,30980,10
12.9543399811,80.2426605225,30980,30990,10
12.9533100128,80.2422409058,30990,31000,10
12.9522600174,80.2418365479,31000,31011,11
12.9516496658,80.2416534424,31011,31021,10
12.9515600204,80.241607666,31021,31031,10
12.9511203766,80.2414627075,31031,31041,10
12.9503803253,80.2412261963,31041,31050,9
12.949640274,80.241027832,31050,31060,10
12.9489803314,80.2407989502,31060,31071,11
12.9481601715,80.2404403687,31071,31081,10
12.947719574,80.240272522,31081,31091,10
12.9472904205,80.2400817871,31091,31102,11
12.9471502304,80.240020752,31102,31112,10
12.9469995499,80.2399597168,31112,31122,10
12.9467401505,80.2398834229,31122,31132,10
12.94672966,80.2398834229,31132,31142,10
12.9465703964,80.2398376465,31142,31152,10
12.9463996887,80.2397766113,31152,31172,20
12.9463996887,80.2397766113,31172,31182,10
12.9461297989,80.2396469116,31182,31192,10
12.9460296631,80.2395935059,31192,31203,11
12.9457998276,80.2394714355,31203,31213,10
12.9457702637,80.2394485474,31213,31223,10
12.9456701279,80.239402771,31223,31233,10
12.9455299377,80.2393417358,31233,31243,10
12.945400238,80.2392578125,31243,31253,10
12.9452896118,80.2391586304,31253,31263,10
12.9451999664,80.2390899658,31263,31273,10
12.944899559,80.2388076782,31273,31304,31
12.9447402954,80.2386474609,31304,31364,60
12.9447402954,80.2386474609,31364,31374,10
12.9444303513,80.238319397,31374,31385,11
12.9441699982,80.2380371094,31385,31405,20
12.9441699982,80.2380371094,31405,31415,10
12.9440202713,80.2378692627,31415,31425,10
12.9439496994,80.2378005981,31425,31435,10
12.9438896179,80.237739563,31435,31445,10
12.9435901642,80.237449646,31445,31476,31
12.9435901642,80.237449646,31476,31486,10
12.9434900284,80.2372894287,31486,31496,10
12.9432201385,80.2370223999,31496,31506,10
12.9427900314,80.2367019653,31506,31536,30
12.9427900314,80.2367019653,31536,31546,10
12.9426603317,80.236618042,31546,31556,10
12.9422903061,80.2364501953,31556,31577,21
12.9422903061,80.2364501953,31577,31587,10
12.9421300888,80.2363967896,31587,31597,10
12.9418497086,80.2363204956,31597,31607,10
12.9414596558,80.2362518311,31607,31637,30
12.9414596558,80.2362518311,31637,31647,10
12.9411802292,80.2361831665,31647,31708,61
12.9411802292,80.2361831665,31708,31718,10
12.9407100677,80.2360687256,31718,31799,81
12.9405498505,80.2360305786,31799,31931,132
12.9405498505,80.2360305786,31931,31941,10
12.9400997162,80.2359237671,31941,31951,10
12.9399404526,80.2358627319,31951,31961,10
12.9398298264,80.2358169556,31961,31971,10
12.9395303726,80.235710144,31971,32011,40
12.9392204285,80.2355804443,32011,32062,51
12.9392204285,80.2355804443,32062,32072,10
12.9391002655,80.2354888916,32072,32082,10
12.9389200211,80.2353973389,32082,32123,41
12.9387197495,80.2352600098,32123,32224,101
12.9387197495,80.2352600098,32224,32234,10
12.9384803772,80.2351379395,32234,32244,10
12.9383296967,80.2351303101,32244,32254,10
12.9380502701,80.2350006104,32254,32264,10
12.9377002716,80.2348175049,32264,32355,91
12.9377002716,80.2348175049,32355,32365,10
12.9373397827,80.2346801758,32365,32406,41
12.9373397827,80.2346801758,32406,32416,10
12.9366903305,80.2342987061,32416,32517,101
12.9363203049,80.2341995239,32517,32608,91
12.9359798431,80.2340087891,32608,32699,91
12.9359798431,80.2340087891,32699,32709,10
12.9357099533,80.2337875366,32709,32719,10
12.9352998734,80.2335891724,32719,32729,10
12.9346399307,80.2332763672,32729,32739,10
12.9339399338,80.2329864502,32739,32770,31
12.9339399338,80.2329864502,32770,32780,10
12.9335403442,80.2328491211,32780,32790,10
12.9335403442,80.2328414917,32790,32800,10
12.9333400726,80.232749939,32800,32810,10
12.933139801,80.2326278687,32810,32820,10
12.9329395294,80.2325820923,32820,32841,21
12.9329395294,80.2325820923,32841,32851,10
12.9327201843,80.2324829102,32851,32861,10
12.932559967,80.2323989868,32861,32871,10
12.9322900772,80.2322769165,32871,32881,10
12.9318704605,80.232131958,32881,32891,10
12.9312400818,80.2319335938,32891,32901,10
12.9304599762,80.2316970825,32901,32911,10
12.9298801422,80.231552124,32911,32921,10
12.9297704697,80.2315063477,32921,32932,11
12.9294099808,80.2314605713,32932,32952,20
12.9294099808,80.2314605713,32952,32962,10
12.9290800095,80.2313919067,32962,32972,10
12.9285697937,80.2312927246,32972,32982,10
12.9278001785,80.2311782837,32982,32992,10
12.9268798828,80.2310714722,32992,33002,10
12.9261703491,80.2310028076,33002,33012,10
12.9260597229,80.231010437,33012,33023,11
12.9256696701,80.2309494019,33023,33033,10
12.925069809,80.2308731079,33033,33043,10
12.9242601395,80.2307662964,33043,33053,10
12.923330307,80.2306365967,33053,33063,10
12.9222202301,80.2304763794,33063,33073,10
12.9209098816,80.2302932739,33073,33083,10
12.919670105,80.2301177979,33083,33093,10
12.9184999466,80.2299575806,33093,33103,10
12.9174804688,80.2298812866,33103,33113,10
12.9166202545,80.2297515869,33113,33124,11
12.9155197144,80.2295913696,33124,33134,10
12.9144802094,80.2294235229,33134,33144,10
12.913599968,80.2293167114,33144,33154,10
12.9134902954,80.2293167114,33154,33164,10
12.9132795334,80.2292785645,33164,33174,10
12.9127998352,80.2292022705,33174,33184,10
12.9120397568,80.2290802002,33184,33194,10
12.9111003876,80.2289505005,33194,33204,10
12.9099798203,80.2287826538,33204,33215,11
12.908829689,80.2286224365,33215,33225,10
12.907910347,80.2284393311,33225,33235,10
12.9074602127,80.2283782959,33235,33255,20
12.9074602127,80.2283782959,33255,33265,10
12.9074201584,80.2283782959,33265,33275,10
12.9070501328,80.2283401489,33275,33285,10
12.9064302444,80.2282562256,33285,33295,10
12.9055700302,80.2282180786,33295,33306,11
12.9045696259,80.2281570435,33306,33316,10
12.9037799835,80.2281112671,33316,33326,10
12.902879715,80.2280578613,33326,33336,10
12.9023704529,80.2280502319,33336,33366,30
12.9023704529,80.2280502319,33366,33376,10
12.9023399353,80.2280578613,33376,33386,10
12.9020395279,80.2280578613,33386,33397,11
12.9014596939,80.2280197144,33397,33407,10
12.9009504318,80.2279586792,33407,33417,10
12.9004602432,80.2279129028,33417,33427,10
12.899889946,80.2278823853,33427,33437,10
12.8994102478,80.2278823853,33437,33467,30
12.8994102478,80.2278823853,33467,33477,10
12.8992204666,80.227897644,33477,33488,11
12.8989896774,80.2278900146,33488,33498,10
12.8988895416,80.2278900146,33498,33508,10
12.8984699249,80.2278366089,33508,33518,10
12.8978595734,80.2277832031,33518,33528,10
12.8971004486,80.2277374268,33528,33538,10
12.896229744,80.2276763916,33538,33548,10
12.8953504562,80.2276382446,33548,33558,10
12.8943595886,80.2275924683,33558,33568,10
12.8928203583,80.2274093628,33568,33649,81
12.8928203583,80.2274093628,33649,33659,10
12.8926095963,80.227432251,33659,33670,11
12.8923902512,80.2274017334,33670,33680,10
12.8919000626,80.2273712158,33680,33690,10
12.8911800385,80.2273635864,33690,33700,10
12.8903102875,80.2273635864,33700,33710,10
12.889289856,80.2273635864,33710,33720,10
12.8883800507,80.2273712158,33720,33730,10
12.8874397278,80.2272567749,33730,33740,10
12.8863201141,80.2270202637,33740,33750,10
12.8853302002,80.2267684937,33750,33761,11
12.8848400116,80.2267303467,33761,33771,10
12.8848104477,80.2267379761,33771,33781,10
12.8845596313,80.2267303467,33781,33791,10
12.8840103149,80.2267532349,33791,33801,10
12.8832397461,80.2267379761,33801,33811,10
12.8823404312,80.2267608643,33811,33821,10
12.8812704086,80.2267684937,33821,33831,10
12.8800601959,80.2267532349,33831,33841,10
12.8786897659,80.2267684937,33841,33852,11
12.8766002655,80.2269897461,33852,33872,20
12.8766002655,80.2269897461,33872,33882,10
12.8764200211,80.2269821167,33882,33892,10
12.8759098053,80.2269821167,33892,33902,10
12.8751602173,80.2269210815,33902,33912,10
12.8742303848,80.2268218994,33912,33922,10
12.873169899,80.2266998291,33922,33932,10
12.872130394,80.2266921997,33932,33943,11
12.8707895279,80.2266387939,33943,33953,10
12.8694295883,80.2264709473,33953,33963,10
12.867939949,80.2263870239,33963,33973,10
12.8664197922,80.2265625,33973,33983,10
12.8648700714,80.2265777588,33983,33993,10
12.8633003235,80.2265167236,33993,34003,10
12.8619604111,80.2265777588,34003,34013,10
12.861000061,80.2266082764,34013,34023,10
12.8609600067,80.2266082764,34023,34034,11
12.8608999252,80.2266235352,34034,34044,10
12.8605499268,80.2265625,34044,34054,10
12.859919548,80.2264709473,34054,34064,10
12.8591403961,80.2263565063,34064,34074,10
12.8584604263,80.2262802124,34074,34084,10
12.8577098846,80.226272583,34084,34094,10
12.8568696976,80.226348877,34094,34104,10
12.8559103012,80.2264480591,34104,34114,10
12.854809761,80.2265777588,34114,34125,11
12.8533802032,80.2267227173,34125,34135,10
12.8519001007,80.2266693115,34135,34145,10
12.8504199982,80.2266235352,34145,34155,10
12.8488702774,80.2265777588,34155,34165,10
12.8474302292,80.226600647,34165,34175,10
12.8462696075,80.2266235352,34175,34185,10
12.8457803726,80.2266082764,34185,34226,41
12.8457803726,80.2266082764,34226,34236,10
12.8454303741,80.226600647,34236,34246,10
12.8448696136,80.2266082764,34246,34256,10
12.8441095352,80.2266998291,34256,34266,10
12.8431997299,80.2268676758,34266,34276,10
12.8421001434,80.2270736694,34276,34286,10
12.8408498764,80.2273788452,34286,34296,10
12.8400802612,80.2276382446,34296,34307,11
12.8395795822,80.2277374268,34307,34317,10
12.8390302658,80.227897644,34317,34327,10
12.838259697,80.2281036377,34327,34337,10
12.8373203278,80.2282791138,34337,34347,10
12.8361902237,80.2284469604,34347,34357,10
12.8348703384,80.2286300659,34357,34367,10
12.8334598541,80.2288589478,34367,34377,10
12.832280159,80.2290802002,34377,34387,10
12.8317403793,80.2292098999,34387,34418,31
12.8317403793,80.2292098999,34418,34428,10
12.8315896988,80.2288818359,34428,34438,10
12.831580162,80.2287826538,34438,34448,10
12.8315000534,80.2284088135,34448,34458,10
12.8313798904,80.2277526855,34458,34468,10
12.831199646,80.2269134521,34468,34478,10
12.8310604095,80.2258377075,34478,34489,11
12.8310699463,80.2247314453,34489,34499,10
12.8310804367,80.2243881226,34499,34509,10
12.8310899734,80.2237625122,34509,34519,10
12.8310604095,80.2230682373,34519,34529,10
12.8310604095,80.2228775024,34529,34539,10
12.8310699463,80.2225112915,34539,34549,10
12.8310899734,80.2221298218,34549,34559,10
12.8310899734,80.2216186523,34559,34569,10
12.8310804367,80.2210083008,34569,34580,11
12.8311004639,80.2203674316,34580,34590,10
12.8311500549,80.2198181152,34590,34600,10
12.8310403824,80.2194900513,34600,34610,10
12.8304700851,80.2194519043,34610,34620,10
12.8297300339,80.2194595337,34620,34630,10
12.8288202286,80.2194519043,34630,34640,10
12.8280496597,80.2194671631,34640,34650,10
12.8278398514,80.2194595337,34650,34660,10
12.8275499344,80.2194595337,34660,34691,31
12.8275499344,80.2194595337,34691,34701,10
12.8274698257,80.2194595337,34701,34711,10
12.8270797729,80.2194595337,34711,34721,10
12.8264198303,80.2194824219,34721,34731,10
12.8260297775,80.2194824219,34731,34741,10
12.8257102966,80.2194671631,34741,34751,10
12.8256998062,80.2194595337,34751,34762,11
12.8254499435,80.2194366455,34762,34771,9
12.8250598907,80.2194213867,34771,34782,11
12.8245096207,80.2193527222,34782,34791,9
12.8239097595,80.2193832397,34791,34802,11
12.8229999542,80.2194519043,34802,34822,20
12.8229999542,80.2194519043,34822,34832,10
12.8227996826,80.2194137573,34832,34842,10
12.8226804733,80.2191314697,34842,34853,11
12.8226804733,80.2188415527,34853,34863,10
12.8226995468,80.2182998657,34863,34873,10
12.8226900101,80.2174530029,34873,34883,10
12.8227100372,80.2164535522,34883,34893,10
12.8226995468,80.216217041,34893,34903,10
12.8226995468,80.2161026001,34903,34913,10
12.8229503632,80.2159729004,34913,34923,10
12.823220253,80.2159805298,34923,34933,10
12.8236503601,80.2159729004,34933,34944,11
12.8243303299,80.2159881592,34944,34954,10
12.8247900009,80.2160415649,34954,34994,40
12.8247900009,80.2160415649,34994,35004,10
12.8250398636,80.2159576416,35004,35237,233
12.8250398636,80.2159576416,35237,35247,10
12.825220108,80.2159576416,35247,35257,10
12.8256998062,80.2159805298,35257,35267,10
12.825920105,80.2161483765,35267,35277,10
12.8259401321,80.2166671753,35277,35287,10
12.8259401321,80.2174606323,35287,35297,10
12.8259096146,80.2184295654,35297,35307,10
12.8259296417,80.2192306519,35307,35318,11
12.8261995316,80.2193527222,35318,35328,10
12.8268499374,80.2193603516,35328,35338,10
12.8274698257,80.2193603516,35338,35348,10
12.8278999329,80.2193374634,35348,35358,10
12.8286304474,80.2193374634,35358,35368,10
12.8296298981,80.2193222046,35368,35378,10
12.8307199478,80.2193374634,35378,35388,10
12.8311004639,80.2193984985,35388,35398,10
12.8312196732,80.2199783325,35398,35409,11
12.8312101364,80.2209701538,35409,35419,10
12.8312196732,80.2219924927,35419,35429,10
12.8312101364,80.2223129272,35429,35439,10
12.8312101364,80.2229690552,35439,35449,10
12.8311901093,80.2238998413,35449,35459,10
12.8311796188,80.2245864868,35459,35469,10
12.8311796188,80.2249984741,35469,35479,10
12.8311796188,80.2257385254,35479,35489,10
12.8312597275,80.2267684937,35489,35500,11
12.8315000534,80.2280197144,35500,35510,10
12.8316802979,80.2287979126,35510,35560,50
12.8316802979,80.2287979126,35560,35570,10
12.8318595886,80.2290420532,35570,35580,10
12.8324203491,80.2289505005,35580,35591,11
12.8333902359,80.2287826538,35591,35601,10
12.8346004486,80.2285614014,35601,35611,10
12.836139679,80.2283401489,35611,35621,10
12.8378000259,80.2280807495,35621,35631,10
12.8390102386,80.2277679443,35631,35641,10
12.8395004272,80.2275466919,35641,35651,10
12.8396196365,80.2275238037,35651,35661,10
12.8399200439,80.2274703979,35661,35671,10
12.8405895233,80.2273406982,35671,35682,11
12.8416099548,80.2270812988,35682,35692,10
12.8427600861,80.2268218994,35692,35702,10
12.8440303802,80.226600647,35702,35712,10
12.84512043,80.2265090942,35712,35722,10
12.8453798294,80.2264862061,35722,35732,10
12.8455400467,80.2264709473,35732,35752,20
12.8455400467,80.2264709473,35752,35762,10
12.8457603455,80.2264709473,35762,35773,11
12.8460102081,80.2264862061,35773,35783,10
12.8466596603,80.2264709473,35783,35793,10
12.8475799561,80.2264709473,35793,35803,10
12.848739624,80.2264709473,35803,35813,10
12.8500995636,80.2264785767,35813,35823,10
12.8515701294,80.2265396118,35823,35833,10
12.8527603149,80.226600647,35833,35843,10
12.854060173,80.2265167236,35843,35853,10
12.8555297852,80.2263565063,35853,35864,11
12.8571996689,80.2261886597,35864,35874,10
12.8585500717,80.2261428833,35874,35884,10
12.8599004745,80.2263336182,35884,35894,10
12.8608798981,80.2264404297,35894,35904,10
12.8610095978,80.2264633179,35904,35914,10
12.8614301682,80.2264709473,35914,35924,10
12.8621997833,80.2264404297,35924,35934,10
12.8632097244,80.2263870239,35934,35944,10
12.8644800186,80.2264404297,35944,35955,11
12.8661003113,80.2264633179,35955,35965,10
12.8677196503,80.2263183594,35965,35975,10
12.8693704605,80.2263565063,35975,35985,10
12.8708400726,80.2265167236,35985,35995,10
12.8721904755,80.2265625,35995,36005,10
12.8728199005,80.2265396118,36005,36015,10
12.8728904724,80.2265472412,36015,36025,10
12.873339653,80.2265777588,36025,36035,10
12.8740701675,80.2266387939,36035,36046,11
12.8751602173,80.2267913818,36046,36056,10
12.8762598038,80.2268295288,36056,36066,10
12.8765697479,80.2268218994,36066,36076,10
12.8767004013,80.2267990112,36076,36086,10
12.8770198822,80.2267913818,36086,36096,10
12.8777198792,80.2267303467,36096,36106,10
12.8786401749,80.2266387939,36106,36116,10
12.8797101974,80.226600647,36116,36126,10
12.8808603287,80.2265930176,36126,36137,11
12.8822002411,80.2265930176,36137,36147,10
12.8834600449,80.2265777588,36147,36157,10
12.8846197128,80.2265625,36157,36167,10
12.8856897354,80.2266693115,36167,36177,10
12.8867902756,80.2269668579,36177,36187,10
12.8879404068,80.2271881104,36187,36197,10
12.8892202377,80.2272415161,36197,36207,10
12.8905601501,80.2272491455,36207,36217,10
12.8915700912,80.2272491455,36217,36228,11
12.8920698166,80.2272796631,36228,36238,10
12.8927097321,80.2273178101,36238,36248,10
12.8935604095,80.2274169922,36248,36258,10
12.8945798874,80.2275238037,36258,36268,10
12.8956899643,80.2275619507,36268,36278,10
12.8968000412,80.2276077271,36278,36288,10
12.8978595734,80.2276687622,36288,36298,10
12.8988800049,80.2277374268,36298,36308,10
12.8997402191,80.2277984619,36308,36319,11
12.9004001617,80.2278213501,36319,36329,10
12.9008302689,80.2278289795,36329,36339,10
12.9008798599,80.2278518677,36339,36349,10
12.9009799957,80.2278366089,36349,36359,10
12.9011802673,80.2278823853,36359,36369,10
12.9015398026,80.2279129028,36369,36379,10
12.90184021,80.2279129028,36379,36389,10
12.9019403458,80.2279129028,36389,36399,10
12.9021100998,80.2279281616,36399,36410,11
12.9025001526,80.2279434204,36410,36420,10
12.9027700424,80.2279281616,36420,36430,10
12.9027795792,80.2279281616,36430,36440,10
12.9029998779,80.2279663086,36440,36450,10
12.9035797119,80.2279968262,36450,36460,10
12.9041595459,80.2279968262,36460,36490,30
12.9041595459,80.2279968262,36490,36501,11
12.904250145,80.228012085,36501,36511,10
12.9045295715,80.2280273438,36511,36521,10
12.9047603607,80.2280273438,36521,36531,10
12.9049396515,80.2280502319,36531,36541,10
12.9052200317,80.2280578613,36541,36551,10
12.9054498672,80.2280807495,36551,36561,10
12.9056301117,80.2281265259,36561,36683,122
12.9056301117,80.2281265259,36683,36693,10
12.9059495926,80.2282333374,36693,36703,10
12.9064302444,80.2282333374,36703,36713,10
12.9069499969,80.2282867432,36713,36723,10
12.9076795578,80.2283477783,36723,36733,10
12.9086799622,80.2285003662,36733,36743,10
12.9099798203,80.2286682129,36743,36753,10
12.9112195969,80.2288513184,36753,36763,10
12.9124803543,80.2290496826,36763,36774,11
12.9136800766,80.2292175293,36774,36784,10
12.9140701294,80.2292404175,36784,36794,10
12.9144296646,80.2292785645,36794,36804,10
12.9151000977,80.2293701172,36804,36814,10
12.9160404205,80.2295227051,36814,36824,10
12.9170398712,80.2296600342,36824,36834,10
12.9180898666,80.2298202515,36834,36844,10
12.9193296432,80.2299804688,36844,36854,10
12.9207401276,80.2301635742,36854,36864,10
12.9223403931,80.2303924561,36864,36875,11
12.9241600037,80.2306594849,36875,36885,10
12.9257001877,80.2308502197,36885,36895,10
12.9268598557,80.2309799194,36895,36905,10
12.9280996323,80.2311172485,36905,36915,10
12.9293403625,80.231338501,36915,36925,10
12.9306001663,80.2316436768,36925,36935,10
12.9318199158,80.2320022583,36935,36945,10
12.9329204559,80.2323913574,36945,36955,10
12.9336996078,80.2326889038,36955,36966,11
12.9337596893,80.2327194214,36966,36976,10
12.9339599609,80.2328109741,36976,36986,10
12.9344797134,80.2330627441,36986,36996,10
12.9352397919,80.2334136963,36996,37006,10
12.9360799789,80.2338180542,37006,37016,10
12.9371500015,80.2343215942,37016,37026,10
12.9383802414,80.2349319458,37026,37036,10
12.939450264,80.2354431152,37036,37046,10
12.9396295547,80.2355117798,37046,37057,11
12.9398298264,80.2356033325,37057,37067,10
12.940320015,80.2358093262,37067,37077,10
12.9411201477,80.236038208,37077,37087,10
12.9422101974,80.2362823486,37087,37097,10
12.9432497025,80.2368011475,37097,37107,10
12.9440898895,80.2377090454,37107,37117,10
12.9449596405,80.2387084961,37117,37127,10
12.9460096359,80.2394485474,37127,37137,10
12.9469604492,80.2397994995,37137,37148,11
12.947259903,80.2398986816,37148,37158,10
12.9473896027,80.2399368286,37158,37168,10
12.9478797913,80.2401428223,37168,37178,10
12.9484901428,80.2404022217,37178,37188,10
12.9487895966,80.2404785156,37188,37259,71
12.9487895966,80.2404785156,37259,37269,10
12.9490203857,80.2405471802,37269,37279,10
12.9494104385,80.240737915,37279,37289,10
12.9500102997,80.2409515381,37289,37299,10
12.950799942,80.2412033081,37299,37309,10
12.9510803223,80.2412872314,37309,37319,10
12.9511995316,80.2413330078,37319,37330,11
12.9518098831,80.2415618896,37330,37340,10
12.9525098801,80.2418289185,37340,37350,10
12.9533596039,80.2421569824,37350,37360,10
12.9540100098,80.2423782349,37360,37370,10
12.9545202255,80.2425765991,37370,37380,10
12.9552297592,80.2428512573,37380,37390,10
12.9563903809,80.2433166504,37390,37431,41
12.9563903809,80.2433166504,37431,37441,10
12.9567298889,80.2434387207,37441,37451,10
12.9573802948,80.2437362671,37451,37461,10
12.9579601288,80.2440185547,37461,37471,10
12.9586801529,80.2442779541,37471,37481,10
12.9588603973,80.2443618774,37481,37491,10
12.95911026,80.2445297241,37491,37501,10
12.9596796036,80.2447814941,37501,37512,11
12.9605197906,80.2451629639,37512,37522,10
12.961520195,80.2456436157,37522,37532,10
12.9625997543,80.2461929321,37532,37542,10
12.9635801315,80.2466506958,37542,37552,10
12.9644203186,80.2469711304,37552,37562,10
12.9652299881,80.2472305298,37562,37572,10
12.9660396576,80.2474975586,37572,37582,10
12.9662399292,80.2476272583,37582,37592,10
12.9665498734,80.2477264404,37592,37603,11
12.966629982,80.247756958,37603,37613,10
12.9667396545,80.2478103638,37613,37623,10
12.9669799805,80.2479400635,37623,37633,10
12.9674901962,80.2482070923,37633,37643,10
12.9682998657,80.2485580444,37643,37653,10
12.9693202972,80.2489700317,37653,37663,10
12.9704999924,80.2494277954,37663,37673,10
12.9717998505,80.2498168945,37673,37683,10
12.9732198715,80.2501907349,37683,37694,11
12.9747896194,80.250617981,37694,37704,10
12.9762897491,80.2510528564,37704,37714,10
12.9776296616,80.2515869141,37714,37724,10
12.9784002304,80.252243042,37724,37734,10
12.9787197113,80.2523727417,37734,37744,10
12.9787998199,80.2524108887,37744,37754,10
12.9795103073,80.252532959,37754,37795,41
12.9795103073,80.252532959,37795,37805,10
12.9797697067,80.2525634766,37805,37815,10
12.9801301956,80.2525863647,37815,37825,10
12.980799675,80.252571106,37825,37835,10
12.9820404053,80.2525405884,37835,38037,202
12.9820404053,80.2525405884,38037,38047,10
12.9822597504,80.2525100708,38047,38058,11
12.9827203751,80.2524795532,38058,38068,10
12.983039856,80.252456665,38068,38078,10
12.9832296371,80.2524490356,38078,38088,10
12.9837198257,80.2523574829,38088,38098,10
12.9843702316,80.2521820068,38098,38108,10
12.9848299026,80.2520599365,38108,38118,10
12.9853496552,80.2519073486,38118,38138,20
12.9853496552,80.2519073486,38138,38149,11
12.9856595993,80.2518386841,38149,38159,10
12.9861097336,80.251739502,38159,38169,10
12.9867200851,80.2515792847,38169,38179,10
12.9873504639,80.251373291,38179,38189,10
12.9877099991,80.2512893677,38189,38199,10
12.988120079,80.2511978149,38199,38209,10
12.9888401031,80.2510299683,38209,38219,10
12.9894504547,80.250831604,38219,38229,10
12.9895000458,80.2508163452,38229,38240,11
12.9898900986,80.2507400513,38240,38250,10
12.9905796051,80.2505722046,38250,38260,10
12.9914398193,80.2503509521,38260,38270,10
12.9925298691,80.2500915527,38270,38280,10
12.9937496185,80.2498016357,38280,38290,10
12.9949798584,80.2495193481,38290,38300,10
12.9962596893,80.249168396,38300,38310,10
12.9975795746,80.248840332,38310,38320,10
12.9990596771,80.2484817505,38320,38331,11
13.000749588,80.2480697632,38331,38341,10
13.0021600723,80.247718811,38341,38351,10
13.0034303665,80.2474822998,38351,38361,10
13.0047101974,80.2472763062,38361,38371,10
13.0059299469,80.2470169067,38371,38381,10
13.0064897537,80.2464370728,38381,38391,10
13.0065097809,80.246383667,38391,38401,10
13.0065603256,80.2461395264,38401,38411,10
13.0065898895,80.2455291748,38411,38422,11
13.0066099167,80.2447433472,38422,38432,10
13.0066204071,80.2442016602,38432,38442,10
13.0066204071,80.2436676025,38442,38452,10
13.0066204071,80.2430877686,38452,38462,10
13.0066299438,80.2423706055,38462,38472,10
13.0066204071,80.2416305542,38472,38482,10
13.0066604614,80.2409896851,38482,38492,10
13.0067901611,80.2403411865,38492,38502,10
13.0069503784,80.2395172119,38502,38513,11
13.0071601868,80.2383117676,38513,38523,10
13.0072603226,80.2376174927,38523,38533,10
13.0073604584,80.2372283936,38533,38543,10
13.0073699951,80.2372283936,38543,38553,10
13.0074396133,80.2370376587,38553,38563,10
13.007519722,80.2365036011,38563,38573,10
13.0076599121,80.2357711792,38573,38583,10
13.0077400208,80.2353591919,38583,38593,10
13.0078401566,80.2349014282,38593,38604,11
13.0080003738,80.2340927124,38604,38614,10
13.0081701279,80.2331619263,38614,38624,10
13.0083599091,80.2321395874,38624,38634,10
13.0085296631,80.2311096191,38634,38644,10
13.0087203979,80.2300796509,38644,38654,10
13.008939743,80.2290267944,38654,38664,10
13.0092201233,80.2280426025,38664,38674,10
13.0097103119,80.2270278931,38674,38684,10
13.0102100372,80.2259902954,38684,38695,11
13.0108003616,80.224861145,38695,38705,10
13.0110702515,80.2240982056,38705,38715,10
13.0112800598,80.2235717773,38715,38725,10
13.0112895966,80.2235412598,38725,38735,10
13.0112895966,80.2234191895,38735,38745,10
13.0115098953,80.2229995728,38745,38755,10
13.0117797852,80.2222976685,38755,38765,10
13.0120000839,80.2217025757,38765,38775,10
13.0122299194,80.2214736938,38775,38786,11
13.0124597549,80.2217407227,38786,38796,10
13.0129499435,80.2222290039,38796,38806,10
13.0134296417,80.2227783203,38806,38816,10
13.0139799118,80.2232513428,38816,38826,10
13.0142602921,80.2235870361,38826,38836,10
13.0151596069,80.2245864868,38836,38856,20
13.0151596069,80.2245864868,38856,38866,10
13.0152597427,80.2247314453,38866,38877,11
13.0157203674,80.225112915,38877,38887,10
13.0163202286,80.2252807617,38887,38897,10
13.0169000626,80.2251586914,38897,38907,10
13.0175800323,80.224861145,38907,38917,10
13.0183601379,80.2245483398,38917,38927,10
13.0194501877,80.2243118286,38927,38947,20
13.0194501877,80.2243118286,38947,38957,10
13.0196199417,80.2244110107,38957,38967,10
13.0199403763,80.2246170044,38967,38978,11
13.0204896927,80.2249984741,38978,38988,10
13.0208997726,80.2253112793,38988,38998,10
13.0211296082,80.2255020142,38998,39008,10
13.0216798782,80.2259063721,39008,39018,10
13.022190094,80.2262420654,39018,39028,10
13.0225696564,80.2266693115,39028,39038,10
13.0229501724,80.2269821167,39038,39048,10
13.023150444,80.227180481,39048,39058,10
13.0233201981,80.2273635864,39058,39069,11
13.0235900879,80.2276000977,39069,39079,10
13.0239095688,80.2278823853,39079,39089,10
13.0243301392,80.2283172607,39089,39129,40
13.0243301392,80.2283172607,39129,39139,10
13.0243902206,80.2285995483,39139,39149,10
13.024140358,80.228477478,39149,39160,11
13.0234003067,80.2277069092,39160,39291,131
13.0234003067,80.2277069092,39291,39301,10
13.0233201981,80.2275085449,39301,39311,10
13.0231399536,80.2273406982,39311,39321,10
13.0227203369,80.2269897461,39321,39331,10
13.0221796036,80.2264785767,39331,39342,11
13.0215301514,80.2259597778,39342,39352,10
13.0209703445,80.2255325317,39352,39362,10
13.0201997757,80.2249984741,39362,39372,10
13.0192499161,80.2245101929,39372,39382,10
13.0182695389,80.2247009277,39382,39392,10
13.0173997879,80.2250366211,39392,39402,10
13.0169897079,80.2252197266,39402,39412,10
13.0168199539,80.2253036499,39412,39422,10
13.0166101456,80.2253799438,39422,39433,11
13.0164003372,80.2254562378,39433,39443,10
13.0160303116,80.2255783081,39443,39453,10
13.0153999329,80.2257995605,39453,39463,10
13.0147199631,80.2260665894,39463,39473,10
13.0144701004,80.2261810303,39473,39483,10
13.0141601563,80.2263336182,39483,39645,162
13.0141601563,80.2263336182,39645,39655,10
13.0139799118,80.2264328003,39655,39665,10
13.0136604309,80.2265167236,39665,39675,10
13.013250351,80.2266387939,39675,39685,10
13.012720108,80.2268371582,39685,39695,10
13.0120601654,80.2271575928,39695,39706,11
13.011179924,80.2274780273,39706,39716,10
13.0102796555,80.2278366089,39716,39726,10
13.0094604492,80.2281799316,39726,39736,10
13.0090799332,80.2288589478,39736,39746,10
13.0089302063,80.2297134399,39746,39756,10
13.0087299347,80.23072052,39756,39766,10
13.0085401535,80.2316970825,39766,39776,10
13.0083503723,80.2327423096,39776,39786,10
13.0082302094,80.2336578369,39786,39807,21
13.0082302094,80.2336578369,39807,39817,10
13.0081300735,80.2339172363,39817,39827,10
13.0079603195,80.234916687,39827,39867,40
13.0079603195,80.234916687,39867,39877,10
13.0079097748,80.2351303101,39877,39888,11
13.0078601837,80.2352523804,39888,39898,10
13.0077800751,80.2357177734,39898,39908,10
13.0076198578,80.2365188599,39908,39918,10
13.0074100494,80.2375488281,39918,39928,10
13.0072002411,80.2386703491,39928,39938,10
13.0069503784,80.2398223877,39938,40009,71
13.0069503784,80.2398223877,40009,40019,10
13.0069704056,80.2401428223,40019,40029,10
13.0068798065,80.2405319214,40029,40049,20
13.0068798065,80.2405319214,40049,40059,10
13.0068597794,80.2406997681,40059,40070,11
13.006770134,80.2409591675,40070,40080,10
13.0067195892,80.2415313721,40080,40090,10
13.0067195892,80.2423782349,40090,40100,10
13.006649971,80.2431793213,40100,40110,10
13.0066299438,80.2439498901,40110,40130,20
13.0066299438,80.2439498901,40130,40140,10
13.0067195892,80.2446517944,40140,40150,10
13.0067396164,80.2456283569,40150,40181,31
13.0067396164,80.2456283569,40181,40191,10
13.0067396164,80.2461090088,40191,40201,10
13.0067195892,80.2464828491,40201,40211,10
13.0067195892,80.2471008301,40211,40221,10
13.0060796738,80.2473831177,40221,40241,20
13.0060796738,80.2473831177,40241,40252,11
13.0057601929,80.2474365234,40252,40262,10
13.0051603317,80.2474365234,40262,40272,10
13.0043401718,80.2474899292,40272,40282,10
13.0033397675,80.2476196289,40282,40292,10
13.0021800995,80.247833252,40292,40302,10
13.0009403229,80.2481307983,40302,40312,10
12.9995603561,80.2484817505,40312,40322,10
12.9979896545,80.2488937378,40322,40343,21
12.9979896545,80.2488937378,40343,40353,10
12.9976196289,80.2489929199,40353,40363,10
12.9969501495,80.2491531372,40363,40373,10
12.9960899353,80.2493667603,40373,40383,10
12.9950399399,80.2496414185,40383,40393,10
12.9938001633,80.249961853,40393,40403,10
12.9924001694,80.250289917,40403,40413,10
12.991230011,80.2506103516,40413,40423,10
12.9909296036,80.2506790161,40423,40434,11
12.9907798767,80.2507171631,40434,40444,10
12.9902601242,80.2508392334,40444,40454,10
12.9894599915,80.2510375977,40454,40464,10
12.9880895615,80.251411438,40464,40605,141
12.9880895615,80.251411438,40605,40616,11
12.9879398346,80.2514572144,40616,40626,10
12.9875402451,80.2515411377,40626,40636,10
12.9869804382,80.2516784668,40636,40646,10
12.9863796234,80.2518386841,40646,40656,10
12.9856004715,80.2520217896,40656,40666,10
12.9846200943,80.252281189,40666,40676,10
12.9835300446,80.252571106,40676,40686,10
12.9825201035,80.2527008057,40686,40696,10
12.9814100266,80.2527236938,40696,40707,11
12.9804601669,80.2527923584,40707,40717,10
12.9801397324,80.252822876,40717,40727,10
12.9795799255,80.2527618408,40727,40737,10
12.9788398743,80.2526779175,40737,40747,10
12.9786100388,80.2526016235,40747,40757,10
12.9784202576,80.2525024414,40757,40767,10
12.9779396057,80.2521209717,40767,40777,10
12.9772701263,80.2515411377,40777,40787,10
12.9762296677,80.2511672974,40787,40798,11
12.974820137,80.2507629395,40798,40807,9
12.9735097885,80.2503967285,40807,40818,11
12.9718704224,80.2499694824,40818,40828,10
12.9704504013,80.2496109009,40828,40838,10
12.9692497253,80.2491378784,40838,40848,10
12.9679298401,80.2486495972,40848,40858,10
12.9666004181,80.2480392456,40858,40868,10
12.9650001526,80.2474136353,40868,40889,21
12.9650001526,80.2474136353,40889,40899,10
12.9647903442,80.2473068237,40899,40909,10
12.9642496109,80.2471008301,40909,40919,10
12.9635601044,80.2468338013,40919,40949,30
12.9635601044,80.2468338013,40949,40959,10
12.963470459,80.2467727661,40959,40969,10
12.9629802704,80.2465286255,40969,40980,11
12.9621400833,80.246131897,40980,40990,10
12.9611797333,80.2456588745,40990,41000,10
12.959400177,80.2448883057,41000,41020,20
12.959400177,80.2448883057,41020,41029,9
12.9591302872,80.244720459,41029,41040,11
12.958439827,80.2444381714,41040,41050,10
12.9576997757,80.244140625,41050,41060,10
12.9569196701,80.2438812256,41060,41071,11
12.9565296173,80.243812561,41071,41111,40
12.9565296173,80.243812561,41111,41121,10
12.9562702179,80.2437515259,41121,41131,10
12.9559698105,80.2435913086,41131,41141,10
12.9553203583,80.2432174683,41141,41151,10
12.9545698166,80.2428512573,41151,41162,11
12.9534797668,80.242401123,41162,41172,10
12.9523601532,80.2419586182,41172,41182,10
12.9516401291,80.2417297363,41182,41192,10
12.9514799118,80.2416763306,41192,41202,10
12.9509496689,80.2414779663,41202,41212,10
12.9502096176,80.2412414551,41212,41222,10
12.9492397308,80.2409515381,41222,41232,10
12.9482097626,80.2405090332,41232,41242,10
12.9475498199,80.2402420044,41242,41252,10
12.9471998215,80.2401123047,41252,41263,11
12.9471502304,80.2400894165,41263,41273,10
12.9467601776,80.2399215698,41273,41283,10
12.9460897446,80.2396392822,41283,41293,10
12.9453001022,80.2392578125,41293,41303,10
12.9445695877,80.2385177612,41303,41313,10
12.9436597824,80.2376174927,41313,41323,10
12.942700386,80.2367477417,41323,41333,10
12.9415102005,80.2363204956,41333,41343,10
12.9402799606,80.236000061,41343,41354,11
12.939620018,80.235786438,41354,41364,10
12.9394903183,80.2357177734,41364,41374,10
12.9390201569,80.235496521,41374,41384,10
12.9383296967,80.2351379395,41384,41394,10
12.9374399185,80.234703064,41394,41404,10
12.9364004135,80.2341766357,41404,41414,10
12.9353504181,80.2337036133,41414,41424,10
12.9342403412,80.2332229614,41424,41434,10
12.9338197708,80.233001709,41434,41445,11
12.9336795807,80.2329406738,41445,41455,10
12.9332103729,80.2327194214,41455,41465,10
12.9324502945,80.2324066162,41465,41475,10
12.9314804077,80.232093811,41475,41485,10
12.9302997589,80.2317276001,41485,41495,10
12.929189682,80.2314376831,41495,41505,10
12.9282598495,80.231262207,41505,41515,10
12.9271402359,80.2311019897,41515,41525,10
12.9260597229,80.2309799194,41525,41536,11
12.925740242,80.2309570313,41536,41546,10
12.9252300262,80.2308883667,41546,41556,10
12.9244804382,80.230796814,41556,41566,10
12.9235496521,80.230682373,41566,41576,10
12.9223899841,80.2305221558,41576,41586,10
12.920999527,80.2303237915,41586,41596,10
12.9195699692,80.2301101685,41596,41606,10
12.918419838,80.2299499512,41606,41616,10
12.9172496796,80.2297973633,41616,41627,11
12.9159402847,80.229637146,41627,41637,10
12.9146900177,80.2294692993,41637,41647,10
12.9135599136,80.2293395996,41647,41657,10
12.9132995605,80.2293167114,41657,41667,10
12.9131202698,80.2292633057,41667,41677,10
12.9125995636,80.2291717529,41677,41687,10
12.9117603302,80.229057312,41687,41697,10
12.9107103348,80.2289199829,41697,41707,10
12.9094600677,80.2287063599,41707,41718,11
12.9080295563,80.2284622192,41718,41728,10
12.9069595337,80.2283477783,41728,41788,60
12.9069595337,80.2283477783,41788,41798,10
12.9066095352,80.2283782959,41798,41809,11
12.905960083,80.2283172607,41809,41819,10
12.9051103592,80.2283172607,41819,41829,10
12.9041404724,80.2282409668,41829,41839,10
12.9032001495,80.2281723022,41839,41849,10
12.9021596909,80.2280883789,41849,41859,10
12.9013795853,80.2280273438,41859,41869,10
12.9011602402,80.2280197144,41869,41930,61
12.9011602402,80.2280197144,41930,41940,10
12.9007902145,80.2279815674,41940,41950,10
12.9001998901,80.2279815674,41950,41960,10
12.8994598389,80.2279586792,41960,41970,10
12.8992900848,80.2279510498,41970,41980,10
12.8991203308,80.2279205322,41980,41991,11
12.8985300064,80.2278823853,41991,42001,10
12.8977804184,80.2278289795,42001,42011,10
12.8968496323,80.2277679443,42011,42021,10
12.8957195282,80.2277069092,42021,42031,10
12.8944396973,80.2276229858,42031,42041,10
12.8931703568,80.2275009155,42041,42051,10
12.8924598694,80.2274169922,42051,42061,10
12.8917999268,80.2273788452,42061,42071,10
12.8910198212,80.2273788452,42071,42082,11
12.8899097443,80.2273712158,42082,42092,10
12.8887195587,80.2273864746,42092,42102,10
12.8875398636,80.2272796631,42102,42112,10
12.8863401413,80.2270278931,42112,42122,10
12.8851003647,80.2267608643,42122,42132,10
12.8840103149,80.2267303467,42132,42142,10
12.883480072,80.2267532349,42142,42152,10
12.8832702637,80.2267608643,42152,42162,10
12.8826999664,80.2267608643,42162,42173,11
12.8818397522,80.2267532349,42173,42183,10
12.8808202744,80.2267608643,42183,42193,10
12.8795404434,80.2267837524,42193,42203,10
12.8780899048,80.226852417,42203,42213,10
12.8768901825,80.2269668579,42213,42223,10
12.8764095306,80.2270126343,42223,42233,10
12.8761796951,80.2270126343,42233,42243,10
12.875579834,80.2269973755,42243,42253,10
12.8747301102,80.2268981934,42253,42264,11
12.8735198975,80.2267837524,42264,42274,10
12.8726196289,80.2267532349,42274,42284,10
12.8724803925,80.2267532349,42284,42294,10
12.8719701767,80.2267303467,42294,42304,10
12.8711795807,80.2266921997,42304,42314,10
12.8702001572,80.2266082764,42314,42324,10
12.869020462,80.2264709473,42324,42334,10
12.867650032,80.2264633179,42334,42344,10
12.8661499023,80.226600647,42344,42355,11
12.8644695282,80.2265930176,42355,42365,10
12.8629903793,80.2265396118,42365,42375,10
12.8616199493,80.2266235352,42375,42385,10
12.8609304428,80.2266311646,42385,42395,10
12.8607397079,80.2266235352,42395,42405,10
12.860159874,80.2265396118,42405,42415,10
12.8592996597,80.2264099121,42415,42425,10
12.858300209,80.2263031006,42425,42435,10
12.8570995331,80.2263412476,42435,42446,11
12.855509758,80.2264785767,42446,42456,10
12.8538503647,80.2266616821,42456,42466,10
12.8520898819,80.2266921997,42466,42476,10
12.8504896164,80.2266235352,42476,42486,10
12.8488903046,80.2266311646,42486,42496,10
12.8474397659,80.2266235352,42496,42506,10
12.8462095261,80.2266387939,42506,42516,10
12.8454799652,80.2266464233,42516,42526,10
12.845459938,80.2266387939,42526,42537,11
12.8452501297,80.2266464233,42537,42547,10
12.8446397781,80.2266998291,42547,42557,10
12.8438501358,80.2267608643,42557,42567,10
12.8428401947,80.2268981934,42567,42577,10
12.841629982,80.227142334,42577,42587,10
12.8403997421,80.2275238037,42587,42597,10
12.8398599625,80.2277679443,42597,42607,10
12.8397502899,80.2277984619,42607,42617,10
12.8394699097,80.2278671265,42617,42628,11
12.8388299942,80.2279815674,42628,42638,10
12.8380298615,80.2281570435,42638,42648,10
12.8370199203,80.2283477783,42648,42658,10
12.8358001709,80.2285308838,42658,42668,10
12.8346300125,80.2286911011,42668,42678,10
12.8334999084,80.2288894653,42678,42688,10
12.8325996399,80.2290878296,42688,42698,10
12.8318595886,80.2292480469,42698,42708,10
12.8317499161,80.2292861938,42708,42719,11
12.831580162,80.2293319702,42719,42729,10
12.8310604095,80.2294769287,42729,42739,10
12.8302402496,80.2297363281,42739,42749,10
12.8292999268,80.2301025391,42749,42759,10
12.8282403946,80.2306289673,42759,42769,10
12.8269796371,80.2312393188,42769,42779,10
12.8254804611,80.2313919067,42779,42789,10
12.8238897324,80.2311706543,42789,42799,10
12.8222799301,80.230682373,42799,42810,11
12.8206100464,80.23046875,42810,42820,10
12.8192596436,80.2305221558,42820,42830,10
12.8188800812,80.230506897,42830,42840,10
12.8185796738,80.2304000854,42840,42850,10
12.8179502487,80.2300720215,42850,42860,10
12.8170003891,80.2296600342,42860,42870,10
12.8157701492,80.2294235229,42870,42880,10
12.8143901825,80.2292175293,42880,42890,10
12.8129196167,80.2287826538,42890,42900,10
12.811340332,80.2282180786,42900,42911,11
12.8095798492,80.2275009155,42911,42921,10
12.8082895279,80.2265777588,42921,42931,10
12.8071804047,80.2256088257,42931,42941,10
12.8063001633,80.2248001099,42941,42951,10
12.8054504395,80.2241592407,42951,42961,10
12.8050298691,80.2240371704,42961,42971,10
12.8049297333,80.224029541,42971,42981,10
12.8046302795,80.2239837646,42981,42991,10
12.8040103912,80.2239227295,42991,43002,11
12.8030595779,80.2238464355,43002,43012,10
12.8019399643,80.2236862183,43012,43022,10
12.8010597229,80.2236175537,43022,43032,10
12.8007602692,80.2235717773,43032,43041,9
12.8002195358,80.2235107422,43041,43052,11
12.7992801666,80.2234420776,43052,43062,10
12.7981395721,80.2233200073,43062,43072,10
12.7967500687,80.2230987549,43072,43082,10
12.7957496643,80.2229537964,43082,43093,11
12.7956199646,80.2229232788,43093,43103,10
12.7951402664,80.2228317261,43103,43113,10
12.7943496704,80.2227020264,43113,43123,10
12.7933197021,80.2225570679,43123,43133,10
12.7921600342,80.222328186,43133,43143,10
12.7911596298,80.2220993042,43143,43153,10
12.7901000977,80.2218093872,43153,43163,10
12.7892198563,80.2215499878,43163,43173,10
12.7884197235,80.2212371826,43173,43184,11
12.787560463,80.2209625244,43184,43194,10
12.7866601944,80.2205963135,43194,43224,30
12.7866601944,80.2205963135,43224,43234,10
12.7863998413,80.220451355,43234,43244,10
12.7862596512,80.2204818726,43244,43254,10
12.7861995697,80.2207794189,43254,43264,10
12.7862195969,80.221282959,43264,43275,11
12.7862596512,80.2219390869,43275,44063,788
12.7862596512,80.2219390869,44063,44073,10
12.7861700058,80.2216491699,44073,44083,10
12.7861700058,80.2213973999,44083,44094,11
12.7861700058,80.2210998535,44094,44104,10
12.7861404419,80.2208328247,44104,44114,10
12.7861404419,80.2205734253,44114,44124,10
12.7861499786,80.2205276489,44124,44134,10
12.7862901688,80.2203979492,44134,44144,10
12.7865200043,80.2204971313,44144,44205,61
12.7865200043,80.2204971313,44205,44215,10
12.7867898941,80.2205810547,44215,44225,10
12.7871198654,80.2206878662,44225,44235,10
12.787560463,80.2208404541,44235,44245,10
12.7880601883,80.2210006714,44245,44255,10
12.7887201309,80.2212600708,44255,44265,10
12.7894601822,80.2215270996,44265,44275,10
12.7896900177,80.2216415405,44275,44286,11
12.7901096344,80.2217483521,44286,44296,10
12.7903499603,80.2218017578,44296,44306,10
12.7908000946,80.2219161987,44306,44316,10
12.7915000916,80.2220916748,44316,44326,10
12.7924995422,80.2223434448,44326,44336,10
12.7937803268,80.2225570679,44336,44346,10
12.794960022,80.2227478027,44346,44356,10
12.7958602905,80.22290802,44356,44366,10
12.7965202332,80.2229766846,44366,44377,11
12.7965402603,80.2229919434,44377,44387,10
12.7968597412,80.2230377197,44387,44397,10
12.7974500656,80.2231521606,44397,44407,10
12.7982196808,80.2232666016,44407,44417,10
12.7990598679,80.2233734131,44417,44427,10
12.8000602722,80.2234573364,44427,44437,10
12.8015098572,80.2236022949,44437,44457,20
12.8015098572,80.2236022949,44457,44468,11
12.801779747,80.2236404419,44468,44478,10
12.802359581,80.2237091064,44478,44488,10
12.8030099869,80.2238006592,44488,44498,10
12.8034696579,80.2238464355,44498,44508,10
12.8041601181,80.2238998413,44508,44518,10
12.8050098419,80.2239990234,44518,44528,10
12.805560112,80.2241363525,44528,44538,10
12.8056602478,80.2241973877,44538,44548,10
12.8060102463,80.2245025635,44548,44559,11
12.80671978,80.225112915,44559,44569,10
12.8075399399,80.2258300781,44569,44579,10
12.8085403442,80.2266693115,44579,44589,10
12.8097496033,80.2275009155,44589,44599,10
12.811249733,80.2281417847,44599,44609,10
12.8128995895,80.228729248,44609,44619,10
12.8146600723,80.2292175293,44619,44629,10
12.8164796829,80.2294769287,44629,44639,10
12.8180198669,80.2300262451,44639,44650,11
12.8191900253,80.2304611206,44650,44660,10
12.8197898865,80.230430603,44660,44670,10
12.8199195862,80.2304229736,44670,44680,10
12.8204698563,80.2304077148,44680,44690,10
12.8213100433,80.230430603,44690,44700,10
12.8223600388,80.2306365967,44700,44710,10
12.8236503601,80.2310333252,44710,44720,10
12.8251399994,80.2313537598,44720,44730,10
12.8267803192,80.2312698364,44730,44741,11
12.8283596039,80.2305374146,44741,44751,10
12.8296604156,80.229927063,44751,44761,10
12.8308200836,80.2294616699,44761,44771,10
12.8310699463,80.229347229,44771,44781,10
12.8311004639,80.2293395996,44781,44791,10
12.8314800262,80.2292098999,44791,44811,20
12.8314800262,80.2292098999,44811,44821,10
12.8316202164,80.2291564941,44821,44832,11
12.8320598602,80.229057312,44832,44842,10
12.8327302933,80.2289505005,44842,44852,10
12.8336400986,80.2287979126,44852,44862,10
12.8347702026,80.2286071777,44862,44872,10
12.8361196518,80.2284164429,44872,44882,10
12.8376703262,80.2281799316,44882,44892,10
12.8389396667,80.2278671265,44892,44902,10
12.8393297195,80.2276611328,44902,44912,10
12.8393602371,80.2276382446,44912,44923,11
12.839509964,80.2276000977,44923,44933,10
12.8397197723,80.2275466919,44933,44943,10
12.8402299881,80.2274780273,44943,44953,10
12.8409404755,80.2272872925,44953,44963,10
12.8418197632,80.2270584106,44963,44973,10
12.8429203033,80.2268600464,44973,44983,10
12.8439998627,80.2267074585,44983,44993,10
12.8454198837,80.2265777588,44993,45003,10
12.8455295563,80.2265777588,45003,45014,11
12.8458204269,80.2265625,45014,45024,10
12.8465003967,80.2265625,45024,45034,10
12.8473901749,80.2265396118,45034,45044,10
12.8484897614,80.2265396118,45044,45054,10
12.8496704102,80.2265472412,45054,45064,10
12.850110054,80.2265319824,45064,45074,10
12.8503799438,80.2265396118,45074,45084,10
12.8510103226,80.2265625,45084,45094,10
12.8518400192,80.2266082764,45094,45105,11
12.8530397415,80.2266464233,45105,45115,10
12.85435009,80.2265319824,45115,45125,10
12.8557500839,80.2263870239,45125,45135,10
12.8572101593,80.2262268066,45135,45145,10
12.8584699631,80.2261962891,45145,45155,10
12.8597202301,80.2263565063,45155,45165,10
12.8607196808,80.2264862061,45165,45175,10
12.8608198166,80.2265014648,45175,45185,10
12.8610401154,80.2265167236,45185,45196,11
12.8614797592,80.2265396118,45196,45206,10
12.8622703552,80.2265014648,45206,45216,10
12.8632698059,80.2264633179,45216,45226,10
12.8645401001,80.2265014648,45226,45236,10
12.8657798767,80.2265472412,45236,45246,10
12.8670396805,80.2264404297,45246,45256,10
12.868519783,80.2263412476,45256,45266,10
12.8699903488,80.2265167236,45266,45276,10
12.871339798,80.2266387939,45276,45287,11
12.8724603653,80.2266464233,45287,45297,10
12.873169899,80.2266616821,45297,45307,10
12.87403965,80.2267303467,45307,45317,10
12.8751001358,80.2268829346,45317,45327,10
12.8762998581,80.2269287109,45327,45337,10
12.8766298294,80.2268829346,45337,45347,10
12.8769397736,80.2268829346,45347,45357,10
12.8775596619,80.2268295288,45357,45367,10
12.8784198761,80.2267608643,45367,45378,11
12.8796195984,80.2267074585,45378,45388,10
12.8809604645,80.2266769409,45388,45398,10
12.8824901581,80.2266693115,45398,45408,10
12.8841199875,80.2266616821,45408,45418,10
12.8851604462,80.2266387939,45418,45428,10
12.885219574,80.2266464233,45428,45438,10
12.8855695724,80.2267227173,45438,45448,10
12.8862400055,80.2269134521,45448,45458,10
12.887140274,80.227142334,45458,45469,11
12.8884000778,80.2272872925,45469,45479,10
12.8898096085,80.2273178101,45479,45489,10
12.891409874,80.2273178101,45489,45499,10
12.892490387,80.2273635864,45499,45509,10
12.8934202194,80.2274703979,45509,45519,10
12.8945302963,80.2275772095,45519,45529,10
12.8958797455,80.2276382446,45529,45539,10
12.8973903656,80.2277069092,45539,45549,10
12.8987503052,80.2277908325,45549,45560,11
12.900179863,80.2278518677,45560,45570,10
12.9011602402,80.2279434204,45570,45580,10
12.9020595551,80.2279586792,45580,45590,10
12.9024896622,80.2279815674,45590,45600,10
12.9025402069,80.2279815674,45600,45610,10
12.9029798508,80.2280197144,45610,45620,10
12.903670311,80.2280578613,45620,45630,10
12.9045801163,80.2281188965,45630,45640,10
12.9053602219,80.2281494141,45640,45651,11
12.906129837,80.228187561,45651,45711,60
12.906129837,80.228187561,45711,45721,10
12.9064598083,80.2282104492,45721,45731,10
12.9064903259,80.2282180786,45731,45741,10
12.9068603516,80.2282791138,45741,45752,11
12.9074802399,80.2283401489,45752,45762,10
12.9083404541,80.228477478,45762,45772,10
12.9094495773,80.2286834717,45772,45782,10
12.910779953,80.2288970947,45782,45792,10
12.9122600555,80.2291030884,45792,45802,10
12.9135599136,80.2292633057,45802,45812,10
12.9140501022,80.2293167114,45812,45822,10
12.9142503738,80.229347229,45822,45832,10
12.9147996902,80.2294235229,45832,45843,11
12.9156703949,80.2295532227,45843,45853,10
12.9167003632,80.2297134399,45853,45863,10
12.9179496765,80.2298583984,45863,45873,10
12.919380188,80.2300567627,45873,45883,10
12.9208803177,80.2302474976,45883,45893,10
12.9223203659,80.2304534912,45893,45903,10
12.9238700867,80.230682373,45903,45913,10
12.9252796173,80.2308425903,45913,45923,10
12.9262895584,80.2309494019,45923,45934,11
12.9264202118,80.2309570313,45934,45944,10
12.9267997742,80.2310180664,45944,45954,10
12.927479744,80.2311019897,45954,45964,10
12.928319931,80.2312164307,45964,45974,10
12.9289398193,80.2313232422,45974,45984,10
12.9295902252,80.2314605713,45984,45994,10
12.9303798676,80.2316818237,45994,46004,10
12.9314002991,80.2319564819,46004,46014,10
12.9325704575,80.2323379517,46014,46025,11
12.9335803986,80.2327194214,46025,46035,10
12.933719635,80.2328109741,46035,46045,10
12.9341802597,80.2330093384,46045,46055,10
12.9348697662,80.2333221436,46055,46065,10
12.935669899,80.2336807251,46065,46075,10
12.935839653,80.233757019,46075,46085,10
12.9361200333,80.2339096069,46085,46095,10
12.9367303848,80.2341918945,46095,46105,10
12.9375200272,80.2345809937,46105,46116,11
12.9386196136,80.2351226807,46116,46126,10
12.9396495819,80.2356033325,46126,46136,10
12.9397497177,80.2356414795,46136,46146,10
12.939789772,80.2356491089,46146,46156,10
12.9399900436,80.2357406616,46156,46166,10
12.9403896332,80.2358779907,46166,46176,10
12.9410495758,80.2360534668,46176,46186,10
12.9418897629,80.2362594604,46186,46196,10
12.9428796768,80.2366485596,46196,46207,11
12.943860054,80.2375488281,46207,46217,10
12.9447603226,80.2385635376,46217,46227,10
12.9457502365,80.2393722534,46227,46237,10
12.9469604492,80.2398605347,46237,46247,10
12.947520256,80.2400665283,46247,46257,10
12.9476203918,80.2401123047,46257,46267,10
12.9480400085,80.2402877808,46267,46277,10
12.9486999512,80.240562439,46277,46287,10
12.9492998123,80.2408294678,46287,46298,11
12.9502000809,80.2410964966,46298,46308,10
12.9509601593,80.2413101196,46308,46318,10
12.9511003494,80.2413787842,46318,46328,10
12.9515104294,80.2415084839,46328,46338,10
12.9519395828,80.2416610718,46338,46348,10
12.9525003433,80.2418670654,46348,46358,10
12.9532804489,80.2421569824,46358,46368,10
12.953789711,80.2423324585,46368,46378,10
12.9542999268,80.2425537109,46378,46389,11
12.9550504684,80.2428512573,46389,46399,10
12.9563703537,80.2433319092,46399,46429,30
12.9563703537,80.2433319092,46429,46439,10
12.9566402435,80.2434387207,46439,46449,10
12.9572000504,80.2437210083,46449,46459,10
12.9579801559,80.2440567017,46459,46469,10
12.9587402344,80.2443618774,46469,46480,11
12.9587802887,80.2443771362,46480,46490,10
12.9591398239,80.2445907593,46490,46500,10
12.9597196579,80.2448272705,46500,46510,10
12.9604597092,80.2451477051,46510,46520,10
12.9613599777,80.2455596924,46520,46530,10
12.9622898102,80.2460174561,46530,46540,10
12.9630699158,80.2464981079,46540,46550,10
12.9638299942,80.2468490601,46550,46560,10
12.964630127,80.2471008301,46560,46571,11
12.9655199051,80.2473678589,46571,46580,9
12.966509819,80.2477798462,46580,46601,21
12.966509819,80.2477798462,46601,46611,10
12.966750145,80.2479476929,46611,46621,10
12.9672603607,80.2482223511,46621,46631,10
12.9682397842,80.248550415,46631,46641,10
12.9693403244,80.2489318848,46641,46651,10
12.9703998566,80.2493591309,46651,46662,11
12.9716796875,80.2497787476,46662,46672,10
12.9728002548,80.2500915527,46672,46682,10
12.973859787,80.2503585815,46682,46692,10
12.975060463,80.2507171631,46692,46702,10
12.9763402939,80.251083374,46702,46712,10
12.9774904251,80.2515335083,46712,46722,10
12.9785604477,80.2523269653,46722,46742,20
12.9785604477,80.2523269653,46742,46753,11
12.9788398743,80.252456665,46753,46763,10
12.979590416,80.252571106,46763,46793,30
12.979590416,80.252571106,46793,46803,10
12.9797096252,80.2525863647,46803,46813,10
12.9801397324,80.2526397705,46813,46823,10
12.9807796478,80.2526397705,46823,46833,10
12.9815797806,80.2526092529,46833,46844,11
12.9822702408,80.2525863647,46844,46854,10
12.9830102921,80.2525405884,46854,46864,10
12.9839496613,80.2523574829,46864,46874,10
12.9849100113,80.2520904541,46874,46884,10
12.9855499268,80.2518997192,46884,46995,111
12.9855499268,80.2518997192,46995,47005,10
12.9860095978,80.2517776489,47005,47015,10
12.9865503311,80.2516479492,47015,47026,11
12.9873800278,80.2513809204,47026,47147,121
12.9873800278,80.2513809204,47147,47157,10
12.9875497818,80.2513504028,47157,47167,10
12.987950325,80.2512817383,47167,47177,10
12.9886398315,80.2511062622,47177,47187,10
12.9894599915,80.2508621216,47187,47197,10
12.9895200729,80.2508163452,47197,47208,11
12.9899501801,80.2507476807,47208,47218,10
12.9906196594,80.250579834,47218,47228,10
12.9914903641,80.2503585815,47228,47238,10
12.992480278,80.2501068115,47238,47248,10
12.9934597015,80.2498626709,47248,47258,10
12.9944400787,80.2496109009,47258,47268,10
12.9948596954,80.24949646,47268,47278,10
12.9954004288,80.2493591309,47278,47288,10
12.9961900711,80.2491531372,47288,47299,11
12.9973201752,80.2488479614,47299,47309,10
12.9985704422,80.2485580444,47309,47319,10
12.9999799728,80.2482299805,47319,47329,10
13.0012798309,80.2479019165,47329,47339,10
13.0022001266,80.2476730347,47339,47349,10
13.0029296875,80.2475204468,47349,47359,10
13.0037899017,80.2473983765,47359,47369,10
13.0048799515,80.2472763062,47369,47379,10
13.0060901642,80.2468795776,47379,47389,10
13.006480217,80.246421814,47389,47400,11
13.006529808,80.2462615967,47400,47410,10
13.0065803528,80.2457199097,47410,47420,10
13.0066099167,80.2449111938,47420,47430,10
13.0066003799,80.2441101074,47430,47440,10
13.0066099167,80.2434005737,47440,47450,10
13.0066299438,80.2425613403,47450,47460,10
13.0066299438,80.2416305542,47460,47470,10
13.0066995621,80.2407608032,47470,47481,11
13.0068798065,80.2398376465,47481,47490,9
13.0070495605,80.2389526367,47490,47501,11
13.007229805,80.2378463745,47501,47511,10
13.0073604584,80.2368927002,47511,47521,10
13.0074195862,80.2366409302,47521,47531,10
13.0074901581,80.2364196777,47531,47541,10
13.007610321,80.2358398438,47541,47551,10
13.0077896118,80.2349014282,47551,47632,81
13.0077896118,80.2349014282,47632,47642,10
13.0078496933,80.2347183228,47642,47652,10
13.0079603195,80.2342071533,47652,47662,10
13.0081195831,80.2334289551,47662,47673,11
13.0083599091,80.2321777344,47673,47683,10
13.0085897446,80.2309875488,47683,47693,10
13.0088396072,80.2297363281,47693,47703,10
13.0090999603,80.2284164429,47703,47713,10
13.0094203949,80.2276229858,47713,47723,10
13.0098400116,80.2267303467,47723,47733,10
13.0102396011,80.225769043,47733,47743,10
13.0105199814,80.2251281738,47743,47753,10
13.0107498169,80.2245864868,47753,47764,11
13.0109796524,80.2240829468,47764,47774,10
13.0111999512,80.2236404419,47774,47784,10
13.0111999512,80.2235336304,47784,47794,10
13.0112495422,80.2232208252,47794,47804,10
13.0114498138,80.2229003906,47804,47814,10
13.0116701126,80.2222518921,47814,47824,10
13.0120697021,80.2214813232,47824,47834,10
13.0123195648,80.2215805054,47834,47844,10
13.0126199722,80.2220230103,47844,47855,11
13.0132198334,80.2226715088,47855,47865,10
13.0138397217,80.2232666016,47865,47875,10
13.0141201019,80.2235031128,47875,47885,10
13.0143404007,80.2237319946,47885,47895,10
13.0150403976,80.224609375,47895,47915,20
13.0150403976,80.224609375,47915,47925,10
13.0151796341,80.2247161865,47925,47935,10
13.0155897141,80.2250595093,47935,47946,11
13.016289711,80.2252807617,47946,47956,10
13.0172300339,80.2249984741,47956,47966,10
13.0182695389,80.2245788574,47966,47976,10
13.0192298889,80.2243118286,47976,47986,10
13.0201301575,80.2247924805,47986,48006,20
13.0201301575,80.2247924805,48006,48016,10
13.0202198029,80.224899292,48016,48026,10
13.0207195282,80.2252502441,48026,48037,11
13.0215196609,80.2258987427,48037,48047,10
13.0223302841,80.2265014648,48047,48057,10
13.0228500366,80.2269821167,48057,48188,131
13.0228996277,80.227142334,48188,48987,799
13.0228996277,80.227142334,48987,48997,10
13.0230503082,80.2270965576,48997,49007,10
13.0232896805,80.2273635864,49007,49017,10
13.0236797333,80.2277297974,49017,49027,10
13.024310112,80.2283172607,49027,49048,21
13.024310112,80.2283172607,49048,49058,10
13.0243797302,80.2284469604,49058,49068,10
13.0242595673,80.2285766602,49068,49078,10
13.0239801407,80.2283172607,49078,49088,10
13.023440361,80.227722168,49088,49310,222
13.023440361,80.227722168,49310,49321,11
13.0230903625,80.2273788452,49321,49331,10
13.0230703354,80.2273406982,49331,49341,10
13.0228395462,80.2271194458,49341,49351,10
13.0224504471,80.2267379761,49351,49361,10
13.0219297409,80.2263183594,49361,49371,10
13.0213098526,80.2258300781,49371,49381,10
13.0206604004,80.2253417969,49381,49391,10
13.0202198029,80.2250366211,49391,49401,10
13.0202198029,80.2250289917,49401,49412,11
13.0201997757,80.2250213623,49412,49422,10
13.0199604034,80.2248535156,49422,49432,10
13.0195503235,80.2246322632,49432,49442,10
13.0187797546,80.2245635986,49442,49452,10
13.017829895,80.2249221802,49452,49462,10
13.0168304443,80.2253189087,49462,49472,10
13.016169548,80.2255630493,49472,49482,10
13.0154800415,80.2257919312,49482,49492,10
13.0144395828,80.2262191772,49492,49513,21
13.0144395828,80.2262191772,49513,49523,10
13.0141401291,80.2263412476,49523,49533,10
13.0135803223,80.2265319824,49533,49543,10
13.012840271,80.2268066406,49543,49553,10
13.0119104385,80.227180481,49553,49563,10
13.0108995438,80.2276000977,49563,49573,10
13.0098600388,80.2280197144,49573,49583,10
13.0090999603,80.2286834717,49583,49594,11
13.0088596344,80.229927063,49594,49604,10
13.0086603165,80.2311325073,49604,49614,10
13.008480072,80.2321929932,49614,49624,10
13.0082197189,80.2336807251,49624,49644,20
13.0082197189,80.2336807251,49644,49654,10
13.0081300735,80.2340087891,49654,49664,10
13.0080404282,80.2345809937,49664,49674,10
13.0078802109,80.2352523804,49674,49685,11
13.0076999664,80.2361602783,49685,49695,10
13.0075101852,80.2372512817,49695,49705,10
13.0072803497,80.2384109497,49705,49715,10
13.0070695877,80.2393875122,49715,49725,10
13.0069303513,80.2400436401,49725,49735,10
13.0069303513,80.2400970459,49735,49745,10
13.0068798065,80.240447998,49745,49755,10
13.006819725,80.2407989502,49755,49765,10
13.0068101883,80.2409133911,49765,49776,11
13.0067596436,80.2413482666,49776,49786,10
13.006770134,80.2421417236,49786,49796,10
13.0067501068,80.242980957,49796,49806,10
13.0066900253,80.2437667847,49806,49816,10
13.0066795349,80.2446670532,49816,49826,10
13.0067396164,80.2459564209,49826,49846,20
13.0067396164,80.2459564209,49846,49856,10
13.0067300797,80.2463531494,49856,49867,11
13.0067396164,80.2468566895,49867,49877,10
13.0061798096,80.2473526001,49877,49907,30
13.0061798096,80.2473526001,49907,49917,10
13.0060796738,80.2473678589,49917,49927,10
13.0056295395,80.2473678589,49927,49937,10
13.0049104691,80.2473907471,49937,49947,10
13.0039701462,80.2474822998,49947,49958,11
13.0028400421,80.2476501465,49958,49968,10
13.0022802353,80.2478027344,49968,49978,10
13.0016698837,80.2479324341,49978,49988,10
13.0009202957,80.2481231689,49988,49998,10
13.0000200272,80.248336792,49998,50008,10
12.9989595413,80.2486190796,50008,50018,10
12.9979801178,80.2488937378,50018,50028,10
12.9976301193,80.2489624023,50028,50038,10
12.9969797134,80.2490921021,50038,50049,11
12.9960403442,80.2493362427,50049,50059,10
12.9950304031,80.2496109009,50059,50069,10
12.9938402176,80.2499389648,50069,50079,10
12.9924602509,80.2502822876,50079,50089,10
12.9911603928,80.250617981,50089,50109,20
12.9911603928,80.250617981,50109,50119,10
12.9908800125,80.2506637573,50119,50129,10
12.9902801514,80.2508010864,50129,50140,11
12.9893798828,80.2510375977,50140,50150,10
12.9887599945,80.2512130737,50150,50160,10
12.9883699417,80.2513198853,50160,50281,121
12.9883699417,80.2513198853,50281,50291,10
12.9882698059,80.2514572144,50291,50301,10
12.9880399704,80.2514724731,50301,50311,10
12.987660408,80.2515335083,50311,50322,11
12.9869804382,80.2517089844,50322,50332,10
12.9864597321,80.2518310547,50332,50342,10
12.9859199524,80.2519226074,50342,50352,10
12.9851999283,80.2521133423,50352,50362,10
12.984290123,80.2523574829,50362,50372,10
12.9832201004,80.2526016235,50372,50382,10
12.9819402695,80.2526779175,50382,50392,10
12.9808797836,80.2527008057,50392,50402,10
12.980340004,80.252746582,50402,50413,11
12.9798202515,80.2527236938,50413,50423,10
12.9791402817,80.2526779175,50423,50433,10
12.9785804749,80.2525787354,50433,50443,10
12.9785299301,80.2525634766,50443,50453,10
12.9781599045,80.2522964478,50453,50463,10
12.9775400162,80.2517623901,50463,50473,10
12.9765996933,80.2512893677,50473,50483,10
12.9754295349,80.2509307861,50483,50493,10
12.9743099213,80.250617981,50493,50504,11
12.9733295441,80.2503433228,50504,50514,10
12.9724197388,80.2500991821,50514,50524,10
12.9713001251,80.2498016357,50524,50534,10
12.9700498581,80.2494430542,50534,50544,10
12.9689798355,80.2490310669,50544,50554,10
12.9679403305,80.248626709,50554,50564,10
12.966919899,80.2481689453,50564,50574,10
12.9658603668,80.2476730347,50574,50584,10
12.9651203156,80.2473907471,50584,50595,11
12.9651002884,80.2473678589,50595,50605,10
12.9648103714,80.2472610474,50605,50615,10
12.964220047,80.2470321655,50615,50625,10
12.9634599686,80.2467575073,50625,50635,10
12.9625701904,80.2463226318,50635,50645,10
12.9614400864,80.2457733154,50645,50655,10
12.9602804184,80.2452163696,50655,50665,10
12.9594802856,80.2448883057,50665,50675,10
12.9594402313,80.2448730469,50675,50686,11
12.9590501785,80.2446899414,50686,50696,10
12.9584999084,80.2444381714,50696,50706,10
12.9577903748,80.2441482544,50706,50716,10
12.9570198059,80.2438812256,50716,50726,10
12.9566497803,80.2437591553,50726,50756,30
12.9566497803,80.2437591553,50756,50766,10
12.9565496445,80.2437133789,50766,50777,11
12.9564504623,80.2436828613,50777,50787,10
12.9563503265,80.2436676025,50787,50797,10
12.9559202194,80.2434616089,50797,50807,10
12.9552402496,80.2431106567,50807,50817,10
12.9544095993,80.2427368164,50817,50827,10
12.953379631,80.2423095703,50827,50837,10
12.9516496658,80.2416915894,50837,50857,20
12.9516496658,80.2416915894,50857,50868,11
12.9515600204,80.2416534424,50868,50877,9
12.9511604309,80.2415008545,50877,50888,11
12.9503602982,80.2412414551,50888,50898,10
12.9494495392,80.2409210205,50898,50908,10
12.9485702515,80.2405929565,50908,50918,10
12.9476203918,80.2402267456,50918,50928,10
12.94713974,80.2400436401,50928,50938,10
12.9471302032,80.2400436401,50938,50948,10
12.9470901489,80.2400283813,50948,50959,11
12.9466400146,80.2398605347,50959,50969,10
12.945980072,80.2395782471,50969,50979,10
12.9452104568,80.2391662598,50979,50989,10
12.9444503784,80.2383804321,50989,50999,10
12.9436903,80.2375717163,50999,51009,10
12.9428701401,80.2367782593,51009,51019,10
12.9416399002,80.2362976074,51019,51029,10
12.9404096603,80.2359924316,51029,51039,10
12.9395904541,80.2357025146,51039,51050,11
12.9394302368,80.2356414795,51050,51060,10
12.9390697479,80.235496521,51060,51070,10
12.9389295578,80.2354278564,51070,51080,10
12.9385795593,80.2352218628,51080,51090,10
12.9379701614,80.2349319458,51090,51100,10
12.9371995926,80.2345504761,51100,51110,10
12.9362802505,80.2341003418,51110,51120,10
12.935259819,80.2336425781,51120,51130,10
12.9342002869,80.2331619263,51130,51141,11
12.9338197708,80.2329788208,51141,51151,10
12.9335899353,80.2328491211,51151,51161,10
12.9330997467,80.2326278687,51161,51171,10
12.9323196411,80.2323608398,51171,51181,10
12.9313402176,80.2320404053,51181,51191,10
12.9301795959,80.2316665649,51191,51201,10
12.9293203354,80.2314529419,51201,51211,10
12.9288101196,80.2313766479,51211,51221,10
12.9282102585,80.2312698364,51221,51232,11
12.927280426,80.2311477661,51232,51242,10
12.9263000488,80.2310333252,51242,51252,10
12.9260997772,80.2310409546,51252,51262,10
12.925740242,80.2309875488,51262,51272,10
12.9251499176,80.2309112549,51272,51282,10
12.9243402481,80.230796814,51282,51292,10
12.9233798981,80.230682373,51292,51302,10
12.9222002029,80.2304763794,51302,51312,10
12.9207897186,80.2302627563,51312,51322,10
12.9194002151,80.2301101685,51322,51333,11
12.9180002213,80.2299194336,51333,51343,10
12.9167900085,80.2297515869,51343,51353,10
12.9155502319,80.2295532227,51353,51363,10
12.9142599106,80.2293777466,51363,51373,10
12.9135198593,80.2292861938,51373,51383,10
12.9131202698,80.2292709351,51383,51393,10
12.9131097794,80.2292633057,51393,51403,10
12.9128704071,80.2291870117,51403,51413,10
12.9121999741,80.2291030884,51413,51424,11
12.9113397598,80.2289581299,51424,51434,10
12.9102897644,80.2288131714,51434,51444,10
12.9090204239,80.2285995483,51444,51454,10
12.9078397751,80.2284088135,51454,51464,10
12.9074296951,80.2283630371,51464,51474,10
12.9072999954,80.2283401489,51474,51484,10
12.9069299698,80.2283096313,51484,51494,10
12.9065904617,80.2282562256,51494,51504,10
12.9062404633,80.2282562256,51504,51515,11
12.9055595398,80.2282485962,51515,51525,10
12.9046802521,80.2282104492,51525,51535,10
12.9036502838,80.2281570435,51535,51545,10
12.9025201797,80.2280883789,51545,51555,10
12.9016895294,80.2280273438,51555,51606,51
12.9016895294,80.2280273438,51606,51616,10
12.9013595581,80.2280502319,51616,51626,10
12.9008798599,80.2280197144,51626,51636,10
12.9002399445,80.2279586792,51636,51646,10
12.8998403549,80.2279510498,51646,51656,10
12.8995599747,80.2279205322,51656,51666,10
12.8992595673,80.2279434204,51666,51676,10
12.8989295959,80.2279434204,51676,51686,10
12.8982601166,80.2278594971,51686,51697,11
12.8973302841,80.2277832031,51697,51707,10
12.8962802887,80.227722168,51707,51717,10
12.8950996399,80.2276611328,51717,51727,10
12.893910408,80.2275695801,51727,51737,10
12.8928899765,80.2274627686,51737,51747,10
12.8923597336,80.2273864746,51747,51757,10
12.8917303085,80.2273788452,51757,51767,10
12.8908500671,80.2273788452,51767,51777,10
12.8897399902,80.2273712158,51777,51788,11
12.888420105,80.2273406982,51788,51798,10
12.8870801926,80.2271575928,51798,51808,10
12.8857603073,80.2268295288,51808,51818,10
12.8846197128,80.2266998291,51818,51828,10
12.8835401535,80.2267227173,51828,51838,10
12.8833398819,80.2267532349,51838,51848,10
12.8831996918,80.2267608643,51848,51858,10
12.8826799393,80.2267608643,51858,51868,10
12.8818597794,80.2267608643,51868,51879,11
12.8807201385,80.2267684937,51879,51889,10
12.8795404434,80.2267684937,51889,51899,10
12.8782501221,80.226852417,51899,51909,10
12.876999855,80.2269363403,51909,51919,10
12.8759803772,80.2269897461,51919,51929,10
12.874830246,80.226890564,51929,51939,10
12.8737096786,80.2267608643,51939,51949,10
12.8725996017,80.2266998291,51949,51959,10
12.8713598251,80.2266616821,51959,51970,11
12.8699798584,80.2265625,51970,51980,10
12.8687000275,80.2264175415,51980,51990,10
12.8680696487,80.2263793945,51990,52000,10
12.8675298691,80.2264328003,52000,52010,10
12.8667497635,80.2265319824,52010,52020,10
12.8657999039,80.2266082764,52020,52029,9
12.8648004532,80.2265777588,52029,52040,11
12.8634195328,80.2265167236,52040,52050,10
12.8622198105,80.2265625,52050,52061,11
12.8610496521,80.2266387939,52061,52071,10
12.8608798981,80.2266235352,52071,52081,10
12.8603801727,80.2265701294,52081,52091,10
12.8595600128,80.2264404297,52091,52101,10
12.8585500717,80.2262878418,52101,52111,10
12.8573598862,80.2262802124,52111,52121,10
12.8559398651,80.2264328003,52121,52131,10
12.8544597626,80.2265930176,52131,52141,10
12.8529396057,80.2267227173,52141,52152,11
12.8511600494,80.2266387939,52152,52162,10
12.8497104645,80.226600647,52162,52172,10
12.8485002518,80.2266082764,52172,52182,10
12.8471698761,80.2266235352,52182,52192,10
12.8453197479,80.2266387939,52192,52212,20
12.8453197479,80.2266387939,52212,52222,10
12.8449602127,80.2266387939,52222,52232,10
12.8442897797,80.2266998291,52232,52243,11
12.843290329,80.2268218994,52243,52253,10
12.8421297073,80.2269973755,52253,52263,10
12.8408298492,80.2273635864,52263,52273,10
12.8400201797,80.2276306152,52273,52283,10
12.8395395279,80.2277526855,52283,52293,10
12.8389997482,80.2279129028,52293,52303,10
12.8381996155,80.2281112671,52303,52313,10
12.8372001648,80.2283325195,52313,52323,10
12.8359804153,80.2285079956,52323,52334,11
12.8345098495,80.2287368774,52334,52344,10
12.8332195282,80.2289581299,52344,52354,10
12.8323497772,80.2291412354,52354,52364,10
12.8322200775,80.2291564941,52364,52374,10
12.8319797516,80.2292098999,52374,52384,10
12.8313703537,80.2293624878,52384,52394,10
12.8305196762,80.2296524048,52394,52404,10
12.829460144,80.2300567627,52404,52414,10
12.8281803131,80.2306594849,52414,52425,11
12.8267202377,80.2312774658,52425,52435,10
12.8252096176,80.2313766479,52435,52445,10
12.8238201141,80.2311325073,52445,52455,10
12.8225698471,80.2307281494,52455,52465,10
12.8214502335,80.2304763794,52465,52475,10
12.8203697205,80.2304763794,52475,52485,10
12.8192501068,80.230506897,52485,52495,10
12.8190202713,80.230506897,52495,52505,10
12.8187503815,80.2304077148,52505,52516,11
12.8180398941,80.2300872803,52516,52526,10
12.817150116,80.2296981812,52526,52536,10
12.8159503937,80.2294387817,52536,52546,10
12.8145198822,80.2292404175,52546,52556,10
12.8132095337,80.2288894653,52556,52566,10
12.8119602203,80.2284088135,52566,52576,10
12.8108100891,80.2279663086,52576,52586,10
12.809709549,80.2275009155,52586,52596,10
12.8086500168,80.2268218994,52596,52607,11
12.8074398041,80.2258224487,52607,52617,10
12.8065795898,80.2250595093,52617,52627,10
12.8059396744,80.2244873047,52627,52637,10
12.8053598404,80.2240982056,52637,52647,10
12.8050804138,80.2240371704,52647,52657,10
12.8049497604,80.223991394,52657,52667,10
12.8044700623,80.2239379883,52667,52677,10
12.8037500381,80.2238693237,52677,52687,10
12.80286026,80.2237930298,52687,52698,11
12.8016300201,80.2236404419,52698,52708,10
12.8009796143,80.2236022949,52708,52718,10
12.8007802963,80.2235870361,52718,52728,10
12.8002195358,80.2235336304,52728,52738,10
12.7993803024,80.2234573364,52738,52748,10
12.7983503342,80.2232437134,52748,52758,10
12.7971200943,80.2230987549,52758,52768,10
12.7959699631,80.2229385376,52768,52778,10
12.7948904037,80.2227401733,52778,52788,10
12.7938299179,80.2225723267,52788,52799,11
12.7926902771,80.2224121094,52799,52809,10
12.7916097641,80.2221603394,52809,52819,10
12.7904195786,80.221862793,52819,52829,10
12.7893896103,80.2215499878,52829,52839,10
12.7884502411,80.2211608887,52839,52849,10
12.7870798111,80.2206268311,52849,52900,51
12.7870798111,80.2206268311,52900,52910,10
12.7867803574,80.2204971313,52910,52920,10
12.7863998413,80.2203826904,52920,52930,10
12.7861795425,80.2206726074,52930,52960,30
12.7861795425,80.2206726074,52960,52970,10
12.7861604691,80.2209320068,52970,52981,11
12.7861995697,80.2212219238,52981,52991,10
12.7862100601,80.2214508057,52991,53001,10
12.786190033,80.2220001221,53001,53678,677
12.786190033,80.2220001221,53678,53688,10
12.7862300873,80.2217712402,53688,53698,10
12.786190033,80.2214126587,53698,53709,11
12.786190033,80.2210464478,53709,53719,10
12.7861700058,80.2206573486,53719,53729,10
12.7861995697,80.2204437256,53729,53739,10
12.7864303589,80.220451355,53739,53759,20
12.7864303589,80.220451355,53759,53769,10
12.7865600586,80.2204971313,53769,53779,10
12.7869501114,80.2206115723,53779,53789,10
12.787610054,80.2208328247,53789,53800,11
12.7884197235,80.2211227417,53800,53810,10
12.7893104553,80.2214584351,53810,53820,10
12.7899904251,80.2216873169,53820,53830,10
12.7908401489,80.2219161987,53830,53840,10
12.7919797897,80.2222137451,53840,53850,10
12.7933797836,80.2224807739,53850,53860,10
12.7949199677,80.2227020264,53860,53870,10
12.7961902618,80.2229232788,53870,53880,10
12.7964601517,80.2229614258,53880,53891,11
12.7968797684,80.2230529785,53891,53901,10
12.7975597382,80.2231674194,53901,53911,10
12.7983999252,80.2232818604,53911,53921,10
12.7994203568,80.2233734131,53921,53931,10
12.8006801605,80.2234802246,53931,53941,10
12.8015899658,80.2235794067,53941,53951,10
12.8019695282,80.2236175537,53951,53961,10
12.8027000427,80.2237091064,53961,53971,10
12.8036298752,80.2238235474,53971,53982,11
12.8048496246,80.2239303589,53982,53992,10
12.8057203293,80.2242279053,53992,54002,10
12.8064603806,80.2248687744,54002,54012,10
12.8071899414,80.2255172729,54012,54022,10
12.8080301285,80.2262115479,54022,54032,10
12.8089504242,80.2269821167,54032,54042,10
12.8099603653,80.2275772095,54042,54052,10
12.8111400604,80.2280807495,54052,54062,10
12.8125801086,80.2285919189,54062,54073,11
12.8142595291,80.229133606,54073,54083,10
12.815779686,80.2293624878,54083,54093,10
12.8170995712,80.229598999,54093,54103,10
12.8182601929,80.2301177979,54103,54113,10
12.8193101883,80.2304534912,54113,54123,10
12.820520401,80.2304000854,54123,54133,10
12.8219604492,80.2305297852,54133,54143,10
12.82351017,80.2309875488,54143,54153,10
12.8250598907,80.231338501,54153,54164,11
12.8268098831,80.2312469482,54164,54174,10
12.8282499313,80.2305679321,54174,54184,10
12.8296804428,80.2298736572,54184,54194,10
12.8307104111,80.2294311523,54194,54204,10
12.8308200836,80.2293777466,54204,54214,10
12.8311300278,80.2293167114,54214,54224,10
12.831410408,80.2292327881,54224,54234,10
12.8315496445,80.2292022705,54234,54244,10
12.8320398331,80.229057312,54244,54254,10
12.8327703476,80.2289199829,54254,54265,11
12.8338603973,80.2287216187,54265,54275,10
12.8350601196,80.2285079956,54275,54285,10
12.8362798691,80.2283401489,54285,54295,10
12.8375396729,80.2281494141,54295,54305,10
12.838640213,80.227897644,54305,54315,10
12.8392601013,80.2276763916,54315,54325,10
12.8395795822,80.2275924683,54325,54335,10
12.839969635,80.2274780273,54335,54345,10
12.840669632,80.2273406982,54345,54356,11
12.8416795731,80.2270812988,54356,54366,10
12.8427696228,80.2268218994,54366,54376,10
12.843919754,80.2266387939,54376,54386,10
12.8452796936,80.2265014648,54386,54406,20
12.8452796936,80.2265014648,54406,54416,10
12.8454799652,80.2264862061,54416,54426,10
12.8460302353,80.2264862061,54426,54436,10
12.8468799591,80.2264785767,54436,54447,11
12.8480596542,80.2265014648,54447,54457,10
12.8493003845,80.2265014648,54457,54467,10
12.8505601883,80.2265014648,54467,54477,10
12.8519601822,80.2265625,54477,54487,10
12.8534898758,80.2265777588,54487,54497,10
12.8551301956,80.2264404297,54497,54507,10
12.8566799164,80.2262802124,54507,54517,10
12.8578796387,80.2261734009,54517,54527,10
12.8582296371,80.2261962891,54527,54538,11
12.8585596085,80.2261810303,54538,54548,10
12.8592596054,80.2262573242,54548,54558,10
12.8602304459,80.2264328003,54558,54568,10
12.861410141,80.2265319824,54568,54578,10
12.8627996445,80.2264633179,54578,54588,10
12.8643398285,80.2264862061,54588,54598,10
12.8659200668,80.2265090942,54598,54608,10
12.8675498962,80.2263717651,54608,54618,10
12.8690595627,80.226348877,54618,54629,11
12.8704500198,80.2265167236,54629,54639,10
12.8715896606,80.2265777588,54639,54649,10
12.8724002838,80.226600647,54649,54659,10
12.872879982,80.2266387939,54659,54669,10
12.8734998703,80.2266311646,54669,54679,10
12.8743600845,80.2267227173,54679,54689,10
12.8754196167,80.2268600464,54689,54699,10
12.8762998581,80.2268600464,54699,54709,10
12.8764696121,80.226852417,54709,54720,11
12.8766698837,80.2268218994,54720,54730,10
12.8766803741,80.2268218994,54730,54740,10
12.8769598007,80.2267913818,54740,54750,10
12.8775501251,80.2267379761,54750,54760,10
12.8783597946,80.2266769409,54760,54770,10
12.8793201447,80.2266387939,54770,54780,10
12.8803596497,80.2266235352,54780,54790,10
12.8814496994,80.2266235352,54790,54800,10
12.8825597763,80.2266082764,54800,54811,11
12.8838300705,80.2266082764,54811,54821,10
12.885020256,80.226600647,54821,54831,10
12.8851995468,80.2266082764,54831,54841,10
12.8853302002,80.2266311646,54841,54851,10
12.8857898712,80.2267227173,54851,54861,10
12.8865098953,80.2269363403,54861,54871,10
12.8874797821,80.227142334,54871,54881,10
12.888710022,80.2272567749,54881,54891,10
12.8901996613,80.2272567749,54891,54902,11
12.8918304443,80.2272567749,54902,54912,10
12.8929901123,80.2273788452,54912,54922,10
12.8941802979,80.2275238037,54922,54932,10
12.8955202103,80.2275924683,54932,54942,10
12.8969202042,80.2276382446,54942,54952,10
12.8982896805,80.227722168,54952,54962,10
12.8995304108,80.2277984619,54962,54972,10
12.9006004333,80.2278137207,54972,55003,31
12.9006004333,80.2278137207,55003,55013,10
12.9006700516,80.2277984619,55013,55023,10
12.90102005,80.2278366089,55023,55033,10
12.9016504288,80.2278900146,55033,55043,10
12.9024295807,80.2279281616,55043,55053,10
12.9026603699,80.2279205322,55053,55063,10
12.9030103683,80.2279586792,55063,55073,10
12.903670311,80.228012085,55073,55084,11
12.9046802521,80.2280578613,55084,55094,10
12.9056901932,80.2281417847,55094,55104,10
12.9061899185,80.2281036377,55104,55114,10
12.9062099457,80.2281036377,55114,55124,10
12.9064598083,80.2281799316,55124,55134,10
12.9069499969,80.2282409668,55134,55143,9
12.9076299667,80.2283096313,55143,55154,11
12.9087495804,80.2284698486,55154,55164,10
12.9100399017,80.2286911011,55164,55175,11
12.91147995,80.2289199829,55175,55185,10
12.9126796722,80.2290878296,55185,55195,10
12.9137601852,80.2292175293,55195,55205,10
12.9140796661,80.2292633057,55205,55215,10
12.9143896103,80.2293014526,55215,55225,10
12.9149999619,80.2293701172,55225,55235,10
12.9159097672,80.2295303345,55235,55245,10
12.9169797897,80.2296905518,55245,55255,10
12.918129921,80.2298583984,55255,55266,11
12.9196395874,80.2300567627,55266,55276,10
12.9211997986,80.2302474976,55276,55286,10
12.9227800369,80.2304916382,55286,55296,10
12.9243097305,80.2307128906,55296,55306,10
12.9256696701,80.2308731079,55306,55316,10
12.9264497757,80.2309570313,55316,55326,10
12.9265403748,80.2309570313,55326,55336,10
12.9270296097,80.231010437,55336,55346,10
12.9277801514,80.2311019897,55346,55357,11
12.9286603928,80.2312164307,55357,55367,10
12.9292802811,80.2313537598,55367,55377,10
12.929980278,80.2314987183,55377,55387,10
12.9308595657,80.2317428589,55387,55397,10
12.9319601059,80.2321014404,55397,55407,10
12.9331598282,80.2325363159,55407,55417,10
12.933719635,80.2327728271,55417,55427,10
12.9337797165,80.2327804565,55427,55437,10
12.9341497421,80.2329788208,55437,55448,11
12.9349498749,80.2333602905,55448,55458,10
12.9357004166,80.2337188721,55458,55468,10
12.9365196228,80.2341079712,55468,55478,10
12.9375896454,80.2346115112,55478,55488,10
12.9387798309,80.2351913452,55488,55498,10
12.9397001266,80.2356414795,55498,55508,10
12.9397497177,80.2356567383,55508,55518,10
12.9401102066,80.2357711792,55518,55528,10
12.9408197403,80.2359771729,55528,55539,11
12.9418497086,80.2362213135,55539,55549,10
12.9429502487,80.2366714478,55549,55559,10
12.9439296722,80.2376327515,55559,55568,9
12.9448099136,80.2386016846,55568,55579,11
12.9461803436,80.2395324707,55579,55588,9
12.9472303391,80.2399520874,55588,55599,11
12.948220253,80.2403564453,55599,55609,10
12.9486703873,80.2405014038,55609,55619,10
12.9491596222,80.2407836914,55619,55629,10
12.9499502182,80.2410430908,55629,55640,11
12.950799942,80.241317749,55640,55649,9
12.9511404037,80.2414016724,55649,55660,11
12.9514598846,80.2415390015,55660,55670,10
12.9521198273,80.2417602539,55670,55680,10
12.9529800415,80.2420578003,55680,55690,10
12.9539403915,80.2424316406,55690,55700,10
12.9549198151,80.2428207397,55700,55710,10
12.9557304382,80.2431182861,55710,55720,10
12.9563598633,80.2433624268,55720,55731,11
12.9566602707,80.2434616089,55731,55741,10
12.9573202133,80.2437820435,55741,55751,10
12.9581604004,80.244178772,55751,55761,10
12.9589500427,80.2444915771,55761,55771,10
12.9596595764,80.2448120117,55771,55781,10
12.9606199265,80.245262146,55781,55791,10
12.9617300034,80.2458114624,55791,55801,10
12.9627399445,80.2463226318,55801,55811,10
12.9633598328,80.2465591431,55811,55862,51
12.9633598328,80.2465591431,55862,55872,10
12.9637699127,80.2467803955,55872,55882,10
12.9644002914,80.2470397949,55882,55892,10
12.9652099609,80.2473220825,55892,55902,10
12.9661998749,80.2476730347,55902,55913,11
12.9668397903,80.2479705811,55913,55923,10
12.966919899,80.2480316162,55923,55933,10
12.9672603607,80.2481079102,55933,55943,10
12.9679203033,80.2484970093,55943,55953,10
12.9688100815,80.2487716675,55953,55963,10
12.9699401855,80.2492294312,55963,55973,10
12.9712600708,80.249710083,55973,55983,10
12.9726696014,80.2500610352,55983,55993,10
12.9741897583,80.2504806519,55993,56004,11
12.9759902954,80.2509994507,56004,56014,10
12.9774999619,80.2515411377,56014,56024,10
12.9785404205,80.2523422241,56024,56034,10
12.9793901443,80.252571106,56034,56044,10
12.9794597626,80.2525634766,56044,56054,10
12.9796304703,80.2525405884,56054,56064,10
12.9801197052,80.2525634766,56064,56074,10
12.9807195663,80.252571106,56074,56084,10
12.9815502167,80.2525634766,56084,56095,11
12.9826698303,80.2525177002,56095,56105,10
12.9837799072,80.2523727417,56105,56115,10
12.9845600128,80.2521514893,56115,56226,111
12.9845600128,80.2521514893,56226,56236,10
12.9847602844,80.2520980835,56236,56246,10
12.9851303101,80.2519989014,56246,56256,10
12.9855804443,80.2518920898,56256,56266,10
12.9862203598,80.251739502,56266,56277,11
12.9870300293,80.2514801025,56277,56398,121
12.9870300293,80.2514801025,56398,56408,10
12.9871501923,80.2514190674,56408,56418,10
12.9875802994,80.2512893677,56418,56428,10
12.9882001877,80.2511825562,56428,56438,10
12.989109993,80.2509231567,56438,56448,10
12.9896697998,80.250793457,56448,56459,11
12.9897098541,80.250831604,56459,56469,10
12.9900503159,80.2508010864,56469,56479,10
12.9907302856,80.250541687,56479,56489,10
12.9916801453,80.2503204346,56489,56499,10
12.9928598404,80.2500305176,56499,56509,10
12.9942398071,80.249671936,56509,56519,10
12.9956598282,80.2492980957,56519,56529,10
12.9967098236,80.2490234375,56529,56539,10
12.9968595505,80.2490386963,56539,56550,11
12.9973697662,80.2488937378,56550,56560,10
12.9981298447,80.2486801147,56560,56570,10
12.9991798401,80.2484207153,56570,56580,10
13.00041008,80.2481079102,56580,56590,10
13.001709938,80.2478027344,56590,56600,10
13.0026397705,80.2475814819,56600,56610,10
13.003780365,80.2473907471,56610,56620,10
13.0050401688,80.2472381592,56620,56630,10
13.0061101913,80.2469100952,56630,56641,11
13.0064697266,80.2465286255,56641,56651,10
13.0065498352,80.2463912964,56651,56661,10
13.0066099167,80.2458114624,56661,56671,10
13.0066204071,80.2449569702,56671,56681,10
13.0066404343,80.2438583374,56681,56691,10
13.006649971,80.2427215576,56691,56701,10
13.0066404343,80.2415008545,56701,56711,10
13.0068101883,80.2403182983,56711,56721,10
13.0069704056,80.239440918,56721,56732,11
13.0071601868,80.2383880615,56732,56742,10
13.0072803497,80.2376327515,56742,56752,10
13.0073795319,80.2368774414,56752,56762,10
13.0074100494,80.2366714478,56762,56772,10
13.0074901581,80.2365112305,56772,56782,10
13.0075998306,80.236000061,56782,56792,10
13.0077495575,80.2352218628,56792,56802,10
13.0079603195,80.2342605591,56802,56812,10
13.0081796646,80.2331008911,56812,56823,11
13.0084600449,80.2316970825,56823,56833,10
13.0087404251,80.2302703857,56833,56843,10
13.0090398788,80.2288589478,56843,56853,10
13.0094404221,80.2276000977,56853,56863,10
13.0100002289,80.2263565063,56863,56872,9
13.010219574,80.2258377075,56872,56883,11
13.0102901459,80.225692749,56883,56893,10
13.010430336,80.2254180908,56893,56903,10
13.0105104446,80.2251968384,56903,56914,11
13.0106201172,80.2249832153,56914,56924,10
13.0107402802,80.2247390747,56924,56934,10
13.0109395981,80.2243804932,56934,56944,10
13.0111598969,80.2238616943,56944,56954,10
13.0113697052,80.2232437134,56954,56964,10
13.0116996765,80.2225189209,56964,56974,10
13.0120897293,80.2215881348,56974,56984,10
13.0124998093,80.2218170166,56984,56994,10
13.0130796432,80.2224578857,56994,57005,11
13.0136404037,80.2230682373,57005,57015,10
13.0141296387,80.2237167358,57015,57025,10
13.0146198273,80.2241287231,57025,57035,10
13.014960289,80.2244415283,57035,57045,10
13.015080452,80.2245635986,57045,57055,10
13.01541996,80.2248916626,57055,57065,10
13.0155696869,80.2250289917,57065,57075,10
13.0156698227,80.2250595093,57075,57085,10
13.0160398483,80.2252731323,57085,57096,11
13.0169200897,80.2250976563,57096,57106,10
13.0178499222,80.2247390747,57106,57116,10
13.0187196732,80.2244186401,57116,57126,10
13.0195198059,80.2244262695,57126,57136,10
13.0200796127,80.2247924805,57136,57146,10
13.0202198029,80.2248916626,57146,57156,10
13.0202798843,80.2249679565,57156,57166,10
13.0205898285,80.225227356,57166,57176,10
13.0211400986,80.2256622314,57176,57186,10
13.0219402313,80.226348877,57186,57197,11
13.0228796005,80.2270507813,57197,57207,10
13.0235900879,80.2276687622,57207,57217,10
13.024140358,80.2282028198,57217,57227,10
13.0243797302,80.2284393311,57227,57237,10
13.0242595673,80.2285995483,57237,57247,10
13.0240001678,80.228302002,57247,57257,10
13.0234498978,80.2277526855,57257,57732,475
13.0233402252,80.2276916504,57732,58248,516
13.0233402252,80.2276916504,58248,58258,10
13.0231800079,80.2274703979,58258,58268,10
13.022939682,80.2272415161,58268,58278,10
13.0225896835,80.2268600464,58278,58289,11
13.0220003128,80.226348877,58289,58299,10
13.0213603973,80.2258605957,58299,58309,10
13.0206804276,80.2253417969,58309,58319,10
13.0201301575,80.2249984741,58319,58329,10
13.0200595856,80.2249526978,58329,58339,10
13.0200195313,80.2249221802,58339,58349,10
13.0197000504,80.2246780396,58349,58359,10
13.0190401077,80.2244873047,58359,58369,10
13.0180997849,80.2247619629,58369,58380,11
13.0170297623,80.2252120972,58380,58390,10
13.016409874,80.225479126,58390,58400,10
13.0158395767,80.225692749,58400,58410,10
13.015080452,80.2259902954,58410,58420,10
13.0144100189,80.2262573242,58420,58430,10
13.0142803192,80.2262878418,58430,58440,10
13.0139198303,80.2264328003,58440,58450,10
13.0132398605,80.2267227173,58450,58460,10
13.0123195648,80.2270812988,58460,58471,11
13.0112199783,80.2274932861,58471,58481,10
13.0101699829,80.2279281616,58481,58491,10
13.0091896057,80.2285308838,58491,58501,10
13.0089197159,80.2297668457,58501,58511,10
13.0086803436,80.2310562134,58511,58521,10
13.0084400177,80.2323608398,58521,58531,10
13.0082798004,80.2334976196,58531,58541,10
13.0080795288,80.2344512939,58541,58551,10
13.0078897476,80.2354507446,58551,58562,11
13.0076799393,80.2364425659,58562,58572,10
13.0074996948,80.2373886108,58572,58582,10
13.0073404312,80.2382202148,58582,58592,10
13.0072002411,80.238899231,58592,58602,10
13.0071201324,80.2393035889,58602,58653,51
13.0071201324,80.2393035889,58653,58663,10
13.007109642,80.2395401001,58663,58673,10
13.0069999695,80.2399597168,58673,58683,10
13.0068702698,80.2405090332,58683,58693,10
13.0068397522,80.2409591675,58693,58703,10
13.006819725,80.2410583496,58703,58713,10
13.006770134,80.2415390015,58713,58723,10
13.0067596436,80.2423400879,58723,58733,10
13.0067596436,80.2433013916,58733,58744,11
13.0067796707,80.2442703247,58744,58754,10
13.0067796707,80.2451400757,58754,58764,10
13.0067796707,80.2454605103,58764,58774,10
13.0067996979,80.2459411621,58774,58784,10
13.0068101883,80.2463989258,58784,58794,10
13.006819725,80.2469177246,58794,58804,10
13.0066003799,80.247428894,58804,58814,10
13.0061998367,80.247428894,58814,58824,10
13.0060997009,80.2474212646,58824,58834,10
13.0055904388,80.2474212646,58834,58845,11
13.004699707,80.247428894,58845,58855,10
13.0036201477,80.2475585938,58855,58865,10
13.0024499893,80.2477798462,58865,58875,10
13.0014095306,80.248008728,58875,58885,10
13.0001602173,80.2483291626,58885,58895,10
12.9988203049,80.2487030029,58895,58905,10
12.9974002838,80.2490615845,58905,58915,10
12.9958400726,80.249458313,58915,58925,10
12.9940500259,80.2499389648,58925,58936,11
12.9925403595,80.2503204346,58936,58946,10
12.9909296036,80.2507171631,58946,58956,10
12.9903898239,80.2508468628,58956,59229,273
12.9903898239,80.2508468628,59229,59239,10
12.9902801514,80.2508773804,59239,59249,10
12.9897603989,80.2510070801,59249,59259,10
12.9893903732,80.2511062622,59259,59269,10
12.9891996384,80.2511520386,59269,59279,10
12.9890003204,80.2511978149,59279,59289,10
12.9885997772,80.2512893677,59289,59300,11
12.9882497787,80.2514190674,59300,59552,252
12.9882497787,80.2514190674,59552,59562,10
12.9881801605,80.2514572144,59562,59573,11
12.9877901077,80.2515411377,59573,59583,10
12.9871902466,80.2516784668,59583,59593,10
12.9867200851,80.2518234253,59593,59603,10
12.9866104126,80.2518386841,59603,59613,10
12.9864597321,80.2518615723,59613,59623,10
12.9859399796,80.251953125,59623,59633,10
12.985159874,80.2521591187,59633,59643,10
12.984120369,80.2524414063,59643,59653,10
12.9828996658,80.2526702881,59653,59664,11
12.9813604355,80.2527084351,59664,59674,10
12.9801797867,80.2527923584,59674,59684,10
12.9794301987,80.2527313232,59684,59694,10
12.9786596298,80.2526321411,59694,59704,10
12.9785804749,80.2525863647,59704,59714,10
12.9782495499,80.2523803711,59714,59724,10
12.9776802063,80.2518768311,59724,59734,10
12.9767599106,80.2513198853,59734,59744,10
12.9755401611,80.2509613037,59744,59755,11
12.9741201401,80.2505722046,59755,59765,10
12.9728298187,80.2502288818,59765,59775,10
12.9715003967,80.2498779297,59775,59785,10
12.9702796936,80.2495269775,59785,59795,10
12.9690999985,80.2490768433,59795,59805,10
12.9678401947,80.2485733032,59805,59815,10
12.9669799805,80.2481765747,59815,59825,10
12.9662399292,80.247833252,59825,59835,10
12.9654102325,80.2475204468,59835,59846,11
12.9651203156,80.247428894,59846,59856,10
12.964679718,80.247253418,59856,59866,10
12.9639701843,80.2469787598,59866,59876,10
12.9630699158,80.2465362549,59876,59886,10
12.9620599747,80.2460479736,59886,59896,10
12.9609804153,80.2455062866,59896,59906,10
12.9597396851,80.2449417114,59906,59916,10
12.9584102631,80.2443618774,59916,59926,10
12.9575500488,80.2440185547,59926,59937,11
12.956700325,80.2437896729,59937,59946,9
12.9564800262,80.2437286377,59946,59977,31
12.9564800262,80.2437286377,59977,59987,10
12.956319809,80.2436981201,59987,59997,10
12.9558601379,80.2434616089,59997,60007,10
12.9551296234,80.2430877686,60007,60017,10
12.9542102814,80.2426834106,60017,60028,11
12.9531097412,80.2422027588,60028,60038,10
12.9521598816,80.2418365479,60038,60048,10
12.9516801834,80.2416992188,60048,60058,10
12.9516296387,80.2416915894,60058,60068,10
12.951210022,80.2415313721,60068,60078,10
12.9504404068,80.2412719727,60078,60088,10
12.9495897293,80.2410202026,60088,60098,10
12.9494304657,80.2409820557,60098,60108,10
12.9493198395,80.2409286499,60108,60119,11
12.948800087,80.240737915,60119,60129,10
12.9480800629,80.2404403687,60129,60139,10
12.9472799301,80.2400894165,60139,60149,10
12.9470396042,80.2400131226,60149,60159,10
12.9466600418,80.2398605347,60159,60169,10
12.945980072,80.2395706177,60169,60179,10
12.9451599121,80.2390899658,60179,60189,10
12.9443101883,80.2382202148,60189,60199,10
12.9435396194,80.237411499,60199,60210,11
12.9425802231,80.236618042,60210,60220,10
12.9412498474,80.2362136841,60220,60230,10
12.9399299622,80.2358474731,60230,60240,10
12.9386396408,80.2352294922,60240,60250,10
12.9372596741,80.2345428467,60250,60260,10
12.9360799789,80.2339782715,60260,60270,10
12.9352502823,80.2336120605,60270,60280,10
12.9342699051,80.2331771851,60280,60290,10
12.9337902069,80.232963562,60290,60301,11
12.933380127,80.2327804565,60301,60311,10
12.9327001572,80.2324829102,60311,60321,10
12.9317398071,80.2321472168,60321,60331,10
12.9305200577,80.2317581177,60331,60341,10
12.9292297363,80.2314376831,60341,60351,10
12.9278402328,80.2312011719,60351,60361,10
12.9263696671,80.2310409546,60361,60371,10
12.9249200821,80.2308731079,60371,60381,10
12.92345047,80.2306900024,60381,60392,11
12.9218196869,80.2304382324,60392,60402,10
12.9202203751,80.2302322388,60402,60412,10
12.9187602997,80.2300415039,60412,60422,10
12.9173803329,80.2298965454,60422,60432,10
12.9164104462,80.2297210693,60432,60442,10
12.9153995514,80.2295913696,60442,60452,10
12.9141902924,80.2294311523,60452,60462,10
12.9134302139,80.2293701172,60462,60472,10
12.9133796692,80.2293624878,60472,60483,11
12.913020134,80.2293014526,60483,60493,10
12.9123001099,80.2291793823,60493,60503,10
12.9113197327,80.2290420532,60503,60513,10
12.9100999832,80.2288589478,60513,60523,10
12.9087295532,80.2286224365,60523,60533,10
12.9073095322,80.2284393311,60533,60563,30
12.9073095322,80.2284393311,60563,60574,11
12.9070901871,80.2283782959,60574,60584,10
12.9065799713,80.2283172607,60584,60594,10
12.9058904648,80.2282485962,60594,60604,10
12.9049596786,80.2282028198,60604,60614,10
12.9039001465,80.2281723022,60614,60624,10
12.902759552,80.2281112671,60624,60634,10
12.9020700455,80.2280807495,60634,60644,10
12.9019603729,80.2281036377,60644,60654,10
12.9019403458,80.2281036377,60654,60665,11
12.90184021,80.2281036377,60665,60675,10
12.901550293,80.2280731201,60675,60684,9
12.9012098312,80.2280502319,60684,60695,11
12.9007997513,80.2280197144,60695,60705,10
12.9003295898,80.2279815674,60705,60715,10
12.8999204636,80.2279586792,60715,60725,10
12.8995704651,80.2279434204,60725,60735,10
12.8993997574,80.2279281616,60735,60745,10
12.8991098404,80.2279129028,60745,60755,10
12.8985099792,80.2278671265,60755,60766,11
12.8975896835,80.2278137207,60766,60776,10
12.8965501785,80.2277374268,60776,60786,10
12.895409584,80.2276763916,60786,60796,10
12.8942403793,80.2276229858,60796,60806,10
12.8930902481,80.2274932861,60806,60816,10
12.8923501968,80.227432251,60816,60826,10
12.8914604187,80.2273788452,60826,60836,10
12.8903198242,80.2273788452,60836,60846,10
12.8892202377,80.2274017334,60846,60857,11
12.8878602982,80.2273330688,60857,60867,10
12.8865098953,80.2270889282,60867,60877,10
12.8853197098,80.2267990112,60877,60887,10
12.8848600388,80.2267608643,60887,60897,10
12.8846998215,80.2267608643,60897,60907,10
12.8841295242,80.2267608643,60907,60917,10
12.8832798004,80.2267608643,60917,60927,10
12.8821697235,80.2267608643,60927,60937,10
12.8808403015,80.2267532349,60937,60948,11
12.8795404434,80.2267608643,60948,60958,10
12.8782396317,80.2268295288,60958,60968,10
12.8770599365,80.2269363403,60968,60978,10
12.8765602112,80.2270126343,60978,60988,10
12.8763799667,80.2270278931,60988,60998,10
12.8758201599,80.2270126343,60998,61008,10
12.8750095367,80.2269363403,61008,61018,10
12.8739204407,80.2267990112,61018,61028,10
12.8727302551,80.2267303467,61028,61039,11
12.8723402023,80.2267379761,61039,61049,10
12.8719501495,80.2267379761,61049,61059,10
12.871219635,80.2266998291,61059,61069,10
12.8702602386,80.2266387939,61069,61079,10
12.8690795898,80.2264709473,61079,61089,10
12.8677597046,80.2264404297,61089,61099,10
12.8663396835,80.226600647,61099,61109,10
12.8648796082,80.2266235352,61109,61119,10
12.8634195328,80.2265625,61119,61130,11
12.861989975,80.2266082764,61130,61140,10
12.861000061,80.2266464233,61140,61150,10
12.8609104156,80.2266464233,61150,61160,10
12.8604402542,80.2266082764,61160,61170,10
12.8596401215,80.2264709473,61170,61180,10
12.8585796356,80.2263183594,61180,61190,10
12.8572998047,80.2263183594,61190,61200,10
12.8558597565,80.2264709473,61200,61210,10
12.8543195724,80.2266311646,61210,61221,11
12.8526496887,80.2267227173,61221,61231,10
12.8512601852,80.2266769409,61231,61241,10
12.8498802185,80.2266235352,61241,61251,10
12.8484296799,80.2266235352,61251,61261,10
12.8472900391,80.2266235352,61261,61271,10
12.8458404541,80.2266387939,61271,61281,10
12.8451900482,80.2266693115,61281,61291,10
12.8451795578,80.2266693115,61291,61301,10
12.8448600769,80.2266769409,61301,61312,11
12.8441095352,80.2267608643,61312,61322,10
12.8431901932,80.226852417,61322,61332,10
12.8420696259,80.2270889282,61332,61342,10
12.8408298492,80.2274169922,61342,61352,10
12.8399896622,80.2276306152,61352,61362,10
12.8394804001,80.2277832031,61362,61372,10
12.838809967,80.2279510498,61372,61382,10
12.8378696442,80.2281799316,61382,61392,10
12.8367099762,80.2283706665,61392,61403,11
12.8353395462,80.2285766602,61403,61413,10
12.8340797424,80.2287826538,61413,61423,10
12.8329601288,80.2289886475,61423,61433,10
12.8317203522,80.2292480469,61433,61453,20
12.8317203522,80.2292480469,61453,61463,10
12.8315896988,80.229133606,61463,61473,10
12.8315000534,80.2286224365,61473,61483,10
12.8313598633,80.2277984619,61483,61494,11
12.8311100006,80.226600647,61494,61504,10
12.8310604095,80.2255020142,61504,61514,10
12.8310403824,80.2247390747,61514,61524,10
12.8310499191,80.224319458,61524,61534,10
12.8310899734,80.2237167358,61534,61544,10
12.8310804367,80.2230377197,61544,61554,10
12.8310604095,80.2224197388,61554,61564,10
12.8310499191,80.2221298218,61564,61574,10
12.8310604095,80.2216033936,61574,61585,11
12.8310604095,80.221031189,61585,61595,10
12.8310699463,80.2202224731,61595,61605,10
12.8310804367,80.2196731567,61605,61615,10
12.8306903839,80.2194824219,61615,61625,10
12.8299102783,80.2194900513,61625,61635,10
12.8289003372,80.2194976807,61635,61645,10
12.827870369,80.2195205688,61645,61655,10
12.827580452,80.2195205688,61655,61665,10
12.827340126,80.2194976807,61665,61676,11
12.8266296387,80.2194824219,61676,61686,10
12.8260803223,80.2194595337,61686,61696,10
12.8258695602,80.2192077637,61696,61706,10
12.8258800507,80.2189102173,61706,61716,10
12.8258695602,80.21824646,61716,61726,10
12.8258800507,80.217300415,61726,61736,10
12.8258695602,80.2163009644,61736,61746,10
12.8256397247,80.2159805298,61746,61756,10
12.8253297806,80.216003418,61756,61767,11
12.8248996735,80.2159576416,61767,61787,20
12.8248996735,80.2159576416,61787,61797,10
12.824640274,80.2160415649,61797,61807,10
12.8243598938,80.2160568237,61807,62680,873
12.8243598938,80.2160568237,62680,62691,11
12.8242301941,80.2160491943,62691,62701,10
12.8239202499,80.2160415649,62701,62711,10
12.8237600327,80.2160263062,62711,62721,10
12.8235998154,80.2160186768,62721,62731,10
12.82310009,80.2160263062,62731,62741,10
12.8228197098,80.2160186768,62741,62751,10
12.8227396011,80.2163619995,62751,62761,10
12.8227300644,80.2170333862,62761,62771,10
12.822719574,80.2178268433,62771,62782,11
12.822719574,80.2183380127,62782,62792,10
12.8226995468,80.2188415527,62792,62802,10
12.8227596283,80.2193908691,62802,62832,30
12.8227596283,80.2193908691,62832,62842,10
12.8229904175,80.2194595337,62842,62852,10
12.8235902786,80.2194671631,62852,62862,10
12.8244304657,80.2194824219,62862,62873,11
12.8254804611,80.2194671631,62873,62894,21
12.8254804611,80.2194671631,62894,62904,10
12.8257398605,80.2194671631,62904,62914,10
12.8262395859,80.2194519043,62914,62924,10
12.8269796371,80.2194213867,62924,63005,81
12.8269796371,80.2194213867,63005,63015,10
12.8271903992,80.2194366455,63015,63025,10
12.8273801804,80.2194213867,63025,63035,10
12.8276596069,80.2193832397,63035,63167,132
12.8276596069,80.2193832397,63167,63177,10
12.8280200958,80.2193984985,63177,63187,10
12.8284797668,80.2194137573,63187,63197,10
12.8289003372,80.2194366455,63197,63207,10
12.8295202255,80.2194671631,63207,63217,10
12.8301897049,80.2194824219,63217,63228,11
12.8307199478,80.2194824219,63228,63238,10
12.8308601379,80.2194671631,63238,63248,10
12.8311595917,80.2196121216,63248,63258,10
12.8312101364,80.2200698853,63258,63268,10
12.831199646,80.2207794189,63268,63278,10
12.831199646,80.2215423584,63278,63288,10
12.8311901093,80.2220916748,63288,63297,9
12.8311901093,80.2223510742,63297,63308,11
12.8311796188,80.22290802,63308,63319,11
12.8311796188,80.2235107422,63319,63329,10
12.8311700821,80.2242584229,63329,63339,10
12.8311700821,80.224609375,63339,63349,10
12.8311595917,80.2250366211,63349,63359,10
12.8311700821,80.2257003784,63359,63369,10
12.8312196732,80.2264862061,63369,63379,10
12.8313798904,80.2273025513,63379,63389,10
12.8315200806,80.2279891968,63389,63399,10
12.8316602707,80.2285919189,63399,63410,11
12.8317804337,80.2291030884,63410,63430,20
12.8317804337,80.2291030884,63430,63440,10
12.8320398331,80.2291107178,63440,63450,10
12.8325195313,80.2289962769,63450,63460,10
12.8330001831,80.2288970947,63460,63470,10
12.8334798813,80.2287979126,63470,63480,10
12.8340101242,80.2286987305,63480,63490,10
12.8346796036,80.2285766602,63490,63501,11
12.8354301453,80.2284469604,63501,63511,10
12.8361701965,80.2283477783,63511,63521,10
12.8367900848,80.2282485962,63521,63531,10
12.8373003006,80.2281723022,63531,63541,10
12.8378200531,80.2280807495,63541,63551,10
12.8383998871,80.2279586792,63551,63561,10
12.8389501572,80.2277984619,63561,63571,10
12.8393201828,80.2276382446,63571,63612,41
12.8393201828,80.2276382446,63612,63622,10
12.8397798538,80.2274780273,63622,63632,10
12.8402795792,80.227432251,63632,63642,10
12.8409795761,80.2272720337,63642,63652,10
12.8418302536,80.2270584106,63652,63662,10
12.8428096771,80.2268066406,63662,63672,10
12.8438997269,80.2266387939,63672,63683,11
12.8447704315,80.2265625,63683,63693,10
12.8453798294,80.2265396118,63693,63723,30
12.8453798294,80.2265396118,63723,63733,10
12.845700264,80.2265319824,63733,63743,10
12.8463096619,80.2265396118,63743,63753,10
12.8471403122,80.2265396118,63753,63763,10
12.848110199,80.2265625,63763,63774,11
12.849240303,80.2265625,63774,63784,10
12.8500795364,80.2265090942,63784,63814,30
12.8500795364,80.2265090942,63814,63824,10
12.8501796722,80.2265396118,63824,63834,10
12.8506202698,80.2265319824,63834,63844,10
12.8512601852,80.2265396118,63844,63854,10
12.8519601822,80.2265777588,63854,63865,11
12.8527803421,80.2266235352,63865,63875,10
12.8536300659,80.226600647,63875,63885,10
12.8544998169,80.2265014648,63885,63895,10
12.8552503586,80.2264022827,63895,63905,10
12.8558702469,80.2263183594,63905,63915,10
12.8563995361,80.2262573242,63915,63925,10
12.8568296432,80.2262115479,63925,63935,10
12.8572101593,80.2261810303,63935,63945,10
12.8577699661,80.2261428833,63945,63956,11
12.8586196899,80.2261962891,63956,63966,10
12.85958004,80.2263412476,63966,63976,10
12.8605203629,80.2264633179,63976,63986,10
12.8606595993,80.2264785767,63986,63996,10
12.8607501984,80.2265396118,63996,64006,10
12.8610801697,80.2265472412,64006,64016,10
12.8617801666,80.2265396118,64016,64026,10
12.8626098633,80.2265014648,64026,64036,10
12.8635902405,80.2265014648,64036,64047,11
12.864859581,80.2265625,64047,64057,10
12.8661499023,80.2265472412,64057,64067,10
12.8674697876,80.2264328003,64067,64077,10
12.8688297272,80.2263793945,64077,64087,10
12.8701400757,80.2265396118,64087,64097,10
12.8713502884,80.2266387939,64097,64107,10
12.8724899292,80.2266387939,64107,64117,10
12.8730602264,80.2266235352,64117,64127,10
12.8731603622,80.2266311646,64127,64138,11
12.8736200333,80.2266616821,64138,64148,10
12.8743000031,80.2267379761,64148,64158,10
12.8751296997,80.2268600464,64158,64168,10
12.8759698868,80.2268981934,64168,64178,10
12.8764801025,80.2268829346,64178,64188,10
12.8767795563,80.2268676758,64188,64198,10
12.8768796921,80.2268676758,64198,64208,10
12.8769702911,80.2268371582,64208,64218,10
12.8774204254,80.2267990112,64218,64229,11
12.8782300949,80.2267303467,64229,64239,10
12.8791599274,80.2266769409,64239,64249,10
12.8802604675,80.2266616821,64249,64259,10
12.8815002441,80.2266616821,64259,64269,10
12.8827600479,80.2266693115,64269,64279,10
12.8839998245,80.2266464233,64279,64289,10
12.8850498199,80.2266464233,64289,64299,10
12.8852996826,80.2266693115,64299,64309,10
12.8853397369,80.2266769409,64309,64320,11
12.8857803345,80.2267837524,64320,64330,10
12.8864402771,80.2269668579,64330,64340,10
12.8872804642,80.2271575928,64340,64350,10
12.8883304596,80.2272796631,64350,64360,10
12.8894701004,80.2273178101,64360,64370,10
12.8904895782,80.2273178101,64370,64380,10
12.8912601471,80.2272872925,64380,64390,10
12.8917598724,80.2273025513,64390,64400,10
12.89220047,80.2273178101,64400,64411,11
12.8929004669,80.2274017334,64411,64421,10
12.8935899734,80.2274932861,64421,64431,10
12.893989563,80.2275695801,64431,64441,10
12.894610405,80.2276000977,64441,64451,10
12.8953895569,80.2276306152,64451,64461,10
12.8963804245,80.2276687622,64461,64471,10
12.8975400925,80.2277297974,64471,64481,10
12.898639679,80.2277984619,64481,64491,10
12.8995199203,80.2278518677,64491,64502,11
12.9005899429,80.227897644,64502,64643,141
12.9005899429,80.227897644,64643,64653,10
12.9009199142,80.2279510498,64653,64663,10
12.9013395309,80.2279434204,64663,64673,10
12.90184021,80.2279586792,64673,64684,11
12.9025802612,80.2279815674,64684,64694,10
12.9027900696,80.2279663086,64694,64704,10
12.9029397964,80.2279968262,64704,64714,10
12.9034500122,80.2280426025,64714,64724,10
12.9041595459,80.2280807495,64724,64734,10
12.9050397873,80.2281265259,64734,64744,10
12.9058599472,80.2281723022,64744,64754,10
12.9064598083,80.2282028198,64754,64764,10
12.906999588,80.2282485962,64764,64775,11
12.9071598053,80.2282791138,64775,64785,10
12.9075803757,80.2283401489,64785,64795,10
12.9082698822,80.2284622192,64795,64805,10
12.9091796875,80.2286224365,64805,64815,10
12.9103002548,80.2287979126,64815,64825,10
12.9115800858,80.2290115356,64825,64835,10
12.9128398895,80.2292022705,64835,64845,10
12.9138898849,80.2293014526,64845,64866,21
12.9138898849,80.2293014526,64866,64876,10
12.9141397476,80.2293395996,64876,64886,10
12.9146404266,80.2293395996,64886,64896,10
12.9148197174,80.2293701172,64896,64906,10
12.9150600433,80.2294387817,64906,64916,10
12.9156599045,80.2295684814,64916,64926,10
12.9164800644,80.2296981812,64926,64936,10
12.9174699783,80.2298431396,64936,64946,10
12.9186000824,80.2299804688,64946,64957,11
12.9196500778,80.2301177979,64957,64967,10
12.9207201004,80.2302322388,64967,64977,10
12.9219703674,80.2303924561,64977,64987,10
12.9233703613,80.2306213379,64987,64997,10
12.9246902466,80.2307891846,64997,65007,10
12.9257602692,80.2309188843,65007,65017,10
12.926320076,80.2309799194,65017,65027,10
12.9263801575,80.231010437,65027,65037,10
12.9267196655,80.2310409546,65037,65048,11
12.9274301529,80.2311096191,65048,65058,10
12.9280700684,80.2311935425,65058,65068,10
12.9287900925,80.2312927246,65068,65078,10
12.9295396805,80.2314376831,65078,65088,10
12.9304103851,80.2316589355,65088,65098,10
12.9313001633,80.2319335938,65098,65108,10
12.9319896698,80.2321624756,65108,65118,10
12.9327602386,80.232421875,65118,65128,10
12.9333295822,80.2326431274,65128,65139,11
12.9336700439,80.2327880859,65139,65149,10
12.9337100983,80.2328186035,65149,65159,10
12.9337997437,80.2328796387,65159,65169,10
12.9341497421,80.233039856,65169,65179,10
12.9348096848,80.2333221436,65179,65189,10
12.9356002808,80.2336730957,65189,65199,10
12.9364595413,80.2340927124,65199,65209,10
12.9374399185,80.2345581055,65209,65219,10
12.9383897781,80.2350234985,65219,65230,11
12.939040184,80.2353515625,65230,65240,10
12.939330101,80.2354812622,65240,65260,20
12.939330101,80.2354812622,65260,65270,10
12.9394798279,80.2355804443,65270,65280,10
12.9398202896,80.2357406616,65280,65290,10
12.9405002594,80.2359771729,65290,65300,10
12.9413499832,80.2362136841,65300,65310,10
12.9423398972,80.2364730835,65310,65321,11
12.9433698654,80.2370910645,65321,65331,10
12.9440803528,80.2378768921,65331,65341,10
12.9448795319,80.2387619019,65341,65351,10
12.9456396103,80.2393875122,65351,65361,10
12.9463996887,80.2396774292,65361,65371,10
12.9470396042,80.2399291992,65371,65381,10
12.9471502304,80.239982605,65381,65391,10
12.9471797943,80.239982605,65391,65401,10
12.9475097656,80.2401199341,65401,65412,11
12.9480600357,80.2403564453,65412,65422,10
12.9483499527,80.2404785156,65422,65432,10
12.9487600327,80.2406234741,65432,65442,10
12.9493398666,80.2408599854,65442,65452,10
12.9498901367,80.2410430908,65452,65462,10
12.9505500793,80.2412261963,65462,65472,10
12.9512395859,80.2414398193,65472,65482,10
12.9513301849,80.2414627075,65482,65492,10
12.9514904022,80.2415390015,65492,65503,11
12.9520101547,80.2417221069,65503,65513,10
12.9526395798,80.2419662476,65513,65523,10
12.9534397125,80.2422790527,65523,65533,10
12.9543600082,80.2426605225,65533,65543,10
12.9551496506,80.2429733276,65543,65553,10
12.9559497833,80.2432174683,65553,65563,10
12.9565200806,80.2434616089,65563,65573,10
12.9570999146,80.2437210083,65573,65583,10
12.9578304291,80.2440414429,65583,65594,11
12.9586896896,80.2443771362,65594,65604,10
12.9588804245,80.244468689,65604,65614,10
12.9589500427,80.2444992065,65614,65624,10
12.959280014,80.2446594238,65624,65634,10
12.9598703384,80.2449417114,65634,65644,10
12.9606199265,80.2452774048,65644,65654,10
12.961520195,80.2456970215,65654,65664,10
12.962439537,80.2461624146,65664,65674,10
12.9631004333,80.2464981079,65674,65685,11
12.963760376,80.2468338013,65685,65695,10
12.9642601013,80.2470169067,65695,65705,10
12.9648799896,80.2472381592,65705,65715,10
12.9656400681,80.247467041,65715,65725,10
12.9666404724,80.2478713989,65725,65745,20
12.9666404724,80.2478713989,65745,65755,10
12.9667396545,80.2479476929,65755,65765,10
12.9670200348,80.2481231689,65765,65776,11
12.9676704407,80.2483901978,65776,65786,10
12.9684801102,80.2487182617,65786,65796,10
12.9694299698,80.2490692139,65796,65806,10
12.9704303741,80.2494812012,65806,65816,10
12.9714097977,80.2497787476,65816,65826,10
12.9724597931,80.2500686646,65826,65836,10
12.9735002518,80.2503509521,65836,65846,10
12.9745101929,80.2506103516,65846,65856,10
12.9754495621,80.250869751,65856,65867,11
12.9766397476,80.2511978149,65867,65917,50
12.9766397476,80.2511978149,65917,65927,10
12.9767103195,80.2511901855,65927,65937,10
12.9770803452,80.2513122559,65937,65947,10
12.9776096344,80.2516174316,65947,65958,11
12.9785804749,80.2523727417,65958,65978,20
12.9785804749,80.2523727417,65978,65988,10
12.9786901474,80.2524337769,65988,65998,10
12.9791002274,80.2525863647,65998,66008,10
12.9795598984,80.2526626587,66008,66018,10
12.9797096252,80.2526779175,66018,66028,10
12.9801197052,80.2527236938,66028,66038,10
12.9808301926,80.2526931763,66038,66049,11
12.9817800522,80.2526779175,66049,66059,10
12.9827203751,80.2526397705,66059,66069,10
12.9834003448,80.252532959,66069,66311,242
12.9834003448,80.252532959,66311,66322,11
12.9835996628,80.2524185181,66322,66332,10
12.9839801788,80.2523422241,66332,66342,10
12.9845399857,80.2521972656,66342,66352,10
12.985039711,80.2520523071,66352,66362,10
12.9853801727,80.2519607544,66362,66372,10
12.9855804443,80.2518997192,66372,66382,10
12.98595047,80.2518005371,66382,66392,10
12.9864196777,80.2516937256,66392,66402,10
12.9870595932,80.2515411377,66402,66413,11
12.9878702164,80.2513427734,66413,66423,10
12.988699913,80.2511367798,66423,66433,10
12.9894800186,80.2509231567,66433,66453,20
12.9894800186,80.2509231567,66453,66463,10
12.989569664,80.2509384155,66463,66473,10
12.989979744,80.2508621216,66473,66483,10
12.9905996323,80.2507019043,66483,66493,10
12.9913597107,80.25050354,66493,66504,11
12.9923496246,80.2502670288,66504,66514,10
12.9933996201,80.25,66514,66524,10
12.9945898056,80.2497024536,66524,66534,10
12.9957799911,80.2493896484,66534,66544,10
12.9966802597,80.2491226196,66544,66554,10
12.9968204498,80.2490997314,66554,66564,10
12.9968700409,80.249130249,66564,66574,10
12.997209549,80.2490386963,66574,66584,10
12.9977903366,80.2488937378,66584,66595,11
12.9986095428,80.2486724854,66595,66605,10
12.9994697571,80.2484512329,66605,66615,10
13.0003995895,80.2482376099,66615,66625,10
13.0013303757,80.2480010986,66625,66635,10
13.0018100739,80.2478790283,66635,66645,10
13.0020103455,80.247833252,66645,66655,10
13.0021696091,80.2477874756,66655,66665,10
13.0024404526,80.2477264404,66665,66675,10
13.002579689,80.2476882935,66675,66696,21
13.0027599335,80.2476501465,66696,66716,20
13.0027599335,80.2476501465,66716,66726,10
13.0030202866,80.2476119995,66726,66787,61
13.0033998489,80.247543335,66787,66817,30
13.0033998489,80.247543335,66817,66827,10
13.0036296844,80.2474975586,66827,66868,41
13.0036296844,80.2474975586,66868,66878,10
13.0039596558,80.2474517822,66878,66959,81
13.0039596558,80.2474517822,66959,66969,10
13.0043697357,80.2473907471,66969,66999,30
13.0043697357,80.2473907471,66999,67009,10
13.0047197342,80.2473678589,67009,67100,91
13.0050802231,80.2472915649,67100,67191,91
13.0054397583,80.2471923828,67191,67262,71
13.0058298111,80.2471618652,67262,67302,40
13.0061197281,80.2469024658,67302,67373,71
13.0061197281,80.2469024658,67373,67383,10
13.0064401627,80.2465362549,67383,67393,10
13.006480217,80.2464675903,67393,67404,11
13.0065202713,80.2462234497,67404,67414,10
13.0065202713,80.2462005615,67414,67424,10
13.006529808,80.2459182739,67424,67444,20
13.006529808,80.2459182739,67444,67454,10
13.0065603256,80.2456283569,67454,67464,10
13.0065603256,80.2454605103,67464,67474,10
13.0065803528,80.2452392578,67474,67484,10
13.0065803528,80.2447128296,67484,67515,31
13.0065803528,80.2447128296,67515,67525,10
13.0066604614,80.2443008423,67525,67535,10
13.0066099167,80.2439575195,67535,67545,10
13.0066003799,80.2435073853,67545,67555,10
13.0065698624,80.2431030273,67555,67565,10
13.0066204071,80.2426376343,67565,67575,10
13.0066099167,80.2420806885,67575,67585,10
13.0066299438,80.2415008545,67585,67596,11
13.0066795349,80.2408676147,67596,67606,10
13.0067596436,80.2403488159,67606,67616,10
13.0068702698,80.2398223877,67616,67626,10
13.0069704056,80.2393188477,67626,67636,10
13.0069904327,80.2392120361,67636,67646,10
13.0070199966,80.2390670776,67646,67656,10
13.0070400238,80.2388381958,67656,67666,10
13.007109642,80.2384872437,67666,67677,11
13.0071601868,80.2382125854,67677,67687,10
13.0072202682,80.2378463745,67687,67697,10
13.0073404312,80.2370834351,67697,67717,20
13.0073404312,80.2370834351,67717,67727,10
13.0073604584,80.2369308472,67727,67737,10
13.0074501038,80.2367095947,67737,67747,10
13.007519722,80.236366272,67747,67757,10
13.0076303482,80.2357788086,67757,67768,11
13.0077800751,80.2350006104,67768,67778,10
13.0079298019,80.2341384888,67778,67788,10
13.0081300735,80.2330474854,67788,67798,10
13.0083703995,80.2318191528,67798,67808,10
13.0086402893,80.2306365967,67808,67818,10
13.0088996887,80.2293777466,67818,67828,10
13.0090398788,80.2286224365,67828,67838,10
13.0091104507,80.2283401489,67838,67848,10
13.0092897415,80.2278289795,67848,67858,10
13.0095996857,80.2271575928,67858,67869,11
13.0097999573,80.2267379761,67869,67879,10
13.0098199844,80.2267227173,67879,67889,10
13.0099496841,80.2264633179,67889,67899,10
13.0101203918,80.2260665894,67899,67909,10
13.0102996826,80.2256469727,67909,67919,10
13.0105304718,80.225151062,67919,67970,51
13.0105304718,80.225151062,67970,67980,10
13.0107603073,80.2246780396,67980,67990,10
13.0109300613,80.2241821289,67990,68000,10
13.0112104416,80.2235412598,68000,68010,10
13.0114803314,80.2229614258,68010,68020,10
13.0116596222,80.2223815918,68020,68030,10
13.0117301941,80.2220916748,68030,68040,10
13.0119600296,80.2218475342,68040,68051,11
13.0122203827,80.2216110229,68051,68061,10
13.0124197006,80.2218017578,68061,68071,10
13.012720108,80.2221908569,68071,68081,10
13.0131196976,80.222618103,68081,68091,10
13.0136203766,80.2231292725,68091,68101,10
13.013999939,80.2235870361,68101,68111,10
13.0142498016,80.2238998413,68111,68121,10
13.0146903992,80.2243270874,68121,68131,10
13.0150995255,80.2247390747,68131,68142,11
13.015130043,80.2247619629,68142,68152,10
13.0152797699,80.2248764038,68152,68162,10
13.0157299042,80.225227356,68162,68182,20
13.0157299042,80.225227356,68182,68192,10
13.0158004761,80.2253036499,68192,68202,10
13.0161600113,80.2253875732,68202,68212,10
13.0167598724,80.2252807617,68212,68223,11
13.0174198151,80.2250213623,68223,68233,10
13.0180997849,80.2247390747,68233,68243,10
13.018699646,80.2244796753,68243,68253,10
13.0193796158,80.2243804932,68253,68283,30
13.0193796158,80.2243804932,68283,68293,10
13.0195102692,80.2243728638,68293,68303,10
13.0195798874,80.2244415283,68303,68314,11
13.0198497772,80.224647522,68314,68324,10
13.0202598572,80.2249984741,68324,68334,10
13.0207595825,80.2253265381,68334,68344,10
13.0212097168,80.2257232666,68344,68354,10
13.0216598511,80.2260665894,68354,68364,10
13.0222196579,80.2265396118,68364,68374,10
13.0228395462,80.2270736694,68374,68384,10
13.0234603882,80.2276077271,68384,68394,10
13.0239696503,80.2280807495,68394,68405,11
13.0242795944,80.2283935547,68405,68415,10
13.0242900848,80.2284088135,68415,68425,10
13.0243196487,80.2286682129,68425,68435,10
13.0240802765,80.2284622192,68435,68445,10
13.0238103867,80.2281112671,68445,68455,10
13.0235204697,80.2278213501,68455,68657,202
13.0235204697,80.2278213501,68657,68667,10
13.0232496262,80.2275619507,68667,68678,11
13.0228700638,80.2272186279,68678,68688,10
13.0225296021,80.2268218994,68688,68698,10
13.02202034,80.2263793945,68698,68708,10
13.0214004517,80.2259216309,68708,68718,10
13.0211400986,80.2257232666,68718,68728,10
13.0209903717,80.2255935669,68728,68738,10
13.0206804276,80.2253723145,68738,68748,10
13.0202198029,80.2250671387,68748,68758,10
13.019610405,80.2246932983,68758,68769,11
13.0186595917,80.2246017456,68769,68779,10
13.0177898407,80.2249526978,68779,68789,10
13.0170297623,80.2252578735,68789,68799,10
13.0166702271,80.2254180908,68799,68809,10
13.016500473,80.225479126,68809,68819,10
13.0163402557,80.2255401611,68819,68829,10
13.0161104202,80.2256393433,68829,68839,10
13.0156803131,80.2257614136,68839,68849,10
13.0151700974,80.225982666,68849,68860,11
13.0147199631,80.2261428833,68860,68870,10
13.0143203735,80.2262802124,68870,68890,20
13.0143203735,80.2262802124,68890,68900,10
13.0142202377,80.2263031006,68900,68910,10
13.013879776,80.2264404297,68910,68920,10
13.0133399963,80.2266616821,68920,68930,10
13.0126495361,80.2269363403,68930,68940,10
13.0118398666,80.2272567749,68940,68951,11
13.0108098984,80.2276611328,68951,68961,10
13.0099096298,80.2280197144,68961,68971,10
13.0091295242,80.2285919189,68971,68981,10
13.0089502335,80.2296600342,68981,68991,10
13.0087795258,80.2306518555,68991,69001,10
13.0087099075,80.2311172485,69001,69011,10
13.0086402893,80.2315292358,69011,69021,10
13.0085496902,80.2319412231,69021,69031,10
13.008480072,80.2322921753,69031,69042,11
13.0083999634,80.2327194214,69042,69052,10
13.0083198547,80.2332229614,69052,69062,10
13.0082597733,80.2336730957,69062,69072,10
13.0082397461,80.2337112427,69072,69082,10
13.0081100464,80.2340621948,69082,69092,10
13.0080299377,80.2344818115,69092,69102,10
13.0080003738,80.2345581055,69102,69112,10
13.0079698563,80.2347183228,69112,69122,10
13.0078697205,80.2352218628,69122,69133,11
13.0077295303,80.2359237671,69133,69143,10
13.0076799393,80.2361373901,69143,69153,10
13.0076398849,80.2363433838,69153,69163,10
13.0075798035,80.236656189,69163,69173,10
13.0075302124,80.2368774414,69173,69183,10
13.0074996948,80.2370910645,69183,69193,10
13.0074396133,80.2373504639,69193,69203,10
13.007349968,80.2378005981,69203,69213,10
13.0072803497,80.2382507324,69213,69224,11
13.0071601868,80.2389831543,69224,69234,10
13.0069704056,80.2399368286,69234,69304,70
13.0069704056,80.2399368286,69304,69315,11
13.0068902969,80.2403106689,69315,69325,10
13.006819725,80.2406692505,69325,69335,10
13.006819725,80.2406997681,69335,69345,10
13.0067901611,80.2410736084,69345,69355,10
13.0067501068,80.2416763306,69355,69365,10
13.0067195892,80.2424316406,69365,69375,10
13.0067100525,80.243270874,69375,69385,10
13.0067396164,80.2440032959,69385,69395,10
13.0067195892,80.2450637817,69395,69426,31
13.0067195892,80.2450637817,69426,69436,10
13.0066995621,80.2455215454,69436,69446,10
13.0067195892,80.2459106445,69446,69456,10
13.0067396164,80.2464599609,69456,69466,10
13.0067501068,80.2468795776,69466,69476,10
13.006770134,80.2472763062,69476,69486,10
13.0066900253,80.2474365234,69486,69497,11
13.0062799454,80.247467041,69497,69507,10
13.0060195923,80.2474899292,69507,69517,10
13.0058603287,80.2474365234,69517,69527,10
13.0054798126,80.2474517822,69527,69537,10
13.0047702789,80.2474594116,69537,69547,10
13.0039100647,80.247543335,69547,69557,10
13.0029096603,80.2476882935,69557,69567,10
13.0023803711,80.247833252,69567,69577,10
13.0020198822,80.2478790283,69577,69588,11
13.0013799667,80.2480621338,69588,69598,10
13.0006999969,80.2482299805,69598,69608,10
12.9998703003,80.2484436035,69608,69618,10
12.9989004135,80.2486801147,69618,69628,10
12.9979000092,80.2489395142,69628,69638,10
12.9970397949,80.2491378784,69638,69648,10
12.9968395233,80.2491836548,69648,69658,10
12.996430397,80.2492980957,69658,69668,10
12.9958000183,80.2494506836,69668,69679,11
12.9949598312,80.2496795654,69679,69689,10
12.9940004349,80.2499389648,69689,69699,10
12.9929304123,80.2501983643,69699,69709,10
12.9918603897,80.2504501343,69709,69719,10
12.9910898209,80.2506713867,69719,69729,10
12.9909801483,80.2507019043,69729,69739,10
12.9908504486,80.2507171631,69739,69820,81
12.9908504486,80.2507171631,69820,69830,10
12.9905796051,80.2508087158,69830,69840,10
12.9901504517,80.2509231567,69840,69850,10
12.9895801544,80.251083374,69850,69861,11
12.9889802933,80.2512283325,69861,69871,10
12.9886198044,80.2512969971,69871,69881,10
12.988120079,80.2514419556,69881,69891,10
12.9877004623,80.2515411377,69891,69901,10
12.9874296188,80.2516021729,69901,69911,10
12.987039566,80.2517166138,69911,69921,10
12.9865198135,80.2518386841,69921,69931,10
12.9859695435,80.2519607544,69931,69941,10
12.9852199554,80.2521514893,69941,69952,11
12.9842195511,80.2524414063,69952,69962,10
12.9833803177,80.2526397705,69962,69972,10
12.9824895859,80.2527236938,69972,69982,10
12.9815301895,80.2527389526,69982,69992,10
12.9808101654,80.2527618408,69992,70002,10
12.9805402756,80.2527923584,70002,70012,10
12.9802999496,80.2528076172,70012,70032,20
12.9802999496,80.2528076172,70032,70043,11
12.9801101685,80.2527770996,70043,70053,10
12.9798898697,80.2527770996,70053,70063,10
12.9794998169,80.2527389526,70063,70073,10
12.9789800644,80.2526779175,70073,70083,10
12.9784698486,80.252571106,70083,70103,20
12.9784698486,80.252571106,70103,70113,10
12.9781799316,80.2523803711,70113,70123,10
12.9776802063,80.2519302368,70123,70134,11
12.976849556,80.2514190674,70134,70144,10
12.9758996964,80.2511520386,70144,70154,10
12.9748601913,80.2508392334,70154,70165,11
12.9737796783,80.250541687,70165,70176,11
12.972869873,80.2502975464,70176,70186,10
12.9719400406,80.2500534058,70186,70196,10
12.9710197449,80.2498092651,70196,70206,10
12.9702301025,80.2495498657,70206,70215,9
12.9693899155,80.2491989136,70215,70227,12
12.9682102203,80.2487716675,70227,70237,10
12.9673204422,80.2483978271,70237,70247,10
12.9670000076,80.2482376099,70247,70257,10
12.9666595459,80.248046875,70257,70267,10
12.966170311,80.247833252,70267,70277,10
12.9651002884,80.2474594116,70277,70297,20
12.9651002884,80.2474594116,70297,70307,10
12.9648399353,80.2473678589,70307,70318,11
12.9642896652,80.2471618652,70318,70328,10
12.9639501572,80.2470321655,70328,70338,10
12.9636802673,80.2469329834,70338,70348,10
12.9633703232,80.2467803955,70348,70358,10
12.9628601074,80.2464981079,70358,70368,10
12.9621295929,80.246131897,70368,70378,10
12.9612398148,80.2456817627,70378,70388,10
12.9602603912,80.2452392578,70388,70398,10
12.9594898224,80.2449417114,70398,70409,11
12.9593400955,80.2448577881,70409,70419,10
12.9591503143,80.2447509766,70419,70429,10
12.9587898254,80.2445831299,70429,70439,10
12.9581899643,80.2443389893,70439,70449,10
12.9576997757,80.2441711426,70449,70459,10
12.9571800232,80.2440032959,70459,70469,10
12.9567403793,80.2438735962,70469,70530,61
12.9567403793,80.2438735962,70530,70540,10
12.9563503265,80.2437591553,70540,70570,30
12.9563503265,80.2437591553,70570,70580,10
12.956199646,80.2437286377,70580,70591,11
12.9559202194,80.2435684204,70591,70601,10
12.9554100037,80.243270874,70601,70611,10
12.9547796249,80.2429504395,70611,70621,10
12.9541196823,80.2426681519,70621,70631,10
12.9535799026,80.2424468994,70631,70641,10
12.9531898499,80.2422866821,70641,70651,10
12.9524202347,80.2419967651,70651,70661,10
12.9517202377,80.2417602539,70661,70671,10
12.9516096115,80.2417221069,70671,70682,11
12.9514198303,80.2416381836,70682,70692,10
12.9510002136,80.2414932251,70692,70702,10
12.9506902695,80.2413787842,70702,70712,10
12.9506196976,80.2413635254,70712,70722,10
12.9505996704,80.2413711548,70722,70732,10
12.9505195618,80.2413787842,70732,70742,10
12.9503898621,80.2413482666,70742,70752,10
12.9500303268,80.2412261963,70752,70762,10
12.9494800568,80.2410583496,70762,70773,11
12.9489803314,80.2408828735,70773,70783,10
12.948390007,80.2406082153,70783,70793,10
12.9476499557,80.2402801514,70793,70803,10
12.9472398758,80.2400970459,70803,70813,10
12.9468803406,80.2399902344,70813,70823,10
12.9467802048,80.2399520874,70823,70833,10
12.9464998245,80.2398529053,70833,70843,10
12.9459896088,80.2396316528,70843,70853,10
12.9453601837,80.2393417358,70853,70864,11
12.9446697235,80.2386779785,70864,70874,10
12.9440002441,80.2380065918,70874,70884,10
12.943400383,80.2373504639,70884,70894,10
12.942700386,80.2367630005,70894,70904,10
12.9416599274,80.236366272,70904,70914,10
12.9405403137,80.2360916138,70914,70924,10
12.9397096634,80.2358627319,70924,70934,10
12.9395904541,80.2358169556,70934,70944,10
12.9392995834,80.2356719971,70944,70955,11
12.9386901855,80.2353515625,70955,70965,10
12.9379796982,80.2350006104,70965,70975,10
12.9371299744,80.2345809937,70975,70985,10
12.9362297058,80.2341384888,70985,70995,10
12.9354095459,80.2337493896,70995,71005,10
12.9344797134,80.2333297729,71005,71015,10
12.933839798,80.2330474854,71015,71025,10
12.9337902069,80.2330322266,71025,71035,10
12.9336099625,80.2329177856,71035,71046,11
12.9330797195,80.2326812744,71046,71056,10
12.9323501587,80.2323989868,71056,71066,10
12.931429863,80.2321014404,71066,71076,10
12.9303302765,80.2317733765,71076,71086,10
12.9291801453,80.2314987183,71086,71096,10
12.9283304214,80.231338501,71096,71106,10
12.9273004532,80.2312011719,71106,71116,10
12.9264802933,80.2311172485,71116,71126,10
12.9261198044,80.2310791016,71126,71137,11
12.9260396957,80.2310714722,71137,71147,10
12.925620079,80.2310333252,71147,71157,10
12.9250297546,80.2309265137,71157,71167,10
12.9243001938,80.2308578491,71167,71177,10
12.9234304428,80.230758667,71177,71187,10
12.922369957,80.2305908203,71187,71197,10
12.9211502075,80.2304000854,71197,71207,10
12.9199800491,80.2302474976,71207,71217,10
12.9188203812,80.2301101685,71217,71228,11
12.9176301956,80.2299575806,71228,71238,10
12.9167299271,80.2298202515,71238,71248,10
12.9156999588,80.2296676636,71248,71258,10
12.9145698547,80.2294998169,71258,71268,10
12.9136800766,80.2294006348,71268,71278,10
12.9134998322,80.2293930054,71278,71288,10
12.9133300781,80.2293624878,71288,71298,10
12.9128103256,80.2292785645,71298,71308,10
12.9120702744,80.2291564941,71308,71319,11
12.9110298157,80.2290115356,71319,71329,10
12.9099502563,80.228843689,71329,71339,10
12.9087896347,80.2286529541,71339,71349,10
12.9076700211,80.2284927368,71349,71359,10
12.9070997238,80.2284088135,71359,71450,91
12.9070997238,80.2284088135,71450,71460,10
12.9068698883,80.2283401489,71460,71470,10
12.9063396454,80.228302002,71470,71480,10
12.905579567,80.2282562256,71480,71490,10
12.9046802521,80.2282180786,71490,71501,11
12.9036798477,80.2281723022,71501,71511,10
12.9027500153,80.2281188965,71511,71521,10
12.9018497467,80.2280731201,71521,71531,10
12.901309967,80.2280502319,71531,71602,71
12.901309967,80.2280502319,71602,71612,10
12.9012403488,80.2280502319,71612,71622,10
12.9009799957,80.2280502319,71622,71632,10
12.9005203247,80.228012085,71632,71642,10
12.8998403549,80.2279663086,71642,71652,10
12.899430275,80.2279663086,71652,71662,10
12.8992900848,80.2279586792,71662,71672,10
12.8988103867,80.2279205322,71672,71683,11
12.8980197906,80.2278823853,71683,71693,10
12.8971204758,80.2278366089,71693,71703,10
12.8960695267,80.2277984619,71703,71713,10
12.8949203491,80.2277374268,71713,71723,10
12.8937702179,80.2276687622,71723,71733,10
12.8929004669,80.2275619507,71733,71743,10
12.8925304413,80.2275238037,71743,71753,10
12.8920402527,80.2274780273,71753,71763,10
12.8913097382,80.2274627686,71763,71774,11
12.890250206,80.2274703979,71774,71784,10
12.8891296387,80.2274627686,71784,71794,10
12.8880395889,80.2274017334,71794,71804,10
12.8869800568,80.2272567749,71804,71814,10
12.8859596252,80.2270126343,71814,71824,10
12.8851604462,80.2268371582,71824,71834,10
12.8847398758,80.2268218994,71834,71844,10
12.8846597672,80.2268066406,71844,71854,10
12.8842401505,80.2267837524,71854,71865,11
12.8834495544,80.2267837524,71865,71875,10
12.8824996948,80.2267913818,71875,71885,10
12.881360054,80.2267990112,71885,71895,10
12.8800601959,80.2268066406,71895,71905,10
12.8787403107,80.226852417,71905,71915,10
12.8775196075,80.2269515991,71915,71925,10
12.8767299652,80.2270202637,71925,71935,10
12.8763999939,80.2270507813,71935,71945,10
12.8763599396,80.2270584106,71945,71956,11
12.8759298325,80.2270584106,71956,71966,10
12.8752202988,80.2270126343,71966,71976,10
12.8743000031,80.2268981934,71976,71986,10
12.873290062,80.2267990112,71986,71996,10
12.8726396561,80.2267990112,71996,72006,10
12.8721904755,80.2267913818,72006,72016,10
12.8714599609,80.2267608643,72016,72026,10
12.8704996109,80.2267074585,72026,72036,10
12.8693599701,80.2265777588,72036,72047,11
12.8678703308,80.2264862061,72047,72057,10
12.8664798737,80.2266235352,72057,72067,10
12.8650999069,80.2266616821,72067,72077,10
12.8638000488,80.2266082764,72077,72087,10
12.8624696732,80.2266082764,72087,72097,10
12.8612604141,80.2266769409,72097,72107,10
12.8605804443,80.2266616821,72107,72117,10
12.860449791,80.2266387939,72117,72127,10
12.8599100113,80.2265625,72127,72138,11
12.8590097427,80.2264099121,72138,72148,10
12.858039856,80.2263031006,72148,72160,12
12.8569002151,80.2263565063,72160,72170,10
12.8554897308,80.2265090942,72170,72180,10
12.8541898727,80.2266464233,72180,72190,10
12.8528299332,80.2267608643,72190,72200,10
12.8514604568,80.2267227173,72200,72209,9
12.8501796722,80.2266769409,72209,72220,11
12.84897995,80.2266616821,72220,72231,11
12.8472900391,80.2266693115,72231,72241,10
12.8462495804,80.2266769409,72241,72251,10
12.8457698822,80.2266921997,72251,72261,10
12.8454399109,80.2266998291,72261,72271,10
12.8453903198,80.2266998291,72271,72281,10
12.8449697495,80.2266998291,72281,72291,10
12.8443002701,80.2267608643,72291,72301,10
12.8434696198,80.2268295288,72301,72311,10
12.8424396515,80.2270278931,72311,72322,11
12.8411798477,80.2273330688,72322,72332,10
12.8402900696,80.2275924683,72332,72342,10
12.8397502899,80.2277832031,72342,72352,10
12.839630127,80.2277984619,72352,72362,10
12.8393697739,80.2278823853,72362,72372,10
12.838760376,80.2280197144,72372,72382,10
12.8379402161,80.2282180786,72382,72392,10
12.8368701935,80.2284088135,72392,72402,10
12.8356399536,80.2285919189,72402,72413,11
12.8343200684,80.2287902832,72413,72423,10
12.832570076,80.2291412354,72423,72443,20
12.832570076,80.2291412354,72443,72453,10
12.8323097229,80.2291488647,72453,72463,10
12.8322200775,80.2291564941,72463,72473,10
12.8318099976,80.2292480469,72473,72483,10
12.8313102722,80.2293777466,72483,72493,10
12.8310499191,80.2294616699,72493,72504,11
12.8306303024,80.229637146,72504,72514,10
12.8299703598,80.2298965454,72514,72524,10
12.8291101456,80.2302627563,72524,72534,10
12.8281497955,80.2307281494,72534,72544,10
12.8271999359,80.2312469482,72544,72554,10
12.8261804581,80.2314300537,72554,72564,10
12.8249998093,80.2314987183,72564,72574,10
12.8238201141,80.2312393188,72574,72584,10
12.822640419,80.2308807373,72584,72595,11
12.8214302063,80.2305603027,72595,72605,10
12.8203601837,80.2305374146,72605,72615,10
12.8192596436,80.2305679321,72615,72625,10
12.8188199997,80.2305603027,72625,72635,10
12.8186197281,80.2304534912,72635,72645,10
12.8180303574,80.2301635742,72645,72655,10
12.8171901703,80.2297821045,72655,72665,10
12.8161497116,80.2295227051,72665,72675,10
12.8149299622,80.229347229,72675,72686,11
12.8134698868,80.2290267944,72686,72696,10
12.8121404648,80.2285614014,72696,72706,10
12.8107995987,80.2280731201,72706,72716,10
12.8096103668,80.2275619507,72716,72726,10
12.8086500168,80.2269363403,72726,72736,10
12.8077297211,80.2261428833,72736,72746,10
12.8068599701,80.2253875732,72746,72756,10
12.806139946,80.2247314453,72756,72766,10
12.8054895401,80.2242126465,72766,72777,11
12.8054704666,80.2241973877,72777,72787,10
12.8052396774,80.2241210938,72787,72797,10
12.8048696518,80.2240219116,72797,72807,10
12.8042201996,80.2239608765,72807,72817,10
12.8034000397,80.2238998413,72817,72827,10
12.8025102615,80.2237930298,72827,72837,10
12.8015403748,80.2236862183,72837,72847,10
12.8006296158,80.2236022949,72847,72857,10
12.7999000549,80.2235412598,72857,72868,11
12.7989902496,80.2234802246,72868,72878,10
12.7980098724,80.2233810425,72878,72888,10
12.7969903946,80.2232131958,72888,72898,10
12.7960796356,80.2230224609,72898,72908,10
12.7954397202,80.2229309082,72908,72918,10
12.7952899933,80.2229003906,72918,72928,10
12.7947597504,80.2228012085,72928,72938,10
12.7939596176,80.2226791382,72938,72948,10
12.7929601669,80.2225189209,72948,72959,11
12.7917299271,80.2222824097,72959,72969,10
12.790599823,80.2220077515,72969,72979,10
12.7896699905,80.2217712402,72979,72989,10
12.7890100479,80.221496582,72989,72999,10
12.7883300781,80.2212371826,72999,73009,10
12.7876796722,80.220993042,73009,73019,10
12.7871398926,80.2207870483,73019,73029,10
12.7867202759,80.2206192017,73029,73060,31
12.7867202759,80.2206192017,73060,73070,10
12.7865600586,80.2205581665,73070,73080,10
12.7861204147,80.2204971313,73080,73130,50
12.7861204147,80.2204971313,73130,73141,11
12.7861499786,80.2211227417,73141,73181,40
12.7861499786,80.2211227417,73181,73191,10
12.7862100601,80.2212905884,73191,73201,10
12.7861995697,80.2216033936,73201,73211,10
12.7861700058,80.2219390869,73211,73221,10
12.786239624,80.2222137451,73221,73414,193
12.786239624,80.2222137451,73414,73424,10
12.7862300873,80.2220001221,73424,73434,10
12.7861795425,80.2216491699,73434,73444,10
12.7861404419,80.2214584351,73444,73454,10
12.7861404419,80.2211608887,73454,73464,10
12.7861204147,80.2209014893,73464,73474,10
12.7861099243,80.2205963135,73474,73535,61
12.7861099243,80.2205963135,73535,73545,10
12.7864599228,80.220451355,73545,73555,10
12.7868499756,80.2206192017,73555,73565,10
12.7874403,80.2208480835,73565,73575,10
12.7880802155,80.2210922241,73575,73586,11
12.7889299393,80.2214279175,73586,73596,10
12.7895298004,80.2216491699,73596,73606,10
12.790189743,80.2218399048,73606,73616,10
12.7910900116,80.2220687866,73616,73626,10
12.7920598984,80.2223205566,73626,73636,10
12.7931404114,80.2225112915,73636,73646,10
12.7941904068,80.22265625,73646,73656,10
12.79529953,80.2228622437,73656,73666,10
12.7963600159,80.2230529785,73666,73677,11
12.7975997925,80.2232666016,73677,73687,10
12.7988395691,80.2234115601,73687,73697,10
12.8001003265,80.2235336304,73697,73707,10
12.8012800217,80.2236404419,73707,73717,10
12.8023700714,80.2237625122,73717,73727,10
12.8033599854,80.2238922119,73727,73737,10
12.8042602539,80.2239608765,73737,73747,10
12.8050298691,80.2240600586,73747,73757,10
12.8058004379,80.2243881226,73757,73768,11
12.8066902161,80.2251586914,73768,73778,10
12.8075799942,80.2259292603,73778,73788,10
12.8084802628,80.2267074585,73788,73798,10
12.8093795776,80.2273864746,73798,73808,10
12.8103704453,80.2278366089,73808,73818,10
12.8114700317,80.2282867432,73818,73828,10
12.8127298355,80.2287368774,73828,73838,10
12.814040184,80.2291564941,73838,73848,10
12.8153600693,80.2293930054,73848,73859,11
12.8169202805,80.2296524048,73859,73869,10
12.8181800842,80.230178833,73869,73879,10
12.8192796707,80.2305297852,73879,73889,10
12.8205299377,80.230506897,73889,73899,10
12.8218803406,80.2305984497,73899,73909,10
12.8231401443,80.2309570313,73909,73919,10
12.8244400024,80.231300354,73919,73929,10
12.8257303238,80.2314071655,73929,73939,10
12.8270397186,80.231262207,73939,73950,11
12.828209877,80.2306289673,73950,73960,10
12.8293104172,80.2300796509,73960,73970,10
12.8307504654,80.2294998169,73970,74010,40
12.8307504654,80.2294998169,74010,74020,10
12.8310098648,80.2293930054,74020,74030,10
12.8315095901,80.2292175293,74030,74041,11
12.8319396973,80.2291107178,74041,74051,10
12.832570076,80.2289810181,74051,74061,10
12.8333997726,80.2288513184,74061,74071,10
12.8343896866,80.2286834717,74071,74081,10
12.8354301453,80.2285232544,74081,74091,10
12.8364896774,80.2283630371,74091,74101,10
12.8375301361,80.2282028198,74101,74111,10
12.838470459,80.2279968262,74111,74121,10
12.8390798569,80.2278213501,74121,74132,11
12.8392496109,80.2276992798,74132,74142,10
12.8395004272,80.2276000977,74142,74162,20
12.8395004272,80.2276000977,74162,74172,10
12.8398504257,80.2274932861,74172,74182,10
12.8403396606,80.2274398804,74182,74192,10
12.8409996033,80.2272796631,74192,74202,10
12.8417701721,80.2270889282,74202,74212,10
12.8426399231,80.226890564,74212,74223,11
12.8434801102,80.2267608643,74223,74233,10
12.8443498611,80.2266311646,74233,74243,10
12.8451499939,80.2265625,74243,74253,10
12.8452396393,80.2265625,74253,74263,10
12.8453197479,80.2265625,74263,74273,10
12.8455896378,80.2265701294,74273,74283,10
12.8460502625,80.2265625,74283,74293,10
12.8467597961,80.2265625,74293,74303,10
12.8476200104,80.2265701294,74303,74314,11
12.8486404419,80.2265701294,74314,74324,10
12.8496198654,80.2265625,74324,74334,10
12.8499898911,80.2265319824,74334,74344,10
12.8502902985,80.2265319824,74344,74354,10
12.8508996964,80.2265472412,74354,74364,10
12.8516302109,80.2266082764,74364,74374,10
12.852519989,80.2266387939,74374,74384,10
12.8535499573,80.2266235352,74384,74394,10
12.854640007,80.2265396118,74394,74405,11
12.855890274,80.2264099121,74405,74415,10
12.8570203781,80.2262802124,74415,74425,10
12.857919693,80.2262191772,74425,74445,20
12.857919693,80.2262191772,74445,74455,10
12.8581495285,80.2262268066,74455,74465,10
12.8584098816,80.2262268066,74465,74475,10
12.8589801788,80.2262878418,74475,74485,10
12.859629631,80.2263793945,74485,74496,11
12.8605003357,80.2265014648,74496,74506,10
12.8607301712,80.2265167236,74506,74516,10
12.861000061,80.2265396118,74516,74526,10
12.8615703583,80.2265319824,74526,74536,10
12.8623600006,80.2265014648,74536,74546,10
12.8632898331,80.2264785767,74546,74556,10
12.8643798828,80.2265167236,74556,74566,10
12.8655996323,80.2265396118,74566,74576,10
12.8668498993,80.2264709473,74576,74587,11
12.8683004379,80.2263565063,74587,74597,10
12.8696699142,80.2265014648,74597,74607,10
12.8709096909,80.2266235352,74607,74617,10
12.8719701767,80.2266387939,74617,74627,10
12.8727903366,80.2266616821,74627,74637,10
12.8736200333,80.2266998291,74637,74647,10
12.8745498657,80.2268218994,74647,74657,10
12.8754997253,80.2269287109,74657,74667,10
12.8761396408,80.2269363403,74667,74678,11
12.8765201569,80.2269210815,74678,74688,10
12.8767595291,80.2268981934,74688,74698,10
12.8769397736,80.2268829346,74698,74708,10
12.8775100708,80.2268371582,74708,74718,10
12.8782997131,80.2267913818,74718,74728,10
12.879240036,80.2267303467,74728,74738,10
12.8803195953,80.2267227173,74738,74748,10
12.8814296722,80.2267227173,74748,74758,10
12.8825397491,80.2267074585,74758,74769,11
12.8837604523,80.2266998291,74769,74779,10
12.8845596313,80.2266769409,74779,74789,10
12.8849201202,80.2266921997,74789,74799,10
12.885310173,80.2266998291,74799,74809,10
12.8853302002,80.2266998291,74809,74819,10
12.8856401443,80.2267608643,74819,74829,10
12.8862800598,80.2269363403,74829,74839,10
12.8870897293,80.227142334,74839,74849,10
12.8880300522,80.2272720337,74849,74860,11
12.8892803192,80.2273178101,74860,74870,10
12.8905897141,80.2273178101,74870,74880,10
12.8918800354,80.2273406982,74880,74890,10
12.8927698135,80.2274093628,74890,74900,10
12.8936595917,80.2275314331,74900,74910,10
12.8946895599,80.2276229858,74910,74920,10
12.8956804276,80.2276687622,74920,74930,10
12.8967199326,80.2276992798,74930,74940,10
12.8978395462,80.2277603149,74940,74951,11
12.8989601135,80.2278213501,74951,74961,10
12.8999099731,80.2278671265,74961,74991,30
12.8999099731,80.2278671265,74991,75001,10
12.9000902176,80.2278823853,75001,75011,10
12.9004402161,80.2279129028,75011,75021,10
12.9009599686,80.2279510498,75021,75031,10
12.9014596939,80.2279663086,75031,75042,11
12.9021196365,80.228012085,75042,75052,10
12.9026403427,80.2279968262,75052,75062,10
12.9027204514,80.2279968262,75062,75072,10
12.9030399323,80.2280273438,75072,75082,10
12.9036197662,80.2280502319,75082,75092,10
12.9041900635,80.2280807495,75092,75102,10
12.9045000076,80.2280883789,75102,75112,10
12.9049501419,80.2281188965,75112,75193,81
12.9049501419,80.2281188965,75193,75203,10
12.9051599503,80.2281265259,75203,75213,10
12.9054803848,80.2281417847,75213,75224,11
12.9057798386,80.2281570435,75224,75244,20
12.9057798386,80.2281570435,75244,75254,10
12.9060297012,80.2282028198,75254,75325,71
12.9060297012,80.2282028198,75325,75335,10
12.9063196182,80.2282333374,75335,75345,10
12.9067401886,80.2282867432,75345,75355,10
12.9073295593,80.2283706665,75355,75365,10
12.9081201553,80.2285003662,75365,75375,10
12.909070015,80.2286376953,75375,75385,10
12.9101200104,80.2288131714,75385,75395,10
12.9112701416,80.2289810181,75395,75406,11
12.9125099182,80.2291488647,75406,75416,10
12.9135503769,80.2292785645,75416,75426,10
12.9141302109,80.2293395996,75426,75436,10
12.9141302109,80.229347229,75436,75446,10
12.9142398834,80.2293777466,75446,75456,10
12.9146499634,80.2293930054,75456,75466,10
12.9153299332,80.2294921875,75466,75476,10
12.9162397385,80.229637146,75476,75486,10
12.9173297882,80.2297821045,75486,75497,11
12.918680191,80.2299728394,75497,75507,10
12.9196996689,80.2301101685,75507,75517,10
12.9208402634,80.2302780151,75517,75527,10
12.9220104218,80.2304382324,75527,75537,10
12.9232702255,80.2306213379,75537,75547,10
12.9245796204,80.230796814,75547,75557,10
12.9256401062,80.2309265137,75557,75567,10
12.9265699387,80.2309875488,75567,75577,10
12.926659584,80.231010437,75577,75588,11
12.9271697998,80.2310714722,75588,75598,10
12.92786026,80.2311630249,75598,75608,10
12.9286203384,80.231262207,75608,75618,10
12.9293603897,80.2314529419,75618,75628,10
12.930270195,80.2316436768,75628,75638,10
12.9313497543,80.2319717407,75638,75648,10
12.9322299957,80.2322769165,75648,75658,10
12.933380127,80.2326812744,75658,75668,10
12.9336204529,80.2327804565,75668,75679,11
12.9337997437,80.2328796387,75679,75689,10
12.9343099594,80.2331008911,75689,75699,10
12.9350700378,80.2334594727,75699,75709,10
12.9358997345,80.2338409424,75709,75719,10
12.9368400574,80.2343063354,75719,75729,10
12.93791008,80.2348175049,75729,75739,10
12.9396600723,80.2356796265,75739,75759,20
12.9396600723,80.2356796265,75759,75770,11
12.9401397705,80.2358474731,75770,75780,10
12.940870285,80.2360534668,75780,75790,10
12.9417896271,80.2362670898,75790,75800,10
12.9428300858,80.236656189,75800,75810,10
12.9437303543,80.2374267578,75810,75820,10
12.9443998337,80.2381973267,75820,75830,10
12.9455099106,80.2392730713,75830,75840,10
12.9466295242,80.2397689819,75840,75850,10
12.9476499557,80.2401580811,75850,75861,11
12.948559761,80.2405090332,75861,75931,70
12.948559761,80.2405090332,75931,75941,10
12.9487600327,80.2406234741,75941,75952,11
12.9492197037,80.2408218384,75952,75962,10
12.9498796463,80.241027832,75962,75972,10
12.9507398605,80.2412872314,75972,75982,10
12.9516601563,80.2416000366,75982,75992,10
12.9525604248,80.2419433594,75992,76002,10
12.953379631,80.2422637939,76002,76012,10
12.9541797638,80.2425765991,76012,76022,10
12.9549999237,80.2429122925,76022,76032,10
12.9557199478,80.2431793213,76032,76043,11
12.9563798904,80.2433776855,76043,76053,10
12.9566802979,80.2434997559,76053,76063,10
12.957280159,80.2437973022,76063,76073,10
12.9580802917,80.2441711426,76073,76083,10
12.9589595795,80.2445373535,76083,76093,10
12.9594802856,80.2447433472,76093,76103,10
12.9596300125,80.2448272705,76103,76113,10
12.9601202011,80.2450637817,76113,76123,10
12.9608201981,80.2453765869,76123,76134,11
12.961810112,80.2458496094,76134,76144,10
12.9625797272,80.2462463379,76144,76154,10
12.96296978,80.246421814,76154,76164,10
12.9631004333,80.2464981079,76164,76174,10
12.9634895325,80.2466964722,76174,76184,10
12.9641399384,80.2469787598,76184,76194,10
12.9650201797,80.2472991943,76194,76204,10
12.9659700394,80.2476196289,76204,76214,10
12.9665403366,80.2478485107,76214,76225,11
12.9667100906,80.2479400635,76225,76235,10
12.9671497345,80.2481765747,76235,76245,10
12.9679002762,80.2485122681,76245,76255,10
12.968870163,80.2488937378,76255,76265,10
12.9699802399,80.2493515015,76265,76275,10
12.9712095261,80.2497634888,76275,76285,10
12.9724798203,80.2500762939,76285,76295,10
12.9736795425,80.2503967285,76295,76305,10
12.9749002457,80.2507400513,76305,76316,11
12.976269722,80.2511291504,76316,76326,10
12.9774198532,80.2515716553,76326,76336,10
12.9783096313,80.2522735596,76336,76346,10
12.9785604477,80.2523880005,76346,76356,10
12.9786901474,80.252456665,76356,76366,10
12.979180336,80.2525787354,76366,76376,10
12.9796800613,80.2526321411,76376,76407,31
12.9796800613,80.2526321411,76407,76417,10
12.9797296524,80.2526397705,76417,76427,10
12.9801197052,80.2526626587,76427,76437,10
12.9807395935,80.2526473999,76437,76447,10
12.9815597534,80.2526168823,76447,76457,10
12.9826097488,80.2526092529,76457,76467,10
12.9835195541,80.2525024414,76467,76477,10
12.9848499298,80.2521286011,76477,76487,10
12.9857797623,80.2518768311,76487,76498,11
12.9869499207,80.2515792847,76498,76619,121
12.9869499207,80.2515792847,76619,76629,10
12.9872503281,80.2514572144,76629,76639,10
12.9874401093,80.2513809204,76639,76649,10
12.9877700806,80.251373291,76649,76659,10
12.9879598618,80.2518310547,76659,76669,10
12.9879999161,80.2525024414,76669,76680,11
12.9878997803,80.253616333,76680,76690,10
12.9877796173,80.2547988892,76690,76791,101
12.9877796173,80.2547988892,76791,76801,10
12.9878196716,80.254989624,76801,76811,10
12.9877796173,80.2553405762,76811,76821,10
12.9876804352,80.2559204102,76821,76831,10
12.9876298904,80.256439209,76831,76841,10
12.9875202179,80.2568969727,76841,76852,11
12.9874401093,80.25756073,76852,76862,10
12.9874200821,80.2581787109,76862,76872,10
12.9872598648,80.2585830688,76872,76892,20
12.9872598648,80.2585830688,76892,76902,10
12.9868602753,80.2585372925,76902,77802,900
12.9868602753,80.2585372925,77802,77812,10
12.9867200851,80.2586975098,77812,77822,10
12.986700058,80.2589492798,77822,79552,1730
12.9867897034,80.2591018677,79552,81544,1992
12.986749649,80.2589569092,81544,82474,930
12.986749649,80.2589569092,82474,82484,10
12.9865503311,80.2587509155,82484,83779,1295
