12.9974403381,80.1917114258,14,4511,4497
12.9975204468,80.1916275024,4511,5773,1262
12.997420311,80.1915664673,5773,17422,11649
12.9975099564,80.19165802,17422,17936,514
12.9974803925,80.1915664673,17936,18138,202
12.9974899292,80.1916503906,18138,18692,554
12.9974899292,80.1916503906,18692,18703,11
12.9975004196,80.1915588379,18703,18975,272
12.9974298477,80.1916275024,18975,19217,242
12.9974298477,80.1916275024,19217,19227,10
12.9974803925,80.1915664673,19227,19842,615
12.9974603653,80.19165802,19842,23160,3318
12.9974603653,80.19165802,23160,23170,10
12.9973602295,80.1917800903,23170,23180,10
12.9971904755,80.1918334961,23180,23191,11
12.9970998764,80.1917114258,23191,23201,10
12.9969701767,80.1914520264,23201,23211,10
12.9969596863,80.1914367676,23211,23221,10
12.9969100952,80.1913375854,23221,23231,10
12.9966402054,80.1912765503,23231,23261,30
12.9966402054,80.1912765503,23261,23271,10
12.9965000153,80.1913909912,23271,23281,10
12.9964599609,80.19140625,23281,23291,10
12.9963102341,80.1912612915,23291,23513,222
12.9963102341,80.1912612915,23513,23523,10
12.9964599609,80.1913299561,23523,23533,10
12.9966897964,80.1912078857,23533,23544,11
12.9967298508,80.1912002563,23544,23554,10
12.997010231,80.191078186,23554,23564,10
12.9974002838,80.1914520264,23564,23574,10
12.9972801208,80.1918182373,23574,23786,212
12.9972801208,80.1918182373,23786,23796,10
12.9969596863,80.1916503906,23796,23917,121
12.9969596863,80.1916503906,23917,23927,10
12.9969301224,80.1914825439,23927,23937,10
12.9968299866,80.1912994385,23937,23947,10
12.9967603683,80.1912384033,23947,23957,10
12.996629715,80.1912384033,23957,23967,10
12.9964799881,80.1913833618,23967,23977,10
12.9964704514,80.1913909912,23977,23987,10
12.9962902069,80.1911621094,23987,23996,9
12.9962596893,80.19090271,23996,24199,203
12.9962596893,80.19090271,24199,24209,10
12.9961595535,80.1907424927,24209,24219,10
12.9960603714,80.1903381348,24219,24229,10
12.9958896637,80.1893997192,24229,24260,31
12.9958896637,80.1893997192,24260,24270,10
12.9959497452,80.1893386841,24270,24280,10
12.9963197708,80.189491272,24280,24290,10
12.9967699051,80.1900024414,24290,24300,10
12.9973201752,80.1906661987,24300,24310,10
12.9979600906,80.1914672852,24310,24320,10
12.9986696243,80.1923675537,24320,24330,10
12.9994001389,80.1932601929,24330,24340,10
13.0000400543,80.1941299438,24340,24349,9
13.0006904602,80.1949386597,24349,24360,11
13.0014896393,80.1958999634,24360,24371,11
13.0020999908,80.1969070435,24371,24381,10
13.0020399094,80.1980514526,24381,24391,10
13.0018501282,80.1991577148,24391,24401,10
13.0020599365,80.2001495361,24401,24411,10
13.0029296875,80.2006988525,24411,24421,10
13.0035104752,80.2007675171,24421,24431,10
13.0037298203,80.2008132935,24431,24441,10
13.0037498474,80.2008209229,24441,24451,10
13.0040502548,80.200958252,24451,24461,10
13.0043497086,80.2010803223,24461,24471,10
13.0043897629,80.2010879517,24471,24482,11
13.0047502518,80.2012023926,24482,24492,10
13.0052995682,80.2015533447,24492,24502,10
13.0058298111,80.2022171021,24502,24512,10
13.0062398911,80.2029266357,24512,24522,10
13.006819725,80.2034378052,24522,24532,10
13.0075597763,80.2037277222,24532,24542,10
13.0084600449,80.2037506104,24542,24552,10
13.0095396042,80.203666687,24552,24562,10
13.0108699799,80.203666687,24562,24572,10
13.012260437,80.2038421631,24572,24582,10
13.0134096146,80.2041015625,24582,24592,10
13.0144395828,80.2044677734,24592,24603,11
13.0150499344,80.2046737671,24603,24613,10
13.0152196884,80.2047119141,24613,24623,10
13.0157699585,80.2049026489,24623,24633,10
13.0164804459,80.2051391602,24633,24643,10
13.0170698166,80.2052764893,24643,24653,10
13.0178604126,80.205581665,24653,24663,10
13.0186500549,80.205909729,24663,24673,10
13.0193395615,80.2061309814,24673,24683,10
13.0202198029,80.2062606812,24683,24693,10
13.0211896896,80.2062683105,24693,24703,10
13.0222702026,80.2063217163,24703,24713,10
13.023440361,80.2064971924,24713,24724,11
13.0245895386,80.2067337036,24724,24734,10
13.0256500244,80.2070465088,24734,24744,10
13.0266799927,80.2076187134,24744,24754,10
13.0276098251,80.208190918,24754,24764,10
13.0286302567,80.2085876465,24764,24774,10
13.0296001434,80.2088165283,24774,24784,10
13.0303602219,80.2090301514,24784,24794,10
13.0311899185,80.2092590332,24794,24804,10
13.0315198898,80.2093887329,24804,24814,10
13.0317497253,80.2095108032,24814,24824,10
13.0323295593,80.209602356,24824,24835,11
13.0332403183,80.2097625732,24835,24845,10
13.0341997147,80.2099533081,24845,24855,10
13.035030365,80.2102203369,24855,24865,10
13.035030365,80.2108612061,24865,24875,10
13.0350399017,80.2112121582,24875,24885,10
13.0350399017,80.2112731934,24885,24895,10
13.0349798203,80.2114334106,24895,24905,10
13.034910202,80.2118225098,24905,24915,10
13.0350999832,80.2121887207,24915,24925,10
13.0356798172,80.2122268677,24925,24935,10
13.0364398956,80.2122573853,24935,24945,10
13.0372104645,80.2122573853,24945,24956,11
13.0379400253,80.2122573853,24956,24966,10
13.0387296677,80.2122421265,24966,24976,10
13.0396900177,80.2122268677,24976,24986,10
13.0408000946,80.2122573853,24986,24996,10
13.0419998169,80.212272644,24996,25006,10
13.0430202484,80.2122573853,25006,25016,10
13.0440301895,80.2122268677,25016,25107,91
13.0442304611,80.2121963501,25107,25127,20
13.0442304611,80.2121963501,25127,25137,10
13.0442800522,80.2121887207,25137,25147,10
13.0446500778,80.2122116089,25147,25157,10
13.0453195572,80.2121963501,25157,25167,10
13.046210289,80.2121887207,25167,25176,9
13.0471096039,80.2121200562,25176,25188,12
13.0482196808,80.2120132446,25188,25198,10
13.0483503342,80.2119979858,25198,25208,10
13.0486001968,80.2119903564,25208,25218,10
13.0490703583,80.2119827271,25218,25228,10
13.0497398376,80.2118911743,25228,25278,50
13.0497398376,80.2118911743,25278,25288,10
13.0500001907,80.2118835449,25288,25298,10
13.0504398346,80.2119293213,25298,25309,11
13.0511903763,80.2119674683,25309,25319,10
13.0522098541,80.2119216919,25319,25329,10
13.0533399582,80.2116394043,25329,25339,10
13.0544500351,80.2113876343,25339,25349,10
13.0552597046,80.2113723755,25349,25359,10
13.0562896729,80.2114105225,25359,25369,10
13.0573997498,80.2114028931,25369,25379,10
13.0578098297,80.2114105225,25379,25389,10
13.0581998825,80.21144104,25389,25399,10
13.0588903427,80.2114715576,25399,25409,10
13.0597600937,80.211517334,25409,25420,11
13.0609302521,80.2115707397,25420,25430,10
13.0618896484,80.2115936279,25430,25440,10
13.0626401901,80.2115707397,25440,25450,10
13.0631904602,80.2115097046,25450,25460,10
13.063249588,80.2115097046,25460,25470,10
13.0634002686,80.211517334,25470,25480,10
13.06387043,80.2115020752,25480,25490,10
13.0645704269,80.2113189697,25490,25500,10
13.0653400421,80.2108612061,25500,25510,10
13.066160202,80.2102279663,25510,25519,9
13.06690979,80.2095336914,25519,25530,11
13.0673999786,80.2086868286,25530,25541,11
13.0674200058,80.2086486816,25541,25551,10
13.0675401688,80.2084884644,25551,25561,10
13.0678396225,80.2079925537,25561,25571,10
13.0683002472,80.20728302,25571,25581,10
13.0688400269,80.2064819336,25581,25591,10
13.0693397522,80.2057418823,25591,25601,10
13.0695104599,80.2054672241,25601,25611,10
13.0697202682,80.2049865723,25611,25621,10
13.069439888,80.2048187256,25621,25631,10
13.0691099167,80.2051620483,25631,25641,10
13.0688199997,80.2052993774,25641,25651,10
13.0687398911,80.2050476074,25651,25672,21
13.0687398911,80.2050476074,25672,25682,10
13.0688896179,80.2047424316,25682,25692,10
13.0692100525,80.2047119141,25692,25702,10
13.069439888,80.204750061,25702,25712,10
13.0696001053,80.2047805786,25712,25722,10
13.0698204041,80.2048416138,25722,25732,10
13.0701799393,80.2044906616,25732,25742,10
13.0706596375,80.2038803101,25742,25752,10
13.071269989,80.2031936646,25752,25762,10
13.07172966,80.2026596069,25762,25773,11
13.0719499588,80.2024307251,25773,25783,10
13.0722703934,80.2020797729,25783,25793,10
13.0726203918,80.2016677856,25793,25803,10
13.0729703903,80.2012481689,25803,25813,10
13.0734500885,80.2006988525,25813,25823,10
13.0738697052,80.2002029419,25823,25833,10
13.0742301941,80.1997909546,25833,25843,10
13.0744895935,80.1994934082,25843,25853,10
13.074669838,80.1992874146,25853,25863,10
13.0748300552,80.1992034912,25863,25873,10
13.0753202438,80.1990737915,25873,25883,10
13.0761003494,80.1990509033,25883,25894,11
13.0771102905,80.1989898682,25894,25904,10
13.0781402588,80.1988677979,25904,25914,10
13.0791597366,80.1987380981,25914,25924,10
13.080039978,80.1986618042,25924,25934,10
13.0809402466,80.1985702515,25934,25944,10
13.0817804337,80.1985626221,25944,25954,10
13.0825796127,80.1984634399,25954,25964,10
13.082909584,80.1984405518,25964,25974,10
13.0831804276,80.1984710693,25974,25984,10
13.0837497711,80.1984634399,25984,25995,11
13.0842695236,80.1984710693,25995,26005,10
13.0847396851,80.1984710693,26005,26015,10
13.0850000381,80.1984710693,26015,26025,10
13.085269928,80.1984863281,26025,26035,10
13.0855398178,80.1984634399,26035,26045,10
13.0860004425,80.1984405518,26045,26055,10
13.0865802765,80.1984329224,26055,26065,10
13.0869197845,80.1984329224,26065,26075,10
13.0870599747,80.1981735229,26075,26085,10
13.087100029,80.1979064941,26085,26095,10
13.0871601105,80.1975631714,26095,26105,10
13.0872001648,80.1969223022,26105,26115,10
13.0872297287,80.1960906982,26115,26126,11
13.0872497559,80.1952209473,26126,26136,10
13.0872602463,80.1943435669,26136,26146,10
13.0872898102,80.1933517456,26146,26156,10
13.0873298645,80.1926269531,26156,26166,10
13.0873498917,80.192489624,26166,26176,10
13.0873699188,80.1923980713,26176,26186,10
13.0874300003,80.1919174194,26186,26196,10
13.0875196457,80.1911621094,26196,26206,10
13.0876398087,80.1902313232,26206,26216,10
13.0877103806,80.1892471313,26216,26225,9
13.0877199173,80.1889190674,26225,26237,12
13.0877399445,80.1887130737,26237,26247,10
13.0877599716,80.1882171631,26247,26257,10
13.0877895355,80.1878509521,26257,26267,10
13.0878200531,80.1871871948,26267,26276,9
13.0878601074,80.1864700317,26276,26287,11
13.0879096985,80.1854019165,26287,26297,10
13.0880203247,80.1832427979,26297,26307,10
13.0880203247,80.1832427979,26307,26317,10
13.088060379,80.1821212769,26317,26326,9
13.0881004333,80.1811828613,26326,26344,18
13.088139534,80.179397583,26344,26356,12
13.0881500244,80.1784591675,26356,26366,10
13.0881700516,80.1775894165,26366,26376,10
13.0881900787,80.1767883301,26376,26386,10
13.088259697,80.1759262085,26386,26396,10
13.0883197784,80.1750106812,26396,26406,10
13.0883703232,80.1743621826,26406,26416,10
13.0884399414,80.1736068726,26416,26426,10
13.0884799957,80.1727294922,26426,26436,10
13.08852005,80.1718215942,26436,26456,20
13.08852005,80.1718215942,26456,26466,10
13.088549614,80.1715927124,26466,26477,11
13.0886001587,80.1710586548,26477,26487,10
13.0886297226,80.1702575684,26487,26497,10
13.0886802673,80.1696014404,26497,26507,10
13.0889101028,80.1695022583,26507,26517,10
13.0894804001,80.1695480347,26517,26527,10
13.0903100967,80.1696014404,26527,26537,10
13.0912704468,80.1696472168,26537,26547,10
13.09237957,80.1697235107,26547,26557,10
13.0934801102,80.1697769165,26557,26567,10
13.0944299698,80.1698379517,26567,26577,10
13.0947999954,80.1698379517,26577,26587,10
13.0951004028,80.1698684692,26587,26598,11
13.0956401825,80.1698989868,26598,26608,10
13.0963897705,80.1699295044,26608,26618,10
13.0973100662,80.1699905396,26618,26628,10
13.0982999802,80.1700363159,26628,26638,10
13.0991601944,80.1700897217,26638,26648,10
13.0996999741,80.1698989868,26648,26668,20
13.0996999741,80.1698989868,26668,26678,10
13.0997200012,80.1696929932,26678,26739,61
13.0997200012,80.1696929932,26739,26749,10
13.099360466,80.1700668335,26749,27193,444
13.099360466,80.1700668335,27193,27203,10
13.0991096497,80.170249939,27203,27213,10
13.0986204147,80.1701965332,27213,27223,10
13.097869873,80.1701278687,27223,27233,10
13.0969400406,80.1700820923,27233,27243,10
13.0958795547,80.1700210571,27243,27253,10
13.0949897766,80.1699676514,27253,27263,10
13.0945901871,80.1699066162,27263,27273,10
13.0942201614,80.169883728,27273,27283,10
13.0936698914,80.1698303223,27283,27293,10
13.0929203033,80.1697769165,27293,27302,9
13.0920600891,80.1697692871,27302,27314,12
13.0908203125,80.169670105,27314,27324,10
13.0897798538,80.1696166992,27324,27334,10
13.0888795853,80.1695785522,27334,27344,10
13.0886898041,80.1699523926,27344,27354,10
13.088640213,80.1705169678,27354,27364,10
13.0885896683,80.171913147,27364,27384,20
13.0885896683,80.171913147,27384,27394,10
13.088549614,80.1723098755,27394,27404,10
13.08852005,80.172958374,27404,27414,10
13.088470459,80.1738204956,27414,27425,11
13.0884103775,80.1748809814,27425,27435,10
13.0883398056,80.1759490967,27435,27445,10
13.0882701874,80.176940918,27445,27455,10
13.0882501602,80.177772522,27455,27465,10
13.088259697,80.1785202026,27465,27475,10
13.0882701874,80.1785888672,27475,27485,10
13.088259697,80.1787872314,27485,27495,10
13.0882501602,80.1792526245,27495,27505,10
13.0882501602,80.1793518066,27505,27515,10
13.0882301331,80.179649353,27515,27525,10
13.0882196426,80.1802062988,27525,27535,10
13.0881900787,80.1810073853,27535,27546,11
13.0881500244,80.1820297241,27546,27556,10
13.0881004333,80.1829071045,27556,27566,10
13.0880498886,80.1839370728,27566,27576,10
13.0880002975,80.185043335,27576,27585,9
13.0879802704,80.1857528687,27585,27596,11
13.0879297256,80.1867218018,27596,27606,10
13.0879096985,80.18775177,27606,27616,10
13.0879001617,80.1881713867,27616,27626,10
13.0878696442,80.1886978149,27626,27636,10
13.087849617,80.1894683838,27636,27646,10
13.0878095627,80.1898498535,27646,27657,11
13.0878200531,80.1898498535,27657,27667,10
13.0877895355,80.1900634766,27667,27677,10
13.0877103806,80.1905593872,27677,27687,10
13.0875997543,80.1912994385,27687,27697,10
13.0874996185,80.1921234131,27697,27707,10
13.0874500275,80.1925430298,27707,27717,10
13.0874204636,80.1927566528,27717,27727,10
13.0873804092,80.1931381226,27727,27737,10
13.0873804092,80.1937637329,27737,27747,10
13.0873603821,80.1945571899,27747,27757,10
13.0873298645,80.1954879761,27757,27767,10
13.0873003006,80.1965408325,27767,27778,11
13.0872802734,80.1976089478,27778,27788,10
13.0873003006,80.1978530884,27788,27798,10
13.0873003006,80.1980209351,27798,27808,10
13.087439537,80.1984634399,27808,27818,10
13.0879402161,80.1984863281,27818,27828,10
13.0886297226,80.1984634399,27828,27838,10
13.0892400742,80.1984634399,27838,27848,10
13.0899600983,80.1984786987,27848,27858,10
13.0908002853,80.1985473633,27858,27868,10
13.0917196274,80.198638916,27868,27878,10
13.0927400589,80.1986618042,27878,27888,10
13.0930299759,80.19896698,27888,27899,11
13.0929698944,80.1996994019,27899,27909,10
13.0929298401,80.2005081177,27909,27919,10
13.0927400589,80.2006378174,27919,27929,10
13.0923204422,80.2006225586,27929,27939,10
13.0916099548,80.2005767822,27939,27949,10
13.090880394,80.2005386353,27949,27959,10
13.0901098251,80.2004470825,27959,27969,10
13.0892601013,80.2004699707,27969,27979,10
13.0883302689,80.2004470825,27979,27989,10
13.0874595642,80.2004394531,27989,27999,10
13.0867395401,80.2004013062,27999,28010,11
13.0859699249,80.2004013062,28010,28020,10
13.0855998993,80.2003936768,28020,28030,10
13.0854597092,80.200378418,28030,28040,10
13.0853004456,80.2001419067,28040,28050,10
13.0853300095,80.1996078491,28050,28060,10
13.0853395462,80.1989517212,28060,28070,10
13.0851402283,80.1986999512,28070,28080,10
13.0847501755,80.1987228394,28080,28090,10
13.0842599869,80.1986999512,28090,28100,10
13.0842399597,80.1986999512,28100,28110,10
13.0838603973,80.1986999512,28110,28120,10
13.083439827,80.1986999512,28120,28131,11
13.083439827,80.1987075806,28131,28141,10
13.0832700729,80.1986923218,28141,28151,10
13.0829200745,80.198677063,28151,28161,10
13.0824804306,80.1986465454,28161,28171,10
13.0819196701,80.1986618042,28171,28181,10
13.0813302994,80.1986465454,28181,28191,10
13.0806703568,80.1986923218,28191,28201,10
13.0798301697,80.1987686157,28201,28211,10
13.0789203644,80.1988296509,28211,28221,10
13.07791996,80.1989593506,28221,28231,10
13.0768499374,80.1990890503,28231,28242,11
13.0756502151,80.1992416382,28242,28252,10
13.074640274,80.1996078491,28252,28262,10
13.0737304688,80.2005081177,28262,28282,20
13.0737304688,80.2005081177,28282,28292,10
13.0735502243,80.2007369995,28292,28302,10
13.0732097626,80.201133728,28302,28312,10
13.0727796555,80.2016296387,28312,28322,10
13.0725498199,80.2018966675,28322,28332,10
13.0724697113,80.202003479,28332,28342,10
13.0722398758,80.2022399902,28342,28352,10
13.0718603134,80.2026367188,28352,28363,11
13.0713100433,80.2032699585,28363,28373,10
13.0707397461,80.2039337158,28373,28383,10
13.0701904297,80.2046279907,28383,28393,10
13.0699300766,80.2050323486,28393,28433,40
13.0699300766,80.2050323486,28433,28443,10
13.069849968,80.205078125,28443,28453,10
13.0695495605,80.2048797607,28453,28463,10
13.0692100525,80.2051773071,28463,28473,10
13.0687799454,80.2054672241,28473,28484,11
13.0679702759,80.2052688599,28484,28514,30
13.0679702759,80.2052688599,28514,28524,10
13.0680103302,80.2051086426,28524,28534,10
13.0682001114,80.2050018311,28534,28544,10
13.0683803558,80.2049484253,28544,28554,10
13.0686597824,80.2048187256,28554,28564,10
13.0690002441,80.2047271729,28564,28574,10
13.0693702698,80.204750061,28574,28584,10
13.0696697235,80.2048110962,28584,28594,10
13.0698099136,80.2049102783,28594,28605,11
13.0698699951,80.2049865723,28605,28615,10
13.0697698593,80.2053222656,28615,28625,10
13.0694503784,80.2058334351,28625,28635,10
13.0690402985,80.2064971924,28635,28645,10
13.068570137,80.2072525024,28645,28655,10
13.0680303574,80.2080993652,28655,28665,10
13.0677404404,80.2085723877,28665,28675,10
13.0675296783,80.2089004517,28675,28685,10
13.0671901703,80.2094421387,28685,28695,10
13.0666799545,80.2100296021,28695,28705,10
13.0660104752,80.2105865479,28705,28716,11
13.0650396347,80.2113800049,28716,28746,30
13.0650396347,80.2113800049,28746,28756,10
13.0647602081,80.211479187,28756,28766,10
13.0643596649,80.2116165161,28766,28776,10
13.0642404556,80.2116622925,28776,28786,10
13.0640001297,80.2117080688,28786,28796,10
13.0636997223,80.2117233276,28796,28806,10
13.0632200241,80.211769104,28806,28816,10
13.0625495911,80.2117996216,28816,28827,11
13.0618696213,80.2117996216,28827,28837,10
13.0606498718,80.2117614746,28837,28847,10
13.0595598221,80.2117385864,28847,28857,10
13.0585803986,80.2116928101,28857,28867,10
13.0576000214,80.2116775513,28867,28887,20
13.0576000214,80.2116775513,28887,28897,10
13.0572900772,80.2116699219,28897,28907,10
13.0567903519,80.2116622925,28907,28917,10
13.0561304092,80.2116394043,28917,28927,10
13.0553302765,80.2116317749,28927,28937,10
13.0547199249,80.2116165161,28937,28948,11
13.0546998978,80.2116012573,28948,28958,10
13.0545196533,80.2115783691,28958,28968,10
13.0541400909,80.2116699219,28968,28978,10
13.0535497665,80.2117996216,28978,28988,10
13.0528202057,80.2119903564,28988,28998,10
13.0520601273,80.2121810913,28998,29008,10
13.0512504578,80.2122268677,29008,29018,10
13.0506095886,80.2121887207,29018,29028,10
13.0497102737,80.2121887207,29028,29069,41
13.0497102737,80.2121887207,29069,29079,10
13.0493402481,80.2121810913,29079,29089,10
13.0488195419,80.2122116089,29089,29099,10
13.0481100082,80.2122573853,29099,29109,10
13.0472898483,80.2123184204,29109,29119,10
13.0463399887,80.2123565674,29119,29129,10
13.0454597473,80.2124099731,29129,29139,10
13.044839859,80.2124481201,29139,29149,10
13.0443000793,80.2124404907,29149,29159,10
13.0436496735,80.2124328613,29159,29169,10
13.0428495407,80.2124328613,29169,29180,11
13.0419597626,80.2124176025,29180,29190,10
13.0409803391,80.2124404907,29190,29200,10
13.0399398804,80.2124404907,29200,29210,10
13.0389604568,80.2124176025,29210,29220,10
13.0382900238,80.2124404907,29220,29230,10
13.0380001068,80.2124481201,29230,29240,10
13.0379896164,80.2124404907,29240,29250,10
13.0379600525,80.212387085,29250,29260,10
13.0376596451,80.2124023438,29260,29270,10
13.0370903015,80.2124023438,29270,29280,10
13.036359787,80.2123794556,29280,29290,10
13.0355501175,80.2123718262,29290,29300,10
13.0350704193,80.2123184204,29300,29321,21
13.0350704193,80.2123184204,29321,29331,10
13.0347499847,80.2122192383,29331,29341,10
13.0341701508,80.2121582031,29341,29361,20
13.0341701508,80.2121582031,29361,29371,10
13.0340795517,80.2121429443,29371,29381,10
13.0337896347,80.212059021,29381,29391,10
13.0334396362,80.2119827271,29391,29401,10
13.0328598022,80.2118606567,29401,29411,10
13.0321302414,80.2117385864,29411,29421,10
13.0320196152,80.2112121582,29421,29432,11
13.0320596695,80.2105865479,29432,29442,10
13.0321502686,80.2098770142,29442,29452,10
13.0316801071,80.2095413208,29452,29462,10
13.0309400558,80.2093429565,29462,29472,10
13.030380249,80.2092590332,29472,29482,10
13.0300197601,80.2091369629,29482,29492,10
13.02987957,80.2090835571,29492,29502,10
13.0296802521,80.209022522,29502,29512,10
13.0296001434,80.2089996338,29512,29522,10
13.029540062,80.2089614868,29522,29533,11
13.0292797089,80.2088775635,29533,29543,10
13.0288095474,80.2087631226,29543,29553,10
13.0282802582,80.2086181641,29553,29563,10
13.0277500153,80.2084121704,29563,29573,10
13.0271596909,80.2080688477,29573,29583,10
13.0264701843,80.207649231,29583,29593,10
13.0257501602,80.2072372437,29593,29603,10
13.0248498917,80.2070236206,29603,29613,10
13.0242300034,80.2069091797,29613,29633,20
13.0242300034,80.2069091797,29633,29643,10
13.0238704681,80.206817627,29643,29654,11
13.0232696533,80.2066879272,29654,29664,10
13.0225400925,80.2065505981,29664,29674,10
13.0217199326,80.206489563,29674,29684,10
13.0208997726,80.2064819336,29684,29694,10
13.0200195313,80.2064971924,29694,29704,10
13.0190496445,80.2063598633,29704,29724,20
13.0190496445,80.2063598633,29724,29734,10
13.0188798904,80.2062683105,29734,29744,10
13.0185203552,80.206161499,29744,29754,10
13.0183296204,80.2060775757,29754,29764,10
13.0180397034,80.2060165405,29764,29774,10
13.017829895,80.205909729,29774,29785,11
13.0173797607,80.2057418823,29785,29795,10
13.0169401169,80.2056121826,29795,29805,10
13.0163002014,80.205368042,29805,29815,10
13.0155897141,80.2051010132,29815,29825,10
13.0147800446,80.2048187256,29825,29835,10
13.0140600204,80.2045593262,29835,29845,10
13.0135803223,80.2047424316,29845,29865,20
13.0135803223,80.2047424316,29865,29875,10
13.0135097504,80.2049179077,29875,29885,10
13.0133600235,80.205368042,29885,29895,10
13.0131597519,80.2059936523,29895,29906,11
13.0130395889,80.2068405151,29906,29916,10
13.012960434,80.2076187134,29916,29926,10
13.0129003525,80.208152771,29926,29936,10
13.0129404068,80.2087020874,29936,29946,10
13.0130395889,80.2092590332,29946,29956,10
13.0131902695,80.2099075317,29956,29966,10
13.0130996704,80.2106704712,29966,29976,10
13.0127601624,80.2114715576,29976,29986,10
13.0122699738,80.2122879028,29986,29996,10
13.0118598938,80.2128372192,29996,30006,10
13.0115604401,80.2126235962,30006,30017,11
13.0110797882,80.2122573853,30017,30027,10
13.0104999542,80.2118377686,30027,30037,10
13.0098199844,80.2113189697,30037,30077,40
13.0098199844,80.2113189697,30077,30087,10
13.0095596313,80.2111434937,30087,30097,10
13.0094099045,80.2110671997,30097,30107,10
13.0093297958,80.211151123,30107,30117,10
13.0091495514,80.2113723755,30117,30127,10
13.009059906,80.2116165161,30127,30138,11
13.0091400146,80.2118988037,30138,30148,10
13.0092401505,80.2122573853,30148,30158,10
13.009349823,80.2125778198,30158,30168,10
13.0094995499,80.2130126953,30168,30178,10
13.0096902847,80.2134780884,30178,30188,10
13.0099000931,80.2139816284,30188,30198,10
13.0100898743,80.2144393921,30198,30208,10
13.0101995468,80.2150192261,30208,30218,10
13.0102596283,80.2155075073,30218,30228,10
13.0104103088,80.2159729004,30228,30238,10
13.010720253,80.2166595459,30238,30247,9
13.0111103058,80.2174682617,30247,30259,12
13.0116195679,80.218788147,30259,30269,10
13.0120401382,80.2200317383,30269,30279,10
13.0123701096,80.2209777832,30279,30289,10
13.0126695633,80.2215194702,30289,30299,10
13.0130796432,80.2220916748,30299,30309,10
13.013589859,80.2227401733,30309,30319,10
13.0139398575,80.2232818604,30319,30329,10
13.0141897202,80.223739624,30329,30339,10
13.0146198273,80.2242202759,30339,30349,10
13.0151395798,80.224822998,30349,30359,10
13.0154495239,80.2252807617,30359,30370,11
13.0154495239,80.2252883911,30370,30380,10
13.0154399872,80.2254714966,30380,30390,10
13.0152301788,80.2258377075,30390,30400,10
13.0150995255,80.2259216309,30400,30410,10
13.0150098801,80.2259597778,30410,30420,10
13.0146198273,80.2261199951,30420,30430,10
13.0140199661,80.2263565063,30430,30440,10
13.0132904053,80.2266464233,30440,30450,10
13.0124597549,80.2269821167,30450,30460,10
13.0115098953,80.2273483276,30460,30470,10
13.0104904175,80.2277603149,30470,30481,11
13.0095300674,80.2278289795,30481,30491,10
13.0096902847,80.2272033691,30491,30501,10
13.0099697113,80.226600647,30501,30511,10
13.0102500916,80.225982666,30511,30521,10
13.0104703903,80.2254104614,30521,30531,10
13.0107002258,80.2248764038,30531,30541,10
13.0109100342,80.2243804932,30541,30551,10
13.0111904144,80.2236633301,30551,30561,10
13.0111999512,80.2231369019,30561,30571,10
13.010720253,80.22290802,30571,30581,10
13.0100898743,80.2225799561,30581,30591,10
13.0094404221,80.2222213745,30591,30601,10
13.0087995529,80.2218780518,30601,30612,11
13.0081501007,80.2215194702,30612,30622,10
13.0074901581,80.2211685181,30622,30632,10
13.0068101883,80.2208023071,30632,30642,10
13.0060100555,80.2205810547,30642,30652,10
13.00522995,80.2203979492,30652,30662,10
13.0044803619,80.2202301025,30662,30672,10
13.0038099289,80.2200927734,30672,30682,10
13.0030698776,80.2198867798,30682,30692,10
13.0023403168,80.2194137573,30692,30701,9
13.0017995834,80.2188262939,30701,30712,11
13.0010595322,80.2182617188,30712,30722,10
13.0004501343,80.2178421021,30722,30733,11
12.9996995926,80.217376709,30733,30743,10
12.9988203049,80.2169113159,30743,30753,10
12.9975204468,80.2165527344,30753,30773,20
12.9975204468,80.2165527344,30773,30783,10
12.9973602295,80.2165603638,30783,30793,10
12.9969396591,80.2165679932,30793,30803,10
12.9964199066,80.2166290283,30803,30813,10
12.9958000183,80.2167816162,30813,30823,10
12.9951496124,80.2170791626,30823,30833,10
12.9949197769,80.2172164917,30833,30844,11
12.994720459,80.2173461914,30844,30854,10
12.9943399429,80.2176208496,30854,30864,10
12.993929863,80.217918396,30864,30874,10
12.9934301376,80.2182617188,30874,30884,10
12.9928102493,80.218711853,30884,30894,10
12.9922599792,80.2191162109,30894,30904,10
12.9918603897,80.2193984985,30904,30914,10
12.9914798737,80.2196273804,30914,30924,10
12.9910001755,80.2194595337,30924,30944,20
12.9910001755,80.2194595337,30944,30955,11
12.9907302856,80.2193603516,30955,30965,10
12.9902000427,80.2191772461,30965,30975,10
12.9895095825,80.2189178467,30975,30985,10
12.9886703491,80.2186279297,30985,30995,10
12.9878101349,80.2184295654,30995,31005,10
12.9871997833,80.2183380127,31005,31015,10
12.9870595932,80.2183074951,31015,31025,10
12.9869604111,80.2182998657,31025,31035,10
12.986530304,80.2181777954,31035,31045,10
12.9858198166,80.2180099487,31045,31055,10
12.9848499298,80.2179718018,31055,31065,10
12.9840602875,80.2180099487,31065,31074,9
12.9839801788,80.2180099487,31074,31086,12
12.9838399887,80.2180023193,31086,31096,10
12.9833698273,80.2179870605,31096,31106,10
12.9826498032,80.2179794312,31106,31116,10
12.9819402695,80.2179794312,31116,31126,10
12.9811201096,80.2181777954,31126,31136,10
12.9802799225,80.2184524536,31136,31146,10
12.9796304703,80.2187194824,31146,31156,10
12.9789495468,80.2189788818,31156,31166,10
12.9785203934,80.2191314697,31166,31176,10
12.9779500961,80.219367981,31176,31186,10
12.9771699905,80.2197113037,31186,31197,11
12.9762802124,80.2201004028,31197,31207,10
12.9756202698,80.2204284668,31207,31217,10
12.975520134,80.2206802368,31217,31227,10
12.9756202698,80.2208175659,31227,31519,292
12.9759998322,80.2210388184,31519,31610,91
12.9759998322,80.2210388184,31610,31620,10
12.9759702682,80.2212219238,31620,31721,101
12.9760599136,80.2212677002,31721,31802,81
12.9759998322,80.2212600708,31802,32145,343
12.9760503769,80.2211303711,32145,32366,221
12.9762201309,80.2212295532,32366,32397,31
12.9762201309,80.2212295532,32397,32407,10
12.9764699936,80.2211990356,32407,32417,10
12.9768600464,80.2211990356,32417,32427,10
12.9774198532,80.2211837769,32427,32437,10
12.9781503677,80.2211608887,32437,32447,10
12.9789199829,80.2210922241,32447,32457,10
12.9796104431,80.2210388184,32457,32467,10
12.980340004,80.2210006714,32467,32477,10
12.9811000824,80.220993042,32477,32487,10
12.9815797806,80.2212295532,32487,32497,10
12.981880188,80.221496582,32497,32508,11
12.9823598862,80.2217102051,32508,32518,10
12.9827203751,80.2218322754,32518,32528,10
12.9829597473,80.2219619751,32528,32548,20
12.9829597473,80.2219619751,32548,32558,10
12.9831600189,80.222076416,32558,32568,10
12.9834499359,80.2222671509,32568,32578,10
12.9836702347,80.2224197388,32578,32588,10
12.9838399887,80.2225265503,32588,32598,10
12.984290123,80.2227783203,32598,32608,10
12.9848604202,80.2231292725,32608,32618,10
12.9854698181,80.2232208252,32618,32629,11
12.9859304428,80.2229385376,32629,32639,10
12.9864797592,80.2229232788,32639,32649,10
12.9865503311,80.2229232788,32649,32659,10
12.9867401123,80.2229385376,32659,32669,10
12.9870100021,80.2229995728,32669,32679,10
12.9870195389,80.2229919434,32679,32689,10
12.9873895645,80.2230377197,32689,32699,10
12.9879198074,80.2229385376,32699,32709,10
12.9884901047,80.2225112915,32709,32719,10
12.9890098572,80.2219772339,32719,32729,10
12.9893798828,80.2215118408,32729,32739,10
12.9897403717,80.2210235596,32739,32750,11
12.990240097,80.2205123901,32750,32760,10
12.9904499054,80.2203292847,32760,32770,10
12.9905700684,80.2202606201,32770,32780,10
12.9908895493,80.2200164795,32780,32790,10
12.9912796021,80.2196731567,32790,32800,10
12.9913597107,80.2195968628,32800,32810,10
12.9916601181,80.2193908691,32810,32820,10
12.9920701981,80.2191009521,32820,32830,10
12.992600441,80.2187194824,32830,32840,10
12.993060112,80.2183532715,32840,32871,31
12.9933395386,80.2181015015,32871,32931,60
12.9933395386,80.2181015015,32931,32941,10
12.993689537,80.2178878784,32941,33002,61
12.993689537,80.2178878784,33002,33012,10
12.9940595627,80.217666626,33012,33042,30
12.9940595627,80.217666626,33042,33052,10
12.9943304062,80.2174606323,33052,33062,10
12.9944801331,80.2173690796,33062,33072,10
12.994600296,80.2172775269,33072,33082,10
12.9947795868,80.2171401978,33082,33092,10
12.9949598312,80.2170333862,33092,33102,10
12.9952802658,80.2168197632,33102,33113,11
12.9959497452,80.2165679932,33113,33153,40
12.9959497452,80.2165679932,33153,33163,10
12.9962997437,80.2165298462,33163,33173,10
12.9965600967,80.2164764404,33173,33183,10
12.9968099594,80.2164611816,33183,33193,10
12.9968595505,80.2164535522,33193,33203,10
12.9969997406,80.2164382935,33203,33213,10
12.9975795746,80.2160415649,33213,33233,20
12.9975795746,80.2160415649,33233,33244,11
12.9978599548,80.2157974243,33244,33254,10
12.9982700348,80.2154769897,33254,33264,10
12.9988203049,80.2150115967,33264,33274,10
12.9992303848,80.2146530151,33274,33284,10
12.9995203018,80.2144012451,33284,33294,10
12.9998397827,80.2140808105,33294,33304,10
13.0002098083,80.2137527466,33304,33314,10
13.0006799698,80.2133331299,33314,33324,10
13.001250267,80.2128829956,33324,33334,10
13.0017995834,80.2124786377,33334,33344,10
13.0022602081,80.2122192383,33344,33355,11
13.0027799606,80.2120666504,33355,33365,10
13.0031995773,80.2120437622,33365,33375,10
13.003660202,80.2119293213,33375,33385,10
13.0037202835,80.211517334,33385,33395,10
13.0037097931,80.2109832764,33395,33405,10
13.0036401749,80.2105102539,33405,33415,10
13.0035800934,80.2100601196,33415,33425,10
13.0035400391,80.2095794678,33425,33435,10
13.0036497116,80.2090377808,33435,33445,10
13.0040397644,80.2086181641,33445,33455,10
13.0048704147,80.2089767456,33455,33464,9
13.0057201385,80.2093505859,33464,33476,12
13.0066604614,80.2096710205,33476,33486,10
13.0071897507,80.2098007202,33486,33496,10
13.0078001022,80.2098693848,33496,33748,252
13.0078001022,80.2098693848,33748,33758,10
13.0080404282,80.2099990845,33758,33768,10
13.0081796646,80.2098617554,33768,33778,10
13.0080795288,80.2093734741,33778,33788,10
13.0079402924,80.2087097168,33788,33798,10
13.0078401566,80.2080078125,33798,33808,10
13.0077199936,80.2072067261,33808,33818,10
13.007610321,80.206489563,33818,33828,10
13.0074596405,80.2057571411,33828,33839,11
13.0071802139,80.2049636841,33839,33849,10
13.0069303513,80.2044525146,33849,33859,10
13.0065402985,80.2037887573,33859,33869,10
13.0060396194,80.2030792236,33869,33879,10
13.0057096481,80.2025299072,33879,33889,10
13.0054597855,80.2020187378,33889,33899,10
13.004989624,80.2015304565,33899,33909,10
13.0043001175,80.2011795044,33909,33919,10
13.0034399033,80.2008895874,33919,33929,10
13.0026502609,80.2006530762,33929,33939,10
13.0020198822,80.2002105713,33939,33950,11
13.0016803741,80.199432373,33950,33960,10
13.0017700195,80.1987228394,33960,33970,10
13.0018796921,80.1979980469,33970,33980,10
13.001950264,80.1971969604,33980,33990,10
13.0016403198,80.1963729858,33990,34000,10
13.0011301041,80.1957397461,34000,34010,10
13.0005598068,80.1950378418,34010,34020,10
12.9999399185,80.1942520142,34020,34030,10
12.9994001389,80.1935577393,34030,34040,10
12.9989900589,80.1930084229,34040,34050,10
12.9984703064,80.1923675537,34050,34060,10
12.9980401993,80.1924514771,34060,34070,10
12.9974803925,80.1929321289,34070,34081,11
12.9969797134,80.1932678223,34081,34091,10
12.9967699051,80.1933822632,34091,34101,10
12.9967098236,80.1931915283,34101,34111,10
12.9966897964,80.1928329468,34111,34119,8
12.9965496063,80.1922302246,34119,34222,103
12.9965496063,80.1922302246,34222,34232,10
12.9965600967,80.1920471191,34232,34282,50
12.9965600967,80.1920471191,34282,34292,10
12.9964399338,80.19165802,34292,34303,11
12.9963998795,80.1914672852,34303,34313,10
12.9964704514,80.191368103,34313,34323,10
12.9966402054,80.1912612915,34323,34333,10
12.9967403412,80.191192627,34333,34343,10
12.9971103668,80.1910934448,34343,34353,10
12.9970798492,80.1914978027,34353,38689,4336
12.9970798492,80.1914978027,38689,38699,10
12.9968795776,80.1914825439,38699,39445,746
12.9968204498,80.1916885376,39445,39495,50
12.9967699051,80.1917190552,39495,40705,1210
12.9967403412,80.1916122437,40705,41724,1019
12.9969797134,80.1914367676,41724,42460,736
12.9969797134,80.1914367676,42460,42470,10
12.9968900681,80.1913223267,42470,42480,10
12.9966697693,80.1913528442,42480,42651,171
12.9966697693,80.1913528442,42651,42661,10
12.9964399338,80.1914291382,42661,42682,21
12.9964399338,80.1914291382,42682,42692,10
12.9962501526,80.1912231445,42692,42712,20
12.9962501526,80.1912231445,42712,42722,10
12.9961900711,80.1910400391,42722,42732,10
12.9961204529,80.1907577515,42732,42742,10
12.9960403442,80.1903915405,42742,42752,10
12.9959096909,80.1899108887,42752,42762,10
12.9959001541,80.189453125,42762,42772,10
12.9961595535,80.1893615723,42772,42782,10
12.9964799881,80.1897201538,42782,42792,10
12.9969396591,80.190246582,42792,42803,11
12.9975404739,80.1909713745,42803,42813,10
12.9980897903,80.19165802,42813,42823,10
12.9986600876,80.1923980713,42823,42833,10
12.9991903305,80.1930618286,42833,42843,10
12.999710083,80.1937179565,42843,42853,10
13.0001897812,80.1943435669,42853,42863,10
13.0008001328,80.1951217651,42863,42873,10
13.0013799667,80.1958389282,42873,42883,10
13.0018796921,80.1965026855,42883,42893,10
13.0020999908,80.1973266602,42893,42903,10
13.0019397736,80.1983566284,42903,42913,10
13.0017995834,80.1993408203,42913,42924,11
13.0021400452,80.2002410889,42924,42934,10
13.0029602051,80.2006835938,42934,42944,10
13.0036401749,80.2007904053,42944,42954,10
13.0037097931,80.2008285522,42954,42964,10
13.003780365,80.2009124756,42964,42974,10
13.0041599274,80.2010574341,42974,42984,10
13.0047798157,80.2012863159,42984,42994,10
13.0054798126,80.201789856,42994,43004,10
13.0059404373,80.2025222778,43004,43014,10
13.0064096451,80.2031707764,43014,43024,10
13.007060051,80.2035980225,43024,43034,10
13.0078802109,80.2037811279,43034,43045,11
13.0089902878,80.2036972046,43045,43055,10
13.0101995468,80.2036437988,43055,43065,10
13.0114803314,80.2037124634,43065,43075,10
13.0127401352,80.203918457,43075,43085,10
13.0137395859,80.2042236328,43085,43095,10
13.0146398544,80.204536438,43095,43105,10
13.0156803131,80.2049331665,43105,43115,10
13.0166301727,80.2052993774,43115,43125,10
13.0173902512,80.2054595947,43125,43135,10
13.0178899765,80.2056808472,43135,43145,10
13.0185003281,80.205909729,43145,43155,10
13.0186300278,80.2059707642,43155,43166,11
13.0188398361,80.2060470581,43166,43176,10
13.0193595886,80.2062072754,43176,43186,10
13.0201101303,80.2063064575,43186,43196,10
13.0210199356,80.2062988281,43196,43206,10
13.0219402313,80.2063217163,43206,43216,10
13.0228700638,80.2064819336,43216,43226,10
13.0237798691,80.2066421509,43226,43236,10
13.0243597031,80.2067184448,43236,43246,10
13.0243902206,80.2067337036,43246,43256,10
13.0245895386,80.20677948,43256,43266,10
13.0251703262,80.2069091797,43266,43276,10
13.025970459,80.2072296143,43276,43287,11
13.0269203186,80.2077865601,43287,43297,10
13.0278997421,80.2083587646,43297,43307,10
13.028960228,80.2086791992,43307,43317,10
13.0297603607,80.2088775635,43317,43327,10
13.0299797058,80.2089614868,43327,43337,10
13.0304002762,80.2090835571,43337,43347,10
13.0310497284,80.2092666626,43347,43357,10
13.0317401886,80.2094573975,43357,43367,10
13.0323696136,80.209602356,43367,43377,10
13.0329904556,80.2097015381,43377,43387,10
13.0337495804,80.2098464966,43387,43397,10
13.0345401764,80.2100067139,43397,43408,11
13.0350103378,80.2104721069,43408,43418,10
13.0350103378,80.2113037109,43418,43448,30
13.0350103378,80.2113037109,43448,43458,10
13.0349397659,80.2115783691,43458,43468,10
13.0348901749,80.2119674683,43468,43478,10
13.0348901749,80.2121276855,43478,43488,10
13.0352802277,80.2122421265,43488,43498,10
13.0359897614,80.2122802734,43498,43508,10
13.0367698669,80.2122802734,43508,43539,31
13.0367698669,80.2122802734,43539,43549,10
13.0371704102,80.2122573853,43549,43569,20
13.0371704102,80.2122573853,43569,43579,10
13.0375003815,80.2122879028,43579,43589,10
13.0380601883,80.212272644,43589,43599,10
13.0388498306,80.2122573853,43599,43609,10
13.0396604538,80.212272644,43609,43619,10
13.0408201218,80.2122497559,43619,43629,10
13.0419797897,80.2122268677,43629,43639,10
13.0430803299,80.212272644,43639,43650,11
13.0442199707,80.2122497559,43650,43660,10
13.0450201035,80.2122421265,43660,43670,10
13.0459003448,80.2122268677,43670,43680,10
13.0466499329,80.2121963501,43680,43690,10
13.0474395752,80.2121505737,43690,43700,10
13.0485401154,80.2120666504,43700,43730,30
13.0485401154,80.2120666504,43730,43740,10
13.0486297607,80.2120513916,43740,43750,10
13.0489597321,80.212020874,43750,43761,11
13.049779892,80.2119674683,43761,43811,50
13.049779892,80.2119674683,43811,43821,10
13.0499200821,80.2119903564,43821,43831,10
13.0502796173,80.2119827271,43831,43841,10
13.0507802963,80.2120513916,43841,43851,10
13.0516195297,80.2120513916,43851,43861,10
13.0525999069,80.2118682861,43861,43871,10
13.0535802841,80.2116165161,43871,43882,11
13.0543203354,80.2114334106,43882,43902,20
13.0543203354,80.2114334106,43902,43912,10
13.0545196533,80.2114334106,43912,43922,10
13.0550203323,80.2114715576,43922,43932,10
13.0558204651,80.2114868164,43932,43942,10
13.0567398071,80.2114715576,43942,43952,10
13.0574998856,80.2114486694,43952,43962,10
13.0576200485,80.21144104,43962,43972,10
13.0579395294,80.21144104,43972,43982,10
13.0584802628,80.2114562988,43982,43992,10
13.0592403412,80.2115097046,43992,44003,11
13.0601501465,80.2115631104,44003,44013,10
13.0611200333,80.2115936279,44013,44023,10
13.0618095398,80.2116012573,44023,44032,9
13.0630598068,80.2115325928,44032,44053,21
13.0630598068,80.2115325928,44053,44063,10
13.0633001328,80.2115402222,44063,44073,10
13.0636396408,80.211517334,44073,44083,10
13.0641098022,80.2114562988,44083,44093,10
13.0648002625,80.2111816406,44093,44103,10
13.0655202866,80.2106704712,44103,44113,10
13.0662698746,80.2100524902,44113,44124,11
13.0670700073,80.2091903687,44124,44134,10
13.0673799515,80.2087402344,44134,44144,10
13.0674600601,80.2086410522,44144,44154,10
13.067700386,80.2082595825,44154,44164,10
13.0680799484,80.2076797485,44164,44174,10
13.0685195923,80.2069778442,44174,44184,10
13.0690603256,80.2061233521,44184,44194,10
13.0695800781,80.2052230835,44194,44204,10
13.0696802139,80.2050170898,44204,44214,10
13.0697002411,80.2049484253,44214,44224,10
13.0693998337,80.2048110962,44224,44234,10
13.0690603256,80.2052230835,44234,44245,11
13.0687303543,80.2049331665,44245,44285,40
13.0687303543,80.2049331665,44285,44295,10
13.0688199997,80.204750061,44295,44305,10
13.0691900253,80.2047119141,44305,44315,10
13.0695800781,80.2047729492,44315,44325,10
13.0698604584,80.2048110962,44325,44335,10
13.0701198578,80.2045288086,44335,44345,10
13.0705003738,80.2040405273,44345,44355,10
13.0709896088,80.203453064,44355,44366,11
13.0716600418,80.2026901245,44366,44376,10
13.0721502304,80.2021408081,44376,44426,50
13.0721502304,80.2021408081,44426,44436,10
13.0722503662,80.202041626,44436,44446,10
13.072520256,80.2017288208,44446,44456,10
13.0729398727,80.2012329102,44456,44466,10
13.0734596252,80.2006607056,44466,44476,10
13.0740203857,80.200012207,44476,44487,11
13.0744695663,80.19947052,44487,44497,10
13.0744800568,80.19947052,44497,44507,10
13.0746803284,80.1993026733,44507,44517,10
13.0751800537,80.1990966797,44517,44527,10
13.075920105,80.1990509033,44527,44537,10
13.0767803192,80.1990203857,44537,44547,10
13.0775098801,80.1989364624,44547,44557,10
13.0783004761,80.1988372803,44557,44567,10
13.0790195465,80.1987380981,44567,44577,10
13.0796499252,80.1986999512,44577,44587,10
13.0802001953,80.198638916,44587,44597,10
13.0808897018,80.1985702515,44597,44608,11
13.0816898346,80.1985473633,44608,44618,10
13.082400322,80.1984786987,44618,44628,10
13.083029747,80.1984786987,44628,44638,10
13.083609581,80.1984634399,44638,44648,10
13.0841598511,80.1984710693,44648,44658,10
13.0847196579,80.1984786987,44658,44668,10
13.085269928,80.1984786987,44668,44678,10
13.0856895447,80.1984786987,44678,44688,10
13.0860795975,80.1984329224,44688,44698,10
13.0865802765,80.1984481812,44698,44708,10
13.0869503021,80.198387146,44708,44718,10
13.0870599747,80.1980819702,44718,44729,11
13.0870800018,80.1979827881,44729,44739,10
13.087100029,80.1977767944,44739,44749,10
13.0871400833,80.1972732544,44749,44759,10
13.0871801376,80.1965103149,44759,44769,10
13.0872001648,80.1957702637,44769,44779,10
13.0872001648,80.1951828003,44779,44789,10
13.0872297287,80.1945037842,44789,44799,10
13.0872497559,80.1937179565,44799,44809,10
13.0872602463,80.1928710938,44809,44850,41
13.0872602463,80.1928710938,44850,44860,10
13.0871896744,80.192817688,44860,44870,10
13.087269783,80.1924972534,44870,44880,10
13.0873603821,80.1919403076,44880,44890,10
13.0875997543,80.1902008057,44890,44900,10
13.0875997543,80.1902008057,44900,44910,10
13.0876903534,80.1892623901,44910,44918,8
13.0877199173,80.1889572144,44918,44930,12
13.0877199173,80.1889190674,44930,44940,10
13.0877504349,80.1884765625,44940,44960,20
13.0877504349,80.1884765625,44960,44971,11
13.0877599716,80.1882324219,44971,44981,10
13.087770462,80.1881790161,44981,44991,10
13.0877895355,80.1880264282,44991,45001,10
13.0877799988,80.187538147,45001,45011,10
13.0877799988,80.1870117188,45011,45021,10
13.087849617,80.1862716675,45021,45031,10
13.0878801346,80.1854629517,45031,45041,10
13.0879602432,80.1839294434,45041,45051,10
13.0879602432,80.1839294434,45051,45061,10
13.0880098343,80.1829910278,45061,45071,10
13.088060379,80.1821670532,45071,45102,31
13.0881204605,80.1799316406,45102,45112,10
13.0881099701,80.1798706055,45112,45122,10
13.0881204605,80.1798324585,45122,45132,10
13.0881204605,80.1794815063,45132,45142,10
13.0881299973,80.1789169312,45142,45152,10
13.0881299973,80.1788482666,45152,45162,10
13.0881004333,80.1787033081,45162,45172,10
13.0881795883,80.1782073975,45172,45182,10
13.0881996155,80.1774673462,45182,45192,10
13.0881996155,80.1769714355,45192,45203,11
13.0882301331,80.1762313843,45203,45213,10
13.0882797241,80.1753921509,45213,45223,10
13.0883302689,80.1744689941,45223,45233,10
13.0884304047,80.1735229492,45233,45243,10
13.0884799957,80.1725387573,45243,45253,10
13.0884895325,80.1720123291,45253,45263,10
13.0884895325,80.1719970703,45263,45273,10
13.08852005,80.1719284058,45273,45283,10
13.0885400772,80.1715698242,45283,45293,10
13.088549614,80.1710968018,45293,45303,10
13.0885601044,80.1709213257,45303,45313,10
13.0885696411,80.1706771851,45313,45324,11
13.0885696411,80.1703872681,45324,45334,10
13.0886201859,80.1699295044,45334,45344,10
13.0889101028,80.1695175171,45344,45354,10
13.0895500183,80.1695709229,45354,45364,10
13.0903902054,80.1696090698,45364,45374,10
13.0913200378,80.169670105,45374,45384,10
13.0922403336,80.1697235107,45384,45394,10
13.0931797028,80.1697769165,45394,45404,10
13.0940904617,80.1698379517,45404,45414,10
13.0946903229,80.1698684692,45414,45424,10
13.0949897766,80.1698989868,45424,45434,10
13.0954303741,80.1699523926,45434,45445,11
13.0961904526,80.1699676514,45445,45455,10
13.0970497131,80.1699981689,45455,45465,10
13.0979700089,80.1700592041,45465,45475,10
13.0987997055,80.1700820923,45475,45485,10
13.0995597839,80.1700515747,45485,45535,50
13.0995597839,80.1700515747,45535,45545,10
13.0996799469,80.1699829102,45545,45555,10
13.0996904373,80.1697463989,45555,45566,11
13.0994596481,80.1696472168,45566,45576,10
13.0993700027,80.169631958,45576,45586,10
13.0991296768,80.169593811,45586,45596,10
13.098859787,80.1695327759,45596,45606,10
13.0986700058,80.1694107056,45606,45616,10
13.0985403061,80.1691665649,45616,46574,958
13.0985403061,80.1691665649,46574,46584,10
13.0986700058,80.1692581177,46584,46594,10
13.0988197327,80.169418335,46594,46604,10
13.099029541,80.1695404053,46604,46614,10
13.0992603302,80.1695709229,46614,46624,10
13.099360466,80.1697235107,46624,46634,10
13.0993204117,80.1700134277,46634,46776,142
13.0993204117,80.1700134277,46776,46786,10
13.0992603302,80.1702194214,46786,46796,10
13.0990400314,80.1702194214,46796,46806,10
13.0987501144,80.1701965332,46806,46816,10
13.0981302261,80.1701431274,46816,46826,10
13.0972900391,80.1700973511,46826,46836,10
13.0964002609,80.1700515747,46836,46846,10
13.0954799652,80.1699981689,46846,46856,10
13.0948200226,80.1699371338,46856,46866,10
13.0945100784,80.169921875,46866,46876,10
13.0940504074,80.169883728,46876,46885,9
13.0934200287,80.1698532104,46885,46897,12
13.0923404694,80.1697769165,46897,46907,10
13.0912504196,80.169708252,46907,46917,10
13.090089798,80.1696472168,46917,46927,10
13.0890197754,80.169593811,46927,46937,10
13.0888004303,80.169593811,46937,46947,10
13.0886802673,80.1696929932,46947,46957,10
13.0886497498,80.1701278687,46957,46967,10
13.0885801315,80.1708374023,46967,46977,10
13.0885295868,80.1717681885,46977,46987,10
13.08852005,80.1721191406,46987,46997,10
13.08852005,80.172203064,46997,47007,10
13.0885095596,80.172668457,47007,47018,11
13.088470459,80.1733398438,47018,47028,10
13.0884304047,80.1741409302,47028,47038,10
13.0884103775,80.174697876,47038,47048,10
13.0883703232,80.1753311157,47048,47058,10
13.0882997513,80.1761627197,47058,47068,10
13.088259697,80.1769790649,47068,47078,10
13.0882501602,80.1776199341,47078,47088,10
13.0881996155,80.1783599854,47088,47098,10
13.0881900787,80.178527832,47098,47108,10
13.0881700516,80.1788330078,47108,47118,10
13.0881900787,80.1790390015,47118,47128,10
13.0881996155,80.1791763306,47128,47139,11
13.0882196426,80.179359436,47139,47179,40
13.0882196426,80.179359436,47179,47189,10
13.0882101059,80.1797027588,47189,47199,10
13.0881996155,80.1802368164,47199,47209,10
13.0881700516,80.1810073853,47209,47219,10
13.0881204605,80.1818695068,47219,47229,10
13.0880498886,80.1836166382,47229,47239,10
13.0880498886,80.1836166382,47239,47249,10
13.0880002975,80.1845779419,47249,47258,9
13.0880203247,80.1852416992,47258,47273,15
13.0879402161,80.1862411499,47273,47283,10
13.0879201889,80.18699646,47283,47293,10
13.0878896713,80.1876525879,47293,47303,10
13.0878896713,80.1880874634,47303,47313,10
13.0878601074,80.188659668,47313,47323,10
13.0878400803,80.1892623901,47323,47333,10
13.0877799988,80.1897201538,47333,47343,10
13.087770462,80.1898422241,47343,47353,10
13.0877599716,80.1899108887,47353,47363,10
13.087679863,80.1902389526,47363,47374,11
13.0875902176,80.1908035278,47374,47384,10
13.0875101089,80.1914596558,47384,47394,10
13.087439537,80.1920776367,47394,47404,10
13.0874204636,80.1925582886,47404,47414,10
13.0874099731,80.1926879883,47414,47424,10
13.0873498917,80.1930007935,47424,47434,10
13.0873403549,80.1934661865,47434,47444,10
13.0873298645,80.1940689087,47444,47454,10
13.0873203278,80.1946334839,47454,47464,10
13.0873003006,80.1949996948,47464,47474,10
13.0872802734,80.1954421997,47474,47484,10
13.087269783,80.1960220337,47484,47495,11
13.0872602463,80.1967926025,47495,47505,10
13.0872402191,80.197517395,47505,47515,10
13.087269783,80.1981506348,47515,47525,10
13.0874700546,80.1984634399,47525,47535,10
13.0878801346,80.1984329224,47535,47545,10
13.0885095596,80.1984024048,47545,47555,10
13.0892095566,80.1984329224,47555,47565,10
13.0899600983,80.1984634399,47565,47575,10
13.0908002853,80.1985397339,47575,47585,10
13.0916204453,80.1986236572,47585,47595,10
13.0925703049,80.198638916,47595,47604,9
13.0929803848,80.1987686157,47604,47616,12
13.0929603577,80.199256897,47616,47626,10
13.0929203033,80.1998901367,47626,47636,10
13.092880249,80.2004776001,47636,47646,10
13.0927000046,80.2006072998,47646,47656,10
13.0922298431,80.2005767822,47656,47666,10
13.091509819,80.2005691528,47666,47676,10
13.0907201767,80.2005462646,47676,47686,10
13.0901498795,80.2005310059,47686,47696,10
13.089509964,80.2005081177,47696,47706,10
13.0886497498,80.2004776001,47706,47716,10
13.0877799988,80.2004623413,47716,47726,10
13.0873098373,80.2004318237,47726,47737,11
13.0869398117,80.2004013062,47737,47747,10
13.0863895416,80.2004089355,47747,47757,10
13.0857000351,80.200378418,47757,47767,10
13.0854701996,80.2003631592,47767,47777,10
13.0852603912,80.2002182007,47777,47787,10
13.0852603912,80.1999664307,47787,47797,10
13.0852804184,80.1994400024,47797,47807,10
13.0852804184,80.1987915039,47807,47817,10
13.0850200653,80.1987304688,47817,47827,10
13.0841798782,80.1986923218,47827,47847,20
13.0841798782,80.1986923218,47847,47858,11
13.0838298798,80.1986618042,47858,47868,10
13.0832901001,80.1986465454,47868,47878,10
13.0826301575,80.198638916,47878,47888,10
13.0820703506,80.198638916,47888,47898,10
13.081609726,80.1986465454,47898,47908,10
13.0810003281,80.198638916,47908,47918,10
13.0803098679,80.198677063,47918,47928,10
13.0795698166,80.1987686157,47928,47938,10
13.0787200928,80.1988525391,47938,47948,10
13.0778102875,80.19896698,47948,47958,10
13.0769996643,80.1990814209,47958,47968,10
13.0762300491,80.199180603,47968,47979,11
13.0753202438,80.1993179321,47979,47989,10
13.0745296478,80.1996688843,47989,47999,10
13.0739002228,80.2001876831,47999,48009,10
13.0736198425,80.2005462646,48009,48019,10
13.0735902786,80.2005767822,48019,48029,10
13.0734996796,80.2006607056,48029,48039,10
13.0731897354,80.2010421753,48039,48049,10
13.0727300644,80.2015914917,48049,48059,10
13.0724401474,80.2019500732,48059,48069,10
13.0724201202,80.2019882202,48069,48078,9
13.0722398758,80.2021484375,48078,48089,11
13.0718297958,80.2025985718,48089,48100,11
13.071269989,80.2032623291,48100,48110,10
13.0706501007,80.2039718628,48110,48120,10
13.0700798035,80.2046890259,48120,48130,10
13.0698604584,80.2050476074,48130,48160,30
13.0698604584,80.2050476074,48160,48170,10
13.0696296692,80.2049636841,48170,48180,10
13.0692796707,80.2050018311,48180,48190,10
13.0689601898,80.205406189,48190,48200,10
13.068400383,80.2054595947,48200,48210,10
13.0679197311,80.2052307129,48210,48271,61
13.0679197311,80.2052307129,48271,48281,10
13.0680398941,80.2050018311,48281,48291,10
13.0683097839,80.2049179077,48291,48301,10
13.0687398911,80.2047729492,48301,48311,10
13.0692396164,80.2047119141,48311,48321,10
13.0696697235,80.2048034668,48321,48332,11
13.0697898865,80.2052307129,48332,48342,10
13.0694503784,80.2057723999,48342,48352,10
13.0690202713,80.2064819336,48352,48362,10
13.0685300827,80.2072906494,48362,48372,10
13.0679702759,80.208190918,48372,48382,10
13.0673799515,80.2090835571,48382,48392,10
13.0666799545,80.2099761963,48392,48402,10
13.0657997131,80.2107009888,48402,48412,10
13.0650501251,80.2112884521,48412,48432,20
13.0650501251,80.2112884521,48432,48442,10
13.0648403168,80.2113876343,48442,48453,11
13.0643596649,80.2116088867,48453,48463,10
13.0639400482,80.2117080688,48463,48473,10
13.0638999939,80.2117080688,48473,48483,10
13.0635499954,80.2116928101,48483,48493,10
13.0630598068,80.211730957,48493,48503,10
13.0623502731,80.2117614746,48503,48513,10
13.0615596771,80.2117004395,48513,48522,9
13.0605201721,80.2116775513,48522,48533,11
13.0593099594,80.2116394043,48533,48543,10
13.0583200455,80.2116012573,48543,48553,10
13.0576000214,80.2116012573,48553,48563,10
13.0575704575,80.2116012573,48563,48574,11
13.0574798584,80.2116012573,48574,48584,10
13.0571603775,80.2115783691,48584,48594,10
13.0566596985,80.2115783691,48594,48604,10
13.0559396744,80.2115783691,48604,48614,10
13.0550899506,80.2115478516,48614,48624,10
13.0542297363,80.2115936279,48624,48634,10
13.0534601212,80.211769104,48634,48644,10
13.0525999069,80.2120132446,48644,48654,10
13.0516796112,80.2121734619,48654,48664,10
13.0508804321,80.2121124268,48664,48674,10
13.0500898361,80.2121810913,48674,48684,10
13.049949646,80.212097168,48684,48725,41
13.049949646,80.212097168,48725,48735,10
13.0497398376,80.2121810913,48735,48755,20
13.0497398376,80.2121810913,48755,48765,10
13.0493898392,80.2121505737,48765,48775,10
13.0488100052,80.2121734619,48775,48785,10
13.0481395721,80.2122192383,48785,48795,10
13.0473899841,80.2122879028,48795,48805,10
13.0465202332,80.2123336792,48805,48816,11
13.0454797745,80.2123794556,48816,48826,10
13.0450000763,80.2124099731,48826,48846,20
13.0450000763,80.2124099731,48846,48855,9
13.0449199677,80.2124023438,48855,48866,11
13.0444602966,80.2124176025,48866,48876,10
13.0437698364,80.2123794556,48876,48886,10
13.0429096222,80.2123794556,48886,48896,10
13.0420198441,80.2123718262,48896,48906,10
13.0411100388,80.212387085,48906,48916,10
13.0400896072,80.2124023438,48916,48926,10
13.0390396118,80.2124023438,48926,48937,11
13.0379199982,80.2124176025,48937,48947,10
13.0369300842,80.212387085,48947,48957,10
13.0363502502,80.2123794556,48957,48967,10
13.0361099243,80.2124023438,48967,48977,10
13.0357198715,80.2124099731,48977,48987,10
13.0350399017,80.2123336792,48987,49027,40
13.0350399017,80.2123336792,49027,49037,10
13.0346899033,80.2122802734,49037,49047,10
13.0341796875,80.2121810913,49047,49058,11
13.0340499878,80.2121734619,49058,49068,10
13.0339202881,80.2121505737,49068,49078,10
13.0334396362,80.2120285034,49078,49088,10
13.0328502655,80.2118835449,49088,49098,10
13.03221035,80.2117614746,49098,49108,10
13.0319900513,80.2113189697,49108,49118,10
13.0320301056,80.210647583,49118,49128,10
13.0321102142,80.2099304199,49128,49138,10
13.0318698883,80.209602356,49138,49148,10
13.0313501358,80.2094573975,49148,49157,9
13.0307102203,80.2092819214,49157,49168,11
13.030579567,80.2092514038,49168,49179,11
13.0304203033,80.209197998,49179,49189,10
13.0300397873,80.2090911865,49189,49199,10
13.0297803879,80.2090301514,49199,49209,10
13.0296497345,80.2089996338,49209,49219,10
13.0293703079,80.2089004517,49219,49229,10
13.0293397903,80.2088928223,49229,49239,10
13.0290002823,80.2087783813,49239,49249,10
13.028380394,80.2086029053,49249,49259,10
13.0276203156,80.2083206177,49259,49269,10
13.026889801,80.2078781128,49269,49279,10
13.0260601044,80.2073898315,49279,49289,10
13.0250902176,80.2070465088,49289,49300,11
13.0242595673,80.2069168091,49300,49310,10
13.0241498947,80.2068862915,49310,49320,10
13.0238103867,80.2067871094,49320,49330,10
13.0232000351,80.2066574097,49330,49340,10
13.0223999023,80.2064819336,49340,49350,10
13.0215597153,80.2064437866,49350,49360,10
13.0207700729,80.206451416,49360,49370,10
13.0198297501,80.2064590454,49370,49380,10
13.019109726,80.2063598633,49380,49390,10
13.0190296173,80.2063369751,49390,49400,10
13.0186700821,80.206199646,49400,49410,10
13.0180702209,80.2059936523,49410,49421,11
13.0176000595,80.2058105469,49421,49431,10
13.0171699524,80.2056427002,49431,49441,10
13.0168399811,80.2054901123,49441,49451,10
13.0160903931,80.2052078247,49451,49461,10
13.015250206,80.2049636841,49461,49471,10
13.0144300461,80.2046813965,49471,49481,10
13.0141496658,80.2045974731,49481,49491,10
13.0139598846,80.2045211792,49491,49501,10
13.013710022,80.2044296265,49501,49511,10
13.0135698318,80.2046432495,49511,49521,10
13.0134496689,80.2049636841,49521,49532,11
13.0132598877,80.2055435181,49532,49542,10
13.0130701065,80.2061767578,49542,49552,10
13.012960434,80.2068862915,49552,49562,10
13.0129203796,80.2074432373,49562,49572,10
13.0128698349,80.2077484131,49572,49582,10
13.012840271,80.2082138062,49582,49592,10
13.0128803253,80.2085494995,49592,49602,10
13.0129098892,80.2088623047,49602,49612,10
13.0129804611,80.2092666626,49612,49622,10
13.0131502151,80.2098007202,49622,49632,10
13.0130796432,80.2104873657,49632,49642,10
13.0128498077,80.2112197876,49642,49653,11
13.012430191,80.2119903564,49653,49663,10
13.0120201111,80.212638855,49663,49673,10
13.0117502213,80.2128219604,49673,49683,10
13.0114603043,80.2125778198,49683,49693,10
13.0109796524,80.2122192383,49693,49703,10
13.0104598999,80.2118377686,49703,49713,10
13.0098600388,80.2113876343,49713,49784,71
13.0098600388,80.2113876343,49784,49794,10
13.0096101761,80.2112121582,49794,49804,10
13.0095901489,80.21118927,49804,49814,10
13.0093898773,80.2109985352,49814,49874,60
13.0093898773,80.2109985352,49874,49883,9
13.0091600418,80.2112884521,49883,49895,12
13.009059906,80.2117919922,49895,49905,10
13.0092697144,80.2124404907,49905,49915,10
13.0095396042,80.213142395,49915,49925,10
13.0098199844,80.2138595581,49925,49935,10
13.0101003647,80.2145385742,49935,49945,10
13.010219574,80.2153320313,49945,49955,10
13.0104904175,80.2161712646,49955,49965,10
13.0109195709,80.2171173096,49965,49975,10
13.0113601685,80.2181777954,49975,49985,10
13.011759758,80.2192611694,49985,49995,10
13.0120801926,80.2203826904,49995,50005,10
13.0123500824,80.221321106,50005,50016,11
13.0126104355,80.2218322754,50016,50026,10
13.0130395889,80.2223587036,50026,50036,10
13.0135097504,80.22290802,50036,50046,10
13.0140695572,80.2235565186,50046,50056,10
13.0144996643,80.2240371704,50056,50066,10
13.014960289,80.2246170044,50066,50076,10
13.0150604248,80.2247161865,50076,50086,10
13.0152196884,80.2248535156,50086,50096,10
13.0154304504,80.2252197266,50096,50106,10
13.0153198242,80.2257614136,50106,50116,10
13.0146598816,80.22605896,50116,50126,10
13.0138397217,80.2264022827,50126,50137,11
13.0127696991,80.2268218994,50137,50147,10
13.0118503571,80.2271728516,50147,50157,10
13.0109701157,80.2275314331,50157,50167,10
13.0100803375,80.2278900146,50167,50177,10
13.0095901489,80.2273788452,50177,50197,20
13.0095901489,80.2273788452,50197,50207,10
13.0096902847,80.227142334,50207,50217,10
13.0097999573,80.2268981934,50217,50227,10
13.0098695755,80.2267684937,50227,50237,10
13.0099802017,80.2265014648,50237,50278,41
13.0099802017,80.2265014648,50278,50288,10
13.010140419,80.2261428833,50288,50308,20
13.010140419,80.2261428833,50308,50318,10
13.010219574,80.2259521484,50318,50328,10
13.0103397369,80.225692749,50328,50338,10
13.0104503632,80.225440979,50338,50348,10
13.0105400085,80.2251968384,50348,50358,10
13.0106401443,80.2249526978,50358,50368,10
13.0107097626,80.2247619629,50368,50379,11
13.0108604431,80.2243728638,50379,50389,10
13.0109796524,80.2240371704,50389,50399,10
13.0110797882,80.2238388062,50399,50409,10
13.0111904144,80.2235412598,50409,50419,10
13.0112895966,80.2232818604,50419,50429,10
13.0110902786,80.2230987549,50429,50439,10
13.0106096268,80.2228622437,50439,50449,10
13.0100698471,80.2225570679,50449,50459,10
13.0094804764,80.2222518921,50459,50469,10
13.0088100433,80.2218780518,50469,50479,10
13.0080404282,80.2214736938,50479,50489,10
13.0072402954,80.2210388184,50489,50500,11
13.0062999725,80.2206115723,50500,50510,10
13.0054798126,80.2204284668,50510,50520,10
13.0046796799,80.2202606201,50520,50530,10
13.0038003922,80.2200622559,50530,50540,10
13.0029401779,80.2198181152,50540,50550,10
13.0022497177,80.2193374634,50550,50560,10
13.0017299652,80.21875,50560,50570,10
13.0012798309,80.2184524536,50570,50580,10
13.0006999969,80.2180480957,50580,50590,10
13.0000095367,80.2176132202,50590,50600,10
12.9992399216,80.2171630859,50600,50611,11
12.998290062,80.2167129517,50611,50621,10
12.9975204468,80.2165603638,50621,50631,10
12.9973697662,80.2165374756,50631,50641,10
12.997179985,80.2165374756,50641,50651,10
12.9966096878,80.216583252,50651,50661,10
12.9952697754,80.2169494629,50661,50671,10
12.9952697754,80.2169494629,50671,50681,10
12.9950895309,80.217048645,50681,50691,10
12.9948196411,80.2172317505,50691,50701,10
12.9943399429,80.2175598145,50701,50711,10
12.9938802719,80.2179107666,50711,50721,10
12.9934101105,80.2182006836,50721,50732,11
12.9929895401,80.21849823,50732,50742,10
12.9925603867,80.2188110352,50742,50752,10
12.9919395447,80.2192764282,50752,50761,9
12.9914903641,80.2195968628,50761,50772,11
12.9914703369,80.2196121216,50772,50782,10
12.9911499023,80.2194976807,50782,50792,10
12.991060257,80.2194824219,50792,50802,10
12.9907999039,80.2193832397,50802,50812,10
12.9902095795,80.2191772461,50812,50822,10
12.9894104004,80.2188796997,50822,50832,10
12.9884004593,80.2185287476,50832,50842,10
12.9875097275,80.2183685303,50842,50853,11
12.9867801666,80.2182006836,50853,50863,10
12.9859695435,80.2180023193,50863,50873,10
12.9849500656,80.217918396,50873,50883,10
12.984120369,80.2179718018,50883,50893,10
12.9839801788,80.217956543,50893,50903,10
12.9836101532,80.217956543,50903,50913,10
12.9829397202,80.217956543,50913,50923,10
12.9820604324,80.217956543,50923,50933,10
12.9810495377,80.2181625366,50933,50943,10
12.9801301956,80.2184829712,50943,50953,10
12.97935009,80.2188034058,50953,50963,10
12.9787302017,80.2190628052,50963,50974,11
12.978219986,80.2192764282,50974,50984,10
12.9774904251,80.219581604,50984,50994,10
12.9766101837,80.2199401855,50994,51004,10
12.9757995605,80.2202987671,51004,51014,10
12.9755096436,80.2206192017,51014,51024,10
12.9755802155,80.2207565308,51024,51034,10
12.9758501053,80.2209396362,51034,51750,716
12.9758501053,80.2209396362,51750,51760,10
12.9760904312,80.2212219238,51760,51810,50
12.9763298035,80.2213134766,51810,51831,21
12.9763298035,80.2213134766,51831,51841,10
12.9766302109,80.2212982178,51841,51851,10
12.9771203995,80.221282959,51851,51861,10
12.9773197174,80.221282959,51861,51871,10
12.9776201248,80.2212524414,51871,51881,10
12.9780597687,80.2212524414,51881,51891,10
12.9786996841,80.2211837769,51891,51901,10
12.9793300629,80.2211380005,51901,51911,10
12.9799804688,80.2210922241,51911,51921,10
12.9806699753,80.2210083008,51921,51931,10
12.9813995361,80.2211914063,51931,51942,11
12.9819402695,80.2215194702,51942,51952,10
12.9824199677,80.2217407227,51952,51962,10
12.9829301834,80.2219390869,51962,51972,10
12.9829902649,80.2219772339,51972,51982,10
12.9832201004,80.222076416,51982,51992,10
12.9835195541,80.2222518921,51992,52002,10
12.9838199615,80.2224502563,52002,52012,10
12.9843196869,80.2227630615,52012,52022,10
12.9849395752,80.2230987549,52022,52032,10
12.9854402542,80.2232131958,52032,52042,10
12.9857597351,80.2229614258,52042,52052,10
12.9863004684,80.2229385376,52052,52063,11
12.9864997864,80.2229614258,52063,52073,10
12.9866104126,80.2229766846,52073,52083,10
12.9869804382,80.2230529785,52083,52093,10
12.9874601364,80.2230911255,52093,52103,10
12.9880800247,80.222869873,52103,52113,10
12.988699913,80.2223129272,52113,52123,10
12.9892597198,80.2216415405,52123,52133,10
12.9898195267,80.2208709717,52133,52143,10
12.9904403687,80.2203292847,52143,52163,20
12.9904403687,80.2203292847,52163,52172,9
12.9907197952,80.2201004028,52172,52184,12
12.9912204742,80.2197113037,52184,52194,10
12.9915399551,80.2194595337,52194,52204,10
12.991979599,80.2191696167,52204,52214,10
12.9925804138,80.2187271118,52214,52224,10
12.9933004379,80.2181777954,52224,52234,10
12.9940900803,80.2176437378,52234,52244,10
12.9947004318,80.2171936035,52244,52254,10
12.9949197769,80.2170333862,52254,52264,10
12.9953098297,80.216796875,52264,52274,10
12.9958896637,80.2166290283,52274,52284,10
12.996509552,80.2165222168,52284,52294,10
12.9969501495,80.2164764404,52294,52325,31
12.9969501495,80.2164764404,52325,52335,10
12.9972496033,80.2164001465,52335,52345,10
12.9975099564,80.2161026001,52345,52355,10
12.997590065,80.2160186768,52355,52365,10
12.997710228,80.2159194946,52365,52375,10
12.9980602264,80.215637207,52375,52385,10
12.9985399246,80.2151870728,52385,52395,10
12.9990901947,80.2147293091,52395,52405,10
12.9993600845,80.2145233154,52405,52415,10
12.9997701645,80.2141494751,52415,52426,11
13.0002202988,80.2137374878,52426,52436,10
13.0007896423,80.2132492065,52436,52446,10
13.0014400482,80.2127380371,52446,52456,10
13.002120018,80.2122802734,52456,52466,10
13.0026597977,80.2120819092,52466,52476,10
13.0030097961,80.2120513916,52476,52486,10
13.0031995773,80.2120513916,52486,52496,10
13.0035600662,80.2119979858,52496,52516,20
13.0035600662,80.2119979858,52516,52526,10
13.0036697388,80.2118225098,52526,52535,9
13.0036802292,80.2115783691,52535,52547,12
13.0036401749,80.2109375,52547,52557,10
13.0035800934,80.2104263306,52557,52567,10
13.0035200119,80.2099761963,52567,52577,10
13.0035104752,80.2095565796,52577,52587,10
13.0036201477,80.2090072632,52587,52597,10
13.0040397644,80.2086334229,52597,52607,10
13.0048503876,80.2089996338,52607,52617,10
13.0058603287,80.2094116211,52617,52627,10
13.0065898895,80.2096405029,52627,52637,10
13.0073604584,80.2098007202,52637,52657,20
13.0073604584,80.2098007202,52657,52668,11
13.0076198578,80.2098617554,52668,52678,10
13.0080795288,80.2099761963,52678,52688,10
13.008099556,80.2095794678,52688,52698,10
13.0079698563,80.2089309692,52698,52708,10
13.0078496933,80.2080917358,52708,52718,10
13.0077199936,80.2072219849,52718,52728,10
13.0075798035,80.2062225342,52728,52738,10
13.0074996948,80.2052001953,52738,52748,10
13.0074901581,80.2043075562,52748,52758,10
13.0074100494,80.2034378052,52758,52768,10
13.0070695877,80.2025680542,52768,52779,11
13.0065002441,80.2029418945,52779,52789,10
13.0068101883,80.20337677,52789,52799,10
13.0072603226,80.2035903931,52799,52809,10
13.0079097748,80.2037124634,52809,52819,10
13.0087900162,80.2036590576,52819,52829,10
13.0098896027,80.2036132813,52829,52839,10
13.0110998154,80.2036514282,52839,52849,10
13.012339592,80.2038269043,52849,52859,10
13.013299942,80.2040176392,52859,52869,10
13.0137195587,80.2041931152,52869,52879,10
13.0142202377,80.2043609619,52879,52889,10
13.0149202347,80.2045898438,52889,52900,11
13.0150499344,80.2046508789,52900,52910,10
13.0153799057,80.2047729492,52910,52920,10
13.0159101486,80.2049865723,52920,52930,10
13.0164804459,80.2051925659,52930,52940,10
13.0170898438,80.2054290771,52940,52950,10
13.0176801682,80.205581665,52950,52960,10
13.0181703568,80.2057723999,52960,52970,10
13.0187101364,80.205947876,52970,52980,10
13.0187397003,80.205947876,52980,52990,10
13.0190696716,80.2060775757,52990,53000,10
13.019610405,80.206237793,53000,53010,10
13.0204000473,80.2062606812,53010,53021,11
13.0214004517,80.2062606812,53021,53031,10
13.0223703384,80.2063217163,53031,53041,10
13.0233201981,80.2065124512,53041,53051,10
13.0241003036,80.2066116333,53051,53061,10
13.0243501663,80.2066802979,53061,53071,10
13.0244102478,80.2067108154,53071,53081,10
13.024720192,80.2067718506,53081,53091,10
13.0254001617,80.2069320679,53091,53101,10
13.0261697769,80.2072982788,53101,53111,10
13.0269603729,80.2077789307,53111,53121,10
13.027879715,80.2083206177,53121,53131,10
13.028960228,80.2086486816,53131,53142,11
13.029800415,80.2088623047,53142,53152,10
13.0303201675,80.209022522,53152,53162,10
13.0309000015,80.2091903687,53162,53172,10
13.0315198898,80.2093811035,53172,53182,10
13.0315799713,80.2094192505,53182,53192,10
13.0317001343,80.2095184326,53192,53202,10
13.0320396423,80.2096099854,53202,53212,10
13.0326404572,80.2096786499,53212,53222,10
13.0334501266,80.2098007202,53222,53232,10
13.0343599319,80.2099761963,53232,53242,10
13.0350103378,80.2102508545,53242,53252,10
13.0349903107,80.2107315063,53252,53263,11
13.0349903107,80.211151123,53263,53273,10
13.0349903107,80.2111663818,53273,53283,10
13.0349597931,80.2113571167,53283,53293,10
13.0349502563,80.2114562988,53293,53303,10
13.0348997116,80.2117919922,53303,53313,10
13.0349502563,80.2121276855,53313,53323,10
13.0353002548,80.2122192383,53323,53333,10
13.0358600616,80.2122497559,53333,53343,10
13.0366096497,80.212310791,53343,53353,10
13.0370397568,80.212310791,53353,53363,10
13.0375699997,80.2123031616,53363,53373,10
13.0383396149,80.212310791,53373,53384,11
13.0393104553,80.212272644,53384,53394,10
13.0403604507,80.2122573853,53394,53404,10
13.0415201187,80.2123336792,53404,53414,10
13.0427103043,80.2123413086,53414,53424,10
13.0440998077,80.2122573853,53424,53515,91
13.0440998077,80.2122573853,53515,53525,10
13.0442399979,80.2122879028,53525,53535,10
13.0446195602,80.2122573853,53535,53545,10
13.0452699661,80.2122421265,53545,53555,10
13.0460996628,80.2122192383,53555,53565,10
13.0469903946,80.2121887207,53565,53575,10
13.0479602814,80.2120666504,53575,53585,10
13.0486297607,80.2119903564,53585,53605,20
13.0486297607,80.2119903564,53605,53616,11
13.0490198135,80.2119827271,53616,53626,10
13.0496101379,80.2119522095,53626,53646,20
13.0496101379,80.2119522095,53646,53656,10
13.0497903824,80.2119598389,53656,53666,10
13.0500402451,80.2119293213,53666,53676,10
13.050330162,80.2119293213,53676,53686,10
13.0507001877,80.2119598389,53686,53696,10
13.0512800217,80.2119827271,53696,53706,10
13.0521602631,80.2119369507,53706,53716,10
13.0530796051,80.211769104,53716,53726,10
13.0539999008,80.2115097046,53726,53737,11
13.0543804169,80.2114181519,53737,53747,10
13.0546598434,80.2114105225,53747,53757,10
13.0551300049,80.2114028931,53757,53767,10
13.0558900833,80.2114181519,53767,53777,10
13.0567903519,80.2114181519,53777,53787,10
13.0575704575,80.2114028931,53787,53797,10
13.0576601028,80.2114028931,53797,53807,10
13.0580196381,80.2114181519,53807,53817,10
13.0586395264,80.21144104,53817,53827,10
13.059419632,80.2114868164,53827,53837,10
13.0602903366,80.2115402222,53837,53847,10
13.0612802505,80.2115631104,53847,53858,11
13.0623197556,80.2116165161,53858,53868,10
13.0630903244,80.211517334,53868,53878,10
13.0632200241,80.211517334,53878,53888,10
13.0633802414,80.211517334,53888,53898,10
13.0637998581,80.2115097046,53898,53908,10
13.0644197464,80.2114028931,53908,53918,10
13.0651502609,80.2110290527,53918,53928,10
13.0659198761,80.2104415894,53928,53938,10
13.0667295456,80.2097320557,53938,53948,10
13.0672798157,80.208946228,53948,53958,10
13.0673398972,80.2088317871,53958,53967,9
13.0675001144,80.2085800171,53967,53979,12
13.0679101944,80.2079391479,53979,53989,10
13.0683498383,80.2072219849,53989,53999,10
13.0689001083,80.2063598633,53999,54009,10
13.0693798065,80.2055969238,54009,54019,10
13.0696601868,80.205039978,54019,54029,10
13.0694303513,80.2048110962,54029,54039,10
13.0690803528,80.2051391602,54039,54049,10
13.0686998367,80.2050476074,54049,54089,40
13.0686998367,80.2050476074,54089,54100,11
13.068810463,80.204750061,54100,54110,10
13.0689201355,80.2047119141,54110,54120,10
13.0690402985,80.2046966553,54120,54130,10
13.0692596436,80.2047195435,54130,54140,10
13.0693397522,80.2047195435,54140,54150,10
13.0694799423,80.204750061,54150,54160,10
13.069729805,80.2048110962,54160,54170,10
13.0700798035,80.2045822144,54170,54180,10
13.0705003738,80.2040176392,54180,54190,10
13.0710802078,80.2033309937,54190,54200,10
13.0716104507,80.2026901245,54200,54210,10
13.0717697144,80.2024917603,54210,54221,11
13.0719995499,80.202293396,54221,54231,10
13.0721502304,80.2021179199,54231,54241,10
13.0723400116,80.2019195557,54241,54251,10
13.072640419,80.2015380859,54251,54261,10
13.0728998184,80.2012329102,54261,54271,10
13.0731296539,80.2009963989,54271,54281,10
13.0734395981,80.2006378174,54281,54291,10
13.0738897324,80.2001266479,54291,54301,10
13.0743303299,80.1996002197,54301,54321,20
13.0743303299,80.1996002197,54321,54331,10
13.0744800568,80.1994171143,54331,54342,11
13.0749597549,80.1991271973,54342,54352,10
13.0757198334,80.1990509033,54352,54362,10
13.0766296387,80.1990432739,54362,54372,10
13.0775499344,80.198928833,54372,54382,10
13.0785598755,80.1987991333,54382,54392,10
13.0793399811,80.1987075806,54392,54402,10
13.0798196793,80.1986694336,54402,54412,10
13.0805301666,80.1985931396,54412,54422,10
13.0813503265,80.1985473633,54422,54432,10
13.0821399689,80.1985092163,54432,54442,10
13.0829401016,80.1984710693,54442,54453,11
13.0836896896,80.1984405518,54453,54463,10
13.0843400955,80.1984481812,54463,54473,10
13.0849399567,80.1984481812,54473,54483,10
13.0853300095,80.1984329224,54483,54493,10
13.0856399536,80.1984329224,54493,54503,10
13.0861301422,80.1983795166,54503,54513,10
13.0866603851,80.1983795166,54513,54523,10
13.0870599747,80.1981277466,54523,54543,20
13.0870599747,80.1981277466,54543,54553,10
13.0871696472,80.1977920532,54553,54562,9
13.0871896744,80.1972427368,54562,54574,12
13.0872097015,80.1963500977,54574,54584,10
13.0872097015,80.1956100464,54584,54594,10
13.0872402191,80.19480896,54594,54604,10
13.0872497559,80.1939468384,54604,54614,10
13.0872802734,80.193031311,54614,54634,20
13.0872802734,80.193031311,54634,54644,10
13.0872402191,80.1929473877,54644,54654,10
13.087269783,80.192741394,54654,54664,10
13.0873203278,80.1923675537,54664,54674,10
13.0874099731,80.1917190552,54674,54684,10
13.0875196457,80.1908569336,54684,54695,11
13.0876302719,80.1899414063,54695,54705,10
13.087679863,80.1891479492,54705,54725,20
13.087679863,80.1891479492,54725,54735,10
13.0876998901,80.1888885498,54735,54745,10
13.0877199173,80.1883163452,54745,54775,30
13.0877199173,80.1883163452,54775,54785,10
13.087770462,80.1882629395,54785,54795,10
13.0877799988,80.1879425049,54795,54804,9
13.0878200531,80.1874237061,54804,54816,12
13.087849617,80.1865615845,54816,54826,10
13.0878801346,80.1858673096,54826,54836,10
13.0878896713,80.1854782104,54836,54846,10
13.0879602432,80.1842498779,54846,54856,10
13.0879602432,80.1842498779,54856,54866,10
13.0880002975,80.1834869385,54866,54875,9
13.0880298615,80.182762146,54875,54885,10
13.0880403519,80.1822128296,54885,54896,11
13.0880804062,80.1815032959,54896,54906,10
13.0881004333,80.1803894043,54906,54926,20
13.0881004333,80.1803894043,54926,54937,11
13.0881099701,80.1800765991,54937,54947,10
13.0881204605,80.1797790527,54947,55017,70
13.0881204605,80.1797790527,55017,55027,10
13.0881204605,80.1794891357,55027,55037,10
13.0881204605,80.1792221069,55037,55048,11
13.0881204605,80.1788330078,55048,55058,10
13.0881099701,80.1786575317,55058,55068,10
13.0881004333,80.1786117554,55068,55078,10
13.0881299973,80.1782302856,55078,55088,10
13.088139534,80.1775665283,55088,55098,10
13.0881595612,80.1767883301,55098,55108,10
13.0882101059,80.1759185791,55108,55118,10
13.0882902145,80.174949646,55118,55128,10
13.0883703232,80.174118042,55128,55138,10
13.0884304047,80.1732406616,55138,55148,10
13.0884895325,80.1724700928,55148,55158,10
13.0884895325,80.1718597412,55158,55169,11
13.0884895325,80.1718215942,55169,55179,10
13.08852005,80.1716690063,55179,55189,10
13.088549614,80.1711883545,55189,55199,10
13.0885801315,80.1705780029,55199,55229,30
13.0885801315,80.1705780029,55229,55239,10
13.0886001587,80.1703186035,55239,55249,10
13.0886201859,80.1699371338,55249,55259,10
13.0887699127,80.1695022583,55259,55269,10
13.0889797211,80.1695175171,55269,55279,10
13.0894699097,80.1695480347,55279,55290,11
13.0902700424,80.1696014404,55290,55299,9
13.0910797119,80.1696395874,55299,55310,11
13.0921897888,80.1697006226,55310,55320,10
13.0932598114,80.1697769165,55320,55330,10
13.0942401886,80.1698226929,55330,55340,10
13.0947198868,80.1698303223,55340,55350,10
13.0949897766,80.1698379517,55350,55360,10
13.0953302383,80.1698608398,55360,55370,10
13.0959100723,80.169921875,55370,55380,10
13.0966596603,80.1699523926,55380,55390,10
13.0975103378,80.1699981689,55390,55400,10
13.0980596542,80.1700210571,55400,55410,10
13.0987100601,80.1700668335,55410,55421,11
13.0994997025,80.1700592041,55421,55431,10
13.0995702744,80.1696624756,55431,55441,10
13.0994501114,80.169960022,55441,56389,948
13.0994501114,80.169960022,56389,56399,10
13.0992097855,80.1702270508,56399,56419,20
13.0992097855,80.1702270508,56419,56429,10
13.0989398956,80.1701889038,56429,56439,10
13.0984096527,80.1701507568,56439,56449,10
13.0976600647,80.1700973511,56449,56459,10
13.0969200134,80.1700592041,56459,56469,10
13.0963602066,80.1700286865,56469,56479,10
13.0956897736,80.1699981689,56479,56489,10
13.0950202942,80.1699676514,56489,56500,11
13.094909668,80.1699829102,56500,56510,10
13.0947399139,80.1699676514,56510,56520,10
13.0945100784,80.1699066162,56520,56530,10
13.0942001343,80.1698913574,56530,56540,10
13.0936403275,80.1698379517,56540,56550,10
13.0928497314,80.1697998047,56550,56560,10
13.091919899,80.1697616577,56560,56570,10
13.091219902,80.1697235107,56570,56580,10
13.0905199051,80.1696777344,56580,56590,10
13.0897302628,80.1696395874,56590,56600,10
13.0889501572,80.1695785522,56600,56610,10
13.0887098312,80.1696624756,56610,56621,11
13.0886802673,80.1700210571,56621,56631,10
13.0886497498,80.1704711914,56631,56641,10
13.0886001587,80.1709671021,56641,56651,10
13.0885696411,80.1719436646,56651,56671,20
13.0885696411,80.1719436646,56671,56681,10
13.08852005,80.1720581055,56681,56691,10
13.0885095596,80.1725463867,56691,56701,10
13.0884799957,80.1733016968,56701,56711,10
13.0884399414,80.1741867065,56711,56721,10
13.0883703232,80.1751937866,56721,56731,10
13.0882902145,80.1762924194,56731,56742,11
13.088259697,80.1773834229,56742,56752,10
13.0882396698,80.1785583496,56752,56772,20
13.0882396698,80.1785583496,56772,56782,10
13.0882396698,80.1789169312,56782,56792,10
13.0882396698,80.1795425415,56792,56802,10
13.0881996155,80.1803665161,56802,56812,10
13.0881700516,80.181312561,56812,56822,10
13.088139534,80.1820831299,56822,56832,10
13.0881204605,80.1821975708,56832,56842,10
13.0881004333,80.1825485229,56842,56852,10
13.0880804062,80.1831588745,56852,56863,11
13.0880298615,80.1840820313,56863,56873,10
13.0879898071,80.184967041,56873,56882,9
13.08796978,80.1855163574,56882,56893,11
13.0879402161,80.1862030029,56893,56902,9
13.0879402161,80.1868972778,56902,56913,11
13.0879096985,80.1878662109,56913,56923,10
13.087849617,80.1887969971,56923,56933,10
13.0878295898,80.1894989014,56933,56943,10
13.0878000259,80.189781189,56943,56963,20
13.0878000259,80.189781189,56963,56973,10
13.0876998901,80.1901702881,56973,56984,11
13.0876102448,80.1908798218,56984,56994,10
13.0874795914,80.1917419434,56994,57004,10
13.0874099731,80.1926116943,57004,57044,40
13.0874099731,80.1926116943,57044,57054,10
13.0873804092,80.1929092407,57054,57064,10
13.0873498917,80.1933898926,57064,57074,10
13.0873203278,80.1940536499,57074,57084,10
13.0873003006,80.1948623657,57084,57094,10
13.0872802734,80.1957778931,57094,57105,11
13.0872297287,80.1969909668,57105,57115,10
13.087220192,80.1977081299,57115,57125,10
13.0872097015,80.1977310181,57125,57135,10
13.0872001648,80.1979675293,57135,57145,10
13.0873498917,80.1984024048,57145,57155,10
13.0876598358,80.1984405518,57155,57165,10
13.0880002975,80.1984176636,57165,57175,10
13.08852005,80.1984176636,57175,57185,10
13.0892496109,80.1984405518,57185,57195,10
13.0900497437,80.1984863281,57195,57205,10
13.090880394,80.1985626221,57205,57216,11
13.0915603638,80.1986312866,57216,57226,10
13.0922803879,80.1986465454,57226,57236,10
13.0929603577,80.1987228394,57236,57246,10
13.0929698944,80.1992111206,57246,57256,10
13.0929203033,80.1999435425,57256,57266,10
13.092880249,80.2005386353,57266,57276,10
13.09278965,80.2006225586,57276,57286,10
13.0923700333,80.2006072998,57286,57296,10
13.0916996002,80.2005996704,57296,57306,10
13.090959549,80.2005767822,57306,57316,10
13.0901699066,80.2005462646,57316,57326,10
13.0893201828,80.2005081177,57326,57337,11
13.0884599686,80.2005081177,57337,57347,10
13.0877199173,80.2004928589,57347,57357,10
13.0870800018,80.2004623413,57357,57367,10
13.0867795944,80.2004394531,57367,57377,10
13.086230278,80.2004165649,57377,57387,10
13.085559845,80.2003936768,57387,57397,10
13.0854196548,80.200378418,57397,57407,10
13.0852499008,80.2002105713,57407,57417,10
13.0852804184,80.1996917725,57417,57427,10
13.0853004456,80.1989974976,57427,57437,10
13.0849599838,80.1986999512,57437,57446,9
13.084230423,80.198677063,57446,57468,22
13.084230423,80.198677063,57468,57478,10
13.0839996338,80.198677063,57478,57488,10
13.0834798813,80.198677063,57488,57498,10
13.08273983,80.1986465454,57498,57508,10
13.0823001862,80.1986694336,57508,57518,10
13.0820302963,80.198677063,57518,57528,10
13.0815200806,80.198677063,57528,57538,10
13.0809803009,80.1986694336,57538,57548,10
13.0803403854,80.1987304688,57548,57558,10
13.0795898438,80.1987991333,57558,57568,10
13.0788002014,80.1988601685,57568,57579,11
13.0779399872,80.19896698,57579,57589,10
13.0771303177,80.1990737915,57589,57599,10
13.0764398575,80.1991500854,57599,57609,10
13.0757102966,80.1992492676,57609,57619,10
13.0749998093,80.199432373,57619,57629,10
13.0743303299,80.199836731,57629,57639,10
13.0740003586,80.2001495361,57639,57649,10
13.0737695694,80.2003936768,57649,57669,20
13.0737695694,80.2003936768,57669,57679,10
13.0737304688,80.2004776001,57679,57689,10
13.0734901428,80.2007827759,57689,57700,11
13.0730199814,80.2013320923,57700,57710,10
13.0725698471,80.2018737793,57710,57720,10
13.0720100403,80.2024612427,57720,57730,10
13.071390152,80.203163147,57730,57740,10
13.0706796646,80.2039794922,57740,57750,10
13.0700101852,80.2049331665,57750,57770,20
13.0700101852,80.2049331665,57770,57780,10
13.0698003769,80.2050704956,57780,57790,10
13.0694303513,80.2048568726,57790,57800,10
13.0691699982,80.2050476074,57800,57810,10
13.068980217,80.2053604126,57810,57821,11
13.0687704086,80.2054595947,57821,57831,10
13.0683403015,80.2054824829,57831,57841,10
13.0679998398,80.2053985596,57841,57891,50
13.0679702759,80.2052230835,57891,57911,20
13.0679702759,80.2052230835,57911,57921,10
13.0680599213,80.205078125,57921,57931,10
13.0684700012,80.2049179077,57931,57942,11
13.0688695908,80.2047576904,57942,57952,10
13.0691699982,80.2047195435,57952,57962,10
13.0694704056,80.2047729492,57962,57972,10
13.0697402954,80.2048721313,57972,57982,10
13.0697603226,80.205329895,57982,57992,10
13.0693798065,80.205947876,57992,58002,10
13.0689401627,80.2066574097,58002,58012,10
13.0684204102,80.2074813843,58012,58022,10
13.0678300858,80.2083816528,58022,58031,9
13.0675601959,80.2088699341,58031,58042,11
13.0671796799,80.2095031738,58042,58053,11
13.0665998459,80.2101364136,58053,58063,10
13.0658502579,80.2107620239,58063,58073,10
13.0651702881,80.2113037109,58073,58083,10
13.065079689,80.2113494873,58083,58093,10
13.0648002625,80.211479187,58093,58103,10
13.0642404556,80.2116775513,58103,58113,10
13.0636100769,80.2117614746,58113,58123,10
13.0628595352,80.2117919922,58123,58133,10
13.062040329,80.2118377686,58133,58143,10
13.0612897873,80.2118225098,58143,58153,10
13.0604600906,80.2117919922,58153,58162,9
13.0596599579,80.2117614746,58162,58174,12
13.0585203171,80.2117080688,58174,58184,10
13.0578098297,80.2117004395,58184,58194,10
13.0576095581,80.2116928101,58194,58204,10
13.0570802689,80.2116699219,58204,58214,10
13.0570802689,80.2116699219,58214,58224,10
13.0564804077,80.2116394043,58224,58234,10
13.0557003021,80.2116165161,58234,58244,10
13.0549697876,80.2116165161,58244,58254,10
13.0545196533,80.2116317749,58254,58264,10
13.0540304184,80.2117233276,58264,58274,10
13.0533304214,80.2118988037,58274,58284,10
13.0525798798,80.2121124268,58284,58295,11
13.0519599915,80.2122573853,58295,58305,10
13.0516300201,80.2123031616,58305,58315,10
13.0510501862,80.2123031616,58315,58325,10
13.0504398346,80.2122573853,58325,58335,10
13.0501804352,80.2122268677,58335,58345,10
13.0495901108,80.2122192383,58345,58365,20
13.0495901108,80.2122192383,58365,58375,10
13.0493402481,80.2121887207,58375,58385,10
13.0487804413,80.2121963501,58385,58395,10
13.0480203629,80.2122573853,58395,58404,9
13.0472202301,80.2123336792,58404,58416,12
13.0459403992,80.2123794556,58416,58426,10
13.0450000763,80.2124633789,58426,58446,20
13.0450000763,80.2124633789,58446,58456,10
13.044839859,80.2124481201,58456,58466,10
13.0443696976,80.2124633789,58466,58476,10
13.0436697006,80.2124404907,58476,58486,10
13.0428495407,80.2124404907,58486,58496,10
13.0420398712,80.2124404907,58496,58506,10
13.0410995483,80.2124481201,58506,58516,10
13.0400400162,80.2124710083,58516,58526,10
13.0389404297,80.2124633789,58526,58537,11
13.0376195908,80.2124404907,58537,58547,10
13.03647995,80.2123794556,58547,58557,10
13.0357303619,80.212387085,58557,58567,10
13.0356302261,80.2124099731,58567,58577,10
13.0355596542,80.2124176025,58577,58587,10
13.0353403091,80.2123794556,58587,58597,10
13.034740448,80.212310791,58597,58617,20
13.034740448,80.212310791,58617,58627,10
13.0345001221,80.2122268677,58627,58637,10
13.0341701508,80.2121810913,58637,58658,21
13.0341701508,80.2121810913,58658,58668,10
13.0340299606,80.2121582031,58668,58678,10
13.0337295532,80.2120819092,58678,58688,10
13.0332803726,80.2119598389,58688,58698,10
13.03262043,80.2118606567,58698,58708,10
13.0319595337,80.2116394043,58708,58718,10
13.0320301056,80.2109680176,58718,58728,10
13.0320997238,80.2101211548,58728,58738,10
13.0317697525,80.2096176147,58738,58748,10
13.0309696198,80.2094192505,58748,58758,10
13.0302801132,80.2092285156,58758,58789,31
13.0302801132,80.2092285156,58789,58799,10
13.0301599503,80.2092437744,58799,58809,10
13.029800415,80.2091217041,58809,58819,10
13.0294704437,80.2089996338,58819,58839,20
13.0294704437,80.2089996338,58839,58849,10
13.029250145,80.2089004517,58849,58859,10
13.0286998749,80.2087631226,58859,58869,10
13.0279502869,80.2085189819,58869,58879,10
13.0272197723,80.2081375122,58879,58890,11
13.0263500214,80.207611084,58890,58900,10
13.0254497528,80.2071533203,58900,58910,10
13.0241699219,80.2069015503,58910,58930,20
13.0241699219,80.2069015503,58930,58940,10
13.0239200592,80.2068405151,58940,58950,10
13.023440361,80.2067184448,58950,58960,10
13.0227804184,80.2065811157,58960,58970,10
13.0219802856,80.2064590454,58970,58980,10
13.0213403702,80.2064666748,58980,58990,10
13.0207700729,80.2064666748,58990,59000,10
13.0200004578,80.2064819336,59000,59011,11
13.019080162,80.2063598633,59011,59031,20
13.019080162,80.2063598633,59031,59041,10
13.0187397003,80.2062606812,59041,59051,10
13.0181398392,80.2060317993,59051,59061,10
13.0174398422,80.2057571411,59061,59071,10
13.0168600082,80.2055435181,59071,59081,10
13.0161800385,80.2053070068,59081,59090,9
13.0156002045,80.2051086426,59090,59101,11
13.0151596069,80.2050018311,59101,59132,31
13.0151596069,80.2050018311,59132,59142,10
13.0146303177,80.2048187256,59142,59202,60
13.0146303177,80.2048187256,59202,59212,10
13.014380455,80.2047576904,59212,59283,71
13.014380455,80.2047576904,59283,59293,10
13.0140695572,80.2045822144,59293,59303,10
13.0138702393,80.2045211792,59303,59313,10
13.0138597488,80.2045135498,59313,59322,9
13.0136699677,80.2044525146,59322,59333,11
13.0135698318,80.2046432495,59333,59343,10
13.0134296417,80.205078125,59343,59353,10
13.0132398605,80.205657959,59353,59363,10
13.0130701065,80.2062988281,59363,59374,11
13.0129995346,80.20703125,59374,59384,10
13.0130195618,80.2072219849,59384,59394,10
13.0129995346,80.2073898315,59394,59404,10
13.0129299164,80.2078170776,59404,59414,10
13.0129299164,80.2082519531,59414,59424,10
13.0129404068,80.2086410522,59424,59434,10
13.0129995346,80.2090835571,59434,59444,10
13.0131597519,80.2096176147,59444,59454,10
13.0131998062,80.2100524902,59454,59464,10
13.0131196976,80.2106170654,59464,59474,10
13.0129003525,80.2112503052,59474,59484,10
13.0125904083,80.211807251,59484,59495,11
13.0122003555,80.2124099731,59495,59505,10
13.0119400024,80.2127838135,59505,59515,10
13.0117101669,80.2127990723,59515,59525,10
13.0113801956,80.2125473022,59525,59535,10
13.010890007,80.2121887207,59535,59545,10
13.0102396011,80.2116775513,59545,59565,20
13.0102396011,80.2116775513,59565,59575,10
13.0101995468,80.2116394043,59575,59585,10
13.0097198486,80.2112731934,59585,59616,31
13.0097198486,80.2112731934,59616,59626,10
13.0094604492,80.2110977173,59626,59656,30
13.0094604492,80.2110977173,59656,59666,10
13.0092000961,80.2113189697,59666,59676,10
13.009059906,80.2115097046,59676,59686,10
13.009059906,80.2116622925,59686,59696,10
13.0091896057,80.2121124268,59696,59706,10
13.0093803406,80.2126998901,59706,59716,10
13.0096302032,80.2133483887,59716,59727,11
13.009929657,80.2141036987,59727,59737,10
13.0101699829,80.2147979736,59737,59747,10
13.0102796555,80.2156219482,59747,59757,10
13.0110998154,80.2174835205,59757,59767,10
13.0110998154,80.2174835205,59767,59777,10
13.011469841,80.2184295654,59777,59785,8
13.0117101669,80.2192077637,59785,59804,19
13.0122699738,80.2208633423,59804,59815,11
13.0123596191,80.2212600708,59815,59825,10
13.0123796463,80.2214202881,59825,59835,10
13.012430191,80.2215576172,59835,59846,11
13.012550354,80.2217178345,59846,59856,10
13.0127401352,80.2219772339,59856,59866,10
13.0130395889,80.2223587036,59866,59876,10
13.0133800507,80.2226867676,59876,59886,10
13.013589859,80.2229385376,59886,59896,10
13.0139198303,80.2233276367,59896,59906,10
13.0141296387,80.2236175537,59906,59916,10
13.014289856,80.2238388062,59916,59926,10
13.014550209,80.2241592407,59926,59936,10
13.0149002075,80.224571228,59936,59946,10
13.0152397156,80.2249908447,59946,59956,10
13.0154600143,80.2254180908,59956,59967,11
13.0151996613,80.2258834839,59967,59977,10
13.0145397186,80.2261581421,59977,59987,10
13.0137500763,80.2264480591,59987,59997,10
13.0128803253,80.2267913818,59997,60007,10
13.0119400024,80.2271575928,60007,60017,10
13.0109596252,80.2275466919,60017,60027,10
13.0100803375,80.2278900146,60027,60098,71
13.0100803375,80.2278900146,60098,60108,10
13.0098199844,80.2279891968,60108,60118,10
13.0096197128,80.2279815674,60118,60239,121
13.0096197128,80.2279815674,60239,60249,10
13.0094804764,80.2278137207,60249,60259,10
13.0094900131,80.2275924683,60259,60269,10
13.0096797943,80.2272033691,60269,60279,10
13.0097703934,80.2269973755,60279,60289,10
13.009929657,80.2266464233,60289,60299,10
13.0101499557,80.2260818481,60299,60309,10
13.0104598999,80.2253036499,60309,60330,21
13.0104598999,80.2253036499,60330,60340,10
13.0105199814,80.2252197266,60340,60350,10
13.0106496811,80.224937439,60350,60360,10
13.0108203888,80.2245788574,60360,60370,10
13.0110502243,80.223991394,60370,60380,10
13.0112400055,80.2235107422,60380,60390,10
13.0112104416,80.223197937,60390,60400,10
13.0108203888,80.2229766846,60400,60410,10
13.0102300644,80.2226791382,60410,60420,10
13.0095300674,80.2222976685,60420,60430,10
13.008769989,80.2218780518,60430,60441,11
13.0078296661,80.2213821411,60441,60451,10
13.0069599152,80.220916748,60451,60461,10
13.0059900284,80.2205886841,60461,60471,10
13.0049600601,80.2203521729,60471,60481,10
13.0040597916,80.2201385498,60481,60491,10
13.0030498505,80.2198791504,60491,60501,10
13.0022001266,80.2192993164,60501,60511,10
13.0016899109,80.2187194824,60511,60521,10
13.0010499954,80.2182617188,60521,60531,10
13.0004701614,80.217880249,60531,60541,10
13.0001296997,80.2176818848,60541,60550,9
12.9996995926,80.2174224854,60550,60562,12
12.9988203049,80.2169418335,60562,60572,10
12.9973897934,80.2165603638,60572,60592,20
12.9973897934,80.2165603638,60592,60602,10
12.9970397949,80.2165603638,60602,60612,10
12.996430397,80.2166137695,60612,60622,10
12.9956197739,80.2167892456,60622,60632,10
12.9949998856,80.2171325684,60632,60642,10
12.9946804047,80.217338562,60642,60652,10
12.9941902161,80.2177124023,60652,60662,10
12.9935703278,80.2181625366,60662,60672,10
12.992890358,80.2186431885,60672,60683,11
12.9920701981,80.2192611694,60683,60693,10
12.991519928,80.2196502686,60693,60703,10
12.9912796021,80.2196121216,60703,60713,10
12.9909801483,80.2194976807,60713,60723,10
12.9907999039,80.2194213867,60723,60733,10
12.9903001785,80.2192306519,60733,60743,10
12.9895496368,80.2189483643,60743,60753,10
12.9886598587,80.2186279297,60753,60763,10
12.987859726,80.2184524536,60763,60773,10
12.9873199463,80.2183685303,60773,60783,10
12.9869604111,80.2182998657,60783,60793,10
12.9868898392,80.2182922363,60793,60804,11
12.9865198135,80.218170166,60804,60814,10
12.9862003326,80.2180786133,60814,60824,10
12.9854698181,80.2179718018,60824,60834,10
12.9846096039,80.2179718018,60834,60844,10
12.9839096069,80.2180023193,60844,60854,10
12.9838895798,80.2180023193,60854,60864,10
12.9836902618,80.2179794312,60864,60874,10
12.9832201004,80.2179794312,60874,60884,10
12.982509613,80.2179718018,60884,60894,10
12.9816503525,80.2180099487,60894,60904,10
12.9807901382,80.2182693481,60904,60914,10
12.9801101685,80.2185211182,60914,60925,11
12.9793996811,80.2188186646,60925,60935,10
12.9788599014,80.2190322876,60935,60945,10
12.9785404205,80.2191619873,60945,60955,10
12.9779901505,80.2193908691,60955,60965,10
12.9772500992,80.2197113037,60965,60975,10
12.9760198593,80.2202224731,60975,60995,20
12.9760198593,80.2202224731,60995,61005,10
12.9759302139,80.2202682495,61005,61015,10
12.9757699966,80.2203369141,61015,61024,9
12.9756402969,80.2204284668,61024,61035,11
12.9755401611,80.2207717896,61035,61046,11
12.9758501053,80.2209320068,61046,61096,50
12.9758501053,80.2209320068,61096,61106,10
12.9760799408,80.2211074829,61106,61661,555
12.9760799408,80.2211074829,61661,61671,10
12.9763898849,80.2212982178,61671,61681,10
12.9766302109,80.2212905884,61681,61691,10
12.9770097733,80.2212982178,61691,61701,10
12.9774799347,80.221282959,61701,61711,10
12.9781303406,80.2212524414,61711,61721,10
12.9788503647,80.221206665,61721,61731,10
12.979590416,80.2211532593,61731,61741,10
12.9802598953,80.2210998535,61741,61751,10
12.9808397293,80.2210388184,61751,61762,11
12.9815797806,80.2213363647,61762,61772,10
12.982170105,80.2217407227,61772,61782,10
12.9829998016,80.2220001221,61782,61802,20
12.9829998016,80.2220001221,61802,61812,10
12.9831895828,80.2221069336,61812,61822,10
12.9835100174,80.222328186,61822,61832,10
12.9838695526,80.2225494385,61832,61842,10
12.9843502045,80.2228317261,61842,61852,10
12.9848804474,80.2231521606,61852,61862,10
12.9853401184,80.2232971191,61862,61872,10
12.9856595993,80.2230834961,61872,61883,11
12.9861698151,80.2229919434,61883,61893,10
12.9865598679,80.2229995728,61893,61903,10
12.9866399765,80.2230072021,61903,61913,10
12.9869098663,80.2230300903,61913,61923,10
12.9873800278,80.2230911255,61923,61933,10
12.9878797531,80.2229995728,61933,61943,10
12.9884300232,80.222618103,61943,61953,10
12.9888896942,80.2221298218,61953,61963,10
12.9893198013,80.2216033936,61963,61973,10
12.9897699356,80.2210235596,61973,61982,9
12.9902496338,80.2205810547,61982,61994,12
12.990480423,80.2203979492,61994,62004,10
12.9905595779,80.2202835083,62004,62014,10
12.9911003113,80.2198791504,62014,62034,20
12.9911003113,80.2198791504,62034,62044,10
12.9912796021,80.2197036743,62044,62054,10
12.9916000366,80.2194366455,62054,62064,10
12.9919395447,80.2192306519,62064,62074,10
12.9924297333,80.2188796997,62074,62084,10
12.9930696487,80.2184295654,62084,62094,10
12.9937496185,80.2179412842,62094,62104,10
12.9942398071,80.2175827026,62104,62115,11
12.9947595596,80.2172088623,62115,62125,10
12.9951295853,80.2169570923,62125,62135,10
12.9955596924,80.2167510986,62135,62145,10
12.9961700439,80.2165679932,62145,62155,10
12.9969396591,80.2164993286,62155,62165,10
12.9972600937,80.2164230347,62165,62175,10
12.9975099564,80.216178894,62175,62185,10
12.9975700378,80.2161178589,62185,62195,10
12.9977703094,80.2159500122,62195,62205,10
12.9981403351,80.215637207,62205,62215,10
12.9987001419,80.2152023315,62215,62224,9
12.9991197586,80.2147903442,62224,62236,12
12.9995098114,80.2144393921,62236,62246,10
12.9999399185,80.2140426636,62246,62256,10
13.00041008,80.2136001587,62256,62266,10
13.0009803772,80.2131500244,62266,62276,10
13.0015296936,80.2127227783,62276,62286,10
13.0021495819,80.2123184204,62286,62296,10
13.0025997162,80.2121276855,62296,62306,10
13.0028800964,80.212097168,62306,62316,10
13.0033798218,80.2120666504,62316,62326,10
13.0036697388,80.2118988037,62326,62336,10
13.0036897659,80.211479187,62336,62346,10
13.0036401749,80.2108383179,62346,62357,11
13.0035400391,80.2101211548,62357,62367,10
13.0035400391,80.2094116211,62367,62377,10
13.0037698746,80.2086715698,62377,62387,10
13.0045003891,80.2088394165,62387,62397,10
13.0053396225,80.2092285156,62397,62407,10
13.0060300827,80.2094802856,62407,62417,10
13.0062599182,80.2095718384,62417,62427,10
13.0065402985,80.2096633911,62427,62437,10
13.007349968,80.2098236084,62437,62457,20
13.007349968,80.2098236084,62457,62467,10
13.0074396133,80.2098617554,62467,62478,11
13.0077800751,80.2099304199,62478,62488,10
13.008190155,80.2099304199,62488,62498,10
13.0080900192,80.2094573975,62498,62508,10
13.0079898834,80.2088928223,62508,62518,10
13.0078802109,80.2081375122,62518,62528,10
13.0077495575,80.2072906494,62528,62538,10
13.0076503754,80.2066802979,62538,62548,10
13.0075597763,80.2060012817,62548,62558,10
13.0075101852,80.205291748,62558,62568,10
13.0075101852,80.2046279907,62568,62578,10
13.0074596405,80.203918457,62578,62589,11
13.0073003769,80.2029571533,62589,62599,10
13.0067396164,80.2025985718,62599,62609,10
13.0065803528,80.203163147,62609,62619,10
13.0069704056,80.2034683228,62619,62629,10
13.0074701309,80.2036590576,62629,62639,10
13.0082101822,80.2037200928,62639,62649,10
13.0092201233,80.2036590576,62649,62659,10
13.0104198456,80.2036209106,62659,62669,10
13.0116996765,80.203742981,62669,62679,10
13.0129003525,80.2039718628,62679,62689,10
13.0135498047,80.2041625977,62689,62699,10
13.0142402649,80.2043991089,62699,62708,9
13.0148000717,80.2045822144,62708,62720,12
13.0148897171,80.2045974731,62720,62730,10
13.0152301788,80.2047195435,62730,62740,10
13.0158004761,80.2049179077,62740,62750,10
13.016289711,80.205078125,62750,62760,10
13.0168104172,80.2051925659,62760,62770,10
13.0174798965,80.2054901123,62770,62780,10
13.0177097321,80.2055587769,62780,62790,10
13.0180797577,80.2057113647,62790,62800,10
13.0185604095,80.205871582,62800,62810,10
13.0186195374,80.2058792114,62810,62819,9
13.0187101364,80.2059173584,62819,62831,12
13.0191602707,80.2060928345,62831,62841,10
13.0197601318,80.206237793,62841,62851,10
13.0205497742,80.2063293457,62851,62861,10
13.0212802887,80.2062988281,62861,62871,10
13.0215797424,80.2062835693,62871,62881,10
13.0220403671,80.2062988281,62881,62891,10
13.0233602524,80.206489563,62891,62901,10
13.0233602524,80.206489563,62901,62911,10
13.0238800049,80.2065582275,62911,62920,9
13.0243196487,80.2066421509,62920,62937,17
13.0245399475,80.2067184448,62937,62949,12
13.0251903534,80.2069015503,62949,62959,10
13.0259895325,80.2072525024,62959,62969,10
13.0267496109,80.2077026367,62969,62979,10
13.0275697708,80.2081985474,62979,62989,10
13.0284795761,80.2085800171,62989,62999,10
13.0291900635,80.2087631226,62999,63009,10
13.0298500061,80.2089080811,63009,63019,10
13.0305595398,80.2091217041,63019,63029,10
13.0312595367,80.2092819214,63029,63039,10
13.0315999985,80.2093505859,63039,63059,20
13.0315999985,80.2093505859,63059,63070,11
13.0320196152,80.2094802856,63070,63080,10
13.0326099396,80.209602356,63080,63090,10
13.0333900452,80.2097396851,63090,63100,10
13.0342197418,80.2099380493,63100,63110,10
13.0350198746,80.2101593018,63110,63120,10
13.0350399017,80.2107162476,63120,63130,10
13.0350503922,80.2112426758,63130,63150,20
13.0350503922,80.2112426758,63150,63160,10
13.0350399017,80.2113189697,63160,63170,10
13.0349903107,80.2115783691,63170,63180,10
13.0349397659,80.212059021,63180,63191,11
13.0354995728,80.212272644,63191,63201,10
13.0361995697,80.2123031616,63201,63211,10
13.0367202759,80.212310791,63211,63241,30
13.0367202759,80.212310791,63241,63251,10
13.0371599197,80.212310791,63251,63261,10
13.0377197266,80.2123184204,63261,63271,10
13.0384902954,80.212310791,63271,63281,10
13.0392799377,80.212310791,63281,63291,10
13.0402698517,80.2122802734,63291,63300,9
13.0412797928,80.2122268677,63300,63312,12
13.0426397324,80.2122497559,63312,63322,10
13.0440702438,80.2121734619,63322,63422,100
13.0440702438,80.2121734619,63422,63433,11
13.0444602966,80.2121582031,63433,63443,10
13.0450000763,80.2121810913,63443,63453,10
13.04570961,80.2121887207,63453,63463,10
13.0465097427,80.2121887207,63463,63473,10
13.0473899841,80.2121429443,63473,63483,10
13.0485801697,80.2119903564,63483,63523,40
13.0485801697,80.2119903564,63523,63533,10
13.0489301682,80.2119522095,63533,63543,10
13.0496702194,80.2119064331,63543,63584,41
13.0499200821,80.2118988037,63584,63594,10
13.0499200821,80.2118988037,63594,63604,10
13.0501203537,80.2118911743,63604,63614,10
13.0505104065,80.2119216919,63614,63624,10
13.050909996,80.2119216919,63624,63634,10
13.0517902374,80.2118835449,63634,63644,10
13.0528001785,80.2117462158,63644,63654,10
13.0538196564,80.2115020752,63654,63665,11
13.0548601151,80.2113876343,63665,63675,10
13.0559196472,80.2114028931,63675,63685,10
13.0570001602,80.2114334106,63685,63695,10
13.0575199127,80.2114334106,63695,63705,10
13.0575399399,80.2114181519,63705,63715,10
13.0576295853,80.2114334106,63715,63725,10
13.0580501556,80.2114486694,63725,63735,10
13.0586500168,80.2114486694,63735,63745,10
13.0593900681,80.2115097046,63745,63755,10
13.0601997375,80.2115631104,63755,63765,10
13.06112957,80.2115936279,63765,63775,10
13.0620498657,80.2115783691,63775,63786,11
13.0631999969,80.2115097046,63786,63806,20
13.0631999969,80.2115097046,63806,63816,10
13.0633401871,80.2114486694,63816,63826,10
13.0637998581,80.211479187,63826,63836,10
13.0643196106,80.2114105225,63836,63846,10
13.0649900436,80.2110977173,63846,63856,10
13.0656700134,80.2106018066,63856,63866,10
13.0663299561,80.2100372314,63866,63876,10
13.067029953,80.209312439,63876,63886,10
13.0675802231,80.2084197998,63886,63896,10
13.0681295395,80.2075424194,63896,63907,11
13.0687198639,80.2066192627,63907,63917,10
13.0691995621,80.2058792114,63917,63927,10
13.0696697235,80.2051010132,63927,63967,40
13.0696697235,80.2051010132,63967,63977,10
13.0694198608,80.2048416138,63977,63987,10
13.0691204071,80.2051315308,63987,63997,10
13.0687999725,80.2052993774,63997,64007,10
13.0687303543,80.2049636841,64007,64058,51
13.0687303543,80.2049636841,64058,64068,10
13.0687999725,80.2048187256,64068,64078,10
13.0690498352,80.204750061,64078,64088,10
13.0694999695,80.2048034668,64088,64098,10
13.0697803497,80.2048568726,64098,64108,10
13.070019722,80.2046813965,64108,64118,10
13.0702495575,80.2043762207,64118,64128,10
13.0706195831,80.2039108276,64128,64138,10
13.0711603165,80.2032775879,64138,64149,11
13.07172966,80.2025527954,64149,64159,10
13.0719604492,80.2022705078,64159,64169,10
13.0720396042,80.2022323608,64169,64179,10
13.0722303391,80.2020492554,64179,64189,10
13.0723800659,80.2019119263,64189,64199,10
13.0726499557,80.2015609741,64199,64209,10
13.0730800629,80.2010421753,64209,64219,10
13.0732402802,80.2008666992,64219,64229,10
13.073390007,80.2007217407,64229,64239,10
13.0736999512,80.2003479004,64239,64249,10
13.074139595,80.1998062134,64249,64260,11
13.0743999481,80.1995391846,64260,64270,10
13.0744695663,80.1994934082,64270,64280,10
13.0748195648,80.199256897,64280,64290,10
13.0754499435,80.1990966797,64290,64300,10
13.0763101578,80.1990814209,64300,64310,10
13.0773200989,80.1989898682,64310,64320,10
13.0783700943,80.1988525391,64320,64330,10
13.0794801712,80.1987380981,64330,64340,10
13.0804796219,80.198638916,64340,64350,10
13.0813398361,80.1985931396,64350,64360,10
13.0822401047,80.1985168457,64360,64401,41
13.0822401047,80.1985168457,64401,64411,10
13.0827903748,80.1985015869,64411,64421,10
13.0831403732,80.1985168457,64421,64431,10
13.0835504532,80.1985015869,64431,64441,10
13.0838403702,80.1984863281,64441,64451,10
13.084280014,80.1985015869,64451,64461,10
13.0847902298,80.1985015869,64461,64471,10
13.0851802826,80.1985015869,64471,64481,10
13.0855503082,80.1984786987,64481,64492,11
13.0860204697,80.1984405518,64492,64502,10
13.0864696503,80.1984329224,64502,64512,10
13.086810112,80.1984405518,64512,64522,10
13.0870399475,80.1983566284,64522,64532,10
13.0870895386,80.1980895996,64532,64552,20
13.0870895386,80.1980895996,64552,64562,10
13.0871400833,80.1977462769,64562,64572,10
13.0871801376,80.1971511841,64572,64582,10
13.0872097015,80.1963424683,64582,64592,10
13.0872297287,80.1955795288,64592,64602,10
13.0872297287,80.1951904297,64602,64612,10
13.0872402191,80.1947021484,64612,64623,11
13.0872602463,80.1939163208,64623,64633,10
13.0872497559,80.1933288574,64633,64643,10
13.0872497559,80.1933135986,64643,64653,10
13.0872402191,80.1932220459,64653,64663,10
13.0872402191,80.1929626465,64663,64673,10
13.0872898102,80.1926574707,64673,64683,10
13.0873403549,80.1923828125,64683,64693,10
13.087389946,80.1920700073,64693,64703,10
13.0874700546,80.1914978027,64703,64713,10
13.0875501633,80.1907501221,64713,64722,9
13.0876398087,80.190032959,64722,64734,12
13.0876998901,80.1890029907,64734,64754,20
13.0876998901,80.1890029907,64754,64764,10
13.0877199173,80.1885986328,64764,64784,20
13.0877199173,80.1885986328,64784,64794,10
13.0877199173,80.1884078979,64794,64804,10
13.0877399445,80.1881332397,64804,64814,10
13.0878000259,80.1877288818,64814,64824,10
13.0878400803,80.1871185303,64824,64834,10
13.0878601074,80.186416626,64834,64843,9
13.0878801346,80.1860275269,64843,64855,12
13.0879297256,80.1851806641,64855,64865,10
13.08796978,80.1843566895,64865,64875,10
13.0879898071,80.1835403442,64875,64885,10
13.0880203247,80.1827163696,64885,64895,10
13.0880699158,80.1818618774,64895,64905,10
13.0880899429,80.1809921265,64905,64915,10
13.0881004333,80.1802902222,64915,64925,10
13.0880804062,80.1798706055,64925,64935,10
13.0880899429,80.1795272827,64935,64945,10
13.0881004333,80.1791687012,64945,64965,20
13.0881004333,80.1791687012,64965,64976,11
13.0881299973,80.1787719727,64976,64986,10
13.0881500244,80.1781921387,64986,64996,10
13.0881595612,80.1773910522,64996,65006,10
13.0881996155,80.1766662598,65006,65016,10
13.0882396698,80.1759262085,65016,65026,10
13.0882701874,80.17527771,65026,65036,10
13.0882797241,80.1750488281,65036,65046,10
13.0883197784,80.1746902466,65046,65056,10
13.0883903503,80.174079895,65056,65066,10
13.0884504318,80.1733093262,65066,65076,10
13.0884799957,80.1725921631,65076,65086,10
13.08852005,80.1720809937,65086,65097,11
13.0885000229,80.1718292236,65097,65107,10
13.08852005,80.1717071533,65107,65117,10
13.088549614,80.1713409424,65117,65127,10
13.0886001587,80.1707000732,65127,65137,10
13.0886802673,80.1698913574,65137,65147,10
13.0890102386,80.1695480347,65147,65157,10
13.0895500183,80.169593811,65157,65167,10
13.0901699066,80.1696395874,65167,65177,10
13.0909204483,80.1696777344,65177,65187,10
13.0917596817,80.1697311401,65187,65197,10
13.0927696228,80.1697998047,65197,65208,11
13.0938596725,80.1698684692,65208,65218,10
13.0945796967,80.1699066162,65218,65228,10
13.0948400497,80.169921875,65228,65238,10
13.0950603485,80.1699066162,65238,65248,10
13.0951099396,80.1699066162,65248,65258,10
13.0954198837,80.1699371338,65258,65268,10
13.0959796906,80.1699829102,65268,65278,10
13.0967502594,80.1700210571,65278,65288,10
13.0975999832,80.1700668335,65288,65298,10
13.0983104706,80.1701126099,65298,65308,10
13.0990200043,80.1701507568,65308,65318,10
13.0996303558,80.1700515747,65318,65339,21
13.0996303558,80.1700515747,65339,65349,10
13.0996799469,80.169921875,65349,65389,40
13.0996799469,80.169921875,65389,65399,10
13.0995903015,80.169708252,65399,65409,10
13.0993700027,80.1697692871,65409,65631,222
13.0993499756,80.1701431274,65631,66256,625
13.0993499756,80.1701431274,66256,66266,10
13.0992803574,80.1702804565,66266,66276,10
13.0989398956,80.1702423096,66276,66287,11
13.0982704163,80.1701889038,66287,66297,10
13.0977296829,80.1701507568,66297,66307,10
13.0971403122,80.1701126099,66307,66317,10
13.096329689,80.1700668335,66317,66327,10
13.0954904556,80.1700210571,66327,66337,10
13.0949697495,80.1700134277,66337,66347,10
13.0948200226,80.1699905396,66347,66357,10
13.0946798325,80.1699676514,66357,66367,10
13.0944404602,80.1699523926,66367,66377,10
13.0940103531,80.1698989868,66377,66387,10
13.0933504105,80.1698684692,66387,66397,10
13.092499733,80.1698379517,66397,66408,11
13.0908899307,80.1697235107,66408,66418,10
13.0908899307,80.1697235107,66418,66428,10
13.0901699066,80.1696929932,66428,66436,8
13.0895700455,80.1696395874,66436,66449,13
13.0887804031,80.1696395874,66449,66458,9
13.0886802673,80.1699676514,66458,66468,10
13.088640213,80.1706008911,66468,66478,10
13.0886001587,80.1714096069,66478,66488,10
13.0886001587,80.1718978882,66488,66498,10
13.0885601044,80.1723632813,66498,66519,21
13.0884799957,80.1738586426,66519,66529,10
13.0884504318,80.1745910645,66529,66539,10
13.0883903503,80.1753387451,66539,66549,10
13.088350296,80.176109314,66549,66559,10
13.0882997513,80.1768875122,66559,66569,10
13.0882701874,80.1776504517,66569,66579,10
13.0882797241,80.178352356,66579,66609,30
13.0882797241,80.178352356,66609,66619,10
13.0882701874,80.1784667969,66619,66629,10
13.088259697,80.1788711548,66629,66640,11
13.0882396698,80.1793212891,66640,66650,10
13.0882101059,80.1797714233,66650,66660,10
13.0881996155,80.1803512573,66660,66670,10
13.0881900787,80.1810073853,66670,66680,10
13.0881595612,80.1817016602,66680,66690,10
13.0881299973,80.1824264526,66690,66700,10
13.0880899429,80.1831893921,66700,66710,10
13.088060379,80.1840896606,66710,66720,10
13.0880203247,80.1850891113,66720,66730,10
13.0879802704,80.1858673096,66730,66740,10
13.0879497528,80.1866226196,66740,66750,10
13.0879402161,80.1872634888,66750,66761,11
13.0879402161,80.1876373291,66761,66771,10
13.0879497528,80.1879272461,66771,66781,10
13.0879602432,80.1879425049,66781,66791,10
13.0879297256,80.1882171631,66791,66801,10
13.0879001617,80.1887588501,66801,66811,10
13.0878601074,80.1893768311,66811,66821,10
13.0878095627,80.1899108887,66821,66841,20
13.0878095627,80.1899108887,66841,66851,10
13.0877799988,80.190032959,66851,66861,10
13.0877103806,80.1904907227,66861,66871,10
13.0875902176,80.1912078857,66871,66882,11
13.0874700546,80.1920166016,66882,66892,10
13.0874300003,80.1923370361,66892,66902,10
13.0874099731,80.1925735474,66902,66912,10
13.0873804092,80.1927871704,66912,66922,10
13.0873498917,80.193321228,66922,66932,10
13.0873403549,80.1940689087,66932,66942,10
13.0873203278,80.1948776245,66942,66952,10
13.0872898102,80.1956634521,66952,66962,10
13.087269783,80.1964492798,66962,66972,10
13.0872497559,80.1973190308,66972,66982,10
13.0872602463,80.1978225708,66982,66993,11
13.0872497559,80.1979293823,66993,67003,10
13.0872898102,80.1983337402,67003,67013,10
13.087439537,80.1985168457,67013,67023,10
13.0876598358,80.1985321045,67023,67033,10
13.0881700516,80.1985015869,67033,67043,10
13.0886201859,80.1984786987,67043,67053,10
13.0888595581,80.1984863281,67053,67063,10
13.0893297195,80.1985092163,67063,67073,10
13.0897798538,80.1985397339,67073,67083,10
13.0903196335,80.1985931396,67083,67093,10
13.0909996033,80.1986312866,67093,67102,9
13.091460228,80.1986694336,67102,67114,12
13.0922803879,80.1987228394,67114,67124,10
13.0929002762,80.1987533569,67124,67134,10
13.093000412,80.198890686,67134,67144,10
13.0929698944,80.1992492676,67144,67154,10
13.0929403305,80.1998291016,67154,67164,10
13.0929098129,80.2005386353,67164,67235,71
13.0929098129,80.2005386353,67235,67245,10
13.0926399231,80.2007064819,67245,67255,10
13.0924100876,80.2006912231,67255,67265,10
13.0919799805,80.2006835938,67265,67275,10
13.0916996002,80.200668335,67275,67285,10
13.0914201736,80.2006530762,67285,67295,10
13.0911397934,80.200630188,67295,67305,10
13.0909004211,80.2006225586,67305,67315,10
13.0904798508,80.2006072998,67315,67325,10
13.0901403427,80.200592041,67325,67334,9
13.0895795822,80.2005691528,67334,67356,22
13.0893802643,80.2005615234,67356,67376,20
13.0893802643,80.2005615234,67376,67386,10
13.0891199112,80.2005462646,67386,67396,10
13.0888395309,80.2005615234,67396,67406,10
13.0887899399,80.2005462646,67406,67416,10
13.0886898041,80.2005462646,67416,67426,10
13.0884599686,80.2005386353,67426,67436,10
13.0882396698,80.2005310059,67436,67446,10
13.0880002975,80.2005081177,67446,67456,10
13.0877304077,80.2005081177,67456,67467,11
13.0875701904,80.2005081177,67467,67477,10
13.0873203278,80.2005004883,67477,67487,10
13.0872602463,80.2005004883,67487,67497,10
13.0870504379,80.2004928589,67497,67507,10
13.086640358,80.2004776001,67507,67517,10
13.086139679,80.2004623413,67517,67527,10
13.0859203339,80.2004470825,67527,67537,10
13.0858898163,80.2004470825,67537,67547,10
13.0855798721,80.2004394531,67547,67557,10
13.0854301453,80.2004165649,67557,67567,10
13.0853595734,80.2004089355,67567,67577,10
13.0852804184,80.2002487183,67577,67588,11
13.0852899551,80.199760437,67588,67598,10
13.0853004456,80.1992492676,67598,67608,10
13.0852899551,80.1988067627,67608,67618,10
13.0851402283,80.1987762451,67618,67628,10
13.0847902298,80.1987991333,67628,67638,10
13.0846300125,80.1987991333,67638,67648,10
13.0843000412,80.1987686157,67648,67678,30
13.0843000412,80.1987686157,67678,67688,10
13.0840396881,80.1987533569,67688,67697,9
13.0837802887,80.1987380981,67697,67709,12
13.0834302902,80.1987380981,67709,67719,10
13.0832004547,80.1987228394,67719,67729,10
13.0828800201,80.1987228394,67729,67739,10
13.0824604034,80.1987075806,67739,67749,10
13.0821304321,80.1987075806,67749,67759,10
13.0818500519,80.1987228394,67759,67769,10
13.0813903809,80.1987075806,67769,67779,10
13.0808200836,80.1987075806,67779,67789,10
13.0802001953,80.1987762451,67789,67799,10
13.0795602798,80.1988372803,67799,67809,10
13.0791196823,80.1988830566,67809,67819,10
13.0787696838,80.1988983154,67819,67830,11
13.0782899857,80.1989593506,67830,67840,10
13.0776700974,80.1990432739,67840,67850,10
13.076880455,80.1991195679,67850,67860,10
13.0760297775,80.1992111206,67860,67870,10
13.075220108,80.1993408203,67870,67880,10
13.0745201111,80.1996994019,67880,67890,10
13.0741996765,80.1999588013,67890,67900,10
13.0740995407,80.200050354,67900,67910,10
13.0740003586,80.2001495361,67910,67920,10
13.0738697052,80.200302124,67920,67930,10
13.0737800598,80.2004394531,67930,67941,11
13.0736999512,80.2005462646,67941,67951,10
13.0736503601,80.2006378174,67951,67961,10
13.0736103058,80.2006988525,67961,67971,10
13.073559761,80.2007522583,67971,67981,10
13.0732698441,80.2010574341,67981,67991,10
13.0728502274,80.2015609741,67991,68001,10
13.0722398758,80.2022399902,68001,68021,20
13.0722398758,80.2022399902,68021,68031,10
13.0721302032,80.202331543,68031,68041,10
13.0718002319,80.2026901245,68041,68050,9
13.0713701248,80.2031936646,68050,68062,12
13.070690155,80.2039794922,68062,68072,10
13.0698900223,80.2050628662,68072,68132,60
13.0698900223,80.2050628662,68132,68142,10
13.069560051,80.2049026489,68142,68152,10
13.0693101883,80.2049484253,68152,68162,10
13.0690898895,80.205368042,68162,68172,10
13.0686397552,80.2055130005,68172,68183,11
13.0679998398,80.2054519653,68183,68233,50
13.0679998398,80.2054519653,68233,68243,10
13.0679798126,80.2052536011,68243,68253,10
13.0681600571,80.2050628662,68253,68263,10
13.0685596466,80.2049026489,68263,68273,10
13.0689601898,80.2047729492,68273,68283,10
13.0692596436,80.2047805786,68283,68293,10
13.069609642,80.2048416138,68293,68344,51
13.069609642,80.2048416138,68344,68354,10
13.0698404312,80.205078125,68354,68364,10
13.069609642,80.2055282593,68364,68374,10
13.069270134,80.2060623169,68374,68384,10
13.0688400269,80.2067337036,68384,68394,10
13.0683698654,80.2074890137,68394,68404,10
13.0678501129,80.2083435059,68404,68415,11
13.0677099228,80.2085800171,68415,68425,10
13.067700386,80.2086105347,68425,68435,10
13.067489624,80.2089385986,68435,68445,10
13.067150116,80.2094573975,68445,68455,10
13.0666103363,80.2100830078,68455,68465,10
13.0658998489,80.2106704712,68465,68475,10
13.0650701523,80.2113418579,68475,68505,30
13.0650701523,80.2113418579,68505,68515,10
13.0649204254,80.21144104,68515,68525,10
13.0644903183,80.2116317749,68525,68536,11
13.0640096664,80.2117767334,68536,68546,10
13.0639801025,80.2117919922,68546,68556,10
13.063750267,80.2117767334,68556,68566,10
13.0633296967,80.2117996216,68566,68576,10
13.0626802444,80.2118301392,68576,68586,10
13.0620098114,80.211807251,68586,68596,10
13.0613002777,80.211807251,68596,68606,10
13.0604696274,80.2117767334,68606,68616,10
13.0595998764,80.2117462158,68616,68626,10
13.0587100983,80.2117233276,68626,68636,10
13.0579795837,80.2116928101,68636,68646,10
13.0576696396,80.2116928101,68646,68657,11
13.0576095581,80.2117004395,68657,68667,10
13.0572500229,80.2116928101,68667,68677,10
13.0566997528,80.2116699219,68677,68687,10
13.0559396744,80.2116470337,68687,68697,10
13.055100441,80.2116470337,68697,68707,10
13.0544204712,80.2116699219,68707,68717,10
13.0537996292,80.2117919922,68717,68727,10
13.0531101227,80.2119674683,68727,68737,10
13.0526800156,80.212097168,68737,68747,10
13.0524501801,80.2121582031,68747,68757,10
13.0521602631,80.2122192383,68757,68788,31
13.0521602631,80.2122192383,68788,68798,10
13.0517501831,80.212272644,68798,68808,10
13.051320076,80.212272644,68808,68818,10
13.0508804321,80.2122879028,68818,68848,30
13.0508804321,80.2122879028,68848,68858,10
13.0506000519,80.2122802734,68858,68868,10
13.0502099991,80.2122573853,68868,68878,10
13.0496301651,80.212272644,68878,68909,31
13.0496301651,80.212272644,68909,68919,10
13.0494098663,80.2122879028,68919,68929,10
13.0489797592,80.2122802734,68929,68939,10
13.0483503342,80.212310791,68939,68949,10
13.047539711,80.2123565674,68949,68959,10
13.0466804504,80.2124023438,68959,68969,10
13.0458297729,80.2124328613,68969,68979,10
13.0450601578,80.2124633789,68979,68989,10
13.0445203781,80.2125015259,68989,68999,10
13.0440597534,80.2124710083,68999,69010,11
13.0432796478,80.2124710083,69010,69020,10
13.042429924,80.2124481201,69020,69030,10
13.0414896011,80.2124404907,69030,69040,10
13.0405197144,80.2124404907,69040,69050,10
13.0397796631,80.2124633789,69050,69060,10
13.0394296646,80.2124710083,69060,69070,10
13.0389204025,80.2124786377,69070,69080,10
13.0381803513,80.2124862671,69080,69151,71
13.0381803513,80.2124862671,69151,69161,10
13.0379695892,80.2125167847,69161,69171,10
13.0377197266,80.2125167847,69171,69181,10
13.0373401642,80.2125015259,69181,69191,10
13.0367202759,80.2124404907,69191,69201,10
13.0360202789,80.2124328613,69201,69211,10
13.0358200073,80.2124481201,69211,69221,10
13.0355396271,80.2124328613,69221,69231,10
13.035320282,80.2124176025,69231,69282,51
13.035320282,80.2124176025,69282,69292,10
13.0349197388,80.2123031616,69292,69302,10
13.0346403122,80.2122497559,69302,69312,10
13.0345201492,80.2122192383,69312,69322,10
13.0340995789,80.2121887207,69322,69352,30
13.0340995789,80.2121887207,69352,69362,10
13.0338401794,80.2121582031,69362,69373,11
13.0335597992,80.2120819092,69373,69383,10
13.0331001282,80.2119598389,69383,69393,10
13.0324697495,80.2118682861,69393,69403,10
13.0319499969,80.2116699219,69403,69413,10
13.0319900513,80.2111663818,69413,69423,10
13.0320196152,80.2105712891,69423,69433,10
13.0320997238,80.2099075317,69433,69443,10
13.0317201614,80.2096328735,69443,69453,10
13.0310897827,80.2094497681,69453,69463,10
13.0307197571,80.2093734741,69463,69473,10
13.0305404663,80.209312439,69473,69484,11
13.0300703049,80.2091827393,69484,69494,10
13.029540062,80.209022522,69494,69524,30
13.029540062,80.209022522,69524,69534,10
13.0292396545,80.2089385986,69534,69544,10
13.0286302567,80.2087936401,69544,69554,10
13.0278501511,80.2085266113,69554,69564,10
13.0271100998,80.2081069946,69564,69574,10
13.0263299942,80.2076416016,69574,69584,10
13.0254602432,80.2071990967,69584,69594,10
13.0247001648,80.207069397,69594,69605,11
13.0242395401,80.2069778442,69605,69615,10
13.0242004395,80.2069702148,69615,69625,10
13.0240697861,80.2069091797,69625,69635,10
13.023639679,80.20677948,69635,69645,10
13.023059845,80.2066421509,69645,69655,10
13.0223197937,80.2065124512,69655,69665,10
13.0218496323,80.2064819336,69665,69675,10
13.0215196609,80.2064819336,69675,69685,10
13.0210103989,80.2064819336,69685,69695,10
13.0202999115,80.2064666748,69695,69705,10
13.0195798874,80.2064819336,69705,69715,10
13.019109726,80.206413269,69715,69726,11
13.0190601349,80.2063903809,69726,69736,10
13.0189399719,80.2063674927,69736,69746,10
13.0185203552,80.2062225342,69746,69756,10
13.0179100037,80.2060012817,69756,69766,10
13.0174598694,80.2058181763,69766,69776,10
13.0171098709,80.2056808472,69776,69786,10
13.0168800354,80.2056427002,69786,69796,10
13.0164804459,80.2054367065,69796,69806,10
13.0158004761,80.2052001953,69806,69816,10
13.0150604248,80.2049484253,69816,69825,9
13.0142498016,80.2046890259,69825,69847,22
13.0142498016,80.2046890259,69847,69857,10
13.0140800476,80.2046127319,69857,69867,10
13.013759613,80.204498291,69867,69887,20
13.013759613,80.204498291,69887,69897,10
13.0137195587,80.204460144,69897,69907,10
13.0135602951,80.2046127319,69907,69917,10
13.0134401321,80.2050170898,69917,69927,10
13.0132398605,80.205619812,69927,69937,10
13.0130596161,80.2062911987,69937,69947,10
13.0129995346,80.2069625854,69947,69958,11
13.0129203796,80.2076873779,69958,69968,10
13.0128602982,80.2080688477,69968,69978,10
13.0128498077,80.2085418701,69978,69988,10
13.0129098892,80.2089080811,69988,69998,10
13.0129804611,80.209312439,69998,70008,10
13.0131902695,80.2097396851,70008,70018,10
13.0131196976,80.2103118896,70018,70028,10
13.0129804611,80.2109985352,70028,70038,10
13.0126800537,80.2116165161,70038,70048,10
13.0122900009,80.2122573853,70048,70058,10
13.0119695663,80.2127227783,70058,70067,9
13.0119400024,80.2127609253,70067,70079,12
13.0116901398,80.2128219604,70079,70089,10
13.0114002228,80.2126312256,70089,70099,10
13.0109300613,80.2123031616,70099,70108,9
13.0104904175,80.2119674683,70108,70119,11
13.0103302002,80.2118377686,70119,70129,10
13.0102396011,80.211769104,70129,70139,10
13.0100002289,80.2115783691,70139,70149,10
13.0095796585,80.2112808228,70149,70220,71
13.0095796585,80.2112808228,70220,70230,10
13.0092401505,80.21118927,70230,70240,10
13.0090999603,80.2114105225,70240,70250,10
13.0090103149,80.2115631104,70250,70260,10
13.0090503693,80.2118301392,70260,70270,10
13.0091896057,80.2122879028,70270,70280,10
13.0093603134,80.2127838135,70280,70290,10
13.0095100403,80.2131881714,70290,70300,10
13.0096502304,80.2135391235,70300,70311,11
13.0098199844,80.2139511108,70311,70321,10
13.0100002289,80.2144012451,70321,70331,10
13.0101299286,80.2148971558,70331,70341,10
13.010219574,80.215637207,70341,70351,10
13.0105495453,80.2164382935,70351,70361,10
13.0109500885,80.2173233032,70361,70371,10
13.011349678,80.2183303833,70371,70381,10
13.0117101669,80.2194290161,70381,70391,10
13.0120697021,80.2205276489,70391,70401,10
13.0123300552,80.2214508057,70401,70411,10
13.0126600266,80.2219772339,70411,70421,10
13.0128097534,80.2222137451,70421,70432,11
13.0130195618,80.2224578857,70432,70442,10
13.013299942,80.2227630615,70442,70452,10
13.0135202408,80.2230072021,70452,70462,10
13.0138502121,80.2233810425,70462,70472,10
13.0141401291,80.2237472534,70472,70482,10
13.0143203735,80.223991394,70482,70492,10
13.0146303177,80.2243423462,70492,70502,10
13.0149698257,80.2247467041,70502,70512,10
13.015370369,80.2252731323,70512,70522,10
13.0153198242,80.2257995605,70522,70532,10
13.0150203705,80.225982666,70532,70542,10
13.0145902634,80.2261428833,70542,70553,11
13.0139398575,80.2264099121,70553,70563,10
13.0133304596,80.2266769409,70563,70573,10
13.0126304626,80.2269210815,70573,70583,10
13.0118598938,80.2272109985,70583,70593,10
13.0111198425,80.2275009155,70593,70603,10
13.0103597641,80.2277984619,70603,70613,10
13.0095901489,80.2279815674,70613,70623,10
13.0094995499,80.2275619507,70623,70633,10
13.0096702576,80.2272033691,70633,70643,10
13.0099000931,80.2267074585,70643,70652,9
13.0101003647,80.2262802124,70652,70664,12
13.0102996826,80.2257766724,70664,70674,10
13.0104103088,80.2255020142,70674,70684,10
13.0105304718,80.2251968384,70684,70694,10
13.010720253,80.2248382568,70694,70704,10
13.0108604431,80.2244110107,70704,70714,10
13.0110702515,80.2238311768,70714,70724,10
13.0112400055,80.2233810425,70724,70734,10
13.0109996796,80.2231216431,70734,70744,10
13.0105495453,80.2228927612,70744,70754,10
13.0099802017,80.2225875854,70754,70764,10
13.0093202591,80.2222290039,70764,70774,10
13.0086603165,80.2218780518,70774,70785,11
13.0079298019,80.2215118408,70785,70795,10
13.0073003769,80.2211532593,70795,70805,10
13.0068502426,80.2209091187,70805,70815,10
13.0063295364,80.2206802368,70815,70825,10
13.0055904388,80.2205429077,70825,70835,10
13.0048398972,80.2203826904,70835,70845,10
13.0042695999,80.2202377319,70845,70855,10
13.0037403107,80.220123291,70855,70865,10
13.0031299591,80.2199630737,70865,70875,10
13.0024995804,80.2196426392,70875,70885,10
13.002240181,80.2194137573,70885,70895,10
13.0022296906,80.2193984985,70895,70906,11
13.0021495819,80.219291687,70906,70916,10
13.0020799637,80.2192230225,70916,70926,10
13.0019302368,80.2190475464,70926,70936,10
13.0015602112,80.218711853,70936,70946,10
13.0010595322,80.2183609009,70946,70956,10
13.0005197525,80.2180023193,70956,70966,10
12.9999198914,80.217628479,70966,70976,10
12.9992103577,80.2172012329,70976,70986,10
12.9984798431,80.2168426514,70986,70996,10
12.9978399277,80.2166519165,70996,71006,10
12.9975204468,80.2166213989,71006,71017,11
12.9975004196,80.2166213989,71017,71027,10
12.9974002838,80.2166213989,71027,71037,10
12.9971199036,80.2166290283,71037,71047,10
12.996720314,80.2166366577,71047,71057,10
12.9964599609,80.2166595459,71057,71067,10
12.9961395264,80.2167205811,71067,71077,10
12.9959497452,80.2167510986,71077,71087,10
12.9957704544,80.2167892456,71087,71097,10
12.9955196381,80.2168579102,71097,71107,10
12.9952001572,80.2170181274,71107,71127,20
12.9952001572,80.2170181274,71127,71138,11
12.9948396683,80.2172470093,71138,71148,10
12.9943799973,80.2175827026,71148,71158,10
12.9939498901,80.2179031372,71158,71168,10
12.9935998917,80.2181396484,71168,71178,10
12.9931898117,80.2184295654,71178,71188,10
12.9927597046,80.2187423706,71188,71198,10
12.9922304153,80.2191390991,71198,71208,10
12.9917001724,80.2195205688,71208,71218,10
12.9910697937,80.2195587158,71218,71238,20
12.9910697937,80.2195587158,71238,71248,10
12.9907903671,80.2194519043,71248,71259,11
12.9902200699,80.21925354,71259,71269,10
12.989689827,80.2190628052,71269,71279,10
12.9891195297,80.2188491821,71279,71289,10
12.9883499146,80.2185974121,71289,71299,10
12.987569809,80.218460083,71299,71309,10
12.987449646,80.2184524536,71309,71319,10
12.9873800278,80.2184371948,71319,71329,10
12.9871501923,80.2184066772,71329,71339,10
12.9870700836,80.2183837891,71339,71349,10
12.9866895676,80.2182769775,71349,71359,10
12.9860897064,80.218132019,71359,71369,10
12.9853401184,80.2180099487,71369,71380,11
12.9846096039,80.2180404663,71380,71390,10
12.984000206,80.2180633545,71390,71410,20
12.984000206,80.2180633545,71410,71420,10
12.983830452,80.2180633545,71420,71430,10
12.9833402634,80.2180633545,71430,71440,10
12.9827003479,80.2180633545,71440,71450,10
12.9822902679,80.2180786133,71450,71460,10
12.9818096161,80.2180786133,71460,71470,10
12.9811201096,80.2182388306,71470,71480,10
12.9804601669,80.2184371948,71480,71491,11
12.9800395966,80.2186126709,71491,71501,10
12.979640007,80.2187576294,71501,71511,10
12.9791002274,80.2189712524,71511,71521,10
12.9786396027,80.2191467285,71521,71531,10
12.9781398773,80.2193603516,71531,71541,10
12.9774398804,80.2196502686,71541,71551,10
12.976650238,80.2199935913,71551,71561,10
12.9761600494,80.2202377319,71561,71571,10
12.9758501053,80.2203598022,71571,71721,150
12.9758501053,80.2203598022,71721,71733,12
12.975569725,80.220489502,71733,71743,10
12.9754695892,80.2206878662,71743,71753,10
12.9754600525,80.2207336426,71753,71763,10
12.9755802155,80.2208404541,71763,71773,10
12.9757404327,80.2209701538,71773,71783,10
12.9759397507,80.2211074829,71783,71854,71
12.9760503769,80.2211532593,71854,72449,595
12.9762096405,80.2212905884,72449,72479,30
12.9762096405,80.2212905884,72479,72489,10
12.9764604568,80.2212677002,72489,72499,10
12.976770401,80.2212524414,72499,72509,10
12.9773197174,80.2212371826,72509,72519,10
12.9779901505,80.221206665,72519,72529,10
12.9785699844,80.2211685181,72529,72539,10
12.9792098999,80.2211380005,72539,72549,10
12.9799003601,80.2210922241,72549,72559,10
12.9805297852,80.221031189,72559,72570,11
12.9811296463,80.2211227417,72570,72580,10
12.9816503525,80.2214202881,72580,72590,10
12.982170105,80.2217636108,72590,72600,10
12.9827899933,80.2219772339,72600,72630,30
12.9827899933,80.2219772339,72630,72640,10
12.9831199646,80.2221298218,72640,72650,10
12.983420372,80.2223510742,72650,72660,10
12.9836397171,80.2224807739,72660,72670,10
12.9838104248,80.2225799561,72670,72680,10
12.9841995239,80.2228088379,72680,72691,11
12.9847202301,80.2231216431,72691,72701,10
12.9852600098,80.2233276367,72701,72711,10
12.9857196808,80.2230529785,72711,72741,30
12.9857196808,80.2230529785,72741,72751,10
12.9857702255,80.2229995728,72751,72761,10
12.9860601425,80.2229690552,72761,72771,10
12.9862203598,80.2229690552,72771,72911,140
12.9862203598,80.2229690552,72911,72923,12
12.9866504669,80.2230072021,72923,72933,10
12.9869604111,80.2230606079,72933,72953,20
12.9869604111,80.2230606079,72953,72963,10
12.9870796204,80.2230834961,72963,72973,10
12.9873304367,80.2231063843,72973,72983,10
12.9876003265,80.2230987549,72983,72993,10
12.9880304337,80.2228927612,72993,73003,10
12.9884395599,80.2225036621,73003,73013,10
12.988820076,80.2220916748,73013,73023,10
12.9889602661,80.2219467163,73023,73033,10
12.9892196655,80.2216110229,73033,73044,11
12.9893598557,80.2214202881,73044,73054,10
12.9895801544,80.2211227417,73054,73064,10
12.9900197983,80.2206802368,73064,73074,10
12.9904003143,80.2203598022,73074,73084,10
12.9905099869,80.2202911377,73084,73094,10
12.9907999039,80.2200698853,73094,73104,10
12.991230011,80.2196807861,73104,73124,20
12.991230011,80.2196807861,73124,73134,10
12.9913902283,80.219581604,73134,73144,10
12.9917802811,80.2193222046,73144,73154,10
12.9923095703,80.218963623,73154,73165,11
12.9930200577,80.2184295654,73165,73175,10
12.993689537,80.2179489136,73175,73185,10
12.9941902161,80.2175979614,73185,73195,10
12.9946298599,80.2172470093,73195,73205,10
12.994799614,80.2171173096,73205,73215,10
12.9951496124,80.2169113159,73215,73225,10
12.9957103729,80.2166671753,73225,73235,10
12.9963998795,80.2165527344,73235,73245,10
12.997010231,80.2164916992,73245,73255,10
12.9973602295,80.2162094116,73255,73265,10
12.9974603653,80.2161178589,73265,73275,10
12.9975700378,80.2160568237,73275,73286,11
12.9979295731,80.2157516479,73286,73296,10
12.9983797073,80.2153396606,73296,73306,10
12.9989204407,80.2148590088,73306,73316,10
12.9991798401,80.214630127,73316,73326,10
12.999540329,80.2143325806,73326,73336,10
12.9999599457,80.2139663696,73336,73346,10
13.0004701614,80.2135009766,73346,73356,10
13.0009899139,80.2130813599,73356,73366,10
13.0015697479,80.2126464844,73366,73376,10
13.0020103455,80.2123565674,73376,73386,10
13.0024995804,80.2121429443,73386,73397,11
13.0030603409,80.2120895386,73397,73407,10
13.0035800934,80.2120132446,73407,73417,10
13.0036296844,80.2118911743,73417,73427,10
13.0036201477,80.2115325928,73427,73437,10
13.0035896301,80.2109909058,73437,73447,10
13.0035295486,80.2104873657,73447,73457,10
13.0034704208,80.2100524902,73457,73467,10
13.0034503937,80.2096481323,73467,73477,10
13.0035495758,80.2091293335,73477,73487,10
13.0038700104,80.2086791992,73487,73497,10
13.004650116,80.2089996338,73497,73507,10
13.005610466,80.2094116211,73507,73518,11
13.0065698624,80.2097167969,73518,73528,10
13.007109642,80.2098312378,73528,73578,50
13.007109642,80.2098312378,73578,73588,10
13.007349968,80.2098770142,73588,73598,10
13.0076799393,80.2099533081,73598,73608,10
13.0080795288,80.2100067139,73608,73618,10
13.0080795288,80.2097015381,73618,73629,11
13.0079498291,80.2091064453,73629,73639,10
13.0078296661,80.2083511353,73639,73649,10
13.0076999664,80.2074966431,73649,73659,10
13.0075597763,80.2067565918,73659,73669,10
13.0074901581,80.2061233521,73669,73679,10
13.0074501038,80.2055969238,73679,73689,10
13.0074501038,80.2052001953,73689,73699,10
13.0074501038,80.2047424316,73699,73709,10
13.0074300766,80.204246521,73709,73719,10
13.007349968,80.2036514282,73719,73729,10
13.0071697235,80.2028121948,73729,73739,10
13.0065498352,80.2027511597,73739,73750,11
13.0066699982,80.2033920288,73750,73760,10
13.0073099136,80.2036819458,73760,73770,10
13.0081195831,80.2037734985,73770,73780,10
13.0090999603,80.2036972046,73780,73790,10
13.0102796555,80.2036590576,73790,73800,10
13.0115404129,80.2037582397,73800,73810,10
13.0127096176,80.2039718628,73810,73820,10
13.013469696,80.2041778564,73820,73830,10
13.014289856,80.2044677734,73830,73840,10
13.0148696899,80.2046508789,73840,73850,10
13.0148801804,80.2046432495,73850,73860,10
13.0150403976,80.2046737671,73860,73871,11
13.0155801773,80.2048492432,73871,73881,10
13.0162296295,80.2051086426,73881,73891,10
13.0169200897,80.2052230835,73891,73901,10
13.0177402496,80.205619812,73901,73911,10
13.0183801651,80.2058563232,73911,73921,10
13.0186595917,80.2059402466,73921,73931,10
13.0187301636,80.205947876,73931,73941,10
13.0190200806,80.2060623169,73941,73951,10
13.0195398331,80.2062225342,73951,73961,10
13.0202703476,80.2062988281,73961,73971,10
13.0211200714,80.2063293457,73971,73981,10
13.0220298767,80.2063827515,73981,73992,11
13.023059845,80.2065200806,73992,74002,10
13.0240001678,80.2066574097,74002,74012,10
13.0242700577,80.2067108154,74012,74022,10
13.0243396759,80.2067337036,74022,74032,10
13.0247097015,80.2068328857,74032,74042,10
13.0253801346,80.2070236206,74042,74052,10
13.0261602402,80.2074203491,74052,74062,10
13.0269298553,80.2078781128,74062,74072,10
13.0278100967,80.2083969116,74072,74082,10
13.028840065,80.2087097168,74082,74092,10
13.0295600891,80.2088775635,74092,74103,11
13.0297603607,80.2089233398,74103,74113,10
13.0300998688,80.2090301514,74113,74123,10
13.0306797028,80.2091903687,74123,74133,10
13.0313196182,80.2093505859,74133,74143,10
13.0316495895,80.2094268799,74143,74153,10
13.0317201614,80.2094497681,74153,74163,10
13.0320396423,80.2095413208,74163,74173,10
13.03262043,80.2096405029,74173,74183,10
13.0333595276,80.2098007202,74183,74193,10
13.0340995789,80.2099533081,74193,74203,10
13.0346097946,80.210067749,74203,74213,10
13.0349502563,80.2101669312,74213,74224,11
13.0349597931,80.2106170654,74224,74234,10
13.0349597931,80.2113037109,74234,74254,20
13.0349597931,80.2113037109,74254,74264,10
13.0348901749,80.2117080688,74264,74274,10
13.0349302292,80.2121963501,74274,74284,10
13.0354995728,80.212272644,74284,74294,10
13.0362596512,80.212310791,74294,74304,10
13.0370702744,80.2123336792,74304,74314,10
13.0378303528,80.2123413086,74314,74324,10
13.0386800766,80.212310791,74324,74334,10
13.0396900177,80.2123031616,74334,74345,11
13.0409002304,80.2123031616,74345,74355,10
13.0419998169,80.212310791,74355,74365,10
13.0431098938,80.2123184204,74365,74375,10
13.0437698364,80.2123184204,74375,74476,101
13.0437698364,80.2123184204,74476,74486,10
13.0439901352,80.2122802734,74486,74496,10
13.0444803238,80.2122879028,74496,74506,10
13.0451402664,80.212272644,74506,74516,10
13.0459699631,80.2122497559,74516,74526,10
13.046380043,80.2122497559,74526,74536,10
13.0465097427,80.2122573853,74536,74546,10
13.0467700958,80.2122573853,74546,74556,10
13.0473003387,80.2121505737,74556,74587,31
13.0473003387,80.2121505737,74587,74597,10
13.0473899841,80.2120895386,74597,74607,10
13.0476703644,80.2120819092,74607,74617,10
13.0480604172,80.2120513916,74617,74637,20
13.0480604172,80.2120513916,74637,74647,10
13.0482397079,80.2120285034,74647,74657,10
13.0484304428,80.2119979858,74657,74667,10
13.0485401154,80.2119827271,74667,74677,10
13.0487298965,80.2119674683,74677,74738,61
13.0487298965,80.2119674683,74738,74748,10
13.0489902496,80.2119827271,74748,74758,10
13.0493202209,80.2119598389,74758,74768,10
13.049489975,80.2119369507,74768,74778,10
13.0498399734,80.2119216919,74778,74798,20
13.0498399734,80.2119216919,74798,74808,10
13.0500898361,80.2119064331,74808,74819,11
13.0503797531,80.2119598389,74819,74829,10
13.0508203506,80.2119827271,74829,74839,10
13.0516300201,80.2120132446,74839,74849,10
13.0525798798,80.2118682861,74849,74859,10
13.0535898209,80.2116394043,74859,74869,10
13.0545101166,80.2114562988,74869,74879,10
13.0554199219,80.2114334106,74879,74889,10
13.0564699173,80.2114486694,74889,74899,10
13.0570497513,80.21144104,74899,74909,10
13.057100296,80.2114334106,74909,74919,10
13.0572795868,80.2114181519,74919,74929,10
13.0578203201,80.2114334106,74929,74940,11
13.0584602356,80.2114868164,74940,74950,10
13.0589599609,80.211517334,74950,74960,10
13.0596599579,80.2115478516,74960,74970,10
13.0604295731,80.2115783691,74970,74980,10
13.0612297058,80.2116088867,74980,74990,10
13.0620698929,80.2116394043,74990,75000,10
13.0631399155,80.2115402222,75000,75020,20
13.0631399155,80.2115402222,75020,75030,10
13.0634698868,80.2115325928,75030,75040,10
13.0637397766,80.2115097046,75040,75051,11
13.0642004013,80.21144104,75051,75061,10
13.0648603439,80.2111816406,75061,75071,10
13.0655603409,80.2106781006,75071,75081,10
13.0662298203,80.2101135254,75081,75091,10
13.0669403076,80.2093734741,75091,75101,10
13.0674695969,80.2085876465,75101,75111,10
13.0679998398,80.2077178955,75111,75121,10
13.0686101913,80.2067871094,75121,75131,10
13.069029808,80.2061386108,75131,75141,10
13.0692596436,80.2057418823,75141,75151,10
13.0694503784,80.205406189,75151,75161,10
13.0696296692,80.2050704956,75161,75172,11
13.0694704056,80.2048568726,75172,75182,10
13.0689496994,80.2053527832,75182,75192,10
13.0688495636,80.2053909302,75192,75211,19
13.0686502457,80.2049789429,75211,75281,70
13.0686502457,80.2049789429,75281,75302,21
13.068860054,80.2048034668,75302,75312,10
13.0689601898,80.204750061,75312,75322,10
13.0691299438,80.2047576904,75322,75332,10
13.0695295334,80.2048187256,75332,75372,40
13.0695295334,80.2048187256,75372,75382,10
13.069899559,80.2048110962,75382,75392,10
13.0701303482,80.2044906616,75392,75402,10
13.0705099106,80.2039871216,75402,75413,11
13.0710897446,80.2033004761,75413,75423,10
13.0714502335,80.2028274536,75423,75433,10
13.07172966,80.202507019,75433,75443,10
13.0719299316,80.2022628784,75443,75453,10
13.0720396042,80.2021408081,75453,75463,10
13.0721597672,80.202041626,75463,75473,10
13.0724401474,80.2017364502,75473,75483,10
13.0726099014,80.2015228271,75483,75493,10
13.0727396011,80.2013931274,75493,75503,10
13.0728702545,80.2012405396,75503,75513,10
13.0731601715,80.2008895874,75513,75523,10
13.0732297897,80.2007980347,75523,75534,11
13.0733699799,80.200630188,75534,75544,10
13.0736904144,80.2002563477,75544,75554,10
13.074090004,80.1997909546,75554,75564,10
13.0743999481,80.1994781494,75564,75574,10
13.0744104385,80.19947052,75574,75584,10
13.0745697021,80.1993331909,75584,75594,10
13.0748596191,80.199180603,75594,75604,10
13.0754203796,80.1990814209,75604,75614,10
13.0761699677,80.1990890503,75614,75624,10
13.0769500732,80.1990203857,75624,75634,10
13.077750206,80.198928833,75634,75645,11
13.0786800385,80.1987991333,75645,75655,10
13.0795001984,80.1987228394,75655,75665,10
13.0803098679,80.1986465454,75665,75675,10
13.0811595917,80.198600769,75675,75685,10
13.0819101334,80.1985702515,75685,75695,10
13.0827198029,80.1985015869,75695,75715,20
13.0827198029,80.1985015869,75715,75725,10
13.0827999115,80.1985092163,75725,75735,10
13.0831403732,80.1985015869,75735,75745,10
13.083609581,80.1984634399,75745,75755,10
13.0840702057,80.1984786987,75755,75766,11
13.08452034,80.1984710693,75766,75776,10
13.0847597122,80.1984710693,75776,75786,10
13.0850200653,80.1984710693,75786,75796,10
13.0853900909,80.1984634399,75796,75806,10
13.0856800079,80.1984405518,75806,75816,10
13.0860795975,80.1984176636,75816,75826,10
13.0866098404,80.1984329224,75826,75836,10
13.0868597031,80.1984329224,75836,75846,10
13.0870103836,80.1983184814,75846,75856,10
13.0870304108,80.1981277466,75856,75866,10
13.0870304108,80.1981201172,75866,75875,9
13.0870704651,80.1978988647,75875,75887,12
13.0871200562,80.1973419189,75887,75897,10
13.0871295929,80.196647644,75897,75907,10
13.0871400833,80.1958389282,75907,75917,10
13.0871696472,80.1951370239,75917,75927,10
13.0871801376,80.1944503784,75927,75937,10
13.0871896744,80.1936035156,75937,75947,10
13.0871801376,80.1930007935,75947,75957,10
13.0872297287,80.1926193237,75957,75967,10
13.0873003006,80.1921615601,75967,75977,10
13.0874004364,80.1914901733,75977,75987,10
13.0874900818,80.190788269,75987,75998,11
13.0875797272,80.1900634766,75998,76008,10
13.0876502991,80.1893768311,76008,76018,10
13.0876502991,80.1890029907,76018,76028,10
13.0876598358,80.1889419556,76028,76038,10
13.0876703262,80.1886367798,76038,76048,10
13.0876598358,80.1884002686,76048,76058,10
13.087679863,80.1881484985,76058,76068,10
13.0877304077,80.1877212524,76068,76078,10
13.0877599716,80.187210083,76078,76088,10
13.0877895355,80.186668396,76088,76098,10
13.0878095627,80.1860733032,76098,76108,10
13.0878200531,80.1855926514,76108,76119,11
13.087849617,80.1849975586,76119,76129,10
13.0878801346,80.1842422485,76129,76139,10
13.0879201889,80.1834564209,76139,76149,10
13.0879497528,80.1826629639,76149,76159,10
13.0879802704,80.1820220947,76159,76169,10
13.0880203247,80.1813812256,76169,76179,10
13.0880403519,80.1807327271,76179,76189,10
13.088060379,80.179901123,76189,76209,20
13.088060379,80.179901123,76209,76219,10
13.0880699158,80.1796417236,76219,76229,10
13.088060379,80.179359436,76229,76240,11
13.088060379,80.1788101196,76240,76250,10
13.0880498886,80.1787796021,76250,76260,10
13.0880498886,80.1785430908,76260,76270,10
13.0880804062,80.177947998,76270,76280,10
13.0880899429,80.1773376465,76280,76290,10
13.0881099701,80.1769866943,76290,76300,10
13.0881500244,80.1764221191,76300,76310,10
13.0882101059,80.1756210327,76310,76320,10
13.088259697,80.1748733521,76320,76330,10
13.0883398056,80.1741104126,76330,76340,10
13.0884103775,80.173210144,76340,76351,11
13.0884504318,80.1721878052,76351,76361,10
13.0884504318,80.1718902588,76361,76371,10
13.088470459,80.1717529297,76371,76381,10
13.0885000229,80.1713867188,76381,76391,10
13.0885400772,80.1708984375,76391,76401,10
13.0885601044,80.1704330444,76401,76411,10
13.0886001587,80.1697006226,76411,76472,61
13.0886001587,80.1697006226,76472,76482,10
13.0886001587,80.1696777344,76482,76492,10
13.088760376,80.1694869995,76492,76502,10
13.0892295837,80.1695404053,76502,76512,10
13.0898399353,80.1695632935,76512,76522,10
13.0903396606,80.169593811,76522,76532,10
13.0909500122,80.169631958,76532,76542,10
13.091629982,80.169670105,76542,76552,10
13.0922698975,80.1697006226,76552,76562,10
13.0928201675,80.1697311401,76562,76572,10
13.0934801102,80.1697616577,76572,76582,10
13.0941896439,80.1697998047,76582,76593,11
13.0946397781,80.1698379517,76593,76603,10
13.0947504044,80.1698532104,76603,76613,10
13.0949602127,80.1698684692,76613,76623,10
13.0953302383,80.1698989868,76623,76633,10
13.0959501266,80.1699295044,76633,76643,10
13.0965204239,80.169960022,76643,76653,10
13.0971002579,80.1699981689,76653,76663,10
13.0976495743,80.1700210571,76663,76673,10
13.0981197357,80.1700515747,76673,76683,10
13.0986499786,80.1700820923,76683,76693,10
13.0990695953,80.1700897217,76693,76704,11
13.0993700027,80.1700897217,76704,76714,10
13.0995502472,80.1700592041,76714,76814,100
13.0995502472,80.1700592041,76814,76825,11
13.0997200012,80.1699981689,76825,76835,10
13.0997200012,80.1697616577,76835,76845,10
13.0997200012,80.1697311401,76845,76855,10
13.0994501114,80.1696624756,76855,76865,10
13.0994100571,80.1699523926,76865,78327,1462
13.0994100571,80.1699523926,78327,78337,10
13.0992097855,80.1702728271,78337,78357,20
13.0992097855,80.1702728271,78357,78366,9
13.0990800858,80.1702194214,78366,78378,12
13.0986099243,80.1701889038,78378,78388,10
13.0979700089,80.1701431274,78388,78398,10
13.0971097946,80.1700820923,78398,78408,10
13.0961399078,80.1700286865,78408,78418,10
13.0951499939,80.1699676514,78418,78428,10
13.0948696136,80.1699523926,78428,78438,10
13.09471035,80.1699371338,78438,78448,10
13.0944404602,80.169921875,78448,78458,10
13.0940599442,80.169883728,78458,78468,10
13.093460083,80.1698379517,78468,78478,10
13.0926303864,80.1697921753,78478,78488,10
13.0916996002,80.1697387695,78488,78499,11
13.0907096863,80.169670105,78499,78509,10
13.0898599625,80.1696166992,78509,78519,10
13.0893802643,80.1696014404,78519,78529,10
13.0888299942,80.1695785522,78529,78539,10
13.0886697769,80.1697921753,78539,78549,10
13.088640213,80.1702804565,78549,78559,10
13.0886001587,80.1710586548,78559,78569,10
13.0885801315,80.1718521118,78569,78579,10
13.0885801315,80.1719589233,78579,78589,10
13.0885696411,80.1720733643,78589,78599,10
13.088549614,80.1725311279,78599,78609,10
13.0885000229,80.1732177734,78609,78620,11
13.0884504318,80.1741485596,78620,78630,10
13.0884304047,80.1748199463,78630,78640,10
13.0883798599,80.1754837036,78640,78650,10
13.0883197784,80.1763000488,78650,78660,10
13.0882701874,80.177192688,78660,78670,10
13.0882701874,80.1778869629,78670,78680,10
13.088259697,80.178527832,78680,78690,10
13.0882501602,80.1785736084,78690,78700,10
13.0882501602,80.1788024902,78700,78710,10
13.0882396698,80.1791000366,78710,78720,10
13.0882301331,80.1796112061,78720,78730,10
13.0882101059,80.1802902222,78730,78741,11
13.0881900787,80.1811828613,78741,78751,10
13.0881595612,80.1819992065,78751,78761,10
13.0881004333,80.1827926636,78761,78771,10
13.088060379,80.1837234497,78771,78781,10
13.0880098343,80.1846618652,78781,78791,10
13.0879898071,80.1856384277,78791,78801,10
13.0879402161,80.1866531372,78801,78811,10
13.0879402161,80.1879425049,78811,78831,20
13.0879402161,80.1879425049,78831,78841,10
13.0879297256,80.1881713867,78841,78852,11
13.0878801346,80.1887435913,78852,78862,10
13.0878400803,80.189453125,78862,78872,10
13.0877895355,80.1898193359,78872,78882,10
13.087770462,80.1898880005,78882,78892,10
13.0876998901,80.1902770996,78892,78902,10
13.0876102448,80.1909332275,78902,78912,10
13.0875101089,80.1917114258,78912,78922,10
13.0874004364,80.1925201416,78922,78932,10
13.0873403549,80.1934432983,78932,78942,10
13.0873098373,80.1944198608,78942,78952,10
13.0873003006,80.1953887939,78952,78962,10
13.0872898102,80.1963806152,78962,78973,11
13.0872602463,80.197807312,78973,78993,20
13.0872602463,80.197807312,78993,79003,10
13.0872402191,80.197883606,79003,79013,10
13.0872802734,80.1982421875,79013,79023,10
13.0876197815,80.1985092163,79023,79033,10
13.0882101059,80.1984863281,79033,79043,10
13.0890398026,80.1984863281,79043,79053,10
13.0898799896,80.1985015869,79053,79063,10
13.0907497406,80.1985626221,79063,79072,9
13.091509819,80.198638916,79072,79083,11
13.0925397873,80.1986465454,79083,79094,11
13.0929803848,80.198928833,79094,79104,10
13.0929603577,80.1991119385,79104,79114,10
13.0929298401,80.1996002197,79114,79124,10
13.0928897858,80.200302124,79124,79134,10
13.0928497314,80.2006607056,79134,79144,10
13.0925397873,80.2006607056,79144,79154,10
13.0919504166,80.200630188,79154,79164,10
13.0911502838,80.2005767822,79164,79174,10
13.0903501511,80.2005615234,79174,79184,10
13.0894804001,80.2005310059,79184,79194,10
13.0884504318,80.2004928589,79194,79205,11
13.0873603821,80.2004699707,79205,79215,10
13.0866498947,80.2004623413,79215,79225,10
13.0858697891,80.2004318237,79225,79235,10
13.0852603912,80.2003479004,79235,79245,10
13.0852403641,80.1999588013,79245,79255,10
13.0852804184,80.1993637085,79255,79265,10
13.0851802826,80.1987228394,79265,79275,10
13.0847301483,80.1987075806,79275,79285,10
13.0842695236,80.1986999512,79285,79295,10
13.084230423,80.1986923218,79295,79305,10
13.0840101242,80.198677063,79305,79315,10
13.0834903717,80.1986694336,79315,79326,11
13.0827302933,80.1986465454,79326,79336,10
13.0819501877,80.198677063,79336,79346,10
13.0811195374,80.198677063,79346,79356,10
13.0803699493,80.1987380981,79356,79366,10
13.0795898438,80.1988220215,79366,79376,10
13.0787401199,80.198890686,79376,79386,10
13.0778102875,80.1989974976,79386,79396,10
13.0767698288,80.1991271973,79396,79406,10
13.0756797791,80.1992721558,79406,79416,10
13.0746202469,80.1996307373,79416,79426,10
13.0738697052,80.2002868652,79426,79436,10
13.0736303329,80.2006072998,79436,79447,11
13.073559761,80.2007217407,79447,79457,10
13.0732603073,80.2010803223,79457,79467,10
13.0727701187,80.2016372681,79467,79477,10
13.0722799301,80.2022018433,79477,79487,10
13.0717401505,80.2027587891,79487,79497,10
13.0711402893,80.203453064,79497,79507,10
13.0705604553,80.2041625977,79507,79517,10
13.070019722,80.2048797607,79517,79537,20
13.070019722,80.2048797607,79537,79546,9
13.0698900223,80.2050933838,79546,79588,42
13.0698900223,80.2050933838,79588,79598,10
13.0697898865,80.205116272,79598,79608,10
13.0695800781,80.2049636841,79608,79618,10
13.0692195892,80.2049865723,79618,79628,10
13.0689096451,80.2054214478,79628,79638,10
13.0683498383,80.2055206299,79638,79648,10
13.0679798126,80.2053985596,79648,79729,81
13.0679798126,80.2053985596,79729,79739,10
13.0682601929,80.2049865723,79739,79749,10
13.0686197281,80.2048568726,79749,79759,10
13.0689496994,80.2047729492,79759,79769,10
13.0693798065,80.2047576904,79769,79779,10
13.069609642,80.2048110962,79779,79789,10
13.0697498322,80.2048873901,79789,79800,11
13.0698604584,80.2050933838,79800,79810,10
13.0696697235,80.2054824829,79810,79820,10
13.069319725,80.2060165405,79820,79830,10
13.0688695908,80.2067337036,79830,79840,10
13.0683803558,80.2075271606,79840,79850,10
13.0678300858,80.2084121704,79850,79860,10
13.0672798157,80.2092971802,79860,79870,10
13.066570282,80.2101211548,79870,79880,10
13.0657596588,80.2107620239,79880,79890,10
13.0651302338,80.2112808228,79890,79900,10
13.0649900436,80.2113800049,79900,79909,9
13.0648603439,80.2114486694,79909,79921,12
13.0642995834,80.2116699219,79921,79931,10
13.0635700226,80.2117919922,79931,79941,10
13.0619401932,80.2118301392,79941,79951,10
13.0619401932,80.2118301392,79951,79961,10
13.061050415,80.2117919922,79961,79969,8
13.0603103638,80.2117462158,79969,79989,20
13.0583400726,80.2116775513,79989,79999,10
13.0576496124,80.2116928101,79999,80009,10
13.0575799942,80.2116775513,80009,80019,10
13.0572500229,80.2116928101,80019,80029,10
13.0566902161,80.2116928101,80029,80040,11
13.0558700562,80.2116699219,80040,80050,10
13.0550298691,80.2116622925,80050,80060,10
13.0545396805,80.2116699219,80060,80070,10
13.054400444,80.2116775513,80070,80080,10
13.0539903641,80.211769104,80080,80090,10
13.0533599854,80.2119064331,80090,80100,10
13.0526199341,80.212097168,80100,80110,10
13.0518798828,80.2122802734,80110,80120,10
13.051150322,80.2122802734,80120,80130,10
13.0503797531,80.2122421265,80130,80139,9
13.0497903824,80.2122421265,80139,80151,12
13.0496101379,80.2122421265,80151,80161,10
13.0495300293,80.2122268677,80161,80171,10
13.0492095947,80.2121963501,80171,80181,10
13.0486402512,80.2122268677,80181,80191,10
13.0479402542,80.212310791,80191,80201,10
13.0470504761,80.2123718262,80201,80211,10
13.046090126,80.212387085,80211,80221,10
13.0450000763,80.2124404907,80221,80231,10
13.0439395905,80.2124633789,80231,80241,10
13.0429096222,80.2124404907,80241,80251,10
13.0419197083,80.2124404907,80251,80261,10
13.0410699844,80.2124481201,80261,80272,11
13.0402202606,80.2124710083,80272,80282,10
13.0394201279,80.2124710083,80282,80292,10
13.0387296677,80.2124786377,80292,80302,10
13.0379295349,80.2124481201,80302,80312,10
13.0374202728,80.2124023438,80312,80342,30
13.0374202728,80.2124023438,80342,80352,10
13.0372800827,80.212272644,80352,80362,10
13.0368795395,80.2122879028,80362,80372,10
13.0362701416,80.212310791,80372,80382,10
13.0355195999,80.2123413086,80382,80393,11
13.0347995758,80.2122879028,80393,80403,10
13.0343599319,80.2122268677,80403,80413,10
13.0343399048,80.2122268677,80413,80423,10
13.0343103409,80.2122268677,80423,80433,10
13.0339603424,80.2121734619,80433,80443,10
13.0334100723,80.2120285034,80443,80453,10
13.0327301025,80.2118835449,80453,80463,10
13.0320396423,80.2117233276,80463,80473,10
13.0320396423,80.2110214233,80473,80483,10
13.0320901871,80.2102279663,80483,80493,10
13.0319795609,80.2096786499,80493,80503,10
13.0313196182,80.2095184326,80503,80514,11
13.0304298401,80.2092590332,80514,80524,10
13.0297298431,80.2090682983,80524,80534,10
13.0295696259,80.2090377808,80534,80544,10
13.0294103622,80.2089996338,80544,80554,10
13.0291004181,80.2089004517,80554,80564,10
13.0285196304,80.2087402344,80564,80574,10
13.0278501511,80.2085037231,80574,80584,10
13.0271596909,80.2080993652,80584,80594,10
13.02643013,80.2076568604,80594,80604,10
13.0257902145,80.2072906494,80604,80613,9
13.0250997543,80.2070999146,80613,80625,12
13.0243902206,80.2070083618,80625,80635,10
13.0243597031,80.2070007324,80635,80645,10
13.0240802765,80.2069091797,80645,80655,10
13.0235795975,80.2068023682,80655,80665,10
13.0230302811,80.2066879272,80665,80675,10
13.0224199295,80.2065811157,80675,80685,10
13.0218095779,80.2065429688,80685,80695,10
13.0213298798,80.2065505981,80695,80705,10
13.0206604004,80.20652771,80705,80715,10
13.0200195313,80.2065429688,80715,80725,10
13.0194501877,80.2064819336,80725,80735,10
13.019080162,80.2064208984,80735,80746,11
13.0190696716,80.2064208984,80746,80756,10
13.0189599991,80.2063598633,80756,80766,10
13.0185699463,80.2062072754,80766,80776,10
13.017999649,80.2060317993,80776,80786,10
13.0176296234,80.205871582,80786,80796,10
13.0172300339,80.2057189941,80796,80806,10
13.0168600082,80.2055435181,80806,80816,10
13.0161399841,80.2053070068,80816,80826,10
13.0154600143,80.2050933838,80826,80836,10
13.0146903992,80.204826355,80836,80846,10
13.0142097473,80.2046813965,80846,80856,10
13.0141201019,80.2046585083,80856,80867,11
13.0137195587,80.204498291,80867,80877,10
13.0135803223,80.2047195435,80877,80887,10
13.0134296417,80.2051696777,80887,80897,10
13.0133304596,80.2055206299,80897,80907,10
13.0131902695,80.2060012817,80907,80917,10
13.0130596161,80.2065963745,80917,80927,10
13.013010025,80.2072372437,80927,80946,19
13.0128803253,80.2080001831,80946,80957,11
13.0128803253,80.208366394,80957,80967,10
13.0129203796,80.2086868286,80967,80978,11
13.0129995346,80.2092437744,80978,80988,10
13.0131998062,80.2097015381,80988,80998,10
13.0131397247,80.2102432251,80998,81008,10
13.0130500793,80.2107391357,81008,81018,10
13.012840271,80.2113265991,81018,81028,10
13.0125799179,80.2118301392,81028,81038,10
13.0123500824,80.2121887207,81038,81048,10
13.0120697021,80.2126235962,81048,81058,10
13.0118598938,80.212852478,81058,81068,10
13.0115699768,80.2126922607,81068,81078,10
13.0111103058,80.2123565674,81078,81088,10
13.0105695724,80.2119598389,81088,81099,11
13.0100803375,80.2116012573,81099,81109,10
13.0097303391,80.2113189697,81109,81119,10
13.009469986,80.2111129761,81119,81179,60
13.009469986,80.2111129761,81179,81189,10
13.0091896057,80.2112579346,81189,81199,10
13.0090503693,80.2114868164,81199,81208,9
13.0090303421,80.2116088867,81208,81220,12
13.0091695786,80.212059021,81220,81230,10
13.009349823,80.2125930786,81230,81240,10
13.0095100403,80.2130508423,81240,81250,10
13.0096597672,80.2134628296,81250,81260,10
13.0098199844,80.2138519287,81260,81270,10
13.0099601746,80.2142105103,81270,81280,10
13.0101099014,80.2145996094,81280,81290,10
13.0101995468,80.2151794434,81290,81300,10
13.0103502274,80.2158966064,81300,81310,10
13.010720253,80.2167205811,81310,81320,10
13.0111103058,80.2175521851,81320,81331,11
13.0115203857,80.2186965942,81331,81341,10
13.0118999481,80.2198562622,81341,81351,10
13.0121603012,80.2206192017,81351,81361,10
13.0123100281,80.2212219238,81361,81371,10
13.0125999451,80.2218017578,81371,81381,10
13.0129804611,80.2222976685,81381,81391,10
13.0134601593,80.2228622437,81391,81401,10
13.0140104294,80.2235031128,81401,81411,10
13.0145397186,80.2241516113,81411,81421,10
13.0150203705,80.2247161865,81421,81431,10
13.0153799057,80.225227356,81431,81440,9
13.0154399872,80.2254867554,81440,81452,12
13.0151901245,80.2258834839,81452,81462,10
13.0147800446,80.2260513306,81462,81472,10
13.0144701004,80.2261734009,81472,81482,10
13.0140199661,80.2263565063,81482,81492,10
13.0133895874,80.2266082764,81492,81502,10
13.0126495361,80.2268981934,81502,81512,10
13.0118398666,80.2272491455,81512,81522,10
13.0109596252,80.2276000977,81522,81532,10
13.0101995468,80.227897644,81532,81542,10
13.009519577,80.2278137207,81542,81552,10
13.0097198486,80.2272109985,81552,81561,9
13.0099601746,80.2266464233,81561,81573,12
13.010310173,80.2258224487,81573,81583,10
13.0106496811,80.2250366211,81583,81593,10
13.0109701157,80.2242202759,81593,81603,10
13.011179924,80.2236480713,81603,81613,10
13.0112895966,80.2232971191,81613,81623,10
13.0108995438,80.2230224609,81623,81633,10
13.0103397369,80.2227401733,81633,81643,10
13.0096902847,80.2223892212,81643,81653,10
13.009059906,80.2220611572,81653,81663,10
13.0085802078,80.2218017578,81663,81673,10
13.0080795288,80.2215194702,81673,81684,11
13.007349968,80.2211303711,81684,81694,10
13.0066604614,80.2207717896,81694,81704,10
13.0058002472,80.2205581665,81704,81714,10
13.004989624,80.2203674316,81714,81724,10
13.0041399002,80.2201766968,81724,81734,10
13.0033798218,80.2199783325,81734,81744,10
13.0025396347,80.2196273804,81744,81754,10
13.0019903183,80.2190628052,81754,81764,10
13.0013904572,80.2184906006,81764,81774,10
13.0008497238,80.2181091309,81774,81784,10
13.0002698898,80.2177200317,81784,81794,10
12.9995498657,80.2172775269,81794,81805,11
12.99862957,80.2168273926,81805,81815,10
12.997759819,80.2165908813,81815,81825,10
12.9974498749,80.2165603638,81825,81835,10
12.9974002838,80.2165374756,81835,81845,10
12.9970197678,80.2165679932,81845,81855,10
12.9963903427,80.2166366577,81855,81865,10
12.995639801,80.216796875,81865,81875,10
12.9949703217,80.2171630859,81875,81885,10
12.9945602417,80.2174377441,81885,81895,10
12.9941902161,80.2176971436,81895,81905,10
12.9938201904,80.2179718018,81905,81915,10
12.9933395386,80.2182769775,81915,81926,11
12.9929199219,80.2185821533,81926,81936,10
12.9925003052,80.2189178467,81936,81946,10
12.9919700623,80.2193222046,81946,81956,10
12.9915599823,80.2196121216,81956,81966,10
12.9911203384,80.2195281982,81966,81976,10
12.991060257,80.2195129395,81976,81986,10
12.9907102585,80.2193832397,81986,81996,10
12.9901199341,80.2191696167,81996,82006,10
12.9894399643,80.2189025879,82006,82016,10
12.9887199402,80.2186737061,82016,82026,10
12.9879798889,80.2184829712,82026,82036,10
12.9873600006,80.2183914185,82036,82047,11
12.987159729,80.2183532715,82047,82057,10
12.9869699478,80.2183074951,82057,82067,10
12.9864797592,80.2181777954,82067,82077,10
12.9857902527,80.2180099487,82077,82087,10
12.9848899841,80.2179870605,82087,82097,10
12.984120369,80.2180023193,82097,82117,20
12.984120369,80.2180023193,82117,82127,10
12.9838199615,80.2179794312,82127,82137,10
12.9833097458,80.2179870605,82137,82147,10
12.9826803207,80.2179794312,82147,82158,11
12.9821901321,80.2179794312,82158,82168,10
12.9815797806,80.2180328369,82168,82178,10
12.9809503555,80.2182235718,82178,82188,10
12.9803495407,80.2184066772,82188,82198,10
12.9798297882,80.2186203003,82198,82208,10
12.9792203903,80.2189025879,82208,82218,10
12.9787902832,80.219078064,82218,82228,10
12.9783601761,80.2192764282,82228,82238,10
12.9777603149,80.2195281982,82238,82248,10
12.9771203995,80.2197799683,82248,82258,10
12.9765300751,80.2200393677,82258,82268,10
12.9759902954,80.2202987671,82268,82279,11
12.9756002426,80.2205276489,82279,82319,40
12.9756002426,80.2205276489,82319,82329,10
12.975520134,80.2207489014,82329,82349,20
12.975520134,80.2207489014,82349,82359,10
12.9758901596,80.220993042,82359,82521,162
12.9758901596,80.220993042,82521,82531,10
12.9762096405,80.2211990356,82531,82541,10
12.9764604568,80.2212219238,82541,82551,10
12.9770202637,80.2212219238,82551,82561,10
12.9777698517,80.2211837769,82561,82571,10
12.9785003662,80.2211608887,82571,82581,10
12.9787397385,80.2211303711,82581,82591,10
12.9792203903,80.2211074829,82591,82601,10
12.9798803329,80.2210464478,82601,82611,10
12.9806499481,80.2209777832,82611,82621,10
12.9813604355,80.2211380005,82621,82632,11
12.9819498062,80.2216033936,82632,82642,10
12.9824895859,80.221786499,82642,82652,10
12.9829101563,80.2219314575,82652,82662,10
12.9829702377,80.2219619751,82662,82672,10
12.9833202362,80.2221984863,82672,82682,10
12.9838199615,80.2225265503,82682,82692,10
12.9843997955,80.2228469849,82692,82702,10
12.9850597382,80.2232131958,82702,82712,10
12.9855699539,80.2231216431,82712,82722,10
12.9861803055,80.2229537964,82722,82732,10
12.9864902496,80.2229614258,82732,82742,10
12.9867601395,80.2229995728,82742,82753,11
12.9873199463,80.2230834961,82753,82763,10
12.9879903793,80.2229232788,82763,82773,10
12.9885997772,80.222366333,82773,82783,10
12.9891700745,80.2216796875,82783,82793,10
12.9897699356,80.2209396362,82793,82803,10
12.9905004501,80.2202529907,82803,82813,10
12.9909200668,80.2199325562,82813,82823,10
12.9910697937,80.2198181152,82823,82833,10
12.9913797379,80.2195968628,82833,82843,10
12.9916000366,80.2194366455,82843,82853,10
12.9920797348,80.2191162109,82853,82863,10
12.9926996231,80.2186584473,82863,82874,11
12.9934997559,80.2180480957,82874,82884,10
12.994310379,80.2174606323,82884,82894,10
12.9948596954,80.2170562744,82894,82904,10
12.9949598312,80.217010498,82904,82914,10
12.995349884,80.2167892456,82914,82924,10
12.9959697723,80.216583252,82924,82934,10
12.9968395233,80.2164764404,82934,82944,10
12.9973697662,80.2161712646,82944,82954,10
12.9974899292,80.2160720825,82954,82964,10
12.997759819,80.2158508301,82964,82974,10
12.9982004166,80.2154388428,82974,82985,11
12.9989004135,80.2148513794,82985,82995,10
12.9992303848,80.2145996094,82995,83005,10
12.9996299744,80.2142562866,83005,83015,10
13.0000400543,80.2138900757,83015,83025,10
13.000579834,80.2134094238,83025,83035,10
13.0012302399,80.2128982544,83035,83045,10
13.0018796921,80.2124328613,83045,83055,10
13.002579689,80.212097168,83055,83065,10
13.0032501221,80.2120513916,83065,83075,10
13.003660202,80.2118988037,83075,83085,10
13.0036897659,80.2118301392,83085,83095,10
13.0036897659,80.2114562988,83095,83106,11
13.0036296844,80.2108230591,83106,83116,10
13.0035600662,80.2102508545,83116,83126,10
13.0034999847,80.2096481323,83126,83136,10
13.0036296844,80.2089614868,83136,83146,10
13.0041799545,80.2087173462,83146,83156,10
13.0051298141,80.2091369629,83156,83166,10
13.0060997009,80.2095031738,83166,83176,10
13.0074996948,80.2098464966,83176,83216,40
13.0074996948,80.2098464966,83216,83227,11
13.0078201294,80.2099227905,83227,83237,10
13.0079698563,80.2099533081,83237,83247,10
13.008099556,80.2097015381,83247,83257,10
13.0079898834,80.2090911865,83257,83267,10
13.0078296661,80.2082366943,83267,83277,10
13.0076599121,80.2072982788,83277,83287,10
13.0074901581,80.206237793,83287,83297,10
13.0074701309,80.2052078247,83297,83307,10
13.0074701309,80.2043304443,83307,83317,10
13.0073699951,80.2034683228,83317,83327,10
13.0071201324,80.2026062012,83327,83338,11
13.006529808,80.2028121948,83338,83348,10
13.0066699982,80.2032699585,83348,83358,10
13.0070800781,80.2035064697,83358,83368,10
13.0076398849,80.203666687,83368,83378,10
13.0084295273,80.2036819458,83378,83388,10
13.0093698502,80.2036132813,83388,83398,10
13.0104198456,80.2035827637,83398,83408,10
13.0115699768,80.2036819458,83408,83418,10
13.0127401352,80.2039031982,83418,83428,10
13.0137500763,80.2041931152,83428,83438,10
13.0145998001,80.2044677734,83438,83447,9
13.0150403976,80.2046203613,83447,83459,12
13.0151796341,80.2046737671,83459,83469,10
13.0156497955,80.2048568726,83469,83479,10
13.016289711,80.2050323486,83479,83489,10
13.0168800354,80.2052307129,83489,83499,10
13.0175895691,80.2055130005,83499,83509,10
13.0183801651,80.2058105469,83509,83519,10
13.0187101364,80.205947876,83519,83529,10
13.0187902451,80.2059707642,83529,83539,10
13.0191402435,80.2061080933,83539,83549,10
13.0197601318,80.2062301636,83549,83559,10
13.0205898285,80.2062072754,83559,83569,10
13.0215196609,80.2062301636,83569,83580,11
13.0226602554,80.2063674927,83580,83590,10
13.023639679,80.2065811157,83590,83600,10
13.0243797302,80.2066879272,83600,83610,10
13.024479866,80.2067337036,83610,83620,10
13.0249204636,80.2068023682,83620,83630,10
13.0256795883,80.2070465088,83630,83640,10
13.0264596939,80.2074966431,83640,83650,10
13.0272703171,80.2080078125,83650,83660,10
13.028260231,80.2084732056,83660,83670,10
13.0293197632,80.2087402344,83670,83679,9
13.0301904678,80.2089691162,83679,83691,12
13.0313901901,80.2092895508,83691,83701,10
13.0317401886,80.2093734741,83701,83711,10
13.0319595337,80.2094497681,83711,83721,10
13.0324897766,80.2095870972,83721,83731,10
13.033249855,80.2097167969,83731,83741,10
13.0341300964,80.2099227905,83741,83751,10
13.0350103378,80.2101898193,83751,83761,10
13.0350198746,80.2108612061,83761,83771,10
13.035030365,80.2112579346,83771,83781,10
13.0350103378,80.2113265991,83781,83791,10
13.0349397659,80.2117385864,83791,83800,9
13.0350799561,80.2121963501,83800,83812,12
13.0359697342,80.2122573853,83812,83822,10
13.036860466,80.2122879028,83822,83832,10
13.0379295349,80.212272644,83832,83842,10
13.0390901566,80.2122802734,83842,83852,10
13.040140152,80.2123336792,83852,83862,10
13.0414104462,80.2123794556,83862,83872,10
13.0425796509,80.2123565674,83872,83882,10
13.0436401367,80.2122573853,83882,83892,10
13.0441198349,80.2122802734,83892,83933,41
13.0441198349,80.2122802734,83933,83943,10
13.0442895889,80.212272644,83943,83953,10
13.044719696,80.2122192383,83953,83963,10
13.0453500748,80.2121963501,83963,83973,10
13.0461702347,80.2121505737,83973,83983,10
13.0470695496,80.2121124268,83983,83993,10
13.0478801727,80.2120513916,83993,84003,10
13.0484800339,80.2119674683,84003,84013,10
13.0485200882,80.2119827271,84013,84023,10
13.0487298965,80.2119293213,84023,84033,10
13.049249649,80.2119216919,84033,84042,9
13.0494699478,80.2119216919,84042,84054,12
13.0499801636,80.2118988037,84054,84064,10
13.0503702164,80.2119216919,84064,84074,10
13.0507001877,80.2118988037,84074,84084,10
13.051150322,80.2119522095,84084,84094,10
13.0521001816,80.2119293213,84094,84104,10
13.0530796051,80.2117614746,84104,84114,10
13.0540599823,80.2115020752,84114,84124,10
13.0547800064,80.2113876343,84124,84134,10
13.0555095673,80.2113723755,84134,84144,10
13.0563802719,80.2113494873,84144,84153,9
13.0572299957,80.2113494873,84153,84165,12
13.0576095581,80.2113800049,84165,84175,10
13.0579099655,80.2113723755,84175,84185,10
13.0584497452,80.2114028931,84185,84195,10
13.0591497421,80.2114181519,84195,84205,10
13.059920311,80.2114868164,84205,84215,10
13.0608100891,80.2115325928,84215,84225,10
13.0615196228,80.2115783691,84225,84235,10
13.0619897842,80.2115325928,84235,84245,10
13.0627698898,80.2115325928,84245,84255,10
13.0633001328,80.2114486694,84255,84265,10
13.0633096695,80.2114715576,84265,84274,9
13.0636196136,80.2114486694,84274,84286,12
13.0643100739,80.2113723755,84286,84296,10
13.0650196075,80.2110366821,84296,84306,10
13.0657196045,80.2105178833,84306,84316,10
13.0664701462,80.2098999023,84316,84326,10
13.0671300888,80.2091293335,84326,84336,10
13.0676002502,80.2083587646,84336,84346,10
13.0680599213,80.2076187134,84346,84356,10
13.0685195923,80.2069015503,84356,84366,10
13.0689897537,80.2061920166,84366,84376,10
13.069319725,80.2056503296,84376,84385,9
13.0696601868,80.205078125,84385,84407,22
13.0696601868,80.205078125,84407,84417,10
13.069560051,80.2048187256,84417,84427,10
13.0692501068,80.204826355,84427,84437,10
13.0687198639,80.2049179077,84437,84477,40
13.0687198639,80.2049179077,84477,84487,10
13.068810463,80.204750061,84487,84497,10
13.0692396164,80.2047195435,84497,84518,21
13.0696802139,80.204788208,84518,84528,10
13.0700101852,80.2046737671,84528,84538,10
13.070400238,80.2041473389,84538,84548,10
13.0709495544,80.2034988403,84548,84558,10
13.0715703964,80.2027511597,84558,84568,10
13.0719404221,80.2023391724,84568,84578,10
13.0719995499,80.202293396,84578,84588,10
13.0722198486,80.2020263672,84588,84598,10
13.072640419,80.2015533447,84598,84608,10
13.0731897354,80.200920105,84608,84618,10
13.0737695694,80.2002410889,84618,84627,9
13.0742998123,80.1996078491,84627,84639,12
13.0745401382,80.1993713379,84639,84649,10
13.0748901367,80.1991729736,84649,84659,10
13.0755300522,80.1990509033,84659,84669,10
13.0761995316,80.1990280151,84669,84679,10
13.0770101547,80.1989593506,84679,84689,10
13.0780000687,80.1988525391,84689,84699,10
13.0790100098,80.1987228394,84699,84709,10
13.0799303055,80.198638916,84709,84719,10
13.0809497833,80.1985397339,84719,84729,10
13.0819101334,80.1985168457,84729,84739,10
13.0827598572,80.1984481812,84739,84749,10
13.0832004547,80.1984481812,84749,84760,11
13.083530426,80.1984405518,84760,84770,10
13.0839099884,80.1984405518,84770,84780,10
13.0843696594,80.1984405518,84780,84790,10
13.0849199295,80.1984634399,84790,84800,10
13.0853996277,80.1984100342,84800,84810,10
13.0857896805,80.1984024048,84810,84820,10
13.0862598419,80.1983795166,84820,84830,10
13.0867795944,80.1985092163,84830,84840,10
13.0870599747,80.1984100342,84840,84850,10
13.0871095657,80.1979064941,84850,84859,9
13.0871295929,80.1971969604,84859,84871,12
13.0871696472,80.1960983276,84871,84881,10
13.0871896744,80.1952362061,84881,84891,10
13.0872097015,80.1943435669,84891,84901,10
13.0872297287,80.193321228,84901,84911,10
13.0872898102,80.1924591064,84911,84921,10
13.0874099731,80.1915283203,84921,84931,10
13.0875501633,80.1904067993,84931,84941,10
13.0876598358,80.1893920898,84941,84951,10
13.0876703262,80.188911438,84951,84961,10
13.087679863,80.1887969971,84961,84971,10
13.0876998901,80.188331604,84971,84981,10
13.0877599716,80.1876296997,84981,84992,11
13.0877895355,80.1867370605,84992,85002,10
13.0878200531,80.1860122681,85002,85012,10
13.0878400803,80.1853637695,85012,85022,10
13.0878801346,80.1844406128,85022,85032,10
13.0879201889,80.1834793091,85032,85042,10
13.0879497528,80.1826019287,85042,85052,10
13.0879898071,80.1819000244,85052,85062,10
13.0880203247,80.1812515259,85062,85072,10
13.0880403519,80.180519104,85072,85082,10
13.0880403519,80.1797332764,85082,85092,10
13.0880498886,80.1791000366,85092,85102,10
13.0880498886,80.1790466309,85102,85113,11
13.0880699158,80.1787033081,85113,85123,10
13.0881004333,80.1780395508,85123,85133,10
13.0881204605,80.1772003174,85133,85143,10
13.0881700516,80.1764984131,85143,85153,10
13.0882301331,80.1756591797,85153,85163,10
13.0882701874,80.1748809814,85163,85173,10
13.0883598328,80.174118042,85173,85183,10
13.0884103775,80.1732406616,85183,85193,10
13.0884504318,80.1724777222,85193,85203,10
13.088470459,80.1719970703,85203,85212,9
13.0885095596,80.1714096069,85212,85224,12
13.088549614,80.1707229614,85224,85234,10
13.0885801315,80.1701812744,85234,85244,10
13.0886602402,80.1696014404,85244,85254,10
13.089099884,80.1695327759,85254,85264,10
13.0897502899,80.1695785522,85264,85274,10
13.090379715,80.1696090698,85274,85284,10
13.0910196304,80.1696395874,85284,85294,10
13.0916996002,80.1696777344,85294,85304,10
13.092499733,80.1697387695,85304,85314,10
13.0931196213,80.1697769165,85314,85324,10
13.0935697556,80.1698074341,85324,85333,9
13.094039917,80.1698379517,85333,85345,12
13.0945596695,80.1698379517,85345,85355,10
13.0948200226,80.1698379517,85355,85365,10
13.0950899124,80.1698913574,85365,85375,10
13.0955896378,80.1699295044,85375,85385,10
13.096329689,80.169960022,85385,85395,10
13.0970497131,80.1699981689,85395,85405,10
13.0977602005,80.1700363159,85405,85415,10
13.098400116,80.1700897217,85415,85425,10
13.0991201401,80.1701278687,85425,85435,10
13.09953022,80.1700668335,85435,85455,20
13.09953022,80.1700668335,85455,85466,11
13.0996799469,80.1700515747,85466,85476,10
13.0996904373,80.1700592041,85476,85486,10
13.0997400284,80.1700897217,85486,85496,10
13.0995998383,80.1702423096,85496,85506,10
13.0993003845,80.1702423096,85506,85807,301
13.0993003845,80.1702423096,85807,85819,12
13.0991401672,80.1702423096,85819,85829,10
13.0989198685,80.1701965332,85829,85839,10
13.0984601974,80.170173645,85839,85849,10
13.0978603363,80.1701507568,85849,85859,10
13.0971603394,80.1700973511,85859,85869,10
13.0963897705,80.1700592041,85869,85879,10
13.0955295563,80.1700134277,85879,85889,10
13.0948896408,80.1699829102,85889,85899,10
13.0946798325,80.1699829102,85899,85909,10
13.0943803787,80.1699523926,85909,85919,10
13.0938997269,80.1698989868,85919,85929,10
13.0931501389,80.1698608398,85929,85940,11
13.0921897888,80.1697998047,85940,85950,10
13.0912704468,80.1697463989,85950,85960,10
13.0903501511,80.1697006226,85960,85980,20
13.0903501511,80.1697006226,85980,85990,10
13.0903396606,80.1697006226,85990,86000,10
13.0901002884,80.1696777344,86000,86010,10
13.089630127,80.1696472168,86010,86020,10
13.0889997482,80.1696166992,86020,86030,10
13.0886602402,80.1698379517,86030,86040,10
13.088640213,80.1704177856,86040,86051,11
13.0885896683,80.171333313,86051,86061,10
13.0885601044,80.1720199585,86061,86071,10
13.088549614,80.1722106934,86071,86081,10
13.08852005,80.1727600098,86081,86091,10
13.0884799957,80.173500061,86091,86101,10
13.0884304047,80.174369812,86101,86111,10
13.0883598328,80.17527771,86111,86121,10
13.0883102417,80.1762084961,86121,86131,10
13.0882701874,80.1770095825,86131,86141,10
13.0882396698,80.1776809692,86141,86151,10
13.0882501602,80.1784362793,86151,86161,10
13.088259697,80.178817749,86161,86172,11
13.0882501602,80.1789398193,86172,86182,10
13.0882501602,80.1793289185,86182,86192,10
13.0882196426,80.1800231934,86192,86202,10
13.0881900787,80.1809005737,86202,86212,10
13.0881500244,80.1818389893,86212,86222,10
13.0881004333,80.182762146,86222,86232,10
13.088060379,80.183807373,86232,86242,10
13.0880203247,80.1848526001,86242,86252,10
13.0880203247,80.1853790283,86252,86262,10
13.0879802704,80.1858291626,86262,86272,10
13.0879402161,80.1865615845,86272,86281,9
13.0879001617,80.1873703003,86281,86293,12
13.0878801346,80.1884002686,86293,86303,10
13.0878696442,80.1886062622,86303,86313,10
13.0878400803,80.1891403198,86313,86323,10
13.0877895355,80.1898117065,86323,86333,10
13.0877599716,80.1900405884,86333,86343,10
13.0876998901,80.1904602051,86343,86353,10
13.0875902176,80.1911773682,86353,86363,10
13.0874700546,80.1920623779,86363,86373,10
13.0873498917,80.193069458,86373,86383,10
