13.0261898041,80.2659683228,13,559,546
13.0262899399,80.2658920288,559,640,81
13.0261802673,80.2660369873,640,2639,1999
13.0262498856,80.2660217285,2639,2801,162
13.0263500214,80.2660598755,2801,3437,636
13.0261497498,80.265953064,3437,4578,1141
13.0262098312,80.2659835815,4578,5770,1192
13.0262098312,80.2659225464,5770,5932,162
13.0261001587,80.2659988403,5932,8265,2333
13.0262403488,80.2659988403,8265,8638,373
13.0262298584,80.2658996582,8638,10638,2000
13.0264396667,80.2660903931,10638,10739,101
13.0263004303,80.2659378052,10739,15082,4343
13.0262002945,80.2660369873,15082,18102,3020
13.0262002945,80.2660369873,18102,18112,10
13.0263595581,80.2659072876,18112,18122,10
13.0263996124,80.2657318115,18122,18132,10
13.02643013,80.2653808594,18132,18142,10
13.0264797211,80.2649383545,18142,18152,10
13.0265398026,80.2644577026,18152,18162,10
13.026599884,80.2639083862,18162,18172,10
13.0266599655,80.2634277344,18172,18182,10
13.0269098282,80.2634124756,18182,18193,11
13.0273599625,80.2635116577,18193,18203,10
13.0277996063,80.2636184692,18203,18213,10
13.0282897949,80.2637405396,18213,18223,10
13.0288000107,80.2639083862,18223,18233,10
13.0292701721,80.2640533447,18233,18243,10
13.0293397903,80.2644119263,18243,18253,10
13.0293397903,80.2648696899,18253,18263,10
13.0293102264,80.2654037476,18263,18273,10
13.0292901993,80.2659988403,18273,18283,10
13.0291500092,80.2664031982,18283,18294,11
13.0288000107,80.2663269043,18294,18304,10
13.0284700394,80.2662963867,18304,18314,10
13.0280599594,80.2662277222,18314,18324,10
13.0274896622,80.2661514282,18324,18334,10
13.0269203186,80.2660827637,18334,18344,10
13.0263900757,80.2659912109,18344,18354,10
13.0261297226,80.26587677,18354,18364,10
13.0258398056,80.2657165527,18364,18374,10
13.0255002975,80.2654876709,18374,18384,10
13.0253601074,80.2654037476,18384,18395,11
13.0250701904,80.2651901245,18395,18405,10
13.0247297287,80.2649078369,18405,18415,10
13.0243797302,80.2646408081,18415,18425,10
13.0238599777,80.2643280029,18425,18435,10
13.0233697891,80.2640762329,18435,18445,10
13.0228500366,80.2637786865,18445,18455,10
13.0222501755,80.2634811401,18455,18465,10
13.0219497681,80.2633285522,18465,18475,10
13.0215501785,80.2631607056,18475,18485,10
13.0209197998,80.2630615234,18485,18496,11
13.0201997757,80.2630233765,18496,18506,10
13.0195598602,80.2629699707,18506,18516,10
13.019080162,80.2629013062,18516,18526,10
13.0189304352,80.2625198364,18526,18536,10
13.0188398361,80.261932373,18536,18546,10
13.0187101364,80.2613601685,18546,18556,10
13.0182304382,80.2610015869,18556,18566,10
13.0177097321,80.2606506348,18566,18576,10
13.0171499252,80.2602767944,18576,18586,10
13.0161104202,80.2597122192,18586,18607,21
13.0161104202,80.2597122192,18607,18617,10
13.0158596039,80.2595901489,18617,18627,10
13.0153999329,80.259437561,18627,18637,10
13.0148000717,80.2593383789,18637,18647,10
13.0141801834,80.2593078613,18647,18657,10
13.0134801865,80.2592926025,18657,18667,10
13.0127496719,80.259262085,18667,18677,10
13.0119895935,80.2592315674,18677,18687,10
13.0112495422,80.2592086792,18687,18698,11
13.0103998184,80.2592468262,18698,18708,10
13.00963974,80.2592391968,18708,18718,10
13.0089998245,80.2592163086,18718,18728,10
13.0086698532,80.2592163086,18728,18738,10
13.0082597733,80.2592086792,18738,18748,10
13.0077400208,80.2593612671,18748,18758,10
13.0073404312,80.2591400146,18758,18768,10
13.0071201324,80.2585983276,18768,18778,10
13.0068502426,80.258102417,18778,18788,10
13.0066099167,80.2577209473,18788,18799,11
13.0065002441,80.2571792603,18799,18809,10
13.0065002441,80.2565612793,18809,18819,10
13.0064897537,80.2558517456,18819,18829,10
13.0065002441,80.2551116943,18829,18839,10
13.0065002441,80.2543792725,18839,18849,10
13.0065002441,80.253616333,18849,18859,10
13.0065002441,80.2528915405,18859,18869,10
13.0065698624,80.2522201538,18869,18879,10
13.0066995621,80.2516098022,18879,18889,10
13.0067596436,80.2509536743,18889,18900,11
13.0067396164,80.2501373291,18900,18910,10
13.0067195892,80.2493286133,18910,18920,10
13.0066795349,80.248550415,18920,18930,10
13.0066404343,80.2478485107,18930,18940,10
13.0066404343,80.247253418,18940,18950,10
13.0065803528,80.246673584,18950,18960,10
13.0066003799,80.2465133667,18960,18970,10
13.006649971,80.2462692261,18970,18980,10
13.0066404343,80.2457962036,18980,18990,10
13.0066299438,80.2452011108,18990,19001,11
13.0066404343,80.2444992065,19001,19011,10
13.0066299438,80.2438583374,19011,19021,10
13.0066003799,80.2432022095,19021,19031,10
13.0065698624,80.2425003052,19031,19041,10
13.0065603256,80.2418365479,19041,19051,10
13.0066003799,80.2412033081,19051,19061,10
13.0066995621,80.2406311035,19061,19071,10
13.0068101883,80.2400588989,19071,19081,10
13.0069599152,80.2393569946,19081,19091,10
13.0070896149,80.238609314,19091,19102,11
13.0072603226,80.23777771,19102,19112,10
13.007399559,80.2370834351,19112,19122,10
13.0074396133,80.2367172241,19122,19132,10
13.0074901581,80.2365875244,19132,19142,10
13.0075902939,80.2361984253,19142,19152,10
13.0076999664,80.2356414795,19152,19162,10
13.0078697205,80.2349319458,19162,19172,10
13.008020401,80.234161377,19172,19182,10
13.0081796646,80.2333221436,19182,19192,10
13.0083599091,80.2324295044,19192,19203,11
13.0085496902,80.2314682007,19203,19213,10
13.0087003708,80.2306289673,19213,19223,10
13.0088701248,80.2297973633,19223,19233,10
13.0090303421,80.2289962769,19233,19243,10
13.0092096329,80.2282180786,19243,19253,10
13.0095396042,80.2274475098,19253,19263,10
13.0098896027,80.2266464233,19263,19273,10
13.0102796555,80.2258834839,19273,19283,10
13.0106401443,80.2251434326,19283,19293,10
13.0109395981,80.2244110107,19293,19304,11
13.0112895966,80.2235870361,19304,19314,10
13.0115604401,80.2229003906,19314,19324,10
13.0118198395,80.2221908569,19324,19334,10
13.0120601654,80.2215499878,19334,19344,10
13.0123796463,80.2214889526,19344,19353,9
13.0126304626,80.2218093872,19353,19364,11
13.0130195618,80.2223510742,19364,19374,10
13.0134601593,80.2228775024,19374,19384,10
13.0137796402,80.2231826782,19384,19394,10
13.0139799118,80.2232971191,19394,19435,41
13.0139799118,80.2232971191,19435,19445,10
13.0143003464,80.2236022949,19445,19455,10
13.0143899918,80.2236480713,19455,19465,10
13.0145301819,80.2237930298,19465,19475,10
13.0147600174,80.2241897583,19475,19485,10
13.0152301788,80.2247390747,19485,19495,10
13.0154600143,80.224899292,19495,19506,11
13.0155496597,80.2249908447,19506,19516,10
13.0158500671,80.2252502441,19516,19526,10
13.016289711,80.2253417969,19526,19536,10
13.0169200897,80.2251586914,19536,19546,10
13.0176401138,80.2248687744,19546,19556,10
13.0183601379,80.2245788574,19556,19566,10
13.0190296173,80.2243423462,19566,19576,10
13.0197000504,80.2244796753,19576,19586,10
13.0200395584,80.2247009277,19586,19596,10
13.0201597214,80.2248001099,19596,19607,11
13.0205698013,80.2251205444,19607,19617,10
13.0210895538,80.225479126,19617,19627,10
13.0216398239,80.2258987427,19627,19637,10
13.0220403671,80.2261734009,19637,19647,10
13.0221395493,80.2262802124,19647,19657,10
13.0224895477,80.2265930176,19657,19667,10
13.0229902267,80.2270431519,19667,19677,10
13.0235300064,80.2275619507,19677,19687,10
13.0240802765,80.2281265259,19687,19697,10
13.0244998932,80.2286834717,19697,19708,11
13.0249795914,80.2293395996,19708,19718,10
13.0254201889,80.229927063,19718,19728,10
13.0258302689,80.2305831909,19728,19738,10
13.0260295868,80.2311630249,19738,19748,10
13.0263299942,80.2313537598,19748,19758,10
13.0268096924,80.2312011719,19758,19768,10
13.0272598267,80.231086731,19768,19778,10
13.0278196335,80.2309799194,19778,19788,10
13.028429985,80.2308731079,19788,19798,10
13.0290899277,80.2308197021,19798,19809,11
13.0296096802,80.2307815552,19809,19819,10
13.0301904678,80.2307510376,19819,19829,10
13.0307598114,80.2306976318,19829,19839,10
13.0313196182,80.2306518555,19839,19849,10
13.0319404602,80.2306213379,19849,19859,10
13.0326004028,80.2305526733,19859,19869,10
13.0333099365,80.2304992676,19869,19879,10
13.0339002609,80.23046875,19879,19889,10
13.0342702866,80.230430603,19889,19899,10
13.0342798233,80.230430603,19899,19910,11
13.0344495773,80.230430603,19910,19920,10
13.0347604752,80.2303390503,19920,19930,10
13.0350399017,80.2302093506,19930,19940,10
13.0351295471,80.2303237915,19940,19950,10
13.0348901749,80.2303619385,19950,19960,10
13.0346298218,80.2303695679,19960,19970,10
13.0343999863,80.230430603,19970,19980,10
13.0342102051,80.23046875,19980,19990,10
13.0339202881,80.2304763794,19990,20000,10
13.0334396362,80.2305297852,20000,21122,1122
13.0334396362,80.2305297852,21122,21132,10
13.0331897736,80.2304229736,21132,21142,10
13.0328998566,80.2304611206,21142,21152,10
13.0324897766,80.2305221558,21152,21162,10
13.0320196152,80.2305831909,21162,21172,10
13.0314998627,80.2306365967,21172,21182,10
13.0309896469,80.2306976318,21182,21192,10
13.0305404663,80.2307434082,21192,21202,10
13.0300502777,80.2308120728,21202,21212,10
13.0298299789,80.2308425903,21212,21223,11
13.0297002792,80.2308578491,21223,21233,10
13.0293302536,80.2308807373,21233,21243,10
13.0288496017,80.2309265137,21243,21253,10
13.0283603668,80.23097229,21253,21263,10
13.0278596878,80.2310180664,21263,21273,10
13.0276699066,80.2312088013,21273,21283,10
13.0277395248,80.2315826416,21283,21293,10
13.0277795792,80.2320022583,21293,21303,10
13.0278501511,80.232421875,21303,21313,10
13.0278396606,80.2328262329,21313,21324,11
13.0273504257,80.2329177856,21324,21334,10
13.0269498825,80.2329788208,21334,21344,10
13.0268802643,80.233001709,21344,21354,10
13.0267601013,80.2329864502,21354,21364,10
13.0265102386,80.2330093384,21364,21374,10
13.0262899399,80.2326583862,21374,21384,10
13.026140213,80.2321777344,21384,21394,10
13.02602005,80.2316818237,21394,21404,10
13.0259103775,80.2312164307,21404,21414,10
13.0256996155,80.2305984497,21414,21425,11
13.0253295898,80.2299804688,21425,21435,10
13.024939537,80.2294692993,21435,21445,10
13.0245599747,80.2289810181,21445,21455,10
13.0242500305,80.2285995483,21455,21465,10
13.024020195,80.2283477783,21465,21475,10
13.024020195,80.2283401489,21475,21485,10
13.0238599777,80.2281112671,21485,21495,10
13.0235700607,80.2278137207,21495,21505,10
13.0232200623,80.2274703979,21505,21515,10
13.0228099823,80.2270965576,21515,21526,11
13.022359848,80.2266464233,21526,21536,10
13.0218801498,80.2262420654,21536,21546,10
13.0214004517,80.2258682251,21546,21556,10
13.0209798813,80.2255325317,21556,21566,10
13.0205001831,80.225227356,21566,21576,10
13.0199899673,80.2248916626,21576,21586,10
13.0194301605,80.224571228,21586,21596,10
13.0187397003,80.2245407104,21596,21606,10
13.0180702209,80.2248077393,21606,21616,10
13.0173902512,80.2250823975,21616,21627,11
13.0167303085,80.2253417969,21627,21637,10
13.0164499283,80.2253799438,21637,21647,10
13.016119957,80.2254180908,21647,21657,10
13.0157604218,80.2256622314,21657,21667,10
13.0152101517,80.2259063721,21667,21677,10
13.0145902634,80.2261734009,21677,21687,10
13.0143604279,80.226272583,21687,21697,10
13.0143604279,80.2262802124,21697,21707,10
13.0140695572,80.2263793945,21707,21717,10
13.0135602951,80.2265777588,21717,21727,10
13.0129098892,80.2268218994,21727,21738,11
13.0121097565,80.227142334,21738,21748,10
13.0113697052,80.2274398804,21748,21758,10
13.0105895996,80.2277679443,21758,21768,10
13.0098304749,80.2280883789,21768,21778,10
13.0092201233,80.2285003662,21778,21788,10
13.009059906,80.2292861938,21788,21798,10
13.0088996887,80.2300872803,21798,21808,10
13.0087499619,80.2309036255,21808,21818,10
13.0085897446,80.2317123413,21818,21829,11
13.0084104538,80.2325820923,21829,21839,10
13.008310318,80.2333221436,21839,21849,10
13.0081996918,80.2338027954,21849,21859,10
13.0080404282,80.2344818115,21859,21869,10
13.007900238,80.2351989746,21869,21879,10
13.0077295303,80.2360229492,21879,21889,10
13.0075702667,80.236831665,21889,21899,10
13.0074100494,80.2376403809,21899,21909,10
13.0072603226,80.2384414673,21909,21919,10
13.0071296692,80.239151001,21919,21929,10
13.0070104599,80.2397689819,21929,21940,11
13.0069303513,80.2401733398,21940,21950,10
13.0068998337,80.2406768799,21950,21960,10
13.0068101883,80.2412872314,21960,21970,10
13.0067796707,80.2419891357,21970,21980,10
13.0067501068,80.2426681519,21980,21990,10
13.0067396164,80.243347168,21990,22000,10
13.0067195892,80.2440414429,22000,22010,10
13.006770134,80.244758606,22010,22020,10
13.0067796707,80.2453613281,22020,22030,10
13.0067596436,80.2460632324,22030,22041,11
13.0067596436,80.2468338013,22041,22051,10
13.006770134,80.2475509644,22051,22061,10
13.0067796707,80.248336792,22061,22071,10
13.0068798065,80.2491226196,22071,22081,10
13.0068998337,80.2495574951,22081,22091,10
13.0068597794,80.2496185303,22091,22101,10
13.0068798065,80.249961853,22101,22111,10
13.0068702698,80.2505111694,22111,22121,10
13.0068702698,80.2506866455,22121,22131,10
13.0068702698,80.2510070801,22131,22142,11
13.0068397522,80.2515335083,22142,22152,10
13.0067195892,80.2520828247,22152,22162,10
13.0066299438,80.2526931763,22162,22172,10
13.0066299438,80.2534103394,22172,22182,10
13.0066299438,80.2542114258,22182,22192,10
13.006649971,80.254989624,22192,22202,10
13.0066604614,80.2557983398,22202,22212,10
13.0066404343,80.256652832,22212,22222,10
13.0066900253,80.2572097778,22222,22232,10
13.0067996979,80.2576370239,22232,22243,11
13.0071296692,80.2582473755,22243,22253,10
13.007610321,80.2585906982,22253,22263,10
13.0081195831,80.2588272095,22263,22273,10
13.0087795258,80.2590408325,22273,22283,10
13.0095596313,80.2590484619,22283,22293,10
13.0104198456,80.2590637207,22293,22303,10
13.0113096237,80.2590484619,22303,22313,10
13.0122003555,80.2590789795,22313,22323,10
13.0131397247,80.2591171265,22323,22333,10
13.0140695572,80.259147644,22333,22344,11
13.0150499344,80.2592010498,22344,22354,10
13.0158596039,80.2593612671,22354,22364,10
13.0163898468,80.2596511841,22364,22374,10
13.0164403915,80.2596893311,22374,22384,10
13.0167198181,80.2599182129,22384,22394,10
13.0171403885,80.2602081299,22394,22404,10
13.0176801682,80.2605667114,22404,22414,10
13.0182800293,80.2609786987,22414,22424,10
13.0188302994,80.2613830566,22424,22434,10
13.0192899704,80.2618026733,22434,22445,11
13.0198497772,80.2623596191,22445,22455,10
13.020409584,80.2627487183,22455,22465,10
13.021030426,80.2629394531,22465,22475,10
13.0216302872,80.2631530762,22475,22485,10
13.0220603943,80.2633590698,22485,22494,9
13.0223197937,80.2634811401,22494,22505,11
13.0228204727,80.2637405396,22505,22515,10
13.0233802795,80.2640533447,22515,22525,10
13.0239496231,80.2643585205,22525,22535,10
13.0244503021,80.2646789551,22535,22546,11
13.0248203278,80.2649688721,22546,22556,10
13.0251598358,80.2652511597,22556,22566,10
13.025639534,80.2655792236,22566,22576,10
13.0261001587,80.2658615112,22576,22586,10
13.0263004303,80.2657165527,22586,22596,10
13.0263595581,80.2652816772,22596,22606,10
13.02643013,80.2647171021,22606,22626,20
13.02643013,80.2647171021,22626,22636,10
13.0264701843,80.2645874023,22636,22647,11
13.0264997482,80.2642288208,22647,22657,10
13.0264997482,80.2641525269,22657,22667,10
13.0265197754,80.2640380859,22667,22677,10
13.0265598297,80.2638168335,22677,22687,10
13.0265798569,80.2635269165,22687,22697,10
13.0268201828,80.2634124756,22697,22707,10
13.0272397995,80.2634735107,22707,22717,10
13.0276098251,80.2635269165,22717,22727,10
13.0282201767,80.2637023926,22727,22737,10
13.0288200378,80.2638473511,22737,22748,11
13.0293102264,80.2640304565,22748,22758,10
13.0293197632,80.2643890381,22758,22768,10
13.0293302536,80.2649078369,22768,22778,10
13.0293197632,80.2655181885,22778,22788,10
13.0292701721,80.2661437988,22788,22798,10
13.0292701721,80.2665100098,22798,22808,10
13.0295095444,80.2665710449,22808,22818,10
13.0298700333,80.2666015625,22818,22828,10
13.030380249,80.2666778564,22828,22838,10
13.0309896469,80.2667770386,22838,22849,11
13.0316495895,80.2669906616,22849,22859,10
13.0322303772,80.2672729492,22859,22869,10
13.0326795578,80.267539978,22869,22879,10
13.0331697464,80.2677078247,22879,22889,10
13.0334596634,80.267791748,22889,22899,10
13.0335798264,80.2678375244,22899,22909,10
13.0339803696,80.2679290771,22909,22919,10
13.0344400406,80.2679672241,22919,22929,10
13.0345802307,80.2680892944,22929,22939,10
13.0344600677,80.2681427002,22939,22950,11
13.0342302322,80.2680206299,22950,22960,10
13.0338096619,80.2679290771,22960,22970,10
13.0332899094,80.2678527832,22970,23717,747
13.0332899094,80.2678527832,23717,23727,10
13.0331897736,80.2678070068,23727,23737,10
13.0330295563,80.2677688599,23737,23747,10
13.0329198837,80.2677383423,23747,23758,11
13.0326700211,80.2676315308,23758,23768,10
13.0324897766,80.2674713135,23768,23778,10
13.0321102142,80.267326355,23778,23788,10
13.0316400528,80.2671127319,23788,23798,10
13.0311203003,80.2669219971,23798,23808,10
13.0305595398,80.2667922974,23808,23818,10
13.0298595428,80.2666778564,23818,23848,30
13.0298595428,80.2666778564,23848,23859,11
13.0294704437,80.2666015625,23859,23869,10
13.0292396545,80.2665176392,23869,23879,10
13.0288600922,80.2663574219,23879,23889,10
13.0283899307,80.2662734985,23889,23899,10
13.0278100967,80.2661895752,23899,23909,10
13.0272397995,80.2661209106,23909,23918,9
13.0267601013,80.2660598755,23918,23929,11
13.0262699127,80.2659606934,23929,23939,10
13.0258398056,80.2657089233,23939,23949,10
13.0252103806,80.265296936,23949,23970,21
13.0252103806,80.265296936,23970,23980,10
13.0249204636,80.265083313,23980,23990,10
13.0245199203,80.2648010254,23990,24000,10
13.0240001678,80.2644271851,24000,24010,10
13.0234603882,80.2641372681,24010,24020,10
13.0230302811,80.2639083862,24020,24030,10
13.0226802826,80.2637176514,24030,24040,10
13.0221796036,80.2634811401,24040,24050,10
13.022069931,80.2633895874,24050,24061,11
13.0218400955,80.2632904053,24061,24071,10
13.0213603973,80.2630996704,24071,24081,10
13.0206804276,80.2630310059,24081,24091,10
13.020190239,80.2630233765,24091,24101,10
13.0196695328,80.2629776001,24101,24111,10
13.0191297531,80.2629089355,24111,24121,10
13.0189304352,80.2625808716,24121,24131,10
13.0188503265,80.26197052,24131,24141,10
13.0187397003,80.2614135742,24141,24151,10
13.0183601379,80.2610931396,24151,24162,11
13.0178203583,80.2607192993,24162,24172,10
13.0172395706,80.2603378296,24172,24182,10
13.0165901184,80.2599411011,24182,24192,10
13.016119957,80.2597122192,24192,24202,10
13.0160903931,80.2596893311,24202,24212,10
13.0158996582,80.2596130371,24212,24222,10
13.0154600143,80.2594604492,24222,24232,10
13.0148601532,80.2593383789,24232,24242,10
13.0141897202,80.2593078613,24242,24252,10
13.0134496689,80.2592773438,24252,24263,11
13.0126399994,80.2592468262,24263,24273,10
13.0119104385,80.2592163086,24273,24283,10
13.0111598969,80.2592010498,24283,24293,10
13.0103797913,80.2592468262,24293,24303,10
13.0099601746,80.2592468262,24303,24313,10
13.0098199844,80.2592315674,24313,24323,10
13.0094099045,80.2592315674,24323,24333,10
13.0088796616,80.2592163086,24333,24343,10
13.008600235,80.2592163086,24343,24353,10
13.0080900192,80.2592163086,24353,24364,11
13.007519722,80.2593231201,24364,24374,10
13.0072603226,80.2588195801,24374,24384,10
13.0072097778,80.2587203979,24384,24394,10
13.007060051,80.2583999634,24394,24404,10
13.0065803528,80.2576904297,24404,24505,101
13.0065803528,80.2576904297,24505,24515,10
13.0064897537,80.2574005127,24515,24525,10
13.0064697266,80.2570877075,24525,24535,10
13.0064601898,80.2566223145,24535,24545,10
13.0065498352,80.2559204102,24545,24555,10
13.0065498352,80.2552108765,24555,24566,11
13.0065803528,80.2544403076,24566,24576,10
13.0065603256,80.2536468506,24576,24586,10
13.0065603256,80.2531967163,24586,24596,10
13.0065402985,80.2530517578,24596,24606,10
13.0065603256,80.2526016235,24606,24616,10
13.0066204071,80.2522125244,24616,24626,10
13.0066299438,80.2521362305,24626,24636,10
13.0067195892,80.2517776489,24636,24646,10
13.0067901611,80.2511901855,24646,24656,10
13.0067796707,80.2504196167,24656,24666,10
13.0067796707,80.2496414185,24666,24677,11
13.0067501068,80.2487716675,24677,24687,10
13.0066604614,80.2474975586,24687,24767,80
13.0066604614,80.2474975586,24767,24778,11
13.0066604614,80.2473526001,24778,24788,10
13.0066699982,80.2470169067,24788,24798,10
13.0066099167,80.2465896606,24798,24808,10
13.0066299438,80.2464904785,24808,24818,10
13.0066795349,80.2462387085,24818,24828,10
13.0066795349,80.2457504272,24828,24838,10
13.0066604614,80.2451324463,24838,24848,10
13.0066604614,80.2444915771,24848,24858,10
13.006649971,80.2438583374,24858,24868,10
13.0066604614,80.243347168,24868,24879,11
13.0066204071,80.24269104,24879,24889,10
13.0065803528,80.2419967651,24889,24899,10
13.0065603256,80.2418289185,24899,24909,10
13.0065698624,80.2414932251,24909,24919,10
13.0066299438,80.2409973145,24919,24929,10
13.0067195892,80.2404174805,24929,24939,10
13.0068597794,80.2397613525,24939,24949,10
13.0069999695,80.2389984131,24949,24959,10
13.0071601868,80.2381591797,24959,24969,10
13.0073404312,80.2373886108,24969,24980,11
13.0074100494,80.2367706299,24980,24990,10
13.0075397491,80.2363204956,24990,25000,10
13.0076704025,80.2357177734,25000,25010,10
13.0078296661,80.2350082397,25010,25020,10
13.0079803467,80.2342376709,25020,25030,10
13.0081596375,80.2333221436,25030,25040,10
13.0083503723,80.2323379517,25040,25050,10
13.0085401535,80.2313613892,25050,25060,10
13.0087099075,80.2304000854,25060,25070,10
13.0088996887,80.2294311523,25070,25081,11
13.0091199875,80.2284164429,25081,25091,10
13.0094604492,80.2275619507,25091,25101,10
13.0098495483,80.2266998291,25101,25111,10
13.0102701187,80.2258987427,25111,25121,10
13.0106601715,80.2250595093,25121,25131,10
13.0109996796,80.2242736816,25131,25141,10
13.0112895966,80.2235565186,25141,25151,10
13.0115499496,80.2228927612,25151,25161,10
13.0117902756,80.2221679688,25161,25171,10
13.0120601654,80.2215194702,25171,25182,11
13.0123796463,80.2214889526,25182,25192,10
13.0126104355,80.2218093872,25192,25202,10
13.013010025,80.2222595215,25202,25212,10
13.0134601593,80.2227935791,25212,25222,10
13.0139303207,80.2232284546,25222,25232,10
13.0141801834,80.2234725952,25232,25242,10
13.0144395828,80.2237167358,25242,25252,10
13.0147800446,80.2241363525,25252,25262,10
13.0151700974,80.224647522,25262,25272,10
13.0153598785,80.224822998,25272,25283,11
13.0155897141,80.2249984741,25283,25293,10
13.0156402588,80.2250366211,25293,25303,10
13.0158901215,80.2252578735,25303,25313,10
13.0163602829,80.2253570557,25313,25323,10
13.0169496536,80.225189209,25323,25333,10
13.0175695419,80.2249298096,25333,25343,10
13.0182504654,80.2246627808,25343,25353,10
13.0189199448,80.2244033813,25353,25363,10
13.0197896957,80.2245483398,25363,25384,21
13.0197896957,80.2245483398,25384,25394,10
13.0199203491,80.2246704102,25394,25404,10
13.0202798843,80.2249526978,25404,25414,10
13.0207996368,80.2253112793,25414,25424,10
13.0213098526,80.2257003784,25424,25434,10
13.0218000412,80.2260513306,25434,25444,10
13.0219497681,80.2261581421,25444,25454,10
13.0221996307,80.2263717651,25454,25464,10
13.0226202011,80.2267303467,25464,25474,10
13.0231304169,80.2272262573,25474,25485,11
13.0236797333,80.2277297974,25485,25495,10
13.0241203308,80.2281723022,25495,25505,10
13.0245199203,80.2286834717,25505,25515,10
13.0249099731,80.2292327881,25515,25525,10
13.0253696442,80.2298126221,25525,25535,10
13.0257902145,80.2304763794,25535,25545,10
13.0260095596,80.2310791016,25545,25555,10
13.0263395309,80.2313079834,25555,25565,10
13.0270004272,80.2311325073,25565,25575,10
13.0277004242,80.2309799194,25575,25586,11
13.0284004211,80.2308807373,25586,25596,10
13.0285396576,80.2308807373,25596,25606,10
13.0290002823,80.2308425903,25606,25616,10
13.0293598175,80.2308120728,25616,25626,10
13.0297403336,80.2307662964,25626,25636,10
13.0303401947,80.2307434082,25636,25646,10
13.0308904648,80.230682373,25646,25656,10
13.0315198898,80.2306289673,25656,25666,10
13.03221035,80.2305831909,25666,25676,10
13.032959938,80.2305221558,25676,25687,11
13.0337696075,80.23046875,25687,25697,10
13.0342903137,80.2304077148,25697,25717,20
13.0342903137,80.2304077148,25717,25727,10
13.0346097946,80.2303390503,25727,25737,10
13.0348796844,80.2302627563,25737,25747,10
13.0351104736,80.2302398682,25747,25757,10
13.0350103378,80.2303771973,25757,25767,10
13.034819603,80.2303085327,25767,25777,10
13.0344495773,80.2303924561,25777,25788,11
13.0339202881,80.2304382324,25788,26040,252
13.0336103439,80.2302398682,26040,26939,899
13.0336103439,80.2302398682,26939,26949,10
13.0334997177,80.2303237915,26949,26959,10
13.0331497192,80.2303771973,26959,26969,10
13.0326595306,80.2304763794,26969,26979,10
13.0319700241,80.2305908203,26979,26989,10
13.0312995911,80.2306594849,26989,27000,11
13.0306396484,80.2307281494,27000,27010,10
13.0299701691,80.2308120728,27010,27030,20
13.0299701691,80.2308120728,27030,27040,10
13.029800415,80.2308502197,27040,27050,10
13.0294504166,80.2308807373,27050,27060,10
13.0289697647,80.2309494019,27060,27070,10
13.028380394,80.2310333252,27070,27080,10
13.0277996063,80.2310409546,27080,27090,10
13.0277004242,80.2313232422,27090,27100,10
13.0277500153,80.2317276001,27100,27111,11
13.0278100967,80.2322235107,27111,27121,10
13.0279197693,80.2326431274,27121,27131,10
13.0276603699,80.2328414917,27131,27141,10
13.0272102356,80.2329483032,27141,27151,10
13.0268602371,80.2330322266,27151,27222,71
13.0268602371,80.2330322266,27222,27232,10
13.0265798569,80.233039856,27232,27242,10
13.0263595581,80.2328186035,27242,27252,10
13.0261898041,80.2322998047,27252,27262,10
13.0260295868,80.2316665649,27262,27272,10
13.0258703232,80.2309799194,27272,27282,10
13.0255498886,80.2302703857,27282,27292,10
13.0250902176,80.2296218872,27292,27302,10
13.0246696472,80.2290878296,27302,27313,11
13.0243301392,80.2286605835,27313,27323,10
13.0240297318,80.2283477783,27323,27343,20
13.0240297318,80.2283477783,27343,27353,10
13.0239400864,80.228187561,27353,27363,10
13.0237197876,80.2279281616,27363,27373,10
13.0234098434,80.2276382446,27373,27383,10
13.0231704712,80.227432251,27383,27393,10
13.0229101181,80.2272033691,27393,27403,10
13.0225601196,80.2268676758,27403,27414,11
13.0220899582,80.2264404297,27414,27424,10
13.0216503143,80.2260818481,27424,27434,10
13.0211696625,80.2257003784,27434,27444,10
13.0206804276,80.2253112793,27444,27454,10
13.0198402405,80.2247619629,27454,27494,40
13.0198402405,80.2247619629,27494,27504,10
13.0195198059,80.2246398926,27504,27515,11
13.018910408,80.2245407104,27515,27525,10
13.0182695389,80.2247390747,27525,27535,10
13.0176095963,80.2250137329,27535,27545,10
13.0169296265,80.2252807617,27545,27555,10
13.0164003372,80.2254867554,27555,27565,10
13.015999794,80.2256317139,27565,27575,10
13.015540123,80.2257995605,27575,27585,10
13.0151195526,80.2259674072,27585,27595,10
13.0144500732,80.2262268066,27595,27616,21
13.0144500732,80.2262268066,27616,27626,10
13.0143299103,80.2262878418,27626,27636,10
13.0141401291,80.2263793945,27636,27646,10
13.0139198303,80.2264633179,27646,27656,10
13.0135097504,80.2266311646,27656,27666,10
13.012960434,80.2268371582,27666,27676,10
13.0123500824,80.2270507813,27676,27686,10
13.0116996765,80.2273178101,27686,27696,10
13.0109796524,80.2276077271,27696,27706,10
13.0102596283,80.2279129028,27706,27717,11
13.0095100403,80.2282333374,27717,27727,10
13.0091495514,80.2288513184,27727,27737,10
13.0089998245,80.229598999,27737,27747,10
13.0088596344,80.2303314209,27747,27757,10
13.0087404251,80.2309265137,27757,27767,10
13.0086097717,80.2315826416,27767,27777,10
13.008480072,80.2322769165,27777,27787,10
13.0083503723,80.2329101563,27787,27797,10
13.0083198547,80.233253479,27797,27807,10
13.008310318,80.2333068848,27807,27818,11
13.0082397461,80.2335662842,27818,27828,10
13.0081596375,80.2339401245,27828,27838,10
13.0080795288,80.2343521118,27838,27848,10
13.0079803467,80.2347793579,27848,27858,10
13.0078601837,80.2353897095,27858,27868,10
13.0077295303,80.2360076904,27868,27878,10
13.007610321,80.236618042,27878,27888,10
13.0074796677,80.2373123169,27888,27898,10
13.0073299408,80.2380523682,27898,27908,10
13.0072002411,80.2387771606,27908,27919,11
13.0070400238,80.2395935059,27919,27929,10
13.006939888,80.2400817871,27929,27979,50
13.006939888,80.2400817871,27979,27989,10
13.0069599152,80.2401580811,27989,27999,10
13.0069103241,80.2405319214,27999,28009,10
13.0068502426,80.2409133911,28009,28020,11
13.006819725,80.241027832,28020,28030,10
13.0067796707,80.2414398193,28030,28040,10
13.006770134,80.2421264648,28040,28050,10
13.0067501068,80.2428283691,28050,28060,10
13.0067501068,80.2432022095,28060,28070,10
13.0067396164,80.2435836792,28070,28080,10
13.0067195892,80.2440338135,28080,28090,10
13.0067195892,80.2445297241,28090,28100,10
13.0067396164,80.2449264526,28100,28110,10
13.0067396164,80.2453231812,28110,28121,11
13.0067501068,80.2459716797,28121,28171,50
13.0067501068,80.2459716797,28171,28181,10
13.0067596436,80.2464828491,28181,28191,10
13.0067901611,80.2469177246,28191,28201,10
13.0067796707,80.247467041,28201,28211,10
13.0067796707,80.2481689453,28211,28222,11
13.0068397522,80.2490005493,28222,28232,10
13.0068998337,80.2496032715,28232,28242,10
13.0068998337,80.249671936,28242,28252,10
13.0068798065,80.250038147,28252,28262,10
13.0068702698,80.250579834,28262,28272,10
13.0068597794,80.2512588501,28272,28282,10
13.0067300797,80.251953125,28282,28292,10
13.0066003799,80.2527008057,28292,28302,10
13.0065803528,80.2535705566,28302,28312,10
13.0066003799,80.2545013428,28312,28323,11
13.006649971,80.2554702759,28323,28333,10
13.0066604614,80.2563476563,28333,28343,10
13.0067100525,80.2572631836,28343,28424,81
13.0067100525,80.2572631836,28424,28434,10
13.0067300797,80.2573699951,28434,28444,10
13.0068597794,80.2577819824,28444,28454,10
13.0072002411,80.2583465576,28454,28464,10
13.0076999664,80.2586364746,28464,28474,10
13.007809639,80.2586898804,28474,28484,10
13.0081796646,80.2588577271,28484,28494,10
13.0087404251,80.2590408325,28494,28504,10
13.0094099045,80.2590789795,28504,28514,10
13.0101995468,80.2590789795,28514,28525,11
13.0111303329,80.2590713501,28525,28535,10
13.0119800568,80.2590713501,28535,28545,10
13.0128602982,80.2591094971,28545,28555,10
13.0137500763,80.2591400146,28555,28565,10
13.0146398544,80.2591705322,28565,28575,10
13.0154600143,80.2592391968,28575,28585,10
13.0164003372,80.2596435547,28585,28605,20
13.0164003372,80.2596435547,28605,28615,10
13.0164899826,80.2597198486,28615,28626,11
13.0168399811,80.259979248,28626,28636,10
13.0173301697,80.2602996826,28636,28646,10
13.0178699493,80.2606811523,28646,28656,10
13.0184602737,80.2610778809,28656,28666,10
13.0190000534,80.2615203857,28666,28676,10
13.0194597244,80.2619400024,28676,28686,10
13.02023983,80.2626571655,28686,28706,20
13.02023983,80.2626571655,28706,28716,10
13.0205402374,80.262802124,28716,28727,11
13.0211200714,80.2629776001,28727,28737,10
13.0217199326,80.2631988525,28737,28747,10
13.0220899582,80.263381958,28747,28757,10
13.0224304199,80.2635421753,28757,28767,10
13.0227603912,80.2637023926,28767,28777,10
13.0230197906,80.2638473511,28777,28787,10
13.0231304169,80.2639389038,28787,28797,10
13.023440361,80.2640991211,28797,28807,10
13.0239095688,80.2643508911,28807,28817,10
13.024430275,80.2646636963,28817,28828,11
13.0249700546,80.2651062012,28828,28838,10
13.0255002975,80.2654800415,28838,28848,10
13.026049614,80.2658233643,28848,28858,10
13.0263595581,80.2658081055,28858,28868,10
13.0263996124,80.26537323,28868,28878,10
13.0264396667,80.2648620605,28878,28888,10
13.0265197754,80.2641830444,28888,28908,20
13.0265197754,80.2641830444,28908,28918,10
13.0265798569,80.2638931274,28918,28929,11
13.0266504288,80.2634429932,28929,28939,10
13.0270395279,80.2634811401,28939,28949,10
13.0275802612,80.2635879517,28949,28959,10
13.0281801224,80.2637634277,28959,28969,10
13.0283498764,80.2638015747,28969,28979,10
13.0286397934,80.2639007568,28979,28989,10
13.0291099548,80.2640304565,28989,28999,10
13.0293197632,80.2642364502,28999,29009,10
13.0293197632,80.2646408081,29009,29019,10
13.029299736,80.2651901245,29019,29030,11
13.0292797089,80.265663147,29030,29040,10
13.0292701721,80.2661209106,29040,29050,10
13.029250145,80.266242981,29050,29060,10
13.0292196274,80.2664871216,29060,29070,10
13.0294399261,80.2665786743,29070,29080,10
13.0298404694,80.2666397095,29080,29090,10
13.0304899216,80.2667388916,29090,29100,10
13.0311403275,80.2668762207,29100,29110,10
13.0317602158,80.2671203613,29110,29120,10
13.0323200226,80.2673797607,29120,29131,11
13.0329999924,80.2677383423,29131,29151,20
13.0329999924,80.2677383423,29151,29161,10
13.0331602097,80.267791748,29161,29171,10
13.0334501266,80.2678527832,29171,29181,10
13.0335597992,80.2678833008,29181,29191,10
13.0338497162,80.2679367065,29191,29201,10
13.0339603424,80.2679595947,29201,29211,10
13.0342903137,80.2680130005,29211,29221,10
13.0345697403,80.2680130005,29221,29231,10
13.0346097946,80.2681427002,29231,29242,11
13.0344896317,80.268157959,29242,29252,10
13.0343198776,80.2680435181,29252,29262,10
13.0339202881,80.2679595947,29262,29272,10
13.0333099365,80.267868042,29272,29494,222
13.0333099365,80.267868042,29494,29504,10
13.0333003998,80.2675933838,29504,29706,202
13.0333003998,80.2675933838,29706,29716,10
13.0331401825,80.2676925659,29716,29726,10
13.032910347,80.2676773071,29726,29736,10
13.0326004028,80.267539978,29736,29747,11
13.0322504044,80.2673492432,29747,29757,10
13.0318002701,80.2670974731,29757,29767,10
13.0313196182,80.2669525146,29767,29777,10
13.0308303833,80.2668228149,29777,29787,10
13.0303001404,80.2667312622,29787,29797,10
13.0298204422,80.2666625977,29797,29807,10
13.0297603607,80.2666473389,29807,29817,10
13.0295000076,80.2666015625,29817,29827,10
13.029250145,80.2665405273,29827,29837,10
13.0288496017,80.2663879395,29837,29848,11
13.0282001495,80.2662963867,29848,29858,10
13.0275201797,80.2661895752,29858,29868,10
13.0268497467,80.2661132813,29868,29878,10
13.0263395309,80.2659988403,29878,29888,10
13.0259199142,80.2657623291,29888,29898,10
13.0254402161,80.2654724121,29898,29908,10
13.0252399445,80.2653579712,29908,29918,10
13.025179863,80.2652893066,29918,29928,10
13.0249595642,80.2650909424,29928,29938,10
13.024600029,80.2648162842,29938,29949,11
13.0240402222,80.2644271851,29949,29959,10
13.0235595703,80.2641677856,29959,29969,10
13.0230197906,80.2638626099,29969,29979,10
13.0225000381,80.2636032104,29979,29989,10
13.0221796036,80.263458252,29989,29999,10
13.0221595764,80.2634429932,29999,30009,10
13.0220098495,80.2633514404,30009,30019,10
13.0216598511,80.2631835938,30019,30029,10
13.0210199356,80.2630386353,30029,30039,10
13.0203800201,80.2630310059,30039,30049,10
13.0199203491,80.2629928589,30049,30060,11
13.0192804337,80.2629394531,30060,30070,10
13.0189599991,80.2627868652,30070,30080,10
13.0188903809,80.262298584,30080,30090,10
13.0187902451,80.2616500854,30090,30100,10
13.0184698105,80.2611694336,30100,30110,10
13.0179195404,80.2608032227,30110,30120,10
13.0173397064,80.2604064941,30120,30130,10
13.0167503357,80.260017395,30130,30140,10
13.0161399841,80.2596969604,30140,30161,21
13.0161399841,80.2596969604,30161,30171,10
13.0160198212,80.2596282959,30171,30181,10
13.0156402588,80.2594833374,30181,30191,10
13.0151395798,80.2593383789,30191,30201,10
13.0145797729,80.2593002319,30201,30211,10
13.0138902664,80.2592773438,30211,30221,10
13.0131502151,80.2592468262,30221,30231,10
13.0123701096,80.2592163086,30231,30241,10
13.0116100311,80.2592010498,30241,30251,10
13.0108699799,80.2592010498,30251,30262,11
13.0101699829,80.259262085,30262,30272,10
13.0100803375,80.259262085,30272,30282,10
13.0097503662,80.2592468262,30282,30292,10
13.0093202591,80.2592468262,30292,30302,10
13.0089797974,80.2592391968,30302,30312,10
13.008769989,80.2592391968,30312,30322,10
13.0084104538,80.2592163086,30322,30332,10
13.007900238,80.2593002319,30332,30342,10
13.0074300766,80.259262085,30342,30352,10
13.0072402954,80.2588195801,30352,30363,11
13.007229805,80.2587814331,30363,30373,10
13.0071296692,80.2585601807,30373,30383,10
13.0069198608,80.2582168579,30383,30393,10
13.0065402985,80.2576980591,30393,30423,30
13.0065402985,80.2576980591,30423,30433,10
13.0065002441,80.257522583,30433,30443,10
13.006480217,80.2574615479,30443,30453,10
13.0064496994,80.2571563721,30453,30464,11
13.0064401627,80.256729126,30464,30474,10
13.0064601898,80.2561035156,30474,30484,10
13.006480217,80.2554016113,30484,30494,10
13.0065202713,80.2548370361,30494,30504,10
13.0064897537,80.2542037964,30504,30514,10
13.0064897537,80.2535400391,30514,30524,10
13.006480217,80.2531890869,30524,30534,10
13.006480217,80.2531814575,30534,30544,10
13.0065202713,80.2529067993,30544,30554,10
13.0065402985,80.2524108887,30554,30565,11
13.0066604614,80.2517929077,30565,30666,101
13.0066604614,80.2517929077,30666,30676,10
13.0068101883,80.2514801025,30676,30686,10
13.0068397522,80.2509307861,30686,30696,10
13.0067996979,80.2501983643,30696,30706,10
13.006770134,80.2493972778,30706,30716,10
13.0067100525,80.2486114502,30716,30726,10
13.006649971,80.2477874756,30726,30807,81
13.006649971,80.2477874756,30807,30817,10
13.0066795349,80.2474594116,30817,30827,10
13.0066900253,80.2471313477,30827,30837,10
13.0066204071,80.2466506958,30837,30847,10
13.0066299438,80.2465286255,30847,30857,10
13.0066299438,80.2465133667,30857,30868,11
13.006649971,80.2461929321,30868,30878,10
13.006649971,80.2456893921,30878,30888,10
13.0066299438,80.2450637817,30888,30898,10
13.0066204071,80.244430542,30898,30908,10
13.0066003799,80.2438201904,30908,30918,10
13.0065803528,80.2434387207,30918,30928,10
13.0065603256,80.243019104,30928,30938,10
13.0065402985,80.24243927,30938,30948,10
13.0065402985,80.2417831421,30948,30958,10
13.0065402985,80.2416763306,30958,30969,11
13.0065498352,80.2415466309,30969,30979,10
13.0065803528,80.2411804199,30979,30989,10
13.0066404343,80.240737915,30989,30999,10
13.0067195892,80.2403411865,30999,31019,20
13.0067195892,80.2403411865,31019,31029,10
13.0067901611,80.2401123047,31029,31039,10
13.0068702698,80.2396697998,31039,31049,10
13.0069904327,80.2390518188,31049,31059,10
13.0071201324,80.2383728027,31059,31070,11
13.0073003769,80.2376098633,31070,31080,10
13.0074195862,80.2367935181,31080,31100,20
13.0074195862,80.2367935181,31100,31110,10
13.0074396133,80.2367324829,31110,31120,10
13.0075397491,80.2364273071,31120,31130,10
13.0076503754,80.2359619141,31130,31140,10
13.0077800751,80.2353515625,31140,31150,10
13.0079097748,80.2346878052,31150,31160,10
13.0080604553,80.2339935303,31160,31171,11
13.0082302094,80.2330703735,31171,31181,10
13.0084104538,80.2321624756,31181,31191,10
13.0085802078,80.2312927246,31191,31201,10
13.0087604523,80.2303085327,31201,31211,10
13.0089797974,80.2292175293,31211,31221,10
13.009180069,80.2282791138,31221,31231,10
13.0095396042,80.2274169922,31231,31241,10
13.0099000931,80.2266387939,31241,31251,10
13.0101604462,80.2260971069,31251,31261,10
13.0104598999,80.2255172729,31261,31271,10
13.010720253,80.2249679565,31271,31282,11
13.0110197067,80.2242584229,31282,31292,10
13.0113697052,80.2233734131,31292,31312,20
13.0113697052,80.2233734131,31312,31322,10
13.0114603043,80.2231369019,31322,31332,10
13.0116100311,80.2227783203,31332,31342,10
13.0118398666,80.2221603394,31342,31352,10
13.012140274,80.221496582,31352,31362,10
13.0123901367,80.221496582,31362,31372,10
13.0126304626,80.2218399048,31372,31383,11
13.0130195618,80.2223129272,31383,31393,10
13.013469696,80.2228317261,31393,31403,10
13.0138502121,80.223197937,31403,31413,10
13.0141801834,80.2234725952,31413,31423,10
13.0143499374,80.2236785889,31423,31433,10
13.0146799088,80.2240829468,31433,31443,10
13.0149698257,80.2244262695,31443,31453,10
13.0150203705,80.2244873047,31453,31463,10
13.0151996613,80.2247161865,31463,31473,10
13.0154695511,80.2249298096,31473,31494,21
13.0154695511,80.2249298096,31494,31504,10
13.015540123,80.2250213623,31504,31514,10
13.0156402588,80.2251281738,31514,31524,10
13.0158996582,80.2252731323,31524,31534,10
13.0163297653,80.2253265381,31534,31544,10
13.0168895721,80.2251586914,31544,31554,10
13.0174999237,80.2249221802,31554,31564,10
13.0181598663,80.2246627808,31564,31574,10
13.0188398361,80.2244033813,31574,31585,11
13.0194501877,80.2243804932,31585,31595,10
13.0197401047,80.2245178223,31595,31605,10
13.0200901031,80.2247695923,31605,31615,10
13.0205402374,80.2250976563,31615,31625,10
13.0210399628,80.2254562378,31625,31635,10
13.0215301514,80.2258529663,31635,31645,10
13.0219402313,80.2261428833,31645,31655,10
13.0220098495,80.2261810303,31655,31665,10
13.0220804214,80.2262496948,31665,31675,10
13.0222301483,80.2263793945,31675,31686,11
13.0222501755,80.2263870239,31686,31696,10
13.0224103928,80.2265472412,31696,31706,10
13.0227203369,80.2268295288,31706,31716,10
13.0231399536,80.2272109985,31716,31726,10
13.0235099792,80.2275619507,31726,31736,10
13.0239095688,80.2279281616,31736,31746,10
13.0243196487,80.2284088135,31746,31756,10
13.0246696472,80.2288970947,31756,31766,10
13.024939537,80.2292785645,31766,31776,10
13.0252399445,80.229637146,31776,31787,11
13.0256299973,80.230178833,31787,31797,10
13.0258703232,80.2306518555,31797,31807,10
13.0259799957,80.231010437,31807,31817,10
13.0260601044,80.2313766479,31817,31827,10
13.0264596939,80.2312927246,31827,31837,10
13.0270996094,80.2311096191,31837,31847,10
13.027759552,80.23097229,31847,31857,10
13.0283498764,80.2308807373,31857,31867,10
13.0284700394,80.2308883667,31867,31877,10
13.0286302567,80.2308578491,31877,31888,11
13.0293998718,80.2307662964,31888,31948,60
13.0293998718,80.2307662964,31948,31958,10
13.029540062,80.2307662964,31958,31968,10
13.0299501419,80.2307434082,31968,31978,10
13.0305204391,80.2306900024,31978,31989,11
13.0308704376,80.230682373,31989,31999,10
13.031370163,80.2306289673,31999,32009,10
13.031999588,80.2305679321,32009,32019,10
13.0326795578,80.230506897,32019,32029,10
13.0334596634,80.23046875,32029,32039,10
13.0340003967,80.230430603,32039,32049,10
13.0341596603,80.2304077148,32049,32059,10
13.0343198776,80.2304000854,32059,32069,10
13.0347499847,80.2302703857,32069,32110,41
13.0347499847,80.2302703857,32110,32120,10
13.0350704193,80.2300186157,32120,32140,20
13.0350704193,80.2300186157,32140,32150,10
13.0350103378,80.2297973633,32150,32160,10
13.0345697403,80.2297897339,32160,32221,61
13.0345697403,80.2297897339,32221,32231,10
13.0342798233,80.2297134399,32231,32392,161
13.0342798233,80.2297134399,32392,32403,11
13.0342102051,80.2298278809,32403,32443,40
13.0342102051,80.2298278809,32443,32453,10
13.0342197418,80.2302322388,32453,32493,40
13.0342197418,80.2302322388,32493,32504,11
13.0341300964,80.2304382324,32504,32514,10
13.033829689,80.2304534912,32514,32524,10
13.0334501266,80.23046875,32524,32544,20
13.0334501266,80.23046875,32544,32554,10
13.0330696106,80.2304382324,32554,32564,10
13.0326004028,80.2304992676,32564,32574,10
13.0320196152,80.2305831909,32574,32584,10
13.0313596725,80.2306289673,32584,32594,10
13.0308198929,80.230682373,32594,32605,11
13.0304203033,80.2307434082,32605,32615,10
13.0298595428,80.2308197021,32615,32635,20
13.0297203064,80.2308578491,32635,32675,40
13.0297203064,80.2308578491,32675,32685,10
13.0293798447,80.2308578491,32685,32695,10
13.0289897919,80.2309494019,32695,32706,11
13.0284700394,80.2310180664,32706,32716,10
13.0279397964,80.231086731,32716,32726,10
13.0277395248,80.231300354,32726,32736,10
13.0277500153,80.2317199707,32736,32746,10
13.0278100967,80.2322387695,32746,32756,10
13.027879715,80.2327804565,32756,32766,10
13.0274295807,80.2328796387,32766,32776,10
13.0269699097,80.2329330444,32776,32867,91
13.0269699097,80.2329330444,32867,32877,10
13.0265903473,80.2329483032,32877,32887,10
13.0263900757,80.2328033447,32887,32897,10
13.0262298584,80.232383728,32897,32908,11
13.0260400772,80.2317428589,32908,32918,10
13.0258998871,80.2311401367,32918,32928,10
13.0256500244,80.2304763794,32928,32938,10
13.025179863,80.2297897339,32938,32988,50
13.025179863,80.2297897339,32988,32998,10
13.0251197815,80.2296905518,32998,33009,11
13.0249795914,80.2294921875,33009,33019,10
13.0248098373,80.2292785645,33019,33029,10
13.0246400833,80.2290725708,33029,33039,10
13.0244503021,80.2288208008,33039,33049,10
13.0242595673,80.228553772,33049,33059,10
13.0240297318,80.2283096313,33059,33099,40
13.0240297318,80.2283096313,33099,33109,10
13.0239601135,80.228187561,33109,33120,11
13.0238304138,80.228012085,33120,33130,10
13.023639679,80.2278137207,33130,33140,10
13.0233201981,80.2275009155,33140,33150,10
13.0230102539,80.2271881104,33150,33160,10
13.0226297379,80.2268600464,33160,33170,10
13.0222797394,80.2265625,33170,33180,10
13.0221099854,80.2264175415,33180,33190,10
13.0218801498,80.2262115479,33190,33200,10
13.0215101242,80.2259063721,33200,33210,10
13.0211000443,80.2255630493,33210,33221,11
13.02064991,80.2252578735,33221,33231,10
13.0201797485,80.2249679565,33231,33241,10
13.0200395584,80.2248764038,33241,33251,10
13.0198602676,80.2247390747,33251,33261,10
13.0194997787,80.2245483398,33261,33271,10
13.0189399719,80.2244873047,33271,33281,10
13.0183095932,80.2247009277,33281,33291,10
13.0176296234,80.2249679565,33291,33301,10
13.0169496536,80.2252502441,33301,33311,10
13.0164403915,80.2254562378,33311,33322,11
13.0159902573,80.2256011963,33322,33332,10
13.0155601501,80.2257537842,33332,33342,10
13.0150203705,80.2259902954,33342,33352,10
13.0145702362,80.2261581421,33352,33362,10
13.0142202377,80.2263183594,33362,33402,40
13.0142202377,80.2263183594,33402,33412,10
13.0140695572,80.2263793945,33412,33423,11
13.0136804581,80.2265319824,33423,33433,10
13.0132102966,80.2267074585,33433,33443,10
13.0126399994,80.2269210815,33443,33453,10
13.0120201111,80.2271499634,33453,33463,10
13.0114002228,80.2274017334,33463,33473,10
13.0107698441,80.2276763916,33473,33483,10
13.0101203918,80.2279510498,33483,33493,10
13.0095100403,80.2282028198,33493,33503,10
13.0091600418,80.2286682129,33503,33513,10
13.0090303421,80.2292785645,33513,33524,11
13.008890152,80.2300186157,33524,33534,10
13.008769989,80.2306976318,33534,33544,10
13.008600235,80.2315216064,33544,33574,30
13.008600235,80.2315216064,33574,33584,10
13.0085496902,80.2317962646,33584,33594,10
13.008480072,80.2322311401,33594,33604,10
13.0083999634,80.2326278687,33604,33614,10
13.0083303452,80.233039856,33614,33625,11
13.0082502365,80.2336120605,33625,33665,40
13.0082502365,80.2336120605,33665,33675,10
13.0081796646,80.2339477539,33675,33685,10
13.008099556,80.2343673706,33685,33695,10
13.0079803467,80.2349472046,33695,33705,10
13.0078601837,80.2355728149,33705,33715,10
13.0077400208,80.2361907959,33715,33726,11
13.0075798035,80.2369613647,33726,33736,10
13.0074396133,80.2376785278,33736,33746,10
13.0073204041,80.2382965088,33746,33756,10
13.0072002411,80.2389678955,33756,33766,10
13.007060051,80.239616394,33766,33776,10
13.0069704056,80.240020752,33776,33877,101
13.0069704056,80.240020752,33877,33887,10
13.006939888,80.2403182983,33887,33897,10
13.0068798065,80.2407302856,33897,33917,20
13.0068798065,80.2407302856,33917,33927,10
13.0068302155,80.240852356,33927,33938,11
13.0067901611,80.2411575317,33938,33948,10
13.0067796707,80.2416610718,33948,33958,10
13.0067596436,80.2421722412,33958,33968,10
13.0067396164,80.2427902222,33968,33978,10
13.0067195892,80.2433395386,33978,33988,10
13.0066404343,80.2440414429,33988,33998,10
13.006649971,80.2448120117,33998,34008,10
13.0066995621,80.2453765869,34008,34018,10
13.0067195892,80.2458496094,34018,34029,11
13.0067396164,80.2463912964,34029,34039,10
13.006770134,80.2470016479,34039,34049,10
13.0067501068,80.2476425171,34049,34059,10
13.0067796707,80.2483520508,34059,34069,10
13.0068502426,80.2490463257,34069,34079,10
13.0069198608,80.2495574951,34079,34099,20
13.0069198608,80.2495574951,34099,34109,10
13.0069503784,80.249786377,34109,34119,10
13.0069198608,80.2502365112,34119,34129,10
13.0068702698,80.2508010864,34129,34140,11
13.0068302155,80.2514419556,34140,34150,10
13.0066900253,80.2520828247,34150,34160,10
13.0066404343,80.2527770996,34160,34169,9
13.0066299438,80.2534713745,34169,34180,11
13.006649971,80.2543106079,34180,34190,10
13.0066699982,80.2549362183,34190,34200,10
13.0066995621,80.2556228638,34200,34210,10
13.0066900253,80.2563095093,34210,34221,11
13.0066995621,80.2569274902,34221,34252,31
13.0066995621,80.2569274902,34252,34262,10
13.0066604614,80.2570800781,34262,34272,10
13.0067396164,80.2574691772,34272,34282,10
13.0069799423,80.2579879761,34282,34292,10
13.0073204041,80.2584533691,34292,34302,10
13.0077600479,80.258682251,34302,34312,10
13.0077695847,80.258682251,34312,34322,10
13.0078401566,80.2587203979,34322,34332,10
13.0081596375,80.2588729858,34332,34343,11
13.0087099075,80.2590484619,34343,34353,10
13.0093097687,80.2590713501,34353,34363,10
13.0100002289,80.2590713501,34363,34373,10
13.010720253,80.2590713501,34373,34383,10
13.0114603043,80.2590484619,34383,34393,10
13.0122404099,80.2590637207,34393,34403,10
13.0130901337,80.2590866089,34403,34413,10
13.0139198303,80.2591171265,34413,34423,10
13.0147304535,80.259147644,34423,34433,10
13.0155601501,80.2592391968,34433,34444,11
13.0164804459,80.2596893311,34444,34474,30
13.0164804459,80.2596893311,34474,34484,10
13.0166597366,80.2598571777,34484,34494,10
13.0168800354,80.2600097656,34494,34504,10
13.0172395706,80.2602615356,34504,34514,10
13.0175695419,80.2604980469,34514,34524,10
13.0178699493,80.2607116699,34524,34534,10
13.0181798935,80.2609329224,34534,34545,11
13.0185403824,80.2611618042,34545,34555,10
13.018699646,80.2612915039,34555,34565,10
13.0188598633,80.2614364624,34565,34575,10
13.019200325,80.26171875,34575,34585,10
13.0195798874,80.2620773315,34585,34595,10
13.0200901031,80.262550354,34595,34605,10
13.0202102661,80.2626266479,34605,34615,10
13.0204000473,80.2627410889,34615,34625,10
13.0208597183,80.2628936768,34625,34635,10
13.021490097,80.2630996704,34635,34645,10
13.0220403671,80.263343811,34645,34656,11
13.0224304199,80.2635192871,34656,34666,10
13.0228395462,80.2637405396,34666,34676,10
13.0229902267,80.2638320923,34676,34686,10
13.0231304169,80.263923645,34686,34696,10
13.023440361,80.2641372681,34696,34706,10
13.023900032,80.2643890381,34706,34716,10
13.024430275,80.2647171021,34716,34726,10
13.0248298645,80.2650299072,34726,34736,10
13.0253000259,80.2653198242,34736,34746,10
13.0257997513,80.2656478882,34746,34757,11
13.0261898041,80.2658691406,34757,34767,10
13.0263299942,80.2656097412,34767,34777,10
13.0263595581,80.2653121948,34777,34787,10
13.0263996124,80.2649993896,34787,34797,10
13.0264501572,80.2644729614,34797,34807,10
13.0265102386,80.2640609741,34807,34817,10
13.0265102386,80.2640533447,34817,34827,10
13.0265703201,80.2637023926,34827,34837,10
13.0266399384,80.263381958,34837,34847,10
13.0270204544,80.2634429932,34847,34858,11
13.0275802612,80.2635574341,34858,34868,10
13.0280704498,80.2636871338,34868,34878,10
13.0281896591,80.2637329102,34878,34888,10
13.028380394,80.2637863159,34888,34898,10
13.0288000107,80.2639007568,34898,34908,10
13.0293197632,80.2640380859,34908,34918,10
13.029419899,80.264251709,34918,34928,10
13.0294103622,80.264503479,34928,34938,10
13.0293798447,80.2648925781,34938,34948,10
13.0293598175,80.2653198242,34948,34959,11
13.029299736,80.2659988403,34959,34979,20
13.029299736,80.2659988403,34979,34989,10
13.0292596817,80.2662506104,34989,34999,10
13.029299736,80.2664794922,34999,35009,10
13.029709816,80.2665710449,35009,35019,10
13.0302000046,80.2666397095,35019,35029,10
13.0308103561,80.2667388916,35029,35039,10
13.0313396454,80.2668609619,35039,35049,10
13.0317001343,80.2669906616,35049,35060,11
13.0322999954,80.2672576904,35060,35070,10
13.0327196121,80.2675094604,35070,35080,10
13.0331001282,80.2676773071,35080,35090,10
13.0337295532,80.2678222656,35090,35120,30
13.0337295532,80.2678222656,35120,35130,10
13.0339603424,80.267906189,35130,35140,10
13.0345602036,80.2679595947,35140,35191,51
13.0345602036,80.2679595947,35191,35201,10
13.0343599319,80.2680282593,35201,35211,10
13.034070015,80.2679595947,35211,35221,10
13.0333404541,80.2678222656,35221,35282,61
13.0333404541,80.2678222656,35282,35292,10
13.0329999924,80.2676925659,35292,35302,10
13.0326299667,80.2674789429,35302,35312,10
13.0324201584,80.2673568726,35312,35322,10
13.0319595337,80.2671279907,35322,35332,10
13.0314998627,80.2669525146,35332,35342,10
13.0309400558,80.2667922974,35342,35352,10
13.0304098129,80.2667236328,35352,35362,10
13.029999733,80.2666625977,35362,35373,11
13.0298900604,80.2666397095,35373,35383,10
13.0296201706,80.2665863037,35383,35393,10
13.0293197632,80.2665328979,35393,35403,10
13.0289402008,80.2663574219,35403,35413,10
13.028380394,80.2662734985,35413,35423,10
13.027759552,80.2661819458,35423,35433,10
13.0271596909,80.2660980225,35433,35443,10
13.0263595581,80.2659683228,35443,35484,41
13.0263595581,80.2659683228,35484,35494,10
13.0262403488,80.2659072876,35494,35504,10
13.0259599686,80.2657470703,35504,35514,10
13.0253200531,80.2653121948,35514,35544,30
13.0253200531,80.2653121948,35544,35554,10
13.0248498917,80.2649612427,35554,35564,10
13.024430275,80.2646408081,35564,35575,11
13.0238103867,80.264251709,35575,35585,10
13.0233001709,80.263999939,35585,35595,10
13.0226802826,80.2636795044,35595,35605,10
13.0222301483,80.2634811401,35605,35615,10
13.0222196579,80.263458252,35615,35625,10
13.0219602585,80.2632980347,35625,35635,10
13.0215301514,80.2631225586,35635,35645,10
13.0207901001,80.2630233765,35645,35655,10
13.0202198029,80.2630004883,35655,35665,10
13.0196399689,80.2629470825,35665,35676,11
13.0190496445,80.262840271,35676,35686,10
13.0188999176,80.2623214722,35686,35696,10
13.0188102722,80.2616577148,35696,35706,10
13.0185499191,80.2611999512,35706,35716,10
13.0180597305,80.2609024048,35716,35726,10
13.0174999237,80.2605209351,35726,35736,10
13.0168895721,80.2601089478,35736,35746,10
13.0164699554,80.2598419189,35746,35756,10
13.016289711,80.2597503662,35756,35766,10
13.0161800385,80.2596817017,35766,35777,11
13.0160999298,80.2596511841,35777,35787,10
13.0157699585,80.2595062256,35787,35797,10
13.0152597427,80.2593612671,35797,35807,10
13.0146303177,80.2592926025,35807,35817,10
13.0139598846,80.259262085,35817,35827,10
13.0132398605,80.2592163086,35827,35837,10
13.0124597549,80.2591934204,35837,35847,10
13.0117101669,80.2591400146,35847,35857,10
13.0109596252,80.2591323853,35857,35867,10
13.0101003647,80.2591781616,35867,35878,11
13.0091695786,80.2591781616,35878,35888,10
13.0087995529,80.2591781616,35888,35898,10
13.0084600449,80.2591400146,35898,35908,10
13.0079097748,80.2592468262,35908,35918,10
13.0074796677,80.2592163086,35918,35928,10
13.0072803497,80.2588577271,35928,35938,10
13.0072097778,80.258682251,35938,35948,10
13.0071697235,80.2585372925,35948,35958,10
13.0069599152,80.2582168579,35958,35968,10
13.0066795349,80.2577667236,35968,36059,91
13.0066795349,80.2577667236,36059,36069,10
13.0065498352,80.2574310303,36069,36079,10
13.0065803528,80.2570724487,36079,36090,11
13.0065698624,80.2562789917,36090,36100,10
13.0065603256,80.2554397583,36100,36110,10
13.0065803528,80.2546691895,36110,36120,10
13.0065498352,80.2538375854,36120,36130,10
13.0065698624,80.253326416,36130,36140,10
13.0065698624,80.2532806396,36140,36150,10
13.0065603256,80.2531585693,36150,36160,10
13.0065603256,80.2528686523,36160,36170,10
13.0065698624,80.2524871826,36170,36180,10
13.0065698624,80.2524795532,36180,36191,11
13.0065898895,80.2524032593,36191,36201,10
13.0066604614,80.2520217896,36201,36211,10
13.0067796707,80.2514190674,36211,36221,10
13.0067996979,80.2506713867,36221,36231,10
13.0067796707,80.2498626709,36231,36241,10
13.006770134,80.2494888306,36241,36251,10
13.0067796707,80.2493286133,36251,36261,10
13.0067596436,80.248878479,36261,36271,10
13.0067300797,80.2484512329,36271,36281,10
13.0066995621,80.2481231689,36281,36292,11
13.0066699982,80.2474136353,36292,36362,70
13.0066699982,80.2474136353,36362,36372,10
13.006649971,80.2472915649,36372,36382,10
13.0066604614,80.246887207,36382,36393,11
13.0066204071,80.246421814,36393,36403,10
13.0066404343,80.2463302612,36403,36413,10
13.006649971,80.2459411621,36413,36423,10
13.006649971,80.2453079224,36423,36433,10
13.0066204071,80.2445831299,36433,36443,10
13.0066404343,80.2438201904,36443,36453,10
13.0066204071,80.2430801392,36453,36463,10
13.0065898895,80.2422332764,36463,36473,10
13.0065803528,80.2415924072,36473,36483,10
13.0065898895,80.241317749,36483,36493,10
13.006649971,80.240852356,36493,36504,11
13.0067100525,80.240447998,36504,36514,10
13.0067300797,80.2403488159,36514,36524,10
13.0067796707,80.2400131226,36524,36534,10
13.0068798065,80.2395019531,36534,36544,10
13.0070104599,80.2387924194,36544,36554,10
13.0071802139,80.2379989624,36554,36563,9
13.0073604584,80.2372512817,36563,36574,11
13.0074195862,80.2367019653,36574,36584,10
13.0074300766,80.2366714478,36584,36594,10
13.0075397491,80.2363510132,36594,36605,11
13.0076599121,80.235786438,36605,36615,10
13.0078001022,80.2351303101,36615,36625,10
13.0079402924,80.2344207764,36625,36635,10
13.0081195831,80.2335891724,36635,36645,10
13.008310318,80.2326278687,36645,36655,10
13.0085000992,80.2316131592,36655,36665,10
13.0086898804,80.2305908203,36665,36675,10
13.0088796616,80.2295913696,36675,36685,10
13.0090799332,80.2286376953,36685,36695,10
13.0093603134,80.2277603149,36695,36706,11
13.0098199844,80.2267532349,36706,36716,10
13.0101499557,80.2260437012,36716,36726,10
13.0104503632,80.2254486084,36726,36736,10
13.0107698441,80.2247695923,36736,36746,10
13.0110902786,80.2240066528,36746,36756,10
13.0112895966,80.2235183716,36756,36766,10
13.0112895966,80.223487854,36766,36776,10
13.0113096237,80.2232589722,36776,36786,10
13.011469841,80.2228469849,36786,36796,10
13.0117101669,80.2222366333,36796,36807,11
13.0120201111,80.2213897705,36807,36817,10
13.012339592,80.221321106,36817,36827,10
13.0125799179,80.2216567993,36827,36837,10
13.0129003525,80.2221374512,36837,36847,10
13.0133399963,80.22265625,36847,36857,10
13.0137796402,80.2231369019,36857,36867,10
13.0141401291,80.2234115601,36867,36877,10
13.0143499374,80.2236862183,36877,36887,10
13.0146398544,80.224067688,36887,36897,10
13.0150899887,80.2245788574,36897,36908,11
13.015540123,80.2249603271,36908,36918,10
13.0155801773,80.2250137329,36918,36928,10
13.0158700943,80.2252502441,36928,36938,10
13.016409874,80.2253036499,36938,36948,10
13.0170001984,80.2250900269,36948,36958,10
13.0174102783,80.2249221802,36958,36968,10
13.0178098679,80.2247619629,36968,36978,10
13.0181703568,80.224609375,36978,36988,10
13.0183801651,80.2245178223,36988,36998,10
13.0184202194,80.2245101929,36998,37008,10
13.0186195374,80.2244262695,37008,37019,11
13.0189199448,80.224319458,37019,37029,10
13.0191698074,80.2243118286,37029,37039,10
13.0193099976,80.2243423462,37039,37049,10
13.0194997787,80.2243881226,37049,37089,40
13.0194997787,80.2243881226,37089,37099,10
13.0196800232,80.2245178223,37099,37109,10
13.0199203491,80.2247009277,37109,37120,11
13.0201702118,80.2248687744,37120,37130,10
13.020359993,80.2249984741,37130,37140,10
13.0205802917,80.225151062,37140,37150,10
13.0207300186,80.2252502441,37150,37160,10
13.0209703445,80.225440979,37160,37170,10
13.0212802887,80.225692749,37170,37180,10
13.0215797424,80.2259216309,37180,37190,10
13.0218400955,80.2260665894,37190,37200,10
13.0219602585,80.2261734009,37200,37210,10
13.0220403671,80.2262496948,37210,37221,11
13.0221996307,80.2264099121,37221,37231,10
13.0225095749,80.2266464233,37231,37271,40
13.0225095749,80.2266464233,37271,37281,10
13.0225896835,80.2267074585,37281,37291,10
13.0227403641,80.226852417,37291,37301,10
13.0229301453,80.2270431519,37301,37311,10
13.0229501724,80.2270584106,37311,37322,11
13.0231304169,80.2272415161,37322,37332,10
13.0232601166,80.2273712158,37332,37342,10
13.0234699249,80.2275466919,37342,37352,10
13.0235595703,80.2276229858,37352,37362,10
13.0236101151,80.2276611328,37362,37372,10
13.0237798691,80.2278213501,37372,37382,10
13.0240697861,80.2281112671,37382,37392,10
13.0243597031,80.228477478,37392,37402,10
13.0245399475,80.2287216187,37402,37412,10
13.0246896744,80.2289276123,37412,37423,11
13.0248804092,80.2292022705,37423,37433,10
13.0251598358,80.2295379639,37433,37443,10
13.0254802704,80.2299575806,37443,37453,10
13.0257101059,80.2303009033,37453,37503,50
13.0257101059,80.2303009033,37503,37513,10
13.0257701874,80.2304077148,37513,37524,11
13.0259103775,80.2307281494,37524,37534,10
13.0260000229,80.2310180664,37534,37544,10
13.0260896683,80.2313308716,37544,37554,10
13.0264501572,80.231262207,37554,37564,10
13.0270204544,80.2311172485,37564,37574,10
13.0277395248,80.2309494019,37574,37584,10
13.0284099579,80.2308807373,37584,37594,10
13.0289802551,80.2308273315,37594,37624,30
13.0289802551,80.2308273315,37624,37635,11
13.0291900635,80.2307815552,37635,37645,10
13.0296497345,80.2307281494,37645,37665,20
13.0296497345,80.2307281494,37665,37675,10
13.0298204422,80.2306976318,37675,37685,10
13.029999733,80.23072052,37685,37695,10
13.0301799774,80.2306976318,37695,37705,10
13.0303096771,80.2306900024,37705,37715,10
13.0304298401,80.230682373,37715,37725,10
13.0305595398,80.2306594849,37725,37736,11
13.030960083,80.2306289673,37736,37746,10
13.0313997269,80.2305984497,37746,37756,10
13.0319595337,80.2305603027,37756,37766,10
13.0325899124,80.2304992676,37766,37776,10
13.0329999924,80.2304763794,37776,37786,10
13.0338001251,80.230430603,37786,37847,61
13.0338001251,80.230430603,37847,37857,10
13.0339698792,80.2304229736,37857,37867,10
13.0342502594,80.2303924561,37867,37877,10
13.0345401764,80.2303237915,37877,37887,10
13.034740448,80.2302627563,37887,37897,10
13.0349397659,80.2300872803,37897,37907,10
13.0349197388,80.2300186157,37907,37917,10
13.0346498489,80.2299575806,37917,38574,657
13.0343103409,80.2299499512,38574,38685,111
13.0341501236,80.2303314209,38685,38725,40
13.0341501236,80.2303314209,38725,38735,10
13.034119606,80.2304534912,38735,38745,10
13.0338401794,80.2304763794,38745,38756,11
13.0334596634,80.2304763794,38756,38766,10
13.033200264,80.2304992676,38766,38776,10
13.0326795578,80.2305374146,38776,38786,10
13.0320501328,80.2306137085,38786,38796,10
13.0313596725,80.2306671143,38796,38806,10
13.0307798386,80.23072052,38806,38816,10
13.0304203033,80.230758667,38816,38826,10
13.0299797058,80.230796814,38826,38836,10
13.0298204422,80.2308197021,38836,38846,10
13.0296802521,80.2308425903,38846,38857,11
13.0292196274,80.2308807373,38857,38867,10
13.0285902023,80.2309265137,38867,38877,10
13.0279302597,80.2309875488,38877,38887,10
13.0276603699,80.2311630249,38887,38897,10
13.0276899338,80.2314529419,38897,38958,61
13.0276899338,80.2314529419,38958,38968,10
13.0276699066,80.2316207886,38968,38978,10
13.0277004242,80.2318496704,38978,38988,10
13.0277500153,80.2320404053,38988,38998,10
13.0277795792,80.2321929932,38998,39008,10
13.027879715,80.2326278687,39008,39099,91
13.027879715,80.2326278687,39099,39109,10
13.0278396606,80.2328491211,39109,39119,10
13.027589798,80.2328872681,39119,39129,10
13.0272197723,80.2329406738,39129,39240,111
13.0270500183,80.2330169678,39240,39271,31
13.0270500183,80.2330169678,39271,39281,10
13.0268001556,80.233039856,39281,39291,10
13.0265398026,80.2330627441,39291,39301,10
13.0263004303,80.2326965332,39301,39311,10
13.0261297226,80.2321395874,39311,39321,10
13.0260000229,80.2316513062,39321,39331,10
13.0258703232,80.2311325073,39331,39341,10
13.0256099701,80.23046875,39341,39351,10
13.0252103806,80.2298431396,39351,39361,10
13.0246496201,80.229133606,39361,39392,31
13.0246496201,80.229133606,39392,39402,10
13.0245599747,80.2290267944,39402,39412,10
13.0242996216,80.2286834717,39412,39422,10
13.0239801407,80.2283172607,39422,39442,20
13.0239801407,80.2283172607,39442,39452,10
13.0238199234,80.2280883789,39452,39462,10
13.0235500336,80.2277984619,39462,39472,10
13.0231599808,80.2274169922,39472,39483,11
13.0226602554,80.2269821167,39483,39493,10
13.0222396851,80.2265625,39493,39503,10
13.0217504501,80.2261734009,39503,39513,10
13.0213899612,80.2258911133,39513,39523,10
13.0210504532,80.2256393433,39523,39533,10
13.0205497742,80.2252807617,39533,39543,10
13.0201797485,80.2250518799,39543,39553,10
13.0198602676,80.2248382568,39553,39563,10
13.0193595886,80.2245788574,39563,39573,10
13.0187196732,80.2245635986,39573,39584,11
13.0180101395,80.2248382568,39584,39594,10
13.0173501968,80.2250976563,39594,39604,10
13.0167598724,80.2253417969,39604,39614,10
13.0164299011,80.2254714966,39614,39624,10
13.0162200928,80.2255630493,39624,39634,10
13.0159397125,80.2256622314,39634,39644,10
13.0155601501,80.2257995605,39644,39654,10
13.0151796341,80.2259597778,39654,39664,10
13.0146398544,80.2261734009,39664,39674,10
13.0144796371,80.2262420654,39674,39685,11
13.0143499374,80.2262802124,39685,39695,10
13.0139598846,80.2264175415,39695,39705,10
13.0135297775,80.2265777588,39705,39715,10
13.0130796432,80.2267532349,39715,39725,10
13.0124998093,80.2269897461,39725,39735,10
13.0118303299,80.2272567749,39735,39745,10
13.0111103058,80.2275466919,39745,39755,10
13.0103397369,80.2278671265,39755,39765,10
13.0095996857,80.228187561,39765,39775,10
13.0091495514,80.2287826538,39775,39786,11
13.0089797974,80.2296295166,39786,39796,10
13.0088195801,80.2304000854,39796,39806,10
13.0086803436,80.2311401367,39806,39816,10
13.0085296631,80.2318878174,39816,39826,10
13.0083999634,80.2325973511,39826,39836,10
13.0082502365,80.2335281372,39836,39856,20
13.0082502365,80.2335281372,39856,39866,10
13.0081501007,80.2337875366,39866,39876,10
13.0080604553,80.2342071533,39876,39887,11
13.0079402924,80.2348022461,39887,39897,10
13.0078401566,80.2352981567,39897,39907,10
13.0077104568,80.2359619141,39907,39917,10
13.0075597763,80.2366867065,39917,39927,10
13.0074100494,80.237487793,39927,39937,10
13.0072698593,80.2381973267,39937,39947,10
13.0071401596,80.2389297485,39947,39957,10
13.0069599152,80.2397613525,39957,40008,51
13.0069599152,80.2397613525,40008,40018,10
13.006939888,80.2399902344,40018,40028,10
13.0069103241,80.2403717041,40028,40038,10
13.0069198608,80.2404937744,40038,40048,10
13.0068597794,80.2408599854,40048,40058,10
13.0068397522,80.2409210205,40058,40068,10
13.0067796707,80.2412567139,40068,40078,10
13.0067501068,80.2418518066,40078,40088,10
13.0067396164,80.2425765991,40088,40099,11
13.0066995621,80.2432785034,40099,40109,10
13.0066995621,80.2436599731,40109,40119,10
13.0066995621,80.2437896729,40119,40129,10
13.0066900253,80.2439498901,40129,40139,10
13.0066995621,80.2443008423,40139,40149,10
13.0067100525,80.2448577881,40149,40159,10
13.0067195892,80.2454833984,40159,40179,20
13.0067195892,80.2454833984,40179,40189,10
13.0067195892,80.2457427979,40189,40200,11
13.0067195892,80.2460708618,40200,40210,10
13.0067501068,80.2465209961,40210,40220,10
13.0067596436,80.2471618652,40220,40230,10
13.0067396164,80.2478713989,40230,40240,10
13.006770134,80.2486801147,40240,40250,10
13.0068702698,80.2494430542,40250,40260,10
13.0068702698,80.2495422363,40260,40270,10
13.0068597794,80.2498168945,40270,40280,10
13.0068302155,80.2503204346,40280,40290,10
13.0068397522,80.2509536743,40290,40301,11
13.006770134,80.2516021729,40301,40311,10
13.0066204071,80.2522125244,40311,40321,10
13.0065603256,80.2528991699,40321,40331,10
13.0065498352,80.2535629272,40331,40341,10
13.0065603256,80.2542800903,40341,40351,10
13.0065898895,80.2549209595,40351,40361,10
13.0066099167,80.2556228638,40361,40371,10
13.0066204071,80.256362915,40371,40381,10
13.0066995621,80.2572402954,40381,40472,91
13.0066995621,80.2572402954,40472,40482,10
13.0067901611,80.2573928833,40482,40492,10
13.006939888,80.257850647,40492,40502,10
13.0073204041,80.2583618164,40502,40513,11
13.0076999664,80.2585601807,40513,40523,10
13.0077400208,80.2585906982,40523,40533,10
13.0079402924,80.2586975098,40533,40543,10
13.0083198547,80.2588577271,40543,40553,10
13.0089197159,80.2590408325,40553,40563,10
13.0095901489,80.2590408325,40563,40573,10
13.0103397369,80.2590484619,40573,40583,10
13.0110502243,80.2590637207,40583,40593,10
13.0117797852,80.2590484619,40593,40603,10
13.0125703812,80.2590789795,40603,40614,11
13.0134601593,80.2591171265,40614,40624,10
13.0143003464,80.2591629028,40624,40634,10
13.015080452,80.2591934204,40634,40644,10
13.0157899857,80.2593383789,40644,40654,10
13.0164699554,80.2597198486,40654,40674,20
13.0164699554,80.2597198486,40674,40684,10
13.0166797638,80.2599105835,40684,40694,10
13.0170898438,80.2601623535,40694,40704,10
13.0176200867,80.2605209351,40704,40715,11
13.0182199478,80.2609176636,40715,40725,10
13.0187997818,80.2613601685,40725,40735,10
13.019370079,80.2618637085,40735,40745,10
13.0198001862,80.2623214722,40745,40755,10
13.0201702118,80.2626037598,40755,40765,10
13.0203800201,80.2627182007,40765,40775,10
13.0208797455,80.2628707886,40775,40785,10
13.0215196609,80.2630767822,40785,40795,10
13.0220003128,80.2632904053,40795,40805,10
13.0222702026,80.263420105,40805,40816,11
13.0226297379,80.2636184692,40816,40826,10
13.022939682,80.2637863159,40826,40836,10
13.0230503082,80.2638702393,40836,40846,10
13.0233898163,80.2640533447,40846,40856,10
13.0238800049,80.2643203735,40856,40866,10
13.0244102478,80.2646636963,40866,40876,10
13.0248203278,80.2649765015,40876,40886,10
13.0249795914,80.2650985718,40886,40896,10
13.0252895355,80.2652893066,40896,40906,10
13.0257701874,80.2656097412,40906,40916,10
13.0262002945,80.265838623,40916,40927,11
13.0263204575,80.2656021118,40927,40937,10
13.0263595581,80.2651519775,40937,40947,10
13.0264501572,80.2645568848,40947,40957,10
13.0264997482,80.2641372681,40957,40967,10
13.0265102386,80.2640228271,40967,40977,10
13.026550293,80.2637023926,40977,40987,10
13.0265798569,80.2634429932,40987,40997,10
13.0268001556,80.2633895874,40997,41007,10
13.027179718,80.2634429932,41007,41017,10
13.0276203156,80.2634887695,41017,41028,11
13.0282096863,80.263671875,41028,41038,10
13.0283203125,80.2637405396,41038,41048,10
13.0286302567,80.2638168335,41048,41058,10
13.0290899277,80.2639389038,41058,41068,10
13.0292797089,80.2641906738,41068,41078,10
13.029299736,80.2646179199,41078,41088,10
13.029299736,80.2651824951,41088,41098,10
13.0292701721,80.265663147,41098,41108,10
13.0292396545,80.26612854,41108,41118,10
13.0291795731,80.2662887573,41118,41159,41
13.0291795731,80.2662887573,41159,41169,10
13.0293903351,80.2665634155,41169,41179,10
13.0297002792,80.2665786743,41179,41189,10
13.0302000046,80.2666397095,41189,41199,10
13.0308303833,80.2667388916,41199,41209,10
13.0314102173,80.2669219971,41209,41219,10
13.0319004059,80.2671203613,41219,41229,10
13.0322704315,80.2672805786,41229,41240,11
13.0326595306,80.267539978,41240,41250,10
13.0330600739,80.2676391602,41250,41260,10
13.0335302353,80.2677612305,41260,41280,20
13.0335302353,80.2677612305,41280,41290,10
13.0338697433,80.2678985596,41290,41300,10
13.0342998505,80.2679672241,41300,41310,10
13.0345401764,80.2679824829,41310,41320,10
13.0345401764,80.2681503296,41320,41381,61
13.0345401764,80.2681503296,41381,41391,10
13.0341100693,80.2680282593,41391,41400,9
13.0337600708,80.2679595947,41400,41411,11
13.0333003998,80.2678909302,41411,41755,344
13.0333003998,80.2678909302,41755,41765,10
13.032959938,80.2677230835,41765,41775,10
13.0327301025,80.2677001953,41775,41785,10
13.0326499939,80.2676696777,41785,41795,10
13.0325202942,80.267578125,41795,41805,10
13.0322799683,80.2674713135,41805,41815,10
13.0319004059,80.2672805786,41815,41825,10
13.0313997269,80.2670822144,41825,41835,10
13.0309095383,80.2669067383,41835,41845,10
13.0304298401,80.2668075562,41845,41856,11
13.0299797058,80.266746521,41856,41866,10
13.0296096802,80.2666473389,41866,41886,20
13.0296096802,80.2666473389,41886,41896,10
13.0291996002,80.2665100098,41896,41906,10
13.0288801193,80.2664718628,41906,41916,10
13.0284500122,80.2663574219,41916,41926,10
13.0279903412,80.2662734985,41926,41936,10
13.0275802612,80.2662200928,41936,41946,10
13.0272197723,80.2661437988,41946,41957,11
13.0266895294,80.2660903931,41957,41967,10
13.0262804031,80.2659683228,41967,41977,10
13.0259199142,80.265838623,41977,41987,10
13.0253295898,80.2655181885,41987,42007,20
13.0253295898,80.2655181885,42007,42017,10
13.0249996185,80.2652587891,42017,42027,10
13.0247097015,80.2649993896,42027,42037,10
13.0242395401,80.2646331787,42037,42047,10
13.0236997604,80.2643890381,42047,42058,11
13.0231599808,80.2641677856,42058,42068,10
13.0225801468,80.2638320923,42068,42078,10
13.0224399567,80.263710022,42078,42088,10
13.0221796036,80.2635269165,42088,42098,10
13.0221796036,80.2635192871,42098,42108,10
13.0220403671,80.2633972168,42108,42118,10
13.0217599869,80.2632522583,42118,42128,10
13.0211801529,80.2631072998,42128,42138,10
13.0204601288,80.2630691528,42138,42148,10
13.0198497772,80.2630081177,42148,42158,10
13.0191802979,80.2629394531,42158,42169,11
13.018910408,80.2625579834,42169,42179,10
13.0187997818,80.2619628906,42179,42189,10
13.0186300278,80.2613372803,42189,42199,10
13.0180902481,80.2609710693,42199,42209,10
13.0175104141,80.2605819702,42209,42219,10
13.0169200897,80.2601928711,42219,42229,10
13.015999794,80.2596817017,42229,42249,20
13.015999794,80.2596817017,42249,42259,10
13.0158004761,80.2595901489,42259,42270,11
13.0152997971,80.2594299316,42270,42280,10
13.0147199631,80.2593383789,42280,42290,10
13.0140800476,80.2593231201,42290,42300,10
13.0133695602,80.2592926025,42300,42310,10
13.0126199722,80.259262085,42310,42320,10
13.011879921,80.2592163086,42320,42330,10
13.0111598969,80.2592086792,42330,42340,10
13.0103902817,80.2592468262,42340,42350,10
13.0098199844,80.259262085,42350,42360,10
13.0096597672,80.2592468262,42360,42371,11
13.0092201233,80.2592315674,42371,42381,10
13.0088100433,80.2592163086,42381,42391,10
13.008480072,80.2592010498,42391,42401,10
13.0080404282,80.2592391968,42401,42411,10
13.0075397491,80.2593231201,42411,42421,10
13.0072498322,80.2588119507,42421,42431,10
13.0072002411,80.2587432861,42431,42441,10
13.0071697235,80.2586898804,42441,42451,10
13.0069904327,80.2584228516,42451,42461,10
13.0065402985,80.2577514648,42461,42482,21
13.0065402985,80.2577514648,42482,42492,10
13.006480217,80.2575378418,42492,42502,10
13.006480217,80.2573013306,42502,42512,10
13.0064601898,80.2570419312,42512,42522,10
13.0064201355,80.2567596436,42522,42532,10
13.0064496994,80.2563095093,42532,42542,10
13.006480217,80.2556610107,42542,42552,10
13.0065002441,80.2550201416,42552,42562,10
13.0064897537,80.2542800903,42562,42573,11
13.0064897537,80.2535018921,42573,42583,10
13.006480217,80.2532730103,42583,42593,10
13.006480217,80.2531814575,42593,42603,10
13.006480217,80.2529830933,42603,42613,10
13.006480217,80.2527313232,42613,42623,10
13.0065202713,80.2523727417,42623,42673,50
13.0065202713,80.2523727417,42673,42684,11
13.0065803528,80.252166748,42684,42694,10
13.0066299438,80.2518386841,42694,42704,10
13.0067100525,80.2512435913,42704,42714,10
13.0066900253,80.25050354,42714,42724,10
13.0067100525,80.2496871948,42724,42734,10
13.0067195892,80.2496109009,42734,42744,10
13.0066995621,80.2492980957,42744,42754,10
13.0066699982,80.2488632202,42754,42764,10
13.0066299438,80.2485198975,42764,42774,10
13.0066099167,80.2481613159,42774,42785,11
13.0066099167,80.2475204468,42785,42987,202
13.0066099167,80.2475204468,42987,42997,10
13.0066795349,80.2473907471,42997,43007,10
13.0066900253,80.2470703125,43007,43017,10
13.0066003799,80.2465591431,43017,43027,10
13.0066204071,80.2464828491,43027,43037,10
13.0066404343,80.2463912964,43037,43047,10
13.0066204071,80.2460174561,43047,43057,10
13.0066003799,80.2455673218,43057,43067,10
13.0066099167,80.2450485229,43067,43077,10
13.0065803528,80.2445220947,43077,43087,10
13.0065603256,80.2440567017,43087,43098,11
13.0065202713,80.243637085,43098,43108,10
13.006529808,80.2432174683,43108,43118,10
13.0065202713,80.2425765991,43118,43128,10
13.006529808,80.2419128418,43128,43138,10
13.0065402985,80.2417297363,43138,43148,10
13.0065402985,80.2414398193,43148,43158,10
13.0065603256,80.2410964966,43158,43168,10
13.0066299438,80.2407531738,43168,43178,10
13.0067195892,80.2402191162,43178,43188,10
13.0068998337,80.2394714355,43188,43199,11
13.0070800781,80.238571167,43199,43209,10
13.0072603226,80.237739563,43209,43219,10
13.0073795319,80.2369918823,43219,43229,10
13.0074100494,80.2367782593,43229,43239,10
13.0074396133,80.2366714478,43239,43249,10
13.0075502396,80.2363433838,43249,43259,10
13.0076398849,80.2358627319,43259,43269,10
13.0077600479,80.2352828979,43269,43279,10
13.0078802109,80.2346572876,43279,43289,10
13.0080299377,80.2339172363,43289,43300,11
13.0081996918,80.2330093384,43300,43310,10
13.0083799362,80.2321777344,43310,43320,10
13.0085601807,80.2312698364,43320,43330,10
13.0087404251,80.2302932739,43330,43340,10
13.0089998245,80.2291564941,43340,43350,10
13.0092201233,80.228187561,43350,43360,10
13.0096101761,80.2272872925,43360,43370,10
13.0100002289,80.2264328003,43370,43380,10
13.0103797913,80.2257232666,43380,43390,10
13.0107002258,80.2249984741,43390,43400,10
13.0109195709,80.2244415283,43400,43411,11
13.0111999512,80.2237930298,43411,43421,10
13.0113801956,80.2232284546,43421,43431,10
13.0117197037,80.222618103,43431,43441,10
13.0120601654,80.221862793,43441,43451,10
13.0124197006,80.2215499878,43451,43461,10
13.0125398636,80.2216033936,43461,43471,10
13.0127296448,80.2219467163,43471,43481,10
13.0130596161,80.2223434448,43481,43491,10
13.0135202408,80.2228393555,43491,43501,10
13.0139703751,80.2232818604,43501,43522,21
13.0139703751,80.2232818604,43522,43532,10
13.0141296387,80.223449707,43532,43542,10
13.0142402649,80.2235870361,43542,43552,10
13.0144195557,80.2237625122,43552,43562,10
13.0145702362,80.2240219116,43562,43572,10
13.0149803162,80.2245178223,43572,43582,10
13.01541996,80.2248764038,43582,43592,10
13.0154399872,80.2248916626,43592,43602,10
13.0156297684,80.2250595093,43602,43613,11
13.015879631,80.2252426147,43613,43623,10
13.0164003372,80.2253036499,43623,43633,10
13.0170898438,80.2250595093,43633,43643,10
13.0177602768,80.2248001099,43643,43653,10
13.0184602737,80.2245178223,43653,43663,10
13.0191602707,80.224357605,43663,43673,10
13.0197601318,80.2245407104,43673,43683,10
13.0202302933,80.224899292,43683,43693,10
13.0206804276,80.2252197266,43693,43703,10
13.0211200714,80.2255706787,43703,43714,11
13.0216999054,80.2259979248,43714,43724,10
13.0219097137,80.2261428833,43724,43734,10
13.0219802856,80.2262115479,43734,43744,10
13.0222396851,80.2264785767,43744,43754,10
13.0227098465,80.2268829346,43754,43764,10
13.0232801437,80.2273788452,43764,43774,10
13.0238399506,80.227897644,43774,43784,10
13.0242300034,80.2283325195,43784,43794,10
13.0242900848,80.2284088135,43794,43804,10
13.0244102478,80.2285690308,43804,43814,10
13.0246400833,80.2289199829,43814,43825,11
13.0250597,80.2294769287,43825,43835,10
13.0255098343,80.2300720215,43835,43845,10
13.0258598328,80.2306976318,43845,43855,10
13.02602005,80.2312774658,43855,43865,10
13.0263500214,80.231300354,43865,43875,10
13.0269498825,80.2311630249,43875,43885,10
13.0276699066,80.2309875488,43885,43895,10
13.0284099579,80.2308883667,43895,43915,20
13.0284099579,80.2308883667,43915,43926,11
13.0285301208,80.2309188843,43926,43936,10
13.0289096832,80.2309036255,43936,43946,10
13.0291204453,80.2309036255,43946,43956,10
13.0293798447,80.2308807373,43956,43966,10
13.0298204422,80.2308120728,43966,43976,10
13.0303201675,80.2307662964,43976,43986,10
13.0306997299,80.2307434082,43986,43996,10
13.0311803818,80.2306900024,43996,44006,10
13.0317201614,80.2306594849,44006,44016,10
13.0321998596,80.2305984497,44016,44027,11
13.0328397751,80.2305603027,44027,44037,10
13.0334100723,80.2305221558,44037,44047,10
13.0337696075,80.2304992676,44047,44057,10
13.0338602066,80.2304992676,44057,44067,10
13.0340995789,80.23046875,44067,44077,10
13.0347499847,80.2303085327,44077,44117,40
13.0348796844,80.2302703857,44117,44168,51
13.0348796844,80.2302703857,44168,44178,10
13.0351200104,80.2299194336,44178,44350,172
13.0347499847,80.2298736572,44350,44511,161
13.0347499847,80.2298736572,44511,44521,10
13.0344800949,80.2298126221,44521,44531,10
13.0343399048,80.2298431396,44531,44552,21
13.0343399048,80.2298431396,44552,44562,10
13.0342798233,80.2299804688,44562,44612,50
13.0342798233,80.2299804688,44612,44622,10
13.0341997147,80.2302322388,44622,44673,51
13.0341997147,80.2302322388,44673,44683,10
13.034119606,80.2303924561,44683,44693,10
13.0340299606,80.23046875,44693,44703,10
13.0337600708,80.2304763794,44703,44713,10
13.033370018,80.2304992676,44713,44723,10
13.0327501297,80.2305603027,44723,44733,10
13.0320796967,80.2306213379,44733,44743,10
13.031129837,80.2306976318,44743,44814,71
13.031129837,80.2306976318,44814,44824,10
13.0307197571,80.230758667,44824,44834,10
13.0302200317,80.2308273315,44834,44875,41
13.0302200317,80.2308273315,44875,44885,10
13.0299596786,80.2308578491,44885,44895,10
13.0297203064,80.2308807373,44895,44905,10
13.0292701721,80.2309112549,44905,44915,10
13.0287399292,80.2309494019,44915,44925,10
13.0281400681,80.2310180664,44925,44935,10
13.0277500153,80.2310791016,44935,44945,10
13.0277004242,80.2314529419,44945,44956,11
13.0277004242,80.2319717407,44956,44966,10
13.0278396606,80.2325592041,44966,44976,10
13.0272703171,80.2329101563,44976,44996,20
13.0272703171,80.2329101563,44996,45006,10
13.0270395279,80.2329177856,45006,45016,10
13.0269804001,80.2329330444,45016,45026,10
13.0266304016,80.2329788208,45026,45036,10
13.0263500214,80.2326431274,45036,45046,10
13.0261602402,80.2320709229,45046,45057,11
13.0259599686,80.2312698364,45057,45067,10
13.0256595612,80.2304916382,45067,45077,10
13.0251903534,80.2297821045,45077,45086,9
13.024889946,80.2294082642,45086,45097,11
13.024600029,80.2290420532,45097,45107,10
13.0243301392,80.2286682129,45107,45117,10
13.024020195,80.2283401489,45117,45127,10
13.0240097046,80.2283172607,45127,45137,10
13.023900032,80.2281723022,45137,45147,10
13.0236196518,80.2278671265,45147,45158,11
13.0231599808,80.2274169922,45158,45168,10
13.0226202011,80.2269363403,45168,45178,10
13.0220003128,80.2264099121,45178,45188,10
13.0213603973,80.2258987427,45188,45198,10
13.0207099915,80.2254180908,45198,45208,10
13.0202598572,80.2251434326,45208,45218,10
13.0201301575,80.2250518799,45218,45228,10
13.0199403763,80.2249069214,45228,45238,10
13.019610405,80.2246780396,45238,45248,10
13.0190896988,80.2245407104,45248,45258,10
13.0184497833,80.2246932983,45258,45269,11
13.0177097321,80.2249908447,45269,45279,10
13.0170202255,80.2252731323,45279,45289,10
13.0165100098,80.225479126,45289,45299,10
13.0161304474,80.2256088257,45299,45309,10
13.0156602859,80.225769043,45309,45319,10
13.0150499344,80.2260284424,45319,45329,10
13.0145301819,80.2262573242,45329,45339,10
13.0143299103,80.226348877,45339,45349,10
13.0142402649,80.2263717651,45349,45359,10
13.0138902664,80.2264862061,45359,45370,11
13.0133304596,80.2267074585,45370,45380,10
13.0126495361,80.2269668579,45380,45390,10
13.0119400024,80.2272567749,45390,45400,10
13.0111103058,80.2275772095,45400,45410,10
13.0102996826,80.227897644,45410,45420,10
13.0095396042,80.2282180786,45420,45430,10
13.0091400146,80.2288131714,45430,45440,10
13.0089702606,80.2295684814,45440,45450,10
13.0087995529,80.2303390503,45450,45460,10
13.0086402893,80.2310562134,45460,45471,11
13.0084695816,80.2318496704,45471,45481,10
13.0083599091,80.2324371338,45481,45491,10
13.0082101822,80.2334823608,45491,45511,20
13.0082101822,80.2334823608,45511,45521,10
13.0081796646,80.2335891724,45521,45531,10
13.0080795288,80.23387146,45531,45541,10
13.0079803467,80.2343521118,45541,45551,10
13.0078897476,80.2349090576,45551,45561,10
13.0078001022,80.2352981567,45561,45572,11
13.0076799393,80.2359237671,45572,45582,10
13.0075101852,80.2367019653,45582,45592,10
13.0073299408,80.2376022339,45592,45602,10
13.0071697235,80.2385025024,45602,45612,10
13.0070104599,80.2393417358,45612,45622,10
13.0068597794,80.2400970459,45622,45683,61
13.0068597794,80.2400970459,45683,45693,10
13.0068597794,80.2403717041,45693,45703,10
13.0068101883,80.2408218384,45703,45713,10
13.0068101883,80.2408599854,45713,45723,10
13.0067796707,80.2409515381,45723,45733,10
13.0067396164,80.2413024902,45733,45743,10
13.0067195892,80.2419281006,45743,45753,10
13.0066900253,80.2426376343,45753,45763,10
13.006649971,80.2433166504,45763,45773,10
13.0066299438,80.2440490723,45773,45784,11
13.0066404343,80.2448577881,45784,45794,10
13.006649971,80.2456436157,45794,45804,10
13.0066995621,80.2464675903,45804,45814,10
13.0067195892,80.2473220825,45814,45824,10
13.0067195892,80.2481536865,45824,45834,10
13.0067996979,80.2489929199,45834,45844,10
13.0068702698,80.2495727539,45844,45864,20
13.0068702698,80.2495727539,45864,45874,10
13.0068798065,80.2498168945,45874,45885,11
13.0068502426,80.250328064,45885,45895,10
13.006819725,80.2509384155,45895,45905,10
13.0067596436,80.2515106201,45905,45955,50
13.0067596436,80.2515106201,45955,45965,10
13.0067195892,80.251991272,45965,45975,10
13.0065898895,80.2524795532,45975,45986,11
13.0065803528,80.2532730103,45986,45996,10
13.0065803528,80.2540817261,45996,46006,10
13.0066099167,80.2548217773,46006,46016,10
13.0065898895,80.2554473877,46016,46026,10
13.0065803528,80.2562179565,46026,46036,10
13.0066299438,80.2572937012,46036,46117,81
13.0066299438,80.2572937012,46117,46127,10
13.0067596436,80.2574920654,46127,46137,10
13.0068998337,80.2578811646,46137,46147,10
13.0072402954,80.2583770752,46147,46157,10
13.0077104568,80.2586593628,46157,46167,10
13.0077400208,80.258682251,46167,46177,10
13.0078401566,80.2587280273,46177,46187,10
13.0081596375,80.2588577271,46187,46198,11
13.0087604523,80.2590408325,46198,46208,10
13.0093803406,80.2590408325,46208,46218,10
13.0101203918,80.2590637207,46218,46228,10
13.0109596252,80.2590484619,46228,46238,10
13.0117902756,80.2590484619,46238,46248,10
13.0127000809,80.2590866089,46248,46258,10
13.0136995316,80.2591323853,46258,46268,10
13.0146903992,80.2591705322,46268,46278,10
13.0155897141,80.2592697144,46278,46288,10
13.0162601471,80.2595672607,46288,46299,11
13.0164203644,80.2596817017,46299,46309,10
13.0164699554,80.2597427368,46309,46319,10
13.0165901184,80.2598419189,46319,46329,10
13.0168104172,80.2599868774,46329,46339,10
13.0172195435,80.2602615356,46339,46349,10
13.0177698135,80.2606430054,46349,46359,10
13.0183696747,80.2610397339,46359,46369,10
13.0188503265,80.261428833,46369,46379,10
13.0192699432,80.2617721558,46379,46389,10
13.0196304321,80.2621307373,46389,46400,11
13.0200195313,80.2624664307,46400,46410,10
13.0201396942,80.2625732422,46410,46420,10
13.0202999115,80.2626876831,46420,46430,10
13.0207700729,80.2628479004,46430,46440,10
13.0214195251,80.2630462646,46440,46450,10
13.0219697952,80.2633132935,46450,46460,10
13.0222997665,80.2634811401,46460,46470,10
13.0226898193,80.263671875,46470,46480,10
13.0229597092,80.2638320923,46480,46490,10
13.0231103897,80.263923645,46490,46501,11
13.0235300064,80.2641601563,46501,46511,10
13.0240802765,80.2644424438,46511,46521,10
13.0245895386,80.2648162842,46521,46531,10
13.0249795914,80.26512146,46531,46541,10
13.0252399445,80.2653198242,46541,46551,10
13.0255899429,80.2655410767,46551,46561,10
13.0258903503,80.2657318115,46561,46571,10
13.0258998871,80.2657394409,46571,46581,10
13.0260601044,80.2658309937,46581,46591,10
13.0262498856,80.2658462524,46591,46602,11
13.0263004303,80.265411377,46602,46612,10
13.0263595581,80.2648162842,46612,46622,10
13.02643013,80.2642593384,46622,46632,10
13.0264596939,80.2640914917,46632,46642,10
13.0264997482,80.2639312744,46642,46652,10
13.0265102386,80.2638092041,46652,46662,10
13.0265197754,80.2635574341,46662,46672,10
13.0267000198,80.2634124756,46672,46682,10
13.0270996094,80.2634506226,46682,46692,10
13.0276298523,80.2635574341,46692,46702,10
13.0283098221,80.2637634277,46702,46713,11
13.0290002823,80.2639389038,46713,46723,10
13.0292596817,80.2641677856,46723,46733,10
13.0292797089,80.2646102905,46733,46743,10
13.0292396545,80.2651367188,46743,46753,10
13.0291595459,80.2655410767,46753,46763,10
13.0291795731,80.2660064697,46763,46773,10
13.0291795731,80.2660675049,46773,46783,10
13.0291204453,80.2663726807,46783,46793,10
13.0292100906,80.2665023804,46793,46803,10
13.029540062,80.2665176392,46803,46814,11
13.0300197601,80.2665863037,46814,46824,10
13.0305099487,80.2666625977,46824,46834,10
13.0311803818,80.2668304443,46834,46844,10
13.0317697525,80.2670822144,46844,46854,10
13.0322904587,80.2673416138,46854,46864,10
13.0327796936,80.2676391602,46864,46874,10
13.0332603455,80.2677383423,46874,46884,10
13.0337495804,80.2678375244,46884,46904,20
13.0337495804,80.2678375244,46904,46915,11
13.0339002609,80.2678985596,46915,46925,10
13.0344800949,80.2679595947,46925,46945,20
13.0344800949,80.2679595947,46945,46955,10
13.0345201492,80.2681427002,46955,46985,30
13.0345201492,80.2681427002,46985,46995,10
13.0340995789,80.2679977417,46995,47005,10
13.0338096619,80.2679367065,47005,47016,11
13.0333404541,80.2678375244,47016,47026,10
13.0327997208,80.2677307129,47026,47036,10
13.032500267,80.2675018311,47036,47046,10
13.0320796967,80.267288208,47046,47056,10
13.031539917,80.2670516968,47056,47066,10
13.030960083,80.2668380737,47066,47076,10
13.0303201675,80.2666931152,47076,47086,10
13.0297899246,80.2666091919,47086,47096,10
13.0293598175,80.2665481567,47096,47106,10
13.0293397903,80.2665481567,47106,47116,10
13.0289001465,80.2663803101,47116,47127,11
13.0283098221,80.2662506104,47127,47137,10
13.0277996063,80.2661514282,47137,47147,10
13.0272502899,80.2660827637,47147,47157,10
13.0268602371,80.2659835815,47157,47167,10
13.026599884,80.2656173706,47167,47813,646
13.026599884,80.2656173706,47813,47823,10
13.0266599655,80.2655029297,47823,47864,41
13.0266599655,80.2655029297,47864,47874,10
13.0265197754,80.2653274536,47874,47894,20
13.0265197754,80.2653274536,47894,47904,10
13.0263996124,80.2652511597,47904,47914,10
13.0263795853,80.2649993896,47914,47924,10
13.0264196396,80.2646865845,47924,47934,10
13.0264797211,80.2642211914,47934,47945,11
13.0265598297,80.2635192871,47945,47955,10
13.0268297195,80.2633972168,47955,47965,10
13.027299881,80.2634429932,47965,47975,10
13.0278501511,80.2635803223,47975,47985,10
13.0284900665,80.2637710571,47985,47995,10
13.0290403366,80.2639389038,47995,48005,10
13.0292301178,80.2642211914,48005,48015,10
13.0292100906,80.2647476196,48015,48025,10
13.0291795731,80.26537323,48025,48035,10
13.0291500092,80.266242981,48035,48056,21
13.0291500092,80.266242981,48056,48066,10
13.029250145,80.2665023804,48066,48076,10
13.029540062,80.2665405273,48076,48086,10
13.0299701691,80.2666168213,48086,48096,10
13.0302400589,80.2666473389,48096,48106,10
13.0305700302,80.2667236328,48106,48116,10
13.031080246,80.2668228149,48116,48126,10
13.0316896439,80.267036438,48126,48136,10
13.0322704315,80.2673416138,48136,48146,10
13.0327796936,80.2676696777,48146,48157,11
13.0333995819,80.267791748,48157,48167,10
13.0339899063,80.267906189,48167,48177,10
13.0344600677,80.2679595947,48177,48197,20
13.0344600677,80.2679595947,48197,48207,10
13.0344400406,80.2681427002,48207,48217,10
13.0344104767,80.2681274414,48217,48227,10
13.0342798233,80.2680435181,48227,48237,10
13.0339002609,80.2679595947,48237,48247,10
13.033370018,80.2678833008,48247,48419,172
13.0332202911,80.2678604126,48419,48439,20
13.0332202911,80.2678604126,48439,48449,10
13.0330600739,80.2678222656,48449,48460,11
13.0326499939,80.2676925659,48460,48480,20
13.0326499939,80.2676925659,48480,48490,10
13.0324296951,80.2675018311,48490,48500,10
13.0319299698,80.267250061,48500,48510,10
13.0312595367,80.2669830322,48510,48520,10
13.0305099487,80.2667922974,48520,48530,10
13.030090332,80.2666931152,48530,48540,10
13.0297298431,80.2666320801,48540,48560,20
13.0297298431,80.2666320801,48560,48571,11
13.0293197632,80.2665786743,48571,48581,10
13.0289802551,80.266418457,48581,48591,10
13.028550148,80.2663421631,48591,48601,10
13.0279798508,80.2662277222,48601,48611,10
13.0273199081,80.26612854,48611,48621,10
13.026309967,80.2659378052,48621,48661,40
13.026309967,80.2659378052,48661,48672,11
13.0260095596,80.2658691406,48672,48682,10
13.0256795883,80.265663147,48682,48692,10
13.0253000259,80.2654266357,48692,48702,10
13.0252399445,80.2654037476,48702,48712,10
13.0250902176,80.2652893066,48712,48722,10
13.0247602463,80.2650222778,48722,48732,10
13.0242595673,80.2646408081,48732,48742,10
13.0236997604,80.2642974854,48742,48752,10
13.0233697891,80.2641067505,48752,48762,10
13.0228395462,80.2638092041,48762,48773,11
13.0222301483,80.2634963989,48773,48783,10
13.0220603943,80.2634277344,48783,48793,10
13.0218601227,80.2633209229,48793,48803,10
13.0214195251,80.2631378174,48803,48813,10
13.0207595825,80.2630462646,48813,48823,10
13.0200195313,80.2630233765,48823,48833,10
13.0192804337,80.2629470825,48833,48843,10
13.0189304352,80.2627563477,48843,48853,10
13.0188598633,80.2622375488,48853,48863,10
13.0187597275,80.2615585327,48863,48874,11
13.0181999207,80.2610321045,48874,48884,10
13.017539978,80.2605895996,48884,48894,10
13.0168504715,80.2601394653,48894,48904,10
13.0159196854,80.2596282959,48904,48934,30
13.0159196854,80.2596282959,48934,48944,10
13.0158004761,80.2595672607,48944,48954,10
13.0154304504,80.2594604492,48954,48963,9
13.0150203705,80.2593688965,48963,48975,12
13.0144796371,80.2593231201,48975,48985,10
13.0139198303,80.2593002319,48985,48995,10
13.013250351,80.2592697144,48995,49005,10
13.0124797821,80.2592391968,49005,49015,10
13.0116596222,80.2592163086,49015,49025,10
13.0108203888,80.2592086792,49025,49035,10
13.0096998215,80.259262085,49035,49055,20
13.0096998215,80.259262085,49055,49065,10
13.0093603134,80.2592010498,49065,49076,11
13.0089101791,80.2591781616,49076,49086,10
13.0086698532,80.2591781616,49086,49096,10
13.0082597733,80.2591705322,49096,49106,10
13.0077400208,80.2593536377,49106,49116,10
13.0073299408,80.2590408325,49116,49126,10
13.0072402954,80.2588195801,49126,49136,10
13.0071697235,80.2586364746,49136,49146,10
13.0069704056,80.2583084106,49146,49156,10
13.0067501068,80.2579879761,49156,49166,10
13.0064601898,80.2573394775,49166,49176,10
13.0063896179,80.2566986084,49176,49187,11
13.0064001083,80.2559280396,49187,49197,10
13.0064601898,80.2551574707,49197,49207,10
13.006480217,80.2543716431,49207,49217,10
13.006480217,80.2536773682,49217,49227,10
13.0064897537,80.2533035278,49227,49237,10
13.006480217,80.2531661987,49237,49247,10
13.006480217,80.2531433105,49247,49257,10
13.006480217,80.2528610229,49257,49267,10
13.0065202713,80.2523803711,49267,49318,51
13.0065202713,80.2523803711,49318,49328,10
13.0065898895,80.2520904541,49328,49338,10
13.0066795349,80.2516021729,49338,49348,10
13.0067195892,80.2511367798,49348,49358,10
13.0067300797,80.2508010864,49358,49368,10
13.0066995621,80.2502975464,49368,49378,10
13.0066900253,80.2496032715,49378,49479,101
13.0066900253,80.2496032715,49479,49489,10
13.0067501068,80.2493667603,49489,49500,11
13.0067195892,80.2490005493,49500,49510,10
13.0066795349,80.248550415,49510,49520,10
13.0066299438,80.2480163574,49520,49530,10
13.0066099167,80.2475204468,49530,49570,40
13.0066099167,80.2475204468,49570,49580,10
13.0066099167,80.2473907471,49580,49590,10
13.0066299438,80.2470016479,49590,49601,11
13.0065803528,80.2464599609,49601,49611,10
13.0065898895,80.246421814,49611,49621,10
13.0066299438,80.2461395264,49621,49631,10
13.0066404343,80.2456283569,49631,49641,10
13.0066299438,80.2449874878,49641,49651,10
13.0066099167,80.2443466187,49651,49661,10
13.0066003799,80.2436981201,49661,49671,10
13.0065498352,80.2430419922,49671,49681,10
13.0065202713,80.2423171997,49681,49691,10
13.006529808,80.2415008545,49691,49702,11
13.0066099167,80.240562439,49702,49712,10
13.006770134,80.2398300171,49712,49722,10
13.0069103241,80.2390823364,49722,49732,10
13.0070896149,80.2381210327,49732,49742,10
13.0073003769,80.2372589111,49742,49752,10
13.0073699951,80.2367019653,49752,49762,10
13.0073795319,80.2366867065,49762,49772,10
13.0074300766,80.2365875244,49772,49782,10
13.0075397491,80.236289978,49782,49792,10
13.0076303482,80.2358322144,49792,49803,11
13.0077295303,80.2352218628,49803,49813,10
13.0078401566,80.2345428467,49813,49823,10
13.008020401,80.2337799072,49823,49833,10
13.0081996918,80.2328414917,49833,49843,10
13.0084400177,80.2317733765,49843,49853,10
13.0086097717,80.2306594849,49853,49863,10
13.0088396072,80.2295227051,49863,49873,10
13.0090904236,80.2283782959,49873,49883,10
13.0095100403,80.2273635864,49883,49893,10
13.0098896027,80.2264709473,49893,49904,11
13.0101099014,80.2260437012,49904,49914,10
13.0101995468,80.2258834839,49914,49924,10
13.0102901459,80.2256622314,49924,49934,10
13.0104598999,80.2252426147,49934,49954,20
13.0104598999,80.2252426147,49954,49964,10
13.0104999542,80.2251663208,49964,49974,10
13.0106296539,80.224937439,49974,49984,10
13.010720253,80.2247314453,49984,50005,21
13.010720253,80.2247314453,50005,50015,10
13.0108098984,80.224609375,50015,50025,10
13.0109395981,80.2243423462,50025,50035,10
13.0110197067,80.224067688,50035,50045,10
13.0110998154,80.2238464355,50045,50055,10
13.0112600327,80.2233963013,50055,50095,40
13.0112600327,80.2233963013,50095,50105,10
13.0113401413,80.2230377197,50105,50116,11
13.011590004,80.2226409912,50116,50126,10
13.0118103027,80.2220077515,50126,50136,10
13.0121603012,80.2214508057,50136,50146,10
13.0124597549,80.2216873169,50146,50156,10
13.0128097534,80.2221298218,50156,50166,10
13.0132398605,80.222618103,50166,50176,10
13.0137796402,80.2231674194,50176,50186,10
13.0142803192,80.2238388062,50186,50196,10
13.0148200989,80.2244033813,50196,50206,10
13.0150098801,80.224609375,50206,50217,11
13.0153198242,80.2248916626,50217,50237,20
13.0153198242,80.2248916626,50237,50247,10
13.0153799057,80.2249832153,50247,50257,10
13.0156803131,80.2252120972,50257,50267,10
13.016289711,80.2253570557,50267,50277,10
13.0170297623,80.2251205444,50277,50287,10
13.0178499222,80.2247772217,50287,50297,10
13.0187501907,80.2244186401,50297,50307,10
13.0196199417,80.2245178223,50307,50318,11
13.0202302933,80.2249221802,50318,50328,10
13.0206804276,80.2252502441,50328,50338,10
13.0209197998,80.2254180908,50338,50348,10
13.0212802887,80.2257003784,50348,50358,10
13.0217399597,80.2259902954,50358,50368,10
13.0217695236,80.226020813,50368,50378,10
13.0218400955,80.2260971069,50378,50388,10
13.0221300125,80.226348877,50388,50398,10
13.0225400925,80.2266921997,50398,50408,10
13.0230302811,80.2271270752,50408,50419,11
13.0235900879,80.2276611328,50419,50429,10
13.0240402222,80.2280273438,50429,50439,10
13.0241699219,80.2281723022,50439,50449,10
13.0242795944,80.2283172607,50449,50459,10
13.0245199203,80.2286682129,50459,50469,10
13.0248203278,80.2291183472,50469,50479,10
13.0252399445,80.2296600342,50479,50489,10
13.0256700516,80.2302932739,50489,50499,10
13.0259103775,80.2307815552,50499,50509,10
13.0259199142,80.2308273315,50509,50519,10
13.0259399414,80.2309112549,50519,50530,11
13.0260095596,80.2311935425,50530,50540,10
13.0263004303,80.2313079834,50540,50550,10
13.0268497467,80.2311630249,50550,50560,10
13.0275201797,80.2309875488,50560,50570,10
13.0284404755,80.2308883667,50570,50590,20
13.0284404755,80.2308883667,50590,50600,10
13.0286502838,80.2308807373,50600,50610,10
13.0294103622,80.2308273315,50610,50641,31
13.0294103622,80.2308273315,50641,50651,10
13.0295801163,80.2308120728,50651,50661,10
13.0299797058,80.2307815552,50661,50671,10
13.0305595398,80.2307281494,50671,50681,10
13.0311002731,80.230682373,50681,50691,10
13.031829834,80.2306289673,50691,50701,10
13.0325202942,80.2305603027,50701,50711,10
13.0332803726,80.2305221558,50711,50721,10
13.0339002609,80.2304992676,50721,50732,11
13.0343599319,80.2304000854,50732,50742,10
13.0346603394,80.2303009033,50742,50752,10
13.0348796844,80.2302322388,50752,50802,50
13.0348796844,80.2302322388,50802,50812,10
13.0350904465,80.2300491333,50812,50822,10
13.0350799561,80.2298202515,50822,50832,10
13.0347204208,80.2297973633,50832,50843,11
13.0343904495,80.2297592163,50843,51287,444
13.0342197418,80.2301025391,51287,51388,101
13.0342197418,80.2301025391,51388,51398,10
13.034239769,80.2303085327,51398,51418,20
13.034239769,80.2303085327,51418,51428,10
13.034119606,80.2304000854,51428,51438,10
13.033659935,80.2304534912,51438,51459,21
13.033659935,80.2304534912,51459,51469,10
13.0334596634,80.2304916382,51469,51479,10
13.032959938,80.2305221558,51479,51489,10
13.0323200226,80.2305831909,51489,51499,10
13.0315999985,80.2306365967,51499,51509,10
13.030790329,80.2307128906,51509,51519,10
13.0301103592,80.2307662964,51519,51529,10
13.0297403336,80.2308197021,51529,51539,10
13.0296401978,80.2308273315,51539,51549,10
13.0292596817,80.2308578491,51549,51560,11
13.0286502838,80.2309188843,51560,51570,10
13.0280599594,80.2309570313,51570,51580,10
13.0276699066,80.231048584,51580,51590,10
13.0277004242,80.2314529419,51590,51600,10
13.0277795792,80.2319793701,51600,51610,10
13.027879715,80.2326202393,51610,51620,10
13.0275297165,80.2328262329,51620,51630,10
13.0269603729,80.2329711914,51630,51701,71
13.0269603729,80.2329711914,51701,51711,10
13.0267601013,80.233039856,51711,51721,10
13.0265102386,80.2330474854,51721,51731,10
13.026309967,80.2327194214,51731,51741,10
13.0261602402,80.2322463989,51741,51751,10
13.0261001587,80.2319717407,51751,51761,10
13.0260295868,80.2316513062,51761,51772,11
13.0258798599,80.2310409546,51772,51782,10
13.0255899429,80.2303390503,51782,51792,10
13.0251102448,80.2296524048,51792,51802,10
13.0248804092,80.2293930054,51802,51812,10
13.0247802734,80.2292633057,51812,51822,10
13.0245103836,80.2289199829,51822,51832,10
13.0241603851,80.228477478,51832,51842,10
13.0240602493,80.2283782959,51842,51852,10
13.0239295959,80.2282180786,51852,51862,10
13.0236301422,80.2278671265,51862,51873,11
13.0231599808,80.2274093628,51873,51883,10
13.022649765,80.2269363403,51883,51893,10
13.022310257,80.226600647,51893,51903,10
13.0218601227,80.2261886597,51903,51913,10
13.0213298798,80.2257766724,51913,51923,10
13.0207500458,80.2253417969,51923,51933,10
13.02023983,80.2249984741,51933,51943,10
13.0197296143,80.2246627808,51943,51953,10
13.0190000534,80.2244567871,51953,51963,10
13.0182695389,80.2247085571,51963,51974,11
13.0173997879,80.2250595093,51974,51984,10
13.016699791,80.2253265381,51984,51994,10
13.0162801743,80.2254867554,51994,52004,10
13.0158195496,80.2256469727,52004,52014,10
13.0152301788,80.2258911133,52014,52024,10
13.0145597458,80.2261734009,52024,52034,10
13.0143404007,80.2262573242,52034,52044,10
13.0141801834,80.2263183594,52044,52054,10
13.0137395859,80.2264862061,52054,52064,10
13.0131502151,80.2267227173,52064,52075,11
13.0123596191,80.2270278931,52075,52085,10
13.0115499496,80.2273635864,52085,52095,10
13.0106401443,80.2276992798,52095,52105,10
13.0096797943,80.2281036377,52105,52115,10
13.0090904236,80.228843689,52115,52125,10
13.0088796616,80.2299194336,52125,52135,10
13.0086603165,80.231048584,52135,52145,10
13.008480072,80.2320022583,52145,52155,10
13.0082998276,80.233039856,52155,52165,10
13.0082197189,80.2336425781,52165,52175,10
13.0082197189,80.2336578369,52175,52186,11
13.0081300735,80.2339172363,52186,52196,10
13.0080404282,80.2343292236,52196,52206,10
13.0079402924,80.2349319458,52206,52216,10
13.0077800751,80.2357177734,52216,52226,10
13.0075998306,80.2366409302,52226,52236,10
13.0074100494,80.2376174927,52236,52246,10
13.0072603226,80.2384567261,52246,52256,10
13.0071296692,80.2391281128,52256,52266,10
13.0070104599,80.2397003174,52266,52276,10
13.0069503784,80.2400817871,52276,52327,51
13.0069503784,80.2400817871,52327,52337,10
13.006939888,80.2405014038,52337,52347,10
13.0068798065,80.2407913208,52347,52357,10
13.0068397522,80.2410430908,52357,52367,10
13.0067996979,80.2416000366,52367,52377,10
13.0067796707,80.2423324585,52377,52388,11
13.0067396164,80.2432327271,52388,52398,10
13.0067501068,80.2439880371,52398,52408,10
13.0067501068,80.2446594238,52408,52418,10
13.0067396164,80.2451629639,52418,52428,10
13.0067501068,80.2457427979,52428,52438,10
13.0067596436,80.2464294434,52438,52448,10
13.0067796707,80.2469482422,52448,52458,10
13.006770134,80.247428894,52458,52468,10
13.0067596436,80.2480697632,52468,52478,10
13.0067996979,80.248840332,52478,52489,11
13.0068902969,80.2495422363,52489,52499,10
13.0068902969,80.2495727539,52499,52509,10
13.0068902969,80.249671936,52509,52519,10
13.0068597794,80.250038147,52519,52529,10
13.0068502426,80.2506027222,52529,52539,10
13.0068702698,80.2511062622,52539,52559,20
13.0068702698,80.2511062622,52559,52569,10
13.006819725,80.2515106201,52569,52579,10
13.0067100525,80.2520370483,52579,52589,10
13.0066204071,80.2527236938,52589,52600,11
13.0066099167,80.2535095215,52600,52610,10
13.0066299438,80.2543106079,52610,52620,10
13.0066404343,80.2551803589,52620,52630,10
13.0066604614,80.2561416626,52630,52640,10
13.0066900253,80.2568664551,52640,52650,10
13.0066995621,80.2569732666,52650,52660,10
13.0066900253,80.2571868896,52660,52670,10
13.0067596436,80.2575912476,52670,52680,10
13.007060051,80.258140564,52680,52690,10
13.0075702667,80.2585296631,52690,52701,11
13.0077199936,80.2586212158,52701,52711,10
13.008020401,80.2587966919,52711,52721,10
13.0085401535,80.2590026855,52721,52731,10
13.0092201233,80.2590637207,52731,52741,10
13.0100603104,80.2590713501,52741,52751,10
13.0110301971,80.2590637207,52751,52761,10
13.012049675,80.2590637207,52761,52771,10
13.0130796432,80.2591094971,52771,52781,10
13.0139799118,80.259147644,52781,52791,10
13.0148200989,80.2591934204,52791,52802,11
13.0157804489,80.2593612671,52802,52812,10
13.0163698196,80.2596511841,52812,52822,10
13.0164403915,80.2596969604,52822,52832,10
13.0166501999,80.2598800659,52832,52842,10
13.0170602798,80.2601394653,52842,52852,10
13.0176095963,80.2605133057,52852,52862,10
13.0182199478,80.2609176636,52862,52872,10
13.018819809,80.2613677979,52872,52882,10
13.019370079,80.2618637085,52882,52892,10
13.0198202133,80.2623214722,52892,52903,11
13.02023983,80.2626419067,52903,52913,10
13.0203895569,80.2627410889,52913,52923,10
13.0208501816,80.262878418,52923,52933,10
13.0213899612,80.2630691528,52933,52943,10
13.0219297409,80.2633209229,52943,52953,10
13.0222196579,80.2634811401,52953,52963,10
13.0226898193,80.2637176514,52963,52973,10
13.0232496262,80.2639923096,52973,52983,10
13.0238304138,80.2643814087,52983,52993,10
13.0243597031,80.2646636963,52993,53004,11
13.0246801376,80.2649002075,53004,53014,10
13.025179863,80.2652587891,53014,53024,10
13.0257396698,80.2656021118,53024,53044,20
13.0257396698,80.2656021118,53044,53054,10
13.0259799957,80.2657623291,53054,53064,10
13.026260376,80.2658004761,53064,53074,10
13.0263204575,80.2653198242,53074,53084,10
13.0263996124,80.2646789551,53084,53094,10
13.0264797211,80.2640762329,53094,53104,10
13.0265102386,80.2639923096,53104,53115,11
13.0265798569,80.2636566162,53115,53125,10
13.0267295837,80.2634429932,53125,53135,10
13.027179718,80.2635574341,53135,53145,10
13.027759552,80.2636489868,53145,53155,10
13.0282297134,80.2637634277,53155,53165,10
13.0283699036,80.2638397217,53165,53175,10
13.0287599564,80.2639389038,53175,53185,10
13.0291900635,80.2640762329,53185,53195,10
13.0292196274,80.2643508911,53195,53205,10
13.0292396545,80.2649230957,53205,53216,11
13.0292596817,80.2656784058,53216,53226,10
13.029250145,80.26587677,53226,53236,10
13.0292196274,80.2661590576,53236,53246,10
13.0292196274,80.2663726807,53246,53256,10
13.0293397903,80.266456604,53256,53266,10
13.0296497345,80.2665481567,53266,53276,10
13.0301704407,80.2666778564,53276,53286,10
13.0309095383,80.2668228149,53286,53296,10
13.0315504074,80.2670822144,53296,53306,10
13.0322303772,80.2673721313,53306,53317,11
13.0328598022,80.2676467896,53317,53327,10
13.0332803726,80.2677612305,53327,53337,10
13.0332899094,80.2677612305,53337,53347,10
13.0333795547,80.267829895,53347,53357,10
13.0336704254,80.267906189,53357,53367,10
13.0341901779,80.2679824829,53367,53377,10
13.0345096588,80.2680206299,53377,53418,41
13.0345096588,80.2680206299,53418,53428,10
13.0345001221,80.2681503296,53428,53438,10
13.0343799591,80.2680435181,53438,53448,10
13.0340204239,80.2679595947,53448,53458,10
13.0333595276,80.2678833008,53458,54498,1040
13.0333595276,80.2678833008,54498,54508,10
13.0331201553,80.2677764893,54508,54518,10
13.0330200195,80.2677764893,54518,54528,10
13.0328702927,80.2677612305,54528,54538,10
13.0327196121,80.2677078247,54538,54548,10
13.0324697495,80.2674789429,54548,54559,11
13.0318403244,80.2671585083,54559,54569,10
13.0312099457,80.2669219971,54569,54579,10
13.0305099487,80.2667770386,54579,54589,10
13.0298204422,80.2666778564,54589,54599,10
13.0295295715,80.2666397095,54599,54609,10
13.0290603638,80.266456604,54609,54619,10
13.0284404755,80.2663726807,54619,54629,10
13.0277395248,80.2662582397,54629,54639,10
13.0270299911,80.2661590576,54639,54649,10
13.0264797211,80.2660598755,54649,54670,21
13.0264797211,80.2660598755,54670,54680,10
13.0262203217,80.2659378052,54680,54690,10
13.0259799957,80.2658004761,54690,54700,10
13.0252895355,80.2653427124,54700,54720,20
13.0252895355,80.2653427124,54720,54730,10
13.0250902176,80.2651901245,54730,54740,10
13.0247001648,80.2648773193,54740,54750,10
13.0242004395,80.2645111084,54750,54761,11
13.0235595703,80.2641525269,54761,54771,10
13.0229997635,80.2638626099,54771,54781,10
13.0225696564,80.2636413574,54781,54791,10
13.0221300125,80.2634277344,54791,54801,10
13.0220499039,80.263381958,54801,54811,10
13.021730423,80.2631988525,54811,54820,9
13.0211896896,80.2630233765,54820,54831,11
13.0203695297,80.2629776001,54831,54841,10
13.0196800232,80.2629394531,54841,54851,10
13.0191402435,80.2629013062,54851,54862,11
13.0188903809,80.2624969482,54862,54872,10
13.0187797546,80.2618179321,54872,54882,10
13.0185604095,80.2612075806,54882,54892,10
13.0181798935,80.2609481812,54892,54902,10
13.0177497864,80.2606811523,54902,54912,10
13.01720047,80.2603225708,54912,54922,10
13.0165195465,80.2599029541,54922,54932,10
13.0162200928,80.2597427368,54932,54942,10
13.0161800385,80.2597198486,54942,54952,10
13.0159196854,80.2595977783,54952,54962,10
13.0154695511,80.259437561,54962,54973,11
13.014840126,80.2593231201,54973,54983,10
13.0142602921,80.2592926025,54983,54993,10
13.0135498047,80.259262085,54993,55003,10
13.0127296448,80.2592315674,55003,55013,10
13.0118303299,80.2592010498,55013,55023,10
13.0109596252,80.2591781616,55023,55033,10
13.0100402832,80.2592315674,55033,55043,10
13.0096502304,80.2592391968,55043,55053,10
13.0093803406,80.2592315674,55053,55063,10
13.0089597702,80.2592163086,55063,55074,11
13.0086603165,80.2592315674,55074,55084,10
13.0082397461,80.2592391968,55084,55094,10
13.0076599121,80.2594223022,55094,55104,10
13.0072603226,80.2589492798,55104,55114,10
13.0071802139,80.2587585449,55114,55124,10
13.0070800781,80.2585372925,55124,55134,10
13.0068798065,80.258140564,55134,55144,10
13.0065698624,80.2576370239,55144,55235,91
13.0065698624,80.2576370239,55235,55245,10
13.0064401627,80.2573776245,55245,55255,10
13.0064401627,80.2570877075,55255,55265,10
13.0064401627,80.2566223145,55265,55276,11
13.0065097809,80.2558898926,55276,55286,10
13.0065402985,80.2550888062,55286,55296,10
13.0065002441,80.25415802,55296,55306,10
13.0065202713,80.2533798218,55306,55316,10
13.0065202713,80.2532577515,55316,55326,10
13.0065002441,80.2530899048,55326,55335,9
13.0065097809,80.2526779175,55335,55346,11
13.0066204071,80.2519683838,55346,55356,10
13.0067300797,80.2512207031,55356,55366,10
13.0067396164,80.2504577637,55366,55376,10
13.0067396164,80.2496566772,55376,55417,41
13.0067396164,80.2496566772,55417,55427,10
13.0066995621,80.2493515015,55427,55437,10
13.0066900253,80.2489471436,55437,55447,10
13.006649971,80.2484664917,55447,55457,10
13.0066204071,80.2480316162,55457,55467,10
13.0066204071,80.2478637695,55467,55477,10
13.0066204071,80.2475280762,55477,55528,51
13.0066204071,80.2475280762,55528,55538,10
13.0066404343,80.2472915649,55538,55548,10
13.0066299438,80.2468032837,55548,55558,10
13.0066099167,80.2464828491,55558,55568,10
13.0066404343,80.2462921143,55568,55578,10
13.0066299438,80.2458190918,55578,55589,11
13.0066299438,80.2451782227,55589,55599,10
13.0066099167,80.2446136475,55599,55609,10
13.0066404343,80.2444381714,55609,55619,10
13.0066404343,80.2440490723,55619,55629,10
13.0066604614,80.2437362671,55629,55639,10
13.0066204071,80.2433319092,55639,55649,10
13.0066003799,80.242767334,55649,55659,10
13.0065603256,80.2420578003,55659,55669,10
13.0065498352,80.2418136597,55669,55679,10
13.0065603256,80.2416381836,55679,55690,11
13.0067396164,80.2406387329,55690,55700,10
13.0067596436,80.2404937744,55700,55730,30
13.0067596436,80.2404937744,55730,55740,10
13.0067596436,80.2402496338,55740,55750,10
13.0068597794,80.2397689819,55750,55760,10
13.0069704056,80.2391204834,55760,55770,10
13.0071001053,80.2384567261,55770,55780,10
13.0072898865,80.2375564575,55780,55791,11
13.0073795319,80.2368087769,55791,55801,10
13.007399559,80.2367477417,55801,55811,10
13.0074901581,80.2365112305,55811,55821,10
13.0075798035,80.2360610962,55821,55831,10
13.0076999664,80.2354507446,55831,55841,10
13.0078401566,80.2347488403,55841,55851,10
13.0080003738,80.2339935303,55851,55861,10
13.0082101822,80.2330169678,55861,55871,10
13.0084295273,80.2319030762,55871,55881,10
13.008649826,80.2307434082,55881,55892,11
13.0088996887,80.2294769287,55892,55901,9
13.0090904236,80.2284622192,55901,55912,11
13.0095396042,80.2272567749,55912,55922,10
13.0100297928,80.2262268066,55922,55932,10
13.0104503632,80.2253570557,55932,55942,10
13.0107002258,80.2248306274,55942,55952,10
13.0109796524,80.2242507935,55952,55962,10
13.011179924,80.2238388062,55962,55972,10
13.0111999512,80.223777771,55972,55982,10
13.0112600327,80.2234725952,55982,55992,10
13.0114097595,80.2230529785,55992,56003,11
13.0116796494,80.2224273682,56003,56013,10
13.0120401382,80.2216720581,56013,56023,10
13.012430191,80.2216491699,56023,56033,10
13.0127296448,80.2219924927,56033,56043,10
13.0131397247,80.2224807739,56043,56053,10
13.0136299133,80.2230834961,56053,56063,10
13.0141801834,80.2237091064,56063,56073,10
13.0147800446,80.224319458,56073,56083,10
13.0152196884,80.2247619629,56083,56093,10
13.0154695511,80.224937439,56093,56104,11
13.0155496597,80.2249908447,56104,56114,10
13.0157804489,80.2251815796,56114,56124,10
13.0163097382,80.2252578735,56124,56134,10
13.0170202255,80.2250366211,56134,56144,10
13.017829895,80.2247161865,56144,56154,10
13.0187397003,80.2243804932,56154,56164,10
13.019610405,80.2244873047,56164,56174,10
13.0202198029,80.2248687744,56174,56184,10
13.0208597183,80.2253417969,56184,56194,10
13.0214796066,80.2257995605,56194,56205,11
13.0219802856,80.2261428833,56205,56215,10
13.0220298767,80.2261810303,56215,56225,10
13.0222997665,80.2264404297,56225,56235,10
13.0227298737,80.2268218994,56235,56245,10
13.0232400894,80.2272796631,56245,56255,10
13.0238199234,80.2278366089,56255,56265,10
13.0243196487,80.2283325195,56265,56275,10
13.0244197845,80.2284393311,56275,56285,10
13.0245895386,80.2287216187,56285,56295,10
13.0249004364,80.2291870117,56295,56305,10
13.0253400803,80.2297592163,56305,56316,11
13.0258197784,80.2305297852,56316,56326,10
13.0260601044,80.2312469482,56326,56336,10
13.0266103745,80.2312011719,56336,56346,10
13.0273399353,80.2310333252,56346,56356,10
13.0280599594,80.2309112549,56356,56365,9
13.0284204483,80.2308502197,56365,56376,11
13.0285902023,80.2308502197,56376,56386,10
13.0293998718,80.2307891846,56386,56417,31
13.0293998718,80.2307891846,56417,56427,10
13.0297002792,80.2308120728,56427,56437,10
13.0302200317,80.230758667,56437,56447,10
13.0308704376,80.2306976318,56447,56457,10
13.0315799713,80.2306213379,56457,56467,10
13.0323696136,80.2305526733,56467,56477,10
13.0330495834,80.230506897,56477,56487,10
13.0336198807,80.2304763794,56487,56497,10
13.0343599319,80.2303924561,56497,56538,41
13.0343599319,80.2303924561,56538,56548,10
13.0345001221,80.2303390503,56548,56558,10
13.0348596573,80.2301712036,56558,56568,10
13.0344200134,80.2300186157,56568,57537,969
13.0344200134,80.2300186157,57537,57548,11
13.0341901779,80.2302322388,57548,57558,10
13.034119606,80.23046875,57558,57568,10
13.0337495804,80.2305221558,57568,57578,10
13.0334100723,80.2305297852,57578,57588,10
13.0330400467,80.2305831909,57588,57598,10
13.0324602127,80.2306289673,57598,57608,10
13.0317697525,80.2306976318,57608,57618,10
13.0310201645,80.2307662964,57618,57628,10
13.0304899216,80.2308120728,57628,57638,10
13.0299797058,80.2308731079,57638,57649,11
13.029709816,80.2308883667,57649,57659,10
13.0293598175,80.2309265137,57659,57669,10
13.0288200378,80.2310028076,57669,57679,10
13.0281600952,80.2310562134,57679,57689,10
13.0277004242,80.2311325073,57689,57699,10
13.027680397,80.2314224243,57699,57709,10
13.027759552,80.2319107056,57709,57719,10
13.027879715,80.2324905396,57719,57729,10
13.0276699066,80.2328567505,57729,57739,10
13.0270500183,80.233001709,57739,57750,11
13.0266895294,80.2330627441,57750,57760,10
13.0263996124,80.2328720093,57760,57770,10
13.0262002945,80.2323074341,57770,57780,10
13.02602005,80.2316436768,57780,57800,20
13.02602005,80.2316436768,57800,57810,10
13.0260000229,80.2315216064,57810,57820,10
13.0259304047,80.2311325073,57820,57830,10
13.0256700516,80.2305297852,57830,57840,10
13.0252199173,80.2298431396,57840,57851,11
13.0245704651,80.2289886475,57851,57861,10
13.0240297318,80.2283782959,57861,57871,10
13.0239896774,80.2283172607,57871,57881,10
13.0238399506,80.2281036377,57881,57891,10
13.0235996246,80.2278518677,57891,57901,10
13.0232000351,80.2274627686,57901,57911,10
13.0227298737,80.2269821167,57911,57921,10
13.0221700668,80.2265014648,57921,57931,10
13.021490097,80.2259597778,57931,57941,10
13.0207195282,80.2253570557,57941,57951,10
13.0198202133,80.2247619629,57951,57962,11
13.0186195374,80.224571228,57962,57972,10
13.0175800323,80.2249832153,57972,57982,10
13.0166702271,80.2253799438,57982,57992,10
13.015999794,80.2256393433,57992,58002,10
13.0153198242,80.2258911133,58002,58012,10
13.0147695541,80.2261505127,58012,58022,10
13.014670372,80.2261581421,58022,58032,10
13.0143404007,80.2262420654,58032,58042,10
13.0138196945,80.2264404297,58042,58052,10
13.0131597519,80.2267074585,58052,58063,11
13.0122804642,80.2270584106,58063,58073,10
13.0113801956,80.2274398804,58073,58083,10
13.0103902817,80.2278289795,58083,58093,10
13.0094099045,80.2282791138,58093,58103,10
13.0089998245,80.2292633057,58103,58113,10
13.008769989,80.2304077148,58113,58123,10
13.0085601807,80.2315216064,58123,58133,10
13.0083599091,80.2326126099,58133,58143,10
13.0082798004,80.2334671021,58143,58153,10
13.0082397461,80.2336425781,58153,58164,11
13.0081501007,80.2338485718,58164,58174,10
13.0080604553,80.2342910767,58174,58184,10
13.0079402924,80.234916687,58184,58194,10
13.0077695847,80.2357406616,58194,58204,10
13.0075798035,80.2367324829,58204,58213,9
13.0073900223,80.2376403809,58213,58224,11
13.0072202682,80.2386169434,58224,58234,10
13.0070199966,80.2397003174,58234,58365,131
13.0070199966,80.2397003174,58365,58376,11
13.0069999695,80.2399520874,58376,58386,10
13.0069599152,80.2403182983,58386,58396,10
13.0069198608,80.2404937744,58396,58406,10
13.0068998337,80.2405700684,58406,58416,10
13.006819725,80.2409515381,58416,58426,10
13.0067796707,80.2415771484,58426,58436,10
13.006770134,80.2423706055,58436,58446,10
13.0067396164,80.2432174683,58446,58456,10
13.0067396164,80.2438964844,58456,58466,10
13.0067501068,80.2445983887,58466,58477,11
13.0067396164,80.2455368042,58477,58487,10
13.006770134,80.2464370728,58487,58497,10
13.006819725,80.2472305298,58497,58507,10
13.0067901611,80.2478790283,58507,58517,10
13.0068101883,80.2486572266,58517,58527,10
13.0068798065,80.2492294312,58527,58537,10
13.0068902969,80.2492370605,58537,58547,10
13.0069103241,80.2494812012,58547,58557,10
13.0069103241,80.2497634888,58557,58567,10
13.0068798065,80.2502288818,58567,58578,11
13.0068702698,80.2508773804,58578,58608,30
13.0068702698,80.2508773804,58608,58618,10
13.0068798065,80.251159668,58618,58628,10
13.0068502426,80.2515182495,58628,58638,10
13.0067100525,80.2520904541,58638,58648,10
13.0066204071,80.2527999878,58648,58658,10
13.0065898895,80.2536468506,58658,58668,10
13.0066003799,80.2544631958,58668,58679,11
13.0066299438,80.2549972534,58679,58689,10
13.0066699982,80.2556381226,58689,58699,10
13.0066699982,80.256401062,58699,58709,10
13.0067100525,80.2572784424,58709,58719,10
13.0070400238,80.2581634521,58719,58729,10
13.0077199936,80.2586975098,58729,58749,20
13.0077199936,80.2586975098,58749,58759,10
13.0079803467,80.2588195801,58759,58769,10
13.0084400177,80.2589874268,58769,58779,10
13.0090904236,80.2591094971,58779,58790,11
13.0098896027,80.2591094971,58790,58800,10
13.0107002258,80.2591171265,58800,58810,10
13.0115804672,80.2591094971,58810,58820,10
13.0125398636,80.2591323853,58820,58830,10
13.0136098862,80.2591705322,58830,58840,10
13.0147199631,80.2592163086,58840,58850,10
13.0157003403,80.2593612671,58850,58860,10
13.0163002014,80.2595977783,58860,58870,10
13.0163402557,80.2596282959,58870,58880,10
13.0165596008,80.2598190308,58880,58891,11
13.0170602798,80.2601699829,58891,58901,10
13.0176200867,80.2605514526,58901,58911,10
13.018119812,80.2609024048,58911,58921,10
13.0183801651,80.2610702515,58921,58931,10
13.0188102722,80.2614212036,58931,58941,10
13.0193195343,80.2618637085,58941,58951,10
13.0198802948,80.2624130249,58951,58961,10
13.02023983,80.2626876831,58961,58971,10
13.0203199387,80.2627410889,58971,58981,10
13.0207099915,80.262878418,58981,58992,11
13.0213403702,80.2630691528,58992,59002,10
13.021900177,80.2632980347,59002,59012,10
13.0221796036,80.2634124756,59012,59022,10
13.0225896835,80.2636184692,59022,59032,10
13.022939682,80.2638015747,59032,59042,10
13.0230998993,80.263923645,59042,59052,10
13.0234899521,80.2641601563,59052,59062,10
13.024020195,80.2644271851,59062,59072,10
13.0246601105,80.2649230957,59072,59082,10
13.025270462,80.2653579712,59082,59093,11
13.0258998871,80.2657623291,59093,59103,10
13.026260376,80.2657623291,59103,59113,10
13.0263299942,80.265296936,59113,59123,10
13.0263996124,80.2647018433,59123,59133,10
13.0264701843,80.2640762329,59133,59143,10
13.0264902115,80.2639770508,59143,59153,10
13.0265398026,80.2636413574,59153,59163,10
13.026720047,80.2634124756,59163,59173,10
13.0272197723,80.2634963989,59173,59183,10
13.0278701782,80.2636871338,59183,59194,11
13.0282497406,80.2637786865,59194,59204,10
13.0285100937,80.2638778687,59204,59214,10
13.0289297104,80.263999939,59214,59224,10
13.0292797089,80.264213562,59224,59234,10
13.029299736,80.2646484375,59234,59244,10
13.0293102264,80.2651062012,59244,59254,10
13.029299736,80.2657012939,59254,59264,10
13.0292797089,80.2659378052,59264,59274,10
13.0292100906,80.2663803101,59274,59364,90
13.0293197632,80.2666168213,59364,59385,21
13.0293197632,80.2666168213,59385,59395,10
13.0294399261,80.2666625977,59395,59406,11
13.0296602249,80.2666625977,59406,59426,20
13.0296602249,80.2666625977,59426,59436,10
13.0298404694,80.2667236328,59436,59446,10
13.0301103592,80.2667312622,59446,59476,30
13.0301103592,80.2667312622,59476,59486,10
13.030380249,80.2667617798,59486,59496,10
13.0306596756,80.2667694092,59496,59507,11
13.0308103561,80.2667922974,59507,59517,10
13.031080246,80.2668609619,59517,59527,10
13.0314998627,80.266998291,59527,59537,10
13.0318803787,80.2671585083,59537,59547,10
13.0322799683,80.2673568726,59547,59557,10
13.0326700211,80.2676391602,59557,59567,10
13.0334596634,80.2678375244,59567,59597,30
13.0334596634,80.2678375244,59597,59608,11
13.0337696075,80.2679595947,59608,59618,10
13.0341596603,80.2680282593,59618,59628,10
13.0344200134,80.2680587769,59628,59638,10
13.0345697403,80.2680435181,59638,59648,10
13.0346002579,80.2681427002,59648,59658,10
13.0344696045,80.2682037354,59658,59668,10
13.034330368,80.268081665,59668,59678,10
13.0339403152,80.2679824829,59678,59688,10
13.0333404541,80.2678909302,59688,60648,960
13.0333404541,80.2678909302,60648,60658,10
13.0329704285,80.2677612305,60658,60668,10
13.0326004028,80.267616272,60668,60678,10
13.0324001312,80.2674102783,60678,60688,10
13.031920433,80.2671737671,60688,60698,10
13.0312995911,80.2669219971,60698,60708,10
13.0305404663,80.2667388916,60708,60718,10
13.0298995972,80.2666625977,60718,60728,10
13.029800415,80.2666473389,60728,60739,11
13.0295200348,80.2666015625,60739,60749,10
13.0292100906,80.2665100098,60749,60759,10
13.028840065,80.2663803101,60759,60769,10
13.028380394,80.2662887573,60769,60779,10
13.0278196335,80.2661972046,60779,60789,10
13.0270500183,80.2661132813,60789,60799,10
13.0263900757,80.2659835815,60799,60819,20
13.0263900757,80.2659835815,60819,60829,10
13.0261201859,80.2658996582,60829,60840,11
13.0256795883,80.2656402588,60840,60850,10
13.0252399445,80.2653579712,60850,60860,10
13.0252199173,80.2653427124,60860,60870,10
13.0249900818,80.2651367188,60870,60880,10
13.0246095657,80.2648468018,60880,60890,10
13.0240802765,80.2644805908,60890,60900,10
13.0234899521,80.2641220093,60900,60910,10
13.0229597092,80.2638397217,60910,60920,10
13.0223703384,80.2635421753,60920,60930,10
13.0220499039,80.2633895874,60930,60941,11
13.0219402313,80.263343811,60941,60951,10
13.0215501785,80.2631607056,60951,60961,10
13.0209302902,80.2630386353,60961,60971,10
13.0202302933,80.2630233765,60971,60981,10
13.0195198059,80.2629470825,60981,60991,10
13.0190000534,80.2628707886,60991,61001,10
13.0188703537,80.2623825073,61001,61011,10
13.0187597275,80.261680603,61011,61021,10
13.0184202194,80.2611618042,61021,61031,10
13.0178403854,80.2607727051,61031,61041,10
13.0171604156,80.2603225708,61041,61052,11
13.0163202286,80.2598190308,61052,61062,10
13.0160198212,80.2596817017,61062,61072,10
13.015879631,80.2595977783,61072,61082,10
13.0154895782,80.2594604492,61082,61092,10
13.014960289,80.2593383789,61092,61102,10
13.0143699646,80.2593002319,61102,61112,10
13.0136804581,80.2592697144,61112,61122,10
13.0128898621,80.2592468262,61122,61132,10
13.0119895935,80.2592163086,61132,61143,11
13.0110197067,80.2591934204,61143,61153,10
13.0101804733,80.259262085,61153,61163,10
13.0097703934,80.2592697144,61163,61173,10
13.0095596313,80.2592468262,61173,61183,10
13.0091199875,80.2592163086,61183,61193,10
13.008769989,80.2592086792,61193,61203,10
13.0084104538,80.2591934204,61203,61213,10
13.007900238,80.2592926025,61213,61223,10
13.0073795319,80.2592468262,61223,61233,10
13.0072097778,80.2588195801,61233,61243,10
13.0072002411,80.2588119507,61243,61254,11
13.0070695877,80.2585067749,61254,61264,10
13.006819725,80.258102417,61264,61274,10
13.0065402985,80.2576980591,61274,61344,70
13.0065402985,80.2576980591,61344,61355,11
13.0065402985,80.2577209473,61355,61365,10
13.006529808,80.2577209473,61365,61375,10
13.0065097809,80.2576599121,61375,61385,10
13.0064601898,80.2573165894,61385,61395,10
13.0064401627,80.2568588257,61395,61405,10
13.0064697266,80.2562103271,61405,61415,10
13.0064897537,80.2554168701,61415,61425,10
13.0065202713,80.2545394897,61425,61435,10
13.0064897537,80.2536010742,61435,61445,10
13.0064897537,80.2531967163,61445,61456,11
13.0064897537,80.2531433105,61456,61466,10
13.0064897537,80.252822876,61466,61617,151
13.0064897537,80.252822876,61617,61627,10
13.0065202713,80.2526473999,61627,61637,10
13.0065402985,80.2523269653,61637,61647,10
13.0066204071,80.2518386841,61647,61658,11
13.0067300797,80.2510681152,61658,61668,10
13.0067396164,80.2504196167,61668,61698,30
13.0067396164,80.2504196167,61698,61708,10
13.0067501068,80.2501296997,61708,61799,91
13.0067501068,80.2501296997,61799,61809,10
13.0067100525,80.249786377,61809,61819,10
13.0067100525,80.2495803833,61819,61829,10
13.0067100525,80.2495422363,61829,61839,10
13.0067100525,80.2492828369,61839,61849,10
13.0066795349,80.2488021851,61849,61859,10
13.0066299438,80.2481613159,61859,62031,172
13.0066299438,80.2481613159,62031,62041,10
13.0066204071,80.2479782104,62041,62051,10
13.0066204071,80.2476501465,62051,62061,10
13.0066404343,80.2471466064,62061,62072,11
13.0065698624,80.246673584,62072,62082,10
13.0065698624,80.2466583252,62082,62092,10
13.0066099167,80.2464523315,62092,62102,10
13.0066204071,80.2460021973,62102,62112,10
13.0066099167,80.2454833984,62112,62122,10
13.0066099167,80.2450637817,62122,62132,10
13.0066003799,80.2445831299,62132,62142,10
13.0066003799,80.2441711426,62142,62152,10
13.0066003799,80.2437820435,62152,62162,10
13.0065603256,80.2433776855,62162,62173,11
13.0065498352,80.2428131104,62173,62183,10
13.0065402985,80.2421188354,62183,62193,10
13.0065498352,80.2417221069,62193,62203,10
13.0065603256,80.2416381836,62203,62213,10
13.0065898895,80.2413101196,62213,62223,10
13.0066299438,80.2409210205,62223,62233,10
13.0066995621,80.2405395508,62233,62263,30
13.0066995621,80.2405395508,62263,62274,11
13.0067396164,80.2401809692,62274,62284,10
13.0068101883,80.2397079468,62284,62294,10
13.006939888,80.2390594482,62294,62304,10
13.0071001053,80.2383499146,62304,62314,10
13.0072898865,80.2375869751,62314,62324,10
13.0074100494,80.2367782593,62324,62344,20
13.0074100494,80.2367782593,62344,62354,10
13.0074996948,80.2365112305,62354,62364,10
13.0075998306,80.2361068726,62364,62375,11
13.0076999664,80.2355499268,62375,62385,10
13.0078296661,80.2349472046,62385,62395,10
13.0079603195,80.2343215942,62395,62405,10
13.008099556,80.2335662842,62405,62415,10
13.0082702637,80.232673645,62415,62425,10
13.0084600449,80.2317428589,62425,62435,10
13.0086297989,80.2308425903,62435,62445,10
13.0087900162,80.2300186157,62445,62455,10
13.0089502335,80.2292022705,62455,62465,10
13.0091104507,80.2284622192,62465,62475,10
13.0093603134,80.2277069092,62475,62486,11
13.0097503662,80.226852417,62486,62496,10
13.010140419,80.2259979248,62496,62506,10
13.0105495453,80.225151062,62506,62516,10
13.0108604431,80.2245101929,62516,62526,10
13.0111703873,80.2238006592,62526,62536,10
13.0114297867,80.2231826782,62536,62546,10
13.0116996765,80.222618103,62546,62556,10
13.0119104385,80.2219161987,62556,62566,10
13.012260437,80.2215118408,62566,62576,10
13.0123996735,80.2216415405,62576,62587,11
13.012720108,80.2220230103,62587,62597,10
13.0130796432,80.2224578857,62597,62607,10
13.0135498047,80.2229690552,62607,62617,10
13.01404953,80.2235412598,62617,62627,10
13.014550209,80.2241592407,62627,62637,10
13.0149698257,80.224571228,62637,62647,10
13.015370369,80.2248687744,62647,62657,10
13.0154800415,80.2249298096,62657,62667,10
13.0155801773,80.2250366211,62667,62677,10
13.0159101486,80.2253036499,62677,62688,11
13.0165700912,80.2253417969,62688,62698,10
13.0172796249,80.2250671387,62698,62708,10
13.0180797577,80.2247467041,62708,62718,10
13.0189399719,80.2244262695,62718,62728,10
13.0195598602,80.2244567871,62728,62738,10
13.0195903778,80.2244567871,62738,62748,10
13.0196895599,80.2245407104,62748,62758,10
13.0199604034,80.2247085571,62758,62768,10
13.0203504562,80.2250137329,62768,62778,10
13.0208797455,80.2253799438,62778,62789,11
13.0215196609,80.2258529663,62789,62799,10
13.0220098495,80.2261810303,62799,62809,10
13.02202034,80.2261962891,62809,62819,10
13.0221796036,80.2263412476,62819,62829,10
13.0225200653,80.2266464233,62829,62839,10
13.0229701996,80.2270584106,62839,62849,10
13.0234899521,80.2275314331,62849,62859,10
13.0240602493,80.2281036377,62859,62869,10
13.0245599747,80.2287521362,62869,62879,10
13.0248203278,80.2291793823,62879,62890,11
13.0252399445,80.2296829224,62890,62900,10
13.025639534,80.2301864624,62900,62910,10
13.0258102417,80.2304916382,62910,62920,10
13.025970459,80.2308502197,62920,62960,40
13.025970459,80.2308502197,62960,62970,10
13.0260801315,80.2313079834,62970,62980,10
13.0264902115,80.2312774658,62980,62991,11
13.027130127,80.2311096191,62991,63001,10
13.0276298523,80.2310028076,63001,63011,10
13.0284996033,80.2309036255,63011,63041,30
13.0287599564,80.2308731079,63041,63092,51
13.0287599564,80.2308731079,63092,63102,10
13.0289402008,80.2308883667,63102,63112,10
13.0291404724,80.2308807373,63112,63122,10
13.0294103622,80.2308578491,63122,63132,10
13.0298595428,80.230796814,63132,63142,10
13.0303297043,80.230758667,63142,63152,10
13.0307397842,80.2307281494,63152,63162,10
13.0312404633,80.230682373,63162,63172,10
13.0318002701,80.2306289673,63172,63182,10
13.0324497223,80.2305679321,63182,63192,10
13.0331602097,80.2305221558,63192,63203,11
13.0337696075,80.2304534912,63203,63253,50
13.0337696075,80.2304534912,63253,63263,10
13.0339899063,80.2304077148,63263,63273,10
13.0344200134,80.2303771973,63273,63283,10
13.0348100662,80.2302703857,63283,63314,31
13.0348100662,80.2302703857,63314,63324,10
13.0350999832,80.2300567627,63324,63334,10
13.0350999832,80.2299118042,63334,63344,10
13.0348901749,80.2297973633,63344,63354,10
13.0344696045,80.2297286987,63354,63475,121
13.0344696045,80.2297286987,63475,63485,10
13.0341796875,80.2299880981,63485,63546,61
13.0341796875,80.2299880981,63546,63556,10
13.0341997147,80.2303771973,63556,63798,242
13.0341997147,80.2303771973,63798,63809,11
13.0340795517,80.2306137085,63809,63819,10
13.0339097977,80.2305679321,63819,63829,10
13.0335302353,80.2305374146,63829,63839,10
13.0335102081,80.2305374146,63839,63849,10
13.0331001282,80.2305374146,63849,63859,10
13.0325403214,80.2305908203,63859,63869,10
13.0319004059,80.2306518555,63869,63879,10
13.0311603546,80.2307128906,63879,63889,10
13.030500412,80.2307662964,63889,63899,10
13.0299797058,80.2308197021,63899,63909,10
13.0298900604,80.2308425903,63909,63920,11
13.029709816,80.2308578491,63920,63930,10
13.0293998718,80.2308807373,63930,63940,10
13.028960228,80.2309036255,63940,63950,10
13.028380394,80.23097229,63950,63960,10
13.0279502869,80.2309875488,63960,63970,10
13.0277299881,80.2311935425,63970,63980,10
13.027759552,80.2316513062,63980,63990,10
13.0278100967,80.2321777344,63990,63999,9
13.0279302597,80.2327270508,63999,64010,11
13.0273895264,80.2329101563,64010,64021,11
13.0268802643,80.232963562,64021,64071,50
13.0268802643,80.232963562,64071,64081,10
13.0265703201,80.233001709,64081,64091,10
13.0263299942,80.2327804565,64091,64101,10
13.026260376,80.2325820923,64101,64111,10
13.0261602402,80.232208252,64111,64122,11
13.0260400772,80.2316894531,64122,64132,10
13.0258703232,80.231010437,64132,64142,10
13.0255298615,80.2302932739,64142,64152,10
13.0249004364,80.2294387817,64152,64172,20
13.0249004364,80.2294387817,64172,64182,10
13.0248498917,80.2293701172,64182,64192,10
13.0246400833,80.2290878296,64192,64202,10
13.0243396759,80.2287063599,64202,64212,10
13.0240097046,80.2283325195,64212,64223,11
13.0239896774,80.2283096313,64223,64233,10
13.0238399506,80.2281036377,64233,64243,10
13.0235204697,80.2277832031,64243,64253,10
13.0230998993,80.2273330688,64253,64263,10
13.0226802826,80.2269210815,64263,64273,10
13.0222997665,80.2266082764,64273,64283,10
13.0217895508,80.2261962891,64283,64293,10
13.0212202072,80.2257614136,64293,64303,10
13.0205402374,80.2253036499,64303,64313,10
13.0200195313,80.2249984741,64313,64324,11
13.0199203491,80.2249069214,64324,64334,10
13.0197496414,80.2247619629,64334,64344,10
13.0193004608,80.2245788574,64344,64354,10
13.0186195374,80.2246170044,64354,64364,10
13.0178499222,80.2249221802,64364,64374,10
13.0170097351,80.2252731323,64374,64384,10
13.0163202286,80.2255401611,64384,64394,10
13.0157899857,80.2257232666,64394,64404,10
13.0151596069,80.2259902954,64404,64414,10
13.0144395828,80.2262802124,64414,64425,11
13.0138597488,80.2265396118,64425,64445,20
13.0138597488,80.2265396118,64445,64455,10
13.0135402679,80.2266387939,64455,64465,10
13.0130701065,80.2268066406,64465,64475,10
13.0124597549,80.2270278931,64475,64485,10
13.0117797852,80.2273025513,64485,64495,10
13.0110197067,80.2276229858,64495,64505,10
13.0101604462,80.2279586792,64505,64515,10
13.0093898773,80.2283477783,64515,64525,10
13.0091295242,80.2289581299,64525,64536,11
13.0089797974,80.2297668457,64536,64546,10
13.0087995529,80.2306594849,64546,64556,10
13.0086402893,80.2315216064,64556,64566,10
13.0084400177,80.232421875,64566,64576,10
13.0082998276,80.2334518433,64576,64596,20
13.0082998276,80.2334518433,64596,64606,10
13.0082702637,80.2335586548,64606,64616,10
13.0081701279,80.2338180542,64616,64627,11
13.0080604553,80.2342987061,64627,64637,10
13.0079402924,80.2349319458,64637,64647,10
13.0077800751,80.2356796265,64647,64657,10
13.0076198578,80.2365493774,64657,64667,10
13.0074195862,80.2375335693,64667,64677,10
13.0072698593,80.2383880615,64677,64687,10
13.0071401596,80.2390899658,64687,64697,10
13.0070199966,80.2396774292,64697,64707,10
13.0069999695,80.2399597168,64707,64717,10
13.0069198608,80.2404632568,64717,64727,10
13.0068998337,80.2406921387,64727,64738,11
13.0068702698,80.2407913208,64738,64748,10
13.006819725,80.2411270142,64748,64758,10
13.0067796707,80.2417373657,64758,64768,10
13.0067501068,80.2424926758,64768,64778,10
13.0066995621,80.2433319092,64778,64788,10
13.0066995621,80.2440032959,64788,64798,10
13.0066900253,80.2442626953,64798,64808,10
13.0067195892,80.2447662354,64808,64818,10
13.0067300797,80.2454605103,64818,64828,10
13.0067396164,80.2462768555,64828,64839,11
13.0067596436,80.2472229004,64839,64849,10
13.0067501068,80.2480392456,64849,64859,10
13.0067996979,80.248840332,64859,64869,10
13.0068902969,80.2495193481,64869,64879,10
13.0068798065,80.2496032715,64879,64889,10
13.0068702698,80.2497711182,64889,64899,10
13.0068397522,80.2501907349,64899,64909,10
13.0068397522,80.2507781982,64909,64919,10
13.006819725,80.251411438,64919,64929,10
13.0066900253,80.2521209717,64929,64940,11
13.0065898895,80.2530288696,64940,64950,10
13.0065803528,80.2539367676,64950,64960,10
13.0066204071,80.2548370361,64960,64970,10
13.0066404343,80.2557373047,64970,64980,10
13.0066404343,80.2565307617,64980,64990,10
13.0066795349,80.2571563721,64990,65000,10
13.0068702698,80.2578277588,65000,65010,10
13.0076999664,80.2586669922,65010,65041,31
13.0076999664,80.2586669922,65041,65051,10
13.0079402924,80.2588119507,65051,65061,10
13.0083904266,80.2589797974,65061,65071,10
13.0089502335,80.2591400146,65071,65081,10
13.0095996857,80.2591171265,65081,65091,10
13.0103702545,80.2591400146,65091,65101,10
13.0111999512,80.2591171265,65101,65111,10
13.0120601654,80.2591171265,65111,65121,10
13.0129404068,80.2591629028,65121,65131,10
13.0138301849,80.2591934204,65131,65142,11
13.014840126,80.2592315674,65142,65152,10
13.0156602859,80.2593383789,65152,65162,10
13.0163698196,80.2596817017,65162,65182,20
13.0163698196,80.2596817017,65182,65192,10
13.0165300369,80.2598190308,65192,65202,10
13.0169095993,80.260093689,65202,65212,10
13.0174198151,80.2604370117,65212,65222,10
13.0180101395,80.2608413696,65222,65232,10
13.0186595917,80.2612991333,65232,65243,11
13.0192699432,80.2618331909,65243,65253,10
13.0198097229,80.2623596191,65253,65263,10
13.0202598572,80.2627182007,65263,65273,10
13.0202903748,80.2627410889,65273,65283,10
13.020359993,80.2627792358,65283,65293,10
13.0207195282,80.2629089355,65293,65303,10
13.021229744,80.2630615234,65303,65313,10
13.0217199326,80.2632522583,65313,65323,10
13.0220899582,80.2634277344,65323,65333,10
13.0224399567,80.2635879517,65333,65354,21
13.0224399567,80.2635879517,65354,65364,10
13.0227499008,80.2637634277,65364,65374,10
13.0230903625,80.263923645,65374,65384,10
13.023150444,80.263961792,65384,65394,10
13.0234098434,80.2641220093,65394,65404,10
13.0238103867,80.2643508911,65404,65414,10
13.0243301392,80.2646789551,65414,65424,10
13.0247898102,80.2650375366,65424,65434,10
13.0253095627,80.2654190063,65434,65445,11
13.025560379,80.2655792236,65445,65455,10
13.0256595612,80.2656402588,65455,65465,10
13.0259103775,80.2657928467,65465,65475,10
13.0261602402,80.2659225464,65475,65485,10
13.0263595581,80.2656707764,65485,65495,10
13.0263700485,80.2651596069,65495,65505,10
13.0264396667,80.2646408081,65505,65515,10
13.0264797211,80.2641372681,65515,65525,10
13.0264997482,80.2640762329,65525,65535,10
13.0265398026,80.2639389038,65535,65546,11
13.0265703201,80.2635803223,65546,65556,10
13.026889801,80.2634811401,65556,65566,10
13.0274200439,80.2636032104,65566,65576,10
13.0282897949,80.2638397217,65576,65596,20
13.0282897949,80.2638397217,65596,65606,10
13.0285902023,80.263923645,65606,65616,10
13.0290603638,80.2640380859,65616,65626,10
13.0293502808,80.2642822266,65626,65636,10
13.0293397903,80.2646179199,65636,65647,11
13.0293502808,80.2651901245,65647,65657,10
13.0293102264,80.2657012939,65657,65667,10
13.0292797089,80.2659683228,65667,65677,10
13.0292797089,80.2660522461,65677,65687,10
13.0292301178,80.2663879395,65687,65697,10
13.0293703079,80.2665786743,65697,65707,10
13.0297803879,80.2666473389,65707,65717,10
13.0303401947,80.2667388916,65717,65727,10
13.0310096741,80.2668609619,65727,65737,10
13.0317201614,80.2671203613,65737,65747,10
13.0322399139,80.2673568726,65747,65758,11
13.0325899124,80.2675704956,65758,65768,10
13.0328798294,80.2677536011,65768,65778,10
13.0329704285,80.2677764893,65778,65788,10
13.0334396362,80.2678527832,65788,65818,30
13.0334396362,80.2678527832,65818,65828,10
13.0335502625,80.2678604126,65828,65838,10
13.0338201523,80.2679290771,65838,65859,21
13.0338201523,80.2679290771,65859,65869,10
13.034119606,80.2679901123,65869,65879,10
13.034529686,80.2680130005,65879,65899,20
13.034529686,80.2680130005,65899,65909,10
13.0345497131,80.2681808472,65909,65919,10
13.0345401764,80.2681884766,65919,65929,10
13.0344495773,80.2681274414,65929,65939,10
13.0341796875,80.2680206299,65939,65949,10
13.0334100723,80.2679290771,65949,66788,839
13.0334100723,80.2679290771,66788,66798,10
13.0330896378,80.2678070068,66798,66808,10
13.0328598022,80.2677764893,66808,66818,10
13.0327196121,80.2677230835,66818,66828,10
13.0326404572,80.2676620483,66828,66838,10
13.0324602127,80.267539978,66838,66848,10
13.0320796967,80.2673492432,66848,66858,10
13.0316495895,80.2671432495,66858,66868,10
13.0311803818,80.266960144,66868,66879,11
13.0306301117,80.2668304443,66879,66889,10
13.0302095413,80.2667617798,66889,66899,10
13.0298595428,80.266708374,66899,66909,10
13.0298204422,80.266708374,66909,66919,10
13.0295295715,80.2666778564,66919,66929,10
13.0291795731,80.2665023804,66929,66939,10
13.0286598206,80.2664108276,66939,66949,10
13.0280895233,80.2663192749,66949,66959,10
13.0274000168,80.2661972046,66959,66969,10
13.0264701843,80.2660217285,66969,67040,71
13.0264701843,80.2660217285,67040,67050,10
13.0261201859,80.2658996582,67050,67060,10
13.025759697,80.2656936646,67060,67070,10
13.0252799988,80.2654037476,67070,67091,21
13.0252799988,80.2654037476,67091,67101,10
13.0251197815,80.2653121948,67101,67111,10
13.0248403549,80.2650527954,67111,67121,10
13.0243997574,80.2647399902,67121,67131,10
13.0238399506,80.2643814087,67131,67141,10
13.0233201981,80.2641220093,67141,67151,10
13.0227003098,80.2637786865,67151,67161,10
13.0221099854,80.2634735107,67161,67182,21
13.0221099854,80.2634735107,67182,67192,10
13.0219402313,80.2633285522,67192,67202,10
13.0215902328,80.2631835938,67202,67212,10
13.0209598541,80.2630462646,67212,67222,10
13.0202302933,80.2630310059,67222,67232,10
13.0195503235,80.2629776001,67232,67242,10
13.0190601349,80.2629318237,67242,67252,10
13.018910408,80.2624893188,67252,67262,10
13.0188102722,80.2618408203,67262,67272,10
13.018699646,80.2613830566,67272,67283,11
13.0181999207,80.2610321045,67283,67293,10
13.0176801682,80.2606964111,67293,67303,10
13.0172100067,80.260383606,67303,67313,10
13.016699791,80.2600631714,67313,67323,10
13.0160703659,80.259727478,67323,67343,20
13.0160703659,80.259727478,67343,67353,10
13.0158195496,80.2595977783,67353,67363,10
13.015370369,80.2594528198,67363,67373,10
13.0148096085,80.2593612671,67373,67384,11
13.0141801834,80.2593231201,67384,67394,10
13.0134897232,80.2592926025,67394,67404,10
13.0127096176,80.259262085,67404,67414,10
13.0118703842,80.2592163086,67414,67424,10
13.0109901428,80.2592086792,67424,67434,10
13.0101995468,80.2592773438,67434,67444,10
13.0098495483,80.2593002319,67444,67454,10
13.0097703934,80.2592926025,67454,67464,10
13.0094099045,80.2592697144,67464,67474,10
13.0089597702,80.2592391968,67474,67485,11
13.0086803436,80.2592315674,67485,67495,10
13.0082101822,80.2592391968,67495,67505,10
13.0076799393,80.2593688965,67505,67515,10
13.0072898865,80.2590789795,67515,67525,10
13.0071697235,80.2587814331,67525,67535,10
13.0071496964,80.2586975098,67535,67545,10
13.0069904327,80.258430481,67545,67555,10
13.006819725,80.258102417,67555,67565,10
13.0066099167,80.2577514648,67565,67585,20
13.0066099167,80.2577514648,67585,67596,11
13.0064897537,80.2573394775,67596,67606,10
13.0064496994,80.2568817139,67606,67616,10
13.0064201355,80.2563018799,67616,67626,10
13.0064496994,80.2555618286,67626,67636,10
13.0065097809,80.2549133301,67636,67645,9
13.0064897537,80.2544021606,67645,67656,11
13.0064897537,80.2539978027,67656,67666,10
13.0064897537,80.2534332275,67666,67676,10
13.006480217,80.2532501221,67676,67686,10
13.006480217,80.2531509399,67686,67697,11
13.0064697266,80.2526016235,67697,67757,60
13.0064697266,80.2526016235,67757,67767,10
13.0065498352,80.2522735596,67767,67777,10
13.0066299438,80.2517776489,67777,67787,10
13.0067195892,80.2509765625,67787,67838,51
13.0067195892,80.2509765625,67838,67848,10
13.0067396164,80.2507171631,67848,67858,10
13.0067195892,80.2503509521,67858,67868,10
13.0067100525,80.2495880127,67868,67929,61
13.0067100525,80.2495880127,67929,67939,10
13.0067100525,80.249420166,67939,67949,10
13.0066995621,80.2493286133,67949,67959,10
13.0066795349,80.2490005493,67959,67969,10
13.0066204071,80.2486114502,67969,67979,10
13.0066003799,80.2483520508,67979,68080,101
13.0066003799,80.2483520508,68080,68090,10
13.0066204071,80.248008728,68090,68101,11
13.0066003799,80.2475967407,68101,68111,10
13.0066099167,80.2472610474,68111,68121,10
13.0066204071,80.2470397949,68121,68131,10
13.0066099167,80.2469482422,68131,68141,10
13.0066003799,80.2468414307,68141,68151,10
13.0065402985,80.2466964722,68151,68161,10
13.0065498352,80.2466125488,68161,68202,41
13.0065498352,80.2466125488,68202,68212,10
13.0066204071,80.246307373,68212,68222,10
13.0066204071,80.2462997437,68222,68232,10
13.0066204071,80.246131897,68232,68242,10
13.0066204071,80.2461090088,68242,68252,10
13.0066204071,80.2459335327,68252,68262,10
13.0066204071,80.2458190918,68262,68272,10
13.0066299438,80.2456588745,68272,68282,10
13.0066404343,80.2455596924,68282,68292,10
13.0066404343,80.2453384399,68292,68303,11
13.0066404343,80.2451324463,68303,68313,10
13.0066299438,80.244972229,68313,68323,10
13.0066204071,80.2447509766,68323,68333,10
13.0066003799,80.2445526123,68333,68343,10
13.0065898895,80.2443237305,68343,68353,10
13.0065803528,80.2441711426,68353,68363,10
13.0065603256,80.243927002,68363,68373,10
13.0065603256,80.243637085,68373,68383,10
13.0065603256,80.2432785034,68383,68393,10
13.0065498352,80.2427902222,68393,68404,11
13.0065402985,80.2420425415,68404,68414,10
13.0065603256,80.2412872314,68414,68424,10
13.0066204071,80.2407531738,68424,68444,20
13.0066204071,80.2407531738,68444,68454,10
13.0066900253,80.2403411865,68454,68464,10
13.0067596436,80.239906311,68464,68474,10
13.0068597794,80.2394638062,68474,68484,10
13.006939888,80.2389678955,68484,68494,10
13.0070295334,80.2385787964,68494,68505,11
13.007109642,80.2382125854,68505,68515,10
13.0072097778,80.23777771,68515,68525,10
13.0073204041,80.2372665405,68525,68535,10
13.007349968,80.2369232178,68535,68545,10
13.0073604584,80.2369003296,68545,68555,10
13.0074501038,80.236579895,68555,68565,10
13.0075397491,80.2361602783,68565,68575,10
13.0076503754,80.2356109619,68575,68585,10
13.0077800751,80.2349777222,68585,68595,10
13.007900238,80.2342987061,68595,68605,10
13.0080900192,80.2334976196,68605,68616,11
13.0082702637,80.2324676514,68616,68626,10
13.0084400177,80.2315826416,68626,68636,10
13.008600235,80.2307662964,68636,68646,10
13.0087299347,80.2301635742,68646,68656,10
13.0088396072,80.2295608521,68656,68666,10
13.0089998245,80.2287216187,68666,68727,61
13.0089998245,80.2287216187,68727,68737,10
13.009059906,80.2285690308,68737,68747,10
13.0091695786,80.2282028198,68747,68757,10
13.0093803406,80.2276916504,68757,68767,10
13.0096797943,80.2270431519,68767,68777,10
13.0100297928,80.22631073,68777,68787,10
13.0104103088,80.2255096436,68787,68797,10
13.0107698441,80.2247009277,68797,68807,10
13.0110702515,80.2240066528,68807,68818,11
13.0112304688,80.2236099243,68818,68828,10
13.0112304688,80.2234191895,68828,68838,10
13.0113897324,80.2230072021,68838,68848,10
13.0116500854,80.2223968506,68848,68857,9
13.0117902756,80.2217636108,68857,68868,11
13.0122203827,80.2215194702,68868,68878,10
13.0124998093,80.221862793,68878,68888,10
13.0128602982,80.2223129272,68888,68898,10
13.0132799149,80.2227706909,68898,68908,10
13.0136499405,80.2231063843,68908,68919,11
13.013999939,80.2235107422,68919,68929,10
13.0142602921,80.2238616943,68929,68939,10
13.0145998001,80.2242126465,68939,68949,10
13.015130043,80.2247390747,68949,68959,10
13.0155200958,80.2250366211,68959,68969,10
13.0155801773,80.225112915,68969,68979,10
13.0158395767,80.2253417969,68979,68989,10
13.0163898468,80.2254180908,68989,68999,10
13.0170698166,80.2251815796,68999,69009,10
13.017780304,80.2248916626,69009,69020,11
13.0185003281,80.2246017456,69020,69030,10
13.0192203522,80.2244415283,69030,69040,10
13.0198097229,80.2246398926,69040,69050,10
13.0201797485,80.2249526978,69050,69060,10
13.0206403732,80.2252578735,69060,69070,10
13.0209999084,80.2255020142,69070,69080,10
13.0213298798,80.2258071899,69080,69090,10
13.021780014,80.2261123657,69090,69100,10
13.021900177,80.2261886597,69100,69110,10
13.0219202042,80.2261962891,69110,69121,11
13.0221996307,80.2264633179,69121,69131,10
13.0226297379,80.2268218994,69131,69141,10
13.023150444,80.2273178101,69141,69151,10
13.0236997604,80.2278137207,69151,69161,10
13.0241203308,80.2282409668,69161,69171,10
13.0244102478,80.2285995483,69171,69181,10
13.0245895386,80.2288818359,69181,69191,10
13.0246801376,80.2290267944,69191,69201,10
13.0248603821,80.2292861938,69201,69211,10
13.0251598358,80.2296524048,69211,69222,11
13.0255298615,80.2301635742,69222,69232,10
13.025759697,80.2304916382,69232,69252,20
13.025759697,80.2304916382,69252,69262,10
13.0258598328,80.2307434082,69262,69272,10
13.0259599686,80.2310791016,69272,69282,10
13.0260601044,80.2313766479,69282,69292,10
13.0264501572,80.2313079834,69292,69302,10
13.0270395279,80.2311630249,69302,69312,10
13.028260231,80.2309494019,69312,69333,21
13.028260231,80.2309494019,69333,69343,10
13.028429985,80.2309265137,69343,69353,10
13.0286397934,80.2309036255,69353,69363,10
13.0289001465,80.2308883667,69363,69373,10
13.0292100906,80.2308578491,69373,69383,10
13.0296096802,80.2308197021,69383,69393,10
13.0300998688,80.2307815552,69393,69403,10
13.0306501389,80.2307434082,69403,69413,10
13.0310096741,80.2307128906,69413,69424,11
13.0314397812,80.230682373,69424,69434,10
13.0314998627,80.230682373,69434,69444,10
13.0318603516,80.2306671143,69444,69545,101
13.0318603516,80.2306671143,69545,69555,10
13.0321903229,80.2306365967,69555,69565,10
13.0324897766,80.2306213379,69565,69646,81
13.0324897766,80.2306213379,69646,69656,10
13.0326404572,80.230682373,69656,69666,10
13.0328302383,80.2306518555,69666,69676,10
13.0330295563,80.2306137085,69676,69686,10
13.0332202911,80.2305831909,69686,69696,10
13.0334196091,80.2305679321,69696,69777,81
13.0334196091,80.2305679321,69777,69787,10
13.0337400436,80.2305221558,69787,69797,10
13.0341396332,80.2304992676,69797,69807,10
13.0346298218,80.2303924561,69807,69817,10
13.0349502563,80.2302017212,69817,69838,21
13.0349502563,80.2302017212,69838,69848,10
13.0349798203,80.2301330566,69848,69858,10
13.0350399017,80.2299575806,69858,69868,10
13.0348997116,80.2298736572,69868,69878,10
13.0344696045,80.2298202515,69878,69888,10
13.0342102051,80.2299118042,69888,70242,354
13.0342102051,80.2299118042,70242,70252,10
13.0341596603,80.2303009033,70252,70312,60
13.0341596603,80.2303009033,70312,70322,10
13.0339202881,80.2305526733,70322,70332,10
13.033490181,80.2305221558,70332,70353,21
13.033490181,80.2305221558,70353,70363,10
13.0332803726,80.2305374146,70363,70373,10
13.0327997208,80.2305908203,70373,70383,10
13.0321502686,80.2306518555,70383,70393,10
13.0314302444,80.2307128906,70393,70403,10
13.0308198929,80.230758667,70403,70413,10
13.0304203033,80.230796814,70413,70423,10
13.0299396515,80.2308578491,70423,70433,10
13.0298404694,80.2308578491,70433,70444,11
13.0295696259,80.2308883667,70444,70454,10
13.0291204453,80.2309265137,70454,70464,10
13.0285596848,80.2309875488,70464,70474,10
13.0279397964,80.2310333252,70474,70484,10
13.0276203156,80.2311401367,70484,70494,10
13.0276603699,80.2315826416,70494,70504,10
13.0277395248,80.2321929932,70504,70514,10
13.0278596878,80.2327804565,70514,70545,31
13.0278596878,80.2327804565,70545,70555,10
13.027759552,80.2329177856,70555,70565,10
13.0274600983,80.2329406738,70565,70575,10
13.0271596909,80.2329788208,70575,70585,10
13.0268697739,80.2330169678,70585,70595,10
13.026599884,80.2330627441,70595,70605,10
13.0263795853,80.2329177856,70605,70615,10
13.0262203217,80.2324829102,70615,70625,10
13.0261602402,80.2322463989,70625,70635,10
13.0261201859,80.2321014404,70635,70666,31
13.0261201859,80.2321014404,70666,70676,10
13.026049614,80.2317276001,70676,70686,10
13.0259599686,80.2313537598,70686,70696,10
13.025759697,80.2307891846,70696,70706,10
13.0253801346,80.230140686,70706,70716,10
13.0249099731,80.2295379639,70716,70726,10
13.0247898102,80.2293930054,70726,70736,10
13.0245800018,80.2291107178,70736,70747,11
13.024020195,80.2284164429,70747,70767,20
13.024020195,80.2284164429,70767,70777,10
13.0239801407,80.2283782959,70777,70787,10
13.023900032,80.2282791138,70787,70797,10
13.0236797333,80.2279968262,70797,70807,10
13.0232696533,80.2276229858,70807,70817,10
13.0229301453,80.2272186279,70817,70827,10
13.022480011,80.2268066406,70827,70837,10
13.0219497681,80.2263565063,70837,70848,11
13.0212898254,80.2258529663,70848,70858,10
13.0206203461,80.2253417969,70858,70868,10
13.019900322,80.2248535156,70868,70888,20
13.019900322,80.2248535156,70888,70898,10
13.0197000504,80.2247161865,70898,70908,10
13.0192499161,80.2245407104,70908,70918,10
13.0185604095,80.224609375,70918,70928,10
13.0178098679,80.2249221802,70928,70938,10
13.0169696808,80.2252807617,70938,70949,11
13.0160303116,80.2256317139,70949,70959,10
13.0152301788,80.2259292603,70959,70969,10
13.0143203735,80.2262878418,70969,70989,20
13.0143203735,80.2262878418,70989,70999,10
13.0142402649,80.2263031006,70999,71009,10
13.0139198303,80.2264328003,71009,71019,10
13.0134496689,80.2266387939,71019,71029,10
13.0128602982,80.2268829346,71029,71039,10
13.0122003555,80.2271270752,71039,71049,10
13.0115003586,80.2274017334,71049,71060,11
13.0106897354,80.227722168,71060,71070,10
13.0099000931,80.2280426025,71070,71080,10
13.0091896057,80.2284698486,71080,71090,10
13.0089597702,80.229309082,71090,71100,10
13.0087795258,80.2302093506,71100,71110,10
13.008600235,80.2311325073,71110,71119,9
13.0084600449,80.2319412231,71119,71130,11
13.0082902908,80.2329025269,71130,71140,10
13.0081996918,80.2336273193,71140,71161,21
13.0081996918,80.2336273193,71161,71171,10
13.0081300735,80.2338409424,71171,71181,10
13.0080499649,80.2341995239,71181,71191,10
13.007900238,80.2350006104,71191,71211,20
13.007900238,80.2350006104,71211,71221,10
13.0078697205,80.2351608276,71221,71231,10
13.0078496933,80.2352523804,71231,71241,10
13.0077896118,80.2355194092,71241,71251,10
13.0076999664,80.236000061,71251,71262,11
13.0076503754,80.2362365723,71262,71272,10
13.007610321,80.2364578247,71272,71282,10
13.007519722,80.2369003296,71282,71292,10
13.0074901581,80.2370223999,71292,71302,10
13.0074300766,80.2373809814,71302,71312,10
13.0073604584,80.2377319336,71312,71322,10
13.0073003769,80.237991333,71322,71332,10
13.0072498322,80.238319397,71332,71413,81
13.0072498322,80.238319397,71413,71423,10
13.0071802139,80.2385482788,71423,71433,10
13.0071001053,80.2389984131,71433,71544,111
13.0071001053,80.2389984131,71544,71554,10
13.0070695877,80.2393264771,71554,71565,11
13.0069704056,80.2398834229,71565,71575,10
13.0068597794,80.2405471802,71575,71585,10
13.0068397522,80.2407836914,71585,71595,10
13.006819725,80.2408599854,71595,71605,10
13.0067596436,80.2412490845,71605,71615,10
13.0067195892,80.2418518066,71615,71625,10
13.0066995621,80.2425613403,71625,71635,10
13.0066604614,80.2433166504,71635,71645,10
13.0066604614,80.2442016602,71645,71655,10
13.0066699982,80.2452316284,71655,71666,11
13.0066795349,80.2462463379,71666,71676,10
13.0066995621,80.2468414307,71676,71686,10
13.0067195892,80.2471618652,71686,71696,10
13.0066995621,80.2472610474,71696,71706,10
13.0066795349,80.2475509644,71706,71716,10
13.0066699982,80.2480163574,71716,71726,10
13.0066900253,80.2486877441,71726,71736,10
13.006819725,80.2496414185,71736,71756,20
13.006819725,80.2496414185,71756,71767,11
13.006819725,80.2496795654,71767,71777,10
13.0067996979,80.2500305176,71777,71787,10
13.0067596436,80.2505187988,71787,71797,10
13.0067501068,80.251159668,71797,71807,10
13.0066404343,80.2518920898,71807,71817,10
13.0064897537,80.2526931763,71817,71827,10
13.006480217,80.2535934448,71827,71837,10
13.0065202713,80.2545776367,71837,71847,10
13.0065402985,80.2554779053,71847,71857,10
13.0065698624,80.2562026978,71857,71868,11
13.0065803528,80.2568511963,71868,71878,10
13.0066204071,80.2573471069,71878,71948,70
13.0066204071,80.2573471069,71948,71958,10
13.0065698624,80.257598877,71958,71969,11
13.0067796707,80.2580413818,71969,71979,10
13.007610321,80.2587432861,71979,71999,20
13.007610321,80.2587432861,71999,72009,10
13.0079298019,80.2588729858,72009,72019,10
13.0084400177,80.2590408325,72019,72029,10
13.0091199875,80.259147644,72029,72039,10
13.0099401474,80.2591629028,72039,72049,10
13.0108699799,80.2591705322,72049,72059,10
13.0118198395,80.2591781616,72059,72069,10
13.0128297806,80.2592086792,72069,72080,11
13.0140199661,80.259262085,72080,72090,10
13.0150403976,80.259262085,72090,72100,10
13.0163297653,80.2596969604,72100,72120,20
13.0163297653,80.2596969604,72120,72130,10
13.0165300369,80.2598724365,72130,72140,10
13.0169200897,80.2601470947,72140,72150,10
13.0174303055,80.2605133057,72150,72160,10
13.0179100037,80.260848999,72160,72170,10
13.0184202194,80.2611999512,72170,72181,11
13.0190401077,80.2616577148,72181,72191,10
13.0195598602,80.2621383667,72191,72201,10
13.0200901031,80.2626190186,72201,72211,10
13.0201702118,80.2626876831,72211,72221,10
13.0204601288,80.262840271,72221,72231,10
13.0209903717,80.2630004883,72231,72241,10
13.02161026,80.2632217407,72241,72251,10
13.0220298767,80.2634277344,72251,72261,10
13.0223903656,80.2636184692,72261,72271,10
13.0228300095,80.2638320923,72271,72282,11
13.0229597092,80.2639083862,72282,72292,10
13.0230703354,80.2640075684,72292,72302,10
13.0234003067,80.2641983032,72302,72312,10
13.0238399506,80.2644195557,72312,72322,10
13.0244703293,80.2648391724,72322,72332,10
13.024939537,80.2651901245,72332,72342,10
13.0253601074,80.2654571533,72342,72352,10
13.0258302689,80.2657699585,72352,72362,10
13.0260601044,80.2658691406,72362,72372,10
13.0261697769,80.2659225464,72372,72383,11
13.026309967,80.2657089233,72383,72393,10
13.0263299942,80.2652511597,72393,72403,10
13.0263996124,80.2646408081,72403,72413,10
13.0264701843,80.2640609741,72413,72423,10
13.0264797211,80.2640304565,72423,72433,10
13.0265302658,80.2637405396,72433,72443,10
13.0266599655,80.2634811401,72443,72453,10
13.027130127,80.2635726929,72453,72463,10
13.027759552,80.2636795044,72463,72473,10
13.0282297134,80.2638092041,72473,72484,11
13.0282402039,80.2638168335,72484,72494,10
13.0285196304,80.2639007568,72494,72504,10
13.028960228,80.2640380859,72504,72514,10
13.0292797089,80.2642669678,72514,72524,10
13.0292596817,80.2647399902,72524,72534,10
13.0292301178,80.2653579712,72534,72544,10
13.0292100906,80.2659378052,72544,72554,10
13.0291996002,80.2660217285,72554,72564,10
13.0291595459,80.2662277222,72564,72574,10
13.0291595459,80.2665481567,72574,72585,11
13.0294504166,80.2666397095,72585,72595,10
13.0299196243,80.2666778564,72595,72605,10
13.0305995941,80.2667694092,72605,72614,9
13.0312700272,80.266960144,72614,72625,11
13.0320301056,80.2673034668,72625,72635,10
13.0325498581,80.267578125,72635,72645,10
13.0329399109,80.2677764893,72645,72655,10
13.033370018,80.2678909302,72655,72665,10
13.0333795547,80.2678909302,72665,72675,10
13.0334796906,80.267906189,72675,72686,11
13.033949852,80.2680130005,72686,72696,10
13.0344400406,80.2680435181,72696,72706,10
13.0345401764,80.2681121826,72706,72716,10
13.0343999863,80.2682037354,72716,72787,71
13.0343999863,80.2682037354,72787,72797,10
13.0340900421,80.2680435181,72797,72807,10
13.0337400436,80.2679595947,72807,72817,10
13.0333404541,80.2678909302,72817,72827,10
13.0332298279,80.267868042,72827,72837,10
13.0331802368,80.2678070068,72837,72847,10
13.0327997208,80.2677383423,72847,72857,10
13.0325098038,80.2675323486,72857,72867,10
13.0320901871,80.2673110962,72867,72877,10
13.0314397812,80.267036438,72877,72888,11
13.0305595398,80.2668075562,72888,72898,10
13.0297002792,80.2667007446,72898,72918,20
13.0297002792,80.2667007446,72918,72928,10
13.0293397903,80.2666397095,72928,72938,10
13.0292701721,80.2666320801,72938,72948,10
13.0290298462,80.2664794922,72948,72958,10
13.0284996033,80.2663726807,72958,72968,10
13.0278100967,80.2662582397,72968,72978,10
13.0270004272,80.2661590576,72978,72989,11
13.0263395309,80.2660217285,72989,72999,10
13.0262699127,80.2659988403,72999,73009,10
13.026140213,80.2659835815,73009,73019,10
13.0258102417,80.2657928467,73019,73029,10
13.0253200531,80.2654800415,73029,73039,10
13.0251598358,80.26537323,73039,73049,10
13.0250501633,80.2652587891,73049,73059,10
13.0247402191,80.2649993896,73059,73069,10
13.0242900848,80.2646636963,73069,73079,10
13.023730278,80.2643432617,73079,73090,11
13.0230703354,80.2639923096,73090,73100,10
13.0225000381,80.2636489868,73100,73110,10
13.0220899582,80.2634811401,73110,73120,10
13.0219802856,80.263420105,73120,73130,10
13.0216197968,80.2632522583,73130,73140,10
13.0209999084,80.2630996704,73140,73150,10
13.0203104019,80.2630767822,73150,73160,10
13.0198802948,80.2630386353,73160,73170,10
13.0193195343,80.2630004883,73170,73180,10
13.0188999176,80.262878418,73180,73190,10
13.018819809,80.2623214722,73190,73201,11
13.0187101364,80.2615737915,73201,73211,10
13.0184001923,80.2612228394,73211,73221,10
13.0180301666,80.2609710693,73221,73231,10
13.0175895691,80.2606811523,73231,73241,10
13.0170202255,80.2602996826,73241,73251,10
13.0160198212,80.2597427368,73251,73271,20
13.0160198212,80.2597427368,73271,73281,10
13.0157299042,80.2595977783,73281,73291,10
13.0152597427,80.2594528198,73291,73302,11
13.0146198273,80.2593765259,73302,73312,10
13.0139799118,80.2593383789,73312,73322,10
13.0132398605,80.2593078613,73322,73332,10
13.0123901367,80.2592773438,73332,73342,10
13.0114297867,80.2592391968,73342,73352,10
13.0104999542,80.2592697144,73352,73362,10
13.0096302032,80.2592697144,73362,73372,10
13.0089502335,80.2592697144,73372,73382,10
13.0086803436,80.2592468262,73382,73392,10
13.0082798004,80.259262085,73392,73403,11
13.0076904297,80.2594223022,73403,73413,10
13.0071897507,80.2589035034,73413,73433,20
13.0071897507,80.2589035034,73433,73443,10
13.0070695877,80.2585906982,73443,73453,10
13.0068397522,80.2581787109,73453,73463,10
13.0065202713,80.2577209473,73463,73524,61
13.0065202713,80.2577209473,73524,73534,10
13.0064001083,80.257598877,73534,73544,10
13.006360054,80.2572631836,73544,73554,10
13.006360054,80.2568206787,73554,73564,10
13.0064096451,80.2560501099,73564,73574,10
13.0064201355,80.255279541,73574,73584,10
13.0064496994,80.2544326782,73584,73594,10
13.0064201355,80.2532196045,73594,73615,21
13.0064201355,80.2532196045,73615,73625,10
13.0064096451,80.2528686523,73625,73635,10
13.0064601898,80.2523269653,73635,73645,10
13.0065803528,80.2518234253,73645,73675,30
13.0065803528,80.2518234253,73675,73685,10
13.0066404343,80.2516784668,73685,73695,10
13.0066995621,80.2512435913,73695,73706,11
13.0066795349,80.2505264282,73706,73716,10
13.0066604614,80.2498168945,73716,73726,10
13.0066604614,80.2496566772,73726,73736,10
13.0066404343,80.2493286133,73736,73746,10
13.0066099167,80.2488021851,73746,73756,10
13.0065603256,80.2481765747,73756,73766,10
13.0065402985,80.2476806641,73766,73786,20
13.0065402985,80.2476806641,73786,73796,10
13.0065498352,80.247467041,73796,73807,11
13.0065002441,80.2466125488,73807,73827,20
13.0065002441,80.2466125488,73827,73837,10
13.0065603256,80.2463607788,73837,73847,10
13.0065498352,80.245880127,73847,73857,10
13.0065402985,80.2452163696,73857,73867,10
13.0065402985,80.2444992065,73867,73877,10
13.0065402985,80.2437133789,73877,73887,10
13.0064897537,80.243019104,73887,73897,10
13.006480217,80.2423477173,73897,73908,11
13.0064897537,80.2415084839,73908,73918,10
13.0065603256,80.2409591675,73918,73928,10
13.0066204071,80.240562439,73928,73938,10
13.0066995621,80.2400970459,73938,73948,10
13.0068397522,80.2394638062,73948,73958,10
13.0069904327,80.2387313843,73958,73968,10
13.0071296692,80.2379302979,73968,73978,10
13.0073099136,80.2369308472,73978,73998,20
13.0073099136,80.2369308472,73998,74009,11
13.007349968,80.2367706299,74009,74019,10
13.0074501038,80.2364501953,74019,74029,10
13.0075397491,80.236000061,74029,74039,10
13.0076599121,80.2354278564,74039,74049,10
13.0077896118,80.2347412109,74049,74059,10
13.0079498291,80.2340011597,74059,74069,10
13.0081195831,80.2330932617,74069,74079,10
13.0083303452,80.2320175171,74079,74089,10
13.0085601807,80.2308807373,74089,74099,10
13.0087795258,80.2297515869,74099,74110,11
13.0090303421,80.2285614014,74110,74120,10
13.0093603134,80.2276382446,74120,74130,10
13.0097703934,80.2267227173,74130,74140,10
13.0101299286,80.2259368896,74140,74150,10
13.0103797913,80.2253799438,74150,74160,10
13.0106096268,80.2249526978,74160,74170,10
13.0108203888,80.2244796753,74170,74180,10
13.0110797882,80.2239532471,74180,74190,10
13.0112400055,80.2235717773,74190,74200,10
13.0114002228,80.2231826782,74200,74211,11
13.0116195679,80.2225799561,74211,74221,10
13.0118598938,80.2218933105,74221,74231,10
13.0122299194,80.2215576172,74231,74241,10
13.0124597549,80.2218780518,74241,74251,10
13.0128097534,80.2223587036,74251,74261,10
13.013299942,80.2228469849,74261,74271,10
13.0138301849,80.2234191895,74271,74281,10
13.0143604279,80.2240829468,74281,74291,10
13.0151700974,80.2248001099,74291,74312,21
13.0151700974,80.2248001099,74312,74322,10
13.0153799057,80.2249679565,74322,74332,10
13.0155200958,80.2250823975,74332,74342,10
13.0155897141,80.2251586914,74342,74352,10
13.0159597397,80.2253799438,74352,74362,10
13.016579628,80.2253417969,74362,74372,10
13.0173301697,80.2250518799,74372,74382,10
13.0180797577,80.2247390747,74382,74392,10
13.0187501907,80.2244796753,74392,74402,10
13.0193500519,80.2244567871,74402,74412,10
13.0196800232,80.2245864868,74412,74423,11
13.0200996399,80.2249069214,74423,74433,10
13.0206098557,80.2252731323,74433,74443,10
13.0211200714,80.2256393433,74443,74453,10
13.0215597153,80.2259597778,74453,74463,10
13.0219402313,80.2262420654,74463,74473,10
13.0219497681,80.2262420654,74473,74483,10
13.0220403671,80.2263412476,74483,74493,10
13.022359848,80.2266387939,74493,74503,10
13.0228004456,80.2270584106,74503,74513,10
13.0233001709,80.2275238037,74513,74524,11
13.0238399506,80.2280502319,74524,74534,10
13.0241298676,80.2283401489,74534,74544,10
13.0242595673,80.2284393311,74544,74554,10
13.0244598389,80.2287368774,74554,74564,10
13.0247402191,80.2291717529,74564,74574,10
13.0251598358,80.2297134399,74574,74584,10
13.0256004333,80.2303390503,74584,74594,10
13.0258703232,80.2308578491,74594,74604,10
13.0259599686,80.2312316895,74604,74614,10
13.0262498856,80.2313766479,74614,74625,11
13.0269002914,80.2312011719,74625,74635,10
13.0276403427,80.2310333252,74635,74645,10
13.0281400681,80.23097229,74645,74655,10
13.0282497406,80.23097229,74655,74665,10
13.0286302567,80.2309265137,74665,74675,10
13.0291204453,80.2308807373,74675,74695,20
13.0291204453,80.2308807373,74695,74705,10
13.0293998718,80.2308578491,74705,74715,10
13.0298299789,80.2308273315,74715,74726,11
13.0302495956,80.2307662964,74726,74736,10
13.0304899216,80.230758667,74736,74746,10
13.03083992,80.2307281494,74746,74756,10
13.0314102173,80.230682373,74756,74766,10
13.0320901871,80.2306365967,74766,74776,10
13.0327796936,80.2305831909,74776,74786,10
13.033659935,80.2305297852,74786,74796,10
13.0340204239,80.2304763794,74796,74806,10
13.0343904495,80.2304077148,74806,74816,10
13.0348300934,80.2302780151,74816,74867,51
13.0348300934,80.2302780151,74867,74877,10
13.0350599289,80.2299880981,74877,74887,10
13.0347604752,80.2298965454,74887,74897,10
13.0343198776,80.2298202515,74897,74907,10
13.0341901779,80.2300033569,74907,75170,263
13.0341901779,80.2300033569,75170,75180,10
13.0341997147,80.2304534912,75180,75190,10
13.0340299606,80.2305374146,75190,75200,10
13.0338201523,80.2305221558,75200,75210,10
13.0334596634,80.2305526733,75210,75220,10
13.033370018,80.2305526733,75220,75231,11
13.032959938,80.2305831909,75231,75241,10
13.0324296951,80.2306137085,75241,75251,10
13.0318403244,80.230682373,75251,75261,10
13.0312404633,80.23072052,75261,75271,10
13.0308198929,80.2307662964,75271,75281,10
13.0306901932,80.2307815552,75281,75291,10
13.0303201675,80.2308120728,75291,75301,10
13.0298404694,80.2308731079,75301,75311,10
13.0295801163,80.2309188843,75311,75321,10
13.0294904709,80.2309188843,75321,75332,11
13.0290699005,80.2309570313,75332,75342,10
13.0285396576,80.2310409546,75342,75352,10
13.0279598236,80.2311096191,75352,75362,10
13.0276203156,80.2312011719,75362,75372,10
13.0276203156,80.231590271,75372,75382,10
13.0276699066,80.2321166992,75382,75392,10
13.0277996063,80.2327194214,75392,75402,10
13.0274295807,80.2329406738,75402,75412,10
13.0267801285,80.233039856,75412,75463,51
13.0267801285,80.233039856,75463,75473,10
13.0264701843,80.2330703735,75473,75483,10
13.026260376,80.2328796387,75483,75493,10
13.0261001587,80.2323989868,75493,75503,10
13.0259199142,80.2317276001,75503,75513,10
13.0257396698,80.2309494019,75513,75523,10
13.0253295898,80.2301177979,75523,75533,10
13.0244998932,80.2290802002,75533,75554,21
13.0244998932,80.2290802002,75554,75564,10
13.0242996216,80.2287979126,75564,75574,10
13.0239896774,80.2284622192,75574,75584,10
13.0239095688,80.2283630371,75584,75594,10
13.0238599777,80.228302002,75594,75604,10
13.023639679,80.2279968262,75604,75614,10
13.0232496262,80.2276229858,75614,75624,10
13.0227804184,80.2271575928,75624,75634,10
13.0222501755,80.2266769409,75634,75645,11
13.0215301514,80.2260818481,75645,75655,10
13.0208396912,80.2255325317,75655,75665,10
13.0201597214,80.2250900269,75665,75675,10
13.0194797516,80.2246322632,75675,75685,10
13.0185804367,80.2245788574,75685,75695,10
13.0176401138,80.2249832153,75695,75705,10
13.0167798996,80.2253494263,75705,75715,10
13.0161399841,80.2256011963,75715,75725,10
13.0155096054,80.2258071899,75725,75735,10
13.0148200989,80.2260971069,75735,75746,11
13.014289856,80.2263031006,75746,75756,10
13.0142803192,80.22631073,75756,75766,10
13.0140600204,80.2264022827,75766,75776,10
13.013589859,80.2265625,75776,75786,10
13.0129995346,80.2267913818,75786,75796,10
13.0123100281,80.2270507813,75796,75806,10
13.0115404129,80.2273483276,75806,75816,10
13.0106601715,80.2276992798,75816,75826,10
13.0097398758,80.2280807495,75826,75836,10
13.0090799332,80.2286911011,75836,75847,11
13.0088596344,80.2297973633,75847,75857,10
13.0086402893,80.2309036255,75857,75867,10
13.0084400177,80.2319717407,75867,75877,10
13.0082798004,80.2329406738,75877,75887,10
13.0082101822,80.233543396,75887,75897,10
13.0082101822,80.2335586548,75897,75907,10
13.0081501007,80.2337417603,75907,75917,10
13.0080900192,80.2340927124,75917,75927,10
13.0080003738,80.2346115112,75927,75937,10
13.0078496933,80.2353134155,75937,75948,11
13.0076799393,80.2361984253,75948,75958,10
13.0074901581,80.2371826172,75958,75968,10
13.0073099136,80.2380981445,75968,75978,10
13.0071601868,80.238861084,75978,75988,10
13.0070199966,80.2395324707,75988,75998,10
13.0068998337,80.2400817871,75998,76049,51
13.0068998337,80.2400817871,76049,76059,10
13.0069303513,80.2403717041,76059,76069,10
13.006819725,80.240737915,76069,76089,20
13.006819725,80.240737915,76089,76099,10
13.0067396164,80.2410812378,76099,76109,10
13.0066900253,80.2416610718,76109,76119,10
13.0066699982,80.2424163818,76119,76129,10
13.0066299438,80.2432785034,76129,76139,10
13.0066204071,80.2442016602,76139,76150,11
13.0066299438,80.2452316284,76150,76160,10
13.0066604614,80.2462081909,76160,76170,10
13.0066795349,80.247253418,76170,76180,10
13.0066795349,80.248260498,76180,76190,10
13.0067501068,80.2491226196,76190,76200,10
13.0068101883,80.2494812012,76200,76210,10
13.0068101883,80.2495269775,76210,76220,10
13.006819725,80.2499084473,76220,76230,10
13.0067996979,80.2504806519,76230,76240,10
13.0067901611,80.2511367798,76240,76251,11
13.0066604614,80.2519378662,76251,76261,10
13.0065097809,80.2527618408,76261,76271,10
13.0065202713,80.2537078857,76271,76281,10
13.0065498352,80.254699707,76281,76291,10
13.0065803528,80.2556304932,76291,76301,10
13.0065803528,80.256439209,76301,76311,10
13.0066204071,80.2572021484,76311,76331,20
13.0066204071,80.2572021484,76331,76341,10
13.0066404343,80.2573623657,76341,76352,11
13.0067396164,80.2577819824,76352,76362,10
13.0070199966,80.2582778931,76362,76372,10
13.0074100494,80.2586364746,76372,76382,10
13.0075702667,80.2587203979,76382,76392,10
13.0078001022,80.2588195801,76392,76402,10
13.0081396103,80.2589416504,76402,76412,10
13.0086202621,80.2590789795,76412,76422,10
13.0092802048,80.2591094971,76422,76432,10
13.0101003647,80.2591171265,76432,76442,10
13.0110397339,80.2591171265,76442,76453,11
13.0121202469,80.2591094971,76453,76463,10
13.0131902695,80.259147644,76463,76473,10
13.0143003464,80.2592010498,76473,76483,10
13.0152301788,80.2592391968,76483,76492,9
13.0163202286,80.2596588135,76492,76513,21
13.0163202286,80.2596588135,76513,76523,10
13.016579628,80.2598724365,76523,76533,10
13.0170497894,80.2602005005,76533,76543,10
13.0176200867,80.260597229,76543,76554,11
13.0183601379,80.261100769,76554,76564,10
13.0190696716,80.2616729736,76564,76574,10
13.0197401047,80.262298584,76574,76584,10
13.0202302933,80.2627105713,76584,76594,10
13.0203199387,80.2627716064,76594,76604,10
13.0207796097,80.2629089355,76604,76614,10
13.0213603973,80.2630996704,76614,76624,10
13.0218801498,80.2633132935,76624,76634,10
13.0221595764,80.2634429932,76634,76644,10
13.0225801468,80.2636566162,76644,76655,11
13.0229701996,80.2638931274,76655,76665,10
13.023059845,80.2639465332,76665,76675,10
13.0233898163,80.2641372681,76675,76685,10
13.023900032,80.2643966675,76685,76695,10
13.0245399475,80.264831543,76695,76705,10
13.0251903534,80.2653198242,76705,76715,10
13.025759697,80.2656936646,76715,76725,10
13.0262203217,80.2658920288,76725,76735,10
13.0263395309,80.2653808594,76735,76745,10
13.0263996124,80.2647171021,76745,76756,11
13.0264596939,80.2640762329,76756,76766,10
13.0264797211,80.2639923096,76766,76776,10
13.0265197754,80.2636566162,76776,76786,10
13.02684021,80.2633972168,76786,76796,10
13.0274200439,80.2635192871,76796,76806,10
13.0280799866,80.2637176514,76806,76816,10
13.0283002853,80.2637863159,76816,76826,10
13.0286903381,80.2638778687,76826,76836,10
13.0291996002,80.2640228271,76836,76846,10
13.0292596817,80.2644195557,76846,76857,11
13.0292396545,80.2650985718,76857,76867,10
13.0292396545,80.2657928467,76867,76877,10
13.0292196274,80.2659835815,76877,76887,10
13.0291795731,80.2661972046,76887,76897,10
13.0292596817,80.2665481567,76897,76907,10
13.029709816,80.2666015625,76907,76917,10
13.0303201675,80.2666931152,76917,76927,10
13.0310001373,80.2668304443,76927,76937,10
13.0316495895,80.2670593262,76937,76947,10
13.0322399139,80.267326355,76947,76958,11
13.032790184,80.2676620483,76958,76968,10
13.0333499908,80.267791748,76968,76978,10
13.0333795547,80.2677993774,76978,76988,10
13.0335597992,80.2678604126,76988,76998,10
13.0340003967,80.2679595947,76998,77008,10
13.0345096588,80.2679977417,77008,77028,20
13.0345096588,80.2679977417,77028,77038,10
13.0344400406,80.268157959,77038,77069,31
13.0344400406,80.268157959,77069,77079,10
13.0342702866,80.2680587769,77079,77089,10
13.0338602066,80.2679672241,77089,77099,10
13.0332403183,80.2678527832,77099,77109,10
13.0326795578,80.2677001953,77109,77119,10
13.0325899124,80.2676010132,77119,77129,10
13.0323400497,80.2674179077,77129,77139,10
13.0318098068,80.2671890259,77139,77149,10
13.031129837,80.2669830322,77149,77159,10
13.0302696228,80.2668075562,77159,77170,11
13.0297298431,80.266708374,77170,77180,10
13.029419899,80.2666397095,77180,77190,10
13.0290203094,80.266456604,77190,77200,10
13.0286903381,80.2663803101,77200,77210,10
13.0281600952,80.2662811279,77210,77220,10
13.0275297165,80.2661972046,77220,77230,10
13.0269203186,80.2661209106,77230,77240,10
13.0263204575,80.2660369873,77240,77604,364
13.0263204575,80.2660369873,77604,77614,10
13.0261201859,80.2660217285,77614,77624,10
13.0260400772,80.266242981,77624,77634,10
13.0261898041,80.2664413452,77634,77735,101
13.0261898041,80.2664413452,77735,77745,10
13.0263996124,80.266418457,77745,77856,111
13.0263996124,80.266418457,77856,77866,10
13.0265302658,80.266418457,77866,77877,11
13.0263900757,80.2662582397,77877,77887,10
13.0261297226,80.2663269043,77887,77907,20
13.0261297226,80.2663269043,77907,77917,10
13.0258798599,80.2665710449,77917,77927,10
13.0257101059,80.2669067383,77927,77937,10
