13.011879921,80.2130126953,18,29339,29321
13.011879921,80.2130126953,29339,29348,9
13.0683002472,80.2052612305,29348,29359,11
13.0681400299,80.2050704956,29359,29369,10
13.0682401657,80.2051773071,29369,29379,10
13.0682296753,80.2053604126,29379,29389,10
13.0682601929,80.2052383423,29389,29399,10
13.0682601929,80.2052078247,29399,29409,10
13.0683002472,80.2051696777,29409,29419,10
13.0683002472,80.205116272,29419,29429,10
13.06828022,80.2051391602,29429,29693,264
13.0682401657,80.2052078247,29693,31115,1422
13.0682401657,80.2052078247,31115,31125,10
13.0679597855,80.205039978,31125,31136,11
13.068189621,80.2049484253,31136,31146,10
13.0683603287,80.2049179077,31146,31156,10
13.0685100555,80.2048492432,31156,31166,10
13.0685796738,80.2048187256,31166,31176,10
13.0687599182,80.2047729492,31176,31186,10
13.0691003799,80.2046966553,31186,31196,10
13.069560051,80.2047576904,31196,31216,20
13.069560051,80.2047576904,31216,31226,10
13.0697002411,80.2048110962,31226,31236,10
13.0697898865,80.2048568726,31236,31247,11
13.0698204041,80.205291748,31247,31257,10
13.0694599152,80.2058334351,31257,31266,9
13.0690898895,80.2063980103,31266,31277,11
13.0686302185,80.2071380615,31277,31286,9
13.06828022,80.2077331543,31286,31296,10
13.0679798126,80.2083129883,31296,31307,11
13.0677995682,80.2086486816,31307,31317,10
13.0676298141,80.2089385986,31317,31327,10
13.0672998428,80.2094726563,31327,31337,10
13.0667896271,80.2099914551,31337,31347,10
13.0660600662,80.2105178833,31347,31358,11
13.065369606,80.211151123,31358,31368,10
13.0652503967,80.2112426758,31368,31378,10
13.0652103424,80.2113113403,31378,31388,10
13.0648803711,80.21144104,31388,31398,10
13.0643100739,80.2116622925,31398,31408,10
13.0640802383,80.2117233276,31408,31418,10
13.0639400482,80.211730957,31418,31428,10
13.0635995865,80.211730957,31428,31438,10
13.0630598068,80.2117614746,31438,31448,10
13.0624198914,80.2117767334,31448,31458,10
13.0616397858,80.2117462158,31458,31469,11
13.0607595444,80.2117385864,31469,31478,9
13.0600595474,80.2117233276,31478,31489,11
13.0591497421,80.2116775513,31489,31499,10
13.0585699081,80.2116622925,31499,31509,10
13.0579595566,80.2116394043,31509,31519,10
13.0577096939,80.2116394043,31519,31529,10
13.0576200485,80.2116775513,31529,31539,10
13.0572595596,80.2116928101,31539,31549,10
13.0566797256,80.2117004395,31549,31559,10
13.0559797287,80.2116622925,31559,31569,10
13.0552101135,80.2116317749,31569,31580,11
13.0546503067,80.2115707397,31580,31590,10
13.0546102524,80.2115631104,31590,31600,10
13.0544595718,80.2118225098,31600,31610,10
13.0544099808,80.2117233276,31610,31620,10
13.0539197922,80.2117462158,31620,31630,10
13.0532302856,80.2118988037,31630,31640,10
13.0524997711,80.212097168,31640,31650,10
13.0517997742,80.2122573853,31650,31660,10
13.0511198044,80.2122802734,31660,31670,10
13.0502996445,80.2122268677,31670,31741,71
13.0502996445,80.2122268677,31741,31751,10
13.0499200821,80.2122192383,31751,31761,10
13.0495996475,80.2121887207,31761,31771,10
13.0495796204,80.2121810913,31771,31781,10
13.0494699478,80.2121276855,31781,31791,10
13.0491104126,80.2121505737,31791,31802,11
13.0487604141,80.2121887207,31802,31812,10
13.0483198166,80.2122268677,31812,31822,10
13.0476999283,80.2122879028,31822,31832,10
13.0469398499,80.2123413086,31832,31842,10
13.0460300446,80.2123565674,31842,31852,10
13.0451002121,80.2124023438,31852,31862,10
13.0443201065,80.2124176025,31862,31872,10
13.0436296463,80.2123794556,31872,31882,10
13.0427904129,80.2123794556,31882,31892,10
13.0418596268,80.2124176025,31892,31902,10
13.0409202576,80.2123794556,31902,31913,11
13.0399503708,80.2123794556,31913,31923,10
13.0391101837,80.2124328613,31923,31933,10
13.0382604599,80.212387085,31933,31943,10
13.0380802155,80.212348938,31943,31953,10
13.0376596451,80.212348938,31953,31963,10
13.0371398926,80.2123565674,31963,31973,10
13.0364599228,80.2123565674,31973,31983,10
13.0356903076,80.2123413086,31983,31993,10
13.0351800919,80.2122879028,31993,32013,20
13.0351800919,80.2122879028,32013,32024,11
13.0349397659,80.2121887207,32024,32034,10
13.0345201492,80.2121429443,32034,32044,10
13.0342197418,80.2121124268,32044,32054,10
13.0341300964,80.2120666504,32054,32064,10
13.0338602066,80.212059021,32064,32074,10
13.0335197449,80.2119598389,32074,32084,10
13.0329704285,80.2118606567,32084,32094,10
13.0322599411,80.2117614746,32094,32103,9
13.0319795609,80.2114028931,32103,32113,10
13.0320501328,80.2107162476,32113,32124,11
13.0320901871,80.210067749,32124,32135,11
13.0320997238,80.2100296021,32135,32145,10
13.0321302414,80.2098617554,32145,32155,10
13.0320100784,80.2096176147,32155,32165,10
13.0316095352,80.2095413208,32165,32205,40
13.0316095352,80.2095413208,32205,32215,10
13.0312795639,80.2095870972,32215,32225,10
13.0306301117,80.2093429565,32225,32272,47
13.0306301117,80.2093429565,32272,32284,12
13.0303001404,80.2092208862,32284,32294,10
13.0297498703,80.209022522,32294,32314,20
13.0297498703,80.209022522,32314,32324,10
13.0295095444,80.2089080811,32324,32334,10
13.0290498734,80.2088165283,32334,32344,10
13.0282802582,80.2085876465,32344,32354,10
13.0275402069,80.2082824707,32354,32366,12
13.0266504288,80.2077407837,32366,32376,10
13.0258903503,80.2072982788,32376,32386,10
13.0249900818,80.2070388794,32386,32396,10
13.0243701935,80.2069168091,32396,32406,10
13.0242595673,80.2069015503,32406,32416,10
13.0240497589,80.2068481445,32416,32426,10
13.0236101151,80.2067184448,32426,32436,10
13.0230102539,80.2066192627,32436,32446,10
13.0222902298,80.206489563,32446,32456,10
13.0215797424,80.2064819336,32456,32467,11
13.0208101273,80.2064666748,32467,32477,10
13.0202302933,80.2065124512,32477,32487,10
13.0198802948,80.2065429688,32487,32497,10
13.0198202133,80.2065124512,32497,32507,10
13.0196399689,80.2064437866,32507,32517,10
13.0193300247,80.206413269,32517,32547,30
13.0193300247,80.206413269,32547,32557,10
13.0188798904,80.2063217163,32557,32578,21
13.0188798904,80.2063217163,32578,32588,10
13.0187301636,80.2062606812,32588,32598,10
13.0183696747,80.2061233521,32598,32618,20
13.0183696747,80.2061233521,32618,32628,10
13.0181598663,80.2060394287,32628,32638,10
13.0179796219,80.2059783936,32638,32648,10
13.0177898407,80.2058868408,32648,32658,10
13.0176200867,80.2058105469,32658,32668,10
13.0172595978,80.2056808472,32668,32678,10
13.0170602798,80.205619812,32678,32689,11
13.0165500641,80.2054672241,32689,32699,10
13.0158901215,80.2052001953,32699,32709,10
13.0151395798,80.2049407959,32709,32719,10
13.0144500732,80.2046966553,32719,32729,10
13.0142002106,80.2045974731,32729,32739,10
13.0141801834,80.2045822144,32739,32749,10
13.013710022,80.2044219971,32749,32789,40
13.013710022,80.2044219971,32789,32800,11
13.0136003494,80.2045593262,32800,32810,10
13.0135698318,80.2047195435,32810,32820,10
13.013420105,80.2051391602,32820,32830,10
13.0132398605,80.2057723999,32830,32840,10
13.0130701065,80.2065505981,32840,32850,10
13.0129995346,80.207359314,32850,32860,10
13.0129299164,80.2078094482,32860,32870,10
13.0129003525,80.2082595825,32870,32880,10
13.0129003525,80.2085800171,32880,32890,10
13.0129404068,80.2090301514,32890,32900,10
13.0131998062,80.2096405029,32900,32911,11
13.0131902695,80.2100830078,32911,32921,10
13.0130701065,80.2108383179,32921,32931,10
13.0127601624,80.211479187,32931,32941,10
13.012430191,80.212059021,32941,32951,10
13.0121002197,80.2125320435,32951,32961,10
13.011879921,80.2127685547,32961,32971,10
13.0116195679,80.212638855,32971,32981,10
13.0111999512,80.2123413086,32981,32991,10
13.0107803345,80.2120132446,32991,33001,10
13.0106801987,80.2119293213,33001,33011,10
13.0103597641,80.211730957,33011,33022,11
13.0100402832,80.2114486694,33022,33032,10
13.0097904205,80.2112731934,33032,33042,10
13.0095396042,80.2110900879,33042,33072,30
13.0095396042,80.2110900879,33072,33082,10
13.0092897415,80.2111206055,33082,33102,20
13.0092897415,80.2111206055,33102,33112,10
13.0091104507,80.2114181519,33112,33122,10
13.0090799332,80.2116165161,33122,33132,10
13.0091104507,80.2118682861,33132,33143,11
13.0091695786,80.2121200562,33143,33153,10
13.0092601776,80.2123794556,33153,33163,10
13.0094003677,80.2128219604,33163,33173,10
13.0095701218,80.2132492065,33173,33183,10
13.0097703934,80.2137985229,33183,33193,10
13.0100402832,80.2144088745,33193,33203,10
13.0101995468,80.2151184082,33203,33213,10
13.0103197098,80.2158584595,33213,33223,10
13.0106296539,80.2165603638,33223,33233,10
13.0109596252,80.2171630859,33233,33243,10
13.0112600327,80.2178268433,33243,33254,11
13.011590004,80.2187805176,33254,33264,10
13.0119104385,80.2197189331,33264,33274,10
13.0122003555,80.2206878662,33274,33284,10
13.0123500824,80.221282959,33284,33294,10
13.0123996735,80.2215118408,33294,33304,10
13.0126800537,80.2219772339,33304,33314,10
13.0131196976,80.2225189209,33314,33324,10
13.0136804581,80.2230987549,33324,33334,10
13.0140399933,80.2235031128,33334,33344,10
13.0141801834,80.2236785889,33344,33354,10
13.014380455,80.224029541,33354,33365,11
13.0149202347,80.2246170044,33365,33375,10
13.0150995255,80.2247772217,33375,33385,10
13.0153799057,80.2250595093,33385,33415,30
13.0153799057,80.2250595093,33415,33425,10
13.0154895782,80.225440979,33425,33435,10
13.015250206,80.2258377075,33435,33445,10
13.014670372,80.2260513306,33445,33455,10
13.0140104294,80.2263183594,33455,33465,10
13.0132799149,80.2266082764,33465,33476,11
13.0123996735,80.2269592285,33476,33486,10
13.0115699768,80.2272796631,33486,33496,10
13.0106897354,80.2276306152,33496,33506,10
13.0098495483,80.2279281616,33506,33516,10
13.0095396042,80.2275085449,33516,33526,10
13.0098304749,80.2269134521,33526,33536,10
13.0101299286,80.2262115479,33536,33546,10
13.0103998184,80.2254562378,33546,33556,10
13.0106801987,80.2248764038,33556,33565,9
13.0107803345,80.2246704102,33565,33576,11
13.0111503601,80.2237472534,33576,33597,21
13.0111503601,80.2237472534,33597,33607,10
13.0111999512,80.2235565186,33607,33617,10
13.0112400055,80.2235031128,33617,33627,10
13.0113801956,80.223197937,33627,33637,10
13.0115699768,80.2226715088,33637,33647,10
13.0118703842,80.2219696045,33647,33657,10
13.0120897293,80.2214126587,33657,33667,10
13.012169838,80.2210617065,33667,33677,10
13.0119495392,80.2205963135,33677,33693,16
13.0115499496,80.21925354,33693,33706,13
13.0111598969,80.2180023193,33706,33716,10
13.010890007,80.217338562,33716,33726,10
13.0104503632,80.2163772583,33726,33736,10
13.0100603104,80.2156600952,33736,33745,9
13.0097398758,80.2150192261,33745,33756,11
13.0093297958,80.2144927979,33756,33766,10
13.0089797974,80.2140197754,33766,33776,10
13.0088996887,80.2141189575,33776,33786,10
13.008769989,80.2137374878,33786,33796,10
13.0088396072,80.2135696411,33796,33806,10
13.0087203979,80.2134094238,33806,33817,11
13.0086898804,80.2132797241,33817,33827,10
13.0085401535,80.2133636475,33827,33837,10
13.008600235,80.2136306763,33837,33857,20
13.008600235,80.2136306763,33857,33867,10
13.0085601807,80.2135009766,33867,33877,10
13.0085201263,80.2135009766,33877,33887,10
13.008310318,80.2133712769,33887,33907,20
13.008310318,80.2133712769,33907,33918,11
13.0081596375,80.2133407593,33918,33928,10
13.008099556,80.213218689,33928,33948,20
13.0080404282,80.213142395,33948,33988,40
13.0080404282,80.213142395,33988,33998,10
13.005979538,80.2128219604,33998,34008,10
13.0056695938,80.212928772,34008,34018,10
13.0051202774,80.2125473022,34018,34029,11
13.0045204163,80.2123794556,34029,34039,10
13.0038099289,80.2119293213,34039,34049,10
13.003780365,80.2114486694,34049,34059,10
13.0037002563,80.2109375,34059,34069,10
13.0036897659,80.2103500366,34069,34079,10
13.0038204193,80.209602356,34079,34109,30
13.0038204193,80.209602356,34109,34119,10
13.0022697449,80.2086791992,34119,34129,10
13.0017004013,80.2080612183,34129,34150,21
13.0017004013,80.2080612183,34150,34160,10
13.0004196167,80.2071533203,34160,34171,11
12.9998703003,80.2074203491,34171,34181,10
12.9996795654,80.2075424194,34181,34191,10
12.9990596771,80.207611084,34191,34201,10
12.9989995956,80.2078399658,34201,34211,10
12.9987401962,80.2075195313,34211,34221,10
12.9983997345,80.2074966431,34221,34231,10
12.9981803894,80.2080078125,34231,34252,21
12.9981803894,80.2080078125,34252,34262,10
12.9982204437,80.2088775635,34262,34272,10
12.9981403351,80.2093963623,34272,34302,30
12.9981403351,80.2093963623,34302,34312,10
12.9974803925,80.2105026245,34312,34322,10
12.9973697662,80.2105102539,34322,34474,152
12.9973697662,80.2105102539,34474,34484,10
12.9918403625,80.2098464966,34484,34494,10
12.9911804199,80.2097167969,34494,34504,10
12.9911603928,80.2096405029,34504,34514,10
12.990819931,80.2096176147,34514,34524,10
12.9906902313,80.2096176147,34524,34540,16
12.9901895523,80.2099761963,34540,34572,32
12.9901895523,80.2099761963,34572,34583,11
12.9901399612,80.211151123,34583,34593,10
12.9901800156,80.2119064331,34593,34653,60
12.9901800156,80.2119064331,34653,34663,10
12.9888601303,80.2149810791,34663,34673,10
12.9880895615,80.2153167725,34673,34683,10
12.9877195358,80.2160568237,34683,34724,41
12.9877195358,80.2160568237,34724,34734,10
12.9870500565,80.2182617188,34734,34744,10
12.9868202209,80.2182006836,34744,34754,10
12.9867401123,80.2181777954,34754,34764,10
12.9857196808,80.2179412842,34764,34774,10
12.9848098755,80.2179336548,34774,34784,10
12.9840898514,80.217956543,34784,34794,10
12.9839601517,80.2179412842,34794,34805,11
12.9839496613,80.2179412842,34805,34815,10
12.98320961,80.2180328369,34815,34825,10
12.9824895859,80.2179031372,34825,34835,10
12.981470108,80.2179031372,34835,34944,109
12.981470108,80.2179031372,34944,34954,10
12.9756002426,80.2208480835,34954,34974,20
12.9757204056,80.2209625244,34974,35025,51
12.9757204056,80.2209625244,35025,35035,10
12.9757003784,80.2208480835,35035,35045,10
12.9763498306,80.2216796875,35045,35125,80
12.9763498306,80.2216796875,35125,35135,10
12.9758796692,80.2211227417,35135,35146,11
12.9758996964,80.2211380005,35146,35156,10
12.9759302139,80.2210998535,35156,35166,10
12.9758796692,80.2211608887,35166,35186,20
12.9758796692,80.2211608887,35186,35196,10
12.9758996964,80.2212600708,35196,35206,10
12.9758796692,80.2210769653,35206,35247,41
12.9756803513,80.2208709717,35247,35307,60
12.9756803513,80.2208709717,35307,35317,10
12.9761600494,80.2199401855,35317,35368,51
12.9761600494,80.2199401855,35368,35378,10
12.9759998322,80.2200164795,35378,35388,10
12.975979805,80.2205886841,35388,35711,323
12.975979805,80.2205886841,35711,35721,10
12.9758996964,80.2211380005,35721,35741,20
12.9758996964,80.2211380005,35741,35751,10
12.9760704041,80.2215118408,35751,35761,10
12.9761800766,80.2219161987,35761,35771,10
12.9767398834,80.2223129272,35771,35781,10
12.9769897461,80.2227020264,35781,35801,20
12.9767599106,80.2227401733,35801,35822,21
12.9767599106,80.2227401733,35822,35832,10
12.9774599075,80.2224731445,35832,35842,10
12.9775800705,80.2225418091,35842,35852,10
12.9777803421,80.2224884033,35852,35862,10
12.9774799347,80.2217178345,35862,35872,10
12.9774398804,80.221282959,35872,35882,10
12.9775400162,80.2211074829,35882,35892,10
12.9769201279,80.221282959,35892,35902,10
12.976360321,80.221282959,35902,35912,10
12.9759397507,80.2212219238,35912,35923,11
12.9757499695,80.2210388184,35923,35933,10
12.9754695892,80.2207794189,35933,35993,60
12.9754695892,80.2207794189,35993,36003,10
12.9754495621,80.2205276489,36003,36013,10
12.9756803513,80.2202911377,36013,36023,10
12.9760599136,80.2200698853,36023,36034,11
12.9765996933,80.2197875977,36034,36043,9
12.9772195816,80.219543457,36043,36054,11
12.9782600403,80.2191162109,36054,36064,10
12.9787797928,80.2189865112,36064,36074,10
12.9794397354,80.2187271118,36074,36084,10
12.9801502228,80.2183990479,36084,36094,10
12.9807901382,80.2181777954,36094,36104,10
12.9816198349,80.217880249,36104,36114,10
12.9823799133,80.2178115845,36114,36124,10
12.9829902649,80.2177963257,36124,36134,10
12.9836997986,80.2178192139,36134,36145,11
12.9837398529,80.2178421021,36145,36155,10
12.9840698242,80.217880249,36155,36165,10
12.9846496582,80.2178573608,36165,36175,10
12.9855604172,80.2178497314,36175,36185,10
12.9866104126,80.2180404663,36185,36194,9
12.9873800278,80.2181472778,36194,36205,11
12.9874200821,80.2181625366,36205,36215,10
12.9875602722,80.2181167603,36215,36225,10
12.9877595901,80.2174072266,36225,36235,10
12.9879598618,80.2167282104,36235,36245,10
12.9882602692,80.2160797119,36245,36255,10
12.9886598587,80.2154998779,36255,36266,11
12.988940239,80.2150421143,36266,36276,10
12.9892597198,80.2145614624,36276,36286,10
12.9894399643,80.2139434814,36286,36296,10
12.9895000458,80.2134933472,36296,36306,10
12.9896202087,80.2130737305,36306,36316,10
12.9897298813,80.2125396729,36316,36326,10
12.9898195267,80.2121734619,36326,36336,10
12.9899396896,80.212059021,36336,36346,10
12.9900398254,80.2117004395,36346,36356,10
12.9901304245,80.2110595703,36356,36367,11
12.9902496338,80.2106781006,36367,36377,10
12.9903497696,80.2103118896,36377,36387,10
12.9904203415,80.2100982666,36387,36397,10
12.990480423,80.2099075317,36397,36407,10
12.9905395508,80.2096481323,36407,36417,10
12.9906597137,80.2095718384,36417,36427,10
12.9909601212,80.2096099854,36427,36437,10
12.9912900925,80.2096633911,36437,36447,10
12.9916200638,80.2097473145,36447,36457,10
12.9921197891,80.2098007202,36457,36467,10
12.9926395416,80.2098464966,36467,36477,10
12.9930295944,80.2099533081,36477,36488,11
12.9933099747,80.2100296021,36488,36498,10
12.9934997559,80.2100372314,36498,36508,10
12.9937400818,80.2100830078,36508,36518,10
12.994099617,80.2101135254,36518,36528,10
12.9944000244,80.2101669312,36528,36538,10
12.9948701859,80.2101974487,36538,36548,10
12.9953098297,80.2102279663,36548,36558,10
12.9957199097,80.2102890015,36558,36568,10
12.9961500168,80.210319519,36568,36578,10
12.9964399338,80.210357666,36578,36588,10
12.9968996048,80.2104110718,36588,36599,11
12.9972295761,80.2104415894,36599,36609,10
12.997300148,80.2104873657,36609,36619,10
12.9972200394,80.2107467651,36619,36629,10
12.9971399307,80.2112197876,36629,36639,10
12.9970798492,80.2118301392,36639,36649,10
12.9970197678,80.2122116089,36649,36659,10
12.9969902039,80.2125015259,36659,36669,10
12.9968795776,80.2131271362,36669,36689,20
12.9968795776,80.2131271362,36689,36700,11
12.9966602325,80.2145233154,36700,36710,10
12.9963998795,80.2151031494,36710,36720,10
12.9962902069,80.2155838013,36720,36730,10
12.9962396622,80.2160568237,36730,36740,10
12.9960803986,80.2165908813,36740,36750,10
12.9961500168,80.2166137695,36750,36760,10
12.9962596893,80.2167510986,36760,36770,10
12.9973297119,80.2163314819,36770,36780,10
12.9975299835,80.2160873413,36780,36790,10
12.9974899292,80.2161026001,36790,36800,10
12.9974603653,80.2161331177,36800,36810,10
12.9977502823,80.2159729004,36810,36821,11
12.9981899261,80.2155227661,36821,36831,10
12.998749733,80.2150497437,36831,36841,10
12.9991798401,80.2146682739,36841,36851,10
12.9994401932,80.2143783569,36851,36861,10
12.9998397827,80.2140579224,36861,36871,10
13.0003204346,80.2136688232,36871,36881,10
13.0006904602,80.213180542,36881,36891,10
13.0012397766,80.212890625,36891,36901,10
13.0017595291,80.2125473022,36901,36911,10
13.0024404526,80.2121429443,36911,36921,10
13.0029497147,80.2120513916,36921,36932,11
13.0035295486,80.212059021,36932,36942,10
13.0038700104,80.2117919922,36942,36952,10
13.0041704178,80.2115783691,36952,36962,10
13.0037899017,80.2118301392,36962,36972,10
13.0037603378,80.2114028931,36972,36982,10
13.0036897659,80.2108612061,36982,36992,10
13.0036401749,80.2103424072,36992,37002,10
13.003490448,80.2095565796,37002,37012,10
13.003660202,80.2089004517,37012,37022,10
13.004119873,80.2086334229,37022,37038,16
13.0052404404,80.2091522217,37038,37051,13
13.0059604645,80.2093887329,37051,37059,8
13.0063495636,80.2095718384,37059,37070,11
13.0066900253,80.2099685669,37070,37081,11
13.0071201324,80.2097702026,37081,37090,9
13.0073099136,80.2097396851,37090,37100,10
13.0073003769,80.2096862793,37100,37121,21
13.0073003769,80.2096862793,37121,37131,10
13.0076398849,80.2098236084,37131,37141,10
13.0080604553,80.2098770142,37141,37151,10
13.0082397461,80.2098388672,37151,37162,11
13.0076704025,80.2089614868,37162,37222,60
13.0076704025,80.2089614868,37222,37232,10
13.0075502396,80.2045593262,37232,37242,10
13.0074701309,80.2039413452,37242,37253,11
13.0073900223,80.2033309937,37253,37263,10
13.0073604584,80.2030029297,37263,37273,10
13.0068597794,80.2026062012,37273,37283,10
13.0066204071,80.2033462524,37283,37293,10
13.0072402954,80.2036209106,37293,37303,10
13.0078496933,80.2039031982,37303,37313,10
13.0084695816,80.2041778564,37313,37323,10
13.0102500916,80.2033996582,37323,37333,10
13.012049675,80.2038269043,37333,37353,20
13.012049675,80.2038269043,37353,37363,10
13.0136003494,80.2041168213,37363,37379,16
13.0141296387,80.2042388916,37379,37412,33
13.0141296387,80.2042388916,37412,37421,9
13.0151395798,80.2046432495,37421,37432,11
13.0151195526,80.2046737671,37432,37441,9
13.0165395737,80.2044219971,37441,37452,11
13.0166397095,80.2050933838,37452,37462,10
13.0171203613,80.2051773071,37462,37472,10
13.0175800323,80.2055206299,37472,37482,10
13.0179700851,80.2056427002,37482,37493,11
13.0188503265,80.2057418823,37493,37503,10
13.0187997818,80.2058410645,37503,37513,10
13.0189399719,80.2057800293,37513,37523,10
13.0189504623,80.2057723999,37523,37533,10
13.019610405,80.2064437866,37533,37543,10
13.0206203461,80.2063522339,37543,37553,10
13.0214395523,80.2063064575,37553,37563,10
13.0221004486,80.2062072754,37563,37594,31
13.0241804123,80.206489563,37594,37624,30
13.0241804123,80.206489563,37624,37634,10
13.0257301331,80.2071380615,37634,37644,10
13.0264997482,80.2075271606,37644,37654,10
13.0273399353,80.208190918,37654,37664,10
13.0283298492,80.2085494995,37664,37674,10
13.0295600891,80.2091522217,37674,38792,1118
13.0295600891,80.2091522217,38792,38802,10
13.0682601929,80.2051391602,38802,38812,10
13.0682001114,80.2052764893,38812,38853,41
13.0682001114,80.2052764893,38853,38863,10
13.0681495667,80.2052078247,38863,38933,70
13.0681400299,80.2051086426,38933,39468,535
13.0680704117,80.2052230835,39468,40326,858
13.0681200027,80.2051925659,40326,40628,302
13.0681200027,80.2051925659,40628,40638,10
13.0679197311,80.2052230835,40638,40679,41
13.0679197311,80.2052230835,40679,40689,10
13.0678901672,80.2050704956,40689,40699,10
13.0680103302,80.2049865723,40699,40709,10
13.0681695938,80.2049636841,40709,40719,10
13.0683097839,80.2049407959,40719,40729,10
13.0685195923,80.2048873901,40729,40739,10
13.0687503815,80.2048187256,40739,40749,10
13.0689897537,80.2047424316,40749,40760,11
13.069319725,80.2047424316,40760,40770,10
13.0696296692,80.204788208,40770,40780,10
13.0698099136,80.2048873901,40780,40810,30
13.0698099136,80.2048873901,40810,40820,10
13.069849968,80.2051773071,40820,40830,10
13.0695896149,80.2055511475,40830,40840,10
13.0692596436,80.2060623169,40840,40850,10
13.0689001083,80.2066192627,40850,40860,10
13.0685100555,80.2072372437,40860,40871,11
13.0680303574,80.2080688477,40871,40881,10
13.0677900314,80.2086105347,40881,40891,10
13.0677900314,80.2086410522,40891,40901,10
13.0676002502,80.2089080811,40901,40911,10
13.0672798157,80.2094268799,40911,40921,10
13.0668296814,80.2099380493,40921,40931,10
13.0662298203,80.2104110718,40931,40941,10
13.0656604767,80.2108612061,40941,40951,10
13.0651798248,80.2112197876,40951,40960,9
13.0650596619,80.2112884521,40960,40970,10
13.0647096634,80.2114715576,40970,40981,11
13.0641202927,80.2116470337,40981,40992,11
13.0635499954,80.2117080688,40992,41002,10
13.0628900528,80.211730957,41002,41012,10
13.062379837,80.2117614746,41012,41022,10
13.0616397858,80.2117996216,41022,41032,10
13.0605697632,80.2117385864,41032,41042,10
13.0595903397,80.2117004395,41042,41052,10
13.0586996078,80.2116470337,41052,41062,10
13.0581102371,80.2116394043,41062,41072,10
13.0574798584,80.2116317749,41072,41082,10
13.0567102432,80.2116012573,41082,41092,10
13.0558700562,80.2116088867,41092,41103,11
13.0549097061,80.2116012573,41103,41113,10
13.0542402267,80.2116165161,41113,41123,10
13.0534696579,80.211807251,41123,41133,10
13.0526199341,80.2120285034,41133,41143,10
13.0520000458,80.2121963501,41143,41153,10
13.0514698029,80.2121734619,41153,41183,30
13.0514698029,80.2121734619,41183,41199,16
13.0506896973,80.2121200562,41199,41211,12
13.0501298904,80.2121429443,41211,41222,11
13.0497999191,80.2121582031,41222,41232,10
13.0497503281,80.2121582031,41232,41241,9
13.0497198105,80.2121429443,41241,41252,11
13.0493001938,80.2121429443,41252,41262,10
13.048740387,80.2121810913,41262,41272,10
13.0478801727,80.2122573853,41272,41282,10
13.0468902588,80.2123184204,41282,41292,10
13.0457601547,80.2123794556,41292,41302,10
13.0448503494,80.2124176025,41302,41314,12
13.0440301895,80.2124176025,41314,41325,11
13.0431098938,80.2124786377,41325,41335,10
13.0425596237,80.2124404907,41335,41346,11
13.0417404175,80.2124404907,41346,41356,10
13.0409202576,80.2124023438,41356,41366,10
13.039899826,80.2124176025,41366,41376,10
13.0390701294,80.2124328613,41376,41386,10
13.0385398865,80.2124481201,41386,41396,10
13.0385103226,80.2124481201,41396,41406,10
13.0383796692,80.2124404907,41406,41416,10
13.0378704071,80.2124633789,41416,41426,10
13.0374803543,80.2124481201,41426,41436,10
13.0368099213,80.2123794556,41436,41447,11
13.0357198715,80.2123413086,41447,41487,40
13.0357198715,80.2123413086,41487,41497,10
13.0353899002,80.2122802734,41497,41507,10
13.0351200104,80.212272644,41507,41523,16
13.0346803665,80.2122268677,41523,41543,20
13.0346803665,80.2122268677,41543,41555,12
13.034330368,80.2121963501,41555,41576,21
13.034330368,80.2121963501,41576,41586,10
13.0340003967,80.2121276855,41586,41596,10
13.0338096619,80.2120666504,41596,41606,10
13.0332698822,80.2119827271,41606,41616,10
13.0324897766,80.2119369507,41616,41626,10
13.0318202972,80.2115936279,41626,41636,10
13.0319700241,80.2107772827,41636,41646,10
13.0320901871,80.2100524902,41646,41656,10
13.0318202972,80.2095870972,41656,41667,11
13.0309095383,80.2093887329,41667,41677,10
13.0303201675,80.2092590332,41677,41697,20
13.0303201675,80.2092590332,41697,41707,10
13.0301399231,80.2091598511,41707,41717,10
13.0297203064,80.2090377808,41717,41727,10
13.0295000076,80.2089385986,41727,41737,10
13.0293397903,80.2088165283,41737,41747,10
13.028719902,80.2087020874,41747,41757,10
13.0279598236,80.2084579468,41757,41767,10
13.0272598267,80.2080993652,41767,41777,10
13.0263595581,80.207572937,41777,41787,10
13.0254602432,80.2071380615,41787,41798,11
13.0244598389,80.2069320679,41798,41808,10
13.0241699219,80.2068786621,41808,41818,10
13.0240497589,80.2068481445,41818,41828,10
13.0235500336,80.2067108154,41828,41838,10
13.0227804184,80.2065811157,41838,41848,10
13.0219802856,80.2063674927,41848,41858,10
13.0209598541,80.2064285278,41858,41868,10
13.019900322,80.206451416,41868,41878,10
13.0191297531,80.2063369751,41878,41899,21
13.0191297531,80.2063369751,41899,41909,10
13.0186595917,80.2061920166,41909,41919,10
13.017999649,80.205947876,41919,41929,10
13.0172395706,80.2056884766,41929,41945,16
13.0161304474,80.2052307129,41945,41957,12
13.0149002075,80.2050094604,41957,41965,8
13.0144195557,80.2047119141,41965,41977,12
13.014289856,80.2046127319,41977,41987,10
13.0139198303,80.2045211792,41987,41997,10
13.0136098862,80.204460144,41997,42007,10
13.0136098862,80.2044677734,42007,42018,11
13.0134801865,80.204826355,42018,42028,10
13.0132904053,80.2054214478,42028,42037,9
13.0130796432,80.2060470581,42037,42048,11
13.0129804611,80.206817627,42048,42058,10
13.0129098892,80.2076416016,42058,42068,10
13.0128498077,80.2080917358,42068,42078,10
13.0128698349,80.2086105347,42078,42088,10
13.0129003525,80.2089996338,42088,42098,10
13.0130395889,80.2095413208,42098,42108,10
13.0130996704,80.2101211548,42108,42118,10
13.0130395889,80.2107467651,42118,42129,11
13.0128002167,80.2113494873,42129,42139,10
13.0123996735,80.212020874,42139,42149,10
13.0119695663,80.2126235962,42149,42159,10
13.0117301941,80.2127990723,42159,42169,10
13.0114803314,80.2125015259,42169,42179,10
13.0108699799,80.212097168,42179,42189,10
13.010430336,80.2117614746,42189,42199,10
13.0100698471,80.2115478516,42199,42209,10
13.0098304749,80.2113037109,42209,42250,41
13.0095396042,80.2110824585,42250,42308,58
13.0095396042,80.2110824585,42308,42318,10
13.0092000961,80.2112426758,42318,42328,10
13.0090999603,80.2113571167,42328,42338,10
13.0090703964,80.2117080688,42338,42347,9
13.00922966,80.2122192383,42347,42361,14
13.0095701218,80.213142395,42361,42371,10
13.0098600388,80.2138366699,42371,42381,10
13.0101499557,80.2145233154,42381,42391,10
13.0102396011,80.2150497437,42391,42401,10
13.010310173,80.2156295776,42401,42411,10
13.0105800629,80.2163619995,42411,42421,10
13.0109596252,80.2172164917,42421,42431,10
13.0113697052,80.2182235718,42431,42454,23
13.0122699738,80.2207183838,42454,42466,12
13.0124902725,80.2215499878,42466,42477,11
13.0128002167,80.2220611572,42477,42487,10
13.0133895874,80.2224731445,42487,42497,10
13.0138301849,80.2231521606,42497,42507,10
13.0142202377,80.2236862183,42507,42518,11
13.0146598816,80.2244262695,42518,42528,10
13.0148200989,80.2245178223,42528,42538,10
13.015080452,80.2247009277,42538,42548,10
13.0153503418,80.2251205444,42548,42558,10
13.0154495239,80.2255172729,42558,42568,10
13.0151996613,80.2258987427,42568,42579,11
13.0144500732,80.2261734009,42579,42589,10
13.0136203766,80.2265014648,42589,42599,10
13.0126800537,80.2268600464,42599,42609,10
13.011759758,80.2272109985,42609,42619,10
13.0108299255,80.2275695801,42619,42629,10
13.010020256,80.2278823853,42629,42639,10
13.0095701218,80.2278671265,42639,42649,10
13.0095996857,80.2273483276,42649,42659,10
13.0099096298,80.2266769409,42659,42669,10
13.0103197098,80.2257995605,42669,42679,10
13.0107002258,80.2249526978,42679,42689,10
13.0110197067,80.2241592407,42689,42700,11
13.0114002228,80.2231903076,42700,42710,10
13.0116996765,80.2224884033,42710,42720,10
13.0120801926,80.2218933105,42720,42730,10
13.0122098923,80.2216567993,42730,42740,10
13.012169838,80.2209472656,42740,42750,10
13.0119199753,80.2201766968,42750,42760,10
13.011639595,80.2193908691,42760,42770,10
13.0113697052,80.2186584473,42770,42780,10
13.0111398697,80.2180175781,42780,42790,10
13.0108699799,80.2173919678,42790,42800,10
13.0106201172,80.2167816162,42800,42811,11
13.0102500916,80.2161178589,42811,42821,10
13.0099201202,80.215423584,42821,42831,10
13.0095500946,80.2148895264,42831,42841,10
13.0090999603,80.214302063,42841,42851,10
13.0085201263,80.2135620117,42851,42897,46
13.0085201263,80.2135620117,42897,42909,12
13.0081596375,80.2133407593,42909,42919,10
13.0080404282,80.2132797241,42919,42930,11
13.0079698563,80.2132263184,42930,42940,10
13.0077400208,80.2130432129,42940,42947,7
13.0074300766,80.212890625,42947,42960,13
13.0065803528,80.2127990723,42960,42970,10
13.0058803558,80.2130279541,42970,42980,10
13.0051803589,80.2127075195,42980,42989,9
13.0045003891,80.212310791,42989,43000,11
13.0037603378,80.2120819092,43000,43010,10
13.003660202,80.2118530273,43010,43020,10
13.0036497116,80.2114334106,43020,43030,10
13.0035800934,80.2107696533,43030,43041,11
13.0035495758,80.2102890015,43041,43051,10
13.0035495758,80.2099609375,43051,43061,10
13.0033798218,80.2093200684,43061,43071,10
13.0028800964,80.2090606689,43071,43081,10
13.0020399094,80.2086029053,43081,43091,10
13.0014295578,80.2082595825,43091,43100,9
13.0008096695,80.2079620361,43100,43111,11
13.000120163,80.2077713013,43111,43121,10
12.9994802475,80.2076187134,43121,43131,10
12.9990301132,80.207572937,43131,43141,10
12.9987897873,80.2075119019,43141,43152,11
12.9986896515,80.2074584961,43152,43162,10
12.9985103607,80.2074127197,43162,43172,10
12.9984197617,80.2074279785,43172,43182,10
12.998339653,80.2077178955,43182,43192,10
12.9982299805,80.2083206177,43192,43202,10
12.9981603622,80.2088928223,43202,43212,10
12.9979400635,80.2092819214,43212,43222,10
12.9976902008,80.2096176147,43222,43232,10
12.9975404739,80.2099227905,43232,43242,10
12.9973201752,80.2103424072,43242,43252,10
12.9971199036,80.2103805542,43252,43263,11
12.9968595505,80.210357666,43263,43273,10
12.9964399338,80.2103271484,43273,43283,10
12.9958295822,80.2102890015,43283,43293,10
12.9952898026,80.2102584839,43293,43303,10
12.9947395325,80.2101974487,43303,43313,10
12.9941997528,80.2101287842,43313,43323,10
12.9947004318,80.2102432251,43323,43333,10
12.9940500259,80.2101287842,43333,43343,10
12.9942998886,80.2118225098,43343,43373,30
12.9942998886,80.2118225098,43373,43384,11
12.993350029,80.2114715576,43384,43394,10
12.9931497574,80.2121200562,43394,43404,10
12.9930000305,80.2126235962,43404,43414,10
12.9930400848,80.2127990723,43414,43424,10
12.9929599762,80.2130432129,43424,43434,10
12.9926395416,80.2130203247,43434,43444,10
12.9921598434,80.2129592896,43444,43454,10
12.9919204712,80.2125778198,43454,43464,10
12.9909095764,80.212562561,43464,43475,11
12.9902000427,80.2125167847,43475,43485,10
12.9899997711,80.2125091553,43485,43495,10
12.9898004532,80.212272644,43495,43513,18
12.9897403717,80.2124786377,43513,43525,12
12.9893398285,80.2136230469,43525,43535,10
12.9894199371,80.2139129639,43535,43545,10
12.9891796112,80.2145233154,43545,43555,10
12.9890003204,80.2149581909,43555,43563,8
12.9887399673,80.2153778076,43563,43575,12
12.9884004593,80.2158966064,43575,43585,10
12.9881000519,80.2163391113,43585,43594,9
12.987859726,80.2169723511,43594,43606,12
12.9876098633,80.2176818848,43606,43616,10
12.9874296188,80.2182617188,43616,43626,10
12.987159729,80.2183685303,43626,43636,10
12.9871101379,80.2182998657,43636,43646,10
12.9868202209,80.2182617188,43646,43656,10
12.9862003326,80.2181396484,43656,43666,10
12.9852104187,80.2180023193,43666,43676,10
12.9842996597,80.2180480957,43676,43686,10
12.9839401245,80.2180786133,43686,43696,10
12.9837703705,80.2181472778,43696,43706,10
12.9836196899,80.2180480957,43706,43717,11
12.9829902649,80.2180480957,43717,43727,10
12.9821996689,80.2179794312,43727,43737,10
12.9812602997,80.2181396484,43737,43747,10
12.9804401398,80.2183990479,43747,43757,10
12.9798898697,80.2186203003,43757,43767,10
12.9792299271,80.2189025879,43767,43777,10
12.9786901474,80.219078064,43777,43787,10
12.9781103134,80.2192306519,43787,43797,10
12.9772996902,80.2196807861,43797,43807,10
12.9763298035,80.2200927734,43807,43817,10
12.9756097794,80.2204437256,43817,43827,10
12.9754896164,80.2206802368,43827,43838,11
12.9756097794,80.2208404541,43838,44138,300
12.9756097794,80.2208404541,44138,44148,10
12.9756002426,80.2210617065,44148,44159,11
12.9753303528,80.2215499878,44159,44290,131
12.9753303528,80.2215499878,44290,44300,10
12.975399971,80.2207870483,44300,45389,1089
12.975399971,80.2207870483,45389,45399,10
12.9775600433,80.222442627,45399,45410,11
12.9778203964,80.2220916748,45410,45420,10
12.9779100418,80.2219696045,45420,45430,10
12.9773397446,80.2212905884,45430,45440,10
12.9773902893,80.2217102051,45440,45619,179
12.9773902893,80.2217102051,45619,45629,10
12.9824800491,80.2180175781,45629,45670,41
12.9824800491,80.2180175781,45670,45680,10
12.9840602875,80.2178573608,45680,45690,10
12.9845504761,80.2183685303,45690,45769,79
12.9845504761,80.2183685303,45769,45779,10
12.9878997803,80.2171401978,45779,45789,10
12.9879703522,80.2167129517,45789,45799,10
12.9882602692,80.2161026001,45799,45809,10
12.9886798859,80.2154464722,45809,45818,9
12.9892196655,80.2145767212,45818,45880,62
12.9892196655,80.2145767212,45880,45890,10
12.9900197983,80.211730957,45890,45910,20
12.9901399612,80.2108764648,45910,45961,51
12.9901399612,80.2108764648,45961,45970,9
12.9912500381,80.2096633911,45970,45980,10
12.9916696548,80.2097396851,45980,45991,11
12.9923095703,80.209777832,45991,46051,60
12.9923095703,80.209777832,46051,46061,10
12.9930696487,80.2101211548,46061,46071,10
12.9933004379,80.2100601196,46071,46091,20
12.9933004379,80.2100601196,46091,46102,11
12.9933204651,80.2100372314,46102,46112,10
12.9934797287,80.2100372314,46112,46172,60
12.9934797287,80.2100372314,46172,46182,10
12.9939203262,80.2101898193,46182,46193,11
12.9943399429,80.2103118896,46193,46223,30
12.9943399429,80.2103118896,46223,46233,10
12.9955997467,80.2102584839,46233,46243,10
12.9960403442,80.2102813721,46243,46253,10
12.9960899353,80.2100372314,46253,46272,19
12.9960899353,80.2100372314,46272,46283,11
12.9976396561,80.2107315063,46283,46304,21
12.9976396561,80.2107315063,46304,46313,9
12.9969997406,80.2114715576,46313,46324,11
12.996919632,80.2120513916,46324,46334,10
12.9968204498,80.2126998901,46334,46344,10
12.9967899323,80.2128219604,46344,46354,10
12.9967403412,80.2135162354,46354,46364,10
12.9965896606,80.2140426636,46364,46374,10
12.9963998795,80.2147064209,46374,46384,10
12.996339798,80.2153701782,46384,46394,10
12.9962396622,80.2157897949,46394,46404,10
12.9962701797,80.216003418,46404,46414,10
12.9961395264,80.2161712646,46414,46424,10
12.996049881,80.2165679932,46424,46445,21
12.996049881,80.2165679932,46445,46455,10
12.9964199066,80.2165908813,46455,46465,10
12.9968500137,80.2165374756,46465,46475,10
12.9973802567,80.2163619995,46475,46491,16
12.9977903366,80.2160186768,46491,46586,95
12.9977903366,80.2160186768,46586,46595,9
13.0017995834,80.2124481201,46595,46605,10
13.0017404556,80.2113418579,46605,46616,11
13.0021600723,80.2111816406,46616,46626,10
13.002240181,80.2106170654,46626,46636,10
13.0003995895,80.2091064453,46636,46646,10
13.0036802292,80.2116165161,46646,46656,10
13.0037002563,80.2114181519,46656,46667,11
13.0034503937,80.2110595703,46667,46677,10
13.0036001205,80.2099227905,46677,46687,10
13.0035800934,80.2091217041,46687,46697,10
13.0036697388,80.2083587646,46697,46713,16
13.0055799484,80.2083206177,46713,46907,194
13.0055799484,80.2083206177,46907,46917,10
13.006480217,80.2029571533,46917,46927,10
13.0068502426,80.20337677,46927,46937,10
13.0075397491,80.2036590576,46937,46947,10
13.0083599091,80.2036819458,46947,46956,9
13.0092897415,80.20362854,46956,46966,10
13.0110197067,80.2035827637,46966,47028,62
13.0148897171,80.2044830322,47028,47048,20
13.0148601532,80.2044219971,47048,47078,30
13.0148601532,80.2044219971,47078,47088,10
13.0173397064,80.2052688599,47088,47098,10
13.0175895691,80.205291748,47098,47108,10
13.0176401138,80.2052993774,47108,47119,11
13.0182199478,80.2053985596,47119,47129,10
13.0186195374,80.2057266235,47129,47139,10
13.0186595917,80.2057113647,47139,47149,10
13.0188598633,80.2057571411,47149,47159,10
13.0198497772,80.206161499,47159,47169,10
13.0207901001,80.2061462402,47169,47179,10
13.021730423,80.2060623169,47179,47189,10
13.0225000381,80.2061309814,47189,47199,10
13.0234003067,80.2063598633,47199,47209,10
13.0242395401,80.2065582275,47209,47219,10
13.024939537,80.206993103,47219,47230,11
13.0253601074,80.2072296143,47230,47240,10
13.0260400772,80.2064285278,47240,47250,10
13.0270395279,80.2075805664,47250,47260,10
13.0279598236,80.2083587646,47260,47276,16
13.0293302536,80.2090911865,47276,47289,13
13.0305404663,80.2091369629,47289,48643,1354
13.0305404663,80.2091369629,48643,48653,10
13.0684404373,80.2054367065,48653,48663,10
13.068400383,80.2054824829,48663,48815,152
13.0685997009,80.2054519653,48815,49097,282
13.0685997009,80.2054519653,49097,49107,10
13.0682401657,80.2053985596,49107,49198,91
13.0682401657,80.2053985596,49198,49208,10
13.0679197311,80.2052536011,49208,49218,10
13.0681400299,80.2050094604,49218,49228,10
13.0684995651,80.2049179077,49228,49238,10
13.0689296722,80.204750061,49238,49248,10
13.0695800781,80.204788208,49248,49279,31
13.0695800781,80.204788208,49279,49289,10
13.0697002411,80.2048873901,49289,49299,10
13.069849968,80.205116272,49299,49309,10
13.069609642,80.2056121826,49309,49319,10
13.0691995621,80.2062530518,49319,49329,10
13.068860054,80.2068023682,49329,49339,10
13.0684404373,80.2075424194,49339,49349,10
13.0681200027,80.2080688477,49349,49359,10
13.0677404404,80.2086791992,49359,49370,11
13.0672302246,80.2094421387,49370,49380,10
13.0666303635,80.2103118896,49380,49390,10
13.0659103394,80.2107772827,49390,49400,10
13.0654401779,80.2110595703,49400,49410,10
13.0648498535,80.2114334106,49410,49420,10
13.0639801025,80.2117004395,49420,49430,10
13.0633602142,80.2117462158,49430,49440,10
13.0626001358,80.211769104,49440,49450,10
13.0617599487,80.2116775513,49450,49460,10
13.0607700348,80.2116775513,49460,49470,10
13.0597600937,80.2116394043,49470,49481,11
13.0587301254,80.2116088867,49481,49492,11
13.0580501556,80.2115936279,49492,49502,10
13.0570201874,80.2115631104,49502,49512,10
13.0558900833,80.2115402222,49512,49521,9
13.054889679,80.2115402222,49521,49532,11
13.0540895462,80.2116394043,49532,49542,10
13.0531301498,80.2119064331,49542,49552,10
13.0520801544,80.2121734619,49552,49562,10
13.0515098572,80.2122192383,49562,49572,10
13.0508499146,80.2121200562,49572,49583,11
13.0506000519,80.2123184204,49583,49593,10
13.0503902435,80.212562561,49593,49603,10
13.0498304367,80.2121200562,49603,49613,10
13.0491199493,80.2121429443,49613,49623,10
13.0484800339,80.2121887207,49623,49633,10
13.0479001999,80.2122268677,49633,49643,10
13.0470895767,80.2122802734,49643,49653,10
13.0462303162,80.212310791,49653,49663,10
13.0452899933,80.2123718262,49663,49673,10
13.044670105,80.2124099731,49673,49683,10
13.0447597504,80.2123336792,49683,49693,10
13.0446596146,80.2122802734,49693,49703,10
13.0445604324,80.212348938,49703,49734,31
13.0445604324,80.212348938,49734,49750,16
13.044500351,80.2123336792,49750,49762,12
13.0438098907,80.2123413086,49762,49772,10
13.0425395966,80.2123565674,49772,49792,20
13.0425395966,80.2123565674,49792,49802,10
13.0402097702,80.2123718262,49802,49812,10
13.0388803482,80.2122573853,49812,49823,11
13.0379495621,80.2124099731,49823,49833,10
13.0373497009,80.212272644,49833,49843,10
13.0368795395,80.2123336792,49843,49852,9
13.0357599258,80.2124176025,49852,49863,11
13.0339698792,80.2122573853,49863,49924,61
13.0339698792,80.2122573853,49924,49934,10
13.0329198837,80.2118225098,49934,49944,10
13.0320701599,80.2117385864,49944,49954,10
13.0320100784,80.2113037109,49954,49964,10
13.0321598053,80.2109680176,49964,49974,10
13.0322303772,80.210319519,49974,49990,16
13.0328502655,80.2097930908,49990,50002,12
13.033829689,80.2098999023,50002,50010,8
13.0347099304,80.2100524902,50010,50022,12
13.0352201462,80.2096405029,50022,50032,10
13.0352201462,80.2088623047,50032,50042,10
13.0353603363,80.2081069946,50042,50053,11
13.0354700089,80.2071228027,50053,50063,10
13.0356502533,80.2063293457,50063,50073,10
13.0354995728,80.2058868408,50073,50133,60
13.0354995728,80.2058868408,50133,50143,10
13.0355300903,80.2057189941,50143,50154,11
13.0355195999,80.205657959,50154,50164,10
13.0355195999,80.2052993774,50164,50174,10
13.0353899002,80.2052001953,50174,50184,10
13.0351200104,80.2051620483,50184,50194,10
13.0347499847,80.2052307129,50194,50204,10
13.0345001221,80.2054977417,50204,50396,192
13.0343198776,80.2054595947,50396,50497,101
13.0343198776,80.2054595947,50497,50507,10
13.0346698761,80.2052612305,50507,50567,60
13.0345897675,80.2054367065,50567,50608,41
13.0345697403,80.205581665,50608,50850,242
13.0342597961,80.2051925659,50850,50940,90
13.0342597961,80.2051925659,50940,50951,11
13.0348396301,80.2057571411,50951,50971,20
13.0347700119,80.2057876587,50971,50991,20
13.0347700119,80.2057876587,50991,51001,10
13.0348596573,80.2057571411,51001,51032,31
13.0348596573,80.2057571411,51032,51042,10
13.0348997116,80.2057571411,51042,51052,10
13.0347604752,80.2059631348,51052,51062,10
13.0348596573,80.2058563232,51062,51072,10
13.0345697403,80.2058563232,51072,51082,10
13.034330368,80.2058486938,51082,51092,10
13.0342798233,80.2058486938,51092,51102,10
13.0340595245,80.2055130005,51102,51153,51
13.0340595245,80.2055130005,51153,51162,9
13.0340003967,80.205078125,51162,51203,41
13.0340003967,80.205078125,51203,51213,10
13.0340995789,80.2050476074,51213,51223,10
13.0343704224,80.2050018311,51223,51233,10
13.0346498489,80.2050628662,51233,51243,10
13.0347900391,80.2051010132,51243,51253,10
13.0351400375,80.2050933838,51253,51263,10
13.0355100632,80.2051391602,51263,51274,11
13.0357599258,80.2048034668,51274,51304,30
13.0355501175,80.2060775757,51304,51354,50
13.0355501175,80.2060775757,51354,51364,10
13.0356502533,80.2062301636,51364,51375,11
13.0355501175,80.2072982788,51375,51415,40
13.0355501175,80.2072982788,51415,51425,10
13.0349998474,80.2101898193,51425,51435,10
13.0349798203,80.2110290527,51435,51445,10
13.035030365,80.21144104,51445,51455,10
13.0348100662,80.2112579346,51455,51465,10
13.0344104767,80.2111663818,51465,51486,21
13.0344104767,80.2111663818,51486,51495,9
13.0356798172,80.2123031616,51495,51506,11
13.0364704132,80.2123031616,51506,51516,10
13.0369501114,80.2123031616,51516,51526,10
13.0381202698,80.2121124268,51526,51786,260
13.0535297394,80.2116699219,51786,52272,486
13.0535297394,80.2116699219,52272,52282,10
13.068110466,80.2051010132,52282,52292,10
13.0680704117,80.2049865723,52292,52303,11
13.0684700012,80.2050933838,52303,52313,10
13.0680303574,80.2049865723,52313,52323,10
13.0682401657,80.2049179077,52323,52333,10
13.0683803558,80.2049407959,52333,52343,10
13.0684404373,80.2048873901,52343,52353,10
13.0685796738,80.2048797607,52353,52363,10
13.0686998367,80.2048416138,52363,52373,10
13.0689697266,80.2047424316,52373,52393,20
13.0689697266,80.2047424316,52393,52403,10
13.0692195892,80.2046890259,52403,52414,11
13.0696601868,80.204788208,52414,52424,10
13.0697898865,80.2048492432,52424,52434,10
13.069849968,80.2048187256,52434,52444,10
13.0699396133,80.2049026489,52444,52454,10
13.0698099136,80.2052536011,52454,52464,10
13.0694599152,80.2055969238,52464,52474,10
13.0689697266,80.2065582275,52474,52484,10
13.0683698654,80.2075195313,52484,52494,10
13.0678796768,80.2082901001,52494,52505,11
13.0674200058,80.2091064453,52505,52514,9
13.0669498444,80.2096710205,52514,52525,11
13.0660800934,80.2104187012,52525,52535,10
13.0650997162,80.2112426758,52535,52555,20
13.0652103424,80.2110595703,52555,52606,51
13.0610904694,80.211517334,52606,52735,129
13.0610904694,80.211517334,52735,52745,10
13.0520095825,80.2123031616,52745,52756,11
13.050160408,80.2122802734,52756,52816,60
13.050160408,80.2122802734,52816,52826,10
13.049539566,80.2119674683,52826,52876,50
13.049539566,80.2119674683,52876,52887,11
13.0467195511,80.212272644,52887,52897,10
13.0449800491,80.2120437622,52897,53250,353
13.0449800491,80.2120437622,53250,53260,10
13.0325298309,80.2118835449,53260,53270,10
13.03166008,80.2116622925,53270,53280,10
13.0309095383,80.2115325928,53280,53291,11
13.0304603577,80.2114562988,53291,53300,9
13.0315999985,80.2095794678,53300,53311,11
13.0308303833,80.2093887329,53311,53321,10
13.0299196243,80.2090988159,53321,54799,1478
13.0299196243,80.2090988159,54799,54809,10
13.0036697388,80.212020874,54809,54819,10
13.0037603378,80.2118606567,54819,54829,10
13.0036897659,80.2116775513,54829,54848,19
13.0036897659,80.2116775513,54848,54858,10
13.003660202,80.2112808228,54858,54869,11
13.0036802292,80.2107391357,54869,54879,10
13.0035495758,80.2106018066,54879,54890,11
13.0034103394,80.2104187012,54890,54900,10
13.0034799576,80.2098312378,54900,54910,10
13.0035400391,80.2095413208,54910,54920,10
13.0034799576,80.2092895508,54920,54930,10
13.0030603409,80.2090835571,54930,54940,10
13.002409935,80.2087936401,54940,54950,10
13.0017900467,80.2084884644,54950,54960,10
13.0012197495,80.2081832886,54960,54970,10
13.0010995865,80.2080764771,54970,54980,10
13.0010700226,80.2080383301,54980,55001,21
13.0010700226,80.2080383301,55001,55011,10
13.0007400513,80.208366394,55011,55021,10
13.0007896423,80.2082901001,55021,55031,10
13.0008001328,80.2081604004,55031,55414,383
13.0008897781,80.2078018188,55414,55455,41
13.0006198883,80.2078094482,55455,55586,131
13.0002603531,80.2077865601,55586,55646,60
12.9999103546,80.2077484131,55646,55777,131
12.9999103546,80.2077484131,55777,55788,11
12.999879837,80.2076797485,55788,55798,10
12.99958992,80.207611084,55798,55808,10
12.9994497299,80.2075500488,55808,55818,10
12.9993200302,80.2075119019,55818,55828,10
12.9991703033,80.2075271606,55828,55838,10
12.9989795685,80.2075195313,55838,55848,10
12.9989795685,80.2075119019,55848,55858,10
12.998749733,80.2074432373,55858,55868,10
12.9984197617,80.2073974609,55868,55949,81
12.998169899,80.2074737549,55949,55979,30
12.998169899,80.2074737549,55979,55989,10
12.9984102249,80.2076034546,55989,55999,10
12.9985303879,80.2078018188,55999,56050,51
12.9985303879,80.2078018188,56050,56060,10
12.9983901978,80.2080993652,56060,56070,10
12.9982795715,80.208366394,56070,56080,10
12.9982795715,80.2086410522,56080,56090,10
12.9982700348,80.2088012695,56090,56100,10
12.998169899,80.2090835571,56100,56110,10
12.997879982,80.2093734741,56110,56120,10
12.9976797104,80.2096786499,56120,56131,11
12.9974298477,80.2102279663,56131,56141,10
12.9973402023,80.2104034424,56141,56151,10
12.997300148,80.2105026245,56151,56181,30
12.997300148,80.2105026245,56181,56191,10
12.9972496033,80.2105636597,56191,56201,10
12.9968395233,80.2105178833,56201,56210,9
12.9963703156,80.2105026245,56210,56221,11
12.9955501556,80.2103881836,56221,56231,10
12.9952001572,80.2103500366,56231,56242,11
12.9949102402,80.2103271484,56242,56252,10
12.9944801331,80.2102966309,56252,56262,10
12.9939203262,80.2101898193,56262,56272,10
12.993350029,80.2101135254,56272,56282,10
12.9931201935,80.2100067139,56282,56292,10
12.9929504395,80.2098770142,56292,56302,10
12.9925203323,80.2099761963,56302,56312,10
12.9926595688,80.210067749,56312,56322,10
12.9926099777,80.2099075317,56322,56332,10
12.9924402237,80.2098388672,56332,56342,10
12.9922895432,80.2098922729,56342,56353,11
12.9920101166,80.2098999023,56353,56363,10
12.9913301468,80.2098388672,56363,56373,10
12.9910802841,80.2098693848,56373,56383,10
12.9906101227,80.2097320557,56383,56393,10
12.9905004501,80.2098007202,56393,56403,10
12.99036026,80.2102584839,56403,56413,10
12.9901599884,80.2109222412,56413,56423,10
12.9899997711,80.2113494873,56423,56433,10
12.9896802902,80.2119598389,56433,56443,10
12.9897298813,80.2124176025,56443,56453,10
12.9896202087,80.2128829956,56453,56463,10
12.9894800186,80.2133712769,56463,56474,11
12.9894895554,80.2137985229,56474,56494,20
12.9894895554,80.2137985229,56494,56504,10
12.9892902374,80.2145767212,56504,56514,10
12.9888896942,80.215171814,56514,56524,10
12.9885196686,80.2158889771,56524,56534,10
12.9881000519,80.2165298462,56534,56544,10
12.9878997803,80.2169799805,56544,56554,10
12.9878902435,80.2172927856,56554,56564,10
12.9877500534,80.2176971436,56564,56574,10
12.9876098633,80.2180480957,56574,56585,11
12.9874401093,80.2183303833,56585,56595,10
12.9870500565,80.2182998657,56595,56605,10
12.987039566,80.2183532715,56605,56615,10
12.9871501923,80.2184524536,56615,56625,10
12.9863395691,80.2180480957,56625,56635,10
12.9850502014,80.2180099487,56635,56645,10
12.9843101501,80.2180328369,56645,56655,10
12.9836196899,80.2179489136,56655,56665,10
12.9828395844,80.217880249,56665,56713,48
12.9809503555,80.2193374634,56713,56875,162
12.9757204056,80.2204589844,56875,56906,31
12.9757204056,80.2204589844,56906,56915,9
12.9757204056,80.2208786011,56915,56926,11
12.9760198593,80.221321106,56926,56936,10
12.9764204025,80.2218475342,56936,57983,1047
12.9764204025,80.2218475342,57983,57993,10
12.9901599884,80.2107009888,57993,58003,10
12.9903001785,80.2102279663,58003,58013,10
12.9904603958,80.2097167969,58013,58033,20
12.9906396866,80.2096633911,58033,58054,21
12.9906396866,80.2096633911,58054,58064,10
12.9907903671,80.2097015381,58064,58074,10
12.9911003113,80.2097015381,58074,58084,10
12.9913702011,80.2097015381,58084,58094,10
12.9917802811,80.2097473145,58094,58104,10
12.9923496246,80.2098922729,58104,58114,10
12.9928703308,80.2099075317,58114,58124,10
12.9933700562,80.2099761963,58124,58134,10
12.9937095642,80.2103805542,58134,58155,21
12.9944896698,80.210357666,58155,58175,20
12.9948701859,80.2102584839,58175,58215,40
12.9948701859,80.2102584839,58215,58225,10
12.9959402084,80.2103424072,58225,58235,10
12.9965496063,80.2103424072,58235,58286,51
12.9965496063,80.2103424072,58286,58296,10
12.9972400665,80.2108612061,58296,58306,10
12.997209549,80.211227417,58306,58898,592
12.997209549,80.211227417,58898,58909,11
13.0072202682,80.203338623,58909,58919,10
13.0081501007,80.2037963867,58919,58930,11
13.0097703934,80.2038803101,58930,60017,1087
13.0097703934,80.2038803101,60017,60028,11
13.0691795349,80.2050170898,60028,60038,10
13.0689897537,80.2053833008,60038,60048,10
13.0686197281,80.2054367065,60048,60058,10
13.0685396194,80.2055130005,60058,60089,31
13.0685396194,80.2055130005,60089,60098,9
13.0685195923,80.2056427002,60098,60109,11
13.0685596466,80.2054595947,60109,60149,40
13.0685596466,80.2054595947,60149,60159,10
13.0685396194,80.2054595947,60159,60179,20
13.0684995651,80.2054595947,60179,60351,172
13.0684995651,80.2054595947,60351,60361,10
13.0686197281,80.2055892944,60361,60371,10
13.068479538,80.2051696777,60371,60381,10
13.0685997009,80.2053222656,60381,60391,10
13.0685100555,80.2051467896,60391,60765,374
13.0680599213,80.2051010132,60765,60876,111
13.0680599213,80.2051010132,60876,60886,10
13.0697097778,80.2048416138,60886,60896,10
13.0697603226,80.2048721313,60896,60906,10
13.0697402954,80.2052688599,60906,60916,10
13.069439888,80.2058563232,60916,60926,10
13.0690402985,80.2064285278,60926,60936,10
13.0687198639,80.2070007324,60936,60946,10
13.0681200027,80.2079925537,60946,60956,10
13.0676202774,80.2088623047,60956,60967,11
13.0668497086,80.2098007202,60967,60977,10
13.0661001205,80.2105865479,60977,60987,10
13.0654401779,80.2111816406,60987,60997,10
13.0650596619,80.211517334,60997,61007,10
