12.9976902008,80.2573776245,14,5716,5702
12.9976902008,80.2573776245,5716,5726,10
12.997420311,80.256942749,5726,5746,20
12.997420311,80.256942749,5746,5756,10
12.997420311,80.2569732666,5756,5766,10
12.9974603653,80.2570571899,5766,5777,11
12.9973897934,80.2568664551,5777,5787,10
12.9973297119,80.2567596436,5787,5797,10
12.9973201752,80.2567596436,5797,5807,10
12.9974002838,80.2569732666,5807,5817,10
12.9974098206,80.2570571899,5817,5827,10
12.9973297119,80.2570495605,5827,5837,10
12.9977998734,80.2571029663,5837,5847,10
12.9973602295,80.2569732666,5847,6009,162
12.9973602295,80.2569732666,6009,6019,10
12.9972896576,80.256980896,6019,6029,10
12.9971399307,80.2570037842,6029,6039,10
12.9969596863,80.2570037842,6039,6059,20
12.997010231,80.2571029663,6059,6100,41
12.997010231,80.2571029663,6100,6110,10
12.9968996048,80.257019043,6110,6120,10
12.9968900681,80.2569885254,6120,7422,1302
12.9970798492,80.2571029663,7422,7462,40
12.9971904755,80.2570571899,7462,7523,61
12.9975996017,80.2570419312,7523,7543,20
12.9976196289,80.2572021484,7543,7856,313
12.9976797104,80.256980896,7856,9089,1233
12.9975996017,80.257270813,9089,9129,40
12.9975996017,80.257270813,9129,9139,10
12.9975404739,80.2572097778,9139,9160,21
12.9975404739,80.2572097778,9160,9170,10
12.9975099564,80.2572097778,9170,9180,10
12.9976396561,80.2571792603,9180,9190,10
12.9975795746,80.2580108643,9190,9200,10
12.9976596832,80.2576828003,9200,9210,10
12.9976196289,80.2571563721,9210,9230,20
12.9976196289,80.2571563721,9230,9240,10
12.9976396561,80.2572021484,9240,9321,81
12.9976396561,80.2572479248,9321,9341,20
12.9976396561,80.2572479248,9341,9351,10
12.9976100922,80.2573165894,9351,9361,10
12.9975996017,80.2573013306,9361,9392,31
12.9976396561,80.2572402954,9392,9462,70
12.9976701736,80.2571411133,9462,9503,41
12.997759819,80.2571792603,9503,9533,30
12.997759819,80.2571792603,9533,9543,10
12.9976396561,80.2572479248,9543,9553,10
12.9976902008,80.2571411133,9553,9563,10
12.9976196289,80.2572402954,9563,9654,91
12.9976196289,80.2572402954,9654,9664,10
12.9975996017,80.2570419312,9664,9725,61
12.9976301193,80.2571563721,9725,11087,1362
12.9975595474,80.2572174072,11087,11108,21
12.9975595474,80.257232666,11108,11259,151
12.9975595474,80.257232666,11259,11269,10
12.9975996017,80.2573471069,11269,11279,10
12.9976100922,80.2573165894,11279,11824,545
12.9976100922,80.2573165894,11824,11834,10
12.9979200363,80.2570419312,11834,11844,10
12.9977197647,80.257232666,11844,11905,61
12.9976797104,80.2572479248,11905,12016,111
12.9976797104,80.2572479248,12016,12026,10
12.9975700378,80.2572937012,12026,12057,31
12.9975700378,80.2572784424,12057,12097,40
12.9975004196,80.2573318481,12097,12117,20
12.9975299835,80.2573394775,12117,12137,20
12.9975299835,80.2573394775,12137,12147,10
12.9975299835,80.2573928833,12147,12158,11
12.9975204468,80.2574005127,12158,12167,9
12.9974803925,80.2573928833,12167,12178,11
12.9975500107,80.2573013306,12178,12218,40
12.9977197647,80.2571182251,12218,12238,20
12.9977502823,80.2570419312,12238,12259,21
12.9977502823,80.2570419312,12259,12269,10
12.9974403381,80.2575073242,12269,12289,20
12.9977302551,80.2569503784,12289,12359,70
12.9977302551,80.2569503784,12359,12370,11
12.9976596832,80.2572937012,12370,12450,80
12.9976596832,80.2572937012,12450,12460,10
12.997879982,80.2570571899,12460,12470,10
12.9976701736,80.2571563721,12470,12481,11
12.9976301193,80.2571411133,12481,12520,39
12.9975099564,80.2573318481,12520,12672,152
12.9975099564,80.2573318481,12672,12682,10
12.9977197647,80.257232666,12682,12692,10
12.997420311,80.2572174072,12692,12702,10
12.9975595474,80.2571563721,12702,12712,10
12.9975996017,80.25730896,12712,12813,101
12.9975996017,80.25730896,12813,12824,11
12.9976902008,80.2572021484,12824,12834,10
12.9977302551,80.2571716309,12834,12854,20
12.9977302551,80.2571716309,12854,12864,10
12.9976396561,80.2570571899,12864,13348,484
12.9977197647,80.2571487427,13348,13399,51
12.9976396561,80.2571792603,13399,13470,71
12.9976501465,80.2571029663,13470,13490,20
12.9976196289,80.2570877075,13490,16275,2785
12.997710228,80.2573013306,16275,16901,626
12.9976797104,80.2571182251,16901,18667,1766
12.9977397919,80.256980896,18667,18879,212
12.9976501465,80.2571411133,18879,18950,71
12.9976501465,80.2570571899,18950,19172,222
12.9975299835,80.2572097778,19172,19363,191
12.9975299835,80.2572097778,19363,19374,11
12.9976501465,80.257232666,19374,19394,20
12.9976596832,80.257232666,19394,19485,91
12.9976396561,80.2572097778,19485,19686,201
12.9975996017,80.2571182251,19686,19737,51
12.9975700378,80.2571411133,19737,19798,61
12.9975700378,80.2571411133,19798,19800,2
12.9975700378,80.2571411133,19800,19941,141
12.997590065,80.2571334839,19941,20022,81
12.9976196289,80.257232666,20022,20213,191
12.9975795746,80.2572097778,20213,20597,384
12.9975795746,80.2572097778,20597,20607,10
12.9976997375,80.2571029663,20607,21051,444
12.9975795746,80.2571868896,21051,21818,767
12.9977998734,80.2571029663,21818,23231,1413
12.9976196289,80.2572479248,23231,23544,313
12.9976196289,80.2572479248,23544,23554,10
12.9976301193,80.2570877075,23554,23564,10
12.997759819,80.2570571899,23564,23574,10
12.9978504181,80.2570495605,23574,23584,10
12.9978199005,80.2570266724,23584,23594,10
12.9979400635,80.2567901611,23594,23604,10
12.9979496002,80.2563934326,23604,23614,10
12.997759819,80.2562866211,23614,23685,71
12.997759819,80.2562866211,23685,23695,10
12.9972896576,80.2559280396,23695,23705,10
12.9969301224,80.2561264038,23705,23715,10
12.9968795776,80.2567062378,23715,23725,10
12.9968004227,80.2574462891,23725,23736,11
12.9966697693,80.2584991455,23736,23746,10
12.9965696335,80.2594985962,23746,23756,10
12.9964599609,80.2605819702,23756,23766,10
12.9963703156,80.2615203857,23766,23776,10
12.9962902069,80.2621307373,23776,23786,10
12.9961996078,80.262802124,23786,23796,10
12.9961795807,80.2632827759,23796,23806,10
12.9961500168,80.2638778687,23806,24804,998
12.9961500168,80.2638778687,24804,24813,9
13.0078296661,80.2350921631,24813,24824,11
13.0079498291,80.2343902588,24824,24834,10
13.0081195831,80.2334823608,24834,24844,10
13.0083599091,80.2322387695,24844,24860,16
13.0087604523,80.2302322388,24860,24872,12
13.0090799332,80.2286605835,24872,24882,10
13.009519577,80.2274627686,24882,24892,10
13.0101003647,80.2262268066,24892,24902,10
13.0106801987,80.2251205444,24902,24912,10
13.0111303329,80.2242279053,24912,24922,10
13.0114002228,80.2234420776,24922,24932,10
13.0116996765,80.2225875854,24932,24943,11
13.0119800568,80.2216415405,24943,24953,10
13.0124197006,80.2215423584,24953,24963,10
13.0127000809,80.2219772339,24963,24973,10
13.0133495331,80.2226409912,24973,24983,10
13.0139598846,80.223487854,24983,24993,10
13.0146598816,80.2244415283,24993,25003,10
13.0152196884,80.2248382568,25003,25013,10
13.0154104233,80.224899292,25013,25023,10
13.0156002045,80.2250823975,25023,25033,10
13.0163402557,80.2253265381,25033,25043,10
13.0173997879,80.2249908447,25043,25054,11
13.0186395645,80.2244796753,25054,25064,10
13.0193004608,80.2243118286,25064,25074,10
13.0193395615,80.2243118286,25074,25084,10
13.019200325,80.2243118286,25084,25094,10
13.0192203522,80.2243728638,25094,25104,10
13.0192804337,80.2243804932,25104,25114,10
13.0196800232,80.2245330811,25114,25124,10
13.0200500488,80.2247314453,25124,25134,10
13.0206804276,80.2251663208,25134,25145,11
13.0213899612,80.2257766724,25145,25155,10
13.0219097137,80.226272583,25155,25165,10
13.0223302841,80.2265930176,25165,25175,10
13.0228796005,80.2271194458,25175,25185,10
13.0235300064,80.2276535034,25185,25195,10
13.0244503021,80.2283096313,25195,25205,10
13.0249099731,80.2291030884,25205,25215,10
13.0253601074,80.2298202515,25215,25225,10
13.0257701874,80.2303009033,25225,25235,10
13.02602005,80.2308807373,25235,25245,10
13.0260801315,80.2312164307,25245,25256,11
13.0261201859,80.2313766479,25256,25266,10
13.0266504288,80.2312164307,25266,25276,10
13.0273199081,80.2309188843,25276,25286,10
13.0281801224,80.2309570313,25286,25296,10
13.0287399292,80.2310409546,25296,25306,10
13.0286998749,80.2310028076,25306,25316,10
13.0291900635,80.2308578491,25316,25326,10
13.0303001404,80.2308502197,25326,25363,37
13.0303201675,80.2292404175,25363,25415,52
13.0303201675,80.2292404175,25415,25425,10
13.0300703049,80.2273635864,25425,25435,10
13.0292901993,80.2273178101,25435,25445,10
13.0275402069,80.2269973755,25445,25486,41
13.0275402069,80.2269973755,25486,25496,10
13.0282297134,80.225479126,25496,25506,10
13.0284204483,80.2246398926,25506,25516,10
13.0286903381,80.2232437134,25516,25557,41
13.0286903381,80.2232437134,25557,25566,9
13.0309400558,80.2243423462,25566,25576,10
13.0311698914,80.2239532471,25576,25587,11
13.03125,80.2232513428,25587,25597,10
13.0312595367,80.2231826782,25597,25607,10
13.0312995911,80.2228393555,25607,25617,10
13.0315799713,80.2223129272,25617,25627,10
13.0318403244,80.2217712402,25627,25637,10
13.0320196152,80.2211074829,25637,25647,10
13.032119751,80.2202377319,25647,25657,10
13.0321903229,80.219833374,25657,25667,10
13.0322303772,80.2196502686,25667,25677,10
13.0322303772,80.2191467285,25677,25688,11
13.0318403244,80.2184524536,25688,25698,10
13.0315303802,80.2179794312,25698,25708,10
13.0314397812,80.2171783447,25708,25718,10
13.0313396454,80.2168426514,25718,25728,10
13.0308904648,80.216506958,25728,25738,10
13.030500412,80.2164077759,25738,25748,10
13.0304603577,80.2158584595,25748,25768,20
13.0304603577,80.2158584595,25768,25779,11
13.0302095413,80.2136383057,25779,25799,20
13.0302095413,80.2136383057,25799,25809,10
13.0306396484,80.2135009766,25809,25819,10
13.0306196213,80.2131500244,25819,25829,10
13.0307502747,80.2124176025,25829,25839,10
13.03083992,80.2116394043,25839,25849,10
13.0309400558,80.2113800049,25849,25859,10
13.0310001373,80.2108383179,25859,25869,10
13.031080246,80.2099533081,25869,26764,895
13.031080246,80.2099533081,26764,26774,10
13.0473098755,80.2108306885,26774,26784,10
13.0479898453,80.2108612061,26784,26794,10
13.0485200882,80.2107772827,26794,26804,10
13.049200058,80.2107772827,26804,26814,10
13.0495100021,80.2108001709,26814,26824,10
13.0498104095,80.2108001709,26824,26834,10
13.0497703552,80.2104263306,26834,26844,10
13.049659729,80.2097625732,26844,26854,10
13.0494804382,80.2082595825,26854,26885,31
13.049079895,80.2069473267,26885,26923,38
13.049079895,80.2069473267,26923,26933,10
13.0489997864,80.2071762085,26933,28597,1664
13.0489997864,80.2071762085,28597,28613,16
13.0389795303,80.1991577148,28613,28625,12
13.039059639,80.1989135742,28625,28636,11
13.0391302109,80.1984405518,28636,28646,10
13.0392398834,80.1975479126,28646,28656,10
13.0393600464,80.1968002319,28656,28675,19
13.0393600464,80.1968002319,28675,28686,11
13.0394096375,80.1964035034,28686,28696,10
13.0394802094,80.1957626343,28696,28747,51
13.0394802094,80.1957626343,28747,28757,10
13.0393896103,80.1930007935,28757,28767,10
13.0392198563,80.1929779053,28767,28777,10
13.0390195847,80.1929626465,28777,28787,10
13.0389299393,80.1929702759,28787,28797,10
13.0388803482,80.1931304932,28797,28807,10
13.0389003754,80.1932220459,28807,28817,10
13.0386800766,80.1929168701,28817,28848,31
13.0386800766,80.1929168701,28848,28858,10
13.0382995605,80.1928329468,28858,28868,10
13.0379400253,80.192779541,28868,28878,10
13.0376396179,80.193069458,28878,28888,10
13.0375404358,80.1938781738,28888,28898,10
13.0374698639,80.1948013306,28898,28908,10
13.0373001099,80.1957168579,28908,28918,10
13.0370998383,80.196762085,28918,34198,5280
13.0370998383,80.196762085,34198,34209,11
13.0085401535,80.232208252,34209,34219,10
13.008769989,80.2299118042,34219,37571,3352
13.0491504669,80.2071380615,37571,37591,20
13.0491504669,80.2071380615,37591,37601,10
13.0491199493,80.20703125,37601,37854,253
13.0491199493,80.20703125,37854,37864,10
13.0492401123,80.2070617676,37864,37874,10
13.049249649,80.2070388794,37874,37884,10
13.0493402481,80.2068405151,37884,38338,454
13.0493402481,80.2068405151,38338,38348,10
13.0492401123,80.2118377686,38348,38520,172
13.0441398621,80.2093734741,38520,38570,50
13.0441398621,80.2093734741,38570,38580,10
13.0439395905,80.2065505981,38580,38590,10
13.0430898666,80.2061691284,38590,38601,11
13.0422496796,80.2051925659,38601,39098,497
13.0422496796,80.2051925659,39098,39108,10
13.0369997025,80.1970977783,39108,39118,10
13.036860466,80.198059082,39118,39320,202
13.036860466,80.198059082,39320,39330,10
13.0356702805,80.2057800293,39330,39633,303
13.0356702805,80.2057800293,39633,39643,10
13.0306196213,80.2093505859,39643,39754,111
13.03028965,80.211769104,39754,39784,30
13.03028965,80.211769104,39784,39794,10
13.0305900574,80.2128601074,39794,39804,10
13.0304803848,80.2141418457,39804,39845,41
13.0304803848,80.2141418457,39845,39855,10
13.0303297043,80.2147674561,39855,39865,10
13.0302801132,80.2148590088,39865,39956,91
13.0323200226,80.2180786133,39956,40027,71
13.0321998596,80.2207794189,40027,40057,30
13.031709671,80.2219467163,40057,40128,71
13.0311002731,80.2241210938,40128,40238,110
13.0311002731,80.2241210938,40238,40249,11
13.0279798508,80.2264022827,40249,40259,10
13.0280895233,80.2272796631,40259,40319,60
13.0280895233,80.2272796631,40319,40329,10
13.029999733,80.2277297974,40329,40369,40
13.029999733,80.2277297974,40369,40380,11
13.0302095413,80.2290420532,40380,40390,10
13.0303297043,80.23021698,40390,40400,10
13.030380249,80.2310180664,40400,40410,10
13.0304698944,80.2308425903,40410,40420,10
13.0300102234,80.2308502197,40420,40429,9
13.0295495987,80.2307662964,40429,40440,11
13.0292396545,80.2307128906,40440,40450,10
13.0296201706,80.2307662964,40450,40460,10
13.0294103622,80.2307815552,40460,40501,41
13.0294103622,80.2307815552,40501,40511,10
13.027680397,80.2322769165,40511,40521,10
13.0273399353,80.233757019,40521,40622,101
13.0273399353,80.233757019,40622,40632,10
13.0272798538,80.2330093384,40632,43523,2891
13.0272798538,80.2330093384,43523,43533,10
12.9980201721,80.2559967041,43533,43584,51
12.9980201721,80.2559967041,43584,43594,10
12.9989900589,80.2558670044,43594,43604,10
12.9990901947,80.2559814453,43604,43614,10
12.9994897842,80.2559814453,43614,43634,20
12.9994897842,80.2559814453,43634,43644,10
12.9997396469,80.2562408447,43644,43654,10
13.0005598068,80.2565536499,43654,43664,10
13.0006303787,80.2565765381,43664,43685,21
13.0015697479,80.2566299438,43685,43735,50
13.0023298264,80.2565765381,43735,43775,40
13.004989624,80.2573928833,43775,43846,71
13.004989624,80.2573928833,43846,43856,10
13.0065002441,80.2574234009,43856,43866,10
13.0062904358,80.2570495605,43866,43875,9
13.0063199997,80.2558822632,43875,43896,21
13.0063199997,80.2558822632,43896,43906,10
13.006360054,80.2535629272,43906,43937,31
13.006310463,80.2531890869,43937,44028,91
13.0064296722,80.2515563965,44028,44108,80
13.006310463,80.2483062744,44108,44219,111
13.0051298141,80.2474594116,44219,44260,41
13.0051298141,80.2474594116,44260,44270,10
13.0063495636,80.2476806641,44270,44280,10
13.0066204071,80.2475509644,44280,44290,10
13.0066795349,80.2471694946,44290,44300,10
13.0064096451,80.2468338013,44300,44310,10
13.0061998367,80.2466430664,44310,44320,10
13.006819725,80.2465133667,44320,44330,10
13.006360054,80.2460327148,44330,44340,10
13.0064201355,80.2454528809,44340,44350,10
13.0063400269,80.2447967529,44350,44361,11
13.0067100525,80.2443237305,44361,44371,10
13.0062904358,80.2439498901,44371,44381,10
13.0064096451,80.2426605225,44381,44391,10
13.0056400299,80.2419128418,44391,44431,40
13.0056400299,80.2419128418,44431,44441,10
13.0062999725,80.2403717041,44441,44461,20
13.0062999725,80.2403717041,44461,44472,11
13.0069198608,80.2396469116,44472,44492,20
13.0069198608,80.2396469116,44492,44508,16
13.0064001083,80.2370910645,44508,44528,20
13.0064001083,80.2370910645,44528,44540,12
13.007060051,80.2368011475,44540,44550,10
13.0074701309,80.2366409302,44550,44560,10
13.0075902939,80.2360305786,44560,44570,10
13.0075302124,80.2354431152,44570,44580,10
13.008190155,80.2350692749,44580,44592,12
13.0076799393,80.2346115112,44592,44602,10
13.0074195862,80.2336273193,44602,44612,10
13.0086202621,80.2329788208,44612,44622,10
13.0079603195,80.231590271,44622,44652,30
13.0079603195,80.231590271,44652,44662,10
13.0090703964,80.2286834717,44662,44672,10
13.0103797913,80.2267837524,44672,44693,21
13.0110301971,80.2247924805,44693,44733,40
13.0110301971,80.2247924805,44733,44743,10
13.0107402802,80.2235717773,44743,44753,10
13.011469841,80.2235183716,44753,44773,20
13.011469841,80.2235183716,44773,44783,10
13.0118103027,80.2217025757,44783,44794,11
13.0127296448,80.2221221924,44794,44803,9
13.013250351,80.2223434448,44803,44814,11
13.0145797729,80.2229614258,44814,44824,10
13.014169693,80.2239532471,44824,44844,20
13.014169693,80.2239532471,44844,44854,10
13.0153598785,80.2250595093,44854,44864,10
13.015709877,80.2250976563,44864,44874,10
13.01720047,80.225112915,44874,44884,10
13.016500473,80.2252731323,44884,44895,11
13.0159797668,80.2253189087,44895,44904,9
13.0155296326,80.2252120972,44904,44914,10
13.0157203674,80.2253265381,44914,44925,11
13.0165596008,80.2249679565,44925,44955,30
13.0165596008,80.2249679565,44955,44965,10
13.0193099976,80.2246704102,44965,44995,30
13.0193099976,80.2246704102,44995,45005,10
13.0192298889,80.2245635986,45005,45016,11
13.0207996368,80.2252502441,45016,45056,40
13.0207996368,80.2252502441,45056,45066,10
13.0226697922,80.2266464233,45066,45076,10
13.0235395432,80.2274169922,45076,45084,8
13.0229301453,80.2273178101,45084,45096,12
13.0239496231,80.2283172607,45096,45106,10
13.0242900848,80.2288818359,45106,45116,10
13.0246601105,80.229347229,45116,45126,10
13.0251998901,80.2294311523,45126,45137,11
13.0253095627,80.2299194336,45137,45147,10
13.0255203247,80.230140686,45147,45157,10
13.0255699158,80.2305603027,45157,45187,30
13.0255699158,80.2305603027,45187,45197,10
13.0256500244,80.2308502197,45197,45207,10
13.0260000229,80.2311706543,45207,45217,10
13.025639534,80.2311630249,45217,45284,67
13.027469635,80.2304000854,45284,45498,214
13.027469635,80.2304000854,45498,45508,10
13.0274000168,80.2249298096,45508,45518,10
13.0285797119,80.2256317139,45518,45528,10
13.0283899307,80.2241210938,45528,45579,51
13.0299901962,80.2241897583,45579,45599,20
13.0299901962,80.2241897583,45599,45609,10
13.0312795639,80.2235794067,45609,45649,40
13.0312795639,80.2235794067,45649,45659,10
13.0292797089,80.2214584351,45659,45669,10
13.0318698883,80.2219390869,45669,45679,10
13.0313796997,80.2203063965,45679,45720,41
13.0313796997,80.2203063965,45720,45730,10
13.031080246,80.2191314697,45730,45740,10
13.0324296951,80.2198028564,45740,45750,10
13.0319299698,80.2191314697,45750,45760,10
13.031709671,80.2183914185,45760,45770,10
13.0312004089,80.2181777954,45770,45787,17
13.0312004089,80.2173614502,45787,45799,12
13.031129837,80.2168884277,45799,46586,787
13.031129837,80.2168884277,46586,46596,10
13.0388097763,80.1922302246,46596,46664,68
13.0420398712,80.1944122314,46664,46806,142
13.0401201248,80.1995620728,46806,46975,169
13.0429296494,80.2063827515,46975,52978,6003
13.0429296494,80.2063827515,52978,52988,10
13.0016498566,80.2656707764,52988,52998,10
13.0003204346,80.2662811279,52998,53120,122
13.0003204346,80.2662811279,53120,53130,10
13.0001497269,80.2667770386,53130,53150,20
13.0001497269,80.2667770386,53150,53160,10
12.9998903275,80.2668685913,53160,53170,10
12.9997301102,80.2669296265,53170,53180,10
12.9993000031,80.2670593262,53180,53191,11
12.9985704422,80.2673110962,53191,53201,10
12.9978199005,80.2674713135,53201,53211,10
12.997130394,80.2676773071,53211,53221,10
12.9965000153,80.2677764893,53221,53231,10
12.9958600998,80.267829895,53231,53241,10
12.9956703186,80.2674789429,53241,53251,10
12.9956798553,80.2673721313,53251,53261,10
12.9956998825,80.2672729492,53261,53271,10
12.9957399368,80.2668304443,53271,53281,10
12.9958095551,80.2660827637,53281,53291,10
12.9959201813,80.2652282715,53291,53301,10
12.9960298538,80.2643203735,53301,53312,11
12.9961395264,80.2633972168,53312,53322,10
12.9961795807,80.2627716064,53322,53332,10
12.9961996078,80.2626037598,53332,53342,10
12.9962396622,80.2623519897,53342,53352,10
12.9962997437,80.2618789673,53352,53362,10
12.9963598251,80.2614135742,53362,53372,10
12.9964399338,80.2606201172,53372,53382,10
12.9965295792,80.2597885132,53382,53392,10
12.9965400696,80.2594680786,53392,53402,10
12.9965200424,80.2593536377,53402,53412,10
12.9966001511,80.2589416504,53412,53423,11
12.9966802597,80.2581863403,53423,53433,10
12.9968004227,80.2571792603,53433,53453,20
12.9968004227,80.2571792603,53453,53463,10
12.9968395233,80.257019043,53463,53473,10
12.9968795776,80.2566223145,53473,53483,10
12.9969100952,80.2561721802,53483,53534,51
12.9969100952,80.2561721802,53534,53544,10
12.997010231,80.2558135986,53544,53554,10
12.9974603653,80.255821228,53554,53564,10
12.9979496002,80.2558670044,53564,53574,10
12.9984102249,80.255897522,53574,53584,10
12.9987697601,80.2559509277,53584,53604,20
12.9987697601,80.2559509277,53604,53614,10
12.9989204407,80.2559432983,53614,53624,10
12.9989595413,80.2559585571,53624,53635,11
12.9990501404,80.2559967041,53635,53645,10
12.9993600845,80.2560501099,53645,53655,10
12.9996595383,80.2561264038,53655,53665,10
13.0000896454,80.2562179565,53665,53681,16
13.0009202957,80.2563781738,53681,53693,12
13.0016002655,80.2565002441,53693,53703,10
13.0018901825,80.2565536499,53703,53713,10
13.0023002625,80.2565765381,53713,53723,10
13.0025196075,80.2566299438,53723,53733,10
13.0028896332,80.256690979,53733,53744,11
13.0032396317,80.2567825317,53744,53754,10
13.0038204193,80.2568817139,53754,53764,10
13.0043497086,80.257019043,53764,53773,9
13.0048704147,80.2571105957,53773,53784,11
13.0055198669,80.2572174072,53784,53794,10
13.0061197281,80.2573318481,53794,53824,30
13.0061197281,80.2573318481,53824,53834,10
13.0064296722,80.2574234009,53834,53844,10
13.006480217,80.2571029663,53844,53855,11
13.0064096451,80.2565765381,53855,53865,10
13.006480217,80.2559661865,53865,53875,10
13.0065002441,80.2553482056,53875,53885,10
13.0065402985,80.254737854,53885,53895,10
13.0065202713,80.2539520264,53895,53905,10
13.0065402985,80.2532272339,53905,53925,20
13.0065402985,80.2532272339,53925,53935,10
13.0065202713,80.2531585693,53935,53976,41
13.0065202713,80.2531585693,53976,53986,10
13.0065202713,80.2529983521,53986,53996,10
13.006529808,80.2526779175,53996,54006,10
13.0066404343,80.2519378662,54006,54097,91
13.0066404343,80.2519378662,54097,54107,10
13.0067396164,80.2515563965,54107,54123,16
13.0067596436,80.250579834,54123,54135,12
13.0067300797,80.2497177124,54135,54145,10
13.0067596436,80.2496490479,54145,54155,10
13.0067901611,80.2493515015,54155,54165,10
13.0067195892,80.2487030029,54165,54173,8
13.006649971,80.2479019165,54173,54236,63
13.006649971,80.2479019165,54236,54246,10
13.0066003799,80.2477416992,54246,54255,9
13.0066299438,80.2472915649,54255,54266,11
13.0065898895,80.2465133667,54266,54286,20
13.0065898895,80.2465133667,54286,54297,11
13.0066204071,80.2460174561,54297,54307,10
13.0066099167,80.2453994751,54307,54317,10
13.0066204071,80.2447662354,54317,54327,10
13.0066404343,80.2442626953,54327,54337,10
13.0066299438,80.2437362671,54337,54347,10
13.0065803528,80.2431564331,54347,54357,10
13.0065698624,80.2424163818,54357,54367,10
13.0065603256,80.2417373657,54367,54377,10
13.0065603256,80.2416610718,54377,54387,10
13.0065603256,80.2414779663,54387,54397,10
13.006649971,80.2405776978,54397,54418,21
13.006649971,80.2405776978,54418,54428,10
13.0067195892,80.2403335571,54428,54438,10
13.0068397522,80.2398986816,54438,54448,10
13.0069799423,80.2392120361,54448,54458,10
13.0071201324,80.2383422852,54458,54468,10
13.0073003769,80.2374725342,54468,54478,10
13.0073795319,80.236869812,54478,54498,20
13.0073795319,80.236869812,54498,54508,10
13.0074195862,80.2367477417,54508,54519,11
13.0075502396,80.2362670898,54519,54529,10
13.0076704025,80.2356414795,54529,54539,10
13.0077400208,80.2352676392,54539,54549,10
13.0078296661,80.2348327637,54549,54559,10
13.0079603195,80.2341308594,54559,54569,10
13.0081596375,80.2332077026,54569,54579,10
13.0083503723,80.2322235107,54579,54589,10
13.0085601807,80.2311706543,54589,54599,10
13.0087203979,80.2302780151,54599,54609,10
13.0089502335,80.229057312,54609,54619,10
13.0092201233,80.2280578613,54619,54630,11
13.0096998215,80.2269668579,54630,54640,10
13.0101604462,80.2260284424,54640,54650,10
13.01060009,80.2251281738,54650,54660,10
13.0109996796,80.2242202759,54660,54670,10
13.0112495422,80.2236022949,54670,54680,10
13.0112304688,80.2234115601,54680,54690,10
13.0112800598,80.2230834961,54690,54700,10
13.0116100311,80.2225875854,54700,54710,10
13.0119895935,80.2217025757,54710,54720,10
13.0123701096,80.2214584351,54720,54730,10
13.0124998093,80.2217330933,54730,54740,10
13.0128202438,80.2221221924,54740,54751,11
13.0134000778,80.2228622437,54751,54761,10
13.0138301849,80.2232437134,54761,54771,10
13.0142698288,80.2236862183,54771,54781,10
13.0145196915,80.2240600586,54781,54791,10
13.0153198242,80.2248764038,54791,54811,20
13.0153198242,80.2248764038,54811,54821,10
13.0154304504,80.2249526978,54821,54831,10
13.0155601501,80.2251281738,54831,54841,10
13.0158996582,80.2253265381,54841,54852,11
13.0165100098,80.2252731323,54852,54862,10
13.0171804428,80.2250213623,54862,54872,10
13.0179195404,80.2247314453,54872,54882,10
13.0186195374,80.2244720459,54882,54892,10
13.0192203522,80.224281311,54892,54922,30
13.0192203522,80.224281311,54922,54932,10
13.0197200775,80.2246170044,54932,54962,30
13.0197200775,80.2246170044,54962,54973,11
13.019949913,80.2247619629,54973,54983,10
13.0203800201,80.2250595093,54983,54993,10
13.021030426,80.2255477905,54993,55003,10
13.0216999054,80.226020813,55003,55012,9
13.022359848,80.2265319824,55012,55022,10
13.0230798721,80.2271881104,55022,55032,10
13.0237598419,80.2278137207,55032,55042,10
13.0242595673,80.2283935547,55042,55053,11
13.0244102478,80.2285766602,55053,55063,10
13.0245895386,80.2288284302,55063,55074,11
13.0246095657,80.2288589478,55074,55084,10
13.0246400833,80.2288894653,55084,55094,10
13.0248804092,80.2292404175,55094,55104,10
13.0254001617,80.229850769,55104,55124,20
13.0254001617,80.229850769,55124,55134,10
13.0255804062,80.2301177979,55134,55144,10
13.0257902145,80.2305603027,55144,55154,10
13.0259103775,80.2309036255,55154,55164,10
13.025970459,80.2312393188,55164,55174,10
13.0264396667,80.2311706543,55174,55185,11
13.0271596909,80.2309799194,55185,55195,10
13.0277395248,80.2309036255,55195,55205,10
13.0283699036,80.2308502197,55205,55225,20
13.0283699036,80.2308502197,55225,55235,10
13.0286598206,80.2308502197,55235,55245,10
13.0290298462,80.2308273315,55245,55275,30
13.0290298462,80.2308273315,55275,55285,10
13.0293798447,80.2307510376,55285,55296,11
13.0299301147,80.2307128906,55296,55306,10
13.0305099487,80.2306518555,55306,55316,10
13.0305995941,80.230430603,55316,55326,10
13.0305500031,80.2300872803,55326,55336,10
13.0303401947,80.2294998169,55336,55345,9
13.0302696228,80.2288589478,55345,55356,11
13.0303497314,80.2283477783,55356,55366,10
13.0303497314,80.2283172607,55366,55376,10
13.0303497314,80.228187561,55376,55386,10
13.0304203033,80.2279434204,55386,55396,10
13.0303401947,80.2275238037,55396,55407,11
13.0297803879,80.2274398804,55407,55417,10
13.0286397934,80.2272109985,55417,55437,20
13.0286397934,80.2272109985,55437,55447,10
13.028380394,80.2272033691,55447,55457,10
13.0279598236,80.2270431519,55457,55467,10
13.0279998779,80.2266769409,55467,55477,10
13.0281400681,80.2259597778,55477,55487,10
13.0282697678,80.2251586914,55487,55497,10
13.0284404755,80.2242889404,55497,55507,10
13.0286998749,80.223991394,55507,55518,11
13.0287103653,80.2240066528,55518,55528,10
13.028840065,80.2240829468,55528,55538,10
13.0291700363,80.2242584229,55538,55548,10
13.0298299789,80.2242431641,55548,55558,10
13.0305595398,80.2242126465,55558,55568,10
13.031080246,80.2241287231,55568,55578,10
13.0311203003,80.2237091064,55578,55588,10
13.0311698914,80.223197937,55588,55608,20
13.0311698914,80.223197937,55608,55618,10
13.0312004089,80.2229385376,55618,55629,11
13.0314598083,80.2224578857,55629,55639,10
13.0315904617,80.2219009399,55639,55649,10
13.0318899155,80.2212905884,55649,55659,10
13.0321102142,80.2205276489,55659,55669,10
13.0321397781,80.2197418213,55669,55689,20
13.0321598053,80.2195281982,55689,55698,9
13.0321598053,80.2195281982,55698,55709,11
13.0321798325,80.2191085815,55709,55719,10
13.0320901871,80.21849823,55719,55729,10
13.031539917,80.2183380127,55729,55739,10
13.0314903259,80.2177276611,55739,55750,11
13.0313997269,80.2171096802,55750,55761,11
13.0310897827,80.2170562744,55761,55771,10
13.0306301117,80.217048645,55771,55782,11
13.0304803848,80.2167510986,55782,55791,9
13.0304698944,80.2167434692,55791,55803,12
13.0304002762,80.2164764404,55803,55813,10
13.0303897858,80.2159500122,55813,55823,10
13.030380249,80.2152786255,55823,55833,10
13.030380249,80.2146530151,55833,55844,11
13.030380249,80.2145690918,55844,55854,10
13.0304002762,80.2143707275,55854,55863,9
13.0304403305,80.2139663696,55863,55874,11
13.0304603577,80.2135925293,55874,55884,10
13.0305204391,80.2131271362,55884,55894,10
13.0306100845,80.2127380371,55894,55904,10
13.0306797028,80.2124710083,55904,55914,10
13.0306997299,80.2116394043,55914,55924,10
13.0307998657,80.2112426758,55924,55934,10
13.0308103561,80.2108001709,55934,55944,10
13.0309200287,80.210357666,55944,55955,11
13.0309200287,80.2100219727,55955,55965,10
13.0306901932,80.2099609375,55965,55975,10
13.0303897858,80.2098922729,55975,55985,10
13.0300397873,80.2097167969,55985,55995,10
13.0300798416,80.2094421387,55995,56005,10
13.0300397873,80.2093963623,56005,56015,10
13.030090332,80.2093276978,56015,56025,10
13.0303602219,80.2091064453,56025,56035,10
13.0309295654,80.2092437744,56035,56045,10
13.0314998627,80.2093811035,56045,56055,10
13.0317401886,80.2096862793,56055,56066,11
13.0315704346,80.2095413208,56066,56076,10
13.0319900513,80.2095565796,56076,56086,10
13.03262043,80.2096481323,56086,56096,10
13.0334196091,80.2097702026,56096,56106,10
13.0342197418,80.2098999023,56106,56116,10
13.0349798203,80.2098999023,56116,56126,10
13.0351295471,80.2093429565,56126,56136,10
13.0352201462,80.2088775635,56136,56146,10
13.0352096558,80.2088775635,56146,56156,10
13.0352602005,80.2088088989,56156,56166,10
13.0353002548,80.2083587646,56166,56177,11
13.0354299545,80.2075805664,56177,56187,10
13.0355596542,80.2066802979,56187,56197,10
13.0355901718,80.2061080933,56197,56207,10
13.0355300903,80.205406189,56207,56227,20
13.0355300903,80.205406189,56227,56237,10
13.03565979,80.2052612305,56237,56247,10
13.0358104706,80.2050018311,56247,56257,10
13.0359802246,80.204498291,56257,56267,10
13.0360498428,80.2037124634,56267,56277,10
13.0361404419,80.2029724121,56277,56288,11
13.0362100601,80.202041626,56288,56297,9
13.0363101959,80.2016067505,56297,56308,11
13.0362796783,80.201499939,56308,56318,10
13.0362300873,80.201499939,56318,56328,10
13.0363397598,80.2011795044,56328,56338,10
13.0364398956,80.2006607056,56338,56347,9
13.036529541,80.1998672485,56347,56358,11
13.0367002487,80.1987991333,56358,56367,9
13.0367603302,80.198387146,56367,56378,11
13.0368204117,80.1983795166,56378,56388,10
13.0368499756,80.1980895996,56388,56399,11
13.0368995667,80.1975021362,56399,56409,10
13.0369997025,80.1968002319,56409,56419,10
13.0370597839,80.1963577271,56419,56429,10
13.0370702744,80.1963500977,56429,56439,10
13.0370998383,80.1961212158,56439,56449,10
13.0371198654,80.1955718994,56449,56459,10
13.0372695923,80.1947402954,56459,56469,10
13.0373897552,80.1938400269,56469,56479,10
13.0375099182,80.1930236816,56479,56489,10
13.0378704071,80.1927185059,56489,56499,10
13.0388298035,80.1928405762,56499,56530,31
13.0388298035,80.1928405762,56530,56540,10
13.0390796661,80.1928787231,56540,56550,10
13.0395402908,80.1929626465,56550,56560,10
13.0400600433,80.1930236816,56560,56570,10
13.0406398773,80.1931228638,56570,56580,10
13.0413398743,80.1932220459,56580,56590,10
13.0417203903,80.193397522,56590,56600,10
13.0416402817,80.1937866211,56600,56610,10
13.0416402817,80.1938171387,56610,56621,11
13.0416698456,80.1942214966,56621,56631,10
13.041560173,80.1947631836,56631,56641,10
13.041469574,80.1951904297,56641,56651,10
13.0415096283,80.1957168579,56651,56661,10
13.0413599014,80.1963806152,56661,56671,10
13.0412902832,80.1966323853,56671,56687,16
13.0412397385,80.1970672607,56687,56699,12
13.0411100388,80.1979827881,56699,56707,8
13.0410499573,80.198600769,56707,56719,12
13.0409202576,80.1991577148,56719,56729,10
13.0409002304,80.199256897,56729,56740,11
13.0408601761,80.1996612549,56740,56750,10
13.040769577,80.2003707886,56750,56759,9
13.0406904221,80.201171875,56759,56770,11
13.0405597687,80.2019195557,56770,56781,11
13.0404701233,80.2025680542,56781,56791,10
13.0403404236,80.2034072876,56791,56801,10
13.0402402878,80.2042770386,56801,56810,9
13.040140152,80.2049102783,56810,56820,10
13.0403995514,80.2050170898,56820,56831,11
13.0410003662,80.205116272,56831,56852,21
13.0410003662,80.205116272,56852,56862,10
13.0413599014,80.2052001953,56862,56872,10
13.041970253,80.2052764893,56872,56882,10
13.0424900055,80.2054595947,56882,56892,10
13.0428600311,80.2060089111,56892,56902,10
13.0434103012,80.2067108154,56902,56912,10
13.043800354,80.2073974609,56912,56922,10
13.0439996719,80.2081832886,56922,56932,10
13.0440797806,80.2089233398,56932,56942,10
13.0440797806,80.2089691162,56942,56953,11
13.0440502167,80.2091827393,56953,56963,10
13.0440301895,80.2094192505,56963,56973,10
13.0440397263,80.2100830078,56973,56983,10
13.0440502167,80.2109375,56983,56993,10
13.0441398621,80.2121200562,56993,57013,20
13.0441398621,80.2121200562,57013,57023,10
13.0446395874,80.2122116089,57023,57033,10
13.0454301834,80.2121582031,57033,57043,10
13.0463399887,80.2121429443,57043,57053,10
13.0469198227,80.2120819092,57053,57064,11
13.0470199585,80.2118377686,57064,57074,10
13.0470304489,80.2118301392,57074,57084,10
13.0469799042,80.2115631104,57084,57094,10
13.046959877,80.2110671997,57094,57104,10
13.0471200943,80.2108001709,57104,57114,10
13.0476303101,80.2107772827,57114,57124,10
13.0482702255,80.2108001709,57124,57134,10
13.0489997864,80.2108306885,57134,57144,10
13.0495595932,80.2108764648,57144,57154,10
13.0496196747,80.2104492188,57154,57164,10
13.0495300293,80.2096786499,57164,57174,10
13.0494804382,80.2094497681,57174,57184,10
13.0495500565,80.2094192505,57184,57195,11
13.0495195389,80.2089080811,57195,57205,10
13.049249649,80.2080993652,57205,57214,9
13.0488500595,80.2070465088,57214,57254,40
13.0488500595,80.2070465088,57254,57265,11
13.0490703583,80.206741333,57265,57275,10
13.0492200851,80.206993103,57275,57859,584
13.049249649,80.2073364258,57859,57909,50
13.049249649,80.2073364258,57909,57919,10
13.0489902496,80.2074279785,57919,57929,10
13.049079895,80.207611084,57929,57939,10
13.0492095947,80.2080078125,57939,57950,11
13.0493497849,80.2084732056,57950,57960,10
13.0494403839,80.2089004517,57960,57970,10
13.0494804382,80.2094421387,57970,57980,10
13.0495100021,80.2100296021,57980,57990,10
13.0496101379,80.210609436,57990,58000,10
13.0497303009,80.2115097046,58000,58040,40
13.0497303009,80.2115097046,58040,58050,10
13.0497999191,80.2116012573,58050,58061,11
13.0498600006,80.2118835449,58061,58071,10
13.0495004654,80.2121887207,58071,58101,30
13.0495004654,80.2121887207,58101,58111,10
13.0493001938,80.2122192383,58111,58121,10
13.0488595963,80.2122268677,58121,58131,10
13.0481300354,80.2122497559,58131,58141,10
13.047369957,80.2123336792,58141,58151,10
13.0464801788,80.212348938,58151,58161,10
13.0455999374,80.2124099731,58161,58172,11
13.044380188,80.2123794556,58172,58208,36
13.044380188,80.2123794556,58208,58220,12
13.0443096161,80.2121582031,58220,58230,10
13.0442495346,80.2117385864,58230,58240,10
13.0442495346,80.2110977173,58240,58250,10
13.0442304611,80.2103424072,58250,58260,10
13.0441703796,80.2094573975,58260,58270,10
13.0440797806,80.2089614868,58270,58281,11
13.0440998077,80.2089004517,58281,58291,10
13.0440998077,80.2083969116,58291,58301,10
13.0439996719,80.2078475952,58301,58311,10
13.0437297821,80.2070999146,58311,58319,8
13.0433301926,80.2065811157,58319,58331,12
13.0428695679,80.2060012817,58331,58340,9
13.0424604416,80.2055206299,58340,58351,11
13.0417804718,80.205291748,58351,58361,10
13.0409698486,80.2051925659,58361,58381,20
13.0409698486,80.2051925659,58381,58392,11
13.0407896042,80.2051773071,58392,58402,10
13.0402898788,80.2051010132,58402,58412,10
13.0397195816,80.2050476074,58412,58422,10
13.039059639,80.2049179077,58422,58432,10
13.0383796692,80.2048187256,58432,58442,10
13.0380802155,80.2046432495,58442,58452,10
13.0382003784,80.2042617798,58452,58462,10
13.0383300781,80.2035369873,58462,58472,10
13.0384702682,80.2026290894,58472,58482,10
13.0385599136,80.2020263672,58482,58493,11
13.0385904312,80.2018432617,58493,58502,9
13.0386400223,80.2014770508,58502,58513,11
13.0387401581,80.2007522583,58513,58522,9
13.038860321,80.200088501,58522,58533,11
13.0389204025,80.1993408203,58533,58543,10
13.0389404297,80.1991577148,58543,58553,10
13.0389995575,80.1987380981,58553,58563,10
13.0390796661,80.1981735229,58563,58573,10
13.0391597748,80.1976928711,58573,58583,10
13.0392599106,80.1970367432,58583,58593,10
13.039270401,80.196937561,58593,58603,10
13.0392999649,80.1967391968,58603,58613,10
13.0393800735,80.1962814331,58613,58624,11
13.0395097733,80.1953125,58624,58634,10
13.0396404266,80.1943664551,58634,58644,10
13.0397996902,80.1932678223,58644,58664,20
13.0397996902,80.1932678223,58664,58674,10
13.0397500992,80.193069458,58674,58684,10
13.0393199921,80.1929931641,58684,58694,10
13.038769722,80.1929016113,58694,58704,10
13.0386800766,80.1928482056,58704,58714,10
13.0383901596,80.192817688,58714,58725,11
13.0379600525,80.1928100586,58725,58735,10
13.0376300812,80.1931533813,58735,58745,10
13.0375099182,80.193977356,58745,58755,10
13.0373897552,80.1948623657,58755,58765,10
13.0372600555,80.1956710815,58765,58781,16
13.0372400284,80.1960830688,58781,58793,12
13.037150383,80.1962509155,58793,58801,8
13.0370998383,80.1966705322,58801,58813,12
13.0369501114,80.1976089478,58813,58823,10
13.0368404388,80.1983795166,58823,58834,11
13.0368099213,80.1986236572,58834,58844,10
13.0367603302,80.1988983154,58844,58853,9
13.0366802216,80.1995010376,58853,58864,11
13.0365400314,80.2003326416,58864,58874,10
13.0364398956,80.2010879517,58874,58884,10
13.0363798141,80.2015533447,58884,58894,10
13.036359787,80.2018814087,58894,58904,10
13.0363502502,80.2018814087,58904,58912,8
13.0362901688,80.2022171021,58912,58924,12
13.0361795425,80.2030105591,58924,58934,10
13.0360603333,80.2037887573,58934,58944,10
13.0359802246,80.2044525146,58944,58955,11
13.0358600616,80.2051773071,58955,58965,10
13.0357303619,80.205947876,58965,58975,10
13.0355997086,80.2068328857,58975,58985,10
13.0354604721,80.2078094482,58985,58995,10
13.0354003906,80.2084274292,58995,59004,9
13.0354003906,80.2084579468,59004,59014,10
13.0353603363,80.2087020874,59014,59025,11
13.0352497101,80.2094116211,59025,59035,10
13.0351200104,80.2101821899,59035,59045,10
13.0349702835,80.2107772827,59045,59056,11
13.0348100662,80.2115936279,59056,59066,10
13.0345201492,80.2121963501,59066,59076,10
13.0338802338,80.2120437622,59076,59086,10
13.0331201553,80.2119293213,59086,59096,10
13.0326700211,80.2119064331,59096,59106,10
13.0324401855,80.2118835449,59106,59116,10
13.0323600769,80.2118377686,59116,59126,10
13.0319099426,80.2116775513,59126,59136,10
13.0319404602,80.2110595703,59136,59152,16
13.0321302414,80.2099380493,59152,59165,13
13.0318403244,80.2095870972,59165,59175,10
13.0314102173,80.2095413208,59175,59185,10
13.0311403275,80.2094802856,59185,59195,10
13.0306396484,80.2093734741,59195,59204,9
13.0301704407,80.2092590332,59204,59215,11
13.0300397873,80.2096176147,59215,59225,10
13.029999733,80.2096710205,59225,59233,8
13.0300302505,80.2098770142,59233,59245,12
13.0306100845,80.2099761963,59245,59255,10
13.0308904648,80.2100601196,59255,59266,11
13.0310001373,80.2101364136,59266,59276,10
13.030960083,80.2105331421,59276,59285,9
13.0308904648,80.2111129761,59285,59296,11
13.03083992,80.2114562988,59296,59306,10
13.0307798386,80.2119522095,59306,59316,10
13.0306901932,80.2124023438,59316,59325,9
13.0305595398,80.2132034302,59325,59336,11
13.0304803848,80.2138290405,59336,59346,10
13.0304603577,80.2142791748,59346,59357,11
13.0307502747,80.2151565552,59357,59397,40
13.0301799774,80.2170791626,59397,59417,20
13.0301799774,80.2170791626,59417,59427,10
13.0308103561,80.2170562744,59427,59437,10
13.03125,80.217010498,59437,59447,10
13.0314903259,80.2171325684,59447,59457,10
13.0315198898,80.2177734375,59457,59467,10
13.0316495895,80.2184066772,59467,59477,10
13.0322704315,80.2186279297,59477,59488,11
13.0322303772,80.2193527222,59488,59498,10
13.03221035,80.2200164795,59498,59518,20
13.03221035,80.2200164795,59518,59528,10
13.0322198868,80.2203063965,59528,59548,20
13.0322198868,80.2203063965,59548,59558,10
13.0321598053,80.2206573486,59558,59568,10
13.0320196152,80.2213134766,59568,59578,10
13.0317802429,80.2219390869,59578,59588,10
13.0315599442,80.2224273682,59588,59599,11
13.0313396454,80.2227325439,59599,59609,10
13.0311803818,80.2232208252,59609,59619,10
13.0311403275,80.2239074707,59619,59629,10
13.0311603546,80.2240829468,59629,59638,9
13.0311803818,80.2242584229,59638,59648,10
13.0308599472,80.2243804932,59648,59659,11
13.0302400589,80.224319458,59659,59669,10
13.0296602249,80.2242889404,59669,59679,10
13.0291500092,80.2242736816,59679,59689,10
13.0290403366,80.2242202759,59689,59699,10
13.0289201736,80.2241287231,59699,59710,11
13.0284700394,80.2241897583,59710,59720,10
13.0283203125,80.2250213623,59720,59730,10
13.0281200409,80.225982666,59730,59740,10
13.0279798508,80.2266998291,59740,59750,10
13.0279598236,80.2270202637,59750,59760,10
13.0282802582,80.2271194458,59760,59770,10
13.0286302567,80.2272491455,59770,59780,10
13.0287399292,80.2273178101,59780,59790,10
13.0292901993,80.2273025513,59790,59800,10
13.0300197601,80.2274093628,59800,59810,10
13.0304803848,80.2276077271,59810,59821,11
13.0304098129,80.2280502319,59821,59831,10
13.030380249,80.2284164429,59831,59841,10
13.0303001404,80.2290420532,59841,59851,10
13.0304403305,80.2296905518,59851,59861,10
13.0306501389,80.2303237915,59861,59871,10
13.0305995941,80.230796814,59871,59881,10
13.0300197601,80.2308425903,59881,59891,10
13.0298595428,80.2308425903,59891,59901,10
13.0297603607,80.2308120728,59901,59911,10
13.0292596817,80.230796814,59911,59921,10
13.0284900665,80.2308883667,59921,59932,11
13.0277204514,80.2309875488,59932,59942,10
13.0276603699,80.2314376831,59942,59952,10
13.0277099609,80.2320785522,59952,59962,10
13.0278596878,80.232673645,59962,59972,10
13.0275402069,80.2329025269,59972,59982,10
13.0270204544,80.2329330444,59982,60002,20
13.0270204544,80.2329330444,60002,60012,10
13.0267496109,80.2329788208,60012,60022,10
13.0263395309,80.2328186035,60022,60032,10
13.0262498856,80.2325515747,60032,60042,10
13.0261697769,80.2321929932,60042,60053,11
13.0260801315,80.2319107056,60053,60063,10
13.0259799957,80.2316894531,60063,60073,10
13.0258398056,80.2311172485,60073,60083,10
13.02546978,80.2302780151,60083,60093,10
13.0248498917,80.2295837402,60093,60103,10
13.0242395401,80.2290267944,60103,60245,142
13.0242395401,80.2290267944,60245,60254,9
13.0201396942,80.2247619629,60254,60265,11
13.0191202164,80.2244873047,60265,60275,10
13.0180902481,80.2248001099,60275,60291,16
13.0167798996,80.2253189087,60291,60384,93
13.0167798996,80.2253189087,60384,60394,10
13.0163402557,80.2255020142,60394,60404,10
13.0158500671,80.2256774902,60404,60414,10
13.0153198242,80.2259216309,60414,60424,10
13.0144500732,80.226272583,60424,60454,30
13.0144500732,80.226272583,60454,60464,10
13.0143404007,80.226272583,60464,60474,10
13.0138502121,80.2264480591,60474,60485,11
13.0130395889,80.2267303467,60485,60495,10
13.012169838,80.2270812988,60495,60505,10
13.0112304688,80.2274627686,60505,60515,10
13.0102796555,80.2278366089,60515,60525,10
13.0094003677,80.2282180786,60525,60535,10
13.0090198517,80.2291488647,60535,60545,10
13.0088100433,80.2302703857,60545,60555,10
13.0086202621,80.2313613892,60555,60565,10
13.0084295273,80.2324295044,60565,60575,10
13.0082998276,80.2330627441,60575,60585,10
13.0082597733,80.2335968018,60585,60606,21
13.0082597733,80.2335968018,60606,60616,10
13.0081195831,80.2339019775,60616,60626,10
13.0080699921,80.234161377,60626,60636,10
13.0080604553,80.2342376709,60636,60645,9
13.0079698563,80.2346191406,60645,60656,11
13.007809639,80.235458374,60656,60666,10
13.0076398849,80.2363815308,60666,60676,10
13.0074996948,80.2371292114,60676,60686,10
13.0074300766,80.2374725342,60686,60696,10
13.0073299408,80.2379608154,60696,60707,11
13.0071897507,80.2387008667,60707,60717,10
13.0071001053,80.2392425537,60717,60796,79
13.0071001053,80.2392425537,60796,60808,12
13.0070199966,80.2397384644,60808,60818,10
13.0069599152,80.2403106689,60818,60828,10
13.0069503784,80.2405395508,60828,60838,10
13.0068798065,80.2406768799,60838,60848,10
13.0068397522,80.2407913208,60848,60858,10
13.0067596436,80.2413635254,60858,60868,10
13.0067195892,80.2421798706,60868,60878,10
13.0066995621,80.2429962158,60878,60887,9
13.0066995621,80.243560791,60887,60897,10
13.0066795349,80.2438964844,60897,60908,11
13.0066795349,80.2441864014,60908,60919,11
13.0066795349,80.244758606,60919,60929,10
13.0067100525,80.2457962036,60929,60969,40
13.0067100525,80.2457962036,60969,60979,10
13.0067396164,80.2461471558,60979,60989,10
13.0067396164,80.246421814,60989,60999,10
13.0067596436,80.2468338013,60999,61009,10
13.0067501068,80.247467041,61009,61019,10
13.0067396164,80.248260498,61019,61030,11
13.0068302155,80.2491531372,61030,61040,10
13.0068597794,80.2494812012,61040,61050,10
13.0068597794,80.2495422363,61050,61060,10
13.0068597794,80.2499923706,61060,61070,10
13.0068502426,80.2504806519,61070,61080,10
13.0068502426,80.2504882813,61080,61090,10
13.0068502426,80.2506103516,61090,61100,10
13.0068397522,80.2509078979,61100,61110,10
13.0068397522,80.2512435913,61110,61120,10
13.0067195892,80.2518386841,61120,61130,10
13.0065803528,80.2526321411,61130,61141,11
13.0065698624,80.2535018921,61141,61151,10
13.0065803528,80.2542419434,61151,61161,10
13.0066003799,80.2544174194,61161,61171,10
13.0066299438,80.2545776367,61171,61181,10
13.0066299438,80.2545928955,61181,61191,10
13.0066299438,80.2547607422,61191,61201,10
13.0066299438,80.2550506592,61201,61211,10
13.0066099167,80.255279541,61211,61221,10
13.0066204071,80.2559509277,61221,61231,10
13.0066204071,80.2565231323,61231,61241,10
13.0066404343,80.2567825317,61241,61252,11
13.0066299438,80.2570419312,61252,61262,10
13.0066003799,80.2575683594,61262,61272,10
13.0061702728,80.257522583,61272,61282,10
13.0057401657,80.2573928833,61282,61292,10
13.0052700043,80.2572402954,61292,61302,10
13.0046195984,80.2571029663,61302,61312,10
13.0038499832,80.2569274902,61312,61322,10
13.0031604767,80.2568130493,61322,61332,10
13.0024404526,80.2566833496,61332,61342,10
13.0016899109,80.2565536499,61342,61352,10
13.0008201599,80.2564086914,61352,61363,11
13.000169754,80.2563400269,61363,61373,10
13.0001802444,80.256362915,61373,61389,16
12.9998703003,80.2562866211,61389,61401,12
12.9997901917,80.2562866211,61401,61411,10
12.9996004105,80.2562103271,61411,61421,10
12.9989299774,80.256072998,61421,61431,10
12.9980401993,80.2559509277,61431,61441,10
12.9972000122,80.255897522,61441,61451,10
12.9968795776,80.256187439,61451,61461,10
12.9968500137,80.256729126,61461,61472,11
12.9968500137,80.2568588257,61472,61482,10
12.9968299866,80.2572631836,61482,61492,10
12.9967498779,80.2579116821,61492,61502,10
12.9966602325,80.258682251,61502,61512,10
12.9965801239,80.2593078613,61512,61522,10
12.9964799881,80.2602310181,61522,61532,10
12.9963903427,80.2611083984,61532,61542,10
12.9963197708,80.2618179321,61542,61552,10
12.9962596893,80.2622070313,61552,61562,10
12.9962396622,80.2623901367,61562,61572,10
12.996219635,80.2626037598,61572,61583,11
12.9961395264,80.2632217407,61583,61593,10
12.9960899353,80.263923645,61593,61603,10
12.9960002899,80.2648010254,61603,61613,10
12.9958896637,80.2657699585,61613,61623,10
12.9957895279,80.2668075562,61623,61633,10
12.9957103729,80.2675933838,61633,61643,10
12.9960098267,80.2677001953,61643,61653,10
12.9960203171,80.2677078247,61653,61663,10
12.9961900711,80.2677536011,61663,61673,10
12.9967098236,80.2677612305,61673,61683,10
12.9973697662,80.2676010132,61683,61694,11
12.9980602264,80.2674179077,61694,61704,10
12.9984502792,80.2673110962,61704,61714,10
12.9991598129,80.2671203613,61714,61724,10
12.9999103546,80.2668533325,61724,61734,10
13.0001096725,80.2666702271,61734,61744,10
13.0001802444,80.2665786743,61744,61754,10
13.0002403259,80.26612854,61754,61764,10
13.0003404617,80.2657089233,61764,61774,10
13.0004196167,80.2658233643,61774,61794,20
13.0002698898,80.2659683228,61794,61845,51
13.0002698898,80.2659683228,61845,61855,10
13.0003595352,80.2660217285,61855,61865,10
13.0003204346,80.2663192749,61865,62471,606
13.0003204346,80.2663192749,62471,62481,10
13.0002298355,80.2663574219,62481,62561,80
13.0002298355,80.2663574219,62561,62572,11
13.00041008,80.266242981,62572,62602,30
13.0002803802,80.2662963867,62602,62723,121
13.0003404617,80.266418457,62723,62753,30
13.0003404617,80.266418457,62753,62763,10
13.0003204346,80.2664871216,62763,62773,10
13.0003204346,80.266708374,62773,62783,10
13.0002403259,80.2668380737,62783,62794,11
12.9999599457,80.2669219971,62794,62804,10
12.9994001389,80.2670593262,62804,62814,10
12.9986696243,80.2672576904,62814,62824,10
12.9981002808,80.2674026489,62824,62834,10
12.997420311,80.2676010132,62834,62844,10
12.9965801239,80.2677688599,62844,62854,10
12.995880127,80.2676925659,62854,62864,10
12.9956798553,80.2673873901,62864,62894,30
12.9956798553,80.2673873901,62894,62905,11
12.9956998825,80.2671890259,62905,62915,10
12.9957399368,80.2667007446,62915,62925,10
12.9958496094,80.265838623,62925,63056,131
12.9958496094,80.265838623,63056,63066,10
12.9958896637,80.2654724121,63066,63076,10
12.9959497452,80.2649536133,63076,63086,10
12.9960098267,80.2644577026,63086,63096,10
12.9960699081,80.2639923096,63096,63106,10
12.9961395264,80.2634429932,63106,63116,10
12.9961900711,80.2629776001,63116,63127,11
12.9962301254,80.2626113892,63127,63147,20
12.9962301254,80.2626113892,63147,63157,10
12.9962596893,80.2623596191,63157,63167,10
12.9963102341,80.261932373,63167,63177,10
12.9963703156,80.2615127563,63177,63187,10
12.9964103699,80.2611236572,63187,63197,10
12.9964599609,80.2606201172,63197,63207,10
12.9965295792,80.2600326538,63207,63217,10
12.9965896606,80.2594985962,63217,63228,11
12.9965801239,80.2594833374,63228,63238,10
12.9965801239,80.2592926025,63238,63248,10
12.9966402054,80.2587203979,63248,63258,10
12.9966897964,80.2579879761,63258,63268,10
12.9967403412,80.2573013306,63268,63278,10
12.9968204498,80.2567367554,63278,63288,10
12.9968204498,80.2563781738,63288,63298,10
12.9968099594,80.2563705444,63298,63308,10
12.9968595505,80.2561416626,63308,63318,10
12.997010231,80.255897522,63318,63328,10
12.9975595474,80.255897522,63328,63339,11
12.9987602234,80.2560195923,63339,63369,30
12.9987602234,80.2560195923,63369,63379,10
12.9987802505,80.2559585571,63379,63389,10
12.9990997314,80.2560272217,63389,63399,10
12.9991502762,80.2560424805,63399,63409,10
12.9992599487,80.2561035156,63409,63419,10
12.999710083,80.2562179565,63419,63429,10
13.0003995895,80.2563323975,63429,63439,10
13.0010995865,80.2564086914,63439,63450,11
13.0018796921,80.2565383911,63450,63460,10
13.002579689,80.2566680908,63460,63470,10
13.0031404495,80.2567901611,63470,63480,10
13.0036697388,80.2568969727,63480,63490,10
13.0041399002,80.2569885254,63490,63500,10
13.0043897629,80.2570114136,63500,63510,10
13.0047597885,80.2571105957,63510,63520,10
13.0051202774,80.2571792603,63520,63530,10
13.00522995,80.2571716309,63530,63540,10
13.0052995682,80.2571792603,63540,63550,10
13.0054197311,80.2572021484,63550,63561,11
13.0057697296,80.2572784424,63561,63571,10
13.0062303543,80.2573776245,63571,63581,10
13.0066204071,80.2572402954,63581,63591,10
13.0066299438,80.2565765381,63591,63601,10
13.0065402985,80.2556228638,63601,63611,10
13.0065202713,80.2542114258,63611,63639,28
13.0065202713,80.2542114258,63639,63648,9
13.0065002441,80.2540588379,63648,63659,11
13.0064897537,80.2532501221,63659,63680,21
13.0064897537,80.2532501221,63680,63690,10
13.006480217,80.2531585693,63690,63699,9
13.006480217,80.2529067993,63699,63710,11
13.0065002441,80.252571106,63710,63720,10
13.0065803528,80.2520599365,63720,63727,7
13.0066604614,80.2515487671,63727,63740,13
13.0067501068,80.2504806519,63740,63750,10
13.0067100525,80.2497634888,63750,63760,10
13.0067100525,80.2496185303,63760,63770,10
13.0067396164,80.2493591309,63770,63781,11
13.0066699982,80.2487106323,63781,63791,10
13.0066299438,80.248260498,63791,63821,30
13.0066299438,80.248260498,63821,63831,10
13.0066699982,80.2481231689,63831,63841,10
13.0066699982,80.2477264404,63841,63851,10
13.0066795349,80.2471618652,63851,63861,10
13.0066299438,80.2468109131,63861,63871,10
13.0066099167,80.246673584,63871,63892,21
13.0066099167,80.246673584,63892,63902,10
13.0066099167,80.2464828491,63902,63912,10
13.0066604614,80.2459411621,63912,63922,10
13.006649971,80.2452087402,63922,63932,10
13.0066604614,80.2446212769,63932,63942,10
13.0066604614,80.2443389893,63942,63952,10
13.0066404343,80.243927002,63952,63962,10
13.0066204071,80.2436904907,63962,63972,10
13.0066299438,80.2433624268,63972,63982,10
13.0066003799,80.2427978516,63982,63993,11
13.0065898895,80.2420120239,63993,64003,10
13.0065898895,80.2415466309,64003,64013,10
13.0065803528,80.2415466309,64013,64023,10
13.0065898895,80.2415084839,64023,64033,10
13.0065898895,80.2410964966,64033,64043,10
13.0066604614,80.2406311035,64043,64053,10
13.0067796707,80.2401123047,64053,64063,10
13.0069303513,80.2393798828,64063,64073,10
13.0071201324,80.2384262085,64073,64083,10
13.0072898865,80.2375564575,64083,64093,10
13.007399559,80.2369003296,64093,64124,31
13.007399559,80.2369003296,64124,64134,10
13.0074501038,80.2367172241,64134,64144,10
13.0075702667,80.2362289429,64144,64154,10
13.0076999664,80.2356185913,64154,64164,10
13.0078201294,80.2350006104,64164,64174,10
13.0079803467,80.2342224121,64174,64184,10
13.0081501007,80.2333221436,64184,64194,10
13.0083398819,80.2323532104,64194,64204,10
13.0085201263,80.2313995361,64204,64215,11
13.0087099075,80.2304000854,64215,64225,10
13.0089197159,80.2294082642,64225,64235,10
13.0091199875,80.2284088135,64235,64245,10
13.0094299316,80.2275238037,64245,64255,10
13.0098600388,80.2266616821,64255,64265,10
13.0102796555,80.2258300781,64265,64275,10
13.0106601715,80.2250671387,64275,64285,10
13.0108299255,80.2246704102,64285,64295,10
13.0110502243,80.2241897583,64295,64305,10
13.0113201141,80.2237014771,64305,64315,10
13.0115499496,80.2231674194,64315,64326,11
13.0118198395,80.2223968506,64326,64336,10
13.0121297836,80.2216186523,64336,64346,10
13.0124197006,80.2216186523,64346,64356,10
13.0126600266,80.2221069336,64356,64366,10
13.0131502151,80.2227096558,64366,64376,10
13.0137195587,80.2232131958,64376,64386,10
13.0140800476,80.2234573364,64386,64396,10
13.0143299103,80.2237472534,64396,64406,10
13.0146598816,80.2240219116,64406,64416,10
13.0151796341,80.2246932983,64416,64426,10
13.0155496597,80.2249832153,64426,64437,11
13.0155601501,80.2249984741,64437,64447,10
13.0157003403,80.2251586914,64447,64457,10
13.0161600113,80.2253494263,64457,64467,10
13.0168304443,80.2251968384,64467,64477,10
13.0176200867,80.2248916626,64477,64487,10
13.0184803009,80.2245483398,64487,64497,10
13.0193004608,80.2242889404,64497,64527,30
13.0193004608,80.2242889404,64527,64538,11
13.0194501877,80.2243728638,64538,64548,10
13.0198202133,80.2245864868,64548,64558,10
13.0202903748,80.224937439,64558,64568,10
13.0208501816,80.2253265381,64568,64578,10
13.0214500427,80.2257766724,64578,64588,10
13.022069931,80.226272583,64588,64598,10
13.0227003098,80.2268218994,64598,64608,10
13.0233001709,80.2273788452,64608,64618,10
13.023639679,80.2276916504,64618,64628,10
13.0240602493,80.2280807495,64628,64638,10
13.0242595673,80.2282867432,64638,64649,11
13.024310112,80.2283782959,64649,64659,10
13.0245599747,80.2287826538,64659,64669,10
13.0248804092,80.2292404175,64669,64679,10
13.025270462,80.2297363281,64679,64689,10
13.0256900787,80.2303771973,64689,64699,10
13.0259504318,80.2309188843,64699,64739,40
13.0259504318,80.2309188843,64739,64749,10
13.0260400772,80.2312469482,64749,64760,11
13.0263395309,80.2313232422,64760,64770,10
13.0269403458,80.2311325073,64770,64786,16
13.0284795761,80.2308578491,64786,64817,31
13.0284795761,80.2308578491,64817,64828,11
13.028550148,80.2308578491,64828,64838,10
13.0292100906,80.2307815552,64838,64858,20
13.0292100906,80.2307815552,64858,64869,11
13.0293197632,80.2308120728,64869,64879,10
13.0294799805,80.230796814,64879,64889,10
13.0299196243,80.2307434082,64889,64899,10
13.0304203033,80.230682373,64899,64909,10
13.0307102203,80.2305526733,64909,64919,10
13.0306596756,80.230140686,64919,64929,10
13.0303897858,80.2294616699,64929,64939,10
13.0303001404,80.2288131714,64939,64949,10
13.0303697586,80.2284622192,64949,64980,31
13.0303697586,80.2284622192,64980,64990,10
13.0304002762,80.2281799316,64990,65000,10
13.0304298401,80.2277984619,65000,65010,10
13.0303297043,80.2275009155,65010,65020,10
13.0297698975,80.2274017334,65020,65030,10
13.0287599564,80.2272262573,65030,65050,20
13.0287599564,80.2272262573,65050,65060,10
13.0284700394,80.227142334,65060,65070,10
13.0282897949,80.2270889282,65070,65080,10
13.0279998779,80.2269973755,65080,65091,11
13.0279397964,80.226600647,65091,65101,10
13.0280799866,80.2259979248,65101,65111,10
13.0282201767,80.2251815796,65111,65121,10
13.0284204483,80.2243881226,65121,65131,10
13.0286302567,80.2240219116,65131,65141,10
13.0286903381,80.224029541,65141,65151,10
13.0287799835,80.2240600586,65151,65161,10
13.0290899277,80.2242584229,65161,65171,10
13.0296001434,80.224281311,65171,65181,10
13.0302600861,80.2242965698,65181,65191,10
13.0309295654,80.2242889404,65191,65202,11
13.031129837,80.2239532471,65202,65212,10
13.0312004089,80.2232513428,65212,65232,20
13.0312004089,80.2232513428,65232,65242,10
13.03125,80.2229995728,65242,65252,10
13.0314798355,80.2225036621,65252,65262,10
13.0317401886,80.2218933105,65262,65272,10
13.0319795609,80.2213516235,65272,65282,10
13.0321397781,80.2206878662,65282,65292,10
13.0322198868,80.220123291,65292,65302,10
13.0322303772,80.2198562622,65302,65333,31
13.0322303772,80.2198562622,65333,65343,10
13.0322704315,80.2194824219,65343,65353,10
13.0322399139,80.2188796997,65353,65363,10
13.0318899155,80.2184677124,65363,65373,10
13.0314998627,80.2181472778,65373,65383,10
13.0314502716,80.2174377441,65383,65393,10
13.0313301086,80.2170181274,65393,65403,10
13.0309801102,80.2169799805,65403,65414,11
13.0305204391,80.2169036865,65414,65424,10
13.0304498672,80.2168197632,65424,65434,10
13.0304498672,80.2166595459,65434,65444,10
13.0304403305,80.2165527344,65444,65454,10
13.0303897858,80.2160873413,65454,65464,10
13.0303602219,80.2153930664,65464,65474,10
13.030380249,80.2144775391,65474,65494,20
13.030380249,80.2144775391,65494,65504,10
13.0304298401,80.2143173218,65504,65514,10
13.0304803848,80.2138671875,65514,65525,11
13.0305204391,80.2135772705,65525,65535,10
13.0306301117,80.2132263184,65535,66241,706
13.0306301117,80.2132263184,66241,66251,10
13.0374803543,80.1938705444,66251,66261,10
13.0376796722,80.192779541,66261,66272,11
13.0381002426,80.191116333,66272,66594,322
13.0381002426,80.191116333,66594,66604,10
13.0410299301,80.1992111206,66604,66614,10
13.0409803391,80.1995162964,66614,66625,11
13.0410003662,80.199508667,66625,66634,9
13.0410699844,80.19947052,66634,66644,10
13.0409402847,80.2000274658,66644,66655,11
13.0408000946,80.2005462646,66655,66665,10
13.040719986,80.2013168335,66665,66675,10
13.040599823,80.2019424438,66675,66685,10
13.0405502319,80.2023162842,66685,66695,10
13.0404701233,80.2028808594,66695,66705,10
13.0403604507,80.2035598755,66705,66715,10
13.0402803421,80.2041625977,66715,66725,10
13.0401802063,80.2045822144,66725,66736,11
13.040140152,80.2050170898,66736,66746,10
13.0405101776,80.2051391602,66746,66756,10
13.0410499573,80.2051773071,66756,66766,10
13.041179657,80.2052001953,66766,66776,10
13.0412302017,80.2052001953,66776,66786,10
13.0416498184,80.2052536011,66786,66802,16
13.0425701141,80.2053985596,66802,66814,12
13.0429496765,80.205947876,66814,66823,9
13.0433397293,80.20652771,66823,66834,11
13.0437803268,80.2071609497,66834,66845,11
13.0441102982,80.2078094482,66845,66855,10
13.0441598892,80.2084274292,66855,66865,10
13.0441598892,80.2090988159,66865,66885,20
13.0441598892,80.2090988159,66885,66895,10
13.0441503525,80.2093811035,66895,66905,10
13.0441703796,80.2098312378,66905,66915,10
13.0442199707,80.2106170654,66915,66925,10
13.0442304611,80.2114486694,66925,66935,10
13.0442399979,80.212020874,66935,67097,162
13.0442399979,80.212020874,67097,67107,10
13.0443000793,80.2122116089,67107,67117,10
13.0447902679,80.2122421265,67117,67127,10
13.0455303192,80.2121810913,67127,67137,10
13.0463399887,80.2121582031,67137,67147,10
13.0470104218,80.2121582031,67147,67178,31
13.0470104218,80.2121582031,67178,67188,10
13.0470304489,80.2118682861,67188,67218,30
13.0470304489,80.2118682861,67218,67228,10
13.04708004,80.2116775513,67228,67238,10
13.0470199585,80.2113189697,67238,67248,10
13.0469799042,80.2108612061,67248,67258,10
13.0473499298,80.2107772827,67258,67268,10
13.0479202271,80.2107696533,67268,67279,11
13.0486097336,80.2108001709,67279,67289,10
13.049200058,80.2108230591,67289,67299,10
13.0496397018,80.2107620239,67299,67309,10
13.049659729,80.2103805542,67309,67319,10
13.0495300293,80.2097625732,67319,67329,10
13.049539566,80.2092971802,67329,67339,10
13.049539566,80.2089767456,67339,67349,10
13.0495004654,80.2085571289,67349,67359,10
13.0493001938,80.2080612183,67359,67369,10
13.0491199493,80.2076034546,67369,67379,10
13.0488796234,80.2070999146,67379,67440,61
13.0488796234,80.2070999146,67440,67450,10
13.0489196777,80.2069091797,67450,67466,16
13.0491800308,80.2068786621,67466,67478,12
13.0492401123,80.2071762085,67478,67539,61
13.0493202209,80.2074584961,67539,67660,121
13.0493202209,80.2074584961,67660,67670,10
13.0492200851,80.2073822021,67670,67721,51
13.0492095947,80.2073669434,67721,67812,91
13.049200058,80.2072525024,67812,67842,30
13.0492696762,80.2073822021,67842,67882,40
13.0492696762,80.2073822021,67882,67892,10
13.0491695404,80.2074127197,67892,67963,71
13.0491600037,80.2072601318,67963,68023,60
13.0491895676,80.2075271606,68023,68104,81
13.0492095947,80.2072601318,68104,68205,101
13.0492095947,80.2072601318,68205,68215,10
13.0489902496,80.2075576782,68215,68225,10
13.0490398407,80.2076797485,68225,68235,10
13.0491600037,80.2080307007,68235,68245,10
13.0493001938,80.2084579468,68245,68256,11
13.0493803024,80.2088317871,68256,68266,10
13.0494604111,80.2091522217,68266,68276,10
13.0495700836,80.2098388672,68276,68286,10
13.0496501923,80.2104187012,68286,68296,10
13.0497303009,80.2110290527,68296,68306,10
13.0498504639,80.2118225098,68306,68397,91
13.0498504639,80.2118225098,68397,68407,10
13.0498695374,80.2118835449,68407,68417,10
13.0498695374,80.2118988037,68417,68427,10
13.0498695374,80.212020874,68427,68437,10
13.0498895645,80.2121582031,68437,68447,10
13.0495700836,80.2122192383,68447,68478,31
13.0495700836,80.2122192383,68478,68488,10
13.0491800308,80.2121887207,68488,68498,10
13.0486297607,80.2121887207,68498,68508,10
13.0478801727,80.2122421265,68508,68518,10
13.0470895767,80.2123336792,68518,68527,9
13.0463399887,80.2123718262,68527,68538,11
13.0455598831,80.2124099731,68538,68548,10
13.0452003479,80.2124481201,68548,68629,81
13.0452003479,80.2124481201,68629,68639,10
13.0450401306,80.212562561,68639,68649,10
13.0447902679,80.2125167847,68649,68659,10
13.0445995331,80.2125015259,68659,68669,10
13.0443696976,80.2124786377,68669,68679,10
13.0442199707,80.2120132446,68679,68689,10
13.0441598892,80.2113189697,68689,68700,11
13.0441503525,80.2107009888,68700,68710,10
13.0441303253,80.2104492188,68710,68720,10
13.0441398621,80.2103118896,68720,68749,29
13.0441398621,80.2103118896,68749,68760,11
13.0441303253,80.2099075317,68760,68770,10
13.0441398621,80.2095336914,68770,68780,10
13.044090271,80.208946228,68780,68800,20
13.044090271,80.208946228,68800,68811,11
13.0440797806,80.2085189819,68811,68821,10
13.0440301895,80.2079162598,68821,68831,10
13.0438098907,80.20728302,68831,68841,10
13.0433998108,80.2067184448,68841,68851,10
13.0430002213,80.2061462402,68851,68861,10
13.042599678,80.205657959,68861,68871,10
13.0420398712,80.2053833008,68871,68881,10
13.0417203903,80.205291748,68881,68891,10
13.0413198471,80.2052230835,68891,68901,10
13.0409402847,80.2051467896,68901,68912,11
13.0409202576,80.2051391602,68912,68922,10
13.0407600403,80.2051391602,68922,68932,10
13.040430069,80.2051391602,68932,68942,10
13.0401096344,80.2050704956,68942,68952,10
13.0397195816,80.2050170898,68952,68962,10
13.0391597748,80.2048873901,68962,68972,10
13.0385303497,80.2048492432,68972,68982,10
13.0381498337,80.2047195435,68982,68992,10
13.0381603241,80.2043685913,68992,69002,10
13.0382099152,80.2038421631,69002,69012,10
13.0382795334,80.2033004761,69012,69022,10
13.0383396149,80.2026824951,69022,69033,11
13.0383996964,80.2021179199,69033,69043,10
13.0384397507,80.2020721436,69043,69059,16
13.0385398865,80.2015991211,69059,69071,12
13.0386104584,80.2011413574,69071,69079,8
13.0386600494,80.2007598877,69079,69089,10
13.0387401581,80.200302124,69089,69100,11
13.0388402939,80.1996231079,69100,69112,12
13.0388803482,80.1994628906,69112,69122,10
13.0389003754,80.1991500854,69122,69132,10
13.0389604568,80.1985931396,69132,69143,11
13.0390996933,80.1979064941,69143,69153,10
13.0391798019,80.1973190308,69153,69163,10
13.0392198563,80.1969680786,69163,69173,10
13.0392999649,80.1967697144,69173,69183,10
13.0392799377,80.1964874268,69183,69193,10
13.0393800735,80.1958618164,69193,69203,10
13.0394897461,80.1952209473,69203,69213,10
13.0395202637,80.1946029663,69213,69223,10
13.0397500992,80.1932983398,69223,69244,21
13.0397500992,80.1932983398,69244,69254,10
13.0396699905,80.1931228638,69254,69264,10
13.0393199921,80.1929702759,69264,69274,10
13.038649559,80.1928634644,69274,69294,20
13.038649559,80.1928634644,69294,69304,10
13.0383996964,80.192817688,69304,69314,10
13.0378904343,80.1928024292,69314,69324,10
13.0375699997,80.1932678223,69324,69334,10
13.0374698639,80.1941070557,69334,69344,10
13.0373497009,80.1949996948,69344,69355,11
13.0371799469,80.1960830688,69355,69375,20
13.0371799469,80.1960830688,69375,69385,10
13.0371198654,80.196182251,69385,69395,10
13.0370397568,80.1966781616,69395,69405,10
13.0369701385,80.1974411011,69405,69415,10
13.036860466,80.1981277466,69415,69425,10
13.0367898941,80.1987380981,69425,69435,10
13.0367803574,80.1987609863,69435,69445,10
13.0367498398,80.198890686,69445,69456,11
13.0366601944,80.1993789673,69456,69466,10
13.0365400314,80.200088501,69466,69476,10
13.0364198685,80.2009124756,69476,69486,10
13.0363197327,80.2019500732,69486,69516,30
13.0363197327,80.2019500732,69516,69526,10
13.0362596512,80.2024078369,69526,69536,10
13.0361700058,80.2030410767,69536,69546,10
13.03606987,80.2036590576,69546,69556,10
13.0359802246,80.2042007446,69556,69567,11
13.0359401703,80.2043762207,69567,69577,10
13.0359296799,80.2044677734,69577,69587,10
13.0358600616,80.2049636841,69587,69597,10
13.0357503891,80.2056121826,69597,69607,10
13.0356998444,80.205947876,69607,69617,10
13.0356798172,80.2060089111,69617,69627,10
13.0356197357,80.2064666748,69627,69637,10
13.0354995728,80.2071990967,69637,69647,10
13.0354404449,80.2079086304,69647,69657,10
13.0353899002,80.2083511353,69657,69667,10
13.0353603363,80.2085189819,69667,69678,11
13.0353298187,80.2085418701,69678,69688,10
13.0352497101,80.2089767456,69688,69698,10
13.0351295471,80.2097015381,69698,69708,10
13.0350399017,80.2102737427,69708,69718,10
13.0348901749,80.2107391357,69718,69728,10
13.0347604752,80.2113571167,69728,69738,10
13.0346298218,80.2120819092,69738,69748,10
13.0342798233,80.2120819092,69748,69758,10
13.0337600708,80.2120285034,69758,69768,10
13.0331201553,80.2119598389,69768,69778,10
13.032500267,80.2119064331,69778,69799,21
13.032500267,80.2119064331,69799,69809,10
13.0321998596,80.2118835449,69809,69819,10
13.0319004059,80.2116470337,69819,69829,10
13.0319499969,80.2111206055,69829,69839,10
13.0320501328,80.2103805542,69839,69849,10
13.0320997238,80.2097625732,69849,69859,10
13.031709671,80.2095794678,69859,69869,10
13.0311899185,80.2094192505,69869,69885,16
13.0303201675,80.2091217041,69885,69897,12
13.0300397873,80.2095031738,69897,69918,21
13.0300397873,80.2095031738,69918,69927,9
13.0299501419,80.2097625732,69927,69938,11
13.0303201675,80.2099075317,69938,69948,10
13.0308504105,80.2100524902,69948,69958,10
13.030960083,80.2103118896,69958,69968,10
13.0308599472,80.2108535767,69968,69977,9
13.0307998657,80.2111816406,69977,69988,11
13.0307197571,80.2116622925,69988,69998,10
13.030670166,80.212020874,69998,70008,10
13.0305700302,80.212677002,70008,70019,11
13.030500412,80.2134017944,70019,70029,10
13.0304298401,80.2138290405,70029,70039,10
13.0303602219,80.2141876221,70039,70049,10
13.0303001404,80.2147064209,70049,70059,10
13.0302801132,80.21484375,70059,70069,10
13.0302600861,80.2148132324,70069,70079,10
13.0302801132,80.2152023315,70079,70089,10
13.030380249,80.2165222168,70089,70099,10
13.030380249,80.2165222168,70099,70109,10
13.0306596756,80.217010498,70109,70130,21
13.0306596756,80.217010498,70130,70140,10
13.0309295654,80.2170028687,70140,70150,10
13.0312995911,80.2170028687,70150,70160,10
13.0314798355,80.2173614502,70160,70171,11
13.0314998627,80.218132019,70171,70181,10
13.0318899155,80.2184829712,70181,70191,10
13.0322303772,80.2187271118,70191,70201,10
13.0321798325,80.2192382813,70201,70211,10
13.0321798325,80.2196731567,70211,70221,10
13.0321798325,80.2200698853,70221,70232,11
13.0321998596,80.2204208374,70232,70242,10
13.0321903229,80.2204208374,70242,70251,9
13.0321502686,80.2203903198,70251,70262,11
13.0320701599,80.2208175659,70262,70271,9
13.031920433,80.2214508057,70271,70282,11
13.03166008,80.2220230103,70282,70292,10
13.0314302444,80.2225112915,70292,70302,10
13.0311899185,80.2229614258,70302,70312,10
13.0311403275,80.2235794067,70312,70322,10
13.0311203003,80.2240066528,70322,70333,11
13.0311498642,80.2241516113,70333,70343,10
13.031080246,80.2244873047,70343,70353,10
13.0306196213,80.2244186401,70353,70363,10
13.0301198959,80.2243118286,70363,70373,10
13.0295600891,80.2242584229,70373,70382,9
13.0290899277,80.2241897583,70382,70393,11
13.0290498734,80.2241897583,70393,70403,10
13.0287904739,80.2241210938,70403,70413,10
13.0284204483,80.2242202759,70413,70423,10
13.0282297134,80.2250289917,70423,70433,10
13.0280799866,80.2257385254,70433,70444,11
13.0279102325,80.2265167236,70444,70454,10
13.0278501511,80.2270278931,70454,70464,10
13.0281600952,80.2272109985,70464,70474,10
13.0284996033,80.2272033691,70474,70484,10
13.028719902,80.2271881104,70484,70494,10
13.0292596817,80.2272872925,70494,70504,10
13.0299396515,80.2274017334,70504,70514,10
13.030380249,80.2276763916,70514,70524,10
13.0303201675,80.2281570435,70524,70534,10
13.0302696228,80.2284469604,70534,70544,10
13.0302495956,80.2285614014,70544,70555,11
13.0302200317,80.2291030884,70555,70565,10
13.0303602219,80.2296524048,70565,70575,10
13.030579567,80.23021698,70575,70585,10
13.0306596756,80.2306213379,70585,70633,48
13.0306596756,80.2306213379,70633,70641,8
13.0306501389,80.2308273315,70641,70653,12
13.0302295685,80.2308120728,70653,70663,10
13.0297803879,80.2308807373,70663,70674,11
13.0297603607,80.2308807373,70674,70684,10
13.0294799805,80.2309417725,70684,70694,10
13.0289201736,80.2309036255,70694,70704,10
13.0282497406,80.2310028076,70704,70714,10
13.0276699066,80.231086731,70714,70724,10
13.0276403427,80.2315826416,70724,70734,10
13.0277299881,80.2321777344,70734,70744,10
13.0278396606,80.2327728271,70744,70753,9
13.0273799896,80.2329483032,70753,70763,10
13.0268697739,80.2329864502,70763,70775,12
13.0263900757,80.2329025269,70775,70784,9
13.0262403488,80.2325210571,70784,70795,11
13.0261602402,80.2321777344,70795,70805,10
13.0260896683,80.2319107056,70805,70815,10
13.0259799957,80.2315368652,70815,70825,10
13.0257396698,80.2308120728,70825,70835,10
13.0253696442,80.2301177979,70835,70845,10
13.0251598358,80.2297821045,70845,70855,10
13.0250501633,80.2296295166,70855,70865,10
13.0249795914,80.2295684814,70865,70875,10
13.0248003006,80.2293319702,70875,70916,41
13.0248003006,80.2293319702,70916,70926,10
13.0246601105,80.2291412354,70926,70936,10
13.0244102478,80.2288284302,70936,70946,10
13.0240602493,80.2284469604,70946,70962,16
13.0239400864,80.2283096313,70962,70974,12
13.0238199234,80.2281112671,70974,70984,10
13.0235500336,80.2278366089,70984,70995,11
13.0234804153,80.2277679443,70995,71005,10
13.023349762,80.2276000977,71005,71015,10
13.0231800079,80.2274398804,71015,71024,9
13.0227603912,80.2270812988,71024,71035,11
13.0221004486,80.2265319824,71035,71045,10
13.0215797424,80.2260894775,71045,71054,9
13.0211896896,80.2257766724,71054,71065,11
13.0205602646,80.2253265381,71065,71075,10
13.0198698044,80.2248687744,71075,71095,20
13.0198698044,80.2248687744,71095,71106,11
13.0197896957,80.224822998,71106,71116,10
13.0193595886,80.2245788574,71116,71126,10
13.0186395645,80.2245864868,71126,71136,10
13.0178699493,80.224899292,71136,71146,10
13.0170402527,80.2252426147,71146,71156,10
13.0164003372,80.2255325317,71156,71166,10
13.0157299042,80.2258377075,71166,71265,99
13.0157299042,80.2258377075,71265,71275,10
13.0102396011,80.2277374268,71275,71285,10
13.0091896057,80.2280807495,71285,72052,767
13.0064897537,80.2559127808,72052,72163,111
13.0064897537,80.2559127808,72163,72173,10
13.0046701431,80.2571868896,72173,72183,10
13.0036697388,80.2569503784,72183,72194,11
13.0031604767,80.2567825317,72194,72204,10
13.0026102066,80.2566223145,72204,72315,111
13.0009498596,80.2568817139,72315,72547,232
13.0009498596,80.2568817139,72547,72557,10
12.9966201782,80.2592163086,72557,72567,10
12.9963102341,80.2594223022,72567,72577,10
12.9967403412,80.2605133057,72577,72648,71
12.9967403412,80.2605133057,72648,72658,10
12.9960699081,80.2636871338,72658,72668,10
12.9960002899,80.2642593384,72668,72678,10
12.995929718,80.2649383545,72678,72688,10
12.9958400726,80.2657928467,72688,72698,10
12.9957103729,80.2667236328,72698,72708,10
12.9956302643,80.2675323486,72708,72718,10
12.9960603714,80.2677230835,72718,72739,21
12.9960603714,80.2677230835,72739,72749,10
12.9963903427,80.2677688599,72749,72759,10
12.997010231,80.2677230835,72759,72769,10
12.9975595474,80.2675933838,72769,72779,10
12.997710228,80.2675094604,72779,72789,10
12.9981803894,80.2673110962,72789,72799,10
12.9988899231,80.2671127319,72799,72809,10
12.9996404648,80.2668685913,72809,72819,10
13.0003204346,80.2665710449,72819,72829,10
13.0006504059,80.266418457,72829,72839,10
13.0000896454,80.2664489746,72839,72850,11
13.0002002716,80.265953064,72850,72860,10
13.0003099442,80.2657699585,72860,72870,10
13.0002603531,80.2661895752,72870,72880,10
13.0002002716,80.266418457,72880,73233,353
13.0002002716,80.266418457,73233,73243,10
13.0001096725,80.2664413452,73243,73253,10
13.0001802444,80.2664108276,73253,73364,111
13.0001401901,80.2664871216,73364,73486,122
13.0001401901,80.2664871216,73486,73495,9
13.0001296997,80.2665405273,73495,73526,31
13.0001296997,80.2665405273,73526,73536,10
13.0001401901,80.2665023804,73536,73546,10
13.0002202988,80.2666015625,73546,73556,10
13.0001296997,80.2666015625,73556,73586,30
13.0001296997,80.2666015625,73586,73596,10
13.0002002716,80.2665710449,73596,73606,10
13.0001802444,80.2668228149,73606,73617,11
12.9998598099,80.2670593262,73617,73627,10
12.9992704391,80.2671737671,73627,73637,10
12.9984903336,80.2673187256,73637,73647,10
12.9979600906,80.2674636841,73647,73657,10
12.9973602295,80.2676086426,73657,73667,10
12.9966802597,80.2677764893,73667,73677,10
12.9961099625,80.2677230835,73677,73687,10
12.9956197739,80.2675323486,73687,73707,20
12.9956197739,80.2675323486,73707,73718,11
12.9956598282,80.2674636841,73718,73727,9
12.9956798553,80.267036438,73727,73738,11
12.995759964,80.2662582397,73738,73748,10
12.9958696365,80.265411377,73748,73758,10
12.9959497452,80.2645874023,73758,73768,10
12.9960603714,80.2637863159,73768,73778,10
12.9961204529,80.2632217407,73778,73788,10
12.9961700439,80.2627410889,73788,73798,10
12.9961795807,80.2626724243,73798,73808,10
12.9962501526,80.2623901367,73808,73818,10
12.9962997437,80.2618789673,73818,73829,11
12.9963903427,80.2611236572,73829,73839,10
12.9964504242,80.2602996826,73839,73849,10
12.9964599609,80.2599334717,73849,73859,10
12.9964895248,80.2596969604,73859,73869,10
12.9965600967,80.2592086792,73869,73879,10
12.9965896606,80.2585067749,73879,73889,10
12.9967002869,80.2577667236,73889,73899,10
12.9967699051,80.2570800781,73899,73909,10
12.9967803955,80.2565078735,73909,73940,31
12.9967803955,80.2565078735,73940,73950,10
12.9968996048,80.2563095093,73950,73960,10
12.9970397949,80.2559814453,73960,73970,10
12.9975004196,80.2559585571,73970,73980,10
12.9980602264,80.2560195923,73980,73990,10
12.9986896515,80.2561035156,73990,74040,50
12.9986896515,80.2561035156,74040,74051,11
12.9988698959,80.2561035156,74051,74061,10
12.9990901947,80.256149292,74061,74071,10
12.9996404648,80.2562484741,74071,74081,10
13.000120163,80.2563476563,74081,74091,10
13.0002298355,80.2563781738,74091,74101,10
13.0006504059,80.2564620972,74101,74111,10
13.0011796951,80.2565383911,74111,74121,10
13.0016202927,80.2566223145,74121,74131,10
13.0020799637,80.2566833496,74131,74141,10
13.0025596619,80.2567672729,74141,74151,10
13.0031099319,80.2568817139,74151,74162,11
13.0037202835,80.2570037842,74162,74172,10
13.0043897629,80.2571182251,74172,74182,10
13.0050697327,80.257270813,74182,74191,9
13.0054597855,80.2573013306,74191,74211,20
13.0054597855,80.2572174072,74211,74252,41
13.0054597855,80.2572174072,74252,74263,11
13.0054798126,80.257232666,74263,74273,10
13.0059299469,80.2573165894,74273,74283,10
13.006480217,80.2573165894,74283,74293,10
13.0064897537,80.2568511963,74293,74303,10
13.0064601898,80.2561264038,74303,74313,10
13.0064601898,80.255569458,74313,74323,10
13.0065002441,80.2551116943,74323,74333,10
13.0064697266,80.2544631958,74333,74343,10
13.0064601898,80.2541275024,74343,74353,10
13.006480217,80.2537689209,74353,74394,41
13.006480217,80.2537689209,74394,74404,10
13.0066404343,80.2536468506,74404,74414,10
13.0065498352,80.25340271,74414,74424,10
13.0065202713,80.2533187866,74424,74434,10
13.0065202713,80.2531204224,74434,74444,10
13.0064897537,80.2529983521,74444,74454,10
13.0065202713,80.2524490356,74454,74535,81
13.0065202713,80.2524490356,74535,74545,10
13.0066099167,80.2521209717,74545,74555,10
13.0066900253,80.251449585,74555,74565,10
13.0066795349,80.2506484985,74565,74575,10
13.0066995621,80.2499237061,74575,74585,10
13.0066900253,80.2491607666,74585,74595,10
13.0066204071,80.248298645,74595,74646,51
13.0066204071,80.248298645,74646,74656,10
13.0066404343,80.2480010986,74656,74666,10
13.0066604614,80.2476501465,74666,74676,10
13.0066604614,80.2471008301,74676,74686,10
13.0065803528,80.2468185425,74686,74696,10
13.0065803528,80.2468109131,74696,74707,11
13.0066003799,80.2464370728,74707,74717,10
13.0066003799,80.2459564209,74717,74727,10
13.0066003799,80.2455368042,74727,74737,10
13.0066003799,80.2452087402,74737,74747,10
13.0065898895,80.2449798584,74747,74757,10
13.0066404343,80.2448425293,74757,74767,10
13.0066204071,80.2447891235,74767,74777,10
13.0065803528,80.2444992065,74777,74787,10
13.0065803528,80.2441864014,74787,74797,10
13.0065698624,80.2438812256,74797,74808,11
13.0065603256,80.2434234619,74808,74818,10
13.0065803528,80.2427978516,74818,74828,10
13.0065498352,80.2420578003,74828,74838,10
13.0065698624,80.2412719727,74838,74848,10
13.0066795349,80.2404785156,74848,74858,10
13.0069303513,80.2396011353,74858,74868,10
13.0070896149,80.2386474609,74868,74878,10
13.0072402954,80.2378387451,74878,74888,10
13.0074100494,80.2368621826,74888,74908,20
13.0074100494,80.2368621826,74908,74919,11
13.0074996948,80.2365112305,74919,74929,10
13.0076303482,80.2359237671,74929,74939,10
13.0077600479,80.2352600098,74939,74949,10
13.0078001022,80.2349624634,74949,74959,10
13.0079298019,80.2343826294,74959,74969,10
13.0081100464,80.2335510254,74969,74979,10
13.0082998276,80.2326202393,74979,74989,10
13.008480072,80.2316589355,74989,74999,10
13.008649826,80.230682373,74999,75009,10
13.0088701248,80.2296905518,75009,75019,10
13.0090398788,80.228767395,75019,75030,11
13.0093002319,80.2278823853,75030,75040,10
13.0096597672,80.227142334,75040,75050,10
13.0100097656,80.2264175415,75050,75060,10
13.0103702545,80.2256774902,75060,75070,10
13.010720253,80.2249526978,75070,75080,10
13.011059761,80.2241973877,75080,75090,10
13.0113801956,80.2234573364,75090,75110,20
13.0113801956,80.2234573364,75110,75120,10
13.0113201141,80.2233581543,75120,75130,10
13.0113697052,80.223197937,75130,75141,11
13.0116100311,80.2227325439,75141,75151,10
13.0118703842,80.2220993042,75151,75161,10
13.0122499466,80.2215423584,75161,75171,10
13.0125598907,80.222038269,75171,75180,9
13.0129995346,80.2226104736,75180,75190,10
13.0135602951,80.22315979,75190,75201,11
13.0141801834,80.2238616943,75201,75211,10
13.0145597458,80.2244567871,75211,75221,10
13.0150604248,80.224822998,75221,75231,10
13.0153903961,80.2250137329,75231,75242,11
13.0153999329,80.2250137329,75242,75252,10
13.0155000687,80.2251205444,75252,75262,10
13.0158004761,80.2253417969,75262,75272,10
13.0162000656,80.225402832,75272,75282,10
13.0166797638,80.2253036499,75282,75292,10
13.0171699524,80.2251281738,75292,75302,10
13.0176200867,80.2249221802,75302,75312,10
13.0180597305,80.2247390747,75312,75322,10
13.0184602737,80.2245864868,75322,75332,10
13.018910408,80.2244262695,75332,75342,10
13.0192804337,80.2243728638,75342,75363,21
13.0192804337,80.2243728638,75363,75373,10
13.0193901062,80.2244491577,75373,75383,10
13.019610405,80.2245788574,75383,75403,20
13.019610405,80.2245788574,75403,75413,10
13.0198097229,80.2246780396,75413,75423,10
13.0202503204,80.2250289917,75423,75433,10
13.0207195282,80.2253570557,75433,75449,16
13.0215301514,80.2259674072,75449,75461,12
13.0222702026,80.2265625,75461,75472,11
13.0228796005,80.2271118164,75472,75482,10
13.0236597061,80.2278137207,75482,75492,10
13.0241699219,80.2283172607,75492,75502,10
13.0245304108,80.2288513184,75502,75511,9
13.0248403549,80.2292785645,75511,75522,11
13.0252399445,80.2297668457,75522,75532,10
13.0254001617,80.2299575806,75532,75542,10
13.0255804062,80.2302932739,75542,75552,10
13.0257997513,80.230758667,75552,75573,21
13.0257997513,80.230758667,75573,75583,10
13.0259199142,80.2311096191,75583,75593,10
13.026140213,80.2314071655,75593,75603,10
13.0267696381,80.2312164307,75603,75613,10
13.0275497437,80.2310409546,75613,75623,10
13.0281095505,80.2309494019,75623,75633,10
13.0284404755,80.2309265137,75633,75653,20
13.0284404755,80.2309265137,75653,75663,10
13.0285997391,80.2309417725,75663,75673,10
13.0289697647,80.2308807373,75673,75684,11
13.0293502808,80.2308425903,75684,75694,10
13.029800415,80.230796814,75694,75704,10
13.0305404663,80.2307510376,75704,75734,30
13.0305404663,80.2307510376,75734,75744,10
13.0306501389,80.2305831909,75744,75754,10
13.030579567,80.2302474976,75754,75764,10
13.0304098129,80.2297973633,75764,75774,10
13.0302400589,80.2292861938,75774,75785,11
13.0303001404,80.2283630371,75785,75805,20
13.0303001404,80.2283630371,75805,75815,10
13.0303602219,80.2280273438,75815,75825,10
13.030380249,80.2276229858,75825,75835,10
13.0299396515,80.227432251,75835,75845,10
13.029250145,80.2273406982,75845,75855,10
13.0285596848,80.2272109985,75855,75865,10
13.0284099579,80.227142334,75865,75875,10
13.0282402039,80.2270889282,75875,75885,10
13.0278501511,80.2269515991,75885,75896,11
13.0279197693,80.2264175415,75896,75906,10
13.0280704498,80.2257614136,75906,75916,10
13.0282402039,80.2249984741,75916,75926,10
13.0284099579,80.224281311,75926,75936,10
13.0286998749,80.224067688,75936,75946,10
13.0287303925,80.224067688,75946,75956,10
13.0288600922,80.2241134644,75956,75966,10
13.029129982,80.2242965698,75966,75976,10
13.029709816,80.2242736816,75976,75986,10
13.0304203033,80.2243118286,75986,75996,10
13.030960083,80.2243118286,75996,76007,11
13.0310897827,80.2239532471,76007,76017,10
13.031129837,80.2233505249,76017,76027,10
13.0311498642,80.2231826782,76027,76037,10
13.0311803818,80.2230377197,76037,76047,10
13.0313596725,80.2226333618,76047,76057,10
13.0316095352,80.222076416,76057,76067,10
13.0318899155,80.2214889526,76067,76077,10
13.0320301056,80.2208709717,76077,76087,10
13.0321302414,80.2202987671,76087,76097,10
13.0321397781,80.2198867798,76097,76107,10
13.0321397781,80.2198028564,76107,76118,11
13.0321502686,80.219619751,76118,76128,10
13.0321598053,80.219039917,76128,76138,10
13.0319795609,80.2184829712,76138,76148,10
13.0314598083,80.2182693481,76148,76158,10
13.031419754,80.2176132202,76158,76168,10
13.0313396454,80.2171020508,76168,76178,10
13.0310697556,80.2169265747,76178,76188,10
13.0305700302,80.2169189453,76188,76198,10
13.0303697586,80.2166900635,76198,76208,10
13.0303697586,80.2166671753,76208,76218,10
13.0303401947,80.2164077759,76218,76229,11
13.0302801132,80.2157592773,76229,76239,10
13.0302696228,80.2150268555,76239,76249,10
13.0303001404,80.2145004272,76249,76259,10
13.0303201675,80.2144165039,76259,76269,10
13.0303602219,80.2142410278,76269,76279,10
13.0304403305,80.2137374878,76279,76289,10
13.0304803848,80.2134399414,76289,76299,10
13.0305099487,80.2130966187,76299,76309,10
13.0305500031,80.2129211426,76309,76319,10
13.0306196213,80.2124099731,76319,76330,11
13.0307197571,80.211730957,76330,76340,10
13.0307798386,80.2113189697,76340,76350,10
13.0308504105,80.2109832764,76350,76360,10
13.0309295654,80.2104415894,76360,76370,10
13.0309400558,80.2100982666,76370,76380,10
13.0306396484,80.2099609375,76380,76390,10
13.0301103592,80.209777832,76390,76400,10
13.0299901962,80.2095108032,76400,76410,10
13.0300703049,80.2092590332,76410,76420,10
13.0301198959,80.2092132568,76420,76430,10
13.0305204391,80.2091217041,76430,76441,11
13.0316295624,80.2093887329,76441,76471,30
13.0316295624,80.2093887329,76471,76481,10
13.0321798325,80.2094802856,76481,76491,10
13.0329303741,80.2096176147,76491,76501,10
13.0336904526,80.2098007202,76501,76511,10
13.0344600677,80.2099227905,76511,76521,10
13.0350704193,80.2098388672,76521,76531,10
13.0351600647,80.2092208862,76531,76541,10
13.0352201462,80.2087631226,76541,76552,11
13.0352201462,80.208770752,76552,76562,10
13.0352201462,80.2086334229,76562,76572,10
13.0352802277,80.2082672119,76572,76582,10
13.0353097916,80.2080001831,76582,76592,10
13.0353603363,80.2076568604,76592,76602,10
13.0354099274,80.2072982788,76602,76612,10
13.035490036,80.20677948,76612,76622,10
13.0355901718,80.2061462402,76622,76632,10
13.0357398987,80.2051696777,76632,76652,20
13.0357398987,80.2051696777,76652,76663,11
13.035779953,80.2049789429,76663,76673,10
13.0358495712,80.2045974731,76673,76683,10
13.035900116,80.2042007446,76683,76693,10
13.0359802246,80.2036514282,76693,76703,10
13.0360803604,80.2029190063,76703,76713,10
13.0361604691,80.2022171021,76713,76723,10
13.0362501144,80.201499939,76723,76743,20
13.0362501144,80.201499939,76743,76753,10
13.0362796783,80.2013778687,76753,76763,10
13.0363197327,80.2012023926,76763,76774,11
13.0363998413,80.2006835938,76774,76784,10
13.0364999771,80.1999969482,76784,76794,10
13.0366296768,80.1991882324,76794,76810,16
13.0367298126,80.1984024048,76810,76822,12
13.0367498398,80.1982803345,76822,76832,10
13.0368204117,80.1979064941,76832,76842,10
13.0369100571,80.1971435547,76842,76852,10
13.03703022,80.1964416504,76852,76861,9
13.0370397568,80.1962966919,76861,76873,12
13.0370998383,80.1961364746,76873,76884,11
13.0371704102,80.1955871582,76884,76894,10
13.0372695923,80.1948776245,76894,76904,10
13.0373802185,80.1940536499,76904,76914,10
13.0375003815,80.1932373047,76914,76924,10
13.0377397537,80.192779541,76924,76934,10
13.0379199982,80.192741394,76934,76944,10
13.038359642,80.1927566528,76944,76967,23
13.0388202667,80.1928482056,76967,76979,12
13.0391702652,80.1929016113,76979,76989,10
13.0396099091,80.1929702759,76989,76999,10
13.0403900146,80.1930770874,76999,77010,11
13.0412797928,80.1932067871,77010,77020,10
13.0417995453,80.1933364868,77020,77029,9
13.0417699814,80.1937866211,77029,77040,11
13.0417499542,80.1939315796,77040,77050,10
13.0417203903,80.1942214966,77050,77060,10
13.0416202545,80.1949386597,77060,77070,10
13.041560173,80.1957397461,77070,77080,10
13.0414400101,80.1962814331,77080,77090,10
13.0413503647,80.1968231201,77090,77101,11
13.0413198471,80.1969070435,77101,77111,10
13.0412797928,80.1972503662,77111,77121,10
13.0412302017,80.1979370117,77121,77131,10
13.0411396027,80.1986465454,77131,77141,10
13.0410003662,80.1993026733,77141,77151,10
13.0409803391,80.1993637085,77151,77161,10
13.0409097672,80.1997299194,77161,77171,10
13.0407304764,80.2004165649,77171,77181,10
13.0406198502,80.2011184692,77181,77191,10
13.0405397415,80.2018203735,77191,77201,10
13.0403995514,80.2022705078,77201,77212,11
13.0403299332,80.2030334473,77212,77222,10
13.0402402878,80.2038192749,77222,77232,10
13.0401296616,80.2044830322,77232,77242,10
13.0401096344,80.2049407959,77242,77252,10
13.0406198502,80.2050933838,77252,77262,10
13.0412101746,80.2051467896,77262,77272,10
13.0412597656,80.2051620483,77272,77282,10
13.041560173,80.2052001953,77282,77292,10
13.0420598984,80.2052612305,77292,77302,10
13.0425901413,80.2054214478,77302,77313,11
13.0428800583,80.2059783936,77313,77323,10
13.0432701111,80.2066192627,77323,77333,10
13.0436496735,80.2071685791,77333,77343,10
13.0438899994,80.2078018188,77343,77353,10
13.0439596176,80.2085189819,77353,77363,10
13.0439796448,80.2089691162,77363,77374,11
13.043970108,80.2090835571,77374,77384,10
13.0440196991,80.2095184326,77384,77394,10
13.0440301895,80.2102203369,77394,77404,10
13.0440597534,80.2109527588,77404,77414,10
13.0441198349,80.2118225098,77414,77425,11
13.0444097519,80.2122573853,77425,77435,10
13.0451498032,80.2122192383,77435,77445,10
13.0460195541,80.2121810913,77445,77455,10
13.0467996597,80.2121276855,77455,77465,10
13.0470600128,80.2119598389,77465,77475,10
13.0470600128,80.2117614746,77475,77485,10
13.0470104218,80.211730957,77485,77495,10
13.0470104218,80.2113189697,77495,77505,10
13.0469799042,80.2108688354,77505,77514,9
13.0472402573,80.2107315063,77514,77525,11
13.0478096008,80.2107162476,77525,77536,11
13.0484399796,80.2107315063,77536,77546,10
13.0490503311,80.2107391357,77546,77556,10
13.0496301651,80.2107620239,77556,77566,10
13.0496702194,80.210319519,77566,77575,9
13.0495996475,80.2097930908,77575,77586,11
13.0495004654,80.2091369629,77586,77596,10
13.0493202209,80.2082672119,77596,77606,10
13.0490503311,80.2075424194,77606,77616,10
13.0488004684,80.2069091797,77616,77636,20
13.0488004684,80.2069091797,77636,77647,11
13.0488004684,80.2067871094,77647,77657,10
13.0489702225,80.206741333,77657,77667,10
13.0493001938,80.20677948,77667,77677,10
13.0494098663,80.2068786621,77677,77687,10
13.0493097305,80.2071609497,77687,77748,61
13.0493202209,80.2072982788,77748,77859,111
13.0493001938,80.2072677612,77859,77949,90
13.0493001938,80.2072677612,77949,77959,10
13.0494203568,80.2073974609,77959,78070,111
13.0492897034,80.2072525024,78070,78323,253
13.0493898392,80.2074127197,78323,78383,60
13.0493602753,80.2073135376,78383,78454,71
13.0494699478,80.2073898315,78454,78525,71
13.0492897034,80.207359314,78525,78656,131
13.0492897034,80.207359314,78656,78666,10
13.0491600037,80.2073669434,78666,78676,10
13.0489597321,80.2074203491,78676,78686,10
13.0490503311,80.2076873779,78686,78696,10
13.0492601395,80.2082519531,78696,78706,10
13.0494203568,80.2090072632,78706,78716,10
13.0495195389,80.2098083496,78716,78727,11
13.0496397018,80.2107772827,78727,78737,10
13.0497598648,80.2113723755,78737,78747,10
13.0498399734,80.2118377686,78747,78757,10
13.0498399734,80.2121963501,78757,78766,9
13.0495996475,80.2121887207,78766,78787,21
13.0495996475,80.2121887207,78787,78797,10
13.0493001938,80.2122192383,78797,78807,10
13.0488195419,80.212272644,78807,78817,10
13.0481796265,80.2123031616,78817,78827,10
13.0473899841,80.2123718262,78827,78838,11
13.0464200974,80.2124404907,78838,78848,10
13.0454797745,80.2123794556,78848,78858,10
13.0447502136,80.2125473022,78858,78868,10
13.0442695618,80.2119369507,78868,78878,10
13.0441904068,80.2111434937,78878,78887,9
13.0441799164,80.2104492188,78887,78898,11
13.0441799164,80.2097473145,78898,78908,10
13.0441398621,80.2091064453,78908,78918,10
13.0441398621,80.2088699341,78918,78928,10
13.0441303253,80.2086029053,78928,78938,10
13.0440998077,80.2079162598,78938,78948,10
13.0438299179,80.2071762085,78948,78959,11
13.0432395935,80.2063980103,78959,78969,10
13.0427103043,80.2057113647,78969,78979,10
13.0421199799,80.2053833008,78979,78989,10
13.0414104462,80.2052764893,78989,78999,10
13.0408496857,80.2051925659,78999,79009,10
13.0405702591,80.2051467896,79009,79019,10
13.040019989,80.2051010132,79019,79029,10
13.0393800735,80.2050094604,79029,79039,10
13.0388298035,80.2049026489,79039,79049,10
13.0382003784,80.2047195435,79049,79060,11
13.0381803513,80.2041931152,79060,79070,10
13.0382995605,80.2034835815,79070,79080,10
13.0383996964,80.2026901245,79080,79090,10
13.0385103226,80.202003479,79090,79100,10
13.0385398865,80.2018203735,79100,79110,10
13.0385904312,80.2016601563,79110,79120,10
13.0385904312,80.2015228271,79120,79130,10
13.0386400223,80.2010574341,79130,79140,10
13.0386800766,80.2003936768,79140,79150,10
13.0387496948,80.1996994019,79150,79161,11
13.038860321,80.1989364624,79161,79171,10
13.0389995575,80.1981582642,79171,79181,10
13.0391197205,80.1974334717,79181,79191,10
13.0392398834,80.1968612671,79191,79201,10
13.0392398834,80.1965866089,79201,79211,10
13.0393400192,80.1960296631,79211,79220,9
13.0394201279,80.1953582764,79220,79231,11
13.0395698547,80.1945724487,79231,79241,10
13.0396795273,80.1937713623,79241,79251,10
13.0397901535,80.1931228638,79251,79261,10
13.0398101807,80.193069458,79261,79272,11
13.0395002365,80.1929779053,79272,79282,10
13.038769722,80.1928710938,79282,79292,10
13.0385799408,80.1928024292,79292,79302,10
13.0382699966,80.192741394,79302,79312,10
13.037730217,80.1928863525,79312,79322,10
13.0375404358,80.1936264038,79322,79332,10
13.0374097824,80.1945266724,79332,79341,9
13.0372800827,80.195350647,79341,79351,10
13.0371704102,80.1960067749,79351,79362,11
13.0371799469,80.1962127686,79362,79372,10
13.0371303558,80.1965026855,79372,79383,11
13.0370197296,80.1971206665,79383,79393,10
13.0368700027,80.1979293823,79393,79403,10
13.0367603302,80.1986923218,79403,79413,10
13.0367298126,80.1989212036,79413,79423,10
13.0370397568,80.1988601685,79423,79433,10
13.037320137,80.1996765137,79433,79443,10
13.0366601944,80.1998977661,79443,79453,10
13.0364904404,80.2006988525,79453,79463,10
13.0364303589,80.2014694214,79463,79473,10
13.0362997055,80.2017822266,79473,79483,10
13.0362901688,80.2017822266,79483,79494,11
13.0361995697,80.2019195557,79494,79504,10
13.0361204147,80.2024688721,79504,79514,10
13.0360298157,80.2032928467,79514,79524,10
13.0359601974,80.2040176392,79524,79534,10
13.035900116,80.2046966553,79534,79544,10
13.0357999802,80.2055130005,79544,79554,10
13.0356998444,80.2062530518,79554,79564,10
13.035610199,80.2070465088,79564,79574,10
13.0354995728,80.2078781128,79574,79584,10
13.0353899002,80.2083816528,79584,79594,10
13.035369873,80.2084579468,79594,79605,11
13.035369873,80.2085723877,79605,79615,10
13.0352897644,80.2091064453,79615,79625,10
13.0351896286,80.2098464966,79625,79635,10
13.0350799561,80.2104492188,79635,79645,10
13.0349197388,80.2110595703,79645,79655,10
13.0347604752,80.2118377686,79655,79665,10
13.0342998505,80.212097168,79665,79675,10
13.0335903168,80.2119827271,79675,79685,10
13.0328903198,80.2119369507,79685,79695,10
13.032500267,80.2118682861,79695,79705,10
13.0324201584,80.2118606567,79705,79716,11
13.0319900513,80.2117919922,79716,79726,10
13.0319595337,80.2114181519,79726,79736,10
13.0320596695,80.2108306885,79736,79746,10
13.032119751,80.2101287842,79746,79756,10
13.0319900513,80.2096481323,79756,79766,10
13.0313901901,80.209487915,79766,79776,10
13.0306501389,80.2093200684,79776,79786,10
13.0301599503,80.2092437744,79786,79797,11
13.0300703049,80.2095413208,79797,79807,10
13.0300598145,80.209602356,79807,79818,11
13.0301799774,80.2098388672,79818,79828,10
13.0307302475,80.2099533081,79828,79838,10
13.0310001373,80.2101593018,79838,79848,10
13.0309295654,80.2105865479,79848,79858,10
13.0308504105,80.2111206055,79858,79868,10
13.0307798386,80.2115631104,79868,79878,10
13.0307302475,80.2119598389,79878,79888,10
13.0306301117,80.2125015259,79888,79898,10
13.0305204391,80.2131271362,79898,79908,10
13.0304603577,80.2136611938,79908,79918,10
13.0304098129,80.2139968872,79918,79929,11
13.0303297043,80.2146377563,79929,79939,10
13.0303001404,80.2148284912,79939,79949,10
13.0303001404,80.2149505615,79949,79959,10
13.0303201675,80.2153778076,79959,79969,10
13.030380249,80.2160110474,79969,79979,10
13.0303897858,80.2166366577,79979,79989,10
13.0306596756,80.2169265747,79989,79999,10
13.0307598114,80.2169570923,79999,80009,10
13.031129837,80.2169494629,80009,80019,10
13.0313997269,80.2170715332,80019,80036,17
13.0316896439,80.2180480957,80036,80048,12
13.0318698883,80.2188491821,80048,80056,8
13.0322399139,80.2186737061,80056,80068,12
13.0321302414,80.2194595337,80068,80077,9
13.032119751,80.2200317383,80077,80088,11
13.0321397781,80.2208709717,80088,80107,19
13.0321397781,80.2208709717,80107,80118,11
13.0318698883,80.2211380005,80118,80128,10
13.0317697525,80.2217178345,80128,80138,10
13.0315198898,80.2223129272,80138,80149,11
13.0312099457,80.2230377197,80149,80158,9
13.0310897827,80.2236785889,80158,80169,11
13.0309095383,80.224571228,80169,80199,30
13.0309095383,80.224571228,80199,80209,10
13.029589653,80.224319458,80209,80219,10
13.0290603638,80.2243118286,80219,80229,10
13.0289001465,80.2242584229,80229,80239,10
13.0286998749,80.2241134644,80239,80249,10
13.0284500122,80.2242965698,80249,80259,10
13.0282697678,80.2250900269,80259,80270,11
13.0281095505,80.2258911133,80270,80280,10
13.0279502869,80.226600647,80280,80290,10
13.0279397964,80.2270278931,80290,80300,10
13.0284204483,80.2271194458,80300,80310,10
13.0285701752,80.227142334,80310,80320,10
13.0287799835,80.227180481,80320,80330,10
13.0293102264,80.2272720337,80330,80340,10
13.0299100876,80.2273635864,80340,80350,10
13.0304203033,80.2275085449,80350,80360,10
13.0303697586,80.2279205322,80360,80371,11
13.0303201675,80.2282562256,80371,80381,10
13.03028965,80.2283630371,80381,80391,10
13.0302696228,80.2288589478,80391,80401,10
13.0303201675,80.2294769287,80401,80411,10
13.0305500031,80.2300567627,80411,80421,10
13.0306901932,80.2306518555,80421,80431,10
13.0305595398,80.2308120728,80431,80441,10
13.0297498703,80.2308425903,80441,80461,20
13.0297498703,80.2308425903,80461,80472,11
13.0293397903,80.2308578491,80472,80482,10
13.028719902,80.2309188843,80482,80492,10
13.0280303955,80.2309799194,80492,80502,10
13.0276098251,80.2311401367,80502,80512,10
13.027680397,80.2316665649,80512,80522,10
13.0277900696,80.2323303223,80522,80532,10
13.0277700424,80.2328567505,80532,80542,10
13.0270500183,80.2329483032,80542,80562,20
13.0270500183,80.2329483032,80562,80572,10
13.02684021,80.2329788208,80572,80583,11
13.0264596939,80.232963562,80583,80593,10
13.0262403488,80.2324523926,80593,80603,10
13.026049614,80.2317504883,80603,80613,10
13.0258398056,80.2309570313,80613,80623,10
13.0254201889,80.230140686,80623,80633,10
13.0249004364,80.2294311523,80633,80643,10
13.0243997574,80.2287597656,80643,80653,10
13.0240297318,80.2283477783,80653,80663,10
13.0239295959,80.2282562256,80663,80673,10
13.0237398148,80.228012085,80673,80683,10
13.0234899521,80.2277832031,80683,80694,11
13.0232496262,80.2275085449,80694,80704,10
13.0227899551,80.2271194458,80704,80714,10
13.0222902298,80.2266464233,80714,80724,10
13.0217103958,80.2261734009,80724,80734,10
13.0211400986,80.2257232666,80734,80744,10
13.0205202103,80.2252731323,80744,80754,10
13.0199804306,80.2249221802,80754,80764,10
13.0196695328,80.2247467041,80764,80774,10
13.019080162,80.2245635986,80774,80784,10
13.0183601379,80.2247619629,80784,80794,10
13.017539978,80.2250823975,80794,80805,11
13.016699791,80.2254180908,80805,80821,16
13.0151500702,80.2259902954,80821,80833,12
13.0151500702,80.2259902954,80833,80841,8
13.0143499374,80.2262878418,80841,80863,22
13.0143499374,80.2262878418,80863,80873,10
13.0139198303,80.2264709473,80873,80883,10
13.0132303238,80.2267303467,80883,80893,10
13.0124902725,80.2270202637,80893,80914,21
13.0124902725,80.2270202637,80914,80924,10
13.0123701096,80.2270812988,80924,80934,10
13.0120897293,80.2272186279,80934,80944,10
13.0114803314,80.2274169922,80944,80954,10
13.0107402802,80.2277069092,80954,80963,9
13.0101003647,80.2279663086,80963,80974,11
13.0093698502,80.2282791138,80974,80984,10
13.0090503693,80.2288665771,80984,80994,10
13.0088796616,80.2297286987,80994,81004,10
13.0086898804,80.2306518555,81004,81014,10
13.0085296631,80.2314682007,81014,81025,11
13.0083599091,80.2324523926,81025,81035,10
13.0082597733,80.233543396,81035,81055,20
13.0082597733,80.233543396,81055,81065,10
13.0081396103,80.2337417603,81065,81075,10
13.0080099106,80.2342681885,81075,81085,10
13.0078496933,80.2350387573,81085,81095,10
13.0076799393,80.2358779907,81095,81105,10
13.0075302124,80.2367630005,81105,81125,20
13.0071802139,80.2384185791,81125,81138,13
13.0070295334,80.2393569946,81138,81148,10
13.0070199966,80.2399215698,81148,81158,10
13.007109642,80.2405929565,81158,81188,30
13.007109642,80.2405929565,81188,81198,10
13.0068502426,80.240447998,81198,81207,9
13.0067195892,80.2410202026,81207,81218,11
13.0067195892,80.2419815063,81218,81228,10
13.0067195892,80.2427902222,81228,81238,10
13.0066995621,80.2434082031,81238,81249,11
13.0066404343,80.2443389893,81249,81259,10
13.0066404343,80.2452163696,81259,81268,9
13.0066604614,80.2459106445,81268,81279,11
13.0067195892,80.2468490601,81279,81289,10
13.0067195892,80.2477416992,81289,81299,10
13.0067501068,80.2486190796,81299,81309,10
13.0068597794,80.2493972778,81309,81319,10
13.0069103241,80.25,81319,81329,10
13.0068397522,80.2498474121,81329,81339,10
13.0068702698,80.2503890991,81339,81350,11
13.006819725,80.2511291504,81350,81360,10
13.0067396164,80.2517623901,81360,81370,10
13.0065402985,80.2525177002,81370,81380,10
13.0065202713,80.2533187866,81380,81390,10
13.0065202713,80.2542190552,81390,81400,10
13.0066204071,80.2549819946,81400,81410,10
13.0067195892,80.2555084229,81410,81420,10
13.0066204071,80.2558288574,81420,81430,10
13.0066099167,80.2565002441,81430,81440,10
13.0066003799,80.2571563721,81440,81450,10
13.0065898895,80.2575683594,81450,81467,17
13.0057201385,80.2574462891,81467,81479,12
13.0050401688,80.2572937012,81479,81489,10
13.0043401718,80.2571182251,81489,81499,10
13.0036296844,80.2570037842,81499,81509,10
13.0029802322,80.2568817139,81509,81519,10
13.0021400452,80.256729126,81519,81529,10
13.0013399124,80.2565994263,81529,81539,10
13.0006504059,80.2565078735,81539,81549,10
13.0000295639,80.2563705444,81549,81559,10
13.0000295639,80.256362915,81559,81570,11
12.9996995926,80.2562866211,81570,81580,10
12.9991703033,80.2562026978,81580,81590,10
12.9984798431,80.2561035156,81590,81600,10
12.9976701736,80.2560119629,81600,81620,20
12.9976701736,80.2560119629,81620,81630,10
12.9974403381,80.2559585571,81630,81640,10
12.9969902039,80.2560119629,81640,81650,10
12.9968700409,80.2564620972,81650,81659,9
12.9968204498,80.2569198608,81659,81670,11
12.9968204498,80.2569503784,81670,81681,11
12.9968004227,80.2572631836,81681,81691,10
12.9967403412,80.2578964233,81691,81701,10
12.9966402054,80.2587203979,81701,81711,10
12.9965295792,80.2595977783,81711,81720,9
12.9964399338,80.2604064941,81720,81731,11
12.9963598251,80.2613601685,81731,81741,10
12.996219635,80.2623062134,81741,81761,20
12.996219635,80.2623062134,81761,81771,10
12.9961900711,80.2624511719,81771,81781,10
12.9961595535,80.2629394531,81781,81792,11
12.9961204529,80.2636108398,81792,81802,10
12.9960298538,80.2643737793,81802,81812,10
12.9959402084,80.2651596069,81812,81822,10
12.9958496094,80.2660903931,81822,81832,10
12.995759964,80.266998291,81832,81842,10
12.9960298538,80.2677001953,81842,81870,28
12.9960298538,80.2677001953,81870,81880,10
12.9963102341,80.2677688599,81880,81890,10
12.9970798492,80.2677383423,81890,81901,11
12.9979000092,80.2675018311,81901,81911,10
12.9986400604,80.2672805786,81911,81921,10
12.999420166,80.2670135498,81921,81931,10
13.0000400543,80.2667007446,81931,81941,10
13.0001497269,80.2664337158,81941,81951,10
13.0001802444,80.2662963867,81951,81961,10
13.0002298355,80.26587677,81961,81971,10
13.0003204346,80.2651901245,81971,82022,51
13.0003204346,80.2651901245,82022,82032,10
13.0003404617,80.2649765015,82032,82042,10
13.0004196167,80.2644119263,82042,82052,10
13.0004997253,80.2637481689,82052,82062,10
13.0007400513,80.263130188,82062,82072,10
13.0008201599,80.2627182007,82072,82082,10
13.0009202957,80.2620162964,82082,82092,10
13.0009803772,80.2612380981,82092,82102,10
13.0010204315,80.2604827881,82102,82113,11
13.0010700226,80.2595596313,82113,82123,10
13.0010700226,80.2585830688,82123,82133,10
13.0010700226,80.2576293945,82133,82143,10
13.0011100769,80.2567062378,82143,82153,10
13.0006504059,80.2564163208,82153,82163,10
12.9998197556,80.2563400269,82163,82173,10
12.9989299774,80.2561798096,82173,82183,10
12.9980697632,80.2560577393,82183,82193,10
12.9977302551,80.2560195923,82193,82203,10
12.9976997375,80.2560882568,82203,82213,10
12.9978399277,80.2565231323,82213,82324,111
12.9978399277,80.2565231323,82324,82335,11
12.9978303909,80.2565612793,82335,82345,10
12.997759819,80.2568130493,82345,82415,70
12.9977502823,80.2571792603,82415,85231,2816
12.997879982,80.2568817139,85231,86139,908
12.9977798462,80.2569732666,86139,86180,41
