13.0501804352,80.2070617676,13,295,282
13.0501804352,80.2070617676,295,346,51
13.0501298904,80.2069091797,346,830,484
13.0501804352,80.2070465088,830,850,20
13.0501203537,80.2070770264,850,991,141
13.050160408,80.2070617676,991,1012,21
13.0502004623,80.2070388794,1012,1042,30
13.0501699448,80.2069702148,1042,1112,70
13.0501203537,80.2070236206,1112,1324,212
13.0501804352,80.20703125,1324,1909,585
13.0501804352,80.20703125,1909,1919,10
13.050069809,80.2070465088,1919,5097,3178
13.050069809,80.2070465088,5097,5107,10
13.0501699448,80.2070465088,5107,5198,91
13.0501003265,80.206993103,5198,7154,1956
13.0501403809,80.2068481445,7154,7941,787
13.050160408,80.2069625854,7941,8304,363
13.0501804352,80.2070770264,8304,8597,293
13.050160408,80.2069015503,8597,9061,464
13.0501098633,80.2071609497,9061,9242,181
13.0500802994,80.2069702148,9242,9616,374
13.0502004623,80.2070465088,9616,10090,474
13.0500297546,80.2068710327,10090,10836,746
13.050160408,80.2070770264,10836,11381,545
13.0502195358,80.20677948,11381,11582,201
13.0502195358,80.20677948,11582,11593,11
13.050239563,80.2070388794,11593,11734,141
13.050160408,80.2068481445,11734,12168,434
13.0501499176,80.2071685791,12168,12652,484
13.0502099991,80.2068710327,12652,15557,2905
13.0501003265,80.206703186,15557,16434,877
13.0502099991,80.2068710327,16434,16868,434
13.0501298904,80.2068710327,16868,16939,71
13.0502004623,80.2069320679,16939,17009,70
13.0502700806,80.2069168091,17009,17161,152
13.0501499176,80.2069396973,17161,18109,948
13.0502099991,80.2070083618,18109,18543,434
13.0501499176,80.2069702148,18543,18765,222
13.0501003265,80.2070922852,18765,18865,100
13.0501699448,80.2070465088,18865,19027,162
13.0501699448,80.2070465088,19027,19037,10
13.0501403809,80.2070388794,19037,19763,726
13.0501804352,80.2069396973,19763,20580,817
13.0501804352,80.2069396973,20580,20590,10
13.0500602722,80.2070236206,20590,21095,505
13.0502595901,80.2070922852,21095,21266,171
13.0501899719,80.2069091797,21266,21549,283
13.0502195358,80.20703125,21549,22114,565
13.0502195358,80.20703125,22114,22124,10
13.0500602722,80.2070236206,22124,22134,10
13.0496997833,80.2069473267,22134,22184,50
13.0496997833,80.2069473267,22184,22194,10
13.0492897034,80.2069396973,22194,22265,71
13.0490598679,80.2071304321,22265,22295,30
13.0490598679,80.2071304321,22295,22305,10
13.0491399765,80.2074584961,22305,22315,10
13.049200058,80.2077636719,22315,22326,11
13.0493001938,80.2082290649,22326,22336,10
13.0494203568,80.2087783813,22336,22346,10
13.0495195389,80.2093734741,22346,22356,10
13.0496397018,80.2100296021,22356,22366,10
13.0497198105,80.210647583,22366,22376,10
13.049779892,80.2110366821,22376,22386,10
13.0498504639,80.2114181519,22386,22396,10
13.0499000549,80.2117462158,22396,22406,10
13.0499696732,80.2119293213,22406,22416,10
13.050359726,80.2119674683,22416,22426,10
13.0509395599,80.2120285034,22426,22436,10
13.0517301559,80.2120437622,22436,22447,11
13.0526800156,80.2118377686,22447,22457,10
13.0535497665,80.2116088867,22457,22467,10
13.0544204712,80.2114028931,22467,22477,10
13.0552396774,80.2113723755,22477,22487,10
13.0562000275,80.2114028931,22487,22497,10
13.0572004318,80.2114028931,22497,22507,10
13.0581598282,80.2114105225,22507,22517,10
13.0590696335,80.21144104,22517,22527,10
13.0600099564,80.2115020752,22527,22537,10
13.0610198975,80.2115402222,22537,22547,10
13.0619497299,80.2115936279,22547,22557,10
13.0628995895,80.2115783691,22557,22568,11
13.0639600754,80.211479187,22568,22578,10
13.0649204254,80.211151123,22578,22588,10
13.0657501221,80.2105484009,22588,22598,10
13.0664997101,80.2099304199,22598,22608,10
13.0671195984,80.2092208862,22608,22618,10
13.0675802231,80.2084732056,22618,22628,10
13.0680704117,80.2077102661,22628,22638,10
13.0685596466,80.2069396973,22638,22648,10
13.0690097809,80.206237793,22648,22658,10
13.0693397522,80.2057418823,22658,22669,11
13.0694904327,80.2054214478,22669,22699,30
13.0694904327,80.2054214478,22699,22709,10
13.0696401596,80.2051010132,22709,22719,10
13.0696496964,80.2048797607,22719,22729,10
13.0693101883,80.2048492432,22729,22739,10
13.0690097809,80.2052764893,22739,22749,10
13.0687799454,80.2052536011,22749,22759,10
13.0685396194,80.2051620483,22759,22769,10
13.0681600571,80.2051620483,22769,23203,434
13.0681600571,80.2051620483,23203,23213,10
13.0681295395,80.2049713135,23213,23223,10
13.0684204102,80.2049407959,23223,23233,10
13.0687799454,80.204826355,23233,23244,11
13.0691204071,80.2047271729,23244,23254,10
13.0693302155,80.2047576904,23254,23264,10
13.0695695877,80.2048034668,23264,23274,10
13.0697898865,80.2049179077,23274,23284,10
13.0698003769,80.2052612305,23284,23294,10
13.0694704056,80.2057571411,23294,23304,10
13.0690498352,80.2064285278,23304,23314,10
13.0686302185,80.2070999146,23314,23324,10
13.0682096481,80.2077789307,23324,23334,10
13.0677995682,80.2084274292,23334,23344,10
13.0673599243,80.2090988159,23344,23354,10
13.0668401718,80.2098388672,23354,23366,12
13.0660104752,80.2105484009,23366,23377,11
13.065320015,80.2111282349,23377,23387,10
13.0650501251,80.2113494873,23387,23397,10
13.0649204254,80.2114334106,23397,23406,9
13.0645999908,80.2115783691,23406,23417,11
13.0638599396,80.211730957,23417,23426,9
13.0631999969,80.2117614746,23426,23437,11
13.0623102188,80.2117919922,23437,23447,10
13.0614900589,80.2116699219,23447,23457,10
13.0604000092,80.2116622925,23457,23468,11
13.0593595505,80.2116394043,23468,23479,11
13.058259964,80.2116317749,23479,23489,10
13.0576200485,80.2116394043,23489,23499,10
13.0574798584,80.2116622925,23499,23509,10
13.0570297241,80.2116622925,23509,23519,10
13.0564002991,80.2116622925,23519,23529,10
13.0556001663,80.2116165161,23529,23539,10
13.0547800064,80.2116012573,23539,23549,10
13.0540304184,80.2116775513,23549,23559,10
13.0532598495,80.2118530273,23559,23569,10
13.0524597168,80.212059021,23569,23579,10
13.0517396927,80.2121887207,23579,23590,11
13.0510196686,80.2121429443,23590,23600,10
13.050330162,80.2121734619,23600,23610,10
13.0498399734,80.2121810913,23610,23620,10
13.0494804382,80.2121963501,23620,23629,9
13.0494604111,80.2121963501,23629,23640,11
13.0490999222,80.2122192383,23640,23650,10
13.04845047,80.2122268677,23650,23660,10
13.0476999283,80.212272644,23660,23670,10
13.0467996597,80.2123031616,23670,23680,10
13.045999527,80.2123413086,23680,23690,10
13.044839859,80.2123794556,23690,23700,10
13.0438699722,80.2123794556,23700,23710,10
13.0429000854,80.2123718262,23710,23721,11
13.0420799255,80.212348938,23721,23731,10
13.0412101746,80.2123794556,23731,23741,10
13.0402097702,80.2124023438,23741,23751,10
13.0391798019,80.2124099731,23751,23761,10
13.0377197266,80.212387085,23761,23791,30
13.0377197266,80.212387085,23791,23801,10
13.0376501083,80.2124023438,23801,23811,10
13.0372600555,80.212387085,23811,23821,10
13.0367202759,80.212387085,23821,23832,11
13.0357704163,80.2123718262,23832,23842,10
13.0351495743,80.2123184204,23842,23852,10
13.0348596573,80.212272644,23852,23862,10
13.0342502594,80.2121429443,23862,23882,20
13.0342502594,80.2121429443,23882,23892,10
13.0340595245,80.2121124268,23892,23902,10
13.0336303711,80.2119903564,23902,23912,10
13.032959938,80.2118606567,23912,23922,10
13.0322504044,80.2117462158,23922,23939,17
13.0320501328,80.2108306885,23939,23951,12
13.0321102142,80.2100601196,23951,23961,10
13.0320997238,80.2097091675,23961,23971,10
13.0318403244,80.2096099854,23971,23981,10
13.0313196182,80.2094573975,23981,23991,10
13.0308198929,80.2093276978,23991,24001,10
13.0307397842,80.209312439,24001,24011,10
13.0306196213,80.2092666626,24011,24021,10
13.0302200317,80.2091674805,24021,24031,10
13.0298404694,80.2090377808,24031,24041,10
13.0298299789,80.2090377808,24041,24052,11
13.0296401978,80.2089767456,24052,24062,10
13.0294799805,80.2089614868,24062,24072,10
13.0292596817,80.2088775635,24072,24082,10
13.0289201736,80.2087936401,24082,24092,10
13.028260231,80.2086181641,24092,24102,10
13.0278196335,80.2084579468,24102,24111,9
13.027469635,80.2082595825,24111,24121,10
13.0269002914,80.2079162598,24121,24132,11
13.0262203217,80.2075119019,24132,24142,10
13.025349617,80.2070999146,24142,24152,10
13.0245704651,80.2069702148,24152,24161,9
13.0242900848,80.2069320679,24161,24173,12
13.0241003036,80.2068786621,24173,24183,10
13.0236301422,80.2067337036,24183,24193,10
13.0229597092,80.2066116333,24193,24203,10
13.0221595764,80.2064819336,24203,24213,10
13.0212202072,80.2064437866,24213,24215,2
13.0212202072,80.2064437866,24215,24265,50
13.018529892,80.2061233521,24265,24275,10
13.0182504654,80.2060012817,24275,24285,10
13.0178899765,80.2058868408,24285,24296,11
13.0174798965,80.2057113647,24296,24306,10
13.0170402527,80.2055511475,24306,24316,10
13.0162296295,80.2052307129,24316,24326,10
13.0153398514,80.2049179077,24326,24336,10
13.0144901276,80.2046737671,24336,24346,10
13.0143404007,80.2045822144,24346,24357,11
13.0141096115,80.2044906616,24357,24367,10
13.0137300491,80.2043991089,24367,24378,11
13.0135297775,80.2048416138,24378,24389,11
13.0132799149,80.2055969238,24389,24398,9
13.0130796432,80.2063293457,24398,24409,11
13.0129995346,80.2072067261,24409,24418,9
13.0129404068,80.2077178955,24418,24429,11
13.0128898621,80.2080764771,24429,24439,10
13.0129003525,80.2084732056,24439,24449,10
13.0129404068,80.2088165283,24449,24459,10
13.0130500793,80.2093582153,24459,24469,10
13.0132398605,80.2097473145,24469,24479,10
13.0131597519,80.210357666,24479,24489,10
13.0129899979,80.2110366821,24489,24499,10
13.0126399994,80.211730957,24499,24509,10
13.0122499466,80.212348938,24509,24520,11
13.0119199753,80.2127838135,24520,24530,10
13.0116701126,80.2127304077,24530,24540,10
13.0113201141,80.2124710083,24540,24550,10
13.0107603073,80.2120513916,24550,24560,10
13.0102596283,80.2116394043,24560,24570,10
13.0095500946,80.2111129761,24570,24620,50
13.0095500946,80.2111129761,24620,24630,10
13.0093002319,80.2110519409,24630,24641,11
13.0091400146,80.2112884521,24641,24651,10
13.0090303421,80.2115478516,24651,24661,10
13.0091400146,80.2119598389,24661,24670,9
13.0093097687,80.2125015259,24670,24681,11
13.0095901489,80.2132110596,24681,24691,10
13.0098600388,80.2138900757,24691,24701,10
13.010140419,80.21459198,24701,24711,10
13.0102596283,80.2154312134,24711,24721,10
13.01060009,80.2163467407,24721,24730,9
13.0110197067,80.2172927856,24730,24741,11
13.0114803314,80.21849823,24741,24752,11
13.011879921,80.2197189331,24752,24762,10
13.0122203827,80.2207794189,24762,24772,10
13.0126495361,80.221572876,24772,24782,10
13.0131902695,80.2223129272,24782,24792,10
13.0137300491,80.2230072021,24792,24802,10
13.0142498016,80.2236328125,24802,24812,10
13.0146598816,80.2241821289,24812,24822,10
13.0151596069,80.2248916626,24822,24832,10
13.0154895782,80.2253799438,24832,24842,10
13.0154895782,80.2255172729,24842,24852,10
13.0152397156,80.2258529663,24852,24862,10
13.0146303177,80.2260971069,24862,24873,11
13.0137395859,80.2264709473,24873,24883,10
13.0128002167,80.226852417,24883,24893,10
13.0117397308,80.2272720337,24893,24903,10
13.0106801987,80.2276763916,24903,24913,10
13.0097904205,80.2279815674,24913,24923,10
13.0096302032,80.2273712158,24923,24933,10
13.0099697113,80.2266082764,24933,24943,10
13.0103302002,80.225692749,24943,24953,10
13.0107803345,80.2246780396,24953,24963,10
13.0111703873,80.2236862183,24963,24973,10
13.0111103058,80.2230987549,24973,24984,11
13.010430336,80.2227478027,24984,24994,10
13.0096902847,80.2223510742,24994,25004,10
13.0088596344,80.2219085693,25004,25014,10
13.0079698563,80.2214279175,25014,25024,10
13.0071601868,80.2210083008,25024,25034,10
13.0061397552,80.2205963135,25034,25044,10
13.0052499771,80.2203826904,25044,25054,10
13.0044498444,80.2201919556,25054,25063,9
13.0036697388,80.2200012207,25063,25074,11
13.0027599335,80.2196807861,25074,25084,10
13.0020999908,80.2191009521,25084,25094,10
13.0015201569,80.2185516357,25094,25105,11
13.0007600784,80.2180175781,25105,25115,10
13.0000200272,80.2175521851,25115,25125,10
12.9992599487,80.2171173096,25125,25135,10
12.9984397888,80.2167282104,25135,25145,10
12.9976596832,80.2165527344,25145,25155,10
12.9975500107,80.2165374756,25155,25165,10
12.9974603653,80.2165374756,25165,25175,10
12.9972000122,80.2165603638,25175,25185,10
12.9967098236,80.2165603638,25185,25195,10
12.9960098267,80.2166900635,25195,25205,10
12.9952697754,80.2169494629,25205,25215,10
12.9946298599,80.2173919678,25215,25226,11
12.9939403534,80.2179031372,25226,25242,16
12.9927997589,80.2186965942,25242,25254,12
12.9919500351,80.2193222046,25254,25264,10
12.9914302826,80.2195968628,25264,25274,10
12.9910202026,80.2194366455,25274,25284,10
12.9906101227,80.2193222046,25284,25294,10
12.9905796051,80.219291687,25294,25304,10
12.9902000427,80.2191467285,25304,25314,10
12.9896001816,80.2189178467,25314,25324,10
12.9888401031,80.2186431885,25324,25335,11
12.9878902435,80.2183990479,25335,25345,10
12.9870595932,80.2182388306,25345,25355,10
12.9861402512,80.2180175781,25355,25365,10
12.9851398468,80.2179031372,25365,25375,10
12.9842395782,80.217918396,25375,25385,10
12.9840202332,80.2179412842,25385,25395,10
12.9837999344,80.2179412842,25395,25405,10
12.9832801819,80.2179489136,25405,25415,10
12.9825000763,80.2179412842,25415,25425,10
12.9816102982,80.2180023193,25425,25435,10
12.9807901382,80.2182617188,25435,25445,10
12.980219841,80.2184371948,25445,25456,11
12.9795503616,80.2187194824,25456,25466,10
12.9789304733,80.2189788818,25466,25476,10
12.9785604477,80.2191314697,25476,25492,16
12.9775295258,80.2195587158,25492,25504,12
12.9765396118,80.2199935913,25504,25514,10
12.9758996964,80.2202682495,25514,25524,10
12.9755601883,80.2206878662,25524,25534,10
12.9758796692,80.2210998535,25534,25543,9
12.9762096405,80.2215423584,25543,25554,11
12.9763298035,80.2216796875,25554,25564,10
12.9763402939,80.2217102051,25564,25575,11
12.9765195847,80.2220993042,25575,25585,10
12.9768695831,80.2226409912,25585,25595,10
12.9773101807,80.2233505249,25595,25605,10
12.9777898788,80.2241134644,25605,25615,10
12.9781703949,80.2247085571,25615,25625,10
12.9785604477,80.2253570557,25625,25635,10
12.9790000916,80.2260971069,25635,25645,10
12.9794397354,80.2268600464,25645,25655,10
12.9799098969,80.2276000977,25655,25665,10
12.9803695679,80.2284011841,25665,25675,10
12.9808197021,80.2291564941,25675,25686,11
12.9813404083,80.2299804688,25686,25696,10
12.9817399979,80.2305679321,25696,25706,10
12.9817399979,80.2306213379,25706,25716,10
12.981880188,80.2309494019,25716,25726,10
12.9820203781,80.2315216064,25726,25736,10
12.9820604324,80.2322235107,25736,25746,10
12.9818601608,80.2329864502,25746,25756,10
12.9816102982,80.233581543,25756,25766,10
12.9815397263,80.2336730957,25766,25776,10
12.9813299179,80.2341384888,25776,25786,10
12.9812202454,80.2349090576,25786,25797,11
12.9812498093,80.2359390259,25797,25807,10
12.9812803268,80.2369232178,25807,25817,10
12.981300354,80.2378997803,25817,25827,10
12.9813203812,80.2386703491,25827,25837,10
12.9813203812,80.2387466431,25837,25847,10
12.9813203812,80.238861084,25847,25857,10
12.9813203812,80.2393035889,25857,25867,10
12.9813604355,80.2399215698,25867,25877,10
12.9813604355,80.2406997681,25877,25887,10
12.9813804626,80.2415313721,25887,25897,10
12.9813899994,80.2423324585,25897,25907,10
12.9813804626,80.2429122925,25907,25928,21
12.9813804626,80.2429122925,25928,25938,10
12.9813804626,80.2432022095,25938,25948,10
12.9813499451,80.2437515259,25948,25958,10
12.9812602997,80.2444992065,25958,25968,10
12.9811496735,80.2453689575,25968,25978,10
12.9810400009,80.2463226318,25978,25988,10
12.9809503555,80.2473220825,25988,25998,10
12.9808702469,80.2483596802,25998,26008,10
12.9807901382,80.249382019,26008,26018,10
12.9806098938,80.2503204346,26018,26029,11
12.9803600311,80.2512817383,26029,26039,10
12.9801797867,80.2520294189,26039,26049,10
12.9801397324,80.2522125244,26049,26059,10
12.9801197052,80.2523193359,26059,26069,10
12.9801502228,80.2525024414,26069,26079,10
12.9804000854,80.2526397705,26079,26089,10
12.980919838,80.2526321411,26089,26099,10
12.9816503525,80.2526168823,26099,26109,10
12.9825201035,80.2526016235,26109,26119,10
12.9834899902,80.2524795532,26119,26129,10
12.9844799042,80.252243042,26129,26139,10
12.9854803085,80.2519683838,26139,26150,11
12.9865102768,80.2517089844,26150,26159,9
12.9874801636,80.2514038086,26159,26220,61
12.9874801636,80.2514038086,26220,26230,10
12.9877004623,80.2513809204,26230,26240,10
12.9879598618,80.2515563965,26240,26250,10
12.9880599976,80.2520599365,26250,26261,11
12.9880800247,80.252281189,26261,26271,10
12.9880199432,80.2528381348,26271,26281,10
12.9879398346,80.253616333,26281,26291,10
12.987859726,80.2544403076,26291,26301,10
12.9877700806,80.255317688,26301,26311,10
12.9876804352,80.2560195923,26311,26321,10
12.9876403809,80.2564315796,26321,26331,10
12.9876298904,80.2565383911,26331,26341,10
12.9875898361,80.2569732666,26341,26351,10
12.9875297546,80.2576904297,26351,26361,10
12.9874696732,80.2584915161,26361,26371,10
12.9874095917,80.2590713501,26371,26382,11
12.9872598648,80.259552002,26382,26402,20
12.9872598648,80.259552002,26402,26412,10
12.9870004654,80.2595672607,26412,27745,1333
12.9870004654,80.2595672607,27745,27755,10
12.9867601395,80.2595367432,27755,27766,11
12.986579895,80.2594223022,27766,27776,10
12.9865999222,80.2591781616,27776,27786,10
12.9866695404,80.2590637207,27786,27796,10
12.9869003296,80.2590789795,27796,27826,30
12.9869003296,80.2590789795,27826,27836,10
12.9870796204,80.2591094971,27836,27846,10
12.9872198105,80.2591171265,27846,27856,10
12.9873504639,80.2589569092,27856,27866,10
12.9873800278,80.2586364746,27866,27877,11
12.9873800278,80.2585601807,27877,27887,10
12.9874095917,80.2582778931,27887,27897,10
12.9874401093,80.2578811646,27897,27907,10
12.9875001907,80.2572402954,27907,27917,10
12.9875402451,80.2565917969,27917,27927,10
12.9875602722,80.2559585571,27927,27937,10
12.987569809,80.2558288574,27937,27947,10
12.9875802994,80.2557373047,27947,27957,10
12.9876804352,80.2553634644,27957,27967,10
12.9877195358,80.2548599243,27967,27977,10
12.9877195358,80.2548370361,27977,27988,11
12.9877796173,80.2544021606,27988,27998,10
12.987830162,80.2537612915,27998,28008,10
12.9878997803,80.2529296875,28008,28018,10
12.987859726,80.2518234253,28018,28098,80
12.987859726,80.2518234253,28098,28109,11
12.9876699448,80.2515792847,28109,28119,10
12.9871301651,80.2516174316,28119,28129,10
12.9863796234,80.2518081665,28129,28139,10
12.9854803085,80.2520370483,28139,28149,10
12.9844102859,80.2523498535,28149,28159,10
12.9833297729,80.2526168823,28159,28169,10
12.9822397232,80.2527084351,28169,28179,10
12.9811897278,80.2527313232,28179,28188,9
12.9801301956,80.2527770996,28188,28230,42
12.9801301956,80.2527770996,28230,28240,10
12.9799804688,80.2527313232,28240,28250,10
12.9799404144,80.252281189,28250,28270,20
12.9799404144,80.252281189,28270,28280,10
12.9799804688,80.2519989014,28280,28290,10
12.9801702499,80.2515487671,28290,28300,10
12.9803800583,80.250869751,28300,28310,10
12.9806003571,80.2500534058,28310,28320,10
12.9807500839,80.2490997314,28320,28329,9
12.980799675,80.2481765747,28329,28341,12
12.9808702469,80.2469482422,28341,28351,10
12.9809799194,80.245880127,28351,28361,10
12.9811000824,80.2448272705,28361,28371,10
12.9811601639,80.2439422607,28371,28381,10
12.9812297821,80.2436828613,28381,28391,10
12.981300354,80.2435836792,28391,28401,10
12.9813499451,80.2431793213,28401,28411,10
12.9813699722,80.2427520752,28411,28421,10
12.9813699722,80.2427368164,28421,28431,10
12.9813699722,80.2426986694,28431,28441,10
12.9813699722,80.2423400879,28441,28451,10
12.9813604355,80.2417831421,28451,28462,11
12.9813604355,80.2409973145,28462,28472,10
12.9813499451,80.2402420044,28472,28482,10
12.9813404083,80.2395172119,28482,28492,10
12.9813098907,80.2388687134,28492,28502,10
12.981300354,80.2381591797,28502,28518,16
12.9812898636,80.2378921509,28518,28530,12
12.9812803268,80.2378311157,28530,28538,8
12.9812698364,80.2375717163,28538,28550,12
12.9812402725,80.2369384766,28550,28560,10
12.9812297821,80.2362289429,28560,28570,10
12.9812202454,80.2354888916,28570,28581,11
12.9812002182,80.2346496582,28581,28590,9
12.9813404083,80.2339630127,28590,28601,11
12.9816503525,80.2333374023,28601,28621,20
12.9816503525,80.2333374023,28621,28631,10
12.9817495346,80.2331466675,28631,28641,10
12.9819002151,80.2328491211,28641,28651,10
12.982000351,80.2324523926,28651,28661,10
12.982000351,80.232093811,28661,28671,10
12.9819803238,80.2315673828,28671,28681,10
12.9818696976,80.2310791016,28681,28692,11
12.9816503525,80.2305908203,28692,28702,10
12.9813203812,80.2300415039,28702,28712,10
12.9809703827,80.2294921875,28712,28722,10
12.9806699753,80.2289962769,28722,28742,20
12.9806699753,80.2289962769,28742,28752,10
12.9805202484,80.2287826538,28752,28762,10
12.9803199768,80.2284317017,28762,28772,10
12.9801502228,80.2280578613,28772,28782,10
12.9798603058,80.2275619507,28782,28792,10
12.9794797897,80.2269668579,28792,28803,11
12.9790496826,80.2262573242,28803,28813,10
12.9786500931,80.2255935669,28813,28823,10
12.978269577,80.2249832153,28823,28833,10
12.9779596329,80.2245407104,28833,28843,10
12.9777603149,80.2242507935,28843,28853,10
12.9777498245,80.2242431641,28853,28863,10
12.9776697159,80.2240524292,28863,28873,10
12.9774703979,80.2237167358,28873,28883,10
12.9771795273,80.2232589722,28883,28893,10
12.9768800735,80.2227706909,28893,28903,10
12.9765701294,80.2222671509,28903,28913,10
12.9762201309,80.2217330933,28913,28924,11
12.9758796692,80.2212600708,28924,28954,30
12.9758796692,80.2212600708,28954,28964,10
12.9758195877,80.2211990356,28964,28974,10
12.9756498337,80.2210388184,28974,28984,10
12.9754400253,80.2208633423,28984,29035,51
12.9754400253,80.2208633423,29035,29045,10
12.9754199982,80.2205429077,29045,29055,10
12.9756202698,80.2203369141,29055,29065,10
12.9759397507,80.2201766968,29065,29075,10
12.9763898849,80.2199630737,29075,29085,10
12.9769897461,80.2197113037,29085,29095,10
12.9776697159,80.2194290161,29095,29105,10
12.9783601761,80.2191467285,29105,29115,10
12.9787502289,80.2190093994,29115,29125,10
12.9792404175,80.2188110352,29125,29135,10
12.9797697067,80.2185897827,29135,29145,10
12.9802103043,80.2183990479,29145,29156,11
12.9808197021,80.2181930542,29156,29166,10
12.9814596176,80.217956543,29166,29176,10
12.9821395874,80.2178421021,29176,29186,10
12.9825601578,80.2178268433,29186,29196,10
12.983039856,80.2178268433,29196,29212,16
12.9837903976,80.2178268433,29212,29224,12
12.9837999344,80.2178268433,29224,29234,10
12.9838600159,80.2178192139,29234,29244,10
12.9842195511,80.2178115845,29244,29254,10
12.9847803116,80.2177963257,29254,29264,10
12.9854602814,80.2178115845,29264,29275,11
12.9862604141,80.2179718018,29275,29284,9
12.9868602753,80.2181167603,29284,29294,10
12.9873800278,80.2182312012,29294,29305,11
12.9874000549,80.2182388306,29305,29315,10
12.9875202179,80.2182922363,29315,29325,10
12.9879102707,80.2183990479,29325,29335,10
12.988530159,80.218536377,29335,29345,10
12.9892196655,80.2187271118,29345,29355,10
12.9899597168,80.2189712524,29355,29365,10
12.9907798767,80.2192230225,29365,29375,10
12.9914999008,80.2194290161,29375,29385,10
12.991900444,80.2192611694,29385,29396,11
12.9924097061,80.2189102173,29396,29406,10
12.9929504395,80.2185211182,29406,29416,10
12.9935703278,80.2180633545,29416,29426,10
12.9941797256,80.2176437378,29426,29436,10
12.9947395325,80.2172317505,29436,29445,9
12.9951696396,80.2169418335,29445,29456,11
12.9958095551,80.2166671753,29456,29466,10
12.9964399338,80.2165374756,29466,29476,10
12.9970397949,80.2164764404,29476,29486,10
12.9976196289,80.2160568237,29486,29517,31
12.9976196289,80.2160568237,29517,29527,10
12.997879982,80.2158203125,29527,29537,10
12.9982204437,80.2155075073,29537,29547,10
12.9986400604,80.2151412964,29547,29557,10
12.9990901947,80.2147521973,29557,29567,10
12.9992904663,80.2145767212,29567,29577,10
12.9996099472,80.214302063,29577,29587,10
12.9999399185,80.2140274048,29587,29596,9
13.000289917,80.2137298584,29596,29606,10
13.0007600784,80.2133102417,29606,29617,11
13.0013198853,80.2128677368,29617,29628,11
13.0018796921,80.2124481201,29628,29638,10
13.0024404526,80.2121582031,29638,29648,10
13.0030002594,80.2120666504,29648,29658,10
13.0035495758,80.2120132446,29658,29668,10
13.0036802292,80.2119216919,29668,29678,10
13.0037002563,80.2118988037,29678,29688,10
13.0037202835,80.2115783691,29688,29698,10
13.0037002563,80.2110595703,29698,29708,10
13.0036401749,80.2106170654,29708,29718,10
13.0035800934,80.2102432251,29718,29728,10
13.0035400391,80.2098236084,29728,29739,11
13.003569603,80.2093429565,29739,29749,10
13.0036897659,80.2088317871,29749,29759,10
13.0041704178,80.2086868286,29759,29769,10
13.0049200058,80.2090301514,29769,29779,10
13.0057497025,80.2093811035,29779,29789,10
13.0064601898,80.2096099854,29789,29799,10
13.0070800781,80.209777832,29799,29809,10
13.0074701309,80.2098388672,29809,29839,30
13.0074701309,80.2098388672,29839,29849,10
13.0076599121,80.2098922729,29849,29860,11
13.0080404282,80.2099609375,29860,29870,10
13.0082197189,80.2097930908,29870,29886,16
13.0080099106,80.2088775635,29886,29898,12
13.0078601837,80.2079086304,29898,29908,10
13.0077400208,80.2072525024,29908,29918,10
13.0075902939,80.2063293457,29918,29928,10
13.007519722,80.2054672241,29928,29938,10
13.0075302124,80.2048416138,29938,29948,10
13.0075302124,80.2042770386,29948,29958,10
13.0074796677,80.203742981,29958,29968,10
13.0073099136,80.2029190063,29968,29978,10
13.0067796707,80.202583313,29978,29989,11
13.0066003799,80.2031707764,29989,29999,10
13.0070400238,80.2034835815,29999,30009,10
13.0075502396,80.2036590576,30009,30019,10
13.0082397461,80.2037200928,30019,30029,10
13.0090799332,80.2036590576,30029,30039,10
13.0100898743,80.2036132813,30039,30049,10
13.0112104416,80.2036590576,30049,30059,10
13.0122995377,80.2038192749,30059,30069,10
13.0133304596,80.2040634155,30069,30078,9
13.0141201019,80.2043380737,30078,30090,12
13.0149202347,80.2045974731,30090,30100,10
13.014960289,80.2046203613,30100,30110,10
13.015080452,80.2046966553,30110,30120,10
13.0154104233,80.2048416138,30120,30130,10
13.0160398483,80.205078125,30130,30140,10
13.0166902542,80.2052230835,30140,30150,10
13.0174102783,80.2054595947,30150,30160,10
13.0181102753,80.2057418823,30160,30170,10
13.0186595917,80.2059173584,30170,30180,10
13.0186796188,80.2059402466,30180,30190,10
13.0189199448,80.2060317993,30190,30200,10
13.0194301605,80.2061920166,30200,30211,11
13.0202302933,80.2062911987,30211,30221,10
13.0210695267,80.2062988281,30221,30231,10
13.0219097137,80.2063217163,30231,30247,16
13.0232000351,80.2065887451,30247,30259,12
13.0241203308,80.2065963745,30259,30278,19
13.0241203308,80.2065963745,30278,30289,11
13.0245704651,80.206703186,30289,30299,10
13.025179863,80.2068710327,30299,30309,10
13.025970459,80.2071990967,30309,30319,10
13.0267601013,80.2076721191,30319,30330,11
13.0277395248,80.2082824707,30330,30340,10
13.0287704468,80.2086410522,30340,30350,10
13.0296096802,80.2088088989,30350,30360,10
13.0297803879,80.2088623047,30360,30370,10
13.0298204422,80.2088623047,30370,30380,10
13.0301303864,80.2089691162,30380,30390,10
13.0306797028,80.2091369629,30390,30400,10
13.0313901901,80.2093200684,30400,30410,10
13.0315799713,80.2093963623,30410,30420,10
13.03166008,80.2094192505,30420,30430,10
13.0319795609,80.2095108032,30430,30441,11
13.0323095322,80.2095718384,30441,30451,10
13.0328598022,80.2096710205,30451,30461,10
13.033539772,80.2098312378,30461,30471,10
13.034330368,80.2100219727,30471,30481,10
13.0350399017,80.2102127075,30481,30491,10
13.0350198746,80.2106704712,30491,30501,10
13.0350503922,80.2112197876,30501,30541,40
13.0350503922,80.2112197876,30541,30551,10
13.0349798203,80.2113571167,30551,30562,11
13.0349197388,80.2117462158,30562,30582,20
13.0349197388,80.2117462158,30582,30592,10
13.0349197388,80.2119903564,30592,30601,9
13.0350999832,80.2121734619,30601,30612,11
13.0356502533,80.2122497559,30612,30622,10
13.0363197327,80.212272644,30622,30632,10
13.036939621,80.212272644,30632,30642,10
13.0372800827,80.2122802734,30642,30652,10
13.0374603271,80.2122802734,30652,30662,10
13.0379199982,80.212272644,30662,30672,10
13.038599968,80.2122497559,30672,30683,11
13.0394496918,80.2122421265,30683,30693,10
13.0403404236,80.2122268677,30693,30703,10
13.0412902832,80.2122192383,30703,30713,10
13.0422697067,80.2122497559,30713,30723,10
13.0433397293,80.212272644,30723,30733,10
13.0443601608,80.2122802734,30733,30743,10
13.0453195572,80.2122421265,30743,30753,10
13.0462703705,80.2122268677,30753,30763,10
13.0472002029,80.2121734619,30763,30773,10
13.0480604172,80.2120819092,30773,30783,10
13.0488700867,80.2119903564,30783,30804,21
13.0488700867,80.2119903564,30804,30814,10
13.0490999222,80.212020874,30814,30824,10
13.0496397018,80.2119903564,30824,30834,10
13.0501003265,80.2119598389,30834,30844,10
13.0504703522,80.2119827271,30844,30854,10
13.0508403778,80.2120437622,30854,30864,10
13.0512695313,80.212059021,30864,30880,16
13.0522298813,80.2119827271,30880,30892,12
13.0530595779,80.2117767334,30892,30901,9
13.0537595749,80.2116012573,30901,30913,12
13.0542201996,80.21144104,30913,30923,10
13.0546102524,80.2114028931,30923,30933,10
13.0551900864,80.2114105225,30933,30943,10
13.0559902191,80.2114181519,30943,30952,9
13.0566902161,80.2114181519,30952,30964,12
13.0574502945,80.2113800049,30964,30973,9
13.0575199127,80.2113418579,30973,30982,9
13.0579204559,80.2113494873,30982,30993,11
13.0586204529,80.2113876343,30993,31003,10
13.0590896606,80.2114486694,31003,31012,9
13.059630394,80.2114868164,31012,31023,11
13.060500145,80.2115707397,31023,31034,11
13.0614700317,80.2116317749,31034,31044,10
13.0623102188,80.2115783691,31044,31054,10
13.0631399155,80.211517334,31054,31064,10
13.0633096695,80.2115097046,31064,31074,10
13.0635204315,80.2115020752,31074,31084,10
13.0639200211,80.2114562988,31084,31094,10
13.0644903183,80.2113571167,31094,31104,10
13.0651597977,80.2109985352,31104,31114,10
13.0658597946,80.2104263306,31114,31124,10
13.0666399002,80.2097473145,31124,31134,10
13.0672302246,80.2089767456,31134,31145,11
13.0673704147,80.2087097168,31145,31155,10
13.0674800873,80.2085113525,31155,31165,10
13.0677404404,80.2080688477,31165,31175,10
13.0681295395,80.2074203491,31175,31185,10
13.0686302185,80.206703186,31185,31195,10
13.0691204071,80.2059707642,31195,31205,10
13.0694503784,80.2054367065,31205,31215,10
13.0696601868,80.2049026489,31215,31225,10
13.0693101883,80.2049179077,31225,31235,10
13.0690402985,80.2053527832,31235,31244,9
13.0685195923,80.2052536011,31244,31598,354
13.0685195923,80.2052536011,31598,31608,10
13.0685596466,80.2054672241,31608,31619,11
13.0679998398,80.2052993774,31619,31669,50
13.0679998398,80.2052993774,31669,31679,10
13.0680198669,80.205078125,31679,31689,10
13.0682201385,80.2049331665,31689,31699,10
13.0683898926,80.2048873901,31699,31709,10
13.0685100555,80.2048416138,31709,31719,10
13.0687503815,80.2047424316,31719,31730,11
13.0690402985,80.2046813965,31730,31740,10
13.0692796707,80.2047195435,31740,31750,10
13.0695495605,80.2047729492,31750,31770,20
13.0695495605,80.2047729492,31770,31780,10
13.069849968,80.2049789429,31780,31790,10
13.069729805,80.2053909302,31790,31800,10
13.0693998337,80.2059173584,31800,31810,10
13.068980217,80.2065734863,31810,31820,10
13.0685100555,80.2072982788,31820,31830,10
13.0680198669,80.2080993652,31830,31839,9
13.0675697327,80.2088623047,31839,31851,12
13.0669403076,80.2097625732,31851,31861,10
13.0661296844,80.2104721069,31861,31871,10
13.0654296875,80.2110977173,31871,31881,10
13.0650396347,80.2113800049,31881,31891,10
13.064909935,80.2113723755,31891,31901,10
13.064499855,80.2115020752,31901,31911,10
13.0640001297,80.2116622925,31911,31921,10
13.0639095306,80.2117080688,31921,31931,10
13.0637998581,80.2117233276,31931,31941,10
13.0634498596,80.2117462158,31941,31951,10
13.0628795624,80.2117767334,31951,31962,11
13.0621700287,80.2117614746,31962,31972,10
13.0614299774,80.2116775513,31972,31982,10
13.0604496002,80.2117080688,31982,31992,10
13.0595397949,80.2116775513,31992,32002,10
13.0586395264,80.2116622925,32002,32012,10
13.0578804016,80.2116165161,32012,32022,10
13.0577001572,80.2116317749,32022,32032,10
13.0575799942,80.2116317749,32032,32042,10
13.0572004318,80.2116165161,32042,32052,10
13.0566902161,80.2116165161,32052,32062,10
13.0560102463,80.2116088867,32062,32072,10
13.055270195,80.2115783691,32072,32083,11
13.0544395447,80.2115707397,32083,32092,9
13.0537395477,80.2117233276,32092,32102,10
13.0528802872,80.2119598389,32102,32113,11
13.0519800186,80.2121200562,32113,32123,10
13.0513801575,80.2121734619,32123,32143,20
13.0513801575,80.2121734619,32143,32153,10
13.0511398315,80.2122192383,32153,32163,10
13.0508899689,80.2122268677,32163,32173,10
13.0501003265,80.2122268677,32173,32183,10
13.0495901108,80.2122192383,32183,32214,31
13.0495901108,80.2122192383,32214,32224,10
13.0493497849,80.2121887207,32224,32234,10
13.0489301682,80.2121582031,32234,32244,10
13.0482997894,80.2121963501,32244,32254,10
13.0475196838,80.212272644,32254,32264,10
13.0465898514,80.212310791,32264,32274,10
13.0455198288,80.2123718262,32274,32284,10
13.0445995331,80.2124328613,32284,32294,10
13.0437202454,80.212387085,32294,32304,10
13.0426998138,80.2123794556,32304,32314,10
13.0415897369,80.212348938,32314,32325,11
13.0404195786,80.212348938,32325,32335,10
13.0397500992,80.2124023438,32335,32345,10
13.0389299393,80.2123565674,32345,32365,20
13.0389299393,80.2123565674,32365,32381,16
13.0386695862,80.2124328613,32381,32393,12
13.0379896164,80.2123718262,32393,32403,10
13.0374202728,80.2123413086,32403,32413,10
13.0365200043,80.2122879028,32413,32423,10
13.0359096527,80.2123336792,32423,32434,11
13.0355901718,80.2123413086,32434,32474,40
13.0355901718,80.2123413086,32474,32484,10
13.0353603363,80.2122573853,32484,32494,10
13.0349903107,80.2122268677,32494,32504,10
13.0347003937,80.2121963501,32504,32524,20
13.0347003937,80.2121963501,32524,32534,10
13.0346097946,80.2122116089,32534,32544,10
13.0342798233,80.2121734619,32544,32555,11
13.034119606,80.2121582031,32555,32565,10
13.0340003967,80.2121124268,32565,32575,10
13.0336999893,80.212020874,32575,32585,10
13.0331897736,80.2119216919,32585,32595,10
13.0325298309,80.2117996216,32595,32605,10
13.0319900513,80.2115631104,32605,32615,10
13.0320701599,80.2108917236,32615,32625,10
13.0321102142,80.2099990845,32625,32686,61
13.0321102142,80.2099990845,32686,32696,10
13.0320997238,80.2097091675,32696,32706,10
13.031920433,80.2096328735,32706,32716,10
13.03166008,80.2095794678,32716,32756,40
13.03166008,80.2095794678,32756,32766,10
13.0314102173,80.2096481323,32766,32776,10
13.0311098099,80.209487915,32776,32787,11
13.030670166,80.2093582153,32787,32797,10
13.0304298401,80.2092819214,32797,32807,10
13.0302200317,80.2092208862,32807,32817,10
13.0302000046,80.2092132568,32817,32827,10
13.0300703049,80.2091522217,32827,32837,10
13.0296096802,80.2089996338,32837,32857,20
13.0296096802,80.2089996338,32857,32867,10
13.0294399261,80.208946228,32867,32877,10
13.0289402008,80.2088088989,32877,32887,10
13.0282096863,80.2085876465,32887,32898,11
13.0274496078,80.2082519531,32898,32907,9
13.0268201828,80.2078781128,32907,32918,11
13.0260000229,80.2073822021,32918,32928,10
13.0251302719,80.2070922852,32928,32938,10
13.0243396759,80.2069396973,32938,32948,10
13.0241603851,80.2068786621,32948,32968,20
13.0241603851,80.2068786621,32968,32978,10
13.0239801407,80.2068328857,32978,32988,10
13.0236101151,80.2067184448,32988,32998,10
13.023059845,80.2066192627,32998,33008,10
13.022359848,80.206489563,33008,33019,11
13.0216302872,80.2064666748,33019,33029,10
13.0212402344,80.2064666748,33029,33039,10
13.0207500458,80.2064819336,33039,33049,10
13.0200595856,80.2064819336,33049,33059,10
13.0193996429,80.206451416,33059,33069,10
13.0191602707,80.2063598633,33069,33089,20
13.0189599991,80.2062911987,33089,33119,30
13.0189599991,80.2062911987,33119,33129,10
13.0186300278,80.206161499,33129,33170,41
13.0186300278,80.206161499,33170,33180,10
13.0181703568,80.2060775757,33180,33200,20
13.0181703568,80.2060775757,33200,33210,10
13.017780304,80.205909729,33210,33240,30
13.017780304,80.205909729,33240,33251,11
13.0174503326,80.2057571411,33251,33261,10
13.0171098709,80.2055587769,33261,33271,10
13.016579628,80.2054595947,33271,33280,9
13.015879631,80.2051773071,33280,33291,11
13.0150003433,80.2049102783,33291,33301,10
13.0143604279,80.2046432495,33301,33311,10
13.0143003464,80.2046279907,33311,33321,10
13.0142297745,80.2046432495,33321,33331,10
13.0140399933,80.2045593262,33331,33341,10
13.013759613,80.2044372559,33341,33351,10
13.0136003494,80.2045974731,33351,33361,10
13.0134801865,80.2050018311,33361,33372,11
13.0132598877,80.2056884766,33372,33382,10
13.0130796432,80.2064437866,33382,33392,10
13.013010025,80.2071914673,33392,33402,10
13.0129404068,80.2077636719,33402,33412,10
13.0128898621,80.2081832886,33412,33422,10
13.0129098892,80.2085800171,33422,33432,10
13.0129804611,80.2089996338,33432,33442,10
13.0131196976,80.2095413208,33442,33452,10
13.0131998062,80.2100830078,33452,33462,10
13.0130796432,80.2107696533,33462,33472,10
13.0127696991,80.211479187,33472,33483,11
13.0123500824,80.2121734619,33483,33493,10
13.0120201111,80.2126693726,33493,33503,10
13.0118198395,80.2127838135,33503,33513,10
13.0115499496,80.2125930786,33513,33523,10
13.0111198425,80.2122802734,33523,33533,10
13.010720253,80.2119827271,33533,33543,10
13.0105800629,80.2118606567,33543,33553,10
13.0102100372,80.2115478516,33553,33654,101
13.0102100372,80.2115478516,33654,33664,10
13.0098695755,80.2113265991,33664,33715,51
13.0095996857,80.2111282349,33715,33775,60
13.0092096329,80.2112197876,33775,33815,40
13.0092096329,80.2112197876,33815,33825,10
13.0090503693,80.2116012573,33825,33836,11
13.0091199875,80.2118835449,33836,33846,10
13.0092096329,80.2121276855,33846,33856,10
13.0092802048,80.2123794556,33856,33866,10
13.0094203949,80.2127609253,33866,33876,10
13.0095796585,80.2131729126,33876,33886,10
13.009759903,80.2136001587,33886,33896,10
13.0099496841,80.2140731812,33896,33906,10
13.0101203918,80.2145080566,33906,33916,10
13.0102300644,80.2151184082,33916,33926,10
13.0103702545,80.2158584595,33926,33936,10
13.010720253,80.2166366577,33936,33952,16
13.011349678,80.2181091309,33952,33965,13
13.011759758,80.2193069458,33965,33975,10
13.0120697021,80.2203063965,33975,33985,10
13.0123996735,80.2211074829,33985,33995,10
13.0124998093,80.2214126587,33995,34005,10
13.0126199722,80.2216033936,34005,34015,10
13.0128803253,80.2219390869,34015,34024,9
13.0131397247,80.2221984863,34024,34035,11
13.0134801865,80.2226028442,34035,34045,10
13.0136804581,80.2228622437,34045,34055,10
13.0138301849,80.2230606079,34055,34066,11
13.0139904022,80.2233581543,34066,34076,10
13.0141000748,80.2234802246,34076,34086,10
13.0142498016,80.2237167358,34086,34095,9
13.0144901276,80.2241134644,34095,34106,11
13.0149097443,80.2245483398,34106,34115,9
13.0150499344,80.2246398926,34115,34126,11
13.0154304504,80.2250671387,34126,34146,20
13.0154304504,80.2250671387,34146,34156,10
13.0155696869,80.2250671387,34156,34166,10
13.0156698227,80.2253875732,34166,34176,10
13.0154399872,80.2257614136,34176,34187,11
13.0148496628,80.2260284424,34187,34197,10
13.0141801834,80.22631073,34197,34207,10
13.0135297775,80.2265701294,34207,34217,10
13.0128297806,80.226852417,34217,34227,10
13.0120401382,80.227180481,34227,34237,10
13.011179924,80.2274780273,34237,34247,10
13.0102596283,80.2278289795,34247,34257,10
13.0095300674,80.2277374268,34257,34267,10
13.0097303391,80.2270889282,34267,34277,10
13.0100603104,80.2263565063,34277,34287,10
13.0105199814,80.2250900269,34287,34308,21
13.0105199814,80.2250900269,34308,34318,10
13.0106401443,80.2248687744,34318,34328,10
13.0108003616,80.2244796753,34328,34338,10
13.0110797882,80.2237930298,34338,34348,10
13.011300087,80.2232208252,34348,34358,10
13.0110397339,80.2230072021,34358,34368,10
13.0104799271,80.2227706909,34368,34378,10
13.0098600388,80.2224273682,34378,34388,10
13.0094299316,80.2221984863,34388,34398,10
13.0092601776,80.2221069336,34398,34408,10
13.0091199875,80.222038269,34408,34419,11
13.0088500977,80.2218704224,34419,34429,10
13.008480072,80.2216567993,34429,34439,10
13.008020401,80.2213668823,34439,34449,10
13.007349968,80.2210235596,34449,34459,10
13.0067100525,80.2207489014,34459,34469,10
13.005979538,80.2205505371,34469,34479,10
13.0051803589,80.2203598022,34479,34489,10
13.0044403076,80.220161438,34489,34499,10
13.0037202835,80.2200088501,34499,34509,10
13.0030002594,80.2197723389,34509,34519,10
13.0023698807,80.2192993164,34519,34529,10
13.0018796921,80.2188034058,34529,34541,12
13.0013504028,80.2183914185,34541,34551,10
13.0008497238,80.2180099487,34551,34561,10
13.0003299713,80.2176818848,34561,34571,10
12.9997396469,80.217338562,34571,34581,10
12.9990901947,80.2169876099,34581,34591,10
12.9983301163,80.2166595459,34591,34601,10
12.9976701736,80.2165374756,34601,34651,50
12.9976701736,80.2165374756,34651,34662,11
12.9972000122,80.2165374756,34662,34672,10
12.9968595505,80.2165374756,34672,34682,10
12.9965496063,80.2165603638,34682,34692,10
12.9961595535,80.2166366577,34692,34702,10
12.9955596924,80.216796875,34702,34712,10
12.9950399399,80.2171020508,34712,34722,10
12.9945898056,80.2173919678,34722,34732,10
12.9941797256,80.2176971436,34732,34742,10
12.9937000275,80.2180175781,34742,34752,10
12.9931201935,80.2184295654,34752,34762,10
12.9925498962,80.2188568115,34762,34773,11
12.9918203354,80.2194137573,34773,34783,10
12.9913101196,80.2195129395,34783,34793,10
12.9911203384,80.2194366455,34793,34803,10
12.9910202026,80.2194213867,34803,34813,10
12.9906597137,80.2192764282,34813,34823,10
12.9901103973,80.2190933228,34823,34833,10
12.9894104004,80.2188262939,34833,34843,10
12.9885997772,80.2185592651,34843,34853,10
12.9877700806,80.2183914185,34853,34863,10
12.9870796204,80.2182769775,34863,34873,10
12.9869403839,80.21824646,34873,34883,10
12.9867200851,80.2181777954,34883,34894,11
12.9862499237,80.2180633545,34894,34904,10
12.9855298996,80.2179412842,34904,34914,10
12.9847297668,80.2179412842,34914,34924,10
12.98416996,80.2179718018,34924,34934,10
12.9841299057,80.2179718018,34934,34944,10
12.9839096069,80.2179870605,34944,34954,10
12.9835300446,80.2179870605,34954,34964,10
12.9829101563,80.2180023193,34964,34974,10
12.9821596146,80.2180023193,34974,34984,10
12.9813404083,80.2181091309,34984,34994,10
12.9805402756,80.2183609009,34994,35005,11
12.9797697067,80.2186737061,35005,35015,10
12.9790802002,80.2189407349,35015,35025,10
12.9786901474,80.2191085815,35025,35035,10
12.9782104492,80.2193069458,35035,35045,10
12.9774999619,80.2195968628,35045,35055,10
12.9766902924,80.2199478149,35055,35065,10
12.975859642,80.2203216553,35065,35136,71
12.975859642,80.2203216553,35136,35146,10
12.9756603241,80.2204208374,35146,35156,10
12.9755496979,80.2206497192,35156,35166,10
12.9757099152,80.2209320068,35166,35176,10
12.9760599136,80.221321106,35176,35186,10
12.9763402939,80.2217330933,35186,35236,50
12.9764003754,80.222038269,35236,35257,21
12.9764003754,80.222038269,35257,35267,10
12.9765300751,80.2222671509,35267,35277,10
12.9767398834,80.2225570679,35277,35287,10
12.9770698547,80.2230377197,35287,35297,10
12.9774198532,80.2236480713,35297,35306,9
12.9777898788,80.2241897583,35306,35317,11
12.9781398773,80.2247314453,35317,35327,10
12.9784097672,80.2251815796,35327,35337,10
12.9786396027,80.2255630493,35337,35347,10
12.978969574,80.2260818481,35347,35358,11
12.9793996811,80.2267913818,35358,35368,10
12.9798297882,80.2275009155,35368,35378,10
12.9802398682,80.2281570435,35378,35388,10
12.980389595,80.2284088135,35388,35398,10
12.9805002213,80.2285995483,35398,35408,10
12.9806995392,80.2289581299,35408,35418,10
12.9809398651,80.2293701172,35418,35428,10
12.9812602997,80.2298583984,35428,35438,10
12.9815797806,80.2303390503,35438,35448,10
12.9816303253,80.2304229736,35448,35458,10
12.9817199707,80.2305374146,35458,35468,10
12.9818696976,80.2309188843,35468,35479,11
12.982000351,80.2315216064,35479,35489,10
12.982049942,80.2319412231,35489,35499,10
12.9820604324,80.2321777344,35499,35509,10
12.982049942,80.2322998047,35509,35519,10
12.982000351,80.2325973511,35519,35529,10
12.9819297791,80.2328186035,35529,35539,10
12.9818296432,80.2330780029,35539,35549,10
12.9817399979,80.2332611084,35549,35559,10
12.9817199707,80.2332992554,35559,35569,10
12.9815597534,80.2336502075,35569,35579,10
12.9813995361,80.2339706421,35579,35590,11
12.9812803268,80.2342605591,35590,35599,9
12.9812402725,80.2347106934,35599,35610,11
12.9812602997,80.2355422974,35610,35620,10
12.9812803268,80.2364196777,35620,35630,10
12.9813098907,80.2373962402,35630,35640,10
12.9813404083,80.238067627,35640,35650,10
12.9813499451,80.2386398315,35650,35660,10
12.9813499451,80.2386703491,35660,35669,9
12.9813499451,80.238899231,35669,35680,11
12.9813404083,80.239402771,35680,35690,10
12.9813604355,80.2397613525,35690,35700,10
12.9813699722,80.2403411865,35700,35711,11
12.9813804626,80.2409286499,35711,35721,10
12.9813899994,80.2412796021,35721,35731,10
12.9813995361,80.2415390015,35731,35741,10
12.9813899994,80.2415618896,35741,35751,10
12.9814100266,80.2416610718,35751,35761,10
12.9813995361,80.241897583,35761,35771,10
12.9814100266,80.2421875,35771,35781,10
12.9814195633,80.2423706055,35781,35791,10
12.9813995361,80.2426300049,35791,35801,10
12.9813804626,80.2427215576,35801,35811,10
12.9813699722,80.2428588867,35811,35821,10
12.9813804626,80.2432632446,35821,35838,17
12.9812602997,80.2443771362,35838,35850,12
12.9811401367,80.2454071045,35850,35860,10
12.9810199738,80.2463989258,35860,35870,10
12.980919838,80.247467041,35870,35880,10
12.9808502197,80.248550415,35880,35890,10
12.9807796478,80.2493972778,35890,35900,10
12.9805402756,80.2505187988,35900,35910,10
12.9801502228,80.2520675659,35910,35951,41
12.9801502228,80.2520675659,35951,35960,9
12.9800796509,80.2523498535,35960,35972,12
12.9802598953,80.2525787354,35972,35982,10
12.9807500839,80.2526321411,35982,35992,10
12.9814796448,80.2526092529,35992,36002,10
12.9823799133,80.2525787354,36002,36012,10
12.9834003448,80.2524795532,36012,36022,10
12.9841403961,80.252281189,36022,36032,10
12.9844198227,80.2521820068,36032,36335,303
12.9844198227,80.2521820068,36335,36345,10
12.9844999313,80.2521820068,36345,36355,10
12.9848098755,80.2520980835,36355,36365,10
12.9853096008,80.251953125,36365,36375,10
12.9857301712,80.2518386841,36375,36385,10
12.9861402512,80.2517166138,36385,36395,10
12.9864902496,80.2516403198,36395,36405,10
12.9869098663,80.2515411377,36405,36415,10
12.9873504639,80.2514190674,36415,36426,11
12.987739563,80.2513427734,36426,36436,10
12.9879703522,80.2516098022,36436,36446,10
12.9880599976,80.2519226074,36446,36456,10
12.9880599976,80.251953125,36456,36466,10
12.9880599976,80.2524032593,36466,36476,10
12.9879703522,80.2530212402,36476,36486,10
12.9879102707,80.2536697388,36486,36496,10
12.9878501892,80.2540817261,36496,36506,10
12.9877996445,80.2543792725,36506,36547,41
12.9877996445,80.2543792725,36547,36557,10
12.987830162,80.2547607422,36557,36567,10
12.9877595901,80.2552185059,36567,36577,10
12.9877004623,80.2556991577,36577,36587,10
12.9876098633,80.2563095093,36587,36597,10
12.987569809,80.2569198608,36597,36607,10
12.9875202179,80.2576980591,36607,36617,10
12.9874601364,80.2585372925,36617,36627,10
12.9872999191,80.2593231201,36627,36688,61
12.9872999191,80.2593231201,36688,36698,10
12.987159729,80.2595901489,36698,36708,10
12.986989975,80.2595672607,36708,36718,10
12.986749649,80.2595367432,36718,36728,10
12.9866695404,80.259147644,36728,37757,1029
12.9866695404,80.259147644,37757,37767,10
12.9868001938,80.2589187622,37767,37797,30
12.9868001938,80.2589187622,37797,37807,10
12.9870500565,80.2590179443,37807,37838,31
12.9870500565,80.2590179443,37838,37848,10
12.9873504639,80.2589035034,37848,37858,10
12.9873600006,80.2587890625,37858,37868,10
12.9873800278,80.2585296631,37868,37878,10
12.9874000549,80.2582778931,37878,37888,10
12.9874296188,80.2581863403,37888,37898,10
12.9874401093,80.2580337524,37898,37908,10
12.9874601364,80.2575683594,37908,37918,10
12.9875001907,80.2569122314,37918,37928,10
12.9875602722,80.256439209,37928,37938,10
12.987569809,80.2563781738,37938,37949,11
12.9876098633,80.2562332153,37949,37959,10
12.9876003265,80.255897522,37959,37969,10
12.9877195358,80.2554779053,37969,37979,10
12.9877300262,80.2549285889,37979,37989,10
12.9877500534,80.2547225952,37989,37999,10
12.9877796173,80.2543487549,37999,38009,10
12.9877996445,80.2537994385,38009,38019,10
12.9878396988,80.2533035278,38019,38029,10
12.9878702164,80.2530517578,38029,38251,222
12.9878702164,80.2530517578,38251,38261,10
12.9879102707,80.2527084351,38261,38271,10
12.9879198074,80.2522964478,38271,38281,10
12.9878501892,80.2518920898,38281,38291,10
12.9876804352,80.2516098022,38291,38302,11
12.9876203537,80.2516098022,38302,38312,10
12.9872903824,80.2516098022,38312,38322,10
12.9866800308,80.2517318726,38322,38332,10
12.9859304428,80.2519073486,38332,38342,10
12.985039711,80.2521362305,38342,38352,10
12.9840803146,80.2524032593,38352,38362,10
12.9830999374,80.2526092529,38362,38372,10
12.9821395874,80.2526779175,38372,38382,10
12.981180191,80.2526931763,38382,38392,10
12.9802503586,80.2527236938,38392,38402,10
12.9798803329,80.2522583008,38402,38423,21
12.9798803329,80.2522583008,38423,38433,10
12.9799404144,80.2520065308,38433,38443,10
12.9800796509,80.2516098022,38443,38453,10
12.9802598953,80.2510070801,38453,38463,10
12.9804801941,80.2502593994,38463,38473,10
12.9806604385,80.2493591309,38473,38483,10
12.9807300568,80.2484207153,38483,38493,10
12.9807901382,80.2474975586,38493,38503,10
12.9808797836,80.2465591431,38503,38513,10
12.9809904099,80.2455825806,38513,38523,10
12.9811000824,80.2446289063,38523,38533,10
12.9811897278,80.243850708,38533,38544,11
12.9813299179,80.2434997559,38544,38554,10
12.9813404083,80.2433013916,38554,38564,10
12.9813499451,80.2429428101,38564,38574,10
12.9813604355,80.2427978516,38574,38584,10
12.9813804626,80.2426681519,38584,38594,10
12.9813804626,80.2423324585,38594,38604,10
12.9813604355,80.2419967651,38604,38614,10
12.9813604355,80.2414398193,38614,38624,10
12.9813404083,80.2407073975,38624,38634,10
12.9813299179,80.2399291992,38634,38644,10
12.981300354,80.2392272949,38644,38655,11
12.9812803268,80.2384796143,38655,38665,10
12.9812698364,80.237953186,38665,38675,10
12.9812698364,80.2379226685,38675,38685,10
12.9812698364,80.2376480103,38685,38695,10
12.9812602997,80.2372283936,38695,38705,10
12.9812402725,80.2365570068,38705,38715,10
12.9812097549,80.235786438,38715,38725,10
12.9811897278,80.2350692749,38725,38735,10
12.9812002182,80.2343063354,38735,38745,10
12.9813404083,80.2339096069,38745,38761,16
12.9816503525,80.2332611084,38761,38774,13
12.981710434,80.2331390381,38774,38784,10
12.9818696976,80.2327804565,38784,38794,10
12.982000351,80.2322998047,38794,38804,10
12.9819898605,80.2318572998,38804,38814,10
12.9819297791,80.2313690186,38814,38824,10
12.9817800522,80.2308883667,38824,38834,10
12.9815196991,80.2304000854,38834,38844,10
12.9811401367,80.2297973633,38844,38854,10
12.9808397293,80.2292785645,38854,38864,10
12.9806604385,80.2290420532,38864,38873,9
12.9805803299,80.2289123535,38873,38883,10
12.9805202484,80.2288131714,38883,38894,11
12.9802999496,80.2284088135,38894,38905,11
12.9800701141,80.2279281616,38905,38915,10
12.9797296524,80.2273788452,38915,38925,10
12.9793996811,80.2268295288,38925,38935,10
12.979060173,80.2262573242,38935,38945,10
12.978679657,80.2256317139,38945,38955,10
12.9783496857,80.2250671387,38955,38965,10
12.9779996872,80.2245635986,38965,38975,10
12.9777402878,80.2242202759,38975,38985,10
12.9776697159,80.2240982056,38985,38995,10
12.9774599075,80.223739624,38995,39005,10
12.9771604538,80.2232284546,39005,39016,11
12.9768400192,80.2227020264,39016,39026,10
12.9766101837,80.2223434448,39026,39036,10
12.976269722,80.221786499,39036,39046,10
12.9759702682,80.2213592529,39046,39056,10
12.9757204056,80.2210769653,39056,39066,10
12.9757099152,80.2210617065,39066,39076,10
12.9756402969,80.220993042,39076,39086,10
12.9754695892,80.2208709717,39086,39106,20
12.9754695892,80.2208709717,39106,39116,10
12.9752902985,80.2207565308,39116,39127,11
12.9753103256,80.2205963135,39127,39137,10
12.9753303528,80.2205810547,39137,39147,10
12.9754495621,80.2204437256,39147,39157,10
12.975689888,80.2202529907,39157,39167,10
12.9761600494,80.2200469971,39167,39177,10
12.9767799377,80.2197875977,39177,39187,10
12.9775295258,80.2194900513,39187,39197,10
12.978269577,80.2191619873,39197,39207,10
12.978679657,80.219039917,39207,39217,10
12.9792604446,80.2188110352,39217,39227,10
12.9799499512,80.218536377,39227,39237,10
12.9807100296,80.2182388306,39237,39248,11
12.9816799164,80.2179336548,39248,39258,10
12.9825897217,80.2178573608,39258,39268,10
12.9834804535,80.2178497314,39268,39278,10
12.9837999344,80.2178573608,39278,39288,10
12.9838695526,80.2179031372,39288,39298,10
12.9842596054,80.2179031372,39298,39308,10
12.9848604202,80.2178726196,39308,39318,10
12.9856595993,80.2179031372,39318,39328,10
12.9865398407,80.2180709839,39328,39338,10
12.9873600006,80.2182235718,39338,39369,31
12.9873600006,80.2182235718,39369,39379,10
12.9876499176,80.2182922363,39379,39389,10
12.9882001877,80.2184066772,39389,39399,10
12.9889297485,80.2185974121,39399,39409,10
12.9897699356,80.2188796997,39409,39419,10
12.9906997681,80.2191925049,39419,39429,10
12.991519928,80.2194137573,39429,39439,10
12.9921598434,80.219078064,39439,39449,10
12.9928598404,80.2185821533,39449,39459,10
12.9934902191,80.2180862427,39459,39469,10
12.9941396713,80.2176513672,39469,39480,11
12.9946699142,80.2172470093,39480,39490,10
12.9949998856,80.2170181274,39490,39500,10
12.9955997467,80.2167129517,39500,39510,10
12.9962902069,80.2165527344,39510,39521,11
12.9969301224,80.2164764404,39521,39531,10
12.9973602295,80.2162399292,39531,39541,10
12.997590065,80.216003418,39541,39551,10
12.9976902008,80.215927124,39551,39561,10
12.9980096817,80.2156524658,39561,39571,10
12.9984502792,80.2152175903,39571,39581,10
12.9989595413,80.2147979736,39581,39591,10
12.9992198944,80.2145767212,39591,39602,11
12.9996795654,80.2142181396,39602,39612,10
13.0000600815,80.2138977051,39612,39622,10
13.0004997253,80.213508606,39622,39632,10
13.0009298325,80.2130966187,39632,39642,10
13.0014200211,80.2127304077,39642,39652,10
13.0019302368,80.212387085,39652,39662,10
13.0023698807,80.2121505737,39662,39672,10
13.0024003983,80.2121429443,39672,39682,10
13.0027198792,80.2120666504,39682,39692,10
13.0031404495,80.212020874,39692,39702,10
13.0035600662,80.2119369507,39702,39712,10
13.0036001205,80.2119216919,39712,39723,11
13.0036802292,80.2117919922,39723,39733,10
13.0036802292,80.2113800049,39733,39743,10
13.0036296844,80.2107696533,39743,39753,10
13.0035495758,80.2101516724,39753,39763,10
13.0035200119,80.2095336914,39763,39773,10
13.0036497116,80.2088699341,39773,39783,10
13.0042104721,80.2086791992,39783,39793,10
13.0050497055,80.2090377808,39793,39803,10
13.0058803558,80.2093734741,39803,39813,10
13.0063199997,80.2095184326,39813,39823,10
13.0064001083,80.2095489502,39823,39834,11
13.0067901611,80.2096710205,39834,39844,10
13.0074100494,80.209777832,39844,39864,20
13.0074100494,80.209777832,39864,39874,10
13.0075902939,80.2098617554,39874,39884,10
13.0079803467,80.2099380493,39884,39894,10
13.0081796646,80.2098007202,39894,39904,10
13.0080404282,80.2092666626,39904,39914,10
13.007900238,80.2085037231,39914,39924,10
13.0077495575,80.2076187134,39924,39934,10
13.007610321,80.2067108154,39934,39944,10
13.0074901581,80.2058029175,39944,39955,11
13.0074996948,80.2049484253,39955,39965,10
13.007519722,80.2043609619,39965,39975,10
13.0074501038,80.2036972046,39975,39985,10
13.0073003769,80.20287323,39985,39995,10
13.0066795349,80.20262146,39995,40005,10
13.0066204071,80.2032012939,40005,40015,10
13.0071697235,80.2035217285,40015,40025,10
13.0078802109,80.2036819458,40025,40035,10
13.0087299347,80.2036590576,40035,40045,10
13.0096902847,80.2035980225,40045,40055,10
13.0107603073,80.2035980225,40055,40065,10
13.0118398666,80.2037200928,40065,40076,11
13.0128602982,80.2039108276,40076,40086,10
13.0132598877,80.2039871216,40086,40096,10
13.0133600235,80.2040176392,40096,40106,10
13.0137395859,80.2041778564,40106,40116,10
13.0147199631,80.2044906616,40116,40136,20
13.0147199631,80.2044906616,40136,40146,10
13.0150403976,80.2046508789,40146,40156,10
13.0156402588,80.2048873901,40156,40166,10
13.0164003372,80.2051696777,40166,40176,10
13.0170202255,80.2053222656,40176,40187,11
13.0176496506,80.2055435181,40187,40197,10
13.0182504654,80.2057495117,40197,40207,10
13.0186796188,80.2059020996,40207,40217,10
13.0188398361,80.2059402466,40217,40227,10
13.0192804337,80.2061004639,40227,40237,10
13.019900322,80.206237793,40237,40247,10
13.0206804276,80.2062606812,40247,40256,9
13.0214796066,80.2062835693,40256,40267,11
13.022480011,80.2063293457,40267,40277,10
13.0233097076,80.2065200806,40277,40287,10
13.0241699219,80.2066574097,40287,40297,10
13.0249795914,80.2068786621,40297,40308,11
13.025639534,80.2070999146,40308,40318,10
13.0263004303,80.2074432373,40318,40328,10
13.0270204544,80.207862854,40328,40338,10
13.0278196335,80.2083282471,40338,40348,10
13.0286798477,80.2086105347,40348,40358,10
13.0293397903,80.2087631226,40358,40368,10
13.0298700333,80.2089004517,40368,40378,10
13.0304298401,80.2090606689,40378,40388,10
13.0310096741,80.2092285156,40388,40398,10
13.0316295624,80.2093811035,40398,40408,10
13.0318098068,80.2093963623,40408,40418,10
13.0321598053,80.2095184326,40418,40429,11
13.0328598022,80.2096633911,40429,40438,9
13.0335597992,80.2098236084,40438,40449,11
13.0343904495,80.2099761963,40449,40459,10
13.0350198746,80.2101516724,40459,40469,10
13.0350399017,80.2106933594,40469,40479,10
13.0350399017,80.2112579346,40479,40489,10
13.035030365,80.2113113403,40489,40499,10
13.0349702835,80.2115020752,40499,40509,10
13.0348997116,80.2119598389,40509,40519,10
13.0352201462,80.2121734619,40519,40529,10
13.0358600616,80.2122268677,40529,40539,10
13.0366201401,80.2122802734,40539,40549,10
13.0373802185,80.2123031616,40549,40560,11
13.0383796692,80.2122879028,40560,40570,10
13.0393695831,80.2122573853,40570,40580,10
13.0404195786,80.2122573853,40580,40590,10
13.0414400101,80.2122497559,40590,40600,10
13.0423402786,80.2122497559,40600,40610,10
13.0431203842,80.2122421265,40610,40620,10
13.0435695648,80.2122421265,40620,40661,41
13.0435695648,80.2122421265,40661,40671,10
13.0437097549,80.2122497559,40671,40681,10
13.0441303253,80.2122421265,40681,40691,10
13.0446996689,80.2122497559,40691,40701,10
13.0453996658,80.2122421265,40701,40711,10
13.0461902618,80.2122268677,40711,40721,10
13.0470600128,80.2121963501,40721,40731,10
13.0478000641,80.2121124268,40731,40741,10
13.0480699539,80.2120895386,40741,40751,10
13.0481796265,80.2121124268,40751,40761,10
13.0484800339,80.2120895386,40761,40771,10
13.0489397049,80.212059021,40771,40782,11
13.0495796204,80.212020874,40782,40792,10
13.0500497818,80.2119674683,40792,40802,10
13.0505199432,80.2119979858,40802,40812,10
13.0509300232,80.2120819092,40812,40822,10
13.0515604019,80.2120437622,40822,40832,10
13.0523996353,80.2119064331,40832,40842,10
13.0532903671,80.2116928101,40842,40852,10
13.0542001724,80.211479187,40852,40862,10
13.0550603867,80.2114181519,40862,40872,10
13.0559902191,80.2114562988,40872,40882,10
13.0568399429,80.21144104,40882,40893,11
13.0574703217,80.2114181519,40893,40903,10
13.0574703217,80.2114105225,40903,40913,10
13.0578298569,80.2113876343,40913,40923,10
13.0584402084,80.2114181519,40923,40933,10
13.0591001511,80.211479187,40933,40943,10
13.0598201752,80.211479187,40943,40953,10
13.0608196259,80.2115478516,40953,40963,10
13.0616397858,80.2116165161,40963,40973,10
13.0624103546,80.2115783691,40973,40983,10
13.0631504059,80.2115631104,40983,40993,10
13.0639095306,80.2115020752,40993,41003,10
13.0647296906,80.2112579346,41003,41014,11
13.065580368,80.2106933594,41014,41024,10
13.0662899017,80.2100906372,41024,41034,10
13.0669403076,80.2093887329,41034,41044,10
13.0674600601,80.2085800171,41044,41054,10
13.0679798126,80.2077713013,41054,41063,9
13.0684404373,80.2070770264,41063,41074,11
13.0689201355,80.2063064575,41074,41084,10
13.0693798065,80.2055969238,41084,41094,10
13.0696601868,80.2050628662,41094,41104,10
13.0694198608,80.2048110962,41104,41114,10
13.0691404343,80.2050476074,41114,41123,9
13.0689296722,80.2053527832,41123,41135,12
13.0687198639,80.2052536011,41135,41145,10
13.0685396194,80.2052536011,41145,41457,312
13.0685396194,80.2052536011,41457,41467,10
13.0685997009,80.2052536011,41467,41477,10
13.068479538,80.2051925659,41477,41488,11
13.0681600571,80.2052001953,41488,41780,292
13.0681600571,80.2052001953,41780,41790,10
13.0680799484,80.2050094604,41790,41800,10
13.0683498383,80.2049636841,41800,41810,10
13.0684995651,80.2049179077,41810,41820,10
13.0686798096,80.2048492432,41820,41831,11
13.0688400269,80.204788208,41831,41841,10
13.0688896179,80.2047805786,41841,41851,10
13.0691900253,80.204750061,41851,41861,10
13.0695199966,80.2048034668,41861,41871,10
13.0697498322,80.2049026489,41871,41881,10
13.0698795319,80.2050628662,41881,41891,10
13.0696496964,80.2054595947,41891,41901,10
13.0692596436,80.2060623169,41901,41911,10
13.0688896179,80.2066192627,41911,41921,10
13.0682897568,80.2075805664,41921,41931,10
13.0677995682,80.2083587646,41931,41941,10
13.0673303604,80.2091064453,41941,41952,11
13.066740036,80.2099380493,41952,41962,10
13.0660200119,80.2105484009,41962,41972,10
13.065290451,80.2110595703,41972,41982,10
13.0650901794,80.2112503052,41982,41992,10
13.0649995804,80.2113113403,41992,42002,10
13.0645904541,80.2115020752,42002,42012,10
13.0640096664,80.2116699219,42012,42022,10
13.0633602142,80.2117233276,42022,42032,10
13.0626897812,80.2117614746,42032,42042,10
13.0621004105,80.2117767334,42042,42052,10
13.0612602234,80.211769104,42052,42062,10
13.0602798462,80.2117080688,42062,42073,11
13.0592098236,80.2116622925,42073,42083,10
13.058380127,80.2116317749,42083,42093,10
13.0577898026,80.2116088867,42093,42103,10
13.0576496124,80.2116012573,42103,42113,10
13.0573596954,80.2115783691,42113,42123,10
13.0568599701,80.2115783691,42123,42133,10
13.0561304092,80.2115631104,42133,42143,10
13.0553503036,80.2115631104,42143,42153,10
13.0545701981,80.2115402222,42153,42163,10
13.0537996292,80.2117233276,42163,42173,10
13.0530099869,80.2118988037,42173,42184,11
13.0522403717,80.2121124268,42184,42194,10
13.0516300201,80.2121582031,42194,42204,10
13.0510997772,80.2121276855,42204,42214,10
13.0501403809,80.2121582031,42214,42245,31
13.0501403809,80.2121582031,42245,42255,10
13.0499000549,80.2121582031,42255,42265,10
13.0496101379,80.2121429443,42265,42275,10
13.0495300293,80.2121429443,42275,42285,10
13.0493497849,80.2121582031,42285,42295,10
13.0488996506,80.2121734619,42295,42306,11
13.0482902527,80.2121887207,42306,42316,10
13.0476398468,80.2122421265,42316,42326,10
13.0468502045,80.2123031616,42326,42336,10
13.0459804535,80.2123336792,42336,42346,10
13.0450696945,80.2123794556,42346,42386,40
13.0450696945,80.2123794556,42386,42396,10
13.0447397232,80.2124023438,42396,42406,10
13.0443401337,80.2123794556,42406,42416,10
13.0436897278,80.212348938,42416,42427,11
13.0427999496,80.2123565674,42427,42437,10
13.0419998169,80.2123718262,42437,42447,10
13.0411701202,80.2123794556,42447,42457,10
13.040189743,80.2123794556,42457,42473,16
13.0385799408,80.2123718262,42473,42485,12
13.0373601913,80.212348938,42485,42495,10
13.0366001129,80.212310791,42495,42505,10
13.0358400345,80.2123336792,42505,42515,10
13.0350999832,80.2122573853,42515,42525,10
13.0349903107,80.2122268677,42525,42535,10
13.0348997116,80.2121963501,42535,42546,11
13.0346002579,80.2121582031,42546,42556,10
13.0341901779,80.2121200562,42556,42565,9
13.0341501236,80.2121124268,42565,42576,11
13.0339403152,80.2120895386,42576,42586,10
13.0336399078,80.212020874,42586,42596,10
13.0331201553,80.2119369507,42596,42606,10
13.0324802399,80.2118377686,42606,42616,10
13.0319404602,80.2116088867,42616,42626,10
13.031999588,80.2109680176,42626,42636,10
13.0320796967,80.2101974487,42636,42646,10
13.0319299698,80.2096633911,42646,42657,11
13.0312795639,80.2094573975,42657,42667,10
13.0304603577,80.2092285156,42667,42687,20
13.0304603577,80.2092285156,42687,42697,10
13.0303497314,80.2091827393,42697,42707,10
13.029999733,80.2090606689,42707,42717,10
13.0295801163,80.2089004517,42717,42727,10
13.029540062,80.2088775635,42727,42737,10
13.0291996002,80.2087936401,42737,42747,10
13.0286102295,80.208656311,42747,42757,10
13.027879715,80.2084274292,42757,42767,10
13.0272102356,80.2080688477,42767,42778,11
13.0264196396,80.207611084,42778,42788,10
13.0257101059,80.2072219849,42788,42798,10
13.0249595642,80.20703125,42798,42808,10
13.0243501663,80.2069168091,42808,42818,10
13.0241003036,80.2068634033,42818,42838,20
13.0241003036,80.2068634033,42838,42848,10
13.0238304138,80.20677948,42848,42858,10
13.0233602524,80.2066726685,42858,42868,10
13.0227203369,80.2065200806,42868,42878,10
13.0219402313,80.2063980103,42878,42888,10
13.0212097168,80.2063980103,42888,42899,11
13.02023983,80.2064208984,42899,42909,10
13.019080162,80.2063064575,42909,42929,20
13.019080162,80.2063064575,42929,42939,10
13.0186595917,80.2061691284,42939,42949,10
13.0180597305,80.2059707642,42949,42959,10
13.0173797607,80.2057189941,42959,42969,10
13.0167598724,80.2054290771,42969,42979,10
13.0158195496,80.2052001953,42979,42989,10
13.0147895813,80.2048721313,42989,42999,10
13.0142402649,80.2046508789,42999,43010,11
13.0141201019,80.2046127319,43010,43020,10
13.013759613,80.204460144,43020,43030,10
13.0135498047,80.2045898438,43030,43040,10
13.0133895874,80.205078125,43040,43048,8
13.0132398605,80.2055969238,43048,43059,11
13.0130395889,80.2064285278,43059,43070,11
13.0129804611,80.2072906494,43070,43080,10
13.0129203796,80.2077407837,43080,43090,10
13.0128498077,80.2080764771,43090,43100,10
13.0128602982,80.2084274292,43100,43110,10
13.0129098892,80.2088012695,43110,43120,10
13.0129995346,80.2093734741,43120,43131,11
13.0131597519,80.2099304199,43131,43141,10
13.0131196976,80.2105026245,43141,43151,10
13.0129003525,80.2112121582,43151,43161,10
13.012550354,80.2117919922,43161,43171,10
13.0121898651,80.2123565674,43171,43181,10
13.0119199753,80.2127532959,43181,43191,10
13.0116701126,80.2127532959,43191,43201,10
13.0113401413,80.2125015259,43201,43211,10
13.0108203888,80.2121124268,43211,43221,10
13.010430336,80.2117919922,43221,43231,10
13.0100803375,80.2115097046,43231,43241,10
13.0096197128,80.2111816406,43241,43282,41
13.0096197128,80.2111816406,43282,43292,10
13.0092000961,80.2113037109,43292,43302,10
13.0090198517,80.2116088867,43302,43312,10
13.0091199875,80.2119827271,43312,43322,10
13.0093202591,80.2125473022,43322,43332,10
13.0095500946,80.2131576538,43332,43342,10
13.0097999573,80.2137680054,43342,43352,10
13.0100402832,80.2143707275,43352,43362,10
13.0101699829,80.2149810791,43362,43373,11
13.010219574,80.2154998779,43373,43383,10
13.0102901459,80.2157974243,43383,43393,10
13.0105400085,80.2163162231,43393,43403,10
13.0108995438,80.2171020508,43403,43413,10
13.0112895966,80.2180480957,43413,43429,16
13.0118598938,80.2196502686,43429,43441,12
13.0122299194,80.2208023071,43441,43449,8
13.0123500824,80.2213363647,43449,43461,12
13.0126104355,80.2218399048,43461,43471,10
13.0130500793,80.2223587036,43471,43481,10
13.013469696,80.2227935791,43481,43492,11
13.0139198303,80.2232818604,43492,43502,10
13.0142202377,80.2236862183,43502,43512,10
13.0145196915,80.2240600586,43512,43522,10
13.014960289,80.2245788574,43522,43532,10
13.0153503418,80.2250976563,43532,43542,10
13.0153999329,80.2251586914,43542,43552,10
13.0154399872,80.2254104614,43552,43562,10
13.0153398514,80.2257995605,43562,43572,10
13.0148096085,80.2260437012,43572,43582,10
13.0143995285,80.2262115479,43582,43592,10
13.013759613,80.2264633179,43592,43603,11
13.0129098892,80.2267990112,43603,43613,10
13.0120401382,80.2271270752,43613,43623,10
13.0111103058,80.2275009155,43623,43633,10
13.0101995468,80.2278366089,43633,43643,10
13.0095100403,80.2277984619,43643,43653,10
13.0096502304,80.2272262573,43653,43663,10
13.0099496841,80.2265625,43663,43673,10
13.0102596283,80.2258224487,43673,43682,9
13.0104999542,80.225227356,43682,43692,10
13.0106801987,80.2248077393,43692,43703,11
13.0109300613,80.2242431641,43703,43713,10
13.011179924,80.2236328125,43713,43724,11
13.0112895966,80.2233428955,43724,43734,10
13.0110502243,80.2231369019,43734,43744,10
13.0105104446,80.2228775024,43744,43754,10
13.0099000931,80.2225265503,43754,43764,10
13.0093097687,80.2222213745,43764,43774,10
13.0090999603,80.2220687866,43774,43784,10
13.0087900162,80.2218933105,43784,43794,10
13.0083398819,80.2216415405,43794,43804,10
13.0077695847,80.2213516235,43804,43814,10
13.0071601868,80.2210388184,43814,43824,10
13.0067396164,80.2208709717,43824,43834,10
13.0064201355,80.2207107544,43834,43851,17
13.0052604675,80.2204284668,43851,43863,12
13.0043296814,80.2201690674,43863,43873,10
13.003780365,80.2200393677,43873,43883,10
13.0028800964,80.2197723389,43883,43892,9
13.0023202896,80.2193603516,43892,43903,11
13.0017204285,80.2187423706,43903,43913,10
13.0011301041,80.2183227539,43913,43923,10
13.000579834,80.2179412842,43923,43933,10
12.9999399185,80.2175598145,43933,43942,9
12.9993495941,80.2172012329,43942,43953,11
12.9986095428,80.2168273926,43953,43964,11
12.9973897934,80.2165603638,43964,43984,20
12.9973897934,80.2165603638,43984,43994,10
12.997209549,80.2165527344,43994,44004,10
12.9971103668,80.2165603638,44004,44014,10
12.9967699051,80.2165603638,44014,44024,10
12.9961700439,80.2166671753,44024,44034,10
12.9954500198,80.2168807983,44034,44044,10
12.9949598312,80.2171630859,44044,44054,10
12.9945697784,80.2174224854,44054,44064,10
12.9941997528,80.2176971436,44064,44075,11
12.9937801361,80.2180023193,44075,44085,10
12.9932498932,80.2183609009,44085,44095,10
12.992650032,80.2187805176,44095,44105,10
12.9920902252,80.2191925049,44105,44114,9
12.9916200638,80.2195281982,44114,44125,11
12.9912996292,80.2195587158,44125,44135,10
12.9906797409,80.219329834,44135,44145,10
12.9899597168,80.2190933228,44145,44155,10
12.9891300201,80.2188034058,44155,44165,10
12.9882698059,80.2185287476,44165,44175,10
12.9875297546,80.2183914185,44175,44185,10
12.9869098663,80.2182617188,44185,44196,11
12.9860601425,80.2180404663,44196,44206,10
12.9851799011,80.2179489136,44206,44216,10
12.9844398499,80.2179718018,44216,44226,10
12.9839897156,80.2179870605,44226,44236,10
12.9839496613,80.2180023193,44236,44246,10
12.9836196899,80.2179870605,44246,44256,10
12.9830303192,80.2179794312,44256,44266,10
12.9822301865,80.2179870605,44266,44276,10
12.9813899994,80.2180786133,44276,44286,10
12.9805402756,80.2183532715,44286,44296,10
12.9800901413,80.2185211182,44296,44306,10
12.9796800613,80.2186889648,44306,44317,11
12.9790296555,80.218963623,44317,44327,10
12.9786100388,80.2191085815,44327,44337,10
12.9780101776,80.2193527222,44337,44347,10
12.9772500992,80.2196426392,44347,44357,10
12.9764204025,80.2199783325,44357,44367,10
12.9756402969,80.2203521729,44367,44428,61
12.9756402969,80.2203521729,44428,44438,10
12.9754800797,80.2206115723,44438,44448,10
12.9754800797,80.2206192017,44448,44458,10
12.9755601883,80.2208786011,44458,44468,10
12.9760398865,80.2214431763,44468,44508,40
12.9760398865,80.2214431763,44508,44518,10
12.9762601852,80.2217102051,44518,44538,20
12.9762601852,80.2217102051,44538,44549,11
12.9763002396,80.221862793,44549,44559,10
12.9764699936,80.2221984863,44559,44569,10
12.976770401,80.2226486206,44569,44579,10
12.9771299362,80.2232513428,44579,44589,10
12.9775600433,80.2238998413,44589,44599,10
12.9780197144,80.2246170044,44599,44609,10
12.9784202576,80.2252502441,44609,44619,10
12.9785404205,80.225440979,44619,44629,10
12.9785995483,80.2255325317,44629,44639,10
12.9787302017,80.2257766724,44639,44649,10
12.978969574,80.2261734009,44649,44659,10
12.9792900085,80.2266998291,44659,44676,17
12.979929924,80.2277297974,44676,44688,12
12.9804201126,80.2285614014,44688,44698,10
12.980799675,80.2292098999,44698,44708,10
12.9811601639,80.2297821045,44708,44718,10
12.9816503525,80.2304992676,44718,44738,20
12.9816503525,80.2304992676,44738,44748,10
12.9817695618,80.2307662964,44748,44758,10
12.9819602966,80.2312774658,44758,44768,10
12.9820203781,80.2319030762,44768,44778,10
12.9819803238,80.2325134277,44778,44789,11
12.981590271,80.2335891724,44789,44809,20
12.981590271,80.2335891724,44809,44819,10
12.9814195633,80.2338790894,44819,44829,10
12.9812002182,80.2344512939,44829,44839,10
12.9811897278,80.2352294922,44839,44849,10
12.9812202454,80.2360687256,44849,44859,10
12.9812402725,80.2369766235,44859,44869,10
12.9812602997,80.2378234863,44869,44879,10
12.9812803268,80.238571167,44879,44889,10
12.9812803268,80.2388381958,44889,44899,10
12.9812803268,80.2388381958,44899,44910,11
12.9812803268,80.2393112183,44910,44920,10
12.9812803268,80.2398376465,44920,44930,10
12.981300354,80.2404708862,44930,44940,10
12.9813098907,80.2412185669,44940,44950,10
12.9813299179,80.2420120239,44950,44960,10
12.981300354,80.2428207397,44960,44992,32
12.981300354,80.2428207397,44992,45002,10
12.981300354,80.2431793213,45002,45012,10
12.9812803268,80.2436981201,45012,45023,11
12.9811697006,80.2444992065,45023,45033,10
12.9810695648,80.2453384399,45033,45043,10
12.9809799194,80.2462615967,45043,45053,10
12.9808797836,80.2472381592,45053,45063,10
12.980799675,80.2481994629,45063,45072,9
12.9807300568,80.2490310669,45072,45083,11
12.9806003571,80.2499084473,45083,45093,10
12.9804000854,80.2508163452,45093,45103,10
12.9802103043,80.2515792847,45103,45113,10
12.980099678,80.2521286011,45113,45123,10
12.9800901413,80.2521896362,45123,45133,10
12.9800596237,80.2522964478,45133,45144,11
12.9801101685,80.2525024414,45144,45154,10
12.9804000854,80.2526168823,45154,45164,10
12.9809598923,80.2526092529,45164,45174,10
12.981710434,80.2525863647,45174,45184,10
12.9826002121,80.252571106,45184,45194,10
12.9835596085,80.2524414063,45194,45204,10
12.9843997955,80.2521972656,45204,45214,10
12.9851303101,80.2520065308,45214,45303,89
12.9851303101,80.2520065308,45303,45312,9
12.9851903915,80.251991272,45312,45323,11
12.9854297638,80.2519226074,45323,45332,9
12.9857702255,80.2518234253,45332,45342,10
12.9860897064,80.251739502,45342,45353,11
12.9863395691,80.251701355,45353,45363,10
12.9867601395,80.2515869141,45363,45374,11
12.9873504639,80.251411438,45374,45384,10
12.9877796173,80.2513809204,45384,45394,10
12.9879598618,80.2517776489,45394,45404,10
12.9880304337,80.2520828247,45404,45414,10
12.9880399704,80.2521514893,45414,45424,10
12.9880199432,80.2524185181,45424,45434,10
12.9879598618,80.253036499,45434,45444,10
12.9878797531,80.2537231445,45444,45454,10
12.9877901077,80.2544326782,45454,45464,10
12.9876804352,80.2550582886,45464,45555,91
12.9876804352,80.2550582886,45555,45565,10
12.9875402451,80.2552337646,45565,45575,10
12.9875297546,80.2555618286,45575,45585,10
12.9875001907,80.2560195923,45585,45595,10
12.9874696732,80.2566833496,45595,45605,10
12.9874095917,80.2570571899,45605,45616,11
12.9873504639,80.2576980591,45616,45626,10
12.9872903824,80.2584228516,45626,45636,10
12.9871997833,80.2590484619,45636,45646,10
12.9871902466,80.2591934204,45646,45656,10
12.9872198105,80.259552002,45656,45676,20
12.9872198105,80.259552002,45676,45686,10
12.9872503281,80.2595977783,45686,45696,10
12.9870796204,80.2596130371,45696,45706,10
12.9869403839,80.2595825195,45706,45716,10
12.9866895676,80.2595062256,45716,46826,1110
12.9866895676,80.2595062256,46826,46836,10
12.9866600037,80.2592086792,46836,47391,555
12.9866600037,80.2592086792,47391,47401,10
12.9866304398,80.2590179443,47401,47602,201
12.9866304398,80.2590179443,47602,47613,11
12.9866895676,80.2589263916,47613,47623,10
12.9867296219,80.2589416504,47623,47633,10
12.9870004654,80.2590408325,47633,47703,70
12.9870004654,80.2590408325,47703,47713,10
12.9872903824,80.258972168,47713,47723,10
12.9873104095,80.2586975098,47723,47734,11
12.9873199463,80.2585830688,47734,47744,10
12.9873199463,80.258430481,47744,47754,10
12.9873504639,80.2582397461,47754,47764,10
12.9873600006,80.2578964233,47764,47774,10
12.9874401093,80.2573394775,47774,47784,10
12.9875001907,80.2565994263,47784,47794,10
12.9875297546,80.2559127808,47794,47804,10
12.9876804352,80.2554321289,47804,47814,10
12.9877004623,80.2548675537,47814,47824,10
12.9877099991,80.2548522949,47824,47834,10
12.9877500534,80.2545013428,47834,47844,10
12.9877996445,80.2539291382,47844,47855,11
12.987859726,80.2531433105,47855,47865,10
12.987859726,80.2520217896,47865,47885,20
12.987859726,80.2520217896,47885,47895,10
12.9878396988,80.2519607544,47895,47905,10
12.987830162,80.2518463135,47905,47915,10
12.9877004623,80.251663208,47915,47925,10
12.9873600006,80.2516403198,47925,47935,10
12.9868898392,80.2516937256,47935,47945,10
12.986240387,80.2518615723,47945,47955,10
12.9854402542,80.2520599365,47955,47965,10
12.9845199585,80.2523193359,47965,47976,11
12.9835100174,80.2525787354,47976,47986,10
12.9825897217,80.2527008057,47986,47996,10
12.9816598892,80.2527236938,47996,48006,10
12.9807195663,80.2527389526,48006,48016,10
12.9800701141,80.252746582,48016,48025,9
12.9798202515,80.252456665,48025,48036,11
12.9798402786,80.2522964478,48036,48046,10
12.9799098969,80.2521514893,48046,48056,10
12.9800395966,80.2517623901,48056,48066,10
12.9802398682,80.2511672974,48066,48076,10
12.9804601669,80.2503967285,48076,48087,11
12.9806699753,80.2494430542,48087,48097,10
12.9807395935,80.2485733032,48097,48106,9
12.9807901382,80.2478027344,48106,48117,11
12.9808597565,80.2469177246,48117,48127,10
12.9809598923,80.245880127,48127,48137,10
12.9810800552,80.2449264526,48137,48147,10
12.9811296463,80.2440795898,48147,48157,10
12.9812698364,80.2435684204,48157,48167,10
12.9813299179,80.2432098389,48167,48177,10
12.9813404083,80.2427902222,48177,48197,20
12.9813404083,80.2427902222,48197,48208,11
12.9813404083,80.2424621582,48208,48218,10
12.9813203812,80.2419815063,48218,48228,10
12.9813203812,80.2413711548,48228,48238,10
12.981300354,80.2406768799,48238,48248,10
12.9812803268,80.239982605,48248,48258,10
12.9812602997,80.239402771,48258,48268,10
12.9812402725,80.2387771606,48268,48278,10
12.9812297821,80.2381286621,48278,48288,10
12.9812202454,80.2379302979,48288,48298,10
12.9812402725,80.2378234863,48298,48308,10
12.9812097549,80.2373809814,48308,48318,10
12.9812002182,80.2367401123,48318,48329,11
12.981180191,80.2359771729,48329,48339,10
12.9811697006,80.2352905273,48339,48349,10
12.9811496735,80.2345733643,48349,48359,10
12.9813404083,80.233833313,48359,48369,10
12.9815797806,80.2333221436,48369,48379,10
12.981590271,80.2333221436,48379,48389,10
12.9816598892,80.2332000732,48389,48399,10
12.9818201065,80.2328796387,48399,48409,10
12.9819602966,80.2324523926,48409,48418,9
12.9819602966,80.2320632935,48418,48429,11
12.9819602966,80.2315673828,48429,48439,10
12.9818696976,80.2311019897,48439,48450,11
12.9816799164,80.2306365967,48450,48460,10
12.9813499451,80.2301101685,48460,48470,10
12.9809999466,80.2295379639,48470,48480,10
12.9807596207,80.2291793823,48480,48490,10
12.9806098938,80.2289428711,48490,48500,10
12.9806098938,80.2289428711,48500,48510,10
12.9804697037,80.228729248,48510,48520,10
12.9802904129,80.2283706665,48520,48530,10
12.980099678,80.228012085,48530,48540,10
12.9797897339,80.2275009155,48540,48550,10
12.9794397354,80.2269287109,48550,48560,10
12.9792404175,80.226600647,48560,48573,13
12.9791002274,80.2263565063,48573,48582,9
12.9788799286,80.226020813,48582,48594,12
12.9784803391,80.2253112793,48594,48604,10
12.978099823,80.2246932983,48604,48614,10
12.9777803421,80.2242889404,48614,48624,10
12.9774799347,80.223777771,48624,48634,10
12.9771499634,80.2232208252,48634,48644,10
12.9769096375,80.2227935791,48644,48654,10
12.9766302109,80.2223434448,48654,48664,10
12.976269722,80.2218170166,48664,48674,10
12.9758300781,80.2211990356,48674,48695,21
12.9758300781,80.2211990356,48695,48705,10
12.9757299423,80.2211532593,48705,48715,10
12.9755401611,80.2209777832,48715,48725,10
12.9754495621,80.2209014893,48725,48735,10
12.9753398895,80.2208023071,48735,48745,10
12.9753599167,80.2205505371,48745,48755,10
12.9756402969,80.2202835083,48755,48765,10
12.9761295319,80.2200393677,48765,48781,16
12.9772396088,80.2195510864,48781,48793,12
12.9782104492,80.2191390991,48793,48801,8
12.9785804749,80.2190322876,48801,48814,13
12.9792604446,80.2187805176,48814,48823,9
12.9798297882,80.218536377,48823,48834,11
12.9804401398,80.2182769775,48834,48844,10
12.9811000824,80.2180633545,48844,48854,10
12.9818496704,80.2178573608,48854,48864,10
12.982460022,80.2178192139,48864,48874,10
12.983130455,80.2178192139,48874,48882,8
12.9836597443,80.2178192139,48882,48894,12
12.9837903976,80.2178192139,48894,48904,10
12.984120369,80.2178268433,48904,48914,10
12.9846801758,80.2178192139,48914,48925,11
12.9855098724,80.2178268433,48925,48934,9
12.986240387,80.2179794312,48934,48945,11
12.9873199463,80.2182006836,48945,48965,20
12.9873199463,80.2182006836,48965,48975,10
12.9873800278,80.2182312012,48975,48985,10
12.9876804352,80.2182998657,48985,48995,10
12.988240242,80.2184371948,48995,49005,10
12.9889802933,80.2186279297,49005,49015,10
12.9897699356,80.2188796997,49015,49025,10
12.9905595779,80.2191314697,49025,49035,10
12.9912996292,80.2193527222,49035,49046,11
12.9919099808,80.2192382813,49046,49056,10
12.9925003052,80.2188034058,49056,49066,10
12.9931697845,80.2182998657,49066,49076,10
12.9938297272,80.2178192139,49076,49086,10
12.9944000244,80.2174072266,49086,49096,10
12.9949398041,80.2170410156,49096,49106,10
12.9954795837,80.2167205811,49106,49116,10
12.9961500168,80.2165603638,49116,49126,10
12.9968099594,80.2164764404,49126,49136,10
12.9970598221,80.2164382935,49136,49146,10
12.9972600937,80.2163009644,49146,49156,10
12.9975404739,80.2160568237,49156,49167,11
12.9975700378,80.2160415649,49167,49177,10
12.9976396561,80.2159881592,49177,49187,10
12.9979000092,80.2157669067,49187,49197,10
12.9982500076,80.2154693604,49197,49207,10
12.9986801147,80.2150726318,49207,49217,10
12.9990797043,80.2147521973,49217,49227,10
12.9992799759,80.2145690918,49227,49237,10
12.9996700287,80.2142486572,49237,49247,10
12.9999599457,80.2139968872,49247,49257,10
13.0005302429,80.2134780884,49257,49267,10
13.0010795593,80.2130432129,49267,49277,10
13.0016298294,80.212600708,49277,49288,11
13.002240181,80.2122268677,49288,49298,10
13.0027999878,80.2120895386,49298,49308,10
13.0035800934,80.2119522095,49308,49338,30
13.0035800934,80.2119522095,49338,49348,10
13.0036697388,80.2116394043,49348,49358,10
13.0036497116,80.2111206055,49358,49368,10
13.0035896301,80.2105636597,49368,49378,10
13.0035295486,80.2100219727,49378,49388,10
13.0035104752,80.2095031738,49388,49399,11
13.0036296844,80.2088928223,49399,49409,10
13.0040302277,80.2086334229,49409,49419,10
13.0046396255,80.2089004517,49419,49429,10
13.0052995682,80.2091827393,49429,49439,10
13.0058698654,80.2093963623,49439,49449,10
13.0062599182,80.2095413208,49449,49459,10
13.0064601898,80.2096176147,49459,49469,10
13.0067996979,80.2097167969,49469,49479,10
13.0073099136,80.2098236084,49479,49509,30
13.0073099136,80.2098236084,49509,49520,11
13.0076198578,80.2098922729,49520,49530,10
13.0079603195,80.2099609375,49530,49540,10
13.0081501007,80.2098388672,49540,49550,10
13.0080499649,80.2093582153,49550,49560,10
13.0079603195,80.2087173462,49560,49570,10
13.0078296661,80.2079620361,49570,49580,10
13.0077104568,80.2071762085,49580,49590,10
13.0075702667,80.2063674927,49590,49600,10
13.0075101852,80.2057723999,49600,49610,10
13.0074901581,80.2052764893,49610,49620,10
13.0074996948,80.2048492432,49620,49630,10
13.0074996948,80.2043762207,49630,49641,11
13.0074300766,80.2038269043,49641,49651,10
13.0073099136,80.2030715942,49651,49661,10
13.0068597794,80.2025375366,49661,49671,10
13.0065202713,80.2030029297,49671,49681,10
13.0068902969,80.2034072876,49681,49691,10
13.0074300766,80.20362854,49691,49701,10
13.0081596375,80.2036895752,49701,49711,10
13.0090799332,80.2036437988,49711,49721,10
13.0101499557,80.2035827637,49721,49731,10
13.0113201141,80.2036590576,49731,49741,10
13.0124502182,80.2038421631,49741,49751,10
13.0133695602,80.2040710449,49751,49762,11
13.014169693,80.2043380737,49762,49772,10
13.014840126,80.2045288086,49772,49782,10
13.0150499344,80.2045974731,49782,49792,10
13.015130043,80.2045898438,49792,49802,10
13.0153999329,80.204750061,49802,49812,10
13.0159797668,80.2049331665,49812,49822,10
13.0165395737,80.2052383423,49822,49832,10
13.0170602798,80.2052536011,49832,49842,10
13.017780304,80.205619812,49842,49852,10
13.0187501907,80.2059402466,49852,49872,20
13.0187501907,80.2059402466,49872,49883,11
13.018910408,80.2060165405,49883,49893,10
13.019370079,80.2061691284,49893,49903,10
13.0200395584,80.2062683105,49903,49913,10
13.0208501816,80.2062835693,49913,49923,10
13.0216703415,80.2063064575,49923,49939,16
13.0228395462,80.2065200806,49939,49951,12
13.0239801407,80.2066726685,49951,49960,9
13.0244398117,80.2067337036,49960,49971,11
13.0244503021,80.2067337036,49971,49981,10
13.0247097015,80.2068023682,49981,49991,10
13.0252599716,80.2069396973,49991,50002,11
13.026049614,80.2072677612,50002,50012,10
13.0267601013,80.2076873779,50012,50022,10
13.0275297165,80.2081375122,50022,50033,11
13.0284204483,80.2085189819,50033,50043,10
13.0291595459,80.2087173462,50043,50053,10
13.0299501419,80.2089233398,50053,50073,20
13.0299501419,80.2089233398,50073,50083,10
13.0301399231,80.2089996338,50083,50093,10
13.030579567,80.2090988159,50093,50103,10
13.0312004089,80.2092514038,50103,50113,10
13.0316095352,80.2093887329,50113,50130,17
13.0317802429,80.2095031738,50130,50142,12
13.0322999954,80.209602356,50142,50152,10
13.0328197479,80.2096786499,50152,50162,10
13.0336999893,80.2098388672,50162,50172,10
13.0343799591,80.2099914551,50172,50182,10
13.0349397659,80.2101135254,50182,50192,10
13.0349998474,80.2105331421,50192,50202,10
13.0350103378,80.2113571167,50202,50222,20
13.0350103378,80.2113571167,50222,50232,10
13.0349903107,80.2114486694,50232,50243,11
13.0349397659,80.211807251,50243,50253,10
13.0351696014,80.2121887207,50253,50263,10
13.0358295441,80.2122497559,50263,50273,10
13.0365400314,80.2123336792,50273,50283,10
13.0370197296,80.2123184204,50283,50293,10
13.0374097824,80.2123184204,50293,50303,10
13.0380296707,80.2123031616,50303,50313,10
13.0387802124,80.2122879028,50313,50323,10
13.0396499634,80.2122802734,50323,50333,10
13.0406303406,80.212272644,50333,50343,10
13.0416002274,80.2122802734,50343,50354,11
13.0426301956,80.2122879028,50354,50364,10
13.043419838,80.2122879028,50364,50374,10
13.0437097549,80.2122802734,50374,50384,10
13.0438098907,80.2122573853,50384,50394,10
13.0441102982,80.212272644,50394,50404,10
13.0445804596,80.2123031616,50404,50414,10
13.0450897217,80.2122879028,50414,50423,9
13.0459003448,80.2122421265,50423,50434,11
13.0467596054,80.2121963501,50434,50444,10
13.0475702286,80.2121429443,50444,50454,10
13.0482501984,80.212059021,50454,50464,10
13.0482997894,80.2120666504,50464,50475,11
13.0484600067,80.212059021,50475,50485,10
13.0488395691,80.2120285034,50485,50495,10
13.0495595932,80.2119903564,50495,50535,40
13.0495595932,80.2119903564,50535,50545,10
13.0498800278,80.2119522095,50545,50555,10
13.050160408,80.2119827271,50555,50565,10
13.050620079,80.2120132446,50565,50575,10
13.0510396957,80.2121505737,50575,50585,10
13.0518798828,80.2120895386,50585,50596,11
13.0528202057,80.2118682861,50596,50606,10
13.0536899567,80.2116394043,50606,50616,10
13.054309845,80.2115020752,50616,50626,10
13.054400444,80.211479187,50626,50636,10
13.0545396805,80.21144104,50636,50646,10
13.0549602509,80.2114334106,50646,50656,10
13.0556697845,80.2114562988,50656,50666,10
13.0565595627,80.2114486694,50666,50676,10
13.0574102402,80.2114334106,50676,50686,10
13.0576095581,80.2114181519,50686,50696,10
13.0579500198,80.2114486694,50696,50707,11
13.0583896637,80.2114562988,50707,50717,10
13.0587501526,80.2114562988,50717,50727,10
13.0593099594,80.2115020752,50727,50737,10
13.059969902,80.2115783691,50737,50747,10
13.0607795715,80.2116012573,50747,50757,10
13.0615701675,80.2116394043,50757,50767,10
13.062330246,80.2116088867,50767,50777,10
13.062959671,80.2115402222,50777,50787,10
13.0632295609,80.2115325928,50787,50797,10
13.0634803772,80.2115325928,50797,50807,10
13.0639200211,80.2115020752,50807,50817,10
13.0645303726,80.2113494873,50817,50828,11
13.0652799606,80.2108917236,50828,50838,10
13.0659599304,80.2103500366,50838,50848,10
13.0666103363,80.2097930908,50848,50858,10
13.0671300888,80.2090988159,50858,50868,10
13.0675802231,80.2083587646,50868,50878,10
13.0680704117,80.2075881958,50878,50887,9
13.0685100555,80.2069320679,50887,50898,11
13.0690097809,80.2061462402,50898,50908,10
13.0693397522,80.205657959,50908,50918,10
13.069560051,80.2052688599,50918,50928,10
13.0696001053,80.2048492432,50928,50938,10
13.0693101883,80.2049636841,50938,50949,11
13.0690097809,80.2053833008,50949,50959,10
13.0687503815,80.2052612305,50959,50969,10
13.068570137,80.2052536011,50969,51523,554
13.068570137,80.2052536011,51523,51533,10
13.0687103271,80.2053909302,51533,51544,11
13.0684604645,80.2054367065,51544,51554,10
13.0679302216,80.2052383423,51554,51594,40
13.0679302216,80.2052383423,51594,51604,10
13.0679397583,80.2050628662,51604,51614,10
13.0682096481,80.2049636841,51614,51634,20
13.0682096481,80.2049636841,51634,51644,10
13.0683603287,80.2049789429,51644,51654,10
13.0686302185,80.2048721313,51654,51665,11
13.0686998367,80.2048416138,51665,51675,10
13.0689201355,80.204788208,51675,51685,10
13.0693397522,80.2047576904,51685,51695,10
13.0696802139,80.204826355,51695,51705,10
13.0698299408,80.2051925659,51705,51715,10
13.0694999695,80.2057189941,51715,51725,10
13.0690803528,80.2063827515,51725,51735,10
13.0687103271,80.2069702148,51735,51745,10
13.0680904388,80.2079696655,51745,51755,10
13.0675601959,80.2087936401,51755,51765,10
13.067029953,80.2096099854,51765,51776,11
13.0662298203,80.2103729248,51776,51786,10
13.0655202866,80.2109832764,51786,51796,10
13.0650196075,80.2113418579,51796,51806,10
13.0648803711,80.2114181519,51806,51816,10
13.0643997192,80.2116088867,51816,51826,10
13.0637102127,80.2117462158,51826,51836,10
13.0629997253,80.2117614746,51836,51846,10
13.0623397827,80.2117385864,51846,51856,10
13.0613698959,80.2116622925,51856,51866,10
13.0603103638,80.2116394043,51866,51875,9
13.0593795776,80.2116012573,51875,51885,10
13.0585002899,80.2115707397,51885,51897,12
13.0576696396,80.2115707397,51897,51907,10
13.057559967,80.2115783691,51907,51917,10
13.0571899414,80.2115783691,51917,51927,10
13.0566301346,80.2115783691,51927,51937,10
13.0558996201,80.2115707397,51937,51947,10
13.0551300049,80.211517334,51947,51957,10
13.0547304153,80.2115020752,51957,51967,10
13.0544395447,80.2115020752,51967,51977,10
13.0538797379,80.2116394043,51977,51987,10
13.0531702042,80.2118225098,51987,51997,10
13.052479744,80.2120132446,51997,52007,10
13.0518198013,80.2121582031,52007,52018,11
13.0509796143,80.212059021,52018,52028,10
13.0501003265,80.212059021,52028,52037,9
13.049659729,80.2121276855,52037,52048,11
13.0495595932,80.2121276855,52048,52058,10
13.0494203568,80.2121276855,52058,52068,10
13.0489702225,80.2121200562,52068,52078,10
13.0482902527,80.2121734619,52078,52088,10
13.0474796295,80.2122268677,52088,52098,10
13.0465297699,80.2122802734,52098,52108,10
13.0456104279,80.2123184204,52108,52118,10
13.0448198318,80.212348938,52118,52139,21
13.0448198318,80.212348938,52139,52155,16
13.0446500778,80.212387085,52155,52167,12
13.0440301895,80.2123565674,52167,52177,10
13.0432596207,80.212348938,52177,52187,10
13.042429924,80.2123413086,52187,52197,10
13.0415201187,80.2123413086,52197,52207,10
13.0406503677,80.2123413086,52207,52217,10
13.0396499634,80.2123413086,52217,52227,10
13.038599968,80.2123413086,52227,52237,10
13.0376300812,80.2123184204,52237,52247,10
13.0366601944,80.2122879028,52247,52258,11
13.0356197357,80.212272644,52258,52268,10
13.0349998474,80.2122421265,52268,52278,10
13.0347299576,80.2121887207,52278,52288,10
13.0343103409,80.2121200562,52288,52298,10
13.0342197418,80.2121124268,52298,52308,10
13.0340003967,80.2120666504,52308,52318,10
13.0337095261,80.212020874,52318,52328,10
13.0331802368,80.2118682861,52328,52338,10
13.032500267,80.2117767334,52338,52348,10
13.0319900513,80.2114715576,52348,52358,10
13.0320501328,80.2107620239,52358,52369,11
13.0320997238,80.2099990845,52369,52379,10
13.0319404602,80.2096405029,52379,52389,10
13.0314302444,80.2095031738,52389,52399,10
13.0307798386,80.209312439,52399,52409,10
13.0305404663,80.2092590332,52409,52419,10
13.0303602219,80.2092208862,52419,52429,10
13.0296497345,80.2089614868,52429,52449,20
13.0296497345,80.2089614868,52449,52459,10
13.0295095444,80.2089233398,52459,52469,10
13.0290298462,80.2088012695,52469,52479,10
13.0283498764,80.2086181641,52479,52490,11
13.0276203156,80.2083282471,52490,52500,10
13.0269498825,80.2079391479,52500,52510,10
13.0262403488,80.2075195313,52510,52520,10
13.02546978,80.2071685791,52520,52530,10
13.0246896744,80.2070083618,52530,52540,10
13.024310112,80.2069168091,52540,52550,10
13.0242500305,80.2069091797,52550,52560,10
13.023900032,80.2068099976,52560,52570,10
13.0234003067,80.206703186,52570,52580,10
13.0227203369,80.2065505981,52580,52590,10
13.0219402313,80.2064437866,52590,52600,10
13.0214300156,80.2064285278,52600,52611,11
13.0207500458,80.2064285278,52611,52621,10
13.0199699402,80.2064285278,52621,52630,9
13.0192699432,80.2063674927,52630,52641,11
13.0190601349,80.2063293457,52641,52651,10
13.0188703537,80.2062606812,52651,52661,10
13.0183801651,80.2060928345,52661,52671,10
13.0177202225,80.2058334351,52671,52681,10
13.0171098709,80.2055892944,52681,52691,10
13.0163898468,80.2053833008,52691,52701,10
13.0156803131,80.2051391602,52701,52711,10
13.0147304535,80.2048034668,52711,52722,11
13.0141801834,80.2046127319,52722,52732,10
13.0140304565,80.2045593262,52732,52742,10
13.0136804581,80.2044372559,52742,52752,10
13.0135402679,80.2046203613,52752,52762,10
13.0134000778,80.2050704956,52762,52772,10
13.0132198334,80.2056427002,52772,52782,10
13.0130596161,80.2062683105,52782,52792,10
13.0129995346,80.2069625854,52792,52802,10
13.0129404068,80.2075271606,52802,52812,10
13.0128898621,80.207862854,52812,52822,10
13.0128602982,80.2083206177,52822,52832,10
13.0129003525,80.2086105347,52832,52843,11
13.0129804611,80.2091293335,52843,52853,10
13.0132198334,80.2096633911,52853,52863,10
13.0131502151,80.2102203369,52863,52873,10
13.0129899979,80.2109069824,52873,52883,10
13.0126695633,80.2115707397,52883,52893,10
13.012339592,80.2120895386,52893,52903,10
13.0120000839,80.2126235962,52903,52913,10
13.0118503571,80.2127914429,52913,52923,10
13.0115604401,80.2126083374,52923,52933,10
13.0111398697,80.2123031616,52933,52943,10
13.0105800629,80.2118911743,52943,52953,10
13.0100698471,80.2114715576,52953,52964,11
13.0098104477,80.2112808228,52964,52974,10
13.0094804764,80.2110671997,52974,52994,20
13.0094804764,80.2110671997,52994,53004,10
13.0093297958,80.2110977173,53004,53014,10
13.0092201233,80.2112197876,53014,53024,10
13.0090398788,80.2115020752,53024,53034,10
13.0091695786,80.2119827271,53034,53044,10
13.0093803406,80.2126464844,53044,53054,10
13.0095996857,80.2132797241,53054,53064,10
13.0098600388,80.2139205933,53064,53074,10
13.0101003647,80.2145767212,53074,53085,11
13.0102300644,80.2154083252,53085,53095,10
13.0104799271,80.2161636353,53095,53105,10
13.0108604431,80.2170028687,53105,53115,10
13.0112400055,80.217880249,53115,53125,10
13.0115404129,80.2186889648,53125,53135,10
13.0118398666,80.2195968628,53135,53144,9
13.0121002197,80.2203979492,53144,53155,11
13.0123100281,80.2210464478,53155,53165,10
13.0124597549,80.2215805054,53165,53175,10
13.0128498077,80.22215271,53175,53185,10
13.0132799149,80.2225570679,53185,53196,11
13.0139503479,80.2233734131,53196,53206,10
13.0144195557,80.2238998413,53206,53216,10
13.0150098801,80.2246170044,53216,53226,10
13.0153999329,80.225112915,53226,53236,10
13.0154800415,80.2254714966,53236,53246,10
13.0151901245,80.2258529663,53246,53256,10
13.0145597458,80.2261123657,53256,53266,10
13.0138702393,80.2263793945,53266,53276,10
13.0130796432,80.2266693115,53276,53286,10
13.0121803284,80.2270126343,53286,53296,10
13.0112199783,80.2273864746,53296,53306,10
13.010219574,80.2277832031,53306,53317,11
13.0094995499,80.2276306152,53317,53327,10
13.009759903,80.2269897461,53327,53337,10
13.0101003647,80.2262496948,53337,53347,10
13.0104598999,80.2254180908,53347,53357,10
13.0108499527,80.2245864868,53357,53367,10
13.0111398697,80.2238082886,53367,53377,10
13.0112600327,80.2233810425,53377,53387,10
13.0112600327,80.22315979,53387,53397,10
13.0109901428,80.2229995728,53397,53407,10
13.0104904175,80.2227630615,53407,53417,10
13.0098896027,80.2224502563,53417,53427,10
13.0093603134,80.2221603394,53427,53438,11
13.0092201233,80.2220916748,53438,53448,10
13.0089797974,80.2219467163,53448,53458,10
13.0085601807,80.2217025757,53458,53468,10
13.0079698563,80.2213821411,53468,53478,10
13.0073099136,80.2210235596,53478,53488,10
13.0065603256,80.2206420898,53488,53498,10
13.0057001114,80.220451355,53498,53508,10
13.0048398972,80.2202606201,53508,53518,10
13.0042600632,80.2201309204,53518,53528,10
13.0033197403,80.2199020386,53528,53538,10
13.0025501251,80.2195587158,53538,53548,10
13.0019702911,80.2189712524,53548,53558,10
13.0013799667,80.218421936,53558,53569,11
13.0006799698,80.2179718018,53569,53579,10
13.0000200272,80.2175827026,53579,53588,9
12.9993495941,80.2171707153,53588,53599,11
12.9985399246,80.2167816162,53599,53609,10
12.9973897934,80.2165298462,53609,53629,20
12.9973897934,80.2165298462,53629,53639,10
12.9971504211,80.2165222168,53639,53649,10
12.9967498779,80.2165527344,53649,53659,10
12.9961795807,80.2166366577,53659,53670,11
12.9954299927,80.2168807983,53670,53680,10
12.9948196411,80.2172393799,53680,53690,10
12.9943704605,80.2175827026,53690,53700,10
12.9940795898,80.2177810669,53700,53710,10
12.9937496185,80.2180099487,53710,53720,10
12.9932403564,80.2183609009,53720,53730,10
12.9926595688,80.2187423706,53730,53740,10
12.9920396805,80.2192001343,53740,53750,10
12.991519928,80.2195892334,53750,53760,10
12.9910001755,80.2194290161,53760,53770,10
12.9903697968,80.2192001343,53770,53780,10
12.9896202087,80.2189178467,53780,53791,11
12.9887104034,80.2185974121,53791,53801,10
12.9878501892,80.2183990479,53801,53811,10
12.9871196747,80.2182769775,53811,53821,10
12.9868402481,80.2182388306,53821,53831,10
12.986700058,80.2182006836,53831,53841,10
12.9862699509,80.2181015015,53841,53851,10
12.9855298996,80.2179412842,53851,53861,10
12.9846696854,80.2179412842,53861,53871,10
12.9839696884,80.2179794312,53871,53881,10
12.9838895798,80.2179870605,53881,53891,10
12.9836101532,80.2180023193,53891,53901,10
12.9830598831,80.2180023193,53901,53912,11
12.9822797775,80.2179870605,53912,53922,10
12.981470108,80.2180633545,53922,53932,10
12.980629921,80.2182998657,53932,53942,10
12.9798603058,80.2185821533,53942,53952,10
12.9791603088,80.2188568115,53952,53962,10
12.9786701202,80.219039917,53962,53972,10
12.9781703949,80.2192077637,53972,53982,10
12.9774904251,80.2194976807,53982,53992,10
12.9767398834,80.2198181152,53992,54002,10
12.975979805,80.220161438,54002,54012,10
12.9756202698,80.2203979492,54012,54022,10
12.9755296707,80.2205276489,54022,54033,11
12.975520134,80.2207183838,54033,54043,10
12.9757604599,80.2210083008,54043,54053,10
12.9762802124,80.2216415405,54053,54073,20
12.9762802124,80.2216415405,54073,54083,10
12.9763898849,80.2217636108,54083,54093,10
12.976559639,80.2221298218,54093,54103,10
12.9768800735,80.2226715088,54103,54113,10
12.9772901535,80.2233200073,54113,54123,10
12.9777498245,80.2240524292,54123,54133,10
12.9782304764,80.2248535156,54133,54144,11
12.9787597656,80.2257232666,54144,54154,10
12.9792404175,80.2265396118,54154,54164,10
12.9796800613,80.2272491455,54164,54174,10
12.9801197052,80.2279663086,54174,54184,10
12.9804897308,80.2286224365,54184,54194,10
12.9808397293,80.2292175293,54194,54204,10
12.9811601639,80.2297515869,54204,54214,10
12.9815502167,80.2303314209,54214,54224,10
12.9816503525,80.2304992676,54224,54234,10
12.9817495346,80.2307128906,54234,54244,10
12.9819097519,80.2311401367,54244,54254,10
12.9819898605,80.2316970825,54254,54265,11
12.982000351,80.2322387695,54265,54275,10
12.9819202423,80.2326889038,54275,54285,10
12.9817695618,80.2331085205,54285,54295,10
12.9816904068,80.233291626,54295,54305,10
12.9816198349,80.2334823608,54305,54315,10
12.981590271,80.233581543,54315,54325,10
12.9814500809,80.2338562012,54325,54335,10
12.9812097549,80.2345275879,54335,54345,10
12.9812002182,80.2352828979,54345,54355,10
12.9812402725,80.2361221313,54355,54365,10
12.9812602997,80.2370605469,54365,54375,10
12.9812602997,80.2378997803,54375,54386,11
12.9812803268,80.2386322021,54386,54396,10
12.9812803268,80.2386398315,54396,54406,10
12.9812602997,80.2387924194,54406,54416,10
12.9812602997,80.2392196655,54416,54426,10
12.9812803268,80.2396621704,54426,54436,10
12.9813098907,80.2402801514,54436,54446,10
12.9813098907,80.2409820557,54446,54456,10
12.9813203812,80.2417221069,54456,54466,10
12.9813299179,80.2420883179,54466,54476,10
12.9813404083,80.2424087524,54476,54486,10
12.9813203812,80.2426223755,54486,54497,11
12.981300354,80.24269104,54497,54507,10
12.981300354,80.2431182861,54507,54517,10
12.9812803268,80.2437515259,54517,54527,10
12.9811897278,80.2445297241,54527,54537,10
12.9810695648,80.2454376221,54537,54547,10
12.9809503555,80.2464828491,54547,54557,10
12.9808702469,80.247543335,54557,54567,10
12.9807901382,80.2485427856,54567,54577,10
12.9806995392,80.2495193481,54577,54587,10
12.9805002213,80.2504806519,54587,54597,10
12.9802799225,80.2513809204,54597,54607,10
12.9801197052,80.2520370483,54607,54618,11
12.980099678,80.2520980835,54618,54628,10
12.9800796509,80.2521972656,54628,54638,10
12.9800596237,80.2523803711,54638,54648,10
12.9801998138,80.2525405884,54648,54658,10
12.9805803299,80.2526168823,54658,54668,10
12.9812402725,80.2526016235,54668,54678,10
12.9820604324,80.2525787354,54678,54694,16
12.9836101532,80.2524185181,54694,54706,12
12.9847202301,80.2521286011,54706,54716,10
12.9856004715,80.2518920898,54716,54736,20
12.9856004715,80.2518920898,54736,54747,11
12.9857997894,80.2518615723,54747,54757,10
12.9861097336,80.2517623901,54757,54767,10
12.9863195419,80.251701355,54767,54777,10
12.9865999222,80.2516326904,54777,54787,10
12.9872503281,80.2514419556,54787,54888,101
12.9872503281,80.2514419556,54888,54898,10
12.9873695374,80.2513885498,54898,54908,10
12.9876403809,80.2513198853,54908,54918,10
12.987859726,80.251411438,54918,54928,10
12.9879598618,80.2518081665,54928,54938,10
12.9879999161,80.2525024414,54938,54948,10
12.9879102707,80.2533798218,54948,54958,10
12.9878196716,80.2542800903,54958,54969,11
12.9877195358,80.2552108765,54969,54979,10
12.9876899719,80.2556228638,54979,55029,50
12.9876899719,80.2556228638,55029,55039,10
12.9876499176,80.2558364868,55039,55049,10
12.9875602722,80.2562332153,55049,55059,10
12.9875097275,80.2568588257,55059,55069,10
12.9874401093,80.2576217651,55069,55079,10
12.9874000549,80.2583236694,55079,55090,11
12.9873199463,80.258972168,55090,55100,10
12.9871997833,80.2595291138,55100,55120,20
12.9871997833,80.2595291138,55120,55130,10
12.9871797562,80.2596130371,55130,55140,10
12.9870195389,80.2595825195,55140,55150,10
12.9868402481,80.259552002,55150,55160,10
12.9865999222,80.2594680786,55160,55241,81
12.9864902496,80.2591094971,55241,55967,726
12.9864902496,80.2591094971,55967,55977,10
12.9868803024,80.2591171265,55977,56028,51
12.9870595932,80.2591094971,56028,56048,20
12.9870595932,80.2591094971,56048,56058,10
12.9872903824,80.2590026855,56058,56068,10
12.9873399734,80.2587127686,56068,56078,10
12.9873800278,80.2583389282,56078,56088,10
12.9874296188,80.2580337524,56088,56098,10
12.9874696732,80.2578735352,56098,56108,10
12.9875001907,80.2574768066,56108,56118,10
12.9875001907,80.2572021484,56118,56128,10
12.987569809,80.2567672729,56128,56138,10
12.9876098633,80.2561264038,56138,56149,11
12.9877099991,80.255531311,56149,56159,10
12.9877195358,80.2550811768,56159,56169,10
12.987739563,80.2548217773,56169,56185,16
12.9877901077,80.2544326782,56185,56197,12
12.9878501892,80.2537765503,56197,56205,8
12.9878902435,80.2531814575,56205,56216,11
12.9878997803,80.2526321411,56216,56237,21
12.9879102707,80.2524490356,56237,56278,41
12.9879102707,80.2524490356,56278,56288,10
12.9879302979,80.2523117065,56288,56298,10
12.9878702164,80.2519989014,56298,56308,10
12.987859726,80.2519607544,56308,56318,10
12.9878196716,80.2517700195,56318,56328,10
12.9877595901,80.2516708374,56328,56338,10
12.9877099991,80.2516174316,56338,56348,10
12.9876003265,80.2515563965,56348,56358,10
12.9871997833,80.2516403198,56358,56368,10
12.9869298935,80.2516784668,56368,56379,11
12.9867696762,80.2517166138,56379,56389,10
12.986289978,80.2518386841,56389,56399,10
12.9855604172,80.2520217896,56399,56408,9
12.9847698212,80.252243042,56408,56418,10
12.9837999344,80.2525024414,56418,56429,11
12.9828195572,80.2526702881,56429,56439,10
12.9817695618,80.2527008057,56439,56449,10
12.9808998108,80.2527236938,56449,56459,10
12.9802398682,80.2527618408,56459,56490,31
12.9802398682,80.2527618408,56490,56500,10
12.9800596237,80.2527618408,56500,56510,10
12.9798603058,80.2526168823,56510,56520,10
12.9798898697,80.2523269653,56520,56530,10
12.9799003601,80.2523117065,56530,56540,10
12.9799604416,80.2520599365,56540,56550,10
12.9801197052,80.2516479492,56550,56560,10
12.9803199768,80.2510375977,56560,56570,10
12.9805297852,80.2502365112,56570,56580,10
12.9806900024,80.2493209839,56580,56590,10
12.9807500839,80.2484817505,56590,56600,10
12.9808197021,80.2476196289,56600,56611,11
12.9808998108,80.2466812134,56611,56621,10
12.981010437,80.2457199097,56621,56631,10
12.9811201096,80.2447662354,56631,56641,10
12.9811401367,80.2440872192,56641,56651,10
12.9811496735,80.2439193726,56651,56661,10
12.9811697006,80.2437973022,56661,56671,10
12.9812803268,80.2436294556,56671,56681,10
12.9813404083,80.2432403564,56681,56691,10
12.9813404083,80.2428436279,56691,56701,10
12.9813404083,80.2428207397,56701,56711,10
12.9813404083,80.2427062988,56711,56721,10
12.9813499451,80.2425918579,56721,56732,11
12.9813604355,80.242401123,56732,56742,10
12.9813499451,80.2420196533,56742,56752,10
12.9813404083,80.2414169312,56752,56762,10
12.9813299179,80.2407302856,56762,56772,10
12.9813098907,80.2399902344,56772,56782,10
12.981300354,80.2393188477,56782,56792,10
12.9812803268,80.238609314,56792,56802,10
12.9812498093,80.2379989624,56802,56812,10
12.9812498093,80.2379226685,56812,56822,10
12.9812402725,80.2378234863,56822,56832,10
12.9812202454,80.2373962402,56832,56842,10
12.9812097549,80.2367401123,56842,56853,11
12.9811897278,80.2358627319,56853,56863,10
12.9811601639,80.2350387573,56863,56873,10
12.9812202454,80.2341918945,56873,56883,10
12.9815196991,80.2334823608,56883,56893,10
12.9816303253,80.2332611084,56893,56903,10
12.9816904068,80.2331619263,56903,56913,10
12.9818401337,80.2328262329,56913,56923,10
12.9819698334,80.2323913574,56923,56933,10
12.9819602966,80.2320022583,56933,56943,10
12.9819402695,80.2315292358,56943,56953,10
12.9818601608,80.2310562134,56953,56969,16
12.9815397263,80.2304382324,56969,56982,13
12.9812002182,80.2298736572,56982,56992,10
12.9809598923,80.2294998169,56992,57002,10
12.9807395935,80.2291564941,57002,57012,10
12.9806604385,80.2289886475,57012,57021,9
12.980629921,80.2289428711,57021,57032,11
12.9804697037,80.2286834717,57032,57042,10
12.9802999496,80.2282791138,57042,57052,10
12.9800195694,80.2278366089,57052,57062,10
12.9797000885,80.2273178101,57062,57072,10
12.9793300629,80.2266998291,57072,57082,10
12.9789495468,80.2260513306,57082,57093,11
12.9784898758,80.2252731323,57093,57104,11
12.9781799316,80.2247619629,57104,57114,10
12.9779100418,80.2244262695,57114,57124,10
12.9776096344,80.2239227295,57124,57134,10
12.9772500992,80.2233200073,57134,57144,10
12.976940155,80.2227783203,57144,57154,10
12.9766397476,80.2223205566,57154,57164,10
12.9763002396,80.2218017578,57164,57174,10
12.9759702682,80.2213668823,57174,57184,10
12.9756202698,80.2210083008,57184,57205,21
12.9756202698,80.2210083008,57205,57215,10
12.9754695892,80.220916748,57215,57225,10
12.9753103256,80.2207717896,57225,57235,10
12.9753599167,80.2205810547,57235,57245,10
12.9756002426,80.2203369141,57245,57255,10
12.975979805,80.2201309204,57255,57265,10
12.9765501022,80.2198791504,57265,57275,10
12.9772500992,80.2196121216,57275,57285,10
12.9780302048,80.2192764282,57285,57295,10
12.9785604477,80.219078064,57295,57305,10
12.9790496826,80.2189025879,57305,57315,10
12.979590416,80.2186813354,57315,57326,11
12.9802398682,80.218421936,57326,57336,10
12.9809503555,80.218170166,57336,57346,10
12.9817495346,80.217918396,57346,57356,10
12.9824895859,80.2178726196,57356,57366,10
12.9832296371,80.2178726196,57366,57376,10
12.9838399887,80.2178573608,57376,57396,20
12.9838399887,80.2178573608,57396,57406,10
12.9841995239,80.2178268433,57406,57416,10
12.9847698212,80.2178268433,57416,57426,10
12.9855203629,80.2178573608,57426,57436,10
12.9863500595,80.2180023193,57436,57447,11
12.9874095917,80.218208313,57447,57475,28
12.9874095917,80.218208313,57475,57483,8
12.9875898361,80.2182693481,57483,57495,12
12.9881095886,80.2183990479,57495,57505,10
12.9887895584,80.2185592651,57505,57514,9
12.989569664,80.2188110352,57514,57525,11
12.9904899597,80.2191162109,57525,57535,10
12.9912004471,80.2193222046,57535,57545,10
12.991519928,80.2193984985,57545,57555,10
12.9918498993,80.2193069458,57555,57564,9
12.9922704697,80.2189865112,57564,57576,12
12.9929800034,80.2183990479,57576,57586,10
12.9937000275,80.2179031372,57586,57596,10
12.9943399429,80.2174377441,57596,57606,10
12.9945602417,80.2172775269,57606,57616,10
12.9948797226,80.2170181274,57616,57627,11
12.9953804016,80.216758728,57627,57637,10
12.995929718,80.2166137695,57637,57647,10
12.9965600967,80.2164916992,57647,57657,10
12.997130394,80.2164001465,57657,57667,10
12.9975700378,80.2160186768,57667,57698,31
12.9975700378,80.2160186768,57698,57708,10
12.9978303909,80.2158203125,57708,57718,10
12.9981603622,80.2155303955,57718,57728,10
12.99862957,80.215057373,57728,57738,10
12.9990596771,80.2146987915,57738,57748,10
12.9993200302,80.2145004272,57748,57758,10
12.999710083,80.2141723633,57758,57767,9
13.0000200272,80.2139129639,57767,57778,11
13.0005102158,80.2134628296,57778,57788,10
13.0009899139,80.2130203247,57788,57799,11
13.001540184,80.2125930786,57799,57808,9
13.001999855,80.2123184204,57808,57819,11
13.0025997162,80.2121200562,57819,57829,10
13.0031604767,80.212020874,57829,57839,10
13.003569603,80.2119216919,57839,57849,10
13.0036497116,80.2118606567,57849,57859,10
13.0036697388,80.2114715576,57859,57869,10
13.0036401749,80.2108612061,57869,57879,10
13.0035495758,80.2102203369,57879,57889,10
13.0035200119,80.2095565796,57889,57899,10
13.003660202,80.2088775635,57899,57910,11
13.0042600632,80.208732605,57910,57920,10
13.0050897598,80.2090911865,57920,57930,10
13.0059604645,80.2094192505,57930,57940,10
13.0066795349,80.2096481323,57940,57950,10
13.0073699951,80.2097930908,57950,57970,20
13.0073699951,80.2097930908,57970,57980,10
13.0076599121,80.2098770142,57980,57990,10
13.008099556,80.2099533081,57990,58000,10
13.0081300735,80.2097167969,58000,58010,10
13.0080299377,80.2091827393,58010,58020,10
13.0079202652,80.2084579468,58020,58031,11
13.0077896118,80.2075500488,58031,58041,10
13.0076503754,80.2066574097,58041,58051,10
13.0075597763,80.2058181763,58051,58061,10
13.0075302124,80.2048721313,58061,58071,10
13.007519722,80.2041931152,58071,58081,10
13.0074396133,80.2034683228,58081,58091,10
13.0071697235,80.2026367188,58091,58101,10
13.0065603256,80.2027816772,58101,58111,10
13.0067195892,80.2032928467,58111,58121,10
13.0072603226,80.2035598755,58121,58131,10
13.0079402924,80.2036972046,58131,58141,10
13.0087795258,80.2036514282,58141,58151,10
13.0097904205,80.2035903931,58151,58162,11
13.0110197067,80.2036209106,58162,58178,16
13.0127401352,80.2038803101,58178,58190,12
13.0136604309,80.2041397095,58190,58200,10
13.0141601563,80.2043304443,58200,58210,10
13.014840126,80.2045593262,58210,58220,10
13.014960289,80.2045974731,58220,58230,10
13.0151700974,80.2046203613,58230,58240,10
13.0156602859,80.2047805786,58240,58250,10
13.0162401199,80.2051620483,58250,58260,10
13.0169496536,80.2052993774,58260,58271,11
13.0176897049,80.2055587769,58271,58281,10
13.0182695389,80.2058029175,58281,58291,10
13.0186500549,80.2059173584,58291,58301,10
13.0187101364,80.2059173584,58301,58311,10
13.0190401077,80.2060165405,58311,58321,10
13.0196399689,80.2061767578,58321,58330,9
13.0202903748,80.2062835693,58330,58341,11
13.0212202072,80.2062988281,58341,58351,10
13.0218496323,80.2063217163,58351,58361,10
13.0224895477,80.2063674927,58361,58371,10
13.0231599808,80.206489563,58371,58380,9
13.0236101151,80.2065811157,58380,58392,12
13.024310112,80.2066421509,58392,58402,10
13.0243997574,80.2066574097,58402,58412,10
13.0247097015,80.206741333,58412,58422,10
13.0254001617,80.2069702148,58422,58432,10
13.0262002945,80.2073516846,58432,58442,10
13.0269899368,80.2078323364,58442,58452,10
13.027759552,80.2082901001,58452,58462,10
13.0285596848,80.2086029053,58462,58472,10
13.029299736,80.2087631226,58472,58482,10
13.0299396515,80.2089385986,58482,58492,10
13.030579567,80.2091293335,58492,58502,10
13.0312204361,80.2093200684,58502,58513,11
13.0315504074,80.2093887329,58513,58523,10
13.0316400528,80.2094268799,58523,58533,10
13.0318403244,80.2094573975,58533,58544,11
13.0322704315,80.2095565796,58544,58554,10
13.032959938,80.2097473145,58554,58564,10
13.0337400436,80.2099533081,58564,58574,10
13.0346097946,80.2100601196,58574,58584,10
13.0350503922,80.2104110718,58584,58594,10
13.0350399017,80.2113418579,58594,58614,20
13.0350399017,80.2113418579,58614,58625,11
13.0350103378,80.2114562988,58625,58635,10
13.0349502563,80.2118682861,58635,58655,20
13.0349502563,80.2118682861,58655,58665,10
13.0349302292,80.2120513916,58665,58681,16
13.035200119,80.2122268677,58681,58693,12
13.0358295441,80.2122802734,58693,58702,9
13.0364398956,80.2123031616,58702,58712,10
13.0371999741,80.212310791,58712,58733,21
13.0371999741,80.212310791,58733,58744,11
13.0375795364,80.2123184204,58744,58754,10
13.0382003784,80.2123031616,58754,58764,10
13.0390195847,80.2122802734,58764,58774,10
13.0400104523,80.2122573853,58774,58784,10
13.0411100388,80.2122497559,58784,58794,10
13.042140007,80.2122573853,58794,58804,10
13.0431804657,80.2122573853,58804,58813,9
13.0442304611,80.2122497559,58813,58915,102
13.0442304611,80.2122497559,58915,58925,10
13.0443496704,80.2121963501,58925,58935,10
13.0447101593,80.2122268677,58935,58945,10
13.0453195572,80.2122573853,58945,58955,10
13.0460500717,80.2122192383,58955,58965,10
13.0468797684,80.2121887207,58965,58975,10
13.0477600098,80.212097168,58975,58986,11
13.0484399796,80.2120285034,58986,58996,10
13.048500061,80.2120132446,58996,59006,10
13.0485801697,80.2119979858,59006,59016,10
13.0488796234,80.2119674683,59016,59026,10
13.0492401123,80.2119674683,59026,59052,26
13.0492401123,80.2119674683,59052,59064,12
13.0494203568,80.2119293213,59064,59072,8
13.0495595932,80.2119293213,59072,59084,12
13.0499095917,80.2118988037,59084,59105,21
13.0499095917,80.2118988037,59105,59115,10
13.0501403809,80.2119064331,59115,59125,10
13.0504798889,80.2119979858,59125,59135,10
13.0508699417,80.2121124268,59135,59145,10
13.0516700745,80.212097168,59145,59153,8
13.0524597168,80.2119064331,59153,59164,11
13.0534896851,80.2116394043,59164,59175,11
13.0543804169,80.2114181519,59175,59187,12
13.055150032,80.2114334106,59187,59198,11
13.0560798645,80.2114334106,59198,59208,10
13.0570201874,80.21144104,59208,59219,11
13.0576696396,80.2114334106,59219,59229,10
13.057800293,80.2114181519,59229,59239,10
13.0582895279,80.21144104,59239,59249,10
13.0589895248,80.211479187,59249,59259,10
13.0597896576,80.2115631104,59259,59269,10
13.0607204437,80.2116088867,59269,59279,10
13.0615997314,80.2116622925,59279,59289,10
13.0628900528,80.2115707397,59289,59299,10
13.0628900528,80.2115707397,59299,59309,10
13.0630302429,80.2115402222,59309,59319,10
13.0633602142,80.2115097046,59319,59329,10
13.0638399124,80.211479187,59329,59340,11
13.0645103455,80.2113189697,59340,59350,10
13.0651903152,80.2109832764,59350,59360,10
13.0658397675,80.2103805542,59360,59374,14
13.0667495728,80.2095031738,59374,59384,10
13.067199707,80.2088394165,59384,59394,10
13.0673599243,80.2085800171,59394,59404,10
13.0676403046,80.2081832886,59404,59414,10
13.0680198669,80.207572937,59414,59424,10
13.0685195923,80.2068328857,59424,59434,10
13.0690402985,80.2060470581,59434,59444,10
13.069439888,80.2053985596,59444,59454,10
13.069560051,80.2052001953,59454,59465,11
13.0696496964,80.2050628662,59465,59474,9
13.0696897507,80.2049636841,59474,59485,11
13.0696201324,80.2048416138,59485,59495,10
13.0692901611,80.2048797607,59495,59505,10
13.0690202713,80.2052764893,59505,59515,10
13.0687599182,80.205291748,59515,59545,30
13.0687599182,80.205291748,59545,59555,10
13.0685997009,80.2051773071,59555,59565,10
13.0681295395,80.2051925659,59565,60261,696
13.0681295395,80.2051925659,60261,60271,10
13.0680198669,80.2049789429,60271,60282,11
13.0682497025,80.2049789429,60282,60292,10
13.0685100555,80.2049102783,60292,60302,10
13.0689001083,80.2047805786,60302,60312,10
13.0691404343,80.2047271729,60312,60322,10
13.0694704056,80.2047805786,60322,60332,10
13.0697803497,80.2049179077,60332,60362,30
13.0697803497,80.2049179077,60362,60372,10
13.0699100494,80.2051391602,60372,60382,10
13.0696897507,80.2054977417,60382,60392,10
13.0693397522,80.2060394287,60392,60403,11
13.068860054,80.20677948,60403,60413,10
13.0683803558,80.2075195313,60413,60423,10
13.0679502487,80.2082901001,60423,60433,10
13.0676202774,80.2088775635,60433,60443,10
13.0672302246,80.2095336914,60443,60453,10
13.0666799545,80.2101974487,60453,60463,10
13.0659799576,80.2107620239,60463,60473,10
13.0654001236,80.2112197876,60473,60483,10
13.065079689,80.2114334106,60483,60493,10
13.0649795532,80.2114562988,60493,60503,10
13.0645704269,80.2116317749,60503,60513,10
13.0639200211,80.2117767334,60513,60524,11
13.0631599426,80.211807251,60524,60532,8
13.0625400543,80.2118606567,60532,60544,12
13.061630249,80.2117919922,60544,60554,10
13.060500145,80.211769104,60554,60564,10
13.0596199036,80.211730957,60564,60574,10
13.0588502884,80.2117080688,60574,60584,10
13.0584897995,80.2117080688,60584,60594,10
13.0581197739,80.2117004395,60594,60604,10
13.0576601028,80.2117233276,60604,60614,10
13.0576000214,80.2117080688,60614,60624,10
13.0573396683,80.2116928101,60624,60635,11
13.0567998886,80.2116622925,60635,60645,10
13.0561199188,80.2116622925,60645,60655,10
13.0553197861,80.2116394043,60655,60665,10
13.0545701981,80.2116470337,60665,60675,10
13.0537900925,80.2117996216,60675,60685,10
13.0529203415,80.212020874,60685,60695,10
13.0521202087,80.2122421265,60695,60705,10
13.051440239,80.212310791,60705,60715,10
13.0508098602,80.2122192383,60715,60725,10
13.0501003265,80.2122573853,60725,60757,32
13.0501003265,80.2122573853,60757,60767,10
13.0497999191,80.2122192383,60767,60777,10
13.0495004654,80.2122268677,60777,60787,10
13.0494604111,80.2122268677,60787,60797,10
13.0493898392,80.2122116089,60797,60807,10
13.0490903854,80.2121963501,60807,60817,10
13.0485296249,80.2122268677,60817,60827,10
13.0478200912,80.2123031616,60827,60837,10
13.0469799042,80.212348938,60837,60847,10
13.0460300446,80.2124023438,60847,60857,10
13.045249939,80.2124481201,60857,60868,11
13.0445699692,80.2124786377,60868,60878,10
13.0439500809,80.2124633789,60878,60888,10
13.0431699753,80.2124404907,60888,60897,9
13.0424203873,80.2124328613,60897,60908,11
13.0415496826,80.2124404907,60908,60918,10
13.0404701233,80.2124481201,60918,60928,10
13.0394897461,80.2124481201,60928,60938,10
13.038479805,80.2124710083,60938,60948,10
13.0374603271,80.2124328613,60948,60958,10
13.0364198685,80.2123794556,60958,60968,10
13.0354795456,80.212348938,60968,60978,10
13.0351200104,80.212348938,60978,60989,11
13.035030365,80.2123184204,60989,60999,10
13.0348396301,80.212272644,60999,61009,10
13.0343999863,80.2121810913,61009,61019,10
13.0340795517,80.2121429443,61019,61029,10
13.034070015,80.2121276855,61029,61039,10
13.0339097977,80.2121124268,61039,61049,10
13.0335597992,80.2120132446,61049,61059,10
13.0330200195,80.2118988037,61059,61069,10
13.0323400497,80.2117996216,61069,61079,10
13.031920433,80.2115631104,61079,61089,10
13.0320196152,80.2109832764,61089,61099,10
13.0320596695,80.2102890015,61099,61110,11
13.0319795609,80.2096481323,61110,61120,10
13.0314302444,80.209487915,61120,61130,10
13.0306901932,80.2093276978,61130,61140,10
13.0295600891,80.2089767456,61140,61160,20
13.0295600891,80.2089767456,61160,61170,10
13.0293197632,80.2089080811,61170,61180,10
13.0287799835,80.2087631226,61180,61189,9
13.0281200409,80.2085723877,61189,61200,11
13.0273799896,80.2082214355,61200,61210,10
13.0266599655,80.2077865601,61210,61221,11
13.0258197784,80.20728302,61221,61230,9
13.0249795914,80.2070388794,61230,61241,11
13.0242500305,80.2069168091,61241,61251,10
13.0241603851,80.2068862915,61251,61261,10
13.0238103867,80.2067871094,61261,61271,10
13.0232696533,80.2066574097,61271,61281,10
13.0225400925,80.2065505981,61281,61291,10
13.0218200684,80.2064971924,61291,61301,10
13.0211000443,80.206489563,61301,61311,10
13.0202198029,80.2065124512,61311,61321,10
13.0193395615,80.206451416,61321,61331,10
13.0190896988,80.2063827515,61331,61342,11
13.018989563,80.2063293457,61342,61352,10
13.0186004639,80.2061767578,61352,61362,10
13.0180397034,80.2059707642,61362,61372,10
13.0175199509,80.2057495117,61372,61382,10
13.0170202255,80.2055206299,61382,61392,10
13.0164403915,80.2052993774,61392,61402,10
13.0155601501,80.2050933838,61402,61412,10
13.0147399902,80.2048416138,61412,61422,10
13.0142803192,80.2046585083,61422,61432,10
13.0142402649,80.2046432495,61432,61442,10
13.0139398575,80.2045211792,61442,61463,21
13.0139398575,80.2045211792,61463,61473,10
13.0138196945,80.2045211792,61473,61483,10
13.0136404037,80.204460144,61483,61493,10
13.0135498047,80.2046813965,61493,61503,10
13.0134401321,80.2050323486,61503,61513,10
13.013299942,80.2055282593,61513,61522,9
13.0131502151,80.2060089111,61522,61532,10
13.0130300522,80.2066192627,61532,61542,10
13.0129995346,80.2071609497,61542,61553,11
13.0129203796,80.2077407837,61553,61563,10
13.0128898621,80.2080535889,61563,61574,11
13.0129003525,80.2085266113,61574,61584,10
13.0129299164,80.2088775635,61584,61594,10
13.0130596161,80.2094268799,61594,61604,10
13.0132398605,80.2098999023,61604,61614,10
13.0131597519,80.2103805542,61614,61624,10
13.0129995346,80.2110214233,61624,61634,10
13.0126895905,80.2116470337,61634,61644,10
13.0124101639,80.212097168,61644,61654,10
13.0120897293,80.212562561,61654,61664,10
13.011879921,80.2128295898,61664,61674,10
13.0116500854,80.2127304077,61674,61684,10
13.0113096237,80.2124710083,61684,61695,11
13.0107498169,80.2120437622,61695,61705,10
13.0102901459,80.2116928101,61705,61715,10
13.0097799301,80.2113037109,61715,61755,40
13.0094804764,80.2110977173,61755,61805,50
13.0094804764,80.2110977173,61805,61816,11
13.0092697144,80.211151123,61816,61826,10
13.0090703964,80.2114334106,61826,61836,10
13.009059906,80.211769104,61836,61846,10
13.0092000961,80.2122192383,61846,61856,10
13.0094003677,80.2127685547,61856,61866,10
13.0096101761,80.2132873535,61866,61876,10
13.0098304749,80.2138290405,61876,61886,10
13.0100698471,80.2144088745,61886,61896,10
13.010219574,80.2151184082,61896,61906,10
13.0103998184,80.2159805298,61906,61916,10
13.0108098984,80.2168731689,61916,61927,11
13.0112695694,80.2178878784,61927,61937,10
13.0116195679,80.2188720703,61937,61947,10
13.0119600296,80.2198867798,61947,61957,10
13.0122699738,80.2208633423,61957,61967,10
13.0125303268,80.2216796875,61967,61977,10
13.0129699707,80.2222595215,61977,61987,10
13.0136003494,80.2229919434,61987,61997,10
13.0141201019,80.2236175537,61997,62007,10
13.0145797729,80.2241668701,62007,62017,10
13.014960289,80.2245864868,62017,62027,10
13.0150403976,80.2246704102,62027,62037,10
13.0153102875,80.2249832153,62037,62048,11
13.0154800415,80.2254714966,62048,62058,10
13.0153303146,80.2257919312,62058,62068,10
13.0152797699,80.2258300781,62068,62078,10
13.0149297714,80.225982666,62078,62088,10
13.0143604279,80.2261962891,62088,62098,10
13.0136995316,80.2264633179,62098,62108,10
13.0129699707,80.2267532349,62108,62118,10
13.0121202469,80.2270736694,62118,62128,10
13.011179924,80.2274475098,62128,62138,10
13.0101900101,80.2278366089,62138,62148,10
13.0095396042,80.2277832031,62148,62158,10
13.0096998215,80.2272033691,62158,62169,11
13.0100498199,80.2264328003,62169,62179,10
13.0103597641,80.2256469727,62179,62189,10
13.0106697083,80.2249069214,62189,62199,10
13.0108995438,80.2244033813,62199,62209,10
13.0110902786,80.2238998413,62209,62219,10
13.0111598969,80.2237167358,62219,62229,10
13.0112895966,80.2233963013,62229,62239,10
13.0111398697,80.2231216431,62239,62249,10
13.0106401443,80.222869873,62249,62259,10
13.010020256,80.2225418091,62259,62269,10
13.0093603134,80.2221679688,62269,62279,10
13.0086202621,80.2217712402,62279,62290,11
13.0077600479,80.2212982178,62290,62300,10
13.0069999695,80.2209014893,62300,62310,10
13.0061302185,80.2205886841,62310,62320,10
13.00522995,80.2203826904,62320,62330,10
13.0045795441,80.2201919556,62330,62340,10
13.0036001205,80.2200012207,62340,62350,10
13.0027799606,80.2197113037,62350,62359,9
13.0021495819,80.2192001343,62359,62369,10
13.0016098022,80.2186203003,62369,62380,11
13.0009498596,80.2181472778,62380,62390,10
13.0003404617,80.2177429199,62390,62400,10
12.9996595383,80.217300415,62400,62411,11
12.9988203049,80.2168884277,62411,62421,10
12.9980201721,80.2165985107,62421,62431,10
12.997469902,80.2165374756,62431,62451,20
12.997469902,80.2165374756,62451,62461,10
12.9972200394,80.2165603638,62461,62471,10
12.9967403412,80.2165679932,62471,62481,10
12.9961595535,80.2166519165,62481,62491,10
12.9956302643,80.2167892456,62491,62501,10
12.9953203201,80.2169265747,62501,62511,10
12.9951095581,80.217048645,62511,62522,11
12.9949197769,80.2171783447,62522,62532,10
12.994600296,80.2174072266,62532,62542,10
12.9941997528,80.2177124023,62542,62552,10
12.9938201904,80.2179794312,62552,62562,10
12.9933099747,80.2183380127,62562,62572,10
12.9927997589,80.2187271118,62572,62582,10
12.9921998978,80.2191619873,62582,62598,16
12.991350174,80.219581604,62598,62610,12
12.9909200668,80.2194213867,62610,62618,8
12.9907798767,80.2193603516,62618,62630,12
12.990240097,80.2191619873,62630,62641,11
12.9894695282,80.2189025879,62641,62651,10
12.9886398315,80.2186279297,62651,62661,10
12.9878797531,80.2184371948,62661,62670,9
12.9872198105,80.2183380127,62670,62681,11
12.9870500565,80.2183074951,62681,62692,11
12.9870004654,80.2182998657,62692,62702,10
12.986579895,80.2181930542,62702,62712,10
12.9859800339,80.2180328369,62712,62722,10
12.9851799011,80.217956543,62722,62732,10
12.9844903946,80.2179718018,62732,62742,10
12.984000206,80.2180023193,62742,62753,11
12.9839801788,80.2180023193,62753,62763,10
12.9836797714,80.2180175781,62763,62772,9
12.9831695557,80.2180175781,62772,62783,11
12.9823598862,80.2180099487,62783,62793,10
12.9815196991,80.2180786133,62793,62803,10
12.9806804657,80.2183303833,62803,62813,10
12.9799003601,80.2186203003,62813,62823,10
12.9793195724,80.2188568115,62823,62833,10
12.9787397385,80.219078064,62833,62843,10
12.9782600403,80.2192687988,62843,62853,10
12.9775800705,80.2195587158,62853,62863,10
12.9767799377,80.2199020386,62863,62874,11
12.9759197235,80.2202911377,62874,62884,10
12.9756402969,80.2204589844,62884,62924,40
12.9756402969,80.2204589844,62924,62934,10
12.9754896164,80.2205581665,62934,62944,10
12.9755496979,80.2208099365,62944,62954,10
12.9758701324,80.2211380005,62954,62963,9
12.9761800766,80.2215576172,62963,62974,11
12.9764003754,80.2219009399,62974,62995,21
12.9764003754,80.2219009399,62995,63005,10
12.9764900208,80.2220230103,63005,63015,10
12.9767103195,80.2223815918,63015,63025,10
12.9770498276,80.2229614258,63025,63034,9
12.9774503708,80.2235870361,63034,63045,11
12.9779500961,80.2243881226,63045,63054,9
12.9784498215,80.2251968384,63054,63064,10
12.9786100388,80.225440979,63064,63075,11
12.9787998199,80.2257537842,63075,63085,10
12.9791002274,80.2262573242,63085,63095,10
12.9794797897,80.226890564,63095,63106,11
12.9799203873,80.2276229858,63106,63116,10
12.9802999496,80.2282333374,63116,63126,10
12.9806203842,80.2287902832,63126,63136,10
12.9809799194,80.2294082642,63136,63146,10
12.9813804626,80.2300415039,63146,63156,10
12.9817304611,80.2305831909,63156,63166,10
12.9817399979,80.2305908203,63166,63176,10
12.9818296432,80.230796814,63176,63186,10
12.9819898605,80.2312393188,63186,63196,10
12.9820804596,80.231880188,63196,63206,10
12.9820699692,80.2322921753,63206,63216,10
12.9819803238,80.2328033447,63216,63227,11
12.9817399979,80.2333679199,63227,63237,10
12.9816303253,80.2335968018,63237,63253,16
12.9813995361,80.2340621948,63253,63265,12
12.9812402725,80.234916687,63265,63275,10
12.9812602997,80.2356033325,63275,63285,10
12.981300354,80.2366867065,63285,63295,10
12.9813203812,80.2376022339,63295,63305,10
12.9813404083,80.2384033203,63305,63315,10
12.9813604355,80.2387466431,63315,63325,10
12.9813604355,80.2389907837,63325,63336,11
12.9813604355,80.2395172119,63336,63346,10
12.9813699722,80.239692688,63346,63356,10
12.9813804626,80.2398223877,63356,63366,10
12.9813899994,80.2401885986,63366,63376,10
12.9814100266,80.2407989502,63376,63386,10
12.9814195633,80.241569519,63386,63396,10
12.9814300537,80.2423477173,63396,63406,10
12.9814195633,80.2429199219,63406,63416,10
12.9814300537,80.2429275513,63416,63426,10
12.9814500809,80.2431869507,63426,63467,41
12.9814500809,80.2431869507,63467,63477,10
12.9814395905,80.243347168,63477,63487,10
12.9814195633,80.243637085,63487,63503,16
12.9812803268,80.2445678711,63503,63515,12
12.9811296463,80.245552063,63515,63525,10
12.9810400009,80.246307373,63525,63535,10
12.980919838,80.2475585938,63535,63545,10
12.9808397293,80.2485733032,63545,63555,10
12.9807596207,80.2496032715,63555,63565,10
12.9805402756,80.250617981,63565,63576,11
12.9802799225,80.251663208,63576,63586,10
12.9801502228,80.252243042,63586,63595,9
12.9801301956,80.2523269653,63595,63606,11
12.9801101685,80.2523803711,63606,63616,10
12.9801902771,80.2525634766,63616,63656,40
12.9801902771,80.2525634766,63656,63666,10
12.9802398682,80.2525863647,63666,63676,10
12.9804801941,80.2526702881,63676,63686,10
12.9810400009,80.2526397705,63686,63697,11
12.9817495346,80.2526168823,63697,63838,141
12.9817495346,80.2526168823,63838,63848,10
12.9821195602,80.2525863647,63848,63858,10
12.9827098846,80.2525482178,63858,63868,10
12.98320961,80.2525024414,63868,63878,10
12.9834804535,80.2524719238,63878,64009,131
12.9834804535,80.2524719238,64009,64019,10
12.9837999344,80.2523880005,64019,64029,10
12.9843196869,80.2522583008,64029,64040,11
12.985250473,80.2520065308,64040,64181,141
12.985250473,80.2520065308,64181,64191,10
12.9853096008,80.251991272,64191,64201,10
12.9856700897,80.2518997192,64201,64211,10
12.9861698151,80.2517700195,64211,64221,10
12.9867401123,80.2516403198,64221,64230,9
12.9872999191,80.2514724731,64230,64352,122
12.9872999191,80.2514724731,64352,64362,10
12.9875097275,80.251411438,64362,64372,10
12.9878902435,80.2514724731,64372,64382,10
12.9879903793,80.2519302368,64382,64393,11
12.9880599976,80.2523880005,64393,64403,10
12.9880504608,80.2524871826,64403,64413,10
12.9879999161,80.2530593872,64413,64423,10
12.9879102707,80.2538528442,64423,64433,10
12.9878501892,80.2545776367,64433,64443,10
12.987859726,80.254699707,64443,64453,10
12.9878501892,80.2547531128,64453,64463,10
12.9877996445,80.2551193237,64463,64473,10
12.987739563,80.255607605,64473,64483,10
12.9876804352,80.2560882568,64483,64493,10
12.9876499176,80.2563781738,64493,64503,10
12.9876403809,80.2564697266,64503,64514,11
12.9875802994,80.2568664551,64514,64524,10
12.9875297546,80.2574768066,64524,64534,10
12.9874801636,80.258140564,64534,64544,10
12.9874401093,80.2586669922,64544,64554,10
12.9873800278,80.2592010498,64554,64564,10
12.9872503281,80.2595901489,64564,64584,20
12.9872503281,80.2595901489,64584,64594,10
12.9871501923,80.2596511841,64594,64604,10
12.986749649,80.2595977783,64604,65552,948
12.986749649,80.2595977783,65552,65563,11
12.9865903854,80.2594223022,65563,65573,10
12.9866199493,80.2591400146,65573,65613,40
12.9866199493,80.2591400146,65613,65623,10
12.9868497849,80.2590866089,65623,65633,10
12.986989975,80.2591400146,65633,65653,20
12.986989975,80.2591400146,65653,65663,10
12.9872198105,80.2591400146,65663,65673,10
12.9872598648,80.2591400146,65673,65684,11
12.9873800278,80.2589569092,65684,65714,30
12.9873800278,80.2589569092,65714,65724,10
12.9873895645,80.2584915161,65724,65734,10
12.9874000549,80.2583465576,65734,65744,10
12.9874296188,80.2580337524,65744,65754,10
12.9874801636,80.2574996948,65754,65764,10
12.9875402451,80.2568588257,65764,65774,10
12.9876003265,80.2564086914,65774,65815,41
12.9876003265,80.2564086914,65815,65825,10
12.9876098633,80.2560195923,65825,65835,10
12.9877004623,80.2556381226,65835,65845,10
12.9877500534,80.2550201416,65845,65855,10
12.9877595901,80.2548370361,65855,65865,10
12.9877700806,80.2547302246,65865,65875,10
12.9878101349,80.2542800903,65875,65885,10
12.9878396988,80.2536087036,65885,65895,10
12.9878902435,80.2528381348,65895,65905,10
12.9879102707,80.2524490356,65905,65916,11
12.9878997803,80.2521972656,65916,65926,10
12.9878702164,80.2520828247,65926,65936,10
12.9877996445,80.2517318726,65936,65966,30
12.9877996445,80.2517318726,65966,65976,10
12.987569809,80.2515716553,65976,65986,10
12.9872999191,80.2516479492,65986,65996,10
12.9869098663,80.2517089844,65996,66006,10
12.9863796234,80.2518463135,66006,66016,10
12.9857997894,80.251991272,66016,66026,10
12.9851198196,80.252166748,66026,66037,11
12.9843301773,80.2523880005,66037,66047,10
12.9835996628,80.2525787354,66047,66057,10
12.9828500748,80.2526931763,66057,66067,10
12.9820404053,80.2527313232,66067,66077,10
12.9812297821,80.252746582,66077,66093,16
12.9801797867,80.2527770996,66093,66105,12
12.9798698425,80.2525863647,66105,66115,10
12.9799098969,80.2523117065,66115,66146,31
12.9799098969,80.2523117065,66146,66156,10
12.9799203873,80.2521286011,66156,66166,10
12.9799404144,80.2519683838,66166,66175,9
12.9800300598,80.251739502,66175,66186,11
12.9801902771,80.2512588501,66186,66196,10
12.9803600311,80.2506790161,66196,66206,10
12.9805202484,80.250038147,66206,66216,10
12.9806499481,80.2493362427,66216,66226,10
12.9806995392,80.2486190796,66226,66236,10
12.9807500839,80.2478713989,66236,66245,9
12.9808197021,80.2471923828,66245,66256,11
12.9808998108,80.246307373,66256,66267,11
12.981010437,80.2453918457,66267,66277,10
12.9811000824,80.2445602417,66277,66287,10
12.9811601639,80.2438964844,66287,66297,10
12.9813098907,80.2434463501,66297,66336,39
12.9813098907,80.2434463501,66336,66347,11
12.9812898636,80.2432785034,66347,66377,30
12.9812898636,80.2432785034,66377,66388,11
12.9812803268,80.2431030273,66388,66499,111
12.9812803268,80.2431030273,66499,66519,20
12.9813203812,80.242729187,66519,66529,10
12.9813299179,80.2425231934,66529,66539,10
12.9813203812,80.2423324585,66539,66548,9
12.9813203812,80.2422027588,66548,66559,11
12.9813098907,80.2420196533,66559,66569,10
12.9813203812,80.2417297363,66569,66589,20
12.9813203812,80.2417297363,66589,66599,10
12.9813203812,80.2416534424,66599,66609,10
12.9813203812,80.2414932251,66609,66620,11
12.9813299179,80.2413864136,66620,66630,10
12.9813299179,80.2412033081,66630,66731,101
12.9813098907,80.2407913208,66731,66781,50
12.9813098907,80.2407913208,66781,66791,10
12.9812898636,80.2405471802,66791,66831,40
12.9812898636,80.2405471802,66831,66841,10
12.9812898636,80.2402191162,66841,66852,11
12.9812803268,80.2399673462,66852,66862,10
12.9812803268,80.2398834229,66862,66872,10
12.9812803268,80.239692688,66872,66882,10
12.9812602997,80.2393875122,66882,66892,10
12.9812602997,80.2391967773,66892,66932,40
12.9812602997,80.2391967773,66932,66942,10
12.9812297821,80.2390289307,66942,66952,10
12.9812202454,80.238899231,66952,67043,91
12.9812202454,80.2384872437,67043,67084,41
12.9812202454,80.2384872437,67084,67094,10
12.9812297821,80.2380905151,67094,67144,50
12.9812297821,80.2380905151,67144,67154,10
12.9812202454,80.2379226685,67154,67164,10
12.9812202454,80.2378005981,67164,67174,10
12.9812002182,80.237449646,67174,67184,10
12.9811897278,80.2370071411,67184,67194,10
12.981180191,80.2366027832,67194,67205,11
12.981180191,80.236541748,67205,67215,10
12.981180191,80.2363586426,67215,67225,10
12.9811697006,80.2362289429,67225,67235,10
12.981180191,80.2361221313,67235,67245,10
12.9811601639,80.2358322144,67245,67255,10
12.9811601639,80.2356796265,67255,67265,10
12.9811601639,80.235496521,67265,67275,10
12.9811601639,80.2352905273,67275,67285,10
12.9811496735,80.235206604,67285,67295,10
12.9811496735,80.2350997925,67295,67305,10
12.9811496735,80.2348937988,67305,67326,21
12.9811496735,80.2348937988,67326,67336,10
12.9811496735,80.2346801758,67336,67352,16
12.9811601639,80.2345581055,67352,67365,13
12.9812002182,80.2342834473,67365,67375,10
12.9813203812,80.2339324951,67375,67456,81
12.9813203812,80.2339324951,67456,67466,10
12.9815502167,80.2334976196,67466,67496,30
12.9815502167,80.2334976196,67496,67506,10
12.9816198349,80.2333602905,67506,67516,10
12.9816398621,80.2333221436,67516,67526,10
12.9816799164,80.2332229614,67526,67536,10
12.9817695618,80.2330169678,67536,67547,11
12.9818601608,80.2328186035,67547,67557,10
12.9819097519,80.2326507568,67557,67567,10
12.9819803238,80.2322921753,67567,67597,30
12.9819803238,80.2322921753,67597,67607,10
12.9819402695,80.232208252,67607,67617,10
12.9819402695,80.2318878174,67617,67627,10
12.9819097519,80.2314605713,67627,67637,10
12.9818000793,80.2309875488,67637,67647,10
12.9815998077,80.2305908203,67647,67657,10
12.9812898636,80.2300796509,67657,67668,11
12.980890274,80.2294464111,67668,67678,10
12.9807596207,80.2292404175,67678,67688,10
12.980629921,80.2290420532,67688,67708,20
12.980629921,80.2290420532,67708,67718,10
12.9804601669,80.228767395,67718,67728,10
12.9802799225,80.2284088135,67728,67738,10
12.9801397324,80.2281036377,67738,67748,10
12.9798803329,80.2276611328,67748,67758,10
12.9795598984,80.227142334,67758,67768,10
12.9792098999,80.2265396118,67768,67778,10
12.9788103104,80.2258987427,67778,67789,11
12.9784202576,80.2252502441,67789,67799,10
12.9780797958,80.2247009277,67799,67809,10
12.977809906,80.2243499756,67809,67819,10
12.9775295258,80.2238693237,67819,67829,10
12.9771795273,80.2232971191,67829,67839,10
12.9769496918,80.22290802,67839,67849,10
12.976940155,80.2228775024,67849,67859,10
12.9768400192,80.2227401733,67859,67869,10
12.976650238,80.2224273682,67869,67879,10
12.9764003754,80.2220306396,67879,67889,10
12.9762401581,80.221786499,67889,67900,11
12.9760503769,80.2215270996,67900,67910,10
12.9757404327,80.2211685181,67910,67960,50
12.9757404327,80.2211685181,67960,67970,10
12.9755001068,80.2209701538,67970,67980,10
12.9753103256,80.2208023071,67980,67990,10
12.9753503799,80.2205963135,67990,68000,10
12.9754800797,80.2204818726,68000,68011,11
12.9756603241,80.2203216553,68011,68021,10
12.9760103226,80.2201766968,68021,68031,10
12.9765396118,80.2199478149,68031,68041,10
12.9770898819,80.2197418213,68041,68051,10
12.9776601791,80.2194976807,68051,68061,10
12.9782896042,80.2192382813,68061,68071,10
12.9787502289,80.219078064,68071,68081,10
12.9793100357,80.2188568115,68081,68091,10
12.9798498154,80.2186431885,68091,68101,10
12.980340004,80.218421936,68101,68111,10
12.9809799194,80.2181777954,68111,68142,31
12.9812402725,80.2180404663,68142,68162,20
12.9814796448,80.2179718018,68162,68182,20
12.9814796448,80.2179718018,68182,68192,10
12.9817399979,80.217956543,68192,68232,40
12.9821300507,80.217918396,68232,68253,21
12.9821300507,80.217918396,68253,68263,10
12.9823598862,80.217918396,68263,68273,10
12.9826898575,80.217918396,68273,68283,10
12.9832296371,80.2179336548,68283,68293,10
12.9837503433,80.2179336548,68293,68313,20
12.9837503433,80.2179336548,68313,68323,10
12.9840602875,80.2179794312,68323,68333,10
12.9843997955,80.2179718018,68333,68343,10
12.9848899841,80.2179412842,68343,68353,10
12.9855604172,80.2179489136,68353,68364,11
12.9863004684,80.2181015015,68364,68373,9
12.9868202209,80.2182235718,68373,68383,10
12.9873504639,80.2182922363,68383,68394,11
12.9874000549,80.2182998657,68394,68404,10
12.9875097275,80.2183532715,68404,68414,10
12.9879302979,80.218460083,68414,68424,10
12.988530159,80.2185974121,68424,68434,10
12.9891796112,80.218788147,68434,68444,10
12.9897403717,80.2189712524,68444,68454,10
12.9903898239,80.2191696167,68454,68464,10
12.9911003113,80.2193832397,68464,68474,10
12.9916200638,80.2194824219,68474,68485,11
12.9921398163,80.2191619873,68485,68495,10
12.9926996231,80.2187576294,68495,68505,10
12.9932203293,80.2183532715,68505,68515,10
12.9938802719,80.217880249,68515,68525,10
12.9943704605,80.2175216675,68525,68534,9
12.9947299957,80.2172622681,68534,68545,11
12.9948501587,80.2171783447,68545,68555,10
12.9951601028,80.2169876099,68555,68565,10
12.9956598282,80.216758728,68565,68575,10
12.9962701797,80.2166290283,68575,68585,10
12.9968795776,80.2165374756,68585,68596,11
12.9972896576,80.2163391113,68596,68606,10
12.9975404739,80.2161178589,68606,68616,10
12.9975595474,80.2161102295,68616,68626,10
12.9976396561,80.2160415649,68626,68636,10
12.9979295731,80.2157974243,68636,68646,10
12.9983596802,80.2154388428,68646,68656,10
12.9988603592,80.2150115967,68656,68666,10
12.9991798401,80.2147369385,68666,68676,10
12.9995002747,80.2144393921,68676,68686,10
12.999879837,80.2141036987,68686,68696,10
13.0002603531,80.213760376,68696,68706,10
13.0006999969,80.2133789063,68706,68717,11
13.001159668,80.2130203247,68717,68727,10
13.0015697479,80.2127075195,68727,68737,10
13.0020103455,80.2124099731,68737,68747,10
13.0025196075,80.2121810913,68747,68757,10
13.0029802322,80.2121276855,68757,68767,10
13.0034704208,80.2120819092,68767,68777,10
13.0035896301,80.2120132446,68777,68787,10
13.003660202,80.2118530273,68787,68797,10
13.0036401749,80.2114334106,68797,68807,10
13.0036001205,80.2108612061,68807,68817,10
13.0035400391,80.2103805542,68817,68828,11
13.003490448,80.2099533081,68828,68838,10
13.003490448,80.2095184326,68838,68848,10
13.0035896301,80.2090530396,68848,68858,10
13.0038900375,80.2086410522,68858,68868,10
13.0045604706,80.2089080811,68868,68878,10
13.0053195953,80.2092590332,68878,68888,10
13.0060195923,80.2095108032,68888,68898,10
13.0063695908,80.2096176147,68898,68908,10
13.0066003799,80.2097167969,68908,68918,10
13.0070400238,80.2098083496,68918,68928,10
13.0074100494,80.2098922729,68928,68949,21
13.0074100494,80.2098922729,68949,68959,10
13.0077495575,80.2099761963,68959,68969,10
13.0081300735,80.2100372314,68969,68979,10
13.0081195831,80.2096862793,68979,68989,10
13.0079803467,80.2090606689,68989,68999,10
13.0078601837,80.2082672119,68999,69009,10
13.0077400208,80.2074279785,69009,69019,10
13.007610321,80.2066802979,69019,69029,10
13.007519722,80.2059173584,69029,69039,10
13.0074701309,80.2052612305,69039,69049,10
13.0074796677,80.2047424316,69049,69059,10
13.0074596405,80.2042922974,69059,69070,11
13.0074100494,80.2036972046,69070,69079,9
13.0072603226,80.2029571533,69079,69090,11
13.0066604614,80.2026367188,69090,69100,10
13.0065498352,80.2032012939,69100,69110,10
13.0069198608,80.2034683228,69110,69120,10
13.0073299408,80.2036514282,69120,69130,10
13.0078802109,80.2037506104,69130,69139,9
13.0085296631,80.203742981,69139,69150,11
13.0095100403,80.2036819458,69150,69160,10
13.0105495453,80.203666687,69160,69170,10
13.0115804672,80.2037582397,69170,69181,11
13.0126304626,80.2039413452,69181,69191,10
13.0133800507,80.2041320801,69191,69201,10
13.0138597488,80.2043075562,69201,69211,10
13.0143604279,80.2044677734,69211,69221,10
13.0149297714,80.2046432495,69221,69231,10
13.0149698257,80.2046585083,69231,69241,10
13.015080452,80.2046966553,69241,69251,10
13.0154304504,80.2048187256,69251,69261,10
13.0160198212,80.2050018311,69261,69271,10
13.0164403915,80.205116272,69271,69281,10
13.0167198181,80.2051467896,69281,69291,10
13.0170001984,80.2052001953,69291,69302,11
13.0172195435,80.205368042,69302,69312,10
13.0174503326,80.2054901123,69312,69322,10
13.0178499222,80.2056274414,69322,69332,10
13.0183897018,80.2058181763,69332,69342,10
13.0187797546,80.2059631348,69342,69352,10
13.0187797546,80.2059707642,69352,69362,10
13.0189304352,80.2060394287,69362,69372,10
13.0193395615,80.2061691284,69372,69382,10
13.0199403763,80.2062835693,69382,69392,10
13.0207004547,80.2063064575,69392,69402,10
13.0214195251,80.2063064575,69402,69413,11
13.0214996338,80.2063064575,69413,69423,10
13.0216798782,80.2063369751,69423,69433,10
13.0220603943,80.2063827515,69433,69443,10
13.0225696564,80.206451416,69443,69453,10
13.0233001709,80.2065811157,69453,69463,10
13.0238895416,80.2066574097,69463,69473,10
13.0240697861,80.2066726685,69473,69483,10
13.0242204666,80.2067108154,69483,69493,10
13.0243797302,80.2067565918,69493,69503,10
13.0248203278,80.2068786621,69503,69513,10
13.02546978,80.2070770264,69513,69523,10
13.0261201859,80.2073822021,69523,69534,11
13.026720047,80.2077407837,69534,69544,10
13.0273199081,80.2080917358,69544,69554,10
13.0279998779,80.2084579468,69554,69564,10
13.028670311,80.2086791992,69564,69574,10
13.0291099548,80.2087936401,69574,69584,10
13.0296401978,80.2089080811,69584,69594,10
13.0300302505,80.2089996338,69594,69610,16
13.0300397873,80.2089996338,69610,69622,12
13.0301504135,80.2089996338,69622,69632,10
13.0304899216,80.2090988159,69632,69642,10
13.0309896469,80.2092514038,69642,69652,10
13.03166008,80.2094421387,69652,69673,21
13.03166008,80.2094421387,69673,69683,10
13.0319595337,80.2095413208,69683,69693,10
13.032409668,80.2096328735,69693,69703,10
13.0330400467,80.2097625732,69703,69713,10
13.0336198807,80.2099227905,69713,69723,10
13.034239769,80.2100524902,69723,69733,10
13.0348901749,80.2101593018,69733,69743,10
13.0349702835,80.2105636597,69743,69753,10
13.0349502563,80.2110214233,69753,69763,10
13.0349798203,80.2113265991,69763,69784,21
13.0349798203,80.2113265991,69784,69794,10
13.0349197388,80.2116394043,69794,69814,20
13.0349197388,80.2116394043,69814,69824,10
13.034910202,80.2117385864,69824,69840,16
13.0348701477,80.212020874,69840,69852,12
13.0350198746,80.2122192383,69852,69860,8
13.035320282,80.212272644,69860,69872,12
13.0358400345,80.2123031616,69872,69882,10
13.0361795425,80.2123184204,69882,69892,10
13.0364198685,80.2123184204,69892,69903,11
13.0366697311,80.212348938,69903,69913,10
13.0370197296,80.2123413086,69913,69923,10
13.0374698639,80.212348938,69923,69933,10
13.0382604599,80.212348938,69933,69943,10
13.0390701294,80.2123413086,69943,69953,10
13.0397396088,80.2123184204,69953,69963,10
13.0404701233,80.2123031616,69963,69973,10
13.0413198471,80.2122879028,69973,69983,10
13.0421800613,80.2122802734,69983,69993,10
13.0431203842,80.212272644,69993,70104,111
13.0431203842,80.212272644,70104,70115,11
13.0432300568,80.2123184204,70115,70125,10
13.0435600281,80.212310791,70125,70135,10
13.0438604355,80.2123031616,70135,70145,10
13.0441398621,80.2122879028,70145,70155,10
13.0443496704,80.2122879028,70155,70165,10
13.0446596146,80.2122802734,70165,70175,10
13.0452299118,80.2122802734,70175,70185,10
13.0459699631,80.2122573853,70185,70195,10
13.0467195511,80.2122421265,70195,70205,10
13.0474395752,80.2121810913,70205,70215,10
13.0480604172,80.2121124268,70215,70225,10
13.0484104156,80.212059021,70225,70246,21
13.0484104156,80.212059021,70246,70256,10
13.048620224,80.2120437622,70256,70266,10
13.0487804413,80.212020874,70266,70276,10
13.0489597321,80.2120285034,70276,70286,10
13.0491600037,80.2120285034,70286,70357,71
13.0491600037,80.2120285034,70357,70367,10
13.0493297577,80.2120437622,70367,70377,10
13.0496101379,80.2120437622,70377,70387,10
13.0498199463,80.2120132446,70387,70397,10
13.0498304367,80.2120132446,70397,70407,10
13.0500402451,80.2119598389,70407,70417,10
13.0503101349,80.2119903564,70417,70427,10
13.0506896973,80.2120819092,70427,70437,10
13.0511598587,80.2121810913,70437,70447,10
13.0520296097,80.2120819092,70447,70457,10
13.0527601242,80.2118988037,70457,70468,11
13.0536603928,80.2116394043,70468,70478,10
13.0544099808,80.2114562988,70478,70518,40
13.0544099808,80.2114562988,70518,70528,10
13.0548801422,80.2114486694,70528,70538,10
13.0554704666,80.2114562988,70538,70548,10
13.0563001633,80.2114715576,70548,70558,10
13.0571699142,80.2114486694,70558,70568,10
13.0577096939,80.2114181519,70568,70579,11
13.0577602386,80.2114334106,70579,70589,10
13.0581703186,80.21144104,70589,70599,10
13.0587997437,80.2114562988,70599,70609,10
13.0595197678,80.2115097046,70609,70619,10
13.0603303909,80.2115631104,70619,70629,10
13.0611896515,80.2115936279,70629,70639,10
13.0620298386,80.2116088867,70639,70649,10
13.0631799698,80.2115402222,70649,70669,20
13.0631799698,80.2115402222,70669,70679,10
13.0632801056,80.2115402222,70679,70689,10
13.063659668,80.211517334,70689,70700,11
13.064330101,80.2114181519,70700,70710,10
13.0650196075,80.2110824585,70710,70719,9
13.0656499863,80.210609436,70719,70730,11
13.0663499832,80.2100219727,70730,70740,10
13.0669698715,80.2093429565,70740,70750,10
13.067199707,80.2089233398,70750,70760,10
13.0674200058,80.2085571289,70760,70770,10
13.0677700043,80.2080001831,70770,70780,10
13.0680999756,80.2074813843,70780,70790,10
13.0686101913,80.2067337036,70790,70800,10
13.0689296722,80.2062530518,70800,70810,10
13.0691299438,80.2059173584,70810,70831,21
13.0691299438,80.2059173584,70831,70841,10
13.0693101883,80.2056427002,70841,70851,10
13.0694904327,80.205329895,70851,70861,10
13.0696401596,80.2050704956,70861,70871,10
13.0694599152,80.2048492432,70871,70881,10
13.0691995621,80.2051010132,70881,70891,10
13.0689296722,80.205406189,70891,70901,10
13.0686998367,80.2052993774,70901,70911,10
13.0680704117,80.205329895,70911,71234,323
13.0680704117,80.205329895,71234,71244,10
13.0680103302,80.2050323486,71244,71254,10
13.0682001114,80.2049865723,71254,71274,20
13.0682001114,80.2049865723,71274,71285,11
13.0686101913,80.2048568726,71285,71385,100
13.0689601898,80.2047729492,71385,71416,31
13.0689601898,80.2047729492,71416,71426,10
13.0692195892,80.2048034668,71426,71436,10
13.0695199966,80.2048416138,71436,71446,10
13.0697202682,80.2049484253,71446,71486,40
13.0697202682,80.2049484253,71486,71496,10
13.0698604584,80.2052612305,71496,71506,10
13.0696001053,80.2056274414,71506,71517,11
13.0691900253,80.206237793,71517,71527,10
13.0687599182,80.2069091797,71527,71537,10
13.0683002472,80.2076416016,71537,71547,10
13.067899704,80.2082519531,71547,71557,10
13.0676403046,80.2086868286,71557,71567,10
13.0672998428,80.209197998,71567,71577,10
13.0668497086,80.2098083496,71577,71587,10
13.0662698746,80.2103424072,71587,71597,10
13.0656604767,80.2108535767,71597,71607,10
13.0651798248,80.2112503052,71607,71617,10
13.0650396347,80.2113571167,71617,71628,11
13.0648803711,80.2114562988,71628,71638,10
13.0644197464,80.2116088867,71638,71648,10
13.0638198853,80.2117614746,71648,71658,10
13.0633296967,80.2117919922,71658,71668,10
13.0626401901,80.2118377686,71668,71678,10
13.0619697571,80.2117614746,71678,71688,10
13.0610399246,80.2117614746,71688,71698,10
13.0599603653,80.2117614746,71698,71708,10
13.0589399338,80.2117385864,71708,71718,10
13.0581598282,80.2117004395,71718,71728,10
13.0577096939,80.2117004395,71728,71738,10
13.0576696396,80.2117004395,71738,71749,11
13.057299614,80.2116928101,71749,71759,10
13.0567598343,80.2116775513,71759,71769,10
13.0560598373,80.2116470337,71769,71779,10
13.0552597046,80.2116317749,71779,71789,10
13.0544395447,80.2116470337,71789,71799,10
13.0535898209,80.2118225098,71799,71809,10
13.0526800156,80.212059021,71809,71820,11
13.0518503189,80.212272644,71820,71830,10
13.0509700775,80.2122192383,71830,71840,10
13.0499200821,80.2122116089,71840,71881,41
13.0499200821,80.2122116089,71881,71891,10
13.0497903824,80.2122802734,71891,71901,10
13.0496101379,80.2122879028,71901,71911,10
13.0494804382,80.2122802734,71911,71921,10
13.0494699478,80.2122802734,71921,71931,10
13.0493898392,80.2122497559,71931,71941,10
13.0490903854,80.2122421265,71941,71951,10
13.0486097336,80.2122573853,71951,71961,10
13.0479402542,80.212310791,71961,71971,10
13.0471200943,80.2123794556,71971,71982,11
13.0466003418,80.2123794556,71982,72181,199
13.0466003418,80.2123794556,72181,72191,10
13.046330452,80.2124328613,72191,72201,10
13.0460500717,80.2124404907,72201,72211,10
13.0457401276,80.2124481201,72211,72222,11
13.0452804565,80.2124786377,72222,72232,10
13.0448999405,80.2125015259,72232,72242,10
13.0445995331,80.2125015259,72242,72252,10
13.0443096161,80.2125015259,72252,72262,10
13.043800354,80.2124710083,72262,72272,10
13.0430603027,80.2124786377,72272,72282,10
13.0422201157,80.2124710083,72282,72292,10
13.0413503647,80.2124633789,72292,72302,10
13.0404195786,80.2124710083,72302,72312,10
13.0398597717,80.2124862671,72312,72322,10
13.0394201279,80.2125015259,72322,72332,10
13.0380897522,80.2124786377,72332,72361,29
13.0380897522,80.2124786377,72361,72369,8
13.0378799438,80.2125015259,72369,72381,12
13.0374898911,80.2124862671,72381,72391,10
13.0368700027,80.2124710083,72391,72401,10
13.036190033,80.2124481201,72401,72411,10
13.0354995728,80.2124176025,72411,72441,30
13.0354995728,80.2124176025,72441,72452,11
13.0350799561,80.2123565674,72452,72462,10
13.034819603,80.2123184204,72462,72472,10
13.0346603394,80.2122802734,72472,72482,10
13.0344800949,80.2122421265,72482,72492,10
13.0342903137,80.2122116089,72492,72502,10
13.0340795517,80.2121810913,72502,72512,10
13.033780098,80.2121276855,72512,72532,20
13.033780098,80.2121276855,72532,72542,10
13.0333595276,80.2120132446,72542,72552,10
13.0327796936,80.2119216919,72552,72562,10
13.032119751,80.211807251,72562,72573,11
13.0319595337,80.2112426758,72573,72583,10
13.031999588,80.2105331421,72583,72593,10
13.0320501328,80.2098236084,72593,72603,10
13.0316095352,80.2095794678,72603,72613,10
13.0309801102,80.2094268799,72613,72623,10
13.0303897858,80.2092819214,72623,72653,30
13.0303897858,80.2092819214,72653,72663,10
13.0300703049,80.2091903687,72663,72673,10
13.029709816,80.2090682983,72673,72684,11
13.0295600891,80.209022522,72684,72694,10
13.029299736,80.2089233398,72694,72704,10
13.0287704468,80.2088012695,72704,72714,10
13.0279998779,80.2085876465,72714,72724,10
13.0273103714,80.2082519531,72724,72734,10
13.0265703201,80.2078094482,72734,72744,10
13.0257902145,80.2073364258,72744,72754,10
13.0249595642,80.2070770264,72754,72764,10
13.0243396759,80.2070007324,72764,72774,10
13.0242996216,80.206993103,72774,72784,10
13.0239696503,80.2069091797,72784,72794,10
13.0234203339,80.20677948,72794,72805,11
13.0226297379,80.2066116333,72805,72815,10
13.0218200684,80.20652771,72815,72825,10
13.0208597183,80.2065200806,72825,72835,10
13.0198202133,80.2065200806,72835,72845,10
13.0191402435,80.206451416,72845,72855,10
13.019080162,80.2063980103,72855,72865,10
13.0187797546,80.2062683105,72865,72875,10
13.0181903839,80.2060775757,72875,72885,10
13.0179100037,80.2060012817,72885,72905,20
13.0179100037,80.2060012817,72905,72915,10
13.0174798965,80.2058181763,72915,72932,17
13.016579628,80.2054595947,72932,72944,12
13.0155696869,80.2051315308,72944,72954,10
13.0148897171,80.2049026489,72954,72964,10
13.0141601563,80.2046432495,72964,72974,10
13.0141201019,80.2046432495,72974,72984,10
13.0137996674,80.204536438,72984,72994,10
13.0137195587,80.2045211792,72994,73004,10
13.0135402679,80.2045516968,73004,73014,10
13.0134401321,80.2048797607,73014,73024,10
13.0132598877,80.2054672241,73024,73035,11
13.0130195618,80.2062606812,73035,73045,10
13.0129404068,80.206993103,73045,73055,10
13.0128898621,80.2076187134,73055,73065,10
13.012840271,80.2079467773,73065,73075,10
13.012840271,80.208442688,73075,73085,10
13.0128602982,80.2087402344,73085,73095,10
13.0129098892,80.2092132568,73095,73105,10
13.0131597519,80.2097473145,73105,73115,10
13.0131196976,80.2102813721,73115,73125,10
13.0129995346,80.210899353,73125,73135,10
13.0127401352,80.211479187,73135,73146,11
13.0124197006,80.212020874,73146,73156,10
13.0121297836,80.2124633789,73156,73166,10
13.0118598938,80.2128372192,73166,73176,10
13.0116596222,80.2128372192,73176,73186,10
13.0113296509,80.212562561,73186,73196,10
13.0108203888,80.2121963501,73196,73206,10
13.0104904175,80.2119598389,73206,73216,10
13.0100402832,80.2115783691,73216,73236,20
13.0100402832,80.2115783691,73236,73246,10
13.0099802017,80.211517334,73246,73256,10
13.0098600388,80.2114334106,73256,73267,11
13.0096998215,80.2113113403,73267,73317,50
13.0093202591,80.2110977173,73317,73337,20
13.0093202591,80.2110977173,73337,73347,10
13.009180069,80.2111968994,73347,73357,10
13.0090999603,80.2113189697,73357,73367,10
13.0089597702,80.2115402222,73367,73378,11
13.0090103149,80.2118682861,73378,73388,10
13.0091600418,80.2123184204,73388,73398,10
13.0093202591,80.2127380371,73398,73408,10
13.0094604492,80.2131195068,73408,73418,10
13.00963974,80.2135772705,73418,73428,10
13.0098400116,80.2140579224,73428,73438,10
13.0100297928,80.2145385742,73438,73448,10
13.0101203918,80.2150192261,73448,73458,10
13.010140419,80.2152862549,73458,73468,10
13.0101900101,80.2156219482,73468,73478,10
13.0103998184,80.2161636353,73478,73488,10
13.0107498169,80.2169189453,73488,73499,11
13.011179924,80.2178726196,73499,73509,10
13.0115299225,80.2188720703,73509,73519,10
13.0118598938,80.2198791504,73519,73529,10
13.012140274,80.2207489014,73529,73539,10
13.0122995377,80.2213821411,73539,73549,10
13.0125799179,80.2219390869,73549,73559,10
13.0130300522,80.2225418091,73559,73569,10
13.0135602951,80.2230987549,73569,73579,10
13.01404953,80.2236862183,73579,73589,10
13.0144796371,80.2242279053,73589,73599,10
13.0148496628,80.2245864868,73599,73609,10
13.0150499344,80.2247924805,73609,73620,11
13.0153102875,80.225151062,73620,73630,10
13.0153999329,80.2255172729,73630,73640,10
13.0152797699,80.2258377075,73640,73650,10
13.0151500702,80.2258987427,73650,73660,10
13.0148000717,80.2260284424,73660,73670,10
13.0142803192,80.2262420654,73670,73680,10
13.0136098862,80.2265319824,73680,73690,10
13.0119104385,80.2272186279,73690,73700,10
13.0119104385,80.2272186279,73700,73710,10
13.0109195709,80.2276000977,73710,73720,10
13.0099802017,80.2279586792,73720,73731,11
13.0094203949,80.2277069092,73731,73741,10
13.0096197128,80.2272567749,73741,73751,10
13.0099201202,80.226600647,73751,73761,10
13.010219574,80.2258224487,73761,73772,11
13.0105495453,80.2250289917,73772,73782,10
13.0106697083,80.2248001099,73782,73792,10
13.0107603073,80.2246322632,73792,73802,10
13.0108699799,80.2243118286,73802,73811,9
13.011059761,80.2238769531,73811,73822,11
13.0111999512,80.2234725952,73822,73832,10
13.0110998154,80.2231521606,73832,73842,10
13.0107898712,80.2229766846,73842,73853,11
13.0102701187,80.2227401733,73853,73863,10
13.0096597672,80.2223892212,73863,73873,10
13.0089702606,80.222038269,73873,73883,10
13.008310318,80.2216567993,73883,73893,10
13.0076398849,80.2213134766,73893,73903,10
13.007060051,80.220993042,73903,73913,10
13.0064001083,80.2207107544,73913,73923,10
13.0056200027,80.2205429077,73923,73933,10
13.0051498413,80.2204284668,73933,73950,17
13.0048599243,80.2203598022,73950,73961,11
13.0045795441,80.2202987671,73961,73972,11
13.0043096542,80.2202377319,73972,73981,9
13.0039796829,80.2201690674,73981,73992,11
13.0034198761,80.2200393677,73992,74002,10
13.0028896332,80.219871521,74002,74012,10
13.0023603439,80.2195205688,74012,74022,10
13.0019197464,80.219039917,74022,74032,10
13.0014400482,80.2185897827,74032,74042,10
13.000869751,80.2182006836,74042,74052,10
13.0003204346,80.2178573608,74052,74062,10
12.9997901917,80.2174987793,74062,74072,10
12.9992303848,80.2171707153,74072,74083,11
12.9984998703,80.2168273926,74083,74093,10
12.9978103638,80.2166290283,74093,74103,10
12.9973497391,80.2165985107,74103,74122,19
12.9969396591,80.2166213989,74122,74134,12
12.9963703156,80.2166900635,74134,74144,10
12.9959697723,80.2167663574,74144,74154,10
12.9955196381,80.2169036865,74154,74164,10
12.9949798584,80.2171936035,74164,74174,10
12.994509697,80.2174987793,74174,74184,10
12.9939899445,80.217880249,74184,74194,10
12.9934196472,80.2182617188,74194,74205,11
12.992770195,80.2187423706,74205,74215,10
12.9921398163,80.2191772461,74215,74225,10
12.9915895462,80.219581604,74225,74235,10
12.9912204742,80.2195968628,74235,74245,10
12.990940094,80.2195205688,74245,74254,9
12.9907598495,80.2194366455,74254,74265,11
12.9902095795,80.2192382813,74265,74275,10
12.9896001816,80.2190170288,74275,74285,10
12.9887504578,80.2187194824,74285,74295,10
12.9878902435,80.2185211182,74295,74305,10
12.9873104095,80.218421936,74305,74316,11
12.9867200851,80.2182998657,74316,74326,10
12.9860200882,80.2181091309,74326,74336,10
12.985159874,80.2179794312,74336,74346,10
12.9843902588,80.2180099487,74346,74356,10
12.9839496613,80.2180175781,74356,74366,10
12.9838695526,80.2180175781,74366,74376,10
12.9834804535,80.2180175781,74376,74386,10
12.9828300476,80.2180328369,74386,74396,10
12.9821195602,80.2180099487,74396,74406,10
12.9813604355,80.2181015015,74406,74416,10
12.9806098938,80.2183532715,74416,74426,10
12.9799995422,80.2185821533,74426,74437,11
12.97935009,80.2188491821,74437,74447,10
12.9787502289,80.2191009521,74447,74463,16
12.9778699875,80.2194595337,74463,74475,12
12.9769296646,80.2198562622,74475,74485,10
12.9762601852,80.220161438,74485,74495,10
12.9756298065,80.220451355,74495,74626,131
12.9756298065,80.220451355,74626,74636,10
12.9754295349,80.2206268311,74636,74646,10
12.9755296707,80.2209701538,74646,74656,10
12.9758796692,80.2212905884,74656,74667,11
12.9761400223,80.2217025757,74667,74687,20
12.9761400223,80.2217025757,74687,74697,10
12.9761896133,80.2218017578,74697,74707,10
12.9763698578,80.2221221924,74707,74717,10
12.9766902924,80.2226028442,74717,74727,10
12.9770002365,80.2230987549,74727,74737,10
12.9774103165,80.2237319946,74737,74746,9
12.9777898788,80.224319458,74746,74756,10
12.9781904221,80.2249679565,74756,74767,11
12.9786195755,80.2256774902,74767,74777,10
12.9790201187,80.2263031006,74777,74788,11
12.9793996811,80.2269363403,74788,74798,10
12.97976017,80.2275238037,74798,74808,10
12.9801301956,80.2281265259,74808,74818,10
12.9805002213,80.2287826538,74818,74828,10
12.9808397293,80.229347229,74828,74838,10
12.9811601639,80.2298812866,74838,74848,10
12.9815502167,80.23046875,74848,74858,10
12.9816799164,80.2306518555,74858,74868,10
12.9817399979,80.2307815552,74868,74878,10
12.981880188,80.2311935425,74878,74888,10
12.982000351,80.2317733765,74888,74899,11
12.982049942,80.2322235107,74899,74909,10
12.9820404053,80.2323379517,74909,74919,10
12.982000351,80.232421875,74919,74929,10
12.9819803238,80.2324829102,74929,74939,10
12.9819602966,80.2325820923,74939,74949,10
12.9819202423,80.2327804565,74949,74959,10
12.9818696976,80.2329177856,74959,74969,10
12.9818000793,80.2331008911,74969,74979,10
12.9816398621,80.2334289551,74979,74999,20
12.9816398621,80.2334289551,74999,75009,10
12.9815797806,80.2335205078,75009,75020,11
12.9814195633,80.2339096069,75020,75030,10
12.9813098907,80.23412323,75030,75040,10
12.9811897278,80.2345123291,75040,75080,40
12.9811897278,80.2345123291,75080,75090,10
12.9811697006,80.2346572876,75090,75110,20
12.9811697006,80.2346572876,75110,75120,10
12.9811601639,80.2347335815,75120,75131,11
12.9811601639,80.2348937988,75131,75141,10
12.9811601639,80.234992981,75141,75151,10
12.9811697006,80.2351226807,75151,75161,10
12.981180191,80.2352371216,75161,75171,10
12.9811897278,80.2356033325,75171,75201,30
12.9811897278,80.2356033325,75201,75211,10
12.9812097549,80.2359237671,75211,75352,141
12.9812097549,80.2359237671,75352,75363,11
12.9812402725,80.2362823486,75363,75373,10
12.9812602997,80.2364425659,75373,75383,10
12.9812602997,80.236618042,75383,75433,50
12.9812202454,80.2368011475,75433,75473,40
12.9812498093,80.2370986938,75473,75524,51
12.9812498093,80.2370986938,75524,75534,10
12.9812402725,80.2372665405,75534,75544,10
12.9812498093,80.2373886108,75544,75554,10
12.9812498093,80.2375030518,75554,75564,10
12.9812498093,80.2376403809,75564,75574,10
12.9812602997,80.237739563,75574,75584,10
12.9812803268,80.237991333,75584,75595,11
12.9812803268,80.2384109497,75595,75605,10
12.9812803268,80.2388000488,75605,75615,10
12.9812803268,80.2388076782,75615,75625,10
12.9812898636,80.2391433716,75625,75635,10
12.9812803268,80.2395629883,75635,75645,10
12.9812898636,80.2397689819,75645,75655,10
12.981300354,80.2399368286,75655,75665,10
12.9813203812,80.2403717041,75665,75675,10
12.9813203812,80.2408218384,75675,75685,10
12.9813203812,80.2413024902,75685,75695,10
12.9813203812,80.2417602539,75695,75705,10
12.9813203812,80.2421035767,75705,75716,11
12.9813404083,80.2424468994,75716,75726,10
12.9813203812,80.2428588867,75726,75736,10
12.9813299179,80.2428817749,75736,75746,10
12.9813299179,80.2431106567,75746,75756,10
12.9813299179,80.2435073853,75756,75766,10
12.9812602997,80.2441635132,75766,75776,10
12.9811496735,80.2450027466,75776,75786,10
12.9810304642,80.2459793091,75786,75796,10
12.980919838,80.2470779419,75796,75806,10
12.9808301926,80.2481384277,75806,75816,10
12.9807195663,80.249420166,75816,75827,11
12.9805002213,80.2505264282,75827,75837,10
12.9802598953,80.251449585,75837,75847,10
12.9801101685,80.2521820068,75847,75857,10
12.9800796509,80.252281189,75857,75867,10
12.9800796509,80.2522964478,75867,75877,10
12.9800796509,80.2525405884,75877,75887,10
12.9804697037,80.2526779175,75887,75897,10
12.981180191,80.2526702881,75897,75907,10
12.9820804596,80.2526473999,75907,75917,10
12.9831695557,80.2525787354,75917,75927,10
12.9842700958,80.2523193359,75927,75937,10
12.9851903915,80.2520370483,75937,75948,11
12.9858598709,80.2518234253,75948,75988,40
12.9858598709,80.2518234253,75988,75998,10
12.9860095978,80.2517089844,75998,76008,10
12.986289978,80.2516708374,76008,76018,10
12.9868497849,80.2515411377,76018,76028,10
12.9872703552,80.2514190674,76028,76038,10
12.9877300262,80.2513580322,76038,76048,10
12.9878997803,80.2516403198,76048,76059,11
12.9879102707,80.251701355,76059,76069,10
12.987950325,80.2519302368,76069,76079,10
12.9879798889,80.2523498535,76079,76089,10
12.9879102707,80.2530975342,76089,76099,10
12.987830162,80.2539291382,76099,76109,10
12.9877595901,80.254737854,76109,76119,10
12.9876804352,80.2554779053,76119,76311,192
12.9876804352,80.2554779053,76311,76321,10
12.9876499176,80.2556533813,76321,76331,10
12.9876003265,80.2559814453,76331,76341,10
12.9875402451,80.2564086914,76341,76351,10
12.9875202179,80.2568283081,76351,76361,10
12.9874801636,80.2573394775,76361,76371,10
12.9874296188,80.2580184937,76371,76381,10
12.9873600006,80.2586212158,76381,76391,10
12.9872598648,80.2592391968,76391,76432,41
12.9872198105,80.2593765259,76432,76482,50
12.9872198105,80.2593765259,76482,76492,10
12.9869003296,80.2596588135,76492,76502,10
12.9866104126,80.2596511841,76502,78077,1575
12.9866104126,80.2596511841,78077,78087,10
12.9865198135,80.2594299316,78087,78127,40
12.9865198135,80.2594299316,78127,78137,10
12.9867200851,80.2590637207,78137,78147,10
12.9869699478,80.2591094971,78147,78339,192
12.9869699478,80.2591094971,78339,78349,10
12.9873199463,80.2591400146,78349,78359,10
12.9873600006,80.2590026855,78359,78369,10
12.9873800278,80.2587585449,78369,78379,10
12.9874000549,80.2584915161,78379,78389,10
12.9874401093,80.2582168579,78389,78399,10
12.9874296188,80.2579803467,78399,78410,11
12.9874897003,80.2574691772,78410,78420,10
12.9875402451,80.2569198608,78420,78430,10
12.987569809,80.2564163208,78430,78440,10
12.987569809,80.2560806274,78440,78450,10
12.987569809,80.2560577393,78450,78460,10
12.9875802994,80.2559890747,78460,78470,10
12.9876298904,80.2557220459,78470,78480,10
12.9877099991,80.2553024292,78480,78490,10
12.9877195358,80.2549514771,78490,78500,10
12.9877195358,80.2549362183,78500,78511,11
12.9877595901,80.2546386719,78511,78521,10
12.9878101349,80.2541427612,78521,78531,10
12.9878501892,80.2534103394,78531,78541,10
12.9878797531,80.2526702881,78541,78551,10
12.9877996445,80.2518081665,78551,78581,30
12.9877996445,80.2518081665,78581,78591,10
12.9877300262,80.251663208,78591,78601,10
12.9875402451,80.2515792847,78601,78611,10
12.9870500565,80.2516708374,78611,78622,11
12.9863100052,80.2518386841,78622,78632,10
12.9855003357,80.2520294189,78632,78642,10
12.9845895767,80.2522964478,78642,78652,10
12.9836702347,80.2525482178,78652,78662,10
12.9827604294,80.2526931763,78662,78672,10
12.9818401337,80.2527313232,78672,78682,10
12.9809598923,80.2527618408,78682,78691,9
12.9799604416,80.2527999878,78691,78722,31
12.9799604416,80.2527999878,78722,78732,10
12.9798297882,80.2526702881,78732,78743,11
12.9798698425,80.2523498535,78743,78753,10
12.9798898697,80.252281189,78753,78763,10
12.9799098969,80.2522125244,78763,78773,10
12.979929924,80.2520980835,78773,78783,10
12.980050087,80.251739502,78783,78793,10
12.9802503586,80.2511901855,78793,78803,10
12.9804401398,80.25050354,78803,78813,10
12.9806203842,80.249671936,78813,78823,10
12.9807195663,80.2488327026,78823,78833,10
12.9807901382,80.2479400635,78833,78843,10
12.9808797836,80.2470092773,78843,78854,11
12.9809999466,80.2459030151,78854,78864,10
12.9811096191,80.2449035645,78864,78874,10
12.981180191,80.2440490723,78874,78884,10
12.9812698364,80.243637085,78884,78894,10
12.9813404083,80.243347168,78894,78904,10
12.9813499451,80.2429275513,78904,78914,10
12.9813499451,80.2428436279,78914,78924,10
12.9813804626,80.242767334,78924,78934,10
12.9813899994,80.2423629761,78934,78944,10
12.9813604355,80.2417678833,78944,78954,10
12.9813604355,80.2410888672,78954,78964,10
12.9813604355,80.2403564453,78964,78975,11
12.9813404083,80.2396011353,78975,78985,10
12.9813203812,80.2389068604,78985,78995,10
12.9812898636,80.2381820679,78995,79011,16
12.9812803268,80.2379226685,79011,79023,12
12.9812602997,80.2375030518,79023,79031,8
12.9812602997,80.2370071411,79031,79041,10
12.9812498093,80.2363128662,79041,79053,12
12.9812202454,80.2353897095,79053,79064,11
12.9811897278,80.2346420288,79064,79074,10
12.9813404083,80.2339401245,79074,79084,10
12.9816198349,80.2333602905,79084,79095,11
12.9816398621,80.2333068848,79095,79105,10
12.9817399979,80.2330780029,79105,79115,10
12.9819097519,80.2326583862,79115,79125,10
12.9819698334,80.2321624756,79125,79135,10
12.9819698334,80.2317810059,79135,79144,9
12.9819498062,80.231338501,79144,79155,11
12.9818000793,80.2308425903,79155,79165,10
12.9815301895,80.2303771973,79165,79175,10
12.9811296463,80.2297515869,79175,79185,10
12.9808702469,80.229309082,79185,79195,10
12.9807195663,80.2291183472,79195,79205,10
12.9806499481,80.2289886475,79205,79216,11
12.9805297852,80.2287826538,79216,79226,10
12.9803304672,80.2284469604,79226,79236,10
12.9801197052,80.2280502319,79236,79246,10
12.9797697067,80.2274398804,79246,79256,10
12.9793100357,80.2266998291,79256,79266,10
12.9788999557,80.2259979248,79266,79276,10
12.9784698486,80.2253036499,79276,79286,10
12.9780597687,80.2246398926,79286,79296,10
12.9777097702,80.2241363525,79296,79306,10
12.977350235,80.2235565186,79306,79316,10
12.9770002365,80.2229690552,79316,79327,11
12.9767303467,80.2225265503,79327,79337,10
12.9764204025,80.2220306396,79337,79347,10
12.9761104584,80.2215881348,79347,79357,10
12.9756698608,80.2210464478,79357,79377,20
12.9756698608,80.2210464478,79377,79387,10
12.9755401611,80.2209396362,79387,79407,20
12.975399971,80.2208404541,79407,79468,61
12.975399971,80.2208404541,79468,79478,10
12.9753198624,80.2205810547,79478,79488,10
12.9755401611,80.2203674316,79488,79498,10
12.9760198593,80.220123291,79498,79508,10
12.9767103195,80.2198028564,79508,79518,10
12.9775295258,80.2194824219,79518,79528,10
12.9783601761,80.2191390991,79528,79538,10
12.9788198471,80.2189788818,79538,79548,10
12.9793901443,80.2187271118,79548,79559,11
12.9799804688,80.2184829712,79559,79569,10
12.9803304672,80.2183380127,79569,79579,10
12.9808998108,80.2181472778,79579,79589,10
12.9816198349,80.2179107666,79589,79599,10
12.9823102951,80.2178421021,79599,79609,10
12.9829101563,80.2178421021,79609,79619,10
12.9836196899,80.2178421021,79619,79629,10
12.9837398529,80.217880249,79629,79639,10
12.9839200974,80.2179031372,79639,79649,10
12.9843597412,80.2178573608,79649,79659,10
12.985039711,80.2178421021,79659,79669,10
12.9858598709,80.2179107666,79669,79680,11
12.9867200851,80.2181167603,79680,79690,10
12.9873399734,80.2182388306,79690,79700,10
12.9874601364,80.2182617188,79700,79710,10
12.9878997803,80.2183685303,79710,79720,10
12.9885196686,80.2185211182,79720,79730,10
12.9892501831,80.2187423706,79730,79740,10
12.9900302887,80.21900177,79740,79750,10
12.9908599854,80.2192611694,79750,79760,10
12.9915599823,80.2194366455,79760,79770,10
12.9919099808,80.2193069458,79770,79780,10
12.9924201965,80.2189331055,79780,79791,11
12.9929599762,80.2185287476,79791,79801,10
12.9933795929,80.2182006836,79801,79811,10
12.9938697815,80.2178497314,79811,79821,10
12.994310379,80.2175216675,79821,79831,10
12.9947004318,80.2172470093,79831,79841,10
12.99518013,80.2169189453,79841,79851,10
12.9957199097,80.2166824341,79851,79861,10
12.9963302612,80.2165527344,79861,79877,16
12.9971704483,80.2164382935,79877,79889,12
12.9974603653,80.2161331177,79889,79899,10
12.9975500107,80.2160797119,79899,79909,10
12.9977197647,80.2159500122,79909,79920,11
12.9981298447,80.2155914307,79920,79930,10
12.9986095428,80.2151565552,79930,79940,10
12.9990901947,80.2147598267,79940,79950,10
12.9993095398,80.2145767212,79950,79959,9
12.9997196198,80.2142333984,79959,79970,11
13.000120163,80.2138824463,79970,79980,10
13.000579834,80.2134628296,79980,79990,10
13.0010995865,80.2130279541,79990,80000,10
13.0016002655,80.2126464844,80000,80010,10
13.0021095276,80.2123184204,80010,80020,10
13.0026302338,80.2121200562,80020,80030,10
13.0031900406,80.2120819092,80030,80041,11
13.0036096573,80.2119827271,80041,80051,10
13.0036897659,80.2117996216,80051,80060,9
13.0036802292,80.2114181519,80060,80071,11
13.0036401749,80.2108612061,80071,80081,10
13.0036001205,80.2105102539,80081,80091,10
13.0035495758,80.2101821899,80091,80101,10
13.0035200119,80.2098999023,80101,80111,10
13.0035295486,80.2095336914,80111,80121,10
13.0036201477,80.2090682983,80121,80131,10
13.0038499832,80.2086410522,80131,80141,10
13.00440979,80.2088012695,80141,80152,11
13.0051002502,80.2091217041,80152,80162,10
13.0058097839,80.2093963623,80162,80172,10
13.006480217,80.2096176147,80172,80182,10
13.007060051,80.209777832,80182,80192,10
13.007399559,80.2098464966,80192,80202,10
13.0074596405,80.2098693848,80202,80218,16
13.0076904297,80.2099380493,80218,80230,12
13.0081195831,80.2100219727,80230,80238,8
13.0081996918,80.2098617554,80238,80250,12
13.0080604553,80.2091827393,80250,80260,10
13.0079097748,80.2083435059,80260,80271,11
13.0077295303,80.2072601318,80271,80281,10
13.007610321,80.2062911987,80281,80290,9
13.0075502396,80.205406189,80290,80301,11
13.0075397491,80.2044830322,80301,80311,10
13.0074596405,80.2037124634,80311,80321,10
13.0073003769,80.2028198242,80321,80331,10
13.0066299438,80.2027130127,80331,80341,10
13.0066995621,80.2033233643,80341,80351,10
13.0072202682,80.2035980225,80351,80361,10
13.0079097748,80.2037277222,80361,80371,10
13.0087203979,80.2037124634,80371,80382,11
13.0097198486,80.2036514282,80382,80392,10
13.010720253,80.2036514282,80392,80402,10
13.0117197037,80.2037506104,80402,80412,10
13.0126304626,80.203918457,80412,80422,10
13.0133304596,80.2040863037,80422,80432,10
13.013879776,80.2042999268,80432,80442,10
13.0144701004,80.204460144,80442,80452,10
13.0150203705,80.2045974731,80452,80462,10
13.0151395798,80.2045974731,80462,80472,10
13.0155000687,80.204750061,80472,80482,10
13.0161104202,80.2050094604,80482,80493,11
13.0167398453,80.2052230835,80493,80503,10
13.0173902512,80.2054519653,80503,80513,10
13.0180397034,80.2056808472,80513,80523,10
13.0186901093,80.205871582,80523,80533,10
13.0188503265,80.2059173584,80533,80543,10
13.0190000534,80.2059936523,80543,80553,10
13.0194301605,80.2061462402,80553,80563,10
13.0200595856,80.2062530518,80563,80573,10
13.0208301544,80.2062683105,80573,80583,10
13.0215396881,80.2062835693,80583,80593,10
13.0218200684,80.2062988281,80593,80603,10
13.0222702026,80.2063217163,80603,80614,11
13.0229597092,80.2064437866,80614,80624,10
13.0236797333,80.2065811157,80624,80634,10
13.0242900848,80.2066726685,80634,80644,10
13.0243501663,80.2066802979,80644,80654,10
13.024720192,80.20677948,80654,80664,10
13.025349617,80.2069168091,80664,80674,10
13.0261297226,80.2072906494,80674,80684,10
13.0268802643,80.2077407837,80684,80694,10
13.0275697708,80.2081604004,80694,80704,10
13.0278902054,80.2083435059,80704,80714,10
13.0279598236,80.2083587646,80714,80725,11
13.0283203125,80.2084884644,80725,80735,10
13.029009819,80.2086715698,80735,80755,20
13.029009819,80.2086715698,80755,80765,10
13.0292301178,80.2086868286,80765,80775,10
13.0293903351,80.208732605,80775,80785,10
13.0296697617,80.2088088989,80785,80795,10
13.0298995972,80.2088699341,80795,80805,10
13.0301103592,80.2089309692,80805,80815,10
13.030579567,80.2090911865,80815,80825,10
13.0312404633,80.2092666626,80825,80835,10
13.0319795609,80.209487915,80835,80846,11
13.0328397751,80.2096633911,80846,80856,10
13.0336503983,80.2098388672,80856,80866,10
13.0344495773,80.2099914551,80866,80876,10
13.0349798203,80.2100830078,80876,80892,16
13.0350399017,80.2105865479,80892,80904,12
13.0349998474,80.2112197876,80904,80912,8
13.0349597931,80.2115631104,80912,80924,12
13.0349197388,80.2119216919,80924,80934,10
13.0352201462,80.2122268677,80934,80944,10
13.035779953,80.2122497559,80944,80954,10
13.0362195969,80.2122802734,80954,80965,11
13.0365200043,80.2123031616,80965,80975,10
13.036860466,80.2122879028,80975,80985,10
13.0371999741,80.2122802734,80985,80995,10
13.037779808,80.2122879028,80995,81005,10
13.0384597778,80.212272644,81005,81015,10
13.039440155,80.2122497559,81015,81025,10
13.040309906,80.2122268677,81025,81035,10
13.041469574,80.2122192383,81035,81045,10
13.0422401428,80.2122268677,81045,81055,10
13.0431995392,80.2122192383,81055,81065,10
13.0437002182,80.2122192383,81065,81156,91
13.0440998077,80.2122497559,81156,81257,101
13.0440998077,80.2122497559,81257,81267,10
13.0441303253,80.2123413086,81267,81277,10
13.0444602966,80.2123184204,81277,81287,10
13.0450801849,80.2122573853,81287,81297,10
13.0458602905,80.2122268677,81297,81308,11
13.0468902588,80.2121734619,81308,81317,9
13.0476903915,80.212097168,81317,81328,11
13.04845047,80.212020874,81328,81338,10
13.0484695435,80.2120285034,81338,81348,10
13.0486698151,80.2120437622,81348,81358,10
13.0491800308,80.2119903564,81358,81368,10
13.0497303009,80.2119216919,81368,81398,30
13.0497303009,80.2119216919,81398,81408,10
13.0498504639,80.2118835449,81408,81418,10
13.0501298904,80.2119064331,81418,81429,11
13.0505199432,80.2119903564,81429,81439,10
13.0509700775,80.2121200562,81439,81449,10
13.0519504547,80.2120132446,81449,81459,10
13.052980423,80.2117767334,81459,81469,10
13.0539398193,80.2115402222,81469,81479,10
13.0546703339,80.2113876343,81479,81488,9
13.0553998947,80.2113876343,81488,81499,11
13.0564899445,80.2113876343,81499,81509,10
13.0574598312,80.2114105225,81509,81519,10
13.0578403473,80.2113876343,81519,81529,10
13.0580196381,80.2114028931,81529,81540,11
13.0586099625,80.2114334106,81540,81550,10
13.0593299866,80.211479187,81550,81560,10
13.0601596832,80.211517334,81560,81570,10
13.0610599518,80.2115631104,81570,81580,10
13.0618400574,80.2116088867,81580,81590,10
13.0626602173,80.2116165161,81590,81600,10
13.0633401871,80.2115402222,81600,81610,10
13.0634498596,80.2115325928,81610,81620,10
13.0638198853,80.2114868164,81620,81630,10
13.0644197464,80.2113723755,81630,81640,10
13.0651397705,80.2110137939,81640,81650,10
13.0658597946,80.2104415894,81650,81661,11
13.0666303635,80.2098083496,81661,81671,10
13.0671195984,80.2091903687,81671,81681,10
13.0675401688,80.2085189819,81681,81691,10
13.0678195953,80.2080612183,81691,81701,10
13.0683803558,80.2071990967,81701,81711,10
13.0688695908,80.2064208984,81711,81721,10
13.069319725,80.2057189941,81721,81731,10
13.0696897507,80.205078125,81731,81741,10
13.0695400238,80.204788208,81741,81751,10
13.0690402985,80.2052612305,81751,82599,848
13.0690402985,80.2052612305,82599,82609,10
13.0688199997,80.2054672241,82609,82619,10
13.0687103271,80.2053527832,82619,82629,10
13.0687999725,80.2049026489,82629,82649,20
13.0687999725,80.2049026489,82649,82659,10
13.0689897537,80.2047424316,82659,82669,10
13.0691204071,80.2047195435,82669,82679,10
13.0693101883,80.2047424316,82679,82689,10
13.0695199966,80.2047805786,82689,82700,11
13.0697402954,80.2048797607,82700,82710,10
13.0697698593,80.2049102783,82710,82720,10
13.069849968,80.2049865723,82720,82730,10
13.069849968,80.2051696777,82730,82740,10
13.0696201324,80.2055206299,82740,82750,10
13.0692596436,80.2060394287,82750,82760,10
13.068860054,80.2066421509,82760,82770,10
13.0684700012,80.20728302,82770,82780,10
13.0680704117,80.2079315186,82780,82790,10
13.0677204132,80.208480835,82790,82800,10
13.0675601959,80.2087478638,82800,82810,10
13.0672597885,80.2092437744,82810,82821,11
13.0667495728,80.2098770142,82821,82831,10
13.0661296844,80.2104187012,82831,82841,10
13.0655202866,80.2109222412,82841,82851,10
13.0649204254,80.2113265991,82851,82861,10
13.0642204285,80.2116088867,82861,82871,10
13.0635204315,80.2117385864,82871,82881,10
13.0628299713,80.2117767334,82881,82891,10
13.0621795654,80.2117919922,82891,82901,10
13.0614795685,80.2117233276,82901,82911,10
13.0605401993,80.2117233276,82911,82921,10
13.0596504211,80.2116775513,82921,82931,10
13.0588102341,80.2116470337,82931,82942,11
13.057970047,80.2116394043,82942,82952,10
13.0571298599,80.2116088867,82952,82962,10
13.0562896729,80.2116012573,82962,82972,10
13.0554704666,80.2115936279,82972,82982,10
13.0547704697,80.2115783691,82982,82992,10
13.0540599823,80.2116622925,82992,83002,10
13.0535001755,80.2117996216,83002,83012,10
13.052740097,80.2120132446,83012,83022,10
13.0521802902,80.2121505737,83022,83032,10
13.0518198013,80.2122116089,83032,83042,10
13.051440239,80.2122268677,83042,83053,11
13.0508804321,80.2121582031,83053,83063,10
13.050239563,80.2121276855,83063,83073,10
13.0496997833,80.2121200562,83073,83083,10
13.0492095947,80.2121734619,83083,83093,10
13.0491304398,80.2121734619,83093,83103,10
13.0486602783,80.2121810913,83103,83113,10
13.0479297638,80.2122268677,83113,83123,10
13.0471200943,80.2122879028,83123,83133,10
13.0462999344,80.2123184204,83133,83143,10
13.0454998016,80.2123718262,83143,83153,10
13.0446901321,80.2124328613,83153,83184,31
13.0445404053,80.2124328613,83184,83244,60
13.0445404053,80.2124328613,83244,83254,10
13.0445098877,80.2122192383,83254,83270,16
13.0454502106,80.2121887207,83270,83282,12
13.0464000702,80.2121429443,83282,83293,11
13.0470104218,80.212097168,83293,83303,10
13.0470399857,80.2119522095,83303,83313,10
13.0470304489,80.2113800049,83313,83323,10
13.0469999313,80.2108917236,83323,83333,10
13.0471401215,80.2107467651,83333,83343,10
13.0473499298,80.2107391357,83343,83352,9
13.047829628,80.2107467651,83352,83363,11
13.0484895706,80.2107696533,83363,83373,10
13.049079895,80.2108001709,83373,83383,10
13.0494804382,80.2108001709,83383,83393,10
13.0495595932,80.2104797363,83393,83404,11
13.0495004654,80.2098770142,83404,83414,10
13.0494403839,80.2092971802,83414,83424,10
13.0493497849,80.2086486816,83424,83434,10
13.0491695404,80.2080078125,83434,83444,10
13.0489597321,80.2073898315,83444,83454,10
13.0488195419,80.2069320679,83454,83464,10
13.0490198135,80.2068099976,83464,83474,10
13.0493297577,80.2068099976,83474,83545,71
13.0493297577,80.2068099976,83545,83555,10
13.0496797562,80.2069168091,83555,83565,10
13.0499095917,80.2069015503,83565,83575,10
13.0502996445,80.2069091797,83575,83585,10
13.0505800247,80.2069396973,83585,83595,10
13.0507602692,80.2069473267,83595,83605,10
13.0508499146,80.2071228027,83605,83898,293
13.0508499146,80.2071228027,83898,83908,10
13.0505800247,80.2070617676,83908,83918,10
13.0504999161,80.2068862915,83918,83928,10
13.0501098633,80.2068481445,83928,84049,121
13.050160408,80.2071075439,84049,84817,768
13.0499200821,80.2071990967,84817,84978,161
13.0500497818,80.2069396973,84978,85856,878
13.0500097275,80.2071228027,85856,86239,383
13.0500097275,80.2071228027,86239,86249,10
