13.0761299133,80.2757034302,20,22039,22019
13.0761299133,80.2757034302,22039,22049,10
13.0758104324,80.2761001587,22049,22059,10
13.0757799149,80.2761230469,22059,22069,10
13.0758695602,80.2761611938,22069,22079,10
13.0759000778,80.2762298584,22079,22089,10
13.0759496689,80.2762374878,22089,22099,10
13.0760297775,80.276222229,22099,22150,51
13.075750351,80.276222229,22150,22211,61
13.075750351,80.276222229,22211,22221,10
13.0760402679,80.2762527466,22221,22302,81
13.075920105,80.2762527466,22302,25800,3498
13.0856599808,80.2836685181,25800,34660,8860
13.080619812,80.2883529663,34660,34680,20
13.080619812,80.2883529663,34680,34690,10
13.0802602768,80.2882385254,34690,34700,10
13.0800600052,80.2882080078,34700,34710,10
13.0797395706,80.2881622314,34710,34720,10
13.0791501999,80.287940979,34720,34730,10
13.0783004761,80.2875976563,34730,34740,10
13.0764904022,80.2871704102,34740,34791,51
13.0764904022,80.2871704102,34791,34801,10
13.0734300613,80.2860183716,34801,34811,10
13.0722303391,80.28540802,34811,34841,30
13.0722303391,80.28540802,34841,34852,11
13.067990303,80.2843093872,34852,34983,131
13.067990303,80.2843093872,34983,34993,10
13.0580501556,80.2821273804,34993,35003,10
13.0570402145,80.2817993164,35003,35064,61
13.0570402145,80.2817993164,35064,35074,10
13.0540704727,80.2813415527,35074,35084,10
13.0523996353,80.2810592651,35084,35135,51
13.0523996353,80.2810592651,35135,35145,10
13.0479297638,80.2804718018,35145,35155,10
13.0467700958,80.2803268433,35155,35166,11
13.0456895828,80.2801208496,35166,35176,10
13.0446395874,80.2799987793,35176,35186,10
13.0438604355,80.2798614502,35186,35197,11
13.043390274,80.2797470093,35197,36976,1779
13.043390274,80.2797470093,36976,36986,10
13.0078496933,80.2404022217,36986,36996,10
13.0073204041,80.2403717041,36996,37006,10
13.0073204041,80.2403488159,37006,37016,10
13.0072097778,80.240447998,37016,37026,10
13.0073404312,80.2403488159,37026,37036,10
13.0070800781,80.2403488159,37036,37046,10
13.0070295334,80.2401733398,37046,37057,11
13.0071201324,80.2390518188,37057,39048,1991
13.0071201324,80.2390518188,39048,39058,10
13.0122203827,80.2210083008,39058,39069,11
13.0124998093,80.2218017578,39069,39190,121
13.0142402649,80.2262420654,39190,39534,344
13.0142402649,80.2262420654,39534,39544,10
13.0099096298,80.2404022217,39544,39554,10
13.0109195709,80.2403717041,39554,39564,10
13.0119800568,80.2403488159,39564,39574,10
13.0136604309,80.240272522,39574,39604,30
13.0136604309,80.240272522,39604,39614,10
13.0175800323,80.2408828735,39614,39624,10
13.018239975,80.2410812378,39624,39635,11
13.0186901093,80.2412033081,39635,39645,10
13.0187196732,80.2412490845,39645,39655,10
13.0190296173,80.2413711548,39655,39665,10
13.0195102692,80.2415313721,39665,39675,10
13.0205202103,80.2418670654,39675,40080,405
13.0205202103,80.2418670654,40080,40090,10
13.0281801224,80.2508621216,40090,40100,10
13.0277204514,80.251701355,40100,40110,10
13.0274095535,80.252746582,40110,40120,10
13.0271501541,80.2544174194,40120,40140,20
13.0271501541,80.2544174194,40140,40150,10
13.0271100998,80.2548675537,40150,40160,10
13.0271596909,80.2555618286,40160,40170,10
13.0270996094,80.2564315796,40170,40181,11
13.0270996094,80.2568817139,40181,40211,30
13.0270996094,80.2568817139,40211,40221,10
13.027130127,80.256401062,40221,40231,10
13.0270795822,80.2565078735,40231,40241,10
13.0270595551,80.2566299438,40241,40251,10
13.0270700455,80.2570114136,40251,40261,10
13.027130127,80.2573928833,40261,40272,11
13.0271396637,80.2580871582,40272,40282,10
13.0271196365,80.2589569092,40282,40292,10
13.0270700455,80.2593002319,40292,40302,10
13.027130127,80.2598419189,40302,40312,10
13.0269699097,80.2607498169,40312,40322,10
13.02684021,80.261680603,40322,40332,10
13.0267400742,80.2624816895,40332,40342,10
13.0266599655,80.2631530762,40342,40352,10
13.0267000198,80.263343811,40352,40363,11
13.0270700455,80.2633666992,40363,40373,10
13.0276603699,80.2634963989,40373,40383,10
13.0283203125,80.2637329102,40383,40393,10
13.0285396576,80.2638626099,40393,40403,10
13.0290203094,80.2639083862,40403,40413,10
13.0293703079,80.264213562,40413,40423,10
13.0293598175,80.2645263672,40423,40433,10
13.0293397903,80.2651977539,40433,40443,10
13.0292797089,80.2659835815,40443,40464,21
13.0292797089,80.2659835815,40464,40474,10
13.0292396545,80.2662277222,40474,40484,10
13.0292396545,80.2662582397,40484,40494,10
13.0292396545,80.2665176392,40494,40504,10
13.0295200348,80.2665405273,40504,40514,10
13.0295801163,80.2665405273,40514,40524,10
13.0297603607,80.2665481567,40524,40534,10
13.029999733,80.2665634155,40534,40544,10
13.0304203033,80.2666397095,40544,40555,11
13.0314598083,80.2669677734,40555,40565,10
13.0319795609,80.2671279907,40565,40575,10
13.0324897766,80.2673492432,40575,40585,10
13.0328102112,80.2675933838,40585,40595,10
13.0330696106,80.2676315308,40595,40605,10
13.0332403183,80.2676391602,40605,40615,10
13.0341796875,80.268081665,40615,40625,10
13.0337696075,80.2677764893,40625,40635,10
13.0338602066,80.2678375244,40635,40646,11
13.033949852,80.2678833008,40646,40656,10
13.034070015,80.2678985596,40656,40666,10
13.0341901779,80.2679290771,40666,40676,10
13.0345001221,80.2679672241,40676,40686,10
13.0351600647,80.2678985596,40686,40696,10
13.0360498428,80.2677764893,40696,40706,10
13.036740303,80.267616272,40706,40716,10
13.036939621,80.2672195435,40716,40726,10
13.0370397568,80.2665405273,40726,40737,11
13.0370502472,80.2664031982,40737,40747,10
13.0371799469,80.2659988403,40747,40757,10
13.0373497009,80.2652206421,40757,40767,10
13.0375795364,80.2643890381,40767,40777,10
13.0380601883,80.2643966675,40777,40787,10
13.0384197235,80.2644271851,40787,40797,10
13.0387001038,80.264503479,40797,40807,10
13.0391597748,80.2645797729,40807,40818,11
13.0399703979,80.2644577026,40818,40828,10
13.0405702591,80.2643127441,40828,40838,10
13.0406904221,80.2642822266,40838,40848,10
13.0414400101,80.2647171021,40848,40858,10
13.041390419,80.2651901245,40858,40868,10
13.0412502289,80.2656784058,40868,40878,10
13.0411996841,80.2664794922,40878,40888,10
13.0410404205,80.2670211792,40888,40899,11
13.0410900116,80.2672729492,40899,40909,10
13.0412397385,80.2674331665,40909,40929,20
13.0412397385,80.2674331665,40929,40939,10
13.0417299271,80.2681427002,40939,40949,10
13.0420303345,80.2681121826,40949,40959,10
13.0424499512,80.2680587769,40959,40968,9
13.043299675,80.2675628662,40968,40979,11
13.0439796448,80.2671127319,40979,40990,11
13.0447702408,80.2666625977,40990,41010,20
13.0447702408,80.2666625977,41010,41020,10
13.0445699692,80.2687301636,41020,41030,10
13.0445098877,80.269203186,41030,41040,10
13.0444002151,80.2698364258,41040,41050,10
13.0443096161,80.2700881958,41050,41060,10
13.0443096161,80.2700881958,41060,41070,10
13.0441102982,80.2708511353,41070,41081,11
13.0438699722,80.2720108032,41081,41091,10
13.0436601639,80.2731704712,41091,41102,11
13.0436000824,80.2743225098,41102,41122,20
13.0436000824,80.2743225098,41122,41132,10
13.0436201096,80.2735900879,41132,41144,12
13.0435800552,80.2739028931,41144,41155,11
13.0434598923,80.2744979858,41155,41165,10
13.0433998108,80.2753829956,41165,41175,10
13.0433702469,80.275718689,41175,41185,10
13.0433797836,80.2760772705,41185,41196,11
13.043390274,80.2768478394,41196,41206,10
13.0434103012,80.2775192261,41206,41216,10
13.0433998108,80.2776031494,41216,41226,10
13.0433797836,80.27784729,41226,41236,10
13.0433797836,80.2783813477,41236,41246,10
13.0433797836,80.2791595459,41246,41256,10
13.0437202454,80.2797393799,41256,41266,10
13.044500351,80.2798995972,41266,41276,10
13.0453395844,80.2800064087,41276,41287,11
13.0461702347,80.2801132202,41287,41297,10
13.0469703674,80.2802276611,41297,41307,10
13.0479202271,80.2803573608,41307,41318,11
13.0488004684,80.2804794312,41318,41328,10
13.0492696762,80.2805480957,41328,41338,10
13.0496101379,80.2806015015,41338,41348,10
13.0506296158,80.2807617188,41348,41368,20
13.0506296158,80.2807617188,41368,41379,11
13.0509996414,80.2808303833,41379,41389,10
13.0516796112,80.2809371948,41389,41399,10
13.0526199341,80.2810897827,41399,41409,10
13.0536699295,80.2812576294,41409,41419,10
13.0548801422,80.2814788818,41419,41429,10
13.0559797287,80.2817001343,41429,41439,10
13.0564804077,80.281791687,41439,41449,10
13.0565004349,80.2817993164,41449,41459,10
13.0565099716,80.2818069458,41459,41470,11
13.0572299957,80.2819366455,41470,41490,20
13.0572299957,80.2819366455,41490,41500,10
13.0573797226,80.2819824219,41500,41510,10
13.057970047,80.2820968628,41510,41520,10
13.0585803986,80.2822265625,41520,41530,10
13.0593996048,80.282409668,41530,41540,10
13.0603704453,80.2826004028,41540,41550,10
13.0614995956,80.2828292847,41550,41561,11
13.0625200272,80.2830810547,41561,41571,10
13.0630702972,80.2831726074,41571,41581,10
13.0630702972,80.2831573486,41581,41591,10
13.0631504059,80.2831802368,41591,41601,10
13.0638799667,80.2833328247,41601,41641,40
13.0638799667,80.2833328247,41641,41652,11
13.0641298294,80.2834014893,41652,41662,10
13.064740181,80.2835464478,41662,41672,10
13.0656204224,80.2837524414,41672,41682,10
13.0666399002,80.2839736938,41682,41692,10
13.0678501129,80.2842330933,41692,41702,10
13.0691204071,80.2845230103,41702,41712,10
13.0704603195,80.2848434448,41712,41722,10
13.0718002319,80.2851791382,41722,41732,10
13.0730400085,80.2853088379,41732,41743,11
13.0740003586,80.2855987549,41743,41753,10
13.0746498108,80.2862167358,41753,41763,10
13.0754098892,80.2867202759,41763,41773,10
13.0764303207,80.287109375,41773,41783,10
13.0774002075,80.287361145,41783,41793,10
13.0788898468,80.2877578735,41793,41803,10
13.0799598694,80.2880783081,41803,41813,10
13.0806303024,80.2882385254,41813,41824,11
13.0809001923,80.2883605957,41824,41844,20
13.0810403824,80.2883300781,41844,41874,30
13.0810403824,80.2883300781,41874,41884,10
13.0831298828,80.2891921997,41884,41894,10
13.0838699341,80.2891387939,41894,41904,10
13.0848197937,80.2890930176,41904,41914,10
13.0857801437,80.2892303467,41914,41925,11
13.0869903564,80.2895812988,41925,41935,10
13.0877599716,80.2898406982,41935,41945,10
13.088470459,80.2901229858,41945,41955,10
13.0893297195,80.2902832031,41955,42016,61
13.0893297195,80.2902832031,42016,42026,10
13.0887699127,80.2903366089,42026,42036,10
13.0881900787,80.2901992798,42036,42046,10
13.0878601074,80.2900390625,42046,42056,10
13.0868797302,80.2897415161,42056,42066,10
13.0859899521,80.2894592285,42066,42076,10
13.0854501724,80.2892837524,42076,42086,10
13.0851802826,80.288520813,42086,42096,10
13.0851097107,80.2875137329,42096,42107,11
13.0852003098,80.2856826782,42107,42310,203
13.0852003098,80.2856826782,42310,42320,10
13.0867004395,80.2838287354,42320,42330,10
13.0869598389,80.2838821411,42330,42340,10
13.0872402191,80.2838821411,42340,42350,10
13.0875501633,80.2838821411,42350,42360,10
13.0877799988,80.2838516235,42360,42471,111
13.0879898071,80.2838821411,42471,42512,41
13.0879898071,80.2838821411,42512,42522,10
13.0881204605,80.2838821411,42522,42532,10
13.0881795883,80.2833633423,42532,42553,21
13.0881595612,80.2832794189,42553,42583,30
13.0881595612,80.2832794189,42583,42593,10
13.0882997513,80.2832565308,42593,42603,10
13.0882797241,80.282951355,42603,42613,10
13.0882396698,80.2825393677,42613,42623,10
13.0882301331,80.282333374,42623,42633,10
13.0881500244,80.2819900513,42633,42643,10
13.0879402161,80.2815093994,42643,42653,10
13.0874996185,80.2813796997,42653,42664,11
13.0870103836,80.28125,42664,42674,10
13.0866804123,80.2811431885,42674,42684,10
13.0864496231,80.2810897827,42684,42694,10
13.0863704681,80.2810974121,42694,42704,10
13.0860395432,80.2810211182,42704,42714,10
13.0857095718,80.2808685303,42714,42724,10
13.085650444,80.2806777954,42724,42734,10
13.0855903625,80.2804794312,42734,42744,10
13.0855503082,80.2801437378,42744,42755,11
13.0853395462,80.279548645,42755,42765,10
13.0847997665,80.2793197632,42765,42775,10
13.0844202042,80.279258728,42775,42785,10
13.0839004517,80.2792129517,42785,42795,10
13.0832901001,80.2789611816,42795,42805,10
13.0827798843,80.2787475586,42805,42815,10
13.08273983,80.278717041,42815,42824,9
13.0824899673,80.2786178589,42824,42835,11
13.0820903778,80.2784576416,42835,42846,11
13.0819196701,80.2779083252,42846,42856,10
13.081870079,80.2776489258,42856,42866,10
13.0818099976,80.2773284912,42866,42876,10
13.0817804337,80.2772064209,42876,42886,10
13.0817804337,80.2768783569,42886,42906,20
13.0817804337,80.2768783569,42906,42916,10
13.0818395615,80.2766113281,42916,42926,10
13.0816898346,80.2767410278,42926,42957,31
13.0816898346,80.2767410278,42957,42967,10
13.0817298889,80.2766494751,42967,42977,10
13.0816898346,80.2763519287,42977,42987,10
13.0816602707,80.2761001587,42987,42997,10
13.0816202164,80.2759094238,42997,43007,10
13.0815601349,80.2756576538,43007,43068,61
13.081489563,80.2752838135,43068,43088,20
13.081489563,80.2752838135,43088,43098,10
13.0812702179,80.2751998901,43098,43108,10
13.080739975,80.2752609253,43108,43119,11
13.0800895691,80.2753295898,43119,43129,10
13.0795097351,80.2753295898,43129,43139,10
13.0787000656,80.2751998901,43139,43149,10
13.0781297684,80.2759933472,43149,43159,10
13.077249527,80.276260376,43159,43169,10
13.0761499405,80.2763366699,43169,43179,10
13.0751495361,80.2763824463,43179,43189,10
13.075050354,80.2763824463,43189,43199,10
13.074760437,80.2763824463,43199,43210,11
13.074139595,80.2764205933,43210,43220,10
13.0739603043,80.2764587402,43220,43230,10
13.073800087,80.2764816284,43230,43240,10
13.0733203888,80.2762374878,43240,43250,10
13.072810173,80.2756271362,43250,43260,10
13.0721797943,80.2749633789,43260,43270,10
13.0714502335,80.274559021,43270,43280,10
13.0707197189,80.2742462158,43280,43301,21
13.0707197189,80.2742462158,43301,43311,10
13.0705499649,80.2740097046,43311,43321,10
13.0701904297,80.2735595703,43321,43331,10
13.0696802139,80.2729721069,43331,43341,10
13.0690698624,80.2723083496,43341,43351,10
13.0688495636,80.2720565796,43351,43361,10
13.0688400269,80.2720108032,43361,43371,10
13.0684404373,80.2719421387,43371,43381,10
13.0681400299,80.2715301514,43381,43392,11
13.0677404404,80.2710266113,43392,43402,10
13.0671195984,80.270401001,43402,43412,10
13.0664997101,80.2697372437,43412,43422,10
13.0663700104,80.2691268921,43422,43432,10
13.0661401749,80.2683029175,43432,43442,10
13.0652303696,80.2676620483,43442,43462,20
13.0652303696,80.2676620483,43462,43472,10
13.0648899078,80.267578125,43472,43483,11
13.0642995834,80.2674407959,43483,43493,10
13.0640602112,80.2673492432,43493,43503,10
13.0636501312,80.2672576904,43503,43513,10
13.0631799698,80.2672424316,43513,43523,10
13.0630397797,80.2672195435,43523,43533,10
13.0628204346,80.2671279907,43533,43543,10
13.0624799728,80.2668685913,43543,43553,10
13.0620803833,80.2663116455,43553,43563,10
13.0616102219,80.2657623291,43563,43573,10
13.0611400604,80.2652664185,43573,43584,11
13.0604295731,80.2655029297,43584,43594,10
13.0602798462,80.2655715942,43594,43604,10
13.0600404739,80.2656173706,43604,43614,10
13.0594596863,80.265586853,43614,43624,10
13.0588703156,80.2655105591,43624,43634,10
13.0583295822,80.2653884888,43634,43644,10
13.057559967,80.2650985718,43644,43654,10
13.0570802689,80.2649383545,43654,43664,10
13.0570001602,80.2648620605,43664,43675,11
13.0564403534,80.2646179199,43675,43685,10
13.0557804108,80.2645187378,43685,43695,10
13.0548601151,80.2643737793,43695,43705,10
13.0544300079,80.2642974854,43705,43715,10
13.0543804169,80.2643203735,43715,43725,10
13.0539703369,80.2642211914,43725,43735,10
13.0539503098,80.2641906738,43735,43745,10
13.0537996292,80.2640609741,43745,43755,10
13.0534200668,80.2638778687,43755,43766,11
13.0526399612,80.2638397217,43766,43776,10
13.0520296097,80.2638931274,43776,43786,10
13.0517902374,80.263923645,43786,43796,10
13.0513801575,80.2640075684,43796,43806,10
13.0506296158,80.2641067505,43806,43816,10
13.0497503281,80.2640762329,43816,43826,10
13.0491895676,80.2643814087,43826,43836,10
13.0489196777,80.2648773193,43836,43846,10
13.0489196777,80.2649383545,43846,43857,11
13.0486402512,80.2653579712,43857,43867,10
13.0480604172,80.265953064,43867,43877,10
13.0477304459,80.2662277222,43877,43887,10
13.0473804474,80.2663269043,43887,43897,10
13.0469799042,80.2663421631,43897,43907,10
13.0468997955,80.2663269043,43907,43917,10
13.0465602875,80.2663192749,43917,43927,10
13.0458498001,80.2665634155,43927,43937,10
13.0451803207,80.2666778564,43937,43948,11
13.0445404053,80.2668609619,43948,43958,10
13.0437498093,80.267288208,43958,43968,10
13.0428304672,80.2678604126,43968,43978,10
13.0420303345,80.2681732178,43978,43988,10
13.0412998199,80.2682571411,43988,43998,10
13.0411596298,80.2682418823,43998,44008,10
13.041009903,80.2681808472,44008,44018,10
13.0404996872,80.2680664063,44018,44028,10
13.040019989,80.2678985596,44028,44039,11
13.0395402908,80.2677307129,44039,44049,10
13.0391798019,80.2676696777,44049,44059,10
13.0384998322,80.2676620483,44059,44069,10
13.0380802155,80.2676696777,44069,44079,10
13.0377998352,80.267616272,44079,44140,61
13.0377998352,80.267616272,44140,44150,10
13.0376501083,80.2676696777,44150,44160,10
13.0372104645,80.2676010132,44160,44231,71
13.0372104645,80.2676010132,44231,44241,10
13.036860466,80.2675476074,44241,44251,10
13.0364398956,80.2676773071,44251,44261,10
13.0359601974,80.2677993774,44261,44271,10
13.0355501175,80.2678833008,44271,44281,10
13.0352401733,80.2679519653,44281,44291,10
13.034620285,80.2680587769,44291,44301,10
13.0342197418,80.2679824829,44301,44312,11
13.0340003967,80.2679519653,44312,44322,10
13.033370018,80.2678527832,44322,44332,10
13.0327701569,80.2677230835,44332,44342,10
13.0326404572,80.2676620483,44342,44352,10
13.0324802399,80.2675094604,44352,44362,10
13.0320100784,80.2672271729,44362,44372,10
13.0312795639,80.266960144,44372,44382,10
13.0306301117,80.2668075562,44382,44392,10
13.0303401947,80.2667617798,44392,44403,11
13.0299100876,80.2666778564,44403,44413,10
13.0297899246,80.2666778564,44413,44423,10
13.0293998718,80.2665786743,44423,44433,10
13.0286798477,80.2663421631,44433,44443,10
13.0281801224,80.266242981,44443,44453,10
13.0277204514,80.2661590576,44453,44463,10
13.0271196365,80.2660522461,44463,44473,10
13.0266304016,80.2656097412,44473,44494,21
13.0267601013,80.2654724121,44494,44565,71
13.0267295837,80.2653884888,44565,45111,546
13.0267295837,80.2653884888,45111,45120,9
13.029299736,80.2660217285,45120,45130,10
13.0292396545,80.26612854,45130,45141,11
13.0289802551,80.2663726807,45141,45333,192
13.0289802551,80.2663726807,45333,45343,10
13.0366096497,80.2676315308,45343,45353,10
13.0370197296,80.2675933838,45353,45404,51
13.0370197296,80.2675933838,45404,45414,10
13.0380601883,80.2646865845,45414,45424,10
13.0387001038,80.2645187378,45424,45454,30
13.0387001038,80.2645187378,45454,45464,10
13.0400104523,80.2645263672,45464,45474,10
13.0408401489,80.2646026611,45474,45495,21
13.0408401489,80.2646026611,45495,45505,10
13.0414800644,80.2650604248,45505,45515,10
13.0413999557,80.2653198242,45515,45525,10
13.0413303375,80.2655563354,45525,45535,10
13.0412797928,80.2660217285,45535,45545,10
13.0411596298,80.2667312622,45545,45555,10
13.0413103104,80.2677764893,45555,45586,31
13.0415897369,80.2681274414,45586,45606,20
13.0415897369,80.2681274414,45606,45616,10
13.0420303345,80.268157959,45616,45626,10
13.0430498123,80.2680435181,45626,45677,51
13.0430498123,80.2680435181,45677,45687,10
13.04529953,80.2674789429,45687,45697,10
13.0444297791,80.2683563232,45697,45707,10
13.0444402695,80.2695236206,45707,45727,20
13.0444402695,80.2695236206,45727,45737,10
13.0440597534,80.2707824707,45737,45747,10
13.0438203812,80.2717819214,45747,45757,10
13.0435800552,80.2728881836,45757,45767,10
13.0435600281,80.2733001709,45767,45778,11
13.0434598923,80.2732925415,45778,45788,10
13.0433397293,80.2737503052,45788,45798,10
13.0432596207,80.2744216919,45798,45808,10
13.0432596207,80.2752990723,45808,45818,10
13.0432796478,80.2761077881,45818,45828,10
13.0433197021,80.2769699097,45828,45838,10
13.0433397293,80.2776870728,45838,45848,10
13.0433397293,80.2777633667,45848,45858,10
13.0433397293,80.2779922485,45858,45869,11
13.0433397293,80.2786636353,45869,45879,10
13.0433797836,80.2794876099,45879,45889,10
13.0438098907,80.2797698975,45889,45899,10
13.0446195602,80.2799224854,45899,45909,10
13.0455102921,80.2800369263,45909,45919,10
13.0464401245,80.2801818848,45919,45929,10
13.0474901199,80.2803115845,45929,45939,10
13.0485601425,80.2804489136,45939,45949,10
13.0494804382,80.2805786133,45949,45960,11
13.0504999161,80.2807388306,45960,45970,10
13.0511903763,80.2808609009,45970,45980,10
13.0520095825,80.2809829712,45980,45990,10
13.0528402328,80.2810974121,45990,46000,10
13.0536603928,80.28125,46000,46010,10
13.0546398163,80.2814483643,46010,46020,10
13.055680275,80.2816314697,46020,46030,10
13.0563402176,80.2817611694,46030,46040,10
13.0565395355,80.2818069458,46040,46051,11
13.0571899414,80.2819366455,46051,46061,10
13.0578804016,80.2820968628,46061,46071,10
13.0587701797,80.2823028564,46071,46081,10
13.0597696304,80.2824935913,46081,46091,10
13.0607099533,80.2826690674,46091,46101,10
13.06153965,80.2828598022,46101,46111,10
13.062330246,80.2830429077,46111,46121,10
13.0627498627,80.2831268311,46121,46142,21
13.0627498627,80.2831268311,46142,46152,10
13.0629796982,80.2831802368,46152,46162,10
13.0634298325,80.2833023071,46162,46172,10
13.064040184,80.2834396362,46172,46182,10
13.0648899078,80.2836227417,46182,46192,10
13.0659399033,80.2838363647,46192,46202,10
13.0671701431,80.2841415405,46202,46212,10
13.068189621,80.284286499,46212,46222,10
13.0692396164,80.284538269,46222,46233,11
13.0705795288,80.2849121094,46233,46243,10
13.0718603134,80.2852325439,46243,46253,10
13.0730199814,80.28540802,46253,46263,10
13.0739202499,80.2854537964,46263,46273,10
13.0739498138,80.2855682373,46273,46283,10
13.074139595,80.2858581543,46283,46293,10
13.0745401382,80.2862167358,46293,46303,10
13.0748300552,80.2863769531,46303,46313,10
13.0753698349,80.2867202759,46313,46323,10
13.076210022,80.2870483398,46323,46334,11
13.0773296356,80.287361145,46334,46344,10
13.0785198212,80.2876815796,46344,46354,10
13.0795097351,80.2880477905,46354,46364,10
13.0803699493,80.2881622314,46364,46374,10
13.0805902481,80.2882385254,46374,46384,10
13.0806703568,80.2882919312,46384,46394,10
13.0812196732,80.2884902954,46394,46404,10
13.0820503235,80.2887573242,46404,46414,10
13.0829401016,80.2891387939,46414,46425,11
13.0839500427,80.2891464233,46425,46435,10
13.0849895477,80.2891387939,46435,46445,10
13.0859498978,80.2892990112,46445,46455,10
13.0870199203,80.2895965576,46455,46465,10
13.0878400803,80.2899475098,46465,46475,10
13.088259697,80.2901229858,46475,46485,10
13.088760376,80.2900695801,46485,46496,11
13.0893201828,80.2899398804,46496,46505,9
13.0885400772,80.2901229858,46505,46526,21
13.0885400772,80.2901229858,46526,46536,10
13.088640213,80.2903823853,46536,46546,10
13.0878696442,80.2898864746,46546,46566,20
13.0878696442,80.2898864746,46566,46576,10
13.0859003067,80.2894821167,46576,46586,10
13.0854196548,80.2888870239,46586,46597,11
13.0848398209,80.2881011963,46597,46607,10
13.0851802826,80.2870635986,46607,46617,10
13.0852499008,80.2861480713,46617,46627,10
13.0853099823,80.2852401733,46627,46637,10
13.0852899551,80.2844009399,46637,46647,10
13.0853004456,80.283996582,46647,46657,10
13.0854301453,80.2836990356,46657,46667,10
13.0855798721,80.2835388184,46667,46677,10
13.0858802795,80.2835464478,46677,46687,10
13.0861902237,80.2835922241,46687,46698,11
13.0868902206,80.2839584351,46698,46728,30
13.0868902206,80.2839584351,46728,46738,10
13.0871601105,80.2839508057,46738,46748,10
13.0877103806,80.2838592529,46748,46819,71
13.0877895355,80.2838973999,46819,46870,51
13.0877895355,80.2838973999,46870,46880,10
13.0879802704,80.2838821411,46880,46890,10
13.0881700516,80.2839431763,46890,46900,10
13.0881500244,80.2837219238,46900,46910,10
13.0882196426,80.2835388184,46910,46920,10
13.088259697,80.2831573486,46920,46930,10
13.0882101059,80.2825622559,46930,46940,10
13.0881996155,80.2819213867,46940,46950,10
13.0880098343,80.2814788818,46950,46960,10
13.0882797241,80.2814025879,46960,46971,11
13.0885095596,80.281578064,46971,46981,10
13.0886201859,80.2819976807,46981,46991,10
13.0885295868,80.2822799683,46991,47001,10
13.0884103775,80.2824935913,47001,47011,10
13.0882797241,80.2827606201,47011,47021,10
13.0882797241,80.2831268311,47021,47031,10
13.0882701874,80.2834014893,47031,47041,10
13.0881996155,80.2838134766,47041,47051,10
13.0883398056,80.2845230103,47051,47062,11
13.0883903503,80.2847518921,47062,47072,10
13.0883998871,80.2850570679,47072,47082,10
13.0884103775,80.2853469849,47082,47092,10
13.0884103775,80.2854766846,47092,47102,10
13.0883998871,80.2854766846,47102,47112,10
13.088350296,80.2857437134,47112,47122,10
13.0880298615,80.2858963013,47122,47132,10
13.0879402161,80.2860031128,47132,47142,10
13.0882997513,80.2864532471,47142,47153,11
13.088470459,80.2870788574,47153,47163,10
13.0885095596,80.2872467041,47163,47173,10
13.0885696411,80.2874526978,47173,47183,10
13.0885696411,80.2877807617,47183,47193,10
13.0886096954,80.2883377075,47193,47203,10
13.0886201859,80.2885437012,47203,47213,10
13.0886602402,80.2889785767,47213,47223,10
13.0886001587,80.2891769409,47223,47233,10
13.0886297226,80.2892990112,47233,47243,10
13.0886697769,80.2898406982,47243,47264,21
13.0886697769,80.2898406982,47264,47274,10
13.0887804031,80.2900085449,47274,47284,10
13.088809967,80.2902832031,47284,47294,10
13.0885801315,80.2903823853,47294,47304,10
13.0881204605,80.2901229858,47304,47314,10
13.0875597,80.2898635864,47314,47324,10
13.086930275,80.2895889282,47324,47334,10
13.0858097076,80.2892074585,47334,47345,11
13.0846300125,80.2890625,47345,47355,10
13.0834903717,80.2891235352,47355,47365,10
13.0825796127,80.2890014648,47365,47375,10
13.0816001892,80.2885971069,47375,47385,10
13.0804395676,80.2882537842,47385,47395,10
13.0800199509,80.2882919312,47395,47405,10
13.0800600052,80.2882766724,47405,47415,10
13.0798397064,80.2882232666,47415,47425,10
13.0792999268,80.2880630493,47425,47436,11
13.0784397125,80.2876815796,47436,47446,10
13.0774803162,80.287437439,47446,47456,10
13.0763196945,80.287147522,47456,47466,10
13.0751695633,80.2867202759,47466,47476,10
13.0742197037,80.2861633301,47476,47486,10
13.073969841,80.2861175537,47486,47496,10
13.0738296509,80.2860870361,47496,47506,10
13.0733003616,80.285949707,47506,47516,10
13.0716400146,80.2852401733,47516,47527,11
13.0716400146,80.2852401733,47527,47537,10
13.0705404282,80.2849578857,47537,47547,10
13.0692996979,80.2846832275,47547,47557,10
13.0682096481,80.2844161987,47557,47567,10
13.0673999786,80.2843093872,47567,47577,10
13.0664196014,80.2840576172,47577,47587,10
13.0652599335,80.2838134766,47587,47597,10
13.0643701553,80.2836074829,47597,47607,10
13.0637197495,80.2834396362,47607,47618,11
13.0631399155,80.2832794189,47618,47628,10
13.0624704361,80.2831420898,47628,47648,20
13.0624704361,80.2831420898,47648,47658,10
13.0623502731,80.2830886841,47658,47668,10
13.061829567,80.2829589844,47668,47678,10
13.0610103607,80.2827911377,47678,47688,10
13.0600500107,80.2826004028,47688,47698,10
13.0589704514,80.282371521,47698,47709,11
13.0578899384,80.2821502686,47709,47719,10
13.0573301315,80.2820281982,47719,47729,10
13.0566797256,80.2819137573,47729,47739,10
13.0566596985,80.2818984985,47739,47749,10
13.0564002991,80.2818374634,47749,47759,10
13.0558996201,80.2817382813,47759,47769,10
13.055150032,80.281578064,47769,47779,10
13.0541801453,80.2814025879,47779,47789,10
13.0530796051,80.281211853,47789,47800,11
13.0517501831,80.2810134888,47800,47810,10
13.0505800247,80.2808303833,47810,47820,10
13.0501499176,80.2807693481,47820,47830,10
13.0501098633,80.2807693481,47830,47840,10
13.0499000549,80.2807388306,47840,47850,10
13.0492897034,80.2806396484,47850,47860,10
13.0485496521,80.2805328369,47860,47870,10
13.0481004715,80.2804718018,47870,47880,10
13.047949791,80.2804489136,47880,47891,11
13.047750473,80.280418396,47891,47901,10
13.0476198196,80.2804107666,47901,47911,10
13.0472002029,80.2803573608,47911,47921,10
13.0464601517,80.2802505493,47921,47931,10
13.0456800461,80.2801437378,47931,47941,10
13.0448102951,80.2800064087,47941,47951,10
13.0440196991,80.279876709,47951,47961,10
13.0433197021,80.2797164917,47961,47971,10
13.0432195663,80.2790222168,47971,47982,11
13.0432195663,80.2781219482,47982,47992,10
13.0431804657,80.2777786255,47992,48002,10
13.0431995392,80.2773208618,48002,48022,20
13.0431995392,80.2773208618,48022,48032,10
13.0432395935,80.2770996094,48032,48042,10
13.0432500839,80.2764816284,48042,48052,10
13.0432500839,80.2756118774,48052,48062,10
13.0432901382,80.2746963501,48062,48083,21
13.0432901382,80.2746963501,48083,48093,10
13.0432596207,80.274597168,48093,48103,10
13.0433197021,80.2741622925,48103,48113,10
13.0434303284,80.2736129761,48113,48123,10
13.0434999466,80.2732009888,48123,48133,10
13.0436401367,80.2725372314,48133,48143,10
13.0437803268,80.2718505859,48143,48153,10
13.043800354,80.2717132568,48153,48164,11
13.0438203812,80.2714614868,48164,48174,10
13.0439195633,80.2707824707,48174,48184,10
13.0441398621,80.2699203491,48184,48194,10
13.0444297791,80.2684707642,48194,48214,20
13.0444297791,80.2684707642,48214,48224,10
13.0444297791,80.2682876587,48224,48234,10
13.0441398621,80.2682876587,48234,48244,10
13.0436000824,80.2683105469,48244,48255,11
13.0425596237,80.2682266235,48255,48265,10
13.0416402817,80.2683334351,48265,48275,10
13.0412197113,80.2683029175,48275,48285,10
13.0412101746,80.2682876587,48285,48295,10
13.0408496857,80.2682189941,48295,48305,10
13.0402803421,80.2680206299,48305,48315,10
13.0399303436,80.2678985596,48315,48325,10
13.0395698547,80.2677993774,48325,48335,10
13.0389900208,80.2677001953,48335,48346,11
13.0382795334,80.2677001953,48346,48356,10
13.0378103256,80.2676773071,48356,48366,10
13.0374898911,80.2676620483,48366,48396,30
13.0374898911,80.2676620483,48396,48406,10
13.0370597839,80.2676086426,48406,48416,10
13.0366601944,80.2676773071,48416,48426,10
13.0363702774,80.2677230835,48426,48437,11
13.0358600616,80.2678222656,48437,48447,10
13.0356197357,80.2678985596,48447,48457,10
13.0352802277,80.2679595947,48457,48467,10
13.0349397659,80.2679977417,48467,48477,10
13.034740448,80.268081665,48477,48487,10
13.0342798233,80.2680587769,48487,48517,30
13.0342798233,80.2680587769,48517,48527,10
13.0340299606,80.2680130005,48527,48538,11
13.0334196091,80.267868042,48538,48548,10
13.0327501297,80.2677307129,48548,48558,10
13.0325403214,80.2675170898,48558,48568,10
13.0320596695,80.2673110962,48568,48578,10
13.0314702988,80.2670669556,48578,48588,10
13.0310401917,80.2669906616,48588,48598,10
13.0305500031,80.2668762207,48598,48608,10
13.030090332,80.2667312622,48608,48618,10
13.0299501419,80.2667236328,48618,48629,11
13.0296401978,80.2666320801,48629,48669,40
13.0296401978,80.2666320801,48669,48679,10
13.0293302536,80.2665786743,48679,48689,10
13.0290603638,80.2664413452,48689,48699,10
13.0285596848,80.2663192749,48699,48709,10
13.0278701782,80.2661819458,48709,48720,11
13.0272197723,80.2660675049,48720,48730,10
13.0266799927,80.2659988403,48730,48740,10
13.0263996124,80.2659225464,48740,48750,10
13.0263395309,80.2656402588,48750,48760,10
13.0263996124,80.2649612427,48760,48770,10
13.0264997482,80.2641296387,48770,48780,10
13.0265102386,80.2640609741,48780,48790,10
13.0265598297,80.2639007568,48790,48800,10
13.0266199112,80.2633972168,48800,48811,11
13.026720047,80.262588501,48811,48821,10
13.0267896652,80.2617034912,48821,48831,10
13.0269002914,80.2609405518,48831,48841,10
13.0270395279,80.2600784302,48841,48851,10
13.0270595551,80.2591781616,48851,48861,10
13.0271396637,80.2581634521,48861,48871,10
13.0270500183,80.2566986084,48871,48891,20
13.0269899368,80.2565689087,48891,48942,51
13.0269899368,80.2565689087,48942,48952,10
13.0270795822,80.2562637329,48952,48962,10
13.0270700455,80.2558670044,48962,48972,10
13.0270795822,80.255859375,48972,48982,10
13.0270595551,80.2555618286,48982,48993,11
13.0270996094,80.2549209595,48993,49003,10
13.0271596909,80.254119873,49003,49013,10
13.0271902084,80.2539672852,49013,49023,10
13.0272502899,80.2538909912,49023,49033,10
13.0272798538,80.253288269,49033,49043,10
13.0274496078,80.2525100708,49043,49053,10
13.0277700424,80.2516021729,49053,49063,10
13.0282297134,80.2508010864,49063,49073,10
13.0284996033,80.2501602173,49073,49104,31
13.0284996033,80.2501602173,49104,49114,10
13.0285596848,80.25,49114,49124,10
13.0287599564,80.2496566772,49124,49134,10
13.0289001465,80.2492980957,49134,49144,10
13.0289497375,80.2490234375,49144,49154,10
13.0289697647,80.2489013672,49154,49164,10
13.0291004181,80.2483825684,49164,49175,11
13.0292596817,80.2474594116,49175,49185,10
13.029419899,80.2464904785,49185,49195,10
13.0294504166,80.2457275391,49195,49205,10
13.0286502838,80.2457199097,49205,49215,10
13.0277204514,80.2455673218,49215,49225,10
13.0274200439,80.2448196411,49225,49235,10
13.0269498825,80.2440795898,49235,49245,10
13.0260601044,80.2437667847,49245,49255,10
13.0250396729,80.2434387207,49255,49266,11
13.0239095688,80.2430496216,49266,49276,10
13.0228796005,80.2427368164,49276,49286,10
13.0220499039,80.2424926758,49286,49296,10
13.0216503143,80.2422027588,49296,49306,10
13.0209503174,80.2418518066,49306,49316,10
13.0208101273,80.2417831421,49316,49326,10
13.0212202072,80.2421722412,49326,49336,10
13.0205202103,80.2419281006,49336,49346,10
13.019659996,80.2416915894,49346,49357,11
13.0188398361,80.2414093018,49357,49367,10
13.018819809,80.2414169312,49367,49377,10
13.0185899734,80.2413330078,49377,49387,10
13.0181598663,80.2412033081,49387,49397,10
13.0177402496,80.2409591675,49397,49407,10
13.0173501968,80.2407989502,49407,49417,10
13.0165596008,80.2407836914,49417,49427,10
13.0157804489,80.2406082153,49427,49437,10
13.0152797699,80.2405395508,49437,49448,11
13.0144796371,80.240447998,49448,49458,10
13.0135202408,80.2404098511,49458,49468,10
13.0123701096,80.2404327393,49468,49478,10
13.0111503601,80.2405166626,49478,49488,10
13.0099096298,80.2405319214,49488,49498,10
13.0080404282,80.2405776978,49498,49539,41
13.0080404282,80.2405776978,49539,49549,10
13.0069599152,80.2386932373,49549,49559,10
13.0071601868,80.2376403809,49559,49569,10
13.0074596405,80.2367401123,49569,49589,20
13.0074596405,80.2367401123,49589,49599,10
13.0075502396,80.2364425659,49599,49609,10
13.0076398849,80.2359237671,49609,49619,10
13.0077896118,80.2351837158,49619,49629,10
13.008020401,80.2341766357,49629,49640,11
13.0082397461,80.2331008911,49640,49650,10
13.0085000992,80.2317962646,49650,49660,10
13.0087203979,80.2304000854,49660,49670,10
13.008939743,80.2289428711,49670,49680,10
13.0093002319,80.2276763916,49680,49690,10
13.0098199844,80.2265319824,49690,49700,10
13.0103597641,80.2256164551,49700,49710,10
13.0105400085,80.2253036499,49710,49720,10
13.0104999542,80.2253189087,49720,49731,11
13.0105895996,80.2251281738,49731,49741,10
13.0106697083,80.224937439,49741,49751,10
13.0107898712,80.2246170044,49751,49761,10
13.0108699799,80.224319458,49761,49771,10
13.011059761,80.2240829468,49771,49811,40
13.0111198425,80.223777771,49811,49842,31
13.0113096237,80.2234573364,49842,49862,20
13.0113096237,80.2234573364,49862,49872,10
13.0114402771,80.2231216431,49872,49882,10
13.0116996765,80.2224731445,49882,49892,10
13.0120401382,80.2215194702,49892,49902,10
13.0121803284,80.2210693359,49902,49913,11
13.0120000839,80.2204437256,49913,49923,10
13.0117101669,80.2195968628,49923,49933,10
13.0114297867,80.2186965942,49933,49943,10
13.0111303329,80.2178268433,49943,49953,10
13.010720253,80.2169265747,49953,49963,10
13.0104398727,80.2163391113,49963,49973,10
13.0100803375,80.2156829834,49973,49983,10
13.0096597672,80.2149505615,49983,49993,10
13.009180069,80.2143173218,49993,50004,11
13.0086603165,80.2136611938,50004,50014,10
13.0082798004,80.2133712769,50014,50044,30
13.0082798004,80.2133712769,50044,50054,10
13.0080299377,80.2132492065,50054,50064,10
13.0078401566,80.2130966187,50064,50074,10
13.0074195862,80.2128372192,50074,50084,10
13.0067396164,80.2127380371,50084,50095,11
13.0059204102,80.2129669189,50095,50105,10
13.0051498413,80.2126083374,50105,50115,10
13.0043497086,80.2122192383,50115,50125,10
13.0037603378,80.2120132446,50125,50135,10
13.0037002563,80.2116470337,50135,50145,10
13.003660202,80.2109603882,50145,50155,10
13.0035600662,80.2101593018,50155,50165,10
13.0035400391,80.2094192505,50165,50175,10
13.0037298203,80.2087097168,50175,50186,11
13.0045003891,80.2088088989,50186,50196,10
13.0052404404,80.2091598511,50196,50206,10
13.0057697296,80.2093582153,50206,50216,10
13.0060396194,80.2094497681,50216,50226,10
13.0061903,80.2095108032,50226,50236,10
13.0066795349,80.2097167969,50236,50256,20
13.0066795349,80.2097167969,50256,50266,10
13.0069999695,80.2097473145,50266,50277,11
13.0078296661,80.2098922729,50277,50287,10
13.0081796646,80.2097091675,50287,50297,10
13.0080299377,80.2088775635,50297,50307,10
13.0078601837,80.2078475952,50307,50317,10
13.0076904297,80.2067337036,50317,50327,10
13.0075397491,80.205581665,50327,50337,10
13.0074901581,80.2046737671,50337,50347,10
13.0074701309,80.2039413452,50347,50357,10
13.0073404312,80.203086853,50357,50368,11
13.0066795349,80.2025985718,50368,50378,10
13.0067300797,80.2033004761,50378,50388,10
13.007519722,80.2036437988,50388,50398,10
13.008480072,80.203666687,50398,50408,10
13.0096902847,80.2035980225,50408,50418,10
13.0111703873,80.2036514282,50418,50428,10
13.0125999451,80.2038726807,50428,50438,10
13.0136299133,80.2042388916,50438,50448,10
13.0136404037,80.2045135498,50448,50459,11
13.0134401321,80.2050018311,50459,50469,10
13.0131797791,80.2058334351,50469,50479,10
13.0129995346,80.2068634033,50479,50489,10
13.0129098892,80.2076263428,50489,50499,10
13.0128602982,80.2080001831,50499,50519,20
13.0128602982,80.2080001831,50519,50529,10
13.0128602982,80.2083206177,50529,50540,11
13.0128002167,80.2085876465,50540,50550,10
13.0129804611,80.209197998,50550,50560,10
13.0132198334,80.2099380493,50560,50570,10
13.0132598877,80.2105331421,50570,50580,10
13.013010025,80.2110671997,50580,50590,10
13.012550354,80.2118225098,50590,50600,10
13.0120096207,80.2126235962,50600,50610,10
13.0118303299,80.212928772,50610,50620,10
13.0114002228,80.2125778198,50620,50630,10
13.0106897354,80.2120513916,50630,50641,11
13.0099496841,80.2114562988,50641,50671,30
13.0099496841,80.2114562988,50671,50681,10
13.0099802017,80.2114181519,50681,50691,10
13.010219574,80.2114105225,50691,50712,21
13.010219574,80.2114105225,50712,50721,9
13.0095100403,80.2111206055,50721,50732,11
13.0094995499,80.211151123,50732,50742,10
13.0094299316,80.2110900879,50742,50833,91
13.0094299316,80.2110900879,50833,50843,10
13.0092201233,80.2112808228,50843,50853,10
13.0087795258,80.2117919922,50853,51136,283
13.0087795258,80.2117919922,51136,51146,10
13.0130596161,80.2267074585,51146,51156,10
13.0121898651,80.2270812988,51156,51166,10
13.0112600327,80.2275695801,51166,51177,11
13.0100002289,80.2283096313,51177,51197,20
13.0100002289,80.2283096313,51197,51207,10
13.0089502335,80.2297592163,51207,51217,10
13.0087299347,80.2308578491,51217,51227,10
13.0085296631,80.2319412231,51227,51237,10
13.0084600449,80.2328109741,51237,51247,10
13.0084199905,80.2334213257,51247,51257,10
13.0082302094,80.2335128784,51257,51267,10
13.008099556,80.2339477539,51267,51277,10
13.0080003738,80.2346420288,51277,51288,11
13.007809639,80.2356491089,51288,51298,10
13.0076198578,80.236618042,51298,51308,10
13.0074300766,80.2375411987,51308,51318,10
13.0072698593,80.2383575439,51318,51328,10
13.0071496964,80.2389602661,51328,51338,10
13.0070495605,80.2394104004,51338,51348,10
13.0069599152,80.2397003174,51348,51358,10
13.0075597763,80.2402267456,51358,51379,21
13.0075597763,80.2402267456,51379,51389,10
13.0077800751,80.2402877808,51389,51399,10
13.0084104538,80.2403717041,51399,51409,10
13.0093402863,80.2403411865,51409,51419,10
13.0104398727,80.2404022217,51419,51429,10
13.0114297867,80.2404174805,51429,51439,10
13.0130395889,80.2404022217,51439,51449,10
13.0144195557,80.2404022217,51449,51459,10
13.0158195496,80.2405395508,51459,51470,11
13.0172700882,80.2408218384,51470,51480,10
13.0178403854,80.2409667969,51480,51530,50
13.0178403854,80.2409667969,51530,51540,10
13.0179395676,80.2409286499,51540,51550,10
13.0183601379,80.2410812378,51550,51561,11
13.0186300278,80.2411575317,51561,51571,10
13.0187501907,80.2411575317,51571,51581,10
13.0192098618,80.2413787842,51581,51591,10
13.0199203491,80.2416610718,51591,51601,10
13.0208101273,80.2419281006,51601,51611,10
13.0217695236,80.2422485352,51611,51621,10
13.0227098465,80.2425613403,51621,51631,10
13.0233402252,80.2427597046,51631,51652,21
13.0233402252,80.2427597046,51652,51662,10
13.0235595703,80.2428512573,51662,51672,10
13.0240697861,80.2430419922,51672,51682,10
13.0247402191,80.243270874,51682,51692,10
13.0255203247,80.2435379028,51692,51702,10
13.0264196396,80.2438583374,51702,51712,10
13.0271902084,80.2441635132,51712,51722,10
13.027680397,80.2452926636,51722,51732,10
13.028260231,80.2455673218,51732,51743,11
13.0291996002,80.2456283569,51743,51793,50
13.0291996002,80.2456283569,51793,51803,10
13.029419899,80.2456512451,51803,51813,10
13.0295000076,80.2460327148,51813,51823,10
13.0293998718,80.2466201782,51823,51834,11
13.029299736,80.2472915649,51834,51844,10
13.0292196274,80.2480163574,51844,51854,10
13.0291004181,80.2486724854,51854,51864,10
13.0289697647,80.2492828369,51864,51884,20
13.0289201736,80.2495574951,51884,51925,41
13.0289201736,80.2495574951,51925,51935,10
13.0286903381,80.2499465942,51935,51945,10
13.0283699036,80.2504806519,51945,51955,10
13.027879715,80.251373291,51955,51965,10
13.0275201797,80.2523193359,51965,51975,10
13.0272703171,80.2535934448,51975,51995,20
13.0272703171,80.2535934448,51995,52005,10
13.027179718,80.2540435791,52005,52016,11
13.0271596909,80.2544021606,52016,52026,10
13.027130127,80.2548675537,52026,52036,10
13.0270700455,80.2554779053,52036,52046,10
13.0270595551,80.256187439,52046,52066,20
13.0270595551,80.256187439,52066,52076,10
13.0270299911,80.256439209,52076,52086,10
13.0270204544,80.2567596436,52086,52096,10
13.027009964,80.2574310303,52096,52107,11
13.027009964,80.2581481934,52107,52117,10
13.0270299911,80.2589035034,52117,52127,10
13.0270595551,80.2595367432,52127,52137,10
13.0270299911,80.2603378296,52137,52146,9
13.0269002914,80.2610626221,52146,52157,11
13.0267896652,80.2620162964,52157,52167,10
13.0267095566,80.2626190186,52167,52177,10
13.0266504288,80.2631835938,52177,52187,10
13.0270395279,80.2634811401,52187,52198,11
13.0275201797,80.2637023926,52198,52208,10
13.0279998779,80.2637863159,52208,52218,10
13.0281400681,80.2637863159,52218,52228,10
13.0284996033,80.2639007568,52228,52238,10
13.0289402008,80.2640609741,52238,52248,10
13.0292196274,80.2641983032,52248,52258,10
13.0292396545,80.2646408081,52258,52268,10
13.0292701721,80.2651824951,52268,52278,10
13.0292396545,80.2656936646,52278,52289,11
13.0292396545,80.2657623291,52289,52299,10
13.0292196274,80.2661590576,52299,52309,10
13.0292701721,80.2664718628,52309,52319,10
13.0296802521,80.2665786743,52319,52329,10
13.0302600861,80.2666778564,52329,52339,10
13.0308904648,80.2667770386,52339,52349,10
13.0315704346,80.2670135498,52349,52359,10
13.0321102142,80.2672119141,52359,52369,10
13.0325498581,80.2674407959,52369,52379,10
13.0331897736,80.2677001953,52379,52390,11
13.033780098,80.2678527832,52390,52400,10
13.0338802338,80.2678985596,52400,52410,10
13.0340499878,80.2679290771,52410,52420,10
13.0342702866,80.2679672241,52420,52430,10
13.0347700119,80.2679214478,52430,52440,10
13.0353298187,80.2678604126,52440,52450,10
13.035779953,80.267791748,52450,52460,10
13.0365200043,80.2676925659,52460,52470,10
13.0369195938,80.2671279907,52470,52481,11
13.0370397568,80.2663803101,52481,52491,10
13.0370998383,80.2662506104,52491,52501,10
13.0372495651,80.2657165527,52501,52511,10
13.0374498367,80.2648773193,52511,52521,10
13.0378198624,80.2643203735,52521,52531,10
13.0383501053,80.2644729614,52531,52541,10
13.0385904312,80.2645492554,52541,52551,10
13.0390396118,80.2646636963,52551,52561,10
13.0396499634,80.2646636963,52561,52572,11
13.0402898788,80.2646102905,52572,52582,10
13.0407600403,80.2646102905,52582,52592,10
13.041270256,80.2646636963,52592,52602,10
13.0413799286,80.2651596069,52602,52612,10
13.0412197113,80.2656936646,52612,52622,10
13.0411195755,80.2665023804,52622,52632,10
13.0410604477,80.267036438,52632,52642,10
13.0409898758,80.2673110962,52642,52652,10
13.0408802032,80.2678604126,52652,52663,11
13.0414199829,80.2680892944,52663,52673,10
13.0416002274,80.2680969238,52673,52683,10
13.0417404175,80.2681121826,52683,52693,10
13.0422296524,80.2680892944,52693,52703,10
13.0427398682,80.267906189,52703,52713,10
13.0429201126,80.2677993774,52713,52723,10
13.0431900024,80.2676086426,52723,52733,10
13.043800354,80.2671432495,52733,52764,31
13.043800354,80.2671432495,52764,52773,9
13.0443696976,80.2668228149,52773,52794,21
13.0443696976,80.2668228149,52794,52804,10
13.0445203781,80.2667236328,52804,52814,10
13.0446395874,80.2673034668,52814,52824,10
13.0445899963,80.2680206299,52824,52834,10
13.0445604324,80.2685012817,52834,52845,11
13.0444498062,80.2689971924,52845,52865,20
13.0444498062,80.2689971924,52865,52875,10
13.0443201065,80.269317627,52875,52885,10
13.044260025,80.2699737549,52885,52895,10
13.0441303253,80.2708587646,52895,52905,10
13.0439300537,80.2716217041,52905,52915,10
13.0436096191,80.2733383179,52915,52936,21
13.0436096191,80.2733383179,52936,52946,10
13.0435495377,80.2735671997,52946,52956,10
13.0434703827,80.2739334106,52956,53006,50
13.0434703827,80.2739334106,53006,53016,10
13.0432901382,80.2742767334,53016,53027,11
13.0433301926,80.275062561,53027,53037,10
13.043299675,80.2759780884,53037,53047,10
13.0433397293,80.2769393921,53047,53057,10
13.0433597565,80.2777404785,53057,53077,20
13.0433597565,80.2777404785,53077,53087,10
13.0433797836,80.277961731,53087,53097,10
13.0433702469,80.2785415649,53097,53107,10
13.0433998108,80.2793807983,53107,53118,11
13.0439796448,80.2797927856,53118,53128,10
13.0448799133,80.2799530029,53128,53138,10
13.0459899902,80.2801132202,53138,53148,10
13.0471801758,80.2802581787,53148,53158,10
13.048330307,80.2804412842,53158,53168,10
13.0495004654,80.2805862427,53168,53178,10
13.0507602692,80.2807922363,53178,53188,10
13.0520601273,80.28099823,53188,53198,10
13.0533103943,80.2811965942,53198,53209,11
13.0547800064,80.2814483643,53209,53219,10
13.0560798645,80.2817001343,53219,53229,10
13.0565004349,80.2817687988,53229,53239,10
13.0566701889,80.2817993164,53239,53249,10
13.0569601059,80.2818527222,53249,53259,10
13.0575199127,80.2819824219,53259,53269,10
13.0583600998,80.2821502686,53269,53279,10
13.0593299866,80.2823562622,53279,53289,10
13.0603504181,80.2825622559,53289,53299,10
13.0614204407,80.2828063965,53299,53320,21
13.0614204407,80.2828063965,53320,53330,10
13.0615797043,80.2828674316,53330,53340,10
13.0620603561,80.2829589844,53340,53350,10
13.0628204346,80.2831192017,53350,53360,10
13.0630397797,80.2831726074,53360,53370,10
13.0631504059,80.2831802368,53370,53380,10
13.0635900497,80.2832717896,53380,53390,10
13.0643196106,80.2834320068,53390,53401,11
13.0652999878,80.2836532593,53401,53411,10
13.0663204193,80.2838973999,53411,53421,10
13.0674200058,80.2841567993,53421,53431,10
13.0685300827,80.2843475342,53431,53441,10
13.0696201324,80.2846221924,53441,53451,10
13.0708599091,80.284942627,53451,53461,10
13.0721597672,80.2852172852,53461,53471,10
13.0732498169,80.2851867676,53471,53481,10
13.0735502243,80.2852020264,53481,53492,11
13.0735902786,80.2852325439,53492,53502,10
13.0737400055,80.2852935791,53502,53512,10
13.0740003586,80.2856369019,53512,53522,10
13.0740404129,80.2857131958,53522,53532,10
13.074139595,80.2858428955,53532,53542,10
13.0745601654,80.2862014771,53542,53552,10
13.0752696991,80.2866287231,53552,53562,10
13.0761804581,80.2870178223,53562,53572,10
13.0773000717,80.287322998,53572,53583,11
13.078669548,80.2876815796,53583,53593,10
13.0797100067,80.2880172729,53593,53603,10
13.0803604126,80.2881469727,53603,53613,10
13.0808000565,80.2882766724,53613,53623,10
13.0808000565,80.288269043,53623,53633,10
13.0809803009,80.2883300781,53633,53643,10
13.0817203522,80.2885971069,53643,53653,10
13.0825901031,80.2889480591,53653,53663,10
13.0836296082,80.2891464233,53663,53674,11
13.0845603943,80.2891235352,53674,53684,10
13.0861196518,80.2892990112,53684,53694,10
13.0873003006,80.2896728516,53694,53704,10
13.088139534,80.2900238037,53704,53714,10
13.0886602402,80.2901229858,53714,53724,10
13.0887203217,80.2901077271,53724,53795,71
13.0887203217,80.2901077271,53795,53803,8
13.0884199142,80.2902603149,53803,53815,12
13.0884199142,80.2902603149,53815,53825,10
13.087679863,80.2899398804,53825,53835,10
13.0867204666,80.2896575928,53835,53845,10
13.0858402252,80.2894363403,53845,53856,11
13.0854101181,80.2888336182,53856,53866,10
13.0851402283,80.2880706787,53866,53876,10
13.0851402283,80.287071228,53876,53886,10
13.0852298737,80.2860107422,53886,53896,10
13.0853004456,80.2851104736,53896,53906,10
13.0851802826,80.2841186523,53906,53916,10
13.0851898193,80.2840576172,53916,53926,10
13.0851802826,80.2840423584,53926,53936,10
13.0854101181,80.2836608887,53936,53947,11
13.0856103897,80.2835235596,53947,53957,10
13.0858001709,80.2835388184,53957,53967,10
13.0861501694,80.2835235596,53967,53977,10
13.0864295959,80.2836837769,53977,53987,10
13.0866699219,80.2836914063,53987,53996,9
13.0868196487,80.2836380005,53996,54027,31
13.0868196487,80.2836380005,54027,54037,10
13.0869503021,80.2836608887,54037,54048,11
13.0871696472,80.2836608887,54048,54058,10
13.087439537,80.2836380005,54058,54108,50
13.0878295898,80.2835617065,54108,54149,41
13.0879602432,80.2834320068,54149,54270,121
13.0879602432,80.2834320068,54270,54280,10
13.0882396698,80.2831115723,54280,54290,10
13.0882196426,80.2827224731,54290,54301,11
13.0881996155,80.2822418213,54301,54310,9
13.0882301331,80.2821121216,54310,54321,11
13.0881099701,80.2817230225,54321,54331,10
13.0877599716,80.2813796997,54331,54341,10
13.0873699188,80.2813034058,54341,54351,10
13.0869903564,80.2811889648,54351,54361,10
13.0864696503,80.2810668945,54361,54371,10
13.0859298706,80.2808914185,54371,54381,10
13.0856895447,80.2803726196,54381,54392,11
13.0855302811,80.279838562,54392,54401,9
13.0849103928,80.2794494629,54401,54412,11
13.0843000412,80.2793121338,54412,54472,60
13.0843000412,80.2793121338,54472,54482,10
13.0840597153,80.2791519165,54482,54492,10
13.0836400986,80.2790603638,54492,54503,11
13.0828895569,80.278717041,54503,54513,10
13.0824804306,80.2785873413,54513,54523,10
13.0824899673,80.2785797119,54523,54563,40
13.0824899673,80.2785797119,54563,54573,10
13.0817604065,80.2768936157,54573,54583,10
13.0816402435,80.2760772705,54583,54594,11
13.0815401077,80.2757415771,54594,54604,10
13.0815200806,80.2755508423,54604,54614,10
13.0814599991,80.2752990723,54614,54624,10
13.0810604095,80.2751998901,54624,54634,10
13.0805702209,80.2752609253,54634,54644,10
13.0800104141,80.2753219604,54644,54654,10
13.079369545,80.2752914429,54654,54664,10
13.0785598755,80.2752227783,54664,54674,10
13.0781297684,80.2760009766,54674,54685,11
13.077249527,80.276260376,54685,54695,10
13.0762395859,80.2763214111,54695,54705,10
13.0758800507,80.276260376,54705,54715,10
13.0758800507,80.2760009766,54715,54725,10
13.0760602951,80.2756881714,54725,54735,10
13.0760602951,80.2747573853,54735,54776,41
13.0760297775,80.2746810913,54776,54877,101
13.0760602951,80.2746200562,54877,54897,20
13.0760202408,80.2746276855,54897,61278,6381
13.0760202408,80.2746276855,61278,61288,10
13.0086698532,80.2311019897,61288,61298,10
13.0084600449,80.2322311401,61298,61308,10
13.008190155,80.2340316772,61308,61783,475
13.008190155,80.2340316772,61783,61793,10
13.0224599838,80.2425308228,61793,61803,10
13.0233097076,80.2427902222,61803,61823,20
13.0233097076,80.2427902222,61823,61834,11
13.0234203339,80.2428436279,61834,61844,10
13.023900032,80.242980957,61844,61854,10
13.0246496201,80.2432479858,61854,61864,10
13.0254297256,80.2435302734,61864,61874,10
13.0262804031,80.2438201904,61874,61884,10
13.0271196365,80.2441101074,61884,61894,10
13.0277204514,80.2449188232,61894,61905,11
13.0280704498,80.2458267212,61905,61914,9
13.0287799835,80.2456130981,61914,61936,22
13.0287799835,80.2456130981,61936,61946,10
13.0289201736,80.2456130981,61946,61956,10
13.0296497345,80.2457199097,61956,62279,323
13.0296497345,80.2457199097,62279,62290,11
13.027130127,80.2560882568,62290,62320,30
13.027130127,80.2560882568,62320,62330,10
13.0270996094,80.2566299438,62330,62340,10
13.0270795822,80.2570266724,62340,62350,10
13.0270900726,80.2575302124,62350,62360,10
13.0270996094,80.2581710815,62360,62411,51
13.0270996094,80.2581710815,62411,62421,10
13.0269298553,80.2609405518,62421,62431,10
13.0268497467,80.2613677979,62431,62441,10
13.0267801285,80.2619018555,62441,62451,10
13.0266799927,80.2629089355,62451,62461,10
13.0267696381,80.2634124756,62461,62471,10
13.0270996094,80.263458252,62471,62482,11
13.0273704529,80.2635116577,62482,62492,10
13.0276498795,80.2635574341,62492,62603,111
13.0276498795,80.2635574341,62603,62613,10
13.0293397903,80.2666473389,62613,62623,10
13.0294103622,80.2670516968,62623,62684,61
13.0294103622,80.2670516968,62684,62694,10
13.032699585,80.267578125,62694,62704,10
13.0329999924,80.2677307129,62704,62714,10
13.0334100723,80.267791748,62714,62724,10
13.0336999893,80.2678604126,62724,62735,11
13.0340595245,80.2679367065,62735,62745,10
13.0336503983,80.267906189,62745,62755,10
13.0340099335,80.2679367065,62755,62765,10
13.0342197418,80.2679519653,62765,62775,10
13.0336503983,80.2673568726,62775,62815,40
13.0336503983,80.2673568726,62815,62825,10
13.0366401672,80.2673416138,62825,62835,10
13.0369596481,80.2668380737,62835,62846,11
13.0370702744,80.2663421631,62846,62856,10
13.0370798111,80.2663116455,62856,62866,10
13.0370798111,80.2661590576,62866,62876,10
13.0373001099,80.265663147,62876,62886,10
13.0374097824,80.2649230957,62886,62896,10
13.0376195908,80.2643127441,62896,62906,10
13.0377397537,80.2637634277,62906,62937,31
13.0377397537,80.2637634277,62937,62947,10
13.0404396057,80.2643585205,62947,62977,30
13.0404396057,80.2643585205,62977,62987,10
13.0413503647,80.2655181885,62987,62997,10
13.0412397385,80.266166687,62997,63007,10
13.0411300659,80.2668762207,63007,63017,10
13.0410900116,80.2671508789,63017,63028,11
13.0409803391,80.2674179077,63028,63109,81
13.0409803391,80.2674179077,63109,63119,10
13.0435800552,80.2681808472,63119,63128,9
13.0434398651,80.2673187256,63128,63139,11
13.0443401337,80.2668914795,63139,63190,51
13.0443401337,80.2668914795,63190,63199,9
13.044670105,80.2678527832,63199,63210,11
13.0446195602,80.2684173584,63210,63220,10
13.0446195602,80.2690734863,63220,63230,10
13.044549942,80.26953125,63230,63240,10
13.0444498062,80.2695617676,63240,63250,10
13.0443401337,80.270072937,63250,63260,10
13.0441904068,80.2708587646,63260,63270,10
13.0439996719,80.271812439,63270,63279,9
13.0437898636,80.2727890015,63279,63290,11
13.0436601639,80.2734985352,63290,63300,10
13.0436401367,80.2735671997,63300,63311,11
13.0436000824,80.2738037109,63311,63321,10
13.0435400009,80.2741394043,63321,63331,10
13.0434398651,80.2745437622,63331,63341,10
13.043419838,80.275177002,63341,63351,10
13.043390274,80.2759094238,63351,63361,10
13.0433702469,80.2766723633,63361,63382,21
13.0433702469,80.2766723633,63382,63391,9
13.043419838,80.2780075073,63391,63402,11
13.0433998108,80.2779998779,63402,63412,10
13.0434103012,80.2783584595,63412,63422,10
13.0434103012,80.2789230347,63422,63432,10
13.043419838,80.2795791626,63432,63503,71
13.043419838,80.2795791626,63503,63513,10
13.0494604111,80.2806930542,63513,63523,10
13.0502004623,80.2808227539,63523,63533,10
13.0504798889,80.2811965942,63533,63543,10
13.0506401062,80.2808074951,63543,63554,11
13.0513401031,80.280921936,63554,63564,10
13.0524101257,80.2811279297,63564,63573,9
13.0532999039,80.2812194824,63573,63584,11
13.0544700623,80.2814178467,63584,63594,10
13.0554504395,80.281578064,63594,63604,10
13.056139946,80.2817382813,63604,63614,10
13.0565595627,80.281829834,63614,63624,10
13.0560102463,80.2817077637,63624,63634,10
13.0562601089,80.2817611694,63634,63644,10
13.0565395355,80.2818222046,63644,63654,10
13.0567502975,80.2818603516,63654,63675,21
13.0567502975,80.2818603516,63675,63685,10
13.0570201874,80.2819213867,63685,63695,10
13.0574798584,80.2820205688,63695,63705,10
13.0581102371,80.2821426392,63705,63715,10
13.0585603714,80.2822265625,63715,63725,10
13.059969902,80.2825317383,63725,63735,10
13.0605897903,80.2826385498,63735,63745,10
13.0615301132,80.2828369141,63745,63755,10
13.0624198914,80.2830429077,63755,63766,11
13.0628004074,80.2831268311,63766,63776,10
13.0628404617,80.2831497192,63776,63786,10
13.063170433,80.2832183838,63786,63796,10
13.063750267,80.2834014893,63796,63847,51
13.063750267,80.2834014893,63847,63857,10
13.0642595291,80.283493042,63857,63867,10
13.0648202896,80.2836074829,63867,63877,10
13.065580368,80.2837982178,63877,63887,10
13.0664196014,80.2839736938,63887,63897,10
13.0676498413,80.2842178345,63897,63907,10
13.0685997009,80.2844085693,63907,63917,10
13.0696601868,80.2846832275,63917,63927,10
13.0708703995,80.2849884033,63927,63938,11
13.0722198486,80.2853164673,63938,63948,10
13.0732002258,80.2853164673,63948,63958,10
13.0737199783,80.2853317261,63958,63968,10
13.0737400055,80.2853469849,63968,63978,10
13.0739202499,80.2854614258,63978,63988,10
13.0741901398,80.2858200073,63988,63998,10
13.0747299194,80.2865371704,63998,64019,21
13.0770597458,80.2870864868,64019,64039,20
13.0770597458,80.2870864868,64039,64049,10
13.0793199539,80.2880401611,64049,64059,10
13.0801496506,80.2881088257,64059,64069,10
13.0809803009,80.2882614136,64069,64140,71
13.0809803009,80.2882614136,64140,64150,10
13.0842199326,80.2892990112,64150,64160,10
13.0851602554,80.2892303467,64160,64170,10
13.0861902237,80.2893981934,64170,64180,10
13.0871400833,80.2896728516,64180,64190,10
13.0884199142,80.2901000977,64190,64251,61
13.0884199142,80.2901000977,64251,64261,10
13.0873098373,80.2895965576,64261,64271,10
13.0875501633,80.2897415161,64271,64281,10
13.0878801346,80.2899398804,64281,64291,10
13.0880804062,80.2900238037,64291,64301,10
13.0881500244,80.2900466919,64301,64312,11
13.0885601044,80.2902374268,64312,64585,273
13.0885601044,80.2902374268,64585,64595,10
13.0852499008,80.2838897705,64595,64605,10
13.0857000351,80.2839584351,64605,64615,10
13.0854196548,80.2837295532,64615,64625,10
13.0853395462,80.2836608887,64625,64635,10
13.0856103897,80.2835083008,64635,64645,10
13.0859804153,80.2835617065,64645,64655,10
13.0863704681,80.2835388184,64655,64736,81
13.0863704681,80.2835388184,64736,64746,10
13.0870103836,80.2839584351,64746,64757,11
13.0875101089,80.2839431763,64757,65656,899
13.0875101089,80.2839431763,65656,65666,10
13.0806398392,80.2884597778,65666,65677,11
13.0794000626,80.2880401611,65677,66010,333
13.0645303726,80.2833633423,66010,66132,122
13.057299614,80.2822418213,66132,66152,20
13.057299614,80.2822418213,66152,66162,10
13.0566501617,80.2819213867,66162,66172,10
13.0564403534,80.2818908691,66172,66182,10
13.056019783,80.2817764282,66182,66192,10
13.0554599762,80.2816772461,66192,66202,10
13.054019928,80.2814025879,66202,66334,132
13.054019928,80.2814025879,66334,66344,10
13.0451803207,80.2801132202,66344,66354,10
13.0449399948,80.2800674438,66354,66364,10
13.0447902679,80.2800369263,66364,66374,10
13.0445404053,80.2799987793,66374,66384,10
13.044210434,80.2799606323,66384,66394,10
13.0438098907,80.2798690796,66394,66445,51
13.0438098907,80.2798690796,66445,66455,10
13.0437297821,80.2798919678,66455,66465,10
13.0433797836,80.2797698975,66465,66475,10
13.0432901382,80.2791976929,66475,66485,10
13.0432901382,80.2783889771,66485,66495,10
13.043299675,80.2778167725,66495,66505,10
13.0432796478,80.2775115967,66505,66515,10
13.0432796478,80.2774581909,66515,66526,11
13.0432901382,80.2772369385,66526,66536,10
13.0432796478,80.2769470215,66536,66546,10
13.0432901382,80.2767028809,66546,66556,10
13.0432796478,80.2762908936,66556,66566,10
13.043299675,80.275718689,66566,66577,11
13.0433101654,80.2749633789,66577,66669,92
13.0433101654,80.2749633789,66669,66679,10
13.0433397293,80.2746582031,66679,66690,11
13.0433502197,80.2742919922,66690,66872,182
13.0433502197,80.2742919922,66872,66881,9
13.0410995483,80.2682571411,66881,66912,31
13.0410995483,80.2682571411,66912,66922,10
13.0408802032,80.2682495117,66922,66932,10
13.0404596329,80.2681503296,66932,66942,10
13.0399198532,80.267868042,66942,66952,10
13.039560318,80.2676925659,66952,66962,10
13.0391101837,80.2677307129,66962,66972,10
13.0387897491,80.2677001953,66972,66983,11
13.038769722,80.2677001953,66983,66993,10
13.0382900238,80.2677307129,66993,67043,50
13.0380802155,80.2676773071,67043,67104,61
13.0379600525,80.2677307129,67104,67731,627
13.0379600525,80.2677307129,67731,67741,10
13.0264902115,80.2642211914,67741,67751,10
13.0265398026,80.2634124756,67751,67852,101
13.0271100998,80.258682251,67852,67872,20
13.0268802643,80.2580795288,67872,67943,71
13.0268802643,80.2580795288,67943,67953,10
13.0268802643,80.2569885254,67953,67963,10
13.0269298553,80.2567596436,67963,68024,61
13.0269298553,80.2567596436,68024,68034,10
13.027130127,80.2544174194,68034,68044,10
13.027130127,80.253616333,68044,68085,41
13.027130127,80.253616333,68085,68095,10
13.0271196365,80.2540893555,68095,68105,10
13.0271196365,80.2539978027,68105,68115,10
13.027130127,80.2537765503,68115,68125,10
13.0270299911,80.2530975342,68125,68438,313
13.0270299911,80.2530975342,68438,68448,10
13.0219802856,80.2425079346,68448,68459,11
13.0212602615,80.2422180176,68459,68823,364
13.0212602615,80.2422180176,68823,68833,10
13.0086297989,80.2407302856,68833,68843,10
13.0085401535,80.2406311035,68843,68853,10
13.0085601807,80.2406768799,68853,68863,10
13.0083703995,80.2405166626,68863,72746,3883
13.0083703995,80.2405166626,72746,72755,9
13.013420105,80.2402801514,72755,72766,11
13.0146903992,80.2404785156,72766,72776,10
13.0157804489,80.2406082153,72776,72786,10
13.0168304443,80.2408294678,72786,72796,10
13.0180997849,80.2410964966,72796,72816,20
13.0180997849,80.2410964966,72816,72826,10
13.0172100067,80.2408828735,72826,72836,10
13.01720047,80.2408905029,72836,72846,10
13.0174503326,80.2409515381,72846,72857,11
13.0178899765,80.2410583496,72857,72867,10
13.0183897018,80.2412109375,72867,72877,10
13.0186901093,80.2413330078,72877,72887,10
13.0187702179,80.2412796021,72887,72897,10
13.0192203522,80.2414474487,72897,72907,10
13.0204000473,80.2418212891,72907,73352,445
13.0204000473,80.2418212891,73352,73362,10
13.0272197723,80.2544937134,73362,75162,1800
13.0731897354,80.2855377197,75162,75212,50
13.0731897354,80.2855377197,75212,75222,10
13.0749502182,80.2864608765,75222,75233,11
13.0759897232,80.2869873047,75233,75242,9
13.0768299103,80.2872619629,75242,75253,11
13.0781002045,80.2876586914,75253,75263,10
13.0786504745,80.2877807617,75263,75272,9
13.0795402527,80.2881164551,75272,75283,11
13.0812397003,80.2883987427,75283,75424,141
13.0812397003,80.2883987427,75424,75435,11
13.0892400742,80.2894134521,75435,83310,7875
13.0892400742,80.2894134521,83310,83320,10
13.0537996292,80.2813796997,83320,83330,10
13.0548801422,80.2815628052,83330,83340,10
13.0557403564,80.2817611694,83340,83351,11
13.0563602448,80.281867981,83351,83361,10
13.0572299957,80.2820281982,83361,83371,10
13.057849884,80.2820968628,83371,83381,10
13.0586500168,80.2822799683,83381,83391,10
13.060259819,80.282661438,83391,83422,31
13.060259819,80.282661438,83422,83431,9
13.0641298294,80.2835083008,83431,83442,11
13.0653600693,80.2836837769,83442,83452,10
13.0663795471,80.2839202881,83452,83462,10
13.0675401688,80.2841567993,83462,83472,10
13.0685901642,80.2843704224,83472,83482,10
13.0702495575,80.2847671509,83482,83533,51
13.0702495575,80.2847671509,83533,83543,10
13.0747098923,80.2852096558,83543,83553,10
13.0753097534,80.2845916748,83553,83563,10
13.0757799149,80.2840423584,83563,83573,10
13.0763397217,80.2834396362,83573,83583,10
13.0771398544,80.2829589844,83583,83593,10
13.0777702332,80.2826004028,83593,83603,10
13.0783596039,80.2824020386,83603,83613,10
13.0787801743,80.282119751,83613,83623,10
13.0792999268,80.2817611694,83623,83634,11
13.0799198151,80.281211853,83634,83644,10
13.0804595947,80.2807998657,83644,83654,10
13.0810403824,80.2807693481,83654,83664,10
13.0813999176,80.2808990479,83664,83674,10
13.0816602707,80.2811203003,83674,83684,10
13.0820503235,80.2814407349,83684,83806,122
