12.9868497849,80.2591781616,19,1241,1222
12.9868497849,80.2593002319,1241,3039,1798
12.9867801666,80.2591094971,3039,3483,444
12.9869403839,80.2591629028,3483,3948,465
12.9868001938,80.2592697144,3948,6320,2372
12.9867095947,80.2592163086,6320,6380,60
12.9867801666,80.2591934204,6380,6602,222
12.9867296219,80.2592010498,6602,6855,253
12.986869812,80.2592391968,6855,8823,1968
12.9869403839,80.2591400146,8823,9642,819
12.9870195389,80.2590866089,9642,9753,111
12.9869604111,80.2591629028,9753,10863,1110
12.9868097305,80.2591934204,10863,12155,1292
12.9868602753,80.2592163086,12155,12844,689
12.9868402481,80.2593688965,12844,14823,1979
12.9867897034,80.2591781616,14823,14944,121
12.9868402481,80.2592315674,14944,18843,3899
12.9868402481,80.2592315674,18843,18853,10
12.9869298935,80.2593078613,18853,19156,303
12.9868898392,80.2592468262,19156,24869,5713
12.9868898392,80.2592468262,24869,24879,10
12.9867801666,80.2587738037,24879,24889,10
12.9870700836,80.2585296631,24889,25020,131
12.9870700836,80.2585296631,25020,25031,11
12.9874200821,80.2582702637,25031,25041,10
12.9874601364,80.2578811646,25041,25051,10
12.9875097275,80.2573928833,25051,25061,10
12.9875802994,80.2567825317,25061,25071,10
12.9876203537,80.2562637329,25071,25081,10
12.9876203537,80.2559661865,25081,25091,10
12.9876098633,80.255821228,25091,25101,10
12.9873504639,80.2557220459,25101,25111,10
12.986869812,80.2556610107,25111,25121,10
12.9862604141,80.2555465698,25121,25137,16
12.9859600067,80.2555084229,25137,25150,13
12.9853200912,80.2553634644,25150,25160,10
12.9848098755,80.2552337646,25160,25170,10
12.984000206,80.2550506592,25170,25180,10
12.9833602905,80.2548522949,25180,25190,10
12.9826602936,80.2546386719,25190,25200,10
12.9820899963,80.2542037964,25200,25210,10
12.9818601608,80.2535476685,25210,25220,10
12.9816303253,80.2528915405,25220,25229,9
12.9810695648,80.2527770996,25229,25241,12
12.9802598953,80.2527999878,25241,25251,10
12.9799499512,80.2527923584,25251,25261,10
12.9795303345,80.2527084351,25261,25271,10
12.9788799286,80.2526473999,25271,25281,10
12.9787101746,80.2526168823,25281,25291,10
12.9784097672,80.2524795532,25291,25301,10
12.9780502319,80.2521972656,25301,25311,10
12.9774799347,80.2516708374,25311,25321,10
12.9766702652,80.2512893677,25321,25331,10
12.9757604599,80.2510375977,25331,25341,10
12.9748001099,80.2507629395,25341,25352,11
12.973690033,80.2504501343,25352,25362,10
12.9727201462,80.250213623,25362,25372,10
12.9717998505,80.2499389648,25372,25382,10
12.9708404541,80.2497024536,25382,25392,10
12.9698600769,80.249382019,25392,25402,10
12.9688596725,80.2489471436,25402,25412,10
12.968000412,80.248588562,25412,25422,10
12.9671201706,80.2482299805,25422,25432,10
12.9662599564,80.247833252,25432,25442,10
12.9654598236,80.2475128174,25442,25452,10
12.9652795792,80.2474365234,25452,25463,11
12.9650201797,80.2473220825,25463,25473,10
12.9644403458,80.2471008301,25473,25483,10
12.9638395309,80.2469024658,25483,25493,10
12.9638004303,80.2468795776,25493,25503,10
12.9636898041,80.2468338013,25503,25513,10
12.9632501602,80.2466430664,25513,25523,10
12.9625902176,80.2463378906,25523,25533,10
12.9618301392,80.2459564209,25533,25543,10
12.9610004425,80.2455673218,25543,25553,10
12.9600896835,80.2451477051,25553,25564,11
12.9593896866,80.2448425293,25564,25574,10
12.9593200684,80.2448120117,25574,25584,10
12.9589395523,80.2445983887,25584,25594,10
12.9582700729,80.2443237305,25594,25604,10
12.9576702118,80.244102478,25604,25614,10
12.9568796158,80.2438735962,25614,25624,10
12.956410408,80.2437210083,25624,25644,20
12.956410408,80.2437210083,25644,25654,10
12.9562702179,80.2437133789,25654,25664,10
12.9558496475,80.2434692383,25664,25675,11
12.9550695419,80.2430496216,25675,25685,10
12.9543895721,80.2427368164,25685,25695,10
12.9535903931,80.242401123,25695,25705,10
12.9526700974,80.2420425415,25705,25715,10
12.9518299103,80.2417297363,25715,25724,9
12.9516601563,80.2416687012,25724,25735,11
12.9513597488,80.2415313721,25735,25745,10
12.9505996704,80.2412872314,25745,25755,10
12.9498100281,80.2410812378,25755,25765,10
12.9491195679,80.2408599854,25765,25775,10
12.9485702515,80.2406387329,25775,25786,11
12.9477500916,80.2403030396,25786,25796,10
12.9472103119,80.2400665283,25796,25806,10
12.94713974,80.2400436401,25806,25816,10
12.9466896057,80.2398376465,25816,25826,10
12.9459600449,80.2395401001,25826,25836,10
12.9451799393,80.2390823364,25836,25846,10
12.9444198608,80.2383117676,25846,25856,10
12.9436798096,80.2376022339,25856,25866,10
12.9431600571,80.2370834351,25866,25876,10
12.9424104691,80.2366104126,25876,25887,11
12.9413099289,80.2362823486,25887,25897,10
12.9402599335,80.236000061,25897,25907,10
12.9398698807,80.2358627319,25907,25917,10
12.9396400452,80.2357406616,25917,25927,10
12.939040184,80.235458374,25927,25937,10
12.9382600784,80.2350692749,25937,25947,10
12.9373703003,80.2345962524,25947,25957,10
12.9364700317,80.2341766357,25957,25967,10
12.9357595444,80.2339477539,25967,25987,20
12.9357595444,80.2339477539,25987,25998,11
12.9356498718,80.234161377,25998,26008,10
12.9354696274,80.2345809937,26008,26018,10
12.935210228,80.2352218628,26018,26028,10
12.9351396561,80.2354202271,26028,26038,10
12.9348897934,80.2353515625,26038,26048,10
12.9343900681,80.2351379395,26048,26058,10
12.9339895248,80.2350006104,26058,26068,10
12.9338302612,80.2352371216,26068,26078,10
12.9336700439,80.235710144,26078,26088,10
12.9336395264,80.2358474731,26088,26098,10
12.9336204529,80.2359390259,26098,26115,17
12.9332895279,80.2361602783,26115,26137,22
12.9332895279,80.2361602783,26137,26146,9
12.9330596924,80.2360916138,26146,26157,11
12.9329595566,80.2363204956,26157,26168,11
12.9328298569,80.2368774414,26168,26175,7
12.9327001572,80.2372436523,26175,26189,14
12.9324598312,80.2378234863,26189,26199,10
12.9322299957,80.2384185791,26199,26209,10
12.9321203232,80.2386474609,26209,26220,11
12.931810379,80.2387237549,26220,26396,176
12.931810379,80.2387237549,26396,26405,9
12.9315500259,80.2386398315,26405,26415,10
12.9312801361,80.2385482788,26415,26427,12
12.9310598373,80.2384796143,26427,26436,9
12.9306602478,80.2383499146,26436,26447,11
12.9300298691,80.2381210327,26447,26457,10
12.9296197891,80.2380218506,26457,26467,10
12.9294996262,80.2383117676,26467,26477,10
12.9293003082,80.2389068604,26477,26578,101
12.9293003082,80.2389068604,26578,26588,10
12.928850174,80.2389602661,26588,26598,10
12.9284200668,80.238861084,26598,26608,10
12.9279203415,80.2387237549,26608,26618,10
12.9272098541,80.2385406494,26618,26628,10
12.9265098572,80.2383728027,26628,26639,11
12.925860405,80.2382125854,26639,26649,10
12.9255895615,80.238319397,26649,26659,10
12.9254102707,80.23853302,26659,26699,40
12.9254102707,80.23853302,26699,26709,10
12.9256000519,80.2383422852,26709,26800,91
12.9256000519,80.2383422852,26800,26810,10
12.9258098602,80.2382583618,26810,26820,10
12.9261198044,80.2382507324,26820,26830,10
12.9266395569,80.2384033203,26830,26840,10
12.9272403717,80.2385482788,26840,26850,10
12.9280796051,80.2387390137,26850,26901,51
12.9280796051,80.2387390137,26901,26911,10
12.928319931,80.2388000488,26911,26921,10
12.9287700653,80.2389068604,26921,26931,10
12.9292402267,80.2390365601,26931,26941,10
12.9294099808,80.2388763428,26941,26951,10
12.9295301437,80.2384185791,26951,26961,10
12.9296398163,80.23802948,26961,26973,12
12.9301204681,80.2380905151,26973,26983,10
12.9309196472,80.2384109497,26983,27014,31
12.9309196472,80.2384109497,27014,27024,10
12.9311800003,80.2385177612,27024,27034,10
12.931520462,80.2386322021,27034,27044,10
12.9320402145,80.2387619019,27044,27054,10
12.9322795868,80.2384796143,27054,27064,10
12.932390213,80.2381515503,27064,27075,11
12.9326295853,80.2375411987,27075,27085,10
12.9327697754,80.2371292114,27085,27095,10
12.9328804016,80.2368774414,27095,27105,10
12.9329500198,80.2366485596,27105,27115,10
12.9329595566,80.2364807129,27115,27125,10
12.9330101013,80.2361984253,27125,27135,10
12.9332799911,80.2361602783,27135,27145,10
12.9335298538,80.2362213135,27145,27155,10
12.9336395264,80.236000061,27155,27165,10
12.9337596893,80.2355270386,27165,27176,11
12.9338998795,80.2350234985,27176,27186,10
12.9342002869,80.2350692749,27186,27196,10
12.9346599579,80.2352828979,27196,27206,10
12.9346904755,80.2352981567,27206,27216,10
12.9348402023,80.2353668213,27216,27226,10
12.9349899292,80.2354507446,27226,27236,10
12.9351501465,80.2353820801,27236,27246,10
12.9352502823,80.2351303101,27246,27256,10
12.9354600906,80.2346191406,27256,27266,10
12.9356803894,80.2340927124,27266,27276,10
12.9357700348,80.2338562012,27276,27347,71
12.9357700348,80.2338562012,27347,27357,10
12.9359197617,80.2337265015,27357,27367,10
12.9363298416,80.2339172363,27367,27377,10
12.9369697571,80.2342605591,27377,27387,10
12.9377002716,80.23462677,27387,27398,11
12.9385795593,80.2350769043,27398,27408,10
12.9394102097,80.235458374,27408,27418,10
12.9401502609,80.235786438,27418,27428,10
12.9409704208,80.236038208,27428,27438,10
12.9419202805,80.2362823486,27438,27448,10
12.9428596497,80.236618042,27448,27458,10
12.9436197281,80.2372589111,27458,27468,10
12.9443101883,80.2380218506,27468,27478,10
12.9449996948,80.2387619019,27478,27488,10
12.9457502365,80.2393493652,27488,27499,11
12.9467201233,80.2397766113,27499,27509,10
12.9476995468,80.2401580811,27509,27519,10
12.9487800598,80.240562439,27519,27565,46
12.9487800598,80.240562439,27565,27577,12
12.9491596222,80.2406997681,27577,27587,10
12.9495801926,80.2408905029,27587,27597,10
12.9502096176,80.2410964966,27597,27608,11
12.951089859,80.2413711548,27608,27618,10
12.9519300461,80.2416534424,27618,27628,10
12.9528303146,80.2419815063,27628,27638,10
12.9536800385,80.2423095703,27638,27648,10
12.9539299011,80.2424316406,27648,27657,9
12.9542798996,80.2425689697,27657,27668,11
12.9549198151,80.2428207397,27668,27678,10
12.9556398392,80.2431106567,27678,27688,10
12.9562501907,80.2433166504,27688,27698,10
12.9564599991,80.2434082031,27698,27708,10
12.9569396973,80.2436065674,27708,27719,11
12.9576396942,80.2439193726,27719,27729,10
12.9583597183,80.2442626953,27729,27739,10
12.959230423,80.2446136475,27739,27749,10
12.960100174,80.245010376,27749,27759,10
12.9610395432,80.2454376221,27759,27769,10
12.9619398117,80.245880127,27769,27779,10
12.962849617,80.2463531494,27779,27789,10
12.9633398056,80.2466430664,27789,27799,10
12.9638795853,80.2468414307,27799,27809,10
12.9646396637,80.2471237183,27809,27819,10
12.9655303955,80.2474212646,27819,27836,17
12.9669904709,80.2480392456,27836,27848,12
12.968079567,80.2484970093,27848,27858,10
12.9688901901,80.2488021851,27858,27868,10
12.970199585,80.2493286133,27868,27878,10
12.9713401794,80.249710083,27878,27888,10
12.9724998474,80.2500305176,27888,27898,10
12.9735002518,80.250289917,27898,27908,10
12.9746303558,80.2506103516,27908,27918,10
12.9757003784,80.2509384155,27918,27930,12
12.9770498276,80.2513504028,27930,27940,10
12.9779500961,80.2519378662,27940,27950,10
12.9788398743,80.2525024414,27950,27960,10
12.9797897339,80.2526626587,27960,27970,10
12.980629921,80.2526626587,27970,27980,10
12.9815597534,80.2526397705,27980,27990,10
12.9825801849,80.2526016235,27990,28000,10
12.9836702347,80.2524719238,28000,28010,10
12.9847898483,80.252166748,28010,28020,10
12.9858598709,80.2518768311,28020,28030,10
12.9866199493,80.2516708374,28030,28041,11
12.9870595932,80.2515411377,28041,28051,10
12.9875001907,80.2514038086,28051,28061,10
12.9878902435,80.2514266968,28061,28071,10
12.9879598618,80.2517318726,28071,28081,10
12.9880104065,80.2520599365,28081,28091,10
12.9879999161,80.2525863647,28091,28101,10
12.9879302979,80.2533569336,28101,28111,10
12.987859726,80.2541809082,28111,28121,10
12.9878196716,80.2550582886,28121,28152,31
12.9878196716,80.2550582886,28152,28162,10
12.9877700806,80.255317688,28162,28172,10
12.9877796173,80.2557601929,28172,28182,10
12.9881601334,80.2558670044,28182,28192,10
12.9884395599,80.255897522,28192,28202,10
12.988820076,80.2559509277,28202,28212,10
12.9893398285,80.2559967041,28212,28222,10
12.9900503159,80.256072998,28222,28232,10
12.9906396866,80.2560424805,28232,28242,10
12.991399765,80.256072998,28242,28253,11
12.9923400879,80.2560501099,28253,28263,10
12.9933204651,80.2559890747,28263,28273,10
12.994310379,80.2559432983,28273,28283,10
12.9946498871,80.2559432983,28283,28293,10
12.9951295853,80.255897522,28293,28303,10
12.9957103729,80.255897522,28303,28313,10
12.9959402084,80.2559280396,28313,28323,10
12.9963502884,80.2559204102,28323,28333,10
12.9968700409,80.2558670044,28333,28343,10
12.9973402023,80.2558898926,28343,28353,10
12.997879982,80.2559280396,28353,28364,11
12.9985799789,80.2560195923,28364,28374,10
12.9991102219,80.256111145,28374,28384,10
12.9995603561,80.2562103271,28384,28394,10
13.0001897812,80.2563171387,28394,28404,10
13.0009202957,80.2564620972,28404,28414,10
13.0013303757,80.2565002441,28414,28424,10
13.0018701553,80.2566223145,28424,28434,10
13.0025901794,80.2567214966,28434,28444,10
13.0033502579,80.2568664551,28444,28454,10
13.0041599274,80.257019043,28454,28464,10
13.0051202774,80.2571868896,28464,28475,11
13.0059700012,80.2573394775,28475,28485,10
13.0061101913,80.2573699951,28485,28495,10
13.0062599182,80.2574081421,28495,28505,10
13.0066204071,80.2574768066,28505,28515,10
13.006939888,80.2578735352,28515,28525,10
13.0073604584,80.2584381104,28525,28535,10
13.0079298019,80.2587585449,28535,28545,10
13.0085802078,80.2590026855,28545,28555,10
13.0090398788,80.2590789795,28555,28565,10
13.0096502304,80.2590713501,28565,28575,10
13.0104799271,80.2590789795,28575,28586,11
13.0114603043,80.2590637207,28586,28596,10
13.0123996735,80.2590789795,28596,28606,10
13.0134296417,80.2591171265,28606,28616,10
13.0144901276,80.2591705322,28616,28632,16
13.0158996582,80.2593994141,28632,28644,12
13.0166501999,80.2598419189,28644,28652,8
13.016869545,80.260017395,28652,28664,12
13.0174798965,80.2604217529,28664,28674,10
13.0181598663,80.260887146,28674,28685,11
13.0188302994,80.2613677979,28685,28695,10
13.0193395615,80.261756897,28695,28705,10
13.0197601318,80.2623062134,28705,28714,9
13.0202999115,80.2627410889,28714,28725,11
13.0201997757,80.2630081177,28725,28734,9
13.0197000504,80.2630081177,28734,28745,11
13.0191202164,80.2629928589,28745,28755,10
13.019080162,80.263420105,28755,28765,10
13.0191202164,80.2641067505,28765,28775,10
13.0190000534,80.2648391724,28775,28786,11
13.0188398361,80.2654800415,28786,28796,10
13.0187101364,80.2660903931,28796,28806,10
13.0187597275,80.2668762207,28806,28816,10
13.0191202164,80.2676010132,28816,28826,10
13.0196695328,80.2682800293,28826,28836,10
13.0202798843,80.2690505981,28836,28846,10
13.0207996368,80.2696685791,28846,28856,10
13.0214195251,80.2704162598,28856,28866,10
13.022069931,80.271232605,28866,28876,10
13.0227003098,80.2720565796,28876,28886,10
13.0232601166,80.272819519,28886,28897,11
13.0236597061,80.2733383179,28897,28907,10
13.0238599777,80.2735900879,28907,28917,10
13.024140358,80.2740020752,28917,28925,8
13.0243597031,80.2743377686,28925,28937,12
13.0250701904,80.2747497559,28937,28946,9
13.0252599716,80.2748184204,28946,28957,11
13.0254201889,80.2749023438,28957,28967,10
13.0257797241,80.275062561,28967,28977,10
13.0263299942,80.2753295898,28977,28987,10
13.0269298553,80.275642395,28987,28997,10
13.0275602341,80.2759017944,28997,29008,11
13.028380394,80.2762527466,29008,29018,10
13.0288295746,80.2764434814,29018,29028,10
13.0294103622,80.2766189575,29028,29038,10
13.0297698975,80.2767028809,29038,29048,10
13.029800415,80.2767105103,29048,29058,10
13.0300397873,80.27684021,29058,29068,10
13.0305500031,80.2770462036,29068,29078,10
13.0311203003,80.27734375,29078,29088,10
13.0316200256,80.2775497437,29088,29098,10
13.0321502686,80.2775115967,29098,29139,41
13.0321502686,80.2775115967,29139,29149,10
13.0325202942,80.2774810791,29149,29159,10
13.032959938,80.2774810791,29159,29169,10
13.0334300995,80.2773284912,29169,29179,10
13.0334997177,80.27709198,29179,29189,10
13.0335998535,80.276550293,29189,29230,41
13.0335998535,80.276550293,29230,29240,10
13.0339803696,80.2765426636,29240,29411,171
13.0337400436,80.2763137817,29411,29452,41
13.0337400436,80.2763137817,29452,29462,10
13.0335903168,80.2765426636,29462,29472,10
13.0335302353,80.2769622803,29472,29482,10
13.0335798264,80.2773208618,29482,29490,8
13.0339202881,80.2773971558,29490,29501,11
13.0345802307,80.2775802612,29501,29512,11
13.0351896286,80.2776870728,29512,29522,10
13.0359401703,80.27784729,29522,29532,10
13.0366601944,80.2779998779,29532,29542,10
13.0372896194,80.2782974243,29542,29553,11
13.0375404358,80.2783584595,29553,29563,10
13.038020134,80.2784805298,29563,29573,10
13.0387001038,80.2786407471,29573,29583,10
13.0389204025,80.2787017822,29583,29593,10
13.0389604568,80.2787017822,29593,29603,10
13.0392398834,80.2788009644,29603,29613,10
13.0397596359,80.278968811,29613,29623,10
13.0405702591,80.2791824341,29623,29633,10
13.0414304733,80.2793579102,29633,29643,10
13.0423297882,80.2795028687,29643,29653,10
13.0431995392,80.2796173096,29653,29664,11
13.0440797806,80.279838562,29664,29674,10
13.0448999405,80.2799682617,29674,29684,10
13.0457496643,80.2800827026,29684,29694,10
13.0458202362,80.2800827026,29694,29704,10
13.0461702347,80.2801437378,29704,29714,10
13.0468902588,80.2802429199,29714,29724,10
13.0477895737,80.2803573608,29724,29734,10
13.0488004684,80.2805023193,29734,29744,10
13.0498199463,80.2806625366,29744,29754,10
13.0506401062,80.2807617188,29754,29765,11
13.0507898331,80.2807693481,29765,29775,10
13.0512504578,80.2808609009,29775,29785,10
13.0519895554,80.2809677124,29785,29795,10
13.0528898239,80.2810974121,29795,29805,10
13.0539302826,80.2812805176,29805,29815,10
13.0550003052,80.2814788818,29815,29825,10
13.0560102463,80.2817001343,29825,29835,10
13.0565004349,80.2817764282,29835,29845,10
13.0565595627,80.2817993164,29845,29861,16
13.0571699142,80.2819213867,29861,29874,13
13.0572004318,80.2819213867,29874,29884,10
13.0574798584,80.2819900513,29884,29893,9
13.0580101013,80.2821121216,29893,29905,12
13.0589704514,80.2823181152,29905,29916,11
13.0599899292,80.2825317383,29916,29926,10
13.0609197617,80.2827224731,29926,29936,10
13.0618600845,80.2829208374,29936,29946,10
13.0627202988,80.2830963135,29946,29957,11
13.0629997253,80.2831497192,29957,29967,10
13.0630702972,80.2831726074,29967,29976,9
13.0637702942,80.2833709717,29976,29998,22
13.0637702942,80.2833709717,29998,30007,9
13.0640001297,80.2834320068,30007,30017,10
13.0645704269,80.2835617065,30017,30028,11
13.0653800964,80.2837371826,30028,30038,10
13.0664596558,80.2839736938,30038,30048,10
13.0675497055,80.2841796875,30048,30058,10
13.0685100555,80.284362793,30058,30068,10
13.0694904327,80.2845916748,30068,30078,10
13.0705499649,80.284866333,30078,30089,11
13.0717897415,80.28515625,30089,30099,10
13.0728597641,80.2852783203,30099,30109,10
13.0740499496,80.2856903076,30109,30129,20
13.0740499496,80.2856903076,30129,30139,10
13.074259758,80.2859573364,30139,30149,10
13.074669838,80.286239624,30149,30159,10
13.0751895905,80.2865524292,30159,30169,10
13.0760698318,80.2869873047,30169,30179,10
13.0769996643,80.2872161865,30179,30189,10
13.0779304504,80.2874603271,30189,30200,11
13.0789699554,80.2877578735,30200,30210,10
13.0796403885,80.2880172729,30210,30220,10
13.0798797607,80.2880325317,30220,30230,10
13.0803604126,80.2881393433,30230,30240,10
13.0809803009,80.2883529663,30240,30250,10
13.0817699432,80.2886123657,30250,30260,10
13.0826101303,80.2889709473,30260,30270,10
13.0834999084,80.2891693115,30270,30280,10
13.0844202042,80.2891311646,30280,30290,10
13.0852804184,80.2891311646,30290,30300,10
13.0862503052,80.2893676758,30300,30311,11
13.0873804092,80.2897109985,30311,30321,10
13.0882396698,80.2900924683,30321,30331,10
13.088809967,80.2901306152,30331,30371,40
13.088809967,80.2901306152,30371,30381,10
13.0888700485,80.2902984619,30381,30391,10
13.0885400772,80.2903289795,30391,30401,10
13.0879602432,80.2900695801,30401,30411,10
13.0872097015,80.2898101807,30411,30422,11
13.0863199234,80.2895584106,30422,30432,10
13.0856895447,80.2892990112,30432,30442,10
13.0853595734,80.2887573242,30442,30452,10
13.0851402283,80.2879562378,30452,30462,10
13.0851802826,80.2869567871,30462,30472,10
13.0852804184,80.2860107422,30472,30482,10
13.0853796005,80.2850570679,30482,30492,10
13.0853395462,80.2843780518,30492,30502,10
13.0853395462,80.2840576172,30502,30512,10
13.085439682,80.2837905884,30512,30523,11
13.0855102539,80.2835922241,30523,30533,10
13.085650444,80.2835006714,30533,30543,10
13.0858802795,80.2835235596,30543,30553,10
13.0861797333,80.2835388184,30553,30563,10
13.0865697861,80.2838287354,30563,30593,30
13.0865697861,80.2838287354,30593,30603,10
13.0868701935,80.2839584351,30603,30613,10
13.0871200562,80.2839508057,30613,30623,10
13.0874700546,80.2839431763,30623,30634,11
13.08796978,80.2839431763,30634,30977,343
13.0879898071,80.2838592529,30977,31431,454
13.0880298615,80.2839126587,31431,31865,434
13.0880298615,80.2839126587,31865,31875,10
13.0879497528,80.2835769653,31875,31966,91
13.0879096985,80.2837295532,31966,32430,464
13.0879096985,80.2837295532,32430,32440,10
13.0880498886,80.2837371826,32440,32450,10
13.0881700516,80.2835617065,32450,32460,10
13.0882902145,80.2833328247,32460,32470,10
13.0882997513,80.2827987671,32470,32480,10
13.0882701874,80.2822265625,32480,32490,10
13.0881004333,80.2816772461,32490,32501,11
13.0883398056,80.2814331055,32501,32511,10
13.0885896683,80.2818069458,32511,32521,10
13.0885000229,80.2823104858,32521,32531,10
13.0884504318,80.2826538086,32531,32541,10
13.0883998871,80.2830734253,32541,32551,10
13.0884199142,80.2836914063,32551,32561,10
13.0884304047,80.2844390869,32561,32571,10
13.08852005,80.2849502563,32571,32642,71
13.08852005,80.2849502563,32642,32652,10
13.0885601044,80.2851791382,32652,32662,10
13.0885601044,80.2856292725,32662,32672,10
13.0885801315,80.2861022949,32672,32682,10
13.0886096954,80.2864532471,32682,32692,10
13.0886001587,80.2867889404,32692,32702,10
13.0886297226,80.2874221802,32702,32713,11
13.0886602402,80.287651062,32713,32723,10
13.0887002945,80.2881317139,32723,32733,10
13.0887403488,80.2885971069,32733,32743,10
13.0887804031,80.2893066406,32743,32763,20
13.0887804031,80.2893066406,32763,32773,10
13.0888204575,80.2897186279,32773,32783,10
13.0888595581,80.2902374268,32783,32793,10
13.0886602402,80.2904891968,32793,32803,10
13.0881795883,80.2901763916,32803,32814,11
13.0873603821,80.2897796631,32814,32824,10
13.0865402222,80.2894973755,32824,32834,10
13.0855398178,80.2892684937,32834,32844,10
13.0846099854,80.289100647,32844,32854,10
13.083609581,80.2891921997,32854,32864,10
13.0828399658,80.2891387939,32864,32874,10
13.0820198059,80.28881073,32874,32884,10
13.0811195374,80.2885131836,32884,32894,10
13.0803003311,80.288269043,32894,32904,10
13.0802402496,80.2882537842,32904,32914,10
13.0801496506,80.288230896,32914,32925,11
13.07970047,80.2881622314,32925,32935,10
13.0790195465,80.2879333496,32935,32945,10
13.0782604218,80.287651062,32945,32955,10
13.077340126,80.2874069214,32955,32965,10
13.0763397217,80.2871627808,32965,32975,10
13.0753898621,80.2867965698,32975,32985,10
13.0745697021,80.2862701416,32985,32995,10
13.0740003586,80.2861175537,32995,33005,10
13.0739898682,80.2861175537,33005,33015,10
13.0735902786,80.2860183716,33015,33026,11
13.0729503632,80.2857208252,33026,33036,10
13.0722198486,80.2853622437,33036,33046,10
13.0712995529,80.2851104736,33046,33056,10
13.0702600479,80.2848434448,33056,33066,10
13.069149971,80.2845916748,33066,33076,10
13.0682697296,80.2844085693,33076,33086,10
13.0675697327,80.284286499,33086,33096,10
13.0667495728,80.2841796875,33096,33106,10
13.066160202,80.2840576172,33106,33116,10
13.0654096603,80.2838668823,33116,33126,10
13.0647001266,80.2836685181,33126,33137,11
13.0640497208,80.2835083008,33137,33147,10
13.0633802414,80.2833328247,33147,33157,10
13.0627202988,80.2831573486,33157,33167,10
13.0626001358,80.2831420898,33167,33177,10
13.0622596741,80.2830429077,33177,33187,10
13.0615797043,80.2828903198,33187,33197,10
13.0607595444,80.2826766968,33197,33207,10
13.0597696304,80.2825164795,33207,33217,10
13.058719635,80.2823028564,33217,33227,10
13.0578203201,80.2821273804,33227,33236,9
13.0571899414,80.2819976807,33236,33248,12
13.0569000244,80.2819366455,33248,33258,10
13.0567398071,80.2819213867,33258,33268,10
13.0565595627,80.2818832397,33268,33278,10
13.0560503006,80.2817611694,33278,33288,10
13.055270195,80.2816009521,33288,33298,10
13.0543899536,80.2814025879,33298,33308,10
13.0534200668,80.2812423706,33308,33318,10
13.0524396896,80.2810897827,33318,33328,10
13.0514297485,80.2809524536,33328,33338,10
13.0508298874,80.2808609009,33338,33348,10
13.0500802994,80.2807617188,33348,33359,11
13.0490703583,80.2806167603,33359,33369,10
13.048119545,80.2804794312,33369,33379,10
13.0468902588,80.2803115845,33379,33389,10
13.045920372,80.2801818848,33389,33399,10
13.0456800461,80.2801589966,33399,33409,10
13.0453901291,80.2801208496,33409,33419,10
13.0447502136,80.2800292969,33419,33429,10
13.0438995361,80.2798995972,33429,33439,10
13.0431003571,80.2797622681,33439,33449,10
13.0421800613,80.2795791626,33449,33459,10
13.0411300659,80.2793884277,33459,33470,11
13.0400104523,80.2791137695,33470,33480,10
13.0393800735,80.2788925171,33480,33490,10
13.0390996933,80.2788391113,33490,33500,10
13.0390396118,80.2788162231,33500,33510,10
13.0386695862,80.2786865234,33510,33526,16
13.0376300812,80.2783279419,33526,33538,12
13.0369596481,80.278137207,33538,33546,8
13.036450386,80.2779312134,33546,33558,12
13.0355501175,80.2777404785,33558,33568,10
13.034740448,80.2776031494,33568,33579,11
13.0338602066,80.2773895264,33579,33588,9
13.0333204269,80.2774200439,33588,33599,11
13.0326299667,80.2774810791,33599,33609,10
13.0320396423,80.2775268555,33609,33619,10
13.0313396454,80.2774581909,33619,33629,10
13.0310201645,80.2772674561,33629,33639,10
13.0309896469,80.2772521973,33639,33649,10
13.030790329,80.2771530151,33649,33659,10
13.0302696228,80.2768630981,33659,33669,10
13.0297803879,80.2767410278,33669,33680,11
13.0289697647,80.2764892578,33680,33690,10
13.0284404755,80.2763214111,33690,33700,10
13.0277004242,80.2759780884,33700,33710,10
13.0269403458,80.2756271362,33710,33720,10
13.0262498856,80.275352478,33720,33740,20
13.0262498856,80.275352478,33740,33750,10
13.0259799957,80.2752380371,33750,33770,20
13.0259799957,80.2752380371,33770,33780,10
13.0257396698,80.275100708,33780,33791,11
13.0252304077,80.2748336792,33791,33801,10
13.0245199203,80.2744598389,33801,33811,10
13.0243997574,80.2743606567,33811,33821,10
13.0243501663,80.2742614746,33821,33831,10
13.0240497589,80.2739334106,33831,33841,10
13.0237398148,80.2735137939,33841,33851,10
13.0231704712,80.2727584839,33851,33861,10
13.0226402283,80.2720489502,33861,33871,10
13.0221004486,80.2713623047,33871,33881,10
13.0215997696,80.2707214355,33881,33891,10
13.0211601257,80.2702026367,33891,33912,21
13.0211601257,80.2702026367,33912,33922,10
13.021109581,80.2700271606,33922,33932,10
13.0209302902,80.2698669434,33932,33942,10
13.0206604004,80.2695922852,33942,33952,10
13.0200996399,80.2688827515,33952,33962,10
13.0195398331,80.2681808472,33962,33972,10
13.0189504623,80.2674865723,33972,33982,10
13.0186500549,80.2666015625,33982,33992,10
13.0186300278,80.265838623,33992,34003,11
13.0188398361,80.2649993896,34003,34013,10
13.0190401077,80.2641220093,34013,34023,10
13.0189800262,80.2634887695,34023,34033,10
13.0189199448,80.2630462646,34033,34053,20
13.0189199448,80.2630462646,34053,34063,10
13.0188798904,80.2626419067,34063,34073,10
13.0187997818,80.2619476318,34073,34083,10
13.0180397034,80.2608795166,34083,34093,10
13.0180397034,80.2608795166,34093,34103,10
13.0174102783,80.2604370117,34103,34114,11
13.0167598724,80.260017395,34114,34124,10
13.0163497925,80.2597808838,34124,34134,10
13.0160999298,80.2596588135,34134,34144,10
13.0160303116,80.2596282959,34144,34154,10
13.0157003403,80.2594909668,34154,34164,10
13.0150899887,80.2593383789,34164,34174,10
13.0143203735,80.2592926025,34174,34184,10
13.013420105,80.2592468262,34184,34194,10
13.0125102997,80.2592163086,34194,34204,10
13.0113401413,80.2591781616,34204,34214,10
13.010430336,80.2592086792,34214,34225,11
13.0093603134,80.2592010498,34225,34235,10
13.0088500977,80.2591934204,34235,34245,10
13.0085401535,80.2591781616,34245,34255,10
13.0079898834,80.259262085,34255,34265,10
13.0074596405,80.2592163086,34265,34275,10
13.0073404312,80.2590789795,34275,34285,10
13.0072002411,80.2587509155,34285,34295,10
13.0071697235,80.2586975098,34295,34305,10
13.0070104599,80.2583465576,34305,34315,10
13.0066795349,80.2578277588,34315,34325,10
13.0061597824,80.2575073242,34325,34336,11
13.0053596497,80.2573165894,34336,34346,10
13.0044202805,80.2570724487,34346,34356,10
13.0036201477,80.2569198608,34356,34366,10
13.0029401779,80.2567825317,34366,34375,9
13.0023403168,80.2566833496,34375,34386,11
13.0016202927,80.2565765381,34386,34396,10
13.0008802414,80.2564697266,34396,34406,10
13.0001602173,80.2563781738,34406,34417,11
12.9999904633,80.2563400269,34417,34427,10
12.9999399185,80.2563476563,34427,34438,11
12.9995603561,80.2562713623,34438,34448,10
12.9991598129,80.2561416626,34448,34468,20
12.9989500046,80.2560806274,34468,34488,20
12.9989500046,80.2560806274,34488,34498,10
12.9987297058,80.2560806274,34498,34508,10
12.9986801147,80.2560806274,34508,34518,10
12.9984798431,80.2560577393,34518,34528,10
12.9983701706,80.2560424805,34528,34538,10
12.9981098175,80.2559814453,34538,34549,11
12.997420311,80.255897522,34549,34559,10
12.9968004227,80.2559127808,34559,34569,10
12.9960899353,80.2558898926,34569,34579,10
12.9956197739,80.255897522,34579,34589,10
12.9950704575,80.255897522,34589,34599,10
12.9943599701,80.2559432983,34599,34609,10
12.9936800003,80.2560195923,34609,34619,10
12.9927902222,80.256072998,34619,34629,10
12.9919099808,80.256072998,34629,34639,10
12.9915895462,80.2560577393,34639,34649,10
12.9914197922,80.2560501099,34649,34660,11
12.9908399582,80.2560272217,34660,34700,40
12.9908399582,80.2560272217,34700,34710,10
12.990530014,80.2559661865,34710,34720,10
12.9900903702,80.2559814453,34720,34730,10
12.9895296097,80.2559661865,34730,34740,10
12.9889001846,80.2559204102,34740,34761,21
12.9889001846,80.2559204102,34761,34771,10
12.9886798859,80.2559204102,34771,34972,201
12.9886798859,80.2559204102,34972,34983,11
12.9883699417,80.255859375,34983,34993,10
12.9880399704,80.2558288574,34993,35002,9
12.9875898361,80.2557601929,35002,35013,11
12.9869804382,80.2556381226,35013,35023,10
12.9863300323,80.2555465698,35023,35042,19
12.9863300323,80.2555465698,35042,35053,11
12.9861402512,80.2555236816,35053,35063,10
12.9859895706,80.2554702759,35063,35114,51
12.9859895706,80.2554702759,35114,35124,10
12.9857597351,80.2554168701,35124,35134,10
12.9854001999,80.2553405762,35134,35144,10
12.9848299026,80.2552108765,35144,35154,10
12.9843101501,80.2550582886,35154,35164,10
12.983710289,80.2549133301,35164,35174,10
12.9833202362,80.2548065186,35174,35184,10
12.9827003479,80.2546081543,35184,35194,10
12.9821500778,80.2542037964,35194,35205,11
12.9818601608,80.2533569336,35205,35215,10
12.981590271,80.2528076172,35215,35225,10
12.9811201096,80.2527618408,35225,35235,10
12.980919838,80.2527923584,35235,35285,50
12.980919838,80.2527923584,35285,35295,10
12.980389595,80.2527999878,35295,35306,11
12.979929924,80.2527770996,35306,35316,10
12.9794101715,80.2527084351,35316,35326,10
12.9787197113,80.2526092529,35326,35336,10
12.9786396027,80.2525787354,35336,35346,10
12.9785003662,80.2525100708,35346,35356,10
12.9780702591,80.2521820068,35356,35366,10
12.9774503708,80.2516403198,35366,35376,10
12.9766798019,80.2512588501,35376,35386,10
12.9757404327,80.2509918213,35386,35396,10
12.9747400284,80.2506866455,35396,35406,10
12.9736604691,80.2503967285,35406,35417,11
12.9724397659,80.2500762939,35417,35427,10
12.9713497162,80.249786377,35427,35437,10
12.9702196121,80.2494735718,35437,35447,10
12.9691495895,80.2490386963,35447,35457,10
12.9680595398,80.248588562,35457,35467,10
12.9671096802,80.2481765747,35467,35477,10
12.966629982,80.2479095459,35477,35487,10
12.9659500122,80.2476272583,35487,35497,10
12.9651498795,80.2473907471,35497,35517,20
12.9651498795,80.2473907471,35517,35528,11
12.9648799896,80.2472763062,35528,35538,10
12.9643697739,80.2470932007,35538,35548,10
12.9641399384,80.2470092773,35548,35568,20
12.9641399384,80.2470092773,35568,35578,10
12.9637403488,80.2468490601,35578,35588,10
12.9632997513,80.24659729,35588,35802,214
12.9510097504,80.2413024902,35802,35813,11
12.9502401352,80.2411880493,35813,35823,10
12.9494600296,80.2409591675,35823,35946,123
12.9494600296,80.2409591675,35946,35957,11
12.9492902756,80.2408905029,35957,35967,10
12.9490003586,80.2407608032,35967,35977,10
12.9484996796,80.2405471802,35977,35987,10
12.9473600388,80.2400817871,35987,36017,30
12.9473600388,80.2400817871,36017,36027,10
12.9471302032,80.239982605,36027,36037,10
12.9465799332,80.2397613525,36037,36047,10
12.9458703995,80.239440918,36047,36057,10
12.9451198578,80.2389907837,36057,36068,11
12.9444103241,80.2382202148,36068,36078,10
12.9437398911,80.2375030518,36078,36088,10
12.9431295395,80.2369003296,36088,36098,10
12.9422397614,80.2364425659,36098,36108,10
12.9412698746,80.2361907959,36108,36118,10
12.9404602051,80.2359619141,36118,36128,10
12.9398698807,80.2357711792,36128,36138,10
12.9398603439,80.2357635498,36138,36148,10
12.9394702911,80.2355575562,36148,36158,10
12.9387397766,80.235206604,36158,36168,10
12.9379196167,80.2347869873,36168,36178,10
12.9371099472,80.234413147,36178,36189,11
12.9363002777,80.2340316772,36189,36199,10
12.9357700348,80.2339172363,36199,36229,30
12.9357700348,80.2339172363,36229,36239,10
12.9356298447,80.2342071533,36239,36249,10
12.9353904724,80.2348098755,36249,36259,10
12.9351797104,80.2353134155,36259,36269,10
12.9350204468,80.2353973389,36269,36279,10
12.9347696304,80.2353363037,36279,36289,10
12.9343004227,80.2351074219,36289,36300,11
12.9339399338,80.2350234985,36300,36310,10
12.9337902069,80.2354431152,36310,36320,10
12.9336004257,80.2361221313,36320,36330,10
12.9331703186,80.2361221313,36330,36340,10
12.9330196381,80.2361984253,36340,36350,10
12.9329595566,80.2365570068,36350,36360,10
12.9327402115,80.2371902466,36360,36370,10
12.9326400757,80.2374420166,36370,36380,10
12.932510376,80.2378082275,36380,36390,10
12.9322900772,80.2383422852,36390,36401,11
12.9321403503,80.2386398315,36401,36411,10
12.9316596985,80.2386474609,36411,36421,10
12.9312801361,80.2385482788,36421,36441,20
12.9312801361,80.2385482788,36441,36451,10
12.9310903549,80.2384872437,36451,36461,10
12.9306497574,80.2383270264,36461,36471,10
12.929980278,80.238067627,36471,36481,10
12.9296998978,80.2379837036,36481,36491,10
12.9295501709,80.2381515503,36491,36501,10
12.9294395447,80.2384796143,36501,36512,11
12.9293003082,80.2389373779,36512,36522,10
12.9289999008,80.2389526367,36522,36532,10
12.9281196594,80.2387466431,36532,36552,20
12.9281196594,80.2387466431,36552,36562,10
12.9278898239,80.2387008667,36562,36572,10
12.9273099899,80.2385406494,36572,36582,10
12.9265804291,80.2383728027,36582,36592,10
12.9258804321,80.2381896973,36592,36602,10
12.9257202148,80.2382583618,36602,36613,11
12.9257001877,80.2382888794,36613,36623,10
12.9256401062,80.2384033203,36623,36633,10
12.925620079,80.2384872437,36633,36643,10
12.925450325,80.2383499146,36643,36853,210
12.925450325,80.2383499146,36853,36863,10
12.9256801605,80.2382278442,36863,36873,10
12.9258298874,80.2381820679,36873,36883,10
12.9259901047,80.2381591797,36883,36893,10
12.9262399673,80.2382202148,36893,36903,10
12.926779747,80.2383728027,36903,36913,10
12.9273996353,80.23853302,36913,36923,10
12.9282598495,80.2387466431,36923,36944,21
12.9282598495,80.2387466431,36944,36954,10
12.9284696579,80.238822937,36954,36964,10
12.9289798737,80.2389373779,36964,36974,10
12.9293699265,80.2389526367,36974,36984,10
12.9294500351,80.2386627197,36984,36994,10
12.9295797348,80.2381820679,36994,37004,10
12.9296998978,80.237953186,37004,37014,10
12.9301795959,80.2381134033,37014,37024,10
12.9311800003,80.2384796143,37024,37044,20
12.9311800003,80.2384796143,37044,37054,10
12.9314002991,80.238571167,37054,37065,11
12.9318704605,80.2387008667,37065,37075,10
12.9322299957,80.2385482788,37075,37085,10
12.9323701859,80.2381896973,37085,37095,10
12.932559967,80.2376174927,37095,37105,10
12.9327096939,80.237159729,37105,37115,10
12.9328603745,80.2367706299,37115,37125,10
12.9329595566,80.2362594604,37125,37155,30
12.9329595566,80.2362594604,37155,37166,11
12.9331598282,80.2360534668,37166,37176,10
12.9331998825,80.2360687256,37176,37186,10
12.9335298538,80.2361602783,37186,37196,10
12.9336500168,80.2358169556,37196,37206,10
12.9337997437,80.2352600098,37206,37216,10
12.9340200424,80.234992981,37216,37226,10
12.9343595505,80.2351379395,37226,37236,10
12.9349603653,80.2354202271,37236,37246,10
12.9351396561,80.2354431152,37246,37256,10
12.9352397919,80.2351989746,37256,37267,11
12.9354295731,80.2346878052,37267,37277,10
12.9357004166,80.2340011597,37277,37287,10
12.9358797073,80.2337417603,37287,37297,10
12.9361696243,80.2338027954,37297,37307,10
12.9362201691,80.2338180542,37307,37317,10
12.9365797043,80.2340087891,37317,37327,10
12.9372301102,80.2343597412,37327,37337,10
12.9381599426,80.2348327637,37337,37339,2
12.9381599426,80.2348327637,37339,37385,46
12.9399404526,80.2356567383,37385,37396,11
12.940489769,80.2358474731,37396,37406,10
12.9409399033,80.236000061,37406,37466,60
12.9409399033,80.236000061,37466,37476,10
12.941280365,80.2361297607,37476,37486,10
12.9419002533,80.2362670898,37486,37497,11
12.9427604675,80.236541748,37497,37507,10
12.9434995651,80.2370986938,37507,37517,10
12.9441404343,80.2378234863,37517,37526,9
12.9449396133,80.2386932373,37526,37537,11
12.9457902908,80.2393417358,37537,37547,10
12.9467697144,80.2397537231,37547,37557,10
12.9474601746,80.2399978638,37557,37567,10
12.9474802017,80.2400131226,37567,37577,10
12.9479503632,80.2402114868,37577,37618,41
12.9479503632,80.2402114868,37618,37628,10
12.9482898712,80.2403488159,37628,37638,10
12.9489097595,80.2405776978,37638,37729,91
12.9489097595,80.2405776978,37729,37739,10
12.9490995407,80.2406616211,37739,37749,10
12.9496603012,80.2408676147,37749,37759,10
12.9511203766,80.2413635254,37759,37779,20
12.9511203766,80.2413635254,37779,37790,11
12.9514503479,80.2415008545,37790,37800,10
12.9519100189,80.2416610718,37800,37809,9
12.9525499344,80.241897583,37809,37819,10
12.9534196854,80.2422103882,37819,37831,12
12.9539203644,80.2423782349,37831,37841,10
12.9542798996,80.2425308228,37841,37851,10
12.9549102783,80.2427978516,37851,37861,10
12.9557104111,80.2430877686,37861,37871,10
12.9564199448,80.2433624268,37871,37881,10
12.9567604065,80.2434997559,37881,37891,10
12.957400322,80.243812561,37891,37901,10
12.9580898285,80.2440872192,37901,37911,10
12.9587898254,80.2443771362,37911,37922,11
12.9589500427,80.2444763184,37922,37932,10
12.9591903687,80.2446517944,37932,37942,10
12.9597396851,80.2449035645,37942,37952,10
12.9605398178,80.2452392578,37952,37962,10
12.9614896774,80.2456665039,37962,37972,10
12.9624795914,80.2461624146,37972,37982,10
12.9631004333,80.2464523315,37982,37992,10
12.9631595612,80.2464981079,37992,38002,10
12.9632997513,80.2465896606,38002,38012,10
12.9637699127,80.2468032837,38012,38022,10
12.9644899368,80.2470626831,38022,38033,11
12.9654598236,80.2473297119,38033,38043,10
12.966340065,80.2476577759,38043,38053,10
12.9669103622,80.2479324341,38053,38063,10
12.9669799805,80.2479705811,38063,38073,10
12.9671297073,80.2480697632,38073,38083,10
12.9676799774,80.248336792,38083,38093,10
12.968460083,80.2486190796,38093,38103,10
12.9695196152,80.2490234375,38103,38113,10
12.9706001282,80.2494735718,38113,38123,10
12.9716701508,80.2498016357,38123,38133,10
12.972820282,80.2501068115,38133,38143,10
12.9737596512,80.2503890991,38143,38154,11
12.974820137,80.2506713867,38154,38164,10
12.975979805,80.2509994507,38164,38174,10
12.9771604538,80.2513580322,38174,38184,10
12.9785804749,80.2523193359,38184,38204,20
12.9785804749,80.2523193359,38204,38214,10
12.9788398743,80.252456665,38214,38224,10
12.9797897339,80.2526168823,38224,38285,61
12.9797897339,80.2526168823,38285,38295,10
12.9800300598,80.2526626587,38295,38305,10
12.9806404114,80.2526397705,38305,38315,10
12.9815196991,80.2526168823,38315,38325,10
12.9826002121,80.2525787354,38325,38335,10
12.9836702347,80.2524185181,38335,38345,10
12.9841899872,80.252281189,38345,38588,243
12.9841899872,80.252281189,38588,38598,10
12.98416996,80.2522964478,38598,38608,10
12.9845695496,80.2521820068,38608,38618,10
12.9852895737,80.2519607544,38618,38628,10
12.9860801697,80.2517471313,38628,38638,10
12.9867401123,80.2515792847,38638,38648,10
12.9871501923,80.2514572144,38648,38658,10
12.9876003265,80.2513198853,38658,38668,10
12.987859726,80.2513275146,38668,38678,10
12.9879398346,80.2515411377,38678,38688,10
12.9879798889,80.2518386841,38688,38699,11
12.9880199432,80.2524414063,38699,38709,10
12.9879302979,80.2533798218,38709,38719,10
12.9878396988,80.2541503906,38719,38729,10
12.9877996445,80.2549133301,38729,38739,10
12.9877595901,80.2554779053,38739,38749,10
12.9878997803,80.2558135986,38749,38759,10
12.9884004593,80.2558822632,38759,38769,10
12.9886703491,80.2558898926,38769,38779,10
12.9888296127,80.2558898926,38779,38789,10
12.989279747,80.255897522,38789,38799,10
12.9900598526,80.2560119629,38799,38810,11
12.9905700684,80.2559585571,38810,38820,10
12.9911603928,80.2559967041,38820,38830,10
12.9920301437,80.2559967041,38830,38840,10
12.9929504395,80.2559890747,38840,38850,10
12.9935998917,80.2559280396,38850,38866,16
12.9942798615,80.2559509277,38866,38878,12
12.9948301315,80.255859375,38878,38886,8
12.9952201843,80.2558364868,38886,38898,12
12.9954996109,80.2558517456,38898,38909,11
12.9957799911,80.2558898926,38909,38919,10
12.9960603714,80.255859375,38919,38929,10
12.9963998795,80.255859375,38929,38979,50
12.9963998795,80.255859375,38979,38989,10
12.9968004227,80.2557830811,38989,38999,10
12.9971904755,80.2557983398,38999,39009,10
12.9973297119,80.255821228,39009,39020,11
12.9975795746,80.2558822632,39020,39031,11
12.9980802536,80.2559204102,39031,39041,10
12.9987697601,80.2559890747,39041,39051,10
12.9989004135,80.2560119629,39051,39061,10
12.9991703033,80.2560424805,39061,39070,9
12.9995803833,80.2561264038,39070,39081,11
13.0000896454,80.2562408447,39081,39091,10
13.0006399155,80.2563476563,39091,39101,10
13.0009899139,80.2564315796,39101,39111,10
13.0013504028,80.2564620972,39111,39121,10
13.0015096664,80.2565078735,39121,39132,11
13.001950264,80.2565765381,39132,39142,10
13.0026397705,80.2566833496,39142,39152,10
13.0033798218,80.2567977905,39152,39162,10
13.0041599274,80.2569198608,39162,39172,10
13.0046901703,80.2570419312,39172,39182,10
13.0053501129,80.2571182251,39182,39192,10
13.0054397583,80.2571411133,39192,39202,10
13.0055503845,80.2571792603,39202,39218,16
13.005979538,80.2573013306,39218,39230,12
13.0066404343,80.2574462891,39230,39241,11
13.0070695877,80.2579574585,39241,39251,10
13.0076198578,80.2585372925,39251,39261,10
13.0085401535,80.2589416504,39261,39280,19
13.0085401535,80.2589416504,39280,39291,11
13.0087995529,80.2590637207,39291,39301,10
13.009469986,80.2590637207,39301,39311,10
13.0104503632,80.2590179443,39311,39321,10
13.0115604401,80.2590103149,39321,39331,10
13.0126600266,80.2590408325,39331,39341,10
13.0137901306,80.2590789795,39341,39352,11
13.0149202347,80.2591323853,39352,39362,10
13.0158700943,80.2593078613,39362,39372,10
13.0163698196,80.2595672607,39372,39382,10
13.0164003372,80.2596282959,39382,39392,10
13.0166597366,80.2599029541,39392,39402,10
13.0172796249,80.2603225708,39402,39412,10
13.017950058,80.2607803345,39412,39422,10
13.0185899734,80.2611999512,39422,39432,10
13.0191202164,80.2616424561,39432,39442,10
13.0195999146,80.2620620728,39442,39452,10
13.0202598572,80.2626800537,39452,39463,11
13.0200996399,80.2630004883,39463,39473,10
13.0193996429,80.2629623413,39473,39483,10
13.0190095901,80.263130188,39483,39493,10
13.0191001892,80.2637863159,39493,39503,10
13.0191202164,80.2640228271,39503,39513,10
13.019080162,80.2644271851,39513,39523,10
13.0188798904,80.2651062012,39523,39533,10
13.0187196732,80.265663147,39533,39543,10
13.0186700821,80.266456604,39543,39554,11
13.0189304352,80.2673110962,39554,39564,10
13.0193595886,80.2678985596,39564,39574,10
13.0198202133,80.2684402466,39574,39584,10
13.0203800201,80.2691574097,39584,39594,10
13.0208597183,80.2697296143,39594,39604,10
13.0213003159,80.2702789307,39604,39614,10
13.0215196609,80.2705001831,39614,39624,10
13.0215702057,80.2705688477,39624,39634,10
13.0218601227,80.270942688,39634,39644,10
13.022310257,80.2715377808,39644,39660,16
13.0232696533,80.2728118896,39660,39693,33
13.0232696533,80.2728118896,39693,39702,9
13.0233097076,80.2729034424,39702,39713,11
13.0237798691,80.2735214233,39713,39784,71
13.0237798691,80.2735214233,39784,39793,9
13.0239295959,80.2737426758,39793,39804,11
13.0243196487,80.2742385864,39804,39814,10
13.0248603821,80.2746505737,39814,39824,10
13.025349617,80.274848938,39824,39834,10
13.0254297256,80.2749023438,39834,39844,10
13.0257902145,80.2750701904,39844,39854,10
13.0262203217,80.2752685547,39854,39864,10
13.0266599655,80.2754592896,39864,39874,10
13.027179718,80.275718689,39874,39884,10
13.0276899338,80.2759628296,39884,39895,11
13.0283403397,80.2761993408,39895,39905,10
13.028429985,80.2762298584,39905,39915,10
13.0285997391,80.2762985229,39915,39925,10
13.0289402008,80.2764282227,39925,39935,10
13.0291099548,80.2764892578,39935,39945,10
13.0293598175,80.2765808105,39945,39955,10
13.029709816,80.2766494751,39955,39965,10
13.0301198959,80.2767868042,39965,39982,17
13.0306596756,80.2770080566,39982,39994,12
13.0309000015,80.2771530151,39994,40004,10
13.0310401917,80.2772598267,40004,40014,10
13.0312700272,80.2774200439,40014,40024,10
13.0316295624,80.2775192261,40024,40053,29
13.0316295624,80.2775192261,40053,40063,10
13.0320501328,80.2775497437,40063,40084,21
13.0320501328,80.2775497437,40084,40094,10
13.0323095322,80.2774963379,40094,40105,11
13.0326499939,80.2774887085,40105,40125,20
13.0326499939,80.2774887085,40125,40135,10
13.0330896378,80.2774887085,40135,40145,10
13.0335998535,80.2773590088,40145,40155,10
13.0341796875,80.2774734497,40155,40165,10
13.0348501205,80.2776184082,40165,40175,10
13.0355396271,80.2777328491,40175,40185,10
13.0363502502,80.2778701782,40185,40195,10
13.0368995667,80.2780838013,40195,40206,11
13.0375003815,80.2782669067,40206,40215,9
13.0382003784,80.2784500122,40215,40226,11
13.0387096405,80.2786026001,40226,40236,10
13.0388202667,80.2786331177,40236,40246,10
13.039150238,80.2787628174,40246,40256,10
13.0396604538,80.2789230347,40256,40266,10
13.0404500961,80.2791366577,40266,40276,10
13.0413103104,80.2793197632,40276,40286,10
13.0422096252,80.2794570923,40286,40296,10
13.0430803299,80.279548645,40296,40306,10
13.0438604355,80.2797622681,40306,40316,10
13.0445804596,80.2798995972,40316,40327,11
13.0453500748,80.2800216675,40327,40343,16
13.0466098785,80.2802124023,40343,40355,12
13.0478096008,80.2803726196,40355,40365,10
13.0488100052,80.2805023193,40365,40375,10
13.0496301651,80.2806015015,40375,40385,10
13.0505895615,80.2807388306,40385,40405,20
13.0505895615,80.2807388306,40405,40414,9
13.0506601334,80.28074646,40414,40426,12
13.051199913,80.2808303833,40426,40436,10
13.0520496368,80.2809677124,40436,40446,10
13.0530900955,80.2811279297,40446,40456,10
13.054189682,80.2813110352,40456,40466,10
13.0552196503,80.2815170288,40466,40476,10
13.0564804077,80.2817611694,40476,40506,30
13.0564804077,80.2817611694,40506,40516,10
13.0565004349,80.2817687988,40516,40526,10
13.0568399429,80.2818374634,40526,40537,11
13.0572595596,80.2819213867,40537,40557,20
13.0572595596,80.2819213867,40557,40567,10
13.0574798584,80.2819671631,40567,40577,10
13.0579595566,80.282081604,40577,40587,10
13.0586996078,80.2822418213,40587,40597,10
13.0595703125,80.282409668,40597,40607,10
13.0605201721,80.2826004028,40607,40617,10
13.0614595413,80.2828063965,40617,40627,10
13.0623998642,80.2829971313,40627,40637,10
13.0631198883,80.2831192017,40637,40648,11
13.0631303787,80.2831192017,40648,40658,10
13.0633096695,80.2831573486,40658,40668,10
13.0639600754,80.2833099365,40668,40708,40
13.0639600754,80.2833099365,40708,40718,10
13.0641698837,80.2834014893,40718,40728,10
13.0647602081,80.2835388184,40728,40738,10
13.0655603409,80.2837295532,40738,40748,10
13.0665597916,80.2839584351,40748,40759,11
13.0677499771,80.2841796875,40759,40769,10
13.0687103271,80.2843780518,40769,40779,10
13.0698003769,80.2846603394,40779,40789,10
13.0709199905,80.2849273682,40789,40799,10
13.0720596313,80.2852020264,40799,40809,10
13.0731601715,80.2852783203,40809,40819,10
13.0739297867,80.2854995728,40819,40829,10
13.0744400024,80.2860794067,40829,40839,10
13.0747404099,80.286277771,40839,40849,10
13.0748300552,80.2863388062,40849,40859,10
13.0752296448,80.2865982056,40859,40870,11
13.0759601593,80.2869567871,40870,40880,10
13.0768995285,80.2872009277,40880,40890,10
13.0779600143,80.2874679565,40890,40900,10
13.0789604187,80.2877502441,40900,40910,10
13.0796804428,80.2880096436,40910,40920,10
13.0797796249,80.2880172729,40920,40930,10
13.0798301697,80.2880096436,40930,40940,10
13.0802698135,80.2881088257,40940,40950,10
13.0809001923,80.2882919312,40950,40960,10
13.081489563,80.2884902954,40960,40970,10
13.0824203491,80.2888412476,40970,40981,11
13.083319664,80.2891616821,40981,40991,10
13.0841999054,80.2891387939,40991,41000,9
13.085100174,80.2891464233,41000,41011,11
13.086139679,80.2893829346,41011,41022,11
13.0871696472,80.2896575928,41022,41031,9
13.0879001617,80.2899398804,41031,41041,10
13.0883598328,80.2901077271,41041,41052,11
13.088809967,80.2901382446,41052,41103,51
13.088809967,80.2901382446,41103,41113,10
13.088809967,80.2903594971,41113,41123,10
13.0884103775,80.2902908325,41123,41133,10
13.0877799988,80.2900085449,41133,41143,10
13.086979866,80.2897415161,41143,41153,10
13.086230278,80.2895431519,41153,41163,10
13.0856599808,80.2892913818,41163,41173,10
13.0853395462,80.2887573242,41173,41183,10
13.0851202011,80.287979126,41183,41194,11
13.0851402283,80.2871170044,41194,41203,9
13.0852298737,80.286239624,41203,41214,11
13.0853395462,80.2851333618,41214,41225,11
13.0852603912,80.2842788696,41225,41255,30
13.0852603912,80.2842788696,41255,41265,10
13.085269928,80.2840805054,41265,41275,10
13.0853996277,80.2837982178,41275,41285,10
13.0854597092,80.2836303711,41285,41295,10
13.0854597092,80.2836303711,41295,41306,11
13.085559845,80.2835693359,41306,41316,10
13.0857200623,80.2835388184,41316,41326,10
13.0860395432,80.2835235596,41326,41336,10
13.0863199234,80.2835769653,41336,41346,10
13.0866203308,80.2838287354,41346,41356,10
13.0869598389,80.2839279175,41356,41366,10
13.0872602463,80.2839126587,41366,41375,9
13.0879402161,80.2839279175,41375,41689,314
13.0879402161,80.2839279175,41689,41699,10
13.0879497528,80.2836914063,41699,41891,192
13.0879497528,80.2836914063,41891,41901,10
13.0882396698,80.2836380005,41901,41921,20
13.0882396698,80.2836380005,41921,41931,10
13.0883398056,80.2833633423,41931,41941,10
13.0883398056,80.2833328247,41941,41951,10
13.0882997513,80.2830886841,41951,41962,11
13.0882997513,80.2828521729,41962,41972,10
13.0882797241,80.2827301025,41972,41982,10
13.088259697,80.282623291,41982,41992,10
13.0882396698,80.282371521,41992,42002,10
13.0881795883,80.282081604,42002,42012,10
13.0880804062,80.2815704346,42012,42042,30
13.0880804062,80.2815704346,42042,42052,10
13.0882797241,80.2815170288,42052,42063,11
13.08852005,80.2815475464,42063,42073,10
13.0885295868,80.2818832397,42073,42083,10
13.0884399414,80.2823486328,42083,42093,10
13.0883798599,80.2827987671,42093,42103,10
13.0883197784,80.2833023071,42103,42113,10
13.0883398056,80.2836380005,42113,42123,10
13.0883598328,80.2839889526,42123,42133,10
13.0883998871,80.2845611572,42133,42174,41
13.0883998871,80.2845611572,42174,42184,10
13.0884599686,80.2851028442,42184,42254,70
13.0884599686,80.2851028442,42254,42264,10
13.0884504318,80.2855911255,42264,42274,10
13.0884799957,80.2858123779,42274,42285,11
13.0885000229,80.2862014771,42285,42295,10
13.0885095596,80.2864532471,42295,42305,10
13.0885400772,80.2867965698,42305,42315,10
13.0885601044,80.2872772217,42315,42325,10
13.0885696411,80.2874832153,42325,42335,10
13.0885896683,80.2876815796,42335,42345,10
13.0886297226,80.2881011963,42345,42355,10
13.0887002945,80.28855896,42355,42365,10
13.0887098312,80.2887573242,42365,42375,10
13.0887403488,80.2892379761,42375,42385,10
13.0887899399,80.2894210815,42385,42396,11
13.0888004303,80.2895584106,42396,42405,9
13.0888299942,80.2901382446,42405,42446,41
13.0888299942,80.2901382446,42446,42456,10
13.0887899399,80.2903823853,42456,42466,10
13.0884799957,80.290397644,42466,42476,10
13.0879096985,80.2901000977,42476,42486,10
13.0871496201,80.2897491455,42486,42497,11
13.0860700607,80.2894210815,42497,42507,10
13.0851097107,80.2892227173,42507,42517,10
13.083990097,80.2892379761,42517,42527,10
13.0831203461,80.2892608643,42527,42537,10
13.0820503235,80.2888717651,42537,42547,10
13.0810003281,80.2884902954,42547,42557,10
13.0803604126,80.2882995605,42557,42567,10
13.0802001953,80.2882537842,42567,42577,10
13.0800504684,80.2882385254,42577,42587,10
13.079750061,80.2881698608,42587,42597,10
13.0791196823,80.287979126,42597,42608,11
13.0783100128,80.2876586914,42608,42618,10
13.0773897171,80.287437439,42618,42628,10
13.0763597488,80.2871932983,42628,42638,10
13.0754299164,80.286857605,42638,42648,10
13.0746297836,80.2863769531,42648,42658,10
13.0739803314,80.2861480713,42658,42668,10
13.0739603043,80.2861480713,42668,42678,10
13.0736904144,80.2861022949,42678,42688,10
13.0731601715,80.2859191895,42688,42698,10
13.0724802017,80.2855377197,42698,42708,10
13.0716104507,80.2852935791,42708,42719,11
13.0705404282,80.2850112915,42719,42729,10
13.069729805,80.2848129272,42729,42739,10
13.0690097809,80.2846374512,42739,42749,10
13.0679702759,80.2844009399,42749,42769,20
13.0679702759,80.2844009399,42769,42779,10
13.0675697327,80.284362793,42779,42789,10
13.06690979,80.2842330933,42789,42799,10
13.0660400391,80.2840270996,42799,42809,10
13.0651702881,80.2838287354,42809,42819,10
13.0643796921,80.2836608887,42819,42830,11
13.0636301041,80.2834625244,42830,42840,10
13.0628995895,80.2832794189,42840,42849,9
13.0626001358,80.2832107544,42849,42860,11
13.0625400543,80.2831878662,42860,42870,10
13.0621004105,80.2830886841,42870,42880,10
13.0613803864,80.2829284668,42880,42890,10
13.0605201721,80.2827377319,42890,42900,10
13.0595197678,80.2825088501,42900,42910,10
13.0586004257,80.2823028564,42910,42920,10
13.0578298569,80.2821578979,42920,42930,10
13.0572004318,80.2820205688,42930,42941,11
13.0569601059,80.2819595337,42941,42951,10
13.0567798615,80.2819366455,42951,42961,10
13.0566301346,80.2819213867,42961,42971,10
13.0562801361,80.2818374634,42971,42981,10
13.0558700562,80.2817611694,42981,42991,10
13.0553998947,80.2816619873,42991,43001,10
13.0546197891,80.2814788818,43001,43011,10
13.0536203384,80.2813034058,43011,43021,10
13.0525598526,80.2811203003,43021,43031,10
13.0515003204,80.280960083,43031,43042,11
13.0503702164,80.2807998657,43042,43052,10
13.0493602753,80.280670166,43052,43058,6
13.0487499237,80.2805786133,43058,43072,14
13.0471601486,80.2803573608,43072,43082,10
13.0460395813,80.2801971436,43082,43092,10
13.0455999374,80.2801437378,43092,43102,10
13.0454397202,80.2801208496,43102,43112,10
13.0448703766,80.2800369263,43112,43122,10
13.0440797806,80.2799301147,43122,43132,10
13.0437698364,80.279876709,43132,43142,10
13.0436296463,80.2798614502,43142,43166,24
13.0419902802,80.2795410156,43166,43178,12
13.0407800674,80.2793121338,43178,43188,10
13.0399303436,80.2791137695,43188,43198,10
13.0391597748,80.2788925171,43198,43208,10
13.0390300751,80.2788619995,43208,43218,10
13.0389604568,80.2788467407,43218,43228,10
13.0386199951,80.278678894,43228,43237,9
13.0380496979,80.2784881592,43237,43248,11
13.0372896194,80.2783126831,43248,43258,10
13.0369901657,80.278213501,43258,43349,91
13.0366001129,80.2780227661,43349,43369,20
13.0366001129,80.2780227661,43369,43380,11
13.0362901688,80.2779083252,43380,43390,10
13.0358800888,80.2778167725,43390,43400,10
13.0353097916,80.2777175903,43400,43420,20
13.0353097916,80.2777175903,43420,43430,10
13.0348701477,80.2776412964,43430,43440,10
13.0340299606,80.2774810791,43440,43501,61
13.0340299606,80.2774810791,43501,43511,10
13.0336198807,80.2773590088,43511,43521,10
13.0333404541,80.2773971558,43521,43571,50
13.0333404541,80.2773971558,43571,43581,10
13.0329198837,80.2774963379,43581,43592,11
13.0327396393,80.2775115967,43592,43602,10
13.032699585,80.2775115967,43602,43612,10
13.032409668,80.2775115967,43612,43622,10
13.0320997238,80.2775726318,43622,43632,10
13.0317897797,80.2775802612,43632,43642,10
13.0315904617,80.277557373,43642,43652,10
13.0312995911,80.2774276733,43652,43662,10
13.0312595367,80.2774200439,43662,43672,10
13.0310096741,80.2773208618,43672,43682,10
13.0309200287,80.2773132324,43682,43692,10
13.0306596756,80.2771835327,43692,43703,11
13.0299901962,80.2769165039,43703,43713,10
13.0294504166,80.2767181396,43713,43723,10
13.0286903381,80.2764816284,43723,43733,10
13.0278396606,80.2761611938,43733,43743,10
13.0272197723,80.2758102417,43743,43753,10
13.0267295837,80.2756195068,43753,43763,10
13.026720047,80.2756195068,43763,43773,10
13.0264596939,80.2754821777,43773,43783,10
13.0260400772,80.2752990723,43783,43793,10
13.0260095596,80.2752838135,43793,43803,10
13.0258798599,80.2752304077,43803,43814,11
13.0257501602,80.2751693726,43814,43824,10
13.0255899429,80.275100708,43824,43834,10
13.0255203247,80.2750701904,43834,43844,10
13.0253400803,80.2750015259,43844,43854,10
13.0252895355,80.2749786377,43854,43864,10
13.0251598358,80.2749023438,43864,43874,10
13.0250196457,80.2748184204,43874,43884,10
13.0248003006,80.2746963501,43884,43894,10
13.0244903564,80.2745132446,43894,43955,61
13.0244903564,80.2745132446,43955,43965,10
13.024189949,80.2742462158,43965,43975,10
13.0239295959,80.2738876343,43975,43984,9
13.0237197876,80.2735824585,43984,43994,10
13.0234804153,80.2732696533,43994,44005,11
13.0233097076,80.2730178833,44005,44015,10
13.0231103897,80.2727584839,44015,44025,10
13.0229196548,80.2724914551,44025,44036,11
13.0226697922,80.2721633911,44036,44046,10
13.0224199295,80.2718276978,44046,44056,10
13.0220804214,80.2713775635,44056,44066,10
13.0215501785,80.2706985474,44066,44076,10
13.0208501816,80.2698974609,44076,44095,19
13.0208501816,80.2698974609,44095,44105,10
13.0206804276,80.2695999146,44105,44116,11
13.0202503204,80.2690582275,44116,44126,10
13.0196695328,80.2683486938,44126,44136,10
13.0190200806,80.267578125,44136,44147,11
13.0186595917,80.2666397095,44147,44157,10
13.0186395645,80.2658462524,44157,44167,10
13.0187902451,80.2651519775,44167,44177,10
13.0190095901,80.2642593384,44177,44187,10
13.0189399719,80.2635192871,44187,44197,10
13.0188999176,80.2631607056,44197,44207,10
13.0188999176,80.2630233765,44207,44217,10
13.0188703537,80.2627182007,44217,44227,10
13.018819809,80.2621383667,44227,44237,10
13.0187397003,80.2614822388,44237,44248,11
13.0183095932,80.2611236572,44248,44258,10
13.0176496506,80.2606887817,44258,44268,10
13.0169200897,80.2601699829,44268,44278,10
13.0162000656,80.2597885132,44278,44288,10
13.0160799026,80.2597198486,44288,44298,10
13.0156803131,80.259552002,44298,44308,10
13.0150299072,80.2593765259,44308,44318,10
13.0142803192,80.2593231201,44318,44328,10
13.0133695602,80.2592926025,44328,44338,10
13.0124197006,80.2592391968,44338,44348,10
13.0114202499,80.2592086792,44348,44359,11
13.0106201172,80.2592086792,44359,44369,10
13.0099401474,80.2592163086,44369,44379,10
13.0091400146,80.2592163086,44379,44389,10
13.0087003708,80.2592010498,44389,44399,10
13.0083503723,80.2591400146,44399,44409,10
13.0077199936,80.2593002319,44409,44419,10
13.0071802139,80.2587280273,44419,44439,20
13.0071802139,80.2587280273,44439,44449,10
13.0070400238,80.2584609985,44449,44459,10
13.006819725,80.2580108643,44459,44470,11
13.0064697266,80.2576599121,44470,44480,10
13.00578022,80.2574462891,44480,44490,10
13.0050601959,80.2572784424,44490,44500,10
13.0042896271,80.2571105957,44500,44510,10
13.003490448,80.2569503784,44510,44520,10
13.0029001236,80.2568511963,44520,44530,10
13.0020799637,80.256690979,44530,44540,10
13.0015001297,80.2566070557,44540,44601,61
13.0015001297,80.2566070557,44601,44611,10
13.0011997223,80.2565765381,44611,44621,10
13.0007600784,80.2565078735,44621,44637,16
12.9995203018,80.2562789917,44637,44649,12
12.9986896515,80.2561416626,44649,44657,8
12.9987001419,80.2561264038,44657,44669,12
12.9984703064,80.2560501099,44669,44679,10
12.9978704453,80.2559432983,44679,44690,11
12.9969797134,80.2559127808,44690,44700,10
12.9965200424,80.255897522,44700,44710,10
12.9959001541,80.2558898926,44710,44719,9
12.9953203201,80.255897522,44719,44730,11
12.9945497513,80.2559127808,44730,44740,10
12.9940299988,80.2559890747,44740,44750,10
12.993180275,80.2560577393,44750,44759,9
12.9922599792,80.2561035156,44759,44769,10
12.991230011,80.2560806274,44769,44780,11
12.9903898239,80.2560424805,44780,44790,10
12.9898099899,80.2559967041,44790,44800,10
12.9889802933,80.2559509277,44800,44811,11
12.9882602692,80.2558822632,44811,44831,20
12.9882602692,80.2558822632,44831,44841,10
12.9880599976,80.2557907104,44841,44851,10
12.9877796173,80.2557678223,44851,44861,10
12.9872703552,80.2556686401,44861,44871,10
12.9867095947,80.2555999756,44871,44881,10
12.9863195419,80.2555618286,44881,44891,10
12.986240387,80.2555465698,44891,44901,10
12.9860200882,80.2555007935,44901,44918,17
12.9851198196,80.2553100586,44918,44930,12
12.9842300415,80.2550964355,44930,44940,10
12.9834604263,80.2548370361,44940,44950,10
12.9827699661,80.2546386719,44950,44958,8
12.9822397232,80.2544326782,44958,44970,12
12.9818496704,80.253616333,44970,44980,10
12.9815998077,80.2528915405,44980,44990,10
12.981010437,80.2527923584,44990,44999,9
12.9804897308,80.252822876,44999,45010,11
12.9804697037,80.252822876,45010,45022,12
12.9802503586,80.2527923584,45022,45032,10
12.9798898697,80.2527694702,45032,45042,10
12.9793300629,80.2527236938,45042,45052,10
12.9786701202,80.2526016235,45052,45062,10
12.9781703949,80.252281189,45062,45072,10
12.9775495529,80.251701355,45072,45082,10
12.9767398834,80.2512893677,45082,45092,10
12.9757299423,80.2510070801,45092,45102,10
12.9746799469,80.2507019043,45102,45112,10
12.973739624,80.2504425049,45112,45122,10
12.9725103378,80.2501296997,45122,45133,11
12.9712696075,80.2498092651,45133,45143,10
12.9700498581,80.2494812012,45143,45153,10
12.9689102173,80.2489929199,45153,45163,10
12.9678401947,80.2485809326,45163,45173,10
12.9670295715,80.2481765747,45173,45183,10
12.9661998749,80.2477798462,45183,45193,10
12.9653301239,80.2474594116,45193,45203,10
12.9650201797,80.2473831177,45203,45213,10
12.9645996094,80.2472076416,45213,45223,10
12.964509964,80.2471618652,45223,45233,10
12.9641895294,80.2470169067,45233,45244,11
12.9639997482,80.246963501,45244,45282,38
12.9639997482,80.246963501,45282,45290,8
12.9638700485,80.2469177246,45290,45302,12
12.9633398056,80.2466812134,45302,45311,9
12.9627199173,80.2463684082,45311,45322,11
12.961640358,80.24584198,45322,45332,10
12.9606199265,80.2453536987,45332,45342,10
12.9597101212,80.2449798584,45342,45353,11
12.9594697952,80.2448806763,45353,45363,10
12.9592103958,80.2447128296,45363,45373,10
12.958530426,80.2444229126,45373,45383,10
12.9578399658,80.244140625,45383,45393,10
12.9568500519,80.2437820435,45393,45413,20
12.9568500519,80.2437820435,45413,45423,10
12.9567403793,80.2437362671,45423,45433,10
12.9565696716,80.2436828613,45433,45443,10
12.9565200806,80.2436599731,45443,45453,10
12.9563999176,80.243598938,45453,45464,11
12.9559497833,80.2434082031,45464,45474,10
12.9552001953,80.243057251,45474,45484,10
12.9542798996,80.2426681519,45484,45494,10
12.9534196854,80.2423171997,45494,45504,10
12.9523897171,80.2419204712,45504,45514,10
12.951379776,80.241569519,45514,45523,9
12.9505500793,80.2413101196,45523,45533,10
12.9499397278,80.2411499023,45533,45544,11
12.9497098923,80.2410736084,45544,45554,10
12.9491596222,80.2408828735,45554,45564,10
12.9485998154,80.2406387329,45564,45575,11
12.9471597672,80.2400665283,45575,45595,20
12.9471597672,80.2400665283,45595,45605,10
12.9470300674,80.2400131226,45605,45615,10
12.9465103149,80.2397994995,45615,45625,10
12.9457397461,80.2394485474,45625,45635,10
12.9449396133,80.238899231,45635,45645,10
12.9442300797,80.2381896973,45645,45655,10
12.9434499741,80.2373962402,45655,45665,10
12.9426298141,80.2366867065,45665,45675,10
12.9415597916,80.2363204956,45675,45686,11
12.940320015,80.236000061,45686,45696,10
12.9396696091,80.2357788086,45696,45706,10
12.9394798279,80.235710144,45706,45716,10
12.9389600754,80.2354431152,45716,45726,10
12.9382400513,80.2350387573,45726,45736,10
12.9373397827,80.234588623,45736,45746,10
12.9363899231,80.2341537476,45746,45756,10
12.9358997345,80.2339324951,45756,45766,10
12.9357995987,80.2339324951,45766,45776,10
12.9357204437,80.2339630127,45776,45787,11
12.9355297089,80.2342987061,45787,45797,10
12.9353103638,80.2349624634,45797,45807,10
12.9351396561,80.2353973389,45807,45817,10
12.9349098206,80.2353973389,45817,45827,10
12.9346199036,80.2352828979,45827,45837,10
12.9340600967,80.2350616455,45837,45847,10
12.933839798,80.2351379395,45847,45857,10
12.9336500168,80.2356872559,45857,45867,10
12.9334001541,80.2361831665,45867,45877,10
12.9330101013,80.2361221313,45877,45887,10
12.9329204559,80.2364273071,45887,45898,11
12.9327001572,80.2371902466,45898,45907,9
12.9325799942,80.2374420166,45907,45918,11
12.9323797226,80.2379989624,45918,45928,10
12.9321699142,80.2385025024,45928,45938,10
12.9319601059,80.2387619019,45938,45948,10
12.9315395355,80.2386474609,45948,45958,10
12.9312400818,80.238571167,45958,45968,10
12.931189537,80.2385406494,45968,45978,10
12.9309597015,80.2384567261,45978,45988,10
12.9305000305,80.2382965088,45988,45998,10
12.929889679,80.2380828857,45998,46009,11
12.9295597076,80.2380905151,46009,46019,10
12.9294595718,80.238319397,46019,46029,10
12.9293003082,80.2387695313,46029,46038,9
12.9292201996,80.2390136719,46038,46049,11
12.9289197922,80.2389831543,46049,46059,10
12.9283599854,80.2388381958,46059,46089,30
12.9283599854,80.2388381958,46089,46099,10
12.92827034,80.2388534546,46099,46109,10
12.9279003143,80.2387313843,46109,46120,11
12.927280426,80.2385787964,46120,46130,10
12.9265203476,80.2383880615,46130,46140,10
12.9259595871,80.238243103,46140,46150,10
12.9259500504,80.238243103,46150,46160,10
12.925740242,80.2381973267,46160,46170,10
12.9254703522,80.2381591797,46170,46180,10
12.9251499176,80.2380599976,46180,46190,10
12.9248800278,80.2381362915,46190,46200,10
12.9251899719,80.2382202148,46200,46523,323
12.9251899719,80.2382202148,46523,46533,10
12.9254102707,80.2383117676,46533,46543,10
12.9255800247,80.2383117676,46543,46554,11
12.9257698059,80.2382202148,46554,46564,10
12.9258699417,80.2381973267,46564,46574,10
12.9262199402,80.23828125,46574,46584,10
12.9268302917,80.2384490967,46584,46594,10
12.9275503159,80.2386169434,46594,46604,10
12.9281597137,80.2387771606,46604,46624,20
12.9281597137,80.2387771606,46624,46634,10
12.9284601212,80.2388687134,46634,46644,10
12.9289999008,80.2390136719,46644,46660,16
12.9293498993,80.2387237549,46660,46673,13
12.9295597076,80.238067627,46673,46683,10
12.9296598434,80.2379074097,46683,46692,9
12.9301700592,80.2381210327,46692,46703,11
12.9309196472,80.2384185791,46703,46713,10
12.9312200546,80.2385406494,46713,46723,10
12.9315395355,80.2386779785,46723,46733,10
12.9320802689,80.2386779785,46733,46743,10
12.9322004318,80.2384719849,46743,46753,10
12.9322900772,80.2381896973,46753,46763,10
12.9325399399,80.2376022339,46763,46775,12
12.93268013,80.2371063232,46775,46784,9
12.9328203201,80.2367401123,46784,46795,11
12.9328899384,80.236289978,46795,46805,10
12.9328899384,80.2362823486,46805,46815,10
12.9330596924,80.236076355,46815,46825,10
12.9334697723,80.2361526489,46825,46835,10
12.9336204529,80.2357635498,46835,46845,10
12.9337997437,80.2351608276,46845,46855,10
12.9340400696,80.2350234985,46855,46865,10
12.9344501495,80.2351989746,46865,46875,10
12.9349403381,80.2354202271,46875,46886,11
12.9351301193,80.2352981567,46886,46896,10
12.935210228,80.2350311279,46896,46906,10
12.9354801178,80.2344589233,46906,46916,10
12.9357099533,80.2338562012,46916,46936,20
12.9357099533,80.2338562012,46936,46946,10
12.935959816,80.2337493896,46946,46956,10
12.9363498688,80.2339401245,46956,46966,10
12.93708992,80.2342987061,46966,46976,10
12.9379796982,80.2347564697,46976,46986,10
12.9389896393,80.2352828979,46986,46997,11
12.9397096634,80.2356109619,46997,47017,20
12.9397096634,80.2356109619,47017,47027,10
12.9401502609,80.2358016968,47027,47037,10
12.9408102036,80.2359924316,47037,47047,10
12.9416999817,80.2362136841,47047,47057,10
12.942700386,80.2365570068,47057,47067,10
12.9436197281,80.2372894287,47067,47077,10
12.9443101883,80.2380371094,47077,47087,10
12.9452295303,80.2390289307,47087,47097,10
12.9462203979,80.2395629883,47097,47108,11
12.94713974,80.2399215698,47108,47118,10
12.9472904205,80.239982605,47118,47128,10
12.9475002289,80.2400817871,47128,47138,10
12.9480304718,80.2403030396,47138,47148,10
12.9486303329,80.2405090332,47148,47158,10
12.9488401413,80.2405776978,47158,47198,40
12.9488401413,80.2405776978,47198,47208,10
12.9490699768,80.2406768799,47208,47219,11
12.9495897293,80.2408599854,47219,47229,10
12.9503698349,80.2410964966,47229,47239,10
12.9510402679,80.241317749,47239,47249,10
12.9510498047,80.2413330078,47249,47259,10
12.9513301849,80.2414474487,47259,47269,10
12.9519300461,80.2416610718,47269,47279,10
12.9526901245,80.2419281006,47279,47289,10
12.9533700943,80.2421875,47289,47299,10
12.9541501999,80.2424621582,47299,47309,10
12.9549398422,80.2427825928,47309,47319,10
12.9556798935,80.2431030273,47319,47330,11
12.9562702179,80.2433929443,47330,47340,10
12.9564399719,80.2434616089,47340,47350,10
12.956990242,80.2436828613,47350,47360,10
12.95773983,80.2439880371,47360,47370,10
12.9585599899,80.2443237305,47370,47380,10
12.9589004517,80.2444763184,47380,47390,10
12.9590997696,80.2445831299,47390,47400,10
12.9595804214,80.2447891235,47400,47410,10
12.9602899551,80.2451171875,47410,47420,10
12.9611501694,80.2455062866,47420,47430,10
12.9620800018,80.2459564209,47430,47441,11
12.9630699158,80.2464675903,47441,47471,30
12.9630699158,80.2464675903,47471,47481,10
12.9633598328,80.24659729,47481,47491,10
12.963760376,80.2467880249,47491,47501,10
12.9643297195,80.2470016479,47501,47511,10
12.9650602341,80.247253418,47511,47521,10
12.9659700394,80.2475585938,47521,47531,10
12.9665203094,80.247756958,47531,47541,10
12.9665298462,80.2477722168,47541,47552,11
12.9666996002,80.2478713989,47552,47562,10
12.9670295715,80.2480773926,47562,47572,10
12.9677200317,80.2483596802,47572,47582,10
12.9686603546,80.2487106323,47582,47592,10
12.9696397781,80.2491226196,47592,47602,10
12.9706602097,80.2495193481,47602,47612,10
12.9717102051,80.2498321533,47612,47622,10
12.9727201462,80.2500991821,47622,47632,10
12.9736995697,80.2503585815,47632,47642,10
12.9747200012,80.2506484985,47642,47653,11
12.9759502411,80.2510070801,47653,47663,10
12.9771003723,80.2513580322,47663,47673,10
12.9780302048,80.2520217896,47673,47683,10
12.9785203934,80.2523498535,47683,47693,10
12.9786996841,80.2524185181,47693,47703,10
12.9792098999,80.2525482178,47703,47713,10
12.979929924,80.2526092529,47713,47723,10
12.9807300568,80.2526016235,47723,47733,10
12.9816799164,80.252571106,47733,47749,16
12.9834299088,80.2524490356,47749,47761,12
12.9847202301,80.2520828247,47761,47822,61
12.9847202301,80.2520828247,47822,47832,10
12.9847803116,80.2520599365,47832,47852,20
12.9847803116,80.2520599365,47852,47862,10
12.9850196838,80.251991272,47862,47903,41
12.9850196838,80.251991272,47903,47913,10
12.9853096008,80.2519073486,47913,47923,10
12.9855499268,80.2518615723,47923,47933,10
12.9857196808,80.2518005371,47933,47943,10
12.9862604141,80.2516403198,47943,48004,61
12.9864301682,80.2516326904,48004,48034,30
12.9864301682,80.2516326904,48034,48044,10
12.986700058,80.2515716553,48044,48054,10
12.9870004654,80.2514877319,48054,48064,10
12.9875297546,80.2513122559,48064,48074,10
12.9877996445,80.2513427734,48074,48084,10
12.9879198074,80.2517089844,48084,48095,11
12.9879903793,80.2522583008,48095,48105,10
12.9878997803,80.2530670166,48105,48115,10
12.9878396988,80.2540283203,48115,48125,10
12.9877195358,80.2551803589,48125,48195,70
12.9877195358,80.2551803589,48195,48206,11
12.9876403809,80.2555618286,48206,48216,10
12.9877796173,80.2557830811,48216,48226,10
12.9882297516,80.2558288574,48226,48236,10
12.9884700775,80.2558364868,48236,48246,10
12.9884796143,80.2558364868,48246,48256,10
12.9885702133,80.2558517456,48256,48266,10
12.9889001846,80.2558822632,48266,48276,10
12.9893703461,80.2559280396,48276,48286,10
12.9900903702,80.2560424805,48286,48296,10
12.9905595779,80.2559814453,48296,48306,10
12.9906597137,80.2559432983,48306,48317,11
12.9910297394,80.2559890747,48317,48327,10
12.9917097092,80.2560195923,48327,48337,10
12.9925603867,80.2560119629,48337,48347,10
12.993519783,80.2559280396,48347,48357,10
12.99421978,80.2559204102,48357,48367,10
12.9949398041,80.255859375,48367,48377,10
12.995759964,80.2557907104,48377,48387,10
12.9966697693,80.2557907104,48387,48397,10
12.997179985,80.2557983398,48397,48407,10
12.9977502823,80.2558364868,48407,48418,11
12.9983196259,80.2559280396,48418,48428,10
12.9989500046,80.2560272217,48428,48448,20
12.9989500046,80.2560272217,48448,48458,10
12.9991397858,80.2560577393,48458,48488,30
12.9991397858,80.2560577393,48488,48498,10
12.9995002747,80.2561264038,48498,48508,10
13.0001001358,80.2562484741,48508,48518,10
13.0008401871,80.2564315796,48518,48529,11
13.0012302399,80.2564697266,48529,48539,10
13.0017004013,80.2565612793,48539,48549,10
13.0023603439,80.2566375732,48549,48559,10
13.0029201508,80.2567672729,48559,48569,10
13.003490448,80.2568893433,48569,48579,10
13.0041599274,80.257019043,48579,48589,10
13.004699707,80.2571182251,48589,48599,10
13.0056200027,80.257270813,48599,48640,41
13.0056200027,80.257270813,48640,48650,10
13.0060901642,80.2573623657,48650,48660,10
13.0065498352,80.2574996948,48660,48670,10
13.0069198608,80.2580566406,48670,48680,10
13.0074501038,80.2585525513,48680,48690,10
13.008480072,80.258972168,48690,48710,20
13.008480072,80.258972168,48710,48720,10
13.008649826,80.2590408325,48720,48730,10
13.009180069,80.2590332031,48730,48740,10
13.0100097656,80.2590332031,48740,48751,11
13.0110797882,80.2589797974,48751,48761,10
13.012140274,80.2590026855,48761,48771,10
13.0132398605,80.2590637207,48771,48781,10
13.0143499374,80.2591171265,48781,48791,10
13.0154399872,80.2592163086,48791,48801,10
13.0161104202,80.259437561,48801,48811,10
13.0161600113,80.2594985962,48811,48841,30
13.0161600113,80.2594985962,48841,48851,10
13.0163202286,80.2596282959,48851,48862,11
13.0163803101,80.2596817017,48862,48872,10
13.0166597366,80.2599182129,48872,48882,10
13.0171203613,80.2602081299,48882,48892,10
13.0177698135,80.2606430054,48892,48902,10
13.0184497833,80.261100769,48902,48912,10
13.0189599991,80.2615127563,48912,48922,10
13.0194997787,80.2620010376,48922,48932,10
13.0201597214,80.2626495361,48932,48942,10
13.0201797485,80.2629776001,48942,48952,10
13.0196695328,80.2629470825,48952,48963,11
13.0190601349,80.2629470825,48963,48973,10
13.0190401077,80.263420105,48973,48983,10
13.0191202164,80.2639770508,48983,48993,10
13.0191202164,80.2640609741,48993,49003,10
13.019080162,80.2644577026,49003,49013,10
13.018910408,80.265007019,49013,49022,9
13.0187597275,80.2655410767,49022,49033,11
13.0186595917,80.2664108276,49033,49043,10
13.0188598633,80.2672195435,49043,49053,10
13.0193595886,80.2679367065,49053,49063,10
13.0199098587,80.2686004639,49063,49074,11
13.0205001831,80.269317627,49074,49084,10
13.0207700729,80.2696914673,49084,49094,10
13.0214595795,80.2704696655,49094,49114,20
13.0214595795,80.2704696655,49114,49124,10
13.0217199326,80.2707901001,49124,49134,10
13.0221204758,80.2713317871,49134,49144,10
13.0225200653,80.2718505859,49144,49154,10
13.0232200623,80.2727890015,49154,49164,10
13.0238895416,80.2737197876,49164,49225,61
13.0238895416,80.2737197876,49225,49235,10
13.0239295959,80.2737503052,49235,49245,10
13.0241804123,80.2741012573,49245,49255,10
13.0246896744,80.2745819092,49255,49265,10
13.0252599716,80.274848938,49265,49275,10
13.0254001617,80.2749176025,49275,49285,10
13.0255804062,80.2749862671,49285,49296,11
13.0257797241,80.2750778198,49296,49306,10
13.026260376,80.2753295898,49306,49316,10
13.0269403458,80.2756271362,49316,49326,10
13.027680397,80.275970459,49326,49336,10
13.0284099579,80.276260376,49336,49346,10
13.028719902,80.2763824463,49346,49356,10
13.0292797089,80.2765579224,49356,49366,10
13.0299196243,80.2767410278,49366,49376,10
13.0307197571,80.2771224976,49376,49386,10
13.0314502716,80.2775115967,49386,49397,11
13.0322399139,80.2775192261,49397,49407,10
13.0326404572,80.2774734497,49407,49417,10
13.0327196121,80.2774200439,49417,49427,10
13.0331001282,80.2774276733,49427,49437,10
13.0335798264,80.2773666382,49437,49447,10
13.0342502594,80.2775115967,49447,49457,10
13.035030365,80.2776794434,49457,49467,10
13.035900116,80.2778091431,49467,49477,10
13.0363197327,80.2779083252,49477,49487,10
13.0368995667,80.2780990601,49487,49497,10
13.0376195908,80.2783584595,49497,49507,10
13.0388898849,80.2787017822,49507,49528,21
13.0388898849,80.2787017822,49528,49538,10
13.0391798019,80.2788009644,49538,49554,16
13.0398702621,80.2789993286,49554,49567,13
13.0408601761,80.2792816162,49567,49577,10
13.0417995453,80.2794418335,49577,49587,10
13.0428199768,80.2795791626,49587,49597,10
13.0437002182,80.2797470093,49597,49607,10
13.0445604324,80.2799224854,49607,49618,11
13.045539856,80.2800369263,49618,49628,10
13.0457401276,80.2800598145,49628,49638,10
13.0458097458,80.2800827026,49638,49648,10
13.0461997986,80.280128479,49648,49658,10
13.0468597412,80.2802200317,49658,49668,10
13.047659874,80.2803421021,49668,49678,10
13.0482597351,80.280418396,49678,49688,10
13.0492696762,80.2805633545,49688,49698,10
13.050160408,80.2807006836,49698,49708,10
13.0506496429,80.2807769775,49708,49718,10
13.0507698059,80.2807998657,49718,49729,11
13.0513401031,80.2808914185,49729,49739,10
13.0521402359,80.2809906006,49739,49749,10
13.0530004501,80.2811126709,49749,49759,10
13.0539598465,80.2812728882,49759,49769,10
13.0548601151,80.2814483643,49769,49779,10
13.0557603836,80.2816390991,49779,49789,10
13.0564403534,80.2817611694,49789,49829,40
13.0564403534,80.2817611694,49829,49840,11
13.0566501617,80.2818069458,49840,49850,10
13.0570497513,80.2818908691,49850,49860,10
13.0572395325,80.2819366455,49860,49870,10
13.0577201843,80.2820281982,49870,49880,10
13.0583696365,80.2821731567,49880,49890,10
13.0591802597,80.2823486328,49890,49900,10
13.0601196289,80.2825393677,49900,49910,10
13.061050415,80.2827224731,49910,49920,10
13.0619602203,80.2829208374,49920,49930,10
13.0631399155,80.2831573486,49930,49961,31
13.0631399155,80.2831573486,49961,49971,10
13.0632801056,80.2832565308,49971,49981,10
13.0635795593,80.2832794189,49981,49991,10
13.0639600754,80.2834014893,49991,50001,10
13.0645799637,80.2835235596,50001,50011,10
13.0654201508,80.2836990356,50011,50021,10
13.0663995743,80.2839202881,50021,50031,10
13.0673904419,80.2841186523,50031,50044,13
13.0685396194,80.2843475342,50044,50054,10
13.0694704056,80.2845687866,50054,50065,11
13.0705003738,80.2848205566,50065,50075,10
13.0714502335,80.2850570679,50075,50085,10
13.0722904205,80.2852401733,50085,50095,10
13.0730199814,80.2852325439,50095,50105,10
13.0732402802,80.2851867676,50105,50115,10
13.0734100342,80.2852020264,50115,50125,10
13.073800087,80.2853927612,50125,50135,10
13.0741796494,80.2858810425,50135,50145,10
13.0747098923,80.2862701416,50145,50155,10
13.0753898621,80.2866897583,50155,50163,8
13.0759801865,80.2869567871,50163,50176,13
13.0771503448,80.2872619629,50176,50186,10
13.0781202316,80.2875213623,50186,50196,10
13.0789804459,80.2877807617,50196,50206,10
13.0798101425,80.2880630493,50206,50226,20
13.0798101425,80.2880630493,50226,50236,10
13.0801200867,80.2881011963,50236,50246,10
13.0808095932,80.2882766724,50246,50266,20
13.0808095932,80.2882766724,50266,50277,11
13.0811195374,80.2884063721,50277,50287,10
13.0817403793,80.2886199951,50287,50297,10
13.0824203491,80.2889022827,50297,50307,10
13.0832195282,80.2891693115,50307,50315,8
13.0838003159,80.2891616821,50315,50325,10
13.0847101212,80.2891311646,50325,50337,12
13.0854597092,80.289390564,50337,50347,10
13.0865297318,80.2895202637,50347,50357,10
13.0873804092,80.2897720337,50357,50367,10
13.0881795883,80.2901000977,50367,50378,11
13.0888004303,80.2901229858,50378,50419,41
13.0888004303,80.2901229858,50419,50429,10
13.0889196396,80.2902069092,50429,50439,10
13.0887098312,80.2903823853,50439,50449,10
13.0882902145,80.2902069092,50449,50459,10
13.0876502991,80.2899475098,50459,50469,10
13.0869197845,80.2897262573,50469,50479,10
13.0862598419,80.2895584106,50479,50490,11
13.085650444,80.2892837524,50490,50500,10
13.0852804184,80.2886505127,50500,50510,10
13.085100174,80.2878265381,50510,50520,10
13.0851402283,80.2870025635,50520,50530,10
13.0852403641,80.2859802246,50530,50540,10
13.0853204727,80.2850494385,50540,50550,10
13.0852403641,80.2843017578,50550,50560,10
13.0852203369,80.2842636108,50560,50570,10
13.0852203369,80.2840576172,50570,50580,10
13.0853395462,80.2837295532,50580,50590,10
13.0856304169,80.2835235596,50590,50601,11
13.0860595703,80.2835388184,50601,50611,10
13.0863800049,80.2836380005,50611,50621,10
13.086979866,80.2839431763,50621,50640,19
13.086979866,80.2839431763,50640,50651,11
13.0874004364,80.2839431763,50651,50661,10
13.0878801346,80.2839431763,50661,50863,202
13.0881204605,80.2837905884,50863,50893,30
13.0881204605,80.2837905884,50893,50903,10
13.0882797241,80.2833786011,50903,50913,10
13.0882797241,80.2831115723,50913,50924,11
13.0882797241,80.2827072144,50924,50934,10
13.0882701874,80.2824630737,50934,50944,10
13.0882501602,80.2822189331,50944,50954,10
13.0881795883,80.2819366455,50954,50964,10
13.0880403519,80.2815170288,50964,50974,10
13.0881996155,80.281463623,50974,50984,10
13.0884895325,80.2815093994,50984,50994,10
13.0884895325,80.2818374634,50994,51004,10
13.0884199142,80.2822799683,51004,51014,10
13.0883598328,80.282661438,51014,51024,10
13.0883398056,80.2828674316,51024,51035,11
13.0883398056,80.2828903198,51035,51045,10
13.0882997513,80.2830810547,51045,51055,10
13.0883102417,80.2833404541,51055,51065,10
13.0883102417,80.2836227417,51065,51075,10
13.0883598328,80.2840881348,51075,51085,10
13.0883903503,80.2845001221,51085,51095,10
13.0884103775,80.2845993042,51095,51105,10
13.0884399414,80.2848510742,51105,51115,10
13.0884599686,80.2852401733,51115,51125,10
13.0884799957,80.2855072021,51125,51135,10
13.0884799957,80.2857513428,51135,51146,11
13.0884799957,80.2859573364,51146,51156,10
13.0884895325,80.2863311768,51156,51176,20
13.0884895325,80.2863311768,51176,51186,10
13.0884599686,80.2866668701,51186,51196,10
13.0885295868,80.2871170044,51196,51206,10
13.0885801315,80.2874603271,51206,51216,10
13.0886001587,80.2878036499,51216,51226,10
13.0886602402,80.2883300781,51226,51236,10
13.0886802673,80.2885513306,51236,51246,10
13.0887298584,80.2892227173,51246,51267,21
13.0887298584,80.2892227173,51267,51277,10
13.0887403488,80.2894134521,51277,51287,10
13.088760376,80.2896881104,51287,51297,10
13.0888004303,80.2898712158,51297,51337,40
13.0888004303,80.2898712158,51337,51347,10
13.0887699127,80.2901763916,51347,51398,51
13.0887699127,80.2901763916,51398,51408,10
13.0887002945,80.290397644,51408,51418,10
13.0885000229,80.2904281616,51418,51428,10
13.0880403519,80.2901687622,51428,51438,10
13.0873403549,80.2898330688,51438,51448,10
13.0865097046,80.2895278931,51448,51458,10
13.0855302811,80.2892913818,51458,51468,10
13.0847101212,80.2892227173,51468,51479,11
13.0835800171,80.2891998291,51479,51489,10
13.0826797485,80.2890701294,51489,51499,10
13.0817699432,80.2887268066,51499,51509,10
13.0808897018,80.2884521484,51509,51519,10
13.0801496506,80.288230896,51519,51529,10
13.0799798965,80.2882080078,51529,51539,10
13.0798997879,80.2882003784,51539,51549,10
13.0794401169,80.2881088257,51549,51559,10
13.0788097382,80.2878417969,51559,51569,10
13.0780200958,80.2875976563,51569,51580,11
13.0770196915,80.2873382568,51580,51590,10
13.0760202408,80.2870788574,51590,51606,16
13.0746297836,80.2863616943,51606,51618,12
13.0739202499,80.2861175537,51618,51628,10
13.0733098984,80.285987854,51628,51638,10
13.0727701187,80.285697937,51638,51648,10
13.0720100403,80.2853775024,51648,51656,8
13.0712795258,80.2852020264,51656,51668,12
13.0701599121,80.2848968506,51668,51678,10
13.0690898895,80.28465271,51678,51688,10
13.0683298111,80.2844619751,51688,51699,11
13.067990303,80.2844009399,51699,51708,9
13.0675601959,80.2843704224,51708,51719,11
13.0667200089,80.2842102051,51719,51730,11
13.0658197403,80.2840118408,51730,51741,11
13.0649299622,80.2837982178,51741,51753,12
13.0642900467,80.2836303711,51753,51763,10
13.0637102127,80.2834625244,51763,51771,8
13.0631198883,80.2833023071,51771,51783,12
13.0625,80.2831192017,51783,51793,10
13.0624904633,80.2831192017,51793,51804,11
13.0623998642,80.2831115723,51804,51814,10
13.0620002747,80.2829971313,51814,51824,10
13.0613803864,80.2828826904,51824,51834,10
13.0605697632,80.2827377319,51834,51844,10
13.0597000122,80.2825622559,51844,51854,10
13.0588102341,80.2823562622,51854,51863,9
13.0577402115,80.2821426392,51863,51884,21
13.0577402115,80.2821426392,51884,51894,10
13.0574703217,80.2820968628,51894,51904,10
13.0569295883,80.2819824219,51904,51915,11
13.0566701889,80.2819213867,51915,51925,10
13.0565795898,80.2818984985,51925,51935,10
13.0560998917,80.2818069458,51935,51945,10
13.0553302765,80.2816467285,51945,51955,10
13.0544395447,80.2814712524,51955,51965,10
13.0534696579,80.281288147,51965,51975,10
13.052479744,80.2811279297,51975,51985,10
13.0514802933,80.2809829712,51985,51995,10
13.0507898331,80.2808837891,51995,52005,10
13.0499696732,80.2807617188,52005,52015,10
13.0490198135,80.2806167603,52015,52026,11
13.0478801727,80.2804489136,52026,52036,10
13.046790123,80.2802963257,52036,52046,10
13.0457897186,80.2801818848,52046,52056,10
13.0449399948,80.2800674438,52056,52066,10
13.0440196991,80.2799301147,52066,52076,10
13.0432500839,80.279800415,52076,52086,10
13.0423898697,80.2796173096,52086,52096,10
13.0413999557,80.2794418335,52096,52106,10
13.0403404236,80.2792282104,52106,52116,10
13.0389995575,80.2788772583,52116,52137,21
13.0389995575,80.2788772583,52137,52147,10
13.038769722,80.2787628174,52147,52157,10
13.0382099152,80.2785263062,52157,52167,10
13.0374803543,80.2783203125,52167,52177,10
13.0367498398,80.2781066895,52177,52187,10
13.0359802246,80.2778778076,52187,52197,10
13.0352602005,80.2777481079,52197,52207,10
13.0346803665,80.2776870728,52207,52217,10
13.0336503983,80.2774200439,52217,52238,21
13.0336503983,80.2774200439,52238,52248,10
13.0335102081,80.2774200439,52248,52258,10
13.0331096649,80.2775115967,52258,52268,10
13.0324802399,80.2775115967,52268,52278,10
13.0316896439,80.2775726318,52278,52288,10
13.0310096741,80.2773208618,52288,52298,10
13.0309200287,80.2772674561,52298,52308,10
13.0306901932,80.2771530151,52308,52318,10
13.030090332,80.2768783569,52318,52328,10
13.0293502808,80.2766189575,52328,52337,9
13.0286397934,80.2763671875,52337,52349,12
13.0277500153,80.2760391235,52349,52359,10
13.0268802643,80.2756729126,52359,52369,10
13.0261001587,80.2753295898,52369,52379,10
13.0259895325,80.2752685547,52379,52389,10
13.0257396698,80.2751464844,52389,52399,10
13.0252199173,80.2749099731,52399,52409,10
13.0245504379,80.2745819092,52409,52419,10
13.024140358,80.2741317749,52419,52429,10
13.0238399506,80.2737197876,52429,52439,10
13.0233602524,80.2730712891,52439,52449,10
13.0228204727,80.2723388672,52449,52460,11
13.0222101212,80.2715301514,52460,52470,10
13.0216302872,80.2707901001,52470,52480,10
13.0208597183,80.2699203491,52480,52510,30
13.0208597183,80.2699203491,52510,52520,10
13.0206899643,80.2696609497,52520,52530,10
13.020409584,80.2692489624,52530,52540,10
13.019900322,80.2686462402,52540,52550,10
13.0193796158,80.2679824829,52550,52560,10
13.0188703537,80.2673568726,52560,52571,11
13.0186195374,80.266456604,52571,52581,10
13.0186395645,80.2657928467,52581,52591,10
13.0187997818,80.2651596069,52591,52601,10
13.0190000534,80.2643890381,52601,52611,10
13.0189695358,80.2636184692,52611,52621,10
13.0189304352,80.2632522583,52621,52631,10
13.018910408,80.2630767822,52631,52641,10
13.0188999176,80.2628936768,52641,52651,10
13.0188503265,80.2623596191,52651,52661,10
13.0187397003,80.2616729736,52661,52672,11
13.0184803009,80.2612228394,52672,52682,10
13.017999649,80.260887146,52682,52692,10
13.0174398422,80.2604980469,52692,52702,10
13.0167398453,80.2600326538,52702,52712,10
13.0161504745,80.2597198486,52712,52721,9
13.0160398483,80.2596664429,52721,52732,11
13.0156698227,80.2595214844,52732,52742,10
13.0148897171,80.2593612671,52742,52752,10
13.0140695572,80.2593078613,52752,52762,10
13.0130796432,80.2592697144,52762,52772,10
13.012049675,80.2592391968,52772,52783,11
13.0110397339,80.2592010498,52783,52793,10
13.0100803375,80.2592315674,52793,52803,10
13.0090999603,80.2591629028,52803,52813,10
13.0087003708,80.2591705322,52813,52823,10
13.008310318,80.259147644,52823,52833,10
13.0076999664,80.2593231201,52833,52842,9
13.0071697235,80.2587127686,52842,52863,21
13.0071697235,80.2587127686,52863,52873,10
13.0070695877,80.258430481,52873,52883,10
13.0068397522,80.2579879761,52883,52894,11
13.0063695908,80.257598877,52894,52904,10
13.0057697296,80.2573928833,52904,52914,10
13.0050697327,80.2572174072,52914,52924,10
13.0043401718,80.2570877075,52924,52934,10
13.0035800934,80.2569732666,52934,52944,10
13.002989769,80.2568435669,52944,52954,10
13.0023603439,80.256729126,52954,52964,10
13.0018396378,80.2566375732,52964,53025,61
13.0018396378,80.2566375732,53025,53035,10
13.0015201569,80.2565307617,53035,53045,10
13.0010204315,80.2565002441,53045,53055,10
13.0003595352,80.256439209,53055,53065,10
12.9997501373,80.2563095093,53065,53075,10
12.9990596771,80.2561569214,53075,53085,10
12.9983997345,80.256072998,53085,53095,10
12.9981403351,80.2560424805,53095,53105,10
12.9981002808,80.2560195923,53105,53116,11
12.9974498749,80.2559814453,53116,53136,20
12.9974498749,80.2559814453,53136,53146,10
12.997179985,80.2559814453,53146,53156,10
12.9968795776,80.2559661865,53156,53166,10
12.9965896606,80.2559509277,53166,53176,10
12.9961996078,80.2559280396,53176,53186,10
12.9957304001,80.2559280396,53186,53196,10
12.9952402115,80.2559585571,53196,53206,10
12.9945297241,80.2559585571,53206,53217,11
12.9937801361,80.2559967041,53217,53227,10
12.9933300018,80.2560424805,53227,53237,10
12.9927301407,80.256072998,53237,53247,10
12.9919204712,80.2560806274,53247,53257,10
12.9912595749,80.2560806274,53257,53267,10
12.9906196594,80.256072998,53267,53277,10
12.9898395538,80.2560501099,53277,53287,10
12.9885902405,80.2559890747,53287,53388,101
12.9885902405,80.2559890747,53388,53398,10
12.9882602692,80.2558670044,53398,53408,10
12.9878997803,80.2558517456,53408,53418,10
12.9876499176,80.2559585571,53418,53428,10
12.9876003265,80.2564926147,53428,53439,11
12.9875097275,80.2571411133,53439,53449,10
12.9874401093,80.2579421997,53449,53459,10
12.9873199463,80.2585220337,53459,53479,20
12.9873199463,80.2585220337,53479,53489,10
12.9871397018,80.2585678101,53489,53509,20
12.9871397018,80.2585678101,53509,53519,10
12.9869499207,80.2585601807,53519,53953,434
12.9869499207,80.2585601807,53953,53963,10
12.9867200851,80.2586975098,53963,53973,10
12.9868001938,80.2588195801,53973,56044,2071
12.9869003296,80.2590637207,56044,57760,1716
12.9869003296,80.2590637207,57760,57770,10
12.9868202209,80.2588577271,57770,57780,10
12.9867801666,80.2590332031,57780,57790,10
12.9870004654,80.2591705322,57790,57831,41
12.9870004654,80.2591705322,57831,57841,10
12.9873600006,80.2589797974,57841,57851,10
12.9873800278,80.2588424683,57851,57861,10
12.9874000549,80.258682251,57861,57871,10
12.9874401093,80.2583236694,57871,57881,10
12.9874696732,80.2578125,57881,57891,10
12.9875402451,80.2570037842,57891,57901,10
12.9876003265,80.2560806274,57901,57911,10
12.9877700806,80.2558135986,57911,57922,11
12.9881496429,80.2558364868,57922,57932,10
12.9886398315,80.255897522,57932,57952,20
12.9886398315,80.255897522,57952,57962,10
12.9888095856,80.2559127808,57962,57972,10
12.9893398285,80.2559585571,57972,57982,10
12.9900598526,80.2559967041,57982,57992,10
12.9905796051,80.2559814453,57992,58002,10
12.9910402298,80.2559814453,58002,58012,10
12.9917898178,80.2560272217,58012,58022,10
12.9927902222,80.2560424805,58022,58033,11
12.9937295914,80.2558670044,58033,58043,10
12.9942598343,80.2558898926,58043,58053,10
12.9949598312,80.255821228,58053,58063,10
12.9956598282,80.2558822632,58063,58073,10
12.9963998795,80.2559509277,58073,58103,30
12.9963998795,80.2559509277,58103,58113,10
12.9965000153,80.2558517456,58113,58123,10
12.9967603683,80.2558670044,58123,58133,10
12.9971103668,80.2558898926,58133,58144,11
12.9978599548,80.2559204102,58144,58154,10
12.998840332,80.2560119629,58154,58184,30
12.998840332,80.2560119629,58184,58194,10
12.9990797043,80.2561035156,58194,58204,10
12.9995002747,80.256149292,58204,58214,10
12.9999504089,80.2562179565,58214,58224,10
13.000749588,80.2564163208,58224,58255,31
13.000749588,80.2564163208,58255,58264,9
13.0008802414,80.2564468384,58264,58275,11
13.0012397766,80.2565078735,58275,58285,10
13.0015201569,80.2565231323,58285,58295,10
13.0019302368,80.2565689087,58295,58305,10
13.0024003983,80.2566223145,58305,58315,10
13.0028095245,80.2566986084,58315,58325,10
13.0033798218,80.2568206787,58325,58335,10
13.0039796829,80.256942749,58335,58345,10
13.0045204163,80.2571029663,58345,58356,11
13.0052604675,80.257232666,58356,58366,10
13.0061302185,80.2574081421,58366,58406,40
13.0061302185,80.2574081421,58406,58416,10
13.0066003799,80.2575073242,58416,58426,10
13.0068902969,80.2578811646,58426,58436,10
13.007229805,80.258430481,58436,58446,10
13.0079803467,80.2588195801,58446,58456,10
13.0086898804,80.2590637207,58456,58467,11
13.0092201233,80.2590713501,58467,58477,10
13.0100698471,80.2590789795,58477,58487,10
13.0111999512,80.2590789795,58487,58497,10
13.0124998093,80.2590866089,58497,58507,10
13.0139198303,80.259147644,58507,58517,10
13.0153102875,80.2592163086,58517,58527,10
13.0163202286,80.2596206665,58527,58537,10
13.0166797638,80.2598419189,58537,58547,10
13.0167503357,80.2599563599,58547,58557,10
13.0173196793,80.2603530884,58557,58567,10
13.0180997849,80.2608718872,58567,58578,11
13.0188102722,80.261390686,58578,58588,10
13.0193395615,80.2618408203,58588,58598,10
13.0199298859,80.2624511719,58598,58608,10
13.0203504562,80.2628631592,58608,58618,10
13.0200796127,80.2630462646,58618,58628,10
13.0193901062,80.2629699707,58628,58638,10
13.0190000534,80.263130188,58638,58648,10
13.0191001892,80.2636489868,58648,58658,10
13.0191602707,80.2640914917,58658,58668,10
13.0190401077,80.2648010254,58668,58678,10
13.0188598633,80.2654037476,58678,58689,11
13.0186901093,80.2662200928,58689,58699,10
13.018819809,80.2671127319,58699,58709,10
13.0194301605,80.2680130005,58709,58719,10
13.0200500488,80.2687606812,58719,58729,10
13.0207300186,80.2695770264,58729,58739,10
13.0214004517,80.2703781128,58739,58749,10
13.021730423,80.2707595825,58749,58759,10
13.021900177,80.2710189819,58759,58769,10
13.0223798752,80.2716369629,58769,58779,10
13.0230197906,80.2724761963,58779,58789,10
13.0236196518,80.2733001709,58789,58800,11
13.0237703323,80.2734985352,58800,58810,10
13.0238199234,80.2735671997,58810,58820,10
13.0240602493,80.2739028931,58820,58830,10
13.0244102478,80.2743377686,58830,58840,10
13.0249795914,80.2747268677,58840,58850,10
13.0255899429,80.2750091553,58850,58860,10
13.0262098312,80.2753219604,58860,58870,10
13.0269498825,80.2756271362,58870,58880,10
13.027589798,80.2759780884,58880,58890,10
13.0283203125,80.276260376,58890,58901,11
13.0290002823,80.2764968872,58901,58911,10
13.0296897888,80.2767028809,58911,58921,10
13.0299196243,80.2767410278,58921,58931,10
13.0302295685,80.2768630981,58931,58941,10
13.0310201645,80.27734375,58941,58971,30
13.0310201645,80.27734375,58971,58987,16
13.0313596725,80.2775497437,58987,58999,12
13.0315599442,80.2775878906,58999,59007,8
13.0319595337,80.2775878906,59007,59040,33
13.0322504044,80.2775878906,59040,59056,16
13.0322504044,80.2775878906,59056,59070,14
13.0326004028,80.2775726318,59070,59080,10
13.0330600739,80.2775115967,59080,59090,10
13.0333900452,80.2773971558,59090,59100,10
13.0335998535,80.2773895264,59100,59110,10
13.0341701508,80.2774887085,59110,59131,21
13.0341701508,80.2774887085,59131,59141,10
13.0346002579,80.2775802612,59141,59164,23
13.0359201431,80.2778167725,59164,59176,12
13.0368099213,80.2780914307,59176,59186,10
13.0374698639,80.2783279419,59186,59196,10
13.0381202698,80.278503418,59196,59204,8
13.0389604568,80.2787628174,59204,59216,12
13.0394496918,80.2788696289,59216,59226,10
13.0396795273,80.2789916992,59226,59237,11
13.0394096375,80.2790374756,59237,59267,30
13.0394096375,80.2790374756,59267,59277,10
13.0392799377,80.2789535522,59277,59287,10
13.0390901566,80.2788467407,59287,59297,10
13.0388402939,80.2787475586,59297,59307,10
13.0384998322,80.2786407471,59307,59317,10
13.0380601883,80.2784805298,59317,59327,10
13.0376796722,80.2783966064,59327,59358,31
13.0376796722,80.2783966064,59358,59368,10
13.0374603271,80.2782821655,59368,59378,10
13.0374097824,80.2782669067,59378,59388,10
13.0372600555,80.2782363892,59388,59398,10
13.0368003845,80.2780990601,59398,59407,9
13.0363397598,80.2779083252,59407,59418,11
13.0355396271,80.2777328491,59418,59428,10
13.0352697372,80.2777023315,59428,59439,11
13.0350103378,80.2776565552,59439,59479,40
13.0350103378,80.2776565552,59479,59489,10
13.0346002579,80.277633667,59489,59499,10
13.0342998505,80.2775421143,59499,59509,10
13.0342102051,80.2774963379,59509,59519,10
13.033829689,80.277381897,59519,59560,41
13.033829689,80.277381897,59560,59570,10
13.0335903168,80.27734375,59570,59580,10
13.0335502625,80.27734375,59580,59590,10
13.0334501266,80.277381897,59590,59600,10
13.0331201553,80.2774810791,59600,59610,10
13.0328798294,80.2775115967,59610,59620,10
13.0324697495,80.2775268555,59620,59630,10
13.0319595337,80.2775726318,59630,59640,10
13.0314598083,80.2776184082,59640,59913,273
13.0314598083,80.2776184082,59913,59923,10
13.0312299728,80.2774963379,59923,59933,10
13.0310001373,80.27734375,59933,59943,10
13.0305995941,80.27709198,59943,59953,10
13.0302696228,80.2769317627,59953,59963,10
13.0298299789,80.2767486572,59963,59973,10
13.0291795731,80.2765884399,59973,59983,10
13.0286903381,80.2764129639,59983,59994,11
13.0286197662,80.2763824463,59994,60004,10
13.0287399292,80.276008606,60004,60054,50
13.0287399292,80.276008606,60054,60064,10
13.0287504196,80.2761383057,60064,60074,10
13.0287103653,80.2763214111,60074,60084,10
13.0288095474,80.2764282227,60084,60165,81
13.0288095474,80.2764282227,60165,60175,10
13.0291404724,80.2765579224,60175,60185,10
13.0292701721,80.2765884399,60185,60216,31
13.0292701721,80.2765884399,60216,60226,10
13.0294303894,80.2766494751,60226,60236,10
13.029540062,80.2766494751,60236,60367,131
13.0299100876,80.2767333984,60367,60397,30
13.0299100876,80.2767333984,60397,60407,10
13.0301198959,80.2768478394,60407,60417,10
13.0303001404,80.2769317627,60417,60428,11
13.0304203033,80.2769699097,60428,60438,10
13.030579567,80.2770614624,60438,60448,10
13.0306396484,80.2770996094,60448,60458,10
13.0307598114,80.2771987915,60458,60569,111
13.0311203003,80.2774124146,60569,60639,70
13.0311203003,80.2774124146,60639,60650,11
13.0314598083,80.2776412964,60650,60781,131
13.0314598083,80.2776412964,60781,60791,10
13.03166008,80.2775497437,60791,60801,10
13.0318603516,80.2775497437,60801,60811,10
13.0321702957,80.2775421143,60811,60821,10
13.0326004028,80.2775115967,60821,60912,91
13.0326004028,80.2775115967,60912,60922,10
13.0328998566,80.2774581909,60922,60932,10
13.0331096649,80.2774429321,60932,60942,10
13.0331602097,80.2774429321,60942,60952,10
13.0334196091,80.277381897,60952,60962,10
13.0335197449,80.2769927979,60962,60973,11
13.0336198807,80.2764587402,60973,60983,10
13.0336799622,80.2761764526,60983,61131,148
13.0337495804,80.2758483887,61131,61284,153
13.0337495804,80.2758483887,61284,61295,11
13.0337095261,80.276222229,61295,61305,10
13.0337095261,80.2762298584,61305,61315,10
13.0338001251,80.2762680054,61315,61325,10
13.0339603424,80.2765197754,61325,61678,353
13.0336799622,80.2762908936,61678,61779,101
13.0336799622,80.2762908936,61779,61789,10
13.0335502625,80.2767562866,61789,61809,20
13.0335502625,80.2767562866,61809,61819,10
13.0334396362,80.2771682739,61819,61829,10
13.0331602097,80.2774810791,61829,61840,11
13.0325403214,80.2774581909,61840,61850,10
13.0319099426,80.2775497437,61850,61860,10
13.0313596725,80.2775421143,61860,61870,10
13.0310001373,80.2773208618,61870,61880,10
13.0307302475,80.277130127,61880,61890,10
13.0305500031,80.2770690918,61890,61900,10
13.0300102234,80.2768325806,61900,61910,10
13.0294103622,80.2766723633,61910,61920,10
13.0289297104,80.2764587402,61920,61940,20
13.0289297104,80.2764587402,61940,61951,11
13.0286798477,80.2763671875,61951,61961,10
13.0281400681,80.2761917114,61961,61971,10
13.0275402069,80.2759475708,61971,61981,10
13.0268497467,80.2755966187,61981,61991,10
13.0263004303,80.2753372192,61991,62001,10
13.0261201859,80.2752609253,62001,62011,10
13.0257997513,80.2751312256,62011,62021,10
13.0250597,80.274810791,62021,62031,10
13.0242795944,80.2742614746,62031,62041,10
13.0238599777,80.2736968994,62041,62051,10
13.0233898163,80.2730865479,62051,62062,11
13.0228300095,80.2723312378,62062,62072,10
13.0222396851,80.2715606689,62072,62081,9
13.0218400955,80.2710418701,62081,62092,11
13.0213603973,80.2704620361,62092,62102,10
13.0210800171,80.2700881958,62102,62112,10
13.0209598541,80.2699508667,62112,62122,10
13.0206604004,80.2695770264,62122,62132,10
13.02023983,80.2690734863,62132,62142,10
13.0196800232,80.268371582,62142,62152,10
13.0190601349,80.2676086426,62152,62163,11
13.0186595917,80.2667312622,62163,62173,10
13.0186195374,80.2660598755,62173,62183,10
13.0187501907,80.265411377,62183,62193,10
13.0190095901,80.2645492554,62193,62203,10
13.0190401077,80.2638320923,62203,62213,10
13.0190200806,80.2635879517,62213,62223,10
13.0189504623,80.2630767822,62223,62233,10
13.0188798904,80.2623062134,62233,62243,10
13.0187397003,80.2615814209,62243,62253,10
13.0185203552,80.2612533569,62253,62263,10
13.0181903839,80.2610015869,62263,62274,11
13.0177698135,80.2606964111,62274,62284,10
13.0171203613,80.2602386475,62284,62294,10
13.0165395737,80.2598571777,62294,62304,10
13.0158596039,80.2594833374,62304,62314,10
13.0149202347,80.2592697144,62314,62324,10
13.0139799118,80.2592315674,62324,62334,10
13.0127801895,80.2592086792,62334,62344,10
13.0114498138,80.2591781616,62344,62354,10
13.0102796555,80.2592163086,62354,62364,10
13.0092496872,80.2592086792,62364,62374,10
13.0088500977,80.2592086792,62374,62385,11
13.0086202621,80.2592391968,62385,62395,10
13.0080499649,80.2592468262,62395,62405,10
13.0075502396,80.2593383789,62405,62415,10
13.0072603226,80.2587966919,62415,62425,10
13.006939888,80.2582321167,62425,62435,10
13.0067300797,80.2578735352,62435,62445,10
13.0061798096,80.2574920654,62445,62455,10
13.0055799484,80.2573623657,62455,62465,10
13.0050497055,80.2572174072,62465,62475,10
13.0042600632,80.2570419312,62475,62486,11
13.0034198761,80.2568817139,62486,62496,10
13.002869606,80.2567672729,62496,62506,10
13.0027704239,80.2567520142,62506,62516,10
13.0026903152,80.256729126,62516,62526,10
13.0024404526,80.2566833496,62526,62536,10
13.0020599365,80.2565994263,62536,62546,10
13.0014200211,80.2565307617,62546,62556,10
13.0008296967,80.2564315796,62556,62566,10
13.0003004074,80.2563476563,62566,62576,10
12.9998998642,80.2562789917,62576,62586,10
12.9994401932,80.2562026978,62586,62597,11
12.9989204407,80.2561035156,62597,62607,10
12.9985198975,80.2560424805,62607,62617,10
12.9979295731,80.2559585571,62617,62627,10
12.9974403381,80.2559280396,62627,62637,10
12.9970197678,80.255897522,62637,62647,10
12.9965600967,80.2558898926,62647,62657,10
12.9960002899,80.2558822632,62657,62673,16
12.9951896667,80.2558898926,62673,62685,12
12.9945697784,80.2559204102,62685,62693,8
12.99421978,80.2559585571,62693,62705,12
12.9932098389,80.2560501099,62705,62716,11
12.9921503067,80.2560577393,62716,62726,10
12.991399765,80.2560119629,62726,62736,10
12.9907503128,80.2560119629,62736,62746,10
12.9901895523,80.2559814453,62746,62756,10
12.9894895554,80.2559585571,62756,62766,10
12.9886798859,80.2558898926,62766,62847,81
12.9886798859,80.2558898926,62847,62857,10
12.9884195328,80.2559280396,62857,62867,10
12.9879903793,80.255859375,62867,62877,10
12.9874601364,80.2557830811,62877,62887,10
12.986700058,80.2556381226,62887,62917,30
12.986700058,80.2556381226,62917,62927,10
12.9864301682,80.2555923462,62927,62938,11
12.9861803055,80.2555389404,62938,62948,10
12.98595047,80.2554473877,62948,62958,10
12.9855899811,80.255317688,62958,62968,10
12.9853000641,80.255279541,62968,62978,10
12.9847803116,80.2552032471,62978,62988,10
12.9841995239,80.2550582886,62988,62998,10
12.983710289,80.2549514771,62998,63008,10
12.9832601547,80.2548217773,63008,63018,10
12.9827299118,80.2546768188,63018,63028,10
12.9821796417,80.2543563843,63028,63039,11
12.981880188,80.2535629272,63039,63049,10
12.9815797806,80.2528686523,63049,63059,10
12.9808797836,80.2527999878,63059,63069,10
12.9801902771,80.252822876,63069,63079,10
12.9793796539,80.2526779175,63079,63089,10
12.9783201218,80.2523193359,63089,63099,10
12.9772500992,80.2514801025,63099,63109,10
12.9757404327,80.2509994507,63109,63119,10
12.9742698669,80.2506027222,63119,63129,10
12.9730501175,80.2502822876,63129,63139,10
12.9718599319,80.2499771118,63139,63150,11
12.9705200195,80.2496185303,63150,63166,16
12.9686603546,80.2489471436,63166,63178,12
12.9674501419,80.2484512329,63178,63188,10
12.966799736,80.2481002808,63188,63196,8
12.9659996033,80.2477416992,63196,63207,11
12.9652395248,80.2474365234,63207,63219,12
12.9641599655,80.2470703125,63219,63229,10
12.9632396698,80.2466888428,63229,63239,10
12.9622097015,80.2461700439,63239,63250,11
12.9609899521,80.2455596924,63250,63259,9
12.9599704742,80.2451095581,63259,63270,11
12.9590702057,80.2447433472,63270,63280,10
12.9589796066,80.2446899414,63280,63290,10
12.9584102631,80.2444381714,63290,63300,10
12.9576101303,80.2441177368,63300,63310,10
12.9567203522,80.2438735962,63310,63320,10
12.9563798904,80.2437362671,63320,63330,10
12.956199646,80.2436828613,63330,63340,10
12.9555597305,80.2433013916,63340,63349,9
12.9547100067,80.2428894043,63349,63361,12
12.9536504745,80.2424316406,63361,63371,10
12.9526395798,80.2420501709,63371,63381,10
12.9514102936,80.241607666,63381,63391,10
12.9501495361,80.2412261963,63391,63401,10
12.9491796494,80.2409286499,63401,63411,10
12.9484300613,80.2406082153,63411,63421,10
12.9476900101,80.2403182983,63421,63431,10
12.9474401474,80.2402114868,63431,63441,10
12.9471797943,80.2400817871,63441,63451,10
12.9465703964,80.2398071289,63451,63461,10
12.9456501007,80.2394180298,63461,63472,11
12.9446001053,80.2385177612,63472,63482,10
12.9437198639,80.2375411987,63482,63492,10
12.9428300858,80.2367324829,63492,63502,10
12.9415302277,80.2362670898,63502,63512,10
12.9402399063,80.2359619141,63512,63521,9
12.9391899109,80.2355270386,63521,63532,11
12.937959671,80.2349319458,63532,63542,10
12.9367303848,80.234336853,63542,63552,10
12.9359197617,80.2339706421,63552,63562,10
12.9356002808,80.2341308594,63562,63573,11
12.9352998734,80.2349624634,63573,63583,10
12.9351396561,80.2354202271,63583,63593,10
12.9349403381,80.2353973389,63593,63603,10
12.9345998764,80.235206604,63603,63613,10
12.9341201782,80.2350463867,63613,63623,10
12.9339199066,80.2350311279,63623,63633,10
12.9337701797,80.2354736328,63633,63643,10
12.9336004257,80.236076355,63643,63653,10
12.9334096909,80.2362213135,63653,63663,10
12.9331903458,80.2361907959,63663,63673,10
12.9330396652,80.2361602783,63673,63684,11
12.9329795837,80.236328125,63684,63694,10
12.932849884,80.2369384766,63694,63704,10
12.93268013,80.2373809814,63704,63714,10
12.9324197769,80.2380371094,63714,63724,10
12.932220459,80.23853302,63724,63734,10
12.9318704605,80.2387619019,63734,63744,10
12.9312801361,80.2385787964,63744,63754,10
12.9312400818,80.238571167,63754,63764,10
12.9311199188,80.2385177612,63764,63774,10
12.9305801392,80.238319397,63774,63784,10
12.9297800064,80.2380371094,63784,63795,11
12.9295701981,80.2381668091,63795,63805,10
12.9294395447,80.238571167,63805,63815,10
12.9293003082,80.2389984131,63815,63825,10
12.9290399551,80.2390136719,63825,63835,10
12.9285001755,80.2388763428,63835,63845,10
12.9279098511,80.2387313843,63845,63855,10
12.9270601273,80.23853302,63855,63865,10
12.9262304306,80.238319397,63865,63875,10
12.9257097244,80.2381896973,63875,63885,10
12.9255199432,80.2381362915,63885,63896,11
12.9250402451,80.237991333,63896,64097,201
12.9250402451,80.237991333,64097,64107,10
12.9249095917,80.2379989624,64107,64118,11
12.9250097275,80.23828125,64118,64128,10
12.9256601334,80.238319397,64128,64158,30
12.9256601334,80.238319397,64158,64168,10
12.9259395599,80.2382278442,64168,64178,10
12.926320076,80.2383422852,64178,64188,10
12.926779747,80.2384567261,64188,64198,10
12.9270000458,80.2385025024,64198,64208,10
12.9274501801,80.2386169434,64208,64218,10
12.9281301498,80.2387771606,64218,64229,11
12.9282999039,80.2388076782,64229,64239,10
12.9283800125,80.2388305664,64239,64249,10
12.9288301468,80.2389526367,64249,64258,9
12.9292697906,80.2390594482,64258,64268,10
12.9293603897,80.2389373779,64268,64279,11
12.9294595718,80.238609314,64279,64289,10
12.929599762,80.2380905151,64289,64299,10
12.9297800064,80.237991333,64299,64309,10
12.9302997589,80.2382125854,64309,64319,10
12.931019783,80.2384719849,64319,64329,10
12.9312095642,80.2385406494,64329,64340,11
12.9312601089,80.2385482788,64340,64350,10
12.9315099716,80.2386474609,64350,64360,10
12.9320602417,80.2387924194,64360,64370,10
12.9323101044,80.2384796143,64370,64380,10
12.9324598312,80.2380371094,64380,64390,10
12.93268013,80.2374191284,64390,64400,10
12.9327497482,80.237159729,64400,64410,10
12.9328603745,80.2368011475,64410,64420,10
12.9329204559,80.2364501953,64420,64430,10
12.9332704544,80.2361907959,64430,64451,21
12.9332704544,80.2361907959,64451,64461,10
12.9334897995,80.2362594604,64461,64471,10
12.9336099625,80.2360610962,64471,64481,10
12.9337596893,80.235496521,64481,64491,10
12.9339399338,80.2350234985,64491,64501,10
12.9341897964,80.2351379395,64501,64511,10
12.9344701767,80.2352600098,64511,64521,10
12.9348802567,80.2354431152,64521,64531,10
12.9350996017,80.2354888916,64531,64541,10
12.9351997375,80.2352523804,64541,64552,11
12.9354400635,80.23462677,64552,64562,10
12.9357204437,80.2339401245,64562,64572,10
12.9360599518,80.2338562012,64572,64582,10
12.9366102219,80.2341537476,64582,64592,10
12.9369602203,80.2343063354,64592,64602,10
12.9371099472,80.2343902588,64602,64612,10
12.9373397827,80.2345199585,64612,64622,10
12.9378004074,80.2347488403,64622,64632,10
12.9385499954,80.2351379395,64632,64642,10
12.939620018,80.2356719971,64642,64663,21
12.939620018,80.2356719971,64663,64679,16
12.940320015,80.2359466553,64679,64691,12
12.9413404465,80.2361984253,64691,64701,10
12.9421596527,80.2363891602,64701,64711,10
12.9432601929,80.2369613647,64711,64721,10
12.9441204071,80.2378768921,64721,64731,10
12.9449195862,80.2387771606,64731,64741,10
12.9458398819,80.2394714355,64741,64751,10
12.9472198486,80.2399978638,64751,64792,41
12.9472198486,80.2399978638,64792,64802,10
12.9474096298,80.2400665283,64802,64812,10
12.9477701187,80.2402191162,64812,64822,10
12.9485797882,80.2405471802,64822,64842,20
12.9485797882,80.2405471802,64842,64852,10
12.9486598969,80.240562439,64852,64862,10
12.9490804672,80.240737915,64862,64872,10
12.9497003555,80.2409667969,64872,64883,11
12.9505300522,80.2412185669,64883,64893,10
12.951259613,80.2414398193,64893,64903,10
12.9513597488,80.2414627075,64903,64913,10
12.9515104294,80.2415237427,64913,64923,10
12.9519796371,80.2416915894,64923,64933,10
12.9526901245,80.2419662476,64933,64943,10
12.9533195496,80.2422180176,64943,64953,10
12.9538602829,80.2424087524,64953,64963,10
12.9542503357,80.2425765991,64963,64973,10
12.9547796249,80.2427825928,64973,64984,11
12.9553604126,80.242980957,64984,64994,10
12.955739975,80.2431182861,64994,65004,10
12.956199646,80.243270874,65004,65014,10
12.9564599991,80.2433776855,65014,65024,10
12.9568796158,80.2435913086,65024,65034,10
12.957570076,80.243927002,65034,65044,10
12.9583902359,80.2442779541,65044,65054,10
12.9586801529,80.2444229126,65054,65064,10
12.958820343,80.2445068359,65064,65074,10
12.9591598511,80.244682312,65074,65135,61
12.9591598511,80.244682312,65135,65145,10
12.9593896866,80.2447509766,65145,65155,10
12.9598398209,80.2449569702,65155,65165,10
12.9605102539,80.245262146,65165,65175,10
12.9613304138,80.2456436157,65175,65185,10
12.9622097015,80.24609375,65185,65195,10
12.963060379,80.2465133667,65195,65206,11
12.9638299942,80.2468795776,65206,65216,10
12.9645700455,80.2471618652,65216,65226,10
12.9653997421,80.247428894,65226,65236,10
12.9662904739,80.2477416992,65236,65266,30
12.9662904739,80.2477416992,65266,65276,10
12.9665298462,80.2478179932,65276,65286,10
12.9670600891,80.2480926514,65286,65296,10
12.9678096771,80.2484283447,65296,65307,11
12.9687900543,80.248840332,65307,65317,10
12.9697999954,80.2492599487,65317,65327,10
12.9708795547,80.249671936,65327,65337,10
12.9720001221,80.2499771118,65337,65347,10
12.9731502533,80.2502822876,65347,65357,10
12.9742298126,80.2505569458,65357,65367,10
12.9751996994,80.2508392334,65367,65377,10
12.9762802124,80.2511062622,65377,65387,10
12.9768600464,80.2512512207,65387,65397,10
12.9768695831,80.2512588501,65397,65407,10
12.9771499634,80.2513580322,65407,65418,11
12.9776697159,80.2516708374,65418,65428,10
12.9780197144,80.251991272,65428,65438,10
12.9786996841,80.2524490356,65438,65498,60
12.9786996841,80.2524490356,65498,65508,10
12.9789896011,80.252532959,65508,65517,9
12.9794101715,80.2526016235,65517,65529,12
12.9800300598,80.2526779175,65529,65539,10
12.9805803299,80.2527084351,65539,65549,10
12.9812498093,80.2526931763,65549,65559,10
12.9817304611,80.2526779175,65559,65730,171
12.9817304611,80.2526779175,65730,65741,11
12.9817895889,80.2526779175,65741,65751,10
12.9821596146,80.2526702881,65751,65761,10
12.9827404022,80.2526397705,65761,65771,10
12.9832296371,80.2525863647,65771,65781,10
12.9837799072,80.252456665,65781,65791,10
12.9843797684,80.2522964478,65791,65801,10
12.984869957,80.2521514893,65801,65811,10
12.9853696823,80.251991272,65811,65821,10
12.9857597351,80.2518920898,65821,65831,10
12.9862003326,80.251739502,65831,65841,10
12.9866800308,80.2516403198,65841,65852,11
12.9873399734,80.2514572144,65852,65862,10
12.9876899719,80.2513580322,65862,65872,10
12.9879398346,80.2515716553,65872,65882,10
12.9880199432,80.2519378662,65882,65892,10
12.9880504608,80.2524414063,65892,65902,10
12.9879999161,80.2529525757,65902,65912,10
12.987950325,80.2532577515,65912,65922,10
12.9879398346,80.2534103394,65922,65932,10
12.9879102707,80.2537307739,65932,65942,10
12.987859726,80.2542495728,65942,65953,11
12.9878196716,80.2549514771,65953,65963,10
12.9877595901,80.2555389404,65963,66114,151
12.9877595901,80.2555389404,66114,66124,10
12.9876699448,80.2560119629,66124,66134,10
12.9876203537,80.2564163208,66134,66154,20
12.9876203537,80.2564163208,66154,66164,10
12.9876003265,80.2565994263,66164,66175,11
12.9875602722,80.2569503784,66175,66185,10
12.9875001907,80.2576217651,66185,66195,10
12.9874296188,80.2584381104,66195,66205,10
12.9873600006,80.2591018677,66205,66215,10
12.9872198105,80.2595901489,66215,66275,60
12.9872198105,80.2595901489,66275,66286,11
12.9869003296,80.2596664429,66286,66296,10
12.9866600037,80.2595977783,66296,66306,10
12.9865999222,80.2593231201,66306,66316,10
12.9867401123,80.259147644,66316,66326,10
12.9867601395,80.2591629028,66326,66336,10
12.9872102737,80.2591781616,66336,66387,51
12.9872102737,80.2591781616,66387,66397,10
12.9874401093,80.2589492798,66397,66407,10
12.9874095917,80.2586288452,66407,66417,10
12.9874000549,80.2584228516,66417,66427,10
12.9874095917,80.2580566406,66427,66437,10
12.9874401093,80.2575912476,66437,66447,10
12.9875402451,80.2567825317,66447,66457,10
12.9876499176,80.255859375,66457,66467,10
12.9880599976,80.255859375,66467,66477,10
12.9882698059,80.2559204102,66477,66487,10
12.9884395599,80.2559280396,66487,66498,11
12.9884996414,80.2559585571,66498,66508,10
12.9885997772,80.2559585571,66508,66524,16
12.9890403748,80.2560119629,66524,66536,12
12.9898500443,80.2560806274,66536,66544,8
12.9903697968,80.2560882568,66544,66556,12
12.9910297394,80.256111145,66556,66565,9
12.9917697906,80.256111145,66565,66576,11
12.992600441,80.256111145,66576,66586,10
12.9933204651,80.2560577393,66586,66596,10
12.9939603806,80.2560195923,66596,66607,11
12.9946804047,80.2559585571,66607,66617,10
12.9952602386,80.2559204102,66617,66637,20
12.9952602386,80.2559204102,66637,66647,10
12.9953298569,80.2558898926,66647,66657,10
12.995349884,80.2558898926,66657,66666,9
12.9955501556,80.255897522,66666,66677,11
12.9960403442,80.2559280396,66677,66687,10
12.9965801239,80.2559432983,66687,66698,11
12.9969301224,80.2559509277,66698,66707,9
12.9972696304,80.2559585571,66707,66719,12
12.9981603622,80.2559890747,66719,66749,30
12.9981603622,80.2559890747,66749,66759,10
12.9983596802,80.2560195923,66759,66769,10
12.9985704422,80.256072998,66769,66779,10
12.99903965,80.256111145,66779,66809,30
12.99903965,80.256111145,66809,66820,11
12.9995803833,80.2562408447,66820,66830,10
13.0000896454,80.2563400269,66830,66840,10
13.0006504059,80.256439209,66840,66850,10
13.0010099411,80.2565231323,66850,66860,10
13.0012302399,80.2565612793,66860,66870,10
13.0015802383,80.2565994263,66870,66879,9
13.0020103455,80.2566680908,66879,66890,11
13.0023698807,80.256729126,66890,66900,10
13.002869606,80.2568283081,66900,66910,10
13.0032997131,80.2568969727,66910,66920,10
13.003780365,80.256980896,66920,66931,11
13.0043802261,80.2570800781,66931,66941,10
13.0048799515,80.2572174072,66941,66951,10
13.005490303,80.2573013306,66951,66961,10
13.0057697296,80.2574234009,66961,66991,30
13.0057697296,80.2574234009,66991,67001,10
13.0062999725,80.2574996948,67001,67011,10
13.0067901611,80.2577362061,67011,67021,10
13.0071697235,80.2583618164,67021,67031,10
13.0078401566,80.2588119507,67031,67042,11
13.0085201263,80.2590408325,67042,67052,10
13.0085496902,80.2590484619,67052,67062,10
13.008939743,80.2591171265,67062,67072,10
13.00963974,80.2591400146,67072,67082,10
13.0106801987,80.259147644,67082,67092,10
13.011879921,80.2591629028,67092,67102,10
13.0132398605,80.2592163086,67102,67112,10
13.0146999359,80.2592697144,67112,67122,10
13.0159597397,80.2594680786,67122,67132,10
13.0164299011,80.2597198486,67132,67142,10
13.0164499283,80.2597427368,67142,67153,11
13.0166797638,80.2599868774,67153,67163,10
13.0168504715,80.260093689,67163,67173,10
13.0172195435,80.2603225708,67173,67183,10
13.0178098679,80.2607192993,67183,67193,10
13.0182695389,80.2610626221,67193,67203,10
13.0186195374,80.2612991333,67203,67213,10
13.0188598633,80.2615127563,67213,67223,10
13.0191402435,80.2617263794,67223,67233,10
13.0193595886,80.261932373,67233,67243,10
13.0195999146,80.2621917725,67243,67254,11
13.0200996399,80.2627029419,67254,67264,10
13.020359993,80.2630004883,67264,67274,10
13.0202198029,80.2630615234,67274,67284,10
13.019900322,80.2630462646,67284,67294,10
13.0192403793,80.2630004883,67294,67304,10
13.0190200806,80.2633285522,67304,67314,10
13.0191202164,80.2641525269,67314,67324,10
13.0188999176,80.2651367188,67324,67334,10
13.0187997818,80.2655792236,67334,67344,10
13.0186700821,80.2662734985,67344,67354,10
13.0187902451,80.2670974731,67354,67365,11
13.0194301605,80.268081665,67365,67374,9
13.0200996399,80.2688827515,67374,67385,11
13.0207004547,80.2696228027,67385,67395,10
13.0210800171,80.2700805664,67395,67405,10
13.0215196609,80.2705764771,67405,67425,20
13.0215196609,80.2705764771,67425,67435,10
13.021730423,80.2708587646,67435,67445,10
13.0221595764,80.2714080811,67445,67455,10
13.0226898193,80.272102356,67455,67465,10
13.0233001709,80.2729187012,67465,67476,11
13.0238199234,80.2736206055,67476,67522,46
13.0238199234,80.2736206055,67522,67534,12
13.0240001678,80.2738418579,67534,67544,10
13.0242204666,80.2741622925,67544,67553,9
13.0246601105,80.2746582031,67553,67565,12
13.0254001617,80.2749710083,67565,67586,21
13.0254001617,80.2749710083,67586,67596,10
13.0255498886,80.2750473022,67596,67606,10
13.0259304047,80.2752380371,67606,67616,10
13.0263700485,80.2754516602,67616,67626,10
13.0266895294,80.275642395,67626,67636,10
13.027299881,80.2759094238,67636,67645,9
13.027680397,80.2761077881,67645,67655,10
13.0282201767,80.2763290405,67655,67666,11
13.0285797119,80.2764892578,67666,67676,10
13.0291404724,80.2766494751,67676,67687,11
13.0297403336,80.276802063,67687,67697,10
13.0302600861,80.2769775391,67697,67707,10
13.0307502747,80.2772369385,67707,67717,10
13.0311403275,80.2774734497,67717,67727,10
13.0311603546,80.2774810791,67727,67737,10
13.0314903259,80.277633667,67737,67747,10
13.0317802429,80.2776412964,67747,67757,10
13.0320796967,80.2776489258,67757,67767,10
13.0324697495,80.2775802612,67767,67777,10
13.0331201553,80.2774963379,67777,67814,37
13.0331201553,80.2774963379,67814,67826,12
13.0335102081,80.2773666382,67826,67835,9
13.0339002609,80.2774200439,67835,67846,11
13.034620285,80.2776412964,67846,67855,9
13.0352401733,80.2777633667,67855,67867,12
13.0359802246,80.2779083252,67867,67877,10
13.0367002487,80.278137207,67877,67887,10
13.0372600555,80.2783508301,67887,67897,10
13.037899971,80.2785186768,67897,67908,11
13.0387201309,80.278717041,67908,67917,9
13.0388097763,80.2787628174,67917,67928,11
13.0389499664,80.2788314819,67928,67938,10
13.0393600464,80.2789611816,67938,67947,9
13.0399599075,80.2791213989,67947,67958,11
13.0408401489,80.2793502808,67958,67968,10
13.0416498184,80.2794799805,67968,67978,10
13.0429801941,80.2795791626,67978,68029,51
13.0429801941,80.2795791626,68029,68039,10
13.043299675,80.2796401978,68039,68049,10
13.0439796448,80.2798614502,68049,68059,10
13.0447597504,80.2800064087,68059,68069,10
13.0455799103,80.2801208496,68069,68079,10
13.0456399918,80.280128479,68079,68089,10
13.0460500717,80.2801818848,68089,68099,10
13.0465898514,80.2802581787,68099,68109,10
13.047419548,80.280380249,68109,68120,11
13.0485601425,80.2805404663,68120,68130,10
13.0496101379,80.280708313,68130,68140,10
13.0505599976,80.2808303833,68140,68160,20
13.0505599976,80.2808303833,68160,68170,10
13.0507097244,80.2808532715,68170,68180,10
13.0510997772,80.2809371948,68180,68190,10
13.0517501831,80.281036377,68190,68200,10
13.0527696609,80.2811965942,68200,68210,10
13.0540599823,80.2814025879,68210,68220,10
13.0550699234,80.2816009521,68220,68231,11
13.0561199188,80.2818069458,68231,68241,10
13.0566997528,80.2819137573,68241,68261,20
13.0566997528,80.2819137573,68261,68271,10
13.0571403503,80.2819976807,68271,68281,10
13.0579099655,80.2821731567,68281,68291,10
13.0588998795,80.2823791504,68291,68301,10
13.0597000122,80.2825469971,68301,68311,10
13.0606498718,80.2827377319,68311,68321,10
13.061340332,80.2828903198,68321,68331,10
13.0620698929,80.2830505371,68331,68342,11
13.0628099442,80.2831878662,68342,68352,10
13.0628795624,80.283203125,68352,68362,10
13.0629997253,80.2832489014,68362,68372,10
13.0635004044,80.2833862305,68372,68382,10
13.0638599396,80.283493042,68382,68392,10
13.0642795563,80.2835769653,68392,68402,10
13.0651798248,80.2837600708,68402,68412,10
13.0663795471,80.2840270996,68412,68422,10
13.0675001144,80.2842788696,68422,68432,10
13.0677204132,80.2843322754,68432,68443,11
13.0678100586,80.2843322754,68443,68453,10
13.0683803558,80.2844009399,68453,68463,10
13.0693702698,80.2846298218,68463,68473,10
13.0705900192,80.2849502563,68473,68483,10
13.0719299316,80.2852935791,68483,68493,10
13.0732097626,80.2853012085,68493,68503,10
13.073559761,80.2852935791,68503,68513,10
13.0736303329,80.2853012085,68513,68523,10
13.0739202499,80.2855377197,68523,68533,10
13.0740604401,80.2857513428,68533,68543,10
13.0745000839,80.2862167358,68543,68554,11
13.0751800537,80.2866897583,68554,68564,10
13.075460434,80.2868423462,68564,68574,10
13.0760202408,80.2871017456,68574,68584,10
13.0769195557,80.2873382568,68584,68594,10
13.0780601501,80.2876281738,68594,68604,10
13.0793199539,80.2880630493,68604,68614,10
13.0804300308,80.2882919312,68614,68624,10
13.0810499191,80.2884368896,68624,68634,10
13.0817804337,80.2887268066,68634,68644,10
13.0823497772,80.2889404297,68644,68654,10
13.0831604004,80.2892608643,68654,68665,11
13.0839595795,80.2892303467,68665,68675,10
13.084859848,80.2892074585,68675,68685,10
13.0858898163,80.2893676758,68685,68695,10
13.0869102478,80.2896499634,68695,68705,10
13.0875997543,80.2898864746,68705,68715,10
13.0886096954,80.2901992798,68715,68836,121
13.0886096954,80.2901992798,68836,68846,10
13.0888004303,80.2903137207,68846,68856,10
13.0886001587,80.2904434204,68856,68866,10
13.0883598328,80.2903366089,68866,68877,11
13.0880403519,80.2901992798,68877,68887,10
13.0875997543,80.2900238037,68887,68897,10
13.0870304108,80.2898406982,68897,68907,10
13.086520195,80.2897033691,68907,68917,10
13.085940361,80.2895736694,68917,68927,10
13.0855998993,80.2892532349,68927,68937,10
13.0852003098,80.2884979248,68937,68946,9
13.085100174,80.2878570557,68946,68957,11
13.0851602554,80.2869720459,68957,68967,10
13.0852499008,80.2860488892,68967,68977,10
13.0853395462,80.2851486206,68977,68988,11
13.0852298737,80.2843017578,68988,69008,20
13.0852298737,80.2843017578,69008,69018,10
13.0853099823,80.2840194702,69018,69028,10
13.0853796005,80.2837905884,69028,69038,10
13.0854597092,80.2836303711,69038,69048,10
13.0857601166,80.2836074829,69048,69058,10
13.0861997604,80.2836380005,69058,69068,10
13.0865402222,80.2838592529,69068,69089,21
13.0865402222,80.2838592529,69089,69099,10
13.0866804123,80.2838897705,69099,69109,10
13.0867595673,80.2839889526,69109,69119,10
13.0869598389,80.2840194702,69119,69129,10
13.0871601105,80.2840270996,69129,69139,10
13.0874795914,80.2840270996,69139,69149,10
13.0877799988,80.2840270996,69149,69159,10
13.0881099701,80.2840805054,69159,69331,172
13.0883798599,80.2837982178,69331,69854,523
13.0883798599,80.2837982178,69854,69864,10
13.0881595612,80.2836303711,69864,69874,10
13.0882101059,80.2835769653,69874,69884,10
13.0882701874,80.2834320068,69884,69894,10
13.0882701874,80.2832336426,69894,69904,10
13.088259697,80.282951355,69904,69914,10
13.0882501602,80.2825012207,69914,69924,10
13.0881700516,80.2820205688,69924,69934,10
13.0880203247,80.2815933228,69934,69944,10
13.0882101059,80.2815170288,69944,69954,10
13.0885295868,80.2817001343,69954,69965,11
13.088470459,80.2820663452,69965,69975,10
13.0883998871,80.2824478149,69975,69985,10
13.0883197784,80.2828216553,69985,69995,10
13.0883102417,80.2832870483,69995,70005,10
13.0883398056,80.283821106,70005,70015,10
13.0883598328,80.2843017578,70015,70025,10
13.0883998871,80.2850265503,70025,70035,10
13.0884304047,80.2856674194,70035,70044,9
13.0884399414,80.2858963013,70044,70055,11
13.0884599686,80.286277771,70055,70065,10
13.0884599686,80.2865371704,70065,70076,11
13.0884799957,80.2868728638,70076,70086,10
13.08852005,80.2873687744,70086,70096,10
13.0885400772,80.287612915,70096,70103,7
13.0885601044,80.2877883911,70103,70117,14
13.088640213,80.28855896,70117,70127,10
13.0886497498,80.2887878418,70127,70137,10
13.0886898041,80.2892684937,70137,70147,10
13.0886898041,80.2895431519,70147,70167,20
13.0886898041,80.2895431519,70167,70178,11
13.0887002945,80.2898406982,70178,70188,10
13.0887098312,80.2901763916,70188,70248,60
13.0887098312,80.2901763916,70248,70258,10
13.0885801315,80.2904434204,70258,70268,10
13.0883197784,80.2903594971,70268,70278,10
13.0879602432,80.2901611328,70278,70289,11
13.0874204636,80.2899017334,70289,70299,10
13.086640358,80.2896194458,70299,70309,10
13.0856199265,80.2893600464,70309,70319,10
13.0845804214,80.2892227173,70319,70329,10
13.0835695267,80.2892913818,70329,70339,10
13.0827503204,80.2891998291,70339,70349,10
13.0820903778,80.2889099121,70349,70359,10
13.0813598633,80.2886276245,70359,70369,10
13.0806798935,80.2884597778,70369,70379,10
13.0803203583,80.2883377075,70379,70389,10
13.0801801682,80.2883071899,70389,70400,11
13.0801696777,80.2883071899,70400,70410,10
13.0797395706,80.288230896,70410,70420,10
13.0790195465,80.2880020142,70420,70430,10
13.0781002045,80.2876663208,70430,70440,10
13.0769996643,80.2873764038,70440,70456,16
13.0755596161,80.2869873047,70456,70468,12
13.0749998093,80.2866668701,70468,70477,9
13.0744304657,80.2863006592,70477,70488,11
13.0739297867,80.2861480713,70488,70498,10
13.0732498169,80.2860031128,70498,70509,11
13.0723600388,80.2855224609,70509,70519,10
13.0712604523,80.2852020264,70519,70529,10
13.0699796677,80.2848815918,70529,70539,10
13.0686597824,80.2845687866,70539,70549,10
13.0680398941,80.2844314575,70549,70558,9
13.0680198669,80.2844161987,70558,70569,11
13.067899704,80.2844009399,70569,70579,10
13.0674200058,80.2843475342,70579,70589,10
13.0665502548,80.2841567993,70589,70599,10
13.0654401779,80.2838973999,70599,70610,11
13.0641698837,80.2836227417,70610,70620,10
13.0631303787,80.2833404541,70620,70630,10
13.0625295639,80.2832183838,70630,70640,10
13.0624904633,80.2832107544,70640,70650,10
13.0623903275,80.283203125,70650,70660,10
13.0619602203,80.2830886841,70660,70670,10
13.0612297058,80.282913208,70670,70680,10
13.0603399277,80.282699585,70680,70690,10
13.0594396591,80.2825164795,70690,70700,10
13.0583200455,80.2822875977,70700,70710,10
13.0578699112,80.2822036743,70710,70721,11
13.0576696396,80.2821578979,70721,70731,10
13.0572595596,80.2820892334,70731,70741,10
13.0567998886,80.2820129395,70741,70761,20
13.0567998886,80.2820129395,70761,70771,10
13.05671978,80.2819824219,70771,70781,10
13.0562601089,80.2818832397,70781,70791,10
13.0556001663,80.2817306519,70791,70801,10
13.0547704697,80.2815628052,70801,70811,10
13.0539197922,80.2814025879,70811,70821,10
13.0530395508,80.2812576294,70821,70832,11
13.0520401001,80.2810974121,70832,70842,10
13.0513896942,80.2810211182,70842,70852,10
13.0508003235,80.2809371948,70852,70862,10
13.0502300262,80.2808685303,70862,70872,10
13.0495595932,80.2807617188,70872,70882,10
13.0486898422,80.2806472778,70882,70892,10
13.0476303101,80.2804794312,70892,70902,10
13.0464897156,80.2803268433,70902,70912,10
13.0456399918,80.2802276611,70912,70922,10
13.045539856,80.2802200317,70922,70933,11
13.0449895859,80.2801437378,70933,70943,10
13.0442495346,80.2800292969,70943,70953,10
13.0439796448,80.2799835205,70953,70963,10
13.0437602997,80.2799530029,70963,70973,10
13.0435600281,80.2799224854,70973,70983,10
13.0430803299,80.2798233032,70983,70993,10
13.0423002243,80.2796478271,70993,71003,10
13.0413599014,80.2794799805,71003,71013,10
13.0403900146,80.2792816162,71013,71023,10
13.0396604538,80.2790603638,71023,71033,10
13.0391597748,80.2789230347,71033,71049,16
13.0389204025,80.2788925171,71049,71062,13
13.0386896133,80.2788009644,71062,71072,10
13.0382499695,80.2786636353,71072,71082,10
13.0374403,80.2784118652,71082,71092,10
13.0372200012,80.2783203125,71092,71102,10
13.0367002487,80.278137207,71102,71111,9
13.0364704132,80.2780685425,71111,71122,11
13.0357999802,80.2779083252,71122,71132,10
13.035030365,80.2777709961,71132,71142,10
13.0344896317,80.277633667,71142,71153,11
13.0340099335,80.2775268555,71153,71163,10
13.033949852,80.2775115967,71163,71173,10
13.033659935,80.2774505615,71173,71183,10
13.0332603455,80.2775115967,71183,71193,10
13.0325498581,80.2775421143,71193,71203,10
13.0319004059,80.2776031494,71203,71213,10
13.0313796997,80.277633667,71213,71223,10
13.0309200287,80.2773666382,71223,71243,20
13.0309200287,80.2773666382,71243,71253,10
13.030790329,80.2772979736,71253,71264,11
13.0304203033,80.2770996094,71264,71274,10
13.029800415,80.2768478394,71274,71284,10
13.0290403366,80.2766418457,71284,71294,10
13.028459549,80.2764129639,71294,71304,10
13.027759552,80.2761306763,71304,71314,10
13.0269804001,80.2757797241,71314,71323,9
13.0259599686,80.2753295898,71323,71344,21
13.0259599686,80.2753295898,71344,71354,10
13.0257997513,80.2752380371,71354,71364,10
13.0255203247,80.2751235962,71364,71375,11
13.0249099731,80.2748565674,71375,71385,10
13.0242900848,80.2744064331,71385,71395,10
13.0237398148,80.2736968994,71395,71405,10
13.023150444,80.2729110718,71405,71415,10
13.0224599838,80.2720031738,71415,71425,10
13.0217199326,80.2710189819,71425,71441,16
13.0208997726,80.2700424194,71441,71453,12
13.0208902359,80.2700195313,71453,71461,8
13.02064991,80.2697677612,71461,71473,12
13.0202302933,80.2691879272,71473,71483,10
13.0196504593,80.2684707642,71483,71494,11
13.0189304352,80.2676086426,71494,71504,10
13.0186004639,80.2666625977,71504,71514,10
13.0185899734,80.2659072876,71514,71524,10
13.0187797546,80.2651977539,71524,71534,10
13.0189695358,80.2645263672,71534,71543,9
13.0189399719,80.2635879517,71543,71554,11
13.0188798904,80.2632293701,71554,71564,10
13.018819809,80.2627029419,71564,71574,10
13.0187301636,80.2619094849,71574,71585,11
13.0184497833,80.2612915039,71585,71594,9
13.0179195404,80.2609329224,71594,71605,11
13.0172100067,80.2604522705,71605,71614,9
13.0165195465,80.260017395,71614,71625,11
13.0159502029,80.259727478,71625,71645,20
13.0159502029,80.259727478,71645,71655,10
13.0156097412,80.2595825195,71655,71665,10
13.0149803162,80.2594223022,71665,71675,10
13.0141897202,80.2593612671,71675,71685,10
13.013250351,80.2593307495,71685,71696,11
13.0120296478,80.2592697144,71696,71706,10
13.0110197067,80.259262085,71706,71716,10
13.0101299286,80.2593002319,71716,71726,10
13.0092201233,80.2592773438,71726,71736,10
13.0088996887,80.259262085,71736,71746,10
13.008649826,80.2592773438,71746,71756,10
13.008190155,80.2592773438,71756,71765,9
13.0076799393,80.2594070435,71765,71775,10
13.0072803497,80.2591171265,71775,71786,11
13.0071201324,80.2587280273,71786,71797,11
13.0070199966,80.2585372925,71797,71807,10
13.0067596436,80.2580718994,71807,71817,10
13.0063896179,80.2577133179,71817,71827,10
13.0060300827,80.2575531006,71827,71837,10
13.005279541,80.25730896,71837,71877,40
13.0052099228,80.2570724487,71877,71908,31
13.0052099228,80.2570724487,71908,71918,10
13.0046796799,80.2570800781,71918,71928,10
13.0039997101,80.2569885254,71928,71938,10
13.0033102036,80.2568969727,71938,71948,10
13.0028600693,80.2568283081,71948,71958,10
13.0025100708,80.2567825317,71958,71968,10
13.0017404556,80.2566833496,71968,71998,30
13.0017404556,80.2566833496,71998,72008,10
13.0015802383,80.2566680908,72008,72019,11
13.0010404587,80.2566070557,72019,72029,10
13.0003004074,80.2564697266,72029,72039,10
12.9997196198,80.256362915,72039,72049,10
12.9991903305,80.2562713623,72049,72059,10
12.9984397888,80.256149292,72059,72109,50
12.9984397888,80.256149292,72109,72120,11
12.9981899261,80.2561035156,72120,72130,10
12.9978704453,80.2560424805,72130,72140,10
12.997010231,80.2559585571,72140,72200,60
12.997010231,80.2559585571,72200,72210,10
12.9966402054,80.2559585571,72210,72220,10
12.9961099625,80.2559585571,72220,72231,11
12.995349884,80.2559509277,72231,72241,10
12.9946403503,80.2559585571,72241,72251,10
12.9941396713,80.2559967041,72251,72261,10
12.9933300018,80.256072998,72261,72271,10
12.9924001694,80.2561416626,72271,72281,10
12.9913797379,80.256072998,72281,72291,10
12.9905996323,80.256111145,72291,72300,9
12.990240097,80.2560882568,72300,72311,11
12.9896497726,80.2560882568,72311,72320,9
12.988940239,80.2560424805,72320,72330,10
12.9880800247,80.2559585571,72330,72473,143
12.9877500534,80.255897522,72473,72594,121
12.9877500534,80.255897522,72594,72604,10
12.9875001907,80.2558135986,72604,72614,10
12.9870901108,80.2557296753,72614,72624,10
12.9860601425,80.2555923462,72624,72654,30
12.9860601425,80.2555923462,72654,72664,10
12.9858598709,80.2555618286,72664,72675,11
12.9854803085,80.2554397583,72675,72685,10
12.9848403931,80.255241394,72685,72695,10
12.9841804504,80.2550964355,72695,72711,16
12.9835300446,80.2549362183,72711,72723,12
12.9832801819,80.2548675537,72723,72733,10
12.9828796387,80.254737854,72733,72743,10
12.9821596146,80.254447937,72743,72753,10
12.9818601608,80.2538909912,72753,72763,10
12.9816904068,80.2531509399,72763,72774,11
12.9810400009,80.2528533936,72774,72783,9
12.980340004,80.2528533936,72783,72794,11
12.9793796539,80.2527770996,72794,72804,10
12.978509903,80.2526321411,72804,72834,30
12.978509903,80.2526321411,72834,72844,10
12.9784002304,80.252571106,72844,72854,10
12.9779996872,80.2522964478,72854,72864,10
12.9774303436,80.2517623901,72864,72874,10
12.9765701294,80.2513122559,72874,72885,11
12.9753704071,80.2509613037,72885,72895,10
12.9741802216,80.2506408691,72895,72905,10
12.9729404449,80.2502975464,72905,72915,10
12.9716396332,80.249961853,72915,72925,10
12.9703197479,80.2495880127,72925,72934,9
12.96916008,80.249130249,72934,72945,11
12.9678001404,80.2485809326,72945,72954,9
12.9667901993,80.2481231689,72954,72965,11
12.9659099579,80.2477111816,72965,72975,10
12.9650497437,80.2473678589,72975,72996,21
12.9650497437,80.2473678589,72996,73006,10
12.9649600983,80.2473602295,73006,73016,10
12.9647197723,80.2472915649,73016,73026,10
12.9646701813,80.2472686768,73026,73036,10
12.9644002914,80.2471466064,73036,73046,10
12.9641599655,80.2470779419,73046,73056,10
12.9639396667,80.2470092773,73056,73066,10
12.9635601044,80.2469024658,73066,73107,41
12.9635601044,80.2469024658,73107,73117,10
12.9634504318,80.2468414307,73117,73127,10
12.9630699158,80.2466201782,73127,73137,10
12.962389946,80.2462615967,73137,73147,10
12.9615497589,80.24584198,73147,73157,10
12.9605503082,80.2453613281,73157,73167,10
12.9592504501,80.2448272705,73167,73187,20
12.9592504501,80.2448272705,73187,73197,10
12.9590196609,80.244720459,73197,73208,11
12.9583997726,80.2444381714,73208,73218,10
12.9578504562,80.2442321777,73218,73228,10
12.9573202133,80.2440185547,73228,73238,10
12.9569997787,80.2439117432,73238,73339,101
12.9569997787,80.2439117432,73339,73349,10
12.956580162,80.2437973022,73349,73409,60
12.956319809,80.2437210083,73409,73450,41
12.956319809,80.2437210083,73450,73460,10
12.9559698105,80.2435836792,73460,73470,10
12.9552602768,80.2432022095,73470,73480,10
12.9543800354,80.2428283691,73480,73490,10
12.953499794,80.2424316406,73490,73500,10
12.9524698257,80.2420196533,73500,73510,10
12.9517698288,80.2417678833,73510,73520,10
12.9514198303,80.2416610718,73520,73531,11
12.9513397217,80.2416229248,73531,73541,10
12.9508104324,80.2414321899,73541,73551,10
12.9499397278,80.2411575317,73551,73561,10
12.949139595,80.2409286499,73561,73571,10
12.9489898682,80.2408828735,73571,73581,10
12.9486904144,80.2407608032,73581,73591,10
12.9479904175,80.2404632568,73591,73601,10
12.9470996857,80.2401123047,73601,73611,10
12.9469203949,80.2400436401,73611,73621,10
12.9467897415,80.2399902344,73621,73631,10
12.946680069,80.2399520874,73631,73642,11
12.9462299347,80.2397613525,73642,73652,10
12.9455604553,80.2394638062,73652,73662,10
12.944849968,80.2389526367,73662,73672,10
12.944149971,80.2381820679,73672,73682,10
12.9433498383,80.2373123169,73682,73692,10
12.942440033,80.236618042,73692,73702,10
12.9413795471,80.2362976074,73702,73712,10
12.940030098,80.2359771729,73712,73732,20
12.940030098,80.2359771729,73732,73743,11
12.9397096634,80.2358627319,73743,73753,10
12.9390602112,80.2355575562,73753,73763,10
12.938249588,80.2351531982,73763,73773,10
12.9372797012,80.2346572876,73773,73783,10
12.9362897873,80.2341766357,73783,73793,10
12.9357204437,80.2339401245,73793,73803,10
12.9354600906,80.2342834473,73803,73813,10
12.9353599548,80.2346191406,73813,73823,10
12.9353399277,80.2346801758,73823,73833,10
12.9351797104,80.2350921631,73833,73843,10
12.9350404739,80.235458374,73843,73854,11
12.9348201752,80.2354202271,73854,73864,10
12.9344501495,80.2352828979,73864,73874,10
12.9339504242,80.2350616455,73874,73884,10
12.9337396622,80.2353363037,73884,73894,10
12.9335403442,80.2359771729,73894,73904,10
12.9331798553,80.2361984253,73904,73924,20
12.9331798553,80.2361984253,73924,73934,10
12.9329900742,80.2361526489,73934,73944,10
12.9328699112,80.2364425659,73944,73954,10
12.9327898026,80.2368621826,73954,73965,11
12.9326200485,80.2373428345,73965,73975,10
12.9324598312,80.2377090454,73975,73985,10
12.9322299957,80.2383270264,73985,73995,10
12.9321098328,80.2386322021,73995,74005,10
12.9316902161,80.2387466431,74005,74015,10
12.9310503006,80.2385635376,74015,74045,30
12.9310503006,80.2385635376,74045,74055,10
12.9309797287,80.2385787964,74055,74066,11
12.9305696487,80.2384262085,74066,74076,10
12.9299497604,80.2381820679,74076,74086,10
12.9295196533,80.2380828857,74086,74095,9
12.9294300079,80.2383117676,74095,74106,11
12.9292898178,80.2388381958,74106,74116,10
12.9291801453,80.2390823364,74116,74126,10
12.9288396835,80.2390289307,74126,74136,10
12.9283103943,80.238899231,74136,74166,30
12.9283103943,80.238899231,74166,74177,11
12.9282197952,80.2388534546,74177,74187,10
12.9277696609,80.2387466431,74187,74197,10
12.9270296097,80.2385635376,74197,74207,10
12.9262599945,80.2383880615,74207,74217,10
12.9255199432,80.2381820679,74217,74227,10
12.9255895615,80.2384033203,74227,74358,131
12.9255895615,80.2384033203,74358,74368,10
12.9258003235,80.2382202148,74368,74378,10
12.9261798859,80.238319397,74378,74388,10
12.9266300201,80.2384414673,74388,74399,11
12.9270401001,80.2385635376,74399,74409,10
12.9275903702,80.2387008667,74409,74419,10
12.9281597137,80.2388381958,74419,74469,50
12.9281597137,80.2388381958,74469,74479,10
12.9284896851,80.2389221191,74479,74489,10
12.9290599823,80.2390823364,74489,74499,10
12.9292697906,80.2389068604,74499,74510,11
12.9293804169,80.2386169434,74510,74520,10
12.9294996262,80.2381820679,74520,74530,10
12.9297800064,80.238067627,74530,74540,10
12.9303998947,80.238319397,74540,74550,10
12.9310398102,80.2385482788,74550,74566,16
12.9310598373,80.2385635376,74566,74578,12
12.9312000275,80.2386169434,74578,74588,10
12.9313802719,80.2386779785,74588,74598,10
12.9320201874,80.238822937,74598,74608,10
12.9322004318,80.2384796143,74608,74619,11
12.9323101044,80.2381362915,74619,74629,10
12.9323396683,80.2380599976,74629,74639,10
12.932510376,80.2376327515,74639,74649,10
12.9326400757,80.2372817993,74649,74658,9
12.9327802658,80.2369232178,74658,74668,10
12.9328899384,80.2363433838,74668,74679,11
12.9330301285,80.2361679077,74679,74689,10
12.9332504272,80.2362213135,74689,74699,10
12.9334897995,80.2362136841,74699,74709,10
12.9335899353,80.2358169556,74709,74720,11
12.9337501526,80.2352828979,74720,74729,9
12.9339199066,80.2350616455,74729,74740,11
12.9343204498,80.2352600098,74740,74750,10
12.9348897934,80.235496521,74750,74760,10
12.9350795746,80.2354888916,74760,74770,10
12.9351596832,80.2352828979,74770,74780,10
12.9353704453,80.2347488403,74780,74790,10
12.9356803894,80.2339096069,74790,74851,61
12.9356803894,80.2339096069,74851,74861,10
12.9357404709,80.2337493896,74861,74871,10
12.9359903336,80.2338485718,74871,74881,10
12.93653965,80.2341384888,74881,74891,10
12.937379837,80.2345733643,74891,74907,16
12.9395198822,80.2356872559,74907,74940,33
12.9395198822,80.2356872559,74940,74950,10
12.939909935,80.2358474731,74950,74958,8
12.940580368,80.2360610962,74958,74969,11
12.9417104721,80.2363510132,74969,74981,12
12.9430599213,80.2369232178,74981,74991,10
12.9439296722,80.2378005981,74991,75001,10
12.9448204041,80.2387619019,75001,75011,10
12.9456996918,80.2394714355,75011,75020,9
12.9467897415,80.2399215698,75020,75031,11
12.9471902847,80.2401199341,75031,75041,10
12.9476995468,80.2402801514,75041,75052,11
12.9482603073,80.2405395508,75052,75062,10
12.9491996765,80.2408981323,75062,75072,10
12.9504299164,80.2412719727,75072,75081,9
12.9509496689,80.2414321899,75081,75091,10
12.9509801865,80.2414474487,75091,75102,11
12.9513301849,80.2415771484,75102,75111,9
12.9521903992,80.2418823242,75111,75122,11
12.9533700943,80.2423171997,75122,75131,9
12.9543199539,80.2427062988,75131,75142,11
12.9552001953,80.2430496216,75142,75153,11
12.9562797546,80.2434005737,75153,75173,20
12.9562797546,80.2434005737,75173,75183,10
12.9566698074,80.243560791,75183,75193,10
12.9575195313,80.2440032959,75193,75203,10
12.9585399628,80.244430542,75203,75213,10
12.9589195251,80.2445678711,75213,75223,10
12.9589595795,80.2446136475,75223,75233,10
12.9593400955,80.2447967529,75233,75243,10
12.9600095749,80.2451019287,75243,75253,10
12.960940361,80.2455596924,75253,75264,11
12.9621801376,80.2461700439,75264,75274,10
12.9631204605,80.2466506958,75274,75304,30
12.9631204605,80.2466506958,75304,75314,10
12.9632997513,80.2467422485,75314,75324,10
12.9638900757,80.2469863892,75324,75334,10
12.964630127,80.2472229004,75334,75344,10
12.9655399323,80.2475128174,75344,75354,10
12.9665899277,80.2479324341,75354,75385,31
12.9665899277,80.2479324341,75385,75395,10
12.9669504166,80.2481613159,75395,75405,10
12.9674701691,80.2484130859,75405,75415,10
12.9682598114,80.2487106323,75415,75425,10
12.9691896439,80.2490692139,75425,75435,10
12.9702301025,80.2495117188,75435,75445,10
12.9713802338,80.2498779297,75445,75455,10
12.9725999832,80.2501983643,75455,75465,10
12.9738502502,80.2505187988,75465,75475,10
12.9751396179,80.2508773804,75475,75486,11
12.9766197205,80.2513198853,75486,75496,10
12.9779195786,80.2520294189,75496,75506,10
12.9786596298,80.2525100708,75506,75516,10
12.978679657,80.2525100708,75516,75526,10
12.9789199829,80.2526016235,75526,75536,10
12.9793796539,80.2526473999,75536,75546,10
12.9794502258,80.2526473999,75546,75556,10
12.9798002243,80.2527008057,75556,75566,10
12.9805202484,80.2527084351,75566,75576,10
12.9814395905,80.2526779175,75576,75587,11
12.9826202393,80.2526168823,75587,75597,10
12.9838399887,80.2524490356,75597,75607,10
12.9850301743,80.2521362305,75607,75617,10
12.9859399796,80.2519226074,75617,75627,10
12.9864501953,80.2517623901,75627,75637,10
12.9869804382,80.2516174316,75637,75758,121
12.9869804382,80.2516174316,75758,75768,10
12.987159729,80.2515869141,75768,75778,10
12.9874601364,80.2514877319,75778,75788,10
12.9877195358,80.2514419556,75788,75799,11
12.9878997803,80.251739502,75799,75809,10
12.9879798889,80.2522506714,75809,75819,10
12.9879198074,80.2528381348,75819,75829,10
12.9878396988,80.2537231445,75829,75839,10
12.9877700806,80.2546386719,75839,75849,10
12.987739563,80.2552566528,75849,75920,71
12.9876699448,80.2555618286,75920,75990,70
12.9876699448,80.2555618286,75990,76000,10
12.9876499176,80.255859375,76000,76011,11
12.9880695343,80.255897522,76011,76021,10
12.9885797501,80.2559280396,76021,76031,10
12.9885997772,80.2559280396,76031,76041,10
12.9890098572,80.2559814453,76041,76051,10
12.9897499084,80.2560424805,76051,76061,10
12.9905796051,80.2560424805,76061,76071,10
12.9912796021,80.256072998,76071,76081,10
12.9921798706,80.256072998,76081,76091,10
12.9932699203,80.2560272217,76091,76101,10
12.9942398071,80.2559509277,76101,76111,10
12.995059967,80.2558898926,76111,76128,17
12.9963302612,80.2558898926,76128,76150,22
12.9963302612,80.2558898926,76150,76160,10
12.9964704514,80.255897522,76160,76170,10
12.9967899323,80.2558670044,76170,76180,10
12.997130394,80.255897522,76180,76190,10
12.9975299835,80.2559204102,76190,76200,10
12.9981899261,80.2559585571,76200,76209,9
12.9987602234,80.2560577393,76209,76220,11
12.9988603592,80.2560806274,76220,76231,11
12.9989995956,80.2561187744,76231,76242,11
12.9991102219,80.2561416626,76242,76252,10
12.9996595383,80.2562484741,76252,76262,10
13.000459671,80.2563781738,76262,76272,10
13.0013504028,80.2565536499,76272,76282,10
13.0021400452,80.2566680908,76282,76292,10
13.0026798248,80.2567825317,76292,76302,10
13.0030698776,80.2568511963,76302,76312,10
13.0036001205,80.2569274902,76312,76322,10
13.0041799545,80.2570495605,76322,76332,10
13.0047397614,80.2571563721,76332,76343,11
13.005610466,80.257270813,76343,76353,10
13.0062198639,80.2574005127,76353,76393,40
13.0062198639,80.2574005127,76393,76403,10
13.0064401627,80.2575302124,76403,76413,10
13.0066604614,80.257598877,76413,76423,10
13.0068998337,80.2581329346,76423,76433,10
13.0074901581,80.2586593628,76433,76443,10
13.0082597733,80.2589416504,76443,76454,11
13.0084600449,80.2590103149,76454,76464,10
13.0088701248,80.2591094971,76464,76474,10
13.00963974,80.2591171265,76474,76484,10
13.0106096268,80.2591171265,76484,76494,10
13.0117101669,80.2590866089,76494,76504,10
13.0129203796,80.2591400146,76504,76514,10
13.0141897202,80.2592086792,76514,76524,10
13.0154895782,80.2592773438,76524,76540,16
13.0163898468,80.2596969604,76540,76552,12
13.0165195465,80.2598266602,76552,76563,11
13.0169095993,80.260093689,76563,76573,10
13.0177402496,80.2606582642,76573,76582,9
13.0184001923,80.2611236572,76582,76593,11
13.0190401077,80.2616577148,76593,76603,10
13.0194997787,80.2620697021,76603,76613,10
13.0200996399,80.2626571655,76613,76623,10
13.0201797485,80.2630386353,76623,76632,9
13.0198001862,80.2630081177,76632,76643,11
13.0191698074,80.2629776001,76643,76652,9
13.0189800262,80.2631835938,76652,76664,12
13.0190601349,80.2640609741,76664,76674,10
13.018910408,80.2649993896,76674,76684,10
13.0187797546,80.2654800415,76684,76694,10
13.0186395645,80.2661209106,76694,76704,10
13.0187397003,80.2669830322,76704,76714,10
13.0192899704,80.2678909302,76714,76724,10
13.0199403763,80.2687301636,76724,76734,10
13.0206899643,80.2696304321,76734,76744,10
13.0213098526,80.270362854,76744,76754,10
13.0214195251,80.2704772949,76754,76764,10
13.0215902328,80.2706985474,76764,76775,11
13.0220499039,80.2713012695,76775,76785,10
13.0226097107,80.2720413208,76785,76795,10
13.0232400894,80.2729034424,76795,76805,10
13.0237598419,80.2736282349,76805,76855,50
13.0237598419,80.2736282349,76855,76865,10
13.0238103867,80.27368927,76865,76875,10
13.0240898132,80.2740707397,76875,76886,11
13.0245704651,80.2745819092,76886,76896,10
13.0251598358,80.274848938,76896,76912,16
13.0254096985,80.2749786377,76912,76924,12
13.0259799957,80.2752532959,76924,76934,10
13.0265798569,80.2755432129,76934,76944,10
13.0273399353,80.2758789063,76944,76954,10
13.0275497437,80.275970459,76954,76964,10
13.0280303955,80.2761688232,76964,76974,10
13.028670311,80.2763900757,76974,76984,10
13.0294103622,80.2766036987,76984,76995,11
13.0301704407,80.2768478394,76995,77005,10
13.0308599472,80.2772521973,77005,77015,10
13.0314998627,80.2775802612,77015,77024,9
13.0319004059,80.2775421143,77024,77035,11
13.0324201584,80.2774963379,77035,77045,10
13.0326795578,80.2774734497,77045,77055,10
13.0329904556,80.2774505615,77055,77065,10
13.0337200165,80.2773895264,77065,77075,10
13.0345201492,80.2775878906,77075,77085,10
13.0353803635,80.2777328491,77085,77095,10
13.0362596512,80.2779006958,77095,77106,11
13.0371198654,80.278213501,77106,77116,10
13.0379104614,80.2784194946,77116,77126,10
13.0386800766,80.2786178589,77126,77136,10
13.0388898849,80.278678894,77136,77146,10
13.0389204025,80.2786865234,77146,77156,10
13.0391798019,80.2788009644,77156,77166,10
13.0396795273,80.2789535522,77166,77182,16
13.0410699844,80.2792892456,77182,77194,12
13.0424499512,80.2795181274,77194,77204,10
13.043589592,80.2797317505,77204,77215,11
13.0448999405,80.2799911499,77215,77225,10
13.0460300446,80.2801589966,77225,77235,10
13.0470199585,80.2802581787,77235,77245,10
13.0479803085,80.2804107666,77245,77255,10
13.0489997864,80.2805404663,77255,77265,10
13.0497598648,80.2806625366,77265,77274,9
13.0502796173,80.2807312012,77274,77286,12
13.0517997742,80.280960083,77286,77296,10
13.0517997742,80.280960083,77296,77306,10
13.0527496338,80.2811126709,77306,77317,11
13.0538301468,80.2813034058,77317,77327,10
13.0548400879,80.2814865112,77327,77337,10
13.0557098389,80.2816467285,77337,77347,10
13.0563297272,80.2817687988,77347,77357,10
13.0564804077,80.2817993164,77357,77367,10
13.0565900803,80.2818222046,77367,77377,10
13.0570402145,80.2819137573,77377,77387,10
13.0572004318,80.2819366455,77387,77397,10
13.0574998856,80.2819976807,77397,77407,10
13.0581502914,80.2821426392,77407,77417,10
13.0590295792,80.282333374,77417,77428,11
13.0600996017,80.2825393677,77428,77438,10
13.0610399246,80.2827529907,77438,77448,10
13.0619697571,80.282951355,77448,77458,10
13.0629396439,80.2831573486,77458,77468,10
13.0635700226,80.2832794189,77468,77478,10
13.0638303757,80.2833404541,77478,77488,10
13.0644798279,80.283493042,77488,77498,10
13.065369606,80.2836990356,77498,77508,10
13.0664796829,80.2839584351,77508,77518,10
13.0676603317,80.2842025757,77518,77529,11
13.0689401627,80.2844696045,77529,77539,10
13.070110321,80.2847595215,77539,77549,10
13.0712995529,80.2850570679,77549,77559,10
13.072429657,80.2852935791,77559,77569,10
13.0733604431,80.2852096558,77569,77579,10
13.0738296509,80.2853927612,77579,77588,9
13.0739498138,80.2855606079,77588,77599,11
13.0741796494,80.2858963013,77599,77609,10
13.074669838,80.2863006592,77609,77619,10
13.0753698349,80.2867584229,77619,77629,10
13.0759801865,80.2869873047,77629,77640,11
13.0769796371,80.2872619629,77640,77650,10
13.0781097412,80.2875518799,77650,77660,10
13.0792398453,80.2879333496,77660,77670,10
13.0800895691,80.2881393433,77670,77680,10
13.0803899765,80.2882232666,77680,77690,10
13.0808601379,80.2883377075,77690,77700,10
13.081609726,80.2885971069,77700,77710,10
13.082280159,80.2888336182,77710,77720,10
13.0830602646,80.2891769409,77720,77730,10
13.0839595795,80.2891921997,77730,77740,10
13.0849399567,80.2891616821,77740,77751,11
13.0859804153,80.2893295288,77751,77761,10
13.0869102478,80.2895812988,77761,77771,10
13.0876102448,80.2898483276,77771,77781,10
13.0882101059,80.2901000977,77781,77791,10
13.0887403488,80.2901382446,77791,77841,50
13.0887403488,80.2901382446,77841,77852,11
13.0888900757,80.2902832031,77852,77862,10
13.0886898041,80.2904815674,77862,77872,10
13.0882101059,80.2902374268,77872,77882,10
13.0875396729,80.289932251,77882,77892,10
13.0869102478,80.2897415161,77892,77902,10
13.0863304138,80.2895812988,77902,77912,10
13.0857200623,80.289390564,77912,77922,10
13.0853395462,80.2887802124,77922,77932,10
13.0850896835,80.2878723145,77932,77942,10
13.0851602554,80.2868728638,77942,77952,10
13.0852403641,80.2858963013,77952,77963,11
13.0853204727,80.2848815918,77963,77973,10
13.0852403641,80.2844085693,77973,77983,10
13.0852003098,80.2841415405,77983,77993,10
13.0853700638,80.2838287354,77993,78003,10
13.0855102539,80.2835388184,78003,78013,10
13.0858097076,80.2835388184,78013,78029,16
13.086350441,80.2836837769,78029,78041,12
13.0867795944,80.2839584351,78041,78121,80
13.0867795944,80.2839584351,78121,78132,11
13.0870399475,80.2840194702,78132,78143,11
13.087220192,80.283996582,78143,78153,10
13.0874996185,80.283996582,78153,78163,10
13.0878000259,80.2839889526,78163,78174,11
13.0880899429,80.2839813232,78174,78840,666
13.0880899429,80.2839813232,78840,78850,10
13.0882301331,80.2837905884,78850,78860,10
13.0882196426,80.2836074829,78860,78870,10
13.0883197784,80.2834777832,78870,78880,10
13.088350296,80.2832870483,78880,78890,10
13.0882997513,80.2828826904,78890,78900,10
13.0882997513,80.2823867798,78900,78910,10
13.0881795883,80.2818603516,78910,78920,10
13.0880804062,80.281463623,78920,78931,11
13.0882997513,80.281463623,78931,78941,10
13.0884895325,80.2815933228,78941,78951,10
13.0884599686,80.2820205688,78951,78961,10
13.0883598328,80.2825012207,78961,78971,10
13.0882997513,80.2829971313,78971,78981,10
13.0882997513,80.2835235596,78981,78991,10
13.0883197784,80.2841033936,78991,79001,10
13.088350296,80.2846298218,79001,79011,10
13.0883703232,80.2849197388,79011,79021,10
13.0883903503,80.2850799561,79021,79031,10
13.0884103775,80.2852478027,79031,79041,10
13.0884599686,80.2857513428,79041,79052,11
13.088470459,80.2863616943,79052,79062,10
13.0884799957,80.2864837646,79062,79072,10
13.0884895325,80.2867736816,79072,79082,10
13.0885400772,80.287322998,79082,79092,10
13.0885601044,80.2875137329,79092,79102,10
13.0885801315,80.2877578735,79102,79112,10
13.0886297226,80.2882766724,79112,79122,10
13.0886497498,80.2885971069,79122,79132,10
13.088640213,80.2887802124,79132,79142,10
13.0887098312,80.2892227173,79142,79153,11
13.0887203217,80.2894821167,79153,79163,10
13.0887403488,80.2897872925,79163,79173,10
13.088760376,80.2901077271,79173,79183,10
13.088760376,80.2901229858,79183,79199,16
13.0887403488,80.2902984619,79199,79211,12
13.0885400772,80.2904815674,79211,79219,8
13.0881795883,80.2902374268,79219,79230,11
13.0875396729,80.2899093628,79230,79241,11
13.0868396759,80.2896194458,79241,79251,10
13.0860004425,80.2893829346,79251,79262,11
13.0850400925,80.2891387939,79262,79271,9
13.0841999054,80.2891769409,79271,79282,11
13.0832700729,80.2892227173,79282,79292,10
13.0824098587,80.2889633179,79292,79302,10
13.0817098618,80.2887191772,79302,79312,10
13.0809602737,80.2884368896,79312,79322,10
13.080280304,80.288269043,79322,79331,9
13.079990387,80.2882232666,79331,79342,11
13.0797195435,80.2881774902,79342,79352,10
13.079079628,80.2880020142,79352,79362,10
13.078209877,80.2876586914,79362,79373,11
13.0769996643,80.287322998,79373,79383,10
13.0758399963,80.2870178223,79383,79393,10
13.0749998093,80.2865829468,79393,79403,10
13.0742301941,80.2861785889,79403,79413,10
13.0741300583,80.2861709595,79413,79423,10
13.0737800598,80.2860870361,79423,79433,10
13.07310009,80.2858428955,79433,79443,10
13.0723104477,80.2854385376,79443,79453,10
13.0712795258,80.28515625,79453,79463,10
13.0701398849,80.284866333,79463,79474,11
13.0688295364,80.2845687866,79474,79484,10
13.0676202774,80.2843399048,79484,79494,10
13.0663499832,80.2840576172,79494,79504,10
13.0650701523,80.2837371826,79504,79514,10
13.0639801025,80.2834777832,79514,79524,10
13.0629997253,80.2832489014,79524,79533,9
13.0625495911,80.2831420898,79533,79544,11
13.0625400543,80.2831420898,79544,79554,10
13.0624704361,80.2831420898,79554,79564,10
13.062040329,80.2830429077,79564,79574,10
13.0613002777,80.2828826904,79574,79585,11
13.0602798462,80.282661438,79585,79595,10
13.0593004227,80.2824630737,79595,79605,10
13.0583600998,80.2822799683,79605,79615,10
13.0575704575,80.282119751,79615,79625,10
13.0568599701,80.2819595337,79625,79635,10
13.0567998886,80.2819366455,79635,79645,10
13.0565004349,80.281867981,79645,79655,10
13.0560598373,80.2817611694,79655,79665,10
13.0554800034,80.2816619873,79665,79675,10
13.0547599792,80.2815170288,79675,79685,10
13.0536603928,80.2813262939,79685,79696,11
13.0524597168,80.2811279297,79696,79706,10
13.0513296127,80.2809677124,79706,79716,10
13.0502195358,80.2807998657,79716,79726,10
13.0490903854,80.2806472778,79726,79736,10
13.0479602814,80.2804794312,79736,79746,10
13.0468597412,80.2803268433,79746,79756,10
13.0459899902,80.2802200317,79756,79766,10
13.0455999374,80.2801818848,79766,79776,10
13.045419693,80.2801513672,79776,79786,10
13.0448598862,80.2800674438,79786,79797,11
13.0439796448,80.2799377441,79797,79807,10
13.0430603027,80.2797622681,79807,79817,10
13.0420303345,80.2795562744,79817,79827,10
13.0409297943,80.2793579102,79827,79837,10
13.0398702621,80.2790985107,79837,79847,10
13.0391597748,80.2788925171,79847,79857,10
13.0390396118,80.2788619995,79857,79867,10
13.0389499664,80.2788162231,79867,79877,10
13.0385904312,80.2787017822,79877,79887,10
13.0379695892,80.278503418,79887,79897,10
13.0374202728,80.2783508301,79897,79908,11
13.0368404388,80.2781600952,79908,79918,10
13.0361204147,80.2779083252,79918,79928,10
13.035369873,80.2777481079,79928,79938,10
13.034620285,80.2776489258,79938,79948,10
13.0339803696,80.2775115967,79948,79958,10
13.0334100723,80.2774810791,79958,79968,10
13.0331296921,80.2775192261,79968,79978,10
13.0325202942,80.2775268555,79978,79988,10
13.0316801071,80.2776107788,79988,79998,10
13.0309696198,80.2773513794,79998,80008,10
13.0308799744,80.2772979736,80008,80019,11
13.0308103561,80.2772521973,80019,80029,10
13.0304403305,80.2770462036,80029,80045,16
13.0293397903,80.2767105103,80045,80057,12
13.0283899307,80.2764129639,80057,80067,10
13.0275201797,80.2760162354,80067,80077,10
13.026599884,80.2755966187,80077,80087,10
13.0260696411,80.2753372192,80087,80097,10
13.026049614,80.2753295898,80097,80107,10
13.0258798599,80.2752075195,80107,80117,10
13.0254001617,80.2750015259,80117,80128,11
13.024600029,80.2746200562,80128,80138,10
13.0241603851,80.2742385864,80138,80148,10
13.0239400864,80.2739181519,80148,80158,10
13.0235500336,80.2733383179,80158,80168,10
13.0230102539,80.2725906372,80168,80178,10
13.022359848,80.2717285156,80178,80188,10
13.0216798782,80.2708511353,80188,80198,10
13.0210599899,80.2701416016,80198,80207,9
13.0208997726,80.2699584961,80207,80217,10
13.0207700729,80.2698364258,80217,80229,12
13.020359993,80.2693023682,80229,80239,10
13.0198402405,80.2686309814,80239,80249,10
13.0192499161,80.267906189,80249,80259,10
13.018699646,80.2670211792,80259,80268,9
13.0186100006,80.2661590576,80268,80279,11
13.018699646,80.2655792236,80279,80289,10
13.0189399719,80.2647399902,80289,80299,10
13.0189800262,80.2638092041,80299,80309,10
13.0189599991,80.2635421753,80309,80319,10
13.0188999176,80.2632217407,80319,80329,10
13.0188798904,80.2630767822,80329,80340,11
13.0188503265,80.2626800537,80340,80350,10
13.0187797546,80.2619934082,80350,80360,10
13.0185899734,80.2613296509,80360,80370,10
13.0180196762,80.2609481812,80370,80380,10
13.0172796249,80.2604522705,80380,80390,10
13.0164804459,80.2599334717,80390,80400,10
13.0160903931,80.2597427368,80400,80410,10
13.0159902573,80.2596893311,80410,80420,10
13.0155096054,80.2595062256,80420,80430,10
13.0147895813,80.2593765259,80430,80440,10
13.0139198303,80.2593307495,80440,80451,11
13.0127496719,80.2592926025,80451,80461,10
13.0116500854,80.2592468262,80461,80471,10
13.0106096268,80.259262085,80471,80481,10
13.0095396042,80.259262085,80481,80491,10
13.0087795258,80.2592391968,80491,80501,10
13.008600235,80.2592468262,80501,80511,10
13.0082197189,80.2592391968,80511,80521,10
13.0074596405,80.2593688965,80521,80531,10
13.0072202682,80.2587966919,80531,80541,10
13.0071401596,80.2586212158,80541,80551,10
13.0069198608,80.2582702637,80551,80562,11
13.0065002441,80.2577514648,80562,80572,10
13.0057601929,80.2574996948,80572,80582,10
13.0048904419,80.2572402954,80582,80592,10
13.0039396286,80.257019043,80592,80602,10
13.0029602051,80.2568511963,80602,80612,10
13.0020399094,80.2566833496,80612,80622,10
13.0011396408,80.2565612793,80622,80632,10
13.000169754,80.2563934326,80632,80642,10
12.9992198944,80.2562103271,80642,80652,10
12.9985799789,80.2561187744,80652,80693,41
12.9985799789,80.2561187744,80693,80709,16
12.9982299805,80.2560577393,80709,80721,12
12.9978199005,80.2559661865,80721,80731,10
12.997420311,80.2559585571,80731,80741,10
12.9968996048,80.2559509277,80741,80751,10
12.9965295792,80.2559432983,80751,80761,10
12.9959001541,80.2559280396,80761,80771,10
12.9951896667,80.2559432983,80771,80782,11
12.9944601059,80.2559814453,80782,80792,10
12.9937400818,80.2560424805,80792,80802,10
12.9928998947,80.2560882568,80802,80811,9
12.9920396805,80.2561035156,80811,80822,11
12.9911003113,80.2560577393,80822,80832,10
12.9904603958,80.2560424805,80832,80842,10
12.9898395538,80.2560501099,80842,80852,10
12.9890699387,80.2559967041,80852,80862,10
12.9883203506,80.2559280396,80862,80872,10
12.987859726,80.2558898926,80872,80953,81
12.987859726,80.2558898926,80953,80963,10
12.9875602722,80.2558364868,80963,80973,10
12.9871397018,80.2557373047,80973,80983,10
12.9864597321,80.2556228638,80983,80994,11
12.98595047,80.2555007935,80994,81004,10
12.9859399796,80.2555007935,81004,81014,10
12.985830307,80.2554626465,81014,81024,10
12.98554039,80.2554092407,81024,81034,10
12.9849996567,80.255279541,81034,81044,10
12.9844198227,80.2551498413,81044,81053,9
12.9838600159,80.254989624,81053,81063,10
12.9832601547,80.2548370361,81063,81074,11
12.9825401306,80.2546005249,81074,81084,10
12.9820203781,80.2541427612,81084,81095,11
12.9817800522,80.2534103394,81095,81105,10
12.9815797806,80.2528915405,81105,81115,10
12.9809999466,80.252822876,81115,81125,10
12.9804000854,80.2528076172,81125,81135,10
12.9800596237,80.2528381348,81135,81145,10
12.9799699783,80.2528381348,81145,81155,10
12.9795703888,80.2527694702,81155,81165,10
12.9785003662,80.2525787354,81165,81195,30
12.9785003662,80.2525787354,81195,81206,11
12.9783401489,80.2524795532,81206,81216,10
12.97797966,80.2521896362,81216,81226,10
12.9774599075,80.2517318726,81226,81236,10
12.9767398834,80.2513809204,81236,81246,10
12.9758996964,80.251159668,81246,81256,10
12.9750204086,80.2508773804,81256,81266,10
12.9741001129,80.2506408691,81266,81276,10
12.97315979,80.2504196167,81276,81286,10
12.9723396301,80.2501831055,81286,81296,10
12.9715299606,80.249961853,81296,81306,10
12.9706401825,80.2497024536,81306,81323,17
12.9691095352,80.2490997314,81323,81335,12
12.9679899216,80.2486801147,81335,81345,10
12.9672698975,80.2483673096,81345,81353,8
12.9665403366,80.248008728,81353,81365,12
12.9656400681,80.2475967407,81365,81395,30
12.9656400681,80.2475967407,81395,81405,10
12.9654598236,80.2474594116,81405,81415,10
12.9649095535,80.2472915649,81415,81426,11
12.9641895294,80.2470321655,81426,81435,9
12.9639396667,80.2469482422,81435,81446,11
12.9636096954,80.2468109131,81446,81456,10
12.9630298615,80.2465362549,81456,81466,10
12.9622802734,80.2461700439,81466,81476,10
12.9614496231,80.2457580566,81476,81486,10
12.9605798721,80.2453689575,81486,81496,10
12.9597902298,80.2450408936,81496,81506,10
12.9596204758,80.2449798584,81506,81516,10
12.9596204758,80.2449569702,81516,81527,11
12.9591503143,80.2447433472,81527,81537,10
12.9584598541,80.2444229126,81537,81547,10
12.9578895569,80.2442016602,81547,81557,10
12.9575004578,80.2440338135,81557,81567,10
12.9568395615,80.2437591553,81567,81577,10
12.9564800262,80.2436218262,81577,81587,10
12.9563703537,80.243560791,81587,81597,10
12.9559001923,80.2433700562,81597,81607,10
12.9551496506,80.243057251,81607,81616,9
12.9543800354,80.2427520752,81616,81626,10
12.9534101486,80.2423629761,81626,81638,12
12.9517803192,80.2417373657,81638,81658,20
12.9517803192,80.2417373657,81658,81668,10
12.9515600204,80.2416610718,81668,81678,10
12.9511003494,80.2415008545,81678,81688,10
12.9504098892,80.2412872314,81688,81698,10
12.9495601654,80.2410202026,81698,81708,10
12.9490003586,80.2408218384,81708,81718,10
12.948849678,80.2407608032,81718,81728,10
12.9484996796,80.2405929565,81728,81738,10
12.9474697113,80.2401885986,81738,81759,21
12.9474697113,80.2401885986,81759,81769,10
12.9474201202,80.2401428223,81769,81779,10
12.9469995499,80.239982605,81779,81789,10
12.9462995529,80.2397003174,81789,81799,10
12.9454698563,80.2393188477,81799,81809,10
12.9446802139,80.2386322021,81809,81819,10
12.9439496994,80.2378311157,81819,81829,10
12.9431695938,80.2370223999,81829,81839,10
12.9422197342,80.2364883423,81839,81850,11
12.9410295486,80.2361831665,81850,81860,10
12.940079689,80.2359085083,81860,81870,10
12.9395303726,80.2357025146,81870,81890,20
12.9395303726,80.2357025146,81890,81900,10
12.9394397736,80.2356567383,81900,81910,10
12.9390201569,80.2354431152,81910,81920,10
12.9382801056,80.2350921631,81920,81930,10
12.937379837,80.2346420288,81930,81940,10
12.9363899231,80.2341690063,81940,81950,10
12.9357404709,80.2339324951,81950,81961,11
12.9356298447,80.2340927124,81961,81971,10
12.9354295731,80.2345962524,81971,81981,10
12.9351797104,80.2352828979,81981,81991,10
12.9351301193,80.2354507446,81991,82001,10
12.9349403381,80.2353897095,82001,82011,10
12.9347295761,80.2353210449,82011,82021,10
12.9342298508,80.2351074219,82021,82031,10
12.9339103699,80.2350234985,82031,82041,10
12.9337301254,80.2355728149,82041,82051,10
12.9335699081,80.2361373901,82051,82061,10
12.9332799911,80.2361831665,82061,82072,11
12.9331302643,80.2361373901,82072,82082,10
12.9329395294,80.236366272,82082,82092,10
12.9326496124,80.2373199463,82092,82112,20
12.9326496124,80.2373199463,82112,82122,10
12.9324998856,80.2377166748,82122,82132,10
12.9322500229,80.2383575439,82132,82142,10
12.9321603775,80.2385787964,82142,82152,10
12.9317903519,80.2387313843,82152,82162,10
12.9312896729,80.2385864258,82162,82173,11
12.9312400818,80.2385864258,82173,82183,10
12.931189537,80.2386169434,82183,82193,10
12.9309797287,80.2385177612,82193,82203,10
12.930439949,80.2382965088,82203,82213,10
12.9297399521,80.2380065918,82213,82223,10
12.9295101166,80.2382125854,82223,82233,10
12.9294204712,80.23853302,82233,82243,10
12.9292697906,80.2389678955,82243,82253,10
12.9290800095,80.2390365601,82253,82263,10
12.9283304214,80.238861084,82263,82284,21
12.9283304214,80.238861084,82284,82294,10
12.9280996323,80.2388000488,82294,82304,10
12.9275398254,80.2386627197,82304,82314,10
12.9270200729,80.23853302,82314,82324,10
12.9263095856,80.2383499146,82324,82334,10
12.9256401062,80.2381591797,82334,82344,10
12.9254198074,80.2382278442,82344,82354,10
12.9256601334,80.238319397,82354,82506,152
12.9256601334,80.238319397,82506,82516,10
12.9259500504,80.2380981445,82516,82526,10
12.926440239,80.238243103,82526,82536,10
12.9271001816,80.2384109497,82536,82546,10
12.9278297424,80.2385864258,82546,82556,10
12.9282798767,80.2387008667,82556,82566,10
12.9287796021,80.2388534546,82566,82576,10
12.9293203354,80.2389678955,82576,82586,10
12.9294204712,80.2387237549,82586,82596,10
12.9295597076,80.2382202148,82596,82607,11
12.9296998978,80.2379379272,82607,82617,10
12.9301204681,80.2380599976,82617,82627,10
12.9307203293,80.2382888794,82627,82637,10
12.9312400818,80.2384872437,82637,82647,10
12.931520462,80.2385787964,82647,82657,10
12.9320602417,80.2387237549,82657,82667,10
12.9322595596,80.2384414673,82667,82677,10
12.9323301315,80.2382507324,82677,82687,10
12.9325399399,80.2376785278,82687,82697,10
12.9327096939,80.2372283936,82697,82707,10
12.9328203201,80.2369613647,82707,82718,11
12.9329595566,80.2363586426,82718,82728,10
12.9331197739,80.2361373901,82728,82738,10
12.9335203171,80.2362213135,82738,82748,10
12.9336500168,80.2357711792,82748,82758,10
12.9338302612,80.2350997925,82758,82768,10
12.934009552,80.2350387573,82768,82778,10
12.934220314,80.2351379395,82778,82788,10
12.9350004196,80.2354507446,82788,82808,20
12.9350004196,80.2354507446,82808,82818,10
12.9351596832,80.2352981567,82818,82829,11
12.9352998734,80.2349700928,82829,82839,10
12.935549736,80.2343597412,82839,82849,10
12.9357404709,80.2338867188,82849,82859,10
12.9359102249,80.2337722778,82859,82869,10
12.9363803864,80.2339477539,82869,82879,10
12.9371595383,80.234336853,82879,82889,10
12.9381198883,80.2348175049,82889,82898,9
12.9390296936,80.2352828979,82898,82909,11
12.9396800995,80.2355880737,82909,82918,9
12.9396800995,80.2356033325,82918,82930,12
12.9401397705,80.2357635498,82930,82940,10
12.9408597946,80.2359466553,82940,82950,10
12.9417600632,80.2361679077,82950,82960,10
12.94272995,80.2365036011,82960,82970,10
12.9435796738,80.237197876,82970,82980,10
12.9443798065,80.2380828857,82980,82990,10
12.9452199936,80.2389602661,82990,83000,10
12.9462404251,80.2395401001,83000,83010,10
12.9471702576,80.2399215698,83010,83020,10
12.9473495483,80.2399902344,83020,83030,10
12.9476099014,80.2400970459,83030,83041,11
12.9483098984,80.2403869629,83041,83051,10
12.9490804672,80.2406921387,83051,83061,10
12.9500303268,80.2409896851,83061,83071,10
12.9509401321,80.2412567139,83071,83081,10
12.9510698318,80.2413024902,83081,83091,10
12.9511804581,80.2413330078,83091,83101,10
12.951669693,80.2415084839,83101,83111,10
12.9524297714,80.2418212891,83111,83121,10
12.9533996582,80.2421722412,83121,83131,10
12.9542999268,80.2425231934,83131,83141,10
12.9550504684,80.2427978516,83141,83152,11
12.9557304382,80.2430267334,83152,83162,10
12.956319809,80.2432327271,83162,83172,10
12.9564599991,80.2433395386,83172,83182,10
12.9568996429,80.2435302734,83182,83192,10
12.9576597214,80.243888855,83192,83202,10
12.958530426,80.2442474365,83202,83212,10
12.9589595795,80.2444000244,83212,83222,10
12.9591302872,80.2444763184,83222,83232,10
12.9594802856,80.2446365356,83232,83242,10
12.9601402283,80.2449569702,83242,83253,11
12.9611101151,80.2453994751,83253,83263,10
12.962100029,80.2459030151,83263,83273,10
12.9630203247,80.2463684082,83273,83283,10
12.9635095596,80.2465515137,83283,83293,10
12.9639396667,80.2467727661,83293,83303,10
12.9646596909,80.2470397949,83303,83313,10
12.9655399323,80.2473373413,83313,83323,10
12.9664001465,80.2476577759,83323,83333,10
12.9666500092,80.2477722168,83333,83343,10
12.9667797089,80.2478408813,83343,83353,10
12.9672803879,80.2481536865,83353,83364,11
12.9682102203,80.2485198975,83364,83374,10
12.9692802429,80.2489471436,83374,83384,10
12.9703998566,80.2493972778,83384,83393,9
12.9713802338,80.2497024536,83393,83404,11
12.972700119,80.2500534058,83404,83414,10
12.9739303589,80.2503585815,83414,83424,10
12.9751796722,80.2507171631,83424,83434,10
12.9764499664,80.251083374,83434,83444,10
12.9775695801,80.2515411377,83444,83454,10
12.9784402847,80.2522201538,83454,83464,10
12.9789896011,80.2524795532,83464,83475,11
12.9792499542,80.252532959,83475,83485,10
12.9797897339,80.2525863647,83485,83495,10
12.9799995422,80.2526092529,83495,83505,10
12.980629921,80.2526092529,83505,83515,10
12.9814796448,80.2525634766,83515,83525,10
12.9827003479,80.252532959,83525,83535,10
12.9838399887,80.2523574829,83535,83545,10
12.9850196838,80.2520217896,83545,83555,10
12.986120224,80.251701355,83555,83565,10
12.9871397018,80.2514572144,83565,83576,11
12.9877796173,80.2512969971,83576,83626,50
12.9877796173,80.2512969971,83626,83636,10
12.9877500534,80.2514190674,83636,83646,10
12.9878797531,80.2517318726,83646,83656,10
12.9879598618,80.2523574829,83656,83666,10
12.9878702164,80.2532501221,83666,83676,10
12.9877595901,80.254447937,83676,83687,11
12.9876804352,80.2554931641,83687,83697,10
12.9876403809,80.2558670044,83697,83707,10
12.9876098633,80.2560424805,83707,83717,10
12.9876003265,80.2561264038,83717,83727,10
12.9875602722,80.2565689087,83727,83737,10
12.9874897003,80.2573318481,83737,83747,10
12.9874000549,80.2584991455,83747,83767,20
12.9874000549,80.2584991455,83767,83777,10
12.9874000549,80.2586669922,83777,83787,10
12.9873504639,80.2591171265,83787,83798,11
12.9872303009,80.2595214844,83798,83818,20
12.9872303009,80.2595214844,83818,83828,10
12.9870996475,80.2596435547,83828,83838,10
