13.0988101959,80.2410812378,17,21272,21255
13.0988101959,80.2410812378,21272,21282,10
13.0986995697,80.241027832,21282,21292,10
13.0986099243,80.2410583496,21292,21302,10
13.0985202789,80.2412872314,21302,21312,10
13.0986204147,80.2414627075,21312,21343,31
13.0986204147,80.2414627075,21343,21353,10
13.0987701416,80.241569519,21353,21363,10
13.0988197327,80.2416992188,21363,21373,10
13.0987901688,80.2417984009,21373,21383,10
13.098739624,80.2420883179,21383,21393,10
13.0986299515,80.2422714233,21393,21403,10
13.0983800888,80.2422866821,21403,21413,10
13.0980100632,80.2422485352,21413,21423,10
13.0976600647,80.2422103882,21423,21433,10
13.0974302292,80.2421264648,21433,21443,10
13.0975103378,80.2416992188,21443,21454,11
13.0976295471,80.2409667969,21454,21464,10
13.097700119,80.2402572632,21464,21474,10
13.0977602005,80.2395172119,21474,21484,10
13.0978002548,80.2387619019,21484,21500,16
13.0980300903,80.2376022339,21500,21512,12
13.0981998444,80.2367095947,21512,21522,10
13.0983104706,80.2361068726,21522,21532,10
13.0984296799,80.2352600098,21532,21542,10
13.0985603333,80.2343826294,21542,21551,9
13.0986003876,80.233757019,21551,21563,12
13.098739624,80.2329101563,21563,21573,10
13.0989398956,80.2320632935,21573,21582,9
13.0992097855,80.231338501,21582,21594,12
13.0995397568,80.2305603027,21594,21604,10
13.0997600555,80.2297973633,21604,21613,9
13.0998601913,80.2291107178,21613,21624,11
13.0999603271,80.2286224365,21624,21634,10
13.1000499725,80.2280578613,21634,21644,10
13.1000795364,80.2273483276,21644,21653,9
13.100060463,80.2266235352,21653,21665,12
13.0999498367,80.2256011963,21665,21675,10
13.0998001099,80.224822998,21675,21685,10
13.0995903015,80.2241363525,21685,21695,10
13.0993499756,80.2237091064,21695,21705,10
13.0991401672,80.2234420776,21705,21715,10
13.098950386,80.223197937,21715,21725,10
13.0987997055,80.2229766846,21725,21735,10
13.098739624,80.2225036621,21735,21745,10
13.0987997055,80.2216796875,21745,21755,10
13.09897995,80.2206497192,21755,21765,10
13.0991697311,80.2196273804,21765,21776,11
13.0992498398,80.2192001343,21776,21786,10
13.0993299484,80.2186279297,21786,21802,16
13.0995597839,80.2173233032,21802,21814,12
13.0998697281,80.2163696289,21814,21824,10
13.0999498367,80.216003418,21824,21834,10
13.1000795364,80.2155838013,21834,21844,10
13.100279808,80.2150421143,21844,21854,10
13.100279808,80.2146987915,21854,22117,263
13.100279808,80.2146987915,22117,22127,10
13.1002597809,80.2145004272,22127,22137,10
13.0999002457,80.2143783569,22137,22147,10
13.0993003845,80.2142333984,22147,22157,10
13.0986604691,80.214012146,22157,22167,10
13.0984201431,80.2142791748,22167,22177,10
13.098110199,80.2149505615,22177,22187,10
13.0976800919,80.2158966064,22187,22198,11
13.0972499847,80.2169418335,22198,22208,10
13.0968503952,80.2180099487,22208,22218,10
13.0964899063,80.2191314697,22218,22228,10
13.0960998535,80.2202301025,22228,22238,10
13.0957698822,80.2211532593,22238,22248,10
13.0955295563,80.2218933105,22248,22258,10
13.0953502655,80.2224273682,22258,22268,10
13.0952501297,80.2227020264,22268,22278,10
13.0949401855,80.2233276367,22278,22287,9
13.0944404602,80.224067688,22287,22297,10
13.0937795639,80.2249298096,22297,22309,12
13.0935602188,80.2252120972,22309,22319,10
13.093079567,80.2256774902,22319,22329,10
13.0924196243,80.2263412476,22329,22339,10
13.0916404724,80.2271575928,22339,22349,10
13.0912303925,80.2276077271,22349,22359,10
13.0910596848,80.2277679443,22359,22369,10
13.0906200409,80.2282409668,22369,22379,10
13.0899896622,80.2289276123,22379,22389,10
13.0893201828,80.2298431396,22389,22399,10
13.089099884,80.2302474976,22399,22410,11
13.0888500214,80.2308197021,22410,22420,10
13.0887899399,80.2309494019,22420,22430,10
13.0887098312,80.2311325073,22430,22440,10
13.0885095596,80.2315979004,22440,22449,9
13.0882997513,80.2323074341,22449,22461,12
13.0880203247,80.2336196899,22461,22471,10
13.0878095627,80.2344970703,22471,22481,10
13.0868997574,80.2345504761,22481,22490,9
13.0859298706,80.2343902588,22490,22501,11
13.0848903656,80.234161377,22501,22512,11
13.0839395523,80.2339172363,22512,22522,10
13.0833597183,80.2338180542,22522,22532,10
13.0826702118,80.2336730957,22532,22542,10
13.0823698044,80.2336196899,22542,22552,10
13.0821504593,80.2335891724,22552,22562,10
13.0816297531,80.2335205078,22562,22572,10
13.0808000565,80.2334899902,22572,22582,10
13.0799198151,80.2335128784,22582,22592,10
13.0795698166,80.2334823608,22592,22602,10
13.0793600082,80.2334899902,22602,22612,10
13.0787601471,80.2335205078,22612,22623,11
13.0778398514,80.2335662842,22623,22633,10
13.0770797729,80.2336730957,22633,22643,10
13.0763301849,80.2338409424,22643,22653,10
13.0760402679,80.2338790894,22653,22663,10
13.0758199692,80.2339477539,22663,22673,10
13.0759096146,80.2344894409,22673,22683,10
13.0760803223,80.2353363037,22683,22693,10
13.0762701035,80.2363586426,22693,22703,10
13.0763902664,80.2369918823,22703,22713,10
13.0764799118,80.2372665405,22713,22723,10
13.0764904022,80.2373199463,22723,22734,11
13.0765895844,80.2376708984,22734,22744,10
13.076669693,80.2382583618,22744,22754,10
13.0768699646,80.2391281128,22754,22770,16
13.0771598816,80.2403717041,22770,22782,12
13.0771799088,80.2405319214,22782,22792,10
13.0770397186,80.2407302856,22792,22802,10
13.0762796402,80.240562439,22802,22812,10
13.0752496719,80.2405166626,22812,22822,10
13.0741796494,80.2405395508,22822,22833,11
13.0731401443,80.2407913208,22833,22843,10
13.0721702576,80.2412414551,22843,22853,10
13.0712404251,80.2417297363,22853,22862,9
13.0704803467,80.2419586182,22862,22873,11
13.0702695847,80.2420196533,22873,22883,10
13.0700397491,80.2420806885,22883,22893,10
13.0694599152,80.2422103882,22893,22903,10
13.068810463,80.2424926758,22903,22913,10
13.0678796768,80.2427520752,22913,22923,10
13.066860199,80.2431716919,22923,22933,10
13.0661001205,80.2436828613,22933,22944,11
13.0662202835,80.2448196411,22944,22954,10
13.0664396286,80.245880127,22954,22964,10
13.0677604675,80.2465286255,22964,22984,20
13.0677604675,80.2465286255,22984,22994,10
13.0679101944,80.246963501,22994,23004,10
13.0678701401,80.2477264404,23004,23014,10
13.0671796799,80.2478866577,23014,23024,10
13.0661001205,80.247833252,23024,23034,10
13.0649404526,80.2477416992,23034,23045,11
13.0636100769,80.2476425171,23045,23055,10
13.0624103546,80.2475967407,23055,23065,10
13.0614995956,80.2472763062,23065,23075,10
13.0615901947,80.2467193604,23075,23085,10
13.0619297028,80.2460632324,23085,23095,10
13.0622901917,80.2450866699,23095,23105,10
13.0630598068,80.2444915771,23105,23115,10
13.0631599426,80.2443313599,23115,23125,10
13.0633096695,80.244140625,23125,23135,10
13.0634498596,80.243850708,23135,23146,11
13.063249588,80.2435073853,23146,23156,10
13.0625801086,80.2433624268,23156,23166,10
13.0619001389,80.2432403564,23166,23175,9
13.0614299774,80.2431335449,23175,23185,10
13.0607500076,80.2429275513,23185,23196,11
13.0601797104,80.2427215576,23196,23206,10
13.0592403412,80.2425003052,23206,23216,10
13.0587902069,80.2425689697,23216,23226,10
13.0584697723,80.2426223755,23226,23236,10
13.0577898026,80.2427597046,23236,23246,10
13.0569095612,80.2427368164,23246,23257,11
13.0562601089,80.2425079346,23257,23266,9
13.0555200577,80.2422332764,23266,23277,11
13.0543003082,80.2423171997,23277,23287,10
13.0538301468,80.2422637939,23287,23297,10
13.0538301468,80.2422637939,23297,23307,10
13.0536699295,80.2421722412,23307,23317,10
13.0531196594,80.2418899536,23317,23327,10
13.0524196625,80.2414779663,23327,23337,10
13.0521202087,80.2409820557,23337,23347,10
13.0518598557,80.2406997681,23347,23357,10
13.0514202118,80.2406082153,23357,23369,12
13.0509901047,80.2405395508,23369,23379,10
13.0508003235,80.2405014038,23379,23389,10
13.0500001907,80.2403335571,23389,23399,10
13.0490999222,80.2401275635,23399,23408,9
13.0480203629,80.2399215698,23408,23419,11
13.0471401215,80.2397384644,23419,23428,9
13.0466604233,80.2396392822,23428,23438,10
13.0462198257,80.2395401001,23438,23449,11
13.046330452,80.2391662598,23449,23459,10
13.0464801788,80.2384719849,23459,23470,11
13.0466804504,80.2375335693,23470,23480,10
13.0468597412,80.2365112305,23480,23490,10
13.0469999313,80.2360916138,23490,23500,10
13.0470695496,80.2356719971,23500,23510,10
13.047129631,80.2353591919,23510,23520,10
13.0472002029,80.2346572876,23520,23530,10
13.0473098755,80.2337036133,23530,23540,10
13.047369957,80.2331771851,23540,23550,10
13.0469999313,80.232963562,23550,23560,10
13.0462999344,80.2328262329,23560,23571,11
13.0454502106,80.2326889038,23571,23581,10
13.0447797775,80.2325363159,23581,23591,10
13.0438203812,80.232383728,23591,23601,10
13.0427398682,80.2323226929,23601,23611,10
13.0416498184,80.2322235107,23611,23621,10
13.0405597687,80.2318572998,23621,23631,10
13.039440155,80.2315292358,23631,23641,10
13.0384998322,80.2312774658,23641,23651,10
13.0371999741,80.2308807373,23651,23661,10
13.0367202759,80.230758667,23661,23671,10
13.0362997055,80.2305908203,23671,23682,11
13.0354404449,80.2303390503,23682,23692,10
13.034819603,80.2302398682,23692,23702,10
13.0340003967,80.2304000854,23702,23722,20
13.0340003967,80.2304000854,23722,23732,10
13.0335597992,80.2304000854,23732,23742,10
13.0328702927,80.2304611206,23742,23752,10
13.0318803787,80.2305679321,23752,23762,10
13.03083992,80.2306594849,23762,23772,10
13.0304603577,80.2306976318,23772,23783,11
13.0298995972,80.2307510376,23783,23793,10
13.0298099518,80.2307510376,23793,23803,10
13.0293798447,80.2308120728,23803,23813,10
13.0286102295,80.2308807373,23813,23823,10
13.0277900696,80.2309799194,23823,23833,10
13.0276498795,80.2312393188,23833,23843,10
13.0277299881,80.2318878174,23843,23853,10
13.027879715,80.2326507568,23853,23863,10
13.0273599625,80.2328491211,23863,23880,17
13.0266199112,80.2329788208,23880,23892,12
13.0262899399,80.2323989868,23892,23902,10
13.0260601044,80.2315216064,23902,23911,9
13.0257701874,80.2305603027,23911,23922,11
13.0250501633,80.2294692993,23922,23932,10
13.0243597031,80.2286224365,23932,23940,8
13.0241804123,80.2284393311,23940,23953,13
13.0240001678,80.2281112671,23953,23963,10
13.0234804153,80.2275772095,23963,23973,10
13.0227298737,80.2268829346,23973,23983,10
13.0218296051,80.2261123657,23983,23993,10
13.0208396912,80.2253570557,23993,24004,11
13.0200195313,80.2248001099,24004,24014,10
13.0198297501,80.2246627808,24014,24024,10
13.0193996429,80.2244567871,24024,24047,23
13.0171003342,80.225151062,24047,24059,12
13.0157804489,80.2256698608,24059,24069,10
13.0147600174,80.2260665894,24069,24079,10
13.0143699646,80.2262268066,24079,24091,12
13.0142602921,80.2262573242,24091,24101,10
13.0138702393,80.2264022827,24101,24112,11
13.0129995346,80.2267227173,24112,24122,10
13.0119695663,80.2271194458,24122,24132,10
13.0108995438,80.2275619507,24132,24142,10
13.0099401474,80.2279663086,24142,24152,10
13.0091295242,80.2285919189,24152,24162,10
13.0089101791,80.2296676636,24162,24185,23
13.0083999634,80.2323379517,24185,24197,12
13.0081501007,80.2336502075,24197,24206,9
13.008020401,80.2343063354,24206,24218,12
13.0077800751,80.2355194092,24218,24227,9
13.0075798035,80.2366027832,24227,24238,11
13.0073003769,80.2379989624,24238,24248,10
13.0070800781,80.2391815186,24248,24258,10
13.0069904327,80.2398223877,24258,24268,10
13.0068998337,80.2405776978,24268,24278,10
13.0068502426,80.2407913208,24278,24288,10
13.0067501068,80.2414169312,24288,24298,10
13.0067100525,80.2424316406,24298,24308,10
13.0066699982,80.2432022095,24308,24319,11
13.0066604614,80.2443008423,24319,24329,10
13.0066699982,80.2453613281,24329,24339,10
13.0067100525,80.2464828491,24339,24349,10
13.0067195892,80.2476272583,24349,24359,10
13.0067596436,80.2488098145,24359,24369,10
13.0068798065,80.2495880127,24369,24379,10
13.0068798065,80.2496795654,24379,24389,10
13.0068397522,80.25025177,24389,24399,10
13.0068397522,80.251121521,24399,24409,10
13.0066299438,80.2522125244,24409,24420,11
13.0065803528,80.2535400391,24420,24430,10
13.0066404343,80.2547225952,24430,24440,10
13.0066204071,80.2551574707,24440,24450,10
13.0065898895,80.2554473877,24450,24460,10
13.0066099167,80.256187439,24460,24470,10
13.0066995621,80.2571792603,24470,24531,61
13.0066995621,80.2571792603,24531,24541,10
13.0065803528,80.2575378418,24541,24551,10
13.0062904358,80.257522583,24551,24561,10
13.0057001114,80.2573623657,24561,24571,10
13.0049600601,80.2571716309,24571,24581,10
13.0041599274,80.2570037842,24581,24591,10
13.0034303665,80.2568588257,24591,24601,10
13.0027198792,80.2567214966,24601,24611,10
13.0022201538,80.2566299438,24611,24621,10
13.0022001266,80.2566299438,24621,24632,11
13.0018596649,80.2565765381,24632,24642,10
13.001159668,80.2565002441,24642,24652,10
13.0002002716,80.2563171387,24652,24662,10
12.9993000031,80.2561721802,24662,24672,10
12.9988203049,80.256072998,24672,24682,10
12.9982995987,80.2559890747,24682,24692,10
12.9978399277,80.2559280396,24692,24702,10
12.9973602295,80.2559127808,24702,24712,10
12.9969596863,80.2561035156,24712,24728,16
12.9968595505,80.2566680908,24728,24740,12
12.9968395233,80.2570266724,24740,24751,11
12.9967803955,80.2576904297,24751,24761,10
12.9966602325,80.2587890625,24761,24771,10
12.9965600967,80.259437561,24771,24781,10
12.9964895248,80.2601165771,24781,24790,9
12.9964199066,80.2608718872,24790,24801,11
12.9962797165,80.2616729736,24801,24812,11
12.9962301254,80.2621383667,24812,24822,10
12.9961900711,80.262260437,24822,24832,10
12.9961299896,80.2625579834,24832,24844,12
12.9961099625,80.2631225586,24844,24854,10
12.996049881,80.2638397217,24854,24864,10
12.9959402084,80.2648696899,24864,24874,10
12.9958200455,80.2660293579,24874,24884,10
12.9957199097,80.2671890259,24884,24894,10
12.9959897995,80.2676467896,24894,24904,10
12.9967298508,80.2677688599,24904,24914,10
12.9978103638,80.2674865723,24914,24924,10
12.9989004135,80.2671813965,24924,24934,10
12.9997701645,80.2669296265,24934,24944,10
13.0001401901,80.2665710449,24944,24955,11
13.000169754,80.2664413452,24955,24965,10
13.0002202988,80.2660369873,24965,24975,10
13.0003299713,80.2657089233,24975,24985,10
13.0003595352,80.2658309937,24985,24995,10
13.0002698898,80.266242981,24995,26507,1512
13.0002698898,80.266242981,26507,26517,10
13.0002698898,80.2664489746,26517,26527,10
13.0002403259,80.2667617798,26527,26537,10
12.9997997284,80.266960144,26537,26548,11
12.9989500046,80.2672195435,26548,26558,10
12.9981803894,80.2674331665,26558,26568,10
12.9973697662,80.2676391602,26568,26578,10
12.9965600967,80.2677764893,26578,26588,10
12.9958496094,80.2677001953,26588,26598,10
12.9957304001,80.2673568726,26598,26608,10
12.9957304001,80.2673492432,26608,26618,10
12.9957704544,80.2670593262,26618,26628,10
12.9958400726,80.2663574219,26628,26638,10
12.9959402084,80.2653427124,26638,26648,10
12.9960699081,80.2641906738,26648,26659,11
12.9961900711,80.2630767822,26659,26669,10
12.9962501526,80.2625808716,26669,26679,10
12.9962701797,80.2624969482,26679,26689,10
12.9963197708,80.2621231079,26689,26699,10
12.9964103699,80.2613983154,26699,26709,10
12.9965200424,80.2603607178,26709,26719,10
12.9966096878,80.2594680786,26719,26729,10
12.9966602325,80.2592163086,26729,26739,10
12.996720314,80.2585372925,26739,26749,10
12.9968204498,80.2575073242,26749,26760,11
12.9968900681,80.256690979,26760,26770,10
12.9969301224,80.2561721802,26770,26820,50
12.9969301224,80.2561721802,26820,26830,10
12.9969100952,80.2561035156,26830,26840,10
12.997130394,80.2558288574,26840,26850,10
12.9977397919,80.255897522,26850,26860,10
12.9986801147,80.2560424805,26860,26881,21
12.9986801147,80.2560424805,26881,26891,10
12.9989004135,80.2560806274,26891,26901,10
12.9992198944,80.2561416626,26901,26911,10
12.999879837,80.2562789917,26911,26921,10
13.000579834,80.2564163208,26921,26931,10
13.0013999939,80.2565536499,26931,26941,10
13.0022497177,80.2566833496,26941,26951,10
13.0031499863,80.2568511963,26951,26961,10
13.004119873,80.2570266724,26961,26971,10
13.0051298141,80.257232666,26971,26982,11
13.0060195923,80.2573776245,26982,26992,10
13.0062599182,80.2574234009,26992,27002,10
13.0065202713,80.2574386597,27002,27012,10
13.0065803528,80.2569122314,27012,27022,10
13.0065803528,80.2559814453,27022,27031,9
13.0066003799,80.2549591064,27031,27042,11
13.0065803528,80.2538833618,27042,27052,10
13.0065898895,80.2530212402,27052,27062,10
13.0065898895,80.2526016235,27062,27072,10
13.0067396164,80.251701355,27072,27113,41
13.0067396164,80.251701355,27113,27123,10
13.0067596436,80.2515411377,27123,27133,10
13.006819725,80.2509994507,27133,27143,10
13.0068302155,80.2500991821,27143,27153,10
13.0067996979,80.2489624023,27153,27163,10
13.0066995621,80.2479019165,27163,27173,10
13.0066699982,80.2474822998,27173,27194,21
13.0066699982,80.2474822998,27194,27204,10
13.0066900253,80.247177124,27204,27214,10
13.0066204071,80.2465896606,27214,27224,10
13.0066299438,80.2465286255,27224,27234,10
13.0066795349,80.2461929321,27234,27244,10
13.0066900253,80.2454681396,27244,27254,10
13.0066900253,80.2445831299,27254,27264,10
13.0066795349,80.2436904907,27264,27274,10
13.0066299438,80.2426986694,27274,27284,10
13.0066003799,80.2416687012,27284,27295,11
13.0066099167,80.2414398193,27295,27305,10
13.0066204071,80.2412719727,27305,27315,10
13.0066900253,80.2407302856,27315,27325,10
13.0067996979,80.2402420044,27325,27335,10
13.0069599152,80.239616394,27335,27345,10
13.0071001053,80.2387924194,27345,27355,10
13.0072898865,80.2378311157,27355,27365,10
13.0074300766,80.2369689941,27365,27375,10
13.0074300766,80.2368469238,27375,27385,10
13.0074996948,80.2366409302,27385,27395,10
13.0076599121,80.2360916138,27395,27406,11
13.0078496933,80.2351837158,27406,27416,10
13.0080604553,80.2341003418,27416,27426,10
13.0082998276,80.2329025269,27426,27436,10
13.0085401535,80.2316207886,27436,27446,10
13.0087995529,80.2303619385,27446,27456,10
13.0090398788,80.2291183472,27456,27466,10
13.009349823,80.2279281616,27466,27476,10
13.0098400116,80.2268218994,27476,27486,10
13.0103502274,80.2257232666,27486,27496,10
13.0108604431,80.2246627808,27496,27506,10
13.0110998154,80.2241210938,27506,27517,11
13.0112800598,80.2236785889,27517,27527,10
13.011469841,80.2231903076,27527,27537,10
13.0117502213,80.2225418091,27537,27553,16
13.0122003555,80.2214584351,27553,27565,12
13.0126304626,80.2218399048,27565,27573,8
13.0130300522,80.2223587036,27573,27585,12
13.0137996674,80.2232131958,27585,27595,10
13.0141000748,80.2235794067,27595,27605,10
13.014380455,80.2239532471,27605,27616,11
13.0149698257,80.2245330811,27616,27626,10
13.0152797699,80.224861145,27626,27636,10
13.0155200958,80.2250213623,27636,27646,10
13.0157604218,80.2252578735,27646,27656,10
13.0164403915,80.2253417969,27656,27666,10
13.0174102783,80.2250137329,27666,27676,10
13.0184602737,80.2245864868,27676,27686,10
13.0193595886,80.2243804932,27686,27696,10
13.019780159,80.2245407104,27696,27706,10
13.0199403763,80.2246704102,27706,27716,10
13.0204401016,80.2250823975,27716,27727,11
13.021229744,80.2256698608,27727,27737,10
13.0218601227,80.2260894775,27737,27747,10
13.0219202042,80.2261428833,27747,27757,10
13.0221796036,80.2263793945,27757,27766,9
13.0226802826,80.2268218994,27766,27777,11
13.0233602524,80.2274398804,27777,27787,10
13.0239400864,80.2279891968,27787,27797,10
13.0241804123,80.2282028198,27797,27807,10
13.0242795944,80.2283782959,27807,27817,10
13.0246295929,80.2288589478,27817,27828,11
13.0250101089,80.2294082642,27828,27838,10
13.02546978,80.2300415039,27838,27848,10
13.0259599686,80.2309417725,27848,27868,20
13.0259599686,80.2309417725,27868,27878,10
13.026049614,80.231338501,27878,27888,10
13.0265598297,80.2312698364,27888,27898,10
13.0274000168,80.2310562134,27898,27908,10
13.0280895233,80.2309494019,27908,27918,10
13.0285396576,80.2309112549,27918,27929,11
13.0289697647,80.2308883667,27929,27939,10
13.0291595459,80.2308731079,27939,27949,10
13.0293598175,80.2308425903,27949,27959,10
13.0295696259,80.2308425903,27959,27969,10
13.0300102234,80.230796814,27969,27979,10
13.0309000015,80.2307281494,27979,27989,10
13.0316896439,80.2306594849,27989,27999,10
13.0326700211,80.2305831909,27999,28009,10
13.033659935,80.2304992676,28009,28019,10
13.0342798233,80.2304382324,28019,28029,10
13.0343904495,80.2304077148,28029,28040,11
13.0344696045,80.2304000854,28040,28050,10
13.0347499847,80.2303619385,28050,28060,10
13.0349702835,80.230430603,28060,28070,10
13.0349597931,80.23072052,28070,28080,10
13.0348997116,80.2312393188,28080,28090,10
13.0347795486,80.2320404053,28090,28100,10
13.0346603394,80.2329788208,28100,28110,10
13.0345802307,80.2335205078,28110,28120,10
13.0345096588,80.2339477539,28120,28130,10
13.0344295502,80.2347412109,28130,28140,10
13.0342798233,80.235748291,28140,28151,11
13.0342798233,80.2373504639,28151,28201,50
13.0342798233,80.2373504639,28201,28211,10
13.0344600677,80.2377624512,28211,28221,10
13.0348100662,80.2383117676,28221,28231,10
13.0352897644,80.2390823364,28231,28241,10
13.0359201431,80.239440918,28241,28251,10
13.0369596481,80.2395401001,28251,28262,11
13.0376195908,80.2396316528,28262,28272,10
13.0383796692,80.2397232056,28272,28282,10
13.0393199921,80.2398605347,28282,28298,16
13.0404396057,80.2401885986,28298,28310,12
13.04088974,80.2405776978,28310,28320,10
13.0410804749,80.2406234741,28320,28330,10
13.0414104462,80.2406692505,28330,28340,10
13.0421695709,80.2407913208,28340,28350,10
13.0432195663,80.2409286499,28350,28361,11
13.0442495346,80.240852356,28361,28371,10
13.0447797775,80.2404632568,28371,28381,10
13.0453100204,80.2400970459,28381,28391,10
13.0459003448,80.2397003174,28391,28401,10
13.0464496613,80.2395935059,28401,28411,10
13.0465297699,80.2396316528,28411,28421,10
13.0469398499,80.2397384644,28421,28431,10
13.0475797653,80.2398605347,28431,28441,10
13.0482597351,80.2400131226,28441,28451,10
13.0489797592,80.2401504517,28451,28461,10
13.0495500565,80.2402572632,28461,28472,11
13.0501804352,80.2403869629,28472,28482,10
13.0509004593,80.2405395508,28482,28492,10
13.0511302948,80.2406005859,28492,28502,10
13.0513401031,80.2406616211,28502,28512,10
13.0518503189,80.2407836914,28512,28522,10
13.0523004532,80.2408981323,28522,28532,10
13.0525398254,80.2412109375,28532,28542,10
13.0526695251,80.2416381836,28542,28552,10
13.0533304214,80.2419891357,28552,28562,10
13.0539197922,80.2422409058,28562,28583,21
13.0539197922,80.2422409058,28583,28593,10
13.0542898178,80.2423400879,28593,28603,10
13.0550298691,80.2423171997,28603,28613,10
13.0560102463,80.2423706055,28613,28623,10
13.0567102432,80.2426300049,28623,28633,10
13.0569200516,80.2425994873,28633,28643,10
13.0571098328,80.2427597046,28643,28653,10
13.0577001572,80.2428131104,28653,28663,10
13.0577697754,80.2428131104,28663,28673,10
13.0583000183,80.242729187,28673,28684,11
13.0591201782,80.2425613403,28684,28694,10
13.060090065,80.2427597046,28694,28704,10
13.0606298447,80.2429275513,28704,28714,10
13.061249733,80.2431106567,28714,28724,10
13.0625095367,80.2433624268,28724,28744,20
13.0625095367,80.2433624268,28744,28754,10
13.0628995895,80.2434387207,28754,28764,10
13.0635595322,80.2435379028,28764,28774,10
13.0643997192,80.2435836792,28774,28785,11
13.0657901764,80.243522644,28785,28825,40
13.0657901764,80.243522644,28825,28835,10
13.0659799576,80.2435302734,28835,28845,10
13.0664396286,80.2434310913,28845,28855,10
13.0671396255,80.2431488037,28855,28865,10
13.0678596497,80.2428283691,28865,28875,10
13.0685997009,80.2426071167,28875,28885,10
13.0690202713,80.24243927,28885,28896,11
13.0690402985,80.2424316406,28896,28906,10
13.0692996979,80.2423400879,28906,28916,10
13.0700502396,80.242149353,28916,28936,20
13.0700502396,80.242149353,28936,28946,10
13.070400238,80.2420578003,28946,28956,10
13.0710000992,80.241859436,28956,28966,10
13.0719099045,80.2414474487,28966,28976,10
13.0727500916,80.2409210205,28976,28986,10
13.0739002228,80.2406005859,28986,28997,11
13.0751199722,80.2405471802,28997,29007,10
13.0763101578,80.2405471802,29007,29017,10
13.0771102905,80.2405776978,29017,29027,10
13.0771503448,80.2402496338,29027,29037,10
13.0769796371,80.2395935059,29037,29047,10
13.0768203735,80.2389221191,29047,29057,10
13.0767002106,80.2385177612,29057,29067,10
13.0766601563,80.2383117676,29067,29077,10
13.0766000748,80.237991333,29077,29087,10
13.076499939,80.2376174927,29087,29103,16
13.0764904022,80.2375488281,29103,29116,13
13.0764904022,80.237449646,29116,29126,10
13.0764198303,80.2370681763,29126,29135,9
13.0762996674,80.2364196777,29135,29146,11
13.0761404037,80.2354125977,29146,29156,10
13.0759401321,80.2346115112,29156,29166,10
13.075799942,80.2342300415,29166,29176,10
13.0757799149,80.2340621948,29176,29186,10
13.0759000778,80.2338409424,29186,29196,10
13.0764598846,80.2337493896,29196,29205,9
13.0767402649,80.2337188721,29205,29217,12
13.0770998001,80.2336883545,29217,29227,10
13.0778398514,80.2335968018,29227,29237,10
13.0782203674,80.2335891724,29237,29247,10
13.0789699554,80.2335510254,29247,29257,10
13.0798301697,80.233543396,29257,29267,10
13.0802602768,80.233543396,29267,29277,10
13.0803403854,80.233543396,29277,29287,10
13.0807104111,80.2335510254,29287,29297,10
13.0814504623,80.233581543,29297,29307,10
13.0820102692,80.2334976196,29307,29317,10
13.0820999146,80.2328262329,29317,29328,11
13.0823802948,80.2319030762,29328,29338,10
13.0824804306,80.231552124,29338,29348,10
13.082690239,80.2311019897,29348,29358,10
13.0829896927,80.2306594849,29358,29368,10
13.0831604004,80.2311630249,29368,29378,10
13.0832004547,80.2320327759,29378,29388,10
13.0832996368,80.2326812744,29388,29398,10
13.0833797455,80.2330627441,29398,29408,10
13.0834798813,80.2335586548,29408,29418,10
13.0837001801,80.2338790894,29418,29429,11
13.0840501785,80.2339630127,29429,29439,10
13.0841302872,80.2340011597,29439,29449,10
13.084690094,80.2341384888,29449,29459,10
13.0853300095,80.2342681885,29459,29469,10
13.0860795975,80.2344589233,29469,29479,10
13.0866498947,80.2345733643,29479,29489,10
13.0873203278,80.23462677,29489,29499,10
13.08796978,80.2341995239,29499,29509,10
13.0880899429,80.2332763672,29509,29519,10
13.088350296,80.232131958,29519,29529,10
13.0885896683,80.2312774658,29529,29540,11
13.0889196396,80.2305374146,29540,29550,10
13.0889396667,80.2304916382,29550,29560,10
13.0889997482,80.2304000854,29560,29570,10
13.0892295837,80.2299194336,29570,29580,10
13.0896701813,80.2292404175,29580,29590,10
13.090379715,80.2284393311,29590,29600,10
13.0914497375,80.2273101807,29600,29620,20
13.0914497375,80.2273101807,29620,29630,10
13.0916500092,80.2270812988,29630,29641,11
13.0921897888,80.2265319824,29641,29651,10
13.0928697586,80.2258377075,29651,29661,10
13.0935897827,80.2250900269,29661,29671,10
13.0942602158,80.224281311,29671,29681,10
13.0949497223,80.2233123779,29681,29691,10
13.0953102112,80.2224197388,29691,29701,10
13.0953702927,80.2222671509,29701,29711,10
13.0955600739,80.2217407227,29711,29721,10
13.0958204269,80.2210617065,29721,29731,10
13.0962400436,80.2197875977,29731,29752,21
13.0962400436,80.2197875977,29752,29762,10
13.0963602066,80.2194137573,29762,29772,10
13.0964899063,80.2191009521,29772,29782,10
13.0966701508,80.2186126709,29782,29792,10
13.0969295502,80.2178268433,29792,29802,10
13.0972204208,80.2170715332,29802,29812,10
13.0975198746,80.2162322998,29812,29822,10
13.0979499817,80.2152481079,29822,29832,10
13.0984296799,80.2141418457,29832,29863,31
13.0984296799,80.2141418457,29863,29873,10
13.0985898972,80.2139816284,29873,29883,10
13.0990495682,80.2141723633,29883,29893,10
13.0996704102,80.2143478394,29893,29903,10
13.1002101898,80.2145080566,29903,29923,20
13.1002101898,80.2145080566,29923,29933,10
13.1005802155,80.2146835327,29933,29994,61
13.1005802155,80.2146835327,29994,30004,10
13.1005496979,80.2149963379,30004,30014,10
13.1002397537,80.2156677246,30014,30024,10
13.1000204086,80.2161026001,30024,30034,10
13.0999202728,80.2160720825,30034,30044,10
13.0999898911,80.2157287598,30044,30054,10
13.1003303528,80.2150268555,30054,30105,51
13.1003303528,80.2150268555,30105,30115,10
13.1003503799,80.21484375,30115,31438,1323
13.1003503799,80.21484375,31438,31448,10
13.1003599167,80.2147293091,31448,31458,10
13.1002998352,80.2145767212,31458,31469,11
13.1001701355,80.2144699097,31469,31479,10
13.0999803543,80.2144165039,31479,31489,10
13.0997400284,80.2143630981,31489,31499,10
13.0995597839,80.2143096924,31499,31509,10
13.0992603302,80.2142410278,31509,31519,10
13.0990200043,80.2141571045,31519,31529,10
13.09897995,80.2141494751,31529,31539,10
13.0988101959,80.2140884399,31539,31549,10
13.0985803604,80.214012146,31549,31559,10
13.098449707,80.2141418457,31559,31570,11
13.0982599258,80.2145462036,31570,31580,10
13.097990036,80.2151794434,31580,31590,10
13.0977296829,80.2158203125,31590,31600,10
13.0973796844,80.2166671753,31600,31620,20
13.0973796844,80.2166671753,31620,31630,10
13.0973300934,80.2167129517,31630,31640,10
13.0971899033,80.217086792,31640,31650,10
13.0969600677,80.2177200317,31650,31660,10
13.0967502594,80.2183532715,31660,31670,10
13.0965995789,80.2188873291,31670,31681,11
13.0965299606,80.2191009521,31681,31691,10
13.0964097977,80.2194290161,31691,31701,10
13.0962095261,80.2199707031,31701,31711,10
13.0959596634,80.2206573486,31711,31721,10
13.0957603455,80.2212219238,31721,31731,10
13.0955400467,80.2218780518,31731,31741,10
13.0953598022,80.2224121094,31741,31751,10
13.0953502655,80.2224502563,31751,31761,10
13.0951795578,80.2228469849,31761,31771,10
13.0948696136,80.2234573364,31771,31781,10
13.0943698883,80.2241592407,31781,31792,11
13.0937204361,80.2250213623,31792,31802,10
13.0930404663,80.2257385254,31802,31812,10
13.092590332,80.2261962891,31812,31828,16
13.0921001434,80.2266769409,31828,31840,12
13.0914402008,80.2273712158,31840,31850,10
13.0911998749,80.2276382446,31850,31890,40
13.0911998749,80.2276382446,31890,31901,11
13.0909404755,80.2278594971,31901,31911,10
13.0905704498,80.2282791138,31911,31920,9
13.0901098251,80.2287979126,31920,31930,10
13.089509964,80.2294998169,31930,31941,11
13.0891599655,80.230140686,31941,31951,10
13.0890398026,80.2304000854,31951,31961,10
13.0888004303,80.2309265137,31961,31991,30
13.0888004303,80.2309265137,31991,32002,11
13.088640213,80.2312774658,32002,32012,10
13.0884895325,80.2316513062,32012,32022,10
13.0882997513,80.2322769165,32022,32032,10
13.0881204605,80.2330322266,32032,32042,10
13.0880203247,80.2338790894,32042,32052,10
13.0877599716,80.2345428467,32052,32062,10
13.0872497559,80.2346191406,32062,32123,61
13.0872497559,80.2346191406,32123,32133,10
13.0871095657,80.2345504761,32133,32143,10
13.0869102478,80.2345199585,32143,32153,10
13.0862598419,80.2344436646,32153,32173,20
13.0862598419,80.2344436646,32173,32183,10
13.0859804153,80.2343902588,32183,32193,10
13.0855998993,80.2342987061,32193,32203,10
13.0851402283,80.2341995239,32203,32214,11
13.0845899582,80.2340087891,32214,32224,10
13.0839099884,80.2338867188,32224,32244,20
13.0839099884,80.2338867188,32244,32254,10
13.0836296082,80.2338409424,32254,32264,10
13.0832099915,80.2337799072,32264,32274,10
13.0824899673,80.2336273193,32274,32304,30
13.0824899673,80.2336273193,32304,32314,10
13.0823497772,80.233543396,32314,32325,11
13.0819702148,80.233543396,32325,32335,10
13.0813798904,80.2334899902,32335,32345,10
13.0807104111,80.2334823608,32345,32355,10
13.0801000595,80.2334976196,32355,32365,10
13.0796003342,80.2334823608,32365,32375,10
13.0795602798,80.2334823608,32375,32385,10
13.0794000626,80.2335128784,32385,32395,10
13.0790195465,80.2335205078,32395,32405,10
13.0784397125,80.2335586548,32405,32415,10
13.0777301788,80.2336425781,32415,32425,10
13.0769500732,80.2337112427,32425,32436,11
13.0761499405,80.23387146,32436,32446,10
13.0760803223,80.2338485718,32446,32456,10
13.075969696,80.2337722778,32456,32466,10
13.0758399963,80.2339706421,32466,32476,10
13.0759401321,80.2344512939,32476,32486,10
13.0760097504,80.234916687,32486,32496,10
13.0761404037,80.2356185913,32496,32506,10
13.0762701035,80.2363510132,32506,32516,10
13.0764598846,80.2372817993,32516,32547,31
13.0764598846,80.2372817993,32547,32557,10
13.0764904022,80.2374801636,32557,32567,10
13.07654953,80.237701416,32567,32577,10
13.0766401291,80.2380828857,32577,32587,10
13.0767803192,80.2387237549,32587,32597,10
13.0769500732,80.2394485474,32597,32607,10
13.0771303177,80.2402191162,32607,32617,10
13.0772895813,80.2408828735,32617,32627,10
13.0773696899,80.241317749,32627,32637,10
13.077460289,80.2417526245,32637,32648,11
13.0776395798,80.2425384521,32648,32658,10
13.0777597427,80.2433929443,32658,32668,10
13.0778398514,80.2438812256,32668,32718,50
13.0778398514,80.2438812256,32718,32728,10
13.0777797699,80.2444610596,32728,32860,132
13.0778398514,80.2448272705,32860,32971,111
13.0778903961,80.2452087402,32971,33001,30
13.0778903961,80.2452087402,33001,33011,10
13.0779800415,80.2454986572,33011,33021,10
13.0779600143,80.2457809448,33021,33071,50
13.0779600143,80.2457809448,33071,33082,11
13.0779495239,80.2461395264,33082,33092,10
13.0779600143,80.2462615967,33092,33102,10
13.0780000687,80.246383667,33102,33112,10
13.078040123,80.2465133667,33112,33122,10
13.0780897141,80.2467193604,33122,33142,20
13.0780897141,80.2467193604,33142,33152,10
13.0781202316,80.2469329834,33152,33162,10
13.0781497955,80.2470703125,33162,33172,10
13.0781698227,80.2470932007,33172,33193,21
13.0781698227,80.2470932007,33193,33203,10
13.0782299042,80.2473220825,33203,33213,10
13.0782203674,80.247467041,33213,33253,40
13.0782203674,80.247467041,33253,33263,10
13.078379631,80.247756958,33263,33384,121
13.0783996582,80.2481384277,33384,33415,31
13.0783996582,80.2481384277,33415,33425,10
13.0784597397,80.2483825684,33425,33445,20
13.0784597397,80.2483825684,33445,33455,10
13.0784502029,80.2485275269,33455,33465,10
13.0784902573,80.2487030029,33465,33485,20
13.0785703659,80.248878479,33485,33506,21
13.0786600113,80.249130249,33506,33546,40
13.0786600113,80.249130249,33546,33556,10
13.0786600113,80.2494506836,33556,33566,10
13.0787000656,80.2496566772,33566,33576,10
13.0787601471,80.2500915527,33576,33637,61
13.0787601471,80.2500915527,33637,33647,10
13.0785598755,80.2504501343,33647,33657,10
13.0785398483,80.2504806519,33657,33667,10
13.0785198212,80.2507781982,33667,33687,20
13.0785198212,80.2507781982,33687,33697,10
13.0785303116,80.2510910034,33697,33728,31
13.0785303116,80.2510910034,33728,33738,10
13.0785999298,80.2515792847,33738,33768,30
13.0785999298,80.2515792847,33768,33778,10
13.0783004761,80.2516708374,33778,33788,10
13.0779600143,80.2517166138,33788,33798,10
13.0772199631,80.2518463135,33798,33808,10
13.0762701035,80.2520294189,33808,33818,10
13.0753097534,80.2521362305,33818,33829,11
13.0746297836,80.2521820068,33829,33839,10
13.0740203857,80.2522506714,33839,33849,10
13.0737800598,80.2523880005,33849,33859,10
13.0733098984,80.2523574829,33859,33869,10
13.0729904175,80.2523574829,33869,33879,10
13.0726499557,80.2522964478,33879,33889,10
13.072259903,80.2519302368,33889,33899,10
13.0721302032,80.2512283325,33899,33909,10
13.0718898773,80.25050354,33909,33919,10
13.0716600418,80.249671936,33919,33929,10
13.0715198517,80.2489776611,33929,33940,11
13.0713300705,80.2481994629,33940,33950,10
13.0710697174,80.2474594116,33950,33960,10
13.0706501007,80.2465896606,33960,33970,10
13.0701904297,80.2455978394,33970,33980,10
13.0697603226,80.2445373535,33980,33990,10
13.0694103241,80.2435073853,33990,34020,30
13.0694103241,80.2435073853,34020,34030,10
13.0693397522,80.2433166504,34030,34040,10
13.0692501068,80.2428512573,34040,34051,11
13.0691404343,80.2425231934,34051,34061,10
13.068980217,80.2424621582,34061,34071,10
13.0687999725,80.24243927,34071,34081,10
13.0685195923,80.2425079346,34081,34091,10
13.067990303,80.2426834106,34091,34101,10
13.0673799515,80.2429199219,34101,34111,10
13.06690979,80.2431106567,34111,34121,10
13.0664796829,80.243270874,34121,34131,10
13.0661697388,80.2435302734,34131,34141,10
13.0661296844,80.2436904907,34141,34151,10
13.0661401749,80.2439117432,34151,34162,11
13.0661802292,80.2441635132,34162,34172,10
13.0662002563,80.2443771362,34172,34182,10
13.0662202835,80.2445373535,34182,34192,10
13.0662298203,80.244720459,34192,34202,10
13.0663003922,80.245010376,34202,34212,10
13.0663900375,80.2455062866,34212,34222,10
13.0667695999,80.2460174561,34222,34232,10
13.0677204132,80.2464828491,34232,34252,20
13.0677204132,80.2464828491,34252,34263,11
13.0678100586,80.2465362549,34263,34273,10
13.0678796768,80.2469787598,34273,34283,10
13.0678796768,80.2476196289,34283,34293,10
13.0675096512,80.2478637695,34293,34303,10
13.0668497086,80.2478408813,34303,34313,10
13.0660200119,80.2478103638,34313,34323,10
13.0648803711,80.2477035522,34323,34333,10
13.0637903214,80.2476425171,34333,34343,10
13.0627403259,80.2475967407,34343,34353,10
13.0619602203,80.2475280762,34353,34363,10
13.0615301132,80.247177124,34363,34374,11
13.0616998672,80.2466888428,34374,34384,10
13.0618896484,80.2461471558,34384,34394,10
13.0619697571,80.2455062866,34394,34404,10
13.0622596741,80.2450790405,34404,34414,10
13.0631198883,80.2443618774,34414,34434,20
13.0631198883,80.2443618774,34434,34444,10
13.0633001328,80.2441101074,34444,34454,10
13.0634698868,80.2436676025,34454,34464,10
13.0631904602,80.2434463501,34464,34474,10
13.0629501343,80.2433776855,34474,34485,11
13.0627403259,80.2433166504,34485,34495,10
13.0624198914,80.2432632446,34495,34505,10
13.0619401932,80.2431488037,34505,34515,10
13.0616397858,80.2431030273,34515,34525,10
13.0614299774,80.2430801392,34525,34535,10
13.0609102249,80.2429428101,34535,34545,10
13.0604200363,80.242767334,34545,34555,10
13.0598697662,80.2426071167,34555,34565,10
13.0593996048,80.242477417,34565,34575,10
13.0589799881,80.2425384521,34575,34586,11
13.0588502884,80.2425537109,34586,34596,10
13.0584497452,80.2426681519,34596,34606,10
13.0577602386,80.2427978516,34606,34616,10
13.0572595596,80.2428283691,34616,34656,40
13.0572595596,80.2428283691,34656,34666,10
13.057009697,80.2427597046,34666,34676,10
13.0567102432,80.2426681519,34676,34686,10
13.0562801361,80.2424926758,34686,34697,11
13.0561304092,80.2423782349,34697,34707,10
13.0557603836,80.2422790527,34707,34716,9
13.0551795959,80.2423019409,34716,34727,11
13.0543203354,80.2423400879,34727,34737,10
13.0537796021,80.2422180176,34737,34747,10
13.0537700653,80.2422103882,34747,34756,9
13.0536603928,80.2421417236,34756,34767,11
13.0532102585,80.2418823242,34767,34777,10
13.0527801514,80.2417678833,34777,34828,51
13.0527801514,80.2417678833,34828,34838,10
13.0525798798,80.2416610718,34838,34848,10
13.0522603989,80.2411880493,34848,34858,10
13.052069664,80.2408218384,34858,34868,10
13.0516796112,80.2406082153,34868,34878,10
13.051150322,80.2405014038,34878,34888,10
13.0509395599,80.2404708862,34888,34898,10
13.0508003235,80.2404403687,34898,34909,11
13.0502700806,80.2403411865,34909,34919,10
13.0496101379,80.2402114868,34919,34929,10
13.0488996506,80.2400283813,34929,34939,10
13.0481595993,80.2398910522,34939,34949,10
13.0474004745,80.2397384644,34949,34959,10
13.0466804504,80.2395782471,34959,34969,10
13.0462703705,80.2394790649,34969,34979,10
13.046330452,80.2391662598,34979,34989,10
13.0464601517,80.2385482788,34989,34999,10
13.0465898514,80.2378463745,34999,35016,17
13.0468196869,80.2367172241,35016,35028,12
13.0469999313,80.2361221313,35028,35038,10
13.04708004,80.2357406616,35038,35048,10
13.0470895767,80.235496521,35048,35058,10
13.0471401215,80.2350234985,35058,35068,10
13.0472002029,80.2342834473,35068,35077,9
13.0473003387,80.2334976196,35077,35088,11
13.0472898483,80.2329483032,35088,35098,10
13.0466804504,80.2328720093,35098,35108,10
13.0458602905,80.2327194214,35108,35118,10
13.045249939,80.2326126099,35118,35129,11
13.0452003479,80.2325973511,35129,35139,10
13.0451602936,80.2325820923,35139,35149,10
13.0447797775,80.2325134277,35149,35159,10
13.0440502167,80.2323684692,35159,35169,10
13.0433301926,80.2322769165,35169,35179,10
13.042599678,80.2322769165,35179,35189,10
13.04185009,80.232208252,35189,35199,10
13.0409898758,80.2320098877,35199,35209,10
13.0399703979,80.2316589355,35209,35218,9
13.0389404297,80.2313690186,35218,35229,11
13.0376901627,80.231010437,35229,35240,11
13.0368995667,80.2307815552,35240,35250,10
13.0365896225,80.230682373,35250,35260,10
13.0359201431,80.23046875,35260,35270,10
13.0352802277,80.2303009033,35270,35280,10
13.0345001221,80.2303466797,35280,35290,10
13.0335502625,80.23046875,35290,35320,30
13.0335502625,80.23046875,35320,35330,10
13.0332803726,80.2304992676,35330,35340,10
13.0327196121,80.2305221558,35340,35351,11
13.0319595337,80.2305908203,35351,35361,10
13.0311803818,80.2306594849,35361,35370,9
13.0308504105,80.2306900024,35370,35381,11
13.0308103561,80.2307128906,35381,35391,10
13.0304803848,80.23072052,35391,35401,10
13.0299301147,80.2307815552,35401,35411,10
13.0298595428,80.2307815552,35411,35421,10
13.029589653,80.2308425903,35421,35431,10
13.0291099548,80.2308578491,35431,35441,10
13.0284004211,80.2309265137,35441,35452,11
13.0277395248,80.2310180664,35452,35462,10
13.027680397,80.2314300537,35462,35472,10
13.0277004242,80.231918335,35472,35482,10
13.027759552,80.2321777344,35482,35492,10
13.0277996063,80.2323989868,35492,35502,10
13.0278396606,80.2326583862,35502,35512,10
13.0274896622,80.2328414917,35512,35643,131
13.0274896622,80.2328414917,35643,35653,10
13.0273303986,80.2329330444,35653,35663,10
13.0270595551,80.2329711914,35663,35674,11
13.026720047,80.2330093384,35674,35684,10
13.0264101028,80.2326583862,35684,35694,10
13.0262699127,80.2322006226,35694,35704,10
13.0261802673,80.2316970825,35704,35714,10
13.02602005,80.2311019897,35714,35724,10
13.0257396698,80.2303619385,35724,35734,10
13.0249795914,80.2293624878,35734,35754,20
13.0249795914,80.2293624878,35754,35764,10
13.0248603821,80.2292327881,35764,35774,10
13.0246400833,80.2289505005,35774,35785,11
13.0243797302,80.2286300659,35785,35795,10
13.0241098404,80.2283401489,35795,35811,16
13.0241003036,80.2283401489,35811,35823,12
13.024020195,80.2282028198,35823,35831,8
13.0238304138,80.227897644,35831,35843,12
13.0233898163,80.2274169922,35843,35853,10
13.0227804184,80.2268829346,35853,35863,10
13.0219202042,80.2261505127,35863,35873,10
13.0211000443,80.2255401611,35873,35884,11
13.0200796127,80.2248382568,35884,35894,10
13.0190095901,80.2244262695,35894,35903,9
13.0179796219,80.2247772217,35903,35914,11
13.0167999268,80.2252807617,35914,35924,10
13.0161104202,80.2255706787,35924,35934,10
13.0152397156,80.2258682251,35934,35944,10
13.0144395828,80.2262191772,35944,35964,20
13.0144395828,80.2262191772,35964,35974,10
13.014289856,80.2262268066,35974,35984,10
13.0137996674,80.2264175415,35984,35995,11
13.0130395889,80.2267303467,35995,36005,10
13.012169838,80.2270812988,36005,36015,10
13.0111398697,80.2274780273,36015,36025,10
13.0100898743,80.2279129028,36025,36035,10
13.0092096329,80.2283935547,36035,36045,10
13.0090303421,80.2291870117,36045,36061,16
13.0087404251,80.2308425903,36061,36073,12
13.0084896088,80.2321777344,36073,36083,10
13.0082902908,80.2334976196,36083,36104,21
13.0082902908,80.2334976196,36104,36114,10
13.0082702637,80.233581543,36114,36124,10
13.0081596375,80.2338867188,36124,36134,10
13.0080299377,80.2344589233,36134,36144,10
13.0078601837,80.2352981567,36144,36154,10
13.0076398849,80.2364120483,36154,36164,10
13.0073699951,80.2376174927,36164,36174,10
13.007229805,80.238571167,36174,36184,10
13.0070295334,80.2395477295,36184,36194,10
13.006939888,80.2400436401,36194,36204,10
13.0068397522,80.2406997681,36204,36225,21
13.0068397522,80.2406997681,36225,36235,10
13.0067396164,80.2410888672,36235,36245,10
13.0067195892,80.2417602539,36245,36255,10
13.0067100525,80.2426986694,36255,36265,10
13.0067100525,80.2434692383,36265,36275,10
13.0066699982,80.2440032959,36275,36285,10
13.0066204071,80.2442016602,36285,36295,10
13.0066299438,80.2446365356,36295,36305,10
13.0066604614,80.2452011108,36305,36326,21
13.0066604614,80.2452011108,36326,36336,10
13.006649971,80.2453765869,36336,36346,10
13.0066699982,80.2454833984,36346,36356,10
13.0066995621,80.2456970215,36356,36366,10
13.0067396164,80.2462768555,36366,36376,10
13.0067996979,80.2469329834,36376,36386,10
13.0067996979,80.2471389771,36386,36396,10
13.0067501068,80.2474822998,36396,36406,10
13.0067300797,80.2478713989,36406,36416,10
13.0067501068,80.2484817505,36416,36427,11
13.0068597794,80.249382019,36427,36437,10
13.0068597794,80.24949646,36437,36447,10
13.0068502426,80.2496185303,36447,36457,10
13.0068302155,80.2501373291,36457,36467,10
13.006819725,80.2507781982,36467,36477,10
13.0068302155,80.2509613037,36477,36487,10
13.006819725,80.251373291,36487,36497,10
13.0066900253,80.251953125,36497,36507,10
13.0066099167,80.2527770996,36507,36517,10
13.0065803528,80.2535018921,36517,36527,10
13.0066204071,80.2548675537,36527,36548,21
13.0066204071,80.2548675537,36548,36558,10
13.0065698624,80.2551193237,36558,36568,10
13.0065898895,80.2557525635,36568,36578,10
13.0065898895,80.2565765381,36578,36588,10
13.006649971,80.2571487427,36588,36608,20
13.006649971,80.2571487427,36608,36618,10
13.0066699982,80.2573165894,36618,36628,10
13.0063800812,80.2575378418,36628,36644,16
13.0051603317,80.257270813,36644,36657,13
13.0042695999,80.2570266724,36657,36667,10
13.0035495758,80.2568817139,36667,36675,8
13.0026397705,80.256729126,36675,36686,11
13.0014801025,80.2565536499,36686,36698,12
13.000579834,80.2564163208,36698,36708,10
13.0001602173,80.2563705444,36708,36716,8
13.000120163,80.256362915,36716,36728,12
12.9999103546,80.2563171387,36728,36738,10
12.9997301102,80.2562789917,36738,36748,10
12.9992799759,80.2561798096,36748,36759,11
12.9984903336,80.2560424805,36759,36769,10
12.9975404739,80.2559127808,36769,36799,30
12.9975404739,80.2559127808,36799,36809,10
12.9973402023,80.255897522,36809,36819,10
12.9969301224,80.2560806274,36819,36829,10
12.9968500137,80.2568130493,36829,36849,20
12.9968500137,80.2568130493,36849,36860,11
12.9968595505,80.2568817139,36860,36870,10
12.9968004227,80.257232666,36870,36880,10
12.9967298508,80.2578277588,36880,36890,10
12.9966497421,80.2585372925,36890,36900,10
12.9965696335,80.2592391968,36900,36910,10
12.9965200424,80.2598571777,36910,36920,10
12.996430397,80.2606506348,36920,36930,10
12.9963598251,80.2612609863,36930,36940,10
12.9963197708,80.2617492676,36940,36950,10
12.996219635,80.2622528076,36950,36971,21
12.996219635,80.2622528076,36971,36981,10
12.9961500168,80.2626266479,36981,36991,10
12.9961299896,80.2631607056,36991,37001,10
12.9960803986,80.2638778687,37001,37011,10
12.9959802628,80.2647171021,37011,37021,10
12.9959497452,80.2650985718,37021,37031,10
12.9959402084,80.2653427124,37031,37041,10
12.9958496094,80.2659912109,37041,37051,10
12.9957399368,80.2669067383,37051,37061,10
12.9961795807,80.2676620483,37061,37082,21
12.9961795807,80.2676620483,37082,37092,10
12.9962797165,80.2677001953,37092,37102,10
12.9967699051,80.2677307129,37102,37112,10
12.9975500107,80.2675476074,37112,37122,10
12.9985399246,80.2672805786,37122,37132,10
12.9995203018,80.266998291,37132,37142,10
13.0001296997,80.2666168213,37142,37158,16
13.0001602173,80.2665634155,37158,37170,12
13.0002202988,80.266456604,37170,37178,8
13.0002603531,80.2661209106,37178,37191,13
13.0003995895,80.2657623291,37191,37220,29
13.0003995895,80.2657623291,37220,37230,10
13.0003204346,80.2663192749,37230,37736,506
13.0003204346,80.2663192749,37736,37746,10
13.0002803802,80.2664871216,37746,37756,10
13.000169754,80.2667617798,37756,37766,10
12.9996995926,80.2669219971,37766,37776,10
12.99903965,80.2671127319,37776,37786,10
12.9983701706,80.2673187256,37786,37796,10
12.9981002808,80.2673797607,37796,37806,10
12.9975004196,80.267578125,37806,37816,10
12.9966096878,80.2677230835,37816,37826,10
12.9958200455,80.2676620483,37826,37837,11
12.9957103729,80.2673187256,37837,37857,20
12.9957103729,80.2673187256,37857,37867,10
12.9957199097,80.2671966553,37867,37877,10
12.9957799911,80.2666702271,37877,37887,10
12.995880127,80.2658309937,37887,37897,10
12.9959802628,80.2648620605,37897,37907,10
12.9960803986,80.2640991211,37907,37917,10
12.9961795807,80.2631912231,37917,37927,10
12.996219635,80.2626037598,37927,37937,10
12.996219635,80.2625579834,37937,37948,11
12.9962596893,80.2622375488,37948,37958,10
12.9963102341,80.2619934082,37958,37968,10
12.9963903427,80.2614593506,37968,37978,10
12.9964599609,80.2606811523,37978,37988,10
12.996509552,80.2601776123,37988,37998,10
12.9965295792,80.2599868774,37998,38008,10
12.9965696335,80.2596206665,38008,38018,10
12.9965896606,80.2594223022,38018,38028,10
12.9966201782,80.2593231201,38028,38038,10
12.9966697693,80.2587814331,38038,38048,10
12.9967403412,80.2580566406,38048,38059,11
12.9968395233,80.2570571899,38059,38069,10
12.9968595505,80.2568511963,38069,38079,10
12.996919632,80.2561798096,38079,38119,40
12.996919632,80.2561798096,38119,38129,10
12.9969997406,80.2559280396,38129,38139,10
12.9973802567,80.2558517456,38139,38149,10
12.9980802536,80.2559127808,38149,38166,17
12.9988498688,80.2560119629,38166,38178,12
12.9988603592,80.2560195923,38178,38188,10
12.9990596771,80.2560501099,38188,38197,9
12.9996204376,80.2561721802,38197,38207,10
13.0004501343,80.2563476563,38207,38218,11
13.0010595322,80.2564697266,38218,38269,51
13.0010595322,80.2564697266,38269,38278,9
13.0011196136,80.2565612793,38278,38289,11
13.0016899109,80.2566375732,38289,38299,10
13.0024404526,80.256729126,38299,38309,10
13.0031795502,80.2568511963,38309,38319,10
13.0040502548,80.2570037842,38319,38329,10
13.0049800873,80.2572021484,38329,38339,10
13.0058202744,80.2573318481,38339,38349,10
13.006310463,80.2574234009,38349,38359,10
13.0065402985,80.2571029663,38359,38369,10
13.0065202713,80.2563095093,38369,38380,11
13.0065402985,80.2551574707,38380,38390,10
13.0065402985,80.2542190552,38390,38400,10
13.006529808,80.2531585693,38400,38420,20
13.006529808,80.2531585693,38420,38430,10
13.006529808,80.2527618408,38430,38440,10
13.0065803528,80.2520980835,38440,38450,10
13.0067796707,80.251159668,38450,38460,10
13.0067901611,80.2500686646,38460,38470,10
13.0067396164,80.2491531372,38470,38531,61
13.0067396164,80.2491531372,38531,38541,10
13.0067396164,80.2487182617,38541,38551,10
13.0067100525,80.2483901978,38551,38561,10
13.0066900253,80.2481231689,38561,38571,10
13.0066699982,80.2477722168,38571,38581,10
13.006649971,80.2465133667,38581,38602,21
13.006649971,80.2465133667,38602,38612,10
13.0066604614,80.246307373,38612,38622,10
13.0066604614,80.2456588745,38622,38632,10
13.006649971,80.2447433472,38632,38642,10
13.0066604614,80.2437133789,38642,38652,10
13.0066099167,80.2428283691,38652,38662,10
13.0065698624,80.2419967651,38662,38672,10
13.0065603256,80.2417831421,38672,38682,10
13.0065803528,80.2415084839,38682,38692,10
13.0066003799,80.2414016724,38692,38703,11
13.0066404343,80.2410430908,38703,38713,10
13.0067100525,80.2406082153,38713,38733,20
13.0067100525,80.2406082153,38733,38743,10
13.0067901611,80.2402801514,38743,38753,10
13.0069198608,80.2396697998,38753,38763,10
13.0070800781,80.2387924194,38763,38773,10
13.0072202682,80.2380905151,38773,38783,10
13.0074300766,80.2370605469,38783,38803,20
13.0074300766,80.2370605469,38803,38814,11
13.0074300766,80.2368927002,38814,38824,10
13.0074996948,80.2366027832,38824,38834,10
13.0076799393,80.236000061,38834,38844,10
13.0078296661,80.2352371216,38844,38854,10
13.0078802109,80.2350463867,38854,38864,10
13.0079603195,80.2346191406,38864,38874,10
13.008099556,80.2338409424,38874,38884,10
13.0082998276,80.2328033447,38884,38894,10
13.0085201263,80.2316436768,38894,38904,10
13.0087404251,80.2304382324,38904,38914,10
13.0089902878,80.2292175293,38914,38925,11
13.0093097687,80.2279129028,38925,38933,8
13.0096998215,80.2270278931,38933,38944,11
13.0102596283,80.2258377075,38944,38955,11
13.0107002258,80.2250213623,38955,38965,10
13.010840416,80.2247314453,38965,38975,10
13.0111198425,80.2241210938,38975,38985,10
13.0115499496,80.2231216431,38985,38995,10
13.0119695663,80.2220306396,38995,39005,10
13.0123195648,80.2215499878,39005,39015,10
13.0124502182,80.2216567993,39015,39026,11
13.0128297806,80.2221984863,39026,39036,10
13.0133800507,80.2228164673,39036,39046,10
13.013879776,80.2233810425,39046,39056,10
13.0141296387,80.2236022949,39056,39066,10
13.0145797729,80.2240524292,39066,39076,10
13.0151395798,80.2246398926,39076,39086,10
13.0154800415,80.2249679565,39086,39106,20
13.0154800415,80.2249679565,39106,39116,10
13.0157604218,80.2252426147,39116,39126,10
13.0160303116,80.2253417969,39126,39137,11
13.0165300369,80.2253112793,39137,39147,10
13.0172796249,80.2250366211,39147,39157,10
13.0180196762,80.2247619629,39157,39167,10
13.0189304352,80.2244186401,39167,39177,10
13.0197095871,80.2245330811,39177,39187,10
13.0205497742,80.2251205444,39187,39197,10
13.021030426,80.225479126,39197,39207,10
13.021490097,80.2258834839,39207,39217,10
13.0219802856,80.2261886597,39217,39238,21
13.0219802856,80.2261886597,39238,39248,10
13.02202034,80.2262573242,39248,39258,10
13.0224399567,80.2266464233,39258,39268,10
13.0230302811,80.2271881104,39268,39278,10
13.0237598419,80.2278671265,39278,39288,10
13.0242300034,80.2283325195,39288,39298,10
13.024310112,80.2284088135,39298,39307,9
13.0243997574,80.228553772,39307,39317,10
13.0246400833,80.2289123535,39317,39328,11
13.0249700546,80.2293930054,39328,39338,10
13.0253896713,80.2299118042,39338,39349,11
13.025560379,80.2300872803,39349,39358,9
13.0256700516,80.2302627563,39358,39369,11
13.0258398056,80.2306213379,39369,39449,80
13.0258398056,80.2306213379,39449,39460,11
13.0258903503,80.2309494019,39460,39470,10
13.0259599686,80.231262207,39470,39480,10
13.0263595581,80.2313079834,39480,39490,10
13.0271501541,80.2311325073,39490,39500,10
13.0285797119,80.2308807373,39500,39520,20
13.0285797119,80.2308807373,39520,39530,10
13.0290298462,80.2308502197,39530,39540,10
13.0294904709,80.2308120728,39540,39550,10
13.0298900604,80.2307891846,39550,39560,10
13.0303096771,80.2307510376,39560,39571,11
13.0307502747,80.2307128906,39571,39581,10
13.0314598083,80.2306594849,39581,39591,10
13.0324201584,80.2305908203,39591,39601,10
13.0333795547,80.2305221558,39601,39611,10
13.0339803696,80.23046875,39611,39621,10
13.0342998505,80.2304382324,39621,39661,40
13.0342998505,80.2304382324,39661,39672,11
13.0344200134,80.2304534912,39672,39682,10
13.0348396301,80.2303619385,39682,39692,10
13.0349502563,80.2306137085,39692,39702,10
13.0349502563,80.230682373,39702,39712,10
13.0348796844,80.2311401367,39712,39722,10
13.0347700119,80.2318878174,39722,39732,10
13.0346698761,80.2327728271,39732,39742,10
13.034620285,80.2330780029,39742,39752,10
13.0345697403,80.2333602905,39752,39762,10
13.0345096588,80.2339019775,39762,39772,10
13.0344200134,80.234703064,39772,39783,11
13.0342798233,80.2357177734,39783,39793,10
13.0341796875,80.2366790771,39793,39803,10
13.0341396332,80.2369384766,39803,39813,10
13.0341701508,80.2371673584,39813,39823,10
13.0343599319,80.237487793,39823,39833,10
13.0346298218,80.2380523682,39833,39843,10
13.0348796844,80.2384033203,39843,39853,10
13.0349798203,80.2385406494,39853,39863,10
13.0349798203,80.2385635376,39863,39873,10
13.0352296829,80.2389373779,39873,39883,10
13.0356502533,80.2393569946,39883,39894,11
13.0364398956,80.2394332886,39894,39904,10
13.0373401642,80.2395401001,39904,39914,10
13.0378599167,80.2396087646,39914,39924,10
13.0386800766,80.2397079468,39924,39934,10
13.0395402908,80.2398223877,39934,39944,10
13.0401201248,80.2398986816,39944,39954,10
13.0403795242,80.2399673462,39954,39963,9
13.0404396057,80.2400283813,39963,39974,11
13.0404195786,80.2404327393,39974,39984,10
13.0409698486,80.2405776978,39984,39994,10
13.0410995483,80.2406005859,39994,40005,11
13.0411901474,80.2406082153,40005,40015,10
13.0417098999,80.2406616211,40015,40025,10
13.0425395966,80.2407608032,40025,40035,10
13.0434703827,80.2408905029,40035,40045,10
13.0440797806,80.2409362793,40045,40055,10
13.0442199707,80.2408599854,40055,40065,10
13.0445995331,80.2405395508,40065,40075,10
13.045129776,80.240196228,40075,40085,10
13.0455598831,80.239906311,40085,40095,10
13.0461397171,80.2395706177,40095,40106,11
13.04666996,80.2396774292,40106,40116,10
13.0471200943,80.2397537231,40116,40126,10
13.047750473,80.2398834229,40126,40136,10
13.0484895706,80.240020752,40136,40146,10
13.0492601395,80.2401580811,40146,40156,10
13.0495300293,80.2402420044,40156,40166,10
13.049779892,80.2402801514,40166,40176,10
13.0501298904,80.2403488159,40176,40186,10
13.0508899689,80.2405014038,40186,40196,10
13.0512104034,80.2405700684,40196,40206,10
13.0514497757,80.2406082153,40206,40217,11
13.0521802902,80.2407684326,40217,40227,10
13.0525197983,80.2411499023,40227,40243,16
13.0525903702,80.2414779663,40243,40255,12
13.0532798767,80.2419433594,40255,40264,9
13.0540399551,80.2422409058,40264,40275,11
13.0541496277,80.2422637939,40275,40285,10
13.0542602539,80.2422790527,40285,40295,10
13.0549001694,80.2423095703,40295,40305,10
13.0558004379,80.2422714233,40305,40315,10
13.0567798615,80.2425537109,40315,40336,21
13.0567798615,80.2425537109,40336,40346,10
13.0569400787,80.2426605225,40346,40356,10
13.0574598312,80.2428131104,40356,40366,10
13.0577201843,80.2427902222,40366,40376,10
13.0581302643,80.2427062988,40376,40386,10
13.0588903427,80.2425765991,40386,40396,10
13.059419632,80.242477417,40396,40406,10
13.0600700378,80.2426986694,40406,40416,10
13.0606403351,80.2428970337,40416,40426,10
13.0609397888,80.2429962158,40426,40437,11
13.06153965,80.2431411743,40437,40457,20
13.06153965,80.2431411743,40457,40467,10
13.0619297028,80.2432403564,40467,40477,10
13.0623102188,80.2433013916,40477,40487,10
13.0625400543,80.2433395386,40487,40497,10
13.0629501343,80.2434082031,40497,40513,16
13.0638999939,80.2434997559,40513,40525,12
13.0648202896,80.243522644,40525,40534,9
13.065580368,80.243522644,40534,40585,51
13.065580368,80.243522644,40585,40596,11
13.0656700134,80.2436294556,40596,40606,10
13.0657501221,80.2436218262,40606,40616,10
13.0661697388,80.2434921265,40616,40626,10
13.0665903091,80.243309021,40626,40636,10
13.0672101974,80.2430419922,40636,40647,11
13.0680599213,80.242729187,40647,40657,10
13.0686101913,80.2425613403,40657,40667,10
13.0692396164,80.2423019409,40667,40677,10
13.069609642,80.2421722412,40677,40687,10
13.0698204041,80.2421188354,40687,40697,10
13.070019722,80.2420730591,40697,40707,10
13.0706701279,80.2419204712,40707,40717,10
13.0715103149,80.2416000366,40717,40727,10
13.0722198486,80.2412109375,40727,40737,10
13.0728397369,80.2408599854,40737,40747,10
13.0734500885,80.2406921387,40747,40758,11
13.0742702484,80.240562439,40758,40768,10
13.0752000809,80.2405319214,40768,40778,10
13.0760097504,80.2405166626,40778,40788,10
13.0767097473,80.2405776978,40788,40798,10
13.0771303177,80.2404785156,40798,40808,10
13.0770998001,80.2401275635,40808,40818,10
13.0770397186,80.2399368286,40818,40828,10
13.07695961,80.2395706177,40828,40838,10
13.076789856,80.2388916016,40838,40848,10
13.0766096115,80.2381668091,40848,40858,10
13.0764904022,80.2376785278,40858,40869,11
13.0763902664,80.2373199463,40869,40879,10
13.0763702393,80.2370834351,40879,40889,10
13.0762701035,80.2364273071,40889,40899,10
13.0761404037,80.2356491089,40899,40909,10
13.0759897232,80.2350387573,40909,40919,10
13.0758895874,80.2346191406,40919,40929,10
13.0758399963,80.2339172363,40929,40939,10
13.0763597488,80.2337722778,40939,40949,10
13.0766897202,80.2337417603,40949,40959,10
13.0768604279,80.2337112427,40959,40970,11
13.077580452,80.2335891724,40970,40980,10
13.0783004761,80.2335586548,40980,40990,10
13.0788602829,80.2335128784,40990,41000,10
13.07929039,80.2335128784,41000,41010,10
13.0797796249,80.2334899902,41010,41020,10
13.0802097321,80.2334899902,41020,41030,10
13.0806503296,80.2334976196,41030,41040,10
13.0810003281,80.2334899902,41040,41050,10
13.0816297531,80.2334823608,41050,41060,10
13.0819597244,80.2333297729,41060,41070,10
13.0820703506,80.2326965332,41070,41081,11
13.0823802948,80.2317428589,41081,41091,10
13.0825796127,80.2312393188,41091,41101,10
13.0827598572,80.2309036255,41101,41111,10
13.0830898285,80.2306976318,41111,41121,10
13.0831604004,80.2313232422,41121,41131,10
13.0832004547,80.2322463989,41131,41141,10
13.0833597183,80.2329864502,41141,41151,10
13.0834798813,80.2335586548,41151,41161,10
13.0839996338,80.2339172363,41161,41181,20
13.0839996338,80.2339172363,41181,41192,11
13.0843801498,80.2339782715,41192,41202,10
13.0847597122,80.2340621948,41202,41212,10
13.0851602554,80.2341308594,41212,41222,10
13.085940361,80.2343597412,41222,41232,10
13.0866203308,80.2345199585,41232,41242,10
13.0874204636,80.2345809937,41242,41252,10
13.0879898071,80.2340087891,41252,41262,10
13.0881500244,80.2328872681,41262,41272,10
13.0884399414,80.2317123413,41272,41282,10
13.0887298584,80.2309570313,41282,41293,11
13.0889196396,80.2305221558,41293,41303,10
13.0890703201,80.2302322388,41303,41313,10
13.0894403458,80.2295532227,41313,41323,10
13.0901203156,80.2287368774,41323,41333,10
13.0909204483,80.2278671265,41333,41343,10
13.0915203094,80.2272033691,41343,41353,10
13.0921096802,80.2266082764,41353,41363,10
13.0929098129,80.2257919312,41363,41374,11
13.0934495926,80.2251968384,41374,41386,12
13.0938196182,80.224822998,41386,41396,10
13.0943603516,80.2241592407,41396,41407,11
13.0949602127,80.2232666016,41407,41415,8
13.095290184,80.2225189209,41415,41427,12
13.095749855,80.2212219238,41427,41436,9
13.0960903168,80.2202529907,41436,41447,11
13.0964298248,80.2192993164,41447,41457,10
13.0966501236,80.2186279297,41457,41467,10
13.0968599319,80.2180023193,41467,41477,10
13.0970802307,80.217338562,41477,41487,10
13.0972204208,80.2169570923,41487,41497,10
13.0972995758,80.2167816162,41497,41508,11
13.0975799561,80.2161026001,41508,41518,10
13.0979099274,80.2153320313,41518,41528,10
13.0980997086,80.2148666382,41528,41538,10
13.0983104706,80.2143783569,41538,41619,81
13.0983104706,80.2143783569,41619,41629,10
13.0984401703,80.2140731812,41629,41639,10
13.0987997055,80.214050293,41639,41649,10
13.0992803574,80.2142486572,41649,41659,10
13.099650383,80.2143478394,41659,41669,10
13.1000299454,80.2144622803,41669,41679,10
13.1002902985,80.2145233154,41679,41689,10
13.1004695892,80.2146072388,41689,41709,20
13.1004695892,80.2146072388,41709,41719,10
13.1005496979,80.2146530151,41719,41730,11
13.1004800797,80.2150192261,41730,41740,10
13.1001796722,80.2157211304,41740,41750,10
13.1000003815,80.2160491943,41750,41760,10
13.0998497009,80.2159881592,41760,41770,10
13.0999803543,80.2156600952,41770,41780,10
13.1001701355,80.2152633667,41780,41790,10
13.1002397537,80.2148284912,41790,43213,1423
13.1002397537,80.2148284912,43213,43223,10
13.1002702713,80.2146987915,43223,43234,11
13.1000795364,80.2144622803,43234,43244,10
13.0997400284,80.2143707275,43244,43254,10
13.0992002487,80.2142333984,43254,43264,10
13.0987300873,80.2140731812,43264,43274,10
13.0984697342,80.2141189575,43274,43284,10
13.0982198715,80.2146606445,43284,43294,10
13.097869873,80.2154388428,43294,43304,10
13.097530365,80.2162399292,43304,43314,10
13.0973300934,80.2167434692,43314,43324,10
13.0972604752,80.2169113159,43324,43334,10
13.0970401764,80.2174606323,43334,43345,11
13.0966997147,80.218460083,43345,43355,10
13.0964002609,80.2192611694,43355,43365,10
13.0961399078,80.2200164795,43365,43375,10
13.0958204269,80.2209320068,43375,43391,16
13.0953903198,80.2222518921,43391,43403,12
13.0953397751,80.2223968506,43403,43411,8
13.0952396393,80.2226409912,43411,43423,12
13.095000267,80.2231826782,43423,43433,10
13.0944795609,80.2239837646,43433,43443,10
13.0938100815,80.2248306274,43443,43452,9
13.0933198929,80.225402832,43452,43464,12
13.0925397873,80.2261886597,43464,43474,10
13.0918397903,80.2269134521,43474,43483,9
13.0911903381,80.2276077271,43483,43504,21
13.0911903381,80.2276077271,43504,43514,10
13.0909700394,80.2278213501,43514,43524,10
13.0905399323,80.2282791138,43524,43534,10
13.0899200439,80.2289428711,43534,43544,10
13.0893096924,80.2297821045,43544,43554,10
13.089099884,80.23021698,43554,43565,11
13.0888500214,80.2307434082,43565,43575,10
13.0888004303,80.2308578491,43575,43585,10
13.0887098312,80.2310333252,43585,43595,10
13.0885000229,80.231552124,43595,43605,10
13.088259697,80.2323913574,43605,43615,10
13.0880298615,80.2334671021,43615,43625,10
13.0878095627,80.2344818115,43625,43635,10
13.0868701935,80.2345428467,43635,43645,10
13.0861301422,80.2344512939,43645,43655,10
13.0860395432,80.2344284058,43655,43666,11
13.0858402252,80.2343826294,43666,43676,10
13.0854501724,80.2342605591,43676,43686,10
13.0847997665,80.2341003418,43686,43696,10
13.084230423,80.2339706421,43696,43706,10
13.0837402344,80.2338790894,43706,43716,10
13.0836896896,80.23387146,43716,43726,10
13.0834798813,80.2338180542,43726,43736,10
13.0829801559,80.2337722778,43736,43746,10
13.0824604034,80.2336578369,43746,43756,10
13.0824203491,80.2336502075,43756,43766,10
13.082159996,80.2335968018,43766,43777,11
13.0815095901,80.233543396,43777,43787,10
13.0805997849,80.2335128784,43787,43797,10
13.080039978,80.233543396,43797,43807,10
13.0796098709,80.2335205078,43807,43817,10
13.0795898438,80.2335205078,43817,43826,9
13.0791501999,80.2335205078,43826,43837,11
13.0784101486,80.2335510254,43837,43847,10
13.0775203705,80.2336120605,43847,43857,10
13.0764799118,80.2337875366,43857,43867,10
13.0759801865,80.2338867188,43867,43877,10
13.0758304596,80.2340621948,43877,43888,11
13.0759801865,80.2346572876,43888,43898,10
13.0761003494,80.2354278564,43898,43908,10
13.0762395859,80.2362823486,43908,43918,10
13.0763196945,80.236831665,43918,43928,10
13.0763196945,80.2368621826,43928,43938,10
13.0763998032,80.2372589111,43938,43958,20
13.0763998032,80.2372589111,43958,43968,10
13.0764799118,80.2375793457,43968,44029,61
13.0764799118,80.2375793457,44029,44039,10
13.0764703751,80.2376403809,44039,44049,10
13.07654953,80.2380371094,44049,44059,10
13.0767002106,80.2386779785,44059,44069,10
13.0768699646,80.2393569946,44069,44079,10
13.0770597458,80.2401275635,44079,44089,10
13.0772199631,80.240562439,44089,44100,11
13.0772600174,80.2407073975,44100,44110,10
13.0773496628,80.2411575317,44110,44120,10
13.0774297714,80.2417984009,44120,44130,10
13.0776100159,80.2426605225,44130,44140,10
13.0777597427,80.2436981201,44140,44150,10
13.0777397156,80.244430542,44150,44160,10
13.0778303146,80.2451782227,44160,44170,10
13.0778999329,80.2460708618,44170,44180,10
13.0780801773,80.2470779419,44180,44190,10
13.0782899857,80.2482070923,44190,44200,10
13.0785799026,80.2492980957,44200,44211,11
13.0785598755,80.2504119873,44211,44221,10
13.078499794,80.2512207031,44221,44231,10
13.0783901215,80.251663208,44231,44241,10
13.0780096054,80.251739502,44241,44251,10
13.0772600174,80.2518920898,44251,44261,10
13.0765800476,80.251991272,44261,44271,10
13.0756101608,80.2521286011,44271,44281,10
13.0749797821,80.2521820068,44281,44291,10
13.0744400024,80.2521972656,44291,44301,10
13.0740299225,80.2522735596,44301,44311,10
13.0736398697,80.2524185181,44311,44322,11
13.0730800629,80.2523574829,44322,44332,10
13.0725803375,80.2522735596,44332,44342,10
13.0721998215,80.2516708374,44342,44352,10
13.0721197128,80.2510986328,44352,44362,10
13.0719003677,80.2504577637,44362,44372,10
13.0716695786,80.2497177124,44372,44382,10
13.0714797974,80.2488632202,44382,44392,10
13.0712203979,80.2479095459,44392,44402,10
13.0708303452,80.2469787598,44402,44412,10
13.0703496933,80.2459869385,44412,44422,10
13.0698900223,80.2449569702,44422,44433,11
13.0695199966,80.2439422607,44433,44443,10
13.0693397522,80.2433776855,44443,44453,10
13.0693302155,80.243347168,44453,44463,10
13.0693302155,80.2432632446,44463,44473,10
13.0692396164,80.2427825928,44473,44483,10
13.068810463,80.2424926758,44483,44493,10
13.0680799484,80.2426681519,44493,44503,10
13.0673398972,80.2429580688,44503,44513,10
13.0669698715,80.2431793213,44513,44523,10
13.0663900375,80.2434234619,44523,44534,11
13.0661697388,80.2441177368,44534,44544,10
13.0662202835,80.2446975708,44544,44554,10
13.0662603378,80.2451019287,44554,44564,10
13.0663204193,80.2454910278,44564,44574,10
13.0664796829,80.245880127,44574,44584,10
13.0672101974,80.2462463379,44584,44594,10
13.0677404404,80.2465209961,44594,44604,10
13.0677404404,80.2465286255,44604,44614,10
13.0678501129,80.2466812134,44614,44624,10
13.0678796768,80.2472000122,44624,44634,10
13.067700386,80.2478866577,44634,44645,11
13.067029953,80.2478637695,44645,44655,10
13.0664796829,80.2478485107,44655,44665,10
13.0656995773,80.2477874756,44665,44681,16
13.0643196106,80.2476806641,44681,44693,12
13.0634899139,80.2476119995,44693,44703,10
13.0632200241,80.2476119995,44703,44713,10
13.0629396439,80.2476196289,44713,44723,10
13.0624904633,80.2476119995,44723,44733,10
13.061750412,80.2473983765,44733,44744,11
13.0615501404,80.2468185425,44744,44754,10
13.0617704391,80.24659729,44754,44764,10
13.0619001389,80.2463302612,44764,44774,10
13.061920166,80.2457809448,44774,44784,10
13.062210083,80.2452011108,44784,44794,10
13.0627202988,80.2448272705,44794,44804,10
13.0631999969,80.2443008423,44804,44814,10
13.0632801056,80.2442016602,44814,44824,10
13.06346035,80.2437896729,44824,44834,10
13.0631799698,80.2434921265,44834,44844,10
13.0625095367,80.2433624268,44844,44854,10
13.0621204376,80.2432785034,44854,44865,11
13.0621004105,80.2432785034,44865,44875,10
13.0615797043,80.2431869507,44875,44885,10
13.0612697601,80.2431335449,44885,44895,10
13.0607204437,80.2429275513,44895,44905,10
13.0600795746,80.2426986694,44905,44915,10
13.0595703125,80.2425613403,44915,44925,10
13.0591001511,80.2425613403,44925,44935,10
13.0587701797,80.2425765991,44935,44945,10
13.058259964,80.2426834106,44945,44955,10
13.0578298569,80.2427368164,44955,44965,10
13.0570802689,80.2427825928,44965,45006,41
13.0570802689,80.2427825928,45006,45016,10
13.0566902161,80.2426605225,45016,45026,10
13.0561599731,80.2424621582,45026,45036,10
13.0556297302,80.2422790527,45036,45046,10
13.0550603867,80.2423400879,45046,45056,10
13.0544099808,80.2423477173,45056,45066,10
13.053730011,80.2422027588,45066,45087,21
13.053730011,80.2422027588,45087,45097,10
13.0534000397,80.2420196533,45097,45117,20
13.0534000397,80.2420196533,45117,45127,10
13.05327034,80.2419509888,45127,45137,10
13.0528097153,80.2418212891,45137,45147,10
13.0523004532,80.2412872314,45147,45157,10
13.0520601273,80.2408676147,45157,45167,10
13.0517597198,80.2407073975,45167,45177,10
13.0514202118,80.2406311035,45177,45188,11
13.0509996414,80.2405471802,45188,45198,10
13.0508804321,80.2405319214,45198,45208,10
13.050359726,80.2404327393,45208,45218,10
13.0495796204,80.2402420044,45218,45228,10
13.0489301682,80.2401123047,45228,45238,10
13.0481595993,80.2399520874,45238,45248,10
13.0474996567,80.2398300171,45248,45258,10
13.046959877,80.2397003174,45258,45268,10
13.0464096069,80.2395935059,45268,45278,10
13.0462903976,80.2393569946,45278,45288,10
13.0463495255,80.2388763428,45288,45299,11
13.0464897156,80.2383575439,45299,45309,10
13.0464801788,80.238067627,45309,45319,10
13.0465698242,80.2374572754,45319,45329,10
13.046790123,80.2365875244,45329,45339,10
13.0469503403,80.236076355,45339,45349,10
13.0470199585,80.2356796265,45349,45359,10
13.0470600128,80.2353210449,45359,45369,10
13.047129631,80.2346496582,45369,45379,10
13.0471897125,80.2338027954,45379,45389,10
13.0472698212,80.2330780029,45389,45399,10
13.046790123,80.2329788208,45399,45410,11
13.0458803177,80.2328262329,45410,45420,10
13.045129776,80.2325973511,45420,45430,10
13.0451097488,80.2325973511,45430,45440,10
13.0447797775,80.2325286865,45440,45450,10
13.0441598892,80.232421875,45450,45460,10
13.0433797836,80.2322998047,45460,45470,10
13.0427598953,80.2322921753,45470,45480,10
13.0420703888,80.2322769165,45480,45490,10
13.041270256,80.2321166992,45490,45500,10
13.0404100418,80.2317886353,45500,45511,11
13.039059639,80.2314376831,45511,45520,9
13.0380001068,80.2311630249,45520,45531,11
13.0370101929,80.2308425903,45531,45541,10
13.0368499756,80.2307891846,45541,45551,10
13.0362901688,80.2306365967,45551,45561,10
13.03565979,80.2304000854,45561,45632,71
13.03565979,80.2304000854,45632,45642,10
13.0353803635,80.2303619385,45642,45652,10
13.034910202,80.2303314209,45652,45662,10
13.0344800949,80.2304000854,45662,45672,10
13.0341701508,80.2304229736,45672,45682,10
13.0339698792,80.2304077148,45682,45692,10
13.033539772,80.2304077148,45692,45702,10
13.0334997177,80.2304077148,45702,45712,10
13.0333995819,80.230430603,45712,45722,10
13.0328502655,80.23046875,45722,45733,11
13.0320596695,80.2305679321,45733,45743,10
13.0314598083,80.2305984497,45743,45753,10
13.0307703018,80.230682373,45753,45763,10
13.0302095413,80.2307434082,45763,45773,10
13.0296802521,80.2308273315,45773,45783,10
13.0291795731,80.2308425903,45783,45793,10
13.0284204483,80.2308883667,45793,45803,10
13.0277004242,80.2309799194,45803,45819,16
13.0276098251,80.2316665649,45819,45831,12
13.0277500153,80.2325668335,45831,45841,10
13.027469635,80.2327804565,45841,45851,10
13.0269603729,80.2329330444,45851,45863,12
13.0265703201,80.232963562,45863,45871,8
13.0263795853,80.2325973511,45871,45883,12
13.0261497498,80.2317581177,45883,45892,9
13.0258598328,80.2307281494,45892,45903,11
13.0255002975,80.2300567627,45903,45913,10
13.0252799988,80.2297668457,45913,45923,10
13.0252199173,80.2297134399,45923,45932,9
13.0251197815,80.2295837402,45932,45942,10
13.0249795914,80.2294006348,45942,45954,12
13.0249204636,80.2293167114,45954,45964,10
13.0248203278,80.2291870117,45964,45974,10
13.024600029,80.2289505005,45974,45984,10
13.0244197845,80.228729248,45984,45994,10
13.0239801407,80.2282791138,45994,46014,20
13.0239801407,80.2282791138,46014,46024,10
13.0237703323,80.2279586792,46024,46034,10
13.0232801437,80.2274932861,46034,46044,10
13.0227804184,80.2269973755,46044,46055,11
13.0220804214,80.2264022827,46055,46065,10
13.0214595795,80.2258834839,46065,46075,10
13.0208997726,80.2254562378,46075,46085,10
13.0205097198,80.2251968384,46085,46095,10
13.0200500488,80.2248764038,46095,46105,10
13.0195398331,80.2245635986,46105,46115,10
13.0186595917,80.2245483398,46115,46125,10
13.0177202225,80.224937439,46125,46135,10
13.0168800354,80.2252807617,46135,46145,10
13.0165100098,80.2254562378,46145,46155,10
13.0162000656,80.2255706787,46155,46166,11
13.0156002045,80.2257614136,46166,46176,10
13.014960289,80.2260437012,46176,46186,10
13.0144195557,80.2262573242,46186,46196,10
13.014380455,80.2262573242,46196,46206,10
13.0142498016,80.2262573242,46206,46216,10
13.0137500763,80.2264633179,46216,46226,10
13.0130195618,80.2267379761,46226,46236,10
13.0120601654,80.2271499634,46236,46246,10
13.0109996796,80.2275695801,46246,46256,10
13.0100498199,80.2279510498,46256,46266,10
13.0092000961,80.2284927368,46266,46277,11
13.0089702606,80.2295074463,46277,46286,9
13.008769989,80.2304763794,46286,46297,11
13.0085000992,80.2316589355,46297,46307,10
13.0082302094,80.2334136963,46307,46327,20
13.0082302094,80.2334136963,46327,46337,10
13.0081596375,80.2335128784,46337,46347,10
13.0080795288,80.2338562012,46347,46357,10
13.0079402924,80.2345428467,46357,46367,10
13.0078001022,80.2351913452,46367,46378,11
13.007610321,80.2361221313,46378,46388,10
13.0074100494,80.2371902466,46388,46398,10
13.0071897507,80.238319397,46398,46408,10
13.0069799423,80.2393875122,46408,46418,10
13.0068798065,80.239906311,46418,46458,40
13.0068798065,80.239906311,46458,46468,10
13.0068101883,80.2403030396,46468,46478,10
13.0067796707,80.2406082153,46478,46489,11
13.0067596436,80.2407608032,46489,46505,16
13.0066795349,80.2418136597,46505,46517,12
13.0066604614,80.2428131104,46517,46527,10
13.0066604614,80.2434234619,46527,46535,8
13.0066204071,80.2441711426,46535,46547,12
13.0066204071,80.2453613281,46547,46557,10
13.0066795349,80.2460632324,46557,46567,10
13.0066995621,80.2465591431,46567,46577,10
13.0066995621,80.2469482422,46577,46587,10
13.0066995621,80.2474212646,46587,46598,11
13.0066900253,80.2482681274,46598,46608,10
13.0067596436,80.2490615845,46608,46617,9
13.006819725,80.2496032715,46617,46628,11
13.006819725,80.2496185303,46628,46638,10
13.0067996979,80.2497711182,46638,46648,10
13.0067396164,80.2503128052,46648,46658,10
13.0067195892,80.2510604858,46658,46709,51
13.0067195892,80.2510604858,46709,46719,10
13.0067195892,80.2515563965,46719,46729,10
13.0065498352,80.2522125244,46729,46739,10
13.0066404343,80.2529907227,46739,46890,151
13.0066404343,80.2529907227,46890,46900,10
13.0065698624,80.2531280518,46900,46910,10
13.0065498352,80.2535324097,46910,46921,11
13.0065603256,80.2541275024,46921,46931,10
13.0065498352,80.2543334961,46931,46941,10
13.0065202713,80.2545776367,46941,46951,10
13.006529808,80.2547531128,46951,46961,10
13.0064897537,80.2551727295,46961,46971,10
13.0065002441,80.2559204102,46971,46981,10
13.0065002441,80.2568435669,46981,47001,20
13.0065002441,80.2568435669,47001,47011,10
13.0065498352,80.257019043,47011,47021,10
13.0066995621,80.2576370239,47021,47032,11
13.0072097778,80.2584381104,47032,47041,9
13.0077199936,80.2588119507,47041,47052,11
13.0080003738,80.259147644,47052,47062,10
13.0077896118,80.2592468262,47062,47072,10
13.0074501038,80.2591781616,47072,47082,10
13.0071897507,80.2585678101,47082,47092,10
13.0067996979,80.2578887939,47092,47122,30
13.0067996979,80.2578887939,47122,47132,10
13.0066404343,80.2576980591,47132,47143,11
13.0065402985,80.2571792603,47143,47153,10
13.0065002441,80.2565765381,47153,47163,10
13.0064897537,80.2557296753,47163,47173,10
13.0065202713,80.2552032471,47173,47183,10
13.0065402985,80.2546386719,47183,47193,10
13.0065097809,80.2537689209,47193,47202,9
13.0065202713,80.2533416748,47202,47212,10
13.006529808,80.2531814575,47212,47223,11
13.0065202713,80.2527999878,47223,47233,10
13.0065803528,80.2521514893,47233,47243,10
13.0066795349,80.2515716553,47243,47254,11
13.0067796707,80.2508010864,47254,47264,10
13.0067796707,80.2498321533,47264,47274,10
13.0067300797,80.2488098145,47274,47284,10
13.0066995621,80.2481918335,47284,47294,10
13.0066699982,80.2475967407,47294,47304,10
13.0065898895,80.2465133667,47304,47344,40
13.0065898895,80.2465133667,47344,47355,11
13.0066299438,80.2461700439,47355,47365,10
13.0066404343,80.2454071045,47365,47375,10
13.0066204071,80.2443618774,47375,47385,10
13.0065803528,80.2433776855,47385,47395,10
13.0065498352,80.2422332764,47395,47405,10
13.0066003799,80.2410430908,47405,47415,10
13.0067396164,80.2402801514,47415,47445,30
13.0067396164,80.2402801514,47445,47455,10
13.0067796707,80.2400588989,47455,47466,11
13.0068798065,80.239402771,47466,47476,10
13.0071001053,80.2384262085,47476,47486,10
13.0072698593,80.2375869751,47486,47496,10
13.0073795319,80.2368469238,47496,47506,10
13.0074100494,80.2367019653,47506,47516,10
13.0075397491,80.2362976074,47516,47526,10
13.0076799393,80.2355880737,47526,47536,10
13.0078802109,80.2346420288,47536,47546,10
13.0081195831,80.2334823608,47546,47556,10
13.0083599091,80.2322235107,47556,47566,10
13.0085897446,80.231048584,47566,47577,11
13.0088396072,80.2297592163,47577,47587,10
13.009059906,80.2286224365,47587,47597,10
13.0093898773,80.2276077271,47597,47607,10
13.0098304749,80.2266387939,47607,47617,10
13.0103197098,80.2255706787,47617,47627,10
13.0105600357,80.2250518799,47627,47637,10
13.0107402802,80.2247695923,47637,47647,10
13.0109796524,80.2241592407,47647,47657,10
13.0112400055,80.2236480713,47657,47667,10
13.0113697052,80.2232666016,47667,47683,16
13.0118598938,80.2219772339,47683,47696,13
13.0122900009,80.2214813232,47696,47706,10
13.0125598907,80.2218933105,47706,47716,10
13.0129804611,80.2224121094,47716,47726,10
13.0134000778,80.222869873,47726,47736,10
13.0139398575,80.2233505249,47736,47746,10
13.0142202377,80.2236099243,47746,47756,10
13.0146303177,80.2241287231,47756,47766,10
13.0152301788,80.2248001099,47766,47776,10
13.0154304504,80.224937439,47776,47787,11
13.0156497955,80.2251586914,47787,47797,10
13.016289711,80.2253417969,47797,47807,10
13.0172100067,80.2250366211,47807,47816,9
13.0181398392,80.2246627808,47816,47827,11
13.0193004608,80.2243728638,47827,47837,10
13.0197896957,80.2245864868,47837,47847,10
13.0203399658,80.2249984741,47847,47857,10
13.0210399628,80.2255020142,47857,47867,10
13.0217103958,80.2260131836,47867,47877,10
13.0220298767,80.2262420654,47877,47887,10
13.0221204758,80.22631073,47887,47897,10
13.0225601196,80.2267227173,47897,47908,11
13.0233001709,80.2273788452,47908,47918,10
13.0239601135,80.2280197144,47918,47934,16
13.0247802734,80.229133606,47934,47946,12
13.0255098343,80.2301025391,47946,47956,10
13.0258302689,80.2306671143,47956,47965,9
13.0258903503,80.2308273315,47965,47977,12
13.0259199142,80.2309570313,47977,47987,10
13.0259304047,80.231010437,47987,47997,10
13.0259199142,80.2312011719,47997,48007,10
13.0262498856,80.2312698364,48007,48018,11
13.0271196365,80.2310791016,48018,48028,10
13.0279102325,80.2309570313,48028,48038,10
13.0280103683,80.2309570313,48038,48048,10
13.0282402039,80.2309494019,48048,48058,10
13.0284004211,80.2309265137,48058,48068,10
13.0285196304,80.2309188843,48068,48078,10
13.0287904739,80.2308807373,48078,48098,20
13.0287904739,80.2308807373,48098,48108,10
13.0291500092,80.2308425903,48108,48119,11
13.0295495987,80.230796814,48119,48129,10
13.0300998688,80.2307662964,48129,48139,10
13.0307798386,80.2307128906,48139,48148,9
13.0314598083,80.2306594849,48148,48159,11
13.0322904587,80.2305908203,48159,48169,10
13.0331802368,80.230506897,48169,48179,10
13.0338096619,80.23046875,48179,48189,10
13.034330368,80.2304000854,48189,48199,10
13.0346803665,80.2303085327,48199,48209,10
13.0349302292,80.23046875,48209,48219,10
13.0348300934,80.231086731,48219,48230,11
13.0346899033,80.2321395874,48230,48240,10
13.0345697403,80.2330169678,48240,48250,10
13.0345096588,80.2334289551,48250,48260,10
13.0344104767,80.2340316772,48260,48270,10
13.0342998505,80.2348480225,48270,48280,10
13.0341997147,80.2359008789,48280,48290,10
13.034119606,80.2368392944,48290,48300,10
13.0342702866,80.2374420166,48300,48310,10
13.0343799591,80.2375793457,48310,48320,10
13.0345697403,80.2378005981,48320,48330,10
13.0348396301,80.2382736206,48330,48341,11
13.0351800919,80.238822937,48341,48357,16
13.0356903076,80.2393569946,48357,48369,12
13.0360603333,80.2394104004,48369,48379,10
13.0364103317,80.239440918,48379,48389,10
13.0371599197,80.2394790649,48389,48399,10
13.0378704071,80.2395935059,48399,48409,10
13.0385103226,80.2396697998,48409,48419,10
13.0389604568,80.2397079468,48419,48429,10
13.0396003723,80.2398071289,48429,48438,9
13.0400896072,80.2398910522,48438,48450,12
13.0403604507,80.240020752,48450,48470,20
13.0403604507,80.240020752,48470,48480,10
13.0403404236,80.2402267456,48480,48489,9
13.0405597687,80.2404937744,48489,48499,10
13.0405597687,80.2404937744,48499,48510,11
13.0406599045,80.2405014038,48510,48520,10
13.0407495499,80.2405395508,48520,48530,10
13.0410804749,80.2406005859,48530,48540,10
13.041560173,80.2406387329,48540,48550,10
13.0421800613,80.2407302856,48550,48561,11
13.0427398682,80.2408065796,48561,48571,10
13.0433502197,80.2408981323,48571,48581,10
13.0439100266,80.2409362793,48581,48591,10
13.0440397263,80.2409133911,48591,48601,10
13.0440702438,80.2409133911,48601,48611,10
13.044380188,80.2406921387,48611,48621,10
13.0448904037,80.2403182983,48621,48631,10
13.0455102921,80.2398986816,48631,48641,10
13.0460796356,80.2395629883,48641,48651,10
13.0464496613,80.239616394,48651,48662,11
13.0467195511,80.2396774292,48662,48672,10
13.0472803116,80.2397613525,48672,48682,10
13.0480604172,80.2399215698,48682,48692,10
13.0488004684,80.2400894165,48692,48702,10
13.0493497849,80.2401885986,48702,48712,10
13.0496101379,80.2402572632,48712,48722,10
13.049779892,80.2403030396,48722,48732,10
13.0503702164,80.2404098511,48732,48742,10
13.0511903763,80.2405700684,48742,48752,10
13.0519199371,80.2407302856,48752,48762,10
13.0525102615,80.2411193848,48762,48773,11
13.0525302887,80.2412185669,48773,48783,10
13.0525503159,80.2414169312,48783,48793,10
13.0528402328,80.2417602539,48793,48803,10
13.053609848,80.2421112061,48803,48813,10
13.054019928,80.2422409058,48813,48823,10
13.0542097092,80.2422790527,48823,48833,10
13.0550203323,80.2422714233,48833,48843,10
13.0557098389,80.2422332764,48843,48853,10
13.0565500259,80.2425765991,48853,48863,10
13.0570201874,80.2427215576,48863,48874,11
13.057559967,80.2427597046,48874,48883,9
13.0578804016,80.2427368164,48883,48894,11
13.0584201813,80.2426223755,48894,48904,10
13.0587501526,80.2425994873,48904,48914,10
13.0590600967,80.2425384521,48914,48924,10
13.059419632,80.2425079346,48924,48934,10
13.0598897934,80.2426986694,48934,48944,10
13.0604200363,80.2428588867,48944,48954,10
13.0608301163,80.2429885864,48954,48964,10
13.0612001419,80.2431030273,48964,48974,10
13.0614900589,80.2431793213,48974,48985,11
13.0617198944,80.2432022095,48985,48995,10
13.0620098114,80.2432632446,48995,49005,10
13.062379837,80.2433166504,49005,49015,10
13.0623903275,80.2433319092,49015,49025,10
13.0625495911,80.243347168,49025,49035,10
13.0628004074,80.2434005737,49035,49045,10
13.0632896423,80.2434768677,49045,49055,10
13.0637197495,80.2434997559,49055,49065,10
13.0639400482,80.2435073853,49065,49075,10
13.0643997192,80.2435531616,49075,49085,10
13.0649995804,80.2435379028,49085,49096,11
13.0656099319,80.2435379028,49096,49106,10
13.0660600662,80.2434768677,49106,49116,10
13.0663499832,80.2433776855,49116,49126,10
13.0668296814,80.2431869507,49126,49136,10
13.0673599243,80.2429733276,49136,49146,10
13.0680398941,80.2427368164,49146,49156,10
13.0688400269,80.2424468994,49156,49166,10
13.069899559,80.2421569824,49166,49186,20
13.069899559,80.2421569824,49186,49197,11
13.0703496933,80.2420272827,49197,49207,10
13.0709695816,80.2417984009,49207,49217,10
13.0716199875,80.2415008545,49217,49227,10
13.0724401474,80.241027832,49227,49237,10
13.0732803345,80.2407073975,49237,49247,10
13.0739603043,80.240562439,49247,49257,10
13.0749998093,80.2405166626,49257,49266,9
13.0761203766,80.2405090332,49266,49277,11
13.0770101547,80.2406005859,49277,49287,10
13.0771303177,80.2402801514,49287,49296,9
13.0770301819,80.2397232056,49296,49308,12
13.076880455,80.2391586304,49308,49318,10
13.0768003464,80.2388763428,49318,49328,10
13.0767002106,80.2385787964,49328,49338,10
13.0766401291,80.23828125,49338,49348,10
13.0766201019,80.2380371094,49348,49358,10
13.0765800476,80.2378768921,49358,49368,10
13.0764598846,80.2374420166,49368,49378,10
13.0764703751,80.2373504639,49378,49388,10
13.0763597488,80.2368927002,49388,49398,10
13.0762796402,80.2362670898,49398,49408,10
13.0761804581,80.2356567383,49408,49419,11
13.0760202408,80.234916687,49419,49429,10
13.0758495331,80.2342605591,49429,49438,9
13.0758304596,80.2338790894,49438,49449,11
13.0761699677,80.2337799072,49449,49459,10
13.076499939,80.233757019,49459,49469,10
13.077050209,80.2336807251,49469,49479,10
13.077580452,80.2335891724,49479,49488,9
13.0780801773,80.2335891724,49488,49498,10
13.0786504745,80.2335586548,49498,49509,11
13.0792598724,80.233543396,49509,49519,10
13.0796699524,80.2335205078,49519,49540,21
13.0796699524,80.2335205078,49540,49550,10
13.0798997879,80.2335205078,49550,49560,10
13.0803499222,80.2335281372,49560,49570,10
13.0811100006,80.2335586548,49570,49580,10
13.0817804337,80.2336196899,49580,49590,10
13.0819301605,80.2333679199,49590,49600,10
13.0820198059,80.232673645,49600,49610,10
13.0823297501,80.2317733765,49610,49626,16
13.0828199387,80.2306518555,49626,49639,13
13.0831003189,80.2308731079,49639,49649,10
13.0831203461,80.2315292358,49649,49659,10
13.0831804276,80.2323303223,49659,49668,9
13.0833501816,80.2330322266,49668,49679,11
13.0834798813,80.2336502075,49679,49689,10
13.0835399628,80.2338027954,49689,49699,10
13.0839195251,80.2339096069,49699,49709,10
13.083990097,80.2339401245,49709,49719,10
13.0841999054,80.2340087891,49719,49729,10
13.0847797394,80.234161377,49729,49739,10
13.0851402283,80.2342224121,49739,49750,11
13.0856895447,80.2343597412,49750,49760,10
13.0862398148,80.2344665527,49760,49770,10
13.086689949,80.2345428467,49770,49780,10
13.0874300003,80.2345733643,49780,49790,10
13.0879402161,80.2339401245,49790,49800,10
13.0881204605,80.2328262329,49800,49810,10
13.0884199142,80.2316818237,49810,49820,10
13.0887899399,80.230758667,49820,49830,10
13.0889196396,80.2304611206,49830,49840,10
13.0890102386,80.2302703857,49840,49851,11
13.0893602371,80.2296066284,49851,49861,10
13.0900096893,80.2288208008,49861,49871,10
13.0908098221,80.2279510498,49871,49881,10
13.0914096832,80.2272872925,49881,49891,10
13.0915298462,80.227180481,49891,49901,10
13.0919704437,80.2267379761,49901,49911,10
13.0926103592,80.2260971069,49911,49921,10
13.093290329,80.225440979,49921,49931,10
13.09375,80.2248764038,49931,49941,10
13.0942897797,80.2242202759,49941,49952,11
13.0950202942,80.2231216431,49952,49962,10
13.0954799652,80.2219619751,49962,49972,10
13.0958595276,80.2208709717,49972,49982,10
13.0961999893,80.2199172974,49982,49992,10
13.0965299606,80.2189483643,49992,50002,10
13.096830368,80.2180175781,50002,50012,10
13.0971899033,80.2170410156,50012,50022,10
13.0972995758,80.2167205811,50022,50032,10
13.0975399017,80.2160873413,50032,50042,10
13.097700119,80.2157592773,50042,50052,10
13.0977401733,80.2156982422,50052,50063,11
13.0979604721,80.2151870728,50063,50093,30
13.0980195999,80.2150802612,50093,50123,30
13.0980596542,80.2149810791,50123,50143,20
13.0980596542,80.2149810791,50143,50153,10
13.0981998444,80.21459198,50153,50163,10
13.0983495712,80.2142562866,50163,50194,31
13.0983896255,80.2141418457,50194,50234,40
13.0983896255,80.2141418457,50234,50244,10
13.0985202789,80.2139511108,50244,50254,10
13.0988998413,80.2141036987,50254,50264,10
13.0995197296,80.2143173218,50264,50274,10
13.1001996994,80.2145080566,50274,50315,41
13.1001996994,80.2145080566,50315,50325,10
13.1005496979,80.2146224976,50325,50365,40
13.1005496979,80.2146224976,50365,50375,10
13.1005401611,80.2148666382,50375,50386,11
13.1002101898,80.2155838013,50386,50396,10
13.0999803543,80.2160568237,50396,50406,10
13.0998697281,80.2160186768,50406,50416,10
13.0999803543,80.2156677246,50416,50426,10
13.1001701355,80.2152709961,50426,50436,10
13.1002397537,80.21484375,50436,52710,2274
13.1002397537,80.21484375,52710,52720,10
13.1002502441,80.2147064209,52720,52730,10
13.1002101898,80.2145767212,52730,52740,10
13.1000204086,80.2144699097,52740,52750,10
13.0998697281,80.2144165039,52750,52760,10
13.0996599197,80.2143707275,52760,52770,10
13.0992803574,80.2142333984,52770,52781,11
13.0987100601,80.2140197754,52781,52791,10
13.0983800888,80.2142181396,52791,52801,10
13.098110199,80.2148590088,52801,52811,10
13.0977697372,80.215637207,52811,52821,10
13.0974397659,80.2164764404,52821,52831,10
13.0973396301,80.216758728,52831,52841,10
13.097240448,80.2169494629,52841,52851,10
13.097029686,80.2174835205,52851,52861,10
13.0967597961,80.2182769775,52861,52871,10
13.0965003967,80.2191009521,52871,52881,10
13.0962696075,80.2197113037,52881,52892,11
13.0959501266,80.2206268311,52892,52902,10
13.0956802368,80.2214508057,52902,52912,10
13.0954399109,80.2221603394,52912,52922,10
13.0953397751,80.2224578857,52922,52932,10
13.0952396393,80.2227096558,52932,52942,10
13.0949602127,80.2232513428,52942,52952,10
13.0944299698,80.2240524292,52952,52962,10
13.0938596725,80.2248077393,52962,52971,9
13.09333992,80.2253799438,52971,52982,11
13.0926399231,80.2260665894,52982,52992,10
13.0919103622,80.2268295288,52992,53003,11
13.0912599564,80.2275466919,53003,53013,10
13.091170311,80.2276306152,53013,53023,10
13.0909996033,80.2278137207,53023,53033,10
13.0905799866,80.2282791138,53033,53043,10
13.0900602341,80.2288208008,53043,53053,10
13.0895395279,80.2294387817,53053,53063,10
13.0891799927,80.2300567627,53063,53073,10
13.089050293,80.2303237915,53073,53083,10
13.0887899399,80.2308578491,53083,53103,20
13.0887899399,80.2308578491,53103,53114,11
13.0885801315,80.2312469482,53114,53124,10
13.0883798599,80.2319488525,53124,53134,10
13.0881204605,80.2329101563,53134,53144,10
13.08796978,80.2339401245,53144,53154,10
13.0876197815,80.2345504761,53154,53164,10
13.0867996216,80.2345123291,53164,53174,10
13.0860500336,80.2343826294,53174,53184,10
13.0853500366,80.2342071533,53184,53194,10
13.0847997665,80.2340621948,53194,53204,10
13.0843296051,80.2339706421,53204,53215,11
13.0838603973,80.2338867188,53215,53225,10
13.0836496353,80.2338409424,53225,53235,10
13.0832099915,80.2337799072,53235,53245,10
13.0828399658,80.233757019,53245,53255,10
13.0824699402,80.2336807251,53255,53265,10
13.0824403763,80.2336730957,53265,53275,10
13.0820798874,80.2335891724,53275,53285,10
13.0813398361,80.2334899902,53285,53295,10
13.0805397034,80.2334823608,53295,53305,10
13.0801296234,80.2334899902,53305,53315,10
13.0795698166,80.2335128784,53315,53326,11
13.0795402527,80.2334976196,53326,53336,10
13.0791797638,80.233543396,53336,53346,10
13.0784902573,80.2335586548,53346,53356,10
13.0776395798,80.233581543,53356,53366,10
13.0767602921,80.2337036133,53366,53375,9
13.0760097504,80.2338562012,53375,53386,11
13.0758895874,80.233833313,53386,53396,10
13.075799942,80.2340774536,53396,53406,10
13.0759601593,80.2347412109,53406,53416,10
13.0761499405,80.2355880737,53416,53426,10
13.0762796402,80.2364730835,53426,53437,11
13.0764398575,80.2371673584,53437,53447,10
13.0764703751,80.2372665405,53447,53457,10
13.0766401291,80.2378921509,53457,53527,70
13.0766401291,80.2378921509,53527,53538,11
13.0767402649,80.2383575439,53538,53548,10
13.0768899918,80.2390365601,53548,53558,10
13.0770902634,80.2399902344,53558,53568,10
13.0773200989,80.2409286499,53568,53578,10
13.0774002075,80.2415237427,53578,53588,10
13.0775899887,80.2423019409,53588,53598,10
13.0777301788,80.2433013916,53598,53608,10
13.0777397156,80.2440719604,53608,53618,10
13.0777997971,80.2446975708,53618,53628,10
13.0778999329,80.2455062866,53628,53638,10
13.0779800415,80.2463378906,53638,53649,11
13.0781803131,80.2474212646,53649,53659,10
13.0784196854,80.2485427856,53659,53669,10
13.0786104202,80.2493896484,53669,53679,10
13.0785999298,80.2503433228,53679,53689,10
13.0785198212,80.2511901855,53689,53699,10
13.0783500671,80.2516708374,53699,53709,10
13.0777997971,80.2517776489,53709,53719,10
13.0769195557,80.2519378662,53719,53729,10
13.0761003494,80.2520980835,53729,53739,10
13.0752096176,80.2521514893,53739,53749,10
13.074549675,80.2521972656,53749,53760,11
13.0737304688,80.2524108887,53760,53770,10
13.072930336,80.2523803711,53770,53780,10
13.0724000931,80.252243042,53780,53790,10
13.0720796585,80.2515563965,53790,53800,10
13.0719404221,80.2507781982,53800,53809,9
13.0716495514,80.2498931885,53809,53820,11
13.0714302063,80.2487792969,53820,53830,10
13.0710802078,80.2475280762,53830,53840,10
13.0705699921,80.2464828491,53840,53850,10
13.0702199936,80.2457885742,53850,53860,10
13.0700902939,80.2454605103,53860,53871,11
13.0697898865,80.244720459,53871,53881,10
13.0692996979,80.2432937622,53881,53899,18
13.0692996979,80.2432937622,53899,53911,12
13.0692901611,80.2431793213,53911,53920,9
13.0691995621,80.2426376343,53920,53931,11
13.0685997009,80.2425689697,53931,53941,10
13.0676403046,80.2428436279,53941,53951,10
13.0667800903,80.2432022095,53951,53961,10
13.0662698746,80.2434463501,53961,53971,10
13.0661096573,80.2439804077,53971,53982,11
13.0661802292,80.2446899414,53982,53992,10
13.0662603378,80.2452011108,53992,54002,10
13.0664796829,80.2457885742,54002,54012,10
13.067150116,80.2461624146,54012,54022,10
13.0677204132,80.2464828491,54022,54032,10
13.0677404404,80.2464981079,54032,54042,10
13.0678100586,80.2465667725,54042,54052,10
13.0678596497,80.2470092773,54052,54062,10
13.0678100586,80.247756958,54062,54072,10
13.0671396255,80.2478637695,54072,54082,10
13.0661401749,80.2477493286,54082,54093,11
13.0652599335,80.247718811,54093,54103,10
13.0644197464,80.2476501465,54103,54113,10
13.0634098053,80.2475967407,54113,54123,10
13.0626401901,80.2475662231,54123,54133,10
13.0618400574,80.247543335,54133,54143,10
13.0614004135,80.2470626831,54143,54153,10
13.0616197586,80.2465896606,54153,54162,9
13.0618801117,80.2461471558,54162,54172,10
13.06208992,80.2452697754,54172,54183,11
13.0628299713,80.2446899414,54183,54194,11
13.0630998611,80.2443237305,54194,54204,10
13.0632095337,80.2441329956,54204,54214,10
13.0634403229,80.2436218262,54214,54224,10
13.0631399155,80.2434692383,54224,54234,10
13.0626401901,80.2433700562,54234,54244,10
13.0619096756,80.2432174683,54244,54254,10
13.0612297058,80.2431030273,54254,54264,10
13.0606403351,80.2428970337,54264,54274,10
13.0601196289,80.2426986694,54274,54284,10
13.059419632,80.2425384521,54284,54294,10
13.0589199066,80.2425613403,54294,54305,11
13.0587301254,80.2426300049,54305,54314,9
13.0583496094,80.2426605225,54314,54325,11
13.057559967,80.2427825928,54325,54335,10
13.0570497513,80.2427520752,54335,54345,10
13.0566301346,80.2425994873,54345,54355,10
13.0562000275,80.2424316406,54355,54365,10
13.055970192,80.2423400879,54365,54375,10
13.0552797318,80.2422332764,54375,54385,10
13.0544300079,80.2423400879,54385,54395,10
13.0536603928,80.2421569824,54395,54405,10
13.0536298752,80.2421417236,54405,54416,11
13.0535001755,80.2420578003,54416,54426,10
13.0531196594,80.2419281006,54426,54446,20
13.0531196594,80.2419281006,54446,54456,10
13.0528802872,80.2417907715,54456,54466,10
13.0524501801,80.2415313721,54466,54476,10
13.0521297455,80.2409973145,54476,54486,10
13.0519504547,80.2407531738,54486,54496,10
13.0519399643,80.240737915,54496,54506,10
13.0517196655,80.2407073975,54506,54517,11
13.0514602661,80.2406616211,54517,54527,10
13.0513401031,80.2406234741,54527,54537,10
13.0509595871,80.2405319214,54537,54547,10
13.0507698059,80.2405014038,54547,54557,10
13.0503396988,80.2404174805,54557,54567,10
13.0498695374,80.2403106689,54567,54577,10
13.0498504639,80.2403030396,54577,54587,10
13.0496301651,80.2402420044,54587,54597,10
13.0493202209,80.2401580811,54597,54607,10
13.0489397049,80.2400817871,54607,54617,10
13.0486497879,80.2400436401,54617,54628,11
13.0479202271,80.2398529053,54628,54638,10
13.0471897125,80.2396774292,54638,54648,10
13.0464296341,80.2395324707,54648,54658,10
13.0462598801,80.2392501831,54658,54668,10
13.0464401245,80.2387771606,54668,54678,10
13.0465898514,80.2379684448,54678,54688,10
13.0467596054,80.2369003296,54688,54698,10
13.0469198227,80.2362213135,54698,54708,10
13.0470304489,80.2358779907,54708,54718,10
13.0470895767,80.2356491089,54718,54728,10
13.0471601486,80.2352523804,54728,54739,11
13.0472202301,80.2344207764,54739,54749,10
13.0473299026,80.2334594727,54749,54759,10
13.046959877,80.233039856,54759,54769,10
13.0461502075,80.2328491211,54769,54779,10
13.04529953,80.2326965332,54779,54789,10
13.0451002121,80.2326431274,54789,54799,10
13.0449199677,80.2325515747,54799,54809,10
13.0443897247,80.232460022,54809,54819,10
13.0436000824,80.2323074341,54819,54829,10
13.0428600311,80.2322616577,54829,54840,11
13.0421199799,80.2322692871,54840,54850,10
13.0413198471,80.232131958,54850,54860,10
13.0403404236,80.2317962646,54860,54870,10
13.0391597748,80.2314987183,54870,54879,9
13.0381298065,80.2311706543,54879,54890,11
13.0371398926,80.2308197021,54890,54900,10
13.0367498398,80.230758667,54900,54910,10
13.0363197327,80.2306213379,54910,54920,10
13.0354299545,80.2302932739,54920,54981,61
13.0354299545,80.2302932739,54981,54991,10
13.0348997116,80.2302627563,54991,55001,10
13.0343103409,80.2303390503,55001,55011,10
13.0334701538,80.230430603,55011,55031,20
13.0334701538,80.230430603,55031,55041,10
13.0331001282,80.2304382324,55041,55051,10
13.032409668,80.2305526733,55051,55062,11
13.0314502716,80.2306365967,55062,55072,10
13.0306596756,80.2306976318,55072,55082,10
13.0299196243,80.230758667,55082,55092,10
13.0297403336,80.2307662964,55092,55102,10
13.0296297073,80.2307815552,55102,55112,10
13.0290803909,80.2308425903,55112,55122,10
13.0283002853,80.2309417725,55122,55130,8
13.0277395248,80.2309875488,55130,55142,12
13.0276498795,80.2313613892,55142,55152,10
13.0277395248,80.2320480347,55152,55162,10
13.0278196335,80.2326965332,55162,55173,11
13.0272598267,80.2328796387,55173,55183,10
13.0269899368,80.2329711914,55183,55193,10
13.0269603729,80.2330093384,55193,55203,10
13.0267496109,80.233039856,55203,55213,10
13.0263900757,80.2328033447,55213,55222,9
13.0261898041,80.232170105,55222,55233,11
13.0260696411,80.2316207886,55233,55243,10
13.0259304047,80.2310562134,55243,55253,10
13.0256004333,80.2302398682,55253,55263,10
13.0250597,80.2294998169,55263,55273,10
13.0244197845,80.228729248,55273,55284,11
13.024020195,80.2283096313,55284,55294,10
13.024020195,80.228302002,55294,55304,10
13.0239095688,80.2281417847,55304,55313,9
13.0235700607,80.2277832031,55313,55324,11
13.0232000351,80.2273864746,55324,55334,10
13.0226297379,80.2267990112,55334,55344,10
13.021900177,80.2261734009,55344,55354,10
13.0211696625,80.2256088257,55354,55364,10
13.0205402374,80.2251586914,55364,55374,10
13.0200500488,80.2248535156,55374,55385,11
13.0200300217,80.2248382568,55385,55395,10
13.0199604034,80.2248001099,55395,55405,10
13.0195798874,80.2245483398,55405,55415,10
13.0187597275,80.2244796753,55415,55425,10
13.0177497864,80.2248916626,55425,55435,10
13.0167102814,80.2253189087,55435,55445,10
13.0159101486,80.2256164551,55445,55455,10
13.0151395798,80.2259597778,55455,55465,10
13.0148897171,80.2260818481,55465,55475,10
13.014380455,80.226272583,55475,55496,21
13.014380455,80.226272583,55496,55506,10
13.0139799118,80.2263870239,55506,55516,10
13.013299942,80.2266387939,55516,55526,10
13.0124702454,80.2269515991,55526,55536,10
13.0115499496,80.2273025513,55536,55546,10
13.0104799271,80.2277374268,55546,55562,16
13.0090999603,80.2286987305,55562,55574,12
13.0088195801,80.2300415039,55574,55584,10
13.0085802078,80.2312088013,55584,55594,10
13.0084400177,80.231918335,55594,55605,11
13.0081596375,80.2337112427,55605,55625,20
13.0081596375,80.2337112427,55625,55635,10
13.0081300735,80.2338485718,55635,55645,10
13.0080900192,80.2340698242,55645,55655,10
13.0079803467,80.2346191406,55655,55665,10
13.0079097748,80.2350006104,55665,55675,10
13.0078201294,80.2353286743,55675,55685,10
13.0076904297,80.2360305786,55685,55695,10
13.0074796677,80.2370300293,55695,55703,8
13.0073003769,80.2379608154,55703,55717,14
13.0069799423,80.2396011353,55717,55726,9
13.0068597794,80.2400817871,55726,55736,10
13.0068597794,80.2402191162,55736,55747,11
13.0067901611,80.2407836914,55747,55757,10
13.0067996979,80.2407989502,55757,55767,10
13.0067796707,80.2411422729,55767,55777,10
13.0067396164,80.2417907715,55777,55787,10
13.0067195892,80.2427215576,55787,55797,10
13.0066795349,80.2436523438,55797,55807,10
13.006649971,80.244682312,55807,55818,11
13.0066795349,80.2457580566,55818,55828,10
13.0066995621,80.2462005615,55828,55838,10
13.0067195892,80.2465515137,55838,55848,10
13.0067300797,80.2472076416,55848,55858,10
13.0067100525,80.2479934692,55858,55868,10
13.0068597794,80.2495727539,55868,55888,20
13.0068597794,80.2495727539,55888,55898,10
13.0068998337,80.2497024536,55898,55908,10
13.0068702698,80.2501831055,55908,55918,10
13.0067901611,80.2508773804,55918,55929,11
13.0066795349,80.2518234253,55929,55939,10
13.0065202713,80.2528991699,55939,55949,10
13.0065097809,80.2539672852,55949,55959,10
13.0065898895,80.2549972534,55959,55979,20
13.0065898895,80.2549972534,55979,55989,10
13.0065803528,80.2553787231,55989,55999,10
13.0065803528,80.2561187744,55999,56009,10
13.0066099167,80.2570419312,56009,56019,10
13.0063400269,80.2575836182,56019,56030,11
13.0057096481,80.2574234009,56030,56040,10
13.005109787,80.2572479248,56040,56050,10
13.0043697357,80.2570571899,56050,56060,10
13.0036201477,80.2568969727,56060,56080,20
13.0036201477,80.2568969727,56080,56090,10
13.0034704208,80.2568206787,56090,56100,10
13.0030298233,80.2567367554,56100,56110,10
13.0023202896,80.2566375732,56110,56191,81
13.0023202896,80.2566375732,56191,56201,10
13.0018901825,80.2565917969,56201,56211,10
13.001159668,80.2565002441,56211,56221,10
13.0000600815,80.2563171387,56221,56242,21
12.9997997284,80.2562484741,56242,56262,20
12.9997997284,80.2562484741,56262,56272,10
12.9996795654,80.2562408447,56272,56282,10
12.9994001389,80.256187439,56282,56292,10
12.9990701675,80.2560806274,56292,56302,10
12.998840332,80.2560424805,56302,56312,10
12.9988203049,80.2560424805,56312,56322,10
12.9985103607,80.2560272217,56322,56332,10
12.9979295731,80.2559967041,56332,56342,10
12.9977798462,80.2559814453,56342,56353,11
12.9971904755,80.2559280396,56353,56363,10
12.9968700409,80.2562713623,56363,56373,10
12.9968004227,80.2568969727,56373,56383,10
12.9968004227,80.2569274902,56383,56393,10
12.9968299866,80.2570495605,56393,56403,10
12.9967699051,80.2574691772,56403,56413,10
12.9966802597,80.2582397461,56413,56423,10
12.9965896606,80.2591400146,56423,56433,10
12.996509552,80.2602081299,56433,56443,10
12.9963903427,80.2613830566,56443,56453,10
12.9962902069,80.2621994019,56453,56464,11
12.9961996078,80.2624588013,56464,56474,10
12.9961395264,80.2626419067,56474,56484,10
12.9961299896,80.2630462646,56484,56494,10
12.9960899353,80.2637176514,56494,56504,10
12.9959897995,80.2646179199,56504,56514,10
12.9959001541,80.2654418945,56514,56524,10
12.9958696365,80.265586853,56524,56534,10
12.9958095551,80.2661209106,56534,56544,10
12.9956998825,80.2669830322,56544,56554,10
12.9960098267,80.2676773071,56554,56575,21
12.9960098267,80.2676773071,56575,56585,10
12.9960899353,80.2677383423,56585,56595,10
12.9967098236,80.2677612305,56595,56605,10
12.9975700378,80.2675170898,56605,56615,10
12.998169899,80.2673492432,56615,56625,10
12.9988498688,80.2671508789,56625,56635,10
12.9996299744,80.2669372559,56635,56645,10
13.0000696182,80.2666320801,56645,56661,16
13.0000801086,80.2666320801,56661,56673,12
13.000169754,80.2661895752,56673,56682,9
13.0002603531,80.2657012939,56682,56694,12
13.000289917,80.2659683228,56694,56704,10
13.0002603531,80.2663497925,56704,57330,626
13.0002603531,80.2663497925,57330,57340,10
13.0002698898,80.2665481567,57340,57350,10
13.0002298355,80.2667770386,57350,57360,10
12.999879837,80.2669525146,57360,57370,10
12.9992799759,80.2670898438,57370,57380,10
12.9986095428,80.267250061,57380,57390,10
12.9980401993,80.2674102783,57390,57400,10
12.9972696304,80.2676467896,57400,57410,10
12.996430397,80.267791748,57410,57420,10
12.9956502914,80.2675476074,57420,57441,21
12.9956502914,80.2675476074,57441,57451,10
12.9956798553,80.2674026489,57451,57461,10
12.9957199097,80.2671813965,57461,57471,10
12.9957895279,80.2665786743,57471,57481,10
12.9958896637,80.2657623291,57481,57490,9
12.9960002899,80.2649002075,57490,57501,11
12.9961204529,80.2638015747,57501,57511,10
12.9961900711,80.2631225586,57511,57520,9
12.996219635,80.2627563477,57520,57530,10
12.9962396622,80.2626419067,57530,57541,11
12.9962701797,80.2624435425,57541,57552,11
12.9963302612,80.2619400024,57552,57562,10
12.9964199066,80.2612380981,57562,57572,10
12.9965295792,80.2602920532,57572,57582,10
12.9965896606,80.2595062256,57582,57592,10
12.9966602325,80.2588577271,57592,57602,10
12.9967298508,80.2582092285,57602,57612,10
12.9968204498,80.2573013306,57612,57622,10
12.9968700409,80.2564163208,57622,57663,41
12.9968700409,80.2564163208,57663,57673,10
12.9968795776,80.2563476563,57673,57683,10
12.9969701767,80.2559585571,57683,57693,10
12.9973897934,80.255897522,57693,57703,10
12.9981298447,80.2559661865,57703,57713,10
12.9988603592,80.2560501099,57713,57723,10
12.9988803864,80.256072998,57723,57733,10
12.9989595413,80.256111145,57733,57743,10
12.999329567,80.256149292,57743,57753,10
12.9998598099,80.2562637329,57753,57764,11
13.0008802414,80.2564697266,57764,57804,40
13.0008802414,80.2564697266,57804,57814,10
13.0010700226,80.2565383911,57814,57824,10
13.00137043,80.2565765381,57824,57834,10
13.0014896393,80.2565994263,57834,57844,10
13.0018997192,80.256652832,57844,57854,10
13.0025396347,80.256729126,57854,57864,10
13.0032100677,80.2568588257,57864,57875,11
13.0039901733,80.2570114136,57875,57885,10
13.004650116,80.2571182251,57885,57895,10
13.0054101944,80.2572631836,57895,57905,10
13.0057697296,80.2573318481,57905,57915,10
13.0058403015,80.2573623657,57915,57925,10
13.0058898926,80.2573623657,57925,57935,10
13.0060997009,80.2573623657,57935,57945,10
13.0065002441,80.2573623657,57945,57955,10
13.0065202713,80.2568817139,57955,57965,10
13.0065202713,80.2560424805,57965,57975,10
13.0065202713,80.2553024292,57975,57986,11
13.0065803528,80.2547531128,57986,58002,16
13.0065402985,80.2538909912,58002,58014,12
13.0065202713,80.2533569336,58014,58022,8
13.0065202713,80.2532501221,58022,58034,12
13.0065202713,80.2530822754,58034,58044,10
13.006529808,80.2527084351,58044,58054,10
13.0065603256,80.2523193359,58054,58064,10
13.0067300797,80.2516174316,58064,58074,10
13.0067796707,80.2507781982,58074,58084,10
13.0067901611,80.2498931885,58084,58095,11
13.0067396164,80.2491531372,58095,58105,10
13.0067195892,80.2489395142,58105,58175,70
13.0067195892,80.2489395142,58175,58185,10
13.0066995621,80.2488174438,58185,58196,11
13.0066604614,80.248298645,58196,58206,10
13.0066604614,80.2478027344,58206,58216,10
13.0066604614,80.2471618652,58216,58226,10
13.0065698624,80.2467422485,58226,58246,20
13.0065698624,80.2467422485,58246,58256,10
13.0066099167,80.2465286255,58256,58266,10
13.0066604614,80.246131897,58266,58276,10
13.0066604614,80.2454833984,58276,58286,10
13.0066604614,80.2451934814,58286,58296,10
13.0066604614,80.244682312,58296,58307,11
13.006649971,80.2440567017,58307,58317,10
13.0066299438,80.2434082031,58317,58327,10
13.0066003799,80.2425994873,58327,58336,9
13.0065803528,80.2417526245,58336,58347,11
13.0066404343,80.2409286499,58347,58387,40
13.0066404343,80.2409286499,58387,58397,10
13.006649971,80.2408370972,58397,58408,11
13.0067300797,80.2403411865,58408,58418,10
13.0069198608,80.2396697998,58418,58428,10
13.007060051,80.2387619019,58428,58438,10
13.0072603226,80.2378311157,58438,58448,10
13.0074901581,80.2365570068,58448,58468,20
13.0074901581,80.2365570068,58468,58478,10
13.0075502396,80.2364196777,58478,58488,10
13.0076599121,80.2359008789,58488,58498,10
13.0078201294,80.2351074219,58498,58508,10
13.0080099106,80.2341308594,58508,58519,11
13.0082902908,80.2328262329,58519,58529,10
13.0085401535,80.2315673828,58529,58539,10
13.008769989,80.2303085327,58539,58549,10
13.0090303421,80.2290420532,58549,58558,9
13.0093097687,80.2279586792,58558,58569,11
13.0097999573,80.226852417,58569,58579,10
13.010310173,80.2257080078,58579,58589,10
13.0105695724,80.2250900269,58589,58599,10
13.0107498169,80.2247085571,58599,58608,9
13.0109100342,80.2242965698,58608,58618,10
13.0110702515,80.2239608765,58618,58630,12
13.0113201141,80.2233581543,58630,58640,10
13.0115995407,80.2228393555,58640,58650,10
13.0119104385,80.2220077515,58650,58660,10
13.0122995377,80.2214889526,58660,58670,10
13.0125303268,80.2217102051,58670,58680,10
13.0129804611,80.2223434448,58680,58690,10
13.0136404037,80.2231216431,58690,58700,10
13.0140600204,80.2236328125,58700,58710,10
13.0143995285,80.2240600586,58710,58720,10
13.0148296356,80.2244796753,58720,58730,10
13.0152301788,80.224861145,58730,58741,11
13.0155200958,80.2250518799,58741,58751,10
13.0155296326,80.2250595093,58751,58761,10
13.0156698227,80.2251281738,58761,58771,10
13.0162601471,80.2253494263,58771,58781,10
13.0171804428,80.2250976563,58781,58791,10
13.0182504654,80.2247009277,58791,58807,16
13.0196695328,80.2245407104,58807,58819,12
13.0204000473,80.2250595093,58819,58827,8
13.0208101273,80.2253494263,58827,58838,11
13.021229744,80.2257080078,58838,58850,12
13.0218095779,80.2261276245,58850,58860,10
13.0219802856,80.2262268066,58860,58870,10
13.0220003128,80.2262573242,58870,58880,10
13.0222597122,80.2265014648,58880,58890,10
13.0228099823,80.2269821167,58890,58900,10
13.0235595703,80.2276992798,58900,58910,10
13.024020195,80.2281494141,58910,58920,10
13.0242795944,80.2284698486,58920,58930,10
13.0245304108,80.228843689,58930,58940,10
13.0250301361,80.2295074463,58940,58951,11
13.0257396698,80.2304916382,58951,58961,10
13.0260400772,80.231262207,58961,58971,10
13.0264797211,80.231338501,58971,58981,10
13.0272502899,80.2311630249,58981,58991,10
13.0277996063,80.2310562134,58991,59010,19
13.0284700394,80.23097229,59010,59022,12
13.0286598206,80.2309417725,59022,59031,9
13.0291004181,80.2309036255,59031,59042,11
13.0294399261,80.2308731079,59042,59053,11
13.0304002762,80.2308197021,59053,59074,21
13.0304002762,80.2308197021,59074,59084,10
13.030670166,80.230796814,59084,59093,9
13.0310602188,80.2307662964,59093,59104,11
13.0316801071,80.23072052,59104,59116,12
13.0323400497,80.2306594849,59116,59126,10
13.0328197479,80.2306213379,59126,59136,10
13.0334596634,80.2305679321,59136,59146,10
13.033829689,80.2305374146,59146,59187,41
13.033829689,80.2305374146,59187,59197,10
13.0340204239,80.2304992676,59197,59207,10
13.0342502594,80.2304611206,59207,59217,10
13.0344696045,80.230430603,59217,59278,61
13.0344696045,80.230430603,59278,59288,10
13.0348596573,80.2304534912,59288,59298,10
13.0349798203,80.2306976318,59298,59308,10
13.0349702835,80.2308425903,59308,59318,10
13.0349502563,80.2309875488,59318,59328,10
13.0348501205,80.2314834595,59328,59338,10
13.0347795486,80.2321624756,59338,59348,10
13.0346803665,80.2329483032,59348,59358,10
13.0345802307,80.2335586548,59358,59368,10
13.0344896317,80.2342910767,59368,59378,10
13.0343999863,80.2350692749,59378,59389,11
13.0342998505,80.2358627319,59389,59399,10
13.0342197418,80.2366714478,59399,59409,10
13.0341997147,80.237197876,59409,59429,20
13.034119606,80.2373123169,59429,59465,36
13.034119606,80.2373123169,59465,59477,12
13.0341501236,80.2373962402,59477,59486,9
13.0343399048,80.2377090454,59486,59498,12
13.034620285,80.238067627,59498,59508,10
13.0349197388,80.2385406494,59508,59518,10
13.0352201462,80.2389907837,59518,59528,10
13.0354003906,80.2393417358,59528,59538,10
13.0356302261,80.239402771,59538,59548,10
13.03606987,80.239440918,59548,59558,10
13.036860466,80.2395401001,59558,59568,10
13.037610054,80.239616394,59568,59578,10
13.0383396149,80.2397232056,59578,59589,11
13.0387201309,80.239730835,59589,59600,11
13.0394697189,80.2398605347,59600,59610,10
13.0401601791,80.2399520874,59610,59620,10
13.0402498245,80.2399673462,59620,59631,11
13.0404100418,80.2402420044,59631,59641,10
13.0410203934,80.2406082153,59641,59661,20
13.0410203934,80.2406082153,59661,59671,10
13.0413599014,80.2406234741,59671,59681,10
13.0420198441,80.2406997681,59681,59691,10
13.0429201126,80.240852356,59691,59701,10
13.0438404083,80.2409896851,59701,59712,11
13.0446901321,80.2405319214,59712,59742,30
13.0446901321,80.2405319214,59742,59752,10
13.0447998047,80.2404174805,59752,59762,10
13.0452604294,80.2401580811,59762,59772,10
13.0458297729,80.2397766113,59772,59782,10
13.0462799072,80.2396087646,59782,59792,10
13.0465402603,80.2396621704,59792,59802,10
13.0467700958,80.2397232056,59802,59813,11
13.0474700928,80.2398529053,59813,59823,10
13.0483198166,80.2400283813,59823,59833,10
13.0491399765,80.2401809692,59833,59843,10
13.0497398376,80.2403182983,59843,59853,10
13.050239563,80.2403869629,59853,59863,10
13.0509300232,80.2405319214,59863,59873,10
13.0511703491,80.2405776978,59873,59889,16
13.0515403748,80.2406768799,59889,59901,12
13.0522699356,80.2408218384,59901,59909,8
13.0523395538,80.2408370972,59909,59921,12
13.052479744,80.2409667969,59921,59932,11
13.0526399612,80.241569519,59932,59942,10
13.053319931,80.2419891357,59942,59950,8
13.0540800095,80.2423019409,59950,59973,23
13.0540800095,80.2423019409,59973,59983,10
13.0544204712,80.2423706055,59983,59993,10
13.0550098419,80.2423400879,59993,60003,10
13.0555095673,80.2422714233,60003,60013,10
13.0556001663,80.2423019409,60013,60023,10
13.0557498932,80.2423400879,60023,60034,11
13.056189537,80.2424926758,60034,60044,10
13.0565299988,80.2426376343,60044,60104,60
13.0565299988,80.2426376343,60104,60114,10
13.0569200516,80.2427520752,60114,60124,10
13.0573396683,80.2429199219,60124,60134,10
13.0576896667,80.2428817749,60134,60145,11
13.0578699112,80.2428512573,60145,60155,10
13.0583896637,80.242729187,60155,60165,10
13.0590896606,80.2425765991,60165,60175,10
13.0596904755,80.2426376343,60175,60185,10
13.0603399277,80.2428817749,60185,60195,10
13.060790062,80.243019104,60195,60205,10
13.0612602234,80.2431488037,60205,60215,10
13.0616903305,80.2432327271,60215,60225,10
13.0622396469,80.2433395386,60225,60235,10
13.0625295639,80.2433776855,60235,60246,11
13.0627603531,80.2434234619,60246,60256,10
13.0633897781,80.2435302734,60256,60266,10
13.0640201569,80.243560791,60266,60276,10
13.0643501282,80.243598938,60276,60286,10
13.0650396347,80.2436218262,60286,60296,10
13.0657396317,80.2436065674,60296,60357,61
13.0657396317,80.2436065674,60357,60367,10
13.0660600662,80.2435531616,60367,60383,16
13.0670700073,80.2431793213,60383,60395,12
13.0681600571,80.2427520752,60395,60405,10
13.0687704086,80.2425613403,60405,60415,10
13.0695400238,80.2422485352,60415,60425,10
13.0700397491,80.2421112061,60425,60455,30
13.0700397491,80.2421112061,60455,60466,11
13.0702800751,80.2420806885,60466,60476,10
13.0705404282,80.2419891357,60476,60486,10
13.0709104538,80.241859436,60486,60496,10
13.0713796616,80.2416610718,60496,60536,40
13.0713796616,80.2416610718,60536,60546,10
13.071559906,80.2417068481,60546,60556,10
13.0719604492,80.2414779663,60556,60567,11
13.0725498199,80.2410888672,60567,60577,10
13.0732297897,80.2408218384,60577,60587,10
13.0739097595,80.2406005859,60587,60597,10
13.0746803284,80.2405319214,60597,60607,10
13.0756196976,80.2405166626,60607,60617,10
13.0764503479,80.2405395508,60617,60627,10
13.0770301819,80.2406082153,60627,60636,9
13.0771198273,80.2403030396,60636,60646,10
13.0769996643,80.2396316528,60646,60657,11
13.0767698288,80.2387390137,60657,60667,10
13.0766601563,80.2382202148,60667,60678,11
13.0766401291,80.2381286621,60678,60688,10
13.076499939,80.2377090454,60688,60698,10
13.0764303207,80.2372970581,60698,60718,20
13.0764303207,80.2372970581,60718,60728,10
13.0764198303,80.237159729,60728,60738,10
13.0763196945,80.2366867065,60738,60748,10
13.0762500763,80.2360610962,60748,60758,10
13.0761003494,80.2352981567,60758,60768,10
13.0758800507,80.2345275879,60768,60779,11
13.0757598877,80.2339477539,60779,60789,10
13.0761804581,80.2338180542,60789,60799,10
13.0767097473,80.2337417603,60799,60809,10
13.0767698288,80.2337417603,60809,60819,10
13.0769901276,80.2337188721,60819,60829,10
13.0775604248,80.2336425781,60829,60839,10
13.0782003403,80.2335891724,60839,60849,10
13.0789499283,80.2335662842,60849,60859,10
13.0796604156,80.2335586548,60859,60869,10
13.0803203583,80.2335281372,60869,60890,21
13.0803203583,80.2335281372,60890,60900,10
13.0806598663,80.233581543,60900,60910,10
13.0812997818,80.2336196899,60910,60920,10
13.0818004608,80.2336273193,60920,60930,10
13.081990242,80.2333984375,60930,60940,10
13.0820703506,80.2327880859,60940,60950,10
13.0823202133,80.2319717407,60950,60960,10
13.0825500488,80.2313079834,60960,60970,10
13.0825595856,80.231300354,60970,60980,10
13.082690239,80.2310562134,60980,60990,10
13.0829401016,80.2306900024,60990,61001,11
13.0831604004,80.231048584,61001,61011,10
13.0831899643,80.2317810059,61011,61021,10
13.0832796097,80.2326583862,61021,61031,10
13.083439827,80.2334289551,61031,61041,10
13.0840797424,80.2340011597,61041,61061,20
13.0840797424,80.2340011597,61061,61071,10
13.0843400955,80.2341003418,61071,61081,10
13.0848999023,80.2342300415,61081,61091,10
13.0853395462,80.234336853,61091,61101,10
13.0854701996,80.2343521118,61101,61118,17
13.0856399536,80.2343902588,61118,61130,12
13.0862903595,80.2345275879,61130,61140,10
13.0869197845,80.23462677,61140,61150,10
13.0877895355,80.2344970703,61150,61160,10
13.08796978,80.2338409424,61160,61170,10
13.0881004333,80.2330780029,61170,61180,10
13.0883598328,80.2320480347,61180,61190,10
13.0889101028,80.2305297852,61190,61211,21
13.0889101028,80.2305297852,61211,61220,9
13.0890197754,80.2303466797,61220,61231,11
13.0893201828,80.2297821045,61231,61241,10
13.0898103714,80.2290878296,61241,61251,10
13.0905504227,80.2282867432,61251,61261,10
13.091460228,80.2273025513,61261,61280,19
13.091460228,80.2273025513,61280,61290,10
13.0916404724,80.2270889282,61290,61301,11
13.0921401978,80.226600647,61301,61311,10
13.0928001404,80.2259368896,61311,61322,11
13.0933198929,80.2253875732,61322,61332,10
13.0934095383,80.2252731323,61332,61342,10
13.0937795639,80.2249069214,61342,61352,10
13.0942697525,80.2242584229,61352,61362,10
13.0948896408,80.2233810425,61362,61372,10
13.0952997208,80.2224273682,61372,61382,10
13.0953598022,80.2222976685,61382,61392,10
13.0954999924,80.2219467163,61392,61402,10
13.0957403183,80.2212677002,61402,61412,10
13.0960102081,80.2205429077,61412,61423,11
13.0962095261,80.2198867798,61423,61433,10
13.0962400436,80.219833374,61433,61443,10
13.0963897705,80.2193984985,61443,61453,10
13.0965204239,80.2190322876,61453,61463,10
13.0966501236,80.2186431885,61463,61473,10
13.0968799591,80.2179412842,61473,61483,10
13.0971403122,80.2171401978,61483,61493,10
13.0972003937,80.2169799805,61493,61503,10
13.0973596573,80.2166366577,61503,61513,10
13.0976495743,80.215927124,61513,61523,10
13.0980501175,80.2150192261,61523,61534,11
13.0983400345,80.2143325806,61534,61544,10
13.0986795425,80.2139892578,61544,61554,10
13.0992603302,80.2142791748,61554,61564,10
13.0998897552,80.2144622803,61564,61574,10
13.1002902985,80.2145767212,61574,61604,30
13.1002902985,80.2145767212,61604,61614,10
13.1004695892,80.2146606445,61614,61685,71
13.1004695892,80.2146606445,61685,61695,10
13.1005802155,80.2147064209,61695,61705,10
13.1005001068,80.2150497437,61705,61715,10
13.100230217,80.2156600952,61715,61725,10
13.1000003815,80.2161178589,61725,61735,10
13.0999097824,80.2159194946,61735,61746,11
13.1000900269,80.2155380249,61746,61756,10
13.1002902985,80.2151107788,61756,61766,10
13.1003398895,80.2149276733,61766,62725,959
13.1003398895,80.2149276733,62725,62735,10
13.100279808,80.2145996094,62735,62745,10
13.1000795364,80.2144699097,62745,62755,10
13.099820137,80.2143936157,62755,62765,10
13.0993795395,80.2142562866,62765,62775,10
13.0989198685,80.2141113281,62775,62785,10
13.0985298157,80.2140426636,62785,62795,10
13.0983400345,80.2144317627,62795,62805,10
13.0980596542,80.2150497437,62805,62815,10
13.0977401733,80.2157974243,62815,62826,11
13.097410202,80.2166213989,62826,62836,10
13.0973501205,80.2167816162,62836,62846,10
13.0972995758,80.2169189453,62846,62856,10
13.0971498489,80.2172698975,62856,62866,10
13.0968999863,80.217956543,62866,62876,10
13.0966300964,80.2188034058,62876,62886,10
13.0963201523,80.2197036743,62886,62896,10
13.0959701538,80.220703125,62896,62906,10
13.095700264,80.2214736938,62906,62916,10
13.0954999924,80.2220611572,62916,62926,10
13.0953702927,80.222442627,62926,62937,11
13.0952596664,80.2227172852,62937,62947,10
13.0949897766,80.2233200073,62947,62957,10
13.0944595337,80.2240829468,62957,62967,10
13.0937795639,80.224937439,62967,62977,10
13.0930995941,80.2256774902,62977,62987,10
13.092300415,80.2264862061,62987,62997,10
13.091219902,80.2276535034,62997,63017,20
13.091219902,80.2276535034,63017,63027,10
13.091050148,80.2277832031,63027,63038,11
13.0905895233,80.2282791138,63038,63048,10
13.0899896622,80.2289428711,63048,63058,10
13.0893602371,80.2297592163,63058,63068,10
13.0891304016,80.2302093506,63068,63078,10
13.0889797211,80.2305908203,63078,63088,10
13.0888004303,80.23097229,63088,63098,10
13.0887498856,80.231048584,63098,63108,10
13.0886497498,80.2313232422,63108,63118,10
13.08852005,80.2316589355,63118,63128,10
13.0883102417,80.232383728,63128,63138,10
13.088060379,80.2334594727,63138,63149,11
13.0879001617,80.2344512939,63149,63159,10
13.0872898102,80.2345962524,63159,63169,10
13.0866804123,80.2345581055,63169,63179,10
13.086139679,80.2344207764,63179,63189,10
13.0860204697,80.2343902588,63189,63199,10
13.0855503082,80.2342834473,63199,63209,10
13.0849704742,80.2341079712,63209,63219,10
13.0844802856,80.2340087891,63219,63229,10
13.0839996338,80.2338867188,63229,63239,10
13.083729744,80.23387146,63239,63250,11
13.0837097168,80.23387146,63250,63260,10
13.0834598541,80.2338485718,63260,63270,10
13.0824098587,80.2336425781,63270,63300,30
13.0824098587,80.2336425781,63300,63310,10
13.0822200775,80.2335662842,63310,63320,10
13.0818300247,80.2334899902,63320,63330,10
13.0810699463,80.2334671021,63330,63340,10
13.0802097321,80.2335128784,63340,63401,61
13.0802097321,80.2335128784,63401,63411,10
13.0798597336,80.2335128784,63411,63421,10
13.0796003342,80.2334823608,63421,63431,10
13.0795898438,80.2334823608,63431,63447,16
13.0790195465,80.2334976196,63447,63459,12
13.0787296295,80.2335128784,63459,63469,10
13.0782804489,80.2335205078,63469,63480,11
13.0774803162,80.2335891724,63480,63490,10
13.076880455,80.2337036133,63490,63500,10
13.0762796402,80.233833313,63500,63508,8
13.0760402679,80.2338790894,63508,63520,12
13.0758399963,80.2339782715,63520,63530,10
13.0759401321,80.2344894409,63530,63540,10
13.0761203766,80.2353973389,63540,63550,10
13.0763196945,80.2365112305,63550,63560,10
13.0764904022,80.2372436523,63560,63570,10
13.076499939,80.2372817993,63570,63581,11
13.0765399933,80.2374420166,63581,63591,10
13.0766201019,80.23777771,63591,63601,10
13.076669693,80.2379989624,63601,63611,10
13.0767698288,80.2385864258,63611,63621,10
13.0769395828,80.2392272949,63621,63631,10
13.0771303177,80.2400512695,63631,63641,10
13.077249527,80.2404022217,63641,63650,9
13.077249527,80.2404632568,63650,63661,11
13.0773496628,80.2409362793,63661,63670,9
13.0773801804,80.2413787842,63670,63681,11
13.0775499344,80.2421035767,63681,63692,11
13.0777301788,80.2431488037,63692,63702,10
13.0777797699,80.244102478,63702,63712,10
13.0778198242,80.2446975708,63712,63722,10
13.07791996,80.2455596924,63722,63732,10
13.0780296326,80.2466430664,63732,63742,10
13.0782299042,80.2476501465,63742,63752,10
13.0784597397,80.2487411499,63752,63762,10
13.0786304474,80.2493515015,63762,63772,10
13.0787200928,80.2501602173,63772,63782,10
13.078499794,80.2507476807,63782,63793,11
13.0785999298,80.2514877319,63793,63803,10
13.0784301758,80.251701355,63803,63813,10
13.0781602859,80.251739502,63813,63823,10
13.0775403976,80.2518386841,63823,63833,10
13.0767498016,80.251991272,63833,63843,10
13.0758104324,80.2521362305,63843,63859,16
13.0749397278,80.2521972656,63859,63871,12
13.074930191,80.2521972656,63871,63879,8
13.0748100281,80.2522201538,63879,63891,12
13.0743198395,80.252243042,63891,63901,10
13.0737199783,80.2524414063,63901,63912,11
13.0728902817,80.2523727417,63912,63922,10
13.072259903,80.2520599365,63922,63932,10
13.0721197128,80.2514190674,63932,63942,10
13.0719900131,80.2508621216,63942,63952,10
13.0717601776,80.2501602173,63952,63962,10
13.0715398788,80.2491836548,63962,63972,10
13.0712795258,80.2480621338,63972,63982,10
13.0709199905,80.2471618652,63982,63992,10
13.0705795288,80.2464523315,63992,64002,10
13.0701398849,80.2455062866,64002,64013,11
13.0696697235,80.2443084717,64013,64023,10
13.0693702698,80.2434692383,64023,64033,10
13.069319725,80.243347168,64033,64043,10
13.069270134,80.2431030273,64043,64052,9
13.0691699982,80.2425994873,64052,64063,11
13.0685501099,80.2425613403,64063,64073,10
13.0678195953,80.242767334,64073,64083,10
13.0669698715,80.2431411743,64083,64093,10
13.066450119,80.243347168,64093,64103,10
13.0660896301,80.2436828613,64103,64114,11
13.0661401749,80.2443466187,64114,64124,10
13.0662202835,80.2447967529,64124,64134,10
13.0662698746,80.2451019287,64134,64144,10
13.0663995743,80.2457275391,64144,64154,10
13.0670700073,80.2462005615,64154,64163,9
13.0677204132,80.2465209961,64163,64174,11
13.0678396225,80.2466430664,64174,64184,10
13.0678596497,80.2466888428,64184,64194,10
13.0679197311,80.247177124,64194,64204,10
13.0678901672,80.247756958,64204,64214,10
13.0676202774,80.2479171753,64214,64225,11
13.0668201447,80.2478408813,64225,64235,10
13.0665597916,80.247833252,64235,64245,10
13.0660800934,80.2477722168,64245,64255,10
13.0652399063,80.2477416992,64255,64265,10
13.0642004013,80.2476806641,64265,64275,10
13.0635404587,80.2476425171,64275,64285,10
13.0627403259,80.2475814819,64285,64295,10
13.0620603561,80.2475128174,64295,64305,10
13.0616197586,80.2473220825,64305,64315,10
13.0614299774,80.2472229004,64315,64325,10
13.0613603592,80.2471389771,64325,64336,11
13.0614004135,80.2469024658,64336,64346,10
13.0616703033,80.2466812134,64346,64356,10
13.0618600845,80.2463531494,64356,64366,10
13.0620203018,80.2457199097,64366,64376,10
13.0622501373,80.2451934814,64376,64386,10
13.0626001358,80.2449264526,64386,64396,10
13.0631504059,80.2444076538,64396,64416,20
13.0631504059,80.2444076538,64416,64426,10
13.063369751,80.2441101074,64426,64436,10
13.0635004044,80.2437133789,64436,64447,11
13.0629196167,80.2434921265,64447,64457,10
13.0621995926,80.243309021,64457,64473,16
13.0617198944,80.2431793213,64473,64485,12
13.0614995956,80.2431411743,64485,64493,8
13.0611896515,80.2430801392,64493,64503,10
13.0606098175,80.2429199219,64503,64515,12
13.0601396561,80.242729187,64515,64525,10
13.0597496033,80.2426071167,64525,64535,10
13.0594902039,80.2425384521,64535,64546,11
13.0589504242,80.2425765991,64546,64555,9
13.0588197708,80.2426071167,64555,64566,11
13.0584402084,80.2426681519,64566,64576,10
13.0578403473,80.2427597046,64576,64586,10
13.0574302673,80.2428283691,64586,64596,10
13.0572900772,80.2428436279,64596,64606,10
13.0568504333,80.2427368164,64606,64616,10
13.0564098358,80.2425765991,64616,64626,10
13.0562696457,80.2425308228,64626,64636,10
13.0562000275,80.242477417,64636,64646,10
13.0560302734,80.2423782349,64646,64657,11
13.0555295944,80.2422485352,64657,64667,10
13.0547895432,80.2423934937,64667,64677,10
13.0539102554,80.2423019409,64677,64707,30
13.0539102554,80.2423019409,64707,64717,10
13.0537004471,80.2422409058,64717,64727,10
13.0535202026,80.2421417236,64727,64743,16
13.0528001785,80.241859436,64743,64755,12
13.0522603989,80.2412490845,64755,64766,11
13.0519104004,80.2407836914,64766,64796,30
13.0519104004,80.2407836914,64796,64806,10
13.0517997742,80.2406692505,64806,64816,10
13.05148983,80.2405929565,64816,64826,10
13.0511598587,80.240562439,64826,64846,20
13.0509796143,80.2405319214,64846,64867,21
13.0509796143,80.2405319214,64867,64877,10
13.0508298874,80.2404937744,64877,64887,10
13.0503797531,80.2403869629,64887,64897,10
13.0498199463,80.2402496338,64897,64907,10
13.0492200851,80.2401275635,64907,64917,10
13.0484695435,80.239982605,64917,64927,10
13.0477199554,80.2398376465,64927,64937,10
13.0471897125,80.2397079468,64937,64947,10
13.0470104218,80.239692688,64947,64957,10
13.0465803146,80.2395935059,64957,64967,10
13.046210289,80.2394866943,64967,64978,11
13.046330452,80.2392883301,64978,64988,10
13.0464200974,80.2388000488,64988,64998,10
13.0465602875,80.2382202148,64998,65008,10
13.0467195511,80.2375564575,65008,65018,10
13.0468797684,80.2367401123,65018,65028,10
13.0469799042,80.2362670898,65028,65038,10
13.0470600128,80.2358398438,65038,65048,10
13.0470895767,80.2356109619,65048,65058,10
13.0471601486,80.2350463867,65058,65068,10
13.0472602844,80.2344207764,65068,65078,10
13.0473098755,80.2336502075,65078,65089,11
13.0472202301,80.2331314087,65089,65099,10
13.0466804504,80.233001709,65099,65109,10
13.0459403992,80.2328109741,65109,65119,10
13.0451602936,80.2326202393,65119,65149,30
13.0451602936,80.2326202393,65149,65165,16
13.0444498062,80.2324676514,65165,65177,12
13.0436296463,80.2323226929,65177,65186,9
13.0430898666,80.2323226929,65186,65198,12
13.0424203873,80.2323303223,65198,65208,10
13.0417699814,80.2322692871,65208,65218,10
13.0409803391,80.2320709229,65218,65228,10
13.040140152,80.2317581177,65228,65237,9
13.0390396118,80.2314605713,65237,65248,11
13.0378799438,80.2311401367,65248,65257,9
13.0371904373,80.2309036255,65257,65268,11
13.0367002487,80.2307891846,65268,65278,10
13.0361995697,80.2305908203,65278,65288,10
13.035200119,80.2303237915,65288,65430,142
13.035200119,80.2303237915,65430,65440,10
13.034910202,80.2302398682,65440,65450,10
13.0343999863,80.2303466797,65450,65460,10
13.0339603424,80.2304229736,65460,65470,10
13.0334196091,80.2304534912,65470,65490,20
13.0334196091,80.2304534912,65490,65500,10
13.0331897736,80.2304763794,65500,65511,11
13.032500267,80.2305526733,65511,65521,10
13.0316696167,80.2306365967,65521,65531,10
13.0308198929,80.2307128906,65531,65541,10
13.030380249,80.2307434082,65541,65551,10
13.0298595428,80.2308120728,65551,65561,10
13.0297803879,80.2308197021,65561,65571,10
13.0297403336,80.2308273315,65571,65581,10
13.029299736,80.2308578491,65581,65591,10
13.0285997391,80.2309417725,65591,65601,10
13.0279302597,80.2309799194,65601,65611,10
13.0276699066,80.2311630249,65611,65622,11
13.0277099609,80.2317962646,65622,65638,16
13.0278396606,80.2328491211,65638,65650,12
13.0273103714,80.2329406738,65650,65660,10
13.0268802643,80.2330093384,65660,65670,10
13.0265102386,80.2329864502,65670,65680,10
13.0262804031,80.2324829102,65680,65690,10
13.0260801315,80.2317581177,65690,65700,10
13.0258798599,80.2309570313,65700,65709,9
13.0256795883,80.2304763794,65709,65719,10
13.0254497528,80.2300567627,65719,65730,11
13.0252504349,80.2297821045,65730,65741,11
13.0250597,80.2295227051,65741,65752,11
13.0249795914,80.2294235229,65752,65762,10
13.0248603821,80.2292785645,65762,65792,30
13.0248603821,80.2292785645,65792,65802,10
13.024720192,80.2291030884,65802,65812,10
13.0244197845,80.2287368774,65812,65822,10
13.0240497589,80.2283477783,65822,65843,21
13.0240497589,80.2283477783,65843,65853,10
13.0239896774,80.2282562256,65853,65863,10
13.0238704681,80.2281112671,65863,65873,10
13.0235204697,80.2277374268,65873,65883,10
13.0231599808,80.2273712158,65883,65893,10
13.0226802826,80.2268981934,65893,65903,10
13.0220298767,80.2263412476,65903,65913,10
13.0212802887,80.2257537842,65913,65923,10
13.020939827,80.2254562378,65923,65933,10
13.0206804276,80.2252807617,65933,65944,11
13.0201597214,80.224937439,65944,65954,10
13.019490242,80.2245330811,65954,65964,10
13.0186300278,80.2245635986,65964,65974,10
13.0177698135,80.2249069214,65974,65990,16
13.016699791,80.2253723145,65990,66002,12
13.0163803101,80.2255096436,66002,66012,10
13.0160503387,80.2256164551,66012,66020,8
13.01541996,80.2258529663,66020,66032,12
13.0143003464,80.2262878418,66032,66064,32
13.0143003464,80.2262878418,66064,66074,10
13.0140800476,80.2264099121,66074,66084,10
13.0135202408,80.2266082764,66084,66094,10
13.0128297806,80.2268676758,66094,66104,10
13.0124197006,80.2270126343,66104,66114,10
13.0118398666,80.2272415161,66114,66123,9
13.0111503601,80.2275238037,66123,66133,10
13.010219574,80.2278900146,66133,66144,11
13.0092496872,80.2283782959,66144,66155,11
13.0089797974,80.2294006348,66155,66165,10
13.008769989,80.2304611206,66165,66175,10
13.0085897446,80.2314529419,66175,66185,10
13.0083904266,80.232460022,66185,66195,10
13.0082798004,80.2333831787,66195,66225,30
13.0082798004,80.2333831787,66225,66235,10
13.0082302094,80.2336120605,66235,66245,10
13.0082302094,80.2336196899,66245,66256,11
13.0081195831,80.2339172363,66256,66266,10
13.0080299377,80.2343597412,66266,66276,10
13.0079603195,80.2346496582,66276,66286,10
13.0078496933,80.235206604,66286,66296,10
13.0076999664,80.2359619141,66296,66306,10
13.0075502396,80.2367019653,66306,66316,10
13.007399559,80.2374572754,66316,66326,10
13.0072803497,80.2380905151,66326,66336,10
13.0071296692,80.238899231,66336,66346,10
13.0069704056,80.2398986816,66346,66387,41
13.0069704056,80.2398986816,66387,66397,10
13.0068998337,80.2400970459,66397,66407,10
13.0068397522,80.2406082153,66407,66417,10
13.006819725,80.2407302856,66417,66427,10
13.0067796707,80.2409591675,66427,66437,10
13.0067300797,80.2415390015,66437,66447,10
13.0066995621,80.2423782349,66447,66456,9
13.0066699982,80.2432022095,66456,66466,10
13.0066404343,80.2439804077,66466,66478,12
13.006649971,80.2447814941,66478,66488,10
13.0066604614,80.2453384399,66488,66498,10
13.0066900253,80.2459793091,66498,66518,20
13.0067100525,80.2465133667,66518,66528,10
13.0067300797,80.2470397949,66528,66538,10
13.0066995621,80.2477874756,66538,66548,10
13.0067300797,80.2487030029,66548,66558,10
13.0068597794,80.2495803833,66558,66578,20
13.0068597794,80.2495803833,66578,66589,11
13.0068502426,80.2499008179,66589,66599,10
13.006819725,80.2505264282,66599,66609,10
13.0067996979,80.2512588501,66609,66619,10
13.006770134,80.2515029907,66619,66629,10
13.0066699982,80.2519378662,66629,66639,10
13.0065498352,80.2526702881,66639,66649,10
13.0065498352,80.2533569336,66649,66659,10
13.0065498352,80.2541809082,66659,66669,10
13.0066099167,80.255027771,66669,66700,31
13.0066099167,80.255027771,66700,66710,10
13.0065603256,80.2553100586,66710,66720,10
13.0065803528,80.2559127808,66720,66730,10
13.0065803528,80.2567214966,66730,66740,10
13.0066204071,80.2571334839,66740,66770,30
13.0066204071,80.2571334839,66770,66780,10
13.0066795349,80.2572402954,66780,66790,10
13.0064897537,80.257598877,66790,66801,11
13.0058097839,80.2574768066,66801,66811,10
13.0054502487,80.2574234009,66811,66821,10
13.0050601959,80.2572402954,66821,66831,10
13.0045003891,80.2571411133,66831,66841,10
13.0036401749,80.2569580078,66841,66871,30
13.0036401749,80.2569580078,66871,66881,10
13.0031499863,80.2568511963,66881,66901,20
13.0031499863,80.2568511963,66901,66912,11
13.002869606,80.2568130493,66912,66922,10
13.0025100708,80.2567520142,66922,66932,10
13.0021800995,80.2566986084,66932,66942,10
13.0016403198,80.2566299438,66942,67013,71
13.0016403198,80.2566299438,67013,67023,10
13.0012197495,80.2565917969,67023,67033,10
13.0001296997,80.2564086914,67033,67053,20
13.0001296997,80.2564086914,67053,67063,10
13.0000600815,80.2563705444,67063,67073,10
12.9996299744,80.2562866211,67073,67083,10
12.9989995956,80.2561416626,67083,67093,10
12.9981498718,80.2560119629,67093,67103,10
12.9975996017,80.2559585571,67103,67113,10
12.9970798492,80.2559585571,67113,67124,11
12.9968795776,80.256362915,67124,67134,10
12.9968299866,80.2569503784,67134,67154,20
12.9968299866,80.2569503784,67154,67164,10
12.9968395233,80.2570800781,67164,67174,10
12.9967803955,80.2576217651,67174,67184,10
12.9966802597,80.258430481,67184,67194,10
12.9965896606,80.2592163086,67194,67204,10
12.9965400696,80.2595977783,67204,67214,10
12.9964599609,80.2601699829,67214,67225,11
12.9963798523,80.2610626221,67225,67235,10
12.9963197708,80.26171875,67235,67245,10
12.9962100983,80.2623596191,67245,67265,20
12.9962100983,80.2623596191,67265,67275,10
12.9961795807,80.2625274658,67275,67285,10
12.9961204529,80.2630233765,67285,67295,10
12.9961004257,80.2633666992,67295,67305,10
12.9960603714,80.2639923096,67305,67315,10
12.9959802628,80.2647399902,67315,67325,10
12.9959402084,80.2652587891,67325,67336,11
12.995880127,80.2655105591,67336,67346,10
12.9958095551,80.2661437988,67346,67356,10
12.9957199097,80.2670211792,67356,67366,10
12.9956998825,80.2676086426,67366,67376,10
12.9960803986,80.2677536011,67376,67396,20
12.9960803986,80.2677536011,67396,67406,10
12.9961500168,80.2677612305,67406,67416,10
12.9966201782,80.2678375244,67416,67426,10
12.9973602295,80.2676696777,67426,67436,10
12.9978303909,80.267539978,67436,67447,11
12.9983797073,80.2673721313,67447,67457,10
12.9986696243,80.2673110962,67457,67467,10
12.9992599487,80.2671432495,67467,67477,10
13.0000896454,80.2666702271,67477,67497,20
13.0000896454,80.2666702271,67497,67507,10
13.0001497269,80.2665176392,67507,67517,10
13.0002002716,80.2659606934,67517,67527,10
13.0003299713,80.2657928467,67527,67537,10
13.0003404617,80.2661209106,67537,68789,1252
13.0003404617,80.2661209106,68789,68799,10
13.0002603531,80.2666015625,68799,68809,10
13.0002202988,80.2667922974,68809,68820,11
13.0001401901,80.2668685913,68820,68830,10
12.9997797012,80.2669830322,68830,68840,10
12.9992103577,80.2671432495,68840,68850,10
12.99862957,80.2673187256,68850,68860,10
12.9981002808,80.2674636841,68860,68870,10
12.9975099564,80.2676391602,68870,68880,10
12.9969797134,80.2677764893,68880,68890,10
12.9963703156,80.2677993774,68890,68900,10
12.995880127,80.2677612305,68900,68910,10
12.9956798553,80.2674179077,68910,68931,21
12.9956798553,80.2674179077,68931,68941,10
12.9956998825,80.2671203613,68941,68951,10
12.9957103729,80.2667999268,68951,68961,10
12.9957895279,80.2661437988,68961,68971,10
12.9958696365,80.2652893066,68971,68981,10
12.9959697723,80.2644577026,68981,68991,10
12.9960699081,80.2635803223,68991,69001,10
12.9961204529,80.2630386353,69001,69011,10
12.9961500168,80.2626571655,69011,69021,10
12.9961500168,80.2626495361,69021,69031,10
12.9961795807,80.2625427246,69031,69042,11
12.9962301254,80.2621002197,69042,69052,10
12.9962596893,80.2619628906,69052,69062,10
12.9962997437,80.2616119385,69062,69071,9
12.9963598251,80.2610321045,69071,69082,11
12.9964599609,80.2603683472,69082,69092,10
12.9964799881,80.2598724365,69092,69102,10
12.9965000153,80.2594909668,69102,69112,10
12.996509552,80.2594528198,69112,69122,10
12.9965400696,80.2591781616,69122,69132,10
12.9965896606,80.2586975098,69132,69142,10
12.9966201782,80.2584609985,69142,69153,11
12.9967002869,80.2577667236,69153,69163,10
12.9968004227,80.256942749,69163,69173,10
12.9968395233,80.2561721802,69173,69284,111
12.9968395233,80.2561721802,69284,69294,10
12.9970397949,80.2558364868,69294,69304,10
12.9976301193,80.2559127808,69304,69314,10
12.9987802505,80.2560806274,69314,69334,20
12.9987802505,80.2560806274,69334,69344,10
12.9989204407,80.2561264038,69344,69354,10
12.9992599487,80.2562026978,69354,69405,51
12.9992599487,80.2562026978,69405,69415,10
12.9994802475,80.2563018799,69415,69425,10
12.9999303818,80.2563705444,69425,69435,10
13.0004501343,80.2564697266,69435,69445,10
13.0012102127,80.2566070557,69445,69455,10
13.001999855,80.256729126,69455,69465,10
13.002579689,80.2568283081,69465,69476,11
13.003080368,80.2569198608,69476,69486,10
13.0033197403,80.2569732666,69486,69496,10
13.0035896301,80.257019043,69496,69506,10
13.0040798187,80.2571334839,69506,69516,10
13.0045604706,80.2572021484,69516,69526,10
13.0051298141,80.25730896,69526,69536,10
13.0053396225,80.2573318481,69536,69546,10
13.0056400299,80.2574310303,69546,69556,10
13.0061597824,80.257522583,69556,69566,10
13.0065402985,80.2574768066,69566,69577,11
13.0065002441,80.2569274902,69577,69587,10
13.0064697266,80.2560272217,69587,69597,10
13.0065002441,80.2551727295,69597,69607,10
13.0064897537,80.254447937,69607,69617,10
13.006480217,80.2539596558,69617,69657,40
13.006480217,80.2539596558,69657,69667,10
13.0064496994,80.2533874512,69667,69698,31
13.0064496994,80.2533874512,69698,69708,10
13.0064601898,80.2530822754,69708,69718,10
13.0064697266,80.2527389526,69718,69728,10
13.0065097809,80.2523193359,69728,69778,50
13.0065097809,80.2523193359,69778,69789,11
13.0065498352,80.2521820068,69789,69799,10
13.0066299438,80.2517471313,69799,69809,10
13.0067300797,80.2510986328,69809,69819,10
13.0067100525,80.2502365112,69819,69829,10
13.0066995621,80.2492828369,69829,69839,10
13.0066299438,80.2483596802,69839,69849,10
13.0065698624,80.2476730347,69849,69889,40
13.0065698624,80.2476730347,69889,69900,11
13.0066099167,80.2475204468,69900,69910,10
13.0066299438,80.2470779419,69910,69920,10
13.0065603256,80.2465820313,69920,69940,20
13.0065603256,80.2465820313,69940,69950,10
13.0066099167,80.2464828491,69950,69960,10
13.0065698624,80.2460021973,69960,69970,10
13.0065698624,80.2457199097,69970,69980,10
13.0065803528,80.2455368042,69980,69990,10
13.0065803528,80.2452163696,69990,70000,10
13.0065698624,80.2449264526,70000,70011,11
13.0065698624,80.244720459,70011,70021,10
13.0065803528,80.2444763184,70021,70031,10
13.0065803528,80.2442169189,70031,70041,10
13.0065698624,80.2439880371,70041,70051,10
13.0065803528,80.2437973022,70051,70061,10
13.0065803528,80.2437515259,70061,70071,10
13.0066003799,80.2436218262,70071,70081,10
13.0065698624,80.2432098389,70081,70091,10
13.0065402985,80.2425689697,70091,70101,10
13.0065202713,80.2418365479,70101,70112,11
13.006529808,80.2416992188,70112,70122,10
13.0065698624,80.2410812378,70122,70192,70
13.0065698624,80.2410812378,70192,70202,10
13.006649971,80.2406387329,70202,70212,10
13.0066795349,80.2404022217,70212,70222,10
13.0066795349,80.2403869629,70222,70233,11
13.0067901611,80.2400283813,70233,70243,10
13.0069103241,80.2394180298,70243,70253,10
13.0070495605,80.2386016846,70253,70263,10
13.0072202682,80.2378387451,70263,70273,10
13.007349968,80.2371673584,70273,70283,10
13.007399559,80.2367706299,70283,70293,10
13.0074100494,80.2367706299,70293,70303,10
13.0074596405,80.2366485596,70303,70313,10
13.0075502396,80.2362136841,70313,70323,10
13.0076799393,80.2355499268,70323,70334,11
13.0078401566,80.234703064,70334,70344,10
13.0080299377,80.2338027954,70344,70354,10
13.0081701279,80.2330627441,70354,70364,10
13.0083799362,80.2321090698,70364,70374,10
13.0085897446,80.2309799194,70374,70384,10
13.0088100433,80.2298583984,70384,70394,10
13.0089797974,80.2289886475,70394,70404,10
13.0091695786,80.2282028198,70404,70414,10
13.0095100403,80.2273788452,70414,70424,10
13.0099401474,80.2264404297,70424,70435,11
13.0103197098,80.2256317139,70435,70445,10
13.0103998184,80.225440979,70445,70455,10
13.0105495453,80.2251434326,70455,70465,10
13.0107002258,80.224822998,70465,70475,10
13.0108995438,80.2243804932,70475,70485,10
13.0110502243,80.2239990234,70485,70495,10
13.0111598969,80.2236785889,70495,70515,20
13.0111598969,80.2236785889,70515,70525,10
13.0112800598,80.223449707,70525,70535,10
13.0114202499,80.2231674194,70535,70546,11
13.011639595,80.2226715088,70546,70556,10
13.0119199753,80.2219009399,70556,70566,10
13.0123596191,80.221572876,70566,70576,10
13.0126399994,80.2219619751,70576,70586,10
13.0130996704,80.2225418091,70586,70596,10
13.0136604309,80.223197937,70596,70606,10
13.0143003464,80.2239685059,70606,70616,10
13.0149097443,80.2246170044,70616,70626,10
13.0155200958,80.2251205444,70626,70646,20
13.0155200958,80.2251205444,70646,70657,11
13.0156803131,80.2252120972,70657,70667,10
13.016119957,80.2254180908,70667,70677,10
13.0169000626,80.2252502441,70677,70687,10
13.0178003311,80.2248916626,70687,70697,10
13.0185403824,80.2245864868,70697,70707,10
13.0191297531,80.2244415283,70707,70717,10
13.0194797516,80.2244873047,70717,70727,10
13.019659996,80.2245788574,70727,70737,10
13.0199699402,80.2248001099,70737,70747,10
13.0203800201,80.2250976563,70747,70757,10
13.0207300186,80.2253570557,70757,70768,11
13.0211000443,80.2256469727,70768,70784,16
13.0219202042,80.2262268066,70784,70806,22
13.0219202042,80.2262268066,70806,70816,10
13.0221395493,80.2264404297,70816,70826,10
13.0226602554,80.2268981934,70826,70836,10
13.0232696533,80.2274627686,70836,70844,8
13.0237102509,80.2278671265,70844,70856,12
13.0242204666,80.2284393311,70856,70866,10
13.0246295929,80.2290420532,70866,70877,11
13.0249996185,80.2295379639,70877,70886,9
13.0254001617,80.2300796509,70886,70897,11
13.025850296,80.2308197021,70897,70947,50
13.025850296,80.2308197021,70947,70957,10
13.0259599686,80.2309265137,70957,70967,10
13.0260000229,80.2312011719,70967,70978,11
13.0262098312,80.2313766479,70978,70988,10
13.0267896652,80.2312393188,70988,70998,10
13.0275802612,80.231048584,70998,71008,10
13.0285100937,80.2309570313,71008,71028,20
13.0285100937,80.2309570313,71028,71038,10
13.0288696289,80.2309570313,71038,71048,10
13.029250145,80.2309036255,71048,71089,41
13.029250145,80.2309036255,71089,71099,10
13.0295801163,80.2309188843,71099,71109,10
13.030090332,80.2308502197,71109,71119,10
13.0306301117,80.2308120728,71119,71129,10
13.0312299728,80.230758667,71129,71139,10
13.0318603516,80.2307128906,71139,71149,10
13.0325403214,80.2306518555,71149,71159,10
13.0332803726,80.2306213379,71159,71169,10
13.0339202881,80.2305603027,71169,71179,10
13.0342798233,80.2304992676,71179,71190,11
13.0344295502,80.2304534912,71190,71220,30
13.0344295502,80.2304534912,71220,71230,10
13.034529686,80.2304382324,71230,71240,10
13.0347499847,80.230430603,71240,71250,10
13.0347604752,80.230430603,71250,71260,10
13.0349502563,80.2305831909,71260,71270,10
13.0349197388,80.2308425903,71270,71280,10
13.0348596573,80.2313308716,71280,71290,10
13.0347604752,80.2318191528,71290,71301,11
13.0346803665,80.2323684692,71301,71311,10
13.034620285,80.232963562,71311,71321,10
13.0346097946,80.2330932617,71321,71331,10
13.0345602036,80.2333679199,71331,71341,10
13.0345201492,80.2335891724,71341,71351,10
13.0344400406,80.23412323,71351,71361,10
13.0343399048,80.2348937988,71361,71371,10
13.0342302322,80.2358627319,71371,71381,10
13.0341396332,80.2366714478,71381,71391,10
13.0341100693,80.2371368408,71391,71472,81
13.0341100693,80.2371368408,71472,71482,10
13.0341396332,80.2373809814,71482,71492,10
13.0343599319,80.2377471924,71492,71503,11
13.0348396301,80.2384719849,71503,71523,20
13.0348396301,80.2384719849,71523,71533,10
13.0350198746,80.2387313843,71533,71543,10
13.0352802277,80.2391662598,71543,71553,10
13.0353899002,80.2393569946,71553,71563,10
13.0356197357,80.2394180298,71563,71573,10
13.0361003876,80.2394790649,71573,71583,10
13.036529541,80.2395401001,71583,71593,10
13.0371999741,80.2396011353,71593,71603,10
13.0379104614,80.239692688,71603,71614,11
13.0387601852,80.2398376465,71614,71624,10
13.0392398834,80.2398834229,71624,71634,10
13.0397796631,80.2399291992,71634,71644,10
13.0401601791,80.2399978638,71644,71674,30
13.0401601791,80.2399978638,71674,71684,10
13.0403795242,80.2403030396,71684,71694,10
13.0404596329,80.2405776978,71694,71704,10
13.0409002304,80.2406387329,71704,71714,10
13.0409698486,80.2406692505,71714,71724,10
13.0410203934,80.2406692505,71724,71735,11
13.0414800644,80.2407073975,71735,71745,10
13.0422096252,80.2407989502,71745,71755,10
13.0431604385,80.2409591675,71755,71765,10
13.0439195633,80.2410430908,71765,71775,10
13.044380188,80.2407836914,71775,71785,10
13.0444202423,80.2407531738,71785,71795,10
13.0445299149,80.2406768799,71795,71805,10
13.0449104309,80.2404174805,71805,71815,10
13.0453100204,80.2401428223,71815,71825,10
13.045539856,80.239982605,71825,71836,11
13.0458498001,80.2397384644,71836,71846,10
13.0460500717,80.2395935059,71846,71856,10
13.0464296341,80.2396621704,71856,71866,10
13.046500206,80.2396774292,71866,71876,10
13.0465402603,80.2397003174,71876,71886,10
13.0469303131,80.2397918701,71886,71896,10
13.0475702286,80.2399291992,71896,71906,10
13.0483703613,80.2400817871,71906,71916,10
13.0492296219,80.2402420044,71916,71925,9
13.0496997833,80.2403488159,71925,71936,11
13.0504598618,80.2405166626,71936,71947,11
13.0511598587,80.2406692505,71947,71957,10
13.051199913,80.2406921387,71957,71967,10
13.051440239,80.2407302856,71967,71977,10
13.0519800186,80.2408065796,71977,71987,10
13.0524196625,80.2409667969,71987,71997,10
13.0524997711,80.2414398193,71997,72007,10
13.0528097153,80.2418289185,72007,72017,10
13.0534801483,80.2421264648,72017,72027,10
13.0537900925,80.2422790527,72027,72037,10
13.0540895462,80.2423400879,72037,72078,41
13.0540895462,80.2423400879,72078,72088,10
13.0543403625,80.2424087524,72088,72098,10
13.0548696518,80.2424087524,72098,72108,10
13.0556001663,80.2423324585,72108,72118,10
13.0564002991,80.2426528931,72118,72128,10
13.0568599701,80.24269104,72128,72137,9
13.0573301315,80.2428817749,72137,72149,12
13.05768013,80.2428512573,72149,72159,10
13.0577802658,80.2428588867,72159,72169,10
13.0581197739,80.2427215576,72169,72179,10
13.0585203171,80.2426528931,72179,72189,10
13.0587501526,80.2426071167,72189,72199,10
13.0588502884,80.2425918579,72199,72209,10
13.0591402054,80.2425537109,72209,72219,10
13.059709549,80.2426681519,72219,72229,10
13.0602302551,80.2428588867,72229,72239,10
13.0606403351,80.2429962158,72239,72249,10
13.0612297058,80.2431869507,72249,72259,10
13.0616903305,80.2432937622,72259,72270,11
13.0620002747,80.243347168,72270,72291,21
13.0620002747,80.243347168,72291,72301,10
13.0622596741,80.2433624268,72301,72311,10
13.0624103546,80.2433929443,72311,72321,10
13.0624198914,80.2433929443,72321,72331,10
13.0627002716,80.2434463501,72331,72341,10
13.0631399155,80.2435379028,72341,72351,10
13.063659668,80.2435684204,72351,72361,10
13.0640096664,80.2435913086,72361,72372,11
13.0645303726,80.243598938,72372,72382,10
13.0652198792,80.2436065674,72382,72392,10
13.0657100677,80.243598938,72392,72402,10
13.0660200119,80.243560791,72402,72412,10
13.0660800934,80.2435379028,72412,72422,10
13.0663499832,80.2434387207,72422,72432,10
13.0668201447,80.2432632446,72432,72442,10
13.0672197342,80.243057251,72442,72452,10
13.0677700043,80.2428512573,72452,72462,10
13.0684404373,80.2426605225,72462,72472,10
13.0690002441,80.2424163818,72472,72493,21
13.0690002441,80.2424163818,72493,72503,10
13.0693597794,80.2423324585,72503,72513,10
13.0699996948,80.2421722412,72513,72533,20
13.0699996948,80.2421722412,72533,72543,10
13.0700397491,80.2422103882,72543,72553,10
13.0703802109,80.2421188354,72553,72563,10
13.0709495544,80.2419281006,72563,72574,11
13.0717401505,80.2415924072,72574,72584,10
13.0724401474,80.2411193848,72584,72594,10
13.0731201172,80.240852356,72594,72604,10
13.0734100342,80.2407608032,72604,72614,10
13.0738401413,80.2406311035,72614,72624,10
13.0745801926,80.240562439,72624,72634,10
13.0754804611,80.2405471802,72634,72644,10
13.0763196945,80.240562439,72644,72654,10
13.0766401291,80.2406234741,72654,72664,10
13.0769300461,80.2406616211,72664,72674,10
13.0770797729,80.2404403687,72674,72684,10
13.0770301819,80.2400817871,72684,72695,11
13.0768499374,80.2393493652,72695,72705,10
13.0766601563,80.2385482788,72705,72721,16
13.076499939,80.2378768921,72721,72733,12
13.0764198303,80.2375488281,72733,72741,8
13.0763597488,80.2372665405,72741,72762,21
13.0763597488,80.2372665405,72762,72773,11
13.0764503479,80.2372512817,72773,72783,10
13.0763597488,80.2369766235,72783,72793,10
13.076259613,80.2364501953,72793,72803,10
13.0761404037,80.2356796265,72803,72814,11
13.0759000778,80.234703064,72814,72824,10
13.0758199692,80.2339706421,72824,72834,10
13.0760698318,80.2338409424,72834,72844,10
13.076379776,80.2337875366,72844,72854,10
13.0766601563,80.2337265015,72854,72874,20
13.0766601563,80.2337265015,72874,72884,10
13.0770101547,80.2336730957,72884,72895,11
13.0777397156,80.2335891724,72895,72905,10
13.0784797668,80.233581543,72905,72915,10
13.0792798996,80.233581543,72915,72925,10
13.0802698135,80.233581543,72925,72955,30
13.0802698135,80.233581543,72955,72965,10
13.0804300308,80.2336196899,72965,72975,10
13.0809297562,80.2336196899,72975,72985,10
13.0815401077,80.2336502075,72985,72995,10
13.0819501877,80.2335205078,72995,73006,11
13.0820398331,80.2328033447,73006,73016,10
13.0822200775,80.232170105,73016,73026,10
13.0824298859,80.2315292358,73026,73036,10
13.0824899673,80.2313690186,73036,73046,10
13.0825500488,80.2312774658,73046,73056,10
13.0827302933,80.2308578491,73056,73066,10
13.0830497742,80.230758667,73066,73076,10
13.0831098557,80.231300354,73076,73086,10
13.0831604004,80.2321090698,73086,73096,10
13.0832595825,80.2329025269,73096,73106,10
13.0834302902,80.2336883545,73106,73127,21
13.0834302902,80.2336883545,73127,73137,10
13.0835895538,80.2339324951,73137,73147,10
13.0839595795,80.2340011597,73147,73167,20
13.0839595795,80.2340011597,73167,73177,10
13.0840902328,80.2340774536,73177,73187,10
13.0845003128,80.2341766357,73187,73197,10
13.0850400925,80.2342910767,73197,73207,10
13.0857000351,80.2344207764,73207,73218,11
13.0861101151,80.2345275879,73218,73228,10
13.086520195,80.2345733643,73228,73238,10
13.0869102478,80.234588623,73238,73248,10
13.0876197815,80.2345428467,73248,73258,10
13.0879001617,80.2339401245,73258,73268,10
13.0880002975,80.2332229614,73268,73278,10
13.088139534,80.2326278687,73278,73288,10
13.0882501602,80.2322006226,73288,73298,10
13.0884504318,80.2315216064,73298,73308,10
13.0888795853,80.2305221558,73308,73329,21
13.0888795853,80.2305221558,73329,73339,10
13.0889501572,80.2304382324,73339,73349,10
13.0891599655,80.2300033569,73349,73359,10
13.0895395279,80.2293624878,73359,73369,10
13.0901699066,80.2286834717,73369,73379,10
13.0909204483,80.2278594971,73379,73389,10
13.0914001465,80.2273178101,73389,73409,20
13.0914001465,80.2273178101,73409,73419,10
13.0915603638,80.227180481,73419,73429,10
13.0919799805,80.2267379761,73429,73440,11
13.0926198959,80.2260894775,73440,73450,10
13.0932197571,80.2254562378,73450,73460,10
13.0933103561,80.2253570557,73460,73470,10
13.0935697556,80.2250900269,73470,73480,10
13.0939903259,80.2245788574,73480,73490,10
13.0945196152,80.2238616943,73490,73500,10
13.0950803757,80.2228927612,73500,73510,10
13.0952396393,80.2224197388,73510,73520,10
13.0953197479,80.2222366333,73520,73530,10
13.0955896378,80.2215499878,73530,73541,11
13.0959196091,80.2206268311,73541,73551,10
13.0961999893,80.2198181152,73551,73561,10
13.0962600708,80.2195892334,73561,73571,10
13.0963201523,80.2193832397,73571,73581,10
13.0963401794,80.2193222046,73581,73591,10
13.0964002609,80.2191619873,73591,73601,10
13.096570015,80.2187271118,73601,73611,10
13.0968103409,80.2180023193,73611,73621,10
13.0970802307,80.2171478271,73621,73631,10
13.0971603394,80.2169418335,73631,73642,11
13.097240448,80.2167892456,73642,73652,10
13.0973901749,80.2164230347,73652,73662,10
13.0976800919,80.2157592773,73662,73672,10
13.0980195999,80.2149505615,73672,73682,10
13.0982398987,80.2144622803,73682,73692,10
13.0983104706,80.2143325806,73692,73702,10
13.0984697342,80.2140426636,73702,73712,10
13.0988798141,80.2142028809,73712,73722,10
13.0993404388,80.2143630981,73722,73732,10
13.0997200012,80.2144622803,73732,73742,10
13.1001796722,80.21459198,73742,73866,124
13.1001796722,80.21459198,73866,73876,10
13.1004800797,80.2147369385,73876,73886,10
13.1004495621,80.2150421143,73886,73896,10
13.1001796722,80.215637207,73896,73906,10
13.0999603271,80.2161102295,73906,73916,10
13.099820137,80.2161026001,73916,73926,10
13.0999202728,80.2158203125,73926,73936,10
13.1000404358,80.2155380249,73936,73946,10
13.1001996994,80.2148895264,73946,75420,1474
13.1001996994,80.2148895264,75420,75430,10
13.1002197266,80.2146224976,75430,75440,10
13.1001501083,80.2145233154,75440,75450,10
13.0998897552,80.2144699097,75450,75460,10
13.0994997025,80.2143783569,75460,75471,11
13.0989198685,80.2142181396,75471,75481,10
13.0984697342,80.2141036987,75481,75491,10
13.0982599258,80.2145004272,75491,75501,10
13.0979795456,80.2151031494,75501,75511,10
13.0976800919,80.2158203125,75511,75521,10
13.0973596573,80.2165985107,75521,75531,10
13.0972700119,80.2167816162,75531,75541,10
13.0972099304,80.2169494629,75541,75551,10
13.0971403122,80.2171173096,75551,75561,10
13.0969295502,80.2176895142,75561,75572,11
13.0966396332,80.2185592651,75572,75582,10
13.0964403152,80.2192306519,75582,75592,10
13.0962600708,80.2196731567,75592,75602,10
13.095990181,80.2204284668,75602,75612,10
13.0957298279,80.2211608887,75612,75622,10
13.0955295563,80.2217788696,75622,75632,10
13.0953197479,80.2223892212,75632,75642,10
13.0948095322,80.2235336304,75642,75652,10
13.09416008,80.2244415283,75652,75662,10
13.0935096741,80.225227356,75662,75672,10
13.0927000046,80.22605896,75672,75682,10
13.0919303894,80.2268295288,75682,75693,11
13.0911397934,80.2276916504,75693,75713,20
13.0911397934,80.2276916504,75713,75723,10
13.090880394,80.2279281616,75723,75733,10
13.0904197693,80.2284469604,75733,75743,10
13.0897397995,80.2291793823,75743,75753,10
13.0891895294,80.2300186157,75753,75763,10
13.0890302658,80.2303619385,75763,75773,10
13.088809967,80.2308578491,75773,75783,10
13.0887403488,80.2309799194,75783,75794,11
13.0885400772,80.2314224243,75794,75804,10
13.0883197784,80.2321395874,75804,75814,10
13.0880804062,80.2331008911,75814,75824,10
13.0879602432,80.23412323,75824,75834,10
13.0875301361,80.2345962524,75834,75844,10
13.0867204666,80.2345733643,75844,75854,10
13.0861196518,80.2344894409,75854,75864,10
13.0854501724,80.2343215942,75864,75874,10
13.0848903656,80.2341766357,75874,75884,10
13.0843400955,80.234046936,75884,75895,11
13.0836200714,80.2339019775,75895,75915,20
13.0836200714,80.2339019775,75915,75925,10
13.0832901001,80.2338409424,75925,75935,10
13.0827999115,80.233757019,75935,75945,10
13.0823297501,80.2336578369,75945,75954,9
13.0822496414,80.2336196899,75954,75965,11
13.0817203522,80.2335586548,75965,75975,10
13.0809001923,80.2335205078,75975,75985,10
13.0801200867,80.2335205078,75985,75995,10
13.0795698166,80.2334976196,75995,76006,11
13.0789604187,80.2335205078,76006,76016,10
13.0782299042,80.2335662842,76016,76026,10
13.077630043,80.2335891724,76026,76036,10
13.0770597458,80.2336807251,76036,76046,10
13.0759496689,80.2338867188,76046,76066,20
13.0759496689,80.2338867188,76066,76076,10
13.0757904053,80.2341003418,76076,76086,10
13.075920105,80.2347106934,76086,76096,10
13.0761003494,80.2355880737,76096,76107,11
13.0762796402,80.2366790771,76107,76116,9
13.0764198303,80.2372589111,76116,76127,11
13.0764598846,80.2374191284,76127,76137,10
13.0765600204,80.2379074097,76137,76147,10
13.0765800476,80.2379837036,76147,76157,10
13.0766401291,80.2384262085,76157,76167,10
13.0768203735,80.2392196655,76167,76177,10
13.0770597458,80.2401885986,76177,76187,10
13.0772304535,80.2408828735,76187,76197,10
13.077340126,80.2415771484,76197,76207,10
13.0775403976,80.2423629761,76207,76218,11
13.0776901245,80.2434082031,76218,76228,10
13.0776996613,80.2442169189,76228,76238,10
13.0778102875,80.2450866699,76238,76248,10
13.077870369,80.246131897,76248,76258,10
13.0780696869,80.2472305298,76258,76268,10
13.0782899857,80.2483596802,76268,76278,10
13.0785198212,80.2492828369,76278,76288,10
13.0786504745,80.2501907349,76288,76298,10
13.0784301758,80.2509384155,76298,76308,10
13.0784797668,80.251663208,76308,76318,10
13.0780696869,80.2517623901,76318,76329,11
13.0772199631,80.2519226074,76329,76339,10
13.0761299133,80.2520294189,76339,76349,10
13.0752801895,80.252166748,76349,76359,10
13.0745897293,80.2522125244,76359,76369,10
13.0738601685,80.2523269653,76369,76379,10
13.0731096268,80.2524032593,76379,76389,10
13.0723600388,80.2522201538,76389,76399,10
13.0720701218,80.2515869141,76399,76409,10
13.0719499588,80.2508163452,76409,76419,10
13.07172966,80.2500991821,76419,76429,10
13.0715398788,80.2494125366,76429,76440,11
13.0714302063,80.2487564087,76440,76450,10
13.0712995529,80.2481765747,76450,76460,10
13.0711202621,80.2477264404,76460,76470,10
13.0707597733,80.2469100952,76470,76480,10
13.0703401566,80.2460632324,76480,76490,10
13.0699100494,80.2451171875,76490,76500,10
13.0695495605,80.2441177368,76500,76510,10
13.0692996979,80.2434005737,76510,76520,10
13.0692796707,80.2433166504,76520,76529,9
13.0692195892,80.2430267334,76529,76541,12
13.0690498352,80.2425003052,76541,76551,10
13.0683298111,80.2425994873,76551,76561,10
13.0675401688,80.2428512573,76561,76571,10
13.0667695999,80.2431793213,76571,76581,10
13.0661401749,80.2435302734,76581,76591,10
13.0661001205,80.2443237305,76591,76601,10
13.0662298203,80.2452468872,76601,76611,10
13.0666599274,80.2460174561,76611,76621,10
13.0674600601,80.2463607788,76621,76631,10
13.067779541,80.2465820313,76631,76641,10
13.0678300858,80.2467193604,76641,76652,11
13.0678396225,80.2473678589,76652,76662,10
13.067609787,80.2478713989,76662,76672,10
13.0669898987,80.2478179932,76672,76682,10
13.0661697388,80.2478027344,76682,76692,10
13.0652303696,80.2477416992,76692,76702,10
13.0642204285,80.2476577759,76702,76712,10
13.0632095337,80.2475891113,76712,76722,10
13.0622797012,80.2475967407,76722,76732,10
13.0615797043,80.2473220825,76732,76742,10
13.0613698959,80.2468490601,76742,76753,11
13.061750412,80.2464370728,76753,76763,10
13.0619297028,80.2457427979,76763,76773,10
13.0621595383,80.2451171875,76773,76783,10
13.0631504059,80.2442703247,76783,76803,20
13.0631504059,80.2442703247,76803,76813,10
13.0632295609,80.2442092896,76813,76823,10
13.0633897781,80.2438583374,76823,76839,16
13.0629701614,80.2434310913,76839,76851,12
13.0627202988,80.2433700562,76851,76859,8
13.062620163,80.243347168,76859,76872,13
13.0621004105,80.2432403564,76872,76880,8
13.06153965,80.2431411743,76880,76891,11
13.0611801147,80.243057251,76891,76902,11
13.0607795715,80.2429275513,76902,76913,11
13.0599803925,80.2426605225,76913,76923,10
13.0593099594,80.242477417,76923,76933,10
13.0589599609,80.2425384521,76933,76942,9
13.0587997437,80.2425613403,76942,76952,10
13.0584602356,80.2426071167,76952,76963,11
13.0578804016,80.2427597046,76963,76974,11
13.0571098328,80.2428207397,76974,76985,11
13.0569000244,80.2427902222,76985,76995,10
13.0564603806,80.2425994873,76995,77004,9
13.0558900833,80.2423095703,77004,77015,11
13.054889679,80.2423477173,77015,77025,10
13.0540895462,80.2423095703,77025,77035,10
13.0537204742,80.2422180176,77035,77045,10
13.0536298752,80.2421569824,77045,77055,10
13.0532102585,80.2419433594,77055,77065,10
13.052980423,80.241859436,77065,77076,11
13.0528697968,80.2418289185,77076,77086,10
13.0526199341,80.2417221069,77086,77096,10
13.0522499084,80.2412414551,77096,77106,10
13.0520200729,80.2408370972,77106,77116,10
13.0516901016,80.2406692505,77116,77126,10
13.0511903763,80.2405776978,77126,77136,10
13.0510702133,80.2405471802,77136,77146,10
13.0507097244,80.2404937744,77146,77156,10
13.0500001907,80.2403411865,77156,77166,10
13.0491600037,80.2401504517,77166,77176,10
13.0482397079,80.239982605,77176,77187,11
13.0473003387,80.2397994995,77187,77197,10
13.0462303162,80.2395401001,77197,77217,20
13.0462303162,80.2395401001,77217,77227,10
13.0462398529,80.2392272949,77227,77237,10
13.0463600159,80.2387008667,77237,77247,10
13.0465097427,80.2379989624,77247,77257,10
13.04666996,80.237197876,77257,77267,10
13.0468397141,80.2363815308,77267,77277,10
13.0469703674,80.2359466553,77277,77288,11
13.0470304489,80.2355880737,77288,77297,9
13.0470695496,80.2352218628,77297,77308,11
13.047129631,80.2344436646,77308,77318,10
13.0472402573,80.2335968018,77318,77328,10
13.0473003387,80.2332229614,77328,77338,10
13.0473203659,80.2330703735,77338,77348,10
13.0471401215,80.2329788208,77348,77358,10
13.0466499329,80.2329025269,77358,77368,10
13.0459899902,80.2327575684,77368,77378,10
13.0455598831,80.2326889038,77378,77388,10
13.0453596115,80.2326583862,77388,77399,11
13.04529953,80.2326431274,77399,77409,10
13.0451097488,80.2325973511,77409,77419,10
13.044839859,80.2325363159,77419,77429,10
13.0441503525,80.232421875,77429,77439,10
13.0433197021,80.2323303223,77439,77449,10
13.042599678,80.2323226929,77449,77459,10
13.0419502258,80.2322921753,77459,77469,10
13.0411195755,80.2321014404,77469,77479,10
13.040140152,80.2317428589,77479,77489,10
13.039150238,80.2314682007,77489,77499,10
13.0380401611,80.2311630249,77499,77510,11
13.0370502472,80.2308731079,77510,77520,10
13.0367202759,80.230758667,77520,77530,10
13.0361204147,80.2305603027,77530,77540,10
13.0354099274,80.2303390503,77540,77600,60
13.0354099274,80.2303390503,77600,77611,11
13.035030365,80.2301712036,77611,77621,10
13.0344495773,80.2302780151,77621,77631,10
13.0336399078,80.2304229736,77631,77661,30
13.0336399078,80.2304229736,77661,77671,10
13.0334701538,80.230430603,77671,77681,10
13.0331001282,80.23046875,77681,77691,10
13.0325403214,80.230506897,77691,77701,10
13.031999588,80.2305679321,77701,77711,10
13.0312995911,80.2306289673,77711,77722,11
13.0306301117,80.2306900024,77722,77732,10
13.0301504135,80.2307510376,77732,77742,10
13.0297603607,80.2308120728,77742,77752,10
13.0297603607,80.2308197021,77752,77762,10
13.0294103622,80.2308807373,77762,77772,10
13.0287904739,80.2309112549,77772,77782,10
13.0280895233,80.231010437,77782,77792,10
13.0276498795,80.2311325073,77792,77802,10
13.0276603699,80.231628418,77802,77812,10
13.0277795792,80.2323684692,77812,77823,11
13.0277004242,80.2328567505,77823,77833,10
13.0269298553,80.2329788208,77833,77873,40
13.0269298553,80.2329788208,77873,77883,10
13.0267095566,80.233039856,77883,77893,10
13.02643013,80.2330322266,77893,77903,10
13.0262403488,80.2324905396,77903,77913,10
13.0260801315,80.2317962646,77913,77923,10
13.0259504318,80.2311630249,77923,77934,11
13.0255804062,80.2302627563,77934,77944,10
13.0249996185,80.2294769287,77944,77954,10
13.0247297287,80.2291793823,77954,77964,10
13.0246295929,80.2290496826,77964,77974,10
13.0243396759,80.2286529541,77974,77984,10
13.0240497589,80.2283172607,77984,77994,10
13.0240402222,80.2283172607,77994,78004,10
13.0239295959,80.2281723022,78004,78020,16
13.023440361,80.2276382446,78020,78032,12
13.0230398178,80.2272109985,78032,78043,11
13.0225601196,80.2267990112,78043,78053,10
13.0217599869,80.2261123657,78053,78063,10
13.0210800171,80.2255706787,78063,78073,10
13.020409584,80.2250976563,78073,78083,10
13.019659996,80.2246017456,78083,78093,10
13.0187301636,80.2244796753,78093,78103,10
13.0178003311,80.2248687744,78103,78113,10
13.0169801712,80.2252197266,78113,78123,10
13.0165700912,80.2254104614,78123,78133,10
13.0162496567,80.2255325317,78133,78143,10
13.0157299042,80.2257232666,78143,78154,11
13.0152301788,80.2258987427,78154,78164,10
13.0143203735,80.2262802124,78164,78183,19
13.0143203735,80.2262802124,78183,78194,11
13.0141601563,80.2263183594,78194,78204,10
13.013710022,80.2264709473,78204,78214,10
13.0130596161,80.2267379761,78214,78224,10
13.0122098923,80.2270812988,78224,78234,10
13.0111999512,80.2274932861,78234,78244,10
13.0101604462,80.2279129028,78244,78255,11
13.0091896057,80.2284393311,78255,78265,10
13.0089502335,80.2293701172,78265,78275,10
13.0087404251,80.2304534912,78275,78285,10
13.0085201263,80.2315292358,78285,78295,10
13.008310318,80.2326889038,78295,78305,10
13.0082397461,80.2333908081,78305,78315,10
13.0082197189,80.2335586548,78315,78325,10
13.0081501007,80.2337188721,78325,78335,10
13.0080604553,80.23412323,78335,78345,10
13.0079402924,80.234703064,78345,78356,11
13.0077695847,80.2354812622,78356,78366,10
13.007610321,80.236366272,78366,78376,10
13.0074195862,80.2373428345,78376,78386,10
13.0072498322,80.2382888794,78386,78396,10
13.0070896149,80.2390823364,78396,78406,10
13.0069198608,80.2399291992,78406,78467,61
13.0069198608,80.2399291992,78467,78477,10
13.0068101883,80.2405014038,78477,78487,10
13.0067195892,80.2412109375,78487,78497,10
13.0066795349,80.2421112061,78497,78507,10
13.0066604614,80.2430801392,78507,78517,10
13.006649971,80.2440032959,78517,78527,10
13.0066404343,80.2446975708,78527,78537,10
13.0066604614,80.24584198,78537,78547,10
13.0066995621,80.2466964722,78547,78557,10
13.0067100525,80.2475204468,78557,78567,10
13.0067100525,80.248298645,78567,78578,11
13.0068397522,80.24949646,78578,78598,20
13.0068397522,80.24949646,78598,78608,10
13.0068397522,80.249710083,78608,78618,10
13.0068101883,80.2501373291,78618,78628,10
13.006819725,80.2507095337,78628,78638,10
13.0068101883,80.2512817383,78638,78648,10
13.0066604614,80.2519989014,78648,78658,10
13.0066299438,80.2525787354,78658,78668,10
13.0066795349,80.2530899048,78668,78679,11
13.0066604614,80.2537002563,78679,80556,1877
13.0066604614,80.2537002563,80556,80566,10
13.0065898895,80.2538604736,80566,80576,10
13.0066003799,80.2542037964,80576,80586,10
13.0065698624,80.2544784546,80586,80596,10
13.0065603256,80.2550506592,80596,80607,11
13.0065803528,80.2559432983,80607,80617,10
13.0065803528,80.2568206787,80617,80627,10
13.0066404343,80.2573165894,80627,80637,10
13.0064897537,80.2574005127,80637,80647,10
13.0065202713,80.2570037842,80647,80657,10
13.0065202713,80.2563781738,80657,80667,10
13.0065202713,80.2556610107,80667,80677,10
13.0065698624,80.2549285889,80677,80687,10
13.0065202713,80.2541885376,80687,80697,10
13.006529808,80.2535171509,80697,80707,10
13.006529808,80.253288269,80707,80718,11
13.0065202713,80.2531433105,80718,80728,10
13.0065402985,80.2526321411,80728,80738,10
13.0066204071,80.2519989014,80738,80748,10
13.0066995621,80.2516098022,80748,80758,10
13.0067501068,80.2509994507,80758,80768,10
13.0066995621,80.2502593994,80768,80778,10
13.0066995621,80.2494277954,80778,80788,10
13.0066404343,80.248588562,80788,80798,10
13.0066299438,80.2477035522,80798,80808,10
13.0066404343,80.2469787598,80808,80819,11
13.0066003799,80.2465591431,80819,80829,10
13.0066604614,80.246383667,80829,80839,10
13.0066699982,80.2458724976,80839,80849,10
13.006649971,80.2451782227,80849,80859,10
13.0066204071,80.2444610596,80859,80869,10
13.0066099167,80.2437362671,80869,80879,10
13.0066003799,80.2431411743,80879,80889,10
13.0065698624,80.2426376343,80889,80899,10
13.0065202713,80.2420120239,80899,80909,10
13.0065402985,80.2416305542,80909,80919,10
13.0066099167,80.241027832,80919,80930,11
13.0067996979,80.2403030396,80930,80940,10
13.0069799423,80.2395629883,80940,80950,10
13.0071001053,80.2387008667,80950,80961,11
13.0072402954,80.2379074097,80961,80972,11
13.0073900223,80.2372589111,80972,80982,10
13.0074300766,80.2368087769,80982,80992,10
13.0074796677,80.2366714478,80992,81001,9
13.0075702667,80.2362365723,81001,81012,11
13.0077295303,80.2354812622,81012,81022,10
13.007900238,80.2346801758,81022,81033,11
13.0080900192,80.2337112427,81033,81043,10
13.0082798004,80.2326965332,81043,81053,10
13.0085201263,80.2315979004,81053,81063,10
13.0087203979,80.2305908203,81063,81073,10
13.0088701248,80.2297897339,81073,81083,10
13.0090999603,80.2285995483,81083,81093,10
13.0094003677,80.2277069092,81093,81103,10
13.0097198486,80.2269897461,81103,81113,10
13.0101995468,80.2259597778,81113,81123,10
13.0105695724,80.2251586914,81123,81133,10
13.0109300613,80.2244110107,81133,81144,11
13.0113401413,80.2234573364,81144,81154,10
13.0116300583,80.2227020264,81154,81163,9
13.0119400024,80.221786499,81163,81174,11
13.0123596191,80.2215499878,81174,81184,10
13.0127096176,80.222038269,81184,81194,10
13.0131597519,80.2225494385,81194,81204,10
13.013710022,80.2231826782,81204,81214,10
13.0142202377,80.2237930298,81214,81224,10
13.0146598816,80.2243270874,81224,81234,10
13.0152196884,80.2248535156,81234,81244,10
13.0154600143,80.2249832153,81244,81255,11
13.0156297684,80.2250976563,81255,81265,10
13.0160198212,80.2253417969,81265,81275,10
13.0166301727,80.2252807617,81275,81285,10
13.0172996521,80.2250213623,81285,81295,10
13.0180797577,80.2247009277,81295,81305,10
13.0188903809,80.2244110107,81305,81315,10
13.0196399689,80.2245101929,81315,81325,10
13.0202302933,80.2249221802,81325,81335,10
13.0208501816,80.2253494263,81335,81345,10
13.0214796066,80.2258377075,81345,81355,10
13.0219697952,80.2261734009,81355,81366,11
13.0220603943,80.2262802124,81366,81376,10
13.022359848,80.2265625,81376,81392,16
13.0230703354,80.2272186279,81392,81404,12
13.0236797333,80.2277832031,81404,81412,8
13.0240802765,80.228187561,81412,81424,12
13.0246400833,80.2289428711,81424,81434,10
13.0251197815,80.2295684814,81434,81444,10
13.0256204605,80.2302627563,81444,81454,10
13.0259399414,80.231010437,81454,81465,11
13.0261001587,80.2313766479,81465,81474,9
13.0265703201,80.2312774658,81474,81485,11
13.0272302628,80.2311172485,81485,81495,10
13.0279598236,80.2310028076,81495,81505,10
13.0286397934,80.2309188843,81505,81515,10
13.029299736,80.2308578491,81515,81525,10
13.0297603607,80.2308197021,81525,81535,10
13.0304403305,80.230758667,81535,81545,10
13.0311098099,80.2306976318,81545,81555,10
13.0317802429,80.2306671143,81555,81565,10
13.0325403214,80.2305984497,81565,81576,11
13.0334100723,80.2305221558,81576,81586,10
13.0340900421,80.2304763794,81586,81607,21
13.0340900421,80.2304763794,81607,81617,10
13.0342102051,80.2304534912,81617,81627,10
13.0345096588,80.2304000854,81627,81637,10
13.0347700119,80.2303466797,81637,81647,10
13.0349502563,80.2306213379,81647,81657,10
13.0348901749,80.2311019897,81657,81667,10
13.0347995758,80.2317810059,81667,81678,11
13.0346803665,80.2325820923,81678,81688,10
13.0345897675,80.2332611084,81688,81698,10
13.0345001221,80.2338562012,81698,81708,10
13.0344200134,80.2345581055,81708,81718,10
13.0343198776,80.2353210449,81718,81728,10
13.034239769,80.2361373901,81728,81738,10
13.0341701508,80.2369384766,81738,81748,10
13.034330368,80.2374725342,81748,81758,10
13.0343999863,80.2376480103,81758,81768,10
13.0346403122,80.2380523682,81768,81778,10
13.0349798203,80.238609314,81778,81789,11
13.035369873,80.2392272949,81789,81799,10
13.0357904434,80.2394180298,81799,81809,10
13.0364198685,80.2394714355,81809,81819,10
13.0371303558,80.2395629883,81819,81829,10
13.037899971,80.2396316528,81829,81839,10
13.0386695862,80.2397232056,81839,81849,10
13.0394697189,80.2397918701,81849,81859,10
13.0401697159,80.2398986816,81859,81869,10
13.0403404236,80.2399673462,81869,81879,10
13.0403995514,80.2402420044,81879,81889,10
13.0405597687,80.2405700684,81889,81906,17
13.0410203934,80.2406005859,81906,81918,12
13.0415000916,80.2406616211,81918,81928,10
13.0419998169,80.2407226563,81928,81938,10
13.0427799225,80.2408218384,81938,81948,10
13.043510437,80.2409210205,81948,81958,10
13.044210434,80.2408370972,81958,81968,10
13.0446996689,80.2404937744,81968,81978,10
13.0449495316,80.2402877808,81978,81988,10
13.0453395844,80.2400512695,81988,81999,11
13.045920372,80.2396697998,81999,82009,10
13.0463399887,80.2395629883,82009,82019,10
13.0466899872,80.2396621704,82019,82028,9
13.046959877,80.239730835,82028,82039,11
13.047539711,80.2398300171,82039,82050,11
13.048119545,80.2399520874,82050,82060,10
13.0488195419,80.2400665283,82060,82141,81
13.0488195419,80.2400665283,82141,82151,10
13.0489597321,80.2401580811,82151,82161,10
13.0493202209,80.2402114868,82161,82171,10
13.0496101379,80.240272522,82171,82282,111
13.0496101379,80.240272522,82282,82292,10
13.0498504639,80.2403411865,82292,82302,10
13.0499095917,80.2405166626,82302,82312,10
13.0498695374,80.2406692505,82312,82323,11
13.0497999191,80.2410736084,82323,82333,10
13.0497198105,80.2414932251,82333,82343,10
13.0495996475,80.2419967651,82343,82353,10
13.0495796204,80.2423934937,82353,82363,10
13.0498399734,80.24243927,82363,82372,9
13.0502700806,80.2425613403,82372,82383,11
13.0507602692,80.24269104,82383,82393,10
13.050909996,80.242729187,82393,82403,10
13.0512199402,80.2428207397,82403,82413,10
13.0517301559,80.2429275513,82413,82424,11
13.0521202087,80.243019104,82424,82434,10
13.0525903702,80.243057251,82434,82444,10
13.0527601242,80.2427978516,82444,82454,10
13.0526599884,80.2421264648,82454,82464,10
13.052740097,80.2416763306,82464,82474,10
13.0532798767,80.2418899536,82474,82484,10
13.0538797379,80.2421569824,82484,82494,10
13.0540304184,80.2422103882,82494,82504,10
13.0544996262,80.2423019409,82504,82514,10
13.0551595688,80.2422180176,82514,82524,10
13.0554895401,80.2422027588,82524,82535,11
13.0559501648,80.2423019409,82535,82545,10
13.056520462,80.2425765991,82545,82555,10
13.0568399429,80.2425994873,82555,82565,10
13.0569200516,80.2426300049,82565,82575,10
13.0573196411,80.2427902222,82575,82584,9
13.057849884,80.2427520752,82584,82595,11
13.0584697723,80.2426223755,82595,82605,10
13.0592002869,80.2425384521,82605,82615,10
13.0598602295,80.24269104,82615,82624,9
13.0604696274,80.2428512573,82624,82636,12
13.0612297058,80.2430801392,82636,82646,10
13.061920166,80.2432098389,82646,82656,10
13.0624399185,80.243309021,82656,82666,10
13.0625400543,80.243347168,82666,82676,10
13.0630197525,80.2434310913,82676,82686,10
13.0636396408,80.2434997559,82686,82696,10
13.0643100739,80.2435379028,82696,82706,10
13.065079689,80.2435379028,82706,82716,10
13.0658397675,80.2434921265,82716,82726,10
13.0665397644,80.2433013916,82726,82743,17
13.0677404404,80.2428207397,82743,82755,12
13.0687503815,80.2425308228,82755,82765,10
13.0691404343,80.2423782349,82765,82775,10
13.0696496964,80.2421798706,82775,82785,10
13.0699300766,80.2421112061,82785,82795,10
13.0701999664,80.2420501709,82795,82804,9
13.070599556,80.2419281006,82804,82815,11
13.0713195801,80.2416610718,82815,82825,10
13.0720701218,80.2412490845,82825,82835,10
13.0727996826,80.240852356,82835,82845,10
13.073559761,80.2406387329,82845,82856,11
13.0744800568,80.2405014038,82856,82866,10
13.0754003525,80.2404785156,82866,82876,10
13.0763502121,80.2405014038,82876,82886,10
13.0770702362,80.2405395508,82886,82896,10
13.077050209,80.2400970459,82896,82906,10
13.0768995285,80.2393493652,82906,82916,10
13.0767002106,80.2385482788,82916,82926,10
13.0765399933,80.2379226685,82926,82936,10
13.0764303207,80.237411499,82936,82946,10
13.0763301849,80.2369308472,82946,82957,11
13.0762395859,80.2361602783,82957,82967,10
13.0760803223,80.2353210449,82967,82977,10
13.0758800507,80.2344589233,82977,82987,10
13.075799942,80.2340087891,82987,83007,20
13.075799942,80.2340087891,83007,83017,10
13.0758800507,80.2338180542,83017,83027,10
13.0763502121,80.2337417603,83027,83037,10
13.0769996643,80.2336425781,83037,83047,10
13.077750206,80.2335586548,83047,83057,10
13.0784502029,80.2335128784,83057,83068,11
13.0792999268,80.2335281372,83068,83078,10
13.0800104141,80.2334976196,83078,83088,10
13.0807104111,80.2335281372,83088,83098,10
13.0815200806,80.2335586548,83098,83108,10
13.0819301605,80.2335281372,83108,83118,10
13.0820398331,80.2328872681,83118,83128,10
13.0822601318,80.2321777344,83128,83138,10
13.0825395584,80.2313766479,83138,83148,10
13.0828304291,80.23072052,83148,83158,10
13.0831098557,80.2307662964,83158,83168,10
13.0831403732,80.2312774658,83168,83179,11
13.0831804276,80.2321472168,83179,83189,10
13.0833501816,80.2329864502,83189,83199,10
13.0834703445,80.2337265015,83199,83209,10
13.0839195251,80.2339477539,83209,83219,10
13.0844802856,80.2340621948,83219,83229,10
13.0850296021,80.2341995239,83229,83239,10
13.0857000351,80.234336853,83239,83249,10
13.0863895416,80.2344894409,83249,83259,10
13.0871496201,80.2345581055,83259,83269,10
13.0878400803,80.234336853,83269,83280,11
13.0879802704,80.2336120605,83280,83290,10
13.0881595612,80.2327575684,83290,83300,10
13.0883798599,80.2318878174,83300,83310,10
13.0886602402,80.2311096191,83310,83320,10
13.0888900757,80.2305526733,83320,83330,10
13.0889902115,80.2303390503,83330,83340,10
13.0892496109,80.2298126221,83340,83350,10
13.089679718,80.2291793823,83350,83360,10
13.0902299881,80.2285614014,83360,83370,10
13.0908203125,80.2279281616,83370,83380,10
13.0913200378,80.2273635864,83380,83391,11
13.0914497375,80.2272415161,83391,83401,10
13.0917797089,80.2269134521,83401,83411,10
13.0922698975,80.2264022827,83411,83421,10
13.0928497314,80.2257995605,83421,83431,10
13.0934400558,80.2251968384,83431,83441,10
13.0939397812,80.2246322632,83441,83451,10
13.0944595337,80.2239303589,83451,83461,10
13.0949897766,80.2231369019,83461,83471,10
13.0953598022,80.2222518921,83471,83481,10
13.0956697464,80.2213897705,83481,83497,16
13.0961103439,80.220161438,83497,83510,13
13.0964298248,80.2192001343,83510,83520,10
13.096619606,80.2186508179,83520,83530,10
13.096830368,80.2180023193,83530,83540,10
13.0970897675,80.2172775269,83540,83550,10
13.0973596573,80.2165603638,83550,83559,9
13.0975599289,80.2160873413,83559,83570,11
13.0979404449,80.2151412964,83570,83580,10
13.0982398987,80.2144775391,83580,83590,10
13.0985298157,80.2139587402,83590,83601,11
13.0989599228,80.2141418457,83601,83611,10
13.0994997025,80.2143173218,83611,83621,10
13.1000204086,80.2144622803,83621,83630,9
13.1002502441,80.2146377563,83630,83641,11
13.1002397537,80.2150802612,83641,83974,333
13.1002397537,80.2150802612,83974,83984,10
13.1000995636,80.2152481079,83984,83994,10
13.0999603271,80.2156066895,83994,84004,10
13.0998802185,80.2158432007,84004,84014,10
13.0998802185,80.2161483765,84014,84025,11
13.0997400284,80.2165985107,84025,84035,10
13.0995702744,80.2171401978,84035,84045,10
13.099439621,80.2177886963,84045,84055,10
13.0993204117,80.2185134888,84055,84065,10
13.0992097855,80.2192001343,84065,84075,10
13.0991601944,80.2195205688,84075,84085,10
13.0990400314,80.2200927734,84085,84095,10
13.0989398956,80.220703125,84095,84105,10
13.0987997055,80.2214126587,84105,84115,10
13.0987195969,80.2221984863,84115,84125,10
13.0987796783,80.2229690552,84125,84136,11
13.0992803574,80.2236633301,84136,84146,10
13.0996398926,80.2243270874,84146,84156,10
13.099820137,80.2250671387,84156,84166,10
13.0999202728,80.2257766724,84166,84176,10
13.1000003815,80.2265014648,84176,84186,10
13.1000204086,80.2272567749,84186,84196,10
13.1000003815,80.2279586792,84196,84206,10
13.0999202728,80.2285766602,84206,84216,10
13.0998096466,80.2291870117,84216,84226,10
13.0996799469,80.229850769,84226,84237,11
13.0994701385,80.2306289673,84237,84247,10
13.0992002487,80.2312774658,84247,84257,10
13.0989398956,80.2319335938,84257,84267,10
13.0987300873,80.2325973511,84267,84277,10
13.0985898972,80.2333831787,84277,84287,10
13.0985202789,80.2340698242,84287,84297,10
13.0984601974,80.2347412109,84297,84307,10
13.0983600616,80.2353897095,84307,84317,10
13.0982503891,80.2360687256,84317,84326,9
13.09815979,80.2366714478,84326,84337,11
13.0980300903,80.2373580933,84337,84348,11
13.097869873,80.2381210327,84348,84358,10
13.0977497101,80.2388534546,84358,84368,10
13.097700119,80.2394104004,84368,84378,10
13.0976600647,80.2400131226,84378,84388,10
13.0976104736,80.2406311035,84388,84398,10
13.0975198746,80.2413406372,84398,84408,10
13.0974302292,80.2419586182,84408,84418,10
13.0977296829,80.2422103882,84418,84428,10
13.0982503891,80.2423019409,84428,84438,10
13.0986099243,80.2422790527,84438,84449,11
13.0987300873,80.2420425415,84449,84459,10
13.0987901688,80.2417984009,84459,84469,10
13.0988798141,80.2413024902,84469,84489,20
13.0989303589,80.2410812378,84489,84527,38
13.0989303589,80.2410812378,84527,84537,10
13.0989999771,80.240852356,84537,84547,10
13.09897995,80.2405319214,84547,84557,10
13.0988798141,80.2402572632,84557,84568,11
13.0990600586,80.2404327393,84568,84719,151
13.0990600586,80.2404327393,84719,84729,10
13.0990200043,80.2406768799,84729,84739,10
13.0990200043,80.2409667969,84739,84749,10
13.0989704132,80.2412109375,84749,84759,10
13.0986099243,80.2412490845,84759,86183,1424
