13.0760498047,80.2750778198,19515,19788,273
13.0759000778,80.2749176025,19788,19858,70
13.0759000778,80.2749176025,19858,19868,10
13.0757102966,80.2748565674,19868,19909,41
13.0757102966,80.2748565674,19909,19919,10
13.0759000778,80.275100708,19919,20363,444
13.0759897232,80.2754898071,20363,20393,30
13.0756702423,80.2750015259,20393,20401,8
13.0756702423,80.2750015259,20401,20403,2
13.0760202408,80.2756195068,20403,20413,10
13.0760602951,80.2757797241,20413,20423,10
13.076089859,80.2759170532,20423,20434,11
13.0759601593,80.2760925293,20434,20444,10
13.0759401321,80.2761764526,20444,20454,10
13.0761804581,80.2762832642,20454,20464,10
13.0765695572,80.2762680054,20464,20474,10
13.0770597458,80.276222229,20474,20484,10
13.0777301788,80.2761688232,20484,20494,10
13.0782003403,80.2758483887,20494,20504,10
13.078499794,80.2752304077,20504,20514,10
13.0791797638,80.2751617432,20514,20524,10
13.0799598694,80.2752914429,20524,20534,10
13.0808000565,80.2751998901,20534,20545,11
13.0813703537,80.2751235962,20545,20555,10
13.0814800262,80.2751083374,20555,20565,10
13.0817899704,80.275177002,20565,20575,10
13.0819501877,80.2752609253,20575,20585,10
13.0820198059,80.2755584717,20585,20595,10
13.0820398331,80.2758865356,20595,20605,10
13.0818996429,80.2760696411,20605,20615,10
13.0819101334,80.2764205933,20615,20625,10
13.0819501877,80.2769699097,20625,20635,10
13.0820102692,80.2777023315,20635,20645,10
13.0821199417,80.2784576416,20645,20656,11
13.0821800232,80.2793884277,20656,20666,10
13.0822896957,80.2804107666,20666,20676,10
13.0823698044,80.2813568115,20676,20686,10
13.0825195313,80.281867981,20686,20696,10
13.0831604004,80.2822494507,20696,20706,10
13.0839395523,80.2827224731,20706,20716,10
13.0846996307,80.2832870483,20716,20726,10
13.0851802826,80.2838287354,20726,20736,10
13.0855102539,80.2836380005,20736,20746,10
13.0858697891,80.2835693359,20746,20756,10
13.0862503052,80.2835693359,20756,20767,11
13.0865297318,80.2837677002,20767,20777,10
13.0868396759,80.2839431763,20777,20787,10
13.0871496201,80.2839279175,20787,20797,10
13.0874300003,80.2839279175,20797,20807,10
13.0877599716,80.2839126587,20807,20968,161
13.0877599716,80.2839126587,20968,20978,10
13.0879402161,80.2839126587,20978,20988,10
13.0882301331,80.283996582,20988,21009,21
13.0882301331,80.283996582,21009,21019,10
13.0883798599,80.2841415405,21019,21029,10
13.0884199142,80.2845001221,21029,21039,10
13.0884399414,80.2849807739,21039,21049,10
13.08852005,80.2854690552,21049,21059,10
13.0885400772,80.2860031128,21059,21069,10
13.0885601044,80.2863693237,21069,21079,10
13.0885601044,80.2866592407,21079,21089,10
13.0885801315,80.2871704102,21089,21099,10
13.0886001587,80.2874984741,21099,21110,11
13.088640213,80.2878570557,21110,21120,10
13.0886802673,80.2883682251,21120,21130,10
13.0886898041,80.2886199951,21130,21140,10
13.0887298584,80.2889862061,21140,21150,10
13.088760376,80.289352417,21150,21160,10
13.0887899399,80.2895812988,21160,21170,10
13.0887804031,80.2899932861,21170,21180,10
13.0887899399,80.2901992798,21180,21190,10
13.0887203217,80.2904586792,21190,21200,10
13.0883998871,80.2903366089,21200,21211,11
13.087849617,80.2900466919,21211,21221,10
13.0871400833,80.2897186279,21221,21231,10
13.0863199234,80.2894363403,21231,21241,10
13.0853099823,80.2891998291,21241,21251,10
13.0842199326,80.2891769409,21251,21261,10
13.0831899643,80.2892074585,21261,21271,10
13.0823602676,80.2889099121,21271,21281,10
13.081870079,80.2887420654,21281,21291,10
13.0812997818,80.288520813,21291,21301,10
13.0805997849,80.2883300781,21301,21311,10
13.0797901154,80.2881317139,21311,21322,11
13.0786800385,80.2877578735,21322,21332,10
13.0774803162,80.2874526978,21332,21342,10
13.076259613,80.2871170044,21342,21352,10
13.0753002167,80.2867584229,21352,21362,10
13.0745000839,80.2862625122,21362,21372,10
13.0734596252,80.2859725952,21372,21382,10
13.0725603104,80.2854995728,21382,21392,10
13.071559906,80.2851791382,21392,21402,10
13.070400238,80.2848815918,21402,21412,10
13.0691299438,80.2845916748,21412,21421,9
13.0680999756,80.284362793,21421,21433,12
13.0668001175,80.2841262817,21433,21443,10
13.0655899048,80.2838592529,21443,21453,10
13.0645704269,80.2836380005,21453,21463,10
13.0642499924,80.2835769653,21463,21473,10
13.0638303757,80.2834472656,21473,21484,11
13.0630702972,80.2832565308,21484,21494,10
13.0624904633,80.2831192017,21494,21504,10
13.0622196198,80.2830505371,21504,21514,10
13.0616397858,80.2829208374,21514,21524,10
13.0608596802,80.2827606201,21524,21534,10
13.0600004196,80.2825698853,21534,21545,11
13.0590295792,80.282371521,21545,21555,10
13.0581502914,80.2822036743,21555,21565,10
13.0568399429,80.2819519043,21565,21585,20
13.0568399429,80.2819519043,21585,21595,10
13.056599617,80.2818984985,21595,21605,10
13.0560302734,80.2817687988,21605,21615,10
13.0552301407,80.2815933228,21615,21625,10
13.0542402267,80.2813873291,21625,21635,10
13.0531597137,80.281211853,21635,21645,10
13.0521297455,80.2810592651,21645,21656,11
13.0510396957,80.2808990479,21656,21666,10
13.0502500534,80.2807769775,21666,21676,10
13.0495595932,80.2806625366,21676,21686,10
13.048740387,80.2805633545,21686,21696,10
13.0477304459,80.280418396,21696,21706,10
13.0467596054,80.2802581787,21706,21716,10
13.0458097458,80.2801437378,21716,21726,10
13.0448799133,80.2800292969,21726,21736,10
13.0440101624,80.2799072266,21736,21746,10
13.0435199738,80.279838562,21746,21767,21
13.0435199738,80.279838562,21767,21777,10
13.0434598923,80.2798233032,21777,21787,10
13.0430297852,80.2797317505,21787,21797,10
13.0423202515,80.2795715332,21797,21807,10
13.0414495468,80.2794113159,21807,21817,10
13.0405302048,80.2792205811,21817,21827,10
13.0396995544,80.2790298462,21827,21837,10
13.039150238,80.2789001465,21837,21847,10
13.0390996933,80.2788925171,21847,21857,10
13.0389795303,80.2788314819,21857,21867,10
13.0385904312,80.2786865234,21867,21878,11
13.0378904343,80.2784805298,21878,21888,10
13.0371799469,80.2782592773,21888,21898,10
13.0363903046,80.2779693604,21898,21908,10
13.0356798172,80.2778167725,21908,21918,10
13.0348701477,80.277671814,21918,21928,10
13.0340299606,80.2774734497,21928,21938,10
13.033249855,80.2774429321,21938,21948,10
13.0323400497,80.2775115967,21948,21958,10
13.0314702988,80.2775802612,21958,21968,10
13.0308103561,80.2772216797,21968,21978,10
13.029999733,80.2768096924,21978,21989,11
13.0290203094,80.2765197754,21989,21999,10
13.0283002853,80.2762680054,21999,22009,10
13.0275497437,80.2759399414,22009,22019,10
13.026720047,80.2755737305,22019,22029,10
13.0259504318,80.2752304077,22029,22049,20
13.0259504318,80.2752304077,22049,22059,10
13.0258598328,80.2751922607,22059,22069,10
13.0255203247,80.2750320435,22069,22079,10
13.0248699188,80.2747421265,22079,22089,10
13.0242395401,80.2742385864,22089,22100,11
13.023639679,80.2734375,22100,22110,10
13.0230102539,80.2725830078,22110,22120,10
13.0222997665,80.2716522217,22120,22130,10
13.0216798782,80.2708435059,22130,22139,9
13.0210895538,80.2701416016,22139,22150,11
13.0208301544,80.2698898315,22150,22160,10
13.0206203461,80.2695922852,22160,22170,10
13.0202598572,80.2691268921,22170,22180,10
13.0197601318,80.2685089111,22180,22190,10
13.0191297531,80.2677536011,22190,22199,9
13.018699646,80.2668991089,22199,22211,12
13.0186395645,80.2659072876,22211,22221,10
13.0187997818,80.2652435303,22221,22231,10
13.0190401077,80.2643966675,22231,22241,10
13.0190095901,80.2635879517,22241,22251,10
13.0189599991,80.2631912231,22251,22261,10
13.0188703537,80.2624893188,22261,22271,10
13.0187797546,80.2616424561,22271,22281,10
13.0184202194,80.2611236572,22281,22291,10
13.0177202225,80.2606811523,22291,22301,10
13.0169095993,80.2601623535,22301,22311,10
13.0161800385,80.2597503662,22311,22322,11
13.0160102844,80.2596664429,22322,22332,10
13.0155897141,80.2594985962,22332,22342,10
13.0148696899,80.2593536377,22342,22352,10
13.0140399933,80.2592926025,22352,22362,10
13.013010025,80.2592468262,22362,22372,10
13.0118598938,80.2591934204,22372,22382,10
13.0106801987,80.2591629028,22382,22392,10
13.0094404221,80.2591323853,22392,22402,10
13.0083198547,80.2590713501,22402,22412,10
13.0072898865,80.2585601807,22412,22422,10
13.0066299438,80.2575378418,22422,22433,11
13.0065202713,80.2561187744,22433,22443,10
13.0065097809,80.2548370361,22443,22452,9
13.006480217,80.2539825439,22452,22463,11
13.0065498352,80.2538223267,22463,22473,10
13.0065898895,80.2533798218,22473,22483,10
13.0065803528,80.2526626587,22483,22493,10
13.0066900253,80.2519607544,22493,22503,10
13.0068101883,80.2511825562,22503,22513,10
13.0067996979,80.2501373291,22513,22523,10
13.0067596436,80.2489013672,22523,22533,10
13.0066699982,80.2479782104,22533,22544,11
13.0066699982,80.2475585938,22544,22554,10
13.0066699982,80.247543335,22554,22564,10
13.0066604614,80.2474365234,22564,22574,10
13.0066795349,80.2470016479,22574,22584,10
13.0066204071,80.2465362549,22584,22594,10
13.0066299438,80.2465209961,22594,22604,10
13.0066604614,80.2464599609,22604,22614,10
13.0066699982,80.2460479736,22614,22624,10
13.0066795349,80.2453308105,22624,22634,10
13.0066604614,80.244468689,22634,22644,10
13.0066404343,80.243522644,22644,22655,11
13.0066299438,80.2423171997,22655,22665,10
13.0066404343,80.2411575317,22665,22675,10
13.006770134,80.2403182983,22675,22685,10
13.0068902969,80.239692688,22685,22694,9
13.0070400238,80.2390136719,22694,22705,11
13.0072202682,80.23802948,22705,22715,10
13.007399559,80.2370986938,22715,22725,10
13.0074501038,80.2366485596,22725,22735,10
13.0075302124,80.2364120483,22735,22745,10
13.0076398849,80.2358932495,22745,22755,10
13.0077896118,80.235168457,22755,22765,10
13.0079498291,80.2343292236,22765,22776,11
13.008190155,80.2331390381,22776,22786,10
13.0084295273,80.2318115234,22786,22796,10
13.0087099075,80.230430603,22796,22806,10
13.0089998245,80.2289886475,22806,22815,9
13.0093603134,80.227722168,22815,22826,11
13.0100297928,80.2262496948,22826,22836,10
13.0106601715,80.2249069214,22836,22846,10
13.0111398697,80.2237319946,22846,22856,10
13.0112400055,80.2231369019,22856,22866,10
13.0106296539,80.2228393555,22866,22877,11
13.0097799301,80.2223968506,22877,22887,10
13.0088300705,80.2218933105,22887,22897,10
13.0077600479,80.221321106,22897,22907,10
13.0066204071,80.2207183838,22907,22917,10
13.0053300858,80.220413208,22917,22927,10
13.0041799545,80.2201385498,22927,22937,10
13.0031900406,80.2198867798,22937,22947,10
13.0022296906,80.219291687,22947,22957,10
13.0014696121,80.218536377,22957,22967,10
13.0006999969,80.2180175781,22967,22977,10
13.0000095367,80.2175827026,22977,22988,11
12.9990997314,80.217048645,22988,22998,10
12.9981298447,80.2166366577,22998,23008,10
12.9974403381,80.2165527344,23008,23018,10
12.997300148,80.2165527344,23018,23028,10
12.9968795776,80.2165679932,23028,23038,10
12.996219635,80.2166519165,23038,23048,10
12.9954500198,80.2168731689,23048,23057,9
12.9948501587,80.2172393799,23057,23068,11
12.9940700531,80.2177963257,23068,23078,10
12.9933900833,80.21824646,23078,23088,10
12.9927501678,80.2186965942,23088,23099,11
12.9919700623,80.2192764282,23099,23109,10
12.9912700653,80.2197799683,23109,23119,10
12.9907197952,80.2202224731,23119,23129,10
12.9906301498,80.2203216553,23129,23139,10
12.9902496338,80.2206192017,23139,23149,10
12.9897098541,80.2211685181,23149,23159,10
12.9890899658,80.2219085693,23159,23169,10
12.9883899689,80.2226409912,23169,23179,10
12.9877901077,80.2230606079,23179,23189,10
12.9874200821,80.2230682373,23189,23199,10
12.9868097305,80.2229766846,23199,23210,11
12.9859304428,80.2229995728,23210,23220,10
12.9855699539,80.2231903076,23220,23230,10
12.9851303101,80.2232513428,23230,23240,10
12.9844102859,80.2228927612,23240,23250,10
12.9837503433,80.2225189209,23250,23260,10
12.9832401276,80.2221984863,23260,23270,10
12.9832000732,80.2221603394,23270,23280,10
12.9828996658,80.2219772339,23280,23290,10
12.9823904037,80.2218170166,23290,23300,10
12.9818000793,80.2214813232,23300,23310,10
12.9810800552,80.2210693359,23310,23321,11
12.9765396118,80.2212295532,23321,23362,41
12.9765396118,80.2212295532,23362,23384,22
12.976269722,80.2212295532,23384,23394,10
12.9760599136,80.221206665,23394,23405,11
12.9761896133,80.2216033936,23405,23415,10
12.976559639,80.222076416,23415,24404,989
12.976559639,80.222076416,24404,24414,10
12.9768104553,80.2224578857,24414,24424,10
12.9770097733,80.2227630615,24424,24434,10
12.9773397446,80.2227172852,24434,24445,11
12.9775495529,80.2225875854,24445,24455,10
12.977519989,80.2222290039,24455,24466,11
12.9774799347,80.2216720581,24466,24476,10
12.9774799347,80.221282959,24476,24485,9
12.9778299332,80.2212295532,24485,24496,11
12.9785299301,80.2211914063,24496,24505,9
12.9792804718,80.2211608887,24505,24516,11
12.9802799225,80.2210769653,24516,24525,9
12.9810695648,80.221031189,24525,24535,10
12.9817695618,80.2213287354,24535,24546,11
12.9823303223,80.2217330933,24546,24557,11
12.9829397202,80.2219467163,24557,24576,19
12.9829397202,80.2219467163,24576,24587,11
12.9833097458,80.2221603394,24587,24597,10
12.9836997986,80.2224121094,24597,24607,10
12.9841299057,80.2226791382,24607,24617,10
12.984749794,80.2230606079,24617,24627,10
12.9854602814,80.2232437134,24627,24636,9
12.9858798981,80.2229614258,24636,24647,11
12.9864997864,80.2229537964,24647,24656,9
12.986530304,80.2229614258,24656,24668,12
12.9867801666,80.2229995728,24668,24678,10
12.9870796204,80.2230529785,24678,24688,10
12.9874801636,80.2230911255,24688,24698,10
12.9881401062,80.2228164673,24698,24708,10
12.9887800217,80.2222290039,24708,24718,10
12.9891901016,80.2217636108,24718,24728,10
12.9895401001,80.2213287354,24728,24738,10
12.9900903702,80.2206878662,24738,24748,10
12.9905195236,80.2203521729,24748,24758,10
12.9909095764,80.2200469971,24758,24768,10
12.9914903641,80.219581604,24768,24779,11
12.9921798706,80.2191009521,24779,24789,10
12.9928503036,80.2186126709,24789,24799,10
12.9935503006,80.2180786133,24799,24809,10
12.9942102432,80.2175979614,24809,24819,10
12.9948301315,80.2171630859,24819,24829,10
12.9950799942,80.2170028687,24829,24839,10
12.9956102371,80.2167205811,24839,24849,10
12.9963998795,80.2165374756,24849,24859,10
12.9971199036,80.2164764404,24859,24869,10
12.997469902,80.2164611816,24869,24879,10
12.9975700378,80.2164764404,24879,24890,11
12.9977798462,80.216506958,24890,24900,10
12.9982995987,80.2166366577,24900,24910,10
12.9989595413,80.2169189453,24910,24920,10
12.9996900558,80.2172927856,24920,24930,10
13.0004796982,80.2178192139,24930,24940,10
13.0012702942,80.2183227539,24940,24949,9
13.0019102097,80.2188796997,24949,24960,11
13.0026397705,80.2196426392,24960,24970,10
13.0034599304,80.2199935913,24970,24980,10
13.004240036,80.2201538086,24980,24990,10
13.005109787,80.2203521729,24990,25001,11
13.0063695908,80.2205963135,25001,25011,10
13.0075101852,80.2210998535,25011,25021,10
13.0087404251,80.2217483521,25021,25031,10
13.0099601746,80.2223968506,25031,25041,10
13.0109796524,80.2229232788,25041,25051,10
13.0114002228,80.2230987549,25051,25061,10
13.0115299225,80.2231826782,25061,25071,10
13.0118398666,80.2234420776,25071,25081,10
13.0123701096,80.2237091064,25081,25091,10
13.0130996704,80.2240829468,25091,25101,10
13.0139503479,80.2245407104,25101,25112,11
13.0148496628,80.2250366211,25112,25122,10
13.0151996613,80.2252426147,25122,25132,10
13.0153503418,80.2253265381,25132,25142,10
13.0153799057,80.2257003784,25142,25152,10
13.0148200989,80.2259979248,25152,25162,10
13.0140199661,80.226348877,25162,25172,10
13.013010025,80.2267608643,25172,25182,10
13.0118703842,80.2272415161,25182,25192,10
13.0106496811,80.2277374268,25192,25202,10
13.0094995499,80.2282333374,25202,25212,10
13.009059906,80.2291870117,25212,25223,11
13.0087995529,80.2305603027,25223,25233,10
13.0085496902,80.2319030762,25233,25243,10
13.008310318,80.2332000732,25243,25253,10
13.0081996918,80.2337799072,25253,25263,10
13.0080795288,80.2343978882,25263,25273,10
13.0079097748,80.235206604,25273,25283,10
13.0077104568,80.2362136841,25283,25293,10
13.0074901581,80.2372894287,25293,25303,10
13.0073003769,80.2383575439,25303,25313,10
13.007109642,80.2394104004,25313,25323,10
13.006939888,80.2401580811,25323,25344,21
13.006939888,80.2401580811,25344,25354,10
13.0068902969,80.240562439,25354,25364,10
13.006770134,80.2412490845,25364,25374,10
13.0067596436,80.2422332764,25374,25384,10
13.0067300797,80.2433013916,25384,25394,10
13.0066995621,80.244468689,25394,25404,10
13.0067100525,80.2455673218,25404,25414,10
13.0067396164,80.24659729,25414,25424,10
13.0067596436,80.2474136353,25424,25434,10
13.0067501068,80.2482376099,25434,25445,11
13.0068302155,80.2493362427,25445,25455,10
13.0068502426,80.250328064,25455,25465,10
13.0068397522,80.2513885498,25465,25485,20
13.0068397522,80.2513885498,25485,25495,10
13.0068502426,80.2515106201,25495,25505,10
13.0067396164,80.2518692017,25505,25515,10
13.0066299438,80.252571106,25515,25525,10
13.0066099167,80.2535171509,25525,25537,12
13.0066604614,80.2548828125,25537,25547,10
13.0066604614,80.2561264038,25547,25558,11
13.0067100525,80.2570877075,25558,25568,10
13.0068998337,80.2577362061,25568,25578,10
13.0073604584,80.2584381104,25578,25588,10
13.0082302094,80.2588729858,25588,25596,8
13.008890152,80.2590637207,25596,25608,12
13.0097398758,80.2590789795,25608,25616,8
13.0105199814,80.2591094971,25616,25626,10
13.0116596222,80.2590866089,25626,25638,12
13.0131797791,80.259147644,25638,25648,10
13.0144996643,80.2592010498,25648,25655,7
13.0153303146,80.259262085,25655,25669,14
13.0163602829,80.2596435547,25669,25679,10
13.0163803101,80.2596588135,25679,25689,10
13.016579628,80.259803772,25689,25699,10
13.0170001984,80.2601089478,25699,25709,10
13.0176095963,80.2605209351,25709,25719,10
13.0183801651,80.2610092163,25719,25729,10
13.0191001892,80.2615737915,25729,25739,10
13.0196895599,80.2621765137,25739,25749,10
13.0203504562,80.2628097534,25749,25759,10
13.0200099945,80.2630004883,25759,25769,10
13.0193195343,80.2629470825,25769,25780,11
13.0190200806,80.263130188,25780,25790,10
13.0191001892,80.2637786865,25790,25800,10
13.0190496445,80.2646408081,25800,25810,10
13.0188703537,80.2653198242,25810,25820,10
13.0187397003,80.2658233643,25820,25830,10
13.0187397003,80.2665786743,25830,25840,10
13.0190401077,80.2674713135,25840,25850,10
13.0196895599,80.2682876587,25850,25859,9
13.0203199387,80.2690887451,25859,25870,11
13.0210800171,80.2700195313,25870,25880,10
13.0215396881,80.2705307007,25880,25891,11
13.0216302872,80.270652771,25891,25901,10
13.0219402313,80.2710266113,25901,25911,10
13.022359848,80.2715835571,25911,25920,9
13.0228099823,80.2721405029,25920,25932,12
13.0235099792,80.2731018066,25932,25942,10
13.0241003036,80.2739181519,25942,25952,10
13.0247898102,80.2746582031,25952,25962,10
13.0254402161,80.2749099731,25962,25972,10
13.0255804062,80.2749710083,25972,25982,10
13.0260000229,80.2751693726,25982,25992,10
13.0266304016,80.2754516602,25992,26003,11
13.0274400711,80.2758331299,26003,26013,10
13.0282897949,80.2761917114,26013,26023,10
13.0290298462,80.2764511108,26023,26033,10
13.0298204422,80.2766494751,26033,26043,10
13.0305900574,80.2770080566,26043,26053,10
13.0312700272,80.2773666382,26053,26063,10
13.0319099426,80.2774505615,26063,26073,10
13.0325899124,80.2774200439,26073,26082,9
13.0327301025,80.2774200439,26082,26093,11
13.0330400467,80.2774276733,26093,26103,10
13.0335798264,80.27734375,26103,26114,11
13.0343103409,80.2775192261,26114,26124,10
13.0350704193,80.277671814,26124,26134,10
13.035779953,80.2778091431,26134,26144,10
13.0366001129,80.2779998779,26144,26154,10
13.0372800827,80.2782592773,26154,26164,10
13.0379495621,80.2784423828,26164,26174,10
13.0387001038,80.2786178589,26174,26184,10
13.0389699936,80.2786865234,26184,26194,10
13.0392303467,80.2787780762,26194,26204,10
13.0396499634,80.2789306641,26204,26214,10
13.0403203964,80.2791213989,26214,26225,11
13.0412797928,80.2793502808,26225,26235,10
13.0422697067,80.2795028687,26235,26245,10
13.0430402756,80.2795715332,26245,26265,20
13.0430402756,80.2795715332,26265,26275,10
13.0433597565,80.2796325684,26275,26285,10
13.0439596176,80.2798080444,26285,26295,10
13.0448102951,80.2799835205,26295,26305,10
13.0459299088,80.2801589966,26305,26315,10
13.0471601486,80.2803268433,26315,26325,10
13.0484895706,80.2805099487,26325,26336,11
13.0499200821,80.2807235718,26336,26346,10
13.0507001877,80.2808380127,26346,26356,10
13.051320076,80.2809371948,26356,26366,10
13.0522003174,80.2810668945,26366,26376,10
13.0533304214,80.2812423706,26376,26386,10
13.0546197891,80.281463623,26386,26397,11
13.0558996201,80.2817077637,26397,26407,10
13.0569295883,80.2819137573,26407,26417,10
13.0573997498,80.2819976807,26417,26446,29
13.0573997498,80.2819976807,26446,26456,10
13.0575895309,80.2820510864,26456,26466,10
13.0581598282,80.2821731567,26466,26478,12
13.0591697693,80.2823791504,26478,26488,10
13.0602798462,80.2826080322,26488,26498,10
13.06153965,80.2828598022,26498,26508,10
13.0627498627,80.2831268311,26508,26517,9
13.0638399124,80.2833786011,26517,26527,10
13.0650701523,80.2836685181,26527,26537,10
13.0663404465,80.2839508057,26537,26547,10
13.0675096512,80.2842102051,26547,26559,12
13.0687599182,80.2844390869,26559,26569,10
13.0696697235,80.2846603394,26569,26579,10
13.0707197189,80.2848968506,26579,26589,10
13.0717201233,80.28515625,26589,26597,8
13.0725402832,80.2852935791,26597,26607,10
13.0735998154,80.2853622437,26607,26619,12
13.0744600296,80.2861175537,26619,26629,10
13.0754003525,80.2866973877,26629,26637,8
13.0762701035,80.287071228,26637,26649,12
13.0776901245,80.287437439,26649,26659,10
13.0788698196,80.2877502441,26659,26670,11
13.0799598694,80.2881011963,26670,26680,10
13.0809803009,80.2883834839,26680,26690,10
13.0820703506,80.2887496948,26690,26700,10
13.08314991,80.2891769409,26700,26710,10
13.0841598511,80.2891769409,26710,26720,10
13.0851297379,80.2891616821,26720,26730,10
13.0862102509,80.289390564,26730,26740,10
13.087269783,80.2897109985,26740,26750,10
13.0881500244,80.2900695801,26750,26760,10
13.088760376,80.2901382446,26760,26770,10
13.0888500214,80.2902679443,26770,26821,51
13.0888500214,80.2902679443,26821,26831,10
13.0887002945,80.2904510498,26831,26841,10
13.0882196426,80.2902069092,26841,26851,10
13.087439537,80.2898864746,26851,26861,10
13.0865097046,80.2896194458,26861,26871,10
13.0857496262,80.2893676758,26871,26880,9
13.0854501724,80.2888793945,26880,26892,12
13.0851602554,80.287940979,26892,26902,10
13.0851898193,80.2868728638,26902,26912,10
13.0852804184,80.2857666016,26912,26922,10
13.0853500366,80.2846908569,26922,26932,10
13.0852499008,80.2841110229,26932,26942,10
13.0854301453,80.2837677002,26942,26952,10
13.0854902267,80.2835922241,26952,26962,10
13.085729599,80.2835235596,26962,26972,10
13.0861701965,80.283531189,26972,26982,10
13.0866699219,80.2838516235,26982,27073,91
13.0866699219,80.2838516235,27073,27083,10
13.0870704651,80.2838897705,27083,27093,10
13.0872297287,80.2838821411,27093,27103,10
13.0874595642,80.2838973999,27103,27113,10
13.0878295898,80.2839202881,27113,27285,172
13.0878295898,80.2839202881,27285,27295,10
13.088139534,80.2839736938,27295,27305,10
13.0881700516,80.2837982178,27305,27315,10
13.0882196426,80.2836380005,27315,27325,10
13.0883398056,80.2834472656,27325,27335,10
13.0883302689,80.2831573486,27335,27346,11
13.088350296,80.2825698853,27346,27356,10
13.0882797241,80.2819976807,27356,27366,10
13.0881595612,80.2814178467,27366,27376,10
13.0885896683,80.281539917,27376,27386,10
13.0884895325,80.2820892334,27386,27396,10
13.0883703232,80.2827224731,27396,27406,10
13.088350296,80.2833786011,27406,27416,10
13.0883598328,80.2836303711,27416,27426,10
13.0883798599,80.2839584351,27426,27436,10
13.0884103775,80.2843780518,27436,27446,10
13.0884304047,80.2848815918,27446,27457,11
13.0884599686,80.2854003906,27457,27467,10
13.0885400772,80.2860183716,27467,27477,10
13.0885400772,80.2864379883,27477,27487,10
13.088549614,80.2868270874,27487,27497,10
13.0885896683,80.2873916626,27497,27507,10
13.0886096954,80.287651062,27507,27518,11
13.0886602402,80.2882232666,27518,27527,9
13.0887002945,80.2886123657,27527,27537,10
13.0887804031,80.2893218994,27537,27557,20
13.0887804031,80.2893218994,27557,27567,10
13.088760376,80.2895202637,27567,27579,12
13.0887699127,80.2900619507,27579,27589,10
13.0887699127,80.2901000977,27589,27598,9
13.0887899399,80.2902526855,27598,27609,11
13.0885696411,80.2904205322,27609,27618,9
13.0881996155,80.2902069092,27618,27628,10
13.0875501633,80.2899017334,27628,27638,10
13.0867099762,80.2895584106,27638,27648,10
13.0856704712,80.2892990112,27648,27659,11
13.0846395493,80.2891998291,27659,27669,10
13.0837097168,80.2892532349,27669,27680,11
13.0827198029,80.2891235352,27680,27690,10
13.081700325,80.2886962891,27690,27700,10
13.0806398392,80.2883682251,27700,27710,10
13.0801496506,80.288230896,27710,27720,10
13.0799999237,80.288192749,27720,27730,10
13.0795097351,80.2880783081,27730,27740,10
13.078789711,80.2877883911,27740,27750,10
13.0778903961,80.2875289917,27750,27760,10
13.0768299103,80.2872619629,27760,27770,10
13.0757799149,80.2869796753,27770,27780,10
13.0748500824,80.2864379883,27780,27791,11
13.0738601685,80.2860336304,27791,27801,10
13.0729799271,80.2857437134,27801,27811,10
13.0720300674,80.2853088379,27811,27821,10
13.0708599091,80.2850189209,27821,27831,10
13.069609642,80.2847213745,27831,27841,10
13.0684099197,80.2844467163,27841,27851,10
13.0673103333,80.2842636108,27851,27861,10
13.0660896301,80.283996582,27861,27871,10
13.0649299622,80.2837219238,27871,27880,9
13.0640602112,80.2835083008,27880,27891,11
13.0632095337,80.2832870483,27891,27902,11
13.0625295639,80.2831268311,27902,27912,10
13.0624599457,80.2831268311,27912,27922,10
13.06208992,80.2830276489,27922,27932,10
13.0614795685,80.2828979492,27932,27942,10
13.0607099533,80.2827377319,27942,27952,10
13.0597801208,80.2825393677,27952,27962,10
13.0586795807,80.2823104858,27962,27972,10
13.0578098297,80.2821578979,27972,27982,10
13.057390213,80.2820587158,27982,27992,10
13.0568199158,80.2819366455,27992,28002,10
13.0567398071,80.2819213867,28002,28013,11
13.056429863,80.2818603516,28013,28023,10
13.055850029,80.2817306519,28023,28033,10
13.055100441,80.2815704346,28033,28043,10
13.0541696548,80.2813796997,28043,28053,10
13.0530595779,80.281211853,28053,28063,10
13.0519199371,80.2810287476,28063,28073,10
13.051030159,80.2809066772,28073,28083,10
13.0501804352,80.2807998657,28083,28093,10
13.0492095947,80.2806625366,28093,28103,10
13.0480699539,80.2804794312,28103,28113,10
13.0468702316,80.2803115845,28113,28124,11
13.0457000732,80.2801589966,28124,28134,10
13.0446500778,80.2800216675,28134,28144,10
13.0438699722,80.2799072266,28144,28154,10
13.0433301926,80.2798309326,28154,28164,10
13.0426397324,80.2796478271,28164,28174,10
13.0417804718,80.2795028687,28174,28184,10
13.0407600403,80.279296875,28184,28194,10
13.0398597717,80.279083252,28194,28204,10
13.0392198563,80.2789077759,28204,28214,10
13.0391101837,80.2788772583,28214,28224,10
13.0389900208,80.2788467407,28224,28235,11
13.0386295319,80.2787017822,28235,28245,10
13.0380601883,80.2785186768,28245,28255,10
13.0374202728,80.2783432007,28255,28265,10
13.0368099213,80.2781295776,28265,28275,10
13.0361499786,80.277923584,28275,28285,10
13.0354299545,80.2777633667,28285,28295,10
13.0346698761,80.277633667,28295,28305,10
13.0339403152,80.2774124146,28305,28315,10
13.0336198807,80.277381897,28315,28325,10
13.0331802368,80.2774963379,28325,28335,10
13.0326004028,80.2775268555,28335,28346,11
13.0318803787,80.2775878906,28346,28356,10
13.0311603546,80.2774429321,28356,28366,10
13.030960083,80.2772979736,28366,28376,10
13.0308103561,80.2771911621,28376,28386,10
13.0303401947,80.2769470215,28386,28396,10
13.0296602249,80.2767028809,28396,28406,10
13.0288200378,80.2764282227,28406,28416,10
13.0279598236,80.2760925293,28416,28426,10
13.0272102356,80.2757492065,28426,28436,10
13.0261297226,80.2752990723,28436,28457,21
13.0261297226,80.2752990723,28457,28467,10
13.025759697,80.2751235962,28467,28477,10
13.0252304077,80.274887085,28477,28487,10
13.0245800018,80.2745666504,28487,28497,10
13.0240802765,80.2740631104,28497,28527,30
13.0240802765,80.2740631104,28527,28537,10
13.0240001678,80.273979187,28537,28547,10
13.0237703323,80.273651123,28547,28556,9
13.0234603882,80.2732162476,28556,28567,11
13.0229501724,80.2725067139,28567,28577,10
13.0223503113,80.2717132568,28577,28589,12
13.0215997696,80.2707214355,28589,28597,8
13.0211296082,80.2701568604,28597,28608,11
13.0208702087,80.269859314,28608,28617,9
13.0207901001,80.2697677612,28617,28629,12
13.0204401016,80.2693099976,28629,28637,8
13.0200901031,80.2688674927,28637,28649,12
13.0194797516,80.268119812,28649,28658,9
13.0189599991,80.2674865723,28658,28669,11
13.0186500549,80.2665481567,28669,28680,11
13.0186500549,80.2658920288,28680,28689,9
13.0187997818,80.2652893066,28689,28699,10
13.0190200806,80.2645111084,28699,28710,11
13.0190095901,80.2636108398,28710,28720,10
13.0189800262,80.2633895874,28720,28729,9
13.0189304352,80.2630767822,28729,28739,10
13.0188999176,80.2628936768,28739,28749,10
13.0188703537,80.2623825073,28749,28759,10
13.0187597275,80.2615890503,28759,28768,9
13.018409729,80.2611312866,28768,28779,11
13.017780304,80.2607116699,28779,28791,12
13.0169095993,80.2601318359,28791,28801,10
13.0161399841,80.2597122192,28801,28821,20
13.0161399841,80.2597122192,28821,28831,10
13.0159101486,80.2595977783,28831,28841,10
13.0154600143,80.259437561,28841,28851,10
13.0148000717,80.2593383789,28851,28861,10
13.0141096115,80.2593002319,28861,28871,10
13.0132703781,80.2592773438,28871,28881,10
13.0122804642,80.2592163086,28881,28891,10
13.0112304688,80.2591934204,28891,28902,11
13.0099601746,80.2591629028,28902,28912,10
13.0088596344,80.2591629028,28912,28922,10
13.0078802109,80.258972168,28922,28932,10
13.0072002411,80.2585067749,28932,28942,10
13.0067396164,80.2577972412,28942,28952,10
13.0065402985,80.2568664551,28952,28962,10
13.0065498352,80.2557830811,28962,28972,10
13.0065402985,80.2546691895,28972,28980,8
13.0065097809,80.2539978027,28980,28992,12
13.0065202713,80.2539215088,28992,29002,10
13.0065498352,80.2537689209,29002,29013,11
13.0065803528,80.2532119751,29013,29023,10
13.0065898895,80.252456665,29023,29033,10
13.0066995621,80.2518310547,29033,29124,91
13.0066995621,80.2518310547,29124,29134,10
13.0067501068,80.2515716553,29134,29144,10
13.0067996979,80.2511901855,29144,29154,10
13.0067501068,80.25050354,29154,29164,10
13.0067396164,80.2495880127,29164,29174,10
13.0066995621,80.2486495972,29174,29184,10
13.0066699982,80.2479400635,29184,29194,10
13.0066900253,80.2474975586,29194,29295,101
13.0066900253,80.2474975586,29295,29305,10
13.0066795349,80.2472229004,29305,29315,10
13.0066299438,80.2467193604,29315,29325,10
13.0066204071,80.2464904785,29325,29335,10
13.006649971,80.2463989258,29335,29344,9
13.006649971,80.2460327148,29344,29356,12
13.0066299438,80.2452163696,29356,29366,10
13.0066299438,80.2444763184,29366,29376,10
13.0066404343,80.2437667847,29376,29386,10
13.0065898895,80.2430725098,29386,29396,10
13.0066003799,80.2423934937,29396,29406,10
13.0066099167,80.2415618896,29406,29416,10
13.0066995621,80.2407608032,29416,29426,10
13.0068502426,80.2398986816,29426,29436,10
13.0070400238,80.2388916016,29436,29446,10
13.0072097778,80.2379302979,29446,29456,10
13.0073795319,80.237121582,29456,29467,11
13.0074501038,80.2366409302,29467,29477,10
13.0074701309,80.2365722656,29477,29487,10
13.0075702667,80.2362976074,29487,29497,10
13.0076704025,80.235786438,29497,29507,10
13.007809639,80.2350921631,29507,29517,10
13.0079603195,80.2342834473,29517,29527,10
13.0081701279,80.2332077026,29527,29537,10
13.0084295273,80.2319793701,29537,29547,10
13.0086603165,80.2307510376,29547,29557,10
13.0088996887,80.2295227051,29557,29567,10
13.009180069,80.2282409668,29567,29578,11
13.009759903,80.2268600464,29578,29588,10
13.0102901459,80.2257385254,29588,29598,10
13.0107603073,80.2247619629,29598,29608,10
13.0111398697,80.2238464355,29608,29618,10
13.0113201141,80.2232437134,29618,29628,10
13.0108995438,80.2229766846,29628,29638,10
13.0102100372,80.2226104736,29638,29648,10
13.0094404221,80.2221832275,29648,29658,10
13.0088300705,80.221862793,29658,29668,10
13.0081396103,80.221496582,29668,29678,10
13.0073404312,80.2210922241,29678,29688,10
13.0064096451,80.2206573486,29688,29698,10
13.00522995,80.220413208,29698,29708,10
13.004119873,80.220161438,29708,29718,10
13.0031404495,80.2199020386,29718,29730,12
13.0020999908,80.2191696167,29730,29740,10
13.0012998581,80.2184524536,29740,29750,10
13.0005397797,80.2179336548,29750,29760,10
12.9997701645,80.2173614502,29760,29769,9
12.9989299774,80.2169494629,29769,29779,10
12.9980096817,80.2165908813,29779,29789,10
12.9974498749,80.2165374756,29789,29799,10
12.9974498749,80.2165298462,29799,29809,10
12.9970798492,80.2165527344,29809,29819,10
12.9964504242,80.2166213989,29819,29831,12
12.9955396652,80.2168426514,29831,29839,8
12.9949903488,80.2171401978,29839,29851,12
12.9945402145,80.2174682617,29851,29859,8
12.9941396713,80.2177581787,29859,29869,10
12.9935302734,80.2181930542,29869,29879,10
12.9928398132,80.2187271118,29879,29889,10
12.9919996262,80.219329834,29889,29899,10
12.9913301468,80.2198028564,29899,29912,13
12.9907999039,80.2202224731,29912,29932,20
12.9907999039,80.2202224731,29932,29942,10
12.9905900955,80.2203521729,29942,29952,10
12.990240097,80.2206268311,29952,29962,10
12.9897499084,80.2211074829,29962,29972,10
12.9894695282,80.2214279175,29972,29982,10
12.9890604019,80.2219467163,29982,29992,10
12.9884901047,80.2225418091,29992,30002,10
12.987859726,80.2230300903,30002,30012,10
12.9874601364,80.2230911255,30012,30023,11
12.9869298935,80.2230300903,30023,30033,10
12.9862699509,80.2229690552,30033,30043,10
12.9855899811,80.22315979,30043,30053,10
12.9850997925,80.2232437134,30053,30063,10
12.9846401215,80.2230377197,30063,30073,10
12.9840297699,80.2226715088,30073,30083,10
12.9834003448,80.2222824097,30083,30093,10
12.98320961,80.2221679688,30093,30103,10
12.9830303192,80.2220306396,30103,30113,10
12.9828195572,80.2219161987,30113,30123,10
12.9825696945,80.221862793,30123,30134,11
12.9820203781,80.2216110229,30134,30144,10
12.9813899994,80.2211990356,30144,30154,10
12.9806003571,80.2210693359,30154,30164,10
12.9797496796,80.2211303711,30164,30174,10
12.9789400101,80.2211914063,30174,30184,10
12.9780397415,80.2212219238,30184,30192,8
12.9774398804,80.2212371826,30192,30204,12
12.9767398834,80.2212371826,30204,30214,10
12.9762601852,80.221282959,30214,30234,20
12.9762601852,80.221282959,30234,30245,11
12.9761199951,80.221496582,30245,30255,10
12.976360321,80.2218704224,30255,30265,10
12.9764795303,80.222038269,30265,31202,937
12.9769802094,80.2227478027,31202,31212,10
12.9771795273,80.2227325439,31212,31222,10
12.9774999619,80.2226715088,31222,31233,11
12.9775295258,80.2223968506,31233,31243,10
12.9775104523,80.2219772339,31243,31253,10
12.9774799347,80.221496582,31253,31263,10
12.9774904251,80.2212524414,31263,31273,10
12.9777898788,80.2211990356,31273,31283,10
12.9783201218,80.2211532593,31283,31293,10
12.9789400101,80.2211227417,31293,31303,10
12.9797201157,80.2210617065,31303,31313,10
12.9804897308,80.220993042,31313,31323,10
12.9810800552,80.2210006714,31323,31332,9
12.9815502167,80.2212524414,31332,31344,12
12.9820995331,80.2216415405,31344,31354,10
12.9825401306,80.2218170166,31354,31364,10
12.9829998016,80.2219924927,31364,31384,20
12.9829998016,80.2219924927,31384,31394,10
12.9832601547,80.2221603394,31394,31404,10
12.9835395813,80.222366333,31404,31414,10
12.9839200974,80.2225875854,31414,31424,10
12.9843502045,80.2228164673,31424,31434,10
12.9847002029,80.2230377197,31434,31444,10
12.9851703644,80.2232589722,31444,31455,11
12.9855899811,80.2231063843,31455,31465,10
12.9861001968,80.2229614258,31465,31475,10
12.9864797592,80.2229614258,31475,31485,10
12.9866104126,80.2229537964,31485,31495,10
12.9868898392,80.2229995728,31495,31505,10
12.9871397018,80.2230529785,31505,31515,10
12.9874401093,80.2230834961,31515,31525,10
12.9878702164,80.2230072021,31525,31535,10
12.9883499146,80.2226486206,31535,31545,10
12.988820076,80.2221832275,31545,31555,10
12.9892396927,80.2216491699,31555,31565,10
12.9896497726,80.2210998535,31565,31576,11
12.9902496338,80.2204666138,31576,31586,10
12.9903802872,80.2203674316,31586,31596,10
12.9905395508,80.2202682495,31596,31606,10
12.9908304214,80.2200393677,31606,31616,10
12.9911899567,80.2197418213,31616,31626,10
12.9914398193,80.2195510864,31626,31636,10
12.9918203354,80.2192687988,31636,31646,10
12.9923601151,80.2188873291,31646,31656,10
12.9928302765,80.218536377,31656,31666,10
12.9930400848,80.2183380127,31666,31677,11
12.9930896759,80.2182922363,31677,31687,10
12.9933204651,80.2181015015,31687,31737,50
12.9933204651,80.2181015015,31737,31747,10
12.9936199188,80.217918396,31747,31808,61
12.9936199188,80.217918396,31808,31818,10
12.9940795898,80.2176208496,31818,31868,50
12.9944200516,80.2174072266,31868,31898,30
12.9944200516,80.2174072266,31898,31909,11
12.994799614,80.2171478271,31909,31919,10
12.9950504303,80.2169799805,31919,31929,10
12.9952802658,80.2168197632,31929,31939,10
12.9954500198,80.2167434692,31939,31949,10
12.99559021,80.2166900635,31949,31959,10
12.9959201813,80.2165908813,31959,31989,30
12.9963703156,80.2165374756,31989,32009,20
12.9963703156,80.2165374756,32009,32021,12
12.9968395233,80.2164764404,32021,32029,8
12.9971199036,80.216468811,32029,32039,10
12.997590065,80.2164764404,32039,32081,42
12.997590065,80.2164764404,32081,32090,9
12.997710228,80.2164993286,32090,32100,10
12.9981002808,80.216583252,32100,32110,10
12.9986000061,80.2167434692,32110,32120,10
12.9990501404,80.2169570923,32120,32129,9
12.9995498657,80.2172393799,32129,32140,11
13.0002298355,80.2176437378,32140,32150,10
13.000869751,80.2180480957,32150,32160,10
13.001540184,80.21849823,32160,32170,10
13.0021800995,80.2191390991,32170,32180,10
13.0029001236,80.2197494507,32180,32190,10
13.003780365,80.2200088501,32190,32200,10
13.0047597885,80.2202301025,32200,32210,10
13.0056695938,80.220451355,32210,32220,10
13.0064001083,80.2205963135,32220,32232,12
13.0066604614,80.2206726074,32232,32242,10
13.0069503784,80.2208175659,32242,32253,11
13.0075397491,80.2211532593,32253,32263,10
13.0082902908,80.2215499878,32263,32273,10
13.0090398788,80.2219467163,32273,32283,10
13.0097398758,80.2223434448,32283,32293,10
13.0104598999,80.2227096558,32293,32303,10
13.0110502243,80.2230300903,32303,32323,20
13.0110502243,80.2230300903,32323,32333,10
13.0113096237,80.2231369019,32333,32414,81
13.0113096237,80.2231369019,32414,32424,10
13.0115203857,80.2232131958,32424,32434,10
13.0116596222,80.2233963013,32434,32444,10
13.0120897293,80.2236022949,32444,32454,10
13.012550354,80.2238616943,32454,32464,10
13.0130901337,80.2241287231,32464,32475,11
13.0139198303,80.2245330811,32475,32485,10
13.0145902634,80.2248764038,32485,32495,10
13.0150299072,80.2251281738,32495,32505,10
13.0153503418,80.2253189087,32505,32515,10
13.0153799057,80.2257003784,32515,32525,10
13.0150499344,80.2258605957,32525,32535,10
13.0149202347,80.2259292603,32535,32545,10
13.0145301819,80.2260818481,32545,32555,10
13.0140304565,80.2263336182,32555,32565,10
13.013469696,80.2266082764,32565,32575,10
13.0133199692,80.2266616821,32575,32586,11
13.0130300522,80.2267608643,32586,32596,10
13.0125303268,80.2269515991,32596,32606,10
13.0118703842,80.2271881104,32606,32616,10
13.0111303329,80.2275009155,32616,32626,10
13.0102901459,80.2278366089,32626,32636,10
13.0094099045,80.2282333374,32636,32646,10
13.0090904236,80.229019165,32646,32656,10
13.0088996887,80.2300186157,32656,32666,10
13.0086898804,80.2310562134,32666,32676,10
13.0085096359,80.2319717407,32676,32686,10
13.0083703995,80.2327194214,32686,32697,11
13.0082302094,80.2336883545,32697,32727,30
13.0082302094,80.2336883545,32727,32737,10
13.0081501007,80.2339096069,32737,32747,10
13.0080795288,80.234336853,32747,32757,10
13.0079498291,80.2350082397,32757,32767,10
13.0078001022,80.2358627319,32767,32777,10
13.0076303482,80.2367172241,32777,32787,10
13.0074501038,80.2375717163,32787,32797,10
13.0072898865,80.2384567261,32797,32807,10
13.0071201324,80.2391662598,32807,32818,11
13.0069599152,80.2400894165,32818,32918,100
13.0069599152,80.2400894165,32918,32929,11
13.0069799423,80.2403182983,32929,32939,10
13.0069103241,80.2407226563,32939,32949,10
13.0068998337,80.2407531738,32949,32959,10
13.0068702698,80.2408828735,32959,32969,10
13.0068101883,80.2412490845,32969,32980,11
13.0067796707,80.2419128418,32980,32990,10
13.0067596436,80.242767334,32990,33000,10
13.0067195892,80.2435073853,33000,33010,10
13.0066995621,80.2442321777,33010,33020,10
13.0066604614,80.2449874878,33020,33030,10
13.0066995621,80.2456436157,33030,33041,11
13.0067501068,80.2465591431,33041,33101,60
13.0067501068,80.2465591431,33101,33110,9
13.0067796707,80.2468795776,33110,33121,11
13.0067796707,80.2473983765,33121,33131,10
13.0067596436,80.2480010986,33131,33141,10
13.0067901611,80.2488098145,33141,33153,12
13.0068502426,80.2500762939,33153,33161,8
13.0068702698,80.2509384155,33161,33173,12
13.0067300797,80.2519073486,33173,33183,10
13.0065803528,80.2527999878,33183,33193,10
13.0066003799,80.2538986206,33193,33203,10
13.0066404343,80.2550506592,33203,33213,10
13.0066604614,80.2562713623,33213,33223,10
13.0067996979,80.2574234009,33223,33233,10
13.007229805,80.2583389282,33233,33243,10
13.0081195831,80.2588272095,33243,33253,10
13.0085601807,80.258972168,33253,33264,11
13.0085601807,80.2589797974,33264,33274,10
13.0086097717,80.2590103149,33274,33284,10
13.0089597702,80.2590789795,33284,33294,10
13.0095996857,80.2590713501,33294,33304,10
13.0103702545,80.2591018677,33304,33314,10
13.0112304688,80.2591018677,33314,33324,10
13.0122003555,80.2591018677,33324,33334,10
13.0133600235,80.2591171265,33334,33344,10
13.0146102905,80.2591629028,33344,33354,10
13.0157003403,80.2592773438,33354,33364,10
13.0165195465,80.2597122192,33364,33385,21
13.0165195465,80.2597122192,33385,33395,10
13.016699791,80.2599105835,33395,33405,10
13.0170898438,80.2601623535,33405,33415,10
13.0173597336,80.2603530884,33415,33425,10
13.0176801682,80.2605667114,33425,33435,10
13.0180501938,80.2608337402,33435,33445,10
13.0184698105,80.2611312866,33445,33455,10
13.0187397003,80.2613220215,33455,33465,10
13.0189695358,80.2615432739,33465,33475,10
13.0191402435,80.2616882324,33475,33496,21
13.0191402435,80.2616882324,33496,33506,10
13.0193099976,80.2618179321,33506,33516,10
13.0194702148,80.2619400024,33516,33526,10
13.0196199417,80.2621002197,33526,33536,10
13.0199098587,80.2624130249,33536,33546,10
13.0203104019,80.2627410889,33546,33556,10
13.0202503204,80.2630004883,33556,33566,10
13.0198497772,80.2629699707,33566,33576,10
13.0192403793,80.2629623413,33576,33586,10
13.0190601349,80.2631988525,33586,33596,10
13.0191402435,80.2638397217,33596,33607,11
13.0191698074,80.2640991211,33607,33617,10
13.0191898346,80.2642364502,33617,33627,10
13.019080162,80.2646331787,33627,33637,10
13.0189304352,80.2652206421,33637,33647,10
13.018819809,80.2656326294,33647,33657,10
13.0187501907,80.2663497925,33657,33667,10
13.0188302994,80.2671279907,33667,33677,10
13.0193004608,80.267829895,33677,33687,10
13.0199098587,80.2685394287,33687,33697,10
13.0204801559,80.2692489624,33697,33707,10
13.0208101273,80.2696609497,33707,33718,11
13.0211400986,80.2700881958,33718,33728,10
13.0215597153,80.2705307007,33728,33748,20
13.0215597153,80.2705307007,33748,33756,8
13.0215797424,80.2705535889,33756,33801,45
13.023730278,80.2734375,33801,33825,24
13.023730278,80.2734375,33825,33835,10
13.0237398148,80.2734680176,33835,33845,10
13.0239801407,80.2738037109,33845,33855,10
13.0243196487,80.2742614746,33855,33865,10
13.0247097015,80.2745895386,33865,33875,10
13.0251998901,80.2748031616,33875,33885,10
13.0254096985,80.2749023438,33885,33895,10
13.0254802704,80.2749481201,33895,33905,10
13.025759697,80.2750930786,33905,33915,10
13.0262002945,80.2752990723,33915,33925,10
13.0266199112,80.2754898071,33925,33935,10
13.0271501541,80.2757568359,33935,33946,11
13.0277700424,80.2760391235,33946,33956,10
13.0283603668,80.2762527466,33956,33966,10
13.0289001465,80.2764587402,33966,33976,10
13.0294399261,80.2766265869,33976,33986,10
13.0299396515,80.2767486572,33986,33996,10
13.0303096771,80.2769012451,33996,34006,10
13.0305995941,80.2770614624,34006,34016,10
13.0309200287,80.2772598267,34016,34026,10
13.0314598083,80.2775497437,34026,34036,10
13.0322799683,80.2774963379,34036,34057,21
13.0322799683,80.2774963379,34057,34065,8
13.0324697495,80.2774887085,34065,34077,12
13.0328702927,80.2774581909,34077,34087,10
13.0334396362,80.27734375,34087,34097,10
13.0339899063,80.2774200439,34097,34107,10
13.0345001221,80.277557373,34107,34117,10
13.035030365,80.2776565552,34117,34127,10
13.0354204178,80.2777175903,34127,34137,10
13.0359897614,80.2778396606,34137,34147,10
13.0367097855,80.2780380249,34147,34157,10
13.037229538,80.2782592773,34157,34168,11
13.0373096466,80.2783203125,34168,34178,10
13.0377502441,80.2784118652,34178,34188,10
13.0384702682,80.2785873413,34188,34198,10
13.0389604568,80.278717041,34198,34208,10
13.0389699936,80.278717041,34208,34218,10
13.0391702652,80.2787780762,34218,34228,10
13.0396099091,80.2789306641,34228,34238,10
13.040309906,80.2791213989,34238,34248,10
13.0411901474,80.2793426514,34248,34258,10
13.04226017,80.2794876099,34258,34268,10
13.0434103012,80.2796707153,34268,34279,11
13.044380188,80.2798995972,34279,34289,10
13.0451402664,80.2800064087,34289,34299,10
13.0460195541,80.2801437378,34299,34309,10
13.0468997955,80.2802581787,34309,34319,10
13.0478496552,80.2803878784,34319,34329,10
13.0488004684,80.2805404663,34329,34339,10
13.0495500565,80.2806472778,34339,34349,10
13.0499401093,80.2807006836,34349,34359,10
13.0501804352,80.2807312012,34359,34368,9
13.0505399704,80.2807769775,34368,34390,22
13.0505399704,80.2807769775,34390,34400,10
13.0506401062,80.2807998657,34400,34410,10
13.0510101318,80.2808609009,34410,34420,10
13.0516195297,80.2809524536,34420,34430,10
13.0523900986,80.2810821533,34430,34440,10
13.0532598495,80.2812271118,34440,34450,10
13.0541801453,80.2813796997,34450,34460,10
13.0552101135,80.2815704346,34460,34470,10
13.0565099716,80.2817993164,34470,34490,20
13.0565099716,80.2817993164,34490,34500,10
13.0566797256,80.281829834,34500,34511,11
13.0574502945,80.2819976807,34511,34542,31
13.0574502945,80.2819976807,34542,34552,10
13.0576496124,80.282043457,34552,34562,10
13.0581903458,80.2821502686,34562,34572,10
13.0589399338,80.2823028564,34572,34581,9
13.0597600937,80.2824707031,34581,34592,11
13.0608196259,80.2826919556,34592,34602,10
13.0618400574,80.282913208,34602,34612,10
13.0627603531,80.2830963135,34612,34624,12
13.0631399155,80.2831726074,34624,34634,10
13.0632600784,80.2832107544,34634,34644,10
13.063750267,80.2833175659,34644,34654,10
13.0645198822,80.2835083008,34654,34664,10
13.0653896332,80.2837219238,34664,34674,10
13.0663299561,80.2839279175,34674,34684,10
13.0671195984,80.2841110229,34684,34694,10
13.0675497055,80.2842330933,34694,34704,10
13.0679397583,80.2842712402,34704,34714,10
13.0681695938,80.284286499,34714,34724,10
13.0686302185,80.2843933105,34724,34735,11
13.0694198608,80.284576416,34735,34745,10
13.0702600479,80.2847976685,34745,34755,10
13.0712299347,80.2850494385,34755,34765,10
13.0721797943,80.2852935791,34765,34775,10
13.0731401443,80.2853317261,34775,34785,10
13.0737304688,80.28540802,34785,34795,10
13.0740203857,80.2856826782,34795,34805,10
13.0744495392,80.2861328125,34805,34815,10
13.0751399994,80.286567688,34815,34825,10
13.0760097504,80.2870178223,34825,34835,10
13.0771102905,80.2872772217,34835,34844,9
13.0780096054,80.2875137329,34844,34856,12
13.0790100098,80.2878036499,34856,34866,10
13.0797996521,80.2880630493,34866,34876,10
13.0804395676,80.2881774902,34876,34886,10
13.0805797577,80.2882003784,34886,34896,10
13.0806598663,80.288230896,34896,34906,10
13.0811004639,80.2883682251,34906,34916,10
13.0817899704,80.2886123657,34916,34926,10
13.0824604034,80.2888870239,34926,34936,10
13.0832500458,80.2891769409,34936,34946,10
13.0841398239,80.2891616821,34946,34957,11
13.0851402283,80.2891311646,34957,34967,10
13.0860795975,80.2893295288,34967,34977,10
13.0870895386,80.2896194458,34977,34987,10
13.0878200531,80.2899169922,34987,34997,10
13.0886802673,80.2900772095,34997,35017,20
13.0886802673,80.2900772095,35017,35027,10
13.0888395309,80.2900619507,35027,35037,10
13.0888700485,80.2900772095,35037,35047,10
13.0888004303,80.2904281616,35047,35057,10
13.0884199142,80.2902832031,35057,35068,11
13.0877599716,80.2899780273,35068,35078,10
13.0870399475,80.2897491455,35078,35088,10
13.0862998962,80.2895278931,35088,35098,10
13.0857200623,80.2892532349,35098,35108,10
13.0853595734,80.2886428833,35108,35118,10
13.0851602554,80.2877578735,35118,35128,10
13.0852098465,80.2867584229,35128,35138,10
13.0853004456,80.2857437134,35138,35148,10
13.0853796005,80.2848205566,35148,35158,10
13.0853004456,80.2843170166,35158,35168,10
13.0852804184,80.2842712402,35168,35178,10
13.0852403641,80.2841491699,35178,35189,11
13.0853996277,80.2838821411,35189,35199,10
13.0855398178,80.2835388184,35199,35209,10
13.0858297348,80.2835083008,35209,35219,10
13.086230278,80.2835235596,35219,35229,10
13.0865097046,80.2837219238,35229,35239,10
13.0868196487,80.2839508057,35239,35258,19
13.0868196487,80.2839508057,35258,35269,11
13.0869398117,80.2839508057,35269,35279,10
13.0871801376,80.2839431763,35279,35289,10
13.0874595642,80.2839584351,35289,35300,11
13.0879898071,80.2839584351,35300,35552,252
13.0879898071,80.2839584351,35552,35562,10
13.0882396698,80.2836608887,35562,35572,10
13.0883197784,80.283493042,35572,35592,20
13.0883197784,80.283493042,35592,35602,10
13.088350296,80.283203125,35602,35612,10
13.088350296,80.2828598022,35612,35622,10
13.0883302689,80.2824172974,35622,35635,13
13.0882396698,80.281791687,35635,35645,10
13.0881795883,80.2813796997,35645,35655,10
13.0885095596,80.2814788818,35655,35665,10
13.08852005,80.2818984985,35665,35675,10
13.0884304047,80.2823867798,35675,35685,10
13.0883903503,80.282951355,35685,35695,10
13.0883903503,80.2836074829,35695,35705,10
13.0884199142,80.2842712402,35705,35715,10
13.0884895325,80.2849884033,35715,35786,71
13.0884895325,80.2849884033,35786,35796,10
13.08852005,80.2850418091,35796,35806,10
13.088549614,80.2853622437,35806,35816,10
13.0885801315,80.2856369019,35816,35826,10
13.0886001587,80.2860412598,35826,35836,10
13.0885801315,80.2863922119,35836,35846,10
13.0885801315,80.2867736816,35846,35857,11
13.088640213,80.2873535156,35857,35867,10
13.0886602402,80.2875976563,35867,35877,10
13.0887002945,80.2880935669,35877,35887,10
13.0887298584,80.2884902954,35887,35897,10
13.0887098312,80.2887268066,35897,35907,10
13.0887298584,80.2891998291,35907,35917,10
13.0887498856,80.2892608643,35917,35927,10
13.0887699127,80.2892990112,35927,35937,10
13.088760376,80.2898406982,35937,35957,20
13.088760376,80.2898406982,35957,35967,10
13.0888004303,80.2900924683,35967,35978,11
13.0887498856,80.2904205322,35978,35988,10
13.0884504318,80.2903289795,35988,35998,10
13.0878801346,80.2900314331,35998,36008,10
13.0871496201,80.289680481,36008,36018,10
13.0861902237,80.2893829346,36018,36028,10
13.085269928,80.2889862061,36028,36038,10
13.0842504501,80.2891082764,36038,36047,9
13.0834503174,80.2891921997,36047,36058,11
13.0825901031,80.2890014648,36058,36068,10
13.0819301605,80.2887496948,36068,36078,10
13.0811395645,80.2884902954,36078,36089,11
13.0803098679,80.2882385254,36089,36109,20
13.0803098679,80.2882385254,36109,36119,10
13.0802402496,80.2882080078,36119,36129,10
13.0798397064,80.2881393433,36129,36139,10
13.0791797638,80.2879562378,36139,36149,10
13.0783700943,80.2876281738,36149,36159,10
13.0773296356,80.2873535156,36159,36169,10
13.0762195587,80.287071228,36169,36179,10
13.0752801895,80.2866821289,36179,36189,10
13.074379921,80.2861480713,36189,36200,11
13.0733098984,80.2858810425,36200,36208,8
13.072640419,80.2854919434,36208,36220,12
13.0713396072,80.2850875854,36220,36230,10
13.0700998306,80.2847900391,36230,36240,10
13.0690603256,80.2845687866,36240,36250,10
13.068400383,80.2844161987,36250,36260,10
13.0677995682,80.2843017578,36260,36270,10
13.0670604706,80.2841720581,36270,36280,10
13.0661802292,80.2839508057,36280,36290,10
13.0653095245,80.2837600708,36290,36300,10
13.0645198822,80.2835769653,36300,36311,11
13.0638799667,80.2834396362,36311,36321,10
13.0632200241,80.2832794189,36321,36331,10
13.0625,80.2831192017,36331,36351,20
13.0625,80.2831192017,36351,36361,10
13.0624504089,80.2831268311,36361,36371,10
13.0621004105,80.2830276489,36371,36381,10
13.0615501404,80.2828979492,36381,36391,10
13.0608596802,80.2827529907,36391,36401,10
13.0600099564,80.2825698853,36401,36411,10
13.0590801239,80.2823791504,36411,36422,11
13.0582304001,80.2822113037,36422,36432,10
13.0576200485,80.2820892334,36432,36442,10
13.0570402145,80.2819595337,36442,36452,10
13.0568704605,80.2819213867,36452,36462,10
13.0568199158,80.2819137573,36462,36472,10
13.0564804077,80.2818374634,36472,36482,10
13.0559301376,80.2817230225,36482,36492,10
13.0552396774,80.2815628052,36492,36502,10
13.0543699265,80.2813873291,36502,36512,10
13.0533504486,80.281211853,36512,36522,10
13.0523900986,80.2810821533,36522,36532,10
13.0515003204,80.2809524536,36532,36542,10
13.0506896973,80.2808303833,36542,36552,10
13.0497903824,80.2806930542,36552,36562,10
13.0487203598,80.2805404663,36562,36572,10
13.0476303101,80.280380249,36572,36583,11
13.0465202332,80.2802276611,36583,36592,9
13.0455503464,80.2800979614,36592,36603,11
13.0445098877,80.2799606323,36603,36613,10
13.0436096191,80.2798309326,36613,36623,10
13.0426101685,80.2796325684,36623,36633,10
13.041469574,80.2794265747,36633,36643,10
13.040430069,80.2792129517,36643,36655,12
13.0396604538,80.278968811,36655,36663,8
13.0392904282,80.2788391113,36663,36673,10
13.0390796661,80.2788314819,36673,36685,12
13.0390195847,80.2788162231,36685,36693,8
13.0387496948,80.2787399292,36693,36703,10
13.0382204056,80.2785568237,36703,36713,10
13.0375795364,80.2783737183,36713,36723,10
13.0370197296,80.2781982422,36723,36733,10
13.0365800858,80.2780075073,36733,36745,12
13.0357599258,80.2778091431,36745,36755,10
13.0349903107,80.2776184082,36755,36764,9
13.0342903137,80.2774887085,36764,36777,13
13.0333204269,80.2774124146,36777,36787,10
13.0327701569,80.2774429321,36787,36797,10
13.0324897766,80.2774810791,36797,36806,9
13.0321102142,80.2775497437,36806,36818,12
13.031370163,80.2775497437,36818,36828,10
13.0309801102,80.2772979736,36828,36838,10
13.0309696198,80.2772979736,36838,36848,10
13.0306596756,80.277130127,36848,36858,10
13.0301103592,80.2768630981,36858,36868,10
13.0294704437,80.2766799927,36868,36879,11
13.0286998749,80.2763900757,36879,36889,10
13.0281400681,80.2761383057,36889,36899,10
13.0276603699,80.2759399414,36899,36909,10
13.0269804001,80.2756500244,36909,36919,10
13.0260400772,80.2752532959,36919,36939,20
13.0260400772,80.2752532959,36939,36949,10
13.0258703232,80.275138855,36949,36959,10
13.0254602432,80.2749786377,36959,36969,10
13.0248603821,80.2747268677,36969,36979,10
13.024310112,80.2742919922,36979,36990,11
13.0238800049,80.2737121582,36990,37000,10
13.0235500336,80.2732391357,37000,37010,10
13.0230998993,80.2726211548,37010,37020,10
13.0225496292,80.2718887329,37020,37030,10
13.0219802856,80.2711334229,37030,37040,10
13.0213899612,80.2704162598,37040,37049,9
13.0209302902,80.2699508667,37049,37071,22
13.0209302902,80.2699508667,37071,37081,10
13.0206203461,80.2695617676,37081,37091,10
13.0202903748,80.2690963745,37091,37102,11
13.0196800232,80.2683563232,37102,37112,10
13.0191402435,80.2677307129,37112,37122,10
13.0187301636,80.2669067383,37122,37132,10
13.0186395645,80.2660522461,37132,37142,10
13.0187501907,80.2654495239,37142,37152,10
13.0189504623,80.2647171021,37152,37162,10
13.0190496445,80.2638473511,37162,37172,10
13.0190000534,80.2633972168,37172,37182,10
13.0189399719,80.2630310059,37182,37192,10
13.0189399719,80.2629776001,37192,37202,10
13.0188903809,80.2626266479,37202,37213,11
13.0188102722,80.261932373,37213,37223,10
13.0186300278,80.2613067627,37223,37233,10
13.0180797577,80.2609329224,37233,37243,10
13.0174703598,80.2604904175,37243,37254,11
13.0166597366,80.2599563599,37254,37263,9
13.0160703659,80.2596817017,37263,37273,10
13.0159902573,80.2596511841,37273,37283,10
13.0158996582,80.2595901489,37283,37293,10
13.0154895782,80.259437561,37293,37303,10
13.0148496628,80.2593231201,37303,37313,10
13.0141496658,80.2592773438,37313,37324,11
13.0131797791,80.2592315674,37324,37334,10
13.0121803284,80.2591934204,37334,37344,10
13.0112400055,80.259147644,37344,37354,10
13.0102100372,80.2591171265,37354,37364,10
13.0091199875,80.2591171265,37364,37374,10
13.0080795288,80.2590103149,37374,37383,9
13.0072097778,80.2584762573,37383,37394,11
13.0066099167,80.2574081421,37394,37404,10
13.0065402985,80.2563705444,37404,37414,10
13.0065402985,80.2552337646,37414,37424,10
13.0065097809,80.2537384033,37424,37446,22
13.0065097809,80.2537384033,37446,37456,10
13.0064897537,80.2535095215,37456,37466,10
13.0065402985,80.2531814575,37466,37476,10
13.006529808,80.2525482178,37476,37486,10
13.0066204071,80.2519836426,37486,37536,50
13.0066204071,80.2519836426,37536,37547,11
13.0067195892,80.2515411377,37547,37557,10
13.0067996979,80.2509918213,37557,37567,10
13.0067796707,80.2502975464,37567,37577,10
13.0067596436,80.24949646,37577,37587,10
13.0067100525,80.2486419678,37587,37597,10
13.0066404343,80.2478866577,37597,37637,40
13.0066404343,80.2478866577,37637,37647,10
13.0066604614,80.2476196289,37647,37656,9
13.0066604614,80.2471923828,37656,37668,12
13.0065898895,80.2465591431,37668,37678,10
13.0066099167,80.2464294434,37678,37688,10
13.0066404343,80.2462005615,37688,37698,10
13.0066299438,80.2456817627,37698,37708,10
13.0066299438,80.2450408936,37708,37718,10
13.0066204071,80.2444076538,37718,37728,10
13.0066003799,80.2440490723,37728,37738,10
13.0066003799,80.243598938,37738,37748,10
13.0066003799,80.2430267334,37748,37758,10
13.0065898895,80.2422180176,37758,37767,9
13.0066099167,80.2413482666,37767,37779,12
13.0067596436,80.2401275635,37779,37789,10
13.006939888,80.2391815186,37789,37799,10
13.0071601868,80.2381362915,37799,37809,10
13.0073604584,80.2372436523,37809,37819,10
13.0074396133,80.236618042,37819,37829,10
13.0074596405,80.236579895,37829,37839,10
13.0074901581,80.2364730835,37839,37849,10
13.0075798035,80.2360992432,37849,37859,10
13.0077199936,80.2354812622,37859,37869,10
13.0078601837,80.2347106934,37869,37879,10
13.0080604553,80.2337722778,37879,37890,11
13.008310318,80.2325210571,37890,37900,10
13.0085496902,80.2313079834,37900,37910,10
13.0087900162,80.2300796509,37910,37920,10
13.0090398788,80.2288665771,37920,37930,10
13.0093698502,80.2277526855,37930,37939,9
13.0097999573,80.2267913818,37939,37950,11
13.0102701187,80.2257385254,37950,37960,10
13.0105304718,80.2251281738,37960,37970,10
13.0105600357,80.2250671387,37970,37980,10
13.0106897354,80.2248382568,37980,37990,10
13.0108995438,80.2243118286,37990,38001,11
13.011179924,80.2235794067,38001,38009,8
13.0112895966,80.2231674194,38009,38021,12
13.0106601715,80.2229537964,38021,38031,10
13.0104503632,80.2228469849,38031,38041,10
13.0102300644,80.2226867676,38041,38051,10
13.0097904205,80.2224578857,38051,38061,10
13.0091199875,80.2220687866,38061,38071,10
13.0083799362,80.2216491699,38071,38081,10
13.0074501038,80.2211532593,38081,38091,10
13.0064697266,80.2206802368,38091,38101,10
13.0055103302,80.220451355,38101,38112,11
13.0048799515,80.2202911377,38112,38120,8
13.0047397614,80.2202606201,38120,38132,12
13.0043201447,80.220161438,38132,38142,10
13.0036401749,80.2199935913,38142,38152,10
13.002790451,80.2197189331,38152,38162,10
13.0020999908,80.2191162109,38162,38172,10
13.001540184,80.2185592651,38172,38182,10
13.0009202957,80.218132019,38182,38192,10
13.0003004074,80.2177581787,38192,38202,10
12.9995698929,80.2173309326,38202,38209,7
12.9990301132,80.2170410156,38209,38223,14
12.9979496002,80.2165985107,38223,38233,10
12.9973697662,80.2164993286,38233,38243,10
12.997130394,80.2165374756,38243,38253,10
12.9970197678,80.2165527344,38253,38263,10
12.9966001511,80.2165679932,38263,38273,10
12.9960098267,80.2166900635,38273,38283,10
12.9952001572,80.2170410156,38283,38293,10
12.9945802689,80.2174530029,38293,38303,10
12.9939403534,80.2178878784,38303,38313,10
12.9932003021,80.2183914185,38313,38323,10
12.9923601151,80.2189788818,38323,38333,10
12.9915399551,80.2195968628,38333,38345,12
12.9907903671,80.2201766968,38345,38355,10
12.9907197952,80.2202301025,38355,38363,8
12.9906196594,80.2203063965,38363,38373,10
12.9902000427,80.2206115723,38373,38383,10
12.9897003174,80.2211380005,38383,38393,10
12.9892902374,80.2216720581,38393,38403,10
12.9887599945,80.2222976685,38403,38414,11
12.9881601334,80.2228469849,38414,38423,9
12.9877195358,80.2230911255,38423,38434,11
12.9876203537,80.2231063843,38434,38444,10
12.9872198105,80.2230834961,38444,38456,12
12.986700058,80.2229690552,38456,38464,8
12.9862804413,80.2229385376,38464,38476,12
12.98554039,80.2232284546,38476,38484,8
12.9851198196,80.2232284546,38484,38494,10
12.98458004,80.2229995728,38494,38504,10
12.9840202332,80.2226715088,38504,38514,10
12.9835996628,80.2224273682,38514,38524,10
12.983420372,80.2223129272,38524,38534,10
12.9831399918,80.2221298218,38534,38544,10
12.9828500748,80.2219619751,38544,38554,10
12.9822702408,80.2218170166,38554,38567,13
12.981760025,80.2214584351,38567,38577,10
12.9810304642,80.2211685181,38577,38587,10
12.9803199768,80.2211227417,38587,38597,10
12.9799003601,80.2211303711,38597,38607,10
12.9793996811,80.2211608887,38607,38617,10
12.9786996841,80.2211914063,38617,38627,10
12.9780397415,80.2211914063,38627,38637,10
12.9774303436,80.2212295532,38637,38647,10
12.9767398834,80.221282959,38647,38657,10
12.9762201309,80.221321106,38657,38678,21
12.9762201309,80.221321106,38678,38688,10
12.9760904312,80.221496582,38688,38698,10
12.976360321,80.221862793,38698,38708,10
12.9766397476,80.2222137451,38708,39102,394
12.9766397476,80.2222137451,39102,39112,10
12.9767198563,80.222442627,39112,39122,10
12.9769201279,80.2227325439,39122,39133,11
12.9771699905,80.2227478027,39133,39143,10
12.9774999619,80.2226715088,39143,39153,10
12.9775104523,80.2224121094,39153,39163,10
12.9774799347,80.2219161987,39163,39173,10
12.9774599075,80.2214813232,39173,39183,10
12.9774503708,80.221321106,39183,39193,10
12.9777402878,80.2211914063,39193,39203,10
12.9781999588,80.2211685181,39203,39213,10
12.9787998199,80.2211074829,39213,39223,10
12.9794597626,80.2210769653,39223,39233,10
12.9799699783,80.2210464478,39233,39244,11
12.9802799225,80.221031189,39244,39254,10
12.9806995392,80.2210006714,39254,39264,10
12.9812498093,80.2211074829,39264,39274,10
12.9816198349,80.2213287354,39274,39284,10
12.9819698334,80.2215194702,39284,39294,10
12.9823799133,80.2217025757,39294,39304,10
12.9828996658,80.2219161987,39304,39324,20
12.9828996658,80.2219161987,39324,39334,10
12.9831495285,80.222038269,39334,39344,10
12.9835395813,80.2223205566,39344,39354,10
12.9839601517,80.2225723267,39354,39364,10
12.9845104218,80.22290802,39364,39374,10
12.9851703644,80.2232284546,39374,39384,10
12.9854602814,80.2232131958,39384,39395,11
12.9857397079,80.2230224609,39395,39405,10
12.9861698151,80.2229537964,39405,39415,10
12.9864597321,80.2229537964,39415,39425,10
12.9865398407,80.2229690552,39425,39435,10
12.9869003296,80.2230072021,39435,39445,10
12.9873399734,80.2230529785,39445,39455,10
12.987739563,80.2230224609,39455,39467,12
12.9882097244,80.2227172852,39467,39477,10
12.9885997772,80.2223434448,39477,39485,8
12.9889497757,80.2219467163,39485,39495,10
12.9894104004,80.2213821411,39495,39505,10
12.9899501801,80.220741272,39505,39515,10
12.9904203415,80.2203292847,39515,39525,10
12.9905004501,80.2202529907,39525,39535,10
12.9906997681,80.2200927734,39535,39547,12
12.9911203384,80.2197570801,39547,39555,8
12.9914398193,80.2195281982,39555,39565,10
12.991900444,80.2192077637,39565,39578,13
12.9927797318,80.2185974121,39578,39588,10
12.9935398102,80.2180480957,39588,39598,10
12.9942302704,80.2175674438,39598,39608,10
12.994799614,80.2171401978,39608,39618,10
12.9952497482,80.2168502808,39618,39628,10
12.9959096909,80.2166137695,39628,39638,10
12.9965000153,80.2164993286,39638,39648,10
12.9969797134,80.2164535522,39648,39658,10
12.9976501465,80.2164535522,39658,39678,20
12.9976501465,80.2164535522,39678,39689,11
12.997759819,80.2164764404,39689,39699,10
12.9979000092,80.216506958,39699,39709,10
12.9982700348,80.2165985107,39709,39719,10
12.9988098145,80.2168197632,39719,39729,10
12.9994297028,80.2171630859,39729,39739,10
12.9999103546,80.2174301147,39739,39749,10
13.0004196167,80.2177276611,39749,39759,10
13.0010099411,80.2181396484,39759,39768,9
13.0015602112,80.2185211182,39768,39780,12
13.0022602081,80.2192230225,39780,39790,10
13.0029401779,80.2197494507,39790,39801,11
13.0039100647,80.2200469971,39801,39811,10
13.00481987,80.2202301025,39811,39821,10
13.0057201385,80.2204589844,39821,39831,10
13.0066604614,80.2206573486,39831,39841,10
13.0075902939,80.2211532593,39841,39851,10
13.008600235,80.2216873169,39851,39861,10
13.0095996857,80.2222366333,39861,39871,10
13.0105104446,80.2227172852,39871,39881,10
13.0113697052,80.2231063843,39881,39932,51
13.0113697052,80.2231063843,39932,39942,10
13.0115804672,80.2233200073,39942,39952,10
13.0116901398,80.2234420776,39952,39962,10
13.0121297836,80.2236480713,39962,39972,10
13.0124797821,80.2237930298,39972,39982,10
13.0130395889,80.2240829468,39982,39992,10
13.0136804581,80.2244033813,39992,40002,10
13.0143203735,80.2247314453,40002,40012,10
13.0148601532,80.2249984741,40012,40022,10
13.0153198242,80.2252883911,40022,40033,11
13.0153903961,80.2253417969,40033,40043,10
13.01541996,80.2256164551,40043,40053,10
13.0149097443,80.2259597778,40053,40073,20
13.0149097443,80.2259597778,40073,40083,10
13.014749527,80.2260437012,40083,40093,10
13.0143404007,80.2261886597,40093,40103,10
13.0137195587,80.2264404297,40103,40113,10
13.0129804611,80.2267532349,40113,40123,10
13.012260437,80.2270584106,40123,40133,10
13.0114803314,80.2273635864,40133,40144,11
13.0104999542,80.2277603149,40144,40154,10
13.0096302032,80.2281112671,40154,40164,10
13.0090904236,80.2286834717,40164,40174,10
13.008939743,80.2295532227,40174,40184,10
13.0087299347,80.2305984497,40184,40194,10
13.0085296631,80.2317581177,40194,40204,10
13.008310318,80.2329177856,40204,40214,10
13.0082197189,80.2336502075,40214,40234,20
13.0082197189,80.2336502075,40234,40244,10
13.0081396103,80.2339019775,40244,40255,11
13.0080499649,80.2343902588,40255,40265,10
13.007900238,80.2350997925,40265,40275,10
13.0077495575,80.2358627319,40275,40285,10
13.0075502396,80.2368087769,40285,40295,10
13.0073604584,80.237739563,40295,40305,10
13.0072402954,80.2384796143,40305,40315,10
13.0071401596,80.2389984131,40315,40326,11
13.0069799423,80.2396621704,40326,40335,9
13.0069704056,80.2399978638,40335,40345,10
13.0068502426,80.2407836914,40345,40365,20
13.0068502426,80.2407836914,40365,40376,11
13.0067796707,80.2410507202,40376,40386,10
13.0067396164,80.2416229248,40386,40396,10
13.0067396164,80.2423629761,40396,40406,10
13.0067100525,80.2429962158,40406,40416,10
13.0066795349,80.2434768677,40416,40466,50
13.0066795349,80.2434768677,40466,40475,9
13.0066404343,80.2440414429,40475,40498,23
13.0066404343,80.2440414429,40498,40508,10
13.0066299438,80.244430542,40508,40518,10
13.0066795349,80.2447814941,40518,40528,10
13.0066995621,80.2452468872,40528,40538,10
13.0067195892,80.2460174561,40538,40558,20
13.0067195892,80.2460174561,40558,40568,10
13.0067195892,80.2463378906,40568,40578,10
13.0067100525,80.2467575073,40578,40588,10
13.0066900253,80.2473602295,40588,40599,11
13.0066795349,80.2481231689,40599,40609,10
13.0067195892,80.2489318848,40609,40619,10
13.0067596436,80.2497634888,40619,40629,10
13.0068101883,80.2505493164,40629,40639,10
13.006819725,80.251159668,40639,40679,40
13.006819725,80.251159668,40679,40689,10
13.0067996979,80.2514724731,40689,40699,10
13.0066604614,80.2518997192,40699,40710,11
13.0065402985,80.2527008057,40710,40720,10
13.0065498352,80.2534484863,40720,40730,10
13.0065698624,80.2543029785,40730,40740,10
13.0066003799,80.2550582886,40740,40750,10
13.0066204071,80.2558364868,40750,40760,10
13.0066404343,80.2565231323,40760,40770,10
13.0066995621,80.256942749,40770,40780,10
13.0066995621,80.2572174072,40780,40790,10
13.0068397522,80.2577285767,40790,40800,10
13.0072002411,80.2582778931,40800,40810,10
13.0078201294,80.2586593628,40810,40821,11
13.0085000992,80.2589263916,40821,40831,10
13.0085496902,80.258972168,40831,40841,10
13.0086603165,80.2590408325,40841,40851,10
13.0090799332,80.2590866089,40851,40861,10
13.0097703934,80.2591018677,40861,40871,10
13.0106201172,80.2591094971,40871,40881,10
13.0116100311,80.2590789795,40881,40891,10
13.0127296448,80.2591323853,40891,40901,10
13.013879776,80.259147644,40901,40910,9
13.0148200989,80.2591705322,40910,40922,12
13.0159196854,80.2593917847,40922,40932,10
13.0164499283,80.2596588135,40932,40943,11
13.0164899826,80.2596893311,40943,40952,9
13.016579628,80.2597579956,40952,40963,11
13.0174102783,80.2603607178,40963,40973,10
13.0174102783,80.2603607178,40973,40983,10
13.0179595947,80.2607421875,40983,40992,9
13.0184001923,80.2610397339,40992,41003,11
13.0189399719,80.2614822388,41003,41013,10
13.0193500519,80.2618484497,41013,41023,10
13.019659996,80.2621688843,41023,41033,10
13.0202503204,80.2626800537,41033,41044,11
13.0200796127,80.2629699707,41044,41054,10
13.019490242,80.2629394531,41054,41064,10
13.018989563,80.2629776001,41064,41074,10
13.0190200806,80.263458252,41074,41084,10
13.0191202164,80.263999939,41084,41094,10
13.0191202164,80.2640228271,41094,41104,10
13.019109726,80.2643203735,41104,41114,10
13.0189800262,80.2647705078,41114,41124,10
13.018819809,80.2652816772,41124,41134,10
13.018699646,80.2657318115,41134,41141,7
13.0186395645,80.2662277222,41141,41154,13
13.0188398361,80.2672424316,41154,41165,11
13.0193300247,80.2678909302,41165,41175,10
13.0198402405,80.2684707642,41175,41185,10
13.0204401016,80.2692108154,41185,41195,10
13.0210399628,80.2699432373,41195,41205,10
13.0215702057,80.2705535889,41205,41215,10
13.0215797424,80.2706298828,41215,41225,10
13.0217599869,80.2708969116,41225,41235,10
13.0221004486,80.2713317871,41235,41245,10
13.0225000381,80.2718582153,41245,41255,10
13.0229902267,80.2724761963,41255,41265,10
13.0234804153,80.2731399536,41265,41275,10
13.0238895416,80.2736434937,41275,41315,40
13.0238895416,80.2736434937,41315,41325,10
13.0239896774,80.2737503052,41325,41335,10
13.024189949,80.2740707397,41335,41345,10
13.0246801376,80.2745437622,41345,41356,11
13.0253095627,80.2748031616,41356,41366,10
13.0254001617,80.274848938,41366,41376,10
13.0255403519,80.2749404907,41376,41386,10
13.0259504318,80.2751235962,41386,41396,10
13.0262002945,80.2752914429,41396,41406,10
13.0264997482,80.2754364014,41406,41416,10
13.0270500183,80.2756500244,41416,41426,10
13.0276203156,80.2759170532,41426,41436,10
13.0282402039,80.2761611938,41436,41446,10
13.0287303925,80.2763595581,41446,41456,10
13.0292901993,80.2765274048,41456,41466,10
13.02987957,80.2766723633,41466,41476,10
13.0305404663,80.2769775391,41476,41486,10
13.0311098099,80.2773284912,41486,41499,13
13.0319404602,80.2774810791,41499,41509,10
13.0325803757,80.2774429321,41509,41519,10
13.032699585,80.2774276733,41519,41529,10
13.0330696106,80.2774200439,41529,41549,20
13.0330696106,80.2774200439,41549,41559,10
13.0333900452,80.2773895264,41559,41569,10
13.0338401794,80.277381897,41569,41579,10
13.0344696045,80.2775268555,41579,41589,10
13.0351600647,80.277633667,41589,41599,10
13.0358800888,80.2777709961,41599,41609,10
13.0366001129,80.2779693604,41609,41620,11
13.0374403,80.2782974243,41620,41630,10
13.0382204056,80.2785186768,41630,41640,10
13.0389795303,80.278717041,41640,41660,20
13.0389795303,80.278717041,41660,41670,10
13.0390300751,80.2787399292,41670,41680,10
13.039270401,80.2788314819,41680,41690,10
13.0396499634,80.2789611816,41690,41700,10
13.0401697159,80.2791137695,41700,41710,10
13.0409698486,80.279296875,41710,41719,9
13.0417995453,80.2794418335,41719,41731,12
13.0430603027,80.2796325684,41731,41741,10
13.043970108,80.2798461914,41741,41751,10
13.0449104309,80.2799987793,41751,41761,10
13.0458803177,80.280128479,41761,41771,10
13.0468196869,80.2802505493,41771,41781,10
13.0478401184,80.2804031372,41781,41791,10
13.0488500595,80.2805404663,41791,41801,10
13.0497703552,80.280670166,41801,41811,10
13.0505895615,80.2807922363,41811,41821,10
13.0514097214,80.280921936,41821,41831,10
13.0523700714,80.2810592651,41831,41842,11
13.0533895493,80.2812194824,41842,41852,10
13.0544395447,80.2814102173,41852,41862,10
13.055390358,80.2815933228,41862,41872,10
13.0564498901,80.2817764282,41872,41892,20
13.0564498901,80.2817764282,41892,41902,10
13.0566997528,80.281829834,41902,41912,10
13.0569295883,80.281867981,41912,41922,10
13.0573196411,80.2819595337,41922,41932,10
13.0578298569,80.2820663452,41932,41942,10
13.0584897995,80.2822189331,41942,41953,11
13.0593500137,80.2823867798,41953,41963,10
13.0601396561,80.2825469971,41963,41973,10
13.0608501434,80.282699585,41973,41983,10
13.0615997314,80.2828598022,41983,41993,10
13.0622901917,80.2829971313,41993,42003,10
13.0628299713,80.2830963135,42003,42013,10
13.0631103516,80.2831573486,42013,42023,10
13.063249588,80.2832107544,42023,42033,10
13.0638103485,80.2833404541,42033,42074,41
13.0638103485,80.2833404541,42074,42084,10
13.0640201569,80.2834091187,42084,42094,10
13.0644798279,80.2835235596,42094,42104,10
13.0652399063,80.2836990356,42104,42114,10
13.0662202835,80.2839202881,42114,42124,10
13.06731987,80.2841491699,42124,42134,10
13.0684204102,80.2843475342,42134,42144,10
13.069609642,80.2846374512,42144,42154,10
13.0708904266,80.2849578857,42154,42164,10
13.0721101761,80.2852630615,42164,42174,10
13.0733098984,80.2853164673,42174,42184,10
13.0739603043,80.2855529785,42184,42195,11
13.0739803314,80.2855987549,42195,42205,10
13.074090004,80.2857437134,42205,42215,10
13.0744304657,80.2861099243,42215,42223,8
13.0749197006,80.2864379883,42223,42235,12
13.0758895874,80.2869796753,42235,42245,10
13.0770101547,80.2872619629,42245,42255,10
13.0790700912,80.2878494263,42255,42263,8
13.0790700912,80.2878494263,42263,42275,12
13.0801897049,80.2881393433,42275,42285,10
13.082690239,80.2890319824,42285,42329,44
13.0857896805,80.2892684937,42329,42359,30
13.0885896683,80.2901306152,42359,42392,33
13.0886697769,80.2901382446,42392,42454,62
13.0886697769,80.2901382446,42454,42464,10
13.0888004303,80.2903518677,42464,42474,10
13.0885295868,80.2904281616,42474,42484,10
13.0880498886,80.2901611328,42484,42494,10
13.087389946,80.2899169922,42494,42503,9
13.0868501663,80.2897491455,42503,42514,11
13.0862903595,80.2895889282,42514,42525,11
13.0856800079,80.2893600464,42525,42535,10
13.0851297379,80.2881622314,42535,42545,10
13.0851297379,80.2881622314,42545,42555,10
13.0851202011,80.2872009277,42555,42564,9
13.0853595734,80.2839202881,42564,42627,63
13.0853595734,80.2839202881,42627,42649,22
13.0856704712,80.2835922241,42649,42658,9
13.0860595703,80.2835769653,42658,42668,10
13.0864095688,80.2836990356,42668,42678,10
13.0867004395,80.2839126587,42678,42688,10
13.0870103836,80.2839584351,42688,42977,289
13.0879001617,80.2839889526,42977,43012,35
13.08796978,80.2839889526,43012,43071,59
13.08796978,80.2839889526,43071,43095,24
13.088350296,80.2834472656,43095,43105,10
13.0883197784,80.2830810547,43105,43115,10
13.0883102417,80.2827377319,43115,43125,10
13.0882701874,80.2822799683,43125,43135,10
13.0881004333,80.2816696167,43135,43175,40
13.0881004333,80.2816696167,43175,43185,10
13.0882501602,80.2815628052,43185,43195,10
13.0885295868,80.2816314697,43195,43206,11
13.0885295868,80.2819366455,43206,43216,10
13.0884599686,80.2822875977,43216,43226,10
13.0884103775,80.2825012207,43226,43236,10
13.0883398056,80.2828216553,43236,43246,10
13.0882997513,80.2832183838,43246,43256,10
13.0883302689,80.2836380005,43256,43266,10
13.0883398056,80.2840805054,43266,43276,10
13.088350296,80.2846374512,43276,43296,20
13.088350296,80.2846374512,43296,43306,10
13.0884103775,80.2848129272,43306,43317,11
13.0884199142,80.2849578857,43317,43327,10
13.0884504318,80.2852020264,43327,43337,10
13.0884599686,80.2855224609,43337,43347,10
13.0884799957,80.2857513428,43347,43357,10
13.088470459,80.2858734131,43357,43367,10
13.088470459,80.2862167358,43367,43377,10
13.0884599686,80.286491394,43377,43387,10
13.0884895325,80.2867965698,43387,43397,10
13.0885095596,80.2871017456,43397,43407,10
13.0885295868,80.2872695923,43407,43417,10
13.0885601044,80.2874069214,43417,43428,11
13.0885601044,80.2875366211,43428,43438,10
13.0885896683,80.2878417969,43438,43448,10
13.088640213,80.2882995605,43448,43458,10
13.0887002945,80.2885513306,43458,43468,10
13.0887098312,80.2886123657,43468,43478,10
13.0887203217,80.2888183594,43478,43488,10
13.0887699127,80.2891998291,43488,43498,10
13.088760376,80.2893371582,43498,43508,10
13.0887804031,80.289642334,43508,43559,51
13.0887804031,80.289642334,43559,43569,10
13.0887899399,80.2900695801,43569,43639,70
13.0887899399,80.2900695801,43639,43649,10
13.088640213,80.2904281616,43649,43660,11
13.0884799957,80.2904663086,43660,43670,10
13.0881795883,80.2902374268,43670,43680,10
13.0876197815,80.2899703979,43680,43690,10
13.0868997574,80.2896728516,43690,43700,10
13.0859203339,80.2893829346,43700,43710,10
13.0849399567,80.289100647,43710,43720,10
13.0839595795,80.2891387939,43720,43730,10
13.0830402374,80.2891921997,43730,43740,10
13.0820798874,80.2888183594,43740,43750,10
13.0810699463,80.2884674072,43750,43759,9
13.0802898407,80.2882537842,43759,43771,12
13.0799999237,80.2882080078,43771,43781,10
13.0796804428,80.2881393433,43781,43791,10
13.0790996552,80.2879714966,43791,43801,10
13.07833004,80.2876815796,43801,43811,10
13.0773897171,80.2874298096,43811,43821,10
13.076379776,80.2871704102,43821,43831,10
13.0753498077,80.2867889404,43831,43841,10
13.0744199753,80.2862319946,43841,43851,10
13.0734596252,80.285987854,43851,43861,10
13.0726299286,80.2855682373,43861,43871,10
13.0716495514,80.2852325439,43871,43882,11
13.0703697205,80.2849197388,43882,43892,10
13.0692796707,80.2846679688,43892,43902,10
13.0681600571,80.2844161987,43902,43912,10
13.0671596527,80.2842636108,43912,43922,10
13.0659999847,80.283996582,43922,43932,10
13.0649204254,80.2837600708,43932,43942,10
13.0642004013,80.2835922241,43942,43952,10
13.0635404587,80.283416748,43952,43962,10
13.0628595352,80.2832565308,43962,43972,10
13.0627403259,80.2832107544,43972,43982,10
13.0626897812,80.2831802368,43982,43992,10
13.0623703003,80.2831115723,43992,44002,10
13.0618000031,80.282989502,44002,44012,10
13.0611400604,80.2828292847,44012,44022,10
13.0602903366,80.282661438,44022,44032,10
13.0593700409,80.2824783325,44032,44042,10
13.0585603714,80.2823181152,44042,44052,10
13.0577602386,80.2821578979,44052,44062,10
13.0569601059,80.2819976807,44062,44094,32
13.0569601059,80.2819976807,44094,44103,9
13.0565700531,80.2818908691,44103,44113,10
13.0559797287,80.2817611694,44113,44123,10
13.0552196503,80.2816162109,44123,44133,10
13.0542802811,80.2814331055,44133,44145,12
13.0529899597,80.2811965942,44145,44153,8
13.0520896912,80.2810668945,44153,44163,10
13.0509595871,80.2808990479,44163,44173,10
13.0501899719,80.2807998657,44173,44183,10
13.0496702194,80.2807235718,44183,44193,10
13.0488700867,80.2806015015,44193,44203,10
13.0478801727,80.2804489136,44203,44213,10
13.0467500687,80.2802886963,44213,44226,13
13.04529953,80.2801132202,44226,44236,10
13.0443201065,80.2799682617,44236,44246,10
13.0434799194,80.2798614502,44246,44256,10
13.042599678,80.2796630859,44256,44266,10
13.0414800644,80.2794494629,44266,44276,10
13.0402898788,80.2792129517,44276,44286,10
13.039150238,80.2789001465,44286,44306,20
13.039150238,80.2789001465,44306,44316,10
13.0390195847,80.2788619995,44316,44326,10
13.0387897491,80.2787780762,44326,44337,11
13.0382204056,80.2785873413,44337,44347,10
13.0375404358,80.2783889771,44347,44357,10
13.0369701385,80.278213501,44357,44367,10
13.0363101959,80.2779922485,44367,44377,10
13.0354795456,80.2778167725,44377,44387,10
13.0346498489,80.2776794434,44387,44397,10
13.0339899063,80.2774887085,44397,44407,10
13.0337295532,80.2773895264,44407,44417,10
13.0333595276,80.2774429321,44417,44448,31
13.0333595276,80.2774429321,44448,44458,10
13.0331802368,80.2775115967,44458,44468,10
13.032910347,80.2775115967,44468,44488,20
13.0327596664,80.2775115967,44488,44518,30
13.0327596664,80.2775115967,44518,44528,10
13.032409668,80.2775115967,44528,44538,10
13.032119751,80.2775421143,44538,44548,10
13.031539917,80.2775726318,44548,44559,11
13.0311603546,80.2773971558,44559,44579,20
13.0311603546,80.2773971558,44579,44589,10
13.0308103561,80.2772369385,44589,44597,8
13.0305500031,80.2770690918,44597,44609,12
13.0297498703,80.2767791748,44609,44619,10
13.0290603638,80.2766418457,44619,44629,10
13.0285396576,80.2764587402,44629,44639,10
13.0279798508,80.2761993408,44639,44649,10
13.0272502899,80.2758483887,44649,44657,8
13.0261802673,80.2753601074,44657,44680,23
13.0261802673,80.2753601074,44680,44690,10
13.0260601044,80.2753219604,44690,44700,10
13.0259504318,80.2752838135,44700,44710,10
13.0256595612,80.2751464844,44710,44719,9
13.0251998901,80.2749481201,44719,44730,11
13.024479866,80.274520874,44730,44740,10
13.0239696503,80.2738113403,44740,44750,10
13.0234203339,80.2730789185,44750,44760,10
13.0227603912,80.2722320557,44760,44770,10
13.0221004486,80.2713928223,44770,44780,10
13.0214300156,80.2705383301,44780,44791,11
13.020819664,80.2699127197,44791,44801,10
13.0207996368,80.269859314,44801,44811,10
13.0207300186,80.2697219849,44811,44821,10
13.0204801559,80.2693710327,44821,44831,10
13.0200300217,80.2688217163,44831,44841,10
13.0194997787,80.2682037354,44841,44851,10
13.0189399719,80.2674789429,44851,44861,10
13.0186395645,80.2665481567,44861,44871,10
13.0186595917,80.2658081055,44871,44881,10
13.0188398361,80.2651290894,44881,44891,10
13.0190401077,80.264289856,44891,44902,11
13.0190095901,80.263633728,44902,44912,10
13.0189504623,80.2632904053,44912,44921,9
13.018910408,80.2630004883,44921,44932,11
13.018910408,80.2628326416,44932,44942,10
13.0188703537,80.2623214722,44942,44952,10
13.0187501907,80.2616195679,44952,44962,10
13.0184497833,80.2611923218,44962,44972,10
13.0178499222,80.2608184814,44972,44982,10
13.0171403885,80.2603225708,44982,44992,10
13.0160398483,80.2597198486,44992,45013,21
13.0160398483,80.2597198486,45013,45023,10
13.0159196854,80.2596511841,45023,45033,10
13.0154895782,80.2594985962,45033,45043,10
13.0148696899,80.2593765259,45043,45053,10
13.0140895844,80.2593231201,45053,45063,10
13.0131597519,80.2592773438,45063,45073,10
13.0121898651,80.2592391968,45073,45083,10
13.0112695694,80.2592010498,45083,45093,10
13.010219574,80.2591705322,45093,45103,10
13.0091400146,80.2591629028,45103,45113,10
13.0081596375,80.2590713501,45113,45123,10
13.007349968,80.2586364746,45123,45133,10
13.0067796707,80.2579116821,45133,45143,10
13.0065402985,80.2569732666,45143,45153,10
13.0065402985,80.2559204102,45153,45164,11
13.0065603256,80.254699707,45164,45173,9
13.0065898895,80.25390625,45173,45194,21
13.0065898895,80.25390625,45194,45204,10
13.006649971,80.2536087036,45204,45214,10
13.0066099167,80.2531433105,45214,45264,50
13.0066099167,80.2531433105,45264,45274,10
13.0065803528,80.2529220581,45274,45284,10
13.0066404343,80.2526779175,45284,45294,10
13.0066204071,80.2520904541,45294,45347,53
13.0066204071,80.2520904541,45347,45357,10
13.0065603256,80.2518920898,45357,45367,10
13.0066795349,80.2514266968,45367,45377,10
13.0066995621,80.2507705688,45377,45387,10
13.0067796707,80.2498397827,45387,45397,10
13.0067901611,80.2488632202,45397,45407,10
13.0067195892,80.2483520508,45407,45437,30
13.0067195892,80.2483520508,45437,45447,10
13.0066995621,80.2482833862,45447,45457,10
13.0066795349,80.2478790283,45457,45468,11
13.0066900253,80.2472076416,45468,45478,10
13.0066204071,80.24659729,45478,45488,10
13.0066795349,80.2464370728,45488,45498,10
13.0066604614,80.2462692261,45498,45508,10
13.0066404343,80.2457809448,45508,45518,10
13.0066404343,80.2452087402,45518,45528,10
13.0066099167,80.2448120117,45528,45538,10
13.0066003799,80.244468689,45538,45548,10
13.0065698624,80.2440719604,45548,45558,10
13.0065698624,80.2435684204,45558,45567,9
13.0065698624,80.243057251,45567,45579,12
13.0065498352,80.242149353,45579,45589,10
13.0066204071,80.2413024902,45589,45599,10
13.0066204071,80.2407302856,45599,45609,10
13.0066795349,80.2402420044,45609,45619,10
13.006819725,80.2396087646,45619,45629,10
13.0069999695,80.2388381958,45629,45639,10
13.0071897507,80.2379837036,45639,45649,10
13.007349968,80.2371902466,45649,45659,10
13.0074100494,80.236656189,45659,45669,10
13.0074195862,80.236618042,45669,45679,10
13.0074501038,80.2365493774,45679,45690,11
13.0075502396,80.2361907959,45690,45700,10
13.0076503754,80.2356567383,45700,45710,10
13.0077400208,80.2352371216,45710,45720,10
13.0078401566,80.234703064,45720,45730,10
13.0080099106,80.2339477539,45730,45740,10
13.0081996918,80.2330169678,45740,45750,10
13.0084104538,80.2319107056,45750,45760,10
13.0086097717,80.2306976318,45760,45770,10
13.0088596344,80.2294921875,45770,45780,10
13.0090904236,80.2283782959,45780,45790,10
13.0094900131,80.2273483276,45790,45801,11
13.0100097656,80.2262191772,45801,45811,10
13.0104503632,80.2252578735,45811,45821,10
13.010840416,80.2244415283,45821,45831,10
13.0111198425,80.2237319946,45831,45841,10
13.0112600327,80.2232437134,45841,45851,10
13.0109701157,80.2230377197,45851,45862,11
13.0103397369,80.2227172852,45862,45872,10
13.0096502304,80.2223434448,45872,45882,10
13.008939743,80.2219619751,45882,45892,10
13.0081796646,80.2215499878,45892,45902,10
13.0073003769,80.2210769653,45902,45913,11
13.006360054,80.2206497192,45913,45923,10
13.0054798126,80.2204437256,45923,45933,10
13.0047502518,80.2202682495,45933,45943,10
13.0041799545,80.2201309204,45943,45953,10
13.0035896301,80.2200012207,45953,45963,10
13.0029296875,80.2197875977,45963,45973,10
13.0022802353,80.2193222046,45973,45983,10
13.0017700195,80.21875,45983,45993,10
13.0011501312,80.2182769775,45993,46003,10
13.0006198883,80.217918396,46003,46013,10
13.0000295639,80.2175521851,46013,46023,10
12.9993896484,80.2171783447,46023,46034,11
12.9986801147,80.2168273926,46034,46044,10
12.998000145,80.2165985107,46044,46054,10
12.9976301193,80.2165679932,46054,46064,10
12.9976196289,80.2165679932,46064,46074,10
12.9975500107,80.2165527344,46074,46084,10
12.9972295761,80.2165527344,46084,46094,10
12.9968996048,80.2165679932,46094,46104,10
12.9963302612,80.2166519165,46104,46114,10
12.9957199097,80.2167892456,46114,46124,10
12.9951095581,80.2171096802,46124,46134,10
12.994720459,80.2173690796,46134,46144,10
12.9943704605,80.2175979614,46144,46155,11
12.9940700531,80.2177886963,46155,46165,10
12.9936800003,80.2180633545,46165,46175,10
12.9931001663,80.218460083,46175,46185,10
12.9925298691,80.2189178467,46185,46195,10
12.9920396805,80.2192993164,46195,46205,10
12.9917201996,80.2195281982,46205,46215,10
12.9912996292,80.2198181152,46215,46224,9
12.9907503128,80.2202301025,46224,46245,21
12.9907503128,80.2202301025,46245,46257,12
12.9903097153,80.2205200195,46257,46267,10
12.989780426,80.2210235596,46267,46277,10
12.9892396927,80.2216415405,46277,46287,10
12.9887504578,80.2222366333,46287,46297,10
12.9880800247,80.2228317261,46297,46307,10
12.9877004623,80.2230911255,46307,46317,10
12.9876403809,80.2230987549,46317,46327,10
12.987279892,80.2230834961,46327,46337,10
12.9870195389,80.2230377197,46337,46347,10
12.9865598679,80.2229690552,46347,46357,10
12.9860897064,80.2229995728,46357,46368,11
12.985619545,80.22315979,46368,46378,10
12.9851903915,80.2232818604,46378,46388,10
12.9847002029,80.2230911255,46388,46398,10
12.9843301773,80.2228622437,46398,46408,10
12.9839200974,80.2226333618,46408,46418,10
12.9836797714,80.2225036621,46418,46428,10
12.9833402634,80.2222976685,46428,46438,10
12.9832601547,80.2222366333,46438,46448,10
12.9831600189,80.2221221924,46448,46458,10
12.9828996658,80.2219772339,46458,46468,10
12.9825201035,80.2218704224,46468,46478,10
12.9819297791,80.2217025757,46478,46489,11
12.9814500809,80.2213287354,46489,46499,10
12.9809398651,80.2211380005,46499,46509,10
12.9802398682,80.2211608887,46509,46519,10
12.9794101715,80.2211914063,46519,46529,10
12.9787397385,80.2211914063,46529,46539,10
12.9779396057,80.2211990356,46539,46549,10
12.9771795273,80.2212295532,46549,46559,10
12.9769496918,80.2212371826,46559,46569,10
12.9764604568,80.2212295532,46569,46600,31
12.9764604568,80.2212295532,46600,46610,10
12.9762496948,80.2212600708,46610,46620,10
12.9761400223,80.2214813232,46620,46630,10
12.9765901566,80.2221374512,46630,47114,484
12.9765901566,80.2221374512,47114,47124,10
12.9767503738,80.2224807739,47124,47134,10
12.9769001007,80.2227325439,47134,47144,10
12.9771003723,80.2227630615,47144,47154,10
12.9771099091,80.2227478027,47154,47164,10
12.9773302078,80.2226715088,47164,47174,10
12.9774799347,80.2225723267,47174,47184,10
12.9774703979,80.2223587036,47184,47194,10
12.9774303436,80.2219085693,47194,47204,10
12.9774398804,80.2214126587,47204,47214,10
12.9774904251,80.2212371826,47214,47224,10
12.9778699875,80.2212371826,47224,47234,10
12.9784603119,80.2211685181,47234,47244,10
12.9792499542,80.2210998535,47244,47254,10
12.9800195694,80.221031189,47254,47265,11
12.9807500839,80.2209777832,47265,47276,11
12.9813995361,80.2211990356,47276,47285,9
12.9818096161,80.2214736938,47285,47295,10
12.9821901321,80.2217102051,47295,47306,11
12.9825601578,80.2218170166,47306,47316,10
12.9826402664,80.2218475342,47316,47326,10
12.9829101563,80.2219619751,47326,47346,20
12.9829101563,80.2219619751,47346,47356,10
12.983130455,80.222076416,47356,47366,10
12.9834003448,80.2222518921,47366,47376,10
12.9837503433,80.2224807739,47376,47385,9
12.9842100143,80.2227401733,47385,47398,13
12.9848098755,80.2231063843,47398,47408,10
12.985250473,80.2232513428,47408,47418,10
12.9856395721,80.2230300903,47418,47428,10
12.9862604141,80.2229614258,47428,47438,10
12.9864597321,80.2229690552,47438,47448,10
12.9865598679,80.2229919434,47448,47458,10
12.9867801666,80.2229995728,47458,47468,10
12.9871702194,80.2230529785,47468,47478,10
12.9877004623,80.2230377197,47478,47488,10
12.9882698059,80.2226409912,47488,47498,10
12.9888401031,80.2220611572,47498,47509,11
12.9894199371,80.2213516235,47509,47519,10
12.9904003143,80.2203292847,47519,47549,30
12.9904003143,80.2203292847,47549,47559,10
12.9907102585,80.2201309204,47559,47569,10
12.9910802841,80.219871521,47569,47579,10
12.9913902283,80.2196273804,47579,47589,10
12.9917402267,80.2193374634,47589,47599,10
12.9923200607,80.2189025879,47599,47609,10
12.9929704666,80.2183990479,47609,47620,11
12.9937496185,80.2177886963,47620,47630,10
12.9944000244,80.2173690796,47630,47640,10
12.9949998856,80.2169570923,47640,47650,10
12.9955596924,80.2166824341,47650,47660,10
12.9962596893,80.2165222168,47660,47670,10
12.9968204498,80.2164535522,47670,47680,10
12.997010231,80.2164382935,47680,47690,10
12.9975299835,80.2164382935,47690,47710,20
12.9975299835,80.2164382935,47710,47720,10
12.9977397919,80.2164916992,47720,47731,11
12.9982795715,80.2165985107,47731,47741,10
12.9988698959,80.2168807983,47741,47751,10
12.9995203018,80.2172470093,47751,47761,10
13.0000095367,80.2175674438,47761,47771,10
13.0004501343,80.2178573608,47771,47781,10
13.0010404587,80.2182312012,47781,47791,10
13.0016202927,80.2186584473,47791,47801,10
13.0021600723,80.2192077637,47801,47811,10
13.0027704239,80.2197113037,47811,47821,10
13.0033798218,80.2199172974,47821,47831,10
13.0040903091,80.2200698853,47831,47842,11
13.0049800873,80.2202835083,47842,47852,10
13.0059404373,80.2204818726,47852,47862,10
13.0069303513,80.2207794189,47862,47872,10
13.0079402924,80.2213287354,47872,47882,10
13.0089502335,80.2218780518,47882,47892,10
13.009929657,80.2224273682,47892,47902,10
13.0107898712,80.2228622437,47902,47912,10
13.0112895966,80.2230911255,47912,47952,40
13.0112895966,80.2230911255,47952,47963,11
13.0113401413,80.2230987549,47963,47973,10
13.0115804672,80.2233123779,47973,47983,10
13.0119695663,80.2235336304,47983,47993,10
13.012339592,80.2237472534,47993,48003,10
13.0128002167,80.223991394,48003,48013,10
13.0134601593,80.2243270874,48013,48023,10
13.0141496658,80.2247009277,48023,48033,10
13.0147399902,80.2249984741,48033,48043,10
13.0152196884,80.2253036499,48043,48053,10
13.0153102875,80.2253189087,48053,48062,9
13.0153999329,80.225479126,48062,48074,12
13.015130043,80.2258224487,48074,48084,10
13.0146903992,80.2260131836,48084,48092,8
13.0140800476,80.2262573242,48092,48105,13
13.0130195618,80.2267227173,48105,48115,10
13.0121603012,80.2270889282,48115,48125,10
13.0112199783,80.2274780273,48125,48136,11
13.0102901459,80.2278518677,48136,48146,10
13.0095596313,80.2281723022,48146,48156,10
13.0091199875,80.2286300659,48156,48166,10
13.0089702606,80.2293701172,48166,48176,10
13.0087995529,80.2303085327,48176,48186,10
13.0085897446,80.2313537598,48186,48196,10
13.0083999634,80.2323532104,48196,48206,10
13.0082197189,80.2336502075,48206,48226,20
13.0082197189,80.2336502075,48226,48236,10
13.0081501007,80.2337722778,48236,48246,10
13.008099556,80.2339706421,48246,48256,10
13.008020401,80.234413147,48256,48266,10
13.0079402924,80.2348632813,48266,48276,10
13.0078496933,80.2352371216,48276,48286,10
13.0077600479,80.2356567383,48286,48299,13
13.0075702667,80.2366714478,48299,48309,10
13.0073900223,80.2375717163,48309,48319,10
13.0072898865,80.2381820679,48319,48329,10
13.0071697235,80.238822937,48329,48339,10
13.0069999695,80.2396011353,48339,48349,10
13.0068702698,80.2403793335,48349,48359,10
13.006819725,80.2407684326,48359,48369,10
13.006819725,80.2407913208,48369,48379,10
13.0067996979,80.2409515381,48379,48389,10
13.0067596436,80.2413406372,48389,48399,10
13.0067501068,80.2420425415,48399,48410,11
13.0067100525,80.2428436279,48410,48420,10
13.0066795349,80.2432479858,48420,48430,10
13.0066604614,80.2436065674,48430,48440,10
13.0066604614,80.2439498901,48440,48450,10
13.0066699982,80.2442626953,48450,48460,10
13.0066699982,80.2446136475,48460,48470,10
13.0066795349,80.2450027466,48470,48480,10
13.0066900253,80.245262146,48480,48490,10
13.0067300797,80.24609375,48490,48500,10
13.0067300797,80.24609375,48500,48510,10
13.0067195892,80.2464828491,48510,48519,9
13.0067396164,80.2469406128,48519,48532,13
13.0067195892,80.247833252,48532,48542,10
13.0067596436,80.2487335205,48542,48552,10
13.0067901611,80.2496337891,48552,48562,10
13.0068302155,80.2505111694,48562,48572,10
13.0068597794,80.2510681152,48572,48582,10
13.0067796707,80.251373291,48582,48592,10
13.0066699982,80.2518463135,48592,48602,10
13.0065402985,80.2525787354,48602,48612,10
13.0065402985,80.2533416748,48612,48622,10
13.0065498352,80.2541732788,48622,48632,10
13.0065898895,80.2549972534,48632,48643,11
13.0066204071,80.255859375,48643,48653,10
13.0066204071,80.2565765381,48653,48663,10
13.0066604614,80.2572479248,48663,48723,60
13.0066604614,80.2572479248,48723,48733,10
13.006649971,80.2574310303,48733,48742,9
13.0067300797,80.2576828003,48742,48754,12
13.0070495605,80.2582473755,48754,48764,10
13.0075597763,80.2586669922,48764,48774,10
13.0082798004,80.2589187622,48774,48784,10
13.0085296631,80.2589797974,48784,48794,10
13.0086603165,80.2590179443,48794,48804,10
13.0090799332,80.2590484619,48804,48814,10
13.0097999573,80.2590408325,48814,48824,10
13.0106096268,80.2590408325,48824,48831,7
13.0112800598,80.2590408325,48831,48843,12
13.0125904083,80.2590713501,48843,48854,11
13.0139598846,80.2591171265,48854,48865,11
13.015250206,80.2591781616,48865,48872,7
13.0164804459,80.2597198486,48872,48895,23
13.0164804459,80.2597198486,48895,48905,10
13.0165300369,80.2597427368,48905,48915,10
13.0166597366,80.2599182129,48915,48925,10
13.017080307,80.2601699829,48925,48935,10
13.0176496506,80.260559082,48935,48945,10
13.0182104111,80.2609405518,48945,48955,10
13.0187597275,80.2613601685,48955,48965,10
13.0192298889,80.2617721558,48965,48976,11
13.0196199417,80.2621536255,48976,48986,10
13.0201702118,80.2626266479,48986,48996,10
13.0201997757,80.2629776001,48996,49006,10
13.0197095871,80.2629699707,49006,49016,10
13.0191297531,80.2629394531,49016,49026,10
13.0190200806,80.2632827759,49026,49036,10
13.0191402435,80.2638778687,49036,49046,10
13.0191497803,80.2640914917,49046,49056,10
13.0191402435,80.264289856,49056,49067,11
13.018989563,80.264831543,49067,49075,8
13.0188503265,80.265296936,49075,49087,12
13.0186901093,80.2658691406,49087,49095,8
13.0186700821,80.266456604,49095,49107,12
13.0189800262,80.2674484253,49107,49117,10
13.0195703506,80.268157959,49117,49127,10
13.0201702118,80.2688980103,49127,49137,10
13.0206604004,80.2695083618,49137,49147,10
13.0209302902,80.2698669434,49147,49157,10
13.0213699341,80.2703475952,49157,49167,10
13.021490097,80.2704772949,49167,49176,9
13.0215702057,80.2705993652,49176,49187,11
13.0218896866,80.2710113525,49187,49198,11
13.0223903656,80.2716369629,49198,49207,9
13.0228595734,80.2722473145,49207,49219,12
13.0234699249,80.273109436,49219,49229,10
13.0237398148,80.2734680176,49229,49239,10
13.0237503052,80.2734832764,49239,49249,10
13.0238304138,80.2735900879,49249,49259,10
13.0241098404,80.273979187,49259,49268,9
13.0244102478,80.2743530273,49268,49277,9
13.0247898102,80.2746276855,49277,49289,12
13.0253696442,80.2748794556,49289,49307,18
13.0253696442,80.2748794556,49307,49320,13
13.0257396698,80.2750473022,49320,49330,10
13.0259103775,80.2751083374,49330,49340,10
13.0263299942,80.2753219604,49340,49350,10
13.0268497467,80.2755737305,49350,49360,10
13.0275201797,80.2758865356,49360,49370,10
13.0281600952,80.2761535645,49370,49380,10
13.0283002853,80.2762069702,49380,49390,10
13.0285100937,80.2762908936,49390,49400,10
13.0288000107,80.2764434814,49400,49410,10
13.0293903351,80.2766113281,49410,49420,10
13.0300197601,80.2767791748,49420,49431,11
13.0307703018,80.2771224976,49431,49441,10
13.031419754,80.2774963379,49441,49451,10
13.0325803757,80.2774887085,49451,49471,20
13.0325803757,80.2774887085,49471,49481,10
13.0331602097,80.2774276733,49481,49511,30
13.0331602097,80.2774276733,49511,49521,10
13.0333499908,80.2773971558,49521,49531,10
13.0337896347,80.2774124146,49531,49541,10
13.0344495773,80.2775497437,49541,49552,11
13.0352296829,80.2776870728,49552,49562,10
13.0359296799,80.2778167725,49562,49572,10
13.0365695953,80.2779922485,49572,49582,10
13.0371303558,80.2782363892,49582,49592,10
13.0378799438,80.278427124,49592,49602,10
13.0386199951,80.2786178589,49602,49612,10
13.0389699936,80.2787094116,49612,49622,10
13.0390396118,80.278717041,49622,49632,10
13.0393896103,80.2788391113,49632,49642,10
13.0400400162,80.2790298462,49642,49652,10
13.0408296585,80.2792205811,49652,49663,11
13.0418100357,80.2793807983,49663,49673,10
13.0426998138,80.2795028687,49673,49683,10
13.0435600281,80.2796707153,49683,49693,10
13.0443000793,80.2798690796,49693,49703,10
13.0450201035,80.2799911499,49703,49713,10
13.0458602905,80.2801132202,49713,49723,10
13.0467300415,80.2802276611,49723,49733,10
13.047659874,80.280380249,49733,49743,10
13.0485200882,80.2804870605,49743,49753,10
13.0494098663,80.2806091309,49753,49762,9
13.0505800247,80.2807617188,49762,49784,22
13.0505800247,80.2807617188,49784,49794,10
13.0509004593,80.2808074951,49794,49804,10
13.051440239,80.2808990479,49804,49814,10
13.0522203445,80.2810134888,49814,49824,10
13.0530700684,80.2811431885,49824,49834,10
13.0539903641,80.281288147,49834,49844,10
13.0549497604,80.2814788818,49844,49854,10
13.0557498932,80.2816314697,49854,49864,10
13.0563001633,80.2817306519,49864,49874,10
13.0564498901,80.2817611694,49874,49885,11
13.0565595627,80.2817993164,49885,49895,10
13.0573596954,80.2819519043,49895,49925,30
13.0573596954,80.2819519043,49925,49935,10
13.0576896667,80.2820205688,49935,49945,10
13.0582199097,80.2821273804,49945,49955,10
13.0587797165,80.2822570801,49955,49965,10
13.0595302582,80.2824172974,49965,49975,10
13.060379982,80.2825927734,49975,49985,10
13.061340332,80.2827835083,49985,49996,11
13.0622997284,80.2830200195,49996,50006,10
13.0629997253,80.2831497192,50006,50016,10
13.0631103516,80.2831878662,50016,50026,10
13.0632896423,80.283241272,50026,50036,10
13.063750267,80.2833404541,50036,50056,20
13.063750267,80.2833404541,50056,50066,10
13.0638198853,80.2833633423,50066,50076,10
13.0642499924,80.2834472656,50076,50086,10
13.0649499893,80.2835998535,50086,50096,10
13.0658597946,80.2837905884,50096,50107,11
13.0670404434,80.2840499878,50107,50117,10
13.0679798126,80.2842178345,50117,50127,10
13.0689201355,80.2844314575,50127,50137,10
13.069899559,80.2846832275,50137,50147,10
13.0707798004,80.2848968506,50147,50157,10
13.0716600418,80.2851333618,50157,50167,10
13.0726699829,80.2853012085,50167,50177,10
13.0735998154,80.2853469849,50177,50187,10
13.0740804672,80.2857818604,50187,50197,10
13.074549675,80.2862014771,50197,50207,10
13.0751800537,80.2865982056,50207,50218,11
13.0760402679,80.2870101929,50218,50229,11
13.0770998001,80.2872924805,50229,50237,8
13.0779304504,80.2874908447,50237,50248,11
13.0790195465,80.2878189087,50248,50261,13
13.080280304,80.2881622314,50261,50271,10
13.080739975,80.2882766724,50271,50281,10
13.0808401108,80.2883071899,50281,50291,10
13.0812501907,80.2884521484,50291,50301,10
13.0819301605,80.2886734009,50301,50311,10
13.0826797485,80.2889862061,50311,50321,10
13.0833997726,80.2891693115,50321,50331,10
13.0842399597,80.2891387939,50331,50342,11
13.0852499008,80.2892074585,50342,50352,10
13.0862998962,80.289390564,50352,50362,10
13.0871896744,80.2896499634,50362,50372,10
13.0878000259,80.2898864746,50372,50382,10
13.0883197784,80.2901000977,50382,50392,10
13.0888004303,80.2901611328,50392,50412,20
13.0888004303,80.2901611328,50412,50422,10
13.0887699127,80.2903671265,50422,50432,10
13.0884504318,80.2903137207,50432,50441,9
13.08796978,80.2900772095,50441,50453,12
13.0871496201,80.2898025513,50453,50463,10
13.0865402222,80.2896194458,50463,50473,10
13.0859003067,80.2894668579,50473,50483,10
13.0855102539,80.2890167236,50483,50493,10
13.0851898193,80.2883529663,50493,50503,10
13.0851097107,80.2874908447,50503,50513,10
13.0851802826,80.286491394,50513,50523,10
13.0852804184,80.2855529785,50523,50533,10
13.0853300095,80.2846679688,50533,50543,10
13.0852203369,80.2841262817,50543,50552,9
13.0852298737,80.2841186523,50552,50564,12
13.0853300095,80.2839813232,50564,50574,10
13.085439682,80.2836608887,50574,50584,10
13.0857200623,80.2835388184,50584,50594,10
13.0861101151,80.2835388184,50594,50604,10
13.0865497589,80.283782959,50604,50664,60
13.0865497589,80.283782959,50664,50675,11
13.0866603851,80.2836227417,50675,50685,10
13.0867300034,80.2837295532,50685,50695,10
13.0868396759,80.283821106,50695,50705,10
13.0870304108,80.2838592529,50705,51689,984
13.0869398117,80.283996582,51689,53976,2287
13.0869398117,80.2839813232,53976,54007,31
13.0870599747,80.2839431763,54007,54068,61
13.0875701904,80.2839126587,54068,54100,32
13.0879802704,80.2839431763,54100,54157,57
13.0880899429,80.2836074829,54157,54221,64
13.0882997513,80.2828521729,54221,54251,30
13.0882902145,80.2821426392,54251,54281,30
13.0882902145,80.2821426392,54281,54302,21
13.0880804062,80.281463623,54302,54312,10
13.088139534,80.2814025879,54312,54322,10
13.0882902145,80.2814483643,54322,54332,10
13.0885000229,80.2815475464,54332,54342,10
13.0885095596,80.2817764282,54342,54352,10
13.0884504318,80.282081604,54352,54362,10
13.0883903503,80.2822494507,54362,54372,10
13.0883598328,80.2823867798,54372,54382,10
13.0883398056,80.2825698853,54382,54392,10
13.0883598328,80.2828369141,54392,54402,10
13.0883302689,80.2831802368,54402,54413,11
13.0883197784,80.2834472656,54413,54423,10
13.0883102417,80.2836380005,54423,54433,10
13.0883398056,80.2840881348,54433,54443,10
13.0883798599,80.2845611572,54443,54453,10
13.0883903503,80.2848892212,54453,54544,91
13.0883903503,80.2848892212,54544,54554,10
13.0884399414,80.285118103,54554,54564,10
13.0884504318,80.2854385376,54564,54574,10
13.0884504318,80.2856826782,54574,54584,10
13.0884599686,80.2860488892,54584,54594,10
13.0884599686,80.2863006592,54594,54604,10
13.0884504318,80.2865371704,54604,54614,10
13.0884895325,80.2870407104,54614,54624,10
13.088549614,80.2873916626,54624,54634,10
13.0886001587,80.2876968384,54634,54645,11
13.088640213,80.288192749,54645,54655,10
13.0886602402,80.2884902954,54655,54665,10
13.0886802673,80.28881073,54665,54675,10
13.0887498856,80.2893600464,54675,54695,20
13.0887498856,80.2893600464,54695,54705,10
13.088760376,80.2894821167,54705,54715,10
13.088760376,80.2897720337,54715,54725,10
13.0887804031,80.2900619507,54725,54796,71
13.0887804031,80.2900619507,54796,54806,10
13.0886096954,80.2904205322,54806,54816,10
13.088139534,80.2901535034,54816,54826,10
13.087389946,80.2898101807,54826,54836,10
13.0864801407,80.2894897461,54836,54846,10
13.0853300095,80.2892227173,54846,54856,10
13.0841798782,80.2891921997,54856,54866,10
13.0831298828,80.2892227173,54866,54876,10
13.0822200775,80.2888793945,54876,54886,10
13.0813503265,80.2885818481,54886,54896,10
13.0804796219,80.2883071899,54896,54906,10
13.0802202225,80.2882537842,54906,54918,12
13.0800304413,80.2882232666,54918,54927,9
13.0799598694,80.2882080078,54927,54937,10
13.0796098709,80.2881469727,54937,54947,10
13.0789899826,80.287940979,54947,54957,10
13.0781602859,80.2876434326,54957,54967,10
13.0771198273,80.287361145,54967,54977,10
13.0759897232,80.287071228,54977,54987,10
13.0749597549,80.2865524292,54987,54999,12
13.0740995407,80.2861633301,54999,55007,8
13.0740098953,80.2861480713,55007,55017,10
13.0738401413,80.2861175537,55017,55027,10
13.0733203888,80.2859573364,55027,55037,10
13.0726203918,80.2855529785,55037,55047,10
13.0716600418,80.2852401733,55047,55057,10
13.0704803467,80.2849502563,55057,55067,10
13.0693101883,80.2846832275,55067,55077,10
13.0683403015,80.2844467163,55077,55087,10
13.0679998398,80.2843399048,55087,55100,13
13.0675096512,80.2843017578,55100,55110,10
13.0667800903,80.2841567993,55110,55120,10
13.0659198761,80.2839813232,55120,55130,10
13.0650396347,80.2837905884,55130,55140,10
13.0644598007,80.2836608887,55140,55150,10
13.0641899109,80.2835922241,55150,55160,10
13.0636796951,80.2834625244,55160,55170,10
13.0625,80.2831573486,55170,55189,19
13.0625,80.2831573486,55189,55200,11
13.0622301102,80.2830963135,55200,55211,11
13.0616197586,80.282951355,55211,55221,10
13.0609397888,80.2827911377,55221,55231,10
13.0602197647,80.2826385498,55231,55241,10
13.0593395233,80.2824630737,55241,55251,10
13.0583400726,80.2822494507,55251,55261,10
13.0576295853,80.2821273804,55261,55271,10
13.0570001602,80.2819900513,55271,55281,10
13.05671978,80.2819290161,55281,55291,10
13.0566902161,80.2819213867,55291,55301,10
13.0563297272,80.2818527222,55301,55311,10
13.0548200607,80.2815322876,55311,55322,11
13.0548200607,80.2815322876,55322,55332,10
13.0537796021,80.2813186646,55332,55340,8
13.0529403687,80.2811965942,55340,55354,14
13.0518503189,80.2810287476,55354,55364,10
13.0511703491,80.2809295654,55364,55374,10
13.0508203506,80.2808837891,55374,55384,10
13.0502195358,80.2807998657,55384,55394,10
13.0494003296,80.2806777954,55394,55404,10
13.0484199524,80.2805404663,55404,55414,10
13.0473804474,80.2803878784,55414,55424,10
13.0462999344,80.2802429199,55424,55435,11
13.0451097488,80.2800827026,55435,55445,10
13.0441598892,80.2799377441,55445,55455,10
13.0434503555,80.279838562,55455,55495,40
13.0434503555,80.279838562,55495,55505,10
13.0431404114,80.2797470093,55505,55515,10
13.0425395966,80.2796173096,55515,55525,10
13.041680336,80.2794799805,55525,55535,10
13.0407400131,80.279296875,55535,55545,10
13.0398597717,80.2790985107,55545,55556,11
13.0390701294,80.2788619995,55556,55576,20
13.0390701294,80.2788619995,55576,55586,10
13.0387897491,80.2787322998,55586,55596,10
13.0383396149,80.2785873413,55596,55606,10
13.0374002457,80.2782974243,55606,55626,20
13.0374002457,80.2782974243,55626,55636,10
13.0371103287,80.2782516479,55636,55646,10
13.0367202759,80.2780838013,55646,55656,10
13.0361795425,80.2778625488,55656,55667,11
13.0354604721,80.2777404785,55667,55677,10
13.0347604752,80.2776412964,55677,55687,10
13.0340795517,80.2774810791,55687,55697,10
13.0336904526,80.277381897,55697,55707,10
13.0334196091,80.2774200439,55707,55717,10
13.0331602097,80.2774581909,55717,55727,10
13.0331296921,80.2774581909,55727,55737,10
13.0328397751,80.2774810791,55737,55747,10
13.0326795578,80.2774963379,55747,55757,10
13.0323095322,80.2775268555,55757,55767,10
13.0318603516,80.2775878906,55767,55778,11
13.0313501358,80.2775497437,55778,55788,10
13.031080246,80.2773590088,55788,55798,10
13.0309095383,80.2772521973,55798,55808,10
13.0307598114,80.2771530151,55808,55818,10
13.0303201675,80.2769317627,55818,55828,10
13.0297298431,80.2767333984,55828,55838,10
13.0289802551,80.276512146,55838,55848,10
13.0283002853,80.2762298584,55848,55858,10
13.027589798,80.275932312,55858,55868,10
13.0269002914,80.2756271362,55868,55878,10
13.0260095596,80.2752609253,55878,55900,22
13.0260095596,80.2752609253,55900,55908,8
13.0258598328,80.2752075195,55908,55920,12
13.02546978,80.2750167847,55920,55930,10
13.024720192,80.2746810913,55930,55950,20
13.024720192,80.2746810913,55950,55960,10
13.0244998932,80.2745513916,55960,55970,10
13.0242004395,80.2742614746,55970,55980,10
13.0239095688,80.2738723755,55980,55990,10
13.0234899521,80.2732696533,55990,56001,11
13.0228996277,80.2724533081,56001,56011,10
13.0222501755,80.2715911865,56011,56021,10
13.0215902328,80.2707519531,56021,56031,10
13.0210399628,80.2701034546,56031,56041,10
13.0208396912,80.2698669434,56041,56051,10
13.0207700729,80.269821167,56051,56061,10
13.0206403732,80.2696380615,56061,56071,10
13.0203199387,80.269241333,56071,56081,10
13.0198402405,80.2686233521,56081,56091,10
13.0193004608,80.2679519653,56091,56101,10
13.0187997818,80.2673187256,56101,56111,10
13.0186100006,80.2664794922,56111,56122,11
13.0186500549,80.2657775879,56122,56132,10
13.0188302994,80.26512146,56132,56140,8
13.0190000534,80.2644805908,56140,56152,12
13.0189800262,80.2636108398,56152,56162,10
13.0189304352,80.2632675171,56162,56172,10
13.0188798904,80.2628097534,56172,56182,10
13.0188302994,80.2622299194,56182,56192,10
13.0187196732,80.2615585327,56192,56202,10
13.0183496475,80.261100769,56202,56212,10
13.0177001953,80.2606582642,56212,56222,10
13.0170097351,80.2602005005,56222,56233,11
13.0160799026,80.2596817017,56233,56253,20
13.0160799026,80.2596817017,56253,56263,10
13.0158004761,80.259552002,56263,56273,10
13.0152597427,80.2593917847,56273,56283,10
13.0145902634,80.2593002319,56283,56293,10
13.0138196945,80.2592773438,56293,56303,10
13.0128602982,80.2592315674,56303,56313,10
13.0116996765,80.2591705322,56313,56323,10
13.0106296539,80.2591400146,56323,56333,10
13.0094995499,80.2591323853,56333,56344,11
13.0083303452,80.2590866089,56344,56354,10
13.0073604584,80.2586364746,56354,56364,10
13.0066900253,80.2577285767,56364,56374,10
13.0065202713,80.2565917969,56374,56384,10
13.006529808,80.2553405762,56384,56394,10
13.006480217,80.2543411255,56394,56404,10
13.006480217,80.2539367676,56404,56414,10
13.006529808,80.2538223267,56414,56424,10
13.0065498352,80.2533416748,56424,56434,10
13.0065803528,80.2526931763,56434,56444,10
13.0066299438,80.2520828247,56444,56505,61
13.0066299438,80.2520828247,56505,56515,10
13.0066699982,80.2515029907,56515,56525,10
13.0067300797,80.2510986328,56525,56535,10
13.0067396164,80.2503204346,56535,56545,10
13.0067396164,80.2493286133,56545,56555,10
13.0066604614,80.2483596802,56555,56565,10
13.0065898895,80.2475128174,56565,56646,81
13.0065898895,80.2475128174,56646,56656,10
13.0065803528,80.2473373413,56656,56666,10
13.0066099167,80.2469329834,56666,56676,10
13.0065803528,80.2464904785,56676,56687,11
13.0066003799,80.2464599609,56687,56697,10
13.0066099167,80.2461776733,56697,56707,10
13.0066003799,80.2456512451,56707,56717,10
13.0066099167,80.2450714111,56717,56727,10
13.0066003799,80.2444915771,56727,56737,10
13.0066003799,80.2440490723,56737,56747,10
13.0066003799,80.243637085,56747,56757,10
13.0066003799,80.2431716919,56757,56767,10
13.0065898895,80.2425003052,56767,56777,10
13.0065803528,80.2416687012,56777,56787,10
13.0067195892,80.2407684326,56787,56797,10
13.0069103241,80.239616394,56797,56807,10
13.0071201324,80.2383880615,56807,56817,10
13.0073404312,80.2373275757,56817,56827,10
13.0074195862,80.2366790771,56827,56847,20
13.0074195862,80.2366790771,56847,56857,10
13.007519722,80.2364196777,56857,56867,10
13.0075998306,80.2359695435,56867,56878,11
13.0077600479,80.235206604,56878,56887,9
13.007900238,80.2345428467,56887,56898,11
13.0081195831,80.2334976196,56898,56908,10
13.0083503723,80.2323379517,56908,56918,10
13.0086097717,80.2310562134,56918,56928,10
13.0088396072,80.2298126221,56928,56938,10
13.0090799332,80.2286224365,56938,56950,12
13.0095100403,80.2274093628,56950,56958,8
13.0098600388,80.2266235352,56958,56968,10
13.0101604462,80.2259521484,56968,56978,10
13.0103197098,80.2256469727,56978,56988,10
13.010430336,80.2253723145,56988,56998,10
13.0104999542,80.2252120972,56998,57008,10
13.0106296539,80.2249221802,57008,57018,10
13.0108203888,80.2245635986,57018,57051,33
13.0108203888,80.2245635986,57051,57061,10
13.0110397339,80.2241592407,57061,57069,8
13.0111703873,80.223777771,57069,57081,12
13.0112400055,80.2235565186,57081,57091,10
13.011300087,80.2232971191,57091,57101,10
13.01101017,80.2230300903,57101,57111,10
13.0106201172,80.2228317261,57111,57121,10
13.0101804733,80.2226028442,57121,57131,10
13.0095701218,80.2222824097,57131,57142,11
13.0090198517,80.2220077515,57142,57152,10
13.008600235,80.2217712402,57152,57162,10
13.0079698563,80.2214279175,57162,57172,10
13.007229805,80.221031189,57172,57182,10
13.006480217,80.2206726074,57182,57192,10
13.0055398941,80.2204589844,57192,57202,10
13.0045795441,80.2202529907,57202,57212,10
13.0038003922,80.2200698853,57212,57222,10
13.0029602051,80.219833374,57222,57232,10
13.0024003983,80.2194595337,57232,57242,10
13.0021800995,80.2192611694,57242,57253,11
13.001950264,80.2189865112,57253,57263,10
13.0016002655,80.2186737061,57263,57273,10
13.001159668,80.2183380127,57273,57283,10
13.0006198883,80.2179718018,57283,57293,10
13.0000495911,80.2176132202,57293,57303,10
12.9994401932,80.2172470093,57303,57313,10
12.9987401962,80.2168884277,57313,57323,10
12.998000145,80.2166213989,57323,57333,10
12.9975700378,80.2165374756,57333,57343,10
12.9975595474,80.2165374756,57343,57353,10
12.9973297119,80.2165298462,57353,57363,10
12.9967498779,80.2165679932,57363,57374,11
12.9959602356,80.2167282104,57374,57384,10
12.9953603745,80.2169189453,57384,57394,10
12.995010376,80.2171173096,57394,57402,8
12.9946804047,80.2173614502,57402,57414,12
12.9940299988,80.2178268433,57414,57424,10
12.9934902191,80.2182235718,57424,57434,10
12.9928598404,80.2186279297,57434,57444,10
12.9921798706,80.2191314697,57444,57454,10
12.9916496277,80.219543457,57454,57464,10
12.9912004471,80.2198867798,57464,57474,10
12.9908800125,80.2201538086,57474,57485,11
12.9908704758,80.2201538086,57485,57495,10
12.9905996323,80.2203903198,57495,57505,10
12.9901304245,80.2207565308,57505,57515,10
12.9896402359,80.2212371826,57515,57527,12
12.9892597198,80.2217102051,57527,57537,10
12.9888801575,80.2221908569,57537,57547,10
12.9883298874,80.2227096558,57547,57557,10
12.987830162,80.2230911255,57557,57567,10
12.987739563,80.2231216431,57567,57577,10
12.9875802994,80.2231216431,57577,57587,10
12.9872598648,80.2230911255,57587,57598,11
12.9867801666,80.2229995728,57598,57608,10
12.9861898422,80.2229995728,57608,57618,10
12.9856996536,80.2230834961,57618,57628,10
12.9854602814,80.2233200073,57628,57638,10
12.9851999283,80.2232894897,57638,57648,10
12.9846200943,80.2230300903,57648,57658,10
12.9840803146,80.2226867676,57658,57668,10
12.9838399887,80.2225570679,57668,57678,10
12.9835796356,80.2223968506,57678,57688,10
12.983300209,80.2221984863,57688,57708,20
12.983300209,80.2221984863,57708,57718,10
12.9829797745,80.2220077515,57718,57728,10
12.9825401306,80.2218704224,57728,57738,10
12.9819402695,80.221572876,57738,57749,11
12.9813098907,80.2211914063,57749,57759,10
12.9805898666,80.2210922241,57759,57769,10
12.9796800613,80.2211608887,57769,57779,10
12.9786996841,80.221206665,57779,57789,10
12.9778003693,80.2212524414,57789,57799,10
12.9769296646,80.221282959,57799,57808,9
12.9765701294,80.2212677002,57808,57879,71
12.9765701294,80.2212677002,57879,57889,10
12.9763498306,80.2211685181,57889,57899,10
12.9761199951,80.2213897705,57899,57909,10
12.9763698578,80.2218170166,57909,57919,10
12.9765701294,80.2220916748,57919,58758,839
12.9766998291,80.2224197388,58758,58789,31
12.9772500992,80.2227630615,58789,58817,28
12.9775104523,80.2220535278,58817,58848,31
12.977519989,80.2212677002,58848,58880,32
12.9784402847,80.2211914063,58880,58907,27
12.9801397324,80.2210693359,58907,58937,30
12.9801397324,80.2210693359,58937,58961,24
12.981470108,80.221282959,58961,58971,10
12.9819803238,80.2216033936,58971,58981,10
12.9823703766,80.2217788696,58981,58991,10
12.9825601578,80.2218475342,58991,59001,10
12.9828901291,80.2219467163,59001,59031,30
12.9828901291,80.2219467163,59031,59041,10
12.983130455,80.2220687866,59041,59051,10
12.9833898544,80.2222213745,59051,59061,10
12.9836196899,80.2223968506,59061,59072,11
12.9840297699,80.2226333618,59072,59082,10
12.9845895767,80.2229919434,59082,59092,10
12.9850997925,80.2232589722,59092,59102,10
12.9854602814,80.2232818604,59102,59112,10
12.9857702255,80.2230606079,59112,59122,10
12.9864196777,80.2229995728,59122,59142,20
12.9864196777,80.2229995728,59142,59152,10
12.9865903854,80.2230072021,59152,59162,10
12.9868297577,80.2230224609,59162,59172,10
12.9872102737,80.2230911255,59172,59183,11
12.9878702164,80.2229919434,59183,59193,10
12.9884796143,80.2225112915,59193,59203,10
12.9890499115,80.2218780518,59203,59213,10
12.9896001816,80.221206665,59213,59223,10
12.9904098511,80.2204437256,59223,59243,20
12.9904098511,80.2204437256,59243,59253,10
12.9906702042,80.2201919556,59253,59263,10
12.9910001755,80.2199478149,59263,59273,10
12.9913196564,80.2196807861,59273,59283,10
12.9915800095,80.2194900513,59283,59293,10
12.9920101166,80.2191925049,59293,59304,11
12.992600441,80.2187423706,59304,59314,10
12.9931297302,80.2183380127,59314,59324,10
12.9936199188,80.2180099487,59324,59334,10
12.9940395355,80.2177429199,59334,59344,10
12.994509697,80.2174072266,59344,59354,10
12.9948701859,80.2171325684,59354,59364,10
12.9952497482,80.2169113159,59364,59374,10
12.9957799911,80.2166976929,59374,59384,10
12.9963703156,80.216583252,59384,59394,10
12.9969100952,80.2164764404,59394,59403,9
12.9972200394,80.2164611816,59403,59415,12
12.9975404739,80.216506958,59415,59425,10
12.9976596832,80.2165222168,59425,59435,10
12.9980602264,80.2165985107,59435,59445,10
12.99862957,80.216796875,59445,59455,10
12.9992103577,80.2170791626,59455,59465,10
12.9997997284,80.2174301147,59465,59475,10
13.0003995895,80.2177963257,59475,59485,10
13.0010900497,80.2182235718,59485,59495,10
13.0017499924,80.2187194824,59495,59505,10
13.0023298264,80.2193222046,59505,59514,9
13.002989769,80.2198028564,59514,59526,12
13.0040597916,80.2201080322,59526,59536,10
13.0050096512,80.2203216553,59536,59546,10
13.0059404373,80.2205429077,59546,59556,10
13.0068397522,80.2207870483,59556,59566,10
13.0077495575,80.221282959,59566,59576,10
13.0087795258,80.2218170166,59576,59586,10
13.0097703934,80.222366333,59586,59596,10
13.0106401443,80.2228317261,59596,59606,10
13.0113296509,80.2231216431,59606,59616,10
13.0114402771,80.2231063843,59616,59626,10
13.0115804672,80.2227401733,59626,59637,11
13.0118198395,80.2220535278,59637,59647,10
13.0122299194,80.2215118408,59647,59667,20
13.0122299194,80.2215118408,59667,59677,10
13.0124702454,80.2217330933,59677,59687,10
13.0127401352,80.222076416,59687,59697,10
13.0130500793,80.2224197388,59697,59707,10
13.0133495331,80.2227401733,59707,59717,10
13.0136203766,80.2230377197,59717,59727,10
13.0138101578,80.2232589722,59727,59737,10
13.0140304565,80.2235107422,59737,59747,10
13.0142202377,80.2238082886,59747,59757,10
13.0145797729,80.2242279053,59757,59767,10
13.0150403976,80.2247390747,59767,59778,11
13.0154600143,80.2253570557,59778,59788,10
13.0153598785,80.2257537842,59788,59828,40
13.0153598785,80.2257537842,59828,59838,10
13.0150604248,80.2259902954,59838,59847,9
13.014749527,80.2260894775,59847,59858,11
13.0142202377,80.2262802124,59858,59870,12
13.0134897232,80.2266082764,59870,59880,10
13.0127401352,80.2268981934,59880,59890,10
13.0118999481,80.2272415161,59890,59900,10
13.0110197067,80.2275695801,59900,59908,8
13.0102996826,80.2278366089,59908,59920,12
13.0093002319,80.2282867432,59920,59930,10
13.0090503693,80.2290420532,59930,59940,10
13.0088701248,80.2300491333,59940,59950,10
13.0086698532,80.2311782837,59950,59960,10
13.008480072,80.2322235107,59960,59968,8
13.0082397461,80.2336883545,59968,59991,23
13.0082397461,80.2336883545,59991,60001,10
13.0081596375,80.2339630127,60001,60011,10
13.0080795288,80.2343826294,60011,60021,10
13.0079603195,80.2350311279,60021,60031,10
13.007809639,80.2358169556,60031,60041,10
13.0076303482,80.2366409302,60041,60051,10
13.0074596405,80.2375411987,60051,60061,10
13.0072898865,80.2384719849,60061,60071,10
13.0071401596,80.2393112183,60071,60081,10
13.0069599152,80.2400817871,60081,60162,81
13.0069599152,80.2400817871,60162,60172,10
13.0069799423,80.2403717041,60172,60182,10
13.0068998337,80.2408828735,60182,60192,10
13.0068597794,80.2410202026,60192,60203,11
13.0067996979,80.2412109375,60203,60213,10
13.006770134,80.2417678833,60213,60223,10
13.006770134,80.2425384521,60223,60233,10
13.0067596436,80.2433319092,60233,60243,10
13.0067501068,80.2442092896,60243,60253,10
13.006770134,80.2451705933,60253,60263,10
13.0067996979,80.2460174561,60263,60272,9
13.006819725,80.2466583252,60272,60283,11
13.0068502426,80.2471618652,60283,60293,10
13.006770134,80.2477416992,60293,60303,10
13.0067796707,80.248550415,60303,60313,10
13.0068302155,80.249458313,60313,60322,9
13.0068597794,80.2504196167,60322,60335,13
13.0068702698,80.251373291,60335,60345,10
13.0067396164,80.2519607544,60345,60355,10
13.0066003799,80.2526702881,60355,60365,10
13.0065803528,80.25340271,60365,60375,10
13.0065803528,80.2542114258,60375,60385,10
13.0066404343,80.2551727295,60385,60395,10
13.0066604614,80.2562332153,60395,60405,10
13.0066900253,80.2570419312,60405,60436,31
13.0066900253,80.2570419312,60436,60446,10
13.0066795349,80.2571868896,60446,60456,10
13.0067501068,80.2576217651,60456,60466,10
13.0070495605,80.2582397461,60466,60476,10
13.0076303482,80.2586975098,60476,60486,10
13.0083503723,80.258972168,60486,60496,10
13.0085296631,80.2590026855,60496,60506,10
13.0087003708,80.2590713501,60506,60516,10
13.0091495514,80.2591171265,60516,60526,10
13.0098600388,80.2591018677,60526,60536,10
13.0107603073,80.2591094971,60536,60547,11
13.0119495392,80.2590789795,60547,60557,10
13.0131902695,80.2591400146,60557,60567,10
13.0145196915,80.2592010498,60567,60577,10
13.015709877,80.2593231201,60577,60587,10
13.0163803101,80.2596435547,60587,60597,10
13.0164699554,80.2597198486,60597,60607,10
13.0165901184,80.2598266602,60607,60617,10
13.0169801712,80.2600631714,60617,60627,10
13.0176296234,80.2605285645,60627,60637,10
13.0183095932,80.2610015869,60637,60647,10
13.0188798904,80.2614517212,60647,60657,10
13.0192499161,80.2617416382,60657,60669,12
13.0197696686,80.26222229,60669,60679,10
13.0203104019,80.2627105713,60679,60689,10
13.0202903748,80.2630081177,60689,60697,8
13.0199403763,80.2630004883,60697,60707,10
13.0193395615,80.2629699707,60707,60717,10
13.0190095901,80.2631072998,60717,60727,10
13.019109726,80.2637176514,60727,60737,10
13.0190896988,80.2645492554,60737,60747,10
13.0188703537,80.2653121948,60747,60758,11
13.0187301636,80.2658309937,60758,60768,10
13.0187101364,80.2665634155,60768,60780,12
13.0190200806,80.2674636841,60780,60787,7
13.0193796158,80.2679367065,60787,60799,12
13.0200300217,80.2687301636,60799,60809,10
13.0205097198,80.269317627,60809,60819,10
13.0209503174,80.2698364258,60819,60829,10
13.0214004517,80.2703781128,60829,60839,10
13.0215597153,80.2705383301,60839,60848,9
13.0216398239,80.2706298828,60848,60859,11
13.021900177,80.2709884644,60859,60869,10
13.0223398209,80.2715835571,60869,60881,12
13.0229701996,80.2724075317,60881,60891,10
13.0236997604,80.2734603882,60891,60931,40
13.0236997604,80.2734603882,60931,60941,10
13.0237903595,80.2735671997,60941,60951,10
13.0241098404,80.274017334,60951,60960,9
13.0244197845,80.2743911743,60960,60972,12
13.0249996185,80.2747573853,60972,60982,10
13.0253095627,80.2748794556,60982,61023,41
13.0253095627,80.2748794556,61023,61033,10
13.0255699158,80.275062561,61033,61063,30
13.0255699158,80.275062561,61063,61073,10
13.0258398056,80.2751922607,61073,61083,10
13.026140213,80.2753067017,61083,61114,31
13.026140213,80.2753067017,61114,61124,10
13.0263996124,80.2753829956,61124,61255,131
13.0263996124,80.2753829956,61255,61265,10
13.0270004272,80.2756500244,61265,61315,50
13.0270004272,80.2756500244,61315,61325,10
13.0271701813,80.2758102417,61325,61386,61
13.0271701813,80.2758102417,61386,61396,10
13.0272903442,80.2758712769,61396,61436,40
13.0272903442,80.2758712769,61436,61447,11
13.0277700424,80.2760391235,61447,61628,181
13.0277700424,80.2760391235,61628,61639,11
13.0284204483,80.2762985229,61639,61698,59
13.0284204483,80.2762985229,61698,61708,10
13.0288200378,80.2764816284,61708,61740,32
13.0288200378,80.2764816284,61740,61749,9
13.0291204453,80.2765731812,61749,61759,10
13.0293397903,80.2766189575,61759,61769,10
13.0295095444,80.2766723633,61769,61779,10
13.0297203064,80.2767028809,61779,61789,10
13.0299196243,80.2767562866,61789,61799,10
13.0300798416,80.2768173218,61799,61811,12
13.0304002762,80.2769393921,61811,61819,8
13.0306100845,80.2770462036,61819,61829,10
13.0309095383,80.2772521973,61829,61922,93
13.0309095383,80.2772521973,61922,61932,10
13.0311899185,80.2774734497,61932,61942,10
13.0312204361,80.2774887085,61942,61952,10
13.0314302444,80.2776031494,61952,61962,10
13.0316400528,80.2776184082,61962,61972,10
13.0318899155,80.2776184082,61972,61982,10
13.0320501328,80.2776031494,61982,61992,10
13.032119751,80.2775878906,61992,62002,10
13.0324697495,80.2775497437,62002,62013,11
13.0331602097,80.2774810791,62013,62023,10
13.0336999893,80.277381897,62023,62033,10
13.0341701508,80.2774963379,62033,62043,10
13.0346498489,80.277633667,62043,62053,10
13.0352802277,80.2777328491,62053,62063,10
13.0359401703,80.2778625488,62063,62073,10
13.0364704132,80.2779769897,62073,62083,10
13.0368499756,80.2781295776,62083,62093,10
13.0371599197,80.2782592773,62093,62103,10
13.0373401642,80.2783279419,62103,62113,10
13.0374698639,80.2783737183,62113,62124,11
13.037899971,80.2784729004,62124,62134,10
13.038599968,80.2786636353,62134,62144,10
13.0389795303,80.2787475586,62144,62154,10
13.0390701294,80.2788009644,62154,62164,10
13.0393695831,80.2788925171,62164,62174,10
13.039899826,80.2790374756,62174,62184,10
13.0406103134,80.2792282104,62184,62194,10
13.0414495468,80.2794036865,62194,62204,10
13.0423698425,80.279548645,62204,62214,10
13.0431003571,80.2796020508,62214,62255,41
13.0431003571,80.2796020508,62255,62265,10
13.0431995392,80.279586792,62265,62275,10
13.0436000824,80.2797317505,62275,62285,10
13.0443000793,80.2798995972,62285,62295,10
13.0452203751,80.2800521851,62295,62305,10
13.0461797714,80.2801895142,62305,62315,10
13.04708004,80.2803192139,62315,62325,10
13.0481004715,80.2804794312,62325,62335,10
13.0491895676,80.280632019,62335,62346,11
13.0503797531,80.2807998657,62346,62356,10
13.05148983,80.2809677124,62356,62366,10
13.0525302887,80.2811126709,62366,62376,10
13.0534801483,80.2812576294,62376,62386,10
13.0544395447,80.2814407349,62386,62396,10
13.0554199219,80.2816162109,62396,62406,10
13.0561800003,80.2817687988,62406,62416,10
13.0562896729,80.281791687,62416,62426,10
13.056520462,80.2818374634,62426,62436,10
13.0574197769,80.2820205688,62436,62457,21
13.0574197769,80.2820205688,62457,62467,10
13.0574398041,80.2820205688,62467,62477,10
13.0578403473,80.2821121216,62477,62487,10
13.0585403442,80.2822723389,62487,62497,10
13.0594396591,80.2824707031,62497,62507,10
13.0604000092,80.2826385498,62507,62517,10
13.0612802505,80.2828292847,62517,62527,10
13.0621995926,80.2830276489,62527,62537,10
13.0629796982,80.2831878662,62537,62547,10
13.0631303787,80.2832107544,62547,62557,10
13.0632295609,80.2832336426,62557,62567,10
13.0635900497,80.2833099365,62567,62578,11
13.0638904572,80.2833633423,62578,62608,30
13.0638904572,80.2833633423,62608,62618,10
13.0640296936,80.2834396362,62618,62628,10
13.0644397736,80.2835464478,62628,62638,10
13.0651102066,80.2836914063,62638,62648,10
13.0659999847,80.2838897705,62648,62658,10
13.066860199,80.284072876,62658,62668,10
13.0673999786,80.2841567993,62668,62678,10
13.0678796768,80.2842636108,62678,62689,11
13.0684404373,80.2843780518,62689,62699,10
13.0692195892,80.2845611572,62699,62709,10
13.0701799393,80.2848129272,62709,62719,10
13.0712604523,80.2850723267,62719,62729,10
13.0724000931,80.2853012085,62729,62739,10
13.0734300613,80.2852172852,62739,62749,10
13.0736999512,80.2853012085,62749,62760,11
13.0739297867,80.2855377197,62760,62769,9
13.074259758,80.2859725952,62769,62779,10
13.0748996735,80.2864379883,62779,62789,10
13.075750351,80.2869567871,62789,62799,10
13.0768995285,80.2872695923,62799,62809,10
13.0780601501,80.2875823975,62809,62819,10
13.0790596008,80.2878723145,62819,62831,12
13.0801000595,80.2881622314,62831,62840,9
13.0807695389,80.2883071899,62840,62850,10
13.0808401108,80.2883224487,62850,62861,11
13.0810804367,80.2884216309,62861,62873,12
13.0817699432,80.2886505127,62873,62883,10
13.0824899673,80.2889480591,62883,62893,10
13.0832901001,80.2892227173,62893,62903,10
13.0841398239,80.2891998291,62903,62914,11
13.0852003098,80.2891693115,62914,62924,10
13.0861997604,80.289390564,62924,62934,10
13.0872402191,80.2897186279,62934,62994,60
13.0872402191,80.2897186279,62994,63004,10
13.0872898102,80.2898178101,63004,63014,10
13.0875902176,80.2899169922,63014,63025,11
13.0878400803,80.2900314331,63025,63035,10
13.0880804062,80.2901229858,63035,63045,10
13.0887203217,80.2902069092,63045,63075,30
13.0887203217,80.2902069092,63075,63085,10
13.088809967,80.2902832031,63085,63095,10
13.088640213,80.2904891968,63095,63105,10
12.9766702652,80.2226715088,63105,63111,6
12.9766702652,80.2226715088,63111,63115,4
13.0877103806,80.2900390625,63115,63125,10
13.0869998932,80.2897720337,63125,63136,11
13.0862197876,80.2895584106,63136,63146,10
13.0857000351,80.2893295288,63146,63156,10
13.0853796005,80.2887878418,63156,63166,10
13.085149765,80.2881088257,63166,63176,10
13.0851402283,80.287361145,63176,63186,10
13.0851898193,80.2866592407,63186,63196,10
13.0852499008,80.285949707,63196,63206,10
13.0853204727,80.2852020264,63206,63216,10
13.0852403641,80.2841262817,63216,63236,20
13.0852403641,80.2841262817,63236,63247,11
13.0853595734,80.2839736938,63247,63257,10
13.0854701996,80.2836837769,63257,63267,10
13.0856800079,80.2835617065,63267,63277,10
13.0860795975,80.2835464478,63277,63287,10
13.086400032,80.2836837769,63287,63297,10
13.0867004395,80.2839431763,63297,63337,40
13.0867004395,80.2839431763,63337,63347,10
13.0869998932,80.2839813232,63347,63368,21
13.0869998932,80.2839813232,63368,63378,10
13.0873098373,80.2839889526,63378,63388,10
13.0876197815,80.2839813232,63388,63398,10
13.0878896713,80.2839584351,63398,63651,253
13.0881795883,80.283706665,63651,63681,30
13.0881795883,80.283706665,63681,63691,10
13.0882902145,80.283416748,63691,63702,11
13.0883102417,80.2831878662,63702,63711,9
13.0882997513,80.282951355,63711,63721,10
13.0882997513,80.2829208374,63721,63732,11
13.0883302689,80.2826080322,63732,63741,9
13.0882997513,80.2823562622,63741,63751,10
13.0882501602,80.2820663452,63751,63761,10
13.0881795883,80.281867981,63761,63771,10
13.0881204605,80.2816925049,63771,63781,10
13.0881299973,80.2814865112,63781,63792,11
13.0882997513,80.2815093994,63792,63801,9
13.0885400772,80.2816390991,63801,63811,10
13.08852005,80.2820129395,63811,63823,12
13.0884304047,80.2824478149,63823,63833,10
13.0883998871,80.2827377319,63833,63843,10
13.0883703232,80.2831268311,63843,63853,10
13.0883903503,80.2836227417,63853,63863,10
13.0883998871,80.2841186523,63863,63873,10
13.0884399414,80.2846908569,63873,63883,10
13.088470459,80.2851409912,63883,63893,10
13.0885000229,80.2855529785,63893,63903,10
13.0885095596,80.2857971191,63903,63913,10
13.0885095596,80.2861022949,63913,63924,11
13.08852005,80.286277771,63924,63934,10
13.0885295868,80.286491394,63934,63944,10
13.0885400772,80.2867736816,63944,63954,10
13.0885696411,80.2872161865,63954,63964,10
13.0886001587,80.2874679565,63964,63974,10
13.0886201859,80.287651062,63974,63984,10
13.0886497498,80.2880096436,63984,63994,10
13.0886898041,80.2883300781,63994,64004,10
13.0887203217,80.2885818481,64004,64014,10
13.0887403488,80.2888336182,64014,64024,10
13.0887804031,80.2891387939,64024,64035,11
13.0887804031,80.2893829346,64035,64045,10
13.0887699127,80.2894592285,64045,64055,10
13.0887899399,80.2896881104,64055,64065,10
13.0887804031,80.2900390625,64065,64075,10
13.0887899399,80.2902832031,64075,64085,10
13.0887699127,80.2904968262,64085,64095,10
13.0885400772,80.2904891968,64095,64105,10
13.0881996155,80.2902679443,64105,64115,10
13.0877599716,80.2900466919,64115,64125,10
13.0872097015,80.2897872925,64125,64135,10
13.0864801407,80.2895431519,64135,64145,10
13.085559845,80.2893218994,64145,64156,11
13.0845403671,80.2891998291,64156,64166,10
13.0836801529,80.2892227173,64166,64176,10
13.0829200745,80.2891998291,64176,64186,10
13.0822296143,80.2889099121,64186,64196,10
13.0817098618,80.2887115479,64196,64216,20
13.0817098618,80.2887115479,64216,64226,10
13.0815095901,80.2886505127,64226,64236,10
13.0811796188,80.2885437012,64236,64246,10
13.0805301666,80.2883377075,64246,64297,51
13.0805301666,80.2883377075,64297,64307,10
13.0803699493,80.2882995605,64307,64317,10
13.0802497864,80.2882766724,64317,64327,10
13.0800199509,80.2882080078,64327,64337,10
13.0795001984,80.2881317139,64337,64347,10
13.0788297653,80.2878265381,64347,64357,10
13.0779399872,80.2875900269,64357,64367,10
13.0768098831,80.2873077393,64367,64378,11
13.0755195618,80.2869262695,64378,64388,10
13.0747003555,80.2863998413,64388,64398,10
13.0740499496,80.2860794067,64398,64408,10
13.0734596252,80.2860183716,64408,64418,10
13.0729799271,80.2857971191,64418,64428,10
13.0722303391,80.2854309082,64428,64440,12
13.0710601807,80.2851409912,64440,64450,10
13.0698604584,80.2848434448,64450,64461,11
13.0685997009,80.2845611572,64461,64471,10
13.0676298141,80.2843933105,64471,64479,8
13.0666999817,80.2842102051,64479,64492,13
13.065199852,80.2838363647,64492,64505,13
13.0642700195,80.2836303711,64505,64525,20
13.0642700195,80.2836303711,64525,64535,10
13.064209938,80.2836227417,64535,64545,10
13.0637903214,80.283493042,64545,64553,8
13.0613002777,80.2828826904,64553,64622,69
13.0587100983,80.282371521,64622,64653,31
13.0587100983,80.282371521,64653,64683,30
13.0571298599,80.282043457,64683,64693,10
13.0567398071,80.2819671631,64693,64703,10
13.0566797256,80.2819671631,64703,64714,11
13.0563802719,80.2819137573,64714,64724,10
13.0557403564,80.2817687988,64724,64734,10
13.0549001694,80.2816009521,64734,64744,10
13.0538702011,80.2814025879,64744,64754,10
13.0528497696,80.2812271118,64754,64764,10
13.0518798828,80.2810516357,64764,64774,10
13.0512104034,80.2809371948,64774,64784,10
13.0507802963,80.2808990479,64784,64794,10
13.0501499176,80.2808074951,64794,64804,10
13.0493297577,80.2806777954,64804,64814,10
13.0483198166,80.2805480957,64814,64825,11
13.0471801758,80.280380249,64825,64835,10
13.0462799072,80.2802734375,64835,64845,10
13.0453100204,80.280128479,64845,64855,10
13.0443296432,80.2799987793,64855,64865,10
13.0437297821,80.2799072266,64865,64895,30
13.0437297821,80.2799072266,64895,64905,10
13.0436601639,80.2799301147,64905,64915,10
13.0432701111,80.2798461914,64915,64925,10
13.0425796509,80.2796630859,64925,64936,11
13.0415201187,80.2794876099,64936,64946,10
13.0405502319,80.2792892456,64946,64956,10
13.039059639,80.2789001465,64956,64976,20
13.039059639,80.2789001465,64976,64986,10
13.0387496948,80.278793335,64986,64996,10
13.0381603241,80.2786102295,64996,65006,10
13.0374202728,80.2783813477,65006,65016,10
13.0367002487,80.278137207,65016,65026,10
13.0358600616,80.2778930664,65026,65035,9
13.0350399017,80.2777099609,65035,65046,11
13.0339603424,80.2774581909,65046,65059,13
13.0331897736,80.2774963379,65059,65069,10
13.0324497223,80.2775421143,65069,65079,10
13.0314798355,80.2776184082,65079,65099,20
13.0314798355,80.2776184082,65099,65109,10
13.0310001373,80.2773590088,65109,65119,10
13.0310001373,80.2773590088,65119,65129,10
13.0307197571,80.2771911621,65129,65139,10
13.030090332,80.2769012451,65139,65150,11
13.0292797089,80.2766571045,65150,65161,11
13.028719902,80.2764511108,65161,65171,10
13.0282096863,80.276260376,65171,65181,10
13.0275802612,80.275970459,65181,65191,10
13.0270204544,80.2757492065,65191,65201,10
13.0263299942,80.2754592896,65201,65221,20
13.0263299942,80.2754592896,65221,65231,10
13.026140213,80.2753677368,65231,65241,10
13.0256795883,80.2751464844,65241,65252,11
13.0250301361,80.2748718262,65252,65261,9
13.0244998932,80.2745666504,65261,65271,10
13.0240898132,80.2741470337,65271,65281,10
13.0237197876,80.2736129761,65281,65291,10
13.0233001709,80.2730178833,65291,65301,10
13.0227804184,80.2723083496,65301,65311,10
13.0221796036,80.2715377808,65311,65321,10
13.0216197968,80.2707977295,65321,65333,12
13.0210695267,80.2702026367,65333,65342,9
13.0210399628,80.270149231,65342,65353,11
13.020939827,80.2699966431,65353,65362,9
13.0207595825,80.2697372437,65362,65372,10
13.0205097198,80.2694396973,65372,65382,10
13.0201196671,80.268913269,65382,65392,10
13.0195903778,80.2682876587,65392,65402,10
13.0190200806,80.2676315308,65402,65412,10
13.0186700821,80.2667770386,65412,65422,10
13.0186195374,80.2660903931,65422,65432,10
13.0187397003,80.2654724121,65432,65442,10
13.0189504623,80.2647476196,65442,65452,10
13.0190401077,80.2640686035,65452,65462,10
13.0190000534,80.2636566162,65462,65472,10
13.0189599991,80.2633285522,65472,65482,10
13.0189504623,80.2632293701,65482,65495,13
13.0188903809,80.2624816895,65495,65545,50
13.0188903809,80.2624816895,65545,65555,10
13.0188102722,80.2620925903,65555,65565,10
13.0187997818,80.2618637085,65565,65606,41
13.0187997818,80.2618637085,65606,65616,10
13.0187597275,80.26146698,65616,65626,10
13.0187196732,80.2613983154,65626,65636,10
13.0184497833,80.2611999512,65636,65646,10
13.0181903839,80.2610397339,65646,65656,10
13.0178003311,80.2607879639,65656,65666,10
13.0172300339,80.2604064941,65666,65676,10
13.0165596008,80.2599563599,65676,65686,10
13.0161304474,80.2597579956,65686,65696,10
13.0160198212,80.2597122192,65696,65706,10
13.0156002045,80.259552002,65706,65717,11
13.014840126,80.2593994141,65717,65727,10
13.0140695572,80.2593612671,65727,65737,10
13.0131101608,80.2593307495,65737,65747,10
13.0120000839,80.2592697144,65747,65757,10
13.0110998154,80.2592391968,65757,65767,10
13.010020256,80.2592163086,65767,65777,10
13.0089302063,80.2592010498,65777,65787,10
13.0080900192,80.2591094971,65787,65797,10
13.0074396133,80.2587585449,65797,65807,10
13.0068902969,80.2581481934,65807,65817,10
13.0066003799,80.2574081421,65817,65827,10
13.0065402985,80.2564468384,65827,65838,11
13.006529808,80.2557067871,65838,65848,10
13.006529808,80.2552719116,65848,65888,40
13.006529808,80.2552719116,65888,65898,10
13.0065202713,80.2549972534,65898,65908,10
13.006529808,80.2548980713,65908,65918,10
13.0065202713,80.2545776367,65918,66019,101
13.0065202713,80.2545776367,66019,66029,10
13.0064897537,80.2541732788,66029,66039,10
13.0065097809,80.2539367676,66039,66049,10
13.0065002441,80.2537536621,66049,66060,11
13.0065097809,80.2536468506,66060,66070,10
13.0065097809,80.2531890869,66070,66171,101
13.0065097809,80.2531890869,66171,66181,10
13.0065002441,80.2527694702,66181,66332,151
13.0065002441,80.2527694702,66332,66342,10
13.0065202713,80.2524490356,66342,66352,10
13.0066204071,80.2519683838,66352,66444,92
13.0066204071,80.2519683838,66444,66454,10
13.0066900253,80.2518005371,66454,66464,10
13.006770134,80.251373291,66464,66473,9
13.0067796707,80.2509384155,66473,66494,21
13.0067796707,80.2509384155,66494,66505,11
13.0067501068,80.250579834,66505,66525,20
13.0067396164,80.2498397827,66525,66543,18
13.0067396164,80.2498397827,66543,66555,12
13.0067796707,80.2496566772,66555,66666,111
13.0067796707,80.2496566772,66666,66676,10
13.0067396164,80.249382019,66676,66686,10
13.0067100525,80.2489776611,66686,66696,10
13.0066604614,80.2484664917,66696,66706,10
13.0066204071,80.2481384277,66706,66787,81
13.0066204071,80.2481384277,66787,66797,10
13.0066003799,80.2480773926,66797,66807,10
13.0066003799,80.247718811,66807,66817,10
13.0066204071,80.2470092773,66817,66837,20
13.0066204071,80.2470092773,66837,66848,11
13.0066003799,80.2467803955,66848,66858,10
13.0065698624,80.2466201782,66858,66868,10
13.0065803528,80.2465591431,66868,66878,10
13.0066003799,80.2464675903,66878,66888,10
13.0066204071,80.2463378906,66888,66898,10
13.0066099167,80.2462081909,66898,66938,40
13.0066404343,80.2458572388,66938,66979,41
13.0066404343,80.2458572388,66979,66989,10
13.006649971,80.2453536987,66989,67019,30
13.006649971,80.2453536987,67019,67029,10
13.0066404343,80.2448196411,67029,67049,20
13.0066404343,80.2448196411,67049,67059,10
13.0066299438,80.2445602417,67059,67070,11
13.0066299438,80.2442092896,67070,67080,10
13.0066003799,80.2438583374,67080,67090,10
13.0065898895,80.2435302734,67090,67100,10
13.0065498352,80.243057251,67100,67110,10
13.0065402985,80.2423400879,67110,67120,10
13.0065402985,80.2414779663,67120,67130,10
13.0066299438,80.2408905029,67130,67140,10
13.0067300797,80.2404022217,67140,67150,10
13.0068597794,80.2397003174,67150,67160,10
13.0070295334,80.238861084,67160,67170,10
13.0072002411,80.237953186,67170,67181,11
13.007349968,80.2372512817,67181,67191,10
13.007399559,80.2367477417,67191,67211,20
13.007399559,80.2367477417,67211,67221,10
13.0074796677,80.2365493774,67221,67231,10
13.007519722,80.2363433838,67231,67241,10
13.0075902939,80.2359085083,67241,67251,10
13.0076999664,80.2353286743,67251,67261,10
13.0078601837,80.2346572876,67261,67271,10
13.0080099106,80.23387146,67271,67281,10
13.0081796646,80.2329864502,67281,67292,11
13.0083503723,80.2321166992,67292,67302,10
13.0084896088,80.2313537598,67302,67312,10
13.008649826,80.2305679321,67312,67322,10
13.0087900162,80.2297973633,67322,67332,10
13.0089197159,80.229133606,67332,67342,10
13.0090799332,80.2284317017,67342,67352,10
13.0092897415,80.2277984619,67352,67362,10
13.0095100403,80.2273178101,67362,67372,10
13.0097198486,80.2268676758,67372,67382,10
13.0098600388,80.226600647,67382,67392,10
13.0100498199,80.2261810303,67392,67403,11
13.0102100372,80.2258071899,67403,67423,20
13.0102100372,80.2258071899,67423,67434,11
13.0103397369,80.2255401611,67434,67443,9
13.01060009,80.2250671387,67443,67464,21
13.01060009,80.2250671387,67464,67474,10
13.0107803345,80.2247009277,67474,67483,9
13.0109100342,80.2242889404,67483,67494,11
13.0110902786,80.2237930298,67494,67504,10
13.0111999512,80.2235183716,67504,67515,11
13.0112304688,80.2232284546,67515,67523,8
13.0110197067,80.2231216431,67523,67534,11
13.0105800629,80.22290802,67534,67543,9
13.0101299286,80.2226791382,67543,67555,12
13.0093803406,80.2222595215,67555,67564,9
13.0087099075,80.2218933105,67564,67574,10
13.0080699921,80.2215423584,67574,67585,11
13.0072898865,80.2211227417,67585,67595,10
13.0066299438,80.2208023071,67595,67604,9
13.0058898926,80.2205963135,67604,67614,10
13.0051002502,80.2204437256,67614,67626,12
13.0043001175,80.2202301025,67626,67636,10
13.0035600662,80.2200698853,67636,67646,10
13.0028600693,80.2198486328,67646,67656,10
13.0022602081,80.2194137573,67656,67666,10
13.0019702911,80.2190933228,67666,67676,10
13.0016202927,80.2187194824,67676,67686,10
13.0010995865,80.2183532715,67686,67696,10
13.0006504059,80.2180480957,67696,67706,10
13.0001096725,80.2176971436,67706,67715,9
12.9995698929,80.2173614502,67715,67727,12
12.998550415,80.2168502808,67727,67778,51
12.998550415,80.2168502808,67778,67788,10
12.998290062,80.2167892456,67788,67798,10
12.9981803894,80.2167434692,67798,67818,20
12.9981803894,80.2167434692,67818,67828,10
12.9980297089,80.2166976929,67828,67838,10
12.9979200363,80.2166824341,67838,67859,21
12.9979200363,80.2166824341,67859,67869,10
12.9976396561,80.2166366577,67869,67909,40
12.9976396561,80.2166366577,67909,67919,10
12.9971399307,80.2166213989,67919,67929,10
12.9970998764,80.2166213989,67929,67939,10
12.9968795776,80.2166290283,67939,67949,10
12.9968204498,80.2166290283,67949,67959,10
12.9966802597,80.2166366577,67959,67970,11
12.9964504242,80.2166366577,67970,67980,10
12.9962396622,80.2166595459,67980,67990,10
12.996049881,80.2166976929,67990,68000,10
12.995759964,80.2167663574,68000,68010,10
12.9952201843,80.2170181274,68010,68020,10
12.9948596954,80.2172775269,68020,68030,10
12.9944200516,80.217590332,68030,68040,10
12.9938802719,80.2179870605,68040,68050,10
12.9932804108,80.2183990479,68050,68060,10
12.9926795959,80.2188262939,68060,68070,10
12.9920196533,80.2193222046,68070,68081,11
12.9914102554,80.2197723389,68081,68091,10
12.9907197952,80.2202911377,68091,68111,20
12.9907197952,80.2202911377,68111,68121,10
12.9905700684,80.2204589844,68121,68131,10
12.9901800156,80.2207489014,68131,68141,10
12.989689827,80.221206665,68141,68151,10
12.9892597198,80.2217178345,68151,68161,10
12.9888401031,80.2222824097,68161,68171,10
12.9883499146,80.2227478027,68171,68181,10
12.9876804352,80.2231903076,68181,68202,21
12.9876804352,80.2231903076,68202,68212,10
12.9874401093,80.2231674194,68212,68222,10
12.9871501923,80.2231369019,68222,68232,10
12.9869699478,80.2231063843,68232,68242,10
12.9866504669,80.2230377197,68242,68252,10
12.9861402512,80.2230224609,68252,68262,10
12.9856595993,80.22315979,68262,68272,10
12.9853401184,80.2233581543,68272,68282,10
12.9848403931,80.223197937,68282,68292,10
12.9843702316,80.22290802,68292,68303,11
12.9838600159,80.2226409912,68303,68313,10
12.9836902618,80.2225418091,68313,68323,10
12.9832496643,80.2222290039,68323,68343,20
12.9832496643,80.2222290039,68343,68353,10
12.9829998016,80.2220611572,68353,68363,10
12.9825801849,80.2218933105,68363,68373,10
12.9824399948,80.2218704224,68373,68384,11
12.9823303223,80.2218170166,68384,68394,10
12.9823198318,80.2218093872,68394,68404,10
12.982049942,80.2216415405,68404,68416,12
12.9814596176,80.2212677002,68416,68424,8
12.9808998108,80.2211074829,68424,68436,12
12.9799203873,80.2211608887,68436,68444,8
12.9793701172,80.221206665,68444,68456,12
12.9786396027,80.2212524414,68456,68466,10
12.9780702591,80.2212677002,68466,68474,8
12.9777698517,80.2212677002,68474,68484,10
12.9772100449,80.221321106,68484,68496,12
12.9764404297,80.221321106,68496,68537,41
12.9764404297,80.221321106,68537,68547,10
12.9761695862,80.2212295532,68547,68557,10
12.9760503769,80.2214508057,68557,68567,10
12.9763002396,80.2218322754,68567,68577,10
12.9765996933,80.2222366333,68577,68683,106
12.9767599106,80.2225570679,68683,69099,416
12.9766397476,80.222366333,69099,69677,578
12.9768104553,80.2226791382,69677,69711,34
12.9774303436,80.2227783203,69711,69740,29
12.9774303436,80.2218170166,69740,69770,30
12.9774999619,80.221282959,69770,69801,31
12.9774999619,80.221282959,69801,69822,21
12.9783000946,80.2212524414,69822,69832,10
12.9788198471,80.2212219238,69832,69842,10
12.97935009,80.2211990356,69842,69852,10
12.9798402786,80.2211608887,69852,69862,10
12.9803199768,80.2211227417,69862,69872,10
12.9807901382,80.2210922241,69872,69882,10
12.981300354,80.2212600708,69882,69892,10
12.9817199707,80.221496582,69892,69901,9
12.9820203781,80.2217025757,69901,69913,12
12.9824104309,80.221862793,69913,69923,10
12.9826402664,80.2219467163,69923,69933,10
12.9828395844,80.222038269,69933,69943,10
12.9829101563,80.2220611572,69943,69953,10
12.9831399918,80.2221908569,69953,69963,10
12.9834604263,80.2223968506,69963,69973,10
12.9838495255,80.2226333618,69973,69983,10
12.9842596054,80.2228622437,69983,69993,10
12.9847097397,80.2231369019,69993,70003,10
12.9852800369,80.2233581543,70003,70012,9
12.9854898453,80.2232818604,70012,70024,12
12.9858703613,80.2230529785,70024,70034,10
12.9863004684,80.2230529785,70034,70044,10
12.9864501953,80.2230606079,70044,70054,10
12.9866399765,80.2230834961,70054,70064,10
12.9866504669,80.2230911255,70064,70074,10
12.9868202209,80.2231063843,70074,70084,10
12.9870595932,80.2231521606,70084,70094,10
12.9873600006,80.2231903076,70094,70104,10
12.9876203537,80.2231826782,70104,70114,10
12.9879398346,80.2229995728,70114,70123,9
12.9882898331,80.2227401733,70123,70134,11
12.9888000488,80.2222518921,70134,70145,11
12.9891796112,80.2217636108,70145,70155,10
12.9895896912,80.2212219238,70155,70165,10
12.9901800156,80.2205963135,70165,70175,10
12.9904298782,80.2203979492,70175,70185,10
12.9905595779,80.2203063965,70185,70195,10
12.9908599854,80.2201004028,70195,70205,10
12.9911603928,80.2198562622,70205,70215,10
12.9915599823,80.219543457,70215,70225,10
12.9920101166,80.2192306519,70225,70235,10
12.9925203323,80.2188720703,70235,70245,10
12.9930496216,80.2184677124,70245,70256,11
12.9935798645,80.2180786133,70256,70266,10
12.9939603806,80.2178268433,70266,70276,10
12.9943799973,80.2175216675,70276,70286,10
12.9947595596,80.2172393799,70286,70296,10
12.9947900772,80.2172164917,70296,70306,10
12.9949598312,80.2171173096,70306,70316,10
12.9953298569,80.2168884277,70316,70326,10
12.9959001541,80.2167129517,70326,70336,10
12.996629715,80.2165908813,70336,70346,10
12.9970798492,80.2165374756,70346,70356,10
12.997130394,80.2165603638,70356,70367,11
12.9975204468,80.2165603638,70367,70377,10
12.9975700378,80.2165679932,70377,70387,10
12.9977798462,80.2166137695,70387,70397,10
12.998290062,80.2167282104,70397,70407,10
12.9989700317,80.2170410156,70407,70418,11
12.9997901917,80.2174987793,70418,70429,11
13.0004796982,80.217918396,70429,70438,9
13.0009803772,80.2182388306,70438,70448,10
13.0014600754,80.2185668945,70448,70459,11
13.0019798279,80.219039917,70459,70469,10
13.0022201538,80.219291687,70469,70479,10
13.0025196075,80.2195968628,70479,70489,10
13.0031099319,80.2199325562,70489,70500,11
13.0038900375,80.220123291,70500,70509,9
13.0044403076,80.2202529907,70509,70520,11
13.005200386,80.2204437256,70520,70529,9
13.0058698654,80.2205810547,70529,70539,10
13.0066204071,80.2207489014,70539,70548,9
13.0072402954,80.2210922241,70548,70559,11
13.0081701279,80.2215805054,70559,70570,11
13.0092096329,80.2221374512,70570,70579,9
13.010020256,80.2226028442,70579,70591,12
13.0112304688,80.2231903076,70591,70732,141
13.0112304688,80.2231903076,70732,70742,10
13.0113697052,80.2233123779,70742,70752,10
13.0114803314,80.2233963013,70752,70762,10
13.0116901398,80.2235488892,70762,70772,10
13.0121803284,80.223777771,70772,70782,10
13.0127601624,80.2240982056,70782,70792,10
13.0133895874,80.2244033813,70792,70802,10
13.0139799118,80.2247085571,70802,70813,11
13.0145902634,80.2250289917,70813,70823,10
13.0150098801,80.2252502441,70823,70833,10
13.0153198242,80.2254486084,70833,70843,10
13.0152301788,80.2258834839,70843,70853,10
13.0147695541,80.2260665894,70853,70863,10
13.0141801834,80.2263183594,70863,70873,10
13.0134096146,80.2266387939,70873,70883,10
13.0125198364,80.2270126343,70883,70893,10
13.0116100311,80.2273788452,70893,70903,10
13.0108499527,80.2276763916,70903,70913,10
13.0099401474,80.2280578613,70913,70924,11
13.0091199875,80.2285995483,70924,70934,10
13.0089101791,80.2296295166,70934,70944,10
13.0086803436,80.2308120728,70944,70954,10
13.0084600449,80.2320175171,70954,70964,10
13.0082502365,80.2331771851,70964,70974,10
13.0081796646,80.2337188721,70974,70984,10
13.0081796646,80.2337265015,70984,70994,10
13.0081195831,80.2339096069,70994,71004,10
13.008020401,80.2344436646,71004,71014,10
13.0078802109,80.2351303101,71014,71024,10
13.0077600479,80.2357330322,71024,71035,11
13.0077295303,80.2358779907,71035,71045,10
13.0076799393,80.2360916138,71045,71055,10
13.0075998306,80.2364883423,71055,71065,10
13.0075302124,80.236831665,71065,71075,10
13.0074300766,80.2373275757,71075,71095,20
13.0074300766,80.2373275757,71095,71105,10
13.0073795319,80.2375411987,71105,71115,10
13.0073204041,80.2378692627,71115,71125,10
13.007229805,80.2383728027,71125,71166,41
13.007229805,80.2383728027,71166,71176,10
13.0072002411,80.23853302,71176,71186,10
13.007109642,80.2389984131,71186,71206,20
13.007109642,80.2389984131,71206,71216,10
13.007060051,80.2392883301,71216,71226,10
13.0068902969,80.2402114868,71226,71519,293
13.0068902969,80.2402114868,71519,71529,10
13.0068902969,80.2405319214,71529,71541,12
13.0068502426,80.2407836914,71541,71549,8
13.0067996979,80.2409667969,71549,71559,10
13.0067396164,80.2415390015,71559,71569,10
13.0067100525,80.2423019409,71569,71579,10
13.0066900253,80.243019104,71579,71591,12
13.0066404343,80.2437210083,71591,71602,11
13.0066604614,80.2445526123,71602,71612,10
13.0066604614,80.2454986572,71612,71620,8
13.0066795349,80.2462692261,71620,71632,12
13.0067195892,80.2471389771,71632,71642,10
13.0066900253,80.2478027344,71642,71652,10
13.0067195892,80.2486190796,71652,71662,10
13.0067596436,80.2496414185,71662,71672,10
13.0067796707,80.2505493164,71672,71682,10
13.0067901611,80.2512588501,71682,71692,10
13.0066404343,80.2520370483,71692,71703,11
13.0065202713,80.2528915405,71703,71713,10
13.0065202713,80.2536315918,71713,71723,10
13.0065498352,80.2545166016,71723,71733,10
13.0065698624,80.2554092407,71733,71743,10
13.0065803528,80.2563095093,71743,71753,10
13.0066299438,80.2571029663,71753,71793,40
13.0066299438,80.2571029663,71793,71803,10
13.0066204071,80.2571792603,71803,71813,10
13.0066995621,80.2576065063,71813,71824,11
13.0069799423,80.2582092285,71824,71834,10
13.0075397491,80.2586975098,71834,71844,10
13.0082998276,80.2590026855,71844,71854,10
13.008480072,80.2590637207,71854,71864,10
13.0085697174,80.2590789795,71864,71874,10
13.0089302063,80.2591629028,71874,71884,10
13.0094900131,80.259147644,71884,71894,10
13.0102996826,80.2591629028,71894,71904,10
13.0112199783,80.259147644,71904,71914,10
13.0122699738,80.2591629028,71914,71924,10
13.0134801865,80.2592086792,71924,71935,11
13.0148200989,80.2592391968,71935,71945,10
13.0158195496,80.2594223022,71945,71955,10
13.0163497925,80.2596969604,71955,71965,10
13.0163898468,80.2597503662,71965,71975,10
13.0166797638,80.2600021362,71975,71985,10
13.0172700882,80.260383606,71985,71995,10
13.0179004669,80.2608337402,71995,72005,10
13.0184698105,80.2612228394,72005,72015,10
13.0189695358,80.2616424561,72015,72025,10
13.019370079,80.2619781494,72025,72035,10
13.0198001862,80.2624130249,72035,72046,11
13.0203104019,80.2628936768,72046,72056,10
13.0200099945,80.2630996704,72056,72066,10
13.0193395615,80.2630386353,72066,72076,10
13.0189504623,80.2631225586,72076,72086,10
13.0190296173,80.2636871338,72086,72096,10
13.0190696716,80.2639083862,72096,72106,10
13.019080162,80.2642974854,72106,72116,10
13.0189304352,80.2649307251,72116,72126,10
13.0187902451,80.2654418945,72126,72136,10
13.0186500549,80.2659988403,72136,72146,10
13.0186700821,80.2667617798,72146,72157,11
13.0190296173,80.2676010132,72157,72167,10
13.0195398331,80.2682723999,72167,72177,10
13.0201196671,80.2689590454,72177,72187,10
13.0206003189,80.2695617676,72187,72197,10
13.0209503174,80.2699813843,72197,72207,10
13.0213699341,80.2704696655,72207,72215,8
13.0214195251,80.2705307007,72215,72227,12
13.0216598511,80.2708435059,72227,72237,10
13.0220804214,80.2713699341,72237,72247,10
13.0225696564,80.2720184326,72247,72257,10
13.0231599808,80.2727966309,72257,72268,11
13.0238199234,80.2737121582,72268,72278,10
13.0242795944,80.2743225098,72278,72288,10
13.024720192,80.2747192383,72288,72298,10
13.0250701904,80.2748718262,72298,72308,10
13.0253200531,80.2749404907,72308,72318,10
13.0253696442,80.2749633789,72318,72328,10
13.0254602432,80.2750167847,72328,72338,10
13.0257997513,80.2751922607,72338,72348,10
13.0262298584,80.275390625,72348,72358,10
13.0266895294,80.2756118774,72358,72368,10
13.0272703171,80.2758789063,72368,72379,11
13.027879715,80.2761611938,72379,72389,10
13.0284204483,80.2763595581,72389,72399,10
13.0288200378,80.2765197754,72399,72409,10
13.0294504166,80.2767105103,72409,72419,10
13.0299501419,80.27684021,72419,72429,10
13.0303096771,80.2770080566,72429,72439,10
13.0306997299,80.2772064209,72439,72449,10
13.0312099457,80.2775268555,72449,72460,11
13.0318803787,80.2776184082,72460,72469,9
13.0321998596,80.2775802612,72469,72479,10
13.0326004028,80.277557373,72479,72490,11
13.0327396393,80.2775497437,72490,72500,10
13.033080101,80.2775115967,72500,72512,12
13.0331497192,80.2774887085,72512,72520,8
13.033249855,80.2774276733,72520,72532,12
13.0336704254,80.2773895264,72532,72540,8
13.0340204239,80.2774887085,72540,72550,10
13.0345201492,80.277633667,72550,72560,10
13.0351495743,80.2777481079,72560,72572,12
13.035779953,80.2778930664,72572,72580,8
13.0362997055,80.2779998779,72580,72590,10
13.0369796753,80.2782592773,72590,72602,12
13.0376501083,80.2784500122,72602,72613,11
13.038479805,80.2786483765,72613,72623,10
13.0388698578,80.2787628174,72623,72633,10
13.0389204025,80.278793335,72633,72643,10
13.0392303467,80.2789001465,72643,72653,10
13.0397996902,80.279083252,72653,72663,10
13.0405702591,80.2792816162,72663,72673,10
13.0414199829,80.2794494629,72673,72683,10
13.0422801971,80.2795715332,72683,72693,10
13.0430603027,80.2796478271,72693,72703,10
13.0437097549,80.2798309326,72703,72714,11
13.0443401337,80.2799835205,72714,72724,10
13.0449895859,80.2800674438,72724,72734,10
13.0457496643,80.2801818848,72734,72744,10
13.0465297699,80.2802886963,72744,72754,10
13.047369957,80.2803878784,72754,72764,10
13.0482196808,80.2805099487,72764,72774,10
13.0489902496,80.2806091309,72774,72784,10
13.0498504639,80.2807312012,72784,72794,10
13.0507297516,80.2808685303,72794,72804,10
13.0515098572,80.2809829712,72804,72814,10
13.0523195267,80.2810974121,72814,72825,11
13.0530996323,80.2812271118,72825,72835,10
13.0538301468,80.2813415527,72835,72845,10
13.0546398163,80.2814865112,72845,72855,10
13.0555095673,80.2816696167,72855,72865,10
13.056139946,80.2817764282,72865,72875,10
13.0563802719,80.2818222046,72875,72885,10
13.0564098358,80.2818374634,72885,72895,10
13.0567998886,80.2819213867,72895,72905,10
13.05727005,80.2820205688,72905,72915,10
13.0577697754,80.2821273804,72915,72925,10
13.0585098267,80.2823028564,72925,72935,10
13.0594301224,80.2824783325,72935,72946,11
13.0604095459,80.2826766968,72946,72956,10
13.0612602234,80.2828598022,72956,72966,10
13.0620098114,80.2830200195,72966,72976,10
13.0627403259,80.2831726074,72976,72986,10
13.0630598068,80.283241272,72986,72996,10
13.063249588,80.2832794189,72996,73006,10
13.0635499954,80.2833404541,73006,73016,10
13.0637903214,80.2834014893,73016,73026,10
13.0642499924,80.2835083008,73026,73036,10
13.0648202896,80.2836608887,73036,73045,9
13.0655298233,80.2838134766,73045,73057,12
13.0666103363,80.2840423584,73057,73067,10
13.0675096512,80.2842102051,73067,73075,8
13.0681800842,80.2843322754,73075,73088,13
13.0693798065,80.2846298218,73088,73098,10
13.0703802109,80.2848892212,73098,73108,10
13.0713396072,80.2851333618,73108,73118,10
13.0721597672,80.2853317261,73118,73128,10
13.0733604431,80.2852630615,73128,73148,20
13.0733604431,80.2852630615,73148,73158,10
13.0735902786,80.2853164673,73158,73169,11
13.0738897324,80.2856063843,73169,73179,10
13.0742797852,80.2860870361,73179,73189,10
13.0749101639,80.2865371704,73189,73199,10
13.0756797791,80.2869796753,73199,73209,10
13.0766496658,80.2872390747,73209,73219,10
13.0777101517,80.2875213623,73219,73229,10
13.0788202286,80.2878112793,73229,73239,10
13.0798597336,80.2881469727,73239,73249,10
13.0805797577,80.2882995605,73249,73259,10
13.0812101364,80.288520813,73259,73269,10
13.0819997787,80.2887802124,73269,73280,11
13.082859993,80.2891769409,73280,73290,10
13.0837602615,80.2892379761,73290,73301,11
13.084690094,80.2892074585,73301,73311,10
13.0854797363,80.2892913818,73311,73321,10
13.0863199234,80.2894821167,73321,73331,10
13.0869197845,80.2896575928,73331,73341,10
13.0874300003,80.2898330688,73341,73351,10
13.0878095627,80.2900009155,73351,73360,9
13.0884799957,80.2901916504,73360,73380,20
13.0884799957,80.2901916504,73380,73392,12
13.0886497498,80.2901382446,73392,73533,141
13.0886497498,80.2901382446,73533,73543,10
13.0886802673,80.2905197144,73543,73553,10
13.0883302689,80.2904129028,73553,73563,10
13.0877399445,80.2901077271,73563,73573,10
13.0870704651,80.2898788452,73573,73583,10
13.0865497589,80.2897186279,73583,73593,10
13.086139679,80.2896118164,73593,73603,10
13.0857095718,80.2894821167,73603,73614,11
13.0855998993,80.2893829346,73614,73624,10
13.0854196548,80.2890625,73624,73634,10
13.0851402283,80.2884674072,73634,73644,10
13.0850496292,80.2876968384,73644,73654,10
13.0851097107,80.286857605,73654,73664,10
13.0851898193,80.2859725952,73664,73674,10
13.0852804184,80.2850875854,73674,73684,10
13.085149765,80.2841796875,73684,73725,41
13.085149765,80.2841796875,73725,73735,10
13.0851898193,80.2840576172,73735,73745,10
13.0853395462,80.2838134766,73745,73755,10
13.0854501724,80.2836074829,73755,73765,10
13.0854597092,80.2835998535,73765,73775,10
13.0855503082,80.2835769653,73775,73785,10
13.085849762,80.2835693359,73785,73795,10
13.0861797333,80.2836074829,73795,73805,10
13.0864295959,80.2838363647,73805,73815,10
13.0867300034,80.283996582,73815,73825,10
13.086979866,80.2839889526,73825,73836,11
13.0873203278,80.283996582,73836,73846,10
13.0877599716,80.2839813232,73846,74108,262
13.0877599716,80.2839813232,74108,74118,10
13.0880002975,80.2840118408,74118,74128,10
13.0880804062,80.2838287354,74128,74158,30
13.0880804062,80.2838287354,74158,74168,10
13.0882797241,80.283416748,74168,74199,31
13.0882797241,80.283416748,74199,74209,10
13.0882797241,80.2829818726,74209,74219,10
13.0882797241,80.2827072144,74219,74229,10
13.0882396698,80.2824401855,74229,74239,10
13.0881900787,80.2821426392,74239,74249,10
13.0880699158,80.281791687,74249,74259,10
13.0880403519,80.2815170288,74259,74269,10
13.0881996155,80.2814788818,74269,74279,10
13.0884799957,80.2816009521,74279,74290,11
13.0884599686,80.2819137573,74290,74300,10
13.0884103775,80.2821884155,74300,74310,10
13.0883598328,80.2824172974,74310,74320,10
13.0883197784,80.282661438,74320,74330,10
13.0882701874,80.282951355,74330,74340,10
13.0882701874,80.2833175659,74340,74350,10
13.0882902145,80.2836532593,74350,74360,10
13.0882997513,80.2839508057,74360,74370,10
13.0883302689,80.2844390869,74370,74380,10
13.0883398056,80.2850494385,74380,74390,10
13.0883903503,80.2854919434,74390,74400,10
13.0884199142,80.2857284546,74400,74410,10
13.0884399414,80.2860717773,74410,74420,10
13.0884504318,80.2863769531,74420,74432,12
13.0884599686,80.2866592407,74432,74440,8
13.0884504318,80.2867736816,74440,74450,10
13.0884799957,80.2870407104,74450,74462,12
13.08852005,80.2874832153,74462,74470,8
13.0885295868,80.287651062,74470,74481,11
13.0885601044,80.2881011963,74481,74491,10
13.0886201859,80.2884979248,74491,74501,10
13.088640213,80.2886734009,74501,74511,10
13.0886497498,80.2889633179,74511,74523,12
13.0886898041,80.2893981934,74523,74533,10
13.0886802673,80.2894210815,74533,74543,10
13.0886802673,80.2897109985,74543,74553,10
13.0887098312,80.2901000977,74553,74562,9
13.0886802673,80.2903823853,74562,74573,11
13.08852005,80.2906112671,74573,74581,8
13.0882902145,80.2904434204,74581,74593,12
13.0878896713,80.2901992798,74593,74602,9
13.087389946,80.2899627686,74602,74612,10
13.086640358,80.289680481,74612,74624,12
13.0854701996,80.2893676758,74624,74634,10
13.0844497681,80.2892913818,74634,74644,10
13.0834302902,80.2893295288,74644,74654,10
13.0825901031,80.2891921997,74654,74664,10
13.0818395615,80.2889022827,74664,74674,10
13.0811500549,80.2886199951,74674,74684,10
13.0805301666,80.2884521484,74684,74694,10
13.0799798965,80.2883071899,74694,74704,10
13.0798797607,80.2882995605,74704,74714,10
13.079460144,80.2882232666,74714,74724,10
13.0788097382,80.287979126,74724,74735,11
13.0779304504,80.2876586914,74735,74745,10
13.076880455,80.2873916626,74745,74755,10
13.0758199692,80.2871170044,74755,74765,10
13.0750303268,80.2867584229,74765,74775,10
13.0743303299,80.2863311768,74775,74785,10
13.0736198425,80.2861709595,74785,74795,10
13.072930336,80.2858963013,74795,74805,10
13.0721101761,80.2854614258,74805,74815,10
13.0709495544,80.2851715088,74815,74825,10
13.0696802139,80.284866333,74825,74835,10
13.0685300827,80.2845993042,74835,74846,11
13.0672798157,80.284362793,74846,74856,10
13.0660400391,80.2840881348,74856,74866,10
13.0649795532,80.2838516235,74866,74876,10
13.0643501282,80.2836990356,74876,74886,10
13.0639801025,80.2836227417,74886,74896,10
13.0633497238,80.2834396362,74896,74906,10
13.0626401901,80.2832717896,74906,74916,10
13.062379837,80.2832183838,74916,74926,10
13.0620298386,80.2831192017,74926,74936,10
13.0616598129,80.2830200195,74936,74946,10
13.06112957,80.2828979492,74946,74957,11
13.0604496002,80.2827606201,74957,74967,10
13.0599002838,80.2826538086,74967,74977,10
13.0591201782,80.2825012207,74977,74987,10
13.0582704544,80.282333374,74987,74997,10
13.0578804016,80.2822723389,74997,75007,10
13.0575704575,80.2822036743,75007,75017,10
13.0570402145,80.282081604,75017,75027,10
13.0566196442,80.2819976807,75027,75037,10
13.0562696457,80.2819137573,75037,75047,10
13.0556602478,80.2817687988,75047,75057,10
13.0548801422,80.2816085815,75057,75068,11
13.0538101196,80.2813873291,75068,75078,10
13.0526695251,80.281211853,75078,75088,10
13.0516395569,80.2810821533,75088,75098,10
13.050620079,80.280921936,75098,75108,10
13.0495595932,80.2807617188,75108,75118,10
13.0484895706,80.2806167603,75118,75128,10
13.0473499298,80.2804489136,75128,75138,10
13.0463695526,80.2803192139,75138,75148,10
13.0454797745,80.2801895142,75148,75158,10
13.044500351,80.2800598145,75158,75168,10
13.0435695648,80.2799072266,75168,75179,11
13.0424995422,80.2796783447,75179,75189,10
13.0414400101,80.2795028687,75189,75199,10
13.040719986,80.2793731689,75199,75209,10
13.0399799347,80.2792129517,75209,75219,10
13.0392599106,80.279006958,75219,75229,10
13.0391397476,80.2789611816,75229,75239,10
13.0389795303,80.2789077759,75239,75249,10
13.038649559,80.2788085938,75249,75259,10
13.0380096436,80.2786026001,75259,75269,10
13.0372896194,80.2784194946,75269,75279,10
13.0365800858,80.2781295776,75279,75290,11
13.0357398987,80.2779006958,75290,75300,10
13.035030365,80.2777862549,75300,75310,10
13.0342302322,80.2776489258,75310,75320,10
13.0335903168,80.2774429321,75320,75330,10
13.033200264,80.2775268555,75330,75340,10
13.0326595306,80.2775878906,75340,75350,10
13.0319499969,80.277671814,75350,75360,10
13.0313301086,80.2776565552,75360,75370,10
13.031080246,80.2775115967,75370,75380,10
13.0309000015,80.2773666382,75380,75389,9
13.0305995941,80.2772216797,75389,75401,12
13.0298299789,80.2768630981,75401,75411,10
13.0292196274,80.2767105103,75411,75421,10
13.0285196304,80.2764663696,75421,75431,10
13.0278997421,80.276222229,75431,75441,10
13.027130127,80.2758712769,75441,75451,10
13.0264902115,80.2755813599,75451,75461,10
13.0261001587,80.2754211426,75461,75472,11
13.0259199142,80.2753219604,75472,75482,10
13.0255899429,80.2751922607,75482,75493,11
13.0249500275,80.2749099731,75493,75502,9
13.0243597031,80.2745666504,75502,75512,10
13.0241003036,80.2742462158,75512,75524,12
13.0237903595,80.2738418579,75524,75532,8
13.0234899521,80.2734069824,75532,75542,10
13.0230302811,80.2727737427,75542,75552,10
13.0224399567,80.2719802856,75552,75564,12
13.0217103958,80.2710418701,75564,75573,9
13.0211400986,80.2703475952,75573,75585,12
13.0204696655,80.26953125,75585,75606,21
13.019080162,80.2678604126,75606,75617,11
13.0186300278,80.2671127319,75617,75628,11
13.0185403824,80.266242981,75628,75638,10
13.0186195374,80.2656936646,75638,75648,10
13.018819809,80.2649307251,75648,75656,8
13.0189800262,80.2641983032,75656,75668,12
13.0189199448,80.2635726929,75668,75678,10
13.0188703537,80.2631988525,75678,75688,10
13.0188102722,80.2624664307,75688,75698,10
13.0186796188,80.2616500854,75698,75708,10
13.0183095932,80.2611999512,75708,75718,10
13.0179100037,80.2609481812,75718,75728,10
13.0174198151,80.2606430054,75728,75739,11
13.0167102814,80.2601623535,75739,75749,10
13.0160303116,80.2597808838,75749,75759,10
13.0159797668,80.2597732544,75759,75769,10
13.0156898499,80.2596435547,75769,75779,10
13.0151100159,80.2594604492,75779,75789,10
13.0144195557,80.2593917847,75789,75799,10
13.013589859,80.2593383789,75799,75809,10
13.0125102997,80.2592926025,75809,75819,10
13.0114002228,80.2592468262,75819,75829,10
13.0102596283,80.2592315674,75829,75839,10
13.0090703964,80.2592163086,75839,75850,11
13.0078802109,80.2590637207,75850,75860,10
13.0069704056,80.2584075928,75860,75870,10
13.0065002441,80.2574920654,75870,75880,10
13.0064296722,80.256362915,75880,75890,10
13.0064296722,80.2552108765,75890,75900,10
13.0063896179,80.2540435791,75900,75920,20
13.0063896179,80.2540435791,75920,75930,10
13.0064201355,80.2537536621,75930,75940,10
13.0064401627,80.2531814575,75940,75950,10
13.0064601898,80.252456665,75950,75961,11
13.0066099167,80.2518386841,75961,76051,90
13.0066099167,80.2518386841,76051,76061,10
13.0067596436,80.2515182495,76061,76072,11
13.0067596436,80.2509231567,76072,76082,10
13.0067396164,80.250038147,76082,76092,10
13.0066795349,80.2490005493,76092,76103,11
13.0065803528,80.248008728,76103,76112,9
13.0065603256,80.2475814819,76112,76171,59
13.0065603256,80.2475814819,76171,76183,12
13.0065603256,80.2472763062,76183,76194,11
13.0065402985,80.2467422485,76194,76203,9
13.006529808,80.2465209961,76203,76214,11
13.0065698624,80.2462997437,76214,76223,9
13.0065803528,80.2458190918,76223,76234,11
13.0065603256,80.245010376,76234,76243,9
13.0065498352,80.244392395,76243,76254,11
13.0065402985,80.2437515259,76254,76263,9
13.0065402985,80.2432785034,76263,76272,9
13.0065002441,80.2426605225,76272,76283,11
13.0064897537,80.2417068481,76283,76295,12
13.0066204071,80.2406082153,76295,76305,10
13.0068302155,80.2396469116,76305,76313,8
13.0069599152,80.238899231,76313,76325,12
13.0071496964,80.2378997803,76325,76335,10
13.0072898865,80.2371673584,76335,76345,10
13.0073404312,80.2367172241,76345,76355,10
13.0073404312,80.2366867065,76355,76365,10
13.007399559,80.2364807129,76365,76375,10
13.0074901581,80.2361602783,76375,76385,10
13.0075998306,80.2356185913,76385,76395,10
13.0077104568,80.2350769043,76395,76406,11
13.0078697205,80.2342910767,76406,76416,10
13.0080404282,80.2334213257,76416,76426,10
13.0082397461,80.2323532104,76426,76436,10
13.0084495544,80.2312393188,76436,76446,10
13.0086698532,80.2301177979,76446,76456,10
13.0088701248,80.2290878296,76456,76466,10
13.0090999603,80.2281112671,76466,76476,10
13.0094804764,80.2271881104,76476,76486,10
13.0099201202,80.226272583,76486,76496,10
13.0103702545,80.2253265381,76496,76506,10
13.0107898712,80.2244796753,76506,76517,11
13.0111198425,80.2236404419,76517,76527,10
13.0112104416,80.2231674194,76527,76537,10
13.0107498169,80.2229537964,76537,76547,10
13.0103998184,80.2227935791,76547,76557,10
13.0099897385,80.2225570679,76557,76567,10
13.0094499588,80.2222595215,76567,76577,10
13.0087900162,80.2219009399,76577,76587,10
13.0080699921,80.221496582,76587,76597,10
13.007229805,80.2210617065,76597,76607,10
13.0063695908,80.2206802368,76607,76617,10
13.0053901672,80.2204666138,76617,76628,11
13.004650116,80.2202835083,76628,76638,10
13.0043401718,80.2202224731,76638,76648,10
13.0037097931,80.2200927734,76648,76658,10
13.0029201508,80.2198562622,76658,76668,10
13.0021600723,80.2192993164,76668,76678,10
13.0016002655,80.2186813354,76678,76688,10
13.0009002686,80.2181625366,76688,76695,7
13.0003995895,80.2178497314,76695,76708,13
12.9993600845,80.2172317505,76708,76718,10
12.998459816,80.2167816162,76718,76728,10
12.9974098206,80.2165527344,76728,76749,21
12.9974098206,80.2165527344,76749,76759,10
12.9971904755,80.2165603638,76759,76769,10
12.9968700409,80.2165603638,76769,76779,10
12.9962997437,80.2166290283,76779,76789,10
12.9957103729,80.2167510986,76789,76819,30
12.9957103729,80.2167510986,76819,76829,10
12.9954004288,80.2168579102,76829,76839,10
12.9952096939,80.2169494629,76839,76850,11
12.9949798584,80.2171020508,76850,76860,10
12.9947795868,80.2172393799,76860,76870,10
12.9944095612,80.2174987793,76870,76880,10
12.9939804077,80.2178192139,76880,76890,10
12.9934797287,80.218170166,76890,76900,10
12.9928998947,80.2186279297,76900,76910,10
12.9922199249,80.2191085815,76910,76920,10
12.9915599823,80.2195510864,76920,76930,10
12.9906797409,80.2202377319,76930,76948,18
12.9906797409,80.2202377319,76948,76961,13
12.9905195236,80.2203598022,76961,76971,10
12.9900999069,80.2206497192,76971,76981,10
12.9896097183,80.2212219238,76981,76991,10
12.9890804291,80.2218704224,76991,77001,10
12.9884996414,80.2225418091,77001,77011,10
12.9879302979,80.2229766846,77011,77021,10
12.9876499176,80.2230987549,77021,77031,10
12.9872903824,80.2230987549,77031,77041,10
12.9870100021,80.2230911255,77041,77102,61
12.9870100021,80.2230911255,77102,77112,10
12.986410141,80.2229995728,77112,77122,10
12.9859695435,80.2230072021,77122,77132,10
12.9855699539,80.2231674194,77132,77142,10
12.9853096008,80.2233200073,77142,77152,10
12.9848403931,80.22315979,77152,77162,10
12.9842700958,80.2228164673,77162,77173,11
12.9835395813,80.2224121094,77173,77194,21
12.9835395813,80.2224121094,77194,77202,8
12.9833297729,80.2222518921,77202,77212,10
12.9832696915,80.2222213745,77212,77222,10
12.9830503464,80.2220687866,77222,77234,12
12.9829902649,80.222038269,77234,77244,10
12.9827203751,80.2219085693,77244,77254,10
12.9825696945,80.2218933105,77254,77264,10
12.9822702408,80.2218017578,77264,77272,8
12.9819297791,80.2216262817,77272,77283,11
12.9812202454,80.2211608887,77283,77294,11
12.9805603027,80.2210693359,77294,77305,11
12.9798002243,80.2211303711,77305,77315,10
12.9790000916,80.2211837769,77315,77325,10
12.9785499573,80.2212219238,77325,77333,8
12.9780197144,80.2212295532,77333,77343,10
12.9772500992,80.2212600708,77343,77353,10
12.9764795303,80.2212600708,77353,77363,10
12.9761400223,80.2213134766,77363,77373,10
12.9761400223,80.221321106,77373,77383,10
12.976099968,80.221496582,77383,77393,10
12.9762601852,80.2217636108,77393,77403,10
12.9770298004,80.2228164673,77403,79137,1734
12.9774799347,80.2226867676,79137,79167,30
12.9774799347,80.2226867676,79167,79186,19
12.9775400162,80.2221603394,79186,79197,11
12.9774799347,80.2215805054,79197,79208,11
12.9774599075,80.2213363647,79208,79218,10
12.9775295258,80.2212524414,79218,79228,10
12.977930069,80.2212600708,79228,79238,10
12.9785699844,80.2211990356,79238,79248,10
12.979180336,80.2211532593,79248,79258,10
12.9799203873,80.2210998535,79258,79268,10
12.9806203842,80.2210617065,79268,79278,10
12.981180191,80.2211380005,79278,79288,10
12.9816904068,80.2214431763,79288,79298,10
12.9821596146,80.2217712402,79298,79307,9
12.9825401306,80.2218780518,79307,79319,12
12.9828996658,80.2220077515,79319,79329,10
12.983039856,80.222076416,79329,79339,10
12.9831600189,80.2221603394,79339,79349,10
12.983420372,80.222366333,79349,79359,10
12.9838399887,80.222618103,79359,79369,10
12.9843997955,80.2229232788,79369,79379,10
12.9849996567,80.2232513428,79379,79389,10
12.9854803085,80.2232513428,79389,79399,10
12.9859199524,80.2230072021,79399,79409,10
12.9863300323,80.2229766846,79409,79419,10
12.9864597321,80.2229995728,79419,79430,11
12.9867601395,80.2230300903,79430,79440,10
12.9870700836,80.2230834961,79440,79450,10
12.9875602722,80.2231292725,79450,79460,10
12.9881401062,80.2228775024,79460,79470,10
12.9885797501,80.2224731445,79470,79480,10
12.9890098572,80.2219619751,79480,79490,10
12.9893903732,80.2214584351,79490,79500,10
12.9897699356,80.2209625244,79500,79510,10
12.9903202057,80.2204666138,79510,79520,10
12.9904298782,80.2203903198,79520,79530,10
12.9907398224,80.220161438,79530,79540,10
12.9911804199,80.2198104858,79540,79551,11
12.991689682,80.2194213867,79551,79561,10
12.9922704697,80.21900177,79561,79571,10
12.992770195,80.2186584473,79571,79581,10
12.9933795929,80.2182006836,79581,79591,10
12.994020462,80.2177276611,79591,79601,10
12.9945602417,80.217338562,79601,79611,10
12.9950504303,80.2169876099,79611,79621,10
12.9956703186,80.2166900635,79621,79631,10
12.9962902069,80.2165679932,79631,79641,10
12.9965400696,80.2165298462,79641,79650,9
12.9967803955,80.2165222168,79650,79662,12
12.9972696304,80.216468811,79662,79672,10
12.9975299835,80.2164764404,79672,79682,10
12.9977302551,80.2165222168,79682,79692,10
12.9981298447,80.2165985107,79692,79702,10
12.9987001419,80.2168197632,79702,79712,10
12.9993696213,80.2171707153,79712,79722,10
12.9999799728,80.2175521851,79722,79732,10
13.0006103516,80.2179489136,79732,79742,10
13.001250267,80.2183685303,79742,79752,10
13.0018596649,80.2188796997,79752,79762,10
13.0024499893,80.2194976807,79762,79773,11
13.0031995773,80.219909668,79773,79783,10
13.0038299561,80.2200622559,79783,79793,10
13.0045604706,80.2202301025,79793,79803,10
13.0054302216,80.2204208374,79803,79813,10
13.0064001083,80.2206268311,79813,79823,10
13.007349968,80.2210617065,79823,79833,10
13.0082902908,80.2215499878,79833,79843,10
13.00922966,80.2220535278,79843,79853,10
13.0101299286,80.2225265503,79853,79863,10
13.0109500885,80.2229537964,79863,79873,10
13.0113401413,80.2231216431,79873,79883,10
13.0113697052,80.2231292725,79883,79895,12
13.0114498138,80.22315979,79895,79905,10
13.0115604401,80.2232971191,79905,79913,8
13.0117998123,80.223487854,79913,79923,10
13.0123596191,80.223777771,79923,79933,10
13.0130701065,80.2241516113,79933,79945,12
13.0139904022,80.224609375,79945,79955,10
13.0146799088,80.2249832153,79955,79965,10
13.0152196884,80.2253036499,79965,79975,10
13.0153903961,80.2254104614,79975,79983,8
13.0153903961,80.225692749,79983,79994,11
13.014749527,80.22605896,79994,80005,11
13.0137901306,80.2264785767,80005,80014,9
13.0127897263,80.226890564,80014,80025,11
13.0114297867,80.2274398804,80025,80034,9
13.0102796555,80.2279205322,80034,80044,10
13.0092496872,80.2284622192,80044,80056,12
13.008939743,80.2297134399,80056,80065,9
13.0087404251,80.2308578491,80065,80075,10
13.0084896088,80.2321777344,80075,80085,10
13.0082902908,80.2332763672,80085,80095,10
13.0082302094,80.2337036133,80095,80105,10
13.0081300735,80.2339935303,80105,80117,12
13.0079603195,80.2347183228,80117,80127,10
13.0077800751,80.2356796265,80127,80137,10
13.0075597763,80.2367706299,80137,80147,10
13.007349968,80.2377700806,80147,80157,10
13.0071496964,80.2386627197,80157,80167,10
13.0069799423,80.2395477295,80167,80177,10
13.0068302155,80.2403793335,80177,80187,10
13.0066900253,80.2411270142,80187,80197,10
13.006649971,80.2419967651,80197,80207,10
13.0066604614,80.2427597046,80207,80218,11
13.0066995621,80.2435531616,80218,80228,10
13.0067100525,80.244392395,80228,80238,10
13.0067300797,80.2452316284,80238,80248,10
13.0067796707,80.2459716797,80248,80258,10
13.0067996979,80.2465896606,80258,80268,10
13.0067796707,80.2472763062,80268,80278,10
13.0067396164,80.248008728,80278,80288,10
13.0067796707,80.2488174438,80288,80298,10
13.006819725,80.249710083,80298,80308,10
13.0068597794,80.2501831055,80308,80317,9
13.0068397522,80.250328064,80317,80329,12
13.0068397522,80.2509613037,80329,80339,10
13.006770134,80.2516403198,80339,80349,10
13.0066204071,80.2523574829,80349,80359,10
13.0065803528,80.2531890869,80359,80369,10
13.0065803528,80.2541427612,80369,80379,10
13.0066099167,80.2551498413,80379,80389,10
13.0066204071,80.2562637329,80389,80399,10
13.0066699982,80.2572631836,80399,80419,20
13.0066699982,80.2572631836,80419,80429,10
13.0066995621,80.2572784424,80429,80440,11
13.0068397522,80.2577819824,80440,80450,10
13.0072603226,80.2584381104,80450,80460,10
13.0080900192,80.2588424683,80460,80470,10
13.0088996887,80.2591018677,80470,80480,10
13.0097999573,80.2591094971,80480,80490,10
13.0108203888,80.2591323853,80490,80500,10
13.0120201111,80.259147644,80500,80510,10
13.0133399963,80.2591934204,80510,80520,10
13.0146303177,80.2592391968,80520,80530,10
13.0158500671,80.259437561,80530,80540,10
13.0168600082,80.2600402832,80540,80551,11
13.0179195404,80.2607727051,80551,80561,10
13.0187997818,80.261390686,80561,80571,10
13.0195102692,80.2620391846,80571,80581,10
13.02023983,80.2627716064,80581,80591,10
13.0201501846,80.2630691528,80591,80601,10
13.0194597244,80.2629928589,80601,80611,10
13.0190200806,80.2630996704,80611,80621,10
13.019080162,80.2637023926,80621,80631,10
13.019080162,80.2645568848,80631,80641,10
13.0188703537,80.2652816772,80641,80653,12
13.0187196732,80.2658081055,80653,80664,11
13.0187397003,80.2666931152,80664,80674,10
13.0190896988,80.2675704956,80674,80684,10
13.0197401047,80.2683563232,80684,80694,10
13.020409584,80.269203186,80694,80704,10
13.0211000443,80.2700424194,80704,80714,10
13.0218095779,80.2708969116,80714,80724,10
13.0225095749,80.2717971802,80724,80732,8
13.0230703354,80.2725372314,80732,80745,13
13.0239295959,80.2736968994,80745,80755,10
13.0244998932,80.2744598389,80755,80765,10
13.0251398087,80.2748336792,80765,80774,9
13.0254001617,80.2749481201,80774,80786,12
13.025850296,80.2751312256,80786,80796,10
13.0263395309,80.2753601074,80796,80804,8
13.0267496109,80.2755584717,80804,80816,12
13.0274801254,80.2759094238,80816,80824,8
13.0279903412,80.2761535645,80824,80835,11
13.0287303925,80.2763900757,80835,80845,10
13.0294103622,80.2766113281,80845,80855,10
13.0300798416,80.2768325806,80855,80865,10
13.0307502747,80.2771682739,80865,80876,11
13.0314502716,80.2775878906,80876,80887,11
13.0320901871,80.2776184082,80887,80895,8
13.0325403214,80.2775421143,80895,80905,10
13.0330400467,80.2774887085,80905,80917,12
13.033539772,80.27734375,80917,80925,8
13.0339202881,80.2774276733,80925,80935,10
13.0345802307,80.2776107788,80935,80945,10
13.0353298187,80.2777175903,80945,80957,12
13.0362100601,80.2779006958,80957,80967,10
13.0369100571,80.2781524658,80967,80977,10
13.0376396179,80.2783966064,80977,80987,10
13.0385103226,80.2786178589,80987,81000,13
13.0391902924,80.2788162231,81000,81010,10
13.0397195816,80.2789764404,81010,81020,10
13.0404901505,80.2791900635,81020,81030,10
13.041469574,80.2793807983,81030,81040,10
13.0424604416,80.279510498,81040,81050,10
13.043419838,80.2796478271,81050,81059,9
13.0441598892,80.2798614502,81059,81070,11
13.0450801849,80.2799987793,81070,81080,10
13.0459899902,80.280128479,81080,81090,10
13.0468597412,80.2802505493,81090,81100,10
13.0478496552,80.2804031372,81100,81111,11
13.0489597321,80.2805480957,81111,81121,10
13.0497503281,80.280670166,81121,81129,8
13.0504398346,80.2807693481,81129,81141,12
13.0513296127,80.280921936,81141,81151,10
13.0522699356,80.2810516357,81151,81161,10
13.0532503128,80.2811965942,81161,81171,10
13.0543498993,80.2813796997,81171,81181,10
13.0553503036,80.2815704346,81181,81191,10
13.0561599731,80.28175354,81191,81201,10
13.0564603806,80.2817993164,81201,81211,10
13.0567903519,80.281867981,81211,81222,11
13.0572395325,80.2819595337,81222,81232,10
13.0578203201,80.2820892334,81232,81242,10
13.0586299896,80.2822570801,81242,81252,10
13.059630394,80.2824630737,81252,81262,10
13.0603399277,80.282623291,81262,81272,10
13.0609397888,80.2827529907,81272,81282,10
13.0627403259,80.2831420898,81282,81292,10
13.0627403259,80.2831420898,81292,81302,10
13.0637102127,80.2833786011,81302,81311,9
13.0716600418,80.2851715088,81311,81375,64
13.0716600418,80.2851715088,81375,81394,19
13.0735301971,80.2853469849,81394,81405,11
13.0739498138,80.2854385376,81405,81416,11
13.0745601654,80.2852630615,81416,81425,9
13.0751695633,80.2847213745,81425,81435,10
13.0759096146,80.2839431763,81435,81447,12
13.0769701004,80.2830734253,81447,81457,10
13.078040123,80.2825469971,81457,81467,10
13.0788297653,80.2821273804,81467,81477,10
13.0793600082,80.2816925049,81477,81487,10
13.0798997879,80.2811889648,81487,81497,10
13.0804595947,80.28074646,81497,81507,10
13.081199646,80.2807769775,81507,81517,10
13.0818500519,80.2812805176,81517,81527,10
13.0821695328,80.2816009521,81527,81547,20
13.0821695328,80.2816009521,81547,81558,11
13.082400322,80.2817382813,81558,81568,10
13.0828504562,80.2820510864,81568,81578,10
13.0834798813,80.2824401855,81578,81588,10
13.0841703415,80.2828674316,81588,81598,10
13.0847597122,80.2833328247,81598,81608,10
13.0851697922,80.2838134766,81608,81618,10
13.0854597092,80.2834014893,81618,81669,51
13.0854597092,80.2834014893,81669,81679,10
13.0854797363,80.2830734253,81679,81689,10
13.085559845,80.2825088501,81689,81699,10
13.0856199265,80.2819671631,81699,81709,10
13.0856599808,80.28150177,81709,81719,10
13.0857400894,80.2810592651,81719,81729,10
13.0857601166,80.2807388306,81729,81739,10
13.0856199265,80.2802505493,81739,81749,10
13.0853796005,80.2795715332,81749,81759,10
13.0846204758,80.279296875,81759,81769,10
13.0839300156,80.2791900635,81769,81780,11
13.0831403732,80.2789001465,81780,81790,10
13.0824699402,80.2786331177,81790,81800,10
13.0819797516,80.2783203125,81800,81808,8
13.0818996429,80.2777633667,81808,81820,12
13.0817804337,80.2766799927,81820,81830,10
13.0816497803,80.2758865356,81830,81840,10
13.0815000534,80.2753219604,81840,81848,8
13.0812597275,80.275177002,81848,81860,12
13.0807504654,80.2752685547,81860,81870,10
13.0801696777,80.2753372192,81870,81879,9
13.0795698166,80.2753601074,81879,81891,12
13.0786600113,80.2752380371,81891,81901,10
13.0781803131,80.2759628296,81901,81911,10
13.077460289,80.2762832642,81911,81921,10
13.0766201019,80.2763366699,81921,81931,10
13.0760097504,80.2763519287,81931,81941,10
13.0758800507,80.2761230469,81941,81951,10
13.0759296417,80.2757720947,81951,81961,10
13.0759897232,80.2754211426,81961,81971,10
13.0761604309,80.2752914429,81971,82174,203
13.0762300491,80.2752990723,82174,82843,669
13.0762300491,80.2752990723,82843,82872,29
13.0758695602,80.2750167847,82872,82883,11
13.0760698318,80.2746963501,82883,83009,126
13.0759401321,80.2746200562,83009,83062,53
