13.014169693,80.2256317139,15,1353,1338
13.0141096115,80.2255477905,1353,1687,334
13.0142002106,80.2255630493,1687,2812,1125
13.0142002106,80.2255630493,2812,2822,10
13.0139799118,80.2255477905,2822,2944,122
13.0141401291,80.2255783081,2944,5032,2088
13.0141401291,80.2255783081,5032,5042,10
13.0141401291,80.225479126,5042,5103,61
13.0140895844,80.2256774902,5103,5204,101
13.0140800476,80.2254562378,5204,6970,1766
13.0142402649,80.2254562378,6970,7213,243
13.0141801834,80.2257232666,7213,8034,821
13.0142498016,80.2254180908,8034,8308,274
13.0141296387,80.2254714966,8308,8703,395
13.0141601563,80.2256011963,8703,8958,255
13.0141601563,80.2256011963,8958,8968,10
13.0141000748,80.2256317139,8968,9465,497
13.0141000748,80.2256317139,9465,9475,10
13.0141496658,80.2253875732,9475,9881,406
13.0141496658,80.2256011963,9881,15477,5596
13.0142097473,80.225479126,15477,15741,264
13.0142202377,80.2254486084,15741,17839,2098
13.0140895844,80.2256164551,17839,18204,365
13.0142202377,80.2256011963,18204,18477,273
13.0142202377,80.2256011963,18477,18487,10
13.014169693,80.2254486084,18487,18710,223
13.014169693,80.2254486084,18710,18720,10
13.0141201019,80.2255783081,18720,19450,730
13.0141000748,80.2255020142,19450,19622,172
13.0142402649,80.2254867554,19622,20818,1196
13.0140895844,80.2255401611,20818,22663,1845
13.0142097473,80.2256011963,22663,23606,943
13.0142097473,80.2256011963,23606,23616,10
13.0142297745,80.2254867554,23616,23626,10
13.0144100189,80.2255172729,23626,23636,10
13.0143003464,80.2258682251,23636,23646,10
13.0142202377,80.2261734009,23646,23656,10
13.0138196945,80.2264022827,23656,23666,10
13.0130701065,80.2266998291,23666,23676,10
13.0122900009,80.2270202637,23676,23687,11
13.0113601685,80.2274017334,23687,23697,10
13.0104598999,80.2277374268,23697,23707,10
13.0097198486,80.2279205322,23707,23717,10
13.0096197128,80.2274169922,23717,23727,10
13.0099697113,80.2266616821,23727,23737,10
13.0103502274,80.2257919312,23737,23747,10
13.0107297897,80.224899292,23747,23758,11
13.0111103058,80.2238998413,23758,23768,10
13.0112895966,80.2233276367,23768,23778,10
13.0116996765,80.2233810425,23778,23788,10
13.012260437,80.2236862183,23788,23798,10
13.0129995346,80.224067688,23798,23808,10
13.0137500763,80.2244262695,23808,23818,10
13.0145101547,80.2248535156,23818,23828,10
13.0150995255,80.225189209,23828,23849,21
13.0150995255,80.225189209,23849,23859,10
13.0153999329,80.2253036499,23859,23869,10
13.0158395767,80.2252731323,23869,23879,10
13.0164604187,80.2252731323,23879,23889,10
13.0172100067,80.2249984741,23889,23899,10
13.0179901123,80.2246932983,23899,23910,11
13.0188798904,80.224357605,23910,23920,10
13.0196504593,80.2244567871,23920,23930,10
13.0201997757,80.2248535156,23930,23940,10
13.0208396912,80.2253036499,23940,23950,10
13.0214796066,80.2258224487,23950,23960,10
13.0221595764,80.2263336182,23960,23970,10
13.0228796005,80.2269363403,23970,23980,10
13.0236101151,80.2275695801,23980,23991,11
13.0243902206,80.2284011841,23991,24011,20
13.0243902206,80.2284011841,24011,24021,10
13.0242996216,80.2285308838,24021,24031,10
13.0240297318,80.2283172607,24031,24041,10
13.0236701965,80.227897644,24041,24051,10
13.0233802795,80.2276000977,24051,24062,11
13.023150444,80.2273406982,24062,24143,81
13.023150444,80.2273406982,24143,24153,10
13.0227499008,80.2269973755,24153,24254,101
13.0227499008,80.2269973755,24254,24264,10
13.0225095749,80.2268218994,24264,24274,10
13.0220603943,80.2264022827,24274,24284,10
13.0215101242,80.2259674072,24284,24295,11
13.020939827,80.2255096436,24295,24305,10
13.0199298859,80.2248001099,24305,24335,30
13.0199298859,80.2248001099,24335,24345,10
13.0198802948,80.2247619629,24345,24355,10
13.0193996429,80.2245101929,24355,24366,11
13.0184402466,80.224647522,24366,24376,10
13.0173902512,80.2250671387,24376,24386,10
13.0162601471,80.2255172729,24386,24396,10
13.0152196884,80.2259216309,24396,24406,10
13.0144500732,80.2262420654,24406,24416,10
13.0144395828,80.2262496948,24416,24426,10
13.0142498016,80.2263031006,24426,24436,10
13.0136499405,80.2265167236,24436,24447,11
13.0126895905,80.2268981934,24447,24457,10
13.011639595,80.2273635864,24457,24467,10
13.0105304718,80.2278137207,24467,24477,10
13.0094995499,80.2282333374,24477,24487,10
13.0090799332,80.2291793823,24487,24497,10
13.0088596344,80.2303924561,24497,24507,10
13.0086202621,80.2315673828,24507,24518,11
13.0083999634,80.2327880859,24518,24528,10
13.0082397461,80.2336120605,24528,24538,10
13.0081596375,80.2338790894,24538,24548,10
13.0080299377,80.2344589233,24548,24558,10
13.0078601837,80.2353515625,24558,24568,10
13.0076599121,80.2364196777,24568,24578,10
13.0074501038,80.2374572754,24578,24589,11
13.0072803497,80.2384185791,24589,24599,10
13.0071201324,80.2391967773,24599,24609,10
13.0069303513,80.2401123047,24609,24680,71
13.0069303513,80.2401123047,24680,24690,10
13.0069799423,80.2402572632,24690,24700,10
13.0068998337,80.2408218384,24700,24710,10
13.0067996979,80.2417221069,24710,24720,10
13.0067501068,80.242767334,24720,24730,10
13.0067195892,80.243812561,24730,24741,11
13.0067100525,80.2449874878,24741,24751,10
13.0067300797,80.2460021973,24751,24761,10
13.0067300797,80.2470474243,24761,24771,10
13.0063199997,80.247428894,24771,24781,10
13.0062303543,80.2474365234,24781,24791,10
13.0059404373,80.2474517822,24791,24801,10
13.0053195953,80.247428894,24801,24811,10
13.0044498444,80.2474899292,24811,24822,11
13.0031995773,80.2476196289,24822,24832,10
13.0020399094,80.2478790283,24832,24842,10
13.0008897781,80.2481918335,24842,24852,10
12.9996500015,80.2484817505,24852,24862,10
12.9983901978,80.2488021851,24862,24872,10
12.997130394,80.2490997314,24872,24882,10
12.9958496094,80.2494506836,24882,24893,11
12.9945001602,80.249786377,24893,24903,10
12.9932203293,80.2500991821,24903,24913,10
12.9919099808,80.2504272461,24913,24923,10
12.9911603928,80.2506484985,24923,24933,10
12.9910497665,80.2506484985,24933,24943,10
12.9904603958,80.250793457,24943,24953,10
12.9895601273,80.2510375977,24953,24963,10
12.9886198044,80.2512664795,24963,24974,11
12.987950325,80.2514724731,24974,24984,10
12.9873504639,80.2516174316,24984,24994,10
12.9866504669,80.2518005371,24994,25004,10
12.9857902527,80.2520217896,25004,25014,10
12.9847097397,80.2522964478,25014,25024,10
12.9835195541,80.2525863647,25024,25034,10
12.9822797775,80.2526931763,25034,25045,11
12.981010437,80.2527236938,25045,25055,10
12.9802398682,80.2527770996,25055,25065,10
12.9795398712,80.252746582,25065,25075,10
12.9788703918,80.2526702881,25075,25085,10
12.9786996841,80.2526168823,25085,25095,10
12.9783096313,80.2523880005,25095,25105,10
12.9776802063,80.2518386841,25105,25115,10
12.9768104553,80.2513580322,25115,25126,11
12.9756402969,80.2510070801,25126,25136,10
12.974439621,80.2506713867,25136,25146,10
12.97315979,80.2503204346,25146,25156,10
12.9718799591,80.2499694824,25156,25166,10
12.9705600739,80.2496109009,25166,25176,10
12.9693098068,80.2491226196,25176,25186,10
12.9680995941,80.2486495972,25186,25197,11
12.9667701721,80.2480773926,25197,25207,10
12.965880394,80.2476577759,25207,25217,10
12.9648895264,80.2473220825,25217,25227,10
12.9639396667,80.2469482422,25227,25237,10
12.9631204605,80.2465667725,25237,25247,10
12.9619703293,80.2460098267,25247,25257,10
12.9605998993,80.2453536987,25257,25267,10
12.9596004486,80.2449035645,25267,25278,11
12.9586896896,80.2445220947,25278,25288,10
12.957909584,80.2442016602,25288,25298,10
12.9573497772,80.2439804077,25298,25308,10
12.956580162,80.243812561,25308,25318,10
12.9563598633,80.2437362671,25318,25328,10
12.9559698105,80.2435531616,25328,25338,10
12.9552602768,80.2431488037,25338,25349,11
12.9545097351,80.2427597046,25349,25359,10
12.9537200928,80.24243927,25359,25369,10
12.9527597427,80.2420425415,25369,25379,10
12.9519195557,80.2417373657,25379,25389,10
12.9518098831,80.2416992188,25389,25399,10
12.951259613,80.2415390015,25399,25409,10
12.9504203796,80.2412872314,25409,25419,10
12.9494199753,80.2409591675,25419,25430,11
12.9483804703,80.2405319214,25430,25440,10
12.9474496841,80.2401580811,25440,25450,10
12.9468097687,80.2398910522,25450,25460,10
12.9460000992,80.2395324707,25460,25470,10
12.9450597763,80.2389831543,25470,25480,10
12.9442195892,80.2381134033,25480,25490,10
12.9433403015,80.2372589111,25490,25501,11
12.9422197342,80.2365264893,25501,25511,10
12.9409599304,80.2361907959,25511,25521,10
12.9398603439,80.2358627319,25521,25531,10
12.9397296906,80.2358016968,25531,25541,10
12.9393997192,80.2356262207,25541,25551,10
12.9385204315,80.2351837158,25551,25561,10
12.9375801086,80.2347106934,25561,25571,10
12.9366397858,80.2342529297,25571,25582,11
12.935790062,80.2338409424,25582,25592,10
12.9353399277,80.2336578369,25592,25602,10
12.9345903397,80.233291626,25602,25612,10
12.9338903427,80.233001709,25612,25622,10
12.9332704544,80.232711792,25622,25632,10
12.932390213,80.2323684692,25632,25642,10
12.9313802719,80.2320327759,25642,25653,11
12.9301204681,80.2316665649,25653,25663,10
12.9289102554,80.2314224243,25663,25673,10
12.9277601242,80.2312164307,25673,25683,10
12.9265203476,80.2310562134,25683,25693,10
12.9252700806,80.2309036255,25693,25703,10
12.9239902496,80.2307815552,25703,25713,10
12.9226903915,80.2305908203,25713,25723,10
12.9213695526,80.2303924561,25723,25734,11
12.9198598862,80.230178833,25734,25744,10
12.9185199738,80.2300033569,25744,25754,10
12.9172096252,80.2298431396,25754,25764,10
12.9159297943,80.2296829224,25764,25774,10
12.9147396088,80.2295303345,25774,25784,10
12.9133701324,80.229347229,25784,25805,21
12.9133701324,80.229347229,25805,25815,10
12.913189888,80.229347229,25815,25825,10
12.9128398895,80.2292633057,25825,25835,10
12.9120998383,80.2291488647,25835,25845,10
12.9111204147,80.2290115356,25845,25855,10
12.9099798203,80.2288284302,25855,25865,10
12.9088201523,80.2286300659,25865,25875,10
12.9076499939,80.2284469604,25875,25886,11
12.9066801071,80.2283401489,25886,25896,10
12.906370163,80.2283096313,25896,25906,10
12.9057197571,80.2282562256,25906,25916,10
12.904800415,80.2282028198,25916,25926,10
12.9040002823,80.2281570435,25926,25936,10
12.9027700424,80.2281036377,25936,25946,10
12.9018802643,80.2280502319,25946,25957,11
12.9012699127,80.2280197144,25957,25967,10
12.9008598328,80.2279815674,25967,25977,10
12.9003400803,80.2280197144,25977,25987,10
12.8997402191,80.2279968262,25987,25997,10
12.8997097015,80.2279891968,25997,26007,10
12.8994903564,80.2280197144,26007,26017,10
12.8989896774,80.2279510498,26017,26027,10
12.8982400894,80.2278671265,26027,26038,11
12.8972902298,80.2277984619,26038,26048,10
12.8963298798,80.2277526855,26048,26058,10
12.8953304291,80.227722168,26058,26068,10
12.8942899704,80.2276382446,26068,26078,10
12.8932104111,80.2275085449,26078,26088,10
12.8924798965,80.2274169922,26088,26098,10
12.8921098709,80.2274169922,26098,26109,11
12.8912601471,80.2273864746,26109,26119,10
12.8903102875,80.2274017334,26119,26129,10
12.889289856,80.2274093628,26129,26139,10
12.8882398605,80.2273712158,26139,26149,10
12.887169838,80.2272415161,26149,26159,10
12.8860902786,80.2269897461,26159,26169,10
12.8849802017,80.2267837524,26169,26179,10
12.8837795258,80.2267532349,26179,26190,11
12.8827104568,80.2267608643,26190,26200,10
12.8816204071,80.2267837524,26200,26210,10
12.8805198669,80.2267913818,26210,26220,10
12.8794603348,80.2267990112,26220,26230,10
12.8783998489,80.2268676758,26230,26240,10
12.8774404526,80.2269363403,26240,26250,10
12.8769397736,80.2269668579,26250,26261,11
12.8766202927,80.2270278931,26261,26271,10
12.8764600754,80.2270584106,26271,26281,10
12.8760099411,80.2270431519,26281,26291,10
12.8752403259,80.2269821167,26291,26301,10
12.874329567,80.2268676758,26301,26311,10
12.8733196259,80.2267837524,26311,26321,10
12.8722801208,80.2267608643,26321,26331,10
12.8712100983,80.2267074585,26331,26342,11
12.8699998856,80.2266235352,26342,26352,10
12.8689203262,80.2264862061,26352,26362,10
12.8678598404,80.2264709473,26362,26372,10
12.8668603897,80.2265701294,26372,26382,10
12.8659496307,80.2266464233,26382,26392,10
12.8648900986,80.2266311646,26392,26402,10
12.8638296127,80.226600647,26402,26413,11
12.8626499176,80.2265777588,26413,26423,10
12.8616199493,80.2266387939,26423,26433,10
12.8607301712,80.2266082764,26433,26443,10
12.8597803116,80.2265014648,26443,26453,10
12.8590402603,80.2263870239,26453,26463,10
12.8583698273,80.2263412476,26463,26473,10
12.8575201035,80.2263565063,26473,26484,11
12.8565101624,80.2264480591,26484,26494,10
12.8555898666,80.2265396118,26494,26504,10
12.8546199799,80.2266311646,26504,26514,10
12.8535995483,80.2267303467,26514,26524,10
12.8525400162,80.2267608643,26524,26534,10
12.8514795303,80.2267227173,26534,26544,10
12.8505001068,80.2266769409,26544,26554,10
12.850060463,80.2266464233,26554,26565,11
12.8498001099,80.2266311646,26565,26575,10
12.8491802216,80.2266387939,26575,26585,10
12.8483896255,80.2266311646,26585,26595,10
12.8474998474,80.2266387939,26595,26605,10
12.8465795517,80.2266693115,26605,26615,10
12.8457603455,80.2266616821,26615,26625,10
12.845459938,80.2266693115,26625,26636,11
12.8450403214,80.2266693115,26636,26646,10
12.8443002701,80.2267303467,26646,26656,10
12.8433704376,80.226852417,26656,26666,10
12.8422498703,80.2270812988,26666,26676,10
12.8410997391,80.2273635864,26676,26686,10
12.8402204514,80.2276306152,26686,26696,10
12.8398103714,80.227722168,26696,26706,10
12.8397598267,80.2277297974,26706,26717,11
12.8395500183,80.2277908325,26717,26727,10
12.8389902115,80.2279281616,26727,26737,10
12.8381795883,80.2281188965,26737,26747,10
12.8371696472,80.2283172607,26747,26757,10
12.8361196518,80.2284927368,26757,26767,10
12.835100174,80.2286529541,26767,26777,10
12.8340597153,80.2288284302,26777,26788,11
12.8329200745,80.229019165,26788,26798,10
12.8319997787,80.2291870117,26798,26808,10
12.8316001892,80.2289962769,26808,26818,10
12.831580162,80.2288970947,26818,26828,10
12.8315200806,80.2285690308,26828,26838,10
12.8313903809,80.2278900146,26838,26848,10
12.8312101364,80.2270126343,26848,26858,10
12.8310699463,80.2259902954,26858,26869,11
12.8310604095,80.224899292,26869,26879,10
12.8310604095,80.2245635986,26879,26889,10
12.8310804367,80.2230529785,26889,26899,10
12.8310804367,80.2230529785,26899,26909,10
12.8310899734,80.2222595215,26909,26919,10
12.8310899734,80.2219085693,26919,26929,10
12.8311004639,80.2211990356,26929,26940,11
12.8311100006,80.2201766968,26940,26950,10
12.8310804367,80.2196807861,26950,26961,11
12.8306303024,80.2195205688,26961,26971,10
12.8297395706,80.2195205688,26971,26981,10
12.8287801743,80.2195205688,26981,26991,10
12.8278598785,80.2195281982,26991,27001,10
12.8276901245,80.219543457,27001,27011,10
12.8275499344,80.2195205688,27011,27022,11
12.8269195557,80.2194976807,27022,27032,10
12.826210022,80.2194976807,27032,27042,10
12.8257799149,80.2194671631,27042,27052,10
12.8250102997,80.2194900513,27052,27062,10
12.8240604401,80.2194900513,27062,27072,10
12.8231096268,80.2194976807,27072,27082,10
12.8228998184,80.2195205688,27082,27093,11
12.8226604462,80.2191619873,27093,27103,10
12.8226604462,80.2188110352,27103,27113,10
12.8226699829,80.2181091309,27113,27123,10
12.8226804733,80.2171325684,27123,27133,10
12.8226995468,80.2161483765,27133,27143,10
12.8229904175,80.2159500122,27143,27153,10
12.8234996796,80.2159729004,27153,27163,10
12.824259758,80.2159805298,27163,27552,389
12.824259758,80.2159805298,27552,27562,10
12.8244304657,80.2159881592,27562,27572,10
12.8249502182,80.2159805298,27572,27582,10
12.8255901337,80.216003418,27582,27592,10
12.8258399963,80.2160568237,27592,27602,10
12.825920105,80.216583252,27602,27612,10
12.825920105,80.217338562,27612,27622,10
12.825920105,80.2182388306,27622,27633,11
12.8259401321,80.2191772461,27633,27643,10
12.8260402679,80.2193908691,27643,27653,10
12.8265600204,80.219367981,27653,27663,10
12.8272399902,80.2193832397,27663,27673,10
12.827580452,80.2193603516,27673,27683,10
12.8282403946,80.2193832397,27683,27693,10
12.8290996552,80.2193603516,27693,27704,11
12.8301200867,80.2192993164,27704,27714,10
12.8308401108,80.2193374634,27714,27724,10
12.8311004639,80.2194671631,27724,27734,10
12.831199646,80.2200317383,27734,27744,10
12.8311901093,80.2208099365,27744,27754,10
12.8311700821,80.2217025757,27754,27764,10
12.8311595917,80.2221603394,27764,27775,11
12.8311700821,80.2227630615,27775,27785,10
12.8311796188,80.2236175537,27785,27795,10
12.8311901093,80.2244796753,27795,27805,10
12.831199646,80.2248535156,27805,27815,10
12.8311700821,80.2255172729,27815,27825,10
12.8311796188,80.2261734009,27825,27835,10
12.8313398361,80.2272567749,27835,27846,11
12.8315496445,80.2283172607,27846,27856,10
12.8317499161,80.2290802002,27856,27866,10
12.8319997787,80.2291030884,27866,27876,10
12.8324899673,80.2289810181,27876,27886,10
12.8332901001,80.2288284302,27886,27895,9
12.8341798782,80.2286682129,27895,27906,11
12.8350200653,80.2285079956,27906,27916,10
12.8362398148,80.2283172607,27916,27927,11
12.8373498917,80.2281570435,27927,27937,10
12.8383302689,80.2279815674,27937,27947,10
12.8390302658,80.2277984619,27947,27957,10
12.8391599655,80.227722168,27957,27967,10
12.8394403458,80.2275924683,27967,27977,10
12.8397197723,80.2275238037,27977,27987,10
12.840259552,80.227432251,27987,27998,11
12.8411397934,80.2272033691,27998,28008,10
12.8421001434,80.2269592285,28008,28018,10
12.843079567,80.2267608643,28018,28028,10
12.8440904617,80.2266693115,28028,28038,10
12.8453397751,80.2264633179,28038,28058,20
12.8453397751,80.2264633179,28058,28069,11
12.8454704285,80.2264328003,28069,28079,10
12.845749855,80.2264404297,28079,28089,10
12.8459100723,80.2264633179,28089,28099,10
12.8464298248,80.2264785767,28099,28109,10
12.8472003937,80.2264785767,28109,28119,10
12.8481397629,80.2264862061,28119,28129,10
12.849149704,80.2264862061,28129,28139,10
12.8499603271,80.2264709473,28139,28150,11
12.850110054,80.2264709473,28150,28160,10
12.8506202698,80.2264862061,28160,28170,10
12.8514404297,80.2265167236,28170,28180,10
12.8524103165,80.2265777588,28180,28190,10
12.8535003662,80.2265701294,28190,28200,10
12.8546104431,80.2264480591,28200,28210,10
12.8557500839,80.2263183594,28210,28221,11
12.8570404053,80.2261734009,28221,28231,10
12.8582000732,80.2261123657,28231,28241,10
12.859290123,80.2262496948,28241,28251,10
12.86054039,80.2264480591,28251,28271,20
12.86054039,80.2264480591,28271,28281,10
12.8606100082,80.2264175415,28281,28291,10
12.8607397079,80.2264709473,28291,28302,11
12.861240387,80.2264862061,28302,28312,10
12.8620300293,80.2264633179,28312,28322,10
12.8629598618,80.2264175415,28322,28332,10
12.8640804291,80.2264480591,28332,28342,10
12.8653697968,80.2264862061,28342,28352,10
12.8667201996,80.2264328003,28352,28362,10
12.868060112,80.2262878418,28362,28373,11
12.8696203232,80.2264328003,28373,28383,10
12.871049881,80.2265701294,28383,28393,10
12.8723201752,80.226600647,28393,28403,10
12.8728303909,80.2265930176,28403,28413,10
12.8728199005,80.2265930176,28413,28423,10
12.8729000092,80.2265930176,28423,28433,10
12.873339653,80.2266235352,28433,28443,10
12.8740797043,80.2266693115,28443,28454,11
12.8750896454,80.2267990112,28454,28464,10
12.8766202927,80.226852417,28464,28484,20
12.8766202927,80.226852417,28484,28494,10
12.8766899109,80.2268371582,28494,28504,10
12.8771400452,80.2267913818,28504,28514,10
12.8778095245,80.2267379761,28514,28525,11
12.8789300919,80.2266616821,28525,28535,10
12.8800201416,80.2266387939,28535,28545,10
12.8811302185,80.2266387939,28545,28555,10
12.8822498322,80.2266387939,28555,28565,10
12.8833398819,80.2266387939,28565,28575,10
12.8841695786,80.226600647,28575,28585,10
12.885219574,80.2266311646,28585,28606,21
12.885219574,80.2266311646,28606,28616,10
12.8853502274,80.2266311646,28616,28626,10
12.8858699799,80.2267608643,28626,28636,10
12.8865995407,80.2269592285,28636,28646,10
12.8874597549,80.2271270752,28646,28656,10
12.8884601593,80.2272415161,28656,28666,10
12.8895101547,80.2272720337,28666,28677,11
12.8907003403,80.2272796631,28677,28687,10
12.8917999268,80.2272796631,28687,28697,10
12.8925600052,80.2273178101,28697,28707,10
12.8933095932,80.2274093628,28707,28717,10
12.8941698074,80.2275238037,28717,28727,10
12.8951396942,80.2275619507,28727,28737,10
12.8962097168,80.2276000977,28737,28748,11
12.897480011,80.2276611328,28748,28758,10
12.8986597061,80.227722168,28758,28768,10
12.899720192,80.2277984619,28768,28778,10
12.9007396698,80.2277908325,28778,28849,71
12.9007396698,80.2277908325,28849,28859,10
12.9011001587,80.2278289795,28859,28869,10
12.901720047,80.2278823853,28869,28879,10
12.9028701782,80.2279434204,28879,28900,21
12.9028701782,80.2279434204,28900,28910,10
12.9030504227,80.2279815674,28910,28920,10
12.9035997391,80.228012085,28920,28930,10
12.9043798447,80.2280578613,28930,28940,10
12.90528965,80.2280883789,28940,28950,10
12.9062404633,80.2281265259,28950,28960,10
12.9067802429,80.2282028198,28960,28971,11
12.9070596695,80.2282028198,28971,28981,10
12.9073495865,80.2282791138,28981,28991,10
12.9079303741,80.2283401489,28991,29001,10
12.9087696075,80.2284698486,29001,29011,10
12.9097204208,80.2286300659,29011,29021,10
12.9107704163,80.2288208008,29021,29031,10
12.9117898941,80.2289810181,29031,29041,10
12.9130601883,80.2291564941,29041,29052,11
12.9138202667,80.2292404175,29052,29072,20
12.9138202667,80.2292404175,29072,29082,10
12.9139995575,80.2292709351,29082,29092,10
12.9145097733,80.229347229,29092,29102,10
12.9152202606,80.2294616699,29102,29112,10
12.9160804749,80.2295684814,29112,29122,10
12.9170598984,80.2297134399,29122,29133,11
12.9182500839,80.2298812866,29133,29143,10
12.9191904068,80.2299880981,29143,29153,10
12.9202404022,80.230140686,29153,29163,10
12.9214000702,80.2302703857,29163,29173,10
12.922539711,80.2304534912,29173,29183,10
12.9237203598,80.2306137085,29183,29193,10
12.9249296188,80.230758667,29193,29204,11
12.9260196686,80.2308425903,29204,29214,10
12.9263601303,80.2308807373,29214,29224,10
12.9263801575,80.2308883667,29224,29234,10
12.9267396927,80.2309188843,29234,29244,10
12.9273395538,80.231010437,29244,29254,10
12.9281196594,80.2311096191,29254,29264,10
12.9289598465,80.2312698364,29264,29275,11
12.9300403595,80.2315292358,29275,29285,10
12.9310903549,80.2318191528,29285,29295,10
12.9321203232,80.232131958,29295,29305,10
12.9325504303,80.2322769165,29305,29315,10
12.9329900742,80.2324066162,29315,29325,10
12.9336004257,80.2326583862,29325,29345,20
12.9336004257,80.2326583862,29345,29356,11
12.9338998795,80.2327804565,29356,29366,10
12.9344501495,80.2330322266,29366,29376,10
12.9350404739,80.2332687378,29376,29386,10
12.9354896545,80.2334823608,29386,29396,10
12.9357995987,80.2336273193,29396,29406,10
12.9364595413,80.2339324951,29406,29416,10
12.937210083,80.2343063354,29416,29427,11
12.9380197525,80.2347335815,29427,29437,10
12.938750267,80.2350692749,29437,29447,10
12.9394598007,80.2354125977,29447,29467,20
12.9394598007,80.2354125977,29467,29477,10
12.9395999908,80.2355270386,29477,29487,10
12.9400501251,80.2357177734,29487,29497,10
12.9407300949,80.2359237671,29497,29508,11
12.9416103363,80.2361831665,29508,29518,10
12.9425201416,80.2364501953,29518,29528,10
12.943400383,80.2370071411,29528,29538,10
12.944149971,80.2378234863,29538,29548,10
12.9447898865,80.23853302,29548,29558,10
12.9459400177,80.2393569946,29558,29568,10
12.9470396042,80.2398071289,29568,29589,21
12.9470396042,80.2398071289,29589,29599,10
12.9471797943,80.2399215698,29599,29609,10
12.9475698471,80.2400665283,29609,29619,10
12.9481601715,80.2403182983,29619,29629,10
12.9487104416,80.2404632568,29629,29660,31
12.9487104416,80.2404632568,29660,29670,10
12.9487400055,80.2404174805,29670,29680,10
12.9490804672,80.2406311035,29680,29690,10
12.949640274,80.2408294678,29690,29700,10
12.9503297806,80.2410430908,29700,29710,10
12.9508800507,80.2412719727,29710,29720,10
12.9509296417,80.2412796021,29720,29731,11
12.9510803223,80.241317749,29731,29741,10
12.9515399933,80.2414779663,29741,29751,10
12.9521799088,80.2417068481,29751,29761,10
12.9529600143,80.2419815063,29761,29771,10
12.9536600113,80.2422409058,29771,29781,10
12.9547796249,80.2427215576,29781,29791,10
12.9554300308,80.2429580688,29791,29802,11
12.9562501907,80.2432632446,29802,29812,10
12.9566202164,80.2434616089,29812,29822,10
12.9572601318,80.2437210083,29822,29832,10
12.9580001831,80.2440414429,29832,29842,10
12.9585504532,80.2442626953,29842,29852,10
12.9587697983,80.2443466187,29852,29862,10
12.9588003159,80.2443618774,29862,29872,10
12.9589500427,80.2444229126,29872,29883,11
12.9593400955,80.2445907593,29883,29893,10
12.9597702026,80.2447662354,29893,29903,10
12.960439682,80.2450790405,29903,29913,10
12.9612798691,80.2454681396,29913,29923,10
12.9621696472,80.2459182739,29923,29933,10
12.9629402161,80.2462768555,29933,29943,10
12.963139534,80.2463684082,29943,29954,11
12.9631996155,80.2463912964,29954,29964,10
12.9635295868,80.2465667725,29964,29974,10
12.9640598297,80.2468185425,29974,29984,10
12.9647903442,80.2471008301,29984,29994,10
12.9656200409,80.2473602295,29994,30004,10
12.9663696289,80.2476730347,30004,30035,31
12.9663696289,80.2476730347,30035,30045,10
12.9666700363,80.2478027344,30045,30055,10
12.9671401978,80.248046875,30055,30065,10
12.9677801132,80.248298645,30065,30075,10
12.9686203003,80.2485809326,30075,30085,10
12.9695301056,80.2489471436,30085,30095,10
12.9705400467,80.2493972778,30095,30106,11
12.9717502594,80.2497406006,30106,30116,10
12.9727401733,80.2500228882,30116,30126,10
12.973739624,80.2502670288,30126,30136,10
12.9746198654,80.250541687,30136,30146,10
12.9756402969,80.2508392334,30146,30156,10
12.9766998291,80.2511520386,30156,30166,10
12.9776296616,80.2515869141,30166,30176,10
12.9784097672,80.2522125244,30176,30197,21
12.9784097672,80.2522125244,30197,30207,10
12.9785404205,80.2522888184,30207,30217,10
12.9789896011,80.2525024414,30217,30227,10
12.97976017,80.2526321411,30227,30288,61
12.97976017,80.2526321411,30288,30298,10
12.9799499512,80.2526626587,30298,30308,10
12.9804801941,80.2526626587,30308,30318,10
12.9813499451,80.2526321411,30318,30328,10
12.9824399948,80.2525863647,30328,30339,11
12.9838104248,80.2524032593,30339,30349,10
12.9850797653,80.2520599365,30349,30359,10
12.9862499237,80.251739502,30359,30369,10
12.9869699478,80.2515182495,30369,30541,172
12.9869699478,80.2515182495,30541,30551,10
12.9871196747,80.2514572144,30551,30564,13
12.9876098633,80.2513427734,30564,30574,10
12.9877796173,80.2512969971,30574,30584,10
12.988240242,80.2512130737,30584,30594,10
12.9896602631,80.250831604,30594,30614,20
12.9896602631,80.250831604,30614,30624,10
12.9898796082,80.2507781982,30624,30635,11
12.9905099869,80.2506484985,30635,30645,10
12.9913597107,80.2504196167,30645,30655,10
12.9924201965,80.2501831055,30655,30665,10
12.9935903549,80.2498779297,30665,30675,10
12.9948196411,80.2495803833,30675,30685,10
12.996049881,80.2492523193,30685,30695,10
12.9964399338,80.2491226196,30695,30706,11
12.9965496063,80.2491226196,30706,30716,10
12.9969797134,80.2490081787,30716,30726,10
12.9977502823,80.2488479614,30726,30736,10
12.9987602234,80.2486190796,30736,30746,10
12.9998903275,80.2483291626,30746,30756,10
13.0011301041,80.2480010986,30756,30766,10
13.0023403168,80.2476806641,30766,30776,10
13.0035295486,80.247467041,30776,30787,11
13.0048999786,80.2472686768,30787,30797,10
13.0059204102,80.2470016479,30797,30807,10
13.0064601898,80.2465591431,30807,30817,10
13.006480217,80.2465286255,30817,30827,10
13.0065097809,80.2463607788,30827,30837,10
13.0065698624,80.2459487915,30837,30847,10
13.0066003799,80.2452774048,30847,30858,11
13.0065803528,80.2444076538,30858,30868,10
13.0065402985,80.2436218262,30868,30878,10
13.006529808,80.2427597046,30878,30888,10
13.006529808,80.2418212891,30888,30898,10
13.0066404343,80.2408065796,30898,30908,10
13.0067100525,80.2404098511,30908,30917,9
13.0067396164,80.2402496338,30917,30928,11
13.0067796707,80.2398910522,30928,30939,11
13.0069799423,80.2389297485,30939,30949,10
13.0071697235,80.238067627,30949,30959,10
13.0073404312,80.2372970581,30959,30969,10
13.0074396133,80.2367401123,30969,30979,10
13.0074396133,80.2367095947,30979,30989,10
13.0074796677,80.236579895,30989,30999,10
13.007610321,80.2361221313,30999,31010,11
13.0077896118,80.2353668213,31010,31020,10
13.0079603195,80.2345199585,31020,31030,10
13.0081596375,80.2334823608,31030,31040,10
13.0083799362,80.2322387695,31040,31050,10
13.0086402893,80.2309188843,31050,31060,10
13.0089197159,80.2295837402,31060,31070,10
13.0092096329,80.2282028198,31070,31080,10
13.009759903,80.2269287109,31080,31091,11
13.0103397369,80.2255401611,31091,31101,10
13.0106096268,80.2249832153,31101,31111,10
13.0108098984,80.2245788574,31111,31121,10
13.0110797882,80.2238769531,31121,31131,10
13.0114603043,80.2230377197,31131,31141,10
13.0117702484,80.2221221924,31141,31151,10
13.0121202469,80.2213287354,31151,31162,11
13.0124902725,80.2216186523,31162,31172,10
13.0129003525,80.2222824097,31172,31182,10
13.0135202408,80.22290802,31182,31192,10
13.0141096115,80.223487854,31192,31202,10
13.0143499374,80.2241363525,31202,31212,10
13.014960289,80.2246170044,31212,31222,10
13.015540123,80.2248764038,31222,31243,21
13.015540123,80.2248764038,31243,31253,10
13.0158500671,80.2251281738,31253,31263,10
13.0165500641,80.2252197266,31263,31273,10
13.0173196793,80.2249832153,31273,31283,10
13.0182104111,80.2246170044,31283,31293,10
13.019490242,80.2242965698,31293,31314,21
13.019490242,80.2242965698,31314,31324,10
13.0195102692,80.2242965698,31324,31334,10
13.0198001862,80.2244796753,31334,31344,10
13.0203399658,80.224899292,31344,31354,10
13.0207796097,80.2252426147,31354,31364,10
13.0211296082,80.2255096436,31364,31749,385
13.0210599899,80.2255706787,31749,32114,365
13.0210599899,80.2255706787,32114,32124,10
13.0211000443,80.2258071899,32124,32134,10
13.0214395523,80.2259597778,32134,32145,11
13.0218696594,80.2262191772,32145,32155,10
13.0222301483,80.2264709473,32155,32165,10
13.0227203369,80.2268676758,32165,32175,10
13.0232801437,80.2273712158,32175,32185,10
13.0236797333,80.227722168,32185,32195,10
13.023900032,80.2278518677,32195,32205,10
13.023900032,80.2278594971,32205,32216,11
13.0240697861,80.2280502319,32216,32226,10
13.0243501663,80.2284011841,32226,32297,71
13.0243501663,80.2284011841,32297,32307,10
13.0243997574,80.2285232544,32307,32317,10
13.0241203308,80.2283782959,32317,32327,10
13.0235300064,80.2277526855,32327,32702,375
13.0235300064,80.2277526855,32702,32712,10
13.0231103897,80.2273406982,32712,32722,10
13.0228700638,80.2271118164,32722,32732,10
13.0224704742,80.2267532349,32732,32743,11
13.0219097137,80.2262878418,32743,32753,10
13.0214195251,80.2258987427,32753,32763,10
13.0210199356,80.2255630493,32763,32773,10
13.0206804276,80.2253265381,32773,32783,10
13.0202198029,80.2249984741,32783,32793,10
13.0196399689,80.2246322632,32793,32803,10
13.0187902451,80.2245407104,32803,32813,10
13.0178899765,80.2248764038,32813,32824,11
13.016960144,80.2252731323,32824,32834,10
13.016579628,80.2254333496,32834,32844,10
13.0162296295,80.2255630493,32844,32854,10
13.0157299042,80.2257003784,32854,32864,10
13.0151796341,80.2259368896,32864,32874,10
13.0145797729,80.2261734009,32874,32884,10
13.0143699646,80.2262496948,32884,32905,21
13.0143699646,80.2262496948,32905,32915,10
13.0141000748,80.2263183594,32915,32925,10
13.0135402679,80.2265472412,32925,32935,10
13.0128002167,80.2268371582,32935,32945,10
13.0119495392,80.2271881104,32945,32955,10
13.011059761,80.2275314331,32955,32966,11
13.0100898743,80.2279281616,32966,32976,10
13.0093002319,80.2283477783,32976,32986,10
13.0090398788,80.2295379639,32986,33047,61
13.0090398788,80.2295379639,33047,33057,10
13.0089797974,80.2299423218,33057,33067,10
13.0088596344,80.2305374146,33067,33077,10
13.0086803436,80.2313537598,33077,33087,10
13.008480072,80.2322998047,33087,33097,10
13.0083503723,80.233291626,33097,33118,21
13.0083503723,80.233291626,33118,33128,10
13.0082702637,80.2335891724,33128,33138,10
13.0081701279,80.2340087891,33138,33148,10
13.008099556,80.2343902588,33148,33158,10
13.008099556,80.2343978882,33158,33168,10
13.0080299377,80.2347412109,33168,33178,10
13.0079298019,80.235206604,33178,33188,10
13.007809639,80.2357635498,33188,33199,11
13.0076303482,80.2366409302,33199,33209,10
13.0074596405,80.237487793,33209,33219,10
13.0073204041,80.2382507324,33219,33229,10
13.0071802139,80.2389068604,33229,33239,10
13.007060051,80.2395782471,33239,33249,10
13.0070199966,80.239692688,33249,33259,10
13.0069704056,80.2400817871,33259,33270,11
13.0069103241,80.2404403687,33270,33280,10
13.0068702698,80.2407836914,33280,33290,10
13.006819725,80.2412872314,33290,33300,10
13.006770134,80.2419891357,33300,33310,10
13.0067501068,80.2427215576,33310,33320,10
13.0067396164,80.2432632446,33320,33330,10
13.0067596436,80.243927002,33330,33340,10
13.0067300797,80.244758606,33340,33351,11
13.0067501068,80.2457580566,33351,33361,10
13.0067596436,80.2463531494,33361,33371,10
13.006770134,80.2468032837,33371,33381,10
13.0066795349,80.2472686768,33381,33391,10
13.0063199997,80.2474136353,33391,33401,10
13.0062904358,80.247428894,33401,33411,10
13.0062999725,80.2475509644,33411,33422,11
13.0060997009,80.2475128174,33422,33432,10
13.0055599213,80.2474365234,33432,33442,10
13.0047702789,80.2474365234,33442,33452,10
13.0038900375,80.2475204468,33452,33462,10
13.0029001236,80.2476501465,33462,33472,10
13.0020799637,80.2478103638,33472,33482,10
13.0011997223,80.248008728,33482,33492,10
13.0002202988,80.2482833862,33492,33503,11
12.9990596771,80.2485580444,33503,33513,10
12.9983301163,80.2488098145,33513,33523,10
12.998290062,80.2488174438,33523,33533,10
12.9982700348,80.2488021851,33533,33543,10
12.997879982,80.248878479,33543,33553,10
12.9972496033,80.2490081787,33553,33563,10
12.9963998795,80.2492523193,33563,33574,11
12.9953603745,80.2495269775,33574,33584,10
12.9942598343,80.2498321533,33584,33594,10
12.9933204651,80.2500762939,33594,33604,10
12.992770195,80.2501602173,33604,33614,10
12.9919996262,80.2503433228,33614,33624,10
12.9909801483,80.2506713867,33624,33645,21
12.9909801483,80.2506713867,33645,33655,10
12.9908504486,80.2507019043,33655,33665,10
12.99036026,80.2508163452,33665,33675,10
12.9898500443,80.2509384155,33675,33685,10
12.9893598557,80.2510604858,33685,33695,10
12.9891700745,80.2511367798,33695,33857,162
12.9892196655,80.2513275146,33857,33918,61
12.9892196655,80.2513275146,33918,33928,10
12.989109993,80.2511978149,33928,34232,304
12.989109993,80.2511978149,34232,34242,10
12.9890403748,80.2512207031,34242,34253,11
12.9886703491,80.2512588501,34253,34263,10
12.9881401062,80.251411438,34263,34273,10
12.9877004623,80.2515029907,34273,34283,10
12.9872598648,80.2516021729,34283,34293,10
12.9868497849,80.251701355,34293,34303,10
12.986240387,80.2518386841,34303,34313,10
12.9854297638,80.2520370483,34313,34324,11
12.9843797684,80.2523574829,34324,34334,10
12.9832897186,80.2526168823,34334,34344,10
12.982339859,80.2526779175,34344,34354,10
12.9814796448,80.2526702881,34354,34364,10
12.9806003571,80.2527389526,34364,34394,30
12.9806003571,80.2527389526,34394,34405,11
12.9803199768,80.2527618408,34405,34415,10
12.980050087,80.2527923584,34415,34425,10
12.9795503616,80.2527389526,34425,34435,10
12.9790401459,80.2526779175,34435,34445,10
12.978969574,80.2526779175,34445,34455,10
12.9788198471,80.2526092529,34455,34465,10
12.9784202576,80.2524490356,34465,34476,11
12.9778795242,80.2519836426,34476,34486,10
12.9771795273,80.2514419556,34486,34496,10
12.9762496948,80.2511978149,34496,34506,10
12.9751901627,80.2509307861,34506,34516,10
12.9740104675,80.250579834,34516,34526,10
12.9727602005,80.2502593994,34526,34536,10
12.971540451,80.2499237061,34536,34546,10
12.9702701569,80.2495498657,34546,34557,11
12.9687995911,80.2490234375,34557,34567,10
12.9675598145,80.2485198975,34567,34577,10
12.9668502808,80.2481307983,34577,34587,10
12.9663000107,80.2478637695,34587,34597,10
12.9656400681,80.2475814819,34597,34607,10
12.9650001526,80.2473907471,34607,34628,21
12.9650001526,80.2473907471,34628,34638,10
12.9648704529,80.2473220825,34638,34648,10
12.9644498825,80.2471618652,34648,34658,10
12.9637899399,80.2469329834,34658,34668,10
12.9630203247,80.2466430664,34668,34678,10
12.9621400833,80.2462005615,34678,34688,10
12.961139679,80.2456970215,34688,34699,11
12.9594802856,80.2449417114,34699,34719,20
12.9594802856,80.2449417114,34719,34729,10
12.9593200684,80.2448425293,34729,34739,10
12.9588298798,80.2446136475,34739,34749,10
12.9581203461,80.2443313599,34749,34759,10
12.9574098587,80.2440567017,34759,34769,10
12.9567203522,80.2438583374,34769,34780,11
12.9565095901,80.2437820435,34780,34810,30
12.9565095901,80.2437820435,34810,34820,10
12.9562997818,80.2437515259,34820,34830,10
12.9559001923,80.2434616089,34830,34840,10
12.9552898407,80.2431411743,34840,34851,11
12.9544200897,80.2427520752,34851,34861,10
12.9535303116,80.2424087524,34861,34871,10
12.952460289,80.2420425415,34871,34881,10
12.9517498016,80.2417678833,34881,34891,10
12.9517402649,80.2417602539,34891,34901,10
12.9515104294,80.2416915894,34901,34911,10
12.9509296417,80.2414474487,34911,34921,10
12.9501399994,80.2412414551,34921,34932,11
12.9492101669,80.2409515381,34932,34942,10
12.9487199783,80.240737915,34942,34952,10
12.9479703903,80.2404174805,34952,34962,10
12.947259903,80.2401199341,34962,34972,10
12.9472198486,80.2401199341,34972,34982,10
12.9470996857,80.2400588989,34982,34992,10
12.946680069,80.2398834229,34992,35003,11
12.9460296631,80.239616394,35003,35013,10
12.9453201294,80.2392120361,35013,35023,10
12.9447002411,80.2385101318,35023,35033,10
12.943980217,80.2377624512,35033,35043,10
12.9431200027,80.2369613647,35043,35053,10
12.9419498444,80.2364425659,35053,35063,10
12.9406995773,80.2361221313,35063,35073,10
12.9400596619,80.2359390259,35073,35084,11
12.9398803711,80.2358322144,35084,35094,10
12.9398202896,80.2358016968,35094,35104,10
12.9394302368,80.2356185913,35104,35114,10
12.9387998581,80.2353515625,35114,35124,10
12.9380502701,80.2349624634,35124,35134,10
12.9372797012,80.234588623,35134,35144,10
12.9367704391,80.2343292236,35144,35155,11
12.9364595413,80.2341384888,35155,35165,10
12.9360904694,80.2340011597,35165,35175,10
12.9356298447,80.2338027954,35175,35185,10
12.9349603653,80.2335281372,35185,35195,10
12.9342803955,80.2332077026,35195,35205,10
12.9340696335,80.2331008911,35205,35215,10
12.9340600967,80.2331008911,35215,35226,11
12.9337997437,80.2329483032,35226,35236,10
12.9332799911,80.2327194214,35236,35246,10
12.9325799942,80.2324676514,35246,35256,10
12.9319496155,80.2322616577,35256,35266,10
12.9314203262,80.2321014404,35266,35296,30
12.9314203262,80.2321014404,35296,35307,11
12.9312400818,80.2319869995,35307,35317,10
12.9308395386,80.231880188,35317,35327,10
12.9305400848,80.2317810059,35327,35337,10
12.9303197861,80.2317428589,35337,35347,10
12.930150032,80.2317199707,35347,35357,10
12.9300098419,80.2316436768,35357,35367,10
12.9298801422,80.2315826416,35367,35378,11
12.9297103882,80.2315368652,35378,35388,10
12.9294700623,80.2315292358,35388,35398,10
12.9294595718,80.2315216064,35398,35408,10
12.9293003082,80.2314834595,35408,35418,10
12.9290399551,80.2313995361,35418,35428,10
12.9286298752,80.2313079834,35428,35438,10
12.9279098511,80.2311935425,35438,35448,10
12.9269695282,80.2310714722,35448,35459,11
12.9261102676,80.2309570313,35459,35469,10
12.9259195328,80.2309799194,35469,35479,10
12.9256801605,80.2309570313,35479,35489,10
12.9251804352,80.2309036255,35489,35499,10
12.9245004654,80.2308425903,35499,35509,10
12.9236898422,80.2307434082,35509,35519,10
12.9227800369,80.2305908203,35519,35530,11
12.9215898514,80.2304000854,35530,35540,10
12.9203796387,80.2302627563,35540,35550,10
12.919260025,80.2301101685,35550,35560,10
12.9181499481,80.2299728394,35560,35570,10
12.9170703888,80.2298583984,35570,35580,10
12.9160003662,80.2296981812,35580,35590,10
12.914899826,80.2295379639,35590,35600,10
12.913310051,80.2293167114,35600,35621,21
12.913310051,80.2293167114,35621,35631,10
12.9130401611,80.2292785645,35631,35641,10
12.9124698639,80.2292098999,35641,35651,10
12.911649704,80.2291030884,35651,35661,10
12.9107599258,80.2289505005,35661,35671,10
12.9097299576,80.2287826538,35671,35682,11
12.908780098,80.2286300659,35682,35803,121
12.908780098,80.2286300659,35803,35813,10
12.9086198807,80.228553772,35813,35823,10
12.908080101,80.2284698486,35823,35834,11
12.9074497223,80.2284164429,35834,35844,10
12.9070396423,80.2283935547,35844,35854,10
12.9066295624,80.2283172607,35854,35864,10
12.9060096741,80.2282791138,35864,35874,10
12.9053297043,80.228302002,35874,35884,10
12.9047298431,80.2282867432,35884,35894,10
12.9042196274,80.2282562256,35894,35904,10
12.9037704468,80.2282180786,35904,35915,11
12.9030399323,80.2281723022,35915,35925,10
12.9025402069,80.2281188965,35925,35935,10
12.9019699097,80.2280578613,35935,36046,111
12.9019699097,80.2280578613,36046,36057,11
12.9015197754,80.2280807495,36057,36067,10
12.9012098312,80.2280578613,36067,36077,10
12.9009103775,80.2279815674,36077,36087,10
12.900639534,80.2279205322,36087,36097,10
12.9003696442,80.2279510498,36097,36107,10
12.9000501633,80.2279281616,36107,36117,10
12.8995399475,80.2279205322,36117,36127,10
12.8989801407,80.2279205322,36127,36148,21
12.8989801407,80.2279205322,36148,36158,10
12.8988199234,80.227897644,36158,36168,10
12.898349762,80.2278366089,36168,36178,10
12.8976697922,80.2277984619,36178,36188,10
12.8968296051,80.2277526855,36188,36198,10
12.8958997726,80.2276916504,36198,36209,11
12.8947200775,80.2276306152,36209,36219,10
12.8936796188,80.2275695801,36219,36229,10
12.8930597305,80.2275009155,36229,36290,61
12.8930597305,80.2275009155,36290,36300,10
12.8929004669,80.2275085449,36300,36310,10
12.8925600052,80.2274780273,36310,36320,10
12.892370224,80.2274398804,36320,36330,10
12.8919401169,80.2274169922,36330,36340,10
12.8912000656,80.2274169922,36340,36350,10
12.8901796341,80.2274169922,36350,36361,11
12.8889503479,80.2274017334,36361,36371,10
12.8877601624,80.2273406982,36371,36381,10
12.8865499496,80.2271194458,36381,36391,10
12.8853597641,80.2268371582,36391,36401,10
12.8844995499,80.2267608643,36401,36411,10
12.883480072,80.2267532349,36411,36421,10
12.8823404312,80.2267608643,36421,36431,10
12.8811101913,80.2267608643,36431,36442,11
12.8797101974,80.2267608643,36442,36452,10
12.8783998489,80.2268295288,36452,36462,10
12.8772697449,80.2269363403,36462,36472,10
12.8768701553,80.2269973755,36472,36482,10
12.8765296936,80.2270126343,36482,36492,10
12.8765201569,80.2270126343,36492,36502,10
12.8763399124,80.2270431519,36502,36513,11
12.875749588,80.2270431519,36513,36523,10
12.875,80.2269515991,36523,36533,10
12.8741102219,80.226852417,36533,36543,10
12.8730802536,80.2267608643,36543,36553,10
12.8718795776,80.2267227173,36553,36563,10
12.8706102371,80.2266464233,36563,36573,10
12.86921978,80.2265319824,36573,36584,11
12.867650032,80.2264785767,36584,36594,10
12.8663797379,80.226600647,36594,36604,10
12.8651399612,80.2266387939,36604,36614,10
12.8638296127,80.226600647,36614,36624,10
12.8625802994,80.2266235352,36624,36634,10
12.8610496521,80.2266693115,36634,36675,41
12.8610496521,80.2266693115,36675,36685,10
12.8610200882,80.2266311646,36685,36695,10
12.8606500626,80.2265777588,36695,36705,10
12.8599996567,80.2265014648,36705,36715,10
12.8594503403,80.2264404297,36715,36725,10
12.8592996597,80.2264404297,36725,36736,11
12.859120369,80.2264175415,36736,36746,10
12.8589801788,80.2263793945,36746,36756,10
12.8586797714,80.2263565063,36756,36766,10
12.8581399918,80.2263793945,36766,36776,10
12.8573198318,80.2264099121,36776,36786,10
12.8563098907,80.2265014648,36786,36796,10
12.8551797867,80.2265930176,36796,36806,10
12.8539600372,80.2266998291,36806,36817,11
12.852519989,80.2267913818,36817,36827,10
12.8511600494,80.2267684937,36827,36837,10
12.8500404358,80.2267227173,36837,36857,20
12.8500404358,80.2267227173,36857,36867,10
12.8496799469,80.2266464233,36867,36877,10
12.8490400314,80.2266464233,36877,36888,11
12.8480701447,80.2266693115,36888,36898,10
12.847120285,80.2267227173,36898,36908,10
12.846570015,80.2267074585,36908,36918,10
12.8461503983,80.2266998291,36918,36928,10
12.8458404541,80.2266998291,36928,36938,10
12.8452596664,80.2266998291,36938,36958,20
12.8452596664,80.2266998291,36958,36969,11
12.8450403214,80.2266998291,36969,36979,10
12.8444795609,80.2267532349,36979,36989,10
12.8436803818,80.2268218994,36989,36999,10
12.8427400589,80.2269821167,36999,37009,10
12.8416404724,80.2271881104,37009,37019,10
12.840760231,80.2274169922,37019,37029,10
12.840379715,80.2275238037,37029,37050,21
12.840379715,80.2275238037,37050,37060,10
12.8402500153,80.2275466919,37060,37070,10
12.8400602341,80.2276000977,37070,37090,20
12.8400602341,80.2276000977,37090,37100,10
12.8398103714,80.2276611328,37100,37110,10
12.8395299911,80.227722168,37110,37121,11
12.8388900757,80.227897644,37121,37131,10
12.8379402161,80.2281417847,37131,37141,10
12.8367700577,80.2283477783,37141,37151,10
12.8354797363,80.2285690308,37151,37161,10
12.8340501785,80.2287979126,37161,37171,10
12.8329000473,80.2290420532,37171,37212,41
12.8329000473,80.2290420532,37212,37222,10
12.8324804306,80.229057312,37222,37232,10
12.8322000504,80.2291488647,37232,37242,10
12.8320302963,80.2292022705,37242,37252,10
12.8319702148,80.2292175293,37252,37263,11
12.8314695358,80.2293395996,37263,37273,10
12.8307199478,80.2295684814,37273,37283,10
12.8297796249,80.2298965454,37283,37293,10
12.8287096024,80.2303695679,37293,37303,10
12.827580452,80.2310180664,37303,37313,10
12.8262996674,80.2313690186,37313,37323,10
12.8248796463,80.2314071655,37323,37333,10
12.8234901428,80.2310562134,37333,37344,11
12.8219003677,80.2305984497,37344,37354,10
12.8203496933,80.2304916382,37354,37364,10
12.8188800812,80.2304763794,37364,37374,10
12.8175802231,80.229927063,37374,37384,10
12.8160600662,80.2295074463,37384,37394,10
12.8144197464,80.2292098999,37394,37404,10
12.812789917,80.2287521362,37404,37415,11
12.8111801147,80.228187561,37415,37425,10
12.8097200394,80.2275466919,37425,37435,10
12.8086395264,80.2268600464,37435,37445,10
12.8076200485,80.2259674072,37445,37455,10
12.8067102432,80.2251586914,37455,37465,10
12.8058595657,80.2244491577,37465,37475,10
12.8050003052,80.2240829468,37475,37485,10
12.8049097061,80.2240371704,37485,37496,11
12.8044595718,80.2239303589,37496,37506,10
12.8036699295,80.2238693237,37506,37516,10
12.8026800156,80.2237930298,37516,37526,10
12.8015098572,80.2236404419,37526,37536,10
12.8010396957,80.2236022949,37536,37546,10
12.8006401062,80.2235412598,37546,37556,10
12.7999000549,80.2234573364,37556,37567,11
12.7988796234,80.2233886719,37567,37577,10
12.797750473,80.2232818604,37577,37587,10
12.7965097427,80.2230529785,37587,37597,10
12.7960700989,80.2230072021,37597,37607,10
12.795920372,80.2229614258,37607,37617,10
12.7953796387,80.2228469849,37617,37627,10
12.7945203781,80.2227172852,37627,37637,10
12.7934799194,80.2225570679,37637,37648,11
12.7921600342,80.222328186,37648,37658,10
12.7909097672,80.222038269,37658,37668,10
12.7898702621,80.2217788696,37668,37678,10
12.7897396088,80.2217178345,37678,37688,10
12.7887201309,80.2213363647,37688,37698,10
12.7887201309,80.2213363647,37698,37708,10
12.7878198624,80.2210083008,37708,37719,11
12.7863798141,80.2204589844,37719,37739,20
12.7863798141,80.2204589844,37739,37749,10
12.7862701416,80.2204208374,37749,37761,12
12.7861995697,80.2205200195,37761,37771,10
12.786239624,80.2208023071,37771,37781,10
12.786239624,80.221282959,37781,37791,10
12.7862901688,80.2218399048,37791,38096,305
12.7863798141,80.221862793,38096,38359,263
12.7863798141,80.221862793,38359,38369,10
12.786239624,80.2216033936,38369,38379,10
12.786239624,80.2215499878,38379,38389,10
12.7861795425,80.2213363647,38389,38400,11
12.7861404419,80.2207107544,38400,38471,71
12.7861404419,80.2207107544,38471,38481,10
12.7864398956,80.2203979492,38481,38501,20
12.7864398956,80.2203979492,38501,38511,10
12.7868299484,80.2205123901,38511,38521,10
12.787150383,80.2206192017,38521,38531,10
12.7874603271,80.220741272,38531,38541,10
12.7880496979,80.2209625244,38541,38552,11
12.7889404297,80.2212982178,38552,38562,10
12.7897396088,80.2215805054,38562,38572,10
12.7903299332,80.2217712402,38572,38582,10
12.7910995483,80.2219772339,38582,38592,10
12.7920398712,80.2222290039,38592,38602,10
12.7931203842,80.2224121094,38602,38612,10
12.7941398621,80.2225723267,38612,38623,11
12.7950401306,80.2227172852,38623,38633,10
12.7954397202,80.2227783203,38633,38643,10
12.7960596085,80.2228927612,38643,38653,10
12.7969198227,80.2230606079,38653,38663,10
12.7979402542,80.2232208252,38663,38673,10
12.799079895,80.2233505249,38673,38683,10
12.8002700806,80.2234420776,38683,38693,10
12.8012800217,80.2235565186,38693,38704,11
12.8016901016,80.2235565186,38704,38714,10
12.8020000458,80.2236022949,38714,38724,10
12.8026399612,80.2236862183,38724,38734,10
12.8035097122,80.2238082886,38734,38744,10
12.804309845,80.2238616943,38744,38754,10
12.804889679,80.2239227295,38754,38764,10
12.8053998947,80.2240219116,38764,38775,11
12.8054800034,80.2240600586,38775,38785,10
12.8057804108,80.2242507935,38785,38795,10
12.8063602448,80.2247314453,38795,38805,10
12.8071098328,80.2253799438,38805,38815,10
12.8080301285,80.2261734009,38815,38825,10
12.8090801239,80.2270507813,38825,38835,10
12.8102903366,80.2276611328,38835,38845,10
12.8114700317,80.2281417847,38845,38856,11
12.8130102158,80.228729248,38856,38866,10
12.8144598007,80.2291412354,38866,38876,10
12.8159198761,80.2293624878,38876,38886,10
12.8172998428,80.229637146,38886,38896,10
12.818400383,80.230140686,38896,38906,10
12.8195495605,80.2304229736,38906,38916,10
12.8207597733,80.2303771973,38916,38927,11
12.8221998215,80.2305679321,38927,38937,10
12.8235702515,80.2309875488,38937,38947,10
12.8249502182,80.231300354,38947,38957,10
12.8263902664,80.2312469482,38957,38967,10
12.8277301788,80.2308578491,38967,38977,10
12.8290100098,80.2301635742,38977,38987,10
12.8303403854,80.2296066284,38987,38997,10
12.8310604095,80.2293167114,38997,39008,11
12.8310804367,80.2293167114,39008,39018,10
12.8313703537,80.2291793823,39018,39028,10
12.8313798904,80.2291793823,39028,39038,10
12.8316802979,80.2290496826,39038,39048,10
12.8323497772,80.2289505005,39048,39058,10
12.8332796097,80.2287979126,39058,39068,10
12.834400177,80.2285995483,39068,39079,11
12.8357801437,80.2283935547,39079,39089,10
12.837100029,80.2282028198,39089,39099,10
12.8383302689,80.2279663086,39099,39109,10
12.8390102386,80.2277984619,39109,39170,61
12.8393697739,80.2276535034,39170,39220,50
12.8393697739,80.2276535034,39220,39231,11
12.8397798538,80.2275466919,39231,39241,10
12.8403997421,80.2274169922,39241,39251,10
12.8412504196,80.2272033691,39251,39261,10
12.8422698975,80.2269668579,39261,39271,10
12.8434400558,80.2267837524,39271,39281,10
12.8453798294,80.2265319824,39281,39302,21
12.8453798294,80.2265319824,39302,39312,10
12.8457403183,80.2265014648,39312,39322,10
12.8459796906,80.2264785767,39322,39332,10
12.8465900421,80.2264785767,39332,39342,10
12.8474597931,80.2264862061,39342,39352,10
12.8484802246,80.2264785767,39352,39362,10
12.8496599197,80.2264785767,39362,39372,10
12.850859642,80.2265014648,39372,39383,11
12.8522996902,80.2265625,39383,39393,10
12.853679657,80.2265319824,39393,39403,10
12.8551397324,80.2263793945,39403,39413,10
12.8566799164,80.2262268066,39413,39423,10
12.8581600189,80.2260971069,39423,39433,10
12.8594503403,80.2262268066,39433,39443,10
12.8606004715,80.2264022827,39443,39454,11
12.8607902527,80.2264404297,39454,39464,10
12.8612604141,80.2264785767,39464,39474,10
12.8620796204,80.2264633179,39474,39484,10
12.8630504608,80.2264175415,39484,39494,10
12.8641796112,80.2264328003,39494,39504,10
12.8655004501,80.2264709473,39504,39514,10
12.866900444,80.2263870239,39514,39524,10
12.8683595657,80.2262878418,39524,39535,11
12.8699502945,80.2264328003,39535,39545,10
12.8713998795,80.2265472412,39545,39555,10
12.8726196289,80.2265625,39555,39565,10
12.873000145,80.2265777588,39565,39575,10
12.8736095428,80.2266235352,39575,39585,10
12.8744401932,80.2266998291,39585,39595,10
12.8755102158,80.2268295288,39595,39606,11
12.8764696121,80.2268295288,39606,39616,10
12.876709938,80.2268295288,39616,39626,10
12.8772802353,80.2267913818,39626,39636,10
12.8781404495,80.2267074585,39636,39646,10
12.8791999817,80.2266769409,39646,39656,10
12.8804397583,80.2266387939,39656,39666,10
12.8817396164,80.2266387939,39666,39676,10
12.8831100464,80.2266082764,39676,39687,11
12.8845701218,80.226600647,39687,39697,10
12.885140419,80.2266082764,39697,39707,10
12.8851995468,80.226600647,39707,39717,10
12.8856601715,80.2266998291,39717,39727,10
12.8864202499,80.2268981934,39727,39737,10
12.8873796463,80.2271194458,39737,39747,10
12.8885698318,80.2272415161,39747,39758,11
12.8900203705,80.2272567749,39758,39768,10
12.8913803101,80.2272567749,39768,39778,10
12.8926296234,80.2273178101,39778,39788,10
12.8938798904,80.2274780273,39788,39798,10
12.8950996399,80.2275390625,39798,39808,10
12.8963403702,80.2275695801,39808,39818,10
12.897600174,80.2276077271,39818,39828,10
12.8987398148,80.2276687622,39828,39839,11
12.8996801376,80.2277374268,39839,39859,20
12.8996801376,80.2277374268,39859,39869,10
12.8998298645,80.2277832031,39869,39930,61
12.8997898102,80.2277297974,39930,39970,40
12.8997898102,80.2277297974,39970,39980,10
12.9000997543,80.2277679443,39980,40001,21
12.9000997543,80.2277679443,40001,40011,10
12.9004802704,80.2277603149,40011,40021,10
12.9007196426,80.2277908325,40021,40031,10
12.9009599686,80.2278518677,40031,40041,10
12.9012498856,80.2278594971,40041,40051,10
12.9018201828,80.2278823853,40051,40062,11
12.9025697708,80.2279281616,40062,40072,10
12.9030199051,80.227897644,40072,40082,10
12.9030895233,80.227897644,40082,40092,10
12.9034404755,80.2279510498,40092,40102,10
12.9041404724,80.2279968262,40102,40112,10
12.9050102234,80.2280883789,40112,40122,10
12.9062004089,80.2281112671,40122,40183,61
12.9062004089,80.2281112671,40183,40193,10
12.9063596725,80.2281036377,40193,40203,10
12.9067802429,80.2281723022,40203,40214,11
12.907500267,80.2282562256,40214,40224,10
12.9084396362,80.2284164429,40224,40234,10
12.9096002579,80.2285995483,40234,40244,10
12.9108800888,80.2287826538,40244,40254,10
12.9121303558,80.2289581299,40254,40264,10
12.9132499695,80.229133606,40264,40274,10
12.9138803482,80.2292098999,40274,40284,10
12.9142503738,80.2292785645,40284,40295,11
12.9149599075,80.2293395996,40295,40305,10
12.9157896042,80.2295074463,40305,40315,10
12.9168395996,80.2296600342,40315,40325,10
12.9180803299,80.2298583984,40325,40335,10
12.9193601608,80.2300415039,40335,40345,10
12.9207201004,80.2302093506,40345,40355,10
12.9221801758,80.2304077148,40355,40366,11
12.9239301682,80.2306594849,40366,40376,10
12.9254102707,80.2308425903,40376,40386,10
12.9267196655,80.2309875488,40386,40396,10
12.9280395508,80.2311630249,40396,40406,10
12.9290800095,80.2313079834,40406,40416,10
12.9300203323,80.2314987183,40416,40426,10
12.9311304092,80.2318191528,40426,40436,10
12.9323501587,80.232208252,40436,40447,11
12.9335098267,80.2326507568,40447,40457,10
12.9335899353,80.2326965332,40457,40467,10
12.9339799881,80.2329025269,40467,40477,10
12.9346704483,80.2332077026,40477,40487,10
12.9353399277,80.2334594727,40487,40497,10
12.9354400635,80.2335128784,40497,40507,10
12.9358797073,80.2337265015,40507,40518,11
12.9366703033,80.2341079712,40518,40528,10
12.9375801086,80.2345428467,40528,40538,10
12.9385795593,80.2350387573,40538,40548,10
12.9398202896,80.2356414795,40548,40568,20
12.9398202896,80.2356414795,40568,40578,10
12.9401702881,80.2357635498,40578,40589,11
12.9409103394,80.2360076904,40589,40599,10
12.9418001175,80.2362213135,40599,40609,10
12.9428396225,80.2366104126,40609,40619,10
12.9437999725,80.237411499,40619,40629,10
12.9447097778,80.2384033203,40629,40639,10
12.9457502365,80.2392883301,40639,40649,10
12.9470100403,80.2398376465,40649,40659,10
12.9479999542,80.2402572632,40659,40670,11
12.9486398697,80.2404327393,40670,40690,20
12.9486398697,80.2404327393,40690,40700,10
12.9487400055,80.2404327393,40700,40710,10
12.9491195679,80.2406311035,40710,40720,10
12.9497499466,80.2408599854,40720,40730,10
12.9505195618,80.2410888672,40730,40741,11
12.9511299133,80.2413024902,40741,40751,10
12.9512500763,80.2413635254,40751,40761,10
12.9517297745,80.2415313721,40761,40771,10
12.9524297714,80.2417984009,40771,40781,10
12.9529304504,80.2419815063,40781,40791,10
12.9536800385,80.2422714233,40791,40801,10
12.954460144,80.2425613403,40801,40811,10
12.9551496506,80.2428588867,40811,40822,11
12.9560098648,80.2431335449,40822,40832,10
12.9563999176,80.243270874,40832,40842,10
12.956410408,80.2432403564,40842,40852,10
12.9567899704,80.2434310913,40852,40862,10
12.9574699402,80.2437820435,40862,40872,10
12.9583301544,80.2441329956,40872,40882,10
12.9589996338,80.2444076538,40882,40893,11
12.9596004486,80.244720459,40893,40903,10
12.9603996277,80.2450790405,40903,40913,10
12.9614095688,80.2455673218,40913,40923,10
12.9624900818,80.2461013794,40923,40933,10
12.9631500244,80.2463989258,40933,40984,51
12.9631500244,80.2463989258,40984,40994,10
12.9633102417,80.2464828491,40994,41004,10
12.9636602402,80.2466583252,41004,41014,10
12.9642801285,80.2469100952,41014,41024,10
12.9651002884,80.2472000122,41024,41034,10
12.9659700394,80.2474822998,41034,41045,11
12.9665403366,80.2477416992,41045,41055,10
12.9665899277,80.2477798462,41055,41065,10
12.9668798447,80.2479400635,41065,41075,10
12.9674901962,80.2481994629,41075,41086,11
12.9683599472,80.2485198975,41086,41095,9
12.969420433,80.248840332,41095,41106,11
12.9704704285,80.2492980957,41106,41116,10
12.9719896317,80.2498092651,41116,41127,11
12.9733800888,80.2501907349,41127,41137,10
12.9746198654,80.250541687,41137,41148,11
12.9757699966,80.2508926392,41148,41157,9
12.9771499634,80.2513198853,41157,41168,11
12.9782896042,80.2521286011,41168,41178,10
12.9785699844,80.2522964478,41178,41188,10
12.9787197113,80.2523803711,41188,41199,11
12.9794597626,80.2525634766,41199,41209,10
12.9803800583,80.2526016235,41209,41219,10
12.9813995361,80.2525787354,41219,41229,10
12.9824495316,80.2525634766,41229,41239,10
12.983590126,80.2524185181,41239,41249,10
12.984629631,80.2521362305,41249,41259,10
12.9854898453,80.2518997192,41259,41320,61
12.9854898453,80.2518997192,41320,41330,10
12.9854097366,80.2518386841,41330,41382,52
12.9854097366,80.2518386841,41382,41392,10
12.9856796265,80.2518005371,41392,41402,10
12.9861497879,80.2517089844,41402,41412,10
12.9866399765,80.2516174316,41412,41423,11
12.9871797562,80.2514724731,41423,41433,10
12.9876003265,80.2513198853,41433,41554,121
12.9876003265,80.2513198853,41554,41564,10
12.9876699448,80.2512969971,41564,41575,11
12.9880695343,80.2512283325,41575,41585,10
12.9888296127,80.2510375977,41585,41595,10
12.9894504547,80.2508468628,41595,41605,10
12.9895401001,80.2508621216,41605,41615,10
12.9900197983,80.250793457,41615,41625,10
12.9907903671,80.2506027222,41625,41635,10
12.9917001724,80.2503585815,41635,41645,10
12.9925498962,80.2501373291,41645,41656,11
12.994099617,80.2497406006,41656,41666,10
12.9953298569,80.2494277954,41666,41676,10
12.9964199066,80.249130249,41676,41686,10
12.9965896606,80.2490692139,41686,41696,10
12.9968700409,80.2490234375,41696,41706,10
12.9975004196,80.2488937378,41706,41716,10
12.9983701706,80.2486572266,41716,41727,11
12.9995603561,80.2483596802,41727,41737,10
13.0007696152,80.2480621338,41737,41747,10
13.0019798279,80.247756958,41747,41757,10
13.0030403137,80.2475280762,41757,41767,10
13.0042600632,80.2473602295,41767,41777,10
13.0055503845,80.2471694946,41777,41787,10
13.0063896179,80.2467193604,41787,41797,10
13.0064496994,80.2465591431,41797,41808,11
13.0065498352,80.2462081909,41808,41818,10
13.0065898895,80.2455062866,41818,41828,10
13.0066003799,80.2446136475,41828,41838,10
13.0065803528,80.2438964844,41838,41848,10
13.0065202713,80.2431030273,41848,41858,10
13.0065402985,80.2422409058,41858,41868,10
13.0065803528,80.2412490845,41868,41879,11
13.0067300797,80.2404327393,41879,41909,30
13.0067300797,80.2404327393,41909,41919,10
13.0067996979,80.2400970459,41919,41929,10
13.0068397522,80.2394638062,41929,41939,10
13.0070400238,80.2385406494,41939,41949,10
13.0072698593,80.2374572754,41949,41960,11
13.0073795319,80.2367477417,41960,41970,10
13.0074195862,80.2366104126,41970,41980,10
13.0075798035,80.2360992432,41980,41990,10
13.0076999664,80.2354278564,41990,42000,10
13.0077199936,80.2352523804,42000,42010,10
13.007809639,80.2347869873,42010,42020,10
13.0079603195,80.2339782715,42020,42031,11
13.0082302094,80.2328262329,42031,42041,10
13.0084199905,80.2317886353,42041,42050,9
13.0086402893,80.2306137085,42050,42061,11
13.008939743,80.2292709351,42061,42071,10
13.0092201233,80.2280273438,42071,42081,10
13.0097503662,80.2268218994,42081,42091,10
13.0102796555,80.2256317139,42091,42101,10
13.0105800629,80.2250900269,42101,42112,11
13.0107603073,80.2247161865,42112,42122,10
13.0109395981,80.224319458,42122,42132,10
13.011179924,80.2236633301,42132,42142,10
13.0113697052,80.223197937,42142,42152,10
13.0116796494,80.2227020264,42152,42162,10
13.0118904114,80.2218933105,42162,42172,10
13.0122804642,80.2215499878,42172,42183,11
13.0125703812,80.221862793,42183,42193,10
13.0129404068,80.2222366333,42193,42203,10
13.0134296417,80.2227020264,42203,42213,10
13.013999939,80.2232284546,42213,42233,20
13.013999939,80.2232284546,42233,42243,10
13.0142202377,80.2235412598,42243,42254,11
13.0146303177,80.2238693237,42254,42264,10
13.0150995255,80.2244491577,42264,42274,10
13.0151500702,80.2245483398,42274,42284,10
13.0152797699,80.2247085571,42284,42294,10
13.0156002045,80.2249984741,42294,42304,10
13.0156698227,80.2250366211,42304,42314,10
13.0157699585,80.2251205444,42314,42324,10
13.0163002014,80.2252807617,42324,42335,11
13.0172195435,80.2249984741,42335,42345,10
13.0180902481,80.2246627808,42345,42355,10
13.018910408,80.224357605,42355,42365,10
13.019370079,80.224281311,42365,42375,10
13.019490242,80.2243118286,42375,42385,10
13.0197095871,80.2244186401,42385,42395,10
13.020190239,80.2248001099,42395,42406,11
13.0208301544,80.2252197266,42406,42416,10
13.0214099884,80.2257003784,42416,42487,71
13.0214099884,80.2257003784,42487,42497,10
13.0216503143,80.2259902954,42497,42659,162
13.0216503143,80.2259902954,42659,42669,10
13.0214395523,80.2259368896,42669,42679,10
13.0215702057,80.2259674072,42679,42689,10
13.0218200684,80.2261199951,42689,42699,10
13.0222101212,80.2264328003,42699,42710,11
13.0228395462,80.2269287109,42710,42720,10
13.0233697891,80.2274017334,42720,42730,10
13.0238800049,80.2278671265,42730,42740,10
13.0243396759,80.2283096313,42740,42821,81
13.0243396759,80.2283096313,42821,42831,10
13.0242099762,80.2285919189,42831,42841,10
13.0238599777,80.2282104492,42841,42851,10
13.0234498978,80.2277679443,42851,43226,375
13.0234498978,80.2277679443,43226,43237,11
13.0233001709,80.2276000977,43237,43247,10
13.0229902267,80.2273025513,43247,43257,10
13.022600174,80.2269668579,43257,43267,10
13.022190094,80.226600647,43267,43277,10
13.0216903687,80.2262115479,43277,43287,10
13.021229744,80.2257766724,43287,43297,10
13.02064991,80.2253799438,43297,43308,11
13.0203199387,80.225151062,43308,43318,10
13.0199699402,80.2249221802,43318,43328,10
13.0195999146,80.2246780396,43328,43338,10
13.0188703537,80.2245864868,43338,43348,10
13.0180597305,80.2248764038,43348,43358,10
13.0171699524,80.225227356,43358,43368,10
13.0164604187,80.2255096436,43368,43378,10
13.0158700943,80.2257003784,43378,43389,11
13.0151796341,80.225982666,43389,43399,10
13.0145902634,80.2261962891,43399,43409,10
13.0143604279,80.2262878418,43409,43419,10
13.0140600204,80.2264175415,43419,43429,10
13.0135097504,80.2266387939,43429,43439,10
13.0127296448,80.2268829346,43439,43449,10
13.0118598938,80.2272186279,43449,43460,11
13.010840416,80.2276306152,43460,43470,10
13.0099897385,80.228012085,43470,43480,10
13.0093698502,80.228302002,43480,43490,10
13.0090503693,80.2289428711,43490,43500,10
13.0088500977,80.2297134399,43500,43510,10
13.0086603165,80.2305831909,43510,43520,10
13.0085000992,80.2313690186,43520,43530,10
13.0083303452,80.232208252,43530,43541,11
13.0082302094,80.2334976196,43541,43561,20
13.0082302094,80.2334976196,43561,43571,10
13.008190155,80.233757019,43571,43581,10
13.0080699921,80.2342834473,43581,43591,10
13.007900238,80.2350692749,43591,43601,10
13.0077104568,80.2360229492,43601,43612,11
13.0074796677,80.237197876,43612,43622,10
13.0072698593,80.2381820679,43622,43632,10
13.0070800781,80.2390899658,43632,43642,10
13.0068998337,80.2399368286,43642,43672,30
13.0068998337,80.2399368286,43672,43682,10
13.0069103241,80.2401275635,43682,43703,21
13.0069103241,80.2401275635,43703,43713,10
13.0068702698,80.2406234741,43713,43723,10
13.0067300797,80.2412185669,43723,43733,10
13.0066995621,80.2421112061,43733,43743,10
13.0066604614,80.2430419922,43743,43753,10
13.006649971,80.2437973022,43753,43764,11
13.0066604614,80.2443771362,43764,43774,10
13.0066404343,80.2448272705,43774,43784,10
13.0066404343,80.2451477051,43784,43794,10
13.0066699982,80.2455368042,43794,43804,10
13.0066900253,80.2456588745,43804,43814,10
13.0067195892,80.2459716797,43814,43824,10
13.0067396164,80.2460327148,43824,43835,11
13.0067501068,80.2462387085,43835,43845,10
13.0067300797,80.246711731,43845,43855,10
13.0066795349,80.2472991943,43855,43865,10
13.0061998367,80.247467041,43865,43885,20
13.0061998367,80.247467041,43885,43895,10
13.0057401657,80.2474822998,43895,43905,10
13.0050802231,80.2474212646,43905,43916,11
13.0041799545,80.2474975586,43916,43926,10
13.0031995773,80.2476577759,43926,43936,10
13.0024299622,80.247833252,43936,43946,10
13.0016899109,80.2480392456,43946,43956,10
13.0008497238,80.2482681274,43956,43966,10
12.9998197556,80.2485275269,43966,43976,10
12.9981298447,80.248916626,43976,43997,21
12.9981298447,80.248916626,43997,44007,10
12.997879982,80.2489929199,44007,44017,10
12.9973201752,80.2491073608,44017,44027,10
12.9964895248,80.2493133545,44027,44037,10
12.9955301285,80.2495727539,44037,44047,10
12.9944000244,80.2498779297,44047,44057,10
12.9932203293,80.2501831055,44057,44068,11
12.9911603928,80.2507171631,44068,44128,60
12.9911603928,80.2507171631,44128,44139,11
12.9908800125,80.2507629395,44139,44149,10
12.9908103943,80.2507629395,44149,44159,10
12.990650177,80.2508087158,44159,44169,10
12.9902696609,80.2509002686,44169,44179,10
12.9900598526,80.2509307861,44179,44189,10
12.9896602631,80.2510528564,44189,44291,102
12.9896602631,80.2510528564,44291,44301,10
12.9893102646,80.2510604858,44301,44311,10
12.989109993,80.251121521,44311,44321,10
12.9888401031,80.2511672974,44321,44331,10
12.9885797501,80.2512588501,44331,44341,10
12.9883098602,80.2513885498,44341,44473,132
12.9883098602,80.2513885498,44473,44483,10
12.9880399704,80.2514266968,44483,44493,10
12.987830162,80.2515106201,44493,44503,10
12.9873104095,80.2516326904,44503,44513,10
12.9864501953,80.2518234253,44513,44524,11
12.9854097366,80.2520828247,44524,44534,10
12.9842700958,80.2524032593,44534,44544,10
12.9830703735,80.2526626587,44544,44554,10
12.9817800522,80.2527313232,44554,44564,10
12.9807596207,80.2527694702,44564,44574,10
12.9800100327,80.2528076172,44574,44584,10
12.9793195724,80.252746582,44584,44595,11
12.9786396027,80.2526397705,44595,44605,10
12.9785404205,80.2526016235,44605,44615,10
12.9781198502,80.252281189,44615,44625,10
12.9774904251,80.2517318726,44625,44635,10
12.9766101837,80.2512969971,44635,44645,10
12.9755001068,80.2509765625,44645,44655,10
12.9742898941,80.2506332397,44655,44665,10
12.9729995728,80.2502822876,44665,44676,11
12.971449852,80.2498931885,44676,44686,10
12.9701595306,80.24949646,44686,44696,10
12.9688301086,80.2489929199,44696,44706,10
12.9674797058,80.2485275269,44706,44716,10
12.9665803909,80.2480773926,44716,44726,10
12.9659004211,80.247756958,44726,44736,10
12.9651699066,80.2474975586,44736,44747,11
12.9651699066,80.2474899292,44747,44757,10
12.964799881,80.2473373413,44757,44767,10
12.9637899399,80.2469100952,44767,44787,20
12.9637899399,80.2469100952,44787,44797,10
12.9636697769,80.2468566895,44797,44807,10
12.9632501602,80.2466812134,44807,44818,11
12.9624595642,80.2462921143,44818,44828,10
12.9615697861,80.2458724976,44828,44838,10
12.9605302811,80.2453689575,44838,44848,10
12.95952034,80.2449569702,44848,44858,10
12.9593801498,80.2448883057,44858,44868,10
12.9593400955,80.2448806763,44868,44878,10
12.9589195251,80.2446975708,44878,44888,10
12.9582395554,80.244430542,44888,44899,11
12.9574899673,80.2441329956,44899,44909,10
12.9569501877,80.2438583374,44909,44939,30
12.9569501877,80.2438583374,44939,44949,10
12.9567604065,80.2437820435,44949,44970,21
12.9566698074,80.2437133789,44970,45081,111
12.9566698074,80.2437133789,45081,45091,10
12.9561595917,80.2435302734,45091,45101,10
12.9555797577,80.243270874,45101,45111,10
12.9547796249,80.2429199219,45111,45122,11
12.9539403915,80.2425765991,45122,45132,10
12.9532804489,80.2423019409,45132,45142,10
12.9525203705,80.2419967651,45142,45152,10
12.9518604279,80.2417984009,45152,45162,10
12.9517002106,80.2417297363,45162,45172,10
12.9512300491,80.2415466309,45172,45182,10
12.9504899979,80.241317749,45182,45192,10
12.9495801926,80.2410736084,45192,45203,11
12.9488601685,80.2407836914,45203,45213,10
12.94810009,80.2404632568,45213,45223,10
12.9473199844,80.2401428223,45223,45233,10
12.9472398758,80.2401123047,45233,45243,10
12.9470596313,80.2400512695,45243,45253,10
12.946559906,80.2398300171,45253,45263,10
12.9458398819,80.2395095825,45263,45274,11
12.945019722,80.2390213013,45274,45284,10
12.9442396164,80.2381896973,45284,45294,10
12.9433403015,80.2372665405,45294,45304,10
12.9421901703,80.236541748,45304,45314,10
12.9407501221,80.2361602783,45314,45324,10
12.9398002625,80.2358627319,45324,45334,10
12.9396495819,80.2358093262,45334,45344,10
12.9394598007,80.2357177734,45344,45355,11
12.9388399124,80.2354278564,45355,45365,10
12.9380502701,80.2350463867,45365,45375,10
12.9371700287,80.23462677,45375,45385,10
12.9361200333,80.2341308594,45385,45395,10
12.9350204468,80.2336273193,45395,45405,10
12.9339599609,80.2331390381,45405,45415,10
12.933839798,80.2330627441,45415,45426,11
12.933719635,80.2329864502,45426,45436,10
12.933259964,80.2327728271,45436,45446,10
12.9325199127,80.2324981689,45446,45456,10
12.9316501617,80.2321929932,45456,45466,10
12.9306201935,80.2318496704,45466,45476,10
12.9294595718,80.2315216064,45476,45486,10
12.9283304214,80.2313232422,45486,45496,10
12.9271202087,80.2311401367,45496,45507,11
12.9261302948,80.2310409546,45507,45517,10
12.926030159,80.2310409546,45517,45527,10
12.9255800247,80.2309875488,45527,45537,10
12.924949646,80.2309188843,45537,45547,10
12.9240999222,80.2308197021,45547,45557,10
12.9231595993,80.2306976318,45557,45567,10
12.9221000671,80.2305374146,45567,45578,11
12.9208898544,80.2303771973,45578,45588,10
12.9197702408,80.2302322388,45588,45598,10
12.9186000824,80.2300491333,45598,45608,10
12.9173603058,80.229888916,45608,45618,10
12.9160203934,80.2296981812,45618,45628,10
12.9147195816,80.2295303345,45628,45638,10
12.9137401581,80.2294006348,45638,45649,11
12.9133901596,80.2293701172,45649,45659,10
12.9132299423,80.2293319702,45659,45669,10
12.9126901627,80.2292327881,45669,45679,10
12.9118003845,80.229133606,45679,45689,10
12.9106798172,80.2289733887,45689,45699,10
12.9094295502,80.228767395,45699,45709,10
12.9080896378,80.2285385132,45709,45719,10
12.9068603516,80.2284164429,45719,45760,41
12.9068603516,80.2284164429,45760,45770,10
12.9067697525,80.2284088135,45770,45780,10
12.9063596725,80.2283935547,45780,45790,10
12.9055995941,80.2282714844,45790,45801,11
12.904540062,80.2282409668,45801,45811,10
12.903380394,80.2281570435,45811,45821,10
12.9021501541,80.2280731201,45821,45831,10
12.9010000229,80.2280197144,45831,45841,10
12.9003000259,80.2279663086,45841,45851,10
12.9001197815,80.2279968262,45851,45861,10
12.8996601105,80.2279815674,45861,45882,21
12.8996601105,80.2279815674,45882,45892,10
12.8993301392,80.2279434204,45892,45902,10
12.8987197876,80.227897644,45902,45912,10
12.8978796005,80.2278518677,45912,45922,10
12.8968496323,80.2277908325,45922,45932,10
12.8956604004,80.2277374268,45932,45942,10
12.8943395615,80.2276611328,45942,45953,11
12.892829895,80.2274932861,45953,45963,10
12.8915996552,80.2273864746,45963,45973,10
12.8901996613,80.2273864746,45973,45983,10
12.8887300491,80.2273864746,45983,45993,10
12.887169838,80.2272415161,45993,46003,10
12.8855800629,80.2268600464,46003,46013,10
12.8849096298,80.2267684937,46013,46023,10
12.8848304749,80.2267608643,46023,46034,11
12.8842897415,80.2267608643,46034,46044,10
12.8834495544,80.2267608643,46044,46054,10
12.8823900223,80.2267684937,46054,46064,10
12.8811998367,80.2267608643,46064,46074,10
12.8799295425,80.2267684937,46074,46084,10
12.8785200119,80.2268066406,46084,46094,10
12.8772201538,80.2269210815,46094,46105,11
12.8768501282,80.2269821167,46105,46115,10
12.8767204285,80.2269973755,46115,46125,10
12.8764400482,80.2270202637,46125,46135,10
12.8759403229,80.2270278931,46135,46145,10
12.875120163,80.2269668579,46145,46155,10
12.8741102219,80.2268371582,46155,46165,10
12.8730401993,80.2267608643,46165,46175,10
12.8719301224,80.2267227173,46175,46186,11
12.8705997467,80.2266464233,46186,46196,10
12.8693304062,80.2265319824,46196,46206,10
12.8680095673,80.2264480591,46206,46216,10
12.8666496277,80.2265777588,46216,46226,10
12.8652896881,80.2266387939,46226,46236,10
12.8638601303,80.2265777588,46236,46246,10
12.8623104095,80.2265930176,46246,46257,11
12.8609199524,80.2266387939,46257,46267,10
12.8608903885,80.2266464233,46267,46277,10
12.8604602814,80.2266082764,46277,46287,10
12.8597297668,80.2264785767,46287,46297,10
12.8588399887,80.2263565063,46297,46307,10
12.8577899933,80.2263183594,46307,46317,10
12.8566102982,80.2264099121,46317,46327,10
12.8552799225,80.2265167236,46327,46338,11
12.8536396027,80.2266921997,46338,46348,10
12.852060318,80.2267227173,46348,46358,10
12.8507499695,80.2266921997,46358,46368,10
12.8506097794,80.2266616821,46368,46378,10
12.8503103256,80.2266387939,46378,46388,10
12.8496799469,80.2266387939,46388,46398,10
12.8488197327,80.2266387939,46398,46409,11
12.8476896286,80.2266387939,46409,46419,10
12.8464899063,80.2266693115,46419,46429,10
12.8457298279,80.2266464233,46429,46439,10
12.8456802368,80.2266464233,46439,46449,10
12.8454198837,80.2266235352,46449,46459,10
12.8448495865,80.2266693115,46459,46469,10
12.8440303802,80.2267379761,46469,46479,10
12.8429803848,80.2269134521,46479,46490,11
12.8416099548,80.227180481,46490,46500,10
12.8404197693,80.2274932861,46500,46510,10
12.839799881,80.2276611328,46510,46520,10
12.8395204544,80.2277374268,46520,46530,10
12.8388299942,80.2279281616,46530,46540,10
12.8378295898,80.2281723022,46540,46550,10
12.8366203308,80.2284011841,46550,46561,11
12.8350801468,80.2286376953,46561,46571,10
12.833530426,80.2288970947,46571,46581,10
12.832110405,80.229133606,46581,46591,10
12.8316802979,80.2292175293,46591,46601,10
12.8316202164,80.2291488647,46601,46611,10
12.8315496445,80.2288818359,46611,46621,10
12.8315200806,80.2286911011,46621,46631,10
12.8314199448,80.2281723022,46631,46642,11
12.8312397003,80.2273101807,46642,46652,10
12.8310604095,80.2263336182,46652,46662,10
12.8310403824,80.2251434326,46662,46672,10
12.8310499191,80.2246398926,46672,46682,10
12.8310499191,80.2241134644,46682,46692,10
12.8310604095,80.2233200073,46692,46702,10
12.8310699463,80.2223968506,46702,46713,11
12.8310604095,80.2219924927,46713,46723,10
12.8310604095,80.2213668823,46723,46733,10
12.8310699463,80.2204818726,46733,46743,10
12.8310604095,80.2197570801,46743,46753,10
12.8309202194,80.2195129395,46753,46763,10
12.8301401138,80.2194900513,46763,46773,10
12.8292798996,80.2195129395,46773,46783,10
12.8282203674,80.2194976807,46783,46794,11
12.8275003433,80.2194900513,46794,46824,30
12.8275003433,80.2194900513,46824,46834,10
12.8272199631,80.2195205688,46834,46844,10
12.8267097473,80.2195205688,46844,46854,10
12.8260803223,80.2195205688,46854,46865,11
12.8254699707,80.2194976807,46865,46875,10
12.825340271,80.2194900513,46875,46885,10
12.8248796463,80.2194824219,46885,46895,10
12.8240404129,80.2194366455,46895,46905,10
12.82310009,80.2194366455,46905,46915,10
12.8229198456,80.2194671631,46915,46925,10
12.8226499557,80.2192993164,46925,46935,10
12.8225498199,80.2189025879,46935,46946,11
12.8225498199,80.2182235718,46946,46956,10
12.8226299286,80.2160568237,46956,46966,10
12.8226299286,80.2160568237,46966,46976,10
12.8229198456,80.2159500122,46976,46986,10
12.823340416,80.2159500122,46986,46996,10
12.8243198395,80.2159423828,46996,47293,297
12.8243198395,80.2159423828,47293,47303,10
12.8244800568,80.2159729004,47303,47314,11
12.8251495361,80.2159500122,47314,47324,10
12.8256702423,80.2159729004,47324,47334,10
12.8258495331,80.2163009644,47334,47344,10
12.8258800507,80.2170791626,47344,47354,10
12.8258895874,80.2180633545,47354,47364,10
12.8259000778,80.2191619873,47364,47374,10
12.8260297775,80.2193603516,47374,47384,10
12.8266096115,80.219367981,47384,47395,11
12.8273496628,80.2193374634,47395,47405,10
12.8275203705,80.219329834,47405,47415,10
12.8280696869,80.219329834,47415,47425,10
12.8288803101,80.2193527222,47425,47435,10
12.829369545,80.2193222046,47435,47445,10
12.8298597336,80.2193069458,47445,47455,10
12.8306398392,80.2192993164,47455,47465,10
12.8309898376,80.2193984985,47465,47476,11
12.8311395645,80.2200775146,47476,47486,10
12.8311300278,80.2208862305,47486,47496,10
12.8311500549,80.220993042,47496,47506,10
12.8311700821,80.2215499878,47506,47516,10
12.8311700821,80.2220611572,47516,47526,10
12.8311595917,80.2223892212,47526,47536,10
12.8311595917,80.2230911255,47536,47547,11
12.8311500549,80.2241287231,47547,47557,10
12.8311595917,80.2246322632,47557,47567,10
12.8311395645,80.2251586914,47567,47577,10
12.8311395645,80.225440979,47577,47587,10
12.8311300278,80.2254867554,47587,47595,8
12.8311395645,80.2258377075,47595,47607,12
12.8312301636,80.2267379761,47607,47618,11
12.8313999176,80.2276763916,47618,47628,10
12.831609726,80.2287368774,47628,47638,10
12.8317203522,80.2290420532,47638,47648,10
12.8318395615,80.2291030884,47648,47658,10
12.8322896957,80.2289810181,47658,47668,10
12.8331003189,80.2288208008,47668,47678,10
12.8341302872,80.2286300659,47678,47688,10
12.8354701996,80.2284011841,47688,47699,11
12.836810112,80.2282028198,47699,47709,10
12.8381204605,80.2279815674,47709,47719,10
12.8390598297,80.2277603149,47719,47729,10
12.8395204544,80.2276687622,47729,47739,10
12.8395204544,80.2276763916,47739,47749,10
12.8395795822,80.2276535034,47749,47759,10
12.8400497437,80.2275085449,47759,47770,11
12.8409099579,80.2272567749,47770,47780,10
12.8418598175,80.2270126343,47780,47790,10
12.843000412,80.2267379761,47790,47800,10
12.8442697525,80.2265472412,47800,47810,10
12.8453197479,80.2264709473,47810,47840,30
12.8453197479,80.2264709473,47840,47851,11
12.8454198837,80.2264328003,47851,47861,10
12.8459196091,80.2264633179,47861,47871,10
12.8465795517,80.2264633179,47871,47881,10
12.8474798203,80.2264633179,47881,47891,10
12.8485498428,80.2264709473,47891,47901,10
12.8496799469,80.2264480591,47901,47911,10
12.8499603271,80.2264404297,47911,47922,11
12.8502998352,80.2264480591,47922,47932,10
12.8509998322,80.2264785767,47932,47942,10
12.8519201279,80.2265396118,47942,47952,10
12.8530797958,80.2265777588,47952,47962,10
12.8543596268,80.2264709473,47962,47972,10
12.8557300568,80.2263183594,47972,47982,10
12.8570995331,80.2261581421,47982,47992,10
12.8583097458,80.2261123657,47992,48003,11
12.8595199585,80.2262573242,48003,48013,10
12.8606100082,80.2264404297,48013,48023,10
12.8616895676,80.2264862061,48023,48033,10
12.8628702164,80.2264328003,48033,48043,10
12.864159584,80.2264709473,48043,48053,10
12.8655595779,80.2265014648,48053,48063,10
12.8669700623,80.2264022827,48063,48074,11
12.8686103821,80.2262802124,48074,48084,10
12.8700799942,80.2264404297,48084,48094,10
12.8715295792,80.2265625,48094,48104,10
12.8727302551,80.2265625,48104,48124,20
12.8727302551,80.2265625,48124,48134,10
12.8729000092,80.226600647,48134,48145,11
12.8734798431,80.2266311646,48145,48155,10
12.8742904663,80.2267074585,48155,48165,10
12.8752698898,80.2268295288,48165,48175,10
12.876250267,80.2268676758,48175,48185,10
12.876449585,80.2268600464,48185,48195,10
12.8765497208,80.226852417,48195,48205,10
12.8769702911,80.2268218994,48205,48215,10
12.8777303696,80.2267379761,48215,48226,11
12.8788003922,80.2266693115,48226,48236,10
12.8799200058,80.2266464233,48236,48246,10
12.8811197281,80.2266311646,48246,48256,10
12.8823204041,80.2266311646,48256,48266,10
12.8834896088,80.2266082764,48266,48276,10
12.8845596313,80.226600647,48276,48286,10
12.8855695724,80.2266998291,48286,48296,10
12.886639595,80.2269897461,48296,48307,11
12.8879299164,80.2272033691,48307,48317,10
12.8892402649,80.2272567749,48317,48327,10
12.8905897141,80.2272567749,48327,48337,10
12.8919200897,80.2272567749,48337,48347,10
12.8929004669,80.2273635864,48347,48357,10
12.893910408,80.2274780273,48357,48367,10
12.895070076,80.2275466919,48367,48378,11
12.8964595795,80.2275924683,48378,48388,10
12.8977603912,80.2276687622,48388,48398,10
12.8990097046,80.2277297974,48398,48408,10
12.9003801346,80.2277374268,48408,48438,30
12.9003801346,80.2277374268,48438,48449,11
12.9004297256,80.2277526855,48449,48459,10
12.9007797241,80.2278137207,48459,48469,10
12.9012002945,80.2278518677,48469,48479,10
12.9021596909,80.2278900146,48479,48499,20
12.9021596909,80.2278900146,48499,48509,10
12.9023704529,80.227897644,48509,48519,10
12.9025402069,80.227897644,48519,48530,11
12.9030799866,80.2279434204,48530,48540,10
12.9039001465,80.2279968262,48540,48550,10
12.9048995972,80.2280578613,48550,48560,10
12.9059295654,80.2281036377,48560,48570,10
12.9062595367,80.2281417847,48570,48580,10
12.906419754,80.2281417847,48580,48590,10
12.9068803787,80.2281723022,48590,48601,11
12.9072999954,80.2282333374,48601,48611,10
12.9076795578,80.2282562256,48611,48621,10
12.9084196091,80.2283782959,48621,48631,10
12.9093904495,80.2285614014,48631,48641,10
12.9105796814,80.2287597656,48641,48651,10
12.911860466,80.2289581299,48651,48661,10
12.9131402969,80.2291564941,48661,48671,10
12.9142198563,80.229309082,48671,48682,11
12.9152498245,80.2294235229,48682,48692,10
12.9163599014,80.229598999,48692,48702,10
12.9175300598,80.2297363281,48702,48712,10
12.9187498093,80.2299118042,48712,48722,10
12.9200296402,80.2300720215,48722,48732,10
12.9213695526,80.2302398682,48732,48742,10
12.9227399826,80.2304611206,48742,48753,11
12.9242296219,80.2306594849,48753,48763,10
12.9254999161,80.2308425903,48763,48773,10
12.9267501831,80.2309875488,48773,48783,10
12.9280395508,80.2311325073,48783,48793,10
12.9287595749,80.2312393188,48793,48803,10
12.9295797348,80.2314071655,48803,48813,10
12.9305000305,80.231628418,48813,48823,10
12.9316101074,80.2319717407,48823,48834,11
12.9328699112,80.232383728,48834,48844,10
12.933259964,80.2325363159,48844,48854,10
12.9334497452,80.2326431274,48854,48864,10
12.9339704514,80.2328796387,48864,48874,10
12.9347600937,80.2332305908,48874,48884,10
12.9356203079,80.2336425781,48884,48894,10
12.9358797073,80.233757019,48894,48905,11
12.9364995956,80.2340621948,48905,48915,10
12.9372901917,80.2344207764,48915,48925,10
12.9382801056,80.2348937988,48925,48935,10
12.9393501282,80.2354278564,48935,48945,10
12.9405097961,80.2358779907,48945,48955,10
12.9417600632,80.2361907959,48955,48965,10
12.9429197311,80.2366333008,48965,48975,10
12.9437999725,80.2374572754,48975,48986,11
12.944729805,80.2385025024,48986,48996,10
12.9457302094,80.2392883301,48996,49006,10
12.9468097687,80.2397689819,49006,49016,10
12.9472103119,80.2399597168,49016,49026,10
12.9475402832,80.2400665283,49026,49036,10
12.9478902817,80.2401733398,49036,49046,10
12.9480199814,80.2402267456,49046,49057,11
12.9486999512,80.2404937744,49057,49087,30
12.9486999512,80.2404937744,49087,49097,10
12.9489402771,80.2405929565,49097,49107,10
12.9493198395,80.2407684326,49107,49116,9
12.9498701096,80.2409591675,49116,49127,11
12.9506998062,80.2412185669,49127,49138,11
12.9514799118,80.2414703369,49138,49148,10
12.9523000717,80.2417602539,49148,49158,10
12.9533195496,80.2421722412,49158,49168,10
12.9542798996,80.2425537109,49168,49178,10
12.9550600052,80.2428665161,49178,49188,10
12.9558296204,80.2432022095,49188,49198,10
12.9563999176,80.2434234619,49198,49209,11
12.9569301605,80.2436294556,49209,49219,10
12.9577302933,80.243927002,49219,49229,10
12.9586400986,80.2443008423,49229,49239,10
12.9589099884,80.2444229126,49239,49249,10
12.9593000412,80.2446212769,49249,49259,10
12.9600000381,80.2449417114,49259,49269,10
12.9609003067,80.2453384399,49269,49279,10
12.9619197845,80.2458190918,49279,49290,11
12.9631204605,80.246421814,49290,49300,10
12.9640703201,80.2468414307,49300,49310,10
12.9649095535,80.2471389771,49310,49320,10
12.9659204483,80.2474822998,49320,49330,10
12.9664697647,80.247718811,49330,49340,10
12.9665298462,80.2477493286,49340,49350,10
12.9669103622,80.2479629517,49350,49361,11
12.9676198959,80.248260498,49361,49371,10
12.968460083,80.2486190796,49371,49381,10
12.9695396423,80.2490386963,49381,49391,10
12.9707298279,80.2495193481,49391,49401,10
12.972029686,80.2499084473,49401,49411,10
12.9733495712,80.2502593994,49411,49421,10
12.9747800827,80.2506484985,49421,49431,10
12.9765195847,80.2511367798,49431,49442,11
12.977930069,80.2519073486,49442,49452,10
12.9785203934,80.2522964478,49452,49462,10
12.9786100388,80.2523498535,49462,49472,10
12.9790897369,80.2525177002,49472,49482,10
12.9797401428,80.2525787354,49482,49533,51
12.9797401428,80.2525787354,49533,49543,10
12.9798297882,80.2526016235,49543,49553,10
12.9802103043,80.2526016235,49553,49563,10
12.980890274,80.2526016235,49563,49573,10
12.9818201065,80.2525787354,49573,49584,11
12.9829902649,80.2525024414,49584,49594,10
12.9837999344,80.2523193359,49594,49604,10
12.9841003418,80.2522277832,49604,49614,10
12.98458004,80.2521133423,49614,49624,10
12.9853096008,80.2518997192,49624,49634,10
12.9861097336,80.251663208,49634,49786,152
12.9861097336,80.251663208,49786,49796,10
12.9864902496,80.2515792847,49796,49806,10
12.9870901108,80.2514266968,49806,49817,11
12.9876804352,80.2513198853,49817,49928,111
12.9876804352,80.2513198853,49928,49938,10
12.9877996445,80.2512817383,49938,49948,10
12.9882898331,80.2511367798,49948,49958,10
12.9890699387,80.2509384155,49958,49969,11
12.9894304276,80.2508621216,49969,49979,10
12.9896001816,80.250831604,49979,49989,10
12.9901800156,80.2506866455,49989,49999,10
12.9910202026,80.2504577637,49999,50009,10
12.9920301437,80.2501525879,50009,50019,10
12.9932203293,80.2498626709,50019,50029,10
12.9945001602,80.2495803833,50029,50040,11
12.995929718,80.2492218018,50040,50051,11
12.9965696335,80.2490386963,50051,50060,9
12.9967899323,80.2489929199,50060,50071,11
12.997420311,80.248840332,50071,50081,10
12.9982004166,80.248626709,50081,50091,10
12.9991397858,80.2483901978,50091,50101,10
13.0002603531,80.2481307983,50101,50112,11
13.0015897751,80.2478103638,50112,50122,10
13.0023002625,80.2476272583,50122,50132,10
13.0031003952,80.2474594116,50132,50142,10
13.004070282,80.2473220825,50142,50152,10
13.0051698685,80.2471694946,50152,50162,10
13.0063695908,80.2465591431,50162,50193,31
13.0063695908,80.2465591431,50193,50203,10
13.0065202713,80.2462692261,50203,50212,9
13.0065698624,80.2456970215,50212,50223,11
13.0065898895,80.2450027466,50223,50233,10
13.006529808,80.2443008423,50233,50243,10
13.0064697266,80.2438430786,50243,50253,10
13.0064201355,80.243270874,50253,50264,11
13.0065002441,80.2423477173,50264,50274,10
13.006480217,80.2413787842,50274,50284,10
13.0066299438,80.2406387329,50284,50294,10
13.0067396164,80.2400131226,50294,50304,10
13.0068597794,80.239151001,50304,50314,10
13.0070800781,80.2381820679,50314,50324,10
13.0072698593,80.237411499,50324,50334,10
13.0073604584,80.2367706299,50334,50345,11
13.0074195862,80.2366104126,50345,50355,10
13.0075502396,80.2361297607,50355,50365,10
13.0076799393,80.2354202271,50365,50375,10
13.0078401566,80.2346801758,50375,50385,10
13.0080003738,80.2338790894,50385,50395,10
13.008190155,80.2329025269,50395,50405,10
13.0084104538,80.2318725586,50405,50416,11
13.008649826,80.2305221558,50416,50426,10
13.0088701248,80.2294311523,50426,50436,10
13.0090904236,80.2283706665,50436,50446,10
13.009519577,80.2272872925,50446,50456,10
13.0099000931,80.2264633179,50456,50466,10
13.0102396011,80.225730896,50466,50476,10
13.0103702545,80.2254867554,50476,50486,10
13.0104503632,80.2253265381,50486,50497,11
13.0105400085,80.225151062,50497,50507,10
13.0106601715,80.2249526978,50507,50517,10
13.0107603073,80.2247161865,50517,50527,10
13.010890007,80.2243728638,50527,50537,10
13.0109996796,80.2241287231,50537,50547,10
13.0112104416,80.2236099243,50547,50557,10
13.0114898682,80.2229232788,50557,50568,11
13.0118503571,80.2219390869,50568,50578,10
13.0122499466,80.221496582,50578,50588,10
13.0125303268,80.2218399048,50588,50598,10
13.0130195618,80.222366333,50598,50608,10
13.0136404037,80.2230072021,50608,50618,10
13.0142698288,80.2237930298,50618,50628,10
13.014840126,80.2243804932,50628,50638,10
13.0155000687,80.2249221802,50638,50649,11
13.0155496597,80.2249679565,50649,50659,10
13.0157804489,80.2251205444,50659,50669,10
13.0164403915,80.2252731323,50669,50679,10
13.0171499252,80.2250213623,50679,50689,10
13.0184497833,80.2244873047,50689,50699,10
13.0194501877,80.2243499756,50699,50709,10
13.0200996399,80.2248001099,50709,50730,21
13.0200996399,80.2248001099,50730,50739,9
13.0201702118,80.2249298096,50739,50750,11
13.0206899643,80.2252807617,50750,50760,10
13.0213603973,80.2258377075,50760,50770,10
13.0222501755,80.2265014648,50770,50780,10
13.0231800079,80.2273406982,50780,50790,10
13.0238800049,80.2279434204,50790,50801,11
13.024310112,80.2283782959,50801,50811,10
13.0243301392,80.2284011841,50811,50821,10
13.0243196487,80.2285308838,50821,50831,10
13.0242004395,80.2284698486,50831,50841,10
13.0238599777,80.2280578613,50841,50851,10
13.0232801437,80.2274932861,50851,50861,10
13.0225296021,80.2267990112,50861,50872,11
13.0215597153,80.226020813,50872,50882,10
13.0208501816,80.2254333496,50882,50892,10
13.0203504562,80.2250976563,50892,50902,10
13.0196695328,80.224647522,50902,50912,10
13.0187301636,80.2245635986,50912,50922,10
13.0178003311,80.2249221802,50922,50932,10
13.0170602798,80.2252197266,50932,50942,10
13.0164403915,80.2254867554,50942,50953,11
13.0158500671,80.2256622314,50953,50963,10
13.0152702332,80.2258911133,50963,50973,10
13.0148200989,80.2260284424,50973,50983,10
13.0141801834,80.2259979248,50983,51003,20
13.0141801834,80.2259979248,51003,51013,10
13.0141897202,80.2256393433,51013,51024,11
13.0140895844,80.2253417969,51024,51034,10
13.0141000748,80.2253265381,51034,51044,10
13.0141897202,80.2255783081,51044,51165,121
13.0141897202,80.2255783081,51165,51176,11
13.0142698288,80.2257385254,51176,51186,10
13.0144901276,80.2258987427,51186,52361,1175
13.0146198273,80.2259292603,52361,52564,203
13.0145196915,80.2259292603,52564,55199,2635
13.0145196915,80.2259292603,55199,55209,10
13.0143003464,80.2258529663,55209,55219,10
13.0142402649,80.2260665894,55219,55230,11
13.0140104294,80.2263031006,55230,55240,10
13.0134601593,80.2265625,55240,55250,10
13.0127000809,80.2268981934,55250,55260,10
13.0119104385,80.2272415161,55260,55270,10
13.011179924,80.2275238037,55270,55280,10
13.010430336,80.2278213501,55280,55290,10
13.0097503662,80.2279815674,55290,55301,11
13.0095901489,80.2275238037,55301,55311,10
13.0098104477,80.2269821167,55311,55321,10
13.0101499557,80.2262191772,55321,55331,10
13.0104503632,80.2255401611,55331,55341,10
13.0106801987,80.2249908447,55341,55351,10
13.0108804703,80.2244186401,55351,55361,10
13.0111598969,80.2238235474,55361,55371,10
13.0113401413,80.2232666016,55371,55382,11
13.0118598938,80.2234573364,55382,55392,10
13.0124998093,80.2238235474,55392,55402,10
13.0131502151,80.2241210938,55402,55412,10
13.0137996674,80.2244567871,55412,55422,10
13.0144395828,80.2248382568,55422,55432,10
13.014840126,80.2250289917,55432,55442,10
13.0151796341,80.2252120972,55442,55453,11
13.0153598785,80.2252197266,55453,55463,10
13.0157604218,80.2252197266,55463,55473,10
13.0164499283,80.2252426147,55473,55483,10
13.0173101425,80.2249221802,55483,55493,10
13.0182600021,80.2245483398,55493,55503,10
13.0191001892,80.224319458,55503,55513,10
13.019780159,80.2245483398,55513,55523,10
13.0203399658,80.224937439,55523,55534,11
13.0209197998,80.2253799438,55534,55544,10
13.0214500427,80.2257995605,55544,55554,10
13.0220499039,80.2262115479,55554,55564,10
13.0222396851,80.2263717651,55564,55574,10
13.0224599838,80.2265701294,55574,55584,10
13.0228996277,80.2269821167,55584,55594,10
13.0232896805,80.2273406982,55594,55605,11
13.0238599777,80.2278671265,55605,55615,10
13.0241603851,80.2282180786,55615,55625,10
13.0242795944,80.2284698486,55625,55635,10
13.0241003036,80.2284622192,55635,55645,10
13.0239295959,80.2282562256,55645,55655,10
13.0234603882,80.2277526855,55655,55686,31
13.0234603882,80.2277526855,55686,55696,10
13.0231800079,80.2274780273,55696,55706,10
13.022769928,80.2271194458,55706,55716,10
13.0225200653,80.2268371582,55716,55726,10
13.0221595764,80.2265014648,55726,55736,10
13.0215902328,80.2260284424,55736,55746,10
13.0209903717,80.2255020142,55746,55757,11
13.0202999115,80.2250671387,55757,55767,10
13.0195999146,80.224609375,55767,55777,10
13.0187397003,80.2245407104,55777,55787,10
13.017780304,80.2249298096,55787,55797,10
13.0169801712,80.2252731323,55797,55807,10
13.0166501999,80.2254180908,55807,55817,10
13.0164203644,80.2255020142,55817,55828,11
13.0159301758,80.225692749,55828,55838,10
13.0152797699,80.2259597778,55838,55848,10
13.014670372,80.2262420654,55848,55858,10
13.0144395828,80.2263412476,55858,55868,10
13.0143499374,80.226348877,55868,55878,10
13.0139904022,80.2264785767,55878,55888,10
13.0133399963,80.2267684937,55888,55898,10
13.0124998093,80.2270736694,55898,55909,11
13.0113697052,80.2275238037,55909,55919,10
13.0102500916,80.2279815674,55919,55929,10
13.0092601776,80.2284622192,55929,55939,10
13.0089597702,80.2293930054,55939,55949,10
13.0087003708,80.2305908203,55949,55959,10
13.0084896088,80.2319488525,55959,55969,10
13.0082998276,80.2331924438,55969,55980,11
13.0082597733,80.2336196899,55980,55990,10
13.0082302094,80.2336730957,55990,56000,10
13.0081195831,80.2340164185,56000,56010,10
13.0080003738,80.2346191406,56010,56020,10
13.0078496933,80.2353668213,56020,56030,10
13.0076599121,80.2362976074,56030,56040,10
13.0074100494,80.237487793,56040,56050,10
13.0072002411,80.238609314,56050,56061,11
13.0069904327,80.2395935059,56061,56071,10
13.0069303513,80.2400970459,56071,56081,10
13.0068798065,80.240562439,56081,56091,10
13.0068702698,80.2405929565,56091,56101,10
13.0068101883,80.2409591675,56101,56111,10
13.0067596436,80.2417602539,56111,56121,10
13.0067195892,80.2425613403,56121,56132,11
13.0067396164,80.2433395386,56132,56142,10
13.0067396164,80.2439575195,56142,56152,10
13.0066995621,80.2448577881,56152,56162,10
13.0066699982,80.2455978394,56162,56172,10
13.0066699982,80.2459564209,56172,56182,10
13.0067100525,80.2463531494,56182,56192,10
13.0066995621,80.2469329834,56192,56202,10
13.0063695908,80.2473983765,56202,56213,11
13.0062103271,80.2474212646,56213,56223,10
13.0061397552,80.2474365234,56223,56233,10
13.0057296753,80.247428894,56233,56243,10
13.0050401688,80.2474594116,56243,56253,10
13.0041103363,80.2475814819,56253,56263,10
13.0031099319,80.2477264404,56263,56273,10
13.0024995804,80.2478179932,56273,56284,11
13.0019702911,80.2479400635,56284,56294,10
13.0012397766,80.2481231689,56294,56304,10
13.0002298355,80.2483520508,56304,56314,10
12.99903965,80.2486572266,56314,56324,10
12.9976797104,80.2489776611,56324,56334,10
12.9963197708,80.2493209839,56334,56344,10
12.9951095581,80.2496490479,56344,56354,10
12.9939804077,80.2499313354,56354,56365,11
12.9927301407,80.25025177,56365,56375,10
12.991519928,80.2505569458,56375,56385,10
12.9910898209,80.2506713867,56385,56395,10
12.990819931,80.2507629395,56395,56405,10
12.9902000427,80.2509307861,56405,56415,10
12.9893398285,80.2511367798,56415,56425,10
12.9884395599,80.2513809204,56425,56527,102
12.9884395599,80.2513809204,56527,56537,10
12.9882297516,80.2513885498,56537,56547,10
12.9879102707,80.2515029907,56547,56557,10
12.9874000549,80.2516326904,56557,56567,10
12.9867095947,80.2518234253,56567,56577,10
12.9859895706,80.2519683838,56577,56588,11
12.9849596024,80.252243042,56588,56598,10
12.9839096069,80.252532959,56598,56608,10
12.9827404022,80.2527236938,56608,56618,10
12.9815597534,80.2527313232,56618,56628,10
12.9806995392,80.2527618408,56628,56638,10
12.9802999496,80.2527999878,56638,56648,10
12.9797201157,80.252822876,56648,56658,10
12.9788999557,80.2527236938,56658,56669,11
12.978679657,80.2526702881,56669,56679,10
12.9784402847,80.2525634766,56679,56689,10
12.9779596329,80.2521820068,56689,56699,10
12.9774799347,80.2517623901,56699,56709,10
12.9770002365,80.2514724731,56709,56719,10
12.9763202667,80.2512207031,56719,56729,10
12.9755802155,80.2510223389,56729,56740,11
12.9745798111,80.2507476807,56740,56750,10
12.9735803604,80.2504577637,56750,56760,10
12.9725503922,80.2501983643,56760,56770,10
12.9715204239,80.2499389648,56770,56780,10
12.9706497192,80.2497177124,56780,56790,10
12.9697198868,80.2493667603,56790,56800,10
12.9687795639,80.2490005493,56800,56810,10
12.9678401947,80.2485809326,56810,56821,11
12.9670495987,80.2482299805,56821,56831,10
12.9664802551,80.2479476929,56831,56841,10
12.9658203125,80.2476806641,56841,56851,10
12.9650602341,80.247428894,56851,56861,10
12.9650201797,80.2473907471,56861,56871,10
12.9647397995,80.2472763062,56871,56881,10
12.9639997482,80.2470397949,56881,56922,41
12.9639997482,80.2470397949,56922,56932,10
12.9637899399,80.246963501,56932,56942,10
12.9633903503,80.2467803955,56942,56952,10
12.9627103806,80.246421814,56952,56963,11
12.9618196487,80.2459564209,56963,56973,10
12.960849762,80.2454910278,56973,56983,10
12.9598999023,80.2450637817,56983,56993,10
12.9593696594,80.2448501587,56993,57003,10
12.9593400955,80.2448196411,57003,57012,9
12.9589796066,80.2446594238,57012,57023,11
12.9582700729,80.2443618774,57023,57033,10
12.9576101303,80.2441329956,57033,57044,11
12.9567499161,80.243888855,57044,57064,20
12.9567499161,80.243888855,57064,57074,10
12.9565696716,80.2438430786,57074,57125,51
12.9565696716,80.2438430786,57125,57135,10
12.9561195374,80.243637085,57135,57145,10
12.9555797577,80.2433166504,57145,57155,10
12.9548397064,80.2429504395,57155,57165,10
12.9539403915,80.2425613403,57165,57175,10
12.952870369,80.2421417236,57175,57185,10
12.9518203735,80.2417373657,57185,57196,11
12.9516000748,80.2416763306,57196,57206,10
12.9512996674,80.2415771484,57206,57216,10
12.9506597519,80.2413406372,57216,57226,10
12.9497995377,80.2411117554,57226,57236,10
12.949259758,80.2408981323,57236,57246,10
12.9492197037,80.2408828735,57246,57256,10
12.9490699768,80.2408294678,57256,57267,11
12.9484901428,80.2406005859,57267,57277,10
12.9476804733,80.2402572632,57277,57287,10
12.9466295242,80.2398300171,57287,57297,10
12.9454097748,80.2393035889,57297,57307,10
12.9444198608,80.2383499146,57307,57317,10
12.9435901642,80.237449646,57317,57327,10
12.9427995682,80.2367477417,57327,57337,10
12.9416503906,80.2363433838,57337,57348,11
12.9397602081,80.2358627319,57348,57368,20
12.9397602081,80.2358627319,57368,57378,10
12.9394102097,80.235710144,57378,57388,10
12.9387302399,80.2353286743,57388,57398,10
12.9378004074,80.2348709106,57398,57408,10
12.9367399216,80.234336853,57408,57419,11
12.9358797073,80.2339019775,57419,57429,10
12.9349803925,80.2335205078,57429,57439,10
12.9341402054,80.2331390381,57439,57449,10
12.9340496063,80.2331008911,57449,57459,10
12.9338197708,80.2329483032,57459,57469,10
12.9331998825,80.2326889038,57469,57479,10
12.9322595596,80.2323379517,57479,57489,10
12.9310903549,80.2319564819,57489,57500,11
12.9297504425,80.2315826416,57500,57510,10
12.9289598465,80.2314224243,57510,57520,10
12.9282598495,80.2312774658,57520,57530,10
12.927359581,80.2311935425,57530,57540,10
12.9263296127,80.2310791016,57540,57550,10
12.9260597229,80.231086731,57550,57560,10
12.9258403778,80.2310714722,57560,57571,11
12.9251499176,80.2309570313,57571,57581,10
12.9242200851,80.2308731079,57581,57591,10
12.9230604172,80.2307128906,57591,57601,10
12.9216995239,80.2304992676,57601,57611,10
12.9202604294,80.2303085327,57611,57621,10
12.918800354,80.2301177979,57621,57631,10
12.9174804688,80.2299499512,57631,57641,10
12.916390419,80.2297973633,57641,57652,11
12.9150495529,80.2296218872,57652,57662,10
12.913860321,80.2294387817,57662,57672,10
12.9134502411,80.2294311523,57672,57682,10
12.9133195877,80.2294006348,57682,57692,10
12.9128103256,80.229309082,57692,57702,10
12.9119796753,80.2291717529,57702,57712,10
12.910900116,80.2290115356,57712,57723,11
12.9095201492,80.228767395,57723,57733,10
12.9082298279,80.2285690308,57733,57743,10
12.9072198868,80.228477478,57743,57753,10
12.9065103531,80.2284164429,57753,57763,10
12.9062795639,80.2283782959,57763,57773,10
12.9058103561,80.2283630371,57773,57783,10
12.904999733,80.2283096313,57783,57793,10
12.9040603638,80.2282562256,57793,57804,11
12.9029302597,80.2282028198,57804,57814,10
12.9020595551,80.2281799316,57814,57854,40
12.9020595551,80.2281799316,57854,57864,10
12.9017000198,80.2281112671,57864,57875,11
12.9012002945,80.2281036377,57875,57885,10
12.9005002975,80.2280426025,57885,57895,10
12.8996200562,80.2280426025,57895,57915,20
12.8996200562,80.2280426025,57915,57925,10
12.8994398117,80.2280273438,57925,57935,10
12.898900032,80.2279815674,57935,57945,10
12.8981399536,80.2279205322,57945,57956,11
12.8971300125,80.2278366089,57956,57966,10
12.8961200714,80.2277832031,57966,57976,10
12.8951997757,80.2277374268,57976,57986,10
12.8942604065,80.2276992798,57986,57996,10
12.8935403824,80.2276077271,57996,58006,10
12.8931303024,80.2275390625,58006,58016,10
12.8927402496,80.2275238037,58016,58027,11
12.8925304413,80.2275009155,58027,58037,10
12.8923397064,80.2274627686,58037,58047,10
12.8918104172,80.2274627686,58047,58057,10
12.8909797668,80.2274475098,58057,58067,10
12.8899002075,80.2274627686,58067,58077,10
12.8886804581,80.227432251,58077,58087,10
12.8875398636,80.2273330688,58087,58097,10
12.8864202499,80.2270965576,58097,58108,11
12.8851995468,80.2268218994,58108,58118,10
12.8849401474,80.2267990112,58118,58128,10
12.8848600388,80.2267684937,58128,58138,10
12.8844099045,80.2267837524,58138,58148,10
12.8836297989,80.2267913818,58148,58158,10
12.882610321,80.2267913818,58158,58168,10
12.881360054,80.2268066406,58168,58179,11
12.8798398972,80.2268295288,58179,58189,10
12.878279686,80.2268981934,58189,58199,10
12.8769903183,80.2269973755,58199,58209,10
12.8765096664,80.2270584106,58209,58219,10
12.8763799667,80.2270889282,58219,58229,10
12.8758001328,80.2270812988,58229,58239,10
12.8749198914,80.2270126343,58239,58249,10
12.8737297058,80.2268371582,58249,58260,11
12.872759819,80.2267990112,58260,58270,10
12.8726100922,80.2267837524,58270,58280,10
12.8720903397,80.2267684937,58280,58290,10
12.8711996078,80.2267303467,58290,58300,10
12.8700704575,80.2266387939,58300,58310,10
12.8687496185,80.2264709473,58310,58320,10
12.8672399521,80.2265090942,58320,58331,11
12.8655004501,80.2266616821,58331,58341,10
12.8639497757,80.2266235352,58341,58351,10
12.8625802994,80.2265701294,58351,58361,10
12.8613004684,80.2266464233,58361,58371,10
12.8610200882,80.2266693115,58371,58381,10
12.8606004715,80.2266387939,58381,58391,10
12.8598203659,80.2265396118,58391,58402,11
12.8589801788,80.2264022827,58402,58412,10
12.8581695557,80.2263336182,58412,58422,10
12.8571395874,80.2263565063,58422,58432,10
12.8558998108,80.2264862061,58432,58442,10
12.8545598984,80.2266387939,58442,58452,10
12.8531198502,80.2267532349,58452,58462,10
12.8516998291,80.2267303467,58462,58472,10
12.8505601883,80.2266693115,58472,58483,11
12.8502197266,80.2266616821,58483,58493,10
12.8496799469,80.2266387939,58493,58503,10
12.8487701416,80.2266616821,58503,58513,10
12.8476200104,80.2266998291,58513,58523,10
12.8464002609,80.2267074585,58523,58533,10
12.8456001282,80.2267074585,58533,58543,10
12.8454999924,80.2267227173,58543,58553,10
12.8452196121,80.2267227173,58553,58564,11
12.8444795609,80.2267608643,58564,58574,10
12.8435697556,80.2268295288,58574,58584,10
12.8424901962,80.2270431519,58584,58594,10
12.8412904739,80.2273406982,58594,58604,10
12.8403301239,80.2276229858,58604,58614,10
12.8398103714,80.2278366089,58614,58624,10
12.8396196365,80.227897644,58624,58635,11
12.8389501572,80.2280197144,58635,58645,10
12.8379402161,80.2282562256,58645,58655,10
12.8366699219,80.2284698486,58655,58665,10
12.8352003098,80.2286911011,58665,58675,10
12.8337402344,80.2289199829,58675,58685,10
12.8325195313,80.2291183472,58685,58695,10
12.8317203522,80.2292633057,58695,58706,11
12.831580162,80.2290420532,58706,58716,10
12.8315496445,80.2288894653,58716,58726,10
12.8314399719,80.2283325195,58726,58736,10
12.8312797546,80.2274780273,58736,58746,10
12.8310604095,80.2264022827,58746,58756,10
12.8310604095,80.2252197266,58756,58766,10
12.8310699463,80.2247695923,58766,58776,10
12.8310804367,80.2243423462,58776,58787,11
12.8310804367,80.2234802246,58787,58797,10
12.8310804367,80.2225494385,58797,58807,10
12.8310699463,80.2222213745,58807,58817,10
12.8310699463,80.2216796875,58817,58827,10
12.8310699463,80.2208633423,58827,58837,10
12.8310604095,80.2200012207,58837,58847,10
12.8310098648,80.2196502686,58847,58858,11
12.8302898407,80.219543457,58858,58868,10
12.8294200897,80.219543457,58868,58878,10
12.8283195496,80.219543457,58878,58888,10
12.8276395798,80.2195281982,58888,58898,10
12.8275699615,80.2195205688,58898,58908,10
12.8274803162,80.219543457,58908,58918,10
12.8270998001,80.2195205688,58918,58928,10
12.8262796402,80.219543457,58928,58939,11
12.8259496689,80.2195129395,58939,58949,10
12.8258600235,80.2192764282,58949,58959,10
12.8258895874,80.2190628052,58959,58969,10
12.8258695602,80.2185211182,58969,58979,10
12.8258695602,80.2176818848,58979,58989,10
12.8258895874,80.2166519165,58989,58999,10
12.8256998062,80.2161178589,58999,59010,11
12.8253002167,80.2161102295,59010,59020,10
12.8247499466,80.2161102295,59020,59030,10
12.8243598938,80.2161331177,59030,59447,417
12.8241996765,80.2160263062,59447,59457,10
12.8241996765,80.2160263062,59457,59468,11
12.8236904144,80.2160568237,59468,59478,10
12.8232002258,80.2160415649,59478,59488,10
12.822810173,80.2160415649,59488,59508,20
12.822810173,80.2160415649,59508,59521,13
12.8227100372,80.2161636353,59521,59531,10
12.8227500916,80.2168884277,59531,59542,11
12.8227300644,80.2177886963,59542,59552,10
12.822719574,80.2187805176,59552,59562,10
12.8227300644,80.2191772461,59562,59572,10
12.8228597641,80.2193984985,59572,59582,10
12.8230199814,80.2194213867,59582,59592,10
12.8235702515,80.2194213867,59592,59602,10
12.8242902756,80.2193984985,59602,59613,11
12.8254404068,80.2194137573,59613,59633,20
12.8254404068,80.2194137573,59633,59643,10
12.8262195587,80.2194213867,59643,59663,20
12.8262195587,80.2194213867,59663,59673,10
12.8264503479,80.2193984985,59673,59683,10
12.8272199631,80.2194290161,59683,59724,41
12.8272199631,80.2194290161,59724,59734,10
12.8275203705,80.2194290161,59734,59754,20
12.8275203705,80.2194290161,59754,59765,11
12.82791996,80.2193984985,59765,59775,10
12.8283500671,80.2194137573,59775,59785,10
12.8291501999,80.2194290161,59785,59794,9
12.8299999237,80.2194213867,59794,59805,11
12.8306798935,80.2194213867,59805,59815,10
12.8310804367,80.2194900513,59815,59825,10
12.831199646,80.2199783325,59825,59836,11
12.831199646,80.2208633423,59836,59846,10
12.831199646,80.2217330933,59846,59856,10
12.8311901093,80.2221298218,59856,59866,10
12.8311796188,80.2225189209,59866,59876,10
12.8311700821,80.2231216431,59876,59886,10
12.8311395645,80.2238616943,59886,59896,10
12.8311395645,80.2245330811,59896,59906,10
12.8311595917,80.2249221802,59906,59917,11
12.8311796188,80.2256469727,59917,59927,10
12.8312196732,80.2264175415,59927,59937,10
12.8313398361,80.2270431519,59937,59947,10
12.8314399719,80.2275695801,59947,59957,10
12.8316001892,80.2283401489,59957,59967,10
12.8317403793,80.2289810181,59967,59977,10
12.8317403793,80.2290115356,59977,59988,11
12.8320598602,80.2290802002,59988,59998,10
12.8327798843,80.2289276123,59998,60008,10
12.8337697983,80.2287597656,60008,60018,10
12.8349599838,80.2285995483,60018,60028,10
12.8363103867,80.2284164429,60028,60038,10
12.8377895355,80.2282028198,60038,60048,10
12.8389196396,80.227897644,60048,60058,10
12.8394203186,80.2276611328,60058,60069,11
12.8402500153,80.2274780273,60069,60079,10
12.8409996033,80.2273025513,60079,60089,10
12.8417797089,80.2270965576,60089,60099,10
12.8426303864,80.2269287109,60099,60109,10
12.8436603546,80.2267608643,60109,60119,10
12.8448095322,80.2266082764,60119,60129,10
12.8453598022,80.2265625,60129,60140,11
12.8453502655,80.2265625,60140,60150,10
12.8455495834,80.2265472412,60150,60160,10
12.8456296921,80.2265396118,60160,60170,10
12.8458204269,80.2265472412,60170,60180,10
12.8463697433,80.2265396118,60180,60190,10
12.8472604752,80.2265396118,60190,60200,10
12.848279953,80.2265396118,60200,60210,10
12.849360466,80.2265319824,60210,60221,11
12.8499603271,80.2265090942,60221,60231,10
12.8500099182,80.2265090942,60231,60241,10
12.8504104614,80.2265090942,60241,60251,10
12.8511400223,80.2265625,60251,60261,10
12.8521203995,80.2266235352,60261,60271,10
12.8532495499,80.2266616821,60271,60281,10
12.8545198441,80.2265319824,60281,60292,11
12.8559799194,80.2263717651,60292,60302,10
12.8570804596,80.2262420654,60302,60312,10
12.8579397202,80.2261734009,60312,60322,10
12.8583803177,80.2261962891,60322,60332,10
12.8585796356,80.2261886597,60332,60342,10
12.8591899872,80.226272583,60342,60352,10
12.8599796295,80.2263793945,60352,60362,10
12.8606796265,80.2264633179,60362,60373,11
12.86095047,80.2264785767,60373,60383,10
12.8615703583,80.2265396118,60383,60393,10
12.8625001907,80.2265167236,60393,60403,10
12.8635997772,80.2265014648,60403,60413,10
12.8648796082,80.2265396118,60413,60423,10
12.8662099838,80.2265396118,60423,60433,10
12.8675699234,80.2264175415,60433,60444,11
12.8691596985,80.2263793945,60444,60454,10
12.8706502914,80.2265625,60454,60464,10
12.8718900681,80.2266387939,60464,60474,10
12.8726701736,80.2266387939,60474,60484,10
12.8727397919,80.2266235352,60484,60494,10
12.8731298447,80.2266311646,60494,60504,10
12.8738803864,80.2266998291,60504,60514,10
12.8749103546,80.2268371582,60514,60525,11
12.8761196136,80.2269134521,60525,60535,10
12.8765897751,80.226890564,60535,60545,10
12.8765897751,80.2268829346,60545,60556,11
12.8769397736,80.2268829346,60556,60565,9
12.8776798248,80.226852417,60565,60576,11
12.878780365,80.2267684937,60576,60586,10
12.8800001144,80.2267227173,60586,60597,11
12.8815202713,80.2267227173,60597,60607,10
12.8828697205,80.2266998291,60607,60616,9
12.8842897415,80.2266616821,60616,60627,11
12.8851003647,80.2266616821,60627,60637,10
12.8851203918,80.2266616821,60637,60647,10
12.8852996826,80.2266387939,60647,60657,10
12.8860397339,80.2268295288,60657,60668,11
12.8871803284,80.227142334,60668,60678,10
12.8883895874,80.2272872925,60678,60688,10
12.8897600174,80.2273025513,60688,60698,10
12.8911399841,80.2273101807,60698,60708,10
12.8923397064,80.2273406982,60708,60718,10
12.8934803009,80.2274627686,60718,60728,10
12.8947401047,80.2275695801,60728,60738,10
12.8961400986,80.2276229858,60738,60749,11
12.8974599838,80.2276992798,60749,60759,10
12.898730278,80.2277679443,60759,60770,11
12.8996601105,80.2277908325,60770,60780,10
12.9004001617,80.2278213501,60780,60790,10
12.9007196426,80.2278366089,60790,60800,10
12.901049614,80.2278823853,60800,60810,10
12.9016504288,80.227897644,60810,60821,11
12.9026098251,80.2279434204,60821,60841,20
12.9026098251,80.2279434204,60841,60851,10
12.9028997421,80.2279205322,60851,60861,10
12.9034996033,80.2279815674,60861,60871,10
12.9043302536,80.2280426025,60871,60882,11
12.9051799774,80.2280807495,60882,60892,10
12.9055700302,80.2280578613,60892,60933,41
12.9055700302,80.2280578613,60933,60943,10
12.9057998657,80.2280197144,60943,60953,10
12.9062204361,80.2281036377,60953,60963,10
12.9067697525,80.228187561,60963,60974,11
12.9070100784,80.2282104492,60974,60984,10
12.9074697495,80.2282714844,60984,60994,10
12.9082899094,80.2284622192,60994,61004,10
12.9092597961,80.2286605835,61004,61014,10
12.9103298187,80.2288284302,61014,61024,10
12.9116201401,80.2290267944,61024,61034,10
12.9129199982,80.2292022705,61034,61044,10
12.9138202667,80.2292633057,61044,61055,11
12.9139299393,80.2292480469,61055,61065,10
12.9142799377,80.229309082,61065,61075,10
12.9149503708,80.2294311523,61075,61085,10
12.9159097672,80.2296218872,61085,61095,10
12.9170398712,80.2297821045,61095,61105,10
12.9183301926,80.2299575806,61105,61115,10
12.9194402695,80.2300796509,61115,61126,11
12.9207401276,80.2302627563,61126,61136,10
12.9221000671,80.2304382324,61136,61146,10
12.9235496521,80.2306289673,61146,61156,10
12.9250602722,80.230796814,61156,61166,10
12.9261598587,80.2308731079,61166,61176,10
12.9264001846,80.2309036255,61176,61186,10
12.9265203476,80.2308807373,61186,61196,10
12.9270601273,80.2309799194,61196,61207,11
12.9280004501,80.2311172485,61207,61217,10
12.9289102554,80.2312698364,61217,61227,10
12.9298801422,80.2314834595,61227,61237,10
12.9309997559,80.2317810059,61237,61247,10
12.9322500229,80.2322006226,61247,61257,10
12.9332895279,80.2325592041,61257,61267,10
12.9336204529,80.2326965332,61267,61278,11
12.9336500168,80.2327194214,61278,61288,10
12.9340696335,80.2329177856,61288,61298,10
12.9347496033,80.2332382202,61298,61308,10
12.9355201721,80.2336196899,61308,61318,10
12.9363698959,80.234046936,61318,61328,10
12.9373998642,80.2345275879,61328,61338,10
12.9385204315,80.2350692749,61338,61348,10
12.9394397736,80.235496521,61348,61359,11
12.9395704269,80.2355575562,61359,61369,10
12.9396800995,80.2356185913,61369,61379,10
12.9399595261,80.2357406616,61379,61389,10
12.9405899048,80.2359619141,61389,61399,10
12.9414796829,80.2361679077,61399,61409,10
12.9425802231,80.2364807129,61409,61419,10
12.9436101913,80.2372436523,61419,61430,11
12.9446697235,80.2384033203,61430,61440,10
12.9458503723,80.2393264771,61440,61450,10
12.9471797943,80.2398986816,61450,61470,20
12.9471797943,80.2398986816,61470,61480,10
12.9472999573,80.2399597168,61480,61490,10
12.947810173,80.2401885986,61490,61500,10
12.9483499527,80.2404022217,61500,61511,11
12.9488801956,80.2406082153,61511,61521,10
12.9494304657,80.2408218384,61521,61531,10
12.9501399994,80.2410736084,61531,61541,10
12.9507198334,80.2412261963,61541,61551,10
12.9508895874,80.2413101196,61551,61561,10
12.9511499405,80.2414093018,61561,61571,10
12.9516496658,80.2415924072,61571,61582,11
12.952460289,80.2418823242,61582,61592,10
12.9533195496,80.2422103882,61592,61602,10
12.9540100098,80.24243927,61602,61612,10
12.95470047,80.2427368164,61612,61622,10
12.9551496506,80.2429275513,61622,61632,10
12.9558000565,80.2431411743,61632,61642,10
12.9562797546,80.243270874,61642,61663,21
12.9562797546,80.243270874,61663,61673,10
12.9567804337,80.2434768677,61673,61683,10
12.9574403763,80.2437896729,61683,61693,10
12.9582700729,80.244178772,61693,61703,10
12.9588499069,80.244430542,61703,61713,10
12.9590997696,80.2445297241,61713,61723,10
12.9595298767,80.2447509766,61723,61734,11
12.9602499008,80.2450790405,61734,61744,10
12.9611797333,80.2454986572,61744,61754,10
12.9621295929,80.2459335327,61754,61764,10
12.9625196457,80.2461166382,61764,61774,10
12.9628400803,80.2462768555,61774,61784,10
12.9631795883,80.2464981079,61784,61794,10
12.9636602402,80.246711731,61794,61805,11
12.9642696381,80.246963501,61805,61815,10
12.9650297165,80.2472305298,61815,61825,10
12.9659004211,80.2475204468,61825,61835,10
12.9663200378,80.247718811,61835,61845,10
12.9665803909,80.247833252,61845,61855,10
12.9666204453,80.2478179932,61855,61865,10
12.9668598175,80.2479400635,61865,61875,10
12.9673404694,80.2481765747,61875,61886,11
12.9682197571,80.2485809326,61886,61896,10
12.9691295624,80.2489700317,61896,61906,10
12.9701404572,80.249382019,61906,61916,10
12.9711198807,80.2497024536,61916,61926,10
12.9722499847,80.2499923706,61926,61936,10
12.9734401703,80.2502975464,61936,61946,10
12.9746704102,80.2506408691,61946,61957,11
12.9760398865,80.2510528564,61957,61967,10
12.9771795273,80.2514038086,61967,61977,10
12.9779396057,80.2519073486,61977,61987,10
12.9784002304,80.2522201538,61987,61997,10
12.9784698486,80.2522583008,61997,62007,10
12.9788303375,80.2524337769,62007,62017,10
12.97935009,80.2525405884,62017,62048,31
12.97935009,80.2525405884,62048,62058,10
12.9796600342,80.252571106,62058,62068,10
12.9800596237,80.2526016235,62068,62078,10
12.9804801941,80.2526168823,62078,62088,10
12.9810400009,80.2525634766,62088,62098,10
12.9819202423,80.2525482178,62098,62159,61
12.9819202423,80.2525482178,62159,62169,10
12.9821195602,80.2526016235,62169,62180,11
12.9826602936,80.2525482178,62180,62190,10
12.9829902649,80.2525100708,62190,62200,10
12.9829998016,80.2525100708,62200,62210,10
12.9833097458,80.2524490356,62210,62362,152
12.9833097458,80.2524490356,62362,62372,10
12.9837903976,80.2523574829,62372,62382,10
12.9843597412,80.2522125244,62382,62392,10
12.9848804474,80.2520599365,62392,62402,10
12.9851903915,80.2519607544,62402,62413,11
12.9855499268,80.2518615723,62413,62423,10
12.9857301712,80.2518463135,62423,62433,10
12.9858703613,80.2517471313,62433,62453,20
12.9858703613,80.2517471313,62453,62463,10
12.9859399796,80.2516098022,62463,62473,10
12.9863195419,80.2516021729,62473,62484,11
12.9870004654,80.2514801025,62484,62605,121
12.9870004654,80.2514801025,62605,62615,10
12.9872198105,80.251411438,62615,62625,10
12.987660408,80.2512893677,62625,62636,11
12.9883699417,80.2511367798,62636,62646,10
12.9892501831,80.2509231567,62646,62656,10
12.9894695282,80.2508621216,62656,62666,10
12.9897003174,80.2508010864,62666,62676,10
12.9903297424,80.2506408691,62676,62686,10
12.9910202026,80.2504806519,62686,62696,10
12.9921398163,80.250213623,62696,62706,10
12.9930696487,80.249961853,62706,62717,11
12.9945402145,80.2495803833,62717,62727,10
12.9958896637,80.2492523193,62727,62737,10
12.9972600937,80.2488937378,62737,62747,10
12.9986400604,80.2485580444,62747,62757,10
13.0000400543,80.2482223511,62757,62767,10
13.0014400482,80.2478637695,62767,62777,10
13.0025701523,80.2475891113,62777,62788,11
13.0038404465,80.2473831177,62788,62798,10
13.0050601959,80.2472610474,62798,62808,10
13.0060195923,80.2469711304,62808,62818,10
13.0064897537,80.2465209961,62818,62828,10
13.0065202713,80.2464675903,62828,62838,10
13.0065498352,80.2463226318,62838,62848,10
13.0066003799,80.2456970215,62848,62858,10
13.0066003799,80.2450637817,62858,62869,11
13.0066003799,80.2444000244,62869,62879,10
13.0066204071,80.2438964844,62879,62889,10
13.0065803528,80.2433776855,62889,62899,10
13.0065698624,80.2426986694,62899,62909,10
13.0065603256,80.2417297363,62909,62919,10
13.0066404343,80.2407989502,62919,62950,31
13.0066404343,80.2407989502,62950,62960,10
13.0066795349,80.2406616211,62960,62970,10
13.0066795349,80.2406387329,62970,62980,10
13.0067396164,80.2401428223,62980,62990,10
13.0068998337,80.2392807007,62990,62999,9
13.0071001053,80.2384262085,62999,63010,11
13.0072698593,80.2376174927,63010,63021,11
13.0073795319,80.2369537354,63021,63031,10
13.0074100494,80.2367401123,63031,63041,10
13.0074901581,80.2364425659,63041,63051,10
13.0076198578,80.2358932495,63051,63061,10
13.0077695847,80.235168457,63061,63071,10
13.0079097748,80.2343826294,63071,63081,10
13.0080795288,80.2337036133,63081,63092,11
13.0082798004,80.2326507568,63092,63102,10
13.0084600449,80.2317199707,63102,63112,10
13.008649826,80.2307434082,63112,63122,10
13.0088195801,80.2298278809,63122,63132,10
13.0089998245,80.2288894653,63132,63142,10
13.0092401505,80.2280197144,63142,63152,10
13.0095701218,80.2272872925,63152,63163,11
13.0100097656,80.2263183594,63163,63173,10
13.0103998184,80.2256469727,63173,63183,10
13.0106401443,80.2251205444,63183,63203,20
13.0106401443,80.2251205444,63203,63213,10
13.010720253,80.2249298096,63213,63223,10
13.0108804703,80.2245788574,63223,63233,10
13.0111598969,80.2238769531,63233,63244,11
13.0112695694,80.2235183716,63244,63254,10
13.0114297867,80.2230834961,63254,63264,10
13.0117101669,80.2224807739,63264,63274,10
13.0120601654,80.221496582,63274,63284,10
13.0123901367,80.2216415405,63284,63294,10
13.0127296448,80.2221908569,63294,63304,10
13.0132799149,80.2227020264,63304,63315,11
13.0138902664,80.2232971191,63315,63325,10
13.0142803192,80.2238006592,63325,63335,10
13.0148000717,80.2244262695,63335,63345,10
13.0149402618,80.2245101929,63345,63355,10
13.0151901245,80.2247390747,63355,63365,10
13.0154895782,80.2249221802,63365,63375,10
13.0156002045,80.2249984741,63375,63385,10
13.0157699585,80.2251586914,63385,63396,11
13.0163698196,80.2252883911,63396,63406,10
13.01720047,80.2250289917,63406,63416,10
13.0179901123,80.2247009277,63416,63426,10
13.0187101364,80.2244186401,63426,63436,10
13.0192899704,80.2243270874,63436,63446,10
13.019490242,80.2243118286,63446,63497,51
13.019490242,80.2243118286,63497,63507,10
13.0197000504,80.2244567871,63507,63517,10
13.0199699402,80.224647522,63517,63527,10
13.0202798843,80.2249069214,63527,63537,10
13.0206403732,80.2251586914,63537,63548,11
13.0210800171,80.2254714966,63548,63558,10
13.0213804245,80.2257003784,63558,63568,10
13.0217895508,80.2260131836,63568,63578,10
13.0221004486,80.2263031006,63578,63588,10
13.0225200653,80.2266616821,63588,63598,10
13.0231199265,80.2272033691,63598,63608,10
13.0236597061,80.2276992798,63608,63619,11
13.0241603851,80.2281417847,63619,63639,20
13.0241603851,80.2281417847,63639,63649,10
13.0243396759,80.2283401489,63649,63730,81
13.0243396759,80.2283401489,63730,63740,10
13.0244398117,80.2284011841,63740,63750,10
13.0243196487,80.2285614014,63750,63760,10
13.0239801407,80.2282791138,63760,63771,11
13.023730278,80.2279815674,63771,63781,10
13.0233802795,80.2276611328,63781,63811,30
13.0233802795,80.2276611328,63811,63821,10
13.023229599,80.2275238037,63821,63831,10
13.0231199265,80.2274093628,63831,63842,11
13.0227298737,80.2270736694,63842,63852,10
13.0223302841,80.2266998291,63852,63862,10
13.0217399597,80.2261962891,63862,63872,10
13.021229744,80.2257919312,63872,63882,10
13.0206403732,80.2253417969,63882,63892,10
13.0202798843,80.2251205444,63892,63902,10
13.0202598572,80.2250976563,63902,63912,10
13.0200796127,80.2249832153,63912,63923,11
13.0195798874,80.224647522,63923,63933,10
13.0187702179,80.2245864868,63933,63943,10
13.0179595947,80.2249221802,63943,63953,10
13.0171403885,80.2252426147,63953,63963,10
13.016579628,80.2254714966,63963,63973,10
13.0163602829,80.2255401611,63973,63983,10
13.0159397125,80.2257232666,63983,63994,11
13.0151500702,80.226020813,63994,64004,10
13.0144195557,80.2263183594,64004,64014,10
13.013999939,80.2265319824,64014,64024,10
13.0139799118,80.2265396118,64024,64034,10
13.013879776,80.2265930176,64034,64044,10
13.0134401321,80.2266998291,64044,64054,10
13.0127801895,80.2269210815,64054,64064,10
13.0120601654,80.2272109985,64064,64075,11
13.0112800598,80.2275238037,64075,64085,10
13.0103597641,80.2278823853,64085,64095,10
13.0093803406,80.2283172607,64095,64105,10
13.009059906,80.2291564941,64105,64115,10
13.0088195801,80.2303085327,64115,64125,10
13.0085897446,80.2315063477,64125,64135,10
13.0082798004,80.2334594727,64135,64166,31
13.0082798004,80.2334594727,64166,64176,10
13.008190155,80.233757019,64176,64186,10
13.0080900192,80.2342224121,64186,64196,10
13.0079603195,80.2349319458,64196,64206,10
13.0077896118,80.2357711792,64206,64216,10
13.0075902939,80.2367706299,64216,64227,11
13.0073795319,80.2378768921,64227,64237,10
13.0072402954,80.2386398315,64237,64247,10
13.0069599152,80.2401428223,64247,64348,101
13.0069599152,80.2401428223,64348,64358,10
13.0069799423,80.2403182983,64358,64368,10
13.0068998337,80.2407608032,64368,64379,11
13.0068902969,80.2408828735,64379,64389,10
13.0068101883,80.2412872314,64389,64399,10
13.0067396164,80.2419891357,64399,64409,10
13.0067396164,80.2427978516,64409,64419,10
13.0067195892,80.2437133789,64419,64429,10
13.0067100525,80.244468689,64429,64439,10
13.0067100525,80.2450637817,64439,64450,11
13.0067195892,80.2456817627,64450,64460,10
13.0067501068,80.2463531494,64460,64470,10
13.0067596436,80.2470016479,64470,64480,10
13.0066099167,80.2473983765,64480,64490,10
13.0062103271,80.247428894,64490,64510,20
13.0062103271,80.247428894,64510,64520,10
13.0060901642,80.2474975586,64520,64531,11
13.0056295395,80.247467041,64531,64541,10
13.0049200058,80.2474822998,64541,64551,10
13.0040397644,80.2475585938,64551,64561,10
13.0030698776,80.2476806641,64561,64571,10
13.002289772,80.247833252,64571,64581,10
13.0015802383,80.2480010986,64581,64591,10
13.0006399155,80.2482376099,64591,64602,11
12.999420166,80.2485275269,64602,64612,10
12.998290062,80.2488479614,64612,64622,10
12.9979400635,80.2489624023,64622,64632,10
12.9976596832,80.2490234375,64632,64642,10
12.9970197678,80.2491607666,64642,64652,10
12.9961700439,80.2493972778,64652,64662,10
12.99518013,80.249671936,64662,64672,10
12.9940595627,80.2499389648,64672,64683,11
12.9927501678,80.2502593994,64683,64693,10
12.9917497635,80.2505187988,64693,64703,10
12.991230011,80.2506484985,64703,64713,10
12.9912004471,80.2506408691,64713,64723,10
12.9910697937,80.2506408691,64723,64733,10
12.9905796051,80.2507705688,64733,64743,10
12.9897499084,80.2510070801,64743,64754,11
12.9885997772,80.2513122559,64754,64764,10
12.9880399704,80.2514724731,64764,65017,253
12.9880399704,80.2514724731,65017,65027,10
12.9877500534,80.2515411377,65027,65037,10
12.9871101379,80.251701355,65037,65047,10
12.9863796234,80.2518692017,65047,65058,11
12.9854202271,80.2520828247,65058,65068,10
12.9843301773,80.2523574829,65068,65078,10
12.9831104279,80.2526397705,65078,65088,10
12.9819097519,80.2527236938,65088,65098,10
12.9808998108,80.2527694702,65098,65108,10
12.9803600311,80.252822876,65108,65118,10
12.979809761,80.2527999878,65118,65129,11
12.9790000916,80.2527389526,65129,65149,20
12.9790000916,80.2527389526,65149,65159,10
12.9788303375,80.2527236938,65159,65169,10
12.9785804749,80.2526321411,65169,65179,10
12.9781599045,80.2523574829,65179,65189,10
12.9776201248,80.2518692017,65189,65199,10
12.9769201279,80.2514801025,65199,65210,11
12.9759502411,80.2511367798,65210,65220,10
12.9749097824,80.2508010864,65220,65230,10
12.9738702774,80.25050354,65230,65240,10
12.9728803635,80.2502593994,65240,65249,9
12.972029686,80.2500305176,65249,65260,11
12.9708204269,80.2497024536,65260,65270,10
12.9697303772,80.2493362427,65270,65281,11
12.968629837,80.2489471436,65281,65291,10
12.9676799774,80.2485809326,65291,65301,10
12.9670200348,80.2482528687,65301,65311,10
12.9665603638,80.2480392456,65311,65321,10
12.9655895233,80.2476196289,65321,65341,20
12.9655895233,80.2476196289,65341,65351,10
12.9654302597,80.2475509644,65351,65362,11
12.9650497437,80.2473983765,65362,65372,10
12.9645204544,80.2472229004,65372,65402,30
12.9645204544,80.2472229004,65402,65412,10
12.9643201828,80.2471084595,65412,65422,10
12.9639997482,80.2470169067,65422,65433,11
12.9635295868,80.2468414307,65433,65443,10
12.9628601074,80.2465133667,65443,65453,10
12.9620399475,80.2461166382,65453,65463,10
12.9610795975,80.2456665039,65463,65473,10
12.9601802826,80.2452774048,65473,65483,10
12.9596595764,80.2450485229,65483,65493,10
12.9595804214,80.245010376,65493,65504,11
12.9593696594,80.2449035645,65504,65514,10
12.9590797424,80.2447891235,65514,65524,10
12.9586000443,80.2445907593,65524,65534,10
12.9579296112,80.2443237305,65534,65544,10
12.9572496414,80.2440719604,65544,65554,10
12.9566898346,80.2438964844,65554,65574,20
12.9566898346,80.2438964844,65574,65585,11
12.9564800262,80.2438430786,65585,65595,10
12.9563503265,80.243812561,65595,65605,10
12.9560804367,80.2436828613,65605,65615,10
12.9555301666,80.243347168,65615,65625,10
12.9548501968,80.2429962158,65625,65635,10
12.9540901184,80.2426681519,65635,65645,10
12.9534196854,80.2423706055,65645,65656,11
12.9525499344,80.2420425415,65656,65666,10
12.9518995285,80.2418289185,65666,65676,10
12.9517202377,80.2417602539,65676,65686,10
12.9515104294,80.2416763306,65686,65696,10
12.9510002136,80.2415008545,65696,65706,10
12.9501895905,80.2413406372,65706,65716,10
12.9494304657,80.2410888672,65716,65726,10
12.9493103027,80.2410125732,65726,65737,11
12.9492702484,80.2409591675,65737,65747,10
12.9488201141,80.2407684326,65747,65757,10
12.9480600357,80.2404785156,65757,65767,10
12.9473400116,80.2401733398,65767,65777,10
12.9472799301,80.2401428223,65777,65787,10
12.9468898773,80.2399902344,65787,65797,10
12.9462003708,80.2397003174,65797,65808,11
12.9453897476,80.2393188477,65808,65818,10
12.9447698593,80.2387466431,65818,65828,10
12.9440803528,80.237991333,65828,65838,10
12.9433097839,80.2371826172,65838,65848,10
12.9423103333,80.2365722656,65848,65858,10
12.9410400391,80.2362289429,65858,65868,10
12.9399995804,80.2359695435,65868,65878,10
12.9397697449,80.2358779907,65878,65889,11
12.9397201538,80.2358627319,65889,65899,10
12.9392700195,80.2356491089,65899,65909,10
12.9385204315,80.2352371216,65909,65919,10
12.9375896454,80.2348098755,65919,65929,10
12.9366397858,80.2343292236,65929,65939,10
12.9358701706,80.2339401245,65939,65949,10
12.9355096817,80.2337799072,65949,65960,11
12.9348096848,80.2334823608,65960,65970,10
12.9340600967,80.2331695557,65970,65980,10
12.9340200424,80.2331390381,65980,65990,10
12.9338102341,80.2330093384,65990,66000,10
12.9332399368,80.2327575684,66000,66010,10
12.9324102402,80.232460022,66010,66020,10
12.9314203262,80.232131958,66020,66030,10
12.9302597046,80.2317733765,66030,66041,11
12.9288797379,80.2314376831,66041,66061,20
12.9288797379,80.2314376831,66061,66071,10
12.9285402298,80.2313766479,66071,66081,10
12.9278202057,80.231262207,66081,66091,10
12.9268598557,80.2311401367,66091,66101,10
12.9260797501,80.2310562134,66101,66112,11
12.9259901047,80.2310714722,66112,66122,10
12.9256496429,80.2310333252,66122,66132,10
12.9250097275,80.2309494019,66132,66142,10
12.9241104126,80.2308197021,66142,66152,10
12.9230298996,80.2306671143,66152,66162,10
12.9217596054,80.2304611206,66162,66172,10
12.9203996658,80.2302932739,66172,66182,10
12.9191198349,80.2301177979,66182,66193,11
12.9178495407,80.2299575806,66193,66203,10
12.9171495438,80.229888916,66203,66213,10
12.91685009,80.2298736572,66213,66223,10
12.916179657,80.2297515869,66223,66233,10
12.9152297974,80.2296295166,66233,66243,10
12.9140996933,80.2294998169,66243,66253,10
12.9134597778,80.2294006348,66253,66264,11
12.9133195877,80.2293701172,66264,66274,10
12.9127397537,80.2292785645,66274,66284,10
12.9119195938,80.2291793823,66284,66294,10
12.9109401703,80.2289962769,66294,66304,10
12.9098100662,80.2288284302,66304,66314,10
12.9085903168,80.2286376953,66314,66324,10
12.9074802399,80.2284698486,66324,66334,10
12.9067802429,80.2284317017,66334,66426,92
12.9067802429,80.2284317017,66426,66436,10
12.9065904617,80.2284164429,66436,66446,10
12.906129837,80.2284088135,66446,66456,10
12.9053001404,80.2284011841,66456,66466,10
12.9042797089,80.2283172607,66466,66476,10
12.9031600952,80.2282333374,66476,66487,11
12.9020299911,80.2281570435,66487,66497,10
12.9015703201,80.2281265259,66497,66620,123
12.9015703201,80.2281265259,66620,66630,10
12.9014196396,80.2281570435,66630,66641,11
12.9010095596,80.2281417847,66641,66651,10
12.900560379,80.2280807495,66651,66661,10
12.900179863,80.2280807495,66661,66671,10
12.899720192,80.2280502319,66671,66681,10
12.8993196487,80.2280273438,66681,66691,10
12.8992900848,80.228012085,66691,66701,10
12.8989200592,80.2279663086,66701,66711,10
12.8982000351,80.2278900146,66711,66722,11
12.8973503113,80.2278289795,66722,66732,10
12.8963403702,80.2277908325,66732,66742,10
12.8951702118,80.227722168,66742,66752,10
12.893989563,80.2276382446,66752,66762,10
12.8931598663,80.2275619507,66762,66772,10
12.8928203583,80.2275466919,66772,66782,10
12.8924598694,80.2275085449,66782,66793,11
12.89179039,80.2274703979,66793,66803,10
12.8909502029,80.2274932861,66803,66813,10
12.8899297714,80.2274475098,66813,66823,10
12.8889703751,80.2274703979,66823,66833,10
12.8879899979,80.2273864746,66833,66843,10
12.8868398666,80.2272033691,66843,66853,10
12.8856601715,80.2269363403,66853,66864,11
12.8849601746,80.226852417,66864,66874,10
12.8849000931,80.2268371582,66874,66884,10
12.884469986,80.2268218994,66884,66894,10
12.8837604523,80.2268218994,66894,66904,10
12.8829402924,80.2268218994,66904,66914,10
12.881939888,80.2268371582,66914,66924,10
12.8808202744,80.2268371582,66924,66934,10
12.8795795441,80.2268295288,66934,66945,11
12.8781404495,80.2269210815,66945,66955,10
12.8772802353,80.2269973755,66955,66965,10
12.8769798279,80.2270202637,66965,66975,10
12.8767204285,80.2270584106,66975,66985,10
12.8765296936,80.2270812988,66985,66995,10
12.8764200211,80.2270812988,66995,67005,10
12.8759298325,80.2270812988,67005,67016,11
12.8750696182,80.2270278931,67016,67026,10
12.8740797043,80.226890564,67026,67036,10
12.8729496002,80.2267990112,67036,67046,10
12.8717699051,80.2267379761,67046,67056,10
12.8705196381,80.2266769409,67056,67066,10
12.8691902161,80.2265319824,67066,67076,10
12.8679304123,80.2264633179,67076,67085,9
12.8669900894,80.2265472412,67085,67097,12
12.8667201996,80.2265777588,67097,67107,10
12.8663902283,80.2266464233,67107,67117,10
12.8658304214,80.2266998291,67117,67127,10
12.8650398254,80.2266769409,67127,67137,10
12.8641395569,80.2266693115,67137,67147,10
12.863120079,80.2266693115,67147,67157,10
12.8619699478,80.2266998291,67157,67168,11
12.8610401154,80.2266998291,67168,67188,20
12.8610401154,80.2266998291,67188,67198,10
12.8608999252,80.2267074585,67198,67208,10
12.8604803085,80.2266693115,67208,67218,10
12.859749794,80.2265472412,67218,67228,10
12.8589000702,80.2264099121,67228,67238,10
12.8587198257,80.2263870239,67238,67249,11
12.8585395813,80.2263565063,67249,67259,10
12.8579902649,80.2263412476,67259,67269,10
12.8570995331,80.2263793945,67269,67279,10
12.8559799194,80.2265014648,67279,67289,10
12.8547296524,80.2265930176,67289,67299,10
12.8534603119,80.2267303467,67299,67309,10
12.8523101807,80.2267608643,67309,67320,11
12.851149559,80.2267074585,67320,67330,10
12.8499803543,80.2266464233,67330,67340,10
12.8487901688,80.2266464233,67340,67350,10
12.8478498459,80.2266464233,67350,67360,10
12.8471097946,80.2267074585,67360,67370,10
12.8461399078,80.2267227173,67370,67380,10
12.8453702927,80.2267227173,67380,67390,10
12.8452596664,80.2267227173,67390,67401,11
12.8447599411,80.2267532349,67401,67411,10
12.8440198898,80.2267990112,67411,67421,10
12.8431100845,80.2269210815,67421,67431,10
12.842040062,80.2271575928,67431,67441,10
12.8408298492,80.2274627686,67441,67451,10
12.8401298523,80.2276763916,67451,67461,10
12.8398799896,80.2277679443,67461,67492,31
12.8398799896,80.2277679443,67492,67502,10
12.8395996094,80.2278213501,67502,67512,10
12.8391895294,80.2279205322,67512,67522,10
12.8384504318,80.2281112671,67522,67532,10
12.8375396729,80.2283096313,67532,67543,11
12.8362998962,80.2285003662,67543,67553,10
12.8350601196,80.2286834717,67553,67563,10
12.8337402344,80.2289123535,67563,67573,10
12.8326196671,80.2291412354,67573,67583,10
12.8322896957,80.2292022705,67583,67593,10
12.8321800232,80.2292175293,67593,67603,10
12.8320302963,80.2292785645,67603,67613,10
12.8318595886,80.2293167114,67613,67624,11
12.8313798904,80.2294387817,67624,67634,10
12.8306798935,80.2296676636,67634,67644,10
12.8297901154,80.2299880981,67644,67654,10
12.8287601471,80.2304229736,67654,67664,10
12.8277196884,80.231010437,67664,67674,10
12.8267202377,80.2313995361,67674,67684,10
12.8255901337,80.2314834595,67684,67695,11
12.8242998123,80.2313690186,67695,67705,10
12.8233003616,80.2311019897,67705,67715,10
12.8222303391,80.2307662964,67715,67725,10
12.8211603165,80.2305679321,67725,67735,10
12.820309639,80.2305603027,67735,67745,10
12.8194503784,80.2305831909,67745,67755,10
12.8189001083,80.2305831909,67755,67765,10
12.8187599182,80.2305526733,67765,67776,11
12.8182697296,80.2303237915,67776,67786,10
12.8175096512,80.2299728394,67786,67796,10
12.8164997101,80.229637146,67796,67806,10
12.815290451,80.2294387817,67806,67816,10
12.8141498566,80.2292404175,67816,67826,10
12.813079834,80.2289199829,67826,67836,10
12.811920166,80.2285308838,67836,67847,11
12.8105697632,80.228012085,67847,67857,10
12.8095197678,80.2275390625,67857,67867,10
12.8086595535,80.2269515991,67867,67877,10
12.8077802658,80.2261886597,67877,67887,10
12.8070802689,80.2255935669,67887,67897,10
12.806520462,80.2250900269,67897,67907,10
12.8059501648,80.2246170044,67907,67917,10
12.8054199219,80.2242507935,67917,67928,11
12.8051595688,80.2241668701,67928,67938,10
12.8050203323,80.2241363525,67938,67948,10
12.8047800064,80.2240905762,67948,67958,10
12.8042097092,80.2240066528,67958,67968,10
12.8034601212,80.2239379883,67968,67978,10
12.8026304245,80.2238616943,67978,67990,12
12.8016996384,80.2237472534,67990,68001,11
12.8010396957,80.2237091064,68001,68011,10
12.8006401062,80.2236785889,68011,68021,10
12.8000297546,80.2236099243,68021,68030,9
12.7991600037,80.2235412598,68030,68041,11
12.79804039,80.2234191895,68041,68051,10
12.7969999313,80.2232284546,68051,68061,10
12.7959804535,80.2230606079,68061,68072,11
12.7957601547,80.2230300903,68072,68082,10
12.7955598831,80.2230072021,68082,68092,10
12.7949800491,80.22290802,68092,68102,10
12.7940702438,80.2227630615,68102,68112,10
12.7930002213,80.2225723267,68112,68122,10
12.7917900085,80.222328186,68122,68132,10
12.7905597687,80.222038269,68132,68142,10
12.7896699905,80.2218093872,68142,68153,11
12.7890195847,80.2215576172,68153,68163,10
12.7882795334,80.2212982178,68163,68173,10
12.7876596451,80.2210617065,68173,68183,10
12.7871599197,80.2208709717,68183,68193,10
12.7871398926,80.2208633423,68193,68203,10
12.7870998383,80.2208404541,68203,68213,10
12.7867202759,80.2206878662,68213,68234,21
12.7867202759,80.2206878662,68234,68244,10
12.7865896225,80.2206192017,68244,68254,10
12.7864999771,80.2205810547,68254,68284,30
12.7864999771,80.2205810547,68284,68294,10
12.7862796783,80.2204589844,68294,68305,11
12.7861795425,80.2206878662,68305,68315,10
12.7861995697,80.2210617065,68315,68325,10
12.7862100601,80.2213897705,68325,68335,10
12.7862901688,80.2217407227,68335,68355,20
12.7862901688,80.2217407227,68355,68365,10
12.7862997055,80.2222137451,68365,68568,203
12.7860803604,80.2219619751,68568,69267,699
12.7860803604,80.2219619751,69267,69278,11
12.7862596512,80.2219390869,69278,69288,10
12.786239624,80.2218704224,69288,69298,10
12.7861995697,80.2217407227,69298,69308,10
12.7861604691,80.2214431763,69308,69318,10
12.7861299515,80.2211380005,69318,69328,10
12.7861099243,80.2208786011,69328,69338,10
12.7861099243,80.2205200195,69338,69369,31
12.7861099243,80.2205200195,69369,69379,10
12.7864904404,80.220489502,69379,69399,20
12.7864904404,80.220489502,69399,69409,10
12.7867803574,80.2205963135,69409,69419,10
12.7871704102,80.2207565308,69419,69430,11
12.7877702713,80.2209777832,69430,69440,10
12.7882099152,80.2211380005,69440,69450,10
12.7887496948,80.2213363647,69450,69460,10
12.7894201279,80.2215881348,69460,69470,10
12.7900104523,80.2217636108,69470,69480,10
12.7908096313,80.2219772339,69480,69490,10
12.7918195724,80.2222290039,69490,69500,10
12.7930803299,80.2224807739,69500,69511,11
12.7941198349,80.2226104736,69511,69521,10
12.7951898575,80.2227783203,69521,69531,10
12.7960596085,80.2229232788,69531,69541,10
12.7963399887,80.2229690552,69541,69551,10
12.7964096069,80.2229995728,69551,69561,10
12.7968301773,80.2230911255,69561,69571,10
12.7974996567,80.2232208252,69571,69582,11
12.7984800339,80.2233200073,69582,69592,10
12.799489975,80.2234268188,69592,69602,10
12.8005199432,80.2235183716,69602,69612,10
12.8013601303,80.2236175537,69612,69622,10
12.8014202118,80.2236328125,69622,69632,10
12.8017902374,80.2236709595,69632,69642,10
12.8024597168,80.223739624,69642,69653,11
12.8032503128,80.2238388062,69653,69663,10
12.8040399551,80.2238998413,69663,69673,10
12.8048696518,80.223991394,69673,69683,10
12.8054895401,80.2241363525,69683,69693,10
12.8055000305,80.2241363525,69693,69703,10
12.8056898117,80.2242584229,69703,69713,10
12.8061199188,80.2246170044,69713,69723,10
12.80671978,80.2251205444,69723,69734,11
12.8074598312,80.2257537842,69734,69744,10
12.8081798553,80.2263717651,69744,69754,10
12.8089599609,80.2270126343,69754,69764,10
12.8097000122,80.2275009155,69764,69774,10
12.8103504181,80.2277832031,69774,69784,10
12.8110799789,80.2280883789,69784,69794,10
12.812379837,80.2285690308,69794,69805,11
12.8137102127,80.2290267944,69805,69815,10
12.8149900436,80.2293014526,69815,69825,10
12.8163099289,80.2294769287,69825,69835,10
12.817489624,80.2298126221,69835,69845,10
12.8183498383,80.23021698,69845,69855,10
12.819270134,80.2304611206,69855,69865,10
12.8197402954,80.2304534912,69865,69875,10
12.8199396133,80.2304611206,69875,69886,11
12.8206701279,80.23046875,69886,69896,10
12.8216400146,80.2305221558,69896,69906,10
12.8227701187,80.230796814,69906,69916,10
12.8239603043,80.2311172485,69916,69926,10
12.8251695633,80.2313766479,69926,69936,10
12.8264398575,80.231338501,69936,69946,10
12.8275995255,80.2309799194,69946,69957,11
12.8286895752,80.2303619385,69957,69967,10
12.8295898438,80.2299499512,69967,69977,10
12.8304195404,80.2296218872,69977,69987,10
12.830789566,80.2294921875,69987,70007,20
12.830789566,80.2294921875,70007,70017,10
12.8309001923,80.2294616699,70017,70027,10
12.8313798904,80.2292480469,70027,70068,41
12.8313798904,80.2292480469,70068,70078,10
12.8316202164,80.2291793823,70078,70088,10
12.8319196701,80.2291183472,70088,70098,10
12.8324899673,80.229019165,70098,70109,11
12.8332099915,80.2288894653,70109,70119,10
12.8340597153,80.2287521362,70119,70129,10
12.8350296021,80.2285919189,70129,70139,10
12.8360900879,80.2284393311,70139,70149,10
12.8371295929,80.2282714844,70149,70159,10
12.8381004333,80.2281036377,70159,70169,10
12.8390197754,80.2278137207,70169,70200,31
12.8392601013,80.227722168,70200,70220,20
12.8392601013,80.227722168,70220,70230,10
12.8394298553,80.2276382446,70230,70240,10
12.8395004272,80.2275772095,70240,70250,10
12.8398504257,80.2275390625,70250,70261,11
12.8402395248,80.2274780273,70261,70271,10
12.8406200409,80.2274017334,70271,70281,10
12.8411397934,80.2272415161,70281,70291,10
12.8419103622,80.2270584106,70291,70301,10
12.8428401947,80.2268600464,70301,70311,10
12.8435897827,80.2267532349,70311,70321,10
12.8444404602,80.2266616821,70321,70331,10
12.8450403214,80.2265701294,70331,70352,21
12.8450403214,80.2265701294,70352,70362,10
12.8451700211,80.2265625,70362,70372,10
12.8455896378,80.2265396118,70372,70382,10
12.8462896347,80.2265625,70382,70392,10
12.8472499847,80.2265625,70392,70402,10
12.848279953,80.2265625,70402,70413,11
12.8493204117,80.2265319824,70413,70423,10
12.8498601913,80.2265167236,70423,70433,10
12.8500003815,80.2265014648,70433,70443,10
12.8503599167,80.2265090942,70443,70453,10
12.8510103226,80.2265319824,70453,70463,10
12.8518400192,80.2265701294,70463,70473,10
12.8527898788,80.2266235352,70473,70483,10
12.8536996841,80.2265930176,70483,70494,11
12.8547897339,80.2265014648,70494,70504,10
12.855919838,80.2263793945,70504,70514,10
12.8571300507,80.226272583,70514,70524,10
12.8581104279,80.2262115479,70524,70534,10
12.8588104248,80.2262420654,70534,70544,10
12.8596801758,80.2263565063,70544,70554,10
12.8606300354,80.2264785767,70554,70565,11
12.8607597351,80.2265090942,70565,70575,10
12.8611001968,80.2265396118,70575,70585,10
12.8617801666,80.2265319824,70585,70595,10
12.862660408,80.2264709473,70595,70605,10
12.8636598587,80.2264709473,70605,70615,10
12.8647403717,80.2265167236,70615,70625,10
12.8658800125,80.2265319824,70625,70635,10
12.8671302795,80.2264404297,70635,70646,11
12.868639946,80.2263565063,70646,70656,10
12.8701601028,80.2265167236,70656,70666,10
12.8717298508,80.2266235352,70666,70676,10
12.8728599548,80.2266235352,70676,70686,10
12.8737096786,80.2266616821,70686,70696,10
12.8739004135,80.2266769409,70696,70706,10
12.8740501404,80.2266998291,70706,70717,11
12.8743200302,80.2267227173,70717,70767,50
12.8743200302,80.2267227173,70767,70777,10
12.8746004105,80.2267913818,70777,70788,11
12.8747501373,80.2268218994,70788,70798,10
12.8748502731,80.2268218994,70798,70808,10
12.8751001358,80.2268371582,70808,70818,10
12.8752202988,80.226852417,70818,70828,10
12.8753900528,80.2268600464,70828,70858,30
12.8753900528,80.2268600464,70858,70869,11
12.8755998611,80.226890564,70869,70889,20
12.8755998611,80.226890564,70889,70899,10
12.8759002686,80.2268981934,70899,70909,10
12.8760204315,80.2268981934,70909,70919,10
12.8761901855,80.2268981934,70919,70929,10
12.8763303757,80.2268981934,70929,70940,11
12.876540184,80.2268981934,70940,70950,10
12.8768396378,80.2268829346,70950,70960,10
12.8775100708,80.2268295288,70960,70970,10
12.8784103394,80.2267684937,70970,70980,10
12.8794603348,80.2267379761,70980,70990,10
12.8807001114,80.2267227173,70990,71000,10
12.8819599152,80.2266998291,71000,71010,10
12.8831396103,80.2266769409,71010,71021,11
12.8843002319,80.2266693115,71021,71031,10
12.8847503662,80.2266464233,71031,71041,10
12.8849201202,80.2266616821,71041,71051,10
12.8852996826,80.2266769409,71051,71061,10
12.8854198456,80.2267074585,71061,71071,10
12.885890007,80.2268218994,71071,71081,10
12.886639595,80.2270278931,71081,71092,11
12.8876800537,80.2272415161,71092,71102,10
12.8887996674,80.2273178101,71102,71112,10
12.8900403976,80.2273101807,71112,71122,10
12.8912601471,80.2273178101,71122,71132,10
12.8917798996,80.2273101807,71132,71142,10
12.8918199539,80.2273178101,71142,71152,10
12.8921298981,80.2273330688,71152,71162,10
12.8926000595,80.2273635864,71162,71173,11
12.8933296204,80.2274475098,71173,71183,10
12.8940696716,80.2275390625,71183,71193,10
12.8950004578,80.2275924683,71193,71203,10
12.8960504532,80.2276229858,71203,71213,10
12.8970804214,80.2276611328,71213,71223,10
12.8979196548,80.2277069092,71223,71233,10
12.8984003067,80.2277297974,71233,71244,11
12.8984603882,80.2277297974,71244,71254,10
12.8987197876,80.2277526855,71254,71264,10
12.8990297318,80.2277679443,71264,71274,10
12.8995199203,80.2277832031,71274,71284,10
12.9000396729,80.2278213501,71284,71294,10
12.9003801346,80.2278594971,71294,71304,10
12.9008398056,80.2278900146,71304,71314,10
12.9014797211,80.2279510498,71314,71325,11
12.9022798538,80.2279663086,71325,71335,10
12.9025602341,80.2279815674,71335,71345,10
12.9025697708,80.2279815674,71345,71355,10
12.9026699066,80.2279815674,71355,71365,10
12.9030399323,80.228012085,71365,71375,10
12.9036598206,80.2280502319,71375,71385,10
12.9041996002,80.2280731201,71385,71396,11
12.9049797058,80.2281265259,71396,71406,10
12.9054498672,80.2281494141,71406,71416,10
12.9057598114,80.2281265259,71416,71426,10
12.9062700272,80.228187561,71426,71527,101
12.9062700272,80.228187561,71527,71537,10
12.9065999985,80.2282028198,71537,71548,11
12.9072303772,80.2282791138,71548,71558,10
12.9081401825,80.2284164429,71558,71568,10
12.9092197418,80.2286224365,71568,71578,10
12.9104404449,80.2287979126,71578,71588,10
12.9116697311,80.2289810181,71588,71598,10
12.9129600525,80.2291488647,71598,71608,10
12.9137802124,80.2292480469,71608,71619,11
12.9137897491,80.2292480469,71619,71629,10
12.9139995575,80.2292709351,71629,71639,10
12.9146003723,80.2293167114,71639,71649,10
12.9154195786,80.2294235229,71649,71659,10
12.9163799286,80.2295684814,71659,71669,10
12.9172697067,80.2296981812,71669,71679,10
12.9181900024,80.229850769,71679,71689,10
12.9191303253,80.2299880981,71689,71700,11
12.9203500748,80.2301483154,71700,71710,10
12.9215602875,80.2303237915,71710,71720,10
12.9228200912,80.2305221558,71720,71730,10
12.9240503311,80.2306976318,71730,71740,10
12.9250898361,80.2308273315,71740,71750,10
12.9260797501,80.2309265137,71750,71760,10
12.9271497726,80.2310714722,71760,71771,11
12.9282999039,80.2312164307,71771,71781,10
12.9291296005,80.2313766479,71781,71791,10
12.9300899506,80.2315979004,71791,71801,10
12.9312295914,80.231918335,71801,71811,10
12.9324903488,80.2323379517,71811,71821,10
12.9334201813,80.2326812744,71821,71831,10
12.9336500168,80.2327575684,71831,71841,10
12.933719635,80.2328109741,71841,71852,11
12.9341802597,80.2330169678,71852,71862,10
12.9348802567,80.2333374023,71862,71872,10
12.9355802536,80.2336578369,71872,71882,10
12.9361200333,80.2339401245,71882,71892,10
12.9369001389,80.2342834473,71892,71902,10
12.9378499985,80.2347412109,71902,71912,10
12.9388504028,80.2352523804,71912,71923,11
12.9394903183,80.2355499268,71923,71933,10
12.9395198822,80.2355728149,71933,71943,10
12.939909935,80.2357635498,71943,71953,10
12.9406204224,80.2360076904,71953,71963,10
12.9413499832,80.2361831665,71963,71973,10
12.9425802231,80.236541748,71973,71983,10
12.9435195923,80.2372512817,71983,71993,10
12.9443798065,80.2381973267,71993,72004,11
12.9452896118,80.2391281128,72004,72014,10
12.9463396072,80.2396392822,72014,72024,10
12.9470500946,80.239906311,72024,72034,10
12.94713974,80.2399520874,72034,72044,10
12.947520256,80.2401199341,72044,72054,10
12.9481201172,80.2403488159,72054,72064,10
12.948679924,80.240562439,72064,72085,21
12.948679924,80.240562439,72085,72095,10
12.9489002228,80.2406921387,72095,72105,10
12.9493999481,80.2408981323,72105,72115,10
12.9501895905,80.2411193848,72115,72125,10
12.9509296417,80.241317749,72125,72135,10
12.9510297775,80.2413482666,72135,72145,10
12.9513502121,80.2414703369,72145,72156,11
12.9520301819,80.2417221069,72156,72166,10
12.9528198242,80.2420196533,72166,72176,10
12.9536600113,80.2423629761,72176,72186,10
12.9544897079,80.24269104,72186,72196,10
12.9551801682,80.2429580688,72196,72206,10
12.9559602737,80.2432022095,72206,72216,10
12.9562997818,80.2433166504,72216,72227,11
12.9564599991,80.243347168,72227,72237,10
12.9569396973,80.243598938,72237,72247,10
12.9576301575,80.243927002,72247,72257,10
12.9583997726,80.2442626953,72257,72267,10
12.9588603973,80.2444381714,72267,72277,10
12.9592103958,80.2446136475,72277,72287,10
12.959810257,80.2448883057,72287,72297,10
12.9607000351,80.245300293,72297,72308,11
12.9616804123,80.2457962036,72308,72318,10
12.9625797272,80.2462387085,72318,72328,10
12.9629802704,80.246421814,72328,72338,10
12.9634304047,80.2466278076,72338,72348,10
12.9640102386,80.2468566895,72348,72358,10
12.9647798538,80.2471466064,72358,72368,10
12.9661598206,80.2476425171,72368,72389,21
12.9661598206,80.2476425171,72389,72399,10
12.966340065,80.2477722168,72399,72409,10
12.9669103622,80.248046875,72409,72419,10
12.9677696228,80.2484207153,72419,72429,10
12.968870163,80.2488327026,72429,72439,10
12.9700803757,80.2493133545,72439,72450,11
12.9714298248,80.2497711182,72450,72460,10
12.9724798203,80.2500610352,72460,72470,10
12.9734601974,80.2503128052,72470,72480,10
12.9744195938,80.250579834,72480,72490,10
12.9754400253,80.2508926392,72490,72500,10
12.9764604568,80.2511901855,72500,72510,10
12.9773397446,80.2515029907,72510,72520,10
12.9782800674,80.2521820068,72520,72551,31
12.9782800674,80.2521820068,72551,72561,10
12.9785604477,80.2523727417,72561,72571,10
12.9791898727,80.2525482178,72571,72581,10
12.9796495438,80.2526016235,72581,72591,10
12.9801502228,80.2526321411,72591,72602,11
12.9807395935,80.2526321411,72602,72612,10
12.9814796448,80.2526321411,72612,72622,10
12.9820699692,80.2526168823,72622,72632,10
12.9823598862,80.2525863647,72632,72642,10
12.9828701019,80.2525405884,72642,72652,10
12.9832201004,80.2525100708,72652,72662,10
12.9838199615,80.2523574829,72662,72672,10
12.9844703674,80.2521820068,72672,72683,11
12.9851799011,80.251991272,72683,72693,10
12.9856796265,80.2518768311,72693,72703,10
12.9861602783,80.2517318726,72703,72713,10
12.9866199493,80.2516174316,72713,72723,10
12.9869699478,80.2515335083,72723,72733,10
12.9872598648,80.2514419556,72733,72743,10
12.9876298904,80.251373291,72743,72754,11
12.9882698059,80.2512130737,72754,72764,10
12.9892702103,80.2509078979,72764,72794,30
12.9892702103,80.2509078979,72794,72804,10
12.9895601273,80.2508392334,72804,72814,10
12.9898500443,80.2507781982,72814,72824,10
12.9902200699,80.2506866455,72824,72835,11
12.9909200668,80.2505187988,72835,72845,10
12.9917697906,80.2503204346,72845,72855,10
12.9926996231,80.2500762939,72855,72865,10
12.9936704636,80.2498474121,72865,72875,10
12.9947004318,80.2496032715,72875,72885,10
12.9957704544,80.2493286133,72885,72895,10
12.9966497421,80.2490386963,72895,72906,11
12.9969100952,80.2489776611,72906,72916,10
12.9969701767,80.2489471436,72916,72926,10
12.9973297119,80.248878479,72926,72936,10
12.9979000092,80.2487564087,72936,72946,10
12.9986696243,80.2485580444,72946,72956,10
12.9995298386,80.2483520508,72956,72966,10
13.0005502701,80.2480926514,72966,72976,10
13.0016002655,80.2478408813,72976,72987,11
13.0025596619,80.2476272583,72987,72997,10
13.0035200119,80.247467041,72997,73007,10
13.0045995712,80.2473068237,73007,73017,10
13.0055198669,80.2471313477,73017,73027,10
13.006310463,80.2467575073,73027,73047,20
13.006310463,80.2467575073,73047,73058,11
13.0064096451,80.2465362549,73058,73068,10
13.0065202713,80.2461166382,73068,73078,10
13.0065402985,80.2454910278,73078,73088,10
13.0065698624,80.2447967529,73088,73098,10
13.0065603256,80.2440490723,73098,73108,10
13.0065402985,80.2436828613,73108,73118,10
13.0065202713,80.2432403564,73118,73129,11
13.0065002441,80.2425079346,73129,73139,10
13.0065002441,80.2416381836,73139,73149,10
13.0065898895,80.2408218384,73149,73159,10
13.0066900253,80.2401199341,73159,73169,10
13.0068798065,80.2393493652,73169,73179,10
13.007060051,80.2384262085,73179,73189,10
13.0071697235,80.2378311157,73189,73199,10
13.0073404312,80.2368392944,73199,73220,21
13.0073404312,80.2368392944,73220,73230,10
13.0074195862,80.236579895,73230,73240,10
13.0075302124,80.2361373901,73240,73250,10
13.0076704025,80.235496521,73250,73260,10
13.0078296661,80.2347412109,73260,73269,9
13.0079698563,80.2339706421,73269,73281,12
13.0082101822,80.2328262329,73281,73291,10
13.0083799362,80.2318725586,73291,73301,10
13.0085601807,80.2308578491,73301,73311,10
13.0087995529,80.2297363281,73311,73321,10
13.0090103149,80.2286834717,73321,73331,10
13.0093297958,80.2277603149,73331,73341,10
13.0097799301,80.2267837524,73341,73351,10
13.0101804733,80.2259368896,73351,73362,11
13.0104503632,80.2253570557,73362,73372,10
13.0105199814,80.2252120972,73372,73382,10
13.0106801987,80.224861145,73382,73392,10
13.0108995438,80.2243118286,73392,73402,10
13.011179924,80.2235870361,73402,73412,10
13.0114402771,80.2229995728,73412,73422,10
13.0116996765,80.2222824097,73422,73433,11
13.012140274,80.2214736938,73433,73443,10
13.0124197006,80.2217178345,73443,73453,10
13.0129098892,80.2222900391,73453,73463,10
13.0134897232,80.2229232788,73463,73473,10
13.0140199661,80.2235336304,73473,73483,10
13.0143995285,80.2241363525,73483,73493,10
13.0147800446,80.2244567871,73493,73503,10
13.015370369,80.2249298096,73503,73534,31
13.015370369,80.2249298096,73534,73544,10
13.0154895782,80.2249832153,73544,73554,10
13.0158195496,80.2252426147,73554,73564,10
13.0165100098,80.2252578735,73564,73574,10
13.0174102783,80.2249526978,73574,73585,11
13.0185203552,80.2245178223,73585,73595,10
13.0196199417,80.2244720459,73595,73635,40
13.0196199417,80.2244720459,73635,73645,10
13.0197601318,80.2245483398,73645,73655,10
13.0201797485,80.2248916626,73655,73666,11
13.0207796097,80.2253189087,73666,73676,10
13.0213499069,80.225769043,73676,73686,10
13.0218000412,80.2261123657,73686,73696,10
13.0224304199,80.2266311646,73696,73706,10
13.0231599808,80.2272796631,73706,73716,10
13.0237197876,80.2277908325,73716,73726,10
13.0243597031,80.2284622192,73726,73767,41
13.0243597031,80.2284622192,73767,73777,10
13.0243196487,80.2286224365,73777,73787,10
13.0239801407,80.2283782959,73787,73797,10
13.0234603882,80.2278518677,73797,74071,274
13.0234603882,80.2278518677,74071,74081,10
13.0231800079,80.2275314331,74081,74091,10
13.022939682,80.2272872925,74091,74101,10
13.0225200653,80.2269515991,74101,74112,11
13.0220298767,80.2265167236,74112,74122,10
13.0215797424,80.2261505127,74122,74132,10
13.0211601257,80.2258071899,74132,74142,10
13.0207195282,80.225479126,74142,74152,10
13.0203304291,80.2252197266,74152,74162,10
13.0202798843,80.2251663208,74162,74172,10
13.0200195313,80.2249908447,74172,74182,10
13.0195598602,80.2246780396,74182,74193,11
13.0186796188,80.2246322632,74193,74203,10
13.0177402496,80.2249908447,74203,74213,10
13.0169095993,80.2253265381,74213,74223,10
13.0164203644,80.2255325317,74223,74233,10
13.0160503387,80.2256469727,74233,74243,10
13.0155296326,80.2258224487,74243,74253,10
13.0145597458,80.2262573242,74253,74314,61
13.0145597458,80.2262573242,74314,74324,10
13.0145196915,80.226272583,74324,74334,10
13.0141601563,80.2264022827,74334,74345,11
13.0136404037,80.2266311646,74345,74355,10
13.013299942,80.2267379761,74355,74365,10
13.0126600266,80.2269821167,74365,74375,10
13.0118598938,80.2272796631,74375,74385,10
13.0109901428,80.2276306152,74385,74395,10
13.0100498199,80.2280197144,74395,74405,10
13.0092000961,80.2284698486,74405,74416,11
13.0089197159,80.2295532227,74416,74426,10
13.0087003708,80.2307662964,74426,74436,10
13.0084600449,80.2320022583,74436,74446,10
13.0082302094,80.2335281372,74446,74466,20
13.0082302094,80.2335281372,74466,74476,10
13.0082197189,80.2335968018,74476,74487,11
13.0081100464,80.2339096069,74487,74497,10
13.0080003738,80.2344589233,74497,74507,10
13.0078496933,80.2351837158,74507,74517,10
13.0076599121,80.2360305786,74517,74527,10
13.0074396133,80.237121582,74527,74537,10
13.0072097778,80.238319397,74537,74547,10
13.0070104599,80.239440918,74547,74557,10
13.0068397522,80.2404022217,74557,74568,11
13.0068502426,80.2408676147,74568,74578,10
13.0067501068,80.2412796021,74578,74588,10
13.0066900253,80.2419662476,74588,74598,10
13.0066795349,80.2427062988,74598,74608,10
13.0066404343,80.2433929443,74608,74618,10
13.006649971,80.2439880371,74618,74628,10
13.006649971,80.2449569702,74628,74639,11
13.0066604614,80.245880127,74639,74649,10
13.0066795349,80.2467498779,74649,74659,10
13.0066795349,80.2473983765,74659,74689,30
13.0066795349,80.2473983765,74689,74699,10
13.0066003799,80.2474594116,74699,74709,10
13.0062398911,80.247467041,74709,74720,11
13.0061702728,80.2474822998,74720,74730,10
13.0060100555,80.2474212646,74730,74740,10
13.0054798126,80.247428894,74740,74750,10
13.0046796799,80.2475204468,74750,74760,10
13.0037498474,80.2476425171,74760,74770,10
13.0027399063,80.2477874756,74770,74780,10
13.0018796921,80.2479629517,74780,74791,11
13.0008201599,80.2482299805,74791,74801,10
12.9996700287,80.2485122681,74801,74811,10
12.9983797073,80.2488327026,74811,74821,10
12.9969797134,80.2491836548,74821,74831,10
12.9954500198,80.2496032715,74831,74841,10
12.994020462,80.2499694824,74841,74851,10
12.9927597046,80.2502593994,74851,74861,10
12.9915599823,80.250579834,74861,74872,11
12.9910202026,80.2507171631,74872,74882,10
12.9908704758,80.2507629395,74882,74892,10
12.9903297424,80.2509002686,74892,74902,10
12.9895200729,80.251083374,74902,74912,10
12.9889602661,80.2512130737,74912,75003,91
12.9889602661,80.2512130737,75003,75013,10
12.9884595871,80.2513427734,75013,75024,11
12.9880199432,80.2515029907,75024,75034,10
12.9876098633,80.2515792847,75034,75044,10
12.9871902466,80.2516937256,75044,75054,10
12.986869812,80.2517700195,75054,75064,10
12.9863004684,80.2519073486,75064,75074,10
12.9855203629,80.2520980835,75074,75084,10
12.9844703674,80.2523880005,75084,75095,11
12.9833898544,80.2526397705,75095,75105,10
12.9825696945,80.252746582,75105,75115,10
12.9815502167,80.2527618408,75115,75125,10
12.9805698395,80.2528076172,75125,75135,10
12.9801597595,80.2528381348,75135,75145,10
12.9799995422,80.2527923584,75145,75155,10
12.9796895981,80.2527770996,75155,75165,10
12.9792804718,80.2527389526,75165,75176,11
12.9787502289,80.2526931763,75176,75186,10
12.9786300659,80.2526626587,75186,75196,10
12.9783201218,80.2524719238,75196,75206,10
12.9778003693,80.2520370483,75206,75216,10
12.9770402908,80.2514877319,75216,75226,10
12.9760599136,80.251159668,75226,75236,10
12.9750204086,80.250869751,75236,75247,11
12.9738998413,80.2505722046,75247,75257,10
12.9729604721,80.2502975464,75257,75267,10
12.9720497131,80.2500686646,75267,75277,10
12.9710597992,80.2498168945,75277,75287,10
12.9700498581,80.2494888306,75287,75297,10
12.9690599442,80.2490768433,75297,75307,10
12.9680595398,80.2486724854,75307,75317,10
12.9671096802,80.2482681274,75317,75328,11
12.9664201736,80.2479171753,75328,75338,10
12.9656095505,80.2475967407,75338,75348,10
12.9651098251,80.247467041,75348,75358,10
12.9651002884,80.2474822998,75358,75368,10
12.9650096893,80.2474365234,75368,75378,10
12.9645595551,80.2472610474,75378,75388,10
12.9639501572,80.2469863892,75388,75399,11
12.9637298584,80.246887207,75399,75409,10
12.9634599686,80.2467803955,75409,75419,10
12.9628601074,80.2464904785,75419,75429,10
12.962100029,80.2461166382,75429,75439,10
12.9611997604,80.2456817627,75439,75449,10
12.9601097107,80.2452011108,75449,75459,10
12.9593801498,80.2449111938,75459,75470,11
12.9592504501,80.2448501587,75470,75480,10
12.9588403702,80.2446365356,75480,75490,10
12.9581203461,80.2443389893,75490,75500,10
12.9573802948,80.2440795898,75500,75510,10
12.9566802979,80.2438964844,75510,75520,10
12.9563503265,80.2437973022,75520,75551,31
12.9563503265,80.2437973022,75551,75561,10
12.9561195374,80.2436904907,75561,75571,10
12.9555597305,80.2434005737,75571,75581,10
12.9548397064,80.243019104,75581,75591,10
12.9540395737,80.24269104,75591,75601,10
12.9531698227,80.2423095703,75601,75611,10
12.9521598816,80.2419204712,75611,75622,11
12.9517002106,80.2417678833,75622,75632,10
12.9514703751,80.2417068481,75632,75642,10
12.9509096146,80.2415618896,75642,75672,30
12.9509096146,80.2415618896,75672,75682,10
12.950799942,80.2415237427,75682,75692,10
12.9504404068,80.2414169312,75692,75703,11
12.9499797821,80.2412872314,75703,75713,10
12.9495897293,80.2411270142,75713,75723,10
12.9491500854,80.2409362793,75723,75733,10
12.9485197067,80.2406768799,75733,75743,10
12.947719574,80.2403411865,75743,75753,10
12.9471797943,80.2401275635,75753,75763,10
12.9471797943,80.2401428223,75763,75774,11
12.9468002319,80.2399978638,75774,75784,10
12.9462099075,80.2397384644,75784,75794,10
12.9454803467,80.2393798828,75794,75804,10
12.9447603226,80.2387771606,75804,75814,10
12.9439897537,80.2379379272,75814,75824,10
12.9431800842,80.2370910645,75824,75834,10
12.9421596527,80.2364807129,75834,75844,10
12.9408998489,80.2361602783,75844,75855,11
12.9398698807,80.2359008789,75855,75865,10
12.9396800995,80.2358398438,75865,75875,10
12.9394798279,80.2357635498,75875,75885,10
12.9389400482,80.2354812622,75885,75895,10
12.9383897781,80.2351913452,75895,75905,10
12.9373703003,80.2347335815,75905,75915,10
12.9364900589,80.2342987061,75915,75926,11
12.9357595444,80.2339172363,75926,75936,10
12.9350996017,80.2336196899,75936,75946,10
12.9338502884,80.2330474854,75946,75966,20
12.9338502884,80.2330474854,75966,75976,10
12.9335403442,80.2329406738,75976,75986,10
12.9329204559,80.2326278687,75986,75997,11
12.931889534,80.2322616577,75997,76007,10
12.9308204651,80.2319107056,76007,76017,10
12.9297704697,80.2316131592,76017,76027,10
12.9289197922,80.2314071655,76027,76037,10
12.9279899597,80.2312469482,76037,76047,10
12.9268198013,80.2311401367,76047,76057,10
12.9260396957,80.2311019897,76057,76067,10
12.9258699417,80.2310714722,76067,76078,11
12.9252500534,80.23097229,76078,76088,10
12.9243898392,80.2308578491,76088,76098,10
12.9233999252,80.23072052,76098,76108,10
12.922249794,80.2305297852,76108,76118,10
12.9209604263,80.2303390503,76118,76128,10
12.9196195602,80.2301635742,76128,76138,10
12.9183797836,80.2300033569,76138,76149,11
12.9170598984,80.229850769,76149,76159,10
12.9159002304,80.2296676636,76159,76169,10
12.9146795273,80.2294769287,76169,76179,10
12.9134197235,80.2293930054,76179,76199,20
12.9134197235,80.2293930054,76199,76209,10
12.9130601883,80.2293395996,76209,76219,10
12.9124603271,80.2292404175,76219,76230,11
12.9114599228,80.2291107178,76230,76240,10
12.9103002548,80.2289428711,76240,76250,10
12.9091100693,80.2287368774,76250,76260,10
12.9079799652,80.2285614014,76260,76270,10
12.906999588,80.2284469604,76270,76311,41
12.906999588,80.2284469604,76311,76321,10
12.9068002701,80.2284164429,76321,76331,10
12.9063501358,80.2283630371,76331,76341,10
12.9056196213,80.2283096313,76341,76351,10
12.9049701691,80.2282714844,76351,76361,10
12.9041500092,80.2282180786,76361,76371,10
12.9034004211,80.2281494141,76371,76382,11
12.9023399353,80.2281036377,76382,76392,10
12.9015302658,80.2280578613,76392,76432,40
12.9013500214,80.2280578613,76432,76564,132
12.9013500214,80.2280578613,76564,76574,10
12.9011497498,80.2280426025,76574,76584,10
12.9007501602,80.2280426025,76584,76594,10
12.8995599747,80.2279815674,76594,76615,21
12.8995599747,80.2279815674,76615,76625,10
12.8994998932,80.2279510498,76625,76635,10
12.8992595673,80.2279205322,76635,76645,10
12.8986997604,80.2278823853,76645,76655,10
12.8978796005,80.2278213501,76655,76665,10
12.8968801498,80.2277603149,76665,76675,10
12.8956003189,80.2276916504,76675,76686,11
12.8943595886,80.2276229858,76686,76696,10
12.8931798935,80.2275009155,76696,76706,10
12.8923101425,80.2274169922,76706,76716,10
12.8913402557,80.2273864746,76716,76726,10
12.8901901245,80.2273788452,76726,76736,10
12.8890695572,80.2273788452,76736,76746,10
12.8880395889,80.2273178101,76746,76757,11
12.8869199753,80.227180481,76757,76767,10
12.8858299255,80.2269134521,76767,76777,10
12.8850002289,80.2267608643,76777,76787,10
12.8848199844,80.2267608643,76787,76797,10
12.8845996857,80.2267379761,76797,76807,10
12.8840799332,80.2267532349,76807,76817,10
12.8832902908,80.2267379761,76817,76827,10
12.882229805,80.2267608643,76827,76838,11
12.8811197281,80.2267837524,76838,76848,10
12.8803100586,80.2267913818,76848,76858,10
12.8795995712,80.2267990112,76858,76868,10
12.8787097931,80.2268371582,76868,76878,10
12.8776903152,80.2269134521,76878,76888,10
12.8767995834,80.2269821167,76888,76898,10
12.876449585,80.2270202637,76898,76909,11
12.8762102127,80.2270278931,76909,76919,10
12.8755598068,80.2269973755,76919,76929,10
12.8746299744,80.2268981934,76929,76939,10
12.8735399246,80.2267684937,76939,76949,10
12.8726902008,80.2267532349,76949,76959,10
12.8725204468,80.2267684937,76959,76969,10
12.872300148,80.2267837524,76969,76980,11
12.8715896606,80.2267303467,76980,76990,10
12.8706502914,80.2266998291,76990,77000,10
12.8695201874,80.2265701294,77000,77010,10
12.8682003021,80.2264404297,77010,77020,10
12.8668003082,80.2265396118,77020,77033,13
12.8654003143,80.2266387939,77033,77043,10
12.8634395599,80.2265625,77043,77053,10
12.8620195389,80.226600647,77053,77064,11
12.8610200882,80.2266387939,77064,77074,10
12.8609600067,80.2266464233,77074,77084,10
12.8608503342,80.2266311646,77084,77095,11
12.8602199554,80.2265625,77095,77104,9
12.8593301773,80.2264328003,77104,77115,11
12.8584098816,80.2263031006,77115,77125,10
12.857000351,80.2263412476,77125,77136,11
12.855629921,80.2264785767,77136,77146,10
12.8543100357,80.2266235352,77146,77156,10
12.8529500961,80.2267303467,77156,77166,10
12.8515396118,80.2266998291,77166,77176,10
12.8503198624,80.2266387939,77176,77186,10
12.8498697281,80.2266387939,77186,77196,10
12.8498096466,80.2266387939,77196,77207,11
12.8492898941,80.2266387939,77207,77217,10
12.8484802246,80.2266387939,77217,77227,10
12.8474798203,80.2266387939,77227,77237,10
12.8463602066,80.2266464233,77237,77247,10
12.8455696106,80.2266464233,77247,77267,20
12.8455696106,80.2266464233,77267,77277,10
12.8455400467,80.2266616821,77277,77288,11
12.8450803757,80.2266616821,77288,77298,10
12.8444004059,80.2266998291,77298,77308,10
12.8435897827,80.2267684937,77308,77318,10
12.8425598145,80.2269515991,77318,77328,10
12.8415603638,80.2271881104,77328,77338,10
12.8407497406,80.2274398804,77338,77348,10
12.8399000168,80.2276535034,77348,77359,11
12.8395004272,80.2277526855,77359,77369,10
12.838760376,80.2279510498,77369,77379,10
12.8377399445,80.2281799316,77379,77389,10
12.8364801407,80.2283782959,77389,77399,10
12.8350400925,80.2286224365,77399,77409,10
12.8334598541,80.2289199829,77409,77419,10
12.8322200775,80.2291412354,77419,77429,10
12.8316001892,80.2291488647,77429,77440,11
12.8315401077,80.2289810181,77440,77450,10
12.831489563,80.2286911011,77450,77460,10
12.8313302994,80.2279510498,77460,77470,10
12.8311100006,80.226890564,77470,77480,10
12.8310003281,80.2257080078,77480,77490,10
12.8310003281,80.2248382568,77490,77500,10
12.8310098648,80.2245178223,77500,77511,11
12.8310203552,80.2237091064,77511,77521,10
12.8310499191,80.2227172852,77521,77531,10
12.8310403824,80.2222213745,77531,77541,10
12.8310499191,80.2216567993,77541,77551,10
12.8310499191,80.220741272,77551,77561,10
12.8310604095,80.2199630737,77561,77571,10
12.8308601379,80.2195281982,77571,77581,10
12.8301200867,80.2194900513,77581,77593,12
12.8291196823,80.2194824219,77593,77603,10
12.8280601501,80.2194824219,77603,77613,10
12.8275995255,80.2194976807,77613,77623,10
12.8275899887,80.2194976807,77623,77633,10
12.8271799088,80.2194900513,77633,77643,10
12.8260202408,80.2194824219,77643,77653,10
12.8260202408,80.2194824219,77653,77664,11
12.8258399963,80.2192001343,77664,77674,10
12.8258399963,80.218788147,77674,77684,10
12.8258399963,80.2180404663,77684,77694,10
12.8258399963,80.217048645,77694,77704,10
12.8258104324,80.2162017822,77704,77717,13
12.8255701065,80.2160568237,77717,77727,10
12.8248796463,80.2160415649,77727,77738,11
12.8242702484,80.2160797119,77738,77991,253
12.8242702484,80.2160797119,77991,78001,10
12.8240804672,80.2160568237,78001,78011,10
12.8234195709,80.2160568237,78011,78021,10
12.8228197098,80.2160491943,78021,78031,10
12.8226604462,80.2162475586,78031,78042,11
12.8226900101,80.2170028687,78042,78052,10
12.8226995468,80.217590332,78052,78062,10
12.8226995468,80.2188796997,78062,78072,10
12.822719574,80.2192611694,78072,78082,10
12.8227701187,80.2194213867,78082,78092,10
12.8233203888,80.2194137573,78092,78102,10
12.8242197037,80.2193832397,78102,78113,11
12.8251104355,80.2193374634,78113,78123,10
12.8254499435,80.2193603516,78123,78134,11
12.8259296417,80.219367981,78134,78144,10
12.826789856,80.219367981,78144,78154,10
12.8273801804,80.219367981,78154,78164,10
12.8277902603,80.2193603516,78164,78174,10
12.8285398483,80.2193603516,78174,78184,10
12.8294801712,80.2193527222,78184,78195,11
12.8305196762,80.219367981,78195,78205,10
12.8308601379,80.2193603516,78205,78215,10
12.8311700821,80.2196578979,78215,78225,10
12.8311796188,80.2204818726,78225,78235,10
12.8311796188,80.221496582,78235,78245,10
12.8311796188,80.2220993042,78245,78255,10
12.8311700821,80.2224578857,78255,78266,11
12.8311700821,80.2232208252,78266,78276,10
12.8311700821,80.2241287231,78276,78286,10
12.8311595917,80.2246170044,78286,78296,10
12.8311595917,80.2250289917,78296,78306,10
12.8311395645,80.2257385254,78306,78316,10
12.831199646,80.2266998291,78316,78326,10
12.8314399719,80.2277679443,78326,78337,11
12.8316698074,80.2288513184,78337,78347,10
12.8318300247,80.2291564941,78347,78357,10
12.8323001862,80.2290420532,78357,78367,10
12.8330402374,80.2288818359,78367,78377,10
12.8339700699,80.2287063599,78377,78387,10
12.8351297379,80.2285003662,78387,78397,10
12.8364400864,80.228302002,78397,78407,10
12.8378200531,80.2280578613,78407,78418,11
12.8385696411,80.2278823853,78418,78428,10
12.8390798569,80.2277374268,78428,78438,10
12.8393497467,80.2276077271,78438,78448,10
12.8398303986,80.2275009155,78448,78458,10
12.8406095505,80.2273178101,78458,78468,10
12.8416004181,80.2270736694,78468,78478,10
12.8426799774,80.2268218994,78478,78489,11
12.8440198898,80.2266082764,78489,78499,10
12.845000267,80.2265014648,78499,78509,10
12.8453102112,80.2264785767,78509,78519,10
12.8456096649,80.2264633179,78519,78529,10
12.846280098,80.2264633179,78529,78539,10
12.8473396301,80.2264785767,78539,78549,10
12.8486299515,80.2264709473,78549,78559,10
12.8499603271,80.2264633179,78559,78570,11
12.8515100479,80.2265014648,78570,78580,10
12.8531198502,80.2265777588,78580,78590,10
12.854929924,80.2264328003,78590,78600,10
12.8566598892,80.2262420654,78600,78610,10
12.8580503464,80.2261276245,78610,78620,10
12.8592395782,80.2262420654,78620,78630,10
12.8605804443,80.2264633179,78630,78641,11
12.8621797562,80.2264709473,78641,78651,10
12.8638296127,80.2264328003,78651,78661,10
12.8654003143,80.2264785767,78661,78671,10
12.866519928,80.2264480591,78671,78681,10
12.8669700623,80.2264022827,78681,78884,203
12.8669700623,80.2264022827,78884,78894,10
12.8671598434,80.2263793945,78894,78904,10
12.8675699234,80.2263565063,78904,78914,10
12.8684797287,80.2262802124,78914,78924,10
12.8696603775,80.2264175415,78924,78934,10
12.8710203171,80.2265396118,78934,78946,12
12.8722600937,80.2265930176,78946,78956,10
12.873749733,80.2266387939,78956,78966,10
12.8750095367,80.2268218994,78966,78976,10
12.8760795593,80.2268981934,78976,78986,10
12.8767204285,80.226890564,78986,78996,10
12.8775501251,80.2268371582,78996,79006,10
12.8787603378,80.2267303467,79006,79016,10
12.8800401688,80.2266769409,79016,79027,11
12.8819904327,80.2266693115,79027,79037,10
12.8836603165,80.2266616821,79037,79047,10
12.8848695755,80.2266311646,79047,79057,10
12.8862304688,80.2268676758,79057,79067,10
12.8877096176,80.2272033691,79067,79077,10
12.8893299103,80.2272872925,79077,79087,10
12.8910999298,80.2272796631,79087,79098,11
12.8925800323,80.2273025513,79098,79108,10
12.8937797546,80.2274703979,79108,79118,10
12.8950901031,80.2275772095,79118,79128,10
12.8964996338,80.2276382446,79128,79138,10
12.897939682,80.2277069092,79138,79148,10
12.8993797302,80.2277832031,79148,79158,10
12.90046978,80.2278289795,79158,79168,10
12.9012002945,80.2278518677,79168,79179,11
12.9018201828,80.2278823853,79179,79189,10
12.9021100998,80.2278823853,79189,79199,10
12.9023399353,80.2279281616,79199,79209,10
12.9025602341,80.2279510498,79209,79219,10
12.9032802582,80.2279968262,79219,79229,10
12.9043903351,80.2280578613,79229,79239,10
12.9055995941,80.2280883789,79239,79250,11
12.9064502716,80.2281570435,79250,79260,10
12.9072799683,80.2282714844,79260,79270,10
12.9083499908,80.2284393311,79270,79280,10
12.9097099304,80.2286682129,79280,79290,10
12.9109401703,80.2288589478,79290,79300,10
12.9120397568,80.229019165,79300,79310,10
12.913189888,80.2291717529,79310,79320,10
12.9139099121,80.2292709351,79320,79331,11
12.9141702652,80.2292861938,79331,79341,10
12.9147796631,80.229347229,79341,79351,10
12.9157495499,80.2294998169,79351,79361,10
12.9169101715,80.2296600342,79361,79371,10
12.9181499481,80.2298583984,79371,79381,10
12.9194898605,80.2300186157,79381,79391,10
12.9209403992,80.2302017212,79391,79402,11
12.9227199554,80.2304534912,79402,79412,10
12.9242401123,80.2306671143,79412,79422,10
12.9255399704,80.2308197021,79422,79432,10
12.9269199371,80.2309799194,79432,79442,10
12.9282598495,80.2311325073,79442,79452,10
12.9294595718,80.2313613892,79452,79462,10
12.9307203293,80.2316894531,79462,79472,10
12.9320402145,80.2321014404,79472,79483,11
12.9333295822,80.2325820923,79483,79493,10
12.9343595505,80.2330627441,79493,79503,10
12.9353704453,80.2334899902,79503,79513,10
12.9356803894,80.2336425781,79513,79523,10
12.9359397888,80.2337799072,79523,79533,10
12.93653965,80.2340393066,79533,79543,10
12.9374704361,80.2344818115,79543,79554,11
12.9386396408,80.2350387573,79554,79564,10
12.939450264,80.2354202271,79564,79574,10
12.9396800995,80.2355499268,79574,79584,10
12.939909935,80.2356567383,79584,79594,10
12.9404296875,80.2358703613,79594,79604,10
12.9416599274,80.2361831665,79604,79614,10
12.9427995682,80.2365722656,79614,79625,11
12.943860054,80.2375030518,79625,79635,10
12.9447498322,80.2384872437,79635,79645,10
12.945520401,80.2391967773,79645,79655,10
12.9464197159,80.239616394,79655,79665,10
12.9475603104,80.2400970459,79665,79675,10
12.9487600327,80.2405700684,79675,79685,10
12.9498195648,80.2409591675,79685,79695,10
12.9509601593,80.2413101196,79695,79706,11
12.9517402649,80.2415771484,79706,79716,10
12.9529800415,80.2420196533,79716,79726,10
12.9539499283,80.2424163818,79726,79736,10
12.9547195435,80.242729187,79736,79746,10
12.9553899765,80.2429580688,79746,79756,10
12.9563302994,80.2432632446,79756,79787,31
12.9563302994,80.2432632446,79787,79797,10
12.9564695358,80.243270874,79797,79807,10
12.9568595886,80.2434692383,79807,79817,10
12.9574604034,80.2437591553,79817,79827,10
12.9584999084,80.2442398071,79827,79837,10
12.9592399597,80.2445831299,79837,79847,10
12.9599704742,80.2449111938,79847,79858,11
12.9614400864,80.2456130981,79858,79868,10
12.9626102448,80.2461700439,79868,79878,10
12.9633197784,80.2464904785,79878,79918,40
12.9633197784,80.2464904785,79918,79929,11
12.9635095596,80.2465591431,79929,79939,10
12.9636802673,80.2466583252,79939,79949,10
12.9641504288,80.2468490601,79949,79959,10
12.964969635,80.2471694946,79959,79969,10
12.9659700394,80.2475128174,79969,79979,10
12.9664297104,80.2477035522,79979,79989,10
12.966629982,80.2478103638,79989,79999,10
12.9670000076,80.2480010986,79999,80010,11
12.9678001404,80.2483596802,80010,80020,10
12.9686002731,80.2486572266,80020,80030,10
12.9695796967,80.2490692139,80030,80040,10
12.9706602097,80.2494888306,80040,80050,10
12.9718399048,80.2498168945,80050,80060,10
12.9730596542,80.2501373291,80060,80070,10
12.9740400314,80.2503967285,80070,80081,11
12.9752502441,80.2507629395,80081,80091,10
12.9764795303,80.251121521,80091,80101,10
12.9775600433,80.2516021729,80101,80111,10
12.9784202576,80.2522583008,80111,80121,10
12.9795398712,80.252571106,80121,80162,41
12.9795398712,80.252571106,80162,80172,10
12.979809761,80.2526016235,80172,80182,10
12.9804601669,80.2526092529,80182,80192,10
12.9813699722,80.2525863647,80192,80202,10
12.9823904037,80.2525634766,80202,80212,10
12.9833498001,80.2524871826,80212,80222,10
12.9847602844,80.2521362305,80222,80253,31
12.9847602844,80.2521362305,80253,80263,10
12.984749794,80.2521209717,80263,80273,10
12.9848604202,80.2520904541,80273,80283,10
12.9851799011,80.2519989014,80283,80293,10
12.9855699539,80.2518920898,80293,80314,21
12.9857597351,80.2518234253,80314,80344,30
12.9857597351,80.2518234253,80344,80354,10
12.9859304428,80.2517623901,80354,80385,31
12.9862098694,80.251701355,80385,80405,20
12.9862098694,80.251701355,80405,80415,10
12.9866199493,80.2516098022,80415,80425,10
12.9871101379,80.2514801025,80425,80506,81
12.9871101379,80.2514801025,80506,80516,10
12.9872198105,80.2514266968,80516,80526,10
12.9874000549,80.251373291,80526,80537,11
12.9877700806,80.2513122559,80537,80547,10
12.9884996414,80.2511367798,80547,80557,10
12.989279747,80.2509307861,80557,80567,10
12.9895496368,80.2508468628,80567,80577,10
12.9901399612,80.2507324219,80577,80587,10
12.9910497665,80.2505111694,80587,80597,10
12.9922103882,80.2502288818,80597,80607,10
12.9934597015,80.2499084473,80607,80618,11
12.9949302673,80.2495498657,80618,80628,10
12.9962997437,80.2491989136,80628,80638,10
12.9975500107,80.248878479,80638,80648,10
12.9990797043,80.2484817505,80648,80658,10
13.0003299713,80.2481765747,80658,80667,9
13.0017004013,80.2478408813,80667,80678,11
13.0026597977,80.2476196289,80678,80689,11
13.004240036,80.2473678589,80689,80699,10
13.005399704,80.2471923828,80699,80709,10
13.0062799454,80.2468414307,80709,80719,10
13.0065803528,80.2462615967,80719,80729,10
13.0066299438,80.2453918457,80729,80739,10
13.0066299438,80.2443771362,80739,80749,10
13.0066404343,80.2434997559,80749,80759,10
13.0065898895,80.2426605225,80759,80770,11
13.0065898895,80.2414016724,80770,80780,10
13.0067596436,80.2403106689,80780,80789,9
13.0069198608,80.2394866943,80789,80800,11
13.0071401596,80.2383117676,80800,80810,10
13.0073204041,80.2375183105,80810,80820,10
13.0074396133,80.2369766235,80820,80830,10
13.0075502396,80.2365188599,80830,80841,11
13.0076503754,80.2359237671,80841,80851,10
13.0078296661,80.2351074219,80851,80861,10
13.0080404282,80.2340164185,80861,80871,10
13.0082902908,80.2326431274,80871,80881,10
13.0085802078,80.2312011719,80881,80891,10
13.0090703964,80.2287597656,80891,80901,10
13.0090703964,80.2287597656,80901,80911,10
13.0093603134,80.2277908325,80911,80922,11
13.0098104477,80.2267532349,80922,80932,10
13.0102996826,80.2257232666,80932,80942,10
13.0107803345,80.2247161865,80942,80952,10
13.0110998154,80.2239227295,80952,80962,10
13.0112600327,80.2233581543,80962,80972,10
13.0113401413,80.2232208252,80972,80982,10
13.0113801956,80.2231292725,80982,80993,11
13.0115995407,80.2226104736,80993,81003,10
13.0118398666,80.221862793,81003,81013,10
13.0122203827,80.2213821411,81013,81023,10
13.0124797821,80.2216796875,81023,81033,10
13.0128297806,80.2222213745,81033,81043,10
13.0133495331,80.2227630615,81043,81053,10
13.013879776,80.2232971191,81053,81062,9
13.0141096115,80.2234420776,81062,81074,12
13.0144901276,80.2238693237,81074,81084,10
13.014960289,80.2245407104,81084,81094,10
13.0153598785,80.2249221802,81094,81104,10
13.0155000687,80.2250213623,81104,81114,10
13.015999794,80.2252426147,81114,81124,10
13.0165996552,80.225227356,81124,81134,10
13.0172996521,80.2249603271,81134,81145,11
13.0181303024,80.2246170044,81145,81155,10
13.0189695358,80.2243423462,81155,81165,10
13.0197496414,80.2245178223,81165,81175,10
13.020409584,80.2249603271,81175,81185,10
13.0210399628,80.2254333496,81185,81195,10
13.0216302872,80.2258911133,81195,81205,10
13.0219898224,80.2261810303,81205,81215,10
13.0222702026,80.2264022827,81215,81226,11
13.0228204727,80.2268981934,81226,81236,10
13.0232601166,80.2273178101,81236,81246,10
13.0237998962,80.2277984619,81246,81256,10
13.0243196487,80.2283401489,81256,81297,41
13.0243196487,80.2283401489,81297,81307,10
13.0242900848,80.2285766602,81307,81317,10
13.0240402222,80.2282867432,81317,81327,10
13.0235700607,80.2277374268,81327,81337,10
13.0230197906,80.2272567749,81337,81347,10
13.0223798752,80.2267379761,81347,81357,10
13.0216798782,80.2261734009,81357,81368,11
13.020939827,80.2255783081,81368,81378,10
13.0202703476,80.225112915,81378,81388,10
13.0198497772,80.2248382568,81388,81398,10
13.0195903778,80.2247085571,81398,81408,10
13.0188999176,80.2245788574,81408,81418,10
13.0179700851,80.2248916626,81418,81428,10
13.0169401169,80.2252807617,81428,81438,10
13.0163402557,80.2255172729,81438,81449,11
13.0156202316,80.2257537842,81449,81459,10
13.0149497986,80.226020813,81459,81469,10
13.0144796371,80.2261962891,81469,81479,10
13.0142002106,80.2261810303,81479,81489,10
13.0142002106,80.2261428833,81489,81499,10
13.0141897202,80.2256164551,81499,81661,162
13.0141897202,80.2256164551,81661,81672,11
13.0143604279,80.225402832,81672,81682,10
13.0143699646,80.225402832,81682,81692,10
