13.0145797729,80.2256088257,12,133,121
13.0145797729,80.2256088257,133,143,10
13.0145301819,80.2255172729,143,153,10
13.0147895813,80.2255783081,153,2836,2683
13.0147895813,80.2255783081,2836,2846,10
13.014840126,80.2255096436,2846,2856,10
13.0146503448,80.225402832,2856,2866,10
13.0144395828,80.2253494263,2866,2876,10
13.01445961,80.225402832,2876,2896,20
13.01445961,80.225402832,2896,2906,10
13.0145902634,80.2255401611,2906,7827,4921
13.0146303177,80.2258071899,7827,9824,1997
13.0145397186,80.2256774902,9824,10136,312
13.0146398544,80.225692749,10136,10761,625
13.0145397186,80.2257537842,10761,14814,4053
13.0146503448,80.2256011963,14814,15358,544
13.0145902634,80.2256011963,15358,16819,1461
13.0145597458,80.2255783081,16819,18110,1291
13.0146903992,80.2256393433,18110,18271,161
13.0146999359,80.2256393433,18271,19833,1562
13.0145702362,80.2257614136,19833,20004,171
13.0146999359,80.2256698608,20004,21002,998
13.0145797729,80.225730896,21002,21597,595
13.0145797729,80.225730896,21597,21607,10
13.0142402649,80.2260665894,21607,21647,40
13.0142402649,80.2260665894,21647,21657,10
13.0142297745,80.2262420654,21657,21667,10
13.0141401291,80.2263565063,21667,21677,10
13.0136203766,80.2265319824,21677,21687,10
13.0128803253,80.2267913818,21687,21698,11
13.0119104385,80.227180481,21698,21708,10
13.0109300613,80.2275466919,21708,21718,10
13.0099802017,80.227897644,21718,21728,10
13.0095396042,80.2275619507,21728,21738,10
13.0098400116,80.226890564,21738,21748,10
13.0102500916,80.2259902954,21748,21758,10
13.0107002258,80.2249832153,21758,21768,10
13.0110397339,80.2241287231,21768,21778,10
13.0114002228,80.2232208252,21778,21788,10
13.0116901398,80.2223892212,21788,21798,10
13.0120296478,80.2214813232,21798,21808,10
13.0120401382,80.220703125,21808,21819,11
13.0117197037,80.2196578979,21819,21829,10
13.0114002228,80.2187576294,21829,21839,10
13.011059761,80.2177810669,21839,21849,10
13.0106401443,80.2167663574,21849,21859,10
13.0102300644,80.2160415649,21859,21869,10
13.009929657,80.2153778076,21869,21879,10
13.0095996857,80.2148666382,21879,21889,10
13.0092401505,80.2143783569,21889,21905,16
13.0083999634,80.2134170532,21905,21917,12
13.0082397461,80.2133407593,21917,21927,10
13.0081701279,80.2133102417,21927,21937,10
13.0080795288,80.2132492065,21937,21947,10
13.0078697205,80.2131118774,21947,21958,11
13.0074501038,80.2128372192,21958,21968,10
13.006770134,80.2127532959,21968,21978,10
13.0060796738,80.2129211426,21978,21988,10
13.0054597855,80.2127838135,21988,21998,10
13.0047101974,80.2123413086,21998,22007,9
13.0038499832,80.212097168,22007,22018,11
13.0031499863,80.212097168,22018,22028,10
13.0025196075,80.2121582031,22028,22038,10
13.001999855,80.2124328613,22038,22048,10
13.0014095306,80.2128372192,22048,22058,10
13.0008897781,80.2132568359,22058,22068,10
13.0002603531,80.2138519287,22068,22079,11
12.9997196198,80.2143325806,22079,22089,10
12.9992904663,80.2146530151,22089,22099,10
12.9991703033,80.2147827148,22099,22109,10
12.9989004135,80.2149505615,22109,22119,10
12.9985103607,80.2152786255,22119,22129,10
12.9977397919,80.215927124,22129,22139,10
12.997179985,80.2164611816,22139,22149,10
12.996430397,80.2165679932,22149,22159,10
12.9954996109,80.2168273926,22159,22168,9
12.9947500229,80.217300415,22168,22179,11
12.9939002991,80.2179412842,22179,22189,10
12.9929895401,80.2185821533,22189,22200,11
12.9919700623,80.2193374634,22200,22210,10
12.9911003113,80.2199783325,22210,22220,10
12.9908895493,80.2201385498,22220,22230,10
12.990650177,80.2203063965,22230,22240,10
12.9902000427,80.2206573486,22240,22250,10
12.9896097183,80.221321106,22250,22260,10
12.9890298843,80.2220611572,22260,22270,10
12.9882802963,80.2228317261,22270,22280,10
12.9873104095,80.2230529785,22280,22298,18
12.9856901169,80.2230834961,22298,22310,12
12.9849996567,80.223197937,22310,22320,10
12.9842395782,80.2227706909,22320,22330,10
12.9836997986,80.2224731445,22330,22341,11
12.9833097458,80.2222290039,22341,22351,10
12.9832000732,80.2221603394,22351,22361,10
12.9828701019,80.2219772339,22361,22371,10
12.9825201035,80.2218475342,22371,22380,9
12.9817199707,80.2214202881,22380,22391,11
12.9809503555,80.2210388184,22391,22401,10
12.9799699783,80.2211227417,22401,22411,10
12.9788198471,80.2211837769,22411,22421,10
12.9777803421,80.2211990356,22421,22431,10
12.9766998291,80.221282959,22431,22441,10
12.9760398865,80.2212982178,22441,22451,10
12.975569725,80.2209625244,22451,22462,11
12.9747800827,80.2205200195,22462,22472,10
12.9737997055,80.2200927734,22472,22482,10
12.9727201462,80.2196807861,22482,22492,10
12.9716100693,80.2192687988,22492,22502,10
12.9705200195,80.2188415527,22502,22512,10
12.9694900513,80.2184371948,22512,22522,10
12.9685201645,80.2180633545,22522,22532,10
12.967590332,80.2176971436,22532,22542,10
12.9665203094,80.2172622681,22542,22552,10
12.9653100967,80.2167816162,22552,22562,10
12.9641199112,80.2162704468,22562,22572,10
12.9631099701,80.2158203125,22572,22583,11
12.9619197845,80.2153701782,22583,22593,10
12.960849762,80.2149505615,22593,22603,10
12.9597702026,80.2145233154,22603,22613,10
12.9587097168,80.2140808105,22613,22623,10
12.9576196671,80.2136383057,22623,22633,10
12.9565401077,80.2132110596,22633,22643,10
12.955450058,80.2127990723,22643,22653,10
12.9543800354,80.2123718262,22653,22663,10
12.9533004761,80.2119369507,22663,22672,9
12.9523096085,80.2115478516,22672,22683,11
12.9511203766,80.2110824585,22683,22693,10
12.950050354,80.2106628418,22693,22703,10
12.9490804672,80.2102737427,22703,22713,10
12.9481201172,80.2098922729,22713,22724,11
12.9468603134,80.2093963623,22724,22734,10
12.9456195831,80.2089080811,22734,22744,10
12.9444799423,80.2084579468,22744,22754,10
12.9442396164,80.2083816528,22754,22764,10
12.9439201355,80.2082366943,22764,22774,10
12.9433097839,80.2079620361,22774,22784,10
12.9427204132,80.207359314,22784,22794,10
12.9419698715,80.2066116333,22794,22804,10
12.9412002563,80.2061004639,22804,22814,10
12.9409799576,80.2060012817,22814,22824,10
12.9405097961,80.2058181763,22824,22834,10
12.9398097992,80.2055969238,22834,22845,11
12.9388799667,80.2053070068,22845,22855,10
12.9379796982,80.2050476074,22855,22865,10
12.9371004105,80.2048034668,22865,22875,10
12.9360799789,80.204498291,22875,22885,10
12.9350299835,80.2040786743,22885,22895,10
12.9340696335,80.2039489746,22895,22905,10
12.9338302612,80.2039413452,22905,22915,10
12.9335603714,80.2038726807,22915,22925,10
12.9330301285,80.2037200928,22925,22935,10
12.9323301315,80.203453064,22935,22951,16
12.9309101105,80.2029724121,22951,22963,12
12.9298200607,80.2027816772,22963,22971,8
12.9295597076,80.2027664185,22971,22984,13
12.9294500351,80.2027816772,22984,22994,10
12.9289903641,80.2027206421,22994,23004,10
12.9285097122,80.2023925781,23004,23014,10
12.9284601212,80.2015380859,23014,23024,10
12.9284200668,80.2004623413,23024,23033,9
12.9282598495,80.1995620728,23033,23044,11
12.9276304245,80.1983337402,23044,23054,10
12.9266901016,80.1977005005,23054,23064,10
12.9258298874,80.1975326538,23064,23074,10
12.9254302979,80.1975326538,23074,23084,10
12.9249801636,80.1975097656,23084,23094,10
12.9242401123,80.1975097656,23094,23105,11
12.9232797623,80.1974411011,23105,23115,10
12.9223403931,80.1973266602,23115,23125,10
12.9220504761,80.197303772,23125,23135,10
12.9218597412,80.197227478,23135,23145,10
12.9213399887,80.1970367432,23145,23155,10
12.9210996628,80.1969604492,23155,23165,10
12.9208297729,80.1968536377,23165,23175,10
12.9203596115,80.1966934204,23175,23185,10
12.9196796417,80.1964492798,23185,23194,9
12.9190597534,80.1960525513,23194,23205,11
12.9182300568,80.1953125,23205,23214,9
12.9174804688,80.1946563721,23214,23225,11
12.9170303345,80.1940612793,23225,23236,11
12.9169902802,80.1933364868,23236,23246,10
12.9170799255,80.1926422119,23246,23256,10
12.9172201157,80.1918869019,23256,23266,10
12.9172697067,80.191368103,23266,23276,10
12.9172801971,80.1913375854,23276,23286,10
12.9174003601,80.1905975342,23286,23296,10
12.9174003601,80.1905975342,23296,23306,10
12.9175100327,80.1898498535,23306,23316,10
12.917840004,80.1889572144,23316,23326,10
12.918510437,80.1881637573,23326,23336,10
12.9192304611,80.1873474121,23336,23346,10
12.920009613,80.1864471436,23346,23356,10
12.9205799103,80.185508728,23356,23366,10
12.9203701019,80.1844787598,23366,23379,13
12.9200897217,80.1832809448,23379,23389,10
12.9199199677,80.1826095581,23389,23399,10
12.9199199677,80.1825714111,23399,23409,10
12.9198799133,80.1822128296,23409,23419,10
12.919719696,80.1815567017,23419,23429,10
12.9195203781,80.1807403564,23429,23439,10
12.9193096161,80.1797180176,23439,23449,10
12.9187002182,80.1787490845,23449,23472,23
12.918419838,80.1762771606,23472,23484,12
12.9187297821,80.174949646,23484,23495,11
12.9189796448,80.1739196777,23495,23505,10
12.9193401337,80.1725463867,23505,23515,10
12.9195899963,80.1716079712,23515,23525,10
12.9197597504,80.1709899902,23525,23535,10
12.9197597504,80.1709823608,23535,23545,10
12.9198703766,80.1707305908,23545,23555,10
12.9200801849,80.1701278687,23555,23565,10
12.9203701019,80.1691665649,23565,23575,10
12.92070961,80.1680603027,23575,23585,10
12.9210596085,80.1669311523,23585,23595,10
12.9214296341,80.1658096313,23595,23605,10
12.921790123,80.164680481,23605,23616,11
12.9221601486,80.1634597778,23616,23626,10
12.9225196838,80.162361145,23626,23636,10
12.9228601456,80.1612625122,23636,23646,10
12.9231500626,80.1602935791,23646,23656,10
12.9233198166,80.1593017578,23656,23666,10
12.92345047,80.1581268311,23666,23686,20
12.9236097336,80.1557617188,23686,23698,12
12.9233798981,80.1549987793,23698,23706,8
12.9233703613,80.1549530029,23706,23718,12
12.9232797623,80.1544570923,23718,23728,10
12.9231004715,80.1537628174,23728,23738,10
12.9228801727,80.1529312134,23738,23749,11
12.9226799011,80.1518783569,23749,23759,10
12.9226503372,80.1507797241,23759,23769,10
12.9226102829,80.1495819092,23769,23779,10
12.9225597382,80.1486434937,23779,23789,10
12.9225597382,80.1473999023,23789,23799,10
12.9225597382,80.1462173462,23799,23809,10
12.9225101471,80.1452026367,23809,23819,10
12.9224796295,80.1441879272,23819,23829,10
12.9224300385,80.1432418823,23829,23839,10
12.9224100113,80.142829895,23839,23849,10
12.9224100113,80.1425628662,23849,23859,10
12.9224300385,80.1421737671,23859,23940,81
12.9224300385,80.1421737671,23940,23950,10
12.922419548,80.1418762207,23950,23960,10
12.9223899841,80.1415786743,23960,23970,10
12.9223804474,80.1414871216,23970,23980,10
12.922369957,80.1412887573,23980,23990,10
12.9223604202,80.1407165527,23990,24001,11
12.9223604202,80.139831543,24001,24011,10
12.9223604202,80.1388626099,24011,24021,10
12.9224300385,80.1377563477,24021,24031,10
12.9224996567,80.1365966797,24031,24041,10
12.9225301743,80.1354370117,24041,24051,10
12.9225597382,80.134437561,24051,24061,10
12.9226198196,80.1334991455,24061,24071,10
12.9226503372,80.1326599121,24071,24081,10
12.9226903915,80.1318206787,24081,24091,10
12.9227199554,80.130821228,24091,24107,16
12.9228200912,80.1293182373,24107,24119,12
12.9228801727,80.1281204224,24119,24130,11
12.9229097366,80.1269683838,24130,24140,10
12.9229001999,80.1259613037,24140,24150,10
12.9229803085,80.1250610352,24150,24160,10
12.9230203629,80.1240386963,24160,24170,10
12.9230604172,80.1229171753,24170,24180,10
12.9231004715,80.1220092773,24180,24190,10
12.9231996536,80.1204223633,24190,24210,20
12.9231996536,80.1204223633,24210,24220,10
12.9232501984,80.120300293,24220,24230,10
12.9232902527,80.1198883057,24230,24240,10
12.9232997894,80.1191711426,24240,24251,11
12.923330307,80.1183395386,24251,24261,10
12.92345047,80.117401123,24261,24271,10
12.92345047,80.1169967651,24271,24724,453
12.92345047,80.1169967651,24724,24734,10
12.9235296249,80.1168212891,24734,24744,10
12.9236497879,80.1169509888,24744,24754,10
12.9235801697,80.1174087524,24754,24765,11
12.9236602783,80.1178131104,24765,24775,10
12.9235897064,80.1182937622,24775,24785,10
12.9235401154,80.1190185547,24785,24795,10
12.9234199524,80.1197433472,24795,24805,10
12.9233398438,80.120300293,24805,24815,10
12.9233503342,80.1211013794,24815,25448,633
12.9233503342,80.1211013794,25448,25458,10
12.9232797623,80.1215362549,25458,25468,10
12.9232597351,80.1219863892,25468,25478,10
12.9232196808,80.1226882935,25478,25488,10
12.9231700897,80.1235427856,25488,25498,10
12.923119545,80.1245498657,25498,25508,10
12.9230804443,80.1254425049,25508,25549,41
12.9230804443,80.1254425049,25549,25559,10
12.9230804443,80.1256332397,25559,25569,10
12.9230604172,80.1259765625,25569,25579,10
12.9230203629,80.1266479492,25579,25589,10
12.9230003357,80.1273880005,25589,25599,10
12.9229602814,80.1280517578,25599,25609,10
12.9229097366,80.1287384033,25609,25619,10
12.9228696823,80.1295089722,25619,25629,10
12.9228401184,80.1303329468,25629,25639,10
12.9228200912,80.1312484741,25639,25649,10
12.9227800369,80.1322402954,25649,25660,11
12.9227304459,80.1332397461,25660,25670,10
12.9226999283,80.1342697144,25670,25680,10
12.922659874,80.1350097656,25680,25690,10
12.9226198196,80.1357727051,25690,25700,10
12.9225702286,80.13671875,25700,25710,10
12.9225196838,80.1377029419,25710,25720,10
12.9224500656,80.1387405396,25720,25730,10
12.9224395752,80.1396789551,25730,25740,10
12.9224596024,80.1406402588,25740,25750,10
12.9224700928,80.1417007446,25750,25760,10
12.9224996567,80.1423492432,25760,25770,10
12.9224996567,80.1423721313,25770,25780,10
12.9225196838,80.1426315308,25780,25791,11
12.9225502014,80.1429519653,25791,25801,10
12.9225797653,80.1434173584,25801,25811,10
12.9225902557,80.1435165405,25811,25827,16
12.9225702286,80.1439437866,25827,25839,12
12.9225797653,80.1445236206,25839,25847,8
12.9225997925,80.1450805664,25847,25858,11
12.922659874,80.1460800171,25858,25869,11
12.9226799011,80.1470108032,25869,25879,10
12.9226999283,80.1474533081,25879,25889,10
12.9226799011,80.1477432251,25889,25899,10
12.922659874,80.1483383179,25899,25909,10
12.9226799011,80.1491470337,25909,25920,11
12.9227199554,80.1502609253,25920,25930,10
12.9227399826,80.1512374878,25930,25940,10
12.9228096008,80.1521224976,25940,25950,10
12.92304039,80.153137207,25950,25960,10
12.9232997894,80.1540985107,25960,25970,10
12.9234695435,80.1546401978,25970,25980,10
12.9234695435,80.1546478271,25980,25990,10
12.923500061,80.1548309326,25990,26000,10
12.923620224,80.1553497314,26000,26010,10
12.9237604141,80.1561431885,26010,26020,10
12.9236803055,80.1571121216,26020,26030,10
12.9235801697,80.1581497192,26030,26041,11
12.9234695435,80.1593475342,26041,26051,10
12.9233598709,80.1602783203,26051,26061,10
12.9233102798,80.1605072021,26061,26071,10
12.9232501984,80.160697937,26071,26081,10
12.9230899811,80.1611785889,26081,26091,10
12.9228496552,80.1618881226,26091,26101,10
12.9225502014,80.1627731323,26101,26111,10
12.9222202301,80.1638031006,26111,26121,10
12.9218702316,80.1649017334,26121,26131,10
12.921500206,80.1660308838,26131,26141,10
12.9211397171,80.1671600342,26141,26151,10
12.920800209,80.1682662964,26151,26161,10
12.9204502106,80.1693572998,26161,26172,11
12.9200601578,80.1706695557,26172,26192,20
12.9200601578,80.1706695557,26192,26202,10
12.9200000763,80.1708068848,26202,26212,10
12.919960022,80.1709365845,26212,26222,10
12.9198904037,80.1711578369,26222,26232,10
12.9198102951,80.1714096069,26232,26242,10
12.9197397232,80.1716766357,26242,26252,10
12.9195995331,80.1722412109,26252,26262,10
12.9194002151,80.1730422974,26262,26272,10
12.9191799164,80.1738815308,26272,26282,10
12.9189395905,80.1746673584,26282,26292,10
12.9187002182,80.1756973267,26292,26303,11
12.9184703827,80.1767730713,26303,26313,10
12.9183197021,80.1778335571,26313,26323,10
12.9187803268,80.1786575317,26323,26333,10
12.9192895889,80.1794281006,26333,26343,10
12.9195804596,80.1805114746,26343,26353,10
12.9197998047,80.1815795898,26353,26363,10
12.9200496674,80.1827468872,26363,26373,10
12.9203300476,80.183807373,26373,26393,20
12.9203300476,80.183807373,26393,26403,10
12.9203596115,80.1839675903,26403,26413,10
12.9204597473,80.1844177246,26413,26423,10
12.9205999374,80.1850814819,26423,26434,11
12.9207296371,80.1855392456,26434,26450,16
12.9206695557,80.1858978271,26450,26462,12
12.9201898575,80.1864471436,26462,26471,9
12.919719696,80.186958313,26471,26482,11
12.9190797806,80.1876907349,26482,26492,10
12.9183998108,80.1884689331,26492,26502,10
12.9177799225,80.1893310547,26502,26511,9
12.9175596237,80.1901016235,26511,26522,11
12.9174404144,80.1908493042,26522,26531,9
12.9173603058,80.1915664673,26531,26541,10
12.9172496796,80.1922988892,26541,26553,12
12.9171600342,80.1929626465,26553,26583,30
12.9171600342,80.1929626465,26583,26593,10
12.9171600342,80.193069458,26593,26603,10
12.9171304703,80.1933822632,26603,26613,10
12.9171199799,80.1935195923,26613,26623,10
12.9171800613,80.1940002441,26623,26633,10
12.9175596237,80.1946182251,26633,26643,10
12.9181900024,80.1951904297,26643,26653,10
12.9189395905,80.1958694458,26653,26663,10
12.9198503494,80.1964416504,26663,26673,10
12.9209403992,80.1968231201,26673,26684,11
12.9221401215,80.1972427368,26684,26694,10
12.9233102798,80.1974182129,26694,26704,10
12.9244699478,80.197479248,26704,26714,10
12.9252595901,80.1974563599,26714,26724,10
12.9255695343,80.197479248,26724,26734,10
12.9262104034,80.1975097656,26734,26744,10
12.9269304276,80.1977615356,26744,26754,10
12.9276695251,80.1983032227,26754,26764,10
12.9281196594,80.1990737915,26764,26774,10
12.928440094,80.1999206543,26774,26784,10
12.9285297394,80.2008972168,26784,26794,10
12.9285697937,80.2017364502,26794,26804,10
12.9286699295,80.2025222778,26804,26815,11
12.9290800095,80.2026824951,26815,26825,10
12.9290895462,80.2026824951,26825,26835,10
12.9294204712,80.2027435303,26835,26845,10
12.9297199249,80.2027893066,26845,26855,10
12.9301900864,80.2028427124,26855,26865,10
12.9307804108,80.2029495239,26865,26875,10
12.9315004349,80.2031707764,26875,26885,10
12.932220459,80.2034225464,26885,26895,10
12.9327602386,80.2035903931,26895,26905,10
12.9332199097,80.2037734985,26905,26915,10
12.9337797165,80.2039031982,26915,26925,10
12.9338102341,80.2039031982,26925,26936,11
12.9340000153,80.203918457,26936,26946,10
12.9344701767,80.203956604,26946,26956,10
12.9351797104,80.2041091919,26956,26966,10
12.9360399246,80.2044525146,26966,26976,10
12.9370603561,80.204750061,26976,26986,10
12.938079834,80.2050323486,26986,26996,10
12.9390201569,80.2053070068,26996,27006,10
12.939740181,80.2055206299,27006,27016,10
12.9398803711,80.205581665,27016,27026,10
12.9400997162,80.2056427002,27026,27036,10
12.940580368,80.2058029175,27036,27046,10
12.9412403107,80.2060470581,27046,27056,10
12.9418201447,80.206413269,27056,27066,10
12.9424104691,80.2068710327,27066,27083,17
12.9430799484,80.2076797485,27083,27095,12
12.9435796738,80.2080535889,27095,27105,10
12.9440202713,80.2082214355,27105,27115,10
12.9442300797,80.2082901001,27115,27125,10
12.9443101883,80.2083206177,27125,27135,10
12.9446201324,80.2084579468,27135,27145,10
12.9451904297,80.2086791992,27145,27155,10
12.9460201263,80.2089996338,27155,27165,10
12.9468097687,80.2093200684,27165,27174,9
12.9474601746,80.2095794678,27174,27184,10
12.9481201172,80.2098388672,27184,27196,12
12.9489002228,80.2101516724,27196,27206,10
12.9498596191,80.2105178833,27206,27216,10
12.950920105,80.2109375,27216,27226,10
12.9519996643,80.2113800049,27226,27236,10
12.95291996,80.2117004395,27236,27246,10
12.9537401199,80.2120513916,27246,27256,10
12.9547195435,80.2124404907,27256,27266,10
12.9557695389,80.2128601074,27266,27276,10
12.9568500519,80.2132568359,27276,27286,10
12.9576997757,80.2136077881,27286,27296,10
12.9589796066,80.2141189575,27296,27306,10
12.9600296021,80.2145385742,27306,27316,10
12.9611101151,80.2149810791,27316,27327,11
12.9623003006,80.2154388428,27327,27337,10
12.9631795883,80.2157592773,27337,27347,10
12.9636497498,80.2159423828,27347,27357,10
12.9639196396,80.2160568237,27357,27367,10
12.9644804001,80.2163085938,27367,27377,10
12.9652004242,80.2166213989,27377,27387,10
12.965959549,80.2169113159,27387,27397,10
12.9666099548,80.2171707153,27397,27407,10
12.9672698975,80.2174301147,27407,27417,10
12.9677295685,80.2176437378,27417,27427,10
12.9679203033,80.2177276611,27427,27437,10
12.9683198929,80.217880249,27437,27447,10
12.9690799713,80.2181625366,27447,27458,11
12.9701404572,80.2185668945,27458,27468,10
12.9709796906,80.2188796997,27468,27478,10
12.971159935,80.2189407349,27478,27488,10
12.9713602066,80.2190093994,27488,27498,10
12.9718904495,80.2192382813,27498,27508,10
12.9726104736,80.2195281982,27508,27518,10
12.9734401703,80.219871521,27518,27528,10
12.974360466,80.2202301025,27528,27538,10
12.9748697281,80.2204437256,27538,27548,10
12.9751996994,80.2205734253,27548,27609,61
12.9751996994,80.2205734253,27609,27619,10
12.9753799438,80.2206878662,27619,27629,10
12.9757003784,80.2209396362,27629,27639,10
12.9760599136,80.2212219238,27639,27689,50
12.9760599136,80.2212219238,27689,27699,10
12.9764900208,80.221282959,27699,27710,11
12.9771499634,80.221282959,27710,27720,10
12.9777498245,80.2212371826,27720,27730,10
12.9780397415,80.2212295532,27730,27740,10
12.9786300659,80.2211837769,27740,27750,10
12.9793996811,80.2211227417,27750,27760,10
12.9801101685,80.2210617065,27760,27770,10
12.9808101654,80.2209777832,27770,27780,10
12.9809398651,80.220993042,27780,27790,10
12.9813699722,80.2211608887,27790,27800,10
12.9818696976,80.221496582,27800,27810,10
12.9823799133,80.2217712402,27810,27820,10
12.9827699661,80.2219085693,27820,27830,10
12.98279953,80.2219085693,27830,27847,17
12.9830102921,80.2219696045,27847,27859,12
12.9830598831,80.2220001221,27859,27869,10
12.9833803177,80.2222213745,27869,27879,10
12.9838495255,80.2225418091,27879,27888,9
12.9841804504,80.2227172852,27888,27899,11
12.9847803116,80.2231063843,27899,27909,10
12.9852199554,80.2232818604,27909,27919,10
12.9857797623,80.2230072021,27919,27929,10
12.9865503311,80.2229614258,27929,27939,10
12.9871397018,80.2230529785,27939,27949,10
12.9876098633,80.2230911255,27949,27959,10
12.9882297516,80.2227706909,27959,27970,11
12.9888601303,80.2221603394,27970,27980,10
12.9892997742,80.2215423584,27980,27990,10
12.9899301529,80.2207565308,27990,28000,10
12.9904098511,80.2203826904,28000,28009,9
12.9904203415,80.2203903198,28009,28020,11
12.9905195236,80.2203216553,28020,28030,10
12.9908399582,80.2200393677,28030,28040,10
12.9912595749,80.2196807861,28040,28050,10
12.9916801453,80.2193984985,28050,28060,10
12.9922599792,80.2189788818,28060,28070,10
12.9930095673,80.218460083,28070,28080,10
12.9937696457,80.2179336548,28080,28091,11
12.994509697,80.2173995972,28091,28101,10
12.9952001572,80.2169189453,28101,28111,10
12.9960803986,80.2166137695,28111,28121,10
12.9969501495,80.2164611816,28121,28131,10
12.9973602295,80.2162017822,28131,28141,10
12.9974603653,80.2161483765,28141,28151,10
12.9977197647,80.2159194946,28151,28161,10
12.9981498718,80.2154998779,28161,28171,10
12.9987297058,80.2150192261,28171,28181,10
12.9991197586,80.2147064209,28181,28191,10
12.9994297028,80.2144622803,28191,28201,10
12.9998397827,80.2141113281,28201,28211,10
13.0003404617,80.2136917114,28211,28222,11
13.0010004044,80.213142395,28222,28232,10
13.0015802383,80.2127075195,28232,28242,10
13.0021696091,80.212310791,28242,28252,10
13.0026903152,80.212097168,28252,28261,9
13.0031499863,80.2120666504,28261,28272,11
13.0038204193,80.2120132446,28272,28282,10
13.0045795441,80.2122802734,28282,28292,10
13.0051803589,80.2126617432,28292,28302,10
13.0059604645,80.212890625,28302,28312,10
13.0068397522,80.2127304077,28312,28321,9
13.0076704025,80.2128601074,28321,28353,32
13.0076704025,80.2128601074,28353,28363,10
13.0079202652,80.2130889893,28363,28373,10
13.0083398819,80.2133178711,28373,28383,10
13.0088300705,80.213760376,28383,28393,10
13.0093202591,80.2144088745,28393,28403,10
13.0097999573,80.2150726318,28403,28413,10
13.0102500916,80.2157363892,28413,28423,10
13.0107402802,80.2165222168,28423,28433,10
13.0110197067,80.2172698975,28433,28443,10
13.0114297867,80.2182617188,28443,28453,10
13.0118398666,80.2194137573,28453,28463,10
13.0122299194,80.2205429077,28463,28472,9
13.0125198364,80.2212905884,28472,28484,12
13.0128498077,80.221862793,28484,28494,10
13.0135402679,80.2226409912,28494,28504,10
13.0140600204,80.2233200073,28504,28514,10
13.0143699646,80.2237701416,28514,28524,10
13.0148696899,80.224281311,28524,28534,10
13.0152797699,80.2248001099,28534,28544,10
13.0153198242,80.224899292,28544,28554,10
13.0156097412,80.2251281738,28554,28564,10
13.0161399841,80.2253875732,28564,28574,10
13.0168104172,80.2252578735,28574,28584,10
13.0176401138,80.2249069214,28584,28594,10
13.0186500549,80.2245025635,28594,28604,10
13.0196800232,80.2245178223,28604,28615,11
13.0207004547,80.2251968384,28615,28625,10
13.0217103958,80.2259292603,28625,28645,20
13.0217103958,80.2259292603,28645,28655,10
13.0219697952,80.2261505127,28655,28665,10
13.0224599838,80.2265777588,28665,28675,10
13.0231199265,80.2271728516,28675,28685,10
13.023900032,80.2279129028,28685,28695,10
13.0242996216,80.2283706665,28695,28705,10
13.024479866,80.2286376953,28705,28715,10
13.0248203278,80.2291107178,28715,28725,10
13.0253200531,80.2297668457,28725,28736,11
13.0258598328,80.2306213379,28736,28746,10
13.02602005,80.2310028076,28746,28756,10
13.0260601044,80.2312316895,28756,28766,10
13.0262899399,80.2313079834,28766,28776,10
13.0269002914,80.2311401367,28776,28786,10
13.0277996063,80.2309570313,28786,28796,10
13.028429985,80.2308731079,28796,28806,10
13.0285396576,80.2308731079,28806,28816,10
13.0291595459,80.2308273315,28816,28836,20
13.0291595459,80.2308273315,28836,28846,10
13.029540062,80.230796814,28846,28856,10
13.0299701691,80.230758667,28856,28867,11
13.0306797028,80.2307128906,28867,28877,10
13.0311203003,80.230682373,28877,28887,10
13.0317001343,80.2306518555,28887,28897,10
13.0325899124,80.2305908203,28897,28906,9
13.0332202911,80.2305374146,28906,28917,11
13.0337295532,80.2304992676,28917,28927,10
13.034239769,80.2304534912,28927,28937,10
13.0345602036,80.2303771973,28937,28957,20
13.0345602036,80.2303771973,28957,28967,10
13.034819603,80.2302703857,28967,28977,10
13.0349597931,80.2301635742,28977,28988,11
13.0348796844,80.2299575806,28988,29763,775
13.0346298218,80.2300415039,29763,29814,51
13.0346403122,80.2300415039,29814,30144,330
13.0345096588,80.2297286987,30144,30570,426
13.034239769,80.2298965454,30570,30671,101
13.034239769,80.2298965454,30671,30681,10
13.0341596603,80.23021698,30681,30711,30
13.0341596603,80.23021698,30711,30721,10
13.0339298248,80.2304763794,30721,30731,10
13.033539772,80.230506897,30731,30741,10
13.0329504013,80.2305603027,30741,30751,10
13.03221035,80.2306289673,30751,30761,10
13.0316295624,80.230682373,30761,30771,10
13.0310001373,80.230758667,30771,30781,10
13.0304002762,80.2307891846,30781,30791,10
13.0298299789,80.2308731079,30791,30802,11
13.0291900635,80.2309188843,30802,30812,10
13.028670311,80.2309570313,30812,30822,10
13.027970314,80.2310409546,30822,30831,9
13.027680397,80.2312011719,30831,30842,11
13.0277099609,80.2317962646,30842,30852,10
13.0278301239,80.2324829102,30852,30862,10
13.0278701782,80.2326812744,30862,30872,10
13.0277500153,80.2328033447,30872,30882,10
13.0273704529,80.232963562,30882,30892,10
13.0269899368,80.2330169678,30892,30902,10
13.0265703201,80.2330093384,30902,30912,10
13.026309967,80.2325134277,30912,30922,10
13.0261001587,80.2317810059,30922,30933,11
13.0258798599,80.231010437,30933,30943,10
13.0254602432,80.230140686,30943,30953,10
13.0249700546,80.2294998169,30953,30963,10
13.0247097015,80.2291793823,30963,30973,10
13.0244598389,80.2288513184,30973,30983,10
13.0242204666,80.2285232544,30983,30993,10
13.0239896774,80.2282867432,30993,31003,10
13.0234699249,80.2276992798,31003,31053,50
13.0231304169,80.2275009155,31053,31084,31
13.0231304169,80.2275009155,31084,31094,10
13.0228500366,80.2272567749,31094,31104,10
13.0226402283,80.2269363403,31104,31114,10
13.0221595764,80.2264404297,31114,31124,10
13.0216302872,80.2260437012,31124,31134,10
13.0212602615,80.2257537842,31134,31144,10
13.0207901001,80.2254180908,31144,31154,10
13.0203800201,80.2251586914,31154,31174,20
13.0203800201,80.2251586914,31174,31184,10
13.0201997757,80.2250289917,31184,31195,11
13.0198297501,80.2247619629,31195,31205,10
13.0193300247,80.2245330811,31205,31215,10
13.0185203552,80.224609375,31215,31225,10
13.017539978,80.2249984741,31225,31235,10
13.0168504715,80.2253112793,31235,31245,10
13.0165596008,80.2254486084,31245,31255,10
13.0164003372,80.2255096436,31255,31271,16
13.0157403946,80.2257385254,31271,31283,12
13.0149297714,80.2260665894,31283,31293,10
13.0143899918,80.2262802124,31293,31303,10
13.0143699646,80.226272583,31303,31313,10
13.0139904022,80.2263793945,31313,31323,10
13.013420105,80.2266082764,31323,31334,11
13.012550354,80.2269287109,31334,31344,10
13.011590004,80.2272872925,31344,31354,10
13.0105400085,80.2276992798,31354,31363,9
13.009759903,80.2279586792,31363,31374,11
13.0096302032,80.2273635864,31374,31384,10
13.0099802017,80.2265777588,31384,31394,10
13.0103998184,80.2256774902,31394,31404,10
13.0107898712,80.2247924805,31404,31414,10
13.011059761,80.2240524292,31414,31424,10
13.0111598969,80.223739624,31424,31434,10
13.0112400055,80.2235794067,31434,31444,10
13.0114603043,80.2230606079,31444,31455,11
13.011759758,80.2222518921,31455,31465,10
13.0119495392,80.2216796875,31465,31475,10
13.0121202469,80.2211837769,31475,31485,10
13.0120201111,80.2206268311,31485,31495,10
13.011759758,80.2198028564,31495,31505,10
13.0114603043,80.2188720703,31505,31515,10
13.0111398697,80.2179031372,31515,31525,10
13.0107402802,80.2168884277,31525,31535,10
13.0104103088,80.2162628174,31535,31545,10
13.010020256,80.2155380249,31545,31555,10
13.0096197128,80.2149429321,31555,31565,10
13.0091600418,80.2143173218,31565,31575,10
13.0086297989,80.2136077881,31575,31586,11
13.0082502365,80.2133789063,31586,31626,40
13.0082502365,80.2133789063,31626,31636,10
13.0081396103,80.2133026123,31636,31646,10
13.0079202652,80.2131576538,31646,31777,131
13.0079202652,80.2131576538,31777,31787,10
13.0076398849,80.2129135132,31787,31797,10
13.0074195862,80.212852478,31797,31807,10
13.0071496964,80.2128372192,31807,31817,10
13.0069103241,80.2127990723,31817,31827,10
13.0064096451,80.2128677368,31827,31837,10
13.0057296753,80.2130126953,31837,31848,11
13.0050096512,80.2125015259,31848,31858,10
13.004240036,80.2121200562,31858,31868,10
13.003370285,80.212059021,31868,31878,10
13.0028600693,80.212059021,31878,31888,10
13.0024795532,80.2121887207,31888,31898,10
13.0020799637,80.2124023438,31898,31908,10
13.0017299652,80.2126922607,31908,31918,10
13.001250267,80.2131195068,31918,31928,10
13.0006999969,80.2136993408,31928,31938,10
13.0000600815,80.2142028809,31938,31948,10
12.9996404648,80.2144622803,31948,31958,10
12.9991502762,80.21484375,31958,31969,11
12.9988203049,80.2151031494,31969,31979,10
12.9983797073,80.2156219482,31979,31989,10
12.9976902008,80.2160873413,31989,31999,10
12.9974603653,80.2162780762,31999,32009,10
12.9973402023,80.2164001465,32009,32059,50
12.9973402023,80.2164001465,32059,32069,10
12.9972496033,80.2165298462,32069,32079,10
12.997010231,80.2165527344,32079,32089,10
12.9965400696,80.2165985107,32089,32100,11
12.9957895279,80.2168579102,32100,32110,10
12.9950504303,80.2172012329,32110,32119,9
12.994509697,80.2175216675,32119,32130,11
12.9937896729,80.2180786133,32130,32140,10
12.9930801392,80.2185668945,32140,32150,10
12.9923696518,80.2191772461,32150,32160,10
12.9917001724,80.219619751,32160,32170,10
12.9912099838,80.2199325562,32170,32180,10
12.9908599854,80.2202377319,32180,32190,10
12.9907398224,80.2202301025,32190,32200,10
12.9905004501,80.2203979492,32200,32210,10
12.9901599884,80.2206878662,32210,32220,10
12.9899396896,80.2209396362,32220,32231,11
12.9895095825,80.2213668823,32231,32241,10
12.9891395569,80.2219467163,32241,32251,10
12.9886198044,80.2225036621,32251,32261,10
12.9877901077,80.2230834961,32261,32291,30
12.9877901077,80.2230834961,32291,32301,10
12.9874696732,80.2230606079,32301,32311,10
12.9872703552,80.2230987549,32311,32321,10
12.9872198105,80.2230987549,32321,32331,10
12.9869604111,80.2230606079,32331,32341,10
12.9864397049,80.2230072021,32341,32351,10
12.9856901169,80.2231216431,32351,32362,11
12.9852399826,80.2232971191,32362,32372,10
12.98458004,80.2229919434,32372,32382,10
12.9841299057,80.2226791382,32382,32392,10
12.9832897186,80.22215271,32392,32412,20
12.9832897186,80.22215271,32412,32422,10
12.9829397202,80.2219772339,32422,32442,20
12.9829397202,80.2219772339,32442,32452,10
12.9823503494,80.2218093872,32452,32462,10
12.9818601608,80.2214202881,32462,32472,10
12.9813098907,80.2211914063,32472,32482,10
12.9806003571,80.2211227417,32482,32493,11
12.9796800613,80.2211837769,32493,32503,10
12.978770256,80.2211914063,32503,32512,9
12.9779701233,80.2212219238,32512,32523,11
12.9773197174,80.2212905884,32523,32533,10
12.9765901566,80.2212524414,32533,32543,10
12.9762001038,80.221282959,32543,32553,10
12.975979805,80.2212982178,32553,32563,10
12.9756603241,80.2210388184,32563,32573,10
12.9755802155,80.2209777832,32573,32583,10
12.9754896164,80.2208709717,32583,32593,10
12.975110054,80.2206192017,32593,32603,10
12.9744195938,80.2203521729,32603,32613,10
12.9738101959,80.2200622559,32613,32624,11
12.9730396271,80.2197494507,32624,32634,10
12.9721603394,80.2194519043,32634,32644,10
12.9714202881,80.21925354,32644,32654,10
12.9711999893,80.2192001343,32654,32664,10
12.9710998535,80.2191619873,32664,32674,10
12.9707603455,80.21900177,32674,32684,10
12.9701795578,80.218711853,32684,32694,10
12.969499588,80.2184371948,32694,32704,10
12.9688301086,80.2181777954,32704,32714,10
12.9681596756,80.2179031372,32714,32724,10
12.9674797058,80.2176437378,32724,32734,10
12.9666500092,80.2173233032,32734,32745,11
12.9655103683,80.2168731689,32745,32755,10
12.9644899368,80.2164611816,32755,32765,10
12.9639396667,80.2162399292,32765,32775,10
12.963640213,80.2161102295,32775,32785,10
12.9631996155,80.2158813477,32785,32795,10
12.9629001617,80.2157669067,32795,32805,10
12.9626998901,80.2156829834,32805,32815,10
12.9622497559,80.2155075073,32815,32825,10
12.9616203308,80.2152786255,32825,32841,16
12.9604501724,80.2148132324,32841,32853,12
12.9594898224,80.2144393921,32853,32861,8
12.9587802887,80.2141189575,32861,32873,12
12.9577198029,80.2136764526,32873,32883,10
12.957110405,80.213432312,32883,32894,11
12.9562702179,80.2131118774,32894,32905,11
12.9552202225,80.2127075195,32905,32913,8
12.9544801712,80.2124176025,32913,32925,12
12.9534101486,80.2119903564,32925,32935,10
12.9523897171,80.2115936279,32935,32946,11
12.9513301849,80.2111663818,32946,32956,10
12.9501600266,80.2107086182,32956,32966,10
12.9492197037,80.2103424072,32966,32976,10
12.9483499527,80.2099990845,32976,32986,10
12.9473304749,80.209602356,32986,32996,10
12.9461402893,80.2091217041,32996,33007,11
12.9449501038,80.2086410522,33007,33017,10
12.9442901611,80.2084197998,33017,33027,10
12.9442300797,80.2083892822,33027,33037,10
12.9439296722,80.2082519531,33037,33047,10
12.9433898926,80.2080383301,33047,33057,10
12.9429101944,80.2075576782,33057,33067,10
12.9425296783,80.2070617676,33067,33077,10
12.9420604706,80.2066574097,33077,33087,10
12.941619873,80.2063369751,33087,33097,10
12.9413003922,80.2061080933,33097,33107,10
12.941069603,80.2060012817,33107,33117,10
12.9409103394,80.205947876,33117,33127,10
12.9405202866,80.2058563232,33127,33137,10
12.9398403168,80.2056121826,33137,33154,17
12.9385204315,80.2051773071,33154,33166,12
12.9374303818,80.2048721313,33166,33176,10
12.9366703033,80.2046737671,33176,33186,10
12.9357795715,80.2043991089,33186,33196,10
12.9351501465,80.2041320801,33196,33205,9
12.9345502853,80.2040176392,33205,33216,11
12.9337797165,80.2039413452,33216,33226,10
12.9337701797,80.2039413452,33226,33236,10
12.9335403442,80.203918457,33236,33246,10
12.9330501556,80.2037582397,33246,33256,10
12.9323997498,80.2035217285,33256,33266,10
12.9316301346,80.2032394409,33266,33277,11
12.9306898117,80.2029418945,33277,33287,10
12.9295196533,80.2027816772,33287,33307,20
12.9295196533,80.2027816772,33307,33317,10
12.9294204712,80.2027816772,33317,33327,10
12.9290800095,80.2027206421,33327,33337,10
12.9286499023,80.20262146,33337,33347,10
12.9284696579,80.2020797729,33347,33357,10
12.928440094,80.2013092041,33357,33367,10
12.9284095764,80.2003631592,33367,33377,10
12.9281702042,80.1993408203,33377,33387,10
12.9276599884,80.1983413696,33387,33398,11
12.9266700745,80.1976623535,33398,33408,10
12.9260396957,80.197517395,33408,33418,10
12.9254798889,80.1975326538,33418,33428,10
12.925160408,80.1975326538,33428,33438,10
12.9245901108,80.197517395,33438,33448,10
12.9238796234,80.1975021362,33448,33458,10
12.9232301712,80.1974411011,33458,33468,10
12.9225997925,80.1973419189,33468,33478,10
12.9220695496,80.1972808838,33478,33488,10
12.9219999313,80.1972579956,33488,33498,10
12.9216499329,80.1971435547,33498,33508,10
12.921210289,80.1969833374,33508,33518,10
12.9207801819,80.1968231201,33518,33529,11
12.920249939,80.1966629028,33529,33539,10
12.9195804596,80.1964111328,33539,33549,10
12.9191598892,80.1961364746,33549,33559,10
12.9187898636,80.1958236694,33559,33569,10
12.9183397293,80.1954193115,33569,33579,10
12.9178695679,80.1950302124,33579,33589,10
12.9171600342,80.1942672729,33589,33700,111
12.9171600342,80.1942672729,33700,33710,10
12.9170103073,80.1937179565,33710,33720,10
12.9170198441,80.1930999756,33720,33730,10
12.9171304703,80.1923370361,33730,33740,10
12.9172401428,80.1915588379,33740,33760,20
12.9172401428,80.1915588379,33760,33770,10
12.9173002243,80.1912231445,33770,33780,10
12.9173498154,80.1906509399,33780,33791,11
12.9174404144,80.1899185181,33791,33801,10
12.9176902771,80.1892166138,33801,33811,10
12.9181995392,80.1884994507,33811,33821,10
12.9187898636,80.187828064,33821,33831,10
12.9194602966,80.1870803833,33831,33841,10
12.9202299118,80.1862030029,33841,33851,10
12.9205598831,80.1851806641,33851,33861,10
12.9203100204,80.1841201782,33861,33871,10
12.9200496674,80.1829986572,33871,33881,10
12.9199399948,80.1825637817,33881,33891,10
12.9199104309,80.1824264526,33891,33901,10
12.9197998047,80.1819534302,33901,33911,10
12.9196395874,80.1812362671,33911,33922,11
12.9194602966,80.1803817749,33922,33932,10
12.9192304611,80.1794891357,33932,33942,10
12.9186401367,80.1785964966,33942,33952,10
12.9181699753,80.1775970459,33952,33962,10
12.918299675,80.1766204834,33962,33972,10
12.9183197021,80.1764907837,33972,33982,10
12.9183702469,80.1763381958,33982,33992,10
12.9184598923,80.1759033203,33992,34002,10
12.9186496735,80.1752090454,34002,34012,10
12.9188299179,80.1744308472,34012,34022,10
12.9190797806,80.1734619141,34022,34032,10
12.9193696976,80.1724014282,34032,34043,11
12.9196395874,80.1713790894,34043,34053,10
12.9198999405,80.1705932617,34053,34063,10
12.9200201035,80.1701965332,34063,34073,10
12.920129776,80.1698303223,34073,34083,10
12.9203395844,80.1691513062,34083,34093,10
12.9206399918,80.1682891846,34093,34103,10
12.9209299088,80.1674194336,34103,34113,10
12.9212303162,80.1664886475,34113,34123,10
12.9216299057,80.1652679443,34123,34133,10
12.9219799042,80.1641616821,34133,34142,9
12.9222803116,80.163192749,34142,34153,11
12.9224996567,80.1624984741,34153,34163,10
12.9227104187,80.1618423462,34163,34174,11
12.9229698181,80.1609802246,34174,34184,10
12.9231100082,80.1605224609,34184,34194,10
12.9231500626,80.16040802,34194,34204,10
12.9232501984,80.1601333618,34204,34214,10
12.9232597351,80.160118103,34214,34224,10
12.9232997894,80.1598892212,34224,34234,10
12.9233798981,80.1592788696,34234,34244,10
12.9234695435,80.158416748,34244,34254,10
12.9235801697,80.1573181152,34254,34264,10
12.9236803055,80.1561813354,34264,34274,10
12.9234800339,80.1551818848,34274,34290,16
12.9234104156,80.1549224854,34290,34302,12
12.9233102798,80.1544113159,34302,34313,11
12.923119545,80.1536636353,34313,34323,10
12.9229202271,80.1528167725,34323,34333,10
12.9226903915,80.1519775391,34333,34393,60
12.9226903915,80.1519775391,34393,34403,10
12.9226703644,80.1517791748,34403,34413,10
12.922659874,80.1513519287,34413,34423,10
12.922659874,80.1506576538,34423,34434,11
12.9226303101,80.1496734619,34434,34444,10
12.9225797653,80.1487121582,34444,34454,10
12.9225902557,80.1476669312,34454,34464,10
12.9225797653,80.1465377808,34464,34474,10
12.922539711,80.1454772949,34474,34484,10
12.9224996567,80.1444778442,34484,34494,10
12.922419548,80.1433029175,34494,34534,40
12.922419548,80.1433029175,34534,34544,10
12.9224796295,80.1431732178,34544,34554,10
12.9224700928,80.1428222656,34554,34565,11
12.9224500656,80.1422424316,34565,34575,10
12.9224395752,80.1416397095,34575,34585,10
12.9224004745,80.1414108276,34585,34595,10
12.922419548,80.1412200928,34595,34605,10
12.922419548,80.1406784058,34605,34615,10
12.9224300385,80.1403579712,34615,34625,10
12.922419548,80.1398620605,34625,34635,10
12.9224100113,80.1390991211,34635,34645,10
12.9224596024,80.1382675171,34645,34655,10
12.9224996567,80.1372680664,34655,34665,10
12.922539711,80.1361465454,34665,34675,10
12.9225702286,80.1351089478,34675,34685,10
12.9226303101,80.133972168,34685,34696,11
12.9226799011,80.1327972412,34696,34706,10
12.9227104187,80.1318893433,34706,34722,16
12.9227800369,80.1302566528,34722,34734,12
12.9228096008,80.1293411255,34734,34744,10
12.9228696823,80.1287918091,34744,34754,10
12.9228696823,80.1281433105,34754,34764,10
12.9229202271,80.127243042,34764,34774,10
12.9229402542,80.1263198853,34774,34784,10
12.9229803085,80.125289917,34784,34794,10
12.9230298996,80.1241607666,34794,34804,10
12.9230804443,80.1230010986,34804,34814,10
12.9231100082,80.1219177246,34814,34825,11
12.9231395721,80.1207733154,34825,34855,30
12.9231395721,80.1207733154,34855,34865,10
12.9232597351,80.1204605103,34865,34875,10
12.9232797623,80.1199417114,34875,34885,10
12.9232797623,80.119178772,34885,34895,10
12.9232702255,80.118347168,34895,34905,10
12.9233598709,80.1175613403,34905,34915,10
12.9234104156,80.1168823242,34915,34935,20
12.9234104156,80.1168823242,34935,34945,10
12.923500061,80.1167907715,34945,34956,11
12.9235801697,80.1170196533,34956,34966,10
12.9235696793,80.1174316406,34966,34976,10
12.9236297607,80.1178970337,34976,34986,10
12.9235200882,80.1185379028,34986,34996,10
12.9234399796,80.1192779541,34996,35006,10
12.9233798981,80.1200408936,35006,35016,10
12.9233398438,80.1205673218,35016,35026,10
12.9232997894,80.1209564209,35026,35903,877
12.9232997894,80.1209564209,35903,35913,10
12.9233102798,80.1212615967,35913,35923,10
12.9232702255,80.1216964722,35923,35933,10
12.9232196808,80.1223907471,35933,35943,10
12.9231796265,80.123260498,35943,35953,10
12.9231395721,80.124168396,35953,35963,10
12.9230899811,80.1251602173,35963,35973,10
12.92304039,80.1259689331,35973,35983,10
12.9230003357,80.1269073486,35983,35994,11
12.9229803085,80.1275863647,35994,36004,10
12.9229698181,80.1278915405,36004,36014,10
12.9229602814,80.1281661987,36014,36024,10
12.9229202271,80.1284790039,36024,36034,10
12.9228801727,80.1289215088,36034,36044,10
12.9228496552,80.129447937,36044,36054,10
12.9228401184,80.129737854,36054,36064,10
12.922829628,80.1302032471,36064,36074,10
12.9228096008,80.1309280396,36074,36084,10
12.9228096008,80.1311416626,36084,36094,10
12.9228096008,80.1314086914,36094,36104,10
12.9227800369,80.1319503784,36104,36114,10
12.922750473,80.1326904297,36114,36125,11
12.9226999283,80.1335983276,36125,36135,10
12.9226503372,80.1345977783,36135,36145,10
12.9226198196,80.1354370117,36145,36155,10
12.9225702286,80.1364212036,36155,36165,10
12.9224996567,80.1373977661,36165,36175,10
12.9224500656,80.1383132935,36175,36185,10
12.9223899841,80.1391677856,36185,36195,10
12.922419548,80.1400985718,36195,36205,10
12.9224300385,80.1409606934,36205,36215,10
12.9224395752,80.141998291,36215,36225,10
12.9224996567,80.1428375244,36225,36266,41
12.9224996567,80.1428375244,36266,36276,10
12.9225196838,80.1430587769,36276,36286,10
12.9225597382,80.1435928345,36286,36306,20
12.9225597382,80.1435928345,36306,36316,10
12.9225597382,80.1438598633,36316,36326,10
12.9225702286,80.1445236206,36326,36336,10
12.9226102829,80.1454391479,36336,36346,10
12.9226398468,80.1465301514,36346,36356,10
12.9226799011,80.147277832,36356,36366,10
12.9226903915,80.1474304199,36366,36376,10
12.9226799011,80.1478500366,36376,36387,11
12.922659874,80.148651123,36387,36397,10
12.9226903915,80.1495819092,36397,36407,10
12.9227199554,80.1505966187,36407,36417,10
12.922750473,80.1514587402,36417,39222,2805
13.0040903091,80.2120285034,39222,39234,12
13.0048103333,80.2123184204,39234,39244,10
13.0055198669,80.2127075195,39244,39254,10
13.0062599182,80.2127380371,39254,39264,10
13.0070295334,80.2127227783,39264,39274,10
13.0074796677,80.2127380371,39274,39285,11
13.007519722,80.2127380371,39285,39295,10
13.0076303482,80.2127838135,39295,39305,10
13.0078401566,80.2129821777,39305,39335,30
13.0078401566,80.2129821777,39335,39345,10
13.008190155,80.213218689,39345,39355,10
13.0086698532,80.2135467529,39355,39365,10
13.0091400146,80.2141799927,39365,39375,10
13.0095796585,80.2148513794,39375,39385,10
13.0099496841,80.2153091431,39385,39395,10
13.0104398727,80.2159118652,39395,39406,11
13.0107803345,80.2166900635,39406,39415,9
13.0110397339,80.217300415,39415,39426,11
13.011349678,80.2181015015,39426,39436,10
13.0115804672,80.218711853,39436,39446,10
13.011879921,80.2195968628,39446,39456,10
13.012169838,80.2204818726,39456,39466,10
13.0124597549,80.2212371826,39466,39476,10
13.0125999451,80.2214736938,39476,39486,10
13.0129995346,80.2218780518,39486,39496,10
13.0133600235,80.2224197388,39496,39506,10
13.0136604309,80.2228775024,39506,39516,10
13.0139904022,80.2233123779,39516,39526,10
13.0142297745,80.2235794067,39526,39537,11
13.0148696899,80.2241287231,39537,39547,10
13.015130043,80.224609375,39547,39557,10
13.0153198242,80.2248306274,39557,39567,10
13.0153598785,80.2248687744,39567,39577,10
13.0154895782,80.2250289917,39577,39587,10
13.0159597397,80.2253036499,39587,39597,10
13.0166797638,80.2252426147,39597,39607,10
13.0174999237,80.2249221802,39607,39617,10
13.0184001923,80.2245483398,39617,39627,10
13.0192499161,80.2243423462,39627,39637,10
13.0195198059,80.2243728638,39637,39647,10
13.0195903778,80.2244033813,39647,39657,10
13.0198402405,80.2245483398,39657,39668,11
13.02023983,80.2248764038,39668,39678,10
13.0207004547,80.2252426147,39678,39688,10
13.0211601257,80.2256011963,39688,39698,10
13.02161026,80.2259368896,39698,39708,10
13.0219602585,80.2261505127,39708,39718,10
13.0219697952,80.2261581421,39718,39728,10
13.0222501755,80.2264404297,39728,39738,10
13.022649765,80.2267990112,39738,39748,10
13.0231599808,80.2273406982,39748,39758,10
13.0237102509,80.2278213501,39758,39768,10
13.0242300034,80.2283172607,39768,39778,10
13.0245800018,80.2287979126,39778,39788,10
13.0246400833,80.2288818359,39788,39804,16
13.0247297287,80.2289962769,39804,39817,13
13.0251398087,80.2295227051,39817,39827,10
13.0255098343,80.2299880981,39827,39837,10
13.0257997513,80.2304382324,39837,39847,10
13.0258398056,80.23046875,39847,39857,10
13.0259504318,80.2307434082,39857,39867,10
13.0260400772,80.2311630249,39867,39877,10
13.0261602402,80.231300354,39877,39887,10
13.0266199112,80.2311706543,39887,39897,10
13.0273895264,80.2310409546,39897,39907,10
13.0278997421,80.2309799194,39907,39917,10
13.0281801224,80.2309112549,39917,39928,11
13.028459549,80.2308883667,39928,39938,10
13.0288696289,80.2308425903,39938,39978,40
13.0288696289,80.2308425903,39978,39988,10
13.0291595459,80.2309417725,39988,39998,10
13.0294799805,80.2308731079,39998,40008,10
13.0299901962,80.230796814,40008,40018,10
13.0305595398,80.2307510376,40018,40028,10
13.0312099457,80.2306671143,40028,40038,10
13.0316896439,80.2306137085,40038,40048,10
13.031999588,80.2305984497,40048,40059,11
13.0325603485,80.2305603027,40059,40069,10
13.0331602097,80.2305297852,40069,40079,10
13.0335702896,80.2304916382,40079,40089,10
13.0340204239,80.2304534912,40089,40129,40
13.0340204239,80.2304534912,40129,40139,10
13.0343103409,80.230430603,40139,40149,10
13.0347204208,80.2303085327,40149,40159,10
13.0349397659,80.230178833,40159,40200,41
13.0349397659,80.230178833,40200,40210,10
13.0349702835,80.2298278809,40210,40220,10
13.0345897675,80.2297973633,40220,40230,10
13.0344495773,80.2297897339,40230,40240,10
13.0341901779,80.2299423218,40240,40290,50
13.0341300964,80.2301101685,40290,40955,665
13.0341300964,80.230430603,40955,41026,71
13.0341300964,80.230430603,41026,41036,10
13.0339899063,80.2304992676,41036,41046,10
13.0335302353,80.2304916382,41046,41056,10
13.0327796936,80.2305603027,41056,41066,10
13.0320501328,80.2306289673,41066,41076,10
13.031370163,80.230682373,41076,41086,10
13.0306901932,80.2307662964,41086,41096,10
13.0297403336,80.2308578491,41096,41137,41
13.0297403336,80.2308578491,41137,41147,10
13.029250145,80.2309112549,41147,41157,10
13.028550148,80.2309494019,41157,41167,10
13.0280799866,80.2310028076,41167,41177,10
13.0277395248,80.2310714722,41177,41187,10
13.0277395248,80.2315216064,41187,41197,10
13.0277900696,80.2322006226,41197,41207,10
13.027759552,80.2327575684,41207,41217,10
13.0268802643,80.2328567505,41217,41268,51
13.0268802643,80.2328567505,41268,47137,5869
12.959980011,80.2144927979,47137,47149,12
12.9600296021,80.2145080566,47149,47159,10
12.9602603912,80.214630127,47159,47169,10
12.9606399536,80.2147903442,47169,47180,11
12.9613599777,80.2150726318,47180,47190,10
12.9621896744,80.2154006958,47190,47200,10
12.9630298615,80.2157287598,47200,47210,10
12.9634799957,80.2159118652,47210,47220,10
12.9639997482,80.2161102295,47220,47230,10
12.9646196365,80.2163772583,47230,47240,10
12.9652795792,80.2166519165,47240,47250,10
12.9660196304,80.2169418335,47250,47260,10
12.9665899277,80.2171630859,47260,47270,10
12.9671802521,80.2174072266,47270,47280,10
12.9678001404,80.2176589966,47280,47290,10
12.9682998657,80.2178726196,47290,47301,11
12.9692802429,80.2182617188,47301,47311,10
12.9702596664,80.2186279297,47311,47321,10
12.9710197449,80.2189025879,47321,47331,10
12.971280098,80.2189865112,47331,47341,10
12.9714803696,80.219078064,47341,47351,10
12.9719600677,80.2192993164,47351,47361,10
12.9726696014,80.2195663452,47361,47371,10
12.973400116,80.2198562622,47371,47381,10
12.9741401672,80.220161438,47381,47391,10
12.9748001099,80.220413208,47391,47401,10
12.9749298096,80.220451355,47401,47411,10
12.975110054,80.2205429077,47411,47421,10
12.9753799438,80.2206420898,47421,47432,11
12.9756803513,80.2209014893,47432,47442,10
12.9759302139,80.2211303711,47442,47462,20
12.9759302139,80.2211303711,47462,47472,10
12.9760198593,80.2212600708,47472,47482,10
12.9763202667,80.2212677002,47482,47492,10
12.9767398834,80.2212677002,47492,47502,10
12.9772500992,80.2212524414,47502,47512,10
12.9777202606,80.2212219238,47512,47522,10
12.9782400131,80.2211608887,47522,47532,10
12.9790000916,80.2211227417,47532,47542,10
12.9797801971,80.2210464478,47542,47552,10
12.9805002213,80.220993042,47552,47563,11
12.9812898636,80.2211532593,47563,47573,10
12.9817495346,80.2214431763,47573,47583,10
12.9819402695,80.2215499878,47583,47593,10
12.9821996689,80.2216720581,47593,47603,10
12.9825296402,80.2218017578,47603,47613,10
12.9826803207,80.2218399048,47613,47623,10
12.9827899933,80.2219009399,47623,47633,10
12.9829101563,80.2219467163,47633,47643,10
12.9831695557,80.2220993042,47643,47653,10
12.9835300446,80.2223205566,47653,47663,10
12.9839200974,80.2225494385,47663,47673,10
12.9841604233,80.2226867676,47673,47683,10
12.9843301773,80.2228164673,47683,47694,11
12.9845399857,80.2229614258,47694,47754,60
12.9845399857,80.2229614258,47754,47764,10
12.9848604202,80.22315979,47764,47774,10
12.9850797653,80.2232437134,47774,47784,10
12.9852800369,80.2232818604,47784,47794,10
12.98554039,80.2231292725,47794,47804,10
12.9860095978,80.2229919434,47804,47815,11
12.9863901138,80.2229614258,47815,47825,10
12.986700058,80.2229766846,47825,47835,10
12.9871101379,80.2230606079,47835,47845,10
12.9875297546,80.2230606079,47845,47855,10
12.9881896973,80.2227401733,47855,47865,10
12.9887399673,80.2222213745,47865,47875,10
12.9892501831,80.2216491699,47875,47885,10
12.9896602631,80.2211227417,47885,47895,10
12.9902296066,80.2205429077,47895,47915,20
12.9902296066,80.2205429077,47915,47925,10
12.9905395508,80.2202911377,47925,47935,10
12.9908504486,80.2200775146,47935,47946,11
12.9913196564,80.2197036743,47946,47966,20
12.9913196564,80.2197036743,47966,47976,10
12.9914798737,80.2194595337,47976,47986,10
12.9918498993,80.2192382813,47986,47996,10
12.9924201965,80.2188415527,47996,48006,10
12.9931001663,80.2183380127,48006,48016,10
12.9937896729,80.2177963257,48016,48026,10
12.9943199158,80.2174301147,48026,48036,10
12.9944801331,80.217338562,48036,48046,10
12.9946298599,80.2172164917,48046,48056,10
12.9948701859,80.2170562744,48056,48066,10
12.9953298569,80.2167892456,48066,48077,11
12.9960803986,80.2165985107,48077,48087,10
12.996720314,80.2164993286,48087,48097,10
12.9968395233,80.2164764404,48097,48107,10
12.997010231,80.2164611816,48107,48117,10
12.9973602295,80.2161865234,48117,48127,10
12.9974002838,80.2161636353,48127,48137,10
12.997590065,80.2159805298,48137,48147,10
12.9979600906,80.2156906128,48147,48157,10
12.9985198975,80.2152633667,48157,48167,10
12.9990596771,80.2147827148,48167,48177,10
12.9993801117,80.2144775391,48177,48187,10
12.9997596741,80.2141723633,48187,48197,10
13.0002002716,80.2137908936,48197,48208,11
13.0007600784,80.2132568359,48208,48218,10
13.0013904572,80.2127838135,48218,48228,10
13.001950264,80.2123718262,48228,48238,10
13.0026197433,80.2121200562,48238,48248,10
13.0030899048,80.2120285034,48248,48258,10
13.0035495758,80.2119598389,48258,48268,10
13.0037097931,80.2119369507,48268,48278,10
13.0040998459,80.2120437622,48278,48288,10
13.004699707,80.2123336792,48288,48298,10
13.0053396225,80.2126998901,48298,48308,10
13.006070137,80.2128219604,48308,48318,10
13.0069103241,80.2127075195,48318,48327,9
13.0078601837,80.2130889893,48327,48359,32
13.0078601837,80.2130889893,48359,48369,10
13.0080003738,80.2131881714,48369,48379,10
13.0083799362,80.2133407593,48379,48389,10
13.0088396072,80.2138595581,48389,48399,10
13.0093803406,80.21459198,48399,48409,10
13.0098495483,80.2152099609,48409,48419,10
13.0101804733,80.2157363892,48419,48429,10
13.0106697083,80.2164764404,48429,48439,10
13.0109596252,80.2172317505,48439,48449,10
13.0113096237,80.2181777954,48449,48459,10
13.0116796494,80.2192077637,48459,48470,11
13.0120801926,80.2204437256,48470,48479,9
13.0123500824,80.2211380005,48479,48490,11
13.0128602982,80.2219924927,48490,48500,10
13.0128602982,80.2219924927,48500,48510,10
13.0131998062,80.2224197388,48510,48520,10
13.0137395859,80.2229995728,48520,48530,10
13.0141296387,80.2235565186,48530,48540,10
13.0145196915,80.2239837646,48540,48550,10
13.0153303146,80.2248764038,48550,48582,32
13.0153303146,80.2248764038,48582,48592,10
13.0155096054,80.2249984741,48592,48603,11
13.0156803131,80.2251815796,48603,48613,10
13.016409874,80.2252731323,48613,48623,10
13.0173196793,80.2249832153,48623,48633,10
13.0183200836,80.224571228,48633,48643,10
13.0196399689,80.2244796753,48643,48663,20
13.0196399689,80.2244796753,48663,48673,10
13.0197601318,80.2245407104,48673,48683,10
13.020070076,80.2247924805,48683,48693,10
13.0206203461,80.2251815796,48693,48703,10
13.0212001801,80.2256622314,48703,48713,10
13.0218496323,80.2260971069,48713,48723,10
13.0219402313,80.2261581421,48723,48734,11
13.0219802856,80.2262191772,48734,48744,10
13.022310257,80.2264862061,48744,48754,10
13.0228395462,80.2269821167,48754,48764,10
13.023440361,80.2275390625,48764,48774,10
13.0239896774,80.2280807495,48774,48784,10
13.0244998932,80.2287368774,48784,48794,10
13.0249204636,80.2293319702,48794,48804,10
13.0254497528,80.2300262451,48804,48814,10
13.0258998871,80.2308120728,48814,48834,20
13.0258998871,80.2308120728,48834,48844,10
13.0259504318,80.231010437,48844,48854,10
13.0260400772,80.2313079834,48854,48866,12
13.026599884,80.2311935425,48866,48876,10
13.027299881,80.2310180664,48876,48886,10
13.0278396606,80.2309417725,48886,48896,10
13.0283403397,80.2308807373,48896,48904,8
13.029299736,80.2307891846,48904,48966,62
13.029299736,80.2307891846,48966,48976,10
13.0297698975,80.2307662964,48976,48987,11
13.0303201675,80.2307128906,48987,48997,10
13.0306396484,80.2306900024,48997,49007,10
13.0311603546,80.2306594849,49007,49017,10
13.0319795609,80.2305984497,49017,49027,10
13.0326795578,80.2305374146,49027,49037,10
13.0334701538,80.2304992676,49037,49047,10
13.0341300964,80.2304534912,49047,49057,10
13.0345001221,80.2303619385,49057,49097,40
13.0345001221,80.2303619385,49097,49107,10
13.0347499847,80.2302322388,49107,49117,10
13.0349597931,80.230178833,49117,49128,11
13.0350904465,80.2303237915,49128,49138,10
13.0349197388,80.2303771973,49138,49148,10
13.0347099304,80.2303771973,49148,49158,10
13.0343999863,80.2304382324,49158,49168,10
13.0339202881,80.2304534912,49168,49178,10
13.0331497192,80.2304763794,49178,49188,10
13.0321598053,80.2305603027,49188,49198,10
13.0310697556,80.2306671143,49198,49208,10
13.0304403305,80.23072052,49208,49218,10
13.0296401978,80.2308197021,49218,49269,51
13.0296401978,80.2308197021,49269,49279,10
13.0293703079,80.2308273315,49279,49289,10
13.0288801193,80.2309265137,49289,49299,10
13.0282201767,80.23097229,49299,49309,10
13.0277500153,80.2310180664,49309,49319,10
13.0276699066,80.2314224243,49319,49329,10
13.0277500153,80.2321166992,49329,49339,10
13.0278396606,80.2327423096,49339,49349,10
13.0274400711,80.2328491211,49349,49359,10
13.026889801,80.232963562,49359,49369,10
13.0265798569,80.233001709,49369,49379,10
13.0262699127,80.2325592041,49379,49390,11
13.0260400772,80.2317581177,49390,49400,10
13.0258398056,80.23097229,49400,49410,10
13.0254602432,80.2301635742,49410,49420,10
13.0249700546,80.2294769287,49420,49430,10
13.0246200562,80.2290802002,49430,49440,10
13.0243301392,80.2286529541,49440,49450,10
13.0240097046,80.2282028198,49450,49460,10
13.0235300064,80.2276763916,49460,49470,10
13.0228996277,80.2271194458,49470,49480,10
13.0221500397,80.2265167236,49480,49490,10
13.0214500427,80.2259292603,49490,49500,10
13.0206298828,80.2253036499,49500,49510,10
13.0201997757,80.2250366211,49510,49521,11
13.0201997757,80.2250289917,49521,49531,10
13.0200300217,80.2249221802,49531,49541,10
13.0197401047,80.2247009277,49541,49551,10
13.0191802979,80.2244873047,49551,49561,10
13.0183200836,80.2246780396,49561,49571,10
13.0173597336,80.2250823975,49571,49581,10
13.0166101456,80.2253875732,49581,49591,10
13.0160102844,80.2256088257,49591,49601,10
13.0154800415,80.2257995605,49601,49611,10
13.0152597427,80.2258987427,49611,49621,10
13.0150604248,80.2259597778,49621,49631,10
13.0146799088,80.2260665894,49631,49652,21
13.0146799088,80.2260665894,49652,49662,10
13.0145797729,80.2260971069,49662,49672,10
13.0142297745,80.2261962891,49672,49692,20
13.0142297745,80.2261962891,49692,49702,10
13.0141496658,80.226020813,49702,49712,10
13.0140695572,80.2255630493,49712,49833,121
13.0140695572,80.2255630493,49833,49843,10
13.0142202377,80.2252197266,49843,49853,10
13.0144500732,80.2253189087,49853,49863,10
13.0146198273,80.2256698608,49863,50246,383
13.014749527,80.2256088257,50246,50276,30
13.014749527,80.2256088257,50276,50286,10
13.0145998001,80.2254486084,50286,50347,61
13.0145797729,80.225692749,50347,51173,826
13.0145797729,80.225692749,51173,51183,10
13.0145597458,80.2254486084,51183,51566,383
13.0146903992,80.2255630493,51566,52616,1050
13.0146903992,80.2255630493,52616,52626,10
13.0146198273,80.225692749,52626,52636,10
13.0143299103,80.2258224487,52636,52647,11
13.0141496658,80.225982666,52647,52657,10
13.0141801834,80.2261428833,52657,52667,10
13.0139904022,80.22631073,52667,52677,10
13.0134496689,80.2265472412,52677,52687,10
13.0127296448,80.2268600464,52687,52697,10
13.0119495392,80.2271881104,52697,52707,10
13.0109901428,80.2275695801,52707,52717,10
13.0099401474,80.2279815674,52717,52727,10
13.009519577,80.2275466919,52727,52737,10
13.0098695755,80.2268066406,52737,52747,10
13.0102701187,80.2259521484,52747,52757,10
13.0105695724,80.2252731323,52757,52767,10
13.0107698441,80.2248764038,52767,52778,11
13.0108299255,80.224609375,52778,52788,10
13.0108604431,80.2244110107,52788,52798,10
13.0110197067,80.2240982056,52798,52808,10
13.0111503601,80.2237625122,52808,52818,10
13.0112400055,80.2233734131,52818,52838,20
13.0112400055,80.2233734131,52838,52848,10
13.0111598969,80.2231292725,52848,52858,10
13.0112600327,80.2229919434,52858,52868,10
13.0115499496,80.22315979,52868,52878,10
13.0119800568,80.2235031128,52878,52888,10
13.0124597549,80.2238616943,52888,52898,10
13.0132598877,80.2242202759,52898,52909,11
13.0141401291,80.2247009277,52909,52919,10
13.0145998001,80.2249221802,52919,52929,10
13.0148096085,80.2250518799,52929,52939,10
13.015080452,80.225227356,52939,52959,20
13.015080452,80.225227356,52959,52969,10
13.0156297684,80.2252426147,52969,52979,10
13.0162096024,80.2253265381,52979,52989,10
13.0169401169,80.2251281738,52989,52999,10
13.0177402496,80.224822998,52999,53009,10
13.0186195374,80.2244567871,53009,53019,10
13.0194396973,80.2244110107,53019,53029,10
13.0201396942,80.224822998,53029,53040,11
13.0207796097,80.2252807617,53040,53050,10
13.021229744,80.2256622314,53050,53060,10
13.0215997696,80.225982666,53060,53070,10
13.0218801498,80.2261810303,53070,53080,10
13.0223703384,80.2265701294,53080,53090,10
13.0231399536,80.2272796631,53090,53100,10
13.023730278,80.2277603149,53100,53108,8
13.0239295959,80.2279434204,53108,53119,11
13.024189949,80.2282791138,53119,53130,11
13.0244102478,80.2285919189,53130,53140,10
13.0247402191,80.229019165,53140,53150,10
13.0251502991,80.2295684814,53150,53160,10
13.0257501602,80.2304382324,53160,53191,31
13.0257501602,80.2304382324,53191,53201,10
13.0258998871,80.2306976318,53201,53211,10
13.025970459,80.2309265137,53211,53221,10
13.0260095596,80.2311325073,53221,53231,10
13.0261697769,80.2312393188,53231,53241,10
13.0265197754,80.2311019897,53241,53251,10
13.0271701813,80.2309417725,53251,53261,10
13.027680397,80.2309265137,53261,53271,10
13.0281400681,80.2309036255,53271,53281,10
13.0290803909,80.2308120728,53281,53291,10
13.0296497345,80.230758667,53291,53301,10
13.0303297043,80.2306900024,53301,53312,11
13.03083992,80.2306594849,53312,53322,10
13.0314302444,80.2306137085,53322,53331,9
13.0320997238,80.2305603027,53331,53342,11
13.0327796936,80.2305221558,53342,53352,10
13.0335102081,80.2304763794,53352,53362,10
13.0339603424,80.2304611206,53362,53372,10
13.0340995789,80.23046875,53372,53382,10
13.0344600677,80.2304229736,53382,53392,10
13.0345697403,80.2303695679,53392,53402,10
13.0347700119,80.2303009033,53402,53412,10
13.0350103378,80.2301177979,53412,53422,10
13.0348796844,80.2298431396,53422,53443,21
13.0348796844,80.2298431396,53443,53453,10
13.0344800949,80.2297973633,53453,53634,181
13.0344800949,80.2297973633,53634,53644,10
13.0341901779,80.2300109863,53644,53654,10
13.0341997147,80.2301101685,53654,53664,10
13.0341701508,80.2303237915,53664,53674,10
13.0340995789,80.2303771973,53674,53684,10
13.0337696075,80.2304229736,53684,53694,10
13.0333499908,80.2304534912,53694,53705,11
13.0327796936,80.2305221558,53705,53715,10
13.0321302414,80.2305908203,53715,53725,10
13.0315103531,80.2306518555,53725,53735,10
13.0308799744,80.2306976318,53735,53745,10
13.0306596756,80.23072052,53745,53755,10
13.0302696228,80.230758667,53755,53765,10
13.0302400589,80.230758667,53765,53775,10
13.0299196243,80.2307891846,53775,53785,10
13.0295000076,80.2308807373,53785,53795,10
13.0289402008,80.2309188843,53795,53805,10
13.0283098221,80.2309494019,53805,60028,6223
12.920999527,80.1969070435,60028,60041,13
12.9210796356,80.1969528198,60041,60049,8
12.9212703705,80.1970214844,60049,60062,13
12.9219903946,80.1972808838,60062,60072,10
12.9228200912,80.1974105835,60072,60082,10
12.9236297607,80.197517395,60082,60092,10
12.9245500565,80.1975326538,60092,60102,10
12.9252796173,80.1974868774,60102,60112,10
12.9256000519,80.1975097656,60112,60122,10
12.9262599945,80.1975479126,60122,60132,10
12.9270095825,80.1978302002,60132,60156,24
12.9283399582,80.1996078491,60156,60169,13
12.9285297394,80.2009277344,60169,60179,10
12.928560257,80.2018890381,60179,60189,10
12.9292898178,80.2027435303,60189,60222,33
12.9292898178,80.2027435303,60222,60232,10
12.9296302795,80.2027893066,60232,60242,10
12.9302396774,80.2028808594,60242,60252,10
12.9309997559,80.2030487061,60252,60262,10
12.9318399429,80.2033081055,60262,60272,10
12.9341096878,80.2039413452,60272,60317,45
12.9341096878,80.2039413452,60317,60328,11
12.9346199036,80.2039871216,60328,60338,10
12.9352798462,80.2042236328,60338,60348,10
12.9362297058,80.2045593262,60348,60358,10
12.9372301102,80.2048416138,60358,60368,10
12.9380998611,80.205078125,60368,60378,10
12.9390602112,80.2053833008,60378,60388,10
12.9398899078,80.2056121826,60388,60398,10
12.9400100708,80.2056503296,60398,60408,10
12.9401197433,80.2057037354,60408,60417,9
12.9405403137,80.2058181763,60417,60428,11
12.9412698746,80.2061080933,60428,60438,10
12.9420604706,80.2066421509,60438,60448,10
12.942779541,80.207321167,60448,60459,11
12.9434499741,80.2080535889,60459,60469,10
12.9442300797,80.2083435059,60469,60478,9
12.944439888,80.2084197998,60478,60490,12
12.9447002411,80.2085113525,60490,60500,10
12.9452800751,80.2087173462,60500,60510,10
12.9460201263,80.2090377808,60510,60519,9
12.94672966,80.2093200684,60519,60530,11
12.9474802017,80.2096176147,60530,60541,11
12.9482297897,80.2098999023,60541,60553,12
12.9491195679,80.2102432251,60553,60563,10
12.9501399994,80.2106399536,60563,60573,10
12.9511804581,80.2110519409,60573,60584,11
12.9520397186,80.2113876343,60584,60594,10
12.9527902603,80.2116699219,60594,60604,10
12.9533195496,80.2118835449,60604,60614,10
12.9537601471,80.2120437622,60614,60624,10
12.9539299011,80.2121200562,60624,60634,10
12.954460144,80.2123413086,60634,60644,10
12.9551801682,80.2126312256,60644,60654,10
12.9560403824,80.2129821777,60654,60664,10
12.9568395615,80.2132797241,60664,60674,10
12.9581203461,80.2138137817,60674,60684,10
12.9591302872,80.2142028809,60684,60694,10
12.9600400925,80.2145767212,60694,60704,10
12.9609804153,80.2149429321,60704,60715,11
12.9621400833,80.2153930664,60715,60725,10
12.9630203247,80.2157363892,60725,60735,10
12.9636802673,80.2160186768,60735,60745,10
12.9642601013,80.2162628174,60745,60755,10
12.964969635,80.2165603638,60755,60765,10
12.965760231,80.2168579102,60765,60775,10
12.9664402008,80.2171401978,60775,60785,10
12.9670600891,80.217376709,60785,60795,10
12.9676198959,80.2176208496,60795,60805,10
12.9678897858,80.2177429199,60805,60815,10
12.9682798386,80.2179031372,60815,60825,10
12.9689903259,80.2181777954,60825,60835,10
12.9699897766,80.2185668945,60835,60846,11
12.9710502625,80.2189407349,60846,60856,10
12.9712400436,80.2190170288,60856,60866,10
12.9715003967,80.2191390991,60866,60876,10
12.9720401764,80.219367981,60876,60886,10
12.9727401733,80.2196426392,60886,60896,10
12.9730596542,80.2197799683,60896,60906,10
12.973400116,80.219909668,60906,60916,10
12.9738998413,80.2201080322,60916,60926,10
12.9744300842,80.2203598022,60926,60936,10
12.974820137,80.2205123901,60936,60946,10
12.9750299454,80.2205810547,60946,61037,91
12.9750299454,80.2205810547,61037,61047,10
12.9753398895,80.2205810547,61047,61057,10
12.9756298065,80.2207870483,61057,61067,10
12.9757795334,80.2209472656,61067,61077,10
12.9761800766,80.2211914063,61077,61097,20
12.9761800766,80.2211914063,61097,61108,11
12.9765796661,80.2212524414,61108,61118,10
12.9771099091,80.2212677002,61118,61128,10
12.9778499603,80.2212677002,61128,61138,10
12.9784097672,80.2212600708,61138,61148,10
12.9791202545,80.2211914063,61148,61158,10
12.9798402786,80.2211227417,61158,61168,10
12.9806404114,80.2210464478,61168,61178,10
12.9813499451,80.2211914063,61178,61188,10
12.9819297791,80.2215499878,61188,61198,10
12.9823303223,80.2217330933,61198,61208,10
12.9827604294,80.2219161987,61208,61218,10
12.9829998016,80.2220230103,61218,61229,11
12.9831695557,80.2221069336,61229,61239,10
12.9834804535,80.2223129272,61239,61249,10
12.9838895798,80.2225265503,61249,61259,10
12.9844398499,80.2228622437,61259,61269,10
12.9850902557,80.223197937,61269,61279,10
12.9855604172,80.2231369019,61279,61289,10
12.9862203598,80.2229690552,61289,61299,10
12.9865198135,80.2229766846,61299,61309,10
12.9866695404,80.2230224609,61309,61325,16
12.9866800308,80.2230224609,61325,61337,12
12.986989975,80.2230834961,61337,61345,8
12.9871997833,80.2230987549,61345,61357,12
12.9875001907,80.2230987549,61357,61368,11
12.9878997803,80.2229614258,61368,61378,10
12.9882001877,80.2227630615,61378,61388,10
12.9886198044,80.2223587036,61388,61398,10
12.9890699387,80.2218017578,61398,61408,10
12.9895801544,80.2212524414,61408,61418,10
12.9902801514,80.2205276489,61418,61428,10
12.9904699326,80.2203598022,61428,61438,10
12.9905796051,80.2202835083,61438,61448,10
12.9907503128,80.2201538086,61448,61458,10
12.9909601212,80.2199478149,61458,61468,10
12.9913196564,80.2196731567,61468,61478,10
12.9913301468,80.2196502686,61478,61489,11
12.9915895462,80.2194671631,61489,61499,10
12.9920101166,80.2191390991,61499,61509,10
12.992650032,80.2186584473,61509,61519,10
12.9934396744,80.2181167603,61519,61529,10
12.9939899445,80.2177276611,61529,61539,10
12.9943399429,80.2174606323,61539,61549,10
12.9946203232,80.2172622681,61549,61559,10
12.9950199127,80.2169799805,61559,61569,10
12.9955101013,80.216758728,61569,61579,10
12.9960899353,80.2166290283,61579,61589,10
12.9965295792,80.216583252,61589,61599,10
12.9967899323,80.2165527344,61599,61609,10
12.9970397949,80.2165374756,61609,61620,11
12.9973897934,80.2163009644,61620,61630,10
12.9975795746,80.2160873413,61630,61640,10
12.9976797104,80.2160186768,61640,61650,10
12.9979200363,80.2157897949,61650,61660,10
12.9983100891,80.2154388428,61660,61670,10
12.9989004135,80.2148895264,61670,61680,10
12.9992198944,80.2146072388,61680,61690,10
12.999710083,80.2142181396,61690,61700,10
13.000120163,80.2138595581,61700,61710,10
13.0005998611,80.2134170532,61710,61720,10
13.000869751,80.2131881714,61720,61730,10
13.0010900497,80.2130432129,61730,61740,10
13.0014600754,80.2127609253,61740,61751,11
13.0019598007,80.2124633789,61751,61761,10
13.0025997162,80.2121582031,61761,61771,10
13.0030202866,80.2120819092,61771,61781,10
13.0032396317,80.2120666504,61781,61791,10
13.0035495758,80.212059021,61791,61811,20
13.0035495758,80.212059021,61811,61821,10
13.0038795471,80.2119979858,61821,61831,10
13.004360199,80.2121734619,61831,61841,10
13.0049600601,80.2124328613,61841,61851,10
13.005689621,80.2128677368,61851,61861,10
13.006310463,80.2127685547,61861,61871,10
13.0071296692,80.2127990723,61871,61882,11
13.0075302124,80.2128372192,61882,61892,10
13.0077600479,80.2129592896,61892,61922,30
13.0077600479,80.2129592896,61922,61932,10
13.0079698563,80.213180542,61932,61942,10
13.0080795288,80.2132415771,61942,61952,10
13.0083999634,80.2133636475,61952,61962,10
13.0088396072,80.2138366699,61962,61972,10
13.0093898773,80.2145614624,61972,61982,10
13.0095901489,80.2148590088,61982,61992,10
13.0098104477,80.2151489258,61992,62002,10
13.0101299286,80.2155532837,62002,62012,10
13.0106601715,80.2162017822,62012,62023,11
13.0109100342,80.2169876099,62023,62033,10
13.0113201141,80.2179718018,62033,62043,10
13.0117397308,80.2191696167,62043,62053,10
13.0121202469,80.2204208374,62053,62063,10
13.0125799179,80.2214889526,62063,62073,10
13.0129404068,80.2220306396,62073,62083,10
13.0133304596,80.2224807739,62083,62093,10
13.0137996674,80.2229919434,62093,62103,10
13.0140600204,80.2233505249,62103,62113,10
13.0142698288,80.2236099243,62113,62123,10
13.0145597458,80.2238616943,62123,62133,10
13.0149202347,80.2243728638,62133,62144,11
13.014960289,80.2244262695,62144,62154,10
13.0150203705,80.2245407104,62154,62164,10
13.0152397156,80.2248077393,62164,62174,10
13.0154600143,80.2249221802,62174,62184,10
13.0155096054,80.2249603271,62184,62194,10
13.0157604218,80.2251968384,62194,62204,10
13.0163402557,80.2253265381,62204,62214,10
13.0171499252,80.2250900269,62214,62224,10
13.0180797577,80.2247314453,62224,62234,10
13.0188398361,80.2244262695,62234,62244,10
13.0193500519,80.2243804932,62244,62254,10
13.0196199417,80.2244796753,62254,62264,10
13.0198402405,80.2246322632,62264,62275,11
13.0202999115,80.2249984741,62275,62285,10
13.0208997726,80.225402832,62285,62295,10
13.0214996338,80.2258834839,62295,62305,10
13.0220298767,80.2261962891,62305,62315,10
13.0221595764,80.2263183594,62315,62325,10
13.0224399567,80.226600647,62325,62335,10
13.022939682,80.2270584106,62335,62345,10
13.0235204697,80.2276000977,62345,62355,10
13.0238704681,80.2278900146,62355,62365,10
13.0240898132,80.2281036377,62365,62375,10
13.0242300034,80.2282714844,62375,62385,10
13.0243997574,80.2285232544,62385,62395,10
13.024769783,80.229019165,62395,62406,11
13.0252799988,80.2297134399,62406,62416,10
13.0256595612,80.2301635742,62416,62426,10
13.0257396698,80.2302703857,62426,62436,10
13.0258102417,80.2304534912,62436,62446,10
13.0259504318,80.230758667,62446,62456,10
13.0260095596,80.2310409546,62456,62466,10
13.0260896683,80.2313537598,62466,62476,10
13.0264501572,80.2312698364,62476,62486,10
13.0271902084,80.2311019897,62486,62496,10
13.027759552,80.2309570313,62496,62506,10
13.0284004211,80.2309036255,62506,62516,10
13.0288200378,80.2309036255,62516,62527,11
13.029250145,80.2308578491,62527,62537,10
13.0297403336,80.2308197021,62537,62547,10
13.0303001404,80.2307815552,62547,62567,20
13.0303001404,80.2307815552,62567,62577,10
13.0305204391,80.2307815552,62577,62587,10
13.0308599472,80.2307434082,62587,62597,10
13.0312204361,80.2306900024,62597,62607,10
13.0317697525,80.2306594849,62607,62617,10
13.0324802399,80.2305908203,62617,62627,10
13.0329704285,80.2305679321,62627,62698,71
13.0329704285,80.2305679321,62698,62708,10
13.0334196091,80.2306289673,62708,62718,10
13.0335903168,80.2305908203,62718,62728,10
13.0339002609,80.2305297852,62728,62738,10
13.0343198776,80.2304992676,62738,62748,10
13.0347499847,80.2303771973,62748,62768,20
13.0347499847,80.2303771973,62768,62778,10
13.0349998474,80.2302627563,62778,62799,21
13.0349998474,80.2302627563,62799,62809,10
13.0350999832,80.2298965454,62809,62839,30
13.0350999832,80.2298965454,62839,62849,10
13.0348300934,80.2298202515,62849,62859,10
13.034620285,80.2298278809,62859,62960,101
13.0342798233,80.2296981812,62960,63083,123
13.0342302322,80.2300720215,63083,63476,393
13.0342302322,80.2300720215,63476,63486,10
13.0341901779,80.230506897,63486,63496,10
13.0337095261,80.2304763794,63496,63516,20
13.0337095261,80.2304763794,63516,63526,10
13.0333099365,80.2304992676,63526,63536,10
13.0326795578,80.2305374146,63536,63546,10
13.031920433,80.2306365967,63546,63557,11
13.031080246,80.2307128906,63557,63567,10
13.0307197571,80.2307281494,63567,63577,10
13.0302095413,80.2307662964,63577,63587,10
13.0297603607,80.2308273315,63587,63597,10
13.0292100906,80.2308883667,63597,63607,10
13.0285396576,80.2309570313,63607,63617,10
13.0279903412,80.2310028076,63617,63627,10
13.0277395248,80.2311325073,63627,63637,10
13.0277500153,80.231628418,63637,63647,10
13.0278301239,80.2322463989,63647,63657,10
13.0279302597,80.2327423096,63657,63667,10
13.0275096893,80.2328567505,63667,63688,21
13.0275096893,80.2328567505,63688,63698,10
13.0273399353,80.2329483032,63698,63708,10
13.0269804001,80.2329864502,63708,63718,10
13.0266704559,80.2330322266,63718,63728,10
13.0263500214,80.2327194214,63728,63738,10
13.0261802673,80.2321395874,63738,63747,9
13.0260400772,80.231628418,63747,63757,10
13.0258903503,80.2309799194,63757,63768,11
13.0255098343,80.2301864624,63768,63778,10
13.0249795914,80.2295227051,63778,63788,10
13.0247402191,80.2292022705,63788,63798,10
13.0244503021,80.2288284302,63798,63808,10
13.0241603851,80.2284011841,63808,63819,11
13.0236902237,80.2278594971,63819,63829,10
13.0234098434,80.2276306152,63829,63839,10
13.0233201981,80.2275772095,63839,63849,10
13.0231599808,80.2274017334,63849,63859,10
13.0227403641,80.2269668579,63859,63869,10
13.0221595764,80.2264404297,63869,63879,10
13.0214300156,80.2258605957,63879,63889,10
13.0207595825,80.2253494263,63889,63899,10
13.020409584,80.2251205444,63899,63909,10
13.0203104019,80.2250366211,63909,63919,10
13.0199403763,80.2247695923,63919,63936,17
13.0186395645,80.2245407104,63936,63947,11
13.0176000595,80.2249679565,63947,63956,9
13.0168600082,80.2252807617,63956,63968,12
13.0163698196,80.2254867554,63968,63978,10
13.0159101486,80.2256774902,63978,63988,10
13.0152397156,80.2259521484,63988,63998,10
13.0144395828,80.226272583,63998,64008,10
13.0139198303,80.2265319824,64008,64018,10
13.0137996674,80.2265777588,64018,64028,10
13.0134096146,80.2266769409,64028,64038,10
13.0127696991,80.2269134521,64038,64048,10
13.0119800568,80.2272033691,64048,64058,10
13.011059761,80.2275390625,64058,64068,10
13.0101299286,80.227897644,64068,64079,11
13.0094900131,80.2276992798,64079,64089,10
13.0096902847,80.2272796631,64089,64099,10
13.0099802017,80.2266921997,64099,64109,10
13.0102596283,80.22605896,64109,64119,10
13.0103998184,80.225730896,64119,64129,10
13.0105199814,80.2254486084,64129,64139,10
13.0106201172,80.2251968384,64139,64149,10
13.010720253,80.2249679565,64149,64159,10
13.0107698441,80.224861145,64159,64169,10
13.010890007,80.2245788574,64169,64179,10
13.0110301971,80.2242202759,64179,64189,10
13.0111598969,80.2239608765,64189,64199,10
13.0113201141,80.2235336304,64199,64210,11
13.0115995407,80.2229003906,64210,64220,10
13.0117197037,80.2222595215,64220,64230,10
13.0119895935,80.2215881348,64230,64240,10
13.012140274,80.2213363647,64240,64250,10
13.0120897293,80.2209014893,64250,64260,10
13.0119104385,80.2202529907,64260,64270,10
13.0116596222,80.2194213867,64270,64280,10
13.0113697052,80.2184677124,64280,64290,10
13.0109796524,80.2175064087,64290,64300,10
13.0106496811,80.216758728,64300,64310,10
13.0103302002,80.216178894,64310,64320,10
13.010020256,80.2155609131,64320,64330,10
13.0098104477,80.215171814,64330,64341,11
13.0094604492,80.2146606445,64341,64351,10
13.0087499619,80.213760376,64351,64451,100
13.0087499619,80.213760376,64451,64461,10
13.0084495544,80.2135009766,64461,64472,11
13.0079603195,80.213218689,64472,64502,30
13.0079603195,80.213218689,64502,64512,10
13.0076799393,80.2129516602,64512,64522,10
13.0073003769,80.2128295898,64522,64532,10
13.0066995621,80.2127914429,64532,64542,10
13.0060195923,80.2130203247,64542,64552,10
13.0053501129,80.2127380371,64552,64562,10
13.0047702789,80.2123565674,64562,64572,10
13.0038099289,80.2121124268,64572,64582,10
13.0031795502,80.212097168,64582,64592,10
13.0026798248,80.2121582031,64592,64603,11
13.002120018,80.2124023438,64603,64613,10
13.0017004013,80.212677002,64613,64623,10
13.0013599396,80.2129211426,64623,64633,10
13.0010700226,80.2131729126,64633,64643,10
13.0006999969,80.2134933472,64643,64653,10
13.0001096725,80.2140274048,64653,64663,10
12.9996500015,80.2144317627,64663,64673,10
12.9992303848,80.2147598267,64673,64683,10
12.9989099503,80.2150268555,64683,64693,10
12.9984397888,80.2154312134,64693,64703,10
12.9978399277,80.2159576416,64703,64713,10
12.9973802567,80.2164230347,64713,64724,11
12.9973602295,80.2164611816,64724,64734,10
12.997179985,80.2165985107,64734,64744,10
12.9966497421,80.2166213989,64744,64754,10
12.9960603714,80.2167205811,64754,64764,10
12.9957199097,80.2167892456,64764,64774,10
12.9955301285,80.2168502808,64774,64784,10
12.9954996109,80.2168731689,64784,64794,10
12.9952802658,80.2169723511,64794,64804,10
12.995059967,80.2171096802,64804,64814,10
12.9946899414,80.2173614502,64814,64824,10
12.9942998886,80.2176589966,64824,64834,10
12.9938602448,80.2180023193,64834,64844,10
12.9932203293,80.2184371948,64844,64855,11
12.9924602509,80.2190093994,64855,64865,10
12.9917697906,80.2195281982,64865,64875,10
12.9914598465,80.2197113037,64875,64885,10
12.990819931,80.220199585,64885,64905,20
12.990819931,80.220199585,64905,64915,10
12.9905395508,80.2204208374,64915,64925,10
12.9900598526,80.2208328247,64925,64935,10
12.989569664,80.2213668823,64935,64951,16
12.9890604019,80.222038269,64951,64963,12
12.9887104034,80.2224273682,64963,64971,8
12.9883003235,80.2228012085,64971,64983,12
12.9874801636,80.2231216431,64983,64994,11
12.9868297577,80.2230300903,64994,65004,10
12.9860601425,80.2230072021,65004,65013,9
12.9856004715,80.2231826782,65013,65024,11
12.9852600098,80.2233200073,65024,65034,10
12.984749794,80.2231216431,65034,65045,11
12.9842996597,80.2228622437,65045,65055,10
12.9839000702,80.2226333618,65055,65065,10
12.9834299088,80.222366333,65065,65146,81
12.9834299088,80.222366333,65146,65156,10
12.983039856,80.2220993042,65156,65166,10
12.9827404022,80.2219314575,65166,65176,10
12.982339859,80.2218170166,65176,65186,10
12.9818496704,80.2215270996,65186,65196,10
12.9812498093,80.2211990356,65196,65206,10
12.9807195663,80.2211074829,65206,65216,10
12.9798898697,80.2211837769,65216,65225,9
12.9795999527,80.2211990356,65225,65236,11
12.9794197083,80.2211990356,65236,65247,11
12.9790000916,80.2211990356,65247,65257,10
12.9783201218,80.2212371826,65257,65267,10
12.9777603149,80.221282959,65267,65277,10
12.9771299362,80.2212982178,65277,65287,10
12.9765300751,80.221282959,65287,65297,10
12.9760198593,80.2213363647,65297,65307,10
12.9756402969,80.2210464478,65307,65337,30
12.9756402969,80.2210464478,65337,65347,10
12.9753704071,80.2208404541,65347,65357,10
12.9748001099,80.2205734253,65357,65367,10
12.974029541,80.2202835083,65367,65378,11
12.973400116,80.2200317383,65378,65388,10
12.9727401733,80.2197799683,65388,65398,10
12.9720096588,80.2195205688,65398,65408,10
12.9713602066,80.2192993164,65408,65428,20
12.9713602066,80.2192993164,65428,65438,10
12.9712095261,80.2192077637,65438,65448,10
12.9707803726,80.2190093994,65448,65458,10
12.9701099396,80.2187194824,65458,65468,10
12.9694700241,80.2184677124,65468,65478,10
12.9687995911,80.2182006836,65478,65488,10
12.9681196213,80.2179412842,65488,65499,11
12.96737957,80.2176437378,65499,65509,10
12.9664402008,80.2172698975,65509,65519,10
12.9652500153,80.2167816162,65519,65529,10
12.964050293,80.216293335,65529,65539,10
12.9634799957,80.2160415649,65539,65549,10
12.9628801346,80.2157592773,65549,65559,10
12.962100029,80.2154464722,65559,65569,10
12.9611196518,80.2150726318,65569,65579,10
12.9600601196,80.2146377563,65579,65589,10
12.9590797424,80.2142562866,65589,65599,10
12.958029747,80.2138366699,65599,65609,10
12.9570198059,80.2134399414,65609,65619,10
12.9559803009,80.2130203247,65619,65629,10
12.9548997879,80.2126235962,65629,65640,11
12.9537496567,80.2121582031,65640,65650,10
12.9529895782,80.2118530273,65650,65660,10
12.9520797729,80.2115020752,65660,65670,10
12.9510498047,80.2110824585,65670,65680,10
12.9499998093,80.2106704712,65680,65690,10
12.9490804672,80.2103118896,65690,65700,10
12.9481801987,80.2099533081,65700,65701,1
12.9480800629,80.2099075317,65701,65740,39
12.9442396164,80.2084197998,65740,65750,10
12.9441995621,80.2083969116,65750,65761,11
12.9438400269,80.2082519531,65761,65771,10
12.9432897568,80.2080078125,65771,65781,10
12.9427900314,80.2074966431,65781,65791,10
12.9424295425,80.2070465088,65791,65801,10
12.9418697357,80.2065734863,65801,65811,10
12.9412498474,80.2061309814,65811,65821,10
12.9407596588,80.2059020996,65821,65838,17
12.9400196075,80.2056884766,65838,65848,10
12.9393196106,80.2054824829,65848,65858,10
12.9383296967,80.2051773071,65858,65878,20
12.9383296967,80.2051773071,65878,65888,10
12.9380998611,80.2051086426,65888,65899,11
12.9375295639,80.2049636841,65899,65909,10
12.9368400574,80.2047576904,65909,65919,10
12.9362001419,80.2045898438,65919,65929,10
12.9359197617,80.2045135498,65929,65939,10
12.935839653,80.2044906616,65939,65949,10
12.9354696274,80.2043380737,65949,65959,10
12.9349098206,80.2041015625,65959,65969,10
12.9336996078,80.2039489746,65969,65989,20
12.9336996078,80.2039489746,65989,65999,10
12.9335298538,80.2039108276,65999,66009,10
12.9332304001,80.2038421631,66009,66019,10
12.932849884,80.2036819458,66019,66030,11
12.93227005,80.2034912109,66030,66040,10
12.931599617,80.2032699585,66040,66050,10
12.9309797287,80.2030715942,66050,66060,10
12.9305496216,80.2029571533,66060,66070,10
12.9294595718,80.202796936,66070,66090,20
12.9294595718,80.202796936,66090,66100,10
12.929400444,80.2027893066,66100,66110,10
12.9290599823,80.2027282715,66110,66120,10
12.9286403656,80.2026519775,66120,66130,10
12.9284896851,80.202331543,66130,66140,10
12.9284601212,80.2019195557,66140,66151,11
12.9284601212,80.201423645,66151,66161,10
12.9284200668,80.2006912231,66161,66171,10
12.9283399582,80.1998672485,66171,66181,10
12.9280500412,80.1991500854,66181,66191,10
12.9276399612,80.1984100342,66191,66201,10
12.9270095825,80.1978988647,66201,66211,10
12.9263801575,80.1976394653,66211,66221,10
12.9259300232,80.1975631714,66221,66231,10
12.9256801605,80.1975708008,66231,66241,10
12.9254598618,80.1975708008,66241,66251,10
12.9250602722,80.1975326538,66251,66261,10
12.9243898392,80.1975402832,66261,66271,10
12.9236803055,80.197517395,66271,66282,11
12.9230003357,80.1974487305,66282,66292,10
12.922659874,80.1974029541,66292,66302,10
12.9221401215,80.1973419189,66302,66312,10
12.9218301773,80.1972579956,66312,66342,30
12.9218301773,80.1972579956,66342,66352,10
12.9215803146,80.1971664429,66352,66362,10
12.9212999344,80.1970825195,66362,66372,10
12.9210596085,80.1969833374,66372,66382,10
12.9209003448,80.1969223022,66382,66392,10
12.920539856,80.1968078613,66392,66402,10
12.9200401306,80.1966400146,66402,66413,11
12.9195995331,80.1964797974,66413,66423,10
12.9193401337,80.1963119507,66423,66433,10
12.9189596176,80.1960067749,66433,66443,10
12.9186897278,80.1957702637,66443,66453,10
12.918419838,80.1955108643,66453,66463,10
12.9180002213,80.1951370239,66463,66473,10
12.91726017,80.1944503784,66473,66493,20
12.91726017,80.1944503784,66493,66503,10
12.9171695709,80.1942977905,66503,66523,20
12.916970253,80.1935577393,66523,66534,11
12.9169998169,80.1932373047,66534,66544,10
12.9170598984,80.192741394,66544,66554,10
12.9171104431,80.1923370361,66554,66564,10
12.9171600342,80.1920776367,66564,66574,10
12.9172401428,80.1913986206,66574,66594,20
12.9172401428,80.1913986206,66594,66604,10
12.9172697067,80.1912002563,66604,66614,10
12.9173002243,80.1908721924,66614,66624,10
12.9173002243,80.1905136108,66624,66634,10
12.9174003601,80.1899795532,66634,66644,10
12.9176397324,80.1892700195,66644,66654,10
12.9181804657,80.1885375977,66654,66665,11
12.9186697006,80.1879882813,66665,66675,10
12.9191799164,80.1874389648,66675,66685,10
12.9197797775,80.1867523193,66685,66695,10
12.9203701019,80.1860580444,66695,66705,10
12.9205598831,80.1852874756,66705,66715,10
12.9203596115,80.1844711304,66715,66725,10
12.9202003479,80.1837615967,66725,66735,10
12.9200696945,80.1831970215,66735,66751,16
12.9199695587,80.1828308105,66751,66763,12
12.9198999405,80.1825485229,66763,66773,10
12.9198799133,80.1824874878,66773,66783,10
12.9197902679,80.1820983887,66783,66793,10
12.9196500778,80.1814575195,66793,66804,11
12.9194803238,80.1806030273,66804,66814,10
12.9192495346,80.1796569824,66814,66824,10
12.9188098907,80.1789398193,66824,66834,10
12.9183301926,80.1782608032,66834,66844,10
12.9182100296,80.1774368286,66844,66854,10
12.9182796478,80.1769790649,66854,66864,10
12.9183101654,80.1768264771,66864,66874,10
12.9183597565,80.1765365601,66874,66883,9
12.9184303284,80.1761016846,66883,66894,11
12.9186496735,80.1753387451,66894,66903,9
12.9188098907,80.1745986938,66903,66914,11
12.9190998077,80.1734619141,66914,66925,11
12.919380188,80.1723632813,66925,66935,10
12.9197397232,80.1710891724,66935,66965,30
12.9197397232,80.1710891724,66965,66975,10
12.9198799133,80.1707077026,66975,66985,10
12.9200496674,80.1701812744,66985,66995,10
12.9202899933,80.1694412231,66995,67005,10
12.9205799103,80.1685180664,67005,67015,10
12.9209003448,80.1675033569,67015,67025,10
12.9211797714,80.166633606,67025,67035,10
12.9214496613,80.1658096313,67035,67045,10
12.9217195511,80.1649627686,67045,67056,11
12.9220104218,80.1640472412,67056,67066,10
12.922249794,80.1632232666,67066,67076,10
12.9225502014,80.1623077393,67076,67086,10
12.9228696823,80.1613311768,67086,67096,10
12.9230499268,80.1606826782,67096,67106,10
12.9230604172,80.1606826782,67106,67116,10
12.9231300354,80.1604309082,67116,67126,10
12.9232597351,80.1599197388,67126,67136,10
12.9233503342,80.1591415405,67136,67146,10
12.9234399796,80.1581268311,67146,67156,10
12.9235496521,80.1570281982,67156,67166,10
12.9236297607,80.1560821533,67166,67176,10
12.9233798981,80.1551513672,67176,67197,21
12.9233798981,80.1551513672,67197,67207,10
12.9232997894,80.1549987793,67207,67217,10
12.9232196808,80.1545715332,67217,67227,10
12.9230899811,80.1539611816,67227,67237,10
12.9229097366,80.1532211304,67237,67247,10
12.922659874,80.1520080566,67247,67307,60
12.922659874,80.1520080566,67307,67318,11
12.922659874,80.1519165039,67318,67328,10
12.9226398468,80.151550293,67328,67338,10
12.9226198196,80.1508636475,67338,67348,10
12.9225997925,80.1499481201,67348,67358,10
12.9225301743,80.1489486694,67358,67368,10
12.922539711,80.1479415894,67368,67378,10
12.9225196838,80.1470413208,67378,67388,10
12.9225101471,80.1460723877,67388,67398,10
12.9224596024,80.1450881958,67398,67408,10
12.9224395752,80.1440887451,67408,67418,10
12.9224300385,80.1436920166,67418,67428,10
12.922419548,80.1436386108,67428,67438,10
12.922419548,80.1433792114,67438,67449,11
12.9224004745,80.1429977417,67449,67459,10
12.9224004745,80.1427230835,67459,67469,10
12.9223804474,80.142326355,67469,67479,10
12.9223604202,80.142036438,67479,67495,16
12.9223403931,80.1416625977,67495,67507,12
12.9223299026,80.1415405273,67507,67517,10
12.9223299026,80.1412506104,67517,67527,10
12.9223299026,80.1406173706,67527,67537,10
12.9223299026,80.1402206421,67537,67547,10
12.9223203659,80.1396408081,67547,67557,10
12.9223299026,80.1388778687,67557,67567,10
12.9224004745,80.1379776001,67567,67578,11
12.9224596024,80.1369018555,67578,67588,10
12.9225101471,80.1359176636,67588,67598,10
12.9225196838,80.1350479126,67598,67608,10
12.9225597382,80.1342697144,67608,67618,10
12.9226198196,80.1333999634,67618,67628,10
12.9226303101,80.1327209473,67628,67638,10
12.9226503372,80.1320800781,67638,67648,10
12.922659874,80.1315078735,67648,67658,10
12.9226703644,80.1313705444,67658,67668,10
12.9226999283,80.1309204102,67668,67687,19
12.9227399826,80.1300811768,67687,67699,12
12.9227800369,80.1295394897,67699,67710,11
12.9228000641,80.129119873,67710,67720,10
12.922829628,80.1284790039,67720,67730,10
12.9228496552,80.1279373169,67730,67740,10
12.9228801727,80.1272735596,67740,67750,10
12.9228897095,80.1265029907,67750,67760,10
12.9229001999,80.1256713867,67760,67770,10
12.922949791,80.1247787476,67770,67780,10
12.9229898453,80.1237869263,67780,67790,10
12.9230203629,80.1229171753,67790,67801,11
12.9230699539,80.1217727661,67801,67812,11
12.9231700897,80.1206588745,67812,67843,31
12.9231700897,80.1206588745,67843,67853,10
12.9232196808,80.1205368042,67853,67863,10
12.9232196808,80.1202011108,67863,67873,10
12.9232501984,80.1196212769,67873,67883,10
12.9232501984,80.119140625,67883,67906,23
12.923330307,80.1179504395,67906,67918,12
12.9233598709,80.1175918579,67918,68625,707
12.9233598709,80.1175918579,68625,68635,10
12.9234104156,80.1174621582,68635,68645,10
12.9234399796,80.1171569824,68645,68705,60
12.9234399796,80.1171569824,68705,68715,10
12.9235897064,80.1169662476,68715,68725,10
12.9235200882,80.1172866821,68725,68736,11
12.9235696793,80.1177062988,68736,68746,10
12.9235696793,80.1181182861,68746,68756,10
12.9235095978,80.118598938,68756,68766,10
12.9234800339,80.1192169189,68766,68776,10
12.9233703613,80.1201934814,68776,68796,20
12.9233703613,80.1201934814,68796,68806,10
12.9233398438,80.1203384399,68806,68816,10
12.9232997894,80.1205825806,68816,68826,10
12.9232702255,80.1209487915,68826,68856,30
12.9232702255,80.1209487915,68856,68867,11
12.9232997894,80.1212615967,68867,68877,10
12.9232597351,80.1214599609,68877,68887,10
12.9232702255,80.121711731,68887,68998,111
12.9232702255,80.121711731,68998,69008,10
12.9232597351,80.1218414307,69008,69018,10
12.9232301712,80.122253418,69018,69028,10
12.9231901169,80.1229095459,69028,69038,10
12.9231595993,80.1236190796,69038,69048,10
12.9231100082,80.1243515015,69048,69058,10
12.9230604172,80.125579834,69058,69098,40
12.9230604172,80.125579834,69098,69108,10
12.9230499268,80.1258392334,69108,69119,11
12.9230003357,80.1263809204,69119,69129,10
12.9229803085,80.1270904541,69129,69139,10
12.9229602814,80.1276016235,69139,69149,10
12.9229402542,80.1280975342,69149,69159,10
12.9229202271,80.1285018921,69159,69169,10
12.9228801727,80.1288604736,69169,69179,10
12.9228601456,80.1292800903,69179,69189,10
12.9228601456,80.1293411255,69189,69199,10
12.9228401184,80.1294784546,69199,69209,10
12.9228200912,80.1297225952,69209,69219,10
12.9228000641,80.1301498413,69219,69229,10
12.9228000641,80.1306991577,69229,69239,10
12.9228000641,80.1311416626,69239,69250,11
12.9227895737,80.131439209,69250,69260,10
12.922750473,80.1320266724,69260,69270,10
12.9227304459,80.1327972412,69270,69280,10
12.9226903915,80.1336669922,69280,69290,10
12.9226398468,80.1345825195,69290,69300,10
12.9226102829,80.1352462769,69300,69310,10
12.9225702286,80.1359481812,69310,69320,10
12.922539711,80.136756897,69320,69330,10
12.9224901199,80.1375732422,69330,69340,10
12.9224700928,80.1382827759,69340,69350,10
12.922419548,80.1387710571,69350,69360,10
12.9223899841,80.1394119263,69360,69370,10
12.9223899841,80.1399993896,69370,69381,11
12.9224100113,80.1403198242,69381,69391,10
12.9224100113,80.1407165527,69391,69401,10
12.9224395752,80.1411514282,69401,69411,10
12.9224395752,80.1411819458,69411,69421,10
12.9224395752,80.1413421631,69421,69431,10
12.9224500656,80.1416778564,69431,69441,10
12.9224596024,80.1420211792,69441,69451,10
12.9224596024,80.1422729492,69451,69461,10
12.9224796295,80.1425476074,69461,69522,61
12.9224796295,80.1425476074,69522,69532,10
12.9224996567,80.1428604126,69532,69542,10
12.9225597382,80.1434707642,69542,69572,30
12.9225597382,80.1434707642,69572,69582,10
12.922539711,80.1438674927,69582,69592,10
12.9225301743,80.1440505981,69592,69602,10
12.922539711,80.1444625854,69602,69612,10
12.9225597382,80.1451568604,69612,69622,10
12.9226198196,80.1459579468,69622,69632,10
12.9226303101,80.1464233398,69632,69643,11
12.9226303101,80.146446228,69643,69653,10
12.9226303101,80.1467208862,69653,69733,80
12.9226303101,80.1467208862,69733,69743,10
12.9226398468,80.1471328735,69743,69753,10
12.9226503372,80.1473007202,69753,69763,10
12.9226398468,80.1473770142,69763,69774,11
12.9226398468,80.1473999023,69774,69784,10
12.9226198196,80.1475372314,69784,69794,10
12.9226102829,80.1479415894,69794,69804,10
12.9225997925,80.1486434937,69804,69814,10
12.922659874,80.1495819092,69814,69824,10
12.9226903915,80.1506881714,69824,69834,10
12.9227304459,80.1516113281,69834,69844,10
12.9228000641,80.1524124146,69844,69854,10
12.9230003357,80.1532821655,69854,69864,10
12.9232301712,80.1541595459,69864,69874,10
12.9233903885,80.1546783447,69874,69884,10
12.9234304428,80.1548461914,69884,69894,10
12.923500061,80.1551971436,69894,69905,11
12.9236803055,80.1559371948,69905,69915,10
12.9236497879,80.1568069458,69915,69931,16
12.923500061,80.1583099365,69931,69943,12
12.9233999252,80.1594467163,69943,69953,10
12.9233198166,80.1601715088,69953,69963,10
12.9232997894,80.1603317261,69963,69972,9
12.9231996536,80.1605987549,69972,69984,12
12.9229001999,80.1614608765,69984,69994,10
12.9225997925,80.1623764038,69994,70004,10
12.9223299026,80.1632080078,70004,70014,10
12.9220895767,80.1639785767,70014,70024,10
12.9218502045,80.1647186279,70024,70035,11
12.921500206,80.1658096313,70035,70045,10
12.9211597443,80.1668777466,70045,70056,11
12.9208698273,80.1678085327,70056,70065,9
12.9207000732,80.1683273315,70065,70076,11
12.9204702377,80.1690597534,70076,70086,10
12.9202804565,80.1697387695,70086,70096,10
12.9200000763,80.1706924438,70096,70106,10
12.9199399948,80.1708602905,70106,70116,10
12.9199104309,80.1709823608,70116,70126,10
12.919839859,80.1712112427,70126,70136,10
12.919719696,80.1716690063,70136,70146,10
12.9195098877,80.1724014282,70146,70157,11
12.9192399979,80.1733779907,70157,70167,10
12.9189796448,80.1744537354,70167,70177,10
12.9187202454,80.1755981445,70177,70187,10
12.918419838,80.1767425537,70187,70197,10
12.9182500839,80.1779174805,70197,70207,10
12.9188299179,80.1788864136,70207,70217,10
12.9193601608,80.1798706055,70217,70227,10
12.9195995331,80.1810531616,70227,70237,10
12.9198703766,80.1822433472,70237,70247,10
12.9201097488,80.1832809448,70247,70257,10
12.9202404022,80.1839370728,70257,70277,20
12.9202404022,80.1839370728,70277,70288,11
12.9202804565,80.1840591431,70288,70298,10
12.9203596115,80.184463501,70298,70308,10
12.9205303192,80.1851119995,70308,70318,10
12.9206104279,80.1858520508,70318,70328,10
12.9201002121,80.1865386963,70328,70338,10
12.9194202423,80.187286377,70338,70348,10
12.9189100266,80.1878890991,70348,70358,10
12.9184398651,80.1884002686,70358,70368,10
12.9178800583,80.1890411377,70368,70378,10
12.9174995422,80.1899337769,70378,70388,10
12.9173803329,80.190788269,70388,70398,10
12.91726017,80.1916427612,70398,70408,10
12.917140007,80.1925582886,70408,70419,11
12.917090416,80.1931304932,70419,70429,10
12.917090416,80.1931991577,70429,70439,10
12.9170703888,80.1932983398,70439,70449,10
12.9170398712,80.1937103271,70449,70459,10
12.9171199799,80.1940765381,70459,70469,10
12.9171695709,80.1942596436,70469,70479,10
12.9174604416,80.1946411133,70479,70489,10
12.9179897308,80.1951293945,70489,70499,10
12.918589592,80.1956863403,70499,70509,10
12.9191799164,80.1961898804,70509,70519,10
12.9198303223,80.1965408325,70519,70529,10
12.9206104279,80.1968231201,70529,70539,10
12.9209699631,80.1969223022,70539,70550,11
12.9213399887,80.1970596313,70550,70560,10
12.9219799042,80.1972808838,70560,70570,10
12.9228801727,80.1974182129,70570,70580,10
12.9236297607,80.197517395,70580,70590,10
12.9245195389,80.1975402832,70590,70600,10
12.9252195358,80.197517395,70600,70610,10
12.9255599976,80.1975402832,70610,70620,10
12.9262104034,80.1975784302,70620,70630,10
12.9268903732,80.197807312,70630,70640,10
12.9274597168,80.1981811523,70640,70650,10
12.9279003143,80.1987533569,70650,70660,10
12.9282503128,80.1995162964,70660,70671,11
12.9284696579,80.2006225586,70671,70681,10
12.9285001755,80.2014770508,70681,70690,9
12.9285202026,80.2021026611,70690,70701,11
12.9286804199,80.2026519775,70701,70711,10
12.9291400909,80.2027282715,70711,70721,10
12.9293899536,80.2027587891,70721,70731,10
12.929599762,80.2028427124,70731,70741,10
12.9301996231,80.202911377,70741,70751,10
12.9309797287,80.2030792236,70751,70761,10
12.9317502975,80.2033233643,70761,70771,10
12.9324197769,80.2035522461,70771,70781,10
12.9329004288,80.2036972046,70781,70791,10
12.9333896637,80.2038879395,70791,70802,11
12.9339199066,80.2039489746,70802,70812,10
12.9341802597,80.2039794922,70812,70822,10
12.9344701767,80.2040100098,70822,70832,10
12.9350099564,80.2041320801,70832,70842,10
12.9357404709,80.2044372559,70842,70852,10
12.9365797043,80.2046813965,70852,70862,10
12.9372596741,80.2048721313,70862,70872,10
12.9378595352,80.205039978,70872,70881,9
12.9383602142,80.2051773071,70881,70892,11
12.9390201569,80.2053909302,70892,70902,10
12.9395799637,80.2055587769,70902,70912,10
12.9401397705,80.2057418823,70912,70922,10
12.9406995773,80.2059020996,70922,70933,11
12.941280365,80.206161499,70933,70943,10
12.9418096542,80.2065124512,70943,70953,10
12.9422903061,80.2068786621,70953,70963,10
12.9426898956,80.2072525024,70963,70973,10
12.9430503845,80.2077713013,70973,70983,10
12.9435195923,80.2081222534,70983,70993,10
12.9440402985,80.2082977295,70993,71003,10
12.9443702698,80.2084503174,71003,71013,10
12.9450101852,80.2086868286,71013,71023,10
12.9458398819,80.2090072632,71023,71033,10
12.9467697144,80.2093811035,71033,71043,10
12.947640419,80.2097167969,71043,71053,10
12.9484901428,80.2100601196,71053,71064,11
12.9495601654,80.2104797363,71064,71074,10
12.9506397247,80.210899353,71074,71090,16
12.9523696899,80.2115707397,71090,71102,12
12.9533901215,80.2119827271,71102,71112,10
12.954079628,80.2122192383,71112,71121,9
12.9548797607,80.212562561,71121,71132,11
12.9558801651,80.2129516602,71132,71142,10
12.9566602707,80.2132492065,71142,71152,10
12.9575195313,80.2136001587,71152,71162,10
12.9584999084,80.2139968872,71162,71172,10
12.9593400955,80.2143325806,71172,71182,10
12.9602499008,80.2147064209,71182,71193,11
12.9609899521,80.2150115967,71193,71203,10
12.9618701935,80.2153625488,71203,71213,10
12.9619598389,80.2154006958,71213,71223,10
12.9623003006,80.2155303955,71223,71233,10
12.9626903534,80.2156829834,71233,71243,10
12.9630298615,80.2158126831,71243,71253,10
12.9634504318,80.2159805298,71253,71263,10
12.9639501572,80.2162017822,71263,71273,10
12.9644804001,80.2164306641,71273,71283,10
12.965180397,80.2167129517,71283,71293,10
12.9658699036,80.2169876099,71293,71303,10
12.9665603638,80.2172470093,71303,71313,10
12.9671201706,80.2174835205,71313,71324,11
12.9673404694,80.2175674438,71324,71334,10
12.9674797058,80.2176208496,71334,71344,10
12.9675998688,80.217666626,71344,71354,10
12.9677600861,80.2177276611,71354,71364,10
12.968079567,80.2178573608,71364,71374,10
12.9687204361,80.2181091309,71374,71384,10
12.9696702957,80.2184829712,71384,71394,10
12.9706602097,80.2188796997,71394,71404,10
12.9711999893,80.2190628052,71404,71414,10
12.9712200165,80.2190628052,71414,71424,10
12.9714698792,80.2191696167,71424,71434,10
12.9720602036,80.2194213867,71434,71445,11
12.9728498459,80.2197418213,71445,71455,10
12.9736003876,80.2200469971,71455,71465,10
12.9743003845,80.2203369141,71465,71475,10
12.9746799469,80.2205123901,71475,71576,101
12.9746799469,80.2205123901,71576,71586,10
12.9749002457,80.2206115723,71586,71596,10
12.9752197266,80.2207183838,71596,71606,10
12.9754896164,80.2208023071,71606,71616,10
12.975569725,80.2209320068,71616,71636,20
12.975569725,80.2209320068,71636,71646,10
12.9757404327,80.2210769653,71646,71656,10
12.9760599136,80.221282959,71656,71747,91
12.9760599136,80.221282959,71747,71757,10
12.9764499664,80.2212677002,71757,71767,10
12.9767904282,80.221282959,71767,71787,20
12.9767904282,80.221282959,71787,71797,10
12.9771795273,80.2212677002,71797,71807,10
12.9775495529,80.2212524414,71807,71817,10
12.9780597687,80.2212295532,71817,71827,10
12.9784202576,80.2211914063,71827,71838,11
12.9787597656,80.2211608887,71838,71848,10
12.9792499542,80.2211380005,71848,71858,10
12.979809761,80.2211074829,71858,71868,10
12.9803495407,80.2210464478,71868,71878,10
12.9808797836,80.2210693359,71878,71888,10
12.9814395905,80.2213134766,71888,71898,10
12.9819498062,80.2216567993,71898,71908,10
12.9824495316,80.221862793,71908,71918,10
12.982749939,80.2219467163,71918,71928,10
12.9827899933,80.2219619751,71928,71938,10
12.9828996658,80.2220001221,71938,71948,10
12.9832000732,80.2221679688,71948,71964,16
12.9839801788,80.22265625,71964,71987,23
12.9842300415,80.2228164673,71987,72017,30
12.98458004,80.2230377197,72017,72057,40
12.98458004,80.2230377197,72057,72067,10
12.9850101471,80.2232513428,72067,72077,10
12.985159874,80.2232971191,72077,72088,11
12.9853401184,80.2233276367,72088,72096,8
12.985449791,80.2232284546,72096,72128,32
12.9856004715,80.2230834961,72128,72158,30
12.9856004715,80.2230834961,72158,72168,10
12.9859600067,80.2229919434,72168,72259,91
12.9859600067,80.2229919434,72259,72269,10
12.9864997864,80.2229995728,72269,72410,141
12.9869003296,80.2230606079,72410,72521,111
12.9869003296,80.2230606079,72521,72531,10
12.9872903824,80.2230987549,72531,72541,10
12.987569809,80.2230911255,72541,72551,10
12.9878997803,80.22290802,72551,72561,10
12.9881801605,80.2227172852,72561,72571,10
12.9884395599,80.2224884033,72571,72581,10
12.9887104034,80.2222290039,72581,72591,10
12.9888896942,80.222038269,72591,72601,10
12.9890403748,80.2218170166,72601,72612,11
12.9892597198,80.2215576172,72612,72622,10
12.9894599915,80.2212371826,72622,72632,10
12.9899301529,80.2207183838,72632,72642,10
12.9903802872,80.2203979492,72642,72652,10
12.9904603958,80.2203369141,72652,72662,10
12.9907197952,80.2201385498,72662,72672,10
12.9912996292,80.2196731567,72672,72702,30
12.9912996292,80.2196731567,72702,72712,10
12.9914798737,80.2195587158,72712,72722,10
12.9918699265,80.2192764282,72722,72732,10
12.992480278,80.2188415527,72732,72743,11
12.9933204651,80.218208313,72743,72753,10
12.9940795898,80.2176818848,72753,72763,10
12.9945802689,80.2173233032,72763,72773,10
12.9949302673,80.2170715332,72773,72783,10
12.9954099655,80.216796875,72783,72793,10
12.9960203171,80.2166213989,72793,72803,10
12.9966497421,80.2165222168,72803,72813,10
12.9970998764,80.2164611816,72813,72823,10
12.9974298477,80.2161483765,72823,72833,10
12.9974403381,80.2161407471,72833,72843,10
12.9976196289,80.2159881592,72843,72853,10
12.9980201721,80.2156677246,72853,72864,11
12.9986200333,80.2151031494,72864,72874,10
12.9990701675,80.2147216797,72874,72884,10
12.9993600845,80.2144699097,72884,72894,10
12.9997997284,80.2141113281,72894,72904,10
13.0002603531,80.2137069702,72904,72914,10
13.0007400513,80.2132797241,72914,72924,10
13.0012598038,80.2128829956,72924,72933,9
13.001540184,80.2126617432,72933,72944,11
13.0018396378,80.2124786377,72944,72954,10
13.002240181,80.2122879028,72954,72964,10
13.0028495789,80.2121429443,72964,72974,10
13.0033397675,80.2120895386,72974,72984,10
13.0038404465,80.2120437622,72984,72994,10
13.0044698715,80.2122879028,72994,73005,11
13.0051202774,80.2126617432,73005,73015,10
13.0058698654,80.2129821777,73015,73025,10
13.0064697266,80.2127838135,73025,73035,10
13.0072097778,80.2128295898,73035,73045,10
13.0077104568,80.2129974365,73045,73126,81
13.0077104568,80.2129974365,73126,73136,10
13.0080003738,80.2132492065,73136,73146,10
13.008310318,80.2133712769,73146,73156,10
13.0085697174,80.2135772705,73156,73166,10
13.0088195801,80.2139205933,73166,73176,10
13.0092201233,80.2144470215,73176,73186,10
13.0095500946,80.2149429321,73186,73196,10
13.0097303391,80.2151412964,73196,73206,10
13.0100097656,80.2155532837,73206,73216,10
13.0104598999,80.2161026001,73216,73225,9
13.010720253,80.2166976929,73225,73235,10
13.0109500885,80.2172698975,73235,73246,11
13.011349678,80.218208313,73246,73257,11
13.0117301941,80.2193374634,73257,73267,10
13.0120096207,80.2202987671,73267,73277,10
13.0123100281,80.2211227417,73277,73287,10
13.0125303268,80.2215881348,73287,73297,10
13.0129995346,80.2221603394,73297,73307,10
13.0134000778,80.2226486206,73307,73317,10
13.0138597488,80.2232131958,73317,73327,10
13.0141801834,80.2236175537,73327,73337,10
13.0144395828,80.2239608765,73337,73347,10
13.0148696899,80.2244567871,73347,73357,10
13.0149698257,80.224571228,73357,73367,10
13.0152101517,80.224861145,73367,73377,10
13.0155296326,80.225112915,73377,73388,11
13.0155496597,80.2251205444,73388,73398,10
13.0158500671,80.2253417969,73398,73408,10
13.0164203644,80.2253799438,73408,73418,10
13.0171899796,80.2250976563,73418,73428,10
13.0180101395,80.2247467041,73428,73438,10
13.0187797546,80.2244415283,73438,73454,16
13.0199699402,80.2247695923,73454,73466,12
13.0206298828,80.2252426147,73466,73476,10
13.0207395554,80.2253265381,73476,73486,10
13.0210199356,80.2255630493,73486,73496,10
13.0213499069,80.2257995605,73496,73506,10
13.0218095779,80.2261276245,73506,73517,11
13.0223398209,80.2265777588,73517,73527,10
13.0228099823,80.2269973755,73527,73537,10
13.0232400894,80.2274017334,73537,73547,10
13.0237503052,80.2278671265,73547,73557,10
13.0242996216,80.2284698486,73557,73596,39
13.0242996216,80.2284698486,73596,73606,10
13.0244598389,80.2287063599,73606,73617,11
13.0247497559,80.2291412354,73617,73627,10
13.0250101089,80.2294921875,73627,73637,10
13.0254602432,80.2300720215,73637,73648,11
13.0258598328,80.2308502197,73648,73658,10
13.0260400772,80.2313766479,73658,73668,10
13.0264902115,80.2312774658,73668,73678,10
13.0272903442,80.2311019897,73678,73688,10
13.0281295776,80.2309570313,73688,73698,10
13.0291595459,80.2308883667,73698,73728,30
13.0291595459,80.2308883667,73728,73744,16
13.0294799805,80.2308502197,73744,73756,12
13.0300502777,80.230796814,73756,73764,8
13.0304498672,80.2307510376,73764,73777,13
13.0309495926,80.2306976318,73777,73787,10
13.0313501358,80.2306518555,73787,73797,10
13.0319795609,80.2306289673,73797,73806,9
13.0325202942,80.2305908203,73806,73817,11
13.0331602097,80.2305297852,73817,73827,10
13.0333900452,80.2304992676,73827,73837,10
13.0337295532,80.2304611206,73837,73847,10
13.0341997147,80.2304382324,73847,73856,9
13.034239769,80.2304382324,73856,73866,10
13.0343704224,80.2304077148,73866,73877,11
13.0345697403,80.2303390503,73877,73887,10
13.0346899033,80.2303009033,73887,73898,11
13.0348796844,80.2302017212,73898,73908,10
13.0349998474,80.2299880981,73908,73918,10
13.0345897675,80.2298583984,73918,73978,60
13.0341901779,80.2298431396,73978,74119,141
13.0341396332,80.2300491333,74119,74210,91
13.0341396332,80.2300491333,74210,74220,10
13.0340995789,80.2304000854,74220,74230,10
13.0340299606,80.2304992676,74230,74240,10
13.0337696075,80.2305374146,74240,74250,10
13.0333595276,80.2305984497,74250,74260,10
13.0327596664,80.2306289673,74260,74270,10
13.0321598053,80.2306976318,74270,74280,10
13.0314502716,80.2307434082,74280,74291,11
13.0307197571,80.2308273315,74291,74301,10
13.0302400589,80.2308578491,74301,74311,10
13.0296602249,80.2309494019,74311,74321,10
13.0292701721,80.2310180664,74321,74331,10
13.0286197662,80.2311019897,74331,74341,10
13.0279102325,80.2311401367,74341,74351,10
13.0276403427,80.2312774658,74351,74361,10
13.027680397,80.2317428589,74361,74371,10
13.0277395248,80.2322921753,74371,74381,10
13.0277795792,80.2328567505,74381,74391,10
13.0272798538,80.2329788208,74391,74401,10
13.0270500183,80.2330093384,74401,74412,11
13.0267801285,80.2330093384,74412,74422,10
13.0263996124,80.2329788208,74422,74432,10
13.0261802673,80.232460022,74432,74442,10
13.0259599686,80.2316131592,74442,74452,10
13.0256700516,80.2306594849,74452,74462,10
13.0250701904,80.2297210693,74462,74472,10
13.0246496201,80.2292175293,74472,74482,10
13.0246200562,80.2291793823,74482,74492,10
13.0245504379,80.2291107178,74492,74502,10
13.0243501663,80.2288284302,74502,74512,10
13.0240297318,80.2284622192,74512,74522,10
13.0236597061,80.2279968262,74522,74532,10
13.0232801437,80.2276229858,74532,74542,10
13.0230998993,80.2275009155,74542,74559,17
13.0230903625,80.2274932861,74559,74571,12
13.0227098465,80.227142334,74571,74581,10
13.0224199295,80.2267608643,74581,74591,10
13.0218400955,80.2262573242,74591,74601,10
13.0211496353,80.2257385254,74601,74611,10
13.0203695297,80.2251968384,74611,74620,9
13.019659996,80.2247085571,74620,74631,11
13.0183801651,80.2246780396,74631,74641,10
13.0174798965,80.2250518799,74641,74651,10
13.0166501999,80.225402832,74651,74661,10
13.0162801743,80.2255783081,74661,74672,11
13.0156402588,80.2258071899,74672,74682,10
13.015080452,80.2260284424,74682,74692,10
13.0144195557,80.2262878418,74692,74702,10
13.0143203735,80.2263336182,74702,74712,10
13.0139598846,80.2264633179,74712,74722,10
13.0133399963,80.2266998291,74722,74732,10
13.012550354,80.2269897461,74732,74742,10
13.011590004,80.2273406982,74742,74752,10
13.0105400085,80.2277603149,74752,74762,10
13.0095996857,80.2280197144,74762,74772,10
13.0094299316,80.227722168,74772,74782,10
13.0095701218,80.2274169922,74782,74792,10
13.0098104477,80.2268676758,74792,74803,11
13.0101900101,80.2260513306,74803,74813,10
13.0103998184,80.2255783081,74813,74823,10
13.0105104446,80.2253265381,74823,74833,10
13.0106801987,80.224937439,74833,74843,10
13.0109195709,80.2243270874,74843,74853,10
13.0112304688,80.2235565186,74853,74863,10
13.0115299225,80.2227478027,74863,74873,10
13.0118198395,80.2219924927,74873,74883,10
13.0119800568,80.2215423584,74883,74893,10
13.0120601654,80.2212905884,74893,74903,10
13.0120296478,80.2208786011,74903,74913,10
13.0118303299,80.220199585,74913,74923,10
13.0115804672,80.2194137573,74923,74934,11
13.0112800598,80.218421936,74934,74944,10
13.0109596252,80.2175598145,74944,74954,10
13.0106601715,80.2168884277,74954,74964,10
13.0103702545,80.2163009644,74964,74974,10
13.010020256,80.2157287598,74974,74984,10
13.0096902847,80.2150497437,74984,74994,10
13.0092697144,80.2145462036,74994,75004,10
13.0087795258,80.2139205933,75004,75014,10
13.0083799362,80.213508606,75014,75055,41
13.0083799362,80.213508606,75055,75065,10
13.0079698563,80.2133102417,75065,75085,20
13.0079698563,80.2133102417,75085,75095,10
13.0077695847,80.213142395,75095,75105,10
13.0074300766,80.2129364014,75105,75115,10
13.0070199966,80.2128829956,75115,75125,10
13.0064201355,80.2128829956,75125,75135,10
13.0058002472,80.2130813599,75135,75145,10
13.0052604675,80.2127685547,75145,75155,10
13.004650116,80.2124176025,75155,75165,10
13.0036401749,80.2121505737,75165,75175,10
13.0029296875,80.2122116089,75175,75186,11
13.002120018,80.2124404907,75186,75196,10
13.0015201569,80.2128372192,75196,75206,10
13.0011997223,80.2130737305,75206,75216,10
13.0007696152,80.2133865356,75216,75226,10
13.0002403259,80.2139129639,75226,75235,9
12.9997596741,80.2143173218,75235,75245,10
12.9992599487,80.2147521973,75245,75256,11
12.9989404678,80.2149963379,75256,75266,10
12.9985198975,80.2153396606,75266,75275,9
12.9979600906,80.2158203125,75275,75285,10
12.9974603653,80.2162704468,75285,75296,11
12.9973297119,80.2164306641,75296,75306,10
12.9972000122,80.2165679932,75306,75317,11
12.9969997406,80.2166137695,75317,75327,10
12.9967699051,80.2166519165,75327,75337,10
12.9962902069,80.2167434692,75337,75347,10
12.9957103729,80.2168807983,75347,75357,10
12.9956197739,80.2168884277,75357,75367,10
12.9954204559,80.2169189453,75367,75377,10
12.9952201843,80.2170333862,75377,75387,10
12.9948997498,80.2172393799,75387,75397,10
12.9944801331,80.2175292969,75397,75407,10
12.9941797256,80.2177276611,75407,75417,10
12.9939403534,80.217918396,75417,75427,10
12.9934797287,80.21824646,75427,75438,11
12.9928598404,80.2186965942,75438,75448,10
12.9921798706,80.2191772461,75448,75458,10
12.9914903641,80.2196426392,75458,75468,10
12.990819931,80.220123291,75468,75478,10
12.9907798767,80.220161438,75478,75488,10
12.9906101227,80.2202911377,75488,75498,10
12.9903097153,80.2205200195,75498,75508,10
12.9898195267,80.2210006714,75508,75518,10
12.9893598557,80.2215499878,75518,75528,10
12.9889497757,80.2220001221,75528,75544,16
12.9880504608,80.222869873,75544,75556,12
12.9876699448,80.2231063843,75556,75565,9
12.9874696732,80.2231216431,75565,75577,12
12.9869804382,80.2231216431,75577,75587,10
12.9865102768,80.2230606079,75587,75597,10
12.9858398438,80.2230911255,75597,75607,10
12.9853696823,80.2233200073,75607,75617,10
12.9848403931,80.223197937,75617,75627,10
12.9844102859,80.2229385376,75627,75637,10
12.9837799072,80.2226028442,75637,75647,10
12.9833803177,80.2223587036,75647,75657,10
12.9833498001,80.2223434448,75657,75667,10
12.9831800461,80.2222366333,75667,75677,10
12.9829101563,80.2220993042,75677,75687,10
12.9825696945,80.2219772339,75687,75698,11
12.9819297791,80.2216415405,75698,75707,9
12.9813098907,80.2212677002,75707,75718,11
12.9807195663,80.2211532593,75718,75728,10
12.9804401398,80.2211608887,75728,75738,10
12.9799003601,80.2212219238,75738,75748,10
12.9791698456,80.2212677002,75748,75758,10
12.9784603119,80.2212600708,75758,75768,10
12.9776697159,80.2213134766,75768,75778,10
12.9765701294,80.2213287354,75778,75808,30
12.9763803482,80.2211380005,75808,75849,41
12.9763803482,80.2211380005,75849,75859,10
12.9758796692,80.2211380005,75859,75869,10
12.9756202698,80.2210388184,75869,75898,29
12.9756202698,80.2210388184,75898,75909,11
12.9753704071,80.220916748,75909,75919,10
12.9751701355,80.2207794189,75919,75929,10
12.9747400284,80.2205810547,75929,75939,10
12.9740400314,80.2202835083,75939,75949,10
12.9733400345,80.2200012207,75949,75960,11
12.9725503922,80.2196884155,75960,75970,10
12.9718704224,80.2194290161,75970,75980,10
12.9711904526,80.2192077637,75980,75990,10
12.9710798264,80.2191772461,75990,76000,10
12.9710597992,80.2191619873,76000,76010,10
12.970700264,80.2189865112,76010,76020,10
12.9702301025,80.218788147,76020,76030,10
12.9696903229,80.2185821533,76030,76040,10
12.9690599442,80.2183227539,76040,76050,10
12.9683904648,80.2180633545,76050,76060,10
12.9677095413,80.2177886963,76060,76070,10
12.9669799805,80.2174911499,76070,76080,10
12.9659795761,80.2171020508,76080,76090,10
12.9648895264,80.2166595459,76090,76101,11
12.9638595581,80.2162094116,76101,76111,10
12.9630403519,80.2158279419,76111,76121,10
12.9622001648,80.2155075073,76121,76131,10
12.9612903595,80.2151565552,76131,76141,10
12.9603204727,80.2147598267,76141,76151,10
12.9592695236,80.2143630981,76151,76161,10
12.9582300186,80.2139205933,76161,76171,10
12.957159996,80.2134933472,76171,76181,10
12.9561004639,80.2130737305,76181,76191,10
12.9550304413,80.2126617432,76191,76201,10
12.9540901184,80.2122879028,76201,76211,10
12.9531497955,80.2119216919,76211,76222,11
12.9521598816,80.2115325928,76222,76232,10
12.9511404037,80.2111206055,76232,76242,10
12.9500904083,80.2107009888,76242,76252,10
12.9491596222,80.2103271484,76252,76262,10
12.9482803345,80.2099914551,76262,76272,10
12.9472904205,80.209602356,76272,76282,10
12.9461803436,80.2091598511,76282,76292,10
12.9450902939,80.2087478638,76292,76302,10
12.9443902969,80.208480835,76302,76312,10
12.9442100525,80.2084274292,76312,76322,10
12.9440097809,80.2083206177,76322,76332,10
12.9435100555,80.2081222534,76332,76343,11
12.9428501129,80.2076416016,76343,76353,10
12.9423599243,80.2070083618,76353,76363,10
12.9416303635,80.2064285278,76363,76373,10
12.9410104752,80.2060699463,76373,76383,10
12.9408798218,80.2060012817,76383,76393,10
12.940489769,80.2058410645,76393,76403,10
12.9399299622,80.205657959,76403,76413,10
12.9392299652,80.2054595947,76413,76423,10
12.9385404587,80.2052536011,76423,76433,10
12.9377298355,80.2050170898,76433,76443,10
12.9368200302,80.2047729492,76443,76453,10
12.9359798431,80.2045288086,76453,76463,10
12.9354801178,80.2043533325,76463,76474,11
12.934920311,80.2041320801,76474,76484,10
12.9343395233,80.2040634155,76484,76494,10
12.9336996078,80.2040023804,76494,76514,20
12.9336996078,80.2040023804,76514,76524,10
12.9335403442,80.2039489746,76524,76534,10
12.9331197739,80.2038421631,76534,76544,10
12.9326200485,80.2036209106,76544,76554,10
12.9320201874,80.2033996582,76554,76564,10
12.9313001633,80.203163147,76564,76574,10
12.9305801392,80.2029571533,76574,76584,10
12.9298400879,80.2028427124,76584,76594,10
12.9294500351,80.202796936,76594,76605,11
12.9293498993,80.2027893066,76605,76615,10
12.9290399551,80.2027282715,76615,76625,10
12.9285697937,80.2025985718,76625,76635,10
12.9284496307,80.2020492554,76635,76645,10
12.9284095764,80.2013092041,76645,76655,10
12.9283895493,80.2005615234,76655,76665,10
12.9282302856,80.1995925903,76665,76675,10
12.92786026,80.1987533569,76675,76684,9
12.9273395538,80.198059082,76684,76695,11
12.9264497757,80.1976089478,76695,76704,9
12.9257202148,80.197517395,76704,76715,11
12.9253997803,80.1975402832,76715,76726,11
12.9249601364,80.197517395,76726,76736,10
12.9242601395,80.197517395,76736,76746,10
12.9235200882,80.1975021362,76746,76756,10
12.9228801727,80.1974105835,76756,76766,10
12.922129631,80.197303772,76766,76776,10
12.921380043,80.1970901489,76776,76786,10
12.9211301804,80.1970062256,76786,76796,10
12.9208803177,80.1968994141,76796,76806,10
12.9203796387,80.1967468262,76806,76816,10
12.9196901321,80.1965026855,76816,76826,10
12.9191799164,80.1961975098,76826,76836,10
12.9187097549,80.1957931519,76836,76846,10
12.9181404114,80.1952667236,76846,76857,11
12.9174203873,80.1946029663,76857,76867,10
12.9170799255,80.1941375732,76867,76877,10
12.9170598984,80.1941070557,76877,76887,10
12.9169998169,80.1937637329,76887,76897,10
12.9169797897,80.1933670044,76897,76907,10
12.9170198441,80.1929702759,76907,76917,10
12.9170799255,80.192489624,76917,76927,10
12.9171104431,80.1922683716,76927,76937,10
12.9171695709,80.1920166016,76937,76947,10
12.9172401428,80.1913986206,76947,76967,20
12.9172401428,80.1913986206,76967,76977,10
12.91726017,80.1913604736,76977,76988,11
12.9173297882,80.1909408569,76988,76998,10
12.9173603058,80.1903305054,76998,77008,10
12.9175395966,80.1895523071,77008,77018,10
12.9179801941,80.1887283325,77018,77028,10
12.918589592,80.1880187988,77028,77038,10
12.9191904068,80.1873626709,77038,77048,10
12.9199304581,80.1865005493,77048,77058,10
12.9205598831,80.1856231689,77058,77068,10
12.9203796387,80.1846466064,77068,77078,10
12.9202804565,80.1842803955,77078,77088,10
12.9202003479,80.1838684082,77088,77098,10
12.9200496674,80.1832122803,77098,77108,10
12.9198904037,80.1825866699,77108,77119,11
12.9198799133,80.182510376,77119,77129,10
12.9198102951,80.182182312,77129,77139,10
12.9197101593,80.1817169189,77139,77149,10
12.9196100235,80.1813201904,77149,77159,10
12.919500351,80.180770874,77159,77169,10
12.9193401337,80.179977417,77169,77179,10
12.9190101624,80.1791763306,77179,77189,10
12.9185400009,80.1785125732,77189,77199,10
12.9181604385,80.1775970459,77199,77209,10
12.9182701111,80.1767730713,77209,77219,10
12.9183101654,80.1764907837,77219,77229,10
12.918419838,80.1759490967,77229,77240,11
12.9186401367,80.1751327515,77240,77250,10
12.9188604355,80.1741867065,77250,77260,10
12.9191598892,80.1730499268,77260,77270,10
12.9194698334,80.1719284058,77270,77280,10
12.9196796417,80.1711502075,77280,77290,10
12.9199399948,80.1703262329,77290,77300,10
12.9199399948,80.1703262329,77300,77310,10
12.9201803207,80.1695632935,77310,77320,10
12.9204998016,80.1685714722,77320,77330,10
12.9208698273,80.1674575806,77330,77340,10
12.9212303162,80.1663284302,77340,77350,10
12.9216003418,80.1651992798,77350,77360,10
12.9219503403,80.1641235352,77360,77372,12
12.9223003387,80.1629562378,77372,77382,10
12.9226303101,80.1619491577,77382,77392,10
12.9229698181,80.1609191895,77392,77402,10
12.9231901169,80.1602325439,77402,77412,10
12.923330307,80.1593933105,77412,77421,9
12.9234304428,80.1582183838,77421,77432,11
12.9235496521,80.1568908691,77432,77442,10
12.9235801697,80.1557617188,77442,77452,10
12.9233598709,80.154876709,77452,77462,10
12.9231395721,80.1539611816,77462,77472,10
12.9228601456,80.1528701782,77472,77482,10
12.9226703644,80.1519775391,77482,77533,51
12.9226703644,80.1519775391,77533,77543,10
12.9227104187,80.1517562866,77543,77553,10
12.9226799011,80.1513595581,77553,77563,10
12.9226503372,80.1506271362,77563,77573,10
12.9226198196,80.1497192383,77573,77589,16
12.9225597382,80.148147583,77589,77601,12
12.922539711,80.1474533081,77601,77611,10
12.922539711,80.1469497681,77611,77621,10
12.922539711,80.1461791992,77621,77632,11
12.9224901199,80.1451187134,77632,77642,10
12.9224596024,80.1440505981,77642,77652,10
12.9224500656,80.1433792114,77652,77661,9
12.9224500656,80.1433410645,77661,77672,11
12.9224796295,80.1432113647,77672,77682,10
12.9224796295,80.1427993774,77682,77692,10
12.9224500656,80.1423187256,77692,77702,10
12.9223899841,80.141708374,77702,77713,11
12.922369957,80.1415634155,77713,77723,10
12.9223604202,80.1411819458,77723,77733,10
12.9223403931,80.1406326294,77733,77743,10
12.9223604202,80.1401367188,77743,77754,11
12.9223403931,80.1393890381,77754,77764,10
12.922369957,80.1386184692,77764,77774,10
12.9224100113,80.1379013062,77774,77784,10
12.9224500656,80.137008667,77784,77794,10
12.9224901199,80.1360168457,77794,77804,10
12.9225301743,80.135017395,77804,77814,10
12.9225797653,80.1340026855,77814,77825,11
12.9225997925,80.133140564,77825,77835,10
12.9226303101,80.1325073242,77835,77845,10
12.9226503372,80.1317977905,77845,77855,10
12.9226999283,80.1310424805,77855,77865,10
12.9227199554,80.1303863525,77865,77875,10
12.9227695465,80.1296234131,77875,77886,11
12.922829628,80.1287384033,77886,77896,10
12.9228496552,80.1279983521,77896,77906,10
12.9228897095,80.1271286011,77906,77916,10
12.9229097366,80.1261672974,77916,77926,10
12.9229402542,80.1254806519,77926,77942,16
12.9229898453,80.1241531372,77942,77954,12
12.92304039,80.1229019165,77954,77964,10
12.9230804443,80.121963501,77964,77973,9
12.9231796265,80.1206588745,77973,77994,21
12.9231796265,80.1206588745,77994,78004,10
12.9232397079,80.1205215454,78004,78015,11
12.9232597351,80.1200027466,78015,78025,10
12.9232797623,80.1192321777,78025,78035,10
12.9232797623,80.1186294556,78035,78045,10
12.9233903885,80.1178817749,78045,78055,10
12.9234199524,80.1171417236,78055,78760,705
12.9234199524,80.1171417236,78760,78770,10
12.9235401154,80.1169204712,78770,78781,11
12.9236497879,80.1169586182,78781,78791,10
12.9235496521,80.1172790527,78791,78801,10
12.923620224,80.1176681519,78801,78811,10
12.9235601425,80.1181716919,78811,78821,10
12.923500061,80.1188583374,78821,78831,10
12.9233999252,80.1196136475,78831,78841,10
12.9233102798,80.1203765869,78841,78851,10
12.9232597351,80.1212615967,78851,78881,30
12.9232597351,80.1212615967,78881,78891,10
12.9232501984,80.1214828491,78891,78901,10
12.9232196808,80.1219024658,78901,78912,11
12.9231901169,80.1225585938,78912,78922,10
12.9231595993,80.1232910156,78922,78932,10
12.923119545,80.124130249,78932,78942,10
12.9230699539,80.1250610352,78942,78952,10
12.9230203629,80.1259078979,78952,78962,10
12.9229698181,80.1267700195,78962,78972,10
12.9229402542,80.1276168823,78972,78982,10
12.9229097366,80.1282806396,78982,78992,10
12.9228696823,80.1289215088,78992,79002,10
12.9228200912,80.1296920776,79002,79012,10
12.9227800369,80.1304016113,79012,79022,10
12.9227800369,80.1311721802,79022,79032,10
12.9227399826,80.1318969727,79032,79043,11
12.9227104187,80.13256073,79043,79053,10
12.9226799011,80.1333007813,79053,79063,10
12.9226398468,80.1341171265,79063,79073,10
12.9226198196,80.1348571777,79073,79083,10
12.9225902557,80.1353607178,79083,79093,10
12.9225597382,80.1360473633,79093,79103,10
12.9225301743,80.1367492676,79103,79113,10
12.9224996567,80.1374435425,79113,79123,10
12.9224700928,80.1381530762,79123,79133,10
12.9224004745,80.138923645,79133,79143,10
12.9223804474,80.1397171021,79143,79153,10
12.9224300385,80.1405410767,79153,79164,11
12.9224395752,80.1415634155,79164,79174,10
12.9224596024,80.1424407959,79174,79184,10
12.9225101471,80.1431884766,79184,79194,10
12.9225301743,80.1433868408,79194,79204,10
12.922539711,80.1436309814,79204,79214,10
12.9225301743,80.1438522339,79214,79224,10
12.922539711,80.1443405151,79224,79234,10
12.9225597382,80.1451721191,79234,79244,10
12.9226102829,80.1461105347,79244,79254,10
12.9226503372,80.1470794678,79254,79264,10
12.922659874,80.1473236084,79264,79274,10
12.9226398468,80.1476593018,79274,79284,10
12.9226198196,80.1483306885,79284,79295,11
12.922659874,80.1493377686,79295,79305,10
12.9226799011,80.1504211426,79305,79315,10
12.9227199554,80.1515426636,79315,79325,10
12.9227695465,80.1522979736,79325,79335,10
12.9229898453,80.1531829834,79335,79345,10
12.9232397079,80.1541671753,79345,79355,10
12.9234199524,80.1547470093,79355,79371,16
12.923500061,80.1551132202,79371,79383,12
12.9236898422,80.1558990479,79383,79391,8
12.9236803055,80.1566772461,79391,79403,12
12.9235601425,80.1578369141,79403,79413,10
12.9234600067,80.1589508057,79413,79423,10
12.9233999252,80.159866333,79423,79434,11
12.9233598709,80.1602020264,79434,79444,10
12.9232797623,80.1605072021,79444,79454,10
12.9231004715,80.1610031128,79454,79464,10
12.9228496552,80.1617507935,79464,79474,10
12.9225902557,80.1625518799,79474,79484,10
12.9222602844,80.1635665894,79484,79494,10
12.921959877,80.1644973755,79494,79504,10
12.9216499329,80.1654663086,79504,79514,10
12.9213695526,80.1663894653,79514,79524,10
12.9210996628,80.1672210693,79524,79534,10
12.9208297729,80.1680221558,79534,79544,10
12.9205503464,80.1688766479,79544,79555,11
12.9202404022,80.1698913574,79555,79565,10
12.9200000763,80.1706771851,79565,79575,10
12.9197998047,80.171333313,79575,79585,10
12.9196100235,80.1720428467,79585,79595,10
12.9193696976,80.1728973389,79595,79605,10
12.9190998077,80.1739196777,79605,79615,10
12.9188203812,80.1750335693,79615,79625,10
12.9185304642,80.1761474609,79625,79635,10
12.9184303284,80.1767272949,79635,79645,10
12.9183797836,80.1769332886,79645,79655,10
12.9182796478,80.1775588989,79655,79665,10
12.9185400009,80.1784210205,79665,79675,10
12.9191799164,80.1793365479,79675,79686,11
12.9195404053,80.1805801392,79686,79696,10
12.9197902679,80.1817092896,79696,79706,10
12.9200601578,80.1828765869,79706,79716,10
12.92029953,80.1838989258,79716,79726,10
12.9204597473,80.1846237183,79726,79736,10
12.9206495285,80.1853485107,79736,79746,10
12.9206895828,80.1854782104,79746,79756,10
12.9206695557,80.1858520508,79756,79766,10
12.920249939,80.1863708496,79766,79776,10
12.9196901321,80.18699646,79776,79786,10
12.9191503525,80.1876220703,79786,79796,10
12.9186897278,80.1881484985,79796,79807,11
12.9180603027,80.1888427734,79807,79817,10
12.9175796509,80.1897125244,79817,79827,10
12.9174604416,80.1903076172,79827,79837,10
12.9174499512,80.1903686523,79837,79847,10
12.917429924,80.1904983521,79847,79857,10
12.9173898697,80.1908493042,79857,79867,10
12.9173202515,80.1915283203,79867,79877,10
12.9172000885,80.1923828125,79877,79887,10
12.9171304703,80.1929702759,79887,79917,30
12.9171304703,80.1929702759,79917,79927,10
12.9170503616,80.1933822632,79927,79938,11
12.9171199799,80.1940536499,79938,79948,10
12.9174995422,80.1946182251,79948,79958,10
12.9181804657,80.1952285767,79958,79968,10
12.9189300537,80.195930481,79968,79978,10
12.9198102951,80.1964874268,79978,79988,10
12.9207401276,80.1968231201,79988,79998,10
12.9212503433,80.1969909668,79998,80008,10
12.9217796326,80.1971817017,80008,80018,10
12.9225597382,80.1973495483,80018,80028,10
12.9233999252,80.1974563599,80028,80038,10
12.9243602753,80.1975097656,80038,80048,10
12.9251804352,80.1974868774,80048,80058,10
12.9254598618,80.1975021362,80058,80069,11
12.9260702133,80.197517395,80069,80079,10
12.9264202118,80.197593689,80079,80089,10
12.9269695282,80.1977996826,80089,80099,10
12.9276199341,80.1982727051,80099,80109,10
12.9280796051,80.1990432739,80109,80119,10
12.9284296036,80.1999664307,80119,80129,10
12.9285202026,80.2009887695,80129,80139,10
12.9285497665,80.201789856,80139,80149,10
12.9285898209,80.2024383545,80149,80159,10
12.9291696548,80.2027206421,80159,80169,10
12.9294500351,80.2027511597,80169,80179,10
12.9294900894,80.2027511597,80179,80190,11
12.9299297333,80.2028121948,80190,80200,10
12.9306602478,80.2029418945,80200,80210,10
12.9315004349,80.2031784058,80210,80220,10
12.9321098328,80.2033920288,80220,80230,10
12.9325399399,80.2035293579,80230,80240,10
12.9329395294,80.203666687,80240,80250,10
12.9333600998,80.2038269043,80250,80260,10
12.9337902069,80.2038879395,80260,80270,10
12.933839798,80.2039031982,80270,80280,10
12.934009552,80.2039337158,80280,80290,10
12.934510231,80.203956604,80290,80300,10
12.9351902008,80.2041320801,80300,80317,17
12.9362602234,80.2045211792,80317,80329,12
12.9371204376,80.2047805786,80329,80338,9
12.9378995895,80.2050018311,80338,80349,11
12.9390001297,80.2053222656,80349,80359,10
12.9398698807,80.205581665,80359,80369,10
12.9400196075,80.205619812,80369,80379,10
12.9403400421,80.2057418823,80379,80389,10
12.940990448,80.2059631348,80389,80398,9
12.9415903091,80.2062911987,80398,80409,11
12.942489624,80.2070007324,80409,80419,10
12.9430599213,80.2077178955,80419,80429,10
12.9439001083,80.2082138062,80429,80439,10
12.9442501068,80.2083435059,80439,80450,11
12.9445199966,80.2084503174,80450,80460,10
12.9450798035,80.2086486816,80460,80470,10
12.945810318,80.2089309692,80470,80480,10
12.9465904236,80.2092437744,80480,80490,10
12.9473400116,80.2095336914,80490,80500,10
12.9480304718,80.2098007202,80500,80510,10
12.9487104416,80.210067749,80510,80520,10
12.9496498108,80.2104492188,80520,80530,10
12.9508304596,80.2109222412,80530,80540,10
12.9519901276,80.2114028931,80540,80550,10
12.9531097412,80.211807251,80550,80560,10
12.9541597366,80.2122421265,80560,80570,10
12.9552402496,80.2126693726,80570,80581,11
12.9564304352,80.2131195068,80581,80591,10
12.9575004578,80.2135467529,80591,80601,10
12.9585800171,80.2139663696,80601,80611,10
12.9596500397,80.2144088745,80611,80621,10
12.960729599,80.2148513794,80621,80631,10
12.9617004395,80.2152328491,80631,80641,10
12.9628896713,80.2156982422,80641,80651,10
12.9636001587,80.2159805298,80651,80661,10
12.9642801285,80.216293335,80661,80671,10
12.9651403427,80.2166519165,80671,80681,10
12.966050148,80.217010498,80681,80691,10
12.9668998718,80.217338562,80691,80701,10
12.9677200317,80.217666626,80701,80712,11
12.9686498642,80.2180404663,80712,80722,10
12.9697303772,80.2184677124,80722,80732,10
12.9708404541,80.2188796997,80732,80742,10
12.9712200165,80.21900177,80742,80752,10
12.9715595245,80.2191390991,80752,80762,10
12.9721899033,80.2194137573,80762,80772,10
12.9730100632,80.2197189331,80772,80782,10
12.9739398956,80.2201004028,80782,80792,10
12.9746999741,80.220451355,80792,80802,10
12.9750499725,80.2205810547,80802,80812,10
12.9751701355,80.2206726074,80812,80822,10
12.9755096436,80.2207794189,80822,80832,10
12.9757795334,80.2210235596,80832,80843,11
12.9761800766,80.2212295532,80843,80873,30
12.9761800766,80.2212295532,80873,80883,10
12.9765396118,80.2212905884,80883,80899,16
12.977640152,80.2212295532,80899,80911,12
12.9782896042,80.221206665,80911,80921,10
12.9788999557,80.2211837769,80921,80931,10
12.9796800613,80.2211227417,80931,80941,10
12.9805202484,80.2210388184,80941,80951,10
12.9811601639,80.2210998535,80951,80961,10
12.981710434,80.2213668823,80961,80972,11
12.982509613,80.2218170166,80972,80982,10
12.9829702377,80.2219772339,80982,80992,10
12.9830303192,80.2220230103,80992,81002,10
12.9832601547,80.2221679688,81002,81012,10
12.9836797714,80.2224731445,81012,81022,10
12.9842996597,80.2228088379,81022,81032,10
12.9848899841,80.2231521606,81032,81042,10
12.9854898453,80.2232131958,81042,81052,10
12.9860401154,80.2229766846,81052,81062,10
12.9868097305,80.2230300903,81062,81072,10
12.9875402451,80.2230911255,81072,81082,10
12.9882802963,80.2227020264,81082,81092,10
12.988940239,80.2220077515,81092,81103,11
12.9895000458,80.2212295532,81103,81113,10
12.9902601242,80.220451355,81113,81133,20
12.9902601242,80.220451355,81133,81143,10
12.9907798767,80.2200317383,81143,81153,10
12.9914302826,80.2195663452,81153,81163,10
12.9921302795,80.219078064,81163,81173,10
12.9929199219,80.2185287476,81173,81183,10
12.9937601089,80.2179107666,81183,81193,10
12.9944400787,80.2174224854,81193,81203,10
12.9950199127,80.2170028687,81203,81213,10
12.9957399368,80.2166900635,81213,81224,11
12.996629715,80.2165527344,81224,81234,10
12.9972696304,80.2163314819,81234,81244,10
12.9974803925,80.2161178589,81244,81254,10
12.9976196289,80.216003418,81254,81264,10
12.9979400635,80.2156982422,81264,81274,10
12.9983901978,80.2152862549,81274,81284,10
12.9989204407,80.21484375,81284,81294,10
12.9992399216,80.2145614624,81294,81304,10
12.9996795654,80.2142028809,81304,81314,10
13.000120163,80.2138366699,81314,81324,10
13.0005598068,80.2134170532,81324,81334,10
13.0011396408,80.2129974365,81334,81344,10
13.0016698837,80.2125473022,81344,81355,11
13.0023298264,80.2121887207,81355,81365,10
13.0030202866,80.2120819092,81365,81375,10
13.0036001205,80.212020874,81375,81385,10
13.0043296814,80.2121810913,81385,81395,10
13.0050601959,80.2124710083,81395,81405,10
13.0058603287,80.2128982544,81405,81415,10
13.0065002441,80.2127075195,81415,81425,10
13.0073299408,80.2127685547,81425,81435,10
13.0078496933,80.2130432129,81435,81445,10
13.0078601837,80.2130508423,81445,81461,16
13.0082597733,80.2132797241,81461,81473,12
13.0087203979,80.2136535645,81473,81481,8
13.0090904236,80.2141723633,81481,81494,13
13.0095596313,80.2148971558,81494,81504,10
13.0098304749,80.215171814,81504,81514,10
13.0101900101,80.2156219482,81514,81524,10
13.0106401443,80.2162780762,81524,81533,9
13.0108604431,80.2169189453,81533,81544,11
13.0112600327,80.2179107666,81544,81554,10
13.0117301941,80.2192077637,81554,81564,10
13.0121097565,80.2203979492,81564,81574,10
13.0124397278,80.2212371826,81574,81584,10
13.0126199722,80.2215270996,81584,81594,10
13.0128698349,80.2218399048,81594,81604,10
13.0132703781,80.2224502563,81604,81616,12
13.0138902664,80.2230834961,81616,81626,10
13.014169693,80.2233963013,81626,81636,10
13.0144395828,80.2237167358,81636,81646,10
13.0149002075,80.2243499756,81646,81656,10
13.0154304504,80.2248382568,81656,81666,10
13.015540123,80.224937439,81666,81676,10
13.0158500671,80.2251663208,81676,81686,10
13.0164604187,80.2252502441,81686,81696,10
13.0172595978,80.2249908447,81696,81706,10
13.0181798935,80.2246170044,81706,81716,10
13.019080162,80.2243423462,81716,81726,10
13.019659996,80.2244567871,81726,81735,9
13.0200395584,80.2247161865,81735,81747,12
13.0207300186,80.2252120972,81747,81757,10
13.0213403702,80.2256469727,81757,81767,10
13.0219202042,80.2260665894,81767,81777,10
13.02202034,80.2261581421,81777,81787,10
13.0221300125,80.226348877,81787,81797,10
13.0224599838,80.2265930176,81797,81807,10
13.0229701996,80.2270278931,81807,81817,10
13.0236501694,80.2276916504,81817,81827,10
13.0243597031,80.2284164429,81827,81837,10
13.0248699188,80.2291793823,81837,81847,10
13.0254402161,80.2299423218,81847,81857,10
13.0258703232,80.2306365967,81857,81874,17
13.02602005,80.2312774658,81874,81886,12
13.0264997482,80.2312774658,81886,81896,10
13.0270500183,80.2311325073,81896,81906,10
13.0279502869,80.2309799194,81906,81916,10
13.0287799835,80.2308578491,81916,81926,10
13.0293102264,80.2308120728,81926,81936,10
13.0299797058,80.230758667,81936,81945,9
13.0306396484,80.2306976318,81945,81956,11
13.0313596725,80.2306365967,81956,81964,8
13.0319099426,80.2305984497,81964,81979,15
13.0331001282,80.2305221558,81979,81989,10
13.0337495804,80.2304763794,81989,82000,11
13.0343198776,80.230430603,82000,82010,10
13.0347499847,80.2302627563,82010,82050,40
13.0347499847,80.2302627563,82050,82073,23
13.0350999832,80.2303085327,82073,82085,12
13.0348300934,80.2303619385,82085,82095,10
13.0344696045,80.2304077148,82095,82125,30
13.0344696045,80.2304077148,82125,82136,11
13.0342597961,80.2304229736,82136,82146,10
13.0338802338,80.2304611206,82146,82156,10
13.0334100723,80.2304763794,82156,82166,10
13.0327796936,80.2305374146,82166,82176,10
13.0319900513,80.2306289673,82176,82186,10
13.0310697556,80.23072052,82186,82196,10
13.0304603577,80.2307662964,82196,82206,10
13.0298404694,80.230796814,82206,82216,10
13.0293302536,80.2308578491,82216,82226,10
13.0288000107,80.2309188843,82226,82236,10
13.0282001495,80.2309799194,82236,82246,10
13.027759552,80.2310409546,82246,82257,11
13.0277204514,80.231552124,82257,82267,10
13.027759552,80.232093811,82267,82277,10
13.0278701782,80.2327423096,82277,82287,10
13.0272502899,80.2329177856,82287,82297,10
13.0268602371,80.2330169678,82297,82313,16
13.0265102386,80.2329864502,82313,82325,12
13.0263004303,80.2324676514,82325,82335,10
13.0260801315,80.2317733765,82335,82345,10
13.0258598328,80.231010437,82345,82354,9
13.0255098343,80.2302627563,82354,82365,11
13.024939537,80.2294692993,82365,82375,10
13.0246601105,80.2291030884,82375,82386,11
13.0243396759,80.2286300659,82386,82396,10
13.0238800049,80.2279968262,82396,82406,10
13.023440361,80.2275466919,82406,82416,10
13.0227203369,80.2268981934,82416,82426,10
13.0221300125,80.2263870239,82426,82435,9
13.0215196609,80.2258682251,82435,82446,11
13.0208702087,80.2253570557,82446,82456,10
13.0202503204,80.2249526978,82456,82466,10
13.0194396973,80.2244720459,82466,82476,10
13.0184001923,80.2246017456,82476,82486,10
13.0175695419,80.2249526978,82486,82496,10
13.0173797607,80.2250518799,82496,82506,10
13.0171804428,80.225151062,82506,82547,41
13.0171804428,80.225151062,82547,82564,17
13.0168304443,80.2253265381,82564,82576,12
13.0166397095,80.2253723145,82576,82586,10
13.016500473,80.2253799438,82586,82594,8
13.0163202286,80.2253875732,82594,82605,11
13.0159397125,80.2255783081,82605,82617,12
13.0153102875,80.2258377075,82617,82627,10
13.0146198273,80.22605896,82627,82678,51
13.0146198273,80.22605896,82678,82688,10
13.0143299103,80.2261810303,82688,82698,10
13.0141601563,80.22605896,82698,82708,10
13.0141601563,80.2257232666,82708,82829,121
13.0141601563,80.2257232666,82829,82839,10
13.0141601563,80.2254562378,82839,82849,10
13.0143899918,80.2253112793,82849,82859,10
13.014380455,80.2252731323,82859,82879,20
13.014380455,80.2252731323,82879,82889,10
