13.0750703812,80.275177002,18,493,475
13.0750703812,80.275177002,493,503,10
13.0752801895,80.2750091553,503,716,213
13.0752801895,80.2750091553,716,726,10
13.0751495361,80.2751693726,726,9061,8335
13.0751495361,80.275138855,9061,12399,3338
13.0751399994,80.2750473022,12399,16088,3689
13.0751800537,80.2750778198,16088,17256,1168
13.0751800537,80.2750778198,17256,17266,10
13.0753202438,80.2749710083,17266,17276,10
13.0755195618,80.2749023438,17276,17287,11
13.0758800507,80.2750015259,17287,17297,10
13.0759897232,80.2754135132,17297,17307,10
13.0760402679,80.2755279541,17307,17317,10
13.0760498047,80.2758407593,17317,17327,10
13.0759401321,80.2761993408,17327,17347,20
13.0759401321,80.2761993408,17347,17357,10
13.0761404037,80.2762680054,17357,17367,10
13.0767202377,80.2762374878,17367,17378,11
13.0774803162,80.2761688232,17378,17388,10
13.0781698227,80.275932312,17388,17398,10
13.0784597397,80.2752685547,17398,17408,10
13.0792798996,80.275177002,17408,17418,10
13.0803604126,80.2752304077,17418,17428,10
13.0812902451,80.275138855,17428,17438,10
13.0818004608,80.275177002,17438,17448,10
13.0820198059,80.2752609253,17448,17458,10
13.0820903778,80.2754516602,17458,17719,261
13.0821304321,80.2758331299,17719,17760,41
13.0821304321,80.2758331299,17760,17770,10
13.0819301605,80.2760162354,17770,17780,10
13.0818595886,80.2761993408,17780,17790,10
13.0819196701,80.2765808105,17790,17800,10
13.0819702148,80.2771377563,17800,17810,10
13.082110405,80.2780303955,17810,17820,10
13.0820903778,80.2784194946,17820,17830,10
13.0819501877,80.2780838013,17830,17841,11
13.0818901062,80.2774200439,17841,17851,10
13.0818195343,80.2769317627,17851,17861,10
13.0818195343,80.2767181396,17861,17871,10
13.0817298889,80.2761764526,17871,17881,10
13.0816297531,80.2755889893,17881,17891,10
13.0815296173,80.275352478,17891,17901,10
13.0813999176,80.2752075195,17901,17911,10
13.0809402466,80.2752532959,17911,17921,10
13.080329895,80.2753067017,17921,17932,11
13.0795202255,80.2753295898,17932,17942,10
13.078619957,80.2752304077,17942,17952,10
13.0782003403,80.2759628296,17952,17962,10
13.0775499344,80.2762527466,17962,17972,10
13.0766496658,80.2763214111,17972,17982,10
13.0760097504,80.2763824463,17982,17992,10
13.0756998062,80.2763595581,17992,18002,10
13.0749998093,80.2763824463,18002,18019,17
13.0741100311,80.2768325806,18019,18031,12
13.074640274,80.277381897,18031,18041,10
13.074839592,80.2775878906,18041,18050,9
13.074760437,80.2776565552,18050,18061,11
13.0745897293,80.2774963379,18061,18071,10
13.074259758,80.2771530151,18071,18080,9
13.0734996796,80.2764968872,18080,18182,102
13.0734996796,80.2764968872,18182,18192,10
13.0732603073,80.2761917114,18192,18202,10
13.0728998184,80.2757492065,18202,18213,11
13.0723199844,80.275100708,18213,18223,10
13.0716400146,80.2745437622,18223,18233,10
13.0709199905,80.2742233276,18233,18243,10
13.0707101822,80.2740936279,18243,18253,10
13.0705795288,80.2739028931,18253,18263,10
13.0703001022,80.2734069824,18263,18273,10
13.0697002411,80.2727203369,18273,18283,10
13.0689401627,80.2720413208,18283,18293,10
13.0682096481,80.2716217041,18293,18304,11
13.0677700043,80.2708206177,18304,18314,10
13.067150116,80.2701873779,18314,18324,10
13.0665397644,80.2692871094,18324,18334,10
13.0663204193,80.2683486938,18334,18344,10
13.0656700134,80.2677230835,18344,18354,10
13.0651102066,80.267578125,18354,18364,10
13.0645599365,80.2674789429,18364,18374,10
13.0636997223,80.2673416138,18374,18384,10
13.0626802444,80.2670822144,18384,18395,11
13.0618000031,80.2660064697,18395,18405,10
13.0610799789,80.2652206421,18405,18415,10
13.0602798462,80.2654800415,18415,18425,10
13.0592403412,80.2655410767,18425,18435,10
13.0583095551,80.2653503418,18435,18445,10
13.0580196381,80.2644195557,18445,18455,10
13.057849884,80.2632293701,18455,18465,10
13.0576496124,80.2618408203,18465,18475,10
13.057390213,80.2605895996,18475,18486,11
13.0569295883,80.2590408325,18486,18496,10
13.0566301346,80.2578201294,18496,18506,10
13.0564804077,80.2572021484,18506,18516,10
13.056429863,80.2570419312,18516,18526,10
13.0562400818,80.2564620972,18526,18542,16
13.0552997589,80.2551116943,18542,18554,12
13.0544595718,80.2540130615,18554,18564,10
13.0534200668,80.252571106,18564,18574,10
13.0526695251,80.2515563965,18574,18583,9
13.0521402359,80.2508468628,18583,18595,12
13.0509996414,80.2500762939,18595,18604,9
13.0498104095,80.2498474121,18604,18615,11
13.0486602783,80.2496871948,18615,18625,10
13.0477895737,80.2491531372,18625,18634,9
13.0471096039,80.2486801147,18634,18644,10
13.0460596085,80.2485198975,18644,18655,11
13.0447702408,80.2480926514,18655,18664,9
13.0436897278,80.2479019165,18664,18675,11
13.0423002243,80.2476196289,18675,18686,11
13.0406198502,80.2472686768,18686,18696,10
13.0391798019,80.2469787598,18696,18705,9
13.0378704071,80.2467193604,18705,18716,11
13.0365400314,80.2464599609,18716,18726,10
13.0354499817,80.2461624146,18726,18736,10
13.0348396301,80.2457885742,18736,18847,111
13.0348396301,80.2457885742,18847,18858,11
13.0347795486,80.2458267212,18858,18868,10
13.0344295502,80.2458496094,18868,18878,10
13.0336503983,80.2459335327,18878,18888,10
13.0326700211,80.2459182739,18888,18898,10
13.0316295624,80.2458877563,18898,18908,10
13.0306301117,80.2458496094,18908,18918,10
13.0297403336,80.2458114624,18918,18927,9
13.029589653,80.245300293,18927,18938,11
13.0296096802,80.2442169189,18938,18948,10
13.029709816,80.2431106567,18948,18959,11
13.0301599503,80.2418670654,18959,18969,10
13.0306196213,80.2408676147,18969,18979,10
13.0308799744,80.2400131226,18979,18989,10
13.0306196213,80.2391891479,18989,18999,10
13.0300798416,80.2381362915,18999,19009,10
13.0292701721,80.2369537354,19009,19019,10
13.0282697678,80.2358474731,19019,19028,9
13.0275402069,80.2347793579,19028,19039,11
13.0266599655,80.2333068848,19039,19050,11
13.0261297226,80.2320175171,19050,19060,10
13.0257797241,80.230796814,19060,19070,10
13.0250301361,80.2295837402,19070,19080,10
13.0242595673,80.2285919189,19080,19090,10
13.0233402252,80.2275695801,19090,19110,20
13.0233402252,80.2275695801,19110,19120,10
13.0231304169,80.2273635864,19120,19130,10
13.022600174,80.2268371582,19130,19141,11
13.0216999054,80.22605896,19141,19151,10
13.0206403732,80.2252502441,19151,19161,10
13.019490242,80.2245483398,19161,19177,16
13.0175600052,80.2249908447,19177,19189,12
13.0165395737,80.2253799438,19189,19199,10
13.0161504745,80.2254180908,19199,19209,10
13.0156803131,80.2257232666,19209,19219,10
13.014840126,80.2260665894,19219,19230,11
13.0142498016,80.2263183594,19230,19240,10
13.0141296387,80.2263565063,19240,19250,10
13.0136003494,80.2265701294,19250,19260,10
13.012720108,80.2268981934,19260,19270,10
13.0116100311,80.2273025513,19270,19280,10
13.0103397369,80.2278289795,19280,19290,10
13.0092697144,80.2284164429,19290,19300,10
13.0089797974,80.2295532227,19300,19310,10
13.0087404251,80.2308273315,19310,19320,10
13.0085201263,80.2321166992,19320,19331,11
13.0082702637,80.2334136963,19331,19341,10
13.0080900192,80.2344284058,19341,19351,10
13.0078601837,80.235458374,19351,19361,10
13.0076198578,80.2366790771,19361,19371,10
13.0073604584,80.2379837036,19371,19381,10
13.0072097778,80.2389221191,19381,19391,10
13.0069799423,80.2399291992,19391,19401,10
13.006819725,80.2409591675,19401,19411,10
13.0068101883,80.2412796021,19411,19422,11
13.0067796707,80.2415008545,19422,19432,10
13.0067596436,80.2422027588,19432,19442,10
13.0067195892,80.2431716919,19442,19452,10
13.0067300797,80.2443618774,19452,19462,10
13.0067300797,80.2455596924,19462,19472,10
13.0067396164,80.246421814,19472,19482,10
13.0067100525,80.2473373413,19482,19492,10
13.0065898895,80.2473907471,19492,19502,10
13.0061702728,80.2473983765,19502,19513,11
13.0060100555,80.2473678589,19513,19523,10
13.0054101944,80.2473678589,19523,19533,10
13.0044403076,80.247428894,19533,19543,10
13.0031900406,80.2476196289,19543,19553,10
13.0019903183,80.2478637695,19553,19563,10
13.0007200241,80.2481918335,19563,19573,10
12.9992399216,80.2485580444,19573,19583,10
12.9976596832,80.2489471436,19583,19593,10
12.9960203171,80.2493591309,19593,19604,11
12.9942903519,80.2498168945,19604,19614,10
12.9927597046,80.2501983643,19614,19624,10
12.9914999008,80.250541687,19624,19634,10
12.9910497665,80.2506713867,19634,19644,10
12.9910097122,80.2506790161,19644,19654,10
12.9905796051,80.2507629395,19654,19664,10
12.9897499084,80.2509613037,19664,19674,10
12.9886903763,80.2512130737,19674,19684,10
12.9879102707,80.2513885498,19684,19694,10
12.9871501923,80.2516098022,19694,19705,11
12.986000061,80.2519226074,19705,19715,10
12.9846601486,80.252281189,19715,19725,10
12.9831800461,80.2526321411,19725,19735,10
12.9816598892,80.2527236938,19735,19745,10
12.980389595,80.2527618408,19745,19755,10
12.9792804718,80.2527084351,19755,19765,10
12.9785203934,80.252571106,19765,19775,10
12.9784097672,80.2525024414,19775,19785,10
12.9779596329,80.2521209717,19785,19796,11
12.977060318,80.2514572144,19796,19806,10
12.9758701324,80.2510528564,19806,19816,10
12.9745397568,80.2506637573,19816,19826,10
12.9731397629,80.2502822876,19826,19836,10
12.9717998505,80.2499237061,19836,19846,10
12.9704904556,80.2495422363,19846,19856,10
12.9691495895,80.2490234375,19856,19866,10
12.9679002762,80.2485275269,19866,19876,10
12.9668197632,80.248046875,19876,19887,11
12.9657697678,80.2475814819,19887,19897,10
12.9650402069,80.2473678589,19897,19907,10
12.964969635,80.2473373413,19907,19917,10
12.9645595551,80.247177124,19917,19927,10
12.9637804031,80.246887207,19927,19937,10
12.9627895355,80.2463989258,19937,19947,10
12.9615898132,80.2458114624,19947,19957,10
12.9604597092,80.2451934814,19957,19967,10
12.9595804214,80.2448883057,19967,19977,10
12.9594602585,80.2448425293,19977,19994,17
12.9590301514,80.2446365356,19994,20006,12
12.9581203461,80.2442398071,20006,20016,10
12.9573698044,80.2439498901,20016,20026,10
12.9566001892,80.243637085,20026,20035,9
12.9563903809,80.243560791,20035,20045,10
12.9559402466,80.243347168,20045,20056,11
12.9548902512,80.2429122925,20056,20066,10
12.9538497925,80.242477417,20066,20076,10
12.9526700974,80.2420120239,20076,20086,10
12.9517602921,80.2417221069,20086,20107,21
12.9517602921,80.2417221069,20107,20117,10
12.9514303207,80.2415771484,20117,20127,10
12.9506902695,80.2413330078,20127,20137,10
12.949640274,80.2410202026,20137,20147,10
12.9484500885,80.2405700684,20147,20157,10
12.9473400116,80.2401199341,20157,20168,11
12.9467802048,80.2399291992,20168,20178,10
12.9467000961,80.2398681641,20178,20188,10
12.9461603165,80.2396087646,20188,20198,10
12.9453401566,80.2391815186,20198,20208,10
12.9444904327,80.2383270264,20208,20218,10
12.9435796738,80.2373733521,20218,20228,10
12.942700386,80.2366333008,20228,20238,10
12.9413995743,80.2362289429,20238,20248,10
12.9396896362,80.2357635498,20248,20269,21
12.9396896362,80.2357635498,20269,20279,10
12.9393596649,80.2355880737,20279,20289,10
12.9385099411,80.2351837158,20289,20299,10
12.9374399185,80.2346420288,20299,20309,10
12.9362697601,80.2341003418,20309,20319,10
12.9358196259,80.2338790894,20319,20329,10
12.9355201721,80.2337417603,20329,20339,10
12.9347696304,80.2333984375,20339,20349,10
12.9338998795,80.2330093384,20349,20360,11
12.9338302612,80.2329788208,20360,20370,10
12.9336204529,80.2328720093,20370,20380,10
12.9329595566,80.2325820923,20380,20389,9
12.9320602417,80.2322387695,20389,20400,11
12.9306602478,80.2316894531,20400,20410,10
12.9291296005,80.2313690186,20410,20420,10
12.9275197983,80.2311630249,20420,20430,10
12.9262104034,80.2310180664,20430,20440,10
12.9259500504,80.2310180664,20440,20451,11
12.9256801605,80.2309799194,20451,20461,10
12.9249897003,80.2308807373,20461,20471,10
12.9239702225,80.230758667,20471,20481,10
12.9226799011,80.2305831909,20481,20491,10
12.9212398529,80.2303466797,20491,20501,10
12.9196901321,80.2301635742,20501,20511,10
12.9181604385,80.2299728394,20511,20521,10
12.9167804718,80.2297821045,20521,20531,10
12.91547966,80.2295837402,20531,20542,11
12.9142398834,80.2294082642,20542,20552,10
12.9133996964,80.2293624878,20552,20562,10
12.9133195877,80.2293395996,20562,20572,10
12.9132995605,80.2293167114,20572,20582,10
12.9128198624,80.2292327881,20582,20592,10
12.9118900299,80.2291030884,20592,20602,10
12.9106397629,80.2289199829,20602,20612,10
12.9091901779,80.2286911011,20612,20622,10
12.907699585,80.2284469604,20622,20633,11
12.9067897797,80.2283630371,20633,20643,10
12.9066495895,80.2283477783,20643,20653,10
12.906080246,80.228302002,20653,20663,10
12.905090332,80.2282409668,20663,20673,10
12.9037599564,80.2281570435,20673,20683,10
12.9022703171,80.2280731201,20683,20693,10
12.901140213,80.2279968262,20693,20703,10
12.8995599747,80.2279434204,20703,20734,31
12.8995599747,80.2279434204,20734,20744,10
12.8994598389,80.2279281616,20744,20754,10
12.898850441,80.2278671265,20754,20764,10
12.8978595734,80.2278213501,20764,20774,10
12.8965797424,80.2277374268,20774,20784,10
12.8950901031,80.2276916504,20784,20794,10
12.8936004639,80.2275695801,20794,20804,10
12.89220047,80.2274169922,20804,20814,10
12.8907203674,80.2274017334,20814,20825,11
12.8890800476,80.2274017334,20825,20835,10
12.8876399994,80.2273025513,20835,20845,10
12.8861999512,80.2270126343,20845,20861,16
12.8849201202,80.2267913818,20861,20883,22
12.8849201202,80.2267913818,20883,20893,10
12.8844900131,80.2267913818,20893,20903,10
12.8836603165,80.2267837524,20903,20911,8
12.8827800751,80.2267837524,20911,20925,14
12.8809204102,80.2267837524,20925,20935,10
12.87940979,80.2267990112,20935,20945,10
12.8780002594,80.226890564,20945,20955,10
12.8768396378,80.2269897461,20955,20965,10
12.8764095306,80.2270431519,20965,20975,10
12.8760700226,80.2270431519,20975,20985,10
12.8752298355,80.2269821167,20985,20995,10
12.8740301132,80.2268218994,20995,21019,24
12.8727197647,80.2267608643,21019,21031,12
12.8723201752,80.2267303467,21031,21041,10
12.8714599609,80.2266998291,21041,21049,8
12.8704996109,80.2266387939,21049,21061,12
12.8688001633,80.2264633179,21061,21071,10
12.8672895432,80.2265090942,21071,21081,10
12.8659000397,80.2266311646,21081,21091,10
12.8643703461,80.2266082764,21091,21101,10
12.8628196716,80.2265777588,21101,21112,11
12.8613395691,80.2266616821,21112,21122,10
12.8610601425,80.2266464233,21122,21132,10
12.860830307,80.2266311646,21132,21142,10
12.8601398468,80.2265396118,21142,21152,10
12.859120369,80.2263793945,21152,21162,10
12.8585300446,80.22631073,21162,21172,10
12.8577003479,80.2262878418,21172,21182,10
12.8564996719,80.2264022827,21182,21193,11
12.8548402786,80.2265701294,21193,21203,10
12.8531198502,80.2267227173,21203,21213,10
12.8513202667,80.2266464233,21213,21223,10
12.8495903015,80.2266082764,21223,21233,10
12.8478603363,80.2266082764,21233,21243,10
12.8462400436,80.2266387939,21243,21253,10
12.8455696106,80.2266616821,21253,21263,10
12.845580101,80.2266616821,21263,21273,10
12.845459938,80.2266387939,21273,21284,11
12.8447799683,80.2266769409,21284,21294,10
12.8437204361,80.2267990112,21294,21304,10
12.8423500061,80.2270507813,21304,21314,10
12.8409004211,80.2274169922,21314,21324,10
12.8400602341,80.2276611328,21324,21334,10
12.8395900726,80.2277984619,21334,21344,10
12.8390398026,80.2279281616,21344,21354,10
12.8380098343,80.2281799316,21354,21364,10
12.8366098404,80.2284164429,21364,21374,10
12.8349399567,80.2286682129,21374,21385,11
12.8332700729,80.2289810181,21385,21395,10
12.832570076,80.2291412354,21395,21405,10
12.8325595856,80.229133606,21405,21421,16
12.8318099976,80.2292633057,21421,21433,12
12.8305501938,80.2296600342,21433,21443,10
12.8292102814,80.2301635742,21443,21453,10
12.8277797699,80.2309188843,21453,21463,10
12.8264799118,80.2313766479,21463,21474,11
12.8251600266,80.2314529419,21474,21484,10
12.8240404129,80.2312469482,21484,21494,10
12.8228998184,80.2309112549,21494,21504,10
12.8217201233,80.2305603027,21504,21514,10
12.8205003738,80.2304916382,21514,21524,10
12.8193397522,80.2305297852,21524,21534,10
12.8190803528,80.2305374146,21534,21544,10
12.8186798096,80.2304077148,21544,21554,10
12.8178300858,80.2300109863,21554,21564,10
12.8165998459,80.2295608521,21564,21575,11
12.8150196075,80.2293167114,21575,21585,10
12.8135299683,80.2289886475,21585,21595,10
12.8119401932,80.2284393311,21595,21605,10
12.8103199005,80.2278137207,21605,21615,10
12.8089199066,80.2270812988,21615,21625,10
12.8077297211,80.2260894775,21625,21635,10
12.8067598343,80.2252502441,21635,21645,10
12.8059301376,80.2245025635,21645,21655,10
12.8051300049,80.2240524292,21655,21666,11
12.804889679,80.2240066528,21666,21676,10
12.8044395447,80.2239379883,21676,21686,10
12.8036804199,80.2238922119,21686,21696,10
12.8029403687,80.2238235474,21696,21706,10
12.8020200729,80.2236862183,21706,21716,10
12.800740242,80.2235794067,21716,21726,10
12.799539566,80.2234725952,21726,21736,10
12.7980804443,80.2233276367,21736,21746,10
12.7964200974,80.2230377197,21746,21757,11
12.7946901321,80.2227478027,21757,21767,10
12.7931203842,80.2225189209,21767,21777,10
12.7915296555,80.2221908569,21777,21787,10
12.7900896072,80.2218170166,21787,21797,10
12.7890796661,80.2214889526,21797,21807,10
12.7882204056,80.2211532593,21807,21817,10
12.7875499725,80.2209014893,21817,21827,10
12.7868900299,80.2206573486,21827,21837,10
12.7866201401,80.2205429077,21837,21848,11
12.7864904404,80.2204818726,21848,21858,10
12.7863197327,80.2203979492,21858,21868,10
12.7858695984,80.2202072144,21868,21878,10
12.7851104736,80.2198486328,21878,21888,10
12.7844400406,80.2194824219,21888,21898,10
12.7834796906,80.2189407349,21898,21908,10
12.7822904587,80.2182769775,21908,21918,10
12.7811403275,80.2176513672,21918,21928,10
12.7798299789,80.2169418335,21928,21939,11
12.7782402039,80.2161102295,21939,21949,10
12.7767000198,80.215461731,21949,21959,10
12.7751197815,80.2148208618,21959,21969,10
12.7735500336,80.2141799927,21969,21979,10
12.7721204758,80.2136383057,21979,21989,10
12.7711496353,80.2133331299,21989,21999,10
12.7708797455,80.2132110596,21999,22009,10
12.7703800201,80.2130508423,22009,22019,10
12.7694597244,80.2127304077,22019,22029,10
12.7681703568,80.2122573853,22029,22040,11
12.7665596008,80.2116775513,22040,22050,10
12.765080452,80.2111129761,22050,22060,10
12.7635002136,80.2105331421,22060,22070,10
12.7620000839,80.2099609375,22070,22080,10
12.7606201172,80.2093200684,22080,22090,10
12.7596101761,80.2087783813,22090,22100,10
12.7594604492,80.2086868286,22100,22110,10
12.7589797974,80.2084197998,22110,22120,10
12.7580795288,80.2079162598,22120,22131,11
12.7567796707,80.2071914673,22131,22141,10
12.7553901672,80.2064208984,22141,22151,10
12.7538995743,80.205619812,22151,22161,10
12.7524003983,80.2048187256,22161,22171,10
12.7513999939,80.2043228149,22171,22181,10
12.751250267,80.2042312622,22181,22191,10
12.7506799698,80.2039337158,22191,22201,10
12.749830246,80.2034912109,22201,22211,10
12.7487297058,80.202911377,22211,22222,11
12.7472600937,80.2021713257,22222,22232,10
12.7459201813,80.2014770508,22232,22242,10
12.7445802689,80.2006378174,22242,22252,10
12.7436304092,80.1996383667,22252,22262,10
12.7427196503,80.1985702515,22262,22272,10
12.7418003082,80.1974105835,22272,22282,10
12.7409200668,80.1961669922,22282,22292,10
12.7399902344,80.1948699951,22292,22302,10
12.7390298843,80.1935424805,22302,22313,11
12.7378501892,80.1921386719,22313,22323,10
12.7366600037,80.1909637451,22323,22333,10
12.7356300354,80.1899719238,22333,22343,10
12.7343502045,80.1895294189,22343,22353,10
12.7328996658,80.1893920898,22353,22363,10
12.7316398621,80.189163208,22363,22373,10
12.7305402756,80.1890563965,22373,22383,10
12.7297697067,80.1889572144,22383,22393,10
12.7288103104,80.1888809204,22393,22403,10
12.7277603149,80.1885604858,22403,22414,11
12.7267599106,80.1883163452,22414,22424,10
12.7258501053,80.1881484985,22424,22434,10
12.7252197266,80.1880493164,22434,22450,16
12.725060463,80.1880187988,22450,22462,12
12.724240303,80.1878509521,22462,22472,10
12.7234401703,80.1876373291,22472,22482,10
12.7225103378,80.1874008179,22482,22513,31
12.7225103378,80.1874008179,22513,22523,10
12.722410202,80.1873931885,22523,22533,10
12.722319603,80.187538147,22533,22543,10
12.722319603,80.1875686646,22543,22553,10
12.7222499847,80.18775177,22553,22563,10
12.7219696045,80.1878433228,22563,22573,10
12.7221603394,80.1877975464,22573,23837,1264
12.7221603394,80.1877975464,23837,23847,10
12.7222795486,80.1874771118,23847,23867,20
12.7222795486,80.1874771118,23867,23878,11
12.7223796844,80.1874008179,23878,23888,10
12.7226800919,80.1874465942,23888,23898,10
12.7233104706,80.1876220703,23898,23908,10
12.72397995,80.187789917,23908,23918,10
12.7243995667,80.1878967285,23918,23928,10
12.7245798111,80.1879196167,23928,23938,10
12.7250795364,80.1880111694,23938,23948,10
12.7256803513,80.188117981,23948,23958,10
12.7265396118,80.1882781982,23958,23969,11
12.727640152,80.1885299683,23969,23979,10
12.7287197113,80.188873291,23979,23989,10
12.7294397354,80.1889572144,23989,23999,10
12.7297096252,80.1889572144,23999,24009,10
12.7298297882,80.1889801025,24009,24019,10
12.7300701141,80.1890029907,24019,24029,10
12.7302503586,80.1890182495,24029,24039,10
12.7304601669,80.1890563965,24039,24049,10
12.7311201096,80.1891174316,24049,24060,11
12.7321796417,80.1892623901,24060,24070,10
12.7331895828,80.1894226074,24070,24080,10
12.7344102859,80.1895217896,24080,24090,10
12.7356004715,80.1898803711,24090,24100,10
12.7364501953,80.1906433105,24100,24110,10
12.7372198105,80.1914291382,24110,24120,10
12.7380399704,80.192237854,24120,24130,10
12.7389097214,80.1932601929,24130,24140,10
12.7397003174,80.1943283081,24140,24150,10
12.7405004501,80.1954269409,24150,24161,11
12.7413396835,80.1965789795,24161,24171,10
12.741900444,80.1973724365,24171,24181,10
12.7420196533,80.1975326538,24181,24191,10
12.7424402237,80.1980895996,24191,24201,10
12.7431297302,80.198928833,24201,24211,10
12.7439203262,80.1998519897,24211,24221,10
12.7448196411,80.2007675171,24221,24231,10
12.7460899353,80.201499939,24231,24241,10
12.7476701736,80.202293396,24241,24252,11
12.7494401932,80.2032012939,24252,24262,10
12.7509498596,80.2039718628,24262,24272,10
12.7524404526,80.2047424316,24272,24282,10
12.7540302277,80.205581665,24282,24292,10
12.7555999756,80.2064437866,24292,24302,10
12.7571697235,80.2072982788,24302,24312,10
12.7587604523,80.2081832886,24312,24322,10
12.7600603104,80.2088928223,24322,24332,10
12.7601995468,80.2089614868,24332,24343,11
12.7606401443,80.209197998,24343,24353,10
12.7615098953,80.2096328735,24353,24363,10
12.7627096176,80.2101364136,24363,24373,10
12.7640104294,80.2106399536,24373,24383,10
12.7654600143,80.2111587524,24383,24393,10
12.7669897079,80.2117233276,24393,24403,10
12.7685403824,80.2122802734,24403,24413,10
12.7700395584,80.2128295898,24413,24423,10
12.7710599899,80.213180542,24423,24433,10
12.7711896896,80.213218689,24433,24444,11
12.7718200684,80.2134628296,24444,24454,10
12.7727804184,80.2138214111,24454,24464,10
12.774020195,80.2143173218,24464,24474,10
12.7754898071,80.2149124146,24474,24484,10
12.7770500183,80.2155532837,24484,24494,10
12.7786197662,80.2162399292,24494,24504,10
12.7801799774,80.2170715332,24504,24514,10
12.7817497253,80.2178878784,24514,24525,11
12.7832698822,80.21875,24525,24535,10
12.7842597961,80.2193069458,24535,24545,10
12.7847900391,80.219619751,24545,24555,10
12.7854404449,80.2199478149,24555,24565,10
12.7859601974,80.2202224731,24565,24575,10
12.7864398956,80.2204208374,24575,24595,20
12.7864398956,80.2204208374,24595,24605,10
12.7867202759,80.2205276489,24605,24615,10
12.7871799469,80.220703125,24615,24626,11
12.7876501083,80.2208709717,24626,24636,10
12.7881402969,80.2210617065,24636,24646,10
12.788769722,80.2213134766,24646,24656,10
12.789440155,80.2215499878,24656,24666,10
12.7899303436,80.2217178345,24666,24676,10
12.7903795242,80.2218322754,24676,24686,10
12.7912197113,80.222038269,24686,24696,10
12.7923698425,80.2223205566,24696,24706,10
12.7936296463,80.2225265503,24706,24717,11
12.7951002121,80.2227630615,24717,24726,9
12.7961597443,80.2229232788,24726,24737,11
12.7964801788,80.2229690552,24737,24747,10
12.7966995239,80.2230300903,24747,24757,10
12.7973499298,80.2231521606,24757,24767,10
12.7983102798,80.2232818604,24767,24777,10
12.7995100021,80.2234115601,24777,24787,10
12.8007898331,80.2235183716,24787,24797,10
12.8014202118,80.2235717773,24797,24808,11
12.801440239,80.2235565186,24808,24818,10
12.8018798828,80.2236328125,24818,24828,10
12.8027496338,80.223739624,24828,24838,10
12.8038196564,80.2238616943,24838,24848,10
12.8048295975,80.2239379883,24848,24858,10
12.8055696487,80.2241210938,24858,24868,10
12.8056201935,80.2241592407,24868,24878,10
12.8057699203,80.2242584229,24878,24888,10
12.8062400818,80.2246627808,24888,24899,11
12.8070602417,80.2253570557,24899,24909,10
12.8079299927,80.2260971069,24909,24919,10
12.8088703156,80.2268981934,24919,24929,10
12.8099498749,80.2275619507,24929,24939,10
12.8112001419,80.2280883789,24939,24949,10
12.8125200272,80.2285766602,24949,24959,10
12.8138504028,80.229019165,24959,24969,10
12.8152303696,80.2293014526,24969,24979,10
12.8166399002,80.2294998169,24979,24989,10
12.8179397583,80.2299804688,24989,25000,11
12.8192195892,80.23046875,25000,25010,10
12.8198204041,80.2304382324,25010,25020,10
12.8199501038,80.2304382324,25020,25030,10
12.8205795288,80.2304229736,25030,25040,10
12.8215503693,80.2304611206,25040,25050,10
12.8220596313,80.2305831909,25050,25060,10
12.8226099014,80.2307434082,25060,25070,10
12.8235502243,80.231010437,25070,25080,10
12.8247203827,80.2312774658,25080,25091,11
12.8261995316,80.2313232422,25091,25101,10
12.8275098801,80.231010437,25101,25111,10
12.8287401199,80.2303237915,25111,25121,10
12.8300895691,80.2297363281,25121,25131,10
12.8310203552,80.229347229,25131,25141,10
12.8310604095,80.2293395996,25141,25151,10
12.8311901093,80.229309082,25151,25161,10
12.8316202164,80.2291793823,25161,25171,10
12.832400322,80.2290267944,25171,25182,11
12.8336400986,80.2287979126,25182,25192,10
12.8350000381,80.2285614014,25192,25202,10
12.8364896774,80.2283477783,25202,25212,10
12.8379402161,80.2281112671,25212,25222,10
12.8390302658,80.2278366089,25222,25232,10
12.8394098282,80.2277526855,25232,25241,9
12.8395795822,80.2276992798,25241,25252,11
12.8397502899,80.2276535034,25252,25262,10
12.8403596878,80.2274780273,25262,25273,11
12.8414297104,80.227180481,25273,25283,10
12.8426704407,80.2268676758,25283,25293,10
12.844039917,80.2266464233,25293,25303,10
12.8454399109,80.2265167236,25303,25323,20
12.8454399109,80.2265167236,25323,25333,10
12.8456401825,80.2265319824,25333,25343,10
12.8461799622,80.2265396118,25343,25353,10
12.8471298218,80.2265396118,25353,25363,10
12.8482999802,80.2265472412,25363,25374,11
12.8497495651,80.2265396118,25374,25384,10
12.851099968,80.2265777588,25384,25394,10
12.8524703979,80.2266387939,25394,25404,10
12.8538999557,80.226600647,25404,25414,10
12.8553695679,80.2264404297,25414,25424,10
12.8568696976,80.2262802124,25424,25434,10
12.8582601547,80.2261886597,25434,25444,10
12.8595304489,80.2263412476,25444,25454,10
12.8606595993,80.2264709473,25454,25465,11
12.8607702255,80.2264785767,25465,25475,10
12.8610401154,80.2265167236,25475,25485,10
12.861700058,80.2265319824,25485,25495,10
12.8627300262,80.2264709473,25495,25505,10
12.8640403748,80.2264785767,25505,25515,10
12.8654603958,80.2265319824,25515,25525,10
12.866900444,80.2264404297,25525,25535,10
12.8683395386,80.2263183594,25535,25545,10
12.869799614,80.2264633179,25545,25556,11
12.8713903427,80.2265930176,25556,25566,10
12.8725204468,80.2266082764,25566,25576,10
12.8727798462,80.2266082764,25576,25586,10
12.8731002808,80.2266311646,25586,25596,10
12.8738603592,80.2266769409,25596,25606,10
12.8749599457,80.2268066406,25606,25616,10
12.8761301041,80.2268981934,25616,25626,10
12.8767004013,80.2268676758,25626,25636,10
12.8768796921,80.2268600464,25636,25647,11
12.8775997162,80.2267990112,25647,25657,10
12.8786497116,80.2267303467,25657,25667,10
12.8799495697,80.2266769409,25667,25677,10
12.8814096451,80.2266693115,25677,25687,10
12.8829097748,80.2266464233,25687,25697,10
12.8843002319,80.2266235352,25697,25707,10
12.8851804733,80.2266387939,25707,25717,10
12.8851900101,80.2266387939,25717,25727,10
12.8854999542,80.2266998291,25727,25738,11
12.8862895966,80.2268981934,25738,25748,10
12.8873300552,80.2271499634,25748,25758,10
12.8886203766,80.2273025513,25758,25768,10
12.889960289,80.2273025513,25768,25778,10
12.8914003372,80.2273178101,25778,25788,10
12.8927602768,80.2273788452,25788,25798,10
12.8940401077,80.2275390625,25798,25808,10
12.8957099915,80.2276229858,25808,25818,10
12.8972597122,80.2276992798,25818,25828,10
12.8986701965,80.2277832031,25828,25839,11
12.9000196457,80.2278289795,25839,25849,10
12.9006700516,80.2278137207,25849,25859,10
12.9007997513,80.2278213501,25859,25869,10
12.9012098312,80.227897644,25869,25879,10
12.9019603729,80.2279281616,25879,25889,10
12.9026603699,80.2279586792,25889,25899,10
12.9030303955,80.2279434204,25899,25909,10
12.9031095505,80.2279434204,25909,25919,10
12.9036302567,80.228012085,25919,25930,11
12.9046497345,80.2280807495,25930,25940,10
12.9062900543,80.2281494141,25940,25980,40
12.9062900543,80.2281494141,25980,25990,10
12.906370163,80.2281112671,25990,26000,10
12.9066896439,80.2281494141,26000,26010,10
12.907409668,80.2282562256,26010,26021,11
12.9086198807,80.2284469604,26021,26031,10
12.9100103378,80.2286834717,26031,26041,10
12.9114999771,80.2289199829,26041,26051,10
12.912899971,80.2291183472,26051,26061,10
12.9139299393,80.2292480469,26061,26071,10
12.9140796661,80.2292633057,26071,26081,10
12.9144096375,80.2293167114,26081,26091,10
12.9151096344,80.2294311523,26091,26101,10
12.916179657,80.2295837402,26101,26112,11
12.9176101685,80.2297821045,26112,26121,9
12.9188404083,80.2299499512,26121,26132,11
12.9202804565,80.2301483154,26132,26142,10
12.9217100143,80.2303390503,26142,26152,10
12.9231595993,80.2305603027,26152,26162,10
12.9245595932,80.23072052,26162,26172,10
12.9258098602,80.2308731079,26172,26182,10
12.9269399643,80.2310028076,26182,26192,10
12.9280996323,80.2311401367,26192,26202,10
12.9291801453,80.231338501,26202,26213,11
12.9303798676,80.231628418,26213,26223,10
12.9313602448,80.231918335,26223,26233,10
12.9323596954,80.2322235107,26233,26243,10
12.9333600998,80.2325973511,26243,26253,10
12.9336996078,80.2327423096,26253,26263,10
12.9339799881,80.2328796387,26263,26273,10
12.9343204498,80.2330169678,26273,26283,10
12.9350004196,80.2333374023,26283,26293,10
12.9359302521,80.2337722778,26293,26304,11
12.9371900558,80.2343826294,26304,26313,9
12.9383296967,80.234916687,26313,26324,11
12.9395103455,80.2355194092,26324,26334,10
12.9396600723,80.2355804443,26334,26344,10
12.9399299622,80.2357177734,26344,26354,10
12.9406604767,80.2359619141,26354,26364,10
12.9417295456,80.2362213135,26364,26374,10
12.9429197311,80.2366714478,26374,26384,10
12.9439001083,80.2375793457,26384,26395,11
12.9449501038,80.2386779785,26395,26405,10
12.9460296631,80.239440918,26405,26415,10
12.9471101761,80.2398681641,26415,26425,10
12.947259903,80.2399291992,26425,26435,10
12.9475297928,80.2400588989,26435,26445,10
12.9482498169,80.2403717041,26445,26455,10
12.9492502213,80.2407836914,26455,26465,10
12.9504098892,80.2411270142,26465,26475,10
12.9508800507,80.2412490845,26475,26492,17
12.9512996674,80.2414169312,26492,26504,12
12.9522600174,80.2417907715,26504,26514,10
12.9533500671,80.2422103882,26514,26523,9
12.9542398453,80.2425613403,26523,26535,12
12.9550800323,80.2428817749,26535,26545,10
12.9558801651,80.2431182861,26545,26555,10
12.9565200806,80.243347168,26555,26565,10
12.9571304321,80.2436599731,26565,26576,11
12.9581203461,80.244102478,26576,26585,9
12.9586801529,80.2443237305,26585,26596,11
12.9587602615,80.2443618774,26596,26606,10
12.9591999054,80.2445526123,26606,26616,10
12.9598398209,80.2448883057,26616,26626,10
12.9605302811,80.2452011108,26626,26636,10
12.9614295959,80.2456283569,26636,26646,10
12.9624595642,80.2461395264,26646,26656,10
12.9633798599,80.2465820313,26656,26677,21
12.9633798599,80.2465820313,26677,26687,10
12.9636602402,80.2467193604,26687,26697,10
12.9642496109,80.246963501,26697,26707,10
12.9652299881,80.2473220825,26707,26717,10
12.966340065,80.247718811,26717,26727,10
12.9668703079,80.2479324341,26727,26737,10
12.9668998718,80.2479476929,26737,26747,10
12.9669399261,80.2479934692,26747,26763,16
12.9677696228,80.2483825684,26763,26776,13
12.96916008,80.2489395142,26776,26786,10
12.9704399109,80.2494430542,26786,26795,9
12.9715995789,80.249786377,26795,26805,10
12.9727096558,80.2500991821,26805,26816,11
12.9741802216,80.2504882813,26816,26826,10
12.9754104614,80.2508392334,26826,26836,10
12.9765701294,80.251159668,26836,26846,10
12.9776697159,80.251663208,26846,26858,12
12.9784803391,80.252281189,26858,26867,9
12.9786396027,80.2523574829,26867,26878,11
12.9786996841,80.2523880005,26878,26888,10
12.979060173,80.2525177002,26888,26898,10
12.9793395996,80.2525405884,26898,26908,10
12.9794301987,80.2525482178,26908,26918,10
12.9795598984,80.2525634766,26918,26928,10
12.9797000885,80.2525787354,26928,26938,10
12.9801797867,80.2526321411,26938,26949,11
12.9811897278,80.2526016235,26949,26959,10
12.9822597504,80.2525787354,26959,26969,10
12.9834804535,80.252456665,26969,26980,11
12.9848203659,80.2521209717,26980,26990,10
12.9858398438,80.2518463135,26990,27000,10
12.9865198135,80.2516784668,27000,27010,10
12.9868602753,80.2516021729,27010,27051,41
12.9868602753,80.2516021729,27051,27061,10
12.9871797562,80.2515106201,27061,27071,10
12.987660408,80.2513809204,27071,27081,10
12.9883403778,80.2512130737,27081,27091,10
12.9892702103,80.2509536743,27091,27101,10
12.9895000458,80.2508773804,27101,27111,10
12.9896697998,80.2508621216,27111,27121,10
12.9902601242,80.2507171631,27121,27132,11
12.9915399551,80.2504119873,27132,27142,10
12.9928703308,80.2500915527,27142,27152,10
12.9942998886,80.2497177124,27152,27162,10
12.9956798553,80.2493591309,27162,27172,10
12.9965295792,80.2490997314,27172,27181,9
12.9967699051,80.2490386963,27181,27192,11
12.9974803925,80.2489013672,27192,27202,10
12.998550415,80.2486419678,27202,27212,10
12.999879837,80.248298645,27212,27222,10
13.0012598038,80.2479629517,27222,27233,11
13.001999855,80.2477798462,27233,27243,10
13.0024204254,80.2476730347,27243,27253,10
13.0032501221,80.2475280762,27253,27263,10
13.0043697357,80.2473602295,27263,27273,10
13.0055198669,80.2471694946,27273,27283,10
13.0063400269,80.2468032837,27283,27293,10
13.0064897537,80.2464675903,27293,27303,10
13.0065202713,80.246421814,27303,27313,10
13.0066204071,80.2459869385,27313,27324,11
13.0066604614,80.245262146,27324,27334,10
13.0066604614,80.2443237305,27334,27344,10
13.0066299438,80.2432327271,27344,27354,10
13.0065898895,80.2419509888,27354,27364,10
13.006649971,80.2409362793,27364,27374,10
13.0067596436,80.2404174805,27374,27384,10
13.0069198608,80.2394638062,27384,27394,10
13.0071496964,80.2382507324,27394,27404,10
13.0073795319,80.2371826172,27404,27415,11
13.0074100494,80.2367630005,27415,27425,10
13.0074701309,80.236541748,27425,27435,10
13.0076503754,80.2358322144,27435,27445,10
13.0078401566,80.2348403931,27445,27455,10
13.0080900192,80.2336196899,27455,27465,10
13.0083398819,80.2323379517,27465,27475,10
13.0086202621,80.2309570313,27475,27485,10
13.0088596344,80.2297592163,27485,27495,10
13.0091400146,80.2283706665,27495,27506,11
13.0096797943,80.2270584106,27506,27516,10
13.0102100372,80.2259674072,27516,27526,10
13.01060009,80.2251586914,27526,27536,10
13.0106801987,80.2249984741,27536,27546,10
13.010890007,80.2245864868,27546,27556,10
13.0112800598,80.2236480713,27556,27566,10
13.0114603043,80.2232666016,27566,27576,10
13.0115299225,80.2230834961,27576,27586,10
13.0118103027,80.222328186,27586,27597,11
13.012260437,80.2215499878,27597,27607,10
13.0126800537,80.222038269,27607,27617,10
13.0134000778,80.2227935791,27617,27627,10
13.0141000748,80.2234191895,27627,27637,10
13.0144100189,80.2238082886,27637,27647,10
13.0148296356,80.2243728638,27647,27657,10
13.0156097412,80.2250366211,27657,27677,20
13.0156097412,80.2250366211,27677,27688,11
13.0159597397,80.2253036499,27688,27698,10
13.0167102814,80.2252502441,27698,27708,10
13.0176401138,80.2249069214,27708,27718,10
13.0187196732,80.2244796753,27718,27728,10
13.019780159,80.2245864868,27728,27738,10
13.0206003189,80.2251663208,27738,27748,10
13.021229744,80.2256317139,27748,27758,10
13.0219202042,80.2261428833,27758,27768,10
13.0225000381,80.2265777588,27768,27779,11
13.0225200653,80.226600647,27779,27789,10
13.0228595734,80.2269134521,27789,27799,10
13.0234603882,80.2274932861,27799,27809,10
13.0240402222,80.2279968262,27809,27819,10
13.024430275,80.2284927368,27819,27829,10
13.0247802734,80.2290115356,27829,27838,9
13.0251598358,80.2295227051,27838,27848,10
13.0256700516,80.2302322388,27848,27859,11
13.0259504318,80.230796814,27859,27869,10
13.0259304047,80.230796814,27869,27880,11
13.0260601044,80.2311706543,27880,27890,10
13.026140213,80.231552124,27890,27900,10
13.0263595581,80.2323379517,27900,27910,10
13.0268096924,80.2332992554,27910,27920,10
13.0274000168,80.2342834473,27920,27930,10
13.0278396606,80.2351226807,27930,27940,10
13.0284795761,80.2359695435,27940,27950,10
13.0291404724,80.236656189,27950,27960,10
13.0296802521,80.2372589111,27960,27971,11
13.0298700333,80.2375335693,27971,27981,10
13.0302600861,80.2381362915,27981,27991,10
13.0306997299,80.238861084,27991,28001,10
13.0310201645,80.2394332886,28001,28011,10
13.0311002731,80.2395629883,28011,28021,10
13.0312004089,80.2398300171,28021,28031,10
13.0314502716,80.2403793335,28031,28041,10
13.0316896439,80.2412033081,28041,28051,10
13.0320997238,80.2420501709,28051,28061,10
13.0326404572,80.24269104,28061,28072,11
13.0332298279,80.2434768677,28072,28082,10
13.0337696075,80.244178772,28082,28092,10
13.0342702866,80.2448806763,28092,28102,10
13.034819603,80.245552063,28102,28112,10
13.0352296829,80.2459335327,28112,28121,9
13.0352897644,80.2459716797,28121,28132,11
13.0353803635,80.2460479736,28132,28142,10
13.0358896255,80.2462768555,28142,28153,11
13.0367298126,80.2464981079,28153,28163,10
13.0374803543,80.2464599609,28163,28173,10
13.0381498337,80.24659729,28173,28183,10
13.0388402939,80.2467880249,28183,28193,10
13.0396900177,80.2469787598,28193,28203,10
13.0408201218,80.247177124,28203,28213,10
13.0419998169,80.247428894,28213,28223,10
13.0429801941,80.247756958,28223,28233,10
13.0439195633,80.2478179932,28233,28244,11
13.0447101593,80.2479400635,28244,28254,10
13.04529953,80.2482070923,28254,28264,10
13.045920372,80.2484664917,28264,28274,10
13.0465202332,80.2484893799,28274,28284,10
13.0470399857,80.2484207153,28284,28294,10
13.04708004,80.2484283447,28294,28304,10
13.0474996567,80.2486801147,28304,28320,16
13.0484895706,80.2496032715,28320,28332,12
13.0494098663,80.2497634888,28332,28343,11
13.0509500504,80.2500762939,28343,28353,10
13.0520401001,80.2506484985,28353,28363,10
13.0527601242,80.2515716553,28363,28373,10
13.0535497665,80.2526016235,28373,28383,10
13.0542402267,80.2535476685,28383,28393,10
13.0549602509,80.2544937134,28393,28403,10
13.0555400848,80.2552566528,28403,28413,10
13.0561504364,80.2561035156,28413,28423,10
13.05671978,80.2567214966,28423,28434,11
13.0576496124,80.2575073242,28434,28444,10
13.058259964,80.2581863403,28444,28454,10
13.0588302612,80.2589263916,28454,28464,10
13.0591897964,80.2595367432,28464,28474,10
13.0595903397,80.2600479126,28474,28495,21
13.0607004166,80.261138916,28495,28507,12
13.060790062,80.2612762451,28507,28517,10
13.0608901978,80.2614517212,28517,28527,10
13.0612602234,80.2618713379,28527,28538,11
13.0616502762,80.2623596191,28538,28547,9
13.0619401932,80.2628173828,28547,28558,11
13.0619697571,80.262840271,28558,28568,10
13.0621299744,80.2630310059,28568,28578,10
13.0625600815,80.2635269165,28578,28588,10
13.0633001328,80.2644271851,28588,28598,10
13.0639295578,80.2654037476,28598,28608,10
13.0645799637,80.2662277222,28608,28619,11
13.065079689,80.2668380737,28619,28629,10
13.0656299591,80.2672271729,28629,28639,10
13.0657396317,80.2673568726,28639,28648,9
13.0659399033,80.267616272,28648,28658,10
13.0663795471,80.2681808472,28658,28669,11
13.0667104721,80.268447876,28669,28678,9
13.067150116,80.2686920166,28678,28688,10
13.0679197311,80.2691802979,28688,28699,11
13.0682897568,80.2697219849,28699,28710,11
13.0682001114,80.2705383301,28710,28720,10
13.0681695938,80.2712478638,28720,28730,10
13.0687198639,80.2718200684,28730,28739,9
13.0693798065,80.2722396851,28739,28750,11
13.0700798035,80.2730026245,28750,28760,10
13.0706796646,80.2737731934,28760,28770,10
13.0710000992,80.274017334,28770,28780,10
13.0713500977,80.2741622925,28780,28790,10
13.0713701248,80.2741622925,28790,28801,11
13.0718002319,80.2743911743,28801,28811,10
13.072429657,80.2750473022,28811,28821,10
13.0731401443,80.2758102417,28821,28831,10
13.0736999512,80.2763366699,28831,28841,10
13.0745401382,80.2763519287,28841,28851,10
13.0753898621,80.2763214111,28851,28861,10
13.0761995316,80.2762908936,28861,28871,10
13.0769300461,80.2762527466,28871,28881,10
13.0776796341,80.2761993408,28881,28892,11
13.0782003403,80.2758178711,28892,28902,10
13.0786104202,80.275177002,28902,28912,10
13.0795001984,80.2752532959,28912,28922,10
13.0804595947,80.2752380371,28922,28932,10
13.0812997818,80.2751464844,28932,28952,20
13.0812997818,80.2751464844,28952,28962,10
13.0813703537,80.2751464844,28962,28972,10
13.0816602707,80.275138855,28972,28982,10
13.0820598602,80.2753372192,28982,29670,688
13.0820598602,80.2753372192,29670,29680,10
13.0820999146,80.2757415771,29680,30713,1033
13.0820999146,80.2757415771,30713,30723,10
13.0821199417,80.2758636475,30723,30733,10
13.0819196701,80.2760162354,30733,30743,10
13.081870079,80.2763366699,30743,30754,11
13.081990242,80.2772369385,30754,30764,10
13.0822095871,80.2779998779,30764,30774,10
13.082859993,80.2780532837,30774,30784,10
13.0833101273,80.2780914307,30784,30794,10
13.0834503174,80.2784118652,30794,30804,10
13.0835599899,80.2789230347,30804,30814,10
13.0832099915,80.2789001465,30814,30824,10
13.0825004578,80.2786026001,30824,30845,21
13.0825004578,80.2786026001,30845,30855,10
13.0823297501,80.2785186768,30855,30865,10
13.0820302963,80.2783203125,30865,30875,10
13.0819196701,80.2777175903,30875,30885,10
13.081870079,80.2773590088,30885,30895,10
13.0818195343,80.2769012451,30895,30905,10
13.0817699432,80.2765274048,30905,30915,10
13.0817699432,80.2764892578,30915,30925,10
13.0817499161,80.2763214111,30925,30936,11
13.0817203522,80.2761383057,30936,30946,10
13.081609726,80.2758331299,30946,30996,50
13.081609726,80.2758331299,30996,31006,10
13.0815496445,80.2755126953,31006,31047,41
13.0815496445,80.2755126953,31047,31057,10
13.0815095901,80.2753067017,31057,31067,10
13.0813398361,80.2751998901,31067,31077,10
13.0808696747,80.2752609253,31077,31087,10
13.0802497864,80.2753219604,31087,31097,10
13.0794696808,80.2753295898,31097,31107,10
13.0785799026,80.2752380371,31107,31117,10
13.0781497955,80.2760620117,31117,31128,11
13.0772800446,80.276260376,31128,31138,10
13.076379776,80.2763214111,31138,31148,10
13.0754804611,80.2763519287,31148,31158,10
13.0745601654,80.2763900757,31158,31168,10
13.0736598969,80.2764892578,31168,31178,10
13.0730800629,80.2760620117,31178,31269,91
13.0730800629,80.2760620117,31269,31279,10
13.0728998184,80.2757873535,31279,31289,10
13.072520256,80.2753067017,31289,31299,10
13.0720300674,80.2747879028,31299,31310,11
13.0718603134,80.2746582031,31310,31320,10
13.071439743,80.274520874,31320,31330,10
13.0709199905,80.2743988037,31330,31340,10
13.0708198547,80.274307251,31340,31350,10
13.0706396103,80.2740783691,31350,31360,10
13.0703802109,80.2735214233,31360,31370,10
13.0698404312,80.2728805542,31370,31380,10
13.0691900253,80.2721862793,31380,31390,10
13.0685195923,80.2718429565,31390,31400,10
13.0679798126,80.2712020874,31400,31411,11
13.067489624,80.2705764771,31411,31421,10
13.0667800903,80.2698822021,31421,31432,11
13.0664100647,80.2689285278,31432,31442,10
13.0660400391,80.2680587769,31442,31452,10
13.0655603409,80.2677001953,31452,31462,10
13.065369606,80.2676086426,31462,31472,10
13.0650196075,80.2675704956,31472,31482,10
13.0649795532,80.267539978,31482,31492,10
13.0645999908,80.2674865723,31492,31503,11
13.0637702942,80.2673568726,31503,31513,10
13.0628900528,80.2672119141,31513,31523,10
13.0621099472,80.266418457,31523,31532,9
13.0614995956,80.2656478882,31532,31543,11
13.060790062,80.2652587891,31543,31553,10
13.0605602264,80.2654190063,31553,31562,9
13.0604896545,80.2654190063,31562,31573,11
13.0600700378,80.2655792236,31573,31583,10
13.0593204498,80.2655487061,31583,31594,11
13.0585603714,80.2653808594,31594,31604,10
13.0580596924,80.2647323608,31604,31614,10
13.0579395294,80.263923645,31614,31624,10
13.057800293,80.2629013062,31624,31634,10
13.0576400757,80.2617874146,31634,31644,10
13.0573797226,80.2606430054,31644,31654,10
13.0570001602,80.2592926025,31654,31664,10
13.0566902161,80.2581787109,31664,31674,10
13.0565004349,80.2573013306,31674,31695,21
13.0565004349,80.2573013306,31695,31705,10
13.0564899445,80.2572402954,31705,31715,10
13.0563802719,80.2568435669,31715,31725,10
13.0560703278,80.2561798096,31725,31735,10
13.0555295944,80.2554168701,31735,31745,10
13.0548801422,80.2545318604,31745,31755,10
13.0541601181,80.2535629272,31755,31765,10
13.0535001755,80.2526168823,31765,31775,10
13.0528001785,80.2516708374,31775,31786,11
13.0520601273,80.2507019043,31786,31796,10
13.0511302948,80.2500762939,31796,31806,10
13.0499000549,80.2498321533,31806,31816,10
13.0486698151,80.2496795654,31816,31826,10
13.0476999283,80.2490463257,31826,31836,10
13.046959877,80.248626709,31836,31846,10
13.0469102859,80.248626709,31846,31856,10
13.0468597412,80.2486419678,31856,31866,10
13.0464401245,80.2485961914,31866,31876,10
13.0456495285,80.2483825684,31876,31893,17
13.0441198349,80.2479782104,31893,31905,12
13.0430898666,80.2478027344,31905,31915,10
13.0422201157,80.2475891113,31915,31925,10
13.0413303375,80.2474212646,31925,31935,10
13.0403900146,80.2472229004,31935,31945,10
13.0395002365,80.2470092773,31945,31955,10
13.0390195847,80.2468566895,31955,31965,10
13.0387201309,80.2468338013,31965,31976,11
13.0383996964,80.2467727661,31976,31986,10
13.0381402969,80.2467575073,31986,31996,10
13.0376300812,80.2466812134,31996,32006,10
13.0371198654,80.2465820313,32006,32016,10
13.0368299484,80.2465209961,32016,32026,10
13.0365200043,80.2463989258,32026,32036,10
13.0358896255,80.2462692261,32036,32046,10
13.0353803635,80.2461166382,32046,32067,21
13.0353803635,80.2461166382,32067,32077,10
13.0352096558,80.2460021973,32077,32087,10
13.0348300934,80.2456893921,32087,32097,10
13.034330368,80.2450485229,32097,32107,10
13.0337200165,80.2443008423,32107,32117,10
13.032959938,80.2434616089,32117,32127,10
13.0322999954,80.242477417,32127,32137,10
13.0318803787,80.2417907715,32137,32147,10
13.0317401886,80.2414779663,32147,32158,11
13.0315904617,80.2411499023,32158,32168,10
13.0313196182,80.2405929565,32168,32178,10
13.0310001373,80.2397918701,32178,32188,10
13.0304698944,80.238822937,32188,32198,10
13.0298995972,80.2378234863,32198,32208,10
13.0292196274,80.2368774414,32208,32218,10
13.0288496017,80.2365264893,32218,32228,10
13.0287599564,80.2364425659,32228,32238,10
13.0284004211,80.236038208,32238,32248,10
13.0278396606,80.2353210449,32248,32259,11
13.0271997452,80.2341918945,32259,32269,10
13.0265903473,80.2331924438,32269,32279,10
13.0261802673,80.232208252,32279,32289,10
13.0260095596,80.231590271,32289,32299,10
13.0258903503,80.2310409546,32299,32315,16
13.0247802734,80.2292785645,32315,32337,22
13.0247802734,80.2292785645,32337,32347,10
13.0246496201,80.2291030884,32347,32358,11
13.024430275,80.2288208008,32358,32368,10
13.0242204666,80.2285385132,32368,32378,10
13.0238399506,80.2280883789,32378,32388,10
13.0232000351,80.2274169922,32388,32408,20
13.0232000351,80.2274169922,32408,32418,10
13.0230503082,80.2272491455,32418,32428,10
13.022480011,80.2266998291,32428,32438,10
13.0217199326,80.2260665894,32438,32449,11
13.0209102631,80.2254180908,32449,32459,10
13.0200996399,80.224899292,32459,32469,10
13.0195903778,80.2244796753,32469,32479,10
13.0187501907,80.2245330811,32479,32489,10
13.0176801682,80.2249832153,32489,32499,10
13.0165596008,80.2254333496,32499,32508,9
13.0159196854,80.2256393433,32508,32518,10
13.0151796341,80.2259597778,32518,32529,11
13.0150299072,80.226020813,32529,32540,11
13.0147199631,80.2260971069,32540,32550,10
13.0141801834,80.2263336182,32550,32560,10
13.0140304565,80.2264099121,32560,32570,10
13.0138902664,80.2264404297,32570,32580,10
13.0133495331,80.2266082764,32580,32590,10
13.0125703812,80.2268981934,32590,32600,10
13.0115804672,80.2273101807,32600,32610,10
13.0104398727,80.2277679443,32610,32620,10
13.0093803406,80.2282409668,32620,32631,11
13.0090398788,80.2292175293,32631,32641,10
13.0088195801,80.2304229736,32641,32651,10
13.0085697174,80.2320404053,32651,32671,20
13.0085697174,80.2320404053,32671,32681,10
13.008480072,80.2323074341,32681,32691,10
13.0083799362,80.2329177856,32691,32700,9
13.0082998276,80.2333908081,32700,32710,10
13.0082798004,80.2334594727,32710,32722,12
13.0081501007,80.2339477539,32722,32732,10
13.0080604553,80.2344436646,32732,32742,10
13.0079202652,80.2351074219,32742,32752,10
13.0077896118,80.2358169556,32752,32762,10
13.007610321,80.2366790771,32762,32772,10
13.007399559,80.2376785278,32772,32782,10
13.0072402954,80.2384719849,32782,32792,10
13.0071001053,80.2391967773,32792,32802,10
13.0069303513,80.2399902344,32802,32812,10
13.0067501068,80.2409210205,32812,32823,11
13.0066795349,80.2420501709,32823,32833,10
13.0066900253,80.2430267334,32833,32843,10
13.0066795349,80.243850708,32843,32853,10
13.0066795349,80.2448272705,32853,32863,10
13.0066900253,80.2453689575,32863,32873,10
13.0067195892,80.2459106445,32873,32883,10
13.0067501068,80.2464599609,32883,32893,10
13.0067796707,80.2468566895,32893,32903,10
13.0067596436,80.2471008301,32903,32914,11
13.0067596436,80.2472076416,32914,32924,10
13.0064697266,80.2473678589,32924,32934,10
13.0059995651,80.2474212646,32934,32964,30
13.0059995651,80.2474212646,32964,32974,10
13.0058803558,80.2474365234,32974,32984,10
13.0057601929,80.2473831177,32984,32994,10
13.0052700043,80.2473983765,32994,33005,11
13.0043401718,80.2474822998,33005,33015,10
13.0033597946,80.2476196289,33015,33025,10
13.002530098,80.2477493286,33025,33035,10
13.0018901825,80.2479019165,33035,33045,10
13.0011301041,80.2480773926,33045,33055,10
13.0002002716,80.2483291626,33055,33065,10
12.9990997314,80.2485961914,33065,33075,10
12.9983997345,80.2488021851,33075,33085,10
12.9983997345,80.2488098145,33085,33096,11
12.998169899,80.2488479614,33096,33106,10
12.9976100922,80.2489624023,33106,33116,10
12.9967098236,80.2491836548,33116,33126,10
12.995639801,80.2494735718,33126,33136,10
12.9944400787,80.2497787476,33136,33146,10
12.9931497574,80.2500991821,33146,33156,10
12.9918603897,80.2504196167,33156,33166,10
12.9909296036,80.2506637573,33166,33176,10
12.9904298782,80.2508010864,33176,33510,334
12.9904298782,80.2508010864,33510,33520,10
12.9902296066,80.250831604,33520,33530,10
12.9897003174,80.2509613037,33530,33540,10
12.9893798828,80.2510528564,33540,33550,10
12.9891004562,80.251121521,33550,33561,11
12.9888601303,80.2511825562,33561,33571,10
12.9884195328,80.2512969971,33571,33580,9
12.9879999161,80.2514038086,33580,33591,11
12.9874897003,80.2514801025,33591,33601,10
12.9869403839,80.2516403198,33601,33611,10
12.986410141,80.2517776489,33611,33621,10
12.9856700897,80.2519607544,33621,33631,10
12.9846496582,80.252243042,33631,33641,10
12.9834604263,80.2525405884,33641,33652,11
12.9821796417,80.2526473999,33652,33662,10
12.9814796448,80.2526626587,33662,33672,10
12.9812202454,80.2526626587,33672,33682,10
12.9808797836,80.2526779175,33682,33692,10
12.9807195663,80.2526931763,33692,33702,10
12.9805402756,80.2527008057,33702,33738,36
12.9805402756,80.2527008057,33738,33751,13
12.9801998138,80.2527389526,33751,33761,10
12.9798698425,80.2527008057,33761,33771,10
12.9787397385,80.2526016235,33771,33791,20
12.9787397385,80.2526016235,33791,33801,10
12.9784698486,80.2524337769,33801,33810,9
12.9778795242,80.2519378662,33810,33821,11
12.976849556,80.2512893677,33821,33831,10
12.9755601883,80.2509078979,33831,33842,11
12.9743003845,80.2505569458,33842,33852,10
12.9732198715,80.2502670288,33852,33862,10
12.9721403122,80.2499923706,33862,33872,10
12.9709796906,80.2496795654,33872,33882,10
12.9697999954,80.2492599487,33882,33892,10
12.9686403275,80.2488021851,33892,33902,10
12.9675102234,80.2483596802,33902,33912,10
12.9665002823,80.2478713989,33912,33922,10
12.9651002884,80.2473602295,33922,33953,31
12.9651002884,80.2473602295,33953,33963,10
12.9648399353,80.2472686768,33963,33973,10
12.9643096924,80.2470474243,33973,33983,10
12.9639196396,80.2468795776,33983,33993,10
12.9638900757,80.2468566895,33993,34009,16
12.963350296,80.2466201782,34009,34021,12
12.9623699188,80.2461624146,34021,34032,11
12.9611902237,80.2455673218,34032,34042,10
12.959980011,80.2450485229,34042,34052,10
12.9593601227,80.2447967529,34052,34071,19
12.9593601227,80.2447967529,34071,34082,11
12.9591398239,80.2446594238,34082,34092,10
12.9591398239,80.2446594238,34092,34102,10
12.9586000443,80.2444076538,34102,34112,10
12.9578800201,80.2441177368,34112,34123,11
12.9569797516,80.2438430786,34123,34133,10
12.9563703537,80.2436218262,34133,34143,10
12.9560203552,80.2434387207,34143,34153,10
12.955329895,80.2431030273,34153,34163,10
12.9544296265,80.2426986694,34163,34173,10
12.9533596039,80.2422637939,34173,34183,10
12.9517202377,80.2416687012,34183,34214,31
12.9517202377,80.2416687012,34214,34224,10
12.9514703751,80.2415771484,34224,34234,10
12.9508104324,80.2413635254,34234,34244,10
12.9498996735,80.2410736084,34244,34254,10
12.9491796494,80.2408676147,34254,34264,10
12.9487800598,80.2406692505,34264,34274,10
12.9480600357,80.2403793335,34274,34284,10
12.9471797943,80.2400436401,34284,34304,20
12.9471797943,80.2400436401,34304,34315,11
12.9468803406,80.2399215698,34315,34325,10
12.9461698532,80.2396621704,34325,34335,10
12.9454402924,80.2392272949,34335,34345,10
12.9446697235,80.2384796143,34345,34355,10
12.9438295364,80.2375717163,34355,34365,10
12.9428300858,80.2367019653,34365,34375,10
12.9417295456,80.2362976074,34375,34385,10
12.9409503937,80.2361221313,34385,34395,10
12.9405698776,80.236038208,34395,34406,11
12.9405202866,80.2360305786,34406,34416,10
12.940369606,80.2359771729,34416,34426,10
12.940079689,80.2358779907,34426,34446,20
12.940079689,80.2358779907,34446,34456,10
12.9399995804,80.2358474731,34456,34472,16
12.9392995834,80.2355194092,34472,34484,12
12.938750267,80.2352905273,34484,34525,41
12.938750267,80.2352905273,34525,34535,10
12.9386997223,80.2352294922,34535,34545,10
12.9384298325,80.2351379395,34545,34555,10
12.9381799698,80.2350387573,34555,34565,10
12.9377202988,80.2348175049,34565,34574,9
12.9372396469,80.2345733643,34574,34585,11
12.9365901947,80.2342529297,34585,34596,11
12.9361600876,80.2340621948,34596,34605,9
12.936050415,80.2340011597,34605,34616,11
12.9358596802,80.2339096069,34616,34626,10
12.9357795715,80.2338409424,34626,34636,10
12.9356403351,80.2337493896,34636,34646,10
12.9351902008,80.2335968018,34646,34656,10
12.9340801239,80.2331008911,34656,34676,20
12.9340801239,80.2331008911,34676,34687,11
12.934009552,80.2330474854,34687,34697,10
12.933839798,80.2329406738,34697,34707,10
12.9333496094,80.2326965332,34707,34716,9
12.9327898026,80.2324523926,34716,34727,11
12.9322500229,80.2322463989,34727,34737,10
12.9317798615,80.2321014404,34737,34747,10
12.9312601089,80.2319335938,34747,34757,10
12.9307203293,80.2317428589,34757,34767,10
12.9301700592,80.2315063477,34767,34778,11
12.930270195,80.2316513062,34778,34788,10
12.930150032,80.2315979004,34788,34798,10
12.9298295975,80.2315292358,34798,34808,10
12.9294395447,80.2314529419,34808,34818,10
12.9292297363,80.2314071655,34818,34828,10
12.9289999008,80.2313690186,34828,34838,10
12.9289703369,80.2313613892,34838,34848,10
12.9287099838,80.231300354,34848,34858,10
12.9280395508,80.2311935425,34858,34868,10
12.927069664,80.231086731,34868,34879,11
12.9260797501,80.2310028076,34879,34889,10
12.9260196686,80.2310028076,34889,34899,10
12.9259395599,80.2309875488,34899,34909,10
12.9254598618,80.2309112549,34909,34919,10
12.9246702194,80.2308120728,34919,34929,10
12.9236803055,80.230682373,34929,34939,10
12.9224996567,80.2304992676,34939,34949,10
12.9212198257,80.2303009033,34949,34959,10
12.9199495316,80.230140686,34959,34970,11
12.9188203812,80.2300033569,34970,34980,10
12.9176797867,80.2298583984,34980,34990,10
12.9166603088,80.2297134399,34990,35000,10
12.9155302048,80.2295532227,35000,35010,10
12.9144001007,80.2294006348,35010,35020,10
12.9133996964,80.229309082,35020,35040,20
12.9133996964,80.229309082,35040,35050,10
12.913359642,80.2292785645,35050,35060,10
12.9128398895,80.2291870117,35060,35071,11
12.9119100571,80.2290725708,35071,35081,10
12.9110498428,80.2289428711,35081,35097,16
12.9101800919,80.2287826538,35097,35109,12
12.9099798203,80.2287368774,35109,35119,10
12.9093799591,80.2286529541,35119,35127,8
12.9086799622,80.228553772,35127,35138,11
12.9078702927,80.2284698486,35138,35272,134
12.9078702927,80.2284698486,35272,35282,10
12.9075603485,80.2284088135,35282,35292,10
12.9072303772,80.2283706665,35292,35302,10
12.9068002701,80.2283172607,35302,35312,10
12.9062004089,80.2282409668,35312,35322,10
12.9052801132,80.2282028198,35322,35332,10
12.904419899,80.2281570435,35332,35343,11
12.9037599564,80.2281417847,35343,35413,70
12.9037599564,80.2281417847,35413,35423,10
12.9034404755,80.2281188965,35423,35433,10
12.9029998779,80.2281036377,35433,35444,11
12.902680397,80.2280807495,35444,35454,10
12.9024400711,80.2280731201,35454,35464,10
12.9021997452,80.2280578613,35464,35474,10
12.9021100998,80.2280502319,35474,35484,10
12.9018802643,80.2280197144,35484,35494,10
12.9018697739,80.2280197144,35494,35504,10
12.901550293,80.228012085,35504,35626,122
12.901550293,80.228012085,35626,35636,10
12.9014396667,80.2280197144,35636,35646,10
12.9011602402,80.2280197144,35646,35656,10
12.9008598328,80.2279586792,35656,35666,10
12.9004001617,80.2279205322,35666,35676,10
12.8998498917,80.2278823853,35676,35686,10
12.8990602493,80.2278671265,35686,35726,40
12.8990602493,80.2278671265,35726,35737,11
12.8987903595,80.2278137207,35737,35747,10
12.8982496262,80.2277832031,35747,35757,10
12.8975000381,80.2277297974,35757,35767,10
12.8965501785,80.2276763916,35767,35777,10
12.8955097198,80.2276382446,35777,35787,10
12.894490242,80.2276000977,35787,35797,10
12.893699646,80.2275314331,35797,35828,31
12.893699646,80.2275314331,35828,35838,10
12.893289566,80.2274627686,35838,35848,10
12.8928403854,80.2274169922,35848,35857,9
12.8923397064,80.2273635864,35857,35868,11
12.8921804428,80.2273635864,35868,35878,10
12.8916797638,80.2273406982,35878,35888,10
12.8908596039,80.2273406982,35888,35898,10
12.889840126,80.2273406982,35898,35909,11
12.8887395859,80.2273406982,35909,35919,10
12.8876399994,80.2272567749,35919,35929,10
12.886469841,80.2270431519,35929,35939,10
12.8854904175,80.2268066406,35939,35949,10
12.8851099014,80.2267379761,35949,35959,10
12.8850402832,80.2267532349,35959,35969,10
12.8852396011,80.2267990112,35969,35979,10
12.8858203888,80.2270584106,35979,35990,11
12.8862199783,80.2272415161,35990,36000,10
12.8828802109,80.2267227173,36000,36010,10
12.8816699982,80.2267303467,36010,36020,10
12.8803195953,80.2267379761,36020,36030,10
12.8789596558,80.2267837524,36030,36040,10
12.8779602051,80.2268600464,36040,36050,10
12.8773899078,80.2269210815,36050,36070,20
12.8773899078,80.2269210815,36070,36080,10
12.8771400452,80.2268981934,36080,36111,31
12.8771400452,80.2268981934,36111,36121,10
12.876999855,80.2269363403,36121,36131,10
12.8769702911,80.2269515991,36131,36141,10
12.8759002686,80.2269363403,36141,36151,10
12.8749704361,80.2268676758,36151,36161,10
12.8740196228,80.2267608643,36161,36171,10
12.8730802536,80.2266998291,36171,36181,10
12.8723402023,80.2267227173,36181,36192,11
12.8722400665,80.2266998291,36192,36202,10
12.8717699051,80.2266693115,36202,36212,10
12.8709096909,80.2266387939,36212,36222,10
12.8698301315,80.2265167236,36222,36232,10
12.8685398102,80.2263793945,36232,36242,10
12.8671998978,80.2264633179,36242,36252,10
12.8661003113,80.2265625,36252,36262,10
12.864279747,80.2265319824,36262,36272,10
12.8627099991,80.2265090942,36272,36283,11
12.8610601425,80.2266235352,36283,36353,70
12.8610601425,80.2266235352,36353,36363,10
12.8608798981,80.2265396118,36363,36374,11
12.8603000641,80.2265014648,36374,36384,10
12.8595895767,80.2264022827,36384,36394,10
12.8589897156,80.22631073,36394,36404,10
12.8585300446,80.2262573242,36404,36414,10
12.8577203751,80.2262573242,36414,36424,10
12.8566904068,80.2263412476,36424,36434,10
12.8555603027,80.2264633179,36434,36444,10
12.8542804718,80.2266082764,36444,36454,10
12.8527898788,80.2266998291,36454,36464,10
12.8512601852,80.2266387939,36464,36475,11
12.8498802185,80.2266082764,36475,36495,20
12.8498802185,80.2266082764,36495,36505,10
12.8498001099,80.226600647,36505,36515,10
12.8492898941,80.226600647,36515,36525,10
12.8484201431,80.226600647,36525,36535,10
12.8473596573,80.226600647,36535,36545,10
12.8464002609,80.2265930176,36545,36566,21
12.8464002609,80.2265930176,36566,36576,10
12.8461303711,80.2265930176,36576,36586,10
12.8455896378,80.2266235352,36586,36615,29
12.8455896378,80.2266235352,36615,36625,10
12.845290184,80.2265930176,36625,36636,11
12.8446502686,80.2266464233,36636,36646,10
12.8438396454,80.2267074585,36646,36657,11
12.8429002762,80.2268829346,36657,36667,10
12.8418397903,80.2271194458,36667,36677,10
12.840669632,80.2274398804,36677,36687,10
12.8401002884,80.2276306152,36687,36697,10
12.8398399353,80.2277679443,36697,36707,10
12.8397197723,80.2277908325,36707,36717,10
12.8394403458,80.2278594971,36717,36727,10
12.8387098312,80.2279815674,36727,36737,10
12.8376998901,80.2282104492,36737,36747,10
12.8365001678,80.2283935547,36747,36758,11
12.8351097107,80.2285995483,36758,36768,10
12.833820343,80.2288284302,36768,36778,10
12.8326396942,80.229057312,36778,36828,50
12.8326396942,80.229057312,36828,36838,10
12.8323602676,80.2291183472,36838,36950,112
12.8323602676,80.2291183472,36950,36960,10
12.831990242,80.2291870117,36960,36970,10
12.8313102722,80.2293319702,36970,36980,10
12.8303098679,80.2297134399,36980,36990,10
12.8292503357,80.2301177979,36990,37000,10
12.8281497955,80.2306900024,37000,37010,10
12.8270597458,80.2312469482,37010,37020,10
12.8258895874,80.2313919067,37020,37031,11
12.8245601654,80.2313537598,37031,37041,10
12.823340416,80.2310333252,37041,37051,10
12.82213974,80.2306365967,37051,37061,10
12.8208999634,80.2304611206,37061,37071,10
12.819729805,80.2304916382,37071,37081,10
12.8189697266,80.2304763794,37081,37091,10
12.8189601898,80.2304763794,37091,37101,10
12.8185997009,80.2303390503,37101,37111,10
12.8183603287,80.23021698,37111,37122,11
12.8178901672,80.2299804688,37122,37132,10
12.8169698715,80.2296066284,37132,37142,10
12.8156404495,80.2293701172,37142,37152,10
12.814160347,80.229133606,37152,37162,10
12.8127803802,80.2286987305,37162,37172,10
12.8116397858,80.2282867432,37172,37182,10
12.8104696274,80.2278823853,37182,37192,10
12.8092002869,80.2272415161,37192,37202,10
12.8080101013,80.2263031006,37202,37212,10
12.8070001602,80.2254333496,37212,37223,11
12.8061599731,80.2246704102,37223,37233,10
12.8053398132,80.2240982056,37233,37243,10
12.8052597046,80.2240829468,37243,37253,10
12.8051395416,80.224029541,37253,37263,10
12.8045196533,80.2239227295,37263,37273,10
12.8036699295,80.2238616943,37273,37283,10
12.802740097,80.2237625122,37283,37293,10
12.8016195297,80.2236328125,37293,37303,10
12.8012304306,80.2236099243,37303,37314,11
12.8011798859,80.2235870361,37314,37324,10
12.8006601334,80.2235336304,37324,37334,10
12.7996702194,80.2234268188,37334,37344,10
12.7983999252,80.2232971191,37344,37354,10
12.7971496582,80.2231369019,37354,37364,10
12.7960996628,80.2229690552,37364,37374,10
12.7958498001,80.2229385376,37374,37384,10
12.795800209,80.2229003906,37384,37394,10
12.7953395844,80.2228012085,37394,37404,10
12.7944002151,80.2226486206,37404,37415,11
12.7929601669,80.222442627,37415,37425,10
12.7914896011,80.2221298218,37425,37435,10
12.7901296616,80.2218017578,37435,37451,16
12.7889795303,80.2214126587,37451,37463,12
12.7881603241,80.2210922241,37463,37473,10
12.7875299454,80.2208633423,37473,37483,10
12.7870798111,80.2206878662,37483,37502,19
12.7870798111,80.2206878662,37502,37514,12
12.7867002487,80.2205581665,37514,37553,39
12.7867002487,80.2205581665,37553,37564,11
12.7862701416,80.2203903198,37564,37574,10
12.786190033,80.2203979492,37574,37585,11
12.7861795425,80.2206192017,37585,37596,11
12.786190033,80.2211074829,37596,37606,10
12.7862300873,80.2215805054,37606,37616,10
12.7862195969,80.2218475342,37616,38040,424
12.7862195969,80.2218475342,38040,38050,10
12.7862501144,80.2217636108,38050,38061,11
12.7861995697,80.2215805054,38061,38081,20
12.7861995697,80.2215805054,38081,38091,10
12.7861795425,80.221321106,38091,38101,10
12.7861700058,80.220993042,38101,38111,10
12.7861700058,80.2205886841,38111,38121,10
12.786239624,80.2203292847,38121,38131,10
12.786649704,80.2204818726,38131,38172,41
12.786649704,80.2204818726,38172,38182,10
12.7868003845,80.2205581665,38182,38192,10
12.7872600555,80.2207183838,38192,38202,10
12.7879800797,80.2209777832,38202,38212,10
12.7886295319,80.2212295532,38212,38222,10
12.7893800735,80.2215118408,38222,38232,10
12.7898597717,80.2216796875,38232,38242,10
12.7904596329,80.2218170166,38242,38253,11
12.7913103104,80.2220077515,38253,38263,10
12.7920598984,80.2222137451,38263,38273,10
12.7930603027,80.2223968506,38273,38283,10
12.7941503525,80.2225723267,38283,38293,10
12.7951698303,80.2227401733,38293,38303,10
12.7958297729,80.2228469849,38303,38313,10
12.7962799072,80.2229003906,38313,38323,10
12.7964496613,80.2229385376,38323,38333,10
12.7967395782,80.2230224609,38333,38344,11
12.7975502014,80.22315979,38344,38354,10
12.7985200882,80.2232818604,38354,38364,10
12.7996397018,80.2233886719,38364,38380,16
12.8014802933,80.2235412598,38380,38402,22
12.8014802933,80.2235412598,38402,38412,10
12.8018798828,80.2235794067,38412,38422,10
12.8026895523,80.2237014771,38422,38432,10
12.8035202026,80.2238006592,38432,38443,11
12.8046302795,80.2238922119,38443,38452,9
12.8054103851,80.2240371704,38452,38463,11
12.8055896759,80.2241134644,38463,38473,10
12.8058795929,80.2243423462,38473,38483,10
12.8065299988,80.2249221802,38483,38493,10
12.807390213,80.2256698608,38493,38503,10
12.8084096909,80.2265319824,38503,38513,10
12.8096399307,80.2274169922,38513,38523,10
12.8110198975,80.2280197144,38523,38534,11
12.8125896454,80.2285995483,38534,38544,10
12.8137702942,80.2289962769,38544,38554,10
12.8148603439,80.2292175293,38554,38564,10
12.8162202835,80.2294235229,38564,38574,10
12.8175401688,80.2297592163,38574,38584,10
12.8186101913,80.2302703857,38584,38594,10
12.8196601868,80.2304077148,38594,38604,10
12.8197603226,80.2304000854,38604,38614,10
12.8201999664,80.2304000854,38614,38625,11
12.8211202621,80.2304229736,38625,38635,10
12.8219995499,80.2305297852,38635,38645,10
12.8231697083,80.2308807373,38645,38655,10
12.8244495392,80.2311935425,38655,38665,10
12.8257904053,80.2313079834,38665,38675,10
12.827249527,80.2311096191,38675,38685,10
12.828499794,80.2304382324,38685,38695,10
12.8298101425,80.2298202515,38695,38705,10
12.8310403824,80.2293395996,38705,38726,21
12.8310403824,80.2293395996,38726,38736,10
12.8312997818,80.2292480469,38736,38766,30
12.8312997818,80.2292480469,38766,38776,10
12.831700325,80.2291412354,38776,38786,10
12.8324298859,80.2289810181,38786,38796,10
12.8333301544,80.2288284302,38796,38806,10
12.8340501785,80.2287063599,38806,38817,11
12.8347702026,80.2285766602,38817,38827,10
12.8357896805,80.2284164429,38827,38837,10
12.8370895386,80.2282333374,38837,38847,10
12.8384504318,80.2279586792,38847,38857,10
12.8392400742,80.2276763916,38857,38867,10
12.8397102356,80.2275238037,38867,38877,10
12.8402500153,80.2274398804,38877,38887,10
12.8408002853,80.2273406982,38887,38897,10
12.8418197632,80.2270584106,38897,38908,11
12.8432598114,80.2267837524,38908,38918,10
12.8446102142,80.2265625,38918,38928,10
12.8452997208,80.2265090942,38928,38937,9
12.8452997208,80.2265167236,38937,38948,11
12.8455495834,80.2265167236,38948,38958,10
12.8457202911,80.2265396118,38958,38968,10
12.8459501266,80.2265396118,38968,38978,10
12.846739769,80.2265319824,38978,38988,10
12.8478899002,80.2265167236,38988,38998,10
12.8492803574,80.2265167236,38998,39009,11
12.8509597778,80.2265396118,39009,39019,10
12.852399826,80.2266082764,39019,39029,10
12.8537797928,80.2265701294,39029,39039,10
12.8552703857,80.2264175415,39039,39049,10
12.8566598892,80.226272583,39049,39059,10
12.8580598831,80.2261505127,39059,39069,10
12.8593502045,80.2262573242,39069,39079,10
12.8604803085,80.2264175415,39079,39089,10
12.8606996536,80.2264404297,39089,39100,11
12.8611602783,80.2264785767,39100,39110,10
12.8621196747,80.2264709473,39110,39120,10
12.8634195328,80.2264480591,39120,39130,10
12.8649597168,80.2265090942,39130,39140,10
12.8664798737,80.2264633179,39140,39150,10
12.8679704666,80.2263336182,39150,39160,10
12.8694295883,80.2264022827,39160,39170,10
12.8706598282,80.2265167236,39170,39180,10
12.8717699051,80.2265625,39180,39191,11
12.8730602264,80.226600647,39191,39201,10
12.8744602203,80.2267074585,39201,39211,10
12.875869751,80.226852417,39211,39221,10
12.8766098022,80.2268371582,39221,39231,10
12.8767404556,80.2268295288,39231,39241,10
12.8773403168,80.2267913818,39241,39251,10
12.8783798218,80.2267227173,39251,39261,10
12.8797502518,80.2266693115,39261,39271,10
12.8811702728,80.2266616821,39271,39282,11
12.882900238,80.2266464233,39282,39292,10
12.8844404221,80.2266311646,39292,39301,9
12.8851900101,80.2266082764,39301,39312,11
12.8852596283,80.2266235352,39312,39322,10
12.8858203888,80.2267379761,39322,39332,10
12.8867797852,80.2269973755,39332,39342,10
12.8881101608,80.2272109985,39342,39352,10
12.8896799088,80.2272567749,39352,39362,10
12.8911399841,80.2272567749,39362,39373,11
12.89179039,80.2272720337,39373,39383,10
12.8918199539,80.2272720337,39383,39393,10
12.8919296265,80.2272720337,39393,39403,10
12.8921003342,80.2272872925,39403,39413,10
12.8925895691,80.2273178101,39413,39423,10
12.8934803009,80.2274398804,39423,39433,10
12.8945999146,80.2275466919,39433,39443,10
12.8957099915,80.2276000977,39443,39453,10
12.8967895508,80.2276535034,39453,39469,16
12.8984899521,80.2277374268,39469,39482,13
12.8996200562,80.2277984619,39482,39492,10
12.9002504349,80.2278289795,39492,39643,151
12.9002504349,80.2278289795,39643,39654,11
12.9004402161,80.2278366089,39654,39664,10
12.9007196426,80.2278671265,39664,39674,10
12.9009199142,80.2278823853,39674,39684,10
12.9011001587,80.227897644,39684,39694,10
12.901309967,80.2279129028,39694,39704,10
12.9016799927,80.2279281616,39704,39714,10
12.9023704529,80.2279510498,39714,39724,10
12.9029302597,80.2279434204,39724,39734,10
12.9030704498,80.2279205322,39734,39744,10
12.9031095505,80.2279205322,39744,39754,10
12.9036397934,80.2279968262,39754,39765,11
12.9044504166,80.2280578613,39765,39775,10
12.9047803879,80.2280807495,39775,39785,10
12.9054403305,80.2280883789,39785,39815,30
12.9055099487,80.2281494141,39815,39835,20
12.9055900574,80.2282104492,39835,39856,21
12.9055900574,80.2282104492,39856,39866,10
12.9057102203,80.2281036377,39866,39876,10
12.9062995911,80.2281188965,39876,39886,10
12.9066400528,80.2281723022,39886,39896,10
12.9070901871,80.2282180786,39896,39906,10
12.9080896378,80.2283630371,39906,39916,10
12.9090595245,80.2285308838,39916,39926,10
12.9100103378,80.2287063599,39926,39937,11
12.9115200043,80.2289199829,39937,39947,10
12.9128103256,80.2290802002,39947,39957,10
12.9137001038,80.2291870117,39957,39967,10
12.9138002396,80.2292098999,39967,39977,10
12.9138202667,80.2292098999,39977,39987,10
12.9142799377,80.2292861938,39987,39997,10
12.9150896072,80.2294006348,39997,40007,10
12.9161996841,80.2295684814,40007,40017,10
12.9174499512,80.2297515869,40017,40027,10
12.9185695648,80.2298965454,40027,40038,11
12.9199304581,80.2300872803,40038,40048,10
12.9213399887,80.2302627563,40048,40064,16
12.9235401154,80.2305908203,40064,40076,12
12.9252195358,80.230796814,40076,40086,10
12.9267597198,80.2310028076,40086,40096,10
12.9280796051,80.2311401367,40096,40106,10
12.9295196533,80.2313766479,40106,40116,10
12.9307003021,80.2316970825,40116,40127,11
12.9316501617,80.2319869995,40127,40137,10
12.9325399399,80.2322692871,40137,40147,10
12.933429718,80.2325973511,40147,40156,9
12.9334802628,80.2326431274,40156,40167,11
12.9336299896,80.2327194214,40167,40177,10
12.933719635,80.2327880859,40177,40187,10
12.934220314,80.2330093384,40187,40197,10
12.9350996017,80.2333984375,40197,40207,10
12.9360399246,80.2338409424,40207,40218,11
12.9373102188,80.2344436646,40218,40228,10
12.9385004044,80.2350387573,40228,40238,10
12.9393997192,80.2354736328,40238,40248,10
12.9398698807,80.235710144,40248,40258,10
12.9406900406,80.2359771729,40258,40268,10
12.9417295456,80.2362213135,40268,40278,10
12.9426603317,80.236541748,40278,40288,10
12.9437799454,80.237449646,40288,40298,10
12.9446697235,80.2384033203,40298,40308,10
12.9460000992,80.2394332886,40308,40319,11
12.9472103119,80.2399215698,40319,40329,10
12.9473495483,80.239982605,40329,40339,10
12.9477796555,80.2401580811,40339,40349,10
12.9486198425,80.2404632568,40349,40379,30
12.9486198425,80.2404632568,40379,40389,10
12.9489202499,80.240562439,40389,40399,10
12.949640274,80.2408676147,40399,40410,11
12.9506998062,80.2411804199,40410,40420,10
12.9511604309,80.241317749,40420,40430,10
12.9514303207,80.2414321899,40430,40440,10
12.9521503448,80.2416992188,40440,40450,10
12.9530496597,80.2420806885,40450,40460,10
12.9538803101,80.2423934937,40460,40470,10
12.9546003342,80.24269104,40470,40480,10
12.9554901123,80.243019104,40480,40490,10
12.9561300278,80.2432403564,40490,40501,11
12.9561700821,80.2432479858,40501,40511,10
12.956319809,80.2433166504,40511,40551,40
12.956319809,80.2433166504,40551,40561,10
12.956410408,80.2432937622,40561,40571,10
12.956990242,80.243560791,40571,40581,10
12.9578399658,80.2439498901,40581,40592,11
12.9587802887,80.2443237305,40592,40602,10
12.9591197968,80.2445297241,40602,40612,10
12.9595403671,80.244758606,40612,40622,10
12.9604701996,80.2451934814,40622,40632,10
12.9617004395,80.2457733154,40632,40642,10
12.962770462,80.2462921143,40642,40652,10
12.9634304047,80.2465820313,40652,40662,10
12.9638004303,80.2467727661,40662,40672,10
12.9645004272,80.2470321655,40672,40682,10
12.9652996063,80.2473068237,40682,40693,11
12.9660396576,80.2475814819,40693,40703,10
12.9665403366,80.2477874756,40703,40713,10
12.9668998718,80.2479400635,40713,40723,10
12.9669704437,80.2479782104,40723,40733,10
12.9671697617,80.2481079102,40733,40743,10
12.9679098129,80.2483673096,40743,40753,10
12.969039917,80.2488021851,40753,40763,10
12.9703397751,80.249382019,40763,40773,10
12.9716596603,80.2498016357,40773,40790,17
12.9739103317,80.2504272461,40790,40802,12
12.9755496979,80.2509002686,40802,40812,10
12.9768896103,80.2512664795,40812,40821,9
12.9778299332,80.2517776489,40821,40832,11
12.9785995483,80.2523422241,40832,40842,10
12.9786596298,80.2523803711,40842,40851,9
12.9797697067,80.2525787354,40851,40913,62
12.9797697067,80.2525787354,40913,40923,10
12.9801397324,80.2526016235,40923,40933,10
12.9809799194,80.2526168823,40933,40943,10
12.982219696,80.2525787354,40943,40953,10
12.9837303162,80.2524032593,40953,40963,10
12.9846897125,80.2521591187,40963,40974,11
12.984869957,80.2521209717,40974,40984,10
12.9850196838,80.2520828247,40984,40994,10
12.9853897095,80.2519607544,40994,41004,10
12.9858102798,80.2518234253,41004,41014,10
12.9861402512,80.251739502,41014,41024,10
12.9863700867,80.2516937256,41024,41034,10
12.9867801666,80.2515716553,41034,41144,110
12.9867801666,80.2515716553,41144,41156,12
12.987159729,80.2514724731,41156,41166,10
12.9876804352,80.2513275146,41166,41176,10
12.9884700775,80.2511520386,41176,41186,10
12.9893302917,80.2509002686,41186,41196,10
12.989569664,80.2508621216,41196,41206,10
12.9903001785,80.2507019043,41206,41216,10
12.9913396835,80.2504501343,41216,41226,10
12.9925899506,80.2501602173,41226,41236,10
12.9938602448,80.2498321533,41236,41246,10
12.99518013,80.24949646,41246,41257,11
12.9964799881,80.249130249,41257,41266,9
12.9966802597,80.2490997314,41266,41277,11
12.9973897934,80.2489471436,41277,41287,10
12.9985103607,80.2486877441,41287,41297,10
12.9999799728,80.248298645,41297,41307,10
13.0016002655,80.2478790283,41307,41317,10
13.0030698776,80.2475585938,41317,41327,10
13.004650116,80.2473526001,41327,41337,10
13.0059204102,80.2470703125,41337,41348,11
13.0065002441,80.2464370728,41348,41358,10
13.006529808,80.2462997437,41358,41368,10
13.0066003799,80.2456588745,41368,41378,10
13.0066299438,80.244682312,41378,41388,10
13.0066299438,80.2440719604,41388,41398,10
13.0066299438,80.2436981201,41398,41408,10
13.0066204071,80.2429428101,41408,41418,10
13.0066404343,80.2419891357,41418,41428,10
13.0066900253,80.2409973145,41428,41439,11
13.0068397522,80.2401580811,41439,41449,10
13.0069904327,80.2393417358,41449,41459,10
13.0071601868,80.2384567261,41459,41469,10
13.0072498322,80.2378616333,41469,41479,10
13.0073699951,80.2371673584,41479,41489,10
13.0074100494,80.2367401123,41489,41499,10
13.0074796677,80.2365722656,41499,41509,10
13.007610321,80.2359771729,41509,41519,10
13.0076999664,80.2354812622,41519,41530,11
13.0077600479,80.2352294922,41530,41540,10
13.0079097748,80.2345123291,41540,41550,10
13.0081300735,80.2334289551,41550,41560,10
13.0083599091,80.2323226929,41560,41570,10
13.0085897446,80.2311935425,41570,41580,10
13.0087795258,80.23021698,41580,41590,10
13.0090799332,80.228767395,41590,41600,10
13.0093698502,80.2277908325,41600,41610,10
13.0098495483,80.2266998291,41610,41621,11
13.0104503632,80.2255706787,41621,41631,10
13.0106601715,80.2251586914,41631,41641,10
13.0107898712,80.2248535156,41641,41651,10
13.0109596252,80.2243728638,41651,41661,10
13.0114002228,80.2233505249,41661,41671,10
13.0118598938,80.2221298218,41671,41681,10
13.0123901367,80.2215499878,41681,41691,10
13.0128297806,80.2221832275,41691,41701,10
13.0135698318,80.2230377197,41701,41712,11
13.014380455,80.2239685059,41712,41722,10
13.0151596069,80.2247314453,41722,41731,9
13.0156497955,80.2250823975,41731,41742,11
13.01583004,80.2252426147,41742,41752,10
13.0165395737,80.2252883911,41752,41762,10
13.0173397064,80.2249832153,41762,41772,10
13.0183200836,80.2246170044,41772,41782,10
13.0193796158,80.2244110107,41782,41792,10
13.0198297501,80.224571228,41792,41802,10
13.0202302933,80.2248764038,41802,41813,11
13.0206804276,80.2252120972,41813,41823,10
13.0210103989,80.2255020142,41823,41833,10
13.0214004517,80.2258224487,41833,41843,10
13.0218400955,80.2261123657,41843,41853,10
13.0222902298,80.2264709473,41853,41869,16
13.0225296021,80.2266921997,41869,41881,12
13.0228796005,80.2269973755,41881,41890,9
13.0234498978,80.2275390625,41890,41901,11
13.023730278,80.2277526855,41901,41912,11
13.024020195,80.2280273438,41912,41922,10
13.0243396759,80.2284393311,41922,41932,10
13.0246400833,80.2288970947,41932,41942,10
13.0250101089,80.2294464111,41942,41952,10
13.0255098343,80.2301635742,41952,41962,10
13.0257501602,80.2306671143,41962,41992,30
13.0257501602,80.2306671143,41992,42003,11
13.0258903503,80.231010437,42003,42013,10
13.026049614,80.2314224243,42013,42023,10
13.0261602402,80.2318725586,42023,42033,10
13.0262699127,80.2322387695,42033,42043,10
13.0262804031,80.2322692871,42043,42053,10
13.0262804031,80.2323379517,42053,42063,10
13.0264701843,80.2328109741,42063,42073,10
13.0266704559,80.2331924438,42073,42083,10
13.0270204544,80.2337722778,42083,42094,11
13.0275096893,80.2345962524,42094,42104,10
13.0278997421,80.2352981567,42104,42114,10
13.0284996033,80.2360305786,42114,42124,10
13.0292396545,80.2368392944,42124,42134,10
13.0298404694,80.2376022339,42134,42144,10
13.0302600861,80.2382736206,42144,42154,10
13.0305595398,80.2387771606,42154,42164,10
13.0307502747,80.2391281128,42164,42174,10
13.0309896469,80.2395401001,42174,42185,11
13.0311603546,80.2398376465,42185,42195,10
13.0311899185,80.2398834229,42195,42205,10
13.0312404633,80.2399673462,42205,42215,10
13.0314302444,80.2403488159,42215,42225,10
13.0315303802,80.2409362793,42225,42235,10
13.0317001343,80.2413024902,42235,42245,10
13.0318698883,80.2416763306,42245,42255,10
13.0322504044,80.2422790527,42255,42265,10
13.0327100754,80.2428436279,42265,42276,11
13.0333499908,80.2436828613,42276,42286,10
13.0338697433,80.244468689,42286,42296,10
13.0342998505,80.2450408936,42296,42306,10
13.0348396301,80.2456970215,42306,42316,10
13.0352802277,80.2460174561,42316,42326,10
13.0355997086,80.2461090088,42326,42336,10
13.0357599258,80.2461929321,42336,42346,10
13.0359296799,80.2462768555,42346,42356,10
13.0363502502,80.246383667,42356,42366,10
13.0369195938,80.2465133667,42366,42377,11
13.0375204086,80.246421814,42377,42387,10
13.0383195877,80.2466430664,42387,42408,21
13.0383195877,80.2466430664,42408,42418,10
13.0384502411,80.2467193604,42418,42428,10
13.038860321,80.2468185425,42428,42438,10
13.0393695831,80.2469024658,42438,42448,10
13.0398101807,80.2470016479,42448,42458,10
13.0403795242,80.2471008301,42458,42469,11
13.0413198471,80.2472763062,42469,42479,10
13.0421199799,80.2474594116,42479,42489,10
13.0424499512,80.2475509644,42489,42499,10
13.0427598953,80.247718811,42499,42509,10
13.0431404114,80.2478485107,42509,42519,10
13.0436601639,80.2479629517,42519,42529,10
13.0441598892,80.2478790283,42529,42539,10
13.0445404053,80.2479476929,42539,42549,10
13.0450000763,80.2481002808,42549,42560,11
13.0455102921,80.248298645,42560,42570,10
13.0461301804,80.2484512329,42570,42580,10
13.0467796326,80.2484436035,42580,42590,10
13.0469303131,80.2484436035,42590,42600,10
13.047419548,80.2486190796,42600,42610,10
13.0477304459,80.2489395142,42610,42620,10
13.0478801727,80.2491378784,42620,42630,10
13.0481796265,80.2493972778,42630,42640,10
13.0488595963,80.2496414185,42640,42651,11
13.0499000549,80.2498321533,42651,42661,10
13.0509195328,80.2500610352,42661,42671,10
13.0516300201,80.2503433228,42671,42681,10
13.052189827,80.250831604,42681,42691,10
13.0526399612,80.2514190674,42691,42701,10
13.0531396866,80.2520904541,42701,42711,10
13.0535001755,80.2525863647,42711,42721,10
13.0537099838,80.2528991699,42721,42731,10
13.0539302826,80.2532196045,42731,42741,10
13.0540800095,80.2534332275,42741,42752,11
13.0542602539,80.2536468506,42752,42772,20
13.0542602539,80.2536468506,42772,42782,10
13.0543804169,80.2538223267,42782,42792,10
13.0545101166,80.2539825439,42792,42802,10
13.054599762,80.2540969849,42802,42812,10
13.0547399521,80.2542877197,42812,42822,10
13.0549602509,80.2545623779,42822,42832,10
13.0552101135,80.2548828125,42832,42843,11
13.055390358,80.2550964355,42843,42853,10
13.0555400848,80.2553405762,42853,42863,10
13.0557403564,80.2556533813,42863,42873,10
13.0559797287,80.2559814453,42873,42883,10
13.0562295914,80.2562789917,42883,42893,10
13.056429863,80.2565231323,42893,42903,10
13.0569295883,80.2569274902,42903,42913,10
13.0574598312,80.2573623657,42913,42923,10
13.0575799942,80.2574768066,42923,42934,11
13.0579204559,80.2578125,42934,42944,10
13.0582895279,80.2583236694,42944,42954,10
13.0586900711,80.2588577271,42954,42964,10
13.0591201782,80.2594833374,42964,42974,10
13.0595502853,80.2600631714,42974,42984,10
13.0600404739,80.2604827881,42984,42994,10
13.0604400635,80.2608718872,42994,43004,10
13.0606002808,80.2610931396,43004,43014,10
13.0607795715,80.2614212036,43014,43025,11
13.0612201691,80.2619628906,43025,43035,10
13.0616102219,80.2622909546,43035,43045,10
13.0618801117,80.2626190186,43045,43065,20
13.0618801117,80.2626190186,43065,43075,10
13.0619897842,80.2627410889,43075,43085,10
13.0623397827,80.2632598877,43085,43095,10
13.0628099442,80.2638092041,43095,43105,10
13.0632600784,80.2643890381,43105,43116,11
13.0637798309,80.2651977539,43116,43126,10
13.0640201569,80.2655487061,43126,43136,10
13.0644702911,80.2660369873,43136,43146,10
13.0646600723,80.2663726807,43146,43156,10
13.0648803711,80.2666397095,43156,43166,10
13.0652399063,80.2669677734,43166,43176,10
13.0656995773,80.2673187256,43176,43192,16
13.0657997131,80.2675018311,43192,43204,12
13.0661201477,80.2679672241,43204,43215,11
13.0668802261,80.2686004639,43215,43225,10
13.0675401688,80.268951416,43225,43235,10
13.0679597855,80.2692337036,43235,43245,10
13.0681800842,80.2693786621,43245,43255,10
13.0682601929,80.2695007324,43255,43265,10
13.068189621,80.2699890137,43265,43275,10
13.0681600571,80.2703781128,43275,43285,10
13.0681295395,80.2707214355,43285,43295,10
13.0681295395,80.270866394,43295,43306,11
13.0681400299,80.2711715698,43306,43316,10
13.0682201385,80.2714767456,43316,43326,10
13.0686903,80.2718276978,43326,43336,10
13.0690202713,80.2719573975,43336,43346,10
13.0694599152,80.2723464966,43346,43356,10
13.0699796677,80.2728881836,43356,43366,10
13.0703496933,80.2733764648,43366,43376,10
13.0707597733,80.2739562988,43376,43386,10
13.0713100433,80.2742385864,43386,43437,51
13.0713100433,80.2742385864,43437,43447,10
13.0714197159,80.2742919922,43447,43457,10
13.0718603134,80.274520874,43457,43467,10
13.0723400116,80.2750091553,43467,43477,10
13.0728797913,80.2755889893,43477,43487,10
13.0734500885,80.2761077881,43487,43498,11
13.0740699768,80.2763519287,43498,43508,10
13.0748300552,80.2763214111,43508,43518,10
13.0755901337,80.2762680054,43518,43528,10
13.0757398605,80.2762374878,43528,43538,10
13.0759096146,80.2761001587,43538,43548,10
13.075920105,80.2758789063,43548,43558,10
13.0759401321,80.2753601074,43558,43568,10
13.0758800507,80.2748794556,43568,43578,10
13.0761003494,80.2747802734,43578,43892,314
13.0761003494,80.2747802734,43892,43902,10
13.0760803223,80.2749176025,43902,43912,10
13.0759096146,80.2751617432,43912,43922,10
13.0759496689,80.2755889893,43922,43932,10
13.075920105,80.2759933472,43932,43942,10
13.0759601593,80.2762680054,43942,43952,10
13.0764598846,80.276260376,43952,43963,11
13.0774202347,80.2761764526,43963,43973,10
13.0781297684,80.2759170532,43973,43983,10
13.078379631,80.2752990723,43983,43993,10
13.0788803101,80.2751235962,43993,44003,10
13.07970047,80.2752609253,44003,44013,10
13.080619812,80.2751998901,44013,44023,10
13.0814199448,80.2751083374,44023,44074,51
13.0814199448,80.2751083374,44074,44084,10
13.0815200806,80.2751083374,44084,44094,10
13.0817899704,80.2752227783,44094,44104,10
13.0820198059,80.2753219604,44104,44114,10
13.0820798874,80.275718689,44114,45691,1577
13.0820798874,80.275718689,45691,45701,10
13.081990242,80.275932312,45701,45711,10
13.0818395615,80.2761383057,45711,45721,10
13.0818595886,80.2767868042,45721,45732,11
13.0818195343,80.2775497437,45732,45742,10
13.0820102692,80.2781600952,45742,45782,40
13.0820102692,80.2781600952,45782,45792,10
13.0820903778,80.2783432007,45792,45802,10
13.0818901062,80.2779922485,45802,45812,10
13.0818099976,80.2774429321,45812,45823,11
13.0817604065,80.2771072388,45823,45833,10
13.0816802979,80.2763977051,45833,45843,10
13.0815496445,80.2758407593,45843,45863,20
13.0815496445,80.2758407593,45863,45873,10
13.0815200806,80.2755203247,45873,45883,10
13.0814800262,80.2753601074,45883,45893,10
13.0812597275,80.2752227783,45893,45903,10
13.0806903839,80.2752838135,45903,45913,10
13.0799598694,80.2753601074,45913,45924,11
13.0790300369,80.2752532959,45924,45934,10
13.0783004761,80.2755203247,45934,45944,10
13.0780601501,80.2761077881,45944,45954,10
13.0774497986,80.2762374878,45954,45964,10
13.0766801834,80.2762985229,45964,45974,10
13.0759801865,80.2763519287,45974,45984,10
13.0755796432,80.2763519287,45984,45994,10
13.0747995377,80.2763595581,45994,46010,16
13.0739603043,80.2764282227,46010,46023,13
13.0738401413,80.2764434814,46023,46033,10
13.0734395981,80.2763595581,46033,46043,10
13.0728302002,80.2756729126,46043,46053,10
13.0717697144,80.2746582031,46053,46103,50
13.0717697144,80.2746582031,46103,46114,11
13.0712203979,80.2745285034,46114,46122,8
13.0707197189,80.2742919922,46122,46133,11
13.0705604553,80.2739562988,46133,46144,11
13.070400238,80.2736129761,46144,46154,10
13.0699796677,80.2730789185,46154,46164,10
13.0693397522,80.2724075317,46164,46174,10
13.0687904358,80.2720184326,46174,46184,10
13.0685396194,80.2720108032,46184,46194,10
13.0684204102,80.2718811035,46194,46205,11
13.0680704117,80.2714614868,46205,46215,10
13.0678596497,80.2709503174,46215,46225,10
13.067199707,80.2703475952,46225,46235,10
13.0665597916,80.2694168091,46235,46245,10
13.0664701462,80.2685394287,46245,46255,10
13.0661401749,80.268119812,46255,46265,10
13.0651903152,80.2676391602,46265,46285,20
13.0651903152,80.2676391602,46285,46296,11
13.0649995804,80.2676086426,46296,46306,10
13.0643596649,80.2675018311,46306,46316,10
13.0636901855,80.2673797607,46316,46326,10
13.063079834,80.2672805786,46326,46336,10
13.0627002716,80.2671432495,46336,46346,10
13.0623502731,80.2667617798,46346,46356,10
13.0619697571,80.2662811279,46356,46366,10
13.0615301132,80.2657394409,46366,46376,10
13.0612001419,80.2653579712,46376,46387,11
13.0606203079,80.2654190063,46387,46397,10
13.0603199005,80.2655715942,46397,46407,10
13.0600795746,80.2656173706,46407,46417,10
13.0593500137,80.2655792236,46417,46427,10
13.0582199097,80.2653198242,46427,46437,10
13.0580701828,80.2649993896,46437,46447,10
13.0579900742,80.2641220093,46447,46457,10
13.0579004288,80.2631225586,46457,46467,10
13.057800293,80.2626037598,46467,46477,10
13.0577201843,80.2621231079,46477,46488,11
13.0576095581,80.2615203857,46488,46498,10
13.0574998856,80.2610778809,46498,46508,10
13.0573596954,80.2605514526,46508,46518,10
13.0571498871,80.2598419189,46518,46528,10
13.0569295883,80.2591400146,46528,46538,10
13.0567998886,80.2588119507,46538,46548,10
13.0567102432,80.2583236694,46548,46558,10
13.056599617,80.2577819824,46558,46568,10
13.0565004349,80.2573776245,46568,46579,11
13.0564403534,80.2571563721,46579,46595,16
13.0561704636,80.2563323975,46595,46607,12
13.0555896759,80.2554779053,46607,46616,9
13.0550403595,80.254699707,46616,46627,11
13.0544595718,80.2539367676,46627,46637,10
13.0541200638,80.2534790039,46637,46647,10
13.0538196564,80.2530670166,46647,46657,10
13.0533800125,80.2524490356,46657,46667,10
13.0529098511,80.2518234253,46667,46678,11
13.0524597168,80.2512435913,46678,46688,10
13.0520401001,80.2506866455,46688,46698,10
13.0513601303,80.250213623,46698,46708,10
13.050359726,80.249961853,46708,46718,10
13.0493803024,80.249786377,46718,46728,10
13.0485696793,80.2496795654,46728,46738,10
13.0479698181,80.2492904663,46738,46748,10
13.0473604202,80.2488021851,46748,46758,10
13.0471000671,80.2486877441,46758,46769,11
13.0469198227,80.2486190796,46769,46779,10
13.0464296341,80.2485809326,46779,46789,10
13.0458402634,80.2484588623,46789,46799,10
13.0454998016,80.2483291626,46799,46809,10
13.0452098846,80.2482299805,46809,46819,10
13.0448503494,80.2481384277,46819,46829,10
13.044500351,80.2480697632,46829,46839,10
13.0441703796,80.2480010986,46839,46849,10
13.0438604355,80.2479400635,46849,46860,11
13.0435400009,80.2479019165,46860,46870,10
13.0431203842,80.2478485107,46870,46880,10
13.0426197052,80.247756958,46880,46890,10
13.0418195724,80.2475585938,46890,46900,10
13.0409297943,80.2473831177,46900,46910,10
13.0405397415,80.2473220825,46910,46920,10
13.0403699875,80.2472686768,46920,46931,11
13.0398197174,80.2471618652,46931,46941,10
13.039440155,80.2470474243,46941,46951,10
13.0389003754,80.2469177246,46951,46962,11
13.0384597778,80.2467498779,46962,46971,9
13.0382404327,80.2467193604,46971,46981,10
13.0376996994,80.2466278076,46981,46992,11
13.0370197296,80.2465209961,46992,47002,10
13.0364398956,80.2464065552,47002,47012,10
13.0359601974,80.2463302612,47012,47032,20
13.0359601974,80.2463302612,47032,47042,10
13.0355997086,80.2461700439,47042,47053,11
13.0353403091,80.2460632324,47053,47063,10
13.0353002548,80.2460403442,47063,47073,10
13.0351896286,80.2460098267,47073,47083,10
13.0348796844,80.2457809448,47083,47093,10
13.0344495773,80.2452392578,47093,47103,10
13.0338697433,80.2445678711,47103,47113,10
13.0331296921,80.2436828613,47113,47123,10
13.0324401855,80.2426681519,47123,47133,10
13.0318603516,80.2418136597,47133,47144,11
13.0313997269,80.2407836914,47144,47154,10
13.0312595367,80.2404937744,47154,47184,30
13.0312595367,80.2404937744,47184,47194,10
13.0311498642,80.2402191162,47194,47204,10
13.0310201645,80.2398834229,47204,47214,10
13.0306396484,80.2391433716,47214,47224,10
13.0302000046,80.2383422852,47224,47235,11
13.0297203064,80.2375030518,47235,47244,9
13.0291004181,80.2367782593,47244,47255,11
13.0281496048,80.2357635498,47255,47265,10
13.0274896622,80.2347335815,47265,47275,10
13.0266599655,80.2334289551,47275,47305,30
13.0266599655,80.2334289551,47305,47315,10
13.0266199112,80.2333526611,47315,47325,10
13.0263900757,80.2329483032,47325,47336,11
13.0261096954,80.2321472168,47336,47346,10
13.0259399414,80.2315216064,47346,47356,10
13.0257501602,80.2306976318,47356,47366,10
13.0250301361,80.229598999,47366,47376,10
13.0243501663,80.2286987305,47376,47386,10
13.0234804153,80.2277374268,47386,47406,20
13.0234804153,80.2277374268,47406,47416,10
13.0232601166,80.2275238037,47416,47427,11
13.0227003098,80.2269973755,47427,47437,10
13.0221099854,80.2264785767,47437,47447,10
13.0214996338,80.225982666,47447,47457,10
13.0208597183,80.2254867554,47457,47466,9
13.0203104019,80.2251281738,47466,47477,11
13.0193395615,80.2245101929,47477,47487,10
13.0180997849,80.2247924805,47487,47497,10
13.0171804428,80.2251586914,47497,47507,10
13.0167198181,80.2253570557,47507,47518,11
13.0164203644,80.225479126,47518,47527,9
13.0159397125,80.2256164551,47527,47538,11
13.0152301788,80.2259216309,47538,47548,10
13.0147304535,80.2261428833,47548,47558,10
13.0146198273,80.2261810303,47558,47567,9
13.0144796371,80.2262115479,47567,47578,11
13.0140600204,80.2263717651,47578,47588,10
13.0133800507,80.2266387939,47588,47598,10
13.0125904083,80.2269592285,47598,47609,11
13.0114498138,80.2273864746,47609,47619,10
13.0101995468,80.2278823853,47619,47629,10
13.0092096329,80.2284622192,47629,47639,10
13.008939743,80.2295837402,47639,47649,10
13.0086402893,80.23097229,47649,47659,10
13.0083799362,80.2322463989,47659,47669,10
13.0082302094,80.2332077026,47669,47679,10
13.0081796646,80.2334976196,47679,47689,10
13.0081596375,80.2336273193,47689,47699,10
13.0081195831,80.233757019,47699,47710,11
13.008020401,80.2341766357,47710,47720,10
13.0078496933,80.2349777222,47720,47730,10
13.0076398849,80.2360534668,47730,47740,10
13.0074396133,80.2370605469,47740,47750,10
13.0072402954,80.2380599976,47750,47760,10
13.0070800781,80.2388076782,47760,47770,10
13.0069303513,80.2395324707,47770,47780,10
13.0067996979,80.2403030396,47780,47790,10
13.0066995621,80.2408065796,47790,47801,11
13.0066404343,80.2412033081,47801,47811,10
13.0066204071,80.2417297363,47811,47821,10
13.0066204071,80.2422790527,47821,47831,10
13.0066299438,80.242980957,47831,47841,10
13.0066604614,80.2434005737,47841,47857,16
13.0066604614,80.2435073853,47857,47869,12
13.0066604614,80.2435379028,47869,47879,10
13.0066404343,80.2438735962,47879,47889,10
13.0066404343,80.2442092896,47889,47900,11
13.0066404343,80.2445297241,47900,47910,10
13.0066404343,80.2447967529,47910,47919,9
13.0066404343,80.2450714111,47919,47930,11
13.0066604614,80.2455596924,47930,47940,10
13.0066900253,80.2462081909,47940,47950,10
13.0067195892,80.2466964722,47950,47960,10
13.0066995621,80.247177124,47960,47970,10
13.0060300827,80.2473907471,47970,47991,21
13.0060300827,80.2473907471,47991,48001,10
13.0057296753,80.2473678589,48001,48011,10
13.0050296783,80.2473602295,48011,48021,10
13.0040397644,80.247467041,48021,48031,10
13.0029001236,80.2476425171,48031,48041,10
13.0021400452,80.2478027344,48041,48051,10
13.0014095306,80.2479934692,48051,48061,10
13.0003900528,80.2482528687,48061,48071,10
12.9990997314,80.2485733032,48071,48081,10
12.9976797104,80.2489013672,48081,48091,10
12.996219635,80.2492675781,48091,48102,11
12.9946603775,80.2496795654,48102,48112,10
12.9933004379,80.2500228882,48112,48121,9
12.9921197891,80.2503128052,48121,48132,11
12.9911003113,80.250617981,48132,48142,10
12.9910497665,80.2506408691,48142,48152,10
12.99077034,80.2506866455,48152,48161,9
12.99036026,80.2508087158,48161,48183,22
12.99036026,80.2508087158,48183,48193,10
12.9900398254,80.2508621216,48193,48203,10
12.9893598557,80.2510528564,48203,48213,10
12.9892196655,80.2511062622,48213,48223,10
12.9887800217,80.2512283325,48223,48294,71
12.9887800217,80.2512283325,48294,48304,10
12.9885396957,80.251159668,48304,48354,50
12.9885396957,80.251159668,48354,48365,11
12.9882802963,80.2511901855,48365,48375,10
12.9878902435,80.251373291,48375,48385,10
12.9873800278,80.2515182495,48385,48395,10
12.9869804382,80.2516326904,48395,48405,10
12.9864797592,80.2517929077,48405,48415,10
12.9858503342,80.2519302368,48415,48425,10
12.9848299026,80.2521820068,48425,48435,10
12.9836702347,80.2524871826,48435,48445,10
12.9823999405,80.2526397705,48445,48455,10
12.9811897278,80.2526702881,48455,48466,11
12.9799804688,80.2528076172,48466,48506,40
12.9799804688,80.2528076172,48506,48515,9
12.979809761,80.2527236938,48515,48526,11
12.9793596268,80.2527084351,48526,48536,10
12.9785499573,80.2525482178,48536,48546,10
12.9778795242,80.2520523071,48546,48557,11
12.9767799377,80.2513427734,48557,48567,10
12.9753303528,80.2509078979,48567,48577,10
12.9738101959,80.2504730225,48577,48587,10
12.9723396301,80.2500762939,48587,48597,10
12.9708204269,80.2496566772,48597,48607,10
12.9693403244,80.2491378784,48607,48617,10
12.9678602219,80.2485809326,48617,48627,10
12.9666404724,80.2480163574,48627,48637,10
12.9653997421,80.2474975586,48637,48647,10
12.9650001526,80.2473983765,48647,48658,11
12.9647197723,80.2472686768,48658,48674,16
12.9633598328,80.246711731,48674,48686,12
12.9618997574,80.2459716797,48686,48696,10
12.9606199265,80.2453613281,48696,48706,10
12.9595899582,80.2449417114,48706,48716,10
12.959400177,80.2448196411,48716,48726,10
12.9588804245,80.2445678711,48726,48736,10
12.9580402374,80.2442092896,48736,48746,10
12.9577198029,80.244102478,48746,48757,11
12.9569702148,80.2437973022,48757,48767,10
12.9563999176,80.2435684204,48767,48777,10
12.9556999207,80.243270874,48777,48787,10
12.954750061,80.2428817749,48787,48797,10
12.9537401199,80.2424621582,48797,48807,10
12.9527101517,80.2420425415,48807,48817,10
12.951880455,80.2417602539,48817,48827,10
12.9517498016,80.2417221069,48827,48838,11
12.9511604309,80.2415008545,48838,48848,10
12.9502601624,80.2412109375,48848,48858,10
12.9495096207,80.2409591675,48858,48868,10
12.9491100311,80.2408294678,48868,48877,9
12.9485797882,80.2406082153,48877,48888,11
12.9478797913,80.2403411865,48888,48898,10
12.9469099045,80.2399520874,48898,48918,20
12.9469099045,80.2399520874,48918,48929,11
12.9468603134,80.2399215698,48929,48939,10
12.9465799332,80.2398071289,48939,48949,10
12.9454298019,80.2392883301,48949,48959,10
12.9445199966,80.2384185791,48959,48969,10
12.9436101913,80.2374420166,48969,48979,10
12.9425401688,80.2366027832,48979,48989,10
12.9412097931,80.2362136841,48989,48999,10
12.9400596619,80.2359008789,48999,49009,10
12.9396400452,80.2357406616,49009,49019,10
12.9393997192,80.2356414795,49019,49030,11
12.9386301041,80.2352371216,49030,49040,10
12.9376401901,80.2347488403,49040,49050,10
12.9364595413,80.2342071533,49050,49060,10
12.9360799789,80.2340164185,49060,49070,10
12.9356098175,80.233757019,49070,49080,10
12.9348096848,80.2334136963,49080,49090,10
12.9340000153,80.2330474854,49090,49110,20
12.9340000153,80.2330474854,49110,49121,11
12.9339199066,80.2330093384,49121,49131,10
12.9335098267,80.2328109741,49131,49141,10
12.9327802658,80.2324981689,49141,49151,10
12.9318799973,80.2321777344,49151,49161,10
12.9308004379,80.2318267822,49161,49171,10
12.929599762,80.2315063477,49171,49181,10
12.9288797379,80.2313537598,49181,49191,10
12.9281997681,80.2312316895,49191,49201,10
12.9271001816,80.2311019897,49201,49212,11
12.9256000519,80.2309188843,49212,49222,10
12.9241600037,80.230758667,49222,49232,10
12.9227399826,80.2305603027,49232,49242,10
12.9212999344,80.2303390503,49242,49252,10
12.9199495316,80.230178833,49252,49262,10
12.9186601639,80.2300109863,49262,49272,10
12.9173402786,80.2298583984,49272,49282,10
12.9161396027,80.2296905518,49282,49292,10
12.9147195816,80.2294998169,49292,49302,10
12.9136600494,80.2293701172,49302,49313,11
12.9135103226,80.2293624878,49313,49323,10
12.9131803513,80.2293014526,49323,49333,10
12.9124403,80.2291793823,49333,49343,10
12.9113197327,80.2290267944,49343,49353,10
12.9099397659,80.2287979126,49353,49363,10
12.9085798264,80.2285614014,49363,49373,10
12.9075403214,80.2284088135,49373,49383,10
12.9073200226,80.2283706665,49383,49392,9
12.9070796967,80.2283172607,49392,49404,12
12.9062204361,80.2282409668,49404,49414,10
12.9052000046,80.2282180786,49414,49424,10
12.9041204453,80.2281799316,49424,49434,10
12.9031095505,80.2281417847,49434,49444,10
12.9020595551,80.2280807495,49444,49454,10
12.9014902115,80.2280578613,49454,49464,10
12.90102005,80.2280197144,49464,49474,10
12.9005002975,80.2279586792,49474,49484,10
12.8999204636,80.2279281616,49484,49495,11
12.8992595673,80.227897644,49495,49525,30
12.8992595673,80.227897644,49525,49535,10
12.8992099762,80.227897644,49535,49545,10
12.8987598419,80.2278594971,49545,49555,10
12.8978996277,80.2277984619,49555,49565,10
12.8967599869,80.2277526855,49565,49575,10
12.8954601288,80.2276763916,49575,49585,10
12.8940095901,80.2276077271,49585,49596,11
12.8926200867,80.2274627686,49596,49606,10
12.8920297623,80.2273864746,49606,49616,10
12.8911600113,80.2273712158,49616,49626,10
12.889960289,80.2273712158,49626,49636,10
12.8886604309,80.2273712158,49636,49646,10
12.8872699738,80.2272415161,49646,49656,10
12.8858604431,80.2269210815,49656,49666,10
12.8850402832,80.2267837524,49666,49676,10
12.8849601746,80.2268066406,49676,49687,11
12.8843402863,80.2270126343,49687,49697,10
12.8832902908,80.2267303467,49697,49707,10
12.8819599152,80.2267227173,49707,49717,10
12.8804702759,80.2267532349,49717,49727,10
12.8789100647,80.2267837524,49727,49743,16
12.8768701553,80.2269592285,49743,49755,12
12.8765697479,80.2269897461,49755,49765,10
12.8763799667,80.2269821167,49765,49775,10
12.8756198883,80.2269821167,49775,49786,11
12.8743801117,80.2268371582,49786,49796,10
12.8727798462,80.2267303467,49796,49816,20
12.8727798462,80.2267303467,49816,49826,10
12.8723297119,80.2267074585,49826,49836,10
12.8713798523,80.2266616821,49836,49846,10
12.870059967,80.2265701294,49846,49856,10
12.8684797287,80.2264022827,49856,49866,10
12.8668699265,80.2265167236,49866,49877,11
12.8653001785,80.226600647,49877,49887,10
12.863699913,80.2265396118,49887,49897,10
12.8622999191,80.2265396118,49897,49907,10
12.8611602783,80.2265930176,49907,49917,10
12.8600301743,80.2264785767,49917,49927,10
12.8589601517,80.2263412476,49927,49937,10
12.85779953,80.2262573242,49937,49947,10
12.8564500809,80.2263565063,49947,49957,10
12.8549804688,80.2265167236,49957,49968,11
12.8533000946,80.2266769409,49968,49978,10
12.8517103195,80.2266387939,49978,49988,10
12.8501501083,80.2265777588,49988,49998,10
12.8488101959,80.2265777588,49998,50008,10
12.8475103378,80.2266082764,50008,50018,10
12.8462696075,80.2266311646,50018,50028,10
12.845459938,80.2266464233,50028,50038,10
12.8452501297,80.2266616821,50038,50048,10
12.8447599411,80.2266387939,50048,50059,11
12.8435897827,80.2267684937,50059,50069,10
12.8422403336,80.2270431519,50069,50079,10
12.8408403397,80.2274093628,50079,50089,10
12.8397197723,80.2276992798,50089,50109,20
12.8397197723,80.2276992798,50109,50119,10
12.8396196365,80.2277297974,50119,50129,10
12.8390903473,80.227897644,50129,50139,10
12.8381004333,80.2281417847,50139,50149,10
12.8367996216,80.2283630371,50149,50160,11
12.8351202011,80.2286224365,50160,50170,10
12.8334999084,80.2289123535,50170,50180,10
12.8322601318,80.2291564941,50180,50210,30
12.8322601318,80.2291564941,50210,50220,10
12.8320903778,80.2291793823,50220,50230,10
12.8313302994,80.2293624878,50230,50240,10
12.8302097321,80.2297821045,50240,50251,11
12.8287200928,80.2303695679,50251,50261,10
12.8273000717,80.2311630249,50261,50271,10
12.8257198334,80.2314224243,50271,50281,10
12.8241901398,80.2312927246,50281,50291,10
12.8226499557,80.2308120728,50291,50301,10
12.8210496902,80.23046875,50301,50311,10
12.8194999695,80.230506897,50311,50321,10
12.8188800812,80.2304992676,50321,50331,10
12.8187599182,80.2304611206,50331,50342,11
12.8179998398,80.2300796509,50342,50352,10
12.8168201447,80.2296066284,50352,50362,10
12.8153095245,80.229347229,50362,50372,10
12.8136997223,80.2290420532,50372,50382,10
12.8122196198,80.2285308838,50382,50392,10
12.8106498718,80.2279434204,50392,50402,10
12.8092899323,80.2273330688,50402,50412,10
12.8082199097,80.2265014648,50412,50422,10
12.8072299957,80.2256622314,50422,50432,10
12.8065395355,80.2250518799,50432,50443,11
12.8057498932,80.2243728638,50443,50453,10
12.8054504395,80.2241821289,50453,50463,10
12.8053503036,80.2241363525,50463,50473,10
12.8049602509,80.2240371704,50473,50483,10
12.8043003082,80.2239532471,50483,50499,16
12.8030796051,80.2238311768,50499,50511,12
12.802189827,80.2237167358,50511,50521,10
12.8012895584,80.2236404419,50521,50531,10
12.8008499146,80.2235870361,50531,50541,10
12.8002901077,80.2235183716,50541,50552,11
12.7992200851,80.2234191895,50552,50562,10
12.7978696823,80.2232589722,50562,50572,10
12.796500206,80.2230300903,50572,50581,9
12.795800209,80.2229385376,50581,50592,11
12.7957801819,80.2229232788,50592,50602,10
12.795539856,80.2228622437,50602,50612,10
12.7947902679,80.2227325439,50612,50623,11
12.7944097519,80.2226715088,50623,50633,10
12.7938299179,80.2225799561,50633,50643,10
12.7928199768,80.2224502563,50643,50653,10
12.791469574,80.2221374512,50653,50663,10
12.7901096344,80.221786499,50663,50673,10
12.7891702652,80.221496582,50673,50683,10
12.7885198593,80.2212677002,50683,50693,10
12.7879695892,80.2210388184,50693,50703,10
12.7874002457,80.2208328247,50703,50713,10
12.7867898941,80.2205963135,50713,50724,11
12.7863101959,80.2204208374,50724,50734,10
12.7862997055,80.2204208374,50734,50744,10
12.7861795425,80.220451355,50744,50754,10
12.7861700058,80.2207794189,50754,50764,10
12.786190033,80.2212371826,50764,50774,10
12.7861995697,80.2219085693,50774,51328,554
12.7861995697,80.2219085693,51328,51338,10
12.7862195969,80.2216567993,51338,51368,30
12.7862195969,80.2216567993,51368,51379,11
12.786190033,80.2214736938,51379,51389,10
12.7861795425,80.2213821411,51389,51399,10
12.7861795425,80.2211380005,51399,51409,10
12.7861795425,80.2207717896,51409,51419,10
12.7861995697,80.2203674316,51419,51429,10
12.7865695953,80.2204437256,51429,51480,51
12.7865695953,80.2204437256,51480,51490,10
12.7867097855,80.2205123901,51490,51500,10
12.7870397568,80.2206420898,51500,51510,10
12.7875795364,80.2208328247,51510,51520,10
12.7882204056,80.2210693359,51520,51530,10
12.7889099121,80.2213363647,51530,51540,10
12.7896299362,80.2216186523,51540,51550,10
12.7903203964,80.2218017578,51550,51561,11
12.7911701202,80.2219772339,51561,51571,10
12.7914400101,80.2220535278,51571,51581,10
12.7917604446,80.2221374512,51581,51591,10
12.7925796509,80.2223434448,51591,51601,10
12.7937498093,80.2225265503,51601,51611,10
12.7951602936,80.2227478027,51611,51621,10
12.7963895798,80.2229537964,51621,51641,20
12.7963895798,80.2229537964,51641,51651,10
12.7966403961,80.2230606079,51651,51662,11
12.7974004745,80.2231826782,51662,51672,10
12.7983999252,80.2232971191,51672,51682,10
12.7996301651,80.2234191895,51682,51692,10
12.8009996414,80.2235183716,51692,51702,10
12.8014202118,80.2235565186,51702,51712,10
12.8014802933,80.2235717773,51712,51722,10
12.8020401001,80.2236099243,51722,51732,10
12.8029203415,80.2237472534,51732,51742,10
12.8038797379,80.2238388062,51742,51752,10
12.8055400848,80.2241210938,51752,51781,29
12.8055400848,80.2241210938,51781,51791,10
12.8057003021,80.2242202759,51791,51801,10
12.8062295914,80.2246322632,51801,51811,10
12.8069000244,80.2252426147,51811,51821,10
12.8077096939,80.2259292603,51821,51831,10
12.8088798523,80.2269210815,51831,51841,10
12.8102397919,80.2276992798,51841,51852,11
12.811920166,80.2283706665,51852,51862,10
12.8135099411,80.2289199829,51862,51872,10
12.8149995804,80.2292633057,51872,51882,10
12.8164901733,80.2294769287,51882,51892,10
12.8179502487,80.2299804688,51892,51902,10
12.8197698593,80.230430603,51902,51922,20
12.8197698593,80.230430603,51922,51932,10
12.819899559,80.2304229736,51932,51943,11
12.8206195831,80.2304000854,51943,51953,10
12.8216896057,80.23046875,51953,51963,10
12.8230199814,80.2308425903,51963,51973,10
12.8244400024,80.2312011719,51973,51983,10
12.8258399963,80.231338501,51983,51993,10
12.8273296356,80.2310791016,51993,52003,10
12.8286504745,80.2303619385,52003,52013,10
12.8300104141,80.2297821045,52013,52023,10
12.8309202194,80.2293930054,52023,52034,11
12.8310203552,80.229347229,52034,52044,10
12.8310699463,80.2293395996,52044,52054,10
12.8314800262,80.2292098999,52054,52064,10
12.8320703506,80.2290725708,52064,52074,10
12.8330097198,80.2288894653,52074,52084,10
12.8353900909,80.228477478,52084,52094,10
12.8353900909,80.228477478,52094,52104,10
12.8367004395,80.2282867432,52104,52114,10
12.8379898071,80.2280578613,52114,52124,10
12.8390398026,80.2277679443,52124,52135,11
12.8394699097,80.2276382446,52135,52145,10
12.8397502899,80.2275619507,52145,52155,10
12.8404998779,80.2273864746,52155,52165,10
12.8415002823,80.2271270752,52165,52173,8
12.8424701691,80.2269134521,52173,52185,12
12.8439502716,80.2266693115,52185,52195,10
12.8448696136,80.226600647,52195,52205,10
12.8455600739,80.2265319824,52205,52225,20
12.8455600739,80.2265319824,52225,52236,11
12.8457202911,80.2265014648,52236,52246,10
12.8458995819,80.2265167236,52246,52256,10
12.8463802338,80.2265319824,52256,52266,10
12.8472299576,80.2265167236,52266,52276,10
12.8481903076,80.2265167236,52276,52286,10
12.8491897583,80.2265090942,52286,52296,10
12.8502702713,80.2265014648,52296,52306,10
12.8515195847,80.2265396118,52306,52317,11
12.8531198502,80.226600647,52317,52327,10
12.854640007,80.2264709473,52327,52337,10
12.8562002182,80.2263336182,52337,52347,10
12.8577299118,80.2261886597,52347,52357,10
12.8591003418,80.2262496948,52357,52367,10
12.8603696823,80.2264175415,52367,52377,10
12.8608198166,80.2264785767,52377,52387,10
12.8608999252,80.2264862061,52387,52397,10
12.8613700867,80.2265167236,52397,52407,10
12.8622999191,80.2264862061,52407,52418,11
12.8635597229,80.2264633179,52418,52428,10
12.864859581,80.2265014648,52428,52438,10
12.8662700653,80.2264785767,52438,52448,10
12.8676996231,80.226348877,52448,52457,9
12.8689899445,80.2263565063,52457,52467,10
12.8703203201,80.2265014648,52467,52477,10
12.871509552,80.2265930176,52477,52488,11
12.8727197647,80.226600647,52488,52498,10
12.8729295731,80.226600647,52498,52509,11
12.8733997345,80.2266311646,52509,52519,10
12.8742198944,80.2267074585,52519,52529,10
12.8753004074,80.2268371582,52529,52539,10
12.8762598038,80.2268829346,52539,52549,10
12.8763904572,80.2268676758,52549,52559,10
12.8764400482,80.2268600464,52559,52569,10
12.8766002655,80.2268676758,52569,52579,10
12.8768100739,80.2268676758,52579,52589,10
12.8774204254,80.2268218994,52589,52599,10
12.8783597946,80.2267532349,52599,52610,11
12.8796195984,80.2266769409,52610,52626,16
12.8816003799,80.2266616821,52626,52638,12
12.8831596375,80.2266387939,52638,52647,9
12.8841400146,80.2266311646,52647,52657,10
12.8849401474,80.2266235352,52657,52668,11
12.8850603104,80.2266235352,52668,52678,10
12.8851499557,80.2266387939,52678,52687,9
12.8855695724,80.2267074585,52687,52699,12
12.8865499496,80.2269668579,52699,52709,10
12.8876600266,80.2271881104,52709,52719,10
12.8890304565,80.2273025513,52719,52729,10
12.8905696869,80.2272872925,52729,52739,10
12.8920001984,80.2272796631,52739,52748,9
12.8930397034,80.2273864746,52748,52758,10
12.8943796158,80.2275619507,52758,52769,11
12.8959302902,80.2276229858,52769,52779,10
12.8972196579,80.2276763916,52779,52790,11
12.8983898163,80.2277526855,52790,52800,10
12.8993701935,80.2277908325,52800,52810,10
12.9004402161,80.2278823853,52810,52850,40
12.9004402161,80.2278823853,52850,52860,10
12.9008703232,80.2279205322,52860,52870,10
12.90143013,80.2279205322,52870,52881,11
12.9023504257,80.2279586792,52881,52891,10
12.9028301239,80.2279510498,52891,52901,10
12.9029302597,80.2279586792,52901,52911,10
12.9034900665,80.228012085,52911,52921,10
12.9044103622,80.2280578613,52921,52931,10
12.9055099487,80.2281265259,52931,52941,10
12.9064397812,80.2281799316,52941,52951,10
12.9071903229,80.2282791138,52951,52961,10
12.908200264,80.2284317017,52961,52971,10
12.9093904495,80.2286224365,52971,52982,11
12.9107398987,80.2288513184,52982,52992,10
12.9119501114,80.229019165,52992,53002,10
12.9132204056,80.2291793823,53002,53012,10
12.9140300751,80.2292633057,53012,53022,10
12.9141798019,80.2293014526,53022,53032,10
12.9146099091,80.2293624878,53032,53042,10
12.915430069,80.2294921875,53042,53052,10
12.9165401459,80.229637146,53052,53062,10
12.9173603058,80.2297515869,53062,53073,11
12.9182901382,80.2298812866,53073,53083,10
12.9194602966,80.2300415039,53083,53093,10
12.9208803177,80.2302093506,53093,53103,10
12.9223299026,80.2304229736,53103,53119,16
12.9246702194,80.2307510376,53119,53131,12
12.9260196686,80.2309188843,53131,53141,10
12.9276199341,80.2311172485,53141,53151,10
12.9288597107,80.2312927246,53151,53161,10
12.9298095703,80.2314834595,53161,53172,11
12.9310302734,80.2318115234,53172,53182,10
12.932299614,80.2322311401,53182,53192,10
12.9333095551,80.2325668335,53192,53202,10
12.933719635,80.2327423096,53202,53212,10
12.9337596893,80.232749939,53212,53222,10
12.9341201782,80.2329483032,53222,53232,10
12.9349403381,80.2333221436,53232,53242,10
12.9360198975,80.2338180542,53242,53252,10
12.9372797012,80.2344589233,53252,53263,11
12.9387102127,80.2351608276,53263,53273,10
12.9396896362,80.2355880737,53273,53313,40
12.9396896362,80.2355880737,53313,53323,10
12.9397602081,80.2356262207,53323,53333,10
12.9402399063,80.2358093262,53333,53343,10
12.9411401749,80.2360534668,53343,53354,11
12.9423999786,80.2364120483,53354,53364,10
12.9435300827,80.2371673584,53364,53374,10
12.9445695877,80.2382965088,53374,53384,10
12.9456596375,80.2392807007,53384,53394,10
12.9467802048,80.2397537231,53394,53404,10
12.94713974,80.2398910522,53404,53414,10
12.9472398758,80.2399368286,53414,53424,10
12.9477796555,80.2401733398,53424,53434,10
12.9486598969,80.240562439,53434,53445,11
12.9499197006,80.2410125732,53445,53455,10
12.9508600235,80.2412414551,53455,53465,10
12.9510297775,80.2413101196,53465,53475,10
12.9515895844,80.2415084839,53475,53485,10
12.9524402618,80.2418212891,53485,53501,16
12.9541797638,80.2425003052,53501,53513,12
12.9551496506,80.2428817749,53513,53523,10
12.9559402466,80.2432327271,53523,53533,10
12.9562997818,80.2434005737,53533,53544,11
12.9565000534,80.2434616089,53544,53554,10
12.9572496414,80.2437820435,53554,53564,10
12.9581098557,80.2441101074,53564,53574,10
12.9586601257,80.2443237305,53574,53584,10
12.9587202072,80.2443466187,53584,53594,10
12.9591703415,80.2445526123,53594,53604,10
12.959859848,80.2448883057,53604,53614,10
12.9609603882,80.2453994751,53614,53624,10
12.9621400833,80.2459716797,53624,53635,11
12.9634399414,80.2465896606,53635,53695,60
12.9634399414,80.2465896606,53695,53705,10
12.9636096954,80.2466430664,53705,53715,10
12.9641704559,80.2468795776,53715,53726,11
12.9651403427,80.2472305298,53726,53736,10
12.9662399292,80.2476196289,53736,53746,10
12.9669599533,80.2479629517,53746,53766,20
12.9669599533,80.2479629517,53766,53776,10
12.9672403336,80.2481307983,53776,53786,10
12.9679098129,80.2484207153,53786,53796,10
12.9688100815,80.2486495972,53796,53806,10
12.9700202942,80.2492370605,53806,53817,11
12.9714002609,80.2497024536,53817,53827,10
12.9728403091,80.2500686646,53827,53837,10
12.9742803574,80.2504730225,53837,53847,10
12.9757099152,80.2509002686,53847,53857,10
12.9769697189,80.2512664795,53857,53867,10
12.9779596329,80.2519073486,53867,53877,10
12.9785604477,80.2523117065,53877,53887,10
12.9785604477,80.2523193359,53887,53897,10
12.9787197113,80.2524032593,53897,53907,10
12.9792604446,80.252532959,53907,53918,11
12.979470253,80.2525405884,53918,53928,10
12.979640007,80.2525634766,53928,53938,10
12.9801998138,80.2526016235,53938,53948,10
12.9810304642,80.2525863647,53948,53958,10
12.9820804596,80.2525787354,53958,53968,10
12.9833698273,80.2524795532,53968,53978,10
12.9846801758,80.2521362305,53978,53988,10
12.9856901169,80.2518615723,53988,53998,10
12.986289978,80.251701355,53998,54049,51
12.986289978,80.251701355,54049,54059,10
12.9865598679,80.2516326904,54059,54069,10
12.9870996475,80.2514801025,54069,54079,10
12.987830162,80.2512969971,54079,54089,10
12.9892997742,80.2509002686,54089,54110,21
12.9892997742,80.2509002686,54110,54120,10
12.9894304276,80.250869751,54120,54130,10
12.9899597168,80.2507629395,54130,54140,10
12.9908800125,80.250541687,54140,54150,10
12.9920301437,80.2502593994,54150,54160,10
12.9933099747,80.2499389648,54160,54170,10
12.9945402145,80.2496185303,54170,54180,10
12.9958200455,80.2492523193,54180,54191,11
12.9973402023,80.2488479614,54191,54201,10
12.9987802505,80.2485198975,54201,54211,10
13.0001897812,80.2481765747,54211,54221,10
13.0015201569,80.2478637695,54221,54231,10
13.0026397705,80.2475891113,54231,54241,10
13.0038795471,80.2473983765,54241,54251,10
13.0051002502,80.2472076416,54251,54261,10
13.006070137,80.2469024658,54261,54271,10
13.0064697266,80.246421814,54271,54281,10
13.0065002441,80.2463684082,54281,54291,10
13.0065498352,80.246131897,54291,54302,11
13.0065898895,80.2454681396,54302,54312,10
13.0065603256,80.244758606,54312,54322,10
13.0066404343,80.2442932129,54322,54332,10
13.0066299438,80.2437667847,54332,54342,10
13.0066003799,80.2431106567,54342,54352,10
13.0065498352,80.2421875,54352,54362,10
13.0065803528,80.2410964966,54362,54372,10
13.006770134,80.2403411865,54372,54382,10
13.0068998337,80.2393798828,54382,54393,11
13.0071496964,80.23802948,54393,54403,10
13.007349968,80.2371292114,54403,54413,10
13.007399559,80.2367706299,54413,54423,10
13.0074796677,80.2365493774,54423,54433,10
13.007610321,80.2359924316,54433,54443,10
13.0077295303,80.2354202271,54443,54453,10
13.0078802109,80.2348098755,54453,54463,10
13.0080699921,80.2339096069,54463,54474,11
13.0082998276,80.2326965332,54474,54484,10
13.0085496902,80.2314834595,54484,54494,10
13.0087995529,80.2302017212,54494,54504,10
13.0090198517,80.2289505005,54504,54513,9
13.0092697144,80.2279815674,54513,54523,10
13.0097503662,80.2269592285,54523,54534,11
13.0102796555,80.2257995605,54534,54544,10
13.0107002258,80.224937439,54544,54554,10
13.0110397339,80.2242126465,54554,54565,11
13.0111398697,80.2239074707,54565,54575,10
13.0111999512,80.2237319946,54575,54585,10
13.0112400055,80.2236175537,54585,54595,10
13.0113601685,80.2232284546,54595,54605,10
13.0115995407,80.2226409912,54605,54615,10
13.0119895935,80.2217330933,54615,54625,10
13.0123701096,80.2216186523,54625,54635,10
13.0126495361,80.2219924927,54635,54645,10
13.0129995346,80.2224197388,54645,54655,10
13.0139102936,80.2232666016,54655,54673,18
13.0147399902,80.224281311,54673,54685,12
13.015540123,80.2249908447,54685,54695,10
13.0157699585,80.2251968384,54695,54705,10
13.0164804459,80.2252502441,54705,54715,10
13.0173597336,80.2249298096,54715,54725,10
13.0183401108,80.2245635986,54725,54735,10
13.0195999146,80.2244796753,54735,54755,20
13.0195999146,80.2244796753,54755,54766,11
13.0197296143,80.2245483398,54766,54776,10
13.0201797485,80.2248764038,54776,54786,10
13.020819664,80.2253189087,54786,54796,10
13.0216999054,80.225982666,54796,54806,10
13.022359848,80.2264709473,54806,54816,10
13.0225095749,80.2265777588,54816,54826,10
13.022600174,80.2266616821,54826,54836,10
13.0226802826,80.2267379761,54836,54847,11
13.0232400894,80.2272796631,54847,54857,10
13.0238399506,80.2278671265,54857,54867,10
13.024430275,80.2285614014,54867,54877,10
13.0249204636,80.2292785645,54877,54887,10
13.0254402161,80.2299880981,54887,54897,10
13.0258398056,80.230796814,54897,54906,9
13.025970459,80.2312164307,54906,54917,11
13.0260696411,80.231590271,54917,54927,10
13.0261497498,80.2319412231,54927,54937,10
13.0264101028,80.2326965332,54937,54948,11
13.0269804001,80.2336883545,54948,54958,10
13.0275201797,80.2345962524,54958,54968,10
13.0280895233,80.2355270386,54968,54978,10
13.0287504196,80.2362670898,54978,54988,10
13.029419899,80.2370223999,54988,54998,10
13.0299196243,80.2377090454,54998,55008,10
13.0302200317,80.2382583618,55008,55018,10
13.0305995941,80.2388381958,55018,55028,10
13.0307197571,80.2390289307,55028,55039,11
13.0309400558,80.239402771,55039,55049,10
13.0311403275,80.2397918701,55049,55059,10
13.0313100815,80.2400588989,55059,55069,10
13.031370163,80.2406082153,55069,55079,10
13.0315799713,80.2410964966,55079,55089,10
13.0318403244,80.2416610718,55089,55099,10
13.0323095322,80.2423171997,55099,55109,10
13.0325803757,80.24269104,55109,55118,9
13.032910347,80.2431182861,55118,55130,12
13.0334396362,80.2437973022,55130,55140,10
13.0338802338,80.244392395,55140,55150,10
13.0342798233,80.2449035645,55150,55160,10
13.034740448,80.2454833984,55160,55170,10
13.0352602005,80.2458877563,55170,55180,10
13.0355796814,80.2460021973,55180,55190,10
13.0356302261,80.2460708618,55190,55200,10
13.0359201431,80.2462387085,55200,55210,10
13.0363998413,80.2463531494,55210,55221,11
13.0371198654,80.2464828491,55221,55231,10
13.0377197266,80.2464370728,55231,55241,10
13.0387496948,80.2467575073,55241,55271,30
13.0387496948,80.2467575073,55271,55281,10
13.0388002396,80.2468185425,55281,55291,10
13.0391597748,80.2469024658,55291,55301,10
13.039270401,80.2469177246,55301,55311,10
13.0394897461,80.2469329834,55311,55322,11
13.0397596359,80.246963501,55322,55332,10
13.0403404236,80.2470703125,55332,55342,10
13.0409698486,80.2472076416,55342,55352,10
13.0418300629,80.2473602295,55352,55362,10
13.0422096252,80.2474975586,55362,55372,10
13.0429401398,80.2477874756,55372,55382,10
13.0437202454,80.2479019165,55382,55392,10
13.0443201065,80.2478790283,55392,55402,10
13.0448799133,80.2480010986,55402,55413,11
13.0454797745,80.248260498,55413,55423,10
13.0463399887,80.2484512329,55423,55433,10
13.0469303131,80.2483596802,55433,55443,10
13.0469398499,80.2483825684,55443,55453,10
13.0469703674,80.2483978271,55453,55463,10
13.0473203659,80.248588562,55463,55473,10
13.0478200912,80.2490386963,55473,55483,10
13.0483198166,80.24949646,55483,55493,10
13.0488700867,80.2496414185,55493,55504,11
13.049200058,80.2496871948,55504,55514,10
13.0496397018,80.2497787476,55514,55524,10
13.0504999161,80.2499465942,55524,55534,10
13.0514097214,80.2502212524,55534,55544,10
13.0521802902,80.2508621216,55544,55554,10
13.0528402328,80.2517471313,55554,55564,10
13.0536203384,80.2527999878,55564,55574,10
13.0544204712,80.253868103,55574,55584,10
13.055100441,80.2547302246,55584,55595,11
13.0556402206,80.2555007935,55595,55605,10
13.0560598373,80.256072998,55605,55615,10
13.0563201904,80.2563934326,55615,55625,10
13.0567398071,80.2567825317,55625,55635,10
13.0572900772,80.2572174072,55635,55645,10
13.0576400757,80.257522583,55645,55655,10
13.0579795837,80.2579421997,55655,55665,10
13.0583696365,80.2584609985,55665,55675,10
13.0586500168,80.2588577271,55675,55685,10
13.0590000153,80.2593307495,55685,55696,11
13.0593595505,80.2598876953,55696,55706,10
13.0599002838,80.2603302002,55706,55716,10
13.0603704453,80.2608184814,55716,55726,10
13.0605602264,80.2610626221,55726,55736,10
13.0606899261,80.2612380981,55736,55746,10
13.0610399246,80.2617492676,55746,55756,10
13.0613298416,80.262046814,55756,55766,10
13.0615901947,80.2623596191,55766,55776,10
13.0620298386,80.2629470825,55776,55786,10
13.0625600815,80.2636108398,55786,55797,11
13.0628995895,80.2639770508,55797,55807,10
13.0632896423,80.264541626,55807,55817,10
13.0636301041,80.2650909424,55817,55827,10
13.0637702942,80.2652206421,55827,55837,10
13.06387043,80.2653198242,55837,55847,10
13.0639801025,80.2655181885,55847,55857,10
13.0641803741,80.2657623291,55857,55867,10
13.0643396378,80.2659683228,55867,55878,11
13.064499855,80.2661437988,55878,55888,10
13.0645999908,80.2662887573,55888,55898,10
13.0647001266,80.2664413452,55898,55908,10
13.0648803711,80.2666625977,55908,55918,10
13.0653295517,80.2670593262,55918,55928,10
13.0658597946,80.267578125,55928,55938,10
13.0659704208,80.2677230835,55938,55948,10
13.0662002563,80.2680206299,55948,55958,10
13.0667295456,80.268447876,55958,55969,11
13.0672197342,80.2687835693,55969,55979,10
13.067779541,80.2691116333,55979,55989,10
13.0681800842,80.2693405151,55989,55999,10
13.0682401657,80.2694168091,55999,56009,10
13.0682201385,80.2697525024,56009,56019,10
13.0681495667,80.2701416016,56019,56029,10
13.0681295395,80.2705688477,56029,56039,10
13.0680599213,80.2710113525,56039,56048,9
13.0681495667,80.2714233398,56048,56059,11
13.0685195923,80.2717971802,56059,56070,11
13.069270134,80.2722091675,56070,56080,10
13.0699300766,80.2729187012,56080,56090,10
13.0705299377,80.2736663818,56090,56100,10
13.0710697174,80.2740478516,56100,56110,10
13.0710897446,80.2740631104,56110,56120,10
13.0711698532,80.2741012573,56120,56130,10
13.0715303421,80.2742233276,56130,56161,31
13.0715303421,80.2742233276,56161,56171,10
13.0716400146,80.2743225098,56171,56181,10
13.0719995499,80.2746200562,56181,56197,16
13.0730895996,80.2758102417,56197,56209,12
13.0739803314,80.2763519287,56209,56219,10
13.0749702454,80.2762908936,56219,56229,10
13.0760202408,80.2762527466,56229,56239,10
13.0770797729,80.2761764526,56239,56250,11
13.0781202316,80.2760162354,56250,56260,10
13.0784702301,80.2752380371,56260,56270,10
13.0792999268,80.2751922607,56270,56280,10
13.0802297592,80.2752304077,56280,56290,10
13.0809297562,80.2751617432,56290,56341,51
13.0809297562,80.2751617432,56341,56351,10
13.0811300278,80.2751617432,56351,56361,10
13.0815896988,80.275138855,56361,56371,10
13.0819997787,80.2754364014,56371,56452,81
13.0819997787,80.2754364014,56452,56470,18
13.0820198059,80.2755737305,56470,56684,214
13.081990242,80.2756118774,56684,58019,1335
13.081990242,80.2758178711,58019,58069,50
13.081990242,80.2758178711,58069,58079,10
13.0820198059,80.2759170532,58079,58089,10
13.0818300247,80.2760314941,58089,58099,10
13.0818195343,80.2763977051,58099,58110,11
13.0819597244,80.2774200439,58110,58120,10
13.0821504593,80.2781829834,58120,58130,10
13.0821304321,80.2783966064,58130,58140,10
13.0819597244,80.2782669067,58140,58150,10
13.0818901062,80.2777023315,58150,58160,10
13.0818595886,80.2773590088,58160,58170,10
13.0817899704,80.2768325806,58170,58180,10
13.0817203522,80.2762298584,58180,58189,9
13.0815200806,80.2755508423,58189,58201,12
13.081319809,80.2751998901,58201,58211,10
13.080789566,80.2752609253,58211,58221,10
13.0800104141,80.2753295898,58221,58231,10
13.0791702271,80.2752609253,58231,58241,10
13.0783700943,80.275390625,58241,58251,10
13.0780200958,80.2761764526,58251,58261,10
13.0770797729,80.2762680054,58261,58271,10
13.0761203766,80.2763519287,58271,58281,10
13.0755996704,80.2763671875,58281,58292,11
13.0747003555,80.2764129639,58292,58302,10
13.0738096237,80.2764968872,58302,58342,40
13.0738096237,80.2764968872,58342,58352,10
13.0734500885,80.2763519287,58352,58362,10
13.0728597641,80.2756881714,58362,58372,10
13.0721998215,80.2749786377,58372,58382,10
13.0717000961,80.274597168,58382,58393,11
13.0710201263,80.2745132446,58393,58403,10
13.0708999634,80.2744064331,58403,58413,10
13.0708398819,80.2743606567,58413,58423,10
13.0705900192,80.2740097046,58423,58433,10
13.070400238,80.2735671997,58433,58443,10
13.070019722,80.2731399536,58443,58453,10
13.0695295334,80.2725830078,58453,58463,10
13.0691604614,80.2721786499,58463,58484,21
13.0691604614,80.2721786499,58484,58494,10
13.0687799454,80.271987915,58494,58504,10
13.0683803558,80.2718276978,58504,58514,10
13.0681200027,80.2714920044,58514,58524,10
13.0679197311,80.271156311,58524,58544,20
13.0679197311,80.271156311,58544,58554,10
13.0676898956,80.2707977295,58554,58564,10
13.0670003891,80.2701416016,58564,58575,11
13.0664300919,80.2690200806,58575,58585,10
13.066280365,80.2683563232,58585,58595,10
13.0659503937,80.2679824829,58595,58605,10
13.0656003952,80.2677688599,58605,58635,30
13.0656003952,80.2677688599,58635,58645,10
13.0653095245,80.2676696777,58645,58655,10
13.065030098,80.267616272,58655,58666,11
13.0644197464,80.2675170898,58666,58676,10
13.064209938,80.2674713135,58676,58686,10
13.0638599396,80.2673873901,58686,58696,10
13.0634498596,80.267326355,58696,58706,10
13.0631904602,80.267288208,58706,58716,10
13.0630502701,80.2672576904,58716,58726,10
13.0628204346,80.2671966553,58726,58736,10
13.0625896454,80.267036438,58736,58746,10
13.0623903275,80.2667694092,58746,58756,10
13.06208992,80.2663879395,58756,58767,11
13.0616397858,80.265838623,58767,58777,10
13.0612201691,80.2653503418,58777,58787,10
13.0606098175,80.2654037476,58787,58797,10
13.0605697632,80.265411377,58797,58807,10
13.0601596832,80.2655410767,58807,58817,10
13.0595998764,80.2655715942,58817,58827,10
13.0589704514,80.2655410767,58827,58837,10
13.0582199097,80.265296936,58837,58847,10
13.0580196381,80.2644882202,58847,58858,11
13.0578804016,80.2635803223,58858,58868,10
13.057800293,80.2627563477,58868,58878,10
13.0577001572,80.2621536255,58878,58888,10
13.0575504303,80.2615203857,58888,58898,10
13.0574903488,80.261138916,58898,58908,10
13.0573196411,80.2604675293,58908,58918,10
13.0570898056,80.2596511841,58918,58928,10
13.0568304062,80.2587966919,58928,58944,16
13.0565900803,80.2577209473,58944,58957,13
13.0564804077,80.2573013306,58957,58967,10
13.0564203262,80.2569503784,58967,58976,9
13.0561704636,80.2563171387,58976,58987,11
13.0555801392,80.2555007935,58987,58997,10
13.0549201965,80.2545928955,58997,59007,10
13.0543603897,80.2538986206,59007,59017,10
13.0539798737,80.25340271,59017,59027,10
13.0536203384,80.2528381348,59027,59037,10
13.0531797409,80.2522201538,59037,59048,11
13.0526504517,80.2515487671,59048,59058,10
13.0522499084,80.2509918213,59058,59068,10
13.051659584,80.2503967285,59068,59078,10
13.0508804321,80.2500686646,59078,59088,10
13.0498800278,80.2498626709,59088,59098,10
13.0489196777,80.2497711182,59098,59108,10
13.0482501984,80.2495269775,59108,59118,10
13.0475902557,80.2490005493,59118,59128,10
13.0471200943,80.2486572266,59128,59139,11
13.0468301773,80.2486801147,59139,59149,10
13.0467796326,80.2486724854,59149,59159,10
13.0462999344,80.248588562,59159,59169,10
13.0455198288,80.2483596802,59169,59179,10
13.0446596146,80.2481079102,59179,59189,10
13.0436401367,80.2479324341,59189,59199,10
13.0428695679,80.2477798462,59199,59209,10
13.0422201157,80.2476425171,59209,59219,10
13.0415296555,80.2474594116,59219,59230,11
13.0405797958,80.2472915649,59230,59239,9
13.0399799347,80.247177124,59239,59260,21
13.0399799347,80.247177124,59260,59270,10
13.0397396088,80.2471466064,59270,59280,10
13.0391597748,80.2470092773,59280,59290,10
13.0385103226,80.2468338013,59290,59300,10
13.0378799438,80.2467422485,59300,59310,10
13.0371904373,80.2466201782,59310,59321,11
13.0364599228,80.2464675903,59321,59331,10
13.0355596542,80.2462234497,59331,59351,20
13.0355596542,80.2462234497,59351,59361,10
13.0353403091,80.2461471558,59361,59371,10
13.0352096558,80.2461166382,59371,59381,10
13.0348701477,80.2458496094,59381,59391,10
13.0346403122,80.2455062866,59391,59401,10
13.0342102051,80.2449569702,59401,59412,11
13.0336303711,80.2442779541,59412,59422,10
13.032910347,80.2433776855,59422,59432,10
13.0324602127,80.2427902222,59432,59472,40
13.0324602127,80.2427902222,59472,59482,10
13.0323400497,80.2426605225,59482,59492,10
13.0322303772,80.242477417,59492,59502,10
13.0320796967,80.2423019409,59502,59513,11
13.0318803787,80.241897583,59513,59523,10
13.0316896439,80.2414398193,59523,59583,60
13.0316896439,80.2414398193,59583,59593,10
13.0316495895,80.241317749,59593,59610,17
13.0312099457,80.2403869629,59610,59622,12
13.0308103561,80.2394714355,59622,59632,10
13.0303297043,80.2385864258,59632,59642,10
13.029800415,80.2376785278,59642,59652,10
13.0291204453,80.2368164063,59652,59662,10
13.0283498764,80.2360229492,59662,59672,10
13.0274801254,80.2347717285,59672,59682,10
13.0269002914,80.2338027954,59682,59692,10
13.0264101028,80.2329864502,59692,59703,11
13.0261201859,80.232208252,59703,59713,10
13.0260801315,80.2320022583,59713,59723,10
13.026049614,80.2317962646,59723,59733,10
13.0259199142,80.2313308716,59733,59743,10
13.0256500244,80.2305908203,59743,59753,10
13.0251302719,80.2297668457,59753,59763,10
13.0245800018,80.229057312,59763,59794,31
13.0245800018,80.229057312,59794,59804,10
13.0243501663,80.2287521362,59804,59814,10
13.0239095688,80.2282104492,59814,59824,10
13.0234804153,80.2277832031,59824,59834,10
13.0234804153,80.2277679443,59834,59844,10
13.023229599,80.2275009155,59844,59854,10
13.0227003098,80.2269897461,59854,59864,10
13.0219802856,80.226348877,59864,59874,10
13.0212497711,80.225769043,59874,59885,11
13.0206604004,80.2253417969,59885,59895,10
13.0202598572,80.2250671387,59895,59905,10
13.0200796127,80.2249221802,59905,59915,10
13.0198898315,80.2247924805,59915,59925,10
13.0193395615,80.2245178223,59925,59935,10
13.0185003281,80.2246398926,59935,59945,10
13.0177602768,80.2249526978,59945,59955,10
13.0170097351,80.2252807617,59955,59965,10
13.016409874,80.2255096436,59965,59976,11
13.0158100128,80.2257232666,59976,59986,10
13.0149497986,80.2260665894,59986,60016,30
13.0149497986,80.2260665894,60016,60026,10
13.0148801804,80.2260894775,60026,60036,10
13.014380455,80.2262802124,60036,60046,10
13.0139198303,80.2264633179,60046,60056,10
13.0131101608,80.2267379761,60056,60066,10
13.012049675,80.2271575928,60066,60083,17
13.0100097656,80.2279815674,60083,60095,12
13.0091104507,80.2287368774,60095,60105,10
13.0088596344,80.2300262451,60105,60115,10
13.0085601807,80.2315673828,60115,60125,10
13.0082902908,80.233001709,60125,60134,9
13.008190155,80.233757019,60134,60145,11
13.0081195831,80.234046936,60145,60156,11
13.0079898834,80.2347793579,60156,60166,10
13.0077695847,80.2358474731,60166,60176,10
13.0075597763,80.2369384766,60176,60186,10
13.007349968,80.2378768921,60186,60195,9
13.0072402954,80.2383728027,60195,60206,11
13.0070896149,80.2390975952,60206,60216,10
13.0069704056,80.2397384644,60216,60226,10
13.0068502426,80.2403488159,60226,60236,10
13.0067195892,80.2410736084,60236,60246,10
13.0066699982,80.2419433594,60246,60257,11
13.0066795349,80.2428207397,60257,60267,10
13.0066795349,80.243637085,60267,60277,10
13.0067195892,80.2446136475,60277,60287,10
13.0067300797,80.245552063,60287,60297,10
13.0067501068,80.2462768555,60297,60307,10
13.0067796707,80.2467880249,60307,60317,10
13.0067501068,80.2473602295,60317,60368,51
13.0067501068,80.2473602295,60368,60378,10
13.0064897537,80.247428894,60378,60388,10
13.0060901642,80.247467041,60388,60398,10
13.0060501099,80.247467041,60398,60408,10
13.0056800842,80.247428894,60408,60418,10
13.0050096512,80.2474212646,60418,60428,10
13.0040302277,80.2475128174,60428,60438,10
13.0029096603,80.2476806641,60438,60449,11
13.001660347,80.2479629517,60449,60459,10
13.0003595352,80.2482681274,60459,60469,10
12.9989595413,80.2486190796,60469,60479,10
12.9975404739,80.2489700317,60479,60489,10
12.9961395264,80.2493362427,60489,60499,10
12.9947500229,80.2497024536,60499,60509,10
12.993350029,80.2500610352,60509,60519,10
12.991979599,80.2503890991,60519,60529,10
12.9911403656,80.2506408691,60529,60540,11
12.9909696579,80.2506790161,60540,60550,10
12.9904603958,80.2508010864,60550,60560,10
12.9895401001,80.2510223389,60560,60570,10
12.9883203506,80.2513504028,60570,60701,131
12.9883203506,80.2513504028,60701,60711,10
12.9880399704,80.251411438,60711,60722,11
12.9875202179,80.2515411377,60722,60732,10
12.9868001938,80.2517318726,60732,60742,10
12.986120224,80.2518768311,60742,60752,10
12.9852199554,80.2521209717,60752,60762,10
12.9841003418,80.2524185181,60762,60772,10
12.9828596115,80.2526626587,60772,60782,10
12.9815597534,80.2526931763,60782,60792,10
12.9804201126,80.2527694702,60792,60802,10
12.979470253,80.2527313232,60802,60812,10
12.9786596298,80.2526321411,60812,60823,11
12.978509903,80.2525634766,60823,60833,10
12.9783201218,80.2524185181,60833,60843,10
12.9778795242,80.2520523071,60843,60853,10
12.9772596359,80.2515411377,60853,60869,16
12.9756202698,80.2509994507,60869,60881,12
12.9742498398,80.2506027222,60881,60890,9
12.9733600616,80.2503509521,60890,60901,11
12.9719495773,80.2499771118,60901,60911,10
12.9707698822,80.2496566772,60911,60922,11
12.9696702957,80.2492370605,60922,60932,10
12.9686098099,80.2488327026,60932,60942,10
12.9675102234,80.2483901978,60942,60952,10
12.9666900635,80.2479934692,60952,60961,9
12.9652700424,80.2474517822,60961,60982,21
12.9652700424,80.2474517822,60982,60992,10
12.9652395248,80.247428894,60992,61001,9
12.9648504257,80.2472915649,61001,61013,12
12.9641103745,80.2470397949,61013,61023,10
12.9637699127,80.2469024658,61023,61033,10
12.963259697,80.2466430664,61033,61043,10
12.9624595642,80.2462387085,61043,61053,10
12.9614801407,80.2457809448,61053,61063,10
12.960269928,80.2453308105,61063,61073,10
12.9595899582,80.244972229,61073,61083,10
12.9594602585,80.2448806763,61083,61093,10
12.9591503143,80.244682312,61093,61104,11
12.9582796097,80.2443008423,61104,61114,10
12.9576702118,80.2440719604,61114,61130,16
12.9566402435,80.2436676025,61130,61152,22
12.956489563,80.243598938,61152,61203,51
12.956489563,80.243598938,61203,61213,10
12.9558095932,80.2432937622,61213,61223,10
12.9549102783,80.2429122925,61223,61233,10
12.9539003372,80.2425003052,61233,61243,10
12.9527797699,80.2420425415,61243,61253,10
12.9518098831,80.2417221069,61253,61263,10
12.9515895844,80.2416687012,61263,61273,10
12.9512796402,80.2415313721,61273,61283,10
12.9505796432,80.241317749,61283,61294,11
12.9495296478,80.2410202026,61294,61304,10
12.9484996796,80.2406234741,61304,61314,10
12.9474802017,80.2401885986,61314,61324,10
12.9470596313,80.240020752,61324,61334,10
12.9467601776,80.2398605347,61334,61344,10
12.9460296631,80.2395782471,61344,61354,10
12.9451398849,80.2390365601,61354,61364,10
12.9442796707,80.2381362915,61364,61374,10
12.9434204102,80.2372131348,61374,61385,11
12.9423398972,80.2365112305,61385,61395,10
12.9411802292,80.2361907959,61395,61411,16
12.9398097992,80.2358169556,61411,61423,12
12.9396800995,80.2357406616,61423,61433,10
12.939209938,80.2356262207,61433,61443,10
12.9382600784,80.2351074219,61443,61453,10
12.9371500015,80.2345428467,61453,61463,10
12.9362201691,80.2340011597,61463,61473,10
12.9351997375,80.2335586548,61473,61484,11
12.9339399338,80.2330474854,61484,61524,40
12.9339399338,80.2330474854,61524,61534,10
12.9336996078,80.2329330444,61534,61544,10
12.9330301285,80.2326202393,61544,61554,10
12.9320297241,80.2322692871,61554,61564,10
12.9309101105,80.2319107056,61564,61575,11
12.9297199249,80.2315597534,61575,61585,10
12.928850174,80.2313919067,61585,61595,10
12.9281597137,80.2312698364,61595,61605,10
12.9271402359,80.2311630249,61605,61615,10
12.9261598587,80.2310180664,61615,61625,10
12.9251003265,80.2308883667,61625,61635,10
12.9238595963,80.2307434082,61635,61645,10
12.9227104187,80.2305831909,61645,61655,10
12.9215297699,80.2303924561,61655,61666,11
12.9202699661,80.23021698,61666,61676,10
12.9192199707,80.2300872803,61676,61686,10
12.9182300568,80.2299575806,61686,61696,10
12.9171600342,80.2298202515,61696,61706,10
12.9161500931,80.2296829224,61706,61716,10
12.9150104523,80.2295227051,61716,61726,10
12.9140195847,80.2294082642,61726,61736,10
12.9136800766,80.2293777466,61736,61746,10
12.913599968,80.2293701172,61746,61757,11
12.9133901596,80.2293395996,61757,61767,10
12.9129896164,80.2292785645,61767,61777,10
12.912320137,80.2291793823,61777,61787,10
12.9114599228,80.229057312,61787,61797,10
12.9104604721,80.2289123535,61797,61807,10
12.9094200134,80.2287216187,61807,61817,10
12.9083204269,80.2285308838,61817,61827,10
12.9068202972,80.2283630371,61827,61888,61
12.9068202972,80.2283630371,61888,61898,10
12.9066400528,80.2283401489,61898,61908,10
12.9062299728,80.2282562256,61908,61918,10
12.9055404663,80.2282333374,61918,61928,10
12.9045200348,80.228187561,61928,61938,10
12.9033699036,80.2281265259,61938,61949,11
12.9021596909,80.2280731201,61949,61959,10
12.9012002945,80.2280426025,61959,62009,50
12.9012002945,80.2280426025,62009,62019,10
12.9011497498,80.2279891968,62019,62029,10
12.9008197784,80.2279663086,62029,62040,11
12.9001102448,80.2279510498,62040,62050,10
12.8992004395,80.2279205322,62050,62070,20
12.8992004395,80.2279205322,62070,62080,10
12.8990001678,80.2279205322,62080,62181,101
12.8990001678,80.2279205322,62181,62191,10
12.8987598419,80.2279281616,62191,62201,10
12.8982601166,80.2278594971,62201,62211,10
12.8975400925,80.2278137207,62211,62222,11
12.8966197968,80.2277679443,62222,62232,10
12.8956804276,80.2277297974,62232,62242,10
12.8946304321,80.2276916504,62242,62252,10
12.8935804367,80.2276000977,62252,62262,10
12.8925695419,80.2274780273,62262,62272,10
12.8915500641,80.2274169922,62272,62282,10
12.8903999329,80.2274169922,62282,62292,10
12.8892498016,80.2274093628,62292,62302,10
12.8880701065,80.2273712158,62302,62312,10
12.8869400024,80.2272033691,62312,62323,11
12.8857097626,80.2268981934,62323,62333,10
12.884759903,80.2269134521,62333,62343,10
12.8845596313,80.227180481,62343,62353,10
12.8842601776,80.2270965576,62353,62363,10
12.8836297989,80.2267913818,62363,62373,10
12.8826799393,80.2267608643,62373,62383,10
12.8816404343,80.2267608643,62383,62393,10
12.880490303,80.2267608643,62393,62403,10
12.8793201447,80.2267837524,62403,62414,11
12.8780498505,80.2268829346,62414,62424,10
12.8769598007,80.2269821167,62424,62434,10
12.876449585,80.2270278931,62434,62444,10
12.8764600754,80.2270202637,62444,62454,10
12.8762998581,80.2270278931,62454,62464,10
12.8756599426,80.2270202637,62464,62474,10
12.8746299744,80.2268981934,62474,62484,10
12.8733701706,80.2267684937,62484,62494,10
12.8722496033,80.2267303467,62494,62511,17
12.8700304031,80.2266235352,62511,62523,12
12.8684101105,80.2264328003,62523,62533,10
12.8670101166,80.2265396118,62533,62543,10
12.8657598495,80.2266387939,62543,62553,10
12.8647499084,80.2266235352,62553,62563,10
12.863360405,80.2265777588,62563,62573,10
12.8620004654,80.2266235352,62573,62583,10
12.8612003326,80.2266464233,62583,62593,10
12.861120224,80.2266387939,62593,62604,11
12.8606300354,80.2265777588,62604,62614,10
12.8598299026,80.2264709473,62614,62624,10
12.8588495255,80.2263412476,62624,62634,10
12.8578796387,80.2262878418,62634,62644,10
12.8568201065,80.2263717651,62644,62654,10
12.8556499481,80.2264862061,62654,62664,10
12.8544397354,80.2266235352,62664,62674,10
12.8532400131,80.2267303467,62674,62684,10
12.8519802094,80.2266998291,62684,62695,11
12.8505601883,80.2266311646,62695,62705,10
12.8493204117,80.2266082764,62705,62715,10
12.848110199,80.2266082764,62715,62725,10
12.8468904495,80.2266311646,62725,62735,10
12.8459501266,80.2266387939,62735,62745,10
12.8453302383,80.2266387939,62745,62755,10
12.8450803757,80.2266769409,62755,62765,10
12.8447704315,80.2268218994,62765,62775,10
12.8441400528,80.2267379761,62775,62786,11
12.8430595398,80.2268829346,62786,62796,10
12.8419704437,80.2271270752,62796,62806,10
12.8410196304,80.2273864746,62806,62816,10
12.8399600983,80.2276763916,62816,62846,30
12.8399600983,80.2276763916,62846,62856,10
12.8397502899,80.2277374268,62856,62866,10
12.8394298553,80.2278213501,62866,62877,11
12.8386297226,80.2280197144,62877,62887,10
12.8375902176,80.2282409668,62887,62897,10
12.8363199234,80.2284393311,62897,62907,10
12.8350601196,80.2286376953,62907,62917,10
12.8337802887,80.2288589478,62917,62927,10
12.8322200775,80.2291793823,62927,62947,20
12.8322200775,80.2291793823,62947,62957,10
12.8319597244,80.2292480469,62957,62967,10
12.8316202164,80.2293167114,62967,62978,11
12.8309001923,80.2295303345,62978,62988,10
12.8300600052,80.229850769,62988,62998,10
12.8290996552,80.23021698,62998,63008,10
12.8281002045,80.2307434082,63008,63018,10
12.8270597458,80.2312698364,63018,63028,10
12.8259000778,80.2314300537,63028,63038,10
12.824760437,80.2314224243,63038,63048,10
12.8236398697,80.2311096191,63048,63058,10
12.8224201202,80.2307434082,63058,63069,11
12.8210496902,80.2304763794,63069,63079,10
12.8200798035,80.230506897,63079,63089,10
12.8196697235,80.2305221558,63089,63099,10
12.8189001083,80.230506897,63099,63109,10
12.8187599182,80.2304611206,63109,63119,10
12.8183002472,80.2302322388,63119,63129,10
12.8174600601,80.2298431396,63129,63139,10
12.8163204193,80.2295227051,63139,63149,10
12.8150100708,80.2293167114,63149,63160,11
12.8135995865,80.2290115356,63160,63170,10
12.8124303818,80.2286224365,63170,63180,10
12.8111801147,80.2281570435,63180,63190,10
12.8099603653,80.2276687622,63190,63200,10
12.8088703156,80.2270278931,63200,63210,10
12.807849884,80.2261886597,63210,63220,10
12.8070201874,80.225479126,63220,63230,10
12.8064002991,80.2249221802,63230,63240,10
12.8057603836,80.2243499756,63240,63251,11
12.8053302765,80.2241210938,63251,63260,9
12.8050603867,80.2240524292,63260,63271,11
12.8049602509,80.2240371704,63271,63280,9
12.8045301437,80.2239608765,63280,63291,11
12.803730011,80.2239074707,63291,63301,10
12.8028697968,80.2238311768,63301,63310,9
12.8019504547,80.2237167358,63310,63322,12
12.8008403778,80.2236022949,63322,63332,10
12.7998399734,80.2235107422,63332,63343,11
12.7990102768,80.2234268188,63343,63353,10
12.7980604172,80.2233200073,63353,63363,10
12.7970199585,80.2231674194,63363,63373,10
12.7961397171,80.2230606079,63373,63383,10
12.7960100174,80.2230300903,63383,63393,10
12.7958698273,80.2229919434,63393,63404,11
12.7957801819,80.2229690552,63404,63414,10
12.7955303192,80.2229232788,63414,63424,10
12.7952804565,80.222869873,63424,63434,10
12.7946796417,80.2227783203,63434,63445,11
12.7939996719,80.2226867676,63445,63455,10
12.7934503555,80.2226104736,63455,63465,10
12.7928695679,80.2225036621,63465,63475,10
12.79226017,80.2223434448,63475,63485,10
12.7915802002,80.2221908569,63485,63495,10
12.7908296585,80.2220230103,63495,63505,10
12.7900800705,80.2218322754,63505,63515,10
12.7894601822,80.2216415405,63515,63525,10
12.7888002396,80.2213821411,63525,63536,11
12.7879695892,80.2210617065,63536,63546,10
12.7875795364,80.2209014893,63546,63556,10
12.7872495651,80.2207717896,63556,63566,10
12.7871103287,80.220703125,63566,63586,20
12.7871103287,80.220703125,63586,63596,10
12.7870397568,80.2206878662,63596,63606,10
12.786860466,80.2206115723,63606,63667,61
12.786860466,80.2206115723,63667,63677,10
12.7866001129,80.2205200195,63677,63697,20
12.7866001129,80.2205200195,63697,63707,10
12.7864599228,80.2204818726,63707,63718,11
12.7862501144,80.2203826904,63718,63728,10
12.7859201431,80.2202377319,63728,63738,10
12.7857398987,80.220161438,63738,63748,10
12.7855796814,80.2200775146,63748,63758,10
12.7853603363,80.2199630737,63758,63768,10
12.785030365,80.2198104858,63768,63778,10
12.7847604752,80.2196807861,63778,63788,10
12.784620285,80.2196121216,63788,63798,10
12.7844400406,80.2194976807,63798,63808,10
12.7839298248,80.2192230225,63808,63819,11
12.7831602097,80.2187805176,63819,63829,10
12.7823600769,80.2183303833,63829,63839,10
12.7815198898,80.217880249,63839,63849,10
12.7806997299,80.2174301147,63849,63859,10
12.7798099518,80.2169494629,63859,63869,10
12.7788696289,80.2164535522,63869,63879,10
12.7778301239,80.2159423828,63879,63889,10
12.7767896652,80.2155075073,63889,63899,10
12.7757797241,80.2151031494,63899,63910,11
12.7746696472,80.2146530151,63910,63920,10
12.7736101151,80.2142181396,63920,63930,10
12.7725696564,80.2138214111,63930,63940,10
12.771780014,80.2135314941,63940,63950,10
12.7716798782,80.2134933472,63950,63960,10
12.7711601257,80.2133102417,63960,63970,10
12.7706298828,80.2131500244,63970,63980,10
12.7706003189,80.2131500244,63980,63990,10
12.7702503204,80.2130126953,63990,64001,11
12.7694997787,80.2127532959,64001,64011,10
12.7685899734,80.2124176025,64011,64021,10
12.7675104141,80.2120437622,64021,64031,10
12.7664299011,80.2116470337,64031,64041,10
12.7653598785,80.2112579346,64041,64051,10
12.7642498016,80.2108612061,64051,64061,10
12.7631702423,80.2104568481,64061,64071,10
12.7620897293,80.2100219727,64071,64081,10
12.7609701157,80.2095184326,64081,64092,11
12.7598600388,80.2089309692,64092,64102,10
12.7596502304,80.2088088989,64102,64112,10
12.7593297958,80.2086334229,64112,64122,10
12.7585897446,80.2082138062,64122,64132,10
12.7575302124,80.2076187134,64132,64142,10
12.7563400269,80.2069702148,64142,64152,10
12.7551603317,80.2063064575,64152,64162,10
12.7539701462,80.205657959,64162,64172,10
12.7527599335,80.2050170898,64172,64183,11
12.7514896393,80.2043533325,64183,64193,10
12.7505197525,80.2038269043,64193,64203,10
12.7495203018,80.2033233643,64203,64213,10
12.7484302521,80.2027587891,64213,64223,10
12.747300148,80.2021865845,64223,64233,10
12.746219635,80.2016372681,64233,64243,10
12.7451000214,80.2010498047,64243,64253,10
12.7441196442,80.2001876831,64253,64263,10
12.7432899475,80.1992416382,64263,64274,11
12.742389679,80.1981811523,64274,64284,10
12.7417201996,80.1973266602,64284,64294,10
12.7414999008,80.1970596313,64294,64304,10
12.7414703369,80.1969985962,64304,64314,10
12.7411403656,80.1965332031,64314,64324,10
12.7405796051,80.1957321167,64324,64334,10
12.7398700714,80.1947174072,64334,64344,10
12.7390203476,80.1935577393,64344,64354,10
12.7380599976,80.1923828125,64354,64364,10
12.7371101379,80.1914367676,64364,64375,11
12.7359399796,80.1902770996,64375,64385,10
12.7348604202,80.1896591187,64385,64395,10
12.7336196899,80.1895217896,64395,64405,10
12.7325401306,80.1893768311,64405,64415,10
12.7315998077,80.1891937256,64415,64425,10
12.7307500839,80.1891098022,64425,64435,10
12.7304601669,80.1890792847,64435,64445,10
12.730050087,80.1890182495,64445,64455,10
12.7298202515,80.1890029907,64455,64466,11
12.7296800613,80.1889877319,64466,64476,10
12.7296695709,80.1889877319,64476,64486,10
12.729590416,80.1889877319,64486,64496,10
12.7291603088,80.1889877319,64496,64506,10
12.7286500931,80.1888580322,64506,64516,10
12.727930069,80.188659668,64516,64526,10
12.7271795273,80.1884536743,64526,64536,10
12.726360321,80.1882781982,64536,64546,10
12.7256002426,80.1881484985,64546,64557,11
12.7250900269,80.1880569458,64557,64567,10
12.7250099182,80.188041687,64567,64577,10
12.7247104645,80.18800354,64577,64587,10
12.7243003845,80.1878967285,64587,64597,10
12.7238101959,80.1877593994,64597,64607,10
12.7235498428,80.1876831055,64607,64617,10
12.7230195999,80.1875534058,64617,64627,10
12.7225103378,80.1874313354,64627,64637,10
12.7222995758,80.1875991821,64637,64658,21
12.7222995758,80.1875991821,64658,64668,10
12.7220602036,80.1877975464,64668,64688,20
12.7220602036,80.1877975464,64688,64698,10
12.7220096588,80.18800354,64698,64708,10
12.7221698761,80.1878585815,64708,66326,1618
12.7221698761,80.1878585815,66326,66336,10
12.7222003937,80.1877288818,66336,66437,101
12.7222003937,80.1877288818,66437,66447,10
12.722319603,80.1874389648,66447,66467,20
12.722319603,80.1874389648,66467,66477,10
12.7225999832,80.187461853,66477,66487,10
12.7230195999,80.1875762939,66487,66498,11
12.7237195969,80.1877593994,66498,66518,20
12.724729538,80.1880111694,66518,66528,10
12.7251996994,80.1881027222,66528,66538,10
12.7258300781,80.1882019043,66538,66548,10
12.7265300751,80.188331604,66548,66558,10
12.7272596359,80.1884918213,66558,66568,10
12.7280597687,80.1887130737,66568,66579,11
12.7290000916,80.1889801025,66579,66591,12
12.7296895981,80.1890182495,66591,66601,10
12.7298002243,80.1890335083,66601,66611,10
12.7302103043,80.1890716553,66611,66621,10
12.7304496765,80.1891174316,66621,66631,10
12.7309398651,80.189163208,66631,66641,10
12.7314996719,80.189201355,66641,66651,10
12.7323703766,80.1893615723,66651,66661,10
12.7333202362,80.1894989014,66661,66671,10
12.7345695496,80.1895980835,66671,66682,11
12.7357797623,80.1900634766,66682,66692,10
12.7366104126,80.1908874512,66692,66702,10
12.7372503281,80.1915206909,66702,66712,10
12.7379598618,80.1922073364,66712,66722,10
12.7389001846,80.1932601929,66722,66732,10
12.739859581,80.1945800781,66732,66742,10
12.7408704758,80.1959991455,66742,66752,10
12.7417497635,80.197227478,66752,66762,10
12.7419900894,80.1975479126,66762,66773,11
12.7423000336,80.1979675293,66773,66783,10
12.7429599762,80.1987533569,66783,66793,10
12.7439002991,80.1998214722,66793,66803,10
12.7450704575,80.2009811401,66803,66813,10
12.746629715,80.2018127441,66813,66823,10
12.7482099533,80.2026062012,66823,66833,10
12.7497596741,80.2034072876,66833,66843,10
12.7510204315,80.2040481567,66843,66853,10
12.7512397766,80.2041625977,66853,66864,11
12.75137043,80.2042236328,66864,66874,10
12.7518901825,80.204498291,66874,66884,10
12.7527999878,80.2049713135,66884,66894,10
12.7538795471,80.2055587769,66894,66904,10
12.7551002502,80.2062530518,66904,66914,10
12.7564601898,80.2070007324,66914,66924,10
12.7579298019,80.2077865601,66924,66934,10
12.7593698502,80.2085800171,66934,66944,10
12.760219574,80.2090301514,66944,66954,10
12.7604398727,80.2091522217,66954,66965,11
12.7611398697,80.2095184326,66965,66975,10
12.7622203827,80.2100067139,66975,66985,10
12.7635097504,80.2105102539,66985,66995,10
12.7645797729,80.2109222412,66995,67005,10
12.7656803131,80.2113189697,67005,67015,10
12.7669696808,80.2117767334,67015,67025,10
12.7684001923,80.2123031616,67025,67035,10
12.7699203491,80.212852478,67035,67045,10
12.771030426,80.2132415771,67045,67056,11
12.7711496353,80.2132797241,67056,67066,10
12.7715196609,80.2134017944,67066,67076,10
12.7723197937,80.2136917114,67076,67086,10
12.7733201981,80.2140808105,67086,67096,10
12.7745399475,80.2145462036,67096,67106,10
12.7759103775,80.2151184082,67106,67116,10
12.7773103714,80.2156906128,67116,67126,10
12.7788200378,80.2163925171,67126,67136,10
12.7802696228,80.2171707153,67136,67147,11
12.7816200256,80.2179107666,67147,67157,10
12.7828197479,80.2185668945,67157,67167,10
12.7836198807,80.2190170288,67167,67177,10
12.7841596603,80.2193374634,67177,67187,10
12.7846097946,80.2195968628,67187,67197,10
12.7850198746,80.2198028564,67197,67217,20
12.7850198746,80.2198028564,67217,67227,10
12.7851600647,80.2198562622,67227,67238,11
12.785320282,80.2199325562,67238,67248,10
12.7855195999,80.2200622559,67248,67308,60
12.785779953,80.2202377319,67308,67329,21
12.785779953,80.2202377319,67329,67339,10
12.7860603333,80.2203369141,67339,67349,10
12.7863397598,80.2204589844,67349,67359,10
12.7866296768,80.2205581665,67359,67369,10
12.7867603302,80.2205963135,67369,67379,10
12.7872600555,80.2208023071,67379,67389,10
12.787899971,80.2210388184,67389,67399,10
12.7886695862,80.2213363647,67399,67409,10
12.7894001007,80.2216110229,67409,67420,11
12.7895803452,80.2216720581,67420,67430,10
12.7899599075,80.2218017578,67430,67440,10
12.7908201218,80.2220230103,67440,67450,10
12.7920198441,80.2223129272,67450,67460,10
12.7932701111,80.2225418091,67460,67470,10
12.7942695618,80.2226867676,67470,67480,10
12.7952604294,80.2228469849,67480,67490,10
12.7958202362,80.2229232788,67490,67500,10
12.7962703705,80.2229995728,67500,67510,10
12.7964000702,80.2230224609,67510,67521,11
12.7966499329,80.2230911255,67521,67531,10
12.7969102859,80.2231369019,67531,67541,10
12.797659874,80.2232818604,67541,67551,10
12.7987203598,80.2233963013,67551,67561,10
12.7999200821,80.2235031128,67561,67571,10
12.8008203506,80.2235794067,67571,67581,10
12.8013896942,80.2236328125,67581,67591,10
12.8017101288,80.2236709595,67591,67601,10
12.8025598526,80.2237625122,67601,67612,11
12.8035898209,80.2238998413,67612,67622,10
12.8045301437,80.2239685059,67622,67632,10
12.8051099777,80.224067688,67632,67648,16
12.8055400848,80.2241973877,67648,67660,12
12.8057899475,80.2243728638,67660,67670,10
12.8063898087,80.2248916626,67670,67680,10
12.8072500229,80.2256469727,67680,67690,10
12.8082399368,80.2264785767,67690,67700,10
12.8091802597,80.2272567749,67700,67711,11
12.8100996017,80.2277297974,67711,67721,10
12.8109397888,80.2280807495,67721,67731,10
12.8119297028,80.2284393311,67731,67741,10
12.8128700256,80.228767395,67741,67751,10
12.8136901855,80.2290496826,67751,67761,10
12.8145999908,80.2292785645,67761,67771,10
12.8156499863,80.2294235229,67771,67781,10
12.8166399002,80.2295532227,67781,67791,10
12.8175697327,80.2298583984,67791,67802,11
12.8186502457,80.2304000854,67802,67812,10
12.8196601868,80.230506897,67812,67822,10
12.8197803497,80.2304992676,67822,67832,10
12.8202600479,80.2304992676,67832,67842,10
12.8212099075,80.230506897,67842,67852,10
12.8222103119,80.2306671143,67852,67862,10
12.822719574,80.2308120728,67862,67872,10
12.8233604431,80.2310333252,67872,67882,10
12.8242902756,80.2312469482,67882,67893,11
12.8253498077,80.2314300537,67893,67903,10
12.8258399963,80.2314071655,67903,67913,10
12.8264198303,80.2313690186,67913,67923,10
12.8272104263,80.2311935425,67923,67933,10
12.8281297684,80.2307128906,67933,67943,10
12.8292102814,80.230140686,67943,67953,10
12.8302001953,80.2297668457,67953,67963,10
12.8308200836,80.2294998169,67963,68024,61
12.8308200836,80.2294998169,68024,68034,10
12.8315296173,80.2292785645,68034,68054,20
12.8315296173,80.2292785645,68054,68064,10
12.8317403793,80.2292098999,68064,68075,11
12.8323297501,80.2290802002,68075,68085,10
12.8332700729,80.2288970947,68085,68095,10
12.8343601227,80.2287063599,68095,68105,10
12.8354597092,80.2285308838,68105,68115,10
12.8365898132,80.2283477783,68115,68125,10
12.8376598358,80.2281799316,68125,68135,10
12.8387002945,80.2279510498,68135,68145,10
12.8391599655,80.2278137207,68145,68155,10
12.8394899368,80.2276306152,68155,68165,10
12.8395004272,80.2276382446,68165,68176,11
12.839799881,80.2275466919,68176,68186,10
12.8404102325,80.2274475098,68186,68196,10
12.8411598206,80.2273025513,68196,68206,10
12.8420200348,80.2270812988,68206,68216,10
12.8429498672,80.2268829346,68216,68226,10
12.8439798355,80.2266998291,68226,68236,10
12.8447799683,80.2266082764,68236,68246,10
12.8451404572,80.2265777588,68246,68267,21
12.8451404572,80.2265777588,68267,68277,10
12.8455400467,80.2265930176,68277,68287,10
12.846159935,80.2265777588,68287,68297,10
12.847120285,80.226600647,68297,68307,10
12.8482398987,80.2266235352,68307,68317,10
12.8493099213,80.2266082764,68317,68327,10
12.8497104645,80.2266082764,68327,68337,10
12.8501796722,80.2266082764,68337,68347,10
12.8510704041,80.2266387939,68347,68358,11
12.8523597717,80.2266998291,68358,68368,10
12.8534097672,80.2266998291,68368,68378,10
12.8537797928,80.2266693115,68378,68388,10
12.8540897369,80.2266311646,68388,68398,10
12.8548002243,80.2265396118,68398,68408,10
12.8556604385,80.2264175415,68408,68418,10
12.8564796448,80.2263183594,68418,68428,10
12.8566703796,80.2263031006,68428,68438,10
12.857219696,80.2262573242,68438,68449,11
12.8580102921,80.2262191772,68449,68459,10
12.8582296371,80.2262268066,68459,68469,10
12.8582801819,80.2262496948,68469,68479,10
12.8587598801,80.2262802124,68479,68489,10
12.8596401215,80.2264022827,68489,68499,10
12.8606500626,80.2265319824,68499,68509,10
12.8608503342,80.2265396118,68509,68519,10
12.8610801697,80.2265777588,68519,68529,10
12.8618898392,80.2265625,68529,68540,11
12.8631000519,80.2265090942,68540,68550,10
12.8645296097,80.2265625,68550,68560,10
12.8659801483,80.2265625,68560,68570,10
12.8673400879,80.2264480591,68570,68580,10
12.8686199188,80.2264022827,68580,68590,10
12.8697595596,80.2265396118,68590,68600,10
12.8708896637,80.2266387939,68600,68610,10
12.8719501495,80.2266921997,68610,68620,10
12.8726902008,80.2267074585,68620,68630,10
12.8731002808,80.2266769409,68630,68641,11
12.8732995987,80.2266921997,68641,68651,10
12.8733501434,80.2266769409,68651,68661,10
12.8735799789,80.2266998291,68661,68681,20
12.8735799789,80.2266998291,68681,68691,10
12.8737602234,80.2267074585,68691,68701,10
12.8739595413,80.2267303467,68701,68711,10
12.8741197586,80.2267379761,68711,68721,10
12.8743696213,80.2267913818,68721,68772,51
12.8743696213,80.2267913818,68772,68782,10
12.8746500015,80.2268295288,68782,68802,20
12.8748502731,80.226852417,68802,68853,51
12.8752403259,80.2268981934,68853,68883,30
12.8752403259,80.2268981934,68883,68893,10
12.8756399155,80.2269363403,68893,68903,10
12.8758001328,80.2269363403,68903,68914,11
12.8759298325,80.2269363403,68914,68934,20
12.8759298325,80.2269363403,68934,68944,10
12.8761301041,80.2269363403,68944,68954,10
12.8762397766,80.2269363403,68954,68964,10
12.8763303757,80.2269363403,68964,68974,10
12.8767404556,80.2269134521,68974,68994,20
12.8767404556,80.2269134521,68994,69005,11
12.8772201538,80.226890564,69005,69015,10
12.8781995773,80.2268218994,69015,69025,10
12.8794603348,80.2267608643,69025,69035,10
12.8809499741,80.2267532349,69035,69045,10
12.8824195862,80.2267303467,69045,69055,10
12.8838195801,80.2266998291,69055,69065,10
12.8847503662,80.2266693115,69065,69075,10
12.8851699829,80.2267074585,69075,69085,10
12.8851804733,80.2267227173,69085,69095,10
12.8856401443,80.2268066406,69095,69106,11
12.8866195679,80.2270965576,69106,69122,16
12.8884000778,80.2273483276,69122,69134,12
12.8902397156,80.2273712158,69134,69144,10
12.8917198181,80.2273178101,69144,69163,19
12.8917198181,80.2273178101,69163,69174,11
12.8921403885,80.2273483276,69174,69184,10
12.8927297592,80.2274169922,69184,69195,11
12.8936195374,80.2275390625,69195,69205,10
12.8944597244,80.2276077271,69205,69215,10
12.8954601288,80.2276535034,69215,69225,10
12.8963699341,80.2276763916,69225,69234,9
12.8974399567,80.2277374268,69234,69245,11
12.8985500336,80.2278213501,69245,69254,9
12.8989601135,80.2278671265,69254,69264,10
12.8990402222,80.2278671265,69264,69275,11
12.8995599747,80.2278900146,69275,69286,11
12.9001598358,80.2279205322,69286,69296,10
12.9006004333,80.2279281616,69296,69306,10
12.9011802673,80.2279891968,69306,69316,10
12.9017601013,80.2280197144,69316,69326,10
12.9024600983,80.2280273438,69326,69336,10
12.9028596878,80.2280426025,69336,69356,20
12.9028596878,80.2280426025,69356,69366,10
12.9028997421,80.2280426025,69366,69377,11
12.9034204483,80.2280502319,69377,69387,10
12.9042396545,80.2281417847,69387,69397,10
12.9052200317,80.2282028198,69397,69407,10
12.9060401917,80.2282562256,69407,69468,61
12.9060401917,80.2282562256,69468,69478,10
12.9061698914,80.2282714844,69478,69488,10
12.906419754,80.2282867432,69488,69498,10
12.9066400528,80.2283096313,69498,69508,10
12.9072303772,80.2283477783,69508,69518,10
12.9082202911,80.2285079956,69518,69528,10
12.9095001221,80.2287216187,69528,69537,9
12.9106397629,80.2289123535,69537,69547,10
12.9117202759,80.2290725708,69547,69559,12
12.9130802155,80.2292404175,69559,69569,10
12.9137096405,80.2293014526,69569,69589,20
12.9137096405,80.2293014526,69589,69599,10
12.913769722,80.2293014526,69599,69609,10
12.9139900208,80.2293624878,69609,69619,10
12.9145898819,80.2294464111,69619,69629,10
12.9156198502,80.229598999,69629,69639,10
12.9168395996,80.2297592163,69639,69649,10
12.918129921,80.2299423218,69649,69660,11
12.9194002151,80.2301177979,69660,69670,10
12.920630455,80.2302703857,69670,69686,16
12.9229803085,80.2305984497,69686,69698,12
12.9247503281,80.2308197021,69698,69708,10
12.9262599945,80.2310180664,69708,69718,10
12.9276895523,80.2311630249,69718,69728,10
12.9280595779,80.2311630249,69728,69738,10
12.9283599854,80.2312164307,69738,69749,11
12.9287500381,80.231300354,69749,69759,10
12.9291496277,80.2313766479,69759,69767,8
12.9296598434,80.2314910889,69767,69781,14
12.9308395386,80.2318191528,69781,69791,10
12.9320201874,80.2321929932,69791,69801,10
12.9331102371,80.2325592041,69801,69811,10
12.9333600998,80.232673645,69811,69821,10
12.933380127,80.2326812744,69821,69831,10
12.9336500168,80.2328491211,69831,69842,11
12.934419632,80.2331924438,69842,69852,10
12.9354600906,80.2336578369,69852,69875,23
12.9381999969,80.2350234985,69875,69887,12
12.9394798279,80.2356414795,69887,69897,10
12.9396400452,80.2357025146,69897,69907,10
12.9396800995,80.2357177734,69907,69917,10
12.9400901794,80.2359008789,69917,69927,10
12.9409399033,80.2361373901,69927,69938,11
12.9422197342,80.2364501953,69938,69948,10
12.9433898926,80.2371520996,69948,69957,9
12.9442996979,80.2381286621,69957,69968,11
12.9455404282,80.2393112183,69968,69978,10
12.9472303391,80.2400131226,69978,69998,20
12.9472303391,80.2400131226,69998,70008,10
12.9474201202,80.2400970459,70008,70018,10
12.9480695724,80.2403793335,70018,70029,11
12.9487304688,80.2406234741,70029,70059,30
12.9487304688,80.2406234741,70059,70069,10
12.9489803314,80.240737915,70069,70079,10
12.949669838,80.2410125732,70079,70089,10
12.9511203766,80.2414169312,70089,70109,20
12.9511203766,80.2414169312,70109,70120,11
12.9514598846,80.2415771484,70120,70130,10
12.9521903992,80.241859436,70130,70140,10
12.9531002045,80.2422103882,70140,70150,10
12.9538202286,80.242477417,70150,70160,10
12.9545001984,80.2427368164,70160,70172,12
12.955329895,80.2430267334,70172,70182,10
12.9563503265,80.2433624268,70182,70202,20
12.9563503265,80.2433624268,70202,70213,11
12.9565896988,80.2434616089,70213,70223,10
12.9572401047,80.2438201904,70223,70233,10
12.9580202103,80.2441711426,70233,70243,10
12.9589595795,80.2445373535,70243,70263,20
12.9589595795,80.2445373535,70263,70273,10
12.9593000412,80.244720459,70273,70283,10
12.9600000381,80.2450485229,70283,70293,10
12.9609603882,80.2454910278,70293,70304,11
12.9621696472,80.2460784912,70304,70314,10
12.9630002975,80.2464904785,70314,70324,10
12.9633398056,80.2466583252,70324,70334,10
12.9638004303,80.2468719482,70334,70344,10
12.9644098282,80.2471084595,70344,70354,10
12.9651203156,80.2473602295,70354,70356,2
12.9651203156,80.2473602295,70356,70403,47
12.9664497375,80.2478408813,70403,70413,10
12.9664897919,80.2478637695,70413,70423,10
12.9666700363,80.2479629517,70423,70433,10
12.9667196274,80.2479782104,70433,70443,10
12.9670801163,80.2481765747,70443,70453,10
12.9677495956,80.2484817505,70453,70463,10
12.9684696198,80.2487564087,70463,70473,10
12.9693403244,80.2491226196,70473,70483,10
12.9703702927,80.2495193481,70483,70494,11
12.971619606,80.2498779297,70494,70503,9
12.9725704193,80.2501373291,70503,70514,11
12.9737195969,80.2504196167,70514,70524,10
12.9747495651,80.2507019043,70524,70534,10
12.9758796692,80.2510223389,70534,70544,10
12.9769601822,80.2513427734,70544,70554,10
12.9778003693,80.2518692017,70554,70564,10
12.9784698486,80.2523803711,70564,70574,10
12.9785604477,80.2524185181,70574,70585,11
12.9787397385,80.2525100708,70585,70595,10
12.9794902802,80.2526397705,70595,70665,70
12.9794902802,80.2526397705,70665,70676,11
12.9797801971,80.2527008057,70676,70686,10
12.9804296494,80.2527084351,70686,70696,10
12.9812097549,80.2526626587,70696,70706,10
12.9818201065,80.2526626587,70706,70716,10
12.9822902679,80.2526321411,70716,70756,40
12.9822902679,80.2526321411,70756,70767,11
12.9823999405,80.2526321411,70767,70777,10
12.9828100204,80.2526016235,70777,70787,10
12.9832696915,80.252571106,70787,70797,10
12.9837598801,80.252456665,70797,70807,10
12.9842395782,80.2523193359,70807,70817,10
12.984749794,80.2521820068,70817,70827,10
12.9851303101,80.2520828247,70827,70837,10
12.9855604172,80.2519683838,70837,70847,10
12.9859304428,80.2518615723,70847,70857,10
12.9864997864,80.251739502,70857,70868,11
12.9870195389,80.2515716553,70868,70878,10
12.9874401093,80.2514419556,70878,70888,10
12.9876203537,80.2514038086,70888,70898,10
12.9879102707,80.2513427734,70898,70908,10
12.9886598587,80.251159668,70908,70918,10
12.9894304276,80.2509307861,70918,70928,10
12.9894695282,80.2509307861,70928,70938,10
12.9896402359,80.2509002686,70938,70948,10
12.9903697968,80.2507324219,70948,70959,11
12.9914197922,80.2504730225,70959,70969,10
12.9925804138,80.2501907349,70969,70979,10
12.9938697815,80.2498626709,70979,70989,10
12.9951200485,80.2495498657,70989,70999,10
12.9963903427,80.2492370605,70999,71008,9
12.9975795746,80.2489471436,71008,71018,10
12.9989204407,80.2486114502,71018,71029,11
13.0004396439,80.2482223511,71029,71039,10
13.0016803741,80.2479019165,71039,71050,11
13.0026102066,80.2476730347,71050,71060,10
13.0036401749,80.2474975586,71060,71070,10
13.0044498444,80.2473907471,71070,71080,10
13.0049600601,80.2473297119,71080,71100,20
13.0049600601,80.2473297119,71100,71110,10
13.0051403046,80.2472763062,71110,71120,10
13.0053100586,80.2472229004,71120,71130,10
13.0055103302,80.247177124,71130,71161,31
13.0055103302,80.247177124,71161,71171,10
13.0058097839,80.2471008301,71171,71191,20
13.0058097839,80.2471008301,71191,71201,10
13.0059995651,80.2470092773,71201,71211,10
13.0061597824,80.2469100952,71211,71221,10
13.006310463,80.2467575073,71221,71232,11
13.0064401627,80.2464904785,71232,71242,10
13.0064496994,80.2464904785,71242,71252,10
13.0065402985,80.246131897,71252,71262,10
13.006529808,80.2458724976,71262,71282,20
13.006529808,80.2458724976,71282,71292,10
13.006529808,80.2456588745,71292,71302,10
13.0065402985,80.2454910278,71302,71312,10
13.0065202713,80.2451629639,71312,71322,10
13.0065202713,80.2450332642,71322,71333,11
13.006529808,80.2448425293,71333,71343,10
13.0065202713,80.2445907593,71343,71353,10
13.0065097809,80.2441711426,71353,71363,10
13.006529808,80.2437515259,71363,71373,10
13.0065002441,80.2433166504,71373,71383,10
13.0065002441,80.2426223755,71383,71393,10
13.0065002441,80.2416610718,71393,71403,10
13.0065803528,80.2408065796,71403,71413,10
13.0067796707,80.2398986816,71413,71424,11
13.0070295334,80.2386169434,71424,71434,10
13.0072097778,80.237701416,71434,71444,10
13.0073404312,80.2369232178,71444,71454,10
13.007399559,80.236656189,71454,71464,10
13.007519722,80.2361984253,71464,71474,10
13.0076799393,80.2353973389,71474,71484,10
13.0078201294,80.2346420288,71484,71494,10
13.0080299377,80.2336425781,71494,71504,10
13.0082397461,80.2325515747,71504,71515,11
13.0084695816,80.2313079834,71515,71525,10
13.0087003708,80.2300872803,71525,71535,10
13.0089197159,80.2289505005,71535,71545,10
13.0092601776,80.2278213501,71545,71555,10
13.0097799301,80.2267532349,71555,71565,10
13.0102500916,80.2257232666,71565,71575,10
13.0107002258,80.2248001099,71575,71585,10
13.0109901428,80.2241210938,71585,71595,10
13.0111598969,80.223739624,71595,71606,11
13.0111703873,80.223739624,71606,71616,10
13.011179924,80.2237319946,71616,71626,10
13.0113201141,80.2233276367,71626,71636,10
13.0116796494,80.2225189209,71636,71646,10
13.0120000839,80.2217712402,71646,71656,10
13.012339592,80.2216262817,71656,71666,10
13.0126895905,80.2221298218,71666,71676,10
13.0131702423,80.22265625,71676,71686,10
13.0136995316,80.2232208252,71686,71697,11
13.014169693,80.223777771,71697,71707,10
13.0143899918,80.224067688,71707,71717,10
13.014960289,80.2246704102,71717,71727,10
13.0154600143,80.2250213623,71727,71737,10
13.0155496597,80.2250976563,71737,71747,10
13.0160503387,80.2253875732,71747,71757,10
13.0170097351,80.2251663208,71757,71767,10
13.0181598663,80.2247085571,71767,71777,10
13.019109726,80.2244110107,71777,71788,11
13.019900322,80.2247390747,71788,71798,10
13.0205001831,80.2251663208,71798,71808,10
13.0209503174,80.2255096436,71808,71818,10
13.0213003159,80.2258071899,71818,71828,10
13.0218296051,80.2262115479,71828,71838,10
13.0224199295,80.2266387939,71838,71848,10
13.0224895477,80.2266998291,71848,71858,10
13.0226097107,80.2267837524,71858,71868,10
13.0230703354,80.2272262573,71868,71879,11
13.0237798691,80.2278823853,71879,71889,10
13.0242595673,80.2284088135,71889,71899,10
13.024310112,80.2284698486,71899,71909,10
13.0244197845,80.2286529541,71909,71919,10
13.0247402191,80.229133606,71919,71929,10
13.0252304077,80.2298202515,71929,71939,10
13.0259504318,80.2312774658,71939,71990,51
13.0259504318,80.2312774658,71990,72000,10
13.025970459,80.2315216064,72000,72010,10
13.0260801315,80.2319412231,72010,72020,10
13.026309967,80.2326431274,72020,72030,10
13.0267095566,80.2333908081,72030,72040,10
13.0273103714,80.234413147,72040,72050,10
13.027970314,80.2355575562,72050,72060,10
13.0288200378,80.2365188599,72060,72070,10
13.0296001434,80.2373809814,72070,72081,11
13.0303297043,80.2385177612,72081,72091,10
13.0307502747,80.2392272949,72091,72101,10
13.0309896469,80.239616394,72101,72141,40
13.0309896469,80.239616394,72141,72151,10
13.0310602188,80.2397079468,72151,72162,11
13.0311803818,80.2399978638,72162,72172,10
13.031370163,80.2404327393,72172,72182,10
13.0314798355,80.2409820557,72182,72192,10
13.0317697525,80.241607666,72192,72202,10
13.0320701599,80.2422027588,72202,72212,10
13.032500267,80.2426605225,72212,72222,10
13.0332803726,80.2437133789,72222,72232,10
13.0339097977,80.2445526123,72232,72242,10
13.0345096588,80.2453384399,72242,72253,11
13.0356197357,80.2461471558,72253,72273,20
13.0356197357,80.2461471558,72273,72283,10
13.0358400345,80.2462615967,72283,72293,10
13.0364599228,80.2464294434,72293,72303,10
13.0371704102,80.2465591431,72303,72313,10
13.037560463,80.2464675903,72313,72323,10
13.0379600525,80.2465820313,72323,72333,10
13.0384302139,80.2467193604,72333,72343,10
13.0391902924,80.2469329834,72343,72354,11
13.0400600433,80.2470932007,72354,72364,10
13.0409803391,80.2472763062,72364,72374,10
13.0417804718,80.2473983765,72374,72384,10
13.042309761,80.2475509644,72384,72394,10
13.042719841,80.2477798462,72394,72404,10
13.0431499481,80.2479324341,72404,72420,16
13.0439596176,80.2478866577,72420,72432,12
13.0445804596,80.2479934692,72432,72443,11
13.0452299118,80.2482528687,72443,72453,10
13.0458698273,80.2484970093,72453,72463,10
13.046500206,80.2485198975,72463,72473,10
13.0468502045,80.2484817505,72473,72483,10
13.0468702316,80.2484817505,72483,72493,10
13.0470895767,80.2485122681,72493,72502,9
13.0475502014,80.2488479614,72502,72513,11
13.0478897095,80.249168396,72513,72522,9
13.0480899811,80.249382019,72522,72534,12
13.0488500595,80.2497329712,72534,72543,9
13.0494604111,80.2498168945,72543,72554,11
13.0504398346,80.2500076294,72554,72564,10
13.0513000488,80.2502365112,72564,72574,10
13.0520200729,80.2507324219,72574,72584,10
13.052479744,80.2513198853,72584,72593,9
13.0529403687,80.2519378662,72593,72604,11
13.0535802841,80.2527770996,72604,72614,10
13.0540599823,80.2534790039,72614,72625,11
13.0546998978,80.2543334961,72625,72635,10
13.0551395416,80.2548828125,72635,72645,10
13.0556602478,80.2555999756,72645,72655,10
13.0560503006,80.2560806274,72655,72665,10
13.0561103821,80.2562103271,72665,72675,10
13.0565395355,80.256690979,72675,72685,10
13.0572299957,80.25730896,72685,72695,10
13.0577802658,80.2578201294,72695,72705,10
13.0582304001,80.2584075928,72705,72715,10
13.0586795807,80.2589874268,72715,72726,11
13.0590896606,80.2596206665,72726,72736,10
13.0595302582,80.2601394653,72736,72746,10
13.0601301193,80.2606811523,72746,72756,10
13.0604896545,80.2610626221,72756,72766,10
13.060500145,80.2610931396,72766,72776,10
13.0606803894,80.2613220215,72776,72786,10
13.0610198975,80.2617874146,72786,72803,17
13.061630249,80.2624893188,72803,72815,12
13.0622596741,80.263343811,72815,72825,10
13.0628299713,80.2640075684,72825,72835,10
13.0634098053,80.2648086548,72835,72845,10
13.0638303757,80.2654571533,72845,72855,10
13.0640497208,80.2657775879,72855,72865,10
13.0644302368,80.2662277222,72865,72875,10
13.0647201538,80.2665786743,72875,72885,10
13.064909935,80.2668228149,72885,72895,10
13.0653495789,80.2671737671,72895,72906,11
13.0657300949,80.2675094604,72906,72916,10
13.0658502579,80.2676696777,72916,72926,10
13.0663204193,80.2682495117,72926,72946,20
13.0663204193,80.2682495117,72946,72956,10
13.0664396286,80.2683410645,72956,72966,10
13.0666999817,80.2685012817,72966,72976,10
13.0672502518,80.2688598633,72976,72986,10
13.0679597855,80.2693099976,72986,72997,11
13.0682001114,80.2696609497,72997,73007,10
13.0681200027,80.2703018188,73007,73017,10
13.0680799484,80.2707824707,73017,73027,10
13.0680999756,80.2713699341,73027,73037,10
13.0686197281,80.2719268799,73037,73046,9
13.0691204071,80.2721176147,73046,73057,11
13.0695495605,80.2725830078,73057,73067,10
13.0698795319,80.2729415894,73067,73077,10
13.0701398849,80.2732391357,73077,73088,11
13.070400238,80.2735595703,73088,73098,10
13.0706701279,80.273979187,73098,73108,10
13.0710802078,80.2741317749,73108,73118,10
13.0715999603,80.2743606567,73118,73128,10
13.0721597672,80.2748794556,73128,73138,10
13.0727396011,80.2755279541,73138,73148,10
13.0734195709,80.2762374878,73148,73158,10
13.073849678,80.2764129639,73158,73168,10
13.0744199753,80.2763824463,73168,73179,11
13.0751895905,80.2763519287,73179,73189,10
13.0755500793,80.2763214111,73189,73199,10
13.0761299133,80.2762985229,73199,73209,10
13.0765199661,80.2762832642,73209,73219,10
13.0768699646,80.276222229,73219,73229,10
13.0774097443,80.2761688232,73229,73239,10
13.0776796341,80.2761001587,73239,73249,10
13.077580452,80.2759780884,73249,73259,10
13.0779800415,80.2761077881,73259,73269,10
13.0781097412,80.2759399414,73269,73280,11
13.0781898499,80.2756576538,73280,73290,10
13.0783395767,80.2753601074,73290,73300,10
13.0785102844,80.2752304077,73300,73340,40
13.0785999298,80.2752075195,73340,73411,71
13.0785999298,80.2752075195,73411,73421,10
13.0789003372,80.2752075195,73421,73431,10
13.0794401169,80.2753372192,73431,73441,10
13.0800895691,80.275352478,73441,73593,152
13.0800895691,80.275352478,73593,73603,10
13.080499649,80.2753067017,73603,73613,10
13.0808496475,80.2752609253,73613,73623,10
13.0812196732,80.2752075195,73623,73633,10
13.0816202164,80.2752227783,73633,73643,10
13.0818300247,80.2753601074,73643,73654,11
13.0818796158,80.2756195068,73654,73684,30
13.0818796158,80.2756195068,73684,73694,10
13.0818996429,80.2757415771,73694,73704,10
13.0819196701,80.2758712769,73704,73724,20
13.0819196701,80.2758712769,73724,73734,10
13.0818004608,80.2760467529,73734,73745,11
13.0817699432,80.2763137817,73745,73755,10
13.0818395615,80.2768325806,73755,73765,10
13.0818901062,80.2773132324,73765,73775,10
13.081990242,80.2778396606,73775,73785,10
13.0823602676,80.2780227661,73785,74030,245
13.0825500488,80.2781677246,74030,74474,444
13.0825500488,80.2781677246,74474,74485,11
13.0825996399,80.2781295776,74485,74495,10
13.0830001831,80.278137207,74495,74505,10
13.0832595825,80.2781600952,74505,74515,10
13.0833396912,80.2783813477,74515,74525,10
13.0834798813,80.2787704468,74525,74535,10
13.0834703445,80.279006958,74535,74545,10
13.0830497742,80.2789382935,74545,74555,10
13.0826702118,80.2787780762,74555,74565,10
13.0824403763,80.278678894,74565,74575,10
13.0820703506,80.2785186768,74575,74586,11
13.0819101334,80.2781906128,74586,74596,10
13.0818004608,80.2773666382,74596,74616,20
13.0818004608,80.2773666382,74616,74626,10
13.0817499161,80.2770767212,74626,74667,41
13.0817499161,80.2770767212,74667,74677,10
13.0817403793,80.2769622803,74677,74687,10
13.0817203522,80.2768936157,74687,74697,10
13.0817098618,80.2767562866,74697,74707,10
13.0816602707,80.2764434814,74707,74717,10
13.081580162,80.2761306763,74717,74727,10
13.0815000534,80.2758026123,74727,74737,10
13.0814304352,80.2755813599,74737,74747,10
13.0812902451,80.2753295898,74747,74758,11
13.0806903839,80.2753677368,74758,74768,10
13.079990387,80.2754364014,74768,74778,10
13.0793304443,80.2753829956,74778,74788,10
13.0785703659,80.2752838135,74788,74798,10
13.0781497955,80.2758789063,74798,74808,10
13.0777101517,80.2763137817,74808,74818,10
13.0769100189,80.2763519287,74818,74828,10
13.076089859,80.2763977051,74828,74838,10
13.0759296417,80.2763977051,74838,74849,11
13.0758600235,80.2763595581,74849,74859,10
13.0758304596,80.2762374878,74859,74869,10
