13.0147800446,80.225479126,18,241,223
13.0147800446,80.2255935669,241,261,20
13.0147695541,80.2256469727,261,696,435
13.0148200989,80.2256088257,696,798,102
13.0148096085,80.2255783081,798,838,40
13.0148296356,80.2257232666,838,879,41
13.014840126,80.2256469727,879,4261,3382
13.014960289,80.2255401611,4261,4352,91
13.0148601532,80.225479126,4352,4666,314
13.0145902634,80.2257385254,4666,8665,3999
13.014550209,80.2256011963,8665,8939,274
13.0145101547,80.2256774902,8939,13105,4166
13.0145902634,80.2257003784,13105,13591,486
13.0146198273,80.2257385254,13591,13803,212
13.0145797729,80.2256774902,13803,14553,750
13.0145301819,80.2256698608,14553,20102,5549
13.0145301819,80.2256698608,20102,20112,10
13.0144901276,80.225730896,20112,22117,2005
13.0144901276,80.225730896,22117,22127,10
13.0144796371,80.2258300781,22127,22137,10
13.0143299103,80.2258529663,22137,22147,10
13.0142498016,80.2258682251,22147,22158,11
13.0141401291,80.2259216309,22158,23039,881
13.0141401291,80.2259216309,23039,23049,10
13.0142202377,80.2262878418,23049,23059,10
13.0139598846,80.2264022827,23059,23069,10
13.0135097504,80.2265319824,23069,23079,10
13.0129804611,80.2267227173,23079,23089,10
13.0124397278,80.2269134521,23089,23099,10
13.0118398666,80.2271575928,23099,23109,10
13.0110702515,80.2274169922,23109,23119,10
13.0103302002,80.2277069092,23119,23130,11
13.0096702576,80.2277984619,23130,23140,10
13.0096998215,80.2272872925,23140,23150,10
13.0100002289,80.2266311646,23150,23160,10
13.010310173,80.2259368896,23160,23170,10
13.0106096268,80.2252731323,23170,23180,10
13.0108995438,80.2246322632,23180,23190,10
13.0111999512,80.2238998413,23190,23200,10
13.0114803314,80.2231369019,23200,23211,11
13.0116195679,80.2224502563,23211,23221,10
13.0119400024,80.2217330933,23221,23231,10
13.012260437,80.2214431763,23231,23241,10
13.0124902725,80.2217636108,23241,23251,10
13.0128202438,80.2221832275,23251,23261,10
13.0131597519,80.2225723267,23261,23271,10
13.0136203766,80.2230224609,23271,23281,10
13.0140199661,80.2235031128,23281,23292,11
13.0144796371,80.224029541,23292,23302,10
13.0150203705,80.2246627808,23302,23312,10
13.0155601501,80.2251586914,23312,23322,10
13.0162696838,80.2253570557,23322,23332,10
13.0170202255,80.2251281738,23332,23342,10
13.0178203583,80.224822998,23342,23352,10
13.0186595917,80.2244796753,23352,23362,10
13.0197296143,80.2245788574,23362,23393,31
13.0197296143,80.2245788574,23393,23403,10
13.0198802948,80.2247009277,23403,23413,10
13.0202102661,80.2249526978,23413,23423,10
13.0206604004,80.2252731323,23423,23433,10
13.0212402344,80.2257080078,23433,23443,10
13.0219402313,80.2262191772,23443,23454,11
13.0226697922,80.2268371582,23454,23464,10
13.0232896805,80.2274017334,23464,23474,10
13.0238399506,80.227897644,23474,23484,10
13.024430275,80.2285003662,23484,23535,51
13.024430275,80.2285003662,23535,23545,10
13.0242795944,80.2286605835,23545,23555,10
13.0240602493,80.2284393311,23555,23565,10
13.023850441,80.2281188965,23565,23575,10
13.0234298706,80.2276535034,23575,23595,20
13.0234298706,80.2276535034,23595,23605,10
13.0232601166,80.2274398804,23605,23737,132
13.0232601166,80.2274398804,23737,23747,10
13.0231599808,80.227142334,23747,23909,162
13.0231599808,80.227142334,23909,23919,10
13.023059845,80.2271118164,23919,23929,10
13.0227804184,80.2268676758,23929,23940,11
13.0223503113,80.2264633179,23940,23950,10
13.0217599869,80.2259902954,23950,23960,10
13.0210504532,80.2254486084,23960,23970,10
13.0202598572,80.2249221802,23970,23980,10
13.0194702148,80.2244796753,23980,23990,10
13.0185699463,80.2245483398,23990,24000,10
13.0176801682,80.2249221802,24000,24010,10
13.0167398453,80.2253189087,24010,24021,11
13.0158596039,80.2256393433,24021,24031,10
13.0151195526,80.2259292603,24031,24041,10
13.0144195557,80.2261962891,24041,24061,20
13.0144195557,80.2261962891,24061,24071,10
13.0141401291,80.2262878418,24071,24081,10
13.0135602951,80.2265319824,24081,24091,10
13.0127696991,80.2268371582,24091,24102,11
13.0116996765,80.2272796631,24102,24112,10
13.01060009,80.2276916504,24112,24122,10
13.0095300674,80.2281417847,24122,24132,10
13.009059906,80.2289733887,24132,24142,10
13.0088596344,80.2300415039,24142,24152,10
13.0086097717,80.2312164307,24152,24162,10
13.0084104538,80.2323913574,24162,24172,10
13.0082798004,80.233291626,24172,24183,11
13.0082397461,80.2335281372,24183,24193,10
13.0082101822,80.2336273193,24193,24203,10
13.0081300735,80.2339096069,24203,24213,10
13.0080299377,80.234413147,24213,24223,10
13.0078802109,80.2351074219,24223,24233,10
13.0077199936,80.236000061,24233,24243,10
13.007519722,80.2369995117,24243,24253,10
13.0073204041,80.2380599976,24253,24264,11
13.007109642,80.2391433716,24264,24274,10
13.0069103241,80.2401885986,24274,24284,10
13.0068702698,80.2406921387,24284,24294,10
13.0068597794,80.2407684326,24294,24304,10
13.0067796707,80.2411270142,24304,24314,10
13.0067396164,80.2419204712,24314,24324,10
13.0066995621,80.2428283691,24324,24334,10
13.0066795349,80.2436294556,24334,24345,11
13.0066204071,80.2445831299,24345,24355,10
13.0066204071,80.2453765869,24355,24365,10
13.0066795349,80.2462768555,24365,24375,10
13.0066795349,80.2472610474,24375,24385,10
13.0062999725,80.2474212646,24385,24395,10
13.0061903,80.2474212646,24395,24405,10
13.0060195923,80.2473983765,24405,24415,10
13.0054702759,80.2473602295,24415,24426,11
13.0047502518,80.2473983765,24426,24436,10
13.0038604736,80.2474975586,24436,24446,10
13.002820015,80.2476501465,24446,24456,10
13.0020198822,80.247833252,24456,24466,10
13.0011396408,80.2480621338,24466,24476,10
13.0000696182,80.248336792,24476,24486,10
12.9989004135,80.2486419678,24486,24496,10
12.9982099533,80.248840332,24496,24506,10
12.9980297089,80.2488632202,24506,24517,11
12.997420311,80.2490005493,24517,24527,10
12.9966001511,80.2491989136,24527,24537,10
12.9955701828,80.249458313,24537,24547,10
12.9943704605,80.2497787476,24547,24557,10
12.9931097031,80.2500762939,24557,24567,10
12.9918804169,80.2503967285,24567,24577,10
12.9911899567,80.2505874634,24577,24587,10
12.9911603928,80.2506027222,24587,24598,11
12.9911298752,80.2505722046,24598,24608,10
12.9906597137,80.2506713867,24608,24618,10
12.9898195267,80.2508773804,24618,24628,10
12.9889202118,80.2511291504,24628,24638,10
12.9884004593,80.2512588501,24638,24658,20
12.9884004593,80.2512588501,24658,24668,10
12.9881095886,80.2513580322,24668,24679,11
12.9876403809,80.2514724731,24679,24689,10
12.9870195389,80.2516479492,24689,24699,10
12.9863004684,80.2518463135,24699,24709,10
12.9855098724,80.2520294189,24709,24719,10
12.9844999313,80.2523193359,24719,24729,10
12.9833498001,80.2526016235,24729,24739,10
12.9821395874,80.2526931763,24739,24749,10
12.9810600281,80.2527236938,24749,24760,11
12.9802598953,80.2527770996,24760,24770,10
12.9796600342,80.2527236938,24770,24780,10
12.978969574,80.2526321411,24780,24790,10
12.9786195755,80.2525634766,24790,24800,10
12.9785203934,80.2525100708,24800,24810,10
12.9780597687,80.2521591187,24810,24820,10
12.977399826,80.2515716553,24820,24829,9
12.9765100479,80.2511901855,24829,24841,12
12.9752702713,80.2508468628,24841,24851,10
12.9745702744,80.2506637573,24851,24861,10
12.973739624,80.2504196167,24861,24871,10
12.9726896286,80.2501373291,24871,24881,10
12.9715003967,80.2498016357,24881,24891,10
12.9702501297,80.2494125366,24891,24901,10
12.9689903259,80.248916626,24901,24911,10
12.9678096771,80.2484512329,24911,24922,11
12.9666996002,80.2479629517,24922,24932,10
12.9657897949,80.2475509644,24932,24942,10
12.965089798,80.2473220825,24942,24952,10
12.9650602341,80.2473068237,24952,24962,10
12.9647397995,80.2471923828,24962,24972,10
12.9641304016,80.2469711304,24972,24982,10
12.9633598328,80.2466201782,24982,24992,10
12.9623699188,80.2461395264,24992,25003,11
12.9611797333,80.2455673218,25003,25013,10
12.9600696564,80.2450714111,25013,25023,10
12.959400177,80.2448196411,25023,25033,10
12.9593601227,80.2447891235,25033,25043,10
12.9589700699,80.2445831299,25043,25053,10
12.9583301544,80.2443084717,25053,25063,10
12.95773983,80.2440872192,25063,25073,10
12.9569997787,80.243850708,25073,25084,11
12.9565000534,80.2436904907,25084,25094,10
12.9563398361,80.2436065674,25094,25104,10
12.9558000565,80.2433166504,25104,25114,10
12.9551296234,80.242980957,25114,25124,10
12.9542703629,80.2426300049,25124,25134,10
12.9533500671,80.2422637939,25134,25144,10
12.9523801804,80.2418823242,25144,25154,10
12.9517097473,80.2416687012,25154,25165,11
12.9516401291,80.2416534424,25165,25175,10
12.9512500763,80.2415008545,25175,25185,10
12.9505300522,80.2412719727,25185,25195,10
12.9496002197,80.2409896851,25195,25205,10
12.9486999512,80.2406387329,25205,25215,10
12.9477100372,80.2402191162,25215,25225,10
12.9470996857,80.2400131226,25225,25235,10
12.9470901489,80.2400131226,25235,25246,11
12.9466600418,80.2398300171,25246,25256,10
12.9459896088,80.2395477295,25256,25266,10
12.9452199936,80.2390823364,25266,25276,10
12.9445199966,80.2383422852,25276,25286,10
12.9437198639,80.2374801636,25286,25296,10
12.9430503845,80.236831665,25296,25306,10
12.9416599274,80.2362594604,25306,25316,10
12.9404697418,80.2359771729,25316,25327,11
12.9398498535,80.235786438,25327,25337,10
12.9397802353,80.2357635498,25337,25347,10
12.9393100739,80.2355575562,25347,25357,10
12.9385795593,80.2351913452,25357,25367,10
12.9376802444,80.2347488403,25367,25377,10
12.9366703033,80.2342681885,25377,25387,10
12.9357099533,80.2338027954,25387,25397,10
12.9348096848,80.2333984375,25397,25408,11
12.9340496063,80.2330703735,25408,25418,10
12.9340000153,80.2330474854,25418,25428,10
12.9338102341,80.2329406738,25428,25438,10
12.9332704544,80.2326889038,25438,25448,10
12.9324998856,80.2323989868,25448,25458,10
12.93171978,80.2321014404,25458,25468,10
12.9307203293,80.2317810059,25468,25478,10
12.9295597076,80.2314834595,25478,25489,11
12.9283599854,80.231262207,25489,25499,10
12.9271697998,80.2311019897,25499,25509,10
12.9263095856,80.231010437,25509,25519,10
12.926199913,80.231010437,25519,25529,10
12.9257297516,80.2309494019,25529,25539,10
12.9250097275,80.2308578491,25539,25549,10
12.9242200851,80.2307815552,25549,25559,10
12.9233102798,80.2306594849,25559,25570,11
12.9222297668,80.2304992676,25570,25580,10
12.921210289,80.2303390503,25580,25590,10
12.9201402664,80.2302017212,25590,25600,10
12.9192304611,80.2300872803,25600,25610,10
12.9183597565,80.2299804688,25610,25620,10
12.9174499512,80.2298583984,25620,25630,10
12.9166603088,80.2297515869,25630,25640,10
12.9156198502,80.2295837402,25640,25651,11
12.9143295288,80.2293930054,25651,25661,10
12.9136400223,80.229309082,25661,25671,10
12.9133300781,80.2292785645,25671,25681,10
12.9132699966,80.2292480469,25681,25691,10
12.9128198624,80.2291717529,25691,25701,10
12.9120798111,80.2290802002,25701,25711,10
12.9111404419,80.2289581299,25711,25721,10
12.9100399017,80.2287979126,25721,25732,11
12.9087495804,80.2285766602,25732,25742,10
12.907699585,80.2284164429,25742,25752,10
12.9072198868,80.2283706665,25752,25762,10
12.90721035,80.2283706665,25762,25772,10
12.9071397781,80.2283477783,25772,25782,10
12.9066896439,80.2282867432,25782,25792,10
12.9063396454,80.2282485962,25792,25802,10
12.9060602188,80.2282180786,25802,25813,11
12.9052095413,80.2281723022,25813,25823,10
12.9042396545,80.2281188965,25823,25833,10
12.9031000137,80.2280807495,25833,25843,10
12.9020395279,80.2280197144,25843,25853,10
12.9012298584,80.2279815674,25853,25914,61
12.9012298584,80.2279815674,25914,25924,10
12.9009399414,80.2280197144,25924,25934,10
12.9004001617,80.2279586792,25934,25944,10
12.8996200562,80.2278900146,25944,25954,10
12.8987703323,80.2278289795,25954,25964,10
12.8977298737,80.2277679443,25964,25975,11
12.8964099884,80.2276992798,25975,25985,10
12.8952198029,80.2276535034,25985,25995,10
12.8940200806,80.2275924683,25995,26005,10
12.8928203583,80.2274398804,26005,26015,10
12.8918800354,80.2273788452,26015,26025,10
12.8907403946,80.2273712158,26025,26035,10
12.8894996643,80.2273712158,26035,26045,10
12.8882198334,80.2273483276,26045,26056,11
12.8867998123,80.2271499634,26056,26066,10
12.8855199814,80.2268218994,26066,26076,10
12.8847799301,80.2267379761,26076,26086,10
12.8847503662,80.2267532349,26086,26096,10
12.8843698502,80.2267379761,26096,26106,10
12.8836202621,80.2267532349,26106,26116,10
12.8826398849,80.2267608643,26116,26126,10
12.8814697266,80.2267608643,26126,26137,11
12.8801498413,80.2267837524,26137,26147,10
12.8789796829,80.2267990112,26147,26157,10
12.877820015,80.2268600464,26157,26167,10
12.8769397736,80.2269515991,26167,26177,10
12.8765096664,80.2269897461,26177,26187,10
12.8765001297,80.2269897461,26187,26197,10
12.8761396408,80.2269973755,26197,26207,10
12.875459671,80.2269821167,26207,26217,10
12.8745498657,80.2268676758,26217,26228,11
12.873290062,80.2267379761,26228,26238,10
12.8720397949,80.2267074585,26238,26248,10
12.8707199097,80.2266616821,26248,26258,10
12.8694000244,80.2265319824,26258,26268,10
12.8681602478,80.2264328003,26268,26278,10
12.8673000336,80.2264862061,26278,26288,10
12.8670902252,80.2265319824,26288,26298,10
12.8668498993,80.2265625,26298,26309,11
12.8663797379,80.226600647,26309,26319,10
12.8657197952,80.2266387939,26319,26329,10
12.8649597168,80.2266235352,26329,26339,10
12.8640203476,80.2265777588,26339,26349,10
12.8628797531,80.2265625,26349,26359,10
12.8617200851,80.2266235352,26359,26369,10
12.8609895706,80.2266082764,26369,26379,10
12.8607997894,80.2265777588,26379,26390,11
12.8601999283,80.2265167236,26390,26400,10
12.8593397141,80.2264022827,26400,26410,10
12.8586196899,80.2262878418,26410,26420,10
12.8578100204,80.226272583,26420,26430,10
12.8568096161,80.226348877,26430,26440,10
12.8556404114,80.2264785767,26440,26450,10
12.8544101715,80.2266082764,26450,26460,10
12.8531198502,80.2267303467,26460,26471,11
12.8516998291,80.2266616821,26471,26481,10
12.8504104614,80.2265930176,26481,26491,10
12.8491201401,80.2265777588,26491,26501,10
12.8479404449,80.226600647,26501,26511,10
12.8467597961,80.2266235352,26511,26521,10
12.8457899094,80.2266235352,26521,26531,10
12.8453598022,80.2266235352,26531,26541,10
12.8453197479,80.2266235352,26541,26552,11
12.8448400497,80.2266235352,26552,26562,10
12.8440599442,80.2266998291,26562,26572,10
12.8430900574,80.226852417,26572,26582,10
12.8419399261,80.2270812988,26582,26592,10
12.8407201767,80.2274017334,26592,26602,10
12.8400497437,80.2276306152,26602,26612,10
12.8396902084,80.2277832031,26612,26622,10
12.8394002914,80.2278671265,26622,26633,11
12.8386898041,80.2279891968,26633,26643,10
12.8377895355,80.2282028198,26643,26653,10
12.836640358,80.2283782959,26653,26663,10
12.8353996277,80.2285385132,26663,26673,10
12.8340797424,80.2287521362,26673,26683,10
12.8327798843,80.2289886475,26683,26693,10
12.8318395615,80.2291717529,26693,26703,10
12.831580162,80.2289581299,26703,26714,11
12.8315296173,80.2287826538,26714,26724,10
12.8315296173,80.2286224365,26724,26734,10
12.8314304352,80.2280731201,26734,26744,10
12.8312597275,80.2272415161,26744,26754,10
12.8310699463,80.2261428833,26754,26764,10
12.8310604095,80.2249832153,26764,26774,10
12.8310804367,80.224609375,26774,26784,10
12.8311004639,80.2240371704,26784,26795,11
12.8311004639,80.2230911255,26795,26805,10
12.8311004639,80.2223205566,26805,26815,10
12.8311100006,80.2219467163,26815,26825,10
12.8311300278,80.2212295532,26825,26835,10
12.8311595917,80.2202606201,26835,26845,10
12.8311395645,80.2196807861,26845,26855,10
12.8308000565,80.2194595337,26855,26865,10
12.8299798965,80.2194671631,26865,26876,11
12.8288497925,80.2194595337,26876,26886,10
12.8277101517,80.2194900513,26886,26906,20
12.8277101517,80.2194900513,26906,26916,10
12.8276700974,80.2195129395,26916,26926,10
12.827340126,80.2194900513,26926,26936,10
12.8267002106,80.2194976807,26936,26946,10
12.8261604309,80.2194976807,26946,26957,11
12.8257904053,80.2194595337,26957,26967,10
12.8256101608,80.2194366455,26967,26977,10
12.8249998093,80.2194366455,26977,26987,10
12.8241901398,80.2194366455,26987,26997,10
12.8233699799,80.2194519043,26997,27007,10
12.8229398727,80.2194595337,27007,27017,10
12.8228197098,80.2194213867,27017,27027,10
12.8226003647,80.2191925049,27027,27038,11
12.8226203918,80.2188796997,27038,27048,10
12.8226499557,80.2183227539,27048,27058,10
12.8226804733,80.2175827026,27058,27068,10
12.8226900101,80.216796875,27068,27078,10
12.8226995468,80.2161636353,27078,27088,10
12.8227596283,80.2159500122,27088,27098,10
12.8230600357,80.2159423828,27098,27108,10
12.8235797882,80.2159576416,27108,27119,11
12.8244199753,80.2159805298,27119,27696,577
12.8245201111,80.2160263062,27696,27817,121
12.8244104385,80.2160186768,27817,27838,21
12.8245296478,80.2160186768,27838,27919,81
12.8244800568,80.2160415649,27919,28070,151
12.8244800568,80.2160415649,28070,28081,11
12.8245296478,80.2160415649,28081,28091,10
12.8247404099,80.2160415649,28091,28101,10
12.8250398636,80.2160415649,28101,28111,10
12.8254404068,80.2160491943,28111,28121,10
12.8257398605,80.2160568237,28121,28132,11
12.8258800507,80.2161178589,28132,28142,10
12.8259296417,80.2165985107,28142,28152,10
12.825920105,80.2172393799,28152,28163,11
12.8259096146,80.2178878784,28163,28173,10
12.825920105,80.2185974121,28173,28183,10
12.825920105,80.2191619873,28183,28193,10
12.825920105,80.2192382813,28193,28203,10
12.8259296417,80.219329834,28203,28213,10
12.8261804581,80.2193984985,28213,28223,10
12.8267498016,80.2193984985,28223,28233,10
12.8273000717,80.2193984985,28233,28244,11
12.827340126,80.2193984985,28244,28254,10
12.8274698257,80.2193908691,28254,28264,10
12.8279399872,80.2193984985,28264,28274,10
12.8287200928,80.2194137573,28274,28284,10
12.8296499252,80.2194213867,28284,28294,10
12.8305702209,80.2194213867,28294,28304,10
12.8309602737,80.2194213867,28304,28314,10
12.8312301636,80.2197265625,28314,28325,11
12.8312196732,80.2204666138,28325,28335,10
12.8312101364,80.2214126587,28335,28345,10
12.8312101364,80.2220916748,28345,28355,10
12.8311901093,80.2224884033,28355,28365,10
12.8311901093,80.2232589722,28365,28375,10
12.8311901093,80.2242431641,28375,28385,10
12.8311901093,80.2247009277,28385,28395,10
12.8311700821,80.2253112793,28395,28406,11
12.8311595917,80.2262268066,28406,28416,10
12.8313503265,80.2272720337,28416,28426,10
12.8315696716,80.2283401489,28426,28436,10
12.8317203522,80.2290420532,28436,28446,10
12.8320398331,80.2291030884,28446,28456,10
12.8326997757,80.2289810181,28456,28466,10
12.8336000443,80.2288284302,28466,28476,10
12.834690094,80.2286300659,28476,28487,11
12.8359203339,80.2284317017,28487,28497,10
12.8370704651,80.2282485962,28497,28507,10
12.8381500244,80.2280578613,28507,28517,10
12.8390102386,80.2278137207,28517,28527,10
12.8393802643,80.2276687622,28527,28537,10
12.8395004272,80.2276229858,28537,28547,10
12.8397903442,80.2275466919,28547,28557,10
12.8403701782,80.2274627686,28557,28568,11
12.8412303925,80.2272415161,28568,28578,10
12.8421297073,80.2270202637,28578,28588,10
12.8431100845,80.2268295288,28588,28598,10
12.8441200256,80.2266769409,28598,28608,10
12.8453397751,80.2265625,28608,28628,20
12.8453397751,80.2265625,28628,28638,10
12.8454198837,80.2265625,28638,28648,10
12.8456802368,80.2265472412,28648,28659,11
12.8462696075,80.2265472412,28659,28669,10
12.8470802307,80.2265396118,28669,28679,10
12.8480596542,80.2265472412,28679,28689,10
12.8491096497,80.2265472412,28689,28699,10
12.8501996994,80.2265472412,28699,28709,10
12.8513898849,80.2265930176,28709,28719,10
12.8526697159,80.2266464233,28719,28730,11
12.8541402817,80.2265777588,28730,28740,10
12.8554897308,80.2264328003,28740,28750,10
12.8568696976,80.2262802124,28750,28760,10
12.8580799103,80.2261962891,28760,28770,10
12.8591403961,80.2262878418,28770,28780,10
12.8601398468,80.2264328003,28780,28790,10
12.8606500626,80.2264785767,28790,28800,10
12.8606796265,80.2264785767,28800,28811,11
12.8609600067,80.2265167236,28811,28821,10
12.8615398407,80.2265167236,28821,28831,10
12.8623600006,80.2264862061,28831,28841,10
12.8633804321,80.2264633179,28841,28851,10
12.8645801544,80.2265090942,28851,28861,10
12.8658895493,80.2265396118,28861,28871,10
12.8672199249,80.2264404297,28871,28881,10
12.8685903549,80.226348877,28881,28891,10
12.8698396683,80.2264785767,28891,28902,11
12.8710603714,80.226600647,28902,28912,10
12.872179985,80.2266311646,28912,28922,10
12.8728199005,80.2266235352,28922,28932,10
12.8729200363,80.2266311646,28932,28942,10
12.8734197617,80.2266464233,28942,28952,10
12.8741502762,80.2267074585,28952,28962,10
12.8750696182,80.2268295288,28962,28972,10
12.8761301041,80.2268981934,28972,28983,11
12.8766202927,80.226890564,28983,28993,10
12.8766298294,80.226890564,28993,29003,10
12.8768997192,80.226890564,29003,29013,10
12.8774900436,80.2268371582,29013,29023,10
12.8783197403,80.2267837524,29023,29033,10
12.8793897629,80.2267227173,29033,29043,10
12.8804998398,80.2266769409,29043,29053,10
12.8815498352,80.2266921997,29053,29064,11
12.8826999664,80.2266693115,29064,29074,10
12.8835000992,80.2266387939,29074,29084,10
12.8841104507,80.2266616821,29084,29094,10
12.8848495483,80.2266387939,29094,29104,10
12.885430336,80.2266769409,29104,29114,10
12.8854398727,80.2266769409,29114,29124,10
12.8856401443,80.2267227173,29124,29134,10
12.8861598969,80.2268676758,29134,29145,11
12.8869800568,80.2270812988,29145,29155,10
12.8878898621,80.2272262573,29155,29165,10
12.8889398575,80.2273025513,29165,29175,10
12.8900899887,80.2273025513,29175,29185,10
12.8913297653,80.2273025513,29185,29195,10
12.8923597336,80.2273178101,29195,29205,10
12.8931999207,80.2274093628,29205,29215,10
12.8940601349,80.2275238037,29215,29226,11
12.8951396942,80.2276077271,29226,29236,10
12.8962802887,80.2276611328,29236,29246,10
12.8974504471,80.227722168,29246,29256,10
12.8985500336,80.2277679443,29256,29266,10
12.8995399475,80.2278213501,29266,29276,10
12.9001703262,80.2278213501,29276,29296,20
12.9001703262,80.2278213501,29296,29307,11
12.9002504349,80.2278289795,29307,29317,10
12.9006595612,80.2278594971,29317,29327,10
12.901049614,80.2279129028,29327,29337,10
12.9014196396,80.2279586792,29337,29347,10
12.9018602371,80.2279586792,29347,29357,10
12.9025602341,80.2279968262,29357,29377,20
12.9025602341,80.2279968262,29377,29388,11
12.902879715,80.2279968262,29388,29398,10
12.9033603668,80.2279891968,29398,29408,10
12.9039402008,80.2280578613,29408,29418,10
12.9046802521,80.2281036377,29418,29428,10
12.9054498672,80.2281570435,29428,29438,10
12.9060897827,80.2281723022,29438,29448,10
12.9063596725,80.2281799316,29448,29458,10
12.9068899155,80.2282409668,29458,29469,11
12.907119751,80.2282791138,29469,29479,10
12.9073801041,80.2282714844,29479,29489,10
12.9080095291,80.2283630371,29489,29499,10
12.9088401794,80.2285232544,29499,29509,10
12.909910202,80.2286987305,29509,29519,10
12.9110898972,80.2288818359,29519,29529,10
12.9123497009,80.2290496826,29529,29539,10
12.9134397507,80.2292022705,29539,29550,11
12.9139499664,80.2292633057,29550,29560,10
12.9140195847,80.2292480469,29560,29570,10
12.9144802094,80.2293167114,29570,29580,10
12.9152402878,80.2294235229,29580,29590,10
12.916179657,80.2295532227,29590,29600,10
12.9172096252,80.2296905518,29600,29610,10
12.9182701111,80.229850769,29610,29620,10
12.9192895889,80.2300109863,29620,29630,10
12.9203996658,80.2301635742,29630,29641,11
12.9217195511,80.2303390503,29641,29651,10
12.9229602814,80.2305297852,29651,29661,10
12.9241800308,80.2307128906,29661,29671,10
12.9252796173,80.2308273315,29671,29681,10
12.926199913,80.2309036255,29681,29691,10
12.9263896942,80.2309417725,29691,29701,10
12.926659584,80.2309570313,29701,29711,10
12.9272699356,80.2310409546,29711,29722,11
12.9281702042,80.2311477661,29722,29732,10
12.9287996292,80.2312393188,29732,29742,10
12.9288196564,80.2312393188,29742,29752,10
12.929019928,80.231300354,29752,29762,10
12.9295396805,80.2314071655,29762,29772,10
12.9302501678,80.2315826416,29772,29782,10
12.9311599731,80.2318496704,29782,29792,10
12.9322099686,80.2322006226,29792,29803,11
12.9335803986,80.2326889038,29803,29823,20
12.9335803986,80.2326889038,29823,29833,10
12.9338102341,80.2327728271,29833,29843,10
12.9342803955,80.2330093384,29843,29853,10
12.9350004196,80.2333526611,29853,29863,10
12.9358196259,80.2337112427,29863,29873,10
12.9365797043,80.2340927124,29873,29884,11
12.9375200272,80.2345428467,29884,29894,10
12.93846035,80.2350234985,29894,29904,10
12.939789772,80.2356567383,29904,29924,20
12.939789772,80.2356567383,29924,29934,10
12.9400196075,80.2358016968,29934,29944,10
12.9406204224,80.236000061,29944,29954,10
12.9414196014,80.2361907959,29954,29965,11
12.9425096512,80.2364807129,29965,29975,10
12.9434204102,80.2370605469,29975,29985,10
12.9441900253,80.2378997803,29985,29995,10
12.9449996948,80.2387924194,29995,30005,10
12.9460201263,80.2394790649,30005,30015,10
12.9469900131,80.2398681641,30015,30025,10
12.9474000931,80.240020752,30025,30035,10
12.9474201202,80.2400283813,30035,30046,11
12.9476003647,80.2400970459,30046,30056,10
12.9480104446,80.2402801514,30056,30066,10
12.9484901428,80.2404708862,30066,30076,10
12.9490499496,80.2406921387,30076,30086,10
12.949669838,80.2409210205,30086,30096,10
12.9504299164,80.2411499023,30096,30106,10
12.9509496689,80.2413024902,30106,30116,10
12.9510097504,80.241317749,30116,30127,11
12.9514398575,80.2414703369,30127,30137,10
12.9516201019,80.2415390015,30137,30147,10
12.9519996643,80.2416763306,30147,30157,10
12.9526395798,80.2419128418,30157,30167,10
12.9532403946,80.242149353,30167,30177,10
12.9539299011,80.2424163818,30177,30187,10
12.9544000626,80.2426071167,30187,30197,10
12.9550104141,80.2428512573,30197,30208,11
12.9557695389,80.2431182861,30208,30218,10
12.9563598633,80.243347168,30218,30248,30
12.9563598633,80.243347168,30248,30258,10
12.9567804337,80.2434997559,30258,30268,10
12.957400322,80.2437973022,30268,30278,10
12.9581298828,80.2441482544,30278,30289,11
12.9588804245,80.2444076538,30289,30299,10
12.9589195251,80.2444381714,30299,30309,10
12.9591197968,80.2445373535,30309,30319,10
12.9596099854,80.2447814941,30319,30329,10
12.9603099823,80.2450866699,30329,30339,10
12.9611597061,80.2454833984,30339,30349,10
12.9621696472,80.2459793091,30349,30359,10
12.9634103775,80.2466201782,30359,30410,51
12.9634103775,80.2466201782,30410,30420,10
12.9634399414,80.2467803955,30420,30430,10
12.9635095596,80.2468109131,30430,30440,10
12.9638900757,80.246963501,30440,30451,11
12.9645700455,80.2471923828,30451,30461,10
12.9653196335,80.2474365234,30461,30471,10
12.9667396545,80.2479400635,30471,30501,30
12.9667396545,80.2479400635,30501,30511,10
12.9669799805,80.248008728,30511,30521,10
12.9672698975,80.2481918335,30521,30531,10
12.9678401947,80.2484283447,30531,30542,11
12.968629837,80.2487716675,30542,30552,10
12.9694795609,80.2491073608,30552,30563,11
12.9703302383,80.2494735718,30563,30573,10
12.9714603424,80.2498168945,30573,30583,10
12.9726200104,80.2501220703,30583,30593,10
12.9736499786,80.2503967285,30593,30603,10
12.9748401642,80.2507171631,30603,30613,10
12.9759902954,80.2510528564,30613,30624,11
12.9770898819,80.2513809204,30624,30634,10
12.9778995514,80.2519073486,30634,30644,10
12.9785804749,80.2523574829,30644,30664,20
12.9785804749,80.2523574829,30664,30674,10
12.9788599014,80.2524871826,30674,30684,10
12.9791202545,80.252571106,30684,30694,10
12.9793395996,80.2526016235,30694,30705,11
12.9798402786,80.2526473999,30705,30715,10
12.980219841,80.2526626587,30715,30725,10
12.980890274,80.2526397705,30725,30735,10
12.9817399979,80.2526092529,30735,30745,10
12.9827203751,80.252571106,30745,30755,10
12.9837503433,80.2524414063,30755,30765,10
12.9847698212,80.252166748,30765,30775,10
12.9854803085,80.2519607544,30775,30796,21
12.9854803085,80.2519607544,30796,30806,10
12.986000061,80.2518234253,30806,31018,212
12.986000061,80.2518234253,31018,31029,11
12.986410141,80.2516403198,31029,31039,10
12.986869812,80.2515487671,31039,31049,10
12.9872703552,80.2514190674,31049,31059,10
12.9876804352,80.2513275146,31059,31069,10
12.9882202148,80.2512207031,31069,31079,10
12.9890403748,80.2510070801,31079,31089,10
12.9895801544,80.2508468628,31089,31098,9
12.9895896912,80.2508468628,31098,31110,12
12.9897003174,80.2508087158,31110,31120,10
12.9901599884,80.2507019043,31120,31130,10
12.9908704758,80.2505493164,31130,31140,10
12.9917402267,80.2503433228,31140,31150,10
12.992770195,80.2501068115,31150,31160,10
12.9938898087,80.2498168945,31160,31170,10
12.9950199127,80.2495574951,31170,31180,10
12.9961500168,80.2492523193,31180,31191,11
12.9968099594,80.2490310669,31191,31201,10
12.9968204498,80.2490234375,31201,31211,10
12.9970798492,80.2489700317,31211,31221,10
12.9976797104,80.248840332,31221,31231,10
12.9984502792,80.2486495972,31231,31241,10
12.999329567,80.2484436035,31241,31251,10
13.0003004074,80.2482070923,31251,31261,10
13.0013799667,80.2479476929,31261,31272,11
13.0021095276,80.2477798462,31272,31282,10
13.0024204254,80.2476882935,31282,31292,10
13.0030498505,80.2475814819,31292,31302,10
13.0038795471,80.2474365234,31302,31312,10
13.0048303604,80.2473068237,31312,31322,10
13.0057497025,80.2471466064,31322,31332,10
13.0065402985,80.2464065552,31332,31353,21
13.0065402985,80.2464065552,31353,31363,10
13.0065898895,80.2462387085,31363,31373,10
13.0066299438,80.2457275391,31373,31383,10
13.006649971,80.2450332642,31383,31393,10
13.0066604614,80.2442626953,31393,31403,10
13.0066604614,80.243560791,31403,31413,10
13.0066299438,80.2429580688,31413,31423,10
13.0066003799,80.2422180176,31423,31433,10
13.0066204071,80.2413101196,31433,31444,11
13.0066995621,80.2405471802,31444,31464,20
13.0066995621,80.2405471802,31464,31474,10
13.0067195892,80.2403564453,31474,31484,10
13.0068101883,80.2400665283,31484,31494,10
13.0069503784,80.2395629883,31494,31504,10
13.0070896149,80.2386932373,31504,31514,10
13.0072402954,80.2378463745,31514,31525,11
13.0074501038,80.2366409302,31525,31545,20
13.0074501038,80.2366409302,31545,31555,10
13.0074996948,80.2365036011,31555,31565,10
13.0076198578,80.2360076904,31565,31575,10
13.0077695847,80.2352828979,31575,31585,10
13.007900238,80.2344665527,31585,31595,10
13.0081596375,80.2334518433,31595,31606,11
13.0083999634,80.2322692871,31606,31616,10
13.0086202621,80.2311782837,31616,31626,10
13.0088701248,80.2299728394,31626,31636,10
13.009059906,80.2287826538,31636,31646,10
13.0093603134,80.2277679443,31646,31656,10
13.0098304749,80.2267913818,31656,31666,10
13.0102701187,80.2259368896,31666,31676,10
13.0105800629,80.2253570557,31676,31687,11
13.0108003616,80.224822998,31687,31697,10
13.0110702515,80.2241516113,31697,31707,10
13.0112895966,80.2235565186,31707,31727,20
13.0112895966,80.2235565186,31727,31737,10
13.011349678,80.2233581543,31737,31747,10
13.0115404129,80.2229309082,31747,31757,10
13.0117902756,80.2222671509,31757,31768,11
13.0121097565,80.2215576172,31768,31778,10
13.0122900009,80.2214736938,31778,31788,10
13.0124397278,80.2215576172,31788,31798,10
13.0127801895,80.222038269,31798,31808,10
13.0132102966,80.2225723267,31808,31818,10
13.0137300491,80.2231521606,31818,31828,10
13.0141201019,80.2236099243,31828,31838,10
13.0144395828,80.2240829468,31838,31849,11
13.0150203705,80.224609375,31849,31859,10
13.015370369,80.2249069214,31859,31869,10
13.0153799057,80.2249069214,31869,31879,10
13.0154695511,80.2249679565,31879,31889,10
13.015709877,80.2252197266,31889,31899,10
13.016119957,80.2253417969,31899,31909,10
13.0167102814,80.2252426147,31909,31919,10
13.0174503326,80.2249603271,31919,31930,11
13.0183095932,80.224609375,31930,31940,10
13.0188999176,80.224357605,31940,31950,10
13.0193796158,80.2243118286,31950,31980,30
13.0193796158,80.2243118286,31980,31990,10
13.0195999146,80.2244262695,31990,32000,10
13.019780159,80.2245635986,32000,32011,11
13.0201301575,80.224822998,32011,32021,10
13.0204200745,80.2250518799,32021,32031,10
13.0207004547,80.2252426147,32031,32041,10
13.0209703445,80.2254333496,32041,32051,10
13.0211801529,80.2256393433,32051,32061,10
13.0214796066,80.2258682251,32061,32071,10
13.0216197968,80.2259597778,32071,32081,10
13.0219402313,80.2261810303,32081,32091,10
13.0223999023,80.2265777588,32091,32102,11
13.0229501724,80.2270736694,32102,32112,10
13.0232801437,80.2273864746,32112,32122,10
13.0235900879,80.2276687622,32122,32132,10
13.0238399506,80.2278823853,32132,32142,10
13.0241298676,80.2281723022,32142,32152,10
13.0243396759,80.2284469604,32152,32162,10
13.0243501663,80.2284469604,32162,32172,10
13.0243997574,80.2285079956,32172,32183,11
13.024310112,80.2286224365,32183,32193,10
13.0241003036,80.2283325195,32193,32203,10
13.0236501694,80.2277908325,32203,32213,10
13.0231103897,80.2273864746,32213,32416,203
13.0230398178,80.2271499634,32416,32689,273
13.0230398178,80.2271499634,32689,32699,10
13.0231304169,80.2272872925,32699,33195,496
13.0230302811,80.2270889282,33195,33408,213
13.0230302811,80.2270889282,33408,33418,10
13.0229301453,80.2270126343,33418,33428,10
13.0228996277,80.2269897461,33428,33438,10
13.0226602554,80.2267608643,33438,33448,10
13.0222997665,80.2264633179,33448,33458,10
13.0217504501,80.2259902954,33458,33469,11
13.0211400986,80.2255172729,33469,33479,10
13.0204296112,80.2250595093,33479,33489,10
13.0196895599,80.2246170044,33489,33499,10
13.0187797546,80.2245178223,33499,33509,10
13.0178604126,80.2248687744,33509,33519,10
13.0169496536,80.2252426147,33519,33529,10
13.0162000656,80.2255477905,33529,33539,10
13.0155601501,80.2257385254,33539,33550,11
13.0149002075,80.2259979248,33550,33560,10
13.0141897202,80.2262802124,33560,33580,20
13.0141897202,80.2262802124,33580,33590,10
13.0141201019,80.22631073,33590,33600,10
13.0137300491,80.2264633179,33600,33610,10
13.0131998062,80.2266693115,33610,33620,10
13.0125598907,80.2268981934,33620,33630,10
13.0118198395,80.227180481,33630,33641,11
13.0109395981,80.2275390625,33641,33651,10
13.0101003647,80.2278823853,33651,33661,10
13.0093202591,80.2282562256,33661,33671,10
13.0090999603,80.2289962769,33671,33681,10
13.0089797974,80.2297592163,33681,33691,10
13.0088500977,80.2304077148,33691,33701,10
13.0087404251,80.2309875488,33701,33711,10
13.0086402893,80.2315216064,33711,33752,41
13.0086402893,80.2315216064,33752,33762,10
13.0085697174,80.231918335,33762,33772,10
13.0084695816,80.2324829102,33772,33782,10
13.0083303452,80.2334671021,33782,33823,41
13.0083303452,80.2334671021,33823,33833,10
13.0081195831,80.2339096069,33833,33843,10
13.0080604553,80.234413147,33843,33853,10
13.007900238,80.2352218628,33853,33863,10
13.0077199936,80.2361373901,33863,33873,10
13.0074996948,80.2371673584,33873,33884,11
13.0073003769,80.238243103,33884,33894,10
13.0072002411,80.238861084,33894,33914,20
13.0072002411,80.238861084,33914,33924,10
13.0072002411,80.2391281128,33924,33934,10
13.0070400238,80.2397689819,33934,33975,41
13.0070400238,80.2397689819,33975,33985,10
13.006939888,80.2401428223,33985,34046,61
13.006939888,80.2401428223,34046,34056,10
13.0069599152,80.240447998,34056,34066,10
13.0068998337,80.2407608032,34066,34076,10
13.0068702698,80.2407913208,34076,34086,10
13.0068302155,80.2409133911,34086,34096,10
13.0067596436,80.2413330078,34096,34106,10
13.0067195892,80.2421112061,34106,34116,10
13.0066900253,80.2428970337,34116,34127,11
13.0066900253,80.243598938,34127,34137,10
13.0066404343,80.2442016602,34137,34147,10
13.0066299438,80.244758606,34147,34157,10
13.0066604614,80.2452163696,34157,34167,10
13.0066900253,80.2454605103,34167,34177,10
13.0067195892,80.2457962036,34177,34187,10
13.0067300797,80.2462387085,34187,34197,10
13.006770134,80.2466278076,34197,34208,11
13.006770134,80.2472229004,34208,34218,10
13.0061597824,80.2473678589,34218,34238,20
13.0061597824,80.2473678589,34238,34248,10
13.0060501099,80.2473373413,34248,34258,10
13.0056295395,80.2473220825,34258,34268,10
13.0048999786,80.2473373413,34268,34278,10
13.0040302277,80.2474594116,34278,34288,10
13.0029401779,80.2476196289,34288,34299,11
13.0022602081,80.247756958,34299,34309,10
13.001540184,80.2479629517,34309,34319,10
13.0006904602,80.2481613159,34319,34329,10
12.9996595383,80.2484207153,34329,34339,10
12.9981298447,80.2488632202,34339,34359,20
12.9981298447,80.2488632202,34359,34369,10
12.9980802536,80.2488632202,34369,34380,11
12.9976100922,80.2489471436,34380,34390,10
12.9969396591,80.2491073608,34390,34400,10
12.9960899353,80.2493133545,34400,34410,10
12.9950799942,80.2495727539,34410,34420,10
12.9939699173,80.2498626709,34420,34430,10
12.9928197861,80.2501373291,34430,34440,10
12.9919700623,80.2503509521,34440,34450,10
12.9915399551,80.2505111694,34450,34461,11
12.9912996292,80.250579834,34461,34471,10
12.9912796021,80.250579834,34471,34481,10
12.990940094,80.2506332397,34481,34491,10
12.9905796051,80.2507400513,34491,34916,425
12.9905796051,80.2507400513,34916,34926,10
12.9903898239,80.2508087158,34926,34936,10
12.9899396896,80.2509307861,34936,34946,10
12.9896202087,80.2510223389,34946,34957,11
12.9893198013,80.251083374,34957,34967,10
12.9890403748,80.251159668,34967,34977,10
12.9887399673,80.2512435913,34977,34987,10
12.9883403778,80.2513809204,34987,34997,10
12.9879903793,80.251449585,34997,35007,10
12.9876899719,80.2515106201,35007,35017,10
12.9873399734,80.2516021729,35017,35027,10
12.9869403839,80.2517089844,35027,35038,11
12.986240387,80.2518768311,35038,35048,10
12.9854202271,80.2520599365,35048,35058,10
12.9844903946,80.2523117065,35058,35068,10
12.9835300446,80.2525405884,35068,35078,10
12.9826498032,80.2526626587,35078,35088,10
12.9819002151,80.2526702881,35088,35098,10
12.9812698364,80.2526779175,35098,35108,10
12.9809598923,80.2527084351,35108,35119,11
12.9807796478,80.2527236938,35119,35149,30
12.9807796478,80.2527236938,35149,35159,10
12.9805898666,80.2526931763,35159,35169,10
12.9803600311,80.2527236938,35169,35179,10
12.9802398682,80.2527389526,35179,35189,10
12.9799804688,80.2527694702,35189,35200,11
12.9794101715,80.2526702881,35200,35210,10
12.9786100388,80.2525482178,35210,35230,20
12.9786100388,80.2525482178,35230,35240,10
12.9783496857,80.2523727417,35240,35250,10
12.9778699875,80.251953125,35250,35260,10
12.9771995544,80.2514190674,35260,35270,10
12.9762401581,80.251083374,35270,35281,11
12.9750003815,80.2507400513,35281,35291,10
12.9738702774,80.2504272461,35291,35301,10
12.9727497101,80.2501602173,35301,35311,10
12.9715499878,80.2498016357,35311,35321,10
12.970290184,80.2494277954,35321,35331,10
12.9690704346,80.2489318848,35331,35341,10
12.967880249,80.2484512329,35341,35351,10
12.9668798447,80.2479705811,35351,35362,11
12.9660396576,80.2476119995,35362,35372,10
12.9652500153,80.2473297119,35372,35382,10
12.9650096893,80.2472610474,35382,35392,10
12.9649496078,80.247253418,35392,35402,10
12.9645299911,80.2470779419,35402,35412,10
12.9638500214,80.2468185425,35412,35432,20
12.9638500214,80.2468185425,35432,35443,11
12.9637002945,80.2467193604,35443,35453,10
12.9631795883,80.2464523315,35453,35463,10
12.9624099731,80.2461013794,35463,35473,10
12.9614601135,80.2456283569,35473,35483,10
12.9604902267,80.2451629639,35483,35493,10
12.9594497681,80.2447662354,35493,35513,20
12.9594497681,80.2447662354,35513,35524,11
12.9590997696,80.2445907593,35524,35534,10
12.9584798813,80.2443237305,35534,35544,10
12.9578399658,80.2440567017,35544,35554,10
12.9571399689,80.2438430786,35554,35564,10
12.956580162,80.2436904907,35564,35574,10
12.956489563,80.2436599731,35574,35584,10
12.9562797546,80.2436218262,35584,35594,10
12.9558000565,80.2433700562,35594,35604,10
12.9550600052,80.2429885864,35604,35615,11
12.9544801712,80.2426986694,35615,35625,10
12.9538698196,80.24243927,35625,35635,10
12.9531497955,80.2421264648,35635,35645,10
12.952340126,80.2418212891,35645,35655,10
12.9518995285,80.2416610718,35655,35665,10
12.9518003464,80.2416381836,35665,35675,10
12.9514198303,80.2415008545,35675,35685,10
12.950969696,80.2413711548,35685,35696,11
12.9505300522,80.2412414551,35696,35706,10
12.9504003525,80.2412109375,35706,35716,10
12.9499197006,80.2410583496,35716,35726,10
12.9491796494,80.2408370972,35726,35736,10
12.9485397339,80.240562439,35736,35746,10
12.9479799271,80.2403182983,35746,35756,10
12.9475297928,80.2401123047,35756,35766,10
12.9473104477,80.240020752,35766,35777,11
12.9470500946,80.2399520874,35777,35787,10
12.9469804764,80.239906311,35787,35797,10
12.9465303421,80.2397232056,35797,35807,10
12.9458599091,80.2394104004,35807,35817,10
12.9451198578,80.2389373779,35817,35827,10
12.9445695877,80.2383422852,35827,35837,10
12.9437999725,80.2374725342,35837,35847,10
12.9432401657,80.2369003296,35847,35858,11
12.9422998428,80.2363967896,35858,35868,10
12.941280365,80.2361373901,35868,35878,10
12.9405202866,80.2359619141,35878,35888,10
12.9400997162,80.2358322144,35888,35917,29
12.9400997162,80.2358322144,35917,35928,11
12.9399499893,80.2357788086,35928,35939,11
12.9395799637,80.2356185913,35939,35949,10
12.9389400482,80.2352828979,35949,35959,10
12.9381399155,80.2348709106,35959,35969,10
12.9371595383,80.2343978882,35969,35979,10
12.9361200333,80.2339096069,35979,35989,10
12.9350996017,80.2334594727,35989,35999,10
12.9343996048,80.2331314087,35999,36009,10
12.9342098236,80.2330627441,36009,36020,11
12.933930397,80.2329483032,36020,36030,10
12.9339199066,80.2329406738,36030,36040,10
12.9336004257,80.2327575684,36040,36050,10
12.9329900742,80.2324905396,36050,36060,10
12.9322004318,80.2322006226,36060,36070,10
12.931189537,80.2318725586,36070,36080,10
12.930150032,80.2315597534,36080,36090,10
12.9293603897,80.2314071655,36090,36101,11
12.9285001755,80.2312469482,36101,36111,10
12.9276800156,80.2310714722,36111,36121,10
12.9268798828,80.2309799194,36121,36131,10
12.9259195328,80.2309494019,36131,36151,20
12.9259195328,80.2309494019,36151,36161,10
12.9256401062,80.2309188843,36161,36171,10
12.9250802994,80.2308807373,36171,36181,10
12.9243097305,80.230796814,36181,36192,11
12.9232797623,80.2306594849,36192,36202,10
12.9221601486,80.2304763794,36202,36212,10
12.920920372,80.2303009033,36212,36222,10
12.9197301865,80.2301177979,36222,36232,10
12.9186897278,80.2299804688,36232,36242,10
12.9175796509,80.229850769,36242,36252,10
12.9164304733,80.2296829224,36252,36262,10
12.9152498245,80.2295227051,36262,36273,11
12.9141902924,80.2293624878,36273,36283,10
12.9135198593,80.2293167114,36283,36303,20
12.9135198593,80.2293167114,36303,36313,10
12.9132204056,80.2292175293,36313,36323,10
12.9125995636,80.2291183472,36323,36333,10
12.9117898941,80.2289962769,36333,36343,10
12.9107398987,80.2288665771,36343,36354,11
12.9096899033,80.2287063599,36354,36364,10
12.9093103409,80.2286682129,36364,36414,50
12.9093103409,80.2286682129,36414,36424,10
12.9090995789,80.2286529541,36424,36435,11
12.9086303711,80.228553772,36435,36445,10
12.9083995819,80.2285003662,36445,36455,10
12.9080095291,80.2284469604,36455,36586,131
12.9080095291,80.2284469604,36586,36597,11
12.9078197479,80.2284622192,36597,36607,10
12.9073495865,80.2283935547,36607,36617,10
12.9069404602,80.2283401489,36617,36627,10
12.9064798355,80.2282791138,36627,36637,10
12.9058904648,80.2282028198,36637,36647,10
12.9055995941,80.2281799316,36647,36657,10
12.9055595398,80.228187561,36657,36667,10
12.9053096771,80.2282409668,36667,36678,11
12.9048995972,80.2282028198,36678,36688,10
12.904589653,80.228187561,36688,36698,10
12.9045200348,80.2281799316,36698,36708,10
12.9043397903,80.2281799316,36708,36718,10
12.9040899277,80.2281570435,36718,36728,10
12.9039201736,80.2281570435,36728,36738,10
12.9035902023,80.2281494141,36738,36748,10
12.902759552,80.2281112671,36748,36769,21
12.902759552,80.2281112671,36769,36779,10
12.9025402069,80.2280731201,36779,36789,10
12.9022798538,80.2279968262,36789,36799,10
12.9020204544,80.2279891968,36799,36809,10
12.9017801285,80.2279815674,36809,36819,10
12.9015398026,80.2279815674,36819,36829,10
12.9012699127,80.228012085,36829,36839,10
12.900970459,80.2279510498,36839,36850,11
12.9005298615,80.2278900146,36850,36860,10
12.9000196457,80.2278823853,36860,36870,10
12.8992795944,80.2278594971,36870,36910,40
12.8992795944,80.2278594971,36910,36920,10
12.8988399506,80.2277679443,36920,36931,11
12.8981304169,80.2277374268,36931,36941,10
12.8973197937,80.2276763916,36941,36951,10
12.8963403702,80.2276382446,36951,36961,10
12.8952302933,80.2276000977,36961,36971,10
12.8940401077,80.2275619507,36971,36981,10
12.8930196762,80.2274703979,36981,37082,101
12.8930196762,80.2274703979,37082,37093,11
12.8927202225,80.2274169922,37093,37103,10
12.8923797607,80.2273788452,37103,37113,10
12.8919095993,80.2273406982,37113,37123,10
12.8912496567,80.2273101807,37123,37133,10
12.8904399872,80.2273330688,37133,37143,10
12.8894500732,80.2273330688,37143,37153,10
12.8883399963,80.2273101807,37153,37163,10
12.887169838,80.2271575928,37163,37174,11
12.885840416,80.2268371582,37174,37184,10
12.8851099014,80.2267227173,37184,37194,10
12.8846702576,80.2267227173,37194,37204,10
12.8845701218,80.2266998291,37204,37214,10
12.8841400146,80.2266769409,37214,37224,10
12.8834695816,80.2266998291,37224,37234,10
12.8826198578,80.2267227173,37234,37244,10
12.8815803528,80.2267074585,37244,37255,11
12.880279541,80.2267227173,37255,37265,10
12.8790397644,80.2267379761,37265,37275,10
12.8777704239,80.226852417,37275,37285,10
12.8767595291,80.2269592285,37285,37295,10
12.8765697479,80.2269592285,37295,37305,10
12.8764200211,80.2269592285,37305,37315,10
12.8759202957,80.2269668579,37315,37325,10
12.8751497269,80.2269134521,37325,37336,11
12.8740997314,80.2267684937,37336,37346,10
12.8731098175,80.2266998291,37346,37356,10
12.8725404739,80.2266998291,37356,37366,10
12.8725004196,80.2266998291,37366,37376,10
12.8721199036,80.2266769409,37376,37386,10
12.8714103699,80.2266387939,37386,37395,9
12.870639801,80.2266082764,37395,37406,11
12.869720459,80.2265014648,37406,37417,11
12.8682098389,80.2263565063,37417,37427,10
12.8669700623,80.2264862061,37427,37437,10
12.8657398224,80.2265930176,37437,37447,10
12.8644800186,80.2265701294,37447,37457,10
12.8632001877,80.2265090942,37457,37467,10
12.8619203568,80.2265625,37467,37477,10
12.8611097336,80.2265930176,37477,37518,41
12.8611097336,80.2265930176,37518,37528,10
12.8610801697,80.2266082764,37528,37538,10
12.8606901169,80.2265625,37538,37548,10
12.8600196838,80.2264633179,37548,37558,10
12.85916996,80.2263412476,37558,37568,10
12.8582201004,80.2262496948,37568,37578,10
12.8571100235,80.2263031006,37578,37589,11
12.8558101654,80.2264404297,37589,37599,10
12.8545598984,80.2265625,37599,37609,10
12.8532896042,80.2266998291,37609,37619,10
12.8519697189,80.2266693115,37619,37629,10
12.8507404327,80.2266082764,37629,37639,10
12.8500995636,80.2265930176,37639,37649,10
12.8500995636,80.2265777588,37649,37659,10
12.8499202728,80.2265319824,37659,37670,11
12.8492898941,80.2265472412,37670,37680,10
12.8484802246,80.2265625,37680,37690,10
12.8466997147,80.2266082764,37690,37700,10
12.8466997147,80.2266082764,37700,37710,10
12.8461999893,80.2266235352,37710,37720,10
12.845580101,80.2265930176,37720,37740,20
12.845580101,80.2265930176,37740,37751,11
12.8455200195,80.2266235352,37751,37762,11
12.84512043,80.226600647,37762,37772,10
12.8443403244,80.2266616821,37772,37782,10
12.8434200287,80.2267608643,37782,37792,10
12.8424301147,80.2269210815,37792,37802,10
12.8415298462,80.2271575928,37802,37822,20
12.8415298462,80.2271575928,37822,37833,11
12.8413696289,80.2272033691,37833,37883,50
12.8413696289,80.2272033691,37883,37893,10
12.8410596848,80.2273406982,37893,37903,10
12.8409004211,80.2274017334,37903,38005,102
12.8404998779,80.2275009155,38005,38025,20
12.8402395248,80.2275924683,38025,38055,30
12.8401098251,80.2276229858,38055,38086,31
12.8398895264,80.2277069092,38086,38106,20
12.8398895264,80.2277069092,38106,38116,10
12.8397598267,80.2277526855,38116,38136,20
12.8397598267,80.2277526855,38136,38146,10
12.8395395279,80.2277984619,38146,38156,10
12.8390197754,80.2278823853,38156,38167,11
12.8382797241,80.2280731201,38167,38177,10
12.8374004364,80.2282562256,38177,38187,10
12.8363103867,80.2284164429,38187,38197,10
12.8351402283,80.2285995483,38197,38207,10
12.8339300156,80.2287979126,38207,38217,10
12.832449913,80.2291030884,38217,38258,41
12.832449913,80.2291030884,38258,38268,10
12.8322896957,80.2291030884,38268,38278,10
12.832110405,80.229133606,38278,38288,10
12.8320198059,80.2291564941,38288,38298,10
12.8317899704,80.2291793823,38298,38308,10
12.8313598633,80.2292861938,38308,38318,10
12.8305997849,80.2295379639,38318,38329,11
12.8294801712,80.2299575806,38329,38339,10
12.8283596039,80.230506897,38339,38349,10
12.8273296356,80.2311019897,38349,38359,10
12.8261699677,80.2313537598,38359,38369,10
12.8248596191,80.2313766479,38369,38379,10
12.8235397339,80.2310562134,38379,38389,10
12.8222303391,80.2306594849,38389,38399,10
12.8208799362,80.2304534912,38399,38410,11
12.8194198608,80.2304992676,38410,38420,10
12.8189096451,80.2304992676,38420,38430,10
12.8186197281,80.2303771973,38430,38440,10
12.8179197311,80.2300186157,38440,38450,10
12.8169202805,80.2296066284,38450,38460,10
12.8156995773,80.2293777466,38460,38470,10
12.8144197464,80.2291870117,38470,38480,10
12.8131198883,80.2288208008,38480,38491,11
12.8116998672,80.2283096313,38491,38501,10
12.8104200363,80.2277984619,38501,38511,10
12.8091897964,80.2272186279,38511,38521,10
12.8081197739,80.2263793945,38521,38531,10
12.8071403503,80.2255325317,38531,38541,10
12.8064002991,80.224861145,38541,38551,10
12.8056898117,80.2242584229,38551,38561,10
12.8050098419,80.223991394,38561,38572,11
12.8049402237,80.2239608765,38572,38582,10
12.8045101166,80.2238922119,38582,38592,10
12.8037700653,80.2238311768,38592,38602,10
12.8028898239,80.2237625122,38602,38612,10
12.8017702103,80.2236175537,38612,38622,10
12.8010101318,80.2235794067,38622,38632,10
12.8009300232,80.2235488892,38632,38642,10
12.8004798889,80.2235031128,38642,38653,11
12.7996196747,80.2234268188,38653,38663,10
12.7986297607,80.2233581543,38663,38673,10
12.7975597382,80.2232437134,38673,38683,10
12.7965803146,80.2230834961,38683,38693,10
12.7958698273,80.2229614258,38693,38703,10
12.7958602905,80.2229614258,38703,38713,10
12.795800209,80.2229614258,38713,38723,10
12.7953796387,80.2228393555,38723,38733,10
12.7945604324,80.2227020264,38733,38744,11
12.7935695648,80.2225494385,38744,38754,10
12.7925395966,80.2223968506,38754,38764,10
12.7915096283,80.2221603394,38764,38774,10
12.7904996872,80.2219009399,38774,38784,10
12.7896604538,80.2216567993,38784,38794,10
12.7889003754,80.2213668823,38794,38804,10
12.7881402969,80.2210693359,38804,38814,10
12.7875204086,80.2208404541,38814,38825,11
12.7869300842,80.2206192017,38825,38835,10
12.786860466,80.2205886841,38835,38845,10
12.7867498398,80.2205429077,38845,38855,10
12.7863702774,80.2203979492,38855,38865,10
12.7861795425,80.2204284668,38865,38875,10
12.7861795425,80.2208328247,38875,38885,10
12.7861995697,80.2211608887,38885,38895,10
12.786239624,80.2214736938,38895,38906,11
12.7862596512,80.2218017578,38906,38916,10
12.7862596512,80.2218093872,38916,38926,10
12.7861795425,80.2220687866,38926,39412,486
12.7862195969,80.2218093872,39412,39442,30
12.7862195969,80.2218093872,39442,39452,10
12.7862100601,80.2214813232,39452,39462,10
12.7861995697,80.2213592529,39462,39473,11
12.7861795425,80.2210083008,39473,39483,10
12.7861700058,80.2205200195,39483,39543,60
12.7861700058,80.2205200195,39543,39554,11
12.7862701416,80.2203063965,39554,39564,10
12.786529541,80.2203979492,39564,39574,10
12.7865400314,80.220413208,39574,39584,10
12.7866697311,80.2204971313,39584,39594,10
12.7867898941,80.2205734253,39594,39604,10
12.7870502472,80.2206497192,39604,39614,10
12.7875099182,80.2208099365,39614,39624,10
12.788069725,80.2210083008,39624,39635,11
12.7888097763,80.2212905884,39635,39645,10
12.7895402908,80.2215576172,39645,39655,10
12.7902202606,80.2217636108,39655,39665,10
12.7910995483,80.2220001221,39665,39675,10
12.7921695709,80.2222671509,39675,39685,10
12.7933397293,80.2224807739,39685,39695,10
12.7943601608,80.222618103,39695,39705,10
12.7951698303,80.2227706909,39705,39716,11
12.796210289,80.2229232788,39716,39726,10
12.7965803146,80.2229766846,39726,39736,10
12.7968997955,80.2230606079,39736,39746,10
12.797539711,80.2231826782,39746,39756,10
12.7982997894,80.2232818604,39756,39766,10
12.7992095947,80.2233810425,39766,39776,10
12.8002195358,80.2234573364,39776,39786,10
12.8011903763,80.2235412598,39786,39797,11
12.8014202118,80.2235565186,39797,39807,10
12.8017597198,80.2236328125,39807,39817,10
12.8023500443,80.2236862183,39817,39827,10
12.8030195236,80.2238006592,39827,39837,10
12.8037595749,80.2238616943,39837,39847,10
12.804599762,80.2239303589,39847,39857,10
12.8053398132,80.224067688,39857,39867,10
12.8055896759,80.2241516113,39867,39877,10
12.8058595657,80.2243499756,39877,39888,11
12.8064699173,80.2248764038,39888,39898,10
12.8072004318,80.2255172729,39898,39908,10
12.80809021,80.226272583,39908,39918,10
12.8090600967,80.2270736694,39918,39928,10
12.8101797104,80.2276916504,39928,39938,10
12.8113698959,80.2281799316,39938,39948,10
12.812620163,80.2286224365,39948,39958,10
12.8135795593,80.2289581299,39958,39969,11
12.8142995834,80.2291564941,39969,39979,10
12.8152503967,80.2293014526,39979,39989,10
12.8164196014,80.2294769287,39989,39999,10
12.8175897598,80.2298202515,39999,40009,10
12.8186798096,80.2303237915,40009,40019,10
12.8195495605,80.2304382324,40019,40029,10
12.8197097778,80.2304382324,40029,40039,10
12.8201303482,80.2304229736,40039,40050,11
12.8209896088,80.2304000854,40050,40060,10
12.8219299316,80.230506897,40060,40070,10
12.8228502274,80.2307815552,40070,40080,10
12.823849678,80.2310562134,40080,40090,10
12.8249197006,80.2313079834,40090,40100,10
12.8261499405,80.2313232422,40100,40110,10
12.8273096085,80.2311172485,40110,40120,10
12.8283100128,80.2305679321,40120,40131,11
12.8295097351,80.2299804688,40131,40141,10
12.8305797577,80.2295532227,40141,40151,10
12.8310203552,80.2293777466,40151,40161,10
12.8311004639,80.2294082642,40161,40171,10
12.8313102722,80.2293014526,40171,40181,10
12.8313302994,80.2292785645,40181,40191,10
12.831410408,80.2292404175,40191,40201,10
12.8318395615,80.2291107178,40201,40212,11
12.8325996399,80.2289810181,40212,40222,10
12.8334598541,80.2288208008,40222,40232,10
12.8345003128,80.2286300659,40232,40242,10
12.8356800079,80.2284393311,40242,40252,10
12.8369197845,80.2282409668,40252,40262,10
12.8380804062,80.2280426025,40262,40272,10
12.8390102386,80.2277832031,40272,40282,10
12.8394498825,80.2275924683,40282,40293,11
12.839679718,80.2275390625,40293,40303,10
12.8401699066,80.2274780273,40303,40313,10
12.840880394,80.2273025513,40313,40323,10
12.8418197632,80.2270431519,40323,40333,10
12.8429203033,80.2268295288,40333,40343,10
12.8441095352,80.2266616821,40343,40353,10
12.8451099396,80.2265777588,40353,40363,10
12.8453702927,80.2265472412,40363,40374,11
12.8454198837,80.2265472412,40374,40384,10
12.8456697464,80.2265396118,40384,40394,10
12.845700264,80.2265472412,40394,40404,10
12.8458099365,80.2265701294,40404,40414,10
12.8462495804,80.2265625,40414,40424,10
12.8469800949,80.2265472412,40424,40434,10
12.8479404449,80.2265625,40434,40444,10
12.8490600586,80.2265625,40444,40454,10
12.850279808,80.2265472412,40454,40465,11
12.8516998291,80.2266235352,40465,40475,10
12.8530302048,80.2266693115,40475,40485,10
12.8543796539,80.2265472412,40485,40495,10
12.8557300568,80.2264175415,40495,40505,10
12.8571100235,80.2262573242,40505,40515,10
12.8584003448,80.2261962891,40515,40525,10
12.8596496582,80.226348877,40525,40535,10
12.8606901169,80.2264785767,40535,40546,11
12.8608703613,80.2265167236,40546,40556,10
12.8612604141,80.2265472412,40556,40566,10
12.8619804382,80.2265319824,40566,40576,10
12.8629398346,80.2264633179,40576,40586,10
12.8641004562,80.2264785767,40586,40596,10
12.8653898239,80.2265319824,40596,40606,10
12.866689682,80.2264785767,40606,40616,10
12.8677997589,80.2263793945,40616,40627,11
12.8689899445,80.2263793945,40627,40637,10
12.8702297211,80.2265167236,40637,40647,10
12.871509552,80.2266082764,40647,40657,10
12.8724603653,80.2266235352,40657,40667,10
12.8727502823,80.2266311646,40667,40677,10
12.8729000092,80.2266464233,40677,40687,10
12.8734397888,80.2266693115,40687,40697,10
12.8742399216,80.2267608643,40697,40708,11
12.8753595352,80.226890564,40708,40718,10
12.8763303757,80.2268981934,40718,40728,10
12.8767700195,80.2268600464,40728,40738,10
12.8768100739,80.226852417,40738,40748,10
12.877240181,80.2268218994,40748,40758,10
12.877989769,80.2267684937,40758,40768,10
12.8789701462,80.2267074585,40768,40778,10
12.8801202774,80.2266921997,40778,40789,11
12.8814401627,80.2266921997,40789,40799,10
12.8826904297,80.2266693115,40799,40809,10
12.8839702606,80.2266616821,40809,40819,10
12.8850402832,80.2266387939,40819,40829,10
12.8852796555,80.2266616821,40829,40839,10
12.8856096268,80.2267227173,40839,40849,10
12.8862304688,80.2268829346,40849,40859,10
12.8870801926,80.2270965576,40859,40870,11
12.8882598877,80.2272796631,40870,40880,10
12.88945961,80.2273178101,40880,40890,10
12.8907403946,80.2273178101,40890,40900,10
12.8917398453,80.2273101807,40900,40910,10
12.8921003342,80.2273330688,40910,40920,10
12.8925199509,80.2273635864,40920,40930,10
12.8932199478,80.2274398804,40930,40940,10
12.8940896988,80.2275390625,40940,40951,11
12.8951597214,80.2276000977,40951,40961,10
12.8962001801,80.2276382446,40961,40971,10
12.8972396851,80.2276916504,40971,40981,10
12.8982400894,80.2277374268,40981,40991,10
12.8991804123,80.2277984619,40991,41001,10
12.8999300003,80.2278213501,41001,41021,20
12.8999300003,80.2278213501,41021,41032,11
12.9002103806,80.2278823853,41032,41042,10
12.9007301331,80.2278823853,41042,41052,10
12.9010696411,80.2279205322,41052,41062,10
12.90143013,80.2279434204,41062,41072,10
12.9019002914,80.2279586792,41072,41082,10
12.9022703171,80.2279586792,41082,41092,10
12.9024295807,80.2279891968,41092,41102,10
12.9028301239,80.2279968262,41102,41113,11
12.9028902054,80.2279968262,41113,41123,10
12.9031200409,80.2279815674,41123,41133,10
12.9035997391,80.2280502319,41133,41143,10
12.9042100906,80.2281036377,41143,41153,10
12.9052696228,80.2281417847,41153,41183,30
12.9052696228,80.2281417847,41183,41193,10
12.9053401947,80.2280807495,41193,41204,11
12.9056596756,80.2280807495,41204,41214,10
12.9059495926,80.2281417847,41214,41224,10
12.9062204361,80.2281799316,41224,41234,10
12.9065504074,80.2282180786,41234,41244,10
12.9069795609,80.2282485962,41244,41254,10
12.9071702957,80.2282562256,41254,41264,10
12.9077396393,80.2283477783,41264,41274,10
12.908539772,80.2284927368,41274,41285,11
12.9097003937,80.2286834717,41285,41295,10
12.9108800888,80.2288589478,41295,41305,10
12.9121103287,80.2290420532,41305,41315,10
12.9132499695,80.2292098999,41315,41325,10
12.9138402939,80.2292785645,41325,41335,10
12.9139299393,80.2293014526,41335,41345,10
12.9142599106,80.2293395996,41345,41355,10
12.914899826,80.2294082642,41355,41366,11
12.9158496857,80.2295684814,41366,41376,10
12.9168796539,80.2297210693,41376,41386,10
12.9179601669,80.2298812866,41386,41396,10
12.9190797806,80.2300262451,41396,41406,10
12.9202699661,80.2301712036,41406,41416,10
12.9215297699,80.2303314209,41416,41426,10
12.9228200912,80.2305221558,41426,41436,10
12.9241304398,80.2307128906,41436,41447,11
12.9254703522,80.2308578491,41447,41457,10
12.9263401031,80.2309494019,41457,41467,10
12.9264202118,80.23097229,41467,41477,10
12.9268102646,80.2310180664,41477,41487,10
12.9274902344,80.2311096191,41487,41497,10
12.9283504486,80.2312316895,41497,41507,10
12.9287395477,80.2312774658,41507,41517,10
12.9291095734,80.231338501,41517,41528,11
12.9298400879,80.2314987183,41528,41538,10
12.9306898117,80.2317199707,41538,41548,10
12.9316396713,80.2320327759,41548,41558,10
12.9326200485,80.2323532104,41558,41568,10
12.9335403442,80.2326965332,41568,41578,10
12.9336595535,80.2327728271,41578,41588,10
12.9339799881,80.2329330444,41588,41598,10
12.9346399307,80.2332229614,41598,41609,11
12.9353399277,80.2335510254,41609,41619,10
12.9356403351,80.2337188721,41619,41629,10
12.9362201691,80.2340011597,41629,41639,10
12.9369497299,80.2343521118,41639,41649,10
12.9377098083,80.2347183228,41649,41659,10
12.9384098053,80.2350463867,41659,41669,10
12.9395198822,80.2356033325,41669,41679,10
12.9398803711,80.235748291,41679,41690,11
12.9401702881,80.2358932495,41690,41700,10
12.9407901764,80.2360610962,41700,41710,10
12.9416103363,80.2362670898,41710,41720,10
12.942609787,80.2365875244,41720,41730,10
12.9435396194,80.2372589111,41730,41740,10
12.9443902969,80.2381973267,41740,41750,10
12.945309639,80.2391433716,41750,41760,10
12.9465103149,80.2397079468,41760,41771,11
12.9473400116,80.240020752,41771,41781,10
12.9474496841,80.2400588989,41781,41791,10
12.9479103088,80.2402572632,41791,41801,10
12.9488096237,80.2406005859,41801,41841,40
12.9488096237,80.2406005859,41841,41852,11
12.9489898682,80.240737915,41852,41862,10
12.9495201111,80.2409591675,41862,41872,10
12.9502897263,80.2411880493,41872,41882,10
12.9510402679,80.2414321899,41882,41892,10
12.9511699677,80.2414779663,41892,41902,10
12.9515104294,80.241607666,41902,41912,10
12.9521398544,80.2418365479,41912,41922,10
12.9529495239,80.2421417236,41922,41932,10
12.9536600113,80.242401123,41932,41943,11
12.9544801712,80.2427215576,41943,41953,10
12.9552297592,80.242980957,41953,41963,10
12.9563598633,80.243347168,41963,42003,40
12.9563598633,80.243347168,42003,42013,10
12.9567403793,80.2434616089,42013,42024,11
12.9574403763,80.2438201904,42024,42034,10
12.9582195282,80.244178772,42034,42044,10
12.9588499069,80.244468689,42044,42054,10
12.9589595795,80.2445831299,42054,42064,10
12.9594402313,80.2448272705,42064,42074,10
12.9601402283,80.2451477051,42074,42084,10
12.9610595703,80.2455368042,42084,42094,10
12.961979866,80.2459793091,42094,42105,11
12.9628000259,80.246383667,42105,42115,10
12.9633998871,80.2466506958,42115,42186,71
12.9633998871,80.2466506958,42186,42196,10
12.9637298584,80.2468185425,42196,42206,10
12.9643497467,80.2470703125,42206,42216,10
12.9651603699,80.2473602295,42216,42226,10
12.9666595459,80.2479019165,42226,42246,20
12.9666595459,80.2479019165,42246,42256,10
12.9669103622,80.2480392456,42256,42267,11
12.967590332,80.248336792,42267,42277,10
12.9684801102,80.2487106323,42277,42287,10
12.9694404602,80.2490921021,42287,42297,10
12.9704799652,80.2494735718,42297,42307,10
12.971619606,80.2498474121,42307,42317,10
12.9727401733,80.2501602173,42317,42327,10
12.9738197327,80.2504501343,42327,42337,10
12.9749403,80.2507705688,42337,42348,11
12.9761400223,80.2510986328,42348,42358,10
12.9771604538,80.251411438,42358,42368,10
12.9779596329,80.251953125,42368,42378,10
12.9785203934,80.2523498535,42378,42388,10
12.9785804749,80.2523803711,42388,42398,10
12.9788398743,80.2525100708,42398,42408,10
12.9793796539,80.2526016235,42408,42429,21
12.9793796539,80.2526016235,42429,42439,10
12.9796495438,80.2526397705,42439,42449,10
12.9801597595,80.2526702881,42449,42459,10
12.9808397293,80.2526473999,42459,42469,10
12.9816503525,80.2526321411,42469,42479,10
12.9825601578,80.2526016235,42479,42489,10
12.9835195541,80.2524871826,42489,42499,10
12.9844903946,80.2522277832,42499,42510,11
12.985619545,80.2519226074,42510,42520,10
12.9864902496,80.251701355,42520,42530,10
12.9875402451,80.2514038086,42530,42702,172
12.9875402451,80.2514038086,42702,42712,10
12.9877796173,80.2513885498,42712,42722,10
12.9883003235,80.2512588501,42722,42732,10
12.9890699387,80.2510528564,42732,42742,10
12.9896602631,80.2508926392,42742,42752,10
12.9896802902,80.2508926392,42752,42763,11
12.9900999069,80.2508468628,42763,42773,10
12.9907903671,80.2507019043,42773,42783,10
12.9916496277,80.2504730225,42783,42793,10
12.9926300049,80.250213623,42793,42803,10
12.9936199188,80.249961853,42803,42813,10
12.9947004318,80.249671936,42813,42823,10
12.9959001541,80.249382019,42823,42833,10
12.9967498779,80.2491378784,42833,42844,11
12.9968795776,80.2491378784,42844,42854,10
12.9973201752,80.2490234375,42854,42864,10
12.9980096817,80.2488327026,42864,42874,10
12.9988498688,80.2486190796,42874,42884,10
12.9998903275,80.2483520508,42884,42894,10
13.0010795593,80.248046875,42894,42904,10
13.0022201538,80.2477493286,42904,42914,10
13.0033197403,80.2475509644,42914,42925,11
13.0046596527,80.2473678589,42925,42935,10
13.0058097839,80.2471694946,42935,42945,10
13.0064496994,80.2466583252,42945,42955,10
13.0065002441,80.2465362549,42955,42965,10
13.0065498352,80.246383667,42965,42975,10
13.0066204071,80.2457962036,42975,42985,10
13.0066299438,80.2449493408,42985,42995,10
13.0066204071,80.2439422607,42995,43006,11
13.0066099167,80.2428817749,43006,43016,10
13.0065898895,80.2419281006,43016,43026,10
13.0066900253,80.2407531738,43026,43036,10
13.0068397522,80.2397384644,43036,43046,10
13.0069904327,80.2389678955,43046,43056,10
13.0071897507,80.2379608154,43056,43066,10
13.0073795319,80.2370529175,43066,43076,10
13.0074796677,80.2365493774,43076,43087,11
13.0075302124,80.2364425659,43087,43097,10
13.0076599121,80.2359237671,43097,43107,10
13.0077896118,80.2351074219,43107,43117,10
13.0080003738,80.2341384888,43117,43127,10
13.0082597733,80.2329177856,43127,43137,10
13.0085296631,80.231552124,43137,43147,10
13.0087995529,80.2301483154,43147,43157,10
13.009059906,80.2288894653,43157,43168,11
13.0095396042,80.2274780273,43168,43178,10
13.010020256,80.2263565063,43178,43188,10
13.0104703903,80.2254867554,43188,43198,10
13.0106697083,80.2251205444,43198,43208,10
13.010840416,80.2247009277,43208,43218,10
13.0111103058,80.2240371704,43218,43228,10
13.0113697052,80.2233963013,43228,43259,31
13.0113697052,80.2233963013,43259,43269,10
13.0115098953,80.2231521606,43269,43279,10
13.0117998123,80.2222900391,43279,43289,10
13.0122203827,80.2216262817,43289,43299,10
13.0124998093,80.2216491699,43299,43309,10
13.0128097534,80.2221298218,43309,43319,10
13.0132904053,80.2226028442,43319,43329,10
13.0137701035,80.2231369019,43329,43340,11
13.014289856,80.2238616943,43340,43350,10
13.0149202347,80.2244567871,43350,43360,10
13.0150499344,80.2245864868,43360,43370,10
13.0152597427,80.2247772217,43370,43380,10
13.0155801773,80.2250289917,43380,43390,10
13.0156803131,80.2251586914,43390,43400,10
13.0157604218,80.2252731323,43400,43410,10
13.0161800385,80.2254333496,43410,43421,11
13.016960144,80.2252426147,43421,43431,10
13.0177497864,80.2248916626,43431,43441,10
13.0185604095,80.224571228,43441,43451,10
13.0194301605,80.2244186401,43451,43481,30
13.0194301605,80.2244186401,43481,43491,10
13.019780159,80.2246322632,43491,43522,31
13.019780159,80.2246322632,43522,43532,10
13.0199699402,80.2248535156,43532,43542,10
13.0203399658,80.2251205444,43542,43552,10
13.0207700729,80.2254180908,43552,43562,10
13.021320343,80.2258377075,43562,43572,10
13.0220003128,80.2263412476,43572,43583,11
13.0227499008,80.2269821167,43583,43593,10
13.0233697891,80.2275466919,43593,43603,10
13.0239696503,80.2281036377,43603,43613,10
13.0243997574,80.2285614014,43613,43633,20
13.0243997574,80.2285614014,43633,43643,10
13.0244398117,80.2286605835,43643,43653,10
13.0241699219,80.2285614014,43653,43664,11
13.0238199234,80.2281265259,43664,43674,10
13.0234899521,80.2278137207,43674,43795,121
13.0234899521,80.2275390625,43795,43927,132
13.0234899521,80.2275390625,43927,43937,10
13.0233097076,80.2274475098,43937,43947,10
13.023150444,80.2273635864,43947,43957,10
13.0228395462,80.2270965576,43957,43967,10
13.0226898193,80.2269134521,43967,43977,10
13.0225200653,80.2266998291,43977,43988,11
13.0220403671,80.2263183594,43988,43998,10
13.0214099884,80.2258377075,43998,44008,10
13.0206699371,80.2252807617,44008,44018,10
13.0198802948,80.2247390747,44018,44038,20
13.0198802948,80.2247390747,44038,44048,10
13.0198497772,80.2247085571,44048,44058,10
13.0193996429,80.2245178223,44058,44069,11
13.0184898376,80.2246322632,44069,44079,10
13.0174503326,80.2250366211,44079,44089,10
13.016409874,80.225479126,44089,44099,10
13.0155601501,80.2257537842,44099,44109,10
13.0148601532,80.2260437012,44109,44119,10
13.0142498016,80.2262802124,44119,44129,10
13.0141897202,80.2263031006,44129,44139,10
13.0140399933,80.226348877,44139,44150,11
13.0135202408,80.2265472412,44150,44160,10
13.0128602982,80.2268218994,44160,44170,10
13.0119800568,80.2271499634,44170,44180,10
13.0109796524,80.2275390625,44180,44190,10
13.010020256,80.2279281616,44190,44200,10
13.0091400146,80.2283935547,44200,44210,10
13.008939743,80.2293319702,44210,44220,10
13.0087499619,80.2302703857,44220,44231,11
13.0086603165,80.2308883667,44231,44241,10
13.0086402893,80.2310714722,44241,44251,10
13.0085000992,80.2314834595,44251,44261,10
13.0083599091,80.2321777344,44261,44271,10
13.0082197189,80.2330169678,44271,44281,10
13.0082101822,80.2334671021,44281,44291,10
13.0082197189,80.2334823608,44291,44301,10
13.0080699921,80.23387146,44301,44312,11
13.0079402924,80.2344970703,44312,44322,10
13.0078001022,80.2351379395,44322,44332,10
13.0076303482,80.236000061,44332,44342,10
13.0074300766,80.237197876,44342,44352,10
13.0072603226,80.2382278442,44352,44362,10
13.007060051,80.2389373779,44362,44372,10
13.0069198608,80.2395935059,44372,44382,10
13.0069103241,80.2398300171,44382,44392,10
13.0068101883,80.2405471802,44392,44413,21
13.0068101883,80.2405471802,44413,44423,10
13.0067396164,80.2409896851,44423,44433,10
13.0066604614,80.2414779663,44433,44443,10
13.0066404343,80.2426223755,44443,44494,51
13.0066404343,80.2426223755,44494,44504,10
13.0066604614,80.2432327271,44504,44524,20
13.0066604614,80.2432327271,44524,44534,10
13.0066299438,80.2436294556,44534,44544,10
13.0065603256,80.2439727783,44544,44554,10
13.0065603256,80.244392395,44554,44565,11
13.0065603256,80.2448883057,44565,44575,10
13.0065803528,80.2453918457,44575,44585,10
13.0066604614,80.2459564209,44585,44605,20
13.0066604614,80.2459564209,44605,44615,10
13.0066995621,80.2462387085,44615,44625,10
13.0067195892,80.2464981079,44625,44635,10
13.0067396164,80.2469787598,44635,44646,11
13.0065002441,80.2474212646,44646,44656,10
13.0061798096,80.2473831177,44656,44666,10
13.0061302185,80.2473297119,44666,44676,10
13.0057401657,80.2472915649,44676,44686,10
13.0050401688,80.2473220825,44686,44696,10
13.0041799545,80.2473983765,44696,44705,9
13.0033397675,80.2475509644,44705,44716,11
13.0026798248,80.2476730347,44716,44727,11
13.0021800995,80.2478027344,44727,44737,10
13.0015201569,80.2479782104,44737,44747,10
13.0006799698,80.2481994629,44747,44757,10
12.9996500015,80.2484512329,44757,44767,10
12.998550415,80.2487411499,44767,44777,10
12.9981403351,80.2488632202,44777,44787,10
12.9980802536,80.248878479,44787,44797,10
12.9976902008,80.2489624023,44797,44808,11
12.9969396591,80.2491226196,44808,44818,10
12.9959897995,80.2493133545,44818,44828,10
12.9948997498,80.2496337891,44828,44838,10
12.9937496185,80.2499465942,44838,44848,10
12.9925498962,80.2502365112,44848,44858,10
12.9917001724,80.2504882813,44858,44889,31
12.9917001724,80.2504882813,44889,44899,10
12.9913597107,80.250617981,44899,44909,10
12.9908599854,80.2507171631,44909,44919,10
12.9906797409,80.2507476807,44919,44929,10
12.9904699326,80.2507629395,44929,44939,10
12.9900903702,80.2508010864,44939,44949,10
12.9895401001,80.2508926392,44949,44959,10
12.9890699387,80.2510223389,44959,44970,11
12.9884996414,80.2512207031,44970,45091,121
12.9884996414,80.2512207031,45091,45101,10
12.988240242,80.251373291,45101,45111,10
12.9880304337,80.251411438,45111,45121,10
12.9876804352,80.2515106201,45121,45131,10
12.9870500565,80.2516784668,45131,45142,11
12.9866104126,80.2518005371,45142,45152,10
12.9864397049,80.2518386841,45152,45162,10
12.9861402512,80.2518768311,45162,45172,10
12.9855298996,80.2520675659,45172,45182,10
12.9846696854,80.2522964478,45182,45192,10
12.9836397171,80.2525634766,45192,45202,10
12.9825401306,80.2526931763,45202,45212,10
12.9814300537,80.2527084351,45212,45223,11
12.980509758,80.2527389526,45223,45233,10
12.9801597595,80.252822876,45233,45243,10
12.9799203873,80.2527770996,45243,45253,10
12.9797201157,80.2527389526,45253,45263,10
12.9792804718,80.2526779175,45263,45273,10
12.9790296555,80.2526473999,45273,45283,10
12.9789400101,80.2526321411,45283,45293,10
12.9785203934,80.2525024414,45293,45304,11
12.9779500961,80.2520675659,45304,45314,10
12.9772500992,80.2514801025,45314,45324,10
12.9761695862,80.2510910034,45324,45334,10
12.9749603271,80.2507400513,45334,45344,10
12.9739999771,80.2504806519,45344,45354,10
12.9727201462,80.2501220703,45354,45364,10
12.9720096588,80.2499389648,45364,45374,10
12.9711503983,80.249710083,45374,45385,11
12.9701004028,80.2493667603,45385,45395,10
12.9690904617,80.2489776611,45395,45405,10
12.9680900574,80.2485580444,45405,45415,10
12.9672403336,80.2482376099,45415,45425,10
12.9664402008,80.2478408813,45425,45435,10
12.9653596878,80.2473983765,45435,45455,20
12.9653596878,80.2473983765,45455,45466,11
12.9652500153,80.2472991943,45466,45476,10
12.964799881,80.2471466064,45476,45486,10
12.9639902115,80.2469100952,45486,45516,30
12.9639902115,80.2469100952,45516,45526,10
12.9638004303,80.2469100952,45526,45536,10
12.9633998871,80.246711731,45536,45547,11
12.9626302719,80.2462921143,45547,45557,10
12.9618501663,80.2459030151,45557,45567,10
12.9610004425,80.2454986572,45567,45577,10
12.9602203369,80.2451324463,45577,45587,10
12.9595403671,80.2448577881,45587,45597,10
12.9594602585,80.2448272705,45597,45607,10
12.9592599869,80.2447509766,45607,45617,10
12.958820343,80.2445373535,45617,45628,11
12.9581203461,80.2442169189,45628,45638,10
12.9575595856,80.2440032959,45638,45648,10
12.9569501877,80.2437286377,45648,45759,111
12.956609726,80.2435684204,45759,45810,51
12.956609726,80.2435684204,45810,45820,10
12.9561796188,80.2434082031,45820,45830,10
12.9555597305,80.2431488037,45830,45840,10
12.9547300339,80.2428207397,45840,45850,10
12.9538698196,80.2424697876,45850,45860,10
12.9530601501,80.2421188354,45860,45870,10
12.9520196915,80.2417297363,45870,45881,11
12.951669693,80.241607666,45881,45891,10
12.9513301849,80.2414779663,45891,45901,10
12.9506597519,80.2412414551,45901,45911,10
12.9498195648,80.2409973145,45911,45921,10
12.9495401382,80.2409210205,45921,45931,10
12.9494800568,80.2409133911,45931,45941,10
12.9491300583,80.2408065796,45941,45951,10
12.9484996796,80.2405319214,45951,45962,11
12.9476203918,80.240196228,45962,45972,10
12.9473199844,80.2400894165,45972,45982,10
12.9470396042,80.2399597168,45982,45992,10
12.9464101791,80.2397079468,45992,46002,10
12.9456195831,80.2393569946,46002,46012,10
12.9448404312,80.2387390137,46012,46022,10
12.9441003799,80.2378997803,46022,46032,10
12.9432601929,80.2369995117,46032,46043,11
12.9420003891,80.2363433838,46043,46053,10
12.9407100677,80.2360305786,46053,46063,10
12.9398603439,80.2357788086,46063,46073,10
12.9397497177,80.2357406616,46073,46083,10
12.9394102097,80.2355804443,46083,46093,10
12.9387598038,80.2352600098,46093,46103,10
12.9379396439,80.2348403931,46103,46113,10
12.9369602203,80.2343597412,46113,46124,11
12.9357700348,80.2338104248,46124,46134,10
12.9346704483,80.2332992554,46134,46144,10
12.9340000153,80.233001709,46144,46154,10
12.9339799881,80.2329864502,46154,46164,10
12.9336204529,80.2328186035,46164,46174,10
12.932970047,80.2325363159,46174,46184,10
12.9320898056,80.2322006226,46184,46194,10
12.9309997559,80.2318496704,46194,46205,11
12.9298095703,80.2314987183,46205,46215,10
12.9291601181,80.2313766479,46215,46225,10
12.9289102554,80.231338501,46225,46235,10
12.9284601212,80.2312698364,46235,46245,10
12.9276895523,80.2311630249,46245,46255,10
12.9266700745,80.2310409546,46255,46265,10
12.9261198044,80.2309875488,46265,46275,10
12.9259595871,80.2309875488,46275,46286,11
12.9253396988,80.2309036255,46286,46296,10
12.9245595932,80.2308197021,46296,46306,10
12.9235601425,80.2306976318,46306,46316,10
12.922419548,80.2305221558,46316,46326,10
12.9212303162,80.2303466797,46326,46336,10
12.9201002121,80.23021698,46336,46346,10
12.9192800522,80.230140686,46346,46356,10
12.9192399979,80.230140686,46356,46366,10
12.9188804626,80.2300796509,46366,46377,11
12.9181804657,80.2299728394,46377,46387,10
12.91726017,80.229850769,46387,46397,10
12.9161100388,80.2296905518,46397,46407,10
12.9148902893,80.2295379639,46407,46417,10
12.9131803513,80.229309082,46417,46437,20
12.9131803513,80.229309082,46437,46447,10
12.9128303528,80.2291870117,46447,46458,11
12.9120597839,80.2290725708,46458,46468,10
12.9111099243,80.2289581299,46468,46478,10
12.9099597931,80.2287979126,46478,46488,10
12.9088096619,80.2286224365,46488,46498,10
12.907910347,80.2284927368,46498,46508,10
12.9073400497,80.2284088135,46508,46539,31
12.9073400497,80.2284088135,46539,46549,10
12.9071302414,80.2284011841,46549,46559,10
12.9066095352,80.2283325195,46559,46569,10
12.9060001373,80.2282791138,46569,46579,10
12.9051704407,80.2282180786,46579,46589,10
12.9043397903,80.2281570435,46589,46599,10
12.9036397934,80.2281417847,46599,46609,10
12.9028396606,80.2281036377,46609,46620,11
12.9019699097,80.2280426025,46620,46630,10
12.9014596939,80.2279968262,46630,46660,30
12.9014596939,80.2279968262,46660,46670,10
12.9013500214,80.2280273438,46670,46680,10
12.9010095596,80.2279968262,46680,46690,10
12.900639534,80.2279434204,46690,46701,11
12.8999996185,80.2279129028,46701,46711,10
12.8995304108,80.227897644,46711,46721,10
12.8995199203,80.227897644,46721,46731,10
12.899310112,80.2278823853,46731,46741,10
12.8987598419,80.2278366089,46741,46751,10
12.8979797363,80.2278137207,46751,46761,10
12.89702034,80.2277603149,46761,46771,10
12.895939827,80.227722168,46771,46782,11
12.8946199417,80.2276611328,46782,46792,10
12.8933601379,80.2275314331,46792,46802,10
12.8922595978,80.2273864746,46802,46812,10
12.8910799026,80.2273635864,46812,46822,10
12.8898096085,80.2273712158,46822,46832,10
12.8886203766,80.2273788452,46832,46842,10
12.887430191,80.2272720337,46842,46852,10
12.8861999512,80.2270126343,46852,46863,11
12.8848104477,80.2267227173,46863,46873,10
12.8834896088,80.2267227173,46873,46883,10
12.8821401596,80.2267227173,46883,46893,10
12.88078022,80.2267379761,46893,46903,10
12.8794202805,80.2267608643,46903,46913,10
12.8780603409,80.2268371582,46913,46923,10
12.8769798279,80.2269515991,46923,46933,10
12.8765001297,80.2269973755,46933,46943,10
12.8764200211,80.2269973755,46943,46954,11
12.8758802414,80.2269973755,46954,46964,10
12.8751001358,80.2269363403,46964,46974,10
12.8741397858,80.2267990112,46974,46984,10
12.8730697632,80.2267379761,46984,46994,10
12.8727397919,80.2267379761,46994,47004,10
12.8725795746,80.2267303467,47004,47014,10
12.8720197678,80.2267227173,47014,47024,10
12.8712100983,80.2266693115,47024,47035,11
12.8701095581,80.226600647,47035,47045,10
12.8689603806,80.2264633179,47045,47055,10
12.8677301407,80.2264480591,47055,47065,10
12.8664398193,80.2265701294,47065,47075,10
12.8651695251,80.2266235352,47075,47085,10
12.8638896942,80.2265701294,47085,47095,10
12.8625802994,80.2265625,47095,47105,10
12.8613395691,80.2266235352,47105,47116,11
12.8609304428,80.2266235352,47116,47126,10
12.8606996536,80.226600647,47126,47136,10
12.8600797653,80.2265090942,47136,47146,10
12.8592100143,80.2263793945,47146,47156,10
12.8582601547,80.2262802124,47156,47166,10
12.8571195602,80.2263336182,47166,47176,10
12.855919838,80.2264633179,47176,47186,10
12.8546495438,80.2265930176,47186,47197,11
12.8532104492,80.2267303467,47197,47207,10
12.8518600464,80.2266998291,47207,47217,10
12.8506803513,80.2266464233,47217,47227,10
12.8500995636,80.2266464233,47227,47237,10
12.8498802185,80.2266235352,47237,47247,10
12.8492603302,80.2266082764,47247,47257,10
12.848400116,80.2266082764,47257,47267,10
12.8472900391,80.2266387939,47267,47278,11
12.846159935,80.2266387939,47278,47288,10
12.8453197479,80.2266235352,47288,47308,20
12.8453197479,80.2266235352,47308,47318,10
12.8451700211,80.226600647,47318,47328,10
12.844619751,80.2266464233,47328,47338,10
12.8437995911,80.2267074585,47338,47348,10
12.8427696228,80.226890564,47348,47359,11
12.8414402008,80.2271499634,47359,47369,10
12.8403997421,80.2275085449,47369,47379,10
12.8397502899,80.2277679443,47379,47409,30
12.8397502899,80.2277679443,47409,47419,10
12.8395595551,80.2278213501,47419,47429,10
12.8390703201,80.2279205322,47429,47440,11
12.8382101059,80.2281036377,47440,47450,10
12.837220192,80.2282714844,47450,47460,10
12.8360395432,80.2284393311,47460,47470,10
12.8347797394,80.2286376953,47470,47480,10
12.8334703445,80.2288665771,47480,47490,10
12.8322896957,80.2290878296,47490,47500,10
12.8316898346,80.2291870117,47500,47510,10
12.8315000534,80.2286987305,47510,47531,21
12.8315000534,80.2286987305,47531,47541,10
12.831489563,80.2284927368,47541,47551,10
12.8313999176,80.2279586792,47551,47561,10
12.8312397003,80.227180481,47561,47571,10
12.8310403824,80.2261581421,47571,47581,10
12.831029892,80.2250595093,47581,47591,10
12.831029892,80.2246398926,47591,47601,10
12.8310499191,80.2240829468,47601,47612,11
12.8310604095,80.2232208252,47612,47622,10
12.8310403824,80.2224273682,47622,47632,10
12.8310403824,80.2220993042,47632,47642,10
12.8310604095,80.221496582,47642,47652,10
12.8310804367,80.2206802368,47652,47662,10
12.8310604095,80.219833374,47662,47672,10
12.8310403824,80.2195663452,47672,47682,10
12.8306303024,80.2194595337,47682,47693,11
12.8296699524,80.2194366455,47693,47703,10
12.8286895752,80.2194671631,47703,47713,10
12.8277101517,80.2194824219,47713,47733,20
12.8277101517,80.2194824219,47733,47743,10
12.8275299072,80.2194900513,47743,47753,10
12.8270998001,80.2194900513,47753,47763,10
12.8264503479,80.2194900513,47763,47774,11
12.8260097504,80.2194519043,47774,47784,10
12.8255901337,80.2194290161,47784,47794,10
12.8255500793,80.2194366455,47794,47804,10
12.8251895905,80.2194519043,47804,47814,10
12.8244199753,80.2194213867,47814,47824,10
12.8234996796,80.2193984985,47824,47834,10
12.8228998184,80.2193527222,47834,47844,10
12.8226003647,80.2191467285,47844,47855,11
12.8225498199,80.2188110352,47855,47865,10
12.8225698471,80.2181625366,47865,47875,10
12.822640419,80.2167892456,47875,47885,10
12.822640419,80.2167892456,47885,47895,10
12.822640419,80.216178894,47895,47905,10
12.8226604462,80.216003418,47905,47915,10
12.8228902817,80.2159194946,47915,47925,10
12.8231801987,80.2159500122,47925,47936,11
12.8237199783,80.2159423828,47936,47946,10
12.824139595,80.2159500122,47946,47956,10
12.8245697021,80.2159881592,47956,47976,20
12.8245697021,80.2159881592,47976,47986,10
12.8247203827,80.216003418,47986,47996,10
12.8247699738,80.216003418,47996,48006,10
12.8252601624,80.2159881592,48006,48199,193
12.8252601624,80.2159881592,48199,48209,10
12.8253698349,80.2161102295,48209,48219,10
12.8256397247,80.2161178589,48219,48229,10
12.8257598877,80.2161178589,48229,48239,10
12.8259000778,80.2163391113,48239,48249,10
12.8259000778,80.2167816162,48249,48259,10
12.8258800507,80.217376709,48259,48270,11
12.8258495331,80.2181167603,48270,48280,10
12.8258600235,80.2188034058,48280,48290,10
12.8258695602,80.2192230225,48290,48300,10
12.8259897232,80.219367981,48300,48310,10
12.8264598846,80.2193222046,48310,48320,10
12.8272895813,80.2193374634,48320,48351,31
12.8272895813,80.2193374634,48351,48361,10
12.8274803162,80.219367981,48361,48371,10
12.8276901245,80.2193908691,48371,48381,10
12.8281402588,80.2193908691,48381,48391,10
12.8289003372,80.2193984985,48391,48401,10
12.8298196793,80.2194213867,48401,48411,10
12.8306598663,80.2194213867,48411,48421,10
12.8310098648,80.2194595337,48421,48432,11
12.8311500549,80.2200164795,48432,48442,10
12.8311100006,80.2208480835,48442,48452,10
12.8310804367,80.2217712402,48452,48462,10
12.8310804367,80.2221603394,48462,48472,10
12.8311100006,80.2227172852,48472,48482,10
12.8311195374,80.2235565186,48482,48492,10
12.8311100006,80.2244415283,48492,48502,10
12.8311004639,80.224822998,48502,48513,11
12.8311004639,80.2255706787,48513,48523,10
12.8311395645,80.2265090942,48523,48533,10
12.8313503265,80.2276229858,48533,48543,10
12.8315696716,80.2286376953,48543,48553,10
12.8316602707,80.2290115356,48553,48564,11
12.8318300247,80.2291488647,48564,48575,11
12.8324403763,80.2290115356,48575,48585,10
12.8331604004,80.2288665771,48585,48596,11
12.8340797424,80.2287063599,48596,48606,10
12.835100174,80.2285308838,48606,48616,10
12.8362398148,80.2283706665,48616,48626,10
12.837389946,80.228187561,48626,48636,10
12.8383798599,80.2279815674,48636,48646,10
12.8390598297,80.2277679443,48646,48656,10
12.8394098282,80.2276000977,48656,48666,10
12.8396596909,80.2275390625,48666,48677,11
12.8401098251,80.2274932861,48677,48687,10
12.840760231,80.2273330688,48687,48697,10
12.8415603638,80.2271118164,48697,48707,10
12.8424797058,80.2269515991,48707,48717,10
12.8434400558,80.2267608643,48717,48727,10
12.8444404602,80.2266311646,48727,48737,10
12.845290184,80.2265472412,48737,48747,10
12.845410347,80.2265396118,48747,48758,11
12.8457603455,80.2265396118,48758,48768,10
12.8464803696,80.2265167236,48768,48778,10
12.8474397659,80.2265167236,48778,48788,10
12.8485898972,80.2265090942,48788,48798,10
12.8498296738,80.2265167236,48798,48808,10
12.8511400223,80.2265396118,48808,48818,10
12.8524999619,80.2265930176,48818,48828,10
12.8537302017,80.2265625,48828,48839,11
12.8551797867,80.2264328003,48839,48849,10
12.8563995361,80.22631073,48849,48859,10
12.857629776,80.2261886597,48859,48869,10
12.8585796356,80.2261734009,48869,48879,10
12.8596601486,80.2263183594,48879,48889,10
12.8606100082,80.2264404297,48889,48899,10
12.8608102798,80.2264785767,48899,48909,10
12.8613996506,80.2265090942,48909,48920,11
12.8623600006,80.2264709473,48920,48930,10
12.8634901047,80.2264633179,48930,48940,10
12.864780426,80.2265167236,48940,48950,10
12.866060257,80.2265167236,48950,48960,10
12.8673295975,80.2264099121,48960,48970,10
12.8685398102,80.2263336182,48970,48980,10
12.8697795868,80.2264709473,48980,48990,10
12.8709897995,80.2265930176,48990,49001,11
12.8721904755,80.2266235352,49001,49011,10
12.872879982,80.2266235352,49011,49021,10
12.873049736,80.2266235352,49021,49031,10
12.8736495972,80.2266387939,49031,49041,10
12.8745203018,80.2267608643,49041,49051,10
12.8755702972,80.2268829346,49051,49061,10
12.8764200211,80.2268829346,49061,49081,20
12.8764200211,80.2268829346,49081,49092,11
12.8767795563,80.226852417,49092,49102,10
12.8772697449,80.2268218994,49102,49112,10
12.8779401779,80.2267913818,49112,49122,10
12.8787603378,80.2267303467,49122,49132,10
12.8798398972,80.2266921997,49132,49142,10
12.8810796738,80.2266769409,49142,49152,10
12.8823795319,80.2266616821,49152,49162,10
12.8837203979,80.2266464233,49162,49173,11
12.8850698471,80.2266387939,49173,49183,10
12.8862400055,80.2268981934,49183,49193,10
12.8874902725,80.227180481,49193,49203,10
12.8888301849,80.2273025513,49203,49213,10
12.8902101517,80.2273025513,49213,49223,10
12.8915996552,80.2273025513,49223,49233,10
12.8928403854,80.2273635864,49233,49243,10
12.8940601349,80.2275314331,49243,49254,11
12.8955001831,80.2276229858,49254,49264,10
12.8968095779,80.2276611328,49264,49274,10
12.8978500366,80.2277297974,49274,49284,10
12.8988599777,80.2277603149,49284,49294,10
12.8999595642,80.2278366089,49294,49304,10
12.9006004333,80.2278366089,49304,49355,51
12.9006004333,80.2278366089,49355,49365,10
12.9008703232,80.2278518677,49365,49375,10
12.9010896683,80.2278671265,49375,49385,10
12.9014902115,80.227897644,49385,49395,10
12.9022197723,80.2279434204,49395,49405,10
12.9028196335,80.2279281616,49405,49416,11
12.9029302597,80.2279281616,49416,49426,10
12.9033203125,80.2279510498,49426,49436,10
12.9037704468,80.2280197144,49436,49446,10
12.904540062,80.2280502319,49446,49456,10
12.9054403305,80.2281036377,49456,49466,10
12.9060201645,80.2281417847,49466,49517,51
12.9060201645,80.2281417847,49517,49527,10
12.9063997269,80.2281570435,49527,49537,10
12.9070196152,80.2282409668,49537,49547,10
12.9078397751,80.2283401489,49547,49557,10
12.908829689,80.2285003662,49557,49567,10
12.9099502563,80.2286834717,49567,49578,11
12.9112997055,80.2289199829,49578,49588,10
12.9125995636,80.2291183472,49588,49598,10
12.9137401581,80.2292404175,49598,49608,10
12.9140701294,80.2292785645,49608,49618,10
12.9142799377,80.229309082,49618,49628,10
12.9148902893,80.2294082642,49628,49638,10
12.9157600403,80.2295379639,49638,49648,10
12.9167804718,80.2296829224,49648,49659,11
12.9179801941,80.2298431396,49659,49669,10
12.9190998077,80.2299880981,49669,49679,10
12.9202699661,80.2301177979,49679,49689,10
12.9215202332,80.2303085327,49689,49699,10
12.9228200912,80.230506897,49699,49709,10
12.924030304,80.2306900024,49709,49719,10
12.9250402451,80.2308197021,49719,49729,10
12.9262304306,80.2309417725,49729,49740,11
12.9276199341,80.231086731,49740,49750,10
12.9284696579,80.2311706543,49750,49760,10
12.9290800095,80.2312927246,49760,49770,10
12.9298601151,80.2314605713,49770,49780,10
12.9308700562,80.2317581177,49780,49790,10
12.9319896698,80.2321395874,49790,49800,10
12.9330701828,80.2325210571,49800,49810,10
12.9336395264,80.2327575684,49810,49820,10
12.9337501526,80.2328109741,49820,49831,11
12.9342403412,80.233039856,49831,49841,10
12.9350099564,80.2333908081,49841,49851,10
12.9356603622,80.2336578369,49851,49861,10
12.9357299805,80.2337036133,49861,49871,10
12.9361000061,80.2338790894,49871,49881,10
12.9367599487,80.2341995239,49881,49891,10
12.9376096725,80.2346115112,49891,49901,10
12.9385499954,80.2350616455,49901,49912,11
12.9396295547,80.2356109619,49912,49922,10
12.9398002625,80.2357025146,49922,49932,10
12.9401502609,80.2358703613,49932,49942,10
12.9408903122,80.236076355,49942,49952,10
12.9418401718,80.236289978,49952,49962,10
12.9428701401,80.2366714478,49962,49972,10
12.9437303543,80.2373886108,49972,49982,10
12.9445800781,80.2382965088,49982,49993,11
12.9455795288,80.2392578125,49993,50003,10
12.9464998245,80.2396316528,50003,50013,10
12.9466600418,80.2397003174,50013,50023,10
12.9469995499,80.2398681641,50023,50033,10
12.9476804733,80.2401580811,50033,50043,10
12.9483604431,80.2404174805,50043,50053,10
12.9487695694,80.2406005859,50053,50063,10
12.9491901398,80.2407608032,50063,50074,11
12.9497203827,80.2409591675,50074,50084,10
12.950460434,80.2411880493,50084,50094,10
12.9508600235,80.2413024902,50094,50104,10
12.9509000778,80.2413101196,50104,50114,10
12.9513196945,80.2414627075,50114,50124,10
12.9519300461,80.2416763306,50124,50134,10
12.9526996613,80.2419586182,50134,50144,10
12.9535198212,80.2423095703,50144,50155,11
12.9544095993,80.2426376343,50155,50165,10
12.9550600052,80.2428817749,50165,50175,10
12.9557504654,80.2431030273,50175,50185,10
12.9562397003,80.2432632446,50185,50195,10
12.9563999176,80.243309021,50195,50205,10
12.9567098618,80.2434463501,50205,50215,10
12.9573802948,80.243812561,50215,50225,10
12.9582004547,80.2441711426,50225,50236,11
12.9587898254,80.244430542,50236,50246,10
12.9589195251,80.2444915771,50246,50256,10
12.9594402313,80.244720459,50256,50266,10
12.960149765,80.2450408936,50266,50276,10
12.9610500336,80.2454528809,50276,50286,10
12.9620199203,80.2459182739,50286,50296,10
12.9631900787,80.2464981079,50296,50347,51
12.9631900787,80.2464981079,50347,50357,10
12.9633998871,80.2465667725,50357,50367,10
12.9638595581,80.2468032837,50367,50377,10
12.9645004272,80.2470779419,50377,50387,10
12.9653596878,80.2473831177,50387,50398,11
12.9663200378,80.2477416992,50398,50408,10
12.9669904709,80.2480392456,50408,50418,10
12.967089653,80.2480926514,50418,50428,10
12.9674301147,80.2482833862,50428,50438,10
12.968079567,80.2485580444,50438,50448,10
12.9688997269,80.2488708496,50448,50458,10
12.9699401855,80.2492980957,50458,50468,10
12.9711303711,80.2496795654,50468,50479,11
12.9725399017,80.2500610352,50479,50489,10
12.973739624,80.2503814697,50489,50499,10
12.9749202728,80.2507171631,50499,50509,10
12.9760303497,80.2510375977,50509,50519,10
12.9771604538,80.2513809204,50519,50529,10
12.9780797958,80.2520294189,50529,50539,10
12.9785404205,80.2523269653,50539,50549,10
12.9786396027,80.2523880005,50549,50559,10
12.9789400101,80.2525405884,50559,50570,11
12.9797096252,80.2526626587,50570,50580,10
12.9806003571,80.2526626587,50580,50590,10
12.9816598892,80.2526397705,50590,50600,10
12.9828796387,80.2525787354,50600,50610,10
12.9839801788,80.2523498535,50610,50620,10
12.9846000671,80.2521820068,50620,50671,51
12.9846000671,80.2521820068,50671,50681,10
12.9847297668,80.2521896362,50681,50691,10
12.984919548,80.2521209717,50691,50711,20
12.984919548,80.2521209717,50711,50721,10
12.9854097366,80.2519683838,50721,50742,21
12.9854097366,80.2519683838,50742,50752,10
12.98554039,80.2519607544,50752,50762,10
12.9859600067,80.2518234253,50762,50823,61
12.9859600067,80.2518234253,50823,50833,10
12.9863004684,80.251663208,50833,50843,10
12.9866399765,80.2515869141,50843,50853,10
12.9871797562,80.2514419556,50853,50863,10
12.9877004623,80.2513198853,50863,50873,10
12.9883804321,80.251159668,50873,50883,10
12.9891300201,80.2509765625,50883,50894,11
12.9895095825,80.250869751,50894,50904,10
12.9898900986,80.2508163452,50904,50914,10
12.9905796051,80.2506637573,50914,50924,10
12.9914798737,80.2504272461,50924,50934,10
12.9925804138,80.2501678467,50934,50944,10
12.9937801361,80.2498626709,50944,50954,10
12.9950399399,80.2495498657,50954,50964,10
12.9961996078,80.2492523193,50964,50975,11
12.9977502823,80.2488632202,50975,50985,10
12.9989995956,80.2485275269,50985,50995,10
13.0001802444,80.2482376099,50995,51005,10
13.0012903214,80.2479705811,51005,51015,10
13.0020799637,80.2477874756,51015,51025,10
13.002790451,80.2476196289,51025,51035,10
13.0035495758,80.2474822998,51035,51045,10
13.0048704147,80.2473068237,51045,51056,11
13.0058898926,80.2470779419,51056,51066,10
13.006480217,80.2465667725,51066,51076,10
13.0066204071,80.2457885742,51076,51086,10
13.0066299438,80.2449188232,51086,51096,10
13.0066204071,80.243927002,51096,51106,10
13.0066099167,80.2429733276,51106,51116,10
13.0065898895,80.2419281006,51116,51126,10
13.0066995621,80.2404327393,51126,51147,21
13.0066995621,80.2404327393,51147,51157,10
13.0067796707,80.2400970459,51157,51167,10
13.0068998337,80.2394638062,51167,51177,10
13.0070800781,80.238609314,51177,51187,10
13.0073099136,80.2375869751,51187,51197,10
13.0074300766,80.2367477417,51197,51207,10
13.007519722,80.2365188599,51207,51218,11
13.0076303482,80.236038208,51218,51228,10
13.0078001022,80.2353591919,51228,51238,10
13.0079698563,80.2344818115,51238,51248,10
13.0081796646,80.2333984375,51248,51258,10
13.0083999634,80.2322998047,51258,51268,10
13.0085601807,80.2315292358,51268,51278,10
13.0088195801,80.2303695679,51278,51288,10
13.0089902878,80.2293624878,51288,51298,10
13.0092000961,80.2283172607,51298,51309,11
13.0096101761,80.2273406982,51309,51319,10
13.0100698471,80.2263336182,51319,51329,10
13.0105104446,80.2255020142,51329,51339,10
13.0108604431,80.2247009277,51339,51349,10
13.0112800598,80.2236480713,51349,51379,30
13.0112800598,80.2236480713,51379,51390,11
13.0114297867,80.22315979,51390,51400,10
13.0116996765,80.2225570679,51400,51410,10
13.0119895935,80.2216567993,51410,51420,10
13.0123500824,80.2214736938,51420,51430,10
13.0126695633,80.2218399048,51430,51440,10
13.0131902695,80.2224731445,51440,51450,10
13.0137300491,80.2231674194,51450,51460,10
13.0142498016,80.2238616943,51460,51471,11
13.0148801804,80.2245330811,51471,51481,10
13.01541996,80.2249526978,51481,51491,10
13.0154695511,80.2250595093,51491,51501,10
13.0158004761,80.2253112793,51501,51511,10
13.0164804459,80.2253570557,51511,51521,10
13.0172996521,80.2250289917,51521,51531,10
13.0183401108,80.224609375,51531,51541,10
13.0195999146,80.2244796753,51541,51562,21
13.0195999146,80.2244796753,51562,51572,10
13.0197000504,80.2246170044,51572,51582,10
13.0201597214,80.224937439,51582,51592,10
13.0207595825,80.2254104614,51592,51602,10
13.0214996338,80.2259368896,51602,51612,10
13.0219202042,80.2262496948,51612,51622,10
13.0223903656,80.2266387939,51622,51633,11
13.023150444,80.2273025513,51633,51643,10
13.0237398148,80.2277984619,51643,51653,10
13.024140358,80.228187561,51653,51663,10
13.0244197845,80.2285385132,51663,51693,30
13.0244197845,80.2285385132,51693,51703,10
13.0243501663,80.2286834717,51703,51714,11
13.0242595673,80.2286529541,51714,51724,10
13.0240497589,80.2283172607,51724,51734,10
13.0235996246,80.2277832031,51734,51744,10
13.0229501724,80.2271575928,51744,51754,10
13.0222597122,80.2265319824,51754,51764,10
13.0216703415,80.2260437012,51764,51774,10
13.0210895538,80.2255783081,51774,51784,10
13.0203504562,80.2250671387,51784,51795,11
13.0198802948,80.2247161865,51795,51815,20
13.0198802948,80.2247161865,51815,51825,10
13.0194597244,80.2244873047,51825,51835,10
13.0186595917,80.2245178223,51835,51845,10
13.0176801682,80.2249069214,51845,51855,10
13.0166501999,80.2253417969,51855,51865,10
13.0159196854,80.2256164551,51865,51876,11
13.0152397156,80.2258377075,51876,51886,10
13.0149002075,80.2259368896,51886,51896,10
13.0144701004,80.2260818481,51896,51946,50
13.0144701004,80.2260818481,51946,51957,11
13.0141897202,80.2261123657,51957,51967,10
13.0141496658,80.2259292603,51967,51977,10
13.0141401291,80.225769043,51977,51987,10
13.0142097473,80.2255706787,51987,51997,10
13.0141401291,80.2252578735,51997,52017,20
13.0141401291,80.2252578735,52017,52027,10
13.0141401291,80.2255325317,52027,52189,162
13.0141401291,80.2255325317,52189,52200,11
13.0142803192,80.2258377075,52200,52827,627
13.0142803192,80.2258377075,52827,52837,10
13.0142097473,80.2258682251,52837,52848,11
13.0141601563,80.2261734009,52848,52858,10
13.0141601563,80.2261962891,52858,52868,10
13.0141601563,80.2263031006,52868,52878,10
13.0137701035,80.2264633179,52878,52888,10
13.0131196976,80.2267227173,52888,52898,10
13.0122804642,80.2270431519,52898,52908,10
13.0113697052,80.2273788452,52908,52918,10
13.0102300644,80.2278213501,52918,52929,11
13.0095396042,80.2275466919,52929,52939,10
13.0098600388,80.2268829346,52939,52949,10
13.0102596283,80.2260284424,52949,52959,10
13.0104999542,80.2255020142,52959,52969,10
13.01060009,80.2252578735,52969,52979,10
13.0107803345,80.2248001099,52979,52989,10
13.0110301971,80.2241668701,52989,52999,10
13.0112400055,80.2235565186,52999,53009,10
13.0114297867,80.2230377197,53009,53020,11
13.0117998123,80.2221984863,53020,53030,10
13.0121803284,80.2214431763,53030,53040,10
13.0124998093,80.2216186523,53040,53050,10
13.0129995346,80.2222595215,53050,53060,10
13.0136003494,80.2229385376,53060,53070,10
13.0140695572,80.2235565186,53070,53080,10
13.0144796371,80.2240371704,53080,53090,10
13.0149803162,80.224609375,53090,53101,11
13.0155801773,80.2250900269,53101,53111,10
13.016289711,80.2252883911,53111,53121,10
13.0170001984,80.2250823975,53121,53131,10
13.0177202225,80.2248001099,53131,53141,10
13.0184497833,80.2245025635,53141,53151,10
13.0190601349,80.224319458,53151,53161,10
13.0194797516,80.2243881226,53161,53192,31
13.0194797516,80.2243881226,53192,53202,10
13.0196800232,80.2245407104,53202,53212,10
13.0199899673,80.2247695923,53212,53222,10
13.0204401016,80.2251281738,53222,53232,10
13.0208997726,80.2254180908,53232,53242,10
13.0213899612,80.2258071899,53242,53252,10
13.0220003128,80.226272583,53252,53263,11
13.0226898193,80.2268371582,53263,53273,10
13.0233001709,80.2273864746,53273,53283,10
13.0238399506,80.2279205322,53283,53293,10
13.0242900848,80.2283782959,53293,53303,10
13.0243701935,80.2285614014,53303,53313,10
13.0241003036,80.2284698486,53313,53323,10
13.0237703323,80.228012085,53323,53333,10
13.0232400894,80.2274627686,53333,53354,21
13.0232400894,80.2274627686,53354,53364,10
13.0231304169,80.2273178101,53364,53384,20
13.0231304169,80.2273178101,53384,53394,10
13.0230398178,80.2271499634,53394,53404,10
13.0229101181,80.2270431519,53404,53414,10
13.0226202011,80.2267303467,53414,53425,11
13.0219697952,80.2261810303,53425,53435,10
13.0211801529,80.2255706787,53435,53445,10
13.0202302933,80.2249298096,53445,53455,10
13.0191898346,80.2244110107,53455,53465,10
13.017999649,80.2247695923,53465,53475,10
13.0170001984,80.2251968384,53475,53485,10
13.0163497925,80.2254714966,53485,53495,10
13.0158596039,80.2256393433,53495,53506,11
13.015080452,80.2259216309,53506,53516,10
13.0143699646,80.2261962891,53516,53526,10
13.0142297745,80.226272583,53526,53536,10
13.0137796402,80.2264404297,53536,53546,10
13.0130300522,80.2267303467,53546,53556,10
13.0121097565,80.2270812988,53556,53566,10
13.0113401413,80.2273788452,53566,53576,10
13.0101604462,80.2278594971,53576,53587,11
13.009180069,80.2283782959,53587,53597,10
13.0089502335,80.2293167114,53597,53607,10
13.0087404251,80.2304611206,53607,53617,10
13.0085897446,80.2315216064,53617,53627,10
13.0083799362,80.2325363159,53627,53637,10
13.0082597733,80.2334136963,53637,53647,10
13.0081796646,80.2336730957,53647,53656,9
13.0081195831,80.2338790894,53656,53667,11
13.0080299377,80.2343826294,53667,53678,11
13.0079097748,80.234916687,53678,53688,10
13.0077896118,80.235496521,53688,53698,10
13.0076398849,80.236289978,53698,53708,10
13.0074501038,80.2372207642,53708,53718,10
13.0072603226,80.2381973267,53718,53728,10
13.0071296692,80.2390594482,53728,53738,10
13.0069799423,80.2397689819,53738,53748,10
13.0069303513,80.2400665283,53748,53759,11
13.0069198608,80.2401885986,53759,53769,10
13.0068502426,80.2406082153,53769,53779,10
13.0067195892,80.2412567139,53779,53789,10
13.0066995621,80.2420806885,53789,53799,10
13.0066900253,80.2428894043,53799,53809,10
13.0066604614,80.243598938,53809,53819,10
13.0066404343,80.2440872192,53819,53850,31
13.0066404343,80.2440872192,53850,53859,9
13.0066699982,80.2442932129,53859,53870,11
13.0066404343,80.2447509766,53870,53880,10
13.0066404343,80.2452468872,53880,53890,10
13.0066604614,80.2455596924,53890,53900,10
13.0066795349,80.2465133667,53900,53910,10
13.0066404343,80.2472305298,53910,53921,11
13.0061597824,80.2473602295,53921,53931,10
13.0060997009,80.2473602295,53931,53941,10
13.0056200027,80.2473373413,53941,53951,10
13.0047998428,80.2473526001,53951,53961,10
13.0037498474,80.2474822998,53961,53971,10
13.0028896332,80.2476196289,53971,53981,10
13.0016899109,80.2478866577,53981,53991,10
13.0005998611,80.2481689453,53991,54002,11
12.9992904663,80.2484970093,54002,54012,10
12.9981002808,80.2488021851,54012,54022,10
12.9968299866,80.2490768433,54022,54032,10
12.9955196381,80.2494125366,54032,54042,10
12.9941902161,80.249786377,54042,54052,10
12.9931497574,80.2500534058,54052,54062,10
12.9919300079,80.2503585815,54062,54072,10
12.9912204742,80.2505722046,54072,54083,11
12.9910001755,80.250617981,54083,54093,10
12.99036026,80.2507629395,54093,54103,10
12.9894304276,80.2509765625,54103,54113,10
12.9887800217,80.2511825562,54113,54164,51
12.9887800217,80.2511825562,54164,54174,10
12.9885797501,80.2512435913,54174,54184,10
12.9881696701,80.2513809204,54184,54194,10
12.9877700806,80.2514419556,54194,54204,10
12.9873399734,80.2515487671,54204,54214,10
12.9868402481,80.251701355,54214,54224,10
12.9861898422,80.2518463135,54224,54234,10
12.9854803085,80.2520294189,54234,54245,11
12.9844703674,80.2523193359,54245,54255,10
12.9834604263,80.252571106,54255,54265,10
12.9824399948,80.2526931763,54265,54275,10
12.9813699722,80.2527084351,54275,54285,10
12.9804496765,80.252746582,54285,54295,10
12.9796695709,80.2527389526,54295,54305,10
12.9789400101,80.2526626587,54305,54315,10
12.9787797928,80.2526321411,54315,54325,10
12.9785699844,80.2525405884,54325,54336,11
12.9780302048,80.252166748,54336,54346,10
12.9773597717,80.2515869141,54346,54356,10
12.9764499664,80.2512130737,54356,54366,10
12.9754400253,80.2508926392,54366,54376,10
12.9742898941,80.2505569458,54376,54386,10
12.9732198715,80.2502593994,54386,54396,10
12.9721698761,80.2499771118,54396,54406,10
12.9710798264,80.2496871948,54406,54417,11
12.9698095322,80.2492599487,54417,54427,10
12.9687595367,80.2488479614,54427,54437,10
12.9677696228,80.2484512329,54437,54447,10
12.9669704437,80.2481002808,54447,54457,10
12.9663896561,80.2478027344,54457,54467,10
12.9656095505,80.2474822998,54467,54477,10
12.9645795822,80.2471313477,54477,54487,10
12.9637899399,80.2468338013,54487,54498,11
12.9635801315,80.2467269897,54498,54508,10
12.9631900787,80.2465286255,54508,54518,10
12.9624300003,80.2461624146,54518,54528,10
12.9614200592,80.2456817627,54528,54538,10
12.9604301453,80.2452316284,54538,54548,10
12.9595603943,80.2448577881,54548,54558,10
12.9593296051,80.2447662354,54558,54568,10
12.9589004517,80.2445297241,54568,54579,11
12.9580802917,80.244178772,54579,54589,10
12.9573602676,80.2439117432,54589,54599,10
12.956489563,80.2435913086,54599,54649,50
12.956489563,80.2435913086,54649,54660,11
12.9558000565,80.2433166504,54660,54670,10
12.9550199509,80.2429504395,54670,54680,10
12.954000473,80.2425231934,54680,54690,10
12.9528999329,80.2420806885,54690,54700,10
12.9519195557,80.2417373657,54700,54710,10
12.9516000748,80.2416305542,54710,54720,10
12.9512195587,80.2414932251,54720,54730,10
12.9504899979,80.2412414551,54730,54741,11
12.9496202469,80.2409973145,54741,54751,10
12.9492998123,80.2408828735,54751,54761,10
12.9488897324,80.2407302856,54761,54771,10
12.9481897354,80.2404403687,54771,54781,10
12.9473400116,80.2400970459,54781,54791,10
12.9471101761,80.2399902344,54791,54801,10
12.9467201233,80.2398376465,54801,54811,10
12.9460296631,80.2395324707,54811,54822,11
12.9450998306,80.2389831543,54822,54832,10
12.9442996979,80.2381286621,54832,54842,10
12.9434604645,80.2372436523,54842,54852,10
12.9424800873,80.2365188599,54852,54862,10
12.9413995743,80.2361984253,54862,54872,10
12.9404296875,80.2359619141,54872,54882,10
12.9397296906,80.2357177734,54882,54892,10
12.9391498566,80.2354278564,54892,54903,11
12.9382600784,80.2349700928,54903,54913,10
12.937210083,80.2344589233,54913,54923,10
12.9360904694,80.2339401245,54923,54933,10
12.9349803925,80.2334289551,54933,54943,10
12.9340000153,80.2330169678,54943,54953,10
12.9338502884,80.2329483032,54953,54963,10
12.9334602356,80.2327575684,54963,54973,10
12.9328203201,80.2324829102,54973,54984,11
12.93171978,80.2321014404,54984,54994,10
12.9306097031,80.2317428589,54994,55004,10
12.9296102524,80.2314682007,55004,55014,10
12.9287996292,80.231338501,55014,55024,10
12.9280099869,80.2312011719,55024,55034,10
12.9269399643,80.231048584,55034,55044,10
12.9261198044,80.2309799194,55044,55054,10
12.9260101318,80.2309570313,55054,55064,10
12.9255199432,80.2308807373,55064,55075,11
12.924659729,80.2307815552,55075,55085,10
12.9236497879,80.2306518555,55085,55095,10
12.9224395752,80.23046875,55095,55105,10
12.9211196899,80.2302703857,55105,55115,10
12.9197797775,80.2301101685,55115,55125,10
12.9185400009,80.2299499512,55125,55135,10
12.9173803329,80.2297973633,55135,55145,10
12.9160604477,80.2296218872,55145,55156,11
12.9148397446,80.2294311523,55156,55166,10
12.9137201309,80.2293014526,55166,55176,10
12.9133396149,80.2292709351,55176,55186,10
12.9129199982,80.2291793823,55186,55196,10
12.912150383,80.2290725708,55196,55206,10
12.9111099243,80.2289199829,55206,55216,10
12.9099302292,80.2287521362,55216,55226,10
12.9087400436,80.2285614014,55226,55237,11
12.9075298309,80.2283706665,55237,55247,10
12.9069004059,80.228302002,55247,55267,20
12.9069004059,80.228302002,55267,55277,10
12.9066400528,80.2282562256,55277,55287,10
12.9059495926,80.2282028198,55287,55297,10
12.904999733,80.2281265259,55297,55307,10
12.903840065,80.2280578613,55307,55318,11
12.902469635,80.2279968262,55318,55328,10
12.9011001587,80.2279510498,55328,55358,30
12.9011001587,80.2279510498,55358,55368,10
12.9010601044,80.2279434204,55368,55378,10
12.9005804062,80.2278594971,55378,55388,10
12.8997402191,80.2278213501,55388,55399,11
12.8992395401,80.2278213501,55399,55409,10
12.8987998962,80.2278213501,55409,55419,10
12.8980197906,80.2277526855,55419,55429,10
12.8970098495,80.2276992798,55429,55439,10
12.8958101273,80.2276535034,55439,55449,10
12.8945398331,80.2276000977,55449,55459,10
12.8933200836,80.2274932861,55459,55469,10
12.8923597336,80.2273712158,55469,55480,11
12.8910903931,80.2273101807,55480,55490,10
12.8898096085,80.2273330688,55490,55500,10
12.888469696,80.2273101807,55500,55510,10
12.8871202469,80.2271499634,55510,55520,10
12.885840416,80.2268371582,55520,55530,10
12.8846597672,80.2266616821,55530,55540,10
12.8833799362,80.2266616821,55540,55550,10
12.8820495605,80.2266693115,55550,55561,11
12.8805398941,80.2266921997,55561,55571,10
12.8791503906,80.2267227173,55571,55581,10
12.877790451,80.2268218994,55581,55591,10
12.8766803741,80.2269363403,55591,55601,10
12.8762903214,80.2269592285,55601,55611,10
12.8760404587,80.2269515991,55611,55621,10
12.8753595352,80.2269134521,55621,55631,10
12.8743801117,80.2267990112,55631,55642,11
12.8731203079,80.2266921997,55642,55652,10
12.8726501465,80.2266921997,55652,55662,10
12.8725795746,80.2266769409,55662,55672,10
12.8720598221,80.2266693115,55672,55682,10
12.871219635,80.2266387939,55682,55692,10
12.8701095581,80.2265625,55692,55702,10
12.8688802719,80.2264099121,55702,55712,10
12.8675699234,80.2264099121,55712,55723,11
12.8661003113,80.2265319824,55723,55733,10
12.8647603989,80.2265396118,55733,55743,10
12.8634195328,80.2265090942,55743,55753,10
12.8620901108,80.2265472412,55753,55763,10
12.8611097336,80.2265777588,55763,55773,10
12.8608798981,80.2265625,55773,55783,10
12.8603096008,80.2265014648,55783,55793,10
12.8593997955,80.2263565063,55793,55803,10
12.8583498001,80.2262191772,55803,55814,11
12.8570203781,80.2262496948,55814,55824,10
12.8557300568,80.2263793945,55824,55834,10
12.8543996811,80.2265319824,55834,55844,10
12.8530101776,80.2266387939,55844,55854,10
12.8515996933,80.2265930176,55854,55864,10
12.8501796722,80.2265472412,55864,55874,10
12.8487596512,80.2265396118,55874,55884,10
12.8473300934,80.2265396118,55884,55895,11
12.8462295532,80.2265625,55895,55905,10
12.8459196091,80.2265625,55905,55915,10
12.8458404541,80.2265625,55915,55925,10
12.8454198837,80.2265701294,55925,55935,10
12.8452501297,80.2265472412,55935,55945,10
12.8446502686,80.2265930176,55945,55955,10
12.8437299728,80.2266693115,55955,55965,10
12.8425798416,80.226852417,55965,55976,11
12.8411903381,80.227180481,55976,55986,10
12.8402099609,80.2274627686,55986,55996,10
12.8396997452,80.2275924683,55996,56006,10
12.8395900726,80.2276229858,56006,56016,10
12.8394699097,80.2276916504,56016,56026,10
12.8388900757,80.2278594971,56026,56036,10
12.8380002975,80.2280807495,56036,56046,10
12.8368501663,80.2282791138,56046,56057,11
12.8355102539,80.2284698486,56057,56067,10
12.8343400955,80.2286682129,56067,56077,10
12.8332195282,80.2288665771,56077,56087,10
12.8322296143,80.2290496826,56087,56097,10
12.8317499161,80.2291412354,56097,56107,10
12.8315200806,80.2289276123,56107,56117,10
12.8315200806,80.2288970947,56117,56127,10
12.8314800262,80.2285385132,56127,56138,11
12.8313302994,80.2277069092,56138,56148,10
12.8311195374,80.2266616821,56148,56158,10
12.8310403824,80.2254180908,56158,56168,10
12.8310499191,80.2246780396,56168,56178,10
12.8310604095,80.2241592407,56178,56188,10
12.8310604095,80.2232818604,56188,56198,10
12.8310499191,80.2223205566,56198,56208,10
12.8310604095,80.2219772339,56208,56219,11
12.8310699463,80.2211990356,56219,56229,10
12.8310604095,80.2202072144,56229,56239,10
12.8310403824,80.219619751,56239,56249,10
12.8305397034,80.2194290161,56249,56259,10
12.8298397064,80.2194366455,56259,56269,10
12.8284797668,80.2194824219,56269,56279,10
12.8276700974,80.2194824219,56279,56289,10
12.8275003433,80.2194595337,56289,56300,11
12.8271102905,80.2194519043,56300,56310,10
12.8264598846,80.2194519043,56310,56320,10
12.8260097504,80.2194213867,56320,56330,10
12.8258199692,80.2191390991,56330,56340,10
12.8258304596,80.2186813354,56340,56350,10
12.8258399963,80.2177886963,56350,56360,10
12.8258399963,80.2166519165,56360,56370,10
12.8256702423,80.2159881592,56370,56381,11
12.8252401352,80.216003418,56381,56391,10
12.8243198395,80.2160186768,56391,56715,324
12.8243198395,80.2160186768,56715,56725,10
12.8241500854,80.2159576416,56725,56735,10
12.8236999512,80.2159729004,56735,56745,10
12.8230600357,80.2159729004,56745,56755,10
12.822719574,80.2160110474,56755,56765,10
12.8226900101,80.216217041,56765,56775,10
12.8226804733,80.2165298462,56775,56786,11
12.8226804733,80.2173080444,56786,56796,10
12.8226699829,80.2182922363,56796,56806,10
12.8226804733,80.2191314697,56806,56816,10
12.822810173,80.2193984985,56816,56826,10
12.8234100342,80.2194900513,56826,56836,10
12.824259758,80.2194671631,56836,56846,10
12.8254404068,80.2194671631,56846,56866,20
12.8254404068,80.2194671631,56866,56877,11
12.8258399963,80.2194976807,56877,56887,10
12.8265199661,80.2194595337,56887,56897,10
12.8272800446,80.2194595337,56897,56907,10
12.827630043,80.2194213867,56907,56968,61
12.827630043,80.2194213867,56968,56978,10
12.827870369,80.2194671631,56978,56988,10
12.8282804489,80.2194671631,56988,56998,10
12.8289203644,80.2194671631,56998,57008,10
12.8297395706,80.2194824219,57008,57018,10
12.8306798935,80.2194900513,57018,57028,10
12.8310403824,80.2195968628,57028,57039,11
12.8311796188,80.2202987671,57039,57049,10
12.8311595917,80.2212905884,57049,57059,10
12.8311500549,80.2221221924,57059,57069,10
12.8311195374,80.2224502563,57069,57079,10
12.8311195374,80.2231826782,57079,57089,10
12.8311100006,80.2241287231,57089,57099,10
12.8311100006,80.2246627808,57099,57109,10
12.8311004639,80.2251205444,57109,57120,11
12.8311004639,80.226020813,57120,57130,10
12.8312397003,80.2270584106,57130,57140,10
12.8315095901,80.2282104492,57140,57150,10
12.8316802979,80.2289962769,57150,57160,10
12.8320598602,80.2290878296,57160,57170,10
12.8327503204,80.2289199829,57170,57180,10
12.8337402344,80.2287826538,57180,57190,10
12.8349199295,80.2285690308,57190,57201,11
12.8362798691,80.2283782959,57201,57211,10
12.8375101089,80.2282104492,57211,57221,10
12.8382797241,80.2280578613,57221,57241,20
12.8382797241,80.2280578613,57241,57251,10
12.8384304047,80.2280197144,57251,57261,10
12.8384799957,80.2279891968,57261,57271,10
12.8386697769,80.2279510498,57271,57282,11
12.8388004303,80.2279205322,57282,57312,30
12.8388004303,80.2279205322,57312,57322,10
12.8391399384,80.2278137207,57322,57342,20
12.8391399384,80.2278137207,57342,57352,10
12.8392496109,80.2277832031,57352,57363,11
12.8393602371,80.2277374268,57363,57373,10
12.8395996094,80.2276992798,57373,57383,10
12.8401699066,80.2275390625,57383,57393,10
12.8409996033,80.2273330688,57393,57403,10
12.842040062,80.2270507813,57403,57413,10
12.8432598114,80.226852417,57413,57423,10
12.8445100784,80.2266769409,57423,57433,10
12.8453598022,80.226600647,57433,57444,11
12.8454799652,80.2265701294,57444,57454,10
12.8459300995,80.2265701294,57454,57464,10
12.8467597961,80.2265777588,57464,57474,10
12.8477897644,80.2265625,57474,57484,10
12.8488998413,80.2265625,57484,57494,10
12.849820137,80.2265396118,57494,57504,10
12.8500204086,80.2265472412,57504,57514,10
12.8501901627,80.2265625,57514,57524,10
12.8507604599,80.2265625,57524,57535,11
12.8517198563,80.2266082764,57535,57545,10
12.8528404236,80.2266464233,57545,57555,10
12.8540802002,80.2265930176,57555,57565,10
12.855340004,80.2264709473,57565,57575,10
12.8566102982,80.226348877,57575,57585,10
12.85779953,80.2262420654,57585,57595,10
12.8588495255,80.226272583,57595,57605,10
12.860159874,80.2264480591,57605,57616,11
12.8608598709,80.2265167236,57616,57626,10
12.8614301682,80.2265319824,57626,57636,10
12.8623800278,80.2265014648,57636,57646,10
12.8635396957,80.2264862061,57646,57656,10
12.8648395538,80.2265625,57656,57666,10
12.8662004471,80.2265396118,57666,57676,10
12.8675298691,80.2264099121,57676,57686,10
12.8689203262,80.2264022827,57686,57697,11
12.8704500198,80.2265777588,57697,57707,10
12.8717298508,80.2266387939,57707,57717,10
12.8726596832,80.2266311646,57717,57727,10
12.8729801178,80.2266693115,57727,57737,10
12.8734197617,80.2266998291,57737,57747,10
12.8744602203,80.2267913818,57747,57757,10
12.8755702972,80.2269134521,57757,57767,10
12.8763303757,80.2269287109,57767,57778,11
12.8770103455,80.2268829346,57778,57788,10
12.8779096603,80.2268218994,57788,57798,10
12.8788900375,80.2267532349,57798,57808,10
12.8800201416,80.2266998291,57808,57818,10
12.8812503815,80.2266998291,57818,57828,10
12.8825101852,80.2266921997,57828,57838,10
12.8836803436,80.2266693115,57838,57848,10
12.8845996857,80.2266464233,57848,57859,11
12.8856401443,80.2267608643,57859,57869,10
12.8867397308,80.2270584106,57869,57879,10
12.8879098892,80.2272567749,57879,57889,10
12.8892002106,80.2273330688,57889,57899,10
12.8905601501,80.2273178101,57899,57909,10
12.8918800354,80.2273330688,57909,57919,10
12.8930797577,80.227432251,57919,57929,10
12.8942899704,80.2275772095,57929,57940,11
12.8956699371,80.2276535034,57940,57950,10
12.8969297409,80.2276992798,57950,57960,10
12.8980903625,80.2277679443,57960,57970,10
12.898730278,80.2277984619,57970,57980,10
12.8988199234,80.2278137207,57980,57990,10
12.898900032,80.2278213501,57990,58000,10
12.8993501663,80.2278671265,58000,58010,10
12.8998498917,80.227897644,58010,58021,11
12.9002304077,80.2279281616,58021,58031,10
12.9004201889,80.2279510498,58031,58041,10
12.9008398056,80.2279281616,58041,58061,20
12.9008398056,80.2279281616,58061,58071,10
12.901140213,80.2279510498,58071,58081,10
12.9012403488,80.2279663086,58081,58091,10
12.9013595581,80.2279815674,58091,58102,11
12.901889801,80.2279815674,58102,58112,10
12.9025802612,80.228012085,58112,58122,10
12.9026403427,80.2280197144,58122,58132,10
12.9028100967,80.2280426025,58132,58142,10
12.9034204483,80.2280807495,58142,58152,10
12.904299736,80.2281188965,58152,58162,10
12.9053497314,80.2281723022,58162,58172,10
12.906080246,80.228187561,58172,58213,41
12.906080246,80.228187561,58213,58223,10
12.9062004089,80.2282409668,58223,58233,10
12.9066095352,80.2282714844,58233,58243,10
12.9070196152,80.2283172607,58243,58253,10
12.90762043,80.2284011841,58253,58264,11
12.9085998535,80.228553772,58264,58274,10
12.909620285,80.2287216187,58274,58284,10
12.9107503891,80.2289199829,58284,58294,10
12.9119100571,80.2290725708,58294,58304,10
12.9129800797,80.2292098999,58304,58314,10
12.913769722,80.2293014526,58314,58324,10
12.9138402939,80.2293014526,58324,58334,10
12.9141302109,80.2293624878,58334,58344,10
12.9147596359,80.2294616699,58344,58355,11
12.9156799316,80.2296066284,58355,58365,10
12.9167604446,80.2297821045,58365,58375,10
12.9179601669,80.2299423218,58375,58385,10
12.9189901352,80.2300415039,58385,58395,10
12.9192199707,80.2300567627,58395,58405,10
12.9193601608,80.2300796509,58405,58415,10
12.9199399948,80.2301635742,58415,58425,10
12.9207801819,80.2302780151,58425,58436,11
12.921959877,80.2304382324,58436,58446,10
12.9231796265,80.2306289673,58446,58456,10
12.924489975,80.2308120728,58456,58466,10
12.9257497787,80.2309417725,58466,58476,10
12.9262895584,80.2309799194,58476,58486,10
12.9264602661,80.2310028076,58486,58496,10
12.9270401001,80.2310714722,58496,58506,10
12.92786026,80.2311706543,58506,58517,11
12.9289503098,80.231338501,58517,58527,10
12.9300098419,80.2315826416,58527,58537,10
12.9311800003,80.2319030762,58537,58547,10
12.932299614,80.2322463989,58547,58557,10
12.9333200455,80.2326583862,58557,58567,10
12.9341201782,80.233001709,58567,58577,10
12.9343204498,80.2330780029,58577,58587,10
12.9346599579,80.2332382202,58587,58598,11
12.9353704453,80.2335586548,58598,58608,10
12.9362401962,80.2339782715,58608,58618,10
12.9371299744,80.2343978882,58618,58628,10
12.9380702972,80.2348937988,58628,58638,10
12.9390802383,80.2353973389,58638,58648,10
12.9398498535,80.2357711792,58648,58657,9
12.9404001236,80.2359237671,58657,58668,11
12.9405899048,80.236000061,58668,58679,11
12.9412202835,80.2361831665,58679,58689,10
12.9420795441,80.2363815308,58689,58699,10
12.9430599213,80.2368087769,58699,58709,10
12.9439401627,80.2376403809,58709,58719,10
12.9446401596,80.2384414673,58719,58729,10
12.9458198547,80.2394180298,58729,58739,10
12.9467897415,80.2398071289,58739,58749,10
12.9471197128,80.2399368286,58749,58760,11
12.9471597672,80.2399597168,58760,58770,10
12.9474000931,80.2400436401,58770,58780,10
12.9476699829,80.2401580811,58780,58790,10
12.9478302002,80.2402191162,58790,58800,10
12.9482498169,80.2403793335,58800,58810,10
12.9488601685,80.2406082153,58810,58851,41
12.9488601685,80.2406082153,58851,58861,10
12.9491195679,80.2407531738,58861,58871,10
12.9497203827,80.2409591675,58871,58881,10
12.9504804611,80.2412109375,58881,58891,10
12.9510402679,80.2413711548,58891,58901,10
12.9511203766,80.2414169312,58901,58911,10
12.9515600204,80.2415924072,58911,58922,11
12.9523096085,80.2418823242,58922,58932,10
12.9531402588,80.2421875,58932,58942,10
12.9539604187,80.2425308228,58942,58952,10
12.9547595978,80.2428207397,58952,58962,10
12.9553098679,80.2430419922,58962,58972,10
12.9562597275,80.2433776855,58972,58982,10
12.956609726,80.243560791,58982,58992,10
12.9572200775,80.2438201904,58992,59003,11
12.9580602646,80.244178772,59003,59013,10
12.9587802887,80.2444534302,59013,59023,10
12.9589099884,80.2445220947,59023,59033,10
12.9592103958,80.244720459,59033,59043,10
12.9596300125,80.2449188232,59043,59053,10
12.9603099823,80.2452087402,59053,59063,10
12.9611597061,80.24559021,59063,59073,10
12.961979866,80.2459793091,59073,59084,11
12.9626398087,80.2462921143,59084,59114,30
12.9626398087,80.2462921143,59114,59124,10
12.9627799988,80.2463607788,59124,59134,10
12.9630403519,80.2464981079,59134,59144,10
12.963350296,80.2466583252,59144,59154,10
12.9638299942,80.2468795776,59154,59164,10
12.9645004272,80.2471389771,59164,59175,11
12.9652900696,80.2474212646,59175,59185,10
12.9660196304,80.2476806641,59185,59195,10
12.9664001465,80.247833252,59195,59205,10
12.9667596817,80.2479934692,59205,59235,30
12.9667596817,80.2479934692,59235,59245,10
12.9671096802,80.2481765747,59245,59256,11
12.9677801132,80.2484588623,59256,59266,10
12.968629837,80.2487869263,59266,59276,10
12.969619751,80.2491836548,59276,59286,10
12.9707202911,80.2496185303,59286,59296,10
12.9718704224,80.2499465942,59296,59306,10
12.9730501175,80.2502670288,59306,59316,10
12.9742498398,80.250579834,59316,59326,10
12.975520134,80.2509384155,59326,59337,11
12.9769201279,80.2513427734,59337,59347,10
12.9779500961,80.2519378662,59347,59357,10
12.9785299301,80.2523498535,59357,59367,10
12.9785804749,80.2523880005,59367,59377,10
12.9790096283,80.2525787354,59377,59387,10
12.9794101715,80.2526626587,59387,59418,31
12.9794101715,80.2526626587,59418,59428,10
12.979590416,80.2527008057,59428,59438,10
12.9800901413,80.2527236938,59438,59448,10
12.9808397293,80.2527008057,59448,59458,10
12.9817695618,80.2526702881,59458,59468,10
12.9829101563,80.2526168823,59468,59478,10
12.9840297699,80.2524185181,59478,59488,10
12.9850597382,80.2521514893,59488,59499,11
12.9859199524,80.2519378662,59499,59509,10
12.9861698151,80.2518768311,59509,59519,10
12.9865503311,80.2517471313,59519,59529,10
12.9871797562,80.2515563965,59529,59661,132
12.9871797562,80.2515563965,59661,59671,10
12.9875001907,80.2514572144,59671,59681,10
12.9879198074,80.2513580322,59681,59691,10
12.9886398315,80.2511825562,59691,59701,10
12.98939991,80.2509918213,59701,59711,10
12.989569664,80.2509765625,59711,59721,10
12.989689827,80.2509613037,59721,59731,10
12.9903202057,80.2507781982,59731,59742,11
12.9912004471,80.2505569458,59742,59752,10
12.9921703339,80.2503204346,59752,59762,10
12.9932403564,80.2500534058,59762,59772,10
12.9944000244,80.2497634888,59772,59782,10
12.9955396652,80.2494812012,59782,59792,10
12.9967603683,80.2491378784,59792,59812,20
12.9967603683,80.2491378784,59812,59823,11
12.996919632,80.2490692139,59823,59833,10
12.9973096848,80.2490005493,59833,59843,10
12.9975404739,80.2489471436,59843,59853,10
12.9980201721,80.2488327026,59853,59863,10
12.9987697601,80.2486419678,59863,59873,10
12.9996995926,80.2484207153,59873,59883,10
13.0008001328,80.2481536865,59883,59893,10
13.0019197464,80.2478790283,59893,59904,11
13.0027103424,80.2476196289,59904,59914,10
13.0027303696,80.2476119995,59914,59924,10
13.002790451,80.2475967407,59924,59934,10
13.0031995773,80.2474975586,59934,59944,10
13.0035800934,80.2473373413,59944,59954,10
13.0040597916,80.2473297119,59954,59964,10
13.0050096512,80.2472381592,59964,60035,71
13.0050096512,80.2472381592,60035,60045,10
13.0053596497,80.2472305298,60045,60126,81
13.0053596497,80.2472305298,60126,60136,10
13.0057497025,80.2471618652,60136,60146,10
13.0059604645,80.2470779419,60146,60339,193
13.0059604645,80.2470779419,60339,60349,10
13.0061197281,80.2471389771,60349,60359,10
13.0063495636,80.246887207,60359,60369,10
13.0065698624,80.2463607788,60369,60379,10
13.0066404343,80.2457427979,60379,60389,10
13.0066604614,80.2452774048,60389,60400,11
13.006649971,80.2445983887,60400,60410,10
13.0066404343,80.2438583374,60410,60420,10
13.0066299438,80.2433929443,60420,60430,10
13.0066003799,80.2427368164,60430,60440,10
13.0065698624,80.2417831421,60440,60450,10
13.0066604614,80.2407073975,60450,60460,10
13.0068702698,80.2398834229,60460,60470,10
13.007060051,80.238899231,60470,60481,11
13.0072603226,80.2378616333,60481,60491,10
13.0074100494,80.2371826172,60491,60501,10
13.0074195862,80.2370223999,60501,60511,10
13.0074300766,80.2367706299,60511,60521,10
13.0075397491,80.2363815308,60521,60531,10
13.0077199936,80.2355270386,60531,60541,10
13.0078802109,80.234703064,60541,60551,10
13.0080604553,80.2338790894,60551,60562,11
13.008310318,80.2326965332,60562,60572,10
13.0085296631,80.231590271,60572,60582,10
13.0087404251,80.2304077148,60582,60592,10
13.0089502335,80.2292785645,60592,60602,10
13.0091896057,80.2282485962,60602,60612,10
13.0095796585,80.2273483276,60612,60622,10
13.0100002289,80.2264404297,60622,60632,10
13.0103797913,80.2257537842,60632,60643,11
13.0106601715,80.2251434326,60643,60653,10
13.0108995438,80.2245330811,60653,60663,10
13.0111198425,80.2240066528,60663,60673,10
13.0111398697,80.2239837646,60673,60683,10
13.0112199783,80.2238998413,60683,60693,10
13.0113401413,80.2235031128,60693,60703,10
13.0116100311,80.2228088379,60703,60713,10
13.0117797852,80.2220993042,60713,60724,11
13.012260437,80.2215805054,60724,60734,10
13.0125198364,80.2218017578,60734,60744,10
13.0129995346,80.2223815918,60744,60754,10
13.0136299133,80.2230911255,60754,60764,10
13.0142097473,80.2238006592,60764,60774,10
13.0148601532,80.2244796753,60774,60784,10
13.0153503418,80.2249298096,60784,60794,10
13.0156602859,80.225151062,60794,60805,11
13.0159597397,80.2253112793,60805,60815,10
13.0166397095,80.2253036499,60815,60825,10
13.017539978,80.2249832153,60825,60835,10
13.0184001923,80.2246322632,60835,60845,10
13.0194997787,80.2243881226,60845,60865,20
13.0194997787,80.2243881226,60865,60875,10
13.0195503235,80.2244567871,60875,60885,10
13.0199298859,80.2247314453,60885,60896,11
13.0205402374,80.225151062,60896,60906,10
13.0211296082,80.2255630493,60906,61017,111
13.0210399628,80.2256088257,61017,61270,253
13.0210399628,80.2256088257,61270,61280,10
13.0212402344,80.2257919312,61280,61290,10
13.0214300156,80.2259216309,61290,61301,11
13.0220003128,80.226348877,61301,61311,10
13.0227603912,80.2269821167,61311,61321,10
13.0236196518,80.227722168,61321,61331,10
13.0242795944,80.2283401489,61331,61341,10
13.024430275,80.2285232544,61341,61351,10
13.0242700577,80.2286224365,61351,61361,10
13.0241098404,80.228477478,61361,61371,10
13.0238399506,80.2280883789,61371,61382,11
13.023150444,80.2274093628,61382,61594,212
13.023150444,80.2274093628,61594,61604,10
13.0231895447,80.2272415161,61604,61614,10
13.0228595734,80.2269363403,61614,61625,11
13.0222396851,80.2263793945,61625,61635,10
13.0214700699,80.2257919312,61635,61645,10
13.0208902359,80.2253570557,61645,61655,10
13.0199604034,80.2248001099,61655,61685,30
13.0199604034,80.2248001099,61685,61695,10
13.0197896957,80.2247085571,61695,61706,11
13.019200325,80.2244796753,61706,61716,10
13.0184202194,80.2246322632,61716,61726,10
13.017539978,80.2249908447,61726,61736,10
13.0166902542,80.2253494263,61736,61746,10
13.0160598755,80.2255706787,61746,61756,10
13.01541996,80.2258071899,61756,61766,10
13.014960289,80.226020813,61766,61776,10
13.0144195557,80.2262115479,61776,61787,11
13.0143003464,80.2262573242,61787,61797,10
13.0139598846,80.2264022827,61797,61807,10
13.0133104324,80.2266387939,61807,61817,10
13.0125198364,80.2269515991,61817,61827,10
13.0116701126,80.2272872925,61827,61837,10
13.0108804703,80.2276000977,61837,61847,10
13.0100803375,80.2279281616,61847,61857,10
13.0092697144,80.2283401489,61857,61868,11
13.0090303421,80.2292404175,61868,61878,10
13.0088396072,80.2303695679,61878,61888,10
13.0085897446,80.231590271,61888,61898,10
13.0083799362,80.2327194214,61898,61908,10
13.0082798004,80.2333908081,61908,61918,10
13.0082798004,80.2334136963,61918,61928,10
13.0082197189,80.2336425781,61928,61938,10
13.0081701279,80.2337417603,61938,61948,10
13.0080900192,80.2341384888,61948,61959,11
13.0080003738,80.2346801758,61959,61969,10
13.0078802109,80.2352600098,61969,61979,10
13.0077400208,80.2359924316,61979,61989,10
13.0075902939,80.2368392944,61989,61999,10
13.0073900223,80.2378234863,61999,62009,10
13.0072202682,80.2386932373,62009,62019,10
13.0071001053,80.239402771,62019,62029,10
13.0070295334,80.2398300171,62029,62070,41
13.0070295334,80.2398300171,62070,62080,10
13.0069198608,80.2399597168,62080,62090,10
13.0068902969,80.2403106689,62090,62100,10
13.0068798065,80.2406463623,62100,62110,10
13.0068702698,80.2406463623,62110,62121,11
13.0068397522,80.2407989502,62121,62131,10
13.0067796707,80.2413024902,62131,62141,10
13.0067596436,80.2421264648,62141,62151,10
13.0067300797,80.2429885864,62151,62161,10
13.0066995621,80.2437820435,62161,62171,10
13.0066995621,80.2446212769,62171,62181,10
13.0066995621,80.2451095581,62181,62212,31
13.0066995621,80.2451095581,62212,62222,10
13.0067195892,80.2453994751,62222,62232,10
13.0067195892,80.2458496094,62232,62242,10
13.0067396164,80.2464904785,62242,62252,10
13.0067300797,80.2471389771,62252,62262,10
13.0063400269,80.2474212646,62262,62272,10
13.0059204102,80.2474212646,62272,62283,11
13.0059099197,80.2474136353,62283,62293,10
13.0056200027,80.2473297119,62293,62303,10
13.0050601959,80.2473297119,62303,62313,10
13.0042600632,80.2474136353,62313,62323,10
13.0032997131,80.2475585938,62323,62333,10
13.0024299622,80.247718811,62333,62343,10
13.0017004013,80.2479171753,62343,62354,11
13.0008201599,80.2481536865,62354,62364,10
12.9997196198,80.2484283447,62364,62374,10
12.9987297058,80.2486877441,62374,62384,10
12.9981603622,80.2488479614,62384,62394,10
12.9979801178,80.248878479,62394,62404,10
12.997420311,80.2490005493,62404,62414,10
12.9966096878,80.249168396,62414,62424,10
12.9956502914,80.2493972778,62424,62434,10
12.9946298599,80.249671936,62434,62445,11
12.9934597015,80.2499771118,62445,62455,10
12.9923400879,80.2502593994,62455,62465,10
12.9913797379,80.2505264282,62465,62475,10
12.9910802841,80.2506103516,62475,62485,10
12.9909696579,80.250617981,62485,62495,10
12.9904603958,80.2507476807,62495,62505,10
12.9898395538,80.2509078979,62505,62515,10
12.9897603989,80.2509307861,62515,62526,11
12.9897098541,80.2509078979,62526,62536,10
12.989279747,80.2510223389,62536,62546,10
12.9886798859,80.251159668,62546,62556,10
12.9880895615,80.2513427734,62556,62566,10
12.9876804352,80.251449585,62566,62576,10
12.9872999191,80.2515487671,62576,62586,10
12.9867200851,80.2517318726,62586,62596,10
12.9860801697,80.2518615723,62596,62607,11
12.9852199554,80.2520904541,62607,62617,10
12.9843597412,80.2523193359,62617,62627,10
12.9834403992,80.2525634766,62627,62637,10
12.982460022,80.2526779175,62637,62647,10
12.9815702438,80.2527008057,62647,62657,10
12.980890274,80.2527313232,62657,62667,10
12.9804601669,80.2527618408,62667,62677,10
12.9801597595,80.2527923584,62677,62688,11
12.9795799255,80.2527236938,62688,62698,10
12.9785404205,80.2525405884,62698,62718,20
12.9785404205,80.2525405884,62718,62728,10
12.9782304764,80.2522964478,62728,62738,10
12.9776802063,80.2518005371,62738,62748,10
12.9767904282,80.2512969971,62748,62758,10
12.9756603241,80.2509613037,62758,62768,10
12.9743499756,80.2505874634,62768,62779,11
12.973110199,80.25025177,62779,62789,10
12.9718198776,80.2499084473,62789,62799,10
12.9705295563,80.2495422363,62799,62809,10
12.9693002701,80.2490768433,62809,62819,10
12.9681997299,80.248626709,62819,62829,10
12.9672899246,80.2482376099,62829,62839,10
12.9666204453,80.2479095459,62839,62849,10
12.9661102295,80.2476806641,62849,62860,11
12.9653196335,80.2473907471,62860,62870,10
12.9650602341,80.2473068237,62870,62880,10
12.9649801254,80.2472610474,62880,62890,10
12.9639797211,80.2468490601,62890,62900,10
12.9639797211,80.2468490601,62900,62910,10
12.9638500214,80.2468185425,62910,62920,10
12.9636602402,80.2467422485,62920,62930,10
12.9631500244,80.2464981079,62930,62941,11
12.9622898102,80.24609375,62941,62951,10
12.961350441,80.2456512451,62951,62962,11
12.9603204727,80.2451934814,62962,62972,10
12.9593400955,80.244758606,62972,62982,10
12.959280014,80.2447280884,62982,62992,10
12.9590597153,80.2446136475,62992,63002,10
12.9584703445,80.2443618774,63002,63012,10
12.9578399658,80.2441177368,63012,63023,11
12.9570102692,80.2438278198,63023,63033,10
12.9564800262,80.2436599731,63033,63053,20
12.9564800262,80.2436599731,63053,63063,10
12.9562397003,80.2435836792,63063,63073,10
12.9557199478,80.243309021,63073,63083,10
12.9549798965,80.2429428101,63083,63093,10
12.9540300369,80.2425537109,63093,63104,11
12.9528799057,80.2420425415,63104,63114,10
12.9519796371,80.2417068481,63114,63124,10
12.9516401291,80.2416000366,63124,63134,10
12.9514703751,80.2415390015,63134,63144,10
12.9509000778,80.2413635254,63144,63154,10
12.9501399994,80.2411499023,63154,63164,10
12.9493904114,80.2409210205,63164,63174,10
12.9488401413,80.2406997681,63174,63185,11
12.9480104446,80.2403793335,63185,63195,10
12.9473896027,80.2401123047,63195,63205,10
12.9473304749,80.2400817871,63205,63215,10
12.9473104477,80.2400436401,63215,63225,10
12.9470796585,80.2399215698,63225,63235,10
12.9468002319,80.2398071289,63235,63245,10
12.9462099075,80.2395706177,63245,63255,10
12.9454202652,80.2391967773,63255,63266,11
12.944560051,80.2383804321,63266,63276,10
12.9437799454,80.2375335693,63276,63286,10
12.9429702759,80.2367630005,63286,63296,10
12.9418401718,80.236289978,63296,63306,10
12.9406003952,80.2360229492,63306,63316,10
12.9396800995,80.235710144,63316,63326,10
12.9394302368,80.2356262207,63326,63336,10
12.939160347,80.235496521,63336,63347,11
12.9383897781,80.2350997925,63347,63357,10
12.9375400543,80.2346801758,63357,63367,10
12.9366598129,80.2342376709,63367,63377,10
12.9359998703,80.2339477539,63377,63387,10
12.9357404709,80.2338104248,63387,63397,10
12.9351196289,80.2335205078,63397,63407,10
12.9342699051,80.2331390381,63407,63417,10
12.9338598251,80.2329483032,63417,63428,11
12.9336500168,80.2328262329,63428,63438,10
12.9330797195,80.2325668335,63438,63448,10
12.9322500229,80.2322769165,63448,63458,10
12.9312095642,80.2319412231,63458,63468,10
12.9300403595,80.2315979004,63468,63478,10
12.9289798737,80.2313766479,63478,63488,10
12.9278297424,80.2311706543,63488,63498,10
12.9266996384,80.2310562134,63498,63509,11
12.9261903763,80.231010437,63509,63519,10
12.9258499146,80.2309570313,63519,63529,10
12.9252004623,80.2308731079,63529,63539,10
12.9243602753,80.2307662964,63539,63549,10
12.9233198166,80.2306289673,63549,63559,10
12.9221601486,80.2304611206,63559,63569,10
12.9209299088,80.2303009033,63569,63579,10
12.9196195602,80.2301177979,63579,63590,11
12.9182100296,80.2299423218,63590,63600,10
12.9170503616,80.2297821045,63600,63610,10
12.9158296585,80.2296066284,63610,63620,10
12.9146203995,80.2294464111,63620,63630,10
12.9136400223,80.2293395996,63630,63640,10
12.9132003784,80.2292861938,63640,63650,10
12.913189888,80.2292785645,63650,63660,10
12.9128799438,80.2292022705,63660,63670,10
12.9121799469,80.2291030884,63670,63681,11
12.9111204147,80.2289581299,63681,63691,10
12.9099597931,80.2287826538,63691,63701,10
12.9087600708,80.2285614014,63701,63711,10
12.9077796936,80.2284011841,63711,63721,10
12.9072198868,80.2283096313,63721,63731,10
12.9067497253,80.2282562256,63731,63741,10
12.9062700272,80.2282562256,63741,63751,10
12.9061803818,80.2282791138,63751,63762,11
12.9057197571,80.2282333374,63762,63772,10
12.9049396515,80.2281570435,63772,63782,10
12.9039201736,80.2281112671,63782,63792,10
12.9027795792,80.2280578613,63792,63802,10
12.901889801,80.2280197144,63802,63812,10
12.9016599655,80.2280197144,63812,63822,10
12.9015798569,80.2280197144,63822,63832,10
12.9011802673,80.2279968262,63832,63843,11
12.9007101059,80.2279586792,63843,63853,10
12.9002599716,80.2279281616,63853,63863,10
12.8997602463,80.2279129028,63863,63873,10
12.8993301392,80.2278900146,63873,63893,20
12.8993301392,80.2278900146,63893,63903,10
12.8991603851,80.2278671265,63903,63913,10
12.8986597061,80.2278823853,63913,63924,11
12.8978700638,80.2277908325,63924,63934,10
12.8970003128,80.2277069092,63934,63944,10
12.895939827,80.2276611328,63944,63954,10
12.8947696686,80.2276077271,63954,63964,10
12.8936004639,80.2275466919,63964,63974,10
12.8927497864,80.2274398804,63974,63984,10
12.8920402527,80.2273712158,63984,63994,10
12.8911104202,80.2273635864,63994,64005,11
12.8899002075,80.2273635864,64005,64015,10
12.8889598846,80.2273788452,64015,64025,10
12.8881902695,80.2273483276,64025,64035,10
12.8872299194,80.2272262573,64035,64045,10
12.8861904144,80.2269821167,64045,64055,10
12.8852300644,80.2267608643,64055,64065,10
12.8845396042,80.2267532349,64065,64075,10
12.8844804764,80.2267379761,64075,64086,11
12.8840904236,80.2267227173,64086,64096,10
12.8833599091,80.2267303467,64096,64106,10
12.882399559,80.2267379761,64106,64116,10
12.8812398911,80.2267379761,64116,64126,10
12.8799800873,80.2267532349,64126,64136,10
12.8786497116,80.2268066406,64136,64146,10
12.8773803711,80.2269134521,64146,64156,10
12.8765201569,80.2269821167,64156,64167,11
12.8763599396,80.2269973755,64167,64177,10
12.8758401871,80.2269973755,64177,64187,10
12.8750295639,80.2269210815,64187,64197,10
12.8739795685,80.2267990112,64197,64207,10
12.8729200363,80.2267303467,64207,64217,10
12.872590065,80.2267227173,64217,64227,10
12.8723497391,80.2267227173,64227,64237,10
12.871720314,80.2266998291,64237,64248,11
12.8707504272,80.2266616821,64248,64258,10
12.8696899414,80.2265625,64258,64268,10
12.8685398102,80.2264328003,64268,64278,10
12.8673095703,80.2264785767,64278,64288,10
12.8660898209,80.226600647,64288,64298,10
12.8650102615,80.2266082764,64298,64308,10
12.8637895584,80.2265625,64308,64318,10
12.8626203537,80.2265625,64318,64329,11
12.8614397049,80.2266235352,64329,64339,10
12.8609895706,80.2266082764,64339,64349,10
12.8608503342,80.226600647,64349,64359,10
12.8602800369,80.2265319824,64359,64369,10
12.859459877,80.2264099121,64369,64379,10
12.8586702347,80.22631073,64379,64389,10
12.8579797745,80.2262878418,64389,64399,10
12.8571195602,80.2263412476,64399,64410,11
12.8559999466,80.2264633179,64410,64420,10
12.8548202515,80.2265777588,64420,64430,10
12.8535499573,80.2266998291,64430,64440,10
12.8522396088,80.2267227173,64440,64450,10
12.8510398865,80.2266616821,64450,64460,10
12.8502101898,80.2266311646,64460,64470,10
12.8500995636,80.2266311646,64470,64480,10
12.8496303558,80.2266082764,64480,64491,11
12.8488101959,80.2266235352,64491,64501,10
12.847820282,80.2266235352,64501,64511,10
12.8466796875,80.2266311646,64511,64521,10
12.845700264,80.2266235352,64521,64531,10
12.8451004028,80.2266616821,64531,64541,10
12.8450803757,80.2266616821,64541,64551,10
12.8447904587,80.2266616821,64551,64561,10
12.84416008,80.2266921997,64561,64572,11
12.8432397842,80.2268066406,64572,64582,10
12.8422403336,80.2270278931,64582,64592,10
12.8411502838,80.2273101807,64592,64602,10
12.8402996063,80.2275619507,64602,64612,10
12.8397502899,80.227722168,64612,64622,10
12.839389801,80.2278289795,64622,64632,10
12.8387098312,80.228012085,64632,64642,10
12.8378295898,80.2282333374,64642,64652,10
12.8367395401,80.2284011841,64652,64663,11
12.8354196548,80.2285690308,64663,64673,10
12.8341197968,80.228767395,64673,64683,10
12.8328800201,80.2290115356,64683,64693,10
12.8323497772,80.229133606,64693,64703,10
12.8323402405,80.2291183472,64703,64713,10
12.8320703506,80.2291488647,64713,64723,10
12.8317804337,80.2292404175,64723,64733,10
12.8316402435,80.2292785645,64733,64744,11
12.8311195374,80.2294006348,64744,64754,10
12.8304395676,80.2296600342,64754,64764,10
12.8296098709,80.2299575806,64764,64774,10
12.8286504745,80.2304000854,64774,64784,10
12.8276395798,80.23097229,64784,64794,10
12.826499939,80.2313537598,64794,64804,10
12.8252897263,80.2314300537,64804,64814,10
12.8242101669,80.2313079834,64814,64825,11
12.8229503632,80.2309112549,64825,64835,10
12.8217201233,80.2305603027,64835,64845,10
12.8204498291,80.2304992676,64845,64855,10
12.8193702698,80.2305297852,64855,64865,10
12.8187799454,80.2304763794,64865,64875,10
12.8186101913,80.2303924561,64875,64885,10
12.8180198669,80.2300796509,64885,64895,10
12.8171701431,80.2296981812,64895,64906,11
12.8159399033,80.2294387817,64906,64916,10
12.814740181,80.2292785645,64916,64926,10
12.8135099411,80.2289886475,64926,64936,10
12.8122997284,80.2285690308,64936,64946,10
12.8110599518,80.2281188965,64946,64956,10
12.8098402023,80.2276229858,64956,64966,10
12.808719635,80.2269134521,64966,64976,10
12.8077001572,80.2260513306,64976,64987,11
12.806810379,80.2252807617,64987,64997,10
12.8061199188,80.224647522,64997,65007,10
12.8053302765,80.2241134644,65007,65017,10
12.8049297333,80.2240066528,65017,65027,10
12.8048200607,80.2239837646,65027,65037,10
12.8043603897,80.2239227295,65037,65046,9
12.8035802841,80.2238693237,65046,65057,11
12.8027095795,80.2237625122,65057,65068,11
12.801199913,80.2235870361,65068,65078,10
12.7999401093,80.2234802246,65078,65088,10
12.798620224,80.2233581543,65088,65098,10
12.7972898483,80.2231826782,65098,65108,10
12.7958803177,80.2229690552,65108,65128,20
12.7958803177,80.2229690552,65128,65138,10
12.7957601547,80.2229690552,65138,65149,11
12.7952203751,80.2228469849,65149,65159,10
12.7944498062,80.2227172852,65159,65169,10
12.7935199738,80.2225570679,65169,65179,10
12.7924900055,80.2223968506,65179,65189,10
12.791469574,80.2221832275,65189,65199,10
12.7905797958,80.2219467163,65199,65209,10
12.7898197174,80.2217483521,65209,65219,10
12.7893199921,80.2215805054,65219,65230,11
12.788479805,80.2212371826,65230,65240,10
12.7877101898,80.2209396362,65240,65250,10
12.7869100571,80.2206497192,65250,65270,20
12.7869100571,80.2206497192,65270,65280,10
12.7868995667,80.2206497192,65280,65290,10
12.7865200043,80.220489502,65290,65300,10
12.7862300873,80.2204208374,65300,65311,11
12.7861995697,80.2206192017,65311,65321,10
12.7861995697,80.2210464478,65321,65331,10
12.7862100601,80.2215194702,65331,65341,10
12.786239624,80.2218475342,65341,65371,30
12.786239624,80.2218475342,65371,65381,10
12.7863197327,80.2220077515,65381,65412,31
12.7863197327,80.2220077515,65412,65422,10
12.7863302231,80.2220993042,65422,66475,1053
12.7863302231,80.2220993042,66475,66485,10
12.7863397598,80.2217712402,66485,66495,10
12.7862501144,80.2214584351,66495,66505,10
12.7862195969,80.2209396362,66505,66515,10
12.7862100601,80.2208023071,66515,66526,11
12.7862300873,80.220489502,66526,66576,50
12.7862300873,80.220489502,66576,66586,10
12.7866296768,80.2205429077,66586,66617,31
12.7866296768,80.2205429077,66617,66627,10
12.7868499756,80.2206802368,66627,66637,10
12.7873497009,80.2208633423,66637,66647,10
12.7879104614,80.221031189,66647,66657,10
12.7884998322,80.2212677002,66657,66667,10
12.7891597748,80.2215194702,66667,66677,10
12.7897901535,80.2217407227,66677,66688,11
12.7905702591,80.2219467163,66688,66698,10
12.7915000916,80.2221832275,66698,66708,10
12.7925195694,80.2224121094,66708,66718,10
12.793680191,80.2225799561,66718,66728,10
12.7948503494,80.2227630615,66728,66738,10
12.7958898544,80.2229385376,66738,66748,10
12.7964601517,80.2230300903,66748,66758,10
12.7965097427,80.2230606079,66758,66769,11
12.7969503403,80.22315979,66769,66779,10
12.7976102829,80.2232818604,66779,66789,10
12.7984304428,80.2233810425,66789,66799,10
12.7993497849,80.2234802246,66799,66809,10
12.8004302979,80.2235565186,66809,66819,10
12.8013000488,80.2236328125,66819,66829,10
12.80148983,80.2236709595,66829,66839,10
12.8017597198,80.2237167358,66839,66850,11
12.8024902344,80.2238006592,66850,66860,10
12.8032197952,80.2238998413,66860,66870,10
12.8039798737,80.2239532471,66870,66880,10
12.8047399521,80.2240219116,66880,66890,10
12.8053398132,80.2241516113,66890,66900,10
12.8055200577,80.2242126465,66900,66910,10
12.8057203293,80.224319458,66910,66920,10
12.8062000275,80.2247314453,66920,66931,11
12.8069496155,80.2253799438,66931,66941,10
12.8077096939,80.2260284424,66941,66951,10
12.8085203171,80.2267227173,66951,66961,10
12.8093996048,80.2273864746,66961,66971,10
12.8103303909,80.2278289795,66971,66981,10
12.8114004135,80.2282714844,66981,66991,10
12.8125896454,80.2286987305,66991,67001,10
12.8138399124,80.2291030884,67001,67012,11
12.8152399063,80.2293701172,67012,67022,10
12.8164796829,80.2295608521,67022,67032,10
12.8175001144,80.2298431396,67032,67042,10
12.8184700012,80.2303085327,67042,67052,10
12.8192796707,80.2305297852,67052,67062,10
12.8197002411,80.2305221558,67062,67072,10
12.8197803497,80.2305297852,67072,67082,10
12.8202495575,80.2305297852,67082,67093,11
12.8211402893,80.2305221558,67093,67103,10
12.8221998215,80.2306900024,67103,67113,10
12.8233804703,80.2310562134,67113,67123,10
12.8246202469,80.2313613892,67123,67133,10
12.8258800507,80.2314300537,67133,67143,10
12.826880455,80.2313232422,67143,67153,10
12.8281097412,80.2307510376,67153,67163,10
12.8290901184,80.23021698,67163,67174,11
12.8300895691,80.2298202515,67174,67184,10
12.830619812,80.2295837402,67184,67224,40
12.830619812,80.2295837402,67224,67234,10
12.8308401108,80.2294464111,67234,67244,10
12.8309497833,80.2294311523,67244,67255,11
12.8312196732,80.2293624878,67255,67285,30
12.8312196732,80.2293624878,67285,67295,10
12.8314199448,80.2293167114,67295,67305,10
12.8316001892,80.2292709351,67305,67315,10
12.8319997787,80.2291793823,67315,67325,10
12.8326301575,80.2290496826,67325,67336,11
12.8335800171,80.2288665771,67336,67346,10
12.8346204758,80.2286834717,67346,67356,10
12.8356199265,80.2285308838,67356,67366,10
12.8366098404,80.2283782959,67366,67376,10
12.8376302719,80.2282180786,67376,67386,10
12.8386001587,80.2279968262,67386,67396,10
12.8391799927,80.2277832031,67396,67406,10
12.8395500183,80.2276382446,67406,67447,41
12.8395500183,80.2276382446,67447,67457,10
12.8399600983,80.2275390625,67457,67467,10
12.8405199051,80.2274627686,67467,67477,10
12.8412904739,80.2272720337,67477,67487,10
12.8422603607,80.2270278931,67487,67497,10
12.8433303833,80.2268295288,67497,67508,11
12.8445196152,80.2266616821,67508,67518,10
12.8451900482,80.226600647,67518,67528,10
12.8452100754,80.2266082764,67528,67538,10
12.8452501297,80.2266082764,67538,67548,10
12.8456497192,80.2266082764,67548,67558,10
12.846329689,80.2266082764,67558,67568,10
12.8472003937,80.226600647,67568,67578,10
12.84815979,80.2265930176,67578,67589,11
12.8492202759,80.2265777588,67589,67599,10
12.8497600555,80.2265701294,67599,67609,10
12.8497695923,80.2265777588,67609,67619,10
12.8501195908,80.226600647,67619,67629,10
12.8506498337,80.2266082764,67629,67639,10
12.8513498306,80.2266464233,67639,67649,10
12.8521900177,80.2266921997,67649,67659,10
12.8531703949,80.2267227173,67659,67670,11
12.8544301987,80.2265701294,67670,67680,10
12.8554801941,80.2264404297,67680,67832,152
12.8554801941,80.2264404297,67832,67842,10
12.8555603027,80.2264633179,67842,67852,10
12.8559799194,80.2264175415,67852,67862,10
12.8566102982,80.2263412476,67862,67872,10
12.857000351,80.2262802124,67872,67882,10
12.8570699692,80.2262802124,67882,67892,10
12.8570899963,80.2262802124,67892,67902,10
12.8573198318,80.2262573242,67902,67913,11
12.8574695587,80.2262496948,67913,67923,10
12.8576202393,80.2262420654,67923,67933,10
12.85779953,80.2262268066,67933,67953,20
12.85779953,80.2262268066,67953,67963,10
12.8581695557,80.2262573242,67963,67973,10
12.8584403992,80.2262878418,67973,67983,10
12.8590097427,80.2263336182,67983,67994,11
12.8599100113,80.2264633179,67994,68004,10
12.8606595993,80.2265625,68004,68014,10
12.8607597351,80.2265701294,68014,68024,10
12.8609399796,80.226600647,68024,68034,10
12.8614702225,80.2266235352,68034,68044,10
12.8622303009,80.2265777588,68044,68054,10
12.8631401062,80.2265396118,68054,68064,10
12.8641901016,80.2265701294,68064,68075,11
12.8653898239,80.2266082764,68075,68085,10
12.8664999008,80.2265701294,68085,68095,10
12.867650032,80.2264480591,68095,68105,10
12.8688802719,80.2264404297,68105,68115,10
12.8701400757,80.2265777588,68115,68125,10
12.8713502884,80.2266693115,68125,68135,10
12.8723897934,80.2266693115,68135,68145,10
12.8727998734,80.2266769409,68145,68156,11
12.8729200363,80.2267074585,68156,68166,10
12.8733901978,80.2267227173,68166,68176,10
12.8737096786,80.2267303467,68176,68186,10
12.8738603592,80.2267379761,68186,68196,10
12.8740501404,80.2267684937,68196,68216,20
12.8740501404,80.2267684937,68216,68226,10
12.8744297028,80.2268371582,68226,68237,11
12.874540329,80.226852417,68237,68247,10
12.8747997284,80.2268829346,68247,68297,50
12.8747997284,80.2268829346,68297,68307,10
12.8750400543,80.2268829346,68307,68338,31
12.8750400543,80.2268829346,68338,68348,10
12.8753595352,80.2269210815,68348,68358,10
12.8754997253,80.2269287109,68358,68368,10
12.8755702972,80.2269363403,68368,68378,10
12.8757400513,80.2269363403,68378,68388,10
12.8758001328,80.2269363403,68388,68398,10
12.8760004044,80.2269592285,68398,68409,11
12.8762197495,80.2269592285,68409,68419,10
12.8762998581,80.2269515991,68419,68429,10
12.8765201569,80.2269515991,68429,68439,10
12.8768596649,80.2269210815,68439,68449,10
12.8768997192,80.2269210815,68449,68459,10
12.8773097992,80.2269210815,68459,68469,10
12.8780002594,80.2268676758,68469,68479,10
12.8788700104,80.2268066406,68479,68490,11
12.8800201416,80.2267684937,68490,68500,10
12.8811998367,80.2267608643,68500,68510,10
12.8824501038,80.2267379761,68510,68520,10
12.8836803436,80.2267227173,68520,68530,10
12.884519577,80.2266998291,68530,68540,10
12.8848800659,80.2266998291,68540,68550,10
12.8851900101,80.2267227173,68550,68560,10
12.8853302002,80.2267532349,68560,68571,11
12.8858995438,80.2268981934,68571,68581,10
12.8866596222,80.2270965576,68581,68591,10
12.8875799179,80.2272796631,68591,68601,10
12.8886003494,80.2273788452,68601,68611,10
12.889749527,80.2273712158,68611,68621,10
12.8906698227,80.2273635864,68621,68631,10
12.8918104172,80.2273635864,68631,68641,10
12.8923797607,80.2273788452,68641,68652,11
12.8931798935,80.2275085449,68652,68662,10
12.8940601349,80.2276229858,68662,68672,10
12.8951196671,80.2276763916,68672,68682,10
12.8962602615,80.227722168,68682,68692,10
12.8973703384,80.2277679443,68692,68702,10
12.8984003067,80.2278289795,68702,68712,10
12.8992795944,80.2278823853,68712,68722,10
12.900270462,80.2279510498,68722,68763,41
12.900270462,80.2279510498,68763,68773,10
12.9005403519,80.2279586792,68773,68783,10
12.9008598328,80.2279815674,68783,68793,10
12.9012699127,80.228012085,68793,68803,10
12.9018201828,80.2280273438,68803,68814,11
12.9023704529,80.2280426025,68814,68824,10
12.902879715,80.2280502319,68824,68834,10
12.9029302597,80.2280426025,68834,68844,10
12.9030399323,80.2280197144,68844,68854,10
12.9035100937,80.2280731201,68854,68864,10
12.9041099548,80.2281188965,68864,68874,10
12.9047603607,80.2281494141,68874,68884,10
12.9055099487,80.2281723022,68884,68905,21
12.9055099487,80.2281723022,68905,68915,10
12.905579567,80.2282485962,68915,68925,10
12.905790329,80.228302002,68925,68935,10
12.906129837,80.2282791138,68935,68945,10
12.9062595367,80.2282791138,68945,68955,10
12.9066095352,80.2282791138,68955,68965,10
12.9070301056,80.2283325195,68965,68976,11
12.9071302414,80.2283401489,68976,68986,10
12.9074201584,80.2283706665,68986,68996,10
12.9080295563,80.2284698486,68996,69006,10
12.9088602066,80.2286224365,69006,69016,10
12.9099197388,80.2287902832,69016,69026,10
12.9111003876,80.2289733887,69026,69036,10
12.9121999741,80.2291183472,69036,69046,10
12.9138803482,80.2293395996,69046,69067,21
12.9138803482,80.2293395996,69067,69077,10
12.9142198563,80.2294006348,69077,69087,10
12.9148597717,80.2294998169,69087,69097,10
12.9156999588,80.2296295166,69097,69107,10
12.9167098999,80.2297592163,69107,69117,10
12.9177799225,80.2299118042,69117,69127,10
12.9188995361,80.2300567627,69127,69138,11
12.9201498032,80.2302322388,69138,69148,10
12.9213104248,80.2303771973,69148,69158,10
12.9224996567,80.2305526733,69158,69168,10
12.9237499237,80.2307434082,69168,69178,10
12.9250097275,80.2308883667,69178,69188,10
12.9259996414,80.23097229,69188,69198,10
12.9264202118,80.231010437,69198,69208,10
12.9266300201,80.2310333252,69208,69219,11
12.9272298813,80.2311096191,69219,69229,10
12.9280004501,80.2312011719,69229,69239,10
12.9287796021,80.2313308716,69239,69249,10
12.9295597076,80.2314910889,69249,69259,10
12.9304504395,80.2317123413,69259,69269,10
12.9313802719,80.2320022583,69269,69279,10
12.9321804047,80.2322692871,69279,69289,10
12.9330196381,80.2325668335,69289,69300,11
12.933719635,80.2328872681,69300,69320,20
12.933719635,80.2328872681,69320,69330,10
12.9340295792,80.2330627441,69330,69340,10
12.9346199036,80.2332992554,69340,69350,10
12.9352197647,80.233581543,69350,69360,10
12.9355602264,80.2337188721,69360,69370,10
12.9358301163,80.2338409424,69370,69381,11
12.9364404678,80.23412323,69381,69391,10
12.9371595383,80.2344818115,69391,69401,10
12.9380102158,80.23487854,69401,69411,10
12.9388799667,80.2353134155,69411,69421,10
12.9394903183,80.2356185913,69421,69431,10
12.9395103455,80.2356491089,69431,69441,10
12.9396400452,80.2357406616,69441,69451,10
12.940079689,80.2359390259,69451,69462,11
12.9408597946,80.2361526489,69462,69472,10
12.9417495728,80.2363586426,69472,69482,10
12.94272995,80.2366790771,69482,69492,10
12.9435195923,80.2372894287,69492,69502,10
12.9442501068,80.2380905151,69502,69512,10
12.944899559,80.2387924194,69512,69522,10
12.9459600449,80.2395477295,69522,69532,10
12.9467697144,80.2398605347,69532,69542,10
12.9470596313,80.2399673462,69542,69553,11
12.94713974,80.2400131226,69553,69563,10
12.9475603104,80.2401809692,69563,69573,10
12.9481296539,80.2404174805,69573,69583,10
12.9487104416,80.2406234741,69583,69694,111
12.9487104416,80.2406234741,69694,69704,10
12.9490203857,80.2407073975,69704,69715,11
12.9493103027,80.2408676147,69715,69725,10
12.9497404099,80.2410202026,69725,69735,10
12.9503898621,80.2412185669,69735,69745,10
12.9508600235,80.2413635254,69745,69755,10
12.9509096146,80.2413635254,69755,69765,10
12.9512996674,80.2415237427,69765,69775,10
12.951880455,80.2417297363,69775,69785,10
12.9525995255,80.2419967651,69785,69796,11
12.9534196854,80.2423171997,69796,69806,10
12.954000473,80.2425765991,69806,69816,10
12.9546298981,80.2428436279,69816,69826,10
12.9553499222,80.2431030273,69826,69836,10
12.9560003281,80.2432785034,69836,69846,10
12.9562902451,80.2433700562,69846,69856,10
12.9563302994,80.2433929443,69856,69866,10
12.9565296173,80.2434616089,69866,69877,11
12.957110405,80.2437515259,69877,69887,10
12.9577999115,80.2440872192,69887,69897,10
12.9584102631,80.2443618774,69897,69907,10
12.9586400986,80.2444915771,69907,69917,10
12.9587497711,80.2445678711,69917,69927,10
12.9592103958,80.2447891235,69927,69937,10
12.9599103928,80.2450790405,69937,69947,10
12.9606895447,80.2454223633,69947,69958,11
12.9615802765,80.2458267212,69958,69968,10
12.9622402191,80.2461471558,69968,69978,10
12.9625396729,80.2462768555,69978,69988,10
12.9627103806,80.2463378906,69988,69998,10
12.9630899429,80.2465591431,69998,70008,10
12.9634199142,80.2467422485,70008,70018,10
12.9637899399,80.2469177246,70018,70028,10
12.9643497467,80.2471084595,70028,70039,11
12.9652099609,80.2473983765,70039,70049,10
12.9661102295,80.2477416992,70049,70059,10
12.9668197632,80.2480392456,70059,70069,10
12.9670000076,80.2481231689,70069,70079,10
12.9670600891,80.2481765747,70079,70089,10
12.9674100876,80.2483520508,70089,70099,10
12.9680900574,80.2486419678,70099,70109,10
12.9689397812,80.2489471436,70109,70120,11
12.9700202942,80.2493667603,70120,70130,10
12.9709796906,80.2497177124,70130,70140,10
12.9719896317,80.2499771118,70140,70150,10
12.9729700089,80.2502365112,70150,70160,10
12.974029541,80.2505111694,70160,70170,10
12.9751701355,80.2508392334,70170,70180,10
12.9762802124,80.251159668,70180,70190,10
12.9771795273,80.251449585,70190,70201,11
12.9778299332,80.2518920898,70201,70211,10
12.9783496857,80.2523498535,70211,70231,20
12.9783496857,80.2523498535,70231,70241,10
12.9785900116,80.2524795532,70241,70251,10
12.9792003632,80.2526626587,70251,70261,10
12.9797401428,80.2526931763,70261,70282,21
12.9797401428,80.2526931763,70282,70292,10
12.9798297882,80.2527236938,70292,70302,10
12.9802999496,80.2527389526,70302,70312,10
12.9809799194,80.2527236938,70312,70322,10
12.9818696976,80.2527008057,70322,70332,10
12.9830102921,80.2526473999,70332,70342,10
12.9840898514,80.2524185181,70342,70352,10
12.9854001999,80.2520294189,70352,70666,314
12.9854001999,80.2520294189,70666,70676,10
12.9854898453,80.2520217896,70676,70687,11
12.9858598709,80.2519226074,70687,70697,10
12.9863100052,80.2517929077,70697,70707,10
12.9867801666,80.251663208,70707,70717,10
12.9872102737,80.2515335083,70717,70727,10
12.9876298904,80.251411438,70727,70737,10
12.9882202148,80.2512817383,70737,70747,10
12.9890499115,80.2510604858,70747,70757,10
12.9894695282,80.2509536743,70757,70767,10
12.9894695282,80.2509613037,70767,70778,11
12.9895200729,80.2509765625,70778,70788,10
12.9899301529,80.2509078979,70788,70798,10
12.9906196594,80.2507171631,70798,70808,10
12.9914598465,80.2505111694,70808,70818,10
12.9923200607,80.2502975464,70818,70828,10
12.9932403564,80.2500610352,70828,70838,10
12.9941596985,80.2498092651,70838,70848,10
12.9950304031,80.2496032715,70848,70859,11
12.9960298538,80.2493362427,70859,70869,10
12.9969501495,80.2491073608,70869,70879,10
12.9978599548,80.248878479,70879,70889,10
12.9987802505,80.2486572266,70889,70899,10
12.9997596741,80.2484130859,70899,70909,10
13.0008001328,80.2481536865,70909,70919,10
13.0017204285,80.2479324341,70919,70929,10
13.0023498535,80.247756958,70929,70940,11
13.0031604767,80.2475967407,70940,70950,10
13.0036201477,80.2475280762,70950,70960,10
13.0039396286,80.2474899292,70960,70970,10
13.0044202805,80.2474136353,70970,70980,10
13.0047197342,80.2473678589,70980,71021,41
13.0047197342,80.2473678589,71021,71031,10
13.0050697327,80.2473220825,71031,71041,10
13.0052499771,80.2472305298,71041,71051,10
13.0054302216,80.247177124,71051,71061,10
13.005610466,80.2471618652,71061,71091,30
13.0059900284,80.2470626831,71091,71112,21
13.0059900284,80.2470626831,71112,71122,10
13.0061702728,80.2469024658,71122,71132,10
13.0061798096,80.2469024658,71132,71142,10
13.0062999725,80.2468185425,71142,71152,10
13.006480217,80.2464981079,71152,71172,20
13.006480217,80.2464981079,71172,71183,11
13.0065402985,80.2460784912,71183,71193,10
13.0065603256,80.24584198,71193,71203,10
13.0065803528,80.2456512451,71203,71213,10
13.0065803528,80.2454605103,71213,71223,10
13.0065603256,80.2452011108,71223,71233,10
13.0065698624,80.2449264526,71233,71243,10
13.0065898895,80.2446899414,71243,71253,10
13.0066404343,80.244468689,71253,71264,11
13.0066404343,80.2444000244,71264,71274,10
13.0066299438,80.2440795898,71274,71284,10
13.0066404343,80.2437591553,71284,71294,10
13.0066299438,80.2434692383,71294,71304,10
13.0065898895,80.2429580688,71304,71314,10
13.0065498352,80.2422790527,71314,71324,10
13.0065603256,80.2416763306,71324,71334,10
13.0066099167,80.2410430908,71334,71345,11
13.0067501068,80.2403488159,71345,71355,10
13.0069103241,80.2395019531,71355,71365,10
13.007060051,80.2386703491,71365,71375,10
13.0072202682,80.2378768921,71375,71385,10
13.007349968,80.2371673584,71385,71395,10
13.0074195862,80.2367401123,71395,71405,10
13.0074501038,80.2366409302,71405,71415,10
13.0075502396,80.2362213135,71415,71426,11
13.0076999664,80.235496521,71426,71436,10
13.0078496933,80.2347183228,71436,71446,10
13.0080404282,80.233833313,71446,71456,10
13.0082302094,80.2328414917,71456,71466,10
13.0084199905,80.2318267822,71466,71476,10
13.0086297989,80.2308425903,71476,71486,10
13.0088300705,80.2298736572,71486,71496,10
13.0089998245,80.2290420532,71496,71507,11
13.0092496872,80.2279968262,71507,71517,10
13.0096302032,80.2271499634,71517,71527,10
13.010020256,80.2262802124,71527,71537,10
13.0103998184,80.2254486084,71537,71547,10
13.0106201172,80.2249679565,71547,71557,10
13.010720253,80.2247619629,71557,71567,10
13.0109195709,80.2243804932,71567,71577,10
13.0112895966,80.2234420776,71577,71598,21
13.0112895966,80.2234420776,71598,71608,10
13.0113201141,80.2233276367,71608,71618,10
13.0114603043,80.2229919434,71618,71628,10
13.0117397308,80.2222976685,71628,71638,10
13.0120296478,80.2216186523,71638,71648,10
13.0123300552,80.221496582,71648,71658,10
13.0125999451,80.2218780518,71658,71669,11
13.0130596161,80.2224884033,71669,71679,10
13.0135803223,80.2230834961,71679,71689,10
13.0141000748,80.2237091064,71689,71699,10
13.0144300461,80.2241210938,71699,71709,10
13.0148696899,80.2245788574,71709,71719,10
13.0156002045,80.2252578735,71719,71739,20
13.0156002045,80.2252578735,71739,71749,10
13.0158500671,80.2253570557,71749,71760,11
13.0164604187,80.2254180908,71760,71770,10
13.0171804428,80.2251281738,71770,71780,10
13.0181398392,80.2247314453,71780,71790,10
13.0191001892,80.2244415283,71790,71800,10
13.0201396942,80.2249221802,71800,71830,30
13.0201396942,80.2249221802,71830,71841,11
13.0204601288,80.2251815796,71841,71851,10
13.0210103989,80.2255783081,71851,71861,10
13.0215797424,80.2259597778,71861,72256,395
13.0215797424,80.2259597778,72256,72266,10
13.0217399597,80.2261123657,72266,72276,10
13.02202034,80.2263565063,72276,72286,10
13.0225400925,80.2268066406,72286,72296,10
13.0231199265,80.2273178101,72296,72306,10
13.0237503052,80.227897644,72306,72317,11
13.0242395401,80.2283630371,72317,72327,10
13.0243997574,80.2285690308,72327,72397,70
13.0243997574,80.2285690308,72397,72408,11
13.0242900848,80.2286834717,72408,72418,10
13.0241699219,80.2286911011,72418,72428,10
13.0239295959,80.2283782959,72428,72438,10
13.0236902237,80.2280502319,72438,72448,10
13.0234298706,80.2277832031,72448,72458,10
13.0231599808,80.2275466919,72458,72590,132
13.0230703354,80.2273635864,72590,72833,243
13.0230998993,80.2273178101,72833,73147,314
13.0230998993,80.2273178101,73147,73157,10
13.0228595734,80.2271575928,73157,73167,10
13.0226602554,80.2269592285,73167,73177,10
13.022359848,80.2266693115,73177,73187,10
13.0219297409,80.22631073,73187,73197,10
13.0215196609,80.2259979248,73197,73208,11
13.0211200714,80.225692749,73208,73218,10
13.0207004547,80.2253494263,73218,73228,10
13.0203504562,80.2251434326,73228,73238,10
13.0198802948,80.224822998,73238,73248,10
13.0192499161,80.2245407104,73248,73258,10
13.0184803009,80.2246627808,73258,73268,10
13.0177001953,80.2249984741,73268,73278,10
13.0169897079,80.2252807617,73278,73289,11
13.0164899826,80.2254867554,73289,73299,10
13.016169548,80.2255935669,73299,73309,10
13.0157299042,80.2257385254,73309,73319,10
13.0154304504,80.2258377075,73319,73329,10
13.0150003433,80.226020813,73329,73339,10
13.0144996643,80.2262191772,73339,73349,10
13.0142297745,80.2263183594,73349,73359,10
13.0142202377,80.2263336182,73359,73369,10
13.0141601563,80.226348877,73369,73380,11
13.0137500763,80.2264862061,73380,73390,10
13.0131196976,80.2267379761,73390,73400,10
13.0123796463,80.2270278931,73400,73410,10
13.0115995407,80.2273406982,73410,73420,10
13.0107603073,80.2276763916,73420,73430,10
13.0099401474,80.228012085,73430,73440,10
13.0091495514,80.2284317017,73440,73450,10
13.008890152,80.2294235229,73450,73461,11
13.0086603165,80.2305908203,73461,73471,10
13.0084695816,80.2316665649,73471,73481,10
13.0082597733,80.2327880859,73481,73491,10
13.0081501007,80.2335968018,73491,73501,10
13.0081300735,80.2336578369,73501,73511,10
13.0080404282,80.2339401245,73511,73521,10
13.0079402924,80.2344589233,73521,73531,10
13.0078697205,80.2347488403,73531,73542,11
13.0078201294,80.2349624634,73542,73552,10
13.0077400208,80.2353897095,73552,73562,10
13.0076398849,80.2360305786,73562,73572,10
13.0074796677,80.2368621826,73572,73582,10
13.0073099136,80.2377471924,73582,73592,10
13.0071496964,80.2386169434,73592,73602,10
13.0069999695,80.2393722534,73602,73612,10
13.0068798065,80.2400970459,73612,73633,21
13.0068798065,80.2400970459,73633,73643,10
13.0068702698,80.240272522,73643,73653,10
13.0068101883,80.2406921387,73653,73663,10
13.0067596436,80.2408370972,73663,73673,10
13.0067100525,80.2412261963,73673,73683,10
13.0066900253,80.2419433594,73683,73693,10
13.0066604614,80.2427215576,73693,73704,11
13.0066299438,80.2434921265,73704,73714,10
13.0066003799,80.2442626953,73714,73724,10
13.0065898895,80.2450408936,73724,73734,10
13.0066404343,80.2457885742,73734,73744,10
13.0066795349,80.2465515137,73744,73754,10
13.0066604614,80.2472763062,73754,73764,10
13.0062904358,80.2474899292,73764,73774,10
13.0061101913,80.2474975586,73774,73785,11
13.006070137,80.2475204468,73785,73796,11
13.0057296753,80.247467041,73796,73806,10
13.0050697327,80.2474212646,73806,73816,10
13.0042200089,80.2474899292,73816,73826,10
13.0032396317,80.2476425171,73826,73836,10
13.0024900436,80.2478027344,73836,73846,10
13.0018396378,80.2479400635,73846,73856,10
13.0009498596,80.2481689453,73856,73867,11
13.0000801086,80.2483901978,73867,73877,10
12.9991598129,80.2486190796,73877,73886,9
12.9982700348,80.248840332,73886,73897,11
12.9972600937,80.2490768433,73897,73907,10
12.9962797165,80.2493133545,73907,73917,10
12.995300293,80.2495574951,73917,73927,10
12.9943399429,80.2498168945,73927,73937,10
12.993350029,80.2500762939,73937,73948,11
12.9922399521,80.2503585815,73948,73958,10
12.9912996292,80.2506103516,73958,73968,10
12.9909200668,80.2507019043,73968,73978,10
12.9907302856,80.2507324219,73978,73988,10
12.9901800156,80.2508773804,73988,73998,10
12.9894304276,80.2510604858,73998,74008,10
12.9888000488,80.2512283325,74008,74180,172
12.9888000488,80.2512283325,74180,74191,11
12.9883403778,80.2513275146,74191,74201,10
12.9878501892,80.2514572144,74201,74211,10
12.9874801636,80.2515487671,74211,74221,10
12.9870901108,80.251663208,74221,74231,10
12.9865598679,80.2518234253,74231,74241,10
12.9861097336,80.2519302368,74241,74251,10
12.9853696823,80.2521209717,74251,74261,10
12.9844903946,80.2523498535,74261,74272,11
12.983420372,80.2526092529,74272,74282,10
12.982339859,80.2527313232,74282,74292,10
12.9812202454,80.2527618408,74292,74302,10
12.9803304672,80.2528076172,74302,74312,10
12.9797897339,80.2527770996,74312,74322,10
12.9789896011,80.2527008057,74322,74332,10
12.9785604477,80.2526321411,74332,74342,10
12.9784402847,80.2525634766,74342,74353,11
12.9779195786,80.252166748,74353,74363,10
12.9772796631,80.2516098022,74363,74373,10
12.9763202667,80.2512130737,74373,74383,10
12.9752502441,80.2509231567,74383,74393,10
12.9741096497,80.2506027222,74393,74403,10
12.9729404449,80.2502822876,74403,74413,10
12.9717903137,80.2499771118,74413,74423,10
12.970700264,80.2496795654,74423,74434,11
12.9695501328,80.2492523193,74434,74444,10
12.9685497284,80.2488479614,74444,74454,10
12.9676103592,80.2484664917,74454,74464,10
12.9669103622,80.2481384277,74464,74474,10
12.9663801193,80.2478790283,74474,74484,10
12.965880394,80.2477035522,74484,74494,10
12.9654102325,80.2474975586,74494,74504,10
12.9649000168,80.2473373413,74504,74515,11
12.964799881,80.2472763062,74515,74525,10
12.9644498825,80.2471618652,74525,74535,10
12.9642000198,80.2471084595,74535,74565,30
12.9642000198,80.2471084595,74565,74575,10
12.9639396667,80.2470016479,74575,74585,10
12.9635696411,80.2468338013,74585,74596,11
12.9629001617,80.2464828491,74596,74606,10
12.9620199203,80.2460708618,74606,74616,10
12.9610204697,80.24559021,74616,74626,10
12.9601402283,80.2451934814,74626,74636,10
12.9593601227,80.2448577881,74636,74646,10
12.9592599869,80.2448120117,74646,74656,10
12.9589099884,80.2446212769,74656,74666,10
12.9582996368,80.2443618774,74666,74677,11
12.957690239,80.2441101074,74677,74687,10
12.9569301605,80.243888855,74687,74697,10
12.9565496445,80.243812561,74697,74747,50
12.9565496445,80.243812561,74747,74757,10
12.9561500549,80.2436828613,74757,74768,11
12.9555797577,80.243347168,74768,74778,10
12.9551296234,80.2431335449,74778,74788,10
12.9547300339,80.2429199219,74788,74798,10
12.9540901184,80.2426376343,74798,74808,10
12.9535303116,80.2423934937,74808,74818,10
12.9527597427,80.2420730591,74818,74828,10
12.9523200989,80.241897583,74828,74838,10
12.9517402649,80.2417068481,74838,74849,11
12.9513998032,80.2416229248,74849,74859,10
12.9513301849,80.2415771484,74859,74869,10
12.9510803223,80.2414779663,74869,74879,10
12.9509401321,80.2414627075,74879,74889,10
12.9507303238,80.2414169312,74889,74899,10
12.9504203796,80.241317749,74899,74930,31
12.9504203796,80.241317749,74930,74940,10
12.9501495361,80.2411804199,74940,74950,10
12.949760437,80.2410888672,74950,74960,10
12.949640274,80.2410430908,74960,74970,10
12.9493598938,80.2409591675,74970,75011,41
12.9493598938,80.2409591675,75011,75021,10
12.9489603043,80.2408218384,75021,75031,10
12.9483699799,80.240562439,75031,75041,10
12.9476203918,80.2402572632,75041,75051,10
12.9470996857,80.2400665283,75051,75061,10
12.9469995499,80.240020752,75061,75071,10
12.946559906,80.2398376465,75071,75081,10
12.9458599091,80.2395401001,75081,75092,11
12.9449996948,80.2390213013,75092,75102,10
12.944319725,80.2382583618,75102,75112,10
12.9435396194,80.237411499,75112,75122,10
12.942609787,80.236656189,75122,75132,10
12.9413995743,80.2362594604,75132,75142,10
12.939740181,80.2358169556,75142,75162,20
12.939740181,80.2358169556,75162,75173,11
12.9393701553,80.2356414795,75173,75183,10
12.9387397766,80.2353210449,75183,75193,10
12.93791008,80.2349090576,75193,75203,10
12.936920166,80.2344207764,75203,75213,10
12.9359302521,80.2339630127,75213,75223,10
12.9351100922,80.2335968018,75223,75233,10
12.9337501526,80.233001709,75233,75254,21
12.9337501526,80.233001709,75254,75264,10
12.9333896637,80.2328109741,75264,75274,10
12.9327297211,80.2325134277,75274,75284,10
12.9317998886,80.2321929932,75284,75294,10
12.9306697845,80.2318191528,75294,75304,10
12.9294996262,80.2315063477,75304,75314,10
12.928440094,80.231300354,75314,75324,10
12.927280426,80.2311325073,75324,75335,11
12.9261903763,80.2310028076,75335,75345,10
12.9253396988,80.2309112549,75345,75355,10
12.9243202209,80.2307662964,75355,75365,10
12.9231395721,80.2306518555,75365,75375,10
12.9218597412,80.23046875,75375,75385,10
12.9206399918,80.2303009033,75385,75395,10
12.9194202423,80.2301330566,75395,75405,10
12.918129921,80.2299804688,75405,75416,11
12.9168300629,80.2297821045,75416,75426,10
12.9156198502,80.2296066284,75426,75436,10
12.9144296646,80.2294464111,75436,75446,10
12.9134998322,80.2293701172,75446,75456,10
12.9132604599,80.2293319702,75456,75466,10
12.9130496979,80.2292709351,75466,75476,10
12.9124403,80.2291564941,75476,75486,10
12.9116296768,80.2290496826,75486,75497,11
12.9105501175,80.2288970947,75497,75507,10
12.9095001221,80.2287368774,75507,75517,10
12.9084997177,80.2285690308,75517,75527,10
12.9073801041,80.2284088135,75527,75567,40
12.9073801041,80.2284088135,75567,75578,11
12.9073295593,80.2283782959,75578,75588,10
12.9069004059,80.2283325195,75588,75598,10
12.9064998627,80.2282791138,75598,75608,10
12.9061403275,80.2282791138,75608,75618,10
12.9057598114,80.2282562256,75618,75628,10
12.905090332,80.2282180786,75628,75638,10
12.9041500092,80.2281723022,75638,75648,10
12.9029903412,80.2281036377,75648,75659,11
12.9017801285,80.2280273438,75659,75669,10
12.9012699127,80.2280197144,75669,75770,101
12.9012699127,80.2280197144,75770,75780,10
12.9011497498,80.2279891968,75780,75790,10
12.9007396698,80.2279586792,75790,75800,10
12.8999900818,80.2279281616,75800,75810,10
12.8993501663,80.227897644,75810,75820,10
12.8992595673,80.227897644,75820,75831,11
12.8988895416,80.2278671265,75831,75841,10
12.8981895447,80.2278137207,75841,75851,10
12.8972797394,80.2277679443,75851,75861,10
12.8961601257,80.227722168,75861,75871,10
12.8950099945,80.2276611328,75871,75881,10
12.8938503265,80.2276000977,75881,75891,10
12.8927497864,80.2274475098,75891,75901,10
12.8921804428,80.2274169922,75901,75912,11
12.8913202286,80.2273864746,75912,75922,10
12.8902997971,80.2273788452,75922,75932,10
12.8891401291,80.2273788452,75932,75942,10
12.8879098892,80.2273178101,75942,75952,10
12.886639595,80.2271118164,75952,75962,10
12.8854999542,80.2268295288,75962,75972,10
12.8847303391,80.2267379761,75972,75982,10
12.8845996857,80.2267227173,75982,75993,11
12.8840904236,80.2267227173,75993,76003,10
12.8832902908,80.2267303467,76003,76013,10
12.8823299408,80.2267532349,76013,76023,10
12.8812398911,80.2267608643,76023,76033,10
12.8801403046,80.2267684937,76033,76043,10
12.8789196014,80.2267990112,76043,76053,10
12.8777399063,80.226890564,76053,76063,10
12.8767004013,80.2269897461,76063,76074,11
12.8761701584,80.2270278931,76074,76084,10
12.8759803772,80.2270278931,76084,76094,10
12.8753700256,80.2269897461,76094,76104,10
12.8744897842,80.2268829346,76104,76114,10
12.8734703064,80.2267608643,76114,76124,10
12.8725996017,80.2267303467,76124,76134,10
12.8715400696,80.2266921997,76134,76144,10
12.8703203201,80.2266311646,76144,76155,11
12.8689899445,80.2264785767,76155,76165,10
12.8677101135,80.2264480591,76165,76175,10
12.8664703369,80.2265625,76175,76185,10
12.865240097,80.2266311646,76185,76195,10
12.8639602661,80.2265777588,76195,76205,10
12.8627300262,80.2265625,76205,76215,10
12.8616504669,80.2266082764,76215,76225,10
12.8610095978,80.2266464233,76225,76236,11
12.8608398438,80.2266235352,76236,76246,10
12.8602399826,80.2265396118,76246,76256,10
12.8593597412,80.2264022827,76256,76266,10
12.8583803177,80.2262878418,76266,76276,10
12.8572902679,80.22631073,76276,76286,10
12.8561096191,80.2264328003,76286,76296,10
12.8548603058,80.2265701294,76296,76306,10
12.8535804749,80.2266998291,76306,76317,11
12.8521499634,80.2267227173,76317,76327,10
12.850979805,80.2266616821,76327,76337,10
12.8500995636,80.2266387939,76337,76347,10
12.8498697281,80.2266387939,76347,76357,10
12.8494100571,80.2266235352,76357,76367,10
12.8486099243,80.2266082764,76367,76377,10
12.8475999832,80.2266235352,76377,76387,10
12.8466100693,80.2266235352,76387,76398,11
12.8459100723,80.2266464233,76398,76408,10
12.8456001282,80.2266387939,76408,76418,10
12.8454399109,80.2266464233,76418,76428,10
12.8453197479,80.2266311646,76428,76438,10
12.8448495865,80.2266311646,76438,76448,10
12.8440799713,80.2266998291,76448,76458,10
12.843079567,80.2268295288,76458,76469,11
12.841919899,80.2270889282,76469,76479,10
12.8406200409,80.2274475098,76479,76489,10
12.8400297165,80.2276611328,76489,76529,40
12.8400297165,80.2276611328,76529,76539,10
12.8396997452,80.2277984619,76539,76560,21
12.8396997452,80.2277984619,76560,76570,10
12.839220047,80.2279281616,76570,76580,10
12.8384799957,80.2280273438,76580,76590,10
12.8374795914,80.2282409668,76590,76600,10
12.8362703323,80.2284088135,76600,76610,10
12.834980011,80.2285919189,76610,76620,10
12.8337202072,80.2287979126,76620,76630,10
12.8325996399,80.2289962769,76630,76641,11
12.8317499161,80.2291793823,76641,76651,10
12.8315296173,80.2290115356,76651,76661,10
12.8315095901,80.2289123535,76661,76671,10
12.8314599991,80.2285995483,76671,76681,10
12.8313398361,80.2279205322,76681,76691,10
12.8311395645,80.2269973755,76691,76700,9
12.8310003281,80.2260131836,76700,76711,11
12.8310098648,80.2249832153,76711,76722,11
12.8310203552,80.2245788574,76722,76732,10
12.831029892,80.223991394,76732,76742,10
12.831029892,80.2231063843,76742,76752,10
12.8310403824,80.2223129272,76752,76762,10
12.8310499191,80.2219696045,76762,76772,10
12.8310499191,80.2212982178,76772,76782,10
12.8310604095,80.220413208,76782,76792,10
12.8310499191,80.2197113037,76792,76803,11
12.8306102753,80.2194595337,76803,76813,10
12.8297700882,80.2194595337,76813,76823,10
12.828669548,80.2194366455,76823,76833,10
12.827750206,80.2194595337,76833,76843,10
12.8275203705,80.2194595337,76843,76853,10
12.8271999359,80.2194290161,76853,76863,10
12.8265399933,80.2194213867,76863,76873,10
12.8260602951,80.2194137573,76873,76884,11
12.8258104324,80.2192382813,76884,76894,10
12.8258304596,80.219039917,76894,76904,10
12.8258399963,80.2184524536,76904,76914,10
12.8258495331,80.2177581787,76914,76924,10
12.8258495331,80.2164611816,76924,76934,10
12.8256196976,80.2159729004,76934,76944,10
12.8247804642,80.2159500122,76944,76955,11
12.824760437,80.2159576416,76955,77240,285
12.824760437,80.2159576416,77240,77250,10
12.8244600296,80.2160568237,77250,77260,10
12.8239202499,80.2160568237,77260,77270,10
12.8231697083,80.2160491943,77270,77280,10
12.8227596283,80.2160263062,77280,77291,11
12.8226604462,80.2164764404,77291,77301,10
12.8226604462,80.2172164917,77301,77309,8
12.8226499557,80.2179412842,77309,77321,12
12.8226699829,80.2191009521,77321,77331,10
12.8227596283,80.2193984985,77331,77341,10
12.8233699799,80.2194366455,77341,77351,10
12.824090004,80.2194519043,77351,77361,10
12.8251304626,80.2194519043,77361,77371,10
12.8254299164,80.2194671631,77371,77382,11
12.8254404068,80.2194595337,77382,77392,10
12.825799942,80.2194519043,77392,77400,8
12.8263301849,80.2194366455,77400,77412,12
12.8272399902,80.2194519043,77412,77422,10
12.8273897171,80.2194366455,77422,77432,10
12.8274898529,80.2194366455,77432,77442,10
12.8278799057,80.2194366455,77442,77453,11
12.828669548,80.2194366455,77453,77463,10
12.8295898438,80.2194366455,77463,77473,10
12.8304796219,80.2194519043,77473,77483,10
12.8309402466,80.2194976807,77483,77493,10
12.8311700821,80.2199172974,77493,77503,10
12.8311300278,80.2209091187,77503,77513,10
12.8311300278,80.2218933105,77513,77523,10
12.8311300278,80.2222213745,77523,77534,11
12.8311300278,80.2227325439,77534,77544,10
12.8311195374,80.2235565186,77544,77554,10
12.8311300278,80.2244567871,77554,77564,10
12.8311300278,80.2247924805,77564,77574,10
12.8311300278,80.2254333496,77574,77584,10
12.8311300278,80.2263183594,77584,77594,10
12.8313302994,80.2274169922,77594,77604,10
12.8315601349,80.2285308838,77604,77615,11
12.831700325,80.2291183472,77615,77625,10
12.8317098618,80.2291412354,77625,77635,10
12.8318996429,80.2291564941,77635,77645,10
12.8324604034,80.2290420532,77645,77655,10
12.8333597183,80.2288665771,77655,77665,10
12.8344898224,80.2286682129,77665,77675,10
12.8357400894,80.2284698486,77675,77685,10
12.8370504379,80.2282791138,77685,77696,11
12.8383398056,80.2280273438,77696,77706,10
12.8390798569,80.2277984619,77706,77716,10
12.8394403458,80.2276382446,77716,77736,20
12.8394403458,80.2276382446,77736,77746,10
12.8396701813,80.2275314331,77746,77756,10
12.8402795792,80.2274627686,77756,77766,10
12.8411397934,80.2272415161,77766,77776,10
12.8422298431,80.2269592285,77776,77787,11
12.8435602188,80.2267227173,77787,77797,10
12.8446598053,80.226600647,77797,77807,10
12.8452100754,80.2265625,77807,77817,10
12.8452701569,80.2265625,77817,77827,10
12.8456201553,80.2265396118,77827,77837,10
12.8456497192,80.2265319824,77837,77847,10
12.8458099365,80.2265319824,77847,77858,11
12.8464002609,80.2265396118,77858,77868,10
12.8473997116,80.2265472412,77868,77878,10
12.8485403061,80.2265319824,77878,77888,10
12.8500003815,80.2265014648,77888,77908,20
12.8500003815,80.2265014648,77908,77918,10
12.8502702713,80.2265090942,77918,77928,10
12.8509197235,80.2265167236,77928,77938,10
12.8517799377,80.2265701294,77938,77949,11
12.8528299332,80.2266235352,77949,77959,10
12.8538799286,80.2265701294,77959,77969,10
12.8550596237,80.2264633179,77969,77979,10
12.8562803268,80.2263336182,77979,77989,10
12.8574199677,80.2262191772,77989,77999,10
12.8584403992,80.2261962891,77999,78009,10
12.8595600128,80.2263336182,78009,78019,10
12.8605604172,80.2264709473,78019,78030,11
12.8607997894,80.2265014648,78030,78040,10
12.8610801697,80.2265396118,78040,78050,10
12.861700058,80.2265396118,78050,78060,10
12.862569809,80.2265090942,78060,78070,10
12.8636598587,80.2265090942,78070,78080,10
12.8648796082,80.2265625,78080,78090,10
12.8661203384,80.2265472412,78090,78100,10
12.867389679,80.2264404297,78100,78111,11
12.8682699203,80.2263717651,78111,78121,10
12.8689203262,80.2264099121,78121,78131,10
12.8698301315,80.2265167236,78131,78141,10
12.8707199097,80.226600647,78141,78151,10
12.8721504211,80.2266387939,78151,78161,10
12.8729600906,80.2266311646,78161,78171,10
12.8730897903,80.2266387939,78171,78181,10
12.873550415,80.2266616821,78181,78192,11
12.8744096756,80.2267532349,78192,78202,10
12.8753700256,80.2268676758,78202,78212,10
12.8762798309,80.2268981934,78212,78222,10
12.8764801025,80.226890564,78222,78232,10
12.8766298294,80.2268829346,78232,78242,10
12.8770999908,80.2268600464,78242,78252,10
12.8778095245,80.2268066406,78252,78262,10
12.8787202835,80.2267379761,78262,78273,11
12.8798704147,80.2266998291,78273,78283,10
12.880979538,80.2266769409,78283,78293,10
12.8821201324,80.2266693115,78293,78303,10
12.8832798004,80.2266616821,78303,78313,10
12.8844404221,80.2266387939,78313,78323,10
12.8852796555,80.2266616821,78323,78333,10
12.8853302002,80.2266693115,78333,78343,10
12.8856897354,80.2267379761,78343,78354,11
12.886469841,80.2269668579,78354,78364,10
12.8873996735,80.227180481,78364,78374,10
12.8884601593,80.2272796631,78374,78384,10
12.8896102905,80.2273025513,78384,78394,10
12.8905696869,80.2273025513,78394,78404,10
12.8919095993,80.2273025513,78404,78414,10
12.8930101395,80.2274017334,78414,78424,10
12.8941202164,80.2275390625,78424,78435,11
12.8953399658,80.2276229858,78435,78445,10
12.8965501785,80.2276687622,78445,78455,10
12.8978595734,80.2277374268,78455,78465,10
12.8991098404,80.2278137207,78465,78475,10
12.9001398087,80.2278366089,78475,78485,10
12.9005899429,80.2278289795,78485,78495,10
12.900759697,80.2278366089,78495,78505,10
12.9008798599,80.2278671265,78505,78516,11
12.9011602402,80.2279129028,78516,78526,10
12.9015398026,80.2279663086,78526,78536,10
12.902179718,80.2279968262,78536,78546,10
12.9029998779,80.2280578613,78546,78556,10
12.904009819,80.2281112671,78556,78566,10
12.9050598145,80.2281494141,78566,78576,10
12.9061803818,80.2281799316,78576,78617,41
12.9061803818,80.2281799316,78617,78627,10
12.9063997269,80.2281570435,78627,78637,10
12.9067201614,80.2282104492,78637,78647,10
12.9070396423,80.2282409668,78647,78657,10
12.9072198868,80.2282714844,78657,78667,10
12.9077997208,80.2283477783,78667,78678,11
12.9086999893,80.2284927368,78678,78688,10
12.9097499847,80.2286834717,78688,78698,10
12.910900116,80.2288589478,78698,78708,10
12.9120702744,80.2290267944,78708,78718,10
12.9131698608,80.2291793823,78718,78728,10
12.9138698578,80.2292785645,78728,78738,10
12.9141397476,80.229309082,78738,78748,10
12.914440155,80.2293624878,78748,78759,11
12.9151201248,80.2294692993,78759,78769,10
12.9160499573,80.2296066284,78769,78779,10
12.9170598984,80.2297515869,78779,78789,10
12.9181203842,80.2298965454,78789,78799,10
12.9191598892,80.2300415039,78799,78809,10
12.9202899933,80.230178833,78809,78819,10
12.9214096069,80.2303314209,78819,78829,10
12.9225597382,80.2304916382,78829,78840,11
12.923910141,80.2306594849,78840,78850,10
12.9252004623,80.2308425903,78850,78860,10
12.9264001846,80.2309799194,78860,78870,10
12.9275999069,80.2311401367,78870,78880,10
12.9287395477,80.2313079834,78880,78890,10
12.9297704697,80.2315216064,78890,78900,10
12.9308004379,80.2317810059,78900,78910,10
12.9317502975,80.2320785522,78910,78921,11
12.9328298569,80.2324523926,78921,78931,10
12.9338598251,80.2328567505,78931,78941,10
12.9341602325,80.2329788208,78941,78951,10
12.9345302582,80.2331619263,78951,78961,10
12.9351596832,80.2334594727,78961,78971,10
12.9357204437,80.2337188721,78971,78981,10
12.936340332,80.2340164185,78981,78991,10
12.9371004105,80.2343673706,78991,79001,10
12.9380598068,80.2348480225,79001,79012,11
12.9391803741,80.2353897095,79012,79022,10
12.9396600723,80.2356567383,79022,79032,10
12.939789772,80.2357406616,79032,79042,10
12.9402303696,80.2359085083,79042,79052,10
12.9404401779,80.2359466553,79052,79062,10
12.9409198761,80.2360916138,79062,79072,10
12.9417295456,80.236289978,79072,79082,10
12.9427604675,80.2366333008,79082,79093,11
12.9437599182,80.2375030518,79093,79103,10
12.9445495605,80.2384033203,79103,79113,10
12.9452600479,80.2391204834,79113,79123,10
12.946149826,80.2395935059,79123,79133,10
12.947019577,80.2399215698,79133,79143,10
12.9472503662,80.240020752,79143,79153,10
12.9475698471,80.2401580811,79153,79163,10
12.9482402802,80.2404327393,79163,79174,11
12.9487895966,80.2406387329,79174,79214,40
12.9487895966,80.2406387329,79214,79224,10
12.9488401413,80.2406692505,79224,79234,10
12.949259758,80.2408218384,79234,79244,10
12.9499197006,80.2410430908,79244,79255,11
12.9508600235,80.241317749,79255,79265,10
12.9517498016,80.2416229248,79265,79275,10
12.9525995255,80.2419204712,79275,79285,10
12.9534902573,80.2422790527,79285,79295,10
12.954199791,80.2425765991,79295,79305,10
12.9550800323,80.2429428101,79305,79315,10
12.9558696747,80.2431793213,79315,79325,10
12.9563903809,80.2433166504,79325,79336,11
12.9568500519,80.2435379028,79336,79346,10
12.9575996399,80.2439422607,79346,79356,10
12.9584999084,80.2443237305,79356,79366,10
12.9588899612,80.244468689,79366,79376,10
12.9592199326,80.2446517944,79376,79386,10
12.9598703384,80.2449569702,79386,79396,10
12.9607496262,80.2453613281,79396,79406,10
12.9618301392,80.2458572388,79406,79417,11
12.9629602432,80.2463989258,79417,79427,10
12.9634399414,80.2466583252,79427,79457,30
12.9634399414,80.2466583252,79457,79467,10
12.9634399414,80.2468032837,79467,79477,10
12.9638204575,80.2469329834,79477,79487,10
12.9645299911,80.2471618652,79487,79498,11
12.9654903412,80.2474594116,79498,79508,10
12.9663896561,80.2478103638,79508,79518,10
12.9668998718,80.2480392456,79518,79528,10
12.9669704437,80.2480773926,79528,79538,10
12.9672803879,80.2482299805,79538,79548,10
12.9680099487,80.2485275269,79548,79558,10
12.968919754,80.2488937378,79558,79568,10
12.9699201584,80.2492828369,79568,79579,11
12.9710502625,80.2496795654,79579,79589,10
12.9721403122,80.2499771118,79589,79599,10
12.97315979,80.2502593994,79599,79609,10
12.9742898941,80.2505722046,79609,79619,10
12.9754896164,80.2509078979,79619,79629,10
12.9766998291,80.2512512207,79629,79639,10
12.9777803421,80.2518234253,79639,79649,10
12.9794998169,80.2526321411,79649,79670,21
12.9794998169,80.2526321411,79670,79680,10
12.9796800613,80.2526626587,79680,79690,10
12.9801197052,80.2526779175,79690,79700,10
12.9808797836,80.2526626587,79700,79710,10
12.9818401337,80.2526397705,79710,79720,10
12.9828596115,80.2525863647,79720,79730,10
12.9838495255,80.2524185181,79730,79741,11
12.9849004745,80.2521209717,79741,79751,10
12.9854001999,80.2519607544,79751,79801,50
12.9854001999,80.2519607544,79801,79811,10
12.9855604172,80.2519302368,79811,79822,11
12.9860200882,80.2517776489,79822,79832,10
12.9863796234,80.251701355,79832,79842,10
12.9866199493,80.2516403198,79842,79923,81
12.9866199493,80.2516403198,79923,79933,10
12.9869804382,80.2515411377,79933,79943,10
12.9874696732,80.251373291,79943,80054,111
12.9874696732,80.251373291,80054,80065,11
12.9880104065,80.2512664795,80065,80075,10
12.9887199402,80.2510986328,80075,80085,10
12.9893598557,80.2509002686,80085,80095,10
12.9894399643,80.2508926392,80095,80105,10
12.9899196625,80.250793457,80105,80115,10
12.9905004501,80.2506484985,80115,80125,10
12.9916000366,80.2503814697,80125,80135,10
12.9925899506,80.2501525879,80135,80146,11
12.9938602448,80.2498168945,80146,80156,10
12.995059967,80.2495193481,80156,80166,10
12.996219635,80.2491989136,80166,80176,10
12.9974403381,80.248916626,80176,80186,10
12.9987096786,80.2486114502,80186,80196,10
12.9999904633,80.248298645,80196,80206,10
13.0012397766,80.2479782104,80206,80216,10
13.0024204254,80.2476806641,80216,80227,11
13.0038003922,80.2474517822,80227,80237,10
13.0050601959,80.2472915649,80237,80247,10
13.0060997009,80.2469787598,80247,80257,10
13.006480217,80.2465286255,80257,80267,10
13.0065698624,80.2463531494,80267,80277,10
13.0066099167,80.245880127,80277,80287,10
13.0066204071,80.2451934814,80287,80297,10
13.0066604614,80.2444915771,80297,80308,11
13.0066003799,80.2437286377,80308,80318,10
13.0066099167,80.2429504395,80318,80328,10
13.0065603256,80.2419433594,80328,80338,10
13.0066099167,80.2408905029,80338,80348,10
13.0067796707,80.2400283813,80348,80358,10
13.0070104599,80.2389297485,80358,80368,10
13.0072002411,80.2378463745,80368,80378,10
13.007349968,80.2369995117,80378,80388,10
13.007399559,80.2368011475,80388,80399,11
13.007519722,80.2364883423,80399,80409,10
13.0076398849,80.2358703613,80409,80419,10
13.0078001022,80.2350769043,80419,80429,10
13.008020401,80.234046936,80429,80439,10
13.0082502365,80.2329406738,80439,80449,10
13.0084695816,80.2317733765,80449,80459,10
13.0086698532,80.2306289673,80459,80469,10
13.0089597702,80.2294464111,80469,80480,11
13.0092697144,80.2281417847,80480,80490,10
13.0097703934,80.2270126343,80490,80500,10
13.0103397369,80.2258987427,80500,80510,10
13.0108203888,80.224861145,80510,80520,10
13.0112400055,80.2238388062,80520,80530,10
13.0116300583,80.2227935791,80530,80540,10
13.0119104385,80.2217407227,80540,80550,10
13.0122995377,80.2215194702,80550,80561,11
13.0126695633,80.2220001221,80561,80571,10
13.0131998062,80.22265625,80571,80581,10
13.0139198303,80.223487854,80581,80591,10
13.0145702362,80.2242279053,80591,80601,10
13.0150604248,80.2247619629,80601,80611,10
13.0157499313,80.2252197266,80611,80621,10
13.0159301758,80.2253189087,80621,80631,10
13.016169548,80.2253875732,80631,80642,11
13.0167703629,80.2252807617,80642,80652,10
13.0176296234,80.2249526978,80652,80662,10
13.0186595917,80.2245407104,80662,80672,10
13.0195798874,80.2244567871,80672,80682,10
13.0198202133,80.224571228,80682,80692,10
13.0199804306,80.2247085571,80692,80702,10
13.0204401016,80.2250671387,80702,80712,10
13.0210599899,80.2255325317,80712,80723,11
13.0219097137,80.2261962891,80723,80733,10
13.0228204727,80.2269897461,80733,80743,10
13.0236501694,80.2277297974,80743,80753,10
13.0242595673,80.2282562256,80753,80763,10
13.0244598389,80.2285614014,80763,80804,41
13.0244598389,80.2285614014,80804,80814,10
13.0243597031,80.2286605835,80814,80824,10
13.024189949,80.2285614014,80824,80834,10
13.0238599777,80.2280807495,80834,80844,10
13.0232601166,80.2274627686,80844,80854,10
13.0225000381,80.2267379761,80854,80864,10
13.0216903687,80.2260665894,80864,80874,10
13.0208396912,80.225402832,80874,80885,11
13.0198602676,80.2247314453,80885,80895,10
13.0188598633,80.2244567871,80895,80905,10
13.0178098679,80.2248687744,80905,80915,10
13.0167798996,80.2253036499,80915,80925,10
13.0158500671,80.2256469727,80925,80935,10
13.0150403976,80.2259292603,80935,80945,10
13.0147104263,80.2260131836,80945,80955,10
13.0145397186,80.2260894775,80955,80966,11
13.014380455,80.2261581421,80966,80976,10
13.0142297745,80.2261428833,80976,80986,10
13.0142097473,80.2258682251,80986,80996,10
13.0142002106,80.2256622314,80996,81006,10
13.0142202377,80.2255401611,81006,81015,9
13.0145797729,80.2255630493,81015,81249,234
13.014550209,80.2256774902,81249,82829,1580
13.0145702362,80.2256393433,82829,84408,1579
13.0145702362,80.2256393433,84408,84419,11
13.0147695541,80.2256469727,84419,85056,637
13.0147695541,80.2256469727,85056,85066,10
13.0147600174,80.2257614136,85066,85077,11
13.0147104263,80.2257766724,85077,85087,10
