12.9982595444,80.2568664551,17,5811,5794
12.9981803894,80.2569885254,5811,5943,132
12.9982595444,80.2568893433,5943,7275,1332
12.9984197617,80.2568664551,7275,9576,2301
12.9984397888,80.2568817139,9576,9980,404
12.9983596802,80.256980896,9980,14028,4048
12.9983501434,80.256729126,14028,14341,313
12.9983901978,80.2569198608,14341,17218,2877
12.9983901978,80.2569198608,17218,17228,10
12.9983196259,80.2568817139,17228,17924,696
12.9983196259,80.2568817139,17924,17934,10
12.9983901978,80.2567825317,17934,17944,10
12.9983196259,80.256477356,17944,17954,10
12.9980096817,80.2564086914,17954,18054,100
12.9979000092,80.2564468384,18054,18116,62
12.9979000092,80.2564468384,18116,18126,10
12.997710228,80.256362915,18126,18146,20
12.997710228,80.256362915,18146,18156,10
12.9974603653,80.2559967041,18156,19549,1393
12.9974603653,80.2559967041,19549,19558,9
12.997209549,80.2558288574,19558,19660,102
12.997209549,80.2558288574,19660,19670,10
12.9971399307,80.2558670044,19670,19681,11
12.9968795776,80.2558670044,19681,19691,10
12.9966001511,80.2558670044,19691,19701,10
12.9960803986,80.2558822632,19701,19711,10
12.9955101013,80.255897522,19711,19721,10
12.9948596954,80.2559204102,19721,19731,10
12.9941101074,80.2559814453,19731,19741,10
12.9933795929,80.2560272217,19741,19751,10
12.992650032,80.2560882568,19751,19761,10
12.9917402267,80.256072998,19761,19771,10
12.990819931,80.2560424805,19771,19782,11
12.989859581,80.2560119629,19782,19792,10
12.9888601303,80.2559432983,19792,19802,10
12.987859726,80.255821228,19802,19812,10
12.9870595932,80.2556686401,19812,19822,10
12.9862003326,80.2555236816,19822,19832,10
12.9857702255,80.2554397583,19832,19842,10
12.9850502014,80.255279541,19842,19852,10
12.9842796326,80.2550811768,19852,19862,10
12.9833402634,80.2548522949,19862,19872,10
12.9822998047,80.2545013428,19872,19882,10
12.9818696976,80.2536621094,19882,19893,11
12.9814100266,80.252822876,19893,19903,10
12.9805202484,80.2527923584,19903,19913,10
12.9796104431,80.2527236938,19913,19923,10
12.9787197113,80.2526092529,19923,19933,10
12.9786701202,80.2525863647,19933,19943,10
12.9785995483,80.2525787354,19943,19953,10
12.9782600403,80.2523422241,19953,19963,10
12.977640152,80.2518005371,19963,19973,10
12.9767198563,80.2512969971,19973,19983,10
12.975520134,80.2509307861,19983,19994,11
12.9740695953,80.2505187988,19994,20004,10
12.9726696014,80.2501373291,20004,20014,10
12.9713602066,80.249786377,20014,20024,10
12.9700298309,80.2493591309,20024,20034,10
12.9686803818,80.2488327026,20034,20044,10
12.9673404694,80.2482910156,20044,20054,10
12.966170311,80.2477264404,20054,20064,10
12.9653196335,80.2474517822,20064,20074,10
12.9651699066,80.2473907471,20074,20084,10
12.9651403427,80.2473602295,20084,20094,10
12.9648103714,80.2472229004,20094,20105,11
12.9640903473,80.246963501,20105,20115,10
12.9633302689,80.2466278076,20115,20125,10
12.962389946,80.2461624146,20125,20135,10
12.961230278,80.2455978394,20135,20145,10
12.959980011,80.2450408936,20145,20155,10
12.9594297409,80.2448196411,20155,20165,10
12.9593095779,80.2447433472,20165,20175,10
12.9587497711,80.2444763184,20175,20185,10
12.9579601288,80.2441635132,20185,20195,10
12.9571399689,80.2438964844,20195,20206,11
12.9563798904,80.243637085,20206,20216,10
12.956029892,80.2434768677,20216,20226,10
12.9554395676,80.2432022095,20226,20236,10
12.9546203613,80.2428283691,20236,20246,10
12.9535598755,80.2423782349,20246,20256,10
12.952460289,80.2419433594,20256,20266,10
12.9517803192,80.2416992188,20266,20276,10
12.9515695572,80.2416229248,20276,20286,10
12.9509601593,80.2414093018,20286,20296,10
12.9500703812,80.2411270142,20296,20306,10
12.9489297867,80.2407608032,20306,20317,11
12.9475603104,80.2401885986,20317,20327,10
12.947019577,80.239982605,20327,20337,10
12.946849823,80.239906311,20337,20347,10
12.9462604523,80.2396621704,20347,20357,10
12.9454298019,80.2392578125,20357,20367,10
12.944560051,80.2384567261,20367,20377,10
12.9436397552,80.2374420166,20377,20387,10
12.9425001144,80.236541748,20387,20397,10
12.9410200119,80.2361221313,20397,20407,10
12.9397497177,80.2357788086,20407,20418,11
12.9396600723,80.2357406616,20418,20428,10
12.9394102097,80.2356262207,20428,20438,10
12.9387998581,80.2353134155,20438,20448,10
12.9379396439,80.2348632813,20448,20458,10
12.9368495941,80.2343215942,20458,20468,10
12.9356203079,80.2337493896,20468,20478,10
12.9343595505,80.2331390381,20478,20488,10
12.9332199097,80.2326507568,20488,20498,10
12.9319801331,80.232208252,20498,20508,10
12.9306602478,80.2317810059,20508,20517,9
12.929400444,80.2314682007,20517,20529,12
12.9276304245,80.2311630249,20529,20539,10
12.9261302948,80.2309875488,20539,20549,10
12.9246702194,80.2308120728,20549,20559,10
12.9231796265,80.2306289673,20559,20569,10
12.9216499329,80.2303924561,20569,20579,10
12.9200897217,80.2302017212,20579,20589,10
12.918510437,80.2299880981,20589,20599,10
12.9169101715,80.2297668457,20599,20609,10
12.915309906,80.2295379639,20609,20619,10
12.913860321,80.2293395996,20619,20630,11
12.9127502441,80.2291793823,20630,20640,10
12.9114904404,80.2290115356,20640,20650,10
12.9100999832,80.2288131714,20650,20660,10
12.9086399078,80.2285690308,20660,20670,10
12.9074296951,80.2283706665,20670,20680,10
12.9066400528,80.2282791138,20680,20690,10
12.9057598114,80.2282180786,20690,20700,10
12.9045801163,80.2281417847,20700,20710,10
12.903459549,80.2280883789,20710,20720,10
12.9021701813,80.2280197144,20720,20730,10
12.9007902145,80.2279510498,20730,20741,11
12.8997001648,80.2279205322,20741,20751,10
12.8995895386,80.2279129028,20751,20761,10
12.8994503021,80.227897644,20761,20771,10
12.8989496231,80.2278594971,20771,20781,10
12.8982200623,80.2278137207,20781,20791,10
12.8973503113,80.2277526855,20791,20801,10
12.896320343,80.2276992798,20801,20811,10
12.8952198029,80.2276611328,20811,20821,10
12.894080162,80.2275924683,20821,20831,10
12.8928899765,80.2274475098,20831,20842,11
12.8915300369,80.2273712158,20842,20852,10
12.890250206,80.2273712158,20852,20862,10
12.8889598846,80.2273864746,20862,20872,10
12.8876800537,80.2273025513,20872,20882,10
12.886469841,80.2270889282,20882,20892,10
12.8852500916,80.2267990112,20892,20902,10
12.8840198517,80.2267227173,20902,20912,10
12.8828001022,80.2267379761,20912,20922,10
12.8817300797,80.2267684937,20922,20932,10
12.8805799484,80.2267837524,20932,20942,10
12.8793802261,80.2267913818,20942,20953,11
12.8780202866,80.2268676758,20953,20963,10
12.8768596649,80.2269668579,20963,20973,10
12.8757801056,80.2269821167,20973,20983,10
12.8746099472,80.2268676758,20983,20993,10
12.8734102249,80.2267532349,20993,21003,10
12.8722295761,80.2267227173,21003,21013,10
12.8709697723,80.2266616821,21013,21023,10
12.8696899414,80.2265472412,21023,21033,10
12.8683795929,80.2264175415,21033,21043,10
12.8670701981,80.2265167236,21043,21053,10
12.8657598495,80.2266235352,21053,21064,11
12.8643302917,80.2265625,21064,21074,10
12.8629999161,80.2265319824,21074,21084,10
12.8616504669,80.2266235352,21084,21094,10
12.8603000641,80.2265396118,21094,21104,10
12.8590497971,80.2263793945,21104,21114,10
12.8583602905,80.2263031006,21114,21124,10
12.8574800491,80.2263031006,21124,21134,10
12.8563699722,80.2264022827,21134,21144,10
12.8550901413,80.2265319824,21144,21153,9
12.8538599014,80.2266616821,21153,21165,12
12.8521699905,80.2266921997,21165,21175,10
12.8507299423,80.2266082764,21175,21185,10
12.8493204117,80.226600647,21185,21195,10
12.8479204178,80.2266082764,21195,21205,10
12.8465299606,80.2266235352,21205,21215,10
12.8455295563,80.2266235352,21215,21225,10
12.8452196121,80.2266387939,21225,21235,10
12.8451595306,80.2266464233,21235,21245,10
12.84471035,80.2266693115,21245,21255,10
12.8440198898,80.2267303467,21255,21265,10
12.843170166,80.226852417,21265,21276,11
12.842040062,80.2270889282,21276,21286,10
12.8409099579,80.2273788452,21286,21296,10
12.8401298523,80.2276077271,21296,21306,10
12.8396596909,80.2277374268,21306,21316,10
12.8392295837,80.2278671265,21316,21326,10
12.8384399414,80.2280578613,21326,21336,10
12.837439537,80.2282714844,21336,21346,10
12.8362798691,80.2284469604,21346,21356,10
12.8350000381,80.2286376953,21356,21366,10
12.8337202072,80.2288665771,21366,21377,11
12.8325195313,80.2291107178,21377,21387,10
12.8322496414,80.2291717529,21387,21397,10
12.8318996429,80.2292404175,21397,21407,10
12.8312397003,80.2294006348,21407,21417,10
12.8304004669,80.2296981812,21417,21427,10
12.8294696808,80.2300720215,21427,21437,10
12.8286304474,80.2304534912,21437,21447,10
12.8276996613,80.2309570313,21447,21457,10
12.8268098831,80.2313079834,21457,21467,10
12.8257904053,80.2313995361,21467,21478,11
12.8245296478,80.2313537598,21478,21488,10
12.8233604431,80.2310333252,21488,21498,10
12.8221797943,80.2306594849,21498,21508,10
12.8209695816,80.2304763794,21508,21518,10
12.8197402954,80.2305221558,21518,21528,10
12.8189296722,80.2305221558,21528,21538,10
12.8189096451,80.230506897,21538,21548,10
12.8186998367,80.2304077148,21548,21558,10
12.818110466,80.2301101685,21558,21568,10
12.8172302246,80.2297210693,21568,21577,9
12.8162603378,80.2294692993,21577,21589,12
12.8148498535,80.2292785645,21589,21599,10
12.8136396408,80.2290115356,21599,21609,10
12.8124303818,80.2285995483,21609,21619,10
12.8112096786,80.2281570435,21619,21629,10
12.8099603653,80.2276535034,21629,21639,10
12.808839798,80.2269973755,21639,21649,10
12.8078403473,80.2261581421,21649,21659,10
12.8069200516,80.2253570557,21659,21669,10
12.8061103821,80.2246398926,21669,21679,10
12.8052902222,80.2240982056,21679,21689,10
12.8050003052,80.224029541,21689,21700,11
12.8047103882,80.2239837646,21700,21710,10
12.8041200638,80.2239303589,21710,21720,10
12.8034095764,80.2238616943,21720,21730,10
12.8026199341,80.2237625122,21730,21740,10
12.801609993,80.2236404419,21740,21750,10
12.8004302979,80.2235183716,21750,21760,10
12.7992095947,80.2234115601,21760,21770,10
12.7979001999,80.2232437134,21770,21780,10
12.7965297699,80.2230072021,21780,21789,9
12.7953500748,80.2228088379,21789,21801,12
12.7938404083,80.2225723267,21801,21811,10
12.7926101685,80.2223892212,21811,21821,10
12.791390419,80.2220993042,21821,21831,10
12.7901802063,80.2218093872,21831,21841,10
12.7891798019,80.2214889526,21841,21851,10
12.7883396149,80.2211837769,21851,21861,10
12.7875299454,80.2208786011,21861,21871,10
12.7866401672,80.2205505371,21871,21912,41
12.7866401672,80.2205505371,21912,21922,10
12.7865695953,80.220489502,21922,21932,10
12.7863798141,80.2204208374,21932,21942,10
12.7860898972,80.2203063965,21942,21952,10
12.7855596542,80.2200698853,21952,21962,10
12.7847003937,80.2196426392,21962,21982,20
12.7847003937,80.2196426392,21982,21992,10
12.7844800949,80.2194824219,21992,22002,10
12.7839603424,80.2191925049,22002,22013,11
12.7831497192,80.2187423706,22013,22023,10
12.7822504044,80.21824646,22023,22033,10
12.7812700272,80.2177200317,22033,22043,10
12.7802295685,80.2171478271,22043,22053,10
12.7791500092,80.216583252,22053,22063,10
12.7780103683,80.216003418,22063,22073,10
12.7767896652,80.2154922485,22073,22083,10
12.7755498886,80.2149963379,22083,22093,10
12.7743301392,80.2145233154,22093,22103,10
12.7731800079,80.2140579224,22103,22113,10
12.772190094,80.2136764526,22113,22124,11
12.771229744,80.2133712769,22124,22134,10
12.7708301544,80.2132415771,22134,22467,333
12.7708301544,80.2132415771,22467,22477,10
12.7707700729,80.2129821777,22477,22487,10
12.7709197998,80.2126464844,22487,22497,10
12.771030426,80.2121276855,22497,22507,10
12.7712497711,80.2114181519,22507,22517,10
12.7716197968,80.2106781006,22517,22527,10
12.7720804214,80.2098083496,22527,22536,9
12.7723999023,80.2088699341,22536,22548,12
12.7727603912,80.207649231,22548,22558,10
12.7729997635,80.206741333,22558,22568,10
12.7731199265,80.2063369751,22568,22578,10
12.7731399536,80.2062911987,22578,22588,10
12.7732400894,80.205909729,22588,22598,10
12.7733697891,80.2052688599,22598,22608,10
12.7734804153,80.2044830322,22608,22618,10
12.7735795975,80.2034988403,22618,22628,10
12.7738103867,80.2025222778,22628,22638,10
12.7738895416,80.2014465332,22638,22649,11
12.7739896774,80.2002334595,22649,22659,10
12.7740898132,80.1990966797,22659,22669,10
12.774189949,80.1979675293,22669,22679,10
12.7742204666,80.1969299316,22679,22689,10
12.7742700577,80.195930481,22689,22699,10
12.7744197845,80.1948699951,22699,22709,10
12.7746601105,80.1938095093,22709,22719,10
12.7750301361,80.1929168701,22719,22729,10
12.7753696442,80.1921234131,22729,22739,10
12.7752599716,80.1915588379,22739,22749,10
12.7752304077,80.19140625,22749,22760,11
12.7750396729,80.1909179688,22760,22770,10
12.7745399475,80.190322876,22770,22780,10
12.7738704681,80.1896362305,22780,22790,10
12.7728595734,80.1892700195,22790,22800,10
12.7718095779,80.1888809204,22800,22810,10
12.7710800171,80.1883392334,22810,22820,10
12.7709503174,80.1873474121,22820,22830,10
12.7708797455,80.1867904663,22830,22840,10
12.7708597183,80.1866073608,22840,22850,10
12.7707796097,80.1861190796,22850,22861,11
12.7707595825,80.1853485107,22861,22871,10
12.7706003189,80.1846923828,22871,22881,10
12.7701196671,80.1845626831,22881,22891,10
12.7695398331,80.1843566895,22891,22901,10
12.7690696716,80.1841430664,22901,22911,10
12.7687702179,80.1838684082,22911,22921,10
12.7684497833,80.1835479736,22921,22931,10
12.7680501938,80.1833724976,22931,22941,10
12.7675304413,80.1831970215,22941,22951,10
12.7671003342,80.1830291748,22951,22961,10
12.7666101456,80.182800293,22961,22972,11
12.7659597397,80.1826629639,22972,22982,10
12.765540123,80.1826095581,22982,22992,10
12.7649202347,80.1825332642,22992,23002,10
12.764289856,80.1824417114,23002,23012,10
12.7637500763,80.1823577881,23012,23022,10
12.763469696,80.1827163696,23022,23032,10
12.7632703781,80.1833724976,23032,23042,10
12.7630901337,80.1838607788,23042,23052,10
12.7630500793,80.1842727661,23052,23062,10
12.7630701065,80.1845397949,23062,23073,11
12.7629804611,80.1849594116,23073,23083,10
12.7626399994,80.1849822998,23083,23093,10
12.7621803284,80.1849517822,23093,23103,10
12.761759758,80.1849212646,23103,23113,10
12.7615499496,80.1847076416,23113,23274,161
12.7615499496,80.1847076416,23274,23284,10
12.7617101669,80.1849365234,23284,23295,11
12.7620000839,80.1849517822,23295,23305,10
12.7623300552,80.184928894,23305,23315,10
12.7623701096,80.1849212646,23315,23325,10
12.7625303268,80.184967041,23325,23335,10
12.7628602982,80.1850128174,23335,23345,10
12.7630300522,80.184677124,23345,23355,10
12.7630300522,80.1843338013,23355,23365,10
12.763010025,80.1840362549,23365,23375,10
12.7632102966,80.1835021973,23375,23396,21
12.7632102966,80.1835021973,23396,23406,10
12.7632799149,80.1832809448,23406,23416,10
12.7634000778,80.1828918457,23416,23426,10
12.7635402679,80.1824798584,23426,23436,10
12.7639703751,80.1824798584,23436,23446,10
12.7645101547,80.1825408936,23446,23456,10
12.765130043,80.1826095581,23456,23466,10
12.7657899857,80.1826934814,23466,23476,10
12.766289711,80.1827468872,23476,23486,10
12.7668504715,80.1829299927,23486,23495,9
12.7672996521,80.1831512451,23495,23507,12
12.7679100037,80.1833572388,23507,23517,10
12.7684202194,80.1835632324,23517,23527,10
12.7687196732,80.1838531494,23527,23537,10
12.7690601349,80.1841201782,23537,23547,10
12.7691898346,80.1841964722,23547,23557,10
12.7694501877,80.1843338013,23557,23567,10
12.7698602676,80.1845016479,23567,23577,10
12.7703800201,80.1846466064,23577,23587,10
12.7705802917,80.1847000122,23587,23597,10
12.7707500458,80.1849136353,23597,23608,11
12.7707996368,80.1855392456,23608,23618,10
12.770819664,80.1863174438,23618,23628,10
12.770939827,80.1869812012,23628,23638,10
12.7710399628,80.1878433228,23638,23648,10
12.7713403702,80.1887435913,23648,23658,10
12.7722597122,80.1890716553,23658,23668,10
12.7733402252,80.1895217896,23668,23678,10
12.7742900848,80.1900482178,23678,23688,10
12.7749595642,80.190788269,23688,23698,10
12.7753095627,80.1917419434,23698,23708,10
12.7754001617,80.1924591064,23708,23719,11
12.7749300003,80.1931228638,23719,23729,10
12.7747001648,80.1937408447,23729,23739,10
12.7747001648,80.1937484741,23739,23749,10
12.774600029,80.1940765381,23749,23759,10
12.7744503021,80.1948471069,23759,23769,10
12.7742900848,80.1958465576,23769,23779,10
12.7742204666,80.1969985962,23779,23789,10
12.7741603851,80.1980819702,23789,23799,10
12.7741003036,80.1990966797,23799,23809,10
12.7740001678,80.200302124,23809,23820,11
12.7739200592,80.2012329102,23820,23830,10
12.7739200592,80.2012710571,23830,23840,10
12.7738895416,80.2016601563,23840,23850,10
12.7738399506,80.2024002075,23850,23860,10
12.7736597061,80.2033233643,23860,23870,10
12.7735004425,80.2043991089,23870,23880,10
12.7733402252,80.2054901123,23880,23889,9
12.7731304169,80.2063674927,23889,23900,11
12.773059845,80.2065811157,23900,23910,10
12.7729101181,80.20703125,23910,23920,10
12.7727098465,80.2078018188,23920,23931,11
12.7724199295,80.2088394165,23931,23941,10
12.77202034,80.2099609375,23941,23951,10
12.7714395523,80.2110671997,23951,23961,10
12.7710504532,80.2120437622,23961,23971,10
12.770819664,80.2129974365,23971,23981,10
12.7708597183,80.2131729126,23981,23991,10
12.7711200714,80.2132568359,23991,24001,10
12.7717504501,80.2134933472,24001,24011,10
12.7726402283,80.2137985229,24011,24021,10
12.7737197876,80.2142333984,24021,24032,11
12.7751197815,80.2147903442,24032,24042,10
12.7764797211,80.2153396606,24042,24052,10
12.777879715,80.2159194946,24052,24062,10
12.779250145,80.2165908813,24062,24072,10
12.7806196213,80.2173233032,24072,24082,10
12.7820196152,80.2180862427,24082,24092,10
12.7834100723,80.2188491821,24092,24102,10
12.7846803665,80.2195663452,24102,24112,10
12.7857599258,80.220123291,24112,24122,10
12.786359787,80.2203903198,24122,24132,10
12.7864398956,80.2204208374,24132,24143,11
12.786529541,80.2204666138,24143,24153,10
12.7869501114,80.2206573486,24153,24163,10
12.7877101898,80.220916748,24163,24173,10
12.7886104584,80.2212600708,24173,24183,10
12.7896099091,80.2216186523,24183,24193,10
12.7907800674,80.2219390869,24193,24203,10
12.7920999527,80.2222824097,24203,24213,10
12.7935495377,80.2225265503,24213,24223,10
12.7950401306,80.2227478027,24223,24233,10
12.7962903976,80.2229309082,24233,24244,11
12.7964696884,80.2229614258,24244,24254,10
12.7965898514,80.2229995728,24254,24264,10
12.797129631,80.2230987549,24264,24274,10
12.7980203629,80.2232513428,24274,24284,10
12.7990999222,80.2233734131,24284,24294,10
12.8003501892,80.2234725952,24294,24304,10
12.8014297485,80.2235565186,24304,24314,10
12.80148983,80.2235717773,24314,24324,10
12.8019504547,80.2236480713,24324,24334,10
12.8027200699,80.2237472534,24334,24344,10
12.8036403656,80.2238464355,24344,24355,11
12.8047399521,80.2239379883,24355,24365,10
12.8055295944,80.2241210938,24365,24375,10
12.8055896759,80.2241516113,24375,24385,10
12.805680275,80.2242126465,24385,24395,10
12.8060703278,80.2245407104,24395,24405,10
12.8067302704,80.2251281738,24405,24415,10
12.8075399399,80.2258300781,24415,24425,10
12.8084802628,80.2266235352,24425,24435,10
12.8095598221,80.2274169922,24435,24445,10
12.810790062,80.2279586792,24445,24456,11
12.8111801147,80.2280883789,24456,24466,10
12.8114995956,80.2282104492,24466,24476,10
12.8121900558,80.2284698486,24476,24486,10
12.8131399155,80.2288131714,24486,24496,10
12.8143396378,80.2291793823,24496,24506,10
12.8157100677,80.2293701172,24506,24516,10
12.8171195984,80.2296295166,24516,24526,10
12.8184404373,80.23021698,24526,24536,10
12.8196296692,80.2304534912,24536,24546,10
12.8197898865,80.2304382324,24546,24556,10
12.8198099136,80.2304382324,24556,24567,11
12.8202896118,80.230430603,24567,24577,10
12.8211698532,80.2304382324,24577,24587,10
12.8223199844,80.2306289673,24587,24597,10
12.8236198425,80.2310180664,24597,24607,10
12.8250198364,80.2313308716,24607,24617,10
12.8264799118,80.2313079834,24617,24627,10
12.8278598785,80.2308197021,24627,24637,10
12.8291597366,80.2300872803,24637,24646,9
12.8310699463,80.2293319702,24646,24668,22
12.8310699463,80.2293319702,24668,24678,10
12.8313903809,80.2292709351,24678,24688,10
12.8320398331,80.2290878296,24688,24698,10
12.8329496384,80.2289199829,24698,24708,10
12.8340902328,80.2287216187,24708,24718,10
12.8353996277,80.2284927368,24718,24728,10
12.8367996216,80.2282867432,24728,24737,9
12.8380498886,80.2280807495,24737,24748,11
12.8390903473,80.2277984619,24748,24758,10
12.8394899368,80.2276687622,24758,24768,10
12.839509964,80.2276611328,24768,24779,11
12.8397598267,80.2275695801,24779,24789,10
12.8403701782,80.2273864746,24789,24799,10
12.8412599564,80.2271575928,24799,24809,10
12.8423299789,80.2269287109,24809,24819,10
12.8435602188,80.2267303467,24819,24829,10
12.8448696136,80.2265701294,24829,24839,10
12.8454399109,80.2265319824,24839,24849,10
12.8455295563,80.2265396118,24849,24859,10
12.846039772,80.2265472412,24859,24868,9
12.8467903137,80.2265396118,24868,24880,12
12.8480596542,80.2265396118,24880,24890,10
12.8493003845,80.2265319824,24890,24900,10
12.8501596451,80.2265090942,24900,24910,10
12.8503103256,80.2265167236,24910,24920,10
12.8509101868,80.2265396118,24920,24930,10
12.8518199921,80.2265777588,24930,24940,10
12.85297966,80.2266235352,24940,24950,10
12.8542699814,80.2265319824,24950,24960,10
12.8556499481,80.2263870239,24960,24970,10
12.8570995331,80.2262420654,24970,24980,10
12.8585500717,80.2261962891,24980,24991,11
12.8600196838,80.2263793945,24991,25001,10
12.8607902527,80.2264785767,25001,25011,10
12.8609399796,80.2265090942,25011,25021,10
12.8614797592,80.2265319824,25021,25031,10
12.8623600006,80.2265014648,25031,25041,10
12.8634300232,80.2264785767,25041,25051,10
12.8647003174,80.2265396118,25051,25061,10
12.8661003113,80.2265090942,25061,25071,10
12.8671798706,80.2264175415,25071,25080,9
12.8683204651,80.2263031006,25080,25092,12
12.8700199127,80.2265014648,25092,25102,10
12.871509552,80.2266235352,25102,25112,10
12.8729400635,80.2266387939,25112,25122,10
12.8743696213,80.2267608643,25122,25132,10
12.8758096695,80.226890564,25132,25142,10
12.8767299652,80.2268676758,25142,25152,10
12.8768901825,80.2268600464,25152,25162,10
12.8774499893,80.2268218994,25162,25172,10
12.8782997131,80.2267379761,25172,25182,10
12.8793802261,80.2266693115,25182,25192,10
12.8806600571,80.2266616821,25192,25203,11
12.8821802139,80.2266464233,25203,25213,10
12.8836297989,80.2266464233,25213,25223,10
12.8849401474,80.2266311646,25223,25233,10
12.885219574,80.2266387939,25233,25243,10
12.8854398727,80.2266921997,25243,25253,10
12.886059761,80.226852417,25253,25263,10
12.8869400024,80.2270812988,25263,25273,10
12.8880500793,80.2272567749,25273,25283,10
12.8893203735,80.2273101807,25283,25292,9
12.8905496597,80.2273101807,25292,25304,12
12.8921403885,80.2273101807,25304,25314,10
12.8928604126,80.2273864746,25314,25324,10
12.8937101364,80.2274932861,25324,25334,10
12.8948001862,80.2275695801,25334,25344,10
12.8960800171,80.2276382446,25344,25354,10
12.8974504471,80.2276992798,25354,25364,10
12.8988199234,80.2277679443,25364,25373,9
12.8998804092,80.2278213501,25373,25384,11
12.9006795883,80.2278289795,25384,25394,10
12.9006996155,80.2278289795,25394,25404,10
12.9008598328,80.2278518677,25404,25415,11
12.9013795853,80.2279129028,25415,25425,10
12.9020996094,80.2279510498,25425,25435,10
12.9026899338,80.2279586792,25435,25445,10
12.9028701782,80.2279815674,25445,25455,10
12.9034996033,80.2280197144,25455,25465,10
12.9043998718,80.2280731201,25465,25475,10
12.9055099487,80.2281188965,25475,25485,10
12.9064798355,80.2281570435,25485,25495,10
12.9069795609,80.2282333374,25495,25505,10
12.9071998596,80.2282791138,25505,25516,11
12.9079303741,80.2283782959,25516,25526,10
12.9088897705,80.2285308838,25526,25536,10
12.9100599289,80.228729248,25536,25546,10
12.9113197327,80.2289199829,25546,25556,10
12.9126396179,80.2290878296,25556,25566,10
12.9138202667,80.2292404175,25566,25576,10
12.9140396118,80.2292709351,25576,25586,10
12.9143400192,80.2293319702,25586,25596,10
12.9149599075,80.2294235229,25596,25606,10
12.9158096313,80.2295379639,25606,25616,10
12.9168996811,80.2296829224,25616,25627,11
12.9182596207,80.2298583984,25627,25637,10
12.9195995331,80.2300415039,25637,25647,10
12.920999527,80.2302093506,25647,25657,10
12.9224500656,80.2304229736,25657,25667,10
12.923910141,80.2306289673,25667,25677,10
12.9253702164,80.2308120728,25677,25687,10
12.926320076,80.2309036255,25687,25697,10
12.9264202118,80.2309112549,25697,25707,10
12.9269104004,80.23097229,25707,25717,10
12.9277200699,80.2310562134,25717,25727,10
12.9287004471,80.2312011719,25727,25738,11
12.9298801422,80.2314682007,25738,25748,10
12.9310398102,80.2317886353,25748,25758,10
12.932220459,80.232170105,25758,25768,10
12.9332704544,80.2325668335,25768,25778,10
12.9337997437,80.2327804565,25778,25788,10
12.9339704514,80.2328796387,25788,25798,10
12.9345397949,80.2331466675,25798,25808,10
12.9353704453,80.2335128784,25808,25818,10
12.9363899231,80.2340011597,25818,25828,10
12.9376001358,80.2345581055,25828,25839,11
12.9389600754,80.2352523804,25839,25849,10
12.9395799637,80.2355575562,25849,25859,10
12.9396800995,80.2356109619,25859,25869,10
12.9400396347,80.2357711792,25869,25879,10
12.9407997131,80.2359924316,25879,25889,10
12.9418497086,80.2362365723,25889,25899,10
12.942990303,80.2366867065,25899,25909,10
12.9439601898,80.2376327515,25909,25918,9
12.9448404312,80.2386169434,25918,25929,11
12.9460897446,80.2395019531,25929,25940,11
12.9469499588,80.2398300171,25940,25950,10
12.9470300674,80.2398605347,25950,25960,10
12.9472198486,80.2399291992,25960,25970,10
12.9477701187,80.2401580811,25970,25980,10
12.9483203888,80.2404098511,25980,25990,10
12.9483699799,80.2404327393,25990,26000,10
12.9484996796,80.2404632568,26000,26010,10
12.9489097595,80.2406387329,26010,26020,10
12.9495601654,80.2408599854,26020,26030,10
12.9504098892,80.2411193848,26030,26040,10
12.9506797791,80.2412109375,26040,26051,11
12.9508800507,80.2412796021,26051,26061,10
12.9513597488,80.2414398193,26061,26071,10
12.9521198273,80.2417068481,26071,26081,10
12.9530000687,80.2420501709,26081,26091,10
12.9539899826,80.2424468994,26091,26101,10
12.9549198151,80.2428131104,26101,26111,10
12.955739975,80.2431106567,26111,26121,10
12.9564504623,80.2433776855,26121,26131,10
12.9570102692,80.2436218262,26131,26141,10
12.9577903748,80.2439727783,26141,26152,11
12.958729744,80.2443618774,26152,26162,10
12.9589700699,80.2444610596,26162,26172,10
12.9591398239,80.2445526123,26172,26182,10
12.9596595764,80.2447891235,26182,26192,10
12.9603900909,80.2451171875,26192,26202,10
12.9612598419,80.2455368042,26202,26212,10
12.9622097015,80.2460021973,26212,26222,10
12.9632396698,80.2464981079,26222,26232,10
12.9642000198,80.2469177246,26232,26242,10
12.965089798,80.2472305298,26242,26252,10
12.9658498764,80.2474975586,26252,26263,11
12.966219902,80.2476501465,26263,26273,10
12.9663600922,80.2477111816,26273,26283,10
12.9665403366,80.2477798462,26283,26293,10
12.9668397903,80.2479171753,26293,26303,10
12.9674396515,80.2482070923,26303,26313,10
12.9682598114,80.2485427856,26313,26323,10
12.9692697525,80.2489395142,26323,26333,10
12.9703903198,80.2493896484,26333,26343,10
12.9716396332,80.2497787476,26343,26353,10
12.9729099274,80.2501220703,26353,26363,10
12.9742097855,80.2504730225,26363,26374,11
12.9756298065,80.2509002686,26374,26384,10
12.976770401,80.2512283325,26384,26394,10
12.9776496887,80.251663208,26394,26404,10
12.9782495499,80.2521362305,26404,26414,10
12.9784402847,80.252281189,26414,26424,10
12.9786596298,80.2524032593,26424,26434,10
12.9792404175,80.2525787354,26434,26444,10
12.9799499512,80.2526397705,26444,26454,10
12.9807901382,80.2526168823,26454,26464,10
12.9817495346,80.2526016235,26464,26475,11
12.9828395844,80.2525787354,26475,26485,10
12.9839801788,80.2523803711,26485,26495,10
12.9852600098,80.2520217896,26495,26505,10
12.986240387,80.251739502,26505,26515,10
12.9868803024,80.2515792847,26515,26525,10
12.9870300293,80.2515411377,26525,26535,10
12.987159729,80.2515029907,26535,26545,10
12.987569809,80.2514038086,26545,26555,10
12.9879198074,80.2515411377,26555,26565,10
12.9880304337,80.2520904541,26565,26575,10
12.9879903793,80.2528076172,26575,26586,11
12.9878902435,80.2538604736,26586,26596,10
12.9877996445,80.2549591064,26596,26606,10
12.9877595901,80.2557373047,26606,26626,20
12.9877595901,80.2557373047,26626,26636,10
12.9880895615,80.2558517456,26636,26646,10
12.9886302948,80.255897522,26646,26656,10
12.9888401031,80.2559127808,26656,26666,10
12.989279747,80.2559509277,26666,26676,10
12.9899301529,80.2560272217,26676,26687,11
12.9906797409,80.2560119629,26687,26697,10
12.9911899567,80.2560424805,26697,26707,10
12.9920101166,80.2560424805,26707,26717,10
12.9929599762,80.2560119629,26717,26727,10
12.9939804077,80.2559509277,26727,26737,10
12.9949197769,80.2558898926,26737,26747,10
12.9955797195,80.2559127808,26747,26757,10
12.9962396622,80.2559204102,26757,26767,10
12.9969596863,80.2558898926,26767,26777,10
12.9974002838,80.2559127808,26777,26788,11
12.9980697632,80.2559432983,26788,26798,10
12.9989404678,80.2560501099,26798,26818,20
12.9989404678,80.2560501099,26818,26828,10
12.9993200302,80.2561416626,26828,26838,10
12.9999303818,80.2562713623,26838,26848,10
13.0006303787,80.2564163208,26848,26858,10
13.0008602142,80.2564620972,26858,26868,10
13.0009698868,80.2564926147,26868,26878,10
13.0013999939,80.2565689087,26878,26888,10
13.0019702911,80.2566604614,26888,26899,11
13.0027303696,80.2567825317,26899,26909,10
13.0034999847,80.2569198608,26909,26918,9
13.0042495728,80.2570724487,26918,26930,12
13.005279541,80.2572784424,26930,26940,10
13.0061702728,80.2574462891,26940,26950,10
13.0065898895,80.2572174072,26950,26960,10
13.0065603256,80.2564315796,26960,26970,10
13.0065498352,80.2554931641,26970,26980,10
13.0065698624,80.2545089722,26980,26990,10
13.0065898895,80.2539520264,26990,27001,11
13.0066003799,80.2531890869,27001,27011,10
13.006770134,80.2525863647,27011,27031,20
13.006770134,80.2525863647,27031,27041,10
13.0066699982,80.2532577515,27041,29302,2261
13.0066699982,80.2532577515,29302,29312,10
13.0066995621,80.2535324097,29312,29322,10
13.0066900253,80.2536773682,29322,29332,10
13.0066795349,80.2537689209,29332,29342,10
13.0066795349,80.2541732788,29342,29352,10
13.006649971,80.2546081543,29352,29362,10
13.0066404343,80.2552566528,29362,29373,11
13.0066299438,80.2563095093,29373,29383,10
13.006649971,80.2574005127,29383,29393,10
13.0061702728,80.257522583,29393,29403,10
13.005399704,80.2573394775,29403,29413,10
13.0047798157,80.2571411133,29413,29423,10
13.0041103363,80.2570266724,29423,29433,10
13.0033597946,80.2568511963,29433,29443,10
13.0029401779,80.2567596436,29443,29453,10
13.0025196075,80.256690979,29453,29463,10
13.0020599365,80.2566223145,29463,29473,10
13.0014600754,80.2565536499,29473,29534,61
13.0014600754,80.2565536499,29534,29544,10
13.0012397766,80.2565307617,29544,29554,10
13.0007095337,80.256439209,29554,29564,10
12.9999599457,80.2562713623,29564,29574,10
12.99903965,80.256111145,29574,29585,11
12.9984998703,80.2560424805,29585,29605,20
12.9984998703,80.2560424805,29605,29615,10
12.9982500076,80.2559432983,29615,29625,10
12.9975204468,80.255897522,29625,29655,30
12.9975204468,80.255897522,29655,29665,10
12.9972000122,80.2559661865,29665,29675,10
12.9968900681,80.2559280396,29675,29685,10
12.9964799881,80.255897522,29685,29696,11
12.995929718,80.2558898926,29696,29706,10
12.9955101013,80.255897522,29706,29716,10
12.9949197769,80.2558670044,29716,29726,10
12.9941797256,80.2559585571,29726,29736,10
12.9931497574,80.2560577393,29736,29746,10
12.9921503067,80.2560806274,29746,29756,10
12.9913702011,80.2560577393,29756,29766,10
12.9907398224,80.2560424805,29766,29776,10
12.9900197983,80.2559814453,29776,29786,10
12.9891700745,80.2559432983,29786,29796,10
12.987830162,80.2557983398,29796,29867,71
12.987830162,80.2557983398,29867,29877,10
12.9876298904,80.2558822632,29877,29887,10
12.9871101379,80.2557678223,29887,29897,10
12.9863300323,80.2556228638,29897,29908,11
12.9860801697,80.2555618286,29908,29918,10
12.9859304428,80.2555084229,29918,29928,10
12.985449791,80.2553405762,29928,29938,10
12.9846496582,80.2551193237,29938,29948,10
12.9836997986,80.2549591064,29948,29958,10
12.9828300476,80.2546768188,29958,29968,10
12.9822998047,80.2544937134,29968,29978,10
12.9819803238,80.2539978027,29978,29988,10
12.9818096161,80.2534103394,29988,29998,10
12.9816999435,80.2529678345,29998,30007,9
12.9812698364,80.2527999878,30007,30019,12
12.9806499481,80.2527999878,30019,30029,10
12.9799003601,80.2527008057,30029,30039,10
12.9787397385,80.2526092529,30039,30059,20
12.9787397385,80.2526092529,30059,30069,10
12.9784803391,80.2524414063,30069,30079,10
12.9779500961,80.2520294189,30079,30089,10
12.9771900177,80.2514572144,30089,30099,10
12.9760799408,80.2510528564,30099,30109,10
12.9748401642,80.2507019043,30109,30118,9
12.9736404419,80.2503814697,30118,30130,12
12.9719800949,80.2499313354,30130,30140,10
12.9705200195,80.2495269775,30140,30150,10
12.9690999985,80.2489929199,30150,30160,10
12.9677000046,80.2484207153,30160,30170,10
12.9667196274,80.2479782104,30170,30180,10
12.9662103653,80.2477416992,30180,30190,10
12.9651002884,80.2473373413,30190,30210,20
12.9651002884,80.2473373413,30210,30220,10
12.9647302628,80.2472000122,30220,30231,11
12.9636297226,80.2468185425,30231,30261,30
12.9636297226,80.2468185425,30261,30271,10
12.963549614,80.2467422485,30271,30281,10
12.9632396698,80.2465515137,30281,30291,10
12.9627103806,80.2463226318,30291,30301,10
12.9620599747,80.2460021973,30301,30311,10
12.9612102509,80.24559021,30311,30321,10
12.9602403641,80.2451400757,30321,30331,10
12.9595499039,80.2448577881,30331,30342,11
12.95952034,80.2448577881,30342,30352,10
12.9591598511,80.244682312,30352,30362,10
12.9584798813,80.2443618774,30362,30372,10
12.9577903748,80.2440872192,30372,30382,10
12.9570703506,80.2438201904,30382,30392,10
12.956489563,80.243637085,30392,30422,30
12.956489563,80.243637085,30422,30432,10
12.9562997818,80.243560791,30432,30442,10
12.9556798935,80.2432632446,30442,30453,11
12.9547796249,80.2428436279,30453,30463,10
12.9537696838,80.2424163818,30463,30473,10
12.9526195526,80.2419509888,30473,30483,10
12.9517803192,80.2416763306,30483,30493,10
12.9517202377,80.2416687012,30493,30503,10
12.9516401291,80.2416305542,30503,30513,10
12.9513301849,80.2415084839,30513,30523,10
12.9507198334,80.2413024902,30523,30533,10
12.9498996735,80.2410430908,30533,30543,10
12.9491701126,80.2408294678,30543,30553,10
12.9485301971,80.2405700684,30553,30564,11
12.9479198456,80.2403030396,30564,30574,10
12.947719574,80.2402191162,30574,30584,10
12.9474496841,80.2401123047,30584,30594,10
12.9470796585,80.2399902344,30594,30604,10
12.9470701218,80.2399902344,30604,30614,10
12.9467601776,80.2398605347,30614,30624,10
12.9461898804,80.2396087646,30624,30634,10
12.9458904266,80.2394866943,30634,30644,10
12.9455900192,80.2393798828,30644,30675,31
12.9455900192,80.2393798828,30675,30685,10
12.9454202652,80.2392807007,30685,30695,10
12.9451704025,80.2390899658,30695,30705,10
12.9450101852,80.2389373779,30705,30715,10
12.9448604584,80.2387619019,30715,30735,20
12.9448604584,80.2387619019,30735,30745,10
12.9446296692,80.23853302,30745,30776,31
12.9446296692,80.23853302,30776,30786,10
12.9444103241,80.2382965088,30786,30796,10
12.9443397522,80.238243103,30796,30806,10
12.9441795349,80.2380828857,30806,30816,10
12.9440202713,80.2378921509,30816,30826,10
12.9439296722,80.2377929688,30826,30836,10
12.9438295364,80.2376480103,30836,30846,10
12.9438199997,80.2376403809,30846,30856,10
12.9436903,80.2375030518,30856,30865,9
12.9434995651,80.2373123169,30865,30887,22
12.9434995651,80.2373123169,30887,30897,10
12.9434299469,80.2371826172,30897,30907,10
12.9433202744,80.2370834351,30907,30917,10
12.9430999756,80.2369003296,30917,30977,60
12.9429702759,80.2367782593,30977,31018,41
12.9429702759,80.2367782593,31018,31028,10
12.9428596497,80.2367095947,31028,31038,10
12.94272995,80.2366485596,31038,31048,10
12.9425497055,80.2365722656,31048,31068,20
12.9425497055,80.2365722656,31068,31078,10
12.9423303604,80.2364730835,31078,31088,10
12.9418897629,80.2363433838,31088,31119,31
12.9418897629,80.2363433838,31119,31129,10
12.9417600632,80.2362976074,31129,31139,10
12.9416904449,80.2362670898,31139,31149,10
12.941450119,80.2362365723,31149,31169,20
12.9412899017,80.2361907959,31169,31250,81
12.9412899017,80.2361907959,31250,31260,10
12.940870285,80.2361373901,31260,31280,20
12.940870285,80.2361373901,31280,31290,10
12.940369606,80.2360229492,31290,31321,31
12.940369606,80.2360229492,31321,31331,10
12.9400997162,80.2359390259,31331,31341,10
12.9399595261,80.2358932495,31341,31351,10
12.9398498535,80.2358398438,31351,31361,10
12.9396696091,80.2357788086,31361,31381,20
12.9396696091,80.2357788086,31381,31391,10
12.9394798279,80.2356414795,31391,31401,10
12.939330101,80.2355880737,31401,31411,10
12.9392204285,80.2355422974,31411,31422,11
12.9391899109,80.2355194092,31422,31432,10
12.9388904572,80.2353591919,31432,31442,10
12.9387102127,80.2352600098,31442,31452,10
12.938659668,80.2352294922,31452,31462,10
12.9385995865,80.2351989746,31462,31472,10
12.9382896423,80.2350692749,31472,31492,20
12.9382896423,80.2350692749,31492,31502,10
12.9381999969,80.2350006104,31502,31512,10
12.937620163,80.2347335815,31512,31613,101
12.937620163,80.2347335815,31613,31623,10
12.9373598099,80.2346496582,31623,31634,11
12.9371995926,80.2345962524,31634,31644,10
12.9369802475,80.2344512939,31644,31825,181
12.9369802475,80.2344512939,31825,31835,10
12.936920166,80.2343521118,31835,31845,10
12.9367399216,80.2342834473,31845,31856,11
12.9364299774,80.234161377,31856,31866,10
12.9361896515,80.2340393066,31866,31876,10
12.9358997345,80.2339096069,31876,31926,50
12.9358997345,80.2339096069,31926,31936,10
12.935500145,80.2337112427,31936,31946,10
12.9348697662,80.2333984375,31946,31957,11
12.9339399338,80.2329864502,31957,31977,20
12.9339399338,80.2329864502,31977,31987,10
12.9337396622,80.2329330444,31987,31997,10
12.933429718,80.2327880859,31997,32017,20
12.933259964,80.2326965332,32017,32068,51
12.933259964,80.2326965332,32068,32078,10
12.9329299927,80.2325668335,32078,32088,10
12.9327697754,80.2324829102,32088,32118,30
12.9327697754,80.2324829102,32118,32128,10
12.932390213,80.2322998047,32128,32138,10
12.9320001602,80.232170105,32138,32148,10
12.9313297272,80.2319412231,32148,32158,10
12.930439949,80.2316970825,32158,32168,10
12.929400444,80.2314376831,32168,32179,11
12.9280796051,80.2312011719,32179,32189,10
12.9269800186,80.2310714722,32189,32199,10
12.926150322,80.2309799194,32199,32208,9
12.9260902405,80.2309799194,32208,32219,11
12.9260196686,80.2309570313,32219,32229,10
12.925620079,80.2309112549,32229,32239,10
12.9250001907,80.2308273315,32239,32249,10
12.9241895676,80.2307434082,32249,32259,10
12.9232702255,80.2306137085,32259,32269,10
12.9221401215,80.2304382324,32269,32278,9
12.9210195541,80.2302780151,32278,32290,12
12.9193897247,80.2300720215,32290,32300,10
12.9180202484,80.2298965454,32300,32310,10
12.9171199799,80.2298278809,32310,32320,10
12.9162902832,80.2296676636,32320,32330,10
12.9153003693,80.2295227051,32330,32340,10
12.9141902924,80.2293624878,32340,32350,10
12.9132604599,80.2292480469,32350,32370,20
12.9132604599,80.2292480469,32370,32380,10
12.9130802155,80.2292098999,32380,32391,11
12.9124803543,80.2291183472,32391,32401,10
12.9116802216,80.229019165,32401,32411,10
12.9107303619,80.2288818359,32411,32421,10
12.9096403122,80.2286987305,32421,32431,10
12.9084300995,80.2285079956,32431,32441,10
12.9070196152,80.2283325195,32441,32481,40
12.9070196152,80.2283325195,32481,32490,9
12.9067201614,80.2282180786,32490,32502,12
12.905960083,80.2281799316,32502,32512,10
12.905090332,80.2281188965,32512,32522,10
12.9040498734,80.2280807495,32522,32532,10
12.9028997421,80.2280273438,32532,32542,10
12.9020700455,80.2279968262,32542,32552,10
12.9015398026,80.2279815674,32552,32562,10
12.9010696411,80.2279510498,32562,32572,10
12.9007797241,80.2279510498,32572,32582,10
12.9004201889,80.2279510498,32582,32592,10
12.9000396729,80.227897644,32592,32601,9
12.8997497559,80.2278823853,32601,32613,12
12.899020195,80.2278594971,32613,32643,30
12.899020195,80.2278594971,32643,32653,10
12.8989400864,80.2278671265,32653,32663,10
12.8986701965,80.2278671265,32663,32673,10
12.8981800079,80.2277984619,32673,32683,10
12.8975000381,80.2277603149,32683,32693,10
12.8966798782,80.2277069092,32693,32703,10
12.8957300186,80.2276687622,32703,32714,11
12.8946304321,80.2276229858,32714,32724,10
12.8938598633,80.2275619507,32724,32734,10
12.8934202194,80.2275085449,32734,32744,10
12.8931303024,80.2274780273,32744,32754,10
12.8929796219,80.2274475098,32754,32764,10
12.8927202225,80.2274093628,32764,32774,10
12.892370224,80.2274017334,32774,32784,10
12.8917102814,80.2273635864,32784,32794,10
12.8908195496,80.2273406982,32794,32804,10
12.8897800446,80.2273406982,32804,32814,10
12.8886098862,80.2273406982,32814,32825,11
12.887339592,80.2272033691,32825,32835,10
12.8862600327,80.2269821167,32835,32845,10
12.8852596283,80.2267379761,32845,32855,10
12.884519577,80.2267227173,32855,32875,20
12.884519577,80.2267227173,32875,32885,10
12.8844003677,80.2267074585,32885,32895,10
12.8838996887,80.2267074585,32895,32905,10
12.8831396103,80.2267074585,32905,32915,10
12.8822402954,80.2267074585,32915,32925,10
12.8811798096,80.2267074585,32925,32936,11
12.8799495697,80.2267303467,32936,32946,10
12.8787698746,80.2267837524,32946,32956,10
12.8775701523,80.2268676758,32956,32966,10
12.8766202927,80.2269821167,32966,32996,30
12.8766202927,80.2269821167,32996,33006,10
12.87637043,80.2269821167,33006,33016,10
12.8758897781,80.2269821167,33016,33026,10
12.8752403259,80.2269287109,33026,33037,11
12.8743896484,80.2268218994,33037,33047,10
12.8735103607,80.2267227173,33047,33057,10
12.8729200363,80.2267303467,33057,33067,10
12.8729095459,80.2267303467,33067,33077,10
12.8727903366,80.2267227173,33077,33087,10
12.8722801208,80.2266769409,33087,33097,10
12.8715295792,80.2266616821,33097,33107,10
12.8706302643,80.2266082764,33107,33117,10
12.8695898056,80.2265090942,33117,33127,10
12.8684196472,80.2264022827,33127,33137,10
12.8671798706,80.2264862061,33137,33148,11
12.86577034,80.2265930176,33148,33158,10
12.8644599915,80.2265777588,33158,33168,10
12.8631296158,80.2265319824,33168,33178,10
12.8618602753,80.2265777588,33178,33188,10
12.8606395721,80.2265701294,33188,33198,10
12.8595104218,80.2264099121,33198,33208,10
12.8587903976,80.2263031006,33208,33218,10
12.858130455,80.226272583,33218,33228,10
12.8572998047,80.2262878418,33228,33238,10
12.8563499451,80.2264022827,33238,33248,10
12.8552398682,80.2265090942,33248,33259,11
12.8538703918,80.2266464233,33259,33269,10
12.8524999619,80.2266998291,33269,33279,10
12.8512201309,80.2266235352,33279,33289,10
12.8501501083,80.226600647,33289,33309,20
12.8501501083,80.226600647,33309,33319,10
12.8500795364,80.2266464233,33319,33329,10
12.8496398926,80.2266235352,33329,33339,10
12.8489198685,80.2266082764,33339,33348,9
12.8480997086,80.2266082764,33348,33359,11
12.8469400406,80.2266082764,33359,33370,11
12.8459596634,80.2266311646,33370,33380,10
12.8454303741,80.2266387939,33380,33420,40
12.8454303741,80.2266387939,33420,33430,10
12.8451900482,80.2266616821,33430,33440,10
12.8446102142,80.2266998291,33440,33450,10
12.8438301086,80.2267532349,33450,33460,10
12.8428897858,80.2268829346,33460,33471,11
12.8416404724,80.2271499634,33471,33481,10
12.8406600952,80.2274398804,33481,33491,10
12.8402395248,80.2275772095,33491,33541,50
12.8399095535,80.2277374268,33541,33570,29
12.8399095535,80.2277374268,33570,33582,12
12.8395395279,80.2277984619,33582,33592,10
12.83893013,80.2279205322,33592,33602,10
12.8380899429,80.2281036377,33602,33612,10
12.8371095657,80.2282867432,33612,33622,10
12.8359603882,80.2284698486,33622,33632,10
12.8347501755,80.2286529541,33632,33642,10
12.8335199356,80.2288818359,33642,33652,10
12.8326797485,80.229057312,33652,33693,41
12.8326797485,80.229057312,33693,33703,10
12.8324804306,80.229057312,33703,33713,10
12.8320398331,80.2291793823,33713,33723,10
12.8319997787,80.2291870117,33723,33733,10
12.8316001892,80.2292709351,33733,33743,10
12.8308696747,80.2295074463,33743,33753,10
12.8299398422,80.2298126221,33753,33763,10
12.8288803101,80.2302703857,33763,33773,10
12.8278598785,80.2308425903,33773,33782,9
12.8270301819,80.2312164307,33782,33794,12
12.825969696,80.2313613892,33794,33804,10
12.8248901367,80.2313766479,33804,33814,10
12.823679924,80.231086731,33814,33824,10
12.8223800659,80.230682373,33824,33834,10
12.8210000992,80.2304382324,33834,33844,10
12.8188800812,80.2304763794,33844,33864,20
12.8188800812,80.2304763794,33864,33874,10
12.8186101913,80.2303695679,33874,33884,10
12.8179702759,80.2300415039,33884,33893,9
12.8171796799,80.2296829224,33893,33905,12
12.8158197403,80.2294006348,33905,33915,10
12.8145399094,80.2292175293,33915,33925,10
12.8132095337,80.2288589478,33925,33935,10
12.8118495941,80.2283706665,33935,33945,10
12.8104801178,80.2278366089,33945,33955,10
12.8092098236,80.2272262573,33955,33965,10
12.8081102371,80.226348877,33965,33975,10
12.8072099686,80.2256011963,33975,33985,10
12.8064699173,80.224937439,33985,33995,10
12.8057203293,80.224281311,33995,34005,10
12.8050603867,80.2240066528,34005,34016,11
12.8049201965,80.223991394,34016,34026,10
12.8047800064,80.2239532471,34026,34036,10
12.8042802811,80.2239074707,34036,34046,10
12.8036003113,80.2238693237,34046,34056,10
12.8027601242,80.223777771,34056,34066,10
12.801779747,80.2236480713,34066,34076,10
12.8009195328,80.2235870361,34076,34106,30
12.8009195328,80.2235870361,34106,34117,11
12.8007602692,80.2236022949,34117,34127,10
12.8002796173,80.2235565186,34127,34137,10
12.799489975,80.223487854,34137,34147,10
12.7984695435,80.2233123779,34147,34157,10
12.7972297668,80.2231674194,34157,34167,10
12.7961502075,80.2229919434,34167,34177,10
12.7957897186,80.2229385376,34177,34187,10
12.7955999374,80.2228927612,34187,34197,10
12.7949695587,80.2227478027,34197,34207,10
12.7940397263,80.222618103,34207,34217,10
12.7929201126,80.2224578857,34217,34228,11
12.7917299271,80.2222137451,34228,34238,10
12.7905702591,80.2219314575,34238,34248,10
12.7894802094,80.2216033936,34248,34258,10
12.7884197235,80.2211914063,34258,34268,10
12.7873802185,80.2207870483,34268,34278,10
12.7860403061,80.2202682495,34278,34308,30
12.7860403061,80.2202682495,34308,34318,10
12.7858400345,80.2201766968,34318,34328,10
12.7853403091,80.2199325562,34328,34339,11
12.784819603,80.2196731567,34339,34803,464
12.784819603,80.2196731567,34803,34813,10
12.784620285,80.2195129395,34813,34823,10
12.7840099335,80.2191772461,34823,34833,10
12.7831802368,80.2187194824,34833,34843,10
12.7821397781,80.2181472778,34843,34853,10
12.7809801102,80.2175216675,34853,34863,10
12.7797403336,80.2168502808,34863,34873,10
12.778429985,80.2161636353,34873,34884,11
12.7768802643,80.2154922485,34884,34894,10
12.7754497528,80.2149124146,34894,34904,10
12.774020195,80.2143325806,34904,34914,10
12.7726097107,80.2137832642,34914,34924,10
12.7713699341,80.2133331299,34924,34934,10
12.7707500458,80.2130584717,34934,34944,10
12.770819664,80.2129135132,34944,34954,10
12.7709302902,80.2126235962,34954,34964,10
12.7709999084,80.212020874,34964,34974,10
12.7712802887,80.2112731934,34974,34985,11
12.7716598511,80.2104873657,34985,34995,10
12.772069931,80.2097396851,34995,35005,10
12.772359848,80.2088928223,35005,35015,10
12.7725601196,80.2081604004,35015,35025,10
12.7727804184,80.2073364258,35025,35035,10
12.7730302811,80.2064437866,35035,35045,10
12.7732801437,80.2054367065,35045,35055,10
12.7734498978,80.2043685913,35055,35065,10
12.773639679,80.2031784058,35065,35075,10
12.7738399506,80.2019424438,35075,35085,10
12.7739496231,80.2006530762,35085,35096,11
12.7740697861,80.1992034912,35096,35106,10
12.7742004395,80.1979827881,35106,35116,10
12.7742300034,80.1969223022,35116,35126,10
12.7742204666,80.1964416504,35126,35136,10
12.7742300034,80.1963729858,35136,35146,10
12.7742700577,80.1958389282,35146,35156,10
12.7743597031,80.1950531006,35156,35166,10
12.7745504379,80.1941299438,35166,35176,10
12.7746496201,80.1937179565,35176,35186,10
12.7747402191,80.1934814453,35186,35196,10
12.7749900818,80.1929168701,35196,35207,11
12.775349617,80.1921463013,35207,35217,10
12.7752399445,80.1914596558,35217,35227,10
12.7748804092,80.1906280518,35227,35237,10
12.7741203308,80.1898117065,35237,35247,10
12.7730197906,80.1893234253,35247,35257,10
12.7718095779,80.1888427734,35257,35267,10
12.7710895538,80.1882400513,35267,35277,10
12.7709598541,80.187286377,35277,35287,10
12.7708797455,80.1866989136,35287,35297,10
12.7707796097,80.1857528687,35297,35308,11
12.7707796097,80.1857528687,35308,35318,10
12.7707300186,80.1849136353,35318,35326,8
12.7704696655,80.1846084595,35326,35345,19
12.7699604034,80.1844787598,35345,35355,10
12.7694101334,80.1842727661,35355,35365,10
12.7690095901,80.1840591431,35365,35375,10
12.7687196732,80.1837921143,35375,35395,20
12.7679901123,80.18334198,35395,35405,10
12.7674598694,80.1831512451,35405,35415,10
12.7669897079,80.1829681396,35415,35426,11
12.7664604187,80.1827316284,35426,35436,10
12.7658901215,80.1826324463,35436,35445,9
12.7654800415,80.1825790405,35445,35456,11
12.7647399902,80.1824798584,35456,35466,10
12.7640800476,80.1823883057,35466,35476,10
12.7638101578,80.1823501587,35476,35486,10
12.7635402679,80.1824874878,35486,35496,10
12.7633600235,80.1830215454,35496,35506,10
12.7631998062,80.1835479736,35506,35516,10
12.7630596161,80.1839599609,35516,35527,11
12.7630901337,80.1843414307,35527,35537,10
12.7630395889,80.1847076416,35537,35547,10
12.762840271,80.1849899292,35547,35557,10
12.7624902725,80.184928894,35557,35567,10
12.762049675,80.1849212646,35567,35577,10
12.761590004,80.1848678589,35577,35587,10
12.7615499496,80.1846694946,35587,35738,151
12.7615499496,80.1846694946,35738,35749,11
12.7618398666,80.1848831177,35749,35779,30
12.7618398666,80.1848831177,35779,35789,10
12.7620897293,80.1849212646,35789,35799,10
12.7624597549,80.1849136353,35799,35809,10
12.7628698349,80.184967041,35809,35819,10
12.7630300522,80.1846466064,35819,35829,10
12.7630596161,80.1844863892,35829,35839,10
12.7630195618,80.1841888428,35839,35850,11
12.7630701065,80.1838378906,35850,35860,10
12.7631597519,80.1835327148,35860,35870,10
12.7631797791,80.1834793091,35870,35880,10
12.7632398605,80.183380127,35880,35890,10
12.7633304596,80.1830368042,35890,35900,10
12.763469696,80.182510376,35900,35910,10
12.7638502121,80.1823883057,35910,35920,10
12.7643995285,80.1824493408,35920,35930,10
12.7649898529,80.1825408936,35930,35940,10
12.7656602859,80.1826095581,35940,35950,10
12.7662096024,80.1826782227,35950,35961,11
12.7668399811,80.1828765869,35961,35971,10
12.7673597336,80.1831207275,35971,35981,10
12.7679395676,80.1833190918,35981,35991,10
12.7684803009,80.1835708618,35991,36001,10
12.7687797546,80.1838607788,36001,36011,10
12.7691698074,80.1841506958,36011,36021,10
12.7692699432,80.184211731,36021,36031,10
12.7695999146,80.1843566895,36031,36041,10
12.7701396942,80.1845397949,36041,36051,10
12.7706699371,80.1847000122,36051,36061,10
12.7707796097,80.1852035522,36061,36072,11
12.7708101273,80.1861190796,36072,36082,10
12.7709302902,80.1868362427,36082,36092,10
12.7709503174,80.1869506836,36092,36102,10
12.7709999084,80.1874084473,36102,36112,10
12.7711296082,80.1882171631,36112,36122,10
12.7717199326,80.1888275146,36122,36132,10
12.7727804184,80.1892166138,36132,36142,10
12.7739496231,80.189666748,36142,36152,10
12.7748098373,80.1905288696,36152,36162,10
12.7753200531,80.1916275024,36162,36173,11
12.7753896713,80.1925582886,36173,36183,10
12.7748603821,80.1932830811,36183,36193,10
12.7747001648,80.1938095093,36193,36203,10
12.7746696472,80.1938705444,36203,36213,10
12.7745504379,80.1943893433,36213,36223,10
12.7743501663,80.1952514648,36223,36233,10
12.7742595673,80.1963500977,36233,36243,10
12.774189949,80.1975402832,36243,36253,10
12.7741603851,80.198600769,36253,36263,10
12.7740497589,80.1997680664,36263,36273,10
12.7739295959,80.2010269165,36273,36284,11
12.7738800049,80.2015228271,36284,36294,10
12.7738599777,80.2017822266,36294,36304,10
12.7738103867,80.2024688721,36304,36314,10
12.7736196518,80.2033615112,36314,36324,10
12.7734804153,80.2044525146,36324,36334,10
12.7733097076,80.205581665,36334,36344,10
12.773059845,80.2065200806,36344,36354,10
12.7729997635,80.2066116333,36354,36364,10
12.7728700638,80.2070922852,36364,36374,10
12.772649765,80.2077865601,36374,36385,11
12.7723903656,80.2088165283,36385,36395,10
12.7720003128,80.2099304199,36395,36405,10
12.7715301514,80.2108383179,36405,36415,10
12.7711496353,80.2116775513,36415,36425,10
12.7709598541,80.2126083374,36425,36435,10
12.7709102631,80.2130966187,36435,36445,10
12.7710199356,80.2131271362,36445,36455,10
12.7712602615,80.2132263184,36455,36465,10
12.7718601227,80.2134628296,36465,36475,10
12.7726802826,80.213760376,36475,36484,9
12.7735996246,80.2141265869,36484,36496,12
12.7750396729,80.2146987915,36496,36506,10
12.7763595581,80.2152328491,36506,36516,10
12.7777299881,80.2157897949,36516,36526,10
12.7790699005,80.2164382935,36526,36536,10
12.7804098129,80.2171478271,36536,36546,10
12.7817697525,80.217880249,36546,36556,10
12.7829303741,80.2185211182,36556,36566,10
12.7839803696,80.2191085815,36566,36576,10
12.7850103378,80.2197113037,36576,36586,10
12.7860603333,80.2202377319,36586,36647,61
12.7860603333,80.2202377319,36647,36657,10
12.786450386,80.2204284668,36657,36677,20
12.786450386,80.2204284668,36677,36687,10
12.7865695953,80.2204971313,36687,36697,10
12.7866001129,80.2205200195,36697,36707,10
12.7869596481,80.2206268311,36707,36718,11
12.7875404358,80.2208099365,36718,36728,10
12.7881202698,80.2210235596,36728,36738,10
12.7888002396,80.221282959,36738,36748,10
12.7895002365,80.2215499878,36748,36758,10
12.790019989,80.2217407227,36758,36768,10
12.7906303406,80.2218780518,36768,36778,10
12.7913799286,80.2220611572,36778,36788,10
12.7922201157,80.2222671509,36788,36798,10
12.7931900024,80.2224273682,36798,36808,10
12.7941598892,80.2225799561,36808,36818,10
12.7951602936,80.2227096558,36818,36829,11
12.7961997986,80.22290802,36829,36839,10
12.7964696884,80.2229614258,36839,36849,10
12.7966003418,80.2229766846,36849,36859,10
12.7970504761,80.2230682373,36859,36869,10
12.7976999283,80.2231674194,36869,36879,10
12.798500061,80.2232513428,36879,36889,10
12.7993803024,80.2233505249,36889,36899,10
12.8003702164,80.2234268188,36899,36909,10
12.8013296127,80.2235183716,36909,36919,10
12.8015298843,80.2235488892,36919,36930,11
12.8017702103,80.2236099243,36930,36940,10
12.8023900986,80.2236709595,36940,36950,10
12.8031902313,80.223777771,36950,36960,10
12.8041000366,80.2238388062,36960,36970,10
12.8050498962,80.2239379883,36970,36980,10
12.8055896759,80.2240829468,36980,36990,10
12.8056497574,80.2241287231,36990,37000,10
12.8059501648,80.2243728638,37000,37010,10
12.8065595627,80.224937439,37010,37020,10
12.8073501587,80.2256393433,37020,37029,9
12.8081998825,80.2263412476,37029,37041,12
12.8094396591,80.2273178101,37041,37051,10
12.8107299805,80.227897644,37051,37061,10
12.8121004105,80.2284164429,37061,37071,10
12.8135099411,80.2289123535,37071,37081,10
12.8149700165,80.2292480469,37081,37091,10
12.8164701462,80.2294616699,37091,37101,10
12.8178796768,80.2299423218,37101,37111,10
12.8191699982,80.230430603,37111,37121,10
12.8199195862,80.2304077148,37121,37131,10
12.8199701309,80.2304000854,37131,37141,10
12.820400238,80.2304000854,37141,37152,11
12.8213195801,80.2304000854,37152,37162,10
12.8224000931,80.2306213379,37162,37172,10
12.8236303329,80.2309875488,37172,37182,10
12.8249397278,80.231300354,37182,37192,10
12.8263597488,80.2312774658,37192,37202,10
12.8277397156,80.2308731079,37202,37212,10
12.8289804459,80.2301864624,37212,37222,10
12.8301801682,80.2296829224,37222,37232,10
12.830909729,80.2294006348,37232,37263,31
12.830909729,80.2294006348,37263,37273,10
12.8312301636,80.2294082642,37273,37283,10
12.8318595886,80.2291793823,37283,37293,10
12.8327598572,80.2289733887,37293,37303,10
12.833820343,80.2287597656,37303,37313,10
12.8349504471,80.2285385132,37313,37323,10
12.8360500336,80.2283630371,37323,37333,10
12.8372497559,80.2281799316,37333,37343,10
12.838350296,80.2279663086,37343,37353,10
12.8390903473,80.2277297974,37353,37364,11
12.8395395279,80.2275695801,37364,37374,10
12.8395500183,80.2275695801,37374,37384,10
12.8398895264,80.2274703979,37384,37394,10
12.8404798508,80.2273635864,37394,37404,10
12.8413600922,80.227142334,37404,37414,10
12.8424596786,80.2269134521,37414,37424,10
12.8436403275,80.2267227173,37424,37434,10
12.8449296951,80.2265777588,37434,37444,10
12.845410347,80.2265090942,37444,37454,10
12.8454399109,80.2265090942,37454,37463,9
12.8456401825,80.2265014648,37463,37475,12
12.8463802338,80.2264785767,37475,37485,10
12.8473901749,80.2264709473,37485,37495,10
12.8482398987,80.2264862061,37495,37505,10
12.8492298126,80.2264480591,37505,37515,10
12.8499498367,80.2264404297,37515,37525,10
12.8500299454,80.2264328003,37525,37535,10
12.8502902985,80.2264404297,37535,37545,10
12.8508796692,80.2264862061,37545,37555,10
12.8518400192,80.2265625,37555,37565,10
12.8529195786,80.2266082764,37565,37575,10
12.8536500931,80.2265472412,37575,37586,11
12.8547296524,80.2264404297,37586,37596,10
12.8559503555,80.22631073,37596,37606,10
12.8572998047,80.2261581421,37606,37616,10
12.8587503433,80.2261810303,37616,37626,10
12.860159874,80.2263870239,37626,37636,10
12.8608503342,80.2264480591,37636,37646,10
12.8608598709,80.2264480591,37646,37656,10
12.8614196777,80.2264709473,37656,37666,10
12.862279892,80.2264404297,37666,37675,9
12.8632297516,80.2264175415,37675,37687,12
12.8647603989,80.2264785767,37687,37697,10
12.8661899567,80.2264709473,37697,37707,10
12.8674602509,80.2263565063,37707,37717,10
12.8686704636,80.22631073,37717,37727,10
12.870010376,80.2264480591,37727,37737,10
12.871430397,80.2265625,37737,37747,10
12.8725700378,80.2265701294,37747,37757,10
12.8727998734,80.2265777588,37757,37767,10
12.8731899261,80.226600647,37767,37777,10
12.8739004135,80.2266464233,37777,37787,10
12.874830246,80.2267608643,37787,37798,11
12.8760004044,80.2268600464,37798,37808,10
12.8766403198,80.2268371582,37808,37818,10
12.8767004013,80.2268295288,37818,37828,10
12.8770503998,80.2268218994,37828,37838,10
12.877820015,80.2267379761,37838,37848,10
12.878780365,80.2266693115,37848,37858,10
12.8798799515,80.2266387939,37858,37868,10
12.8810300827,80.2266235352,37868,37878,10
12.8821897507,80.2266387939,37878,37888,10
12.8833904266,80.2266464233,37888,37898,10
12.8845596313,80.226600647,37898,37909,11
12.8850097656,80.226600647,37909,37919,10
12.8850698471,80.2266082764,37919,37929,10
12.8852500916,80.2266464233,37929,37939,10
12.8858098984,80.2267684937,37939,37949,10
12.8866701126,80.2269897461,37949,37959,10
12.8877296448,80.2271881104,37959,37969,10
12.8889198303,80.2272720337,37969,37979,10
12.890130043,80.2272567749,37979,37989,10
12.8915596008,80.2272262573,37989,38070,81
12.8915596008,80.2272262573,38070,38080,10
12.8921203613,80.2272491455,38080,38090,10
12.8927602768,80.2273178101,38090,38100,10
12.8936004639,80.227432251,38100,38110,10
12.8945302963,80.2275085449,38110,38121,11
12.8955402374,80.2275466919,38121,38131,10
12.8965101242,80.2275924683,38131,38141,10
12.8973999023,80.2276306152,38141,38151,10
12.8982200623,80.2276763916,38151,38161,10
12.8990097046,80.227722168,38161,38171,10
12.8995704651,80.2277526855,38171,38181,10
12.9000396729,80.2277908325,38181,38232,51
12.9004096985,80.2277603149,38232,38282,50
12.9004096985,80.2277603149,38282,38292,10
12.9005098343,80.2277984619,38292,38302,10
12.9007797241,80.2278137207,38302,38312,10
12.90102005,80.2278366089,38312,38322,10
12.9011297226,80.2278594971,38322,38333,11
12.9014396667,80.2278900146,38333,38343,10
12.9021196365,80.2279129028,38343,38353,10
12.9028701782,80.2279129028,38353,38363,10
12.9029598236,80.2279129028,38363,38373,10
12.9031400681,80.2279205322,38373,38383,10
12.9036598206,80.2279815674,38383,38393,10
12.9044799805,80.2280273438,38393,38403,10
12.9049701691,80.2280273438,38403,38413,10
12.9049797058,80.2280273438,38413,38423,10
12.9051904678,80.2280426025,38423,38432,9
12.9054403305,80.2280578613,38432,38444,12
12.9055595398,80.2281036377,38444,38454,10
12.9060201645,80.2281036377,38454,38534,80
12.9060201645,80.2281036377,38534,38544,10
12.9064302444,80.2280502319,38544,38555,11
12.9069595337,80.2281570435,38555,38565,10
12.9078102112,80.2282867432,38565,38575,10
12.9088401794,80.2284698486,38575,38585,10
12.9100904465,80.2286911011,38585,38595,10
12.9113502502,80.2288665771,38595,38605,10
12.9125995636,80.2290420532,38605,38615,10
12.9135599136,80.2291793823,38615,38625,10
12.9138298035,80.2292098999,38625,38635,10
12.9139604568,80.2292633057,38635,38645,10
12.914560318,80.2293319702,38645,38655,10
12.9153604507,80.2294311523,38655,38666,11
12.9165401459,80.2295837402,38666,38676,10
12.9178199768,80.2297668457,38676,38686,10
12.9191598892,80.2299880981,38686,38696,10
12.9205198288,80.2301635742,38696,38706,10
12.9219198227,80.2303314209,38706,38716,10
12.9232997894,80.2305526733,38716,38726,10
12.9246501923,80.23072052,38726,38736,10
12.9258298874,80.2308578491,38736,38746,10
12.9263000488,80.2309112549,38746,38756,10
12.9264802933,80.2309417725,38756,38766,10
12.9270801544,80.2310180664,38766,38777,11
12.9280195236,80.2311630249,38777,38787,10
12.9286899567,80.2312469482,38787,38797,10
12.9290704727,80.2313079834,38797,38807,10
12.9296998978,80.2314300537,38807,38817,10
12.9306097031,80.2316589355,38817,38827,10
12.9316596985,80.2319564819,38827,38837,10
12.9327201843,80.2323226929,38837,38847,10
12.9335098267,80.2326202393,38847,38857,10
12.9335603714,80.2326583862,38857,38867,10
12.9337701797,80.2327880859,38867,38878,11
12.9343996048,80.2330932617,38878,38888,10
12.9352397919,80.2334976196,38888,38898,10
12.9358997345,80.2338485718,38898,38908,10
12.9365701675,80.2340927124,38908,38918,10
12.9374399185,80.2344970703,38918,38928,10
12.9385404587,80.2350387573,38928,38938,10
12.9395198822,80.2355270386,38938,38948,10
12.9397497177,80.2356567383,38948,38958,10
12.9398498535,80.235748291,38958,38968,10
12.9403400421,80.2359008789,38968,38978,10
12.9412097931,80.2360992432,38978,38989,11
12.9423599243,80.2363891602,38989,38999,10
12.9434099197,80.2370605469,38999,39009,10
12.944319725,80.2380828857,39009,39019,10
12.9453496933,80.2391204834,39019,39029,10
12.9466600418,80.2397003174,39029,39039,10
12.9473199844,80.2399597168,39039,39049,10
12.9473304749,80.2399673462,39049,39059,10
12.9476299286,80.2400970459,39059,39069,10
12.9482698441,80.2403488159,39069,39079,10
12.9487600327,80.2405319214,39079,39110,31
12.9487600327,80.2405319214,39110,39120,10
12.9489002228,80.2406463623,39120,39130,10
12.9493703842,80.2408218384,39130,39140,10
12.9501399994,80.2410430908,39140,39150,10
12.9509296417,80.2412719727,39150,39160,10
12.9511003494,80.2413406372,39160,39170,10
12.9513502121,80.2414627075,39170,39180,10
12.9519195557,80.2416610718,39180,39190,10
12.9527797699,80.2419281006,39190,39201,11
12.9538698196,80.2423629761,39201,39211,10
12.954580307,80.2426605225,39211,39221,10
12.955329895,80.2429428101,39221,39231,10
12.9561100006,80.2431716919,39231,39241,10
12.9562997818,80.2432403564,39241,39251,10
12.9564599991,80.2432632446,39251,39261,10
12.956990242,80.2435302734,39261,39271,10
12.9577703476,80.2438964844,39271,39281,10
12.9586000443,80.2442626953,39281,39291,10
12.9588603973,80.2444000244,39291,39301,10
12.9589300156,80.2444915771,39301,39312,11
12.9593000412,80.244682312,39312,39322,10
12.959810257,80.2448883057,39322,39332,10
12.9605998993,80.2452316284,39332,39342,10
12.9616003036,80.2457122803,39342,39352,10
12.962679863,80.2462615967,39352,39362,10
12.9634199142,80.2465667725,39362,39423,61
12.9634199142,80.2465667725,39423,39433,10
12.9638299942,80.2468338013,39433,39443,10
12.9645500183,80.2470626831,39443,39453,10
12.965470314,80.2473373413,39453,39463,10
12.9664402008,80.247718811,39463,39473,10
12.9666595459,80.2478408813,39473,39483,10
12.9667596817,80.2479019165,39483,39493,10
12.9671802521,80.2481079102,39493,39503,10
12.9679203033,80.2484283447,39503,39513,10
12.9688997269,80.2487792969,39513,39524,11
12.9700698853,80.2492599487,39524,39534,10
12.9712696075,80.249671936,39534,39544,10
12.9725503922,80.2499923706,39544,39554,10
12.9738302231,80.2503509521,39554,39564,10
12.9751396179,80.2507095337,39564,39574,10
12.9764699936,80.2511291504,39574,39584,10
12.9777002335,80.2516708374,39584,39594,10
12.9784603119,80.2522735596,39594,39604,10
12.9785299301,80.2523117065,39604,39614,10
12.9788599014,80.2524871826,39614,39624,10
12.9796800613,80.2526016235,39624,39665,41
12.9796800613,80.2526016235,39665,39675,10
12.9798202515,80.2526321411,39675,39685,10
12.9802103043,80.2526473999,39685,39695,10
12.9809703827,80.2526016235,39695,39705,10
12.9820604324,80.2525634766,39705,39715,10
12.9832000732,80.2524337769,39715,39725,10
12.9840803146,80.252243042,39725,39735,10
12.9847602844,80.2520675659,39735,39746,11
12.9854898453,80.2518768311,39746,39756,10
12.98595047,80.2517471313,39756,39766,10
12.9867601395,80.2515716553,39766,39847,81
12.9867601395,80.2515716553,39847,39857,10
12.9868602753,80.2515716553,39857,39867,10
12.9872398376,80.2514724731,39867,39877,10
12.9877195358,80.251373291,39877,39887,10
12.987950325,80.2517166138,39887,39897,10
12.9879999161,80.2524871826,39897,39907,10
12.9879198074,80.2535095215,39907,39917,10
12.9878196716,80.2544403076,39917,39927,10
12.9877996445,80.2552185059,39927,39958,31
12.9877996445,80.2552185059,39958,39968,10
12.9878101349,80.2556762695,39968,39978,10
12.9881296158,80.2557525635,39978,39988,10
12.9884901047,80.2558364868,39988,39998,10
12.9885101318,80.2558517456,39998,40008,10
12.9888696671,80.2559127808,40008,40018,10
12.9894695282,80.2558898926,40018,40028,10
12.9901800156,80.255859375,40028,40038,10
12.990819931,80.2558822632,40038,40048,10
12.9913396835,80.2559280396,40048,40057,9
12.9919500351,80.2558670044,40057,40069,12
12.9935398102,80.255897522,40069,40079,10
12.9941101074,80.2558135986,40079,40089,10
12.9952201843,80.2557525635,40089,40099,10
12.9957399368,80.2557983398,40099,40109,10
12.9957399368,80.2558135986,40109,40119,10
12.995880127,80.255859375,40119,40129,10
12.9962797165,80.2557830811,40129,40139,10
12.9966402054,80.2557525635,40139,40149,10
12.9969596863,80.2557830811,40149,40158,9
12.9975204468,80.2558135986,40158,40230,72
12.9975204468,80.2558135986,40230,40240,10
12.9977502823,80.2562866211,40240,40250,10
12.997879982,80.2566680908,40250,40301,51
12.997879982,80.2567520142,40301,40543,242
12.9977998734,80.2570571899,40543,40664,121
12.9977998734,80.2570571899,40664,40674,10
12.9975795746,80.2571334839,40674,40755,81
12.9974403381,80.2570037842,40755,40947,192
12.9974498749,80.2568588257,40947,41108,161
12.9974498749,80.2568588257,41108,41118,10
12.9972000122,80.2569122314,41118,41189,71
12.9972000122,80.2569122314,41189,41199,10
12.9968795776,80.2569580078,41199,41492,293
12.9968795776,80.2569580078,41492,41502,10
12.9973897934,80.2567901611,41502,41512,10
12.997590065,80.2561264038,41512,41532,20
12.997590065,80.2561264038,41532,41542,10
12.9977998734,80.2559204102,41542,41552,10
12.9982099533,80.2559280396,41552,41562,10
12.9990301132,80.2560806274,41562,41593,31
12.9990301132,80.2560806274,41593,41603,10
12.9990797043,80.256149292,41603,41613,10
12.9995002747,80.256187439,41613,41623,10
13.0002403259,80.2563171387,41623,41633,10
13.0008201599,80.2564163208,41633,41643,10
13.0011100769,80.2564163208,41643,41653,10
13.0016002655,80.2565078735,41653,41663,10
13.0019903183,80.2565689087,41663,41673,10
13.0025901794,80.2566680908,41673,41683,10
13.0031995773,80.2567901611,41683,41694,11
13.0039100647,80.2568969727,41694,41704,10
13.0046195984,80.257019043,41704,41714,10
13.0053701401,80.2571334839,41714,41724,10
13.005979538,80.2572631836,41724,41734,10
13.0064296722,80.2573928833,41734,41744,10
13.0064897537,80.2568664551,41744,41754,10
13.0065002441,80.2559967041,41754,41764,10
13.0065402985,80.2550582886,41764,41774,10
13.0065202713,80.2542495728,41774,41784,10
13.006529808,80.2538070679,41784,41794,10
13.0065202713,80.2532577515,41794,41805,11
13.0065202713,80.2530822754,41805,41815,10
13.0067300797,80.2526931763,41815,41835,20
13.0067300797,80.2526931763,41835,41845,10
13.0066900253,80.2528991699,41845,41855,10
13.0066995621,80.25340271,41855,41976,121
13.0066995621,80.25340271,41976,41986,10
13.0065898895,80.2536621094,41986,41996,10
13.0066404343,80.2539672852,41996,42006,10
13.0066404343,80.2544937134,42006,42016,10
13.0066404343,80.2551116943,42016,42027,11
13.0066099167,80.2560501099,42027,42037,10
13.0065803528,80.2568588257,42037,42067,30
13.0065803528,80.2568588257,42067,42077,10
13.0066099167,80.2570800781,42077,42087,10
13.0066099167,80.2574386597,42087,42097,10
13.0063199997,80.2575073242,42097,42107,10
13.0058202744,80.2573928833,42107,42117,10
13.0052900314,80.2572784424,42117,42128,11
13.004529953,80.2571411133,42128,42138,10
13.0038099289,80.2570114136,42138,42148,10
13.0032596588,80.2568893433,42148,42158,10
13.0027599335,80.2567901611,42158,42168,10
13.0023298264,80.256690979,42168,42227,59
13.0023298264,80.256690979,42227,42239,12
13.0019102097,80.2566299438,42239,42249,10
13.0014095306,80.2565917969,42249,42259,10
13.0005903244,80.2564697266,42259,42269,10
13.0001096725,80.2563400269,42269,42279,10
12.999540329,80.2562637329,42279,42289,10
12.9990301132,80.256149292,42289,42299,10
12.9985704422,80.2561035156,42299,42329,30
12.9985704422,80.2561035156,42329,42339,10
12.9981403351,80.2559280396,42339,42350,11
12.9975795746,80.2559204102,42350,42360,10
12.9968595505,80.2559509277,42360,42370,10
12.996339798,80.2559509277,42370,42380,10
12.9959201813,80.255897522,42380,42390,10
12.9953603745,80.2559204102,42390,42400,10
12.9948501587,80.2558670044,42400,42410,10
12.9941797256,80.2559661865,42410,42420,10
12.9934997559,80.2560806274,42420,42430,10
12.9924697876,80.2561416626,42430,42440,10
12.9916496277,80.2561187744,42440,42450,10
12.9911499023,80.2561035156,42450,42461,11
12.9907197952,80.2560577393,42461,42471,10
12.9901399612,80.2560272217,42471,42481,10
12.9894304276,80.2560195923,42481,42491,10
12.9885702133,80.2559432983,42491,42501,10
12.9884004593,80.2558822632,42501,42511,10
12.9879198074,80.2557983398,42511,42521,10
12.9873600006,80.2557296753,42521,42531,10
12.9866600037,80.2556381226,42531,42541,10
12.9862604141,80.255569458,42541,42550,9
12.9862203598,80.2555465698,42550,42562,12
12.9859304428,80.2554702759,42562,42572,10
12.9853801727,80.2553405762,42572,42582,10
12.9848604202,80.2552108765,42582,42592,10
12.9845600128,80.2550964355,42592,42602,10
12.9841804504,80.2550125122,42602,42612,10
12.9835395813,80.2548522949,42612,42622,10
12.9832000732,80.2547836304,42622,42632,10
12.9829101563,80.254699707,42632,42642,10
12.9824199677,80.2544937134,42642,42652,10
12.9820203781,80.2538604736,42652,42662,10
12.9818201065,80.253112793,42662,42673,11
12.9811296463,80.252822876,42673,42683,10
12.9804801941,80.2528533936,42683,42693,10
12.9800796509,80.2528305054,42693,42703,10
12.9793596268,80.2527236938,42703,42713,10
12.9787101746,80.2526168823,42713,42733,20
12.9787101746,80.2526168823,42733,42743,10
12.9783000946,80.2523574829,42743,42753,10
12.9777297974,80.2518692017,42753,42763,10
12.9768600464,80.2513275146,42763,42773,10
12.9756803513,80.2509613037,42773,42784,11
12.9742498398,80.2505569458,42784,42794,10
12.9728899002,80.2502212524,42794,42804,10
12.9714803696,80.2498474121,42804,42814,10
12.9700899124,80.2494277954,42814,42824,10
12.9688301086,80.2489624023,42824,42834,10
12.9674797058,80.2484817505,42834,42844,10
12.9664201736,80.2479171753,42844,42854,10
12.9654598236,80.2475280762,42854,42864,10
12.9652700424,80.2474136353,42864,42874,10
12.9651002884,80.2472686768,42874,42884,10
12.9645795822,80.2471389771,42884,42895,11
12.9640302658,80.2469329834,42895,42905,10
12.9635095596,80.2467422485,42905,42915,10
12.9627895355,80.246383667,42915,42925,10
12.9618196487,80.2459335327,42925,42935,10
12.9606895447,80.2453765869,42935,42945,10
12.9596996307,80.244972229,42945,42955,10
12.9596004486,80.2449417114,42955,42965,10
12.9595403671,80.2449188232,42965,42975,10
12.9591197968,80.244720459,42975,42985,10
12.9584197998,80.2444000244,42985,42995,10
12.9577198029,80.2441101074,42995,43006,11
12.9568395615,80.2437820435,43006,43036,30
12.9568395615,80.2437820435,43036,43046,10
12.956580162,80.2436904907,43046,43076,30
12.956580162,80.2436904907,43076,43086,10
12.9560899734,80.2434997559,43086,43096,10
12.9554195404,80.2431793213,43096,43107,11
12.954460144,80.2427597046,43107,43117,10
12.9535102844,80.2423400879,43117,43127,10
12.952460289,80.2419433594,43127,43137,10
12.9518604279,80.2417297363,43137,43147,10
12.9518203735,80.2416915894,43147,43157,10
12.9514198303,80.2415618896,43157,43167,10
12.9506902695,80.2413635254,43167,43177,10
12.9498701096,80.2410812378,43177,43187,10
12.949669838,80.2409820557,43187,43197,10
12.9494600296,80.2408828735,43197,43206,9
12.9489898682,80.2407608032,43206,43218,12
12.9480895996,80.2404098511,43218,43228,10
12.9472703934,80.2400894165,43228,43238,10
12.9471597672,80.2400512695,43238,43248,10
12.9469404221,80.2399597168,43248,43258,10
12.9463596344,80.239730835,43258,43268,10
12.945599556,80.239402771,43268,43278,10
12.9448204041,80.2387695313,43278,43288,10
12.943980217,80.2378616333,43288,43298,10
12.9430398941,80.2369232178,43298,43308,10
12.9417600632,80.2363586426,43308,43318,10
12.9403896332,80.236000061,43318,43329,11
12.9398298264,80.235786438,43329,43339,10
12.9396600723,80.2356872559,43339,43349,10
12.9390602112,80.2353897095,43349,43359,10
12.9382400513,80.234992981,43359,43369,10
12.9372301102,80.2345199585,43369,43379,10
12.9362201691,80.234046936,43379,43389,10
12.935259819,80.2336196899,43389,43399,10
12.9343204498,80.2332229614,43399,43409,10
12.9341497421,80.2331314087,43409,43419,10
12.9341001511,80.2330703735,43419,43430,11
12.9339199066,80.2329864502,43430,43440,10
12.9334001541,80.2327575684,43440,43450,10
12.9326095581,80.2324523926,43450,43460,10
12.9316101074,80.2321090698,43460,43470,10
12.9304304123,80.2316894531,43470,43480,10
12.9291000366,80.2313766479,43480,43490,10
12.9265003204,80.2310333252,43490,43500,10
12.9265003204,80.2310333252,43500,43510,10
12.9260597229,80.2310180664,43510,43520,10
12.925860405,80.2310028076,43520,43530,10
12.925330162,80.2309265137,43530,43541,11
12.9244804382,80.2308197021,43541,43551,10
12.9234895706,80.2306900024,43551,43561,10
12.9222898483,80.2304992676,43561,43571,10
12.9209499359,80.2303085327,43571,43581,10
12.9195098877,80.2301177979,43581,43591,10
12.9180202484,80.2299194336,43591,43601,10
12.9165201187,80.2297286987,43601,43611,10
12.9150400162,80.2295227051,43611,43621,10
12.9136896133,80.229347229,43621,43631,10
12.9132995605,80.2292861938,43631,43641,10
12.9132099152,80.2292480469,43641,43652,11
12.9126195908,80.2291564941,43652,43662,10
12.9117603302,80.2289962769,43662,43672,10
12.9106798172,80.2288589478,43672,43682,10
12.9094495773,80.2286682129,43682,43692,10
12.9082803726,80.2284927368,43692,43702,10
12.9079198837,80.2284393311,43702,43712,10
12.9071598053,80.2283401489,43712,43763,51
12.9071598053,80.2283401489,43763,43773,10
12.9069099426,80.2282333374,43773,43783,10
12.9063100815,80.2282028198,43783,43793,10
12.9054603577,80.2281723022,43793,43803,10
12.9043703079,80.2281112671,43803,43813,10
12.9030895233,80.2280731201,43813,43823,10
12.9019603729,80.2280731201,43823,43874,51
12.9019603729,80.2280731201,43874,43884,10
12.9017601013,80.2280807495,43884,43894,10
12.9013996124,80.2280197144,43894,43904,10
12.9010896683,80.2279968262,43904,43914,10
12.9007701874,80.228012085,43914,43924,10
12.9004602432,80.2279968262,43924,43934,10
12.9000101089,80.2279815674,43934,43944,10
12.8996095657,80.2279434204,43944,43954,10
12.8991003036,80.2279281616,43954,43964,10
12.8990297318,80.2279281616,43964,43974,10
12.8987903595,80.2279205322,43974,43985,11
12.8981304169,80.2278594971,43985,43995,10
12.8972702026,80.2277984619,43995,44005,10
12.8961696625,80.2277526855,44005,44015,10
12.8950796127,80.2277069092,44015,44025,10
12.893910408,80.2276077271,44025,44035,10
12.892950058,80.2275085449,44035,44045,10
12.8926000595,80.2274703979,44045,44055,10
12.8920402527,80.227432251,44055,44065,10
12.8911895752,80.2274093628,44065,44075,10
12.8901395798,80.2274093628,44075,44086,11
12.8888597488,80.2274017334,44086,44096,10
12.8878498077,80.2273483276,44096,44106,10
12.8866996765,80.2271270752,44106,44116,10
12.8855695724,80.2268371582,44116,44126,10
12.8844499588,80.2267303467,44126,44136,10
12.8831796646,80.2267303467,44136,44146,10
12.881819725,80.2267532349,44146,44156,10
12.8804197311,80.2267913818,44156,44166,10
12.8790597916,80.2268066406,44166,44176,10
12.8779497147,80.2268829346,44176,44185,9
12.8770904541,80.2269515991,44185,44197,12
12.8767004013,80.2269973755,44197,44207,10
12.8764696121,80.2269821167,44207,44217,10
12.8758201599,80.2270202637,44217,44227,10
12.8749198914,80.2269287109,44227,44237,10
12.8738098145,80.2267990112,44237,44247,10
12.8728303909,80.2267990112,44247,44257,10
12.8727502823,80.2267913818,44257,44267,10
12.8724002838,80.2267532349,44267,44277,10
12.8717098236,80.2267227173,44277,44287,10
12.8707799911,80.2266693115,44287,44296,9
12.8697595596,80.2265777588,44296,44308,12
12.8682098389,80.2264099121,44308,44318,10
12.8668203354,80.2265319824,44318,44328,10
12.8654603958,80.2266311646,44328,44338,10
12.8643798828,80.226600647,44338,44348,10
12.8633499146,80.2265472412,44348,44358,10
12.8620796204,80.2266311646,44358,44368,10
12.8611097336,80.2266616821,44368,44378,10
12.8609695435,80.2266311646,44378,44388,10
12.8604297638,80.2265625,44388,44398,10
12.8595895767,80.2264328003,44398,44408,10
12.8590497971,80.2263793945,44408,44419,11
12.8586301804,80.2263412476,44419,44429,10
12.857919693,80.2263336182,44429,44439,10
12.8570098877,80.2264022827,44439,44449,10
12.855919838,80.2265014648,44449,44459,10
12.8546495438,80.2266311646,44459,44469,10
12.8532600403,80.2267379761,44469,44479,10
12.8518104553,80.2266693115,44479,44489,10
12.8504400253,80.2266616821,44489,44499,10
12.8499603271,80.2266464233,44499,44509,10
12.8497800827,80.2266769409,44509,44520,11
12.8490896225,80.2266693115,44520,44530,10
12.8481998444,80.2266464233,44530,44540,10
12.8470897675,80.2266387939,44540,44550,10
12.846329689,80.2266387939,44550,44560,10
12.8461103439,80.2266693115,44560,44570,10
12.8458995819,80.2266616821,44570,44580,10
12.8454399109,80.2266387939,44580,44590,10
12.8450899124,80.2266769409,44590,44600,10
12.8450803757,80.2266769409,44600,44610,10
12.8447198868,80.2266769409,44610,44619,9
12.8441200256,80.2267227173,44619,44631,12
12.8430299759,80.226890564,44631,44641,10
12.8420600891,80.2270278931,44641,44651,10
12.8408298492,80.2273864746,44651,44661,10
12.8401298523,80.2276382446,44661,44671,10
12.8397598267,80.2277832031,44671,44681,10
12.8395500183,80.2278823853,44681,44691,10
12.8388795853,80.2279815674,44691,44701,10
12.8379802704,80.2281723022,44701,44711,10
12.8368501663,80.2283782959,44711,44721,10
12.8355302811,80.2285766602,44721,44731,10
12.8341503143,80.2287826538,44731,44742,11
12.8327703476,80.2290267944,44742,44752,10
12.8322000504,80.2291564941,44752,44762,10
12.8321895599,80.2291717529,44762,44772,10
12.8319997787,80.2292098999,44772,44782,10
12.8313798904,80.229347229,44782,44792,10
12.8304901123,80.229637146,44792,44802,10
12.8293504715,80.2300796509,44802,44812,10
12.8281402588,80.2306900024,44812,44822,10
12.8269195557,80.2312698364,44822,44832,10
12.8254995346,80.2314224243,44832,44842,10
12.8240804672,80.2312393188,44842,44853,11
12.822520256,80.230758667,44853,44863,10
12.8210601807,80.2304763794,44863,44873,10
12.8196401596,80.2304992676,44873,44883,10
12.81828022,80.23021698,44883,44893,10
12.81690979,80.2296218872,44893,44903,10
12.8154001236,80.2293624878,44903,44913,10
12.8138999939,80.2291107178,44913,44923,10
12.8127002716,80.2287216187,44923,44933,10
12.8113899231,80.2282104492,44933,44943,10
12.8100500107,80.2276611328,44943,44953,10
12.8087501526,80.2268981934,44953,44964,11
12.8074798584,80.2258605957,44964,44974,10
12.8065900803,80.2250671387,44974,44984,10
12.8057603836,80.2243270874,44984,44994,10
12.8051395416,80.2240371704,44994,45004,10
12.805150032,80.2240371704,45004,45014,10
12.8050899506,80.2240066528,45014,45024,10
12.8046302795,80.2239608765,45024,45034,10
12.8038196564,80.2238769531,45034,45044,10
12.8028297424,80.2237930298,45044,45054,10
12.8016901016,80.2236480713,45054,45063,9
12.8009004593,80.2236099243,45063,45075,12
12.800740242,80.2235870361,45075,45085,10
12.8002195358,80.2235488892,45085,45095,10
12.7993497849,80.2235183716,45095,45105,10
12.7982301712,80.2233428955,45105,45115,10
12.7968502045,80.2231292725,45115,45125,10
12.7958498001,80.2229537964,45125,45135,10
12.7958202362,80.2229537964,45135,45145,10
12.7956695557,80.22290802,45145,45155,10
12.7951202393,80.2228012085,45155,45165,10
12.7942399979,80.22265625,45165,45175,10
12.793129921,80.2224884033,45175,45186,11
12.7917699814,80.2222290039,45186,45196,10
12.7904901505,80.2219085693,45196,45206,10
12.7893896103,80.2216033936,45206,45216,10
12.7884998322,80.2212600708,45216,45226,10
12.7879199982,80.2210769653,45226,45236,10
12.7875900269,80.2209396362,45236,45246,10
12.7869300842,80.2206802368,45246,45287,41
12.7869300842,80.2206802368,45287,45297,10
12.78647995,80.2204818726,45297,45307,10
12.7864398956,80.2204589844,45307,45317,10
12.7863397598,80.2203826904,45317,45327,10
12.7861700058,80.2203292847,45327,45337,10
12.7858400345,80.220199585,45337,45347,10
12.7857398987,80.2201538086,45347,45357,10
12.785320282,80.2199630737,45357,45367,10
12.7846603394,80.2196121216,45367,45398,31
12.7846603394,80.2196121216,45398,45408,10
12.7845401764,80.2195129395,45408,45418,10
12.7840499878,80.2192382813,45418,45428,10
12.7832698822,80.2188034058,45428,45438,10
12.7822599411,80.2182388306,45438,45448,10
12.7811203003,80.2176208496,45448,45458,10
12.7799196243,80.2169799805,45458,45468,10
12.7786903381,80.2163314819,45468,45478,10
12.7774000168,80.2157363892,45478,45488,10
12.7760400772,80.2151870728,45488,45497,9
12.7748003006,80.2146835327,45497,45509,12
12.7731399536,80.2140197754,45509,45519,10
12.7717695236,80.213508606,45519,45529,10
12.7707996368,80.213180542,45529,45539,10
12.7707700729,80.2129898071,45539,45549,10
12.7708301544,80.2128677368,45549,45559,10
12.770939827,80.212562561,45559,45569,10
12.7709903717,80.2119903564,45569,45579,10
12.7710399628,80.2117767334,45579,45589,10
12.7712802887,80.2111968994,45589,45599,10
12.7716999054,80.2104034424,45599,45609,10
12.7721700668,80.2093887329,45609,45620,11
12.7725400925,80.2080764771,45620,45630,10
12.7728796005,80.2069320679,45630,45640,10
12.7731895447,80.2058410645,45640,45650,10
12.7734203339,80.2046508789,45650,45660,10
12.7735795975,80.203338623,45660,45670,10
12.7738103867,80.2020263672,45670,45680,10
12.7738704681,80.2010879517,45680,45690,10
12.7738800049,80.2010726929,45690,45700,10
12.773900032,80.2008895874,45700,45710,10
12.7739496231,80.2002868652,45710,45721,11
12.774020195,80.1993408203,45721,45731,10
12.7741203308,80.1983032227,45731,45741,10
12.7741603851,80.1972198486,45741,45751,10
12.7742099762,80.1961135864,45751,45761,10
12.7743597031,80.1949386597,45761,45771,10
12.7746295929,80.1937332153,45771,45791,20
12.7746295929,80.1937332153,45791,45801,10
12.7747001648,80.1935424805,45801,45811,10
12.7749300003,80.1930084229,45811,45821,10
12.7753601074,80.1922912598,45821,45832,11
12.7752304077,80.1915206909,45832,45842,10
12.7748603821,80.1906814575,45842,45852,10
12.7741298676,80.1898880005,45852,45862,10
12.7730703354,80.1893768311,45862,45872,10
12.7718896866,80.188911438,45872,45882,10
12.7710695267,80.1883773804,45882,45892,10
12.7709302902,80.1873474121,45892,45902,10
12.7707796097,80.1863327026,45902,45912,10
12.7707595825,80.1854934692,45912,45922,10
12.7706098557,80.1846694946,45922,45932,10
12.7704696655,80.1846313477,45932,45943,11
12.7704401016,80.1846084595,45943,45953,10
12.7700500488,80.1845169067,45953,45963,10
12.7694702148,80.1843185425,45963,45973,10
12.7690000534,80.1840820313,45973,45983,10
12.7688999176,80.1839981079,45983,45993,10
12.7685899734,80.1836929321,45993,46003,10
12.768239975,80.1834411621,46003,46013,10
12.7676496506,80.1832504272,46013,46023,10
12.767080307,80.1830291748,46023,46033,10
12.7664699554,80.182762146,46033,46043,10
12.7658195496,80.1826477051,46043,46054,11
12.7651796341,80.1825714111,46054,46064,10
12.76445961,80.1824798584,46064,46074,10
12.7638196945,80.1823806763,46074,46084,10
12.7634401321,80.1827468872,46084,46094,10
12.7631597519,80.1835327148,46094,46114,20
12.7631597519,80.1835327148,46114,46124,10
12.7630796432,80.1837692261,46124,46134,10
12.763010025,80.1841583252,46134,46144,10
12.7630500793,80.1845321655,46144,46154,10
12.7629499435,80.1849365234,46154,46165,11
12.7625398636,80.1849517822,46165,46175,10
12.762049675,80.1849365234,46175,46185,10
12.7615299225,80.1846923828,46185,46336,151
12.7615299225,80.1846923828,46336,46346,10
12.7616500854,80.184928894,46346,46356,10
12.7620401382,80.1849517822,46356,46366,10
12.7625198364,80.1849594116,46366,46375,9
12.7628898621,80.184967041,46375,46387,12
12.7630300522,80.1844863892,46387,46397,10
12.7629899979,80.1841430664,46397,46407,10
12.7630701065,80.1837768555,46407,46417,10
12.763130188,80.1836013794,46417,46427,10
12.7632102966,80.1833267212,46427,46437,10
12.7633600235,80.1828231812,46437,46447,10
12.763589859,80.1824569702,46447,46457,10
12.764169693,80.1825027466,46457,46467,10
12.764840126,80.1825637817,46467,46477,10
12.7655897141,80.1826324463,46477,46487,10
12.7661399841,80.1827087402,46487,46498,11
12.7668399811,80.1829376221,46498,46508,10
12.7674303055,80.1831817627,46508,46518,10
12.7680702209,80.1834030151,46518,46528,10
12.7685098648,80.1836700439,46528,46538,10
12.7688102722,80.1839599609,46538,46548,10
12.7691402435,80.1841812134,46548,46558,10
12.7692499161,80.1842269897,46558,46568,10
12.769659996,80.1844177246,46568,46578,10
12.7702798843,80.1846008301,46578,46588,10
12.7706298828,80.1847076416,46588,46599,11
12.7707195282,80.1851119995,46599,46609,10
12.7707595825,80.1858596802,46609,46619,10
12.7708702087,80.1867675781,46619,46629,10
12.7709999084,80.187828064,46629,46639,10
12.7714595795,80.1887817383,46639,46649,10
12.7725496292,80.1891403198,46649,46659,10
12.773730278,80.1896133423,46659,46669,10
12.7747097015,80.1904983521,46669,46679,10
12.775270462,80.1916732788,46679,46689,10
12.7752799988,80.1926422119,46689,46699,10
12.7747602463,80.1934814453,46699,46710,11
12.7746496201,80.1938171387,46710,46720,10
12.7745704651,80.1940994263,46720,46730,10
12.7744197845,80.1948165894,46730,46740,10
12.7742595673,80.1957397461,46740,46750,10
12.7742395401,80.1959991455,46750,46760,10
12.7742004395,80.1964416504,46760,46770,10
12.7741699219,80.1972579956,46770,46780,10
12.774140358,80.1981735229,46780,46790,10
12.7740602493,80.1991119385,46790,46800,10
12.7739601135,80.2002563477,46800,46810,10
12.7738704681,80.2012023926,46810,46821,11
12.773850441,80.2015304565,46821,46831,10
12.7737998962,80.2022171021,46831,46841,10
12.7736501694,80.203163147,46841,46851,10
12.773440361,80.2043609619,46851,46861,10
12.7732496262,80.205657959,46861,46871,10
12.7730102539,80.2065963745,46871,46881,10
12.7729301453,80.2068481445,46881,46891,10
12.7727203369,80.207572937,46891,46901,10
12.7724599838,80.2085189819,46901,46911,10
12.7721004486,80.2096633911,46911,46920,9
12.7715902328,80.2106933594,46920,46932,12
12.7710599899,80.2118835449,46932,46942,10
12.7709302902,80.2124099731,46942,46952,10
12.770819664,80.2128829956,46952,46962,10
12.7708101273,80.2129364014,46962,46972,10
12.7710103989,80.2131729126,46972,46982,10
12.7716798782,80.2133865356,46982,46992,10
12.7725801468,80.2137069702,46992,47002,10
12.7736701965,80.2141494751,47002,47012,10
12.7749204636,80.2146835327,47012,47022,10
12.776260376,80.2152328491,47022,47032,10
12.7776403427,80.2157897949,47032,47043,11
12.7791204453,80.216506958,47043,47053,10
12.7804603577,80.2172317505,47053,47063,10
12.781829834,80.2179870605,47063,47073,10
12.7831897736,80.2187423706,47073,47083,10
12.7843799591,80.2194213867,47083,47093,10
12.7852802277,80.219909668,47093,47103,10
12.7855796814,80.2200622559,47103,47113,10
12.7858695984,80.2201690674,47113,47123,10
12.7858800888,80.2201766968,47123,47133,10
12.7860803604,80.2202606201,47133,47164,31
12.7860803604,80.2202606201,47164,47174,10
12.78647995,80.2204589844,47174,47184,10
12.7866296768,80.2205200195,47184,47194,10
12.7867603302,80.2205734253,47194,47204,10
12.7872400284,80.220741272,47204,47214,10
12.7879104614,80.2209625244,47214,47224,10
12.7887496948,80.2212982178,47224,47234,10
12.7894601822,80.2215805054,47234,47244,10
12.7902297974,80.2218017578,47244,47255,11
12.791390419,80.222076416,47255,47265,10
12.7926797867,80.2223815918,47265,47275,10
12.794090271,80.2225875854,47275,47285,10
12.7954797745,80.2228088379,47285,47295,10
12.7964296341,80.2229766846,47295,47305,10
12.7965297699,80.2229995728,47305,47315,10
12.7970399857,80.2230987549,47315,47325,10
12.7978401184,80.2232208252,47325,47335,10
12.7988901138,80.2233200073,47335,47345,10
12.8000202179,80.2234191895,47345,47355,10
12.8010702133,80.2235031128,47355,47366,11
12.8014497757,80.2235717773,47366,47376,10
12.8016395569,80.2236099243,47376,47386,10
12.8021802902,80.2236633301,47386,47396,10
12.8029003143,80.2237625122,47396,47406,10
12.8036403656,80.2238311768,47406,47416,10
12.8045597076,80.2238998413,47416,47426,10
12.805390358,80.2240600586,47426,47436,10
12.8055400848,80.2240982056,47436,47446,10
12.8057899475,80.2242736816,47446,47456,10
12.8063001633,80.2247467041,47456,47466,10
12.8070001602,80.225402832,47466,47477,11
12.8079795837,80.2262573242,47477,47487,10
12.8089504242,80.2271118164,47487,47497,10
12.8102197647,80.2277374268,47497,47507,10
12.8115596771,80.2282333374,47507,47517,10
12.8130197525,80.2287368774,47517,47527,10
12.8143796921,80.2291564941,47527,47537,10
12.8158397675,80.2293701172,47537,47547,10
12.8172998428,80.2296981812,47547,47557,10
12.8186798096,80.2303314209,47557,47567,10
12.8197202682,80.2304382324,47567,47577,10
12.8198003769,80.230430603,47577,47588,11
12.8203296661,80.2304077148,47588,47598,10
12.8212404251,80.230430603,47598,47608,10
12.8223896027,80.2306594849,47608,47618,10
12.8237199783,80.2310562134,47618,47628,10
12.8251199722,80.2313613892,47628,47638,10
12.8266201019,80.2312927246,47638,47648,10
12.8280296326,80.23072052,47648,47658,10
12.8293504715,80.2300491333,47658,47668,10
12.8302698135,80.2296829224,47668,47678,10
12.8308095932,80.2294692993,47678,47689,11
12.8312101364,80.2292785645,47689,47699,10
12.831410408,80.2292098999,47699,47709,10
12.8316698074,80.2291717529,47709,47719,10
12.8321800232,80.2290496826,47719,47729,10
12.8329801559,80.2288970947,47729,47739,10
12.8340797424,80.2286834717,47739,47749,10
12.8352403641,80.2284164429,47749,47759,10
12.8365402222,80.228187561,47759,47769,10
12.8379096985,80.2279891968,47769,47779,10
12.8389902115,80.2277374268,47779,47788,9
12.8393096924,80.2276535034,47788,47800,12
12.8395900726,80.2275924683,47800,47810,10
12.840180397,80.2274169922,47810,47820,10
12.8412103653,80.2271575928,47820,47830,10
12.8424196243,80.2269363403,47830,47840,10
12.8436698914,80.2267379761,47840,47850,10
12.8449401855,80.2265777588,47850,47860,10
12.8453998566,80.2265090942,47860,47870,10
12.8455400467,80.2264862061,47870,47880,10
12.8460702896,80.2264862061,47880,47890,10
12.8469896317,80.2264862061,47890,47900,10
12.8480997086,80.2265014648,47900,47911,11
12.8494901657,80.2264709473,47911,47921,10
12.8508396149,80.2264785767,47921,47931,10
12.852230072,80.2265625,47931,47941,10
12.8536300659,80.2265930176,47941,47951,10
12.8550300598,80.2264404297,47951,47961,10
12.8564596176,80.2262802124,47961,47971,10
12.8579101563,80.2261505127,47971,47981,10
12.8590202332,80.2262191772,47981,47991,10
12.860250473,80.2264022827,47991,48001,10
12.8607997894,80.2264633179,48001,48011,10
12.8610401154,80.2264862061,48011,48022,11
12.8618097305,80.2264785767,48022,48032,10
12.8628196716,80.2264175415,48032,48042,10
12.8640899658,80.2264709473,48042,48052,10
12.8653898239,80.2265396118,48052,48062,10
12.8667802811,80.2264633179,48062,48072,10
12.8682899475,80.2262802124,48072,48082,10
12.8697595596,80.2264480591,48082,48092,10
12.8711395264,80.2265777588,48092,48102,10
12.8723497391,80.2266082764,48102,48112,10
12.8726301193,80.2266082764,48112,48122,10
12.8728504181,80.2266082764,48122,48133,11
12.8731603622,80.2266311646,48133,48143,10
12.8739004135,80.2266769409,48143,48153,10
12.8748703003,80.2268066406,48153,48163,10
12.8759403229,80.2268371582,48163,48173,10
12.8766002655,80.2268371582,48173,48183,10
12.8766098022,80.2268371582,48183,48193,10
12.8772602081,80.2268066406,48193,48203,10
12.8781900406,80.2267303467,48203,48213,10
12.8793697357,80.2266616821,48213,48223,10
12.8806800842,80.2266387939,48223,48234,11
12.8822202682,80.2266235352,48234,48244,10
12.8836402893,80.2266235352,48244,48254,10
12.8850402832,80.2266235352,48254,48264,10
12.8863897324,80.2269363403,48264,48274,10
12.8877897263,80.2272109985,48274,48284,10
12.8892202377,80.2273025513,48284,48294,10
12.8920602798,80.2272872925,48294,48303,9
12.8920602798,80.2272872925,48303,48314,11
12.8933401108,80.227432251,48314,48324,10
12.8945703506,80.2275619507,48324,48334,10
12.8959798813,80.2276229858,48334,48345,11
12.8976202011,80.2276992798,48345,48355,10
12.8991003036,80.2277908325,48355,48365,10
12.9006900787,80.2278137207,48365,48435,70
12.9006900787,80.2278137207,48435,48445,10
12.9010801315,80.2278366089,48445,48456,11
12.9017400742,80.2279129028,48456,48466,10
12.9025001526,80.2279205322,48466,48476,10
12.9026002884,80.2279281616,48476,48486,10
12.9027700424,80.2279586792,48486,48496,10
12.9033603668,80.2279968262,48496,48506,10
12.9042596817,80.2280426025,48506,48516,10
12.9053497314,80.2281036377,48516,48526,10
12.9065198898,80.2281417847,48526,48546,20
12.9065198898,80.2281417847,48546,48556,10
12.9067802429,80.2281570435,48556,48567,11
12.9074296951,80.2282714844,48567,48577,10
12.9084396362,80.2284164429,48577,48587,10
12.9096803665,80.2286376953,48587,48597,10
12.9109897614,80.228843689,48597,48607,10
12.912320137,80.2290267944,48607,48617,10
12.9136199951,80.2292022705,48617,48627,10
12.914059639,80.2292480469,48627,48637,10
12.9141998291,80.2292861938,48637,48647,10
12.9145002365,80.2293167114,48647,48657,10
12.915189743,80.2294311523,48657,48667,10
12.9161100388,80.2295684814,48667,48678,11
12.9173402786,80.2297286987,48678,48688,10
12.9185800552,80.229888916,48688,48698,10
12.9199399948,80.2300567627,48698,48708,10
12.921380043,80.2302322388,48708,48718,10
12.9228496552,80.2304611206,48718,48728,10
12.9243602753,80.2306671143,48728,48738,10
12.9258203506,80.2308578491,48738,48748,10
12.9263095856,80.2309036255,48748,48758,10
12.9266500473,80.2309494019,48758,48768,10
12.9273796082,80.2310409546,48768,48779,11
12.9283895493,80.2311630249,48779,48789,10
12.9293804169,80.2313613892,48789,48799,10
12.9305400848,80.2316589355,48799,48809,10
12.9318304062,80.232093811,48809,48819,10
12.9330997467,80.2324981689,48819,48829,10
12.9336700439,80.2327194214,48829,48839,10
12.9337100983,80.2327804565,48839,48849,10
12.9340400696,80.2329406738,48849,48859,10
12.9347801208,80.2332305908,48859,48869,10
12.9357795715,80.2336807251,48869,48879,10
12.936920166,80.2342071533,48879,48890,11
12.9383201599,80.234916687,48890,48900,10
12.9394798279,80.2354736328,48900,48910,10
12.9398403168,80.2356185913,48910,48920,10
12.9399995804,80.2357330322,48920,48930,10
12.9405698776,80.2359237671,48930,48940,10
12.9414300919,80.2361221313,48940,48950,10
12.9424800873,80.2364196777,48950,48960,10
12.9435195923,80.2371520996,48960,48970,10
12.9444198608,80.2382278442,48970,48980,10
12.9454298019,80.2392196655,48980,48990,10
12.9470996857,80.239906311,48990,49011,21
12.9470996857,80.239906311,49011,49021,10
12.9473495483,80.240020752,49021,49031,10
12.9479398727,80.2402420044,49031,49041,10
12.9486904144,80.2405700684,49041,49081,40
12.9486904144,80.2405700684,49081,49091,10
12.9488401413,80.2406463623,49091,49102,11
12.9494199753,80.240852356,49102,49112,10
12.9502296448,80.2411193848,49112,49122,10
12.9508600235,80.2413406372,49122,49132,10
12.9509801865,80.2413711548,49132,49142,10
12.9511604309,80.2414474487,49142,49152,10
12.9516897202,80.241607666,49152,49162,10
12.9525203705,80.2418823242,49162,49172,10
12.9534196854,80.2422409058,49172,49182,10
12.954199791,80.2425384521,49182,49192,10
12.9550199509,80.2428588867,49192,49202,10
12.9558601379,80.2431182861,49202,49213,11
12.9565000534,80.2433776855,49213,49223,10
12.9574804306,80.243812561,49223,49233,10
12.958530426,80.2442398071,49233,49243,10
12.9588804245,80.244430542,49243,49253,10
12.9591703415,80.2445907593,49253,49263,10
12.9598302841,80.2448883057,49263,49273,10
12.960729599,80.2452697754,49273,49283,10
12.9618301392,80.2457885742,49283,49293,10
12.9630403519,80.2464294434,49293,49303,10
12.9642000198,80.2469100952,49303,49313,10
12.9651203156,80.2472381592,49313,49324,11
12.9661302567,80.2475891113,49324,49334,10
12.9664497375,80.2477416992,49334,49344,10
12.9665298462,80.2478103638,49344,49354,10
12.9669799805,80.2480621338,49354,49364,10
12.9677000046,80.2483596802,49364,49374,10
12.9686403275,80.2487106323,49374,49384,10
12.9698200226,80.2491378784,49384,49394,10
12.9711103439,80.2496414185,49394,49404,10
12.9724998474,80.2499771118,49404,49414,10
12.9737997055,80.2503814697,49414,49425,11
12.975279808,80.2508087158,49425,49435,10
12.9767103195,80.2512130737,49435,49445,10
12.9779100418,80.2518997192,49445,49455,10
12.9784402847,80.252281189,49455,49465,10
12.9785404205,80.2523422241,49465,49475,10
12.9790897369,80.2525405884,49475,49485,10
12.9796600342,80.2526016235,49485,49536,51
12.9796600342,80.2526016235,49536,49546,10
12.9797897339,80.2526626587,49546,49556,10
12.9802999496,80.2526702881,49556,49566,10
12.9810600281,80.2526321411,49566,49576,10
12.9820699692,80.2526016235,49576,49586,10
12.983130455,80.2525177002,49586,49596,10
12.9837703705,80.2523727417,49596,49606,10
12.9840698242,80.2522735596,49606,49616,10
12.98458004,80.2521133423,49616,49626,10
12.9853200912,80.2518997192,49626,49636,10
12.9859600067,80.2517318726,49636,49778,142
12.9859600067,80.2517318726,49778,49788,10
12.9861698151,80.2516174316,49788,49798,10
12.986530304,80.2516098022,49798,49808,10
12.9872102737,80.251449585,49808,49818,10
12.9875202179,80.251373291,49818,49929,111
12.9875202179,80.251373291,49929,49939,10
12.987739563,80.2513504028,49939,49949,10
12.9879598618,80.251739502,49949,49959,10
12.9880199432,80.2524337769,49959,49970,11
12.9879102707,80.2534866333,49970,49980,10
12.9878396988,80.2546081543,49980,49990,10
12.987830162,80.2550888062,49990,50040,50
12.987830162,80.2550888062,50040,50050,10
12.9876899719,80.2553329468,50050,50060,10
12.9877996445,80.2557067871,50060,50070,10
12.9881696701,80.2557907104,50070,50081,11
12.988409996,80.255859375,50081,50091,10
12.9885101318,80.2558822632,50091,50101,10
12.9889001846,80.2559280396,50101,50111,10
12.9895401001,80.2560577393,50111,50121,10
12.9901599884,80.2561035156,50121,50131,10
12.9908304214,80.2560577393,50131,50141,10
12.9915599823,80.256072998,50141,50151,10
12.9919996262,80.2560424805,50151,50161,10
12.9924097061,80.2560195923,50161,50171,10
12.9930801392,80.2559890747,50171,50181,10
12.9936800003,80.2559509277,50181,50192,11
12.9940099716,80.2559585571,50192,50202,10
12.9942798615,80.2559585571,50202,50212,10
12.9946298599,80.2559509277,50212,50222,10
12.9950399399,80.2559127808,50222,50232,10
12.9952898026,80.2559204102,50232,50242,10
12.9956197739,80.2559204102,50242,50252,10
12.9959897995,80.2558898926,50252,50262,10
12.9962997437,80.2558898926,50262,50272,10
12.9965801239,80.255859375,50272,50282,10
12.9968795776,80.2558670044,50282,50293,11
12.9971504211,80.2558670044,50293,50303,10
12.9975595474,80.2559127808,50303,50323,20
12.9975595474,80.2559127808,50323,50333,10
12.9976902008,80.2561035156,50333,50343,10
12.997420311,80.256690979,50343,51009,666
12.9973096848,80.2567596436,51009,51160,151
12.9973096848,80.2567596436,51160,51171,11
12.9973897934,80.2566375732,51171,51271,100
12.9973897934,80.2566375732,51271,51282,11
12.9976196289,80.2565307617,51282,51292,10
12.9976596832,80.2563095093,51292,51534,242
12.9976596832,80.2563095093,51534,51544,10
12.9978103638,80.2560272217,51544,51554,10
12.9978303909,80.2559509277,51554,51564,10
12.9980401993,80.2559432983,51564,51574,10
12.9982995987,80.2559509277,51574,51584,10
12.9989404678,80.2560806274,51584,51625,41
12.9989404678,80.2560806274,51625,51635,10
12.9993696213,80.2561416626,51635,51645,10
12.9998197556,80.2562408447,51645,51655,10
13.0002698898,80.2563400269,51655,51665,10
13.0011301041,80.2564697266,51665,51675,10
13.0020303726,80.2566223145,51675,51685,10
13.002820015,80.2567520142,51685,51695,10
13.0034704208,80.2568664551,51695,51705,10
13.0042600632,80.257019043,51705,51716,11
13.0051498413,80.2571792603,51716,51726,10
13.0060195923,80.2574081421,51726,51736,10
13.0064496994,80.2570724487,51736,51746,10
13.0064401627,80.2562789917,51746,51756,10
13.0064897537,80.2553710938,51756,51766,10
13.006529808,80.2541885376,51766,51776,10
13.006529808,80.2541885376,51776,51786,10
13.006529808,80.2534866333,51786,51796,10
13.0065402985,80.2527084351,51796,51806,10
13.0067195892,80.2526779175,51806,51816,10
13.0066404343,80.2533111572,51816,52049,233
13.0066404343,80.2533111572,52049,52059,10
13.0066299438,80.2534408569,52059,52260,201
13.0066299438,80.2534408569,52260,52271,11
13.0066299438,80.2537231445,52271,52281,10
13.0066204071,80.2542037964,52281,52291,10
13.0066099167,80.2546386719,52291,52301,10
13.0066099167,80.2549362183,52301,52311,10
13.0065803528,80.2556915283,52311,52321,10
13.0066099167,80.2570800781,52321,52360,39
13.0066099167,80.2570800781,52360,52372,12
13.006649971,80.2574310303,52372,52382,10
13.006310463,80.2574920654,52382,52392,10
13.0060901642,80.2574996948,52392,52402,10
13.005399704,80.2575073242,52402,52412,10
13.0045404434,80.2572402954,52412,52422,10
13.0036096573,80.257019043,52422,52432,10
13.002820015,80.2567977905,52432,52442,10
13.0021800995,80.2566833496,52442,52452,10
13.0018901825,80.2566375732,52452,52462,10
13.001250267,80.2565383911,52462,52472,10
13.000459671,80.2564163208,52472,52483,11
12.9998598099,80.2562713623,52483,52493,10
12.9993400574,80.2561416626,52493,52503,10
12.9988203049,80.2560577393,52503,52513,10
12.9987802505,80.2560577393,52513,52523,10
12.9987297058,80.256072998,52523,52533,10
12.9985103607,80.256072998,52533,52543,10
12.9984502792,80.2560577393,52543,52553,10
12.9977703094,80.2559432983,52553,52583,30
12.9977703094,80.2559432983,52583,52594,11
12.9975404739,80.2559585571,52594,52604,10
12.9972200394,80.2559509277,52604,52614,10
12.997130394,80.2559432983,52614,52624,10
12.9968299866,80.2558898926,52624,52634,10
12.9964895248,80.255897522,52634,52644,10
12.995880127,80.2558822632,52644,52654,10
12.9954595566,80.255897522,52654,52664,10
12.9951400757,80.2558898926,52664,52674,10
12.994720459,80.2559127808,52674,52684,10
12.9942398071,80.2559432983,52684,52694,10
12.9934997559,80.2559814453,52694,52705,11
12.9924201965,80.2560501099,52705,52715,10
12.9915895462,80.2560119629,52715,52725,10
12.9908599854,80.2559814453,52725,52735,10
12.9902095795,80.2559814453,52735,52745,10
12.9894504547,80.2559280396,52745,52755,10
12.9887695313,80.2558898926,52755,52765,10
12.9883003235,80.2558517456,52765,52775,10
12.9882698059,80.2558364868,52775,52785,10
12.9881496429,80.255859375,52785,52795,10
12.9877700806,80.2558135986,52795,52805,10
12.9871101379,80.2556762695,52805,52816,11
12.9862699509,80.255531311,52816,52826,10
12.9859304428,80.2554626465,52826,52836,10
12.9853000641,80.2553787231,52836,52846,10
12.9844999313,80.2551574707,52846,52856,10
12.9837703705,80.2549362183,52856,52866,10
12.983039856,80.2547302246,52866,52876,10
12.9824104309,80.2545166016,52876,52886,10
12.9819402695,80.25390625,52886,52896,10
12.9817399979,80.2530975342,52896,52906,10
12.9810800552,80.2527618408,52906,52917,11
12.9801797867,80.2527618408,52917,52927,10
12.979180336,80.2526702881,52927,52937,10
12.978679657,80.2525787354,52937,52947,10
12.9785404205,80.252532959,52947,52957,10
12.9780597687,80.2521972656,52957,52967,10
12.9773702621,80.2516021729,52967,52977,10
12.9763298035,80.251159668,52977,52987,10
12.975060463,80.2507629395,52987,52997,10
12.9737195969,80.2503662109,52997,53007,10
12.9723796844,80.250038147,53007,53017,10
12.9710502625,80.2496795654,53017,53028,11
12.9696998596,80.2492218018,53028,53038,10
12.9685001373,80.2488021851,53038,53048,10
12.9672899246,80.248298645,53048,53058,10
12.9663095474,80.2478179932,53058,53068,10
12.9656400681,80.247543335,53068,53078,10
12.9655103683,80.247467041,53078,53088,10
12.9650602341,80.2472991943,53088,53098,10
12.9643697739,80.2470626831,53098,53108,10
12.9637002945,80.2468185425,53108,53118,10
12.9629602432,80.2464599609,53118,53128,10
12.961930275,80.2459487915,53128,53139,11
12.9606103897,80.2453231812,53139,53149,10
12.9595403671,80.2448425293,53149,53159,10
12.9592103958,80.2447128296,53159,53169,10
12.9589500427,80.2445526123,53169,53179,10
12.9582996368,80.2442626953,53179,53189,10
12.9576702118,80.2440109253,53189,53199,10
12.9565696716,80.2435302734,53199,53229,30
12.9565696716,80.2435302734,53229,53239,10
12.9561700821,80.2433929443,53239,53250,11
12.9553098679,80.243057251,53250,53260,10
12.9543104172,80.2426605225,53260,53270,10
12.9532699585,80.2422103882,53270,53280,10
12.9521598816,80.2417984009,53280,53290,10
12.9511995316,80.2414474487,53290,53300,10
12.9501399994,80.2411193848,53300,53310,10
12.9491100311,80.2408294678,53310,53320,10
12.9480104446,80.2403564453,53320,53330,10
12.9472198486,80.2400512695,53330,53339,9
12.9471597672,80.240020752,53339,53350,11
12.9467201233,80.2398300171,53350,53361,11
12.9459199905,80.2394866943,53361,53371,10
12.9450397491,80.2389602661,53371,53381,10
12.944149971,80.2380065918,53381,53391,10
12.9432201385,80.2370071411,53391,53401,10
12.9420099258,80.2363586426,53401,53411,10
12.9406995773,80.2360305786,53411,53421,10
12.9398803711,80.2358016968,53421,53431,10
12.9398202896,80.2357711792,53431,53441,10
12.9394702911,80.2355804443,53441,53451,10
12.938750267,80.2351989746,53451,53462,11
12.9376602173,80.2346725464,53462,53472,10
12.9364795685,80.2341003418,53472,53482,10
12.9352197647,80.2335205078,53482,53492,10
12.9341201782,80.2330322266,53492,53502,10
12.9338798523,80.2329177856,53502,53512,10
12.9336204529,80.2327880859,53512,53522,10
12.9329395294,80.2324981689,53522,53532,10
12.9319601059,80.2321395874,53532,53542,10
12.9307203293,80.2317504883,53542,53552,10
12.9293498993,80.2313995361,53552,53562,10
12.9284601212,80.2312393188,53562,53573,11
12.9277095795,80.2311401367,53573,53583,10
12.9267301559,80.2310333252,53583,53593,10
12.9260597229,80.2309417725,53593,53603,10
12.9258298874,80.2309112549,53603,53613,10
12.9251899719,80.2308731079,53613,53623,10
12.9243001938,80.2307815552,53623,53633,10
12.9231395721,80.2306213379,53633,53643,10
12.9217796326,80.2304077148,53643,53653,10
12.9203195572,80.23021698,53653,53663,10
12.9188899994,80.2300262451,53663,53673,10
12.9174499512,80.2298736572,53673,53684,11
12.9158000946,80.229637146,53684,53694,10
12.9143104553,80.2294464111,53694,53704,10
12.9133901596,80.2293319702,53704,53714,10
12.9132299423,80.2292861938,53714,53724,10
12.9125995636,80.2291870117,53724,53734,10
12.9116697311,80.2290496826,53734,53744,10
12.9104499817,80.2288818359,53744,53754,10
12.9090900421,80.2286605835,53754,53764,10
12.9076499939,80.2284317017,53764,53774,10
12.9066200256,80.2283325195,53774,53785,11
12.90625,80.2282714844,53785,53795,10
12.9057703018,80.2282562256,53795,53805,10
12.9048595428,80.2281723022,53805,53815,10
12.9037504196,80.2281112671,53815,53825,10
12.9025497437,80.2280578613,53825,53835,10
12.9018697739,80.2279968262,53835,53845,10
12.9018497467,80.2279968262,53845,53855,10
12.901720047,80.227897644,53855,53865,10
12.9014501572,80.2279434204,53865,53875,10
12.9011802673,80.2279434204,53875,53884,9
12.900759697,80.2279205322,53884,53896,12
12.9002504349,80.2279129028,53896,53906,10
12.8996400833,80.2279129028,53906,53916,10
12.8994197845,80.2279129028,53916,53926,10
12.8990802765,80.2278900146,53926,53936,10
12.8983297348,80.2278366089,53936,53946,10
12.8972902298,80.2277603149,53946,53956,10
12.8960199356,80.2276992798,53956,53966,10
12.8947601318,80.2276535034,53966,53976,10
12.8935098648,80.2275619507,53976,53986,10
12.8923397064,80.2274627686,53986,53996,10
12.891169548,80.2274093628,53996,54007,11
12.8896999359,80.2274093628,54007,54017,10
12.888759613,80.2274017334,54017,54027,10
12.8877401352,80.2273178101,54027,54037,10
12.8865699768,80.2270889282,54037,54047,10
12.8855600357,80.2268295288,54047,54057,10
12.8848695755,80.2267227173,54057,54067,10
12.884180069,80.2267379761,54067,54077,10
12.8831996918,80.2267532349,54077,54087,10
12.8820400238,80.2267608643,54087,54097,10
12.8807497025,80.2267684937,54097,54107,10
12.87940979,80.2268066406,54107,54118,11
12.8778495789,80.2268981934,54118,54128,10
12.876709938,80.2269897461,54128,54138,10
12.8759098053,80.2269973755,54138,54148,10
12.8748598099,80.2269287109,54148,54158,10
12.8735799789,80.2267837524,54158,54168,10
12.8725004196,80.2267379761,54168,54178,10
12.8713903427,80.2266998291,54178,54188,10
12.8700704575,80.2266082764,54188,54198,10
12.868639946,80.2264404297,54198,54208,10
12.8671598434,80.2265014648,54208,54218,10
12.8656797409,80.2266311646,54218,54229,11
12.8640203476,80.2265777588,54229,54239,10
12.8625001907,80.2265701294,54239,54249,10
12.8609800339,80.2266082764,54249,54259,10
12.8595399857,80.2264480591,54259,54269,10
12.858420372,80.2263031006,54269,54279,10
12.857170105,80.2263412476,54279,54289,10
12.8557796478,80.2264785767,54289,54299,10
12.8542900085,80.2266082764,54299,54309,10
12.8527402878,80.2267227173,54309,54319,10
12.8513898849,80.2266921997,54319,54330,11
12.8504104614,80.2266769409,54330,54340,10
12.8502998352,80.2266311646,54340,54350,10
12.8498802185,80.2266235352,54350,54360,10
12.849029541,80.2266311646,54360,54370,10
12.8479204178,80.2266387939,54370,54380,10
12.8466396332,80.2266616821,54380,54390,10
12.8457603455,80.2266616821,54390,54400,10
12.8454303741,80.2266693115,54400,54410,10
12.8454198837,80.2266693115,54410,54420,10
12.8452100754,80.2266769409,54420,54430,10
12.8445596695,80.2267074585,54430,54441,11
12.8435602188,80.2267684937,54441,54451,10
12.8424701691,80.2269973755,54451,54461,10
12.8412799835,80.2272872925,54461,54471,10
12.8402700424,80.2275619507,54471,54481,10
12.8397502899,80.2276992798,54481,54501,20
12.8397502899,80.2276992798,54501,54511,10
12.8396100998,80.2277526855,54511,54521,10
12.8391103745,80.2278900146,54521,54531,10
12.8382701874,80.2281112671,54531,54541,10
12.8371601105,80.2283325195,54541,54552,11
12.8357400894,80.2285385132,54552,54562,10
12.8343801498,80.2287597656,54562,54572,10
12.8330402374,80.2289962769,54572,54582,10
12.8322000504,80.2291793823,54582,54592,10
12.8321800232,80.2291793823,54592,54602,10
12.8318595886,80.2292327881,54602,54612,10
12.8311500549,80.2294082642,54612,54622,10
12.8301696777,80.2297515869,54622,54632,10
12.8289604187,80.2302017212,54632,54642,10
12.8277301788,80.2308807373,54642,54652,10
12.8264398575,80.2313766479,54652,54663,11
12.8248596191,80.2314834595,54663,54673,10
12.8234195709,80.2311096191,54673,54683,10
12.8219604492,80.2306365967,54683,54693,10
12.8204698563,80.2304992676,54693,54703,10
12.8191003799,80.2305603027,54703,54713,10
12.8187999725,80.2304992676,54713,54723,10
12.8183403015,80.2302703857,54723,54733,10
12.8174800873,80.229850769,54733,54743,10
12.8163299561,80.2294998169,54743,54753,10
12.8149795532,80.2293014526,54753,54764,11
12.8134202957,80.2289505005,54764,54774,10
12.8120098114,80.2284622192,54774,54784,10
12.8105897903,80.2279281616,54784,54794,10
12.8092098236,80.2273025513,54794,54804,10
12.8080196381,80.226348877,54804,54814,10
12.8069200516,80.2254104614,54814,54824,10
12.8060302734,80.224609375,54824,54834,10
12.805150032,80.2240600586,54834,54844,10
12.8042697906,80.2239074707,54844,54854,10
12.8032503128,80.2238311768,54854,54864,10
12.8021001816,80.2236785889,54864,54875,11
12.8007202148,80.2235488892,54875,54885,10
12.7994098663,80.2234420776,54885,54895,10
12.7980604172,80.2232971191,54895,54905,10
12.7966403961,80.2230606079,54905,54915,10
12.7957496643,80.22290802,54915,54925,10
12.7956199646,80.2228775024,54925,54935,10
12.7951002121,80.2227935791,54935,54945,10
12.794210434,80.2226486206,54945,54955,10
12.7930898666,80.2224884033,54955,54965,10
12.7918701172,80.2222595215,54965,54974,9
12.7907400131,80.2219772339,54974,54986,12
12.7895002365,80.2216262817,54986,54996,10
12.7888698578,80.2213897705,54996,55006,10
12.7882499695,80.2211303711,55006,55016,10
12.7876996994,80.220916748,55016,55026,10
12.7870798111,80.2206878662,55026,55036,10
12.7864198685,80.2204284668,55036,55066,30
12.7864198685,80.2204284668,55066,55076,10
12.7862100601,80.2203292847,55076,55086,10
12.7857704163,80.220161438,55086,55097,11
12.785030365,80.2197875977,55097,55107,10
12.7845497131,80.2195663452,55107,55127,20
12.7845497131,80.2195663452,55127,55137,10
12.7843704224,80.2194290161,55137,55147,10
12.783780098,80.2191009521,55147,55157,10
12.7829504013,80.2186279297,55157,55167,10
12.7819595337,80.2180862427,55167,55177,10
12.7808904648,80.2175216675,55177,55187,10
12.7797298431,80.2169036865,55187,55198,11
12.7784099579,80.2162017822,55198,55208,10
12.777130127,80.215637207,55208,55218,10
12.7758102417,80.2151031494,55218,55228,10
12.774479866,80.2145690918,55228,55238,10
12.773150444,80.2140426636,55238,55248,10
12.7718400955,80.2135467529,55248,55258,10
12.7708396912,80.2132034302,55258,55268,10
12.7707500458,80.2129211426,55268,55278,10
12.7707996368,80.2128219604,55278,55288,10
12.7709102631,80.212387085,55288,55298,10
12.7710599899,80.2116394043,55298,55309,11
12.7715101242,80.2107391357,55309,55319,10
12.7720403671,80.2097473145,55319,55329,10
12.7724304199,80.2085494995,55329,55339,10
12.7727603912,80.2073898315,55339,55349,10
12.7730503082,80.2063522339,55349,55359,10
12.7730998993,80.206199646,55359,55369,10
12.7731304169,80.2061386108,55369,55379,10
12.7732400894,80.2056732178,55379,55389,10
12.7733802795,80.2049179077,55389,55399,10
12.7734899521,80.2039794922,55399,55409,10
12.7736902237,80.2029571533,55409,55420,11
12.7738304138,80.201713562,55420,55430,10
12.7738704681,80.2010803223,55430,55440,10
12.7738895416,80.2009124756,55440,55450,10
12.7739496231,80.2003326416,55450,55460,10
12.774020195,80.1994781494,55460,55470,10
12.7741098404,80.1984863281,55470,55480,10
12.774140358,80.197517395,55480,55490,10
12.7742004395,80.1965332031,55490,55500,10
12.7742595673,80.1954574585,55500,55510,10
12.774479866,80.1943817139,55510,55519,9
12.7746200562,80.1937789917,55519,55531,12
12.7746801376,80.1936035156,55531,55541,10
12.7749204636,80.1930236816,55541,55551,10
12.7753601074,80.1922988892,55551,55561,10
12.7752599716,80.1916427612,55561,55571,10
12.7749795914,80.190826416,55571,55581,10
12.7742795944,80.1900405884,55581,55591,10
12.7733001709,80.1894607544,55591,55601,10
12.7721395493,80.1889877319,55601,55611,10
12.7711296082,80.1885604858,55611,55621,10
12.7709503174,80.1876068115,55621,55632,11
12.7707996368,80.1864471436,55632,55642,10
12.7707595825,80.1856689453,55642,55652,10
12.7706804276,80.1848526001,55652,55662,10
12.7703504562,80.1846313477,55662,55672,10
12.7697896957,80.1844711304,55672,55682,10
12.7692604065,80.1842498779,55682,55692,10
12.7690401077,80.1841506958,55692,55702,10
12.768989563,80.1841125488,55702,55712,10
12.7687902451,80.1839294434,55712,55721,9
12.7684898376,80.183631897,55721,55731,10
12.768119812,80.1834182739,55731,55743,12
12.7674503326,80.1831893921,55743,55753,10
12.7668600082,80.1829528809,55753,55763,10
12.7662000656,80.1827087402,55763,55773,10
12.7656297684,80.1826324463,55773,55783,10
12.7650203705,80.1825485229,55783,55793,10
12.7643404007,80.182472229,55793,55803,10
12.7637500763,80.1823577881,55803,55813,10
12.7634496689,80.1826477051,55813,55823,10
12.7632598877,80.1832580566,55823,55833,10
12.7631797791,80.1835174561,55833,55843,10
12.7631196976,80.1837005615,55843,55854,11
12.7630300522,80.1840820313,55854,55864,10
12.7630796432,80.1844100952,55864,55874,10
12.763010025,80.1848297119,55874,55884,10
12.7627096176,80.1849365234,55884,55894,10
12.7622804642,80.1849212646,55894,55904,10
12.7618103027,80.1848983765,55904,55914,10
12.7615299225,80.1846923828,55914,56409,495
12.7615299225,80.1846923828,56409,56419,10
12.7616100311,80.1848831177,56419,56429,10
12.7618598938,80.1849212646,56429,56439,10
12.7619600296,80.1849212646,56439,56449,10
12.7622003555,80.184928894,56449,56459,10
12.7625102997,80.184928894,56459,56469,10
12.7627496719,80.184967041,56469,56479,10
12.7629699707,80.1849136353,56479,56489,10
12.7630500793,80.1845626831,56489,56499,10
12.7630195618,80.1841888428,56499,56510,11
12.7630596161,80.1838531494,56510,56520,10
12.7631998062,80.1834793091,56520,56530,10
12.7631998062,80.1834564209,56530,56540,10
12.7632598877,80.1832199097,56540,56550,10
12.7634000778,80.1828079224,56550,56560,10
12.7636098862,80.1824035645,56560,56570,10
12.7640399933,80.1824417114,56570,56580,10
12.7646398544,80.1825027466,56580,56590,10
12.7653102875,80.1825866699,56590,56600,10
12.7659397125,80.1826705933,56600,56610,10
12.7663803101,80.1827392578,56610,56621,11
12.7670202255,80.1830291748,56621,56631,10
12.767539978,80.1832199097,56631,56641,10
12.7680902481,80.1834106445,56641,56651,10
12.7684698105,80.1836166382,56651,56661,10
12.7687797546,80.1839065552,56661,56671,10
12.7691497803,80.1841888428,56671,56681,10
12.7692403793,80.1842422485,56681,56691,10
12.7695798874,80.1843795776,56691,56701,10
12.7701196671,80.1845703125,56701,56711,10
12.7706298828,80.1847076416,56711,56722,11
12.7707901001,80.1851882935,56722,56732,10
12.7707996368,80.1860122681,56732,56742,10
12.7708997726,80.1867599487,56742,56752,10
12.7709197998,80.1869812012,56752,56762,10
12.770939827,80.1871337891,56762,56772,10
12.7709903717,80.187713623,56772,56782,10
12.7711400986,80.1885528564,56782,56792,10
12.7720003128,80.1889572144,56792,56802,10
12.7730398178,80.1893768311,56802,56812,10
12.7741203308,80.1898498535,56812,56822,10
12.7748603821,80.1906509399,56822,56833,11
12.7752599716,80.1915435791,56833,56843,10
12.7753000259,80.1917877197,56843,56853,10
12.7753801346,80.1923370361,56853,56863,10
12.7749700546,80.1930084229,56863,56873,10
12.7746801376,80.1937332153,56873,56883,10
12.7746200562,80.193901062,56883,56893,10
12.7744903564,80.1945114136,56893,56903,10
12.7742996216,80.1953887939,56903,56913,10
12.7742595673,80.1959609985,56913,56923,10
12.7742395401,80.1960601807,56923,56933,10
12.7742099762,80.196647644,56933,56944,11
12.7741498947,80.1976165771,56944,56954,10
12.7741098404,80.1986312866,56954,56964,10
12.7740001678,80.1998062134,56964,56974,10
12.773900032,80.2010879517,56974,56984,10
12.7737903595,80.2024078369,56984,56994,10
12.7735300064,80.2036972046,56994,57004,10
12.7733697891,80.2049865723,57004,57014,10
12.7731399536,80.2061462402,57014,57024,10
12.7730197906,80.2065811157,57024,57034,10
12.772939682,80.2068710327,57034,57043,9
12.7727603912,80.2075119019,57043,57055,12
12.7724504471,80.2086486816,57055,57065,10
12.7720804214,80.2098007202,57065,57075,10
12.7715702057,80.2107696533,57075,57085,10
12.7711200714,80.2117614746,57085,57095,10
12.7708997726,80.2127990723,57095,57105,10
12.771030426,80.2132110596,57105,57115,10
12.771030426,80.2132034302,57115,57125,10
12.7713899612,80.2133102417,57125,57135,10
12.7721204758,80.2135772705,57135,57145,10
12.773059845,80.2139282227,57145,57156,11
12.7743701935,80.2144393921,57156,57166,10
12.7756900787,80.2149810791,57166,57176,10
12.7770700455,80.2155380249,57176,57186,10
12.778459549,80.2161483765,57186,57196,10
12.7798099518,80.2168579102,57196,57206,10
12.7811603546,80.217590332,57206,57216,10
12.7825202942,80.2183227539,57216,57226,10
12.7837200165,80.2190170288,57226,57236,10
12.7845602036,80.2194900513,57236,57246,10
12.7848901749,80.2196502686,57246,57256,10
12.7850704193,80.2197036743,57256,57267,11
12.7850799561,80.2197036743,57267,57277,10
12.785320282,80.2198562622,57277,57317,40
12.785320282,80.2198562622,57317,57327,10
12.7856302261,80.2200775146,57327,57388,61
12.7856302261,80.2200775146,57388,57398,10
12.7859201431,80.220199585,57398,57408,10
12.7860603333,80.2202224731,57408,57418,10
12.7861795425,80.2202835083,57418,57428,10
12.7865200043,80.2204284668,57428,57438,10
12.7868099213,80.2205429077,57438,57458,20
12.7868099213,80.2205429077,57458,57468,10
12.7870397568,80.2206497192,57468,57478,10
12.787320137,80.2207336426,57478,57489,11
12.7877597809,80.2209320068,57489,57499,10
12.7883996964,80.2211837769,57499,57509,10
12.7891397476,80.2214584351,57509,57519,10
12.789899826,80.2217102051,57519,57529,10
12.7908401489,80.2219467163,57529,57539,10
12.791970253,80.2222290039,57539,57549,10
12.7932195663,80.2224578857,57549,57559,10
12.794500351,80.22265625,57559,57569,10
12.7957801819,80.2228927612,57569,57579,10
12.7964696884,80.2229919434,57579,57589,10
12.7965803146,80.2229919434,57589,57600,11
12.7971801758,80.2230987549,57600,57610,10
12.7980003357,80.2232589722,57610,57620,10
12.7989997864,80.2233810425,57620,57630,10
12.800160408,80.223487854,57630,57640,10
12.8013601303,80.2236099243,57640,57660,20
12.8013601303,80.2236099243,57660,57670,10
12.8013896942,80.2236175537,57670,57680,10
12.8018198013,80.2236480713,57680,57690,10
12.8025598526,80.2237472534,57690,57701,11
12.8030900955,80.2238311768,57701,57711,10
12.8036298752,80.2238922119,57711,57721,10
12.804400444,80.2239608765,57721,57731,10
12.8051900864,80.2240905762,57731,57741,10
12.8055696487,80.2241973877,57741,57751,10
12.8057003021,80.2242584229,57751,57761,10
12.8061199188,80.2246170044,57761,57771,10
12.8067598343,80.2251663208,57771,57781,10
12.8075304031,80.2258377075,57781,57791,10
12.8084402084,80.226600647,57791,57801,10
12.8094797134,80.2273788452,57801,57812,11
12.8108596802,80.2279891968,57812,57822,10
12.8121995926,80.228477478,57822,57832,10
12.8135795593,80.2289581299,57832,57842,10
12.8150196075,80.2292785645,57842,57852,10
12.8164596558,80.2294769287,57852,57862,10
12.8178195953,80.2299423218,57862,57872,10
12.8190402985,80.23046875,57872,57882,10
12.8201198578,80.2304916382,57882,57892,10
12.8213396072,80.23046875,57892,57902,10
12.8226699829,80.2307510376,57902,57912,10
12.8240299225,80.2311325073,57912,57923,11
12.8255195618,80.2313766479,57923,57933,10
12.8268699646,80.2312469482,57933,57943,10
12.8280897141,80.2306900024,57943,57953,10
12.8292798996,80.2300567627,57953,57963,10
12.8304195404,80.2296066284,57963,57973,10
12.8310003281,80.2293624878,57973,57983,10
12.8310003281,80.229347229,57983,57993,10
12.8314695358,80.2292327881,57993,58013,20
12.8314695358,80.2292327881,58013,58023,10
12.8315601349,80.2291793823,58023,58034,11
12.831990242,80.2290725708,58034,58044,10
12.8327198029,80.2289428711,58044,58054,10
12.8336801529,80.2287979126,58054,58064,10
12.834810257,80.2286300659,58064,58074,10
12.8360700607,80.2284469604,58074,58084,10
12.8373098373,80.2282409668,58084,58094,10
12.8383703232,80.2280502319,58094,58104,10
12.8388299942,80.2279281616,58104,58114,10
12.8390102386,80.2278594971,58114,58123,9
12.8391895294,80.2277832031,58123,58195,72
12.8391895294,80.2277832031,58195,58205,10
12.8395595551,80.2276229858,58205,58215,10
12.8400697708,80.2275009155,58215,58225,10
12.8408603668,80.2273101807,58225,58235,10
12.841799736,80.2270812988,58235,58246,11
12.8430299759,80.2268676758,58246,58256,10
12.8442497253,80.2266921997,58256,58266,10
12.845290184,80.226600647,58266,58276,10
12.8453998566,80.2265930176,58276,58286,10
12.845580101,80.2265625,58286,58296,10
12.8461103439,80.2265625,58296,58306,10
12.8469200134,80.2265777588,58306,58316,10
12.8479299545,80.2265701294,58316,58326,10
12.8490600586,80.2265625,58326,58336,10
12.8500204086,80.2265319824,58336,58345,9
12.8501195908,80.2265396118,58345,58357,12
12.8506298065,80.2265701294,58357,58367,10
12.8514003754,80.226600647,58367,58377,10
12.8523397446,80.2266616821,58377,58387,10
12.8534402847,80.2266769409,58387,58397,10
12.854590416,80.2265319824,58397,58407,10
12.8558998108,80.2263870239,58407,58417,10
12.8572597504,80.2262268066,58417,58427,10
12.8586597443,80.2262496948,58427,58437,10
12.8600301743,80.2264404297,58437,58447,10
12.8608503342,80.2265167236,58447,58458,11
12.86095047,80.2265396118,58458,58468,10
12.8613395691,80.2265319824,58468,58478,10
12.8621501923,80.2265090942,58478,58488,10
12.8630895615,80.2264709473,58488,58498,10
12.8642196655,80.2265090942,58498,58508,10
12.865480423,80.2265472412,58508,58518,10
12.866809845,80.2264785767,58518,58528,10
12.8682003021,80.2263336182,58528,58538,10
12.8696804047,80.2264633179,58538,58548,10
12.8711900711,80.226600647,58548,58558,10
12.8725595474,80.2266387939,58558,58569,11
12.8739204407,80.2267227173,58569,58579,10
12.8752803802,80.2268676758,58579,58619,40
12.8752803802,80.2268676758,58619,58629,10
12.8756999969,80.2268981934,58629,58659,30
12.8756999969,80.2268981934,58659,58668,9
12.8757400513,80.2268371582,58668,58680,12
12.875869751,80.2268676758,58680,58690,10
12.8760995865,80.2268676758,58690,58700,10
12.8765296936,80.2268829346,58700,58710,10
12.8767004013,80.2268829346,58710,58720,10
12.8768701553,80.226852417,58720,58730,10
12.877530098,80.2267990112,58730,58740,10
12.8784198761,80.2267227173,58740,58750,10
12.8795003891,80.2266693115,58750,58760,10
12.8807601929,80.2266311646,58760,58770,10
12.8820495605,80.2266235352,58770,58780,10
12.8833398819,80.2266235352,58780,58791,11
12.88463974,80.2266082764,58791,58801,10
12.8852796555,80.2266387939,58801,58811,10
12.8853702545,80.2266769409,58811,58821,10
12.8858203888,80.2267990112,58821,58831,10
12.8865699768,80.2270126343,58831,58841,10
12.8875303268,80.2272186279,58841,58851,10
12.8886804581,80.2273025513,58851,58861,10
12.8900003433,80.2272796631,58861,58871,10
12.8914003372,80.2272720337,58871,58881,10
12.892250061,80.2272872925,58881,58892,11
12.8925800323,80.2273101807,58892,58902,10
12.893239975,80.2273864746,58902,58912,10
12.8941297531,80.2275238037,58912,58922,10
12.8952302933,80.2275924683,58922,58932,10
12.8963603973,80.2276229858,58932,58942,10
12.8970098495,80.2276306152,58942,58952,10
12.8973398209,80.2276611328,58952,58962,10
12.8976898193,80.2276763916,58962,58992,30
12.8976898193,80.2276763916,58992,59003,11
12.8978300095,80.2276992798,59003,59013,10
12.8978700638,80.2277069092,59013,59023,10
12.8980903625,80.2276916504,59023,59033,10
12.8983097076,80.2276992798,59033,59053,20
12.8983097076,80.2276992798,59053,59063,10
12.8983697891,80.2277297974,59063,59073,10
12.898440361,80.2277297974,59073,59083,10
12.898639679,80.227722168,59083,59093,10
12.8989400864,80.2277374268,59093,59103,10
12.8993301392,80.2277679443,59103,59114,11
12.8996896744,80.2278137207,59114,59124,10
12.9000797272,80.2278289795,59124,59134,10
12.900270462,80.2278366089,59134,59144,10
12.9005699158,80.2278671265,59144,59214,70
12.9005699158,80.2278671265,59214,59225,11
12.9012498856,80.2279510498,59225,59235,10
12.9019498825,80.2279815674,59235,59245,10
12.9026498795,80.2279891968,59245,59255,10
12.902759552,80.2279891968,59255,59265,10
12.9032497406,80.2280197144,59265,59275,10
12.9040298462,80.2280731201,59275,59285,10
12.9050397873,80.2281265259,59285,59295,10
12.9059295654,80.2281723022,59295,59304,9
12.9062299728,80.2282028198,59304,59315,11
12.9068403244,80.2282409668,59315,59325,10
12.9075403214,80.2283401489,59325,59336,11
12.9085702896,80.2285003662,59336,59346,10
12.9097003937,80.2286987305,59346,59356,10
12.910900116,80.2288970947,59356,59366,10
12.9121599197,80.229057312,59366,59376,10
12.9139900208,80.2292785645,59376,59396,20
12.9139900208,80.2292785645,59396,59406,10
12.9144201279,80.2293624878,59406,59416,10
12.9151096344,80.2294616699,59416,59426,10
12.9160404205,80.2296066284,59426,59437,11
12.9172897339,80.2298126221,59437,59447,10
12.9184799194,80.2299575806,59447,59457,10
12.9197902679,80.2301101685,59457,59467,10
12.9211797714,80.2302398682,59467,59477,10
12.9226198196,80.2304000854,59477,59487,10
12.9241304398,80.230682373,59487,59497,10
12.9255399704,80.2308502197,59497,59507,10
12.9261302948,80.2308883667,59507,59517,10
12.9262800217,80.2309570313,59517,59527,10
12.9268302917,80.2310333252,59527,59536,9
12.9275798798,80.2311019897,59536,59548,12
12.9288396835,80.2312774658,59548,59558,10
12.9300098419,80.2315292358,59558,59568,10
12.9312696457,80.2318496704,59568,59578,10
12.9325199127,80.2322616577,59578,59588,10
12.9335298538,80.2326431274,59588,59598,10
12.9337100983,80.232749939,59598,59608,10
12.9337797165,80.2328262329,59608,59618,10
12.9341201782,80.232963562,59618,59628,10
12.934800148,80.2332763672,59628,59638,10
12.9356298447,80.2336730957,59638,59647,9
12.9364595413,80.2340698242,59647,59659,12
12.9376802444,80.2346420288,59659,59669,10
12.9387702942,80.235168457,59669,59679,10
12.9395599365,80.2355804443,59679,59689,10
12.9396800995,80.2356414795,59689,59699,10
12.9399900436,80.2357635498,59699,59709,10
12.9406499863,80.2359771729,59709,59719,10
12.9415197372,80.2362213135,59719,59729,10
12.9425296783,80.2365112305,59729,59739,10
12.9434700012,80.237159729,59739,59749,10
12.944319725,80.2380065918,59749,59760,11
12.9452600479,80.2389984131,59760,59770,10
12.9460802078,80.2395095825,59770,59780,10
12.9472799301,80.2399978638,59780,59800,20
12.9472799301,80.2399978638,59800,59810,10
12.9474601746,80.2400894165,59810,59820,10
12.9478797913,80.2402572632,59820,59830,10
12.9485797882,80.240562439,59830,59840,10
12.9494895935,80.2409133911,59840,59850,10
12.950510025,80.2412109375,59850,59860,10
12.9511203766,80.2414016724,59860,59871,11
12.9511995316,80.2414321899,59871,59881,10
12.9516000748,80.2416000366,59881,59891,10
12.9523000717,80.2418823242,59891,59901,10
12.9531602859,80.2422180176,59901,59911,10
12.9541902542,80.2426223755,59911,59921,10
12.9550304413,80.2429199219,59921,59931,10
12.955739975,80.2431488037,59931,59941,10
12.9563903809,80.2433624268,59941,59951,10
12.9567899704,80.243522644,59951,59961,10
12.9574699402,80.2438735962,59961,59970,9
12.9581804276,80.2442092896,59970,59982,12
12.9587097168,80.244430542,59982,59992,10
12.9587802887,80.2444763184,59992,60002,10
12.9591703415,80.2446594238,60002,60012,10
12.9598302841,80.2449798584,60012,60022,10
12.9606599808,80.2453613281,60022,60032,10
12.9616804123,80.2458190918,60032,60042,10
12.963060379,80.2464599609,60042,60062,20
12.963060379,80.2464599609,60062,60071,9
12.963139534,80.2464981079,60071,60083,12
12.9635601044,80.246711731,60083,60093,10
12.9642000198,80.2469787598,60093,60103,10
12.9649801254,80.2472763062,60103,60113,10
12.9658403397,80.2475585938,60113,60123,10
12.9665803909,80.2478713989,60123,60133,10
12.9667396545,80.2479400635,60133,60143,10
12.9669103622,80.2480316162,60143,60153,10
12.9674396515,80.248298645,60153,60163,10
12.9682397842,80.2486419678,60163,60173,10
12.9690999985,80.2490005493,60173,60183,10
12.9700202942,80.2493515015,60183,60194,11
12.9712200165,80.2497711182,60194,60204,10
12.9723396301,80.2500686646,60204,60214,10
12.9734401703,80.2503509521,60214,60224,10
12.9745502472,80.2506332397,60224,60234,10
12.9756402969,80.2509307861,60234,60244,10
12.9768600464,80.2512664795,60244,60254,10
12.9779195786,80.2519073486,60254,60264,10
12.9785499573,80.2523498535,60264,60274,10
12.9785499573,80.2523574829,60274,60284,10
12.9787797928,80.2525024414,60284,60294,10
12.9792203903,80.252571106,60294,60305,11
12.9795598984,80.2526016235,60305,60315,10
12.9799900055,80.2526321411,60315,60325,10
12.9806203842,80.2526397705,60325,60335,10
12.981470108,80.2526092529,60335,60345,10
12.9823904037,80.2526016235,60345,60355,10
12.984120369,80.2523117065,60355,60426,71
12.984120369,80.2523117065,60426,60436,10
12.9844398499,80.2522506714,60436,60446,10
12.9844799042,80.252243042,60446,60456,10
12.9847402573,80.252166748,60456,60466,10
12.9854803085,80.2519607544,60466,60496,30
12.9854803085,80.2519607544,60496,60506,10
12.9858102798,80.2518386841,60506,60577,71
12.9858102798,80.2518386841,60577,60587,10
12.9861803055,80.2516937256,60587,60597,10
12.9867095947,80.2516021729,60597,60607,10
12.9875001907,80.2514190674,60607,60617,10
12.9878997803,80.2515411377,60617,60628,11
12.9880304337,80.2522277832,60628,60638,10
12.9879999161,80.2527389526,60638,60648,10
12.9879999161,80.2527694702,60648,60658,10
12.9879398346,80.2530899048,60658,60668,10
12.9878702164,80.2538299561,60668,60678,10
12.9878702164,80.2546005249,60678,60698,20
12.9878702164,80.2546005249,60698,60708,10
12.9878101349,80.2547302246,60708,60718,10
12.9877796173,80.2550888062,60718,60729,11
12.987739563,80.2553863525,60729,60739,10
12.9877099991,80.2557067871,60739,60749,10
12.9880800247,80.2557525635,60749,60769,20
12.9880800247,80.2557525635,60769,60779,10
12.9885597229,80.2558822632,60779,60789,10
12.9887695313,80.2559127808,60789,60799,10
12.9890203476,80.2559509277,60799,60809,10
12.9895496368,80.2559814453,60809,60819,10
12.9900598526,80.2559890747,60819,60828,9
12.9904098511,80.2559585571,60828,60840,12
12.9911499023,80.2560272217,60840,60850,10
12.9918003082,80.2559967041,60850,60860,10
12.9926700592,80.2559967041,60860,60870,10
12.9934797287,80.2559661865,60870,60880,10
12.9941196442,80.2559509277,60880,60890,10
12.994720459,80.2558670044,60890,60900,10
12.9951896667,80.2558517456,60900,60910,10
12.9956102371,80.2558364868,60910,60920,10
12.9962997437,80.2558288574,60920,60971,51
12.9962997437,80.2558288574,60971,60981,10
12.9964103699,80.255859375,60981,60991,10
12.9967098236,80.255821228,60991,61001,10
12.9970998764,80.2558288574,61001,61011,10
12.9976501465,80.2558670044,61011,61021,10
12.9982995987,80.2559432983,61021,61031,10
12.9986400604,80.2559585571,61031,61041,10
12.9986495972,80.2559661865,61041,61052,11
12.9988803864,80.2560577393,61052,61062,10
12.9993801117,80.2561035156,61062,61072,10
12.9999103546,80.2562179565,61072,61082,10
13.0005903244,80.2563171387,61082,61102,20
13.0005903244,80.2563171387,61102,61112,10
13.0007696152,80.256401062,61112,61122,10
13.0010700226,80.2564926147,61122,61132,10
13.0015201569,80.2565383911,61132,61142,10
13.0020704269,80.2566299438,61142,61152,10
13.002699852,80.2567367554,61152,61163,11
13.0034303665,80.2568664551,61163,61173,10
13.0040798187,80.257019043,61173,61183,10
13.0046596527,80.2570724487,61183,61193,10
13.0053596497,80.2572631836,61193,61203,10
13.0061197281,80.2574005127,61203,61243,40
13.0061197281,80.2574005127,61243,61253,10
13.0063896179,80.2574386597,61253,61263,10
13.0065002441,80.2572097778,61263,61274,11
13.0065002441,80.2567062378,61274,61284,10
13.006480217,80.2560806274,61284,61294,10
13.0065002441,80.2552719116,61294,61304,10
13.0065002441,80.2543716431,61304,61314,10
13.0065097809,80.2534866333,61314,61324,10
13.0065097809,80.2531204224,61324,61334,10
13.0064897537,80.2528991699,61334,61344,10
13.0065498352,80.2526321411,61344,61354,10
13.0066995621,80.2526626587,61354,61364,10
13.0066604614,80.2529067993,61364,62687,1323
13.0066604614,80.2529067993,62687,62697,10
13.0067100525,80.2532196045,62697,63151,454
13.0065603256,80.25340271,63151,63726,575
13.0065603256,80.25340271,63726,63736,10
13.0066699982,80.2536621094,63736,63746,10
13.0066795349,80.2537384033,63746,63756,10
13.0066699982,80.2539825439,63756,63766,10
13.0066404343,80.2543563843,63766,63777,11
13.0066003799,80.2547683716,63777,63787,10
13.0066099167,80.2550735474,63787,63797,10
13.0066003799,80.2555618286,63797,63807,10
13.0065898895,80.2562637329,63807,63817,10
13.0066099167,80.2570114136,63817,63827,10
13.0065402985,80.2575073242,63827,63837,10
13.0063400269,80.257522583,63837,63847,10
13.0059404373,80.2574310303,63847,63857,10
13.0052604675,80.257270813,63857,63867,10
13.0044698715,80.2571487427,63867,63878,11
13.0035200119,80.2569580078,63878,63888,10
13.0029296875,80.2568435669,63888,63918,30
13.0029296875,80.2568435669,63918,63928,10
13.0027399063,80.2567825317,63928,63938,10
13.0024995804,80.256729126,63938,63948,10
13.0020198822,80.2566833496,63948,63958,10
13.0014600754,80.2565917969,63958,64029,71
13.0014600754,80.2565917969,64029,64039,10
13.0011997223,80.2565383911,64039,64049,10
13.0006599426,80.2564620972,64049,64059,10
12.9999198914,80.2563018799,64059,64069,10
12.9993000031,80.2562103271,64069,64079,10
12.9984703064,80.2560806274,64079,64120,41
12.9984703064,80.2560806274,64120,64130,10
12.9982004166,80.2560119629,64130,64140,10
12.9976902008,80.2559661865,64140,64160,20
12.9976902008,80.2559661865,64160,64170,10
12.9974899292,80.2559967041,64170,64180,10
12.9970998764,80.2559661865,64180,64190,10
12.9968395233,80.2559432983,64190,64201,11
12.9961004257,80.2559127808,64201,64221,20
12.9961004257,80.2559127808,64221,64231,10
12.9957799911,80.2559432983,64231,64241,10
12.9954099655,80.2559509277,64241,64251,10
12.9949302673,80.2559127808,64251,64261,10
12.9941997528,80.2559967041,64261,64271,10
12.9933996201,80.2560424805,64271,64281,10
12.9924497604,80.2561035156,64281,64291,10
12.9916696548,80.2560806274,64291,64301,10
12.9912099838,80.2560882568,64301,64312,11
12.9903497696,80.2560501099,64312,64322,10
12.9894895554,80.2559890747,64322,64332,10
12.9885597229,80.2559280396,64332,64342,10
12.9878396988,80.2558822632,64342,64503,161
12.9878396988,80.2558822632,64503,64513,10
12.9874000549,80.2557220459,64513,64524,11
12.9866895676,80.2555999756,64524,64534,10
12.9861898422,80.2555236816,64534,64544,10
12.9861698151,80.2555084229,64544,64554,10
12.9859304428,80.2554931641,64554,64564,10
12.9855003357,80.2554092407,64564,64574,10
12.9848098755,80.2552337646,64574,64584,10
12.9840898514,80.2550201416,64584,64594,10
12.9832496643,80.2548217773,64594,64604,10
12.9824104309,80.2545394897,64604,64614,10
12.9819602966,80.2539367676,64614,64624,10
12.9817895889,80.2531967163,64624,64635,11
12.981089592,80.2527999878,64635,64645,10
12.9802999496,80.2527923584,64645,64655,10
12.9795198441,80.2527084351,64655,64665,10
12.9788703918,80.2526092529,64665,64675,10
12.9787902832,80.2526016235,64675,64685,10
12.9787101746,80.2525787354,64685,64695,10
12.9783296585,80.2523880005,64695,64705,10
12.9777202606,80.2518615723,64705,64715,10
12.9767999649,80.2513198853,64715,64725,10
12.9756002426,80.2509613037,64725,64735,10
12.9742898941,80.2505874634,64735,64746,11
12.9727897644,80.2501983643,64746,64756,10
12.9714097977,80.2498474121,64756,64766,10
12.9700298309,80.2494125366,64766,64776,10
12.9687404633,80.248916626,64776,64786,10
12.967880249,80.2485580444,64786,64796,10
12.9670495987,80.2482223511,64796,64806,10
12.9661502838,80.2478027344,64806,64816,10
12.9652299881,80.247428894,64816,64836,20
12.9652299881,80.247428894,64836,64847,11
12.9649295807,80.2473068237,64847,64857,10
12.9643001556,80.2470703125,64857,64867,10
12.9636497498,80.2468185425,64867,64877,10
12.9629898071,80.2464370728,64877,64887,10
12.9620800018,80.2460021973,64887,64897,10
12.9610300064,80.2454986572,64897,64907,10
12.9601402283,80.2451171875,64907,64917,10
12.9594898224,80.2448425293,64917,64937,20
12.9594898224,80.2448425293,64937,64947,10
12.9591598511,80.2446594238,64947,64958,11
12.958439827,80.2443466187,64958,64968,10
12.9578504562,80.2441177368,64968,64978,10
12.9571695328,80.2438201904,64978,64988,10
12.9565401077,80.2435836792,64988,64998,10
12.9562397003,80.2434616089,64998,65008,10
12.9555196762,80.2431564331,65008,65018,10
12.9546298981,80.2427902222,65018,65028,10
12.9537000656,80.2424163818,65028,65038,10
12.9527301788,80.2420196533,65038,65048,10
12.9517402649,80.2416915894,65048,65069,21
12.9517402649,80.2416915894,65069,65079,10
12.9514198303,80.2415771484,65079,65089,10
12.9508304596,80.2413787842,65089,65099,10
12.9500303268,80.2411422729,65099,65109,10
12.9497900009,80.2410583496,65109,65119,10
12.9494400024,80.2409362793,65119,65129,10
12.9490404129,80.2407989502,65129,65139,10
12.9484701157,80.2405776978,65139,65149,10
12.9476995468,80.2402496338,65149,65159,10
12.9472103119,80.2400588989,65159,65170,11
12.9471197128,80.2400283813,65170,65180,10
12.9469099045,80.2399368286,65180,65190,10
12.9463396072,80.2397003174,65190,65200,10
12.9455795288,80.2393264771,65200,65210,10
12.9448099136,80.2386932373,65210,65220,10
12.9440002441,80.2378234863,65220,65230,10
12.9431400299,80.2369537354,65230,65240,10
12.9420003891,80.2364120483,65240,65250,10
12.9407501221,80.2360916138,65250,65260,10
12.9399499893,80.2358779907,65260,65270,10
12.9398202896,80.2358322144,65270,65281,11
12.9395599365,80.2356872559,65281,65291,10
12.9389400482,80.2353591919,65291,65301,10
12.938079834,80.2349395752,65301,65311,10
12.937040329,80.2344436646,65311,65321,10
12.9359102249,80.2339019775,65321,65331,10
12.9348297119,80.2334136963,65331,65341,10
12.9339704514,80.233039856,65341,65351,10
12.9339399338,80.2330322266,65351,65361,10
12.9337997437,80.2329483032,65361,65371,10
12.9332895279,80.2326889038,65371,65381,10
12.932559967,80.2323989868,65381,65392,11
12.9315099716,80.2320480347,65392,65402,10
12.930390358,80.2316894531,65402,65412,10
12.9293899536,80.2314682007,65412,65422,10
12.928730011,80.2313613892,65422,65432,10
12.9279203415,80.2312393188,65432,65442,10
12.9268703461,80.2311172485,65442,65452,10
12.9261198044,80.2310409546,65452,65462,10
12.9260597229,80.2310180664,65462,65472,10
12.925620079,80.2309799194,65472,65481,9
12.9249696732,80.2309036255,65481,65493,12
12.9238700867,80.2307510376,65493,65503,10
12.9227104187,80.2305679321,65503,65513,10
12.9213895798,80.2303695679,65513,65523,10
12.9199895859,80.2301864624,65523,65533,10
12.918589592,80.2300109863,65533,65543,10
12.9172000885,80.2298278809,65543,65553,10
12.9159698486,80.2296676636,65553,65563,10
12.914730072,80.2294998169,65563,65573,10
12.9137496948,80.2293624878,65573,65583,10
12.9133901596,80.2293395996,65583,65593,10
12.9133996964,80.2293395996,65593,65604,11
12.913020134,80.2292633057,65604,65614,10
12.9123802185,80.2291564941,65614,65624,10
12.9114999771,80.2290420532,65624,65634,10
12.9104299545,80.2288894653,65634,65644,10
12.9092302322,80.2286987305,65644,65654,10
12.9077997208,80.228477478,65654,65694,40
12.9077997208,80.228477478,65694,65705,11
12.9077396393,80.2285079956,65705,65715,10
12.9073801041,80.2284469604,65715,65725,10
12.9068202972,80.2283935547,65725,65735,10
12.906539917,80.2283477783,65735,65745,10
12.9063196182,80.2283172607,65745,65755,10
12.9059295654,80.228302002,65755,65765,10
12.9051799774,80.2282562256,65765,65775,10
12.9043397903,80.2282104492,65775,65785,10
12.9035396576,80.2281570435,65785,65795,10
12.9026298523,80.2281036377,65795,65804,9
12.9020795822,80.2280578613,65804,65856,52
12.9020795822,80.2280578613,65856,65866,10
12.9019699097,80.2280197144,65866,65876,10
12.9015703201,80.2279968262,65876,65886,10
12.9011001587,80.2279968262,65886,65896,10
12.9006299973,80.2279663086,65896,65906,10
12.9003400803,80.2279510498,65906,65916,10
12.9000396729,80.2279434204,65916,65927,11
12.8996200562,80.2279205322,65927,65937,10
12.8994998932,80.227897644,65937,65957,20
12.8994998932,80.227897644,65957,65967,10
12.8994503021,80.2279129028,65967,65977,10
12.8992996216,80.2279129028,65977,65987,10
12.8991203308,80.227897644,65987,65997,10
12.8985700607,80.2278594971,65997,66007,10
12.8977499008,80.2278137207,66007,66016,9
12.8968601227,80.2277679443,66016,66028,12
12.8955001831,80.2276992798,66028,66038,10
12.8942499161,80.2276306152,66038,66048,10
12.8927202225,80.2274932861,66048,66098,50
12.8927202225,80.2274932861,66098,66108,10
12.8924398422,80.2274703979,66108,66118,10
12.8917303085,80.2274398804,66118,66128,10
12.8907804489,80.2274169922,66128,66139,11
12.8894996643,80.2274093628,66139,66149,10
12.888299942,80.2273788452,66149,66159,10
12.8870897293,80.2272186279,66159,66169,10
12.8858499527,80.2269210815,66169,66179,10
12.8849496841,80.2267837524,66179,66199,20
12.8849496841,80.2267837524,66199,66209,10
12.8849401474,80.2267913818,66209,66219,10
12.884519577,80.2267837524,66219,66229,10
12.8837604523,80.2267608643,66229,66239,10
12.8827695847,80.2267684937,66239,66250,11
12.881480217,80.2267837524,66250,66260,10
12.8801803589,80.2267913818,66260,66270,10
12.8788099289,80.2268295288,66270,66280,10
12.8774499893,80.2269287109,66280,66290,10
12.8765096664,80.2270202637,66290,66310,20
12.8765096664,80.2270202637,66310,66320,10
12.876250267,80.2270278931,66320,66330,10
12.875670433,80.2270126343,66330,66340,10
12.8748197556,80.2269210815,66340,66351,11
12.8737201691,80.2267913818,66351,66361,10
12.8727703094,80.2267608643,66361,66371,10
12.8726301193,80.2267608643,66371,66381,10
12.8723096848,80.2267532349,66381,66391,10
12.8716602325,80.2267227173,66391,66401,10
12.8708200455,80.2266769409,66401,66411,10
12.8697900772,80.2265777588,66411,66421,10
12.8686304092,80.2264633179,66421,66431,10
12.8674201965,80.2265014648,66431,66441,10
12.8663301468,80.2265930176,66441,66451,10
12.8651695251,80.2266311646,66451,66462,11
12.8638401031,80.2265930176,66462,66472,10
12.8626203537,80.2265930176,66472,66482,10
12.8609600067,80.2266616821,66482,66502,20
12.8609600067,80.2266616821,66502,66522,20
12.8603696823,80.2265777588,66522,66532,10
12.85958004,80.2264709473,66532,66542,10
12.8586397171,80.2263412476,66542,66552,10
12.8575201035,80.22631073,66552,66563,11
12.8561496735,80.2264328003,66563,66573,10
12.8548002243,80.2265777588,66573,66583,10
12.8534698486,80.2267227173,66583,66593,10
12.8520898819,80.2267074585,66593,66603,10
12.8507099152,80.2266616821,66603,66613,10
12.8500003815,80.2266616821,66613,66623,10
12.8499498367,80.2266616821,66623,66633,10
12.8494901657,80.2266387939,66633,66643,10
12.8486604691,80.2266311646,66643,66653,10
12.8476104736,80.2266387939,66653,66662,9
12.8465299606,80.2266616821,66662,66674,12
12.8454303741,80.2266616821,66674,66694,20
12.8454303741,80.2266616821,66694,66704,10
12.8453903198,80.2266693115,66704,66714,10
12.8450403214,80.2266769409,66714,66724,10
12.8444099426,80.2267379761,66724,66734,10
12.8436002731,80.2267990112,66734,66744,10
12.8426704407,80.2269821167,66744,66754,10
12.8415603638,80.2272262573,66754,66764,10
12.8404903412,80.2275314331,66764,66775,11
12.8397397995,80.2277374268,66775,66795,20
12.8397397995,80.2277374268,66795,66805,10
12.8394298553,80.2278366089,66805,66815,10
12.8388795853,80.2279815674,66815,66825,10
12.8381299973,80.2281570435,66825,66835,10
12.837220192,80.2283401489,66835,66845,10
12.8361701965,80.228477478,66845,66855,10
12.8350801468,80.2286376953,66855,66865,10
12.8340196609,80.2288208008,66865,66875,10
12.8324098587,80.2291412354,66875,66916,41
12.8324098587,80.2291412354,66916,66926,10
12.8322601318,80.229133606,66926,66936,10
12.8320302963,80.2291793823,66936,66946,10
12.8316602707,80.2292785645,66946,66956,10
12.8311004639,80.2294311523,66956,66966,10
12.8304700851,80.2296524048,66966,66976,10
12.8298101425,80.2298965454,66976,66986,10
12.8291397095,80.2301712036,66986,66997,11
12.8283901215,80.2305679321,66997,67007,10
12.8276395798,80.2309799194,67007,67017,10
12.8268604279,80.231300354,67017,67027,10
12.8260097504,80.2313995361,67027,67037,10
12.8250999451,80.2314376831,67037,67047,10
12.8242101669,80.231300354,67047,67057,10
12.8233098984,80.2310409546,67057,67067,10
12.8224000931,80.2307510376,67067,67077,10
12.8214797974,80.2305374146,67077,67087,10
12.820520401,80.2305221558,67087,67097,10
12.8195896149,80.2305526733,67097,67108,11
12.8189096451,80.2305374146,67108,67118,10
12.8189001083,80.2305374146,67118,67128,10
12.8187904358,80.2304992676,67128,67138,10
12.8182897568,80.2302398682,67138,67148,10
12.8175201416,80.2298812866,67148,67158,10
12.8165397644,80.2295608521,67158,67168,10
12.815369606,80.2293930054,67168,67178,10
12.8141202927,80.2291793823,67178,67188,10
12.8128299713,80.2287826538,67188,67198,10
12.8114995956,80.228302002,67198,67209,11
12.8100099564,80.2276992798,67209,67219,10
12.8087701797,80.2269897461,67219,67229,10
12.8078098297,80.2261962891,67229,67239,10
12.8071804047,80.2256622314,67239,67249,10
12.8067798615,80.2253112793,67249,67259,10
12.8066196442,80.225151062,67259,67269,10
12.8063201904,80.2248916626,67269,67279,10
12.8058795929,80.2245025635,67279,67289,10
12.8049602509,80.224067688,67289,67320,31
12.8049602509,80.224067688,67320,67330,10
12.8046798706,80.2240219116,67330,67340,10
12.8041000366,80.2239685059,67340,67350,10
12.8034000397,80.2239074707,67350,67360,10
12.8025798798,80.2238006592,67360,67370,10
12.8016700745,80.2237014771,67370,67380,10
12.8009595871,80.2236633301,67380,67390,10
12.8008899689,80.2236480713,67390,67400,10
12.8006000519,80.2236099243,67400,67410,10
12.8000297546,80.2235336304,67410,67421,11
12.7991600037,80.2234725952,67421,67431,10
12.7981595993,80.2233581543,67431,67441,10
12.7970695496,80.2231903076,67441,67451,10
12.7960996628,80.2230300903,67451,67461,10
12.7958602905,80.2229766846,67461,67471,10
12.7956695557,80.2229537964,67471,67481,10
12.7951498032,80.2228469849,67481,67491,10
12.7943696976,80.2227172852,67491,67501,10
12.7934503555,80.2225799561,67501,67511,10
12.7924003601,80.2224121094,67511,67520,9
12.7914400101,80.2221679688,67520,67532,12
12.7902097702,80.2218780518,67532,67542,10
12.7897796631,80.2217712402,67542,67552,10
12.7895097733,80.2216567993,67552,67562,10
12.7890100479,80.2214584351,67562,67572,10
12.7883996964,80.2212219238,67572,67582,10
12.7879400253,80.2210464478,67582,67592,10
12.7876501083,80.2209396362,67592,67622,30
12.7876501083,80.2209396362,67622,67632,10
12.7875204086,80.2209091187,67632,67643,11
12.7874202728,80.2208709717,67643,67653,10
12.7871704102,80.2207565308,67653,67663,10
12.7868204117,80.2206420898,67663,67693,30
12.7868204117,80.2206420898,67693,67703,10
12.7867002487,80.2205963135,67703,67713,10
12.7863397598,80.2204589844,67713,67723,10
12.7859897614,80.2203216553,67723,67733,10
12.7856197357,80.2201538086,67733,67744,11
12.7852497101,80.2199630737,67744,67754,10
12.7848501205,80.2197494507,67754,67764,10
12.7845201492,80.2195892334,67764,67804,40
12.7845201492,80.2195892334,67804,67814,10
12.7842597961,80.2194366455,67814,67824,10
12.7837696075,80.2191619873,67824,67834,10
12.7831401825,80.2188034058,67834,67844,10
12.7823896408,80.2183914185,67844,67855,11
12.7814798355,80.217880249,67855,67865,10
12.7806301117,80.2174224854,67865,67875,10
12.7797698975,80.2169494629,67875,67885,10
12.7789001465,80.2164916992,67885,67895,10
12.7779397964,80.2160186768,67895,67905,10
12.7769002914,80.2155838013,67905,67915,10
12.7758302689,80.2151412964,67915,67925,10
12.7747497559,80.2146987915,67925,67935,10
12.7736797333,80.2142791748,67935,67944,9
12.7727603912,80.2138977051,67944,67956,12
12.7715797424,80.213470459,67956,67966,10
12.7708597183,80.213218689,67966,67976,10
12.7708101273,80.2129211426,67976,67996,20
12.7708101273,80.2129211426,67996,68006,10
12.7708396912,80.2128295898,68006,68016,10
12.7709102631,80.2124786377,68016,68026,10
12.7710199356,80.2118988037,68026,68036,10
12.7713699341,80.2111206055,68036,68046,10
12.7718496323,80.2102432251,68046,68055,9
12.7722301483,80.2093429565,68055,68067,12
12.7725696564,80.2081298828,68067,68077,10
12.7728004456,80.2073364258,68077,68087,10
12.7729997635,80.2065811157,68087,68097,10
12.7730703354,80.2063598633,68097,68107,10
12.7731304169,80.2061462402,68107,68117,10
12.7732601166,80.205581665,68117,68127,10
12.7733898163,80.2047729492,68127,68137,10
12.7735204697,80.2037734985,68137,68147,10
12.7737703323,80.2026824951,68147,68157,10
12.7738304138,80.2018814087,68157,68167,10
12.7738704681,80.2013397217,68167,68178,11
12.7738800049,80.201133728,68178,68188,10
12.7739295959,80.2009429932,68188,68198,10
12.7739696503,80.2003631592,68198,68208,10
12.7740402222,80.1995620728,68208,68218,10
12.7741203308,80.198638916,68218,68228,10
12.7741603851,80.1976394653,68228,68238,10
12.7742099762,80.196647644,68238,68248,10
12.7742500305,80.1958694458,68248,68258,10
12.7742595673,80.1957473755,68258,68268,10
12.7742996216,80.1953201294,68268,68279,11
12.7744703293,80.1945724487,68279,68289,10
12.7745704651,80.1940612793,68289,68299,10
12.7746095657,80.193862915,68299,68309,10
12.7746095657,80.1938476563,68309,68319,10
12.7746601105,80.1936798096,68319,68329,10
12.7747097015,80.1934585571,68329,68339,10
12.774939537,80.1930389404,68339,68349,10
12.7753400803,80.1924514771,68349,68359,10
12.7752399445,80.1917419434,68359,68369,10
12.7749900818,80.1909408569,68369,68379,10
12.7743396759,80.1901779175,68379,68390,11
12.7732896805,80.1895217896,68390,68400,10
12.7721595764,80.1890487671,68400,68410,10
12.7712001801,80.1886825562,68410,68420,10
12.7709798813,80.1879196167,68420,68430,10
12.7708902359,80.1870269775,68430,68440,10
12.7708501816,80.1868286133,68440,68450,10
12.7708396912,80.1867294312,68450,68460,10
12.7707700729,80.1863327026,68460,68470,10
12.7707500458,80.1857528687,68470,68480,10
12.7707004547,80.1850204468,68480,68491,11
12.7704496384,80.1847076416,68491,68501,10
12.7704200745,80.1847000122,68501,68511,10
12.7701597214,80.1846313477,68511,68521,10
12.7696800232,80.1844863892,68521,68531,10
12.7690000534,80.1841583252,68531,68561,30
12.7690000534,80.1841583252,68561,68571,10
12.7687397003,80.1839294434,68571,68581,10
12.7684402466,80.1836166382,68581,68591,10
12.7680301666,80.1834182739,68591,68602,11
12.7674503326,80.1832275391,68602,68612,10
12.7669296265,80.1830062866,68612,68622,10
12.7663097382,80.1827774048,68622,68632,10
12.7657804489,80.1826934814,68632,68642,10
12.7652902603,80.1826171875,68642,68652,10
12.7646903992,80.1825408936,68652,68662,10
12.7641000748,80.1824569702,68662,68672,10
12.7636003494,80.1823883057,68672,68682,10
12.7634000778,80.1828079224,68682,68692,10
12.7631902695,80.1835632324,68692,68713,21
12.7631902695,80.1835632324,68713,68723,10
12.7630901337,80.1838531494,68723,68733,10
12.7630300522,80.184173584,68733,68743,10
12.7630596161,80.184463501,68743,68753,10
12.7630395889,80.1847763062,68753,68763,10
12.7628698349,80.1850662231,68763,68773,10
12.7624902725,80.1849975586,68773,68783,10
12.7620096207,80.1849899292,68783,68793,10
12.761469841,80.1848220825,68793,69056,263
12.761469841,80.1848220825,69056,69066,10
12.7616596222,80.1849517822,69066,69076,10
12.7619400024,80.184967041,69076,69086,10
12.7623300552,80.1849594116,69086,69096,10
12.7626800537,80.1850128174,69096,69106,10
12.7629699707,80.1849136353,69106,69116,10
12.7630300522,80.1845397949,69116,69125,9
12.7629804611,80.1842422485,69125,69137,12
12.7630195618,80.1839065552,69137,69147,10
12.7631196976,80.1836471558,69147,69157,10
12.7631998062,80.1834564209,69157,69167,10
12.7633199692,80.1830673218,69167,69177,10
12.7634496689,80.1825866699,69177,69187,10
12.7637796402,80.1824493408,69187,69197,10
12.7643003464,80.182510376,69197,69207,10
12.7648601532,80.1825866699,69207,69217,10
12.7655000687,80.1826629639,69217,69227,10
12.7660598755,80.1827316284,69227,69238,11
12.7666501999,80.1828765869,69238,69248,10
12.7671403885,80.1831207275,69248,69258,10
12.7675504684,80.1832733154,69258,69268,10
12.7678604126,80.1833877563,69268,69278,10
12.7683200836,80.1835708618,69278,69288,10
12.7686195374,80.1838378906,69288,69298,10
12.7689399719,80.1841278076,69298,69308,10
12.7691497803,80.1842575073,69308,69318,10
12.7695198059,80.1844329834,69318,69328,10
12.7700099945,80.1846084595,69328,69337,9
12.7704601288,80.1847229004,69337,69349,12
12.7706298828,80.1847763062,69349,69359,10
12.7707004547,80.1850280762,69359,69369,10
12.7707595825,80.1855773926,69369,69379,10
12.7707796097,80.1863632202,69379,69389,10
12.7709302902,80.1871871948,69389,69399,10
12.7710399628,80.1881103516,69399,69409,10
12.7714595795,80.1888275146,69409,69419,10
12.7723503113,80.1891403198,69419,69429,10
12.7733097076,80.1895599365,69429,69439,10
12.7742395401,80.1900787354,69439,69449,10
12.7749595642,80.19090271,69449,69460,11
12.7753000259,80.1919708252,69460,69470,10
12.7752799988,80.1927108765,69470,69480,10
12.7748203278,80.1933364868,69480,69490,10
12.7746896744,80.1937408447,69490,69500,10
12.7746200562,80.1939315796,69500,69510,10
12.7745704651,80.1941833496,69510,69520,10
12.7744903564,80.1945114136,69520,69530,10
12.7743501663,80.1951904297,69530,69540,10
12.7742500305,80.195892334,69540,69550,10
12.7742395401,80.1959762573,69550,69561,11
12.7742099762,80.1963500977,69561,69571,10
12.774189949,80.1970062256,69571,69581,10
12.7741498947,80.197807312,69581,69591,10
12.7741098404,80.1986999512,69591,69601,10
12.774020195,80.1996612549,69601,69611,10
12.7739696503,80.2004623413,69611,69621,10
12.773900032,80.2011032104,69621,69631,10
12.7738399506,80.2018966675,69631,69641,10
12.7737503052,80.2028427124,69641,69651,10
12.7735204697,80.2037811279,69651,69661,10
12.7733898163,80.2048416138,69661,69672,11
12.7732095718,80.2059173584,69672,69682,10
12.7729301453,80.2068481445,69682,69692,10
12.7726602554,80.2078323364,69692,69702,10
12.7724103928,80.2088088989,69702,69712,10
12.7721004486,80.2097396851,69712,69722,10
12.7716598511,80.2106170654,69722,69732,10
12.7712697983,80.2114105225,69732,69742,10
12.7709903717,80.2120666504,69742,69752,10
12.7708396912,80.212852478,69752,69762,10
12.7709598541,80.2132110596,69762,69783,21
12.7709598541,80.2132110596,69783,69793,10
12.7711400986,80.2133026123,69793,69803,10
12.7717199326,80.2135009766,69803,69813,10
12.7725400925,80.2138137817,69813,69823,10
12.7734899521,80.2141723633,69823,69833,10
12.774600029,80.2146072388,69833,69843,10
12.7758197784,80.2151107788,69843,69853,10
12.7771196365,80.2156524658,69853,69863,10
12.7784404755,80.216217041,69863,69873,10
12.7796697617,80.2168731689,69873,69884,11
12.7810096741,80.2175827026,69884,69894,10
12.7822198868,80.2182388306,69894,69904,10
12.7833795547,80.2188796997,69904,69914,10
12.7843704224,80.2194519043,69914,69924,10
12.7850799561,80.2198410034,69924,69934,10
12.7857503891,80.220161438,69934,69944,10
12.7862195969,80.2203598022,69944,69954,10
12.7866401672,80.2205429077,69954,69984,30
12.7866401672,80.2205429077,69984,69995,11
12.7870101929,80.220741272,69995,70005,10
12.7875299454,80.220916748,70005,70015,10
12.7881698608,80.2211532593,70015,70025,10
12.7889299393,80.2214584351,70025,70035,10
12.789560318,80.2216796875,70035,70045,10
12.7897500992,80.2217636108,70045,70055,10
12.7901601791,80.221862793,70055,70065,10
12.7908802032,80.2220306396,70065,70075,10
12.7917604446,80.2222518921,70075,70085,10
12.7927999496,80.2224807739,70085,70096,11
12.7940301895,80.22265625,70096,70106,10
12.7952003479,80.2228393555,70106,70116,10
12.7964200974,80.2230224609,70116,70136,20
12.7964200974,80.2230224609,70136,70146,10
12.7965698242,80.2230606079,70146,70156,10
12.7970399857,80.2231521606,70156,70166,10
12.7977600098,80.2232894897,70166,70176,10
12.7985801697,80.2233810425,70176,70186,10
12.7995195389,80.2234725952,70186,70195,9
12.8004102707,80.2235488892,70195,70207,12
12.8014802933,80.2236480713,70207,70217,10
12.8017902374,80.2236633301,70217,70227,10
12.8020801544,80.2237014771,70227,70237,10
12.8026695251,80.2237930298,70237,70247,10
12.8033800125,80.2238769531,70247,70257,10
12.8041496277,80.2239379883,70257,70267,10
12.805150032,80.2240829468,70267,70296,29
12.805150032,80.2240829468,70296,70308,12
12.8053398132,80.2241592407,70308,70318,10
12.8055295944,80.2242202759,70318,70328,10
12.8056297302,80.224281311,70328,70338,10
12.8066301346,80.2250976563,70338,70348,10
12.8066301346,80.2250976563,70348,70358,10
12.8073997498,80.2257766724,70358,70367,9
12.8082304001,80.2264785767,70367,70415,48
12.8123197556,80.2285766602,70415,70427,12
12.8136997223,80.2290420532,70427,70437,10
12.8149595261,80.229309082,70437,70447,10
12.8162403107,80.2294921875,70447,70457,10
12.8174800873,80.2298431396,70457,70467,10
12.8185396194,80.2303390503,70467,70477,10
12.8191604614,80.2305221558,70477,70487,10
12.8197002411,80.2304916382,70487,70497,10
12.8197097778,80.2304916382,70497,70507,10
12.8198204041,80.2304916382,70507,70517,10
12.820110321,80.2304992676,70517,70528,11
12.8208503723,80.2304916382,70528,70538,10
12.8217697144,80.2305679321,70538,70548,10
12.8228502274,80.2308731079,70548,70558,10
12.8240203857,80.2311935425,70558,70568,10
12.8252401352,80.2314224243,70568,70578,10
12.8264799118,80.2313613892,70578,70588,10
12.8276500702,80.2309799194,70588,70598,10
12.8287296295,80.2303619385,70598,70608,10
12.8297395706,80.2299118042,70608,70618,10
12.8304395676,80.2296295166,70618,70709,91
12.8304395676,80.2296295166,70709,70719,10
12.8307504654,80.2295227051,70719,70729,10
12.8311395645,80.2294006348,70729,70790,61
12.8311395645,80.2294006348,70790,70800,10
12.8313398361,80.2293624878,70800,70810,10
12.8317203522,80.2292480469,70810,70820,10
12.8322496414,80.2291183472,70820,70830,10
12.8329801559,80.2289810181,70830,70840,10
12.8338298798,80.2288208008,70840,70851,11
12.8348999023,80.2286300659,70851,70861,10
12.835940361,80.2284698486,70861,70871,10
12.8370800018,80.228302002,70871,70881,10
12.8382196426,80.2280807495,70881,70891,10
12.8390102386,80.2278518677,70891,70901,10
12.839389801,80.2276611328,70901,70911,10
12.8394098282,80.2276687622,70911,70921,10
12.8396997452,80.2276000977,70921,70931,10
12.8402500153,80.2275238037,70931,70941,10
12.8409700394,80.2273406982,70941,70952,11
12.8419303894,80.2270812988,70952,70962,10
12.8429298401,80.2268676758,70962,70972,10
12.8439998627,80.2267227173,70972,70982,10
12.8448801041,80.2266311646,70982,70992,10
12.8453397751,80.226600647,70992,71012,20
12.8453397751,80.226600647,71012,71022,10
12.8454303741,80.226600647,71022,71032,10
12.8456096649,80.2265777588,71032,71042,10
12.8457298279,80.2265930176,71042,71051,9
12.8460998535,80.2265777588,71051,71063,12
12.8468999863,80.2265701294,71063,71073,10
12.8477096558,80.2265701294,71073,71083,10
12.8486204147,80.2265625,71083,71093,10
12.8500204086,80.2265472412,71093,71113,20
12.8500204086,80.2265472412,71113,71123,10
12.8501901627,80.2265472412,71123,71133,10
12.8505802155,80.2265396118,71133,71143,10
12.8510398865,80.2265625,71143,71152,9
12.8514204025,80.2265930176,71152,71163,11
12.8518199921,80.2266082764,71163,71174,11
12.8521699905,80.2266235352,71174,71184,10
12.8524503708,80.2266387939,71184,71194,10
12.852689743,80.2266616821,71194,71204,10
12.8530502319,80.2266693115,71204,71355,151
12.8530502319,80.2266693115,71355,71365,10
12.8536701202,80.2266235352,71365,71375,10
12.8543100357,80.2265472412,71375,71386,11
12.8552398682,80.2264633179,71386,71396,10
12.8562202454,80.226348877,71396,71406,10
12.8572702408,80.2262496948,71406,71416,10
12.8583297729,80.2262268066,71416,71426,10
12.8593997955,80.2263412476,71426,71436,10
12.860449791,80.2264785767,71436,71446,10
12.8607196808,80.2265167236,71446,71456,10
12.8609199524,80.2265472412,71456,71466,10
12.8614397049,80.2265625,71466,71476,10
12.8622303009,80.2265319824,71476,71487,11
12.8632602692,80.2265014648,71487,71497,10
12.8643503189,80.2265472412,71497,71507,10
12.8655500412,80.2265777588,71507,71517,10
12.8668699265,80.2265014648,71517,71527,10
12.8682804108,80.2263870239,71527,71537,10
12.869720459,80.2265167236,71537,71547,10
12.8711204529,80.2266235352,71547,71557,10
12.8721504211,80.2266464233,71557,71567,10
12.8726501465,80.2266387939,71567,71577,10
12.8726997375,80.2266387939,71577,71587,10
12.8730697632,80.2266693115,71587,71598,11
12.873749733,80.2267303467,71598,71608,10
12.8745203018,80.2268066406,71608,71618,10
12.8754301071,80.2269134521,71618,71628,10
12.8763399124,80.2269134521,71628,71648,20
12.8763399124,80.2269134521,71648,71658,10
12.8764801025,80.2269134521,71658,71668,10
12.8769302368,80.226890564,71668,71678,10
12.8776502609,80.2268371582,71678,71688,10
12.8785295486,80.2267837524,71688,71698,10
12.8795700073,80.2267379761,71698,71709,11
12.8808498383,80.2267227173,71709,71719,10
12.8820495605,80.2267227173,71719,71729,10
12.8832502365,80.2266998291,71729,71739,10
12.8843002319,80.2266769409,71739,71749,10
12.8847999573,80.2266693115,71749,71759,10
12.8851604462,80.2267074585,71759,71769,10
12.8853397369,80.2267227173,71769,71779,10
12.885430336,80.2267379761,71779,71789,10
12.885840416,80.226852417,71789,71799,10
12.8864898682,80.2270278931,71799,71810,11
12.887339592,80.2272186279,71810,71820,10
12.8882799149,80.2273330688,71820,71830,10
12.8893995285,80.2273483276,71830,71840,10
12.8906497955,80.2273483276,71840,71850,10
12.89220047,80.2273483276,71850,71951,101
12.89220047,80.2273483276,71951,71961,10
12.8924503326,80.2273635864,71961,71971,10
12.892950058,80.2274169922,71971,71981,10
12.8936796188,80.2275085449,71981,71991,10
12.8945703506,80.2275772095,71991,72001,10
12.8955802917,80.2276306152,72001,72011,10
12.8966598511,80.2276763916,72011,72022,11
12.8977804184,80.2277374268,72022,72032,10
12.8987903595,80.2278213501,72032,72042,10
12.8996095657,80.2278518677,72042,72052,10
12.9000501633,80.2278594971,72052,72082,30
12.9000501633,80.2278594971,72082,72092,10
12.900349617,80.2278900146,72092,72102,10
12.9007797241,80.2278900146,72102,72112,10
12.9013996124,80.2279586792,72112,72122,10
12.9026002884,80.228012085,72122,72143,21
12.9026002884,80.228012085,72143,72153,10
12.9026899338,80.2280197144,72153,72163,10
12.9031200409,80.2280426025,72163,72173,10
12.9038095474,80.2280807495,72173,72183,10
12.9046401978,80.2281188965,72183,72193,10
12.9057397842,80.2281494141,72193,72213,20
12.9057397842,80.2281494141,72213,72223,10
12.9058303833,80.2281494141,72223,72232,9
12.9061002731,80.2281723022,72232,72244,12
12.9065704346,80.2282180786,72244,72254,10
12.9067602158,80.2282562256,72254,72264,10
12.9071798325,80.2283096313,72264,72274,10
12.9079303741,80.2284164429,72274,72284,10
12.9089097977,80.2285919189,72284,72294,10
12.9100904465,80.2287902832,72294,72304,10
12.9113998413,80.2289886475,72304,72314,10
12.9126596451,80.2291717529,72314,72324,10
12.9138898849,80.2293014526,72324,72365,41
12.9138898849,80.2293014526,72365,72375,10
12.9141597748,80.2293167114,72375,72385,10
12.9147396088,80.2294006348,72385,72395,10
12.9155502319,80.2295303345,72395,72405,10
12.9165296555,80.2296676636,72405,72415,10
12.9176301956,80.2298431396,72415,72425,10
12.9188098907,80.2300033569,72425,72435,10
12.9200601578,80.2301635742,72435,72444,9
12.9212198257,80.2303085327,72444,72456,12
12.9227895737,80.2305603027,72456,72466,10
12.9241199493,80.2307434082,72466,72476,10
12.9254198074,80.2308807373,72476,72486,10
12.9262695313,80.2309570313,72486,72496,10
12.9262895584,80.2309570313,72496,72506,10
12.9265899658,80.2310028076,72506,72516,10
12.9272003174,80.2310714722,72516,72526,10
12.9280099869,80.2311935425,72526,72536,10
12.9286499023,80.231262207,72536,72546,10
12.9289302826,80.2313308716,72546,72556,10
12.9294996262,80.2314605713,72556,72567,11
12.930390358,80.2316665649,72567,72577,10
12.9313697815,80.2319869995,72577,72587,10
12.9324598312,80.2323608398,72587,72597,10
12.9335699081,80.2327804565,72597,72617,20
12.9335699081,80.2327804565,72617,72627,10
12.9337596893,80.2328796387,72627,72637,10
12.9338703156,80.2329330444,72637,72647,10
12.9340896606,80.2330322266,72647,72657,10
12.9346103668,80.2332687378,72657,72668,11
12.9354095459,80.2336425781,72668,72678,10
12.9362697601,80.2340393066,72678,72688,10
12.9372501373,80.2345123291,72688,72698,10
12.9383401871,80.2350387573,72698,72708,10
12.9394197464,80.2355804443,72708,72728,20
12.9394197464,80.2355804443,72728,72738,10
12.939620018,80.2356872559,72738,72748,10
12.9401302338,80.2358779907,72748,72758,10
12.940870285,80.2360992432,72758,72768,10
12.9417896271,80.2362976074,72768,72779,11
12.942899704,80.2367324829,72779,72789,10
12.9437398911,80.237487793,72789,72799,10
12.9445400238,80.2384185791,72799,72809,10
12.9454898834,80.2393112183,72809,72819,10
12.9465904236,80.2397766113,72819,72829,10
12.9468603134,80.2398834229,72829,72839,10
12.9471197128,80.239982605,72839,72849,10
12.9477701187,80.2402572632,72849,72859,10
12.9484300613,80.2405471802,72859,72869,10
12.9488296509,80.2407073975,72869,72880,11
12.9492301941,80.2408676147,72880,72890,10
12.949930191,80.2410812378,72890,72900,10
12.9506902695,80.2413024902,72900,72910,10
12.950799942,80.241317749,72910,72920,10
12.9510002136,80.2413864136,72920,72930,10
12.9515304565,80.2415771484,72930,72940,10
12.952170372,80.2418136597,72940,72950,10
12.9529895782,80.2421264648,72950,72960,10
12.9538602829,80.242477417,72960,72970,10
12.9546804428,80.2427978516,72970,72980,10
12.9553604126,80.2430496216,72980,72991,11
12.9561395645,80.2432785034,72991,73001,10
12.9563999176,80.2433929443,73001,73011,10
12.9569597244,80.2436676025,73011,73021,10
12.95773983,80.2440567017,73021,73031,10
12.958439827,80.2443389893,73031,73041,10
12.9587898254,80.2444763184,73041,73051,10
12.9589996338,80.2445678711,73051,73061,10
12.9595403671,80.2448272705,73061,73071,10
12.9603004456,80.2451934814,73071,73080,9
12.9611597061,80.24559021,73080,73092,12
12.9624004364,80.2461929321,73092,73102,10
12.96296978,80.2464523315,73102,73142,40
12.96296978,80.2464523315,73142,73152,10
12.9630899429,80.2465896606,73152,73162,10
12.9633302689,80.2466964722,73162,73172,10
12.9633998871,80.2467193604,73172,73182,10
12.9635095596,80.2467727661,73182,73192,10
12.9638595581,80.2469024658,73192,73203,11
12.9645996094,80.247177124,73203,73213,10
12.9655199051,80.2474899292,73213,73223,10
12.9662799835,80.2477798462,73223,73233,10
12.9663896561,80.2478179932,73233,73243,10
12.9667196274,80.2479934692,73243,73253,10
12.9672803879,80.248260498,73253,73263,10
12.9681196213,80.248626709,73263,73273,10
12.9691200256,80.2490386963,73273,73283,10
12.9701795578,80.249458313,73283,73293,10
12.9711799622,80.2497787476,73293,73303,10
12.972240448,80.2500534058,73303,73314,11
12.9734697342,80.2503509521,73314,73324,10
12.9747104645,80.2507019043,73324,73334,10
12.9760103226,80.2510681152,73334,73344,10
12.9773197174,80.2515106201,73344,73354,10
12.9782800674,80.2522583008,73354,73364,10
12.9784898758,80.2523880005,73364,73374,10
12.9786396027,80.2524719238,73374,73384,10
12.9793395996,80.2526168823,73384,73415,31
12.9793395996,80.2526168823,73415,73425,10
12.979470253,80.2526473999,73425,73435,10
12.9799604416,80.2526931763,73435,73445,10
12.9805498123,80.2526931763,73445,73455,10
12.9813404083,80.2526702881,73455,73465,10
12.982339859,80.2526473999,73465,73475,10
12.9833498001,80.2525482178,73475,73485,10
12.9841403961,80.2523498535,73485,73495,10
12.9844799042,80.252243042,73495,73586,91
12.9844799042,80.252243042,73586,73596,10
12.9845304489,80.252243042,73596,73606,10
12.9849300385,80.2521286011,73606,73616,10
12.9854001999,80.2519989014,73616,73627,11
12.985830307,80.2518463135,73627,73637,10
12.9863004684,80.251739502,73637,73647,10
12.9869203568,80.2515869141,73647,73657,10
12.9874401093,80.2514572144,73657,73667,10
12.9877700806,80.2515182495,73667,73677,10
12.9879198074,80.2519302368,73677,73687,10
12.9879703522,80.2521362305,73687,73697,10
12.9879703522,80.2523269653,73697,73707,10
12.9879102707,80.2529602051,73707,73717,10
12.9878702164,80.2535095215,73717,73727,10
12.9878196716,80.2540893555,73727,73738,11
12.9877901077,80.2545776367,73738,73748,10
12.9877700806,80.2548980713,73748,73758,10
12.9877300262,80.2551422119,73758,73768,10
12.9877004623,80.2554702759,73768,73778,10
12.9877099991,80.255821228,73778,73788,10
12.9880800247,80.2558670044,73788,73798,10
12.9883403778,80.2559204102,73798,73808,10
12.9885997772,80.2559280396,73808,73818,10
12.9887104034,80.2559432983,73818,73828,10
12.9888601303,80.2559661865,73828,73839,11
12.9893703461,80.2559967041,73839,73849,10
12.9899997711,80.2560195923,73849,73859,10
12.990480423,80.2560119629,73859,73869,10
12.9909296036,80.2560577393,73869,73879,10
12.9914703369,80.2560424805,73879,73889,10
12.9924402237,80.2560577393,73889,73899,10
12.9933700562,80.2560119629,73899,73909,10
12.9936103821,80.2559890747,73909,73919,10
12.9938602448,80.2559967041,73919,73929,10
12.9941196442,80.2559967041,73929,73939,10
12.9944295883,80.2559509277,73939,73950,11
12.9950399399,80.2559204102,73950,74000,50
12.9950399399,80.2559204102,74000,74010,10
12.99518013,80.2559204102,74010,74020,10
12.9956197739,80.2558822632,74020,74030,10
12.9961795807,80.2558822632,74030,74040,10
12.9966602325,80.2558822632,74040,74050,10
12.9972600937,80.2558898926,74050,74071,21
12.9972600937,80.2558898926,74071,74081,10
12.9973602295,80.2559127808,74081,74091,10
12.997590065,80.2559509277,74091,74101,10
12.9976797104,80.256072998,74101,74111,10
12.9976501465,80.2562484741,74111,74121,10
12.9978199005,80.2566070557,74121,74151,30
12.9978199005,80.2566070557,74151,74162,11
12.9979400635,80.2567367554,74162,74303,141
12.9979400635,80.2567367554,74303,74313,10
12.9982204437,80.2570877075,74313,75876,1563
12.9982404709,80.2571029663,75876,76705,829
12.9982795715,80.257019043,76705,79451,2746
12.9983701706,80.2569122314,79451,79582,131
12.9983797073,80.257019043,79582,83296,3714
12.9983100891,80.2569732666,83296,84931,1635
