13.01445961,80.2257537842,4399,5126,727
13.01445961,80.2257537842,5126,5136,10
13.0143003464,80.2257614136,5136,6951,1815
13.0142602921,80.2256393433,6951,7142,191
13.0143203735,80.2257537842,7142,9279,2137
13.014380455,80.2256317139,9279,10288,1009
13.0142602921,80.225769043,10288,15420,5132
13.0142602921,80.225769043,15420,15430,10
13.0142803192,80.2257995605,15430,16530,1100
13.0142097473,80.2255935669,16530,17175,645
13.0142097473,80.2255935669,17175,17185,10
13.0142498016,80.2259063721,17185,17508,323
13.0142803192,80.2259902954,17508,17559,51
13.0142803192,80.2259902954,17559,17569,10
13.0142202377,80.2262573242,17569,17579,10
13.0138101578,80.2264328003,17579,17589,10
13.0132198334,80.2266693115,17589,17599,10
13.0125198364,80.2269363403,17599,17609,10
13.0117998123,80.2272186279,17609,17619,10
13.0110397339,80.2275085449,17619,17629,10
13.0102996826,80.2277984619,17629,17639,10
13.0095701218,80.2281570435,17639,17649,10
13.0096998215,80.2272567749,17649,17659,10
13.0100297928,80.2265930176,17659,17670,11
13.0103797913,80.2257232666,17670,17680,10
13.0107002258,80.2249526978,17680,17690,10
13.0110197067,80.2242202759,17690,17700,10
13.0112895966,80.2235107422,17700,17710,10
13.0111198425,80.2230987549,17710,17720,10
13.0105495453,80.222869873,17720,17730,10
13.0104198456,80.2228164673,17730,17740,10
13.0100803375,80.2225723267,17740,17801,61
13.0053300858,80.2203292847,17801,17811,10
13.0045604706,80.2202377319,17811,17821,10
13.0037202835,80.2201919556,17821,18023,202
12.9912796021,80.2198486328,18023,18033,10
12.9908504486,80.2201766968,18033,18043,10
12.9906997681,80.2202911377,18043,18053,10
12.9902095795,80.2206497192,18053,18063,10
12.9895296097,80.2212982178,18063,18073,10
12.98898983,80.2221069336,18073,18083,10
12.9882297516,80.2228317261,18083,18093,10
12.9875097275,80.2231292725,18093,18103,10
12.9867801666,80.2230072021,18103,18113,10
12.9859399796,80.2229995728,18113,18124,11
12.9850301743,80.2231216431,18124,18144,20
12.9839696884,80.222618103,18144,18154,10
12.9833898544,80.2222518921,18154,18164,10
12.9828796387,80.2219467163,18164,18174,10
12.9822902679,80.2218017578,18174,18184,10
12.9818000793,80.2214889526,18184,18194,10
12.9811296463,80.2210922241,18194,18215,21
12.980219841,80.2206573486,18215,18830,615
12.9340000153,80.2039489746,18830,19928,1098
12.8671598434,80.1762084961,19928,19938,10
12.8664903641,80.1763000488,19938,20148,210
12.8564395905,80.1721801758,20148,20260,112
12.8564796448,80.1721496582,20260,20462,202
12.8564796448,80.1721496582,20462,20513,51
12.8540296555,80.1710510254,20513,20523,10
12.8528003693,80.1713180542,20523,20533,10
12.8517999649,80.1710891724,20533,20543,10
12.8506803513,80.1709594727,20543,20553,10
12.8495502472,80.1707229614,20553,20563,10
12.848449707,80.170501709,20563,20573,10
12.847319603,80.1703109741,20573,20583,10
12.846159935,80.1702270508,20583,20593,10
12.8449802399,80.1701583862,20593,20603,10
12.8438796997,80.1701202393,20603,20614,11
12.8426504135,80.1699371338,20614,20624,10
12.8415298462,80.1699371338,20624,20634,10
12.8404598236,80.169921875,20634,20644,10
12.839389801,80.1699829102,20644,20654,10
12.8383197784,80.1699066162,20654,20664,10
12.8380098343,80.1692276001,20664,20684,20
12.8380098343,80.1692276001,20684,20694,10
12.8369598389,80.1688232422,20694,20715,21
12.8369598389,80.1688232422,20715,22073,1358
12.8103303909,80.1596984863,22073,22356,283
12.8105297089,80.159866333,22356,22588,232
12.8105297089,80.159866333,22588,23010,422
12.8123397827,80.159362793,23010,23020,10
12.813170433,80.1595230103,23020,23030,10
12.8142004013,80.1596374512,23030,23040,10
12.8152999878,80.159828186,23040,23050,10
12.8162899017,80.1600418091,23050,23060,10
12.8172903061,80.1602630615,23060,23070,10
12.8178901672,80.1604003906,23070,23080,10
12.8182897568,80.1605072021,23080,23090,10
12.8187198639,80.160697937,23090,23099,9
12.8193902969,80.1610107422,23099,23110,11
12.8204698563,80.1614837646,23110,23121,11
12.8216495514,80.1619567871,23121,23131,10
12.822719574,80.1623687744,23131,23141,10
12.8237495422,80.1628799438,23141,23151,10
12.8247203827,80.1635131836,23151,23161,10
12.8257398605,80.1640625,23161,23171,10
12.8267402649,80.1646575928,23171,23181,10
12.8274698257,80.1651077271,23181,23191,10
12.8277997971,80.1651916504,23191,23201,10
12.8278398514,80.1651992798,23201,23211,10
12.8278999329,80.1651992798,23211,23221,10
12.8284101486,80.1652679443,23221,23232,11
12.8293800354,80.1653823853,23232,23242,10
12.8303699493,80.1654815674,23242,23252,10
12.8316297531,80.1657714844,23252,23262,10
12.8328104019,80.1661224365,23262,23272,10
12.8767795563,80.170539856,23272,23906,634
12.8767795563,80.170539856,23906,25964,2058
12.9771003723,80.2212524414,25964,25974,10
13.0345897675,80.229927063,25974,27396,1422
13.0345897675,80.229927063,27396,27406,10
13.0344600677,80.2298965454,27406,28778,1372
13.0344600677,80.2298965454,28778,28799,21
13.0342102051,80.2298202515,28799,29000,201
13.0342102051,80.2298202515,29000,29010,10
13.0341997147,80.2302322388,29010,29020,10
13.0342102051,80.2303695679,29020,29031,11
13.0340795517,80.2304382324,29031,29041,10
13.0335102081,80.2304077148,29041,29051,10
13.032910347,80.23046875,29051,29061,10
13.0323896408,80.2305603027,29061,29071,10
13.0316400528,80.2306594849,29071,29081,10
13.0307798386,80.2307662964,29081,29091,10
13.0300397873,80.2308273315,29091,29101,10
13.0298299789,80.2308502197,29101,29111,10
13.0296602249,80.2308425903,29111,29121,10
13.0293703079,80.2308578491,29121,29131,10
13.0288000107,80.2308883667,29131,29141,10
13.0279798508,80.2309799194,29141,29152,11
13.0276298523,80.2312088013,29152,29162,10
13.0276899338,80.2316970825,29162,29172,10
13.0277996063,80.2323532104,29172,29182,10
13.0277299881,80.2328414917,29182,29192,10
13.0267601013,80.233001709,29192,29263,71
13.0267601013,80.233001709,29263,29273,10
13.026550293,80.233039856,29273,29283,10
13.0263204575,80.2330627441,29283,29293,10
13.0260801315,80.231880188,29293,29303,10
13.0259199142,80.2311325073,29303,29313,10
13.0255298615,80.23021698,29313,29323,10
13.0247802734,80.2292785645,29323,29333,10
13.0242795944,80.2286071777,29333,29343,10
13.0237598419,80.2279586792,29343,29353,10
13.0232896805,80.2275390625,29353,29374,21
13.0232896805,80.2275390625,29374,29394,20
13.0230998993,80.2275085449,29394,29414,20
13.0230998993,80.2275085449,29414,29434,20
13.0225696564,80.2270126343,29434,29444,10
13.0225400925,80.2266921997,29444,29464,20
13.0210504532,80.2256393433,29464,29475,11
13.0203895569,80.225112915,29475,29515,40
13.0193099976,80.2248306274,29515,29525,10
13.0186195374,80.2243423462,29525,29646,121
13.0104198456,80.2282333374,29646,29969,323
12.9972801208,80.216506958,29969,29979,10
12.9967298508,80.2165298462,29979,29989,10
12.9961500168,80.2166519165,29989,29999,10
12.9954299927,80.2169113159,29999,30009,10
12.9948301315,80.2171936035,30009,30453,444
12.9756402969,80.2210464478,30453,30524,71
12.9756402969,80.2210464478,30524,30584,60
12.9690103531,80.2175827026,30584,30594,10
12.9711904526,80.2189102173,30594,30604,10
12.9711198807,80.21875,30604,30645,41
12.9703598022,80.2188110352,30645,30655,10
12.9697904587,80.2186508179,30655,30665,10
12.9693098068,80.2185974121,30665,30705,40
12.9672603607,80.217956543,30705,30725,20
12.9664201736,80.2174301147,30725,30735,10
12.9657297134,80.217048645,30735,30746,11
12.9649896622,80.2166366577,30746,30766,20
12.9636201859,80.2162322998,30766,30776,10
12.9624795914,80.2155990601,30776,30947,171
12.9531698227,80.2119522095,30947,30957,10
12.9526100159,80.2117233276,30957,30967,10
12.951880455,80.2114562988,30967,30977,10
12.9510803223,80.2112808228,30977,30988,11
12.950220108,80.2109832764,30988,31028,40
12.9487400055,80.2101287842,31028,31038,10
12.9485702515,80.2101669312,31038,31048,10
12.9486398697,80.2102432251,31048,31068,20
12.9482603073,80.2100219727,31068,31078,10
12.9476995468,80.2098236084,31078,31089,11
12.9470396042,80.2097473145,31089,31109,20
12.9475002289,80.2096786499,31109,31138,29
12.9475002289,80.2096786499,31138,31149,11
12.9474000931,80.2097015381,31149,31159,10
12.9469995499,80.2095565796,31159,31169,10
12.9464101791,80.2093276978,31169,31179,10
12.9456796646,80.209022522,31179,31189,10
12.9448699951,80.2086334229,31189,31200,11
12.9440803528,80.2083282471,31200,31210,10
12.9442796707,80.2083587646,31210,31220,10
12.9442300797,80.2083969116,31220,31230,10
12.943860054,80.2082290649,31230,31240,10
12.9433002472,80.2079772949,31240,31250,10
12.9427604675,80.2075119019,31250,31260,10
12.942609787,80.2071075439,31260,31270,10
12.9422702789,80.206817627,31270,31280,10
12.9417695999,80.206413269,31280,31290,10
12.9409399033,80.2060089111,31290,31321,31
12.9409399033,80.2060089111,31321,32289,968
12.912730217,80.1920013428,32289,32329,40
12.912730217,80.1920013428,32329,32339,10
12.9124403,80.1919174194,32339,32349,10
12.9119300842,80.1918563843,32349,32359,10
12.9112100601,80.1917800903,32359,32370,11
12.9103097916,80.1916503906,32370,32380,10
12.9097499847,80.1914825439,32380,32390,10
12.9096899033,80.1914825439,32390,32400,10
12.9096698761,80.1913833618,32400,32410,10
12.9095897675,80.1911621094,32410,32440,30
12.9070796967,80.1887969971,32440,32450,10
12.9062099457,80.1884078979,32450,32461,11
12.9055099487,80.187538147,32461,32471,10
12.9061899185,80.1887817383,32471,32491,20
12.9061899185,80.1887817383,32491,32592,101
12.9037399292,80.1846313477,32592,32602,10
12.9032201767,80.184463501,32602,32723,121
12.8967599869,80.1818008423,32723,32733,10
12.8962202072,80.1815490723,32733,32743,10
12.891500473,80.1765365601,32743,32864,121
12.891500473,80.1765365601,32864,32874,10
12.8912601471,80.176109314,32874,32884,10
12.8910198212,80.1756820679,32884,32904,20
12.8907203674,80.1750793457,32904,32914,10
12.8895797729,80.1742477417,32914,32925,11
12.8892803192,80.174041748,32925,32975,50
12.8845500946,80.17162323,32975,32985,10
12.8835201263,80.171081543,32985,32995,10
12.8825502396,80.1705932617,32995,33005,10
12.8816795349,80.1701431274,33005,33193,188
12.8705797195,80.1743774414,33193,33202,9
12.8697395325,80.174949646,33202,33213,11
12.8687400818,80.1756210327,33213,33223,10
12.8681297302,80.176071167,33223,33405,182
12.8572797775,80.17237854,33405,33536,131
12.8492803574,80.1707077026,33536,33546,10
12.8480701447,80.170501709,33546,33556,10
12.8469600677,80.1702575684,33556,33566,10
12.8458204269,80.170211792,33566,33576,10
12.8446903229,80.1701583862,33576,33586,10
12.8435401917,80.1700592041,33586,33596,10
12.8424196243,80.1698532104,33596,33607,11
12.8411197662,80.1696395874,33607,33717,110
12.8351697922,80.168762207,33717,33728,11
12.8358697891,80.1677627563,33728,33758,30
12.8103199005,80.1598129272,33758,35311,1553
12.8103199005,80.1598129272,35311,35321,10
12.8105602264,80.1597137451,35321,35331,10
12.8110103607,80.1595993042,35331,35341,10
12.8116598129,80.1594161987,35341,35351,10
12.8116998672,80.1594085693,35351,35362,11
12.8118696213,80.159362793,35362,35372,10
12.8124704361,80.1593475342,35372,35382,10
12.8132801056,80.1594924927,35382,35392,10
12.8142595291,80.1595916748,35392,35402,10
12.815320015,80.1597824097,35402,35412,10
12.8163204193,80.1599884033,35412,35422,10
12.8170900345,80.1601715088,35422,35432,10
12.8172597885,80.1602096558,35432,35442,10
12.8176498413,80.1603012085,35442,35452,10
12.8181400299,80.16040802,35452,35462,10
12.8184499741,80.1605224609,35462,35471,9
12.8189496994,80.1607437134,35471,35483,12
12.8199100494,80.1611785889,35483,35493,10
12.8209495544,80.1615982056,35493,35503,10
12.822019577,80.1620407104,35503,35513,10
12.8230895996,80.1624679565,35513,35523,10
12.8240804672,80.1630096436,35523,35533,10
12.8250598907,80.1636428833,35533,35543,10
12.8260698318,80.1641769409,35543,35553,10
12.8266801834,80.1645584106,35553,35563,10
12.827460289,80.1650695801,35563,35604,41
12.827460289,80.1650695801,35604,35614,10
12.8276596069,80.1651382446,35614,35624,10
12.8278398514,80.1651535034,35624,35634,10
12.8278198242,80.1651382446,35634,35644,10
12.8278503418,80.1651763916,35644,35654,10
12.8286895752,80.1652908325,35654,35664,10
12.8295001984,80.1654510498,35664,35674,10
12.8307304382,80.1655807495,35674,35684,10
12.8318395615,80.1658630371,35684,35694,10
12.8328895569,80.1663208008,35694,35704,10
12.8335399628,80.1667098999,35704,35715,11
12.8337697983,80.1668319702,35715,35725,10
12.8343296051,80.167137146,35725,35735,10
12.8350696564,80.1675872803,35735,35745,10
12.8357200623,80.1677780151,35745,35755,10
12.8359498978,80.1680831909,35755,35765,10
12.8360700607,80.1684799194,35765,35775,10
12.8363304138,80.1686172485,35775,35785,10
12.8367500305,80.168762207,35785,35795,10
12.8370895386,80.1688613892,35795,35805,10
12.8372497559,80.1690979004,35805,35814,9
12.8376502991,80.1692886353,35814,35826,12
12.8384103775,80.1696014404,35826,35846,20
12.8384103775,80.1696014404,35846,35856,10
12.8386096954,80.1696777344,35856,35866,10
12.8391199112,80.1698989868,35866,35876,10
12.8399000168,80.1699829102,35876,35886,10
12.8409404755,80.1699523926,35886,35896,10
12.8421096802,80.1699295044,35896,35906,10
12.8432798386,80.169960022,35906,35916,10
12.8444499969,80.1700973511,35916,35957,41
12.8491601944,80.1706085205,35957,35967,10
12.8500795364,80.1708679199,35967,35977,10
12.8509902954,80.1709136963,35977,35987,10
12.8512001038,80.1709213257,35987,35997,10
12.8516998291,80.1709976196,35997,36007,10
12.8523397446,80.1710968018,36007,36115,108
12.857000351,80.1722335815,36115,36125,10
12.857629776,80.1723022461,36125,36135,10
12.8580102921,80.1723937988,36135,36145,10
12.8587303162,80.1725234985,36145,36155,10
12.85958004,80.1728134155,36155,36165,10
12.8597602844,80.1729125977,36165,36176,11
12.8602104187,80.1731185913,36176,36317,141
12.8689403534,80.1753997803,36317,36366,49
12.8736696243,80.1722564697,36366,36582,216
12.8867702484,80.1727676392,36582,36592,10
12.8878297806,80.1732788086,36592,36602,10
12.8888902664,80.1738815308,36602,36613,11
12.8899202347,80.1743927002,36613,37994,1381
12.9432296753,80.2078704834,37994,38005,11
12.9436798096,80.2080307007,38005,38015,10
12.9441404343,80.2081680298,38015,38025,10
12.9442195892,80.2081985474,38025,38156,131
12.951669693,80.2111206055,38156,38166,10
12.9525499344,80.2115325928,38166,38176,10
12.9533004761,80.2118377686,38176,38186,10
12.9534702301,80.2118988037,38186,38196,10
12.9537296295,80.2120285034,38196,38206,10
12.9542798996,80.2122421265,38206,38216,10
12.9549999237,80.2125167847,38216,38227,11
12.9559402466,80.2128829956,38227,38237,10
12.9568595886,80.2132263184,38237,38247,10
12.9578800201,80.2136917114,38247,38257,10
12.9589595795,80.2141113281,38257,38267,10
12.9600200653,80.2145309448,38267,38277,10
12.9610700607,80.2149505615,38277,38287,10
12.9621400833,80.2153625488,38287,38297,10
12.9631204605,80.2157287598,38297,38307,10
12.9639596939,80.2160263062,38307,38317,10
12.9648103714,80.2163467407,38317,38448,131
12.9711799622,80.2189331055,38448,38458,10
12.9712295532,80.2189407349,38458,38469,11
12.9716596603,80.2191009521,38469,38479,10
12.9722900391,80.2193832397,38479,38489,10
12.9730796814,80.2197113037,38489,38499,10
12.9738101959,80.2199325562,38499,38519,20
12.9738101959,80.2199325562,38519,38559,40
12.9741802216,80.220123291,38559,38569,10
12.9746198654,80.2203216553,38569,38580,11
12.9748096466,80.220161438,38580,38791,211
12.9802598953,80.2209625244,38791,38801,10
12.9806900024,80.2209625244,38801,38810,9
12.9814195633,80.2211608887,38810,38822,12
12.9820203781,80.2215805054,38822,38832,10
12.9823799133,80.2216796875,38832,38862,30
12.9829301834,80.2219924927,38862,38872,10
12.9828395844,80.2220306396,38872,38931,59
12.9856004715,80.2229919434,38931,38950,19
12.9865198135,80.2229232788,38950,38960,10
12.9866199493,80.2229232788,38960,38970,10
12.9869403839,80.2229766846,38970,38980,10
12.9869403839,80.2229919434,38980,38990,10
12.9872598648,80.2230682373,38990,39000,10
12.9877004623,80.2230300903,39000,39010,10
12.9882001877,80.2227172852,39010,39020,10
12.9887399673,80.2221298218,39020,39030,10
12.9893903732,80.2213973999,39030,39040,10
12.9900999069,80.2205505371,39040,39051,11
12.9904603958,80.2202987671,39051,39061,10
12.9908800125,80.2200775146,39061,39071,10
12.9913597107,80.2196578979,39071,39081,10
12.9918603897,80.219291687,39081,39091,10
12.9922895432,80.2189102173,39091,39101,10
12.993350029,80.2182006836,39101,39111,10
12.9941596985,80.2175292969,39111,39121,10
12.9946603775,80.2172393799,39121,39131,10
12.9948301315,80.2169494629,39131,39142,11
12.9948997498,80.216468811,39142,39162,20
12.9962301254,80.2165603638,39162,39172,10
12.997010231,80.2163619995,39172,39222,50
12.9989404678,80.2168884277,39222,39232,10
12.9996700287,80.217300415,39232,39242,10
13.000459671,80.2177734375,39242,39252,10
13.0014801025,80.2184371948,39252,39262,10
13.0022602081,80.2192382813,39262,39273,11
13.0030403137,80.2200927734,39273,39283,10
13.0038795471,80.2200088501,39283,39293,10
13.004699707,80.2202224731,39293,39303,10
13.0047197342,80.2202072144,39303,39313,10
13.0048999786,80.2202911377,39313,39323,10
13.0055904388,80.220413208,39323,39404,81
13.011349678,80.2232437134,39404,39414,10
13.0113096237,80.2234802246,39414,39464,50
13.0124597549,80.2220611572,39464,39474,10
13.0129699707,80.2223815918,39474,39484,10
13.0135097504,80.2229003906,39484,39494,10
13.0140800476,80.2235183716,39494,39505,11
13.0146598816,80.2242202759,39505,39595,90
13.0176897049,80.2248001099,39595,39605,10
13.0189599991,80.2244796753,39605,39616,11
13.0198297501,80.2244186401,39616,39636,20
13.0197000504,80.2245178223,39636,39646,10
13.0199604034,80.2246170044,39646,39656,10
13.0202503204,80.2248382568,39656,39696,40
13.0221204758,80.2262268066,39696,39706,10
13.0224504471,80.2264862061,39706,39717,11
13.0228796005,80.2267837524,39717,39737,20
13.0239601135,80.2278518677,39737,39747,10
13.024479866,80.2285995483,39747,39757,10
13.0248098373,80.2290725708,39757,39767,10
13.0251102448,80.2294769287,39767,39777,10
13.0255699158,80.2300567627,39777,39787,10
13.0258798599,80.2305603027,39787,39797,10
13.026140213,80.2309494019,39797,40241,444
13.0343399048,80.2298736572,40241,40584,343
13.0343399048,80.2298736572,40584,40604,20
13.0341501236,80.2302398682,40604,40614,10
13.0341396332,80.2304000854,40614,40624,10
13.0341396332,80.2304077148,40624,40675,51
13.0319004059,80.2305908203,40675,40685,10
13.0310401917,80.2306671143,40685,40694,9
13.0304603577,80.23072052,40694,40705,11
13.0298700333,80.2307815552,40705,40715,10
13.0297298431,80.2308273315,40715,40725,10
13.0291795731,80.2309112549,40725,40735,10
13.028459549,80.23097229,40735,40745,10
13.0277204514,80.2310409546,40745,40755,10
13.0276498795,80.2313995361,40755,40765,10
13.0277299881,80.231918335,40765,40775,10
13.0278396606,80.2324295044,40775,40786,11
13.0167703629,80.2253189087,40786,41098,312
13.0167703629,80.2253189087,41098,41109,11
13.0160799026,80.2256317139,41109,41240,131
13.0140104294,80.2254486084,41240,41337,97
13.0140104294,80.2254486084,41337,41348,11
13.0142498016,80.2252731323,41348,41359,11
13.0142097473,80.2257537842,41359,41369,10
13.0141897202,80.2261276245,41369,41389,20
13.0141897202,80.2261276245,41389,41399,10
13.0136203766,80.2264328003,41399,41439,40
13.0101099014,80.2278518677,41439,41449,10
13.0095500946,80.2279205322,41449,41460,11
13.0090198517,80.2273635864,41460,41510,50
13.0109596252,80.2240219116,41510,41520,10
13.0111303329,80.2235565186,41520,41570,50
13.0085802078,80.2217407227,41570,41580,10
13.0078496933,80.2213668823,41580,41591,11
13.0070199966,80.2210006714,41591,41601,10
13.0063495636,80.2206497192,41601,41611,10
13.0055398941,80.2204589844,41611,41621,10
13.0047101974,80.2202987671,41621,41631,10
13.0041704178,80.2201080322,41631,41651,20
13.002530098,80.2195663452,41651,41661,10
13.0018701553,80.219039917,41661,41671,10
13.0012798309,80.218460083,41671,41682,11
13.0006103516,80.2180099487,41682,41974,292
12.9909896851,80.2200012207,41974,41984,10
12.9904403687,80.2203216553,41984,42045,61
12.9881401062,80.2229919434,42045,42236,191
12.9820804596,80.2216033936,42236,42246,10
12.9818201065,80.2217330933,42246,42256,10
12.9816398621,80.2214126587,42256,42266,10
12.9812297821,80.2212982178,42266,42276,10
12.980919838,80.2211303711,42276,42287,11
12.9802999496,80.2211380005,42287,42297,10
12.9796695709,80.2211532593,42297,42307,10
12.979060173,80.2211685181,42307,42317,10
12.9784803391,80.2211685181,42317,42327,10
12.9779396057,80.221206665,42327,42337,10
12.9772901535,80.2212524414,42337,42347,10
12.976559639,80.2212371826,42347,42357,10
12.9761104584,80.2211990356,42357,42367,10
12.975810051,80.2212371826,42367,42428,61
12.9747800827,80.2210006714,42428,42438,10
12.9744997025,80.2204208374,42438,42448,10
12.9737901688,80.2200927734,42448,42458,10
12.9729099274,80.2197723389,42458,42468,10
12.9720001221,80.2193832397,42468,42589,121
12.9640798569,80.2162704468,42589,42599,10
12.963470459,80.2161636353,42599,42610,11
12.9627895355,80.2156600952,42610,42690,80
12.9570503235,80.2134170532,42690,42700,10
12.9560604095,80.2130584717,42700,42720,20
12.9537296295,80.212059021,42720,42731,11
12.9538202286,80.2120666504,42731,43787,1056
12.9040603638,80.1848297119,43787,43797,10
12.9037799835,80.1840667725,43797,43867,70
12.8974895477,80.1820678711,43867,44340,473
12.8750200272,80.1716995239,44340,44370,30
12.8719902039,80.1734085083,44370,44390,20
12.8700704575,80.1747131348,44390,44400,10
12.8690900803,80.1753768921,44400,44410,10
12.8682804108,80.1759033203,44410,44420,10
12.867389679,80.1759414673,44420,44430,10
12.8663196564,80.1759033203,44430,44693,263
12.8503103256,80.1710510254,44693,44703,10
12.8494701385,80.1707077026,44703,44713,10
12.8483200073,80.1705093384,44713,44723,10
12.8472204208,80.1702804565,44723,44733,10
12.8460102081,80.170173645,44733,44743,10
12.8448400497,80.1701278687,44743,44753,10
12.8425397873,80.1699371338,44753,44763,10
12.8425397873,80.1699371338,44763,44773,10
12.8414096832,80.1699829102,44773,44783,10
12.8403301239,80.1699981689,44783,45248,465
12.8135499954,80.1595001221,45248,45259,11
12.8124303818,80.1593475342,45259,45268,9
12.8117799759,80.1593704224,45268,45279,11
12.8104000092,80.1597290039,45279,47111,1832
12.8104000092,80.1597290039,47111,47141,30
12.8115797043,80.1593399048,47141,47152,11
12.811630249,80.1593475342,47152,47161,9
12.8119497299,80.1593093872,47161,47172,11
12.8126401901,80.1593475342,47172,47182,10
12.8133602142,80.1594924927,47182,47192,10
12.8139600754,80.159538269,47192,47202,10
12.8141403198,80.1595993042,47202,47212,10
12.8143701553,80.1595993042,47212,47222,10
12.8148899078,80.1597290039,47222,47232,10
12.8156995773,80.159866333,47232,47242,10
12.817150116,80.1601867676,47242,47262,20
12.817150116,80.1601867676,47262,47273,11
12.8172597885,80.1602325439,47273,47283,10
12.817609787,80.1603012085,47283,47293,10
12.8179302216,80.1603927612,47293,47303,10
12.8181400299,80.1604385376,47303,47313,10
12.8184700012,80.1605606079,47313,47323,10
12.8191204071,80.1608581543,47323,47333,10
12.8199996948,80.161239624,47333,47343,10
12.8210401535,80.1616668701,47343,47353,10
12.8221197128,80.1621170044,47353,47363,10
12.8232002258,80.1625518799,47363,47373,10
12.8241996765,80.1631393433,47373,47384,11
12.8253097534,80.1638031006,47384,47394,10
12.8263196945,80.1643295288,47394,47404,10
12.8274497986,80.1650619507,47404,47424,20
12.8277301788,80.1651611328,47424,47444,20
12.8277301788,80.1651611328,47444,47454,10
12.8277101517,80.1651000977,47454,47464,10
12.8280096054,80.1651611328,47464,47474,10
12.8287296295,80.1652603149,47474,47483,9
12.8296098709,80.1653594971,47483,47495,12
12.8309602737,80.1656112671,47495,47505,10
12.8320798874,80.165977478,47505,47515,10
12.8331203461,80.1664733887,47515,47525,10
12.8340902328,80.1670303345,47525,47535,10
12.8350400925,80.1675567627,47535,47545,10
12.8356895447,80.1677932739,47545,47555,10
12.8358802795,80.1679763794,47555,47565,10
12.8360204697,80.1684799194,47565,47575,10
12.8363103867,80.1686325073,47575,47585,10
12.8367500305,80.168762207,47585,47595,10
12.8370304108,80.1688613892,47595,47605,10
12.8371696472,80.1690597534,47605,47616,11
12.8376502991,80.1692886353,47616,47626,10
12.8381204605,80.169380188,47626,47636,10
12.8384399414,80.1696624756,47636,47646,10
12.8391399384,80.1698989868,47646,47656,10
12.8400001526,80.1699523926,47656,47666,10
12.8410902023,80.169960022,47666,47676,10
12.8422698975,80.1699295044,47676,47686,10
12.8434400558,80.1699676514,47686,47696,10
12.8445901871,80.1701202393,47696,47706,10
12.8457403183,80.1701583862,47706,47716,10
12.8468799591,80.1702194214,47716,47727,11
12.8473596573,80.1702880859,47727,47736,9
12.8475103378,80.1703109741,47736,47747,11
12.848110199,80.1704330444,47747,47757,10
12.8489599228,80.1705932617,47757,47767,10
12.8500499725,80.1707763672,47767,47777,10
12.8511800766,80.1709823608,47777,47787,10
12.8523302078,80.1711578369,47787,47797,10
12.8534603119,80.1712875366,47797,47807,10
12.8545598984,80.1716003418,47807,47817,10
12.8556499481,80.1718902588,47817,47827,10
12.8563203812,80.1720962524,47827,47838,11
12.8563299179,80.17212677,47838,47948,110
12.8617601395,80.1737136841,47948,47959,11
12.862660408,80.1741027832,47959,47969,10
12.8637504578,80.1747207642,47969,47979,10
12.8645896912,80.1754684448,47979,47989,10
12.8653898239,80.1757278442,47989,47999,10
12.8659801483,80.1758728027,47999,48049,50
12.869020462,80.1753387451,48049,48060,11
12.8700799942,80.1746292114,48060,48080,20
12.8719596863,80.1732711792,48080,48090,10
12.8729600906,80.1726989746,48090,48100,10
12.8739004135,80.172088623,48100,48108,8
12.879699707,80.1700363159,48108,48176,68
12.8808898926,80.1706619263,48176,48207,31
12.8808898926,80.1706619263,48207,48236,29
12.8826398849,80.1706237793,48236,48247,11
12.8826398849,80.1706237793,48247,48257,10
12.8829498291,80.1708221436,48257,48265,8
12.8834400177,80.171081543,48265,48277,12
12.8853702545,80.1720733643,48277,48287,10
12.8853702545,80.1720733643,48287,48298,11
12.8864898682,80.1726531982,48298,48306,8
12.8872995377,80.1730728149,48306,48426,120
12.8924198151,80.1782302856,48426,48436,10
12.8929595947,80.1791992188,48436,48446,10
12.8935804367,80.1800765991,48446,48456,10
12.8944597244,80.180519104,48456,48476,20
12.894780159,80.1806335449,48476,48486,10
12.895529747,80.181022644,48486,48496,10
12.8964996338,80.1814880371,48496,48506,10
12.8974304199,80.1819610596,48506,48517,11
12.8976802826,80.1821212769,48517,48537,20
12.8981399536,80.1823425293,48537,48547,10
12.8988199234,80.1826782227,48547,48557,10
12.8996696472,80.1831130981,48557,48567,10
12.9006299973,80.1836013794,48567,48577,10
12.9016399384,80.1841278076,48577,48587,10
12.9028100967,80.1843185425,48587,48597,10
12.9038801193,80.1846008301,48597,48607,10
12.9040803909,80.1852722168,48607,48617,10
12.9040403366,80.1861495972,48617,48627,10
12.9040203094,80.1871566772,48627,48637,10
12.9046096802,80.1877593994,48637,48648,11
12.905579567,80.1883392334,48648,48658,10
12.9064302444,80.188873291,48658,48668,10
12.9067001343,80.1889419556,48668,48678,10
12.9068098068,80.1888275146,48678,48688,10
12.9071798325,80.1893997192,48688,48698,10
12.907790184,80.1898574829,48698,48708,10
12.9084701538,80.1903915405,48708,48718,10
12.9092597961,80.1910018921,48718,48728,10
12.9100599289,80.1915588379,48728,48738,10
12.9109802246,80.1917037964,48738,48748,10
12.9118700027,80.1918106079,48748,48759,11
12.9125699997,80.1918792725,48759,48769,10
12.9125900269,80.1918487549,48769,48779,10
12.9129295349,80.1919174194,48779,48829,50
12.9141902924,80.1920928955,48829,48837,8
12.9148702621,80.1921615601,48837,48849,12
12.9161100388,80.1922531128,48849,48859,10
12.9169797897,80.1922988892,48859,48870,11
12.91726017,80.1919174194,48870,48900,30
12.9174900055,80.1917114258,48900,48910,10
12.9172697067,80.1914520264,48910,48920,10
12.9173202515,80.1908187866,48920,48930,10
12.9173297882,80.1903610229,48930,48940,10
12.9174604416,80.1902770996,48940,48950,10
12.917429924,80.1905975342,48950,48960,10
12.9173202515,80.1912536621,48960,48970,10
12.9172000885,80.1921005249,48970,48980,10
12.9170598984,80.1928710938,48980,48990,10
12.9171304703,80.1932525635,48990,49101,111
12.9203901291,80.1966094971,49101,49112,11
12.9209499359,80.1967315674,49112,49122,10
12.9212398529,80.1969070435,49122,49132,10
12.9216299057,80.1970214844,49132,49172,40
12.9226503372,80.1972808838,49172,49182,10
12.9231100082,80.1973266602,49182,49323,141
12.9248800278,80.1975784302,49323,49334,11
12.9254598618,80.1974487305,49334,49364,30
12.926440239,80.1975021362,49364,49404,40
12.9283304214,80.1996078491,49404,49414,10
12.9287004471,80.2008285522,49414,51049,1635
13.0113697052,80.2230834961,51049,51059,10
13.0118999481,80.2231826782,51059,51815,756
13.0342102051,80.2299575806,51815,51825,10
13.034330368,80.229927063,51825,52128,303
13.034330368,80.229927063,52128,52138,10
13.0341901779,80.2302627563,52138,52148,10
13.0341796875,80.2303771973,52148,52158,10
13.0340003967,80.2304077148,52158,52168,10
13.0336704254,80.2304534912,52168,52219,51
13.0305299759,80.2308578491,52219,52229,10
13.0300302505,80.230796814,52229,52239,10
13.0294799805,80.2308883667,52239,52330,91
13.0277900696,80.2318115234,52330,52340,10
13.0279302597,80.2324523926,52340,52360,20
13.0273303986,80.2329330444,52360,52370,10
13.0269203186,80.2329025269,52370,52451,81
13.026309967,80.2322921753,52451,52461,10
13.0261697769,80.2318191528,52461,52471,10
13.026049614,80.2314071655,52471,52501,30
13.0257301331,80.2303390503,52501,52511,10
13.0253295898,80.229927063,52511,52521,10
13.0247802734,80.2292404175,52521,52531,10
13.0242700577,80.2285766602,52531,52683,152
13.0197000504,80.2246704102,52683,52693,10
13.0188703537,80.2245330811,52693,52703,10
13.0180501938,80.2247772217,52703,53853,1150
12.9695701599,80.2183609009,53853,53863,10
12.968919754,80.2181472778,53863,54085,222
12.9526796341,80.2117462158,54085,54095,10
12.9526796341,80.2117462158,54095,54105,10
12.9519195557,80.2114028931,54105,54559,454
12.9268798828,80.1976699829,54559,54569,10
12.9258699417,80.1973571777,54569,54630,61
12.9238996506,80.1971893311,54630,54640,10
12.9231100082,80.1973800659,54640,54730,90
12.9192199707,80.1958236694,54730,54741,11
12.9187002182,80.1957168579,54741,54751,10
12.9183597565,80.195350647,54751,54761,10
12.917889595,80.1949386597,54761,54771,10
12.9174499512,80.1945037842,54771,54781,10
12.91726017,80.1943588257,54781,54791,10
12.9172096252,80.1943283081,54791,54801,10
12.9170799255,80.1941299438,54801,54811,10
12.9170198441,80.1936798096,54811,54821,10
12.9171304703,80.1932525635,54821,54882,61
12.9164896011,80.1924209595,54882,54892,10
12.9161100388,80.1922988892,54892,54902,10
12.9154396057,80.1922836304,54902,54912,10
12.9146995544,80.1922302246,54912,54922,10
12.9138698578,80.1921386719,54922,54932,10
12.9131002426,80.1920471191,54932,54942,10
12.9125003815,80.1920013428,54942,54952,10
12.9121303558,80.1919174194,54952,54962,10
12.9116802216,80.1919021606,54962,54973,11
12.9114303589,80.1918487549,54973,54983,10
12.9110002518,80.1918029785,54983,54993,10
12.9103298187,80.1917037964,54993,55003,10
12.9097700119,80.1915512085,55003,55013,10
12.9095201492,80.19140625,55013,55023,10
12.9096002579,80.1915130615,55023,55033,10
12.9094104767,80.1912078857,55033,55043,10
12.9089002609,80.1908035278,55043,55053,10
12.908249855,80.1903076172,55053,55063,10
12.9075403214,80.1897506714,55063,55074,11
12.9067201614,80.1891174316,55074,55124,50
12.9055700302,80.1884689331,55124,55134,10
12.9050798416,80.1881713867,55134,55275,141
12.8971796036,80.1819992065,55275,55285,10
12.8971300125,80.181968689,55285,55295,10
12.8968801498,80.181678772,55295,55346,51
12.8959503174,80.181312561,55346,55416,70
12.8930196762,80.1793136597,55416,55426,10
12.8926696777,80.1787872314,55426,55437,11
12.8922395706,80.1779937744,55437,55447,10
12.8918199539,80.1772232056,55447,55457,10
12.8914499283,80.1765899658,55457,55497,40
12.8906698227,80.1748809814,55497,55507,10
12.8903903961,80.1741409302,55507,55628,121
12.8821296692,80.1702194214,55628,55638,10
12.8815498352,80.1694030762,55638,55719,81
12.8783597946,80.1700897217,55719,55729,10
12.8775901794,80.1699981689,55729,55739,10
12.8764696121,80.1706085205,55739,55780,41
12.8744096756,80.1714172363,55780,55790,10
12.8739995956,80.1720581055,55790,55800,10
12.8732204437,80.1725997925,55800,55810,10
12.8722896576,80.1731491089,55810,55820,10
12.8713598251,80.1737976074,55820,55830,10
12.8704299927,80.1743774414,55830,55840,10
12.8696403503,80.174987793,55840,55850,10
12.8687400818,80.1754379272,55850,55870,20
12.8669500351,80.1759109497,55870,55880,10
12.8661603928,80.1759033203,55880,55890,10
12.8654098511,80.1757736206,55890,55900,10
12.8651695251,80.1757507324,55900,55961,61
12.8616504669,80.173866272,55961,55971,10
12.8605899811,80.1733169556,55971,55981,10
12.8597698212,80.1729507446,55981,55991,10
12.8595504761,80.1728591919,55991,56001,10
12.8590698242,80.1726379395,56001,56012,11
12.8584699631,80.17237854,56012,56193,181
12.8271999359,80.1650085449,56193,56696,503
12.8271999359,80.1650085449,56696,56708,12
12.8268404007,80.1648406982,56708,56748,40
12.8268404007,80.1648406982,56748,56758,10
12.8268604279,80.1647567749,56758,56768,10
12.8266401291,80.1646194458,56768,56778,10
12.8261604309,80.1643295288,56778,56788,10
12.8255996704,80.1640014648,56788,56798,10
12.8249101639,80.1636581421,56798,56808,10
12.8241596222,80.163192749,56808,56819,11
12.8232898712,80.1626663208,56819,56828,9
12.8224496841,80.1623001099,56828,56839,11
12.8213100433,80.1618499756,56839,56849,10
12.8202199936,80.1613922119,56849,56858,9
12.8192396164,80.1609573364,56858,56869,11
12.8182601929,80.1605377197,56869,56879,10
12.8180398941,80.1604614258,56879,56889,10
12.8175201416,80.1603393555,56889,56899,10
12.8169403076,80.1601791382,56899,56909,10
12.8162403107,80.1600418091,56909,56919,10
12.8156604767,80.1599121094,56919,56929,10
12.8149003983,80.1597824097,56929,56939,10
12.8141403198,80.1596603394,56939,56950,11
12.8132295609,80.1595611572,56950,56960,10
12.8123397827,80.1593780518,56960,56970,10
12.8116703033,80.1594390869,56970,56980,10
12.8116102219,80.1594467163,56980,56990,10
12.8115901947,80.1594772339,56990,57000,10
12.811050415,80.1595916748,57000,57010,10
12.8106203079,80.1597518921,57010,57020,10
12.8101396561,80.1597290039,57020,57030,10
12.8099498749,80.1595687866,57030,57051,21
12.8099498749,80.1595687866,57051,57061,10
12.8100700378,80.1597824097,57061,57071,10
12.8101301193,80.1597213745,57071,57081,10
12.8101396561,80.1597366333,57081,57091,10
12.8101301193,80.1597595215,57091,57161,70
12.8101301193,80.1597595215,57161,57172,11
12.8099803925,80.1595687866,57172,57182,10
12.8099403381,80.1596221924,57182,57192,10
12.8099498749,80.1595993042,57192,57232,40
12.8099298477,80.1595611572,57232,57807,575
12.8099298477,80.1595611572,57807,57817,10
12.8101797104,80.1596603394,57817,57827,10
12.8106002808,80.15965271,57827,57837,10
12.8111600876,80.1595001221,57837,57847,10
12.8116102219,80.1593780518,57847,57857,10
12.8117904663,80.1593399048,57857,57867,10
12.8124103546,80.1593170166,57867,57878,11
12.8133802414,80.1595001221,57878,57888,10
12.8144197464,80.1596069336,57888,57898,10
12.8153600693,80.1597824097,57898,57908,10
12.8162899017,80.1599731445,57908,57918,10
12.8171396255,80.1601791382,57918,57928,10
12.8172197342,80.1602401733,57928,57938,10
12.8176403046,80.1603469849,57938,57948,10
12.8181200027,80.1604614258,57948,57958,10
12.8184700012,80.1605834961,57958,57968,10
12.8191604614,80.1608734131,57968,57978,10
12.8200502396,80.1612625122,57978,57989,11
12.8212003708,80.1617279053,57989,57999,10
12.8222398758,80.1621627808,57999,58009,10
12.8232498169,80.1625900269,58009,58019,10
12.8242702484,80.1632003784,58019,58029,10
12.825220108,80.1637802124,58029,58039,10
12.826089859,80.1642303467,58039,58049,10
12.8267202377,80.1646194458,58049,58059,10
12.8271999359,80.164932251,58059,58069,10
12.8274698257,80.1651000977,58069,58079,10
12.8275403976,80.1651000977,58079,58089,10
12.8277902603,80.1651535034,58089,58130,41
12.8277902603,80.1651535034,58130,58140,10
12.8279304504,80.165222168,58140,58170,30
12.8279304504,80.165222168,58170,58180,10
12.828209877,80.1651992798,58180,58190,10
12.8288602829,80.1652832031,58190,58199,9
12.8296499252,80.1653823853,58199,58211,12
12.8308401108,80.1656036377,58211,58221,10
12.831870079,80.1658935547,58221,58231,10
12.832859993,80.1663665771,58231,58241,10
12.8335504532,80.1667861938,58241,58251,10
12.8335695267,80.1667785645,58251,58261,10
12.8338298798,80.1669616699,58261,58271,10
12.8342199326,80.1671600342,58271,58342,71
12.8368797302,80.168762207,58342,58352,10
12.8372001648,80.1689605713,58352,58362,10
12.8373804092,80.1692810059,58362,58372,10
12.8379297256,80.1695709229,58372,58392,20
12.8383998871,80.1696624756,58392,58402,10
12.8385696411,80.1696624756,58402,58412,10
12.8390798569,80.169883728,58412,58422,10
12.8398504257,80.1699981689,58422,58432,10
12.8408699036,80.169960022,58432,58443,11
12.8421497345,80.1699523926,58443,58453,10
12.8432998657,80.1699523926,58453,58463,10
12.844420433,80.1697769165,58463,58473,10
12.8455295563,80.1698379517,58473,58483,10
12.8467702866,80.1700820923,58483,58493,10
12.8479299545,80.1703491211,58493,58503,10
12.8490800858,80.1705627441,58503,58513,10
12.8502197266,80.1707077026,58513,58523,10
12.8509597778,80.1708068848,58523,58564,41
12.8540096283,80.1706237793,58564,58584,20
12.8559904099,80.1720123291,58584,58624,40
12.8562803268,80.1721725464,58624,58644,20
12.8562803268,80.1721725464,58644,58654,10
12.8564195633,80.1721801758,58654,58664,10
12.8567495346,80.1721878052,58664,58715,51
12.8586997986,80.1725692749,58715,58725,10
12.8594102859,80.1728363037,58725,58735,10
12.8601903915,80.1731567383,58735,58745,10
12.8608503342,80.1734695435,58745,58755,10
12.8616800308,80.173866272,58755,58765,10
12.8623600006,80.174118042,58765,58775,10
12.8630399704,80.1744613647,58775,58785,10
12.8637895584,80.1749191284,58785,58796,11
12.8646202087,80.1754302979,58796,58806,10
12.8652896881,80.1757583618,58806,58816,10
12.8658895493,80.1759719849,58816,58826,10
12.8653202057,80.1757125854,58826,58836,10
12.8657598495,80.1757507324,58836,58846,10
12.8664302826,80.1758117676,58846,58856,10
12.8672399521,80.1758499146,58856,58866,10
12.8680801392,80.1759185791,58866,58876,10
12.8687696457,80.1755371094,58876,58886,10
12.8694696426,80.1750793457,58886,58897,11
12.8704004288,80.1744384766,58897,58907,10
12.8712997437,80.1738204956,58907,58917,10
12.8722295761,80.1731796265,58917,58926,9
12.8793401718,80.1699371338,58926,58994,68
12.8801002502,80.1703414917,58994,59024,30
12.8835296631,80.1711883545,59024,59085,61
12.8835296631,80.1711883545,59085,59105,20
12.8844404221,80.17162323,59105,59115,10
12.8851499557,80.1719589233,59115,59125,10
12.8859500885,80.1723480225,59125,59136,11
12.8869304657,80.1728363037,59136,59146,10
12.8879098892,80.1733398438,59146,59156,10
12.8887796402,80.1737976074,59156,59166,10
12.8894901276,80.1741409302,59166,59176,10
12.8896799088,80.1742706299,59176,59186,10
12.8900203705,80.1744613647,59186,59196,10
12.890370369,80.174621582,59196,59206,10
12.8906402588,80.1750030518,59206,59216,10
12.8908996582,80.1755065918,59216,59226,10
12.8912200928,80.1760864258,59226,59236,10
12.8915596008,80.1767272949,59236,59257,21
12.8915596008,80.1767272949,59257,59267,10
12.8916301727,80.1768798828,59267,59277,10
12.8918504715,80.1772689819,59277,59287,10
12.8921499252,80.1778030396,59287,59297,10
12.8924999237,80.1784133911,59297,59307,10
12.8929100037,80.1791000366,59307,59317,10
12.893289566,80.1798171997,59317,59368,51
12.8948402405,80.1807327271,59368,59378,10
12.895529747,80.1808013916,59378,59388,10
12.8965196609,80.181388855,59388,59398,10
12.897310257,80.1818695068,59398,59408,10
12.8979902267,80.1822128296,59408,59448,40
12.8987197876,80.1825790405,59448,59458,10
12.8994197845,80.1829681396,59458,59468,10
12.9002199173,80.183380127,59468,59479,11
12.9011697769,80.183883667,59479,59489,10
12.902299881,80.1841964722,59489,59499,10
12.9034004211,80.1845016479,59499,59509,10
12.9044704437,80.1848220825,59509,59519,10
12.9045801163,80.1853637695,59519,59529,10
12.9040899277,80.1869812012,59529,59539,10
12.9040403366,80.187461853,59539,59549,10
12.9042797089,80.1881637573,59549,59570,21
12.9064302444,80.1888885498,59570,59579,9
12.9068899155,80.1891403198,59579,59771,192
12.9154500961,80.1923065186,59771,59781,10
12.9160499573,80.1923675537,59781,59922,141
12.9174098969,80.1913604736,59922,59932,10
12.9172897339,80.1920013428,59932,59953,21
12.9171104431,80.1930999756,59953,59963,10
12.9170598984,80.1934585571,59963,59993,30
12.9171104431,80.1936187744,59993,60003,10
12.9171695709,80.1941833496,60003,60013,10
12.9173002243,80.1948394775,60013,60124,111
12.9240503311,80.1974868774,60124,60134,10
12.924779892,80.1975631714,60134,60144,10
12.9253997803,80.1975479126,60144,60155,11
12.9255399704,80.1975326538,60155,60164,9
12.9260702133,80.1975479126,60164,60175,11
12.9266796112,80.1976089478,60175,60286,111
12.9293899536,80.2026596069,60286,60296,10
12.9293899536,80.2026672363,60296,60306,10
12.9298801422,80.2026977539,60306,60316,10
12.9305896759,80.2028121948,60316,60326,10
12.9314603806,80.2030715942,60326,60336,10
12.9323997498,80.2034988403,60336,60346,10
12.9333295822,80.2036895752,60346,60356,10
12.934009552,80.2038192749,60356,60366,10
12.9346103668,80.2038803101,60366,60386,20
12.9346504211,80.2040634155,60386,60396,10
12.9350996017,80.204208374,60396,60406,10
12.9363002777,80.2045516968,60406,60417,11
12.9372501373,80.2049026489,60417,60427,10
12.9383001328,80.2051315308,60427,60437,10
12.9391202927,80.2053375244,60437,60447,10
12.9399795532,80.2056121826,60447,60467,20
12.9401702881,80.2056808472,60467,60477,10
12.9407396317,80.2057876587,60477,60487,10
12.9414701462,80.2061462402,60487,60498,11
12.9420995712,80.2068099976,60498,60508,10
12.9427995682,80.2073669434,60508,60518,10
12.9433097839,80.207862854,60518,60528,10
12.9439201355,80.2082672119,60528,60538,10
12.9444999695,80.2083969116,60538,60578,40
12.9463996887,80.2089004517,60578,60588,10
12.9473304749,80.2092895508,60588,60598,10
12.9481801987,80.209487915,60598,60608,10
12.948559761,80.2096862793,60608,60619,11
12.9489603043,80.2098999023,60619,60629,10
12.9491701126,80.2100982666,60629,60669,40
12.9514102936,80.2111129761,60669,60679,10
12.9520597458,80.2116470337,60679,60689,10
12.9531097412,80.2119293213,60689,60699,10
12.9540100098,80.2123413086,60699,60729,30
12.9544897079,80.2123031616,60729,60739,10
12.9556598663,80.2126693726,60739,60750,11
12.9565095901,80.2129669189,60750,60760,10
12.9574699402,80.2134628296,60760,60770,10
12.9584302902,80.2139205933,60770,60780,10
12.959569931,80.2143707275,60780,60790,10
12.9605102539,80.2147064209,60790,60800,10
12.9611597061,80.2149276733,60800,60810,10
12.962389946,80.2154006958,60810,60820,10
12.9631595612,80.2156982422,60820,60830,10
12.9636602402,80.2158508301,60830,60861,31
12.9642400742,80.215927124,60861,60871,10
12.9645795822,80.2164001465,60871,60881,10
12.9652900696,80.2166137695,60881,60891,10
12.9659700394,80.2168731689,60891,60901,10
12.9666004181,80.2171783447,60901,60911,10
12.9672498703,80.2174224854,60911,60921,10
12.9678401947,80.2176437378,60921,60961,40
12.9702501297,80.2186584473,60961,60971,10
12.9711103439,80.2188873291,60971,60982,11
12.9718103409,80.2189788818,60982,61103,121
12.9748601913,80.2203063965,61103,61113,10
12.9751996994,80.2204437256,61113,61143,30
12.9757099152,80.2208099365,61143,61264,121
12.9817800522,80.2211380005,61264,61274,10
12.9825296402,80.2217788696,61274,61284,10
12.9828195572,80.2219390869,61284,61294,10
12.9829397202,80.2219390869,61294,61304,10
12.9830303192,80.2219161987,61304,61315,11
12.9830503464,80.2220916748,61315,61325,10
12.983039856,80.2224197388,61325,61627,302
12.9944000244,80.2174606323,61627,61637,10
12.9947595596,80.2171707153,61637,61678,41
12.9958496094,80.2166366577,61678,61688,10
12.9965000153,80.216506958,61688,61698,10
12.9995498657,80.2172088623,61698,61748,50
12.9995498657,80.2172088623,61748,61758,10
13.000169754,80.217628479,61758,61768,10
13.0008296967,80.2180633545,61768,61787,19
13.0019397736,80.2189178467,61787,61797,10
13.0024299622,80.2194595337,61797,61807,10
13.0031404495,80.2198791504,61807,61817,10
13.0039796829,80.2201080322,61817,61827,10
13.0046300888,80.2202377319,61827,61837,10
13.0047502518,80.2202529907,61837,61847,10
13.0051898956,80.2203521729,61847,61857,10
13.0059604645,80.2205276489,61857,61867,10
13.0068702698,80.2208099365,61867,61877,10
13.0078401566,80.221321106,61877,61888,11
13.0088100433,80.2218017578,61888,61918,30
13.0114402771,80.2230072021,61918,61928,10
13.0114402771,80.2230072021,61928,61938,10
13.0114898682,80.2231292725,61938,61947,9
13.0116796494,80.2227172852,61947,61958,11
13.0118999481,80.2218780518,61958,61968,10
13.0122995377,80.2214584351,61968,61978,10
13.0127696991,80.2218780518,61978,61988,10
13.0131797791,80.2225494385,61988,61998,10
13.0138502121,80.2232437134,61998,62009,11
13.0143699646,80.2240066528,62009,62019,10
13.0149002075,80.2245178223,62019,62029,10
13.0150299072,80.2246932983,62029,62039,10
13.0150899887,80.224822998,62039,62059,20
13.0155200958,80.224822998,62059,62069,10
13.0157003403,80.225189209,62069,62079,10
13.0162096024,80.2253799438,62079,62089,10
13.0170497894,80.2251586914,62089,62099,10
13.0180101395,80.2247619629,62099,62109,10
13.0189695358,80.2244186401,62109,62120,11
13.0193796158,80.224357605,62120,62130,10
13.0195398331,80.2244567871,62130,62150,20
13.0200996399,80.2247924805,62150,62160,10
13.0203304291,80.2249832153,62160,62170,10
13.0207300186,80.2252578735,62170,62180,10
13.0213003159,80.2256774902,62180,62190,10
13.021900177,80.2260818481,62190,62210,20
13.021900177,80.2260818481,62210,62220,10
13.0221099854,80.2262573242,62220,62229,9
13.0225400925,80.2266387939,62229,62241,12
13.0233201981,80.2273483276,62241,62251,10
13.0240297318,80.2279891968,62251,62261,10
13.0243501663,80.2284088135,62261,62271,10
13.0246601105,80.2287902832,62271,62281,10
13.0249300003,80.2293014526,62281,62291,10
13.0253896713,80.2298202515,62291,62301,10
13.0254602432,80.2299423218,62301,62311,10
13.0255403519,80.2300720215,62311,62321,10
13.0257902145,80.2304992676,62321,62331,10
13.0259199142,80.2308120728,62331,62341,10
13.0260095596,80.2311935425,62341,62352,11
13.0262498856,80.2313690186,62352,62362,10
13.0268697739,80.2312011719,62362,62372,10
13.0277299881,80.2310028076,62372,62382,10
13.028429985,80.2309036255,62382,62402,20
13.028429985,80.2309036255,62402,62412,10
13.028670311,80.2305984497,62412,62421,9
13.0291004181,80.2307434082,62421,62432,11
13.0296001434,80.230758667,62432,62442,10
13.0301103592,80.2307510376,62442,62452,10
13.0306596756,80.2307281494,62452,62462,10
13.0310096741,80.2306671143,62462,62473,11
13.0314903259,80.2306289673,62473,62483,10
13.0322198868,80.2305679321,62483,62493,10
13.0328903198,80.2305221558,62493,62503,10
13.0331802368,80.230506897,62503,62563,60
13.0331802368,80.230506897,62563,62573,10
13.0333003998,80.2304916382,62573,62584,11
13.0335903168,80.2304611206,62584,62594,10
13.0342197418,80.2304229736,62594,62614,20
13.0342197418,80.2304229736,62614,62623,9
13.0343999863,80.2303695679,62623,62634,11
13.0346803665,80.2302398682,62634,62644,10
13.0347499847,80.2302474976,62644,62684,40
13.0347499847,80.2302474976,62684,62694,10
13.0350103378,80.2302322388,62694,62705,11
13.0349998474,80.2300415039,62705,62715,10
13.0347204208,80.229927063,62715,62735,20
13.0347204208,80.229927063,62735,62745,10
13.0344600677,80.2298202515,62745,63078,333
13.0342998505,80.2300109863,63078,63764,686
13.0342197418,80.2299804688,63764,63804,40
13.0342197418,80.2299804688,63804,63814,10
13.0341796875,80.230430603,63814,63865,51
13.0341796875,80.230430603,63865,63875,10
13.0341501236,80.230506897,63875,63885,10
13.0337696075,80.2304992676,63885,63895,10
13.033080101,80.2305297852,63895,63905,10
13.0322504044,80.2305984497,63905,63915,10
13.0313596725,80.230682373,63915,63925,10
13.0305299759,80.2307510376,63925,63935,10
13.0297803879,80.2308425903,63935,63986,51
13.0297803879,80.2308425903,63986,63996,10
13.0295000076,80.2308578491,63996,64006,10
13.0290002823,80.2309112549,64006,64016,10
13.0283098221,80.2309799194,64016,64026,10
13.0277204514,80.2310562134,64026,64036,10
13.0276899338,80.2314300537,64036,64046,10
13.0277500153,80.232093811,64046,64056,10
13.027879715,80.2326965332,64056,64066,10
13.0274801254,80.2329101563,64066,64076,10
13.0271396637,80.2329406738,64076,64087,11
13.0269002914,80.2329788208,64087,64097,10
13.0266304016,80.233039856,64097,64107,10
13.0263004303,80.2327728271,64107,64117,10
13.0262203217,80.2323608398,64117,64127,10
13.0261096954,80.2318572998,64127,64137,10
13.025970459,80.2313079834,64137,64147,10
13.0257396698,80.2305297852,64147,64157,10
13.0252504349,80.2297897339,64157,64167,10
13.0249204636,80.2293701172,64167,64228,61
13.0235700607,80.2278594971,64228,64238,10
13.0231800079,80.2275314331,64238,64248,10
13.0230102539,80.2274017334,64248,64349,101
13.0204496384,80.2251663208,64349,64359,10
13.0199604034,80.2249984741,64359,64369,10
13.019370079,80.2245101929,64369,64379,10
13.0186700821,80.2241592407,64379,64399,20
13.0168399811,80.2253265381,64399,64409,10
13.0165596008,80.225440979,64409,64419,10
13.016289711,80.225479126,64419,64430,11
13.0158500671,80.2254562378,64430,64440,10
13.0149297714,80.22605896,64440,64450,10
13.0143404007,80.2263412476,64450,64470,20
13.0143404007,80.2263412476,64470,64480,10
13.0142002106,80.2263565063,64480,64490,10
13.0139198303,80.2264862061,64490,64500,10
13.0139198303,80.2265014648,64500,64510,10
13.0135202408,80.2267990112,64510,64520,10
13.0130300522,80.2267990112,64520,64530,10
13.0122995377,80.2270812988,64530,64541,11
13.0113801956,80.2274169922,64541,64551,10
13.0105600357,80.2277069092,64551,64561,10
13.0097103119,80.2278671265,64561,64571,10
13.00963974,80.2273025513,64571,64581,10
13.0099802017,80.2266616821,64581,64591,10
13.0102796555,80.2258224487,64591,64601,10
13.0106401443,80.2249908447,64601,64611,10
13.0108003616,80.2245101929,64611,64621,10
13.0109596252,80.2239837646,64621,64631,10
13.0111398697,80.2236480713,64631,64641,10
13.011300087,80.2233963013,64641,64651,10
13.0110397339,80.2231292725,64651,64662,11
13.0105495453,80.2229003906,64662,64672,10
13.0098304749,80.2227478027,64672,64692,20
13.0098304749,80.2227478027,64692,64702,10
13.0092401505,80.2221374512,64702,64711,9
13.0086698532,80.2218475342,64711,64722,11
13.0078802109,80.2214202881,64722,64732,10
13.007109642,80.2209777832,64732,64742,10
13.0064001083,80.220413208,64742,64752,10
13.005399704,80.2202835083,64752,64762,10
13.0045604706,80.2200927734,64762,64863,101
12.9989004135,80.2171401978,64863,64873,10
12.9980297089,80.216583252,64873,64884,11
12.9973096848,80.2165374756,64884,64894,10
12.9966897964,80.216506958,64894,65106,212
12.9881601334,80.2227783203,65106,65116,10
12.9875297546,80.2232818604,65116,65166,50
12.9868297577,80.2230377197,65166,65176,10
12.9863996506,80.2229766846,65176,65186,10
12.9858798981,80.2230224609,65186,65196,10
12.9854698181,80.2232589722,65196,65206,10
12.9851703644,80.2232589722,65206,65216,10
12.9846897125,80.2230606079,65216,65227,11
12.9840497971,80.2226409912,65227,65237,10
12.9835500717,80.2223434448,65237,65247,10
12.9832801819,80.2221069336,65247,65267,20
12.9832801819,80.2221069336,65267,65277,10
12.9830799103,80.2219619751,65277,65287,10
12.9827404022,80.2218399048,65287,65297,10
12.9822998047,80.2217483521,65297,65307,10
12.9818696976,80.2214813232,65307,65317,10
12.9812602997,80.2210769653,65317,65327,10
12.9808502197,80.221031189,65327,65337,10
12.9805202484,80.2211380005,65337,65358,21
12.9787302017,80.2212295532,65358,65368,10
12.9782304764,80.2210235596,65368,65378,10
12.9774198532,80.2211914063,65378,65388,10
12.9766998291,80.2212600708,65388,65398,10
12.9762201309,80.2212677002,65398,65408,10
12.9757900238,80.2211227417,65408,65418,10
12.9757299423,80.2210464478,65418,65428,10
12.9759998322,80.2212905884,65428,65438,10
12.9763898849,80.2220077515,65438,65449,11
12.9758501053,80.221496582,65449,65459,10
12.9758701324,80.2213516235,65459,65519,60
12.9750900269,80.2204971313,65519,65529,10
12.9744701385,80.2203369141,65529,65539,10
12.9739398956,80.2201766968,65539,65559,20
12.9723396301,80.2195205688,65559,65570,11
12.9715099335,80.2192230225,65570,65640,70
12.9705200195,80.2188491821,65640,65650,10
12.9625997543,80.2155838013,65650,65923,273
12.9625997543,80.2155838013,65923,66296,373
12.9489202499,80.2102279663,66296,66306,10
12.9489097595,80.2102584839,66306,66316,10
12.9488296509,80.210357666,66316,66377,61
12.9483995438,80.2101516724,66377,66407,30
12.9483995438,80.2101516724,66407,66417,10
12.9483098984,80.2101135254,66417,66427,10
12.9474897385,80.2098007202,66427,66447,20
12.9474897385,80.2098007202,66447,66457,10
12.9475803375,80.2099227905,66457,66468,11
12.9477996826,80.2102508545,66468,66477,9
12.9474897385,80.2098007202,66477,66488,11
12.9475603104,80.2098388672,66488,66498,10
12.9475297928,80.2098236084,66498,66537,39
12.9454803467,80.2089080811,66537,66548,11
12.9446802139,80.208656311,66548,66740,192
12.944270134,80.2083206177,66740,66800,60
12.944270134,80.2083206177,66800,66810,10
12.9438199997,80.2082519531,66810,66821,11
12.9433898926,80.2079925537,66821,66871,50
12.9410495758,80.2060012817,66871,66891,20
12.9410495758,80.2060012817,66891,66900,9
12.9409399033,80.205909729,66900,66911,11
12.9405498505,80.2057800293,66911,66921,10
12.940079689,80.2056427002,66921,66931,10
12.939499855,80.2054672241,66931,66940,9
12.9388799667,80.205291748,66940,66952,12
12.9382896423,80.2051010132,66952,66962,10
12.9381399155,80.2050170898,66962,66992,30
12.9364995956,80.2045822144,66992,67002,10
12.9357595444,80.2043914795,67002,67012,10
12.9351196289,80.2041091919,67012,67022,10
12.9344701767,80.2040100098,67022,67032,10
12.9337997437,80.2039489746,67032,67163,131
12.9303798676,80.20287323,67163,67174,11
12.9297103882,80.2027893066,67174,67184,10
12.9292802811,80.2027206421,67184,67194,10
12.9290103912,80.2025909424,67194,67244,50
12.9283800125,80.2009735107,67244,67254,10
12.9283103943,80.2001190186,67254,67264,10
12.9282197952,80.1993026733,67264,67284,20
12.92689991,80.1978683472,67284,67295,11
12.9261903763,80.1975097656,67295,67305,10
12.9259395599,80.1975479126,67305,67335,30
12.9255695343,80.1978530884,67335,67345,10
12.9255399704,80.1974716187,67345,67355,10
12.9253797531,80.1976165771,67355,67365,10
12.9248600006,80.1973114014,67365,67577,212
12.9168996811,80.1935882568,67577,67587,10
12.9168901443,80.1934661865,67587,67648,61
12.9169301987,80.1923675537,67648,67658,10
12.9165000916,80.1923522949,67658,67698,40
12.9166498184,80.1925430298,67698,67708,10
12.9170703888,80.1931381226,67708,67819,111
12.9143295288,80.1923675537,67819,67829,10
12.9144496918,80.1921234131,67829,67991,162
12.9144496918,80.1921234131,67991,68001,10
12.9142198563,80.1922073364,68001,68011,10
12.9139404297,80.1921615601,68011,68021,10
12.9135198593,80.1920776367,68021,68031,10
12.9130096436,80.1920166016,68031,68041,10
12.9124002457,80.1919403076,68041,68051,10
12.9118003845,80.1918792725,68051,68061,10
12.9111404419,80.1918029785,68061,68071,10
12.9103899002,80.1916885376,68071,68081,10
12.9097604752,80.1915206909,68081,68091,10
12.9097204208,80.1914825439,68091,68102,11
12.9096498489,80.1914520264,68102,68112,10
12.9094400406,80.191368103,68112,68122,10
12.9089403152,80.1909637451,68122,68132,10
12.9081296921,80.1902618408,68132,68142,10
12.9075202942,80.1898193359,68142,68152,10
12.9069595337,80.1893768311,68152,68162,10
12.906419754,80.1889877319,68162,68172,10
12.9061098099,80.1888198853,68172,68182,10
12.9061002731,80.1888122559,68182,68191,9
12.906080246,80.1888427734,68191,68203,12
12.9059000015,80.1889801025,68203,68213,10
12.906080246,80.1887435913,68213,68223,10
12.9058599472,80.1885986328,68223,68233,10
12.9053697586,80.1883010864,68233,68243,10
12.9047002792,80.1878509521,68243,68253,10
12.9040002823,80.1873474121,68253,68263,10
12.9039697647,80.1865615845,68263,68273,10
12.9040002823,80.1855773926,68273,68283,10
12.9039897919,80.1847610474,68283,68293,10
12.9034404755,80.1844863892,68293,68303,10
12.9026899338,80.1843032837,68303,68313,10
12.90184021,80.1840820313,68313,68323,10
12.9009599686,80.183807373,68323,68334,11
12.8999700546,80.1833572388,68334,68344,10
12.8990497589,80.1828918457,68344,68354,10
12.8981103897,80.1824188232,68354,68364,10
12.8972797394,80.1820220947,68364,68384,20
12.8972797394,80.1820220947,68384,68394,10
12.8972997665,80.1820220947,68394,68404,10
12.8971595764,80.1818389893,68404,68414,10
12.8972196579,80.1818771362,68414,68424,10
12.8970098495,80.1818618774,68424,68434,10
12.8965597153,80.1816177368,68434,68445,11
12.8959102631,80.1812973022,68445,68455,10
12.8952703476,80.1809692383,68455,68465,10
12.8945798874,80.1806335449,68465,68475,10
12.8938703537,80.180267334,68475,68485,10
12.8933296204,80.1800003052,68485,68495,10
12.8932800293,80.17993927,68495,68515,20
12.8932800293,80.17993927,68515,68525,10
12.8931102753,80.1795272827,68525,68535,10
12.8927698135,80.1790313721,68535,68545,10
12.8924198151,80.1783370972,68545,68556,11
12.8919000626,80.177482605,68556,68566,10
12.8914499283,80.1768798828,68566,68576,10
12.8914003372,80.1766433716,68576,68596,20
12.8914003372,80.1766433716,68596,68626,30
12.8911399841,80.1761398315,68626,68636,10
12.8907403946,80.1753387451,68636,68798,162
12.8824195862,80.1707000732,68798,68808,10
12.8820495605,80.1710281372,68808,68818,10
12.8815498352,80.1709671021,68818,68828,10
12.8812103271,80.1707763672,68828,69141,313
12.8624000549,80.174118042,69141,69151,10
12.8613996506,80.1737136841,69151,69161,10
12.8604001999,80.1732788086,69161,69171,10
12.8596897125,80.1729812622,69171,69181,10
12.859629631,80.1729431152,69181,69191,10
12.8594198227,80.1728210449,69191,69201,10
12.8585100174,80.1725921631,69201,69211,10
12.857749939,80.1723403931,69211,69221,10
12.8571796417,80.1722717285,69221,69282,61
12.8566102982,80.1724395752,69282,69292,10
12.8561601639,80.1722412109,69292,69352,60
12.8508901596,80.1708984375,69352,69363,11
12.8496799469,80.1707077026,69363,69373,10
12.8485403061,80.1705169678,69373,69383,10
12.8475103378,80.1703186035,69383,69393,10
12.8467702866,80.1701889038,69393,69443,50
12.8431797028,80.169960022,69443,69453,10
12.8420495987,80.169960022,69453,69464,11
12.8408498764,80.1699981689,69464,69474,10
12.8398199081,80.169960022,69474,69595,121
12.8354701996,80.1677932739,69595,69605,10
12.8349399567,80.1675720215,69605,69615,10
12.8343400955,80.1672134399,69615,70354,739
12.8116798401,80.1593780518,70354,70364,10
12.8116598129,80.1593475342,70364,70838,474
12.8382101059,80.1695404053,70838,70879,41
12.8408403397,80.1699676514,70879,70889,10
12.8420200348,80.1699523926,70889,71081,192
12.8584499359,80.1725921631,71081,71091,10
12.8593702316,80.1728591919,71091,71101,10
12.8601999283,80.1731567383,71101,71111,10
12.8610200882,80.1735076904,71111,71121,10
12.8620195389,80.1739501953,71121,71131,10
12.8629903793,80.1744232178,71131,71141,10
12.8639802933,80.1750717163,71141,71151,10
12.8647403717,80.1755371094,71151,71161,10
12.8650197983,80.1756820679,71161,71171,10
12.8652296066,80.1757507324,71171,71181,10
12.8654203415,80.1757736206,71181,71192,11
12.8661298752,80.1758422852,71192,71202,10
12.8669996262,80.1759414673,71202,71212,10
12.8680200577,80.1760635376,71212,71222,10
12.8689002991,80.1756286621,71222,71232,10
12.8697795868,80.174911499,71232,71242,10
12.8707799911,80.1742935181,71242,71252,10
12.8717699051,80.1736831665,71252,71262,10
12.8727302551,80.172996521,71262,71272,10
12.8736495972,80.1723632813,71272,71282,10
12.8746004105,80.1717071533,71282,71292,10
12.8755502701,80.1710891724,71292,71303,11
12.8767299652,80.1705780029,71303,71312,9
12.8827600479,80.1707382202,71312,71382,70
12.8827600479,80.1707382202,71382,71402,20
12.8842201233,80.1715393066,71402,71412,10
12.8851099014,80.1720123291,71412,71423,11
12.8859996796,80.1724700928,71423,71433,10
12.8868703842,80.1729202271,71433,71443,10
12.8878297806,80.1734237671,71443,71453,10
12.8887395859,80.173866272,71453,71463,10
12.8894300461,80.1742401123,71463,71473,10
12.8896903992,80.1743927002,71473,71483,10
12.8900098801,80.1744766235,71483,71493,10
12.8901996613,80.1745529175,71493,71503,10
12.8905000687,80.1747894287,71503,71513,10
12.8908195496,80.1753768921,71513,71523,10
12.8912096024,80.1761016846,71523,71534,11
12.8915100098,80.1766891479,71534,71544,10
12.8916797638,80.1769866943,71544,71554,10
12.8920297623,80.1776504517,71554,71564,10
12.8925104141,80.1785583496,71564,71574,10
12.8930902481,80.1795806885,71574,71584,10
12.8937597275,80.1802062988,71584,71594,10
12.8941001892,80.1804122925,71594,71604,10
12.8943595886,80.1805877686,71604,71634,30
12.8966302872,80.1816101074,71634,71645,11
12.8974399567,80.1820373535,71645,71655,10
12.8977403641,80.1821289063,71655,71796,141
12.9057197571,80.1884613037,71796,71806,10
12.9064598083,80.1889190674,71806,71816,10
12.9069700241,80.1892929077,71816,71826,10
12.9075899124,80.189743042,71826,71836,10
12.9083499908,80.190322876,71836,71846,10
12.9091701508,80.1909484863,71846,71856,10
12.9099502563,80.1915206909,71856,71866,10
12.9107999802,80.1916885376,71866,71877,11
12.9116897583,80.1918106079,71877,71887,10
12.9122695923,80.1918792725,71887,71897,10
12.9124803543,80.1918716431,71897,71998,101
12.9171695709,80.19165802,71998,72008,10
12.9172401428,80.1911621094,72008,72018,10
12.9172697067,80.1906280518,72018,72068,50
12.9172697067,80.1906280518,72068,72078,10
12.9175100327,80.1905136108,72078,72088,10
12.9174003601,80.19090271,72088,72098,10
12.917309761,80.1915969849,72098,72109,11
12.9171800613,80.1924591064,72109,72119,10
12.9170999527,80.1929626465,72119,72129,10
12.9170799255,80.193031311,72129,72139,10
12.917090416,80.1931610107,72139,72149,10
12.9170503616,80.1933135986,72149,72159,10
12.9170598984,80.1935577393,72159,72169,10
12.917090416,80.1939468384,72169,72179,10
12.9173402786,80.194519043,72179,72189,10
12.917719841,80.1949005127,72189,72199,10
12.9182195663,80.195350647,72199,72209,10
12.9186697006,80.1957702637,72209,72220,11
12.9191503525,80.1962280273,72220,72240,20
12.9206895828,80.1968231201,72240,72260,20
12.9210796356,80.1968383789,72260,72270,10
12.9216003418,80.1971282959,72270,72280,10
12.9223299026,80.197303772,72280,72290,10
12.9230098724,80.1973876953,72290,72300,10
12.9234199524,80.1974182129,72300,72351,51
12.9252700806,80.1974563599,72351,72361,10
12.9257001877,80.1974716187,72361,72371,10
12.9263000488,80.1975097656,72371,72381,10
12.926779747,80.1976089478,72381,72391,10
12.9272499084,80.1976699829,72391,72401,10
12.9278001785,80.1985702515,72401,72411,10
12.928150177,80.1992797852,72411,72421,10
12.9284095764,80.2002487183,72421,72431,10
12.9284696579,80.2011871338,72431,72441,10
12.9285202026,80.202041626,72441,72452,11
12.9288101196,80.2026901245,72452,72462,10
12.9293298721,80.2027206421,72462,72472,10
12.9297704697,80.2027130127,72472,72563,91
12.9344301224,80.2042999268,72563,72583,20
12.9340600967,80.2038421631,72583,72593,10
12.9343299866,80.2038421631,72593,72603,10
12.934709549,80.2038421631,72603,72663,60
12.9390096664,80.205329895,72663,72674,11
12.9398097992,80.2055587769,72674,72684,10
12.9404201508,80.2055664063,72684,73007,323
12.9599399567,80.2144699097,73007,73017,10
12.960940361,80.2149276733,73017,74809,1792
13.0140600204,80.2261962891,74809,74819,10
13.0141401291,80.2260818481,74819,74829,10
13.0143003464,80.2256011963,74829,74840,11
13.0142698288,80.2254714966,74840,75102,262
13.0142698288,80.2254714966,75102,75112,10
13.0146903992,80.2255020142,75112,75142,30
13.0142698288,80.2257385254,75142,75737,595
13.0141601563,80.2257537842,75737,75838,101
13.0143404007,80.2258071899,75838,76211,373
13.0142002106,80.2258834839,76211,76252,41
13.0142297745,80.225730896,76252,76383,131
13.0142402649,80.2257080078,76383,76999,616
13.0142402649,80.2257080078,76999,77039,40
