13.0330295563,80.2305526733,12,598,586
13.0330295563,80.2305526733,598,608,10
13.0327701569,80.230430603,608,759,151
13.032959938,80.2304763794,759,2122,1363
13.032959938,80.2304763794,2122,2132,10
13.0328302383,80.2305679321,2132,2404,272
13.0329399109,80.2305374146,2404,2576,172
13.032790184,80.2304000854,2576,2677,101
13.0329704285,80.2305984497,2677,3151,474
13.0329704285,80.2305984497,3151,3161,10
13.0327997208,80.2305603027,3161,3454,293
13.0329399109,80.2305221558,3454,3676,222
13.0327396393,80.2304229736,3676,3777,101
13.0327396393,80.2304229736,3777,3787,10
13.0328998566,80.2304916382,3787,4251,464
13.0328598022,80.230430603,4251,4524,273
13.0329303741,80.2303237915,4524,5681,1157
13.0328598022,80.2304992676,5681,6203,522
13.0329999924,80.2304763794,6203,7623,1420
13.0331001282,80.2303466797,7623,7676,53
13.0329799652,80.2304000854,7676,8087,411
13.0329799652,80.2304000854,8087,18848,10761
13.0324602127,80.2308807373,18848,18860,12
13.0325803757,80.2308807373,18860,18871,11
13.0324401855,80.2309417725,18871,18881,10
13.0326595306,80.230682373,18881,18892,11
13.0326595306,80.2306289673,18892,18902,10
13.032699585,80.2305679321,18902,18912,10
13.0328197479,80.2305603027,18912,18922,10
13.0328598022,80.2305374146,18922,18932,10
13.0328798294,80.2305221558,18932,19033,101
13.0328798294,80.2305221558,19033,19043,10
13.03262043,80.2305221558,19043,19053,10
13.0322599411,80.2305831909,19053,19063,10
13.031539917,80.2306518555,19063,19073,10
13.0309200287,80.2306976318,19073,19083,10
13.030500412,80.2307434082,19083,19094,11
13.0298099518,80.2308273315,19094,19114,20
13.0298099518,80.2308273315,19114,19124,10
13.0296096802,80.2308502197,19124,19134,10
13.0292196274,80.2308807373,19134,19143,9
13.0286397934,80.2309188843,19143,19154,11
13.0279998779,80.2310028076,19154,19164,10
13.0277004242,80.2310714722,19164,19174,10
13.0277004242,80.2313919067,19174,19184,10
13.0277395248,80.2318496704,19184,19195,11
13.0278501511,80.2324829102,19195,19205,10
13.0276699066,80.2328262329,19205,19215,10
13.027130127,80.2329483032,19215,19225,10
13.0268697739,80.2329788208,19225,19235,10
13.0266895294,80.2330169678,19235,19245,10
13.0265197754,80.2330322266,19245,19254,9
13.0263395309,80.2326889038,19254,19264,10
13.0261096954,80.2319564819,19264,19275,11
13.0258703232,80.2310180664,19275,19285,10
13.0255002975,80.2302017212,19285,19296,11
13.0248298645,80.2292709351,19296,19306,10
13.0243597031,80.2286376953,19306,19316,10
13.024020195,80.2282791138,19316,19325,9
13.0239896774,80.2282485962,19325,19336,11
13.0238103867,80.228012085,19336,19347,11
13.0234899521,80.2276763916,19347,19358,11
13.0231199265,80.2273330688,19358,19367,9
13.0227298737,80.2269363403,19367,19377,10
13.0222101212,80.2264709473,19377,19388,11
13.0214195251,80.2257919312,19388,19399,11
13.0205802917,80.2251815796,19399,19409,10
13.0198202133,80.2247009277,19409,19419,10
13.0190401077,80.2244567871,19419,19429,10
13.0180301666,80.2248077393,19429,19439,10
13.0169897079,80.2252502441,19439,19449,10
13.016289711,80.2253799438,19449,19459,10
13.0159196854,80.2256011963,19459,19469,10
13.0152797699,80.2258987427,19469,19479,10
13.0143203735,80.2262878418,19479,19499,20
13.0143203735,80.2262878418,19499,19510,11
13.0139598846,80.2264175415,19510,19520,10
13.0134401321,80.2266311646,19520,19530,10
13.0127897263,80.2268829346,19530,19540,10
13.0120601654,80.227180481,19540,19550,10
13.0112600327,80.2274932861,19550,19566,16
13.0097303391,80.2281036377,19566,19578,12
13.0091199875,80.228843689,19578,19586,8
13.0089502335,80.2296905518,19586,19598,12
13.008649826,80.2312469482,19598,19608,10
13.0083799362,80.2326431274,19608,19619,11
13.0082397461,80.2335968018,19619,19629,10
13.008190155,80.2337417603,19629,19639,10
13.0080900192,80.2342224121,19639,19647,8
13.0079698563,80.2348327637,19647,19659,12
13.0077800751,80.2358474731,19659,19668,9
13.0075998306,80.2367782593,19668,19680,12
13.007349968,80.2381820679,19680,19690,10
13.0071802139,80.2390823364,19690,19699,9
13.0069904327,80.2396621704,19699,19712,13
13.0068998337,80.2403793335,19712,19723,11
13.0068902969,80.2406234741,19723,19733,10
13.0068101883,80.2411270142,19733,19743,10
13.0067796707,80.2419509888,19743,19753,10
13.006770134,80.2429504395,19753,19763,10
13.0067596436,80.2440032959,19763,19773,10
13.0067596436,80.2452163696,19773,19783,10
13.006819725,80.2464675903,19783,19793,10
13.0068302155,80.2475204468,19793,19803,10
13.0068302155,80.2485580444,19803,19813,10
13.0068502426,80.2494277954,19813,19824,11
13.0068502426,80.2496566772,19824,19834,10
13.0068502426,80.2498626709,19834,19844,10
13.0068597794,80.2502212524,19844,19854,10
13.0068302155,80.250869751,19854,19864,10
13.0067596436,80.2516708374,19864,19874,10
13.0066099167,80.2526016235,19874,19884,10
13.0066003799,80.2536315918,19884,19894,10
13.0066299438,80.2547607422,19894,19904,10
13.0066604614,80.256072998,19904,19914,10
13.0066795349,80.2571029663,19914,19924,10
13.006939888,80.2579574585,19924,19935,11
13.0074901581,80.2585601807,19935,19943,8
13.0076398849,80.2586212158,19943,19955,12
13.0082197189,80.2588806152,19955,19965,10
13.0089702606,80.2590637207,19965,19975,10
13.0097904205,80.2590866089,19975,19985,10
13.0110197067,80.2590866089,19985,19994,9
13.0120401382,80.2590789795,19994,20005,11
13.013710022,80.2591400146,20005,20015,10
13.0151596069,80.2592163086,20015,20025,10
13.0163497925,80.2596588135,20025,20036,11
13.0174503326,80.260383606,20036,20046,10
13.0185003281,80.2610931396,20046,20056,10
13.0192499161,80.2617111206,20056,20065,9
13.0197696686,80.26222229,20065,20076,11
13.02023983,80.2626724243,20076,20086,10
13.0204696655,80.2627868652,20086,20096,10
13.0210800171,80.2629470825,20096,20106,10
13.0217504501,80.2631988525,20106,20116,10
13.0221204758,80.2633590698,20116,20126,10
13.0225601196,80.2635574341,20126,20137,11
13.0233201981,80.2639770508,20137,20147,10
13.0240402222,80.2644119263,20147,20157,10
13.0246696472,80.2648468018,20157,20165,8
13.0250902176,80.2651672363,20165,20176,11
13.0257196426,80.2655715942,20176,20187,11
13.0262899399,80.2657928467,20187,20197,10
13.0263500214,80.2655105591,20197,20207,10
13.0263795853,80.2652511597,20207,20217,10
13.0264501572,80.2647399902,20217,20227,10
13.0264797211,80.2641983032,20227,20238,11
13.0265798569,80.2635116577,20238,20248,10
13.0267000198,80.2634124756,20248,20257,9
13.0271701813,80.2634735107,20257,20268,11
13.0276899338,80.2636184692,20268,20278,10
13.0282402039,80.2637634277,20278,20287,9
13.0288200378,80.2638473511,20287,20298,11
13.0292901993,80.2640991211,20298,20309,11
13.0293397903,80.2646408081,20309,20319,10
13.0293197632,80.2652511597,20319,20329,10
13.0292396545,80.2662277222,20329,20340,11
13.0294399261,80.2665405273,20340,20350,10
13.030090332,80.2665634155,20350,20360,10
13.03083992,80.2666931152,20360,20370,10
13.0315504074,80.2668380737,20370,20380,10
13.0322504044,80.2671813965,20380,20389,9
13.0327701569,80.2674713135,20389,20400,11
13.0333404541,80.2676315308,20400,20410,10
13.0335502625,80.2677230835,20410,20420,10
13.0337295532,80.2678222656,20420,20430,10
13.0341796875,80.2678985596,20430,20440,10
13.0345602036,80.2679595947,20440,20451,11
13.0346298218,80.2681121826,20451,20461,10
13.0344800949,80.2680969238,20461,20471,10
13.0341796875,80.2679824829,20471,20481,10
13.0334396362,80.2678604126,20481,20753,272
13.0333404541,80.2678604126,20753,20824,71
13.0333404541,80.2678604126,20824,20834,10
13.0331201553,80.2678222656,20834,20844,10
13.0327396393,80.2677230835,20844,20854,10
13.0324697495,80.2674865723,20854,20864,10
13.0319900513,80.267250061,20864,20874,10
13.0314598083,80.2670288086,20874,20885,11
13.0306797028,80.2668533325,20885,20894,9
13.0299196243,80.2667007446,20894,20905,11
13.0292596817,80.2665786743,20905,20915,10
13.0287904739,80.2664031982,20915,20925,10
13.0281095505,80.2662582397,20925,20935,10
13.0273599625,80.2661590576,20935,20945,10
13.026720047,80.2660903931,20945,20955,10
13.026260376,80.2659835815,20955,20965,10
13.0258598328,80.2657394409,20965,20975,10
13.0254402161,80.2654418945,20975,20985,10
13.0253000259,80.2653579712,20985,20996,11
13.0251102448,80.2651977539,20996,21006,10
13.0247602463,80.2649230957,21006,21016,10
13.0242700577,80.264541626,21016,21026,10
13.0237102509,80.2642211914,21026,21036,10
13.0231304169,80.2639007568,21036,21046,10
13.0225696564,80.2635879517,21046,21056,10
13.0221395493,80.2633972168,21056,21066,10
13.02202034,80.2633514404,21066,21076,10
13.0218095779,80.2632369995,21076,21086,10
13.021229744,80.2630691528,21086,21096,10
13.0203895569,80.2630233765,21096,21107,11
13.0195798874,80.2629776001,21107,21117,10
13.0190696716,80.2629394531,21117,21127,10
13.0189399719,80.2626876831,21127,21137,10
13.0188398361,80.2620315552,21137,21147,10
13.018699646,80.2613067627,21147,21157,10
13.0180797577,80.2608795166,21157,21167,10
13.0172901154,80.2603530884,21167,21177,10
13.0165100098,80.2598419189,21177,21187,10
13.0160303116,80.2596206665,21187,21197,10
13.0154895782,80.2594223022,21197,21207,10
13.0146903992,80.2592926025,21207,21218,11
13.0136003494,80.2592468262,21218,21228,10
13.0123596191,80.2592086792,21228,21238,10
13.0112199783,80.2591781616,21238,21248,10
13.0102796555,80.2592163086,21248,21258,10
13.0093698502,80.2592086792,21258,21268,10
13.0087995529,80.2591781616,21268,21278,10
13.0085096359,80.2591781616,21278,21288,10
13.0078897476,80.2592697144,21288,21298,10
13.0073604584,80.2592010498,21298,21308,10
13.0071401596,80.2586364746,21308,21318,10
13.0068302155,80.2580566406,21318,21329,11
13.0065498352,80.2576293945,21329,21339,10
13.0065002441,80.2571029663,21339,21349,10
13.0065002441,80.2562484741,21349,21358,9
13.0065097809,80.2553100586,21358,21369,11
13.006529808,80.2543334961,21369,21379,10
13.006529808,80.2535629272,21379,21389,10
13.0065402985,80.2532501221,21389,21399,10
13.0065498352,80.2529525757,21399,21409,10
13.0065898895,80.2523498535,21409,21419,10
13.0066900253,80.251701355,21419,21429,10
13.0067596436,80.2509384155,21429,21440,11
13.0067901611,80.2496795654,21440,21450,10
13.0066995621,80.2483901978,21450,21460,10
13.0066795349,80.2476501465,21460,21520,60
13.0066795349,80.2476501465,21520,21530,10
13.0066795349,80.2474212646,21530,21541,11
13.0066795349,80.2469787598,21541,21551,10
13.0066204071,80.2465591431,21551,21561,10
13.0066204071,80.2465515137,21561,21571,10
13.0066099167,80.2464675903,21571,21581,10
13.0066795349,80.2460784912,21581,21591,10
13.0066995621,80.2453079224,21591,21601,10
13.0066995621,80.2444076538,21601,21611,10
13.0066795349,80.2434997559,21611,21621,10
13.0066099167,80.242477417,21621,21631,10
13.0066003799,80.2415390015,21631,21640,9
13.0066003799,80.241317749,21640,21652,12
13.0066995621,80.2406921387,21652,21662,10
13.0068702698,80.2398834229,21662,21672,10
13.0070495605,80.2388763428,21672,21681,9
13.0072603226,80.2378921509,21681,21692,11
13.0073900223,80.2369918823,21692,21702,10
13.0074596405,80.2367019653,21702,21712,10
13.0075998306,80.2362136841,21712,21722,10
13.0077800751,80.2353363037,21722,21732,10
13.0079698563,80.2343521118,21732,21742,10
13.0082101822,80.2331237793,21742,21752,10
13.0084600449,80.2317810059,21752,21762,10
13.0087203979,80.23046875,21762,21773,11
13.0090198517,80.2289199829,21773,21783,10
13.0093803406,80.227722168,21783,21793,10
13.0098896027,80.226600647,21793,21803,10
13.0103902817,80.2255630493,21803,21813,10
13.0108098984,80.2247390747,21813,21823,10
13.0112104416,80.2238082886,21823,21833,10
13.0113801956,80.2233886719,21833,21843,10
13.0115499496,80.2229537964,21843,21853,10
13.0118198395,80.2222213745,21853,21863,10
13.0122299194,80.221496582,21863,21873,10
13.0125398636,80.2218322754,21873,21904,31
13.0125398636,80.2218322754,21904,21914,10
13.0129404068,80.2222213745,21914,21964,50
13.0129404068,80.2222213745,21964,21975,11
13.0132303238,80.2225036621,21975,21985,10
13.0133399963,80.2226409912,21985,21995,10
13.0135202408,80.2228927612,21995,22015,20
13.0137996674,80.2231216431,22015,22075,60
13.0137996674,80.2231216431,22075,22086,11
13.0140304565,80.2233810425,22086,22096,10
13.0140399933,80.2233810425,22096,22106,10
13.0141897202,80.2235183716,22106,22116,10
13.0144500732,80.2238006592,22116,22126,10
13.0149297714,80.2244873047,22126,22136,10
13.01541996,80.2249221802,22136,22146,10
13.0154495239,80.2249526978,22146,22156,10
13.0156402588,80.2251586914,22156,22166,10
13.0161600113,80.2253265381,22166,22176,10
13.0167999268,80.2251815796,22176,22186,10
13.0174703598,80.2249221802,22186,22197,11
13.0182504654,80.224609375,22197,22206,9
13.0188798904,80.2243728638,22206,22216,10
13.0195598602,80.2244262695,22216,22227,11
13.0197601318,80.2245483398,22227,22237,10
13.0198602676,80.2246170044,22237,22247,10
13.0201702118,80.224861145,22247,22257,10
13.0206604004,80.2252120972,22257,22267,10
13.0211400986,80.2256011963,22267,22277,10
13.0218000412,80.2260665894,22277,22287,10
13.0219602585,80.2261810303,22287,22297,10
13.0220403671,80.2262573242,22297,22308,11
13.0223999023,80.2265777588,22308,22318,10
13.0228996277,80.2270507813,22318,22328,10
13.0236101151,80.2276916504,22328,22338,10
13.0242900848,80.2284088135,22338,22348,10
13.0246400833,80.2289199829,22348,22358,10
13.024769783,80.2291030884,22358,22368,10
13.0250997543,80.2295379639,22368,22378,10
13.0256204605,80.2302627563,22378,22388,10
13.0258998871,80.2308731079,22388,22398,10
13.025970459,80.2312164307,22398,22408,10
13.0262804031,80.2313232422,22408,22419,11
13.0270299911,80.2311401367,22419,22429,10
13.0278396606,80.231010437,22429,22439,10
13.0284996033,80.2309188843,22439,22449,10
13.0285596848,80.2309112549,22449,22459,10
13.0290203094,80.2308731079,22459,22469,10
13.029540062,80.2308120728,22469,22479,10
13.0303001404,80.2307434082,22479,22489,10
13.0310297012,80.2306671143,22489,22499,10
13.0319099426,80.2306137085,22499,22509,10
13.0328302383,80.2305221558,22509,22520,11
13.0337400436,80.2304534912,22520,22530,10
13.0342597961,80.2304000854,22530,22540,10
13.034740448,80.2302780151,22540,22570,30
13.034740448,80.2302780151,22570,22580,10
13.0350198746,80.2301177979,22580,22590,10
13.0350799561,80.229850769,22590,22600,10
13.0348396301,80.2298202515,22600,22610,10
13.0344495773,80.2297668457,22610,22620,10
13.0342702866,80.2298431396,22620,22630,10
13.0341997147,80.2299423218,22630,22641,11
13.0338001251,80.2297515869,22641,22650,9
13.0334997177,80.2298431396,22650,22792,142
13.033490181,80.2298278809,22792,23004,212
13.033490181,80.2298278809,23004,23014,10
13.0334501266,80.2300109863,23014,23024,10
13.0334701538,80.2299423218,23024,23054,30
13.0334701538,80.2299423218,23054,23065,11
13.0336303711,80.2299423218,23065,23256,191
13.0336303711,80.2299423218,23256,23266,10
13.0337600708,80.2296905518,23266,23276,10
13.0339097977,80.2297210693,23276,23287,11
13.0341300964,80.2298812866,23287,23490,203
13.0343599319,80.230140686,23490,23864,374
13.0343599319,80.230140686,23864,23874,10
13.034119606,80.2304534912,23874,23884,10
13.033829689,80.230430603,23884,23894,10
13.0334501266,80.230430603,23894,23904,10
13.0328998566,80.2304611206,23904,23914,10
13.0326900482,80.2304992676,23914,23924,10
13.0323295593,80.2305297852,23924,23934,10
13.0318098068,80.2305908203,23934,23945,11
13.0310697556,80.230682373,23945,23955,10
13.0304899216,80.2307128906,23955,23965,10
13.0299501419,80.2307662964,23965,23975,10
13.0298995972,80.2307662964,23975,23985,10
13.029800415,80.2307891846,23985,23995,10
13.0295095444,80.2308273315,23995,24005,10
13.0289897919,80.2308578491,24005,24015,10
13.0283098221,80.2309188843,24015,24025,10
13.0277996063,80.2309494019,24025,24035,10
13.027680397,80.2312164307,24035,24052,17
13.0277900696,80.2322311401,24052,24064,12
13.0277500153,80.232749939,24064,24073,9
13.0272102356,80.2328567505,24073,24084,11
13.0268001556,80.2329483032,24084,24094,10
13.0263795853,80.2328262329,24094,24103,9
13.0262098312,80.2323074341,24103,24114,11
13.0258998871,80.2311325073,24114,24126,12
13.0251703262,80.2297134399,24126,24137,11
13.0244398117,80.228767395,24137,24147,10
13.0240402222,80.2283401489,24147,24158,11
13.0240402222,80.2283325195,24158,24169,11
13.0238199234,80.2280426025,24169,24179,10
13.0234203339,80.2276306152,24179,24189,10
13.0229597092,80.2271728516,24189,24199,10
13.0225200653,80.2267608643,24199,24209,10
13.0219697952,80.2262802124,24209,24219,10
13.0212497711,80.2257080078,24219,24229,10
13.0203399658,80.2250595093,24229,24259,30
13.0203399658,80.2250595093,24259,24270,11
13.0200996399,80.224899292,24270,24280,10
13.0199298859,80.2247619629,24280,24290,10
13.0194396973,80.2245330811,24290,24300,10
13.0185699463,80.224609375,24300,24316,16
13.0169296265,80.2252731323,24316,24328,12
13.0160303116,80.2256317139,24328,24336,8
13.0154600143,80.2258224487,24336,24348,12
13.0144195557,80.2262420654,24348,24368,20
13.0144195557,80.2262420654,24368,24378,10
13.0142402649,80.2263031006,24378,24389,11
13.0137996674,80.2264633179,24389,24399,10
13.013469696,80.2265930176,24399,24409,10
13.0127496719,80.226890564,24409,24419,10
13.0117502213,80.2272872925,24419,24429,10
13.0105400085,80.2277832031,24429,24439,10
13.0093402863,80.2283401489,24439,24459,20
13.0087404251,80.2308578491,24459,24471,12
13.0085000992,80.2321395874,24471,24481,10
13.008310318,80.2331314087,24481,24491,10
13.0082597733,80.2334594727,24491,24503,12
13.0082502365,80.2335205078,24503,24513,10
13.0081596375,80.2339096069,24513,24523,10
13.0080003738,80.2346725464,24523,24533,10
13.0077896118,80.2356719971,24533,24543,10
13.007610321,80.2365875244,24543,24552,9
13.0073795319,80.237739563,24552,24563,11
13.0072002411,80.2387313843,24563,24573,10
13.0070695877,80.239440918,24573,24583,10
13.0069599152,80.2400131226,24583,24593,10
13.0069103241,80.240447998,24593,24604,11
13.0068798065,80.2406005859,24604,24614,10
13.006819725,80.2409210205,24614,24624,10
13.0067596436,80.2416000366,24624,24634,10
13.0067396164,80.2424926758,24634,24644,10
13.0066995621,80.2432632446,24644,24654,10
13.0066699982,80.2440490723,24654,24664,10
13.0066604614,80.2449417114,24664,24674,10
13.0066900253,80.2459182739,24674,24684,10
13.0067195892,80.2467803955,24684,24694,10
13.0067501068,80.2470779419,24694,24704,10
13.0067501068,80.2475280762,24704,24715,11
13.0067501068,80.2484436035,24715,24725,10
13.0068597794,80.2492980957,24725,24735,10
13.0068702698,80.2496337891,24735,24745,10
13.0068702698,80.2498397827,24745,24755,10
13.0068397522,80.2504730225,24755,24765,10
13.0068397522,80.2512207031,24765,24775,10
13.0067901611,80.2515716553,24775,24785,10
13.0066099167,80.2523422241,24785,24795,10
13.0065803528,80.2535018921,24795,24805,10
13.0066204071,80.2546691895,24805,24815,10
13.0066099167,80.2556610107,24815,24826,11
13.0066604614,80.2567214966,24826,24836,10
13.0068101883,80.2574005127,24836,24846,10
13.0068998337,80.2576293945,24846,24856,10
13.0071201324,80.2580184937,24856,24872,16
13.007809639,80.2586593628,24872,24884,12
13.0079803467,80.2587585449,24884,24894,10
13.0084199905,80.2589187622,24894,24903,9
13.0090799332,80.2591094971,24903,24914,11
13.010219574,80.2591094971,24914,24924,10
13.0113401413,80.2590789795,24924,24935,11
13.0127696991,80.2591018677,24935,24945,10
13.014169693,80.2591629028,24945,24955,10
13.01541996,80.2592468262,24955,24966,11
13.0163402557,80.2595977783,24966,24976,10
13.0164899826,80.2597198486,24976,24986,10
13.0166597366,80.2599182129,24986,24996,10
13.0172700882,80.2603302002,24996,25006,10
13.0181303024,80.2609100342,25006,25016,10
13.0190401077,80.2615966797,25016,25026,10
13.0197696686,80.262260437,25026,25036,10
13.0204496384,80.2627487183,25036,25047,11
13.0214500427,80.2630767822,25047,25057,10
13.0220499039,80.2633666992,25057,25067,10
13.0224304199,80.2635574341,25067,25077,10
13.0230503082,80.2639312744,25077,25087,10
13.0237798691,80.2643280029,25087,25097,10
13.0245704651,80.2648925781,25097,25107,10
13.0253601074,80.2653808594,25107,25117,10
13.0260696411,80.2658309937,25117,25127,10
13.0263204575,80.2656784058,25127,25137,10
13.0263900757,80.2654571533,25137,25148,11
13.0264396667,80.2651519775,25148,25158,10
13.0265102386,80.2647399902,25158,25168,10
13.0266399384,80.2641601563,25168,25178,10
13.0267696381,80.2635574341,25178,25188,10
13.0273303986,80.2636108398,25188,25198,10
13.0279798508,80.2637481689,25198,25208,10
13.0286302567,80.2639465332,25208,25218,10
13.0290899277,80.2640686035,25218,25228,10
13.0293102264,80.264289856,25228,25238,10
13.0293998718,80.2648010254,25238,25248,10
13.0293102264,80.265663147,25248,25259,11
13.029250145,80.2662277222,25259,25269,10
13.0293302536,80.2665023804,25269,25279,10
13.0295801163,80.2665863037,25279,25289,10
13.0301198959,80.266708374,25289,25299,10
13.0308799744,80.2668762207,25299,25309,10
13.0315198898,80.2671203613,25309,25319,10
13.0322399139,80.2674179077,25319,25329,10
13.0327701569,80.2676773071,25329,25339,10
13.0334100723,80.2678222656,25339,25349,10
13.0337295532,80.2678985596,25349,25359,10
13.0343999863,80.2680206299,25359,25440,81
13.0343999863,80.2680206299,25440,25450,10
13.0341596603,80.2680664063,25450,25460,10
13.0338401794,80.2679901123,25460,25470,10
13.0333795547,80.2678527832,25470,26086,616
13.0333795547,80.2678527832,26086,26096,10
13.032910347,80.2677383423,26096,26106,10
13.0326595306,80.2676773071,26106,26116,10
13.0322904587,80.2674636841,26116,26126,10
13.0316200256,80.2671279907,26126,26137,11
13.0307998657,80.2668380737,26137,26147,10
13.0302000046,80.2667007446,26147,26157,10
13.0299196243,80.2666625977,26157,26167,10
13.029540062,80.2666168213,26167,26177,10
13.0291404724,80.2665023804,26177,26187,10
13.0285701752,80.2663803101,26187,26197,10
13.0278196335,80.2662811279,26197,26207,10
13.0270996094,80.2662277222,26207,26217,10
13.026599884,80.2660598755,26217,26248,31
13.0263395309,80.2659683228,26248,26268,20
13.0263395309,80.2659683228,26268,26278,10
13.026140213,80.2658996582,26278,26288,10
13.0257501602,80.2657012939,26288,26298,10
13.0252399445,80.2653427124,26298,26308,10
13.0251598358,80.2652816772,26308,26318,10
13.0249099731,80.26512146,26318,26328,10
13.0242099762,80.2645797729,26328,26338,10
13.0234603882,80.2641067505,26338,26349,11
13.0227603912,80.2637481689,26349,26359,10
13.0222301483,80.2635269165,26359,26369,10
13.0221004486,80.2633972168,26369,26379,10
13.0219402313,80.263343811,26379,26389,10
13.0215196609,80.2632064819,26389,26399,10
13.0206403732,80.2630767822,26399,26409,10
13.019780159,80.2629928589,26409,26419,10
13.0191497803,80.2629318237,26419,26429,10
13.018910408,80.2625579834,26429,26439,10
13.0187797546,80.2617874146,26439,26449,10
13.018289566,80.2610778809,26449,26460,11
13.0173797607,80.2604293823,26460,26470,10
13.0165500641,80.2599029541,26470,26480,10
13.0160903931,80.2596817017,26480,26490,10
13.0160198212,80.2596511841,26490,26500,10
13.0155696869,80.2594833374,26500,26510,10
13.0148296356,80.2593231201,26510,26520,10
13.0139198303,80.2592773438,26520,26530,10
13.0127601624,80.2592315674,26530,26540,10
13.0115203857,80.2591934204,26540,26550,10
13.0104398727,80.2592163086,26550,26560,10
13.0094299316,80.2592010498,26560,26571,11
13.0088701248,80.2592163086,26571,26581,10
13.0085496902,80.2592010498,26581,26591,10
13.0078802109,80.2593231201,26591,26601,10
13.0072603226,80.2587585449,26601,26621,20
13.0072603226,80.2587585449,26621,26631,10
13.0071001053,80.2584533691,26631,26641,10
13.0066404343,80.2577590942,26641,26661,20
13.0065402985,80.2574310303,26661,26682,21
13.0065402985,80.2574310303,26682,26692,10
13.0065002441,80.2571182251,26692,26702,10
13.0065202713,80.2565917969,26702,26712,10
13.0065498352,80.2557678223,26712,26722,10
13.0065898895,80.2548980713,26722,26732,10
13.0065698624,80.2539825439,26732,26742,10
13.0065803528,80.2532272339,26742,26752,10
13.0065803528,80.2531204224,26752,26762,10
13.0065803528,80.2527770996,26762,26772,10
13.0066099167,80.2523193359,26772,26782,10
13.0066299438,80.2521591187,26782,26793,11
13.0067195892,80.251663208,26793,26803,10
13.0067901611,80.2508773804,26803,26813,10
13.0067796707,80.25,26813,26823,10
13.0067796707,80.2495574951,26823,26833,10
13.0067796707,80.2493362427,26833,26843,10
13.0067501068,80.2487487793,26843,26853,10
13.0066995621,80.2482223511,26853,26863,10
13.0066995621,80.2481689453,26863,26873,10
13.0066900253,80.2478713989,26873,26883,10
13.0066699982,80.2473373413,26883,26893,10
13.0066204071,80.246673584,26893,26904,11
13.0066204071,80.2465286255,26904,26914,10
13.0066204071,80.2464675903,26914,26924,10
13.0066604614,80.2460403442,26924,26934,10
13.0066604614,80.2453384399,26934,26944,10
13.006649971,80.2442626953,26944,26954,10
13.0066204071,80.2432632446,26954,26964,10
13.0065698624,80.2421875,26964,26974,10
13.0065698624,80.2415008545,26974,26984,10
13.0065698624,80.2414627075,26984,26994,10
13.0065698624,80.2413024902,26994,27004,10
13.006649971,80.2407913208,27004,27015,11
13.0068597794,80.239906311,27015,27025,10
13.0070800781,80.2388763428,27025,27034,9
13.0072603226,80.2378387451,27034,27045,11
13.0074300766,80.2369689941,27045,27055,10
13.0074396133,80.2367401123,27055,27065,10
13.0074996948,80.236541748,27065,27075,10
13.0076303482,80.2359771729,27075,27085,10
13.0078001022,80.2351226807,27085,27095,10
13.008020401,80.2340164185,27095,27105,10
13.0082798004,80.232673645,27105,27115,10
13.0085697174,80.2313537598,27115,27126,11
13.0088500977,80.2298965454,27126,27136,10
13.0090904236,80.2286911011,27136,27146,10
13.0094900131,80.2275466919,27146,27156,10
13.0099802017,80.2264709473,27156,27166,10
13.0104198456,80.2255096436,27166,27176,10
13.010890007,80.2245178223,27176,27186,10
13.0112695694,80.2236022949,27186,27196,10
13.0116195679,80.2227020264,27196,27206,10
13.0119400024,80.221862793,27206,27216,10
13.012260437,80.2214202881,27216,27226,10
13.0125102997,80.2217025757,27226,27237,11
13.0129404068,80.2222671509,27237,27247,10
13.0135202408,80.2228927612,27247,27257,10
13.0141401291,80.2236328125,27257,27267,10
13.0147199631,80.2241897583,27267,27277,10
13.0153999329,80.2249069214,27277,27307,30
13.0153999329,80.2249069214,27307,27317,10
13.0157804489,80.225227356,27317,27327,10
13.0164604187,80.2253112793,27327,27337,10
13.0173597336,80.2249832153,27337,27348,11
13.0184602737,80.2245407104,27348,27358,10
13.0196199417,80.2244415283,27358,27378,20
13.0196199417,80.2244415283,27378,27388,10
13.0197000504,80.2244110107,27388,27398,10
13.019949913,80.2246170044,27398,27408,10
13.0204296112,80.2249908447,27408,27418,10
13.021030426,80.2254486084,27418,27428,10
13.0215501785,80.2258834839,27428,27438,10
13.02202034,80.2261962891,27438,27448,10
13.0221595764,80.2263336182,27448,27459,11
13.0226898193,80.2267990112,27459,27469,10
13.0232801437,80.2273406982,27469,27479,10
13.0236797333,80.2276992798,27479,27489,10
13.0241603851,80.2281570435,27489,27499,10
13.0245199203,80.2286376953,27499,27509,10
13.0248603821,80.2291564941,27509,27519,10
13.0252399445,80.2296600342,27519,27529,10
13.0257396698,80.2303619385,27529,27539,10
13.0260000229,80.2310791016,27539,27549,10
13.0263004303,80.2313537598,27549,27560,11
13.0272502899,80.2310562134,27560,27570,10
13.027970314,80.2309417725,27570,27580,10
13.0284996033,80.2308883667,27580,27590,10
13.0286798477,80.2308731079,27590,27600,10
13.0292797089,80.2308502197,27600,27610,10
13.0297203064,80.2308120728,27610,27620,10
13.030579567,80.2307434082,27620,27630,10
13.0314397812,80.2306900024,27630,27640,10
13.0324602127,80.2305984497,27640,27650,10
13.0334596634,80.2305297852,27650,27660,10
13.0338401794,80.2304916382,27660,27671,11
13.0340499878,80.2304992676,27671,27681,10
13.0342998505,80.230430603,27681,27691,10
13.034620285,80.2303619385,27691,27701,10
13.0349397659,80.2302017212,27701,27711,10
13.0347604752,80.2300109863,27711,28054,343
13.0347604752,80.2300109863,28054,28064,10
13.034330368,80.2299194336,28064,29740,1676
13.034330368,80.2299194336,29740,29750,10
13.0341901779,80.2303085327,29750,29790,40
13.0341901779,80.2303085327,29790,29800,10
13.034119606,80.230506897,29800,29810,10
13.0337400436,80.2304382324,29810,29820,10
13.0335302353,80.2304382324,29820,29830,10
13.0334396362,80.2304382324,29830,29840,10
13.0332899094,80.23046875,29840,29850,10
13.0330600739,80.23046875,29850,29861,11
13.03262043,80.230506897,29861,29871,10
13.0320796967,80.2305908203,29871,29881,10
13.0313196182,80.2306289673,29881,29890,9
13.0308198929,80.2306900024,29890,29901,11
13.0302696228,80.2307434082,29901,29911,10
13.0299396515,80.2308120728,29911,29921,10
13.0298204422,80.2308425903,29921,29931,10
13.0295000076,80.2308807373,29931,29941,10
13.028840065,80.2309188843,29941,29951,10
13.0282297134,80.2309799194,29951,29962,11
13.0278396606,80.2310333252,29962,29972,10
13.0277900696,80.2315292358,29972,29982,10
13.0278596878,80.2322006226,29982,29992,10
13.0279102325,80.2327575684,29992,30002,10
13.027299881,80.2329101563,30002,30012,10
13.0269403458,80.2328796387,30012,30022,10
13.0266399384,80.2329330444,30022,30032,10
13.0263299942,80.2324905396,30032,30042,10
13.0261602402,80.2318496704,30042,30052,10
13.0260400772,80.2313995361,30052,30062,10
13.0259103775,80.2309494019,30062,30073,11
13.0255203247,80.230140686,30073,30083,10
13.0248603821,80.2293167114,30083,30093,10
13.0246601105,80.2291030884,30093,30103,10
13.0246295929,80.2290725708,30103,30113,10
13.0243902206,80.2287597656,30113,30123,10
13.0240602493,80.2283630371,30123,30133,10
13.0240402222,80.2283401489,30133,30143,10
13.0239801407,80.2282867432,30143,30153,10
13.0237903595,80.2280578613,30153,30163,10
13.0234699249,80.2277069092,30163,30179,16
13.0230102539,80.2272186279,30179,30192,13
13.0223302841,80.226600647,30192,30202,10
13.0218400955,80.2262115479,30202,30212,10
13.0210599899,80.2256011963,30212,30222,10
13.0204896927,80.2252120972,30222,30230,8
13.0201997757,80.2250289917,30230,30242,12
13.0199203491,80.2248687744,30242,30252,10
13.0197095871,80.2247009277,30252,30262,10
13.0192403793,80.2245101929,30262,30272,10
13.0182504654,80.2247161865,30272,30282,10
13.0173301697,80.2250976563,30282,30292,10
13.0165901184,80.225402832,30292,30303,11
13.015999794,80.2256393433,30303,30312,9
13.0153198242,80.2258682251,30312,30323,11
13.0146799088,80.2261581421,30323,30343,20
13.0146799088,80.2261581421,30343,30353,10
13.0143203735,80.2262573242,30353,30363,10
13.0138702393,80.2264328003,30363,30373,10
13.0132102966,80.2266921997,30373,30383,10
13.0123596191,80.2270126343,30383,30393,10
13.0114803314,80.2273635864,30393,30403,10
13.0103502274,80.2278137207,30403,30414,11
13.0093097687,80.2282714844,30414,30424,10
13.0090103149,80.2291564941,30424,30434,10
13.0087795258,80.2303466797,30434,30444,10
13.0085401535,80.2316436768,30444,30454,10
13.0083398819,80.2327194214,30454,30464,10
13.0081996918,80.2336120605,30464,30484,20
13.0081996918,80.2336120605,30484,30494,10
13.008190155,80.2336578369,30494,30504,10
13.0081195831,80.2340164185,30504,30514,10
13.0080003738,80.2346878052,30514,30525,11
13.007809639,80.2355422974,30525,30541,16
13.0074796677,80.2370223999,30541,30553,12
13.0072803497,80.23828125,30553,30563,10
13.0072002411,80.2387313843,30563,30573,10
13.0070896149,80.2392883301,30573,30583,10
13.0069599152,80.2398300171,30583,30592,9
13.0069599152,80.2398986816,30592,30603,11
13.0069103241,80.2401809692,30603,30613,10
13.0068597794,80.2406616211,30613,30623,10
13.0068597794,80.2406921387,30623,30634,11
13.0068101883,80.2409896851,30634,30644,10
13.006770134,80.2416381836,30644,30654,10
13.0067596436,80.2425231934,30654,30664,10
13.0067396164,80.2432785034,30664,30674,10
13.0067300797,80.2443237305,30674,30684,10
13.0067195892,80.2451171875,30684,30704,20
13.0067195892,80.2451171875,30704,30714,10
13.0067300797,80.2455368042,30714,30724,10
13.0067501068,80.2461395264,30724,30734,10
13.006770134,80.2466888428,30734,30745,11
13.0067596436,80.2475509644,30745,30755,10
13.006770134,80.2485275269,30755,30765,10
13.0068702698,80.2494430542,30765,30785,20
13.0068702698,80.2494430542,30785,30795,10
13.0068702698,80.2496032715,30795,30805,10
13.0068597794,80.2499237061,30805,30815,10
13.0068397522,80.2505187988,30815,30825,10
13.006819725,80.2514419556,30825,30835,10
13.0066099167,80.2524414063,30835,30845,10
13.0065698624,80.2535476685,30845,30856,11
13.0066204071,80.2548980713,30856,30866,10
13.0066299438,80.2561264038,30866,30876,10
13.0066099167,80.2571182251,30876,30936,60
13.0066099167,80.2571182251,30936,30946,10
13.0066299438,80.2572631836,30946,30956,10
13.0067396164,80.2577514648,30956,30967,11
13.0070800781,80.2582778931,30967,30977,10
13.0075302124,80.2586135864,30977,30993,16
13.0076599121,80.2586593628,30993,31005,12
13.0081501007,80.2588500977,31005,31015,10
13.0086898804,80.2590026855,31015,31023,8
13.0093898773,80.2590637207,31023,31035,12
13.0106401443,80.2590484619,31035,31045,10
13.0118198395,80.2590637207,31045,31055,10
13.0131502151,80.2591094971,31055,31065,10
13.0145597458,80.2591934204,31065,31076,11
13.0159301758,80.2593994141,31076,31086,10
13.0165395737,80.2597198486,31086,31106,20
13.0165395737,80.2597198486,31106,31116,10
13.0167303085,80.2599182129,31116,31126,10
13.0172395706,80.260269165,31126,31136,10
13.0178604126,80.2606735229,31136,31146,10
13.0182600021,80.2609710693,31146,31156,10
13.0187397003,80.2613296509,31156,31166,10
13.0193004608,80.2617797852,31166,31176,10
13.0197601318,80.2622528076,31176,31187,11
13.020190239,80.2626037598,31187,31197,10
13.0201997757,80.2626113892,31197,31207,10
13.0205202103,80.262802124,31207,31217,10
13.0211601257,80.2629928589,31217,31227,10
13.0219097137,80.2632827759,31227,31243,16
13.0224199295,80.2635269165,31243,31255,12
13.022939682,80.2638092041,31255,31263,8
13.0229797363,80.2638320923,31263,31275,12
13.023059845,80.2639694214,31275,31285,10
13.023440361,80.2641525269,31285,31296,11
13.024140358,80.2645263672,31296,31306,10
13.0247497559,80.2649383545,31306,31316,10
13.025270462,80.2653274536,31316,31326,10
13.0259599686,80.2657623291,31326,31336,10
13.0263204575,80.2657623291,31336,31346,10
13.0263595581,80.2652816772,31346,31356,10
13.0263996124,80.2648391724,31356,31366,10
13.0264501572,80.2644500732,31366,31376,10
13.0264596939,80.2644195557,31376,31386,10
13.0265197754,80.2643203735,31386,31396,10
13.026550293,80.2638626099,31396,31407,11
13.026599884,80.2633972168,31407,31417,10
13.0267801285,80.2633972168,31417,31427,10
13.0271997452,80.2633972168,31427,31437,10
13.0274600983,80.263458252,31437,31447,10
13.0278396606,80.2635879517,31447,31457,10
13.0284204483,80.263671875,31457,31467,10
13.0290298462,80.2639083862,31467,31477,10
13.0293197632,80.2640533447,31477,31487,10
13.0293397903,80.2643737793,31487,31497,10
13.0292901993,80.2649002075,31497,31507,10
13.0292901993,80.2654571533,31507,31518,11
13.0292596817,80.2658996582,31518,31528,10
13.0292596817,80.2659225464,31528,31538,10
13.0292396545,80.2660675049,31538,31548,10
13.0292301178,80.2662734985,31548,31558,10
13.0292701721,80.2664871216,31558,31568,10
13.029589653,80.2665405273,31568,31578,10
13.0300598145,80.2666015625,31578,31588,10
13.0305700302,80.2667236328,31588,31598,10
13.0310497284,80.2668380737,31598,31608,10
13.0314302444,80.2669677734,31608,31618,10
13.0319004059,80.2671813965,31618,31629,11
13.0322904587,80.2673721313,31629,31639,10
13.0326595306,80.2676010132,31639,31649,10
13.0333795547,80.2677764893,31649,31695,46
13.0333795547,80.2677764893,31695,31707,12
13.0338602066,80.2679595947,31707,31717,10
13.0341796875,80.2679977417,31717,31727,10
13.0345001221,80.2680130005,31727,31768,41
13.0345001221,80.2680130005,31768,31778,10
13.0343904495,80.268081665,31778,31788,10
13.033539772,80.2678604126,31788,31889,101
13.033539772,80.2678604126,31889,31899,10
13.0331802368,80.2678527832,31899,32404,505
13.0331802368,80.2678527832,32404,32414,10
13.033080101,80.2677688599,32414,32424,10
13.0328102112,80.2677612305,32424,32434,10
13.0326404572,80.2676315308,32434,32444,10
13.0323801041,80.2674636841,32444,32454,10
13.0318698883,80.2671203613,32454,32464,10
13.0313196182,80.2669219971,32464,32474,10
13.0307798386,80.2667999268,32474,32484,10
13.0303697586,80.2667312622,32484,32494,10
13.029999733,80.2666473389,32494,32515,21
13.0296001434,80.2665786743,32515,32535,20
13.0296001434,80.2665786743,32535,32545,10
13.0292596817,80.2664718628,32545,32555,10
13.0288200378,80.2663574219,32555,32565,10
13.0283603668,80.266242981,32565,32575,10
13.0277204514,80.2660675049,32575,32585,10
13.0270395279,80.2659988403,32585,32595,10
13.026309967,80.2658233643,32595,32605,10
13.0255403519,80.2654418945,32605,32626,21
13.0255403519,80.2654418945,32626,32636,10
13.0253400803,80.2653579712,32636,32646,10
13.0252199173,80.2652511597,32646,32656,10
13.0249795914,80.265007019,32656,32666,10
13.0243501663,80.2645721436,32666,32676,10
13.0236196518,80.2641601563,32676,32686,10
13.0229101181,80.2637863159,32686,32696,10
13.0222301483,80.2634811401,32696,32706,10
13.0221796036,80.2634429932,32706,32716,10
13.02202034,80.2633666992,32716,32727,11
13.0217399597,80.2632598877,32727,32737,10
13.0214996338,80.2631607056,32737,32747,10
13.021030426,80.2630386353,32747,32757,10
13.0203695297,80.2630386353,32757,32767,10
13.0198497772,80.2629699707,32767,32777,10
13.0192604065,80.2629013062,32777,32787,10
13.0190401077,80.2626190186,32787,32797,10
13.0188903809,80.2618179321,32797,32807,10
13.0186100006,80.2611999512,32807,32817,10
13.0179901123,80.260848999,32817,32827,10
13.0173501968,80.260383606,32827,32838,11
13.0161104202,80.2596664429,32838,32858,20
13.0161104202,80.2596664429,32858,32868,10
13.0157499313,80.2595367432,32868,32878,10
13.0150995255,80.2593612671,32878,32888,10
13.0142402649,80.2592926025,32888,32898,10
13.0131902695,80.2592468262,32898,32908,10
13.0120000839,80.2592010498,32908,32918,10
13.0110902786,80.2591705322,32918,32928,10
13.0102901459,80.2592163086,32928,32938,10
13.010020256,80.2592315674,32938,32949,11
13.0097503662,80.2591934204,32949,32959,10
13.0092697144,80.2591323853,32959,32969,10
13.0089502335,80.2591171265,32969,32979,10
13.0086202621,80.2591171265,32979,32989,10
13.0080404282,80.2591400146,32989,32999,10
13.0074901581,80.2589187622,32999,33009,10
13.0072803497,80.2585906982,33009,33019,10
13.0072402954,80.2585830688,33019,33029,10
13.0070400238,80.2582397461,33029,33039,10
13.0066099167,80.2576217651,33039,33148,109
13.0066099167,80.2576217651,33148,33158,10
13.0064401627,80.2574005127,33158,33168,10
13.0064401627,80.2570571899,33168,33179,11
13.0064601898,80.2562179565,33179,33188,9
13.006480217,80.2553482056,33188,33199,11
13.0065202713,80.2543411255,33199,33209,10
13.0065202713,80.25340271,33209,33219,10
13.0065202713,80.2531967163,33219,33229,10
13.0065002441,80.2530899048,33229,33239,10
13.0065202713,80.2526016235,33239,33249,10
13.0066003799,80.2520065308,33249,33280,31
13.0066003799,80.2520065308,33280,33290,10
13.0067996979,80.2517700195,33290,33299,9
13.006819725,80.2513198853,33299,33310,11
13.0067996979,80.2504196167,33310,33320,10
13.0068101883,80.2496109009,33320,33330,10
13.0067501068,80.2488632202,33330,33340,10
13.0066900253,80.2484130859,33340,33391,51
13.0066900253,80.2480697632,33391,33411,20
13.0066900253,80.2480697632,33411,33421,10
13.0066900253,80.248008728,33421,33431,10
13.0066699982,80.2474365234,33431,33512,81
13.0066699982,80.2474365234,33512,33522,10
13.0067501068,80.2472381592,33522,33532,10
13.0066795349,80.2467422485,33532,33542,10
13.006649971,80.2465896606,33542,33552,10
13.0066604614,80.2464675903,33552,33562,10
13.0066900253,80.2459793091,33562,33572,10
13.0066995621,80.2453308105,33572,33582,10
13.0066604614,80.2446517944,33582,33592,10
13.006649971,80.2442779541,33592,33602,10
13.0066604614,80.2437362671,33602,33613,11
13.0066204071,80.2429199219,33613,33623,10
13.0065603256,80.2420425415,33623,33633,10
13.0065603256,80.2416229248,33633,33643,10
13.0065698624,80.2415313721,33643,33653,10
13.0066099167,80.2411117554,33653,33663,10
13.0066995621,80.2404098511,33663,33724,61
13.0066995621,80.2404098511,33724,33734,10
13.0067501068,80.239982605,33734,33744,10
13.0068597794,80.2393188477,33744,33754,10
13.0070400238,80.2384262085,33754,33764,10
13.0071697235,80.2378463745,33764,33774,10
13.0073099136,80.2372589111,33774,33784,10
13.0073404312,80.2368392944,33784,33794,10
13.007349968,80.2368011475,33794,33804,10
13.0074501038,80.2365875244,33804,33814,10
13.0075597763,80.2360992432,33814,33824,10
13.0077199936,80.2353210449,33824,33835,11
13.0079498291,80.2342681885,33835,33845,10
13.0081996918,80.2331008911,33845,33855,10
13.0084400177,80.2318725586,33855,33865,10
13.0086803436,80.2306137085,33865,33875,10
13.0089197159,80.2293395996,33875,33885,10
13.0091600418,80.2282562256,33885,33895,10
13.0095901489,80.2272109985,33895,33905,10
13.0100603104,80.2262115479,33905,33915,10
13.0104398727,80.2254180908,33915,33925,10
13.0107297897,80.2248382568,33925,33935,10
13.0109395981,80.2243804932,33935,33946,11
13.0111398697,80.2239227295,33946,33956,10
13.0113401413,80.2234420776,33956,33966,10
13.0116195679,80.2229003906,33966,33982,16
13.0119495392,80.2216567993,33982,33994,12
13.0123701096,80.2215805054,33994,34004,10
13.0126399994,80.2219924927,34004,34014,10
13.0130796432,80.2224884033,34014,34024,10
13.013589859,80.2229690552,34024,34034,10
13.0139398575,80.2233276367,34034,34044,10
13.0141096115,80.2235031128,34044,34055,11
13.0142803192,80.2238006592,34055,34065,10
13.0146903992,80.2243118286,34065,34075,10
13.0152397156,80.2248306274,34075,34085,10
13.0155296326,80.2250213623,34085,34095,10
13.015540123,80.2250289917,34095,34105,10
13.0155601501,80.2251281738,34105,34115,10
13.0157003403,80.2252578735,34115,34125,10
13.0160198212,80.2253570557,34125,34135,10
13.0168199539,80.225227356,34135,34145,10
13.017780304,80.2248382568,34145,34155,10
13.0186700821,80.2244567871,34155,34166,11
13.0190200806,80.224319458,34166,34177,11
13.0191202164,80.224319458,34177,34187,10
13.0193901062,80.2243499756,34187,34207,20
13.0193901062,80.2243499756,34207,34217,10
13.0195503235,80.2244415283,34217,34227,10
13.0197200775,80.2245635986,34227,34268,41
13.0197200775,80.2245635986,34268,34278,10
13.0198297501,80.2247009277,34278,34288,10
13.0202102661,80.2249679565,34288,34298,10
13.0208396912,80.2253875732,34298,34308,10
13.0213298798,80.2257766724,34308,34318,10
13.0219602585,80.2262115479,34318,34368,50
13.0219602585,80.2262115479,34368,34378,10
13.0222597122,80.2263565063,34378,34399,21
13.0222597122,80.2263565063,34399,34409,10
13.0225200653,80.2266235352,34409,34419,10
13.0226402283,80.2267608643,34419,34429,10
13.0227804184,80.2269134521,34429,34439,10
13.0228996277,80.2270431519,34439,34449,10
13.0229797363,80.227142334,34449,34459,10
13.0230703354,80.2272872925,34459,34469,10
13.0232200623,80.2274398804,34469,34500,31
13.0235395432,80.2276916504,34500,34520,20
13.0235395432,80.2276916504,34520,34530,10
13.0238199234,80.2278518677,34530,34540,10
13.0239801407,80.2280197144,34540,34550,10
13.0240802765,80.2281570435,34550,34560,10
13.0241203308,80.2282333374,34560,34570,10
13.0243196487,80.2285003662,34570,34611,41
13.0243196487,80.2285003662,34611,34621,10
13.0244998932,80.2286224365,34621,34641,20
13.0244998932,80.2286224365,34641,34651,10
13.0246295929,80.2288208008,34651,34661,10
13.0247297287,80.2289962769,34661,34671,10
13.0248804092,80.2292098999,34671,34681,10
13.0250997543,80.2294921875,34681,34691,10
13.0252895355,80.2297515869,34691,34701,10
13.0255203247,80.2300415039,34701,34711,10
13.025639534,80.2302474976,34711,34722,11
13.0257196426,80.2304000854,34722,34732,10
13.0258398056,80.2305831909,34732,34742,10
13.0259504318,80.2308578491,34742,34752,10
13.0260295868,80.2312393188,34752,34762,10
13.0264596939,80.2312927246,34762,34772,10
13.0271997452,80.2311019897,34772,34782,10
13.0278501511,80.2309799194,34782,34792,10
13.0284700394,80.2308883667,34792,34802,10
13.0286397934,80.2308807373,34802,34812,10
13.0288696289,80.2308731079,34812,34822,10
13.0293197632,80.2308425903,34822,34833,11
13.0296297073,80.2308120728,34833,34843,10
13.0301904678,80.2307662964,34843,34853,10
13.030790329,80.2307128906,34853,34863,10
13.0314502716,80.2306594849,34863,34873,10
13.0321397781,80.2305984497,34873,34883,10
13.0329198837,80.2305297852,34883,34893,10
13.0337200165,80.2304763794,34893,34903,10
13.0343399048,80.2304229736,34903,34913,10
13.0349302292,80.2302780151,34913,34923,10
13.0348396301,80.2300415039,34923,35014,91
13.0345001221,80.2298965454,35014,35216,202
13.0345001221,80.2298965454,35216,35226,10
13.0343904495,80.2301177979,35226,35872,646
13.0343904495,80.2301177979,35872,35882,10
13.0340900421,80.2304382324,35882,35892,10
13.0337400436,80.2303924561,35892,35902,10
13.0332603455,80.2304077148,35902,35912,10
13.0326404572,80.2304229736,35912,35922,10
13.0320796967,80.2304992676,35922,35933,11
13.0312795639,80.2305831909,35933,35943,10
13.0307598114,80.2306365967,35943,35953,10
13.0301103592,80.2307128906,35953,35973,20
13.0301103592,80.2307128906,35973,35983,10
13.0296001434,80.2307815552,35983,35993,10
13.0290603638,80.2307815552,35993,36003,10
13.0284404755,80.2308425903,36003,36012,9
13.0280704498,80.2309188843,36012,36023,11
13.0279598236,80.2313079834,36023,36034,11
13.0279197693,80.2322006226,36034,36044,10
13.0278997421,80.2327270508,36044,36054,10
13.0276403427,80.2328033447,36054,36185,131
13.0273504257,80.2329788208,36185,36205,20
13.0273504257,80.2329788208,36205,36215,10
13.0272397995,80.2329711914,36215,36225,10
13.0271997452,80.2329788208,36225,36235,10
13.0269403458,80.2329788208,36235,36245,10
13.0266504288,80.2330093384,36245,36255,10
13.0263795853,80.2326202393,36255,36266,11
13.0262298584,80.232170105,36266,36276,10
13.0261001587,80.2318115234,36276,36286,10
13.0260601044,80.2315673828,36286,36296,10
13.0259199142,80.2310333252,36296,36306,10
13.0255498886,80.230178833,36306,36316,10
13.0252399445,80.2297134399,36316,36326,10
13.025179863,80.2296218872,36326,36336,10
13.0249099731,80.2292785645,36336,36387,51
13.0249099731,80.2292785645,36387,36397,10
13.0247001648,80.2289962769,36397,36407,10
13.0246200562,80.2289276123,36407,36417,10
13.0244398117,80.228729248,36417,36427,10
13.0240097046,80.2282333374,36427,36457,30
13.0240097046,80.2282333374,36457,36467,10
13.0238199234,80.2279968262,36467,36477,10
13.0235204697,80.2276687622,36477,36488,11
13.023059845,80.2272567749,36488,36498,10
13.0226898193,80.226890564,36498,36508,10
13.0225801468,80.2267913818,36508,36518,10
13.0222301483,80.2265014648,36518,36528,10
13.0216798782,80.22605896,36528,36538,10
13.0210504532,80.2255630493,36538,36548,10
13.0204696655,80.2251663208,36548,36558,10
13.0202703476,80.2250366211,36558,36568,10
13.0200500488,80.2248916626,36568,36578,10
13.0196800232,80.2246322632,36578,36588,10
13.0190496445,80.2244491577,36588,36599,11
13.0181999207,80.2247085571,36599,36609,10
13.0173797607,80.2250595093,36609,36619,10
13.0167102814,80.2253417969,36619,36629,10
13.0163002014,80.2255172729,36629,36639,10
13.0157899857,80.2256622314,36639,36649,10
13.0150604248,80.2259521484,36649,36659,10
13.0144395828,80.2262268066,36659,36679,20
13.0144395828,80.2262268066,36679,36689,10
13.0142602921,80.2262802124,36689,36699,10
13.0141201019,80.2263412476,36699,36710,11
13.0136003494,80.2265396118,36710,36720,10
13.0128803253,80.2268218994,36720,36730,10
13.0120201111,80.2271575928,36730,36740,10
13.0110998154,80.2275314331,36740,36750,10
13.010219574,80.2278823853,36750,36760,10
13.0093803406,80.2282485962,36760,36770,10
13.0091104507,80.2289276123,36770,36780,10
13.0090303421,80.2294387817,36780,36790,10
13.0089797974,80.2297134399,36790,36800,10
13.0089101791,80.2301177979,36800,36810,10
13.0087499619,80.2308197021,36810,36821,11
13.0085296631,80.2318496704,36821,36831,10
13.0083398819,80.2328262329,36831,36841,10
13.0082798004,80.2333602905,36841,36851,10
13.0082798004,80.2333679199,36851,36861,10
13.0081996918,80.2336196899,36861,36871,10
13.0080900192,80.2340927124,36871,36881,10
13.0079698563,80.234703064,36881,36891,10
13.0078201294,80.235458374,36891,36901,10
13.0076599121,80.2362670898,36901,36911,10
13.0074901581,80.2371063232,36911,36921,10
13.0073099136,80.238067627,36921,36932,11
13.0071201324,80.2389907837,36932,36942,10
13.0069198608,80.2398986816,36942,36952,10
13.0067796707,80.2406387329,36952,36962,10
13.0067901611,80.2409210205,36962,36972,10
13.0067796707,80.2410583496,36972,36982,10
13.0067300797,80.2415924072,36982,36992,10
13.0066995621,80.2424163818,36992,37002,10
13.0066795349,80.2432479858,37002,37012,10
13.0066604614,80.2439575195,37012,37022,10
13.0066699982,80.2446517944,37022,37032,10
13.0066699982,80.2450790405,37032,37043,11
13.0066995621,80.2458724976,37043,37073,30
13.0066995621,80.2458724976,37073,37083,10
13.0067396164,80.246421814,37083,37093,10
13.0067300797,80.246887207,37093,37103,10
13.0067195892,80.2476730347,37103,37113,10
13.0067596436,80.248588562,37113,37123,10
13.0068702698,80.2492980957,37123,37133,10
13.0068798065,80.2493362427,37133,37143,10
13.0068998337,80.2495193481,37143,37154,11
13.0068702698,80.2501220703,37154,37164,10
13.0068702698,80.2505111694,37164,37174,10
13.0068998337,80.2505722046,37174,37184,10
13.0068702698,80.2508087158,37184,37194,10
13.0068502426,80.2511291504,37194,37204,10
13.0068101883,80.2514038086,37204,37214,10
13.0066795349,80.2519683838,37214,37224,10
13.0065698624,80.252746582,37224,37234,10
13.0065803528,80.2535400391,37234,37244,10
13.0066003799,80.2544326782,37244,37254,10
13.0066003799,80.2548980713,37254,37265,11
13.0066099167,80.2554779053,37265,37275,10
13.0066404343,80.2563171387,37275,37285,10
13.0066604614,80.2569274902,37285,37335,50
13.0066604614,80.2569274902,37335,37345,10
13.0066604614,80.2572174072,37345,37355,10
13.006819725,80.2576980591,37355,37365,10
13.0071802139,80.2583084106,37365,37376,11
13.0075798035,80.2585983276,37376,37386,10
13.0076599121,80.2586593628,37386,37396,10
13.0080699921,80.2588424683,37396,37406,10
13.0087404251,80.2590637207,37406,37416,10
13.0092401505,80.2590789795,37416,37426,10
13.0100402832,80.2590637207,37426,37436,10
13.0109395981,80.2590789795,37436,37446,10
13.0119695663,80.2590866089,37446,37456,10
13.0132198334,80.259147644,37456,37466,10
13.0145797729,80.2591934204,37466,37476,10
13.0158195496,80.2593612671,37476,37487,11
13.0164604187,80.2596588135,37487,37497,10
13.0164699554,80.2596817017,37497,37507,10
13.0165300369,80.2597503662,37507,37517,10
13.0168600082,80.259979248,37517,37527,10
13.0173997879,80.2603378296,37527,37543,16
13.0181598663,80.2609100342,37543,37555,12
13.0187101364,80.2613067627,37555,37563,8
13.0191402435,80.2616577148,37563,37574,11
13.019610405,80.2621078491,37574,37586,12
13.0202102661,80.2625808716,37586,37596,10
13.0203104019,80.2626724243,37596,37607,11
13.0208301544,80.2628707886,37607,37617,10
13.0214700699,80.2630767822,37617,37627,10
13.0219898224,80.2632980347,37627,37637,10
13.0222396851,80.263420105,37637,37647,10
13.0224504471,80.2635192871,37647,37657,10
13.0226898193,80.2636566162,37657,37680,23
13.0230798721,80.2639007568,37680,37692,12
13.0235795975,80.2641830444,37692,37702,10
13.0242795944,80.2645568848,37702,37715,13
13.0250701904,80.2652206421,37715,37726,11
13.025850296,80.2656936646,37726,37736,10
13.0260896683,80.2657928467,37736,37746,10
13.0262203217,80.2658462524,37746,37755,9
13.026309967,80.2657165527,37755,37766,11
13.0263299942,80.26512146,37766,37776,10
13.0264701843,80.2640380859,37776,37795,19
13.0264701843,80.2640380859,37795,37806,11
13.0265398026,80.2635421753,37806,37816,10
13.026599884,80.263381958,37816,37827,11
13.0270004272,80.2633972168,37827,37837,10
13.0275497437,80.2635421753,37837,37847,10
13.0281600952,80.2637176514,37847,37857,10
13.0287303925,80.2638626099,37857,37867,10
13.0291795731,80.263999939,37867,37877,10
13.0292901993,80.2642669678,37877,37887,10
13.029299736,80.264793396,37887,37897,10
13.0292701721,80.2654266357,37897,37907,10
13.0292596817,80.2659378052,37907,37917,10
13.0292596817,80.2659988403,37917,37927,10
13.0292100906,80.2662582397,37927,37938,11
13.0293502808,80.2664871216,37938,37948,10
13.029589653,80.2665634155,37948,37958,10
13.0300197601,80.2666320801,37958,37968,10
13.0304403305,80.2666931152,37968,37978,10
13.0311698914,80.2668762207,37978,37988,10
13.0318002701,80.2671203613,37988,37998,10
13.0322904587,80.2673416138,37998,38008,10
13.0326299667,80.2675476074,38008,38018,10
13.0333404541,80.2677688599,38018,38049,31
13.0333404541,80.2677688599,38049,38059,10
13.0334701538,80.2678527832,38059,38069,10
13.0338697433,80.2679214478,38069,38079,10
13.0344400406,80.2679595947,38079,38170,91
13.0344400406,80.2679595947,38170,38180,10
13.0343198776,80.2680969238,38180,38190,10
13.0338802338,80.2679595947,38190,38200,10
13.0334396362,80.267829895,38200,38210,10
13.0330696106,80.2677383423,38210,38220,10
13.0326004028,80.2675094604,38220,38230,10
13.0322599411,80.2673034668,38230,38240,10
13.0314798355,80.266998291,38240,38250,10
13.0306997299,80.2667999268,38250,38260,10
13.0304203033,80.2667007446,38260,38271,11
13.0298595428,80.2665863037,38271,38291,20
13.0298595428,80.2665863037,38291,38301,10
13.0294303894,80.2665634155,38301,38311,10
13.0291004181,80.2664413452,38311,38321,10
13.0284500122,80.2662963867,38321,38331,10
13.0277099609,80.2661514282,38331,38341,10
13.0270004272,80.2660980225,38341,38351,10
13.0264797211,80.2659912109,38351,38402,51
13.0264797211,80.2659912109,38402,38412,10
13.0261096954,80.2658920288,38412,38422,10
13.0256996155,80.2656402588,38422,38432,10
13.0252599716,80.2653579712,38432,38442,10
13.0252399445,80.2653427124,38442,38451,9
13.0251102448,80.2652282715,38451,38462,11
13.0246696472,80.2649002075,38462,38472,10
13.0240602493,80.2644577026,38472,38481,9
13.0234498978,80.2640762329,38481,38493,12
13.0226402283,80.2636566162,38493,38503,10
13.0221500397,80.2634429932,38503,38513,10
13.0221004486,80.263420105,38513,38523,10
13.0219402313,80.2633209229,38523,38533,10
13.0215902328,80.2631607056,38533,38543,10
13.0208396912,80.2630081177,38543,38553,10
13.0199899673,80.2629623413,38553,38563,10
13.0192403793,80.2629089355,38563,38573,10
13.0189304352,80.2627410889,38573,38583,10
13.0188398361,80.2620315552,38583,38593,10
13.0186796188,80.2613372803,38593,38604,11
13.0182600021,80.2610702515,38604,38614,10
13.0177202225,80.2607116699,38614,38624,10
13.0170001984,80.2602310181,38624,38634,10
13.0163202286,80.2598114014,38634,38644,10
13.0160799026,80.2596893311,38644,38654,10
13.0160198212,80.2596511841,38654,38664,10
13.0155801773,80.2594528198,38664,38674,10
13.014840126,80.2592926025,38674,38684,10
13.0140695572,80.2592468262,38684,38694,10
13.0130701065,80.2592163086,38694,38704,10
13.0119695663,80.2591781616,38704,38715,11
13.0109596252,80.2591629028,38715,38725,10
13.0102500916,80.2592163086,38725,38735,10
13.0098695755,80.2591934204,38735,38751,16
13.0089797974,80.2591400146,38751,38763,12
13.0088300705,80.2591629028,38763,38771,8
13.0084896088,80.2591400146,38771,38783,12
13.0077400208,80.2592697144,38783,38793,10
13.007349968,80.2590332031,38793,38803,10
13.0071802139,80.258682251,38803,38813,10
13.007109642,80.2585601807,38813,38822,9
13.0068998337,80.2581787109,38822,38832,10
13.0066003799,80.2577285767,38832,38874,42
13.0066003799,80.2577285767,38874,38884,10
13.0064496994,80.2575378418,38884,38894,10
13.0064496994,80.2571411133,38894,38904,10
13.0064401627,80.2565765381,38904,38914,10
13.006480217,80.255821228,38914,38924,10
13.0064897537,80.255279541,38924,38934,10
13.0065202713,80.2545013428,38934,38945,11
13.006480217,80.2530593872,38945,38965,20
13.006480217,80.2530593872,38965,38975,10
13.006480217,80.2527236938,38975,38985,10
13.0065097809,80.252243042,38985,38995,10
13.0066404343,80.2517776489,38995,39056,61
13.0066404343,80.2517776489,39056,39066,10
13.0066995621,80.251663208,39066,39076,10
13.0067796707,80.2511520386,39076,39086,10
13.0067596436,80.2503433228,39086,39096,10
13.0067300797,80.2495727539,39096,39106,10
13.0067396164,80.2495193481,39106,39116,10
13.0067195892,80.2490921021,39116,39126,10
13.0066604614,80.2483825684,39126,39136,10
13.006649971,80.2479019165,39136,39247,111
13.006649971,80.2479019165,39247,39257,10
13.0066604614,80.2477798462,39257,39267,10
13.006649971,80.2474594116,39267,39278,11
13.0066404343,80.2469406128,39278,39288,10
13.0065803528,80.2464675903,39288,39298,10
13.0065803528,80.2464599609,39298,39308,10
13.0065898895,80.2463607788,39308,39318,10
13.0066299438,80.2459564209,39318,39328,10
13.0066204071,80.2454299927,39328,39338,10
13.0066003799,80.2451019287,39338,39348,10
13.0066003799,80.2445983887,39348,39358,10
13.0065898895,80.2441101074,39358,39368,10
13.0065603256,80.2434768677,39368,39379,11
13.0065402985,80.2426528931,39379,39389,10
13.0065402985,80.2417678833,39389,39399,10
13.0065402985,80.2416229248,39399,39409,10
13.0065698624,80.2412490845,39409,39419,10
13.006649971,80.2407684326,39419,39429,10
13.0067796707,80.2403030396,39429,39439,10
13.006939888,80.2395172119,39439,39448,9
13.0071201324,80.2384185791,39448,39458,10
13.0072603226,80.2376785278,39458,39469,11
13.0073795319,80.2369613647,39469,39479,10
13.0074195862,80.2366790771,39479,39489,10
13.0074796677,80.2365036011,39489,39500,11
13.007610321,80.2359924316,39500,39510,10
13.0077400208,80.2352294922,39510,39520,10
13.0077600479,80.2351226807,39520,39530,10
13.0078296661,80.2348403931,39530,39540,10
13.0079698563,80.2341690063,39540,39550,10
13.0081796646,80.2331619263,39550,39560,10
13.0084199905,80.2319335938,39560,39570,10
13.0086603165,80.2306671143,39570,39579,9
13.0088996887,80.2294311523,39579,39590,11
13.0092401505,80.2279663086,39590,39601,11
13.0098199844,80.2266464233,39601,39611,10
13.0103902817,80.2253723145,39611,39621,10
13.010890007,80.2243118286,39621,39631,10
13.011300087,80.2233734131,39631,39651,20
13.011300087,80.2233734131,39651,39661,10
13.0113697052,80.2230987549,39661,39671,10
13.0116100311,80.222618103,39671,39681,10
13.0119400024,80.2218475342,39681,39691,10
13.012339592,80.221572876,39691,39701,10
13.0127897263,80.222038269,39701,39710,9
13.0131998062,80.2225570679,39710,39722,12
13.0138196945,80.2232818604,39722,39732,10
13.0142402649,80.2237701416,39732,39742,10
13.014840126,80.2243804932,39742,39752,10
13.0150403976,80.2245864868,39752,39762,10
13.0151195526,80.2246627808,39762,39772,10
13.0154600143,80.224937439,39772,39782,10
13.0156002045,80.2250823975,39782,39792,10
13.015709877,80.2251281738,39792,39802,10
13.0161504745,80.2253417969,39802,39812,10
13.0169200897,80.2251663208,39812,39822,10
13.0177297592,80.2248382568,39822,39833,11
13.0186500549,80.2244720459,39833,39843,10
13.0193500519,80.2243270874,39843,39853,10
13.019490242,80.224357605,39853,39863,10
13.0196399689,80.2244262695,39863,39873,10
13.0198202133,80.2245788574,39873,39883,10
13.0201997757,80.2248764038,39883,39893,10
13.0207796097,80.2253112793,39893,39903,10
13.0213298798,80.2257766724,39903,39913,10
13.0219602585,80.2261886597,39913,39933,20
13.0219602585,80.2261886597,39933,39944,11
13.0223197937,80.2265167236,39944,39954,10
13.0228099823,80.2269668579,39954,39964,10
13.023349762,80.2274703979,39964,39974,10
13.0237598419,80.2278137207,39974,39984,10
13.0240898132,80.2281417847,39984,39994,10
13.0243196487,80.2284393311,39994,40004,10
13.0247001648,80.2289581299,40004,40014,10
13.0252304077,80.229637146,40014,40024,10
13.0256500244,80.2302703857,40024,40034,10
13.0258302689,80.2305374146,40034,40044,10
13.0259199142,80.2307815552,40044,40055,11
13.02602005,80.2312011719,40055,40065,10
13.0263299942,80.2313537598,40065,40075,10
13.027009964,80.2311477661,40075,40085,10
13.028380394,80.2308578491,40085,40105,20
13.028380394,80.2308578491,40105,40115,10
13.0286998749,80.2308425903,40115,40125,10
13.0291004181,80.230796814,40125,40166,41
13.0294599533,80.2308502197,40166,40186,20
13.0294599533,80.2308502197,40186,40196,10
13.029589653,80.2308273315,40196,40206,10
13.0300703049,80.2307662964,40206,40216,10
13.0306797028,80.2306976318,40216,40226,10
13.0312595367,80.2306289673,40226,40236,10
13.0319700241,80.2305526733,40236,40246,10
13.0327396393,80.2304534912,40246,40256,10
13.033490181,80.2304611206,40256,40266,10
13.0336704254,80.2304916382,40266,40277,11
13.0339298248,80.2304534912,40277,40287,10
13.0339803696,80.230430603,40287,40297,10
13.0342102051,80.2304000854,40297,40307,10
13.034740448,80.2303009033,40307,40347,40
13.034740448,80.2303009033,40347,40357,10
13.0349197388,80.2301635742,40357,40367,10
13.0348396301,80.2300415039,40367,40377,10
13.0344696045,80.2300415039,40377,41084,707
13.0342302322,80.2300720215,41084,41154,70
13.0341501236,80.2304077148,41154,41205,51
13.0341501236,80.2304077148,41205,41215,10
13.0339002609,80.2304534912,41215,41225,10
13.0335197449,80.23046875,41225,41235,10
13.0333099365,80.23046875,41235,41245,10
13.0329303741,80.2305374146,41245,41255,10
13.0322999954,80.2305603027,41255,41266,11
13.031370163,80.2306365967,41266,41276,10
13.030790329,80.23072052,41276,41286,10
13.0304203033,80.230758667,41286,41296,10
13.0298595428,80.230796814,41296,41316,20
13.0298595428,80.230796814,41316,41326,10
13.0295495987,80.2308578491,41326,41336,10
13.0293302536,80.2308807373,41336,41346,10
13.0288200378,80.2309188843,41346,41356,10
13.028260231,80.2309570313,41356,41373,17
13.0277004242,80.2310409546,41373,41385,12
13.0277099609,80.2316207886,41385,41395,10
13.0277500153,80.2321472168,41395,41405,10
13.0278196335,80.2326431274,41405,41415,10
13.0275402069,80.2328262329,41415,41425,10
13.0270595551,80.2329101563,41425,41435,10
13.0266599655,80.2329788208,41435,41506,71
13.0266599655,80.2329788208,41506,41516,10
13.0263299942,80.2330627441,41516,41526,10
13.0261802673,80.2326202393,41526,41536,10
13.0260295868,80.2319717407,41536,41546,10
13.0258998871,80.231300354,41546,41556,10
13.0256299973,80.2304382324,41556,41566,10
13.0250396729,80.229598999,41566,41576,10
13.0243997574,80.2287979126,41576,41586,10
13.0239801407,80.2283477783,41586,41596,10
13.0239400864,80.2283325195,41596,41607,11
13.0238199234,80.2282333374,41607,41617,10
13.0235004425,80.2278594971,41617,41627,10
13.0230503082,80.2273635864,41627,41637,10
13.022480011,80.2267990112,41637,41647,10
13.0218496323,80.2262420654,41647,41657,10
13.0210399628,80.2256393433,41657,41667,10
13.0203199387,80.2251205444,41667,41677,10
13.0194702148,80.2245788574,41677,41693,16
13.0178499222,80.2248382568,41693,41705,12
13.0168895721,80.2252426147,41705,41713,8
13.016500473,80.2254104614,41713,41726,13
13.0159797668,80.2256088257,41726,41735,9
13.0154600143,80.2258071899,41735,41746,11
13.015080452,80.225982666,41746,41756,10
13.014960289,80.2260131836,41756,41766,10
13.0143203735,80.2262573242,41766,41786,20
13.0143203735,80.2262573242,41786,41796,10
13.0142002106,80.22631073,41796,41806,10
13.0141496658,80.2263412476,41806,41816,10
13.0138597488,80.2264404297,41816,41827,11
13.0132198334,80.2266693115,41827,41837,10
13.0124597549,80.2269210815,41837,41847,10
13.0115604401,80.2272872925,41847,41857,10
13.0105104446,80.227722168,41857,41867,10
13.0095796585,80.2281417847,41867,41877,10
13.0091104507,80.2287979126,41877,41887,10
13.0089998245,80.2294769287,41887,41897,10
13.0089101791,80.2298583984,41897,41907,10
13.0087995529,80.2304229736,41907,41917,10
13.0086898804,80.231010437,41917,41927,10
13.0085496902,80.2317123413,41927,41938,11
13.0083904266,80.2325668335,41938,41948,10
13.0082798004,80.2333679199,41948,41958,10
13.0082302094,80.2335891724,41958,41968,10
13.0081996918,80.2336730957,41968,41978,10
13.008099556,80.2340698242,41978,41988,10
13.0080003738,80.2345962524,41988,41998,10
13.0079298019,80.2350234985,41998,42008,10
13.0078001022,80.2356262207,42008,42018,10
13.0076198578,80.2364883423,42018,42028,10
13.0074501038,80.2373809814,42028,42038,10
13.0072603226,80.238319397,42038,42048,10
13.0071001053,80.2392272949,42048,42099,51
13.0071001053,80.2392272949,42099,42109,10
13.0070400238,80.2394332886,42109,42119,10
13.0069198608,80.2397232056,42119,42129,10
13.0067901611,80.240196228,42129,42139,10
13.0068101883,80.2404022217,42139,42149,10
13.0068101883,80.240562439,42149,42160,11
13.0068101883,80.2406921387,42160,42170,10
13.0067396164,80.2411422729,42170,42180,10
13.0067195892,80.2419509888,42180,42190,10
13.0067100525,80.2428436279,42190,42200,10
13.0066795349,80.2434997559,42200,42210,10
13.0066404343,80.244140625,42210,42220,10
13.0066795349,80.244758606,42220,42230,10
13.0066795349,80.245300293,42230,42240,10
13.0066995621,80.245880127,42240,42250,10
13.0066900253,80.2465286255,42250,42260,10
13.0066995621,80.2473983765,42260,42270,10
13.0066604614,80.2482070923,42270,42281,11
13.006819725,80.2491989136,42281,42301,20
13.006819725,80.2491989136,42301,42311,10
13.0068502426,80.2494125366,42311,42321,10
13.0068397522,80.2495269775,42321,42331,10
13.0068397522,80.2497406006,42331,42341,10
13.006819725,80.2502365112,42341,42351,10
13.006819725,80.250617981,42351,42361,10
13.0068101883,80.2510223389,42361,42371,10
13.0067901611,80.2514724731,42371,42381,10
13.0066404343,80.2520217896,42381,42392,11
13.0065698624,80.2527694702,42392,42402,10
13.0065898895,80.2533416748,42402,42412,10
13.0065498352,80.2540206909,42412,42422,10
13.0066003799,80.254699707,42422,42432,10
13.0065698624,80.2550964355,42432,42442,10
13.0065803528,80.2559204102,42442,42452,10
13.0066099167,80.2566680908,42452,42462,10
13.0066404343,80.2570495605,42462,42503,41
13.0066404343,80.2570495605,42503,42513,10
13.0066099167,80.2574386597,42513,42523,10
13.0067300797,80.2578201294,42523,42533,10
13.0070800781,80.2583312988,42533,42543,10
13.0075302124,80.2586135864,42543,42563,20
13.0075302124,80.2586135864,42563,42573,10
13.0078296661,80.2587814331,42573,42583,10
13.0083904266,80.2589492798,42583,42593,10
13.008939743,80.2590637207,42593,42603,10
13.00963974,80.2590637207,42603,42614,11
13.010720253,80.2590484619,42614,42624,10
13.0119104385,80.2590637207,42624,42634,10
13.0131902695,80.2591171265,42634,42644,10
13.014550209,80.2591781616,42644,42654,10
13.0156602859,80.2593307495,42654,42664,10
13.0163803101,80.2596511841,42664,42684,20
13.0163803101,80.2596511841,42684,42694,10
13.0166902542,80.2598876953,42694,42704,10
13.0172901154,80.2602767944,42704,42714,10
13.0179796219,80.2607421875,42714,42725,11
13.0186500549,80.2612609863,42725,42735,10
13.0191602707,80.2616577148,42735,42745,10
13.0195102692,80.2619781494,42745,42755,10
13.0198602676,80.262298584,42755,42765,10
13.0202302933,80.262588501,42765,42775,10
13.02023983,80.2626037598,42775,42785,10
13.0205602646,80.2627868652,42785,42795,10
13.0211601257,80.2629470825,42795,42805,10
13.0218095779,80.2632522583,42805,42815,10
13.0221300125,80.2633972168,42815,42825,10
13.022359848,80.2635192871,42825,42836,11
13.0224895477,80.2635574341,42836,42846,10
13.0229997635,80.2637710571,42846,42866,20
13.0229997635,80.2637710571,42866,42876,10
13.0234203339,80.263999939,42876,42886,10
13.0240001678,80.2643585205,42886,42896,10
13.024479866,80.2646408081,42896,42906,10
13.0247497559,80.2648773193,42906,42916,10
13.0249996185,80.2650604248,42916,42926,10
13.0255498886,80.2654037476,42926,42936,10
13.0261697769,80.2657623291,42936,42947,11
13.0263299942,80.265586853,42947,42957,10
13.0263500214,80.2654037476,42957,42967,10
13.0263299942,80.2650604248,42967,42977,10
13.0264501572,80.2645187378,42977,42987,10
13.0265398026,80.2640686035,42987,42997,10
13.0265703201,80.2639312744,42997,43007,10
13.0266704559,80.2634963989,43007,43017,10
13.0269804001,80.2634506226,43017,43027,10
13.0274200439,80.2634811401,43027,43037,10
13.0279302597,80.2636184692,43037,43047,10
13.0282402039,80.263710022,43047,43058,11
13.0284996033,80.2638015747,43058,43068,10
13.0290002823,80.2638778687,43068,43078,10
13.0292301178,80.2641983032,43078,43088,10
13.0292596817,80.2647171021,43088,43098,10
13.0291996002,80.26612854,43098,43118,20
13.0291996002,80.26612854,43118,43128,10
13.0291204453,80.266418457,43128,43138,10
13.0293798447,80.2665481567,43138,43148,10
13.0297203064,80.2665863037,43148,43158,10
13.0301103592,80.2666168213,43158,43168,10
13.0304603577,80.2666931152,43168,43179,11
13.0311803818,80.2668762207,43179,43189,10
13.0319004059,80.2671279907,43189,43199,10
13.0323200226,80.2673416138,43199,43209,10
13.0330200195,80.2676315308,43209,43229,20
13.0330200195,80.2676315308,43229,43239,10
13.0334796906,80.2677612305,43239,43269,30
13.0334796906,80.2677612305,43269,43279,10
13.0336399078,80.2678604126,43279,43290,11
13.034040451,80.2679290771,43290,43300,10
13.0344600677,80.2679672241,43300,43310,10
13.0345201492,80.2679824829,43310,43320,10
13.0344600677,80.2681427002,43320,43330,10
13.0343399048,80.2680587769,43330,43340,10
13.0340499878,80.2679977417,43340,43350,10
13.0337200165,80.2678985596,43350,43360,10
13.0332698822,80.2678222656,43360,43370,10
13.0327796936,80.2676467896,43370,43380,10
13.0324897766,80.2675170898,43380,43390,10
13.0319795609,80.267288208,43390,43401,11
13.0312795639,80.267036438,43401,43411,10
13.0306596756,80.2668914795,43411,43421,10
13.0300102234,80.2667312622,43421,43451,30
13.0300102234,80.2667312622,43451,43461,10
13.0294799805,80.2666015625,43461,43477,16
13.0292701721,80.2665176392,43477,43489,12
13.0289402008,80.2664031982,43489,43499,10
13.0285396576,80.2662506104,43499,43510,11
13.027680397,80.2661437988,43510,43520,10
13.0267000198,80.2660903931,43520,43548,28
13.0267000198,80.2660903931,43548,43560,12
13.0263795853,80.2659912109,43560,43570,10
13.0261602402,80.2659301758,43570,43580,10
13.0258302689,80.2658309937,43580,43590,10
13.0254001617,80.2655792236,43590,43600,10
13.0252304077,80.2654724121,43600,43610,10
13.0252199173,80.2653579712,43610,43620,10
13.0249595642,80.2651519775,43620,43631,11
13.0244503021,80.2648925781,43631,43641,10
13.0240001678,80.264541626,43641,43651,10
13.0235004425,80.264289856,43651,43661,10
13.0230998993,80.2639770508,43661,43671,10
13.0225296021,80.263671875,43671,43681,10
13.0222396851,80.2635192871,43681,43691,10
13.0221204758,80.2634429932,43691,43701,10
13.0218801498,80.2633209229,43701,43711,10
13.0212802887,80.2631225586,43711,43721,10
13.0204000473,80.2630767822,43721,43732,11
13.0197601318,80.2630386353,43732,43742,10
13.0191602707,80.2629776001,43742,43752,10
13.0188598633,80.2626419067,43752,43762,10
13.0187702179,80.2617797852,43762,43772,10
13.0182504654,80.2610702515,43772,43782,10
13.0174703598,80.2605209351,43782,43792,10
13.0167999268,80.2600631714,43792,43802,10
13.0160999298,80.2596969604,43802,43822,20
13.0160999298,80.2596969604,43822,43832,10
13.0157899857,80.2595596313,43832,43842,10
13.0151195526,80.2593612671,43842,43853,11
13.0141096115,80.2592926025,43853,43863,10
13.0131196976,80.259262085,43863,43873,10
13.0121002197,80.2592163086,43873,43883,10
13.0113201141,80.2591934204,43883,43893,10
13.0106801987,80.2592010498,43893,43903,10
13.0100002289,80.2592163086,43903,43919,16
13.0088701248,80.2592010498,43919,43931,12
13.0085000992,80.2591400146,43931,43941,10
13.0078001022,80.2593002319,43941,43951,10
13.0073099136,80.2588882446,43951,43962,11
13.0071601868,80.2586669922,43962,43972,10
13.0069599152,80.2583465576,43972,43982,10
13.006529808,80.2577285767,43982,44073,91
13.006529808,80.2577285767,44073,44083,10
13.0065603256,80.2574768066,44083,44093,10
13.006529808,80.2571182251,44093,44103,10
13.0065202713,80.2565765381,44103,44113,10
13.0065603256,80.2558898926,44113,44123,10
13.0066003799,80.2552871704,44123,44133,10
13.0066299438,80.2547607422,44133,44143,10
13.0066204071,80.2538070679,44143,44153,10
13.0066204071,80.2531661987,44153,44163,10
13.0066204071,80.2531509399,44163,44173,10
13.0066003799,80.2530670166,44173,44184,11
13.0066099167,80.2528610229,44184,44200,16
13.0066204071,80.2522964478,44200,44212,12
13.006649971,80.2517623901,44212,44221,9
13.0067796707,80.2511672974,44221,44232,11
13.0068101883,80.2501831055,44232,44242,10
13.006819725,80.24974823,44242,44252,10
13.0067501068,80.2493972778,44252,44303,51
13.0067501068,80.2493972778,44303,44313,10
13.0067596436,80.2492218018,44313,44323,10
13.0067300797,80.2487716675,44323,44333,10
13.0066995621,80.2484664917,44333,44343,10
13.0066795349,80.2481307983,44343,44353,10
13.0066604614,80.2477111816,44353,44363,10
13.0066900253,80.2470626831,44363,44373,10
13.0066299438,80.2465896606,44373,44383,10
13.0066299438,80.2465820313,44383,44393,10
13.0066604614,80.2463607788,44393,44404,11
13.006649971,80.2459106445,44404,44414,10
13.0066604614,80.2457733154,44414,44424,10
13.0066604614,80.2455062866,44424,44434,10
13.0066404343,80.2452468872,44434,44444,10
13.0066204071,80.2449874878,44444,44454,10
13.0066299438,80.2446365356,44454,44464,10
13.0066099167,80.2442474365,44464,44474,10
13.0066404343,80.2438278198,44474,44484,10
13.0066404343,80.2433929443,44484,44494,10
13.0066604614,80.242729187,44494,44504,10
13.0066404343,80.241897583,44504,44514,10
13.0066299438,80.2416305542,44514,44525,11
13.0066404343,80.2414398193,44525,44535,10
13.0066900253,80.2409973145,44535,44545,10
13.006819725,80.2404174805,44545,44561,16
13.0071001053,80.2391433716,44561,44573,12
13.0072402954,80.2381668091,44573,44583,10
13.007349968,80.2376098633,44583,44593,10
13.0074396133,80.2369384766,44593,44603,10
13.0074396133,80.236907959,44603,44613,10
13.0074396133,80.2367782593,44613,44623,10
13.0075502396,80.236366272,44623,44634,11
13.0076999664,80.2356872559,44634,44644,10
13.0078001022,80.2352218628,44644,44654,10
13.0078296661,80.2350616455,44654,44664,10
13.0079298019,80.234588623,44664,44674,10
13.0081100464,80.2338180542,44674,44684,10
13.0083398819,80.2326278687,44684,44694,10
13.0085496902,80.2314605713,44694,44704,10
13.0087404251,80.2304992676,44704,44713,9
13.0089197159,80.2295684814,44713,44723,10
13.0091104507,80.2285079956,44723,44734,11
13.0094804764,80.2274932861,44734,44745,11
13.0099496841,80.2264785767,44745,44755,10
13.0104198456,80.2255706787,44755,44765,10
13.0107002258,80.2249221802,44765,44774,9
13.0108699799,80.2244033813,44774,44785,11
13.0111398697,80.223777771,44785,44795,10
13.0113296509,80.2232589722,44795,44805,10
13.0116796494,80.2225799561,44805,44815,10
13.0121297836,80.2215499878,44815,44825,10
13.0125598907,80.2216110229,44825,44835,10
13.0128803253,80.2220916748,44835,44845,10
13.0131797791,80.2224884033,44845,44856,11
13.0137395859,80.2230987549,44856,44866,10
13.0141801834,80.2236175537,44866,44876,10
13.0144395828,80.2240371704,44876,44886,10
13.0150499344,80.2246398926,44886,44896,10
13.0154304504,80.2249679565,44896,44906,10
13.0154399872,80.2249908447,44906,44916,10
13.0156097412,80.2250976563,44916,44926,10
13.0160598755,80.2253570557,44926,44936,10
13.0167598724,80.2252426147,44936,44946,10
13.0174798965,80.224937439,44946,44956,10
13.0183200836,80.2246170044,44956,44973,17
13.0197000504,80.2245025635,44973,44995,22
13.0197000504,80.2245025635,44995,45004,9
13.0199604034,80.2246932983,45004,45016,12
13.0205202103,80.2251205444,45016,45026,10
13.020939827,80.2254333496,45026,45036,10
13.021490097,80.2258911133,45036,45046,10
13.0219602585,80.2261962891,45046,45065,19
13.0219602585,80.2261962891,45065,45077,12
13.0222797394,80.2264709473,45077,45086,9
13.0226297379,80.2267913818,45086,45097,11
13.0232095718,80.2273406982,45097,45107,10
13.023850441,80.2279205322,45107,45117,10
13.024310112,80.2284469604,45117,45127,10
13.0246896744,80.2289886475,45127,45137,10
13.0251703262,80.2296218872,45137,45146,9
13.0255699158,80.2301483154,45146,45156,10
13.0259304047,80.2306900024,45156,45167,11
13.0259799957,80.230796814,45167,45177,10
13.0260295868,80.2309494019,45177,45198,21
13.0260295868,80.2309494019,45198,45208,10
13.0260000229,80.2311706543,45208,45218,10
13.0262002945,80.2313690186,45218,45228,10
13.0268001556,80.2312011719,45228,45238,10
13.0274496078,80.2310409546,45238,45248,10
13.0277996063,80.2309875488,45248,45258,10
13.0283098221,80.2309494019,45258,45268,10
13.0283699036,80.2309417725,45268,45278,10
13.0284996033,80.2309265137,45278,45289,11
13.0290203094,80.2308883667,45289,45300,11
13.0293102264,80.2308807373,45300,45310,10
13.0293998718,80.2308731079,45310,45320,10
13.0297498703,80.2308273315,45320,45330,10
13.0302400589,80.2307815552,45330,45340,10
13.0307197571,80.2307434082,45340,45350,10
13.0313396454,80.2306900024,45350,45360,10
13.0320501328,80.2306365967,45360,45370,10
13.0325803757,80.2305908203,45370,45380,10
13.0328798294,80.2305831909,45380,45390,10
13.033490181,80.2305374146,45390,45400,10
13.0343999863,80.2304077148,45400,45421,21
13.0343999863,80.2304077148,45421,45431,10
13.0344800949,80.2304000854,45431,45441,10
13.0348596573,80.2303085327,45441,45451,10
13.0349397659,80.2300872803,45451,45461,10
13.0348901749,80.2300796509,45461,45471,10
13.0346403122,80.2300720215,45471,46531,1060
13.0343103409,80.2300186157,46531,48712,2181
13.0341901779,80.2299880981,48712,48874,162
13.0341796875,80.2300186157,48874,50306,1432
13.0341796875,80.2300186157,50306,50316,10
13.034119606,80.2303314209,50316,50327,11
13.0340995789,80.2303466797,50327,50337,10
13.0336704254,80.2303924561,50337,50347,10
13.0335903168,80.2304000854,50347,50357,10
13.033490181,80.2304229736,50357,50367,10
13.0330200195,80.2304763794,50367,50377,10
13.0323696136,80.2305603027,50377,50387,10
13.0318202972,80.2306289673,50387,50397,10
13.0312204361,80.230682373,50397,50407,10
13.0307703018,80.2307281494,50407,50417,10
13.0299396515,80.2308120728,50417,50458,41
13.0299396515,80.2308120728,50458,50468,10
13.0296602249,80.2308883667,50468,50478,10
13.0293598175,80.2309036255,50478,50488,10
13.0287799835,80.2309417725,50488,50504,16
13.0277996063,80.2310409546,50504,50516,12
13.0277204514,80.2315292358,50516,50526,10
13.027759552,80.2319030762,50526,50536,10
13.0278596878,80.2325668335,50536,50546,10
13.0275602341,80.2327804565,50546,50557,11
13.0269603729,80.2329177856,50557,50627,70
13.0269603729,80.2329177856,50627,50637,10
13.0266599655,80.233039856,50637,50647,10
13.0263500214,80.2328796387,50647,50657,10
13.0261802673,80.2323074341,50657,50668,11
13.0260095596,80.2315368652,50668,50678,10
13.0258102417,80.2308425903,50678,50688,10
13.0254096985,80.230178833,50688,50748,60
13.0254096985,80.230178833,50748,50758,10
13.0253095627,80.2300415039,50758,50768,10
13.0250396729,80.229637146,50768,50779,11
13.0245800018,80.2290420532,50779,50789,10
13.0239601135,80.2282867432,50789,50819,30
13.0239601135,80.2282867432,50819,50829,10
13.0238103867,80.2281188965,50829,50839,10
13.0235900879,80.2278213501,50839,50849,10
13.0232801437,80.2275085449,50849,50859,10
13.0230102539,80.2271728516,50859,50869,10
13.0225296021,80.2267379761,50869,50879,10
13.0219697952,80.2262802124,50879,50890,11
13.0212001801,80.2256698608,50890,50900,10
13.0205802917,80.2251968384,50900,50910,10
13.0199203491,80.2247619629,50910,50920,10
13.019200325,80.2244415283,50920,50930,10
13.0181999207,80.2247161865,50930,50940,10
13.0173301697,80.2250671387,50940,50950,10
13.0166196823,80.2253417969,50950,50960,10
13.0161600113,80.2255096436,50960,50970,10
13.015709877,80.2256774902,50970,50980,10
13.0151596069,80.2258987427,50980,50990,10
13.0145597458,80.2261581421,50990,51021,31
13.0145597458,80.2261581421,51021,51031,10
13.0144500732,80.2261734009,51031,51041,10
13.0141601563,80.2262802124,51041,51051,10
13.0136899948,80.2264633179,51051,51061,10
13.0130796432,80.2267227173,51061,51071,10
13.0123796463,80.2269897461,51071,51081,10
13.011639595,80.2272567749,51081,51091,10
13.0108995438,80.2275466919,51091,51101,10
13.0101003647,80.2278823853,51101,51111,10
13.0093002319,80.2282791138,51111,51122,11
13.0090303421,80.229133606,51122,51132,10
13.0088300705,80.230140686,51132,51142,10
13.008649826,80.2311630249,51142,51152,10
13.0084295273,80.2322769165,51152,51162,10
13.0082197189,80.2336425781,51162,51192,30
13.0082197189,80.2336425781,51192,51202,10
13.008099556,80.2340164185,51202,51212,10
13.008020401,80.2344970703,51212,51222,10
13.007900238,80.2351226807,51222,51233,11
13.0077695847,80.2358016968,51233,51243,10
13.0076198578,80.2365570068,51243,51253,10
13.0074195862,80.2374801636,51253,51263,10
13.0072603226,80.2383880615,51263,51273,10
13.0071401596,80.2390289307,51273,51283,10
13.0069198608,80.2400970459,51283,51333,50
13.0069198608,80.2400970459,51333,51344,11
13.0069303513,80.2402801514,51344,51354,10
13.0068702698,80.2406997681,51354,51374,20
13.0068702698,80.2406997681,51374,51384,10
13.0067596436,80.2411575317,51384,51394,10
13.0067396164,80.2417526245,51394,51404,10
13.0067396164,80.242477417,51404,51414,10
13.0066995621,80.2432937622,51414,51424,10
13.0066995621,80.2438964844,51424,51434,10
13.0067195892,80.2445831299,51434,51444,10
13.0066900253,80.2452163696,51444,51453,9
13.0067195892,80.2459869385,51453,51465,12
13.0067501068,80.2469024658,51465,51475,10
13.0067396164,80.2473220825,51475,51485,10
13.0067501068,80.2475585938,51485,51495,10
13.0067396164,80.2480621338,51495,51505,10
13.0067796707,80.2488021851,51505,51515,10
13.0068798065,80.249382019,51515,51525,10
13.0068702698,80.249458313,51525,51535,10
13.0068101883,80.2495422363,51535,51545,10
13.006819725,80.2499237061,51545,51555,10
13.0067996979,80.2504882813,51555,51565,10
13.006819725,80.251159668,51565,51576,11
13.0066604614,80.2520523071,51576,51586,10
13.0065803528,80.2528915405,51586,51596,10
13.0065803528,80.2537078857,51596,51606,10
13.0066099167,80.2545471191,51606,51616,10
13.0066003799,80.2551727295,51616,51626,10
13.0065898895,80.255821228,51626,51636,10
13.0066003799,80.2564926147,51636,51646,10
13.0066099167,80.2567214966,51646,51656,10
13.0066299438,80.257019043,51656,51666,10
13.0066900253,80.2574768066,51666,51676,10
13.0069103241,80.2578964233,51676,51687,11
13.0072402954,80.2582931519,51687,51697,10
13.0076999664,80.2586364746,51697,51717,20
13.0076999664,80.2586364746,51717,51727,10
13.008020401,80.2588806152,51727,51737,10
13.0084695816,80.2590866089,51737,51747,10
13.0088796616,80.2591094971,51747,51757,10
13.0094900131,80.2590789795,51757,51767,10
13.0103702545,80.2590789795,51767,51777,10
13.0113601685,80.2590637207,51777,51787,10
13.0124197006,80.2590866089,51787,51798,11
13.0137195587,80.2591400146,51798,51808,10
13.0149297714,80.2591934204,51808,51818,10
13.015879631,80.2593994141,51818,51828,10
13.0164003372,80.2596817017,51828,51848,20
13.0164003372,80.2596817017,51848,51858,10
13.0167303085,80.2599563599,51858,51868,10
13.017250061,80.2603302002,51868,51878,10
13.0178804398,80.2607727051,51878,51888,10
13.0185604095,80.2612380981,51888,51898,10
13.0191698074,80.2617797852,51898,51909,11
13.0201501846,80.2626571655,51909,51929,20
13.0201501846,80.2626571655,51929,51939,10
13.0203399658,80.2627792358,51939,51949,10
13.0208301544,80.2628936768,51949,51959,10
13.0217103958,80.2631607056,51959,51969,10
13.0220499039,80.2634124756,51969,51979,10
13.022310257,80.2635574341,51979,51989,10
13.0226402283,80.2637405396,51989,51999,10
13.0228300095,80.2638397217,51999,52009,10
13.0229797363,80.2639312744,52009,52020,11
13.0234003067,80.2641677856,52020,52030,10
13.0237998962,80.2643814087,52030,52040,10
13.0242996216,80.2646865845,52040,52050,10
13.024720192,80.2650222778,52050,52060,10
13.0252599716,80.2654037476,52060,52070,10
13.02602005,80.2658615112,52070,52090,20
13.02602005,80.2658615112,52090,52100,10
13.0262804031,80.2655105591,52100,52110,10
13.0263299942,80.2649612427,52110,52120,10
13.0264396667,80.2642211914,52120,52130,10
13.0264797211,80.263999939,52130,52141,11
13.0265197754,80.2638931274,52141,52157,16
13.0266895294,80.263381958,52157,52169,12
13.0270500183,80.2635421753,52169,52179,10
13.0274801254,80.2637405396,52179,52189,10
13.0279197693,80.2638473511,52189,52197,8
13.0280199051,80.2638473511,52197,52209,12
13.0283699036,80.2639007568,52209,52219,10
13.0287799835,80.2640228271,52219,52229,10
13.0291204453,80.2641525269,52229,52239,10
13.0291795731,80.2644195557,52239,52250,11
13.0291996002,80.2651824951,52250,52260,10
13.0291996002,80.2659988403,52260,52290,30
13.0291996002,80.2659988403,52290,52300,10
13.0292901993,80.2665100098,52300,52310,10
13.0296201706,80.2666397095,52310,52320,10
13.0300798416,80.2667007446,52320,52330,10
13.0309400558,80.2668533325,52330,52340,10
13.0313997269,80.2670974731,52340,52350,10
13.0318098068,80.267326355,52350,52361,11
13.0322904587,80.2676467896,52361,52370,9
13.0330400467,80.2677230835,52370,52391,21
13.0330400467,80.2677230835,52391,52401,10
13.0333204269,80.267829895,52401,52441,40
13.0333204269,80.267829895,52441,52451,10
13.0337400436,80.2679519653,52451,52461,10
13.0340499878,80.2679901123,52461,52472,11
13.0344495773,80.2680206299,52472,52522,50
13.0344495773,80.2680206299,52522,52532,10
13.0343704224,80.2680587769,52532,52542,10
13.0339803696,80.2679672241,52542,52552,10
13.0334796906,80.2678909302,52552,52792,240
13.0331497192,80.2677993774,52792,53176,384
13.0331497192,80.2677993774,53176,53186,10
13.0331497192,80.2678909302,53186,53196,10
13.0328197479,80.267791748,53196,53206,10
13.0325899124,80.2675933838,53206,53216,10
13.0322704315,80.2673873901,53216,53226,10
13.0317697525,80.2671813965,53226,53236,10
13.03125,80.266960144,53236,53247,11
13.0306901932,80.2668380737,53247,53257,10
13.0302095413,80.2667388916,53257,53267,10
13.029800415,80.2666397095,53267,53277,10
13.0294399261,80.2666320801,53277,53287,10
13.0290803909,80.266418457,53287,53297,10
13.0285902023,80.2663497925,53297,53307,10
13.0281200409,80.2662506104,53307,53317,10
13.0274801254,80.266166687,53317,53327,10
13.0267601013,80.2660522461,53327,53337,10
13.0261602402,80.2658996582,53337,53347,10
13.0257501602,80.2656402588,53347,53358,11
13.0255002975,80.2654724121,53358,53368,10
13.0254802704,80.2654571533,53368,53378,10
13.0252504349,80.2652816772,53378,53387,9
13.0249900818,80.265083313,53387,53398,11
13.0245599747,80.2647628784,53398,53408,10
13.0240497589,80.2643814087,53408,53418,10
13.023639679,80.2641525269,53418,53428,10
13.0230102539,80.2638168335,53428,53438,10
13.0223503113,80.2634963989,53438,53448,10
13.0221204758,80.2633972168,53448,53458,10
13.0220403671,80.2633514404,53458,53468,10
13.0217599869,80.2632217407,53468,53479,11
13.021030426,80.2629928589,53479,53489,10
13.0203199387,80.2629623413,53489,53499,10
13.0198698044,80.2629394531,53499,53509,10
13.0192604065,80.2628936768,53509,53519,10
13.0189199448,80.2627182007,53519,53529,10
13.0188398361,80.2620773315,53529,53539,10
13.0187702179,80.2615814209,53539,53548,9
13.0187301636,80.2613983154,53548,53559,11
13.0185098648,80.261177063,53559,53568,9
13.0181703568,80.2609405518,53568,53578,10
13.0177097321,80.2606430054,53578,53590,12
13.0169696808,80.2601394653,53590,53600,10
13.0163803101,80.2597808838,53600,53610,10
13.0160903931,80.2596511841,53610,53620,10
13.0159797668,80.2595977783,53620,53630,10
13.0154600143,80.2593994141,53630,53640,10
13.0146999359,80.2592926025,53640,53650,10
13.0139503479,80.259262085,53650,53660,10
13.0130596161,80.2592391968,53660,53670,10
13.0121202469,80.2592086792,53670,53680,10
13.0112199783,80.2591934204,53680,53690,10
13.0104503632,80.2592163086,53690,53701,11
13.0094995499,80.2592086792,53701,53711,10
13.0089502335,80.2592086792,53711,53721,10
13.008890152,80.2592086792,53721,53731,10
13.0086202621,80.2591934204,53731,53741,10
13.0083198547,80.2591781616,53741,53751,10
13.0080003738,80.2592391968,53751,53761,10
13.0075397491,80.2593307495,53761,53771,10
13.0072002411,80.2587585449,53771,53781,10
13.0071697235,80.2586975098,53781,53791,10
13.0070199966,80.2583465576,53791,53801,10
13.0068397522,80.2580413818,53801,53812,11
13.0065698624,80.25756073,53812,53862,50
13.0065698624,80.25756073,53862,53872,10
13.0063800812,80.2573165894,53872,53933,61
13.0063800812,80.2573165894,53933,53943,10
13.0064001083,80.2571411133,53943,53953,10
13.0064296722,80.2568969727,53953,53963,10
13.0064496994,80.2565078735,53963,53973,10
13.0065002441,80.2560424805,53973,53981,8
13.0065202713,80.255569458,53981,53993,12
13.0065603256,80.2548217773,53993,54003,10
13.0065202713,80.2540435791,54003,54013,10
13.0065402985,80.2532730103,54013,54044,31
13.0065402985,80.2532730103,54044,54054,10
13.0065402985,80.2530822754,54054,54064,10
13.0065698624,80.2525177002,54064,54114,50
13.0065698624,80.2525177002,54114,54124,10
13.0066795349,80.2524185181,54124,54134,10
13.0066900253,80.2521133423,54134,54145,11
13.0068101883,80.2512817383,54145,54155,10
13.006819725,80.2504119873,54155,54163,8
13.0068101883,80.249961853,54163,54175,12
13.0068101883,80.2492370605,54175,54185,10
13.0067195892,80.248336792,54185,54245,60
13.0067195892,80.248336792,54245,54256,11
13.0066900253,80.2481765747,54256,54266,10
13.0066604614,80.2478485107,54266,54276,10
13.0066699982,80.2473373413,54276,54286,10
13.0065803528,80.2466812134,54286,54296,10
13.0066099167,80.2464523315,54296,54306,10
13.0066204071,80.2463912964,54306,54316,10
13.0066404343,80.2461700439,54316,54326,10
13.0066204071,80.2458496094,54326,54336,10
13.0066404343,80.2451171875,54336,54346,10
13.006649971,80.2443771362,54346,54356,10
13.0066299438,80.2437591553,54356,54367,11
13.0065898895,80.2428817749,54367,54377,10
13.0065698624,80.2419509888,54377,54387,10
13.0065603256,80.2417678833,54387,54397,10
13.0065803528,80.2415618896,54397,54407,10
13.0066604614,80.2409973145,54407,54417,10
13.0066900253,80.240737915,54417,54427,10
13.0066795349,80.2405090332,54427,54437,10
13.0067596436,80.2403030396,54437,54447,10
13.0068798065,80.2398605347,54447,54457,10
13.0069799423,80.2390670776,54457,54467,10
13.0071697235,80.2380905151,54467,54478,11
13.007349968,80.2369232178,54478,54508,30
13.007349968,80.2369232178,54508,54518,10
13.0074396133,80.2365570068,54518,54528,10
13.0075998306,80.2359237671,54528,54538,10
13.0077199936,80.2354812622,54538,54548,10
13.0077600479,80.2352218628,54548,54558,10
13.007900238,80.2346191406,54558,54568,10
13.008099556,80.2337417603,54568,54578,10
13.0082597733,80.2327804565,54578,54589,11
13.0084495544,80.2317276001,54589,54599,10
13.0086297989,80.2308197021,54599,54609,10
13.0088195801,80.2298202515,54609,54619,10
13.0089902878,80.2288970947,54619,54629,10
13.0092496872,80.2279815674,54629,54639,10
13.0096797943,80.2269821167,54639,54649,10
13.0101003647,80.2260818481,54649,54659,10
13.0105304718,80.2252120972,54659,54669,10
13.0108604431,80.2244720459,54669,54679,10
13.0111398697,80.2238464355,54679,54689,10
13.0112400055,80.223487854,54689,54699,10
13.0114402771,80.2229919434,54699,54710,11
13.0116701126,80.2224578857,54710,54720,10
13.0119695663,80.221786499,54720,54730,10
13.0122900009,80.2215499878,54730,54740,10
13.0124797821,80.2218475342,54740,54750,10
13.0128602982,80.2223129272,54750,54760,10
13.0134401321,80.2229003906,54760,54770,10
13.0139198303,80.2234573364,54770,54780,10
13.014289856,80.2238769531,54780,54790,10
13.0150003433,80.2245864868,54790,54800,10
13.01541996,80.2248687744,54800,54810,10
13.0154399872,80.2248764038,54810,54821,11
13.0156898499,80.2251281738,54821,54831,10
13.0162200928,80.2253036499,54831,54841,10
13.0169496536,80.2250900269,54841,54851,10
13.0178203583,80.2247619629,54851,54861,10
13.0186395645,80.2244415283,54861,54871,10
13.0194702148,80.2244110107,54871,54881,10
13.0200796127,80.2247772217,54881,54891,10
13.0206003189,80.2251663208,54891,54901,10
13.0210599899,80.2255401611,54901,54911,10
13.0218801498,80.2260971069,54911,54932,21
13.0218801498,80.2260971069,54932,54942,10
13.0222196579,80.2263565063,54942,54952,10
13.0227403641,80.2268600464,54952,54962,10
13.023349762,80.2274627686,54962,54972,10
13.0238704681,80.2279510498,54972,54982,10
13.0242204666,80.2283401489,54982,54992,10
13.0242395401,80.2283706665,54992,55002,10
13.0243396759,80.2284698486,55002,55012,10
13.024600029,80.2288513184,55012,55022,10
13.0250597,80.2294692993,55022,55032,10
13.0256299973,80.2302780151,55032,55043,11
13.0260095596,80.231086731,55043,55053,10
13.0263395309,80.2312088013,55053,55063,10
13.0269498825,80.2310180664,55063,55073,10
13.0277996063,80.2309036255,55073,55083,10
13.0283203125,80.2308273315,55083,55092,9
13.0283403397,80.2308425903,55092,55102,10
13.0285396576,80.2308807373,55102,55113,11
13.0288496017,80.2308273315,55113,55123,10
13.0291204453,80.2307662964,55123,55133,10
13.0293798447,80.230796814,55133,55143,10
13.02987957,80.2307434082,55143,55154,11
13.0304803848,80.230682373,55154,55164,10
13.0311803818,80.2306213379,55164,55174,10
13.0320596695,80.2305679321,55174,55184,10
13.0329198837,80.2305221558,55184,55194,10
13.0334997177,80.2305374146,55194,55204,10
13.0339698792,80.2304229736,55204,55214,10
13.0345001221,80.2303390503,55214,55224,10
13.0347900391,80.2301712036,55224,55234,10
13.0347003937,80.2299804688,55234,55244,10
13.0344896317,80.2300186157,55244,55355,111
13.0341796875,80.2300033569,55355,56504,1149
13.0341796875,80.2300033569,56504,56514,10
13.0340995789,80.2303390503,56514,56524,10
13.0338897705,80.2303924561,56524,56534,10
13.033539772,80.2304382324,56534,56554,20
13.033539772,80.2304382324,56554,56564,10
13.0331001282,80.2304763794,56564,56574,10
13.032500267,80.2305297852,56574,56584,10
13.0318698883,80.2306137085,56584,56595,11
13.0312204361,80.2306671143,56595,56605,10
13.0307798386,80.2307434082,56605,56615,10
13.0305404663,80.230758667,56615,56625,10
13.029800415,80.2308425903,56625,56645,20
13.029800415,80.2308425903,56645,56661,16
13.0295696259,80.2308807373,56661,56673,12
13.0290699005,80.2309188843,56673,56681,8
13.0286502838,80.2309494019,56681,56693,12
13.0280399323,80.2310180664,56693,56703,10
13.0277204514,80.2311325073,56703,56714,11
13.027759552,80.2316513062,56714,56724,10
13.0278301239,80.2321395874,56724,56733,9
13.0278997421,80.2326278687,56733,56744,11
13.0274496078,80.2328262329,56744,56754,10
13.0269298553,80.2329330444,56754,56764,10
13.0266103745,80.233001709,56764,56774,10
13.0263204575,80.2327270508,56774,56784,10
13.0261898041,80.2322387695,56784,56794,10
13.0260601044,80.2317581177,56794,56804,10
13.025970459,80.231338501,56804,56815,11
13.0257797241,80.2306518555,56815,56825,10
13.0253896713,80.2300415039,56825,56835,10
13.0249996185,80.2295303345,56835,56845,10
13.024889946,80.2293930054,56845,56855,10
13.0247802734,80.2292709351,56855,56865,10
13.0245800018,80.2289962769,56865,56875,10
13.0242996216,80.2286376953,56875,56885,10
13.0242595673,80.2285766602,56885,56895,10
13.0241203308,80.2284164429,56895,56905,10
13.0240001678,80.228302002,56905,56915,10
13.0238599777,80.2281036377,56915,56926,11
13.0237798691,80.228012085,56926,56936,10
13.0235900879,80.2278213501,56936,56946,10
13.0232000351,80.227432251,56946,56956,10
13.0226697922,80.2269210815,56956,56966,10
13.0221204758,80.2263793945,56966,56976,10
13.0214796066,80.2258682251,56976,56986,10
13.0209598541,80.2254486084,56986,56996,10
13.0206699371,80.2252426147,56996,57006,10
13.02023983,80.2249679565,57006,57016,10
13.0197200775,80.2246170044,57016,57026,10
13.0190496445,80.2244567871,57026,57036,10
13.0182695389,80.2247009277,57036,57053,17
13.0169095993,80.2252807617,57053,57065,12
13.0160703659,80.2255783081,57065,57074,9
13.0154895782,80.2257385254,57074,57084,10
13.0149402618,80.225982666,57084,57095,11
13.0143098831,80.2262573242,57095,57105,10
13.0142202377,80.2262878418,57105,57115,10
13.0138902664,80.2264022827,57115,57125,10
13.0132904053,80.2266387939,57125,57135,10
13.0125999451,80.2269210815,57135,57145,10
13.0118303299,80.2272186279,57145,57156,11
13.0109395981,80.2275695801,57156,57166,10
13.0100803375,80.2279129028,57166,57176,10
13.0092496872,80.2283477783,57176,57186,10
13.0090198517,80.2291870117,57186,57196,10
13.0088396072,80.230178833,57196,57206,10
13.0086698532,80.2312164307,57206,57216,10
13.0084600449,80.2322692871,57216,57226,10
13.0082502365,80.2336502075,57226,57246,20
13.0082502365,80.2336502075,57246,57256,10
13.0081300735,80.2339630127,57256,57267,11
13.0079698563,80.2346801758,57267,57277,10
13.0077600479,80.2357635498,57277,57287,10
13.0075798035,80.2367477417,57287,57297,10
13.0073795319,80.2377090454,57297,57307,10
13.0072402954,80.2385406494,57307,57317,10
13.0071401596,80.2392120361,57317,57327,10
13.0069799423,80.2398223877,57327,57489,162
13.0069799423,80.2398223877,57489,57499,10
13.0067901611,80.240020752,57499,57519,20
13.0067901611,80.240020752,57519,57529,10
13.0068101883,80.2402420044,57529,57539,10
13.0067596436,80.2406082153,57539,57549,10
13.006770134,80.2406768799,57549,57559,10
13.0067796707,80.2409362793,57559,57569,10
13.0067501068,80.2414169312,57569,57579,10
13.0067596436,80.2421112061,57579,57589,10
13.0067501068,80.2429199219,57589,57600,11
13.0067796707,80.2437973022,57600,57610,10
13.0067396164,80.2445373535,57610,57620,10
13.0067501068,80.2454223633,57620,57630,10
13.0067596436,80.2462005615,57630,57640,10
13.0067796707,80.2471694946,57640,57650,10
13.0067796707,80.2480010986,57650,57660,10
13.0068101883,80.2488937378,57660,57670,10
13.0068902969,80.2494125366,57670,57680,10
13.0068902969,80.249420166,57680,57690,10
13.0068798065,80.2498321533,57690,57700,10
13.0068702698,80.2505874634,57700,57711,11
13.0068798065,80.2511978149,57711,57721,10
13.0068397522,80.2514419556,57721,57731,10
13.0066995621,80.2520217896,57731,57741,10
13.0066099167,80.2528610229,57741,57751,10
13.0066099167,80.2537231445,57751,57761,10
13.0066299438,80.2545394897,57761,57771,10
13.0066404343,80.2550811768,57771,57781,10
13.0066604614,80.255821228,57781,57791,10
13.0066795349,80.256690979,57791,57801,10
13.006770134,80.2572937012,57801,57832,31
13.0066795349,80.2574462891,57832,57872,40
13.0066795349,80.2574462891,57872,57882,10
13.0066900253,80.2575912476,57882,57892,10
13.0068798065,80.2580490112,57892,57902,10
13.0072803497,80.2585296631,57902,57912,10
13.0076198578,80.2586669922,57912,57922,10
13.0078296661,80.2587585449,57922,57932,10
13.0084104538,80.258972168,57932,57943,11
13.0089902878,80.2590637207,57943,57953,10
13.0097904205,80.2590789795,57953,57963,10
13.010720253,80.2590637207,57963,57973,10
13.011759758,80.2590484619,57973,57983,10
13.0128498077,80.2591018677,57983,57993,10
13.0139799118,80.259147644,57993,58003,10
13.0150499344,80.2592010498,58003,58020,17
13.0163002014,80.2595825195,58020,58032,12
13.0163698196,80.2596511841,58032,58041,9
13.0165901184,80.2598724365,58041,58053,12
13.0171899796,80.260269165,58053,58063,10
13.0177497864,80.2606735229,58063,58073,10
13.0181398392,80.2609329224,58073,58083,10
13.0186500549,80.2612915039,58083,58093,10
13.0191802979,80.2617492676,58093,58103,10
13.0196800232,80.2622070313,58103,58113,10
13.0201501846,80.2626037598,58113,58122,9
13.0202198029,80.2626419067,58122,58133,11
13.0204801559,80.262840271,58133,58143,10
13.0211200714,80.2630081177,58143,58153,10
13.0218400955,80.2633132935,58153,58164,11
13.0221300125,80.263420105,58164,58174,10
13.0224199295,80.2635726929,58174,58184,10
13.0228004456,80.2637405396,58184,58204,20
13.0228004456,80.2637405396,58204,58214,10
13.0231304169,80.263961792,58214,58224,10
13.0234498978,80.2640762329,58224,58234,10
13.0237903595,80.2642974854,58234,58244,10
13.0242204666,80.2645797729,58244,58254,10
13.024720192,80.2649765015,58254,58264,10
13.0253095627,80.2654037476,58264,58275,11
13.0259895325,80.2658081055,58275,58295,20
13.0259895325,80.2658081055,58295,58305,10
13.0262804031,80.2656021118,58305,58314,9
13.0263500214,80.2650375366,58314,58325,11
13.0264596939,80.2643508911,58325,58335,10
13.0264997482,80.2639694214,58335,58345,10
13.0265302658,80.2638778687,58345,58355,10
13.0265598297,80.2635574341,58355,58365,10
13.0267496109,80.2634277344,58365,58375,10
13.0271701813,80.2635192871,58375,58386,11
13.0274801254,80.2635574341,58386,58396,10
13.0279302597,80.2636566162,58396,58406,10
13.0282897949,80.2637710571,58406,58416,10
13.0284700394,80.2638397217,58416,58426,10
13.0287904739,80.2639389038,58426,58436,10
13.0291595459,80.2640609741,58436,58446,10
13.0292596817,80.2642669678,58446,58456,10
13.0292901993,80.2646331787,58456,58466,10
13.0292701721,80.2651290894,58466,58476,10
13.0292596817,80.2656021118,58476,58486,10
13.0292701721,80.2659912109,58486,58497,11
13.0292797089,80.2660217285,58497,58507,10
13.0291996002,80.2663803101,58507,58517,10
13.029589653,80.2666015625,58517,58547,30
13.029589653,80.2666015625,58547,58557,10
13.0299797058,80.2666702271,58557,58567,10
13.0300998688,80.2666625977,58567,58577,10
13.0302696228,80.2667007446,58577,58587,10
13.030500412,80.266746521,58587,58597,10
13.0309200287,80.2668762207,58597,58608,11
13.0315504074,80.2670211792,58608,58618,10
13.0321102142,80.2672805786,58618,58634,16
13.0329504013,80.2677001953,58634,58646,12
13.0335102081,80.2678375244,58646,58696,50
13.0335102081,80.2678375244,58696,58706,10
13.033829689,80.2679672241,58706,58717,11
13.034040451,80.2680130005,58717,58727,10
13.0344800949,80.268081665,58727,58807,80
13.0344800949,80.268081665,58807,58817,10
13.0344400406,80.2681808472,58817,58828,11
13.0341701508,80.2680892944,58828,58838,10
13.033829689,80.2679672241,58838,58848,10
13.0334796906,80.2679214478,58848,59565,717
13.0334796906,80.2679214478,59565,59575,10
13.033200264,80.2678604126,59575,59585,10
13.0330600739,80.267829895,59585,59596,11
13.0328502655,80.2677612305,59596,59606,10
13.0325498581,80.2675170898,59606,59615,9
13.0324001312,80.2673873901,59615,59626,11
13.0320196152,80.2671966553,59626,59636,10
13.0314998627,80.266998291,59636,59666,30
13.0314998627,80.266998291,59666,59676,10
13.0311203003,80.2668991089,59676,59717,41
13.0307197571,80.2668609619,59717,59757,40
13.0303401947,80.2667617798,59757,59797,40
13.0303401947,80.2667617798,59797,59807,10
13.0298995972,80.2666778564,59807,59848,41
13.0298995972,80.2666778564,59848,59858,10
13.0295801163,80.2666320801,59858,59868,10
13.0293598175,80.2665863037,59868,59878,10
13.0291595459,80.2664489746,59878,59888,10
13.0288496017,80.2663574219,59888,59898,10
13.0284795761,80.2662734985,59898,59908,10
13.0279903412,80.2661819458,59908,59918,10
13.0273399353,80.2661209106,59918,59929,11
13.0267696381,80.2660522461,59929,59939,10
13.0264396667,80.2659835815,59939,59949,10
13.0261297226,80.26587677,59949,59959,10
13.0257301331,80.2656021118,59959,59969,10
13.0253095627,80.26537323,59969,59989,20
13.0253095627,80.26537323,59989,59999,10
13.0251302719,80.2652282715,59999,60009,10
13.0248804092,80.2650222778,60009,60019,10
13.0243997574,80.2646484375,60019,60029,10
13.0238103867,80.2643127441,60029,60040,11
13.0232896805,80.2639694214,60040,60050,10
13.0227098465,80.2636566162,60050,60060,10
13.0221300125,80.2634277344,60060,60080,20
13.0221300125,80.2634277344,60080,60090,10
13.0219202042,80.2632980347,60090,60100,10
13.0215301514,80.263130188,60100,60110,10
13.0207395554,80.2630386353,60110,60120,10
13.0201501846,80.2630310059,60120,60130,10
13.0194997787,80.2629623413,60130,60140,10
13.0190000534,80.2628936768,60140,60151,11
13.0188999176,80.2623825073,60151,60161,10
13.0188398361,80.2617874146,60161,60171,10
13.0187101364,80.2613830566,60171,60181,10
13.0183095932,80.2610778809,60181,60191,10
13.0178003311,80.2607421875,60191,60201,10
13.0172395706,80.2603607178,60201,60211,10
13.0165596008,80.2599182129,60211,60221,10
13.0161504745,80.2597198486,60221,60231,10
13.0161399841,80.2597198486,60231,60241,10
13.0160198212,80.2596817017,60241,60251,10
13.0155200958,80.2594833374,60251,60262,11
13.0147104263,80.2593383789,60262,60272,10
13.0138902664,80.2593231201,60272,60282,10
13.0129899979,80.2592926025,60282,60292,10
13.0120296478,80.2592468262,60292,60302,10
13.0111198425,80.2592163086,60302,60312,10
13.0102901459,80.2592773438,60312,60322,10
13.00963974,80.2592773438,60322,60342,20
13.00963974,80.2592773438,60342,60352,10
13.0093803406,80.2592315674,60352,60362,10
13.0089101791,80.2591934204,60362,60373,11
13.0086202621,80.2591934204,60373,60383,10
13.0081396103,80.2592010498,60383,60393,10
13.0076799393,80.2593231201,60393,60403,10
13.0072402954,80.2587890625,60403,60423,20
13.0072402954,80.2587890625,60423,60433,10
13.0070896149,80.2584381104,60433,60443,10
13.0066003799,80.2577209473,60443,60542,99
13.0066003799,80.2577209473,60542,60552,10
13.0065603256,80.2577209473,60552,60572,20
13.0065603256,80.2577209473,60572,60582,10
13.0065402985,80.2574996948,60582,60593,11
13.0065202713,80.2570495605,60593,60601,8
13.0065603256,80.2566070557,60601,60614,13
13.0065498352,80.2557067871,60614,60624,10
13.0065803528,80.2550201416,60624,60634,10
13.0065402985,80.2542037964,60634,60644,10
13.0065002441,80.2531585693,60644,60664,20
13.0065002441,80.2531585693,60664,60674,10
13.0065002441,80.2527999878,60674,60684,10
13.0065898895,80.251953125,60684,60720,36
13.0067396164,80.2517700195,60720,60780,60
13.0067396164,80.2517700195,60780,60790,10
13.0068101883,80.2515411377,60790,60800,10
13.0068101883,80.2510070801,60800,60810,10
13.0067796707,80.2502822876,60810,60821,11
13.0067596436,80.2498397827,60821,60921,100
13.0067596436,80.2498397827,60921,60932,11
13.006770134,80.24949646,60932,60942,10
13.0067501068,80.2490921021,60942,60952,10
13.0067195892,80.2487411499,60952,60962,10
13.006649971,80.248336792,60962,61113,151
13.006649971,80.248336792,61113,61123,10
13.0066003799,80.2480163574,61123,61133,10
13.0066099167,80.2476501465,61133,61144,11
13.0066404343,80.2471389771,61144,61154,10
13.0066099167,80.2468032837,61154,61184,30
13.0066099167,80.2468032837,61184,61194,10
13.0065498352,80.2464904785,61194,61244,50
13.0065498352,80.2464904785,61244,61254,10
13.0066099167,80.2461013794,61254,61265,11
13.0066099167,80.2458877563,61265,61295,30
13.0066099167,80.2458877563,61295,61305,10
13.0066099167,80.2456283569,61305,61315,10
13.0066204071,80.2454376221,61315,61325,10
13.0066204071,80.2452392578,61325,61335,10
13.0066204071,80.2449264526,61335,61345,10
13.0066299438,80.2446365356,61345,61355,10
13.0066299438,80.2443618774,61355,61365,10
13.0066299438,80.2440338135,61365,61376,11
13.0066099167,80.2437820435,61376,61386,10
13.0066099167,80.243309021,61386,61396,10
13.0065698624,80.2425994873,61396,61406,10
13.0065498352,80.2419967651,61406,61416,10
13.0065498352,80.2416610718,61416,61456,40
13.0065498352,80.2416610718,61456,61466,10
13.0065898895,80.2412719727,61466,61476,10
13.0066404343,80.2408905029,61476,61487,11
13.0067796707,80.2404708862,61487,61496,9
13.0068902969,80.2398986816,61496,61507,11
13.0070800781,80.2389068604,61507,61517,10
13.0072002411,80.2380371094,61517,61527,10
13.007349968,80.2373275757,61527,61537,10
13.007399559,80.2367782593,61537,61547,10
13.0074300766,80.2366867065,61547,61557,10
13.0074701309,80.2366027832,61557,61567,10
13.0075902939,80.2361602783,61567,61577,10
13.0077104568,80.235458374,61577,61587,10
13.0078401566,80.2347412109,61587,61598,11
13.0080299377,80.2338409424,61598,61608,10
13.0081996918,80.2329406738,61608,61618,10
13.0083799362,80.2320022583,61618,61628,10
13.0085697174,80.2310180664,61628,61638,10
13.008769989,80.2300567627,61638,61648,10
13.0089902878,80.2290420532,61648,61658,10
13.0092601776,80.2279968262,61658,61668,10
13.009759903,80.2269210815,61668,61678,10
13.0101995468,80.225982666,61678,61688,10
13.0105895996,80.2252197266,61688,61698,10
13.0108699799,80.2245178223,61698,61709,11
13.0111398697,80.2238922119,61709,61719,10
13.0112400055,80.2236633301,61719,61729,10
13.0114402771,80.2232437134,61729,61739,10
13.0116596222,80.2226715088,61739,61749,10
13.0118904114,80.2221221924,61749,61758,9
13.0121898651,80.2217025757,61758,61769,11
13.0123901367,80.2217712402,61769,61779,10
13.0126199722,80.222038269,61779,61789,10
13.0128202438,80.2222595215,61789,61799,10
13.0130796432,80.2225418091,61799,61809,10
13.0133800507,80.2228088379,61809,61820,11
13.0136804581,80.2231521606,61820,61830,10
13.0141096115,80.2236709595,61830,61840,10
13.0145797729,80.2241592407,61840,61850,10
13.0151796341,80.224822998,61850,61860,10
13.0155696869,80.2250595093,61860,61879,19
13.0155696869,80.2250595093,61879,61890,11
13.01583004,80.2253112793,61890,61900,10
13.0165395737,80.2253799438,61900,61910,10
13.0174198151,80.2250518799,61910,61921,11
13.0185203552,80.2245788574,61921,61931,10
13.0193300247,80.2243804932,61931,61941,10
13.0195999146,80.2244796753,61941,61951,10
13.0199203491,80.2246627808,61951,61961,10
13.0203104019,80.2249603271,61961,61971,10
13.0206604004,80.225227356,61971,61981,10
13.0211200714,80.2255630493,61981,61991,10
13.0216703415,80.2259597778,61991,62001,10
13.02202034,80.2261886597,62001,62021,20
13.02202034,80.2261886597,62021,62031,10
13.0221796036,80.2263412476,62031,62042,11
13.0225000381,80.2266387939,62042,62052,10
13.0230197906,80.227142334,62052,62062,10
13.0235395432,80.2276382446,62062,62072,10
13.024020195,80.2281036377,62072,62082,10
13.0244703293,80.2286224365,62082,62092,10
13.0248603821,80.2291793823,62092,62102,10
13.0253896713,80.2298812866,62102,62112,10
13.0257997513,80.2304382324,62112,62142,30
13.0257997513,80.2304382324,62142,62153,11
13.0258398056,80.2306137085,62153,62163,10
13.0259504318,80.2308807373,62163,62173,10
13.0260095596,80.2310333252,62173,62189,16
13.0260000229,80.231262207,62189,62201,12
13.0261802673,80.2313995361,62201,62209,8
13.0265197754,80.2312698364,62209,62221,12
13.0273599625,80.2310714722,62221,62230,9
13.0279302597,80.2309494019,62230,62241,11
13.0284099579,80.2308197021,62241,62251,10
13.0284500122,80.2308273315,62251,62262,11
13.0287399292,80.2308578491,62262,62272,10
13.0290803909,80.2308425903,62272,62292,20
13.0290803909,80.2308425903,62292,62301,9
13.0293102264,80.2308731079,62301,62312,11
13.0296497345,80.2308120728,62312,62322,10
13.0300302505,80.2307510376,62322,62331,9
13.0303096771,80.2307434082,62331,62341,10
13.0306997299,80.2306976318,62341,62352,11
13.0311803818,80.2306213379,62352,62362,10
13.0317897797,80.2305984497,62362,62373,11
13.0323200226,80.2305221558,62373,62383,10
13.0328702927,80.2304992676,62383,62393,10
13.0333595276,80.23046875,62393,62403,10
13.0336399078,80.2304077148,62403,62413,10
13.0337896347,80.230430603,62413,62423,10
13.0340003967,80.2304000854,62423,62433,10
13.0342197418,80.2304077148,62433,62443,10
13.0343904495,80.2304000854,62443,62453,10
13.0347099304,80.2303009033,62453,62494,41
13.0349998474,80.2300872803,62494,62675,181
13.0349998474,80.229927063,62675,62706,31
13.0349998474,80.229927063,62706,62716,10
13.0349998474,80.2297592163,62716,62726,10
13.0347700119,80.2297363281,62726,62736,10
13.0345201492,80.2297363281,62736,62847,111
13.0345201492,80.2297363281,62847,62857,10
13.0341997147,80.2299194336,62857,63059,202
13.0342102051,80.23021698,63059,63139,80
13.0342102051,80.23021698,63139,63150,11
13.0338497162,80.2304382324,63150,63160,10
13.0334796906,80.2304611206,63160,63170,10
13.0333003998,80.2304763794,63170,63179,9
13.0328798294,80.2304992676,63179,63190,11
13.0324897766,80.2305374146,63190,63200,10
13.031920433,80.2306213379,63200,63210,10
13.0312595367,80.2306671143,63210,63220,10
13.0307703018,80.23072052,63220,63230,10
13.0303497314,80.230758667,63230,63240,10
13.02987957,80.230796814,63240,63250,10
13.0297603607,80.2308273315,63250,63261,11
13.0297002792,80.2308578491,63261,63271,10
13.0293598175,80.2308807373,63271,63281,10
13.0288696289,80.2309188843,63281,63291,10
13.0281801224,80.2309188843,63291,63301,10
13.0277204514,80.231010437,63301,63311,10
13.0277099609,80.2315979004,63311,63321,10
13.027759552,80.2321777344,63321,63331,10
13.0278396606,80.2326278687,63331,63341,10
13.0270395279,80.232963562,63341,63392,51
13.0270395279,80.232963562,63392,63402,10
13.0267896652,80.2330474854,63402,63412,10
13.02643013,80.233039856,63412,63422,10
13.0262498856,80.2325668335,63422,63432,10
13.0261497498,80.232170105,63432,63442,10
13.0261297226,80.2319412231,63442,63452,10
13.02602005,80.2316207886,63452,63462,10
13.0259399414,80.2312164307,63462,63472,10
13.0257101059,80.2305679321,63472,63483,11
13.0251502991,80.2297821045,63483,63543,60
13.0251502991,80.2297821045,63543,63553,10
13.0250396729,80.2295379639,63553,63563,10
13.024720192,80.2291564941,63563,63573,10
13.0244197845,80.2287521362,63573,63583,10
13.0240001678,80.2282791138,63583,63604,21
13.0240001678,80.2282791138,63604,63614,10
13.0238704681,80.2280731201,63614,63624,10
13.0236597061,80.2278366089,63624,63634,10
13.0233097076,80.2275085449,63634,63644,10
13.0230102539,80.227180481,63644,63654,10
13.022480011,80.2266998291,63654,63664,10
13.0217695236,80.2260971069,63664,63674,10
13.0211496353,80.2256393433,63674,63690,16
13.0203199387,80.2250823975,63690,63703,13
13.0200595856,80.2249221802,63703,63713,10
13.0198402405,80.2247695923,63713,63723,10
13.0195198059,80.2245788574,63723,63732,9
13.0189599991,80.2245101929,63732,63743,11
13.0179796219,80.2248687744,63743,63753,10
13.0170602798,80.2252578735,63753,63763,10
13.0163402557,80.2255401611,63763,63773,10
13.0157403946,80.2257385254,63773,63784,11
13.0149898529,80.2260513306,63784,63794,10
13.0144195557,80.2262878418,63794,63804,10
13.0139198303,80.2265396118,63804,63825,21
13.0139198303,80.2265396118,63825,63835,10
13.0137796402,80.2266235352,63835,63845,10
13.0133800507,80.2266921997,63845,63854,9
13.0128498077,80.2268981934,63854,63865,11
13.012169838,80.2271728516,63865,63875,10
13.0114002228,80.2274780273,63875,63885,10
13.0106601715,80.2277679443,63885,63895,10
13.0098600388,80.2280883789,63895,63905,10
13.0092496872,80.2284164429,63905,63916,11
13.0090703964,80.2290267944,63916,63926,10
13.0089197159,80.2297821045,63926,63936,10
13.0087604523,80.2305297852,63936,63946,10
13.0085802078,80.231338501,63946,63956,10
13.0084199905,80.2322921753,63956,63966,10
13.0082302094,80.2335891724,63966,63986,20
13.0082302094,80.2335891724,63986,63996,10
13.0081501007,80.2338104248,63996,64006,10
13.0080604553,80.2343063354,64006,64016,10
13.0078802109,80.2351074219,64016,64027,11
13.0076999664,80.2360534668,64027,64037,10
13.0075101852,80.2370071411,64037,64047,10
13.0073204041,80.2379608154,64047,64057,10
13.0072002411,80.2385635376,64057,64067,10
13.0070495605,80.2393035889,64067,64076,9
13.0069198608,80.2400817871,64076,64198,122
13.0069198608,80.2400817871,64198,64208,10
13.0069198608,80.2406616211,64208,64249,41
13.0069198608,80.2406616211,64249,64259,10
13.0067996979,80.2409362793,64259,64269,10
13.0067100525,80.2414627075,64269,64279,10
13.0067195892,80.2421722412,64279,64289,10
13.0067100525,80.2429428101,64289,64299,10
13.0066900253,80.2435302734,64299,64309,10
13.0066795349,80.2441482544,64309,64319,10
13.0067195892,80.244682312,64319,64329,10
13.0067396164,80.2449264526,64329,64339,10
13.0067501068,80.2452697754,64339,64349,10
13.006770134,80.2456970215,64349,64360,11
13.0067901611,80.2463607788,64360,64370,10
13.0067996979,80.2469787598,64370,64380,10
13.0067901611,80.2475128174,64380,64390,10
13.006770134,80.2481384277,64390,64400,10
13.0068798065,80.2495803833,64400,64438,38
13.0068798065,80.2495803833,64438,64448,10
13.0068702698,80.2497787476,64448,64458,10
13.0068101883,80.2502288818,64458,64468,10
13.0067796707,80.250793457,64468,64479,11
13.0068101883,80.2512588501,64479,64509,30
13.0068101883,80.2512588501,64509,64519,10
13.0068597794,80.2515029907,64519,64529,10
13.0068302155,80.2516098022,64529,64539,10
13.0067596436,80.2518692017,64539,64549,10
13.006649971,80.2523727417,64549,64559,10
13.0066204071,80.2530212402,64559,64569,10
13.0066003799,80.2538375854,64569,64580,11
13.0066003799,80.2547836304,64580,64590,10
13.0066003799,80.2556228638,64590,64600,10
13.0065803528,80.2564926147,64600,64610,10
13.0066099167,80.2571563721,64610,64620,10
13.0068902969,80.2579727173,64620,64630,10
13.0071601868,80.2583999634,64630,64640,10
13.0076999664,80.2587280273,64640,64650,10
13.0077400208,80.2587509155,64650,64660,10
13.0078601837,80.2587966919,64660,64670,10
13.0083198547,80.2589874268,64670,64680,10
13.008890152,80.2591400146,64680,64691,11
13.0095996857,80.2591400146,64691,64701,10
13.0104198456,80.259147644,64701,64711,10
13.0113897324,80.2591400146,64711,64721,10
13.0124397278,80.2591400146,64721,64731,10
13.0135002136,80.2591781616,64731,64741,10
13.0145998001,80.2592086792,64741,64751,10
13.0155801773,80.2593002319,64751,64761,10
13.0163202286,80.2596206665,64761,64791,30
13.0163202286,80.2596206665,64791,64802,11
13.0165300369,80.2598419189,64802,64812,10
13.0167598724,80.260017395,64812,64822,10
13.0171403885,80.2602615356,64822,64832,10
13.0176200867,80.2605895996,64832,64842,10
13.018239975,80.2610168457,64842,64852,10
13.0188598633,80.2614593506,64852,64862,10
13.0193099976,80.2618484497,64862,64872,10
13.0197296143,80.2623214722,64872,64882,10
13.0201702118,80.2626800537,64882,64902,20
13.0201702118,80.2626800537,64902,64913,11
13.0205402374,80.2628631592,64913,64923,10
13.0211601257,80.2630386353,64923,64933,10
13.0218696594,80.2633209229,64933,64943,10
13.0223503113,80.2635803223,64943,64963,20
13.0223503113,80.2635803223,64963,64973,10
13.0225601196,80.2636566162,64973,64983,10
13.0230503082,80.2639389038,64983,65003,20
13.0230503082,80.2639389038,65003,65013,10
13.0231599808,80.2640533447,65013,65024,11
13.0235395432,80.2642364502,65024,65034,10
13.0240297318,80.2645111084,65034,65044,10
13.0244998932,80.264831543,65044,65054,10
13.0246696472,80.2649536133,65054,65064,10
13.0249900818,80.2651901245,65064,65073,9
13.025270462,80.265411377,65073,65084,11
13.0257396698,80.2657165527,65084,65094,10
13.0262403488,80.2659378052,65094,65104,10
13.0263395309,80.2657394409,65104,65114,10
13.0264101028,80.2653198242,65114,65124,10
13.026550293,80.2640686035,65124,65145,21
13.026550293,80.2640686035,65145,65155,10
13.0265798569,80.2638626099,65155,65165,10
13.0266304016,80.2635574341,65165,65175,10
13.0268602371,80.2635192871,65175,65185,10
13.0273799896,80.2636108398,65185,65195,10
13.0283203125,80.2638397217,65195,65215,20
13.0283203125,80.2638397217,65215,65225,10
13.028459549,80.2638626099,65225,65235,10
13.0288200378,80.2639694214,65235,65246,11
13.0293197632,80.2641983032,65246,65266,20
13.0293197632,80.2641983032,65266,65276,10
13.0293703079,80.2643890381,65276,65286,10
13.0293703079,80.2644119263,65286,65296,10
13.0293502808,80.2647399902,65296,65306,10
13.0293102264,80.2651596069,65306,65316,10
13.0293197632,80.2656402588,65316,65326,10
13.0292797089,80.2660064697,65326,65336,10
13.0292596817,80.2661437988,65336,65346,10
13.0291996002,80.2664031982,65346,65357,11
13.0292100906,80.2665100098,65357,65367,10
13.0295495987,80.2666397095,65367,65377,10
13.0298995972,80.2667007446,65377,65387,10
13.0304098129,80.2667694092,65387,65397,10
13.0310497284,80.2668991089,65397,65407,10
13.0315198898,80.2670516968,65407,65417,10
13.0319700241,80.267250061,65417,65426,9
13.0322904587,80.2674179077,65426,65436,10
13.0326700211,80.2676467896,65436,65447,11
13.0334196091,80.2678527832,65447,65498,51
13.0334196091,80.2678527832,65498,65508,10
13.0335798264,80.2678985596,65508,65518,10
13.0338897705,80.2679672241,65518,65528,10
13.0344495773,80.2680511475,65528,65558,30
13.0344495773,80.2680511475,65558,65569,11
13.0345201492,80.2682418823,65569,65579,10
13.0344600677,80.2682037354,65579,65589,10
13.0341796875,80.2680511475,65589,65599,10
13.0338401794,80.2679672241,65599,65609,10
13.0335502625,80.2678909302,65609,65649,40
13.0332298279,80.267791748,65649,65700,51
13.0332298279,80.267791748,65700,65710,10
13.0328702927,80.2677612305,65710,65720,10
13.0326900482,80.2676773071,65720,65730,10
13.0325803757,80.2676010132,65730,65740,10
13.0322599411,80.2674102783,65740,65750,10
13.0319795609,80.267250061,65750,65760,10
13.0316200256,80.2670974731,65760,65770,10
13.0311803818,80.2669906616,65770,65780,10
13.0305204391,80.2668075562,65780,65790,10
13.0299596786,80.266708374,65790,65802,12
13.0298900604,80.266708374,65802,65811,9
13.0293998718,80.2666168213,65811,65832,21
13.0293998718,80.2666168213,65832,65842,10
13.0291595459,80.2665176392,65842,65852,10
13.0288295746,80.266418457,65852,65862,10
13.0284700394,80.2663421631,65862,65872,10
13.0282001495,80.2662734985,65872,65881,9
13.027879715,80.2661972046,65881,65891,10
13.0274496078,80.2661437988,65891,65903,12
13.0266704559,80.2660369873,65903,65912,9
13.0264596939,80.2659988403,65912,65923,11
13.0261802673,80.2658996582,65923,65933,10
13.0258302689,80.2657165527,65933,65943,10
13.0253295898,80.2654037476,65943,65973,30
13.0253295898,80.2654037476,65973,65983,10
13.0250301361,80.2651824951,65983,65993,10
13.0247097015,80.2649993896,65993,66003,10
13.0242004395,80.2645797729,66003,66013,10
13.0237598419,80.2643203735,66013,66024,11
13.0231800079,80.2639083862,66024,66034,10
13.0226202011,80.2636566162,66034,66044,10
13.0222101212,80.2635192871,66044,66074,30
13.0222101212,80.2635192871,66074,66084,10
13.0217599869,80.2632980347,66084,66094,10
13.0211400986,80.2630767822,66094,66104,10
13.0204401016,80.2630386353,66104,66114,10
13.0200004578,80.2630081177,66114,66125,11
13.0193395615,80.2629470825,66125,66135,10
13.0189599991,80.2627792358,66135,66145,10
13.0188703537,80.2621612549,66145,66155,10
13.0188102722,80.261756897,66155,66165,10
13.0187196732,80.2614212036,66165,66185,20
13.0187196732,80.2614212036,66185,66195,10
13.018529892,80.2612380981,66195,66205,10
13.0183801651,80.261138916,66205,66215,10
13.0181303024,80.2610168457,66215,66225,10
13.0177402496,80.2607269287,66225,66236,11
13.0172100067,80.2603607178,66236,66246,10
13.0166702271,80.2600021362,66246,66256,10
13.0160398483,80.2596817017,66256,66276,20
13.0160398483,80.2596817017,66276,66286,10
13.0158100128,80.2595596313,66286,66296,10
13.0153198242,80.2593917847,66296,66306,10
13.0147104263,80.2593078613,66306,66316,10
13.0139503479,80.2593002319,66316,66326,10
13.0130901337,80.259262085,66326,66337,11
13.0121097565,80.2592391968,66337,66347,10
13.0113601685,80.2592086792,66347,66357,10
13.0106201172,80.2592391968,66357,66367,10
13.0099802017,80.259262085,66367,66377,10
13.0097799301,80.2592697144,66377,66387,10
13.0095901489,80.259262085,66387,66397,10
13.0092601776,80.2592468262,66397,66407,10
13.0088796616,80.2592391968,66407,66417,10
13.0087604523,80.2592163086,66417,66427,10
13.0083799362,80.2592163086,66427,66437,10
13.0080299377,80.2592391968,66437,66447,10
13.0075798035,80.2593917847,66447,66458,11
13.0072698593,80.2589263916,66458,66468,10
13.0072002411,80.2587890625,66468,66478,10
13.0071697235,80.2586669922,66478,66488,10
13.0069704056,80.2583236694,66488,66498,10
13.0066299438,80.2576599121,66498,66577,79
13.0066299438,80.2576599121,66577,66587,10
13.0064401627,80.2574691772,66587,66597,10
13.0064296722,80.2571868896,66597,66607,10
13.0064401627,80.2569580078,66607,66616,9
13.0064697266,80.256401062,66616,66627,11
13.0064897537,80.2556610107,66627,66637,10
13.0065498352,80.2551879883,66637,66678,41
13.0065498352,80.2551879883,66678,66688,10
13.0065498352,80.2548370361,66688,66698,10
13.0065402985,80.2546691895,66698,66748,50
13.0065097809,80.2543029785,66748,66799,51
13.0065097809,80.2543029785,66799,66809,10
13.006529808,80.2540664673,66809,66819,10
13.0065402985,80.2538604736,66819,66829,10
13.006529808,80.2536621094,66829,66839,10
13.0065402985,80.2532577515,66839,66940,101
13.0065402985,80.2532577515,66940,66950,10
13.006529808,80.2527084351,66950,66960,10
13.0066099167,80.2520980835,66960,67051,91
13.0066099167,80.2520980835,67051,67061,10
13.0066099167,80.2519073486,67061,67071,10
13.0066995621,80.2514266968,67071,67081,10
13.0067396164,80.2505264282,67081,67132,51
13.006819725,80.2502593994,67132,67202,70
13.006819725,80.2502593994,67202,67212,10
13.0068101883,80.2498779297,67212,67223,11
13.0067796707,80.2493667603,67223,67313,90
13.0067796707,80.2493667603,67313,67324,11
13.0066995621,80.2490997314,67324,67334,10
13.0066995621,80.2488632202,67334,67344,10
13.0066795349,80.2486114502,67344,67354,10
13.0066604614,80.248260498,67354,67364,10
13.006649971,80.2479629517,67364,67475,111
13.006649971,80.2479629517,67475,67485,10
13.0065803528,80.2477874756,67485,67495,10
13.0066003799,80.2473297119,67495,67505,10
13.0066003799,80.2468338013,67505,67515,10
13.0065498352,80.2465591431,67515,67576,61
13.0066003799,80.2461929321,67576,67656,80
13.0065803528,80.2457885742,67656,67687,31
13.0065603256,80.2456130981,67687,67707,20
13.0065603256,80.2456130981,67707,67717,10
13.0066003799,80.2453231812,67717,67727,10
13.0066204071,80.2451782227,67727,67737,10
13.0066099167,80.2449798584,67737,67747,10
13.0066003799,80.2448425293,67747,67757,10
13.0066003799,80.2447814941,67757,67768,11
13.0066099167,80.2444915771,67768,67778,10
13.0066204071,80.2442932129,67778,67788,10
13.0066099167,80.2441101074,67788,67798,10
13.0066099167,80.2438583374,67798,67808,10
13.0066003799,80.2436599731,67808,67818,10
13.0066003799,80.2434234619,67818,67828,10
13.0065603256,80.2429962158,67828,67838,10
13.0065402985,80.2422790527,67838,67848,10
13.0065498352,80.2417602539,67848,67858,10
13.0065898895,80.2410964966,67858,67889,31
13.0065898895,80.2410964966,67889,67899,10
13.0066604614,80.2407073975,67899,67929,30
13.0066604614,80.2407073975,67929,67939,10
13.0066795349,80.2405014038,67939,67949,10
13.0067596436,80.2401428223,67949,67959,10
13.0068798065,80.2394790649,67959,67969,10
13.0070800781,80.2385864258,67969,67979,10
13.007229805,80.2378921509,67979,67990,11
13.0073699951,80.2370223999,67990,68010,20
13.0073699951,80.2370223999,68010,68020,10
13.007399559,80.236869812,68020,68040,20
13.007399559,80.236869812,68040,68050,10
13.0074501038,80.2367095947,68050,68060,10
13.0074596405,80.2366333008,68060,68070,10
13.0075101852,80.2365188599,68070,68080,10
13.0075998306,80.2360229492,68080,68091,11
13.0077695847,80.2351989746,68091,68101,10
13.0079402924,80.2343215942,68101,68111,10
13.0081501007,80.2333984375,68111,68121,10
13.0084104538,80.2321090698,68121,68131,10
13.0086402893,80.2309494019,68131,68141,10
13.0088500977,80.2298812866,68141,68151,10
13.009059906,80.2288818359,68151,68161,10
13.0093603134,80.2278594971,68161,68171,10
13.0097999573,80.2268676758,68171,68181,10
13.0101699829,80.22605896,68181,68191,10
13.0104398727,80.225440979,68191,68201,10
13.0106801987,80.224861145,68201,68232,31
13.0106801987,80.224861145,68232,68242,10
13.0108203888,80.2245178223,68242,68252,10
13.0109395981,80.2242126465,68252,68262,10
13.0110797882,80.2238998413,68262,68272,10
13.0112400055,80.2235488892,68272,68282,10
13.0114097595,80.2231063843,68282,68292,10
13.0116195679,80.2225570679,68292,68302,10
13.0118598938,80.2219619751,68302,68311,9
13.0121002197,80.221572876,68311,68323,12
13.0124797821,80.2218322754,68323,68333,10
13.0129003525,80.2223815918,68333,68343,10
13.0133895874,80.2228622437,68343,68353,10
13.0138998032,80.2234191895,68353,68363,10
13.0142803192,80.2239227295,68363,68373,10
13.0147695541,80.2244415283,68373,68383,10
13.0151901245,80.2248916626,68383,68393,10
13.0157804489,80.2253112793,68393,68413,20
13.0157804489,80.2253112793,68413,68423,10
13.0159797668,80.2253494263,68423,68434,11
13.0166196823,80.2253417969,68434,68444,10
13.0173902512,80.2250366211,68444,68454,10
13.0182104111,80.2247161865,68454,68464,10
13.0192804337,80.2243804932,68464,68514,50
13.0192804337,80.2243804932,68514,68524,10
13.0197200775,80.2246170044,68524,68534,10
13.0199699402,80.2248382568,68534,68545,11
13.020359993,80.2251205444,68545,68555,10
13.0207099915,80.2253723145,68555,68565,10
13.0210599899,80.2256088257,68565,68575,10
13.0213804245,80.2258911133,68575,68585,10
13.0217599869,80.2261199951,68585,68625,40
13.0217599869,80.2261199951,68625,68635,10
13.0221395493,80.2264328003,68635,68645,10
13.022359848,80.2266235352,68645,68656,11
13.0228099823,80.2269973755,68656,68666,10
13.0233097076,80.2274703979,68666,68676,10
13.0237598419,80.2278671265,68676,68685,9
13.0241003036,80.2282028198,68685,68696,11
13.0243701935,80.2285614014,68696,68706,10
13.024600029,80.2289123535,68706,68716,10
13.0248699188,80.2292861938,68716,68726,10
13.0252399445,80.2297821045,68726,68736,10
13.0257196426,80.2304229736,68736,68757,21
13.0257196426,80.2304229736,68757,68767,10
13.0257997513,80.2306137085,68767,68777,10
13.0259304047,80.2308883667,68777,68787,10
13.0260095596,80.2313232422,68787,68797,10
13.0262899399,80.2314376831,68797,68807,10
13.0269603729,80.2312393188,68807,68817,10
13.0278596878,80.2310409546,68817,68847,30
13.0282297134,80.23097229,68847,68867,20
13.0282297134,80.23097229,68867,68878,11
13.0284404755,80.23097229,68878,68888,10
13.028719902,80.2309494019,68888,68898,10
13.0289697647,80.2309265137,68898,68908,10
13.0292301178,80.2309188843,68908,68918,10
13.0295000076,80.2309036255,68918,68928,10
13.0298299789,80.2308807373,68928,68938,10
13.0302095413,80.2308425903,68938,68948,10
13.030579567,80.2308120728,68948,68958,10
13.0307502747,80.230796814,68958,68968,10
13.0311002731,80.2307662964,68968,68978,10
13.0316095352,80.2307434082,68978,68988,10
13.0319900513,80.2307128906,68988,68999,11
13.0321702957,80.2307128906,68999,69100,101
13.0321702957,80.2307128906,69100,69110,10
13.0327596664,80.2306289673,69110,69130,20
13.0327596664,80.2306289673,69130,69140,10
13.0331096649,80.2306213379,69140,69150,10
13.0334701538,80.2305984497,69150,69271,121
13.0334701538,80.2305984497,69271,69281,10
13.033780098,80.2305603027,69281,69302,21
13.0341396332,80.2305374146,69302,69352,50
13.0341396332,80.2305374146,69352,69362,10
13.0343599319,80.2304916382,69362,69433,71
13.0343599319,80.2304916382,69433,69443,10
13.0348701477,80.2303237915,69443,69463,20
13.0348701477,80.2303237915,69463,69473,10
13.0348596573,80.2300796509,69473,70038,565
13.0344495773,80.2300796509,70038,70401,363
13.0344495773,80.2300796509,70401,70412,11
13.0341300964,80.2302398682,70412,70422,10
13.034119606,80.2303466797,70422,70432,10
13.034070015,80.2304763794,70432,70442,10
13.033829689,80.230506897,70442,70452,10
13.0334701538,80.2305908203,70452,70462,10
13.0330095291,80.2306137085,70462,70472,10
13.0326004028,80.2306213379,70472,70482,10
13.0320901871,80.2306900024,70482,70492,10
13.0315799713,80.23072052,70492,70502,10
13.0310497284,80.2307662964,70502,70512,10
13.0309400558,80.2307815552,70512,70523,11
13.0306196213,80.230796814,70523,70532,9
13.0301599503,80.2308425903,70532,70543,11
13.0298204422,80.2308807373,70543,70553,10
13.0297803879,80.2308883667,70553,70563,10
13.0293703079,80.2309494019,70563,70573,10
13.0287103653,80.231010437,70573,70583,10
13.0281200409,80.2310409546,70583,70593,10
13.0276403427,80.2311401367,70593,70603,10
13.0276603699,80.2315979004,70603,70613,10
13.0277099609,80.2320327759,70613,70623,10
13.0277996063,80.2325592041,70623,70634,11
13.0276899338,80.2328720093,70634,70644,10
13.0271701813,80.2329788208,70644,70694,50
13.0271701813,80.2329788208,70694,70704,10
13.0269298553,80.233001709,70704,70714,10
13.0267496109,80.233039856,70714,70724,10
13.0265197754,80.2331008911,70724,70735,11
13.0263595581,80.2329788208,70735,70745,10
13.0262403488,80.2326431274,70745,70755,10
13.0261602402,80.2323608398,70755,70765,10
13.0260896683,80.2320327759,70765,70775,10
13.0259799957,80.2316818237,70775,70785,10
13.0258998871,80.2313537598,70785,70795,10
13.0256900787,80.23072052,70795,70805,10
13.0251302719,80.2298431396,70805,70825,20
13.0251302719,80.2298431396,70825,70836,11
13.0249996185,80.229637146,70836,70846,10
13.0248098373,80.2294235229,70846,70856,10
13.0246601105,80.2292327881,70856,70866,10
13.0244998932,80.2289962769,70866,70876,10
13.0242700577,80.2286834717,70876,70886,10
13.0239896774,80.2283782959,70886,70906,20
13.0239896774,80.2283782959,70906,70916,10
13.0238399506,80.2281570435,70916,70926,10
13.0237798691,80.2280807495,70926,70936,10
13.0235004425,80.2278213501,70936,70946,10
13.023229599,80.2275695801,70946,70956,10
13.022939682,80.2273178101,70956,70967,11
13.022600174,80.2269363403,70967,70977,10
13.0223703384,80.2266921997,70977,70987,10
13.0218400955,80.2262268066,70987,70997,10
13.021320343,80.2258529663,70997,71007,10
13.0207796097,80.2254333496,71007,71017,10
13.0203104019,80.2251205444,71017,71027,10
13.019780159,80.2247695923,71027,71037,10
13.0191297531,80.2245330811,71037,71047,10
13.0184497833,80.2247009277,71047,71058,11
13.0176296234,80.2250289917,71058,71068,10
13.016869545,80.2253265381,71068,71078,10
13.0163898468,80.2255096436,71078,71088,10
13.0159397125,80.2256774902,71088,71098,10
13.0152997971,80.2258987427,71098,71108,10
13.0146303177,80.2261428833,71108,71118,10
13.0143299103,80.2262573242,71118,71128,10
13.0140104294,80.2264175415,71128,71148,20
13.0140104294,80.2264175415,71148,71158,10
13.0137901306,80.2265014648,71158,71168,10
13.0131998062,80.2267303467,71168,71179,11
13.012339592,80.2270736694,71179,71189,10
13.0114803314,80.2274017334,71189,71199,10
13.0105695724,80.2277526855,71199,71209,10
13.0096101761,80.2281417847,71209,71219,10
13.0090799332,80.2286529541,71219,71229,10
13.0089197159,80.2295074463,71229,71239,10
13.0087404251,80.2304534912,71239,71249,10
13.0085897446,80.2313079834,71249,71259,10
13.0083703995,80.2324676514,71259,71269,10
13.0082302094,80.2333602905,71269,71279,10
13.0082101822,80.2335662842,71279,71290,11
13.008099556,80.2338867188,71290,71300,10
13.0079898834,80.2344589233,71300,71310,10
13.0078496933,80.2351303101,71310,71320,10
13.0077800751,80.2355117798,71320,71330,10
13.0077199936,80.2358093262,71330,71340,10
13.0076599121,80.2361068726,71340,71350,10
13.0076599121,80.2361526489,71350,71360,10
13.0075702667,80.2365570068,71360,71370,10
13.0074701309,80.2370681763,71370,71431,61
13.0074701309,80.2370681763,71431,71441,10
13.0073604584,80.2374191284,71441,71451,10
13.0073003769,80.2377090454,71451,71461,10
13.0072603226,80.2380065918,71461,71572,111
13.0072603226,80.2380065918,71572,71582,10
13.0071496964,80.2384033203,71582,71592,10
13.0071001053,80.238822937,71592,71602,10
13.0070199966,80.2394104004,71602,71613,11
13.0068397522,80.2400588989,71613,71764,151
13.0068397522,80.2400588989,71764,71774,10
13.0068702698,80.2402572632,71774,71784,10
13.0067796707,80.2406005859,71784,71794,10
13.0067300797,80.2409667969,71794,71804,10
13.0066900253,80.2416610718,71804,71814,10
13.0066795349,80.2425537109,71814,71824,10
13.006649971,80.2433166504,71824,71835,11
13.0066299438,80.2441329956,71835,71845,10
13.0066204071,80.244972229,71845,71854,9
13.0066299438,80.2456588745,71854,71865,11
13.0066699982,80.2465362549,71865,71875,10
13.0066795349,80.2472610474,71875,71885,10
13.0066699982,80.248046875,71885,71895,10
13.0066995621,80.248840332,71895,71905,10
13.0068101883,80.24949646,71905,71915,10
13.0068101883,80.2495574951,71915,71925,10
13.0067796707,80.2497711182,71925,71935,10
13.0067300797,80.2502593994,71935,71946,11
13.0066995621,80.250869751,71946,71956,10
13.0066604614,80.2514801025,71956,71966,10
13.0065698624,80.2520370483,71966,71976,10
13.0064897537,80.2527618408,71976,71986,10
13.0064897537,80.2536315918,71986,71996,10
13.0065402985,80.2545776367,71996,72006,10
13.0065603256,80.255317688,72006,72016,10
13.0065698624,80.2560882568,72016,72026,10
13.0065603256,80.2567214966,72026,72036,10
13.0065803528,80.2571411133,72036,72087,51
13.0064601898,80.2572479248,72087,72117,30
13.0064601898,80.2572479248,72117,72127,10
13.0064496994,80.2574234009,72127,72137,10
13.0066995621,80.2578735352,72137,72147,10
13.0071296692,80.2584533691,72147,72157,10
13.0075502396,80.2586669922,72157,72168,11
13.0075798035,80.258682251,72168,72178,10
13.0078601837,80.2588119507,72178,72188,10
13.0083599091,80.2590103149,72188,72198,10
13.0087795258,80.2591323853,72198,72208,10
13.0092897415,80.2591400146,72208,72218,10
13.0099897385,80.259147644,72218,72228,10
13.0107402802,80.259147644,72228,72238,10
13.0115499496,80.2591400146,72238,72248,10
13.0124397278,80.2591705322,72248,72258,10
13.0133600235,80.2592086792,72258,72269,11
13.0147104263,80.2592697144,72269,72279,10
13.0157604218,80.259437561,72279,72289,10
13.0162801743,80.2596817017,72289,72299,10
13.016289711,80.2596893311,72299,72309,10
13.0165100098,80.2598724365,72309,72329,20
13.0165100098,80.2598724365,72329,72339,10
13.0169200897,80.2601776123,72339,72349,10
13.0175104141,80.2605895996,72349,72359,10
13.0181703568,80.2610397339,72359,72369,10
13.0188102722,80.2614898682,72369,72380,11
13.0191202164,80.2617797852,72380,72390,10
13.0195198059,80.2621688843,72390,72400,10
13.0200500488,80.2626266479,72400,72409,9
13.0201597214,80.2627105713,72409,72420,11
13.0202798843,80.262802124,72420,72430,10
13.0207996368,80.2629928589,72430,72440,10
13.0214595795,80.2631912231,72440,72450,10
13.0219202042,80.2633895874,72450,72460,10
13.0221700668,80.2635192871,72460,72470,10
13.0222997665,80.2635803223,72470,72480,10
13.0226402283,80.2637634277,72480,72491,11
13.0229501724,80.263923645,72491,72501,10
13.0231399536,80.2640228271,72501,72511,10
13.0235996246,80.264289856,72511,72521,10
13.0239496231,80.264503479,72521,72531,10
13.0243301392,80.2647476196,72531,72541,10
13.0247802734,80.265083313,72541,72551,10
13.0250701904,80.2652893066,72551,72560,9
13.0254402161,80.2655181885,72560,72570,10
13.0258398056,80.2658004761,72570,72581,11
13.0262699127,80.2658920288,72581,72591,10
13.0263004303,80.2655105591,72591,72602,11
13.0263299942,80.2650985718,72602,72612,10
13.0264196396,80.2644729614,72612,72622,10
13.0264501572,80.2640686035,72622,72632,10
13.0264902115,80.2638702393,72632,72642,10
13.0265398026,80.2635803223,72642,72652,10
13.0267896652,80.2635269165,72652,72662,10
13.0272903442,80.2636032104,72662,72672,10
13.0277004242,80.2637023926,72672,72682,10
13.0282897949,80.2638702393,72682,72692,10
13.0287704468,80.2639770508,72692,72702,10
13.0291595459,80.2640991211,72702,72713,11
13.0292396545,80.2644729614,72713,72723,10
13.0292301178,80.2649917603,72723,72733,10
13.0292396545,80.2654724121,72733,72743,10
13.0292196274,80.2659072876,72743,72753,10
13.0291500092,80.2663269043,72753,72763,10
13.0292196274,80.2665405273,72763,72773,10
13.0294504166,80.2666015625,72773,72783,10
13.029800415,80.2666473389,72783,72793,10
13.0302000046,80.2667236328,72793,72803,10
13.0305995941,80.2668075562,72803,72813,10
13.031080246,80.2669219971,72813,72824,11
13.0314798355,80.2670288086,72824,72834,10
13.0319404602,80.2672576904,72834,72844,10
13.0322399139,80.2674102783,72844,72854,10
13.0326099396,80.2676391602,72854,72864,10
13.0329198837,80.2677536011,72864,72874,10
13.0334196091,80.2678833008,72874,72914,40
13.0334196091,80.2678833008,72914,72924,10
13.0338096619,80.2680130005,72924,72965,41
13.0338096619,80.2680130005,72965,72975,10
13.0340995789,80.268081665,72975,72985,10
13.034119606,80.268081665,72985,72995,10
13.0343599319,80.2680892944,72995,73015,20
13.0343599319,80.2680892944,73015,73025,10
13.0344600677,80.2682723999,73025,73046,21
13.0344600677,80.2682723999,73046,73056,10
13.0343198776,80.2681427002,73056,73066,10
13.0341501236,80.268081665,73066,73076,10
13.0338697433,80.2680282593,73076,73086,10
13.0336503983,80.2679901123,73086,73096,10
13.0334596634,80.2679367065,73096,73167,71
13.0334596634,80.2679367065,73167,73177,10
13.0331802368,80.267791748,73177,73288,111
13.0331802368,80.267791748,73288,73298,10
13.032959938,80.2677764893,73298,73318,20
13.032959938,80.2677764893,73318,73328,10
13.0326099396,80.2676391602,73328,73338,10
13.0324001312,80.2674713135,73338,73347,9
13.0319795609,80.2672576904,73347,73358,11
13.0315504074,80.2670822144,73358,73369,11
13.0309801102,80.2669067383,73369,73378,9
13.0305404663,80.2668533325,73378,73389,11
13.0298204422,80.2667236328,73389,73409,20
13.0298204422,80.2667236328,73409,73419,10
13.0295295715,80.2666702271,73419,73429,10
13.0294904709,80.2666625977,73429,73439,10
13.0291004181,80.2665405273,73439,73449,10
13.0287799835,80.266418457,73449,73459,10
13.0284900665,80.2663421631,73459,73469,10
13.028429985,80.2663269043,73469,73480,11
13.0279197693,80.266242981,73480,73490,10
13.0274400711,80.2661819458,73490,73500,10
13.0270395279,80.2661132813,73500,73510,10
13.0264997482,80.2660675049,73510,73520,10
13.0260000229,80.2658615112,73520,73530,10
13.0253295898,80.2653884888,73530,73550,20
13.0253295898,80.2653884888,73550,73560,10
13.0250196457,80.2651824951,73560,73570,10
13.0247602463,80.2649765015,73570,73580,10
13.0242795944,80.2646408081,73580,73591,11
13.0236797333,80.2643280029,73591,73601,10
13.0233697891,80.2641601563,73601,73611,10
13.0230302811,80.2639389038,73611,73621,10
13.0221796036,80.2635498047,73621,73641,20
13.0221796036,80.2635498047,73641,73651,10
13.0219297409,80.2634124756,73651,73661,10
13.0214004517,80.2631988525,73661,73671,10
13.0205202103,80.2631072998,73671,73681,10
13.019900322,80.2630691528,73681,73691,10
13.0192899704,80.2630233765,73691,73702,11
13.0188999176,80.2627410889,73702,73712,10
13.0187902451,80.2620162964,73712,73722,10
13.0186004639,80.2613601685,73722,73732,10
13.0180702209,80.2609710693,73732,73742,10
13.017490387,80.2605895996,73742,73752,10
13.0169000626,80.2601928711,73752,73762,10
13.0162096024,80.259803772,73762,73774,12
13.0159902573,80.2597198486,73774,73784,10
13.0159101486,80.2596817017,73784,73794,10
13.0154800415,80.2595062256,73794,73804,10
13.0148801804,80.2593765259,73804,73815,11
13.0140304565,80.2593536377,73815,73825,10
13.0130701065,80.2593078613,73825,73835,10
13.012140274,80.259262085,73835,73845,10
13.0113401413,80.259262085,73845,73855,10
13.0106801987,80.2592697144,73855,73865,10
13.0099601746,80.2592773438,73865,73875,10
13.0091295242,80.2592697144,73875,73885,10
13.0086803436,80.2592315674,73885,73895,10
13.0083703995,80.259262085,73895,73905,10
13.0078601837,80.2593231201,73905,73916,11
13.0074100494,80.2593231201,73916,73926,10
13.0071697235,80.2587966919,73926,73936,10
13.0071697235,80.2587814331,73936,73946,10
13.0071296692,80.2586364746,73946,73956,10
13.0069303513,80.2583084106,73956,73966,10
13.0066204071,80.2577667236,73966,74016,50
13.0066204071,80.2577667236,74016,74027,11
13.0064401627,80.2573928833,74027,74037,10
13.0064296722,80.257019043,74037,74047,10
13.0064096451,80.2566375732,74047,74057,10
13.0064201355,80.2559967041,74057,74067,10
13.0064201355,80.2554016113,74067,74077,10
13.0064697266,80.2548370361,74077,74087,10
13.0064296722,80.2541732788,74087,74097,10
13.0064001083,80.2534637451,74097,74196,99
13.0064001083,80.2534637451,74196,74206,10
13.0065202713,80.2531204224,74206,74216,10
13.0064897537,80.2529525757,74216,74226,10
13.0064897537,80.2525863647,74226,74236,10
13.0065402985,80.2521286011,74236,74358,122
13.0065402985,80.2521286011,74358,74368,10
13.0066900253,80.2519226074,74368,74378,10
13.0067100525,80.251411438,74378,74388,10
13.0066995621,80.2507324219,74388,74398,10
13.0066795349,80.2498931885,74398,74408,10
13.0066699982,80.2496871948,74408,74418,10
13.0066795349,80.2495803833,74418,74428,10
13.006649971,80.2490997314,74428,74438,10
13.0065898895,80.2484970093,74438,74448,10
13.0065603256,80.2481002808,74448,74458,10
13.0065698624,80.2475967407,74458,74469,11
13.0065603256,80.2469024658,74469,74479,10
13.0065498352,80.2467269897,74479,74489,10
13.0065603256,80.2465286255,74489,74499,10
13.0065498352,80.2461471558,74499,74509,10
13.0065498352,80.2458190918,74509,74519,10
13.0065603256,80.2455673218,74519,74529,10
13.0065603256,80.2455596924,74529,74539,10
13.0065402985,80.2453308105,74539,74549,10
13.0065402985,80.2451019287,74549,74559,10
13.0065402985,80.2449569702,74559,74569,10
13.0065402985,80.2448120117,74569,74580,11
13.0065402985,80.2445373535,74580,74590,10
13.006529808,80.2442626953,74590,74600,10
13.0065097809,80.2439880371,74600,74610,10
13.0064897537,80.243637085,74610,74620,10
13.0064697266,80.2432098389,74620,74630,10
13.0064601898,80.2425384521,74630,74640,10
13.0064601898,80.2417221069,74640,74649,9
13.0065002441,80.2410964966,74649,74659,10
13.0065498352,80.2407531738,74659,74670,11
13.0065803528,80.2406311035,74670,74680,10
13.0066299438,80.2403793335,74680,74691,11
13.0067596436,80.2398605347,74691,74701,10
13.0068798065,80.2392578125,74701,74711,10
13.0070104599,80.2385635376,74711,74721,10
13.0071401596,80.2379226685,74721,74731,10
13.0073204041,80.2369766235,74731,74751,20
13.0073204041,80.2369766235,74751,74761,10
13.0073795319,80.2368164063,74761,74771,10
13.0074396133,80.2364425659,74771,74781,10
13.0075702667,80.2357330322,74781,74791,10
13.0076904297,80.2351303101,74791,74802,11
13.0077896118,80.2346496582,74802,74812,10
13.0079402924,80.2339324951,74812,74822,10
13.0081195831,80.233001709,74822,74832,10
13.0082998276,80.2320175171,74832,74842,10
13.0085000992,80.2309799194,74842,74852,10
13.0086803436,80.2300186157,74852,74862,10
13.0088596344,80.2291412354,74862,74872,10
13.0090103149,80.2284164429,74872,74882,10
13.0092201233,80.2278137207,74882,74892,10
13.0095701218,80.2270584106,74892,74903,11
13.0099601746,80.2262268066,74903,74913,10
13.0103197098,80.2255325317,74913,74923,10
13.0106401443,80.224861145,74923,74933,10
13.0108604431,80.2243728638,74933,74943,10
13.0110197067,80.2239685059,74943,74953,10
13.0112304688,80.2234725952,74953,74963,10
13.0114603043,80.2229385376,74963,74973,10
13.0116701126,80.2223892212,74973,74983,10
13.0119600296,80.221862793,74983,74992,9
13.0122499466,80.2216873169,74992,75003,11
13.012550354,80.2220993042,75003,75014,11
13.0130395889,80.2226486206,75014,75024,10
13.0135002136,80.2231292725,75024,75034,10
13.0138902664,80.2235794067,75034,75044,10
13.0143404007,80.2241287231,75044,75054,10
13.0147695541,80.2245788574,75054,75064,10
13.0152997971,80.2250518799,75064,75074,10
13.0153999329,80.2250976563,75074,75084,10
13.0155801773,80.225227356,75084,75094,10
13.0160398483,80.2253875732,75094,75104,10
13.0167999268,80.2252578735,75104,75114,10
13.0176200867,80.2249221802,75114,75124,10
13.0184497833,80.2245788574,75124,75135,11
13.0193395615,80.2244491577,75135,75145,10
13.0200004578,80.2248001099,75145,75155,10
13.0204896927,80.2251663208,75155,75165,10
13.0209703445,80.2255401611,75165,75175,10
13.0214595795,80.2259063721,75175,75185,10
13.0216798782,80.2260818481,75185,75195,10
13.0218296051,80.2261810303,75195,75205,10
13.0218896866,80.2262420654,75205,75215,10
13.022069931,80.2264099121,75215,75224,9
13.0224199295,80.2267379761,75224,75235,11
13.0230503082,80.2272872925,75235,75245,10
13.0235900879,80.2277832031,75245,75256,11
13.0245800018,80.2289581299,75256,75278,22
13.0245800018,80.2289581299,75278,75324,46
13.0256795883,80.2304992676,75324,75334,10
13.0259103775,80.2311019897,75334,75345,11
13.0260601044,80.2314834595,75345,75355,10
13.0264902115,80.2313308716,75355,75365,10
13.0270996094,80.2311630249,75365,75375,10
13.0277395248,80.2310333252,75375,75385,10
13.0282802582,80.2309112549,75385,75395,10
13.0283403397,80.2309188843,75395,75405,10
13.0285997391,80.2309417725,75405,75416,11
13.029299736,80.2308578491,75416,75436,20
13.029299736,80.2308578491,75436,75446,10
13.0294704437,80.2308807373,75446,75457,11
13.0300197601,80.230796814,75457,75467,10
13.0305404663,80.2307815552,75467,75476,9
13.03083992,80.2307662964,75476,75487,11
13.0312900543,80.2307128906,75487,75497,10
13.0318698883,80.230682373,75497,75507,10
13.0322999954,80.2306289673,75507,75517,10
13.0328903198,80.2305603027,75517,75527,10
13.0334300995,80.230506897,75527,75537,10
13.0338201523,80.2304382324,75537,75547,10
13.0340595245,80.2304534912,75547,75557,10
13.0342998505,80.2304382324,75557,75568,11
13.0346498489,80.2303619385,75568,75608,40
13.0346498489,80.2303619385,75608,75618,10
13.034819603,80.2303619385,75618,75628,10
13.0349597931,80.2302474976,75628,75638,10
13.0350399017,80.2300720215,75638,75648,10
13.0349798203,80.2299118042,75648,75658,10
13.0347900391,80.2298736572,75658,75668,10
13.0343198776,80.2298202515,75668,75780,112
13.0341100693,80.2301483154,75780,75840,60
13.0341100693,80.2301483154,75840,75850,10
13.0339899063,80.230506897,75850,75880,30
13.0339899063,80.230506897,75880,75891,11
13.0336198807,80.2304382324,75891,75901,10
13.0334796906,80.2304611206,75901,75911,10
13.0333404541,80.2304763794,75911,75921,10
13.0330600739,80.2304916382,75921,75931,10
13.0327596664,80.2305221558,75931,75941,10
13.0323600769,80.2305603027,75941,75951,10
13.0319404602,80.2306213379,75951,75961,10
13.0313997269,80.2306671143,75961,75971,10
13.03083992,80.2307128906,75971,75981,10
13.030380249,80.2307510376,75981,75991,10
13.02987957,80.230796814,75991,76002,11
13.0297698975,80.2308273315,76002,76012,10
13.0295295715,80.2308807373,76012,76022,10
13.0290498734,80.2309417725,76022,76032,10
13.0284996033,80.2309875488,76032,76042,10
13.0279798508,80.23097229,76042,76051,9
13.0277500153,80.2311325073,76051,76062,11
13.0276699066,80.2316589355,76062,76071,9
13.0277099609,80.2321014404,76071,76081,10
13.0277900696,80.2325668335,76081,76092,11
13.0275297165,80.2328491211,76092,76102,10
13.0270004272,80.2329025269,76102,76113,11
13.0266599655,80.232963562,76113,76123,10
13.0263500214,80.2327270508,76123,76133,10
13.0260801315,80.2320709229,76133,76143,10
13.0258798599,80.2314987183,76143,76153,10
13.0256795883,80.2306976318,76153,76163,10
13.0252399445,80.2299575806,76163,76173,10
13.0245599747,80.2290115356,76173,76193,20
13.0245599747,80.2290115356,76193,76203,10
13.0243902206,80.228767395,76203,76213,10
13.0239200592,80.2282485962,76213,76234,21
13.0239200592,80.2282485962,76234,76244,10
13.0238599777,80.2281417847,76244,76254,10
13.0237197876,80.2279815674,76254,76264,10
13.0235004425,80.2277679443,76264,76274,10
13.0233602524,80.2276229858,76274,76284,10
13.0231304169,80.2273864746,76284,76294,10
13.0226802826,80.2269668579,76294,76304,10
13.0220804214,80.2264404297,76304,76314,10
13.0214099884,80.2258987427,76314,76324,10
13.0206804276,80.2253036499,76324,76335,11
13.0198402405,80.2247924805,76335,76355,20
13.0198402405,80.2247924805,76355,76365,10
13.0195703506,80.2246398926,76365,76375,10
13.0189695358,80.2245101929,76375,76385,10
13.0182199478,80.2247390747,76385,76395,10
13.0173397064,80.2250900269,76395,76405,10
13.0165300369,80.2254180908,76405,76415,10
13.0158195496,80.2256774902,76415,76425,10
13.0150699615,80.225982666,76425,76435,10
13.0148601532,80.2260818481,76435,76446,11
13.0147399902,80.2261199951,76446,76455,9
13.0143899918,80.2262496948,76455,76466,11
13.0141801834,80.2263412476,76466,76476,10
13.0139703751,80.2264175415,76476,76486,10
13.0134401321,80.2266082764,76486,76496,10
13.0128002167,80.2268371582,76496,76506,10
13.0120401382,80.2271499634,76506,76516,10
13.0112304688,80.2274703979,76516,76526,10
13.0103902817,80.2278137207,76526,76536,10
13.0096197128,80.2281265259,76536,76546,10
13.0090999603,80.2285614014,76546,76557,11
13.0089197159,80.2294769287,76557,76567,10
13.0087099075,80.2305908203,76567,76577,10
13.0085096359,80.2316589355,76577,76587,10
13.008310318,80.2327270508,76587,76597,10
13.0082397461,80.2334899902,76597,76606,9
13.0082302094,80.2335281372,76606,76617,11
13.0081300735,80.2337799072,76617,76627,10
13.0080099106,80.2344207764,76627,76637,10
13.0078296661,80.2352294922,76637,76647,10
13.0076198578,80.2362213135,76647,76658,11
13.0074396133,80.2372131348,76658,76668,10
13.0072898865,80.2381286621,76668,76678,10
13.0071296692,80.238861084,76678,76688,10
13.0069599152,80.2395706177,76688,76698,10
13.0068798065,80.2401199341,76698,76708,10
13.006819725,80.2406387329,76708,76718,10
13.0066995621,80.2411804199,76718,76728,10
13.0066404343,80.2420196533,76728,76738,10
13.0066699982,80.2428207397,76738,76748,10
13.0066795349,80.2433776855,76748,76758,10
13.0066604614,80.2440872192,76758,76769,11
13.006649971,80.2449798584,76769,76779,10
13.0066795349,80.2457962036,76779,76787,8
13.0067300797,80.2464599609,76787,76799,12
13.0067501068,80.246887207,76799,76809,10
13.0067501068,80.2470092773,76809,76819,10
13.0067396164,80.2474136353,76819,76829,10
13.0066995621,80.2479782104,76829,76839,10
13.0067396164,80.2487411499,76839,76849,10
13.0068397522,80.2494277954,76849,76859,10
13.0068397522,80.24949646,76859,76869,10
13.0068397522,80.2496414185,76869,76880,11
13.0068101883,80.2501296997,76880,76890,10
13.0067596436,80.251121521,76890,76920,30
13.0067596436,80.251121521,76920,76930,10
13.0067596436,80.2512969971,76930,76940,10
13.0066795349,80.251739502,76940,76950,10
13.006529808,80.2522964478,76950,76960,10
13.0065002441,80.2529373169,76960,76970,10
13.0065202713,80.2536468506,76970,76980,10
13.0065402985,80.25440979,76980,76991,11
13.0065803528,80.2551422119,76991,77001,10
13.0065898895,80.2559204102,77001,77011,10
13.0065803528,80.2565383911,77011,77021,10
13.0066404343,80.2572021484,77021,77091,70
13.0066404343,80.2572021484,77091,77102,11
13.0066900253,80.2574005127,77102,77112,10
13.0067596436,80.2577133179,77112,77122,10
13.0069799423,80.2581710815,77122,77132,10
13.0076599121,80.2586669922,77132,77162,30
13.0076599121,80.2586669922,77162,77172,10
13.0079603195,80.2588424683,77172,77182,10
13.0083198547,80.258972168,77182,77192,10
13.0087795258,80.2590866089,77192,77202,10
13.0094604492,80.2590789795,77202,77213,11
13.0104398727,80.2591018677,77213,77223,10
13.011349678,80.2590789795,77223,77233,10
13.0122299194,80.2590866089,77233,77243,10
13.0131902695,80.2591323853,77243,77253,10
13.0142602921,80.2591781616,77253,77263,10
13.0153198242,80.2592391968,77263,77273,10
13.0163602829,80.2596588135,77273,77293,20
13.0163602829,80.2596588135,77293,77303,10
13.0165395737,80.2598114014,77303,77313,10
13.0167198181,80.2599868774,77313,77324,11
13.0173301697,80.2603988647,77324,77334,10
13.0179004669,80.2608032227,77334,77344,10
13.0183801651,80.2611236572,77344,77354,10
13.0188598633,80.2614898682,77354,77364,10
13.0193300247,80.2619018555,77364,77374,10
13.0197496414,80.262336731,77374,77384,10
13.0200901031,80.262588501,77384,77393,9
13.0200996399,80.2626037598,77393,77402,9
13.0203304291,80.2627792358,77402,77414,12
13.0207195282,80.2628707886,77414,77425,11
13.0212697983,80.2630462646,77425,77435,10
13.0218400955,80.2632904053,77435,77445,10
13.0221204758,80.263420105,77445,77455,10
13.0224199295,80.2635498047,77455,77465,10
13.0228395462,80.2637710571,77465,77475,10
13.0229797363,80.2638473511,77475,77485,10
13.0230998993,80.263923645,77485,77495,10
13.0235004425,80.2641525269,77495,77505,10
13.024140358,80.2645187378,77505,77515,10
13.0246200562,80.2648773193,77515,77525,10
13.0250501633,80.2652206421,77525,77536,11
13.0256299973,80.2655792236,77536,77546,10
13.0261497498,80.26587677,77546,77556,10
13.0262899399,80.2658233643,77556,77566,10
13.0263204575,80.2654190063,77566,77576,10
13.0263299942,80.2649688721,77576,77586,10
13.0264196396,80.2643737793,77586,77596,10
13.0264902115,80.2640075684,77596,77606,10
13.0265398026,80.263923645,77606,77616,10
13.0265703201,80.263633728,77616,77626,10
13.0267000198,80.263381958,77626,77636,10
13.0270795822,80.263458252,77636,77653,17
13.0280504227,80.2637176514,77653,77665,12
13.028380394,80.2638092041,77665,77675,10
13.0287599564,80.263923645,77675,77685,10
13.0292596817,80.2640380859,77685,77694,9
13.0293102264,80.2642593384,77694,77705,11
13.029250145,80.2648086548,77705,77715,10
13.029250145,80.2653808594,77715,77725,10
13.0292196274,80.2657775879,77725,77735,10
13.0292196274,80.2660217285,77735,77745,10
13.0291700363,80.2662734985,77745,77756,11
13.0291795731,80.2665481567,77756,77766,10
13.0294904709,80.2666168213,77766,77776,10
13.0300703049,80.2666931152,77776,77786,10
13.0306501389,80.2667694092,77786,77796,10
13.0312099457,80.2669296265,77796,77806,10
13.0316400528,80.2670974731,77806,77815,9
13.032119751,80.2672805786,77815,77826,11
13.0326299667,80.2675476074,77826,77837,11
13.0330400467,80.2677383423,77837,77847,10
13.0335197449,80.2678527832,77847,77868,21
13.0335197449,80.2678527832,77868,77878,10
13.0338201523,80.2679519653,77878,77888,10
13.0341100693,80.2679977417,77888,77898,10
13.0344896317,80.2680206299,77898,77928,30
13.0345401764,80.2682113647,77928,77948,20
13.0345401764,80.2682113647,77948,77958,10
13.0342102051,80.2680206299,77958,77968,10
13.0338602066,80.2679290771,77968,77979,11
13.0333995819,80.2678222656,77979,77989,10
13.033080101,80.2677688599,77989,77999,10
13.0326595306,80.2675476074,77999,78019,20
13.0326595306,80.2675476074,78019,78029,10
13.0324201584,80.2674026489,78029,78039,10
13.0320196152,80.2671737671,78039,78049,10
13.0315999985,80.266960144,78049,78059,10
13.0311603546,80.2668304443,78059,78069,10
13.0305995941,80.2667007446,78069,78079,10
13.0299501419,80.2666015625,78079,78090,11
13.0293598175,80.2664794922,78090,78100,10
13.0289802551,80.2663803101,78100,78110,10
13.0287103653,80.2663421631,78110,78120,10
13.0284996033,80.2662963867,78120,78130,10
13.0281496048,80.2662277222,78130,78140,10
13.0277004242,80.2661590576,78140,78150,10
13.0271596909,80.2660675049,78150,78160,10
13.0266599655,80.2659988403,78160,78188,28
13.0266599655,80.2659988403,78188,78197,9
13.0261001587,80.26587677,78197,78207,10
13.0258102417,80.2656936646,78207,78219,12
13.0254201889,80.2654266357,78219,78229,10
13.0253601074,80.2653884888,78229,78239,10
13.0250597,80.2651596069,78239,78249,10
13.0247001648,80.2649078369,78249,78259,10
13.0242500305,80.2645797729,78259,78268,9
13.0239696503,80.2643966675,78268,78279,11
13.0233001709,80.2640380859,78279,78289,10
13.0228595734,80.2637634277,78289,78299,10
13.022359848,80.2635192871,78299,78310,11
13.0220098495,80.2633285522,78310,78320,10
13.0213499069,80.2630996704,78320,78330,10
13.0205802917,80.2630386353,78330,78340,10
13.0199899673,80.2630004883,78340,78350,10
13.0193901062,80.2629394531,78350,78360,10
13.0189695358,80.2627868652,78360,78370,10
13.0188703537,80.2621536255,78370,78380,10
13.0187501907,80.2616424561,78380,78390,10
13.0184202194,80.2612228394,78390,78400,10
13.0179004669,80.260848999,78400,78410,10
13.0172996521,80.2604293823,78410,78421,11
13.0166501999,80.2599716187,78421,78431,10
13.016119957,80.2597198486,78431,78441,10
13.0161104202,80.2597198486,78441,78451,10
13.01583004,80.2596206665,78451,78461,10
13.015250206,80.2594299316,78461,78471,10
13.0146102905,80.2593612671,78471,78481,10
13.0138196945,80.2593307495,78481,78491,10
13.0130500793,80.2593002319,78491,78501,10
13.0122900009,80.2592697144,78501,78511,10
13.0116195679,80.259262085,78511,78521,10
13.0110197067,80.2592391968,78521,78532,11
13.0102796555,80.2592926025,78532,78542,10
13.0096197128,80.259262085,78542,78552,10
13.0090904236,80.2592010498,78552,78562,10
13.0087299347,80.2591934204,78562,78572,10
13.0083198547,80.2591705322,78572,78582,10
13.0077896118,80.2592697144,78582,78592,10
13.0073699951,80.2591781616,78592,78602,10
13.0071601868,80.2586975098,78602,78612,10
13.0070400238,80.2584075928,78612,78622,10
13.0065803528,80.2576904297,78622,78663,41
13.0065803528,80.2576904297,78663,78673,10
13.0065402985,80.2571487427,78673,78683,10
13.0065498352,80.2567901611,78683,78693,10
13.0065402985,80.2562103271,78693,78703,10
13.0065202713,80.2555618286,78703,78713,10
13.0065498352,80.2550506592,78713,78723,10
13.0065097809,80.2543716431,78723,78733,10
13.0065498352,80.2532577515,78733,78754,21
13.0065498352,80.2532577515,78754,78764,10
13.0065603256,80.2528686523,78764,78774,10
13.0066003799,80.2523803711,78774,78784,10
13.0066204071,80.2520217896,78784,78794,10
13.0067195892,80.2514572144,78794,78804,10
13.0067501068,80.2507171631,78804,78814,10
13.0067501068,80.2498321533,78814,78824,10
13.0067396164,80.2494888306,78824,78834,10
13.0067300797,80.2490234375,78834,78844,10
13.006649971,80.2483215332,78844,78855,11
13.006649971,80.2475891113,78855,78865,10
13.006649971,80.2468795776,78865,78875,10
13.0066204071,80.2465667725,78875,78885,10
13.0066404343,80.246421814,78885,78895,10
13.0066404343,80.2458724976,78895,78905,10
13.0066299438,80.2452316284,78905,78915,10
13.0065803528,80.2446517944,78915,78925,10
13.0065603256,80.2439804077,78925,78935,10
13.0065698624,80.2433624268,78935,78945,10
13.006529808,80.2425918579,78945,78955,10
13.0065202713,80.2418365479,78955,78966,11
13.0065402985,80.2414932251,78966,78976,10
13.0065698624,80.2411804199,78976,78986,10
13.0066404343,80.2406997681,78986,78996,10
13.0066795349,80.2402572632,78996,79006,10
13.0067796707,80.2395782471,79006,79016,10
13.0069303513,80.2387771606,79016,79026,10
13.0071296692,80.2380218506,79026,79036,10
13.0073003769,80.2373580933,79036,79046,10
13.0073604584,80.2368011475,79046,79056,10
13.0073900223,80.2367477417,79056,79066,10
13.0075101852,80.2363510132,79066,79077,11
13.0076704025,80.2355804443,79077,79087,10
13.0078201294,80.2347869873,79087,79097,10
13.0080003738,80.2339019775,79097,79107,10
13.0082197189,80.2328262329,79107,79117,10
13.0084400177,80.2317428589,79117,79127,10
13.0086402893,80.2306594849,79127,79137,10
13.0088396072,80.229637146,79137,79147,10
13.0090303421,80.2286834717,79147,79157,10
13.0093603134,80.2276687622,79157,79167,10
13.0097999573,80.2266693115,79167,79177,10
13.010219574,80.2258377075,79177,79188,11
13.01060009,80.2250595093,79188,79198,10
13.0108604431,80.2243804932,79198,79208,10
13.0111598969,80.2236785889,79208,79217,9
13.0112600327,80.2233505249,79217,79228,11
13.0112600327,80.2233428955,79228,79238,10
13.0113801956,80.2231063843,79238,79247,9
13.0115699768,80.2226486206,79247,79258,11
13.0117397308,80.2219161987,79258,79268,10
13.0121603012,80.2213973999,79268,79278,10
13.0124702454,80.2217407227,79278,79289,11
13.0128898621,80.2222900391,79289,79299,10
13.0134000778,80.222869873,79299,79309,10
13.0139198303,80.2234573364,79309,79319,10
13.0143899918,80.2239685059,79319,79329,10
13.0149402618,80.2245178223,79329,79339,10
13.0154399872,80.2250595093,79339,79349,10
13.0158195496,80.2252807617,79349,79359,10
13.0163497925,80.2253875732,79359,79369,10
13.0171003342,80.225151062,79369,79379,10
13.0179595947,80.2248001099,79379,79389,10
13.0187997818,80.2244567871,79389,79399,10
13.0192804337,80.2243423462,79399,79410,11
13.0195903778,80.2244796753,79410,79419,9
13.0199604034,80.2247314453,79419,79430,11
13.0203504562,80.2250137329,79430,79440,10
13.020939827,80.2254486084,79440,79450,10
13.0215597153,80.2259216309,79450,79460,10
13.021900177,80.2261505127,79460,79470,10
13.0219602585,80.2262191772,79470,79480,10
13.0223197937,80.2265472412,79480,79490,10
13.0227499008,80.2269363403,79490,79500,10
13.023229599,80.2274017334,79500,79511,11
13.0237798691,80.2278900146,79511,79521,10
13.0242395401,80.2283935547,79521,79531,10
13.0246095657,80.2289428711,79531,79541,10
13.0249996185,80.2294464111,79541,79551,10
13.0254802704,80.2301025391,79551,79561,10
13.0258998871,80.2309265137,79561,79571,10
13.0261297226,80.2313919067,79571,79581,10
13.0265102386,80.231262207,79581,79591,10
13.0270204544,80.2311401367,79591,79601,10
13.0278100967,80.2310180664,79601,79611,10
13.0284500122,80.2309188843,79611,79622,11
13.028670311,80.2309188843,79622,79632,10
13.0291595459,80.2308807373,79632,79642,10
13.0295696259,80.2308425903,79642,79652,10
13.0305995941,80.230758667,79652,79671,19
13.0305995941,80.230758667,79671,79682,11
13.0308198929,80.2307434082,79682,79692,10
13.0312099457,80.2306976318,79692,79702,10
13.0318098068,80.2306671143,79702,79712,10
13.0323896408,80.2306213379,79712,79722,10
13.0331602097,80.2305603027,79722,79733,11
13.0338697433,80.2304992676,79733,79743,10
13.0342597961,80.2304611206,79743,79773,30
13.0342597961,80.2304611206,79773,79783,10
13.0345497131,80.2303771973,79783,79793,10
13.0349798203,80.230178833,79793,79922,129
13.0351400375,80.2298126221,79922,79963,41
13.0351400375,80.2298126221,79963,79973,10
13.0345897675,80.2297897339,79973,79983,10
13.0342998505,80.2297592163,79983,79993,10
13.0341796875,80.2300491333,79993,80770,777
13.0341796875,80.2303085327,80770,81649,879
13.034330368,80.2304992676,81649,81821,172
13.0342102051,80.2302627563,81821,85718,3897
13.0342102051,80.2302627563,85718,85729,11
13.0338602066,80.2305221558,85729,85739,10
