latitude,longitude,Time_Start,Time_Stop,TimeTaken
13.0143995285,80.2249069214,16506,16617,111
13.0142202377,80.225769043,21779,21830,51
13.0081100464,80.2133026123,22155,22195,40
12.9992198944,80.2147674561,22347,22397,50
12.9877195358,80.2555618286,23438,23499,61
12.9873104095,80.2591629028,23589,23652,63
12.9876098633,80.2562637329,24590,24623,33
12.9799499512,80.2527008057,24784,24825,41
12.9774904251,80.2215118408,25420,25460,40
12.9766597748,80.2212677002,25826,25967,141
12.9763097763,80.2217025757,26008,26097,89
12.9866800308,80.2593307495,26948,27099,151
12.9865999222,80.2591171265,27099,27161,62
12.9801702499,80.252746582,27435,27475,40
13.0346603394,80.2300491333,30278,30420,142
13.0342502594,80.2302627563,30934,30984,50
13.0083398819,80.2134170532,31785,31827,42
12.9763898849,80.2218704224,32585,32638,53
12.9811697006,80.2297210693,32721,32762,41
12.9814195633,80.2425537109,33126,33177,51
12.9859800339,80.2518386841,33434,33474,40
12.9874601364,80.2514572144,33474,33505,31
12.9880304337,80.2518463135,33505,33536,31
12.9878902435,80.25390625,33536,33567,31
12.9869098663,80.2592315674,33741,33862,121
12.9869804382,80.2590866089,33862,34025,163
12.9811601639,80.2442016602,35165,35206,41
12.9813995361,80.2397994995,35430,35491,61
13.022359848,80.2264633179,37108,37148,40
13.0235204697,80.2276077271,37229,37299,70
13.0289402008,80.2308807373,37461,37543,82
13.0333099365,80.2304992676,37634,37674,40
13.0344200134,80.2297821045,37798,37838,40
13.0341901779,80.2300033569,37858,37919,61
13.0278196335,80.2327728271,38142,38192,50
13.0274496078,80.2328567505,38213,38253,40
12.9762897491,80.2216186523,39477,39508,31
12.9877595901,80.2551269531,40680,40731,51
12.9870996475,80.2591400146,40891,41075,184
13.0343904495,80.2304077148,43502,43553,51
13.0346002579,80.2298431396,43613,43706,93
13.0342102051,80.2303009033,43726,43777,51
13.0311498642,80.230682373,43868,43938,70
12.9871397018,80.2514724731,45813,45964,151
12.9870100021,80.2593002319,46178,46329,151
12.9875297546,80.2565765381,46380,46491,111
13.0289096832,80.2308425903,48636,48676,40
13.0243902206,80.2284088135,51224,51285,61
12.9762601852,80.2216110229,52663,52695,32
12.9871301651,80.2514724731,53290,53383,93
12.9871997833,80.2594680786,53544,53575,31
12.9799203873,80.2527008057,54535,54606,71
13.0345201492,80.2303466797,56488,56579,91
13.0342798233,80.2298202515,56620,56731,111
12.985329628,80.2519683838,58974,59047,73
12.9874000549,80.2590637207,59279,59319,40
12.9872903824,80.2595291138,59339,59380,41
12.9868001938,80.2594223022,59400,59511,111
12.9870796204,80.2590637207,60209,60249,40
12.9875297546,80.2565307617,60330,60381,51
12.9801702499,80.2527618408,60552,60613,61
12.9869298935,80.2591171265,64688,64721,33
12.9875898361,80.256362915,64872,64992,120
12.9801301956,80.2527999878,65206,65246,40
12.9813098907,80.2429275513,65409,65440,31
13.0072803497,80.212852478,66775,66836,61
13.0077295303,80.2130126953,66846,66927,81
13.0293197632,80.2309494019,67626,67686,60
13.0335597992,80.2305831909,67808,67848,40
13.0337600708,80.2305984497,67848,67949,101
13.0347700119,80.2300186157,68011,68160,149
13.0342102051,80.2302703857,68900,68973,73
13.0334396362,80.2305526733,68993,69024,31
13.0307703018,80.2308197021,69084,69145,61
13.0268697739,80.2330474854,69276,69347,71
13.0230503082,80.2275238037,69498,69529,31
13.0096101761,80.2279281616,69822,69872,50
13.0099401474,80.2155914307,70308,70369,61
13.0085201263,80.2136535645,70510,70541,31
13.0081396103,80.2133789063,70551,70601,50
12.9973802567,80.2163772583,70885,70956,71
12.9903402328,80.2205734253,71229,71319,90
12.9900598526,80.2208023071,71319,71429,110
12.9893798828,80.2214202881,71429,71498,69
12.9891195297,80.2217788696,71527,71570,43
12.9882898331,80.2227020264,71631,71681,50
12.9877595901,80.2231063843,71701,71742,41
12.9762802124,80.2217788696,72035,72075,40
12.9875402451,80.2568130493,73308,73340,32
12.9871997833,80.2596282959,73378,73409,31
12.986579895,80.2595672607,73431,73491,60
12.9868202209,80.2591400146,75859,75949,90
12.9874897003,80.2566986084,76030,76062,32
12.9801397324,80.2527618408,76314,76355,41
13.034620285,80.2303009033,78411,78472,61
13.0141401291,80.2256774902,79028,79119,91
12.9983501434,80.2572174072,3189,3260,71
12.9978103638,80.2570114136,13092,13143,51
12.9984998703,80.2568893433,13163,13203,40
12.9977197647,80.2570419312,13223,13304,81
12.9987096786,80.2565765381,14444,14585,141
12.9983997345,80.2567901611,14585,14686,101
12.9981498718,80.2570724487,14686,14817,131
12.9978904724,80.2573394775,14817,14938,121
12.9976100922,80.2576828003,14938,15049,111
12.9969997406,80.2584686279,15099,15170,71
12.9978199005,80.256362915,18719,18800,81
12.9963302612,80.2559204102,18861,18911,50
12.9962902069,80.2558670044,18911,19093,182
12.8747501373,80.2099304199,21331,21493,162
12.8943996429,80.2275238037,22017,22068,51
12.9085903168,80.2285003662,22330,22441,111
13.0097799301,80.2113037109,24993,25104,111
13.0095396042,80.2110595703,25104,25235,131
12.9763803482,80.2218475342,26727,26758,31
12.8765001297,80.2268600464,30519,30560,41
12.9047803879,80.2281112671,31074,31255,181
12.9478197098,80.2401733398,32022,32062,40
12.9558801651,80.2431793213,32244,32284,40
12.9631299973,80.2465286255,32435,32526,91
12.9936599731,80.2179489136,33847,33898,51
12.9961004257,80.2165603638,33988,34029,41
12.9975500107,80.2160873413,34059,34119,60
13.0099096298,80.2113494873,35654,35715,61
13.0095996857,80.2111129761,35715,35805,90
13.00922966,80.21118927,35805,35846,41
13.0114202499,80.2273330688,36219,36409,190
13.0115299225,80.2272109985,36491,36663,172
12.9871797562,80.2230606079,37469,37500,31
12.9820699692,80.2321014404,37963,38004,41
12.9686803818,80.2489013672,38548,38609,61
12.9682502747,80.2487106323,38629,38699,70
12.9669704437,80.2481231689,38831,38942,111
12.9666404724,80.2479400635,38942,38992,50
12.9068803787,80.2283706665,40041,40131,90
12.8765001297,80.2269592285,40605,40646,41
12.8746900558,80.2099380493,41432,41533,101
12.9006795883,80.2278289795,42108,42207,99
13.0033302307,80.212059021,44487,44538,51
13.0080795288,80.2095870972,44708,44739,31
13.006770134,80.2025985718,44840,44881,41
13.0093297958,80.2109832764,45546,45617,71
12.9567804337,80.243850708,47573,47613,40
12.9011297226,80.2280197144,48702,48733,31
12.90102005,80.2278823853,48733,48803,70
12.9063997269,80.2281494141,51546,51586,40
12.9562702179,80.2433700562,52272,52312,40
13.0070199966,80.2097473145,53915,53956,41
13.0107097626,80.2120285034,54369,54490,121
13.0104799271,80.2117767334,54490,54652,162
13.0096101761,80.2111816406,54702,54793,91
13.0093002319,80.2109832764,54793,54944,151
12.899600029,80.2279205322,57999,58030,31
12.8791999817,80.2110137939,58554,58615,61
12.8746404648,80.2098464966,58764,58895,131
12.9005804062,80.2279281616,59510,59611,101
12.9059696198,80.2282028198,59792,59873,81
13.0105104446,80.2118682861,63090,63130,40
13.0153102875,80.2249984741,64239,64280,41
12.9973602295,80.2165603638,64713,64744,31
12.9764099121,80.221862793,65288,65339,51
12.9028902054,80.2281799316,67466,67527,61
12.8905897141,80.2274780273,67809,67870,61
12.8767004013,80.2270202637,68082,68132,50
12.8784999847,80.2157592773,68314,68364,50
12.8791599274,80.2110519409,68425,68505,80
12.8745603561,80.2101974487,68616,68667,51
12.8792800903,80.2110671997,69280,69347,67
12.8792800903,80.2110671997,69347,69378,31
12.8764400482,80.2267837524,69539,69579,40
12.9040699005,80.2281188965,69983,70043,60
12.9632301331,80.24659729,71263,71344,81
12.9813098907,80.2414932251,72141,72181,40
12.9771003723,80.2227401733,72907,72938,31
12.9828395844,80.2219619751,73089,73139,50
13.0068397522,80.2097702026,73855,73976,121
13.0078601837,80.2086486816,74037,74087,50
13.0087003708,80.2105712891,74329,74390,61
13.0091104507,80.2113571167,74682,74733,51
13.0069198608,80.2400283813,75186,75297,111
12.9865398407,80.2589416504,2244,2426,182
12.9863996506,80.2589797974,6622,6673,51
12.986410141,80.2589035034,15248,15308,60
12.9864397049,80.2589111328,17629,17699,70
12.9866695404,80.2590103149,24792,24853,61
12.9870901108,80.2591705322,24863,24974,111
12.9873399734,80.2588806152,24974,25115,141
13.0010404587,80.256439209,25478,25518,40
13.0814599991,80.2751083374,27334,27445,111
13.0884599686,80.2850799561,27748,27819,71
13.2273397446,80.3265380859,30331,30381,50
13.2209300995,80.3196411133,30642,30674,32
13.2147397995,80.3210601807,30906,30976,70
13.108710289,80.2916030884,34356,34396,40
13.0947399139,80.2924423218,34719,34769,50
13.0820198059,80.2788085938,35203,35243,40
13.081700325,80.2759628296,35344,35415,71
13.0688199997,80.271987915,35738,35778,40
13.0544996262,80.2643280029,36131,36181,50
13.0370798111,80.2675476074,36575,36676,101
13.0066900253,80.2578887939,37461,37503,42
13.0013504028,80.2565231323,37644,37694,50
12.9880199432,80.255821228,38047,38148,101
12.9868898392,80.2585067749,39722,39873,151
12.9871301651,80.2591171265,39923,39974,51
12.9875202179,80.2560501099,40055,40154,99
12.9960098267,80.2558822632,40347,40418,71
12.9988002777,80.2560577393,40508,40539,31
12.9990501404,80.2561035156,40539,40589,50
13.0010595322,80.256439209,40640,40690,50
13.0046396255,80.2571105957,40851,40882,31
13.00578022,80.2572479248,40912,40982,70
13.0062599182,80.2573394775,40993,41063,70
13.0812597275,80.2751312256,43361,43462,101
13.0820102692,80.2754211426,43492,43543,51
13.0884199142,80.2849502563,43986,44047,61
13.1076898575,80.2913970947,44652,44703,51
13.1139497757,80.2924575806,44834,44904,70
13.2182197571,80.3200912476,48132,48172,40
13.1152496338,80.2925872803,50472,50503,31
13.0948295593,80.2925033569,50946,50977,31
13.0828800201,80.2821273804,51279,51343,64
13.0819797516,80.2788391113,51393,51474,81
13.0684299469,80.2718811035,51897,51978,81
13.0654697418,80.2676315308,52079,52119,40
13.0018701553,80.2565994263,53794,53854,60
12.9972696304,80.2559127808,53975,54016,41
12.9865102768,80.2595367432,54318,54449,131
12.9865398407,80.2591629028,57051,57112,61
12.9869098663,80.2590866089,57112,57152,40
12.9876203537,80.2559432983,57243,57344,101
12.9948997498,80.2558822632,57495,57535,40
12.9962997437,80.255897522,57576,57626,50
13.0055398941,80.2573318481,57868,57908,40
13.0064897537,80.2533111572,58009,58060,51
13.0065898895,80.251953125,58090,58171,81
13.0065898895,80.247543335,58231,58372,141
13.0083703995,80.2134475708,58947,59038,91
13.0073003769,80.2022171021,59361,59402,41
13.0343399048,80.1582565308,60220,60321,101
13.0343399048,80.1566696167,60392,60563,171
13.036939621,80.1419830322,61592,61632,40
13.0354003906,80.154876709,61854,61905,51
13.0092697144,80.2112731934,63115,63166,51
13.0066795349,80.2445602417,63791,63840,49
13.0017004013,80.2566223145,64225,64275,50
12.9882898331,80.255897522,64568,64608,40
12.9872303009,80.2596130371,64689,64739,50
12.9865598679,80.2592468262,65294,65385,91
12.9869203568,80.2591094971,65385,65435,50
12.9875802994,80.2563934326,65506,65566,60
12.9876003265,80.2561187744,65575,65687,112
12.9958095551,80.2559432983,65899,65960,61
13.0051202774,80.2571411133,66192,66232,40
13.0066099167,80.2519226074,66938,66979,41
13.0067796707,80.2517318726,66979,67029,50
13.0067996979,80.2513198853,67039,67231,192
13.0067396164,80.2503128052,67261,67342,81
13.006819725,80.2499694824,67342,67422,80
13.0066795349,80.2487716675,67473,67574,101
13.0065603256,80.2466201782,67664,67705,41
13.007349968,80.237159729,68006,68038,32
13.0074100494,80.2367935181,68048,68098,50
13.0102796555,80.2162017822,68542,68581,39
13.0099096298,80.2154464722,68603,68653,50
13.0095500946,80.2149200439,68683,68724,41
13.0088796616,80.2140426636,68794,68855,61
13.0086898804,80.2138137817,68865,68905,40
13.0085096359,80.2136230469,68915,68956,41
13.0082998276,80.1964035034,69561,69611,50
13.0330495834,80.1619415283,70539,70570,31
13.0334501266,80.1612091064,70610,70660,50
13.0336704254,80.1608581543,70660,70701,41
13.0342302322,80.159866333,70741,70852,111
13.0343198776,80.157989502,70953,71124,171
13.0344600677,80.1562576294,71165,71336,171
13.037779808,80.1353225708,72153,72184,31
13.0368204117,80.1422271729,72285,72335,50
13.0343503952,80.1598205566,72708,72749,41
13.0184602737,80.1867904663,73292,73335,43
13.0091600418,80.2113418579,73789,73839,50
13.006770134,80.2514877319,74565,74606,41
13.0066299438,80.2574005127,74717,74797,80
12.9970197678,80.2559814453,75019,75060,41
12.9864797592,80.2597122192,75372,75453,81
12.9864597321,80.2596893311,75665,75736,71
12.9865102768,80.2596206665,76068,76189,121
12.9974498749,80.2571334839,3159,3220,61
12.9969596863,80.2569122314,8882,8993,111
12.997010231,80.2569885254,9568,9711,143
12.997209549,80.2570495605,14475,14525,50
12.9977998734,80.2562637329,20582,20693,111
12.8398799896,80.2276306152,22298,22388,90
12.7615098953,80.1848220825,23600,23670,70
12.7863798141,80.2203979492,24418,24468,50
12.876660347,80.2268829346,25477,25508,31
12.9063396454,80.2281570435,25851,25891,40
13.006480217,80.2534790039,28112,28203,91
13.0066795349,80.2533035278,28203,28344,141
13.0064201355,80.2533798218,29031,29172,141
13.0066404343,80.2533493042,29172,29243,71
12.9566698074,80.2436599731,30282,30333,51
12.9430999756,80.2369537354,30555,30595,40
12.9398698807,80.2358627319,30634,30666,32
12.902680397,80.2281036377,31201,31261,60
12.8934602737,80.2275390625,31493,31594,101
12.8461799622,80.2266235352,32372,32412,40
12.8447303772,80.2266387939,32452,32493,41
12.8406000137,80.2275085449,32553,32604,51
12.8403301239,80.2276229858,32604,32644,40
12.8322896957,80.2291412354,32755,32795,40
12.7636499405,80.1823501587,34693,34774,81
12.7615499496,80.184753418,34865,34905,40
12.786239624,80.2202987671,36178,36228,50
12.8391799927,80.2277374268,36824,36874,50
12.9047603607,80.2281036377,37611,37651,40
12.9819402695,80.2525787354,38842,38903,61
12.9847898483,80.2520980835,39004,39054,50
12.9851799011,80.2519989014,39064,39186,122
12.9878196716,80.254737854,39337,39418,81
12.9965400696,80.2557601929,39609,39660,51
12.9975595474,80.2568206787,39781,39892,111
12.9976596832,80.2562179565,39932,39963,31
13.0039100647,80.2568893433,40205,40255,50
13.005979538,80.2572631836,40296,40336,40
13.0060396194,80.2574768066,40346,40387,41
13.0014600754,80.2565994263,41466,41537,71
12.9881496429,80.255859375,41830,41880,50
12.9877996445,80.2558135986,41890,41921,31
12.956609726,80.2438201904,42405,42466,61
12.7753801346,80.1922073364,46331,46382,51
12.7744398117,80.1948165894,46452,46483,31
12.9005298615,80.2277908325,48340,48441,101
12.9864797592,80.251701355,49773,49813,40
12.9973602295,80.2559127808,50136,50167,31
12.9972200394,80.2568206787,50540,50712,172
12.9979696274,80.2562332153,51923,51973,50
13.0059900284,80.2573699951,52175,52235,60
13.0066404343,80.2533035278,52346,52456,110
13.0066404343,80.2572784424,52518,52619,101
13.0013904572,80.2565383911,52730,52791,61
12.988530159,80.2558822632,53093,53124,31
12.9067802429,80.2282791138,54264,54315,51
12.7840795517,80.2192382813,57906,57946,40
12.7847700119,80.2196731567,58006,58057,51
12.7857303619,80.220161438,58106,58138,32
12.831609726,80.2292175293,58774,58814,40
12.8838500977,80.2266921997,59359,59400,41
12.9002504349,80.2277832031,59553,59603,50
12.906129837,80.2282562256,59805,59866,61
12.9631500244,80.2464981079,60744,60784,40
12.9853696823,80.2519989014,61127,61208,81
12.994799614,80.2558898926,61521,61570,49
12.9965200424,80.2558288574,61612,61672,60
13.0049600601,80.2571182251,61894,61955,61
13.0066604614,80.2574386597,63631,63762,131
13.00137043,80.2565765381,63893,63974,81
12.987859726,80.255821228,64266,64387,121
12.9639101028,80.246887207,64800,64832,32
12.7879896164,80.2210998535,67497,67547,50
12.7869701385,80.2207107544,67587,67618,31
12.7850999832,80.2198867798,67688,67819,131
12.784620285,80.2196426392,67830,67870,40
12.8310403824,80.2294235229,71645,71756,111
12.8315601349,80.2292175293,71776,71817,41
12.8392496109,80.2277679443,71918,71958,40
12.8797597885,80.2267303467,72401,72471,70
12.9796800613,80.2527084351,73995,74036,41
12.9859104156,80.2519378662,74106,74248,142
12.9877595901,80.2554779053,74347,74429,82
12.987660408,80.2555465698,74429,74510,81
12.997469902,80.2559204102,74742,74793,51
12.9982299805,80.2566375732,75085,75166,81
12.9964895248,80.1914596558,23271,23312,41
12.9961996078,80.1908874512,23332,23503,171
12.9757995605,80.220916748,24786,24826,40
13.0497999191,80.2119522095,26371,26411,40
13.0994300842,80.1699676514,27774,27895,121
13.0993995667,80.1701278687,27935,28036,101
13.0859603882,80.2003936768,29843,29874,31
13.0831804276,80.198638916,29954,30015,61
13.0698900223,80.2050933838,30267,30298,31
13.0681295395,80.2054595947,30338,30429,91
13.0339899063,80.212059021,31236,31267,31
13.0307598114,80.2092819214,31368,31418,50
13.0138702393,80.2043609619,31791,31822,31
13.0095300674,80.2110824585,32064,32104,40
13.0093898773,80.2110595703,32104,32145,41
12.9761199951,80.2201004028,33195,33235,40
12.9764003754,80.2212905884,34305,34355,50
12.9960603714,80.2165985107,34810,34880,70
13.0074195862,80.2097930908,35223,35254,31
13.0349798203,80.2108764648,35991,36031,40
13.036529541,80.2122497559,36112,36192,80
13.048210144,80.2120666504,36344,36375,31
13.0687704086,80.205116272,36809,36850,41
13.0885801315,80.1699905396,37829,37909,80
13.0994596481,80.1699066162,38111,38162,51
13.0881900787,80.1805801392,39535,39575,40
13.0881900787,80.1809997559,39575,39624,49
13.0874500275,80.1925201416,39879,39919,40
13.0698699951,80.2050018311,40555,40595,40
13.067990303,80.2050018311,40666,40739,73
13.0679597855,80.2049026489,40739,40789,50
13.0505504608,80.2121734619,41223,41264,41
13.0496702194,80.2121582031,41274,41314,40
13.0380802155,80.2124786377,41506,41546,40
13.0184497833,80.2060089111,42284,42334,50
13.0141296387,80.2045974731,42416,42467,51
13.0096597672,80.2111434937,42710,42760,50
12.9761896133,80.2200317383,43709,43851,142
12.9759197235,80.2209320068,43902,43950,48
12.9864597321,80.2229614258,44941,44974,33
13.0441198349,80.2122421265,46358,46459,101
13.0687303543,80.2048568726,46965,46996,31
13.0877504349,80.1886901855,47644,47684,40
13.0885400772,80.1713180542,48047,48088,41
13.0885896683,80.1698303223,48128,48199,71
13.0995597839,80.1699676514,48370,48401,31
13.0988798141,80.1694488525,48451,48512,61
13.0985403061,80.1693572998,48512,48613,101
13.0984802246,80.1693496704,48613,48734,121
13.0984697342,80.1693191528,48734,48925,191
13.0984201431,80.1693267822,48925,49067,142
13.0991401672,80.1695175171,49815,49853,38
13.0994997025,80.1696624756,49853,49954,101
13.0997104645,80.1699676514,49964,50014,50
13.087389946,80.1925888062,50572,50612,40
13.0831203461,80.1985931396,51038,51078,40
13.0679998398,80.2054367065,51401,51543,142
13.0690402985,80.2047119141,51583,51623,40
13.0503396988,80.2121963501,52006,52058,52
13.0497198105,80.2121734619,52068,52109,41
13.0446901321,80.2124099731,52200,52270,70
13.0094604492,80.2110366821,53090,53130,40
13.0092000961,80.2111129761,53130,53171,41
12.9757299423,80.2207870483,54093,54144,51
13.043970108,80.2122421265,56588,56650,62
13.0872402191,80.1930999756,57701,57741,40
13.0877199173,80.1882476807,57822,57862,40
13.099360466,80.1699066162,58367,58448,81
13.0949296951,80.1699981689,59507,59538,31
13.0889396667,80.1696014404,59639,59709,70
13.0882797241,80.1795120239,59933,59984,51
13.0880298615,80.1853866577,60054,60085,31
13.0830202103,80.1986923218,60753,60813,60
13.0682897568,80.2049331665,61165,61237,72
13.0376596451,80.212387085,61984,62075,91
13.0189399719,80.2063293457,62509,62540,31
13.0132102966,80.2098312378,62740,62782,42
13.0095796585,80.2111282349,62923,62963,40
13.0070695877,80.2098236084,66163,66194,31
13.007519722,80.2098999023,66214,66305,91
13.0128898621,80.2040328979,66527,66628,101
13.0132598877,80.2041015625,66638,66749,111
13.0349998474,80.2114028931,67354,67385,31
13.0435695648,80.212272644,67526,67627,101
13.0482196808,80.2121276855,67718,67758,40
13.0696001053,80.2051773071,68253,68293,40
13.0686903,80.2050094604,68344,68384,40
13.0880699158,80.179977417,69616,69656,40
13.099360466,80.1700820923,70141,70232,91
13.0888700485,80.1696014404,71191,71242,51
13.0679597855,80.2054519653,72706,72756,50
13.0696496964,80.2048721313,72817,72857,40
13.0136499405,80.2045211792,74169,74200,31
13.0094203949,80.2112426758,74472,74512,40
12.9975996017,80.2166519165,75179,75219,40
12.9972295761,80.2166213989,75219,75259,40
12.9967699051,80.2166519165,75259,75290,31
12.976149559,80.2202606201,75744,75815,71
12.975810051,80.2202987671,75815,75956,141
12.9757299423,80.2210235596,75996,76087,91
13.015540123,80.2046890259,78459,78490,31
13.0687503815,80.2049789429,79681,79731,50
13.0996398926,80.1699981689,80791,80822,31
13.0853004456,80.1988067627,83285,83345,60
13.0679798126,80.2052230835,83688,83779,91
13.0045995712,80.2013015747,85061,85112,51
12.9965200424,80.1920013428,85394,85445,51
13.0759000778,80.2757797241,35,126,91
13.075920105,80.2760772705,20227,20277,50
13.0771102905,80.2761917114,20318,20368,50
13.0875797272,80.2839431763,20762,20893,131
13.0888395309,80.2902603149,21095,21135,40
13.006649971,80.2518768311,22388,22439,51
13.0066404343,80.2474594116,22489,22560,71
13.0431900024,80.2795410156,26556,26588,32
13.0888299942,80.2901763916,27113,27154,41
13.0877799988,80.2839508057,27345,27407,62
13.0260601044,80.2752990723,28561,28592,31
13.0066900253,80.2485809326,29208,29288,80
12.9765901566,80.2221832275,30321,30382,61
12.9829797745,80.2219772339,30807,30838,31
13.0112495422,80.2230987549,31525,31585,60
13.0150098801,80.2251205444,31686,31757,71
13.0069904327,80.2399368286,32090,32212,122
13.0237503052,80.2734603882,33040,33080,40
13.0635004044,80.2832794189,33737,33778,41
13.0887804031,80.2901611328,34100,34150,50
13.0852499008,80.2841110229,34261,34293,32
13.0866298676,80.2838668823,34354,34445,91
13.0877199173,80.2839508057,34485,34606,121
13.0881099701,80.2838668823,34616,34677,61
13.0884799957,80.2849502563,34828,34899,71
13.0066900253,80.2490463257,36567,36668,101
13.006649971,80.2478179932,36709,36840,131
13.0066699982,80.2406234741,37021,37052,31
12.9765300751,80.2220077515,38001,38173,172
12.9764900208,80.2222366333,38740,38780,40
13.0068101883,80.2514190674,40315,40365,50
13.0067396164,80.2571563721,40438,40478,40
13.0235004425,80.2731170654,40952,41013,61
13.0320596695,80.2775192261,41215,41255,40
13.0332698822,80.2773590088,41286,41335,49
13.0431203842,80.2795410156,41496,41536,40
13.0866603851,80.2839202881,42346,42406,60
13.0870704651,80.2839584351,42416,42569,153
13.0878696442,80.2839508057,42607,42680,73
13.0881795883,80.2837524414,42680,42730,50
13.0884103775,80.2848129272,42922,43002,80
13.0339403152,80.2774810791,43911,43942,31
13.0261001587,80.2753219604,44071,44138,67
13.0067901611,80.2508163452,44745,44785,40
13.0068302155,80.2505874634,44785,44906,121
13.0067596436,80.2485809326,44966,45118,152
12.9829502106,80.2219619751,46889,46950,61
13.0221595764,80.2713470459,48555,48597,42
13.0268096924,80.2755508423,48720,48802,82
13.0271396637,80.2757568359,48812,48984,172
13.027589798,80.276008606,49004,49035,31
13.0283298492,80.276222229,49065,49125,60
13.0740003586,80.2855911255,49922,49962,40
13.0887699127,80.2901611328,50115,50186,71
13.0865802765,80.2833709717,51439,51566,127
13.0866603851,80.2836990356,51566,51721,155
13.0869998932,80.2838516235,52002,52036,34
13.0877399445,80.2839126587,52095,52127,32
13.0880002975,80.2839584351,52127,52187,60
13.0882196426,80.2836074829,52217,52278,61
13.0883197784,80.2830123901,52308,52339,31
13.0883197784,80.2826309204,52369,52400,31
13.0883798599,80.2814712524,52421,52493,72
13.0883598328,80.2827606201,52554,52594,40
13.0884399414,80.284942627,52665,52735,70
13.0887203217,80.2901000977,52868,52899,31
13.0065402985,80.2525482178,54400,54440,40
13.0066699982,80.248260498,54511,54551,40
12.9765396118,80.2212677002,55611,55722,111
13.0069704056,80.2401123047,57823,57893,70
13.0239496231,80.2737884521,58633,58682,49
13.0310697556,80.2773666382,58905,58946,41
13.0322399139,80.2775421143,58976,59007,31
13.0370197296,80.278213501,59138,59187,49
13.0888204575,80.2903137207,59936,59986,50
13.0867700577,80.2839279175,60218,60391,173
13.087849617,80.2839126587,61127,61198,71
13.043589592,80.2798995972,62328,62359,31
13.0240898132,80.2740478516,62747,62808,61
13.0064496994,80.2546081543,63306,63397,91
13.0065402985,80.2537765503,63438,63498,60
13.0065603256,80.252166748,63547,63619,72
12.9975404739,80.2165985107,64478,64518,40
12.9766397476,80.221321106,65015,65075,60
12.9902801514,80.2205581665,66589,66641,52
13.0135097504,80.2244110107,67127,67168,41
13.013999939,80.2246704102,67188,67289,101
13.0147695541,80.225151062,67319,67410,91
13.0066995621,80.2573394775,68046,68157,111
13.023900032,80.2738037109,68672,68755,83
13.0629196167,80.2832489014,69563,69596,33
13.0887899399,80.2902984619,70071,70132,61
13.0875701904,80.2839813232,71276,71317,41
13.088139534,80.2836990356,71346,71377,31
13.0883703232,80.2849121094,71569,71650,81
13.0065803528,80.2480392456,73741,73793,52
13.0066795349,80.2403869629,73954,74015,61
12.9986200333,80.2169418335,74510,74550,40
12.9980096817,80.2167205811,74571,74611,40
13.0113401413,80.2231826782,77736,77796,60
13.0066404343,80.2571029663,78453,78504,51
13.075920105,80.2749404907,80855,80947,92
13.0760297775,80.2746124268,80947,80993,46
13.0761003494,80.2747421265,80993,81148,155
13.0749397278,80.2752609253,81148,81215,67
12.786359787,80.2215576172,4652,4772,120
12.7862501144,80.2214202881,17511,17602,91
13.0199604034,80.224899292,24276,24307,31
13.0143899918,80.2261428833,24417,24590,173
12.882060051,80.1924819946,27119,27168,49
12.860619545,80.1934204102,27534,27584,50
12.84333992,80.2004623413,27907,27969,62
12.8402299881,80.2008514404,27991,28022,31
12.8353300095,80.2010879517,28114,28155,41
12.7862501144,80.2215118408,29570,29603,33
12.7862997055,80.2216796875,29603,29785,182
12.786649704,80.2204589844,31239,31270,31
12.8975696564,80.1821212769,33849,33880,31
12.9159202576,80.1922302246,34155,34195,40
12.9169197083,80.1922912598,34195,34227,32
12.9172000885,80.1931228638,34378,34439,61
12.9171895981,80.1933364868,34439,34540,101
12.9712295532,80.2189331055,35651,35682,31
12.9722995758,80.2193908691,35793,35883,90
12.9734697342,80.2197799683,35933,36034,101
12.9746999741,80.2203903198,36064,36177,113
13.0225200653,80.2265930176,37501,37541,40
13.0244197845,80.2284164429,37673,37723,50
13.0140895844,80.2255477905,37935,38098,163
13.0142402649,80.2261581421,39107,39149,42
12.975689888,80.2211074829,39996,40046,50
12.9755096436,80.2209396362,40046,40087,41
12.9166402817,80.1923522949,41118,41158,40
12.8100299835,80.1595687866,43102,43163,61
12.8335599899,80.1667480469,43758,43789,31
13.0349998474,80.2299575806,47830,47870,40
13.0341300964,80.2302322388,47921,48032,111
13.0143604279,80.226272583,49792,49832,40
12.9974603653,80.2165298462,50194,50227,33
12.9756097794,80.2210769653,50691,50732,41
12.9295196533,80.202796936,51531,51582,51
12.8278598785,80.1651992798,53203,53243,40
12.8100099564,80.1596069336,53567,53599,32
12.8279304504,80.1651535034,54841,54882,41
12.9635095596,80.2158966064,57066,57106,40
12.9761295319,80.2212219238,57378,57429,51
13.0339097977,80.230430603,58713,58754,41
13.0342903137,80.2298965454,59826,59907,81
13.0342197418,80.2304229736,59917,59977,60
13.027009964,80.2329788208,60180,60240,60
12.9754896164,80.2209701538,61527,61578,51
12.8275899887,80.1651687622,64167,64198,31
12.8100204468,80.1596298218,64542,64582,40
12.8104295731,80.1597290039,64592,64734,142
12.8166399002,80.1601333618,64877,64928,51
12.8820495605,80.1710205078,65937,66005,68
12.9749202728,80.2205429077,68254,68324,70
12.9867200851,80.2229995728,68709,68790,81
13.0326499939,80.2305831909,70194,70235,41
13.0332698822,80.2305297852,70265,70315,50
13.0345001221,80.2303466797,70386,70447,61
13.0341796875,80.2301864624,71286,71397,111
13.0311603546,80.2307662964,71467,71558,91
13.0304002762,80.2308120728,71608,71699,91
13.0011196136,80.2183303833,72782,72822,40
13.0006599426,80.2180404663,72832,72863,31
13.0000495911,80.2176208496,72893,72984,91
12.998000145,80.2166595459,73095,73135,40
12.9756803513,80.2211532593,73824,73905,81
12.8823299408,80.1706619263,75834,75902,68
12.8099899292,80.1596298218,76936,76976,40
12.8102903366,80.1597213745,76996,77027,31
12.882399559,80.1706237793,78566,78634,68
12.9170703888,80.192237854,79918,79949,31
13.0149698257,80.2258987427,81689,81750,61
13.0147399902,80.2260818481,81760,81811,51
13.0141601563,80.2258987427,81841,81992,151
13.0144300461,80.2252578735,82033,82083,50
12.9968099594,80.1910476685,18,109,91
12.9966802597,80.1912994385,17541,17622,81
13.0037899017,80.2008209229,19419,19550,131
13.0687799454,80.2050323486,20709,20770,61
13.0988101959,80.1697463989,21900,21951,51
13.0991802216,80.169631958,21951,22001,50
13.0995702744,80.169670105,22011,22042,31
13.0681200027,80.2054367065,23778,23899,121
13.0685100555,80.2048797607,23950,24030,80
13.0688495636,80.204750061,24030,24091,61
13.0379800797,80.2123413086,24586,24636,50
13.0104598999,80.2117919922,25292,25333,41
13.0096597672,80.211151123,25363,25412,49
12.9759101868,80.2209777832,26282,26433,151
12.9761800766,80.2211608887,26665,26847,182
12.9762096405,80.2212371826,26847,26908,61
12.9761800766,80.2211990356,26908,27019,111
13.0439395905,80.2122573853,28563,28624,61
13.0690603256,80.2052536011,29128,29179,51
13.0687599182,80.2049789429,29199,29250,51
13.0679798126,80.2051925659,33610,33681,71
13.0448999405,80.2124633789,34337,34478,141
13.038479805,80.2124710083,34560,34671,111
13.0376300812,80.2123565674,34691,34873,182
13.010430336,80.211730957,35700,35731,31
13.0099401474,80.2114028931,35751,35791,40
13.0096197128,80.2111434937,35800,35852,52
12.9762201309,80.2201004028,36881,36982,101
12.9756002426,80.2204589844,37023,37104,81
12.9755802155,80.2208099365,37114,37204,90
12.9761295319,80.2212371826,37770,37901,131
12.9826803207,80.2218322754,38032,38071,39
13.0365800858,80.212272644,39445,39496,51
13.0440196991,80.2122116089,39597,39647,50
13.0498399734,80.2119598389,39768,39809,41
13.07213974,80.2021636963,40273,40323,50
13.0848398209,80.1985092163,40636,40667,31
13.0877599716,80.1883392334,40929,40969,40
13.0995397568,80.1697387695,41545,41726,181
13.0879201889,80.1878814697,43129,43170,41
13.0845003128,80.1987228394,43725,43765,40
13.0831699371,80.1986694336,43796,43846,50
13.068110466,80.205406189,44169,44219,50
13.0687303543,80.2047576904,44250,44300,50
13.0691900253,80.2047195435,44310,44341,31
13.0450401306,80.2124099731,44886,44936,50
13.0375795364,80.2124328613,45037,45128,91
12.9755601883,80.2205429077,46864,46913,49
12.9757404327,80.2208709717,46913,46994,81
12.9761400223,80.2211837769,48186,48277,91
13.0687303543,80.2048721313,50427,50477,50
13.0886602402,80.1700668335,51376,51446,70
13.0996599197,80.1698684692,51618,51668,50
13.0995798111,80.1696624756,51678,51759,81
13.0889396667,80.1695785522,52920,52991,71
13.0882301331,80.1792984009,53182,53223,41
13.0873804092,80.1926574707,53425,53485,60
13.0680904388,80.2054519653,54222,54343,121
13.0679397583,80.2051086426,54353,54394,41
13.0494604111,80.2121810913,54858,54898,40
13.037560463,80.2123794556,55090,55171,81
13.0343904495,80.2121276855,55231,55262,31
13.0128898621,80.2090988159,55755,55794,39
12.9756498337,80.2208099365,56907,56988,81
12.9759597778,80.220993042,56988,57077,89
12.976149559,80.2213363647,57805,57936,131
13.0440502167,80.2122497559,59572,59652,80
13.0632400513,80.2114715576,59985,60036,51
13.0687198639,80.2049407959,60177,60218,41
13.0721101761,80.2022399902,60298,60349,51
13.0881004333,80.1798629761,61096,61146,50
13.0990695953,80.1701431274,61520,61560,40
13.0995702744,80.1696777344,61600,61691,91
13.0860996246,80.2003707886,63740,63771,31
13.0679502487,80.2053604126,64235,64296,61
13.0687398911,80.2048034668,64326,64366,40
13.0696697235,80.2048492432,64406,64447,41
13.0495195389,80.2122421265,64931,64972,41
13.0381298065,80.2125015259,65164,65234,70
13.0191802979,80.2063903809,65709,65769,60
13.0188503265,80.2063369751,65769,65810,41
13.0185003281,80.2061920166,65810,65911,101
13.017829895,80.2059402466,66173,66324,151
13.0174999237,80.2057723999,66324,66445,121
13.0172700882,80.2056808472,66445,66577,132
13.0146903992,80.2048492432,66668,66738,70
13.0136899948,80.2044677734,66779,66839,60
13.0098695755,80.2114181519,67071,67132,61
13.0095396042,80.211151123,67132,67182,50
12.9973897934,80.216583252,67990,68030,40
12.975520134,80.2205429077,68565,68606,41
12.9757099152,80.2209014893,68616,68707,91
12.9864702225,80.2230377197,69211,69272,61
12.9868402481,80.2230911255,69272,69403,131
13.0035400391,80.212059021,69898,69948,50
13.0071001053,80.2098464966,70090,70130,40
13.0074796677,80.2099227905,70160,70201,41
13.0158100128,80.2048873901,70546,70607,61
13.016169548,80.2050323486,70607,70647,40
13.0634202957,80.21144104,71697,71737,40
13.0687398911,80.2051086426,71929,71969,40
13.071559906,80.2026367188,72131,72282,151
13.0718202591,80.2023391724,72282,72323,41
13.0804796219,80.198677063,72615,72656,41
13.0994596481,80.169708252,73736,73837,101
13.0873699188,80.1927337646,75735,75785,50
13.0679197311,80.2052001953,76613,76704,91
13.0679998398,80.2050018311,76704,76744,40
13.0374803543,80.2124404907,77430,77491,61
13.0095100403,80.2110595703,78268,78349,81
12.9758501053,80.2210693359,79692,79843,151
12.9968500137,80.1913986206,20422,20503,81
12.9968996048,80.1912536621,20513,20644,131
12.9966602325,80.1915130615,23308,23490,182
13.0687599182,80.2050170898,25690,25739,49
13.0997200012,80.1697463989,26760,26800,40
13.098690033,80.1699371338,27971,28031,60
13.099360466,80.1699981689,28092,28153,61
13.0882797241,80.1794433594,28455,28496,41
13.0879402161,80.1879425049,28637,28677,40
13.0350999832,80.2123031616,30221,30252,31
13.0304498672,80.2092437744,30403,30443,40
13.0097999573,80.2113113403,31009,31079,70
13.009519577,80.2110977173,31079,31130,51
12.9757404327,80.2204208374,32109,32149,40
12.9760303497,80.2211074829,32684,32795,111
12.9936599731,80.2179489136,33199,33239,40
13.0349597931,80.2118988037,34399,34440,41
13.0544996262,80.2114181519,34833,34864,31
13.0636396408,80.2115097046,35005,35066,61
13.0687103271,80.2049026489,35217,35257,40
13.069560051,80.204750061,35288,35328,40
13.0823297501,80.1984481812,35641,35681,40
13.088060379,80.1797637939,36155,36216,61
13.0873804092,80.1925201416,37699,37730,31
13.0929498672,80.2002563477,37952,37992,40
13.0679702759,80.2053527832,38547,38587,40
13.0696601868,80.204788208,38638,38678,40
13.0503196716,80.2121582031,39041,39072,31
13.0095901489,80.2111434937,40041,40212,171
12.9758396149,80.2209320068,41262,41332,70
13.0440702438,80.2122573853,43502,43542,40
13.0442895889,80.2121963501,43542,43603,61
13.0720996857,80.2022323608,44168,44238,70
13.0851202011,80.1984786987,44450,44481,31
13.0885801315,80.1713485718,44985,45036,51
13.0886802673,80.1702575684,45086,45147,61
13.0882101059,80.178527832,47790,47831,41
13.0500602722,80.2121582031,49244,49284,40
13.044719696,80.2124404907,49385,49425,40
12.9755802155,80.2205200195,51171,51221,50
12.9755401611,80.2208633423,51231,51302,71
12.9963798523,80.1914596558,52412,52452,40
12.9967899323,80.1908721924,52473,52594,121
12.9964895248,80.1914291382,54077,54148,71
13.0438995361,80.2122268677,55096,55147,51
13.0496702194,80.2119216919,55247,55288,41
13.0693597794,80.2047195435,55752,55813,61
13.0886297226,80.1697463989,56731,56792,61
13.0993700027,80.1701202393,58265,58436,171
13.0829801559,80.198638916,59516,59587,71
13.0699100494,80.2050476074,59778,59839,61
13.0697498322,80.2049179077,59980,60041,61
13.0503196716,80.2121887207,60414,60455,41
13.0376501083,80.212310791,60636,60717,81
13.0099096298,80.2114334106,61282,61353,71
12.9869403839,80.2182693481,62200,62231,31
12.9755802155,80.2205123901,62402,62503,101
13.0438203812,80.2122802734,64996,65056,60
13.0483903885,80.212059021,65137,65177,40
13.0498104095,80.2119293213,65208,65288,80
13.0687503815,80.2049407959,65722,65763,41
13.0691604614,80.2047576904,65783,65823,40
13.072019577,80.2023391724,65884,65924,40
13.0814599991,80.1986236572,66086,66126,40
13.082400322,80.1985473633,66156,66207,51
13.0831699371,80.1985626221,66227,66267,40
13.0872497559,80.1931991577,66550,66600,50
13.0880203247,80.1798782349,66863,66903,40
13.0886096954,80.1698684692,67115,67196,81
13.0882396698,80.1795196533,69053,69113,60
13.0876197815,80.1906967163,69335,69406,71
13.0874996185,80.1914596558,69436,69497,61
13.0873699188,80.1924285889,69527,69597,70
13.0853395462,80.1991424561,70001,70042,41
13.0837097168,80.1987304688,70183,70233,50
13.0450496674,80.2124710083,71142,71212,70
13.0105800629,80.2119903564,72030,72070,40
13.0101995468,80.2116394043,72080,72120,40
13.0094003677,80.2111129761,72141,72181,40
13.0015096664,80.2186279297,72827,72877,50
13.0005998611,80.2179870605,72918,72978,60
13.0002498627,80.2177886963,72988,73029,41
12.9976997375,80.2166290283,73190,73221,31
12.9758396149,80.2203979492,73725,73836,111
12.9757995605,80.2209625244,73875,73957,82
12.9760704041,80.2211685181,74209,74280,71
13.0441198349,80.2123031616,76339,76440,101
13.0686903,80.2050170898,76944,76975,31
13.0872402191,80.1929397583,77449,77499,50
13.0886001587,80.1702194214,77863,77923,60
13.0993900299,80.1701431274,78135,78236,101
13.0989198685,80.1702423096,78246,78418,172
13.08314991,80.198677063,79256,79296,40
13.044500351,80.2124099731,80093,80144,51
13.0096597672,80.2112426758,80889,80941,52
12.9760303497,80.2210388184,82102,82213,111
12.9964103699,80.1918716431,85553,85604,51
12.9975404739,80.2569580078,27490,27530,40
12.9973402023,80.2569503784,27540,27611,71
12.9973802567,80.2568969727,27611,27792,181
12.9973402023,80.2567214966,28135,28327,192
12.9972600937,80.2568435669,28327,28448,121
12.9976596832,80.2567520142,28700,28731,31
12.9977197647,80.2563476563,28731,28801,70
12.997710228,80.2560424805,28801,28852,51
12.9991903305,80.2561264038,28902,28942,40
13.0236902237,80.2734222412,29961,29992,31
13.0294303894,80.2766418457,30193,30234,41
13.0592098236,80.2626800537,32453,32625,172
13.058839798,80.2627334595,32625,32675,50
13.058930397,80.26222229,34158,34249,91
13.0588302612,80.2623291016,34774,34905,131
13.0589504242,80.2623596191,70541,70622,81
13.0591201782,80.2624893188,74022,74204,182
13.0588598251,80.2621002197,81923,81974,51
13.0588998795,80.2622528076,81974,82024,50
13.0589599609,80.2623977661,82024,82064,40
13.0588798523,80.2625808716,82417,82468,51
13.0588598251,80.2623214722,82468,82528,60
13.0588998795,80.2626190186,83245,83396,151
12.9958896637,80.1895980835,23737,23777,40
13.0037498474,80.2008132935,23958,23989,31
13.099360466,80.1698303223,26218,26339,121
13.0830898285,80.1986694336,27519,27579,60
13.0679597855,80.2051391602,27821,27862,41
13.0696802139,80.2048187256,27942,27973,31
13.0638303757,80.2117233276,28124,28164,40
12.9756202698,80.2207870483,30272,30333,61
13.0069904327,80.2097702026,32309,32350,41
13.0349998474,80.2116012573,33086,33136,50
13.0349903107,80.2118988037,33146,33177,31
13.0366601944,80.2122802734,33217,33267,50
13.0433797836,80.212272644,33348,33388,40
13.0687503815,80.2049865723,34003,34034,31
13.0718097687,80.2024688721,34125,34175,50
13.0880699158,80.1797409058,35032,35093,61
13.0886602402,80.1698303223,35284,35355,71
13.099439621,80.1700897217,36121,36172,51
13.0928897858,80.2003479004,37099,37140,41
13.0699501038,80.2049179077,37694,37745,51
13.0679597855,80.2051391602,37795,37826,31
13.0697603226,80.2048568726,37916,37947,31
13.0638999939,80.2116775513,38108,38158,50
13.0445804596,80.2124099731,38511,38572,61
13.0187997818,80.206237793,39338,39510,172
12.9964103699,80.1913986206,44208,44239,31
12.9958896637,80.189781189,44269,44309,40
12.9756698608,80.2203979492,45741,45790,49
12.976099968,80.2211837769,45832,46003,171
13.0074100494,80.2098236084,46749,46780,31
13.0636997223,80.211517334,47869,47909,40
13.0687198639,80.2050018311,48040,48091,51
13.0879402161,80.1845626831,48867,48928,61
13.0879602432,80.1842803955,48938,48997,59
13.0880002975,80.1830978394,49028,49079,51
13.0880203247,80.1827774048,49089,49170,81
13.0880804062,80.1796035767,49240,49291,51
13.0885601044,80.1706924438,49472,49533,61
13.0995798111,80.1700668335,49743,49785,42
13.0698699951,80.2050323486,53000,53042,42
13.0679302216,80.2052307129,53092,53203,111
13.0697402954,80.2049026489,53274,53324,50
13.0499897003,80.2121963501,53687,53727,40
13.0377197266,80.2124099731,53899,53969,70
12.9761400223,80.2212600708,56329,56369,40
13.069149971,80.2052230835,58235,58286,51
13.0686998367,80.2050018311,58316,58366,50
13.0880899429,80.1800613403,59112,59153,41
13.088640213,80.1698532104,59395,59465,70
13.0829401016,80.1986618042,60998,61079,81
13.0679502487,80.2053909302,61361,61392,31
13.0679397583,80.2052307129,61392,61432,40
13.0513696671,80.212310791,61845,61886,41
13.0444698334,80.2124786377,62087,62168,81
13.0099201202,80.2114334106,63044,63076,32
12.9755096436,80.220703125,64114,64145,31
13.0077800751,80.2099761963,65940,65980,40
13.0436201096,80.212272644,66908,67039,131
13.0686903,80.2049713135,67725,67795,70
13.0719203949,80.2023086548,67987,68108,121
13.0994300842,80.1697463989,69671,69762,91
13.0829696655,80.1987228394,71739,71799,60
13.0699396133,80.2049407959,72071,72122,51
13.0678901672,80.205368042,72182,72253,71
13.0694999695,80.204788208,72303,72344,41
13.0377502441,80.2124710083,72969,73030,61
13.0095100403,80.2111816406,73867,73927,60
12.9987602234,80.2169570923,74512,74553,41
12.9981403351,80.2167129517,74573,74613,40
12.9972896576,80.2165985107,74643,74674,31
12.9759597778,80.2203216553,75137,75228,91
13.0440397263,80.2122879028,77848,77949,101
13.0687103271,80.2050170898,78443,78484,41
13.0689201355,80.2047271729,78494,78534,40
13.071969986,80.202331543,78635,78695,60
13.0993404388,80.1700973511,79684,79734,50
13.0698404312,80.2050018311,82002,82044,42
13.0679702759,80.2053527832,82094,82225,131
13.0094299316,80.2110671997,83476,83516,40
12.9759597778,80.2210464478,84836,84908,72
12.9963102341,80.1915893555,85796,85917,121
13.0759601593,80.2744064331,2347,2529,182
13.0759496689,80.2744598389,8737,8848,111
13.0761499405,80.2744903564,16814,16915,101
13.0760698318,80.2744522095,26496,26677,181
13.0761203766,80.2744216919,27818,27929,111
13.0762195587,80.2747192383,30504,30575,71
13.075969696,80.2750167847,31623,31665,42
13.0757904053,80.2751922607,31675,31867,192
13.0761098862,80.2751312256,31867,32059,192
13.0760202408,80.2750015259,32543,32715,172
13.0758895874,80.2752075195,32715,32765,50
13.0759496689,80.2749862671,32765,32856,91
13.0761499405,80.2750396729,32856,33008,152
13.0760498047,80.275138855,33008,33098,90
13.0761995316,80.2751083374,33107,33179,72
13.0758495331,80.2750930786,33199,33230,31
13.0760803223,80.2750473022,33230,33341,111
13.0761995316,80.275062561,35057,35128,71
13.0760202408,80.2751617432,37873,38045,172
13.0761804581,80.2751464844,40145,40185,40
13.0761203766,80.2751235962,41750,41789,39
13.0757904053,80.2751312256,43789,43951,162
13.0762195587,80.2752304077,45566,45657,91
13.0760297775,80.275100708,46303,46465,162
13.0759801865,80.2749404907,48474,48514,40
13.0760803223,80.275177002,48716,48827,111
13.0760002136,80.2750167847,50785,50836,51
13.0760402679,80.2751617432,51300,51391,91
13.0758199692,80.2752380371,52906,52966,60
13.076089859,80.2751922607,62103,62234,131
13.076089859,80.2750015259,62234,62274,40
13.0758800507,80.2750167847,62284,62345,61
13.0757398605,80.275062561,64051,64223,172
13.0758399963,80.2751617432,65161,65212,51
13.0759601593,80.2752609253,65212,65293,81
13.0759801865,80.2751922607,66080,66221,141
13.0759000778,80.2752609253,66231,66342,111
13.0758199692,80.2750396729,66565,66625,60
13.075920105,80.2750091553,66978,67049,71
13.0759401321,80.2749633789,67049,67150,101
13.0760402679,80.2751464844,68806,68957,151
13.0759401321,80.2751235962,71954,72016,62
13.0756998062,80.2752227783,72016,72066,50
13.0758304596,80.2752227783,73379,73510,131
13.0758695602,80.2751235962,73510,73581,71
13.0758895874,80.2751312256,73611,73803,192
13.0756597519,80.2753067017,74086,74207,121
13.0758600235,80.2750778198,74217,74338,121
13.0756702423,80.2753219604,74338,74409,71
13.0758800507,80.2752304077,74772,74853,81
13.075969696,80.2752532959,74853,75035,182
13.0757398605,80.2755203247,75327,75368,41
13.0758600235,80.2752532959,75378,75438,60
13.0757799149,80.2752532959,75691,75812,121
13.0758304596,80.2753677368,75812,75852,40
13.0759801865,80.2751464844,75852,75994,142
13.0759496689,80.2749328613,75994,76085,91
13.0760297775,80.2749710083,76085,76165,80
13.0756702423,80.2751312256,76186,76256,70
13.0759401321,80.2753601074,76286,76357,71
13.0760097504,80.2750778198,76367,76438,71
13.0758104324,80.2750778198,76438,76488,50
13.0759601593,80.2750701904,76488,76620,132
13.0759096146,80.2752304077,76700,76842,142
13.0760698318,80.2751235962,76852,76933,81
13.0761098862,80.275138855,76933,76983,50
13.0759096146,80.2751235962,76983,77165,182
13.0760002136,80.275138855,77165,77286,121
13.0759000778,80.2750473022,79719,79870,151
13.0761404037,80.2750778198,86170,86281,111
13.1199102402,80.2580032349,6416,6466,50
13.1205301285,80.2591629028,21494,21545,51
13.1928195953,80.1844406128,22977,23048,71
13.2308197021,80.1642227173,23582,23648,66
13.2744197845,80.1511917114,24111,24179,68
13.4291000366,80.1700592041,26366,26438,72
13.4079303741,80.126953125,31128,31169,41
13.1935195923,80.1838989258,34051,34092,41
13.1289596558,80.241317749,37390,37431,41
13.1237096786,80.2481384277,37612,37643,31
13.1206502914,80.2583007813,38480,38641,161
13.1204900742,80.2592163086,76813,76914,101
13.123000145,80.2657089233,77196,77257,61
13.1205301285,80.2593994141,77489,77529,40
13.1038999557,80.2609863281,78103,78153,50
13.0972204208,80.2477111816,78587,78656,69
13.0968904495,80.2449188232,78686,78717,31
13.0749998093,80.2180099487,79866,79957,91
13.0690803528,80.2053222656,80441,80512,71
13.0686597824,80.2048187256,81389,81470,81
13.0747804642,80.2755126953,22330,22369,39
13.0760202408,80.2758026123,22482,22552,70
13.0825004578,80.2818374634,22783,22825,42
13.0874204636,80.2838973999,22885,22956,71
13.0878295898,80.2838821411,22966,22997,31
13.0881500244,80.283821106,23007,23098,91
13.0014600754,80.2565307617,24612,24643,31
12.9281797409,80.2387771606,26349,26400,51
12.9877300262,80.2513427734,27662,27773,111
13.0876703262,80.2839431763,29884,29995,111
13.0879001617,80.2841186523,30389,30530,141
13.0339403152,80.2774200439,32146,32186,40
12.9888000488,80.2559509277,33267,33357,90
12.9863996506,80.2556228638,33448,33529,81
12.9257698059,80.238243103,35407,35528,121
12.9473800659,80.239982605,36195,36306,111
12.9559898376,80.2431488037,36538,36599,61
12.962849617,80.2463531494,36740,36791,51
12.9798498154,80.2525863647,37104,37154,50
12.987739563,80.2557067871,37911,37962,51
12.9965400696,80.2558517456,38154,38194,40
12.9990100861,80.2559967041,38255,38295,40
13.005689621,80.25730896,38436,38477,41
13.0563802719,80.28175354,39577,39608,31
13.0639896393,80.2834091187,39749,39810,61
13.0857896805,80.283531189,40262,40333,71
13.0882101059,80.2837219238,41120,41161,41
13.0880899429,80.2839431763,41171,41262,91
13.0884504318,80.2849502563,41433,41494,61
13.0047702789,80.2571563721,43321,43382,61
13.004360199,80.2571487427,43392,43432,40
13.0039596558,80.2570266724,43432,43503,71
13.0028095245,80.2567901611,43564,43624,60
12.9568996429,80.243888855,44472,44543,71
12.9312601089,80.2385635376,45129,45179,50
12.9284496307,80.2388687134,45260,45300,40
12.9254302979,80.2382583618,45361,45421,60
12.9250898361,80.238243103,45452,45492,40
12.9256401062,80.238243103,45512,45654,142
12.9357404709,80.2338562012,46037,46078,41
12.9860801697,80.2516937256,46885,46926,41
12.9877500534,80.2548675537,47047,47168,121
12.9988698959,80.2559967041,47400,47441,41
13.0237703323,80.2734985352,48097,48147,50
13.0283403397,80.2762298584,48279,48390,111
13.0287103653,80.2763519287,48390,48551,161
13.0287904739,80.2763977051,48561,48632,71
13.0291004181,80.276550293,48632,48814,182
13.0296201706,80.2766799927,48834,48884,50
13.0306301117,80.2770767212,48945,48996,51
13.0886802673,80.2901306152,49945,50015,70
13.0861902237,80.2835464478,50115,50185,70
13.0876102448,80.2836914063,50215,50256,41
13.0877399445,80.2839431763,52467,52517,50
13.088060379,80.2839202881,52517,52679,162
13.0881595612,80.2837982178,52689,52748,59
13.0881795883,80.2835769653,52748,52820,72
13.0625696182,80.2831573486,53577,53608,31
13.0026102066,80.2567520142,54718,54779,61
12.9881000519,80.255859375,55151,55284,133
12.9341402054,80.2350769043,56263,56304,41
12.9284095764,80.238861084,56536,56576,40
12.9356899261,80.2338409424,57000,57051,51
12.9510202408,80.241317749,57160,57230,70
12.9562902451,80.2434234619,57301,57352,51
12.9632902145,80.2465896606,57483,57533,50
12.9796104431,80.2526168823,57745,57786,41
12.9834604263,80.2524490356,57846,57917,71
12.9866600037,80.2516784668,57998,58159,161
13.0008602142,80.2564468384,58604,58644,40
13.0063495636,80.2574768066,58755,58816,61
13.0317802429,80.2776184082,59502,59543,41
13.0340795517,80.2774810791,59633,59664,31
13.0630302429,80.2832107544,60166,60200,34
13.0888299942,80.2902526855,60584,60624,40
13.0878000259,80.2839508057,60866,61028,162
13.0880203247,80.2839813232,61028,61099,71
13.0626096725,80.2831726074,61896,61927,31
13.0071897507,80.2587585449,63146,63187,41
13.0013198853,80.2565994263,63298,63369,71
12.9884901047,80.2559509277,63742,63883,141
12.9861898422,80.2555618286,63934,63974,40
12.9638299942,80.246963501,64429,64479,50
12.9284601212,80.238899231,65408,65469,61
12.9257698059,80.2382965088,65529,65590,61
12.9351797104,80.2352523804,65984,66055,71
12.9395103455,80.2355804443,66155,66186,31
12.9632396698,80.2465591431,66600,66660,60
12.9752702713,80.250831604,66862,66953,91
12.9785604477,80.2523880005,67014,67064,50
12.9795598984,80.2526321411,67095,67256,161
12.9838399887,80.2524032593,67559,67741,182
12.9967699051,80.2559204102,68165,68225,60
13.0054197311,80.2573165894,68478,68549,71
13.0163898468,80.2597427368,68751,68791,40
13.0431003571,80.2796173096,69579,69639,60
13.0631504059,80.2832717896,69983,70033,50
13.0887498856,80.2902069092,70437,70528,91
13.0883998871,80.284942627,71891,71940,49
13.0012903214,80.2566070557,73850,73921,71
12.9888801575,80.2560119629,74214,74254,40
12.9886302948,80.2559967041,74264,74325,61
12.9565401077,80.2436599731,74951,74991,40
12.9357004166,80.2339477539,76193,76233,40
12.9487400055,80.2406311035,76395,76435,40
12.9633798599,80.2466430664,76677,76738,61
12.9856100082,80.2518920898,77031,77071,40
12.9875001907,80.2513809204,77112,77243,131
12.996219635,80.2558670044,77485,77516,31
13.0064201355,80.2574615479,77758,77829,71
13.0430698395,80.279548645,78616,78667,51
13.0822401047,80.2786026001,79747,79788,41
13.0757904053,80.2751083374,85220,85301,81
12.9979000092,80.2563400269,23760,23861,101
12.9871702194,80.2595367432,24051,24083,32
12.986579895,80.2593002319,24103,24184,81
12.9868803024,80.2590713501,24194,24274,80
12.9988603592,80.2560119629,24526,24557,31
13.0065603256,80.2526779175,24738,24789,51
13.0066699982,80.2518615723,24809,24859,50
13.0755395889,80.2586212158,26674,26725,51
13.0312595367,80.240447998,29942,29982,40
13.0069904327,80.2399291992,30617,30658,41
13.0066795349,80.2449264526,30779,30819,40
13.0066699982,80.2571487427,31011,31071,60
12.9891996384,80.2559967041,31374,31414,40
12.9866695404,80.2591018677,31575,31656,81
12.9876098633,80.2559967041,32963,33054,91
12.9967699051,80.255859375,33276,33336,60
13.0010004044,80.2564315796,33447,33498,51
13.0066299438,80.248260498,33760,33901,141
13.0066404343,80.2408370972,34123,34193,70
13.0203199387,80.2249679565,34697,34728,31
13.0222902298,80.2264404297,34849,34889,40
13.0231103897,80.2273178101,34939,34970,31
13.0242996216,80.2283782959,35010,35050,40
13.02602005,80.2309875488,35131,35191,60
13.0389995575,80.2468109131,35635,35677,42
13.0788803101,80.2547225952,37079,37230,151
13.098449707,80.2421035767,37916,38097,181
13.0984802246,80.2423095703,38097,38178,81
13.0975198746,80.2422180176,38208,38289,81
13.0859699249,80.2501831055,38642,38692,50
13.0777902603,80.262046814,39095,39126,31
13.0395803452,80.2470932007,40265,40325,60
13.0327301025,80.2431411743,40527,40598,71
13.0327997208,80.2429199219,40598,40678,80
13.0319299698,80.2419281006,40759,40860,101
13.031129837,80.2401885986,40890,40971,81
13.016119957,80.2256088257,41445,41495,50
13.0069599152,80.2399368286,41818,41858,40
13.0015001297,80.2565689087,42342,42382,40
12.9976501465,80.2570114136,42523,42564,41
12.9976396561,80.2567520142,42584,42672,88
12.9920902252,80.2560577393,42672,42823,151
12.9879903793,80.255821228,42853,42893,40
12.9875297546,80.2572097778,42893,42924,31
12.9875602722,80.2560424805,43448,43539,91
12.9925699234,80.2560501099,43650,43690,40
12.9937000275,80.2559814453,43740,43801,61
12.9950399399,80.2559280396,43851,43902,51
12.9965696335,80.2559509277,43932,43992,60
13.0065603256,80.2520370483,44466,44527,61
13.0067596436,80.2498626709,44567,44678,111
13.0067996979,80.2488479614,44708,44869,161
13.0259103775,80.2309036255,45726,45757,31
13.0662899017,80.2680587769,46926,46957,31
13.078909874,80.2549133301,47541,47582,41
13.0968399048,80.2419586182,48166,48197,31
13.0975103378,80.2422180176,48539,48590,51
13.0322904587,80.2424316406,50748,50828,80
13.0317201614,80.2413482666,50869,50959,90
13.0069503784,80.2400665283,51584,51625,41
13.0066699982,80.2572479248,51835,51897,62
13.0015201569,80.2565765381,51988,52048,60
12.9874401093,80.2585601807,52391,52441,50
12.9872503281,80.2592773438,52461,52492,31
12.9875802994,80.2560424805,53449,53540,91
13.0066099167,80.252281189,54095,54135,40
13.006649971,80.2479324341,54216,54276,60
13.0754499435,80.2584991455,56434,56484,50
13.085650444,80.2456283569,56948,57019,71
13.0970802307,80.2419891357,57250,57311,61
13.0655498505,80.2677078247,59729,59779,50
13.0324602127,80.24269104,60717,60767,50
13.0322303772,80.2423706055,60767,60838,71
13.0312700272,80.240447998,60888,60959,71
13.0068597794,80.2499923706,61967,62027,60
13.0067996979,80.2503433228,62027,62068,41
13.0066604614,80.2568588257,62199,62249,50
12.9893798828,80.2560195923,62641,62753,112
12.9961595535,80.2559204102,63999,64059,60
13.0065803528,80.2534637451,64483,64543,60
13.0067195892,80.2490768433,64664,64805,141
13.006649971,80.2474594116,64856,64956,100
13.0066204071,80.2407073975,65188,65249,61
13.0802698135,80.2548294067,67798,67858,60
13.0855798721,80.2454299927,68211,68272,61
13.097530365,80.2423019409,68938,68969,31
13.0974798203,80.2422866821,68969,69049,80
13.0929403305,80.2410812378,69150,69199,49
13.0858898163,80.2500991821,69493,69543,50
13.0790901184,80.2562866211,69826,69886,60
13.0325698853,80.2429962158,71600,71631,31
13.0311498642,80.2403717041,71711,71873,162
13.0265102386,80.2332763672,71984,72034,50
13.0068998337,80.2400512695,72568,72689,121
13.0066299438,80.2443008423,72770,72810,40
13.0019397736,80.2566604614,73143,73194,51
12.9881601334,80.2559509277,73516,73597,81
12.9865598679,80.2591781616,73778,73819,41
12.9868202209,80.2591705322,74811,74871,60
13.006529808,80.2520904541,75779,75839,60
13.03083992,80.2393264771,76727,76777,50
13.0388803482,80.2468490601,77009,77049,40
13.0769500732,80.2641296387,77915,77987,72
13.0913801193,80.240852356,78721,78810,89
13.0968904495,80.2419815063,78891,78981,90
13.0975103378,80.2422180176,79102,79153,51
13.0069198608,80.2399902344,81331,81401,70
13.0066795349,80.257232666,81603,81694,91
12.9874200821,80.2582015991,82017,82067,50
12.9871501923,80.2590484619,82107,82208,101
12.9965295792,80.2558288574,82440,82490,50
12.9982004166,80.2570724487,82551,82679,128
13.0140695572,80.2258377075,833,1025,192
13.0144395828,80.2258224487,14898,14968,70
13.0142002106,80.2256469727,14968,15150,182
13.0142097473,80.2255935669,15160,15230,70
13.0142402649,80.2256774902,15987,16159,172
13.0143604279,80.2257995605,16875,17036,161
13.0143299103,80.2257003784,17036,17147,111
13.0145196915,80.2257232666,17430,17561,131
13.0143003464,80.2258300781,17571,17611,40
13.0093297958,80.2224731445,17702,17743,41
12.9903001785,80.2205123901,17944,18035,91
12.9829101563,80.2216567993,18055,18106,51
12.9131298065,80.1921310425,19135,19286,151
12.889960289,80.1739578247,19488,19579,91
12.8757696152,80.1709213257,19639,19680,41
12.8698797226,80.1747970581,19748,19788,40
12.8649301529,80.1756820679,19799,19869,70
12.8593502045,80.172668457,19879,19940,61
12.8359603882,80.1685333252,20202,20242,40
12.8100500107,80.1597213745,20989,21050,61
12.8102703094,80.1595611572,21090,21130,40
12.810259819,80.15965271,21635,21736,101
12.810259819,80.1596298218,22896,23047,151
12.8102302551,80.1597213745,23047,23158,111
12.8572397232,80.1720428467,23801,23841,40
12.8609304428,80.1731491089,23922,24012,90
12.8770799637,80.1703796387,24071,24140,69
12.8770799637,80.1703796387,24140,24229,89
12.890879631,80.175743103,24372,24412,40
12.8942499161,80.1802597046,24473,24553,80
12.8961296082,80.1812286377,24563,24594,31
12.9116897583,80.1918106079,24876,24967,91
12.9416799545,80.2061462402,25623,25683,60
12.9786500931,80.2210693359,26279,26329,50
12.9835500717,80.2223815918,26389,26430,41
12.9919996262,80.2191772461,26601,26652,51
12.9997797012,80.2173690796,26733,26803,70
13.0129404068,80.222038269,26934,26983,49
13.0210504532,80.2256317139,27124,27174,50
13.0347900391,80.2299575806,27971,28092,121
13.0348701477,80.2300186157,28092,28183,91
13.0348997116,80.2299880981,28183,28223,40
13.034819603,80.2299728394,28223,28415,192
13.0344400406,80.2298965454,29262,29363,101
13.0270299911,80.2329788208,29575,29626,51
13.0012798309,80.2182312012,30271,30312,41
12.9960899353,80.216583252,30372,30493,121
12.9871196747,80.2229690552,30582,30632,50
12.9756603241,80.2210769653,30814,30874,60
12.9709796906,80.2191619873,30955,30996,41
12.9657697678,80.217010498,31105,31238,133
12.9538698196,80.2122268677,31439,31470,31
12.9338998795,80.203956604,31954,31993,39
12.9262104034,80.197593689,32234,32285,51
12.9220399857,80.1973190308,32365,32396,31
12.9097499847,80.1915512085,32779,32961,182
12.8563203812,80.1721725464,34028,34068,40
12.8276796341,80.1651763916,34441,34472,31
12.8101997375,80.1596603394,34774,34895,121
12.8810796738,80.1707229614,35883,35981,98
12.8885698318,80.1738204956,36072,36112,40
12.8937597275,80.1806793213,36213,36263,50
12.8972902298,80.1817703247,36274,36324,50
12.9009399414,80.1836776733,36354,36394,40
12.9043798447,80.1883087158,36425,36475,50
12.9174203873,80.1903991699,36687,36748,61
12.917140007,80.1937332153,36818,36929,111
12.9238796234,80.1984634399,36959,37010,51
12.9281597137,80.1984329224,37060,37101,41
12.9361696243,80.2044906616,37272,37383,111
12.9523601532,80.2112503052,37625,37666,41
12.9618701935,80.2152175903,37757,37797,40
12.9643297195,80.2162399292,37807,37877,70
12.9689397812,80.217956543,37888,37928,40
12.9750404358,80.2192993164,37998,38029,31
12.9736700058,80.2189865112,38069,38160,91
12.9751796722,80.2203903198,38200,38382,182
13.0001802444,80.2176132202,38795,38866,71
13.0058698654,80.2205734253,38886,38947,61
13.0114402771,80.2216110229,38977,39068,91
13.0240402222,80.2279586792,39512,39592,80
13.0271596909,80.2307662964,39643,39754,111
13.0348300934,80.2302398682,39844,39875,31
13.0347099304,80.2304000854,39885,39945,60
13.0277500153,80.2320175171,40682,40823,141
13.0141601563,80.2256393433,41328,41368,40
12.9816703796,80.2210998535,42195,42235,40
12.9792604446,80.2212524414,42235,42266,31
12.9665403366,80.2172622681,42497,42528,31
12.9496002197,80.2105865479,42679,42719,40
12.9341096878,80.2038192749,42901,42941,40
12.9202299118,80.1968765259,43224,43315,91
12.9166002274,80.1923675537,43345,43395,50
12.912730217,80.191947937,43436,43496,60
12.8952598572,80.1809616089,43769,43809,40
12.8916101456,80.1768264771,43890,44031,141
12.8825597763,80.1710662842,44102,44140,38
12.8757600784,80.1709365845,44140,44208,68
12.8706102371,80.174369812,44238,44269,31
12.866689682,80.1758499146,44299,44330,31
12.8471298218,80.1702194214,44652,44743,91
12.8353796005,80.1672821045,44844,44894,50
12.8276796341,80.1651535034,45953,46004,51
12.8116703033,80.1594161987,46245,46276,31
12.8100299835,80.1595687866,46284,46335,51
12.8472099304,80.1702270508,47323,47404,81
12.8802404404,80.1703186035,47826,47895,69
12.9171495438,80.1921310425,48540,48581,41
12.9640197754,80.2160415649,49670,49721,51
12.9752702713,80.2206115723,49852,49892,40
12.9876699448,80.2231826782,50205,50245,40
12.9995698929,80.2171325684,50437,50497,60
13.0116796494,80.2218322754,50679,50770,91
13.0202503204,80.2241668701,50881,50921,40
13.0237703323,80.2276611328,50972,51032,60
13.0350399017,80.2300262451,51304,51345,41
13.0342197418,80.229888916,52120,52202,82
13.0146198273,80.2254180908,56647,56798,151
13.0151100159,80.2255401611,57161,57201,40
13.0149402618,80.2254486084,57201,57262,61
13.014749527,80.225479126,57262,57403,141
13.0148601532,80.2256698608,57453,57595,142
13.0148601532,80.2256698608,57595,57645,50
13.0148801804,80.2255096436,57645,57706,61
13.0146999359,80.2256164551,57716,57847,131
13.0146903992,80.2254180908,57847,57928,81
13.0148000717,80.2256393433,59360,59451,91
13.0143098831,80.2260665894,59552,59602,50
13.0141601563,80.226020813,59602,59673,71
13.0143203735,80.2257995605,59673,59733,60
13.0141897202,80.2258224487,59733,59925,192
13.0126600266,80.2269210815,61135,61186,51
13.010430336,80.226020813,61196,61337,141
13.0157699585,80.2238998413,61378,61428,50
13.0201301575,80.224571228,61479,61610,131
13.034330368,80.2298431396,62608,62699,91
13.034330368,80.2298431396,62699,62790,91
13.0342998505,80.2298812866,62790,62841,51
13.0342597961,80.2297668457,62841,62931,90
13.0342998505,80.2298583984,63002,63103,101
13.0342197418,80.2300186157,63103,63163,60
13.0343599319,80.2298202515,63173,63214,41
13.0341997147,80.2299880981,63537,63587,50
13.0267801285,80.2328796387,63980,64011,31
13.0228796005,80.2272109985,64142,64212,70
12.9975700378,80.216217041,64767,64848,81
12.9960203171,80.217086792,64858,65049,191
12.9752902985,80.2210998535,65413,65604,191
12.964220047,80.2163009644,65635,65806,171
12.9485797882,80.2098770142,65867,65927,60
12.9440498352,80.2082290649,65958,65998,40
12.9427099228,80.2068862915,66028,66089,61
12.9303197861,80.2028274536,66321,66371,50
12.9232397079,80.1975326538,66533,66644,111
12.9171104431,80.1943969727,66694,66734,40
12.9166898727,80.1924362183,66805,66866,61
12.914440155,80.192237854,66906,66946,40
12.8904304504,80.1741333008,67834,67905,71
12.827750206,80.1652374268,69829,69880,51
12.8802900314,80.1704406738,70693,70762,69
12.9170799255,80.1931304932,71538,71569,31
12.9487104416,80.2097702026,72346,72386,40
12.9747400284,80.2210464478,72749,72890,141
12.9749803543,80.2204818726,72900,73072,172
12.9872198105,80.2240982056,73405,73546,141
12.9984197617,80.216758728,73698,73788,90
13.0124502182,80.2218399048,73950,74071,121
13.0209703445,80.2255401611,74353,74393,40
13.0146799088,80.226020813,74473,74514,41
13.0141296387,80.2260284424,74575,74615,40
13.0142097473,80.225479126,74646,74726,80
13.0144500732,80.2257003784,74736,74777,41
13.014550209,80.2253875732,75320,75372,52
13.0145902634,80.2255020142,83044,83085,41
13.0147695541,80.2252731323,83458,83549,91
13.0145797729,80.2250366211,83861,83912,51
13.0146598816,80.2249984741,83922,84033,111
13.0146799088,80.225151062,84305,84356,51
13.0145702362,80.2253189087,85274,85324,50
13.0148200989,80.2255172729,85344,85375,31
13.0148200989,80.2255172729,85375,85456,81
12.9982004166,80.2567596436,1532,1582,50
12.9983196259,80.2567977905,1582,1683,101
12.9983901978,80.2569732666,1683,1754,71
12.9982299805,80.2568588257,3461,3641,180
12.9983997345,80.2568435669,8532,8633,101
12.9982204437,80.2569503784,8633,8765,132
12.998169899,80.2569274902,13803,13954,151
12.9982099533,80.2571334839,17880,17932,52
12.9977197647,80.2562179565,17972,18023,51
12.9868497849,80.2595291138,18245,18326,81
12.9873199463,80.2591629028,18336,18376,40
12.9988498688,80.2560424805,18679,18831,152
13.0973100662,80.2421112061,21910,21941,31
13.0762195587,80.259803772,25051,25141,90
13.0764904022,80.2600479126,25141,25182,41
13.0777902603,80.2620391846,25323,25384,61
13.0778398514,80.2624130249,25384,25465,81
13.0313100815,80.2404708862,26616,26656,40
13.0067100525,80.2574005127,27585,27676,91
12.9872903824,80.2593765259,28130,28211,81
12.9870996475,80.2591323853,29424,29504,80
12.9875802994,80.2558670044,29595,29636,41
12.9967002869,80.255859375,29787,29827,40
13.0066404343,80.2480316162,30181,30251,70
13.0066604614,80.2478103638,30251,30282,31
13.0192403793,80.224319458,30930,31022,92
13.0225296021,80.2266769409,31122,31153,31
13.0243301392,80.2284622192,31193,31224,31
13.0856800079,80.2456207275,33176,33287,111
13.097240448,80.2420730591,33550,33610,60
13.0984802246,80.2419509888,33892,34066,174
13.0985202789,80.2423706055,34348,34470,122
13.0975999832,80.2421875,34490,34550,60
13.0866498947,80.2444915771,34905,35026,121
13.0778398514,80.2621688843,35632,35682,50
13.0311899185,80.2402496338,36998,37069,71
13.008020401,80.2343978882,37796,37836,40
13.0072402954,80.2383880615,37939,37980,41
13.0066699982,80.2572097778,38333,38444,111
12.9975996017,80.2568511963,38708,38899,191
12.9880895615,80.255859375,39142,39233,91
12.9872703552,80.2592315674,39313,39344,31
12.9865999222,80.2591705322,39384,39465,81
12.9869403839,80.2590789795,39465,39505,40
12.9963798523,80.2558364868,39799,39838,39
13.0032196045,80.2568206787,40061,40112,51
13.0053701401,80.2571792603,40182,40223,41
13.0066204071,80.2520599365,40344,40415,71
13.0067195892,80.2491073608,40465,40526,61
13.0066604614,80.2483291626,40556,40606,50
13.006649971,80.2481231689,40617,40667,50
13.0225296021,80.2267608643,41354,41431,77
13.0789699554,80.2553024292,43333,43384,51
13.0969696045,80.2420272827,44010,44100,90
13.0985498428,80.2424621582,44382,44414,32
13.0977096558,80.2422790527,44433,44503,70
13.0794000626,80.2546081543,45101,45141,40
13.070110321,80.2660522461,45637,45688,51
13.0326700211,80.2429199219,46860,46961,101
13.0318498611,80.2416610718,47031,47102,71
13.0068998337,80.2397994995,47820,47890,70
13.0066299438,80.25730896,48203,48274,71
12.988240242,80.255859375,48741,48772,31
12.987859726,80.2558288574,48772,48852,80
12.9872503281,80.2593307495,48943,49105,162
12.9870796204,80.2596282959,49105,49185,80
12.9966897964,80.2558822632,50762,50813,51
12.9992399216,80.2561035156,50893,50944,51
13.0065603256,80.2525405884,51216,51287,71
13.0259599686,80.2309875488,52005,52055,50
13.0789699554,80.2549133301,53652,53723,71
13.0856895447,80.24584198,54056,54107,51
13.0967197418,80.2419128418,54339,54379,40
13.098739624,80.2420578003,54459,54501,42
13.0778102875,80.2622299194,56735,56826,91
13.0316801071,80.2413330078,58253,58345,92
13.0066204071,80.2570495605,59275,59324,49
12.9885501862,80.2559509277,59668,59729,61
12.9872398376,80.2594680786,59850,59890,40
12.9875001907,80.2570114136,60860,60901,41
12.9984903336,80.2560806274,61234,61275,41
13.0197696686,80.224609375,62325,62357,32
13.0309295654,80.2395477295,62730,62862,132
13.0755500793,80.2581176758,64189,64239,50
13.0790100098,80.2565307617,64310,64381,71
13.0789299011,80.2547683716,64431,64522,91
13.0966501236,80.2419815063,65190,65280,90
13.0777702332,80.262260437,66593,66664,71
13.0584001541,80.2653808594,67392,67423,31
13.0397195816,80.2471389771,68039,68080,41
13.0310897827,80.2401733398,68353,68432,79
13.0072498322,80.2382965088,69251,69312,61
13.0068998337,80.239982605,69352,69443,91
13.001449585,80.2565917969,69948,70009,61
12.9963197708,80.2559661865,71392,71452,60
13.0066404343,80.2485275269,71856,71907,51
13.0066204071,80.2408370972,72068,72129,61
13.0754995346,80.2589569092,74501,74533,32
13.0855798721,80.2453918457,75078,75127,49
13.0961198807,80.2417984009,75330,75391,61
13.096570015,80.2419509888,75401,75472,71
13.0971002579,80.2421417236,75492,75593,101
13.0984096527,80.2421569824,75674,75845,171
13.0984401703,80.2423324585,75845,75956,111
13.0980501175,80.2423706055,75956,76025,69
13.0974597931,80.2422409058,76025,76065,40
13.0965995789,80.2419586182,76065,76134,69
13.0935201645,80.2410964966,76164,76213,49
13.0920200348,80.2409362793,76213,76246,33
13.0877799988,80.2432174683,76276,76307,31
13.031080246,80.240020752,78336,78417,81
12.9875602722,80.2559967041,79790,79830,40
12.9978103638,80.2566833496,80042,80073,31
13.0754299164,80.2753219604,79696,79788,92
13.0754098892,80.2753829956,80032,80208,176
13.0755901337,80.275390625,80208,80342,134
13.0756196976,80.2754211426,80342,80520,178
13.075460434,80.2752990723,80520,80639,119
13.0757904053,80.2751998901,80639,80670,31
13.0746097565,80.2754592896,83437,83624,187
13.0747203827,80.2755279541,83624,83771,147
13.0746803284,80.2755889893,84489,84664,175
12.9871301651,80.2592468262,3123,3244,121
12.987279892,80.259147644,3244,3284,40
12.9871101379,80.2591400146,3284,3415,131
12.9870996475,80.2592468262,3718,3839,121
12.9873600006,80.2592086792,3839,3900,61
12.9873504639,80.2591171265,4556,4616,60
12.9872598648,80.2591018677,4939,5111,172
12.9872303009,80.2591400146,5363,5495,132
12.9872398376,80.2590637207,5495,5545,50
12.9873104095,80.2592163086,6585,6625,40
12.9873695374,80.2591171265,6625,6736,111
12.9871797562,80.2593002319,7988,8149,161
12.9872598648,80.2593994141,8835,8876,41
12.9872598648,80.2592163086,9703,9734,31
12.9873800278,80.2590332031,10834,10925,91
12.9872598648,80.2592163086,13156,13278,122
12.9871301651,80.2593231201,13278,13419,141
12.9872903824,80.2590789795,15205,15266,61
12.9874000549,80.2592391968,15700,15811,111
12.9871797562,80.2592086792,18466,18526,60
12.9871997833,80.2592391968,18526,18607,81
12.9872503281,80.2593231201,18607,18718,111
12.9872703552,80.2591781616,18718,18789,71
12.987159729,80.2592391968,18799,18859,60
12.9872503281,80.2590332031,20485,20585,100
12.9873304367,80.2591018677,23301,23423,122
12.9872198105,80.2590103149,23423,23545,122
12.9317302704,80.2386779785,25176,25297,121
12.9313497543,80.2385787964,25307,25378,71
12.9255104065,80.2383422852,25580,25661,81
12.930970192,80.2384414673,25832,25893,61
12.9357404709,80.2339096069,26125,26165,40
12.9871501923,80.2515106201,26769,26820,51
13.0063400269,80.2574691772,27242,27302,60
13.0339803696,80.2764663696,27898,27938,40
13.0339803696,80.2766418457,27938,28019,81
13.0338401794,80.2763977051,28029,28120,91
13.0431499481,80.279586792,28301,28362,61
13.0574302673,80.2819900513,28584,28624,40
13.0888795853,80.2903137207,29018,29058,40
13.0878400803,80.2839431763,29260,29291,31
13.0884399414,80.2851104736,30966,30997,31
13.0568399429,80.2819366455,31573,31613,40
13.0241804123,80.2741928101,32249,32287,38
12.9887695313,80.2559585571,33105,33175,70
12.9818201065,80.2532196045,33377,33418,41
12.949640274,80.2410430908,33972,34012,40
12.9466600418,80.2397003174,35578,35619,41
12.9796800613,80.2525787354,36346,36416,70
12.9815196991,80.2525634766,36443,36474,31
12.9987096786,80.2560195923,37324,37364,40
13.0054197311,80.2572631836,37536,37576,40
13.00578022,80.2573318481,37576,37647,71
13.0239200592,80.2737579346,38121,38182,61
13.0885896683,80.2901077271,39239,39270,31
13.0888299942,80.2901306152,39280,39340,60
13.0852403641,80.2841491699,39440,39492,52
13.088060379,80.2837982178,39633,39794,161
13.0880804062,80.2838363647,40198,40390,192
13.0884799957,80.2850570679,40561,40602,41
13.0014200211,80.2565917969,42314,42385,71
12.9884996414,80.2559204102,42617,42728,111
12.9312000275,80.23853302,43837,43908,71
12.9357099533,80.2338790894,44685,44725,40
12.9488296509,80.2405929565,44947,44988,41
12.9631996155,80.2465591431,45263,45304,41
12.9862203598,80.2517089844,45627,45717,90
12.996049881,80.2558364868,46017,46059,42
12.9989595413,80.2560272217,46129,46200,71
13.0005102158,80.2562789917,46230,46270,40
13.0061197281,80.2573394775,46381,46430,49
13.0238103867,80.2735977173,46881,46932,51
13.0313396454,80.2775115967,47154,47210,56
13.0322303772,80.2774963379,47232,47293,61
13.0327701569,80.2774429321,47313,47394,81
13.0333499908,80.27734375,47404,47485,81
13.0430803299,80.2795715332,47686,47727,41
13.0459699631,80.2800979614,47787,47818,31
13.088760376,80.2901229858,48433,48504,71
13.0878601074,80.2840499878,48739,48840,101
13.0879297256,80.2840270996,48840,48981,141
13.0881204605,80.283782959,48981,49032,51
13.0883903503,80.2849273682,49224,49294,70
13.0888004303,80.2901000977,49435,49496,61
13.0243997574,80.2744369507,50493,50554,61
13.0026702881,80.2567367554,51119,51169,50
12.9867696762,80.2588577271,51923,52065,142
12.986700058,80.2590026855,54629,54821,192
12.9961500168,80.2558364868,55122,55154,32
12.9990196228,80.2560424805,55265,55315,50
13.0238895416,80.2737121582,55910,55950,40
13.0328798294,80.2774429321,56162,56202,40
13.0873203278,80.2839736938,57251,57311,60
13.0881004333,80.2837371826,57533,57604,71
13.0882902145,80.2833175659,57624,57655,31
13.088060379,80.2815093994,57725,57766,41
13.0885000229,80.2822418213,57856,57887,31
13.0884103775,80.2826538086,57897,57937,40
13.0883398056,80.2830429077,57937,57968,31
13.0884504318,80.2851715088,58048,58149,101
13.0336198807,80.2763900757,59308,59358,50
13.0339803696,80.2762832642,59368,59419,51
13.033659935,80.2762527466,60116,60197,81
13.0335197449,80.2772064209,60217,60278,61
13.0026397705,80.2567596436,61086,61147,61
12.9885997772,80.2559127808,61490,61550,60
12.988240242,80.2558822632,61550,61682,132
12.9850597382,80.2552719116,61772,61813,41
12.931189537,80.2385482788,62811,62851,40
12.9488601685,80.2406616211,63839,63900,61
12.9834699631,80.2524871826,64483,64645,162
12.9965295792,80.2559432983,65069,65129,60
13.0008802414,80.2564468384,65240,65291,51
13.0059604645,80.2574081421,65392,65442,50
13.0254001617,80.2749633789,66026,66065,39
13.036860466,80.2781982422,66316,66347,31
13.0630903244,80.2832336426,66841,66892,51
13.0867004395,80.2839279175,67558,67608,50
13.0875501633,80.2840118408,67649,67699,50
13.0879201889,80.2840118408,67699,67871,172
13.0884199142,80.2847900391,68153,68204,51
13.0240802765,80.2741394043,69504,69555,51
13.0022802353,80.256729126,70139,70185,46
12.9976396561,80.2559967041,70307,70339,32
12.9907302856,80.2560806274,70500,70561,61
12.9860496521,80.2555618286,71025,71065,40
12.9563999176,80.2437210083,71610,71649,39
12.9338903427,80.2350311279,72093,72133,40
12.9283399582,80.2389068604,72396,72436,40
12.9357204437,80.2339019775,73890,73930,40
12.9632301331,80.2466278076,74411,74463,52
12.9959096909,80.2559280396,75177,75217,40
13.0006399155,80.2564926147,75380,75411,31
13.006480217,80.2574691772,75562,75643,81
13.0430402756,80.2795791626,76387,76438,51
13.088760376,80.2902069092,77112,77163,51
13.0851898193,80.2841491699,77284,77315,31
12.9878902435,80.2558288574,79847,79948,101
12.9649801254,80.2473068237,80361,80392,31
12.9564399719,80.2437362671,80553,80584,31
12.9395704269,80.2356872559,80845,80876,31
12.9255895615,80.2383499146,81381,81421,40
13.05039024,80.20606232,50159.0,50205.0,46.0
13.05105019,80.20619202,51404.0,51457.0,53.0
13.05105972,80.20613098,51727.0,51766.0,39.0
13.05107975,80.20612335,52029.0,52076.0,47.0
13.05107021,80.20614624,53261.0,53310.0,49.0
13.05099964,80.20613098,54187.0,54233.0,46.0
13.05109978,80.20626831,55418.0,55469.0,51.0
13.05113029,80.20632935,55732.0,55780.0,48.0
13.0509901,80.20625305,56974.0,57016.0,42.0
13.05041981,80.20630646,57589.0,57633.0,44.0
13.05047035,80.20622253,57892.0,57942.0,50.0
13.0504303,80.20606995,58508.0,58558.0,50.0
13.05049992,80.20625305,58821.0,58866.0,45.0
13.05047035,80.20626068,59124.0,59174.0,50.0
13.05051994,80.2062912,59741.0,59794.0,53.0
13.05049992,80.20623779,60053.0,60104.0,51.0
13.05056953,80.20629883,60680.0,60729.0,49.0
13.05049992,80.20623016,61306.0,61354.0,48.0
13.05056953,80.20632935,61619.0,61665.0,46.0
13.05053043,80.20623779,62235.0,62286.0,51.0
13.05049992,80.2062912,62871.0,62908.0,37.0
13.05049992,80.20622253,64102.0,64150.0,48.0
13.05051994,80.2061615,64416.0,64459.0,43.0
13.05056953,80.2061615,65031.0,65081.0,50.0
13.05053043,80.20622253,65345.0,65382.0,37.0
13.05047989,80.20632935,75715.0,75763.0,48.0
13.05049038,80.20641327,76029.0,76071.0,42.0
13.05031967,80.20626068,76330.0,76380.0,50.0
13.05041981,80.20620728,76644.0,76688.0,44.0
13.05049992,80.20626068,76947.0,76997.0,50.0
13.05045986,80.20622253,77563.0,77614.0,51.0
13.05049038,80.20613098,78189.0,78234.0,45.0
13.05049992,80.2061615,78492.0,78543.0,51.0
13.05045986,80.20629883,79431.0,79470.0,39.0
13.05056,80.20626068,80037.0,80088.0,51.0
13.05035019,80.20625305,80965.0,81014.0,49.0
13.05041027,80.20623779,81279.0,81322.0,43.0
13.05049038,80.20628357,81581.0,81631.0,50.0
13.05047035,80.20610046,81895.0,81939.0,44.0
13.05064964,80.20616913,82198.0,82248.0,50.0
13.05051994,80.20617676,82511.0,82558.0,47.0
13.05072021,80.20614624,83127.0,83176.0,49.0
13.05051994,80.20620728,84369.0,84418.0,49.0
13.05045033,80.20629883,84694.0,84729.0,35.0
13.05051994,80.2061615,85613.0,85660.0,47.0
13.05039024,80.20629883,85926.0,85971.0,45.0
13.0347003937,80.2051391602,19897,19968,71
13.0351400375,80.2051925659,19988,20099,111
13.0291795731,80.1688995361,23254,23285,31
13.0339403152,80.1554336548,23517,23557,40
13.0205402374,80.1440124512,27149,27197,48
13.0294399261,80.1688079834,27782,27823,41
13.0210199356,80.1838607788,28105,28146,41
13.029800415,80.2308578491,32029,32069,40
13.027179718,80.2329101563,32170,32251,81
13.0248403549,80.229309082,32331,32453,122
13.0081396103,80.1962585449,33619,33659,40
13.0175895691,80.1875991821,33922,33992,70
13.0178804398,80.187171936,34013,34134,121
13.0189199448,80.186340332,34227,34318,91
13.0201196671,80.185546875,34389,34460,71
13.0205602646,80.1846313477,34531,34592,61
13.0209703445,80.1836471558,34632,34773,141
13.0211496353,80.1833496094,34773,34854,81
13.0213298798,80.1830215454,34864,34925,61
13.0215997696,80.1825408936,34945,34985,40
13.0217695236,80.182220459,34985,35046,61
13.0290403366,80.1691665649,35318,35349,31
13.0339002609,80.1554031372,35641,35682,41
13.0344896317,80.155708313,39050,39151,101
13.0252304077,80.1762771606,39595,39665,70
13.0217103958,80.1825180054,39837,39874,37
13.0091896057,80.2108001709,40492,40532,40
13.0284204483,80.2199020386,41599,41650,51
13.0242595673,80.2171325684,41801,41842,41
13.0306901932,80.2305603027,43002,43093,91
13.0083799362,80.2134399414,43826,43867,41
13.0342903137,80.1569519043,45047,45169,122
13.0155496597,80.1367416382,45744,45775,31
13.0345001221,80.1557769775,48392,48452,60
13.029419899,80.1687774658,48767,48798,31
13.0091695786,80.2108078003,49639,49701,62
13.0293998718,80.230796814,50326,50367,41
13.0274200439,80.2197723389,50820,50880,60
12.8987503052,80.1802368164,21,81,60
12.8986797333,80.1802368164,122,192,70
12.8985996246,80.1803436279,192,253,61
12.8986997604,80.1801681519,515,546,31
12.898639679,80.1802597046,546,697,151
12.8985900879,80.180267334,697,788,91
12.8985595703,80.1804580688,798,949,151
12.8985900879,80.1801528931,960,1101,141
12.8986997604,80.1802215576,1101,1192,91
12.898730278,80.1803207397,1192,1232,40
12.8986902237,80.1802368164,1232,1283,51
12.8987398148,80.1802597046,1293,1434,141
12.8987503052,80.1802597046,1454,1485,31
12.8987998962,80.1804428101,1495,1596,101
12.8987398148,80.1803665161,1626,1717,91
12.8987398148,80.1803817749,1717,1828,111
12.8988103867,80.1803665161,1828,1878,50
12.8987798691,80.1803283691,1878,1979,101
12.8986797333,80.1803436279,1979,2010,31
12.8984804153,80.1800994873,3231,3262,31
12.8985395432,80.1801528931,3262,3302,40
12.8985700607,80.1802215576,4524,4604,80
12.898730278,80.180267334,4604,4736,132
12.8987798691,80.1802215576,4736,4827,91
12.8985204697,80.1802520752,4827,4897,70
12.8982601166,80.1804428101,4907,5099,192
12.8985996246,80.1802825928,5099,5130,31
12.8985004425,80.1803665161,5140,5180,40
12.8983297348,80.1802597046,5190,5230,40
12.8985500336,80.1802215576,5241,5281,40
12.8985996246,80.1801986694,5291,5464,173
12.8988399506,80.1801834106,5464,5523,59
12.898730278,80.1802368164,5523,5615,92
12.8986597061,80.1802368164,6312,6483,171
12.8985996246,80.1802825928,6483,6574,91
12.8985795975,80.180229187,6574,6696,122
12.8985700607,80.1802215576,6918,6978,60
12.8987903595,80.1803436279,8493,8543,50
12.8988304138,80.1803207397,8543,8624,81
12.8986701965,80.180229187,8634,8715,81
12.8986902237,80.1801986694,9028,9129,101
12.8985795975,80.1802825928,9129,9280,151
12.8986997604,80.1802520752,10098,10240,142
12.8987798691,80.1801986694,10563,10623,60
12.8988304138,80.1801834106,10623,10704,81
12.898730278,80.1803894043,11017,11108,91
12.8987798691,80.1802978516,11118,11178,60
12.8987398148,80.1802825928,14310,14410,100
12.8986597061,80.1802902222,16016,16117,101
12.8987998962,80.1800994873,16531,16591,60
12.8988599777,80.1799163818,16915,16985,70
12.898730278,80.1802368164,18156,18197,41
12.8988103867,80.1801071167,18207,18389,182
12.8987398148,80.1801605225,19176,19217,41
12.8987197876,80.1802368164,19520,19600,80
12.898639679,80.1802520752,19600,19792,192
12.8989095688,80.1800765991,19792,19864,72
12.8986997604,80.1803207397,20389,20490,101
12.8988704681,80.18019104,20975,21025,50
12.8985595703,80.1802902222,23933,24054,121
12.8988800049,80.1801223755,25589,25700,111
12.8986501694,80.1803207397,25710,25761,51
12.8988800049,80.1801681519,26154,26225,71
12.8987598419,80.1801986694,26225,26296,71
12.8987598419,80.1802597046,26296,26376,80
12.898639679,80.1802597046,26376,26447,71
12.8987903595,80.1801300049,26447,26619,172
12.8989496231,80.18019104,26629,26760,131
12.8990001678,80.1801834106,26760,26801,41
12.8989601135,80.1802978516,26801,26992,191
12.8988103867,80.1804122925,27459,27499,40
12.8987598419,80.1801834106,27550,27681,131
12.8989801407,80.1801528931,27681,27721,40
12.8986902237,80.180267334,27994,28045,51
12.8986997604,80.180267334,28065,28135,70
12.8987197876,80.1804428101,28156,28257,101
12.8987798691,80.1804428101,28267,28348,81
12.8988599777,80.1803588867,28358,28398,40
12.899020195,80.1802520752,28479,28539,60
12.8987903595,80.1801605225,28560,28671,111
12.8989801407,80.1803665161,28691,28741,50
12.8989095688,80.1801681519,28741,28782,41
12.8988304138,80.1803436279,28994,29064,70
12.8988399506,80.1801528931,29064,29125,61
12.8988399506,80.1801834106,29125,29226,101
12.8987903595,80.1801071167,29246,29286,40
12.8987998962,80.1801528931,29286,29337,51
12.8988599777,80.1801834106,29377,29418,41
12.8988599777,80.1802597046,29418,29478,60
12.8987197876,80.1802368164,29478,29600,122
12.8987998962,80.1802215576,29600,29670,70
12.8984003067,80.180267334,31114,31154,40
12.8988599777,80.1803207397,31175,31306,131
12.8989496231,80.1803436279,31356,31528,172
12.8987998962,80.1801605225,31538,31629,91
12.8989801407,80.1803283691,32144,32194,50
12.8988895416,80.1803131104,32204,32346,142
12.8987998962,80.1802062988,32356,32467,111
12.8988399506,80.1802978516,32467,32558,91
12.8986797333,80.1802368164,32558,32730,172
12.8988304138,80.1801071167,33032,33174,142
12.8987703323,80.1801681519,33174,33255,81
12.8987197876,80.180267334,34893,34934,41
12.8985204697,80.1802597046,34934,35125,191
12.8988599777,80.1801071167,35963,36024,61
12.8988103867,80.1803894043,36246,36337,91
12.8989200592,80.1802597046,37579,37639,60
12.8987598419,80.1803283691,37639,37720,81
12.8987197876,80.1803665161,38457,38619,162
12.898730278,80.1804504395,38962,39023,61
12.8987798691,80.1804122925,39326,39386,60
12.8988304138,80.1803588867,39386,39427,41
12.8988304138,80.1804428101,39427,39467,40
12.8987398148,80.1804199219,39719,39911,192
12.8987703323,80.1802902222,39921,40042,121
12.8987903595,80.1801986694,40042,40103,61
12.8988399506,80.1803970337,40113,40214,101
12.8987398148,80.1804122925,40214,40254,40
12.8988800049,80.1802215576,41062,41123,61
12.8987598419,80.1803817749,41123,41264,141
12.898730278,80.1804122925,42770,42902,132
12.8988304138,80.1803207397,42932,43003,71
12.8988199234,80.1803970337,43003,43073,70
12.8988599777,80.1803665161,43316,43427,111
12.8986701965,80.1803970337,44830,44921,91
12.8986301422,80.1802597046,45850,45900,50
12.8985395432,80.1802520752,46869,47001,132
12.8986501694,80.1801528931,47011,47071,60
12.8987398148,80.18019104,47071,47122,51
12.8986501694,80.1801376343,47122,47253,131
12.8958396912,80.1731872559,49116,49176,60
12.9858798981,80.2517776489,51863,51914,51
13.0055198669,80.2421188354,52196,52287,91
12.9882497787,80.2235794067,55145,55256,111
12.9880695343,80.2237930298,58416,58527,111
12.988120079,80.2237167358,59223,59294,71
12.9880895615,80.2235565186,59294,59355,61
12.9882297516,80.2239608765,59650,59720,70
12.9882097244,80.2237091064,59720,59902,182
12.9882497787,80.2238616943,59902,59983,81
12.988120079,80.223739624,59993,60154,161
12.9883003235,80.2237319946,62113,62234,121
12.9881601334,80.2238311768,69900,70051,151
12.9881401062,80.2236862183,84949,85111,162
12.9881401062,80.223739624,85111,85273,162
12.988120079,80.2236404419,86081,86222,141
12.9881095886,80.2237625122,86222,86273,51
12.9881601334,80.2236785889,86273,86323,50
12.9945497513,80.2067184448,21190,21241,51
12.9942502975,80.2002563477,21423,21473,50
12.9487695694,80.1851730347,26152,26213,61
12.9945497513,80.2002792358,27280,27321,41
12.9945001602,80.20677948,28078,28139,61
12.9944095612,80.200302124,28341,28392,51
12.9607400894,80.1872634888,29219,29290,71
12.9309396744,80.1815872192,29956,30006,50
12.9199399948,80.1827392578,30279,30310,31
12.9387702942,80.1823501587,32786,32827,41
12.9487895966,80.1851806641,33110,33170,60
12.9942798615,80.2002410889,36541,36612,71
12.9865999222,80.1973800659,36793,36834,41
12.9207401276,80.183921814,38398,38438,40
12.9202404022,80.183380127,39469,39580,111
12.9387598038,80.1823272705,39964,40025,61
12.9487600327,80.1851425171,40287,40338,51
12.9945802689,80.2002029419,41408,41458,50
12.9943504333,80.200302124,42772,42900,128
12.9395399094,80.1826171875,44182,44213,31
12.921500206,80.1836166382,44475,44506,31
12.9207601547,80.1839065552,44526,44597,71
12.9388799667,80.1823806763,45474,45524,50
12.9489002228,80.1852035522,45767,45857,90
12.968290329,80.1895599365,46288,46330,42
12.994600296,80.2002410889,46977,47017,40
13.019490242,80.2243423462,47937,47997,60
13.0140895844,80.2255477905,48319,48501,182
13.0142002106,80.2259597778,51138,51229,91
12.9944295883,80.2002563477,52176,52208,32
12.9865703583,80.1973495483,52392,52452,60
12.9681100845,80.189453125,52967,52998,31
12.9558601379,80.1869125366,53289,53359,70
12.9466295242,80.1839599609,53541,53572,31
12.9394798279,80.1825714111,53733,53794,61
12.9204902649,80.1839294434,54117,54158,41
12.9202203751,80.1834106445,56664,56725,61
12.9388103485,80.1823577881,57169,57200,31
12.9945201874,80.2066879272,60168,60259,91
12.9950504303,80.2032318115,60360,60401,41
12.994799614,80.2003707886,60492,60542,50
12.9942398071,80.2002487183,60562,60642,80
12.9865999222,80.1974105835,60825,60987,162
12.9777402878,80.1938323975,61300,61340,40
12.9767799377,80.1935119629,61391,61502,111
12.9722795486,80.1913909912,61633,61664,31
12.9681997299,80.1895217896,61765,61805,40
12.9558000565,80.1869812012,62128,62159,31
12.9204797745,80.1840286255,62886,62957,71
12.920249939,80.1834411621,63664,63816,152
12.9488601685,80.1852111816,64450,64491,41
12.9944496155,80.2068634033,65911,66043,132
12.9947900772,80.2003631592,66285,66336,51
12.9942798615,80.2002868652,66356,66396,40
12.955789566,80.1869888306,67771,67821,50
12.9196596146,80.1820373535,68961,69001,40
12.9488801956,80.185256958,69636,69727,91
12.9544200897,80.1867599487,69838,69939,101
12.9547796249,80.1868133545,69939,70000,61
12.9550800323,80.1868286133,70030,70151,121
12.9944095612,80.2003326416,71202,71334,132
12.9945602417,80.2064590454,71515,71556,41
12.9944095612,80.2067565918,71596,71738,142
12.9950399399,80.2019805908,71849,71980,131
12.9949903488,80.2016220093,71980,72031,51
12.9949197769,80.2005996704,72071,72102,31
12.99421978,80.2002792358,72132,72263,131
12.9558601379,80.1869888306,73308,73349,41
12.9492998123,80.1854476929,73470,73510,40
12.9394903183,80.1826477051,73712,73743,31
12.9204702377,80.1840820313,74104,74165,61
12.9193401337,80.1822509766,74256,74347,91
12.9945602417,80.2003479004,76065,76125,60
13.0990800858,80.2413864136,9379,9480,101
13.1002397537,80.2146530151,22315,22356,41
13.0003004074,80.2657012939,25602,25703,101
13.0003204346,80.2659683228,25713,25754,41
13.0066404343,80.2520370483,27147,27208,61
13.0343599319,80.2303695679,28093,28134,41
13.0653800964,80.2435531616,28921,28952,31
13.0757703781,80.234161377,29234,29285,51
13.0984802246,80.2140197754,29881,29982,101
13.0823802948,80.2336273193,32041,32072,31
13.0765304565,80.2372589111,32241,32272,31
13.067779541,80.2465209961,32916,32956,40
13.0535402298,80.2421798706,33376,33437,61
13.0310096741,80.23072052,34040,34071,31
13.0278596878,80.2327880859,34204,34335,131
13.0066099167,80.2577209473,36015,36076,61
13.0067300797,80.2485198975,36217,36349,132
13.0227203369,80.2267913818,37268,37319,51
13.0258197784,80.2305297852,37430,37531,101
13.0292797089,80.230796814,37642,37702,60
13.0539999008,80.2422027588,38506,38547,41
13.0650196075,80.2435379028,38829,38870,41
13.0963602066,80.2192611694,39796,39837,41
13.0982904434,80.2143630981,39928,39998,70
13.1003799438,80.2145080566,40069,40120,51
13.0953998566,80.2223510742,41553,41584,31
13.0763902664,80.2367172241,42199,42230,31
13.0765304565,80.2375488281,42280,42331,51
13.0528697968,80.2418365479,43418,43458,40
13.0354003906,80.2303466797,43963,44064,101
13.0071001053,80.2390823364,44951,44982,31
13.0066299438,80.2570571899,45475,45525,50
13.0043096542,80.2570800781,45576,45636,60
13.0029296875,80.2568206787,45687,45737,50
13.0015001297,80.2565994263,45767,45828,61
13.0001497269,80.256401062,45858,45889,31
12.9985198975,80.2559432983,47229,47280,51
12.9989995956,80.2560119629,47300,47340,40
13.0066299438,80.2517776489,47583,47674,91
13.0342998505,80.2303695679,48693,48724,31
13.0523300171,80.2408676147,49388,49434,46
13.0655202866,80.243560791,49766,49807,41
13.0668201447,80.2431869507,49837,49874,37
13.0839595795,80.2339324951,50431,50491,60
13.0964002609,80.2192306519,50793,50834,41
13.0985498428,80.2140274048,52369,52410,41
13.0766601563,80.2379074097,53102,53213,111
13.0066604614,80.2570419312,56071,56102,31
13.0064897537,80.2529220581,56349,56400,51
13.0066900253,80.2489929199,56461,56522,61
13.0065898895,80.247718811,56572,56613,41
13.0337295532,80.2305221558,57541,57602,61
13.0342798233,80.23046875,57622,57663,41
13.034239769,80.2373504639,57804,57854,50
13.0399799347,80.2398834229,57966,58036,70
13.0566596985,80.2426223755,58470,58501,31
13.0983600616,80.2142105103,59883,59954,71
13.1002998352,80.21459198,60044,60115,71
13.098739624,80.2140808105,61236,61276,40
13.0537996292,80.2422485352,63175,63206,31
13.052740097,80.2418518066,63236,63297,61
13.0451402664,80.2326583862,63620,63660,40
13.0358695984,80.2304229736,63801,63953,152
13.0311603546,80.2307434082,64104,64155,51
13.0270996094,80.232963562,64316,64387,71
13.0082502365,80.2336425781,64880,64920,40
13.0068798065,80.2496566772,65292,65332,40
13.006819725,80.2515106201,65373,65423,50
13.0066204071,80.2547988892,65484,65532,48
13.0066795349,80.257019043,65572,65612,40
13.0018396378,80.2566833496,65714,65764,50
12.9963302612,80.2619628906,66077,66108,31
12.9968004227,80.2566833496,67095,67126,31
12.9968595505,80.2562026978,67136,67247,111
13.0058202744,80.2574386597,67489,67580,91
13.0064897537,80.2574462891,67600,67661,61
13.0064897537,80.2570571899,67671,67782,111
13.0064001083,80.2566986084,67782,67853,71
13.0065402985,80.2563323975,67853,67893,40
13.006529808,80.2559585571,67903,67943,40
13.0065202713,80.2556533813,67954,67994,40
13.0065202713,80.2553634644,67994,68065,71
13.0064697266,80.2540283203,68135,68226,91
13.0064601898,80.2527389526,68267,68357,90
13.0066900253,80.2507324219,68428,68468,40
13.0067195892,80.2505493164,68468,68600,132
13.0066699982,80.2495422363,68630,68721,91
13.0065402985,80.248046875,68782,68842,60
13.0245599747,80.2287979126,69943,69983,40
13.0286197662,80.23097229,70153,70193,40
13.0332899094,80.2305831909,70366,70416,50
13.0342102051,80.2372207642,70649,70715,66
13.0446395874,80.2405471802,71040,71131,91
13.0565795898,80.2426681519,71432,71483,51
13.100110054,80.2145690918,73057,73138,81
13.0526800156,80.2419433594,75860,75900,40
13.0355796814,80.2304992676,76383,76433,50
13.0154495239,80.2257995605,76938,76990,52
13.0066795349,80.2457122803,77466,77517,51
13.0446395874,80.2404327393,81532,81582,50
13.0987796783,80.2417297363,83590,83621,31
13.0988998413,80.2403488159,84247,84418,171
13.0986003876,80.2412719727,84459,84590,131
12.9872198105,80.2591171265,17550,17641,91
12.9798898697,80.2523498535,17934,18014,80
12.9813804626,80.2428512573,18186,18227,41
12.9759101868,80.220993042,18790,18862,72
12.9974603653,80.2161636353,19285,19325,40
13.0169000626,80.2253112793,22881,22913,32
12.9970903397,80.2104415894,23651,23722,71
12.9758701324,80.2212219238,24862,24903,41
12.9757003784,80.2210083008,24903,24943,40
12.9929304123,80.2128677368,25398,25448,50
13.007900238,80.2130889893,25913,25944,31
13.0197601318,80.2245407104,26226,26257,31
13.0341901779,80.2302398682,26692,26743,51
13.026889801,80.2329788208,27764,27825,61
13.008190155,80.2133407593,28350,28381,31
13.0080499649,80.2132797241,28381,28421,40
12.9915504456,80.2126922607,28977,29017,40
12.9757699966,80.2203598022,29397,29440,43
12.992890358,80.2130203247,30870,30913,43
13.0040102005,80.2120132446,31418,31499,81
13.0078496933,80.2130126953,31610,31681,71
13.0347995758,80.23021698,32496,32578,82
13.0309000015,80.2306976318,32992,33033,41
13.027879715,80.2328262329,33174,33275,101
13.0270004272,80.2329788208,33305,33366,61
13.0249204636,80.2294311523,33437,33477,40
13.0082702637,80.2133789063,34086,34167,81
12.9761896133,80.2201766968,35078,35219,141
12.9760799408,80.2213134766,35948,36007,59
12.993689537,80.2100601196,36523,36554,31
13.0078601837,80.2130126953,36956,37037,81
13.0192203522,80.2242431641,37400,37431,31
13.0225801468,80.2266616821,37613,37653,40
13.0240497589,80.2280883789,37724,37764,40
13.0296802521,80.230758667,37967,38018,51
13.0349998474,80.2298431396,38159,38190,31
13.0342798233,80.2297821045,38210,38288,78
13.0342197418,80.2301635742,38298,38410,112
13.0312795639,80.230682373,38490,38551,61
13.0080299377,80.2132492065,39489,39570,81
12.9937801361,80.2101364136,39994,40034,40
12.975859642,80.2211608887,40943,40993,50
12.9935998917,80.2101821899,41649,41689,40
12.998550415,80.2074508667,41901,41932,31
13.0293598175,80.230796814,42748,42798,50
13.0349597931,80.230140686,42920,42970,50
13.0315799713,80.2306594849,43597,43667,70
12.9869699478,80.2515106201,45836,45968,132
12.9875001907,80.2560424805,48594,48696,102
13.0340099335,80.2304916382,51116,51156,40
13.0348796844,80.2298126221,51257,51308,51
13.0230903625,80.2274475098,52226,52327,101
12.9976196289,80.2097930908,53123,53164,41
13.0293703079,80.2307662964,56505,56545,40
13.0343904495,80.2304000854,56644,56716,72
13.0342197418,80.2298431396,56756,56827,71
13.0268201828,80.233001709,57383,57454,71
12.975520134,80.2206802368,58877,58978,101
12.975689888,80.2210006714,58988,59039,51
12.9759502411,80.2214584351,59059,59130,71
12.9752998352,80.2208023071,60493,60563,70
12.9938097,80.2101364136,60967,60998,31
13.0225000381,80.2266387939,61713,61764,51
13.0259103775,80.2307128906,61956,62036,80
13.0277795792,80.2309799194,62117,62158,41
13.0280303955,80.23097229,62158,62299,141
13.0289697647,80.2308425903,62319,62420,101
13.0350103378,80.2301025391,62541,62572,31
13.0342798233,80.2297210693,62602,62653,51
13.0341997147,80.2303466797,63290,63391,101
13.027299881,80.232963562,63593,63624,31
13.0085401535,80.2135772705,64278,64329,51
12.9755802155,80.2205810547,65289,65339,50
12.9760198593,80.2212982178,65885,65925,40
12.9754199982,80.2208709717,65986,66046,60
12.9795799255,80.2186813354,66127,66178,51
13.0077295303,80.2130203247,67087,67158,71
13.0246801376,80.2289581299,67683,67714,31
13.0258302689,80.2305984497,67744,67784,40
13.03028965,80.2307815552,67894,67935,41
13.0345096588,80.2298202515,68127,68299,172
13.0341796875,80.2299728394,68309,68400,91
13.0314397812,80.23072052,68511,68561,50
13.0273799896,80.2329177856,68703,68743,40
13.0098400116,80.2153701782,69558,69638,80
13.0097198486,80.2151412964,69638,69709,71
13.0086698532,80.2138214111,69810,69851,41
13.0082798004,80.2134475708,69901,70002,101
13.0079402924,80.2132720947,70012,70043,31
12.9765796661,80.2200622559,70952,71033,81
12.9762296677,80.2202224731,71033,71174,141
12.9755401611,80.2205963135,71205,71356,151
12.9983701706,80.2074890137,72486,72536,50
13.0293798447,80.2308120728,73351,73424,73
13.0342597961,80.2297973633,73637,73830,193
13.0341796875,80.2301635742,73830,73900,70
13.0080404282,80.2133331299,74866,74897,31
12.9969396591,80.2105026245,75258,75299,41
12.9761800766,80.2202529907,75824,75986,162
12.975810051,80.2212371826,76016,76107,91
12.9763498306,80.2219772339,76127,76158,31
12.9873199463,80.2514419556,76724,76815,91
12.9876699448,80.2553863525,76875,76996,121
12.9871501923,80.2596435547,77067,77138,71
12.9969100952,80.1914825439,5691,5832,141
12.9966697693,80.1912994385,21415,21526,111
12.9959001541,80.1894989014,23929,23960,31
13.0243997574,80.2284393311,24692,24723,31
13.0042695999,80.2012481689,25284,25320,36
12.9559602737,80.1868972778,26249,26320,71
12.9395103455,80.1826019287,26582,26623,41
12.9204101563,80.1840286255,26986,27037,51
12.9231796265,80.1205673218,27834,27865,31
12.9236497879,80.1168518066,27945,27976,31
12.923330307,80.1216583252,28390,28511,121
12.9232902527,80.1215362549,28511,28622,111
12.9388198853,80.1823196411,29852,29903,51
12.9448003769,80.1829833984,30014,30054,40
12.9486198425,80.1851119995,30125,30175,50
12.9561300278,80.186920166,30428,30468,40
12.9655399323,80.1884078979,30680,30741,61
12.9683799744,80.1895980835,30791,30832,41
12.9727401733,80.1915206909,30943,30983,40
12.978219986,80.193862915,31084,31145,61
12.981089592,80.1954193115,31215,31256,41
12.9911603928,80.1945114136,31437,31468,31
12.9959001541,80.1896591187,31700,31821,121
13.0035495758,80.2007522583,32034,32084,50
13.0092401505,80.2108383179,32244,32304,60
13.029129982,80.2308197021,33041,33122,81
13.0342998505,80.2304000854,33223,33263,40
13.0350704193,80.2299575806,33303,33353,50
13.0343399048,80.229850769,34393,34443,50
13.0310401917,80.2307815552,34534,34585,51
13.0300998688,80.2308120728,34601,34646,45
13.0277395248,80.2326431274,34727,34778,51
13.0279197693,80.2328262329,34778,34909,131
13.0230398178,80.2273406982,35127,35169,42
13.004240036,80.2013015747,36006,36046,40
12.9493398666,80.1854476929,37215,37296,81
12.9205598831,80.1839981079,37730,37771,41
12.9231700897,80.1204833984,38596,38627,31
12.9236297607,80.1168136597,38697,38738,41
12.9233598709,80.1208496094,38808,38980,172
12.9231100082,80.1255722046,39485,39525,40
12.9486703873,80.1850585938,40725,40766,41
12.9682598114,80.1894836426,41179,41210,31
12.9959201813,80.1894302368,42267,42328,61
13.0091600418,80.2107696533,42679,42710,31
13.0291595459,80.2309036255,43376,43416,40
13.0301504135,80.230758667,43446,43495,49
13.030579567,80.2307434082,43505,43545,40
13.0341396332,80.230140686,44524,44575,51
13.0312004089,80.23072052,44676,44716,40
13.0230503082,80.2273406982,45039,45070,31
12.9493703842,80.1854095459,47139,47209,70
12.9395399094,80.1826171875,47401,47442,41
12.9205703735,80.1839599609,47724,47775,51
12.9198102951,80.1709365845,47946,47977,31
12.9231700897,80.1206817627,48601,48632,31
12.9234304428,80.1169509888,48712,48743,31
12.9235200882,80.1171722412,48793,48872,79
12.9232997894,80.1209411621,50033,50093,60
12.9203195572,80.183807373,50888,50919,31
12.9958896637,80.1894607544,52261,52322,61
13.0221796036,80.2263183594,52986,53037,51
13.0243396759,80.2284088135,53088,53128,40
13.0232601166,80.2275314331,53169,53270,101
13.0226097107,80.2270202637,53300,53340,40
12.9492902756,80.1853713989,55294,55325,31
12.9231700897,80.1207580566,56576,56607,31
12.9233198166,80.1210327148,58171,58211,40
12.9232597351,80.12159729,58232,58383,151
12.9203596115,80.1839065552,59574,59665,91
12.938949585,80.1824188232,59927,59968,41
12.9727401733,80.1915817261,60723,60854,131
13.0254602432,80.2299423218,62893,62943,50
13.028670311,80.2309188843,63044,63123,79
13.0340499878,80.2304611206,63284,63375,91
13.034119606,80.2301177979,63880,63920,40
13.0271596909,80.2329788208,64183,64223,40
12.9560098648,80.1870422363,66682,66722,40
12.9495000839,80.1855316162,66833,66874,41
12.9395103455,80.1826629639,67076,67116,40
12.9232597351,80.1547012329,67881,67932,51
12.9226799011,80.152130127,67982,68033,51
12.9231700897,80.1205596924,68546,68606,60
12.9232397079,80.1213226318,69424,69555,131
12.9487495422,80.185218811,70857,70908,51
12.9545202255,80.1867370605,71019,71099,80
12.9548797607,80.1867599487,71099,71170,71
13.0299701691,80.230796814,73120,73170,50
13.0348701477,80.2302398682,73311,73352,41
13.0345401764,80.2298431396,73382,73422,40
13.0341501236,80.2302398682,73695,73816,121
13.0310497284,80.2307662964,73897,73988,91
13.0080900192,80.2133331299,74844,74884,40
12.9827203751,80.1964492798,75773,75833,60
12.9492797852,80.1854782104,76677,76748,71
12.9232797623,80.1212081909,78312,78504,192
12.9487695694,80.1851425171,79742,79802,60
12.9967002869,80.191078186,80719,80860,141
12.9883298874,80.2235031128,11735,11907,172
12.9881496429,80.2236022949,16017,16138,121
12.9882001877,80.2236709595,16138,16219,81
12.988240242,80.2237091064,22249,22381,132
12.9991703033,80.2393035889,27915,27955,40
12.9883499146,80.2233200073,30179,30261,82
12.9992103577,80.2393493652,31533,31573,40
12.9883403778,80.2233276367,32088,32119,31
12.988360405,80.2233276367,33522,33563,41
13.0059404373,80.2423095703,34107,34138,31
12.9918203354,80.2337493896,35178,35219,41
12.9884700775,80.2234420776,35461,35521,60
13.0057001114,80.242401123,38631,38692,61
12.9918804169,80.2337799072,42458,42489,31
12.9883403778,80.2233734131,44669,44700,31
12.9917497635,80.2336425781,44952,44983,31
12.9986896515,80.2391891479,45174,45215,41
12.9991798401,80.2393417358,45982,46043,61
12.9917602539,80.2337799072,46245,46305,60
12.9909696579,80.2317581177,46346,46386,40
12.9883203506,80.2233428955,46588,46628,40
12.9899396896,80.227722168,46719,46750,31
12.9883298874,80.2233200073,48022,48072,50
12.9938602448,80.2344436646,48375,48406,31
12.9987001419,80.2391586304,48517,48638,121
13.0059204102,80.2423019409,48840,48880,40
12.9991903305,80.2393264771,49486,49536,50
12.9917898178,80.2337722778,49728,49779,51
12.9884500504,80.2234573364,50021,50072,51
12.9884595871,80.2234191895,50900,50970,70
12.9865398407,80.2385025024,51303,51334,31
12.9883098602,80.2233810425,55090,55130,40
12.9920196533,80.2335968018,55352,55393,41
12.9987001419,80.2391586304,55544,55575,31
12.9883298874,80.2233734131,57504,57545,41
12.9883298874,80.2233581543,58716,58756,40
12.9987401962,80.2392196655,59180,59211,31
12.999130249,80.2393493652,60028,60059,31
12.9865999222,80.23828125,60907,61038,131
12.9991998672,80.2393722534,63130,63201,71
12.9909095764,80.2318725586,63524,63565,41
12.9883298874,80.223449707,63767,63847,80
12.9866600037,80.2387008667,64210,64241,31
12.988360405,80.2234268188,64978,65009,31
13.0059404373,80.2423324585,65604,65655,51
12.9883298874,80.2234420776,67261,67301,40
12.9900598526,80.2277069092,67392,67452,60
12.9864702225,80.2352523804,67654,67685,31
12.9883098602,80.2234420776,68795,68846,51
12.9962797165,80.2364730835,70320,70361,41
12.9918403625,80.233833313,70532,70563,31
12.9864397049,80.2352294922,71168,71199,31
12.9864997864,80.2384414673,71936,72017,81
12.9864301682,80.2353515625,72077,72108,31
12.9883098602,80.2233963013,72390,72421,31
12.9962396622,80.2364196777,73915,73955,40
12.9883003235,80.2234191895,76228,76268,40
12.9883804321,80.2236328125,77661,77692,31
13.026599884,80.2657318115,309,481,172
13.0265398026,80.2656936646,481,542,61
13.0264997482,80.2655715942,4610,4781,171
13.0267095566,80.2656173706,17066,17258,192
13.0266599655,80.2656097412,17521,17571,50
13.026550293,80.2655563354,18994,19055,61
13.034070015,80.2304534912,20771,20811,40
13.0269002914,80.2329788208,22194,22235,41
13.0345201492,80.2679901123,23658,23709,51
13.0268096924,80.2660598755,24970,25001,31
13.0065002441,80.2576293945,25394,25455,61
13.0065002441,80.2574081421,25455,25495,40
13.0067396164,80.2488174438,25647,25717,70
13.0342502594,80.23021698,27635,27716,81
13.0341997147,80.23021698,27726,27847,121
13.0342102051,80.23046875,27847,27958,111
13.0068397522,80.251449585,29008,29059,51
13.0345201492,80.2680130005,29886,29957,71
13.0332603455,80.2677688599,30250,30351,101
13.0332298279,80.267868042,30351,30442,91
13.009519577,80.2592773438,30977,31037,60
13.0091495514,80.259262085,31037,31077,40
13.0087604523,80.2592086792,31077,31108,31
13.0066604614,80.2577972412,31178,31209,31
13.0065803528,80.2521972656,31310,31360,50
13.0257797241,80.2304763794,32652,32692,40
13.0292196274,80.2308578491,32793,32854,61
13.0305404663,80.2307434082,32894,32925,31
13.034910202,80.2302474976,33015,33066,51
13.0346002579,80.2297363281,33106,33147,41
13.034239769,80.2298965454,33167,33298,131
13.034239769,80.2303009033,33298,33379,81
13.0272197723,80.2329406738,33651,33702,51
13.0269804001,80.233039856,33702,33783,81
13.0144100189,80.2262878418,34156,34196,40
13.0113897324,80.2275009155,34257,34338,81
13.0082998276,80.233543396,34439,34479,40
13.0081501007,80.2340164185,34489,34529,40
13.0074300766,80.2376174927,34651,34701,50
13.0066900253,80.2438201904,34903,34943,40
13.0066795349,80.256980896,35175,35256,81
13.0229597092,80.2638397217,35609,35640,31
13.0337400436,80.2678604126,36019,36060,41
13.0345602036,80.2679977417,36080,36130,50
13.0344800949,80.2680892944,36130,36171,41
13.0066299438,80.2578201294,36857,36897,40
13.0065402985,80.2521896362,37018,37059,41
13.0067195892,80.2500762939,37099,37240,141
13.006649971,80.2484436035,37311,37362,51
13.0241498947,80.2281188965,38301,38352,51
13.0291595459,80.2308578491,38533,38584,51
13.030579567,80.2307128906,38644,38725,81
13.0342102051,80.2300720215,39603,39745,142
13.0276899338,80.2327880859,39926,39967,41
13.0069799423,80.2401275635,40582,40633,51
13.0328903198,80.2677612305,42237,42278,41
13.0067100525,80.2578735352,42944,43035,91
13.0066003799,80.2530517578,43146,43196,50
13.0067596436,80.250579834,43237,43307,70
13.0067501068,80.250213623,43307,43378,71
13.0066995621,80.2485961914,43428,43509,81
13.0122804642,80.2214584351,43973,44004,31
13.0292301178,80.2308807373,44438,44488,50
13.0347700119,80.2303009033,44629,44670,41
13.0342502594,80.2299728394,44750,44831,81
13.0341796875,80.2303085327,44861,44962,101
13.0067796707,80.2506790161,46103,46143,40
13.0223398209,80.2634735107,46628,46668,40
13.0291996002,80.2651519775,46981,47042,61
13.0333595276,80.2677612305,47223,47294,71
13.0344400406,80.2679824829,47334,47445,111
13.0305299759,80.2667770386,47576,47616,40
13.0266799927,80.265586853,49171,49282,111
13.0265798569,80.2655410767,49565,49646,81
13.0265598297,80.2654190063,51079,51139,60
13.0066404343,80.2518234253,51785,51866,81
13.0066604614,80.2474212646,51937,52068,131
13.0343198776,80.2297897339,53047,53128,81
13.0341596603,80.2303085327,53148,53299,151
13.0068902969,80.2400817871,53986,54036,50
13.0066404343,80.2571182251,54299,54359,60
13.0331802368,80.2677001953,54985,55045,60
13.0344295502,80.2679977417,55096,55197,101
13.0304803848,80.2667770386,56105,56156,51
13.0299596786,80.2667007446,56176,56216,40
13.0295600891,80.2666320801,56226,56257,31
13.0065498352,80.2575912476,56832,56933,101
13.006480217,80.2539901733,57003,57034,31
13.006529808,80.2529525757,57084,57145,61
13.0065803528,80.2474975586,57326,57417,91
13.0293903351,80.2308425903,58326,58366,40
13.0144195557,80.2262268066,59597,59638,41
13.0066900253,80.2570800781,60163,60243,80
13.0321102142,80.2672576904,60990,61031,41
13.0323801041,80.2674026489,61031,61101,70
13.0327196121,80.2676086426,61101,61132,31
13.0344600677,80.2681884766,61293,61354,61
13.034119606,80.2679977417,61354,61404,50
13.0223798752,80.2635421753,62313,62353,40
13.0065202713,80.2576293945,62757,62918,161
13.0065498352,80.2536621094,63059,63130,71
13.0065603256,80.2524185181,63160,63282,122
13.0066404343,80.2479400635,63372,63483,111
13.0243501663,80.2284927368,64240,64271,31
13.0298995972,80.2308197021,64452,64483,31
13.0331401825,80.2305603027,64553,64634,81
13.0346298218,80.2301177979,64725,64907,182
13.0313796997,80.2307510376,65391,65462,71
13.0300102234,80.2308578491,65512,65553,41
13.0270204544,80.232963562,65654,65765,111
13.0246496201,80.229133606,65865,65896,31
13.0068902969,80.2497024536,66501,66532,31
13.0328197479,80.2677307129,67480,67521,41
13.0330400467,80.2677612305,67531,67622,91
13.0344295502,80.2680587769,67733,67783,50
13.0343999863,80.2681503296,67793,67854,61
13.034040451,80.2680282593,67854,67904,50
13.0299196243,80.2667236328,68328,68369,41
13.0288801193,80.266418457,68429,68460,31
13.0263595581,80.2660217285,68510,68551,41
13.0065803528,80.2577590942,69025,69116,91
13.0064401627,80.2535629272,69196,69308,112
13.0064897537,80.2530136108,69318,69368,50
13.0065698624,80.2521820068,69388,69479,91
13.0066604614,80.2515563965,69499,69530,31
13.0066099167,80.2478408813,69691,69762,71
13.0065202713,80.2465896606,69842,69933,91
13.0065698624,80.2462005615,69933,69974,41
13.0065202713,80.2414321899,70115,70166,51
13.0242300034,80.2283096313,70933,70973,40
13.0281095505,80.2309875488,71145,71195,50
13.0288200378,80.2308807373,71215,71246,31
13.0337095261,80.2304916382,71347,71437,90
13.0309801102,80.2307662964,72083,72184,101
13.0069704056,80.2398071289,72850,72901,51
13.0344200134,80.2679977417,73951,73991,40
13.0260000229,80.2659378052,75263,75303,40
13.0221204758,80.2635574341,75435,75475,40
13.0064401627,80.2576980591,75828,75879,51
13.0065202713,80.2521362305,75960,76020,60
13.0284500122,80.2309188843,76797,76828,31
13.0341596603,80.2301635742,77050,77181,131
13.006770134,80.2515106201,78049,78089,40
13.0067100525,80.2573623657,78150,78221,71
13.0263395309,80.2633209229,85993,86044,51
13.0262002945,80.266418457,86114,86296,182
13.0504903793,80.2071762085,629,689,60
13.0506401062,80.2070770264,8049,8130,81
13.0679597855,80.2050323486,20546,20667,121
13.0697698593,80.2049102783,20728,20768,40
13.0095100403,80.2110366821,21769,21819,50
13.0092601776,80.2109832764,21819,21850,31
12.9762201309,80.2216186523,22665,22726,61
12.9772996902,80.2233963013,22758,22804,46
12.9872398376,80.2595825195,23413,23474,61
12.9799499512,80.252166748,24734,24775,41
13.0073900223,80.2098236084,26004,26044,40
13.0442399979,80.2122879028,26786,26817,31
13.0684995651,80.2051773071,27253,27384,131
13.0685796738,80.2051086426,27384,27415,31
13.0684995651,80.205078125,27415,27566,151
13.0503501892,80.2121887207,28555,28595,40
13.0498104095,80.2121429443,28605,28636,31
13.0450496674,80.212387085,28726,28757,31
13.0376396179,80.2123565674,28847,28918,71
13.0297603607,80.2090301514,29157,29189,32
13.009519577,80.2110824585,29633,29693,60
12.9760704041,80.2214736938,30662,30702,40
12.9871797562,80.2595825195,31867,31899,32
12.9868602753,80.2590637207,33635,33705,70
12.9875202179,80.2576293945,33766,33806,40
12.9876098633,80.256362915,33836,33867,31
12.9876003265,80.255859375,33887,33978,91
12.9878902435,80.2532806396,34048,34221,173
12.9799203873,80.252243042,34392,34423,31
12.9813203812,80.2433319092,34523,34604,81
12.9754104614,80.2207336426,35088,35149,61
13.0354795456,80.2122802734,36637,36678,41
13.0437898636,80.212272644,36822,36913,91
13.0680303574,80.2053985596,37821,37942,121
13.0679397583,80.205078125,37952,38023,71
13.0698003769,80.2048492432,38113,38154,41
13.0651702881,80.2112197876,38285,38346,61
13.0638504028,80.2117080688,38386,38426,40
13.0500802994,80.2121429443,38689,38769,80
13.0499601364,80.2125167847,38778,38911,133
13.0494403839,80.206741333,39395,39445,50
13.0494804382,80.2066421509,39466,39506,40
13.0499000549,80.2069625854,39556,39587,31
13.0499000549,80.206703186,39587,39667,80
13.0499200821,80.2069625854,39698,39799,101
13.0499601364,80.2068328857,39799,39849,50
13.0499696732,80.2065887451,39849,39899,50
13.0450696945,80.2124023438,41818,41879,61
13.0220499039,80.206489563,42371,42402,31
13.018239975,80.2060394287,42573,42609,36
13.0141401291,80.2045974731,42690,42723,33
13.0100603104,80.211479187,42944,42985,41
13.0094099045,80.2110824585,43035,43066,31
12.9764795303,80.2200317383,44085,44155,70
12.9761104584,80.220199585,44155,44256,101
12.986120224,80.2517318726,44901,44951,50
12.9878196716,80.2546615601,45052,45093,41
12.987569809,80.2565002441,46606,46737,131
12.9757499695,80.2211227417,47615,47694,79
13.0685997009,80.2051620483,49657,49724,67
13.0672197342,80.2091827393,50254,50302,48
12.9877004623,80.2555389404,52867,52957,90
12.9870300293,80.2594985962,53018,53099,81
12.9866304398,80.2593994141,53109,53159,50
12.9870195389,80.2591171265,53926,54047,121
12.9813404083,80.242477417,54529,54570,41
12.9873199463,80.218208313,55193,55224,31
13.0440998077,80.2122421265,56553,56625,72
13.0500802994,80.2122192383,58472,58523,51
13.037610054,80.2124099731,58702,58773,71
13.0098695755,80.2113494873,59535,59585,50
12.9763298035,80.2217407227,60615,60646,31
12.9877500534,80.2549362183,61443,61584,141
12.9868402481,80.2590637207,62531,62621,90
12.9875802994,80.2563323975,62702,62793,91
13.0058202744,80.2094802856,64434,64474,40
13.06346035,80.211479187,65967,66016,49
13.0685901642,80.2053375244,66178,66269,91
13.0684499741,80.2053375244,66269,66451,182
13.0683403015,80.2050323486,67207,67238,31
13.0497102737,80.2121810913,67782,67822,40
13.0250597,80.2071609497,68585,68626,41
13.0244598389,80.2070083618,68646,68677,31
13.0199203491,80.2065505981,68889,68929,40
13.0195198059,80.2064971924,68929,68979,50
13.0187997818,80.2063064575,69005,69058,53
13.0179100037,80.2060394287,69088,69119,31
13.0104799271,80.2118988037,69421,69472,51
13.0102901459,80.2117233276,69472,69593,121
13.0100002289,80.211479187,69593,69684,91
13.0096797943,80.2113037109,69684,69764,80
13.0093898773,80.2110595703,69764,69845,81
13.010310173,80.2258300781,70214,70247,33
13.0105400085,80.2252883911,70257,70297,40
13.0107498169,80.225227356,70297,70348,51
12.9977703094,80.2166213989,70559,70620,61
12.9955301285,80.2168273926,70711,70822,111
12.9767303467,80.2199630737,71175,71236,61
12.9760398865,80.2202682495,71437,71498,61
12.9757003784,80.2203979492,71498,71599,101
12.9843902588,80.2522506714,72416,72517,101
12.9877700806,80.2550964355,72658,72729,71
12.9876804352,80.2554168701,72729,72860,131
12.9875097275,80.2562179565,73706,73818,112
12.9801197052,80.2527770996,74040,74110,70
12.9755496979,80.2210998535,74976,75043,67
12.9753198624,80.220916748,75043,75146,103
13.007109642,80.2098617554,75799,75830,31
13.0440797806,80.2122573853,76516,76597,81
13.0444297791,80.2124710083,77937,77986,49
13.050740242,80.2064590454,81982,82032,50
13.0506696701,80.206413269,83728,83859,131
12.9981498718,80.2568283081,666,747,81
12.998290062,80.2569503784,4107,4289,182
12.9982795715,80.2567977905,4289,4450,161
12.9982595444,80.2568817139,4450,4511,61
12.9984102249,80.2568511963,6073,6224,151
12.9983596802,80.2567825317,9846,9897,51
12.9981899261,80.2571487427,12117,12197,80
12.9983901978,80.2568206787,20593,20674,81
12.997759819,80.256362915,20694,20755,61
13.0443201065,80.2120437622,24516,24552,36
13.0489902496,80.2068023682,24776,24814,38
13.0491399765,80.20728302,26319,26359,40
13.0498600006,80.2117767334,26438,26478,40
13.0444898605,80.2124176025,26590,26671,81
13.0362501144,80.2029571533,27397,27428,31
13.0363798141,80.2031097412,27428,27488,60
13.0082597733,80.2335891724,28838,28869,31
13.006939888,80.2401428223,28957,29038,81
13.0066995621,80.2573165894,29381,29462,81
13.001660347,80.2565917969,29542,29583,41
12.9968204498,80.2562789917,31650,31691,41
12.9990997314,80.2560882568,31771,31812,41
13.0053796768,80.2572097778,31900,31950,50
13.0067501068,80.2499694824,32112,32153,41
13.0066003799,80.2479782104,32213,32395,182
13.023059845,80.2272186279,33131,33192,61
13.0300703049,80.2094421387,34136,34188,52
13.0446796417,80.2123565674,36566,36657,91
13.0278596878,80.2327575684,38453,38534,81
13.0070400238,80.2395477295,39198,39238,40
13.0069999695,80.2399215698,39238,39278,40
13.0068502426,80.2504577637,39517,39549,32
13.0066699982,80.2570800781,39660,39720,60
13.0067996979,80.2571411133,39720,39761,41
13.0036802292,80.2570037842,39851,39912,61
13.0020904541,80.2566986084,39962,40013,51
12.9977197647,80.2560501099,40132,40172,40
12.9976396561,80.2570037842,40202,40313,111
12.9975204468,80.2567901611,40324,40424,100
12.9968299866,80.2567672729,42328,42378,50
13.006649971,80.2518997192,42933,43024,91
13.0066900253,80.2404403687,43488,43519,31
13.029250145,80.2308425903,44252,44283,31
13.044260025,80.2119598389,45905,45945,40
13.0497903824,80.2116470337,46691,46732,41
13.0066795349,80.2572097778,49548,49579,31
12.9975595474,80.2560195923,49760,49801,41
13.0003204346,80.2662124634,50164,50235,71
13.0003700256,80.266456604,50547,50709,162
12.9968795776,80.2559967041,51445,51506,61
12.9991703033,80.256111145,51576,51607,31
13.006360054,80.2574768066,51718,51768,50
13.0065202713,80.2529296875,51859,51899,40
13.0066795349,80.2483062744,51970,52050,80
13.0066795349,80.2481231689,52050,52081,31
13.0293502808,80.230796814,52989,53045,56
13.0301103592,80.2092208862,53731,53782,51
13.0497903824,80.2116775513,55915,55956,41
13.0277795792,80.2311096191,57801,57850,49
13.0269098282,80.2330093384,57870,57943,73
13.0069904327,80.2401199341,58496,58557,61
12.9994401932,80.2563018799,59029,59069,40
13.0003004074,80.2663574219,60795,60826,31
12.9968395233,80.256362915,61148,61229,81
13.0058002472,80.2573165894,61530,61570,40
13.0064897537,80.252571106,61681,61762,81
13.0066404343,80.2483901978,61822,61893,71
13.0066795349,80.2404937744,62054,62095,41
13.02602005,80.2310714722,62821,62882,61
13.0292100906,80.2308425903,62983,63114,131
13.0301303864,80.2092819214,63828,63889,61
13.0442495346,80.21144104,64895,64946,51
13.0468301773,80.2121963501,65007,65057,50
13.0488004684,80.2071914673,65249,65305,56
13.049200058,80.2073898315,66175,66235,60
13.0498399734,80.2117767334,66326,66357,31
13.0446500778,80.2124633789,66467,66620,153
13.0397500992,80.1932907104,67130,67163,33
13.0306301117,80.2303009033,68430,68469,39
13.0267696381,80.233039856,68632,68730,98
13.0082397461,80.233581543,69265,69296,31
13.0071201324,80.2391433716,69386,69427,41
13.0067996979,80.2512283325,69800,69851,51
13.0066003799,80.2570877075,69951,70012,61
13.0015897751,80.256652832,70121,70171,50
13.0002403259,80.2657623291,70593,70633,40
12.9968299866,80.2562789917,72156,72217,61
12.9986801147,80.2560272217,72257,72307,50
13.0056600571,80.2573394775,72418,72459,41
13.0065002441,80.2521896362,72580,72620,40
13.0065498352,80.2411422729,72882,72913,31
13.0290603638,80.2308425903,73700,73750,50
13.030090332,80.2093200684,74529,74580,51
13.006649971,80.2571487427,79468,79529,61
12.9978303909,80.2564163208,80313,80445,132
12.9980201721,80.2570037842,80465,80515,50
13.0992603302,80.241317749,8142,8263,121
13.0992202759,80.2412414551,8263,8374,111
13.0993099213,80.2413711548,16130,16201,71
13.0693702698,80.2422027588,24261,24302,41
13.0067396164,80.2463684082,25914,25954,40
13.0067396164,80.2467803955,25974,26065,91
13.0003795624,80.2660293579,26750,26841,91
13.0002298355,80.2663726807,26841,27031,190
13.0066995621,80.2518692017,27676,27747,71
13.0066900253,80.2477111816,27808,27949,141
13.0343799591,80.2304229736,28785,28855,70
13.0342702866,80.2373504639,28977,29037,60
13.0449104309,80.2404098511,29229,29269,40
13.0494804382,80.2402572632,29390,29441,51
13.100399971,80.2146224976,31123,31163,40
13.0532903671,80.2419281006,34322,34372,50
13.0355701447,80.2304077148,34854,34984,130
13.0277204514,80.2310409546,35166,35197,31
13.0278501511,80.2327270508,35247,35388,141
13.0081100464,80.23412323,35960,36022,62
13.0071697235,80.238822937,36123,36174,51
13.0066699982,80.244758606,36406,36487,81
13.001709938,80.2565765381,36868,36908,40
13.0062503815,80.2574234009,38265,38305,40
13.0114297867,80.2233200073,38858,38889,31
13.0343999863,80.2304077148,39797,39838,41
13.0346403122,80.2304229736,39838,39938,100
13.047369957,80.2397689819,40421,40471,50
13.0757904053,80.2340393066,41217,41258,41
13.0984201431,80.2141799927,41983,42064,81
13.0763597488,80.2370223999,43557,43618,61
13.0066699982,80.2483901978,47319,47359,40
13.006649971,80.2480163574,47359,47410,51
13.0113697052,80.22315979,47813,47844,31
13.0342903137,80.2303771973,48366,48407,41
13.0342702866,80.2375488281,48619,48659,40
13.0342197418,80.2376403809,48659,48720,61
13.0401802063,80.2399368286,48871,48922,51
13.0522899628,80.2408294678,49245,49293,48
13.0655202866,80.2435379028,49658,49699,41
13.0768003464,80.2389297485,49935,50046,111
13.0840396881,80.2339782715,50430,50490,60
13.0911798477,80.2276535034,52306,52346,40
13.0528202057,80.2417984009,53937,53987,50
13.02684021,80.2329788208,54752,54823,71
13.0068798065,80.2400970459,55279,55356,77
13.0016298294,80.2565536499,55781,55821,40
12.9968700409,80.2562713623,57019,57050,31
13.0065603256,80.2531509399,57401,57451,50
13.006649971,80.2520294189,57492,57573,81
13.0066604614,80.2476730347,57643,57694,51
13.0341701508,80.237197876,58883,58923,40
13.0565700531,80.2426605225,59500,59531,31
13.0696201324,80.2422180176,59803,59834,31
13.1003799438,80.21459198,61025,61085,60
13.0528497696,80.2418823242,63496,63556,60
13.0450897217,80.2326202393,63887,63918,31
13.035369873,80.2303390503,64069,64251,182
13.0068998337,80.2400970459,65087,65238,151
13.0026102066,80.2567672729,65732,65783,51
13.0003204346,80.2662200928,66712,66823,111
12.9968395233,80.2561264038,67578,67648,70
13.0056800842,80.2574386597,67870,67971,101
13.0059995651,80.2574615479,67981,68032,51
13.0065202713,80.2574615479,68052,68123,71
13.0065097809,80.2554397583,68214,68264,50
13.0064897537,80.2546463013,68315,68416,101
13.0064601898,80.253578186,68446,68547,101
13.006480217,80.2526016235,68567,68648,81
13.0067396164,80.2512969971,68668,68708,40
13.0067100525,80.2512130737,68708,68769,61
13.0066995621,80.2496795654,68829,68880,51
13.0066204071,80.2479934692,68941,69041,100
13.007349968,80.2370834351,69435,69496,61
13.028429985,80.2309875488,70341,70382,41
13.0302295685,80.2308273315,70443,70483,40
13.0342998505,80.2304992676,70574,70614,40
13.0443601608,80.2407531738,71044,71147,103
13.0564403534,80.2426300049,71430,71480,50
13.0998296738,80.2144699097,72918,72949,31
13.0771903992,80.2406234741,74170,74203,33
13.0355396271,80.2304382324,75444,75523,79
13.0064897537,80.2535171509,76725,76887,162
13.0343198776,80.2304534912,77965,78005,40
13.0656900406,80.2435302734,78862,78893,31
13.0988502502,80.2413711548,80375,80435,60
13.0989398956,80.2404022217,80506,80647,141
13.0143404007,80.2255172729,6736,6928,192
13.0084896088,80.2135162354,22896,22936,40
12.9757204056,80.2210693359,23539,23579,40
12.9199399948,80.1704864502,24726,24766,40
12.9237003326,80.1563262939,26838,26878,40
13.0078802109,80.2130737305,29093,29133,40
13.0342502594,80.2298202515,29817,29948,131
13.0297899246,80.2308807373,30360,30391,31
13.0231599808,80.2274780273,30604,30643,39
12.9975404739,80.2162475586,31351,31411,60
12.9873504639,80.2230911255,31593,31633,40
12.9392204285,80.2054290771,32601,32648,47
12.91726017,80.1914367676,33123,33154,31
12.9226999283,80.1520614624,33756,33793,37
12.9231700897,80.1205368042,34287,34318,31
12.9235801697,80.1169128418,35015,35116,101
12.9733400345,80.2198104858,37922,37993,71
12.9754104614,80.2206115723,38053,38104,51
13.0196304321,80.2245178223,39228,39280,52
13.022649765,80.2267608643,39441,39481,40
13.0286903381,80.2308120728,39803,39834,31
13.0344696045,80.2297897339,40084,40144,60
13.0278196335,80.2324829102,40618,40810,192
12.9833202362,80.2222671509,42028,42068,40
12.975230217,80.2206268311,47593,47653,60
13.0338602066,80.2305221558,49071,49142,71
13.0141401291,80.2256469727,49795,49974,179
13.0141296387,80.2253417969,49974,50024,50
13.0143098831,80.2258224487,50125,50176,51
13.0152597427,80.2252807617,50403,50435,32
13.0290002823,80.2308578491,50758,50808,50
13.0348300934,80.2298431396,50980,51030,50
13.0342798233,80.2301177979,51280,51320,40
13.0270500183,80.2329177856,51520,51580,60
13.0231199265,80.2274169922,51702,51752,50
12.943110466,80.2078018188,53264,53310,46
12.9226303101,80.1519393921,54390,54450,60
12.9751396179,80.2206268311,57918,57968,50
12.9757795334,80.2211303711,57988,58077,89
13.007399559,80.2127990723,58771,58812,41
13.0291404724,80.2309036255,59395,59457,62
13.0345096588,80.2304229736,59555,59615,60
13.0342197418,80.2302017212,60493,60573,80
12.9226903915,80.1521224976,64035,64075,40
12.9234304428,80.1171112061,64610,64660,50
12.9233398438,80.1203079224,64730,64761,31
12.9230604172,80.1256332397,66101,66151,50
12.9171600342,80.1931381226,67176,67237,61
12.9751996994,80.2207565308,68402,68541,139
12.9866399765,80.2230377197,68843,68894,51
13.0077600479,80.2130508423,69438,69549,111
13.0095100403,80.2148590088,69639,69700,61
13.0254497528,80.2299804688,70220,70252,32
13.0284700394,80.2309494019,70343,70383,40
13.0303497314,80.2307891846,70444,70484,40
13.0346603394,80.2304382324,70605,70676,71
13.0269002914,80.233039856,71280,71361,81
13.008890152,80.2140808105,72195,72226,31
13.0081796646,80.2133789063,72296,72367,71
12.9976902008,80.2160415649,72586,72627,41
12.9974098206,80.2163085938,72627,72697,70
12.9965801239,80.2166137695,72738,72778,40
12.9760198593,80.2214584351,73322,73373,51
12.9226503372,80.1521224976,75233,75293,60
12.9230203629,80.1256408691,76360,76420,60
12.92029953,80.1839828491,77144,77204,60
13.033200264,80.2305221558,79511,79542,31
13.033829689,80.2304763794,79574,79664,90
13.0141496658,80.2251968384,80295,80326,31
13.0682201385,80.2053604126,39853,39903,50
13.0679597855,80.2053527832,39913,40004,91
13.0679397583,80.2054290771,40559,40620,61
13.0494604111,80.2121582031,41154,41185,31
13.0136003494,80.2083129883,42438,42589,151
13.0151195526,80.2262802124,42902,42982,80
13.0111703873,80.2238006592,43013,43053,40
13.0101499557,80.2227325439,43073,43134,61
13.010140419,80.2159576416,43134,43293,159
13.0045995712,80.2122268677,43303,43344,41
12.997130394,80.2103424072,46650,46721,71
13.0379295349,80.2116088867,47952,47988,36
13.0452203751,80.2127609253,48010,48141,131
13.0476303101,80.2118377686,48141,48303,162
13.0541601181,80.2108917236,48323,48373,50
13.0630302429,80.2112121582,48434,48474,40
13.0658502579,80.2106628418,48504,48585,81
13.0681800842,80.2054214478,48929,49010,81
13.0638303757,80.2117233276,49181,49212,31
13.050239563,80.2121200562,49359,49411,52
13.0377502441,80.2123413086,49553,49623,70
13.0345096588,80.2057876587,50802,50893,91
13.0437097549,80.212059021,52768,52859,91
13.0530996323,80.2117919922,52970,53031,61
13.0698900223,80.2045593262,53606,53666,60
12.9754695892,80.2214279175,56367,56529,162
12.976650238,80.2220077515,56549,56670,121
12.9898900986,80.2153167725,57546,57728,182
12.999130249,80.2137908936,58061,58111,50
13.001250267,80.2128829956,58111,58172,61
13.0055398941,80.2105331421,58192,58333,141
13.008099556,80.2088165283,58353,58434,81
13.0458803177,80.2127380371,61387,61427,40
13.0328798294,80.2303771973,992,1113,121
13.0330095291,80.2305297852,2073,2184,111
13.0328197479,80.230506897,2689,2800,111
13.033080101,80.2306289673,2800,2921,121
13.0331001282,80.2305831909,3537,3617,80
13.033080101,80.2305526733,18031,18062,31
13.0066604614,80.2475509644,20669,20748,79
13.0344104767,80.2297363281,21494,21554,60
13.0339097977,80.2298431396,22259,22360,101
13.033949852,80.2297363281,23500,23641,141
13.0342903137,80.2299499512,23652,23742,90
13.034239769,80.2303390503,23742,23773,31
13.0334196091,80.2678909302,25353,25454,101
13.0066404343,80.2577285767,26603,26634,31
13.0219497681,80.2261276245,27368,27447,79
13.0349502563,80.2301025391,27709,27740,31
13.0342998505,80.2299728394,29163,29264,101
13.0341796875,80.2302703857,29264,29314,50
13.0246601105,80.229133606,29566,29597,31
13.0068502426,80.2514038086,30220,30251,31
13.0067100525,80.2574462891,30321,30352,31
13.0344696045,80.2679824829,30993,31024,31
13.0338602066,80.2679824829,31044,31185,141
13.0334997177,80.2678375244,31912,31952,40
13.0066604614,80.2577514648,32588,32659,71
13.0066795349,80.2486495972,32891,33012,121
13.0065498352,80.2420578003,33234,33274,40
13.0066003799,80.2417526245,33274,33375,101
13.0240802765,80.2282485962,34138,34188,50
13.0347700119,80.2303085327,34532,34573,41
13.0346603394,80.2299118042,34609,34650,41
13.0341596603,80.2299499512,34914,35075,161
13.0342798233,80.2302780151,35075,35116,41
13.0310001373,80.230682373,35197,35237,40
13.0277395248,80.2321014404,35386,35417,31
13.0270900726,80.2329483032,35467,35517,50
13.0268697739,80.2331085205,35517,35628,111
13.0081996918,80.233757019,36183,36224,41
13.0072498322,80.2382965088,36385,36416,31
13.0069198608,80.2399902344,36446,36607,161
13.0066699982,80.2570037842,37031,37077,46
13.0343599319,80.2680130005,37806,37875,69
13.0066404343,80.2575836182,38943,39044,101
13.0065803528,80.2519836426,39161,39225,64
13.0255098343,80.2299728394,40237,40277,40
13.034620285,80.2303619385,40570,40641,71
13.0349502563,80.2302322388,40641,40681,40
13.0341796875,80.23021698,41407,41509,102
13.0341596603,80.2302703857,41509,41550,41
13.0277700424,80.2318878174,41691,41762,71
13.0066699982,80.2436218262,42628,42669,41
13.0065698624,80.2573928833,42941,43052,111
13.0345497131,80.2680282593,43898,44069,171
13.0333099365,80.2678222656,44120,44241,121
13.0332202911,80.2677001953,44241,44423,182
13.0328397751,80.2677307129,44423,44454,31
13.006649971,80.2534179688,45139,45179,40
13.0065698624,80.2530136108,45189,45260,71
13.0066900253,80.2519302368,45290,45411,121
13.0336799622,80.2304534912,46560,46600,40
13.0268697739,80.2329406738,49594,49655,61
13.0253000259,80.2300109863,49755,49786,31
13.0068998337,80.2401123047,50331,50411,80
13.0067396164,80.2462310791,50542,50573,31
13.0068702698,80.2494888306,50613,50651,38
13.0334997177,80.2677993774,51499,51539,40
13.0342798233,80.2680130005,51560,51620,60
13.034620285,80.268081665,51620,51721,101
13.0066604614,80.2576904297,53075,53134,59
13.0065202713,80.2574768066,53134,53184,50
13.0066995621,80.2519607544,53295,53376,81
13.0066795349,80.2477722168,53446,53497,51
13.0346603394,80.2302398682,54534,54595,61
13.0347795486,80.2300109863,54605,54665,60
13.0297403336,80.2308731079,56187,56228,41
13.0268201828,80.2329483032,56316,56377,61
13.0067195892,80.2572402954,57200,57251,51
13.0331897736,80.2677536011,58066,58136,70
13.0344800949,80.2680587769,58197,58348,151
13.0340900421,80.2680282593,58359,58399,40
13.0335798264,80.267868042,58419,58470,51
13.0307397842,80.2667922974,59063,59113,50
13.0298595428,80.2666625977,59134,59174,40
13.0263700485,80.2659835815,59254,59335,81
13.0065898895,80.2577590942,59840,59890,50
13.006480217,80.253036499,59991,60022,31
13.0065803528,80.2475204468,60133,60213,80
13.0228900909,80.2270278931,61036,61079,43
13.0242900848,80.2283935547,61140,61180,40
13.0285196304,80.2309188843,61321,61352,31
13.0292100906,80.2308807373,61352,61387,35
13.0344600677,80.2303924561,61485,61527,42
13.0346403122,80.2300262451,61579,61659,80
13.0341300964,80.2303314209,62447,62487,40
13.029800415,80.2308273315,62628,62689,61
13.0268697739,80.233001709,62780,62830,50
13.0247802734,80.2292633057,62951,62992,41
13.0082397461,80.2335891724,63402,63433,31
13.006939888,80.239906311,63544,63585,41
13.0067501068,80.2460479736,63756,63807,51
13.0068702698,80.2495574951,63857,63888,31
13.0066204071,80.2570266724,64019,64118,99
13.0336904526,80.2679367065,64975,65006,31
13.0345697403,80.2682037354,65055,65097,42
13.0335102081,80.2679367065,65137,65187,50
13.0264501572,80.2660217285,65642,65682,40
13.0188102722,80.2619400024,65954,65985,31
13.0162696838,80.259803772,66075,66106,31
13.0065402985,80.2534103394,66398,66580,182
13.0065898895,80.2520370483,66943,67034,91
13.0067996979,80.2509384155,67276,67387,111
13.0067195892,80.2505722046,67387,67448,61
13.0066699982,80.2493896484,67488,67589,101
13.0066099167,80.2476806641,67640,67751,111
13.0066204071,80.2466201782,67781,67842,61
13.0066204071,80.2462387085,67842,67902,60
13.0065898895,80.2407608032,68114,68154,40
13.0066204071,80.2404937744,68154,68225,71
13.0112400055,80.2235183716,68548,68609,61
13.0139799118,80.2234573364,68709,68740,31
13.0252199173,80.2297134399,69161,69212,51
13.029250145,80.2309417725,69373,69424,51
13.0298900604,80.2309036255,69444,69535,91
13.0345096588,80.2304382324,69727,69767,40
13.0345497131,80.2300796509,69807,69868,61
13.0341501236,80.230430603,70292,70373,81
13.0251197815,80.2298431396,70716,70756,40
13.0070695877,80.2392120361,71357,71489,132
13.0338001251,80.2679519653,72726,72766,40
13.0344800949,80.2680435181,72786,72847,61
13.0335597992,80.2679519653,72897,72948,51
13.0332098007,80.2678222656,72948,72988,40
13.0221796036,80.2635269165,73346,73378,32
13.0066204071,80.2577896118,73751,73822,71
13.006480217,80.2523193359,73933,73983,50
13.0293998718,80.2308578491,74972,75023,51
13.0340900421,80.2303466797,75758,75789,31
13.0068302155,80.2401733398,76663,76733,70
13.033539772,80.2678833008,77862,77963,101
13.0263795853,80.2659378052,78394,78445,51
13.0350103378,80.230140686,80056,80106,50
13.0331802368,80.2305221558,83929,84078,149
12.9226903915,80.1520233154,26677,26717,40
12.9171304703,80.1932525635,29005,29045,40
12.9752702713,80.2206268311,30173,30274,101
13.0075397491,80.2127990723,31110,31168,58
13.0339899063,80.2304382324,31874,31905,31
13.0342102051,80.230140686,33498,33529,31
13.0278396606,80.2321777344,33728,33810,82
13.0269002914,80.2329483032,33870,34012,142
13.0246400833,80.2290725708,34123,34163,40
13.0111503601,80.2238235474,34546,34586,40
13.008769989,80.2137908936,34808,34839,31
13.0085897446,80.2136077881,34849,34909,60
13.0083198547,80.2133865356,34919,34990,71
12.9974298477,80.2163391113,35252,35293,41
12.9172201157,80.1943283081,36823,36944,121
12.9231796265,80.1204681396,37973,38004,31
12.9225702286,80.1436309814,38800,38831,31
12.9171304703,80.1931304932,39565,39605,40
12.9186897278,80.1956634521,39675,39706,31
13.0243301392,80.2284622192,41831,41872,41
13.0293102264,80.2308197021,42021,42061,40
13.0343799591,80.229927063,43493,43635,142
13.0313301086,80.2306594849,43786,43836,50
13.0275697708,80.2328414917,43977,44008,31
12.9232797623,80.1213531494,47646,47817,171
12.9975404739,80.2160797119,50463,50504,41
13.0078496933,80.2130737305,50726,50796,70
13.0345802307,80.2303466797,51452,51563,111
13.0268497467,80.232963562,51775,51821,46
13.0342998505,80.2297515869,53580,53620,40
13.0083303452,80.2134094238,54815,54886,71
12.9754695892,80.2209320068,55653,55723,70
12.9223804474,80.1432418823,57363,57413,50
12.9231004715,80.1256332397,58976,59026,50
12.9206199646,80.1851806641,59872,59903,31
13.0079097748,80.2130889893,62179,62229,50
13.0331001282,80.2305221558,63017,63058,41
13.0343704224,80.2299118042,63663,63784,121
13.0342197418,80.2302627563,63784,63875,91
13.0313997269,80.2306976318,63925,64006,81
13.0269002914,80.2330093384,64155,64226,71
13.0083799362,80.213470459,64970,65010,40
12.9759397507,80.2213287354,65938,65989,51
12.9757099152,80.2211914063,65989,66049,60
12.9172401428,80.194442749,67119,67170,51
12.9170799255,80.1924819946,67240,67271,31
12.9227199554,80.1525115967,68007,68047,40
12.9224004745,80.1432571411,68215,68297,82
12.9233999252,80.1170120239,68771,68842,71
12.9225101471,80.1435623169,69931,69962,31
12.9736404419,80.2199707031,71744,71784,40
12.9750995636,80.2206192017,71815,71915,100
12.9754495621,80.2207183838,71936,72026,90
12.9828796387,80.2220001221,72246,72277,31
12.986989975,80.2230606079,72418,72458,40
13.0078401566,80.2130966187,72973,73043,70
13.0243597031,80.2285308838,73454,73485,31
13.0291404724,80.2308425903,73616,73654,38
13.034819603,80.2302780151,73875,73907,32
13.0347099304,80.2299880981,73917,73977,60
13.0342998505,80.2299194336,74560,74631,71
13.0341396332,80.2299728394,74641,74701,60
13.0341796875,80.2303619385,74701,74732,31
13.022939682,80.2274703979,75085,75125,40
12.9973297119,80.2163925171,75967,76009,42
12.9755601883,80.2211227417,76543,76604,61
12.9234304428,80.1170196533,78827,78867,40
12.9232196808,80.1232223511,78998,79067,69
12.9230804443,80.1256866455,79108,79149,41
13.0145797729,80.2260665894,81748,81804,56
13.0141401291,80.2257537842,81825,81896,71
13.0261497498,80.2662963867,18170,18210,40
13.0345096588,80.268157959,22654,22704,50
13.0066404343,80.2576980591,24290,24341,51
13.0066900253,80.2517929077,24442,24502,60
13.0066900253,80.2475891113,24583,24623,40
13.006939888,80.2400817871,27643,27714,71
13.0067195892,80.2434692383,27795,27855,60
13.0068702698,80.2514419556,28007,28047,40
13.0346002579,80.2679977417,28926,28966,40
13.0331602097,80.2677230835,29300,29471,171
13.0066404343,80.2578125,30168,30249,81
13.0066604614,80.2518005371,30370,30471,101
13.0066299438,80.2482223511,30552,30703,151
13.0342102051,80.2303924561,31754,31794,40
13.0070400238,80.2397384644,33430,33561,131
13.0066995621,80.2450790405,33733,33784,51
13.0334501266,80.2678070068,34894,34925,31
13.0344600677,80.2681121826,34985,35026,41
13.0067195892,80.2578582764,35995,36086,91
13.0066299438,80.2519302368,36227,36258,31
13.0067501068,80.2493286133,36308,36369,61
13.0193195343,80.2242965698,37187,37267,80
13.0205802917,80.2251205444,37318,37379,61
13.0258703232,80.2306289673,37722,37803,81
13.0291500092,80.2308273315,37894,37934,40
13.0302696228,80.2307434082,37954,38005,51
13.0345602036,80.2300491333,38166,38247,81
13.0342197418,80.2300491333,38681,38732,51
13.0341701508,80.2302627563,38732,38782,50
13.0252304077,80.229927063,39095,39206,111
13.0066699982,80.2567596436,40287,40337,50
13.0291996002,80.2639770508,40963,41014,51
13.0334997177,80.2677688599,41185,41246,61
13.0344400406,80.2679824829,41266,41297,31
13.0345401764,80.2682037354,41297,41357,60
13.02987957,80.2667312622,41690,41721,31
13.0072097778,80.2587127686,42226,42276,50
13.0065002441,80.2528533936,42417,42448,31
13.011879921,80.2220993042,42983,43043,60
13.0276699066,80.2309875488,43528,43579,51
13.0283498764,80.2309036255,43598,43639,41
13.0293703079,80.2308807373,43680,43740,60
13.030579567,80.230758667,43771,43851,80
13.0347604752,80.2303085327,43932,43973,41
13.034819603,80.2298736572,44003,44053,50
13.0313100815,80.2306900024,44275,44356,81
13.0309400558,80.2306900024,44356,44387,31
13.0269603729,80.2329483032,44548,44619,71
13.0066099167,80.2570495605,45608,45669,61
13.0333404541,80.2677612305,46548,46598,50
13.0268497467,80.2658233643,46881,47022,141
13.0291996002,80.26587677,48082,48113,31
13.0344104767,80.2679519653,48335,48385,50
13.0334396362,80.2678833008,48436,48507,71
13.0326595306,80.2676925659,48527,48567,40
13.0252199173,80.2653503418,49012,49043,31
13.0158004761,80.2595825195,49255,49295,40
13.006649971,80.2578735352,49507,49558,51
13.0064897537,80.2531433105,49639,49679,40
13.0066003799,80.2518768311,49699,49770,71
13.0066003799,80.247467041,49911,49982,71
13.0344896317,80.2303771973,50941,50992,51
13.0347499847,80.2303009033,50992,51052,60
13.0346603394,80.2297973633,51103,51214,111
13.0342702866,80.2298202515,51224,51335,111
13.0272197723,80.2329406738,51557,51597,40
13.0255699158,80.2303695679,51658,51729,71
13.0069599152,80.2399520874,52224,52284,60
13.0068597794,80.2512817383,52537,52577,40
13.0345201492,80.2679977417,53455,53647,192
13.0333204269,80.2678604126,53708,53768,60
13.0065603256,80.2576370239,54415,54485,70
13.0065202713,80.2530593872,54586,54617,31
13.0066204071,80.2519836426,54637,54728,91
13.0066299438,80.2475585938,54839,54920,81
13.0340003967,80.2304382324,55849,55889,40
13.0272397995,80.2329483032,57787,57828,41
13.006819725,80.2470626831,58575,58615,40
13.0292196274,80.2663421631,59363,59423,60
13.0329799652,80.2677764893,59524,59555,31
13.0065402985,80.2576980591,61241,61342,101
13.0065803528,80.2519607544,61493,61574,81
13.0073900223,80.2369689941,61948,61988,40
13.0155897141,80.2250823975,62311,62342,31
13.0220403671,80.2262268066,62453,62493,40
13.0243701935,80.2284622192,62564,62614,50
13.0257997513,80.2305297852,62665,62736,71
13.0336799622,80.2304992676,62988,63028,40
13.0339202881,80.2304916382,63028,63059,31
13.0344400406,80.2297973633,63160,63301,141
13.0342197418,80.2299728394,63311,63402,91
13.029800415,80.230796814,63756,63796,40
13.0271701813,80.2329406738,63887,63947,60
13.032910347,80.267791748,65705,65745,40
13.0332603455,80.2678604126,65745,65836,91
13.0345001221,80.2680435181,65876,65907,31
13.0340299606,80.2680206299,65957,66008,51
13.0328502655,80.2677764893,66896,66927,31
13.0065097809,80.2574005127,67694,67795,101
13.0064401627,80.2570419312,67795,67836,41
13.0063800812,80.2568130493,67846,67906,60
13.0064697266,80.2564163208,67906,67957,51
13.0065402985,80.2561264038,67957,68078,121
13.006480217,80.2543563843,68149,68239,90
13.0065202713,80.2532501221,68280,68371,91
13.0065803528,80.2519378662,68401,68502,101
13.0066995621,80.2509002686,68522,68613,91
13.0066995621,80.2498168945,68633,68734,101
13.0066003799,80.2482528687,68795,68845,50
13.0195398331,80.2245025635,69703,69734,31
13.0289497375,80.2308883667,70118,70179,61
13.0300798416,80.2308120728,70209,70250,41
13.033490181,80.2305221558,70361,70412,51
13.0341300964,80.2302932739,70563,70715,152
13.029709816,80.2308807373,70876,70917,41
13.0071897507,80.238571167,71634,71684,50
13.0071601868,80.2387313843,71684,71816,132
13.0066604614,80.245300293,71977,72018,41
13.0345201492,80.2680435181,73027,73139,112
13.0065898895,80.2482833862,73896,73946,50
13.0347499847,80.2303237915,74956,74987,31
13.0341701508,80.2301330566,75047,75199,152
13.0269298553,80.2329864502,75421,75471,50
13.0069303513,80.239906311,76067,76098,31
13.0066795349,80.2574386597,76411,76481,70
13.0345201492,80.268157959,77209,77249,40
13.0267295837,80.2660980225,77440,77522,82
13.0263299942,80.2659988403,77522,77643,121
13.0261602402,80.2664794922,77703,77794,91
13.0265102386,80.2664337158,77794,77865,71
13.0820398331,80.2756576538,18175,18286,111
13.0239200592,80.2737503052,22785,22835,50
13.0431404114,80.2795791626,23108,23158,50
13.0888500214,80.2902908325,23802,23842,40
13.0434904099,80.2798233032,25979,26020,41
12.9968299866,80.255859375,29370,29420,50
12.9989299774,80.2560577393,29480,29521,41
13.0061998367,80.2573776245,29642,29682,40
13.0639600754,80.2834091187,30980,31040,60
13.0877199173,80.2838897705,32271,32463,192
13.0888299942,80.2903137207,32786,32846,60
13.0624399185,80.2831115723,33189,33220,31
13.0456695557,80.2801437378,33473,33513,40
12.9968795776,80.2566299438,34953,35052,99
12.987279892,80.2595901489,35412,35444,32
12.9875898361,80.2559814453,35838,35969,131
12.9968996048,80.2556991577,36241,36309,68
13.0573997498,80.2819824219,38043,38084,41
13.0631399155,80.2831878662,38154,38185,31
13.0867004395,80.2839508057,38770,38820,50
13.0878200531,80.2838973999,39446,39527,81
13.0879802704,80.2839431763,39527,39577,50
13.0883798599,80.2850570679,39749,39849,100
13.0625801086,80.2831573486,40402,40433,31
12.9968795776,80.2561721802,42076,42157,81
12.9866504669,80.2591781616,42611,42671,60
12.9868898392,80.2591094971,42671,42772,101
12.9969396591,80.2556991577,43176,43257,81
13.0314502716,80.2775726318,44577,44638,61
13.0888299942,80.2901992798,45637,45697,60
13.0877599716,80.2836074829,45927,45998,71
13.08796978,80.2837905884,45998,46089,91
13.0882396698,80.2836227417,46089,46149,60
13.088139534,80.2816925049,46220,46260,40
13.0813999176,80.275138855,47136,47206,70
13.082110405,80.2782821655,47267,47307,40
13.0869598389,80.2839736938,47469,47580,111
13.087770462,80.2839431763,47610,47761,151
13.088350296,80.2850036621,47993,48092,99
12.9968395233,80.2562179565,50621,50692,71
12.9872703552,80.2593917847,51014,51090,76
12.9865999222,80.2591705322,51120,51170,50
12.9875202179,80.2567367554,51483,51533,50
12.996919632,80.2556228638,51822,51904,82
13.0431098938,80.2795715332,53380,53430,50
13.0887403488,80.2901382446,54197,54247,50
13.0869598389,80.2839736938,54429,54479,50
13.0880298615,80.2839431763,55083,55123,40
13.088060379,80.2814712524,55214,55274,60
13.0884304047,80.2815170288,55285,55355,70
13.0885696411,80.2817001343,55355,55395,40
13.08852005,80.2820663452,55406,55446,40
13.0883398056,80.2834091187,55506,55537,31
12.9875402451,80.2561264038,59187,59338,151
12.9968996048,80.2558517456,59613,59724,111
13.0010204315,80.2673187256,60032,60065,33
13.0289697647,80.2765197754,61263,61324,61
13.0294103622,80.2766723633,61324,61374,50
13.06387043,80.2833862305,62141,62181,40
13.0888395309,80.2902908325,62565,62635,70
13.0866098404,80.2838973999,62857,62908,51
13.0867900848,80.2840270996,62908,62978,70
13.0876903534,80.2839889526,63010,63131,121
13.088060379,80.2840194702,63131,63171,40
13.0883102417,80.2828063965,63201,63232,31
13.0884304047,80.2850112915,63383,63484,101
13.0389795303,80.2788619995,64674,64705,31
13.0188102722,80.2618331909,65267,65318,51
12.9957895279,80.2677001953,65932,65982,50
12.9968500137,80.2563171387,66232,66313,81
12.9871196747,80.2596282959,66650,66690,40
12.9865999222,80.2591781616,66751,66822,71
12.9869403839,80.2591705322,66822,66872,50
12.9875001907,80.256652832,66933,67082,149
12.9882497787,80.2558822632,67112,67152,40
12.9961204529,80.2677536011,67826,67877,51
12.9980401993,80.2674636841,67927,67998,71
13.0010499954,80.2673721313,68059,68099,40
13.0073604584,80.2614974976,68402,68472,70
13.0254402161,80.2750167847,69147,69178,31
13.0389499664,80.2788009644,69466,69498,32
13.056810379,80.2819595337,69821,69852,31
13.088760376,80.2902374268,70386,70437,51
13.0867795944,80.2840270996,70669,70709,40
13.088060379,80.283996582,71302,71333,31
13.0883998871,80.285118103,71545,71645,100
13.0887403488,80.2901229858,71787,71827,40
13.00096035,80.2673416138,73885,73916,31
12.9968099594,80.2562332153,74319,74360,41
12.9871997833,80.2595825195,74773,74804,31
12.9867801666,80.2591629028,74854,74925,71
12.9875001907,80.2566070557,74995,75167,172
12.9968700409,80.2557220459,75470,75550,80
13.023639679,80.2734375,76618,76658,40
13.0852203369,80.2841873169,77838,77878,40
13.086689949,80.2837295532,77928,78009,81
13.0871095657,80.2836914063,78019,78100,81
13.0143604279,80.2256774902,18592,18773,181
13.0080299377,80.2132568359,20199,20270,71
12.92345047,80.1170883179,22500,22629,129
12.9171600342,80.1931381226,24417,24448,31
12.9761199951,80.2212524414,25354,25395,41
12.9988803864,80.2150115967,25839,25879,40
13.0341701508,80.2304229736,28341,28381,40
13.026889801,80.2329788208,28593,28664,71
13.008480072,80.2134933472,29189,29260,71
12.9756803513,80.2210617065,30025,30065,40
12.9755496979,80.2208786011,30075,30116,41
12.9203596115,80.1845092773,31343,31424,81
12.9199695587,80.1828918457,31454,31485,31
12.9227199554,80.152130127,31959,31999,40
12.9224300385,80.1433410645,32131,32169,38
12.9224700928,80.1427688599,34105,34136,31
12.9337902069,80.2038803101,35497,35538,41
12.9720001221,80.2193069458,36184,36234,50
12.9730796814,80.2197418213,36295,36335,40
12.973449707,80.219833374,36345,36416,71
12.9747896194,80.2205200195,36456,36547,91
13.0285301208,80.2308807373,38181,38272,91
13.0298595428,80.2307891846,38340,38391,51
13.0347604752,80.2302703857,38564,38604,40
13.0343599319,80.2302474976,38925,39117,192
13.0277900696,80.232208252,39299,39360,61
13.0141000748,80.2254867554,39804,39932,128
13.0081195831,80.2132568359,40306,40347,41
12.9224796295,80.1429672241,44598,44639,41
13.0341997147,80.2303085327,48506,48597,91
12.922659874,80.1519699097,52853,52913,60
12.9227399826,80.1315765381,54034,54074,40
12.9170799255,80.1930923462,54819,54859,40
12.9748601913,80.2205200195,55716,55747,31
13.0294504166,80.2308273315,57037,57097,60
13.0348300934,80.2303314209,57184,57247,63
13.034330368,80.2297821045,57287,57398,111
13.02684021,80.232963562,58141,58184,43
13.023059845,80.2274169922,58285,58325,40
13.0085601807,80.2135467529,58898,58929,31
13.0082302094,80.2133712769,58939,59030,91
12.9228096008,80.152557373,61510,61570,60
12.9231996536,80.1206436157,62033,62083,50
12.9234600067,80.1169433594,62140,62182,42
12.9224700928,80.142791748,63593,63643,50
12.9203100204,80.1840209961,64270,64341,71
12.9740600586,80.2202224731,65592,65623,31
12.9752397537,80.2208023071,65653,65764,111
12.9912996292,80.2197799683,66198,66238,40
13.007229805,80.2128067017,66602,66662,60
13.0078401566,80.2130966187,66713,66784,71
13.0258703232,80.230758667,67369,67430,61
13.029999733,80.2308425903,67549,67599,50
13.0301799774,80.2308120728,67599,67660,61
13.0347299576,80.2303619385,67771,67912,141
13.0269002914,80.2330169678,68498,68538,40
13.0232601166,80.2275619507,68690,68736,46
13.0097999573,80.2152633667,69557,69698,141
13.0087003708,80.2138214111,69789,69850,61
13.0081796646,80.2134017944,69900,69991,91
13.0078601837,80.213218689,69991,70042,51
12.9973096848,80.2163696289,70274,70365,91
12.9899101257,80.2208404541,70849,70910,61
12.9897003174,80.2210998535,70910,71080,170
12.9893798828,80.2213897705,71092,71189,97
12.9891996384,80.2217102051,71189,71221,32
12.988820076,80.2221679688,71271,71352,81
12.9885902405,80.2224502563,71352,71401,49
12.9834003448,80.2223434448,71614,71645,31
12.9756298065,80.2211074829,71816,71847,31
12.9399995804,80.2057113647,72442,72483,41
12.9172697067,80.1913986206,73084,73116,32
12.9234399796,80.1170578003,74427,74619,192
12.9224300385,80.1426925659,75477,75518,41
12.9202203751,80.1839065552,76154,76214,60
12.9974803925,80.2161483765,78005,78036,31
13.034620285,80.2303314209,78932,78993,61
13.0344800949,80.2304229736,79053,79114,61
12.9977302551,80.2566299438,5392,5433,41
12.9977502823,80.2563323975,22740,22831,91
12.8747196198,80.2098007202,26181,26322,141
12.8782997131,80.2174911499,26554,26675,121
12.9779195786,80.2244262695,29154,29185,31
13.0094604492,80.2110366821,31824,31885,61
12.9816799164,80.2305908203,33505,33536,31
12.9815397263,80.2337417603,33597,33637,40
12.9649496078,80.2473373413,34262,34342,80
12.9492998123,80.2409210205,34685,34757,72
12.9340600967,80.2330703735,35039,35090,51
12.9019498825,80.2280883789,35635,35826,191
12.896030426,80.2277374268,36000,36056,56
12.8930597305,80.2275085449,36117,36177,60
12.9561004639,80.2433319092,39146,39178,32
12.9763803482,80.221862793,43291,43340,49
12.9566602707,80.243812561,44238,44310,72
12.9184999466,80.2300491333,44895,44952,57
12.9067802429,80.2283630371,45125,45186,61
12.8749599457,80.2097167969,46154,46194,40
12.8750200272,80.2095794678,47275,47396,121
12.9063396454,80.2281036377,48021,48072,51
12.9562997818,80.2433013916,48768,48818,50
13.0099201202,80.2113800049,50983,51077,94
12.9565296173,80.2437515259,53350,53441,91
12.9005403519,80.2278213501,57558,57598,40
12.9061803818,80.2281799316,57719,57760,41
12.9560098648,80.2432937622,58576,58616,40
12.9563398361,80.2434463501,58626,58657,31
12.9869098663,80.2230377197,59958,60005,47
13.0096597672,80.2112121582,60915,60955,40
13.0102996826,80.2227325439,62012,62043,31
12.9596004486,80.2448806763,63715,63746,31
12.9565696716,80.2436828613,63826,63887,61
12.9014596939,80.2280502319,64847,64924,77
12.8993597031,80.227897644,64964,65005,41
12.8764200211,80.2264099121,65396,65427,31
12.87458992,80.2101287842,65669,65719,50
12.8782901764,80.2175064087,66771,66842,71
12.9000701904,80.2279129028,67334,67375,41
12.9474496841,80.2401199341,68241,68281,40
12.9788103104,80.2525482178,68961,69062,101
12.9813098907,80.2431030273,69264,69304,40
12.980799675,80.2292709351,69687,69738,51
12.986749649,80.2230606079,70321,70472,151
13.0071296692,80.2097930908,71258,71299,41
13.0098199844,80.2114334106,71817,71858,41
12.9972600937,80.2165985107,73834,73865,31
12.9495401382,80.2410812378,75599,75639,40
12.9012699127,80.2280197144,76432,76556,124
12.8763999939,80.2269515991,76970,77001,31
12.8745498657,80.2101669312,77321,77352,31
12.9034099579,80.2280197144,77985,78076,91
12.904800415,80.2281265259,78121,78193,72
12.9061002731,80.2281799316,78244,78324,80
13.0069799423,80.2097625732,80576,80719,143
13.0068998337,80.2399902344,81433,81504,71
12.9978199005,80.2559890747,81917,81998,81
12.997759819,80.2565002441,83758,83929,171
12.9976902008,80.2567977905,84555,84676,121
12.9977302551,80.256942749,84676,84797,121
12.9976997375,80.2569732666,17731,17882,151
12.9971504211,80.257019043,20075,20196,121
12.997179985,80.2569580078,20196,20347,151
12.9970502853,80.256980896,21185,21286,101
12.9973096848,80.2568817139,21286,21437,151
12.9971199036,80.2568893433,24586,24647,61
12.9970598221,80.2570571899,24647,24697,50
12.9976100922,80.256942749,24717,24778,61
13.0003795624,80.2660675049,25242,25384,142
13.0003404617,80.2664718628,25384,25424,40
13.0066699982,80.2476882935,26080,26151,71
13.0301799774,80.2092208862,27573,27653,80
13.0488996506,80.2072067261,28731,28762,31
13.0493001938,80.2070999146,29105,29196,91
13.0498695374,80.2117614746,29317,29377,60
13.0445299149,80.2123718262,29478,29549,71
13.0397796631,80.1932067871,30009,30051,42
13.035949707,80.2046966553,30515,30648,133
13.032409668,80.2118606567,30900,30941,41
13.0305099487,80.2092285156,31021,31052,31
13.0304403305,80.2151489258,31254,31334,80
13.0068101883,80.2573776245,33229,33260,31
13.0022497177,80.2566833496,33340,33381,41
12.9969396591,80.2571029663,33543,33613,70
13.0002803802,80.2661819458,34723,34784,61
13.0003499985,80.2661590576,35460,35561,101
13.0003499985,80.2662582397,35571,35631,60
12.9976100922,80.2571716309,35924,36055,131
12.9975700378,80.2571716309,36055,36106,51
12.9976301193,80.2573471069,36550,36600,50
12.9975299835,80.2573013306,36610,36650,40
12.997590065,80.2573013306,36701,36761,60
12.9976596832,80.2567214966,36812,36923,111
12.9977197647,80.2562484741,36933,37044,111
12.9959402084,80.2630691528,37185,37286,101
13.0005102158,80.2654418945,37307,37347,40
13.0002298355,80.2663421631,37357,37448,91
13.0064496994,80.2574310303,38051,38102,51
13.0065803528,80.2521133423,38202,38233,31
13.0066299438,80.2480621338,38313,38424,111
13.0468597412,80.2122421265,41371,41411,40
13.0490703583,80.2068786621,41584,41766,182
13.0490198135,80.2072601318,41766,41846,80
13.044549942,80.2124404907,42078,42188,110
13.0406303406,80.2050628662,42350,42421,71
13.0387601852,80.2025909424,42431,42502,71
13.03028965,80.2153930664,43347,43418,71
13.0303001404,80.2274475098,43707,43753,46
13.0272302628,80.2328262329,43945,43996,51
13.0069999695,80.2392425537,44510,44561,51
13.0065698624,80.2567825317,44914,44945,31
13.0045204163,80.2571716309,45078,45189,111
13.0031995773,80.2568588257,45239,45279,40
13.0018396378,80.2565612793,45340,45411,71
13.0003099442,80.2658920288,45873,46014,141
13.0003299713,80.266166687,46014,46176,162
13.0002803802,80.2661590576,46186,46286,100
13.0002698898,80.2661895752,46286,46438,152
13.0003795624,80.2662124634,46438,46519,81
13.0066404343,80.2482681274,47354,47415,61
13.0442800522,80.2119293213,49909,50000,91
13.0489501953,80.2067184448,50252,50283,31
13.0492296219,80.2068710327,50283,50333,50
13.0492401123,80.2071914673,50363,50414,51
13.0498304367,80.2116622925,50505,50575,70
13.0444402695,80.212348938,50666,50767,101
13.0307703018,80.2116470337,51795,51958,163
13.0313596725,80.2241668701,52099,52130,31
13.0268802643,80.233001709,52493,52543,50
13.0230798721,80.2273330688,52685,52745,60
13.0070199966,80.2396469116,53016,53067,51
13.006819725,80.2510681152,53289,53329,40
13.0066204071,80.2568969727,53430,53501,71
13.0258598328,80.23072052,56081,56118,37
13.0291404724,80.2308273315,56200,56241,41
13.0416202545,80.1931915283,57641,57672,31
13.048789978,80.207069397,58321,58352,31
13.0492696762,80.2070007324,58432,58523,91
13.0492601395,80.2070770264,58553,58594,41
13.0492897034,80.20703125,58594,58735,141
13.0493402481,80.2069015503,58735,58786,51
13.0492296219,80.2073364258,58806,58846,40
13.0498399734,80.211730957,58927,58967,40
13.0451002121,80.2125015259,59139,59179,40
13.0441598892,80.2123336792,59215,59248,33
13.0386400223,80.1928863525,59762,59803,41
13.0311403275,80.2244110107,60790,60840,50
13.0297603607,80.2308425903,61101,61151,50
13.0267801285,80.2329788208,61242,61333,91
13.0067901611,80.249710083,62160,62201,41
13.0067901611,80.2499008179,62211,62251,40
13.006770134,80.2511062622,62322,62389,67
13.0065402985,80.2549591064,62441,62481,40
13.0065603256,80.2571487427,62501,62584,83
12.9968004227,80.2570495605,62856,62887,31
12.9969596863,80.2561187744,64057,64148,91
13.006529808,80.2540969849,64491,64532,41
13.0066299438,80.2523498535,64613,64713,100
13.0068101883,80.2498321533,64754,64824,70
13.0066204071,80.2482299805,64875,64966,91
13.0065803528,80.2415390015,65248,65289,41
13.0291204453,80.2307662964,66147,66207,60
13.0303602219,80.2306976318,66237,66268,31
13.0300998688,80.2093811035,66996,67047,51
13.044260025,80.2123336792,68256,68296,40
13.0441904068,80.2120819092,68296,68337,41
13.0492801666,80.2071609497,68761,68932,171
13.0494403839,80.2074813843,68942,69023,81
13.0492401123,80.2073364258,69023,69154,131
13.0492200851,80.2073364258,69396,69447,51
13.0493001938,80.2073135376,69760,69810,50
13.0493202209,80.20728302,69810,69972,162
13.0494203568,80.2073364258,70002,70164,162
13.0443296432,80.2126464844,70688,70829,141
13.0306301117,80.2279586792,72773,72824,51
12.9968395233,80.2561416626,75194,75305,111
12.9990501404,80.2562103271,75395,75426,31
13.0066900253,80.2518692017,75807,75838,31
13.0378198624,80.1922912598,77894,77936,42
13.049079895,80.2071609497,78761,78872,111
13.0498504639,80.2118377686,79002,79064,62
13.0069503784,80.2397994995,81329,81399,70
13.0066604614,80.2571563721,81611,81702,91
12.9960403442,80.2654037476,82094,82185,91
12.9976797104,80.2564163208,83859,83990,131
12.9978704453,80.257019043,84020,84121,101
13.0815496445,80.2755584717,18685,18747,62
12.8400201797,80.2276306152,21698,21769,71
12.7224798203,80.1874008179,22920,23000,80
12.7862501144,80.2203292847,24524,24566,42
12.8395004272,80.2276611328,25112,25143,31
12.9061403275,80.2281417847,25840,25889,49
12.9874696732,80.2513885498,26889,26960,71
13.0247097015,80.2292175293,31724,31765,41
13.0085897446,80.2316818237,32089,32130,41
13.0069599152,80.2400588989,32312,32443,131
13.0067300797,80.2433013916,32494,32554,60
12.9903097153,80.2508392334,32918,33040,122
12.980509758,80.2527313232,33211,33272,61
12.9338703156,80.2329864502,34060,34101,41
12.9072303772,80.2283706665,34422,34614,192
12.8988599777,80.2279205322,34796,34837,41
12.8761796951,80.2268371582,36805,36845,40
12.9003801346,80.2278366089,37088,37229,141
12.9481697083,80.2403488159,37988,38019,31
12.9558095932,80.2431488037,38148,38208,60
12.9561796188,80.2433624268,38219,38259,40
12.987279892,80.251411438,38995,39147,152
13.0819997787,80.2756576538,46615,46665,50
13.068570137,80.2719116211,47189,47249,60
13.0422401428,80.2476577759,47996,48057,61
13.0323696136,80.2425994873,48285,48348,63
13.0315504074,80.2410736084,48398,48489,91
13.0234003067,80.2276916504,48740,48781,41
13.0069599152,80.2400970459,49144,49195,51
13.0067396164,80.2473220825,49344,49375,31
12.9898004532,80.2509689331,49627,49718,91
12.9012098312,80.2279891968,50879,50929,50
12.7862300873,80.2216491699,52152,52183,31
12.9560403824,80.2433013916,55143,55214,71
12.9629898071,80.246421814,55345,55376,31
12.9795799255,80.2525787354,55598,55669,71
12.9852800369,80.251953125,55740,55800,60
12.9867801666,80.2515487671,55881,55962,81
12.9966096878,80.2490692139,56103,56134,31
13.025970459,80.2309112549,56918,56959,41
13.0388498306,80.2467803955,57363,57434,71
13.0805997849,80.2752075195,58432,58493,61
13.0819702148,80.2757034302,58544,58594,50
13.0689001083,80.2720489502,59360,59401,41
13.0322704315,80.242477417,60410,60501,91
13.0315198898,80.2410888672,60541,60632,91
13.0069999695,80.2398376465,61306,61387,81
12.9887599945,80.2511978149,61759,61870,111
12.9566001892,80.2436218262,62334,62395,61
12.9071102142,80.2284393311,63042,63112,70
12.8310403824,80.2294616699,67545,67585,40
12.8394699097,80.2278366089,67747,67778,31
12.8447599411,80.226600647,67848,67879,31
12.8922195435,80.2273483276,68566,68647,81
12.913359642,80.2292327881,68979,69028,49
12.9632797241,80.2465896606,69836,69896,60
12.9790897369,80.2526397705,70159,70243,84
12.9794998169,80.2526779175,70253,70284,31
13.0259799957,80.2313690186,72054,72104,50
13.0310602188,80.2397384644,72247,72356,109
13.0387201309,80.2468109131,72508,72578,70
13.071269989,80.2741928101,73368,73418,50
13.0791301727,80.2752380371,73560,73641,81
13.0801496506,80.275352478,73671,73762,91
13.0811395645,80.2752075195,73792,73883,91
13.0819196701,80.2758026123,73920,73952,32
13.051199913,80.2063598633,19240,19411,171
13.0511798859,80.2063827515,19411,19502,91
13.0499601364,80.2068862915,22811,22857,46
13.0495500565,80.2069168091,22867,22900,33
13.0682601929,80.2054595947,23447,23488,41
13.0694704056,80.2047729492,23790,23841,51
13.0496397018,80.2122497559,24174,24214,40
13.0378599167,80.2123794556,24395,24446,51
13.0297203064,80.2090072632,24607,24648,41
13.0100603104,80.2115097046,25102,25182,80
13.0097904205,80.2112503052,25192,25233,41
12.9869203568,80.2515716553,26776,26826,50
12.9873800278,80.2593612671,27008,27059,51
12.9868202209,80.2596893311,27372,27564,192
12.9802503586,80.2527618408,28944,28984,40
12.9811601639,80.2440185547,29115,29156,41
13.0437602997,80.2122802734,31134,31185,51
13.0681800842,80.2049179077,32061,32122,61
13.0638504028,80.2117233276,32384,32445,61
13.0508403778,80.2121810913,32646,32677,31
13.037610054,80.2123718262,32955,33038,83
13.0310001373,80.2094192505,33239,33280,41
13.0101003647,80.2114562988,34042,34083,41
13.0098199844,80.2112579346,34093,34133,40
13.009469986,80.2110671997,34143,34216,73
13.0153799057,80.2250366211,34517,34548,31
12.9759197235,80.2202835083,35385,35476,91
12.9761400223,80.2214889526,35546,35587,41
12.9813404083,80.2388687134,35951,36021,70
12.9801197052,80.2522583008,36273,36344,71
12.9819898605,80.2526321411,36394,36465,71
12.9872903824,80.2593994141,37100,37131,31
12.987159729,80.2590408325,38192,38232,40
12.9799995422,80.2527618408,38563,38603,40
12.9753904343,80.2208404541,39279,39319,40
13.0497303009,80.2119979858,40959,41010,51
13.0686597824,80.2053375244,41367,41409,42
13.0679197311,80.2051696777,41470,41591,121
13.0506000519,80.2121200562,41942,41981,39
13.0450000763,80.2123794556,42103,42184,81
13.0343399048,80.2121582031,42374,42415,41
13.0095996857,80.2112121582,43214,43315,101
12.9761295319,80.2201690674,44292,44342,50
12.9757604599,80.2203063965,44342,44402,60
12.9856395721,80.2518615723,45149,45189,40
12.9877996445,80.2545166016,45306,45360,54
12.9869699478,80.2596130371,45521,45579,58
12.9869804382,80.2590408325,47546,47597,51
12.9798698425,80.2522506714,47877,47908,31
13.0681295395,80.205116272,51513,51603,90
13.0682401657,80.2049179077,51614,51684,70
13.0686597824,80.2048416138,51704,51775,71
13.0378198624,80.2123794556,52401,52473,72
13.0096302032,80.211151123,53157,53247,90
12.975569725,80.2204284668,54126,54176,50
12.9870500565,80.2514801025,54852,54892,40
12.987159729,80.2595596313,55064,55124,60
12.9869699478,80.2591171265,56113,56173,60
12.9878396988,80.2518692017,56335,56375,40
12.9811296463,80.2444076538,56726,56766,40
13.0436601639,80.2122573853,58846,58906,60
13.037560463,80.2124710083,61095,61170,75
13.0193004608,80.2064285278,61645,61685,40
13.0099802017,80.2114868164,62008,62068,60
13.0095100403,80.2110977173,62078,62109,31
12.9878196716,80.2552108765,64248,64329,81
12.9866304398,80.2590789795,65448,65600,152
12.9869203568,80.2590789795,65620,65680,60
12.9878797531,80.2525024414,65872,66020,148
12.9799900055,80.2527694702,66168,66231,63
12.9758796692,80.2212371826,67037,67077,40
12.9756498337,80.2210769653,67087,67118,31
13.012550354,80.2039031982,68162,68204,42
13.015999794,80.2049865723,68375,68466,91
13.0695199966,80.2052307129,69818,69868,50
13.0679302216,80.205039978,70645,70736,91
13.0697002411,80.2049179077,70796,70857,61
13.0638198853,80.2117919922,71018,71058,40
13.0101003647,80.2116317749,72336,72407,71
13.0094499588,80.2111206055,72437,72478,41
12.9995098114,80.2173309326,73234,73274,40
12.9987897873,80.2169723511,73284,73325,41
12.9976501465,80.2166213989,73395,73446,51
12.9755401611,80.2205963135,73948,74029,81
12.976269722,80.2217483521,74089,74120,31
12.9871501923,80.2515335083,74872,74993,121
12.9876899719,80.2554779053,75074,75255,181
12.9871997833,80.2596206665,75346,75387,41
12.9868497849,80.2591705322,75447,75578,131
12.9875297546,80.2562103271,75659,75760,101
12.9772396088,80.2234191895,76654,76695,41
12.9761600494,80.2217483521,76796,76856,60
13.007229805,80.2098693848,77601,77651,50
13.0439100266,80.2123031616,78486,78547,61
13.0680103302,80.205291748,79099,79241,142
13.0696802139,80.2048187256,79311,79342,31
13.0637598038,80.2117614746,79463,79503,40
13.0509395599,80.2070083618,80297,80469,172
13.0501098633,80.2068099976,83606,83798,192
13.050069809,80.2071533203,83798,83969,171
13.0499801636,80.2071228027,83990,84111,121
13.0500297546,80.20677948,84111,84191,80
13.0501003265,80.2071228027,84191,84292,101
12.9978103638,80.2563781738,19860,19921,61
12.9976596832,80.2562484741,19931,20022,91
12.9969596863,80.2561569214,20052,20164,112
13.0003004074,80.266418457,20984,21015,31
13.0447301865,80.2123794556,25021,25072,51
13.006939888,80.2400970459,27336,27387,51
13.0067300797,80.2437591553,27468,27508,40
13.0068502426,80.2515029907,27649,27690,41
13.0067596436,80.2572097778,27780,27811,31
13.0003595352,80.2658920288,28382,28422,40
13.0003795624,80.2660369873,28422,28584,162
13.0004901886,80.2661132813,29129,29240,111
12.9985303879,80.2559814453,31058,31089,31
13.0010004044,80.2564163208,31169,31210,41
13.0066299438,80.2519226074,31422,31472,50
13.0066795349,80.248878479,31533,31694,161
13.024310112,80.2284164429,32521,32562,41
13.0258998871,80.2307128906,32651,32691,40
13.0293502808,80.2308273315,32792,32863,71
13.0301399231,80.2092132568,33577,33668,91
13.0377902985,80.1927566528,34152,34183,31
13.0443000793,80.2114868164,34678,34718,40
13.0466499329,80.2121276855,34769,34809,40
13.0492095947,80.2071228027,35051,35112,61
13.0498600006,80.2115631104,35829,35889,60
13.0451602936,80.2123718262,35980,36030,50
13.0388298035,80.1997909546,36383,36484,101
13.0388803482,80.1994171143,36484,36533,49
13.0309495926,80.2093963623,37288,37329,41
13.0306997299,80.2305526733,38006,38097,91
13.0269298553,80.232963562,38309,38379,70
13.0268602371,80.2330322266,38379,38500,121
13.0067396164,80.2423934937,39187,39227,40
13.0068597794,80.251121521,39459,39530,71
13.0067501068,80.2572631836,39641,39752,111
13.0033302307,80.256942749,39853,39913,60
13.0018100739,80.2566833496,39954,40014,60
12.9975700378,80.2568893433,40186,40307,121
12.9974603653,80.2559890747,40377,40408,31
12.9968500137,80.2561264038,41436,41578,142
12.9991598129,80.2561035156,41639,41699,60
13.0065402985,80.2530136108,42109,42161,52
13.0066604614,80.248626709,42222,42313,91
13.0193996429,80.224281311,42906,42946,40
13.0291500092,80.2308731079,43209,43259,50
13.0414600372,80.1960372925,44437,44473,36
13.0488996506,80.2071533203,45090,45130,40
13.0492401123,80.2071914673,45191,45312,121
13.0499296188,80.2120819092,45453,45524,71
13.0450401306,80.2123794556,45604,45685,81
13.044380188,80.2123794556,45715,45746,31
13.0069503784,80.2400817871,47916,47997,81
13.0067195892,80.2572631836,48318,48419,101
13.0016298294,80.2566223145,48499,48556,57
12.9972896576,80.2559585571,48626,48659,33
13.0003499985,80.2660980225,50088,50229,141
12.9968099594,80.2563476563,50863,50899,36
13.006360054,80.2574996948,51143,51174,31
13.006529808,80.2531967163,51274,51325,51
13.0065803528,80.2521514893,51345,51426,81
13.0066204071,80.247833252,51496,51537,41
13.0066604614,80.2404403687,51696,51737,41
13.0445203781,80.2124023438,55155,55266,111
13.0320901871,80.2097702026,56275,56326,51
13.0317001343,80.2096176147,56336,56397,61
13.0306997299,80.2305374146,57121,57161,40
13.0269699097,80.2330169678,57292,57342,50
13.0066604614,80.2570114136,58259,58330,71
13.0014896393,80.2565994263,58451,58512,61
12.9968595505,80.2561798096,60328,60419,91
13.0227203369,80.2268218994,61830,61870,40
13.0251598358,80.2295379639,62030,62071,41
13.0269298553,80.2311172485,62192,62343,151
13.0277204514,80.2309417725,62374,62464,90
13.0283203125,80.2308578491,62474,62505,31
13.0305404663,80.2299728394,62615,62707,92
13.0311603546,80.2233276367,63042,63088,46
13.0301198959,80.2092132568,63453,63534,81
13.0443201065,80.2118911743,64662,64693,31
13.0470199585,80.2120895386,64773,64804,31
13.0488500595,80.2072296143,64975,65015,40
13.0498399734,80.211730957,65732,65782,50
13.0317001343,80.2096786499,67216,67247,31
13.0304403305,80.209312439,67277,67335,58
13.0246200562,80.2292022705,68437,68469,32
13.0070495605,80.2395706177,69143,69274,131
13.0066299438,80.2571182251,69666,69726,60
13.0031795502,80.2569274902,69819,69887,68
12.9968299866,80.2562103271,71208,71268,60
13.0060100555,80.2573928833,71458,71498,40
13.0066404343,80.2491607666,71670,71730,60
13.0065498352,80.2479171753,71791,71872,81
13.0066204071,80.2406463623,72043,72124,81
13.0097198486,80.2269287109,72457,72497,40
13.0291700363,80.230796814,73152,73213,61
13.0301704407,80.2307434082,73243,73294,51
13.0986995697,80.2412414551,11770,11861,91
13.0992698669,80.2415771484,11881,11962,81
13.0987300873,80.2414398193,28395,28566,171
13.0983800888,80.2406616211,29970,30132,162
13.0982398987,80.2405395508,30152,30273,121
13.0981798172,80.2405166626,30283,30435,152
13.0980796814,80.2405776978,30679,30770,91
13.0981702805,80.2405471802,38145,38266,121
13.0986499786,80.2406463623,53015,53207,192
13.0990600586,80.240447998,53248,53359,111
13.0987300873,80.2419204712,53803,53894,91
13.0987701416,80.2417373657,54580,54621,41
13.0997400284,80.2597427368,55146,55196,50
13.1041202545,80.2759017944,56186,56325,139
13.0972795486,80.2597198486,56848,56879,31
13.0975799561,80.2552719116,56981,57021,40
13.1005001068,80.2148208618,58019,58089,70
13.0996704102,80.1705093384,58905,58986,81
13.0998401642,80.1698684692,61663,61764,101
13.0975599289,80.2416610718,63497,63528,31
13.1059598923,80.2799606323,64766,64797,31
13.1039199829,80.2736968994,65514,65585,71
13.1043901443,80.2714920044,65645,65685,40
13.0996398926,80.2614974976,66059,66099,40
13.0972204208,80.2600631714,66271,66412,141
13.0973300934,80.2423629761,66948,67018,70
13.1005001068,80.2147827148,67743,67844,101
13.1021499634,80.2104873657,67945,67976,31
13.099650383,80.1703720093,68943,69040,97
13.0996599197,80.1699829102,69052,69092,40
13.1312599182,80.1607284546,70456,70514,58
13.1195201874,80.1501998901,71697,71737,40
13.1014604568,80.1619873047,72211,72281,70
13.0996799469,80.1864776611,72857,72907,50
13.1006803513,80.21459198,73564,73642,78
13.0996999741,80.2611236572,74908,74968,60
13.0996103287,80.2618179321,74978,75029,51
13.0992002487,80.2417678833,9285,9345,60
13.0984697342,80.2413406372,20708,20809,101
13.0988197327,80.241607666,20829,20970,141
13.0987901688,80.2419509888,20980,21162,182
13.0239601135,80.2282409668,23426,23499,73
13.0068101883,80.2515487671,23992,24023,31
13.0066900253,80.2573165894,24113,24204,91
13.0003900528,80.2661590576,24668,24800,132
12.9969100952,80.2559585571,26263,26333,70
13.0066604614,80.2518310547,26615,26665,50
13.0345001221,80.2304000854,27510,27551,41
13.098400116,80.2141418457,29493,29602,109
13.1005601883,80.2146530151,29673,29753,80
13.0873098373,80.2346115112,31391,31462,71
13.0786304474,80.2514266968,32097,32128,31
13.035779953,80.2304229736,33501,33541,40
13.0314397812,80.2306518555,33662,33713,51
13.0274095535,80.2328567505,33892,34023,131
13.0248403549,80.2292861938,34124,34165,41
13.0085802078,80.2319717407,34556,34588,32
13.0071601868,80.239112854,34830,34870,40
13.0067901611,80.2424468994,34941,34981,40
13.0066604614,80.256942749,35354,35435,81
13.000289917,80.2662887573,36225,36356,131
13.0003404617,80.2661972046,36356,36407,51
12.9986495972,80.2559585571,36810,36841,31
12.9987802505,80.2560272217,36841,36881,40
13.0057897568,80.2573318481,37063,37123,60
13.0067501068,80.2498397827,37345,37396,51
13.0242595673,80.2283172607,38394,38445,51
13.0258798599,80.2306594849,38515,38586,71
13.0297698975,80.2307662964,38717,38748,31
13.0341796875,80.2304000854,38838,38869,31
13.0341997147,80.2370681763,39000,39081,81
13.0342102051,80.2371063232,39091,39131,40
13.0447301865,80.2404327393,39373,39444,71
13.0567598343,80.2426071167,39684,39733,49
13.0656404495,80.2435302734,39926,39987,61
13.0981998444,80.2146224976,40993,41044,51
13.0984697342,80.2140579224,41064,41135,71
13.1005001068,80.214630127,41205,41276,71
13.0571804047,80.2428207397,43678,43729,51
13.0530500412,80.2419281006,43810,43850,40
13.0469102859,80.2397384644,44001,44037,36
13.0354003906,80.2303390503,44362,44444,82
13.0343999863,80.2304000854,44464,44495,31
13.0315799713,80.2306594849,44565,44606,41
13.0269603729,80.2329406738,44795,44856,61
13.0065402985,80.2446136475,45592,45663,71
13.0067596436,80.2511901855,45764,45834,70
13.0065498352,80.2576370239,46388,46507,119
13.0065202713,80.2527694702,46588,46648,60
13.006649971,80.2406692505,46861,46901,40
13.0291795731,80.230796814,47555,47595,40
13.0341596603,80.2304077148,47716,47756,40
13.034239769,80.2372894287,47958,48079,121
13.0562601089,80.2424621582,48625,48666,41
13.0618000031,80.2432174683,48837,48877,40
13.0656404495,80.2435531616,48968,49069,101
13.0689401627,80.242401123,49109,49140,31
13.0767602921,80.2390213013,49382,49422,40
13.0766601563,80.2386474609,49422,49473,51
13.075799942,80.234161377,49574,49624,50
13.0982999802,80.214302063,50308,50349,41
13.1003398895,80.2145233154,50390,50430,40
13.1004800797,80.2146224976,50430,50471,41
13.0763597488,80.2367782593,53165,53246,81
13.0066299438,80.2570266724,55867,55939,72
13.001449585,80.2565765381,56060,56111,51
13.0063495636,80.2574615479,57378,57409,31
13.006480217,80.2526779175,57531,57592,61
13.0066204071,80.2482376099,57662,57703,41
13.0260295868,80.2312316895,58579,58629,50
13.0292301178,80.2309036255,58668,58710,42
13.0347604752,80.2303924561,58851,58929,78
13.0342102051,80.2371063232,59032,59123,91
13.0525302887,80.2412033081,59548,59599,51
13.0567598343,80.2426376343,59697,59748,51
13.0653600693,80.2435913086,59930,59970,40
13.1003904343,80.2146377563,61158,61228,70
13.0999403,80.2157974243,61279,61380,101
13.047249794,80.2337036133,64027,64068,41
13.0309801102,80.2307434082,64501,64532,31
13.0068397522,80.2509536743,65585,65626,41
13.0066404343,80.2537765503,65706,65737,31
13.0066299438,80.251953125,66130,66211,81
13.0066204071,80.2465362549,67228,67278,50
13.0066003799,80.2461624146,67278,67309,31
13.0074100494,80.2366790771,67569,67609,40
13.0220499039,80.22631073,68174,68225,51
13.0280799866,80.2309875488,68477,68517,40
13.0288600922,80.2309417725,68538,68628,90
13.0345001221,80.2304077148,68760,68840,80
13.034620285,80.2304229736,68840,68911,71
13.0341796875,80.2371368408,69062,69123,61
13.0465497971,80.2396621704,69506,69537,31
13.0522699356,80.2408676147,69638,69698,60
13.0540103912,80.2422866821,69749,69789,40
13.0650901794,80.2436065674,70221,70322,101
13.0702199936,80.2420806885,70483,70574,91
13.0717802048,80.2415237427,70655,70695,40
13.0768995285,80.2396621704,70836,70937,101
13.080329895,80.2335586548,71169,71210,41
13.0839700699,80.2340164185,71399,71430,31
13.0888500214,80.2305221558,71581,71621,40
13.0982198715,80.2144622803,71964,72005,41
13.1001796722,80.2145385742,72055,72166,111
13.0771799088,80.2404403687,73952,74003,51
13.0353498459,80.2303924561,75437,75517,80
13.027009964,80.2330093384,75780,75830,50
13.0068798065,80.239906311,76362,76413,51
13.0065898895,80.2573394775,76686,76767,81
12.9967803955,80.2565612793,77685,77745,60
13.0065202713,80.2536392212,78053,78084,31
13.0066299438,80.2483596802,78205,78256,51
13.034239769,80.2304229736,79063,79124,61
13.0963602066,80.2192382813,80782,80822,40
12.8784799576,80.2166290283,30128,30208,80
12.8852701187,80.2266693115,30410,30441,31
12.9062404633,80.2281036377,31054,31226,172
12.9483299255,80.2404022217,31984,32055,71
12.9633998871,80.2465896606,32398,32519,121
12.9814996719,80.2336196899,33145,33186,41
12.9966001511,80.2164916992,33976,34009,33
13.0101995468,80.2116012573,34754,34885,131
13.0095996857,80.2111663818,34895,34996,101
12.9764604568,80.2218780518,36067,36138,71
12.907959938,80.2284927368,38011,38112,101
12.9028196335,80.2281036377,38193,38233,40
12.878279686,80.2174835205,39301,39412,111
12.9003400803,80.2278213501,39824,39895,71
12.9826698303,80.2217788696,41754,41785,31
13.0101299286,80.2116317749,42903,43055,152
13.0152196884,80.2249832153,43805,43864,59
12.9764204025,80.2217788696,44704,44735,31
12.9566602707,80.243850708,45631,45672,41
12.8764400482,80.2268676758,48771,48807,36
12.9562797546,80.2434082031,49948,50019,71
12.9764499664,80.221282959,53701,53744,43
12.9762201309,80.2216796875,53765,53805,40
12.956609726,80.2437515259,54572,54603,31
12.9565000534,80.2437286377,54613,54653,40
12.901140213,80.2280578613,55327,55439,112
12.8746595383,80.2099761963,56034,56206,172
12.8764696121,80.2268981934,56458,56509,51
12.9562301636,80.2434082031,57609,57640,31
12.9799604416,80.2526321411,62526,62587,61
12.9567403793,80.2438583374,62953,62985,32
12.9071502686,80.2283935547,63671,63712,41
12.9012098312,80.2280502319,63780,63840,60
12.8764095306,80.226852417,64245,64295,50
12.8764801025,80.2269210815,65616,65656,40
12.9001502991,80.2278594971,66000,66097,97
12.9483995438,80.2404632568,67036,67136,100
12.9666204453,80.2478713989,67458,67498,40
12.9785604477,80.2524032593,67690,67760,70
12.9790697098,80.2526168823,67791,67861,70
12.981300354,80.243019104,68063,68124,61
12.9771795273,80.2227401733,68697,68736,39
12.9903802872,80.220451355,69140,69178,38
13.0071401596,80.2098464966,69632,69683,51
13.0128803253,80.2040634155,69925,69976,51
13.0136203766,80.2043380737,69986,70087,101
13.0111198425,80.2124176025,70271,70392,121
13.0106801987,80.2121505737,70402,70483,81
13.0104198456,80.2118988037,70493,70533,40
13.00963974,80.2113037109,70604,70685,81
13.0094203949,80.2111434937,70685,70806,121
13.0101099014,80.2262115479,71229,71269,40
12.9895601273,80.2213134766,72037,72087,50
12.9639501572,80.2470169067,73550,73590,40
12.9564800262,80.2436904907,73742,73813,71
12.8994903564,80.2279891968,74691,74727,36
12.8745603561,80.2101821899,75354,75395,41
12.8763799667,80.2267990112,76919,76950,31
12.9005403519,80.2278213501,77192,77344,152
12.9035196304,80.2280426025,77414,77475,61
12.904709816,80.2280883789,77545,77606,61
12.9061002731,80.2281723022,77667,77707,40
12.9633197784,80.2465362549,78555,78596,41
13.0067996979,80.2096862793,80135,80186,51
12.9865598679,80.2587127686,1183,1324,141
12.9865703583,80.2584381104,7173,7314,141
12.9865598679,80.258430481,15484,15676,192
12.9868497849,80.2585601807,17888,17959,71
12.9868001938,80.2584991455,17959,18080,121
12.9868803024,80.2585601807,18080,18201,121
12.9868803024,80.2586517334,18211,18272,61
12.9867601395,80.2589035034,18272,18322,50
12.9870195389,80.2591323853,18332,18423,91
12.9872598648,80.2593383789,25631,25679,48
12.9876298904,80.2559127808,26770,26841,71
13.0519304276,80.2511978149,28440,28490,50
13.0657501221,80.2435684204,28753,28793,40
13.1085996628,80.2480010986,31195,31326,131
13.1083803177,80.2479934692,31336,31387,51
13.0869398117,80.2505493164,32293,32324,31
13.086139679,80.2504425049,32344,32380,36
13.0787296295,80.2520217896,32695,32786,91
13.0786800385,80.2516326904,32816,32857,41
13.0577001572,80.2484436035,33523,33562,39
13.0567998886,80.2487030029,33583,33694,111
13.0551300049,80.2493362427,33755,33836,81
13.0548000336,80.2495422363,33836,33896,60
13.0544595718,80.2496109009,33896,33977,81
13.054479599,80.2499465942,33977,34118,141
13.0542602539,80.2500228882,34129,34240,111
13.0374002457,80.2675476074,34866,34926,60
13.0016698837,80.2565307617,35711,35772,61
12.9888496399,80.2558822632,36024,36065,41
12.9885101318,80.2560195923,36075,36125,50
12.9876003265,80.2562789917,37125,37246,121
12.9987602234,80.2559967041,37488,37549,61
13.0034198761,80.2568435669,37660,37710,50
13.0054302216,80.257232666,37761,37801,40
13.034119606,80.2678985596,38576,38607,31
13.0480804443,80.2537384033,39310,39342,32
13.0517997742,80.2512283325,39443,39533,90
13.0786104202,80.2444000244,40177,40208,31
13.0857400894,80.2503433228,40407,40457,50
13.1083097458,80.2479705811,41490,41671,181
13.0549602509,80.2495269775,43627,43667,40
13.037730217,80.2676620483,44303,44354,51
13.0353298187,80.2679290771,44424,44455,31
13.0265703201,80.2660369873,44717,44757,40
13.0045795441,80.2571334839,45262,45341,79
13.0035495758,80.2569198608,45381,45422,41
13.0018100739,80.2566223145,45512,45553,41
12.9887104034,80.2559204102,45835,45886,51
12.9866199493,80.2587203979,47309,47410,101
12.9865198135,80.2587432861,48268,48419,151
12.9563999176,80.2436599731,55031,55072,41
12.9432001114,80.2369689941,55296,55358,62
12.9017400742,80.2279891968,55891,55942,51
12.7878503799,80.220993042,57545,57595,50
12.7863998413,80.222038269,59150,59301,151
12.7863397598,80.2218322754,59301,59402,101
12.8393802643,80.2276611328,60652,60702,50
12.9005498886,80.227897644,61561,61621,60
12.9487304688,80.2405929565,62477,62528,51
12.9664497375,80.2478027344,62887,62919,32
12.9877500534,80.2551803589,63575,63616,41
12.9876804352,80.2557983398,63646,63757,111
12.9945802689,80.2559585571,63919,63959,40
12.9959602356,80.2559127808,63999,64068,69
13.0065097809,80.253616333,64472,64543,71
13.0065803528,80.2519836426,64603,64694,91
13.006649971,80.24949646,64734,64815,81
13.0065803528,80.2477798462,64874,64934,60
13.0066003799,80.2409591675,65207,65257,50
13.0300197601,80.230796814,66105,66156,51
13.0332298279,80.2305526733,66216,66247,31
13.0338001251,80.2304992676,66267,66328,61
13.0340795517,80.2302017212,67307,67347,40
13.0342102051,80.2302932739,67347,67388,41
13.0310201645,80.2307434082,67468,67549,81
13.0248003006,80.2293930054,67810,67850,40
13.0069198608,80.2399215698,68567,68759,192
13.0067195892,80.2456588745,68890,68930,40
13.0021896362,80.2567062378,69284,69342,58
12.9987001419,80.2561416626,69404,69444,40
12.988650322,80.2560119629,69676,69747,71
12.9652996063,80.2474899292,70279,70310,31
12.9570198059,80.2439804077,70512,70553,41
12.9567499161,80.2438278198,70563,70674,111
12.9338302612,80.2330322266,71179,71219,40
12.9071998596,80.2284622192,71621,71701,80
12.8764095306,80.2270584106,72246,72277,31
12.8319702148,80.2292709351,72942,72983,41
12.8049602509,80.2240905762,73366,73397,31
12.7861404419,80.2207183838,75467,75568,101
12.8314599991,80.2292404175,76244,76284,40
12.8384304047,80.2279891968,76425,76476,51
12.8393297195,80.2276992798,76526,76567,41
12.9005403519,80.2279205322,77374,77463,89
12.9041595459,80.2280578613,77554,77615,61
12.9055500031,80.2281112671,77683,77734,51
12.9064998627,80.2281570435,77794,77866,72
12.9633197784,80.2465362549,78763,78823,60
12.9842395782,80.2522506714,79178,79228,50
12.9853801727,80.2519378662,79289,79349,60
12.9860897064,80.2517166138,79379,79501,122
12.9874696732,80.2513809204,79531,79591,60
13.0064697266,80.2531661987,80076,80116,40
13.0066299438,80.2478103638,80197,80248,51
13.0346803665,80.2302474976,81043,81114,71
13.0350103378,80.2300491333,81114,81275,161
12.99862957,80.2560577393,82677,82709,32
12.9786596298,80.2525863647,83042,83073,31
12.9564599991,80.2436523438,83382,83433,51
13.0757904053,80.2762832642,3371,3553,182
13.0762395859,80.2762069702,22125,22186,61
13.0820398331,80.2753219604,22297,22358,61
12.9069299698,80.2283782959,24949,24990,41
12.7219495773,80.1878890991,26765,26876,111
12.7219696045,80.1876296997,28654,28795,141
12.8011903763,80.2235412598,30362,30401,39
12.8912696838,80.2272567749,31397,31496,99
12.8995800018,80.2277908325,31618,31699,81
12.9476299286,80.2400894165,32474,32505,31
12.9553699493,80.2429428101,32686,32737,51
12.9555797577,80.2429962158,32737,32777,40
12.9559402466,80.2431182861,32787,32818,31
12.986700058,80.2516098022,33466,33511,45
13.0065002441,80.2416687012,33867,33927,60
13.0229797363,80.227180481,34604,34655,51
13.0265102386,80.2327728271,34885,34966,81
13.0310497284,80.2395935059,35095,35145,50
13.0388402939,80.2467575073,35336,35388,52
13.0618200302,80.2625808716,36100,36141,41
13.0804004669,80.2751998901,36988,37110,122
13.0814599991,80.2750930786,37140,37211,71
13.0820198059,80.2754592896,37251,37322,71
13.081990242,80.2758178711,37818,37899,81
13.0816698074,80.2759933472,38181,38263,82
13.0815601349,80.2756500244,38263,38392,129
13.0815095901,80.275390625,38402,38433,31
13.0688800812,80.2720031738,38715,38756,41
13.0395097733,80.2471389771,39503,39574,71
13.0326700211,80.2430114746,39695,39844,149
13.032409668,80.2426376343,39844,39915,71
13.0321903229,80.2423400879,39915,40087,172
13.031539917,80.2410507202,40117,40178,61
12.9899997711,80.2509536743,41173,41244,71
12.9567203522,80.2438430786,41791,41860,69
12.9017095566,80.2280807495,42627,42787,160
12.7872400284,80.2207794189,44086,44117,31
12.7860803604,80.2203216553,44157,44248,91
12.7858800888,80.2201309204,44248,44288,40
12.7222700119,80.1876831055,46934,46975,41
12.9007701874,80.2277984619,49152,49202,50
12.9869699478,80.2515106201,50422,50533,111
13.0066204071,80.2405776978,50925,50966,41
13.0308799744,80.2392578125,51660,51691,31
13.0310401917,80.2395629883,51691,51731,40
13.0387001038,80.2468185425,51953,51994,41
13.0619096756,80.2626419067,52468,52499,31
13.0812196732,80.2751235962,53024,53074,50
13.0829801559,80.2780303955,54266,54306,40
13.0825195313,80.2786178589,54347,54387,40
13.081489563,80.2756500244,54447,54498,51
13.0396404266,80.2470703125,55567,55648,81
13.0373001099,80.2465667725,55680,55726,46
13.0317602158,80.2415084839,55797,55889,92
12.9565401077,80.2437973022,57280,57341,61
12.9067401886,80.2283401489,57936,58006,70
12.9010696411,80.2280273438,58057,58128,71
12.787779808,80.220993042,59358,59419,61
12.7873497009,80.2208328247,59453,59511,58
12.7862701416,80.2219314575,59562,59675,113
12.9815301895,80.2526016235,63487,63527,40
13.0259799957,80.2312164307,64798,64879,81
13.0350704193,80.2459106445,65162,65202,40
13.0358200073,80.246307373,65263,65300,37
13.038860321,80.2468109131,65300,65394,94
13.0715103149,80.274230957,66271,66332,61
13.080739975,80.2751617432,66473,66564,91
13.0818996429,80.2753372192,66595,66645,50
13.074139595,80.2763214111,67979,68010,31
13.0687398911,80.2719497681,68161,68212,51
13.0664100647,80.2693023682,68292,68323,31
13.0656900406,80.2677230835,68363,68434,71
13.0564804077,80.2573471069,68828,68875,47
13.0316095352,80.2410430908,69583,69634,51
13.031419754,80.2407913208,69634,69674,40
13.0074796677,80.2370300293,70421,70462,41
13.0068998337,80.2400817871,70775,70876,101
13.0070800781,80.2402191162,70876,70936,60
13.0066795349,80.2447891235,71027,71058,31
13.0066900253,80.2451782227,71058,71108,50
12.9807395935,80.2527389526,71765,71805,40
12.9591598511,80.244720459,72169,72318,149
12.9564800262,80.2437210083,72369,72439,70
12.9073495865,80.2283935547,73224,73316,92
12.8324203491,80.2291183472,74277,74368,91
12.7863197327,80.2220611572,75093,75164,71
12.845000267,80.2265701294,76699,76740,41
12.9033403397,80.2279891968,77412,77483,71
12.9047298431,80.2281265259,77541,77604,63
12.9059495926,80.2281799316,77644,77725,81
12.9486904144,80.2406311035,78230,78281,51
12.9836797714,80.2523880005,78753,78824,71
12.9853897095,80.2519378662,78915,78976,61
12.9857196808,80.2518463135,78976,79066,90
12.9870595932,80.2514572144,79096,79157,61
13.0991697311,80.2405471802,6179,6351,172
13.098739624,80.2411727905,20330,20521,191
13.0987596512,80.2420272827,20572,20652,80
13.0999603271,80.2156982422,21104,21165,61
13.1002397537,80.2148284912,21185,21265,80
13.066860199,80.2431335449,22193,22240,47
13.0066795349,80.2571868896,24027,24067,40
13.0003795624,80.2659606934,24571,24743,172
13.0758199692,80.2340621948,27733,27773,40
13.0984201431,80.2141723633,28366,28407,41
13.1005096436,80.2146224976,28487,28561,74
13.1002502441,80.2147064209,28663,28766,103
13.0888500214,80.2309188843,30758,30789,31
13.0883998871,80.2320175171,30819,30859,40
13.0764799118,80.2372894287,31252,31303,51
13.067779541,80.2465133667,31964,32006,42
13.0528802872,80.2418365479,32449,32489,40
13.0352897644,80.2303771973,32933,33003,70
13.0278596878,80.2323989868,33223,33294,71
13.0271701813,80.2329177856,33334,33385,51
13.0072698593,80.2385025024,34040,34211,171
13.0067396164,80.2418365479,34282,34332,50
13.0068597794,80.2512435913,34584,34625,41
13.0066795349,80.2568969727,35081,35121,40
13.0066699982,80.2520599365,35353,35404,51
13.0066795349,80.2475509644,35474,35525,51
13.0065898895,80.2414703369,35764,35805,41
13.0160799026,80.2253112793,36258,36319,61
13.0194597244,80.2243118286,36450,36490,40
13.0230503082,80.2271499634,36762,36823,61
13.0255002975,80.2299728394,36964,37004,40
13.0290803909,80.2308807373,37115,37196,81
13.0293397903,80.2308273315,37206,37256,50
13.0305099487,80.2307434082,37277,37357,80
13.0341901779,80.2368621826,37597,37698,101
13.0440502167,80.2409133911,37960,38000,40
13.0983200073,80.214302063,39612,39653,41
13.1005401611,80.2146224976,39733,39834,101
13.0537395477,80.2422180176,42654,42705,51
13.0323696136,80.2305831909,43330,43400,70
13.0312004089,80.2306289673,43441,43511,70
13.0270204544,80.2329177856,43632,43701,69
13.0066900253,80.2431411743,44413,44464,51
13.006770134,80.2507705688,44605,44645,40
13.0065097809,80.2569274902,44756,44796,40
13.0048799515,80.2572097778,44847,44887,40
13.004070282,80.2570419312,44927,44968,41
13.0027503967,80.2567596436,45059,45129,70
13.0002698898,80.2663497925,45633,45794,161
12.9968700409,80.2562179565,46147,46218,71
13.0065898895,80.2526397705,46581,46651,70
13.0347499847,80.2303085327,47778,47815,37
13.0341701508,80.2370834351,47957,48088,131
13.0448799133,80.2403182983,48371,48431,60
13.0523004532,80.2408370972,48582,48643,61
13.0650396347,80.2435379028,49046,49082,36
13.0690202713,80.2423934937,49186,49226,40
13.0768995285,80.2393798828,49428,49489,61
13.0764198303,80.2371292114,49579,49610,31
13.0757598877,80.2340087891,49690,49741,51
13.0570802689,80.2427825928,53089,53130,41
13.0536899567,80.2422180176,53190,53230,40
13.0521001816,80.2409896851,53261,53341,80
13.0351696014,80.2303009033,53845,53926,81
13.0069198608,80.2397918701,54651,54701,50
13.0065202713,80.2568511963,55336,55386,50
13.0066404343,80.2536315918,55628,55669,41
13.0065698624,80.2525177002,55709,55790,81
13.0112895966,80.2233200073,56263,56294,31
13.0288000107,80.2308578491,56757,56788,31
13.0335798264,80.2304992676,56898,56937,39
13.0342102051,80.2372665405,57118,57179,61
13.052280426,80.2407989502,57632,57681,49
13.0654697418,80.2435913086,57953,58013,60
13.0763902664,80.2371902466,58306,58346,40
13.075750351,80.2341384888,58396,58427,31
13.0962896347,80.2195205688,59062,59102,40
13.0983200073,80.2143630981,59203,59253,50
13.0354995728,80.2303390503,62680,62730,50
13.0298299789,80.2308273315,62930,63038,108
13.0069599152,80.2399902344,63815,63865,50
13.0067195892,80.2460708618,64006,64037,31
13.002120018,80.256690979,64399,64440,41
12.9968795776,80.2561264038,65819,65900,81
12.9992399216,80.2561721802,65980,66021,41
13.0057296753,80.2574234009,66142,66212,70
13.006770134,80.2511520386,66928,67039,111
13.0068502426,80.2508163452,67039,67220,181
13.0067996979,80.249671936,67271,67412,141
13.006649971,80.2484588623,67452,67573,121
13.0073604584,80.2370376587,68004,68035,31
13.0105800629,80.2253112793,68207,68245,38
13.028260231,80.2309799194,68860,68911,51
13.0304403305,80.2307815552,68981,69072,91
13.0342302322,80.2305297852,69193,69244,51
13.0345802307,80.230430603,69254,69304,50
13.0341300964,80.2369308472,69435,69496,61
13.0398397446,80.2399215698,69694,69726,32
13.0525197983,80.2412261963,70099,70130,31
13.0655899048,80.2436294556,70494,70613,119
13.0699701309,80.2421188354,70723,70764,41
13.0706796646,80.2419281006,70794,70862,68
13.0983400345,80.2142715454,72051,72132,81
13.1001701355,80.2145614624,72182,72293,111
13.0570802689,80.2428894043,74672,74713,41
13.0527801514,80.241897583,74814,74865,51
13.0358104706,80.2305526733,75345,75405,60
13.0343198776,80.2304611206,75447,75507,60
13.0296802521,80.2308883667,75608,75648,40
13.0266599655,80.233039856,75749,75820,71
13.0068397522,80.2401733398,76333,76413,80
13.0065803528,80.2571182251,76706,76776,70
13.033829689,80.2304992676,79737,79789,52
13.0449104309,80.2403106689,80222,80273,51
13.0988702774,80.2404632568,83366,83527,161
13.098859787,80.2403411865,83537,83729,192
13.0756797791,80.2755737305,872,993,121
13.0757799149,80.275718689,1003,1094,91
13.0758600235,80.2756729126,1843,2005,162
13.0758104324,80.2758712769,2005,2116,111
13.0758199692,80.2758789063,3166,3267,101
13.0758304596,80.2752227783,20745,20886,141
13.0820999146,80.2754669189,23894,23930,36
13.0816001892,80.2757797241,24131,24171,40
13.0815296173,80.2754821777,24181,24212,31
13.0718603134,80.2746582031,24353,24403,50
13.0312004089,80.2402801514,25181,25241,60
12.9083099365,80.2285232544,27147,27198,51
12.9072303772,80.2283706665,27228,27278,50
12.9021902084,80.2280578613,27349,27420,71
12.7864303589,80.2217102051,30869,30950,81
12.7986297607,80.2232971191,31253,31354,101
12.8310899734,80.2293319702,31775,31836,61
12.8996295929,80.2277832031,32683,32733,50
12.9063596725,80.2282104492,32875,32933,58
12.9336395264,80.2327194214,33256,33287,31
12.9473495483,80.2399978638,33478,33559,81
12.9559497833,80.2432098389,33781,33821,40
12.9562797546,80.2433166504,33832,33882,50
12.9631795883,80.2465591431,34013,34054,41
12.9633197784,80.2466125488,34054,34094,40
12.9796800613,80.2526168823,34349,34410,61
13.0065202713,80.2417297363,35113,35175,62
13.0066204071,80.2411422729,35185,35226,41
13.0178003311,80.2247619629,35760,35791,31
13.0194301605,80.2242736816,35841,35892,51
13.0226297379,80.2267379761,36094,36154,60
13.0246601105,80.2288208008,36265,36336,71
13.031129837,80.2397537231,36574,36639,65
13.0390396118,80.2468338013,36809,36871,62
13.0482997894,80.2495498657,37063,37123,60
13.0488195419,80.249710083,37133,37174,41
13.0798797607,80.2752838135,38189,38280,91
13.0816898346,80.275138855,38340,38431,91
13.081990242,80.2753601074,38431,38472,41
13.0822896957,80.2785797119,39511,39552,41
13.0687198639,80.2719497681,39933,39964,31
13.0328102112,80.2432632446,40838,40907,69
13.0327196121,80.2431488037,40907,40949,42
13.032500267,80.2426376343,40959,41050,91
13.0265903473,80.2332305908,41298,41330,32
12.9070997238,80.2283782959,43931,43962,31
12.9013299942,80.2279815674,44042,44123,81
12.8993597031,80.2278900146,44163,44194,31
12.7862701416,80.2203598022,45566,45607,41
12.786239624,80.2203216553,48312,48352,40
12.7973003387,80.2231216431,48524,48665,141
12.8310403824,80.2293167114,49099,49130,31
12.9062004089,80.2281417847,50120,50170,50
13.038649559,80.2467193604,52718,52758,40
13.0713396072,80.2741928101,53646,53696,50
13.0760498047,80.2747879028,53827,53969,142
13.0818595886,80.2752304077,54130,54191,61
13.0828304291,80.277961731,54958,54998,40
13.0831899643,80.2780380249,54998,55059,61
13.0739097595,80.2763977051,55331,55362,31
13.0658102036,80.2677993774,55584,55642,58
13.0396203995,80.2470779419,56318,56368,50
12.9902296066,80.2508621216,57647,57709,62
12.9567804337,80.243812561,58274,58405,131
12.9564304352,80.2436904907,58415,58466,51
12.907119751,80.2284011841,59158,59210,52
12.9011497498,80.2280426025,59301,59372,71
12.7221298218,80.187789917,61804,61996,192
12.7222700119,80.1879196167,61996,62046,50
12.7863502502,80.2203979492,64206,64237,31
12.8392095566,80.2277374268,64959,65060,101
12.900349617,80.2279205322,65957,66088,131
12.9786396027,80.2524795532,67507,67618,111
12.9797801971,80.2526702881,67669,67729,60
12.9805698395,80.2526397705,67750,67830,80
13.0057296753,80.2471313477,68426,68487,61
13.0060796738,80.2469787598,68487,68618,131
13.0103397369,80.2258834839,69221,69252,31
13.0246200562,80.2288970947,69787,69827,40
13.02602005,80.2313995361,69857,69916,59
13.0264701843,80.2328720093,69946,69977,31
13.0389003754,80.246887207,70361,70472,111
13.0663499832,80.2683334351,71193,71225,32
13.0819501877,80.2755432129,71639,71700,61
13.0311403275,80.2403717041,73827,73918,91
12.9879198074,80.2515029907,74956,75128,172
12.9015197754,80.2280883789,76440,76561,121
12.8996801376,80.2279586792,76602,76642,40
12.8393802643,80.2276763916,81612,81663,51
12.9873399734,80.251411438,83294,83345,51
13.0819196701,80.2754592896,85180,85282,102
13.0758600235,80.2757110596,85494,85655,161
13.0759401321,80.2753372192,85666,85837,171
13.0689296722,80.205078125,350,390,40
13.0682096481,80.2049713135,761,792,31
13.0696401596,80.2048187256,893,973,80
13.0698795319,80.205039978,4002,4051,49
13.0743703842,80.2209014893,5847,5888,41
13.0879802704,80.2837524414,6744,6895,151
13.088060379,80.283996582,6895,7016,121
13.0815296173,80.2752304077,7632,7672,40
13.0680398941,80.2049331665,9760,9922,162
13.0684204102,80.2049179077,9922,9962,40
13.0687799454,80.2047729492,9962,9993,31
13.0690002441,80.2047195435,9993,10043,50
13.0819797516,80.2755203247,11436,11476,40
13.0815696716,80.2751998901,12586,12618,32
13.0814199448,80.2734603882,12668,12729,61
13.0745601654,80.1994094849,14964,14995,31
13.0819702148,80.2754974365,16193,16357,164
13.0820198059,80.2757873535,16378,16428,50
13.0817899704,80.2766799927,17123,17193,70
13.0816802979,80.2759933472,17233,17305,72
13.0816297531,80.2755966187,17315,17356,41
13.0267496109,80.2660598755,18466,18506,40
13.0263595581,80.2659912109,18526,18587,61
13.0066099167,80.2518615723,22836,22884,48
13.02684021,80.2330093384,24786,24857,71
13.0065097809,80.2576065063,27482,27522,40
13.0067195892,80.248878479,27653,27734,81
13.0343799591,80.2304000854,28560,28610,50
13.034819603,80.2300491333,28630,28669,39
13.034740448,80.2300033569,28669,28830,161
13.0342903137,80.2299880981,29870,29981,111
13.0341796875,80.2302627563,29991,30031,40
13.0140895844,80.226348877,30596,30627,31
13.0293998718,80.2640762329,32036,32185,149
13.0336503983,80.2678833008,32236,32276,40
13.0331697464,80.2677612305,32387,32518,131
13.0332298279,80.2676010132,32528,32649,121
13.0160703659,80.2596206665,33669,33709,40
13.0065603256,80.2576293945,33901,33971,70
13.0066299438,80.2519378662,34092,34183,91
13.0111598969,80.2239990234,34760,34801,41
13.020819664,80.2275695801,35195,35376,181
13.0326795578,80.2305374146,36222,36292,70
13.029589653,80.2307281494,36313,36373,60
13.0278902054,80.2328109741,36414,36514,100
13.0082702637,80.2334899902,37100,37150,50
13.0072603226,80.2386398315,37241,37281,40
13.0066299438,80.2433624268,37411,37451,40
13.0067300797,80.2573165894,37825,37908,83
13.0334501266,80.2678604126,38732,38782,50
13.0332202911,80.2677230835,38883,39045,162
13.0065202713,80.2576599121,40175,40264,89
13.0065002441,80.257598877,40264,40354,90
13.0067501068,80.2498168945,40485,40536,51
13.0066995621,80.2490005493,40566,40617,51
13.0040302277,80.2476806641,40637,40688,51
13.0260000229,80.2311096191,41548,41579,31
13.0346603394,80.2303619385,41780,41821,41
13.0347003937,80.2301101685,41841,41881,40
13.034529686,80.2299575806,41922,41992,70
13.0198602676,80.2247390747,42887,42929,42
13.0065803528,80.2570495605,43593,43633,40
13.0305900574,80.2667312622,44227,44318,91
13.0323600769,80.2673721313,44399,44439,40
13.0343999863,80.2679977417,44520,44611,91
13.0346403122,80.2302703857,47392,47433,41
13.0344400406,80.2297592163,47483,47574,91
13.0341901779,80.2300415039,47574,47634,60
13.006649971,80.257019043,48810,48861,51
13.0328397751,80.2676391602,49664,49716,52
13.0345897675,80.2679367065,49799,49961,162
13.0066699982,80.2475509644,54205,54277,72
13.0291004181,80.2307662964,55114,55173,59
13.0240602493,80.2283935547,55938,55979,41
13.0144100189,80.2262420654,56207,56239,32
13.0069599152,80.2401275635,56489,56570,81
13.0066995621,80.2573394775,56863,56974,111
13.0330600739,80.2677764893,57720,57781,61
13.0334396362,80.2678070068,57781,57831,50
13.0346002579,80.2679824829,57852,57922,70
13.0344295502,80.268119812,57932,57973,41
13.0341501236,80.2679672241,57983,58064,81
13.0333299637,80.2677612305,58094,58245,151
13.0263996124,80.2659988403,58457,58498,41
13.0065498352,80.2576065063,58952,59022,70
13.0065202713,80.2521972656,59144,59204,60
13.0113697052,80.2232894897,59780,59821,41
13.013759613,80.2247619629,59912,59952,40
13.0248098373,80.229133606,60172,60223,51
13.0284996033,80.2306594849,60283,60314,31
13.0341796875,80.2298126221,60624,60686,62
13.0342597961,80.23021698,60696,60797,101
13.0342102051,80.2303390503,60877,60938,61
13.0342903137,80.2304000854,60938,60979,41
13.0341596603,80.2302703857,61029,61099,70
13.034239769,80.2303009033,61130,61170,40
13.0342302322,80.2303009033,61170,61311,141
13.0342502594,80.2303771973,61634,61735,101
13.0342197418,80.2299423218,61826,61867,41
13.0268001556,80.232963562,62068,62169,101
13.0250797272,80.229637146,62270,62311,41
13.0068397522,80.2492523193,63109,63149,40
13.0067796707,80.2503509521,63179,63210,31
13.032500267,80.266960144,64147,64187,40
13.0190496445,80.2617111206,65212,65249,37
13.018529892,80.2612533569,65271,65311,40
13.0160999298,80.2596893311,65341,65372,31
13.0071296692,80.2587738037,65563,65662,99
13.0064401627,80.2531585693,65733,65794,61
13.006770134,80.2494812012,65864,65945,81
13.0066900253,80.2485198975,65985,66026,41
13.0066604614,80.2483596802,66026,66207,181
13.0066003799,80.2482299805,66288,66359,71
13.0068101883,80.2476196289,66702,66863,161
13.0155801773,80.2250137329,67772,67812,40
13.0244903564,80.2285614014,68053,68213,160
13.0272197723,80.2311935425,68244,68295,51
13.0284700394,80.2311172485,68315,68486,171
13.0333995819,80.2306289673,68486,68537,51
13.0347700119,80.2304992676,68597,68648,51
13.0343103409,80.229888916,68749,68900,151
13.034119606,80.2302474976,69193,69243,50
13.0317401886,80.230682373,69324,69496,172
13.0073900223,80.2389602661,70515,70566,51
13.007109642,80.2393035889,70575,70646,71
13.0072803497,80.2387924194,70727,70777,50
13.0066995621,80.2573928833,71217,71290,73
13.0291795731,80.2660369873,71944,71985,41
13.0332202911,80.2674484253,72610,72751,141
13.0332298279,80.2676696777,72751,72802,51
13.033200264,80.2676467896,72822,72863,41
13.033200264,80.2676620483,72863,72984,121
13.0331602097,80.2677612305,72994,73104,110
13.0064601898,80.2572631836,73849,73909,60
13.0066099167,80.2533416748,73909,74020,111
13.0066204071,80.2467422485,74151,74282,131
13.0065002441,80.2403793335,74302,74333,31
13.007399559,80.2366714478,74414,74464,50
13.0339603424,80.2308578491,77278,77319,41
13.01445961,80.2262191772,77844,77882,38
13.0069503784,80.240020752,78095,78166,71
13.0071897507,80.2403488159,78186,78247,61
13.0261602402,80.266418457,80972,81042,70
13.0263395309,80.2664108276,81053,81143,90
13.0263595581,80.2663879395,81143,81224,81
13.0264797211,80.2662200928,81234,81285,51
13.0263500214,80.2663803101,81285,81476,191
13.0261497498,80.2663192749,81487,81537,50
13.0877399445,80.2838363647,83603,83744,141
12.9873399734,80.2589187622,86161,86201,40
12.9873504639,80.258682251,86251,86292,41
12.9977197647,80.2563476563,20298,20388,90
12.8399095535,80.2276229858,24042,24093,51
12.8394002914,80.2277526855,25167,25218,51
12.9007501602,80.227897644,25811,25870,59
12.9489097595,80.2406463623,26452,26512,60
12.9634103775,80.2465667725,26755,26815,60
13.0211696625,80.2256622314,28288,28429,141
13.0243797302,80.2284088135,28510,28570,60
13.0231800079,80.2274475098,28621,28770,149
13.023059845,80.2272720337,28770,28912,142
13.0069704056,80.2399902344,30174,30214,40
13.0067100525,80.2469406128,30346,30437,91
12.9495000839,80.2409973145,31687,31757,70
12.9068202972,80.2283706665,32393,32444,51
12.9025602341,80.2281112671,32515,32606,91
12.8991603851,80.227897644,32686,32727,41
12.8495798111,80.2266464233,33390,33431,41
12.8453302383,80.2266464233,33501,33552,51
12.8398504257,80.2276916504,33622,33673,51
12.8324203491,80.2291412354,33754,33794,40
12.7862596512,80.2218399048,34439,34490,51
12.8390798569,80.2277679443,36164,36235,71
12.899479866,80.2277984619,36927,36978,51
12.9049797058,80.2280807495,37099,37281,182
12.9485397339,80.2404708862,37910,38002,92
12.9558401108,80.2432174683,38133,38193,60
12.9797201157,80.2525787354,38607,38658,51
12.9831199646,80.2524871826,38719,38910,191
12.9856595993,80.2518386841,38981,39032,51
12.9861097336,80.2517623901,39042,39163,121
13.0067396164,80.2403182983,39526,39557,31
13.019610405,80.2243804932,39929,39977,48
13.0231704712,80.2274475098,40632,40672,40
13.0066604614,80.2431182861,41094,41125,31
12.9898395538,80.2509613037,41444,41626,182
12.9080200195,80.2285232544,42896,42977,81
12.9068603516,80.2283477783,43017,43098,81
12.8394403458,80.2276763916,46435,46490,55
12.9057798386,80.2281188965,47279,47329,50
12.9487104416,80.2405776978,47794,47832,38
12.987159729,80.2514724731,48408,48549,141
13.0196304321,80.2244262695,49203,49244,41
13.0211000443,80.2256622314,49294,49345,51
13.0230798721,80.2273330688,49496,49668,172
13.0069704056,80.2398300171,50050,50090,40
12.8397703171,80.2276992798,52271,52392,121
12.900639534,80.2278823853,54849,54940,91
12.97976017,80.2526016235,55983,56033,50
12.985159874,80.2520217896,56114,56235,121
12.9855804443,80.2519073486,56245,56276,31
12.9869003296,80.2515487671,56336,56407,71
13.0243797302,80.2284698486,57618,57658,40
13.0231895447,80.2275238037,57708,57830,122
12.7874898911,80.2208786011,60987,61037,50
12.8312902451,80.2293319702,62601,62641,40
12.8393802643,80.2277526855,62742,62782,40
12.9028396606,80.2279891968,63558,63639,81
12.9060201645,80.2282104492,63709,63760,51
12.9486904144,80.2405166626,64384,64424,40
12.9562797546,80.243347168,64545,64576,31
12.9630298615,80.2464523315,64697,64747,50
12.979470253,80.2525634766,64987,65048,61
12.98458004,80.2521362305,65119,65301,182
13.0064897537,80.2427368164,65824,65894,70
13.0064697266,80.2416534424,65935,66036,101
13.0117197037,80.2220687866,66379,66521,142
13.0118904114,80.2218322754,66521,66561,40
13.0193796158,80.2242584229,66793,66834,41
13.0242996216,80.2283172607,66995,67066,71
13.0069999695,80.2395019531,68388,68499,111
12.959400177,80.2447662354,69599,69630,31
12.9037799835,80.2281036377,70506,70547,41
12.9011898041,80.2279815674,70617,70809,192
12.8608903885,80.2265777588,71362,71393,31
12.8454399109,80.226600647,71554,71585,31
12.8316698074,80.2291793823,71766,71857,91
12.8273096085,80.2193527222,72685,72756,71
12.8275299072,80.2193984985,72756,72796,40
12.8312196732,80.2207107544,72907,72938,31
12.8378095627,80.2281112671,73705,73736,31
12.8394899368,80.2276992798,73816,73867,51
12.8988704681,80.2277908325,74654,74721,67
12.9039697647,80.2280426025,74844,74915,71
12.9047403336,80.2280731201,74945,75056,111
12.9059400558,80.2281417847,75097,75178,81
13.019610405,80.2244491577,77202,77310,108
13.0243196487,80.2284469604,77412,77452,40
13.0066099167,80.2571029663,78047,78079,32
12.9977197647,80.2569885254,78533,78664,131
12.9976997375,80.2560806274,79068,79099,31
12.9869804382,80.2591094971,79753,79803,50
12.9877901077,80.2517166138,79975,80016,41
12.9844799042,80.2523803711,80086,80278,192
12.9566001892,80.2437362671,80682,80753,71
12.9008302689,80.2274932861,81538,81609,71
12.9013004303,80.2205200195,81700,81750,50
12.9015903473,80.2182769775,81791,81831,40
12.9055404663,80.2074737549,81962,82053,91
12.9268198013,80.1178817749,83414,83506,92
12.9271697998,80.1183776855,84889,84929,40
13.0335302353,80.2678833008,25373,25433,60
13.0066299438,80.2475585938,26080,26151,71
13.0347204208,80.2300415039,26878,26938,60
13.0270795822,80.232963562,28867,28908,41
13.0068702698,80.2496414185,29594,29625,31
13.0066900253,80.2573013306,29716,29756,40
13.0334596634,80.2678985596,30443,30594,151
13.0065402985,80.2577362061,31776,31846,70
13.0067100525,80.249420166,32008,32129,121
13.0065402985,80.2419815063,32301,32361,60
13.0337696075,80.2304382324,33361,33402,41
13.0343198776,80.2298202515,33503,33583,80
13.0342197418,80.2302627563,34230,34270,40
13.0277500153,80.2328186035,34452,34603,151
13.0082798004,80.2335281372,35169,35229,60
13.0069503784,80.239982605,35441,35502,61
13.0331802368,80.2677383423,37552,37643,91
13.027759552,80.2328186035,40995,41137,142
13.0159502029,80.2256774902,41440,41490,50
13.0068702698,80.2513275146,41914,41965,51
13.0333995819,80.2678833008,42843,42964,121
13.0264196396,80.2660369873,43197,43237,40
13.0066404343,80.2577514648,43712,43762,50
13.0065698624,80.252746582,43893,43944,51
13.0066604614,80.251373291,43974,44015,41
13.0067901611,80.249710083,44085,44217,132
13.0293502808,80.2308273315,45186,45236,50
13.0342702866,80.2298812866,45408,45459,51
13.0227298737,80.2270202637,46630,46680,50
13.0066099167,80.2568969727,47337,47407,70
13.0332698822,80.2677383423,48195,48276,81
13.0342798233,80.2679824829,50740,50901,161
13.0333003998,80.2678222656,50942,50982,40
13.0268201828,80.2660980225,51144,51255,111
13.0265703201,80.2660369873,51255,51325,70
13.0065603256,80.2576065063,51800,51871,71
13.0065402985,80.2526321411,51972,52042,70
13.0291500092,80.2307815552,53002,53052,50
13.0342197418,80.2300415039,54062,54102,40
13.0069103241,80.2400588989,54880,54930,50
13.0340995789,80.2679672241,55970,56001,31
13.0345497131,80.2681274414,56031,56132,101
13.0263996124,80.2660369873,56869,56910,41
13.0064697266,80.2535324097,57425,57465,40
13.0065002441,80.2524337769,57526,57586,60
13.0342903137,80.2304534912,58707,58747,40
13.0342197418,80.2301712036,59979,60070,91
13.0268602371,80.2329483032,60303,60373,70
13.0070896149,80.2392272949,60948,60999,51
13.0069904327,80.2398376465,61009,61090,81
13.0068998337,80.2500991821,61343,61393,50
13.006819725,80.2514724731,61474,61524,50
13.0067195892,80.2572784424,61605,61686,81
13.0307798386,80.2667770386,62352,62393,41
13.0331001282,80.2677536011,62554,62585,31
13.0340900421,80.2679595947,62625,62666,41
13.0331401825,80.2675933838,63322,63372,50
13.0263299942,80.2659988403,63635,63675,40
13.0222396851,80.2634506226,63776,63807,31
13.0065002441,80.25415802,64322,64362,40
13.0065002441,80.2525100708,64413,64514,101
13.006649971,80.2482528687,64645,64786,141
13.0066003799,80.2466812134,64827,64867,40
13.0065498352,80.241569519,65029,65079,50
13.0289402008,80.2309265137,65857,65917,60
13.030500412,80.230758667,65948,65998,50
13.0340204239,80.2305374146,66049,66109,60
13.0314798355,80.2307815552,66675,66715,40
13.0268497467,80.2330322266,66877,66937,60
13.0221996307,80.2265930176,67230,67281,51
13.0337600708,80.2679595947,69078,69119,41
13.0345201492,80.2680435181,69149,69250,101
13.0334300995,80.267906189,69280,69351,71
13.026550293,80.2660827637,69543,69684,141
13.006480217,80.2576599121,70189,70290,101
13.0065002441,80.252456665,70432,70502,70
13.0066995621,80.2502365112,70543,70654,111
13.0066003799,80.2484512329,70694,70745,51
13.0272598267,80.2311019897,71896,71946,50
13.0279998779,80.2309799194,71997,72068,71
13.0336503983,80.2304763794,72249,72320,71
13.0340900421,80.2303009033,72936,72987,51
13.0311803818,80.23072052,73078,73128,50
13.029999733,80.2308502197,73168,73199,31
13.0066699982,80.2573165894,74239,74320,81
13.0344696045,80.2680435181,75057,75148,91
13.0064897537,80.2521820068,76279,76340,61
13.006529808,80.2481994629,76430,76461,31
13.0259199142,80.231010437,77208,77248,40
13.0349597931,80.2301177979,77450,77481,31
13.0342102051,80.2304763794,78885,78965,80
13.0269098282,80.2329483032,79208,79258,50
13.0252799988,80.2299804688,79329,79430,101
13.006939888,80.2400588989,79915,79965,50
13.0261201859,80.2663497925,84640,84712,72
13.0264196396,80.2663269043,85812,85853,41
13.0264701843,80.2661437988,85863,85964,101
12.9900503159,80.241607666,30736,30797,61
12.9917697906,80.2345123291,32492,32542,50
12.9983997345,80.2395477295,41880,41940,60
12.9917201996,80.2336196899,43351,43382,31
12.9982004166,80.2380828857,43523,43571,48
12.9983100891,80.2381210327,44711,44751,40
12.9865598679,80.2386779785,45753,45834,81
12.998169899,80.23802948,46317,46367,50
12.9982595444,80.2380371094,48567,48608,41
12.9982595444,80.2380523682,49830,49870,40
12.989979744,80.2415084839,69190,69243,53
12.9882202148,80.2237167358,72493,72604,111
13.0341997147,80.2301177979,20507,20618,111
13.023150444,80.2274169922,20920,20982,62
12.9232997894,80.1211013794,23845,23896,51
13.0343399048,80.2298736572,28542,28653,111
13.0086202621,80.2136383057,30795,30826,31
12.9760599136,80.221321106,31611,31662,51
12.91726017,80.1914291382,32811,32842,31
12.9200296402,80.1830215454,32963,33003,40
12.9197797775,80.1710586548,33226,33266,40
12.9232301712,80.1206283569,34040,34080,40
12.9233398438,80.1209182739,34252,34323,71
12.922539711,80.142578125,35353,35393,40
12.9203500748,80.1839294434,36060,36131,71
13.0344600677,80.2304077148,39676,39759,83
13.0278596878,80.2325668335,40611,40803,192
13.0343399048,80.2303237915,47406,47447,41
13.0348596573,80.2301635742,47467,47518,51
13.0263700485,80.2327880859,47800,47831,31
13.0141201019,80.2255172729,48192,48304,112
13.0145597458,80.2251968384,48750,48810,60
13.0345401764,80.2297210693,52787,52868,81
13.0232000351,80.2275085449,53260,53348,88
13.0147199631,80.2256622314,60711,60892,181
13.0142402649,80.2260513306,60913,61014,101
13.0086402893,80.2136917114,61306,61377,71
13.0082397461,80.2133636475,61397,61448,51
12.9767198563,80.2212677002,62206,62257,51
12.9760398865,80.221282959,62297,62328,31
12.9224004745,80.1432495117,64232,64292,60
12.9225702286,80.143661499,66161,66212,51
12.9761600494,80.2212600708,68229,68330,101
12.9832801819,80.2222213745,68481,68522,41
12.9868497849,80.2230606079,68613,68673,60
13.0076704025,80.2129516602,69259,69320,61
13.0243597031,80.2285308838,69947,69987,40
13.0285196304,80.2309799194,70149,70189,40
13.029419899,80.2308578491,70222,70271,49
13.0331602097,80.2305831909,70373,70424,51
13.0341901779,80.2299804688,71282,71444,162
13.0341396332,80.2303771973,71444,71495,51
13.0321302414,80.2306289673,71545,71585,40
13.0313997269,80.2306976318,71616,71747,131
13.0301904678,80.230796814,71808,71848,40
13.0270395279,80.232963562,71959,71990,31
13.0095396042,80.2277832031,72363,72404,41
13.0101995468,80.2261505127,72454,72485,31
13.0085201263,80.2135925293,72774,72806,32
13.0083904266,80.2134628296,72806,72856,50
13.0081701279,80.2133636475,72856,72907,51
13.0078802109,80.213218689,72937,72977,40
12.9997196198,80.2143173218,73159,73289,130
12.9972600937,80.2164916992,73369,73430,61
12.9757299423,80.2211914063,74036,74115,79
12.9223899841,80.1432113647,76083,76163,80
12.9232501984,80.1212615967,76959,77071,112
12.9750003815,80.2205429077,78913,78953,40
13.0141897202,80.2256622314,80003,80094,91
13.014169693,80.2257385254,80710,80842,132
12.9982404709,80.2568206787,17,48,31
12.9958400726,80.2559890747,19257,19309,52
12.9960002899,80.2559127808,19309,19376,67
12.9959402084,80.255859375,19597,19683,86
12.9012804031,80.228012085,22307,22338,31
12.874710083,80.2101211548,22925,22987,62
13.0006904602,80.2133483887,25528,25602,74
13.0097398758,80.2112731934,26067,26178,111
13.0095300674,80.2111282349,26178,26259,81
13.0094804764,80.2111968994,26269,26309,40
12.9799995422,80.2524871826,27800,27841,41
12.8745803833,80.2099380493,29822,29862,40
12.8749399185,80.2106628418,29913,29953,40
12.8783597946,80.2171173096,30407,30508,101
12.885310173,80.2266616821,30750,30781,31
12.8918800354,80.2272567749,30902,30982,80
12.9562997818,80.2433166504,32342,32373,31
12.9628896713,80.2463378906,32484,32534,50
12.9935798645,80.2179870605,33936,33967,31
13.0095596313,80.2110824585,34965,35027,62
13.0095901489,80.2109375,35087,35138,51
13.0094804764,80.2109985352,35440,35541,101
13.0095396042,80.2109832764,35561,35602,41
12.9673099518,80.248298645,38372,38433,61
12.9661502838,80.247718811,38523,38645,122
12.964220047,80.2470397949,38776,38877,101
12.9068098068,80.2283477783,39754,39825,71
12.9015398026,80.2280502319,39916,39986,70
12.8746900558,80.2099914551,40731,40842,111
12.9563903809,80.2432632446,42280,42320,40
13.0097303391,80.2112121582,44579,44640,61
13.0093698502,80.2110290527,44983,45134,151
13.0094604492,80.2109985352,45144,45215,71
12.956609726,80.2437362671,47486,47557,71
12.918510437,80.2300491333,48150,48322,172
12.9072504044,80.2284088135,48473,48523,50
12.8721199036,80.2104873657,49440,49471,31
12.8749303818,80.2093505859,50015,50056,41
12.8748598099,80.2098693848,50177,50247,70
12.8734798431,80.2086715698,50368,50459,91
12.875120163,80.2097625732,50943,51014,71
12.8748703003,80.2096862793,51064,51105,41
12.8748998642,80.2097625732,51155,51256,101
12.8746995926,80.2104492188,51397,51428,31
12.9057798386,80.2281112671,52235,52275,40
13.0069503784,80.2097320557,54735,54766,31
12.9763202667,80.2212905884,56809,56840,31
12.9800300598,80.2526397705,57395,57435,40
12.9570798874,80.2439117432,57879,57929,50
12.9568099976,80.243888855,57929,57980,51
12.8996801376,80.2279510498,58928,58989,61
12.8789997101,80.2109527588,59513,59553,40
12.8747301102,80.2101135254,59695,59735,40
12.9050397873,80.2281265259,60459,60490,31
12.9062900543,80.2282028198,60540,60611,71
12.9762201309,80.2216491699,65555,65618,63
12.9799900055,80.2525100708,66180,66221,41
12.9565000534,80.2438430786,66663,66713,50
12.9470596313,80.2400817871,66965,66996,31
12.9077701569,80.2285385132,67590,67761,171
12.8993396759,80.2279891968,67973,68004,31
12.8929796219,80.2275619507,68104,68135,31
12.8764295578,80.2265319824,68417,68448,31
12.8789997101,80.2110290527,68639,68680,41
12.8744401932,80.2101669312,68760,68801,41
12.8747301102,80.2100601196,68841,68952,111
12.9487800598,80.2406768799,70796,70897,101
12.9633798599,80.246711731,71160,71210,50
12.9799003601,80.2525634766,71482,71513,31
12.9812803268,80.2430725098,71664,71714,50
12.9812803268,80.2340774536,71957,71997,40
12.9813699722,80.2337799072,71997,72047,50
12.9816198349,80.2333526611,72057,72088,31
13.006819725,80.209777832,73385,73446,61
13.013469696,80.2042770386,73668,73718,50
13.009519577,80.2112197876,73972,74113,141
12.9979200363,80.2166976929,74779,74820,41
12.9833202362,80.2223815918,75244,75284,40
12.9768695831,80.2214889526,75445,75476,31
12.9877195358,80.255317688,76301,76473,172
12.9974899292,80.255859375,76701,76744,43
12.9983797073,80.256690979,79762,79953,191
12.9983100891,80.2566375732,82530,82636,106
12.9983797073,80.2565307617,82636,82760,124
13.0333099365,80.23046875,3046,3238,192
13.0334701538,80.2299423218,27375,27435,60
13.0336198807,80.2298202515,27435,27476,41
13.0335597992,80.2298202515,27476,27587,111
13.0338697433,80.2298583984,27587,27768,181
13.0339403152,80.2299423218,27768,27839,71
13.0338802338,80.2296829224,28061,28092,31
13.0341501236,80.2298583984,28314,28365,51
13.0342798233,80.2302017212,28983,29029,46
13.0451202393,80.2325820923,29434,29465,31
13.0538301468,80.2272109985,29919,29960,41
13.0444202423,80.2126693726,30333,30432,99
13.0693702698,80.2055892944,30947,30978,31
13.0691404343,80.2051086426,31014,31148,134
13.0687799454,80.2052230835,31159,31209,50
13.0740499496,80.1998062134,31391,31427,36
13.0610799789,80.138633728,32637,32758,121
13.068479538,80.125328064,33092,33162,70
13.0659303665,80.1370391846,34710,34811,101
13.0691003799,80.2051925659,36223,36353,130
13.0680704117,80.2054290771,36384,36435,51
13.0641298294,80.2116622925,36698,36738,40
13.0514202118,80.2170791626,37162,37223,61
13.0522203445,80.2197265625,37273,37304,31
13.0346899033,80.2300415039,38618,38689,71
13.0342597961,80.2301330566,39487,39618,131
13.0349197388,80.2302474976,39658,39739,81
13.0496797562,80.2119598389,40971,41012,41
13.0680999756,80.2054214478,41434,41474,40
13.0680103302,80.2054290771,41474,41605,131
13.0680799484,80.2050094604,41605,41646,41
13.0522203445,80.2196426392,42302,42333,31
13.0355997086,80.2304229736,43631,43691,60
13.0334396362,80.2301025391,43812,43863,51
13.0336999893,80.2300109863,43863,43923,60
13.0338001251,80.2298583984,46298,46419,121
13.0339603424,80.2297210693,48521,48581,60
13.0333003998,80.2298583984,49117,49187,70
13.0334997177,80.2300186157,50612,50692,80
13.0334997177,80.2299423218,50702,50864,162
13.034119606,80.2298583984,55502,55613,111
13.0344696045,80.2303314209,55654,55714,60
13.0444602966,80.2131576538,56832,56863,31
13.0499200821,80.2119216919,56994,57050,56
13.0680198669,80.205406189,57416,57578,162
13.0528097153,80.2343063354,58810,58871,61
13.0357503891,80.2304916382,59652,59713,61
13.0344104767,80.2301101685,59966,60087,121
13.0342502594,80.2301712036,60087,60279,192
13.0444202423,80.2133026123,62216,62256,40
13.072019577,80.2022171021,62992,63052,60
13.0604295731,80.155090332,63879,63919,40
13.0611000061,80.1386795044,64151,64212,61
13.0696496964,80.1241989136,64666,64747,81
13.0699901581,80.2049865723,68202,68263,61
13.0679798126,80.2054214478,68323,68364,41
13.0525598526,80.2121200562,68828,68915,87
13.0517301559,80.2181625366,69150,69210,60
13.0532398224,80.2233886719,69422,69473,51
13.0359296799,80.2305603027,70877,70917,40
13.0345802307,80.2298583984,71029,71069,40
13.0342102051,80.2298736572,71079,71119,40
12.9884395599,80.2235794067,27351,27442,91
12.9866399765,80.2384567261,27725,27786,61
12.9865198135,80.2353363037,27866,27897,31
12.9883003235,80.2232894897,28210,28311,101
12.9914999008,80.2334823608,28524,28574,50
12.9866399765,80.2384414673,28807,28938,131
12.986530304,80.2353897095,28989,29029,40
12.9882698059,80.2232818604,29322,29373,51
13.0057201385,80.2423477173,29889,29920,31
12.9882898331,80.2232971191,30436,30477,41
12.9864997864,80.2353210449,31741,31772,31
12.9883298874,80.2232818604,34045,34107,62
12.986530304,80.2352981567,35320,35360,40
12.9882001877,80.230140686,35482,35522,40
12.9883203506,80.2232894897,35694,35755,61
12.9915103912,80.2334976196,36017,36048,31
12.9914798737,80.2334213257,37402,37433,31
12.9865503311,80.2333221436,61387,61427,40
12.9865598679,80.2385482788,61528,61650,122
12.9884700775,80.2234802246,61953,62034,81
12.9866800308,80.2590789795,16,107,91
12.9867897034,80.2591629028,18821,18852,31
12.9871702194,80.2591705322,18852,18892,40
12.9693603516,80.1501922607,20882,20932,50
12.9692802429,80.1496810913,21145,21256,111
12.9877595901,80.255531311,23144,23204,60
12.9872999191,80.2592391968,23275,23366,91
12.9873104095,80.2596282959,23366,23406,40
12.9868898392,80.2595596313,23406,23468,62
12.9497995377,80.2359619141,25841,25882,41
12.9375896454,80.1285629272,27529,27560,31
12.93612957,80.1272506714,27640,27671,31
12.927280426,80.1185684204,27822,27863,41
12.9271202087,80.117980957,28367,28458,91
12.9293298721,80.1203079224,28529,28660,131
12.9510498047,80.1397399902,29195,29226,31
12.9492397308,80.1851730347,29993,30064,71
12.9501895905,80.2338180542,31053,31154,101
12.9501495361,80.2345962524,31184,31245,61
12.9500799179,80.2350692749,31265,31346,81
12.9500198364,80.2353973389,31356,31416,60
12.9499998093,80.2355728149,31416,31477,61
12.9560003281,80.2432098389,31719,31750,31
12.9589500427,80.2444534302,31840,31871,31
12.966629982,80.2478637695,31992,32042,50
12.9757099152,80.2509307861,32163,32214,51
12.987739563,80.2557296753,32759,32900,141
12.9872198105,80.2595825195,32961,33001,40
12.9870595932,80.2584609985,33092,33143,51
12.9868001938,80.2586212158,33143,33304,161
12.9870195389,80.2591400146,34862,34913,51
12.9875097275,80.2563171387,34973,35135,162
12.9572601318,80.2439422607,36124,36155,31
12.9566202164,80.2437515259,36175,36225,50
12.9493999481,80.240852356,36367,36508,141
12.9492101669,80.2392807007,36548,36579,31
12.949549675,80.2372207642,36619,36791,172
12.949640274,80.236869812,36791,36962,171
12.9496803284,80.2365036011,36972,37114,142
12.9497299194,80.2361221313,37114,37235,121
12.9499998093,80.2338027954,37265,37296,31
12.9485397339,80.2086105347,37519,37559,40
12.9489898682,80.1854782104,37862,37902,40
12.9694004059,80.1502380371,39124,39164,40
12.9693899155,80.1501235962,39174,39275,101
12.9600095749,80.1471328735,39508,39548,40
12.9499502182,80.2352828979,40759,40800,41
12.9498996735,80.2356567383,40800,40860,60
12.9797096252,80.2526016235,41487,41538,51
12.984459877,80.2522506714,41598,41780,182
12.987660408,80.2556686401,41921,42103,182
12.9876098633,80.2559127808,43658,43729,71
12.956990242,80.2439193726,44244,44284,40
12.9491996765,80.2408599854,44496,44537,41
12.9497804642,80.2360076904,44637,44678,41
12.9272203445,80.1181411743,46919,46970,51
12.9287900925,80.1198806763,47020,47091,71
12.9511804581,80.1398162842,47585,47626,41
12.9499397278,80.2357025146,48890,48961,71
12.9560499191,80.2433395386,49132,49193,61
12.9634199142,80.2466506958,49314,49374,60
12.9868898392,80.2515563965,49738,49809,71
12.9872598648,80.2594528198,49970,50010,40
12.9872398376,80.2596969604,50010,50061,51
12.9866600037,80.2590637207,50859,50919,60
12.9875297546,80.2559967041,51050,51091,41
12.9497299194,80.2360610962,51777,51808,31
12.948969841,80.1852798462,52303,52374,71
12.9680995941,80.1493911743,52983,53033,50
12.9733295441,80.152923584,53154,53195,41
12.9674797058,80.1491317749,53326,53366,40
12.9561500549,80.2432403564,54538,54578,40
12.9793796539,80.252571106,54881,54921,40
12.9868402481,80.2515563965,55032,55113,81
12.9877195358,80.2550964355,55184,55234,50
12.9875602722,80.256111145,55719,55872,153
12.9491195679,80.2408218384,56468,56508,40
12.9496803284,80.2359771729,56609,56640,31
12.9489803314,80.1852874756,57134,57195,61
12.9262104034,80.1175003052,58194,58225,31
12.9270801544,80.1181030273,58406,58447,41
12.9291801453,80.1202774048,58507,58649,142
12.9376602173,80.1271972656,58840,58871,31
12.9428501129,80.1334686279,59002,59063,61
12.9511995316,80.1399002075,59214,59254,40
12.9492301941,80.1853103638,59782,59883,101
12.9499998093,80.2355270386,60348,60479,131
12.9851999283,80.2520599365,61135,61216,81
12.9873199463,80.2592926025,61438,61478,40
12.986579895,80.2591018677,62731,62862,131
12.9844903946,80.2523269653,63447,63518,71
12.9652996063,80.2474594116,63750,63781,31
12.9565401077,80.2436218262,63932,64003,71
12.9497404099,80.2410964966,64134,64195,61
12.9489402771,80.2407836914,64215,64285,70
12.9496097565,80.236869812,64386,64417,31
12.949640274,80.236541748,64427,64487,60
12.949669838,80.2361526489,64487,64528,41
12.9499998093,80.2340164185,64568,64608,40
12.9484796524,80.2087936401,64871,64911,40
12.9543800354,80.1590881348,65537,65578,41
12.9682998657,80.149559021,65901,65961,60
12.9693603516,80.1501998901,66881,66962,81
12.9677295685,80.1493911743,67033,67083,50
12.9499998093,80.2356796265,68335,68406,71
12.949090004,80.240562439,68496,68527,31
12.9664201736,80.2478103638,68900,68931,31
12.9791898727,80.2526168823,69132,69183,51
12.980919838,80.252746582,69223,69254,31
12.981010437,80.2527389526,69254,69425,171
12.9877700806,80.254699707,69849,70011,162
12.9872102737,80.2595367432,70122,70193,71
12.9869098663,80.2597427368,70203,70253,50
12.9868803024,80.2594909668,70263,70334,71
12.9869699478,80.2591629028,70334,70475,141
12.9878501892,80.2529067993,70839,70899,60
12.9844102859,80.2523803711,71031,71152,121
12.9801301956,80.2528610229,71222,71253,31
12.9639596939,80.2469863892,71515,71566,51
12.9490203857,80.2407989502,71818,71899,81
12.9496498108,80.2362289429,72040,72081,41
12.9484596252,80.2088317871,72404,72444,40
12.9518899918,80.1407165527,73585,73625,40
12.9262800217,80.1176376343,74130,74201,71
12.9268198013,80.117980957,74403,74443,40
12.9269800186,80.1180877686,74453,74515,62
12.9272403717,80.1183624268,74515,74555,40
12.9314203262,80.1226806641,74899,74930,31
12.9357795715,80.1268005371,75011,75051,40
12.9499197006,80.2358932495,76787,76818,31
12.986749649,80.2516174316,77413,77474,61
12.9866695404,80.259803772,81402,81594,192
13.0436000824,80.279838562,23629,23690,61
13.0100097656,80.2117080688,25762,25833,71
13.0173797607,80.2409362793,27330,27461,131
13.0574398041,80.2819900513,28768,28799,31
13.0640201569,80.2834320068,28890,28940,50
13.0888500214,80.290222168,29294,29365,71
13.0878200531,80.2839431763,30164,30255,91
13.0435400009,80.2798233032,31235,31276,41
13.0432796478,80.2773590088,31316,31377,61
13.0433397293,80.274559021,31417,31448,31
13.0369596481,80.2677078247,31791,31832,41
13.0342702866,80.2680511475,31882,31913,31
13.0270996094,80.2540893555,32317,32368,51
13.0191402435,80.2415313721,32721,32762,41
13.0103797913,80.2404785156,32903,32944,41
13.0089502335,80.2405166626,33005,33045,40
13.008020401,80.2132492065,33520,33551,31
13.0136995316,80.2042770386,33995,34046,51
13.0100803375,80.211479187,34238,34278,40
13.0094203949,80.2113800049,35441,35482,41
13.0096998215,80.2111587524,35482,35522,40
13.0097398758,80.2112197876,35552,35633,81
13.0093803406,80.2110671997,35704,35775,71
13.0091495514,80.2114028931,35775,35825,50
13.0081996918,80.2335510254,36331,36371,40
13.0072803497,80.238067627,36513,36563,50
13.007229805,80.2383270264,36563,36644,81
13.0069599152,80.239906311,36675,36735,60
13.0233402252,80.2427215576,37018,37049,31
13.027299881,80.253578186,37433,37483,50
13.0887498856,80.2901306152,39295,39346,51
13.0852499008,80.2842788696,39457,39497,40
13.0869102478,80.2839431763,39580,39611,31
13.0877599716,80.2838821411,39641,39702,61
13.0689401627,80.2720413208,40328,40369,41
13.0377702713,80.2676620483,41107,41158,51
13.0372104645,80.2676620483,41208,41259,51
13.0341396332,80.268081665,41328,41360,32
13.0264501572,80.2656936646,42189,42341,152
13.0814599991,80.275100708,44100,44241,141
13.0867595673,80.2838821411,44494,44545,51
13.0876998901,80.2839508057,44585,44706,121
13.0399599075,80.2678985596,46091,46132,41
13.0376796722,80.2676315308,46162,46203,41
13.0284996033,80.2501373291,46759,46809,50
13.0105400085,80.2118606567,48194,48235,41
13.010219574,80.2117385864,48235,48275,40
13.0101203918,80.2116088867,48275,48356,81
13.0101900101,80.2116317749,48356,48478,122
13.0101003647,80.2117080688,48548,48579,31
13.010020256,80.2116622925,48692,48854,162
13.0101499557,80.2116470337,48854,48894,40
13.010020256,80.2115707397,48914,49026,112
13.0100603104,80.2116088867,49056,49137,81
13.010219574,80.2116012573,49147,49238,91
13.0101699829,80.2115478516,49248,49319,71
13.0100698471,80.2116088867,49319,49369,50
13.0101099014,80.2115936279,49369,49410,41
13.0102796555,80.2116622925,49410,49460,50
13.0101299286,80.2116012573,49460,49622,162
13.0759401321,80.2752685547,83704,83795,91
13.0757799149,80.2751617432,83806,83876,70
13.0989103317,80.239982605,17594,17695,101
13.09897995,80.2400436401,28339,28399,60
13.0988998413,80.2400512695,28399,28470,71
13.0988502502,80.2399291992,28470,28511,41
13.0989599228,80.2399291992,29379,29501,122
13.0990600586,80.2408218384,37808,37961,153
13.0976896286,80.2422409058,55945,55976,31
13.0352802277,80.2303390503,59585,59706,121
13.0068397522,80.2507629395,60668,60699,31
13.0066404343,80.2571563721,60810,60850,40
13.0020704269,80.2566833496,60941,60982,41
12.9885997772,80.2559585571,61285,61406,121
12.9868602753,80.2590789795,61810,61881,71
12.9874401093,80.257232666,61951,62052,101
12.9987802505,80.2560272217,62365,62406,41
13.0058803558,80.2573623657,62577,62628,51
13.0064601898,80.2528305054,62729,62921,192
13.0066204071,80.247543335,63002,63093,91
13.0243196487,80.2283782959,63971,64002,31
13.0258998871,80.2308731079,64062,64133,71
13.0284700394,80.2309112549,64204,64274,70
13.0303497314,80.230758667,64325,64375,50
13.0343399048,80.2304534912,64487,64598,111
13.0343599319,80.2374420166,64759,64881,122
13.0446195602,80.2405929565,65195,65245,50
13.0568799973,80.2426605225,65629,65669,40
13.0650596619,80.243560791,65922,65983,61
13.0816297531,80.2335891724,66601,66651,50
13.0975599289,80.2159881592,67369,67420,51
13.0984201431,80.2141113281,67470,67571,101
13.1003799438,80.2146224976,67632,67672,40
13.0472698212,80.2332077026,71937,71988,51
13.0352096558,80.2303924561,72210,72331,121
13.0066604614,80.2573318481,73599,73680,81
12.9984397888,80.256111145,73863,73894,31
12.987159729,80.2596206665,74207,74257,50
12.9874801636,80.2567672729,75692,75773,81
13.0065603256,80.2479171753,76429,76460,31
13.0984201431,80.2140426636,79444,79475,31
13.1002101898,80.2144775391,79535,79707,172
13.0984697342,80.2422409058,85128,85199,71
13.0989103317,80.2411117554,85260,85321,61
12.9865703583,80.2590408325,14,166,152
12.9864997864,80.2590484619,2856,2916,60
12.986410141,80.2591018677,19400,19562,162
12.9876804352,80.2550506592,22314,22385,71
12.987739563,80.2515411377,22435,22526,91
13.0231895447,80.2274398804,23173,23295,122
13.0229701996,80.2271575928,23295,23477,182
13.0069303513,80.2401504517,23911,23972,61
12.9879798889,80.251411438,24285,24346,61
12.773059845,80.2065505981,29708,29739,31
12.7710800171,80.212020874,29830,29900,70
12.7859296799,80.2201766968,30123,30173,50
12.8992300034,80.2277984619,31639,31740,101
12.9486398697,80.2405319214,32600,32691,91
12.9555997849,80.2430496216,32863,32933,70
13.0065402985,80.2418289185,33863,33934,71
13.0113096237,80.2231826782,34177,34219,42
13.0211496353,80.2256393433,34523,34563,40
13.0222396851,80.2264175415,34624,34674,50
13.0230798721,80.2272796631,34715,34755,40
13.0259799957,80.2309417725,34886,34927,41
13.0342998505,80.2299118042,35240,35352,112
13.0234603882,80.2276992798,37050,37101,51
13.0231199265,80.2273712158,37111,37262,151
13.0088195801,80.2306213379,37535,37636,101
13.0083398819,80.2334213257,37707,37748,41
13.0080003738,80.234703064,37798,37829,31
12.9901199341,80.2507019043,38506,38587,81
12.9898996353,80.2506713867,38587,38658,71
12.9899101257,80.2507781982,38658,38738,80
12.9676198959,80.2484970093,39254,39315,61
12.9652099609,80.2474975586,39436,39517,81
12.9572200775,80.2440185547,39729,39820,91
12.9567203522,80.243850708,39840,39931,91
12.9563503265,80.2437362671,39931,39962,31
12.90102005,80.2280197144,40760,40851,91
12.7861995697,80.2206420898,43460,43510,50
12.9059696198,80.2281494141,44814,44865,51
12.9796800613,80.2525787354,45747,45788,41
12.9867696762,80.2515869141,45869,45970,101
13.019490242,80.2243881226,46687,46718,31
12.9885196686,80.2512588501,48062,48143,81
12.9873399734,80.2584609985,48305,48437,132
12.9868202209,80.2587127686,49074,49165,91
12.9865598679,80.2585296631,49206,49337,131
12.9866104126,80.2586593628,50096,50237,141
12.9868001938,80.2591781616,52007,52047,40
12.9877700806,80.2515411377,52231,52393,162
13.0242996216,80.2283401489,53242,53292,50
13.0230903625,80.2273635864,53343,53474,131
13.0149202347,80.2260131836,53616,53687,71
13.0145702362,80.2261962891,53697,53737,40
13.0066795349,80.2474136353,54061,54101,40
12.956489563,80.2437515259,54849,54920,71
12.9016103745,80.2279968262,55638,55708,70
12.786860466,80.2206268311,57085,57116,31
12.7862596512,80.222076416,59957,60098,141
12.8391895294,80.2278213501,60816,60887,71
12.9007501602,80.2278366089,61696,61766,70
12.9485902786,80.2405166626,62595,62636,41
12.9633598328,80.2465667725,62878,62939,61
13.0259399414,80.2308883667,64629,64680,51
13.0331201553,80.2304763794,64923,64993,70
13.0344800949,80.2302932739,65034,65094,60
13.0348901749,80.2300872803,65105,65175,70
13.0340900421,80.2303771973,66500,66591,91
13.0312595367,80.2306976318,66662,66712,50
13.026889801,80.2329101563,66864,66935,71
13.0222997665,80.2265396118,67238,67278,40
13.0144395828,80.2261123657,67642,67683,41
13.0082998276,80.2331924438,67844,67875,31
13.0069303513,80.2400665283,68016,68208,192
13.0067300797,80.2463378906,68320,68360,40
12.9908895493,80.2506027222,68643,68704,61
12.9651203156,80.2473297119,69138,69169,31
12.902130127,80.2280426025,70454,70494,40
12.892539978,80.2273864746,70706,70777,71
12.7868003845,80.2205505371,72152,72203,51
12.7845897675,80.2195663452,72284,72334,50
12.8309001923,80.2294311523,75482,75533,51
12.8374996185,80.228187561,75664,75695,31
12.8379802704,80.2281036377,75735,75796,61
12.8383598328,80.2280197144,75796,75836,40
12.8394098282,80.2277526855,75897,75957,60
12.8532400131,80.2266387939,76210,76362,152
12.9007701874,80.2279205322,76948,77059,111
12.9054899216,80.2281799316,77231,77282,51
12.9633903503,80.2466812134,78202,78262,60
12.9798498154,80.2526702881,78465,78535,70
12.9854602814,80.2519302368,78636,78808,172
12.9876203537,80.2513580322,78899,78990,91
12.9867801666,80.2587738037,79182,79213,31
12.9865598679,80.2593994141,83484,83575,91
13.014169693,80.2256774902,19821,19892,71
13.0142602921,80.2258911133,23355,23415,60
13.0068998337,80.2400970459,24347,24418,71
13.0067100525,80.2473297119,24519,24560,41
12.9072399139,80.2284011841,26007,26048,41
12.9012002945,80.2280426025,26129,26200,71
12.8408098221,80.227432251,27030,27080,50
12.839099884,80.2278823853,28515,28566,51
12.9007196426,80.2278366089,29315,29355,40
12.9060602188,80.2281494141,29477,29528,51
12.9633197784,80.2465591431,30499,30540,41
13.015250206,80.2248764038,31957,31988,31
13.0197095871,80.2245178223,32069,32109,40
13.0243396759,80.2285232544,33061,33101,40
13.0073099136,80.2381591797,33739,33830,91
13.0066604614,80.2440032959,33982,34023,41
13.0066995621,80.2444000244,34023,34063,40
13.0067596436,80.2472991943,34114,34184,70
12.9564399719,80.243637085,35632,35673,41
12.9504404068,80.2412261963,35784,35895,111
12.907959938,80.2284317017,36543,36735,192
12.8610200882,80.226600647,37485,37636,151
12.850060463,80.2266235352,37778,37809,31
12.8417701721,80.2272033691,38021,38082,61
12.8413600922,80.2272796631,38092,38143,51
12.840760231,80.227432251,38203,38254,51
12.8403100967,80.2275466919,38264,38305,41
12.8323202133,80.2291030884,38436,38467,31
12.7867698669,80.2205581665,39023,39054,31
12.987159729,80.2515106201,42769,42951,182
13.0242395401,80.2283706665,43872,43903,31
13.0066299438,80.245300293,44925,44966,41
12.9903402328,80.250541687,45342,45373,31
12.9884004593,80.2512893677,45412,45565,153
12.9568300247,80.2436218262,46031,46122,91
12.9488401413,80.2406005859,50407,50447,40
12.9563503265,80.243347168,50599,50640,41
12.963259697,80.2465515137,50782,50832,50
12.9861803055,80.251739502,51176,51207,31
12.986410141,80.2516403198,51217,51298,81
13.0148200989,80.2259902954,52473,52524,51
13.0142097473,80.2255401611,52828,52979,151
13.0142202377,80.2261962891,52990,53040,50
13.0243701935,80.2283630371,53405,53455,50
13.0231895447,80.227432251,53506,53637,131
12.9880104065,80.2513885498,54245,54366,121
12.9565601349,80.2437210083,54741,54791,50
12.9070796967,80.2283325195,55419,55460,41
12.8245401382,80.2160568237,56836,56867,31
12.9059801102,80.2282714844,58304,58365,61
12.9560203552,80.2433395386,59104,59185,81
12.9861097336,80.2518081665,59653,59794,141
12.9968004227,80.2490997314,59956,59997,41
13.0242700577,80.2283782959,61232,61364,132
12.9885597229,80.2512512207,62568,62761,193
12.9569396973,80.2438735962,63297,63328,31
12.9566497803,80.243812561,63338,63388,50
12.9012203217,80.2280578613,64279,64411,132
12.7869195938,80.2206573486,65939,65970,31
12.8313703537,80.229347229,67671,67711,40
12.8921203613,80.2274017334,68737,68858,121
12.9049596786,80.2281799316,69091,69182,91
12.9633197784,80.2466278076,70104,70144,40
12.9791898727,80.2526397705,70377,70417,40
13.0243501663,80.2284927368,72533,72564,31
13.0230998993,80.2274627686,72979,73080,101
13.006649971,80.2470092773,73667,73718,51
12.9887399673,80.2512283325,74015,74126,111
12.9070301056,80.2283782959,75371,75412,41
12.9012403488,80.2280807495,75493,75665,172
12.9048404694,80.2281265259,78429,78510,81
12.9056501389,80.2282104492,78570,78631,61
12.9798297882,80.2526473999,79603,79654,51
12.9850301743,80.2520675659,79765,79816,51
12.9858102798,80.2518463135,79846,79927,81
12.9869298935,80.2515335083,79968,80059,91
13.0243902206,80.2284164429,80838,80889,51
13.0141801834,80.2254104614,81092,81163,71
12.9870595932,80.2584991455,1343,1414,71
12.9870996475,80.2586898804,3882,3993,111
12.9870195389,80.2586135864,4873,4974,101
12.9871301651,80.2584686279,13550,13641,91
12.987159729,80.258682251,13641,13701,60
12.987159729,80.2585601807,16998,17089,91
12.987159729,80.2585372925,17089,17221,132
12.9871797562,80.2584762573,17686,17727,41
12.9871702194,80.2584991455,17727,17797,70
12.9872102737,80.2584609985,18788,18819,31
12.9872999191,80.2585830688,19668,19719,51
12.9874801636,80.2574920654,20801,20872,71
12.9876003265,80.2574081421,21256,21306,50
12.987830162,80.2573776245,21580,21671,91
12.9874696732,80.2574768066,22055,22116,61
12.9007101059,80.2278366089,26605,26747,142
12.989569664,80.2509002686,28081,28112,31
13.0195598602,80.2243881226,28799,28830,31
13.0221796036,80.2261581421,29345,29477,132
13.0243396759,80.2283935547,29841,29972,131
13.0235099792,80.2277908325,30003,30114,111
13.0231895447,80.2275085449,30114,30266,152
13.0090398788,80.2295227051,30559,30620,61
13.0089998245,80.2296600342,30620,30751,131
13.0069503784,80.2401428223,30933,30984,51
13.0067396164,80.2452163696,31115,31166,51
12.9979600906,80.2489395142,31348,31398,50
12.9911203384,80.2506484985,31469,31509,40
12.9805002213,80.2527694702,31712,31762,50
12.9134397507,80.2292785645,32844,32895,51
12.9072904587,80.2284088135,32986,33026,40
12.898900032,80.227897644,33198,33259,61
12.8456296921,80.2266464233,33966,34007,41
12.8314800262,80.2284927368,34229,34320,91
12.8274002075,80.2194824219,34543,34594,51
12.8392496109,80.2277603149,36346,36416,70
12.8764600754,80.226852417,36760,36841,81
12.9006299973,80.2277984619,37074,37225,151
12.9486398697,80.2404632568,37872,37994,122
12.9561300278,80.2432937622,38125,38196,71
12.9873895645,80.251373291,38985,39147,162
12.9911203384,80.2506637573,41614,41664,50
12.9565401077,80.2437973022,42392,42473,81
12.9074802399,80.2283935547,43029,43110,81
12.8727798462,80.2267608643,43676,43848,172
12.8667697906,80.2265777588,43929,44101,172
12.9059801102,80.2282104492,44627,44667,40
12.9562501907,80.2433166504,45213,45244,31
12.9633903503,80.2466506958,45355,45415,60
12.9796600342,80.2526016235,45618,45658,40
12.9866199493,80.2585067749,46528,46588,60
12.9869699478,80.2585983276,51554,51604,50
12.9875497818,80.2562179565,51685,51725,40
12.9878196716,80.2517166138,51816,51857,41
12.9565200806,80.2437133789,52242,52313,71
12.9012002945,80.2280426025,52950,53031,81
12.7866897583,80.2205123901,54193,54234,41
12.7861795425,80.2214813232,54295,54355,60
12.7862997055,80.2218322754,54355,54406,51
12.7864398956,80.2204971313,54830,54861,31
12.9050703049,80.2280731201,56216,56276,60
12.9060697556,80.2281112671,56297,56347,50
12.9818696976,80.2525634766,57227,57318,91
12.9830999374,80.2524871826,57378,57459,81
13.0194997787,80.2243423462,58379,58410,31
13.0067501068,80.2473983765,59644,59695,51
12.9882297516,80.2514190674,59877,60029,152
12.9068098068,80.2283477783,60928,60989,61
12.9010801315,80.2280502319,61050,61121,71
12.8274698257,80.2194671631,62274,62305,31
12.8276996613,80.2194290161,62305,62345,40
12.8393201828,80.2276306152,62618,62658,40
12.900179863,80.2278213501,63417,63457,40
12.9055700302,80.2281417847,63579,63629,50
12.9588603973,80.244468689,64377,64408,31
12.9590196609,80.2445678711,64418,64489,71
12.9633703232,80.2466201782,64549,64620,71
12.9894599915,80.2509384155,65348,65399,51
13.0065202713,80.2426605225,65793,65894,101
13.0065097809,80.2414703369,65945,66046,101
13.0117902756,80.222038269,66369,66561,192
13.0195302963,80.2244110107,66764,66814,50
13.0235204697,80.2277984619,67016,67198,182
13.022359848,80.2267227173,67239,67279,40
13.0070896149,80.2393875122,67876,67937,61
12.990480423,80.2508163452,68280,68331,51
12.9565200806,80.2436904907,69150,69190,40
12.9010696411,80.2280883789,70080,70233,153
12.7878904343,80.2210464478,71518,71558,40
12.8307695389,80.2294616699,72661,72711,50
12.8314504623,80.2292098999,72731,72802,71
12.8315200806,80.2291717529,72802,72863,61
12.900639534,80.2279281616,73985,74097,112
12.9061002731,80.2282104492,74198,74268,70
12.9867401123,80.2516708374,75411,75451,40
12.9872598648,80.2586364746,75664,75724,60
12.9868602753,80.2596282959,18890,18991,101
12.7862596512,80.2218322754,24772,24812,40
12.7862195969,80.2224197388,26735,26857,122
12.7862997055,80.2218399048,28071,28102,31
12.8316602707,80.2292022705,28820,28861,41
12.8388595581,80.2278671265,28932,29073,141
12.8392095566,80.2277984619,29073,29174,101
12.8924198151,80.2273635864,29812,29852,40
12.9002504349,80.2278518677,29933,29964,31
12.9049596786,80.2281417847,30095,30156,61
12.9061203003,80.2282180786,30196,30277,81
12.9143400192,80.2293319702,30379,30419,40
12.9471998215,80.239982605,30864,30895,31
12.9562702179,80.2434005737,31097,31158,61
12.9666004181,80.2478637695,31370,31401,31
12.9836502075,80.252456665,31633,31724,91
13.0067396164,80.2404174805,32160,32210,50
13.014289856,80.2247924805,32504,32544,40
13.0146999359,80.2250366211,32564,32676,112
13.0149803162,80.2252578735,32676,32807,131
13.0242300034,80.2283096313,33060,33101,41
13.0144195557,80.2262268066,33839,33870,31
13.0087795258,80.2304534912,33961,34022,61
13.0082302094,80.2335662842,34123,34163,40
13.0078001022,80.2355575562,34196,34246,50
13.0072002411,80.2386169434,34337,34378,41
13.0071697235,80.2389831543,34378,34499,121
12.9910202026,80.2506408691,34955,35086,131
12.9809598923,80.2527313232,35329,35410,81
12.9653701782,80.2473983765,35622,35664,42
12.9566898346,80.2436523438,35846,35937,91
12.9131202698,80.2292175293,36584,36615,31
12.908829689,80.2285995483,36676,36757,81
12.8994398117,80.2278671265,36939,36979,40
12.8460998535,80.2265625,37738,37769,31
12.8416500092,80.2271194458,37900,37951,51
12.8413496017,80.2272109985,37961,38001,40
12.8409795761,80.2273406982,38011,38062,51
12.8404197693,80.2274932861,38072,38173,101
12.8399000168,80.2276382446,38183,38214,31
12.8315401077,80.2287368774,38335,38396,61
12.8274698257,80.2194824219,38608,38659,51
12.8244199753,80.2159729004,38841,39003,162
12.8244104385,80.216003418,39560,39691,131
12.8316898346,80.2288894653,40015,40055,40
12.9486398697,80.2405319214,41411,41502,91
12.9835796356,80.2524490356,41988,42059,71
12.983710289,80.2524337769,42069,42119,50
13.014840126,80.2249984741,42878,42949,71
13.0151596069,80.2252426147,42959,43040,81
13.0195903778,80.2244491577,43111,43142,31
13.0243997574,80.2285690308,43273,43405,132
13.0234298706,80.2274703979,43789,43921,132
13.0071697235,80.2385025024,44396,44437,41
13.0069103241,80.2399902344,44467,44548,81
13.0066699982,80.2430725098,44649,44680,31
12.9905996323,80.2507171631,45054,45095,41
12.9882802963,80.2512817383,45135,45317,182
12.9568395615,80.2437820435,45803,45934,131
12.9564800262,80.2436523438,45934,45965,31
12.8996696472,80.2278594971,46784,46825,41
12.8397598267,80.2276229858,47472,47523,51
12.800860405,80.2235717773,47967,48009,42
12.7870502472,80.2206573486,48261,48322,61
12.7861995697,80.2210464478,49152,49203,51
12.7861404419,80.2207183838,49203,49243,40
12.953619957,80.2423171997,51832,51864,32
12.9796199799,80.2526092529,52248,52290,42
12.9877996445,80.2515869141,56297,56469,172
13.024430275,80.2285919189,57390,57461,71
13.0235500336,80.2278213501,57522,57562,40
13.0069599152,80.2400665283,58402,58443,41
13.006770134,80.2468566895,58554,58615,61
12.9904298782,80.2507781982,58918,58959,41
12.9565095901,80.2437362671,59778,59859,81
12.906999588,80.2283172607,60487,60558,71
12.9012098312,80.2279968262,60628,60679,51
12.8993196487,80.2278900146,60709,60740,31
12.8318099976,80.2291870117,61397,61468,71
12.8226804733,80.2192230225,62885,62956,71
12.8252696991,80.2194900513,62996,63057,61
12.8272304535,80.2195205688,63108,63199,91
12.8312397003,80.2206115723,63280,63421,141
12.8311300278,80.2205429077,63421,63452,31
12.8317098618,80.2290725708,63604,63654,50
12.8392000198,80.2278518677,63755,63826,71
12.8762102127,80.2269515991,64373,64433,60
12.9062099457,80.2282485962,64919,65000,81
12.9664001465,80.247833252,66032,66063,31
12.9794597626,80.2526626587,66245,66295,50
12.9857702255,80.2519226074,66895,67087,192
13.0055904388,80.247177124,67431,67471,40
13.0058002472,80.2471466064,67481,67522,41
13.0061702728,80.246963501,67522,67562,40
13.0074100494,80.2369918823,67876,67907,31
13.0196695328,80.2245407104,68332,68382,50
13.024310112,80.2284393311,68504,68585,81
13.023440361,80.2278137207,68635,68797,162
13.0170297623,80.2252426147,69182,69232,50
13.0082798004,80.2333374023,69465,69505,40
13.0066404343,80.2433319092,69728,69769,41
13.0066900253,80.24609375,69850,69890,40
12.9801902771,80.2528610229,70598,70639,41
12.9642000198,80.2470703125,70912,70973,61
12.956580162,80.2438201904,71125,71195,70
12.8924999237,80.2274475098,72248,72309,61
12.8452596664,80.2266693115,73108,73230,122
12.8317699432,80.2292327881,73421,73584,163
12.822640419,80.2193374634,74403,74434,31
12.8269395828,80.2194595337,74535,74586,51
12.8273096085,80.2194900513,74586,74697,111
12.8316001892,80.228843689,74889,74940,51
12.8386096954,80.2280197144,75092,75142,50
12.8389902115,80.2278900146,75142,75173,31
12.8394002914,80.227722168,75183,75243,60
12.8453502655,80.2266387939,75334,75365,31
12.8655595779,80.2266235352,75709,75790,81
12.9049501419,80.2282333374,76468,76539,71
12.9063596725,80.2282714844,76599,76680,81
12.9875402451,80.2514266968,77844,77945,101
12.9877004623,80.2555999756,78036,78128,92
12.9866504669,80.2596588135,2535,2718,183
12.9866399765,80.2598495483,6800,6993,193
12.9867401123,80.2596435547,18395,18496,101
12.9007196426,80.2278671265,23519,23560,41
13.0233898163,80.2274932861,25990,26142,152
12.9883003235,80.2513809204,27002,27053,51
12.827580452,80.2194976807,29483,29523,40
12.8924303055,80.2273712158,32371,32432,61
12.9060401917,80.2281799316,32665,32736,71
12.9487600327,80.2405700684,33353,33525,172
12.9561595917,80.243270874,33697,33768,71
13.0226097107,80.2267379761,35816,35847,31
13.0228204727,80.2269515991,35847,35887,40
13.0241003036,80.2281417847,35928,35988,60
13.0244102478,80.2284622192,35999,36080,81
13.0234498978,80.2276763916,36110,36150,40
13.0082597733,80.2334899902,37031,37082,51
13.0080900192,80.23412323,37102,37133,31
13.0071601868,80.2390365601,37213,37264,51
13.0067300797,80.2438964844,37416,37456,40
13.0066604614,80.2447128296,37507,37548,41
12.989689827,80.250869751,37841,37983,142
12.9674797058,80.2484283447,38479,38530,51
12.9671697617,80.248260498,38540,38580,40
12.9667196274,80.2480392456,38600,38671,71
12.9649496078,80.2473602295,38793,38934,141
12.964630127,80.247177124,38934,38965,31
12.9069299698,80.2283401489,39765,39825,60
12.9011697769,80.2280426025,39896,39987,91
12.786450386,80.220413208,42125,42156,31
12.9064702988,80.2282562256,43573,43613,40
12.9562196732,80.243309021,44282,44352,70
12.9874601364,80.2513580322,44808,44909,101
13.0234804153,80.2277679443,45831,45972,141
13.023440361,80.2275390625,45972,46053,81
13.0068998337,80.2401428223,46489,46559,70
13.0067195892,80.2457275391,46701,46762,61
12.9891004562,80.2510528564,47025,47076,51
12.9568796158,80.2438201904,47511,47582,71
12.8398199081,80.2276687622,48949,48989,40
12.9062004089,80.2281570435,52686,52727,41
12.9633598328,80.2465133667,53537,53577,40
12.9874095917,80.2513580322,53901,54002,101
13.0197095871,80.2244567871,54660,54691,31
13.024310112,80.2283630371,54772,54812,40
12.9883298874,80.251411438,56635,56746,111
12.9801502228,80.2527999878,56857,56888,31
12.8273696899,80.2195129395,60340,60390,50
12.8277101517,80.2194900513,60390,60502,112
12.8392295837,80.2277603149,60795,60856,61
12.9006204605,80.2279205322,61546,61616,70
12.9798002243,80.2526626587,62841,62912,71
13.0242595673,80.2283096313,64016,64066,50
13.0234098434,80.2277069092,64107,64249,142
13.0233097076,80.2275009155,64563,64735,172
13.0072402954,80.2384872437,65190,65241,51
13.006310463,80.2473602295,65484,65535,51
12.9565696716,80.243522644,66692,66752,60
12.9498195648,80.2410125732,66904,66935,31
12.9490995407,80.2407836914,66955,67006,51
12.907500267,80.2283172607,67562,67755,193
12.9016599655,80.2279510498,67846,67886,40
12.8323802948,80.2290267944,68767,68798,31
12.7877998352,80.2209396362,69405,69456,51
12.7861404419,80.2203903198,70114,70205,91
12.8309803009,80.2293395996,70792,70833,41
12.8393001556,80.2276382446,71227,71288,61
12.8575000763,80.2261581421,71612,71673,61
12.8921804428,80.2273406982,72149,72230,81
12.9001598358,80.2278366089,72331,72382,51
12.9056501389,80.2281112671,72503,72564,61
12.9488201141,80.2405700684,73192,73262,70
12.9563999176,80.2433395386,73394,73445,51
12.9634103775,80.24659729,73546,73617,71
12.9797801971,80.2526321411,73853,73913,60
12.9844903946,80.2522583008,73964,74005,41
12.9872903824,80.2515029907,74055,74197,142
12.9868097305,80.2586288452,74410,74592,182
12.9867200851,80.2585372925,74592,74774,182
12.9868803024,80.2585296631,74794,74855,61
13.0759000778,80.2761230469,21181,21241,60
13.0815000534,80.2751464844,21332,21373,41
12.8316602707,80.2292098999,27319,27350,31
12.8392000198,80.2278594971,27431,27492,61
12.9005203247,80.2278671265,28130,28221,91
12.9334201813,80.232673645,28687,28727,40
12.9481201172,80.2403411865,28970,29021,51
12.9563102722,80.2434234619,29244,29284,40
12.9633798599,80.2467422485,29396,29456,60
12.9859399796,80.2518386841,29770,29892,122
13.0225601196,80.2266998291,30793,30834,41
13.0816402435,80.2757415771,33548,33629,81
13.0712299347,80.2744598389,34340,34381,41
13.031539917,80.2409515381,35476,35526,50
13.0269098282,80.2336807251,35648,35729,81
13.0082798004,80.2334365845,36195,36235,40
13.007349968,80.2379684448,36387,36428,41
13.0070400238,80.2395782471,36458,36559,101
13.0071201324,80.2397003174,36559,36620,61
12.9899101257,80.2506484985,37207,37268,61
12.9662799835,80.2477416992,37704,37744,40
12.9654998779,80.247428894,37805,37947,142
12.96434021,80.2470932007,38007,38038,31
12.9639196396,80.2469482422,38048,38099,51
12.9566402435,80.2437591553,38210,38301,91
12.906999588,80.2283401489,38959,39071,112
12.7891101837,80.2214813232,40630,40681,51
12.7885303497,80.2212905884,40701,40732,31
12.787779808,80.2209777832,40772,40813,41
12.7866201401,80.2205200195,40853,40914,61
12.7258796692,80.1881637573,41532,41592,60
12.7861003876,80.2202529907,43375,43416,41
12.9057102203,80.228187561,44823,44864,41
13.0073795319,80.2369918823,46424,46455,31
13.0387201309,80.2467803955,47488,47528,40
13.071269989,80.2742919922,48511,48561,50
13.0819101334,80.2752914429,48744,48815,71
13.0824098587,80.2785873413,48936,48977,41
13.0813398361,80.2751464844,50780,50830,50
13.081990242,80.2754211426,50861,50952,91
13.08273983,80.2780990601,51013,51053,40
13.0830898285,80.2780303955,51053,51114,61
13.0738801956,80.2764587402,51408,51448,40
13.0315198898,80.2408599854,52646,52707,61
13.0235204697,80.2277069092,52990,53021,31
13.0069599152,80.2396392822,53466,53497,31
12.9885702133,80.2512435913,53861,53932,71
12.9564800262,80.2436294556,54439,54499,60
12.7863397598,80.2203903198,56646,56677,31
12.7862501144,80.2213363647,56717,56768,51
12.7861700058,80.2205963135,58328,58399,71
12.7864904404,80.220413208,58399,58449,50
12.7893600464,80.221572876,58500,58551,51
12.8316202164,80.2292633057,59159,59200,41
12.8392496109,80.2277679443,59291,59372,81
12.8562002182,80.2263565063,59574,59605,31
12.8767404556,80.2268981934,59878,59909,31
12.9047803879,80.2281799316,60283,60344,61
12.906370163,80.2282485962,60415,60456,41
12.9510803223,80.2414016724,61104,61144,40
12.9562797546,80.2434082031,61225,61266,41
12.9795598984,80.2526397705,61630,61671,41
12.9876298904,80.2513809204,61813,61975,162
13.0246801376,80.2289199829,62947,62987,40
13.0259199142,80.2309570313,63029,63069,40
13.0351400375,80.2459793091,63383,63464,81
13.0664100647,80.2683410645,64173,64214,41
13.0714197159,80.2742614746,64356,64416,60
13.080739975,80.2752304077,64558,64609,51
13.0818996429,80.2752609253,64649,64720,71
13.0818395615,80.2761077881,65754,65799,45
13.0738201141,80.2764434814,66188,66239,51
13.0718002319,80.2746887207,66289,66340,51
13.0655498505,80.2677230835,66542,66573,31
13.0564699173,80.2574005127,66937,66988,51
13.0315799713,80.2411804199,67636,67707,71
13.0233697891,80.2276916504,67970,68011,41
13.0198602676,80.2248077393,68122,68153,31
13.0070800781,80.2394485474,68669,68801,132
13.0066900253,80.2455596924,68892,68943,51
12.9596204758,80.245010376,70067,70107,40
12.9565401077,80.2437973022,70168,70201,33
12.9070501328,80.2284164429,70879,70991,112
12.8990898132,80.2279205322,71163,71203,40
12.8924198151,80.2275009155,71284,71355,71
12.8609800339,80.2266769409,71710,71760,50
12.7864303589,80.220489502,72793,72905,112
12.7222499847,80.187538147,73988,74039,51
12.7219295502,80.1880493164,74059,74090,31
12.7222099304,80.1875,76096,76136,40
12.8313398361,80.2292709351,77789,77900,111
12.8394203186,80.2277679443,78032,78083,51
12.9007997513,80.2278671265,78812,78903,91
12.9562501907,80.243347168,79784,79815,31
12.9835996628,80.2524490356,80240,80311,71
12.9846496582,80.2521820068,80361,80412,51
12.9855298996,80.2519226074,80473,80513,40
12.986700058,80.2516021729,80584,80665,81
13.0142498016,80.2253265381,1774,1895,121
13.0142402649,80.2253570557,1895,1956,61
13.0142698288,80.2253799438,10063,10215,152
13.0141897202,80.2254180908,11452,11533,81
13.0143098831,80.2252807617,14491,14593,102
13.0143404007,80.2253570557,16467,16579,112
13.0143003464,80.2253570557,16579,16650,71
13.0143404007,80.2253265381,17349,17450,101
13.0143699646,80.2253265381,17450,17491,41
13.0143499374,80.2254180908,17491,17643,152
13.0142297745,80.2254333496,17643,17754,111
13.0143098831,80.2253570557,19882,20034,152
13.0243501663,80.2283401489,24229,24260,31
12.9886598587,80.2512893677,25070,25111,41
12.9082202911,80.2286224365,26215,26256,41
12.8409099579,80.2274169922,27279,27330,51
12.8405303955,80.2275466919,27340,27371,31
12.8402500153,80.2276229858,27371,27452,81
12.8245201111,80.2158203125,27938,27989,51
12.8389596939,80.2277832031,30504,30615,111
12.8998298645,80.2277297974,31365,31446,81
12.9559602737,80.2432098389,32510,32561,51
12.9795198441,80.2525634766,33007,33047,40
12.9838399887,80.2522964478,33118,33290,172
13.0066204071,80.2408218384,33858,33908,50
13.0196399689,80.2244033813,34435,34466,31
13.0224304199,80.2265090942,34618,34658,40
13.0231895447,80.2273330688,34709,34749,40
13.0232400894,80.2274169922,34861,34952,91
13.0083198547,80.2334289551,35306,35368,62
12.9907197952,80.2507629395,36087,36188,101
12.9811201096,80.2527389526,36351,36411,60
12.9638299942,80.2469406128,36685,36726,41
12.9572896957,80.2440032959,36847,36908,61
12.9566802979,80.2438583374,36928,36969,41
12.908539772,80.2286376953,37739,37840,101
12.8415403366,80.2272720337,38833,38864,31
12.8410196304,80.2274398804,38904,38935,31
12.8399400711,80.2277603149,39006,39046,40
12.7863101959,80.2218322754,39857,39917,60
12.7861700058,80.2210388184,40444,40475,31
12.7861404419,80.2204666138,40495,40536,41
12.831489563,80.2291870117,41113,41144,31
12.8391103745,80.2277679443,41265,41336,71
12.9007301331,80.2278289795,42096,42228,132
12.9488201141,80.2405090332,42846,42897,51
12.9794397354,80.2525482178,43383,43414,31
12.9868602753,80.2515716553,43525,43626,101
13.0242595673,80.2282714844,44467,44569,102
13.0068998337,80.2399673462,45410,45470,60
13.0066404343,80.2444610596,45541,45592,51
13.0066204071,80.2448577881,45592,45663,71
12.9887800217,80.2512893677,45967,46079,112
12.988530159,80.2511367798,46079,46119,40
12.9565200806,80.2437362671,46616,46697,81
12.906999588,80.2284622192,47335,47376,41
12.9013395309,80.2280578613,47446,47497,51
12.8397397995,80.227722168,48176,48217,41
12.8315601349,80.2288589478,48318,48369,51
12.824760437,80.2159423828,48795,48928,133
12.8274803162,80.2193603516,49354,49385,31
12.9063196182,80.2281036377,50591,50641,50
12.9868202209,80.2515411377,51777,51889,112
13.0195102692,80.2244033813,52700,52750,50
13.0243597031,80.2284011841,52872,52912,40
13.0154600143,80.2257537842,53135,53166,31
13.0142602921,80.2259216309,53541,53662,121
13.0235004425,80.227722168,54139,54230,91
13.0230798721,80.2273635864,54250,54422,172
12.9883804321,80.251449585,55131,55162,31
12.9882202148,80.2513809204,55162,55223,61
12.9071903229,80.2284393311,56175,56216,41
12.8318195343,80.2292480469,57057,57097,40
12.8276796341,80.2194137573,58557,58589,32
12.9007797241,80.2278366089,59714,59835,121
12.9056501389,80.2280426025,59967,60028,61
12.9510602951,80.2413101196,60676,60727,51
13.011300087,80.2233886719,62034,62065,31
13.0156002045,80.2250289917,62166,62206,40
13.0194797516,80.2243423462,62257,62298,41
13.0067100525,80.2459182739,63767,63808,41
12.9078998566,80.2285385132,65703,65885,182
12.7876396179,80.220993042,67506,67537,31
12.7861099243,80.2218933105,69046,69209,163
12.7861204147,80.2205429077,69269,69310,41
12.79708004,80.2231063843,69492,69665,173
12.8306598663,80.2295227051,70070,70121,51
12.8313503265,80.2292633057,70141,70202,61
12.8765802383,80.2268829346,71084,71115,31
12.9797401428,80.2526092529,72837,72908,71
12.9846601486,80.2521209717,72979,73141,162
13.0194301605,80.224357605,73982,74033,51
13.0231399536,80.2274093628,74509,74550,41
13.0069303513,80.2402496338,74934,74965,31
13.0067100525,80.2473526001,75067,75117,50
12.906920433,80.2283782959,76556,76607,51
12.9013700485,80.2280502319,76678,76769,91
12.7862300873,80.2218017578,78188,78228,40
12.7862901688,80.2220001221,78238,78350,112
12.7861700058,80.220451355,78390,78431,41
12.9007101059,80.2278518677,79616,79708,92
12.9838399887,80.2523574829,80893,80924,31
12.9845504761,80.2521820068,80974,81015,41
12.9854001999,80.2519378662,81035,81147,112
12.9865102768,80.251663208,81228,81268,40
13.0141296387,80.2257003784,82221,82322,101
12.9342498779,80.2330093384,307,348,41
12.9871101379,80.2595977783,1106,1147,41
12.9013299942,80.2206573486,3270,3301,31
12.9872903824,80.2585601807,8361,8421,60
12.9873600006,80.2583312988,8432,8502,70
12.9874000549,80.2580413818,8512,8573,61
12.9875297546,80.2580032349,8583,8684,101
12.927280426,80.1183166504,13336,13427,91
12.9206199646,80.1853408813,14428,14468,40
12.956410408,80.2433624268,15813,15854,41
12.9872903824,80.2585983276,16319,16369,50
12.9977197647,80.2568893433,16572,16663,91
12.9975700378,80.2570419312,16673,16845,172
12.997209549,80.2570266724,19484,19656,172
12.9975996017,80.2565002441,19686,19747,61
12.997710228,80.2562332153,19747,19838,91
13.0244598389,80.2284927368,20535,20576,41
13.0068998337,80.2401580811,21081,21122,41
12.9879703522,80.2513885498,21445,21506,61
12.8394804001,80.2277526855,26592,26623,31
12.9561395645,80.2433319092,28129,28180,51
12.9635295868,80.246673584,28311,28372,61
13.0111999512,80.2238006592,29221,29252,31
13.0234203339,80.2276916504,30758,30799,41
13.0231800079,80.2273712158,30799,30920,121
13.0145797729,80.2262191772,31112,31163,51
13.0068902969,80.2401275635,31466,31547,81
12.9565401077,80.2437133789,32861,32892,31
12.9230098724,80.2306671143,33488,33610,122
12.9071702957,80.2283630371,33802,33913,111
12.9015598297,80.2280426025,33994,34034,40
12.8451795578,80.2266464233,34742,34783,41
12.8275699615,80.2194824219,35167,35207,40
12.8259296417,80.2168426514,35470,35541,71
12.8921098709,80.2272796631,36533,36624,91
12.9040203094,80.2280426025,36806,36867,61
12.9482297897,80.2403717041,37524,37595,71
12.9561195374,80.243347168,37736,37827,91
12.979470253,80.252571106,38232,38424,192
12.9828395844,80.2525100708,38474,38586,112
13.0066604614,80.2405471802,39273,39334,61
13.019490242,80.224319458,39708,39769,61
13.0244102478,80.2285003662,40031,40122,91
12.9072999954,80.2284317017,42721,42782,61
12.9017496109,80.2280578613,42933,43075,142
12.786860466,80.2205963135,44389,44420,31
12.7863903046,80.2203903198,44430,44511,81
12.9006500244,80.2278518677,46331,46412,81
12.906419754,80.2281417847,46513,46553,40
12.9562997818,80.2432632446,47210,47241,31
12.9840698242,80.2522888184,47625,47706,81
12.9855098724,80.2518768311,47746,47807,61
12.9859895706,80.2517623901,47827,47858,31
12.9873600006,80.2514038086,47888,47959,71
13.0154800415,80.2250289917,48727,48758,31
13.024189949,80.2281417847,49819,49860,41
12.9068899155,80.2282791138,52084,52125,41
12.8273000717,80.2193527222,55351,55432,81
12.9056596756,80.2281112671,56504,56554,50
12.9063501358,80.2282791138,56584,56635,51
12.9843101501,80.2522735596,57808,57889,81
12.9874000549,80.2514572144,57960,58142,182
13.0243902206,80.2284698486,59021,59072,51
13.0235795975,80.2279205322,59112,59173,61
13.006939888,80.240020752,59638,59679,41
12.9566202164,80.2435684204,60558,60629,71
12.9069299698,80.2283401489,61256,61307,51
12.7870798111,80.2207107544,62732,62783,51
12.7868099213,80.2206115723,62783,62823,40
12.839389801,80.2276535034,64856,64926,70
12.9778203964,80.2518386841,67262,67293,31
12.9793996811,80.2526321411,67363,67434,71
12.9802598953,80.2526702881,67464,67576,112
12.9818296432,80.2526397705,67616,67788,172
12.9857597351,80.2519073486,67869,68051,182
13.0057201385,80.2471389771,68364,68435,71
13.006070137,80.2469863892,68435,68486,51
13.006360054,80.2467422485,68486,68526,40
13.0065402985,80.245880127,68567,68607,40
13.0065898895,80.2413482666,68728,68789,61
13.0066003799,80.2409820557,68799,68830,31
13.0194101334,80.2243881226,69416,69467,51
13.0243501663,80.2285079956,69659,69790,131
13.0078802109,80.235168457,70346,70377,31
13.0075998306,80.2366485596,70427,70468,41
13.007229805,80.2385025024,70498,70650,152
13.0070896149,80.2386474609,70650,70761,111
13.0068998337,80.2399597168,70791,70933,142
13.0066604614,80.2444992065,71034,71074,40
13.0066604614,80.2449111938,71074,71125,51
12.98939991,80.2510375977,71398,71590,192
12.9493398666,80.2410125732,72359,72399,40
12.8994197845,80.2279205322,73107,73147,40
12.8258695602,80.217628479,74199,74290,91
12.8271198273,80.2194366455,74533,74573,40
12.8311300278,80.2231369019,74765,74846,81
12.8382301331,80.2280578613,75109,75149,40
12.8386096954,80.2279586792,75149,75190,41
12.83893013,80.2278671265,75190,75250,60
12.8392601013,80.2277679443,75261,75301,40
12.8653001785,80.2265777588,75736,75786,50
12.9053401947,80.2281570435,76464,76555,91
12.9061002731,80.2282028198,76605,76686,81
12.987739563,80.2548065186,77900,77950,50
12.9973096848,80.2572174072,79730,79841,111
12.997469902,80.2572097778,80417,80508,91
12.9974899292,80.2571792603,81166,81307,141
13.0142297745,80.2258682251,20971,21042,71
12.9872903824,80.2514724731,26179,26219,40
13.0232496262,80.2275238037,27139,27170,31
12.9566001892,80.2437973022,28474,28505,31
12.9069404602,80.2284088135,29384,29465,81
12.9013004303,80.2280502319,29556,29597,41
12.898639679,80.2279205322,29657,29708,51
12.8452501297,80.2266693115,30436,30476,40
12.8274297714,80.2195205688,30931,30982,51
12.8391304016,80.2278289795,32964,33025,61
12.8921203613,80.2272796631,33672,33722,50
12.9006900787,80.2278900146,33824,33945,121
12.9477796555,80.2401885986,34734,34855,121
12.9562997818,80.2433166504,35057,35088,31
13.0216503143,80.2259902954,37070,37101,31
13.0232400894,80.2273635864,37232,37303,71
13.0243501663,80.2283935547,37333,37455,122
13.0230903625,80.2273788452,37536,37576,40
13.0229997635,80.2272262573,37576,37627,51
13.0067100525,80.2447967529,38314,38345,31
12.9910898209,80.2506637573,38607,38759,152
12.9694404602,80.2491378784,39315,39346,31
12.9673299789,80.2482833862,39487,39528,41
12.9668903351,80.2480926514,39538,39588,50
12.9639797211,80.2469482422,39730,39821,91
12.9569997787,80.243888855,39922,39973,51
12.9012699127,80.2280197144,40812,40862,50
12.8398103714,80.2277679443,41592,41623,31
12.7864398956,80.220489502,42250,42310,60
12.7861700058,80.2205963135,42684,42735,51
12.9008102417,80.2278518677,44100,44191,91
12.9562196732,80.243347168,45040,45081,41
12.9874200821,80.2513885498,45546,45687,141
13.0243997574,80.2284622192,47659,47700,41
13.0141096115,80.2255325317,47922,48074,152
13.0143499374,80.2252502441,48094,48215,121
13.0144701004,80.2249984741,48489,48630,141
13.0145998001,80.2256011963,49115,49146,31
13.0142803192,80.2259368896,49186,49277,91
13.023440361,80.2276992798,49742,49874,132
13.0231199265,80.2273406982,49884,49945,61
13.0069599152,80.2399597168,50349,50420,71
12.9565296173,80.2436828613,51289,51350,61
12.9073095322,80.2284011841,51987,52038,51
12.9017000198,80.2280197144,52119,52179,60
12.8397197723,80.2277069092,52907,52978,71
12.8272104263,80.2194213867,53868,53910,42
12.827340126,80.2193984985,53910,54092,182
12.9059095383,80.2281799316,55083,55114,31
12.9847803116,80.2520828247,56135,56246,111
12.9852399826,80.2519226074,56256,56287,31
12.9864797592,80.2516021729,56337,56418,81
13.0066795349,80.2404937744,56762,56802,40
13.023440361,80.2277374268,57409,57561,152
12.9881801605,80.2513504028,58349,58511,162
12.9566297531,80.2437133789,58986,59077,91
12.7867498398,80.2205963135,61142,61182,40
12.7862501144,80.2218475342,61324,61466,142
12.7862997055,80.2219696045,61476,61557,81
12.7862100601,80.2214126587,62639,62730,91
12.9002103806,80.2278671265,64206,64287,81
12.9055995941,80.2281799316,64408,64439,31
12.9842100143,80.2522964478,65733,65844,111
13.0065603256,80.243309021,66412,66574,162
13.0065898895,80.2429962158,66574,66645,71
13.0194396973,80.2244033813,67120,67151,31
13.0242204666,80.2283096313,67312,67363,51
13.0244197845,80.2286529541,67393,67464,71
13.0223903656,80.2267532349,67575,67616,41
12.9904899597,80.2508163452,68597,68698,101
12.9564399719,80.2437362671,69304,69335,31
12.9023399353,80.2280883789,70103,70265,162
12.8926095963,80.2274780273,70427,70477,50
12.7861404419,80.2206115723,72146,72186,40
12.8306503296,80.2295532227,72662,72712,50
12.8313798904,80.2292633057,72803,72874,71
12.8453302383,80.2265396118,73076,73117,41
12.8499097824,80.2265396118,73177,73208,31
12.8557195663,80.2263717651,73309,73440,131
12.9026098251,80.2280197144,73996,74027,31
12.9060201645,80.228187561,74077,74128,51
13.0064401627,80.2465209961,75543,75574,31
13.0195798874,80.2245025635,76120,76160,40
13.0141601563,80.2258071899,76474,76555,81
12.9869298935,80.2590408325,518,609,91
12.9866399765,80.2591094971,16623,16724,101
12.9868001938,80.2587585449,16724,16876,152
12.986869812,80.2587966919,16876,16997,121
12.9875497818,80.2571487427,20770,20932,162
12.9784202576,80.2524871826,21094,21135,41
12.9489498138,80.2406463623,24027,24058,31
12.9798402786,80.2526397705,24470,24501,31
13.0243301392,80.2283401489,25239,25290,51
13.0072498322,80.2381896973,25724,25779,55
12.9879198074,80.2513885498,26042,26143,101
12.9013996124,80.2280502319,27313,27404,91
12.8403100967,80.2276229858,28102,28133,31
12.8399400711,80.2277526855,28133,28173,40
12.7871599197,80.2206878662,28770,28831,61
12.7866697311,80.220451355,30783,30823,40
12.9486703873,80.2406234741,33139,33251,112
12.9559402466,80.2431869507,33392,33463,71
12.9563598633,80.2432937622,33493,33524,31
12.983499527,80.2524719238,33969,34009,40
13.0192098618,80.2242965698,34839,34890,51
13.0198202133,80.2246170044,34920,34951,31
13.0224895477,80.2266387939,35082,35122,40
13.0242099762,80.2282867432,35234,35274,40
13.0235004425,80.2276992798,35325,35507,182
13.0071201324,80.2389068604,36346,36387,41
13.0067396164,80.2423934937,36468,36569,101
12.9653100967,80.247428894,37651,37711,60
12.9649600983,80.2473678589,37722,37772,50
12.9646196365,80.2472076416,37782,37863,81
12.9642801285,80.2470703125,37863,37924,61
12.9565095901,80.2435073853,38035,38086,51
12.9013996124,80.2279815674,38844,38965,121
12.8320398331,80.2291412354,39734,39785,51
12.8315200806,80.2286987305,39825,39886,61
12.8277397156,80.2194824219,40068,40108,40
12.8391799927,80.2276992798,41344,41435,91
12.8987503052,80.2277984619,41971,42022,51
12.90625,80.2282333374,42244,42305,61
12.9486999512,80.2405700684,42851,42902,51
13.0066204071,80.2410888672,43731,43771,40
13.0235204697,80.2277984619,44307,44408,101
13.0066699982,80.2423477173,45035,45066,31
12.989159584,80.2509994507,45450,45582,132
12.9568395615,80.2437362671,45986,46027,41
12.9069595337,80.2283325195,46664,46714,50
12.8275403976,80.2194290161,47705,47736,31
12.8272895813,80.2194137573,50903,50953,50
12.9061603546,80.2281723022,52035,52076,41
12.963470459,80.2465896606,52796,52846,50
12.9868497849,80.2515487671,53140,53180,40
13.0243902206,80.2284927368,54050,54090,40
13.0231599808,80.2274398804,54141,54303,162
12.9883298874,80.2513198853,54940,55011,71
12.9015798569,80.2280273438,56115,56166,51
12.9007396698,80.2278594971,60231,60292,61
12.9057598114,80.2281799316,60403,60464,61
12.9795398712,80.2526321411,61495,61536,41
12.9850702286,80.2520675659,61607,61667,60
13.0066699982,80.2406768799,62052,62092,40
13.0073795319,80.2371673584,62143,62183,40
13.0194501877,80.224357605,62567,62608,41
13.0069198608,80.2400436401,64480,64561,81
12.9918498993,80.2504806519,64935,65056,121
12.9567804337,80.2438201904,65714,65775,61
12.9565496445,80.2437515259,65775,65825,50
12.9492301941,80.2409362793,65946,65977,31
12.9073600769,80.2284393311,66503,66675,172
12.8928203583,80.2274780273,66897,66928,31
12.8397903442,80.2277832031,67504,67595,91
12.8252096176,80.2160873413,68030,68141,111
12.8254098892,80.2195587158,68323,68363,40
12.8272600174,80.2195968628,68455,68547,92
12.8276395798,80.2194824219,68557,68607,50
12.8278999329,80.2194976807,68607,68658,51
12.8312196732,80.2203292847,68750,68821,71
12.8314800262,80.2280578613,68993,69064,71
12.8500099182,80.2266235352,69488,69519,31
12.8565998077,80.2263412476,69600,69670,70
12.9001598358,80.2279281616,70258,70349,91
12.9053602219,80.2282180786,70450,70491,41
12.9795103073,80.2526779175,71613,71664,51
12.9832401276,80.2525634766,71714,71886,172
13.0244197845,80.2285614014,73009,73060,51
13.0066795349,80.2474136353,73575,73636,61
12.9896202087,80.2510528564,73810,73852,42
12.9870595932,80.2596511841,74104,74135,31
12.986749649,80.2585983276,74185,74377,192
12.9868202209,80.2585525513,74377,74408,31
12.9875001907,80.2566680908,75692,75773,81
12.9988899231,80.2561416626,76097,76137,40
13.0236997604,80.2735671997,76704,76765,61
13.0326004028,80.2775115967,76967,77007,40
13.0887002945,80.2902832031,78871,78912,41
13.0241003036,80.2739868164,79782,79822,40
12.9986000061,80.2560195923,80348,80388,40
12.988530159,80.2559432983,80540,80581,41
12.9879102707,80.255821228,80601,80661,60
12.7866001129,80.2500534058,83154,83204,50
12.8614902496,80.2418823242,84863,84914,51
