latitude,longitude,Time_Start,Time_Stop,TimeTaken
12.98756981,80.25138855,23921,23973,52
12.98760033,80.2559433,25125,25176,51
12.97657013,80.22126007,25811,25884,73
12.98777008,80.25531006,26765,26823,58
12.98727036,80.25943756,26946,26977,31
13.03474998,80.2303009,29425,29477,52
13.03464031,80.2300415,29487,29598,111
13.03427982,80.22995758,30184,30244,60
13.0342598,80.23008728,30244,30408,164
13.03423023,80.2299118,30408,30560,152
13.03421974,80.2301178,30560,30692,132
13.03419018,80.22998047,30692,30783,91
13.02787971,80.23271179,31238,31278,40
13.02723026,80.23291779,31278,31313,35
13.0241003,80.2283783,31403,31436,33
13.00813961,80.21330261,31941,31992,51
12.97626019,80.22161102,32659,32690,31
12.98781967,80.25473785,33428,33468,40
12.98740959,80.25910187,33549,33592,43
12.98661995,80.2592392,33652,33743,91
12.98758984,80.25627899,33854,33965,111
13.03511047,80.22985077,36453,36493,40
13.03442001,80.22972107,36503,36604,101
13.03421021,80.2300415,36604,36755,151
13.03110981,80.23068237,36848,37019,171
13.0269804,80.23294067,37151,37242,91
12.9764204,80.22181702,38606,38649,43
12.98777008,80.25467682,39265,39315,50
12.98666954,80.25953674,39476,39537,61
12.9867897,80.25908661,39546,39617,71
12.98715019,80.25914001,39617,39730,113
12.98744965,80.25626373,39801,39850,49
12.97698021,80.22284698,40558,40590,32
13.02923012,80.23078156,41901,41951,50
13.03289032,80.23055267,42042,42083,41
13.0346899,80.23027802,42153,42184,31
13.03477955,80.22984314,42224,42325,101
13.03423023,80.23013306,42527,42608,81
13.02711964,80.23291779,42789,42842,53
12.99545956,80.21685791,43773,43804,31
12.98766041,80.25528717,44947,45078,131
12.98709965,80.2592926,45230,45391,161
12.98783016,80.25184631,45502,45534,32
13.02702999,80.2310791,47342,47375,33
13.02719975,80.23104858,47375,47415,40
13.02678013,80.23297882,47910,47991,81
13.01418018,80.22537231,48590,48771,181
12.9974699,80.25672913,4849,4980,131
12.99757004,80.25682831,18795,18866,71
12.99771976,80.25628662,20811,20893,82
12.98838997,80.25589752,23384,23425,41
12.9878397,80.25578308,23445,23546,101
12.98011017,80.25273895,23676,23727,51
12.97992039,80.25224304,23747,23798,51
13.01068974,80.21195984,25432,25512,80
13.00979996,80.21127319,25542,25593,51
13.00932026,80.21096039,26400,26470,70
12.97640991,80.22183228,27438,27479,41
12.87469959,80.20983887,29970,30141,171
12.96634007,80.24771881,32420,32451,31
12.97437,80.25051117,32551,32582,31
12.97994041,80.25225067,32671,32703,32
12.98060989,80.2289505,33136,33167,31
13.01368046,80.20453644,34447,34478,31
13.0120697,80.21256256,34629,34679,50
13.02474976,80.21803284,35476,35547,71
13.02462006,80.21838379,35547,35668,121
13.02492046,80.21961975,35718,35839,121
13.01033974,80.21164703,36273,36353,80
13.00983047,80.21127319,36404,36444,40
12.98816013,80.25132751,37271,37382,111
12.95652008,80.24369812,37815,37856,41
12.89253044,80.22744751,38572,38622,50
12.90044975,80.22786713,39852,39913,61
12.90248966,80.22792816,39953,39993,40
12.99392986,80.21787262,42403,42434,31
13.00971985,80.21122742,43281,43331,50
12.98472023,80.2231369,44741,44852,111
12.95670986,80.24378204,45981,46052,71
12.95643044,80.24368286,46052,46092,40
12.90108013,80.22796631,46909,47000,91
12.87489986,80.20951843,49308,49500,192
12.9633503,80.24659729,52342,52382,40
12.98338032,80.25244904,52705,52866,161
12.98443985,80.25213623,52927,53037,110
12.98633957,80.25163269,53078,53189,111
13.02388,80.2196579,54500,54540,40
13.02468967,80.21806335,54651,54812,161
13.02484035,80.21949768,54841,54873,32
13.01898956,80.21936035,55024,55074,50
13.00992012,80.21137238,55276,55326,50
13.00961018,80.21115112,55326,55417,91
12.97630024,80.22171021,56648,56708,60
12.95652008,80.24372101,57646,57716,70
12.95635033,80.24372864,57716,57747,31
12.93605995,80.23397827,58120,58180,60
12.90740013,80.22840881,58574,58614,40
12.89256001,80.22744751,58926,58987,61
12.87944031,80.21112061,59965,60016,51
12.89241028,80.22734833,60429,60468,39
12.9004097,80.22786713,60601,60651,50
12.90645981,80.22821045,60832,60913,81
12.97994995,80.25228882,62032,62063,31
12.98134041,80.24291992,62194,62234,40
12.98167038,80.23329163,62394,62426,32
13.00757027,80.20986176,63706,63737,31
13.00983047,80.21134949,64927,64977,50
13.00951958,80.21109772,64977,65027,50
12.99534988,80.21691132,65854,65885,31
12.98696995,80.22302246,66177,66217,40
12.97642994,80.22187042,66540,66601,61
12.97992992,80.25261688,67276,67347,71
12.90682983,80.22831726,68718,68809,91
12.8990097,80.22788239,69021,69061,40
12.89344978,80.22756195,69172,69233,61
12.89266014,80.22746277,69263,69334,71
12.87637997,80.22640991,69606,69646,40
12.87899017,80.21092224,69838,69888,50
12.87446976,80.21009064,69998,70048,50
12.87465954,80.20993805,70098,70231,133
12.87535954,80.21025085,70261,70292,31
12.90065002,80.22781372,70947,71048,101
12.96308994,80.24645996,72026,72067,41
12.9910202,80.21988678,73479,73620,141
12.99273014,80.21865845,73711,73751,40
12.99392033,80.21778107,73802,73843,41
12.99425983,80.21755219,73843,73893,50
13.00959969,80.21118927,74760,74891,131
13.00938988,80.21099854,74891,74962,71
12.98379993,80.22258759,76051,76082,31
12.97671986,80.22128296,76233,76273,40
12.97636986,80.22109985,76283,76334,51
12.98783016,80.25485229,77130,77191,61
12.99637032,80.255867,77362,77393,31
12.9975996,80.25700378,79571,79672,101
12.98725986,80.25861359,1127,1168,41
12.98680973,80.25849915,5465,5606,141
12.98661041,80.25962067,7068,7099,31
12.98700047,80.2596283,18752,18842,90
12.92317963,80.12062836,24202,24243,41
12.92348003,80.11689758,24303,24343,40
12.92247009,80.14247894,25473,25514,41
12.90155029,80.21997833,26684,26734,50
12.98777008,80.25132751,28126,28207,81
12.98684978,80.25843048,28853,28903,50
12.9871397,80.25845337,28903,29004,101
12.98701954,80.25840759,29004,29065,61
12.98700047,80.25862122,29075,29115,40
12.98752022,80.25639343,31516,31576,60
12.90178967,80.2279892,32897,32948,51
12.92329025,80.12064362,34639,34721,82
12.9230299,80.12677765,35266,35367,101
12.96333027,80.24655151,37939,37989,50
12.98672962,80.25157928,38282,38342,60
12.98773003,80.25495911,38413,38463,50
12.98725986,80.25921631,38554,38615,61
12.98696041,80.25952148,38625,38786,161
12.98696995,80.25907898,40077,40239,162
12.98754978,80.2562027,40329,40440,111
12.98754025,80.256073,40440,40471,31
12.95648956,80.24372864,40985,41035,50
12.90081978,80.22756195,41923,41994,71
12.92243958,80.14264679,45352,45383,31
12.96323967,80.24648285,47682,47713,31
12.98777008,80.25469971,48177,48288,111
12.98719025,80.25952148,48378,48439,61
12.98674965,80.25882721,48509,48550,41
12.98676014,80.25874329,48550,48750,200
12.98682976,80.25875854,50933,50964,31
12.98682022,80.25875854,50964,50995,31
12.9868803,80.25911713,51025,51086,61
12.98727036,80.25907898,51086,51117,31
12.98748016,80.25630951,51176,51237,61
12.98771,80.25478363,51267,51298,31
12.98783016,80.2518692,51327,51358,31
12.98641014,80.25180817,51387,51418,31
12.98118973,80.25270081,51448,51479,31
12.97894955,80.2526474,51509,51540,31
12.97241974,80.25006104,51599,51630,31
12.96901989,80.24894714,51630,51661,31
12.9641304,80.24701691,51721,51752,31
12.96168995,80.24581909,51782,51813,31
12.95695019,80.24382782,51903,51994,91
12.95464993,80.24279785,52023,52054,31
12.95250988,80.24192047,52054,52085,31
12.94699955,80.23995972,52175,52206,31
12.93982029,80.23578644,52265,52297,32
12.93587017,80.23381042,52327,52358,31
12.93047047,80.23168945,52417,52448,31
12.92625046,80.23098755,52478,52509,31
12.92247009,80.2305069,52538,52569,31
12.92247009,80.2305069,52569,52600,31
12.90764046,80.19889069,53295,53326,31
12.92315006,80.1206665,54475,54546,71
12.92329979,80.12058258,54707,54778,71
12.9231596,80.1205368,54788,54980,192
12.92026997,80.18386841,55877,55928,51
12.97972965,80.25261688,57986,58046,60
12.98731995,80.25144958,58147,58207,60
12.9878397,80.25395966,58258,58379,121
12.98729992,80.25920868,58510,58550,40
12.98725033,80.25942993,58561,58621,60
12.98684025,80.2591629,59196,59256,60
12.98740005,80.25791931,59347,59378,31
12.98764992,80.25505829,59478,59509,31
12.90089989,80.22741699,60869,60911,42
12.91991043,80.18254852,61768,61940,172
12.92321968,80.12042999,62948,62979,31
12.92319965,80.12090302,63443,63584,141
12.90594006,80.22814941,66842,66933,91
12.9663496,80.2477417,67921,67952,31
12.98721981,80.25945282,68678,68759,81
12.98727989,80.25892639,70292,70342,50
12.98731995,80.25847626,70352,70393,41
12.98742962,80.25678253,70453,70605,152
12.98785019,80.25221252,70736,70907,171
12.91720963,80.19142914,73237,73278,41
12.92271042,80.15226746,73863,73903,40
12.9231596,80.12055969,74438,74478,40
12.92343998,80.1169281,74549,74599,50
12.92315006,80.1208725,74972,75104,132
12.92321968,80.1210022,75104,75144,40
12.90147972,80.2203598,76879,76960,81
12.96339989,80.24665833,77989,78049,60
12.98725033,80.25920868,78614,78655,41
12.99843979,80.25656128,6185,6256,71
12.99837971,80.25663757,18389,18520,131
12.99775028,80.2561264,19630,19661,31
12.96492004,80.24723816,20075,20115,40
12.94886971,80.24060822,25829,25869,40
12.98777962,80.25514221,26475,26546,71
13.00667953,80.25306702,26981,27122,141
13.00146008,80.25656128,29494,29555,61
12.98789024,80.25585938,29867,29928,61
12.90678024,80.22831726,31038,31069,31
12.90112019,80.22798157,31129,31180,51
12.84016037,80.22756195,31906,31957,51
12.83920002,80.2277298,35823,35903,80
12.94890976,80.24059296,37276,37317,41
12.96337032,80.24658966,37559,37628,69
12.98705959,80.25151825,37963,38033,70
12.98777962,80.25549316,38114,38235,121
12.99510002,80.25585938,38417,38497,80
12.99660969,80.25585938,38528,38609,81
12.99761963,80.2567215,38708,38841,133
12.99720001,80.25697327,38871,38962,91
13.00422001,80.25705719,41051,41132,81
13.00244999,80.25675201,41192,41293,101
12.98964024,80.2559967,41556,41616,60
12.98007011,80.25283051,41858,41889,31
12.95652008,80.24369049,42171,42212,41
12.90130043,80.22795868,42908,42948,40
12.84014988,80.22753143,43645,43726,81
12.76152039,80.1847229,45270,45361,91
12.78612995,80.22028351,46350,46410,60
12.83940029,80.22766876,47056,47097,41
12.89988995,80.22776794,47803,47843,40
12.98612022,80.25173187,49004,49105,101
12.99442959,80.25588989,49368,49418,50
12.99571991,80.25585175,49509,49549,40
12.9963398,80.25582123,49559,49610,51
12.99750996,80.25588989,49640,49689,49
12.9988699,80.2559967,51324,51356,32
13.00619984,80.25743866,51517,51568,51
13.00664997,80.25346375,51749,51820,71
13.0065403,80.25363159,51820,51971,151
13.00660038,80.25697327,52042,52123,81
13.00430012,80.25704956,52214,52254,40
13.00298977,80.25675964,52304,52365,61
13.00168037,80.25656128,52395,52466,71
12.9982996,80.25595856,52516,52547,31
12.9884901,80.25582123,52789,52829,40
12.76721954,80.18308258,55966,56037,71
12.7851696,80.21980286,57874,57954,80
12.8308897,80.22940063,58600,58631,31
12.87672997,80.22686768,59186,59226,40
12.90600967,80.2281723,59650,59721,71
12.9486599,80.24051666,60276,60326,50
12.98600006,80.25180054,60902,60962,60
12.99378967,80.25589752,61225,61265,40
12.99417019,80.25598145,61265,61356,91
12.99654007,80.25588226,61437,61517,80
13.00504017,80.25713348,61749,61800,51
13.00640011,80.25749969,61829,61881,52
13.00236988,80.25666809,63485,63586,101
12.98999023,80.25601196,63899,64010,111
12.98610973,80.25552368,64081,64202,121
12.9068203,80.228302,65282,65353,71
12.90102959,80.22796631,65422,65474,52
12.89253998,80.22737885,65635,65696,61
12.78837013,80.22116089,67069,67109,40
12.78726959,80.22074127,67170,67220,50
12.78676033,80.22055817,67239,67422,183
12.78462029,80.21959686,67503,67543,40
12.90606976,80.22821808,71519,71571,52
12.98692036,80.25158691,72690,72742,52
12.99343967,80.25595856,73035,73115,80
12.99615002,80.25585938,73206,73307,101
12.99732018,80.25588226,73348,73428,80
12.9982996,80.2569809,80343,80525,182
12.99722004,80.19158936,3593,3714,121
12.99717045,80.1917572,12274,12335,61
12.99750042,80.19158936,19826,19977,151
12.99740982,80.1917038,19977,20149,172
12.99707985,80.19171143,23985,24066,81
12.99728012,80.19158173,24066,24237,171
12.99724007,80.19174957,24439,24621,182
12.99744034,80.19165039,25772,25893,121
12.99736023,80.19168091,31808,31849,41
12.99730968,80.1917572,32949,32999,50
12.99742985,80.19158936,32999,33181,182
12.99728966,80.19181824,33191,33383,192
12.99738979,80.19216156,33383,33504,121
12.99742985,80.19206238,34554,34634,80
12.99730015,80.19130707,37622,37814,192
12.99720001,80.19149017,38330,38410,80
12.99715996,80.19168091,47046,47227,181
12.99732971,80.1916275,47227,47349,122
12.99713039,80.19148254,47349,47429,80
12.9972496,80.19159698,47429,47480,51
12.99705982,80.19149017,47480,47520,40
12.9974699,80.19165039,47550,47651,101
12.9971199,80.19149017,47683,47784,101
12.99736023,80.19161224,47784,47982,198
12.99707031,80.19142914,47995,48026,31
12.9968996,80.19133759,48026,48066,40
12.99709034,80.19140625,48076,48196,120
12.99726009,80.19155121,48196,48389,193
12.99742031,80.19161224,48389,48450,61
12.9973402,80.19149017,49118,49229,111
12.99717999,80.19161224,49229,49419,190
12.99728012,80.19161224,49419,49572,153
12.99742031,80.19165039,49572,49622,50
12.99732971,80.1916275,49622,49765,143
12.99738026,80.19172668,49765,49866,101
12.99732018,80.19171143,50390,50461,71
12.99744987,80.19174194,50461,50602,141
12.99742031,80.1916275,51835,51946,111
12.99717045,80.19161987,51946,52108,162
12.99719048,80.19154358,55006,55168,162
12.99720955,80.19143677,55936,56097,161
12.99717045,80.19154358,56400,56562,162
12.99715042,80.1914978,56895,57087,192
12.99740982,80.19156647,57087,57127,40
12.99717045,80.19152069,57127,57248,121
12.99740982,80.19158936,57248,57411,163
12.99726009,80.19168854,58743,58914,171
13.07592964,80.27588654,1688,1720,32
13.07590961,80.27584839,1750,1944,194
13.07596016,80.27588654,1944,2005,61
13.07584,80.2747879,2005,2043,38
13.08061981,80.27523804,25348,25379,31
13.08203983,80.27799988,25409,25440,31
13.08804989,80.28394318,25601,25651,50
13.08821011,80.28372955,25661,25701,40
13.0884304,80.28263092,26123,26212,89
13.08883953,80.29000854,26376,26426,50
13.00185966,80.25662231,27727,27767,40
12.99866009,80.25608826,27818,27858,40
12.94937992,80.24095154,28565,28596,31
12.93968964,80.24001312,28828,28878,50
12.94038963,80.24014282,30745,30777,32
12.94347,80.2372818,30867,30898,31
12.94122028,80.23622131,30898,30929,31
12.98775959,80.25538635,31999,32049,50
12.9967804,80.25582123,32231,32281,50
13.00545025,80.25724792,32453,32513,60
13.04314041,80.27957153,33404,33466,62
13.08882999,80.29029846,34134,34174,40
13.08815956,80.28353882,36085,36149,64
13.08819962,80.28173828,36178,36209,31
13.08843994,80.2849884,36290,36360,70
13.08876038,80.29016113,36492,36542,50
13.00162029,80.25659943,38007,38067,60
12.99759007,80.2559433,38180,38230,50
12.98791027,80.25582886,38412,38543,131
12.98589039,80.25549316,38603,38634,31
12.90098,80.22799683,39726,39817,91
12.87452984,80.20967865,40412,40490,78
12.87471962,80.20973206,40490,40621,131
12.87460995,80.20967865,40621,40753,132
12.87903023,80.21095276,42473,42504,31
12.87946987,80.21135712,42504,42536,32
12.87889957,80.21417999,42536,42567,31
12.87668991,80.22688293,42656,42688,32
12.88519955,80.22663116,42747,42779,32
12.98651981,80.25167084,44292,44413,121
12.98775005,80.25488281,44506,44566,60
12.98822975,80.25588989,44667,44698,31
12.99310017,80.2559967,44768,44829,61
12.99400043,80.25604248,44879,44941,62
12.99501038,80.25592804,44971,45011,40
12.99876976,80.25604248,45122,45153,31
13.00111008,80.25646973,45274,45354,80
13.00516987,80.25721741,45476,45507,31
13.02371979,80.27349854,45981,46031,50
13.06268024,80.28308868,46769,46870,101
13.06490993,80.283638,47173,47212,39
13.07114983,80.28501129,47242,47273,31
13.0775404,80.28270721,47302,47335,33
13.07816982,80.28125,47364,47397,33
13.07631969,80.27561188,51968,52122,154
13.0759201,80.27533722,52151,52183,32
13.07600975,80.27597809,52183,52325,142
13.07588959,80.27584076,52365,52517,152
13.08133984,80.27510071,52638,52768,130
13.08156013,80.27571869,53577,53628,51
13.06857967,80.27189636,54003,54074,71
13.03596973,80.26779175,54790,54862,72
13.00197029,80.25659943,55551,55631,80
12.98659992,80.25914001,56117,56177,60
12.98756027,80.25640869,57409,57478,69
12.99615002,80.25585938,57732,57772,40
13.0058403,80.25733185,58085,58155,70
13.04564953,80.26664734,59177,59246,69
13.07133961,80.27420807,60179,60220,41
13.07989979,80.27529907,60361,60472,111
13.08106995,80.27520752,60502,60613,111
13.0821104,80.27562714,60653,60744,91
13.0821104,80.27578735,60744,60795,51
13.07386971,80.27642822,61217,61250,33
13.03810024,80.26767731,62228,62291,63
13.02674961,80.26611328,62655,62709,54
13.02212048,80.26351166,62829,62890,61
13.01910973,80.26293945,62910,62951,41
13.00384045,80.25700378,63284,63334,50
12.98733997,80.25919342,64062,64122,60
12.98698044,80.25965118,64163,64203,40
12.98694992,80.25908661,64233,64364,131
12.98752975,80.25694275,64445,64495,50
12.99232006,80.25610352,64657,64758,101
12.99345016,80.25601196,64798,64879,81
12.99664021,80.25592804,64991,65100,109
13.00090981,80.25650787,65243,65314,71
13.00419998,80.25711823,65384,65415,31
13.0328598,80.26776886,66194,66244,50
13.04360008,80.26747131,66586,66652,66
13.05224991,80.26384735,66864,66905,41
13.08111,80.2752533,67885,68036,151
13.08209991,80.27578735,68086,68147,61
13.06560993,80.26777649,68898,68948,50
13.03794003,80.26776123,69777,69808,31
13.03691959,80.26773834,69848,69969,121
13.02939034,80.26667023,70243,70283,40
13.00387955,80.25711823,70971,71011,40
13.00331974,80.25700378,71020,71112,92
13.00133991,80.25668335,71173,71264,91
12.99028015,80.2561264,71535,71598,63
12.98719025,80.25958252,71749,71789,40
12.98740959,80.25765228,72843,72968,125
12.98746014,80.25753784,72968,73038,70
12.98746967,80.25759125,73038,73129,91
12.99357033,80.25608063,73300,73381,81
12.99503994,80.25601959,73462,73512,50
12.99645042,80.25591278,73544,73593,49
12.99886036,80.2561264,73694,73734,40
13.03376007,80.26796722,74511,74596,85
13.04413033,80.26709747,74899,74965,66
13.05368996,80.26399231,75205,75259,54
13.07131004,80.27433014,75885,75927,42
13.07853985,80.275177,76088,76179,91
13.08181,80.27703094,77000,77061,61
13.08176041,80.2766571,77061,77142,81
13.05836964,80.26541901,77767,77798,31
13.05393028,80.26423645,77887,77960,73
13.03713989,80.26763916,78212,78278,66
13.02682018,80.26612854,78512,78552,40
12.99757957,80.25595093,79199,79268,69
12.98882008,80.2559967,79461,79512,51
12.98820972,80.2559433,79522,79633,111
12.98754978,80.25601196,79875,79956,81
12.9966898,80.25582886,80178,80361,183
12.99882984,80.25602722,80422,80482,60
13.00632,80.25744629,80593,80654,61
13.0340004,80.26792145,81229,81260,31
13.04553032,80.26660156,81501,81572,71
13.07590008,80.27632141,82686,82747,61
13.07586956,80.2755127,82777,82817,40
13.01438999,80.22609711,5502,5683,181
13.01453972,80.22606659,7081,7141,60
13.01438999,80.22605133,17098,17290,192
13.01436043,80.22619629,20291,20463,172
13.01537037,80.22531128,25770,25808,38
13.02423,80.2281723,25931,26083,152
12.9167099,80.19232941,28317,28368,51
12.91444016,80.19219971,28408,28569,161
12.8565197,80.17217255,29665,29696,31
12.85301018,80.17124176,29746,29787,41
12.81007957,80.15966797,31322,31392,70
12.81004047,80.15957642,31402,31442,40
12.8352499,80.16766357,31949,32060,111
12.85634995,80.17207336,32382,32425,43
12.89398956,80.18022156,33190,33271,81
12.89410019,80.18026733,33281,33412,131
12.91716957,80.19191742,33908,33948,40
12.91720963,80.19315338,34059,34090,31
12.91921997,80.19612122,34110,34150,40
12.97517014,80.22064209,35344,35434,90
12.97614956,80.22123718,35495,35535,40
13.03003979,80.23066711,36770,36881,111
13.03454018,80.2303009,36962,37002,40
13.03495026,80.22981262,37043,37102,59
13.03458977,80.2297821,37114,37174,60
13.03423023,80.22975922,37174,37325,151
13.03252029,80.2305603,37405,37456,51
13.03120995,80.23068237,37496,37619,123
13.02746964,80.23282623,37710,37751,41
13.02703953,80.23291779,37751,37795,44
13.01406956,80.22541809,38201,38322,121
13.01420021,80.2259903,38352,38423,71
12.91714954,80.19425964,40474,40505,31
12.91668034,80.19235229,40545,40585,40
12.87586975,80.1708374,41303,41347,44
12.87380028,80.17217255,41347,41380,33
12.82761955,80.1651535,42108,42139,31
12.81000996,80.15956879,42483,42534,51
12.81048012,80.15982056,42968,43139,171
12.85647964,80.17214966,43948,43989,41
12.97224045,80.21938324,46286,46336,50
12.97408009,80.22019196,46397,46457,60
12.98186016,80.22149658,46669,46720,51
13.03470039,80.23021698,48034,48086,52
13.03419971,80.2300415,49492,49532,40
13.03417015,80.2303009,49532,49563,31
13.02970028,80.23079681,49664,49715,51
12.99748039,80.21652985,50706,50738,32
12.99602985,80.21665955,50798,50829,31
12.97574043,80.22115326,51344,51384,40
12.87574005,80.17089081,53334,53366,32
12.82726002,80.16499329,55198,55258,60
12.82779026,80.16513824,55279,55319,40
12.88101959,80.17069244,55975,56042,67
13.02933979,80.23081207,59305,59358,53
13.03435993,80.22987366,60024,60185,161
13.02715969,80.2329483,60419,60469,50
12.91668034,80.19236755,63063,63113,50
12.82534981,80.16385651,64617,64708,91
12.81002045,80.15957642,64992,65023,31
12.8276701,80.16513062,65386,65427,41
12.86163998,80.17375183,66023,66064,41
12.87897968,80.16992188,66275,66318,43
12.89752007,80.18202209,66753,66784,31
12.97126961,80.21896362,68797,68847,50
12.97208023,80.2193222,68898,69059,161
12.97366047,80.21996307,69139,69211,72
12.97391987,80.22019958,69221,69261,40
12.97414017,80.22039032,69271,69342,71
12.98083973,80.2180481,69565,69606,41
13.02663994,80.23114777,70820,70851,31
13.02692032,80.23105621,70861,70972,111
13.02861977,80.23082733,71052,71113,61
13.02888966,80.23092651,71113,71276,163
13.03423023,80.2300415,71720,71770,50
13.03098011,80.23074341,71952,71993,41
13.02694988,80.2329483,72143,72184,41
12.99201965,80.2192688,73207,73258,51
12.98406029,80.21800232,73460,73500,40
12.98204994,80.21794128,73621,73662,41
12.98167038,80.21800232,73672,73833,161
12.98106956,80.21820068,73874,73924,50
12.98071957,80.2183075,73924,73994,70
12.98007011,80.21858215,74035,74178,143
12.97959995,80.21878052,74198,74248,50
12.97924042,80.21894073,74258,74430,172
12.97856045,80.21926117,74460,74491,31
12.97797012,80.21952057,74521,74703,182
12.97754955,80.21967316,74703,74743,40
12.97721004,80.2197876,74753,74925,172
12.97669983,80.22003937,74945,75005,60
12.97634029,80.22016144,75015,75146,131
12.97369003,80.21997833,77694,77795,101
12.97395039,80.22013092,77795,77917,122
13.01502991,80.22515106,78988,79019,31
13.02396011,80.22795105,79202,79323,121
13.02437973,80.22846222,79343,79384,41
12.9972496,80.19197845,3900,4041,141
12.99724007,80.19181061,4485,4516,31
12.99720001,80.1917572,5868,5969,101
12.99715042,80.19194031,8018,8200,182
12.9969902,80.19200897,8200,8240,40
12.99705029,80.19197845,17648,17707,59
12.99713039,80.19181061,17707,17830,123
12.99645996,80.19139099,19324,19374,50
12.99604988,80.19011688,19435,19525,90
13.06875992,80.20500946,20797,20858,61
13.08808994,80.17809296,21462,21533,71
13.07347965,80.20066071,23310,23350,40
13.06797028,80.20519257,23484,23554,70
13.04399014,80.2122879,28672,28703,31
13.06871986,80.20494843,29207,29238,31
13.06952953,80.20477295,29288,29329,41
13.07211018,80.20217896,29399,29450,51
13.08866024,80.16983795,30277,30318,41
13.09904003,80.16931915,30560,30641,81
13.06799984,80.20503998,33819,33851,32
13.0697403,80.20487976,33921,33952,31
13.04469013,80.21247864,34466,34517,51
13.03870964,80.21243286,34608,34677,69
13.00979996,80.21125031,35466,35516,50
13.00862026,80.22174072,36051,36092,41
12.97574997,80.22028351,36667,36738,71
12.97583961,80.22097778,36768,36859,91
13.06869984,80.2052002,39685,39735,50
13.08773041,80.18869781,40351,40392,41
13.08806038,80.17964172,40553,40592,39
13.06999016,80.20484161,43471,43511,40
13.05021954,80.21217346,44006,44056,50
13.0448103,80.2124176,44168,44238,70
13.03783989,80.21247864,44349,44400,51
13.03038979,80.20922089,44591,44622,31
13.00965977,80.21125793,45106,45147,41
12.97669029,80.21996307,46317,46438,121
12.97636986,80.22009277,46438,46519,81
12.97605038,80.2201004,46519,46701,182
12.97574997,80.22025299,46701,46761,60
12.97550011,80.22052765,46761,46852,91
13.00726986,80.20980072,48074,48114,40
13.04333019,80.21221924,48931,49063,132
13.04979992,80.21186829,49234,49265,31
13.06348991,80.21147919,49476,49507,31
13.0686903,80.20484924,49699,49739,40
13.0822897,80.1984787,50153,50193,40
13.09967995,80.16983795,51051,51122,71
13.09887028,80.16918945,53049,53140,91
13.09916019,80.16934204,53150,53231,81
13.09932995,80.16966248,53231,53271,40
13.09934998,80.1700592,53302,53382,80
13.08953953,80.20050049,54352,54383,31
13.06980038,80.20507813,54948,54988,40
13.06797981,80.20527649,55039,55089,50
13.03808022,80.21237183,55765,55806,41
12.99526024,80.21691895,57259,57290,31
12.97626972,80.22006989,57643,57754,111
12.97554016,80.22055817,57794,57905,111
12.97579002,80.22088623,57925,57976,51
12.99744987,80.21614838,59106,59137,31
13.00716972,80.20977783,59419,59450,31
13.04397011,80.21222687,60267,60388,121
13.04825974,80.21208191,60459,60520,61
13.04913044,80.21201324,60560,60651,91
13.06952,80.20536041,61024,61055,31
13.06871033,80.20510101,61095,61145,50
13.07199955,80.20223999,61267,61307,40
13.08724976,80.1931076,61721,61761,40
13.08806992,80.1798172,61972,62022,50
13.0885601,80.17131042,62193,62234,41
13.08862972,80.17008209,62264,62355,91
13.09965992,80.16998291,62546,62577,31
13.08788967,80.18789673,63625,63695,70
13.08745956,80.19258118,63786,63835,49
13.09290028,80.20053101,64059,64099,40
13.08298969,80.19867706,64402,64472,70
13.06795025,80.2052002,64765,64806,41
13.06396008,80.21173859,65038,65078,40
13.03810978,80.21248627,65482,65542,60
13.00942993,80.21105957,66360,66441,81
12.97669029,80.21994781,67753,67935,182
12.97636986,80.22007751,67935,67985,50
12.97572041,80.22084045,68308,68490,182
12.98857975,80.2223587,72578,72629,51
12.98882961,80.2220993,72639,72709,70
12.98908043,80.22181702,72709,72780,71
12.98929024,80.22155762,72780,72820,40
12.99129963,80.21964264,72881,72952,71
12.99349976,80.21804047,73063,73103,40
13.08808994,80.17983246,75728,75768,40
13.09930038,80.17014313,76131,76162,31
13.0698204,80.20507813,79311,79352,41
13.06902981,80.20517731,79382,79432,50
13.06801987,80.20543671,79463,79523,60
13.05000019,80.21219635,79987,80018,31
13.03771019,80.21240234,80220,80260,40
13.00942039,80.21103668,80937,80987,50
12.97591972,80.22096252,83228,83410,182
12.99635029,80.19171906,84752,84914,162
12.99685001,80.19109344,24670,24711,41
12.99650002,80.19139862,24721,24791,70
13.04380035,80.21222687,25609,25669,60
13.06900024,80.20617676,26053,26093,40
13.06929016,80.20578766,26103,26174,71
13.08810043,80.17964172,26899,26969,70
13.0831604,80.1986618,29079,29119,40
13.04520035,80.21240997,29926,29967,41
13.0376997,80.21237946,30068,30148,80
13.01064014,80.21196747,30803,30845,42
13.01045036,80.21179199,30845,30905,60
13.04405975,80.21225739,34902,34942,40
13.09961987,80.1699295,36617,36648,31
13.09939003,80.16983795,36678,36779,101
13.08897018,80.16957092,37838,37869,31
13.08778,80.18978119,38160,38230,70
13.08777046,80.18979645,38230,38280,50
13.08316994,80.19863892,38775,38825,50
13.03435993,80.21218109,39915,39965,50
13.00971985,80.21121979,40601,40642,41
12.97599983,80.2201767,41711,41762,51
12.97566986,80.22033691,41762,41903,141
12.97583961,80.22094727,41923,42054,131
12.97603035,80.22122192,42054,42206,152
12.98287964,80.22187805,42387,42418,31
13.04403973,80.21221924,43729,43820,91
13.06875992,80.20514679,44294,44345,51
13.08775997,80.18856812,44950,44991,41
13.09965992,80.16989899,45526,45576,50
13.09918022,80.16956329,46353,46403,50
13.08897972,80.16956329,47241,47312,71
13.08823967,80.17932892,47463,47513,50
13.08300972,80.19862366,48210,48270,60
13.05502987,80.21147919,48886,48997,111
13.0546999,80.21157074,48997,49088,91
13.00946999,80.21108246,50026,50066,40
12.99794006,80.21656799,50712,50763,51
12.99755955,80.2164917,50773,50823,50
12.99707031,80.21649933,50833,50864,31
12.99658966,80.21652222,50874,50914,40
12.97632027,80.22010803,51308,51408,100
12.97599983,80.22025299,51408,51509,101
12.97568989,80.22090149,51540,51651,111
12.97583961,80.22118378,51661,51701,40
12.97591972,80.221138,51903,52034,131
12.9968996,80.19129181,59874,59985,111
12.99678993,80.19130707,61196,61366,170
12.99682999,80.19132996,62195,62356,161
12.99691963,80.19148254,74355,74416,61
12.9968996,80.19094849,75748,75909,161
12.99705982,80.19152069,76969,77140,171
12.99761009,80.25679016,6947,7048,101
12.99728012,80.25702667,15381,15451,70
12.99728966,80.25691986,19194,19355,161
13.00667953,80.25332642,26680,26791,111
12.99707031,80.25595856,27174,27214,40
12.86192036,80.24202728,28889,28929,40
12.86176968,80.24199677,28929,29030,101
12.78341007,80.24967957,29948,29989,41
12.96354961,80.25649261,36738,36778,40
12.98752022,80.25608826,37262,37333,71
12.99660969,80.255867,37494,37585,91
13.00102043,80.2564621,37696,37736,40
13.00625992,80.25743866,37867,37898,31
13.00660992,80.25341034,38049,38220,171
13.00660992,80.25686646,38301,38362,61
13.00271034,80.25675964,38493,38543,50
12.99940014,80.25623322,38634,38674,40
12.99752998,80.2559433,38755,38826,71
12.97914982,80.25914001,39290,39330,40
12.97828007,80.2591095,39360,39411,51
12.96971989,80.25782013,39562,39602,40
12.95016003,80.25496674,39944,39976,32
12.86201954,80.24205017,40951,41022,71
12.86165047,80.24202728,41042,41082,40
12.74392986,80.23844147,45662,45712,50
12.98684025,80.25798798,48971,49011,40
12.99341965,80.25591278,49223,49264,41
12.99540043,80.25579834,49324,49395,71
12.99645042,80.25576782,49425,49465,40
13.00662994,80.25325012,49970,50040,70
13.00259018,80.25668335,51977,52048,71
12.99862957,80.25605774,52169,52219,50
12.98869038,80.25589752,52421,52522,101
12.86182976,80.24211121,54398,54438,40
12.78670979,80.24971008,55245,55286,41
12.62104034,80.19455719,58142,58182,40
12.8615799,80.24185181,61087,61138,51
12.98209953,80.2593689,62873,62933,60
12.9825201,80.25942993,62933,62974,41
12.98672009,80.25804138,63095,63135,40
12.99271965,80.25601196,63498,63559,61
12.99516964,80.25585938,63650,63730,80
12.9989996,80.25611115,63851,63882,31
13.00098991,80.25643921,63932,64043,111
13.00323963,80.25686646,64144,64184,40
13.00422001,80.25704956,64205,64305,100
13.00644016,80.25744629,64346,64396,50
13.00662994,80.25350952,64588,64719,131
13.00660038,80.25592804,64800,64850,50
13.00226974,80.25669098,65012,65133,121
12.99911976,80.25614166,65213,65274,61
12.99765015,80.25589752,65345,65385,40
12.98875046,80.25595856,65546,65627,81
12.97972965,80.25923157,65950,66000,50
12.97799969,80.25914764,66081,66162,81
12.91845036,80.25081635,67271,67302,31
12.8501997,80.24114227,68270,68321,51
12.78668022,80.24965668,69217,69249,32
12.62102032,80.19447327,71357,71398,41
12.62108994,80.19451141,72195,72265,70
12.9868803,80.25798035,76321,76422,101
12.98746014,80.25710297,76442,76513,71
13.00067997,80.25637054,76836,76886,50
13.00629997,80.25734711,76987,77027,40
13.00658989,80.2572937,77501,77582,81
12.99069023,80.25608063,77935,78006,71
12.98853016,80.25598145,78077,78258,181
12.98814011,80.25591278,78258,78298,40
12.99680042,80.19125366,9594,9745,151
12.99672031,80.19110107,29955,30097,142
13.04915047,80.21215057,55392,55423,31
13.02707005,80.23291016,57526,57588,62
13.00411034,80.25701904,58670,58751,81
13.00220013,80.25666046,58811,58851,40
13.00035954,80.26580811,59337,59418,81
12.99565029,80.2674408,59962,59995,33
12.99680042,80.25647736,60177,60318,141
13.00623989,80.25743866,60651,60682,31
13.00662041,80.25192261,60863,60973,110
13.00658035,80.24752808,61057,61148,91
13.00654984,80.24651337,61168,61199,31
13.01918983,80.22429657,61867,61900,33
13.03044033,80.2166214,62890,62923,33
13.03036022,80.21459198,62975,63017,42
13.03013992,80.20924377,63178,63259,81
13.03528023,80.2086792,63390,63421,31
13.03631973,80.20155334,63592,63623,31
13.03884983,80.19287872,63864,63895,31
13.0467701,80.21218109,64431,64512,81
13.04889965,80.20722961,64734,64765,31
13.04983997,80.21179962,65442,65523,81
13.04463005,80.21237183,65643,65705,62
13.11993027,80.2588501,3677,3849,172
13.12059975,80.2592926,23808,23869,61
13.12152004,80.25933075,23929,24020,91
13.08160973,80.2753067,26471,26542,71
13.07433033,80.22110748,27651,27682,31
13.06995964,80.20496368,28246,28277,31
13.06879997,80.20516968,28327,28378,51
13.06857967,80.20504761,28751,28820,69
13.07503986,80.21753693,29416,29477,61
13.07404995,80.22458649,29628,29679,51
13.08020973,80.26248932,30385,30455,70
13.08734035,80.28372955,32442,32483,41
13.08269024,80.27871704,32694,32735,41
13.08133984,80.27342224,32856,32906,50
13.08133984,80.27326965,32916,32967,51
13.07509041,80.2162323,34409,34500,91
13.06838989,80.20501709,35054,35145,91
13.06853008,80.20487213,36456,36527,71
13.07703018,80.21150208,37071,37112,41
13.07503033,80.21749878,37253,37293,40
13.07409954,80.22357941,37424,37485,61
13.08055973,80.26423645,38443,38483,40
13.08201027,80.27533722,38705,38776,71
13.08666992,80.28362274,39028,39171,143
13.08131027,80.27316284,40022,40072,50
13.08063984,80.26582336,40213,40274,61
13.08063984,80.26554108,40284,40324,40
13.07956028,80.26280975,40445,40486,41
13.07923985,80.25885773,40565,40597,32
13.07514,80.23245239,41383,41444,61
13.07411003,80.22209167,41656,41706,50
13.07499981,80.21640778,41898,41948,50
13.07437992,80.1995697,43057,43088,31
13.07625961,80.20223236,43209,43259,50
13.0769701,80.21160126,43541,43592,51
13.07505989,80.21736908,43713,43763,50
13.07419968,80.22302246,43893,43925,32
13.0740099,80.22428894,44005,44056,51
13.07627964,80.23670197,44348,44419,71
13.07653046,80.23792267,44449,44510,61
13.07888031,80.25460052,44933,44994,61
13.08008957,80.26229858,45135,45185,50
13.08790016,80.283638,46405,46436,31
13.08162975,80.27609253,46708,46748,40
13.08137035,80.27326202,46859,46890,31
13.07878017,80.25193787,47353,47404,51
13.07666969,80.23848724,47817,47868,51
13.07456017,80.21958923,48332,48372,40
13.06875992,80.20526123,49098,49137,39
13.06847954,80.20500946,49159,49330,171
13.06844044,80.2050705,49330,49431,101
13.07505035,80.21743774,50107,50157,50
13.07402039,80.22431183,50318,50369,51
13.07662964,80.23779297,50712,50772,60
13.07890987,80.25421906,51115,51155,40
13.07935047,80.25856018,51226,51266,40
13.08084965,80.27075195,51508,51549,41
13.08201027,80.275177,51649,51690,41
13.08767033,80.28362274,53344,53394,50
13.08131981,80.27306366,53858,53898,40
13.07514,80.23230743,54917,54967,50
13.07427025,80.22135162,55230,55280,50
13.07499027,80.21659088,55421,55461,40
13.06826019,80.2050705,56480,56541,61
13.07511044,80.21701813,57115,57146,31
13.07892036,80.25444031,57993,58073,80
13.08203983,80.27545166,58447,58487,40
13.08621025,80.28359222,58710,58760,50
13.08722973,80.28376007,59839,59880,41
13.08769989,80.28370667,59890,59960,70
13.08815956,80.28359222,59970,60021,51
13.08240032,80.2786026,60293,60333,40
13.08152008,80.27536774,60434,60505,71
13.08131027,80.27329254,60565,60596,31
13.08065987,80.26587677,60777,60828,51
13.07511044,80.23223877,61735,61796,61
13.07429028,80.22103882,62018,62179,161
13.07507038,80.21616364,62330,62391,61
13.06989002,80.20503235,62824,62894,70
13.06884003,80.20535278,62926,62977,51
13.06809998,80.20513153,63511,63582,71
13.06847,80.20490265,63582,63642,60
13.07190037,80.20233917,63814,63874,60
13.07514954,80.21647644,64429,64490,61
13.0740099,80.22458649,64701,64762,61
13.07565975,80.23384094,64953,64984,31
13.07835007,80.2478714,65347,65407,60
13.07837963,80.24822998,65407,65508,101
13.07863045,80.24928284,65559,65728,169
13.0788002,80.25003815,65758,65829,71
13.08020973,80.2627182,66142,66182,40
13.08201981,80.27523804,66454,66495,41
13.08209038,80.27832794,66575,66626,51
13.08734989,80.28370667,67554,67654,100
13.08771038,80.28376007,67654,67715,61
13.08251953,80.27861786,68007,68038,31
13.0815897,80.27588654,68098,68138,40
13.0806303,80.26554871,68481,68532,51
13.07927036,80.25911713,68703,68784,81
13.07921982,80.25856781,68804,68976,172
13.07911968,80.25820923,68996,69076,80
13.07903957,80.25675201,69359,69508,149
13.07898998,80.25641632,69518,69569,51
13.07896996,80.25601959,69569,69609,40
13.07505035,80.2322464,70356,70427,71
13.07390976,80.22486115,70629,70669,40
13.07409954,80.222229,70790,70940,150
13.07431984,80.22064209,70940,71010,70
13.07495975,80.21681213,71191,71252,61
13.06987953,80.20498657,71877,71918,41
13.07476997,80.21894836,73027,73088,61
13.07398033,80.22470093,73219,73299,80
13.07890034,80.25437164,73925,73995,70
13.08794975,80.28362274,74893,74994,101
13.08831978,80.28362274,74994,75105,111
13.08189011,80.27742767,75327,75367,40
13.08185959,80.27719879,75377,75448,71
13.08160973,80.27552032,75538,75670,132
13.09726048,80.25923157,76456,76487,31
13.07627964,80.27568817,30663,30784,121
13.07623959,80.27555847,30784,30855,71
13.07594013,80.27526093,31652,31763,111
13.07590008,80.27528381,40317,40488,171
13.07584,80.27519989,76384,76566,182
13.07581043,80.27532959,85099,85200,101
13.07577038,80.27548981,85200,85240,40
12.99752998,80.25688171,16297,16458,161
12.99709988,80.25591278,27067,27109,42
12.98682022,80.25907898,27371,27492,121
12.98766041,80.25589752,27573,27653,80
13.00667953,80.24846649,28127,28168,41
13.02604008,80.23120117,28732,28763,31
13.09712029,80.24204254,30658,30699,41
13.09862995,80.2417984,30769,30820,51
13.09848022,80.2419281,30830,30880,50
13.09848022,80.2420578,30890,31001,111
13.03120995,80.24034119,33038,33099,61
13.00699043,80.23980713,33794,33865,71
13.00687981,80.25092316,34045,34087,42
13.00232029,80.25669098,34287,34319,32
12.98845005,80.25592804,34611,34692,81
12.98733997,80.25920105,34813,34862,49
12.98756981,80.2564621,35739,35791,52
13.00098991,80.25646973,36144,36194,50
13.00605965,80.25739288,36275,36335,60
13.00664043,80.25184631,36436,36537,101
13.00675964,80.24889374,36577,36618,41
13.01723957,80.22498322,37243,37303,60
13.03100967,80.23956299,37787,37827,40
13.08565044,80.24521637,39612,39673,61
13.09854031,80.24214172,39995,40096,101
13.09778023,80.24226379,40106,40146,40
13.0859499,80.25028229,40530,40590,60
13.07950974,80.25466156,40852,40913,61
13.03262043,80.24291992,42465,42516,51
13.03215981,80.24230957,42556,42657,101
13.03131008,80.24066925,42697,42778,81
13.00399971,80.25708008,43907,43958,51
13.00323009,80.2568512,44018,44068,50
13.00146008,80.25659943,44119,44189,70
12.9975996,80.25688934,44310,44462,152
12.99757957,80.25617981,44482,44542,60
12.98715019,80.25965881,44865,44925,60
12.98686028,80.25953674,44925,45046,121
12.98684025,80.25911713,45077,45218,141
12.98721027,80.25914764,45218,45298,80
12.99236965,80.256073,45549,45641,92
12.99419975,80.2559967,45742,45803,61
12.99637985,80.25588989,45863,46034,171
13.00658035,80.25263214,46488,46569,81
13.00662041,80.24806213,46670,46740,70
13.01533985,80.2248764,47254,47285,31
13.07551956,80.25868988,49361,49412,51
13.09669971,80.24194336,50208,50259,51
13.09840965,80.24226379,50309,50360,51
13.07917976,80.25463104,52413,52473,60
13.07907963,80.25639343,52503,52534,31
13.07019043,80.26600647,52947,53068,121
13.05883026,80.26541901,53481,53512,31
13.03108978,80.24002075,54248,54338,90
13.02396011,80.22820282,54479,54510,31
13.00685024,80.24004364,54851,54903,52
13.00156021,80.25657654,55256,55316,60
12.99851036,80.25614166,55397,55437,40
12.99055958,80.25604248,55568,55599,31
12.98853016,80.25592804,55639,55790,151
12.98684978,80.25950623,55941,55972,31
12.98663044,80.25906372,56002,56183,181
12.98754025,80.25675201,56556,56677,121
12.99532986,80.25579834,56919,56980,61
13.00522995,80.25713348,57212,57262,50
13.00664997,80.25205994,57403,57494,91
13.00660038,80.24771118,57544,57635,91
13.03870964,80.24675751,58895,58956,61
13.06379986,80.26512909,59621,59652,31
13.07890034,80.25502777,60337,60398,61
13.09710979,80.24204254,61124,61214,90
13.09759045,80.24221039,61587,61658,71
13.08063984,80.25480652,62283,62434,151
13.08024979,80.25473022,62444,62505,61
13.07907009,80.25469208,62535,62575,40
13.07783031,80.2621994,62757,62797,40
13.03536987,80.24607849,64147,64199,52
13.03244019,80.24266052,64320,64461,141
13.03145027,80.2408905,64501,64572,71
13.00673008,80.24558258,65469,65520,51
13.00685978,80.25125885,65610,65661,51
13.00195026,80.25666046,66115,66165,50
12.99748039,80.25595093,66276,66377,101
12.98929977,80.25601196,66538,66577,39
12.99223995,80.25605774,67637,67829,192
12.99384975,80.25601959,67909,67950,41
12.99402046,80.25605774,67950,68051,101
12.99612045,80.25592804,68130,68283,153
13.00506973,80.25717926,68525,68575,50
13.00642967,80.25395203,68726,68787,61
13.0064497,80.25254059,68847,68928,81
13.00664043,80.24868011,68988,69069,81
13.02515984,80.22959137,70037,70087,50
13.02645969,80.23284912,70178,70279,101
13.03079987,80.23918915,70380,70440,60
13.07896996,80.25650024,71953,72003,50
13.07896042,80.25569916,72034,72104,70
13.07884979,80.25486755,72155,72296,141
13.07892036,80.25466156,72296,72376,80
13.07940006,80.25456238,72407,72497,90
13.07971954,80.25462341,72497,72568,71
13.08131981,80.25126648,72729,72760,31
13.08565998,80.24593353,73032,73072,40
13.09854984,80.24227905,73445,73476,31
13.09755993,80.24221802,73939,73970,31
13.08588982,80.25022888,74292,74333,41
13.08218002,80.25447845,74554,74585,31
13.03964043,80.24707794,76117,76168,51
13.03127003,80.24040985,76349,76390,41
13.00693035,80.24014282,77126,77217,91
13.00658989,80.25695801,77559,77590,31
13.00349045,80.2569809,77690,77721,31
12.98898029,80.25601196,78144,78316,172
12.98727036,80.25933838,78396,78437,41
12.98750019,80.25720978,78971,79062,91
12.99411964,80.25595856,79253,79324,71
12.99534035,80.255867,79385,79425,40
13.00660992,80.24781036,79808,79857,49
13.06641006,80.26824188,81401,81432,31
12.98744965,80.25733948,86282,86383,101
13.01325989,80.22664642,7318,7419,101
13.01329994,80.22660065,7429,7540,111
13.01325989,80.22648621,7550,7732,182
13.01331997,80.22657776,17499,17569,70
13.01327038,80.22646332,17569,17620,51
13.01323986,80.22644043,17640,17740,100
13.01329041,80.22644043,17761,17801,40
13.01325989,80.22659302,17801,17922,121
13.01333046,80.22673035,17922,17953,31
13.01331043,80.22653198,17953,17993,40
13.01329041,80.22659302,18013,18094,81
13.01336956,80.22657776,18104,18175,71
13.01336956,80.22650909,18175,18346,171
13.01329994,80.22672272,18719,18750,31
13.01095963,80.22427368,18851,18891,40
13.00747967,80.22099304,18931,19022,91
12.99773026,80.21639252,19063,19123,60
12.99351025,80.21819305,19143,19254,111
12.9710598,80.21900177,19537,19617,80
12.96566963,80.21691132,19628,19688,60
12.90013981,80.18376923,20677,20727,50
12.89698029,80.18186188,20736,20788,52
12.89311981,80.17961121,20808,20929,121
12.86690998,80.17595673,21173,21223,50
12.86067009,80.17340851,21234,21314,80
12.8550396,80.17169952,21324,21355,31
12.85091972,80.17092133,21365,21547,182
12.82526016,80.16383362,22071,22142,71
12.81595039,80.15969849,22212,22253,41
12.81017971,80.15963745,22333,22374,41
12.82777023,80.16516113,23382,23413,31
12.86900997,80.17545319,24068,24099,31
12.88049984,80.17047882,24157,24226,69
12.89387989,80.18048859,24519,24559,40
12.92119026,80.19702911,25154,25194,40
12.92374039,80.19734955,25204,25295,91
12.93517017,80.20387268,25497,25628,131
12.94032001,80.20572662,25638,25719,81
12.9871397,80.22234344,26567,26627,60
12.99390984,80.21794128,26688,26748,60
12.9980402,80.21779633,26777,26809,32
13.03479004,80.22995758,27565,27626,61
13.03458977,80.22984314,27636,27697,61
13.0343504,80.22988892,28665,28746,81
13.03417969,80.22988129,28796,28846,50
13.02684021,80.23300171,29068,29139,71
13.00920963,80.22808075,29482,29522,40
13.00592041,80.22038269,29623,29734,111
12.99312019,80.21842194,29825,29956,131
12.97367001,80.2201004,30289,30329,40
12.96860027,80.21816254,30380,30430,50
12.93321991,80.20381927,31016,31136,120
12.91695976,80.19319916,31480,31651,171
12.90771008,80.189888,31681,31722,41
12.90581036,80.18849945,31732,31782,50
12.90332985,80.18427277,31792,31964,172
12.89264011,80.17874146,31984,32034,50
12.86641979,80.17588806,32374,32435,61
12.8562603,80.17208099,32526,32566,40
12.84391975,80.17021179,32707,32758,51
12.83705997,80.16924286,32808,32848,40
12.82763004,80.16519165,32969,33010,41
12.8112402,80.15952301,34119,34150,31
12.84714031,80.17028046,34735,34836,101
12.86096954,80.17266846,35068,35118,50
12.86524963,80.17569733,35128,35169,41
12.88020992,80.16963196,35239,35324,85
12.91679001,80.19217682,36070,36182,112
12.91746044,80.19055939,36182,36302,120
12.9209404,80.19683075,36383,36414,31
12.92395973,80.197258,36424,36544,120
12.97502995,80.22054291,37473,37543,70
12.98283005,80.22190857,37765,37805,40
12.98618031,80.22251892,37896,37957,61
12.99400043,80.21764374,38058,38179,121
12.99932957,80.21713257,38229,38260,31
13.00508976,80.22026825,38310,38350,40
13.01228046,80.22328186,38391,38431,40
13.01914978,80.22437286,38582,38683,101
13.02486992,80.22924805,38754,38814,60
13.02820015,80.23088074,38875,38935,60
13.02896023,80.23094177,38946,38996,50
13.03102016,80.23059845,39067,39107,40
13.03322983,80.2303772,39117,39176,59
13.03472996,80.23027039,39198,39238,40
13.03499031,80.22982025,39268,39359,91
13.03437042,80.22975159,39369,39419,50
13.03409958,80.23049927,39873,39904,31
13.03118038,80.23069763,39984,40035,51
13.01406002,80.22541809,40569,40660,91
12.9170599,80.19206238,42728,42789,61
12.85305977,80.17124176,43782,43822,40
12.85284996,80.17125702,43843,44034,191
12.82740021,80.16506958,46725,46756,31
12.84856987,80.1704483,47119,47169,50
12.86028957,80.17349243,47341,47381,40
12.87864971,80.16996765,47490,47561,71
12.91703033,80.19281769,48327,48388,61
12.92168999,80.19708252,48479,48519,40
12.92446995,80.19754791,48539,48600,61
12.92794991,80.19859314,48620,48660,40
12.97465992,80.22042084,49528,49598,70
12.97529984,80.22068024,49659,49739,80
12.98285007,80.22187805,49830,49931,101
12.99048996,80.22029877,50062,50093,31
12.99520016,80.21697998,50184,50224,40
12.99779987,80.21643066,50244,50294,50
13.00010014,80.21764374,50305,50456,151
13.01148033,80.22299957,50496,50536,40
13.02635956,80.23116302,50910,50980,70
13.02962017,80.23069763,50990,51021,31
13.03240967,80.23030853,51081,51132,51
13.03427982,80.22979736,51222,51303,81
13.03439045,80.22987366,51323,51394,71
13.0229702,80.22737885,52279,52350,71
12.99763966,80.21653748,53036,53085,49
12.99545002,80.21659851,53187,53228,41
12.97558022,80.22087097,53692,53732,40
12.9705801,80.21898651,53813,53863,50
12.9651804,80.21653748,53924,53974,50
12.96146011,80.21518707,53994,54025,31
12.95446014,80.21244049,54065,54105,40
12.93363953,80.20394135,54448,54479,31
12.91664982,80.19235992,54882,54922,40
12.87170029,80.17353821,55647,55717,70
12.84704018,80.17035675,56010,56161,151
12.82756996,80.16516113,56454,56504,50
12.85630035,80.17207336,58108,58168,60
12.88008976,80.17032623,58469,58540,71
12.88683033,80.17298126,58651,58701,50
12.91701984,80.19335938,59367,59407,40
12.97459984,80.2203064,60466,60507,41
12.97560978,80.2206192,60547,60578,31
12.9759798,80.22106934,60587,60618,31
12.98108959,80.22206116,60688,60779,91
12.99462986,80.2175293,61052,61092,40
12.99660015,80.21633148,61162,61193,31
13.02565002,80.23021698,61808,61848,40
13.03477001,80.22992706,62222,62262,40
13.03450966,80.22998047,62272,62323,51
13.03431988,80.23005676,63341,63412,71
13.03431988,80.23005676,63412,63543,131
13.03427029,80.2298584,63543,63593,50
12.98336983,80.22229004,65399,65450,51
12.98262024,80.2218399,65490,65530,40
12.97531986,80.22104645,65611,65702,91
12.97360992,80.2201767,65752,65823,71
12.94861984,80.21025085,66136,66226,90
12.91825008,80.19526672,67042,67112,70
12.91724014,80.19407654,67122,67223,101
12.90931988,80.19145966,67485,67546,61
12.89725018,80.18193054,67758,67808,50
12.85636997,80.17208099,68570,68610,40
12.8275404,80.1651001,69014,69105,91
12.82756042,80.1651001,69105,69145,40
12.81702042,80.16008759,69347,69414,67
12.81175995,80.15956116,69425,69535,110
12.80972958,80.15949249,69556,69606,50
12.81025028,80.15953827,69606,69656,50
12.81114006,80.15998077,69687,69767,80
12.81274033,80.1590271,69778,69818,40
12.81847,80.16062164,69868,69909,41
12.90678024,80.1893692,71378,71418,40
12.91077995,80.19223785,71468,71519,51
12.91619968,80.19264221,71599,71680,81
13.01420021,80.22548676,75443,75504,61
13.01420021,80.22548676,75504,75605,101
13.01422977,80.22563171,75605,75645,40
13.01420021,80.22569275,77985,78026,41
13.01408005,80.2260437,78026,78076,50
13.01471043,80.22644043,78127,78308,181
13.01426029,80.22585297,78338,78419,81
13.0143404,80.22567749,78429,78580,151
13.01410007,80.22566223,78732,78772,40
13.01389027,80.22557068,78833,78994,161
13.01416969,80.22602081,79186,79236,50
12.99810028,80.25686646,19467,19528,61
13.01939964,80.22429657,21840,21879,39
13.07662964,80.26416779,23062,23102,40
13.08567047,80.24533844,23698,23759,61
13.07938957,80.25463104,25324,25374,50
13.07621956,80.25978851,25525,25556,31
13.07767963,80.26197815,25657,25737,80
13.00691032,80.23989868,27545,27595,50
13.00683975,80.25125885,27777,27828,51
13.00150967,80.25655365,27999,28040,41
12.98855972,80.25592804,28312,28353,41
12.98731995,80.2592926,28413,28444,31
12.98674965,80.25904846,28504,28666,162
12.98760033,80.25589752,30180,30261,81
13.00664997,80.25182343,30677,30758,81
13.01935005,80.22429657,31384,31416,32
13.03872013,80.24671173,32003,32084,81
13.08563995,80.24539948,33655,33716,61
13.09412003,80.2411499,33857,33897,40
13.09702015,80.24199677,33948,33998,50
13.08780956,80.24333954,35062,35103,41
13.08570004,80.2467804,35163,35204,41
13.07933044,80.25463104,35497,35537,40
13.07911968,80.25650024,35567,35598,31
13.07775974,80.26203918,35779,35870,91
13.00242043,80.2567215,38339,38389,50
12.99967957,80.25627899,38439,38490,51
12.99757957,80.25688171,38611,38682,71
12.99728012,80.25592041,38732,38813,81
12.9865303,80.25927734,39118,39259,141
12.98672962,80.2589798,39269,39360,91
12.98701954,80.25907135,39370,39411,41
12.98762989,80.25582123,39480,39643,163
12.99258995,80.25601959,39734,39774,40
12.99361038,80.2559433,39804,39885,81
12.99641991,80.25585938,39967,40078,111
12.99860954,80.2559967,40118,40149,31
12.99917984,80.25611115,40159,40209,50
13.00588989,80.25736237,40381,40421,40
13.07548046,80.25849915,43302,43363,61
13.07892036,80.25492859,43464,43524,60
13.09720039,80.24205017,44182,44293,111
13.09848976,80.24215698,44363,44483,120
13.09840965,80.24237061,44483,44575,92
13.09778023,80.24226379,44606,44696,90
13.08580017,80.24932098,45092,45123,31
13.08584023,80.24961853,45133,45183,50
13.07936954,80.25467682,45486,45627,141
13.07024002,80.26586151,46153,46184,31
13.03287983,80.24320221,47457,47557,100
13.03242016,80.24246216,47618,47719,101
13.03157997,80.2408905,47759,47831,72
13.00691986,80.23992157,48469,48520,51
13.00675011,80.25125122,48711,48743,32
13.00660992,80.25715637,48831,48934,103
13.0018301,80.2565918,49025,49086,61
12.99773979,80.25595093,49217,49268,51
12.99761009,80.25682068,49298,49439,141
12.99717999,80.25691223,49478,49642,164
12.99755001,80.25657654,51422,51552,130
13.00654984,80.25354767,52674,52736,62
13.00658035,80.25238037,52786,52857,71
13.00666046,80.24752808,52938,53029,91
13.07966995,80.25453949,55386,55436,50
13.08563995,80.24559021,55710,55750,40
13.09700012,80.24202728,56036,56099,63
13.09848976,80.24224854,56159,56200,41
13.08590031,80.24996948,56947,56997,50
13.0794096,80.25460052,57251,57291,40
13.03969955,80.24710083,58737,58787,50
13.03289986,80.24314117,58919,58980,61
13.03242016,80.24250793,59018,59121,103
13.03153038,80.24105072,59162,59242,80
13.01459026,80.2261734,59656,59687,31
13.00695038,80.23989105,59878,60001,123
13.0067997,80.25138092,60182,60233,51
13.00269985,80.25675964,60404,60435,31
12.98672009,80.2591095,60970,61021,51
12.9868803,80.2591629,61021,61092,71
12.99228001,80.25605011,61354,61425,71
12.99407005,80.25601196,61536,61577,41
12.99615955,80.25589752,61647,61718,71
13.00664997,80.24812317,62164,62235,71
13.03092003,80.23944855,63225,63306,81
13.03559971,80.24613953,63447,63488,41
13.0389204,80.24681854,63548,63579,31
13.07960033,80.2545929,64873,64913,40
13.0855999,80.24530792,65327,65388,61
13.09696007,80.24202728,65610,65670,60
13.0984602,80.24217224,65761,65924,163
13.09774017,80.24227142,65954,65994,40
13.08570957,80.25153351,66398,66439,41
13.08561039,80.25263977,66499,66540,41
13.07907963,80.25657654,66883,66923,40
13.03967953,80.24707031,68327,68384,57
13.02713013,80.23416138,68700,68781,81
13.00710011,80.23893738,69397,69437,40
13.00658989,80.25717163,69791,69872,81
13.00321007,80.25684357,69993,70104,111
13.00150013,80.25655365,70144,70225,81
12.99967957,80.25624084,70265,70296,31
12.99769974,80.25588989,70356,70417,61
12.98721981,80.25937653,70720,70760,40
12.98760033,80.25640106,71820,72002,182
12.98744965,80.25626373,72002,72042,40
12.99273014,80.25604248,72163,72214,51
12.99540043,80.25592804,72355,72466,111
13.00648022,80.25273132,72890,72961,71
13.00662994,80.24836731,73032,73112,80
13.02598,80.23130035,73780,73830,50
13.07555008,80.25878906,75405,75456,51
13.07892036,80.25505829,75567,75628,61
13.07886028,80.25473785,75628,75698,70
13.07946968,80.25456238,75728,75789,61
13.09844971,80.24205017,76536,76718,182
13.09768963,80.24221802,76767,76799,32
13.08065033,80.25478363,77314,77354,40
13.07942009,80.25462341,77394,77465,71
13.07763004,80.26194763,77687,77718,31
12.98978996,80.25598145,80080,80121,41
12.98863029,80.25592041,80151,80211,60
12.98711967,80.25914001,80292,80333,41
12.99771976,80.25621796,80938,81090,152
12.99742985,80.25701904,81130,81302,172
13.0101099,80.22795105,78723,78754,31
13.0082798,80.2329483,78754,78811,57
13.00681973,80.24021149,78834,78964,130
13.00683975,80.24941254,78994,79100,106
13.08520031,80.28916931,80464,80550,86
13.08555984,80.28920746,80580,80667,87
13.0853796,80.28369904,80697,80755,58
13.08549023,80.27996826,80779,80908,129
13.08207035,80.27848816,80938,81031,93
13.08183956,80.27787018,81031,81062,31
13.07831955,80.27546692,81062,81166,104
12.98682022,80.25920105,11213,11354,141
12.98717976,80.25907898,17958,18039,81
13.0137701,80.22318268,19843,19874,31
13.01539993,80.22492218,19944,19975,31
13.03382969,80.23040771,20407,20447,40
13.03359985,80.23036194,21033,21073,40
13.03349972,80.23043823,21073,21144,71
12.98771,80.25138855,23877,23937,60
12.98771,80.25567627,23998,24069,71
12.97873974,80.25261688,24811,25004,193
12.93177986,80.23869324,25738,25799,61
12.93101978,80.23842621,26182,26243,61
12.9562397,80.24330902,26736,26787,51
12.98746014,80.25140381,27270,27372,102
13.02381992,80.27353668,28047,28107,60
13.03394032,80.27651978,28299,28349,50
13.03394032,80.27642059,28781,28933,152
13.03394985,80.27635193,29498,29559,61
13.03415012,80.27617645,29831,29872,41
13.03392029,80.27622986,30104,30255,151
13.0340004,80.27626038,30255,30326,71
13.03349972,80.27716064,30386,30417,31
13.02600956,80.2752533,30548,30579,31
13.00160027,80.25656891,31165,31216,51
12.98727036,80.25945282,31598,31639,41
12.9867897,80.25863647,32063,32254,191
12.98756027,80.25588226,33183,33243,60
12.97634029,80.22187042,34243,34303,60
12.97871017,80.2256012,34415,34486,71
12.98729992,80.25145721,35100,35152,52
12.98777008,80.25520325,35243,35384,141
12.98688984,80.2590332,37433,37493,60
12.9872303,80.25914764,37493,37574,81
12.98756027,80.25589752,37675,37736,61
12.97681046,80.22126007,38704,38755,51
12.97653961,80.22122192,38765,38846,81
12.97622013,80.22164154,39340,39391,51
12.97636032,80.22181702,39391,39472,81
12.98725986,80.25144196,40055,40126,71
12.98781967,80.2542572,40186,40237,51
12.98777008,80.25485229,40267,40368,101
12.98696041,80.25935364,40519,40580,61
12.98692036,80.25939941,40580,40630,50
12.98698044,80.25914764,40963,41044,81
12.98781013,80.25192261,41254,41324,70
12.99339962,80.2181778,42443,42483,40
13.02560997,80.23020935,43309,43348,39
13.02970028,80.23079681,43490,43541,51
13.03374958,80.23053741,43632,43692,60
13.03456974,80.22982788,43783,43823,40
13.01123047,80.22350311,45121,45152,31
12.98770046,80.25437164,46896,46977,81
12.9878397,80.25457001,46977,47028,51
12.98725033,80.25839996,47108,47139,31
12.98698997,80.25856018,47169,47217,48
12.98678017,80.25863647,48622,48733,111
12.9871397,80.25847626,48733,48895,162
12.98754978,80.25611115,48945,49036,91
12.98785019,80.25189972,49127,49177,50
12.98134995,80.24295044,49510,49541,31
12.98060036,80.22901154,49902,49942,40
12.99462032,80.21733856,50566,50607,41
13.00784969,80.21302795,50860,50906,46
13.03378963,80.2305603,51534,51594,60
13.0344696,80.23040009,51604,51643,39
13.03458977,80.2303772,51643,51683,40
13.03419018,80.22988129,52077,52127,50
13.03417969,80.23023224,52127,52169,42
13.02692986,80.23296356,52370,52431,61
12.99740982,80.21630096,53248,53279,31
12.99730968,80.21647644,53279,53329,50
12.98369026,80.25235748,54459,54530,71
12.98384953,80.25234985,54530,54581,51
12.98521996,80.25193787,54611,54671,60
12.98536968,80.25186157,54671,54722,51
12.98729992,80.25137329,54762,54833,71
12.98775959,80.25524902,54904,55045,141
12.98715019,80.25914001,55196,55297,101
12.98760033,80.25623322,55319,55407,88
12.99588013,80.25582886,55612,55655,43
13.02377987,80.27355194,56323,56373,50
13.03349972,80.27674103,57079,57110,31
12.95689011,80.24382782,58500,58591,91
12.95650005,80.24372101,58591,58632,41
12.93575001,80.23388672,59955,59995,40
12.96269989,80.24623871,60521,60561,40
12.98536968,80.25193787,62707,62747,40
12.98777008,80.25501251,62939,62972,33
12.98766994,80.25511169,62972,63104,132
12.98676014,80.25904846,64698,64860,162
12.98736954,80.25872803,64890,64931,41
12.98756027,80.25617981,64961,65021,60
12.98480988,80.25222778,65193,65243,50
12.97996044,80.25273132,65312,65352,40
12.99106979,80.219841,66562,66642,80
13.00743961,80.21279907,67097,67137,40
13.00780964,80.21298218,67157,67197,40
13.02200985,80.22618103,67581,67621,40
13.02404022,80.2280426,67741,67781,40
13.02540016,80.22982788,67831,67882,51
13.02727032,80.23104095,67993,68094,101
13.02818966,80.23090363,68124,68195,71
13.02855968,80.23091888,68195,68235,40
13.03180027,80.23065186,68366,68407,41
13.03219986,80.23062134,68417,68546,129
13.03295994,80.23053741,68566,68728,162
13.03462982,80.23033905,68839,68875,36
13.03429985,80.22998047,68907,69079,172
13.03413963,80.23033142,69079,69180,101
13.03129005,80.23065948,69250,69331,81
13.03100014,80.23065948,69341,69382,41
13.02694988,80.23294067,69523,69573,50
13.01441956,80.22618103,69906,69937,31
13.0085001,80.21353149,70212,70293,81
13.00807953,80.21327972,70293,70344,51
12.99744987,80.21620941,70566,70657,91
12.9836998,80.21798706,71121,71161,40
12.98330975,80.21800232,71161,71230,69
12.98291969,80.21795654,71230,71382,152
12.98254013,80.21795654,71382,71463,81
12.9821701,80.21795654,71463,71513,50
12.98178005,80.21800232,71513,71574,61
12.98139954,80.21807861,71574,71635,61
12.98089027,80.2182312,71645,71695,50
12.97976971,80.21868134,71775,71857,82
12.97947025,80.2188797,71857,71937,80
12.97912025,80.21898651,71937,72089,152
12.97875023,80.21903992,72089,72230,141
12.97844028,80.21926117,72240,72402,162
12.97803974,80.21942139,72412,72583,171
12.97708988,80.21975708,72634,72684,50
12.97675991,80.21994019,72684,72805,121
12.97638035,80.22009277,72805,72866,61
12.97603989,80.22022247,72866,72906,40
12.98124981,80.23692322,73270,73340,70
12.98011971,80.25213623,73570,73601,31
12.98746014,80.25141907,73693,73814,121
12.98783016,80.25421906,73884,73985,101
12.98696041,80.25958252,74823,74924,101
12.98692036,80.25956726,74924,75005,81
12.9868803,80.25901794,75055,75106,51
12.97609043,80.22161865,76073,76113,40
12.97591019,80.22129822,76113,76194,81
12.99615002,80.21653748,76658,76719,61
12.99654007,80.2164917,76729,76769,40
13.03417969,80.2298584,78052,78123,71
13.03415966,80.23021698,78123,78163,40
13.02507973,80.22975159,78455,78557,102
13.00813007,80.21337891,79233,79269,36
12.99765015,80.21607971,79524,79564,40
12.98696041,80.25964355,80912,81092,180
13.05045033,80.20619202,464,516,52
13.05051994,80.2062912,778,826,48
13.05053043,80.20614624,1091,1136,45
13.05016994,80.20632935,1707,1753,46
13.05041981,80.20622253,2636,2683,47
13.05062008,80.20630646,2949,2990,41
13.05047035,80.20622253,3252,3303,51
13.05053043,80.20612335,3565,3614,49
13.05056,80.20620728,3878,3923,45
13.05045033,80.20617676,4182,4232,50
13.05041981,80.20623779,5110,5161,51
13.05047989,80.20630646,6040,6089,49
13.05056,80.20619202,6353,6397,44
13.05049038,80.20623779,6655,6696,41
13.05053043,80.20613861,9003,9047,44
13.05049038,80.20607758,9620,9658,38
13.05053043,80.20623016,10226,10274,48
13.05056,80.20616913,10539,10584,45
13.05074024,80.20639801,11155,11202,47
13.05058956,80.20616913,11771,11821,50
13.05047035,80.20626831,12084,12133,49
13.05056,80.20635986,12397,12443,46
13.05053997,80.20625305,12712,12753,41
13.05058002,80.20617676,13015,13064,49
13.05062008,80.20612335,13328,13374,46
13.05064011,80.20619202,13944,13994,50
13.05064011,80.20623016,14257,14305,48
13.05035973,80.20597839,14570,14615,45
13.05045986,80.20622253,14883,14924,41
13.05049992,80.20641327,15186,15234,48
13.05051994,80.20619965,16731,16780,49
13.05053997,80.20622253,17043,17074,31
13.05056,80.20614624,17660,17710,50
13.05053043,80.20635986,17983,18021,38
13.05056,80.20628357,18286,18331,45
13.05049992,80.20626068,18899,18946,47
13.05056953,80.20619202,19526,19565,39
13.05062008,80.20623779,19839,19875,36
13.05051994,80.20619202,20759,20803,44
13.05041027,80.20619202,21374,21423,49
13.05049992,80.20617676,21990,22041,51
13.05064011,80.20628357,22303,22352,49
13.05051994,80.20628357,22616,22661,45
13.05035973,80.20625305,22919,22970,51
13.05053043,80.20622253,24161,24206,45
13.05053043,80.20622253,24206,24290,84
13.05060959,80.20625305,24290,24334,44
13.05064011,80.20613098,24592,24644,52
13.05051994,80.20633698,24905,24955,50
13.05066013,80.20613861,25219,25265,46
13.05051994,80.20622253,25834,25885,51
13.05049992,80.20620728,26148,26195,47
13.05049992,80.20623016,26764,26814,50
13.05056,80.20622253,27076,27125,49
13.05053997,80.20625305,27389,27435,46
13.05051994,80.20613098,28005,28054,49
13.05047035,80.20622253,28934,28983,49
13.05053997,80.20620728,29864,29912,48
13.05049038,80.20626831,30176,30207,31
13.05051041,80.20619202,30479,30526,47
13.05053043,80.20628357,31715,31764,49
13.05045986,80.20622253,32027,32072,45
13.05049992,80.20622253,32330,32381,51
13.05051994,80.20616913,32643,32691,48
13.05053997,80.20623016,33259,33307,48
13.0503397,80.20628357,33875,33921,46
13.05070019,80.20620728,34188,34228,40
13.05080032,80.20622253,34794,34843,49
13.05053997,80.20626068,35107,35151,44
13.05045986,80.20614624,35410,35459,49
13.05051041,80.20619965,36026,36077,51
13.05060005,80.20623016,36339,36387,48
13.05053997,80.20629883,36965,37010,45
13.05056,80.20638275,37580,37629,49
13.05058956,80.20626068,37893,37938,45
13.05043983,80.20619202,38491,38524,33
13.05043983,80.20619202,38524,38724,200
13.0504303,80.20632935,38724,38769,45
13.05049038,80.20619202,39141,39182,41
13.05049992,80.20619202,39674,39720,46
13.05053043,80.20622253,39954,39998,44
13.05053043,80.20622253,40510,40552,42
13.05047989,80.20625305,41331,41376,45
13.05047989,80.20629883,41622,41670,48
13.05049992,80.20622253,42303,42348,45
13.05018044,80.20630646,43996,44040,44
13.05043983,80.20625305,44371,44419,48
13.05060959,80.2062912,44641,44683,42
13.05055046,80.2061615,47541,47585,44
13.05043983,80.20626831,47906,47953,47
13.05043983,80.20626831,47953,48129,176
13.05051041,80.20630646,48129,48173,44
13.05051041,80.20630646,48173,48345,172
13.05045986,80.20614624,51666,51708,42
13.05047989,80.20620728,51958,52008,50
13.05033016,80.20609283,52251,52305,54
13.05060005,80.20597076,52536,52581,45
13.05060005,80.20597076,52581,52780,199
13.05053997,80.20612335,52790,52830,40
13.05049038,80.20623779,53380,53422,42
13.05045986,80.20616913,54190,54236,46
13.05047989,80.20628357,54502,54549,47
13.05045033,80.20628357,55097,55143,46
13.05045033,80.20619202,55391,55432,41
13.05039978,80.20617676,55708,55752,44
13.05060005,80.20617676,56092,56135,43
13.05062008,80.20629883,56376,56423,47
13.05051041,80.20622253,56659,56704,45
13.05049992,80.20607758,57208,57251,43
13.05045986,80.20628357,57537,57581,44
13.05053043,80.20610046,57826,57871,45
13.05049992,80.2062912,58790,58834,44
13.05043983,80.20617676,59305,59349,44
13.05056,80.20617676,60258,60300,42
13.05053043,80.20622253,60828,60873,45
13.05049992,80.20619202,61132,61178,46
13.05051041,80.20625305,61454,61489,35
13.05055046,80.20626831,62087,62135,48
13.05047989,80.20622253,62775,62817,42
13.05056,80.20619965,63330,63362,32
13.05056,80.20617676,63631,63675,44
13.05051041,80.2061615,63914,63948,34
13.05049992,80.20622253,64187,64238,51
13.05060005,80.20620728,64742,64787,45
13.05066013,80.20632172,65796,65840,44
13.05045986,80.20619202,67539,67585,46
13.05045986,80.20630646,67820,67865,45
13.05056953,80.20636749,68092,68138,46
13.05056,80.20626831,68361,68405,44
13.05058002,80.20629883,68960,69006,46
13.05056,80.20630646,70286,70330,44
13.05051994,80.20632935,71659,71707,48
13.05041027,80.20626831,72399,72559,160
13.05047989,80.20629883,72559,72602,43
13.03380013,80.20545197,6954,7125,171
13.03394032,80.2053299,8538,8639,101
13.03384018,80.20543671,10849,11031,182
13.03425026,80.20554352,18560,18600,40
13.03437996,80.2052002,18651,18822,171
13.03392029,80.20517731,19276,19438,162
13.03396034,80.20513916,19438,19478,40
13.03512001,80.20516205,26653,26733,80
13.03553009,80.20517731,26743,26895,152
13.05655956,80.24260712,27970,28011,41
13.08205986,80.2751236,28878,28910,32
13.08714962,80.28368378,29152,29213,61
13.08753014,80.28366852,29213,29263,50
13.08784008,80.28366852,29273,29334,61
13.07254028,80.26026154,30140,30269,129
13.05181026,80.22028351,31721,31762,41
13.0352602,80.20886993,32285,32316,31
13.03546047,80.20845795,34979,35010,31
13.03497982,80.21170044,35090,35151,61
13.03530979,80.21221924,35171,35212,41
13.0363102,80.21228027,35272,35312,40
13.04115963,80.21559906,35454,35494,40
13.04321957,80.21701813,35555,35605,50
13.05255985,80.24062347,36520,36582,62
13.05521011,80.24221039,36663,36713,50
13.05632019,80.24253082,36763,36804,41
13.08714962,80.28366852,38247,38287,40
13.0822897,80.27854156,38842,38903,61
13.08156013,80.27545929,38989,39061,72
13.08067989,80.26550293,39264,39322,58
13.04732037,80.23316193,40703,40744,41
13.04397964,80.21765137,41458,41524,66
13.03499031,80.21121216,44735,44775,40
13.03730011,80.21230316,44855,44893,38
13.04146004,80.2158432,45024,45074,50
13.04337978,80.21716309,45135,45206,71
13.05206966,80.22010803,45387,45496,109
13.0525198,80.24073792,46234,46324,90
13.05648994,80.24256897,46425,46466,41
13.08203983,80.27539825,47616,47693,77
13.08740044,80.28362274,47937,47997,60
13.08786011,80.28359222,48008,48098,90
13.0824604,80.27864838,48338,48379,41
13.08148003,80.27529907,48490,48550,60
13.06762028,80.25505829,49144,49184,40
13.03542995,80.2052536,52138,52187,49
13.03485966,80.20562744,52217,52287,70
13.03479958,80.20596313,52541,52692,151
13.03528976,80.20517731,54648,54699,51
13.03565979,80.20520782,54699,54800,101
13.04139996,80.21572876,55962,56002,40
13.04362011,80.21729279,56063,56154,91
13.05257034,80.24047089,56890,56921,31
13.08205986,80.27813721,58041,58081,40
13.08689022,80.28372955,58263,58394,131
13.08767033,80.28365326,58475,58535,60
13.08800983,80.28359985,58545,58596,51
13.08236027,80.27858734,58908,58949,41
13.05292034,80.24186707,60222,60263,41
13.04176998,80.21611023,61369,61421,52
13.03553963,80.20558929,62945,63045,100
13.03540039,80.20549011,63600,63641,41
13.03859043,80.19286346,63933,63964,31
13.04345036,80.21717834,64953,65013,60
13.05210018,80.22016144,65195,65286,91
13.05315971,80.22303772,65346,65477,131
13.05364037,80.23519897,66012,66063,51
13.05323029,80.23741913,66184,66234,50
13.05249977,80.24085236,66274,66355,81
13.07781982,80.2623291,67410,67460,50
13.08038044,80.26513672,67561,67650,89
13.08199024,80.27481079,67920,67951,31
13.08199024,80.27800751,68062,68102,40
13.08808041,80.28365326,68779,68819,40
13.0825901,80.27866364,69041,69072,31
13.08164024,80.27619934,69172,69203,31
13.05175018,80.22025299,71591,71622,31
13.04413986,80.209198,75400,75460,60
13.05210972,80.22012329,76155,76196,41
13.05257988,80.24067688,76870,76920,50
13.06002045,80.24265289,77114,77165,51
13.08049965,80.26515961,77914,77985,71
13.08084011,80.27089691,78066,78116,50
13.08150005,80.27252197,78156,78257,101
13.08143997,80.27294159,78288,78358,70
13.08150005,80.27368164,78388,78429,41
13.08207989,80.27567291,78479,78520,41
13.08747959,80.28385162,78742,78891,149
13.08216,80.27848816,79113,79184,71
13.03536987,80.20523834,82371,82412,41
12.89873028,80.18035889,16,86,70
12.89867973,80.18042755,1005,1076,71
12.89885044,80.18032074,1076,1116,40
12.89877033,80.18039703,1116,1147,31
12.89861965,80.1802597,1369,1429,60
12.89871979,80.18051147,1439,1470,31
12.89871025,80.18038177,1470,1530,60
12.89877033,80.18041992,1540,1631,91
12.89867973,80.18061829,1631,1742,111
12.89865971,80.18029022,1742,1853,111
12.89881992,80.18052673,2368,2409,41
12.89863014,80.18035126,2409,2490,81
12.89869976,80.18041229,2792,2833,41
12.89855957,80.18049622,2903,3085,182
12.8985796,80.18044281,3085,3146,61
12.89875984,80.18042755,3146,3257,111
12.89861012,80.18013763,3257,3297,40
12.89896011,80.18026733,3530,3630,100
12.89873981,80.18036652,3630,3681,51
12.89877987,80.18031311,3681,3822,141
12.89873028,80.1805191,3822,3883,61
12.89848042,80.1803894,5812,5974,162
12.89855003,80.18044281,6014,6045,31
12.89888,80.1803894,6317,6368,51
12.89865971,80.18034363,6368,6550,182
12.89883041,80.18041992,6550,6620,70
12.89890957,80.1805191,6640,6701,61
12.89887047,80.18055725,6701,6782,81
12.89865971,80.18047333,6994,7075,81
12.89871979,80.18032074,7075,7176,101
12.89859962,80.18045044,7176,7236,60
12.89873028,80.18047333,7236,7357,121
12.89888954,80.18045044,7357,7448,91
12.89890003,80.18041992,7448,7620,172
12.89873028,80.18029785,7630,7761,131
12.89883995,80.18032074,8094,8286,192
12.8987999,80.18042755,8296,8428,132
12.89869022,80.18035126,8438,8619,181
12.89871025,80.18039703,8619,8771,152
12.89850044,80.18045807,9094,9205,111
12.89888,80.18048096,9205,9266,61
12.89873028,80.18032074,9629,9690,61
12.89885998,80.18029022,9690,9780,90
12.89881992,80.18039703,9780,9821,41
12.89865017,80.18048859,11719,11810,91
12.89892006,80.18045044,12507,12578,71
12.89877033,80.18035889,12588,12669,81
12.89871979,80.18038177,12669,12801,132
12.89875984,80.18038177,13295,13457,162
12.89894962,80.18036652,13457,13538,81
12.89867973,80.18029022,13548,13689,141
12.89877987,80.1802597,13699,13780,81
12.89892006,80.18023682,14032,14143,111
12.89879036,80.18018341,16880,16940,60
12.89869976,80.18045807,17253,17354,101
12.89888954,80.18028259,17354,17425,71
12.89885998,80.18045807,17425,17516,91
12.89885998,80.18029785,17516,17647,131
12.89885998,80.18045807,17647,17768,121
12.89869022,80.18036652,17788,17829,41
12.89871979,80.18044281,17829,17869,40
12.89869976,80.18051147,17869,17900,31
12.89863014,80.18042755,18192,18283,91
12.89887047,80.18041229,19192,19374,182
12.89885998,80.18019104,19394,19485,91
12.89881992,80.18034363,19485,19576,91
12.8987999,80.18045044,19576,19657,81
12.89879036,80.18048096,19657,19757,100
12.89890003,80.18049622,19767,19798,31
12.89894009,80.18034363,19808,19848,40
12.89888,80.18045044,19848,19970,122
12.89879036,80.18041992,19970,20070,100
12.89885998,80.18039703,20070,20121,51
12.89873028,80.18035126,20161,20202,41
12.89877033,80.18032074,20202,20293,91
12.89881992,80.18041229,20565,20606,41
12.89869976,80.18054962,20606,20676,70
12.89885044,80.18029022,21009,21050,41
12.89869022,80.18038177,21343,21393,50
12.8987999,80.18035126,21393,21434,41
12.89879036,80.18022156,22262,22362,100
12.89871025,80.18032074,22676,22756,80
12.8989296,80.18047333,24140,24242,102
12.89869976,80.18045044,24596,24707,111
12.89885998,80.18058014,25161,25232,71
12.89881039,80.18035889,25232,25293,61
12.89881039,80.18029022,25293,25333,40
12.89877033,80.18048859,25545,25696,151
12.89871025,80.18034363,26625,26737,112
12.89875031,80.18035889,26737,26869,132
12.89890003,80.18038177,27226,27368,142
12.89881039,80.18016815,27822,27913,91
12.89890003,80.18035126,28408,28488,80
12.89890003,80.18048096,28488,28579,91
12.89883041,80.18039703,28579,28640,61
12.89883041,80.18032074,28700,28882,182
12.89887047,80.18038177,28892,29003,111
12.89888,80.18029022,29003,29044,41
12.89877033,80.18029022,29044,29084,40
12.89865971,80.18029785,29135,29236,101
12.89881992,80.18041992,29236,29306,70
12.89885998,80.18035126,29306,29438,132
12.89879036,80.18045807,29438,29498,60
12.89885998,80.18034363,29993,30074,81
12.89881039,80.18026733,30084,30154,70
12.89879036,80.18028259,30154,30195,41
12.8987999,80.18045044,30195,30326,131
12.89869022,80.18041992,30336,30397,61
12.89875984,80.18031311,30397,30538,141
12.89869976,80.1805191,30538,30569,31
12.89881039,80.18044281,30580,30639,59
12.89887047,80.18045044,30660,30731,71
12.89877987,80.1803894,30741,30822,81
12.89867973,80.18028259,30822,30872,50
12.89869976,80.18016052,31771,31811,40
12.89852047,80.18019867,31821,31953,132
12.89883995,80.18035126,31953,32074,121
12.89879036,80.1803894,32074,32205,131
12.89881039,80.18028259,32427,32538,111
12.89863968,80.18010712,34507,34608,101
12.89879036,80.18031311,35588,35739,151
12.89867973,80.18026733,36012,36203,191
12.89840031,80.18041992,37072,37173,101
12.89904976,80.18018341,37193,37233,40
12.89869976,80.18032837,37233,37415,182
12.89859009,80.18035889,37415,37466,51
12.89871025,80.18029785,38427,38497,70
12.89869022,80.18048096,39174,39346,172
12.89873028,80.18038177,39346,39406,60
12.89863968,80.18035889,39406,39537,131
12.89873028,80.18038177,39537,39618,81
12.89875984,80.18028259,39618,39669,51
12.89867973,80.18035126,39669,39719,50
12.8985796,80.18035889,39729,39800,71
12.89863968,80.18048096,39830,39871,41
12.89871025,80.18034363,39901,39961,60
12.89873028,80.18045044,39961,40093,132
12.89861012,80.18032074,40093,40143,50
12.89852047,80.18016815,40143,40184,41
12.89875031,80.18031311,40204,40355,151
12.89883041,80.18016815,40375,40406,31
12.89873028,80.18035126,40406,40567,161
12.89871979,80.18044281,41557,41718,161
12.89881039,80.18038177,41758,41819,61
12.8985796,80.18016815,41819,41870,51
12.89867973,80.18031311,41880,42001,121
12.89863968,80.18058014,42001,42132,131
12.89881992,80.18034363,42152,42283,131
12.89883041,80.18054962,43263,43303,40
12.89871025,80.18039703,43303,43434,131
12.89865017,80.18045807,43818,43980,162
12.89863014,80.18035889,44010,44050,40
12.89875984,80.18042755,44050,44182,132
12.89867973,80.18035126,44182,44373,191
12.89861965,80.18032074,44575,44727,152
12.89871979,80.18049622,44727,44777,50
12.89865017,80.18045044,45111,45182,71
12.8987999,80.18029022,45192,45384,192
12.89863014,80.18018341,45394,45434,40
12.89865971,80.18029022,45434,45546,112
12.89842033,80.18036652,46161,46242,81
12.89853001,80.18032074,46242,46404,162
12.89867973,80.18035126,46414,46535,121
12.89867973,80.18039703,46535,46666,131
12.89869976,80.18041992,46666,46727,61
12.89873981,80.18038177,46727,46818,91
12.89885044,80.18034363,46818,46858,40
12.89881992,80.18041992,46858,47009,151
12.89879036,80.18023682,47009,47100,91
12.89873981,80.18019867,47363,47474,111
12.89859009,80.18035889,48201,48271,70
12.89855003,80.18038177,48271,48423,152
12.89873028,80.1802597,48625,48695,70
12.8987999,80.18029785,50149,50250,101
12.89863968,80.18041229,50644,50695,51
12.89883041,80.18035126,51270,51331,61
12.89873028,80.18048859,51906,52007,101
12.8986702,80.18015289,52321,52402,81
12.89875031,80.18036652,52402,52533,131
12.89881992,80.18015289,52533,52604,71
12.89877033,80.18035889,53603,53644,41
12.89875984,80.18042755,55309,55370,61
12.89877987,80.18055725,57258,57329,71
12.89896965,80.18035889,57329,57440,111
12.89877987,80.18047333,58136,58227,91
12.89855003,80.18035126,58227,58379,152
12.89879036,80.18060303,58379,58429,50
12.89875984,80.18060303,59511,59622,111
12.89879036,80.18038177,59622,59744,122
12.89875031,80.18058014,59744,59824,80
12.89863968,80.18039703,60258,60430,172
12.89888,80.18047333,60430,60551,121
12.89873028,80.18070984,60551,60592,41
12.89869022,80.18031311,60622,60683,61
12.89881039,80.18048096,60683,60733,50
12.89885044,80.18073273,60733,60905,172
12.89879036,80.18032074,60935,61117,182
12.89877033,80.18061829,61137,61197,60
12.8986702,80.1802597,61197,61298,101
12.89861012,80.1800766,61298,61339,41
12.89873981,80.18034363,61349,61399,50
12.89873981,80.18044281,61399,61430,31
12.89869976,80.18041992,61884,61945,61
12.89894962,80.18041992,61955,62015,60
12.89885044,80.18058777,62015,62096,81
12.89877033,80.18041992,62096,62146,50
12.89875031,80.18054199,62146,62197,51
12.89879036,80.18054199,62500,62631,131
12.89887047,80.18039703,62631,62681,50
12.89869022,80.18049622,62692,62752,60
12.89873981,80.18054962,62782,62833,51
12.89887047,80.18055725,62833,62873,40
12.89873981,80.18048096,62873,62904,31
12.89879036,80.18061829,63166,63206,40
12.89879036,80.18052673,63206,63378,172
12.89888,80.18049622,64004,64044,40
12.89867973,80.18019104,64357,64468,111
12.89877987,80.18041229,64479,64569,90
12.89877033,80.18061066,64569,64660,91
12.89865971,80.18036652,64660,64761,101
12.89867973,80.18032837,65256,65347,91
12.89883041,80.18035889,65619,65781,162
12.8987999,80.18041992,65781,65842,61
12.89888,80.18039703,66590,66670,80
12.8987999,80.1803894,67296,67428,132
12.8986702,80.18045807,67428,67519,91
12.89883995,80.18041992,67519,67589,70
12.89898014,80.18039703,67801,67902,101
12.89871979,80.18041992,68690,68821,131
12.89867973,80.18051147,69336,69396,60
12.89869022,80.18052673,69396,69457,61
12.89869976,80.18041992,69457,69497,40
12.89877033,80.18044281,69507,69639,132
12.89861012,80.18045807,69639,69800,161
12.89875984,80.18036652,69800,69841,41
12.89871979,80.18064117,70780,70860,80
12.89873028,80.18052673,70860,71012,152
12.89850044,80.1805191,71012,71072,60
12.89861965,80.18041992,71789,71870,81
12.89859962,80.18041992,71870,71941,71
12.89885998,80.18061829,71971,72082,111
12.8987999,80.18068695,72082,72122,40
12.89873028,80.18049622,72466,72547,81
12.89869976,80.18041229,72547,72597,50
12.89875031,80.18038177,73082,73132,50
12.89877033,80.18041992,73132,73253,121
12.89877987,80.18048096,73253,73294,41
12.89873028,80.18044281,73294,73455,161
12.89875031,80.1805191,73455,73516,61
12.89875984,80.18054962,73516,73566,50
12.89873981,80.18058014,73566,73637,71
12.89873981,80.18049622,73637,73698,61
12.89873028,80.1802597,74619,74710,91
12.89873028,80.18049622,74710,74821,111
12.89859009,80.18044281,74821,74872,51
12.89896965,80.18054962,75912,75952,40
12.89865971,80.1803894,75952,76043,91
12.89883995,80.18058777,76043,76134,91
12.89859962,80.18045044,76134,76194,60
12.89873028,80.18032837,76194,76275,81
12.89871979,80.1805191,76275,76326,51
12.89865971,80.18041992,76326,76447,121
12.89859962,80.1805191,76447,76528,81
12.8989296,80.18041992,76528,76588,60
12.89863014,80.18047333,76820,76851,31
12.89853001,80.18049622,77224,77366,142
12.89869022,80.18032074,77366,77527,161
12.89836979,80.18035889,77527,77618,91
12.89885044,80.18048859,78214,78305,91
12.89830017,80.18029785,78931,78971,40
12.89828014,80.18035889,78971,79021,50
12.89873028,80.18025208,80092,80253,161
12.89869976,80.18052673,80253,80354,101
12.89877987,80.18031311,80354,80425,71
12.89861012,80.18041992,80425,80546,121
12.89879036,80.18064117,80556,80638,82
12.89865971,80.18034363,81214,81305,91
12.8985796,80.18034363,81305,81457,152
12.89865971,80.18038177,81457,81598,141
12.89879036,80.18032074,81931,82123,192
12.89859009,80.18036652,82355,82446,91
12.89890003,80.18016815,82446,82487,41
12.8984499,80.18041992,83103,83153,50
12.89850998,80.18035126,83173,83234,61
12.89859009,80.18054199,83234,83345,111
12.89869976,80.18048096,83345,83426,81
12.89883995,80.18029785,83426,83476,50
12.89877033,80.18031311,83486,83547,61
12.89855003,80.18034363,84920,84991,71
12.89875031,80.18045044,85223,85324,101
12.89869976,80.18042755,85324,85374,50
12.89863968,80.18048096,85384,85425,41
12.89865017,80.18041992,85425,85475,50
12.89883995,80.18052673,85768,85829,61
12.89863968,80.18061829,86162,86303,141
13.01424026,80.22582245,20582,20643,61
12.99427986,80.20027924,21431,21611,180
12.93982029,80.18266296,22681,22762,81
12.92041016,80.18403625,23055,23096,41
12.91948032,80.18218994,23166,23349,183
12.92033005,80.18376923,23412,23463,51
12.93931961,80.18251038,23877,23968,91
12.99425983,80.20023346,25916,26007,91
12.92041969,80.18402863,27482,27513,31
12.93883991,80.18234253,28230,28281,51
12.94882965,80.18518829,28523,28564,41
12.99505997,80.20117188,29613,29693,80
12.9946003,80.20677185,30593,30724,131
12.99454021,80.20667267,31361,31411,50
12.97772026,80.19386292,32360,32400,40
12.92045975,80.18403625,33589,33649,60
12.93875027,80.18232727,34741,34831,90
12.94884014,80.18518829,35054,35125,71
12.99462032,80.20027161,36276,36307,31
12.99421978,80.20021057,37337,37438,101
12.99275017,80.1992569,37499,37539,40
12.94927979,80.18541718,38596,38688,92
12.92183971,80.18345642,39131,39191,60
12.92127037,80.18361664,39212,39262,50
12.93883991,80.18235779,40808,40858,50
12.94863033,80.18511963,41068,41108,40
12.95506001,80.18673706,41230,41261,31
12.97206974,80.19126129,41804,41946,142
12.97239971,80.19143677,41946,42036,90
12.99460983,80.20018005,42631,42681,50
12.99438953,80.20031738,43861,44003,142
12.97144985,80.19101715,44637,44746,109
12.95666027,80.18699646,45294,45334,40
12.93947029,80.18260956,45718,45749,31
12.91965961,80.18192291,48903,48943,40
12.92018986,80.18327332,48973,49014,41
12.9202404,80.18343353,49024,49064,40
12.94859028,80.18506622,49640,49671,31
12.99458981,80.2002182,50719,50750,31
12.99433994,80.20024872,52225,52406,181
12.94935036,80.18534851,53455,53526,71
12.92045021,80.18399048,54059,54110,51
12.92022991,80.18347931,55777,55817,40
12.93883991,80.18231964,56373,56413,40
12.94880009,80.18514252,56595,56646,51
13.02437973,80.22841644,59005,59065,60
13.01408005,80.22538757,59298,59411,113
13.00852013,80.21353912,60109,60160,51
12.99431038,80.20031738,60795,60947,152
12.92055988,80.18399811,62528,62579,51
12.92031956,80.18363953,63225,63357,132
12.93500996,80.18235779,63589,63650,61
12.93887997,80.18238068,63720,63761,41
12.98099995,80.19541168,64858,64909,51
12.99464035,80.2064209,65469,65521,52
12.99458027,80.20671844,66208,66339,131
12.99499035,80.20137787,66529,66570,41
12.99454975,80.20033264,66661,66701,40
12.98639965,80.19741821,66934,67025,91
12.98276043,80.19635773,67156,67196,40
12.98217964,80.19603729,67217,67257,40
12.98163986,80.19580078,67267,67303,36
12.98112011,80.19554138,67326,67366,40
12.97768021,80.19389343,67457,67497,40
12.97451973,80.19228363,67588,67619,31
12.97416019,80.19213867,67629,67710,81
12.97286034,80.19165802,67790,67821,31
12.95611954,80.18707275,68407,68467,60
12.9558897,80.1870575,68478,68538,60
12.94927025,80.18544769,68639,68730,91
12.93966007,80.18271637,68961,68993,32
12.92070007,80.18398285,69347,69407,60
12.91969013,80.18202972,69731,69771,40
12.94880009,80.18527222,70408,70488,80
12.95448971,80.18678284,70600,70660,60
12.95479965,80.18681335,70670,70749,79
12.95518017,80.18688202,70749,70800,51
12.97992992,80.19490051,71537,71628,91
12.98019028,80.19503784,71628,71689,61
12.98052025,80.19525146,71699,71739,40
12.98108006,80.19554138,71777,71837,60
12.98130035,80.19566345,71837,71889,52
12.99454975,80.20031738,72202,72233,31
12.99460983,80.20690155,72465,72637,172
12.99483967,80.20050812,72869,72900,31
12.9946003,80.20036316,72910,72960,50
12.98628998,80.19743347,73203,73283,80
12.97204018,80.19133759,73767,73798,31
12.95602989,80.18702698,74242,74293,51
12.91942024,80.18224335,75111,75233,122
12.95503998,80.18683624,76011,76061,50
12.95545006,80.18691254,76061,76092,31
12.9760704,80.19312286,76645,76686,41
13.14573002,80.24315643,20,170,150
13.16308022,80.24490356,695,887,192
13.16308975,80.24403381,917,958,41
13.16310024,80.24284363,1008,1048,40
13.09883022,80.24172211,11001,11061,60
13.15312004,80.24320984,13095,13135,40
13.10287952,80.24942017,16435,16496,61
13.10025024,80.21466827,22273,22435,162
13.00691986,80.24011993,24816,24856,40
13.00030994,80.26641846,26508,26559,51
12.99689007,80.25610352,26821,26882,61
13.00667953,80.24775696,27193,27243,50
13.07581997,80.23422241,29000,29061,61
13.08887005,80.23091125,31848,31888,40
13.08747959,80.23461914,31959,32131,172
13.06777954,80.24649811,33108,33148,40
13.03542995,80.23034668,34055,34126,71
13.02690029,80.23294067,34366,34487,121
13.00695992,80.24011993,35030,35091,61
13.00664043,80.25686646,36898,36929,31
13.00664043,80.24797821,37281,37350,69
13.00739956,80.23677826,37541,37572,31
13.01130962,80.22322845,37743,37784,41
13.02908039,80.23082733,38319,38400,81
13.0304203,80.23069,38440,38490,50
13.03421974,80.23036194,38630,38670,40
13.03415012,80.23699951,38801,38832,31
13.04461956,80.24046326,39074,39145,71
13.05220032,80.2407608,39326,39367,41
13.05257988,80.24130249,39387,39437,50
13.06544018,80.2435379,39690,39739,49
13.09838009,80.2141037,40810,40851,41
13.07614994,80.23387146,42285,42345,60
13.07637978,80.23673248,42386,42426,40
13.07656002,80.23754883,42466,42517,51
13.05286026,80.24188995,43622,43663,41
13.03367996,80.23045349,44296,44337,41
13.03124046,80.23071289,44387,44458,71
13.00687027,80.2400589,45267,45328,61
13.00535965,80.25730133,45650,45691,41
13.00356007,80.25695801,45752,45822,70
13.00212002,80.25665283,45861,45910,49
13.00006008,80.25641632,45951,45982,31
13.00026035,80.26609039,46497,46648,151
13.00030994,80.2663269,46648,46739,91
12.99610043,80.26322174,46961,47001,40
12.99720001,80.2558136,47173,47244,71
13.00603962,80.25733948,47484,47524,40
13.0065403,80.253479,47595,47635,40
13.00656033,80.25228119,47676,47746,70
13.00662994,80.2478714,47833,47895,62
13.00664997,80.24053192,48057,48088,31
13.02931023,80.23074341,48734,48774,40
13.03423977,80.2303009,48855,48895,40
13.03415012,80.23699951,49017,49077,60
13.03989983,80.23980713,49249,49319,70
13.06987953,80.24205017,50156,50187,31
13.07629013,80.23690033,50368,50399,31
13.07571983,80.23412323,50459,50510,51
13.08395958,80.2339325,50792,50823,31
13.10025978,80.21450043,51378,51418,40
13.10039997,80.21453094,51418,51469,51
13.07649994,80.23718262,52499,52535,36
13.05294037,80.24183655,53588,53629,41
13.04693985,80.23594666,53841,53881,40
13.03559971,80.23040771,54143,54234,91
13.02982044,80.23079681,54376,54416,40
13.02678013,80.23297882,54517,54588,71
13.00689983,80.2401123,55163,55242,79
13.00660992,80.25714111,55961,56031,70
13.00667953,80.25775146,56112,56153,41
13.00648975,80.2529068,56282,56322,40
13.00662041,80.24842072,56404,56520,116
13.02558041,80.2301178,57306,57356,50
13.03409958,80.23043823,57619,57679,60
13.03454018,80.23036194,57679,57780,101
13.03423977,80.23725891,57901,58028,127
13.06560993,80.24349213,58811,58902,91
13.07662964,80.23847961,59185,59255,70
13.07575989,80.23412323,59346,59407,61
13.10031986,80.2145462,60154,60204,50
13.07719994,80.24037933,62102,62153,51
13.05319023,80.24196625,63160,63230,70
13.03542042,80.23033142,63784,63896,112
13.03367043,80.23040771,63976,64027,51
13.03215981,80.23059845,64077,64138,61
13.03157997,80.23069,64148,64199,51
13.03085995,80.23069763,64239,64340,101
13.01449013,80.22621155,64825,64865,40
13.00823021,80.23365784,65016,65047,31
13.00658989,80.2547226,65539,65585,46
13.00656033,80.25634766,65625,65686,61
13.00249004,80.25675201,65807,65858,51
13.00016022,80.25641632,65898,65938,40
12.99744034,80.25595856,66009,66100,91
12.99625015,80.26228333,66251,66282,31
12.99602032,80.2677536,67332,67503,171
12.99650955,80.25892639,67766,67816,50
12.99668026,80.25753784,67857,67948,91
12.99676991,80.25631714,68008,68150,142
13.00074005,80.25641632,68281,68352,71
13.0060997,80.25740051,68453,68499,46
13.00627041,80.2574234,68499,68542,43
13.00642967,80.2545166,68642,68683,41
13.00648975,80.25331879,68723,68774,51
13.00658989,80.25184631,68814,68915,101
13.00660038,80.24826813,68966,69066,100
13.0197401,80.22460175,69693,69733,40
13.02412033,80.22814178,69956,70020,64
13.02562046,80.2301178,70020,70079,59
13.02639961,80.23123932,70151,70222,71
13.02742004,80.23101807,70282,70383,101
13.02855968,80.23088074,70424,70555,131
13.03003979,80.23074341,70595,70696,101
13.03427982,80.23036194,70807,70838,31
13.03481007,80.23033142,70858,70977,119
13.03415966,80.23695374,71108,71159,51
13.04012012,80.23989105,71330,71361,31
13.07569027,80.23410034,72450,72481,31
13.07793045,80.24578094,75296,75335,39
13.04712009,80.23473358,76439,76478,39
13.03524017,80.2303009,76667,76768,101
13.00018978,80.26644135,78632,78672,40
12.99565983,80.26772308,78773,78804,31
12.99685001,80.2562027,79056,79177,121
13.00656986,80.25190735,79478,79539,61
13.03481007,80.2303009,80587,80637,50
13.03415012,80.23713684,80769,80839,70
13.09887028,80.24102783,83563,83613,50
13.09902,80.240448,83684,83855,171
13.09858036,80.24227905,83936,84047,111
13.07478046,80.2181015,85279,85320,41
12.98692036,80.25914001,19303,19374,71
12.98301983,80.22197723,20409,20446,37
13.03427982,80.23042297,21768,21800,32
13.03334045,80.23049927,21830,21871,41
12.99357033,80.21044159,24193,24233,40
12.99322033,80.21192169,24263,24344,81
12.97556019,80.22064209,24769,24950,181
12.97576046,80.22094727,24950,25112,162
12.97556019,80.22086334,25264,25304,40
12.99372005,80.21009064,25816,25848,32
13.03497028,80.22982025,26967,27149,182
13.03460026,80.22978973,27149,27250,101
13.0342598,80.22998047,27250,27321,71
13.02707958,80.23298645,27551,27582,31
12.9973402,80.21048737,28538,28578,40
12.9951601,80.21024323,28649,28689,40
12.97595978,80.22103882,30316,30448,132
12.97552013,80.22093201,30611,30642,31
12.99386024,80.21009827,31220,31261,41
13.00786972,80.21304321,31786,31827,41
13.01177979,80.21920776,31954,31996,42
13.02585983,80.23062897,32459,32500,41
13.03460979,80.23027802,32712,32758,46
13.03505993,80.22998047,32778,32831,53
13.0346899,80.22981262,32831,32902,71
13.03421021,80.22988129,33195,33255,60
13.03415012,80.23032379,33276,33326,50
13.02705956,80.2329483,33514,33576,62
13.01961994,80.22464752,33831,33869,38
12.99740028,80.21044159,34655,34695,40
12.97560024,80.22055817,35352,35392,40
12.97550011,80.22088623,35958,36100,142
12.9916296,80.21266937,36542,36582,40
12.99705982,80.21042633,36835,36916,81
12.99857998,80.20738983,37047,37078,31
13.00788021,80.21305084,37381,37421,40
13.01515007,80.22470093,37694,37734,40
13.02842045,80.23085785,38116,38157,41
13.03372002,80.23046112,38298,38379,81
13.03450012,80.22976685,38450,38571,121
13.02985954,80.2308197,39268,39339,71
12.99361038,80.21012878,40671,40702,31
12.97593975,80.22026825,41184,41265,81
12.97603035,80.22131348,42031,42071,40
12.99359035,80.21031952,42637,42668,31
13.02587986,80.23069763,43727,43779,52
13.02799034,80.23094177,43870,43910,40
13.02886963,80.23082733,43951,43991,40
13.03454971,80.23033905,44153,44233,80
13.03479958,80.22988129,44274,44425,151
13.03452015,80.2297821,44436,44526,90
13.03419971,80.23020172,44537,44648,111
13.03124046,80.23068237,44728,44799,71
13.02702999,80.23294067,44961,45002,41
13.0230999,80.22747803,45135,45205,70
12.98768044,80.25525665,47443,47625,182
12.98729992,80.25843048,47736,47787,51
12.98696995,80.2591095,49815,49856,41
12.97996044,80.25270844,50167,50238,71
13.03470993,80.22978973,52428,52468,40
13.03454018,80.22978973,52468,52539,71
13.03429985,80.22975159,52549,52660,111
13.03423023,80.22998047,52660,52741,81
13.02293015,80.22733307,53061,53093,32
13.02595997,80.23097992,56729,56769,40
13.02917957,80.23075104,56840,56900,60
13.03372002,80.23039246,56991,57022,31
13.03415966,80.2298584,57466,57618,152
13.03423977,80.2301712,57618,57668,50
13.03419971,80.23043823,57678,57709,31
13.02672958,80.23303223,58003,58063,60
12.97692013,80.21990967,59666,59727,61
12.97626972,80.22019958,59758,59889,131
12.97570038,80.22090912,59950,60051,101
12.97574997,80.22103882,60273,60394,121
12.97531986,80.22077179,60546,60586,40
13.0302,80.23075867,62090,62170,80
13.03384972,80.23046112,62271,62302,31
13.03439045,80.23036957,62322,62362,40
13.03423023,80.23014069,62625,62706,81
13.03122044,80.23071289,62825,62946,121
12.97679996,80.21996307,64753,64915,162
12.97653008,80.2201004,64925,64975,50
12.97618961,80.22020721,64985,65127,142
12.97535992,80.22077942,65489,65579,90
13.00702,80.21273041,66661,66711,50
13.00747967,80.21283722,66741,66792,51
13.00772953,80.21295166,66792,66842,50
13.02433968,80.2285614,67305,67449,144
13.02729034,80.23104095,67580,67681,101
13.0276804,80.23091888,67691,67742,51
13.03230953,80.23058319,67903,67974,71
13.03293037,80.23053741,67994,68025,31
13.03357983,80.23049927,68045,68146,101
13.03392029,80.23052979,68156,68196,40
13.03442955,80.22972107,68287,68318,31
13.03417969,80.2297287,68328,68469,141
13.03427982,80.23001099,68469,68661,192
13.03227997,80.23056793,68752,68863,111
13.03112984,80.23066711,68894,68985,91
13.02668953,80.23300934,69132,69255,123
13.00846958,80.21350861,69934,70005,71
12.98396969,80.21795654,70914,70985,71
12.98184013,80.2179718,71106,71248,142
12.98145962,80.21803284,71248,71319,71
12.98110008,80.21814728,71329,71379,50
12.98075008,80.21826172,71379,71430,51
12.97879028,80.21901703,71531,71612,81
12.97826004,80.21929169,71652,71834,182
12.97787952,80.21945953,71834,71915,81
12.97731018,80.21968079,72127,72178,51
12.97694016,80.21980286,72178,72359,181
12.97661972,80.21999359,72369,72541,172
12.97589016,80.22023773,72582,72622,40
12.97609997,80.22133636,73430,73572,142
12.98050022,80.21824646,73784,73865,81
12.98085976,80.2181778,73865,73943,78
12.98130989,80.21794128,73964,74045,81
12.98169041,80.21785736,74045,74095,50
13.02935028,80.23074341,75510,75560,50
13.0341301,80.23042297,75641,75672,31
13.03429985,80.22978973,75742,75813,71
13.02688026,80.2329483,76268,76308,40
13.00946999,80.21472168,76930,77032,102
13.00829029,80.21338654,77092,77123,31
12.97663021,80.22003174,78080,78194,114
12.97609043,80.22023773,78234,78396,162
12.98128986,80.23847961,78759,78790,31
12.98746014,80.25140381,79083,79152,69
12.98770046,80.25575256,79212,79273,61
12.98715973,80.25958252,79343,79374,31
12.98682022,80.25959015,79384,79424,40
12.99707985,80.19168854,19231,19352,121
12.99740982,80.19145203,19796,19857,61
13.01387978,80.22316742,20553,20593,40
13.00452042,80.20133209,21492,21533,41
12.93959999,80.18260193,23423,23584,161
12.92331982,80.12101746,24874,24914,40
12.9224596,80.14225769,25488,25520,32
12.93889046,80.18235779,26327,26358,31
13.00918007,80.21083832,27967,28007,40
13.03485012,80.23023987,28643,28734,91
13.03454018,80.2299118,28996,29087,91
13.00856018,80.21353912,31074,31115,41
12.9493103,80.18543243,32748,32819,71
12.92263985,80.15216827,33775,33806,31
12.92339993,80.11692047,34392,34432,40
12.9236002,80.11682129,34443,34483,40
12.92333031,80.12095642,34604,34635,31
12.92325974,80.12109375,34635,34695,60
12.92331028,80.12142181,34715,34877,162
12.92304039,80.12550354,34948,34998,50
12.99584961,80.18952179,37578,37650,72
13.00914955,80.21077728,38077,38127,50
13.03003025,80.23072815,38880,38981,101
13.03491974,80.23016357,39112,39153,41
13.03129959,80.23069,39991,40041,50
12.97509003,80.19242859,41866,41947,81
12.97486019,80.19233704,41947,42017,70
12.97463989,80.19225311,42027,42088,61
12.97389984,80.19199371,42138,42169,31
12.92127991,80.18366241,43412,43453,41
12.9205904,80.18398285,43483,43564,81
12.92234993,80.14325714,44107,44162,55
12.92317009,80.12058258,44497,44528,31
12.9232502,80.12123108,45274,45406,132
12.92022038,80.18345642,46430,46468,38
12.93896961,80.18235779,46772,46804,32
12.95501041,80.18675232,47106,47137,31
12.95543957,80.1868515,47157,47225,68
12.99703979,80.19140625,48204,48245,41
12.99715996,80.19123077,50942,51023,81
12.92035961,80.18399811,52484,52565,81
12.92329025,80.12129211,53656,53838,182
12.92273045,80.15119934,54261,54292,31
12.99582005,80.18959045,56118,56168,50
13.00912952,80.21080017,56582,56632,50
13.02591038,80.23075104,57137,57188,51
13.03293991,80.23059082,57349,57400,51
13.03470039,80.23034668,57470,57551,81
13.0342598,80.22979736,57611,57692,81
13.03423023,80.23042297,58064,58134,70
13.02781963,80.23272705,58286,58326,40
13.02694988,80.23296356,58356,58427,71
13.0112896,80.22353363,58905,58988,83
12.95619965,80.1869812,60600,60632,32
12.94925022,80.1853714,60732,60823,91
12.9198904,80.18254089,61298,61348,50
12.92245007,80.14308929,61843,61913,70
12.92323017,80.12049103,62226,62257,31
12.94869995,80.18511963,64747,64838,91
12.98069,80.19525909,65746,65797,51
12.98091984,80.19539642,65797,65887,90
13.02482986,80.22920227,67284,67375,91
13.02565956,80.23027039,67416,67476,60
13.02760983,80.23101807,67577,67678,101
13.02795029,80.23097992,67678,67749,71
13.03258038,80.23058319,67890,67971,81
13.03388977,80.23052979,68042,68143,101
13.03417969,80.23052216,68153,68213,60
13.03427982,80.2297821,68304,68435,131
13.03415012,80.23014069,68435,68476,41
13.03411007,80.2305069,68476,68657,181
13.03199959,80.23069763,68748,68849,101
13.03085995,80.23079681,68890,68950,60
13.0233202,80.22766876,69243,69283,40
13.00852966,80.21363831,69788,69869,81
12.98209,80.19712067,70825,70865,40
12.9822197,80.19609833,70927,70987,60
12.98186016,80.19595337,71007,71038,31
12.95680046,80.18707275,71853,71914,61
12.95625973,80.18702698,71924,72015,91
12.9558897,80.18701935,72015,72096,81
12.93974972,80.18276215,72388,72439,51
12.92066002,80.18401337,72742,72812,70
12.92356014,80.11694336,73880,73911,31
12.92325974,80.12109375,74002,74042,40
12.92319012,80.12168121,74062,74242,180
12.92302036,80.1255188,74302,74343,41
12.92026043,80.18383026,75259,75290,31
12.94874001,80.18520355,75718,75758,40
12.9553299,80.1868515,75882,75933,51
12.99664974,80.19126129,76872,77018,146
12.9971199,80.19181824,85773,85834,61
12.98822021,80.22373962,3197,3338,141
12.98822021,80.22370911,14804,14905,101
12.98812962,80.22367096,18080,18141,61
12.98826981,80.22370911,18423,18575,152
12.98838043,80.22332764,26377,26409,32
12.98832989,80.22332001,31989,32040,51
12.99600029,80.23590088,34060,34091,31
13.00594044,80.24226379,34293,34333,40
12.99182034,80.23370361,35271,35342,71
12.98655033,80.23848724,37351,37382,31
12.99392033,80.23451996,38793,38834,41
12.98830986,80.22332764,39117,39159,42
12.98836994,80.2233429,44481,44512,31
13.00590038,80.24228668,45029,45060,31
12.99921989,80.23941803,45920,45961,41
12.98655987,80.23335266,46595,46635,40
12.98832989,80.22332764,48192,48223,31
12.98655033,80.23847198,51281,51362,81
12.98832035,80.22335052,51756,51816,60
12.99176025,80.23361969,52030,52080,50
13.00592041,80.24227905,52403,52443,40
12.99396038,80.23445892,53353,53394,41
12.99178028,80.23370361,53434,53515,81
12.98832989,80.22332001,53777,53828,51
12.99170017,80.23358154,55426,55467,41
12.98834038,80.22335815,60789,60839,50
12.98670959,80.23864746,61959,62131,172
12.98834038,80.22337341,62463,62494,31
12.99176979,80.23370361,62696,62727,31
13.00594044,80.24237823,63051,63102,51
12.99180031,80.23377991,64223,64254,31
12.98832989,80.22338104,64486,64587,101
12.98832989,80.2233429,66080,66111,31
12.99919987,80.23932648,67575,67615,40
12.98828983,80.22335052,68128,68199,71
12.98643017,80.23529816,69351,69411,60
12.98830032,80.22329712,69724,69786,62
13.00590038,80.24230194,70375,70425,50
12.99176025,80.2337265,71475,71506,31
12.98830032,80.22332001,71738,71791,53
12.98645973,80.2353363,72941,72981,40
12.98832989,80.22332764,73294,73335,41
12.98834991,80.2233429,75164,75204,40
12.9882803,80.23007202,76818,76858,40
12.9883604,80.22338867,77040,77131,91
13.02618027,80.26629639,803,914,111
13.02651024,80.26628113,20078,20220,142
12.93612003,80.12724304,25431,25471,40
12.93603992,80.12684631,26834,26905,71
12.96875954,80.1496582,27458,27489,31
12.98173046,80.16677856,27799,27830,31
12.98419952,80.17101288,27931,27991,60
12.98439026,80.17134094,27991,28042,51
13.00360012,80.20075226,28435,28466,31
13.00833035,80.23326111,29051,29092,41
13.0291996,80.24562073,29544,29594,50
13.02902031,80.24920654,29665,29705,40
13.08883953,80.29017639,31138,31194,56
13.08693981,80.28394318,31388,31540,152
13.08778954,80.28394318,32579,32670,91
13.08845997,80.2851181,32812,32913,101
13.08880043,80.29026794,33044,33094,50
13.04337978,80.27979279,33589,33700,111
13.03724957,80.26760101,33982,34073,91
13.02702045,80.25682831,34487,34568,81
12.93000031,80.12123871,37463,37503,40
12.92821026,80.11889648,37675,37715,40
12.93163013,80.12277985,38604,38644,40
13.00920963,80.21128082,40479,40519,40
13.02867985,80.24555969,41285,41325,40
13.02863979,80.24556732,41325,41396,71
13.02945995,80.24635315,41456,41497,41
13.02731991,80.25328064,41658,41698,40
13.02707958,80.25605011,41759,41830,71
13.02925968,80.26576996,42060,42100,40
13.03361988,80.26779175,42241,42272,31
13.08710003,80.28388977,44079,44159,80
13.0880003,80.28392029,44190,44260,70
13.08827972,80.283638,44260,44341,81
13.08839989,80.28504944,44513,44614,101
13.08874035,80.29025269,44745,44795,50
13.04319,80.27480316,45511,45551,40
13.03724003,80.26760864,45815,45885,70
13.03431988,80.26799774,45956,45996,40
13.02694035,80.25588226,46408,46449,41
13.02910042,80.24833679,46640,46782,142
13.02947998,80.24627686,46842,46933,91
13.02064037,80.24189758,47165,47236,71
13.0197401,80.24163055,47266,47327,61
13.01871014,80.24133301,47367,47407,40
13.00716019,80.24034119,47549,47599,50
13.00730991,80.23695374,47650,47690,40
12.93793011,80.12880707,49661,49692,31
12.9358902,80.12673187,50850,50891,41
12.99594021,80.18901825,52020,52060,40
13.00914001,80.2114563,52594,52625,31
13.02713013,80.25627899,53682,53719,37
13.02655983,80.26605225,53993,54024,31
13.02624035,80.26638031,54044,54082,38
13.02688026,80.25668335,57647,57688,41
13.02900982,80.24912262,57845,57877,32
13.02943993,80.24665833,57916,57959,43
13.00864029,80.21369171,58729,58760,31
12.96765041,80.14936829,60043,60093,50
12.93482971,80.12597656,61880,61930,50
12.97309017,80.15260315,62675,62715,40
13.00930023,80.21131134,63810,63860,50
13.02791023,80.24555969,64696,64746,50
13.02890015,80.24565887,64777,64868,91
13.02900028,80.24945831,64989,65059,70
13.02727985,80.25354767,65140,65191,51
13.02709007,80.25637817,65251,65332,81
13.03732014,80.26566315,65867,65913,46
13.04440022,80.26689911,66179,66260,81
13.04360008,80.27330017,66371,66411,40
13.04345036,80.27342224,66411,66461,50
13.06305981,80.2832489,66883,66914,31
13.0885601,80.29019928,67318,67388,70
13.08788967,80.28404999,68355,68476,121
13.08841991,80.28520966,68638,68678,40
13.08870983,80.29026031,68810,68850,40
13.06249046,80.28320313,69241,69281,40
13.04329014,80.27494812,69766,69877,111
13.0380497,80.2677002,70139,70181,42
13.03699017,80.26767731,70222,70294,72
13.03435993,80.26812744,70374,70425,51
13.02857971,80.25007629,70971,71002,31
13.02194023,80.24252319,71224,71255,31
13.01826954,80.24131775,71335,71396,61
13.00699043,80.24040222,71507,71547,40
13.00846004,80.21356201,71931,71992,61
12.92996979,80.12133789,73918,73998,80
12.9281702,80.11927032,74160,74259,99
12.93150043,80.12280273,75601,75632,31
13.0092802,80.21135712,77243,77283,40
13.00955963,80.21170807,77293,77364,71
13.01793957,80.24111938,77929,77970,41
13.02890968,80.24971008,78222,78262,40
13.02705956,80.25643921,78384,78434,50
13.02639961,80.26598358,78737,78777,40
13.02637959,80.26444244,78818,78898,80
13.02645016,80.26422119,78898,79070,172
13.02647972,80.26423645,79070,79161,91
13.02628994,80.26423645,80564,80675,111
13.02653027,80.26413727,80675,80817,142
13.02647972,80.2638092,84120,84160,40
13.04988003,80.21169281,20467,20518,51
12.98775005,80.25537109,23762,23793,31
12.98721981,80.25956726,23873,23974,101
12.97562027,80.22093201,25791,25872,81
13.06387997,80.21169281,28574,28624,50
13.03034019,80.20922852,29297,29328,31
13.0097599,80.21128082,29861,29892,31
13.00716972,80.22097778,30316,30353,37
12.98690987,80.21823883,30619,30651,32
12.98725986,80.25933838,31740,31781,41
12.98703957,80.25913239,33738,33779,41
12.98752975,80.25611877,33849,33970,121
12.97990036,80.25272369,34182,34213,31
12.97552013,80.22084045,34866,34947,81
13.02153015,80.20629883,36014,36079,65
13.03660965,80.21231079,36372,36412,40
13.04405022,80.21230316,36503,36662,159
13.0690403,80.2052002,37096,37137,41
13.05023956,80.21221161,38247,38287,40
13.04959011,80.21215057,38307,38338,31
13.01006985,80.21154022,39201,39264,63
13.00971985,80.21125793,39284,39324,40
13.00936031,80.21099854,39334,39365,31
13.00918007,80.21125793,39365,39405,40
12.9764204,80.22187805,40475,40506,31
12.98721981,80.25144196,41148,41230,82
12.98773956,80.25515747,41311,41482,171
12.98725033,80.25933075,41583,41624,41
12.98754025,80.25679779,42439,42560,121
12.9878397,80.25192261,42661,42742,81
12.97568989,80.221138,43587,43627,40
13.0348196,80.21190643,45224,45257,33
13.04409981,80.21230316,45378,45469,91
13.06873035,80.20516968,45993,46114,121
13.0683403,80.20539856,46145,46205,60
13.04660034,80.21231842,47770,47851,81
13.03833008,80.21237183,47962,48012,50
13.0097599,80.21125793,48725,48786,61
12.99588966,80.21669769,49490,49521,31
12.97589016,80.22016907,49863,49904,41
12.97574043,80.22016907,49904,49954,50
12.97570992,80.22026062,49954,49995,41
12.98746967,80.25131989,50750,50931,181
12.98787975,80.25237274,53453,53504,51
12.97988987,80.25227356,53675,53706,31
12.98130035,80.23809814,53968,54008,40
12.97562027,80.22091675,54402,54493,91
12.98371983,80.2177887,54674,54705,31
13.00714016,80.20976257,55298,55348,50
13.02993965,80.20897675,55802,55843,41
13.06315994,80.21157837,56496,56528,32
13.0135603,80.20459747,59187,59238,51
13.00951004,80.21114349,59440,59504,64
13.01502037,80.22589874,59756,59789,33
13.01502037,80.22589874,59789,59835,46
12.97673988,80.21997833,60563,60685,122
12.97618008,80.22025299,60695,60876,181
12.98779964,80.25480652,61613,61673,60
12.98775005,80.25488281,61673,61784,111
12.98779011,80.25488281,61784,61845,61
12.98696995,80.25914764,62761,62812,51
12.98748016,80.2568512,62872,63052,180
12.98779011,80.25180817,63131,63172,41
12.98073959,80.22917938,63758,63839,81
12.97539997,80.22084808,64151,64241,90
12.99637032,80.21653748,64695,64726,31
13.02565956,80.2071991,65594,65634,40
13.02752972,80.2081604,65694,65725,31
13.03590012,80.21228027,66037,66078,41
13.04969025,80.2121582,68256,68297,41
13.04601955,80.21234894,68347,68478,131
13.03423977,80.21214294,68740,68781,41
13.00979042,80.21128845,69465,69496,31
13.00948048,80.2110672,69496,69536,40
13.00010967,80.21765137,70182,70214,32
12.99773026,80.21653748,70345,70396,51
12.98499012,80.21794128,70789,70860,71
12.98237038,80.21804047,70971,71031,60
12.98200035,80.21795654,71031,71122,91
12.9816103,80.21800232,71132,71243,111
12.98122978,80.21806335,71243,71304,61
12.98085022,80.21819305,71304,71364,60
12.98050976,80.21835327,71364,71405,41
12.97848034,80.21920776,71526,71617,91
12.97801971,80.2193985,71627,71677,50
12.97768021,80.21949768,71677,71849,172
12.97688007,80.21984863,72121,72182,61
12.97657967,80.220047,72182,72323,141
12.97626019,80.22161102,72585,72626,41
12.98715973,80.25144196,73298,73382,84
12.98781967,80.25492096,73473,73584,111
12.98663044,80.25946045,73756,73796,40
12.98651981,80.25904083,74430,74511,81
12.98694038,80.25908661,74904,75005,101
12.98785973,80.25196838,75156,75197,41
12.97994995,80.25274658,75308,75348,40
12.97992039,80.25222778,75368,75399,31
12.97605038,80.2215271,76063,76113,50
12.97579956,80.22122192,76113,76153,40
12.97560978,80.22099304,76153,76204,51
12.98731995,80.21820068,76466,76497,31
12.99627018,80.21652222,76739,76789,50
13.04417992,80.21231842,78056,78118,62
13.04413986,80.21230316,78118,78158,40
13.06921959,80.20474243,80045,80076,31
13.04440022,80.21269226,80590,80621,31
13.04942036,80.20681763,80883,80923,40
13.05093956,80.20677948,81307,81377,70
13.05078983,80.20690918,81377,81408,31
13.0510397,80.20596313,86183,86324,141
12.99765968,80.25669861,1737,1789,52
12.99783039,80.25701904,9024,9165,141
12.99726009,80.25707245,18672,18703,31
12.99769974,80.25650787,20469,20559,90
13.01539993,80.22492218,22777,22808,31
13.03013992,80.20919037,23847,23887,40
13.04924011,80.20687866,25047,25188,141
13.04932022,80.2073822,26299,26359,60
13.04483986,80.21231842,26541,26591,50
13.00673962,80.25731659,29455,29566,111
13.00131989,80.25653839,29637,29707,70
12.99997997,80.26676178,30101,30212,111
13.00034046,80.26599121,30262,30363,101
13.00026989,80.26609039,30363,30434,71
12.99666977,80.25830841,31794,31854,60
12.9968996,80.25626373,31915,31975,60
13.00667953,80.25183868,32337,32407,70
13.02915001,80.23088837,33406,33454,48
13.03009987,80.20934296,34171,34252,81
13.02682018,80.2329483,38606,38697,91
13.0085001,80.23179626,39101,39183,82
13.00389957,80.25700378,39584,39625,41
13.00224018,80.25668335,39675,39736,61
12.99960041,80.25626373,39785,39816,31
13.00026989,80.26647949,41512,41553,41
12.99754047,80.25673676,42097,42138,41
12.99767017,80.25655365,42148,42239,91
12.99765015,80.25608826,42259,42299,40
12.99911022,80.25611877,42350,42400,50
13.00650024,80.25357056,42632,42683,51
13.00650024,80.25260162,42733,42804,71
13.02593994,80.23110199,43712,43768,56
13.02740955,80.23104095,43788,43830,42
13.02814007,80.23094177,43861,43901,40
13.02915955,80.23088074,43921,43982,61
13.04129982,80.19656372,45290,45331,41
13.04409027,80.20877838,45603,45634,31
13.04413986,80.2118988,45684,45724,40
13.04876995,80.20691681,45987,46027,40
13.04971027,80.21166229,46350,46431,81
13.04535007,80.21237946,46552,46673,121
13.02795982,80.23097992,48215,48266,51
13.0267601,80.23300171,48276,48316,40
13.00687981,80.24002075,48915,48956,41
13.00671005,80.25099945,49165,49196,31
13.00024986,80.26615906,49981,50092,111
13.00030041,80.26638031,50092,50223,131
13.0002203,80.26624298,50223,50324,101
13.0001297,80.26628876,50324,50445,121
13.00026035,80.26629639,50868,50899,31
13.00026035,80.26631927,50899,51060,161
12.99567032,80.2673111,51211,51242,31
12.99683952,80.25621033,51433,51474,41
12.9988699,80.2559967,51514,51554,40
13.00650024,80.25389862,51817,51867,50
13.0065403,80.25285339,51928,51968,40
13.00660992,80.25179291,51998,52089,91
13.00660038,80.24755859,52150,52261,111
13.0301199,80.20921326,53738,53779,41
13.04971981,80.21147919,56258,56328,70
13.02770042,80.23287201,58277,58330,53
13.02694035,80.23303223,58360,58421,61
13.00693989,80.23999786,59014,59095,81
13.00681973,80.25109863,59327,59389,62
13.00660992,80.25721741,59520,59571,51
13.00364017,80.25688171,59652,59712,60
13.00197983,80.2565918,59752,59813,61
12.99680042,80.25662231,61094,61225,131
12.99868011,80.25601959,61276,61316,40
13.00086021,80.2564621,61367,61427,60
13.00508976,80.25715637,61508,61568,60
13.01928997,80.22429657,62555,62595,40
13.02777958,80.23097992,62797,62828,31
13.02849007,80.23090363,62847,62898,51
13.02970982,80.2307663,62938,63001,63
13.0301199,80.20924377,63697,63728,31
13.04430962,80.21202087,64710,64761,51
13.04432964,80.21227264,64761,64811,50
13.04691982,80.21217346,64851,64912,61
13.0490799,80.20751953,66061,66152,91
13.04924011,80.20745087,66162,66273,111
13.04957962,80.21221161,66465,66514,49
13.0455904,80.21237946,66566,66646,80
13.03061008,80.23027039,68632,68771,139
13.00689983,80.23988342,69660,69741,81
13.00666046,80.24326324,69811,69852,41
13.00662994,80.24511719,69902,69933,31
13.0065403,80.25470734,70132,70173,41
13.00321007,80.25682831,70413,70453,40
12.99750042,80.25595856,70606,70727,121
12.99571991,80.26721954,70999,71181,182
13.00032997,80.26605225,71322,71433,111
13.00030994,80.26621246,71443,71604,161
12.99619007,80.26241302,72381,72450,69
12.99685001,80.25666046,72571,72672,101
12.99874973,80.25602722,72732,72773,41
13.00629997,80.2574234,72950,72983,33
13.00648022,80.2533493,73094,73164,70
13.00660992,80.25209808,73195,73295,100
13.00673008,80.24916077,73346,73417,71
13.00662041,80.24790955,73447,73517,70
13.00671959,80.2403717,73638,73699,61
13.03009987,80.20922852,75132,75202,70
13.03559017,80.20527649,75412,75443,31
13.04924965,80.20709229,76629,76702,73
13.04918957,80.20732117,76702,76782,80
13.04456043,80.21243286,77014,77083,69
13.00664043,80.25733185,79664,79755,91
12.99779034,80.25601959,80532,80582,50
12.99792004,80.25637054,82237,82429,192
12.99796009,80.25643158,82550,82620,70
12.99765968,80.25605774,82822,82903,81
12.90083981,80.22756195,85698,85737,39
13.09856033,80.24121094,647,798,151
13.09902,80.24040222,899,1081,182
13.09873962,80.24009705,1132,1293,161
13.09856033,80.24237061,18415,18486,71
13.09784031,80.24221802,18506,18537,31
13.02670956,80.23298645,21196,21236,40
13.07584,80.23401642,25211,25252,41
13.08753967,80.23464203,28231,28320,89
13.03518009,80.23026276,30066,30147,81
13.00666046,80.25733948,31216,31317,101
12.9968996,80.25611877,32683,32714,31
12.99699974,80.25598145,32714,32784,70
12.99746037,80.25585938,32815,32885,70
13.00656986,80.25240326,33178,33218,40
13.00667,80.24835205,33289,33340,51
13.01823997,80.224617,33994,34085,91
13.02196026,80.22619629,34175,34206,31
13.0254097,80.22989655,34326,34387,61
13.03423977,80.23040009,34629,34680,51
13.03425026,80.23725128,34831,34872,41
13.05230999,80.24079132,35296,35346,50
13.06569958,80.24359894,35667,35748,81
13.07641983,80.23699188,36030,36061,31
13.08578014,80.23438263,38431,38582,151
13.05311012,80.24192047,39993,40024,31
13.05047035,80.24044037,40104,40145,41
13.03625965,80.23056793,40648,40688,40
13.03083992,80.23068237,40839,40936,97
13.00689983,80.24004364,41635,41746,111
13.00677967,80.25141907,41947,41988,41
13.00666046,80.25731659,42301,42402,101
13.00650024,80.25344849,42624,42684,60
13.00656033,80.25244904,42725,42805,80
13.01556015,80.22503662,43338,43369,31
13.02795982,80.23097992,43671,43702,31
13.0287199,80.23091888,43732,43782,50
13.02993965,80.23082733,43813,43853,40
13.03411961,80.23046875,43984,44015,31
13.0344696,80.23042297,44025,44065,40
13.03411961,80.23721313,44176,44267,91
13.0399704,80.23986816,44396,44537,141
13.05233002,80.2408905,44901,44941,40
13.05655003,80.24259949,45072,45111,39
13.06540966,80.24359894,45364,45404,40
13.07629967,80.23712158,45687,45727,40
13.07577038,80.23407745,45768,45808,40
13.10041046,80.21457672,46593,46654,61
13.07631969,80.23684692,48388,48439,51
13.04642963,80.23954773,49772,49832,60
13.03343964,80.2303772,50246,50307,61
13.00438023,80.25704956,51616,51656,40
13.00133991,80.25649261,51757,51848,91
12.99617958,80.2677002,52222,52263,41
13.00024986,80.2662735,53080,53121,41
12.99687958,80.2561264,53403,53434,31
13.0065403,80.25324249,53736,53767,31
13.00664043,80.25211334,53807,53898,91
13.00667,80.24764252,53956,54077,121
13.02832985,80.23088074,54956,54996,40
13.03407955,80.23040771,55107,55158,51
13.10041046,80.21459198,57322,57362,40
13.0766201,80.23802185,59078,59118,40
13.03719997,80.23087311,60561,60722,161
13.03652954,80.23059082,60773,60843,70
13.03549957,80.23032379,60874,60975,101
13.02719975,80.23290253,61247,61308,61
13.02844048,80.2309494,64004,64175,171
13.03382969,80.23049927,64366,64408,42
13.03427029,80.23043823,64418,64589,171
13.03417969,80.23710632,64761,64842,81
13.05628014,80.24253845,65467,65498,31
13.06902027,80.24237061,65859,65900,41
13.07639027,80.23737335,66112,66152,40
13.08341026,80.23338318,66515,66546,31
13.08405972,80.23400116,66576,66626,50
13.09636021,80.2193222,67048,67089,41
13.09831047,80.21433258,67193,67243,50
13.10019016,80.21452332,67305,67355,50
13.07711983,80.2401886,69061,69101,40
13.05366993,80.24217987,70037,70068,31
13.04681969,80.23963928,70260,70301,41
13.04621983,80.23953247,70331,70412,81
13.03590012,80.23045349,70755,70866,111
13.0334301,80.2304306,70947,70987,40
13.00675964,80.25054932,72335,72384,49
12.99571991,80.26687622,73132,73163,31
12.99656963,80.26773071,74325,74356,31
12.99567986,80.26714325,74406,74447,41
12.99674034,80.25758362,74638,74679,41
12.99682999,80.25675964,74699,74790,91
12.99876976,80.25601959,74840,74881,41
13.00586987,80.25733185,75052,75113,61
13.00650024,80.25457001,75183,75234,51
13.00652027,80.2533493,75284,75385,101
13.00666046,80.25186157,75416,75476,60
13.00664043,80.2485199,75577,75634,57
13.03433037,80.2304306,76554,76595,41
13.03479004,80.2303772,76605,76661,56
13.10011959,80.21453857,78751,78791,40
13.0127697,80.22691345,3654,3755,101
13.01290989,80.22673798,7387,7447,60
13.01294994,80.22653961,14586,14677,91
13.01299,80.22682953,19092,19223,131
12.97566032,80.22109222,23106,23215,109
13.03491974,80.23020172,28947,28978,31
13.03450012,80.2299881,29844,30006,162
13.03421021,80.2298584,30520,30643,123
13.03419971,80.23029327,30844,30884,40
13.01136017,80.2233963,31529,31560,31
13.00821018,80.21334839,31739,31810,71
12.9210701,80.19695282,33330,33361,31
12.92333031,80.12117004,34719,34898,179
12.92339993,80.12152863,35523,35624,101
12.92031002,80.18388367,36537,36577,40
13.02760983,80.23095703,39195,39245,50
13.02927971,80.23075867,39286,39376,90
13.03048992,80.23068237,39397,39477,80
13.03468037,80.22991943,39608,39780,172
13.03411961,80.23008728,40626,40687,61
13.02328014,80.22756195,41069,41110,41
13.00806046,80.21327972,41714,41765,51
13.00771999,80.21295166,48272,48309,37
13.02198029,80.22615051,48606,48687,81
13.03439045,80.23032379,48990,49066,76
13.02690029,80.23294067,49261,49311,50
13.01414013,80.22550201,49664,49856,192
13.01430988,80.22550201,50129,50219,90
13.03472042,80.23029327,53625,53656,31
13.03462982,80.22976685,53696,53776,80
13.03417969,80.23029327,54028,54069,41
12.99578953,80.21674347,55147,55197,50
12.97556019,80.22096252,55611,55651,40
12.97517967,80.22059631,60858,61030,172
13.02927017,80.23088074,62400,62481,81
13.03396034,80.23047638,62652,62713,61
13.03421974,80.23023224,64002,64164,162
13.03300953,80.23049927,64214,64254,40
13.03223038,80.23062897,64295,64365,70
13.0302,80.23078156,64456,64516,60
13.00860977,80.21363068,65233,65283,50
12.99787998,80.21585846,65554,65586,32
12.99582958,80.21672821,65686,65717,31
12.97593975,80.22136688,66269,66319,50
12.9440403,80.20832062,66813,66853,40
12.91991043,80.18261719,67739,67830,91
12.92300987,80.15364075,68263,68314,51
12.92269993,80.15254211,68344,68404,60
12.92329979,80.12095642,69278,69369,91
12.92329979,80.12133789,69389,69480,91
12.9224596,80.14260101,69964,70014,50
12.91707993,80.19296265,70848,70889,41
12.92940044,80.20269775,71229,71260,31
12.97070026,80.21885681,71884,71985,101
12.97177982,80.21926117,72076,72177,101
12.97274971,80.21964264,72227,72328,101
12.97307968,80.2197876,72338,72398,60
12.97436047,80.2203064,72449,72529,80
12.97451973,80.2203598,72529,72610,81
12.98820019,80.22271729,73033,73114,81
12.98843002,80.22248077,73114,73185,71
12.99096966,80.21988678,73326,73396,70
12.9927702,80.21862793,73507,73547,40
12.99351978,80.21797943,73588,73628,40
12.99596977,80.21655273,73719,73801,82
12.99627972,80.21653748,73801,73832,31
13.02431965,80.2284317,74456,74487,31
13.02851963,80.23088074,74577,74608,31
13.03454018,80.2297821,74809,74910,101
13.03417969,80.22981262,74910,75099,189
13.03417969,80.2303009,75110,75190,80
13.02330971,80.2275238,75472,75523,51
13.00819969,80.21331787,76035,76075,40
12.97803974,80.22122955,76809,76869,60
12.97682953,80.22129059,76930,77071,141
12.9759798,80.22129822,77111,77252,141
12.92241001,80.14261627,79989,80020,31
12.97523975,80.22068024,81204,81275,71
13.01414013,80.22556305,82130,82179,49
13.03507996,80.20568848,3403,3596,193
13.03497982,80.20558929,3596,3676,80
13.03487015,80.20555878,3676,3838,162
13.03450012,80.20600891,4171,4292,121
13.03464985,80.20622253,6663,6754,91
13.03470039,80.20607758,6764,6805,41
13.03446007,80.20609283,11023,11194,171
13.03429031,80.20613098,11194,11376,182
13.03458977,80.20599365,11396,11507,111
13.03481007,80.2057724,11588,11659,71
13.03450012,80.20617676,17009,17100,91
13.03452969,80.20594788,19401,19512,111
13.03444958,80.20610046,19532,19573,41
13.03456974,80.20638275,21127,21228,101
13.04810047,80.21230316,24075,24115,40
13.05340958,80.21173859,24151,24345,194
13.06947041,80.20558167,24456,24516,60
13.05126953,80.2121582,41116,41167,51
13.0448904,80.21244049,41288,41417,129
13.03794003,80.21248627,41508,41548,40
13.00994968,80.21144867,42305,42345,40
13.0095396,80.21115112,42365,42406,41
12.99899006,80.2173996,43010,43161,151
12.99450016,80.21685028,43182,43222,40
12.97630024,80.22013855,43605,43767,162
13.03454018,80.23011017,9226,9356,130
13.03452969,80.23008728,18534,18727,193
13.03419971,80.2299118,19627,19708,81
13.03402996,80.23043823,22153,22199,46
13.03507996,80.23001862,22232,22343,111
13.03402042,80.22981262,22393,22454,61
13.03369999,80.22976685,23877,23978,101
13.03400993,80.22969818,23998,24058,60
13.03425026,80.2299118,24069,24220,151
13.02696991,80.23293304,24410,24450,40
13.00673008,80.24748993,27032,27112,80
13.03413963,80.23045349,27837,27877,40
13.03417015,80.23053741,28675,28755,80
13.03417969,80.23047638,28755,28816,61
13.03427982,80.23046112,29250,29401,151
13.03437042,80.23045349,29411,29502,91
13.02690029,80.23294067,29694,29744,50
13.03330994,80.26786041,31979,32039,60
13.00662041,80.25762177,32609,32650,41
13.0064497,80.25762939,32650,32750,100
13.03361034,80.23049164,33930,33991,61
13.03470039,80.22975159,34092,34203,111
13.03431034,80.22971344,34203,34314,111
13.03337955,80.22989655,39398,39478,80
13.0333004,80.23017883,40031,40062,31
13.03328037,80.23030853,40062,40112,50
13.03335953,80.2300415,40132,40183,51
13.03339005,80.23014069,40526,40657,131
13.03332996,80.2302475,41151,41293,142
13.03332043,80.23039246,42201,42332,131
13.03314018,80.23032379,47640,47691,51
13.03324032,80.23007965,49215,49376,161
13.03314018,80.23007202,49376,49417,41
13.03328037,80.2299881,49417,49457,40
13.04442024,80.2129364,60567,60646,79
13.04854012,80.21205902,60767,60828,61
13.04950047,80.21198273,60868,60908,40
13.06939983,80.12416077,62954,63004,50
13.06923008,80.12397766,63045,63093,48
13.06711006,80.17539215,64129,64170,41
13.06752014,80.17610168,64190,64311,121
13.07530975,80.19589233,64715,64755,40
13.06805992,80.20545959,65149,65199,50
13.06949043,80.20478821,65239,65300,61
13.05218029,80.21987152,65906,65955,49
13.05410004,80.22940063,66219,66260,41
13.04850006,80.23326874,66479,66560,81
13.03785038,80.23097992,66933,67045,112
13.03695011,80.23079681,67105,67216,111
13.03654957,80.23071289,67216,67267,51
13.03561974,80.23036194,67297,67489,192
13.03433037,80.22971344,67570,67630,60
13.05387974,80.22727203,68847,68888,41
13.05214024,80.21956635,69108,69148,40
13.04967022,80.21465302,69285,69328,43
13.0444603,80.21425629,69439,69529,90
13.04813957,80.21205139,69630,69671,41
13.04911995,80.21195984,69691,69751,60
13.05370045,80.21150208,69883,69953,70
13.05436993,80.21135712,69973,70032,59
13.05757999,80.21138,70082,70113,31
13.06355,80.2114563,70234,70284,50
13.06871986,80.20507813,70465,70505,40
13.0720396,80.20217896,70616,70657,41
13.07505035,80.19544983,70805,70836,31
13.07279015,80.18948364,70937,70968,31
13.06107998,80.1384964,71815,71856,41
13.06933022,80.12409973,72308,72358,50
13.06966019,80.12375641,72417,72589,172
13.06949997,80.20478058,74342,74433,91
13.05228043,80.22003174,75032,75075,43
13.05333996,80.22389984,75156,75226,70
13.03569031,80.23040771,75989,76060,71
13.0343399,80.23014069,77533,77685,152
13.01422024,80.2263031,79832,79863,31
12.97556019,80.22106171,80922,80993,71
12.94416046,80.2084198,81467,81498,31
13.03400993,80.23042297,24126,24167,41
13.03413963,80.23040771,24167,24237,70
13.03427982,80.2304306,24298,24399,101
13.00860023,80.21360016,25062,25093,31
12.91711998,80.19413757,26440,26471,31
12.92247963,80.14340973,27124,27164,40
12.97500038,80.2204895,29734,29774,40
12.9759798,80.221138,29814,29845,31
13.0259304,80.2307663,30981,31013,32
13.03485012,80.23026276,31184,31366,182
13.03477001,80.23000336,31376,31426,50
13.03464031,80.2300415,31426,31477,51
13.02713013,80.23288727,33076,33139,63
12.92022038,80.19664764,35386,35426,40
12.92275047,80.15206146,36042,36082,40
12.92247963,80.14305878,36201,36282,81
12.92267036,80.15126801,38411,38451,40
12.92033958,80.18386078,38854,38894,40
12.96741962,80.21749878,40130,40171,41
12.97220039,80.21936035,40272,40352,80
12.9732399,80.21977997,40413,40534,121
13.02569962,80.23030853,41925,41961,36
13.03001022,80.23078156,42105,42146,41
13.03456974,80.23036194,42235,42317,82
13.03421974,80.2299881,44807,44898,91
13.03147984,80.23065948,45012,45062,50
12.99510956,80.21700287,46183,46223,40
12.92325974,80.12114716,48961,49052,91
12.93109035,80.20298767,50442,50482,40
12.97523975,80.2206192,51167,51237,70
12.99582005,80.21659851,51762,51812,50
13.03487968,80.23020172,52781,52884,103
13.02700996,80.23291779,53092,53145,53
13.01406002,80.22525024,53707,53778,71
13.01418972,80.22598267,54353,54454,101
13.02875996,80.23079681,54936,54982,46
13.0346899,80.23026276,55116,55207,91
13.03460026,80.22976685,55247,55348,101
13.03425026,80.22994232,55348,55429,81
13.02305984,80.22741699,55843,55879,36
13.01988029,80.2247467,55941,55972,31
12.97566032,80.22113037,57231,57262,31
12.92346954,80.11962128,59434,59555,121
12.92333031,80.12122345,59616,59706,90
12.97385979,80.22016144,61774,61814,40
12.98262978,80.22186279,62046,62077,31
13.01968002,80.2245636,62871,62902,31
13.02879047,80.23088837,63161,63222,61
13.03446007,80.22976685,63475,63606,131
13.03429031,80.2297287,63622,63694,72
13.03419971,80.23016357,63694,63866,172
13.03361988,80.23049927,63896,63957,61
13.03330994,80.23052979,63967,64007,40
13.03199005,80.23065948,64068,64128,60
13.03147984,80.23071289,64148,64219,71
13.03017998,80.2308197,64259,64310,51
13.00852966,80.21356201,65046,65086,40
12.9755497,80.22102356,66024,66073,49
12.91985989,80.18251801,67478,67518,40
12.92269993,80.1525116,67992,68053,61
12.92356968,80.11686707,68839,69021,182
12.92323017,80.12178802,69969,70108,139
12.92238998,80.14109039,70512,70552,40
12.92243958,80.14235687,70592,70643,51
12.97076035,80.21881104,72256,72326,70
12.97109985,80.21893311,72326,72488,162
12.97148991,80.21910095,72488,72528,40
12.97185993,80.21923828,72528,72689,161
12.97290993,80.2196579,72740,72851,111
12.9734602,80.21985626,72871,72962,91
12.97480011,80.22048187,73012,73123,111
12.97515011,80.22059631,73123,73174,51
12.99363995,80.21790314,73862,73922,60
13.03454018,80.2297821,75032,75190,158
13.02311993,80.22744751,75603,75644,41
13.00848961,80.21350098,76067,76098,31
12.97889996,80.22116089,76870,76901,31
12.97784996,80.22119904,76951,77002,51
12.97751999,80.22126007,77012,77112,100
12.97677994,80.22129822,77143,77234,91
12.97609997,80.22123718,77274,77324,50
12.97542,80.22099304,77385,77445,60
12.92238998,80.14320374,79118,79158,40
12.92335987,80.11749268,79471,79538,67
12.92323971,80.12159729,79721,79771,50
12.9224596,80.14279175,80084,80122,38
13.01416016,80.2257309,82368,82507,139
13.02651978,80.26635742,22462,22583,121
13.02665997,80.26634216,22583,22775,192
13.07149029,80.27417755,30178,30228,50
13.08123016,80.275177,30410,30441,31
13.08689976,80.28127289,30804,30966,162
13.08180046,80.27693939,31087,31238,151
13.08160019,80.27572632,31319,31380,61
13.07559967,80.27641296,31572,31652,80
13.05391979,80.26413727,32349,32380,31
13.02649021,80.26573181,33793,33904,111
13.05107975,80.26405334,35308,35500,192
13.05128002,80.26406097,35500,35581,81
13.05163002,80.2639389,35581,35742,161
13.05200005,80.26383209,35742,35853,111
13.05237007,80.26374054,35853,35894,41
13.05317974,80.26384735,35934,36015,81
13.05362034,80.26390076,36035,36126,91
13.05393982,80.26412201,36136,36177,41
13.07127953,80.27423859,36894,36954,60
13.08139992,80.2751236,37186,37247,61
13.08197021,80.27542114,37277,37318,41
13.08712006,80.28128815,37681,37843,162
13.08238029,80.27854919,37974,38025,51
13.08174992,80.27616882,38146,38206,60
13.08156013,80.27562714,38226,38277,51
13.07386017,80.27645874,38489,38539,50
13.07201004,80.27484894,38590,38630,40
13.06566048,80.26773834,38913,38944,31
13.05498028,80.26441956,39226,39307,81
13.05397987,80.26422119,39347,39428,81
13.02670002,80.26576233,55271,55401,130
13.02665043,80.26570129,55401,55463,62
13.08043957,80.27523041,57647,57728,81
13.08187962,80.27526093,57758,57798,40
13.08788013,80.28134155,58111,58152,41
13.08168983,80.27616119,58727,58768,41
13.06785965,80.27120209,59242,59273,31
13.08092022,80.27523804,63332,63373,41
13.08773994,80.28141785,63696,63767,71
13.08181953,80.27700806,64302,64352,50
13.08148003,80.27542114,64432,64474,42
13.0738802,80.27648926,64645,64696,51
13.06869984,80.27204895,64837,64877,40
13.05356026,80.26396942,65372,65403,31
13.0403204,80.26805878,65806,65857,51
13.03806973,80.26763916,65948,66069,121
13.03709984,80.26753998,66140,66190,50
13.03110027,80.26683807,67745,67826,81
13.04131031,80.26815796,68331,68362,31
13.05220985,80.26376343,68685,68765,80
13.05245972,80.26376343,68765,68796,31
13.07087994,80.27403259,69573,69604,31
13.08195972,80.27552795,69907,69947,40
13.08794022,80.28141022,70220,70270,50
13.08152962,80.27557373,70937,70977,40
13.07077026,80.27430725,71300,71331,31
13.06844997,80.27189636,71401,71472,71
13.03757,80.26763153,72381,72462,81
13.07594967,80.27545166,17748,17849,101
13.0759697,80.27580261,17869,17950,81
13.07600975,80.27607727,17960,18051,91
13.07653999,80.27623749,18071,18182,111
13.08152962,80.27510834,18293,18354,61
13.08205032,80.27570343,18394,18475,81
12.98705959,80.25927734,20884,21055,171
13.08697987,80.28392792,24383,24544,161
13.08689022,80.28391266,24544,24635,91
13.08708954,80.28399658,24645,24787,142
13.08708,80.28386688,24797,24948,151
13.08780956,80.2838974,25362,25412,50
13.08841038,80.2829895,25563,25594,31
13.08883953,80.29023743,25794,25826,32
12.99687004,80.2559967,27679,27720,41
12.99695969,80.25585938,27730,27770,40
12.98816967,80.25588226,28018,28050,32
12.98756027,80.25601959,29332,29393,61
12.98836994,80.25578308,29433,29473,40
12.99518013,80.25295258,29641,29674,33
12.99695015,80.25576782,29735,29795,60
12.99621964,80.26772308,30058,30098,40
13.00107956,80.2673111,30179,30219,40
13.03322029,80.27739716,31216,31256,40
13.08524036,80.28414917,32221,32261,40
13.08841038,80.28484344,33018,33068,50
12.99695015,80.25601959,35236,35336,100
12.9872303,80.259552,35685,35718,33
12.98717976,80.25908661,35757,35799,42
12.98756981,80.25621033,35859,36049,190
13.0887804,80.29016113,38735,38815,80
13.08631039,80.28359985,38987,39024,37
13.08808994,80.28373718,39682,39722,40
13.08839035,80.2849884,39894,39954,60
13.0887804,80.29016876,40107,40152,45
13.04360008,80.2798233,40817,40857,40
13.01605034,80.25965881,41596,41642,46
12.99685955,80.25617981,42437,42597,160
12.99456024,80.25251007,42687,42718,31
12.9907999,80.25592804,42786,42826,40
12.98735046,80.25875854,43119,43160,41
12.98744965,80.25794983,43180,43250,70
12.99695015,80.25567627,43593,43690,97
13.08876038,80.29019165,46080,46151,71
13.08740044,80.28369141,46363,46413,50
13.08786964,80.28362274,46433,46484,51
13.08248997,80.27861786,46726,46766,40
13.07616997,80.27596283,46948,47140,192
13.08123016,80.27514648,47271,47331,60
13.08780003,80.28395844,47584,47735,151
13.08837986,80.28491974,47967,48017,50
13.0884304,80.28523254,48017,48058,41
13.05685043,80.2819519,48690,48721,31
13.02404976,80.27401733,49374,49415,41
12.99565029,80.26735687,50240,50280,40
12.99685955,80.25611115,50480,50531,51
12.98845005,80.25589752,50802,50853,51
12.98721981,80.25952148,50944,51035,91
13.04316044,80.27957916,53264,53314,50
13.08672047,80.28391266,54283,54343,60
13.08788967,80.28392792,54777,54969,192
13.08835983,80.28478241,55209,55259,50
12.99073029,80.25576782,57635,57676,41
12.9872303,80.25937653,57857,57918,61
12.98754025,80.25617218,58642,58793,151
12.99695015,80.25559998,59086,59126,40
12.99627972,80.26779175,59360,59402,42
13.02974033,80.27671814,60441,60479,38
13.03081036,80.27723694,60540,60580,40
13.03227043,80.27757263,60650,60711,61
13.03322029,80.27742004,60762,60822,60
13.06373978,80.28337097,61385,61416,31
13.07322979,80.28523254,61537,61577,40
13.08689976,80.28398132,62102,62172,70
13.08841991,80.28514862,62677,62747,70
13.01599979,80.25965118,64430,64613,183
13.00090027,80.26727295,65016,65047,31
12.99565983,80.26721954,65430,65501,71
12.99678993,80.25714874,65703,65834,131
12.99687958,80.25601196,65854,66005,151
12.98832035,80.25588226,66245,66276,31
12.98719978,80.25950623,66356,66387,31
12.98752975,80.25666809,67266,67357,91
12.99682045,80.25505829,67749,67838,89
12.99569035,80.26699066,68201,68362,161
13.02369976,80.2734375,69432,69472,40
13.03271008,80.27749634,69724,69765,41
13.08876038,80.29013824,70938,70974,36
13.08652973,80.2837677,71168,71219,51
13.08677006,80.2840271,71229,71279,50
13.03394032,80.27745819,73159,73219,60
12.99785995,80.26747894,74297,74337,40
12.99561024,80.26737213,74862,74912,50
12.98717022,80.25959778,75477,75528,51
12.98701954,80.25935364,75538,75730,192
12.98709011,80.25907898,75730,75800,70
12.99693012,80.25549316,76395,76517,122
12.9968996,80.25585175,76527,76628,101
13.06392002,80.28343964,78682,78722,40
13.07339954,80.28524017,78833,78864,31
13.07602978,80.27633667,80877,80938,61
12.99744987,80.25672913,846,886,40
12.99748993,80.25670624,2420,2561,141
12.99757957,80.25675964,4499,4610,111
12.99742031,80.2567215,4610,4772,162
12.99750042,80.25659943,5761,5932,171
12.99769974,80.2568512,12089,12241,152
12.99765968,80.25662994,12493,12604,111
12.99769974,80.25634003,22113,22183,70
12.83938026,80.22770691,27320,27370,50
12.9489603,80.24064636,28672,28713,41
13.03450012,80.22975922,30469,30569,100
13.02700043,80.23294067,31871,31912,41
12.98797989,80.25131989,32689,32800,111
12.90126038,80.22801971,33950,33990,40
12.89896011,80.22782135,34021,34061,40
12.80506992,80.22400665,35201,35232,31
12.90060997,80.2278595,39823,39914,91
12.96341038,80.24668121,41771,41821,50
12.97976971,80.25261688,41993,42043,50
12.98781967,80.25469971,42245,42356,111
12.99236012,80.2559967,42487,42528,41
12.99466991,80.25588989,42639,42730,91
12.99664974,80.25588226,42790,42851,61
12.99717999,80.2569809,42942,43042,100
12.99742031,80.25731659,47594,47725,131
12.99754047,80.25723267,52195,52306,111
12.99738979,80.25730896,66979,67130,151
13.01414013,80.22575378,19853,19994,141
13.01414013,80.22592926,19994,20145,151
13.00806046,80.21324921,20761,20792,31
12.92323017,80.12064362,23198,23229,31
13.02303982,80.22736359,27952,27992,40
13.0087204,80.21370697,28445,28485,40
13.00829983,80.21337891,28515,28556,41
13.00796986,80.21320343,28556,28596,40
12.97556973,80.22097778,29250,29281,31
12.93369961,80.20391846,29884,29915,31
12.92321014,80.12071228,31397,31437,40
12.92350006,80.11710358,31518,31568,50
12.92331028,80.1213913,31940,32041,101
12.9230299,80.12558746,32899,32949,50
12.92276001,80.1517334,33363,33404,41
12.91716003,80.19313049,34009,34040,31
12.94443989,80.20838165,34623,34654,31
12.97614002,80.22122192,35146,35187,41
13.02974033,80.23075867,36579,36639,60
13.03495026,80.2301712,36760,36821,61
13.03427029,80.22975922,36881,37063,182
13.0323801,80.23062134,37396,37447,51
13.03106022,80.2306366,37477,37618,141
13.02715015,80.23296356,37750,37800,50
13.02326012,80.22747803,37941,38002,61
13.01414013,80.22521973,38222,38262,40
13.01414013,80.22550201,38272,38444,172
13.00823021,80.21334076,38757,38808,51
12.98231983,80.22180176,39353,39403,50
12.9819603,80.22160339,39403,39494,91
12.97593975,80.22126007,39585,39625,40
12.97579002,80.22116089,39625,39684,59
12.91716003,80.19429779,40654,40694,40
12.92317963,80.12059784,49628,49659,31
12.9232502,80.12117004,50577,50678,101
12.92271996,80.15144348,51039,51070,31
13.00769043,80.21286774,53179,53210,31
13.01467991,80.22559357,59903,59944,41
12.99775028,80.25630951,24405,24455,50
12.98781013,80.25578308,24617,24704,87
12.87469959,80.2098999,27388,27478,90
12.94890022,80.24060822,28877,28917,40
13.01366043,80.20464325,31010,31042,32
13.01062965,80.21195984,31240,31300,60
13.00988007,80.21131897,32441,32481,40
13.00955963,80.21109772,32481,32562,81
12.99357986,80.2181015,33278,33377,99
12.90709972,80.22834778,35514,35554,40
12.89933968,80.22795105,35715,35746,31
12.87642002,80.22663879,36109,36180,71
12.90614033,80.22814178,38044,38084,40
12.94873047,80.24051666,38647,38688,41
13.0072403,80.20977783,40692,40723,31
13.00973988,80.21130371,41187,41257,70
12.98254013,80.22189331,42981,43052,71
12.95701981,80.2438736,44108,44209,101
12.95666981,80.24375916,44209,44290,81
12.90116024,80.2280426,45088,45148,60
12.89262009,80.2274704,45310,45350,40
12.87462997,80.20990753,46226,46276,50
12.95629025,80.24330902,48284,48324,40
12.9985199,80.21674347,52838,52877,39
12.99798012,80.21656036,52888,52939,51
12.9760704,80.22129822,53544,53584,40
12.95678043,80.24365234,54488,54569,81
12.90106964,80.22798157,55377,55478,101
12.8993597,80.22776794,57516,57557,41
12.94884968,80.24060822,58278,58318,40
12.96335983,80.24659729,58561,58621,60
13.00807953,80.2096405,60341,60382,41
13.01366043,80.20462036,60583,60634,51
13.00930023,80.21116638,61814,61865,51
12.97988987,80.25260162,63681,63721,40
12.96516991,80.24742126,63963,63994,31
12.9071703,80.2283783,65013,65063,50
12.89941978,80.22789764,65224,65265,41
12.87444019,80.21012115,65929,65969,40
12.87467957,80.20993805,66019,66110,91
12.90075016,80.22789001,66746,66867,121
12.90328979,80.22798157,66907,66948,41
12.90587997,80.2281723,66988,67077,89
12.9096899,80.22865295,67168,67228,60
12.96630955,80.24771881,68211,68243,32
12.9764204,80.25112152,68405,68475,70
12.98132038,80.24288177,68717,68758,41
12.97717953,80.22267151,69260,69291,31
12.97603989,80.22126007,69371,69402,31
12.97541046,80.22049713,69442,69482,40
13.00998974,80.21148682,70912,71003,91
13.00961018,80.21115875,71013,71174,161
12.99734974,80.21652222,72375,72415,40
12.99190044,80.2192688,72647,72698,51
12.99155998,80.21954346,72730,72777,47
12.98484993,80.21797943,72899,72950,51
12.98437023,80.2179718,72960,73031,71
12.98213005,80.21800232,73182,73253,71
12.98174953,80.21803284,73263,73344,81
12.98136997,80.21807861,73344,73384,40
12.98052979,80.21835327,73455,73495,40
12.97910023,80.21893311,73576,73737,161
12.97877026,80.2190094,73737,73770,33
12.97768021,80.2195282,74134,74214,80
12.97735977,80.21968079,74214,74406,192
12.97669029,80.21997833,74426,74477,51
12.97630978,80.22013855,74477,74648,171
12.97988987,80.25258636,75313,75344,31
12.93397999,80.23306274,76129,76160,31
12.87448978,80.20970917,77278,77422,144
12.87928963,80.21221161,77563,77704,141
12.90118027,80.22798157,78161,78228,67
12.90602016,80.22824097,78258,78320,62
12.96341038,80.24659729,78986,79036,50
12.99763966,80.256073,81701,81812,111
12.99763966,80.2569809,83891,84022,131
13.02562046,80.23013306,24517,24568,51
13.03015041,80.20922089,25288,25338,50
13.04049969,80.20510101,26003,26054,51
13.04905987,80.20688629,26405,26439,34
13.04944038,80.20716858,26893,26984,91
13.04934025,80.20716095,26994,27055,61
13.04934025,80.2071991,27065,27146,81
13.0493803,80.20703888,27156,27327,171
13.04944992,80.20693207,27327,27378,51
13.04932976,80.20709991,27740,27781,41
13.04936981,80.20726013,27791,27831,40
13.03625965,80.20308685,28891,28941,50
13.00026035,80.26571655,31731,31852,121
13.00030041,80.26599884,31852,31953,101
13.00028038,80.26602173,32569,32609,40
13.00020981,80.26644135,32658,32700,42
13.00039959,80.26656342,32730,32791,61
12.99565983,80.26761627,32831,32881,50
12.99687958,80.25608063,33093,33144,51
12.99703979,80.25615692,33154,33192,38
12.99720001,80.25691986,33282,33324,42
12.99701977,80.25697327,33324,33405,81
12.99697971,80.25691986,33415,33496,81
12.99695015,80.25686646,33526,33637,111
12.99695015,80.25691223,33647,33718,71
12.99765015,80.25672913,33768,33799,31
12.99765968,80.25665283,33829,33900,71
12.99767971,80.25675964,33930,33970,40
12.99775028,80.25608063,33990,34021,31
13.00656986,80.25212097,34404,34465,61
13.00664043,80.24797821,34555,34596,41
13.00658035,80.24655914,34616,34656,40
13.02536011,80.22975159,35472,35573,101
13.02985954,80.23081207,35649,35691,42
13.02875996,80.22400665,35943,35975,32
13.04152966,80.19600677,37155,37337,182
13.04053974,80.2022171,37337,37506,169
13.04924011,80.20684052,37941,38002,61
13.04922962,80.2071228,38002,38123,121
13.04916,80.20706177,38153,38204,51
13.04916954,80.20694733,38234,38284,50
13.03658009,80.19676208,39577,39617,40
13.03668022,80.19920349,39648,39739,91
13.03194046,80.2181015,40345,40466,121
13.02832985,80.22437286,40537,40587,50
13.00702,80.2399826,41536,41587,51
13.00343037,80.25695038,42071,42112,41
13.00236034,80.25670624,42162,42233,71
13.00014973,80.25637817,42273,42304,31
12.99726963,80.2558136,42394,42435,41
12.99662971,80.25884247,42503,42534,31
12.99650002,80.25993347,42574,42735,161
12.99633026,80.26158905,42776,42816,40
12.99627972,80.26260376,43936,43967,31
12.99678993,80.25744629,44078,44158,80
12.99691963,80.25630188,44188,44259,71
12.99866009,80.25598145,44299,44330,31
12.99917984,80.25611877,44350,44400,50
13.00667953,80.25243378,44814,44895,81
13.00675011,80.248703,44996,45066,70
13.00737953,80.23687744,45288,45319,31
13.02826023,80.23090363,45954,46055,101
13.02915955,80.23085022,46086,46146,60
13.02869987,80.22400665,46408,46439,31
13.0307703,80.21083832,46832,46973,141
13.03563976,80.20542145,47154,47185,31
13.03617001,80.20152283,47211,47243,32
13.04415989,80.21186066,47927,47958,31
13.04473019,80.21237946,48823,48995,172
13.03540993,80.20822906,49832,49863,31
13.00699043,80.24342346,51697,51778,81
13.00673962,80.25496674,52000,52121,121
13.00660992,80.25711823,52121,52311,190
13.00257969,80.25682068,52351,52520,169
13.00020027,80.26625824,53763,53854,91
12.99565029,80.26715851,54005,54046,41
13.00673962,80.24971771,54722,54762,40
13.00660038,80.24845886,54812,54853,41
13.00741959,80.23658752,55105,55136,31
13.00876045,80.22911072,55216,55267,51
13.02917004,80.23075104,55791,55832,41
13.0352602,80.20860291,56667,56698,31
13.04979992,80.21160126,58421,58462,41
13.04463959,80.21250916,58583,58643,60
13.04034042,80.204422,58804,58956,152
13.03925037,80.19686127,59055,59126,71
13.03600025,80.20587158,59490,59571,81
13.03085041,80.21141815,59843,59874,31
13.03092957,80.21405792,59894,60003,109
13.02795029,80.22731018,60285,60344,59
13.03034019,80.2280426,60364,60404,40
13.00662041,80.25681305,61642,61693,51
12.99658966,80.25914001,62127,62167,40
12.99625969,80.2677536,62379,62419,40
13.00035954,80.2665863,62995,63146,151
13.00032997,80.26628113,63156,63227,71
12.99674034,80.26777649,63338,63419,81
12.99573994,80.26770782,63459,63651,192
12.99687958,80.25617981,63984,64064,80
12.99884033,80.25605774,64105,64155,50
13.00049973,80.25627136,64206,64256,50
13.00102997,80.25639343,64266,64337,71
13.0065403,80.25216675,64680,64741,61
13.00675011,80.2492218,64811,64882,71
13.0260601,80.23114777,65970,66030,60
13.02637959,80.23126221,66051,66151,100
13.02795029,80.23091888,66242,66333,91
13.03054047,80.23074341,66404,66464,60
13.04930019,80.20726776,68837,69019,182
13.04930973,80.20729065,69019,69160,141
13.04916,80.2075882,69200,69231,31
13.03886032,80.19947052,70181,70221,40
13.03250027,80.21177673,70927,70958,31
13.02978039,80.2085495,71049,71097,48
13.03100014,80.21008301,71117,71157,40
13.02900982,80.22738647,71723,71773,50
13.0309,80.23075104,72025,72066,41
12.99575996,80.26708221,74241,74392,151
12.99555016,80.26685333,74422,74453,31
12.99567986,80.26727295,74463,74513,50
12.99971962,80.26654816,74624,74665,41
13.00018978,80.2665329,74955,74986,31
12.99645996,80.2677536,75076,75117,41
12.99647999,80.26786041,75127,75167,40
12.9963398,80.2677002,75197,75228,31
12.99565983,80.26725769,75298,75329,31
12.99676991,80.25752258,75510,75561,51
13.00098038,80.25640106,75773,75813,40
13.00650024,80.25309753,75974,76015,41
13.00675011,80.25063324,76075,76116,41
13.00675964,80.24919128,76172,76215,43
13.00666046,80.24822998,76255,76326,71
13.03005981,80.20926666,78042,78083,41
13.04426956,80.21219635,79068,79104,36
13.04452991,80.21240997,79871,79932,61
13.04016018,80.19378662,80346,80386,40
13.03054047,80.22451019,81384,81495,111
13.02855015,80.22698975,81495,81535,40
12.99668026,80.2571106,82555,82666,111
13.00024986,80.26541901,82837,82989,152
13.00055027,80.26519012,83423,83544,121
13.00049019,80.26506042,83544,83604,60
13.00061989,80.26542664,84220,84321,101
13.00055027,80.26516724,84321,84361,40
13.00034046,80.26503754,84392,84432,40
13.00032997,80.26537323,84432,84483,51
13.00041962,80.2651825,84483,84583,100
13.00032997,80.26554871,84583,84664,81
13.00045013,80.26540375,84705,84765,60
13.00041962,80.26509857,84765,84846,81
13.00032997,80.26545715,84846,84896,50
13.00047016,80.26493835,85108,85159,51
13.00053978,80.26506042,85401,85502,101
13.00049019,80.26534271,85512,85623,111
13.00053024,80.26515961,85623,85704,81
13.00041962,80.26522064,85845,86007,162
13.00039005,80.26541138,86017,86057,40
13.00045013,80.26513672,86067,86239,172
13.0002203,80.26519775,86239,86279,40
13.07606983,80.27599335,19224,19386,162
13.08201027,80.27526093,19507,19598,91
13.00675964,80.24732208,21276,21314,38
12.72249031,80.18739319,23900,23951,51
12.7860899,80.22025299,25406,25437,31
12.90653992,80.22821808,26684,26767,83
12.94874954,80.24060059,27207,27247,40
12.98738003,80.25141144,27734,27801,67
13.08121967,80.27516174,29667,29708,41
13.08191013,80.27519989,29738,29908,170
13.08255005,80.27861786,31432,31473,41
13.08158016,80.27590179,31562,31663,101
13.08152962,80.27552032,31663,31713,50
13.07201958,80.27478027,31855,31895,40
13.06900978,80.27205658,31996,32027,31
13.03112984,80.24019623,32866,32967,101
13.00829029,80.23336792,33432,33472,40
13.00702953,80.23963928,33553,33593,40
12.98832989,80.25134277,33957,34008,51
12.96387959,80.24685669,34320,34383,63
12.90676975,80.22831726,35131,35222,91
12.9012804,80.22799683,35282,35323,41
12.81978035,80.23040771,38447,38478,31
12.83946037,80.22763824,38680,38720,40
12.95631027,80.24330902,40164,40204,40
13.08201981,80.27533722,43041,43092,51
13.08084011,80.27516174,45609,45720,111
13.08248997,80.27867889,46377,46418,41
13.0648098,80.26759338,46923,46974,51
13.03534031,80.24611664,47810,47851,41
13.0324297,80.24250031,47962,48061,99
13.03159046,80.24118805,48112,48192,80
12.78660965,80.22054291,51675,51726,51
12.78627968,80.22167206,51787,51908,121
12.9846096,80.25211334,55044,55164,120
13.02639961,80.23265076,56146,56197,51
13.03870964,80.24672699,56470,56510,40
13.07141972,80.27423096,57359,57410,51
13.08108044,80.27513885,57591,57713,122
13.07396984,80.27642822,58734,58774,40
13.0717802,80.2746582,58855,58906,51
13.06896019,80.2720871,58986,59027,41
13.03264046,80.24285889,59902,60014,112
13.03219986,80.24230194,60055,60166,111
13.03120041,80.24043274,60194,60326,132
12.9881897,80.25140381,61284,61395,111
12.95652008,80.24356079,61868,61909,41
12.72928047,80.18894196,67066,67115,49
12.78536987,80.2199173,67721,67782,61
12.88521957,80.22662354,69134,69165,31
12.9031496,80.22792053,69448,69498,50
12.95633984,80.24330902,70325,70386,61
13.0389204,80.24678802,72073,72134,61
13.08100986,80.27516174,73163,73284,121
13.05041027,80.20690918,10163,10264,101
13.05051041,80.20703888,10264,10385,121
13.05021954,80.20674133,17123,17214,91
13.05029964,80.20678711,17214,17294,80
13.05029011,80.20684814,17305,17426,121
13.05031967,80.2069397,17930,17991,61
13.05033016,80.20690155,17991,18152,161
13.05027962,80.20684052,18152,18223,71
13.05035973,80.20691681,18707,18858,151
13.04994965,80.2118988,22257,22298,41
13.00988007,80.21135712,24253,24311,58
12.9875803,80.25605774,27737,27797,60
12.97537994,80.22077179,28562,28693,131
13.04415035,80.21225739,30099,30139,40
13.0496397,80.21193695,30250,30281,31
13.05070019,80.2121582,31572,31612,40
13.04959965,80.21218872,31642,31673,31
12.98738003,80.25141907,34336,34378,42
12.98771954,80.25572205,34448,34600,152
12.98721981,80.25956726,34670,34771,101
12.9867897,80.25901031,35911,35971,60
12.98715019,80.25911713,35971,36012,41
12.98791027,80.25205994,36163,36221,58
12.98167992,80.2305603,36796,36857,61
13.00166035,80.21257782,37621,37652,31
13.06871033,80.20516205,39120,39191,71
13.05105972,80.21217346,41513,41554,41
13.00967979,80.21121979,42639,42720,81
12.9979496,80.21659851,43300,43331,31
12.97681046,80.21988678,43803,43843,40
12.97671032,80.21997833,43843,43984,141
12.9758997,80.22026062,44024,44115,91
12.98764992,80.25553894,44931,45005,74
12.9874897,80.2557373,45005,45096,91
12.98709011,80.25959778,45166,45206,40
12.98756981,80.25623322,47062,47183,121
12.97618961,80.22164154,48051,48091,40
12.97587013,80.22122955,48111,48161,50
13.05303955,80.21172333,49912,49973,61
13.05375957,80.21144867,49993,50043,50
13.0679903,80.20496368,50850,50891,41
13.04514027,80.21240997,51453,51574,121
13.03792,80.21237183,51685,51746,61
13.03505993,80.21224976,51786,51822,36
13.00074959,80.21803284,53002,53043,41
12.99754047,80.21652222,53184,53254,70
12.97597027,80.2201767,53698,53729,31
12.98394012,80.25228882,54445,54515,70
12.98406029,80.2522583,54525,54576,51
12.98534012,80.25189972,54606,54666,60
12.98554039,80.25182343,54666,54727,61
12.98748016,80.25131989,54767,54834,67
12.98771954,80.25544739,54896,55038,142
12.98651981,80.25926208,56127,56198,71
12.98672962,80.2590332,56208,56389,181
12.97988033,80.25270081,56700,56750,50
12.97533035,80.22075653,57414,57484,70
12.99693012,80.21646118,57898,57938,40
13.04391956,80.21227264,59056,59116,60
13.06871986,80.20516205,59628,59820,192
13.06832027,80.20513916,59820,59881,61
13.05097008,80.21228027,60607,60647,40
13.03787994,80.21250153,60849,60889,40
13.00957966,80.21116638,61635,61675,40
13.01264,80.22158813,61897,61934,37
12.97665977,80.22000885,62843,62908,65
12.9764204,80.22009277,62918,63101,183
12.97562981,80.22039795,63141,63212,71
12.97632027,80.22177124,63262,63293,31
12.97634029,80.22196198,63303,63343,40
12.98614025,80.25177002,63975,64047,72
12.9878397,80.25460815,64148,64249,101
12.98744965,80.25756836,66064,66135,71
12.98787975,80.25215912,66256,66327,71
12.9800396,80.25274658,66458,66498,40
12.97986031,80.25222015,66514,66547,33
12.9816103,80.23326111,66921,66961,40
12.98085976,80.21820068,67431,67492,61
12.98178005,80.2179184,67532,67582,50
12.99584007,80.21665192,67946,68024,78
13.00743008,80.20983124,68418,68468,50
13.0479002,80.21205139,69545,69606,61
13.04955959,80.21195984,69686,69747,61
13.0539999,80.21141815,69818,69888,70
13.05438995,80.2113266,69898,69939,41
13.06871986,80.20472717,70947,70998,51
13.06931973,80.20472717,71018,71078,60
13.05010986,80.21217346,71602,71673,71
13.04510021,80.21243286,71794,71854,60
13.03791046,80.21247101,71975,72016,41
13.00942039,80.21109772,72881,72931,50
12.99808025,80.21663666,73585,73645,60
12.9976902,80.21659088,73645,73706,61
12.99193954,80.21930695,73976,74007,31
12.98408031,80.21800232,74218,74269,51
12.98328972,80.21804047,74309,74380,71
12.98289967,80.2180481,74380,74440,60
12.98250008,80.2180481,74440,74622,182
12.98208046,80.21801758,74622,74672,50
12.98114014,80.21819305,74733,74773,40
12.97955036,80.21878052,74874,75005,131
12.97842979,80.21922302,75046,75197,151
12.97756958,80.21954346,75257,75308,51
12.97692966,80.219841,75338,75499,161
12.97663975,80.21997833,75510,75550,40
12.97589016,80.22116089,75651,75792,141
12.9874897,80.25138855,76516,76607,91
12.98715019,80.2596283,77000,77031,31
12.98655033,80.25930023,77061,77190,129
12.98703957,80.2591095,77230,77311,81
12.98750973,80.25666046,77362,77402,40
12.9878397,80.25209045,77501,77562,61
12.97988033,80.2527771,77704,77735,31
12.97595978,80.22135162,78420,78591,171
12.97568989,80.2210083,78601,78642,41
13.00782013,80.2099762,79488,79528,40
13.04938984,80.20680237,81816,81876,60
13.05095005,80.20702362,82582,82724,142
13.05066967,80.20709229,82724,82845,121
13.05018044,80.20684052,82865,82966,101
13.04994011,80.20728302,84652,84804,152
13.05004025,80.20700073,84804,84925,121
13.04998016,80.20729828,84925,84975,50
12.99771976,80.25630951,20225,20295,70
13.04473019,80.21231842,25601,25633,32
13.03687954,80.19867706,26277,26308,31
13.00697994,80.24008179,28114,28154,40
13.00671005,80.25711823,28445,28485,40
13.00127983,80.25656128,28595,28646,51
12.99724007,80.25596619,28736,28767,31
13.00030041,80.26631165,30452,30634,182
12.99687004,80.25628662,30997,31047,50
13.00102043,80.25639343,31148,31189,41
13.00662041,80.25202179,31370,31441,71
13.04432011,80.21205902,34271,34311,40
13.04936981,80.20713806,34975,35056,81
13.04948997,80.20726013,35308,35470,162
13.04407978,80.20890045,35792,35833,41
13.03862,80.19287872,36327,36358,31
13.03059006,80.2299881,37688,37770,82
13.00681973,80.25137329,38827,38867,40
13.00244045,80.25673676,39097,39148,51
12.99757004,80.25686646,39299,39407,108
12.99763012,80.2562027,39419,39541,122
13.00024986,80.2661972,39975,40116,141
13.00008965,80.26631165,40399,40500,101
13.00020981,80.26621246,40500,40581,81
12.99672985,80.25743866,40984,41015,31
12.99685955,80.25611877,41055,41146,91
12.9969101,80.255867,41156,41202,46
13.0064497,80.25344086,41557,41628,71
13.00652027,80.25227356,41689,41759,70
13.00660038,80.24810791,41860,41931,71
13.0259304,80.23078918,42858,42919,61
13.02900028,80.23078918,42995,43028,33
13.03003979,80.23072815,43057,43088,31
13.04988956,80.21183014,45381,45451,70
13.04516983,80.21240234,45552,45603,51
13.0353899,80.20835876,46498,46548,50
13.02987003,80.23081207,47475,47515,40
13.00139999,80.25653839,48634,48706,72
12.99785995,80.25686646,48827,48908,81
12.99765968,80.25698853,48918,49019,101
12.9975996,80.25675201,49029,49089,60
12.9976902,80.25663757,49089,49140,51
13.00024033,80.2661972,49612,49652,40
13.00018978,80.26638031,49652,49844,192
12.99678993,80.2564621,50197,50228,31
13.00646019,80.25260162,50561,50611,50
13.00667,80.25045013,50651,50692,41
13.00669003,80.24923706,50722,50760,38
13.00667953,80.24906158,50760,50821,61
13.00662041,80.24835205,50841,50902,61
13.02869987,80.22396088,52112,52143,31
13.03040981,80.21663666,52395,52431,36
13.04985046,80.21169281,55045,55124,79
13.02725029,80.23290253,57179,57241,62
13.00687027,80.2511673,58006,58046,40
13.00660038,80.25505829,58106,58137,31
13.00666046,80.25714111,58167,58258,91
13.0024004,80.25672913,58349,58399,50
12.99625969,80.26773834,58853,58894,41
12.99680996,80.25621796,59863,60015,152
13.00646973,80.25273132,60407,60478,71
13.01128006,80.2234726,60992,61023,31
13.02313995,80.22724915,61396,61436,40
13.02396011,80.22796631,61477,61517,40
13.02851963,80.23090363,61648,61679,31
13.03005981,80.20944977,62494,62544,50
13.03549957,80.20545959,62766,62807,41
13.04889965,80.20729828,63826,63874,48
13.04988003,80.21185303,64663,64713,50
13.04959011,80.21224976,64743,64794,51
13.04434013,80.21247864,64903,64963,60
13.04413986,80.21121979,64994,65064,70
13.03921032,80.19696808,65488,65538,50
13.0397501,80.19329834,65595,65627,32
13.03258991,80.21201324,66170,66201,31
13.03073978,80.23062134,67169,67331,162
13.02754021,80.23291779,67480,67583,103
13.02398014,80.22841644,67734,67765,31
13.00708961,80.2394104,68252,68303,51
13.00671959,80.24333191,68414,68474,60
13.00687027,80.25125885,68636,68696,60
13.00664043,80.25695038,68817,68856,39
13.00290012,80.25689697,68946,68987,41
13.00168991,80.25669861,69044,69107,63
12.99855042,80.25617218,69188,69248,60
12.99575996,80.26703644,69541,69662,121
12.99615955,80.26779938,69692,69733,41
12.99662971,80.2678833,70318,70449,131
12.9967804,80.25668335,70802,70954,152
12.99876976,80.25610352,71014,71075,61
13.00205994,80.25669098,71145,71186,41
13.00646019,80.25343323,71357,71488,131
13.02970982,80.23081207,72588,72629,41
13.02989006,80.23079681,72629,72689,60
13.02865982,80.22409058,72921,72972,51
13.03005981,80.2093277,73537,73577,40
13.04874039,80.20716095,74922,74962,40
13.04979992,80.21188354,76213,76254,41
13.04955959,80.2122879,76304,76335,31
13.03971004,80.19328308,76855,76906,51
13.03511047,80.21018982,77299,77391,92
13.03507996,80.21038055,77391,77462,71
13.02694988,80.23303223,78538,78588,50
13.00821972,80.23358154,79018,79091,73
13.00693035,80.24009705,79161,79192,31
12.99800014,80.25604248,79647,79687,40
12.99773979,80.25604248,79697,79788,91
12.99779034,80.25643158,79798,79848,50
12.99820042,80.25641632,83079,83190,111
12.99820042,80.25636292,85834,85986,152
13.09867001,80.24008179,2411,2482,71
13.09862995,80.24108887,5360,5441,81
13.09875011,80.24230194,25855,25936,81
13.09751034,80.24221039,25967,26057,90
13.10023975,80.21469116,26520,26570,50
13.07670021,80.23786163,27265,27316,51
13.02700996,80.23296356,28840,28910,70
13.00702953,80.23972321,29431,29474,43
13.00669003,80.25704193,29818,29887,69
13.00032043,80.2664566,31533,31634,101
12.99582005,80.26570892,31795,31967,172
12.99647999,80.26023865,32070,32116,46
12.99923038,80.25610352,32197,32230,33
13.00660038,80.25196838,32463,32523,60
13.00660992,80.24788666,32584,32624,40
13.02464008,80.22882843,33359,33390,31
13.03458977,80.23033905,33673,33714,41
13.03470039,80.23032379,33774,33825,51
13.03435993,80.23744202,33946,33986,40
13.05671024,80.24260712,34613,34644,31
13.06567001,80.24355316,34836,34903,67
13.07637978,80.2403183,35097,35178,81
13.07726955,80.23348236,35299,35340,41
13.0824604,80.23296356,35380,35448,68
13.08321953,80.23371887,35479,35519,40
13.08395958,80.23394775,35519,35570,51
13.08850002,80.23467255,35651,35691,40
13.08905029,80.23014069,35701,35752,51
13.09998035,80.21466827,36085,36145,60
13.09055996,80.22846222,37254,37446,192
13.08014011,80.23364258,37537,37668,131
13.07713985,80.24034119,37769,37809,40
13.07833004,80.25167084,37951,38021,70
13.07351971,80.25231934,38021,38052,31
13.07196045,80.25112152,38072,38153,81
13.06280041,80.24768066,38415,38476,61
13.0570097,80.24284363,38647,38678,31
13.05696964,80.24279022,38678,38758,80
13.04724026,80.23352814,39069,39100,31
13.03544044,80.23042297,39282,39373,91
13.02538013,80.22927094,39856,39927,71
13.01558018,80.22545624,40078,40159,81
13.00648022,80.25762939,41259,41373,114
13.0065403,80.25228119,41515,41603,88
13.00667,80.2487793,41644,41694,50
13.00658989,80.24772644,41725,41765,40
13.0068903,80.24929047,41765,41806,41
13.02404022,80.22798157,42429,42460,31
13.02585983,80.23059082,42581,42641,60
13.02787971,80.23069,42682,42829,147
13.03415966,80.23047638,42872,42912,40
13.03429985,80.23661804,43053,43164,111
13.03709984,80.23941803,43255,43296,41
13.03958035,80.23983002,43306,43356,50
13.03971958,80.23983002,43356,43437,81
13.04430008,80.24079132,43594,43647,53
13.05653954,80.24256897,43940,43980,40
13.0627203,80.24337769,44150,44190,40
13.08018017,80.2335968,44696,44737,41
13.09638023,80.21933746,45162,45193,31
13.10009956,80.21537018,45413,45474,61
13.10000038,80.21457672,45474,45625,151
13.07627964,80.23629761,46978,47048,70
13.07645035,80.23712158,47069,47160,91
13.05270004,80.24182892,48288,48329,41
13.03563023,80.23046875,48762,48822,60
13.00807953,80.23406219,49579,49619,40
13.00798035,80.23444366,49629,49690,61
13.0078001,80.23552704,49770,49882,112
13.00757027,80.23683167,49993,50053,60
13.00730991,80.23809814,50083,50114,31
13.00695038,80.2400589,50205,50245,40
13.00660038,80.25354004,50498,50578,80
13.00288963,80.25656128,50709,50770,61
12.9972496,80.25592804,50921,50972,51
13.03394032,80.23066711,54040,54172,132
13.03878975,80.23959351,54262,54424,162
13.04578972,80.23944092,54434,54545,111
13.07507038,80.240242,55109,55230,121
13.07581997,80.23406219,55280,55311,31
13.08870029,80.23017883,55607,55660,53
13.09270954,80.22570801,55710,55761,51
13.10017967,80.21446228,56003,56064,61
13.10027027,80.21485901,56124,56255,131
13.04730988,80.23339844,58194,58242,48
13.03361034,80.23053741,58536,58567,31
13.02715969,80.23291779,58738,58789,51
13.00693989,80.23989868,59352,59514,162
13.00648975,80.25292206,60410,60441,31
13.00660992,80.24764252,60563,60634,71
13.00660992,80.2474823,60634,60674,40
13.02305031,80.22712708,61350,61381,31
13.02414036,80.22817993,61461,61502,41
13.0348196,80.23034668,61825,61987,162
13.03431034,80.23739624,62108,62188,80
13.04020023,80.23990631,62320,62360,40
13.04043961,80.24034119,62380,62421,41
13.08407974,80.23400116,63733,63774,41
13.09840965,80.2141571,64226,64297,71
13.09864044,80.21405792,65508,65539,31
13.07870007,80.24967957,66557,66588,31
13.07872963,80.24989319,66598,66658,60
13.07876015,80.2502594,66679,66820,141
13.07851982,80.25055695,66830,66871,41
13.07853031,80.25102234,66881,66941,60
13.07861042,80.25158691,66961,66992,31
13.05372047,80.24226379,67888,67929,41
13.0527401,80.24183655,67959,68020,61
13.05150986,80.24067688,68262,68302,40
13.03637028,80.23058319,68747,68906,159
13.03349972,80.23043823,69260,69300,40
13.03153038,80.23065948,69356,69419,63
13.00708008,80.23911285,70223,70263,40
13.00671959,80.2462616,70506,70546,40
13.00681019,80.25079346,70629,70675,46
13.00660038,80.2569809,70767,70848,81
13.00290966,80.25679779,71020,71100,80
12.99804974,80.2559967,71232,71302,70
12.99580002,80.26634979,71585,71621,36
12.99612045,80.26767731,71674,71714,40
12.99656963,80.26773071,71724,71805,81
13.00026035,80.26641083,72278,72338,60
12.99666023,80.26779938,72429,72601,172
12.99668026,80.25762939,72904,72954,50
13.00646019,80.25282288,73404,73485,81
13.00662041,80.24842072,73617,73667,50
13.03411961,80.23039246,74658,74719,61
13.05235958,80.24079895,75315,75355,40
13.08393955,80.23390198,76263,76304,41
13.10029984,80.21489716,76939,77100,161
13.1001997,80.21482849,77100,77181,81
13.10037041,80.21469116,77191,77363,172
13.03524971,80.2303772,79321,79422,101
13.00664997,80.2572403,80581,80621,40
13.0065403,80.25222015,80874,80923,49
13.00656986,80.24780273,80995,81035,40
13.03476048,80.23027039,81760,81801,41
13.0448103,80.2403183,82106,82156,50
13.05074024,80.24044037,82308,82348,40
13.07654953,80.2405014,82792,82823,31
13.07573986,80.23407745,82924,82994,70
13.09904957,80.24111938,84014,84176,162
13.09846973,80.24030304,19276,19448,172
13.09883976,80.24162292,20225,20265,40
13.09875965,80.2420578,20275,20306,31
13.03547001,80.23040009,23264,23295,31
13.00693035,80.2400589,24021,24062,41
12.99613953,80.2677002,24707,24738,31
13.00037956,80.26608276,25989,26029,40
12.9969101,80.25601196,26320,26360,40
13.00667,80.25180054,26643,26704,61
13.00664043,80.24749756,26774,26855,81
13.03485966,80.2303009,27712,27772,60
13.07666969,80.2383728,28747,28787,40
13.10031986,80.21502686,29756,29807,51
13.09864044,80.21401978,30856,30896,40
13.08837032,80.2322464,31337,31439,102
13.06324005,80.24421692,32577,32608,31
13.05391026,80.24227905,32807,32838,31
13.00683975,80.25150299,34345,34396,51
13.00664997,80.25695801,34494,34525,31
13.00185966,80.25659943,34696,34757,61
12.99757004,80.25592804,34868,34904,36
12.9969101,80.25631714,35945,36137,192
12.99849033,80.25596619,36187,36218,31
12.99919987,80.25610352,36248,36309,61
13.00617027,80.2574234,36420,36470,50
13.00679016,80.24984741,36601,36652,51
13.00667,80.24784851,36712,36813,101
13.02925014,80.2308197,37802,37883,81
13.03370953,80.23047638,38003,38044,41
13.03437042,80.23039246,38064,38095,31
13.03452015,80.23033905,38095,38135,40
13.03421021,80.23705292,38276,38367,91
13.05642033,80.24256134,38881,38922,41
13.1001997,80.21450043,40252,40353,101
13.07645035,80.23706818,42612,42651,39
13.03124046,80.23065948,44362,44413,51
13.00658035,80.25715637,46126,46176,50
13.00669003,80.25785828,46267,46307,40
13.00664997,80.25189209,46449,46539,90
13.00660038,80.24755859,46660,46731,71
13.0153904,80.22489929,47225,47256,31
13.03472042,80.2303009,47750,47841,91
13.04010963,80.23988342,48073,48144,71
13.03540039,80.23033142,55040,55110,70
13.02680969,80.23296356,55360,55431,71
13.00697041,80.23975372,55967,56007,40
13.00228024,80.25665283,56471,56532,61
12.99872017,80.2559967,59195,59226,31
13.00051975,80.25641632,59276,59327,51
13.00648975,80.25263977,59572,59632,60
13.00660992,80.24778748,59733,59804,71
13.01546001,80.2249527,60429,60460,31
13.03349972,80.23053741,60952,61093,141
13.03419018,80.23712921,61285,61325,40
13.05231953,80.24088287,61749,61820,71
13.0651598,80.24359894,62122,62163,41
13.06993008,80.24210358,62254,62294,40
13.07584,80.23445129,62535,62587,52
13.09638023,80.21927643,63214,63265,51
13.0999403,80.21573639,63487,63638,151
13.07853031,80.25126648,65949,65999,50
13.07863045,80.25160217,66009,66070,61
13.06307983,80.24437714,66696,66736,40
13.05702972,80.2427597,66882,66933,51
13.05319977,80.24194336,67044,67084,40
13.03705978,80.23072052,67710,67860,150
13.03629971,80.23059082,67900,68042,142
13.03129959,80.23065948,68233,68274,41
13.02980995,80.23078156,68364,68455,91
13.02682018,80.23294067,68546,68667,121
13.01443958,80.22618866,69020,69051,31
13.00695038,80.23982239,69303,69412,109
13.00644016,80.25460052,70474,70565,91
13.00640965,80.25283051,70676,70717,41
13.00660992,80.24820709,70797,70868,71
13.02828979,80.23091888,71866,71916,50
13.03324032,80.23049927,72048,72118,70
13.03421021,80.23040009,72158,72219,61
13.03454018,80.23034668,72219,72290,71
13.05228043,80.24080658,72895,72946,51
13.05648994,80.24259949,73057,73097,40
13.06527042,80.24349976,73317,73356,39
13.06984043,80.24210358,73449,73489,40
13.10052013,80.21463776,74668,74759,91
13.08442974,80.23403931,76262,76303,41
13.05694962,80.24284363,77413,77453,40
13.03540039,80.23040009,77987,78043,56
13.03337955,80.23053741,78137,78178,41
13.00687027,80.24009705,78884,78975,91
13.00660992,80.25733185,79217,79308,91
12.99559975,80.26750183,80033,80074,41
12.99682999,80.25605774,80255,80346,91
12.99919987,80.25610352,80427,80477,50
13.00654984,80.25193024,80687,80738,51
13.09856033,80.24227142,84467,84498,31
13.09873962,80.24195099,84509,84550,41
12.98787975,80.25582886,23156,23265,109
12.87469959,80.21000671,26542,26623,81
12.8777504,80.22006989,26856,26926,70
12.96327972,80.24655151,28457,28507,50
13.00687027,80.20970154,30101,30151,50
13.01368046,80.20462799,30383,30430,47
13.01056957,80.21192169,30614,30654,40
13.01002979,80.21156311,30674,30795,121
13.00996017,80.21141815,30795,30937,142
13.00959969,80.21118164,30947,31139,192
13.01006985,80.22258759,32411,32572,161
12.99083996,80.2201767,32885,32916,31
12.97642994,80.22190094,33259,33299,40
12.98134041,80.23869324,33630,33661,31
12.98139954,80.24291229,33721,33762,41
12.97854042,80.25257874,33910,33941,31
12.90141964,80.22805023,35102,35142,40
12.89272976,80.22747803,35303,35344,41
12.8747797,80.20964813,35818,35849,31
12.8777504,80.219841,37000,37050,50
12.87644958,80.22683716,37181,37212,31
12.90067005,80.22779846,37515,37595,80
12.90629959,80.22810364,37706,37777,71
12.94882965,80.24053955,38423,38484,61
12.97994995,80.25219727,38998,39038,40
13.00689983,80.20968628,40399,40440,41
12.97992039,80.25254059,43175,43215,40
12.96372032,80.24691772,43455,43486,31
12.95646,80.24375153,43665,43727,62
12.90132999,80.22807312,44444,44504,60
12.89286041,80.22749329,44646,44696,50
12.87644005,80.22688293,46719,46760,41
12.90067959,80.22779846,47031,47072,41
12.9059,80.22808838,47174,47244,70
13.00699043,80.20970154,49744,49785,41
13.00975037,80.21134186,50217,50257,40
13.00948048,80.21109772,50257,50388,131
12.99736023,80.21650696,52216,52256,40
12.97630024,80.22170258,52801,52832,31
12.87456036,80.21011353,55024,55055,31
12.87467957,80.2100296,56279,56310,31
12.88856983,80.22724152,56727,56788,61
12.89410019,80.22744751,56902,57004,102
12.90594959,80.22807312,57253,57304,51
12.99123001,80.21975708,59285,59325,40
12.99425983,80.21761322,59408,59455,47
13.00739956,80.20982361,59739,59780,41
13.0136404,80.20467377,59990,60030,40
13.00992012,80.21147919,60181,60333,152
12.99545956,80.21681976,61907,61957,50
12.97640038,80.22184753,62412,62462,50
12.90727043,80.22840881,63983,64023,40
12.89922047,80.22792053,64124,64155,31
12.87642956,80.22686005,65486,65517,31
12.90326023,80.22796631,65910,65941,31
12.90592957,80.22814941,65981,66021,40
12.93939018,80.23547363,66555,66615,60
12.98054028,80.22891235,67998,68029,31
12.97719002,80.22267151,68190,68221,31
12.98206043,80.22164917,68362,68402,40
12.98357964,80.22241974,68544,68604,60
12.98684025,80.22299957,68715,68746,31
12.99697971,80.21643829,69039,69099,60
13.01358986,80.20465851,69735,69792,57
13.01027966,80.21172333,69976,70026,50
13.00969028,80.21125793,70066,70159,93
13.01523972,80.22499847,71157,71197,40
12.99787045,80.21659088,71621,71672,51
12.99100018,80.21942139,71944,71985,41
12.98406982,80.2179718,72136,72167,31
12.98346996,80.21797943,72197,72257,60
12.98307991,80.21797943,72268,72439,171
12.98268032,80.21797943,72449,72631,182
12.98233032,80.21800232,72641,72752,111
12.98124027,80.21811676,72823,72914,91
12.97900009,80.21898651,73035,73126,91
12.97863007,80.21916199,73136,73196,60
12.97805977,80.21938324,73227,73318,91
12.97770023,80.21955109,73318,73398,80
12.9773798,80.21970367,73408,73439,31
12.97708035,80.2197876,73439,73550,111
12.97675991,80.2199707,73550,73671,121
12.97657967,80.220047,73671,73742,71
12.97618008,80.22160339,74095,74146,51
12.89984989,80.22795868,76001,76032,31
12.87471008,80.20999146,76676,76797,121
12.90058994,80.22792816,77384,77464,80
12.99598026,80.21656036,79371,79431,60
13.00687981,80.20973206,79724,79765,41
12.78635979,80.22161102,1927,2028,101
12.78631973,80.2217865,2038,2139,101
12.78629017,80.22200012,3623,3683,60
12.78633976,80.22189331,6410,6572,162
12.78641987,80.22171783,6572,6663,91
12.78631973,80.22181702,6663,6774,111
12.78639984,80.2217865,15599,15760,161
12.93369961,80.23275757,17686,17737,51
12.95901966,80.24446106,18181,18212,31
12.97447014,80.25047302,18472,18593,121
12.97854996,80.25234985,18664,18724,60
12.98810005,80.25199127,18855,18905,50
13.0128603,80.22229004,19709,19761,52
13.0333004,80.23039246,20407,20498,91
13.00666046,80.25744629,22751,22801,50
13.00683975,80.25740814,22801,22832,31
12.98180962,80.25367737,23234,23275,41
12.97873974,80.25263214,23345,23426,81
12.7862196,80.22058105,25581,25641,60
12.8390398,80.22785187,29171,29211,40
12.94892979,80.24060059,30873,30923,50
12.95627975,80.24326324,31056,31106,50
12.96321011,80.24652863,31227,31268,41
13.00627041,80.25733948,32244,32284,40
13.00667953,80.2405014,32659,32699,40
13.02892017,80.23082733,33416,33456,40
13.03497982,80.23018646,33628,33668,40
13.03454971,80.2297821,33699,33800,101
13.03429985,80.22962952,33800,33931,131
13.03427982,80.22971344,33931,34062,131
13.03429031,80.22969055,34062,34113,51
13.03423023,80.23016357,34678,34769,91
13.02698994,80.23294067,35021,35082,61
13.00660038,80.25682068,35932,35968,36
12.99944973,80.25627136,36142,36182,40
12.78614998,80.22181702,40574,40645,71
12.7860899,80.22077179,40685,40766,81
12.83936024,80.22773743,41462,41563,101
12.89223957,80.22731018,42159,42207,48
12.90522957,80.22808075,42404,42455,51
12.9487896,80.24054718,42965,42997,32
12.96339989,80.24668121,43189,43260,71
12.98672962,80.25164795,43551,43611,60
12.98696995,80.25853729,43864,43995,131
12.98709011,80.25862122,43995,44076,81
12.98750019,80.25663757,55594,55644,50
12.8584404,80.22625732,57552,57591,39
12.83971024,80.2276535,57779,57840,61
12.78796959,80.22102356,58585,58635,50
12.78625011,80.22151947,58807,58857,50
12.78612041,80.22061157,61261,61311,50
12.78641987,80.22039032,61321,61372,51
12.90606976,80.22815704,63104,63165,61
12.94886017,80.24063873,63837,63898,61
12.99227047,80.25604248,64823,64884,61
12.99263,80.256073,64894,64965,71
12.9948101,80.25592804,65046,65142,96
12.99639034,80.25583649,65185,65235,50
13.02569962,80.23034668,66738,66788,50
13.02649975,80.23120117,66828,66927,99
13.02680969,80.23117828,66927,66998,71
13.02777004,80.23097992,67038,67069,31
13.0281496,80.2309494,67069,67170,101
13.02927017,80.23085785,67200,67349,149
13.03024006,80.23079681,67370,67420,50
13.03464985,80.23027039,67511,67672,161
13.03442955,80.22969818,67703,67753,50
13.03159046,80.23062897,69005,69096,91
13.02779007,80.2328186,69236,69278,42
13.02488041,80.22943878,69379,69419,40
13.00708961,80.23919678,69964,70035,71
13.00669003,80.24526215,70176,70217,41
13.00426006,80.25705719,70661,70711,50
13.00249958,80.2567215,70792,70843,51
12.99890995,80.25614166,70923,70954,31
12.99825001,80.25598145,70984,71041,57
12.90705013,80.22834778,72965,73015,50
12.78658962,80.22052765,74705,74736,31
12.78619957,80.22055054,76603,76634,31
12.90600967,80.22817993,78255,78327,72
12.97970009,80.25263977,79368,79416,48
12.99647045,80.25588989,79830,79870,40
12.99880981,80.25601959,79951,80002,51
13.00648975,80.25279999,80191,80222,31
13.0065403,80.25227356,80243,80303,60
13.00660992,80.25717926,82733,82803,70
12.99868011,80.256073,82894,82935,41
12.98768044,80.25585175,83146,83206,60
12.98173046,80.25325012,83378,83448,70
12.97235966,80.25012207,83650,83769,119
12.96656036,80.24793243,83870,83901,31
12.96549988,80.2474823,83961,83992,31
13.07594013,80.27610016,22629,22679,50
13.08211994,80.27548218,22801,22881,80
13.08213043,80.27587891,22881,22912,31
12.98824024,80.25140381,24619,24670,51
12.72229958,80.18753815,27418,27458,40
12.72224045,80.18779755,29216,29367,151
12.72226048,80.18752289,29377,29418,41
12.9005003,80.22783661,31518,31549,31
12.96331024,80.24646759,32435,32466,31
12.98736954,80.25140381,32799,32859,60
13.01543999,80.22490692,33466,33507,41
13.01959038,80.22438049,33577,33608,31
13.02237988,80.22650909,33668,33729,61
13.02579975,80.2305603,33888,33919,31
13.03563023,80.24613953,34264,34304,40
13.04693031,80.24838257,34476,34517,41
13.07618046,80.27593231,35304,35456,152
13.06886005,80.27198792,37534,37585,51
13.03227997,80.24255371,38472,38503,31
13.03122997,80.24049377,38563,38654,91
12.98797035,80.25145721,39765,39876,111
12.95720959,80.24395752,40290,40330,40
12.95693016,80.24385834,40330,40411,81
12.72214031,80.18768311,43537,43709,172
12.80502033,80.22398376,47121,47181,60
12.83944988,80.22756958,47542,47583,41
12.90240955,80.2278595,48381,48417,36
12.95631027,80.24329376,49231,49272,41
12.96687031,80.24790955,49453,49484,31
12.97673988,80.25112152,49605,49655,50
12.97943974,80.25253296,49726,49797,71
12.98639011,80.2516098,49897,49948,51
13.02598953,80.23116302,50833,50883,50
13.07139015,80.27413177,52031,52087,56
13.08127975,80.27513123,52252,52312,60
13.05978966,80.26557922,54126,54158,32
13.03151035,80.24099731,54815,54896,81
12.98816013,80.25140381,55845,55956,111
12.95685005,80.24382019,56348,56408,60
12.95648956,80.24372864,56408,56449,41
12.90678024,80.22834015,57004,57073,69
12.90108013,80.22802734,57134,57194,60
12.80508995,80.22402954,58221,58252,31
12.78728008,80.22077942,58563,58604,41
12.78629971,80.22042084,58653,58685,32
12.78619003,80.22039032,59808,59848,40
12.94880962,80.24060822,61954,62004,50
12.95639992,80.24339294,62115,62146,31
12.97976017,80.25263977,62489,62539,50
12.98738956,80.25144196,62620,62711,91
13.03085995,80.23937225,63719,63769,50
13.07145023,80.27420807,64858,64909,51
13.08082962,80.27519989,65050,65121,71
13.08203983,80.27536011,65171,65222,51
13.06865025,80.27197266,66312,66373,61
13.03118992,80.24047089,67532,67631,99
13.02606964,80.2321167,67755,67790,35
13.02348995,80.22776794,67873,67923,50
13.00675011,80.24690247,68640,68691,51
12.98840046,80.251297,68913,69062,149
12.95654011,80.24369049,69547,69578,31
12.89315033,80.2275238,70482,70556,74
12.78654003,80.22052765,71905,71936,31
12.78619003,80.22039795,71946,71996,50
12.78617001,80.22067261,74966,75006,40
12.78631973,80.22032166,75006,75037,31
12.83924961,80.22769928,75763,75833,70
12.89225006,80.22725677,76368,76408,40
12.9487896,80.24056244,77085,77123,38
13.02598953,80.23137665,78415,78455,40
13.02645969,80.23294067,78475,78512,37
13.03907967,80.24681854,78798,78840,42
13.08102989,80.27516174,79666,79706,40
13.08197975,80.27574921,79748,79839,91
13.09860039,80.2399292,2588,2669,81
13.09844017,80.23995972,3435,3586,151
13.09873962,80.23990631,4413,4584,171
13.09889984,80.23995209,6308,6399,91
13.09897995,80.23989868,9535,9687,152
13.09899998,80.23992157,10362,10403,41
13.09901047,80.2399292,13733,13864,131
13.09864998,80.23983765,16556,16596,40
13.0987196,80.23986053,16606,16757,151
13.09883976,80.2399826,16757,16949,192
13.09856033,80.24227905,20316,20347,31
13.09801006,80.21515656,21779,21819,40
13.07721043,80.24056244,22447,22487,40
13.00030041,80.26641083,24949,24989,40
13.03435993,80.23734283,26629,26669,40
13.08405018,80.23394012,27826,27866,40
13.10048008,80.21456909,28410,28441,31
13.09883976,80.24169922,30467,30507,40
13.09871006,80.24143982,30524,30617,93
13.09831047,80.24053955,30657,30788,131
13.0983696,80.24056244,31817,31877,60
13.09842014,80.24028015,32462,32583,121
13.09883976,80.24160004,32633,32785,152
13.09770012,80.24221039,32855,32905,50
13.08751965,80.23459625,35041,35081,40
13.05624962,80.24247742,36500,36591,91
13.0527401,80.24178314,36702,36762,60
13.03087997,80.23069763,37478,37609,131
13.0269804,80.23297882,37730,37788,58
13.00718975,80.2386322,38375,38436,61
13.00695992,80.23983765,38476,38526,50
13.00660038,80.25377655,38788,38958,170
13.00660992,80.24810028,39290,39341,51
13.03421021,80.23713684,40509,40590,81
13.03999996,80.23986053,40731,40781,50
13.07567978,80.23400116,41868,41908,40
13.10027981,80.21452332,42674,42765,91
13.07637978,80.23703766,44226,44276,50
13.05729961,80.24279022,45266,45316,50
13.0529604,80.24192047,45457,45488,31
13.05080986,80.24054718,45578,45609,31
13.03575039,80.23042297,46050,46189,139
13.02696037,80.23293304,46472,46542,70
13.02614021,80.23168182,46584,46647,63
13.00664997,80.25707245,47421,47482,61
13.00162029,80.2565918,47624,47674,50
12.99685955,80.25610352,48966,49067,101
12.99685001,80.25598907,49067,49127,60
12.99911022,80.25598145,49218,49259,41
13.00090027,80.25636292,49299,49349,50
13.00648022,80.25457001,49571,49631,60
13.00650978,80.25350189,49682,49732,50
13.0065403,80.25212097,49773,49833,60
13.00658989,80.24841309,49924,49994,70
13.02787971,80.23094177,50831,50881,50
13.03439045,80.23032379,51033,51093,60
13.03417969,80.23699951,51214,51305,91
13.04428005,80.24072266,51617,51668,51
13.05253983,80.2412262,51859,51909,50
13.05661011,80.2425766,52010,52061,51
13.06495953,80.2435379,52282,52343,61
13.06962013,80.24215698,52454,52494,40
13.07579994,80.23406219,52754,52805,51
13.10015965,80.21447754,53649,53690,41
13.09624004,80.21990204,54264,54325,61
13.09619045,80.22013855,54325,54385,60
13.03524017,80.23026276,56588,56668,80
13.00681019,80.25135803,57705,57745,40
13.00664043,80.25691223,58703,58743,40
13.00658035,80.25769806,58854,58894,40
13.00658035,80.24788666,59207,59308,101
13.01966,80.22454071,60034,60065,31
13.03361988,80.23052216,60438,60478,40
13.03452015,80.23034668,60538,60579,41
13.10054016,80.21466064,62753,62844,91
13.07861042,80.25151825,64679,64790,111
13.05381012,80.24233246,65766,65837,71
13.03693008,80.23085785,66432,66613,181
13.03106976,80.23078156,67037,67137,100
13.02752018,80.23293304,67279,67339,60
13.00699997,80.2399292,68015,68065,50
13.00016022,80.2564621,68671,68741,70
12.99746037,80.25601196,68812,68893,81
12.99623013,80.26248169,69100,69133,33
12.9957304,80.26722717,69223,69334,111
12.99676037,80.2678299,69947,70108,161
12.9956398,80.26728821,70139,70180,41
12.99586964,80.26503754,70230,70331,101
12.99680042,80.25679779,70513,70644,131
13.00625992,80.25746155,70946,70997,51
13.0064497,80.25447845,71067,71118,51
13.0064497,80.25296021,71184,71236,52
13.00667953,80.2493515,71317,71359,42
13.02847958,80.23092651,72306,72347,41
13.0343399,80.23046875,72538,72575,37
13.04473972,80.24043274,73030,73070,40
13.06542969,80.24356842,73584,73635,51
13.10015965,80.21456909,74861,74901,40
13.03540993,80.2303772,77407,77448,41
13.02686024,80.23297119,77680,77740,60
13.00660038,80.25489807,78585,78625,40
13.00667953,80.25739288,78666,78736,70
12.99983978,80.25634003,78847,78887,40
12.99948025,80.25627899,78887,78928,41
12.99919033,80.25624084,78938,78978,40
12.99639988,80.26051331,80917,80963,46
12.99683952,80.25595093,80973,81117,144
13.07658958,80.24054718,83039,83090,51
13.07581997,80.23387146,83211,83242,31
13.09899998,80.2412796,84369,84439,70
13.09906006,80.24030304,84500,84540,40
13.09904003,80.24043274,84550,84735,185
13.09904003,80.24079895,84745,84896,151
13.09918022,80.24066925,85723,85914,191
13.07571983,80.2755127,2390,2571,181
13.07594013,80.27545929,4177,4369,192
13.07583046,80.275383,8741,8903,162
13.07581997,80.27552032,9755,9906,151
13.07602024,80.27586365,22771,22872,101
13.08205986,80.2755127,23034,23074,40
12.95648956,80.24371338,25361,25401,40
12.90157986,80.22796631,26087,26138,51
12.83924007,80.22773743,29230,29329,99
12.8607502,80.22647095,29571,29622,51
12.9488802,80.24057007,30772,30813,41
12.96323967,80.24658203,31095,31136,41
12.98703957,80.25153351,31517,31558,41
13.03874969,80.24674225,32948,32999,51
13.04679966,80.2484436,33150,33189,39
13.08119965,80.275177,33894,33926,32
13.08228016,80.27851105,34512,34573,61
13.08170033,80.27588654,34643,34775,132
13.08162022,80.27552032,34775,34825,50
13.07394028,80.27635956,34966,34997,31
13.0686903,80.27198792,35138,35178,40
13.04012012,80.24712372,35814,35845,31
13.02680016,80.23348236,36218,36258,40
13.02328014,80.22744751,36357,36388,31
13.0068903,80.23993683,36741,36781,40
12.98843002,80.25128937,37104,37175,71
12.95650959,80.24360657,37639,37730,91
12.90672016,80.22830963,38376,38467,91
12.78820038,80.22109985,40005,40046,41
12.78785038,80.22093964,40056,40096,40
12.78697968,80.22080994,40157,40207,50
12.7862196,80.22051239,43590,43691,101
12.90065002,80.22792053,45164,45273,109
12.9061203,80.22814178,45385,45426,41
12.96306992,80.24642944,46334,46395,61
12.97955036,80.25257874,46627,46667,40
13.03089046,80.23930359,47864,47905,41
13.07133961,80.27414703,49187,49237,50
13.08145046,80.27507782,49429,49601,172
13.08197021,80.27574158,49631,49681,50
13.07604027,80.27596283,49962,50154,192
13.08104038,80.275177,51294,51345,51
13.08199024,80.27557373,51405,51446,41
13.08250999,80.27857971,51556,51597,41
13.07198048,80.27471161,51850,51900,50
13.03153038,80.2410202,52997,53048,51
13.02657032,80.23313904,53159,53199,40
13.00666046,80.2472229,53873,53954,81
12.96125984,80.2456131,54548,54588,40
12.95664978,80.24360657,54628,54714,86
12.89251995,80.22738647,55631,55692,61
12.72222996,80.18755341,57689,57729,40
12.78616047,80.22032928,60200,60241,41
12.97980022,80.25269318,62855,62915,60
12.98731041,80.25145721,63006,63087,81
13.00666046,80.24069977,63390,63440,50
13.03911018,80.24688721,64569,64629,60
13.07616997,80.2766037,65617,65677,60
13.08135986,80.2751236,65708,65778,70
13.08240986,80.27542114,65879,65980,101
13.08207989,80.27565765,66010,66051,41
13.03991985,80.24710846,68039,68090,51
13.03114986,80.2401886,68312,68393,81
13.00697994,80.23937225,69178,69219,41
13.00667953,80.24166107,69269,69320,51
13.00629997,80.24736786,69511,69549,38
12.9890604,80.25108337,69723,69844,121
12.96341991,80.24668121,70309,70349,40
12.89988995,80.22792053,71338,71389,51
12.78752041,80.22084045,72759,72819,60
12.78715992,80.22075653,72830,72890,60
12.72224998,80.18759155,73821,73861,40
12.72198009,80.18779755,73881,74003,122
12.72200966,80.18757629,74003,74093,90
12.72200012,80.18778229,74093,74194,101
12.72204018,80.18760681,74194,74225,31
12.72206974,80.18757629,74225,74265,40
12.72202015,80.18766022,74265,74396,131
12.7220602,80.18766785,75123,75204,81
12.72214031,80.18737793,75436,75467,31
12.90079975,80.22786713,77583,77674,91
12.97968006,80.2526474,78732,78793,61
12.98742962,80.25138092,78904,78992,88
13.08133984,80.27514648,81022,81073,51
13.08191967,80.27580261,81104,81243,139
13.02626038,80.2664566,776,816,40
13.02612019,80.26676178,856,1056,200
13.0266304,80.2665863,1086,1137,51
13.02633953,80.26648712,1672,1803,131
13.0260601,80.26624298,1803,1853,50
13.0261898,80.26596069,1864,1904,40
13.02606964,80.26602936,1934,2015,81
13.02622032,80.26603699,4992,5103,111
13.02604008,80.26618195,6062,6224,162
13.02608013,80.26598358,8777,8808,31
13.02608013,80.26603699,8818,8888,70
13.02608967,80.26593781,8909,8960,51
13.02624035,80.26602936,9061,9102,41
13.02645016,80.26573181,9273,9344,71
13.02635956,80.26615906,9354,9485,131
13.02614021,80.26598358,9485,9606,121
13.0262804,80.2660675,17884,17924,40
13.02624035,80.2660675,18701,18752,51
13.02612019,80.26609039,19054,19135,81
13.02616024,80.26602173,19458,19549,91
13.02620983,80.26596832,19549,19630,81
13.02612972,80.26599884,19630,19821,191
13.02616024,80.26605225,20054,20124,70
13.02620029,80.26598358,20124,20175,51
13.02620983,80.26598358,21245,21325,80
13.01519012,80.22483826,23369,23415,46
13.03332996,80.23062897,24579,24629,50
13.03285027,80.2302475,24659,24690,31
13.0330801,80.23040771,24690,24791,101
13.03289032,80.2303009,24791,24841,50
13.03302956,80.23056793,24841,24922,81
13.0328598,80.23052216,24922,25053,131
13.01474953,80.22612,25514,25547,33
13.03337955,80.26786041,26898,26957,59
13.03363037,80.23047638,28489,28528,39
13.03483963,80.22984314,28558,28609,51
13.02377987,80.22810364,30239,30431,192
13.00841045,80.23137665,30633,30730,97
13.00706005,80.2401886,30811,30893,82
13.00666046,80.25721741,31125,31165,40
13.02151012,80.26287842,31448,31499,51
13.0233202,80.26399994,31499,31579,80
13.03380966,80.26795197,31880,31930,50
13.03444004,80.26802826,31941,31981,40
13.03355026,80.26772308,32011,32062,51
13.03353977,80.26783752,32062,32102,40
13.03314018,80.26756287,32304,32475,171
13.03322983,80.26776123,32485,32627,142
13.03320026,80.26772308,32627,32667,40
13.0093298,80.25914764,33524,33565,41
13.00679016,80.24041748,34232,34302,70
13.00786018,80.23560333,34333,34373,40
13.01191044,80.22186279,34504,34545,41
13.01906013,80.22457886,34666,34702,36
13.02460957,80.22885895,34887,34967,80
13.02935028,80.23126221,34998,35157,159
13.03409958,80.2299881,35318,35389,71
13.03417015,80.2297821,35399,35490,91
13.03417015,80.22987366,35490,35581,91
13.02752972,80.23243713,35793,35894,101
13.0241003,80.22827148,35985,36035,50
13.01665974,80.22550964,36196,36257,61
13.00695992,80.24040985,36621,36742,121
13.00689983,80.24958801,36822,36944,122
13.01000023,80.25914001,37034,37085,51
13.0292902,80.26397705,37559,37650,91
13.03164005,80.26705933,37650,37700,50
13.03330994,80.26776886,37731,37783,52
13.03003979,80.26548004,38518,38589,71
13.02630997,80.26571655,38639,38800,161
13.02925014,80.23081207,40403,40463,60
13.03411007,80.2301178,40704,40762,58
13.02985954,80.23078156,41661,41713,52
13.02042007,80.22505188,42073,42115,42
13.01317978,80.22669983,42225,42256,31
13.00693989,80.2400589,42445,42476,31
13.00693035,80.24012756,42506,42567,61
13.0076704,80.25859833,42879,42910,31
13.02015972,80.26261139,43129,43161,32
13.02705956,80.2633667,43404,43435,31
13.02947044,80.26574707,43505,43566,61
13.03376961,80.2678833,43666,43707,41
13.03376007,80.26786041,43707,43798,91
13.03359985,80.26851654,43808,43868,60
13.0333004,80.26763916,43868,43939,71
13.03324032,80.26767731,43939,44060,121
13.03330994,80.26766205,44070,44121,51
13.03326988,80.26766968,44121,44212,91
13.03320026,80.26764679,44212,44353,141
13.03310013,80.26761627,44373,44555,182
13.00683975,80.25784302,45625,45706,81
13.00669003,80.25405884,45807,45843,36
13.00658035,80.25289154,45925,45976,51
13.00650978,80.25224304,46007,46047,40
13.00679016,80.25209808,46057,46097,40
13.00660992,80.24852753,46168,46218,50
13.02735996,80.2309494,47096,47147,51
13.02834034,80.23088074,47167,47228,61
13.0340004,80.2303009,47379,47449,70
13.03439045,80.2303009,47449,47530,81
13.03421021,80.23008728,47601,47742,141
13.02974987,80.23078156,47863,47904,41
13.02408028,80.22837067,48156,48207,51
13.00695992,80.23992157,48709,48749,40
13.00675964,80.25099945,48992,49042,50
13.03367043,80.26785278,49829,49870,41
13.03437996,80.26793671,49890,49940,50
13.03450012,80.26805878,49940,49981,41
13.02657032,80.26561737,50213,50324,111
13.02665043,80.26561737,50596,50687,91
13.02657032,80.26557159,50697,50728,31
13.02655983,80.26557159,50728,50768,40
13.0265398,80.26554871,50818,50879,61
13.03452969,80.26799011,52576,52627,51
13.00660038,80.25765991,53593,53694,101
13.00660992,80.25224304,53805,53904,99
13.00667,80.24771881,53955,54084,129
13.02921963,80.23075104,54921,54982,61
13.0348196,80.22994995,55103,55174,71
13.03446007,80.23001862,55174,55366,192
13.03407955,80.22966003,55386,55426,40
13.03423023,80.22997284,55446,55618,172
13.03439045,80.23004913,55638,55791,153
13.03431988,80.23011017,56155,56266,111
13.00660992,80.25711823,57406,57487,81
13.03335953,80.26779175,58153,58193,40
13.03339958,80.26782227,58294,58375,81
13.03328037,80.26776123,58385,58466,81
13.0334301,80.26761627,58476,58516,40
13.03337002,80.2677002,58536,58668,132
13.00664043,80.25778198,59525,59556,31
13.00656986,80.25206757,59677,59776,99
13.00734997,80.23722076,60068,60099,31
13.02079964,80.22560883,60533,60573,40
13.02493,80.2292099,60633,60664,31
13.03388977,80.23047638,60977,61088,111
13.0343399,80.23004913,61219,61350,131
13.03431988,80.23008728,61711,61742,31
13.03417969,80.23000336,61802,61883,81
13.03452015,80.22991943,61984,62024,40
13.03382015,80.23011017,62065,62105,40
13.03409958,80.23002625,62105,62166,61
13.02980995,80.23072815,62297,62337,40
13.00664043,80.24339294,63043,63185,142
13.00695992,80.25074768,63256,63365,109
13.01906013,80.26117706,63546,63587,41
13.02914047,80.26667023,64301,64432,131
13.00751972,80.23686981,65420,65470,50
13.0096302,80.2283783,65631,65672,41
13.01187038,80.22168732,65702,65793,91
13.02725029,80.23103333,66246,66358,112
13.02865028,80.23094177,66439,66509,70
13.0340004,80.23046875,66673,66723,50
13.03417969,80.23047638,66723,66784,61
13.0343399,80.23011017,66855,66905,50
13.03083992,80.23098755,67016,67077,61
13.02845001,80.23097229,67187,67247,60
13.01803017,80.22477722,67591,67651,60
13.00774002,80.23503876,67823,67863,40
13.00681973,80.25128174,68246,68307,61
13.00658989,80.25752258,68388,68489,101
13.01632977,80.25945282,68640,68691,51
13.03411961,80.26805115,69377,69457,80
13.03448009,80.26805878,69457,69599,142
13.02470016,80.26470184,70265,70382,117
13.00848007,80.25926208,70657,70828,171
13.00648022,80.25428772,70878,70909,31
13.00652027,80.25253296,70987,71048,61
13.00666046,80.24886322,71119,71169,50
13.00671005,80.247612,71240,71321,81
13.00891972,80.22857666,71684,71741,57
13.01535988,80.22515869,71865,71946,81
13.02937031,80.2308197,72236,72317,81
13.03477955,80.23011017,72539,72668,129
13.0343399,80.23026276,73354,73385,31
13.0335598,80.23039246,73718,73768,50
13.02945995,80.23075867,73856,73887,31
13.02686977,80.23304749,73969,74019,50
13.01677036,80.25964355,75055,75135,80
13.01992035,80.2624588,75135,75207,72
13.02620029,80.26513672,75297,75337,40
13.00646973,80.25216675,77837,77888,51
13.0065403,80.25205231,77888,77928,40
13.00662041,80.2405014,78130,78181,51
13.0157299,80.2250824,78453,78484,31
13.02867031,80.23165894,80167,80228,61
13.02707005,80.23326111,80318,80409,91
13.02668953,80.2633667,81457,81628,171
13.02632046,80.26641846,82335,82375,40
13.02626991,80.26643372,82385,82426,41
13.02630043,80.26634979,82426,82506,80
13.02657032,80.26615143,84727,84777,50
13.02674961,80.26355743,84909,84999,90
13.02665997,80.26605225,85086,85118,32
12.99701977,80.25707245,29463,29654,191
12.99695015,80.25710297,30695,30735,40
12.99701977,80.25695801,31159,31230,71
12.99697971,80.25713348,31230,31311,81
12.99697971,80.25704193,31311,31462,151
12.99682999,80.25704193,37555,37737,182
12.99705982,80.25714874,37737,37829,92
12.99701023,80.25698853,37840,38011,171
12.99685955,80.25710297,38516,38607,91
12.99685001,80.25714874,38981,39102,121
12.9968996,80.25727081,65799,65991,192
12.99687958,80.25707245,73970,74152,182
12.9968996,80.25702667,74445,74627,182
13.08782959,80.28369904,1170,1322,152
13.08152962,80.27557373,1515,1565,50
13.06672955,80.26994324,1880,1921,41
12.98746967,80.25830841,3299,3430,131
12.98731995,80.25859833,3450,3490,40
13.0221796,80.26338196,4577,4608,31
12.98721981,80.25911713,8372,8412,40
12.98740005,80.25805664,8439,8481,42
13.08158016,80.27558899,13573,13653,80
13.08207989,80.27548218,13694,13764,70
13.04776001,80.2662735,14513,14552,39
12.98738956,80.25904083,15459,15490,31
12.98715019,80.25958252,15510,15550,40
12.98731041,80.25898743,15580,15621,41
12.98740005,80.25849152,15650,15682,32
12.98845005,80.25582123,15762,15793,31
13.04918957,80.26407623,17026,17076,50
13.05331039,80.26387787,17177,17208,31
13.08154964,80.27513123,17793,17915,122
13.08203983,80.27562714,17945,17984,39
13.08747959,80.28372192,18187,18278,91
13.08794022,80.28369141,18288,18410,122
13.08166027,80.27597046,18662,18712,50
13.08162975,80.27559662,18723,18783,60
13.03419018,80.23005676,22791,22842,51
13.02647018,80.26598358,25456,25577,121
13.00662041,80.25766754,25940,25971,31
13.00648022,80.2575531,25971,26007,36
13.00667,80.24799347,26151,26201,50
13.03491974,80.23011017,27030,27212,182
13.00697994,80.23986053,29656,29697,41
13.00671005,80.25730896,29980,30050,70
13.03370953,80.26786041,30715,30765,50
13.00658989,80.25776672,31906,31946,40
13.00660992,80.25192261,32034,32116,82
13.03493977,80.2297821,33295,33346,51
13.03456974,80.22985077,33346,33416,70
13.02661037,80.26608276,37505,37543,38
13.00677013,80.25795746,37997,38028,31
13.02781963,80.2309494,39148,39188,40
13.02805996,80.23091125,39188,39229,41
13.02952957,80.23078156,39269,39319,50
13.03347969,80.23047638,39417,39459,42
13.03439999,80.23004913,39985,40036,51
13.02709961,80.2329483,40783,40819,36
13.00689983,80.23999786,41353,41424,71
13.03361988,80.26786041,42420,42480,60
13.03446007,80.26799011,42511,42561,50
13.03310966,80.2677002,42915,43066,151
13.02639008,80.26598358,43268,43308,40
13.00652981,80.25771332,43734,43835,101
13.00652981,80.25270081,43946,44016,70
13.00671005,80.24865723,44087,44158,71
13.00658035,80.24748993,44188,44259,71
13.02995968,80.23078156,45190,45250,60
13.03351021,80.23049927,45341,45392,51
13.03396034,80.23047638,45412,45473,61
13.03487968,80.23021698,45503,45574,71
13.03190041,80.23062897,45947,46008,61
13.02980042,80.23079681,46068,46119,51
13.0068903,80.23992157,46714,46764,50
13.02657032,80.26540375,51330,51481,151
13.00650024,80.25335693,52962,53033,71
13.00660992,80.25212097,53064,53144,80
13.02935028,80.23078918,54059,54090,31
13.03396034,80.23045349,54181,54231,50
13.03429985,80.22975159,54302,54474,172
13.03423977,80.23014069,54474,54514,40
13.01319981,80.22663879,55112,55163,51
13.00712013,80.23889923,55316,55397,81
13.03357983,80.26785278,56415,56446,31
13.00654984,80.25759888,58100,58241,141
13.00658035,80.25202179,58342,58403,61
13.02583981,80.2305603,59268,59299,31
13.0328598,80.23056793,59502,59541,39
13.03479958,80.23013306,59611,59694,83
13.02688026,80.23296356,61015,61065,50
13.00695038,80.24009705,61617,61730,113
13.00681973,80.25151825,62003,62044,41
13.03363037,80.26786041,62922,62963,41
13.02649975,80.26599121,63607,63658,51
13.0212698,80.26309967,63837,63900,63
13.0065403,80.2576828,64243,64365,122
13.0065403,80.25235748,64486,64546,60
13.02544022,80.22995758,65657,65688,31
13.02651978,80.23123932,65827,65867,40
13.02684021,80.23116302,65867,65898,31
13.02844048,80.23090363,65979,66098,119
13.03299999,80.2305603,66219,66259,40
13.03361988,80.2305603,66280,66320,40
13.03450966,80.2303772,66360,66429,69
13.03442001,80.22975922,66479,66520,41
13.03028011,80.23074341,67005,67106,101
13.02700043,80.2329483,67227,67328,101
13.02340031,80.22767639,67545,67588,43
13.00691986,80.23999023,67992,68073,81
13.03444958,80.26796722,69394,69515,121
13.00681019,80.25804138,71172,71212,40
13.00656033,80.2575531,71222,71344,122
13.00646019,80.25379181,71413,71495,82
13.00652027,80.25224304,71556,71636,80
13.00660992,80.24803925,71697,71737,40
13.00656033,80.24674988,71768,71818,50
13.03413963,80.23043823,72806,72856,50
13.03417969,80.22994995,72937,73008,71
13.00664043,80.25714874,74188,74258,70
13.03446007,80.26799011,75026,75107,81
13.00652981,80.25241089,76672,76721,49
13.00671005,80.25032043,76761,76802,41
13.00669956,80.24906158,76832,76866,34
13.00662994,80.24749756,76937,77008,71
13.03505039,80.23001862,77916,78083,167
13.03474045,80.22979736,78083,78165,82
13.0343504,80.22975159,78165,78206,41
13.03413963,80.23016357,78217,78287,70
13.02674961,80.23300934,78520,78580,60
13.02614975,80.26644897,83375,83445,70
13.02632046,80.26638031,83455,83577,122
13.01414967,80.22573853,9493,9543,50
13.01424026,80.22570801,9553,9614,61
13.02320004,80.22746277,21341,21495,154
12.91714954,80.19316864,26270,26301,31
12.97533035,80.22062683,27167,27228,61
13.03452969,80.22979736,28610,28751,141
13.03421021,80.23007965,29671,29751,80
13.02682018,80.23300171,29921,29982,61
13.00854969,80.21354675,30505,30576,71
12.99989033,80.21417999,30798,30848,50
12.97562027,80.22103882,31361,31392,31
12.92949009,80.20278931,32056,32087,31
12.92317009,80.12075043,33373,33494,121
12.92313004,80.12062073,33494,33534,40
12.92251968,80.14259338,35475,35515,40
12.92029953,80.18379211,36091,36131,40
13.02896976,80.23087311,38893,38985,92
13.03186035,80.23062897,40013,40053,40
13.03098011,80.23071289,40084,40142,58
13.02688026,80.23296356,40243,40274,31
12.97367954,80.22001648,45969,46010,41
13.0078001,80.2130127,46646,46697,51
13.02742004,80.23097992,47212,47262,50
13.02822018,80.23090363,47282,47333,51
13.03353024,80.23046112,47505,47551,46
13.02686977,80.23294067,47806,47866,60
13.01420021,80.22525024,48199,48321,122
13.01414967,80.22541046,48331,48501,170
12.99678993,80.21646118,58057,58097,40
13.02571011,80.23032379,58815,58885,70
13.02915955,80.23085785,58986,59037,51
13.03483009,80.2303009,59168,59249,81
13.03417969,80.23023224,60079,60170,91
13.02980042,80.23085785,60279,60310,31
13.02692032,80.23297882,60400,60471,71
13.01134014,80.22341919,60986,61017,31
13.00800037,80.21327209,61228,61284,56
12.99991035,80.21417236,61446,61486,40
12.91989994,80.18254089,63354,63435,81
12.9224596,80.14363098,64007,64038,31
12.92240047,80.14206696,64078,64118,40
12.92354012,80.11730957,64553,64603,50
12.92333984,80.11730957,64613,64775,162
12.92331028,80.12094116,65189,65361,172
12.93118,80.20305634,67098,67138,40
12.97101021,80.21884918,67810,67901,91
12.97235012,80.2194519,67972,68093,121
12.97472954,80.22052002,68184,68313,129
12.98209953,80.2216568,68484,68535,51
12.98340034,80.22228241,68627,68667,40
12.98381996,80.22251892,68677,68817,140
12.99081039,80.22000122,68998,69029,31
13.02560043,80.23014069,70201,70233,32
13.02692032,80.23113251,70314,70404,90
13.02737045,80.23101807,70425,70586,161
13.02882957,80.23085785,70617,70728,111
13.02978992,80.23075867,70758,70829,71
13.03353024,80.23049927,70960,71041,81
13.03394985,80.23047638,71051,71112,61
13.03472042,80.22994232,71213,71303,90
13.03417969,80.23020935,71546,71586,40
13.0322504,80.23059082,71637,71718,81
13.03174973,80.23065186,71748,71809,61
13.02770042,80.23280334,71990,72041,51
13.02250957,80.22682953,72241,72275,34
13.00854015,80.21360016,72730,72780,50
13.00014973,80.21392059,73011,73091,80
12.9830904,80.21797943,73761,73802,41
12.98272991,80.21800232,73802,73872,70
12.98231983,80.21800232,73903,74054,151
12.98200035,80.21800232,74064,74155,91
12.98145962,80.2181015,74165,74276,111
12.98050022,80.21838379,74327,74478,151
12.97867012,80.21916962,74549,74711,162
12.97830009,80.21925354,74711,74751,40
12.97793961,80.21943665,74761,74933,172
12.97741032,80.21959686,74963,75074,111
12.97708035,80.21980286,75074,75155,81
12.97671986,80.2199707,75175,75216,41
12.9233799,80.11694336,77748,77789,41
12.99450016,80.21733093,81932,81971,39
13.01488972,80.22595978,82445,82536,91
13.01525021,80.22535706,83051,83082,31
12.99824047,80.25659943,14,113,99
12.99825001,80.25643158,113,206,93
12.9982996,80.2564621,913,1035,122
12.99841976,80.2562027,1035,1147,112
12.99827957,80.25656128,1147,1255,108
12.99845028,80.25623322,1255,1371,116
12.9982996,80.25653839,1388,1479,91
12.9982996,80.25653839,1479,1517,38
12.99831963,80.25646973,1517,1569,52
12.99831009,80.25655365,18116,18156,40
12.99829006,80.25657654,18167,18207,40
12.99853039,80.25656128,18610,18648,38
12.99750996,80.2569809,18699,18875,176
12.99697971,80.25697327,18906,18946,40
12.99701023,80.25694275,18946,19057,111
12.99695969,80.25691223,19087,19269,182
12.99744987,80.25583649,19612,19794,182
12.99748039,80.25595093,20127,20167,40
12.99754047,80.2559433,20167,20208,41
12.99738026,80.25601959,20218,20258,40
12.99748039,80.25595093,20268,20450,182
12.98416996,80.25498962,21085,21135,50
13.00994015,80.21138,25290,25331,41
13.00951004,80.21121216,25351,25401,50
13.00944996,80.21096039,25411,25462,51
13.00946999,80.21070862,25462,25533,71
13.00944042,80.21112823,25533,25633,100
13.00942993,80.21105957,25633,25694,61
13.00940037,80.21118164,25795,25835,40
13.00942039,80.21082306,25845,25886,41
13.00940037,80.21092224,25906,25976,70
13.0095396,80.21103668,26017,26067,50
13.00938988,80.21102905,26077,26138,61
13.00938988,80.21095276,26138,26219,81
12.98003006,80.25245667,27911,27972,61
12.90688038,80.22830963,29131,29162,31
12.87460995,80.20982361,29927,29967,40
12.87469006,80.2096405,29978,30079,101
12.8745203,80.21019745,30159,30210,51
12.87458038,80.20990753,30240,30281,41
12.87473965,80.21000671,30392,30572,180
12.87467957,80.21002197,30674,30714,40
12.87833977,80.21717834,30916,31017,101
12.90079021,80.22782135,31491,31532,41
13.00714016,80.20980072,34249,34280,31
13.01259995,80.21336365,34827,35009,182
13.0240202,80.21968079,35302,35342,40
13.02406979,80.21968079,35342,35534,192
13.02431965,80.21974945,35544,35594,50
13.02429962,80.21961975,35594,35635,41
13.02449036,80.21661377,35756,35796,40
13.02464008,80.21846771,35867,35927,60
13.02474022,80.21864319,35937,35998,61
13.02484989,80.21954346,36109,36159,50
13.00934029,80.21105957,36532,36563,31
12.95656967,80.24369812,37814,37864,50
12.89253044,80.22743988,38580,38631,51
12.89398003,80.22736359,38671,38823,152
12.89404964,80.2276001,39145,39287,142
12.90250969,80.22792816,40194,40235,41
12.90583038,80.22814941,40293,40344,51
12.95621967,80.2432785,41118,41159,41
12.96331024,80.24653625,41280,41350,70
13.00961971,80.21131897,43562,43689,127
13.00949001,80.21099854,43731,43823,92
13.00922966,80.21115112,43934,43974,40
13.0093298,80.21114349,44025,44075,50
13.00936985,80.21108246,44095,44126,31
13.00924015,80.21111298,44186,44217,31
13.00949955,80.21099854,44327,44358,31
13.00926018,80.21118164,44358,44469,111
12.95664024,80.24371338,46953,47044,91
12.87479019,80.2101593,48464,48495,31
12.87475967,80.21167755,48566,48748,182
12.87493992,80.20953369,49161,49222,61
12.87495995,80.2082901,49222,49333,111
12.87485027,80.20894623,49343,49525,182
12.8748703,80.20876312,49686,49767,81
12.9007597,80.22775269,51647,51687,40
12.98320007,80.25244904,52704,52856,152
12.98433018,80.25221252,52916,53037,121
12.98620987,80.25164032,53077,53188,111
13.02462959,80.21833801,54667,54698,31
13.02464008,80.21853638,54708,54748,40
13.00926018,80.21098328,55240,55281,41
13.00918007,80.21092987,55327,55410,83
13.00909996,80.21076202,55420,55541,121
13.00938988,80.21103668,55571,55632,61
12.99773026,80.21655273,56287,56318,31
12.97624016,80.22160339,56912,56973,61
12.95687008,80.24385834,57881,57952,71
12.95652008,80.24369812,57962,58053,91
12.90697956,80.22839355,58697,58758,61
12.90118027,80.22801971,58849,58940,91
12.87477016,80.20970917,59635,59675,40
12.87479973,80.2098999,59675,59715,40
12.87467003,80.20983124,59937,60018,81
12.87452984,80.20973969,60079,60119,40
12.90299988,80.22798157,60966,60997,31
12.90554047,80.22807312,61037,61095,58
12.96327972,80.24659729,62064,62104,40
12.9826498,80.22187805,63194,63234,40
13.01368046,80.20455933,64253,64394,141
13.01051998,80.21179962,64606,64647,41
13.01033974,80.21183777,64647,64737,90
13.01027966,80.21179962,64737,64859,122
13.01029968,80.21174622,64859,64980,121
13.01019001,80.2116394,65040,65091,51
13.01029968,80.21211243,65111,65151,40
13.01029015,80.21170044,65151,65212,61
13.00969982,80.21118164,65232,65373,141
13.00936985,80.21112061,65383,65504,121
12.98447037,80.22286224,66685,66735,50
12.98266983,80.2219696,66836,66876,40
12.97638035,80.22167969,67058,67098,40
12.94906044,80.24088287,68248,68289,41
12.90130997,80.22802734,69045,69146,101
12.89964962,80.22795105,69187,69237,50
12.89365959,80.22769928,69308,69358,50
12.89321041,80.22756958,69378,69439,61
12.87493992,80.21016693,70041,70073,32
12.87473965,80.20973206,70113,70236,123
12.87450027,80.20986938,70246,70307,61
12.87644005,80.22685242,70862,70893,31
12.8919096,80.22727966,71024,71074,50
12.96337032,80.24662018,71992,72063,71
12.96788025,80.24849701,72155,72225,70
12.98301983,80.22206116,73098,73131,33
12.99122047,80.21968079,73465,73616,151
12.99304008,80.2183609,73707,73747,40
12.99450016,80.21737671,73849,73889,40
13.00345993,80.21195221,74121,74152,31
13.00669003,80.2096405,74252,74293,41
13.00877953,80.21060181,74585,74747,162
13.00903988,80.21060181,74757,74828,71
13.0089798,80.21073914,74828,74999,171
13.00660992,80.25733948,75734,75770,36
13.00671959,80.25746918,75782,75842,60
13.00232029,80.25673676,75964,76024,60
12.99985981,80.25634003,76064,76095,31
12.99767017,80.25700378,81059,81256,197
13.10426998,80.27613831,19264,19315,51
13.19305992,80.18414307,21605,21636,31
13.19287968,80.1841507,22372,22413,41
13.11849976,80.25933075,24370,24401,31
13.10461998,80.27603912,25117,25148,31
13.12045956,80.25447845,27438,27469,31
13.15579033,80.20526886,28332,28363,31
13.17098045,80.19902039,28643,28674,31
13.19270992,80.18403625,29501,29642,141
13.19264984,80.18395233,29642,29753,111
13.1241703,80.24849701,33239,33279,40
13.10459995,80.27597809,34411,34452,41
13.10396957,80.27353668,36105,36266,161
13.10437965,80.27149963,36337,36427,90
13.10900974,80.25975037,36933,36973,40
13.1290102,80.24114227,37748,37780,32
13.13218021,80.23680878,37851,37892,41
13.13226032,80.23670197,37902,37942,40
13.15820026,80.20371246,38571,38621,50
13.19285965,80.18430328,39216,39267,51
12.98690987,80.25937653,2080,2231,151
12.98777962,80.25549316,23582,23642,60
12.98729992,80.25948334,23723,23774,51
12.98690987,80.25952911,23774,23955,181
12.94898987,80.2407074,26126,26157,31
12.92687988,80.11788177,27721,27853,132
12.92899036,80.12003326,28489,28630,141
12.95121956,80.13983917,29004,29044,40
12.96335983,80.24656677,30611,30661,50
12.98771954,80.25563812,31136,31176,40
12.98729038,80.25945282,31237,31287,50
12.98717976,80.25961304,31297,31328,31
12.98680019,80.258461,31600,31661,61
12.98682022,80.258461,31661,31792,131
12.98684978,80.25914001,33256,33317,61
12.94892979,80.2407608,33973,34034,61
12.97334003,80.15299988,35498,35538,40
12.96949959,80.15016937,35609,35689,80
12.9678297,80.14924622,35730,35770,40
12.94925976,80.18518066,36245,36305,60
12.9499197,80.23561859,36810,36881,71
12.97980976,80.25266266,37365,37416,51
12.98466015,80.25213623,37466,37517,51
12.98768044,80.2556076,37668,37781,113
12.98663044,80.25907135,39599,39670,71
12.98701,80.25904846,39670,39710,40
12.98752022,80.25579834,39791,39851,60
12.95697975,80.24385834,40356,40417,61
12.94974041,80.23593903,40639,40740,101
12.92689991,80.11794281,42395,42466,71
12.92873001,80.11982727,42830,42931,101
12.93717957,80.12793732,43132,43173,41
12.95106983,80.13980865,43375,43415,40
12.94919968,80.18525696,44122,44172,50
12.95635033,80.24330139,44919,44951,32
12.98733044,80.2514801,45386,45467,81
12.98773956,80.25514984,45537,45628,91
12.98686028,80.25948334,45749,45820,71
12.98781967,80.25187683,48577,48617,40
12.95652008,80.24358368,48970,49021,51
12.9495697,80.24092102,49142,49192,50
12.94925976,80.24088287,49203,49283,80
12.94968033,80.23607635,49404,49485,81
12.95452023,80.15878296,51252,51292,40
12.94921017,80.185112,51535,51595,60
12.94995975,80.23558044,52130,52213,83
12.98169041,80.25256348,52849,52950,101
12.98244953,80.25253296,52970,53021,51
12.98272991,80.25251007,53031,53092,61
12.98455048,80.25213623,53142,53243,101
12.98674011,80.25160217,53304,53405,101
12.98781967,80.25505829,53484,53516,32
12.9872303,80.25952911,53576,53617,41
12.98791027,80.25218201,54495,54556,61
12.95641994,80.24350739,55040,55081,41
12.94911003,80.24073029,55192,55252,60
12.9375,80.12844086,56788,56838,50
12.92652988,80.11766052,57252,57293,41
12.92687988,80.11791229,57313,57404,91
12.92936039,80.12046051,57696,57868,172
12.93574047,80.12671661,58040,58080,40
12.95086956,80.13964844,58343,58383,40
12.94921017,80.18512726,59009,59059,50
12.9499197,80.23586273,59594,59625,31
12.9563303,80.24333954,59827,59867,40
12.98666954,80.25170135,60301,60392,91
12.98729038,80.25946808,60624,60675,51
12.98750019,80.2569809,62502,62543,41
12.98756027,80.25672913,62553,62714,161
12.98787975,80.25209045,62835,62936,101
12.95936012,80.24482727,63340,63371,31
12.95646,80.2436676,63421,63461,40
12.94923973,80.24082947,63593,63653,60
12.9489603,80.18538666,64330,64380,50
12.96825981,80.14952087,65097,65147,50
12.96936989,80.15019226,65743,65783,40
12.94921017,80.18512726,66450,66510,60
12.94993973,80.23581696,67137,67198,61
12.98779964,80.25502014,68036,68177,141
12.98766041,80.25534058,68177,68218,41
12.98678017,80.2590332,68389,68470,81
12.94911003,80.24080658,69682,69752,70
12.94894981,80.18534851,70499,70580,81
12.92654991,80.11785126,71792,71832,40
12.92912006,80.12024689,72579,72670,91
12.93743038,80.1281662,72892,72932,40
12.9511404,80.13986206,73134,73165,31
12.94915962,80.18505096,73792,73852,60
12.9499197,80.23577881,74377,74428,51
12.98719025,80.25144958,75023,75104,81
12.98665047,80.25945282,75952,76033,81
12.98676968,80.25911713,80375,80536,161
12.98670959,80.25930786,81467,81629,162
12.99812984,80.23821259,478,589,111
12.99827957,80.2382431,589,690,101
12.99816036,80.23825836,690,802,112
12.99094009,80.233078,1935,2006,71
12.99104023,80.23312378,2006,2066,60
12.99100971,80.23314667,2066,2107,41
12.99112034,80.23297882,2440,2491,51
12.99122047,80.23310852,2491,2622,131
12.99098015,80.23300171,2986,3138,152
12.99077034,80.23297119,4452,4573,121
12.99106979,80.2329483,4573,4604,31
12.99092007,80.23312378,4856,5038,182
12.99090958,80.23301697,5038,5089,51
12.99075985,80.2329483,5736,5817,81
12.98845959,80.22382355,27836,27977,141
12.98851013,80.22382355,29332,29443,111
12.99123001,80.2299118,33083,33265,182
13.0261097,80.23152161,35399,35550,151
13.02991962,80.23072052,35651,35682,31
13.03345013,80.23049927,35763,35803,40
13.05348969,80.22438049,36298,36359,61
13.04804039,80.22149658,36774,36814,40
13.05066967,80.22762299,37269,37400,131
13.05113983,80.22865295,40393,40443,50
13.05101967,80.22859192,42223,42415,192
13.03454018,80.23042297,43668,43709,41
13.03149986,80.23069763,43769,43830,61
13.0278101,80.23262024,43951,44032,81
13.02703953,80.23296356,44062,44103,41
13.03069019,80.23898315,44194,44254,60
13.02954006,80.24463654,44356,44396,40
13.01825047,80.24118805,44608,44639,31
12.98639965,80.23503876,45278,45319,41
12.98803997,80.22368622,46593,46643,50
12.98803997,80.22371674,46643,46785,142
12.98810959,80.22377777,47846,48018,172
12.98808002,80.22376251,48220,48392,172
12.98806953,80.22370911,49413,49555,142
12.98797035,80.22373962,50859,50899,40
12.98816013,80.22400665,51395,51506,111
12.98801994,80.22364807,59290,59330,40
12.98812008,80.22393799,60203,60284,81
12.98793983,80.22354126,60799,60860,61
12.98803043,80.22384644,61618,61749,131
12.98805046,80.22368622,61749,61790,41
12.98808956,80.22387695,61790,61840,50
12.98806,80.22389221,61851,61942,91
12.98799992,80.22377777,62255,62376,121
12.98810005,80.22393799,62376,62508,132
12.98799992,80.22377777,62508,62558,50
12.98818016,80.22393799,62942,63013,71
12.98803043,80.22370148,63418,63468,50
12.98814011,80.22380829,63478,63579,101
12.98799992,80.22371674,63579,63660,81
12.98810959,80.22392273,63660,63751,91
12.98808956,80.22376251,63751,63893,142
12.98816013,80.22392273,63893,63974,81
12.98803997,80.22389984,65379,65510,131
12.99100971,80.23291779,68244,68365,121
12.9900198,80.22666931,69184,69234,50
12.98995972,80.22614288,69244,69275,31
12.99822044,80.23803711,70429,70490,61
12.99818993,80.23802185,71056,71096,40
12.99087048,80.23300934,72188,72239,51
12.99092007,80.23313904,72603,72683,80
12.99090958,80.23301697,72886,72977,91
12.99104023,80.233078,72977,73148,171
12.99098969,80.23317719,73148,73229,81
12.99088955,80.23309326,73229,73371,142
12.99085045,80.23301697,73381,73442,61
12.99098969,80.23313904,73452,73543,91
12.99092007,80.233078,73543,73684,141
13.00224972,80.23963928,73897,73967,70
12.99827957,80.23813629,74048,74109,61
12.99827957,80.23808289,74705,74806,101
12.9982996,80.23808289,74806,74948,142
12.99831963,80.23812866,75281,75463,182
12.99810982,80.23812866,75463,75585,122
12.99094963,80.23310089,76090,76181,91
12.99100018,80.23301697,76414,76515,101
12.99824047,80.23803711,77192,77293,101
12.99827003,80.23822784,77293,77374,81
12.99806023,80.23803711,77384,77445,61
12.98620033,80.23458099,77728,77778,50
12.99088001,80.23303986,79781,79892,111
12.99011993,80.22743988,80399,80491,92
12.99110985,80.23310089,80642,80824,182
12.99087048,80.23297882,80824,80905,81
12.99827957,80.23809814,81208,81259,51
12.99087048,80.23306274,81441,81562,121
12.9907999,80.23310852,81592,81683,91
12.99104977,80.23301697,81683,81845,162
12.99100971,80.23306274,81855,81896,41
12.99090004,80.23348999,82584,82625,41
12.98820019,80.22373962,83160,83191,31
12.99168015,80.23364258,83464,83514,50
12.99176979,80.22879791,84667,84768,101
12.99824047,80.23806,85192,85233,41
12.9917202,80.23375702,85384,85415,31
12.99133968,80.23365784,85435,85485,50
12.99750996,80.23777008,85859,85950,91
12.99376011,80.23435974,86031,86062,31
12.99827957,80.23806763,86274,86365,91
13.07586002,80.27500153,6364,6415,51
13.07586002,80.27490234,6415,6476,61
13.07608032,80.27449036,9701,9893,192
13.07621956,80.27422333,10186,10227,41
13.07608032,80.27435303,12037,12087,50
13.07594967,80.27462006,12310,12390,80
13.07612991,80.27445984,13219,13401,182
13.07579994,80.27449036,14453,14574,121
13.07600021,80.27465057,15343,15383,40
13.07616997,80.27429199,15879,16061,182
13.07586002,80.27458191,16758,16839,81
13.07583046,80.27458191,16859,16920,61
13.07608986,80.27454376,17223,17254,31
13.07604027,80.27438354,18083,18235,152
13.07594013,80.27451324,18457,18508,51
13.07596016,80.27455902,19145,19337,192
13.07594967,80.27481842,20693,20734,41
13.07600021,80.27559662,20784,20956,172
13.07604027,80.27597046,20956,21047,91
13.07590008,80.27620697,21047,21118,71
13.08146,80.27513885,21229,21270,41
13.08788967,80.28394318,22190,22240,50
13.08882999,80.29019928,22574,22614,40
13.04335976,80.27443695,23342,23394,52
13.01817989,80.24108887,24486,24526,40
13.01010036,80.21157074,25830,25972,142
13.00961018,80.21115875,27479,27529,50
13.00926018,80.21128845,27539,27620,81
13.0099802,80.24050903,28277,28358,81
13.01910973,80.24121094,28419,28459,40
13.02663994,80.24404144,28520,28571,51
13.02927971,80.2454834,28591,28641,50
13.02703953,80.25640106,28854,28914,60
13.0866003,80.28385162,30785,30845,60
13.08808041,80.2838974,31492,31543,51
13.08876038,80.29019928,31866,31897,31
13.04351044,80.27983856,32614,32655,41
13.04327965,80.27742767,32695,32726,31
13.04450989,80.26847076,32887,32918,31
13.0370903,80.26760101,33100,33201,101
13.02703953,80.25682068,33646,33717,71
13.02715015,80.25393677,33797,33858,61
13.00823975,80.21336365,34890,34921,31
13.00804996,80.21325684,34921,34961,40
13.00979042,80.21135712,35679,35740,61
13.00924969,80.21125793,36265,36326,61
13.01420975,80.22631836,36983,37014,31
13.00852966,80.23175049,37155,37236,81
13.00829029,80.23339844,37266,37307,41
13.02898026,80.24932098,37883,37923,40
13.02867031,80.25003052,37944,37984,40
13.02721977,80.25366974,38035,38075,40
13.02705956,80.25621033,38146,38186,40
13.03400993,80.26790619,38570,38601,31
13.04452038,80.26683807,39027,39088,61
13.08880043,80.29016113,40028,40069,41
13.08697987,80.28397369,40281,40382,101
13.08778,80.28388977,40402,40433,31
13.08796024,80.28399658,40433,40544,111
13.08804035,80.28372192,40544,40655,111
13.08160019,80.27600098,40888,40979,91
13.08148956,80.27562714,40979,41090,111
13.07594013,80.27638245,41231,41272,41
13.05338001,80.26392365,42061,42121,60
13.05288982,80.26390839,42121,42152,31
13.05185986,80.26389313,42212,42263,51
13.03750038,80.26766968,42627,42687,60
13.02665043,80.26564789,43061,43163,102
13.05335999,80.26374817,45609,45710,101
13.06637001,80.26821899,46327,46358,31
13.0812397,80.27510071,46802,46833,31
13.0819397,80.27545166,46853,46893,40
13.08654022,80.28386688,47096,47166,70
13.08771038,80.28386688,47237,47318,81
13.08874035,80.29006958,47803,47854,51
13.04356003,80.27979279,48564,48626,62
13.02663994,80.26611328,49345,49396,51
13.02861023,80.24994659,49739,49800,61
13.01834011,80.24124146,50113,50164,51
13.00710964,80.2403183,50295,50356,61
13.00957966,80.21118164,51529,51570,41
13.00942039,80.2110672,52095,52146,51
13.00932026,80.21114349,52864,52914,50
13.01443958,80.22618866,53268,53299,31
13.01782036,80.24105835,53784,53824,40
13.02919006,80.24555969,54077,54137,60
13.04430008,80.266922,55212,55244,32
13.08874989,80.29013824,56359,56399,40
13.08673954,80.28366852,56581,56652,71
13.08693981,80.28359222,56662,56723,61
13.0873003,80.283638,56723,56814,91
13.08765984,80.28360748,56814,56905,91
13.07608032,80.27597809,57360,57461,101
13.07616997,80.27596283,57683,57754,71
13.08061981,80.28166199,57956,58047,91
13.08584023,80.2832489,58078,58148,70
13.02721977,80.25372314,65379,65501,122
13.05720043,80.28202057,70103,70143,40
13.02702045,80.26158142,71458,71599,141
13.02707958,80.25344086,71660,71710,50
13.02855968,80.25003815,71761,71842,81
13.00858974,80.23101044,72540,72630,90
13.01136971,80.22399902,72651,72711,60
13.01169968,80.22084045,72721,72752,31
13.00961971,80.21481323,72802,72833,31
13.00844002,80.21354675,72863,72914,51
13.00354958,80.21016693,73065,73126,61
13.00656033,80.20968628,73156,73298,142
13.00726986,80.20307159,73328,73409,81
13.0149498,80.24031067,75644,75776,132
13.02130985,80.24140167,75776,75816,40
13.06991959,80.28468323,77791,77902,111
13.07419014,80.28600311,77922,77953,31
13.07814026,80.28762054,78003,78104,101
13.08837986,80.28984833,78165,78357,192
13.08637047,80.28343201,78428,78479,51
13.03680992,80.26760864,80231,80262,31
12.98806953,80.22376251,825,956,131
12.98816013,80.22380066,1168,1299,131
12.98812962,80.22386932,1299,1471,172
12.98818016,80.22373962,1995,2167,172
12.98808956,80.22360992,2167,2288,121
12.98812008,80.22367859,2298,2469,171
12.98818016,80.22367096,2469,2509,40
12.98820972,80.22376251,2520,2631,111
12.98816013,80.22377014,2631,2691,60
12.98810959,80.22373962,2691,2731,40
12.98816013,80.22389221,8168,8340,172
12.98818016,80.22373962,9671,9752,81
12.98814011,80.22357941,16015,16086,71
12.98826981,80.22373962,16692,16864,172
12.98838997,80.22373962,17227,17358,131
12.98670959,80.23812866,27903,27944,41
12.9883604,80.22338867,28276,28317,41
12.98834038,80.22332764,30296,30336,40
12.98847961,80.2233963,32013,32054,41
12.9884901,80.22341156,36010,36060,50
12.98834038,80.22335052,36788,36839,51
13.00576973,80.24224854,37424,37515,91
12.99182034,80.23374939,37847,37888,41
12.98832035,80.22332001,38170,38210,40
12.98653984,80.23845673,38543,38735,192
12.98649979,80.23529816,38785,38816,31
12.98649979,80.23525238,41347,41378,31
12.98653984,80.23847961,41438,41559,121
12.98834038,80.22337341,42739,42780,41
12.98832035,80.22338867,44696,44746,50
12.99180984,80.2337265,47958,47998,40
12.98841953,80.22335815,50999,51039,40
12.99094963,80.23194885,51180,51211,31
13.00576019,80.24227905,51634,51715,81
12.99392986,80.23451233,51997,52038,41
12.99182034,80.23371887,52098,52138,40
12.98830986,80.22332764,52371,52412,41
12.98832035,80.22332001,55570,55610,40
12.98832035,80.22335815,62732,62763,31
12.98832035,80.22335815,64216,64258,42
12.99180031,80.23371887,64459,64500,41
12.99872017,80.23922729,64651,64691,40
12.98830032,80.22338104,71554,71625,71
12.98649025,80.23532104,74755,74786,31
12.98834038,80.22338104,75078,75149,71
13.00572014,80.24237061,75693,75764,71
13.00566006,80.24227905,76077,76258,181
13.00564957,80.24239349,76258,76440,182
12.98834991,80.22337341,76934,76974,40
12.98812008,80.22371674,77582,77643,61
12.98801994,80.22361755,82599,82679,80
12.98816967,80.22371674,85604,85665,61
13.09893036,80.24141693,19020,19131,111
13.09856033,80.24224854,19161,19222,61
13.07793045,80.26251221,20312,20343,31
12.98698997,80.25906372,22211,22403,192
12.9875803,80.25591278,23777,23878,101
13.07730961,80.26106262,25788,25849,61
13.07707977,80.26055908,25879,25910,31
13.08568954,80.24542236,26354,26425,71
13.09951973,80.16963959,27954,28035,81
13.09753036,80.24183655,30727,30798,71
13.07779026,80.2620163,31656,31707,51
13.06844044,80.27168274,32070,32122,52
13.06425953,80.28321838,32314,32364,50
13.02040005,80.26921082,33047,33168,121
13.02021027,80.2689209,33168,33310,142
13.01970005,80.26837921,33330,33381,51
13.01910019,80.26767731,33411,33461,50
12.98735046,80.25948334,34332,34372,40
12.98676014,80.25904846,35807,35890,83
12.98717022,80.25907135,35890,35971,81
12.98721027,80.25906372,35971,36112,141
12.98746967,80.25631714,36173,36284,111
12.99639988,80.255867,36516,36597,81
12.9982996,80.25592041,36637,36668,31
13.0010004,80.25637054,36738,36779,41
13.0061903,80.25733185,36890,36981,91
13.02387047,80.27365112,37435,37496,61
13.06704044,80.26854706,38650,38681,31
13.07888031,80.25478363,39115,39166,51
13.08563995,80.24569702,39509,39570,61
13.09706974,80.24198914,39842,39893,51
13.10037994,80.21502686,40462,40522,60
13.09967995,80.17031097,41391,41482,91
13.09957027,80.16970062,41522,41563,41
13.09910965,80.16937256,41583,41765,182
13.09953022,80.16964722,41805,41866,61
13.09912014,80.18409729,42148,42219,71
13.09922981,80.18447876,42219,42270,51
13.10163021,80.21214294,42845,42886,41
13.09751987,80.24163818,43395,43466,71
13.08590984,80.25019836,43860,43900,40
13.08576012,80.2513504,43930,43961,31
13.08570957,80.25173187,43961,44001,40
13.07549953,80.25871277,44627,44698,71
13.07935047,80.25460815,44849,44880,31
13.08563995,80.24662018,45165,45225,60
13.09685993,80.24198914,45478,45538,60
13.0984602,80.24208069,46225,46276,51
13.0976696,80.24223328,47448,47528,80
13.09941006,80.18540955,48764,48804,40
13.09969997,80.17043304,49067,49117,50
13.09967041,80.1703186,49117,49178,61
13.09963989,80.1697998,49198,49360,162
13.09832001,80.169487,49441,49511,70
13.09936047,80.18514252,49915,49966,51
13.09961033,80.18604279,49986,50036,50
13.09910965,80.2315979,50949,50989,40
13.07771969,80.26187134,52060,52110,50
13.00148964,80.25656891,54054,54115,61
12.98863029,80.25588989,54418,54499,81
12.98666954,80.25956726,54640,54721,81
12.98748016,80.25649261,56126,56257,131
12.99835968,80.25588989,56489,56529,40
12.99901962,80.25602722,56560,56600,40
13.00609016,80.25727844,56742,56802,60
13.02381992,80.27359772,57216,57247,31
13.05784988,80.27925873,57906,57937,31
13.07549953,80.25871277,58816,58847,31
13.08563042,80.24578094,59352,59393,41
13.09669971,80.24185944,59656,59726,70
13.09702015,80.24205017,59726,59827,101
13.10033035,80.21517944,60335,60376,41
13.09941006,80.17021179,61347,61387,40
13.0989399,80.17021179,61407,61508,101
13.0948801,80.16049194,61741,61772,31
13.09508038,80.16104126,61782,61883,101
13.09749985,80.24179077,64794,64845,51
13.08399963,80.25457001,65451,65491,40
13.0642004,80.28340149,66573,66654,81
13.0159502,80.25971222,67716,67757,41
13.00667,80.25791168,67938,67969,31
12.99993038,80.25637817,68120,68181,61
12.99866962,80.25614929,68211,68242,31
12.99820995,80.25608063,68252,68312,60
12.98857975,80.25602722,68534,68605,71
12.98820972,80.25595856,68605,68726,121
12.98725986,80.25943756,68807,68848,41
12.99232006,80.25608063,70100,70213,113
12.99470997,80.25598907,70314,70457,143
12.99674034,80.25592804,70507,70538,31
12.99915028,80.25614929,70639,70689,50
13.00111961,80.25652313,70730,70790,60
13.02387047,80.27374268,71376,71438,62
13.03308964,80.27754211,71680,71720,40
13.04304028,80.27960968,71912,72003,91
13.05797958,80.27855682,72298,72349,51
13.06661987,80.27393341,72672,72712,40
13.0664196,80.26850891,72844,72894,50
13.06956005,80.26669312,73025,73056,31
13.07538033,80.25853729,73480,73662,182
13.08146,80.25524139,73917,73978,61
13.08127975,80.25034332,74170,74220,50
13.1036396,80.20359039,75659,75699,40
13.09951973,80.17102814,76356,76406,50
13.09910965,80.16957092,76528,76689,161
13.0994997,80.1697998,76719,76790,71
13.08586979,80.25025177,78692,78733,41
13.09904003,80.2411499,84398,84458,60
13.09895992,80.24047852,84489,84652,163
13.09895992,80.24030304,84662,84834,172
13.02318954,80.22744751,23281,23372,91
13.01988029,80.22476959,23464,23555,91
12.98812008,80.25128937,24142,24203,61
12.90104008,80.2279892,25194,25244,50
12.77081966,80.21305847,29643,29674,31
12.7867403,80.22046661,29866,29926,60
12.83115959,80.22931671,30492,30533,41
12.91399956,80.22926331,31604,31635,31
12.94884014,80.24064636,32140,32181,41
12.98723984,80.25144196,32797,32858,61
13.03269005,80.23052979,33980,34021,41
13.0348196,80.22981262,34122,34253,131
13.03446007,80.2297821,34253,34354,101
13.03417969,80.23014069,34789,34971,182
13.03423977,80.23020935,35426,35537,111
13.02466011,80.22907257,35840,35871,31
13.02320957,80.22740173,35921,35962,41
12.95656967,80.24373627,37266,37316,50
12.9073801,80.22836304,37977,38027,50
12.89258957,80.22750092,38260,38310,50
12.78765965,80.22093201,39493,39604,111
12.78689957,80.22064209,39635,39675,40
12.7862196,80.22151184,39746,39796,50
12.78614998,80.22091675,40393,40474,81
12.78614044,80.22054291,40474,40545,71
12.83942032,80.22766876,41232,41304,72
12.89241982,80.22733307,41819,41880,61
12.90639973,80.22815704,42082,42123,41
12.96321964,80.24649811,42850,42911,61
12.9871397,80.25150299,43295,43336,41
13.01953983,80.22440338,44104,44144,40
13.02435017,80.22841644,44276,44337,61
13.02355957,80.2275238,44589,44751,162
12.98777008,80.25460815,45580,45641,61
12.98725033,80.25836945,45712,45772,60
12.98670006,80.25871277,46389,46530,141
12.98684025,80.25914764,51879,51980,101
12.98779964,80.25169373,52122,52182,60
13.0243597,80.22846222,53072,53133,61
13.02303028,80.22727203,53193,53304,111
13.0229702,80.22711945,53304,53355,51
13.00687981,80.24015808,53739,53800,61
13.00673962,80.24581909,53911,53952,41
12.9879303,80.25134277,54235,54366,131
12.9566803,80.24359131,54780,54861,81
12.89313984,80.2275238,55670,55701,31
12.78619003,80.22039795,60161,60202,41
12.84533024,80.22657776,61091,61122,31
12.90618038,80.2281723,62041,62122,81
12.94890022,80.24060059,62790,62840,50
12.95631981,80.24327087,62972,63003,31
12.97986984,80.25263977,63357,63407,50
13.02196026,80.22614288,64337,64368,31
13.02733994,80.23105621,64540,64600,60
13.02803993,80.23097992,64620,64691,71
13.0291996,80.23085785,64721,64853,132
13.02956009,80.23087311,64863,64903,40
13.0316,80.23072052,66289,66339,50
13.03127003,80.23074341,66349,66380,31
13.0197897,80.22479248,66856,66896,40
13.00695038,80.24008942,67260,67371,111
13.00669956,80.243927,67452,67553,101
13.00609016,80.24752808,67654,67695,41
12.98841,80.2513504,67948,68049,101
12.96418953,80.24716949,68423,68504,81
12.90108967,80.22808075,69545,69626,81
12.89365005,80.22769928,69757,69788,31
12.89282036,80.22754669,69828,69889,61
12.7846899,80.21974182,71438,71479,41
12.83932018,80.22782898,75493,75533,40
12.96329021,80.24667358,77181,77221,40
12.98750973,80.2514267,77555,77646,91
12.98779011,80.25430298,77707,77798,91
12.98678017,80.2593689,77990,78121,131
12.98684025,80.25901794,86129,86220,91
13.01430988,80.22554016,1277,1439,162
13.01426029,80.22548676,1449,1540,91
13.01430035,80.22541046,1540,1581,41
13.01434994,80.22560883,2584,2675,91
13.01430035,80.22554016,2675,2847,172
13.01438999,80.22547913,5409,5520,111
13.01441002,80.2254715,12123,12225,102
13.01436043,80.22545624,17574,17766,192
13.02445984,80.228508,24765,24806,41
13.02359962,80.2278595,24846,24877,31
12.90112019,80.22801208,26679,26719,40
12.90038013,80.22789001,29918,29949,31
12.96341038,80.24658203,30981,31022,41
13.01949978,80.22434998,32216,32257,41
13.02112007,80.22554016,32318,32419,101
13.02223015,80.22650146,33026,33148,122
13.02437973,80.22853851,33219,33269,50
13.02326012,80.22750854,33320,33472,152
13.00716972,80.23890686,33836,33887,51
12.98822021,80.25134277,34252,34314,62
12.94923973,80.2408371,34851,34891,40
12.90684032,80.22828674,35458,35549,91
12.90122986,80.22799683,35620,35661,41
12.90046978,80.22779846,38920,38951,31
12.90608978,80.22814941,39082,39133,51
12.95621967,80.24333191,39902,39933,31
13.01546001,80.22498322,41127,41158,31
13.01945019,80.22432709,41228,41279,51
13.02130032,80.22573853,41330,41441,111
13.00817966,80.23358154,42433,42464,31
13.00603008,80.24742889,42696,42727,31
12.9885397,80.25125885,42990,43041,51
12.95681953,80.24378967,43486,43557,71
12.95662022,80.24373627,43557,43648,91
12.90690041,80.22834015,44286,44337,51
12.90104961,80.2279892,44407,44498,91
12.78625965,80.22038269,46908,46948,40
12.83940029,80.2276001,47687,47718,31
12.89227009,80.22731781,48436,48467,31
12.94874001,80.24051666,49259,49299,40
12.97937965,80.25258636,49765,49805,40
12.98622036,80.25177002,49896,49957,61
13.01408958,80.22553253,51121,51253,132
13.01408005,80.22519684,51253,51354,101
13.02336025,80.2276001,52771,52903,132
13.00691986,80.23992157,53318,53369,51
13.00601006,80.24739838,53591,53622,31
12.98810005,80.25128937,53855,53946,91
12.95703983,80.24372101,54411,54533,122
12.78604031,80.22193909,57562,57653,91
12.78633022,80.22193146,57663,57724,61
12.7862196,80.22106934,57764,57815,51
12.78623009,80.22039795,57835,57876,41
12.83944988,80.2277298,58696,58736,40
12.90042019,80.22795105,59587,59637,50
12.90627003,80.2282486,59789,59870,81
12.96329975,80.24659729,60731,60781,50
12.98700047,80.25154114,61166,61216,50
13.00739956,80.23703766,61692,61723,31
13.00693035,80.24001312,62968,63039,71
13.00669956,80.24739838,63221,63272,51
12.98822975,80.25134277,63545,63636,91
12.96541977,80.24742889,63980,64011,31
12.89262962,80.22746277,65195,65256,61
12.78726006,80.2207489,66592,66693,101
12.78689957,80.22059631,66693,66724,31
12.78627968,80.2203598,66744,66825,81
12.78619003,80.22138214,67868,67959,91
12.78614044,80.22059631,67979,68070,91
12.90641022,80.22814941,69791,69842,51
12.94880962,80.24060822,70450,70500,50
12.98602009,80.25176239,71047,71118,71
13.00667953,80.24049377,71563,71594,31
13.02089977,80.22544861,72049,72100,51
13.02091026,80.22551727,72100,72211,111
13.0243597,80.22846222,72606,72667,61
12.98845959,80.251297,73660,73721,61
12.9070797,80.22828674,74907,74948,41
12.90126038,80.22796631,75029,75130,101
12.8926096,80.22744751,75241,75272,31
12.78639984,80.22042084,76588,76638,50
12.85004044,80.22653961,77924,77955,31
12.96317959,80.24658203,79321,79382,61
12.98750019,80.25138092,79645,79747,102
13.0141201,80.2256012,84414,84445,31
13.01453972,80.22544098,84485,84546,61
12.98717022,80.25855255,20596,20768,172
12.98729992,80.2585907,20768,20900,132
12.78631973,80.22039795,25066,25116,50
12.78629017,80.22174072,25157,25197,40
13.0240202,80.22795105,28878,28948,70
13.0240202,80.22801971,29383,29515,132
13.02350998,80.2277832,30020,30131,111
13.00889015,80.23002625,30667,30738,71
12.99822044,80.24887085,31142,31173,31
12.98810005,80.25141907,31314,31355,41
12.9011097,80.2280426,32558,32608,50
12.78631973,80.22044373,34054,34125,71
12.83899021,80.22782135,35571,35642,71
12.83934021,80.22772217,35642,35682,40
12.89233971,80.22731781,36329,36370,41
12.94882965,80.24060059,37067,37118,51
12.98746014,80.25134277,37755,37876,121
13.01928997,80.22428131,38664,38695,31
13.01976967,80.22460175,38715,38746,31
13.02095032,80.22544098,38786,38837,51
13.00691986,80.24011993,40525,40616,91
12.95666981,80.24368286,41445,41516,71
12.90672016,80.22834778,42123,42193,70
12.90102005,80.22805023,42254,42335,81
12.89245033,80.22744751,42446,42477,31
12.83985996,80.22766113,43012,43103,91
12.78614044,80.22100067,43852,43902,50
12.78619003,80.22068787,44478,44509,31
12.89216042,80.22725677,45783,45823,40
12.90587997,80.22812653,46046,46096,50
12.91944027,80.23001862,46248,46288,40
12.96319962,80.24649811,46945,46986,41
12.98668003,80.2515564,47289,47320,31
13.02105999,80.22550201,48149,48290,141
13.02361965,80.22788239,49433,49564,131
12.98805046,80.2514267,50918,51050,132
12.98795033,80.25144958,51060,51131,71
12.95678043,80.24371338,51486,51547,61
12.95652008,80.24360657,51547,51587,40
12.90695,80.228302,52093,52133,40
12.89258957,80.22738647,52325,52386,61
12.78635025,80.2203598,53599,53680,81
12.83094978,80.2293396,54873,54904,31
12.9000597,80.22769928,55783,55834,51
12.94882011,80.24059296,56491,56541,50
12.96319962,80.24646759,56794,56825,31
12.98709965,80.2514801,57158,57259,101
13.01922989,80.22425842,58078,58119,41
13.02435017,80.22840118,58311,58371,60
12.98888016,80.25119019,59180,59241,61
12.95672035,80.24378967,59717,59758,41
12.90690994,80.22839355,60364,60415,51
12.9010601,80.22805786,60496,60566,70
12.78617001,80.22059631,63165,63215,50
12.83106041,80.22934723,63802,63842,40
12.85564995,80.22637939,64247,64348,101
12.90565968,80.22812653,64944,64985,41
12.94871998,80.24053192,65521,65571,50
12.98750019,80.25135803,66330,66522,192
13.01931,80.22431183,67361,67401,40
13.02231979,80.22651672,67502,67583,81
13.02307987,80.22724152,67634,67674,40
13.02332973,80.22763062,68048,68089,41
13.00697041,80.23976898,68564,68655,91
13.00667953,80.24317932,68736,68797,61
13.00671959,80.2473526,68888,68938,50
12.89344978,80.22756958,70728,70778,50
12.89274025,80.22744751,70809,70869,60
12.90073967,80.22783661,74064,74145,81
12.90622044,80.22811127,74226,74267,41
12.96335983,80.24652863,75025,75065,40
12.98771954,80.25135803,75399,75531,132
12.98748016,80.25846863,75682,75713,31
12.98705006,80.25852966,75733,75905,172
12.98686028,80.258461,75935,76087,152
13.02441025,80.22853088,24110,24171,61
12.78627014,80.22036743,28917,28988,71
12.84543991,80.22653961,29797,29828,31
12.90631962,80.22817993,30667,30728,61
12.9562397,80.24343109,31487,31548,61
12.95895958,80.24447632,31588,31619,31
12.96333981,80.24658966,31689,31750,61
12.98736,80.25144958,32145,32195,50
13.0235796,80.22782135,33096,33187,91
13.00895023,80.22984314,33734,33906,172
13.00699043,80.2400589,34057,34108,51
12.89923954,80.22786713,35759,35790,31
12.8048296,80.22396088,36923,36984,61
12.78814983,80.22103882,37227,37267,40
12.78619957,80.2207489,38492,38532,40
12.90653038,80.22823334,40252,40323,71
12.96323967,80.24656677,41193,41224,31
12.97976971,80.25263977,41487,41537,50
12.98735046,80.25141907,41659,41699,40
13.00667,80.24067688,42043,42074,31
13.01963043,80.22447968,42509,42559,50
12.98820972,80.25135803,43855,43966,111
12.96358013,80.24680328,44280,44320,40
12.95707989,80.24389648,44421,44482,61
12.95685959,80.24382019,44492,44543,51
12.90676022,80.22831726,45251,45292,41
12.78627968,80.22036743,46769,46809,40
12.83942032,80.2276001,47963,48023,60
12.90645981,80.22812653,48886,48936,50
12.97974968,80.25260925,49857,49908,51
12.98768044,80.25550842,50080,50171,91
12.98719025,80.25855255,50262,50353,91
12.98670959,80.25869751,50646,50687,41
12.9878397,80.25180817,52134,52174,40
13.00671959,80.2407074,52458,52498,40
13.02441978,80.22847748,53034,53065,31
12.98799992,80.25128937,54431,54572,141
12.95658016,80.24365234,54997,55058,61
12.7862196,80.22164917,57041,57072,31
12.78617001,80.22065735,58276,58337,61
12.83944988,80.2276535,58994,59045,51
12.9007597,80.22783661,59775,59836,61
12.90565014,80.2281723,59947,60028,81
12.96319962,80.24658203,60878,60909,31
13.00648975,80.24655914,61536,61577,41
13.01965046,80.22447968,62113,62163,50
13.00691986,80.24002838,63368,63428,60
13.00671959,80.24723816,63590,63641,51
12.98886013,80.25112915,63874,63945,71
12.90742016,80.22834015,65027,65068,41
12.78767967,80.22088623,66596,66697,101
12.78674984,80.22054291,66758,66849,91
12.78619957,80.22151947,68276,68438,162
12.78619957,80.22115326,68448,68509,61
12.78614044,80.22077942,68509,68549,40
12.78612041,80.22039032,68559,68620,61
12.78654957,80.22042847,68640,68681,41
12.80539989,80.22411346,68984,69035,51
12.83154011,80.22918701,69348,69379,31
12.84990025,80.22650146,69652,69693,41
12.85560036,80.22634888,69763,69885,122
12.87658024,80.22686005,70158,70189,31
12.90639019,80.22817993,70604,70635,31
12.94880009,80.2405777,71201,71242,41
12.9796896,80.25263214,71748,71788,40
13.02437973,80.22853851,72638,72669,31
13.02307987,80.22743225,72699,72871,172
13.00687981,80.24004364,73600,73701,101
13.00669003,80.24726105,73802,73853,51
12.98810005,80.25137329,74055,74146,91
12.90098953,80.22795868,75199,75330,131
12.89937019,80.22789764,75360,75391,31
12.8394804,80.22776031,77860,77911,51
12.97957039,80.25266266,79368,79418,50
12.98771954,80.25140381,79499,79591,92
12.98766994,80.25569153,79641,79712,71
12.9867897,80.25892639,6080,6262,182
12.83994961,80.22766876,21038,21099,61
12.78654003,80.22044373,21726,21767,41
12.80550003,80.22412109,21979,22010,31
13.01963997,80.22444153,24905,24946,41
13.02317047,80.22740173,25999,26161,162
12.7867403,80.22055817,29819,29859,40
12.78623962,80.22187805,29930,29961,31
12.83936024,80.2277298,32666,32707,41
12.94886971,80.24066925,34225,34286,61
12.95631981,80.2434082,34417,34458,41
12.98606968,80.25180054,34903,34954,51
13.01951027,80.22441101,35784,35825,41
13.02429962,80.22834778,35966,35997,31
12.90165997,80.2280426,39451,39482,31
12.80589962,80.22444153,40717,40767,50
12.78660965,80.22049713,41678,41709,31
12.90573978,80.22814178,43209,43250,41
12.94869995,80.24057007,43806,43837,31
12.98499012,80.25203705,44414,44454,40
12.98760033,80.25547028,44667,44829,162
12.98748016,80.25701904,47423,47565,142
12.98612976,80.25552368,47615,47646,31
12.89943027,80.22786713,48901,48942,41
12.7895298,80.22161865,50339,50379,40
12.78623009,80.22200775,50531,50592,61
12.78619957,80.22190094,50592,50733,141
12.78641033,80.22039032,51523,51564,41
12.83110046,80.22930145,52224,52264,40
12.83942032,80.22772217,52375,52426,51
12.98373985,80.25234985,54653,54704,51
12.98418045,80.25222015,54724,54765,41
12.98589993,80.2517395,54815,54876,61
13.01937008,80.22429657,55758,55799,41
13.02431965,80.22836304,55961,56022,61
13.00675011,80.24727631,57460,57521,61
12.95662975,80.24375153,58361,58411,50
12.90678024,80.22834778,59130,59211,81
12.9010601,80.2280426,59302,59343,41
12.78635979,80.22042847,60780,60821,41
12.90629005,80.22823334,63433,63474,41
12.95592022,80.24317932,64263,64324,61
12.96304989,80.24645996,64466,64516,50
12.98719978,80.2514801,64921,65012,91
12.98766041,80.25576782,65114,65266,152
12.98721981,80.25861359,65316,65347,31
12.98666954,80.25879669,66634,66806,172
12.98643017,80.25882721,68132,68193,61
12.98672009,80.25878143,74279,74441,162
12.98643017,80.25866699,74441,74542,101
12.9864397,80.25865173,75160,75292,132
12.98637962,80.25878906,81245,81407,162
13.07489014,80.27519989,21424,21485,61
13.07577991,80.27485657,21516,21576,60
13.07598019,80.27600861,21627,21718,91
13.08195019,80.27523804,22113,22194,81
12.98806,80.2513504,23857,23908,51
12.8397398,80.2277298,25275,25316,41
12.78623009,80.22158813,25873,25944,71
12.90093994,80.22776794,28476,28516,40
12.97990036,80.25269318,29600,29661,61
13.02427959,80.2283783,30564,30595,31
13.03110981,80.23970795,30777,30827,50
13.08203983,80.27529907,31739,31850,111
13.08205986,80.27575684,32124,32185,61
13.08160019,80.27584076,33512,33552,40
13.08154011,80.27549744,33562,33633,71
13.06865978,80.27200317,33937,33977,40
13.03971958,80.24710846,34586,34637,51
13.02340984,80.22756195,35032,35072,40
13.00819969,80.23352814,35335,35376,41
12.99112034,80.25054932,35862,35903,41
12.98834038,80.25128937,35943,36024,81
12.90684986,80.22831726,37189,37250,61
12.72227955,80.18747711,39386,39417,31
12.72214031,80.18775177,41455,41546,91
12.90606022,80.22825623,44159,44200,41
12.94867992,80.2405777,44645,44676,31
12.98744965,80.25137329,45154,45265,111
13.0259304,80.23113251,46075,46126,51
13.03096008,80.23950195,46247,46278,31
13.03110027,80.2397995,46278,46338,60
13.06369019,80.26509094,47270,47301,31
13.07124996,80.27407837,47655,47817,162
13.07602024,80.27468109,47979,48070,91
13.07616043,80.27593231,48111,48155,44
13.07625961,80.27590942,48155,48261,106
13.07559013,80.27494049,48301,48494,193
13.07553005,80.27498627,49010,49172,162
13.07549953,80.27500153,49172,49304,132
13.07551956,80.27506256,49304,49446,142
13.07549953,80.27500153,49770,49912,142
13.07548046,80.27490997,49912,49973,61
13.08100986,80.27516174,50084,50226,142
13.08180046,80.27520752,50246,50317,71
13.07194042,80.27467346,51208,51239,31
13.06863976,80.27192688,51330,51370,40
13.03956985,80.24700928,52151,52182,31
13.03143024,80.24080658,52446,52517,71
12.95691967,80.24363708,53934,54005,71
12.95656013,80.24350739,54005,54076,71
12.8928299,80.22743988,54775,54816,41
12.78777027,80.22090149,55909,55940,31
12.7869997,80.22061157,55980,56031,51
12.83096981,80.22934723,58006,58046,40
12.83940029,80.22760773,58148,58208,60
12.87646961,80.22686768,58593,58634,41
12.98703003,80.25154114,60035,60137,102
13.03909016,80.24687958,61423,61463,40
13.08051968,80.27528381,62436,62557,121
13.08205986,80.27812195,64037,64068,31
13.08213997,80.27825165,64068,64118,50
13.07190037,80.27471161,64351,64422,71
13.06855011,80.27200317,64523,64574,51
13.03192043,80.24189758,65496,65587,91
13.02750015,80.23471832,65708,65749,41
13.02338982,80.22763824,65951,65992,41
13.00687981,80.24021149,66367,66448,81
13.00673962,80.24635315,66591,66642,51
13.00629044,80.2474823,66662,66723,61
12.99800014,80.24894714,66824,66855,31
12.90709972,80.22841644,68323,68364,41
12.90130997,80.22807312,68435,68526,91
12.89953995,80.22795868,68576,68617,41
12.89276028,80.22756195,68718,68789,71
12.87646008,80.22705841,68981,69022,41
12.84541988,80.22670746,69377,69408,31
12.80500031,80.22409821,69864,69914,50
12.78746986,80.22093201,70157,70228,71
12.7846899,80.21971893,70309,70340,31
12.72222996,80.1876297,71089,71140,51
12.72194958,80.18786621,71160,71211,51
12.72222042,80.18746185,72457,72497,40
12.80529976,80.22416687,73510,73550,40
12.90069962,80.22794342,74534,74574,40
12.90081978,80.2279892,74584,74615,31
12.96331024,80.24668121,75476,75547,71
12.97963047,80.25267792,75729,75790,61
12.98742008,80.25144196,75881,75962,81
13.00662041,80.24049377,76205,76266,61
13.03069019,80.23925781,76985,77035,50
13.03896999,80.24690247,77299,77362,63
13.07987976,80.27532959,78151,78314,163
13.08191013,80.27539063,78374,78415,41
13.01422024,80.22570038,9966,10148,182
13.01422024,80.22570801,19016,19118,102
13.01432037,80.22575378,19381,19483,102
13.01426983,80.22615051,23435,23466,31
13.01986027,80.22485352,24033,24094,61
13.00675964,80.24717712,24520,24570,50
12.98803997,80.25147247,24854,24945,91
12.89336014,80.22756958,26303,26334,31
12.83148003,80.22915649,29911,29952,41
12.91394043,80.2292099,31046,31077,31
12.94886017,80.24053955,31614,31654,40
12.96325016,80.24642181,31938,31989,51
12.97972965,80.25256348,32242,32293,51
13.01949978,80.22434998,33144,33185,41
13.02437973,80.22840881,33306,33357,51
13.02355003,80.22781372,33397,33448,51
13.00831985,80.23343658,34380,34421,41
13.00699043,80.23990631,34502,34553,51
12.95660019,80.24378204,35374,35424,50
12.9011097,80.22807312,36205,36276,71
12.80397034,80.22393799,37360,37421,61
12.78625965,80.22171021,37856,37897,41
12.78623009,80.2219162,38961,39002,41
12.78612041,80.22068787,39042,39113,71
12.89202976,80.22724915,40299,40349,50
12.90649986,80.22814178,40572,40623,51
12.94882965,80.2405014,41160,41211,51
12.95123959,80.24131012,41251,41282,31
13.01570034,80.22509003,42448,42479,31
13.01947975,80.22429657,42529,42580,51
13.02155018,80.22580719,42631,42712,81
13.02159977,80.22589111,42712,42884,172
13.02163029,80.22590637,42884,43026,142
13.02379036,80.22773743,43127,43188,61
13.00683975,80.2399826,43958,43989,31
12.95699978,80.24394226,44799,44850,51
12.90126038,80.22799683,45642,45703,61
12.87125015,80.22673035,46068,46169,101
12.78625965,80.22170258,47284,47315,31
12.78635979,80.2203598,48044,48085,41
12.83928013,80.22763062,48776,48867,91
12.90213013,80.22783661,49627,49658,31
12.94873047,80.24051666,50316,50347,31
12.97966003,80.2525177,50853,50914,61
13.01947021,80.22434998,51857,51897,40
13.01408005,80.22538757,52243,52415,172
13.02427006,80.228302,55739,55782,43
13.00671005,80.2466507,56886,56917,31
13.00625038,80.24736786,56947,56978,31
12.95662022,80.24375916,57687,57748,61
12.95646954,80.24373627,57758,57829,71
12.90692997,80.22840118,58528,58609,81
12.89330959,80.2276001,58862,58903,41
12.78717995,80.22077942,60200,60271,71
12.7867403,80.22064209,60281,60342,61
12.78612041,80.22055054,60950,60981,31
12.83139038,80.22920227,61487,61528,41
12.87279034,80.22663116,61953,61984,31
12.94876003,80.2405014,63109,63159,50
12.97976017,80.25261688,63727,63788,61
12.98731041,80.25141144,63879,64021,142
13.01957989,80.22441101,64862,64902,40
13.02418995,80.22827911,65835,65875,40
13.02439022,80.22843933,65896,65966,70
13.02355003,80.22781372,65987,66027,40
13.02307034,80.22738647,66058,66240,182
13.00829983,80.23336792,66534,66575,41
13.00689983,80.24008179,66666,66747,81
12.98803043,80.25144958,67254,67385,131
12.89360046,80.2276001,68875,68915,40
12.8928299,80.22749329,68936,68997,61
12.80529976,80.22409821,70050,70081,31
12.78612041,80.22071838,71297,71338,41
12.83146,80.22914124,71915,71946,31
12.90065956,80.2278595,72817,72898,81
12.9063797,80.22808075,72999,73060,61
12.97974968,80.25257111,74106,74167,61
12.98614025,80.25170898,74238,74289,51
13.02011013,80.22477722,75119,75150,31
13.02416992,80.22812653,75231,75312,81
13.02423,80.22833252,75312,75363,51
13.00885963,80.23034668,75717,75819,102
13.00679016,80.24617004,76093,76135,42
12.98814011,80.25141144,76409,76510,101
12.98023033,80.2527771,76601,76642,41
12.90149975,80.22807312,77739,77800,61
12.84591961,80.22669983,78460,78500,40
12.78680038,80.22070313,79189,79220,31
12.85033035,80.22644043,80071,80132,61
12.90060043,80.22779846,80669,80730,61
13.0243597,80.22841644,82361,82412,51
12.99841022,80.25705719,18521,18662,141
12.99845028,80.25700378,19117,19198,81
12.9976902,80.25634003,20372,20523,151
13.00664043,80.24738312,20806,20877,71
13.02443981,80.22846985,21342,21373,31
13.02352047,80.22776794,21403,21484,81
12.78621006,80.22257233,24780,24811,31
12.78623009,80.22042847,26985,27026,41
12.78641987,80.22032928,27026,27066,40
12.90085983,80.22782898,28330,28381,51
12.94898987,80.24063873,28977,29028,51
12.98746967,80.25140381,29635,29726,91
13.01959991,80.22440338,30525,30566,41
13.02371025,80.22792816,30718,30788,70
13.02326012,80.22750854,31254,31294,40
13.00899029,80.22949219,31607,31668,61
13.00312042,80.24768066,32073,32133,60
12.98810959,80.25153351,32356,32447,91
12.86131954,80.22662354,34317,34368,51
12.78627014,80.22032928,35339,35379,40
12.8725996,80.22660065,37088,37138,50
12.90622044,80.22812653,37583,37624,41
12.94884014,80.24063873,38220,38271,51
12.96327972,80.246521,38534,38584,50
12.97976017,80.25258636,38847,38918,71
12.98731995,80.25141144,38999,39090,91
13.01951981,80.22431183,39929,39960,31
13.02433968,80.22846222,40121,40182,61
13.02342033,80.22773743,40223,40394,171
13.02334023,80.22743988,40394,40536,142
13.02336025,80.22759247,40536,40678,142
12.98834038,80.25138092,41517,41618,101
12.95648956,80.24375916,42053,42134,81
12.90161991,80.22808075,42922,42953,31
12.89253998,80.22749329,43104,43145,41
12.84004974,80.2276001,43741,43812,71
12.80603981,80.22460938,44196,44227,31
12.78711033,80.22075653,44581,44752,171
12.78617001,80.22142029,44833,44884,51
12.78616047,80.22039795,46411,46482,71
12.9001503,80.22781372,47786,47867,81
12.90242004,80.2279129,47917,47968,51
12.90620995,80.22807312,48019,48089,70
12.94878006,80.24051666,48635,48666,31
12.98587036,80.25174713,49272,49333,61
12.98752022,80.251297,49384,49505,121
12.98923969,80.25086212,49535,49566,31
13.01957035,80.22434998,50314,50354,40
13.02437973,80.228508,50506,50577,71
13.02338028,80.22750854,50850,50951,101
13.00695992,80.23989105,51335,51406,71
13.00667953,80.2473526,51568,51618,50
12.98793983,80.25141907,51861,51992,131
12.95724964,80.24385071,52387,52437,50
12.95689964,80.24369049,52437,52508,71
12.90723991,80.22833252,53145,53185,40
12.90153027,80.22799683,53276,53327,51
12.87656021,80.22698975,53701,53742,41
12.78614044,80.22039032,56300,56340,40
12.90021992,80.22779846,57624,57655,31
12.90060043,80.22782898,57655,57726,71
12.97957993,80.25257874,58888,58919,31
12.98614025,80.25177765,59000,59040,40
13.01957989,80.22444916,59869,59900,31
13.02431965,80.22841644,60031,60071,40
12.98826981,80.25137329,61335,61396,61
12.95674038,80.24373627,61851,61942,91
12.90705013,80.22839355,62599,62660,61
12.9015398,80.22807312,62761,62832,71
12.83185005,80.22924042,63702,63752,50
12.78763008,80.22090149,64359,64460,101
12.78637981,80.22042847,64541,64581,40
12.83944035,80.22766113,66634,66675,41
12.90299988,80.22801971,67504,67544,40
12.90530968,80.22820282,67615,67686,71
13.01124001,80.22358704,69566,69597,31
13.02287006,80.22708893,69920,69971,51
13.02429962,80.22868347,70042,70082,40
13.02348995,80.22783661,70123,70284,161
13.00704002,80.23957825,70841,70881,40
13.00669003,80.24304199,70992,71023,31
13.00667953,80.2474823,71134,71205,71
12.98869991,80.25128937,71457,71518,61
12.95643997,80.24371338,72084,72125,41
12.89260006,80.22750854,73156,73187,31
12.78617954,80.22081757,74612,74643,31
12.83911991,80.22786713,75704,75806,102
12.83944988,80.2277832,75806,75856,50
12.90056038,80.22795105,76392,76453,61
12.97961998,80.2526474,77485,77546,61
12.98787975,80.25395966,77738,77778,40
12.98785973,80.25415802,77778,77809,31
12.99752998,80.25592041,78031,78153,122
12.99719048,80.25705719,84918,84989,71
12.99707031,80.2569809,85778,85818,40
13.01453972,80.2250824,10240,10331,91
12.78678036,80.22058105,23579,23610,31
12.78621006,80.22155762,23660,23701,41
12.96337032,80.24655914,26542,26583,41
12.98756981,80.25137329,26886,26957,71
13.02416992,80.22814178,27757,27848,91
13.02348995,80.22769928,27909,27959,50
13.0145998,80.2261734,28161,28202,41
13.00699997,80.23995209,28424,28485,61
12.98812962,80.25137329,28900,28991,91
12.90711021,80.2283783,30174,30224,50
12.90126038,80.2280426,30315,30366,51
12.78687954,80.22065735,31945,31976,31
12.78619957,80.22045898,34506,34587,81
12.78666019,80.22048187,34597,34637,40
12.83156967,80.22914886,35254,35285,31
12.90038013,80.22782898,36164,36205,41
12.90233994,80.2279129,36255,36286,31
12.90625,80.22812653,36356,36387,31
13.01961994,80.22447968,38511,38542,31
13.02272987,80.22689819,39270,39330,60
13.00693035,80.23976135,39745,39826,81
12.98838043,80.2513504,40210,40261,51
12.95680046,80.24378967,40756,40797,41
12.95670033,80.24375916,40797,40877,80
12.90147018,80.22801971,41686,41727,41
12.8398304,80.22769928,42576,42627,51
12.78619957,80.22103119,43860,43891,31
12.78610992,80.22068787,43901,43941,40
12.83936024,80.22763062,44609,44659,50
12.90048027,80.2278595,45397,45448,51
12.90655994,80.22820282,45579,45610,31
12.94882011,80.24060059,46206,46247,41
12.97961998,80.25260162,46762,46793,31
12.98707962,80.25148773,46884,47005,121
13.01523018,80.22476196,47662,47693,31
13.02441025,80.22846222,47895,47935,40
13.01406956,80.22530365,48939,49030,91
13.02441025,80.22844696,49485,49535,50
13.00730038,80.23812866,50486,50546,60
13.00712013,80.23905945,50567,50627,60
13.00691986,80.24002075,50648,50718,70
12.95654964,80.24369812,51689,51750,61
12.89272022,80.22746277,52559,52609,50
12.90073967,80.22779846,56391,56442,51
12.96327972,80.24649811,57372,57422,50
13.00669003,80.2403717,58069,58100,31
13.02353001,80.22781372,58717,58808,91
13.00695038,80.24008179,60041,60132,91
13.00677967,80.24677277,60233,60284,51
12.98888016,80.25119019,60527,60587,60
12.95646954,80.24363708,61012,61073,61
12.90168953,80.22801971,61730,61811,81
12.78754997,80.22087097,63216,63257,41
12.78629017,80.22038269,63307,63338,31
12.78617001,80.22075653,64420,64470,50
12.83104038,80.22939301,65097,65138,41
12.8394804,80.22760773,65289,65320,31
12.90575027,80.22815704,66280,66331,51
12.95629025,80.24334717,66988,67019,31
13.02412033,80.22810364,68556,68626,70
13.02435017,80.22837067,68626,68738,112
13.00667,80.24434662,69911,69951,40
12.98789978,80.25144958,70257,70339,82
12.9491396,80.24085999,70874,70915,41
12.90723991,80.2283783,71461,71501,40
12.78635025,80.22039795,73129,73200,71
12.78614044,80.22049713,73210,73261,51
12.78616047,80.2203598,74657,74697,40
12.90073013,80.22781372,75981,76022,41
13.02437973,80.22852325,77873,77934,61
13.01441956,80.22612762,78136,78197,61
13.01414013,80.22569275,78227,78308,81
12.98696041,80.25926971,10903,10984,81
12.98690033,80.25939178,16710,16751,41
12.98746967,80.25710297,20220,20362,142
12.98750973,80.25704193,20898,21029,131
12.89923954,80.22788239,21950,21990,40
13.02320004,80.2273407,26643,26683,40
12.90114975,80.22802734,28393,28443,50
12.78767967,80.2208786,29697,29728,31
12.78629971,80.22176361,29859,29960,101
12.90065956,80.2278595,32954,33045,91
12.97976971,80.25263977,34239,34299,60
13.02353001,80.22756958,35705,35877,172
13.02346039,80.2275238,35877,35938,61
13.00667,80.24739838,36393,36474,81
12.9881897,80.2513504,36676,36737,61
12.95654964,80.2436676,37131,37192,61
12.90709972,80.22836304,37811,37871,60
12.9014101,80.22795868,37952,37993,41
12.78625965,80.22151184,39338,39398,60
12.78623962,80.22187805,39398,39439,41
12.78616047,80.22068024,40329,40369,40
12.78617954,80.22033691,40369,40430,61
12.83930016,80.22775269,41057,41128,71
12.87672043,80.22683716,41544,41675,131
13.01951981,80.22438049,43900,43951,51
12.98806,80.25141144,45266,45388,122
12.95662022,80.24369049,45833,45873,40
12.94917011,80.24082184,45984,46025,41
12.90118027,80.22795105,46601,46692,91
12.83940983,80.2276001,50535,50576,41
12.90639973,80.22814941,51354,51405,51
12.94880962,80.24060059,51870,51921,51
12.98365974,80.25241089,52528,52598,70
12.98501968,80.25200653,52679,52871,192
12.98573971,80.25180817,52892,52993,101
12.98771954,80.251297,53043,53144,101
13.00673008,80.24706268,54732,54763,31
12.98960018,80.25095367,54975,55036,61
12.9565897,80.24365997,55602,55653,51
12.90135002,80.22798157,56310,56360,50
12.78633976,80.2203598,57797,57908,111
12.90618038,80.2282486,60386,60467,81
12.94884014,80.24062347,61003,61053,50
12.97916031,80.25257874,61508,61549,41
12.98612022,80.25177002,61650,61700,50
13.00667953,80.24041748,62075,62114,39
13.01955032,80.22438049,62550,62590,40
13.02268982,80.22693634,63177,63309,132
12.9888401,80.25119781,64219,64300,81
12.89276028,80.22746277,65635,65695,60
12.78800011,80.22106171,67040,67101,61
12.78687,80.22065735,67152,67212,60
12.78641987,80.22051239,67233,67374,141
12.78617001,80.22155762,68032,68193,161
12.78619957,80.22099304,68204,68254,50
12.78617001,80.22048187,68274,68305,31
12.83131981,80.2293396,68851,68932,81
12.9004097,80.22795105,69751,69802,51
12.90635967,80.22828674,69933,69984,51
12.98618984,80.25186157,71015,71116,101
13.01949978,80.22451019,71814,71845,31
12.98779964,80.25370026,72714,72785,71
12.98686981,80.25852203,75405,75547,142
12.98719978,80.25858307,75830,76022,192
