13.0343599319,80.2054595947,20,7348,7328
13.0343599319,80.2054595947,7348,7358,10
13.0346498489,80.2056121826,7358,7368,10
13.034819603,80.2054595947,7368,7378,10
13.0346899033,80.2051773071,7378,7388,10
13.0343103409,80.2050933838,7388,7399,11
13.0340900421,80.2050094604,7399,17021,9622
13.0340900421,80.2050094604,17021,17031,10
13.0342102051,80.2048797607,17031,19847,2816
13.0342102051,80.2048797607,19847,19857,10
13.0343799591,80.205078125,19857,19887,30
13.0343799591,80.205078125,19887,19897,10
13.0347003937,80.2051391602,19897,19968,71
13.0348901749,80.2051620483,19968,19988,20
13.0351400375,80.2051925659,19988,20099,111
13.0351400375,80.2051925659,20099,20109,10
13.0355701447,80.2052764893,20109,20119,10
13.0357303619,80.2053070068,20119,20129,10
13.0358695984,80.205368042,20129,20139,10
13.0358295441,80.2056427002,20139,20149,10
13.0357599258,80.2060623169,20149,20160,11
13.0356998444,80.2065811157,20160,20170,10
13.0355901718,80.2072601318,20170,20180,10
13.0354995728,80.2079772949,20180,20189,9
13.0354099274,80.2085037231,20189,20200,11
13.0353002548,80.2092437744,20200,20210,10
13.0352296829,80.2099227905,20210,20220,10
13.0351200104,80.2104415894,20220,20230,10
13.0349597931,80.2111587524,20230,20240,10
13.0348300934,80.2119598389,20240,20250,10
13.0344200134,80.2121124268,20250,20260,10
13.0337400436,80.2120437622,20260,20271,11
13.0329198837,80.2119369507,20271,20281,10
13.0322198868,80.2118606567,20281,20291,10
13.0318803787,80.2121124268,20291,20301,10
13.0318002701,80.2127990723,20301,20311,10
13.0317001343,80.2135391235,20311,20321,10
13.0316095352,80.2141876221,20321,20331,10
13.0315198898,80.2149200439,20331,20341,10
13.0314302444,80.2156066895,20341,20351,10
13.0313997269,80.2162322998,20351,20360,9
13.0314798355,80.2168579102,20360,20370,10
13.0315504074,80.217628479,20370,20382,12
13.031709671,80.2183685303,20382,20392,10
13.0321397781,80.2184524536,20392,20402,10
13.0322599411,80.2188110352,20402,20412,10
13.0322399139,80.2194137573,20412,20422,10
13.0322399139,80.2199325562,20422,20432,10
13.0320196152,80.2201385498,20432,20442,10
13.0314798355,80.2202529907,20442,20452,10
13.030790329,80.2202529907,20452,20462,10
13.030090332,80.2202224731,20462,20478,16
13.0291204453,80.2200393677,20478,20491,13
13.0282802582,80.2198562622,20491,20501,10
13.0277204514,80.2198028564,20501,20511,10
13.0270004272,80.2197875977,20511,20521,10
13.0263299942,80.2197799683,20521,20531,10
13.0257501602,80.2197799683,20531,20541,10
13.0250501633,80.2198028564,20541,20551,10
13.0244903564,80.2198028564,20551,20561,10
13.0242996216,80.2196273804,20561,20571,10
13.0242795944,80.2192230225,20571,20581,10
13.0242595673,80.2185516357,20581,20591,10
13.0242595673,80.2178726196,20591,20601,10
13.0242900848,80.2172393799,20601,20611,10
13.0242795944,80.2168273926,20611,21086,475
13.0242795944,80.2168273926,21086,21096,10
13.0243301392,80.2166976929,21096,21106,10
13.0244598389,80.2165679932,21106,21116,10
13.0246400833,80.2166519165,21116,21126,10
13.0246601105,80.2168502808,21126,21136,10
13.0247001648,80.217338562,21136,21146,10
13.0247402191,80.2180023193,21146,21157,11
13.0247602463,80.2183303833,21157,21167,10
13.0247802734,80.218711853,21167,21177,10
13.0248298645,80.2192306519,21177,21187,10
13.0248699188,80.2196502686,21187,21197,10
13.025179863,80.2197418213,21197,21207,10
13.0256795883,80.2197265625,21207,21217,10
13.0262498856,80.2197189331,21217,21227,10
13.0269298553,80.2197265625,21227,21237,10
13.0275001526,80.2197494507,21237,21247,10
13.027589798,80.2197570801,21247,21257,10
13.0278997421,80.2197875977,21257,21268,11
13.0284404755,80.2198562622,21268,21278,10
13.0289497375,80.2199630737,21278,21288,10
13.0295801163,80.2201309204,21288,21298,10
13.0300598145,80.220199585,21298,21308,10
13.0307798386,80.2202072144,21308,21318,10
13.0314903259,80.2202301025,21318,21328,10
13.031829834,80.2201538086,21328,21338,10
13.0321998596,80.2201004028,21338,21348,10
13.0322399139,80.2203369141,21348,21358,10
13.0321502686,80.2208099365,21358,21368,10
13.0319900513,80.2215270996,21368,21379,11
13.0316400528,80.2222671509,21379,21389,10
13.0312900543,80.2229690552,21389,21399,10
13.0311803818,80.2237014771,21399,21409,10
13.0311899185,80.2238616943,21409,21419,10
13.0311803818,80.2240524292,21419,21429,10
13.0311403275,80.2242965698,21429,21439,10
13.0306901932,80.2243423462,21439,21449,10
13.0299797058,80.2243118286,21449,21459,10
13.029299736,80.2243270874,21459,21469,10
13.0288095474,80.2240905762,21469,21479,10
13.0284996033,80.2241592407,21479,21490,11
13.0283403397,80.2248916626,21490,21500,10
13.0282096863,80.2255630493,21500,21510,10
13.0280799866,80.2262191772,21510,21520,10
13.0279598236,80.2267837524,21520,21530,10
13.0280199051,80.2270202637,21530,21540,10
13.0283699036,80.2271118164,21540,21550,10
13.028550148,80.2271270752,21550,21560,10
13.028840065,80.2271881104,21560,21570,10
13.0294599533,80.2273025513,21570,21580,10
13.0301198959,80.2274169922,21580,21590,10
13.0304403305,80.2276611328,21590,21601,11
13.0304002762,80.2280578613,21601,21610,9
13.0303897858,80.2282028198,21610,21621,11
13.0303602219,80.2285995483,21621,21631,10
13.0303201675,80.2292022705,21631,21641,10
13.0304899216,80.2296981812,21641,21651,10
13.030670166,80.2302627563,21651,21661,10
13.0307197571,80.2306213379,21661,21671,10
13.0304098129,80.2307815552,21671,21681,10
13.0298700333,80.2308425903,21681,21691,10
13.0294704437,80.2308807373,21691,21701,10
13.0289096832,80.2309188843,21701,21712,11
13.0281400681,80.2310028076,21712,21722,10
13.0277099609,80.231048584,21722,21732,10
13.0276699066,80.2314071655,21732,21742,10
13.0277299881,80.2319335938,21742,21751,9
13.0278701782,80.2325668335,21751,21762,11
13.0275602341,80.2328720093,21762,21772,10
13.026889801,80.2329788208,21772,21782,10
13.026550293,80.233001709,21782,21792,10
13.0262899399,80.2325592041,21792,21802,10
13.0260696411,80.2317733765,21802,21812,10
13.0257997513,80.230796814,21812,21823,11
13.0251703262,80.2297210693,21823,21833,10
13.0245504379,80.2289276123,21833,21843,10
13.0240497589,80.2282485962,21843,21853,10
13.0234298706,80.2276000977,21853,21863,10
13.0229902267,80.2272109985,21863,21873,10
13.0225000381,80.2268218994,21873,21883,10
13.0224199295,80.2267379761,21883,21893,10
13.0223903656,80.2266998291,21893,21903,10
13.0220298767,80.2263793945,21903,21913,10
13.0216598511,80.2260894775,21913,21923,10
13.0215396881,80.2259979248,21923,21934,11
13.0210599899,80.2256088257,21934,21944,10
13.0203800201,80.225151062,21944,21954,10
13.0195798874,80.2246170044,21954,21964,10
13.0185403824,80.2246170044,21964,21974,10
13.0174798965,80.2250595093,21974,21984,10
13.016699791,80.2253723145,21984,21994,10
13.0164604187,80.2253799438,21994,22014,20
13.0164604187,80.2253799438,22014,22024,10
13.0163202286,80.2253875732,22024,22034,10
13.0159397125,80.2255935669,22034,22045,11
13.0151996613,80.2259216309,22045,22055,10
13.0144701004,80.2262420654,22055,22071,16
13.0143299103,80.2262878418,22071,22083,12
13.0137796402,80.2264862061,22083,22092,9
13.0132703781,80.2266693115,22092,22103,11
13.0123500824,80.2270202637,22103,22114,11
13.0111198425,80.2274932861,22114,22124,10
13.0100803375,80.2279129028,22124,22134,10
13.0095100403,80.2276382446,22134,22144,10
13.0097999573,80.2269973755,22144,22155,11
13.010219574,80.2260818481,22155,22165,10
13.0106496811,80.2250823975,22165,22175,10
13.0110902786,80.2239837646,22175,22185,10
13.0115404129,80.2228012085,22185,22195,10
13.0119600296,80.2216415405,22195,22205,10
13.0120296478,80.2206573486,22205,22215,10
13.0117998123,80.2198486328,22215,22225,10
13.0113697052,80.2185974121,22225,22235,10
13.0109796524,80.2175521851,22235,22245,10
13.0105400085,80.2165222168,22245,22255,10
13.0101003647,80.2157287598,22255,22266,11
13.0095500946,80.2148284912,22266,22276,10
13.009059906,80.2141723633,22276,22286,10
13.0085000992,80.2135009766,22286,22296,10
13.0081300735,80.2133102417,22296,22306,10
13.0081100464,80.2133026123,22306,22316,10
13.0078601837,80.2130966187,22316,22326,10
13.0073795319,80.2128372192,22326,22336,10
13.0068302155,80.2127609253,22336,22346,10
13.0060396194,80.2129516602,22346,22356,10
13.0053300858,80.2127380371,22356,22365,9
13.0045604706,80.2122802734,22365,22377,12
13.0037298203,80.2119369507,22377,22387,10
13.0037002563,80.2114105225,22387,22397,10
13.0036296844,80.2106628418,22397,22407,10
13.0035400391,80.2098999023,22407,22417,10
13.0036001205,80.2091522217,22417,22427,10
13.0039901733,80.2086181641,22427,22437,10
13.0047903061,80.2089691162,22437,22447,10
13.0057001114,80.2093582153,22447,22457,10
13.0064601898,80.2096099854,22457,22467,10
13.0074396133,80.2098388672,22467,22488,21
13.0074396133,80.2098388672,22488,22498,10
13.0076599121,80.2098922729,22498,22514,16
13.0080699921,80.2100067139,22514,22526,12
13.0081596375,80.2097320557,22526,22535,9
13.0080795288,80.2094421387,22535,22546,11
13.0079402924,80.2086029053,22546,22557,11
13.0078401566,80.2077865601,22557,22567,10
13.0076799393,80.206817627,22567,22577,10
13.0075597763,80.2058181763,22577,22587,10
13.0075502396,80.2047805786,22587,22598,11
13.0074901581,80.2037277222,22598,22608,10
13.007349968,80.2027893066,22608,22618,10
13.0073604584,80.2016372681,22618,22639,21
13.0073604584,80.2016372681,22639,22648,9
13.007399559,80.201499939,22648,22659,11
13.0074300766,80.2010116577,22659,22669,10
13.0074596405,80.2004776001,22669,22679,10
13.0074396133,80.1997070313,22679,22689,10
13.0073795319,80.1988677979,22689,22699,10
13.007349968,80.1979980469,22699,22710,11
13.0073204041,80.1970367432,22710,22719,9
13.0073099136,80.1968765259,22719,22730,11
13.0073204041,80.1965026855,22730,22740,10
13.0075702667,80.196182251,22740,22750,10
13.0082702637,80.1962890625,22750,22760,10
13.0087995529,80.196182251,22760,22770,10
13.0093202591,80.1959609985,22770,22780,10
13.0104598999,80.1958770752,22780,22790,10
13.0110197067,80.1955795288,22790,22800,10
13.0111598969,80.1955032349,22800,22810,10
13.011639595,80.1951980591,22810,22821,11
13.0124998093,80.1946792603,22821,22831,10
13.0134096146,80.1941223145,22831,22841,10
13.0142402649,80.1935272217,22841,22851,10
13.0145101547,80.1931762695,22851,22861,10
13.0147399902,80.1928329468,22861,22871,10
13.0150604248,80.1922607422,22871,22881,10
13.0155000687,80.1914672852,22881,22891,10
13.0160503387,80.1904602051,22891,22901,10
13.0164804459,80.1896362305,22901,22911,10
13.0165100098,80.1895904541,22911,22921,10
13.0166196823,80.1893768311,22921,22932,11
13.0167398453,80.1891708374,22932,22942,10
13.0169401169,80.1888198853,22942,22952,10
13.0172901154,80.1881866455,22952,22962,10
13.0177001953,80.1874237061,22962,22972,10
13.0183401108,80.1866989136,22972,22982,10
13.0192298889,80.1861419678,22982,22992,10
13.0201702118,80.1855316162,22992,23002,10
13.0205402374,80.1847076416,23002,23012,10
13.0205898285,80.1844787598,23012,23022,10
13.0206899643,80.1842803955,23022,23032,10
13.020939827,80.1837997437,23032,23043,11
13.0214300156,80.1829223633,23043,23053,10
13.0219097137,80.1820373535,23053,23063,10
13.0224504471,80.1810379028,23063,23073,10
13.0230102539,80.1800231934,23073,23083,10
13.0235204697,80.1790390015,23083,23093,10
13.0238399506,80.1784362793,23093,23103,10
13.0238800049,80.1783905029,23103,23113,10
13.0239295959,80.1783218384,23113,23123,10
13.0241498947,80.1779327393,23123,23133,10
13.024479866,80.1773529053,23133,23143,10
13.0248403549,80.1766815186,23143,23154,11
13.0252399445,80.1759567261,23154,23164,10
13.0256204605,80.1752700806,23164,23174,10
13.0261001587,80.1744232178,23174,23184,10
13.0266504288,80.1734390259,23184,23194,10
13.0271997452,80.1724472046,23194,23204,10
13.0277500153,80.1714706421,23204,23214,10
13.0282697678,80.170539856,23214,23224,10
13.0286102295,80.1699295044,23224,23234,10
13.028960228,80.1692886353,23234,23244,10
13.0290298462,80.1691589355,23244,23254,10
13.0291795731,80.1688995361,23254,23285,31
13.0291795731,80.1688995361,23285,23295,10
13.0292396545,80.1687774658,23295,23305,10
13.0294599533,80.1684036255,23305,23315,10
13.029800415,80.1677627563,23315,23325,10
13.0302295685,80.1669998169,23325,23335,10
13.0307197571,80.1661071777,23335,23345,10
13.0312700272,80.1651382446,23345,23355,10
13.0317602158,80.1642608643,23355,23365,10
13.0321702957,80.1635437012,23365,23376,11
13.0323495865,80.1632080078,23376,23386,10
13.0324497223,80.1630325317,23386,23396,10
13.0327196121,80.1625366211,23396,23406,10
13.0331201553,80.1618423462,23406,23416,10
13.0335798264,80.1610412598,23416,23426,10
13.0340003967,80.1602935791,23426,23436,10
13.0343103409,80.1595687866,23436,23446,10
13.0343399048,80.1586685181,23446,23456,10
13.0342998505,80.1576385498,23456,23466,10
13.0342903137,80.15675354,23466,23476,10
13.0344295502,80.1563110352,23476,23487,11
13.0345201492,80.1561279297,23487,23497,10
13.034529686,80.1558380127,23497,23507,10
13.0341796875,80.1556015015,23507,23517,10
13.0339403152,80.1554336548,23517,23557,40
13.0339403152,80.1554336548,23557,23567,10
13.0338602066,80.1552963257,23567,23577,10
13.0335597992,80.1550827026,23577,23587,10
13.0331697464,80.1547622681,23587,23598,11
13.0325403214,80.1541900635,23598,23608,10
13.0318202972,80.1536712646,23608,23618,10
13.0310497284,80.1531829834,23618,23628,10
13.0304203033,80.1527481079,23628,23638,10
13.0296497345,80.1522598267,23638,23648,10
13.0288200378,80.1517105103,23648,23658,10
13.0280399323,80.1511611938,23658,23668,10
13.0271997452,80.1505432129,23668,23678,10
13.0263595581,80.1499023438,23678,23688,10
13.0255203247,80.1491317749,23688,23699,11
13.0246801376,80.1482009888,23699,23709,10
13.0241699219,80.1476287842,23709,23719,10
13.0237598419,80.1472473145,23719,23729,10
13.0231704712,80.1466598511,23729,23739,10
13.022480011,80.1460037231,23739,23749,10
13.0220098495,80.1455078125,23749,23759,10
13.0215597153,80.145072937,23759,23769,10
13.0210800171,80.1445999146,23769,23779,10
13.0205001831,80.1439971924,23779,23789,10
13.0199899673,80.1434020996,23789,23799,10
13.0194997787,80.1429290771,23799,23810,11
13.0191602707,80.1425704956,23810,23820,10
13.018699646,80.1421432495,23820,23830,10
13.0181102753,80.1415710449,23830,23840,10
13.0175895691,80.1408691406,23840,23850,10
13.0171003342,80.1398696899,23850,23860,10
13.016579628,80.1388397217,23860,23870,10
13.0160703659,80.1377868652,23870,23880,10
13.0156497955,80.13697052,23880,23890,10
13.0154304504,80.1365509033,23890,23900,10
13.0153799057,80.136428833,23900,23910,10
13.0151395798,80.1359863281,23910,23921,11
13.014749527,80.135269165,23921,23931,10
13.014289856,80.1345291138,23931,23941,10
13.0137395859,80.1336975098,23941,23951,10
13.012960434,80.1330413818,23951,23961,10
13.0125198364,80.132522583,23961,23971,10
13.0125303268,80.1320266724,23971,23981,10
13.012550354,80.1318283081,23981,23991,10
13.0124397278,80.1313095093,23991,24001,10
13.0121297836,80.1306228638,24001,24011,10
13.0117998123,80.1297531128,24011,24021,10
13.0116300583,80.1287231445,24021,24032,11
13.0115098953,80.1276473999,24032,24042,10
13.0114898682,80.1269607544,24042,24052,10
13.0114402771,80.1261520386,24052,24062,10
13.0114803314,80.1252593994,24062,24072,10
13.011349678,80.1243972778,24072,24082,10
13.0108203888,80.1234893799,24082,24092,10
13.0100097656,80.1228790283,24092,24102,10
13.009759903,80.1222000122,24102,24112,10
13.0097198486,80.1214904785,24112,24122,10
13.0096998215,80.1210098267,24122,24132,10
13.0097303391,80.1206512451,24132,24143,11
13.0099496841,80.1200027466,24143,24153,10
13.0101203918,80.1192932129,24153,24163,10
13.010219574,80.1185073853,24163,24173,10
13.01060009,80.1176223755,24173,24183,10
13.0108995438,80.1166763306,24183,24193,10
13.011059761,80.1156005859,24193,24203,10
13.0111198425,80.1147003174,24203,24213,10
13.010720253,80.114440918,24213,24223,10
13.0101604462,80.1144714355,24223,24233,10
13.0093603134,80.1145019531,24233,24243,10
13.0084104538,80.1143035889,24243,24254,11
13.0076799393,80.1133804321,24254,24264,10
13.0073900223,80.1129989624,24264,24274,10
13.0071601868,80.112663269,24274,24284,10
13.006770134,80.1121292114,24284,24294,10
13.0063199997,80.1113815308,24294,24304,10
13.005979538,80.110458374,24304,24320,16
13.005399704,80.1093826294,24320,24332,12
13.0053901672,80.1091079712,24332,24340,8
13.0053596497,80.1086196899,24340,24352,12
13.0052995682,80.1075973511,24352,24362,10
13.0052404404,80.1065216064,24362,24373,11
13.0050296783,80.1052398682,24373,24383,10
13.0047397614,80.1040878296,24383,24392,9
13.0046596527,80.1030426025,24392,24403,11
13.0044698715,80.1018829346,24403,24413,10
13.0039997101,80.1009368896,24413,24423,10
13.0036401749,80.1000671387,24423,24433,10
13.0034999847,80.0996398926,24433,24443,10
13.0034799576,80.099571228,24443,24453,10
13.0034599304,80.0994491577,24453,24463,10
13.0031900406,80.0991287231,24463,24473,10
13.0026903152,80.0987701416,24473,24484,11
13.0019397736,80.0983581543,24484,24494,10
13.0011796951,80.0979690552,24494,24504,10
13.0003995895,80.0977401733,24504,24514,10
12.9998903275,80.0974121094,24514,24524,10
12.9994602203,80.0971298218,24524,24534,10
12.9990596771,80.0969085693,24534,24544,10
12.9990501404,80.0968933105,24544,24554,10
12.9988203049,80.0967712402,24554,24564,10
12.9983997345,80.0966033936,24564,24574,10
12.9980297089,80.096496582,24574,24584,10
12.9972200394,80.0963973999,24584,24918,334
12.9972200394,80.0963973999,24918,24928,10
12.9970703125,80.0963287354,24928,24938,10
12.9966602325,80.0962905884,24938,24948,10
12.9962501526,80.0961990356,24948,24958,10
12.9958200455,80.0961074829,24958,24968,10
12.9954204559,80.0959625244,24968,24978,10
12.9950199127,80.0958480835,24978,24988,10
12.9947900772,80.0958023071,24988,24998,10
12.9945001602,80.095703125,24998,25008,10
12.9941501617,80.0955429077,25008,25018,10
12.9936704636,80.0954208374,25018,25029,11
12.9931201935,80.0954208374,25029,25039,10
12.9930496216,80.0954208374,25039,25049,10
12.9926795959,80.0953674316,25049,25059,10
12.9920301437,80.0952682495,25059,25069,10
12.9913396835,80.095161438,25069,25079,10
12.9907598495,80.0948028564,25079,25089,10
12.9901599884,80.094291687,25089,25099,10
12.9895200729,80.0938796997,25099,25109,10
12.9889202118,80.0936965942,25109,25119,10
12.9883403778,80.093536377,25119,25129,10
12.9876499176,80.0933914185,25129,25140,11
12.9872903824,80.0933303833,25140,25150,10
12.9869604111,80.0933074951,25150,25160,10
12.9866399765,80.0934295654,25160,25170,10
12.9866895676,80.093208313,25170,25180,10
12.9871397018,80.0932769775,25180,25876,696
12.9871397018,80.0932769775,25876,25886,10
12.9873399734,80.0933532715,25886,25896,10
12.9875001907,80.0933380127,25896,25906,10
12.9877300262,80.0934066772,25906,25917,11
12.9882898331,80.0935211182,25917,25927,10
12.9888801575,80.0936584473,25927,25937,10
12.9898004532,80.0939788818,25937,25957,20
12.9898004532,80.0939788818,25957,25967,10
12.989979744,80.0941009521,25967,25977,10
12.9903001785,80.0943832397,25977,25987,10
12.9907197952,80.0947418213,25987,25997,10
12.9911699295,80.0950698853,25997,26007,10
12.9915504456,80.0952072144,26007,26017,10
12.9921998978,80.0952987671,26017,26028,11
12.9931001663,80.0954208374,26028,26048,20
12.9931001663,80.0954208374,26048,26058,10
12.9933099747,80.0953979492,26058,26068,10
12.9937400818,80.095413208,26068,26078,10
12.9942398071,80.0955581665,26078,26088,10
12.994720459,80.0957794189,26088,26098,10
12.9950704575,80.0958709717,26098,26108,10
12.995470047,80.095993042,26108,26118,10
12.9960699081,80.0961685181,26118,26129,11
12.9966602325,80.0962982178,26129,26139,10
12.9972000122,80.0963363647,26139,26159,20
12.9972000122,80.0963363647,26159,26169,10
12.9973297119,80.0963363647,26169,26179,10
12.9973402023,80.0963363647,26179,26189,10
12.997590065,80.0964126587,26189,26199,10
12.9980201721,80.0964736938,26199,26209,10
12.9983501434,80.0965881348,26209,26219,10
12.9988298416,80.0967636108,26219,26229,10
12.9994602203,80.0970993042,26229,26240,11
13.0001497269,80.0975265503,26240,26250,10
13.0002698898,80.0976104736,26250,26260,10
13.0005302429,80.0977401733,26260,26270,10
13.0011100769,80.0979232788,26270,26280,10
13.0018100739,80.0982437134,26280,26290,10
13.0023097992,80.0985183716,26290,26300,10
13.0028095245,80.0988388062,26300,26310,10
13.0033798218,80.099281311,26310,26320,10
13.0035800934,80.0997924805,26320,26330,10
13.0036001205,80.0998382568,26330,26340,10
13.0037202835,80.1001815796,26340,26351,11
13.0039596558,80.1007995605,26351,26361,10
13.0043001175,80.1014785767,26361,26371,10
13.0046195984,80.1023178101,26371,26381,10
13.0047101974,80.1033935547,26381,26391,10
13.0047998428,80.1042633057,26391,26401,10
13.0050802231,80.1053695679,26401,26411,10
13.0052499771,80.1063537598,26411,26421,10
13.0053195953,80.1074829102,26421,26431,10
13.0053901672,80.1084594727,26431,26441,10
13.0054397583,80.109336853,26441,26451,10
13.0054702759,80.109588623,26451,26462,11
13.0055398941,80.1098022461,26462,26472,10
13.0057096481,80.1100921631,26472,26482,10
13.0060100555,80.1104736328,26482,26492,10
13.0062503815,80.1111068726,26492,26502,10
13.0066003799,80.1118164063,26502,26512,10
13.0070896149,80.1125183105,26512,26522,10
13.0075397491,80.1131362915,26522,26532,10
13.0080900192,80.113899231,26532,26542,10
13.0087995529,80.1144714355,26542,26551,9
13.0095701218,80.1144790649,26551,26562,11
13.0104703903,80.1144485474,26562,26573,11
13.0106601715,80.1144485474,26573,26583,10
13.0107803345,80.114440918,26583,26593,10
13.0111198425,80.1146392822,26593,26603,10
13.0110998154,80.115196228,26603,26613,10
13.0110397339,80.1159667969,26613,26623,10
13.0108804703,80.1168899536,26623,26633,10
13.0105199814,80.1179122925,26633,26643,10
13.0101804733,80.1189804077,26643,26653,10
13.0100097656,80.1199417114,26653,26663,10
13.0098304749,80.1204223633,26663,26673,10
13.0098104477,80.1204833984,26673,26684,11
13.0097303391,80.1209182739,26684,26694,10
13.0097303391,80.121383667,26694,26704,10
13.009759903,80.1219482422,26704,26714,10
13.0098199844,80.1227035522,26714,26724,10
13.0104398727,80.1231613159,26724,26734,10
13.0109996796,80.1237716675,26734,26744,10
13.0113201141,80.1243515015,26744,26754,10
13.0114898682,80.1251220703,26754,26764,10
13.0114498138,80.125831604,26764,26774,10
13.011469841,80.1265335083,26774,26784,10
13.0115003586,80.126953125,26784,26795,11
13.0115203857,80.1272735596,26795,26805,10
13.0115804672,80.1278610229,26805,26815,10
13.0116701126,80.1286621094,26815,26825,10
13.0117397308,80.1293563843,26825,26835,10
13.0118198395,80.1297225952,26835,26845,10
13.0120096207,80.130317688,26845,26855,10
13.0123300552,80.1310577393,26855,26865,10
13.0125398636,80.131729126,26865,26875,10
13.012550354,80.1317596436,26875,26885,10
13.0125799179,80.1318206787,26885,26895,10
13.0125799179,80.1322174072,26895,26906,11
13.0126199722,80.1328125,26906,26916,10
13.0127696991,80.1329803467,26916,26926,10
13.0130596161,80.1330566406,26926,26936,10
13.0134801865,80.1333084106,26936,26946,10
13.0137500763,80.133682251,26946,26956,10
13.0141201019,80.1342163086,26956,26966,10
13.0144500732,80.134727478,26966,26976,10
13.014840126,80.135383606,26976,26986,10
13.0152702332,80.136177063,26986,26996,10
13.0155601501,80.13671875,26996,27018,22
13.0155601501,80.13671875,27018,27028,10
13.0156097412,80.1368179321,27028,27038,10
13.0157403946,80.1371307373,27038,27048,10
13.0160799026,80.1377563477,27048,27058,10
13.0164403915,80.1384735107,27058,27068,10
13.0168600082,80.1393203735,27068,27078,10
13.0173196793,80.1402664185,27078,27088,10
13.0177698135,80.1411590576,27088,27098,10
13.0183000565,80.1417617798,27098,27108,10
13.0188999176,80.142326355,27108,27118,10
13.0193195343,80.1427230835,27118,27129,11
13.0196399689,80.1430435181,27129,27139,10
13.0199098587,80.1433029175,27139,27149,10
13.0205402374,80.1440124512,27149,27197,48
13.0205402374,80.1440124512,27197,27205,8
13.0206203461,80.1440811157,27205,27217,12
13.0210199356,80.1444778442,27217,27227,10
13.0214195251,80.1448898315,27227,27237,10
13.0218801498,80.1453399658,27237,27248,11
13.0223197937,80.1457672119,27248,27258,10
13.0225095749,80.1459503174,27258,27268,10
13.0225801468,80.1460189819,27268,27278,10
13.022769928,80.1462097168,27278,27288,10
13.0231704712,80.1465988159,27288,27298,10
13.0236597061,80.1470794678,27298,27308,10
13.0242395401,80.1476593018,27308,27318,10
13.0248804092,80.1483383179,27318,27328,10
13.0255804062,80.1490936279,27328,27338,10
13.0263595581,80.1498184204,27338,27349,11
13.0271997452,80.1504821777,27349,27359,10
13.0279502869,80.1510391235,27359,27369,10
13.0283603668,80.1513290405,27369,27379,10
13.0284004211,80.1513519287,27379,27388,9
13.0284900665,80.1514205933,27388,27399,11
13.028840065,80.1516723633,27399,27409,10
13.0294504166,80.1520767212,27409,27419,10
13.030090332,80.1525115967,27419,27429,10
13.0306997299,80.1528778076,27429,27439,10
13.0312204361,80.1532287598,27439,27449,10
13.031829834,80.1536331177,27449,27460,11
13.0326004028,80.1541824341,27460,27470,10
13.033200264,80.1547012329,27470,27480,10
13.0338602066,80.1552810669,27480,27490,10
13.0344104767,80.155670166,27490,27500,10
13.034740448,80.1559677124,27500,27510,10
13.0346002579,80.156463623,27510,27530,20
13.0346002579,80.156463623,27530,27540,10
13.0345001221,80.1566314697,27540,27550,10
13.0343599319,80.1570968628,27550,27561,11
13.0344295502,80.1578292847,27561,27571,10
13.0344495773,80.1585083008,27571,27581,10
13.0344495773,80.1594161987,27581,27591,10
13.0343999863,80.1598205566,27591,27601,10
13.0343799591,80.1598892212,27601,27611,10
13.0341997147,80.1602401733,27611,27621,10
13.0339603424,80.1606826782,27621,27631,10
13.0337400436,80.1610794067,27631,27641,10
13.0337095261,80.1611328125,27641,27651,10
13.0336799622,80.1611709595,27651,27661,10
13.0335102081,80.1614685059,27661,27672,11
13.0331602097,80.1620864868,27672,27682,10
13.0327796936,80.1628036499,27682,27692,10
13.0323200226,80.1636123657,27692,27701,9
13.031999588,80.1642303467,27701,27712,11
13.0319700241,80.1642913818,27712,27722,10
13.031920433,80.1643600464,27722,27732,10
13.0317001343,80.1647415161,27732,27742,10
13.031370163,80.1653289795,27742,27752,10
13.030960083,80.1660385132,27752,27762,10
13.030500412,80.1668701172,27762,27772,10
13.0299596786,80.1678237915,27772,27782,10
13.0294399261,80.1688079834,27782,27823,41
13.0294399261,80.1688079834,27823,27833,10
13.0293197632,80.1690063477,27833,27843,10
13.0290803909,80.1694030762,27843,27853,10
13.0287504196,80.1699829102,27853,27863,10
13.028380394,80.1706619263,27863,27873,10
13.0279302597,80.1714782715,27873,27883,10
13.0274400711,80.1723937988,27883,27894,11
13.02684021,80.1734619141,27894,27904,10
13.0263004303,80.1744232178,27904,27914,10
13.0258197784,80.1752471924,27914,27924,10
13.0253400803,80.1761703491,27924,27934,10
13.0249700546,80.1768188477,27934,27964,30
13.0249700546,80.1768188477,27964,27974,10
13.0248699188,80.176940918,27974,27984,10
13.0247297287,80.1771697998,27984,27994,10
13.024479866,80.1776275635,27994,28005,11
13.0240898132,80.1783370972,28005,28015,10
13.0237798691,80.1789093018,28015,28025,10
13.0237598419,80.1789627075,28025,28035,10
13.0236701965,80.1791305542,28035,28045,10
13.0234298706,80.1795501709,28045,28055,10
13.0230903625,80.1801605225,28055,28065,10
13.0226802826,80.180847168,28065,28075,10
13.0222501755,80.1816101074,28075,28085,10
13.0218400955,80.1823425293,28085,28095,10
13.0214195251,80.1831207275,28095,28105,10
13.0210199356,80.1838607788,28105,28146,41
13.0210199356,80.1838607788,28146,28156,10
13.0208597183,80.1841430664,28156,28166,10
13.0206899643,80.1846618652,28166,28176,10
13.0205698013,80.1851119995,28176,28186,10
13.0203304291,80.1855926514,28186,28196,10
13.0197896957,80.1859817505,28196,28205,9
13.0192098618,80.1863098145,28205,28217,12
13.0183696747,80.1868515015,28217,28227,10
13.0178403854,80.1875,28227,28237,10
13.0173902512,80.1883621216,28237,28246,9
13.0170001984,80.1890716553,28246,28257,11
13.0167999268,80.1895065308,28257,28267,10
13.01679039,80.1895217896,28267,28277,10
13.0167398453,80.1895980835,28277,28287,10
13.0165700912,80.1898422241,28287,28297,10
13.0163402557,80.1902770996,28297,28307,10
13.0160198212,80.1908569336,28307,28317,10
13.0156402588,80.1915512085,28317,28328,11
13.0151596069,80.1923980713,28328,28338,10
13.0146903992,80.1931686401,28338,28348,10
13.0143604279,80.1936187744,28348,28357,9
13.0143203735,80.193649292,28357,28368,11
13.0142202377,80.1937179565,28368,28378,10
13.0138397217,80.1939926147,28378,28388,10
13.0132703781,80.1943511963,28388,28398,10
13.0126199722,80.1947479248,28398,28408,10
13.0119400024,80.1951980591,28408,28418,10
13.0111198425,80.1957168579,28418,28439,21
13.0111198425,80.1957168579,28439,28449,10
13.0109195709,80.1958236694,28449,28459,10
13.0105400085,80.1959762573,28459,28468,9
13.0101499557,80.1959609985,28468,28479,11
13.0094995499,80.1959686279,28479,28489,10
13.0088596344,80.1961975098,28489,28499,10
13.0085802078,80.1967926025,28499,28509,10
13.0086202621,80.1979217529,28509,28539,30
13.0086202621,80.1979217529,28539,28550,11
13.0086202621,80.1981887817,28550,28560,10
13.0086202621,80.1987304688,28560,28570,10
13.0086402893,80.1995391846,28570,28580,10
13.0086603165,80.2005386353,28580,28590,10
13.0086097717,80.2015914917,28590,28600,10
13.0085802078,80.2023010254,28600,28620,20
13.0085802078,80.2023010254,28620,28630,10
13.0085496902,80.2025604248,28630,28640,10
13.0083599091,80.203086853,28640,28650,10
13.0078802109,80.2036209106,28650,28660,10
13.0077495575,80.2043228149,28660,28671,11
13.0077495575,80.2052536011,28671,28681,10
13.0078001022,80.2063293457,28681,28691,10
13.0079698563,80.2074813843,28691,28701,10
13.0081300735,80.2086029053,28701,28711,10
13.0083703995,80.2096633911,28711,28721,10
13.0087499619,80.2104415894,28721,28731,10
13.0091400146,80.2107925415,28731,28761,30
13.0091400146,80.2107925415,28761,28771,10
13.0092401505,80.2108383179,28771,28782,11
13.0094003677,80.2110519409,28782,28792,10
13.0094099045,80.2110595703,28792,28802,10
13.0093002319,80.2112808228,28802,28812,10
13.0092201233,80.2113800049,28812,28822,10
13.0090703964,80.2116012573,28822,28832,10
13.009180069,80.2119979858,28832,28842,10
13.0093898773,80.2126083374,28842,28852,10
13.00963974,80.2133102417,28852,28862,10
13.0099201202,80.2139968872,28862,28872,10
13.0101804733,80.2147064209,28872,28882,10
13.0102796555,80.2154998779,28882,28893,11
13.0106401443,80.2164764404,28893,28903,10
13.0110902786,80.217376709,28903,28913,10
13.0114603043,80.2182693481,28913,28923,10
13.0116996765,80.2188491821,28923,28933,10
13.0119800568,80.2196578979,28933,28943,10
13.0122404099,80.220413208,28943,28953,10
13.012260437,80.2205200195,28953,28963,10
13.0122995377,80.2207565308,28963,28973,10
13.0124998093,80.221321106,28973,28983,10
13.0127801895,80.221862793,28983,28993,10
13.0133304596,80.2224502563,28993,29004,11
13.0139303207,80.2231903076,29004,29014,10
13.014289856,80.2236480713,29014,29024,10
13.014550209,80.2239074707,29024,29034,10
13.0150098801,80.2245025635,29034,29044,10
13.0154304504,80.2248764038,29044,29054,10
13.0154800415,80.224899292,29054,29064,10
13.0156497955,80.2250518799,29064,29074,10
13.0159397125,80.2252731323,29074,29084,10
13.0164699554,80.2253036499,29084,29094,10
13.0171403885,80.2250595093,29094,29104,10
13.0179100037,80.2247467041,29104,29115,11
13.0186595917,80.2244415283,29115,29124,9
13.0192403793,80.2242965698,29124,29145,21
13.0192403793,80.2242965698,29145,29155,10
13.0195302963,80.2244186401,29155,29165,10
13.0200500488,80.2247390747,29165,29175,10
13.0207099915,80.2252197266,29175,29185,10
13.0213899612,80.225730896,29185,29194,9
13.0219697952,80.2261810303,29194,29205,11
13.0227899551,80.2268600464,29205,29215,10
13.0232696533,80.2273025513,29215,29226,11
13.0236902237,80.2276763916,29226,29236,10
13.0240497589,80.2280502319,29236,29246,10
13.0245399475,80.2286682129,29246,29256,10
13.0248098373,80.2290725708,29256,29266,10
13.0252399445,80.229637146,29266,29276,10
13.0257396698,80.2304000854,29276,29286,10
13.0260400772,80.2312011719,29286,29296,10
13.0263395309,80.2313079834,29296,29306,10
13.0269603729,80.2311401367,29306,29316,10
13.0277299881,80.2309799194,29316,29326,10
13.0284204483,80.2309112549,29326,29337,11
13.0284795761,80.2309188843,29337,29347,10
13.0288200378,80.2308883667,29347,29357,10
13.0291404724,80.2308578491,29357,29367,10
13.0292901993,80.2308425903,29367,29377,10
13.0296897888,80.230796814,29377,29386,9
13.0302295685,80.230758667,29386,29397,11
13.0306997299,80.230682373,29397,29407,10
13.030670166,80.2303771973,29407,29417,10
13.0304803848,80.2297515869,29417,29427,10
13.0302801132,80.2290420532,29427,29437,10
13.0303401947,80.2283935547,29437,29448,11
13.0303602219,80.2282485962,29448,29458,10
13.0304203033,80.227897644,29458,29468,10
13.0303602219,80.2275390625,29468,29478,10
13.0297698975,80.2274169922,29478,29488,10
13.0290203094,80.2272796631,29488,29498,10
13.0282897949,80.2271575928,29498,29508,10
13.0279397964,80.2269973755,29508,29518,10
13.027970314,80.2265396118,29518,29528,10
13.0281095505,80.2257919312,29528,29538,10
13.0283298492,80.2247390747,29538,29548,10
13.0285797119,80.224029541,29548,29559,11
13.0287799835,80.2240219116,29559,29569,10
13.0290298462,80.2241897583,29569,29579,10
13.0296001434,80.2242965698,29579,29589,10
13.0303201675,80.224319458,29589,29599,10
13.0310201645,80.2243118286,29599,29609,10
13.031129837,80.2238998413,29609,29619,10
13.0311403275,80.2233276367,29619,29629,10
13.0311603546,80.2232437134,29629,29639,10
13.0312404633,80.2229614258,29639,29649,10
13.0314998627,80.2224197388,29649,29660,11
13.0318002701,80.2218093872,29660,29670,10
13.0320100784,80.2212371826,29670,29680,10
13.0321798325,80.2204818726,29680,29690,10
13.0321102142,80.2200775146,29690,29700,10
13.0319795609,80.2201004028,29700,29710,10
13.031829834,80.2201309204,29710,29720,10
13.0313196182,80.220199585,29720,29730,10
13.0307703018,80.2202072144,29730,29740,10
13.0301904678,80.220199585,29740,29750,10
13.0295696259,80.220123291,29750,29760,10
13.0289802551,80.2199783325,29760,29771,11
13.0284795761,80.2198791504,29771,29781,10
13.0281801224,80.2198181152,29781,29791,10
13.0277795792,80.2197875977,29791,29801,10
13.0273399353,80.2197799683,29801,29811,10
13.0268001556,80.2197723389,29811,29821,10
13.0261201859,80.2197570801,29821,29831,10
13.0255002975,80.2197570801,29831,29841,10
13.025179863,80.2197570801,29841,29851,10
13.0251598358,80.2197570801,29851,29861,10
13.0248804092,80.2197875977,29861,29871,10
13.024479866,80.2197799683,29871,29882,11
13.0243196487,80.2196426392,29882,29892,10
13.0242996216,80.2192993164,29892,29902,10
13.0242700577,80.2188110352,29902,29912,10
13.0242500305,80.21824646,29912,29922,10
13.0242500305,80.2176895142,29922,29932,10
13.0242395401,80.2174606323,29932,29942,10
13.0242595673,80.2170562744,29942,31264,1322
13.0242595673,80.2170562744,31264,31274,10
13.0242996216,80.2168121338,31274,31284,10
13.0243396759,80.2165985107,31284,31294,10
13.0245399475,80.2165679932,31294,31304,10
13.0246601105,80.2168197632,31304,31314,10
13.0247001648,80.2171020508,31314,31324,10
13.0247097015,80.2174987793,31324,31335,11
13.0247497559,80.2180023193,31335,31345,10
13.024769783,80.2182998657,31345,31355,10
13.0248003006,80.2185974121,31355,31365,10
13.0248403549,80.2191619873,31365,31375,10
13.0248804092,80.2193069458,31375,31385,10
13.0248804092,80.2195510864,31385,31395,10
13.0250301361,80.2197723389,31395,31405,10
13.0255002975,80.2197418213,31405,31415,10
13.0260295868,80.2197418213,31415,31425,10
13.0266103745,80.2197265625,31425,31435,10
13.0271196365,80.2197265625,31435,31446,11
13.0275802612,80.2197570801,31446,31456,10
13.0276403427,80.2197570801,31456,31466,10
13.0278701782,80.2197875977,31466,31476,10
13.0281295776,80.219833374,31476,31486,10
13.0285396576,80.2198867798,31486,31496,10
13.0288896561,80.2199401855,31496,31506,10
13.0291004181,80.2199783325,31506,31516,10
13.0294904709,80.2200775146,31516,31526,10
13.02987957,80.2201690674,31526,31536,10
13.0303497314,80.2202072144,31536,31546,10
13.03083992,80.2202377319,31546,31557,11
13.0314302444,80.2202529907,31557,31567,10
13.0317401886,80.2201766968,31567,31577,10
13.0321397781,80.2200698853,31577,31587,10
13.0322599411,80.2203598022,31587,31607,20
13.0322599411,80.2203598022,31607,31617,10
13.03221035,80.2205200195,31617,31627,10
13.0321102142,80.220993042,31627,31637,10
13.031999588,80.2214584351,31637,31647,10
13.0319004059,80.2216796875,31647,31657,10
13.0317497253,80.2219696045,31657,31668,11
13.0315999985,80.2222595215,31668,31678,10
13.0313796997,80.2226409912,31678,31688,10
13.0312404633,80.223197937,31688,31704,16
13.0311803818,80.2239379883,31704,31716,12
13.0311803818,80.2240829468,31716,31724,8
13.031129837,80.224319458,31724,31736,12
13.0307102203,80.2243270874,31736,31746,10
13.0299901962,80.224319458,31746,31756,10
13.0293598175,80.2243423462,31756,31766,10
13.0290803909,80.2242889404,31766,31777,11
13.0289201736,80.2242202759,31777,31787,10
13.0286998749,80.2241287231,31787,31797,10
13.0284996033,80.224357605,31797,31807,10
13.0283403397,80.2250137329,31807,31817,10
13.028169632,80.2257614136,31817,31827,10
13.0280599594,80.2262496948,31827,31837,10
13.0279903412,80.2266464233,31837,31847,10
13.0279598236,80.2268600464,31847,31857,10
13.0280199051,80.2270584106,31857,31867,10
13.0282297134,80.2271270752,31867,31877,10
13.0285596848,80.2271881104,31877,31888,11
13.0286798477,80.227180481,31888,31898,10
13.0290803909,80.2272491455,31898,31908,10
13.0297002792,80.2273635864,31908,31918,10
13.0303201675,80.2274475098,31918,31928,10
13.0304403305,80.2277984619,31928,31938,10
13.0304002762,80.2281417847,31938,31948,10
13.0304002762,80.2282028198,31948,31958,10
13.0303401947,80.2285995483,31958,31968,10
13.0303201675,80.2291107178,31968,31978,10
13.0304603577,80.2296295166,31978,31988,10
13.0306997299,80.2306671143,31988,32009,21
13.0306997299,80.2306671143,32009,32019,10
13.0304803848,80.2307815552,32019,32029,10
13.029800415,80.2308578491,32029,32069,40
13.029800415,80.2308578491,32069,32079,10
13.0294799805,80.2308883667,32079,32089,10
13.029009819,80.2309112549,32089,32099,10
13.0284500122,80.23097229,32099,32110,11
13.027879715,80.2310409546,32110,32120,10
13.027680397,80.2311630249,32120,32130,10
13.0276899338,80.2315979004,32130,32140,10
13.0277299881,80.2319869995,32140,32150,10
13.0278301239,80.2324829102,32150,32160,10
13.0277099609,80.2328262329,32160,32170,10
13.027179718,80.2329101563,32170,32251,81
13.027179718,80.2329101563,32251,32261,10
13.0270204544,80.2328872681,32261,32271,10
13.0267801285,80.2329406738,32271,32281,10
13.0264797211,80.2329483032,32281,32291,10
13.026309967,80.2325820923,32291,32301,10
13.0261297226,80.231918335,32301,32311,10
13.0259103775,80.2311019897,32311,32321,10
13.0255098343,80.2302017212,32321,32331,10
13.0248403549,80.229309082,32331,32453,122
13.0248403549,80.229309082,32453,32463,10
13.0245895386,80.2289810181,32463,32473,10
13.0243701935,80.2287216187,32473,32483,10
13.0240602493,80.2283096313,32483,32493,10
13.0235595703,80.2277526855,32493,32503,10
13.0229501724,80.227180481,32503,32513,10
13.0225400925,80.2268371582,32513,32533,20
13.0225400925,80.2268371582,32533,32543,10
13.0225095749,80.2267227173,32543,32553,10
13.0221395493,80.2264099121,32553,32564,11
13.0215196609,80.2259292603,32564,32574,10
13.0211400986,80.2256393433,32574,32584,10
13.0209903717,80.2255630493,32584,32594,10
13.0206804276,80.2253570557,32594,32604,10
13.0202302933,80.2250595093,32604,32620,16
13.0192403793,80.2245407104,32620,32632,12
13.0181398392,80.2248001099,32632,32640,8
13.0173397064,80.2251281738,32640,32652,12
13.0166702271,80.2254104614,32652,32662,10
13.0164804459,80.225479126,32662,32672,10
13.0161104202,80.2255935669,32672,32683,11
13.0155096054,80.2258224487,32683,32693,10
13.0148096085,80.2260894775,32693,32703,10
13.0143404007,80.226272583,32703,32713,10
13.0143203735,80.2262802124,32713,32722,9
13.0141096115,80.2263412476,32722,32733,11
13.0135498047,80.2265625,32733,32743,10
13.012840271,80.2268218994,32743,32753,10
13.0119600296,80.2271575928,32753,32763,10
13.0109300613,80.2275619507,32763,32773,10
13.0100097656,80.2279205322,32773,32784,11
13.009519577,80.2276306152,32784,32794,10
13.0097799301,80.2270202637,32794,32804,10
13.0101203918,80.226272583,32804,32814,10
13.0105800629,80.2252120972,32814,32834,20
13.0105800629,80.2252120972,32834,32844,10
13.0106496811,80.2250213623,32844,32854,10
13.0107002258,80.2248764038,32854,32864,10
13.0108604431,80.2244873047,32864,32874,10
13.0111398697,80.223777771,32874,32884,10
13.0114603043,80.2229690552,32884,32901,17
13.0119800568,80.2216491699,32901,32913,12
13.0121603012,80.2211074829,32913,32923,10
13.0120697021,80.2207565308,32923,32932,9
13.0120201111,80.2205886841,32932,32942,10
13.0120000839,80.220489502,32942,32952,10
13.0118904114,80.2200622559,32952,32963,11
13.0116195679,80.21925354,32963,32973,10
13.0114002228,80.2185668945,32973,32983,10
13.011059761,80.2176818848,32983,32993,10
13.0106897354,80.2168502808,32993,33003,10
13.010310173,80.2161178589,33003,33014,11
13.0099000931,80.2153015137,33014,33023,9
13.0096302032,80.2148971558,33023,33034,11
13.0091695786,80.2142791748,33034,33044,10
13.0086603165,80.2136306763,33044,33054,10
13.0084104538,80.2134170532,33054,33064,10
13.0081996918,80.2133407593,33064,33084,20
13.0081996918,80.2133407593,33084,33094,10
13.008020401,80.2132568359,33094,33104,10
13.0078496933,80.2131195068,33104,33114,10
13.007610321,80.212928772,33114,33125,11
13.0071697235,80.2127990723,33125,33135,10
13.0065603256,80.2127685547,33135,33145,10
13.0059099197,80.2130126953,33145,33155,10
13.0052099228,80.2126617432,33155,33165,10
13.004699707,80.2123565674,33165,33175,10
13.0040102005,80.2121200562,33175,33185,10
13.0037403107,80.2118377686,33185,33195,10
13.0037403107,80.2113571167,33195,33205,10
13.0036697388,80.2107620239,33205,33215,10
13.0035800934,80.2101898193,33215,33225,10
13.0035400391,80.2095870972,33225,33236,11
13.0036802292,80.2088165283,33236,33246,10
13.004240036,80.2087173462,33246,33256,10
13.0050001144,80.2090606689,33256,33266,10
13.00578022,80.2093887329,33266,33276,10
13.0064096451,80.209602356,33276,33286,10
13.0069303513,80.2097625732,33286,33296,10
13.0073204041,80.2098236084,33296,33316,20
13.0074901581,80.2098693848,33316,33336,20
13.0074901581,80.2098693848,33336,33347,11
13.0079202652,80.2099609375,33347,33357,10
13.0081396103,80.209777832,33357,33367,10
13.0080404282,80.2091903687,33367,33377,10
13.007900238,80.2083816528,33377,33387,10
13.0077600479,80.2074508667,33387,33397,10
13.0076198578,80.206413269,33397,33407,10
13.0075302124,80.2053527832,33407,33417,10
13.0075397491,80.2044219971,33417,33427,10
13.0074796677,80.2035675049,33427,33437,10
13.0073204041,80.2026290894,33437,33447,10
13.0073699951,80.2015533447,33447,33468,21
13.0073699951,80.2015533447,33468,33478,10
13.0074100494,80.2012176514,33478,33488,10
13.0074300766,80.2007293701,33488,33498,10
13.0074596405,80.2001190186,33498,33508,10
13.007399559,80.1993637085,33508,33518,10
13.0073404312,80.1985931396,33518,33528,10
13.0073204041,80.1978302002,33528,33538,10
13.0073003769,80.1970672607,33538,33548,10
13.0073003769,80.1967773438,33548,33558,10
13.0073299408,80.1966781616,33558,33569,11
13.007349968,80.1963119507,33569,33579,10
13.007519722,80.196182251,33579,33589,10
13.0078496933,80.1962127686,33589,33609,20
13.0078496933,80.1962127686,33609,33619,10
13.0081396103,80.1962585449,33619,33659,40
13.0081396103,80.1962585449,33659,33669,10
13.0086402893,80.1962966919,33669,33680,11
13.0089998245,80.1961212158,33680,33690,10
13.009469986,80.1959228516,33690,33700,10
13.0100698471,80.1959228516,33700,33710,10
13.011179924,80.1954803467,33710,33730,20
13.011179924,80.1954803467,33730,33740,10
13.0114803314,80.1953125,33740,33750,10
13.0120401382,80.1949615479,33750,33760,10
13.0128097534,80.1944885254,33760,33770,10
13.0136003494,80.1940078735,33770,33780,10
13.0143003464,80.1934585571,33780,33790,10
13.0145597458,80.193107605,33790,33801,11
13.0145998001,80.1930618286,33801,33811,10
13.0148000717,80.192741394,33811,33821,10
13.0148897171,80.1925582886,33821,33831,10
13.0150604248,80.192237854,33831,33841,10
13.0153598785,80.1917037964,33841,33851,10
13.0157499313,80.1909866333,33851,33861,10
13.0162200928,80.1901473999,33861,33871,10
13.0166597366,80.1893310547,33871,33881,10
13.0167703629,80.1891403198,33881,33891,10
13.0168104172,80.1890563965,33891,33902,11
13.0170602798,80.1885910034,33902,33912,10
13.0173797607,80.18800354,33912,33922,10
13.0175895691,80.1875991821,33922,33992,70
13.0175895691,80.1875991821,33992,34002,10
13.0177001953,80.1875762939,34002,34013,11
13.0178804398,80.187171936,34013,34134,121
13.0178804398,80.187171936,34134,34144,10
13.017950058,80.18699646,34144,34154,10
13.0183801651,80.186668396,34154,34174,20
13.0183801651,80.186668396,34174,34184,10
13.0184602737,80.1866073608,34184,34194,10
13.0186901093,80.1864624023,34194,34217,23
13.0186901093,80.1864624023,34217,34227,10
13.0189199448,80.186340332,34227,34318,91
13.0189199448,80.186340332,34318,34328,10
13.0192403793,80.1861495972,34328,34338,10
13.0193796158,80.1860733032,34338,34349,11
13.0195999146,80.1859436035,34349,34359,10
13.0197601318,80.185836792,34359,34369,10
13.0198802948,80.185760498,34369,34379,10
13.0199604034,80.1856994629,34379,34389,10
13.0201196671,80.185546875,34389,34460,71
13.0201196671,80.185546875,34460,34471,11
13.0205001831,80.1848983765,34471,34501,30
13.0205202103,80.1847381592,34501,34531,30
13.0205602646,80.1846313477,34531,34592,61
13.0205602646,80.1846313477,34592,34602,10
13.0207195282,80.1841430664,34602,34612,10
13.0207300186,80.1841125488,34612,34622,10
13.0208597183,80.1838989258,34622,34632,10
13.0209703445,80.1836471558,34632,34773,141
13.0211496353,80.1833496094,34773,34854,81
13.0211496353,80.1833496094,34854,34864,10
13.0213298798,80.1830215454,34864,34925,61
13.0213298798,80.1830215454,34925,34935,10
13.0215301514,80.1826782227,34935,34945,10
13.0215997696,80.1825408936,34945,34985,40
13.0217695236,80.182220459,34985,35046,61
13.0219802856,80.1818771362,35046,35076,30
13.0219802856,80.1818771362,35076,35086,10
13.0221996307,80.1814575195,35086,35096,10
13.0224599838,80.181022644,35096,35106,10
13.0228004456,80.1803665161,35106,35116,10
13.0232000351,80.1796264648,35116,35127,11
13.0234203339,80.1791992188,35127,35137,10
13.0235204697,80.1790084839,35137,35147,10
13.0236597061,80.1787567139,35147,35157,10
13.0238199234,80.1784515381,35157,35167,10
13.0238199234,80.1784362793,35167,35177,10
13.0239200592,80.178352356,35177,35187,10
13.024140358,80.1779785156,35187,35197,10
13.024430275,80.1775131226,35197,35207,10
13.0247602463,80.176902771,35207,35217,10
13.0251398087,80.1761779785,35217,35227,10
13.0253896713,80.1757278442,35227,35238,11
13.0254096985,80.1756973267,35238,35248,10
13.0255899429,80.1753997803,35248,35258,10
13.0258903503,80.1748428345,35258,35268,10
13.0262804031,80.1741409302,35268,35278,10
13.0267400742,80.1733322144,35278,35288,10
13.0272703171,80.1724014282,35288,35298,10
13.0278301239,80.1714096069,35298,35308,10
13.0283603668,80.1704406738,35308,35318,10
13.0290403366,80.1691665649,35318,35349,31
13.0290403366,80.1691665649,35349,35359,10
13.0292797089,80.168838501,35359,35369,10
13.0295600891,80.168296814,35369,35379,10
13.0299301147,80.1676101685,35379,35389,10
13.030380249,80.1668167114,35389,35399,10
13.0308904648,80.1658935547,35399,35409,10
13.031419754,80.1649398804,35409,35419,10
13.0317602158,80.1642990112,35419,35429,10
13.0317802429,80.1642532349,35429,35439,10
13.0319404602,80.1639480591,35439,35449,10
13.0323801041,80.1631393433,35449,35470,21
13.0323801041,80.1631393433,35470,35480,10
13.0325498581,80.1628570557,35480,35490,10
13.0328502655,80.1623382568,35490,35500,10
13.0332298279,80.1616592407,35500,35510,10
13.0336799622,80.1608734131,35510,35520,10
13.034040451,80.1602020264,35520,35530,10
13.0341100693,80.1600570679,35530,35540,10
13.0342102051,80.1599121094,35540,35550,10
13.0343599319,80.1594467163,35550,35560,10
13.0343904495,80.1587295532,35560,35571,11
13.0343503952,80.1577835083,35571,35580,9
13.0343198776,80.1568527222,35580,35590,10
13.0344696045,80.1562423706,35590,35601,11
13.0344800949,80.1562194824,35601,35611,10
13.0345201492,80.1561508179,35611,35621,10
13.0345802307,80.1558837891,35621,35631,10
13.0343799591,80.1556777954,35631,35641,10
13.0339002609,80.1554031372,35641,35682,41
13.0339002609,80.1554031372,35682,35692,10
13.0337400436,80.1552581787,35692,35702,10
13.0334100723,80.1549911499,35702,35712,10
13.033080101,80.1547012329,35712,35722,10
13.0327997208,80.1544418335,35722,35732,10
13.0323696136,80.1540603638,35732,35742,10
13.0319595337,80.1537628174,35742,35752,10
13.0316801071,80.1536178589,35752,35762,10
13.0311899185,80.1532974243,35762,35772,10
13.0307598114,80.1530303955,35772,35782,10
13.0306196213,80.152923584,35782,35793,11
13.0301599503,80.1526184082,35793,35803,10
13.0295495987,80.1522216797,35803,35813,10
13.0288696289,80.1517791748,35813,35823,10
13.0282402039,80.1513519287,35823,35833,10
13.0281095505,80.151260376,35833,35843,10
13.0280103683,80.1511688232,35843,35853,10
13.0276498795,80.1508865356,35853,35863,10
13.0270996094,80.1504821777,35863,35873,10
13.0264596939,80.1500015259,35873,35883,10
13.0259504318,80.1495437622,35883,35893,10
13.0254201889,80.149017334,35893,35904,11
13.0247898102,80.1483306885,35904,35914,10
13.0242395401,80.1477279663,35914,35924,10
13.0235595703,80.1470489502,35924,35934,10
13.0230102539,80.1465072632,35934,35944,10
13.0229797363,80.1464767456,35944,35954,10
13.0228900909,80.1463928223,35954,35964,10
13.0226697922,80.1461791992,35964,35974,10
13.0224399567,80.145942688,35974,35984,10
13.0222196579,80.1457214355,35984,35994,10
13.0218801498,80.1453933716,35994,36010,16
13.0211601257,80.1446762085,36010,36023,13
13.0206003189,80.1441192627,36023,36033,10
13.0201997757,80.1436691284,36033,36043,10
13.0198802948,80.1433029175,36043,36053,10
13.019610405,80.1430282593,36053,36063,10
13.0190896988,80.142539978,36063,36083,20
13.0190896988,80.142539978,36083,36092,9
13.0190095901,80.1424713135,36092,36102,10
13.0188798904,80.1423416138,36102,36113,11
13.0185804367,80.142036438,36113,36124,11
13.0180702209,80.1415328979,36124,36134,10
13.0176200867,80.1409378052,36134,36144,10
13.0172100067,80.1401062012,36144,36154,10
13.0167703629,80.139213562,36154,36164,10
13.0163002014,80.1382827759,36164,36174,10
13.0158500671,80.1373519897,36174,36184,10
13.0154800415,80.1366195679,36184,36194,10
13.01541996,80.1365127563,36194,36204,10
13.0153903961,80.1364135742,36204,36214,10
13.0151700974,80.1360168457,36214,36224,10
13.014840126,80.1353988647,36224,36240,16
13.0141201019,80.1342163086,36240,36253,13
13.0132799149,80.1331481934,36253,36263,10
13.0126399994,80.1328811646,36263,36271,8
13.0125303268,80.1321563721,36271,36283,12
13.0125303268,80.131942749,36283,36293,10
13.0125198364,80.1317214966,36293,36303,10
13.0124502182,80.131362915,36303,36313,10
13.0122299194,80.1308517456,36313,36323,10
13.011879921,80.1299972534,36323,36333,10
13.0116901398,80.1292190552,36333,36343,10
13.0115804672,80.1283798218,36343,36354,11
13.0115003586,80.1275634766,36354,36364,10
13.0114603043,80.1269226074,36364,36374,10
13.0114402771,80.1267318726,36374,36384,10
13.0114202499,80.1262588501,36384,36394,10
13.0114297867,80.1255569458,36394,36404,10
13.0114402771,80.1248931885,36404,36414,10
13.011300087,80.1243362427,36414,36424,10
13.0109996796,80.1237792969,36424,36434,10
13.0109596252,80.1237106323,36434,36444,10
13.0107402802,80.1233825684,36444,36454,10
13.0101900101,80.1229934692,36454,36465,11
13.0097799301,80.1223068237,36465,36475,10
13.0097198486,80.1215209961,36475,36485,10
13.0096797943,80.1210632324,36485,36495,10
13.0097103119,80.1206207275,36495,36505,10
13.0098800659,80.1200866699,36505,36515,10
13.0099401474,80.1199264526,36515,36525,10
13.0099802017,80.1198272705,36525,36535,10
13.0101003647,80.1193618774,36535,36545,10
13.0101699829,80.118637085,36545,36555,10
13.0104904175,80.1178207397,36555,36565,10
13.010840416,80.116859436,36565,36576,11
13.0110397339,80.115737915,36576,36586,10
13.0111103058,80.1148605347,36586,36596,10
13.0109300613,80.1144332886,36596,36606,10
13.0103597641,80.114440918,36606,36616,10
13.0102701187,80.1144485474,36616,36626,10
13.0101299286,80.1144485474,36626,36636,10
13.0095996857,80.1144714355,36636,36646,10
13.0088100433,80.1144638062,36646,36656,10
13.0080604553,80.1138916016,36656,36666,10
13.0075998306,80.1132736206,36666,36676,10
13.0074195862,80.1130218506,36676,36687,11
13.0073003769,80.1128616333,36687,36697,10
13.0069904327,80.1124191284,36697,36707,10
13.0065402985,80.1117782593,36707,36717,10
13.0061798096,80.1109619141,36717,36727,10
13.0057897568,80.1101989746,36727,36737,10
13.0054597855,80.1096801758,36737,36747,10
13.005399704,80.1092987061,36747,36757,10
13.005399704,80.1092910767,36757,36767,10
13.0053901672,80.1091308594,36767,36777,10
13.0053596497,80.1086578369,36777,36787,10
13.0053195953,80.107963562,36787,36798,11
13.0052700043,80.1071472168,36798,36808,10
13.0052099228,80.106262207,36808,36818,10
13.0050201416,80.10521698,36818,36828,10
13.0047597885,80.1041488647,36828,36838,10
13.0046701431,80.1031036377,36838,36848,10
13.0045404434,80.1020736694,36848,36858,10
13.0041704178,80.1012268066,36858,36868,10
13.0038299561,80.1005477905,36868,36878,10
13.003490448,80.0996170044,36878,36898,20
13.003490448,80.0996170044,36898,36909,11
13.0034198761,80.0993804932,36909,36919,10
13.0032300949,80.0991821289,36919,36929,10
13.0030603409,80.0990524292,36929,36939,10
13.0028495789,80.0988998413,36939,36955,16
13.0023097992,80.0985565186,36955,36967,12
13.0018796921,80.0982971191,36967,36977,10
13.0015602112,80.0981292725,36977,36986,9
13.0010004044,80.0979232788,36986,36997,11
13.0003404617,80.0977020264,36997,37007,10
12.9999504089,80.0974578857,37007,37017,10
12.9998998642,80.0974197388,37017,37028,11
12.9995803833,80.0972213745,37028,37038,10
12.9991502762,80.0969619751,37038,37048,10
12.9987802505,80.0967788696,37048,37069,21
12.9987802505,80.0967788696,37069,37079,10
12.9984798431,80.0966567993,37079,37089,10
12.9982204437,80.0965805054,37089,37099,10
12.9980401993,80.0965118408,37099,37109,10
12.9976797104,80.0964736938,37109,37119,10
12.9974403381,80.0964431763,37119,37130,11
12.9969701767,80.0962600708,37130,37140,10
12.9969396591,80.0958328247,37140,37150,10
12.997130394,80.0960769653,37150,37584,434
12.997130394,80.0960769653,37584,37594,10
12.9972000122,80.0963897705,37594,37604,10
12.9972801208,80.0963821411,37604,37614,10
12.997300148,80.0963897705,37614,37624,10
12.9974498749,80.0963821411,37624,37634,10
12.9976701736,80.0964431763,37634,37644,10
12.998000145,80.0964736938,37644,37654,10
12.9981899261,80.0965118408,37654,37664,10
12.9983596802,80.0965881348,37664,37674,10
12.9986801147,80.0967102051,37674,37685,11
12.9992198944,80.0969390869,37685,37695,10
12.9997701645,80.0972824097,37695,37705,10
13.0002603531,80.0975875854,37705,37715,10
13.0003795624,80.0976715088,37715,37725,10
13.0005903244,80.0977783203,37725,37735,10
13.0011396408,80.09790802,37735,37745,10
13.0017795563,80.0982208252,37745,37755,10
13.0024204254,80.0985717773,37755,37765,10
13.002989769,80.0989379883,37765,37775,10
13.0034103394,80.0992965698,37775,37785,10
13.0035600662,80.0997009277,37785,37795,10
13.0035800934,80.0997772217,37795,37808,13
13.0037698746,80.1003036499,37808,37817,9
13.0040102005,80.1008834839,37817,37828,11
13.0044403076,80.1017303467,37828,37838,10
13.0046796799,80.1025772095,37838,37848,10
13.004699707,80.1035690308,37848,37857,9
13.0048503876,80.1044616699,37857,37868,11
13.005109787,80.10546875,37868,37879,11
13.0052700043,80.1065063477,37879,37889,10
13.0053195953,80.107383728,37889,37899,10
13.0053701401,80.108253479,37899,37910,11
13.0054397583,80.109161377,37910,37920,10
13.0054502487,80.1094970703,37920,37930,10
13.0056295395,80.1099319458,37930,37940,10
13.0060300827,80.1104888916,37940,37950,10
13.0062999725,80.1112213135,37950,37960,10
13.0066795349,80.111907959,37960,37970,10
13.0071697235,80.1125869751,37970,37980,10
13.0075702667,80.1131591797,37980,37990,10
13.0080404282,80.113822937,37990,38000,10
13.008600235,80.1143798828,38000,38010,10
13.009349823,80.1144790649,38010,38021,11
13.0101804733,80.1144485474,38021,38031,10
13.0106296539,80.114440918,38031,38061,30
13.0106296539,80.114440918,38061,38071,10
13.0110197067,80.1144714355,38071,38081,10
13.0111398697,80.1149520874,38081,38091,10
13.0110797882,80.1156768799,38091,38101,10
13.0109500885,80.1165466309,38101,38111,10
13.0106897354,80.1174621582,38111,38121,10
13.0103197098,80.1183166504,38121,38132,11
13.0101299286,80.1193237305,38132,38142,10
13.0098400116,80.1203536987,38142,38162,20
13.0098400116,80.1203536987,38162,38172,10
13.0097398758,80.1206283569,38172,38182,10
13.0097103119,80.1211013794,38182,38192,10
13.0097303391,80.1215591431,38192,38202,10
13.0097703934,80.1220703125,38202,38212,10
13.0098800659,80.1227264404,38212,38222,10
13.0104398727,80.1231079102,38222,38232,10
13.0108995438,80.123588562,38232,38242,10
13.0111303329,80.1239395142,38242,38253,11
13.0113601685,80.124420166,38253,38263,10
13.0114898682,80.1250915527,38263,38273,10
13.0114603043,80.1259078979,38273,38283,10
13.0115003586,80.1267776489,38283,38293,10
13.0115203857,80.1269683838,38293,38303,10
13.0115203857,80.1271133423,38303,38313,10
13.0115604401,80.1274185181,38313,38323,10
13.0115995407,80.128112793,38323,38333,10
13.0116701126,80.1287918091,38333,38343,10
13.0117397308,80.1293411255,38343,38353,10
13.0118598938,80.1299209595,38353,38364,11
13.0121603012,80.1306686401,38364,38374,10
13.0123996735,80.131187439,38374,38384,10
13.0125303268,80.131690979,38384,38414,30
13.0125303268,80.131690979,38414,38424,10
13.0125303268,80.1320800781,38424,38434,10
13.0125398636,80.1326217651,38434,38444,10
13.0128898621,80.1329879761,38444,38454,10
13.013469696,80.1332778931,38454,38463,9
13.0138597488,80.1338195801,38463,38475,12
13.0143404007,80.1345291138,38475,38485,10
13.0147600174,80.1352233887,38485,38495,10
13.0151195526,80.1358566284,38495,38505,10
13.0155601501,80.136680603,38505,38525,20
13.0155601501,80.136680603,38525,38535,10
13.0156698227,80.1369171143,38535,38545,10
13.0158596039,80.1372909546,38545,38555,10
13.016119957,80.1378097534,38555,38565,10
13.0164299011,80.1384277344,38565,38575,10
13.01679039,80.1391525269,38575,38586,11
13.0172195435,80.1400222778,38586,38596,10
13.0176401138,80.1408920288,38596,38606,10
13.0180902481,80.1415023804,38606,38616,10
13.018699646,80.1420974731,38616,38626,10
13.0192804337,80.1426620483,38626,38636,10
13.0196695328,80.1430282593,38636,38646,10
13.0198097229,80.143157959,38646,38656,10
13.0200500488,80.1434173584,38656,38666,10
13.0205698013,80.1440124512,38666,38686,20
13.0205698013,80.1440124512,38686,38697,11
13.0207300186,80.1441879272,38697,38707,10
13.0211000443,80.14453125,38707,38717,10
13.0215597153,80.1449890137,38717,38727,10
13.0221004486,80.1455078125,38727,38737,10
13.0225200653,80.1459274292,38737,38757,20
13.0225200653,80.1459274292,38757,38767,10
13.0226402283,80.1460494995,38767,38777,10
13.0229301453,80.1463394165,38777,38787,10
13.0233201981,80.1467437744,38787,38797,10
13.0238599777,80.1472625732,38797,38808,11
13.0244703293,80.1478805542,38808,38818,10
13.0250301361,80.1484832764,38818,38828,10
13.025639534,80.1491317749,38828,38838,10
13.0263395309,80.1498031616,38838,38848,10
13.0269403458,80.1502609253,38848,38858,10
13.0275697708,80.1507492065,38858,38868,10
13.0283498764,80.1513137817,38868,38888,20
13.0283498764,80.1513137817,38888,38898,10
13.0285396576,80.1514511108,38898,38908,10
13.0289096832,80.1517105103,38908,38919,11
13.0294599533,80.1520690918,38919,38929,10
13.0297803879,80.1522827148,38929,38939,10
13.0298900604,80.1523666382,38939,38949,10
13.0302495956,80.1525878906,38949,38959,10
13.0306396484,80.1528167725,38959,38969,10
13.0307102203,80.1528701782,38969,38979,10
13.0309696198,80.1530380249,38979,38989,10
13.031419754,80.1533508301,38989,38999,10
13.0319795609,80.1537017822,38999,39009,10
13.0325202942,80.1541137695,39009,39019,10
13.0329198837,80.1544876099,39019,39030,11
13.0334396362,80.1549606323,39030,39040,10
13.0340003967,80.155380249,39040,39050,10
13.0344896317,80.155708313,39050,39151,101
13.0344896317,80.155708313,39151,39161,10
13.0347003937,80.1559906006,39161,39171,10
13.0345096588,80.1564331055,39171,39181,10
13.0343103409,80.1569900513,39181,39191,10
13.0343599319,80.1575775146,39191,39201,10
13.0344200134,80.1582870483,39201,39211,10
13.0344200134,80.1590805054,39211,39221,10
13.0343399048,80.1598434448,39221,39231,10
13.0340900421,80.1603012085,39231,39241,10
13.0337696075,80.1609191895,39241,39252,11
13.0336799622,80.1610794067,39252,39262,10
13.033659935,80.1611175537,39262,39272,10
13.0334396362,80.1614837646,39272,39282,10
13.0331096649,80.1620635986,39282,39292,10
13.0327301025,80.1627578735,39292,39302,10
13.0323200226,80.1634979248,39302,39312,10
13.0319299698,80.1642608643,39312,39332,20
13.0319299698,80.1642608643,39332,39342,10
13.0317802429,80.1645202637,39342,39352,10
13.0315198898,80.1649627686,39352,39362,10
13.0311603546,80.1656036377,39362,39373,11
13.0307502747,80.1663589478,39373,39383,10
13.0303602219,80.1670837402,39383,39393,10
13.0299396515,80.1678009033,39393,39402,9
13.0296497345,80.1683197021,39402,39413,11
13.0294103622,80.1687698364,39413,39443,30
13.0294103622,80.1687698364,39443,39453,10
13.0293397903,80.1688613892,39453,39463,10
13.0291500092,80.1691665649,39463,39474,11
13.0288295746,80.1697387695,39474,39484,10
13.028459549,80.1704330444,39484,39494,10
13.0280103683,80.1712265015,39494,39504,10
13.0275402069,80.1720962524,39504,39514,10
13.0270299911,80.1730117798,39514,39524,10
13.0265197754,80.1739273071,39524,39534,10
13.0261001587,80.1746902466,39534,39544,10
13.0257797241,80.1752471924,39544,39554,10
13.0256299973,80.1755371094,39554,39564,10
13.0255298615,80.1756973267,39564,39574,10
13.0255098343,80.1757507324,39574,39584,10
13.0254001617,80.1759567261,39584,39595,11
13.0252304077,80.1762771606,39595,39665,70
13.0252304077,80.1762771606,39665,39675,10
13.0249099731,80.1767730713,39675,39696,21
13.0249099731,80.1767730713,39696,39706,10
13.0248498917,80.1768722534,39706,39716,10
13.0246295929,80.1772689819,39716,39726,10
13.0243501663,80.1778030396,39726,39736,10
13.0242500305,80.1779785156,39736,39746,10
13.024189949,80.1780776978,39746,39756,10
13.0240697861,80.1782913208,39756,39766,10
13.024020195,80.1783905029,39766,39776,10
13.0239496231,80.178527832,39776,39786,10
13.0237998962,80.1788024902,39786,39796,10
13.0235500336,80.1792297363,39796,39806,10
13.0231895447,80.1798477173,39806,39817,11
13.0227298737,80.1806488037,39817,39827,10
13.0222997665,80.1814193726,39827,39837,10
13.0217103958,80.1825180054,39837,39874,37
13.0217103958,80.1825180054,39874,39884,10
13.0216798782,80.1825790405,39884,39894,10
13.0214996338,80.1829223633,39894,39905,11
13.0212497711,80.1833496094,39905,39915,10
13.021229744,80.183380127,39915,39926,11
13.0210895538,80.1836395264,39926,39936,10
13.0208902359,80.1840209961,39936,39945,9
13.0208702087,80.1840591431,39945,39956,11
13.0207796097,80.1842803955,39956,39967,11
13.0206298828,80.1847610474,39967,39977,10
13.0205698013,80.1850128174,39977,39987,10
13.020409584,80.1853866577,39987,39997,10
13.0199899673,80.185798645,39997,40007,10
13.0193595886,80.1861877441,40007,40017,10
13.0186595917,80.1866226196,40017,40027,10
13.0182695389,80.1869277954,40027,40038,11
13.0181398392,80.1870422363,40038,40048,10
13.0178203583,80.1875,40048,40058,10
13.0174598694,80.1881484985,40058,40068,10
13.0170898438,80.188873291,40068,40078,10
13.0167798996,80.1894607544,40078,40088,10
13.0167598724,80.1895217896,40088,40098,10
13.0166702271,80.1896591187,40098,40108,10
13.0164299011,80.1900405884,40108,40118,10
13.0161104202,80.1905899048,40118,40128,10
13.0157604218,80.1912231445,40128,40138,10
13.0153999329,80.1918487549,40138,40149,11
13.0150003433,80.1925811768,40149,40159,10
13.014550209,80.1932830811,40159,40169,10
13.0139198303,80.1939086914,40169,40179,10
13.0130796432,80.194442749,40179,40189,10
13.0122003555,80.1949920654,40189,40199,10
13.011349678,80.1955490112,40199,40209,10
13.0109300613,80.1958236694,40209,40219,10
13.0108604431,80.1958465576,40219,40229,10
13.0104999542,80.1959762573,40229,40239,10
13.0101299286,80.1959762573,40239,40249,10
13.0096597672,80.1959609985,40249,40260,11
13.0090904236,80.1961212158,40260,40270,10
13.0086097717,80.1963729858,40270,40280,10
13.0085496902,80.1970977783,40280,40290,10
13.0085897446,80.197883606,40290,40300,10
13.008600235,80.1979293823,40300,40310,10
13.0086097717,80.198097229,40310,40320,10
13.0086202621,80.1985321045,40320,40340,20
13.0086202621,80.1985321045,40340,40350,10
13.008600235,80.1986236572,40350,40360,10
13.0086202621,80.1990585327,40360,40371,11
13.0086402893,80.1999206543,40371,40381,10
13.0086603165,80.2008972168,40381,40391,10
13.0085897446,80.2017211914,40391,40401,10
13.0084896088,80.2027511597,40401,40411,10
13.0080404282,80.2033996582,40411,40421,10
13.0077295303,80.2040405273,40421,40431,10
13.0077199936,80.2048110962,40431,40441,10
13.0077199936,80.2058563232,40441,40451,10
13.0078496933,80.2068023682,40451,40461,10
13.0079898834,80.2078933716,40461,40471,10
13.0081596375,80.2088470459,40471,40482,11
13.0084495544,80.2099609375,40482,40492,10
13.0091896057,80.2108001709,40492,40532,40
13.0091896057,80.2108001709,40532,40542,10
13.009349823,80.2109603882,40542,40552,10
13.0093297958,80.2110900879,40552,40562,10
13.0091600418,80.2112884521,40562,40572,10
13.0090398788,80.2116775513,40572,40582,10
13.00922966,80.2123031616,40582,40593,11
13.0094900131,80.2130126953,40593,40602,9
13.0097703934,80.2137069702,40602,40613,11
13.0100898743,80.2144775391,40613,40623,10
13.010219574,80.2152786255,40623,40633,10
13.0104799271,80.2161712646,40633,40643,10
13.0109195709,80.2171401978,40643,40653,10
13.0113601685,80.2181625366,40653,40663,10
13.0117902756,80.2192611694,40663,40673,10
13.0120897293,80.220161438,40673,40683,10
13.0122995377,80.2208175659,40683,40692,9
13.0124597549,80.2212600708,40692,40704,12
13.0127696991,80.2217483521,40704,40714,10
13.0131998062,80.2222824097,40714,40724,10
13.0136699677,80.22290802,40724,40734,10
13.0140695572,80.2234420776,40734,40744,10
13.0144195557,80.2237625122,40744,40754,10
13.0151596069,80.2246398926,40754,40783,29
13.0151596069,80.2246398926,40783,40794,11
13.0154304504,80.2248764038,40794,40804,10
13.0157203674,80.2251434326,40804,40814,10
13.0162601471,80.2253036499,40814,40825,11
13.0170297623,80.2250976563,40825,40835,10
13.0178499222,80.2247619629,40835,40845,10
13.0186796188,80.2244186401,40845,40855,10
13.0192804337,80.224281311,40855,40875,20
13.0192804337,80.224281311,40875,40885,10
13.0195503235,80.2244186401,40885,40895,10
13.0199604034,80.2246780396,40895,40905,10
13.0204401016,80.2250518799,40905,40915,10
13.0209598541,80.2254180908,40915,40925,10
13.0214700699,80.2258377075,40925,40936,11
13.0221204758,80.2263717651,40936,40946,10
13.0228700638,80.2270202637,40946,40956,10
13.0235795975,80.2276382446,40956,40966,10
13.024140358,80.2281723022,40966,40976,10
13.024600029,80.2287979126,40976,40986,10
13.0246496201,80.2288589478,40986,40996,10
13.0246696472,80.2289276123,40996,41006,10
13.0249500275,80.2293014526,41006,41016,10
13.0253801346,80.2298431396,41016,41026,10
13.0255403519,80.2300796509,41026,41036,10
13.025759697,80.2304000854,41036,41047,11
13.0258903503,80.2307281494,41047,41057,10
13.0259799957,80.2310333252,41057,41067,10
13.0260696411,80.2313079834,41067,41077,10
13.0264396667,80.231262207,41077,41087,10
13.0271501541,80.2310791016,41087,41097,10
13.0285701752,80.2308578491,41097,41117,20
13.0285701752,80.2308578491,41117,41127,10
13.0286998749,80.2308502197,41127,41137,10
13.0290498734,80.2308197021,41137,41154,17
13.0291404724,80.2308273315,41154,41166,12
13.029419899,80.2308120728,41166,41176,10
13.0297899246,80.2307662964,41176,41186,10
13.0304603577,80.23072052,41186,41196,10
13.0306901932,80.2306137085,41196,41206,10
13.0306301117,80.2302627563,41206,41216,10
13.0304403305,80.2296676636,41216,41226,10
13.0302801132,80.2291564941,41226,41236,10
13.0303201675,80.2285919189,41236,41246,10
13.0303497314,80.2283706665,41246,41257,11
13.0304203033,80.2278671265,41257,41266,9
13.0303897858,80.2275314331,41266,41277,11
13.0297803879,80.2274093628,41277,41287,10
13.0289697647,80.2272796631,41287,41297,10
13.0282297134,80.2271575928,41297,41307,10
13.027970314,80.2269821167,41307,41317,10
13.027970314,80.226600647,41317,41327,10
13.0280799866,80.2260131836,41327,41337,10
13.0282201767,80.2252502441,41337,41347,10
13.0284204483,80.224319458,41347,41357,10
13.0287303925,80.2240219116,41357,41367,10
13.028960228,80.2240982056,41367,41378,11
13.0293197632,80.2242507935,41378,41388,10
13.0298595428,80.2242584229,41388,41398,10
13.0306196213,80.2242507935,41398,41408,10
13.031080246,80.2241287231,41408,41418,10
13.0311002731,80.2236404419,41418,41428,10
13.0311803818,80.2231063843,41428,41438,10
13.0313796997,80.2225570679,41438,41448,10
13.0316801071,80.2220077515,41448,41458,10
13.0319499969,80.2213821411,41458,41468,10
13.0321397781,80.2206115723,41468,41478,10
13.0321598053,80.2201385498,41478,41488,10
13.0320100784,80.2201309204,41488,41499,11
13.0319795609,80.220123291,41499,41509,10
13.0317001343,80.2201690674,41509,41519,10
13.0312099457,80.2202224731,41519,41529,10
13.0308103561,80.2202224731,41529,41539,10
13.030380249,80.2202072144,41539,41549,10
13.0302000046,80.2202072144,41549,41559,10
13.0298299789,80.2201766968,41559,41569,10
13.0295200348,80.220123291,41569,41579,10
13.0291500092,80.2200393677,41579,41589,10
13.0288801193,80.2199630737,41589,41599,10
13.0284204483,80.2199020386,41599,41650,51
13.0284204483,80.2199020386,41650,41660,10
13.027879715,80.2198104858,41660,41670,10
13.0272502899,80.2198028564,41670,41680,10
13.0268096924,80.2197723389,41680,41690,10
13.0263004303,80.2197494507,41690,41700,10
13.0256795883,80.2197570801,41700,41711,11
13.0253095627,80.2197418213,41711,41721,10
13.0250997543,80.2197570801,41721,41731,10
13.0250196457,80.2197799683,41731,41741,10
13.0246295929,80.2198028564,41741,41751,10
13.0242900848,80.2197570801,41751,41761,10
13.0242795944,80.2194137573,41761,41771,10
13.0242595673,80.2187576294,41771,41781,10
13.0242395401,80.2180709839,41781,41791,10
13.0242595673,80.2175064087,41791,41801,10
13.0242595673,80.2171325684,41801,41842,41
13.0242595673,80.2171325684,41842,41852,10
13.0242795944,80.2170028687,41852,41862,10
13.0242795944,80.2167434692,41862,41872,10
13.0243797302,80.2165985107,41872,42356,484
13.0243797302,80.2165985107,42356,42366,10
13.024600029,80.2167434692,42366,42376,10
13.0246295929,80.2170028687,42376,42386,10
13.0246696472,80.2174682617,42386,42397,11
13.024720192,80.2180023193,42397,42407,10
13.0247402191,80.2182693481,42407,42417,10
13.0247497559,80.2186126709,42417,42427,10
13.0247898102,80.219078064,42427,42437,10
13.0248203278,80.2193222046,42437,42447,10
13.0248403549,80.2196426392,42447,42457,10
13.0250902176,80.2197418213,42457,42467,10
13.0254096985,80.2197113037,42467,42477,10
13.025759697,80.2197113037,42477,42487,10
13.0260295868,80.2197113037,42487,42497,10
13.0265102386,80.2197036743,42497,42508,11
13.0270004272,80.2197113037,42508,42518,10
13.0274600983,80.2197418213,42518,42528,10
13.0275802612,80.2197494507,42528,42538,10
13.027759552,80.2197799683,42538,42547,9
13.0281095505,80.219833374,42547,42558,11
13.0284700394,80.2198791504,42558,42568,10
13.0286798477,80.2199172974,42568,42578,10
13.0289497375,80.2199630737,42578,42588,10
13.0291700363,80.2200088501,42588,42598,10
13.0295000076,80.2200622559,42598,42608,10
13.0298900604,80.2201385498,42608,42619,11
13.0302696228,80.2201919556,42619,42629,10
13.0307798386,80.2202224731,42629,42638,9
13.0312595367,80.2202224731,42638,42649,11
13.0318202972,80.2201538086,42649,42659,10
13.0321598053,80.2200775146,42659,42669,10
13.0322599411,80.2201385498,42669,42679,10
13.0322504044,80.2203598022,42679,42689,10
13.03221035,80.2204437256,42689,42699,10
13.032119751,80.2208633423,42699,42709,10
13.0319404602,80.2215423584,42709,42719,10
13.0316896439,80.2220611572,42719,42730,11
13.0314798355,80.2224807739,42730,42740,10
13.03125,80.2229614258,42740,42750,10
13.0311803818,80.2237167358,42750,42760,10
13.0311803818,80.2239074707,42760,42770,10
13.0311803818,80.2241973877,42770,42780,10
13.0309400558,80.2243423462,42780,42790,10
13.0304403305,80.2243423462,42790,42800,10
13.0298204422,80.2243423462,42800,42810,10
13.0292396545,80.2243118286,42810,42820,10
13.0291404724,80.2242736816,42820,42830,10
13.0289297104,80.2241287231,42830,42841,11
13.0286302567,80.2241821289,42841,42851,10
13.028380394,80.224822998,42851,42861,10
13.0282001495,80.2256622314,42861,42871,10
13.0280399323,80.2264022827,42871,42881,10
13.0279397964,80.2268981934,42881,42891,10
13.0281095505,80.2270584106,42891,42901,10
13.0284996033,80.2271499634,42901,42911,10
13.0290498734,80.2272567749,42911,42921,10
13.0297803879,80.2273788452,42921,42931,10
13.0303602219,80.2274703979,42931,42941,10
13.0304403305,80.2278137207,42941,42952,11
13.030380249,80.2281265259,42952,42962,10
13.0303697586,80.2282104492,42962,42972,10
13.0303001404,80.2285919189,42972,42982,10
13.0302801132,80.2292480469,42982,42992,10
13.0305700302,80.2299804688,42992,43002,10
13.0306901932,80.2305603027,43002,43093,91
13.0306901932,80.2305603027,43093,43103,10
13.0306100845,80.2307662964,43103,43113,10
13.0298099518,80.2308425903,43113,43133,20
13.0298099518,80.2308425903,43133,43143,10
13.0295095444,80.2308807373,43143,43153,10
13.0289802551,80.2309188843,43153,43163,10
13.0282802582,80.231010437,43163,43174,11
13.0277004242,80.2311706543,43174,43184,10
13.0277099609,80.2317504883,43184,43194,10
13.0278100967,80.232421875,43194,43204,10
13.0277004242,80.2328262329,43204,43214,10
13.0272197723,80.2329101563,43214,43224,10
13.0270595551,80.2329711914,43224,43234,10
13.0268201828,80.2329788208,43234,43244,10
13.02643013,80.2328262329,43244,43254,10
13.0262203217,80.2322463989,43254,43264,10
13.0260000229,80.2314300537,43264,43274,10
13.0256204605,80.2304229736,43274,43291,17
13.0246896744,80.2291412354,43291,43303,12
13.0243501663,80.228767395,43303,43333,30
13.0243501663,80.228767395,43333,43343,10
13.024140358,80.2284622192,43343,43353,10
13.023730278,80.2279586792,43353,43360,7
13.023349762,80.2275772095,43360,43373,13
13.0225200653,80.2268829346,43373,43383,10
13.0224199295,80.2267684937,43383,43394,11
13.0224399567,80.2267227173,43394,43404,10
13.0221395493,80.2264404297,43404,43414,10
13.0215597153,80.2259979248,43414,43424,10
13.0208301544,80.2254180908,43424,43434,10
13.0199203491,80.2248306274,43434,43444,10
13.0189800262,80.2245025635,43444,43454,10
13.0178899765,80.2248687744,43454,43464,10
13.0168104172,80.2253112793,43464,43474,10
13.0159702301,80.2256164551,43474,43484,10
13.0151796341,80.2259216309,43484,43494,10
13.0144996643,80.2262191772,43494,43504,10
13.0143203735,80.2262802124,43504,43515,11
13.0141296387,80.2263717651,43515,43525,10
13.0136003494,80.2265625,43525,43541,16
13.0125904083,80.2269210815,43541,43553,12
13.0116901398,80.2272720337,43553,43563,10
13.0108804703,80.2275772095,43563,43573,10
13.0099802017,80.2279129028,43573,43583,10
13.0094804764,80.2276611328,43583,43592,9
13.0096702576,80.2272262573,43592,43603,11
13.0100402832,80.2264633179,43603,43614,11
13.0104799271,80.225440979,43614,43625,11
13.0108604431,80.2244567871,43625,43635,10
13.0110998154,80.2238311768,43635,43645,10
13.0111999512,80.2235412598,43645,43653,8
13.0113601685,80.2231063843,43653,43664,11
13.011639595,80.2224502563,43664,43675,11
13.0118703842,80.2218399048,43675,43685,10
13.0120801926,80.2214813232,43685,43695,10
13.0122203827,80.2212219238,43695,43705,10
13.0121498108,80.2208709717,43705,43715,10
13.0119199753,80.2202529907,43715,43725,10
13.0116796494,80.219543457,43725,43736,11
13.0114002228,80.2186965942,43736,43746,10
13.0111703873,80.2180404663,43746,43756,10
13.0109100342,80.217376709,43756,43765,9
13.0106401443,80.2168121338,43765,43776,11
13.010310173,80.2161865234,43776,43786,10
13.0100002289,80.2155532837,43786,43796,10
13.0096101761,80.2149200439,43796,43806,10
13.0092000961,80.2143783569,43806,43816,10
13.0087604523,80.2138137817,43816,43826,10
13.0083799362,80.2134399414,43826,43867,41
13.0081701279,80.2133636475,43867,43887,20
13.0081701279,80.2133636475,43887,43897,10
13.0079603195,80.2132492065,43897,43907,10
13.0077896118,80.2130966187,43907,43917,10
13.0074596405,80.212890625,43917,43927,10
13.0068302155,80.2127838135,43927,43937,10
13.0061197281,80.2129135132,43937,43947,10
13.0054397583,80.2128295898,43947,43958,11
13.0045900345,80.2122879028,43958,43968,10
13.0037899017,80.2120132446,43968,43978,10
13.0037298203,80.2115631104,43978,43988,10
13.0036802292,80.2108917236,43988,43998,10
13.0035800934,80.2101974487,43998,44008,10
13.0035295486,80.2095184326,44008,44018,10
13.0036697388,80.2088623047,44018,44028,10
13.0041399002,80.2086715698,44028,44038,10
13.0047903061,80.2089691162,44038,44048,10
13.0055198669,80.2092819214,44048,44058,10
13.0061597824,80.2095108032,44058,44069,11
13.0068101883,80.2097091675,44069,44079,10
13.007109642,80.2098007202,44079,44089,10
13.0074596405,80.2098464966,44089,44099,10
13.0076904297,80.2098693848,44099,44109,10
13.0081100464,80.2098999023,44109,44119,10
13.0080604553,80.2093429565,44119,44129,10
13.0079402924,80.2085113525,44129,44139,10
13.0077495575,80.2074584961,44139,44149,10
13.0075798035,80.2063064575,44149,44159,10
13.0075302124,80.2052230835,44159,44169,10
13.0075302124,80.2042007446,44169,44180,11
13.0073604584,80.2030563354,44180,44190,10
13.0073404312,80.2015228271,44190,44210,20
13.0073404312,80.2015228271,44210,44220,10
13.0074195862,80.2011871338,44220,44230,10
13.0074596405,80.2005386353,44230,44240,10
13.0074501038,80.1997299194,44240,44250,10
13.0073795319,80.1988830566,44250,44260,10
13.0073404312,80.197883606,44260,44270,10
13.0072898865,80.1970214844,44270,44280,10
13.0072803497,80.1967468262,44280,44290,10
13.0072803497,80.1965408325,44290,44307,17
13.0080099106,80.1962585449,44307,44319,12
13.0088596344,80.1961593628,44319,44329,10
13.00963974,80.1958770752,44329,44339,10
13.0104503632,80.1958770752,44339,44349,10
13.0112895966,80.1953964233,44349,44368,19
13.0112895966,80.1953964233,44368,44379,11
13.0114603043,80.1952972412,44379,44389,10
13.0120000839,80.1949615479,44389,44398,9
13.012720108,80.1945114136,44398,44410,12
13.0137996674,80.1938476563,44410,44420,10
13.0144996643,80.1931304932,44420,44430,10
13.0147600174,80.1927185059,44430,44440,10
13.014960289,80.1923828125,44440,44450,10
13.0153198242,80.1917495728,44450,44460,10
13.0157699585,80.1909484863,44460,44470,10
13.0162601471,80.1900405884,44470,44480,10
13.0165901184,80.1894378662,44480,44490,10
13.0167398453,80.1891479492,44490,44500,10
13.01679039,80.1890563965,44500,44510,10
13.0170602798,80.1885910034,44510,44521,11
13.0175199509,80.1877593994,44521,44531,10
13.0180301666,80.1869430542,44531,44541,10
13.0187997818,80.1864013672,44541,44551,10
13.0197401047,80.185836792,44551,44561,10
13.0204000473,80.1851196289,44561,44571,10
13.0205497742,80.1845779419,44571,44587,16
13.0206699371,80.1842727661,44587,44599,12
13.021030426,80.1834793091,44599,44607,8
13.0213603973,80.1829376221,44607,44619,12
13.0218801498,80.1820068359,44619,44629,10
13.0222797394,80.1812667847,44629,44638,9
13.0227298737,80.180480957,44638,44650,12
13.0233001709,80.179397583,44650,44660,10
13.0235900879,80.1788635254,44660,44670,10
13.0237998962,80.1784591675,44670,44680,10
13.0238103867,80.1784515381,44680,44690,10
13.023900032,80.1783218384,44690,44700,10
13.0240802765,80.1779785156,44700,44710,10
13.0244398117,80.1773605347,44710,44720,10
13.0248804092,80.1765594482,44720,44730,10
13.0253295898,80.1757583618,44730,44753,23
13.0271396637,80.1725692749,44753,44765,12
13.0271396637,80.1725692749,44765,44775,10
13.0275402069,80.1718521118,44775,44785,10
13.028260231,80.1705474854,44785,44793,8
13.0286598206,80.1698303223,44793,44803,10
13.0289802551,80.1691894531,44803,44814,11
13.0291595459,80.1688613892,44814,44835,21
13.0291595459,80.1688613892,44835,44845,10
13.0292196274,80.1687469482,44845,44855,10
13.0294599533,80.1683502197,44855,44866,11
13.0298500061,80.167640686,44866,44876,10
13.0303096771,80.1668167114,44876,44886,10
13.03083992,80.1658630371,44886,44896,10
13.0313997269,80.1648712158,44896,44906,10
13.0317001343,80.1643218994,44906,44916,10
13.0317201614,80.1643066406,44916,44926,10
13.031829834,80.1641235352,44926,44936,10
13.0321102142,80.1635971069,44936,44946,10
13.0323495865,80.1631774902,44946,44956,10
13.0324602127,80.162979126,44956,44966,10
13.0327396393,80.1624679565,44966,44977,11
13.0331897736,80.1616668701,44977,44987,10
13.0336704254,80.1608200073,44987,44996,9
13.0339899063,80.1602401733,44996,45007,11
13.0340995789,80.1600265503,45007,45017,10
13.0342903137,80.1596832275,45017,45027,10
13.0343503952,80.1588821411,45027,45036,9
13.0343599319,80.1581802368,45036,45047,11
13.0342903137,80.1569519043,45047,45169,122
13.0342903137,80.1569519043,45169,45179,10
13.0343198776,80.156829834,45179,45189,10
13.0344696045,80.1563568115,45189,45200,11
13.0345697403,80.1559524536,45200,45210,10
13.0345897675,80.1558837891,45210,45220,10
13.0343399048,80.1556472778,45220,45230,10
13.0338602066,80.1553421021,45230,45250,20
13.0338602066,80.1553421021,45250,45260,10
13.033829689,80.1552810669,45260,45270,10
13.0335502625,80.1550521851,45270,45280,10
13.0331897736,80.1547698975,45280,45290,10
13.0327596664,80.1543731689,45290,45300,10
13.0320901871,80.1538314819,45300,45311,11
13.0316801071,80.1536026001,45311,45321,10
13.0310897827,80.153213501,45321,45331,10
13.0304603577,80.1527862549,45331,45351,20
13.0304603577,80.1527862549,45351,45361,10
13.0302495956,80.1526184082,45361,45371,10
13.0297698975,80.1523208618,45371,45381,10
13.0290899277,80.1518936157,45381,45391,10
13.0283203125,80.1513671875,45391,45401,10
13.0280599594,80.1511917114,45401,45411,10
13.0277299881,80.150932312,45411,45422,11
13.0270700455,80.1504516602,45422,45432,10
13.0263700485,80.1499099731,45432,45442,10
13.0256595612,80.1492614746,45442,45452,10
13.0250701904,80.1486434937,45452,45462,10
13.0246095657,80.1481170654,45462,45472,10
13.0243196487,80.147819519,45472,45482,10
13.0239095688,80.1474075317,45482,45492,10
13.0233802795,80.1468887329,45492,45502,10
13.0229997635,80.146522522,45502,45512,10
13.0229301453,80.1464385986,45512,45522,10
13.022600174,80.1461181641,45522,45533,11
13.0222997665,80.1458129883,45533,45543,10
13.0218601227,80.145401001,45543,45553,10
13.0214099884,80.1449432373,45553,45563,10
13.0210103989,80.1445465088,45563,45573,10
13.0206899643,80.1442337036,45573,45583,10
13.0203504562,80.1438522339,45583,45593,10
13.0199203491,80.1433486938,45593,45603,10
13.0195198059,80.1429367065,45603,45613,10
13.019109726,80.142539978,45613,45633,20
13.019109726,80.142539978,45633,45644,11
13.0187902451,80.142250061,45644,45654,10
13.0183095932,80.1417922974,45654,45664,10
13.0177698135,80.1412200928,45664,45674,10
13.0175895691,80.1408996582,45674,45684,10
13.0173597336,80.140411377,45684,45694,10
13.0170497894,80.1397476196,45694,45704,10
13.0166797638,80.138999939,45704,45714,10
13.0163202286,80.1382827759,45714,45724,10
13.0161104202,80.1378326416,45724,45734,10
13.0158500671,80.1373214722,45734,45744,10
13.0155496597,80.1367416382,45744,45775,31
13.0155496597,80.1367416382,45775,45785,10
13.0154399872,80.1365432739,45785,45795,10
13.0152702332,80.1361999512,45795,45805,10
13.0149698257,80.1356201172,45805,45815,10
13.0148296356,80.1353530884,45815,45825,10
13.0144996643,80.1348114014,45825,45835,10
13.0140199661,80.1341018677,45835,45845,10
13.0135297775,80.133392334,45845,45855,10
13.0126399994,80.1328811646,45855,45866,11
13.0125198364,80.1320266724,45866,45876,10
13.0124998093,80.1318588257,45876,45886,10
13.0124902725,80.1316680908,45886,45896,10
13.0123796463,80.1312484741,45896,45906,10
13.0121202469,80.1306533813,45906,45916,10
13.0118103027,80.1298065186,45916,45926,10
13.0116596222,80.12890625,45926,45936,10
13.0115299225,80.1278915405,45936,45946,10
13.0114603043,80.1271362305,45946,45956,10
13.0114297867,80.1264801025,45956,45966,10
13.0114202499,80.1256408691,45966,45976,10
13.0114202499,80.1246795654,45976,45987,11
13.0111398697,80.1239929199,45987,46003,16
13.0105695724,80.1232299805,46003,46015,12
13.0098304749,80.1227416992,46015,46025,10
13.009759903,80.1222763062,46025,46034,9
13.0097198486,80.1216278076,46034,46044,10
13.0096998215,80.1212692261,46044,46055,11
13.0097103119,80.1207504272,46055,46065,10
13.0099401474,80.1199493408,46065,46085,20
13.0099401474,80.1199493408,46085,46097,12
13.0100698471,80.119468689,46097,46107,10
13.010140419,80.1188201904,46107,46117,10
13.0103597641,80.1180877686,46117,46127,10
13.0106897354,80.1173019409,46127,46137,10
13.0109195709,80.1164474487,46137,46147,10
13.0110397339,80.1154785156,46147,46157,10
13.0110797882,80.1146011353,46157,46167,10
13.0102596283,80.1144485474,46167,46187,20
13.0102596283,80.1144485474,46187,46197,10
13.0099201202,80.1144866943,46197,46207,10
13.0092802048,80.1145019531,46207,46218,11
13.0084896088,80.1143722534,46218,46228,10
13.0081796646,80.1140670776,46228,46238,10
13.0077600479,80.1135406494,46238,46248,10
13.0072402954,80.1127700806,46248,46258,10
13.0066003799,80.111869812,46258,46268,10
13.0061798096,80.1109390259,46268,46284,16
13.0054597855,80.1096572876,46284,46296,12
13.0053796768,80.1092529297,46296,46304,8
13.0053701401,80.1091003418,46304,46316,12
13.0053195953,80.1083984375,46316,46327,11
13.005279541,80.1075973511,46327,46337,10
13.00522995,80.1066970825,46337,46347,10
13.0051002502,80.1056976318,46347,46356,9
13.0048799515,80.1047210693,46356,46367,11
13.0046300888,80.1036376953,46367,46377,10
13.0046195984,80.1027374268,46377,46387,10
13.0043897629,80.1017227173,46387,46397,10
13.0039596558,80.1008605957,46397,46406,9
13.0036201477,80.1000518799,46406,46416,10
13.0034704208,80.0995788574,46416,46427,11
13.0034503937,80.0995330811,46427,46438,11
13.0034103394,80.0994033813,46438,46448,10
13.0031003952,80.099067688,46448,46458,10
13.002530098,80.0986709595,46458,46468,10
13.001830101,80.0982971191,46468,46478,10
13.0012702942,80.0980300903,46478,46488,10
13.0006198883,80.0978393555,46488,46498,10
13.0000696182,80.0975570679,46498,46508,10
12.9996795654,80.0973205566,46508,46518,10
12.9992599487,80.0970611572,46518,46528,10
12.998840332,80.0968399048,46528,46538,10
12.9987802505,80.0968093872,46538,46549,11
12.9987096786,80.0967788696,46549,46559,10
12.9984102249,80.0966567993,46559,46569,10
12.9982404709,80.0966033936,46569,46579,10
12.9980802536,80.0965423584,46579,46589,10
12.997759819,80.096496582,46589,46599,10
12.9973802567,80.0964508057,46599,46609,10
12.9970703125,80.0963592529,46609,46619,10
12.9968395233,80.0960235596,46619,46629,10
12.9971199036,80.0960922241,46629,46942,313
12.9971199036,80.0960922241,46942,46952,10
12.9972696304,80.0963897705,46952,46962,10
12.9973497391,80.0963897705,46962,46972,10
12.9975595474,80.0964508057,46972,46982,10
12.9978399277,80.0964813232,46982,46992,10
12.9980602264,80.0965118408,46992,47003,11
12.998339653,80.0966110229,47003,47013,10
12.998459816,80.0966415405,47013,47023,10
12.9986600876,80.0967178345,47023,47033,10
12.9988803864,80.0968017578,47033,47043,10
12.9991798401,80.0969467163,47043,47053,10
12.9996004105,80.0972137451,47053,47063,10
13.0001401901,80.0975418091,47063,47073,10
13.0004301071,80.0977172852,47073,47083,10
13.0006799698,80.0978088379,47083,47093,10
13.0012102127,80.0979614258,47093,47103,10
13.0017204285,80.0982131958,47103,47114,11
13.0023202896,80.0985336304,47114,47124,10
13.0029001236,80.0988922119,47124,47134,10
13.0033798218,80.0993118286,47134,47144,10
13.0034999847,80.0995788574,47144,47154,10
13.0035200119,80.0996170044,47154,47164,10
13.0035600662,80.0997619629,47164,47174,10
13.0036401749,80.1000289917,47174,47184,10
13.0038204193,80.1005020142,47184,47194,10
13.0040903091,80.1011123657,47194,47204,10
13.0044403076,80.1017990112,47204,47214,10
13.0046300888,80.1024398804,47214,47225,11
13.0046796799,80.1032714844,47225,47235,10
13.0047397614,80.1040267944,47235,47245,10
13.0048999786,80.1047515869,47245,47255,10
13.0050802231,80.1054992676,47255,47265,10
13.0051603317,80.1058578491,47265,47275,10
13.0051898956,80.1061401367,47275,47285,10
13.0052499771,80.1065368652,47285,47295,10
13.005279541,80.1069869995,47295,47305,10
13.0053100586,80.1075973511,47305,47315,10
13.0053195953,80.1080703735,47315,47325,10
13.0053396225,80.1086883545,47325,47336,11
13.0054302216,80.1094894409,47336,47346,10
13.0054702759,80.1096572876,47346,47356,10
13.0056400299,80.1100006104,47356,47366,10
13.0059404373,80.1103897095,47366,47376,10
13.0061397552,80.110786438,47376,47386,10
13.0062599182,80.1111831665,47386,47396,10
13.0063695908,80.1114730835,47396,47406,10
13.0066404343,80.1118774414,47406,47416,10
13.0070400238,80.1124572754,47416,47426,10
13.0073795319,80.1129302979,47426,47436,10
13.0074901581,80.1130905151,47436,47447,11
13.0078201294,80.113571167,47447,47457,10
13.0082798004,80.1141433716,47457,47467,10
13.008939743,80.1144790649,47467,47477,10
13.0095901489,80.1144485474,47477,47487,10
13.0102796555,80.114440918,47487,47497,10
13.0106401443,80.1144332886,47497,47507,10
13.0107803345,80.1144180298,47507,47517,10
13.0111303329,80.1146392822,47517,47527,10
13.0110797882,80.1152420044,47527,47537,10
13.0109996796,80.1160736084,47537,47547,10
13.0108003616,80.1170806885,47547,47558,11
13.0103397369,80.1182479858,47558,47568,10
13.0101604462,80.1189575195,47568,47578,10
13.0100603104,80.1196136475,47578,47588,10
13.0098304749,80.120300293,47588,47598,10
13.0097703934,80.1204605103,47598,47608,10
13.0097198486,80.1207427979,47608,47618,10
13.0096998215,80.1211776733,47618,47634,16
13.0097303391,80.1220092773,47634,47646,12
13.0098695755,80.1227874756,47646,47655,9
13.010430336,80.1231384277,47655,47666,11
13.0109901428,80.1237564087,47666,47677,11
13.0111103058,80.1239395142,47677,47687,10
13.0113296509,80.124382019,47687,47697,10
13.011469841,80.125,47697,47707,10
13.0114297867,80.1257171631,47707,47716,9
13.0114402771,80.1263885498,47716,47728,12
13.0114603043,80.1269226074,47728,47738,10
13.0114803314,80.1271514893,47738,47748,10
13.0115003586,80.1276473999,47748,47758,10
13.0115995407,80.1285171509,47758,47768,10
13.0116996765,80.1292800903,47768,47778,10
13.0118103027,80.1298370361,47778,47789,11
13.0121297836,80.1306533813,47789,47799,10
13.0124797821,80.1314697266,47799,47809,10
13.0125198364,80.1317901611,47809,47819,10
13.0125198364,80.1319122314,47819,47829,10
13.0125198364,80.1323471069,47829,47839,10
13.0126800537,80.1329193115,47839,47849,10
13.0132799149,80.1331634521,47849,47859,10
13.013710022,80.1336593628,47859,47869,10
13.0143699646,80.1346206665,47869,47879,10
13.0147800446,80.1352996826,47879,47889,10
13.014960289,80.1356277466,47889,47900,11
13.0151996613,80.1360473633,47900,47910,10
13.0155000687,80.1366119385,47910,47920,10
13.0155696869,80.1367416382,47920,47930,10
13.0157203674,80.1370162964,47930,47940,10
13.0160102844,80.1376037598,47940,47950,10
13.0163602829,80.1383285522,47950,47960,10
13.0167503357,80.1390991211,47960,47970,10
13.0170297623,80.1396865845,47970,47980,10
13.0171098709,80.1398468018,47980,47990,10
13.0173196793,80.1402664185,47990,48000,10
13.0176095963,80.1408691406,48000,48011,11
13.017999649,80.1414413452,48011,48021,10
13.0185499191,80.1419906616,48021,48031,10
13.0190696716,80.1424865723,48031,48041,10
13.0194597244,80.1428833008,48041,48057,16
13.0197601318,80.1431732178,48057,48069,12
13.0202503204,80.143699646,48069,48077,8
13.0205001831,80.143989563,48077,48089,12
13.0205202103,80.1440124512,48089,48099,10
13.0205698013,80.1440582275,48099,48109,10
13.0208597183,80.1443634033,48109,48120,11
13.0213899612,80.1448822021,48120,48130,10
13.0219802856,80.1454620361,48130,48140,10
13.0224399567,80.1459197998,48140,48150,10
13.0225000381,80.1459579468,48150,48160,10
13.0226898193,80.1461715698,48160,48170,10
13.0230798721,80.1465530396,48170,48180,10
13.0235996246,80.1470565796,48180,48190,10
13.0241699219,80.1476287842,48190,48200,10
13.0247802734,80.1482696533,48200,48210,10
13.0254001617,80.1489486694,48210,48220,10
13.0260601044,80.149597168,48220,48230,10
13.0266199112,80.1500778198,48230,48241,11
13.0272302628,80.1505279541,48241,48251,10
13.0283498764,80.1513519287,48251,48271,20
13.0283498764,80.1513519287,48271,48281,10
13.0285196304,80.1514892578,48281,48291,10
13.0289402008,80.1517715454,48291,48301,10
13.0295000076,80.1521377563,48301,48311,10
13.0300998688,80.1524963379,48311,48321,10
13.0307598114,80.152923584,48321,48331,10
13.0315198898,80.153427124,48331,48342,11
13.0322599411,80.1538925171,48342,48352,10
13.0328102112,80.1543884277,48352,48362,10
13.0332202911,80.1547775269,48362,48372,10
13.0336399078,80.1551818848,48372,48381,9
13.0340995789,80.1554794312,48381,48392,11
13.0345001221,80.1557769775,48392,48452,60
13.0345001221,80.1557769775,48452,48463,11
13.034620285,80.1558914185,48463,48473,10
13.0346498489,80.1562271118,48473,48483,10
13.0343904495,80.1567382813,48483,48493,10
13.0343503952,80.1575164795,48493,48503,10
13.0343999863,80.1584091187,48503,48513,10
13.0343999863,80.1591796875,48513,48523,10
13.0343904495,80.1594696045,48523,48533,10
13.0343904495,80.1594696045,48533,48543,10
13.0343704224,80.1595993042,48543,48553,10
13.0342597961,80.1599578857,48553,48574,21
13.0342597961,80.1599578857,48574,48584,10
13.0341701508,80.1601104736,48584,48594,10
13.0339403152,80.1605300903,48594,48605,11
13.0336103439,80.1611175537,48605,48626,21
13.0336103439,80.1611175537,48626,48635,9
13.0334396362,80.1613616943,48635,48646,11
13.0331697464,80.1618423462,48646,48656,10
13.032790184,80.1625518799,48656,48666,10
13.032409668,80.163269043,48666,48676,10
13.0319099426,80.1642684937,48676,48697,21
13.0319099426,80.1642684937,48697,48707,10
13.0318603516,80.1643981934,48707,48717,10
13.03166008,80.1647262573,48717,48727,10
13.0313501358,80.1652832031,48727,48737,10
13.0309696198,80.1659469604,48737,48747,10
13.0305500031,80.1667175293,48747,48757,10
13.0300598145,80.1676101685,48757,48767,10
13.029419899,80.1687774658,48767,48798,31
13.029419899,80.1687774658,48798,48808,10
13.0293598175,80.1688690186,48808,48818,10
13.0291404724,80.1692199707,48818,48828,10
13.0288295746,80.1697463989,48828,48838,10
13.0284996033,80.1703720093,48838,48854,16
13.0279102325,80.1714630127,48854,48866,12
13.0273399353,80.1725006104,48866,48876,10
13.0267896652,80.173500061,48876,48886,10
13.0262403488,80.1744766235,48886,48896,10
13.0257101059,80.1753768921,48896,48906,10
13.0252504349,80.1761703491,48906,48917,11
13.0249204636,80.1768188477,48917,48927,10
13.0249099731,80.1768264771,48927,48937,10
13.0248203278,80.1769638062,48937,48946,9
13.0246200562,80.1773529053,48946,48957,11
13.0242795944,80.1779632568,48957,48967,10
13.0237503052,80.1789169312,48967,48997,30
13.0237503052,80.1789169312,48997,49007,10
13.0236902237,80.1790084839,49007,49018,11
13.0235004425,80.179359436,49018,49028,10
13.0231800079,80.1799316406,49028,49038,10
13.022769928,80.1806411743,49038,49048,10
13.0222997665,80.1814804077,49048,49058,10
13.0217895508,80.1823806763,49058,49068,10
13.0214796066,80.1830062866,49068,49078,10
13.0211801529,80.1834869385,49078,49088,10
13.0208702087,80.1840667725,49088,49108,20
13.0208702087,80.1840667725,49108,49118,10
13.0208301544,80.1843185425,49118,49129,11
13.0207500458,80.1847000122,49129,49139,10
13.0206604004,80.1849899292,49139,49149,10
13.0205602646,80.1852493286,49149,49159,10
13.0202999115,80.1856231689,49159,49169,10
13.0197401047,80.1859970093,49169,49179,10
13.0190296173,80.186416626,49179,49189,10
13.0183897018,80.1868591309,49189,49199,10
13.0180397034,80.187171936,49199,49209,10
13.0177602768,80.1876831055,49209,49225,16
13.0172300339,80.1887207031,49225,49237,12
13.016869545,80.1894226074,49237,49248,11
13.0167999268,80.1895370483,49248,49257,9
13.0167198181,80.1896514893,49257,49268,11
13.0164604187,80.1900405884,49268,49278,10
13.0161304474,80.1905822754,49278,49288,10
13.0158004761,80.1911468506,49288,49297,9
13.0153799057,80.1918792725,49297,49309,12
13.0148096085,80.1929016113,49309,49319,10
13.014380455,80.1935195923,49319,49329,10
13.0142698288,80.1936187744,49329,49339,10
13.0139799118,80.1938400269,49339,49348,9
13.0134897232,80.1941604614,49348,49360,12
13.0127000809,80.1946563721,49360,49370,10
13.0119400024,80.1951370239,49370,49380,10
13.0111198425,80.1956481934,49380,49390,10
13.0105400085,80.1959533691,49390,49400,10
13.0100498199,80.1959609985,49400,49410,10
13.0094404221,80.1959609985,49410,49420,10
13.0088300705,80.1961975098,49420,49430,10
13.0085601807,80.1967391968,49430,49440,10
13.0085697174,80.1976089478,49440,49450,10
13.0086097717,80.1979980469,49450,49460,10
13.0086202621,80.198097229,49460,49471,11
13.0086097717,80.198638916,49471,49481,10
13.0086202621,80.1993865967,49481,49491,10
13.008649826,80.2002334595,49491,49501,10
13.008649826,80.2010574341,49501,49511,10
13.0085697174,80.2018508911,49511,49521,10
13.0085601807,80.2024002075,49521,49531,10
13.0085601807,80.2024230957,49531,49541,10
13.0085296631,80.2026062012,49541,49551,10
13.0083398819,80.2031097412,49551,49561,10
13.0078601837,80.2036209106,49561,49571,10
13.0077400208,80.2043304443,49571,49582,11
13.0077295303,80.2052536011,49582,49592,10
13.0077600479,80.206237793,49592,49608,16
13.0079603195,80.207901001,49608,49620,12
13.0081501007,80.2091293335,49620,49628,8
13.0083799362,80.2099304199,49628,49639,11
13.0091695786,80.2108078003,49639,49701,62
13.0091695786,80.2108078003,49701,49711,10
13.0093603134,80.2109985352,49711,49721,10
13.0092601776,80.2111663818,49721,49731,10
13.0090303421,80.211479187,49731,49741,10
13.0091199875,80.2119827271,49741,49751,10
13.0093603134,80.2126464844,49751,49761,10
13.0095500946,80.2131881714,49761,49771,10
13.0097398758,80.2137298584,49771,49781,10
13.0099802017,80.2142791748,49781,49791,10
13.0101499557,80.2148971558,49791,49802,11
13.0102901459,80.2157592773,49802,49812,10
13.0106601715,80.2166213989,49812,49822,10
13.0110902786,80.2174606323,49822,49832,10
13.0114803314,80.2184524536,49832,49842,10
13.0118303299,80.219543457,49842,49852,10
13.0121002197,80.2203292847,49852,49862,10
13.0121898651,80.2205200195,49862,49872,10
13.0122203827,80.2205734253,49872,49882,10
13.0123796463,80.2209396362,49882,49892,10
13.0125598907,80.2213973999,49892,49902,10
13.0128898621,80.221786499,49902,49913,11
13.0133199692,80.2224121094,49913,49923,10
13.013710022,80.22290802,49923,49933,10
13.014169693,80.2235412598,49933,49943,10
13.014550209,80.2240219116,49943,49953,10
13.0150203705,80.2245788574,49953,49963,10
13.0152902603,80.224822998,49963,49973,10
13.0155296326,80.2249984741,49973,49983,10
13.0156002045,80.2250595093,49983,49993,10
13.0156803131,80.2251586914,49993,50003,10
13.0160799026,80.2253112793,50003,50013,10
13.0166101456,80.2252426147,50013,50023,10
13.0172700882,80.2249832153,50023,50034,11
13.0180997849,80.2246398926,50034,50044,10
13.0193004608,80.2242889404,50044,50064,20
13.0193004608,80.2242889404,50064,50074,10
13.019370079,80.2243270874,50074,50084,10
13.0195703506,80.2244262695,50084,50094,10
13.0197296143,80.2245635986,50094,50104,10
13.0200500488,80.2248001099,50104,50114,10
13.0204200745,80.2250900269,50114,50124,10
13.0209102631,80.225440979,50124,50134,10
13.0215501785,80.2259292603,50134,50145,11
13.0224199295,80.2266311646,50145,50155,10
13.0232400894,80.2273483276,50155,50165,10
13.0238599777,80.2279281616,50165,50175,10
13.0243396759,80.2284469604,50175,50195,20
13.0243396759,80.2284469604,50195,50205,10
13.0245304108,80.2287216187,50205,50215,10
13.0249004364,80.2292327881,50215,50225,10
13.0254096985,80.2298812866,50225,50235,10
13.0258703232,80.2306671143,50235,50245,10
13.0260000229,80.2311325073,50245,50256,11
13.0262403488,80.231300354,50256,50266,10
13.0268201828,80.2311630249,50266,50276,10
13.0276203156,80.2309799194,50276,50286,10
13.028260231,80.2309036255,50286,50296,10
13.028459549,80.2308807373,50296,50306,10
13.0285701752,80.2308578491,50306,50316,10
13.0289697647,80.2308578491,50316,50326,10
13.0293998718,80.230796814,50326,50367,41
13.0293998718,80.230796814,50367,50377,10
13.0296297073,80.230796814,50377,50387,10
13.0301599503,80.230758667,50387,50397,10
13.0306797028,80.2306671143,50397,50407,10
13.0306301117,80.2303085327,50407,50417,10
13.0304403305,80.2296905518,50417,50427,10
13.0302801132,80.2289581299,50427,50437,10
13.0303401947,80.228302002,50437,50447,10
13.0303602219,80.2281570435,50447,50457,10
13.0303897858,80.2277374268,50457,50467,10
13.0302495956,80.2274627686,50467,50477,10
13.0297298431,80.2273712158,50477,50488,11
13.0289096832,80.2272491455,50488,50498,10
13.0283403397,80.227142334,50498,50508,10
13.0280895233,80.2270812988,50508,50518,10
13.0278701782,80.2268600464,50518,50534,16
13.0280399323,80.2259979248,50534,50546,12
13.0282402039,80.2249679565,50546,50556,10
13.028380394,80.2243270874,50556,50564,8
13.0286397934,80.2239685059,50564,50577,13
13.0289201736,80.2240905762,50577,50587,10
13.0292596817,80.2242736816,50587,50598,11
13.0299501419,80.2242507935,50598,50608,10
13.0305700302,80.2242889404,50608,50618,10
13.0310497284,80.2242202759,50618,50628,10
13.031080246,80.2236785889,50628,50638,10
13.0311899185,80.2228775024,50638,50648,10
13.0315504074,80.2222137451,50648,50658,10
13.0318202972,80.2216873169,50658,50668,10
13.0320196152,80.2210464478,50668,50678,10
13.0321598053,80.2203903198,50678,50687,9
13.0321102142,80.2200698853,50687,50699,12
13.0319404602,80.2201080322,50699,50709,10
13.0316495895,80.2201766968,50709,50719,10
13.0311203003,80.2201766968,50719,50729,10
13.0305995941,80.220161438,50729,50739,10
13.0303697586,80.2201766968,50739,50749,10
13.0300397873,80.2201766968,50749,50759,10
13.0295801163,80.2201004028,50759,50769,10
13.029009819,80.2199630737,50769,50779,10
13.0285301208,80.2198867798,50779,50789,10
13.0283298492,80.2198562622,50789,50799,10
13.0282201767,80.219833374,50799,50809,10
13.0278902054,80.2198104858,50809,50820,11
13.0274200439,80.2197723389,50820,50880,60
13.0274200439,80.2197723389,50880,50890,10
13.0272302628,80.2197799683,50890,50900,10
13.0270004272,80.2197494507,50900,50910,10
13.0267295837,80.2197570801,50910,50920,10
13.0263004303,80.2197418213,50920,50931,11
13.0256700516,80.2197113037,50931,50941,10
13.0251903534,80.2196807861,50941,50951,10
13.0250701904,80.2197113037,50951,50961,10
13.0247402191,80.2197723389,50961,50971,10
13.0243501663,80.2197418213,50971,50981,10
13.0242996216,80.219581604,50981,50991,10
13.0242700577,80.2190093994,50991,51001,10
13.0242300034,80.2182998657,51001,51011,10
13.0242395401,80.2176132202,51011,51021,10
13.0242500305,80.2168197632,51021,51042,21
13.0242500305,80.2168197632,51042,51052,10
13.0242795944,80.2166900635,51052,51062,10
13.0243902206,80.2165603638,51062,51072,10
13.0245895386,80.2166137695,51072,51082,10
13.0246400833,80.2168197632,51082,51092,10
13.0246801376,80.2172012329,51092,51102,10
13.024720192,80.2177886963,51102,51112,10
13.0247402191,80.2181777954,51112,51122,10
13.0247802734,80.2184524536,51122,51132,10
13.0248203278,80.2189178467,51132,51142,10
13.0248498917,80.2194519043,51142,51153,11
13.0249300003,80.2196884155,51153,51163,10
13.0251197815,80.2197418213,51163,51173,10
13.0254402161,80.2197265625,51173,51183,10
13.0258998871,80.2197494507,51183,51193,10
13.0264196396,80.2197418213,51193,51203,10
13.0270204544,80.2197265625,51203,51213,10
13.0277795792,80.2197418213,51213,51223,10
13.0283203125,80.2198410034,51223,51233,10
13.0286998749,80.2199172974,51233,51243,10
13.0288200378,80.2199401855,51243,51253,10
13.0290803909,80.2200012207,51253,51264,11
13.0295801163,80.2200927734,51264,51274,10
13.0301504135,80.2201919556,51274,51284,10
13.030579567,80.2202224731,51284,51294,10
13.0308904648,80.2202529907,51294,51304,10
13.0313196182,80.2202606201,51304,51314,10
13.0317497253,80.2202072144,51314,51324,10
13.0320501328,80.2201080322,51324,51334,10
13.0321798325,80.2199783325,51334,51344,10
13.0321903229,80.2195587158,51344,51361,17
13.0320196152,80.2184829712,51361,51372,11
13.0314798355,80.2181777954,51372,51383,11
13.031419754,80.2173080444,51383,51391,8
13.0313796997,80.217048645,51391,51402,11
13.0313196182,80.2165298462,51402,51414,12
13.0312795639,80.2157592773,51414,51424,10
13.0313997269,80.2148590088,51424,51434,10
13.0315103531,80.2140274048,51434,51443,9
13.0316495895,80.2131576538,51443,51454,11
13.0318202972,80.2119903564,51454,51464,10
13.0319795609,80.2113800049,51464,51475,11
13.0320596695,80.2108001709,51475,51485,10
13.0321903229,80.2099304199,51485,51495,10
13.0325899124,80.2097320557,51495,51505,10
13.0331602097,80.2098236084,51505,51515,10
13.0339403152,80.2098770142,51515,51525,10
13.0347995758,80.2099685669,51525,51535,10
13.0351400375,80.2096786499,51535,51545,10
13.0351896286,80.2092208862,51545,51555,10
13.0352802277,80.2086181641,51555,51565,10
13.035369873,80.2080230713,51565,51575,10
13.0354700089,80.2072906494,51575,51585,10
13.0355701447,80.2065200806,51585,51596,11
13.0356302261,80.2060623169,51596,51606,10
13.0356903076,80.2057418823,51606,51616,10
13.0357303619,80.2053222656,51616,51626,10
13.0354604721,80.2052307129,51626,51636,10
13.035200119,80.2051773071,51636,51646,10
13.0350399017,80.2051925659,51646,51656,10
13.0349798203,80.2052078247,51656,51666,10
13.0347995758,80.2054595947,51666,58286,6620
13.0347499847,80.2056427002,58286,58639,353
13.0347499847,80.2056427002,58639,58649,10
13.0347604752,80.205581665,58649,58660,11
13.0344600677,80.2056121826,58660,58670,10
13.0343103409,80.2058486938,58670,76190,17520
13.0343103409,80.2058486938,76190,76200,10
13.0343503952,80.2057037354,76200,76210,10
13.0345096588,80.2057266235,76210,76220,10
13.0345897675,80.2058792114,76220,76230,10
13.0346298218,80.2058410645,76230,76674,444
13.0346298218,80.2058410645,76674,76684,10
13.034620285,80.2056121826,76684,76695,11
13.034239769,80.2054901123,76695,76705,10
