13.0143404007,80.225479126,14,4751,4737
13.0143604279,80.2257232666,4751,4963,212
13.0143203735,80.2255783081,4963,6736,1773
13.0143404007,80.2255172729,6736,6928,192
13.014289856,80.2255630493,6928,7664,736
13.0143404007,80.2255172729,7664,8097,433
13.0143299103,80.2256317139,8097,22634,14537
13.0143299103,80.2256317139,22634,22644,10
13.014289856,80.2258300781,22644,22654,10
13.0142002106,80.2260818481,22654,22664,10
13.0142202377,80.2262191772,22664,22674,10
13.0140895844,80.2263031006,22674,22684,10
13.0135402679,80.2265090942,22684,22694,10
13.0128002167,80.2267608643,22694,22704,10
13.0118598938,80.2271118164,22704,22714,10
13.0108995438,80.2275009155,22714,22724,10
13.0099201202,80.2278823853,22724,22734,10
13.0096197128,80.2274627686,22734,22744,10
13.0099096298,80.2268981934,22744,22755,11
13.0103197098,80.2259216309,22755,22764,9
13.0106697083,80.2250213623,22764,22775,11
13.0110998154,80.2238693237,22775,22785,10
13.0115098953,80.2228469849,22785,22795,10
13.0119400024,80.2217636108,22795,22805,10
13.0120897293,80.2207794189,22805,22815,10
13.0117797852,80.2197265625,22815,22825,10
13.0114202499,80.2186203003,22825,22835,10
13.0110197067,80.2175827026,22835,22845,10
13.0105800629,80.2165527344,22845,22855,10
13.0101099014,80.2157592773,22855,22865,10
13.009759903,80.2150802612,22865,22876,11
13.0092201233,80.2144012451,22876,22886,10
13.0087995529,80.2138366699,22886,22896,10
13.0084896088,80.2135162354,22896,22936,40
13.0084896088,80.2135162354,22936,22946,10
13.0082998276,80.2133789063,22946,22956,10
13.0080604553,80.2132797241,22956,22966,10
13.007900238,80.2131576538,22966,22976,10
13.0077295303,80.2130126953,22976,22986,10
13.0072202682,80.2128219604,22986,22997,11
13.0064401627,80.2127838135,22997,23007,10
13.0058803558,80.2129898071,23007,23017,10
13.0052404404,80.212677002,23017,23027,10
13.0045404434,80.2123031616,23027,23037,10
13.0037403107,80.2120666504,23037,23047,10
13.0031003952,80.212097168,23047,23057,10
13.0024595261,80.2121734619,23057,23067,10
13.0018997192,80.2124786377,23067,23077,10
13.0013799667,80.2128677368,23077,23087,10
13.0006799698,80.2134628296,23087,23097,10
13.0000200272,80.2140579224,23097,23107,10
12.9996700287,80.2143630981,23107,23117,10
12.9993200302,80.2146606445,23117,23128,11
12.9991798401,80.2147827148,23128,23138,10
12.9988603592,80.2150192261,23138,23148,10
12.9983196259,80.2154693604,23148,23158,10
12.9976596832,80.2160186768,23158,23168,10
12.9975204468,80.2161636353,23168,23178,10
12.9973201752,80.2164001465,23178,23194,16
12.9964199066,80.2165908813,23194,23206,12
12.9954204559,80.2169189453,23206,23216,10
12.9948501587,80.2172622681,23216,23226,10
12.9940299988,80.2178421021,23226,23236,10
12.9930696487,80.21849823,23236,23246,10
12.9922103882,80.2191925049,23246,23256,10
12.9912996292,80.2198104858,23256,23267,11
12.99036026,80.2205581665,23267,23277,10
12.9895801544,80.2213668823,23277,23287,10
12.9892101288,80.2218399048,23287,23297,10
12.9887800217,80.2223434448,23297,23307,10
12.9880800247,80.2229614258,23307,23317,10
12.987739563,80.2230834961,23317,23327,10
12.9875202179,80.2230834961,23327,23337,10
12.9871196747,80.2230529785,23337,23347,10
12.9865198135,80.2229690552,23347,23357,10
12.9858598709,80.2230224609,23357,23367,10
12.9854402542,80.2232818604,23367,23377,10
12.9848604202,80.2231063843,23377,23388,11
12.9841899872,80.2227401733,23388,23398,10
12.9837303162,80.2225036621,23398,23408,10
12.9833803177,80.2222595215,23408,23417,9
12.9833202362,80.2222290039,23417,23428,11
12.9830598831,80.2220916748,23428,23437,9
12.9826002121,80.2219161987,23437,23448,11
12.9819297791,80.2215805054,23448,23457,9
12.9812602997,80.2211532593,23457,23468,11
12.9804496765,80.2210998535,23468,23478,10
12.9796104431,80.2211380005,23478,23488,10
12.9788703918,80.2211685181,23488,23498,10
12.97797966,80.2211914063,23498,23508,10
12.9775800705,80.2212295532,23508,23519,11
12.9772996902,80.2212371826,23519,23529,10
12.9766597748,80.2212295532,23529,23539,10
12.9757204056,80.2210693359,23539,23579,40
12.9757204056,80.2210693359,23579,23589,10
12.9755401611,80.2208099365,23589,23599,10
12.975060463,80.2205581665,23599,23609,10
12.9743099213,80.2202224731,23609,23619,10
12.9735298157,80.2199020386,23619,23629,10
12.9726200104,80.219619751,23629,23640,11
12.9716100693,80.2192611694,23640,23650,10
12.9710903168,80.2191390991,23650,23660,10
12.9710102081,80.2191085815,23660,23670,10
12.9706001282,80.2189025879,23670,23680,10
12.9699201584,80.2185974121,23680,23690,10
12.9692296982,80.2183380127,23690,23706,16
12.9681396484,80.2179107666,23706,23718,12
12.9673204422,80.2175827026,23718,23728,10
12.9663896561,80.2172012329,23728,23738,10
12.9653196335,80.2167663574,23738,23748,10
12.964220047,80.2163085938,23748,23758,10
12.9634304047,80.2159500122,23758,23769,11
12.9625597,80.2155914307,23769,23779,10
12.9615602493,80.2152175903,23779,23789,10
12.9604902267,80.2147979736,23789,23799,10
12.9594202042,80.2143783569,23799,23809,10
12.9583702087,80.2139434814,23809,23819,10
12.9572896957,80.213508606,23819,23829,10
12.956199646,80.2130889893,23829,23839,10
12.9551200867,80.212677002,23839,23849,10
12.9540300369,80.2122192383,23849,23859,10
12.9529495239,80.2117996216,23859,23869,10
12.9518699646,80.2113723755,23869,23887,18
12.9499702454,80.2106170654,23887,23899,12
12.9488401413,80.2101821899,23899,23910,11
12.9477596283,80.2097625732,23910,23920,10
12.9465999603,80.2092971802,23920,23929,9
12.9455699921,80.2088775635,23929,23939,10
12.9446802139,80.2085418701,23939,23950,11
12.9440202713,80.2082595825,23950,23960,10
12.9433803558,80.2080001831,23960,23969,9
12.942700386,80.2073287964,23969,23980,11
12.941860199,80.2065200806,23980,23990,10
12.9410200119,80.2059936523,23990,24000,10
12.9401597977,80.2056808472,24000,24010,10
12.9393701553,80.2054519653,24010,24020,10
12.9385004044,80.2051773071,24020,24031,11
12.9374504089,80.2048873901,24031,24041,10
12.93653965,80.2046279907,24041,24051,10
12.9356603622,80.2043685913,24051,24061,10
12.9348802567,80.2040328979,24061,24071,10
12.9337501526,80.203918457,24071,24091,20
12.9337501526,80.203918457,24091,24101,10
12.9336395264,80.2039108276,24101,24111,10
12.9332103729,80.2038116455,24111,24121,10
12.9325399399,80.2035369873,24121,24131,10
12.9317398071,80.2032928467,24131,24141,10
12.9308099747,80.2029800415,24141,24151,10
12.9298400879,80.2028121948,24151,24162,11
12.9295101166,80.2027816772,24162,24172,10
12.9294595718,80.2027816772,24172,24182,10
12.9290599823,80.2027206421,24182,24192,10
12.928560257,80.2025222778,24192,24202,10
12.9285001755,80.2018432617,24202,24212,10
12.9284601212,80.2008972168,24212,24222,10
12.9283504486,80.199798584,24222,24232,10
12.9279003143,80.1987380981,24232,24242,10
12.9272298813,80.1979675293,24242,24252,10
12.926199913,80.1975708008,24252,24262,10
12.9255199432,80.1975326538,24262,24272,10
12.925239563,80.1975097656,24272,24283,11
12.924539566,80.1975097656,24283,24293,10
12.923740387,80.197479248,24293,24303,10
12.9227800369,80.1973571777,24303,24313,10
12.9217796326,80.1971588135,24313,24323,10
12.9208402634,80.1968383789,24323,24333,10
12.9198303223,80.1965026855,24333,24343,10
12.9189596176,80.1959686279,24343,24353,10
12.9181995392,80.1953125,24353,24363,10
12.9174404144,80.1946411133,24363,24373,10
12.9170503616,80.1940765381,24373,24383,10
12.9169797897,80.1934509277,24383,24393,10
12.9170799255,80.192741394,24393,24403,10
12.9171495438,80.192237854,24403,24414,11
12.9172201157,80.1917495728,24414,24424,10
12.9173002243,80.1911392212,24424,24434,10
12.9173297882,80.1910476685,24434,24444,10
12.9173402786,80.1906509399,24444,24454,10
12.9174404144,80.1899719238,24454,24464,10
12.9177303314,80.1891708374,24464,24474,10
12.918299675,80.1884002686,24474,24484,10
12.9189395905,80.1876602173,24484,24494,10
12.9197301865,80.1867523193,24494,24504,10
12.9204397202,80.1858901978,24504,24514,10
12.9204502106,80.1848983765,24514,24524,10
12.9203596115,80.1844787598,24524,24535,11
12.9202899933,80.1841812134,24535,24545,10
12.9201803207,80.1835632324,24545,24555,10
12.9200401306,80.1829223633,24555,24565,10
12.919960022,80.1826934814,24565,24575,10
12.9199304581,80.1825637817,24575,24585,10
12.9199304581,80.1825027466,24585,24595,10
12.919839859,80.1820907593,24595,24605,10
12.9196901321,80.1813964844,24605,24615,10
12.9195098877,80.1805801392,24615,24625,10
12.9193000793,80.179649353,24625,24635,10
12.9187602997,80.1787719727,24635,24644,9
12.9182195663,80.1779327393,24644,24655,11
12.9183301926,80.1767272949,24655,24666,11
12.9186201096,80.17552948,24666,24676,10
12.9188699722,80.1744003296,24676,24686,10
12.9191598892,80.173286438,24686,24696,10
12.9193897247,80.172416687,24696,24706,10
12.9195899963,80.1717071533,24706,24716,10
12.9197797775,80.1709823608,24716,24726,10
12.9199399948,80.1704864502,24726,24766,40
12.9199399948,80.1704864502,24766,24776,10
12.9199800491,80.1704025269,24776,24786,10
12.920129776,80.1699676514,24786,24797,11
12.9203596115,80.1691589355,24797,24807,10
12.9206800461,80.168182373,24807,24817,10
12.9210395813,80.1670684814,24817,24827,10
12.9214096069,80.1659622192,24827,24837,10
12.9217796326,80.1648406982,24837,24847,10
12.9221200943,80.1637268066,24847,24857,10
12.9224300385,80.162727356,24857,24867,10
12.9227695465,80.1617279053,24867,24877,10
12.9230699539,80.1607666016,24877,24887,10
12.923119545,80.1604995728,24887,24897,10
12.9232397079,80.16015625,24897,24907,10
12.9233503342,80.1594772339,24907,24918,11
12.9234600067,80.158416748,24918,24928,10
12.9235696793,80.1572418213,24928,24938,10
12.9236698151,80.1560592651,24938,24948,10
12.9234304428,80.155090332,24948,24958,10
12.9233999252,80.1549377441,24958,24968,10
12.9233102798,80.1545333862,24968,24978,10
12.9231700897,80.1538772583,24978,24988,10
12.9229898453,80.153137207,24988,24998,10
12.9227399826,80.1520004272,24998,25028,30
12.9227399826,80.1520004272,25028,25038,10
12.9227399826,80.1519012451,25038,25049,11
12.9227199554,80.1513519287,25049,25059,10
12.9226999283,80.1505279541,25059,25069,10
12.922659874,80.1495819092,25069,25079,10
12.9225997925,80.1485290527,25079,25089,10
12.9225902557,80.1475372314,25089,25099,10
12.9225902557,80.1466522217,25099,25109,10
12.9225797653,80.1457595825,25109,25119,10
12.9225196838,80.1447677612,25119,25129,10
12.9224996567,80.1438674927,25129,25139,10
12.9224796295,80.1433563232,25139,25169,30
12.9224796295,80.1433563232,25169,25180,11
12.9224996567,80.1429901123,25180,25190,10
12.9225101471,80.1425704956,25190,25200,10
12.9224700928,80.141960144,25200,25216,16
12.922419548,80.1414794922,25216,25228,12
12.9224004745,80.1411132813,25228,25238,10
12.9224100113,80.1406021118,25238,25247,9
12.9224100113,80.1397018433,25247,25258,11
12.9224300385,80.1387023926,25258,25268,10
12.9224901199,80.137802124,25268,25278,10
12.922539711,80.1368026733,25278,25288,10
12.9225797653,80.1358718872,25288,25298,10
12.9226102829,80.1348114014,25298,25308,10
12.922659874,80.133682251,25308,25319,11
12.9226903915,80.1326217651,25319,25329,10
12.9227199554,80.131652832,25329,25339,10
12.9227199554,80.131187439,25339,25349,10
12.9227399826,80.1309585571,25349,25359,10
12.9227695465,80.1303634644,25359,25369,10
12.9228200912,80.1295776367,25369,25379,10
12.9228696823,80.1286621094,25379,25389,10
12.9228897095,80.1278610229,25389,25399,10
12.9229202271,80.1269378662,25399,25409,10
12.922949791,80.1258621216,25409,25419,10
12.9230098724,80.124710083,25419,25430,11
12.9230604172,80.1234512329,25430,25440,10
12.9231100082,80.1223373413,25440,25450,10
12.9231500626,80.1214370728,25450,25460,10
12.9232196808,80.1205596924,25460,25480,20
12.9232196808,80.1205596924,25480,25490,10
12.9232902527,80.1202926636,25490,25500,10
12.923330307,80.119682312,25500,25510,10
12.9233198166,80.1189498901,25510,25520,10
12.9234199524,80.117980957,25520,25530,10
12.92345047,80.1169433594,25530,25556,26
12.92345047,80.1169433594,25556,25569,13
12.9235601425,80.116859436,25569,25579,10
12.9235401154,80.1172332764,25579,25588,9
12.9235200882,80.1174621582,25588,25599,11
12.923620224,80.1178665161,25599,25609,10
12.9235296249,80.118522644,25609,25619,10
12.9234695435,80.1193237305,25619,25629,10
12.9233703613,80.1200637817,25629,25639,10
12.9233102798,80.1206665039,25639,25649,10
12.9233198166,80.1211624146,25649,26365,716
12.9233198166,80.1211624146,26365,26375,10
12.9232501984,80.1215286255,26375,26385,10
12.9232597351,80.121711731,26385,26395,10
12.9232196808,80.122177124,26395,26405,10
12.9231901169,80.1229476929,26405,26415,10
12.9231595993,80.1238327026,26415,26425,10
12.9231004715,80.1248397827,26425,26435,10
12.9230604172,80.1256637573,26435,26445,10
12.9230098724,80.1264572144,26445,26456,11
12.9229602814,80.1275405884,26456,26466,10
12.9229297638,80.1282730103,26466,26476,10
12.9228897095,80.12915802,26476,26486,10
12.9228401184,80.1300582886,26486,26496,10
12.9228200912,80.1308898926,26496,26506,10
12.9227895737,80.1315994263,26506,26516,10
12.9227399826,80.1324386597,26516,26526,10
12.9226999283,80.1334915161,26526,26536,10
12.9226398468,80.1346817017,26536,26546,10
12.9225997925,80.1355514526,26546,26556,10
12.9225597382,80.13646698,26556,26566,10
12.9225101471,80.1373291016,26566,26577,11
12.9224700928,80.1382522583,26577,26587,10
12.9224100113,80.1390228271,26587,26597,10
12.9224100113,80.140007019,26597,26607,10
12.922419548,80.1409835815,26607,26617,10
12.9224395752,80.141960144,26617,26627,10
12.9224596024,80.142539978,26627,26637,10
12.9224796295,80.142616272,26637,26647,10
12.9224700928,80.1426696777,26647,26657,10
12.922539711,80.1434173584,26657,26677,20
12.922539711,80.1434173584,26677,26687,10
12.922539711,80.1436309814,26687,26697,10
12.9225301743,80.1441497803,26697,26708,11
12.9225702286,80.1451187134,26708,26724,16
12.9226398468,80.1468887329,26724,26736,12
12.9226303101,80.1477279663,26736,26746,10
12.9226198196,80.1484375,26746,26755,9
12.922659874,80.1495513916,26755,26766,11
12.9227199554,80.1509170532,26766,26776,10
12.922750473,80.1517715454,26776,26786,10
12.9229402542,80.1528778076,26786,26796,10
12.9232501984,80.1540222168,26796,26806,10
12.9234399796,80.1546783447,26806,26816,10
12.9234695435,80.154800415,26816,26826,10
12.9235801697,80.1553115845,26826,26837,11
12.9237098694,80.1562271118,26837,26838,1
12.9237003326,80.1563262939,26838,26878,40
12.9233398438,80.1602935791,26878,26888,10
12.9233102798,80.1604003906,26888,26898,10
12.9231996536,80.1607131958,26898,26908,10
12.9229898453,80.1613616943,26908,26918,10
12.9226999283,80.1622390747,26918,26928,10
12.9223499298,80.1633224487,26928,26938,10
12.9219903946,80.1644134521,26938,26948,10
12.921620369,80.1655578613,26948,26958,10
12.9212598801,80.1666870117,26958,26970,12
12.9208297729,80.1680297852,26970,26980,10
12.9204797745,80.1691436768,26980,26990,10
12.9201498032,80.1702270508,26990,27000,10
12.9199495316,80.1709213257,27000,27009,9
12.9199199677,80.1710205078,27009,27020,11
12.9197502136,80.1714782715,27020,27029,9
12.9196195602,80.1720428467,27029,27040,11
12.9193296432,80.1730499268,27040,27050,10
12.9191102982,80.1739501953,27050,27061,11
12.9188404083,80.1751174927,27061,27071,10
12.9185495377,80.1761703491,27071,27081,10
12.9183397293,80.1771774292,27081,27092,11
12.9184103012,80.1782302856,27092,27102,10
12.9190797806,80.1791000366,27102,27112,10
12.919500351,80.1802215576,27112,27122,10
12.9197301865,80.1813583374,27122,27132,10
12.9199895859,80.1825027466,27132,27142,10
12.9202203751,80.1835327148,27142,27152,10
12.9203796387,80.1843032837,27152,27162,10
12.9205999374,80.1851119995,27162,27172,10
12.9206600189,80.1853027344,27172,27182,10
12.9206895828,80.1855010986,27182,27192,10
12.9206199646,80.1859283447,27192,27202,10
12.9201698303,80.1864624023,27202,27212,10
12.9195899963,80.1871032715,27212,27223,11
12.9189901352,80.1878128052,27223,27233,10
12.9184799194,80.1883773804,27233,27243,10
12.917889595,80.1890869141,27243,27253,10
12.9175395966,80.1900024414,27253,27263,10
12.9174098969,80.1908721924,27263,27273,10
12.9173002243,80.1917572021,27273,27283,10
12.9172296524,80.1923675537,27283,27293,10
12.9171600342,80.1928329468,27293,27309,16
12.9171600342,80.1929168701,27309,27321,12
12.917140007,80.1930389404,27321,27329,8
12.917140007,80.1930465698,27329,27341,12
12.917090416,80.1934509277,27341,27351,10
12.9171199799,80.1937179565,27351,27361,10
12.9171800613,80.1939620972,27361,27372,11
12.9172496796,80.1942367554,27372,27382,10
12.9176702499,80.194732666,27382,27392,10
12.9182901382,80.1952896118,27392,27402,10
12.9190101624,80.1959381104,27402,27412,10
12.919719696,80.1964035034,27412,27422,10
12.9206695557,80.1967391968,27422,27432,10
12.9214200974,80.1970062256,27432,27442,10
12.9223003387,80.1972808838,27442,27452,10
12.9231500626,80.1974029541,27452,27462,10
12.9239902496,80.197479248,27462,27473,11
12.9250497818,80.1974868774,27473,27483,10
12.9253797531,80.197479248,27483,27493,10
12.9258003235,80.197479248,27493,27503,10
12.9263801575,80.1975631714,27503,27513,10
12.9269504547,80.1977767944,27513,27523,10
12.9274902344,80.1981201172,27523,27533,10
12.9279403687,80.1986999512,27533,27543,10
12.9282598495,80.1993713379,27543,27553,10
12.9285001755,80.2001876831,27553,27563,10
12.9285497665,80.201171875,27563,27573,10
12.9285802841,80.202041626,27573,27583,10
12.9288902283,80.2026824951,27583,27593,10
12.9293899536,80.2027206421,27593,27604,11
12.9294204712,80.2027435303,27604,27614,10
12.9297399521,80.2028198242,27614,27624,10
12.9303302765,80.2028884888,27624,27634,10
12.9309997559,80.2030334473,27634,27644,10
12.9316997528,80.2032470703,27644,27654,10
12.9324598312,80.2035064697,27654,27664,10
12.9330997467,80.2036972046,27664,27674,10
12.9340496063,80.2038879395,27674,27694,20
12.9340496063,80.2038879395,27694,27704,10
12.9342699051,80.2039413452,27704,27714,10
12.9347801208,80.2040100098,27714,27724,10
12.9354400635,80.2042388916,27724,27735,11
12.9362602234,80.2045211792,27735,27745,10
12.9371299744,80.2047576904,27745,27755,10
12.9378595352,80.2049789429,27755,27765,10
12.9386301041,80.2052001953,27765,27775,10
12.9393796921,80.2054214478,27775,27785,10
12.9399595261,80.205581665,27785,27795,10
12.9400997162,80.2056274414,27795,27805,10
12.9402999878,80.2057113647,27805,27815,10
12.9407300949,80.2058410645,27815,27825,10
12.9413795471,80.2061309814,27825,27835,10
12.9421195984,80.2066421509,27835,27845,10
12.9427404404,80.2071990967,27845,27856,11
12.9430398941,80.2076263428,27856,27866,10
12.9431695938,80.2077789307,27866,27876,10
12.9434204102,80.2079925537,27876,27886,10
12.9437503815,80.2081375122,27886,27896,10
12.9441404343,80.2082824707,27896,27906,10
12.9442796707,80.2083435059,27906,27916,10
12.9443397522,80.208366394,27916,27926,10
12.9446401596,80.2084732056,27926,27936,10
12.9451999664,80.208656311,27936,27946,10
12.9458999634,80.2089233398,27946,27956,10
12.946680069,80.2092208862,27956,27966,10
12.9473199844,80.2094802856,27966,27976,10
12.9479398727,80.2097091675,27976,27987,11
12.9486398697,80.2099761963,27987,27997,10
12.9494400024,80.2103118896,27997,28007,10
12.9504699707,80.2107162476,28007,28017,10
12.9514503479,80.2111206055,28017,28027,10
12.9523496628,80.211479187,28027,28037,10
12.9530601501,80.2117614746,28037,28047,10
12.9537000656,80.212020874,28047,28057,10
12.9544801712,80.2123413086,28057,28067,10
12.9554300308,80.2126998901,28067,28077,10
12.956319809,80.2130737305,28077,28087,10
12.9570598602,80.2133636475,28087,28097,10
12.95814991,80.2137908936,28097,28107,10
12.9591197968,80.2141723633,28107,28118,11
12.9600400925,80.2145385742,28118,28128,10
12.9610300064,80.2149429321,28128,28138,10
12.9620304108,80.2153396606,28138,28148,10
12.9628801346,80.2156677246,28148,28158,10
12.9634599686,80.2159194946,28158,28168,10
12.9636201859,80.2159881592,28168,28178,10
12.9640598297,80.2161636353,28178,28188,10
12.9646997452,80.2164382935,28188,28198,10
12.9654302597,80.2167282104,28198,28208,10
12.9660902023,80.2169799805,28208,28218,10
12.9666595459,80.2172012329,28218,28228,10
12.967300415,80.2174377441,28228,28239,11
12.9679403305,80.2177276611,28239,28249,10
12.968580246,80.2179794312,28249,28259,10
12.9695196152,80.2183532715,28259,28269,10
12.9704198837,80.2186965942,28269,28279,10
12.9708995819,80.2188568115,28279,28289,10
12.9710197449,80.2189025879,28289,28299,10
12.971449852,80.2190704346,28299,28309,10
12.9721002579,80.2193374634,28309,28319,10
12.9729299545,80.2196502686,28319,28329,10
12.9737195969,80.2199783325,28329,28339,10
12.9744195938,80.2203063965,28339,28349,10
12.974729538,80.2204208374,28349,28359,10
12.9749403,80.2205276489,28359,28370,11
12.9750995636,80.2206497192,28370,28380,10
12.9754600525,80.2207794189,28380,28390,10
12.9756803513,80.2209091187,28390,28400,10
12.9760103226,80.2211837769,28400,28430,30
12.9760103226,80.2211837769,28430,28440,10
12.9762802124,80.2212600708,28440,28450,10
12.9766197205,80.221282959,28450,28460,10
12.9773101807,80.2212295532,28460,28470,10
12.9779195786,80.2211914063,28470,28480,10
12.9784402847,80.2211685181,28480,28490,10
12.9787998199,80.2211303711,28490,28501,11
12.9795103073,80.2210922241,28501,28511,10
12.9802398682,80.2210388184,28511,28539,28
12.9802398682,80.2210388184,28539,28549,10
12.9805898666,80.2210388184,28549,28559,10
12.980919838,80.2210769653,28559,28569,10
12.9814996719,80.2212982178,28569,28579,10
12.9820203781,80.2216186523,28579,28589,10
12.9825201035,80.2218322754,28589,28599,10
12.9826602936,80.2218780518,28599,28609,10
12.9828500748,80.2219390869,28609,28619,10
12.9830303192,80.2220077515,28619,28630,11
12.9831800461,80.2220687866,28630,28640,10
12.9834899902,80.2223129272,28640,28650,10
12.9839496613,80.2225799561,28650,28660,10
12.9843502045,80.2228317261,28660,28670,10
12.9849796295,80.2231826782,28670,28680,10
12.9854898453,80.2232437134,28680,28690,10
12.986000061,80.2229614258,28690,28700,10
12.9865999222,80.2229690552,28700,28710,10
12.9870300293,80.2230377197,28710,28720,10
12.9875202179,80.2230834961,28720,28730,10
12.9879903793,80.2229003906,28730,28740,10
12.9885501862,80.2224578857,28740,28751,11
12.9890804291,80.2218933105,28751,28761,10
12.9895200729,80.2212524414,28761,28771,10
12.9901504517,80.2205963135,28771,28781,10
12.9906902313,80.220161438,28781,28791,10
12.9909696579,80.2199401855,28791,28801,10
12.991399765,80.219581604,28801,28811,10
12.9919500351,80.2192077637,28811,28821,10
12.9926395416,80.2187194824,28821,28831,10
12.993470192,80.2181015015,28831,28841,10
12.9942102432,80.2175674438,28841,28851,10
12.9948301315,80.2171173096,28851,28861,10
12.9954795837,80.2167510986,28861,28871,10
12.9962997437,80.2165374756,28871,28881,10
12.9969902039,80.2164916992,28881,28892,11
12.9974002838,80.2162399292,28892,28902,10
12.9974298477,80.2162094116,28902,28912,10
12.9975996017,80.2161026001,28912,28922,10
12.9978504181,80.2158508301,28922,28932,10
12.9982795715,80.215423584,28932,28942,10
12.998840332,80.2149124146,28942,28952,10
12.9992198944,80.214630127,28952,28962,10
12.9996204376,80.214302063,28962,28972,10
12.9999399185,80.2140274048,28972,28982,10
13.0005302429,80.2135162354,28982,28992,10
13.0011396408,80.2129974365,28992,29002,10
13.001660347,80.2126235962,29002,29013,11
13.0021495819,80.2122802734,29013,29023,10
13.0028095245,80.2120895386,29023,29033,10
13.0035295486,80.2120437622,29033,29043,10
13.0042200089,80.2121124268,29043,29053,10
13.0048599243,80.2124633789,29053,29063,10
13.0057096481,80.212890625,29063,29073,10
13.0064601898,80.2127380371,29073,29083,10
13.0071296692,80.2127609253,29083,29093,10
13.0078802109,80.2130737305,29093,29133,40
13.0078802109,80.2130737305,29133,29144,11
13.0083599091,80.2133331299,29144,29154,10
13.0088195801,80.213760376,29154,29164,10
13.0093402863,80.2144622803,29164,29174,10
13.009759903,80.2150497437,29174,29184,10
13.0101299286,80.215637207,29184,29194,10
13.0107002258,80.2164764404,29194,29203,9
13.0109901428,80.2172088623,29203,29214,11
13.0113801956,80.2180328369,29214,29224,10
13.0117397308,80.2191009521,29224,29234,10
13.0121002197,80.2200927734,29234,29244,10
13.0123701096,80.2208709717,29244,29254,10
13.0125999451,80.2214508057,29254,29264,10
13.0129098892,80.2219467163,29264,29275,11
13.013420105,80.2225494385,29275,29285,10
13.0138597488,80.2231063843,29285,29295,10
13.0142297745,80.2236175537,29295,29305,10
13.014550209,80.224029541,29305,29315,10
13.015130043,80.2247009277,29315,29325,10
13.0153999329,80.224899292,29325,29335,10
13.0154895782,80.2249298096,29335,29345,10
13.0158004761,80.225227356,29345,29355,10
13.0164899826,80.2253112793,29355,29365,10
13.0173797607,80.2249984741,29365,29375,10
13.0184001923,80.2245864868,29375,29385,10
13.0196895599,80.2245025635,29385,29406,21
13.0196895599,80.2245025635,29406,29416,10
13.019780159,80.2246017456,29416,29426,10
13.0201396942,80.224861145,29426,29436,10
13.0207395554,80.2252807617,29436,29446,10
13.0214300156,80.2257995605,29446,29456,10
13.0221595764,80.22631073,29456,29466,10
13.0222902298,80.2264099121,29466,29476,10
13.0223903656,80.2265014648,29476,29486,10
13.0227499008,80.2268218994,29486,29496,10
13.0232696533,80.2273178101,29496,29506,10
13.0237598419,80.2277832031,29506,29516,10
13.0242595673,80.2283096313,29516,29527,11
13.0246801376,80.2288894653,29527,29537,10
13.0251197815,80.2294769287,29537,29547,10
13.0255699158,80.2300872803,29547,29557,10
13.0258798599,80.2306671143,29557,29567,10
13.0260400772,80.2311782837,29567,29577,10
13.0262804031,80.2312927246,29577,29587,10
13.027009964,80.2311172485,29587,29597,10
13.027879715,80.2309570313,29597,29607,10
13.0288000107,80.2308731079,29607,29617,10
13.029540062,80.2307891846,29617,29627,10
13.0300102234,80.23072052,29627,29637,10
13.0305900574,80.230682373,29637,29653,16
13.0310297012,80.2306594849,29653,29666,13
13.0318403244,80.2306213379,29666,29676,10
13.0326900482,80.2305374146,29676,29685,9
13.0334596634,80.2304992676,29685,29696,11
13.0340900421,80.2304382324,29696,29706,10
13.0345201492,80.2303695679,29706,29736,30
13.0345201492,80.2303695679,29736,29746,10
13.0347700119,80.2303009033,29746,29756,10
13.0350198746,80.2301635742,29756,29766,10
13.0350999832,80.2300491333,29766,29776,10
13.0349397659,80.229850769,29776,29787,11
13.0345201492,80.2297592163,29787,29817,30
13.0342502594,80.2298202515,29817,29948,131
13.0342502594,80.2298202515,29948,29958,10
13.034119606,80.2301101685,29958,30280,322
13.034119606,80.2301101685,30280,30290,10
13.0341596603,80.2304000854,30290,30301,11
13.0340795517,80.230430603,30301,30311,10
13.0336704254,80.2304992676,30311,30321,10
13.0328798294,80.2305374146,30321,30331,10
13.0319004059,80.2306594849,30331,30341,10
13.0309801102,80.2307434082,30341,30351,10
13.0303201675,80.2307891846,30351,30360,9
13.0297899246,80.2308807373,30360,30391,31
13.0297899246,80.2308807373,30391,30401,10
13.0295801163,80.2308883667,30401,30411,10
13.0292100906,80.2309265137,30411,30421,10
13.0285596848,80.2310028076,30421,30432,11
13.0278701782,80.2311325073,30432,30442,10
13.0277500153,80.2315063477,30442,30452,10
13.0278196335,80.232208252,30452,30462,10
13.0278596878,80.2327880859,30462,30472,10
13.0273799896,80.2329483032,30472,30482,10
13.0269203186,80.233001709,30482,30492,10
13.0264701843,80.2328414917,30492,30502,10
13.0262203217,80.2322235107,30502,30512,10
13.02602005,80.2314910889,30512,30522,10
13.0251197815,80.2297363281,30522,30532,10
13.0251197815,80.2297363281,30532,30542,10
13.0248498917,80.2294235229,30542,30552,10
13.0247097015,80.2292480469,30552,30563,11
13.0245103836,80.2289581299,30563,30573,10
13.0242795944,80.2286224365,30573,30583,10
13.0238704681,80.2280807495,30583,30593,10
13.0233602524,80.2275619507,30593,30604,11
13.0231599808,80.2274780273,30604,30643,39
13.0231599808,80.2274780273,30643,30654,11
13.0228300095,80.2272567749,30654,30664,10
13.0225400925,80.2268218994,30664,30674,10
13.0219497681,80.2262496948,30674,30684,10
13.0212402344,80.225692749,30684,30695,11
13.0203399658,80.2250900269,30695,30705,10
13.0195398331,80.2245788574,30705,30715,10
13.0186500549,80.2245788574,30715,30725,10
13.0179004669,80.2248764038,30725,30735,10
13.0168800354,80.2253112793,30735,30744,9
13.0163202286,80.2255401611,30744,30755,11
13.0157003403,80.2257766724,30755,30765,10
13.0152797699,80.2259674072,30765,30775,10
13.015130043,80.2260131836,30775,30785,10
13.0144996643,80.2262573242,30785,30805,20
13.0144996643,80.2262573242,30805,30815,10
13.0142202377,80.2263336182,30815,30826,11
13.0136003494,80.2265472412,30826,30836,10
13.012840271,80.2268218994,30836,30846,10
13.0119600296,80.227180481,30846,30856,10
13.01101017,80.2275695801,30856,30866,10
13.0100297928,80.2279205322,30866,30876,10
13.009519577,80.2276763916,30876,30886,10
13.0096998215,80.2272491455,30886,30896,10
13.0099897385,80.2266082764,30896,30906,10
13.0103397369,80.2258377075,30906,30916,10
13.0107297897,80.2249603271,30916,30926,10
13.0111198425,80.2239837646,30926,30936,10
13.011469841,80.2230911255,30936,30947,11
13.0117998123,80.2220993042,30947,30956,9
13.0120601654,80.2213821411,30956,30967,11
13.012140274,80.2209320068,30967,30977,10
13.0119199753,80.2202224731,30977,30987,10
13.0116901398,80.2195205688,30987,30997,10
13.0114603043,80.218788147,30997,31007,10
13.011179924,80.2179870605,31007,31017,10
13.0108995438,80.2172698975,31017,31027,10
13.0105800629,80.2165985107,31027,31037,10
13.0101995468,80.2159500122,31037,31047,10
13.0098600388,80.2152404785,31047,31057,10
13.0094804764,80.2147369385,31057,31067,10
13.0089597702,80.2140197754,31067,31078,11
13.0082101822,80.2133407593,31078,31108,30
13.0082101822,80.2133407593,31108,31118,10
13.0080900192,80.2132797241,31118,31128,10
13.0079402924,80.2132034302,31128,31137,9
13.0078296661,80.2131118774,31137,31147,10
13.0075397491,80.2128982544,31147,31158,11
13.0073299408,80.2128372192,31158,31168,10
13.0069503784,80.2127685547,31168,31178,10
13.006310463,80.2128829956,31178,31188,10
13.0056295395,80.2129211426,31188,31198,10
13.0049200058,80.2124710083,31198,31209,11
13.0040597916,80.2121429443,31209,31219,10
13.0034399033,80.2121429443,31219,31229,10
13.0030498505,80.212097168,31229,31239,10
13.0025997162,80.2121734619,31239,31249,10
13.0021600723,80.2123718262,31249,31259,10
13.0018396378,80.2126083374,31259,31269,10
13.0014200211,80.2128829956,31269,31279,10
13.0011196136,80.2131195068,31279,31289,10
13.0007801056,80.213432312,31289,31298,9
13.0002803802,80.2139587402,31298,31309,11
12.9997396469,80.2143936157,31309,31319,10
12.9992198944,80.2147827148,31319,31330,11
12.9988698959,80.2150726318,31330,31339,9
12.9985799789,80.2152404785,31339,31351,12
12.9975404739,80.2162475586,31351,31411,60
12.9975404739,80.2162475586,31411,31421,10
12.9972200394,80.2165908813,31421,31431,10
12.9968795776,80.2165679932,31431,31441,10
12.9962596893,80.2167510986,31441,31451,10
12.9954004288,80.2169876099,31451,31462,11
12.9945001602,80.217590332,31462,31472,10
12.9938001633,80.2180709839,31472,31482,10
12.9930095673,80.2186279297,31482,31492,10
12.9922199249,80.21925354,31492,31502,10
12.991519928,80.2197570801,31502,31512,10
12.9910097122,80.220123291,31512,31522,10
12.9907598495,80.2202529907,31522,31532,10
12.990530014,80.2204437256,31532,31542,10
12.9901800156,80.2208328247,31542,31552,10
12.9894399643,80.2213973999,31552,31562,10
12.9890098572,80.2220077515,31562,31572,10
12.9884901047,80.2226104736,31572,31582,10
12.9879598618,80.2230911255,31582,31593,11
12.9873504639,80.2230911255,31593,31633,40
12.9873504639,80.2230911255,31633,31643,10
12.9869403839,80.2230911255,31643,31653,10
12.9864301682,80.2230606079,31653,31663,10
12.9856901169,80.2231521606,31663,31673,10
12.985250473,80.2233505249,31673,31683,10
12.9846496582,80.2230529785,31683,31693,10
12.9843196869,80.2228393555,31693,31703,10
12.9840698242,80.2227020264,31703,31713,10
12.9833698273,80.2222824097,31713,31734,21
12.9833698273,80.2222824097,31734,31744,10
12.98320961,80.22215271,31744,31754,10
12.9829101563,80.2219772339,31754,31764,10
12.9825801849,80.2218399048,31764,31774,10
12.9822998047,80.2217712402,31774,31784,10
12.9817304611,80.2213821411,31784,31794,10
12.9810495377,80.2210769653,31794,31804,10
12.9803600311,80.2212219238,31804,31814,10
12.9793701172,80.2211990356,31814,31824,10
12.9786596298,80.2211608887,31824,31834,10
12.9780797958,80.2211990356,31834,31844,10
12.977519989,80.2211685181,31844,31854,10
12.9768199921,80.221206665,31854,31865,11
12.9763202667,80.2212600708,31865,31875,10
12.9757499695,80.2211227417,31875,31905,30
12.9757499695,80.2211227417,31905,31915,10
12.9756202698,80.2210388184,31915,31925,10
12.9754896164,80.2209320068,31925,31935,10
12.9752702713,80.2207794189,31935,31945,10
12.9747400284,80.2205276489,31945,31955,10
12.9741201401,80.2202606201,31955,31965,10
12.9735803604,80.2200317383,31965,31975,10
12.9729404449,80.2197265625,31975,31986,11
12.9721803665,80.2194824219,31986,32002,16
12.9712600708,80.2192001343,32002,32024,22
12.9712600708,80.2192001343,32024,32033,9
12.9710903168,80.2191390991,32033,32044,11
12.9706602097,80.2189483643,32044,32054,10
12.9705495834,80.2188873291,32054,32064,10
12.9701404572,80.218711853,32064,32074,10
12.9696998596,80.218536377,32074,32084,10
12.9692602158,80.2183685303,32084,32094,10
12.9688301086,80.2182006836,32094,32105,11
12.9683599472,80.2180175781,32105,32116,11
12.9678897858,80.2178268433,32116,32126,10
12.9674501419,80.2176513672,32126,32136,10
12.9667196274,80.2173690796,32136,32146,10
12.9658298492,80.2170181274,32146,32156,10
12.9648704529,80.2166290283,32156,32166,10
12.9642095566,80.2163619995,32166,32176,10
12.9638996124,80.2162094116,32176,32186,10
12.9635601044,80.2160568237,32186,32196,10
12.9631299973,80.2158813477,32196,32206,10
12.9626903534,80.2156982422,32206,32216,10
12.9620399475,80.2154388428,32216,32226,10
12.9612998962,80.2151489258,32226,32236,10
12.9605302811,80.2148284912,32236,32247,11
12.9596595764,80.2144775391,32247,32257,10
12.9589796066,80.2141876221,32257,32267,10
12.9581604004,80.2138595581,32267,32277,10
12.9572896957,80.2135162354,32277,32287,10
12.9566001892,80.2132492065,32287,32297,10
12.9557695389,80.2129516602,32297,32307,10
12.9548997879,80.2126235962,32307,32317,10
12.954460144,80.2124404907,32317,32327,10
12.9539699554,80.2122268677,32327,32337,10
12.953619957,80.212097168,32337,32347,10
12.9534597397,80.212020874,32347,32357,10
12.9531402588,80.2118988037,32357,32367,10
12.9525203705,80.2116699219,32367,32378,11
12.9517002106,80.2113418579,32378,32388,10
12.9509000778,80.2110290527,32388,32398,10
12.9498500824,80.2106170654,32398,32408,10
12.9489898682,80.2102890015,32408,32418,10
12.9481801987,80.2099685669,32418,32428,10
12.9471702576,80.2095489502,32428,32438,10
12.9460697174,80.2091217041,32438,32448,10
12.9450397491,80.2087173462,32448,32458,10
12.944319725,80.208442688,32458,32468,10
12.9442596436,80.2084274292,32468,32478,10
12.9440498352,80.2083282471,32478,32488,10
12.9435501099,80.2080993652,32488,32499,11
12.9429101944,80.2076034546,32499,32509,10
12.9425697327,80.2071533203,32509,32519,10
12.9420700073,80.2066726685,32519,32529,10
12.9415998459,80.2063293457,32529,32538,9
12.9413003922,80.2061386108,32538,32549,11
12.9412403107,80.2061233521,32549,32559,10
12.9411096573,80.2060394287,32559,32569,10
12.9408798218,80.2059326172,32569,32579,10
12.9404602051,80.2058029175,32579,32589,10
12.9398899078,80.2056274414,32589,32599,10
12.9392204285,80.2054290771,32599,32601,2
12.9392204285,80.2054290771,32601,32648,47
12.936340332,80.2045974731,32648,32658,10
12.9356203079,80.2043762207,32658,32668,10
12.9349803925,80.2041015625,32668,32678,10
12.9341001511,80.2039794922,32678,32688,10
12.9338197708,80.203956604,32688,32698,10
12.9336996078,80.2039489746,32698,32708,10
12.933259964,80.2038574219,32708,32718,10
12.9326601028,80.2035827637,32718,32728,10
12.9319000244,80.203338623,32728,32740,12
12.9308700562,80.2030029297,32740,32750,10
12.929980278,80.2028579712,32750,32760,10
12.9295196533,80.2027893066,32760,32770,10
12.9294900894,80.2027816772,32770,32780,10
12.9291496277,80.2027130127,32780,32791,11
12.9286403656,80.2026290894,32791,32800,9
12.9284696579,80.2022628784,32800,32811,11
12.928440094,80.2015762329,32811,32821,10
12.9284095764,80.200630188,32821,32831,10
12.9282598495,80.1996612549,32831,32841,10
12.9278697968,80.1987533569,32841,32851,10
12.9273099899,80.1980514526,32851,32861,10
12.9265003204,80.1976394653,32861,32871,10
12.9258203506,80.1975479126,32871,32881,10
12.9254102707,80.1975479126,32881,32892,11
12.9249000549,80.1975402832,32892,32902,10
12.9241695404,80.197517395,32902,32912,10
12.9233999252,80.197479248,32912,32922,10
12.9228200912,80.1973876953,32922,32932,10
12.9221601486,80.1973266602,32932,32942,10
12.9220199585,80.1972885132,32942,32952,10
12.9216499329,80.1971588135,32952,32962,10
12.9212503433,80.1970291138,32962,32972,10
12.9208803177,80.1969070435,32972,32982,10
12.9202604294,80.1967010498,32982,32992,10
12.9195804596,80.1964416504,32992,33002,10
12.9189996719,80.1959915161,33002,33012,10
12.9183797836,80.1954498291,33012,33023,11
12.9175901413,80.1947402954,33023,33033,10
12.917140007,80.1941986084,33033,33063,30
12.917140007,80.1941986084,33063,33073,10
12.9170598984,80.1938705444,33073,33083,10
12.9170198441,80.1932907104,33083,33093,10
12.9170999527,80.1926116943,33093,33103,10
12.917140007,80.1923370361,33103,33113,10
12.9172000885,80.1919403076,33113,33123,10
12.91726017,80.1914367676,33123,33154,31
12.91726017,80.1914367676,33154,33164,10
12.917309761,80.1911773682,33164,33174,10
12.9173402786,80.1907577515,33174,33184,10
12.9173803329,80.1902008057,33184,33194,10
12.917550087,80.1895370483,33194,33210,16
12.9181604385,80.1885223389,33210,33222,12
12.9187402725,80.1878814697,33222,33232,10
12.919260025,80.187286377,33232,33242,10
12.9197902679,80.1866912842,33242,33252,10
12.9202804565,80.1861190796,33252,33262,10
12.9205598831,80.1853790283,33262,33272,10
12.9204101563,80.1847305298,33272,33283,11
12.9202299118,80.1841430664,33283,33293,10
12.9201002121,80.1834182739,33293,33303,10
12.9199104309,80.1826095581,33303,33323,20
12.9199104309,80.1826095581,33323,33333,10
12.9199199677,80.1825180054,33333,33343,10
12.919839859,80.1821517944,33343,33352,9
12.9196996689,80.1815414429,33352,33362,10
12.9195203781,80.1807479858,33362,33372,10
12.9193296432,80.1798706055,33372,33383,11
12.9189300537,80.1790618896,33383,33393,10
12.918419838,80.1783370972,33393,33403,10
12.9181995392,80.1774368286,33403,33414,11
12.9183797836,80.1764221191,33414,33424,10
12.9186201096,80.1754684448,33424,33434,10
12.9188699722,80.1744003296,33434,33444,10
12.9191598892,80.1732406616,33444,33454,10
12.9194402695,80.1721725464,33454,33464,10
12.9196996689,80.1712265015,33464,33474,10
12.9197902679,80.1709213257,33474,33483,9
12.9198303223,80.1708374023,33483,33494,11
12.9199800491,80.1703796387,33494,33504,10
12.9202404022,80.1695404053,33504,33514,10
12.9205303192,80.1685791016,33514,33524,10
12.9208297729,80.16771698,33524,33534,10
12.9211397171,80.1667480469,33534,33545,11
12.921500206,80.1656265259,33545,33555,10
12.9218301773,80.1646194458,33555,33565,10
12.9221096039,80.1636581421,33565,33575,10
12.922249794,80.1631698608,33575,33585,10
12.9223499298,80.162902832,33585,33595,10
12.9225196838,80.1623382568,33595,33605,10
12.9227600098,80.1616210938,33605,33615,10
12.9230203629,80.1607971191,33615,33625,10
12.9231004715,80.1605377197,33625,33635,10
12.9231395721,80.1604309082,33635,33645,10
12.9232797623,80.1599502563,33645,33655,10
12.9233703613,80.1591415405,33655,33665,10
12.9234895706,80.1580505371,33665,33676,11
12.9235801697,80.1569824219,33676,33686,10
12.9236698151,80.1562271118,33686,33696,10
12.923500061,80.1553192139,33696,33706,10
12.9233999252,80.1549835205,33706,33716,10
12.9233798981,80.1548690796,33716,33726,10
12.9232997894,80.1544265747,33726,33736,10
12.923119545,80.1537399292,33736,33746,10
12.9229097366,80.1529006958,33746,33756,10
12.9226999283,80.1520614624,33756,33793,37
12.9226999283,80.1520614624,33793,33805,12
12.9227399826,80.1519699097,33805,33815,10
12.9227104187,80.1515579224,33815,33825,10
12.9226799011,80.150932312,33825,33834,9
12.922659874,80.1501922607,33834,33845,11
12.9226398468,80.1493530273,33845,33855,10
12.9225997925,80.1484069824,33855,33865,10
12.9225702286,80.1476135254,33865,33874,9
12.9225797653,80.1467895508,33874,33884,10
12.9225597382,80.1458206177,33884,33895,11
12.9225101471,80.1447601318,33895,33905,10
12.9224901199,80.1439437866,33905,33914,9
12.9224596024,80.1435470581,33914,33926,12
12.9224700928,80.1433563232,33926,33936,10
12.9224395752,80.1429595947,33936,33946,10
12.9224500656,80.1426086426,33946,33956,10
12.9224395752,80.1420822144,33956,33966,10
12.9224004745,80.1416015625,33966,33976,10
12.9224004745,80.1415176392,33976,33986,10
12.9224100113,80.1414794922,33986,33996,10
12.9224004745,80.1413192749,33996,34006,10
12.9223899841,80.140838623,34006,34016,10
12.9224004745,80.1405487061,34016,34026,10
12.922419548,80.1402435303,34026,34036,10
12.9224100113,80.1396484375,34036,34046,10
12.9224796295,80.1379089355,34046,34057,11
12.9224796295,80.1379089355,34057,34073,16
12.922539711,80.1364364624,34073,34085,12
12.9225702286,80.1352615356,34085,34095,10
12.9226198196,80.1342697144,34095,34104,9
12.922659874,80.1333007813,34104,34113,9
12.922659874,80.1326370239,34113,34125,12
12.9226903915,80.1318817139,34125,34135,10
12.9226999283,80.1313400269,34135,34145,10
12.9227104187,80.131187439,34145,34155,10
12.9227399826,80.1306686401,34155,34165,10
12.9227600098,80.1300811768,34165,34175,10
12.9228000641,80.1295013428,34175,34185,10
12.9228401184,80.128868103,34185,34195,10
12.9228601456,80.1283493042,34195,34207,12
12.9229001999,80.1277389526,34207,34217,10
12.9229297638,80.1270217896,34217,34227,10
12.9229297638,80.1261367798,34227,34237,10
12.9229803085,80.125289917,34237,34247,10
12.9230203629,80.124382019,34247,34256,9
12.9230499268,80.1234436035,34256,34267,11
12.9230899811,80.1222076416,34267,34277,10
12.9231395721,80.1212234497,34277,34287,10
12.9231700897,80.1205368042,34287,34318,31
12.9231700897,80.1205368042,34318,34328,10
12.9232196808,80.1203384399,34328,34338,10
12.9232501984,80.1199035645,34338,34348,10
12.9232797623,80.1192169189,34348,34358,10
12.9232597351,80.118637085,34358,34368,10
12.9233398438,80.1179122925,34368,34378,10
12.9234304428,80.1170806885,34378,35015,637
12.9235801697,80.1169128418,35015,35116,101
12.923500061,80.1168289185,35116,35136,20
12.923500061,80.1168289185,35136,35146,10
12.9236402512,80.1169281006,35146,35156,10
12.9235401154,80.1172180176,35156,35166,10
12.9235801697,80.1175537109,35166,35176,10
12.9236097336,80.1179428101,35176,35186,10
12.9235401154,80.1185302734,35186,35196,10
12.9234800339,80.119178772,35196,35206,10
12.9233999252,80.1197967529,35206,35216,10
12.923330307,80.1204376221,35216,35226,10
12.9232997894,80.1209182739,35226,35237,11
12.9233198166,80.121421814,35237,35761,524
12.9233198166,80.121421814,35761,35771,10
12.9233503342,80.1216201782,35771,35781,10
12.9232902527,80.1220779419,35781,35791,10
12.9232301712,80.1227874756,35791,35801,10
12.9231796265,80.123588562,35801,35811,10
12.923119545,80.1244735718,35811,35821,10
12.9230604172,80.1255111694,35821,35831,10
12.9230003357,80.1265182495,35831,35841,10
12.9229698181,80.1272735596,35841,35851,10
12.9229402542,80.1277313232,35851,35861,10
12.9229202271,80.1282196045,35861,35872,11
12.9228601456,80.1288223267,35872,35882,10
12.922829628,80.1293792725,35882,35892,10
12.9228000641,80.1299972534,35892,35902,10
12.9227800369,80.1306228638,35902,35912,10
12.9227895737,80.1309814453,35912,35922,10
12.9227800369,80.1311569214,35922,35932,10
12.9227800369,80.1314697266,35932,35942,10
12.9227600098,80.1320114136,35942,35952,10
12.9227199554,80.1326980591,35952,35962,10
12.9226799011,80.1335296631,35962,35972,10
12.9226198196,80.1346206665,35972,35982,10
12.9225702286,80.1356506348,35982,35992,10
12.9225196838,80.1367492676,35992,36003,11
12.9224500656,80.1378326416,36003,36013,10
12.9223804474,80.1389083862,36013,36023,10
12.922369957,80.1399993896,36023,36033,10
12.9223899841,80.1409835815,36033,36043,10
12.9224100113,80.1420822144,36043,36053,10
12.9224700928,80.142829895,36053,36063,10
12.9224901199,80.1430282593,36063,36073,10
12.9224796295,80.1434173584,36073,36083,10
12.9225101471,80.1437911987,36083,36093,10
12.9225196838,80.1438674927,36093,36103,10
12.9225196838,80.1443405151,36103,36119,16
12.9225902557,80.1457901001,36119,36132,13
12.9226303101,80.1470718384,36132,36142,10
12.9226398468,80.1474304199,36142,36152,10
12.9226503372,80.1478118896,36152,36162,10
12.9226198196,80.1484985352,36162,36172,10
12.922659874,80.149307251,36172,36182,10
12.9226799011,80.1504364014,36182,36192,10
12.9227399826,80.1514205933,36192,36202,10
12.9227895737,80.1523284912,36202,36212,10
12.922949791,80.1529312134,36212,36222,10
12.9231100082,80.1535797119,36222,36232,10
12.9233598709,80.1545333862,36232,36252,20
12.9233598709,80.1545333862,36252,36263,11
12.9234304428,80.1548233032,36263,36273,10
12.9235200882,80.1552886963,36273,36283,10
12.9236803055,80.1559677124,36283,36293,10
12.9236402512,80.1568222046,36293,36303,10
12.9235496521,80.1578521729,36303,36313,10
12.9234600067,80.1588516235,36313,36323,10
12.9233903885,80.1597518921,36323,36339,16
12.9233102798,80.1603164673,36339,36351,12
12.9232597351,80.1604766846,36351,36362,11
12.9231004715,80.160949707,36362,36371,9
12.9228801727,80.1616516113,36371,36382,11
12.9225797653,80.1625366211,36382,36393,11
12.9222698212,80.1635437012,36393,36403,10
12.9219999313,80.1642990112,36403,36413,10
12.9217195511,80.1652832031,36413,36422,9
12.9215097427,80.1660614014,36422,36433,11
12.9212198257,80.1669769287,36433,36443,10
12.9210996628,80.1673812866,36443,36452,9
12.9209604263,80.1678695679,36452,36463,11
12.9208498001,80.1681213379,36463,36473,10
12.9207696915,80.1682815552,36473,36483,10
12.9205999374,80.1688995361,36483,36493,10
12.9203500748,80.169631958,36493,36503,10
12.9200897217,80.170539856,36503,36513,10
12.9199495316,80.1709976196,36513,36524,11
12.9199104309,80.1710891724,36524,36534,10
12.9198198318,80.171257019,36534,36544,10
12.9196996689,80.1716995239,36544,36554,10
12.9195203781,80.1724014282,36554,36564,10
12.9193096161,80.1732330322,36564,36574,10
12.9190502167,80.1741485596,36574,36584,10
12.918800354,80.1752090454,36584,36594,10
12.9184904099,80.1761932373,36594,36604,10
12.9183197021,80.1772384644,36604,36614,10
12.9184799194,80.1783218384,36614,36624,10
12.9190797806,80.1791229248,36624,36634,10
12.9194803238,80.1801300049,36634,36644,10
12.9197101593,80.1812591553,36644,36655,11
12.9199895859,80.1824417114,36655,36665,10
12.9202003479,80.1833114624,36665,36675,10
12.9203596115,80.1840667725,36675,36685,10
12.9205198288,80.1848220825,36685,36695,10
12.9205999374,80.1853027344,36695,36705,10
12.9205999374,80.1853103638,36705,36715,10
12.920630455,80.1854934692,36715,36725,10
12.9206199646,80.1858596802,36725,36741,16
12.9199304581,80.1867218018,36741,36753,12
12.919260025,80.1874771118,36753,36761,8
12.9188604355,80.1879730225,36761,36773,12
12.9182596207,80.1886520386,36773,36784,11
12.9177598953,80.1893386841,36784,36794,10
12.9175395966,80.1901092529,36794,36804,10
12.9174203873,80.1909103394,36804,36814,10
12.9173002243,80.1917419434,36814,36824,10
12.9172296524,80.1921920776,36824,36834,10
12.9171600342,80.1925964355,36834,36844,10
12.9171199799,80.1930999756,36844,36864,20
12.9171199799,80.1930999756,36864,36874,10
12.917090416,80.1932601929,36874,36884,10
12.9170799255,80.1936035156,36884,36894,10
12.9171495438,80.1940002441,36894,36904,10
12.917429924,80.1945037842,36904,36915,11
12.9180603027,80.1950912476,36915,36925,10
12.9186201096,80.195602417,36925,36935,10
12.9191999435,80.1961135864,36935,36945,10
12.9198703766,80.1964569092,36945,36955,10
12.9207201004,80.196762085,36955,36965,10
12.9214696884,80.1970214844,36965,36975,10
12.922419548,80.1972808838,36975,36985,10
12.9233999252,80.1974105835,36985,36995,10
12.9240999222,80.1974563599,36995,37005,10
12.9249200821,80.1974563599,37005,37015,10
12.9252996445,80.1974487305,37015,37025,10
12.9256601334,80.1974563599,37025,37035,10
12.9263296127,80.1975326538,37035,37046,11
12.9268703461,80.1977005005,37046,37056,10
12.9274396896,80.1980514526,37056,37066,10
12.9279203415,80.1986236572,37066,37076,10
12.92827034,80.1993713379,37076,37086,10
12.9284601212,80.2001190186,37086,37096,10
12.9285001755,80.2008590698,37096,37106,10
12.9285402298,80.2016830444,37106,37116,10
12.9285802841,80.2024078369,37116,37126,10
12.9291000366,80.2027130127,37126,37136,10
12.9298400879,80.202796936,37136,37146,10
12.9308004379,80.2029418945,37146,37156,10
12.9316797256,80.2032012939,37156,37166,10
12.9324502945,80.203453064,37166,37177,11
12.9330596924,80.2036514282,37177,37187,10
12.9335699081,80.2038269043,37187,37197,10
12.9339599609,80.2038726807,37197,37207,10
12.9339704514,80.2038726807,37207,37217,10
12.9341001511,80.2038803101,37217,37227,10
12.9345197678,80.2039337158,37227,37237,10
12.9352302551,80.2040786743,37237,37247,10
12.9357795715,80.2043533325,37247,37257,10
12.9358797073,80.2043685913,37257,37267,10
12.9362697601,80.2044906616,37267,37277,10
12.9369401932,80.2046737671,37277,37287,10
12.9376096725,80.2048721313,37287,37297,10
12.9382400513,80.205039978,37297,37308,11
12.9389400482,80.2052536011,37308,37318,10
12.9397602081,80.2055130005,37318,37328,10
12.9401102066,80.2056121826,37328,37338,10
12.9402799606,80.2056808472,37338,37348,10
12.9407997131,80.2058486938,37348,37358,10
12.9414396286,80.2061462402,37358,37368,10
12.9420900345,80.2066268921,37368,37378,10
12.9425497055,80.2070236206,37378,37388,10
12.9428100586,80.207321167,37388,37398,10
12.9431695938,80.2078170776,37398,37408,10
12.943570137,80.2080535889,37408,37418,10
12.9438400269,80.2081375122,37418,37428,10
12.9442796707,80.2082824707,37428,37449,21
12.9442796707,80.2082824707,37449,37459,10
12.9443702698,80.2083435059,37459,37469,10
12.9447898865,80.2084884644,37469,37479,10
12.9454803467,80.2087173462,37479,37489,10
12.9462404251,80.2090301514,37489,37499,10
12.9469604492,80.2093200684,37499,37509,10
12.9475898743,80.2095718384,37509,37519,10
12.9481697083,80.2097930908,37519,37529,10
12.9488401413,80.2100601196,37529,37539,10
12.949760437,80.2104263306,37539,37549,10
12.9508399963,80.2108612061,37549,37559,10
12.951789856,80.2112503052,37559,37570,11
12.9527397156,80.2116088867,37570,37580,10
12.9534301758,80.2119064331,37580,37590,10
12.9541501999,80.2121963501,37590,37600,10
12.9550695419,80.2125701904,37600,37610,10
12.9560403824,80.2129364014,37610,37620,10
12.9569396973,80.2132720947,37620,37630,10
12.9577302933,80.2136001587,37630,37640,10
12.9589395523,80.2140808105,37640,37650,10
12.9594402313,80.214302063,37650,37660,10
12.95952034,80.2143096924,37660,37670,10
12.9598903656,80.2144699097,37670,37680,10
12.9605302811,80.2147064209,37680,37690,10
12.9613103867,80.2150268555,37690,37701,11
12.9623098373,80.2154083252,37701,37711,10
12.963060379,80.2157211304,37711,37721,10
12.9636602402,80.2159576416,37721,37731,10
12.9641504288,80.2162017822,37731,37741,10
12.964799881,80.216468811,37741,37750,9
12.9654197693,80.2167205811,37750,37760,10
12.9659795761,80.2169494629,37760,37771,11
12.9663200378,80.2170562744,37771,37781,10
12.9667901993,80.2172317505,37781,37791,10
12.9672203064,80.2173995972,37791,37801,10
12.9676399231,80.2175979614,37801,37811,10
12.968000412,80.2177429199,37811,37821,10
12.9685096741,80.2179412842,37821,37832,11
12.9693698883,80.2182693481,37832,37842,10
12.9702100754,80.2185821533,37842,37852,10
12.9708795547,80.2188415527,37852,37862,10
12.9712600708,80.218963623,37862,37872,10
12.9713201523,80.2189865112,37872,37882,10
12.9716701508,80.2191467285,37882,37892,10
12.9722499847,80.2193984985,37892,37902,10
12.972869873,80.219619751,37902,37912,10
12.97315979,80.2197189331,37912,37922,10
12.9733400345,80.2198104858,37922,37993,71
12.9733400345,80.2198104858,37993,38003,10
12.9735202789,80.2198486328,38003,38013,10
12.9736604691,80.2199172974,38013,38023,10
12.9738702774,80.2200164795,38023,38033,10
12.9741802216,80.2201385498,38033,38043,10
12.9746999741,80.2203598022,38043,38053,10
12.9754104614,80.2206115723,38053,38104,51
12.9754104614,80.2206115723,38104,38114,10
12.9756097794,80.2207870483,38114,38124,10
12.9757499695,80.2209396362,38124,38134,10
12.9760103226,80.2211380005,38134,38154,20
12.9760103226,80.2211380005,38154,38164,10
12.9763202667,80.2212219238,38164,38174,10
12.9766998291,80.2212219238,38174,38184,10
12.977230072,80.2211990356,38184,38194,10
12.9778404236,80.2211685181,38194,38204,10
12.9784498215,80.2211303711,38204,38214,10
12.9791498184,80.2210998535,38214,38225,11
12.9799499512,80.2210388184,38225,38235,10
12.9806098938,80.2209777832,38235,38245,10
12.981180191,80.2210388184,38245,38255,10
12.9816102982,80.221321106,38255,38265,10
12.9819898605,80.2215270996,38265,38275,10
12.982460022,80.2217178345,38275,38285,10
12.9827899933,80.2218399048,38285,38295,10
12.9829301834,80.2219085693,38295,38305,10
12.983039856,80.2219772339,38305,38315,10
12.9832801819,80.22215271,38315,38331,16
12.9835796356,80.2223434448,38331,38343,12
12.9840898514,80.222618103,38343,38351,8
12.9843702316,80.2227935791,38351,38363,12
12.984919548,80.2230911255,38363,38374,11
12.9854097366,80.2231521606,38374,38384,10
12.9859600067,80.2229309082,38384,38393,9
12.9865999222,80.2229309082,38393,38404,11
12.9870500565,80.2229995728,38404,38414,10
12.9872198105,80.2230300903,38414,38423,9
12.9874801636,80.2230300903,38423,38434,11
12.9879302979,80.2228622437,38434,38444,10
12.9885196686,80.2224197388,38444,38454,10
12.9889802933,80.2219314575,38454,38464,10
12.9894895554,80.2212677002,38464,38474,10
12.9901599884,80.2205581665,38474,38485,11
12.9904403687,80.2203216553,38485,38495,10
12.9906196594,80.220199585,38495,38505,10
12.9909000397,80.2199478149,38505,38515,10
12.9913797379,80.2195968628,38515,38525,10
12.9919395447,80.2191772461,38525,38535,10
12.9925699234,80.2187423706,38535,38545,10
12.9932603836,80.218208313,38545,38555,10
12.9939498901,80.2177429199,38555,38565,10
12.9944801331,80.2173614502,38565,38575,10
12.9948396683,80.2170791626,38575,38585,10
12.9950704575,80.2169418335,38585,38595,10
12.9956102371,80.2166900635,38595,38605,10
12.9962797165,80.2165298462,38605,38616,11
12.997010231,80.2164535522,38616,38626,10
12.9973897934,80.216217041,38626,38636,10
12.997759819,80.2158203125,38636,38646,10
12.9982500076,80.2153396606,38646,38656,10
12.9987602234,80.2148590088,38656,38666,10
12.9990797043,80.2146072388,38666,38676,10
12.9994802475,80.2142791748,38676,38686,10
12.9998502731,80.2140197754,38686,38696,10
13.00041008,80.2134780884,38696,38706,10
13.0008497238,80.2131118774,38706,38716,10
13.0012397766,80.2128372192,38716,38726,10
13.001250267,80.2128372192,38726,38736,10
13.0014095306,80.2127380371,38736,38747,11
13.0017499924,80.2125015259,38747,38757,10
13.0022602081,80.2122116089,38757,38767,10
13.0027999878,80.2120895386,38767,38777,10
13.0034103394,80.2120513916,38777,38787,10
13.0037603378,80.2119903564,38787,38797,10
13.0041999817,80.212097168,38797,38807,10
13.0047903061,80.212348938,38807,38817,10
13.0053796768,80.2126617432,38817,38827,10
13.006070137,80.2127990723,38827,38837,10
13.006819725,80.2126922607,38837,38847,10
13.0074901581,80.2127685547,38847,38857,10
13.0078201294,80.2129592896,38857,38884,27
13.0078201294,80.2129592896,38884,38896,12
13.0082902908,80.2132492065,38896,38905,9
13.008649826,80.2135162354,38905,38915,10
13.0091896057,80.2142562866,38915,38926,11
13.0095996857,80.2148895264,38926,38936,10
13.0099096298,80.2152175903,38936,38946,10
13.010219574,80.2157592773,38946,38956,10
13.0106801987,80.2163772583,38956,38966,10
13.0108699799,80.2169113159,38966,38976,10
13.0111198425,80.2176971436,38976,38986,10
13.0116100311,80.218788147,38986,38996,10
13.0119695663,80.2199020386,38996,39007,11
13.0122404099,80.2206268311,39007,39017,10
13.0124702454,80.2212905884,39017,39027,10
13.0125303268,80.2214126587,39027,39038,11
13.0126304626,80.2215805054,39038,39048,10
13.0128898621,80.2219085693,39048,39057,9
13.0131702423,80.2222290039,39057,39068,11
13.0134000778,80.2225799561,39068,39078,10
13.0137796402,80.2230834961,39078,39088,10
13.0138902664,80.2232131958,39088,39098,10
13.0141096115,80.2234420776,39098,39108,10
13.0142602921,80.2235794067,39108,39118,10
13.0144195557,80.2236785889,39118,39128,10
13.0147800446,80.2240219116,39128,39138,10
13.0152301788,80.2246170044,39138,39149,11
13.0152702332,80.2247009277,39149,39159,10
13.0154304504,80.2248764038,39159,39169,10
13.0157003403,80.2251586914,39169,39179,10
13.0163202286,80.2253112793,39179,39189,10
13.0170698166,80.2250976563,39189,39199,10
13.0179004669,80.2247619629,39199,39209,10
13.0187597275,80.2244186401,39209,39219,10
13.0192403793,80.2243804932,39219,39228,9
13.0196304321,80.2245178223,39228,39280,52
13.0196304321,80.2245178223,39280,39290,10
13.0198097229,80.2245788574,39290,39300,10
13.020070076,80.2247390747,39300,39310,10
13.0203304291,80.2249603271,39310,39320,10
13.0204401016,80.2250595093,39320,39330,10
13.0206804276,80.2252197266,39330,39340,10
13.0209703445,80.2254486084,39340,39350,10
13.0211696625,80.2256317139,39350,39360,10
13.0212697983,80.2257537842,39360,39370,10
13.0215396881,80.2259216309,39370,39380,10
13.0218400955,80.2260665894,39380,39391,11
13.0218601227,80.2260665894,39391,39401,10
13.0221004486,80.2262496948,39401,39411,10
13.0222997665,80.2264099121,39411,39431,20
13.0222997665,80.2264099121,39431,39441,10
13.022649765,80.2267608643,39441,39481,40
13.022649765,80.2267608643,39481,39491,10
13.0228796005,80.2270507813,39491,39501,10
13.0230197906,80.227180481,39501,39511,10
13.0231399536,80.2273101807,39511,39521,10
13.0233001709,80.2274169922,39521,39532,11
13.0236196518,80.2276611328,39532,39562,30
13.0236196518,80.2276611328,39562,39572,10
13.0238895416,80.2278366089,39572,39581,9
13.0240001678,80.2279586792,39581,39592,11
13.0241298676,80.2281417847,39592,39602,10
13.0242595673,80.2283782959,39602,39612,10
13.0244102478,80.228553772,39612,39622,10
13.0245504379,80.2287063599,39622,39632,10
13.0246896744,80.2289428711,39632,39642,10
13.0249795914,80.229309082,39642,39653,11
13.0253601074,80.2297821045,39653,39663,10
13.0256795883,80.23021698,39663,39693,30
13.0256795883,80.23021698,39693,39703,10
13.0257997513,80.23046875,39703,39713,10
13.0259199142,80.2308425903,39713,39723,10
13.0260000229,80.2310714722,39723,39733,10
13.0260801315,80.231338501,39733,39743,10
13.0264396667,80.2312393188,39743,39753,10
13.0271596909,80.2310562134,39753,39763,10
13.027680397,80.2309570313,39763,39773,10
13.0278501511,80.2309570313,39773,39784,11
13.0280399323,80.2309188843,39784,39794,10
13.0283098221,80.2308578491,39794,39803,9
13.0286903381,80.2308120728,39803,39834,31
13.0290002823,80.2309036255,39834,39864,30
13.0290002823,80.2309036255,39864,39874,10
13.0292596817,80.2309036255,39874,39884,10
13.0294599533,80.2308502197,39884,39904,20
13.0294599533,80.2308502197,39904,39915,11
13.0298204422,80.2307815552,39915,39925,10
13.0299797058,80.2307662964,39925,39935,10
13.0304498672,80.2307128906,39935,39945,10
13.0310401917,80.2306594849,39945,39955,10
13.0316896439,80.2305831909,39955,39965,10
13.0324201584,80.2305297852,39965,39975,10
13.0331001282,80.2304992676,39975,39985,10
13.0333900452,80.2304763794,39985,39995,10
13.033490181,80.2304763794,39995,40005,10
13.0336904526,80.2304382324,40005,40015,10
13.0340003967,80.2304000854,40015,40025,10
13.0343399048,80.2303771973,40025,40035,10
13.0345401764,80.2303390503,40035,40052,17
13.0349197388,80.2301635742,40052,40064,12
13.0350599289,80.2299499512,40064,40074,10
13.0348901749,80.2298431396,40074,40084,10
13.0344696045,80.2297897339,40084,40144,60
13.0341501236,80.229888916,40144,40407,263
13.0341501236,80.229888916,40407,40417,10
13.0342102051,80.2302780151,40417,40427,10
13.0341596603,80.2304229736,40427,40438,11
13.0340299606,80.2304534912,40438,40448,10
13.0338401794,80.23046875,40448,40458,10
13.0335597992,80.2304763794,40458,40468,10
13.0330400467,80.2305374146,40468,40478,10
13.0324897766,80.2305984497,40478,40488,10
13.031920433,80.2306518555,40488,40498,10
13.031370163,80.230682373,40498,40508,10
13.0309095383,80.2307281494,40508,40518,10
13.030670166,80.2307662964,40518,40528,10
13.0302801132,80.2308120728,40528,40538,10
13.0300703049,80.2308197021,40538,40548,10
13.0297603607,80.2308578491,40548,40558,10
13.0293703079,80.2308883667,40558,40569,11
13.0288600922,80.2309188843,40569,40579,10
13.0284795761,80.2309494019,40579,40589,10
13.0279302597,80.2310180664,40589,40599,10
13.0277395248,80.2312698364,40599,40609,10
13.0277395248,80.2317428589,40609,40618,9
13.0278196335,80.2324829102,40618,40810,192
13.0278196335,80.2324829102,40810,40820,10
13.0278100967,80.2328262329,40820,40831,11
13.0276403427,80.2328567505,40831,40841,10
13.0274496078,80.2329025269,40841,40851,10
13.027179718,80.2329483032,40851,40861,10
13.026889801,80.2329788208,40861,40871,10
13.0265197754,80.2329788208,40871,40881,10
13.0262498856,80.2324829102,40881,40891,10
13.0260801315,80.2318267822,40891,40901,10
13.0259895325,80.2313766479,40901,40911,10
13.0258302689,80.2308425903,40911,40920,9
13.0255098343,80.23021698,40920,40931,11
13.0251903534,80.2297592163,40931,40940,9
13.0249500275,80.2294616699,40940,40951,11
13.0245895386,80.2289962769,40951,40962,11
13.0242996216,80.2286376953,40962,40972,10
13.0240001678,80.2283325195,40972,40982,10
13.0235204697,80.2277908325,40982,40992,10
13.0233297348,80.2276229858,40992,41002,10
13.0231599808,80.2274780273,41002,41012,10
13.0227098465,80.2270584106,41012,41022,10
13.0221204758,80.2264785767,41022,41032,10
13.0213403702,80.2258529663,41032,41042,10
13.0206003189,80.2252883911,41042,41052,10
13.0198898315,80.2248535156,41052,41072,20
13.0198898315,80.2248535156,41072,41082,10
13.0196800232,80.2247467041,41082,41093,11
13.0190200806,80.2245407104,41093,41102,9
13.0182104111,80.2247619629,41102,41113,11
13.017080307,80.2252197266,41113,41123,10
13.016289711,80.2255172729,41123,41133,10
13.0158395767,80.2256622314,41133,41143,10
13.0152397156,80.2258987427,41143,41153,10
13.0145797729,80.2261734009,41153,41163,10
13.0142498016,80.2262878418,41163,41173,10
13.0136404037,80.2264633179,41173,41183,10
13.0128803253,80.2267532349,41183,41193,10
13.0122299194,80.2269973755,41193,41203,10
13.011590004,80.2272567749,41203,41213,10
13.0108499527,80.2275390625,41213,41224,11
13.0099096298,80.227897644,41224,41234,10
13.009519577,80.2276229858,41234,41244,10
13.009759903,80.2270812988,41244,41254,10
13.0101203918,80.22631073,41254,41264,10
13.0104999542,80.2254562378,41264,41274,10
13.0108203888,80.2248077393,41274,41284,10
13.0109701157,80.2243270874,41284,41294,10
13.0112895966,80.2236099243,41294,41304,10
13.0115995407,80.2229232788,41304,41314,10
13.0118398666,80.2221679688,41314,41324,10
13.0121097565,80.2215499878,41324,41334,10
13.012169838,80.2210617065,41334,41351,17
13.011759758,80.2198181152,41351,41363,12
13.0114002228,80.2188110352,41363,41373,10
13.0111103058,80.2179107666,41373,41383,10
13.0107498169,80.2169570923,41383,41393,10
13.0102901459,80.2161178589,41393,41401,8
13.0100002289,80.2155227661,41401,41413,12
13.0093097687,80.2145080566,41413,41423,10
13.0087604523,80.2137680054,41423,41433,10
13.0082397461,80.2133636475,41433,41443,10
13.0081195831,80.2133026123,41443,41453,10
13.0079698563,80.2132263184,41453,41463,10
13.0078802109,80.2131271362,41463,41473,10
13.0076999664,80.2129821777,41473,41484,11
13.0071802139,80.2127914429,41484,41494,10
13.0064697266,80.2127609253,41494,41504,10
13.00578022,80.2129821777,41504,41514,10
13.0051002502,80.2125930786,41514,41524,10
13.0042896271,80.2122116089,41524,41534,10
13.0033197403,80.2121124268,41534,41544,10
13.0027399063,80.2121200562,41544,41554,10
13.0024204254,80.2121810913,41554,41564,10
13.0019798279,80.2124023438,41564,41574,10
13.0013999939,80.2127990723,41574,41584,10
13.0009403229,80.2131729126,41584,41594,10
13.0003995895,80.2136306763,41594,41604,10
12.9999103546,80.2141036987,41604,41615,11
12.9994401932,80.2145080566,41615,41625,10
12.9991703033,80.2147293091,41625,41635,10
12.9988203049,80.2150268555,41635,41645,10
12.9982795715,80.2155075073,41645,41655,10
12.9977197647,80.2159805298,41655,41665,10
12.9974098206,80.2163391113,41665,41675,10
12.9972200394,80.2164916992,41675,41692,17
12.9964103699,80.216583252,41692,41704,12
12.9955596924,80.2168197632,41704,41712,8
12.9950704575,80.2170791626,41712,41723,11
12.9946098328,80.217376709,41723,41734,11
12.9940299988,80.2178421021,41734,41744,10
12.9934101105,80.2182617188,41744,41755,11
12.9927501678,80.2187271118,41755,41765,10
12.9920396805,80.2192611694,41765,41775,10
12.9916200638,80.2195205688,41775,41785,10
12.9911899567,80.2198410034,41785,41795,10
12.9906396866,80.2202606201,41795,41805,10
12.9903898239,80.2204971313,41805,41813,8
12.9900398254,80.2208328247,41813,41825,12
12.9894304276,80.2215423584,41825,41835,10
12.9889802933,80.222038269,41835,41845,10
12.988409996,80.2226486206,41845,41856,11
12.9877300262,80.2230987549,41856,41865,9
12.9876203537,80.2231216431,41865,41877,12
12.9873399734,80.2231063843,41877,41887,10
12.9871101379,80.2230987549,41887,41897,10
12.9868803024,80.2230377197,41897,41907,10
12.9862499237,80.2230224609,41907,41917,10
12.9856395721,80.2231903076,41917,41927,10
12.9855203629,80.2232894897,41927,41937,10
12.9851198196,80.2232437134,41937,41947,10
12.9840898514,80.2227401733,41947,41977,30
12.9840898514,80.2227401733,41977,41987,10
12.9838399887,80.2225799561,41987,42008,21
12.9838399887,80.2225799561,42008,42018,10
12.9836597443,80.2224807739,42018,42028,10
12.9833202362,80.2222671509,42028,42068,40
12.9833202362,80.2222671509,42068,42078,10
12.983039856,80.2219772339,42078,42088,10
12.9827899933,80.2219009399,42088,42098,10
12.9826002121,80.2218170166,42098,42108,10
12.9821996689,80.2217025757,42108,42118,10
12.9818696976,80.2215118408,42118,42128,10
12.9812002182,80.221282959,42128,42139,11
12.9803199768,80.2211914063,42139,42149,10
12.9794502258,80.2212295532,42149,42159,10
12.9788503647,80.221206665,42159,42169,10
12.9784498215,80.2211608887,42169,42179,10
12.9777402878,80.2212371826,42179,42189,10
12.976940155,80.2212600708,42189,42199,10
12.9761400223,80.221321106,42199,42209,10
12.975859642,80.2212982178,42209,42219,10
12.9756803513,80.2210998535,42219,42239,20
12.9756803513,80.2210998535,42239,42249,10
12.9755496979,80.2210083008,42249,42259,10
12.9754199982,80.2208709717,42259,42270,11
12.9752597809,80.2207489014,42270,42280,10
12.9751501083,80.220741272,42280,42290,10
12.974729538,80.2205505371,42290,42300,10
12.9740104675,80.2202682495,42300,42310,10
12.973279953,80.2200012207,42310,42320,10
12.9723997116,80.2196502686,42320,42330,10
12.9714002609,80.2193374634,42330,42340,10
12.9708499908,80.2191314697,42340,42350,10
12.9706401825,80.219039917,42350,42360,10
12.970199585,80.2188262939,42360,42370,10
12.9695796967,80.2185668945,42370,42380,10
12.9688997269,80.2182998657,42380,42390,10
12.9682197571,80.2180175781,42390,42401,11
12.9674596786,80.2177124023,42401,42411,10
12.9666004181,80.2173690796,42411,42421,10
12.9654397964,80.2169036865,42421,42431,10
12.9641895294,80.2163696289,42431,42441,10
12.9631795883,80.2159194946,42441,42451,10
12.9621400833,80.2155075073,42451,42461,10
12.9610595703,80.2150878906,42461,42471,10
12.959980011,80.2146530151,42471,42481,10
12.9589395523,80.2142181396,42481,42491,10
12.9578504562,80.2137832642,42491,42501,10
12.9567804337,80.2133483887,42501,42511,10
12.9556798935,80.2129211426,42511,42522,11
12.954460144,80.2124633789,42522,42532,10
12.9534597397,80.2120513916,42532,42542,10
12.9524002075,80.2116165161,42542,42552,10
12.9513597488,80.2112197876,42552,42562,10
12.9502801895,80.2108001709,42562,42572,10
12.9492797852,80.2104110718,42572,42582,10
12.9483098984,80.2100219727,42582,42592,10
12.9471797943,80.2095794678,42592,42602,10
12.9460401535,80.2091293335,42602,42612,10
12.9450597763,80.208732605,42612,42622,10
12.9443597794,80.2084579468,42622,42632,10
12.9441795349,80.2083969116,42632,42642,10
12.9438400269,80.2082519531,42642,42652,10
12.9432296753,80.2079772949,42652,42662,10
12.9428501129,80.2076034546,42662,42673,11
12.9426202774,80.2072982788,42673,42683,10
12.9422998428,80.2069396973,42683,42693,10
12.9417495728,80.2064819336,42693,42703,10
12.9412603378,80.206161499,42703,42713,10
12.9407501221,80.2059173584,42713,42723,10
12.9403400421,80.2057876587,42723,42733,10
12.9398899078,80.205657959,42733,42743,10
12.9394302368,80.2055282593,42743,42753,10
12.9388599396,80.2053375244,42753,42763,10
12.9385795593,80.2052612305,42763,42773,10
12.9381399155,80.2051315308,42773,42783,10
12.9375495911,80.2049636841,42783,42794,11
12.9368400574,80.2047576904,42794,42804,10
12.9362802505,80.2045974731,42804,42814,10
12.935839653,80.2044677734,42814,42824,10
12.9351902008,80.2041778564,42824,42834,10
12.9344797134,80.2040023804,42834,42844,10
12.9337997437,80.2039413452,42844,42854,10
12.9332399368,80.2038726807,42854,42864,10
12.9328603745,80.2036972046,42864,42874,10
12.9322500229,80.2034988403,42874,42884,10
12.9315299988,80.2032775879,42884,42894,10
12.9308700562,80.2030487061,42894,47036,4142
12.9365501404,80.2045898438,47036,47045,9
12.9373397827,80.2048187256,47045,47057,12
12.9381999969,80.2050476074,47057,47068,11
12.9386701584,80.2051925659,47068,47078,10
12.9392700195,80.205368042,47078,47088,10
12.939740181,80.2055206299,47088,47098,10
12.9400701523,80.2056121826,47098,47107,9
12.940079689,80.2056121826,47107,47118,11
12.9404001236,80.2057113647,47118,47128,10
12.9409198761,80.2058868408,47128,47138,10
12.9415798187,80.2062530518,47138,47148,10
12.9421396255,80.2066726685,47148,47158,10
12.9426603317,80.2071380615,47158,47168,10
12.9430303574,80.2076568604,47168,47178,10
12.943570137,80.2080383301,47178,47189,11
12.9441099167,80.2082672119,47189,47199,10
12.944319725,80.2083435059,47199,47209,10
12.9445495605,80.2084274292,47209,47218,9
12.945019722,80.2086029053,47218,47229,11
12.9458303452,80.2089004517,47229,47240,11
12.9466495514,80.2092208862,47240,47250,10
12.9474897385,80.2095413208,47250,47260,10
12.9481897354,80.2098083496,47260,47270,10
12.9489097595,80.2100982666,47270,47280,10
12.9499397278,80.2105026245,47280,47290,10
12.950969696,80.2109222412,47290,47300,10
12.9520397186,80.2113494873,47300,47310,10
12.9529399872,80.2116928101,47310,47321,11
12.9538898468,80.2120895386,47321,47331,10
12.9549102783,80.2125015259,47331,47341,10
12.9559602737,80.2129211426,47341,47351,10
12.9570398331,80.2133178711,47351,47361,10
12.9581203461,80.213760376,47361,47371,10
12.9590902328,80.2141418457,47371,47381,10
12.9599504471,80.2145080566,47381,47391,10
12.9609003067,80.2148895264,47391,47401,10
12.9617300034,80.2152175903,47401,47411,10
12.9626302719,80.2155685425,47411,47421,10
12.9633798599,80.2158737183,47421,47431,10
12.9637203217,80.2160186768,47431,47442,11
12.9642496109,80.2162399292,47442,47452,10
12.9649496078,80.2165222168,47452,47462,10
12.9657402039,80.2168197632,47462,47472,10
12.9664497375,80.2171020508,47472,47482,10
12.9670801163,80.2173614502,47482,47492,10
12.9676704407,80.2176208496,47492,47502,10
12.9683103561,80.217880249,47502,47512,10
12.9691896439,80.2182235718,47512,47522,10
12.9702396393,80.2186279297,47522,47532,10
12.9711904526,80.2190170288,47532,47542,10
12.9722499847,80.2194290161,47542,47552,10
12.9733295441,80.2198486328,47552,47562,10
12.9742298126,80.2202072144,47562,47572,10
12.974820137,80.220451355,47572,47582,10
12.9750003815,80.2205429077,47582,47593,11
12.975230217,80.2206268311,47593,47653,60
12.975230217,80.2206268311,47653,47663,10
12.9754495621,80.2206726074,47663,47673,10
12.9757404327,80.2209701538,47673,47683,10
12.9760303497,80.2211685181,47683,47703,20
12.9760303497,80.2211685181,47703,47714,11
12.9761695862,80.221206665,47714,47724,10
12.9765100479,80.2212219238,47724,47734,10
12.9770097733,80.2211914063,47734,47744,10
12.9774103165,80.2211914063,47744,47754,10
12.9779100418,80.2211380005,47754,47764,10
12.9787998199,80.2210693359,47764,47774,10
12.9795799255,80.2210006714,47774,47784,10
12.9802398682,80.2209701538,47784,47794,10
12.9804601669,80.2209625244,47794,47804,10
12.981010437,80.2210388184,47804,47814,10
12.9816398621,80.2213592529,47814,47824,10
12.982049942,80.2216491699,47824,47834,10
12.9824399948,80.2217712402,47834,47845,11
12.9826803207,80.2218475342,47845,47855,10
12.9829502106,80.2219619751,47855,47865,10
12.9830598831,80.2220077515,47865,47875,10
12.9832801819,80.2221603394,47875,47885,10
12.9835395813,80.2223434448,47885,47895,10
12.984000206,80.222618103,47895,47905,10
12.98458004,80.2229614258,47905,47915,10
12.9849500656,80.2231369019,47915,47925,10
12.9853401184,80.2232284546,47925,47935,10
12.9857597351,80.2229766846,47935,47945,10
12.9861097336,80.2229537964,47945,47961,16
12.9867200851,80.2229995728,47961,47973,12
12.9870195389,80.2230377197,47973,47984,11
12.987449646,80.2230682373,47984,47993,9
12.9878702164,80.2229232788,47993,48004,11
12.9885597229,80.2223968506,48004,48014,10
12.9889802933,80.2219314575,48014,48024,10
12.9893798828,80.2214202881,48024,48034,10
12.9898796082,80.2207336426,48034,48044,10
12.9902696609,80.220451355,48044,48054,10
12.9902801514,80.2204437256,48054,48064,10
12.9904403687,80.2203216553,48064,48074,10
12.9907398224,80.220123291,48074,48084,10
12.991109848,80.219833374,48084,48094,10
12.9912996292,80.2196731567,48094,48105,11
12.9914197922,80.2195663452,48105,48115,10
12.9917001724,80.219367981,48115,48125,10
12.9922103882,80.2189788818,48125,48135,10
12.9928398132,80.2185211182,48135,48145,10
12.9934797287,80.2180023193,48145,48155,10
12.994099617,80.2175598145,48155,48165,10
12.9945898056,80.2172164917,48165,48175,10
12.9948501587,80.2170410156,48175,48185,10
12.9952898026,80.2167892456,48185,48195,10
12.9960002899,80.2165908813,48195,48205,10
12.996720314,80.2164993286,48205,48215,10
12.997300148,80.2163009644,48215,48226,11
12.9975996017,80.216003418,48226,48236,10
12.9976196289,80.2159805298,48236,48246,10
12.9979000092,80.2157974243,48246,48256,10
12.998339653,80.2154083252,48256,48266,10
12.9989099503,80.2149505615,48266,48276,10
12.9991903305,80.2146911621,48276,48286,10
12.9994802475,80.2144393921,48286,48296,10
12.999710083,80.2142181396,48296,48306,10
13.0001401901,80.2138519287,48306,48316,10
13.0005998611,80.2134170532,48316,48326,10
13.0010204315,80.2130737305,48326,48336,10
13.0015001297,80.2127304077,48336,48346,10
13.0018997192,80.2124481201,48346,48356,10
13.0022802353,80.2122268677,48356,48367,11
13.0029001236,80.212097168,48367,48377,10
13.0035200119,80.212020874,48377,48387,10
13.0041599274,80.2120895386,48387,48397,10
13.0047798157,80.2123718262,48397,48407,10
13.0054302216,80.2127380371,48407,48417,10
13.0061397552,80.2127685547,48417,48427,10
13.0069198608,80.2127075195,48427,48437,10
13.007809639,80.2130203247,48437,48467,30
13.007809639,80.2130203247,48467,48477,10
13.0080404282,80.213180542,48477,48487,10
13.0084104538,80.2133178711,48487,48498,11
13.0088996887,80.2139129639,48498,48508,10
13.0094299316,80.2146072388,48508,48518,10
13.0100402832,80.2154693604,48518,48528,10
13.0100402832,80.2154693604,48528,48538,10
13.0105695724,80.2161178589,48538,48548,10
13.010840416,80.2168731689,48548,48558,10
13.0111703873,80.2176437378,48558,48568,10
13.0114803314,80.2184524536,48568,48578,10
13.0118598938,80.2195587158,48578,48588,10
13.012169838,80.2206573486,48588,48599,11
13.0125102997,80.2214431763,48599,48609,10
13.0128297806,80.2220230103,48609,48620,11
13.0134401321,80.2225494385,48620,48629,9
13.0137996674,80.2229614258,48629,48640,11
13.0139904022,80.2232818604,48640,48650,10
13.0140895844,80.2233963013,48650,48660,10
13.0142498016,80.2236785889,48660,48670,10
13.0146198273,80.2240829468,48670,48680,10
13.0150699615,80.2246170044,48680,48690,10
13.0153999329,80.2249221802,48690,48700,10
13.01541996,80.2249526978,48700,48710,10
13.0155801773,80.2250595093,48710,48720,10
13.0159397125,80.2253036499,48720,48730,10
13.0167198181,80.2251968384,48730,48740,10
13.0176801682,80.224822998,48740,48751,11
13.0187797546,80.2244033813,48751,48761,10
13.0197095871,80.2245330811,48761,48771,10
13.0203399658,80.2249832153,48771,48781,10
13.0205802917,80.2251434326,48781,48791,10
13.0207004547,80.2252426147,48791,48801,10
13.0208797455,80.2253875732,48801,48811,10
13.0212402344,80.2257003784,48811,48821,10
13.0218400955,80.2261199951,48821,48831,10
13.022480011,80.2266464233,48831,48841,10
13.0232200623,80.2273101807,48841,48851,10
13.0239295959,80.2279815674,48851,48861,10
13.0245199203,80.2286834717,48861,48871,10
13.0248498917,80.2291564941,48871,48882,11
13.0252799988,80.2297210693,48882,48892,10
13.025759697,80.2304000854,48892,48902,10
13.02602005,80.2311706543,48902,48912,10
13.02643013,80.2312164307,48912,48928,16
13.0277795792,80.2309265137,48928,48940,12
13.0287799835,80.2308273315,48940,48950,10
13.0291900635,80.230796814,48950,48980,30
13.0291900635,80.230796814,48980,48990,10
13.0296096802,80.2308120728,48990,49000,10
13.0300397873,80.2307662964,49000,49010,10
13.030579567,80.23072052,49010,49021,11
13.0309095383,80.2306900024,49021,49031,10
13.0315198898,80.2306365967,49031,49041,10
13.0322904587,80.2305908203,49041,49051,10
13.032959938,80.2305526733,49051,49061,10
13.0334396362,80.2305221558,49061,49071,10
13.0338602066,80.2305221558,49071,49142,71
13.0338602066,80.2305221558,49142,49152,10
13.0343198776,80.2304382324,49152,49162,10
13.0346899033,80.2303390503,49162,49172,10
13.0348796844,80.23021698,49172,49182,10
13.0350399017,80.2302703857,49182,49192,10
13.0348796844,80.2304000854,49192,49202,10
13.0345401764,80.230430603,49202,49212,10
13.0343399048,80.23046875,49212,49222,10
13.0339403152,80.2304763794,49222,49232,10
13.0332698822,80.2304763794,49232,49242,10
13.0326099396,80.2305374146,49242,49252,10
13.0320100784,80.2306137085,49252,49263,11
13.0314302444,80.2306518555,49263,49272,9
13.0310001373,80.230682373,49272,49293,21
13.0310001373,80.230682373,49293,49303,10
13.0307502747,80.2307128906,49303,49313,10
13.0306196213,80.2307281494,49313,49323,10
13.0302801132,80.230758667,49323,49333,10
13.0298500061,80.230796814,49333,49343,10
13.0294904709,80.2308731079,49343,49353,10
13.029009819,80.2309188843,49353,49363,10
13.028380394,80.2309570313,49363,49373,10
13.027879715,80.2309875488,49373,49383,10
13.0276699066,80.2311172485,49383,49393,10
13.0276699066,80.2315597534,49393,49403,10
13.0277500153,80.2320404053,49403,49414,11
13.0278396606,80.2325820923,49414,49424,10
13.0274896622,80.2328033447,49424,49444,20
13.0274896622,80.2328033447,49444,49454,10
13.0272798538,80.2328872681,49454,49464,10
13.0269699097,80.2329406738,49464,49474,10
13.0266103745,80.2330093384,49474,49490,16
13.0261802673,80.232170105,49490,49502,12
13.0261602402,80.2320175171,49502,49510,8
13.0261297226,80.2317810059,49510,49522,12
13.025970459,80.231262207,49522,49532,10
13.0257902145,80.2306976318,49532,49542,10
13.0253601074,80.2299728394,49542,49553,11
13.0249500275,80.2294616699,49553,49563,10
13.0248699188,80.2293777466,49563,49572,9
13.024769783,80.2292861938,49572,49583,11
13.024479866,80.2288894653,49583,49593,10
13.0241804123,80.2284469604,49593,49603,10
13.0237703323,80.2279510498,49603,49612,9
13.0232601166,80.2274475098,49612,49623,11
13.0227203369,80.2269363403,49623,49633,10
13.0219802856,80.2263183594,49633,49643,10
13.0211801529,80.2256774902,49643,49653,10
13.0205097198,80.2251968384,49653,49664,11
13.0200500488,80.2249069214,49664,49674,10
13.0195903778,80.2246170044,49674,49684,10
13.0187997818,80.2245025635,49684,49694,10
13.0179195404,80.2248535156,49694,49704,10
13.0171403885,80.2251815796,49704,49714,10
13.016579628,80.2254180908,49714,49724,10
13.0162296295,80.2255630493,49724,49734,10
13.0156698227,80.2257385254,49734,49744,10
13.0148496628,80.2259902954,49744,49764,20
13.0148496628,80.2259902954,49764,49774,10
13.0146799088,80.2261123657,49774,49784,10
13.0143299103,80.2262115479,49784,49795,11
13.0141401291,80.2256469727,49795,49974,179
13.0141296387,80.2253417969,49974,50024,50
13.0141296387,80.2253417969,50024,50034,10
13.0141000748,80.2252197266,50034,50044,10
13.0143404007,80.2252426147,50044,50054,10
13.0145397186,80.2254562378,50054,50065,11
13.0145397186,80.2257232666,50065,50075,10
13.0143299103,80.2258300781,50075,50095,20
13.0143299103,80.2258300781,50095,50105,10
13.0142498016,80.2254867554,50105,50115,10
13.0145397186,80.2257232666,50115,50125,10
13.0143098831,80.2258224487,50125,50176,51
13.0143098831,80.2258224487,50176,50185,9
13.0142002106,80.2259368896,50185,50196,11
13.0141801834,80.2261505127,50196,50206,10
13.0139799118,80.226348877,50206,50216,10
13.0134401321,80.2265472412,50216,50226,10
13.0127296448,80.2268295288,50226,50236,10
13.0118999481,80.2271575928,50236,50246,10
13.0109596252,80.2275238037,50246,50256,10
13.0100402832,80.227897644,50256,50266,10
13.0095100403,80.2276000977,50266,50276,10
13.0098495483,80.2268295288,50276,50286,10
13.0102901459,80.2258911133,50286,50296,10
13.0106897354,80.2249832153,50296,50306,10
13.0110397339,80.2241592407,50306,50316,10
13.0112199783,80.2236862183,50316,50327,11
13.0112400055,80.2236175537,50327,50337,10
13.0113697052,80.2233200073,50337,50347,10
13.0117301941,80.223449707,50347,50357,10
13.0122499466,80.2237167358,50357,50367,10
13.0129699707,80.2240524292,50367,50383,16
13.0142602921,80.2247314453,50383,50395,12
13.0148601532,80.2249984741,50395,50403,8
13.0152597427,80.2252807617,50403,50435,32
13.0152597427,80.2252807617,50435,50445,10
13.0156097412,80.2252883911,50445,50456,11
13.0163497925,80.2253417969,50456,50466,10
13.0170898438,80.2250976563,50466,50476,10
13.017950058,80.2247695923,50476,50486,10
13.0188398361,80.2244110107,50486,50495,9
13.0193195343,80.224357605,50495,50506,11
13.019370079,80.2243728638,50506,50516,10
13.0195398331,80.2244415283,50516,50526,10
13.0196199417,80.2245025635,50526,50536,10
13.0198297501,80.2246627808,50536,50546,10
13.0202302933,80.224937439,50546,50556,10
13.0207004547,80.2253036499,50556,50566,10
13.0211896896,80.2256622314,50566,50576,10
13.021780014,80.2260665894,50576,50586,10
13.0221700668,80.2263183594,50586,50597,11
13.0223398209,80.2265014648,50597,50607,10
13.0226697922,80.2267990112,50607,50617,10
13.0232200623,80.2273101807,50617,50627,10
13.023900032,80.2279205322,50627,50637,10
13.0244197845,80.2285385132,50637,50647,10
13.0247097015,80.2289505005,50647,50657,10
13.0249795914,80.2293319702,50657,50667,10
13.0254201889,80.2298965454,50667,50677,10
13.0257196426,80.2303390503,50677,50687,10
13.0258798599,80.2306594849,50687,50697,10
13.0259304047,80.2308502197,50697,50707,10
13.0259895325,80.2311172485,50707,50718,11
13.026309967,80.2312469482,50718,50728,10
13.0267000198,80.231262207,50728,50738,10
13.0275802612,80.231048584,50738,50748,10
13.0282402039,80.2309494019,50748,50758,10
13.0290002823,80.2308578491,50758,50808,50
13.0290002823,80.2308578491,50808,50818,10
13.0292797089,80.2308807373,50818,50828,10
13.0295200348,80.2308502197,50828,50838,10
13.0299596786,80.2308120728,50838,50849,11
13.0305299759,80.2307434082,50849,50859,10
13.0309400558,80.23072052,50859,50869,10
13.0314397812,80.2307434082,50869,50879,10
13.0319900513,80.2306518555,50879,50889,10
13.0326404572,80.2305831909,50889,50899,10
13.0331602097,80.2305679321,50899,50909,10
13.0335998535,80.2305908203,50909,50918,9
13.0339202881,80.2305297852,50918,50929,11
13.0342597961,80.2304534912,50929,50939,10
13.0345401764,80.2303695679,50939,50949,10
13.0345602036,80.2303619385,50949,50960,11
13.034910202,80.23021698,50960,50970,10
13.0350103378,80.2299804688,50970,50980,10
13.0348300934,80.2298431396,50980,51030,50
13.0344600677,80.2297973633,51030,51270,240
13.0344600677,80.2297973633,51270,51280,10
13.0342798233,80.2301177979,51280,51320,40
13.0342798233,80.2301177979,51320,51330,10
13.0341396332,80.2303390503,51330,51340,10
13.0338096619,80.2304000854,51340,51350,10
13.033249855,80.2304992676,51350,51360,10
13.0325298309,80.2305297852,51360,51371,11
13.0317697525,80.2306365967,51371,51381,10
13.0310697556,80.230682373,51381,51391,10
13.0306797028,80.2307281494,51391,51401,10
13.0298299789,80.2308425903,51401,51421,20
13.0298299789,80.2308425903,51421,51431,10
13.0295801163,80.2308731079,51431,51441,10
13.0292100906,80.2309036255,51441,51451,10
13.028670311,80.2309799194,51451,51461,10
13.0281896591,80.2310180664,51461,51471,10
13.0278596878,80.2310714722,51471,51487,16
13.0278396606,80.2317428589,51487,51500,13
13.0278997421,80.2323989868,51500,51509,9
13.0278100967,80.2326889038,51509,51520,11
13.0270500183,80.2329177856,51520,51580,60
13.0270500183,80.2329177856,51580,51591,11
13.0268096924,80.2329864502,51591,51601,10
13.026550293,80.2330322266,51601,51611,10
13.0262699127,80.2326278687,51611,51621,10
13.0261001587,80.2319793701,51621,51632,11
13.025970459,80.2313232422,51632,51642,10
13.0257501602,80.2305603027,51642,51652,10
13.0252399445,80.2297668457,51652,51662,10
13.0247497559,80.2291717529,51662,51672,10
13.0243797302,80.2286987305,51672,51682,10
13.0239896774,80.2282409668,51682,51692,10
13.0235900879,80.2277832031,51692,51702,10
13.0231199265,80.2274169922,51702,51752,50
13.0231199265,80.2274169922,51752,51763,11
13.0228595734,80.2272720337,51763,51773,10
13.022600174,80.2268981934,51773,51783,10
13.0222196579,80.2264862061,51783,51793,10
13.0216197968,80.2260131836,51793,51803,10
13.0208797455,80.2254486084,51803,51813,10
13.0200099945,80.2248535156,51813,51823,10
13.018989563,80.2244415283,51823,51833,10
13.0180797577,80.2247619629,51833,51843,10
13.0171604156,80.225151062,51843,51853,10
13.016579628,80.225402832,51853,51863,10
13.0163602829,80.2254867554,51863,51873,10
13.0158996582,80.2256469727,51873,51884,11
13.0151796341,80.2258987427,51884,51894,10
13.0146198273,80.2261581421,51894,51904,10
13.0143404007,80.2262802124,51904,51914,10
13.0140600204,80.2263793945,51914,51924,10
13.0135202408,80.2265625,51924,51934,10
13.0128002167,80.2268371582,51934,51944,10
13.0119304657,80.2271881104,51944,51954,10
13.0109300613,80.2275695801,51954,51964,10
13.010020256,80.2279205322,51964,51974,10
13.0095300674,80.2275695801,51974,51984,10
13.0098495483,80.2268829346,51984,51994,10
13.0102500916,80.226020813,51994,52004,10
13.0106096268,80.2252197266,52004,52015,11
13.010890007,80.2245101929,52015,52025,10
13.0111999512,80.2237319946,52025,52035,10
13.0115499496,80.2228393555,52035,52045,10
13.011879921,80.2218933105,52045,52055,10
13.012140274,80.2211608887,52055,52065,10
13.0120000839,80.2204971313,52065,52075,10
13.0117397308,80.2195968628,52075,52085,10
13.0114297867,80.2186889648,52085,52095,10
13.0111198425,80.2178726196,52095,52105,10
13.0107603073,80.217010498,52105,52115,10
13.0104103088,80.2162628174,52115,52131,16
13.0098400116,80.2152404785,52131,52143,12
13.0093603134,80.2145462036,52143,52154,11
13.008890152,80.2139205933,52154,52163,9
13.0084400177,80.213432312,52163,52174,11
13.0082798004,80.2133483887,52174,52184,10
13.0081796646,80.2133102417,52184,52204,20
13.0081796646,80.2133102417,52204,52213,9
13.008020401,80.2132263184,52213,52224,11
13.0079298019,80.2131500244,52224,52235,11
13.0077295303,80.2129821777,52235,52245,10
13.0072002411,80.2127685547,52245,52255,10
13.0064897537,80.2127227783,52255,52265,10
13.0058202744,80.2129516602,52265,52276,11
13.0050201416,80.2125091553,52276,52286,10
13.0041599274,80.2121429443,52286,52296,10
13.0032997131,80.2120437622,52296,52306,10
13.0025596619,80.2121200562,52306,52316,10
13.0018997192,80.2124786377,52316,52326,10
13.0013799667,80.2129135132,52326,52336,10
13.0009202957,80.2132568359,52336,52346,10
13.0003795624,80.2137374878,52346,52356,10
12.9998197556,80.2142181396,52356,52366,10
12.9993600845,80.214630127,52366,52376,10
12.9990997314,80.2148666382,52376,52386,10
12.9987001419,80.215133667,52386,52395,9
12.9982500076,80.2154998779,52395,52407,12
12.9975996017,80.2160568237,52407,52417,10
12.9975595474,80.2161178589,52417,52427,10
12.997300148,80.2164077759,52427,52437,10
12.9968500137,80.2165298462,52437,52447,10
12.9961900711,80.2165985107,52447,52457,10
12.9953804016,80.2168731689,52457,52467,10
12.9947500229,80.2172775269,52467,52476,9
12.9941596985,80.2177276611,52476,52487,11
12.9934196472,80.2182312012,52487,52497,10
12.9928197861,80.2186737061,52497,52507,10
12.9921398163,80.2191696167,52507,52517,10
12.991230011,80.2198181152,52517,52527,10
12.9907798767,80.2201690674,52527,52538,11
12.9906101227,80.2203063965,52538,52548,10
12.9902000427,80.2206192017,52548,52558,10
12.9896497726,80.2212219238,52558,52568,10
12.9892501831,80.2217025757,52568,52578,10
12.9886798859,80.2224197388,52578,52588,10
12.9879598618,80.2229690552,52588,52598,10
12.9872503281,80.2230682373,52598,52608,10
12.9865598679,80.2229690552,52608,52618,10
12.9858798981,80.2229919434,52618,52628,10
12.98554039,80.2232437134,52628,52638,10
12.9850597382,80.2231903076,52638,52648,10
12.9846000671,80.2229614258,52648,52658,10
12.9841995239,80.2227325439,52658,52679,21
12.9841995239,80.2227325439,52679,52689,10
12.9837799072,80.2224731445,52689,52699,10
12.9833498001,80.2222213745,52699,52719,20
12.9833498001,80.2222213745,52719,52729,10
12.983039856,80.2220077515,52729,52739,10
12.9826898575,80.2219161987,52739,52749,10
12.9820995331,80.2217330933,52749,52759,10
12.9813699722,80.2212905884,52759,52769,10
12.9804000854,80.2210998535,52769,52779,10
12.9795303345,80.2211532593,52779,52790,11
12.9786100388,80.2211685181,52790,52799,9
12.9778795242,80.2211837769,52799,52810,11
12.9769296646,80.2212219238,52810,52820,10
12.9762096405,80.2212371826,52820,52830,10
12.9758396149,80.2211608887,52830,52840,10
12.9755496979,80.2208862305,52840,52860,20
12.9755496979,80.2208862305,52860,52870,10
12.9753398895,80.2206726074,52870,52880,10
12.9747800827,80.2203826904,52880,52890,10
12.9739303589,80.2200088501,52890,52906,16
12.9722995758,80.2194290161,52906,52918,12
12.9711999893,80.2191162109,52918,52928,10
12.9709796906,80.2190704346,52928,52939,11
12.9707202911,80.2189178467,52939,52950,11
12.9701404572,80.2186279297,52950,52960,10
12.9694700241,80.2183837891,52960,52969,9
12.9688501358,80.2181396484,52969,52980,11
12.9680995941,80.2178497314,52980,52990,10
12.9674196243,80.2175827026,52990,53000,10
12.9665203094,80.2172317505,53000,53010,10
12.9654302597,80.216796875,53010,53020,10
12.9643602371,80.2163619995,53020,53030,10
12.9634399414,80.2159500122,53030,53039,9
12.9626102448,80.2156066895,53039,53050,11
12.9614801407,80.2151565552,53050,53060,10
12.9604196548,80.2147369385,53060,53071,11
12.9592399597,80.2142791748,53071,53081,10
12.9581604004,80.2138519287,53081,53091,10
12.9570798874,80.2134094238,53091,53101,10
12.9560003281,80.2129974365,53101,53111,10
12.9549198151,80.2125778198,53111,53121,10
12.9538497925,80.2121582031,53121,53131,10
12.9527797699,80.211730957,53131,53141,10
12.9517002106,80.2113113403,53141,53151,10
12.9506397247,80.2108917236,53151,53161,10
12.949640274,80.2105026245,53161,53171,10
12.9487495422,80.2101364136,53171,53181,10
12.9478197098,80.209777832,53181,53191,10
12.9467000961,80.2093429565,53191,53202,11
12.9454402924,80.2088394165,53202,53212,10
12.9441795349,80.2083511353,53212,53232,20
12.9441795349,80.2083511353,53232,53242,10
12.9440898895,80.2082901001,53242,53252,10
12.9437398911,80.2081298828,53252,53262,10
12.943110466,80.2078018188,53262,53264,2
12.943110466,80.2078018188,53264,53310,46
12.9409999847,80.2059707642,53310,53321,11
12.9407196045,80.2058486938,53321,53331,10
12.9402999878,80.2056884766,53331,53341,10
12.9396696091,80.2054977417,53341,53351,10
12.938949585,80.2052764893,53351,53361,10
12.9381303787,80.2050323486,53361,53371,10
12.9371995926,80.2047729492,53371,53381,10
12.936340332,80.2045211792,53381,53391,10
12.9356498718,80.2043228149,53391,53404,13
12.9347896576,80.203956604,53404,53414,10
12.9339895248,80.2039031982,53414,53422,8
12.9337100983,80.2038879395,53422,53434,12
12.9335298538,80.2038726807,53434,53444,10
12.9330396652,80.2037277222,53444,53454,10
12.9323596954,80.203453064,53454,53465,11
12.9314603806,80.2031402588,53465,53475,10
12.9308900833,80.2029571533,53475,53485,10
12.9306402206,80.2029037476,53485,53495,10
12.9299602509,80.202796936,53495,53505,10
12.9294595718,80.2027511597,53505,53515,10
12.9293403625,80.2027130127,53515,53525,10
12.9289102554,80.2026367188,53525,53535,10
12.9284801483,80.2023620605,53535,53545,10
12.928440094,80.2017364502,53545,53554,9
12.9284200668,80.2010192871,53554,53565,11
12.9283504486,80.1999435425,53565,53575,10
12.9280195236,80.1990203857,53575,53586,11
12.9273796082,80.1980819702,53586,53596,10
12.9265699387,80.1976165771,53596,53606,10
12.9258298874,80.1974868774,53606,53616,10
12.9254798889,80.1975021362,53616,53626,10
12.9252004623,80.1974868774,53626,53636,10
12.9245996475,80.1974868774,53636,53646,10
12.9238195419,80.197479248,53646,53656,10
12.9229898453,80.1973800659,53656,53666,10
12.922249794,80.197303772,53666,53676,10
12.9220600128,80.1972732544,53676,53686,10
12.9217796326,80.1971817017,53686,53696,10
12.9212903976,80.1970062256,53696,53706,10
12.9206895828,80.1967926025,53706,53716,10
12.9199695587,80.1965332031,53716,53727,11
12.9196596146,80.1964111328,53727,53737,10
12.9194402695,80.1962966919,53737,53747,10
12.9191703796,80.1961135864,53747,53757,10
12.9191102982,80.1960830688,53757,53767,10
12.9190101624,80.1959762573,53767,53777,10
12.9186601639,80.1956787109,53777,53787,10
12.9181404114,80.1951904297,53787,53797,10
12.9174900055,80.1946182251,53797,53807,10
12.917090416,80.1941375732,53807,53817,10
12.9169902802,80.193862915,53817,53827,10
12.9169797897,80.1932525635,53827,53837,10
12.9170703888,80.1925125122,53837,53848,11
12.9171800613,80.1918029785,53848,53864,16
12.9172096252,80.1915283203,53864,53876,12
12.9172401428,80.1914215088,53876,53884,8
12.9173002243,80.191078186,53884,53896,12
12.9173498154,80.1903076172,53896,53906,10
12.9175596237,80.1895294189,53906,53916,10
12.9179000854,80.1888122559,53916,53926,10
12.9186697006,80.1879119873,53926,53936,10
12.9194803238,80.18699646,53936,53946,10
12.9202604294,80.1860961914,53946,53956,10
12.9204998016,80.1850585938,53956,53967,11
12.9203195572,80.1843566895,53967,53977,10
12.92029953,80.1842575073,53977,53987,10
12.9202098846,80.1838684082,53987,53997,10
12.9200897217,80.1832427979,53997,54007,10
12.9199800491,80.1827774048,54007,54017,10
12.919960022,80.1826629639,54017,54027,10
12.919839859,80.1821365356,54027,54037,10
12.919670105,80.1813583374,54037,54047,10
12.9194498062,80.1804199219,54047,54057,10
12.9191303253,80.1793289185,54057,54067,10
12.9184598923,80.1783828735,54067,54077,10
12.9181804657,80.1772994995,54077,54087,10
12.918299675,80.1765975952,54087,54097,10
12.9183597565,80.1764373779,54097,54107,10
12.9184703827,80.1759719849,54107,54118,11
12.918680191,80.175163269,54118,54128,10
12.9188995361,80.1742172241,54128,54138,10
12.9191904068,80.1730804443,54138,54148,10
12.919500351,80.1719512939,54148,54158,10
12.9197301865,80.1710586548,54158,54168,10
12.9197902679,80.1708602905,54168,54178,10
12.9199399948,80.1704177856,54178,54188,10
12.9201803207,80.169631958,54188,54198,10
12.9204301834,80.1688232422,54198,54208,10
12.9207401276,80.1678237915,54208,54218,10
12.9211196899,80.1666870117,54218,54229,11
12.921500206,80.1654891968,54229,54238,9
12.9217996597,80.1645889282,54238,54249,11
12.92208004,80.1636199951,54249,54259,10
12.9224004745,80.1626586914,54259,54269,10
12.9227304459,80.1616210938,54269,54279,10
12.9229898453,80.1607284546,54279,54289,10
12.9232597351,80.1597900391,54289,54299,10
12.9233798981,80.1586837769,54299,54309,10
12.923500061,80.1576080322,54309,54319,10
12.9235696793,80.1567077637,54319,54329,10
12.9235696793,80.155708313,54329,54339,10
12.9233598709,80.1549606323,54339,54349,10
12.9233398438,80.1548995972,54349,54360,11
12.9232397079,80.1544723511,54360,54369,9
12.9230899811,80.1538391113,54369,54380,11
12.9228496552,80.1528701782,54380,54390,10
12.9226303101,80.1519393921,54390,54450,60
12.9226303101,80.1519393921,54450,54460,10
12.9226303101,80.1516723633,54460,54470,10
12.9226102829,80.1510009766,54470,54480,10
12.9225902557,80.1500320435,54480,54491,11
12.9225196838,80.1487426758,54491,54501,10
12.9225101471,80.1476593018,54501,54511,10
12.9224996567,80.1468963623,54511,54521,10
12.9224901199,80.146697998,54521,54531,10
12.9224901199,80.1461410522,54531,54541,10
12.9224596024,80.1453170776,54541,54551,10
12.9224395752,80.1443328857,54551,54561,10
12.9223899841,80.1432037354,54561,54571,10
12.9223604202,80.1421813965,54571,54581,10
12.9223203659,80.1414413452,54581,54591,10
12.9223098755,80.1413192749,54591,54601,10
12.9223203659,80.140838623,54601,54611,10
12.9223299026,80.1400909424,54611,54622,11
12.9223403931,80.1389923096,54622,54632,10
12.9224004745,80.1379165649,54632,54642,10
12.9224700928,80.1368026733,54642,54652,10
12.9224996567,80.1355895996,54652,54662,10
12.922539711,80.1343994141,54662,54672,10
12.9225997925,80.1332702637,54672,54682,10
12.9226102829,80.132598877,54682,54692,10
12.9226198196,80.131942749,54692,54702,10
12.9226703644,80.1310424805,54702,54712,10
12.9227304459,80.1300201416,54712,54722,10
12.9227800369,80.1290817261,54722,56899,2177
12.9206695557,80.1855010986,56899,56911,12
12.9206199646,80.1858978271,56911,56920,9
12.9201402664,80.1864929199,56920,56932,12
12.9194402695,80.1872711182,56932,56942,10
12.9189395905,80.1878585815,56942,56952,10
12.9184103012,80.1884231567,56952,56961,9
12.917889595,80.1890182495,56961,56973,12
12.9175395966,80.1900024414,56973,56982,9
12.9173898697,80.19090271,56982,56993,11
12.9172897339,80.1918792725,56993,57003,10
12.9171895981,80.1925811768,57003,57013,10
12.917140007,80.1931228638,57013,57023,10
12.917140007,80.1931762695,57023,57033,10
12.9171304703,80.1932601929,57033,57043,10
12.9171199799,80.1937484741,57043,57053,10
12.9172697067,80.1942977905,57053,57063,10
12.9177799225,80.1948623657,57063,57073,10
12.9184103012,80.1954116821,57073,57083,10
12.9190196991,80.1959762573,57083,57094,11
12.9198999405,80.1965026855,57094,57104,10
12.9207897186,80.1968078613,57104,57114,10
12.9215698242,80.1970901489,57114,57124,10
12.9224796295,80.1973114014,57124,57134,10
12.9233198166,80.1974334717,57134,57144,10
12.924200058,80.1975097656,57144,57154,10
12.9250602722,80.1974868774,57154,57164,10
12.9253902435,80.197479248,57164,57174,10
12.9259195328,80.1974868774,57174,57184,10
12.9266300201,80.1976470947,57184,57194,10
12.927359581,80.1980514526,57194,57204,10
12.9279003143,80.1987380981,57204,57220,16
12.9284296036,80.2001724243,57220,57233,13
12.9285202026,80.2014083862,57233,57243,10
12.9285697937,80.202293396,57243,57253,10
12.9290895462,80.2026901245,57253,57263,10
12.9294300079,80.2027587891,57263,57273,10
12.9295301437,80.202796936,57273,57283,10
12.9300098419,80.20287323,57283,57293,10
12.9306497574,80.2029800415,57293,57303,10
12.9315795898,80.2032318115,57303,57313,10
12.9323797226,80.2034835815,57313,57323,10
12.9331102371,80.2036819458,57323,57333,10
12.9338302612,80.2038497925,57333,57343,10
12.9339504242,80.2038421631,57343,57353,10
12.9342002869,80.2038726807,57353,57364,11
12.9348402023,80.2039489746,57364,57374,10
12.935549736,80.2042617798,57374,57384,10
12.9363603592,80.2045288086,57384,57394,10
12.9372301102,80.2047805786,57394,57404,10
12.9379997253,80.2050170898,57404,57413,9
12.9387397766,80.2052536011,57413,57424,11
12.9395103455,80.2054672241,57424,57434,10
12.9403800964,80.2057418823,57434,57444,10
12.9411296844,80.2059783936,57444,57454,10
12.9418497086,80.2064819336,57454,57464,10
12.9425802231,80.2070922852,57464,57474,10
12.9431400299,80.2078323364,57474,57485,11
12.9438800812,80.2082214355,57485,57495,10
12.9443798065,80.2083969116,57495,57505,10
12.9444198608,80.2084121704,57505,57515,10
12.9445400238,80.2084732056,57515,57525,10
12.9449901581,80.2086105347,57525,57535,10
12.9456501007,80.2088623047,57535,57545,10
12.9464197159,80.2091598511,57545,57555,10
12.9471197128,80.2094268799,57555,57565,10
12.9477100372,80.2096481323,57565,57575,10
12.9482603073,80.2098236084,57575,57585,10
12.9489297867,80.210067749,57585,57595,10
12.949839592,80.2104415894,57595,57605,10
12.9508399963,80.2108535767,57605,57616,11
12.9519701004,80.2113037109,57616,57626,10
12.9530000687,80.2117233276,57626,57636,10
12.954000473,80.2121429443,57636,57646,10
12.9549999237,80.2125396729,57646,57656,10
12.9559497833,80.2129135132,57656,57666,10
12.9568500519,80.2132492065,57666,57676,10
12.9577302933,80.2136001587,57676,57686,10
12.9586400986,80.2139663696,57686,57696,10
12.9596300125,80.2143783569,57696,57706,10
12.9605798721,80.2147674561,57706,57716,10
12.9612398148,80.2150192261,57716,57726,10
12.9618797302,80.2152709961,57726,57736,10
12.9626598358,80.2155609131,57736,57747,11
12.9636201859,80.215927124,57747,57757,10
12.9644899368,80.2163467407,57757,57767,10
12.9654502869,80.216758728,57767,57777,10
12.9662904739,80.2170791626,57777,57787,10
12.9670295715,80.2173690796,57787,57797,10
12.9676904678,80.2176437378,57797,57807,10
12.9683904648,80.2179412842,57807,57817,10
12.9692802429,80.2182922363,57817,57827,10
12.9702596664,80.2186584473,57827,57837,10
12.9710302353,80.2189331055,57837,57847,10
12.9711399078,80.2189712524,57847,57857,10
12.9713001251,80.2190628052,57857,57867,10
12.9717998505,80.2192764282,57867,57878,11
12.9725799561,80.2195892334,57878,57888,10
12.9733800888,80.2199172974,57888,57898,10
12.9740495682,80.2202224731,57898,57908,10
12.9745798111,80.2204437256,57908,57918,10
12.9751396179,80.2206268311,57918,57968,50
12.9751396179,80.2206268311,57968,57978,10
12.9754695892,80.2208328247,57978,57988,10
12.9757795334,80.2211303711,57988,58077,89
12.9757795334,80.2211303711,58077,58087,10
12.9760704041,80.2213363647,58087,58096,9
12.9762201309,80.2213363647,58096,58108,12
12.9766101837,80.2212677002,58108,58117,9
12.9770402908,80.2211990356,58117,58128,11
12.9776697159,80.2211914063,58128,58139,11
12.9784002304,80.2211837769,58139,58149,10
12.9791698456,80.2211227417,58149,58159,10
12.9798603058,80.2210922241,58159,58169,10
12.9804000854,80.2210388184,58169,58179,10
12.9808301926,80.220993042,58179,58189,10
12.9812297821,80.2211990356,58189,58199,10
12.9815196991,80.2213516235,58199,58209,10
12.9819402695,80.2216033936,58209,58219,10
12.9825401306,80.221862793,58219,58229,10
12.9828300476,80.2219619751,58229,58239,10
12.9828996658,80.2219696045,58239,58249,10
12.9831600189,80.2221374512,58249,58265,16
12.9838695526,80.222618103,58265,58278,13
12.9844903946,80.2229995728,58278,58288,10
12.9849500656,80.2232666016,58288,58298,10
12.9854297638,80.2232284546,58298,58308,10
12.9857997894,80.2230377197,58308,58318,10
12.9861698151,80.2229995728,58318,58328,10
12.9863700867,80.2230072021,58328,58338,10
12.986700058,80.2230529785,58338,58348,10
12.987159729,80.2231369019,58348,58358,10
12.9877595901,80.2230300903,58358,58368,10
12.988360405,80.2225418091,58368,58378,10
12.9888095856,80.2220611572,58378,58388,10
12.9891300201,80.2216796875,58388,58399,11
12.9895801544,80.2211074829,58399,58409,10
12.9901199341,80.2205963135,58409,58419,10
12.99036026,80.2203979492,58419,58429,10
12.9904603958,80.2203598022,58429,58439,10
12.9907999039,80.2200469971,58439,58449,10
12.9913702011,80.219619751,58449,58459,10
12.9919595718,80.2192077637,58459,58469,10
12.9925804138,80.2187271118,58469,58479,10
12.9932203293,80.2182693481,58479,58489,10
12.9938697815,80.2178421021,58489,58499,10
12.9944095612,80.2174835205,58499,58509,10
12.994890213,80.2171325684,58509,58519,10
12.9954500198,80.216796875,58519,58529,10
12.9959602356,80.2165603638,58529,58540,11
12.9964399338,80.2164611816,58540,58550,10
12.9969902039,80.2164382935,58550,58560,10
12.9973402023,80.2161865234,58560,58580,20
12.9973402023,80.2161865234,58580,58590,10
12.9977998734,80.2158508301,58590,58600,10
12.9982995987,80.2154006958,58600,58610,10
12.9985303879,80.2151870728,58610,58620,10
12.9989004135,80.2148971558,58620,58630,10
12.9991502762,80.2146911621,58630,58640,10
12.9995603561,80.2143630981,58640,58649,9
12.9999799728,80.2139892578,58649,58660,11
13.000579834,80.213470459,58660,58671,11
13.0012102127,80.2129898071,58671,58681,10
13.0016498566,80.2126617432,58681,58691,10
13.0021696091,80.2123794556,58691,58701,10
13.0027503967,80.2121505737,58701,58711,10
13.0032596588,80.212097168,58711,58721,10
13.0038700104,80.2120666504,58721,58731,10
13.0045404434,80.2123413086,58731,58741,10
13.0051002502,80.2127075195,58741,58751,10
13.0059700012,80.2129516602,58751,58761,10
13.0067796707,80.2127609253,58761,58771,10
13.007399559,80.2127990723,58771,58812,41
13.0077400208,80.2129974365,58812,58842,30
13.0077400208,80.2129974365,58842,58852,10
13.0080003738,80.2132034302,58852,58862,10
13.0084495544,80.2133865356,58862,58872,10
13.0089197159,80.2139663696,58872,58882,10
13.009469986,80.2147216797,58882,58892,10
13.0098800659,80.2152633667,58892,58902,10
13.0102901459,80.2157592773,58902,58912,10
13.010720253,80.2165222168,58912,58923,11
13.0110797882,80.2173919678,58923,58933,10
13.0114603043,80.2184371948,58933,58943,10
13.0118198395,80.2195892334,58943,58953,10
13.0121498108,80.2206878662,58953,58962,9
13.0123996735,80.2214813232,58962,58973,11
13.0125904083,80.2218017578,58973,58983,10
13.0131902695,80.2225494385,58983,58993,10
13.0138196945,80.2232666016,58993,59003,10
13.0142402649,80.2238388062,59003,59013,10
13.015080452,80.224647522,59013,59033,20
13.015080452,80.224647522,59033,59043,10
13.015250206,80.2248535156,59043,59054,11
13.0155601501,80.2250900269,59054,59064,10
13.0156202316,80.2251205444,59064,59074,10
13.0160102844,80.2253723145,59074,59084,10
13.0168304443,80.2252120972,59084,59094,10
13.017780304,80.2248535156,59094,59110,16
13.0190200806,80.2243728638,59110,59122,12
13.0194301605,80.224357605,59122,59132,10
13.0195703506,80.2244491577,59132,59142,10
13.0198602676,80.2246780396,59142,59152,10
13.0202903748,80.2249984741,59152,59162,10
13.0207796097,80.2253417969,59162,59173,11
13.0213098526,80.2257766724,59173,59184,11
13.0218000412,80.2260818481,59184,59203,19
13.0218000412,80.2260818481,59203,59214,11
13.0219802856,80.2262191772,59214,59223,9
13.0223398209,80.2265701294,59223,59234,11
13.022939682,80.2271194458,59234,59244,10
13.0237903595,80.2278823853,59244,59254,10
13.0243501663,80.228477478,59254,59274,20
13.0243501663,80.228477478,59274,59284,10
13.0243902206,80.2285766602,59284,59294,10
13.0246496201,80.2289581299,59294,59305,11
13.0251998901,80.2296829224,59305,59315,10
13.0257396698,80.2304534912,59315,59325,10
13.0259799957,80.2309188843,59325,59335,10
13.0259799957,80.2309188843,59335,59345,10
13.0259895325,80.2310562134,59345,59355,10
13.0261602402,80.2313766479,59355,59365,10
13.0264396667,80.2312164307,59365,59375,10
13.0273303986,80.2310714722,59375,59385,10
13.0279798508,80.2309799194,59385,59395,10
13.0291404724,80.2309036255,59395,59457,62
13.0291404724,80.2309036255,59457,59467,10
13.029540062,80.2308273315,59467,59477,10
13.0300998688,80.2307815552,59477,59487,10
13.0307502747,80.2307662964,59487,59497,10
13.0313796997,80.2306976318,59497,59513,16
13.0326404572,80.2305984497,59513,59525,12
13.0335502625,80.2305221558,59525,59533,8
13.0337600708,80.2304992676,59533,59544,11
13.0340204239,80.2304763794,59544,59555,11
13.0345096588,80.2304229736,59555,59615,60
13.0345096588,80.2304229736,59615,59626,11
13.0349197388,80.2302093506,59626,59656,30
13.0349197388,80.2302093506,59656,59666,10
13.0347099304,80.2299575806,59666,60231,565
13.0343503952,80.229850769,60231,60493,262
13.0342197418,80.2302017212,60493,60573,80
13.0342197418,80.2302017212,60573,60583,10
13.0341100693,80.2304992676,60583,60593,10
13.033780098,80.2305221558,60593,60604,11
13.0331201553,80.2305603027,60604,60614,10
13.032409668,80.2306213379,60614,60624,10
13.0316696167,80.2306976318,60624,60634,10
13.0309295654,80.230758667,60634,60644,10
13.0303697586,80.230796814,60644,60654,10
13.0297803879,80.2308883667,60654,60664,10
13.0293998718,80.2309188843,60664,60674,10
13.0288295746,80.2309799194,60674,60684,10
13.0281200409,80.2310409546,60684,60694,10
13.0277204514,80.2311096191,60694,60704,10
13.0277004242,80.2314605713,60704,60714,10
13.027759552,80.2319107056,60714,60725,11
13.0278596878,80.2324829102,60725,60735,10
13.0277204514,80.2328491211,60735,60745,10
13.026889801,80.233001709,60745,60775,30
13.026889801,80.233001709,60775,60785,10
13.0266199112,80.233039856,60785,60795,10
13.0263500214,80.2328186035,60795,60805,10
13.026260376,80.2325668335,60805,60815,10
13.0261697769,80.232208252,60815,60825,10
13.02602005,80.2316589355,60825,60835,10
13.0258903503,80.2310791016,60835,60845,10
13.0256004333,80.2304000854,60845,60856,11
13.0251102448,80.2296905518,60856,60866,10
13.0247297287,80.2292327881,60866,60876,10
13.0243301392,80.2287063599,60876,60906,30
13.0243301392,80.2287063599,60906,60916,10
13.024140358,80.2284164429,60916,60926,10
13.0237503052,80.2279586792,60926,60936,10
13.0231304169,80.2274475098,60936,60964,28
13.0231304169,80.2274475098,60964,60974,10
13.0228796005,80.2272567749,60974,60984,10
13.022649765,80.2269210815,60984,60994,10
13.0222196579,80.2265090942,60994,61004,10
13.0215997696,80.226020813,61004,61015,11
13.020819664,80.225440979,61015,61025,10
13.0200500488,80.224899292,61025,61035,10
13.0191802979,80.2244720459,61035,61045,10
13.0182304382,80.2247085571,61045,61055,10
13.0172996521,80.2250900269,61055,61065,10
13.0166301727,80.2253875732,61065,61075,10
13.0163803101,80.2255020142,61075,61085,10
13.0159797668,80.2256393433,61085,61095,10
13.0154104233,80.2258605957,61095,61105,10
13.0150499344,80.2260437012,61105,61125,20
13.0143299103,80.2263031006,61125,61137,12
13.0141897202,80.2263565063,61137,61147,10
13.0138196945,80.2264785767,61147,61157,10
13.0129995346,80.2267684937,61157,61166,9
13.0123500824,80.2270278931,61166,61177,11
13.0112304688,80.2274780273,61177,61187,10
13.0103797913,80.2278289795,61187,61197,10
13.0096197128,80.2279968262,61197,61206,9
13.0095796585,80.2274398804,61206,61216,10
13.0099000931,80.2267990112,61216,61227,11
13.010310173,80.2259521484,61227,61237,10
13.0106601715,80.2251586914,61237,61248,11
13.0109500885,80.2244110107,61248,61258,10
13.0110797882,80.2241210938,61258,61268,10
13.0111999512,80.2237701416,61268,61278,10
13.0113601685,80.2233810425,61278,61288,10
13.0115995407,80.2228469849,61288,61298,10
13.0118398666,80.222038269,61298,61307,9
13.0120296478,80.2215270996,61307,61317,10
13.012140274,80.2212677002,61317,61328,11
13.0120201111,80.220703125,61328,61338,10
13.0117998123,80.2199935913,61338,61348,10
13.0115499496,80.2191619873,61348,61358,10
13.0112495422,80.2182617188,61358,61368,10
13.0108699799,80.2173614502,61368,61379,11
13.0104598999,80.2164077759,61379,61389,10
13.0100803375,80.2157363892,61389,61399,10
13.0097398758,80.2150878906,61399,61409,10
13.0093297958,80.2145385742,61409,61419,10
13.008890152,80.2139816284,61419,61429,10
13.0086698532,80.2137069702,61429,61459,30
13.0085096359,80.2135620117,61459,61479,20
13.0083398819,80.2134170532,61479,61500,21
13.0083398819,80.2134170532,61500,61510,10
13.0081596375,80.2133178711,61510,61520,10
13.0079803467,80.213218689,61520,61540,20
13.0079803467,80.213218689,61540,61550,10
13.0076599121,80.2129669189,61550,61560,10
13.0071601868,80.2128372192,61560,61570,10
13.0064601898,80.2128219604,61570,61580,10
13.0058002472,80.2130432129,61580,61590,10
13.0051002502,80.2126312256,61590,61600,10
13.0043401718,80.2122497559,61600,61610,10
13.0035800934,80.2121200562,61610,61620,10
13.0030403137,80.2121200562,61620,61630,10
13.0025596619,80.2121582031,61630,61641,11
13.0021295547,80.2123718262,61641,61651,10
13.001660347,80.2126693726,61651,61660,9
13.0011901855,80.2130432129,61660,61671,11
13.0005598068,80.2135772705,61671,61681,10
12.9999599457,80.2141418457,61681,61691,10
12.9995603561,80.2144622803,61691,61701,10
12.9991397858,80.2148284912,61701,61711,10
12.9988803864,80.215057373,61711,61721,10
12.9983997345,80.215461731,61721,61731,10
12.9977703094,80.2159805298,61731,61741,10
12.9975204468,80.2162017822,61741,61751,10
12.997420311,80.2163085938,61751,61762,11
12.9972000122,80.2165603638,61762,61772,10
12.9967498779,80.2165985107,61772,61782,10
12.9962301254,80.2166671753,61782,61792,10
12.99559021,80.2168426514,61792,61802,10
12.9951000214,80.217086792,61802,61812,10
12.9949502945,80.2172012329,61812,61822,10
12.9947395325,80.2173233032,61822,61832,10
12.9943504333,80.2176132202,61832,61842,10
12.9937896729,80.2180175781,61842,61852,10
12.9931001663,80.2185211182,61852,61862,10
12.9923095703,80.2190933228,61862,61872,10
12.9915504456,80.2196426392,61872,61882,10
12.990940094,80.2200622559,61882,61893,11
12.9907302856,80.2202377319,61893,61903,10
12.9906396866,80.2203063965,61903,61913,10
12.9902601242,80.2205886841,61913,61923,10
12.9897403717,80.2211532593,61923,61933,10
12.9892301559,80.2217788696,61933,61943,10
12.988699913,80.2223815918,61943,61953,10
12.988120079,80.2228775024,61953,61963,10
12.9877901077,80.2230682373,61963,61973,10
12.9877595901,80.2230911255,61973,61983,10
12.9876098633,80.2231063843,61983,61993,10
12.9875602722,80.2231216431,61993,62003,10
12.9873399734,80.2230987549,62003,62013,10
12.987159729,80.2230834961,62013,62034,21
12.987159729,80.2230834961,62034,62044,10
12.9870796204,80.2230834961,62044,62054,10
12.9867801666,80.2230072021,62054,62064,10
12.9863395691,80.2229995728,62064,62074,10
12.9857997894,80.2230529785,62074,62084,10
12.9854402542,80.2233200073,62084,62094,10
12.9848403931,80.2231292725,62094,62104,10
12.9843196869,80.2228469849,62104,62114,10
12.9839000702,80.2226028442,62114,62124,10
12.9837799072,80.2225494385,62124,62134,10
12.9836502075,80.2224197388,62134,62144,10
12.9835395813,80.2223587036,62144,62155,11
12.983420372,80.2222824097,62155,62165,10
12.9833297729,80.2221984863,62165,62175,10
12.9832401276,80.2221298218,62175,62185,10
12.9829702377,80.2219772339,62185,62195,10
12.9826803207,80.2218780518,62195,62205,10
12.9823102951,80.2217788696,62205,62215,10
12.9821500778,80.2216796875,62215,62225,10
12.9818096161,80.2214431763,62225,62235,10
12.9814395905,80.221282959,62235,62245,10
12.9807195663,80.2211227417,62245,62255,10
12.9798202515,80.2211914063,62255,62265,10
12.9789896011,80.221206665,62265,62275,10
12.9783201218,80.2212524414,62275,62286,11
12.9775695801,80.2212677002,62286,62296,10
12.9769802094,80.2212982178,62296,62316,20
12.9766702652,80.2212600708,62316,62346,30
12.9766702652,80.2212600708,62346,62356,10
12.9763803482,80.2211608887,62356,62366,10
12.975979805,80.2212905884,62366,62386,20
12.975979805,80.2212905884,62386,62396,10
12.9758501053,80.2212219238,62396,62417,21
12.9758501053,80.2212219238,62417,62427,10
12.9756202698,80.2210693359,62427,62437,10
12.975399971,80.2209014893,62437,62447,10
12.9751996994,80.2207794189,62447,62457,10
12.9745798111,80.2205581665,62457,62467,10
12.9737300873,80.2202987671,62467,62477,10
12.9730796814,80.2199630737,62477,62487,10
12.972319603,80.219619751,62487,62497,10
12.9715595245,80.2193374634,62497,62507,10
12.9711904526,80.2192382813,62507,62517,10
12.9710998535,80.2192001343,62517,62527,10
12.9709300995,80.2191390991,62527,62538,11
12.9706201553,80.2189178467,62538,62548,10
12.9700803757,80.2186813354,62548,62558,10
12.9694404602,80.218421936,62558,62568,10
12.9687700272,80.2181472778,62568,62578,10
12.9680995941,80.2178878784,62578,62588,10
12.9674196243,80.2176132202,62588,62598,10
12.9665498734,80.2172698975,62598,62608,10
12.9655399323,80.2168731689,62608,62617,9
12.9645996094,80.2164993286,62617,62627,10
12.9637002945,80.2161331177,62627,62638,11
12.9628000259,80.2157287598,62638,62648,10
12.9617996216,80.2153320313,62648,62658,10
12.9607400894,80.2149124146,62658,62668,10
12.9597597122,80.2145385742,62668,62679,11
12.9587097168,80.2140808105,62679,62689,10
12.9578399658,80.213760376,62689,62699,10
12.9570398331,80.2134399414,62699,62709,10
12.9561300278,80.2130737305,62709,62719,10
12.955160141,80.2127075195,62719,62729,10
12.9542798996,80.2123565674,62729,62739,10
12.9535799026,80.2120819092,62739,62749,10
12.9528999329,80.2117767334,62749,62759,10
12.9520397186,80.21144104,62759,62769,10
12.9510402679,80.2110595703,62769,62779,10
12.9499998093,80.2106704712,62779,62789,10
12.949090004,80.2103118896,62789,62799,10
12.9482402802,80.2099761963,62799,62810,11
12.9470701218,80.2095108032,62810,62820,10
12.9458703995,80.2090530396,62820,62830,10
12.9448900223,80.2086486816,62830,62840,10
12.9442396164,80.2084121704,62840,62850,10
12.9441699982,80.2083816528,62850,62860,10
12.943810463,80.2082214355,62860,62870,10
12.9432201385,80.2079391479,62870,62880,10
12.9428701401,80.207572937,62880,62890,10
12.942779541,80.2074584961,62890,62900,10
12.942489624,80.2070770264,62900,62910,10
12.9419403076,80.2065963745,62910,62920,10
12.9413099289,80.2061691284,62920,62931,11
12.9410896301,80.2060699463,62931,62941,10
12.9408998489,80.2059783936,62941,62951,10
12.9404602051,80.2058105469,62951,62961,10
12.9399204254,80.2056427002,62961,62971,10
12.9391899109,80.2054290771,62971,62981,10
12.9384298325,80.2051925659,62981,62991,10
12.9383296967,80.2051620483,62991,63001,10
12.938079834,80.2050933838,63001,63011,10
12.9375600815,80.2049407959,63011,63021,10
12.9368600845,80.2047424316,63021,63031,10
12.9360399246,80.204498291,63031,63041,10
12.9353199005,80.2042312622,63041,63051,10
12.934510231,80.2039871216,63051,63062,11
12.933719635,80.2039413452,63062,63072,10
12.9336996078,80.2039413452,63072,63082,10
12.9335002899,80.2039031982,63082,63092,10
12.9329795837,80.2037124634,63092,63102,10
12.9322500229,80.203453064,63102,63112,10
12.9313898087,80.203163147,63112,63122,10
12.9306497574,80.2029418945,63122,63132,10
12.9298400879,80.2028198242,63132,63142,10
12.9294700623,80.2027816772,63142,63152,10
12.9293403625,80.2027587891,63152,63162,10
12.9288301468,80.2026901245,63162,63172,10
12.9284801483,80.2022094727,63172,63182,10
12.928440094,80.2012863159,63182,63193,11
12.9283800125,80.2001495361,63193,63203,10
12.9279699326,80.1989364624,63203,63212,9
12.9274101257,80.1981124878,63212,63223,11
12.9263601303,80.1976013184,63223,63233,10
12.9255199432,80.1975326538,63233,63243,10
12.9252796173,80.197517395,63243,63253,10
12.924779892,80.1975097656,63253,63263,10
12.9240398407,80.1975097656,63263,63273,10
12.9231595993,80.1974411011,63273,63283,10
12.9222097397,80.197303772,63283,63293,10
12.9215097427,80.1971130371,63293,63303,10
12.920920372,80.1968994141,63303,63313,10
12.920249939,80.1966629028,63313,63324,11
12.9194898605,80.1963882446,63324,63334,10
12.918970108,80.1960220337,63334,63343,9
12.9185695648,80.195640564,63343,63354,11
12.9181995392,80.1952972412,63354,63364,10
12.9176502228,80.19480896,63364,63374,10
12.9174098969,80.1945877075,63374,63384,10
12.9172401428,80.1944122314,63384,63394,10
12.9170303345,80.1940612793,63394,63404,10
12.9169998169,80.1937408447,63404,63414,10
12.9169998169,80.1934280396,63414,63424,10
12.9170398712,80.1929702759,63424,63434,10
12.9171199799,80.1924285889,63434,63444,10
12.9171895981,80.1919784546,63444,63455,11
12.9172201157,80.1915588379,63455,63475,20
12.9172201157,80.1915588379,63475,63485,10
12.91726017,80.1913223267,63485,63495,10
12.917309761,80.1908798218,63495,63505,10
12.9173898697,80.1901931763,63505,63515,10
12.9175796509,80.1894378662,63515,63525,10
12.9179801941,80.1887283325,63525,63535,10
12.9184904099,80.1881484985,63535,63545,10
12.9188995361,80.1876983643,63545,63561,16
12.9197101593,80.1867980957,63561,63573,12
12.9202299118,80.1862030029,63573,63582,9
12.9205598831,80.1855010986,63582,63594,12
12.9202899933,80.1843414307,63594,63604,10
12.9200801849,80.1834030151,63604,63614,10
12.9199495316,80.1828231812,63614,63624,10
12.9199304581,80.182762146,63624,63633,9
12.9199304581,80.1827392578,63633,63644,11
12.9198198318,80.1822509766,63644,63654,10
12.9196796417,80.1816177368,63654,63664,10
12.919500351,80.1807479858,63664,63674,10
12.9193201065,80.1798400879,63674,63684,10
12.9189300537,80.179069519,63684,63694,10
12.9184398651,80.1783828735,63694,63704,10
12.9181995392,80.1774215698,63704,63715,11
12.918419838,80.1761932373,63715,63725,10
12.9187097549,80.1750793457,63725,63735,10
12.9189796448,80.1739273071,63735,63745,10
12.9192399979,80.1728973389,63745,63755,10
12.9194202423,80.1722869873,63755,63765,10
12.9195804596,80.1716537476,63765,63775,10
12.9197998047,80.1709823608,63775,63785,10
12.9198598862,80.1707229614,63785,63795,10
12.9199695587,80.1703567505,63795,63805,10
12.9201898575,80.169670105,63805,63815,10
12.9204597473,80.1688308716,63815,63825,10
12.9207696915,80.1678695679,63825,63836,11
12.9211397171,80.1667175293,63836,63846,10
12.9214801788,80.1656570435,63846,63856,10
12.9218301773,80.1645889282,63856,63866,10
12.9221401215,80.1635894775,63866,63876,10
12.9224395752,80.1625900269,63876,63886,10
12.9227600098,80.1616210938,63886,63896,10
12.9230203629,80.1608276367,63896,63906,10
12.9231595993,80.16040802,63906,63916,10
12.9233102798,80.1597213745,63916,63926,10
12.9233999252,80.158782959,63926,63942,16
12.9235401154,80.1572036743,63942,63954,12
12.923620224,80.1563034058,63954,63962,8
12.9235801697,80.1556777954,63962,63975,13
12.9233798981,80.1550598145,63975,63985,10
12.9233703613,80.1550369263,63985,63994,9
12.9233598709,80.1549835205,63994,64004,10
12.9232997894,80.1546401978,64004,64015,11
12.9231395721,80.153968811,64015,64025,10
12.9229602814,80.1532287598,64025,64035,10
12.9226903915,80.1521224976,64035,64075,40
12.9226903915,80.1521224976,64075,64085,10
12.9226799011,80.1519393921,64085,64096,11
12.922659874,80.1514511108,64096,64106,10
12.9226398468,80.1506576538,64106,64116,10
12.9225997925,80.1496582031,64116,64125,9
12.9225502014,80.1487503052,64125,64136,11
12.9225301743,80.1476821899,64136,64146,10
12.9225101471,80.1470336914,64146,64156,10
12.9224996567,80.1469726563,64156,64166,10
12.9224996567,80.1465606689,64166,64176,10
12.9224996567,80.1458816528,64176,64186,10
12.9224796295,80.1450119019,64186,64196,10
12.9224500656,80.1439666748,64196,64206,10
12.922419548,80.1429977417,64206,64216,10
12.9224004745,80.142288208,64216,64228,12
12.922369957,80.1416931152,64228,64238,10
12.9223604202,80.1416015625,64238,64248,10
12.9223499298,80.1413497925,64248,64258,10
12.9223403931,80.1408004761,64258,64268,10
12.9223403931,80.1401596069,64268,64278,10
12.9223299026,80.1393280029,64278,64287,9
12.9223804474,80.1384811401,64287,64298,11
12.9224300385,80.1373825073,64298,64308,10
12.9224796295,80.1363601685,64308,64318,10
12.9225196838,80.1353607178,64318,64328,10
12.9225597382,80.1343917847,64328,64338,10
12.9226102829,80.133430481,64338,64348,10
12.9226198196,80.1327590942,64348,64359,11
12.9226398468,80.131942749,64359,64369,10
12.9226503372,80.131401062,64369,64379,10
12.922659874,80.1312713623,64379,64389,10
12.9226903915,80.1307830811,64389,64399,10
12.9227399826,80.1300964355,64399,64409,10
12.9227800369,80.1294021606,64409,64419,10
12.922829628,80.1287078857,64419,64429,10
12.9228601456,80.1280593872,64429,64439,10
12.9228696823,80.1274032593,64439,64449,10
12.9228801727,80.1267623901,64449,64465,16
12.9229402542,80.1252975464,64465,64477,12
12.9230003357,80.1239624023,64477,64488,11
12.9230604172,80.1226806641,64488,64498,10
12.9231100082,80.1215362549,64498,64508,10
12.9231395721,80.12084198,64508,64528,20
12.9231395721,80.12084198,64528,64538,10
12.9231901169,80.1206436157,64538,64548,10
12.9232196808,80.1203613281,64548,64559,11
12.9232597351,80.1198425293,64559,64569,10
12.9232702255,80.119102478,64569,64579,10
12.9232997894,80.1184463501,64579,64589,10
12.9233999252,80.1177368164,64589,64599,10
12.9234304428,80.1173400879,64599,64610,11
12.9234304428,80.1171112061,64610,64660,50
12.9234304428,80.1171112061,64660,64670,10
12.9235401154,80.1168670654,64670,64680,10
12.9235696793,80.1170883179,64680,64690,10
12.9235296249,80.1174697876,64690,64700,10
12.9235897064,80.1179199219,64700,64710,10
12.9235200882,80.1185073853,64710,64719,9
12.9234895706,80.119140625,64719,64730,11
12.9233398438,80.1203079224,64730,64761,31
12.9233398438,80.1203079224,64761,64771,10
12.923330307,80.1204223633,64771,64781,10
12.9232997894,80.1207962036,64781,64791,10
12.9233503342,80.1211166382,64791,64811,20
12.9233503342,80.1211166382,64811,64821,10
12.9232997894,80.1214294434,64821,66031,1210
12.9232997894,80.1214294434,66031,66041,10
12.9232301712,80.1217803955,66041,66051,10
12.923210144,80.1222305298,66051,66061,10
12.9231796265,80.1228179932,66061,66071,10
12.9231500626,80.1235275269,66071,66081,10
12.9231300354,80.1241836548,66081,66091,10
12.9230899811,80.1249237061,66091,66101,10
12.9230604172,80.1256332397,66101,66151,50
12.9230604172,80.1256332397,66151,66162,11
12.9230499268,80.1258163452,66162,66172,10
12.9230003357,80.1263504028,66172,66182,10
12.9229698181,80.1271820068,66182,66192,10
12.9229297638,80.1279373169,66192,66202,10
12.9228801727,80.1286087036,66202,66212,10
12.9228096008,80.1293106079,66212,66222,10
12.9227800369,80.1301574707,66222,66232,10
12.9227895737,80.1310424805,66232,66242,10
12.9228000641,80.131362915,66242,66252,10
12.9227800369,80.1317901611,66252,66262,10
12.9227399826,80.1325378418,66262,66272,10
12.9226903915,80.1335372925,66272,66282,10
12.9226303101,80.1346282959,66282,66293,11
12.9225902557,80.1356811523,66293,66303,10
12.9225597382,80.1365966797,66303,66313,10
12.9225196838,80.1373672485,66313,66323,10
12.9224796295,80.1382369995,66323,66333,10
12.9224100113,80.1391220093,66333,66343,10
12.922419548,80.1399765015,66343,66353,10
12.9224500656,80.14037323,66353,66363,10
12.9224500656,80.1406936646,66363,66373,10
12.9224500656,80.1413726807,66373,66383,10
12.9224596024,80.1421966553,66383,66393,10
12.9225196838,80.142616272,66393,66403,10
12.9225196838,80.1428604126,66403,66413,10
12.9225196838,80.1431503296,66413,66424,11
12.9225597382,80.1435394287,66424,66440,16
12.9225597382,80.1436462402,66440,66452,12
12.9225502014,80.1437683105,66452,66462,10
12.9225301743,80.1441574097,66462,66470,8
12.9225597382,80.1449203491,66470,66481,11
12.9226303101,80.1460494995,66481,66492,11
12.9226398468,80.1471176147,66492,66502,10
12.9226398468,80.1473922729,66502,66512,10
12.9226398468,80.1474761963,66512,66522,10
12.9226398468,80.1476974487,66522,66532,10
12.9226303101,80.1482620239,66532,66542,10
12.9226398468,80.1491012573,66542,66553,11
12.9226999283,80.1502914429,66553,66563,10
12.9227399826,80.1511993408,66563,66573,10
12.9227600098,80.1515197754,66573,66583,10
12.9227695465,80.1518707275,66583,66593,10
12.9228401184,80.1524734497,66593,66603,10
12.9230203629,80.1532592773,66603,66613,10
12.9232597351,80.1541595459,66613,66623,10
12.9234399796,80.1547470093,66623,66633,10
12.9234600067,80.154838562,66633,66643,10
12.9235401154,80.1552810669,66643,66653,10
12.9237098694,80.15599823,66653,66663,10
12.9236602783,80.1570205688,66663,66673,10
12.9235401154,80.1581573486,66673,66684,11
12.9234399796,80.1594467163,66684,66694,10
12.9233503342,80.1603622437,66694,66704,10
12.9233198166,80.1604614258,66704,66720,16
12.923119545,80.1610107422,66720,66732,12
12.9228200912,80.1619033813,66732,66742,10
12.9225902557,80.1625976563,66742,66752,10
12.9222002029,80.1638183594,66752,66762,10
12.9218397141,80.1649017334,66762,66771,9
12.9215202332,80.1658782959,66771,66782,11
12.9211397171,80.1670532227,66782,66792,10
12.920920372,80.1678695679,66792,66802,10
12.9207000732,80.168510437,66802,66813,11
12.9204101563,80.1694107056,66813,66823,10
12.9201202393,80.1703796387,66823,66834,11
12.9199199677,80.171081543,66834,66844,10
12.9198904037,80.1711730957,66844,66854,10
12.9197597504,80.171546936,66854,66864,10
12.9195995331,80.1721572876,66864,66874,10
12.9193696976,80.172958374,66874,66884,10
12.9191102982,80.1738967896,66884,66894,10
12.9188995361,80.1747589111,66894,66904,10
12.9185600281,80.1760787964,66904,66914,10
12.9183502197,80.1771087646,66914,66924,10
12.918419838,80.1782608032,66924,66934,10
12.9191102982,80.1792221069,66934,66944,10
12.919500351,80.1803436279,66944,66955,11
12.9197797775,80.1816177368,66955,66965,10
12.9200201035,80.1826934814,66965,66975,10
12.9202404022,80.1835479736,66975,66985,10
12.9203596115,80.1839370728,66985,66995,10
12.9203901291,80.1841201782,66995,67005,10
12.9204702377,80.1845626831,67005,67015,10
12.920630455,80.185256958,67015,67035,20
12.920630455,80.185256958,67035,67045,10
12.9206895828,80.1854019165,67045,67055,10
12.9207201004,80.1857910156,67055,67065,10
12.9203996658,80.1862869263,67065,67076,11
12.9198303223,80.1869430542,67076,67086,10
12.9193201065,80.1875,67086,67096,10
12.9189901352,80.1878890991,67096,67106,10
12.9186000824,80.1882705688,67106,67116,10
12.9181499481,80.1887817383,67116,67126,10
12.917719841,80.1894226074,67126,67136,10
12.9175195694,80.1902008057,67136,67146,10
12.9174203873,80.190788269,67146,67156,10
12.9173498154,80.1915512085,67156,67166,10
12.91726017,80.1923065186,67166,67176,10
12.9171600342,80.1931381226,67176,67237,61
12.9171600342,80.1931381226,67237,67247,10
12.9171495438,80.1933822632,67247,67257,10
12.9171199799,80.1937637329,67257,67267,10
12.9172401428,80.1942977905,67267,67277,10
12.9176702499,80.19480896,67277,67287,10
12.9182796478,80.1953582764,67287,67303,16
12.9193096161,80.1962585449,67303,67315,12
12.9201803207,80.196647644,67315,67325,10
12.9208602905,80.1968917847,67325,67336,11
12.9216299057,80.1971664429,67336,67346,10
12.9225301743,80.1973724365,67346,67356,10
12.9232501984,80.1974563599,67356,67366,10
12.9233598709,80.197479248,67366,67376,10
12.9238004684,80.1975326538,67376,67385,9
12.924369812,80.1975402832,67385,67396,11
12.9251499176,80.197517395,67396,67406,10
12.9253797531,80.1975326538,67406,67415,9
12.9258098602,80.1975326538,67415,67425,10
12.9264802933,80.1976394653,67425,67436,11
12.9273004532,80.1980361938,67436,67446,10
12.9279098511,80.1987609863,67446,67457,11
12.9282903671,80.1995773315,67457,67467,10
12.9284801483,80.2004165649,67467,67477,10
12.9285297394,80.2012634277,67477,67487,10
12.928560257,80.2019424438,67487,67497,10
12.9286203384,80.2025680542,67497,67507,10
12.9291601181,80.2027816772,67507,67517,10
12.9294099808,80.2027893066,67517,67527,10
12.929479599,80.2027893066,67527,67537,10
12.9299097061,80.2028579712,67537,67547,10
12.9305000305,80.2029571533,67547,67557,10
12.9311304092,80.2031173706,67557,67567,10
12.9318799973,80.2033615112,67567,67577,10
12.9326200485,80.2036132813,67577,67588,11
12.9331598282,80.2038192749,67588,67598,10
12.9337596893,80.2039413452,67598,67608,10
12.9340496063,80.2039489746,67608,67618,10
12.9342498779,80.2039718628,67618,67628,10
12.934800148,80.2040405273,67628,67638,10
12.9354200363,80.2042770386,67638,67648,10
12.9359798431,80.2044906616,67648,67658,10
12.9366397858,80.2046813965,67658,67668,10
12.9373598099,80.2048873901,67668,67678,10
12.9380598068,80.205078125,67678,67688,10
12.9387397766,80.2052764893,67688,67698,10
12.9394302368,80.2054977417,67698,67708,10
12.9398899078,80.2056274414,67708,67719,11
12.9399700165,80.2056503296,67719,67729,10
12.9403400421,80.2057723999,67729,67739,10
12.9405899048,80.2058563232,67739,67749,10
12.9408197403,80.2059402466,67749,67759,10
12.9413204193,80.2061920166,67759,67769,10
12.9420003891,80.2066497803,67769,67779,10
12.942700386,80.20728302,67779,67789,10
12.9433202744,80.2080001831,67789,67799,10
12.9440498352,80.2083129883,67799,67809,10
12.9442996979,80.2083892822,67809,67819,10
12.9443597794,80.2084274292,67819,67829,10
12.9447603226,80.2085800171,67829,67839,10
12.9454202652,80.2088165283,67839,67850,11
12.9462995529,80.2091598511,67850,67860,10
12.9470596313,80.2094497681,67860,67876,16
12.9480400085,80.2098464966,67876,67888,12
12.948679924,80.2100906372,67888,67898,10
12.9492702484,80.210319519,67898,67908,10
12.950340271,80.2107620239,67908,67918,10
12.9513597488,80.2111587524,67918,67928,10
12.952170372,80.2114715576,67928,67938,10
12.9526796341,80.2116622925,67938,67948,10
12.9529495239,80.2117614746,67948,67958,10
12.9531002045,80.2118530273,67958,67968,10
12.9532403946,80.2118988037,67968,67979,11
12.9537401199,80.212097168,67979,67989,10
12.9544401169,80.2123794556,67989,67999,10
12.9553203583,80.2127227783,67999,68009,10
12.9562196732,80.2130813599,68009,68019,10
12.957110405,80.2134170532,68019,68029,10
12.9580898285,80.2138214111,68029,68039,10
12.9588098526,80.2141189575,68039,68049,10
12.9591197968,80.2142410278,68049,68059,10
12.959400177,80.2143630981,68059,68069,10
12.9597902298,80.2145080566,68069,68079,10
12.9604301453,80.2147827148,68079,68089,10
12.9612598419,80.2151031494,68089,68100,11
12.9621801376,80.215461731,68100,68110,10
12.9624996185,80.2155685425,68110,68120,10
12.9625196457,80.2155838013,68120,68130,10
12.9627103806,80.2156524658,68130,68140,10
12.9627304077,80.2156600952,68140,68150,10
12.9629602432,80.2157287598,68150,68160,10
12.9633102417,80.2158584595,68160,68170,10
12.9637098312,80.2160263062,68170,68180,10
12.9641304016,80.2162094116,68180,68190,10
12.9646100998,80.2164230347,68190,68200,10
12.9652795792,80.2166900635,68200,68210,10
12.9657802582,80.2168807983,68210,68220,10
12.9659500122,80.2169418335,68220,68231,11
12.9662799835,80.2171020508,68231,68241,10
12.9666900635,80.2172775269,68241,68251,10
12.9671096802,80.2174530029,68251,68261,10
12.9675798416,80.2176513672,68261,68271,10
12.9681196213,80.217880249,68271,68281,10
12.9687595367,80.2181167603,68281,68291,10
12.9696397781,80.2184371948,68291,68301,10
12.9705495834,80.2188110352,68301,68311,10
12.9711999893,80.2190170288,68311,68331,20
12.9711999893,80.2190170288,68331,68341,10
12.971570015,80.2191696167,68341,68351,10
12.9721298218,80.2194213867,68351,68362,11
12.9726896286,80.2196426392,68362,68372,10
12.9732303619,80.2198562622,68372,68382,10
12.9737997055,80.220123291,68382,68392,10
12.9743995667,80.2203979492,68392,68402,10
12.9751996994,80.2207565308,68402,68541,139
12.9751996994,80.2207565308,68541,68550,9
12.9753303528,80.2208480835,68550,68561,11
12.9755001068,80.220916748,68561,68571,10
12.9757995605,80.2211685181,68571,68581,10
12.9761400223,80.2212982178,68581,68601,20
12.9761400223,80.2212982178,68601,68611,10
12.9764099121,80.2212982178,68611,68622,11
12.9769296646,80.2212905884,68622,68632,10
12.9775495529,80.2212600708,68632,68642,10
12.9781599045,80.2212219238,68642,68652,10
12.9787998199,80.2211990356,68652,68661,9
12.9792003632,80.2211608887,68661,68672,11
12.9797496796,80.2211074829,68672,68682,10
12.9804296494,80.2210617065,68682,68692,10
12.981089592,80.2210769653,68692,68702,10
12.9816598892,80.2214126587,68702,68712,10
12.9822597504,80.2217788696,68712,68722,10
12.9826002121,80.2219009399,68722,68732,10
12.9829101563,80.2220306396,68732,68743,11
12.9829301834,80.222038269,68743,68753,10
12.9830102921,80.222076416,68753,68763,10
12.983300209,80.2222518921,68763,68773,10
12.9835796356,80.2224578857,68773,68783,10
12.9839696884,80.2227020264,68783,68793,10
12.9843997955,80.2229614258,68793,68803,10
12.9848203659,80.2232131958,68803,68813,10
12.9853000641,80.2233505249,68813,68823,10
12.9856595993,80.2230987549,68823,68833,10
12.9862003326,80.2230300903,68833,68843,10
12.9866399765,80.2230377197,68843,68894,51
12.9870195389,80.2230682373,68894,68914,20
12.9870195389,80.2230682373,68914,68924,10
12.9872598648,80.2230987549,68924,68934,10
12.9873104095,80.2231216431,68934,68944,10
12.9875001907,80.2231292725,68944,68954,10
12.9876403809,80.2230987549,68954,68964,10
12.9879903793,80.2229309082,68964,68974,10
12.9883003235,80.2227020264,68974,68984,10
12.9887599945,80.2222671509,68984,68994,10
12.9891901016,80.2217712402,68994,69005,11
12.9896802902,80.2211608887,69005,69015,10
12.9902896881,80.2205429077,69015,69025,10
12.990480423,80.2203979492,69025,69035,10
12.9907197952,80.2201766968,69035,69045,10
12.9911603928,80.219833374,69045,69055,10
12.9913196564,80.2197113037,69055,69065,10
12.9914999008,80.2195587158,69065,69075,10
12.9919300079,80.2192993164,69075,69085,10
12.9925498962,80.2188415527,69085,69095,10
12.9932403564,80.2183380127,69095,69105,10
12.9938402176,80.217918396,69105,69115,10
12.9942903519,80.2175979614,69115,69125,10
12.9946804047,80.2173233032,69125,69136,11
12.9950799942,80.2170410156,69136,69146,10
12.9955301285,80.2168121338,69146,69156,10
12.9961500168,80.2166366577,69156,69166,10
12.9967803955,80.2165374756,69166,69176,10
12.9971904755,80.2164764404,69176,69186,10
12.9975299835,80.2161407471,69186,69206,20
12.9975299835,80.2161407471,69206,69216,10
12.9976997375,80.2159805298,69216,69226,10
12.9981098175,80.215637207,69226,69236,10
12.9986400604,80.2151565552,69236,69246,10
12.9990901947,80.2147979736,69246,69257,11
12.999420166,80.2145004272,69257,69267,10
12.999879837,80.2141036987,69267,69277,10
13.0003595352,80.2136917114,69277,69287,10
13.0009002686,80.2132034302,69287,69297,10
13.0015602112,80.2127304077,69297,69307,10
13.0020999908,80.2123565674,69307,69317,10
13.0023298264,80.2122573853,69317,69327,10
13.0027103424,80.2121505737,69327,69337,10
13.0031995773,80.2121200562,69337,69347,10
13.0037202835,80.2120437622,69347,69357,10
13.0042800903,80.2121963501,69357,69367,10
13.0047998428,80.2124633789,69367,69377,10
13.0054597855,80.2128601074,69377,69388,11
13.0061798096,80.2128372192,69388,69398,10
13.006819725,80.2127914429,69398,69408,10
13.007610321,80.212928772,69408,69428,20
13.007610321,80.212928772,69428,69438,10
13.0077600479,80.2130508423,69438,69549,111
13.0077600479,80.2130508423,69549,69559,10
13.0081396103,80.2132797241,69559,69589,30
13.0081396103,80.2132797241,69589,69599,10
13.0084600449,80.2134170532,69599,69609,10
13.0085401535,80.2134780884,69609,69619,10
13.0087404251,80.213760376,69619,69629,10
13.0090398788,80.2141723633,69629,69639,10
13.0095100403,80.2148590088,69639,69700,61
13.0095100403,80.2148590088,69700,69710,10
13.0097799301,80.2151565552,69710,69726,16
13.0104198456,80.2158966064,69726,69738,12
13.0107698441,80.2167434692,69738,69746,8
13.0110397339,80.2173690796,69746,69758,12
13.0115003586,80.2185974121,69758,69768,10
13.0119104385,80.2197723389,69768,69779,11
13.0122299194,80.2207794189,69779,69789,10
13.0125799179,80.2215576172,69789,69799,10
13.0130500793,80.2221603394,69799,69809,10
13.0133399963,80.2225494385,69809,69819,10
13.0136003494,80.222869873,69819,69828,9
13.0138597488,80.2231826782,69828,69839,11
13.0141096115,80.2234802246,69839,69849,10
13.0143098831,80.223739624,69849,69859,10
13.0146503448,80.2241516113,69859,69869,10
13.015080452,80.2246627808,69869,69879,10
13.0151395798,80.2247390747,69879,69889,10
13.0153503418,80.2249069214,69889,69900,11
13.0155696869,80.225112915,69900,69910,10
13.0156402588,80.225189209,69910,69920,10
13.0160303116,80.2254180908,69920,69930,10
13.0166501999,80.2253265381,69930,69940,10
13.0173397064,80.2250595093,69940,69950,10
13.0180702209,80.2247467041,69950,69960,10
13.0186901093,80.2245101929,69960,69970,10
13.0193300247,80.2244262695,69970,69980,10
13.0196399689,80.2245635986,69980,69990,10
13.0199203491,80.2247619629,69990,70000,10
13.0202302933,80.2249984741,70000,70010,10
13.0207700729,80.2253570557,70010,70020,10
13.0212402344,80.2257003784,70020,70030,10
13.0217695236,80.2260665894,70030,70047,17
13.0220603943,80.2262496948,70047,70059,12
13.0223398209,80.2264862061,70059,70069,10
13.0224599838,80.2266082764,70069,70079,10
13.0226202011,80.2267837524,70079,70089,10
13.0227804184,80.2269210815,70089,70099,10
13.0229902267,80.2271194458,70099,70109,10
13.0232200623,80.2274017334,70109,70119,10
13.0235004425,80.2276382446,70119,70129,10
13.0236797333,80.2277526855,70129,70149,20
13.0236797333,80.2277526855,70149,70160,11
13.0238103867,80.2278594971,70160,70170,10
13.0240001678,80.2280197144,70170,70180,10
13.0242204666,80.228302002,70180,70190,10
13.024430275,80.2285995483,70190,70201,11
13.0246601105,80.2289428711,70201,70212,11
13.0249099731,80.229309082,70212,70220,8
13.0254497528,80.2299804688,70220,70252,32
13.0254497528,80.2299804688,70252,70261,9
13.0256299973,80.2302398682,70261,70271,10
13.0257396698,80.2304763794,70271,70282,11
13.0258598328,80.2307128906,70282,70293,11
13.0259199142,80.2309188843,70293,70303,10
13.025970459,80.2312774658,70303,70313,10
13.0262403488,80.2313537598,70313,70323,10
13.0269203186,80.2312011719,70323,70333,10
13.0277500153,80.2310180664,70333,70343,10
13.0284700394,80.2309494019,70343,70383,40
13.0284700394,80.2309494019,70383,70393,10
13.0289201736,80.2309188843,70393,70403,10
13.029129982,80.2309112549,70403,70414,11
13.0293903351,80.2308883667,70414,70424,10
13.0297002792,80.2308502197,70424,70434,10
13.029999733,80.2308273315,70434,70444,10
13.0303497314,80.2307891846,70444,70484,40
13.0303497314,80.2307891846,70484,70494,10
13.0306501389,80.2307662964,70494,70504,10
13.0311203003,80.2307434082,70504,70514,10
13.031829834,80.2306900024,70514,70524,10
13.0326004028,80.2306289673,70524,70534,10
13.0332803726,80.2305908203,70534,70545,11
13.0335998535,80.2305603027,70545,70555,10
13.033949852,80.2305221558,70555,70565,10
13.0340900421,80.230506897,70565,70575,10
13.0344295502,80.2304534912,70575,70605,30
13.0346603394,80.2304382324,70605,70676,71
13.0346603394,80.2304382324,70676,70686,10
13.0348796844,80.2303009033,70686,70696,10
13.0349397659,80.2302398682,70696,70706,10
13.0347995758,80.2300796509,70706,70716,10
13.0343599319,80.2301864624,70716,71059,343
13.0341300964,80.2303390503,71059,71089,30
13.0341300964,80.2303390503,71089,71099,10
13.0340900421,80.2304611206,71099,71109,10
13.0338897705,80.2305297852,71109,71119,10
13.0333204269,80.2305679321,71119,71129,10
13.0325202942,80.2306518555,71129,71139,10
13.0316696167,80.23072052,71139,71149,10
13.0309801102,80.2307815552,71149,71159,10
13.0307397842,80.230796814,71159,71169,10
13.0305099487,80.2308120728,71169,71179,10
13.0302495956,80.2308273315,71179,71190,11
13.02987957,80.2308578491,71190,71200,10
13.0296602249,80.2309036255,71200,71210,10
13.0292301178,80.2309265137,71210,71220,10
13.0285797119,80.2309875488,71220,71230,10
13.027879715,80.2310562134,71230,71239,9
13.0276699066,80.2312011719,71239,71249,10
13.0277004242,80.2317733765,71249,71260,11
13.0277900696,80.2323608398,71260,71270,10
13.0278196335,80.2328872681,71270,71280,10
13.0269002914,80.233039856,71280,71361,81
13.0269002914,80.233039856,71361,71371,10
13.0265598297,80.2330322266,71371,71381,10
13.0263004303,80.2329101563,71381,71391,10
13.026140213,80.232421875,71391,71401,10
13.0260801315,80.2322006226,71401,71411,10
13.0260400772,80.2319412231,71411,71421,10
13.0259799957,80.2317428589,71421,71431,10
13.0258798599,80.2312164307,71431,71442,11
13.0255403519,80.2304229736,71442,71452,10
13.025179863,80.2299423218,71452,71462,10
13.0250797272,80.2297821045,71462,71472,10
13.0249700546,80.2295379639,71472,71502,30
13.0249700546,80.2295379639,71502,71512,10
13.0247802734,80.2293167114,71512,71522,10
13.0245199203,80.2289962769,71522,71532,10
13.0242595673,80.2286682129,71532,71548,16
13.0236597061,80.2279815674,71548,71560,12
13.0230197906,80.2274627686,71560,71581,21
13.0230197906,80.2274627686,71581,71589,8
13.0228204727,80.2272567749,71589,71601,12
13.0226297379,80.2269592285,71601,71610,9
13.0223999023,80.2267303467,71610,71621,11
13.0218601227,80.2262802124,71621,71631,10
13.0213699341,80.2259063721,71631,71641,10
13.0208501816,80.2255096436,71641,71651,10
13.0206804276,80.2253799438,71651,71661,10
13.0203104019,80.225151062,71661,71671,10
13.0196895599,80.2247390747,71671,71681,10
13.0188398361,80.2245407104,71681,71691,10
13.0179796219,80.2248687744,71691,71702,11
13.0170001984,80.2252731323,71702,71712,10
13.0164604187,80.2255096436,71712,71722,10
13.0161600113,80.2256011963,71722,71732,10
13.0156602859,80.2257537842,71732,71742,10
13.0152196884,80.2259521484,71742,71752,10
13.0151596069,80.225982666,71752,71762,10
13.0150499344,80.226020813,71762,71772,10
13.0144395828,80.2262573242,71772,71792,20
13.0144395828,80.2262573242,71792,71802,10
13.0141201019,80.2263717651,71802,71812,10
13.0135402679,80.2265777588,71812,71822,10
13.0128202438,80.226852417,71822,71833,11
13.0119800568,80.227180481,71833,71843,10
13.0111103058,80.2275009155,71843,71853,10
13.0102300644,80.2278518677,71853,71863,10
13.0095796585,80.2279968262,71863,71873,10
13.0094203949,80.2276611328,71873,71883,10
13.0096302032,80.2272415161,71883,71893,10
13.0099096298,80.2266921997,71893,71903,10
13.010140419,80.2261962891,71903,71923,20
13.010140419,80.2261962891,71923,71933,10
13.0102300644,80.226020813,71933,71943,10
13.0103902817,80.2257232666,71943,71953,10
13.0104999542,80.2254486084,71953,71964,11
13.01060009,80.2251968384,71964,71974,10
13.0106801987,80.2249984741,71974,71984,10
13.0106897354,80.224899292,71984,71994,10
13.0107698441,80.2246398926,71994,72004,10
13.0109195709,80.2242965698,72004,72014,10
13.011059761,80.2239608765,72014,72024,10
13.0112800598,80.2234573364,72024,72034,10
13.0116100311,80.2226486206,72034,72043,9
13.0117998123,80.2218170166,72043,72054,11
13.0120801926,80.2212295532,72054,72064,10
13.0119800568,80.2206420898,72064,72074,10
13.011759758,80.2198867798,72074,72085,11
13.0115003586,80.219039917,72085,72095,10
13.0112104416,80.2182388306,72095,72105,10
13.0108995438,80.2174606323,72105,72115,10
13.0105800629,80.2167434692,72115,72125,10
13.0102596283,80.2161865234,72125,72135,10
13.0099401474,80.2155380249,72135,72145,10
13.0095796585,80.2149887085,72145,72155,10
13.00922966,80.2145080566,72155,72165,10
13.0089998245,80.2142333984,72165,72185,20
13.0089998245,80.2142333984,72185,72195,10
13.008890152,80.2140808105,72195,72226,31
13.008890152,80.2140808105,72226,72236,10
13.0086803436,80.2138290405,72236,72256,20
13.0086803436,80.2138290405,72256,72266,10
13.0085000992,80.2136230469,72266,72276,10
13.0084104538,80.2135162354,72276,72286,10
13.0083703995,80.2134933472,72286,72296,10
13.0081796646,80.2133789063,72296,72367,71
13.0078201294,80.2131729126,72367,72387,20
13.0078201294,80.2131729126,72387,72397,10
13.0074901581,80.2129364014,72397,72407,10
13.0069999695,80.2128219604,72407,72417,10
13.0062999725,80.212852478,72417,72427,10
13.005610466,80.2129821777,72427,72437,10
13.0048904419,80.2125320435,72437,72447,10
13.0041599274,80.2122192383,72447,72457,10
13.0035400391,80.2121505737,72457,72467,10
13.0030899048,80.2121505737,72467,72478,11
13.0026798248,80.2121734619,72478,72488,10
13.0022201538,80.2123336792,72488,72504,16
13.0015201569,80.2127838135,72504,72516,12
13.0008802414,80.2133026123,72516,72526,10
13.00041008,80.2137374878,72526,72535,9
12.999830246,80.2142486572,72535,72546,11
12.9993495941,80.2146530151,72546,72556,10
12.9990797043,80.2148666382,72556,72566,10
12.9988603592,80.2150192261,72566,72576,10
12.9983501434,80.2154769897,72576,72586,10
12.9976902008,80.2160415649,72586,72627,41
12.9974098206,80.2163085938,72627,72697,70
12.9974098206,80.2163085938,72697,72707,10
12.9971504211,80.2165908813,72707,72717,10
12.9970397949,80.2165908813,72717,72727,10
12.9968996048,80.2165908813,72727,72738,11
12.9965801239,80.2166137695,72738,72778,40
12.9965801239,80.2166137695,72778,72788,10
12.9959602356,80.2167434692,72788,72808,20
12.9959602356,80.2167434692,72808,72818,10
12.995639801,80.2168197632,72818,72828,10
12.9954299927,80.2169036865,72828,72838,10
12.9952497482,80.2169723511,72838,72848,10
12.9950704575,80.2170791626,72848,72859,11
12.99477005,80.2172775269,72859,72869,10
12.9943799973,80.2175598145,72869,72879,10
12.9940700531,80.2178192139,72879,72889,10
12.9936199188,80.2181396484,72889,72899,10
12.9930496216,80.2185516357,72899,72909,10
12.9924097061,80.2190170288,72909,72919,10
12.9917402267,80.2194900513,72919,72929,10
12.9915304184,80.2196578979,72929,72939,10
12.9912099838,80.2198867798,72939,72949,10
12.990819931,80.2201766968,72949,72959,10
12.9907798767,80.2202224731,72959,72969,10
12.9904603958,80.220451355,72969,72979,10
12.9899702072,80.2208633423,72979,72990,11
12.9894800186,80.2214202881,72990,73000,10
12.9890804291,80.2219467163,73000,73010,10
12.9885902405,80.2225036621,73010,73020,10
12.9879398346,80.2230300903,73020,73030,10
12.9876003265,80.2231521606,73030,73040,10
12.9872999191,80.2231292725,73040,73050,10
12.9869804382,80.2230606079,73050,73060,10
12.9864501953,80.2230224609,73060,73070,10
12.9858598709,80.2230606079,73070,73080,10
12.9854001999,80.2233505249,73080,73090,10
12.9849100113,80.2232208252,73090,73100,10
12.9843902588,80.2229232788,73100,73110,10
12.9839296341,80.2226715088,73110,73121,11
12.983880043,80.2226409912,73121,73131,10
12.983710289,80.2225799561,73131,73151,20
12.983710289,80.2225799561,73151,73161,10
12.9835300446,80.2224197388,73161,73171,10
12.9832296371,80.2222290039,73171,73191,20
12.9832296371,80.2222290039,73191,73201,10
12.9829597473,80.222038269,73201,73211,10
12.9826202393,80.2219161987,73211,73221,10
12.9823102951,80.2218322754,73221,73231,10
12.9820804596,80.2216796875,73231,73241,10
12.981710434,80.2213973999,73241,73252,11
12.9809999466,80.2211380005,73252,73262,10
12.9803104401,80.2211685181,73262,73272,10
12.9794597626,80.2212219238,73272,73282,10
12.9787902832,80.2212905884,73282,73292,10
12.9781398773,80.221321106,73292,73302,10
12.9772500992,80.221321106,73302,73312,10
12.976559639,80.2213592529,73312,73322,10
12.9760198593,80.2214584351,73322,73373,51
12.9760198593,80.2214584351,73373,73383,10
12.975810051,80.2213592529,73383,73393,10
12.9756202698,80.2211608887,73393,73413,20
12.9756202698,80.2211608887,73413,73423,10
12.9753799438,80.2209320068,73423,73433,10
12.9750003815,80.2206802368,73433,73443,10
12.9743499756,80.2203903198,73443,73453,10
12.9735298157,80.2200622559,73453,73463,10
12.9727802277,80.2197723389,73463,73473,10
12.9720096588,80.2194976807,73473,73483,10
12.9713602066,80.2193222046,73483,73493,10
12.9711399078,80.2192611694,73493,73503,10
12.9710798264,80.21925354,73503,73514,11
12.9707202911,80.2190628052,73514,73524,10
12.9701004028,80.2187576294,73524,73540,16
12.9691400528,80.2183990479,73540,73552,12
12.9685401917,80.2181625366,73552,73562,10
12.9681997299,80.2180328369,73562,73572,10
12.9676504135,80.2178115845,73572,73582,10
12.9670200348,80.2175598145,73582,73592,10
12.9660902023,80.2171783447,73592,73601,9
12.9651699066,80.2168197632,73601,73612,11
12.9642000198,80.2164230347,73612,73622,10
12.9635095596,80.2161026001,73622,73633,11
12.9627199173,80.2157592773,73633,73643,10
12.9618501663,80.2154083252,73643,73653,10
12.9609203339,80.2150497437,73653,73663,10
12.959980011,80.2146911621,73663,73673,10
12.9593801498,80.2144622803,73673,73683,10
12.9587697983,80.2142105103,73683,73693,10
12.9579896927,80.2138977051,73693,73703,10
12.9572000504,80.2135620117,73703,73713,10
12.9563102722,80.213218689,73713,73723,10
12.9552898407,80.2128219604,73723,73733,10
12.9544095993,80.2124862671,73733,73743,10
12.9537000656,80.2121887207,73743,73753,10
12.95291996,80.2118835449,73753,73764,11
12.9518604279,80.211479187,73764,73774,10
12.9508104324,80.2110671997,73774,73784,10
12.9497900009,80.2106704712,73784,73794,10
12.9488801956,80.2103118896,73794,73804,10
12.9479904175,80.2099609375,73804,73814,10
12.9469804764,80.2095489502,73814,73824,10
12.9458703995,80.2091064453,73824,73834,10
12.9448699951,80.2087173462,73834,73844,10
12.9442195892,80.2084732056,73844,73854,10
12.944149971,80.208442688,73854,73864,10
12.9437799454,80.2082672119,73864,73874,10
12.9431600571,80.2079772949,73874,73884,10
12.9426803589,80.2074432373,73884,73895,11
12.9422702789,80.2069625854,73895,73905,10
12.9416704178,80.2064590454,73905,73915,10
12.9411497116,80.206161499,73915,73925,10
12.9409799576,80.2060775757,73925,73935,10
12.940489769,80.2058792114,73935,73945,10
12.9398899078,80.2056884766,73945,73955,10
12.9392700195,80.2054977417,73955,73965,10
12.9385595322,80.2052764893,73965,73975,10
12.9378795624,80.205078125,73975,73985,10
12.9371299744,80.2048797607,73985,73995,10
12.9363803864,80.2046585083,73995,74005,10
12.9358797073,80.2045211792,74005,74016,11
12.9351902008,80.2042312622,74016,74026,10
12.9346399307,80.2040634155,74026,74036,10
12.9340200424,80.2040176392,74036,74046,10
12.9337997437,80.2040176392,74046,74056,10
12.9336299896,80.2040023804,74056,74066,10
12.9332799911,80.2039413452,74066,74076,10
12.9329299927,80.2037811279,74076,74086,10
12.9324197769,80.2035827637,74086,74096,10
12.9317903519,80.2033691406,74096,74106,10
12.9311103821,80.2031478882,74106,74116,10
12.9305200577,80.2029800415,74116,74126,10
12.9300203323,80.2029190063,74126,74136,10
12.929889679,80.2029190063,74136,74147,11
12.9296598434,80.2028579712,74147,74157,10
12.9294996262,80.2028427124,74157,74167,10
12.9291696548,80.2027816772,74167,74177,10
12.9287900925,80.2027282715,74177,74197,20
12.9287900925,80.2027282715,74197,74207,10
12.9285001755,80.2025222778,74207,74217,10
12.9284601212,80.2022628784,74217,74227,10
12.9284496307,80.2020721436,74227,74237,10
12.928440094,80.2018508911,74237,74247,10
12.9284200668,80.2013092041,74247,74257,10
12.9283895493,80.2006530762,74257,74267,10
12.9283103943,80.1999816895,74267,74278,11
12.9281396866,80.1994018555,74278,74288,10
12.9279003143,80.1988983154,74288,74298,10
12.9276103973,80.1984024048,74298,74308,10
12.9271497726,80.1980209351,74308,74318,10
12.9264802933,80.1976776123,74318,74328,10
12.9256696701,80.1975784302,74328,74338,10
12.9253501892,80.197593689,74338,74348,10
12.9248895645,80.197593689,74348,74358,10
12.9241399765,80.1975784302,74358,74368,10
12.9232997894,80.1975402832,74368,74378,10
12.9224300385,80.1974182129,74378,74388,10
12.9219903946,80.1973571777,74388,74398,10
12.9217700958,80.197303772,74398,74409,11
12.9214296341,80.1971817017,74409,74419,10
12.921380043,80.1971588135,74419,74429,10
12.9211196899,80.1970672607,74429,74439,10
12.9208803177,80.1969604492,74439,74449,10
12.9203796387,80.1967926025,74449,74459,10
12.9197301865,80.1965637207,74459,74469,10
12.9192304611,80.1962814331,74469,74479,10
12.9187803268,80.195930481,74479,74489,10
12.9182701111,80.1954574585,74489,74499,10
12.9177103043,80.1949615479,74499,74509,10
12.9174804688,80.1947631836,74509,74519,10
12.917309761,80.1945571899,74519,74529,10
12.9172201157,80.194442749,74529,74540,11
12.9170999527,80.1942367554,74540,74550,10
12.9170303345,80.1941223145,74550,74560,10
12.9169902802,80.1939086914,74560,74570,10
12.9169797897,80.1937866211,74570,74580,10
12.9169597626,80.1934967041,74580,74590,10
12.9169998169,80.1929931641,74590,74600,10
12.9170598984,80.1925964355,74600,74610,10
12.917090416,80.1923675537,74610,74620,10
12.9171304703,80.192199707,74620,74630,10
12.9171800613,80.1918869019,74630,74650,20
12.9171800613,80.1918869019,74650,74661,11
12.9171895981,80.1915588379,74661,74671,10
12.9172000885,80.1914367676,74671,74681,10
12.9172401428,80.1913223267,74681,74691,10
12.9172697067,80.1908187866,74691,74701,10
12.9173803329,80.1900482178,74701,74711,10
12.917719841,80.1891098022,74711,74721,10
12.918299675,80.1883773804,74721,74731,10
12.9186201096,80.1880187988,74731,74741,10
12.9190998077,80.1875076294,74741,74751,10
12.9196996689,80.1868209839,74751,74761,10
12.9203195572,80.1861114502,74761,74771,10
12.9204998016,80.1852264404,74771,74781,10
12.9202804565,80.1843185425,74781,74791,10
12.9200801849,80.1834335327,74791,74802,11
12.9199399948,80.1829223633,74802,74818,16
12.9199104309,80.1826705933,74818,74830,12
12.9197397232,80.1819534302,74830,74840,10
12.9195804596,80.1812362671,74840,74850,10
12.9194002151,80.1803970337,74850,74860,10
12.9191598892,80.1794967651,74860,74870,10
12.9189100266,80.1791229248,74870,74880,10
12.9188098907,80.1789779663,74880,74889,9
12.9184999466,80.1785430908,74889,74900,11
12.9181404114,80.1777420044,74900,74910,10
12.918299675,80.1767272949,74910,74921,11
12.918589592,80.1755065918,74921,74930,9
12.9188299179,80.1744766235,74930,74941,11
12.9191398621,80.1732025146,74941,74951,10
12.919380188,80.1722564697,74951,74961,10
12.9196100235,80.1714477539,74961,74971,10
12.9197597504,80.1709136963,74971,74980,9
12.9197702408,80.1708679199,74980,74991,11
12.9199399948,80.1703567505,74991,75001,10
12.9202003479,80.1695632935,75001,75011,10
12.9204998016,80.1685791016,75011,75021,10
12.9207000732,80.1680221558,75021,75031,10
12.9207897186,80.1677780151,75031,75041,10
12.9209804535,80.1671600342,75041,75052,11
12.9212799072,80.1662063599,75052,75062,10
12.921620369,80.1651611328,75062,75072,10
12.9219503403,80.1640625,75072,75082,10
12.9222602844,80.1631011963,75082,75092,10
12.9224996567,80.1624069214,75092,75102,10
12.9227399826,80.1615829468,75102,75112,10
12.9229898453,80.1607666016,75112,75122,10
12.9230604172,80.1605072021,75122,75132,10
12.9231996536,80.1600189209,75132,75142,10
12.9233198166,80.1591796875,75142,75152,10
12.9234199524,80.1580734253,75152,75162,10
12.9235200882,80.1569900513,75162,75173,11
12.9235696793,80.1558609009,75173,75183,10
12.9233598709,80.1551208496,75183,75193,10
12.9233198166,80.1549987793,75193,75203,10
12.9232397079,80.1545791626,75203,75213,10
12.9230699539,80.1538619995,75213,75223,10
12.9228601456,80.1530380249,75223,75233,10
12.9226503372,80.1521224976,75233,75293,60
12.9226503372,80.1521224976,75293,75303,10
12.9226102829,80.1520309448,75303,75314,11
12.9225997925,80.1514434814,75314,75324,10
12.9225702286,80.1505889893,75324,75334,10
12.922539711,80.1495819092,75334,75344,10
12.9224796295,80.1485671997,75344,75354,10
12.9224796295,80.1477584839,75354,75364,10
12.9224796295,80.1470565796,75364,75374,10
12.9224796295,80.1461486816,75374,75384,10
12.9224300385,80.1450805664,75384,75394,10
12.9224004745,80.1440429688,75394,75404,10
12.9223804474,80.1434402466,75404,75414,10
12.9223804474,80.143409729,75414,75424,10
12.9223804474,80.1433563232,75424,75435,11
12.922369957,80.142906189,75435,75445,10
12.9223403931,80.1424331665,75445,75455,10
12.9223203659,80.1419372559,75455,75464,9
12.9223098755,80.1413421631,75464,75474,10
12.9222898483,80.1406097412,75474,75485,11
12.9222698212,80.1402587891,75485,75495,10
12.9222698212,80.139503479,75495,75505,10
12.9223203659,80.1386489868,75505,75515,10
12.9223604202,80.138092041,75515,75525,10
12.9223899841,80.1374816895,75525,75535,10
12.922419548,80.13671875,75535,75545,10
12.9224596024,80.1359786987,75545,75555,10
12.9224796295,80.135269165,75555,75566,11
12.9225196838,80.1345367432,75566,75576,10
12.9225597382,80.1336975098,75576,75586,10
12.9225797653,80.1329421997,75586,75596,10
12.9225997925,80.1322402954,75596,75606,10
12.9226102829,80.1315231323,75606,75616,10
12.9226303101,80.1313476563,75616,75626,10
12.922659874,80.130897522,75626,75642,16
12.9226999283,80.1302185059,75642,75654,12
12.9227199554,80.1298065186,75654,75662,8
12.9227399826,80.1294708252,75662,75674,12
12.9227800369,80.1287994385,75674,75684,10
12.9227800369,80.1283416748,75684,75695,11
12.9228096008,80.1277618408,75695,75704,9
12.9228200912,80.1271209717,75704,75715,11
12.9228601456,80.1261978149,75715,75725,10
12.9229202271,80.1253662109,75725,75735,10
12.9229602814,80.124458313,75735,75745,10
12.9229898453,80.1236877441,75745,75753,8
12.9230298996,80.1226425171,75753,75765,12
12.9230804443,80.1214981079,75765,75775,10
12.9231100082,80.1206893921,75775,75805,30
12.9231100082,80.1206893921,75805,75815,10
12.9231595993,80.1203536987,75815,75826,11
12.923210144,80.1197128296,75826,75836,10
12.9232196808,80.1189804077,75836,75846,10
12.9232797623,80.1181564331,75846,75856,10
12.9233398438,80.1169586182,75856,75876,20
12.9233398438,80.1169586182,75876,75886,10
12.9235200882,80.1169509888,75886,75896,10
12.9234800339,80.1173400879,75896,75906,10
12.9235696793,80.1177825928,75906,75916,10
12.9234895706,80.1182403564,75916,75926,10
12.9234399796,80.1188735962,75926,75936,10
12.9233703613,80.119430542,75936,75946,10
12.9233102798,80.1200408936,75946,75957,11
12.9232997894,80.1201629639,75957,75967,10
12.9232997894,80.1202697754,75967,75977,10
12.9232597351,80.12059021,75977,75987,10
12.9232501984,80.1209106445,75987,75997,10
12.923210144,80.1211776733,75997,76007,10
12.9232196808,80.1214065552,76007,76017,10
12.9232196808,80.1215286255,76017,76027,10
12.9232397079,80.1218566895,76027,76299,272
12.9232397079,80.1218566895,76299,76309,10
12.923210144,80.1219329834,76309,76319,10
12.9231700897,80.1222686768,76319,76329,10
12.923119545,80.1229324341,76329,76340,11
12.9231004715,80.1238174438,76340,76350,10
12.92304039,80.124710083,76350,76360,10
12.9230203629,80.1256408691,76360,76420,60
12.9230203629,80.1256408691,76420,76430,10
12.9229898453,80.1259613037,76430,76440,10
12.922949791,80.1264572144,76440,76450,10
12.9229202271,80.1272277832,76450,76460,10
12.9228801727,80.1279067993,76460,76471,11
12.9228401184,80.1285934448,76471,76481,10
12.9227895737,80.12915802,76481,76491,10
12.922750473,80.1298217773,76491,76501,10
12.9227399826,80.130531311,76501,76511,10
12.9227399826,80.1312026978,76511,76521,10
12.9226999283,80.131942749,76521,76531,10
12.9226703644,80.1327590942,76531,76541,10
12.9226303101,80.1336593628,76541,76551,10
12.9225797653,80.1347503662,76551,76561,10
12.922539711,80.1358184814,76561,76571,10
12.9224796295,80.1368179321,76571,76581,10
12.9224300385,80.1377410889,76581,76592,11
12.922369957,80.1386108398,76592,76602,10
12.9223299026,80.1394195557,76602,76612,10
12.9223604202,80.1403579712,76612,76622,10
12.9223499298,80.1412734985,76622,76632,10
12.922369957,80.1422271729,76632,76642,10
12.922419548,80.142616272,76642,76652,10
12.9224500656,80.1429595947,76652,76662,10
12.9224796295,80.1434707642,76662,76672,10
12.9224996567,80.1436309814,76672,76682,10
12.9224796295,80.1439285278,76682,76692,10
12.9224901199,80.1445236206,76692,76702,10
12.9225196838,80.1453323364,76702,76712,10
12.9225797653,80.1463928223,76712,76723,11
12.9226102829,80.1473236084,76723,76733,10
12.9225997925,80.1479568481,76733,76743,10
12.9225797653,80.1488418579,76743,76753,10
12.9226398468,80.1497879028,76753,76763,10
12.9226703644,80.1507492065,76763,76773,10
12.9226999283,80.1514205933,76773,76783,10
12.9227199554,80.1516494751,76783,76793,10
12.9227399826,80.1521224976,76793,76809,16
12.9230003357,80.1533737183,76809,76821,12
12.9233198166,80.1544723511,76821,76830,9
12.9233903885,80.1547164917,76830,76841,11
12.9234399796,80.1549835205,76841,76851,10
12.9235696793,80.155632019,76851,76862,11
12.923620224,80.1565933228,76862,76872,10
12.923500061,80.1578674316,76872,76882,10
12.9233999252,80.1590499878,76882,76892,10
12.9232797623,80.1601715088,76892,76902,10
12.9229602814,80.161277771,76902,76912,10
12.9226503372,80.1622390747,76912,76922,10
12.9224901199,80.1627578735,76922,76932,10
12.922249794,80.1634979248,76932,76942,10
12.9219398499,80.1644210815,76942,76952,10
12.9215898514,80.1655426025,76952,76962,10
12.9212198257,80.1666793823,76962,76972,10
12.920920372,80.16771698,76972,76983,11
12.9205904007,80.1687164307,76983,76993,10
12.92029953,80.1696166992,76993,77003,10
12.920009613,80.1706008911,77003,77013,10
12.9198799133,80.171043396,77013,77023,10
12.9198198318,80.1712112427,77023,77033,10
12.9196500778,80.1717376709,77033,77043,10
12.9194202423,80.1725463867,77043,77053,10
12.9191598892,80.173538208,77053,77063,10
12.9188804626,80.1746520996,77063,77072,9
12.9186201096,80.1756820679,77072,77082,10
12.9183502197,80.1767578125,77082,77093,11
12.9182195663,80.178062439,77093,77103,10
12.9189195633,80.1790466309,77103,77114,11
12.9194202423,80.1802597046,77114,77124,10
12.9196796417,80.1814193726,77124,77134,10
12.9199399948,80.1825637817,77134,77144,10
12.92029953,80.1839828491,77144,77204,60
12.92029953,80.1839828491,77204,77214,10
12.9203596115,80.1843338013,77214,77224,10
12.9205303192,80.1849975586,77224,77234,10
12.920630455,80.1856536865,77234,77245,11
12.9202699661,80.1863098145,77245,77255,10
12.9196901321,80.1869812012,77255,77265,10
12.9190597534,80.1876983643,77265,77275,10
12.9185800552,80.1882400513,77275,77285,10
12.9179801941,80.188911438,77285,77295,10
12.9175701141,80.1897964478,77295,77305,10
12.9174203873,80.1904830933,77305,77315,10
12.9173402786,80.1911468506,77315,77325,10
12.9172496796,80.1920166016,77325,77335,10
12.9171199799,80.1930770874,77335,77354,19
12.9171199799,80.1930770874,77354,77365,11
12.917090416,80.1931610107,77365,77376,11
12.9170799255,80.1935806274,77376,77386,10
12.917140007,80.1938781738,77386,77396,10
12.9172201157,80.1942825317,77396,77406,10
12.9176502228,80.1947784424,77406,77416,10
12.9182500839,80.1953277588,77416,77426,10
12.918800354,80.1958389282,77426,77436,10
12.9194202423,80.1962966919,77436,77446,10
12.9198999405,80.1965408325,77446,77456,10
12.9204998016,80.196762085,77456,77466,10
12.9211597443,80.1969833374,77466,77476,10
12.9218597412,80.1972427368,77476,77486,10
12.9225797653,80.1973724365,77486,77497,11
12.9233598709,80.197479248,77497,77507,10
12.9241695404,80.197517395,77507,77517,10
12.9249696732,80.197517395,77517,77527,10
12.9252996445,80.197517395,77527,77537,10
12.9257202148,80.1975097656,77537,77547,10
12.9263696671,80.1976013184,77547,77557,10
12.9266500473,80.1976928711,77557,77567,10
12.9272098541,80.1979827881,77567,77577,10
12.9277801514,80.1985473633,77577,77587,10
12.9282197952,80.1994476318,77587,77597,10
12.9284496307,80.2005386353,77597,77607,10
12.9284801483,80.2015075684,77607,77617,10
12.9285497665,80.2024307251,77617,77627,10
12.9292097092,80.2027206421,77627,77638,11
12.9294300079,80.2027587891,77638,77648,10
12.9299697876,80.2028427124,77648,77658,10
12.9307203293,80.2029571533,77658,77668,10
12.9315795898,80.2032318115,77668,77678,10
12.9319295883,80.2033615112,77678,77688,10
12.9324502945,80.2035293579,77688,77698,10
12.9331998825,80.2038116455,77698,77708,10
12.9339704514,80.203918457,77708,77718,10
12.9342403412,80.2039337158,77718,77728,10
12.9348402023,80.2040176392,77728,77738,10
12.9356403351,80.2043609619,77738,77748,10
12.9366703033,80.2046813965,77748,77759,11
12.9378404617,80.2050018311,77759,77769,10
12.9388399124,80.2052993774,77769,77779,10
12.9396696091,80.2055587769,77779,77789,10
12.9399595261,80.2056503296,77789,77799,10
12.9404201508,80.2057876587,77799,77809,10
12.9411401749,80.2060775757,77809,77819,10
12.9419698715,80.2066192627,77819,77829,10
12.9426698685,80.2072219849,77829,77839,10
12.9431400299,80.2078475952,77839,77849,10
12.943400383,80.2080383301,77849,77859,10
12.9435300827,80.2081069946,77859,77869,10
12.9439296722,80.2082519531,77869,77879,10
12.9443101883,80.2083969116,77879,77890,11
12.9444198608,80.208442688,77890,77900,10
12.9448699951,80.2086105347,77900,77910,10
12.9455699921,80.2088775635,77910,77921,11
12.9463796616,80.209197998,77921,77931,10
12.947259903,80.2095413208,77931,77941,10
12.9479799271,80.2098236084,77941,77951,10
12.948679924,80.2100982666,77951,77961,10
12.9494304657,80.2103881836,77961,77971,10
12.9506502151,80.2108764648,77971,77981,10
12.9516401291,80.2112884521,77981,77991,10
12.952580452,80.2116317749,77991,78001,10
12.9533195496,80.2119369507,78001,78012,11
12.9542303085,80.2123031616,78012,78022,10
12.9550504684,80.2126235962,78022,78032,10
12.9558897018,80.2129516602,78032,78042,10
12.9567203522,80.2132720947,78042,78052,10
12.957690239,80.2136611938,78052,78062,10
12.9587001801,80.2140808105,78062,78072,10
12.9596996307,80.2144699097,78072,78082,10
12.9606800079,80.214881897,78082,78092,10
12.9616003036,80.2152175903,78092,78102,10
12.9625396729,80.2155838013,78102,78112,10
12.9631204605,80.2158126831,78112,78122,10
12.963760376,80.2160568237,78122,78132,10
12.9641304016,80.2162017822,78132,78143,11
12.9642295837,80.2162475586,78143,78153,10
12.9646902084,80.2164611816,78153,78163,10
12.9653596878,80.2167205811,78163,78173,10
12.9659900665,80.2169723511,78173,78183,10
12.966509819,80.2171783447,78183,78193,10
12.9670495987,80.2173919678,78193,78203,10
12.9676599503,80.217666626,78203,78213,10
12.9683904648,80.217956543,78213,78223,10
12.969329834,80.2182998657,78223,78233,10
12.9703397751,80.2186965942,78233,78243,10
12.9711799622,80.21900177,78243,78253,10
12.971280098,80.219039917,78253,78264,11
12.9717502594,80.2192611694,78264,78274,10
12.9724397659,80.219543457,78274,78284,10
12.9733104706,80.219871521,78284,78294,10
12.9742097855,80.2202606201,78294,78304,10
12.975060463,80.2206420898,78304,78314,10
12.975520134,80.2208404541,78314,78324,10
12.9759502411,80.2211914063,78324,78334,10
12.9761600494,80.2212600708,78334,78344,10
12.9763002396,80.2212677002,78344,78354,10
12.9767799377,80.2212677002,78354,78364,10
12.9775295258,80.2212219238,78364,78374,10
12.9784202576,80.2211608887,78374,78384,10
12.9793796539,80.2211227417,78384,78394,10
12.9802703857,80.2210464478,78394,78405,11
12.9812097549,80.2211227417,78405,78415,10
12.9816598892,80.2213668823,78415,78425,10
12.982170105,80.2217102051,78425,78435,10
12.9827899933,80.2219009399,78435,78445,10
12.9829597473,80.2219924927,78445,78455,10
12.9832401276,80.2221832275,78455,78465,10
12.9836397171,80.222442627,78465,78475,10
12.9840097427,80.2226409912,78475,78485,10
12.9845399857,80.2229766846,78485,78495,10
12.9852199554,80.2232666016,78495,78505,10
12.9856395721,80.2230682373,78505,78515,10
12.9863195419,80.2229995728,78515,78526,11
12.9869203568,80.2230682373,78526,78536,10
12.9872598648,80.2230987549,78536,78546,10
12.9878396988,80.2230377197,78546,78556,10
12.9884700775,80.2225494385,78556,78566,10
12.9890203476,80.2219314575,78566,78576,10
12.9896202087,80.2211685181,78576,78586,10
12.9903202057,80.220451355,78586,78596,10
12.9908895493,80.2200012207,78596,78606,10
12.9915399551,80.2194976807,78606,78616,10
12.9922399521,80.2189712524,78616,78626,10
12.993060112,80.2183990479,78626,78636,10
12.9937200546,80.217918396,78636,78646,10
12.9941196442,80.217628479,78646,78657,11
12.9946203232,80.2172622681,78657,78667,10
12.9950199127,80.2169799805,78667,78677,10
12.9955701828,80.2166976929,78677,78687,10
12.9962596893,80.2165603638,78687,78697,10
12.9969902039,80.2164611816,78697,78707,10
12.9973802567,80.2162399292,78707,78717,10
12.9974498749,80.2162094116,78717,78727,10
12.997710228,80.2159729004,78727,78737,10
12.9982004166,80.2155380249,78737,78747,10
12.9986801147,80.2150726318,78747,78757,10
12.9990997314,80.2147369385,78757,78767,10
12.9993896484,80.2144699097,78767,78778,11
12.9999103546,80.2140426636,78778,78788,10
13.0004196167,80.2135925293,78788,78798,10
13.0010004044,80.2131118774,78798,78808,10
13.0015497208,80.212677002,78808,78818,10
13.0019903183,80.2123718262,78818,78828,10
13.0023403168,80.2121963501,78828,78838,10
13.0026197433,80.212097168,78838,78848,10
13.0030603409,80.2120666504,78848,78858,10
13.003660202,80.2120437622,78858,78868,10
13.0038204193,80.2119979858,78868,78878,10
13.0042200089,80.2121200562,78878,78888,10
13.0047798157,80.2123794556,78888,78898,10
13.0054597855,80.2127914429,78898,78909,11
13.006360054,80.2127532959,78909,78919,10
13.0073099136,80.2127914429,78919,78929,10
13.0078802109,80.2130966187,78929,78939,10
13.0079898834,80.2131729126,78939,78949,10
13.0084495544,80.2133636475,78949,78959,10
13.0089597702,80.2139892578,78959,78969,10
13.0094804764,80.2146911621,78969,78979,10
13.0096502304,80.2149734497,78979,78989,10
13.0099496841,80.2153091431,78989,78999,10
13.0103397369,80.2158813477,78999,79009,10
13.010720253,80.2166366577,79009,79019,10
13.0111103058,80.2175369263,79019,79029,10
13.0115404129,80.2186584473,79029,79040,11
13.0119800568,80.2199935913,79040,79050,10
13.0124101639,80.2211532593,79050,79060,10
13.0129203796,80.2219085693,79060,79070,10
13.0134000778,80.2225036621,79070,79080,10
13.0137901306,80.2229995728,79080,79090,10
13.0140600204,80.2233276367,79090,79100,10
13.0142202377,80.2235031128,79100,79110,10
13.0144395828,80.2238082886,79110,79120,10
13.0148096085,80.224281311,79120,79130,10
13.0150203705,80.2245178223,79130,79140,10
13.0152397156,80.2247695923,79140,79150,10
13.0153503418,80.2249069214,79150,79160,10
13.0156297684,80.2251663208,79160,79171,11
13.0163297653,80.2253570557,79171,79181,10
13.0171804428,80.2250823975,79181,79191,10
13.0180997849,80.2247009277,79191,79201,10
13.0188703537,80.2244033813,79201,79211,10
13.019610405,80.2244567871,79211,79221,10
13.0202102661,80.2248764038,79221,79231,10
13.0207901001,80.2253036499,79231,79241,10
13.0211496353,80.2255935669,79241,79251,10
13.0216598511,80.2259979248,79251,79261,10
13.0221700668,80.2263717651,79261,79271,10
13.0223302841,80.2265167236,79271,79281,10
13.0227499008,80.2269134521,79281,79292,11
13.023440361,80.2275619507,79292,79302,10
13.0241003036,80.2281799316,79302,79312,10
13.0243396759,80.2284317017,79312,79322,10
13.0244503021,80.2285995483,79322,79332,10
13.0247402191,80.2290725708,79332,79342,10
13.0252504349,80.2297210693,79342,79352,10
13.0257396698,80.2304382324,79352,79362,10
13.025970459,80.2310180664,79362,79372,10
13.0261001587,80.2313690186,79372,79382,10
13.0266504288,80.2312164307,79382,79392,10
13.0274496078,80.2310180664,79392,79402,10
13.0280799866,80.2309036255,79402,79412,10
13.0284204483,80.2308807373,79412,79422,10
13.0288000107,80.2308731079,79422,79433,11
13.0294103622,80.2308197021,79433,79449,16
13.0303497314,80.230758667,79449,79461,12
13.0308103561,80.2307128906,79461,79471,10
13.0311698914,80.230682373,79471,79481,10
13.0319595337,80.2306289673,79481,79490,9
13.0325403214,80.2305679321,79490,79502,12
13.032910347,80.2305526733,79502,79511,9
13.033200264,80.2305221558,79511,79542,31
13.033200264,80.2305221558,79542,79553,11
13.0336904526,80.2304763794,79553,79574,21
13.033829689,80.2304763794,79574,79664,90
13.033829689,80.2304763794,79664,79674,10
13.0342102051,80.2304382324,79674,79685,11
13.0343503952,80.2304077148,79685,79695,10
13.034529686,80.2303619385,79695,79705,10
13.0347700119,80.2302703857,79705,79735,30
13.0347700119,80.2302703857,79735,79745,10
13.0349702835,80.2301635742,79745,79755,10
13.0350799561,80.2303390503,79755,79765,10
13.0348501205,80.2303619385,79765,79775,10
13.0346698761,80.2303695679,79775,79785,10
13.0342998505,80.230430603,79785,79795,10
13.0340499878,80.2304611206,79795,79806,11
13.0336799622,80.2304534912,79806,79816,10
13.0331602097,80.2304992676,79816,79826,10
13.0325202942,80.2305603027,79826,79836,10
13.0318803787,80.2306289673,79836,79846,10
13.0312404633,80.2307128906,79846,79856,10
13.0308198929,80.2307281494,79856,79866,10
13.030380249,80.2307662964,79866,79876,10
13.0299100876,80.2308273315,79876,79886,10
13.0294303894,80.2308731079,79886,79896,10
13.0287799835,80.2309417725,79896,79906,10
13.0280799866,80.2309875488,79906,79916,10
13.027759552,80.231010437,79916,79926,10
13.0276498795,80.2313232422,79926,79937,11
13.0277004242,80.2318191528,79937,79947,10
13.0277795792,80.2322921753,79947,79957,10
13.0278396606,80.2327804565,79957,79967,10
13.0274200439,80.2329101563,79967,79977,10
13.0270996094,80.232963562,79977,79987,10
13.0268201828,80.2330093384,79987,79997,10
13.0264596939,80.2329864502,79997,80013,16
13.0260801315,80.2319412231,80013,80025,12
13.0257997513,80.2308578491,80025,80033,8
13.0254201889,80.2301025391,80033,80045,12
13.024889946,80.2293395996,80045,80055,10
13.0244197845,80.2287216187,80055,80065,10
13.0238800049,80.2280197144,80065,80076,11
13.0230197906,80.227180481,80076,80086,10
13.0221796036,80.2264328003,80086,80095,9
13.0213804245,80.2257995605,80095,80106,11
13.0203895569,80.2250900269,80106,80115,9
13.0199899673,80.2248001099,80115,80126,11
13.0198602676,80.2247161865,80126,80136,10
13.0193595886,80.2244873047,80136,80146,10
13.0185604095,80.2245864868,80146,80156,10
13.0176801682,80.224937439,80156,80166,10
13.0167503357,80.2253265381,80166,80176,10
13.0162000656,80.2255477905,80176,80186,10
13.0156002045,80.225730896,80186,80197,11
13.0148000717,80.2260131836,80197,80223,26
13.0148000717,80.2260131836,80223,80235,12
13.0144796371,80.2261199951,80235,80245,10
13.0141897202,80.2261428833,80245,80255,10
13.0141801834,80.2254562378,80255,80285,30
13.0141801834,80.2254562378,80285,80295,10
13.0141496658,80.2251968384,80295,80326,31
13.0141496658,80.2251968384,80326,80336,10
