12.9870004654,80.2591934204,13,518,505
12.9869298935,80.2590408325,518,609,91
12.9867801666,80.2591400146,609,1591,982
12.9869003296,80.2592086792,1591,2390,799
12.9870595932,80.2589797974,2390,3503,1113
12.9870595932,80.2589797974,3503,3513,10
12.987039566,80.2592010498,3513,3836,323
12.9871101379,80.2591781616,3836,4868,1032
12.987039566,80.2590332031,4868,5981,1113
12.9870796204,80.2590484619,5981,16593,10612
12.9868803024,80.2591400146,16593,16613,20
12.9868803024,80.2591400146,16613,16623,10
12.9866399765,80.2591094971,16623,16724,101
12.9868001938,80.2587585449,16724,16876,152
12.986869812,80.2587966919,16876,16997,121
12.9869098663,80.2589035034,16997,17341,344
12.9868097305,80.2587814331,17341,18495,1154
12.9868602753,80.2587127686,18495,18778,283
12.9868297577,80.2586364746,18778,19425,647
12.9868001938,80.2586669922,19425,20143,718
12.9868001938,80.2586669922,20143,20154,11
12.9867696762,80.2587890625,20154,20164,10
12.9867696762,80.2587966919,20164,20174,10
12.9867801666,80.2590408325,20174,20194,20
12.9870004654,80.2591400146,20194,20224,30
12.9870004654,80.2591400146,20224,20234,10
12.9873399734,80.2591094971,20234,20245,11
12.9873600006,80.2588272095,20245,20255,10
12.9873695374,80.2585983276,20255,20265,10
12.9873695374,80.2583389282,20265,20275,10
12.9873800278,80.2580032349,20275,20285,10
12.9874000549,80.2576370239,20285,20295,10
12.9873800278,80.2573394775,20295,20770,475
12.9875497818,80.2571487427,20770,20932,162
12.9875497818,80.2571487427,20932,20942,10
12.9875802994,80.2569198608,20942,20953,11
12.9876499176,80.2562179565,20953,20963,10
12.9875602722,80.2557373047,20963,20973,10
12.9869403839,80.2556533813,20973,20983,10
12.9861497879,80.2555007935,20983,20993,10
12.9853801727,80.2553482056,20993,21003,10
12.9845399857,80.2551574707,21003,21013,10
12.9841499329,80.2550506592,21013,21023,10
12.9837703705,80.254989624,21023,21033,10
12.9830503464,80.2548217773,21033,21044,11
12.9821996689,80.2544708252,21044,21054,10
12.9818601608,80.2537002563,21054,21064,10
12.9816198349,80.2529220581,21064,21074,10
12.9807395935,80.2527999878,21074,21084,10
12.9797000885,80.2527236938,21084,21094,10
12.9784202576,80.2524871826,21094,21135,41
12.9784202576,80.2524871826,21135,21145,10
12.9782495499,80.2523498535,21145,21155,10
12.9777698517,80.2519226074,21155,21165,10
12.9769697189,80.2513885498,21165,21175,10
12.9758501053,80.2510299683,21175,21185,10
12.9745597839,80.2506637573,21185,21195,10
12.9731502533,80.2502670288,21195,21205,10
12.9716596603,80.2498931885,21205,21215,10
12.9700498581,80.2493591309,21215,21226,11
12.968629837,80.2488098145,21226,21236,10
12.9672899246,80.2482681274,21236,21246,10
12.9661998749,80.2477722168,21246,21256,10
12.9651603699,80.2473831177,21256,21266,10
12.964099884,80.2469863892,21266,21276,10
12.9630002975,80.2465133667,21276,21286,10
12.9617996216,80.2459030151,21286,21296,10
12.9605102539,80.2452926636,21296,21307,11
12.9594402313,80.2448425293,21307,21317,10
12.9591302872,80.2446975708,21317,21327,10
12.9584999084,80.2444076538,21327,21337,10
12.9577703476,80.2441177368,21337,21347,10
12.9570198059,80.2438583374,21347,21357,10
12.956410408,80.2436981201,21357,21367,10
12.9563798904,80.2436981201,21367,21377,10
12.9560403824,80.2435836792,21377,21387,10
12.9554595947,80.2432174683,21387,21398,11
12.954460144,80.2427597046,21398,21408,10
12.953379631,80.2422866821,21408,21418,10
12.9521398544,80.2418136597,21418,21428,10
12.950969696,80.2414093018,21428,21438,10
12.9498500824,80.2410736084,21438,21448,10
12.9491596222,80.2408828735,21448,21458,10
12.9487600327,80.240737915,21458,21468,10
12.9479999542,80.2404022217,21468,21478,10
12.9470796585,80.2400131226,21478,21489,11
12.9460000992,80.2395629883,21489,21499,10
12.9449796677,80.2389068604,21499,21509,10
12.9440603256,80.2379226685,21509,21519,10
12.943110466,80.2369308472,21519,21529,10
12.9417896271,80.2363204956,21529,21539,10
12.9403400421,80.2359619141,21539,21549,10
12.9390201569,80.2353973389,21549,21559,10
12.9376602173,80.2347106934,21559,21569,10
12.936340332,80.2340927124,21569,21580,11
12.9348402023,80.2333831787,21580,21590,10
12.9334802628,80.2327728271,21590,21600,10
12.9320201874,80.2322235107,21600,21610,10
12.9306001663,80.2317428589,21610,21620,10
12.9291200638,80.2313690186,21620,21630,10
12.9276103973,80.2311325073,21630,21640,10
12.9262399673,80.23097229,21640,21650,10
12.9249000549,80.2308120728,21650,21661,11
12.9233503342,80.2306213379,21661,21671,10
12.9218797684,80.2303771973,21671,21681,10
12.9203500748,80.230178833,21681,21691,10
12.9188404083,80.2299880981,21691,21701,10
12.9173402786,80.2297973633,21701,21711,10
12.9159097672,80.229598999,21711,21721,10
12.9146404266,80.2294082642,21721,21731,10
12.9135398865,80.2292480469,21731,21741,10
12.9123601913,80.2291030884,21741,21752,11
12.9110603333,80.2289276123,21752,21762,10
12.909740448,80.228729248,21762,21772,10
12.9083595276,80.2285003662,21772,21782,10
12.9066295624,80.2282791138,21782,21802,20
12.9066295624,80.2282791138,21802,21812,10
12.9063196182,80.2282409668,21812,21822,10
12.9054203033,80.228187561,21822,21832,10
12.9043197632,80.2281188965,21832,21843,11
12.9028596878,80.2280502319,21843,21853,10
12.9017000198,80.2279968262,21853,21863,10
12.9012098312,80.2279891968,21863,21873,10
12.901049614,80.2279663086,21873,21883,10
12.9004402161,80.2279205322,21883,21893,10
12.8997001648,80.227897644,21893,21903,10
12.8996095657,80.2278900146,21903,21913,10
12.8994197845,80.2278671265,21913,21923,10
12.8986997604,80.2278137207,21923,21934,11
12.8977203369,80.2277526855,21934,21944,10
12.8965196609,80.2276916504,21944,21954,10
12.8951396942,80.2276382446,21954,21964,10
12.8936195374,80.2275238037,21964,21974,10
12.892080307,80.2273406982,21974,21984,10
12.8905000687,80.2273406982,21984,21994,10
12.8888597488,80.2273406982,21994,22004,10
12.8872098923,80.227180481,22004,22015,11
12.8854904175,80.2267913818,22015,22025,10
12.8841295242,80.2266998291,22025,22035,10
12.8830604553,80.2267227173,22035,22045,10
12.8819503784,80.2267227173,22045,22055,10
12.8806600571,80.2267227173,22055,22065,10
12.8792200089,80.2267379761,22065,22075,10
12.8777103424,80.2268371582,22075,22085,10
12.8765602112,80.2269668579,22085,22095,10
12.8754301071,80.2269287109,22095,22106,11
12.8739595413,80.2267684937,22106,22116,10
12.8729896545,80.2267227173,22116,22126,10
12.8728303909,80.2267074585,22126,22136,10
12.8722696304,80.2266769409,22136,22146,10
12.8713598251,80.2266616821,22146,22156,10
12.87018013,80.2265777588,22156,22166,10
12.8688201904,80.2264175415,22166,22176,10
12.8673601151,80.2264633179,22176,22186,10
12.8659095764,80.226600647,22186,22197,11
12.8642501831,80.2265625,22197,22207,10
12.8627099991,80.2265396118,22207,22217,10
12.8611803055,80.226600647,22217,22227,10
12.8604602814,80.2265625,22227,22237,10
12.8600597382,80.2265014648,22237,22247,10
12.859290123,80.2263870239,22247,22257,10
12.8583202362,80.2262802124,22257,22267,10
12.8571395874,80.2263031006,22267,22277,10
12.855799675,80.2264480591,22277,22288,11
12.8542003632,80.2266082764,22288,22298,10
12.8526697159,80.2266998291,22298,22308,10
12.8511199951,80.2266387939,22308,22318,10
12.8497104645,80.226600647,22318,22328,10
12.848400116,80.2265930176,22328,22338,10
12.8470001221,80.226600647,22338,22348,10
12.8459396362,80.226600647,22348,22358,10
12.8455495834,80.226600647,22358,22369,11
12.8449001312,80.2266387939,22369,22379,10
12.8439903259,80.2267074585,22379,22389,10
12.8429098129,80.2268829346,22389,22399,10
12.841629982,80.2271728516,22399,22409,10
12.8405799866,80.2274627686,22409,22419,10
12.8399295807,80.2276535034,22419,22449,30
12.8396997452,80.2276763916,22449,22470,21
12.8396997452,80.2276763916,22470,22480,10
12.839630127,80.2276916504,22480,22490,10
12.839050293,80.2278594971,22490,22500,10
12.8381700516,80.2280883789,22500,22510,10
12.8370304108,80.2283096313,22510,22520,10
12.8356704712,80.2285003662,22520,22530,10
12.8342399597,80.2287216187,22530,22540,10
12.8328800201,80.2289733887,22540,22551,11
12.8317804337,80.2291870117,22551,22561,10
12.831580162,80.2289505005,22561,22571,10
12.8315496445,80.228729248,22571,22581,10
12.8313999176,80.2281112671,22581,22591,10
12.8312101364,80.2272109985,22591,22601,10
12.8310403824,80.2260971069,22601,22611,10
12.831029892,80.2249221802,22611,22621,10
12.8310403824,80.2245407104,22621,22631,10
12.8310499191,80.2238998413,22631,22642,11
12.8310499191,80.2228927612,22642,22652,10
12.8310604095,80.2222366333,22652,22662,10
12.8310604095,80.221786499,22662,22672,10
12.8310699463,80.2210006714,22672,22682,10
12.8310804367,80.2200317383,22682,22692,10
12.8310604095,80.2196273804,22692,22702,10
12.8305501938,80.2194595337,22702,22712,10
12.8296699524,80.2194366455,22712,22723,11
12.828499794,80.2194519043,22723,22733,10
12.8277196884,80.2194595337,22733,22743,10
12.8276796341,80.2194595337,22743,22753,10
12.8275995255,80.2194671631,22753,22763,10
12.8276100159,80.2192611694,22763,22783,20
12.8276100159,80.2192611694,22783,22793,10
12.8278198242,80.2193374634,22793,22803,10
12.8283395767,80.2193527222,22803,22814,11
12.8292398453,80.2193603516,22814,22824,10
12.8303003311,80.219367981,22824,22834,10
12.8308801651,80.2193832397,22834,22844,10
12.8311901093,80.2197036743,22844,22854,10
12.8311796188,80.2205581665,22854,22864,10
12.8311796188,80.2216186523,22864,22874,10
12.8311796188,80.2221374512,22874,22884,10
12.8311700821,80.2227020264,22884,22894,10
12.8311796188,80.2235565186,22894,22905,11
12.8311700821,80.2245330811,22905,22915,10
12.8311796188,80.2248916626,22915,22925,10
12.8311595917,80.2256393433,22925,22935,10
12.8312196732,80.2266387939,22935,22945,10
12.8314504623,80.2278213501,22945,22955,10
12.8316802979,80.2289276123,22955,22965,10
12.8318500519,80.2291870117,22965,22975,10
12.8324298859,80.2290725708,22975,22985,10
12.8333797455,80.2288818359,22985,22996,11
12.8346700668,80.2286376953,22996,23006,10
12.8359899521,80.2284317017,23006,23016,10
12.8374099731,80.2282333374,23016,23026,10
12.8386898041,80.2279205322,23026,23036,10
12.8392801285,80.2277679443,23036,23046,10
12.8395795822,80.2277069092,23046,23056,10
12.8397798538,80.2276535034,23056,23066,10
12.8403997421,80.2274703979,23066,23077,11
12.8414001465,80.2272033691,23077,23087,10
12.8425703049,80.2269363403,23087,23097,10
12.843919754,80.2267074585,23097,23107,10
12.8451404572,80.2265777588,23107,23117,10
12.845459938,80.2265396118,23117,23127,10
12.8457098007,80.2265396118,23127,23137,10
12.8462295532,80.2265319824,23137,23147,10
12.8471097946,80.2265319824,23147,23157,10
12.8482103348,80.2265167236,23157,23168,11
12.8494796753,80.2265167236,23168,23178,10
12.8505401611,80.2265396118,23178,23188,10
12.8518104553,80.2265930176,23188,23198,10
12.8532896042,80.2266235352,23198,23208,10
12.8548698425,80.2264709473,23208,23218,10
12.8564901352,80.2263031006,23218,23228,10
12.8580198288,80.2261886597,23228,23238,10
12.8595104218,80.226348877,23238,23248,10
12.8609800339,80.2265319824,23248,23259,11
12.8626003265,80.2264785767,23259,23269,10
12.864159584,80.2265014648,23269,23279,10
12.8657398224,80.2265396118,23279,23289,10
12.8673000336,80.2264328003,23289,23299,10
12.8688802719,80.2263793945,23299,23309,10
12.8704900742,80.2265625,23309,23319,10
12.8720502853,80.2266387939,23319,23329,10
12.8734998703,80.2266921997,23329,23340,11
12.8751096725,80.2268600464,23340,23350,10
12.8763999939,80.2269134521,23350,23360,10
12.8774404526,80.2268371582,23360,23370,10
12.8786897659,80.2267608643,23370,23380,10
12.879940033,80.2266998291,23380,23390,10
12.8806600571,80.2266921997,23390,23400,10
12.8809995651,80.2266921997,23400,23410,10
12.8817195892,80.2266769409,23410,23420,10
12.8826999664,80.2266693115,23420,23431,11
12.8839597702,80.2266693115,23431,23441,10
12.8850698471,80.2266693115,23441,23451,10
12.8861198425,80.2268981934,23451,23461,10
12.8873596191,80.2271881104,23461,23471,10
12.8887996674,80.2273330688,23471,23481,10
12.890370369,80.2273483276,23481,23491,10
12.8919801712,80.2273635864,23491,23501,10
12.8925800323,80.2273712158,23501,23511,10
12.8931398392,80.2274475098,23511,23522,11
12.8941602707,80.2275695801,23522,23532,10
12.8953199387,80.2276306152,23532,23542,10
12.8966703415,80.2276763916,23542,23552,10
12.8981199265,80.2277603149,23552,23562,10
12.8993902206,80.2278213501,23562,23572,10
12.9005002975,80.2278823853,23572,23582,10
12.9010400772,80.2279434204,23582,23592,10
12.9016704559,80.2279663086,23592,23602,10
12.9024295807,80.228012085,23602,23613,11
12.9033603668,80.2280502319,23613,23623,10
12.904540062,80.2281036377,23623,23633,10
12.9058103561,80.2281570435,23633,23643,10
12.9066801071,80.2282104492,23643,23653,10
12.9070501328,80.2282409668,23653,23663,10
12.9075803757,80.2283172607,23663,23673,10
12.9088001251,80.2285232544,23673,23683,10
12.9101104736,80.2287368774,23683,23694,11
12.9117498398,80.2289962769,23694,23704,10
12.9131803513,80.2291870117,23704,23714,10
12.9139204025,80.2292785645,23714,23724,10
12.914059639,80.2293014526,23724,23734,10
12.9146604538,80.2293701172,23734,23744,10
12.9155902863,80.2295074463,23744,23754,10
12.9167404175,80.2296829224,23754,23764,10
12.9180898666,80.229888916,23764,23774,10
12.9195995331,80.2300872803,23774,23785,11
12.9213600159,80.2303237915,23785,23795,10
12.9229898453,80.2305603027,23795,23805,10
12.9245700836,80.2307662964,23805,23815,10
12.9261398315,80.2309494019,23815,23825,10
12.9276695251,80.2311401367,23825,23835,10
12.929189682,80.2313690186,23835,23845,10
12.9307498932,80.2317504883,23845,23855,10
12.932299614,80.2322463989,23855,23865,10
12.9335403442,80.2327194214,23865,23876,11
12.9338598251,80.2328262329,23876,23886,10
12.9340400696,80.2329330444,23886,23896,10
12.9346704483,80.2332229614,23896,23906,10
12.9355897903,80.2336425781,23906,23916,10
12.9366903305,80.234161377,23916,23926,10
12.9378404617,80.234703064,23926,23936,10
12.9390897751,80.2353210449,23936,23946,10
12.9399404526,80.2357330322,23946,23957,11
12.9408502579,80.2360229492,23957,23967,10
12.9419498444,80.2362976074,23967,23977,10
12.9431600571,80.236831665,23977,23987,10
12.9442100525,80.2378921509,23987,23997,10
12.9452896118,80.2390289307,23997,24007,10
12.9465904236,80.2397232056,24007,24017,10
12.947719574,80.240196228,24017,24027,10
12.9489498138,80.2406463623,24027,24058,31
12.9489498138,80.2406463623,24058,24068,10
12.9491300583,80.2407226563,24068,24078,10
12.9496498108,80.2409133911,24078,24088,10
12.9504699707,80.2411575317,24088,24098,10
12.9511804581,80.2413787842,24098,24118,20
12.9511804581,80.2413787842,24118,24128,10
12.9514703751,80.2415008545,24128,24139,11
12.9517202377,80.2415771484,24139,24149,10
12.9523496628,80.2418365479,24149,24159,10
12.9532299042,80.2421798706,24159,24169,10
12.9542999268,80.2426223755,24169,24179,10
12.9552001953,80.2429504395,24179,24189,10
12.9560499191,80.2432403564,24189,24199,10
12.9564399719,80.2434005737,24199,24209,10
12.9565200806,80.2434387207,24209,24219,10
12.9570302963,80.2436599731,24219,24230,11
12.9579696655,80.2440795898,24230,24240,10
12.9589195251,80.2444992065,24240,24250,10
12.9602499008,80.2451095581,24250,24260,10
12.9616003036,80.2457427979,24260,24270,10
12.9628601074,80.2463607788,24270,24280,10
12.9634504318,80.2466278076,24280,24290,10
12.9639902115,80.2468719482,24290,24300,10
12.9648103714,80.2471694946,24300,24311,11
12.965929985,80.247543335,24311,24321,10
12.9666595459,80.2478485107,24321,24331,10
12.9666900635,80.2478637695,24331,24341,10
12.9668598175,80.2479705811,24341,24351,10
12.9673500061,80.2482528687,24351,24361,10
12.9682502747,80.2486114502,24361,24371,10
12.9693098068,80.2490234375,24371,24381,10
12.9705400467,80.24949646,24381,24391,10
12.9718904495,80.2499008179,24391,24402,11
12.9735298157,80.250328064,24402,24412,10
12.975060463,80.2507629395,24412,24422,10
12.9766197205,80.2512130737,24422,24432,10
12.977930069,80.2518920898,24432,24442,10
12.9785404205,80.2523269653,24442,24470,28
12.9798402786,80.2526397705,24470,24501,31
12.9798402786,80.2526397705,24501,24511,10
12.9801101685,80.2526779175,24511,24521,10
12.9807796478,80.2526626587,24521,24531,10
12.981760025,80.2526321411,24531,24541,10
12.9829998016,80.2525787354,24541,24551,10
12.9844198227,80.2522888184,24551,24561,10
12.9858102798,80.2519226074,24561,24571,10
12.9870300293,80.2516021729,24571,24582,11
12.987830162,80.2513504028,24582,24592,10
12.9886198044,80.251159668,24592,24602,10
12.9894504547,80.2509231567,24602,24612,10
12.9895601273,80.2509078979,24612,24622,10
12.9900398254,80.2508163452,24622,24632,10
12.9909000397,80.2506103516,24632,24642,10
12.9920196533,80.250328064,24642,24652,10
12.9933300018,80.2500228882,24652,24662,10
12.9947595596,80.249671936,24662,24673,11
12.9964103699,80.2492294312,24673,24683,10
12.9979400635,80.2488479614,24683,24693,10
12.9995002747,80.2484588623,24693,24703,10
13.0010499954,80.2480621338,24703,24713,10
13.0025196075,80.2476806641,24713,24723,10
13.0040197372,80.2474365234,24723,24733,10
13.0054101944,80.2472229004,24733,24743,10
13.0064001083,80.2467803955,24743,24754,11
13.0064897537,80.24659729,24754,24764,10
13.0066099167,80.2462005615,24764,24774,10
13.0066699982,80.2454605103,24774,24784,10
13.0066900253,80.2444763184,24784,24794,10
13.0066795349,80.2434082031,24794,24804,10
13.0066404343,80.2425537109,24804,24814,10
13.006649971,80.2414627075,24814,24824,10
13.006770134,80.2404174805,24824,24834,10
13.0068302155,80.2399520874,24834,24845,11
13.0070199966,80.2389831543,24845,24855,10
13.007229805,80.2379226685,24855,24865,10
13.0074501038,80.2369308472,24865,24875,10
13.0076799393,80.2359237671,24875,24885,10
13.0078697205,80.2349319458,24885,24895,10
13.0080499649,80.2340621948,24895,24905,10
13.0083599091,80.2323989868,24905,24915,10
13.0086402893,80.2309188843,24915,24925,10
13.008890152,80.2295303345,24925,24936,11
13.009180069,80.2281570435,24936,24946,10
13.0095901489,80.2270812988,24946,24956,10
13.0101203918,80.2259292603,24956,24966,10
13.01060009,80.2250213623,24966,24976,10
13.0109996796,80.2242279053,24976,24986,10
13.0114202499,80.2232437134,24986,24996,10
13.0117502213,80.2223968506,24996,25006,10
13.012260437,80.2215118408,25006,25016,10
13.0126199722,80.2219009399,25016,25027,11
13.0131998062,80.2225799561,25027,25037,10
13.0138702393,80.2233963013,25037,25047,10
13.0144300461,80.2239303589,25047,25057,10
13.0149803162,80.2245025635,25057,25067,10
13.015540123,80.2249679565,25067,25077,10
13.0157003403,80.2251205444,25077,25087,10
13.0161399841,80.2253723145,25087,25096,9
13.0169296265,80.2251968384,25096,25108,12
13.0182104111,80.2246780396,25108,25118,10
13.0192098618,80.2243423462,25118,25128,10
13.0195703506,80.2244033813,25128,25138,10
13.0197896957,80.2245788574,25138,25148,10
13.0203399658,80.2249908447,25148,25158,10
13.0209703445,80.2254562378,25158,25168,10
13.0215797424,80.2259368896,25168,25178,10
13.0221004486,80.226348877,25178,25188,10
13.0225696564,80.2267532349,25188,25199,11
13.023059845,80.227180481,25199,25209,10
13.0233898163,80.2275085449,25209,25219,10
13.0237703323,80.2278823853,25219,25229,10
13.0240402222,80.2281112671,25229,25239,10
13.0243301392,80.2283401489,25239,25290,51
13.0243301392,80.2283401489,25290,25300,10
13.0244598389,80.2285003662,25300,25310,10
13.0242996216,80.2286376953,25310,25320,10
13.0241203308,80.2284393311,25320,25330,10
13.023850441,80.2280807495,25330,25340,10
13.0233898163,80.2275772095,25340,25360,20
13.0233898163,80.2275772095,25360,25370,10
13.0232696533,80.2274093628,25370,25381,11
13.0229301453,80.2270889282,25381,25391,10
13.0226602554,80.226852417,25391,25401,10
13.0225296021,80.2267303467,25401,25411,10
13.0221595764,80.2263793945,25411,25421,10
13.0216798782,80.2260284424,25421,25431,10
13.0215501785,80.2259292603,25431,25441,10
13.0212602615,80.2257003784,25441,25451,10
13.0210504532,80.2255325317,25451,25462,11
13.0204200745,80.2250823975,25462,25472,10
13.0197896957,80.2246398926,25472,25482,10
13.0190401077,80.2244186401,25482,25492,10
13.0180501938,80.2247619629,25492,25502,10
13.0170202255,80.2252120972,25502,25512,10
13.0162401199,80.2255096436,25512,25522,10
13.0154800415,80.2257766724,25522,25532,10
13.0145397186,80.2261505127,25532,25553,21
13.0145397186,80.2261505127,25553,25563,10
13.0143098831,80.2262191772,25563,25573,10
13.0141000748,80.2263031006,25573,25583,10
13.0135803223,80.2265014648,25583,25593,10
13.0127401352,80.2268371582,25593,25603,10
13.0116996765,80.2272567749,25603,25613,10
13.0105104446,80.2277526855,25613,25623,10
13.0093402863,80.2283325195,25623,25633,10
13.0089998245,80.2295303345,25633,25644,11
13.0087003708,80.2310714722,25644,25654,10
13.0084400177,80.232421875,25654,25664,10
13.008310318,80.2334213257,25664,25674,10
13.0082798004,80.2335662842,25674,25684,10
13.0081501007,80.2338562012,25684,25694,10
13.0080099106,80.2345123291,25694,25704,10
13.007809639,80.2354431152,25704,25714,10
13.0075597763,80.2367401123,25714,25724,10
13.0072498322,80.2381896973,25724,25779,55
13.0066900253,80.2442169189,25779,25789,10
13.0066900253,80.2453384399,25789,25799,10
13.0067100525,80.2458267212,25799,25809,10
13.0067195892,80.246383667,25809,25820,11
13.0067501068,80.2469024658,25820,25830,10
13.0066995621,80.2472610474,25830,25840,10
13.0064697266,80.2473678589,25840,25849,9
13.0062303543,80.2474212646,25849,25860,11
13.0062198639,80.2474212646,25860,25870,10
13.0059204102,80.2474212646,25870,25880,10
13.0052700043,80.2473983765,25880,25890,10
13.0043802261,80.2474517822,25890,25900,10
13.0033798218,80.2475967407,25900,25911,11
13.0024404526,80.247756958,25911,25921,10
13.0014400482,80.2480010986,25921,25931,10
13.0002403259,80.2482910156,25931,25941,10
12.9988603592,80.248626709,25941,25951,10
12.9973697662,80.2489929199,25951,25961,10
12.9959201813,80.2493515015,25961,25971,10
12.9945201874,80.2497634888,25971,25981,10
12.9931201935,80.2500915527,25981,25991,10
12.991900444,80.2503890991,25991,26002,11
12.991230011,80.250579834,26002,26012,10
12.9909601212,80.2506332397,26012,26022,10
12.9903001785,80.2508010864,26022,26032,10
12.9893703461,80.2510223389,26032,26042,10
12.9879198074,80.2513885498,26042,26143,101
12.9879198074,80.2513885498,26143,26153,10
12.9877796173,80.2513809204,26153,26163,10
12.9873199463,80.2515029907,26163,26174,11
12.9863901138,80.2517623901,26174,26184,10
12.9852800369,80.2520523071,26184,26194,10
12.9839401245,80.2524337769,26194,26204,10
12.9824399948,80.2526626587,26204,26214,10
12.9809703827,80.2527084351,26214,26224,10
12.9802799225,80.2527618408,26224,26234,10
12.9800395966,80.2527389526,26234,26244,10
12.9795799255,80.2526931763,26244,26254,10
12.9789400101,80.2526321411,26254,26265,11
12.9787797928,80.2526092529,26265,26275,10
12.9786500931,80.2525482178,26275,26285,10
12.9781703949,80.252243042,26285,26295,10
12.9774999619,80.2516174316,26295,26305,10
12.9765195847,80.2511520386,26305,26315,10
12.9752702713,80.2508010864,26315,26325,10
12.9740495682,80.2504806519,26325,26335,10
12.9729700089,80.2501907349,26335,26345,10
12.971830368,80.2499008179,26345,26356,11
12.9705896378,80.2495193481,26356,26366,10
12.9694595337,80.2490997314,26366,26376,10
12.9682197571,80.2486190796,26376,26386,10
12.9670600891,80.2481613159,26386,26396,10
12.966460228,80.2478790283,26396,26406,10
12.965760231,80.2475662231,26406,26416,10
12.9650802612,80.2473373413,26416,26426,10
12.9649801254,80.2472915649,26426,26437,11
12.9644699097,80.2471008301,26437,26447,10
12.9637298584,80.2468185425,26447,26457,10
12.9627799988,80.2463531494,26457,26467,10
12.9616699219,80.2457962036,26467,26477,10
12.9605102539,80.245262146,26477,26487,10
12.9596595764,80.2449111938,26487,26497,10
12.9595003128,80.2448272705,26497,26507,10
12.9590797424,80.2446136475,26507,26517,10
12.9583597183,80.2442703247,26517,26528,11
12.9575500488,80.2439498901,26528,26538,10
12.9568395615,80.2437133789,26538,26548,10
12.956580162,80.2436218262,26548,26558,10
12.9565601349,80.2436218262,26558,26568,10
12.9564599991,80.2435684204,26568,26578,10
12.9561595917,80.2434692383,26578,26588,10
12.9554901123,80.2431488037,26588,26598,10
12.9546203613,80.2427597046,26598,26608,10
12.9537200928,80.2423782349,26608,26619,11
12.9528598785,80.2420501709,26619,26629,10
12.9520702362,80.2417907715,26629,26639,10
12.9517602921,80.2416763306,26639,26649,10
12.9513902664,80.2415313721,26649,26659,10
12.9506702423,80.2412872314,26659,26669,10
12.9497804642,80.2410430908,26669,26679,10
12.9493198395,80.2408905029,26679,26700,21
12.9493198395,80.2408905029,26700,26710,10
12.9491300583,80.2408218384,26710,26720,10
12.9486904144,80.2406082153,26720,26730,10
12.947930336,80.2402801514,26730,26740,10
12.9469604492,80.2398910522,26740,26750,10
12.9458503723,80.2394332886,26750,26760,10
12.9447803497,80.2386627197,26760,26770,10
12.9437799454,80.2376022339,26770,27000,230
12.9248199463,80.2308578491,27000,27010,10
12.9237298965,80.2306900024,27010,27019,9
12.9224100113,80.2304763794,27019,27030,11
12.9208898544,80.2302474976,27030,27040,10
12.9193601608,80.2300567627,27040,27050,10
12.9177799225,80.229850769,27050,27061,11
12.9161396027,80.229637146,27061,27071,10
12.9149599075,80.2294616699,27071,27081,10
12.9138498306,80.2293167114,27081,27091,10
12.9133300781,80.2293014526,27091,27101,10
12.9130897522,80.2292480469,27101,27111,10
12.9125003815,80.2291564941,27111,27121,10
12.9116096497,80.2290420532,27121,27131,10
12.9104995728,80.2288665771,27131,27141,10
12.9095201492,80.2287063599,27141,27152,11
12.9088802338,80.2286376953,27152,27162,10
12.9086198807,80.2286376953,27162,27172,10
12.908200264,80.2285919189,27172,27182,10
12.9077796936,80.2285308838,27182,27192,10
12.9072599411,80.2284698486,27192,27202,10
12.9069900513,80.2284164429,27202,27212,10
12.9066696167,80.2283782959,27212,27221,9
12.9063901901,80.2283477783,27221,27233,12
12.9062099457,80.2283477783,27233,27243,10
12.9057197571,80.2283477783,27243,27253,10
12.9051904678,80.2282791138,27253,27263,10
12.9046001434,80.2282409668,27263,27273,10
12.9040899277,80.2282180786,27273,27283,10
12.9035797119,80.2282028198,27283,27293,10
12.9027996063,80.2281723022,27293,27303,10
12.902009964,80.2281036377,27303,27313,10
12.9013996124,80.2280502319,27313,27404,91
12.9013996124,80.2280502319,27404,27415,11
12.9012804031,80.2281188965,27415,27425,10
12.9010601044,80.2280807495,27425,27435,10
12.900560379,80.2279968262,27435,27445,10
12.8998603821,80.2279586792,27445,27455,10
12.899310112,80.2279281616,27455,27465,10
12.8992395401,80.227897644,27465,27475,10
12.8988103867,80.227897644,27475,27485,10
12.8980102539,80.2278137207,27485,27495,10
12.8970098495,80.2277297974,27495,27506,11
12.8957195282,80.2276687622,27506,27516,10
12.8943595886,80.2276077271,27516,27526,10
12.8932600021,80.2274932861,27526,27536,10
12.892780304,80.227432251,27536,27546,10
12.8921699524,80.2273788452,27546,27556,10
12.8913698196,80.2273635864,27556,27566,10
12.8904600143,80.2273483276,27566,27576,10
12.8894195557,80.2273483276,27576,27586,10
12.8883800507,80.2273330688,27586,27597,11
12.8873701096,80.2272186279,27597,27607,10
12.886349678,80.2269973755,27607,27617,10
12.885310173,80.2267608643,27617,27627,10
12.88463974,80.2267532349,27627,27637,10
12.8843202591,80.2267379761,27637,27647,10
12.8836202621,80.2267379761,27647,27657,10
12.8826599121,80.2267532349,27657,27667,10
12.8815202713,80.2267608643,27667,27678,11
12.8801002502,80.2267837524,27678,27688,10
12.8789396286,80.2267837524,27688,27698,10
12.8777999878,80.2268829346,27698,27708,10
12.876709938,80.2269897461,27708,27718,10
12.8762598038,80.2270202637,27718,27728,10
12.8761701584,80.2270202637,27728,27738,10
12.875670433,80.2270126343,27738,27748,10
12.8748502731,80.2268981934,27748,27758,10
12.8738002777,80.2267913818,27758,27769,11
12.8730602264,80.2267608643,27769,27779,10
12.8726701736,80.2267608643,27779,27789,10
12.8724403381,80.2267379761,27789,27799,10
12.8717899323,80.2267227173,27799,27809,10
12.8708400726,80.2266693115,27809,27819,10
12.8697099686,80.2265625,27819,27829,10
12.8683795929,80.2264328003,27829,27839,10
12.8669204712,80.2265396118,27839,27849,10
12.8654098511,80.2266464233,27849,27860,11
12.8637104034,80.2265777588,27860,27870,10
12.8622999191,80.2265930176,27870,27880,10
12.8612003326,80.2266311646,27880,27890,10
12.8601198196,80.2265319824,27890,27900,10
12.8592100143,80.2264022827,27900,27910,10
12.859000206,80.2263565063,27910,27920,10
12.858590126,80.2263031006,27920,27930,10
12.8578300476,80.2262496948,27930,27940,10
12.8568201065,80.2263183594,27940,27951,11
12.8555402756,80.2264633179,27951,27961,10
12.8542299271,80.226600647,27961,27971,10
12.8527603149,80.2267074585,27971,27981,10
12.8512001038,80.2266387939,27981,27991,10
12.8496103287,80.226600647,27991,28001,10
12.8479995728,80.226600647,28001,28011,10
12.8464803696,80.2266235352,28011,28021,10
12.8456201553,80.2266311646,28021,28032,11
12.8455696106,80.2266387939,28032,28042,10
12.8453998566,80.2266082764,28042,28052,10
12.8447799683,80.2266387939,28052,28062,10
12.843870163,80.2267303467,28062,28072,10
12.8427696228,80.2269210815,28072,28082,10
12.8415403366,80.2272262573,28082,28092,10
12.8406200409,80.2275085449,28092,28102,10
12.8403100967,80.2276229858,28102,28133,31
12.8399400711,80.2277526855,28133,28173,40
12.8399400711,80.2277526855,28173,28183,10
12.8393602371,80.227897644,28183,28193,10
12.8386297226,80.2280273438,28193,28203,10
12.837679863,80.2282409668,28203,28214,11
12.8364696503,80.2284393311,28214,28224,10
12.8351898193,80.2286224365,28224,28234,10
12.8338003159,80.2288589478,28234,28244,10
12.8326396942,80.2291030884,28244,28254,10
12.8324098587,80.2291488647,28254,28264,10
12.8322200775,80.2291793823,28264,28274,10
12.8316402435,80.2292785645,28274,28284,10
12.8307504654,80.2295532227,28284,28295,11
12.8299198151,80.2298736572,28295,28305,10
12.8296604156,80.2299575806,28305,28315,10
12.8290596008,80.2302093506,28315,28325,10
12.8282299042,80.2306365967,28325,28335,10
12.827249527,80.2311706543,28335,28345,10
12.8259897232,80.2313995361,28345,28355,10
12.8246202469,80.2313766479,28355,28365,10
12.8233098984,80.2310409546,28365,28375,10
12.8219499588,80.2306289673,28375,28386,11
12.8203802109,80.2304916382,28386,28396,10
12.8191604614,80.2305374146,28396,28406,10
12.8189001083,80.2305221558,28406,28416,10
12.8184900284,80.2303390503,28416,28426,10
12.81772995,80.2299423218,28426,28436,10
12.8166999817,80.2295379639,28436,28446,10
12.8154401779,80.2293395996,28446,28456,10
12.814040184,80.2291107178,28456,28466,10
12.8125600815,80.2286300659,28466,28477,11
12.8108701706,80.228012085,28477,28487,10
12.8093500137,80.2273330688,28487,28497,10
12.8080501556,80.2263183594,28497,28507,10
12.8069896698,80.2254180908,28507,28517,10
12.8062200546,80.2247390747,28517,28527,10
12.8055200577,80.2241897583,28527,28537,10
12.8049898148,80.2240066528,28537,28547,10
12.8049201965,80.2239837646,28547,28557,10
12.8044300079,80.2239227295,28557,28568,11
12.8035297394,80.2238616943,28568,28578,10
12.8024501801,80.2237167358,28578,28588,10
12.8013095856,80.2236328125,28588,28598,10
12.8009595871,80.2236022949,28598,28608,10
12.8007497787,80.2235794067,28608,28618,10
12.8001203537,80.2235183716,28618,28628,10
12.7992200851,80.2234268188,28628,28638,10
12.79804039,80.2232894897,28638,28649,11
12.7965602875,80.2230529785,28649,28659,10
12.7958602905,80.2229614258,28659,28669,10
12.795800209,80.2229309082,28669,28679,10
12.7953100204,80.2228469849,28679,28689,10
12.7944602966,80.2227020264,28689,28699,10
12.7933998108,80.2225189209,28699,28709,10
12.7921800613,80.2223129272,28709,28719,10
12.7908802032,80.2219924927,28719,28729,10
12.7897396088,80.2217025757,28729,28740,11
12.7887201309,80.2213134766,28740,28750,10
12.7877702713,80.2209014893,28750,28760,10
12.7873401642,80.220741272,28760,28770,10
12.7871599197,80.2206878662,28770,28831,61
12.7871599197,80.2206878662,28831,28841,10
12.7867097855,80.220489502,28841,28851,10
12.7864904404,80.2204284668,28851,28861,10
12.7863798141,80.2203598022,28861,28871,10
12.7862195969,80.2204818726,28871,28881,10
12.7862100601,80.2207794189,28881,28891,10
12.7861995697,80.2211990356,28891,28901,10
12.786239624,80.2216491699,28901,28911,10
12.7863197327,80.2220230103,28911,30672,1761
12.7863197327,80.2220230103,30672,30682,10
12.786359787,80.2219085693,30682,30692,10
12.7862701416,80.2216567993,30692,30702,10
12.7862300873,80.2214431763,30702,30712,10
12.7862100601,80.2210388184,30712,30722,10
12.7861995697,80.2208328247,30722,30732,10
12.786190033,80.2206268311,30732,30742,10
12.7861995697,80.2203979492,30742,30763,21
12.7861995697,80.2203979492,30763,30773,10
12.7862701416,80.2202835083,30773,30783,10
12.7866697311,80.220451355,30783,30823,40
12.7866697311,80.220451355,30823,30833,10
12.7870702744,80.2206802368,30833,30844,11
12.7877397537,80.220916748,30844,30854,10
12.7885599136,80.2212524414,30854,30864,10
12.7894001007,80.2215576172,30864,30874,10
12.7900800705,80.2217788696,30874,30884,10
12.7910003662,80.2219924927,30884,30894,10
12.7919197083,80.2222137451,30894,30904,10
12.7927598953,80.2224197388,30904,30914,10
12.793510437,80.2225036621,30914,30924,10
12.7941398621,80.2226104736,30924,30935,11
12.7947902679,80.2227096558,30935,30945,10
12.7954597473,80.2228164673,30945,30955,10
12.7961301804,80.2229385376,30955,30965,10
12.7965297699,80.2230072021,30965,30975,10
12.7967395782,80.2230606079,30975,30985,10
12.7973203659,80.2231674194,30985,30995,10
12.7981300354,80.2232971191,30995,31005,10
12.799079895,80.2233886719,31005,31015,10
12.8001499176,80.223487854,31015,31026,11
12.8016004562,80.2236175537,31026,31046,20
12.8016004562,80.2236175537,31046,31056,10
12.8018598557,80.2236480713,31056,31066,10
12.8025102615,80.223739624,31066,31076,10
12.8033800125,80.2238616943,31076,31086,10
12.8043804169,80.2239379883,31086,31096,10
12.8052196503,80.2240600586,31096,31106,10
12.8056001663,80.2241668701,31106,31117,11
12.8057098389,80.2242279053,31117,31127,10
12.8061304092,80.2245864868,31127,31137,10
12.8068304062,80.2252120972,31137,31147,10
12.8077001572,80.2259674072,31147,31157,10
12.8087100983,80.2268295288,31157,31167,10
12.809800148,80.2275390625,31167,31177,10
12.8110799789,80.2280807495,31177,31187,10
12.8124799728,80.2285995483,31187,31197,10
12.8141202927,80.229133606,31197,31208,11
12.8157196045,80.2294006348,31208,31218,10
12.8173398972,80.2297286987,31218,31228,10
12.8187904358,80.2304000854,31228,31238,10
12.8197402954,80.23046875,31238,31248,10
12.8198795319,80.2304611206,31248,31258,10
12.8201999664,80.2304611206,31258,31268,10
12.8208999634,80.23046875,31268,31278,10
12.8218603134,80.2305603027,31278,31289,11
12.8230695724,80.2309036255,31289,31299,10
12.8242998123,80.2312164307,31299,31309,10
12.8255701065,80.2313995361,31309,31319,10
12.8269100189,80.2312774658,31319,31329,10
12.8281202316,80.2307281494,31329,31339,10
12.8293399811,80.2300796509,31339,31349,10
12.8304395676,80.2296295166,31349,31359,10
12.8311300278,80.229347229,31359,31369,10
12.8311595917,80.229347229,31369,31380,11
12.8313903809,80.2292709351,31380,31390,10
12.8318996429,80.2291107178,31390,31400,10
12.8324203491,80.2290115356,31400,31410,10
12.8332004547,80.2288665771,31410,31420,10
12.8342103958,80.2286987305,31420,31430,10
12.8354196548,80.2285003662,31430,31440,10
12.836810112,80.2283096313,31440,31450,10
12.838259697,80.2280578613,31450,31460,10
12.8391504288,80.2278289795,31460,31471,11
12.8395795822,80.2276992798,31471,31481,10
12.8399295807,80.2276077271,31481,31491,10
12.8405895233,80.227432251,31491,31501,10
12.8415002823,80.2271881104,31501,31511,10
12.8424701691,80.2269592285,31511,31521,10
12.8433303833,80.2267837524,31521,31531,10
12.8445796967,80.2266082764,31531,31541,10
12.8453502655,80.2265319824,31541,31551,10
12.845459938,80.2265319824,31551,31562,11
12.8455200195,80.2265319824,31562,31572,10
12.8458595276,80.2265396118,31572,31592,20
12.8458595276,80.2265396118,31592,31602,10
12.8459796906,80.2265396118,31602,31612,10
12.8465099335,80.2265701294,31612,31622,10
12.8473596573,80.2265701294,31622,31632,10
12.848400116,80.2265625,31632,31642,10
12.8496103287,80.2265625,31642,31653,11
12.851099968,80.2265930176,31653,31663,10
12.8525600433,80.2266464233,31663,31673,10
12.8540697098,80.2265777588,31673,31683,10
12.8555498123,80.2264175415,31683,31693,10
12.8570804596,80.2262496948,31693,31703,10
12.8584604263,80.2262191772,31703,31713,10
12.8597402573,80.2263793945,31713,31723,10
12.8606796265,80.2264785767,31723,31733,10
12.8607301712,80.2265014648,31733,31744,11
12.8611001968,80.2265625,31744,31754,10
12.8618297577,80.2265625,31754,31764,10
12.8628396988,80.2265014648,31764,31774,10
12.8640098572,80.2265090942,31774,31784,10
12.8653297424,80.2265625,31784,31794,10
12.8666496277,80.2265014648,31794,31804,10
12.8679599762,80.2264022827,31804,31814,10
12.8692502975,80.2264404297,31814,31825,11
12.8705997467,80.2265777588,31825,31835,10
12.8718004227,80.2266311646,31835,31845,10
12.8726797104,80.2266311646,31845,31855,10
12.8728303909,80.2266311646,31855,31865,10
12.873000145,80.2266387939,31865,31875,10
12.8735704422,80.2266693115,31875,31885,10
12.8744096756,80.2267608643,31885,31895,10
12.8758201599,80.2269363403,31895,31916,21
12.8758201599,80.2269363403,31916,31926,10
12.8760004044,80.2269592285,31926,31936,10
12.8765001297,80.2269515991,31936,31946,10
12.8771800995,80.2268829346,31946,31956,10
12.8781299591,80.2268066406,31956,31966,10
12.879119873,80.2267684937,31966,31976,10
12.880200386,80.2267379761,31976,31986,10
12.8812704086,80.2267303467,31986,31996,10
12.8822603226,80.2267074585,31996,32007,11
12.8834495544,80.2266921997,32007,32017,10
12.8844604492,80.2266693115,32017,32027,10
12.8852500916,80.2266693115,32027,32037,10
12.8853797913,80.2266921997,32037,32047,10
12.8858804703,80.2267990112,32047,32057,10
12.8866701126,80.2270202637,32057,32067,10
12.8876895905,80.2272186279,32067,32077,10
12.888879776,80.2273178101,32077,32087,10
12.8902397156,80.2273406982,32087,32098,11
12.8916797638,80.2273635864,32098,32108,10
12.8926401138,80.2274017334,32108,32118,10
12.8935604095,80.2275238037,32118,32128,10
12.8944396973,80.2276000977,32128,32138,10
12.8954200745,80.2276611328,32138,32148,10
12.8965797424,80.2276992798,32148,32158,10
12.8978204727,80.2277679443,32158,32168,10
12.898900032,80.2278137207,32168,32178,10
12.8998403549,80.2278594971,32178,32189,11
12.9003400803,80.2278594971,32189,32421,232
12.9003400803,80.2278594971,32421,32431,10
12.9008798599,80.2279281616,32431,32441,10
12.9011096954,80.2279586792,32441,32452,11
12.9014101028,80.2279586792,32452,32462,10
12.9016199112,80.2279586792,32462,32472,10
12.9021997452,80.2279891968,32472,32482,10
12.9027500153,80.2279968262,32482,32492,10
12.9028701782,80.228012085,32492,32502,10
12.903380394,80.2280426025,32502,32512,10
12.9042196274,80.2280807495,32512,32522,10
12.9052696228,80.2281417847,32522,32532,10
12.9058799744,80.2281570435,32532,32543,11
12.9059495926,80.2281417847,32543,32553,10
12.9063796997,80.2281723022,32553,32563,10
12.9069004059,80.2282333374,32563,32573,10
12.9074802399,80.228302002,32573,32583,10
12.9083204269,80.2284393311,32583,32593,10
12.9094200134,80.2286224365,32593,32603,10
12.9106798172,80.2288208008,32603,32613,10
12.911939621,80.229019165,32613,32623,10
12.9132604599,80.2292022705,32623,32634,11
12.9138298035,80.2292709351,32634,32644,10
12.9140396118,80.229309082,32644,32654,10
12.9146604538,80.2294006348,32654,32664,10
12.9155302048,80.2295303345,32664,32674,10
12.9165401459,80.2296829224,32674,32684,10
12.9175195694,80.2298126221,32684,32694,10
12.918390274,80.2299499512,32694,32704,10
12.9191703796,80.2300567627,32704,32714,10
12.9201202393,80.230178833,32714,32725,11
12.9211397171,80.2303085327,32725,32735,10
12.9223098755,80.23046875,32735,32745,10
12.9235801697,80.2306594849,32745,32755,10
12.9248199463,80.2308197021,32755,32765,10
12.9259195328,80.2309112549,32765,32775,10
12.9264602661,80.2309570313,32775,32785,10
12.9266395569,80.2309875488,32785,32795,10
12.9272403717,80.2310562134,32795,32806,11
12.9281101227,80.2311706543,32806,32816,10
12.9287900925,80.231262207,32816,32826,10
12.9291801453,80.2313537598,32826,32836,10
12.9298496246,80.2314987183,32836,32846,10
12.9307699203,80.2317428589,32846,32856,10
12.9318799973,80.2321090698,32856,32866,10
12.9333496094,80.2326202393,32866,32886,20
12.9333496094,80.2326202393,32886,32897,11
12.9336204529,80.232749939,32897,32907,10
12.9341802597,80.2330093384,32907,32917,10
12.9349403381,80.2333526611,32917,32927,10
12.9352798462,80.2335128784,32927,32937,10
12.9356098175,80.2336578369,32937,32947,10
12.9361495972,80.2339172363,32947,32957,10
12.936920166,80.2342910767,32957,32967,10
12.9378900528,80.2347488403,32967,32977,10
12.9389200211,80.2352371216,32977,32988,11
12.939450264,80.2355194092,32988,32998,10
12.9395904541,80.2355880737,32998,33008,10
12.9397296906,80.2356796265,33008,33018,10
12.9400501251,80.2358093262,33018,33028,10
12.9406995773,80.2360076904,33028,33038,10
12.9415798187,80.2362289429,33038,33048,10
12.9425201416,80.2364883423,33048,33058,10
12.9434499741,80.2370834351,33058,33068,10
12.9443302155,80.23802948,33068,33079,11
12.9452199936,80.2389907837,33079,33089,10
12.9463300705,80.2396087646,33089,33099,10
12.9470596313,80.2398986816,33099,33109,10
12.9470596313,80.239906311,33109,33119,10
12.9473695755,80.2400665283,33119,33129,10
12.9480400085,80.2403488159,33129,33139,10
12.9486703873,80.2406234741,33139,33251,112
12.9486703873,80.2406234741,33251,33261,10
12.9488296509,80.2406768799,33261,33271,10
12.9491195679,80.2407989502,33271,33281,10
12.9496002197,80.2409667969,33281,33291,10
12.9504098892,80.2412109375,33291,33301,10
12.9513597488,80.2415008545,33301,33311,10
12.9522304535,80.2418136597,33311,33321,10
12.9532604218,80.2422103882,33321,33331,10
12.9542398453,80.2426071167,33331,33342,11
12.9549503326,80.2428817749,33342,33352,10
12.9552497864,80.242980957,33352,33362,10
12.9554796219,80.243057251,33362,33372,10
12.9555797577,80.2430877686,33372,33382,10
12.9557199478,80.2431335449,33382,33392,10
12.9559402466,80.2431869507,33392,33463,71
12.9559402466,80.2431869507,33463,33473,10
12.9562196732,80.2432479858,33473,33493,20
12.9563598633,80.2432937622,33493,33524,31
12.9563598633,80.2432937622,33524,33534,10
12.9566202164,80.2433776855,33534,33544,10
12.9572000504,80.2437133789,33544,33554,10
12.9576997757,80.2439498901,33554,33564,10
12.9580202103,80.244102478,33564,33574,10
12.9586000443,80.2443237305,33574,33584,10
12.9587802887,80.2444076538,33584,33594,10
12.9590797424,80.2445831299,33594,33604,10
12.9593801498,80.2447433472,33604,33615,11
12.9601097107,80.2450637817,33615,33625,10
12.9610395432,80.2454910278,33625,33635,10
12.9620199203,80.2459487915,33635,33645,10
12.9624795914,80.2461090088,33645,33655,10
12.9631996155,80.2464981079,33655,33675,20
12.9631996155,80.2464981079,33675,33685,10
12.9633598328,80.2466201782,33685,33696,11
12.9635696411,80.2467498779,33696,33706,10
12.9640398026,80.2469482422,33706,33716,10
12.964799881,80.247253418,33716,33726,10
12.9658002853,80.2475891113,33726,33736,10
12.9664402008,80.2478027344,33736,33746,10
12.966509819,80.2478179932,33746,33756,10
12.9666204453,80.2479019165,33756,33766,10
12.9669599533,80.2481002808,33766,33776,10
12.9676599503,80.2483978271,33776,33787,11
12.9687595367,80.2488327026,33787,33797,10
12.9699697495,80.2492980957,33797,33807,10
12.9712400436,80.2497406006,33807,33817,10
12.9726200104,80.2501068115,33817,33827,10
12.97397995,80.2504577637,33827,33837,10
12.9754104614,80.2508773804,33837,33847,10
12.9768400192,80.2512969971,33847,33857,10
12.9779996872,80.2519989014,33857,33867,10
12.9785900116,80.2523880005,33867,33878,11
12.9787397385,80.2524719238,33878,33888,10
12.9795703888,80.2526168823,33888,33918,30
12.9795703888,80.2526168823,33918,33928,10
12.9796895981,80.2526626587,33928,33938,10
12.9801397324,80.2526779175,33938,33948,10
12.9809398651,80.2526626587,33948,33958,10
12.9819898605,80.2526321411,33958,33969,11
12.983499527,80.2524719238,33969,34009,40
12.983499527,80.2524719238,34009,34019,10
12.9835596085,80.2524185181,34019,34029,10
12.9839496613,80.2523193359,34029,34039,10
12.9846200943,80.2521514893,34039,34049,10
12.9852199554,80.2519989014,34049,34060,11
12.9856595993,80.2518768311,34060,34070,10
12.9860095978,80.2517929077,34070,34080,10
12.9863996506,80.2516937256,34080,34090,10
12.9868402481,80.2515716553,34090,34100,10
12.9871702194,80.2514801025,34100,34110,10
12.987569809,80.2513580322,34110,34120,10
12.9880599976,80.2512512207,34120,34130,10
12.9889001846,80.2510375977,34130,34140,10
12.9896402359,80.250831604,34140,34151,11
12.9897899628,80.2508010864,34151,34161,10
12.9903202057,80.2506790161,34161,34171,10
12.9911603928,80.2504806519,34171,34181,10
12.9921798706,80.2502365112,34181,34191,10
12.9931602478,80.25,34191,34201,10
12.9947595596,80.2496109009,34201,34211,10
12.9959001541,80.2493133545,34211,34221,10
12.9965400696,80.2490997314,34221,34231,10
12.9967098236,80.2490615845,34231,34242,11
12.9973897934,80.2489013672,34242,34252,10
12.9982995987,80.2486801147,34252,34262,10
12.9993696213,80.2484207153,34262,34272,10
13.0003900528,80.2481994629,34272,34282,10
13.0015602112,80.2479095459,34282,34292,10
13.0029296875,80.2475967407,34292,34302,10
13.0044403076,80.2473678589,34302,34312,10
13.0058202744,80.2471008301,34312,34323,11
13.0064401627,80.24659729,34323,34333,10
13.006529808,80.2464065552,34333,34343,10
13.0066299438,80.2457962036,34343,34353,10
13.0066299438,80.2449417114,34353,34363,10
13.0066404343,80.2443618774,34363,34373,10
13.0066404343,80.2439727783,34373,34383,10
13.006649971,80.2435684204,34383,34393,10
13.0066604614,80.2431030273,34393,34403,10
13.0066204071,80.2425079346,34403,34414,11
13.0066003799,80.2413864136,34414,34424,10
13.0067596436,80.2405776978,34424,34434,10
13.0069799423,80.2395172119,34434,34444,10
13.0071401596,80.2383728027,34444,34454,10
13.0072803497,80.2376708984,34454,34464,10
13.0073900223,80.2371520996,34464,34474,10
13.0074501038,80.2367630005,34474,34484,10
13.0074796677,80.2366409302,34484,34495,11
13.0075502396,80.2362594604,34495,34506,11
13.0076599121,80.2356109619,34506,34516,10
13.0077295303,80.2352600098,34516,34526,10
13.0078601837,80.2346496582,34526,34536,10
13.0080404282,80.2337265015,34536,34546,10
13.0082597733,80.2326889038,34546,34556,10
13.0085000992,80.2314605713,34556,34566,10
13.0087795258,80.2300796509,34566,34576,10
13.0090303421,80.2288284302,34576,34586,10
13.0093002319,80.2278366089,34586,34597,11
13.009759903,80.2267532349,34597,34607,10
13.0102300644,80.2257232666,34607,34617,10
13.0104799271,80.2251434326,34617,34627,10
13.0107297897,80.2247009277,34627,34637,10
13.0109796524,80.224067688,34637,34647,10
13.0113697052,80.2232894897,34647,34657,10
13.0117101669,80.2223434448,34657,34667,10
13.0120096207,80.2215576172,34667,34678,11
13.0123195648,80.2214431763,34678,34688,10
13.0125303268,80.2217788696,34688,34698,10
13.0128898621,80.2222824097,34698,34708,10
13.0133495331,80.2227630615,34708,34718,10
13.013879776,80.2233200073,34718,34728,10
13.0142097473,80.2237167358,34728,34738,10
13.0145797729,80.2241821289,34738,34748,10
13.0149402618,80.2245483398,34748,34758,10
13.0151996613,80.2247924805,34758,34769,11
13.0156402588,80.225189209,34769,34779,10
13.0157804489,80.2252578735,34779,34789,10
13.0160999298,80.2253799438,34789,34799,10
13.0168304443,80.2252426147,34799,34809,10
13.0178003311,80.2248382568,34809,34819,10
13.0184497833,80.2245407104,34819,34829,10
13.0187501907,80.2244110107,34829,34839,10
13.0192098618,80.2242965698,34839,34890,51
13.0192098618,80.2242965698,34890,34900,10
13.0195798874,80.2244262695,34900,34920,20
13.0198202133,80.2246170044,34920,34951,31
13.0198202133,80.2246170044,34951,34961,10
13.0201396942,80.2248764038,34961,34971,10
13.0204401016,80.2250671387,34971,34981,10
13.0206098557,80.2251815796,34981,34991,10
13.0207796097,80.2253112793,34991,35001,10
13.0210695267,80.2255401611,35001,35011,10
13.0211601257,80.2256393433,35011,35021,10
13.0213603973,80.2258300781,35021,35031,10
13.0215196609,80.2259292603,35031,35042,11
13.0217103958,80.2260513306,35042,35052,10
13.0218000412,80.2261123657,35052,35062,10
13.0219297409,80.2261810303,35062,35072,10
13.0222196579,80.2263870239,35072,35082,10
13.0224895477,80.2266387939,35082,35122,40
13.0224895477,80.2266387939,35122,35133,11
13.0227298737,80.2268676758,35133,35143,10
13.0228595734,80.2270126343,35143,35153,10
13.0229101181,80.2270584106,35153,35163,10
13.023059845,80.2272262573,35163,35173,10
13.0231895447,80.2273635864,35173,35183,10
13.0234298706,80.2275619507,35183,35203,20
13.0234298706,80.2275619507,35203,35214,11
13.023639679,80.2277603149,35214,35224,10
13.0238304138,80.2279205322,35224,35234,10
13.0242099762,80.2282867432,35234,35274,40
13.0242099762,80.2282867432,35274,35284,10
13.0243797302,80.2286300659,35284,35294,10
13.0242795944,80.2285919189,35294,35305,11
13.0240402222,80.2283096313,35305,35315,10
13.0238103867,80.2279815674,35315,35325,10
13.0235004425,80.2276992798,35325,35507,182
13.0233402252,80.2274627686,35507,35790,283
13.0233402252,80.2274627686,35790,35800,10
13.0232801437,80.2273864746,35800,35810,10
13.0230197906,80.2271499634,35810,35820,10
13.0225801468,80.2267608643,35820,35830,10
13.0219297409,80.2261962891,35830,35841,11
13.0210504532,80.225479126,35841,35851,10
13.0201196671,80.224861145,35851,35881,30
13.0201196671,80.224861145,35881,35891,10
13.0198802948,80.2247161865,35891,35901,10
13.0192604065,80.2244720459,35901,35911,10
13.0183897018,80.2246627808,35911,35921,10
13.0175199509,80.2250137329,35921,35932,11
13.016500473,80.2254180908,35932,35942,10
13.0157003403,80.2257080078,35942,35952,10
13.0148601532,80.22605896,35952,35962,10
13.0144796371,80.2262115479,35962,35972,10
13.0143995285,80.2262191772,35972,35982,10
13.013999939,80.2263412476,35982,35992,10
13.0133104324,80.2265930176,35992,36002,10
13.012430191,80.2269592285,36002,36012,10
13.0114297867,80.2273406982,36012,36023,11
13.0100402832,80.2279205322,36023,36033,10
13.0091104507,80.2285995483,36033,36043,10
13.0088701248,80.2297973633,36043,36053,10
13.0086402893,80.2311477661,36053,36063,10
13.0085201263,80.231842041,36063,36093,30
13.0085201263,80.231842041,36093,36103,10
13.0084295273,80.2322235107,36103,36114,11
13.0083198547,80.232749939,36114,36123,9
13.0082597733,80.2331771851,36123,36134,11
13.0082397461,80.2333984375,36134,36144,10
13.0081796646,80.2336196899,36144,36154,10
13.0081195831,80.23387146,36154,36164,10
13.0079603195,80.2346420288,36164,36194,30
13.0079603195,80.2346420288,36194,36205,11
13.0079097748,80.2350921631,36205,36215,10
13.0077695847,80.2355804443,36215,36225,10
13.0076303482,80.2362823486,36225,36235,10
13.0075998306,80.2364883423,36235,36245,10
13.0075101852,80.2369537354,36245,36275,30
13.0075101852,80.2369537354,36275,36285,10
13.007399559,80.2375183105,36285,36306,21
13.007399559,80.2375183105,36306,36316,10
13.007349968,80.2377929688,36316,36326,10
13.0073204041,80.2379379272,36326,36336,10
13.0072603226,80.2382507324,36336,36346,10
13.0071201324,80.2389068604,36346,36387,41
13.0071001053,80.2392425537,36387,36407,20
13.0071001053,80.2392425537,36407,36417,10
13.0069999695,80.2396469116,36417,36427,10
13.0068597794,80.2401809692,36427,36437,10
13.006770134,80.2407073975,36437,36447,10
13.0067596436,80.2409362793,36447,36457,10
13.0067396164,80.2414779663,36457,36468,11
13.0067396164,80.2423934937,36468,36569,101
13.0067396164,80.2423934937,36569,36579,10
13.0066900253,80.2429428101,36579,36589,10
13.0067100525,80.243309021,36589,36599,10
13.0067195892,80.2436828613,36599,36609,10
13.0066900253,80.244178772,36609,36619,10
13.0066995621,80.2446517944,36619,36629,10
13.0066900253,80.2449417114,36629,36639,10
13.0066995621,80.2453994751,36639,36650,11
13.0067195892,80.2460021973,36650,36660,10
13.0067501068,80.2465667725,36660,36670,10
13.0067501068,80.2469863892,36670,36680,10
13.0066795349,80.2473983765,36680,36700,20
13.0066795349,80.2473983765,36700,36710,10
13.0061597824,80.2474212646,36710,36730,20
13.0061597824,80.2474212646,36730,36741,11
13.0057296753,80.2473678589,36741,36751,10
13.0050296783,80.2473907471,36751,36761,10
13.004070282,80.2474594116,36761,36771,10
13.0029697418,80.2476196289,36771,36781,10
13.0021495819,80.2478027344,36781,36791,10
13.0013103485,80.2480316162,36791,36801,10
13.0003299713,80.2482833862,36801,36811,10
12.9991998672,80.2485580444,36811,36821,10
12.9979801178,80.2488632202,36821,36832,11
12.9964799881,80.2492294312,36832,36842,10
12.9950399399,80.2496032715,36842,36852,10
12.9935903549,80.2500228882,36852,36862,10
12.9921503067,80.2503662109,36862,36872,10
12.9912004471,80.2506484985,36872,36882,10
12.9910802841,80.2506713867,36882,36892,10
12.9908895493,80.2506484985,36892,36902,10
12.9903097153,80.2507400513,36902,36913,11
12.9892902374,80.2509765625,36913,37236,323
12.9892902374,80.2509765625,37236,37246,10
12.9892396927,80.2509765625,37246,37256,10
12.988940239,80.251083374,37256,37266,10
12.9886102676,80.2511978149,37266,37277,11
12.9881601334,80.2513427734,37277,37287,10
12.987739563,80.251449585,37287,37297,10
12.9873199463,80.2515716553,37297,37307,10
12.9867296219,80.2517471313,37307,37317,10
12.9859304428,80.2519226074,37317,37327,10
12.9849395752,80.252166748,37327,37337,10
12.9837398529,80.2524795532,37337,37347,10
12.9825401306,80.2526397705,37347,37357,10
12.9815502167,80.2526626587,37357,37368,11
12.9806804657,80.2527313232,37368,37398,30
12.9806804657,80.2527313232,37398,37408,10
12.9805002213,80.2527313232,37408,37418,10
12.9802799225,80.252746582,37418,37428,10
12.9800100327,80.2527313232,37428,37438,10
12.9796495438,80.2526931763,37438,37449,11
12.9788799286,80.2526016235,37449,37459,10
12.9785699844,80.2525100708,37459,37469,10
12.9782400131,80.2522964478,37469,37479,10
12.9776601791,80.2517929077,37479,37489,10
12.9767398834,80.2512817383,37489,37499,10
12.9760398865,80.2510681152,37499,37509,10
12.9753599167,80.2508621216,37509,37519,10
12.9744300842,80.250579834,37519,37529,10
12.9733695984,80.250289917,37529,37540,11
12.9721097946,80.2499465942,37540,37550,10
12.9708795547,80.2496185303,37550,37560,10
12.9695701599,80.2491607666,37560,37570,10
12.9684495926,80.2486877441,37570,37580,10
12.9676904678,80.2483825684,37580,37590,10
12.9671401978,80.2482223511,37590,37600,10
12.966750145,80.2480392456,37600,37610,10
12.9665203094,80.2479324341,37610,37620,10
12.966340065,80.2478485107,37620,37631,11
12.9658298492,80.2476196289,37631,37641,10
12.9656095505,80.247543335,37641,37651,10
12.9653100967,80.247428894,37651,37711,60
12.9653100967,80.247428894,37711,37722,11
12.9649600983,80.2473678589,37722,37772,50
12.9649600983,80.2473678589,37772,37782,10
12.9646196365,80.2472076416,37782,37863,81
12.9642801285,80.2470703125,37863,37924,61
12.9642801285,80.2470703125,37924,37934,10
12.9638004303,80.2468719482,37934,37944,10
12.963350296,80.2466430664,37944,37954,10
12.9625597,80.2462615967,37954,37964,10
12.9615402222,80.2457504272,37964,37974,10
12.9603395462,80.2451934814,37974,37984,10
12.9594402313,80.2448272705,37984,37995,11
12.959400177,80.2447967529,37995,38005,10
12.9590797424,80.2446212769,38005,38015,10
12.9584302902,80.2443389893,38015,38025,10
12.9576196671,80.2439727783,38025,38035,10
12.9565095901,80.2435073853,38035,38086,51
12.9565095901,80.2435073853,38086,38096,10
12.9563598633,80.2434463501,38096,38106,10
12.9558801651,80.2432632446,38106,38116,10
12.9550695419,80.2429275513,38116,38126,10
12.954079628,80.2425308228,38126,38136,10
12.9529104233,80.2420730591,38136,38146,10
12.9518203735,80.2416763306,38146,38156,10
12.9516096115,80.2416229248,38156,38167,11
12.9512996674,80.2415008545,38167,38177,10
12.9505796432,80.2412796021,38177,38187,10
12.949760437,80.2410125732,38187,38197,10
12.9489898682,80.2407608032,38197,38207,10
12.9481401443,80.2404022217,38207,38217,10
12.9476003647,80.2401809692,38217,38227,10
12.9473896027,80.2401199341,38227,38237,10
12.9473199844,80.2400817871,38237,38247,10
12.9470701218,80.239982605,38247,38258,11
12.9463796616,80.2396774292,38258,38268,10
12.9455404282,80.2392730713,38268,38278,10
12.9447202682,80.238571167,38278,38288,10
12.9438400269,80.2376098633,38288,38298,10
12.9429702759,80.2367630005,38298,38308,10
12.9417200089,80.2362594604,38308,38318,10
12.9403295517,80.2359390259,38318,38328,10
12.9397497177,80.2357635498,38328,38338,10
12.9396295547,80.2357177734,38338,38349,11
12.9394798279,80.2356491089,38349,38359,10
12.9390296936,80.2354125977,38359,38369,10
12.9382696152,80.2350234985,38369,38379,10
12.9372997284,80.2345504761,38379,38389,10
12.9361495972,80.2340011597,38389,38399,10
12.9350404739,80.2334976196,38399,38409,10
12.9340000153,80.2330627441,38409,38419,10
12.9338598251,80.2329788208,38419,38429,10
12.9336004257,80.2328567505,38429,38440,11
12.9328804016,80.2325515747,38440,38450,10
12.9319496155,80.232208252,38450,38460,10
12.9308395386,80.2318191528,38460,38470,10
12.9297895432,80.2315292358,38470,38480,10
12.9294395447,80.2314605713,38480,38490,10
12.9292297363,80.2313995361,38490,38500,10
12.9286298752,80.2312774658,38500,38510,10
12.9278202057,80.2311477661,38510,38520,10
12.9268302917,80.2310409546,38520,38531,11
12.9260702133,80.2309799194,38531,38541,10
12.9259395599,80.2309570313,38541,38551,10
12.9253997803,80.2308883667,38551,38561,10
12.9245996475,80.2307891846,38561,38571,10
12.9235696793,80.2306289673,38571,38581,10
12.9223403931,80.2304382324,38581,38591,10
12.9209403992,80.2302398682,38591,38601,10
12.9194202423,80.2300491333,38601,38611,10
12.9180002213,80.2298736572,38611,38622,11
12.9168395996,80.2297210693,38622,38632,10
12.9156799316,80.2295608521,38632,38642,10
12.9143695831,80.2293701172,38642,38652,10
12.9134197235,80.2292785645,38652,38662,10
12.9133300781,80.2292633057,38662,38672,10
12.9131002426,80.2292098999,38672,38682,10
12.9124698639,80.2291030884,38682,38692,10
12.911529541,80.2289505005,38692,38703,11
12.9102697372,80.228767395,38703,38713,10
12.9090003967,80.228553772,38713,38723,10
12.9078397751,80.2283782959,38723,38733,10
12.9075403214,80.2283401489,38733,38743,10
12.9073896408,80.2283096313,38743,38753,10
12.9070501328,80.2282791138,38753,38763,10
12.9065198898,80.2282180786,38763,38773,10
12.90583992,80.2281570435,38773,38783,10
12.9053001404,80.2281417847,38783,38794,11
12.904800415,80.2281799316,38794,38804,10
12.9047203064,80.2281799316,38804,38814,10
12.9042797089,80.2281417847,38814,38824,10
12.9035100937,80.2281036377,38824,38834,10
12.9025201797,80.2280502319,38834,38844,10
12.9013996124,80.2279815674,38844,38965,121
12.9013996124,80.2279815674,38965,38976,11
12.90102005,80.2279968262,38976,38986,10
12.9006299973,80.2279510498,38986,38996,10
12.9001398087,80.2279281616,38996,39006,10
12.8990097046,80.2278900146,39006,39026,20
12.8990097046,80.2278900146,39026,39036,10
12.898730278,80.227897644,39036,39046,10
12.898059845,80.2278213501,39046,39056,10
12.8971395493,80.227722168,39056,39067,11
12.8959703445,80.2276687622,39067,39077,10
12.8947496414,80.2276229858,39077,39087,10
12.893529892,80.2275238037,39087,39097,10
12.8929300308,80.2274627686,39097,39107,10
12.8924102783,80.2274017334,39107,39117,10
12.8916501999,80.2273406982,39117,39127,10
12.8906803131,80.2273406982,39127,39137,10
12.8895797729,80.2273406982,39137,39147,10
12.8884401321,80.2273330688,39147,39158,11
12.8872699738,80.2272033691,39158,39168,10
12.8860397339,80.2269363403,39168,39178,10
12.8852701187,80.2267990112,39178,39188,10
12.8851003647,80.2267684937,39188,39198,10
12.8847503662,80.2267227173,39198,39208,10
12.8840198517,80.2267227173,39208,39218,10
12.883020401,80.2267303467,39218,39228,10
12.8818597794,80.2267303467,39228,39238,10
12.8807296753,80.2267532349,39238,39249,11
12.8792104721,80.2267837524,39249,39259,10
12.877989769,80.2268600464,39259,39269,10
12.8766698837,80.2269897461,39269,39289,20
12.8766698837,80.2269897461,39289,39299,10
12.8764200211,80.2269821167,39299,39309,10
12.8758201599,80.2269363403,39309,39319,10
12.8749103546,80.2268600464,39319,39330,11
12.8736896515,80.2267227173,39330,39340,10
12.8723802567,80.2266693115,39340,39350,10
12.8709402084,80.2266235352,39350,39360,10
12.8694601059,80.2264785767,39360,39370,10
12.8678998947,80.2263793945,39370,39380,10
12.8662996292,80.2265396118,39380,39390,10
12.8646697998,80.2265625,39390,39400,10
12.8630304337,80.2265090942,39400,39410,10
12.8614702225,80.2265930176,39410,39421,11
12.859749794,80.2264709473,39421,39431,10
12.8586196899,80.2262878418,39431,39441,10
12.8574399948,80.2262573242,39441,39451,10
12.8561697006,80.2263793945,39451,39461,10
12.854809761,80.2265319824,39461,39471,10
12.8533601761,80.2266693115,39471,39481,10
12.8518199921,80.2266616821,39481,39491,10
12.8503704071,80.2265930176,39491,39501,10
12.8490600586,80.2265701294,39501,39512,11
12.8476295471,80.2265777588,39512,39522,10
12.8465499878,80.2266235352,39522,39532,10
12.8461999893,80.2266235352,39532,39542,10
12.8454904556,80.2266235352,39542,39562,20
12.8454904556,80.2266235352,39562,39572,10
12.8451499939,80.2266387939,39572,39582,10
12.8444795609,80.2266693115,39582,39592,10
12.8435697556,80.2267608643,39592,39603,11
12.8424396515,80.2269592285,39603,39613,10
12.8411998749,80.2272415161,39613,39623,10
12.8402795792,80.2275466919,39623,39633,10
12.8397798538,80.2277526855,39633,39643,10
12.8397502899,80.2277603149,39643,39653,10
12.8396596909,80.2277984619,39653,39663,10
12.8392896652,80.2278823853,39663,39673,10
12.8390197754,80.2279205322,39673,39683,10
12.8384399414,80.2280502319,39683,39694,11
12.8374700546,80.2282485962,39694,39704,10
12.8363704681,80.2284088135,39704,39714,10
12.8350696564,80.2285766602,39714,39724,10
12.8337097168,80.2288131714,39724,39734,10
12.8320398331,80.2291412354,39734,39785,51
12.8320398331,80.2291412354,39785,39795,10
12.8319501877,80.2291793823,39795,39805,10
12.8317403793,80.2292175293,39805,39815,10
12.8317403793,80.2292098999,39815,39825,10
12.8315200806,80.2286987305,39825,39886,61
12.8315200806,80.2286987305,39886,39896,10
12.831489563,80.2284088135,39896,39906,10
12.8313798904,80.2278137207,39906,39916,10
12.8312196732,80.2269973755,39916,39926,10
12.8310699463,80.2259979248,39926,39936,10
12.8310604095,80.2249984741,39936,39946,10
12.8310604095,80.224609375,39946,39957,11
12.8310804367,80.2239990234,39957,39967,10
12.8310899734,80.2232131958,39967,39977,10
12.8310899734,80.2223968506,39977,39987,10
12.8310899734,80.2220687866,39987,39997,10
12.8311004639,80.2214736938,39997,40007,10
12.8311004639,80.2206726074,40007,40017,10
12.8311100006,80.2198867798,40017,40027,10
12.8310604095,80.219581604,40027,40037,10
12.8304901123,80.2194671631,40037,40048,11
12.8295602798,80.2194900513,40048,40058,10
12.8285198212,80.2194824219,40058,40068,10
12.8277397156,80.2194824219,40068,40108,40
12.8277397156,80.2194824219,40108,40118,10
12.8274497986,80.2194595337,40118,40128,10
12.826880455,80.2194366455,40128,40139,11
12.8261003494,80.2194595337,40139,40149,10
12.8256797791,80.2194366455,40149,40159,10
12.8254003525,80.2194366455,40159,40169,10
12.8253002167,80.2194595337,40169,40179,10
12.8247404099,80.2194519043,40179,40189,10
12.8238601685,80.2194595337,40189,40199,10
12.8229999542,80.2194824219,40199,40209,10
12.822930336,80.2194671631,40209,40219,10
12.8227396011,80.2194290161,40219,40230,11
12.8226299286,80.219078064,40230,40240,10
12.822640419,80.2186431885,40240,40250,10
12.822640419,80.2178421021,40250,40260,10
12.8226604462,80.2167816162,40260,40270,10
12.8227300644,80.2159729004,40270,40280,10
12.8229703903,80.2159729004,40280,40290,10
12.8234100342,80.2159805298,40290,40301,11
12.8246803284,80.2159805298,40301,40322,21
12.8247804642,80.2159729004,40322,40940,618
12.8247804642,80.2159729004,40940,40950,10
12.8251600266,80.216003418,40950,40960,10
12.8256702423,80.2160263062,40960,40970,10
12.8259000778,80.2161483765,40970,40980,10
12.825920105,80.2166824341,40980,40990,10
12.8259000778,80.2174606323,40990,41000,10
12.8258895874,80.2183837891,41000,41010,10
12.8258895874,80.2191619873,41010,41021,11
12.825969696,80.2194137573,41021,41031,10
12.8261499405,80.2194290161,41031,41041,10
12.8266496658,80.2194366455,41041,41051,10
12.8271999359,80.2194595337,41051,41061,10
12.8274898529,80.2194595337,41061,41071,10
12.827750206,80.2194824219,41071,41080,9
12.8282604218,80.2194671631,41080,41091,11
12.829199791,80.2194519043,41091,41101,10
12.830329895,80.2194900513,41101,41112,11
12.8309402466,80.2194976807,41112,41122,10
12.831199646,80.2200012207,41122,41132,10
12.8311700821,80.220916748,41132,41142,10
12.8311500549,80.2219696045,41142,41152,10
12.8311395645,80.2223434448,41152,41162,10
12.8311300278,80.2230377197,41162,41172,10
12.8311195374,80.2240066528,41172,41182,10
12.8311195374,80.2246170044,41182,41192,10
12.8311100006,80.2250900269,41192,41203,11
12.8311004639,80.2260284424,41203,41212,9
12.8312397003,80.2269821167,41212,41223,11
12.8315095901,80.228302002,41223,41233,10
12.8316698074,80.2290420532,41233,41243,10
12.8317298889,80.2291030884,41243,41253,10
12.8320903778,80.2290802002,41253,41263,10
12.8327798843,80.2289581299,41263,41273,10
12.8337402344,80.2287826538,41273,41283,10
12.8348302841,80.2286071777,41283,41294,11
12.8361597061,80.2284088135,41294,41304,10
12.8373498917,80.2282333374,41304,41314,10
12.8384799957,80.2279815674,41314,41324,10
12.8389997482,80.2277984619,41324,41334,10
12.8389997482,80.2277984619,41334,41344,10
12.8391799927,80.2276992798,41344,41435,91
12.8391799927,80.2276992798,41435,41445,10
12.8395795822,80.2276000977,41445,41455,10
12.8400297165,80.2275238037,41455,41465,10
12.8407802582,80.2273483276,41465,41476,11
12.8418598175,80.2270736694,41476,41486,10
12.8431196213,80.2268676758,41486,41496,10
12.844420433,80.2266769409,41496,41506,10
12.8453903198,80.2265930176,41506,41516,10
12.8455200195,80.2265777588,41516,41526,10
12.8458204269,80.2265701294,41526,41536,10
12.8459997177,80.2265472412,41536,41546,10
12.8466396332,80.2265396118,41546,41556,10
12.8476104736,80.2265396118,41556,41567,11
12.8487997055,80.2265472412,41567,41577,10
12.8499698639,80.2265625,41577,41587,10
12.8511800766,80.226600647,41587,41597,10
12.8525695801,80.2266616821,41597,41607,10
12.8541002274,80.2265777588,41607,41617,10
12.8556404114,80.2264328003,41617,41627,10
12.8571796417,80.2262496948,41627,41637,10
12.8585500717,80.2261962891,41637,41648,11
12.8600997925,80.2264404297,41648,41658,10
12.8616104126,80.2265625,41658,41668,10
12.8631696701,80.2264862061,41668,41678,10
12.8647603989,80.2265396118,41678,41688,10
12.8663301468,80.2265014648,41688,41698,10
12.8678398132,80.2263717651,41698,41708,10
12.8693504333,80.2264328003,41708,41718,10
12.8709001541,80.2265777588,41718,41728,10
12.8723402023,80.2266235352,41728,41739,11
12.8737897873,80.2267074585,41739,41749,10
12.8752298355,80.226852417,41749,41759,10
12.87637043,80.2268981934,41759,41769,10
12.8766202927,80.2268829346,41769,41779,10
12.8768396378,80.226852417,41779,41789,10
12.8773603439,80.2268218994,41789,41799,10
12.8785495758,80.2267379761,41799,41809,10
12.8798303604,80.2266921997,41809,41819,10
12.8812799454,80.2266693115,41819,41830,11
12.8830003738,80.2266616821,41830,41840,10
12.8844804764,80.2266387939,41840,41850,10
12.8855400085,80.2267303467,41850,41860,10
12.8866796494,80.2270202637,41860,41870,10
12.8879804611,80.2272491455,41870,41880,10
12.8892297745,80.2273406982,41880,41890,10
12.8906402588,80.2273406982,41890,41900,10
12.8920097351,80.2273178101,41900,41910,10
12.8925895691,80.2273483276,41910,41921,11
12.8932600021,80.2274475098,41921,41931,10
12.8942403793,80.2275695801,41931,41941,10
12.8954696655,80.2276611328,41941,41951,10
12.8967504501,80.2276992798,41951,41961,10
12.8979797363,80.2277679443,41961,41971,10
12.8987503052,80.2277984619,41971,42022,51
12.8987503052,80.2277984619,42022,42032,10
12.8989896774,80.2278518677,42032,42042,10
12.8992795944,80.2278671265,42042,42052,10
12.8995599747,80.2278900146,42052,42062,10
12.9000597,80.2279281616,42062,42072,10
12.9004001617,80.2279510498,42072,42082,10
12.9005699158,80.2279663086,42082,42092,10
12.9007997513,80.2279815674,42092,42103,11
12.90102005,80.2279815674,42103,42113,10
12.9014396667,80.228012085,42113,42123,10
12.9023199081,80.2279968262,42123,42143,20
12.9023199081,80.2279968262,42143,42153,10
12.9025001526,80.2280426025,42153,42163,10
12.9025497437,80.2280502319,42163,42173,10
12.9027099609,80.2280197144,42173,42184,11
12.9027299881,80.2280197144,42184,42194,10
12.9027900696,80.2280197144,42194,42204,10
12.9032001495,80.2279968262,42204,42214,10
12.9039096832,80.2280731201,42214,42224,10
12.9048595428,80.2281265259,42224,42234,10
12.9058303833,80.2282104492,42234,42244,10
12.90625,80.2282333374,42244,42305,61
12.90625,80.2282333374,42305,42315,10
12.9063997269,80.2282485962,42315,42325,10
12.9067296982,80.2282791138,42325,42335,10
12.9069595337,80.2282791138,42335,42345,10
12.9070501328,80.2282562256,42345,42355,10
12.9075202942,80.2283325195,42355,42366,11
12.9084100723,80.2285003662,42366,42376,10
12.9094200134,80.2286682129,42376,42386,10
12.9106798172,80.2288589478,42386,42396,10
12.9120397568,80.2289962769,42396,42406,10
12.9136695862,80.2292175293,42406,42426,20
12.9136695862,80.2292175293,42426,42436,10
12.9137601852,80.2292480469,42436,42446,10
12.9141998291,80.2293014526,42446,42457,11
12.915140152,80.2294464111,42457,42467,10
12.9162502289,80.2296066284,42467,42477,10
12.9172401428,80.2298126221,42477,42487,10
12.918390274,80.2299804688,42487,42497,10
12.9196395874,80.2301330566,42497,42507,10
12.9210195541,80.2303009033,42507,42517,10
12.9221401215,80.2304534912,42517,42527,10
12.923330307,80.2306213379,42527,42537,10
12.9246101379,80.2307891846,42537,42548,11
12.9257602692,80.2308883667,42548,42558,10
12.9262800217,80.2309799194,42558,42568,10
12.9269599915,80.2310562134,42568,42578,10
12.927980423,80.2311782837,42578,42588,10
12.9291496277,80.2313690186,42588,42598,10
12.9303302765,80.2316436768,42598,42608,10
12.9315900803,80.2320327759,42608,42618,10
12.9327602386,80.2323989868,42618,42628,10
12.9336204529,80.232749939,42628,42639,11
12.9337396622,80.2328262329,42639,42649,10
12.9340600967,80.2329406738,42649,42659,10
12.9347801208,80.2333068848,42659,42669,10
12.9354095459,80.2336120605,42669,42679,10
12.935790062,80.2338027954,42679,42689,10
12.9363203049,80.2340316772,42689,42699,10
12.9370098114,80.2343597412,42699,42709,10
12.9379396439,80.2348175049,42709,42720,11
12.939160347,80.2354202271,42720,42730,10
12.9398498535,80.235710144,42730,42740,10
12.9399299622,80.2357635498,42740,42750,10
12.9403400421,80.2359085083,42750,42760,10
12.9411001205,80.2361221313,42760,42770,10
12.9420995712,80.2363815308,42770,42780,10
12.943189621,80.2369232178,42780,42790,10
12.9441604614,80.2379226685,42790,42800,10
12.9451398849,80.2389678955,42800,42811,11
12.9463300705,80.239616394,42811,42821,10
12.9471902847,80.2399520874,42821,42831,10
12.9473104477,80.240020752,42831,42841,10
12.9477100372,80.2401733398,42841,42851,10
12.9486999512,80.2405700684,42851,42902,51
12.9486999512,80.2405700684,42902,42912,10
12.9490804672,80.2407302856,42912,42922,10
12.9496002197,80.2409286499,42922,42932,10
12.9503898621,80.2411880493,42932,42942,10
12.9510498047,80.2413787842,42942,42952,10
12.9516401291,80.241607666,42952,42962,10
12.9524202347,80.2418823242,42962,42972,10
12.9533195496,80.2422332764,42972,42982,10
12.9538402557,80.2424316406,42982,42993,11
12.9543199539,80.2426223755,42993,43003,10
12.9549798965,80.2428817749,43003,43013,10
12.9557600021,80.2431793213,43013,43023,10
12.9563398361,80.2434234619,43023,43033,10
12.9563503265,80.2434234619,43033,43043,10
12.9567499161,80.2435836792,43043,43053,10
12.9574899673,80.2438964844,43053,43063,10
12.9584197998,80.2442626953,43063,43073,10
12.9589796066,80.2444915771,43073,43084,11
12.9591798782,80.2446365356,43084,43094,10
12.9597702026,80.2449264526,43094,43104,10
12.9606599808,80.2453308105,43104,43114,10
12.9617300034,80.24584198,43114,43124,10
12.9630899429,80.2465209961,43124,43144,20
12.9630899429,80.2465209961,43144,43154,10
12.9632797241,80.2466201782,43154,43165,11
12.9638595581,80.246887207,43165,43175,10
12.964679718,80.2471923828,43175,43185,10
12.9657001495,80.2475128174,43185,43195,10
12.9665603638,80.2478713989,43195,43205,10
12.9668798447,80.2480163574,43205,43215,10
12.9670000076,80.2480926514,43215,43225,10
12.9675102234,80.2483215332,43225,43235,10
12.9684000015,80.2487030029,43235,43245,10
12.9694795609,80.2491226196,43245,43256,11
12.9708795547,80.2496185303,43256,43266,10
12.9720401764,80.2499465942,43266,43276,10
12.9733800888,80.2502593994,43276,43286,10
12.9747600555,80.2506484985,43286,43296,10
12.9762496948,80.2510986328,43296,43306,10
12.9776802063,80.2517318726,43306,43316,10
12.9785404205,80.2523498535,43316,43326,10
12.9789304733,80.252532959,43326,43336,10
12.9796800613,80.2526397705,43336,43347,11
12.9807901382,80.2526626587,43347,43357,10
12.9819602966,80.2526397705,43357,43367,10
12.9833202362,80.2525482178,43367,43377,10
12.9846000671,80.2522125244,43377,43387,10
12.9856395721,80.2519073486,43387,43397,10
12.9862604141,80.2517700195,43397,43407,10
12.986989975,80.2515792847,43407,43417,10
12.9877700806,80.2513580322,43417,43427,10
12.9886398315,80.2511367798,43427,43438,11
12.9893798828,80.2509231567,43438,43448,10
12.9895401001,80.2509002686,43448,43458,10
12.9900598526,80.2508163452,43458,43468,10
12.9909601212,80.2506027222,43468,43478,10
12.9920301437,80.2503433228,43478,43488,10
12.9932899475,80.2500228882,43488,43498,10
12.9947004318,80.249671936,43498,43508,10
12.9961204529,80.2492828369,43508,43518,10
12.9966497421,80.2491226196,43518,43529,11
12.9972295761,80.2489929199,43529,43539,10
12.9980897903,80.2487792969,43539,43549,10
12.9991397858,80.2485427856,43549,43559,10
13.0003995895,80.2482299805,43559,43569,10
13.0017204285,80.2478790283,43569,43579,10
13.0025997162,80.2476730347,43579,43589,10
13.003490448,80.2474975586,43589,43599,10
13.0046100616,80.2473373413,43599,43609,10
13.0057497025,80.2471389771,43609,43620,11
13.0060100555,80.2470626831,43620,43630,10
13.006360054,80.2467422485,43630,43640,10
13.0064296722,80.2466201782,43640,43650,10
13.0065202713,80.2464675903,43650,43660,10
13.0066204071,80.2459030151,43660,43670,10
13.0066404343,80.2450637817,43670,43680,10
13.006649971,80.2443466187,43680,43690,10
13.0066299438,80.2438583374,43690,43701,11
13.0066204071,80.2434082031,43701,43711,10
13.0066099167,80.2426834106,43711,43721,10
13.0066204071,80.2417602539,43721,43731,10
13.0066204071,80.2410888672,43731,43771,40
13.0066204071,80.2410888672,43771,43781,10
13.006649971,80.2406768799,43781,43792,11
13.0067396164,80.2401123047,43792,43802,10
13.0068998337,80.239402771,43802,43812,10
13.007109642,80.2384262085,43812,43822,10
13.0073099136,80.2375106812,43822,43832,10
13.0074300766,80.2370986938,43832,43842,10
13.0075101852,80.2367477417,43842,43852,10
13.0076799393,80.236038208,43852,43862,10
13.0078296661,80.2351226807,43862,43872,10
13.0080499649,80.234046936,43872,43883,11
13.0082902908,80.2326507568,43883,43893,10
13.0085296631,80.2311630249,43893,43903,10
13.0088300705,80.2296676636,43903,43913,10
13.0090904236,80.2284698486,43913,43923,10
13.0094604492,80.2275390625,43923,43933,10
13.0097999573,80.2267608643,43933,43943,10
13.010430336,80.225440979,43943,43953,10
13.0109300613,80.2242965698,43953,43963,10
13.011300087,80.2232971191,43963,43974,11
13.011759758,80.2222366333,43974,43984,10
13.0121202469,80.2216186523,43984,44004,20
13.0121202469,80.2216186523,44004,44014,10
13.012430191,80.2215118408,44014,44024,10
13.012550354,80.2216186523,44024,44034,10
13.0129699707,80.2222366333,44034,44044,10
13.0135297775,80.2228622437,44044,44054,10
13.0140199661,80.2233963013,44054,44065,11
13.0146198273,80.2240829468,44065,44075,10
13.0151500702,80.2247161865,44075,44085,10
13.0153903961,80.2249984741,44085,44095,10
13.0156097412,80.225189209,44095,44105,10
13.0158004761,80.2253417969,44105,44115,10
13.0164003372,80.2253875732,44115,44125,10
13.0172996521,80.2250595093,44125,44135,10
13.0182800293,80.2246627808,44135,44146,11
13.0194702148,80.2244033813,44146,44166,20
13.0194702148,80.2244033813,44166,44176,10
13.0194997787,80.2244262695,44176,44186,10
13.0196800232,80.2245407104,44186,44196,10
13.0200004578,80.2247467041,44196,44206,10
13.0204696655,80.2251205444,44206,44216,10
13.020939827,80.2254714966,44216,44226,10
13.0214796066,80.2258987427,44226,44237,11
13.0221595764,80.2264480591,44237,44247,10
13.0229301453,80.2271270752,44247,44257,10
13.0236701965,80.2277908325,44257,44267,10
13.0241804123,80.2282714844,44267,44277,10
13.0242300034,80.2283401489,44277,44287,10
13.0243997574,80.2285308838,44287,44297,10
13.0241203308,80.2285385132,44297,44307,10
13.0235204697,80.2277984619,44307,44408,101
13.0233898163,80.2275619507,44408,44641,233
13.0233898163,80.2275619507,44641,44651,10
13.0231704712,80.2273864746,44651,44671,20
13.0231704712,80.2273864746,44671,44682,11
13.0230998993,80.2273025513,44682,44692,10
13.0227603912,80.2269897461,44692,44702,10
13.0221700668,80.2264099121,44702,44712,10
13.0214996338,80.2258529663,44712,44722,10
13.0208597183,80.2253570557,44722,44732,10
13.0202198029,80.224937439,44732,44742,10
13.0198898315,80.2247161865,44742,44752,10
13.0192203522,80.2244567871,44752,44762,10
13.0181903839,80.2247619629,44762,44773,11
13.0169496536,80.2252807617,44773,44783,10
13.0162601471,80.2255630493,44783,44793,10
13.0155601501,80.2257995605,44793,44803,10
13.0147895813,80.2261123657,44803,44813,10
13.0143003464,80.2262878418,44813,44823,10
13.0140695572,80.2263565063,44823,44833,10
13.0134496689,80.226600647,44833,44843,10
13.0125598907,80.2269363403,44843,44853,10
13.011469841,80.2273635864,44853,44864,11
13.0101699829,80.227897644,44864,44874,10
13.0092601776,80.2283630371,44874,44884,10
13.0089902878,80.2292785645,44884,44894,10
13.0087404251,80.2304611206,44894,44904,10
13.008480072,80.2317504883,44904,44914,10
13.0082998276,80.2328796387,44914,44924,10
13.0081501007,80.2338485718,44924,44934,10
13.0081501007,80.2338485718,44934,44944,10
13.008020401,80.2345275879,44944,44955,11
13.0078802109,80.2351379395,44955,44965,10
13.0077295303,80.2359771729,44965,44975,10
13.0075597763,80.2368392944,44975,44985,10
13.0073900223,80.2377624512,44985,44995,10
13.0072402954,80.2384414673,44995,45005,10
13.0070800781,80.2391967773,45005,45015,10
13.0069799423,80.2398605347,45015,45025,10
13.0067796707,80.2406463623,45025,45035,10
13.0066699982,80.2423477173,45035,45066,31
13.0066699982,80.2423477173,45066,45076,10
13.0066699982,80.2426223755,45076,45086,10
13.0066699982,80.2426986694,45086,45096,10
13.0066604614,80.2429275513,45096,45106,10
13.0066604614,80.2432327271,45106,45116,10
13.006649971,80.2434387207,45116,45127,11
13.0066099167,80.2438201904,45127,45137,10
13.0065898895,80.244102478,45137,45147,10
13.0065803528,80.2444763184,45147,45157,10
13.0065898895,80.2450027466,45157,45167,10
13.0066604614,80.2455978394,45167,45187,20
13.0066604614,80.2455978394,45187,45197,10
13.0066995621,80.2459793091,45197,45207,10
13.0066995621,80.2461700439,45207,45218,11
13.0066795349,80.2465591431,45218,45228,10
13.0066699982,80.2472000122,45228,45238,10
13.0061798096,80.2473602295,45238,45248,10
13.0061597824,80.2473602295,45248,45258,10
13.0059404373,80.2473526001,45258,45268,10
13.0055198669,80.2473373413,45268,45278,10
13.0047702789,80.2473678589,45278,45288,10
13.003780365,80.2474899292,45288,45298,10
13.0026597977,80.2477035522,45298,45309,11
13.0015697479,80.2479705811,45309,45319,10
13.0004396439,80.2482376099,45319,45329,10
12.9991798401,80.2485733032,45329,45339,10
12.9983196259,80.2488174438,45339,45349,10
12.9981803894,80.248840332,45349,45359,10
12.997590065,80.2489624023,45359,45369,10
12.9966201782,80.2491912842,45369,45379,10
12.9954900742,80.2495193481,45379,45389,10
12.9941797256,80.2498931885,45389,45400,11
12.9925498962,80.2502593994,45400,45410,10
12.991399765,80.2505493164,45410,45420,10
12.99077034,80.2507400513,45420,45430,10
12.9904098511,80.2507781982,45430,45440,10
12.9898195267,80.2508392334,45440,45450,10
12.989159584,80.2509994507,45450,45582,132
12.989159584,80.2509994507,45582,45592,10
12.9889001846,80.2509613037,45592,45602,10
12.9888095856,80.2510223389,45602,45612,10
12.9884901047,80.2511901855,45612,45622,10
12.9880695343,80.2513504028,45622,45632,10
12.9876298904,80.2514724731,45632,45642,10
12.9870004654,80.251663208,45642,45652,10
12.9864597321,80.2518005371,45652,45663,11
12.9855604172,80.251991272,45663,45673,10
12.9844799042,80.2522888184,45673,45683,10
12.9831895828,80.2526016235,45683,45693,10
12.9819002151,80.2526779175,45693,45703,10
12.9809598923,80.2527008057,45703,45713,10
12.9801797867,80.2527389526,45713,45733,20
12.9801797867,80.2527389526,45733,45743,10
12.9797697067,80.2526702881,45743,45754,11
12.9790401459,80.2526321411,45754,45764,10
12.9786195755,80.252571106,45764,45774,10
12.978219986,80.2523193359,45774,45784,10
12.977519989,80.251701355,45784,45794,10
12.9764699936,80.2511901855,45794,45804,10
12.9753799438,80.250869751,45804,45814,10
12.9742298126,80.2505493164,45814,45824,10
12.9729003906,80.2501983643,45824,45834,10
12.9715204239,80.2498474121,45834,45845,11
12.9698801041,80.2493133545,45845,45855,10
12.9683504105,80.2486801147,45855,45865,10
12.9671602249,80.2482070923,45865,45875,10
12.9663000107,80.2477798462,45875,45885,10
12.9653100967,80.2474212646,45885,45895,10
12.9649600983,80.2473297119,45895,45905,10
12.9645395279,80.2471618652,45905,45915,10
12.9637804031,80.2468566895,45915,45925,10
12.9629402161,80.2464370728,45925,45936,11
12.9617595673,80.2458496094,45936,45946,10
12.9604797363,80.245262146,45946,45956,10
12.9592103958,80.2446975708,45956,45966,10
12.9581403732,80.2442169189,45966,45976,10
12.9574604034,80.2439727783,45976,45986,10
12.9568395615,80.2437362671,45986,46027,41
12.9568395615,80.2437362671,46027,46037,10
12.956489563,80.243637085,46037,46067,30
12.956489563,80.243637085,46067,46077,10
12.9560604095,80.2434616089,46077,46087,10
12.9553899765,80.2431335449,46087,46097,10
12.9545001984,80.2427368164,46097,46107,10
12.9538202286,80.242477417,46107,46118,11
12.9529895782,80.2421188354,46118,46128,10
12.9520301819,80.2417602539,46128,46138,10
12.9512395859,80.2414474487,46138,46148,10
12.9502601624,80.2411422729,46148,46158,10
12.9490804672,80.2407836914,46158,46168,10
12.9480495453,80.2403564453,46168,46178,10
12.9474201202,80.2401275635,46178,46188,10
12.9473199844,80.2400817871,46188,46199,11
12.9471902847,80.2400436401,46199,46209,10
12.9467000961,80.2398376465,46209,46219,10
12.9464597702,80.2397384644,46219,46229,10
12.9458599091,80.2394790649,46229,46239,10
12.9450502396,80.2389373779,46239,46249,10
12.9442195892,80.238067627,46249,46259,10
12.9432601929,80.2370605469,46259,46269,10
12.9419603348,80.236328125,46269,46279,10
12.9405403137,80.236000061,46279,46290,11
12.9398498535,80.2358093262,46290,46300,10
12.9398403168,80.2358016968,46300,46310,10
12.9395799637,80.2356719971,46310,46320,10
12.9389600754,80.2353591919,46320,46330,10
12.9380903244,80.2349014282,46330,46340,10
12.937040329,80.2343978882,46340,46350,10
12.93612957,80.2339706421,46350,46360,10
12.935549736,80.2337036133,46360,46370,10
12.9347200394,80.2333374023,46370,46381,11
12.9338798523,80.2329788208,46381,46391,10
12.9338502884,80.2329483032,46391,46401,10
12.9334602356,80.2327575684,46401,46411,10
12.9327001572,80.2324523926,46411,46421,10
12.9316797256,80.2321014404,46421,46431,10
12.9304599762,80.2317276001,46431,46441,10
12.9295501709,80.2314834595,46441,46451,10
12.9284801483,80.2312774658,46451,46461,10
12.9272603989,80.2311019897,46461,46472,11
12.9258804321,80.2309494019,46472,46482,10
12.9245500565,80.2308197021,46482,46492,10
12.9231395721,80.2306289673,46492,46502,10
12.9216995239,80.2304077148,46502,46512,10
12.9203901291,80.2302474976,46512,46522,10
12.9191303253,80.2300872803,46522,46532,10
12.9180402756,80.2299423218,46532,46542,10
12.9169197083,80.2297821045,46542,46552,10
12.9157304764,80.2296218872,46552,46563,11
12.9144496918,80.2294235229,46563,46573,10
12.9137201309,80.229347229,46573,46583,10
12.9135799408,80.2293319702,46583,46593,10
12.913479805,80.229309082,46593,46603,10
12.913020134,80.2292404175,46603,46613,10
12.9122200012,80.2291030884,46613,46623,10
12.9112796783,80.2289810181,46623,46633,10
12.9101400375,80.2288284302,46633,46643,10
12.9088697433,80.2286300659,46643,46654,11
12.9075603485,80.2284088135,46654,46664,10
12.9069595337,80.2283325195,46664,46714,50
12.9069595337,80.2283325195,46714,46724,10
12.9067401886,80.2282791138,46724,46734,10
12.9061403275,80.2282180786,46734,46745,11
12.9051198959,80.2281494141,46745,46755,10
12.9039497375,80.2281036377,46755,46765,10
12.9026002884,80.2280502319,46765,46775,10
12.9013004303,80.2279815674,46775,46785,10
12.9003400803,80.2279434204,46785,46795,10
12.8998403549,80.2279281616,46795,46805,10
12.8998298645,80.2279281616,46805,46815,10
12.8997898102,80.227897644,46815,46826,11
12.899310112,80.2278671265,46826,46836,10
12.8985700607,80.2278213501,46836,46846,10
12.8976202011,80.2277679443,46846,46856,10
12.8965301514,80.227722168,46856,46866,10
12.89523983,80.2276687622,46866,46876,10
12.8938598633,80.2276000977,46876,46886,10
12.8925304413,80.2274475098,46886,46896,10
12.8912601471,80.2273864746,46896,46906,10
12.8901395798,80.2274093628,46906,46917,11
12.8892097473,80.2274093628,46917,46927,10
12.8883495331,80.2273712158,46927,46937,10
12.887339592,80.2272567749,46937,46947,10
12.8861904144,80.2269973755,46947,46957,10
12.8852100372,80.2267913818,46957,46967,10
12.8848800659,80.2267608643,46967,46977,10
12.8846302032,80.2267532349,46977,46987,10
12.8839702606,80.2267379761,46987,46997,10
12.883020401,80.2267532349,46997,47008,11
12.8817796707,80.2267608643,47008,47018,10
12.8805398941,80.2267837524,47018,47028,10
12.8791303635,80.2268218994,47028,47038,10
12.8776702881,80.2269134521,47038,47048,10
12.8766202927,80.2270202637,47048,47058,10
12.8765001297,80.2270202637,47058,47068,10
12.8763303757,80.2270202637,47068,47078,10
12.8758296967,80.2269973755,47078,47088,10
12.8750295639,80.2269210815,47088,47099,11
12.8738698959,80.2267837524,47099,47109,10
12.8726196289,80.2266998291,47109,47119,10
12.8712396622,80.2266464233,47119,47129,10
12.8697795868,80.2265396118,47129,47139,10
12.8682403564,80.2263870239,47139,47149,10
12.8667602539,80.2265472412,47149,47159,10
12.8654298782,80.2266235352,47159,47169,10
12.8640403748,80.2265930176,47169,47179,10
12.8627996445,80.2265701294,47179,47190,11
12.861410141,80.2266311646,47190,47200,10
12.8609800339,80.2266387939,47200,47210,10
12.8606395721,80.226600647,47210,47220,10
12.8599796295,80.2265014648,47220,47230,10
12.8590602875,80.2263565063,47230,47240,10
12.8579998016,80.2262496948,47240,47250,10
12.8568096161,80.2263183594,47250,47260,10
12.855509758,80.2264709473,47260,47270,10
12.8541002274,80.2266235352,47270,47281,11
12.8525295258,80.2266921997,47281,47291,10
12.8510799408,80.2266311646,47291,47301,10
12.8495397568,80.226600647,47301,47311,10
12.8480195999,80.226600647,47311,47321,10
12.8468198776,80.2266387939,47321,47331,10
12.8457803726,80.2266082764,47331,47341,10
12.8455600739,80.226600647,47341,47351,10
12.8453598022,80.2265777588,47351,47361,10
12.8447999954,80.2266235352,47361,47372,11
12.8438301086,80.2266693115,47372,47382,10
12.8427696228,80.2268829346,47382,47392,10
12.8415002823,80.2271575928,47392,47402,10
12.8403396606,80.2275085449,47402,47412,10
12.8398199081,80.2277374268,47412,47422,10
12.8396501541,80.2277984619,47422,47432,10
12.8393096924,80.2278823853,47432,47442,10
12.8386001587,80.2280197144,47442,47452,10
12.8376398087,80.2282333374,47452,47463,11
12.836400032,80.2284011841,47463,47473,10
12.8350801468,80.2285919189,47473,47483,10
12.8336801529,80.2288284302,47483,47493,10
12.8324203491,80.229057312,47493,47503,10
12.8316602707,80.2291564941,47503,47513,10
12.8315200806,80.2288131714,47513,47523,10
12.8315200806,80.2287979126,47523,47533,10
12.8315000534,80.2285614014,47533,47544,11
12.8313798904,80.2278594971,47544,47554,10
12.8311796188,80.2269134521,47554,47564,10
12.8310604095,80.2257537842,47564,47574,10
12.8310604095,80.2247924805,47574,47584,10
12.8310699463,80.2244567871,47584,47594,10
12.8311004639,80.2237701416,47594,47604,10
12.8311004639,80.2228317261,47604,47614,10
12.8310804367,80.2221984863,47614,47624,10
12.8311004639,80.2218399048,47624,47635,11
12.8310699463,80.2210617065,47635,47645,10
12.8310699463,80.2201385498,47645,47655,10
12.8310699463,80.2196273804,47655,47665,10
12.8307104111,80.2194137573,47665,47675,10
12.8299398422,80.2193908691,47675,47685,10
12.8289604187,80.2193832397,47685,47695,10
12.8279399872,80.219367981,47695,47705,10
12.8275403976,80.2194290161,47705,47736,31
12.8275403976,80.2194290161,47736,47746,10
12.8273496628,80.2194366455,47746,47756,10
12.8267002106,80.2194290161,47756,47766,10
12.826089859,80.2194137573,47766,47776,10
12.8257102966,80.2193984985,47776,47786,10
12.8252801895,80.2194519043,47786,47796,10
12.8251600266,80.2194824219,47796,47806,10
12.8245697021,80.2194671631,47806,47817,11
12.8235197067,80.2194366455,47817,47827,10
12.8228902817,80.2194290161,47827,47837,10
12.8227100372,80.2193603516,47837,47847,10
12.8224802017,80.2189178467,47847,47857,10
12.8225097656,80.2185821533,47857,47867,10
12.8225402832,80.2177886963,47867,47877,10
12.8225698471,80.216758728,47877,47887,10
12.8226003647,80.2160415649,47887,47897,10
12.8226995468,80.2159118652,47897,47908,11
12.8230199814,80.2159194946,47908,47918,10
12.8236503601,80.2159423828,47918,47928,10
12.8243398666,80.2159881592,47928,50791,2863
12.8243398666,80.2159881592,50791,50801,10
12.8245801926,80.216003418,50801,50812,11
12.8248596191,80.2160263062,50812,50822,10
12.8253803253,80.2160568237,50822,50832,10
12.8257198334,80.2160720825,50832,50842,10
12.8258600235,80.2165603638,50842,50852,10
12.8258600235,80.2173614502,50852,50862,10
12.8258600235,80.2183609009,50862,50872,10
12.8258600235,80.2192230225,50872,50882,10
12.8259801865,80.2194290161,50882,50892,10
12.8265199661,80.2194137573,50892,50903,11
12.8272895813,80.2194137573,50903,50953,50
12.8272895813,80.2194137573,50953,50963,10
12.827630043,80.2194137573,50963,50973,10
12.8277597427,80.2194290161,50973,50983,10
12.8282003403,80.2194290161,50983,50994,11
12.8290395737,80.2194519043,50994,51004,10
12.8302402496,80.2194595337,51004,51014,10
12.8308696747,80.2194595337,51014,51024,10
12.8311700821,80.2197036743,51024,51034,10
12.8311700821,80.2201004028,51034,51044,10
12.8311595917,80.2208633423,51044,51054,10
12.8311395645,80.2218093872,51054,51064,10
12.8311300278,80.2222213745,51064,51074,10
12.8311300278,80.2228164673,51074,51085,11
12.8311195374,80.2238311768,51085,51095,10
12.8311100006,80.2246017456,51095,51105,10
12.8311100006,80.2250900269,51105,51115,10
12.8311004639,80.2258987427,51115,51125,10
12.8312196732,80.2268981934,51125,51135,10
12.8314599991,80.2280502319,51135,51145,10
12.8316602707,80.2289199829,51145,51155,10
12.8319997787,80.2291030884,51155,51165,10
12.8323602676,80.2290267944,51165,51176,11
12.8332004547,80.2288818359,51176,51186,10
12.8340597153,80.2287216187,51186,51196,10
12.8350496292,80.2285614014,51196,51206,10
12.8361101151,80.2284011841,51206,51216,10
12.8373804092,80.2282028198,51216,51226,10
12.83852005,80.2279586792,51226,51235,9
12.8390598297,80.2278137207,51235,51246,11
12.8392696381,80.2276763916,51246,51257,11
12.8394002914,80.2276229858,51257,51267,10
12.8395204544,80.2275772095,51267,51277,10
12.8398704529,80.2275085449,51277,51287,10
12.8405704498,80.2273712158,51287,51297,10
12.841340065,80.227180481,51297,51307,10
12.8425598145,80.226890564,51307,51317,10
12.8435401917,80.2267379761,51317,51327,10
12.8447303772,80.2265930176,51327,51337,10
12.8453998566,80.2265396118,51337,51348,11
12.8454999924,80.2265319824,51348,51358,10
12.845580101,80.2265396118,51358,51368,10
12.846039772,80.2265319824,51368,51378,10
12.8469495773,80.2265319824,51378,51388,10
12.8480501175,80.2265319824,51388,51398,10
12.8492603302,80.2265167236,51398,51408,10
12.8505496979,80.2265625,51408,51418,10
12.8519897461,80.2266235352,51418,51428,10
12.8535203934,80.2266387939,51428,51439,11
12.8552503586,80.2264709473,51439,51449,10
12.8566904068,80.2263031006,51449,51459,10
12.8577098846,80.2262115479,51459,51469,10
12.858039856,80.2261886597,51469,51479,10
12.8582601547,80.2261886597,51479,51489,10
12.8586997986,80.2262191772,51489,51499,10
12.8595504761,80.2263565063,51499,51509,10
12.8606395721,80.2265090942,51509,51519,10
12.8619604111,80.2265167236,51519,51530,11
12.8635501862,80.2264633179,51530,51540,10
12.8650503159,80.2265319824,51540,51550,10
12.8664999008,80.2264862061,51550,51558,8
12.8676795959,80.2264022827,51558,51570,12
12.8695001602,80.2264404297,51570,51580,10
12.8708095551,80.2265625,51580,51590,10
12.8718595505,80.2266235352,51590,51600,10
12.8725404739,80.2266235352,51600,51610,10
12.8728704453,80.2266311646,51610,51621,11
12.8729896545,80.2266387939,51621,51631,10
12.8734998703,80.2266616821,51631,51641,10
12.8743801117,80.2267532349,51641,51651,10
12.8754701614,80.2268829346,51651,51661,10
12.8763599396,80.2268981934,51661,51671,10
12.8766202927,80.2268829346,51671,51681,10
12.8769903183,80.2268600464,51681,51691,10
12.8779296875,80.2267837524,51691,51702,11
12.8791999817,80.2266921997,51702,51712,10
12.880610466,80.2266616821,51712,51722,10
12.8821601868,80.2266464233,51722,51732,10
12.8836097717,80.2266464233,51732,51742,10
12.8848400116,80.2266387939,51742,51752,10
12.8859701157,80.2268295288,51752,51762,10
12.8872699738,80.2271575928,51762,51772,10
12.8886003494,80.2273101807,51772,51782,10
12.8900604248,80.2273330688,51782,51793,11
12.8917703629,80.2273330688,51793,51803,10
12.8926897049,80.2273712158,51803,51813,10
12.893529892,80.2274780273,51813,51823,10
12.894610405,80.2275772095,51823,51833,10
12.8959197998,80.2276306152,51833,51843,10
12.8973197937,80.2276916504,51843,51853,10
12.8984899521,80.2277832031,51853,51863,10
12.8998403549,80.2277984619,51863,51884,21
12.8998403549,80.2277984619,51884,51894,10
12.9002199173,80.2277984619,51894,51904,10
12.9005899429,80.2278213501,51904,51914,10
12.9008998871,80.2278594971,51914,51924,10
12.9010400772,80.2278823853,51924,51934,10
12.9013795853,80.227897644,51934,51944,10
12.9020299911,80.2279205322,51944,51954,10
12.9026203156,80.2279510498,51954,51964,10
12.9028596878,80.2279434204,51964,51975,11
12.9032802582,80.2279434204,51975,51985,10
12.9040203094,80.2280197144,51985,51995,10
12.9047002792,80.2280883789,51995,52005,10
12.9050102234,80.2281265259,52005,52015,10
12.9054498672,80.2281265259,52015,52025,10
12.9058599472,80.2281494141,52025,52035,10
12.9061603546,80.2281723022,52035,52076,41
12.9061603546,80.2281723022,52076,52086,10
12.9065799713,80.228187561,52086,52096,10
12.9072999954,80.2282867432,52096,52106,10
12.9083299637,80.2284622192,52106,52116,10
12.9096097946,80.2286834717,52116,52126,10
12.9120597839,80.2290420532,52126,52136,10
12.9120597839,80.2290420532,52136,52146,10
12.9133396149,80.2292022705,52146,52157,11
12.9139795303,80.2292709351,52157,52167,10
12.9140996933,80.2292861938,52167,52177,10
12.9146404266,80.2293395996,52177,52187,10
12.9154596329,80.2294769287,52187,52199,12
12.9165897369,80.2296295166,52199,52209,10
12.918129921,80.2298583984,52209,52219,10
12.9195203781,80.2300491333,52219,52229,10
12.9208202362,80.2302017212,52229,52240,11
12.9222002029,80.2304000854,52240,52250,10
12.9238395691,80.2306594849,52250,52260,10
12.9252595901,80.2308425903,52260,52270,10
12.9265699387,80.2309875488,52270,52280,10
12.9279603958,80.2311630249,52280,52290,10
12.9289903641,80.231300354,52290,52300,10
12.9300603867,80.2315597534,52300,52310,10
12.9312801361,80.2319107056,52310,52320,10
12.9324598312,80.2322921753,52320,52331,11
12.9334697723,80.2326583862,52331,52341,10
12.9337797165,80.2328109741,52341,52351,10
12.9343204498,80.2330703735,52351,52361,10
12.9350996017,80.2334213257,52361,52371,10
12.9356203079,80.2337036133,52371,52381,10
12.936050415,80.2339019775,52381,52391,10
12.9366197586,80.2341690063,52391,52401,10
12.937669754,80.2346572876,52401,52411,10
12.9385700226,80.2350997925,52411,52422,11
12.9399299622,80.2357788086,52422,52432,10
12.9412698746,80.2361602783,52432,52442,10
12.942700386,80.236579895,52442,52452,10
12.9437999725,80.237487793,52452,52462,10
12.9448003769,80.2386016846,52462,52472,10
12.9457197189,80.2393264771,52472,52482,10
12.947019577,80.2398605347,52482,52492,10
12.9472398758,80.2399520874,52492,52502,10
12.9476099014,80.2400970459,52502,52513,11
12.9483499527,80.2404022217,52513,52523,10
12.948800087,80.240562439,52523,52553,30
12.948800087,80.240562439,52553,52563,10
12.9490804672,80.2407073975,52563,52573,10
12.949669838,80.2409210205,52573,52583,10
12.9505195618,80.2411727905,52583,52594,11
12.9511203766,80.2413330078,52594,52604,10
12.951259613,80.2414093018,52604,52614,10
12.9516401291,80.2415390015,52614,52624,10
12.9522399902,80.2418212891,52624,52634,10
12.9531898499,80.2421875,52634,52644,10
12.953669548,80.2423706055,52644,52654,10
12.954199791,80.2425689697,52654,52664,10
12.9548501968,80.2428207397,52664,52674,10
12.9556398392,80.2430801392,52674,52685,11
12.9563102722,80.2433166504,52685,52695,10
12.9563398361,80.2433319092,52695,52705,10
12.9566202164,80.2434463501,52705,52715,10
12.9573497772,80.2437820435,52715,52725,10
12.9582004547,80.2442016602,52725,52735,10
12.9589195251,80.2444610596,52735,52745,10
12.9591598511,80.2445831299,52745,52755,10
12.9596796036,80.2448196411,52755,52765,10
12.9605302811,80.2452011108,52765,52776,11
12.9616603851,80.2457427979,52776,52786,10
12.9628295898,80.2463226318,52786,52796,10
12.963470459,80.2465896606,52796,52846,50
12.963470459,80.2465896606,52846,52856,10
12.9638299942,80.2467422485,52856,52867,11
12.9645395279,80.2470169067,52867,52877,10
12.9654598236,80.2473526001,52877,52887,10
12.9665203094,80.2477798462,52887,52897,10
12.9668903351,80.2479629517,52897,52907,10
12.9669599533,80.2480010986,52907,52917,10
12.9673595428,80.2482299805,52917,52927,10
12.9682102203,80.2485733032,52927,52937,10
12.9692802429,80.2489776611,52937,52947,10
12.9705295563,80.2494888306,52947,52958,11
12.9721002579,80.2499389648,52958,52968,10
12.9735898972,80.250328064,52968,52978,10
12.9748697281,80.2506790161,52978,52988,10
12.9762496948,80.251083374,52988,52998,10
12.9774799347,80.2515563965,52998,53008,10
12.9784297943,80.2522735596,53008,53018,10
12.9786100388,80.2523574829,53018,53028,10
12.9786396027,80.2524032593,53028,53038,10
12.9787797928,80.252456665,53038,53049,11
12.9792499542,80.252571106,53049,53059,10
12.9797201157,80.2526168823,53059,53069,10
12.9804401398,80.2526702881,53069,53079,10
12.9814100266,80.2526473999,53079,53089,10
12.9825696945,80.2526016235,53089,53099,10
12.9837398529,80.2524185181,53099,53109,10
12.9847602844,80.2521514893,53109,53119,10
12.9856395721,80.2518768311,53119,53130,11
12.9860200882,80.2517700195,53130,53140,10
12.9868497849,80.2515487671,53140,53180,40
12.9868497849,80.2515487671,53180,53190,10
12.987159729,80.2514572144,53190,53200,10
12.987569809,80.2513427734,53200,53210,10
12.9881601334,80.2511978149,53210,53221,11
12.9891195297,80.2509536743,53221,53231,10
12.9895200729,80.250869751,53231,53241,10
12.9898395538,80.2508392334,53241,53251,10
12.9905796051,80.2506637573,53251,53261,10
12.9915800095,80.2503967285,53261,53271,10
12.9927797318,80.2500915527,53271,53281,10
12.9940395355,80.2497634888,53281,53291,10
12.99518013,80.2494812012,53291,53301,10
12.9963798523,80.2491531372,53301,53312,11
12.9978399277,80.2487716675,53312,53322,10
12.9991798401,80.2484283447,53322,53332,10
13.0005102158,80.2480926514,53332,53342,10
13.0017204285,80.247833252,53342,53352,10
13.0023002625,80.2476730347,53352,53362,10
13.0030298233,80.2475509644,53362,53372,10
13.0040197372,80.2473831177,53372,53382,10
13.0051202774,80.247253418,53382,53392,10
13.0060195923,80.246963501,53392,53403,11
13.0064201355,80.2465820313,53403,53413,10
13.006529808,80.2463607788,53413,53423,10
13.0065803528,80.2457199097,53423,53433,10
13.0066204071,80.245262146,53433,53443,10
13.0066099167,80.2451629639,53443,53453,10
13.0065898895,80.2449035645,53453,53463,10
13.0065803528,80.2446594238,53463,53473,10
13.0066299438,80.2444992065,53473,53483,10
13.0066299438,80.2442016602,53483,53494,11
13.0066204071,80.243927002,53494,53504,10
13.0066099167,80.2436599731,53504,53514,10
13.0066003799,80.2432785034,53514,53524,10
13.0066299438,80.2426605225,53524,53534,10
13.0066299438,80.2418365479,53534,53544,10
13.0066795349,80.2409591675,53544,53554,10
13.0068397522,80.2400970459,53554,53564,10
13.0070199966,80.2391204834,53564,53574,10
13.0071697235,80.2383117676,53574,53585,11
13.0073204041,80.2373809814,53585,53595,10
13.0073900223,80.2367630005,53595,53605,10
13.007399559,80.2366867065,53605,53615,10
13.0075101852,80.236328125,53615,53625,10
13.0076599121,80.2356796265,53625,53635,10
13.0078496933,80.2347793579,53635,53645,10
13.0080604553,80.2338409424,53645,53655,10
13.0083503723,80.2323074341,53655,53666,11
13.0086803436,80.2305984497,53666,53676,10
13.0089197159,80.2292098999,53676,53686,10
13.0091896057,80.2280502319,53686,53696,10
13.0097198486,80.2269134521,53696,53706,10
13.0102901459,80.2257385254,53706,53716,10
13.0106897354,80.2249221802,53716,53726,10
13.0109100342,80.2245178223,53726,53736,10
13.011059761,80.2241973877,53736,53746,10
13.0111703873,80.223991394,53746,53757,11
13.0113201141,80.2233886719,53757,53767,10
13.0115499496,80.2228012085,53767,53777,10
13.0118904114,80.222038269,53777,53787,10
13.012260437,80.2216415405,53787,53797,10
13.0125904083,80.2219772339,53797,53807,10
13.0128898621,80.222366333,53807,53817,10
13.0133895874,80.2229995728,53817,53827,10
13.0140104294,80.2237167358,53827,53837,10
13.0146503448,80.2242736816,53837,53848,11
13.01541996,80.2249298096,53848,53858,10
13.0155200958,80.2250137329,53858,53868,10
13.0158596039,80.2252731323,53868,53878,10
13.0165996552,80.2252197266,53878,53888,10
13.0176401138,80.224822998,53888,53898,10
13.0187397003,80.2244110107,53898,53908,10
13.0194997787,80.2243728638,53908,53928,20
13.0194997787,80.2243728638,53928,53939,11
13.0196895599,80.2245635986,53939,53959,20
13.0196895599,80.2245635986,53959,53969,10
13.0200395584,80.2248077393,53969,53979,10
13.0206604004,80.2252502441,53979,53989,10
13.0214500427,80.2258377075,53989,53999,10
13.0222702026,80.2265014648,53999,54009,10
13.0230398178,80.2272033691,54009,54019,10
13.0236997604,80.2277526855,54019,54030,11
13.0242004395,80.2282180786,54030,54040,10
13.0242395401,80.2282562256,54040,54050,10
13.0243902206,80.2284927368,54050,54090,40
13.0243902206,80.2284927368,54090,54100,10
13.0243797302,80.2286224365,54100,54110,10
13.024140358,80.2285003662,54110,54121,11
13.0238399506,80.2281036377,54121,54131,10
13.0235204697,80.2277526855,54131,54141,10
13.0231599808,80.2274398804,54141,54303,162
13.0231599808,80.2274398804,54303,54313,10
13.0229301453,80.2270584106,54313,54323,10
13.0225400925,80.2267074585,54323,54333,10
13.0218801498,80.2261428833,54333,54343,10
13.021030426,80.2254562378,54343,54353,10
13.019949913,80.2247085571,54353,54373,20
13.019949913,80.2247085571,54373,54384,11
13.0198297501,80.2246398926,54384,54394,10
13.0192203522,80.2243804932,54394,54404,10
13.0182304382,80.2246170044,54404,54414,10
13.0171699524,80.2250595093,54414,54424,10
13.0161895752,80.2254562378,54424,54434,10
13.0153102875,80.2258071899,54434,54444,10
13.0144796371,80.2261428833,54444,54454,10
13.0143299103,80.2261962891,54454,54464,10
13.0141897202,80.2262496948,54464,54475,11
13.0138397217,80.2263870239,54475,54485,10
13.0131196976,80.2266693115,54485,54495,10
13.0121803284,80.2270507813,54495,54505,10
13.0110702515,80.2275009155,54505,54515,10
13.0098600388,80.2279815674,54515,54525,10
13.0090799332,80.2287063599,54525,54535,10
13.0088396072,80.2299194336,54535,54545,10
13.0085601807,80.2313232422,54545,54555,10
13.0083303452,80.2325668335,54555,54566,11
13.0082197189,80.2334823608,54566,54576,10
13.0081796646,80.2336425781,54576,54586,10
13.0080900192,80.2340087891,54586,54596,10
13.0079202652,80.2347564697,54596,54606,10
13.0077295303,80.2356719971,54606,54616,10
13.0074901581,80.2368469238,54616,54626,10
13.0072402954,80.2380218506,54626,54636,10
13.0069999695,80.2392196655,54636,54646,10
13.0068902969,80.2398986816,54646,54657,11
13.0067796707,80.2404174805,54657,54667,10
13.0066699982,80.2410583496,54667,54677,10
13.0066099167,80.2418670654,54677,54687,10
13.0066099167,80.2428588867,54687,54697,10
13.0066699982,80.2438964844,54697,54707,10
13.0066204071,80.2447280884,54707,54717,10
13.0066404343,80.2456893921,54717,54727,10
13.0066995621,80.2464599609,54727,54738,11
13.0067100525,80.2471923828,54738,54748,10
13.0063400269,80.2473983765,54748,54758,10
13.0061597824,80.2473983765,54758,54768,10
13.0059404373,80.2473602295,54768,54778,10
13.0052604675,80.2473220825,54778,54788,10
13.0042896271,80.2473907471,54788,54798,10
13.0031900406,80.2475509644,54798,54808,10
13.0023202896,80.2477416992,54808,54818,10
13.0014295578,80.2479324341,54818,54829,11
13.0002403259,80.2482299805,54829,54839,10
12.9989204407,80.2485580444,54839,54849,10
12.9975099564,80.248916626,54849,54859,10
12.9961004257,80.2492828369,54859,54869,10
12.9946603775,80.2496566772,54869,54879,10
12.9931898117,80.250038147,54879,54889,10
12.9917097092,80.2503890991,54889,54899,10
12.990819931,80.2506713867,54899,54909,10
12.9904499054,80.2507629395,54909,54920,11
12.9896001816,80.2509765625,54920,54930,10
12.9888000488,80.2511825562,54930,54940,10
12.9883298874,80.2513198853,54940,55011,71
12.9883298874,80.2513198853,55011,55021,10
12.9883098602,80.2514572144,55021,55031,10
12.9880399704,80.2514877319,55031,55041,10
12.9875297546,80.2515792847,55041,55051,10
12.9868097305,80.2517700195,55051,55061,10
12.986289978,80.2518768311,55061,55071,10
12.9857196808,80.2519989014,55071,55081,10
12.9848098755,80.2522506714,55081,55091,10
12.9835300446,80.2525787354,55091,55102,11
12.9821996689,80.2526931763,55102,55112,10
12.9808998108,80.2527313232,55112,55122,10
12.9802103043,80.2527389526,55122,55132,10
12.9800100327,80.2527313232,55132,55142,10
12.9796800613,80.2526931763,55142,55152,10
12.9789600372,80.2526397705,55152,55162,10
12.9785604477,80.2525634766,55162,55172,10
12.9783201218,80.2523880005,55172,55182,10
12.9776697159,80.2518234253,55182,55193,11
12.9767198563,80.2512588501,55193,55203,10
12.9754695892,80.2509002686,55203,55213,10
12.9740495682,80.25050354,55213,55223,10
12.972530365,80.2500762939,55223,55233,10
12.9709701538,80.2496795654,55233,55243,10
12.9694299698,80.2491226196,55243,55253,10
12.9679698944,80.2485275269,55253,55263,10
12.9667196274,80.2479934692,55263,55274,11
12.9655599594,80.2474975586,55274,55284,10
12.9650201797,80.2473297119,55284,55294,10
12.9648599625,80.2472686768,55294,55304,10
12.9642496109,80.2470397949,55304,55314,10
12.9636001587,80.2467727661,55314,55334,20
12.9636001587,80.2467727661,55334,55344,10
12.9634504318,80.246673584,55344,55354,10
12.9629602432,80.2464065552,55354,55365,11
12.9619903564,80.2459335327,55365,55375,10
12.9609203339,80.2454223633,55375,55385,10
12.9600200653,80.2450408936,55385,55395,10
12.9593000412,80.2447509766,55395,55405,10
12.9592199326,80.2446975708,55405,55415,10
12.9587802887,80.2444915771,55415,55425,10
12.9580402374,80.2441711426,55425,55435,10
12.9573202133,80.2439193726,55435,55445,10
12.956410408,80.2436828613,55445,55466,21
12.956410408,80.2436828613,55466,55476,10
12.9563398361,80.2436599731,55476,55486,10
12.9559497833,80.2434616089,55486,55496,10
12.9552297592,80.2430725098,55496,55506,10
12.9542999268,80.2426605225,55506,55516,10
12.9532003403,80.2422027588,55516,55526,10
12.9520902634,80.2417907715,55526,55536,10
12.9515895844,80.2416381836,55536,55547,11
12.9511003494,80.2414398193,55547,55557,10
12.9503002167,80.2411727905,55557,55567,10
12.9494800568,80.2408905029,55567,55577,10
12.9492101669,80.2407913208,55577,55587,10
12.9486904144,80.2406082153,55587,55597,10
12.9478197098,80.240272522,55597,55607,10
12.9471502304,80.2400131226,55607,55617,10
12.9469203949,80.239906311,55617,55627,10
12.9463195801,80.2396621704,55627,55638,11
12.9453496933,80.2391967773,55638,55648,10
12.9445104599,80.2383575439,55648,55658,10
12.9435796738,80.2373428345,55658,55668,10
12.9423904419,80.2364807129,55668,55678,10
12.9409103394,80.2360916138,55678,55688,10
12.9396495819,80.2357177734,55688,55698,10
12.9384498596,80.2351074219,55698,55708,10
12.9372596741,80.2345123291,55708,55719,11
12.9361896515,80.2340011597,55719,55729,10
12.9357500076,80.2337799072,55729,55739,10
12.9351596832,80.2335128784,55739,55749,10
12.9343395233,80.2331771851,55749,55759,10
12.9338598251,80.2329788208,55759,55769,10
12.933839798,80.232963562,55769,55779,10
12.9334201813,80.2327728271,55779,55789,10
12.9326400757,80.2324371338,55789,55800,11
12.9315595627,80.2320327759,55800,55812,12
12.9301595688,80.2315979004,55812,55822,10
12.929189682,80.2313690186,55822,55832,10
12.928850174,80.231300354,55832,55841,9
12.928319931,80.2312164307,55841,55852,11
12.9273500443,80.231086731,55852,55861,9
12.9263095856,80.2309875488,55861,55872,11
12.9258003235,80.2309570313,55872,55882,10
12.9253396988,80.2308807373,55882,55892,10
12.9246902466,80.2308120728,55892,55903,11
12.9236402512,80.2306900024,55903,55913,10
12.9224500656,80.2305221558,55913,55923,10
12.921330452,80.2303314209,55923,55933,10
12.9202699661,80.2301864624,55933,55943,10
12.9190397263,80.2300567627,55943,55953,10
12.9178495407,80.2298965454,55953,55963,10
12.9166402817,80.2297363281,55963,55973,10
12.9153203964,80.2295532227,55973,55983,10
12.9140796661,80.2293777466,55983,55994,11
12.9135398865,80.2293319702,55994,56004,10
12.9132900238,80.2292861938,56004,56014,10
12.9125995636,80.2291793823,56014,56024,10
12.9115800858,80.2289962769,56024,56034,10
12.9103403091,80.2288208008,56034,56044,10
12.9089002609,80.2285919189,56044,56054,10
12.907409668,80.2283706665,56054,56064,10
12.9065904617,80.2282867432,56064,56074,10
12.9058103561,80.2282562256,56074,56085,11
12.9045801163,80.2281723022,56085,56095,10
12.9032497406,80.2281112671,56095,56105,10
12.9020700455,80.2280502319,56105,56115,10
12.9015798569,80.2280273438,56115,56166,51
12.9015798569,80.2280273438,56166,56176,10
12.9012203217,80.2280502319,56176,56186,10
12.9006900787,80.2279815674,56186,56196,10
12.9002304077,80.2279434204,56196,56206,10
12.8996400833,80.2279205322,56206,56216,10
12.8994398117,80.227897644,56216,56226,10
12.8991804123,80.2278823853,56226,56236,10
12.8985500336,80.2278289795,56236,56246,10
12.897600174,80.2277832031,56246,56257,11
12.8963403702,80.2277297974,56257,56267,10
12.8952598572,80.2276763916,56267,56277,10
12.8943595886,80.2276306152,56277,56287,10
12.8935003281,80.2275238037,56287,56297,10
12.8926296234,80.2274169922,56297,56307,10
12.8915901184,80.2273788452,56307,56317,10
12.8903102875,80.2274017334,56317,56327,10
12.8891496658,80.2274017334,56327,56337,10
12.8882598877,80.2273712158,56337,56348,11
12.887049675,80.2272109985,56348,56358,10
12.8857402802,80.2268981934,56358,56368,10
12.8845796585,80.2267379761,56368,56378,10
12.883310318,80.2267532349,56378,56388,10
12.882060051,80.2267532349,56388,56398,10
12.8806400299,80.2267532349,56398,56408,10
12.8790998459,80.2267990112,56408,56418,10
12.8777303696,80.2268981934,56418,56428,10
12.8767595291,80.2269897461,56428,56439,11
12.8763999939,80.2270126343,56439,56449,10
12.8758096695,80.2269973755,56449,56459,10
12.8748397827,80.2268981934,56459,56469,10
12.8736000061,80.2267379761,56469,56479,10
12.8721904755,80.2266769409,56479,56489,10
12.8706703186,80.2266235352,56489,56499,10
12.8690595627,80.2264404297,56499,56509,10
12.8675403595,80.2264404297,56509,56519,10
12.8666000366,80.2265396118,56519,56530,11
12.8660402298,80.2265777588,56530,56540,10
12.8651599884,80.2266235352,56540,56550,10
12.8640499115,80.2265396118,56550,56560,10
12.8627996445,80.2265319824,56560,56570,10
12.8613996506,80.2266082764,56570,56580,10
12.8599596024,80.2264785767,56580,56590,10
12.8587198257,80.2263183594,56590,56600,10
12.8581399918,80.22631073,56600,56610,10
12.8579998016,80.22631073,56610,56621,11
12.8573598862,80.2263412476,56621,56631,10
12.8564300537,80.2264328003,56631,56641,10
12.8552799225,80.2265396118,56641,56651,10
12.8539600372,80.2266616821,56651,56661,10
12.8525695801,80.2266998291,56661,56671,10
12.8511400223,80.2266387939,56671,56681,10
12.8496999741,80.2266082764,56681,56691,10
12.8483400345,80.2266235352,56691,56701,10
12.8471298218,80.2266464233,56701,56712,11
12.8462896347,80.2266693115,56712,56722,10
12.8462095261,80.2266693115,56722,56732,10
12.845870018,80.2266464233,56732,56742,10
12.8454704285,80.2266387939,56742,56752,10
12.8453598022,80.2266235352,56752,56762,10
12.8449802399,80.2266235352,56762,56772,10
12.8442001343,80.2266769409,56772,56782,10
12.843170166,80.2268218994,56782,56793,11
12.8418798447,80.2270889282,56793,56803,10
12.840669632,80.227432251,56803,56813,10
12.8398504257,80.2277374268,56813,56833,20
12.8398504257,80.2277374268,56833,56843,10
12.8397598267,80.2277832031,56843,56853,10
12.8396196365,80.2278213501,56853,56863,10
12.8391799927,80.2279205322,56863,56873,10
12.8383598328,80.2280883789,56873,56884,11
12.8371696472,80.2283096313,56884,56894,10
12.8358602524,80.2285232544,56894,56904,10
12.8344297409,80.2287368774,56904,56914,10
12.8330898285,80.2289810181,56914,56924,10
12.832400322,80.2291183472,56924,56934,10
12.8323497772,80.2291183472,56934,56944,10
12.8320503235,80.2291793823,56944,56954,10
12.8315696716,80.2292480469,56954,56964,10
12.8307800293,80.2294921875,56964,56975,11
12.8296403885,80.229927063,56975,56985,10
12.8286304474,80.2304077148,56985,56995,10
12.827460289,80.2310409546,56995,57005,10
12.8261098862,80.2313766479,57005,57015,10
12.8246603012,80.2313766479,57015,57025,10
12.8231897354,80.2309875488,57025,57035,10
12.8218603134,80.2305831909,57035,57045,10
12.8206501007,80.23046875,57045,57055,10
12.8194904327,80.2305221558,57055,57066,11
12.8188800812,80.230506897,57066,57076,10
12.8185396194,80.2303619385,57076,57086,10
12.8177995682,80.2299804688,57086,57096,10
12.8167695999,80.2295684814,57096,57106,10
12.8154296875,80.229347229,57106,57116,10
12.8139696121,80.2291030884,57116,57126,10
12.8128204346,80.228767395,57126,57136,10
12.8116703033,80.2283630371,57136,57146,10
12.8103904724,80.2278289795,57146,57157,11
12.8089399338,80.2270812988,57157,57167,10
12.8077602386,80.2261428833,57167,57177,10
12.8068504333,80.2253112793,57177,57187,10
12.806189537,80.2247161865,57187,57197,10
12.8058099747,80.2243728638,57197,57206,9
12.8055095673,80.2241592407,57206,57217,11
12.8050699234,80.2240371704,57217,57227,10
12.8047304153,80.2239532471,57227,57237,10
12.8039903641,80.2238616943,57237,57248,11
12.8032903671,80.2238235474,57248,57258,10
12.8027601242,80.2237625122,57258,57268,10
12.8020801544,80.2236709595,57268,57278,10
12.8014297485,80.2236022949,57278,57288,10
12.8012695313,80.2235870361,57288,57298,10
12.8008804321,80.2235565186,57298,57308,10
12.8003396988,80.2235031128,57308,57318,10
12.7995796204,80.2234573364,57318,57329,11
12.7983903885,80.2233200073,57329,57339,10
12.7970199585,80.2231292725,57339,57349,10
12.7956104279,80.222869873,57349,57359,10
12.794260025,80.22265625,57359,57369,10
12.7928495407,80.2224731445,57369,57379,10
12.7914800644,80.2221679688,57379,57389,10
12.790189743,80.2218399048,57389,57399,10
12.7892398834,80.2215270996,57399,57409,10
12.7882699966,80.2211608887,57409,57420,11
12.7880001068,80.2210464478,57420,57430,10
12.7879600525,80.2210235596,57430,57440,10
12.7877597809,80.2209396362,57440,57450,10
12.7872695923,80.2207565308,57450,57460,10
12.7868499756,80.2205810547,57460,57480,20
12.7868499756,80.2205810547,57480,57490,10
12.786740303,80.2205429077,57490,57500,10
12.7864599228,80.2204284668,57500,57511,11
12.7861795425,80.2205581665,57511,57531,20
12.7861795425,80.2205581665,57531,57541,10
12.786190033,80.220916748,57541,57551,10
12.7861995697,80.221031189,57551,57561,10
12.7862100601,80.2214584351,57561,57571,10
12.7862596512,80.2218170166,57571,57581,10
12.786190033,80.2220001221,57581,58138,557
12.7861795425,80.2220230103,58138,58724,586
12.7861795425,80.2220230103,58724,58734,10
12.7861604691,80.221786499,58734,58745,11
12.7861404419,80.2214126587,58745,58755,10
12.7861499786,80.221031189,58755,58765,10
12.7861204147,80.2206878662,58765,58775,10
12.7861204147,80.2205200195,58775,58785,10
12.786190033,80.2203598022,58785,58795,10
12.7864999771,80.2204818726,58795,58825,30
12.7864999771,80.2204818726,58825,58836,11
12.7866897583,80.2205734253,58836,58846,10
12.7870702744,80.2207107544,58846,58856,10
12.7877597809,80.2209701538,58856,58866,10
12.7886896133,80.2213668823,58866,58876,10
12.7893695831,80.2216262817,58876,58886,10
12.7897500992,80.2217407227,58886,58896,10
12.790309906,80.2218399048,58896,58906,10
12.7911996841,80.2220687866,58906,58916,10
12.7923002243,80.2223510742,58916,58927,11
12.7937803268,80.2226028442,58927,58937,10
12.7949895859,80.2227935791,58937,58947,10
12.7963199615,80.2229690552,58947,58967,20
12.7963199615,80.2229690552,58967,58977,10
12.7966499329,80.2230377197,58977,58987,10
12.7973299026,80.223197937,58987,58997,10
12.7982702255,80.2233200073,58997,59007,10
12.7993202209,80.2234268188,59007,59018,11
12.8005104065,80.2235183716,59018,59028,10
12.8012895584,80.2236022949,59028,59038,10
12.8013296127,80.2236175537,59038,59048,10
12.8014297485,80.2236480713,59048,59058,10
12.8019504547,80.2236709595,59058,59068,10
12.802740097,80.223777771,59068,59078,10
12.8036003113,80.2238693237,59078,59088,10
12.8041601181,80.2239227295,59088,59099,11
12.804599762,80.2239608765,59099,59109,10
12.8055295944,80.2241592407,59109,59129,20
12.8055295944,80.2241592407,59129,59139,10
12.8058004379,80.224357605,59139,59149,10
12.8063697815,80.2248382568,59149,59159,10
12.8071298599,80.2255172729,59159,59169,10
12.8080301285,80.2262878418,59169,59179,10
12.8090295792,80.2270965576,59179,59190,11
12.810379982,80.2278137207,59190,59200,10
12.811750412,80.2283172607,59200,59210,10
12.8131599426,80.2288208008,59210,59220,10
12.8144798279,80.2292327881,59220,59230,10
12.8158302307,80.2294387817,59230,59240,10
12.8171396255,80.2296829224,59240,59250,10
12.8183803558,80.23021698,59250,59260,10
12.8194198608,80.230506897,59260,59270,10
12.8198204041,80.2305221558,59270,59281,11
12.8201398849,80.2305374146,59281,59291,10
12.8208904266,80.2304916382,59291,59301,10
12.8217201233,80.2305374146,59301,59311,10
12.8224601746,80.2307434082,59311,59321,10
12.8233804703,80.231010437,59321,59331,10
12.8243198395,80.2312393188,59331,59341,10
12.8248596191,80.2313995361,59341,59351,10
12.8257198334,80.2314529419,59351,59361,10
12.8267202377,80.231338501,59361,59372,11
12.8278102875,80.2309188843,59372,59382,10
12.8287000656,80.2304077148,59382,59392,10
12.8296003342,80.2300033569,59392,59402,10
12.830450058,80.2296676636,59402,59412,10
12.8310604095,80.2294235229,59412,59422,10
12.8311195374,80.2293777466,59422,59432,10
12.831319809,80.2293167114,59432,59442,10
12.8316402435,80.2292480469,59442,59452,10
12.8322200775,80.2291030884,59452,59463,11
12.83314991,80.2289123535,59463,59473,10
12.8342399597,80.2286987305,59473,59483,10
12.8355102539,80.228477478,59483,59493,10
12.8368597031,80.2282791138,59493,59503,10
12.8380899429,80.2280502319,59503,59513,10
12.8387804031,80.2279205322,59513,59533,20
12.8387804031,80.2279205322,59533,59543,10
12.8389701843,80.2278594971,59543,59554,11
12.8391199112,80.2277908325,59554,59564,10
12.8391399384,80.2277832031,59564,59574,10
12.8392801285,80.2277297974,59574,59584,10
12.83934021,80.2276992798,59584,59594,10
12.8394203186,80.2276535034,59594,59604,10
12.8397798538,80.2276000977,59604,59614,10
12.8402795792,80.2275238037,59614,59624,10
12.8407897949,80.2273864746,59624,59634,10
12.841629982,80.227180481,59634,59645,11
12.8427495956,80.2268981934,59645,59655,10
12.8438596725,80.2266769409,59655,59665,10
12.8449897766,80.2265625,59665,59675,10
12.8452100754,80.2265396118,59675,59685,10
12.8454799652,80.2265472412,59685,59695,10
12.8461503983,80.2265701294,59695,59705,10
12.8471298218,80.2265701294,59705,59715,10
12.8482599258,80.2265625,59715,59726,11
12.8495702744,80.2265625,59726,59736,10
12.8505401611,80.2265777588,59736,59746,10
12.8516397476,80.2266235352,59746,59756,10
12.8528699875,80.2266616821,59756,59766,10
12.8542404175,80.2265472412,59766,59776,10
12.8557100296,80.2264099121,59776,59786,10
12.8572597504,80.2262420654,59786,59796,10
12.8584003448,80.2261962891,59796,59806,10
12.8593597412,80.2263031006,59806,59817,11
12.8605604172,80.2264862061,59817,59827,10
12.8608398438,80.2265701294,59827,59837,10
12.8610897064,80.2265930176,59837,59847,10
12.8618202209,80.2265625,59847,59857,10
12.8627996445,80.2265014648,59857,59867,10
12.863940239,80.2265014648,59867,59877,10
12.865240097,80.2265625,59877,59887,10
12.866689682,80.2265014648,59887,59897,10
12.8682403564,80.2263717651,59897,59908,11
12.8699598312,80.2265319824,59908,59918,10
12.8714399338,80.2266387939,59918,59928,10
12.8725795746,80.2266387939,59928,59938,10
12.8728904724,80.2266693115,59938,59948,10
12.8733596802,80.2266693115,59948,59958,10
12.8741397858,80.2267379761,59958,59968,10
12.8751602173,80.2268676758,59968,59978,10
12.8760995865,80.2269287109,59978,59988,10
12.8765201569,80.2269210815,59988,59999,11
12.876709938,80.2268981934,59999,60009,10
12.8769702911,80.2268981934,60009,60019,10
12.8777399063,80.2268295288,60019,60029,10
12.8787298203,80.2267684937,60029,60039,10
12.8798799515,80.2267684937,60039,60049,10
12.8812198639,80.2267227173,60049,60059,10
12.8826503754,80.2267074585,60059,60069,10
12.884059906,80.2266693115,60069,60079,10
12.885020256,80.2266616821,60079,60090,11
12.885219574,80.2266921997,60090,60100,10
12.8857498169,80.2267990112,60100,60110,10
12.8865699768,80.2270126343,60110,60120,10
12.8875999451,80.2272186279,60120,60130,10
12.8888301849,80.2273330688,60130,60140,10
12.8901901245,80.2273178101,60140,60150,10
12.8916397095,80.2273178101,60150,60160,10
12.892780304,80.2274093628,60160,60170,10
12.8939399719,80.2275619507,60170,60181,11
12.8953199387,80.2276306152,60181,60191,10
12.8965196609,80.2276687622,60191,60201,10
12.8977499008,80.2277297974,60201,60211,10
12.8989601135,80.2278137207,60211,60221,10
12.9001197815,80.2278671265,60221,60231,10
12.9007396698,80.2278594971,60231,60292,61
12.9007396698,80.2278594971,60292,60302,10
12.900850296,80.2279205322,60302,60312,10
12.9013004303,80.2279815674,60312,60322,10
12.9020996094,80.228012085,60322,60332,10
12.9028596878,80.2280273438,60332,60342,10
12.9029302597,80.228012085,60342,60353,11
12.9033002853,80.2280502319,60353,60363,10
12.9040002823,80.2280807495,60363,60373,10
12.904589653,80.2281188965,60373,60383,10
12.9052600861,80.2281494141,60383,60393,10
12.9055595398,80.2281570435,60393,60403,10
12.9057598114,80.2281799316,60403,60464,61
12.9057598114,80.2281799316,60464,60474,10
12.9059801102,80.2282333374,60474,60484,10
12.9063501358,80.2282485962,60484,60494,10
12.9067401886,80.228302002,60494,60504,10
12.9073600769,80.2284011841,60504,60514,10
12.908200264,80.2285308838,60514,60524,10
12.9092798233,80.2286911011,60524,60535,11
12.9106798172,80.2288970947,60535,60545,10
12.9120798111,80.2291030884,60545,60555,10
12.9134302139,80.2292709351,60555,60565,10
12.9139404297,80.229309082,60565,60575,10
12.9140796661,80.2293395996,60575,60585,10
12.9146404266,80.2294006348,60585,60595,10
12.9155197144,80.2295532227,60595,60605,10
12.9165000916,80.2297134399,60605,60615,10
12.917090416,80.2297592163,60615,60626,11
12.9177398682,80.2298736572,60626,60636,10
12.9186496735,80.2300033569,60636,60646,10
12.9196996689,80.230140686,60646,60656,10
12.9209403992,80.2303009033,60656,60666,10
12.9222698212,80.2304763794,60666,60676,10
12.9237203598,80.230682373,60676,60686,10
12.9251003265,80.2308731079,60686,60696,10
12.9264297485,80.2310180664,60696,60707,11
12.9277601242,80.2311706543,60707,60717,10
12.9286804199,80.2313079834,60717,60727,10
12.9295597076,80.2314834595,60727,60737,10
12.9305200577,80.2317276001,60737,60747,10
12.9315900803,80.2320480347,60747,60757,10
12.9325304031,80.2323532104,60757,60767,10
12.933139801,80.2325363159,60767,60777,10
12.9336795807,80.2328033447,60777,60798,21
12.9336795807,80.2328033447,60798,60808,10
12.9339799881,80.233001709,60808,60818,10
12.934630394,80.2332992554,60818,60828,10
12.9353399277,80.2336196899,60828,60838,10
12.9355602264,80.2337036133,60838,60848,10
12.9356403351,80.2337417603,60848,60858,10
12.936050415,80.2339324951,60858,60868,10
12.9367303848,80.2342605591,60868,60878,10
12.9374904633,80.2346191406,60878,60889,11
12.93846035,80.2351074219,60889,60899,10
12.9394397736,80.2355804443,60899,60909,10
12.939740181,80.2357330322,60909,60919,10
12.9399499893,80.2358322144,60919,60929,10
12.9406003952,80.2360305786,60929,60939,10
12.9415102005,80.2362518311,60939,60949,10
12.9426002502,80.2365570068,60949,60959,10
12.9435796738,80.2372589111,60959,60969,10
12.9443998337,80.2381591797,60969,60980,11
12.9456596375,80.2393569946,60980,60990,10
12.9467201233,80.2398300171,60990,61000,10
12.94713974,80.2399978638,61000,61010,10
12.9473199844,80.2400665283,61010,61020,10
12.9478797913,80.2403106689,61020,61030,10
12.948800087,80.2406692505,61030,61060,30
12.948800087,80.2406692505,61060,61071,11
12.948969841,80.240737915,61071,61081,10
12.9495096207,80.2409362793,61081,61091,10
12.9503803253,80.2411804199,61091,61101,10
12.9511203766,80.2413787842,61101,61111,10
12.9512195587,80.2414321899,61111,61121,10
12.9516897202,80.2416229248,61121,61131,10
12.9523897171,80.241859436,61131,61141,10
12.9533195496,80.2422180176,61141,61151,10
12.9541597366,80.2425613403,61151,61162,11
12.9550800323,80.2429122925,61162,61172,10
12.9559698105,80.2431793213,61172,61182,10
12.956410408,80.2433776855,61182,61192,10
12.9564199448,80.2433700562,61192,61202,10
12.9568595886,80.243560791,61202,61212,10
12.9575595856,80.2439117432,61212,61222,10
12.9583997726,80.2442474365,61222,61232,10
12.9588403702,80.2444229126,61232,61243,11
12.9590501785,80.2445297241,61243,61253,10
12.9596099854,80.2447967529,61253,61263,10
12.9604597092,80.2452011108,61263,61273,10
12.9614801407,80.2456893921,61273,61283,10
12.9625501633,80.2462081909,61283,61293,10
12.9632501602,80.2465591431,61293,61303,10
12.9638204575,80.2468490601,61303,61313,10
12.9644804001,80.2471008301,61313,61323,10
12.9653396606,80.2473907471,61323,61334,11
12.9663696289,80.2477264404,61334,61344,10
12.9666900635,80.2478637695,61344,61354,10
12.9667797089,80.2479476929,61354,61364,10
12.967209816,80.2481613159,61364,61374,10
12.9680099487,80.2485275269,61374,61384,10
12.9690103531,80.2489471436,61384,61394,10
12.970199585,80.2494430542,61394,61404,10
12.971570015,80.2498626709,61404,61414,10
12.9729700089,80.2502288818,61414,61425,11
12.9741802216,80.2505187988,61425,61435,10
12.9753398895,80.2508468628,61435,61445,10
12.9766302109,80.2512207031,61445,61455,10
12.9777402878,80.2517700195,61455,61465,10
12.9785203934,80.2523574829,61465,61475,10
12.9786701202,80.2524490356,61475,61485,10
12.9790802002,80.2525863647,61485,61495,10
12.9795398712,80.2526321411,61495,61536,41
12.9795398712,80.2526321411,61536,61546,10
12.9796800613,80.2526702881,61546,61556,10
12.9801998138,80.2527084351,61556,61566,10
12.9809103012,80.2527008057,61566,61576,10
12.9818401337,80.2526626587,61576,61586,10
12.9828996658,80.2526168823,61586,61596,10
12.9839897156,80.2524185181,61596,61607,11
12.9850702286,80.2520675659,61607,61667,60
12.9850702286,80.2520675659,61667,61677,10
12.9852800369,80.251991272,61677,61688,11
12.9858398438,80.2518310547,61688,61698,10
12.9864196777,80.2516937256,61698,61708,10
12.9868402481,80.2515869141,61708,61718,10
12.9873104095,80.251449585,61718,61728,10
12.9877700806,80.2513275146,61728,61738,10
12.9883699417,80.2511978149,61738,61748,10
12.9895801544,80.250869751,61748,61768,20
12.9895801544,80.250869751,61768,61779,11
12.9897203445,80.250831604,61779,61789,10
12.9902496338,80.2507095337,61789,61799,10
12.9910802841,80.2505187988,61799,61809,10
12.9920797348,80.2502822876,61809,61819,10
12.9932098389,80.25,61819,61829,10
12.9944896698,80.2496795654,61829,61839,10
12.9958600998,80.2493515015,61839,61849,10
12.9971904755,80.2489929199,61849,61859,10
12.9988698959,80.2485809326,61859,61870,11
13.0005903244,80.2481613159,61870,61880,10
13.0018901825,80.2478408813,61880,61890,10
13.0028295517,80.2476196289,61890,61900,10
13.0038995743,80.2474517822,61900,61910,10
13.0050096512,80.2473068237,61910,61920,10
13.0059499741,80.2471008301,61920,61930,10
13.0063896179,80.2467422485,61930,61940,10
13.0064001083,80.2467193604,61940,61950,10
13.0064296722,80.2466506958,61950,61961,11
13.0065898895,80.2461929321,61961,61971,10
13.0066204071,80.2454986572,61971,61981,10
13.0066204071,80.2450714111,61981,61991,10
13.0066299438,80.2448425293,61991,62001,10
13.0066299438,80.244468689,62001,62011,10
13.0066204071,80.2440567017,62011,62021,10
13.0066099167,80.243560791,62021,62031,10
13.0066003799,80.2429199219,62031,62041,10
13.0066003799,80.2421417236,62041,62052,11
13.0066699982,80.2406768799,62052,62092,40
13.0066699982,80.2406768799,62092,62102,10
13.0066604614,80.2404632568,62102,62112,10
13.0067996979,80.2399597168,62112,62122,10
13.0069599152,80.2391891479,62122,62132,10
13.0071296692,80.2383499146,62132,62143,11
13.0073795319,80.2371673584,62143,62183,40
13.0073795319,80.2371673584,62183,62193,10
13.0075101852,80.2367324829,62193,62203,10
13.0076398849,80.2360610962,62203,62213,10
13.0077800751,80.2352828979,62213,62224,11
13.0077896118,80.2351608276,62224,62234,10
13.0078401566,80.2349014282,62234,62244,10
13.0079498291,80.2342987061,62244,62254,10
13.0081501007,80.2333679199,62254,62264,10
13.0083999634,80.232170105,62264,62274,10
13.008649826,80.2307815552,62274,62284,10
13.0089302063,80.2293014526,62284,62294,10
13.0092697144,80.2279510498,62294,62304,10
13.0098400116,80.2266998291,62304,62315,11
13.0103397369,80.2256393433,62315,62325,10
13.0105800629,80.2251663208,62325,62335,10
13.0108203888,80.2247009277,62335,62345,10
13.0110998154,80.2240066528,62345,62355,10
13.0112800598,80.2235031128,62355,62375,20
13.0112800598,80.2235031128,62375,62385,10
13.0114202499,80.2232589722,62385,62395,10
13.0116901398,80.2227020264,62395,62406,11
13.0119495392,80.2218322754,62406,62416,10
13.0122900009,80.2216262817,62416,62426,10
13.0126399994,80.222038269,62426,62436,10
13.0130300522,80.2224807739,62436,62446,10
13.0135602951,80.2229995728,62446,62456,10
13.0139398575,80.2234115601,62456,62466,10
13.0140399933,80.2235183716,62466,62476,10
13.0142803192,80.2238311768,62476,62486,10
13.0148000717,80.2243728638,62486,62497,11
13.0152397156,80.2248001099,62497,62507,10
13.0155000687,80.2249603271,62507,62517,10
13.0156402588,80.2251205444,62517,62527,10
13.0156803131,80.2251586914,62527,62537,10
13.0161104202,80.2253799438,62537,62547,10
13.016960144,80.2251968384,62547,62557,10
13.017950058,80.2248001099,62557,62567,10
13.0194501877,80.224357605,62567,62608,41
13.0194501877,80.224357605,62608,62618,10
13.0195703506,80.2245330811,62618,62628,10
13.0199298859,80.2247619629,62628,62638,10
13.0204200745,80.2251205444,62638,62648,10
13.0210504532,80.2255630493,62648,62658,10
13.0215597153,80.2259597778,62658,62669,11
13.0222101212,80.2263870239,62669,63559,890
13.0222101212,80.2263870239,63559,63569,10
13.0223903656,80.2266769409,63569,63579,10
13.0227804184,80.2269897461,63579,63589,10
13.0233697891,80.2275238037,63589,63599,10
13.0238704681,80.2279815674,63599,63609,10
13.0243301392,80.2284317017,63609,63619,10
13.0244102478,80.2285308838,63619,63629,10
13.0243797302,80.2286529541,63629,63640,11
13.0241804123,80.2285690308,63640,63650,10
13.0240497589,80.2284317017,63650,63660,10
13.0239400864,80.2282791138,63660,63670,10
13.0237998962,80.2280807495,63670,63680,10
13.0235004425,80.2277984619,63680,64074,394
13.0235004425,80.2277984619,64074,64085,11
13.0231599808,80.2274017334,64085,64095,10
13.0229196548,80.227142334,64095,64105,10
13.0224304199,80.2266998291,64105,64115,10
13.0216999054,80.2260818481,64115,64125,10
13.0208501816,80.225402832,64125,64135,10
13.0198402405,80.2247085571,64135,64145,10
13.0185804367,80.2245483398,64145,64155,10
13.0174398422,80.2250213623,64155,64165,10
13.0167398453,80.2253112793,64165,64176,11
13.0162000656,80.2255477905,64176,64186,10
13.0156297684,80.2257614136,64186,64196,10
13.0149803162,80.226020813,64196,64206,10
13.0143404007,80.2263031006,64206,64216,10
13.0139398575,80.2265014648,64216,64226,10
13.0139198303,80.2265090942,64226,64236,10
13.0137996674,80.2265472412,64236,64246,10
13.0133895874,80.2266464233,64246,64257,11
13.0125598907,80.2269363403,64257,64267,10
13.0115804672,80.2273406982,64267,64277,10
13.0104799271,80.2277679443,64277,64287,10
13.0094003677,80.2282333374,64287,64297,10
13.0090198517,80.229057312,64297,64307,10
13.0088100433,80.2301177979,64307,64317,10
13.0086097717,80.2311706543,64317,64327,10
13.0084295273,80.2321777344,64327,64337,10
13.0082902908,80.2329025269,64337,64348,11
13.0082798004,80.2333984375,64348,64368,20
13.0082798004,80.2333984375,64368,64378,10
13.0081796646,80.2337188721,64378,64389,11
13.008099556,80.2339477539,64389,64398,9
13.0079603195,80.2347488403,64398,64419,21
13.0079603195,80.2347488403,64419,64429,10
13.0078601837,80.2352600098,64429,64440,11
13.0077199936,80.236038208,64440,64450,10
13.007519722,80.2370910645,64450,64460,10
13.0073299408,80.2380828857,64460,64470,10
13.0071601868,80.2389602661,64470,64480,10
13.0069198608,80.2400436401,64480,64561,81
13.0069198608,80.2400436401,64561,64571,10
13.006819725,80.240447998,64571,64581,10
13.0067901611,80.2408370972,64581,64591,10
13.0067901611,80.2409591675,64591,64601,10
13.0067501068,80.2413635254,64601,64611,10
13.0067300797,80.2422180176,64611,64622,11
13.0067100525,80.2432327271,64622,64632,10
13.0066995621,80.243560791,64632,64642,10
13.0066995621,80.2438583374,64642,64652,10
13.0066995621,80.2439575195,64652,64662,10
13.0066900253,80.2442398071,64662,64672,10
13.0067195892,80.2445297241,64672,64702,30
13.0067195892,80.2445297241,64702,64713,11
13.0066795349,80.2448501587,64713,64723,10
13.0066995621,80.2451782227,64723,64733,10
13.0067195892,80.2455368042,64733,64743,10
13.0067501068,80.2460708618,64743,64753,10
13.0067596436,80.2466125488,64753,64763,10
13.0067396164,80.2472381592,64763,64773,10
13.006310463,80.2473983765,64773,64783,10
13.0061302185,80.2474136353,64783,64794,11
13.0060100555,80.2473983765,64794,64804,10
13.005610466,80.2473983765,64804,64814,10
13.0053701401,80.2473983765,64814,64824,10
13.0047197342,80.2474212646,64824,64834,10
13.0037899017,80.2475280762,64834,64844,10
13.0030202866,80.2476577759,64844,64854,10
13.0021095276,80.2478485107,64854,64864,10
13.0012702942,80.2480697632,64864,64874,10
13.0002698898,80.2483215332,64874,64885,11
12.9990196228,80.2485961914,64885,64895,10
12.9977502823,80.2489318848,64895,64905,10
12.996339798,80.2492828369,64905,64915,10
12.9948501587,80.2496795654,64915,64925,10
12.9933204651,80.2500991821,64925,64935,10
12.9918498993,80.2504806519,64935,65056,121
12.9918498993,80.2504806519,65056,65067,11
12.9917602539,80.2504882813,65067,65077,10
12.9914197922,80.250579834,65077,65087,10
12.990819931,80.2507171631,65087,65097,10
12.9901895523,80.2508773804,65097,65107,10
12.9897403717,80.2509994507,65107,65117,10
12.9892702103,80.251121521,65117,65127,10
12.9889202118,80.2512207031,65127,65137,10
12.9884901047,80.2513427734,65137,65148,11
12.987950325,80.2514801025,65148,65158,10
12.9875001907,80.2515716553,65158,65168,10
12.9870996475,80.2516937256,65168,65178,10
12.9865598679,80.2518310547,65178,65188,10
12.9860200882,80.2519607544,65188,65198,10
12.9851303101,80.2521820068,65198,65208,10
12.9841098785,80.2524490356,65208,65218,10
12.983130455,80.2526397705,65218,65228,10
12.9821500778,80.2527084351,65228,65239,11
12.9812202454,80.252746582,65239,65249,10
12.980919838,80.252746582,65249,65259,10
12.9807195663,80.2527694702,65259,65269,10
12.9804496765,80.252746582,65269,65279,10
12.9800701141,80.2527389526,65279,65289,10
12.9795303345,80.2527236938,65289,65299,10
12.9790401459,80.2526931763,65299,65309,10
12.9787101746,80.2526397705,65309,65319,10
12.9785299301,80.2525482178,65319,65330,11
12.9779500961,80.2521133423,65330,65340,10
12.9771795273,80.2515106201,65340,65350,10
12.9762802124,80.2511901855,65350,65360,10
12.975399971,80.2509307861,65360,65370,10
12.9743404388,80.2506408691,65370,65380,10
12.9733104706,80.2503433228,65380,65390,10
12.9722099304,80.250038147,65390,65400,10
12.9710998535,80.2497634888,65400,65410,10
12.9701595306,80.2494430542,65410,65421,11
12.9690799713,80.2490081787,65421,65431,10
12.9681997299,80.2486877441,65431,65441,10
12.9675598145,80.2484664917,65441,65451,10
12.9673404694,80.2483825684,65451,65461,10
12.9670600891,80.2482376099,65461,65471,10
12.9668502808,80.2481231689,65471,65491,20
12.9668502808,80.2481231689,65491,65501,10
12.9666004181,80.2479705811,65501,65512,11
12.9654502869,80.2475128174,65512,65532,20
12.9654502869,80.2475128174,65532,65542,10
12.9650602341,80.2473831177,65542,65552,10
12.9645996094,80.2472305298,65552,65572,20
12.9645996094,80.2472305298,65572,65582,10
12.9644804001,80.247177124,65582,65593,11
12.9642000198,80.2470703125,65593,65603,10
12.9638595581,80.2469482422,65603,65613,10
12.9633798599,80.246711731,65613,65623,10
12.9625997543,80.2463302612,65623,65633,10
12.9615697861,80.2458190918,65633,65643,10
12.9605503082,80.2453308105,65643,65653,10
12.9598398209,80.2450408936,65653,65663,10
12.9594898224,80.2448806763,65663,65673,10
12.9593400955,80.2448120117,65673,65684,11
12.9589195251,80.2446136475,65684,65694,10
12.9582700729,80.2443237305,65694,65704,10
12.9577503204,80.2441101074,65704,65714,10
12.9567804337,80.2438201904,65714,65775,61
12.9565496445,80.2437515259,65775,65825,50
12.9565496445,80.2437515259,65825,65835,10
12.9559602737,80.2434997559,65835,65845,10
12.9552402496,80.2431411743,65845,65855,10
12.9543504715,80.2427520752,65855,65866,11
12.9533004761,80.2423019409,65866,65876,10
12.9517402649,80.2417297363,65876,65906,30
12.9517402649,80.2417297363,65906,65916,10
12.9515695572,80.2416534424,65916,65926,10
12.9510002136,80.2414321899,65926,65936,10
12.9501304626,80.2411880493,65936,65946,10
12.9492301941,80.2409362793,65946,65977,31
12.9492301941,80.2409362793,65977,65987,10
12.9489097595,80.2408065796,65987,65997,10
12.9482803345,80.2405471802,65997,66007,10
12.9474201202,80.2401885986,66007,66017,10
12.9469203949,80.2399902344,66017,66027,10
12.9462795258,80.2397079468,66027,66038,11
12.9453296661,80.2392272949,66038,66048,10
12.9445104599,80.2384414673,66048,66058,10
12.9436101913,80.2375564575,66058,66068,10
12.9426898956,80.2367172241,66068,66078,10
12.9414300919,80.2362976074,66078,66088,10
12.9396600723,80.2358016968,66088,66107,19
12.9396600723,80.2358016968,66107,66118,11
12.9394302368,80.2356719971,66118,66129,11
12.9385795593,80.2352523804,66129,66139,10
12.9376497269,80.2347793579,66139,66149,10
12.9365196228,80.2342300415,66149,66159,10
12.9354600906,80.2337112427,66159,66169,10
12.9345598221,80.2333068848,66169,66179,10
12.9338798523,80.233039856,66179,66189,10
12.9338502884,80.2330322266,66189,66199,10
12.9334001541,80.2328109741,66199,66209,10
12.9326295853,80.2324829102,66209,66220,11
12.9315500259,80.2321090698,66220,66230,10
12.9303798676,80.2317581177,66230,66240,10
12.9294204712,80.2315292358,66240,66250,10
12.9288902283,80.2314300537,66250,66260,10
12.9282302856,80.231300354,66260,66270,10
12.927280426,80.2311782837,66270,66280,10
12.9263801575,80.2310562134,66280,66290,10
12.9259395599,80.231048584,66290,66300,10
12.9257202148,80.2310180664,66300,66311,11
12.9250402451,80.2309265137,66311,66321,10
12.9241104126,80.2308120728,66321,66331,10
12.9229898453,80.2306518555,66331,66341,10
12.9216804504,80.2304382324,66341,66351,10
12.9202604294,80.2302474976,66351,66361,10
12.9188604355,80.2300720215,66361,66371,10
12.9176797867,80.2299194336,66371,66381,10
12.9167203903,80.2297821045,66381,66391,10
12.9158496857,80.2296676636,66391,66402,11
12.9148397446,80.2294998169,66402,66412,10
12.9134502411,80.2293624878,66412,66432,20
12.9134502411,80.2293624878,66432,66442,10
12.9130601883,80.2292633057,66442,66452,10
12.9124803543,80.2291793823,66452,66462,10
12.9117002487,80.2290725708,66462,66472,10
12.9107303619,80.2289505005,66472,66483,11
12.9095001221,80.2287521362,66483,66493,10
12.908249855,80.2285614014,66493,66503,10
12.9073600769,80.2284393311,66503,66675,172
12.9073600769,80.2284393311,66675,66685,10
12.9071598053,80.2284088135,66685,66695,10
12.9067697525,80.2283477783,66695,66705,10
12.9063396454,80.2282714844,66705,66715,10
12.9056797028,80.2282562256,66715,66725,10
12.9047403336,80.2282028198,66725,66735,10
12.9037103653,80.2281570435,66735,66745,10
12.9025001526,80.2281036377,66745,66756,11
12.9015903473,80.2280578613,66756,66766,10
12.9011602402,80.2280578613,66766,66776,10
12.9006795883,80.2279815674,66776,66786,10
12.9001598358,80.2279815674,66786,66796,10
12.8999996185,80.2279586792,66796,66806,10
12.8997602463,80.2279586792,66806,66816,10
12.8997001648,80.2279586792,66816,66826,10
12.8995399475,80.2279281616,66826,66837,11
12.8989896774,80.227897644,66837,66847,10
12.8981895447,80.2278366089,66847,66857,10
12.8971796036,80.2277679443,66857,66867,10
12.8959798813,80.227722168,66867,66877,10
12.8946800232,80.2276611328,66877,66887,10
12.8933801651,80.2275695801,66887,66897,10
12.8928203583,80.2274780273,66897,66928,31
12.8928203583,80.2274780273,66928,66938,10
12.8927402496,80.2274703979,66938,66948,10
12.8925104141,80.2274398804,66948,66958,10
12.8921098709,80.2274093628,66958,66968,10
12.8913402557,80.2273864746,66968,66978,10
12.8903102875,80.2273864746,66978,66988,10
12.8891096115,80.2274093628,66988,66998,10
12.8877801895,80.2273178101,66998,67008,10
12.8864603043,80.2270889282,67008,67019,11
12.885310173,80.226852417,67019,67029,10
12.8852796555,80.2268371582,67029,67039,10
12.8850803375,80.2267990112,67039,67049,10
12.8846702576,80.2267608643,67049,67059,10
12.883939743,80.2267608643,67059,67069,10
12.8829603195,80.2267379761,67069,67079,10
12.881819725,80.2267608643,67079,67089,10
12.8805198669,80.2267684937,67089,67099,10
12.879070282,80.2268218994,67099,67110,11
12.8774595261,80.2269363403,67110,67120,10
12.8766803741,80.2270278931,67120,67130,10
12.876540184,80.2270431519,67130,67140,10
12.8761396408,80.2270507813,67140,67150,10
12.8753995895,80.2270126343,67150,67160,10
12.8744001389,80.226890564,67160,67170,10
12.8732595444,80.2267684937,67170,67180,10
12.8727397919,80.2267990112,67180,67190,10
12.8725404739,80.2267684937,67190,67201,11
12.8718204498,80.2267379761,67201,67211,10
12.8708295822,80.2266998291,67211,67221,10
12.8696498871,80.2265777588,67221,67231,10
12.8683204651,80.2264404297,67231,67241,10
12.8668804169,80.2265625,67241,67251,10
12.8653497696,80.2266464233,67251,67261,10
12.8637695313,80.226600647,67261,67271,10
12.8623104095,80.2266311646,67271,67282,11
12.8611803055,80.2266693115,67282,67292,10
12.8609600067,80.2266464233,67292,67302,10
12.8604698181,80.226600647,67302,67312,10
12.8596401215,80.2264785767,67312,67322,10
12.858590126,80.2263183594,67322,67332,10
12.857339859,80.22631073,67332,67342,10
12.8559303284,80.2264480591,67342,67352,10
12.8544197083,80.2266082764,67352,67362,10
12.8528404236,80.2267608643,67362,67373,11
12.8510503769,80.2266998291,67373,67383,10
12.8494300842,80.2266311646,67383,67393,10
12.847869873,80.2266311646,67393,67403,10
12.846540451,80.2266616821,67403,67413,10
12.8454504013,80.2266769409,67413,67433,20
12.8454504013,80.2266769409,67433,67443,10
12.8451795578,80.2266464233,67443,67453,10
12.8445501328,80.2266998291,67453,67464,11
12.8435297012,80.2268218994,67464,67474,10
12.8423900604,80.2270431519,67474,67484,10
12.8411502838,80.2273483276,67484,67494,10
12.8403301239,80.2276077271,67494,67504,10
12.8397903442,80.2277832031,67504,67595,91
12.8397903442,80.2277832031,67595,67605,10
12.839509964,80.2278594971,67605,67615,10
12.8390102386,80.2279815674,67615,67625,10
12.8381900787,80.2281570435,67625,67636,11
12.8370599747,80.2283935547,67636,67646,10
12.8358097076,80.2285614014,67646,67656,10
12.8344097137,80.2287597656,67656,67666,10
12.8330497742,80.2290115356,67666,67676,10
12.8321800232,80.2291793823,67676,67686,10
12.8319396973,80.2292175293,67686,67696,10
12.8316402435,80.2292404175,67696,67706,10
12.8315401077,80.2289199829,67706,67716,10
12.8315000534,80.2287216187,67716,67727,11
12.8314304352,80.2282562256,67727,67737,10
12.8312797546,80.2275009155,67737,67747,10
12.8310899734,80.2265701294,67747,67757,10
12.8310604095,80.2256698608,67757,67767,10
12.8310604095,80.2249069214,67767,67777,10
12.8310604095,80.2245025635,67777,67787,10
12.8310699463,80.2237701416,67787,67797,10
12.8310699463,80.2228622437,67797,67807,10
12.8310699463,80.2222976685,67807,67818,11
12.8310699463,80.2218017578,67818,67828,10
12.8310699463,80.2210235596,67828,67838,10
12.8310699463,80.2201385498,67838,67848,10
12.8310604095,80.2197418213,67848,67858,10
12.8306598663,80.219543457,67858,67868,10
12.8298597336,80.2195205688,67868,67878,10
12.8290596008,80.2195129395,67878,67888,10
12.828379631,80.2194900513,67888,67898,10
12.8278398514,80.2195205688,67898,67909,11
12.8275203705,80.2195205688,67909,67919,10
12.8270597458,80.2194900513,67919,67929,10
12.8266401291,80.2194900513,67929,67939,10
12.826210022,80.2194824219,67939,67949,10
12.8259801865,80.2194595337,67949,67959,10
12.8258104324,80.219291687,67959,67969,10
12.8258304596,80.2191619873,67969,67979,10
12.8258399963,80.2187271118,67979,67989,10
12.8258600235,80.2179489136,67989,68000,11
12.8258600235,80.2169494629,68000,68010,10
12.8258495331,80.2162322998,68010,68020,10
12.8255796432,80.2160797119,68020,68030,10
12.8252096176,80.2160873413,68030,68141,111
12.8252096176,80.2160873413,68141,68151,10
12.8251495361,80.2160415649,68151,68161,10
12.8248796463,80.2160568237,68161,68172,11
12.8246603012,80.2160720825,68172,68182,10
12.8243904114,80.2160491943,68182,68192,10
12.8242197037,80.2160491943,68192,68202,10
12.8237304688,80.2160415649,68202,68212,10
12.8229799271,80.2160415649,68212,68222,10
12.8227300644,80.2160797119,68222,68232,10
12.8227100372,80.216468811,68232,68242,10
12.8226995468,80.2172393799,68242,68252,10
12.8226995468,80.2182388306,68252,68263,11
12.8226995468,80.2193069458,68263,68283,20
12.8226995468,80.2193069458,68283,68293,10
12.8228302002,80.2194671631,68293,68303,10
12.823340416,80.2194976807,68303,68312,9
12.8241796494,80.2195281982,68312,68323,11
12.8254098892,80.2195587158,68323,68363,40
12.8254098892,80.2195587158,68363,68374,11
12.8256702423,80.2196426392,68374,68384,10
12.8260698318,80.2196121216,68384,68394,10
12.8267498016,80.2195892334,68394,68424,30
12.8267498016,80.2195892334,68424,68435,11
12.8268604279,80.2196426392,68435,68445,10
12.8270797729,80.2196273804,68445,68455,10
12.8272600174,80.2195968628,68455,68547,92
12.8272600174,80.2195968628,68547,68557,10
12.8276395798,80.2194824219,68557,68607,50
12.8278999329,80.2194976807,68607,68658,51
12.8278999329,80.2194976807,68658,68669,11
12.8279600143,80.2194976807,68669,68679,10
12.8283004761,80.2195129395,68679,68689,10
12.8287000656,80.2195205688,68689,68700,11
12.8291397095,80.2195205688,68700,68710,10
12.8296804428,80.2195510864,68710,68720,10
12.8303804398,80.219543457,68720,68730,10
12.8308496475,80.219543457,68730,68740,10
12.8311500549,80.2197036743,68740,68750,10
12.8312196732,80.2203292847,68750,68821,71
12.8312196732,80.2203292847,68821,68831,10
12.8312196732,80.2203826904,68831,68841,10
12.8311901093,80.220741272,68841,68851,10
12.8311700821,80.2213668823,68851,68861,10
12.8311796188,80.2220611572,68861,68871,10
12.8311796188,80.2223587036,68871,68882,11
12.8311796188,80.2229919434,68882,68892,10
12.8311700821,80.2237167358,68892,68902,10
12.8311796188,80.2244796753,68902,68912,10
12.8311700821,80.2248077393,68912,68922,10
12.8311595917,80.2251281738,68922,68932,10
12.8311595917,80.2257003784,68932,68942,10
12.8311700821,80.2264404297,68942,68952,10
12.8313102722,80.2272109985,68952,68962,10
12.8313798904,80.2275085449,68962,68973,11
12.8313903809,80.2275772095,68973,68983,10
12.8314304352,80.2277603149,68983,68993,10
12.8314800262,80.2280578613,68993,69064,71
12.8314800262,80.2280578613,69064,69074,10
12.8315200806,80.2283172607,69074,69084,10
12.8315601349,80.2285308838,69084,69094,10
12.8316001892,80.2286987305,69094,69104,10
12.831609726,80.2287063599,69104,69114,10
12.8316402435,80.2288818359,69114,69124,10
12.8316602707,80.2289505005,69124,69134,10
12.8316898346,80.2291107178,69134,69145,11
12.8317499161,80.2292175293,69145,69155,10
12.8320999146,80.2291870117,69155,69165,10
12.8327302933,80.2290725708,69165,69175,10
12.8336601257,80.2288970947,69175,69185,10
12.8347301483,80.2287063599,69185,69195,10
12.835940361,80.2285232544,69195,69205,10
12.8370599747,80.2283172607,69205,69215,10
12.8380899429,80.2281417847,69215,69225,10
12.8385601044,80.2280273438,69225,69236,11
12.8388996124,80.2279205322,69236,69266,30
12.8388996124,80.2279205322,69266,69276,10
12.8391799927,80.2278213501,69276,69306,30
12.8391799927,80.2278213501,69306,69316,10
12.8395595551,80.2276916504,69316,69327,11
12.839969635,80.2276306152,69327,69337,10
12.8405704498,80.2275314331,69337,69347,10
12.8413896561,80.2273101807,69347,69357,10
12.8423500061,80.2270736694,69357,69367,10
12.8434400558,80.2268600464,69367,69377,10
12.844619751,80.2267227173,69377,69387,10
12.8453998566,80.2266311646,69387,69407,20
12.8453998566,80.2266311646,69407,69418,11
12.8457603455,80.2266311646,69418,69438,20
12.8457603455,80.2266311646,69438,69448,10
12.846039772,80.2266616821,69448,69458,10
12.8466901779,80.2266464233,69458,69468,10
12.8475999832,80.2266387939,69468,69478,10
12.8486499786,80.2266311646,69478,69488,10
12.8500099182,80.2266235352,69488,69519,31
12.8500099182,80.2266235352,69519,69529,10
12.8502702713,80.2266235352,69529,69539,10
12.850859642,80.2266387939,69539,69549,10
12.8516702652,80.2266693115,69549,69559,10
12.852640152,80.2267379761,69559,69569,10
12.8537302017,80.2266998291,69569,69579,10
12.854809761,80.2265777588,69579,69590,11
12.855919838,80.2264175415,69590,69600,10
12.8565998077,80.2263412476,69600,69670,70
12.8565998077,80.2263412476,69670,69681,11
12.8568897247,80.2263183594,69681,69691,10
12.8575296402,80.2262802124,69691,69701,10
12.8580503464,80.2262802124,69701,69711,10
12.8583898544,80.2263031006,69711,69721,10
12.8590202332,80.2263793945,69721,69731,10
12.8598899841,80.2264785767,69731,69741,10
12.8606901169,80.2265701294,69741,69751,10
12.8607997894,80.2265777588,69751,69761,10
12.8611803055,80.2266082764,69761,69772,11
12.8619699478,80.2265930176,69772,69782,10
12.8628902435,80.2265396118,69782,69792,10
12.8639602661,80.2265625,69792,69802,10
12.8651695251,80.2266082764,69802,69812,10
12.8662996292,80.2265777588,69812,69822,10
12.8672599792,80.2265014648,69822,69832,10
12.8683204651,80.2264404297,69832,69842,10
12.8695201874,80.2265472412,69842,69852,10
12.87059021,80.2266693115,69852,69863,11
12.8712997437,80.2267074585,69863,69873,10
12.8718996048,80.2267303467,69873,69883,10
12.8725004196,80.2267227173,69883,69893,10
12.8730897903,80.2267379761,69893,69903,10
12.8738803864,80.2267837524,69903,69912,9
12.8747396469,80.2268829346,69912,69923,11
12.8758897781,80.2269821167,69923,69933,10
12.8766803741,80.2269515991,69933,69944,11
12.8767499924,80.2269515991,69944,69954,10
12.8770599365,80.2269363403,69954,69964,10
12.8777399063,80.226890564,69964,69974,10
12.8786802292,80.2268218994,69974,69984,10
12.8797397614,80.2267913818,69984,69994,10
12.8809099197,80.2267684937,69994,70004,10
12.8821601868,80.2267608643,70004,70014,10
12.8832597733,80.2267379761,70014,70024,10
12.8839998245,80.2267303467,70024,70035,11
12.8842401505,80.2267303467,70035,70045,10
12.8844604492,80.2267303467,70045,70055,10
12.884759903,80.2267227173,70055,70065,10
12.8849201202,80.2267303467,70065,70075,10
12.8849601746,80.2267303467,70075,70085,10
12.8853397369,80.2267837524,70085,70095,10
12.8860397339,80.2269363403,70095,70105,10
12.8869600296,80.2271728516,70105,70115,10
12.8878803253,80.2273330688,70115,70126,11
12.8890199661,80.2274093628,70126,70136,10
12.8902301788,80.2274093628,70136,70146,10
12.8914003372,80.2273788452,70146,70156,10
12.8921899796,80.2274169922,70156,70166,10
12.8928203583,80.2274780273,70166,70176,10
12.8936300278,80.2275924683,70176,70187,11
12.8943796158,80.2276611328,70187,70197,10
12.8957099915,80.227722168,70197,70206,9
12.8966503143,80.2277679443,70206,70218,12
12.8978099823,80.2278289795,70218,70228,10
12.8985595703,80.2278671265,70228,70238,10
12.8992595673,80.2279205322,70238,70248,10
12.8996200562,80.2279205322,70248,70258,10
12.9001598358,80.2279281616,70258,70349,91
12.9001598358,80.2279281616,70349,70359,10
12.9004802704,80.2279281616,70359,70369,10
12.9008998871,80.2279586792,70369,70379,10
12.9011802673,80.2279891968,70379,70390,11
12.9018001556,80.2280197144,70390,70400,10
12.9026098251,80.2280502319,70400,70410,10
12.9027500153,80.2280578613,70410,70420,10
12.9030199051,80.2280807495,70420,70430,10
12.9036798477,80.2281417847,70430,70440,10
12.9046096802,80.2281799316,70440,70450,10
12.9053602219,80.2282180786,70450,70491,41
12.9053602219,80.2282180786,70491,70501,10
12.905500412,80.2282333374,70501,70511,10
12.9057397842,80.2282409668,70511,70521,10
12.9059801102,80.2282562256,70521,70531,10
12.90625,80.2282867432,70531,70541,10
12.9063596725,80.2282867432,70541,70551,10
12.9066896439,80.2283172607,70551,70561,10
12.9072399139,80.2283782959,70561,70572,11
12.9081802368,80.2285308838,70572,70582,10
12.9092798233,80.2287063599,70582,70592,10
12.9105997086,80.2289199829,70592,70602,10
12.9119901657,80.2291107178,70602,70612,10
12.9130802155,80.2292404175,70612,70622,10
12.9138698578,80.2293319702,70622,70632,10
12.9138803482,80.2293395996,70632,70642,10
12.9140396118,80.2294006348,70642,70652,10
12.914560318,80.2294692993,70652,70663,11
12.9153995514,80.229598999,70663,70673,10
12.9164199829,80.2297363281,70673,70683,10
12.9175596237,80.2299118042,70683,70693,10
12.9185800552,80.2300186157,70693,70703,10
12.9190301895,80.2300796509,70703,70713,10
12.9197301865,80.2301635742,70713,70723,10
12.9206399918,80.2302780151,70723,70733,10
12.9216804504,80.2304077148,70733,70744,11
12.9229402542,80.2306137085,70744,70754,10
12.9240398407,80.230758667,70754,70764,10
12.9251003265,80.2308807373,70764,70774,10
12.9258098602,80.23097229,70774,70784,10
12.9264497757,80.2310714722,70784,70794,10
12.9273004532,80.2311706543,70794,70804,10
12.9279499054,80.2312393188,70804,70814,10
12.9284200668,80.2312927246,70814,70824,10
12.9290704727,80.2313995361,70824,70835,11
12.9299402237,80.231590271,70835,70845,10
12.9308395386,80.231842041,70845,70855,10
12.9316797256,80.2321014404,70855,70865,10
12.9325399399,80.2323684692,70865,70875,10
12.9332399368,80.2326507568,70875,70885,10
12.9336099625,80.2328186035,70885,70895,10
12.9336299896,80.2328262329,70895,70905,10
12.9337396622,80.2329025269,70905,70915,10
12.9342098236,80.2331237793,70915,70926,11
12.9349803925,80.2334671021,70926,70936,10
12.9355697632,80.2337265015,70936,70946,10
12.9362201691,80.2340621948,70946,70956,10
12.9370803833,80.2344589233,70956,70966,10
12.9380903244,80.2349624634,70966,70976,10
12.9389400482,80.2353668213,70976,70986,10
12.9394397736,80.2356109619,70986,70996,10
12.9395103455,80.2356491089,70996,71006,10
12.9397697449,80.2358016968,71006,71017,11
12.9404802322,80.2360610962,71017,71027,10
12.9414196014,80.2362976074,71027,71037,10
12.9425601959,80.236618042,71037,71047,10
12.943570137,80.2373733521,71047,71057,10
12.9444799423,80.2383575439,71057,71067,10
12.9453001022,80.2391815186,71067,71077,10
12.9468202591,80.2398910522,71077,71087,10
12.9472703934,80.2400588989,71087,71098,11
12.9474201202,80.2401275635,71098,71108,10
12.9479598999,80.2403564453,71108,71118,10
12.948679924,80.2406768799,71118,71128,10
12.9493598938,80.2409362793,71128,71138,10
12.9501895905,80.2411880493,71138,71148,10
12.9508399963,80.2413711548,71148,71158,10
12.9510097504,80.2414093018,71158,71168,10
12.9514102936,80.2415771484,71168,71178,10
12.9519300461,80.2417602539,71178,71189,11
12.9528999329,80.2421188354,71189,71199,10
12.953619957,80.2424316406,71199,71209,10
12.954079628,80.2426071167,71209,71219,10
12.9546899796,80.2428512573,71219,71229,10
12.9553403854,80.2431182861,71229,71239,10
12.9563302994,80.2434310913,71239,71259,20
12.9563302994,80.2434310913,71259,71269,10
12.9565401077,80.2434921265,71269,71280,11
12.9572200775,80.243812561,71280,71290,10
12.9580602646,80.244178772,71290,71300,10
12.9587097168,80.2444381714,71300,71310,10
12.9587402344,80.2444610596,71310,71320,10
12.9589395523,80.2445602417,71320,71330,10
12.9594697952,80.2448272705,71330,71340,10
12.9602403641,80.2451782227,71340,71350,10
12.9611797333,80.2456207275,71350,71360,10
12.9622402191,80.2461395264,71360,71371,11
12.9633398056,80.2466812134,71371,71381,10
12.9639797211,80.2469482422,71381,71391,10
12.9644899368,80.2471389771,71391,71401,10
12.9652500153,80.2474136353,71401,71411,10
12.9663600922,80.2478103638,71411,71431,20
12.9663600922,80.2478103638,71431,71441,10
12.9665002823,80.2479019165,71441,71451,10
12.9669103622,80.2481002808,71451,71462,11
12.9675598145,80.2484283447,71462,71472,10
12.968290329,80.2487411499,71472,71482,10
12.9689998627,80.2490081787,71482,71492,10
12.9698495865,80.2493515015,71492,71502,10
12.9708795547,80.249710083,71502,71512,10
12.9719400406,80.25,71512,71522,10
12.9730300903,80.250289917,71522,71532,10
12.9739398956,80.2505187988,71532,71543,11
12.9750099182,80.250831604,71543,71553,10
12.976149559,80.251159668,71553,71563,10
12.977350235,80.2515792847,71563,71573,10
12.9784002304,80.2523574829,71573,71593,20
12.9784002304,80.2523574829,71593,71603,10
12.9786996841,80.2525405884,71603,71613,10
12.9795103073,80.2526779175,71613,71664,51
12.9795103073,80.2526779175,71664,71674,10
12.9797697067,80.2526931763,71674,71684,10
12.9803495407,80.2527084351,71684,71694,10
12.9811496735,80.2526931763,71694,71704,10
12.9819803238,80.2526626587,71704,71714,10
12.9832401276,80.2525634766,71714,71886,172
12.9832401276,80.2525634766,71886,71896,10
12.9833698273,80.252532959,71896,71907,11
12.9838600159,80.2524337769,71907,71917,10
12.9845600128,80.252243042,71917,71927,10
12.9851903915,80.2520675659,71927,71937,10
12.9854803085,80.2519836426,71937,71947,10
12.9858598709,80.2518768311,71947,71957,10
12.9861898422,80.2517929077,71957,71967,10
12.9866199493,80.2516784668,71967,71977,10
12.9871397018,80.2515411377,71977,71988,11
12.9874801636,80.2514190674,71988,71998,10
12.9879102707,80.2513504028,71998,72008,10
12.9886398315,80.2511825562,72008,72018,10
12.9893198013,80.2509918213,72018,72038,20
12.9893198013,80.2509918213,72038,72048,10
12.9895401001,80.2509613037,72048,72057,9
12.9900197983,80.250831604,72057,72068,11
12.9909000397,80.250617981,72068,72079,11
12.991979599,80.2503509521,72079,72089,10
12.9931001663,80.2500610352,72089,72099,10
12.9943504333,80.2497406006,72099,72109,10
12.9957199097,80.249382019,72109,72119,10
12.9972000122,80.2490234375,72119,72129,10
12.9986000061,80.2486801147,72129,72138,9
13.0002002716,80.2482681274,72138,72149,11
13.0015001297,80.2479400635,72149,72159,10
13.0027599335,80.2476577759,72159,72170,11
13.0040197372,80.2474594116,72170,72180,10
13.0050401688,80.2473297119,72180,72190,10
13.0057497025,80.2471466064,72190,72200,10
13.0063896179,80.2466583252,72200,72210,10
13.0065097809,80.2463912964,72210,72220,10
13.0065402985,80.2462387085,72220,72230,10
13.0065803528,80.2457199097,72230,72240,10
13.0065698624,80.2450027466,72240,72250,10
13.0065803528,80.2441329956,72250,72261,11
13.0066003799,80.2432327271,72261,72271,10
13.0066299438,80.2425994873,72271,72281,10
13.0066299438,80.2419281006,72281,72291,10
13.006649971,80.2412414551,72291,72301,10
13.0067195892,80.2406997681,72301,72311,10
13.0067996979,80.2402801514,72311,72321,10
13.0068998337,80.2397079468,72321,72331,10
13.0069799423,80.2393035889,72331,72342,11
13.007060051,80.2388916016,72342,72352,10
13.0071001053,80.2386169434,72352,72362,10
13.0071697235,80.2382888794,72362,72372,10
13.007229805,80.2378616333,72372,72382,10
13.007349968,80.2371902466,72382,72392,10
13.0073795319,80.2367401123,72392,72402,10
13.0074195862,80.236618042,72402,72412,10
13.0075397491,80.2361831665,72412,72422,10
13.0076904297,80.235458374,72422,72433,11
13.0078802109,80.2344894409,72433,72443,10
13.0081100464,80.2334899902,72443,72453,10
13.0083198547,80.2324523926,72453,72463,10
13.0085096359,80.2314605713,72463,72473,10
13.0086698532,80.2304992676,72473,72483,10
13.0088596344,80.2295532227,72483,72493,10
13.0089998245,80.2287368774,72493,72503,10
13.0090703964,80.2284088135,72503,72513,10
13.0091600418,80.2280197144,72513,72524,11
13.0091896057,80.2279586792,72524,72534,10
13.0092897415,80.2277832031,72534,72544,10
13.0094604492,80.2274017334,72544,72554,10
13.0095996857,80.227142334,72554,72564,10
13.0097398758,80.2268676758,72564,72574,10
13.0099802017,80.2263336182,72574,72594,20
13.0099802017,80.2263336182,72594,72604,10
13.0101003647,80.2261428833,72604,72615,11
13.0102796555,80.2257003784,72615,72625,10
13.010430336,80.2253875732,72625,72635,10
13.0105304718,80.2251815796,72635,72645,10
13.0106201172,80.2249984741,72645,72655,10
13.0107297897,80.2247009277,72655,72665,10
13.0110197067,80.2240066528,72665,72675,10
13.0113897324,80.2232513428,72675,72685,10
13.0116901398,80.2224502563,72685,72695,10
13.0120697021,80.2216491699,72695,72706,11
13.0123996735,80.2217407227,72706,72716,10
13.0128002167,80.2222824097,72716,72726,10
13.013420105,80.2229614258,72726,72736,10
13.013999939,80.2235870361,72736,72746,10
13.0144395828,80.224067688,72746,72756,10
13.0148897171,80.224571228,72756,72766,10
13.0149803162,80.2246627808,72766,72776,10
13.0152301788,80.2249069214,72776,72787,11
13.0154304504,80.2250595093,72787,72797,10
13.0156097412,80.2252120972,72797,72807,10
13.0156898499,80.2252502441,72807,72817,10
13.0161504745,80.225402832,72817,72827,10
13.0169296265,80.2252197266,72827,72837,10
13.0179004669,80.2248382568,72837,72847,10
13.0189399719,80.2244186401,72847,72857,10
13.0193595886,80.2243728638,72857,72878,21
13.0193595886,80.2243728638,72878,72888,10
13.0195198059,80.2244491577,72888,72898,10
13.0197496414,80.2245864868,72898,72908,10
13.0201101303,80.2248764038,72908,72918,10
13.0206403732,80.2252731323,72918,72928,10
13.021109581,80.2256164551,72928,72938,10
13.0216503143,80.2260284424,72938,72948,10
13.0222396851,80.2265014648,72948,72958,10
13.0225601196,80.2267990112,72958,72969,11
13.0231304169,80.2272872925,72969,72979,10
13.0236196518,80.2277374268,72979,72989,10
13.0241003036,80.228187561,72989,72999,10
13.0242099762,80.2282867432,72999,73009,10
13.0244197845,80.2285614014,73009,73060,51
13.0244197845,80.2285614014,73060,73070,10
13.0242900848,80.2286987305,73070,73080,10
13.0241603851,80.2286605835,73080,73090,10
13.0239095688,80.2282791138,73090,73100,10
13.0234899521,80.2278137207,73100,73110,10
13.0230102539,80.2273635864,73110,73120,10
13.0224199295,80.2267990112,73120,73130,10
13.0217399597,80.2261962891,73130,73141,11
13.0210599899,80.2256622314,73141,73151,10
13.0205001831,80.2252426147,73151,73161,10
13.0198001862,80.2247695923,73161,73171,10
13.0188503265,80.2245178223,73171,73181,10
13.0177898407,80.2249069214,73181,73191,10
13.0169401169,80.2252578735,73191,73201,10
13.016699791,80.2253570557,73201,73211,10
13.016579628,80.2254180908,73211,73221,10
13.0164003372,80.2254867554,73221,73232,11
13.0159196854,80.2256317139,73232,73242,10
13.0153799057,80.2258300781,73242,73252,10
13.014840126,80.22605896,73252,73262,10
13.0142002106,80.2262878418,73262,73272,10
13.0134000778,80.2266387939,73272,73282,10
13.0124702454,80.2269973755,73282,73292,10
13.0115098953,80.2273788452,73292,73302,10
13.0104198456,80.2277984619,73302,73312,10
13.0093097687,80.2282791138,73312,73323,11
13.008939743,80.2292633057,73323,73333,10
13.0087099075,80.2304534912,73333,73343,10
13.008480072,80.2317428589,73343,73353,10
13.0082597733,80.2329025269,73353,73363,10
13.0081796646,80.2336196899,73363,73373,10
13.008099556,80.2338409424,73373,73393,20
13.008099556,80.2338409424,73393,73403,10
13.0080404282,80.2340621948,73403,73414,11
13.0079202652,80.2347412109,73414,73424,10
13.0077199936,80.2357635498,73424,73434,10
13.0074796677,80.2369613647,73434,73444,10
13.0072603226,80.2379989624,73444,73454,10
13.0071496964,80.2385787964,73454,73464,10
13.0070199966,80.2392272949,73464,73474,10
13.0068798065,80.2399978638,73474,73484,10
13.0067396164,80.2406463623,73484,73494,10
13.0066404343,80.2413330078,73494,73505,11
13.0066099167,80.2421188354,73505,73515,10
13.0066099167,80.2427062988,73515,73525,10
13.0066299438,80.2429504395,73525,73535,10
13.0066299438,80.2434692383,73535,73545,10
13.0066299438,80.244430542,73545,73555,10
13.006649971,80.2455291748,73555,73565,10
13.0066900253,80.2465362549,73565,73575,10
13.0066795349,80.2474136353,73575,73636,61
13.0066795349,80.2474136353,73636,73646,10
13.0064096451,80.2474899292,73646,73656,10
13.0058403015,80.247467041,73656,73666,10
13.0054502487,80.2474594116,73666,73677,11
13.0045995712,80.2474822998,73677,73687,10
13.0035600662,80.2475891113,73687,73697,10
13.0025701523,80.247756958,73697,73707,10
13.0018100739,80.2479095459,73707,73717,10
13.0008401871,80.2481613159,73717,73727,10
12.9983196259,80.2487792969,73727,73737,10
12.9983196259,80.2487792969,73737,73747,10
12.9969596863,80.2491226196,73747,73757,10
12.9955797195,80.2495193481,73757,73768,11
12.9940795898,80.2498931885,73768,73778,10
12.9927501678,80.250213623,73778,73788,10
12.9914999008,80.2505187988,73788,73800,12
12.9904403687,80.2508163452,73800,73810,10
12.9896202087,80.2510528564,73810,73852,42
12.9896202087,80.2510528564,73852,73862,10
12.9893102646,80.2510910034,73862,73872,10
12.9887695313,80.2512588501,73872,73882,10
12.9883003235,80.251411438,73882,73892,10
12.9878902435,80.2518081665,73892,73902,10
12.9879198074,80.2526397705,73902,73912,10
12.987830162,80.2536697388,73912,73922,10
12.9878101349,80.2543869019,73922,73932,10
12.9877996445,80.2545394897,73932,73943,11
12.987739563,80.2550125122,73943,73953,10
12.9876804352,80.2553863525,73953,73963,10
12.987660408,80.2556381226,73963,73973,10
12.9876098633,80.2560501099,73973,73983,10
12.9875802994,80.2561721802,73983,73993,10
12.9875497818,80.2563171387,73993,74003,10
12.9875402451,80.256439209,74003,74013,10
12.9875297546,80.2566986084,74013,74023,10
12.9875297546,80.2567901611,74023,74034,11
12.9875097275,80.2570114136,74034,74044,10
12.9874696732,80.2573623657,74044,74054,10
12.9874296188,80.2580566406,74054,74064,10
12.9873600006,80.2587432861,74064,74074,10
12.987279892,80.2592315674,74074,74084,10
12.9872303009,80.2593765259,74084,74094,10
12.9871997833,80.2595901489,74094,74104,10
12.9870595932,80.2596511841,74104,74135,31
12.9870595932,80.2596511841,74135,74145,10
12.9868097305,80.2595825195,74145,74155,10
12.986579895,80.2594833374,74155,74165,10
12.9866504669,80.2591705322,74165,74175,10
12.9867601395,80.2589797974,74175,74185,10
12.986749649,80.2585983276,74185,74377,192
12.9868202209,80.2585525513,74377,74408,31
12.9868202209,80.2584762573,74408,75055,647
12.9871196747,80.2586975098,75055,75612,557
12.9873504639,80.2587203979,75612,75632,20
12.9873504639,80.2587203979,75632,75642,10
12.9873895645,80.258682251,75642,75652,10
12.9874000549,80.2584533691,75652,75662,10
12.9874000549,80.258140564,75662,75672,10
12.9874401093,80.2576522827,75672,75682,10
12.9874696732,80.2571182251,75682,75692,10
12.9875001907,80.2566680908,75692,75773,81
12.9875001907,80.2566680908,75773,75783,10
12.9876003265,80.2563323975,75783,75794,11
12.9875802994,80.2560424805,75794,75804,10
12.987660408,80.255821228,75804,75814,10
12.9878902435,80.2558288574,75814,75824,10
12.9880895615,80.2558822632,75824,75834,10
12.9884195328,80.2559204102,75834,75854,20
12.9884195328,80.2559204102,75854,75864,10
12.9886398315,80.2559814453,75864,75875,11
12.9890899658,80.2560272217,75875,75885,10
12.9896202087,80.2560806274,75885,75895,10
12.9901504517,80.2561035156,75895,75905,10
12.990480423,80.2560806274,75905,75915,10
12.990650177,80.2561035156,75915,75925,10
12.9908399582,80.2561187744,75925,75935,10
12.9914398193,80.2561416626,75935,75945,10
12.9922599792,80.2561569214,75945,75955,10
12.9931097031,80.2561187744,75955,75966,11
12.9939002991,80.2560501099,75966,75976,10
12.9945497513,80.2560119629,75976,75986,10
12.995300293,80.2559585571,75986,75996,10
12.9963998795,80.2559585571,75996,76026,30
12.9963998795,80.2559585571,76026,76036,10
12.9965600967,80.2559585571,76036,76046,10
12.9968595505,80.2559661865,76046,76057,11
12.9972496033,80.2559814453,76057,76067,10
12.9978103638,80.2560119629,76067,76077,10
12.9982995987,80.256072998,76077,76087,10
12.9983997345,80.256072998,76087,76097,10
12.9988899231,80.2561416626,76097,76137,40
12.9988899231,80.2561416626,76137,76148,11
12.999329567,80.2562179565,76148,76158,10
12.9997396469,80.2563171387,76158,76168,10
13.0002002716,80.256401062,76168,76178,10
13.0007801056,80.2565078735,76178,76188,10
13.0012397766,80.2565765381,76188,76198,10
13.001540184,80.2566375732,76198,76208,10
13.0019903183,80.2566986084,76208,76218,10
13.0024595261,80.2567901611,76218,76228,10
13.0029401779,80.2568817139,76228,76239,11
13.0035400391,80.2569885254,76239,76249,10
13.0040798187,80.2570877075,76249,76259,10
13.0046396255,80.2571792603,76259,76269,10
13.0053300858,80.2573318481,76269,76279,10
13.0060501099,80.2574691772,76279,76289,10
13.0067195892,80.2576904297,76289,76299,10
13.0070800781,80.2583084106,76299,76309,10
13.0075397491,80.2586975098,76309,76320,11
13.0079402924,80.2588729858,76320,76330,10
13.0084600449,80.2590408325,76330,76340,10
13.0085201263,80.2590637207,76340,76350,10
13.008600235,80.2590866089,76350,76360,10
13.0089902878,80.2591400146,76360,76370,10
13.0097999573,80.2591400146,76370,76380,10
13.0108003616,80.2591400146,76380,76390,10
13.0119400024,80.2591400146,76390,76400,10
13.0131597519,80.2591934204,76400,76411,11
13.0144395828,80.2592391968,76411,76421,10
13.0154800415,80.2593383789,76421,76431,10
13.0163803101,80.2597579956,76431,76451,20
13.0163803101,80.2597579956,76451,76461,10
13.0166597366,80.2599868774,76461,76471,10
13.0172300339,80.2603683472,76471,76481,10
13.0179100037,80.2608413696,76481,76491,10
13.0186195374,80.2613372803,76491,76502,11
13.0193195343,80.2619400024,76502,76512,10
13.0198097229,80.2624206543,76512,76522,10
13.0203199387,80.2629013062,76522,76532,10
13.0200300217,80.2630615234,76532,76542,10
13.0193195343,80.2630004883,76542,76552,10
13.0189695358,80.2631225586,76552,76562,10
13.0190496445,80.263671875,76562,76572,10
13.018989563,80.2645263672,76572,76582,10
13.0187702179,80.2652511597,76582,76593,11
13.0186300278,80.2657394409,76593,76603,10
13.0185899734,80.266456604,76603,76613,10
13.0187501907,80.2671966553,76613,76623,10
13.019200325,80.2677993774,76623,76633,10
13.0197200775,80.268447876,76633,76643,10
13.0202999115,80.2691421509,76643,76653,10
13.0208101273,80.2697601318,76653,76663,10
13.0213298798,80.2704086304,76663,76673,10
13.0218801498,80.2711105347,76673,76684,11
13.0225095749,80.2719421387,76684,76694,10
13.0231304169,80.2727813721,76694,76704,10
13.0236997604,80.2735671997,76704,76765,61
13.0236997604,80.2735671997,76765,76775,10
13.0237798691,80.2736816406,76775,76785,10
13.0239896774,80.27394104,76785,76795,10
13.0242795944,80.2743225098,76795,76805,10
13.0247402191,80.2747116089,76805,76815,10
13.0252399445,80.2749099731,76815,76825,10
13.0253295898,80.2749328613,76825,76835,10
13.0254402161,80.2750091553,76835,76845,10
13.0257701874,80.275177002,76845,76856,11
13.026260376,80.2754135132,76856,76866,10
13.026720047,80.2756118774,76866,76876,10
13.0272798538,80.2758789063,76876,76886,10
13.027879715,80.2761077881,76886,76896,10
13.0284004211,80.2763137817,76896,76906,10
13.0287904739,80.2764587402,76906,76916,10
13.0293703079,80.2766571045,76916,76926,10
13.029709816,80.2767333984,76926,76936,10
13.0302600861,80.2769317627,76936,76947,11
13.0310001373,80.27734375,76947,76957,10
13.0317697525,80.2775726318,76957,76967,10
13.0326004028,80.2775115967,76967,77007,40
13.0326004028,80.2775115967,77007,77017,10
13.0330295563,80.2774963379,77017,77027,10
13.0335597992,80.2773895264,77027,77038,11
13.0341501236,80.2775192261,77038,77048,10
13.0346698761,80.2776412964,77048,77058,10
13.0352802277,80.2777404785,77058,77068,10
13.0357198715,80.2778396606,77068,77078,10
13.0362901688,80.2779464722,77078,77088,10
13.0368795395,80.2781677246,77088,77098,10
13.0373697281,80.2783432007,77098,77108,10
13.0380001068,80.278503418,77108,77118,10
13.038769722,80.2787017822,77118,77129,11
13.0388298035,80.2787094116,77129,77139,10
13.0390701294,80.2788009644,77139,77149,10
13.0395002365,80.2789535522,77149,77159,10
13.0402402878,80.2791519165,77159,77169,10
13.0410203934,80.2793426514,77169,77179,10
13.04185009,80.2794799805,77179,77189,10
13.042599678,80.2796020508,77189,77199,10
13.0428199768,80.2796325684,77199,77210,11
13.0430603027,80.2796707153,77210,77220,10
13.0434598923,80.2797622681,77220,77230,10
13.0438699722,80.2798995972,77230,77240,10
13.0441503525,80.2799530029,77240,77250,10
13.0442199707,80.2799606323,77250,77260,10
13.0445804596,80.2800216675,77260,77270,10
13.045249939,80.2801132202,77270,77280,10
13.045920372,80.2801971436,77280,77290,10
13.0468196869,80.2803268433,77290,77301,11
13.0479001999,80.2804794312,77301,77311,10
13.0488996506,80.2806167603,77311,77321,10
13.0498695374,80.2807617188,77321,77331,10
13.0504903793,80.2808532715,77331,77341,10
13.0505895615,80.2808609009,77341,77351,10
13.050620079,80.2808685303,77351,77361,10
13.0510101318,80.280921936,77361,77371,10
13.051779747,80.2810516357,77371,77381,10
13.0527601242,80.2811965942,77381,77392,11
13.053730011,80.2813491821,77392,77405,13
13.0546998978,80.2815322876,77405,77415,10
13.0559396744,80.2817687988,77415,77425,10
13.0564098358,80.2818374634,77425,77435,10
13.0564804077,80.2818603516,77435,77445,10
13.0569295883,80.2819519043,77445,77455,10
13.0576696396,80.2821121216,77455,77465,10
13.0585899353,80.2823028564,77465,77476,11
13.0597496033,80.2825393677,77476,77486,10
13.0607795715,80.2827529907,77486,77496,10
13.0617198944,80.2829437256,77496,77506,10
13.0626296997,80.2831726074,77506,77516,10
13.0632095337,80.2832794189,77516,77526,10
13.0633802414,80.2833328247,77526,77536,10
13.0635299683,80.2833709717,77536,77546,10
13.0638904572,80.2834472656,77546,77556,10
13.0644702911,80.2835769653,77556,77567,11
13.0653295517,80.2837600708,77567,77577,10
13.066280365,80.2839736938,77577,77587,10
13.0671396255,80.2841720581,77587,77597,10
13.0680103302,80.2843322754,77597,77607,10
13.0689697266,80.2845535278,77607,77617,10
13.0699901581,80.2848129272,77617,77627,10
13.0711202621,80.2850875854,77627,77637,10
13.0721797943,80.2853393555,77637,77647,10
13.0730104446,80.2852783203,77647,77658,11
13.0733995438,80.2852478027,77658,77668,10
13.0735397339,80.2852706909,77668,77678,10
13.0737800598,80.2854003906,77678,77688,10
13.0739097595,80.2855377197,77688,77698,10
13.0740003586,80.2856826782,77698,77708,10
13.0740404129,80.2857589722,77708,77718,10
13.074379921,80.2861328125,77718,77728,10
13.0750303268,80.2865829468,77728,77738,10
13.0757198334,80.2869567871,77738,77749,11
13.0767602921,80.2872695923,77749,77759,10
13.0778999329,80.2875595093,77759,77769,10
13.079000473,80.2878875732,77769,77779,10
13.0798997879,80.2881469727,77779,77789,10
13.0806598663,80.2882995605,77789,77799,10
13.0814695358,80.2885971069,77799,77809,10
13.0822896957,80.2888793945,77809,77819,10
13.0831403732,80.2892303467,77819,77830,11
13.0840997696,80.2892227173,77830,77840,10
13.0850696564,80.2891998291,77840,77850,10
13.0859899521,80.2893829346,77850,77860,10
13.0868997574,80.289642334,77860,77870,10
13.0876502991,80.2899169922,77870,77880,10
13.0886497498,80.2901535034,77880,77900,20
13.0886497498,80.2901535034,77900,77910,10
13.0888004303,80.2903594971,77910,77921,11
13.0883798599,80.2903213501,77921,77931,10
13.0877599716,80.2900085449,77931,77941,10
13.0870304108,80.2897720337,77941,77951,10
13.0863304138,80.2895812988,77951,77961,10
13.0857601166,80.2894363403,77961,77971,10
13.0854301453,80.2889175415,77971,77981,10
13.0851297379,80.2881011963,77981,77991,10
13.085149765,80.2870330811,77991,78001,10
13.0852298737,80.2859420776,78001,78012,11
13.0852403641,80.2843017578,78012,78042,30
13.0852403641,80.2843017578,78042,78052,10
13.0851898193,80.2841796875,78052,78062,10
13.0852899551,80.2840118408,78062,78072,10
13.0853395462,80.2839202881,78072,78082,10
13.0853996277,80.2837600708,78082,78092,10
13.0854797363,80.2835998535,78092,78103,11
13.0857200623,80.2835617065,78103,78113,10
13.0860395432,80.2835464478,78113,78123,10
13.0862998962,80.2836303711,78123,78133,10
13.0865898132,80.2837905884,78133,78163,30
13.0865898132,80.2837905884,78163,78173,10
13.0868997574,80.2837677002,78173,78184,11
13.0870704651,80.2837524414,78184,78194,10
13.0873603821,80.2837524414,78194,78204,10
13.0875597,80.2837371826,78204,78214,10
13.0878200531,80.283782959,78214,78568,354
13.0878200531,80.283782959,78568,78578,10
13.0881795883,80.283706665,78578,78588,10
13.0882997513,80.2835388184,78588,78598,10
13.0882997513,80.2831115723,78598,78608,10
13.0883197784,80.2826385498,78608,78618,10
13.0882501602,80.282119751,78618,78629,11
13.0880498886,80.2815628052,78629,78639,10
13.0884103775,80.2815093994,78639,78649,10
13.08852005,80.2818374634,78649,78659,10
13.0884199142,80.282333374,78659,78669,10
13.0883302689,80.2827377319,78669,78679,10
13.0882902145,80.2831192017,78679,78689,10
13.0882997513,80.2835617065,78689,78699,10
13.0883197784,80.2837371826,78699,78709,10
13.0883398056,80.2841796875,78709,78720,11
13.0883703232,80.2847824097,78720,78730,10
13.0883903503,80.2850875854,78730,78740,10
13.0884199142,80.2855911255,78740,78748,8
13.0884599686,80.285987854,78748,78760,12
13.0884799957,80.2864303589,78760,78770,10
13.0884895325,80.2867202759,78770,78780,10
13.08852005,80.2871932983,78780,78790,10
13.0885295868,80.2873001099,78790,78801,11
13.088549614,80.2875289917,78801,78811,10
13.0885896683,80.287902832,78811,78821,10
13.0886497498,80.2884292603,78821,78831,10
13.0886697769,80.2886734009,78831,78841,10
13.0887098312,80.2890777588,78841,78851,10
13.0887298584,80.2893600464,78851,78861,10
13.0887203217,80.2897567749,78861,78871,10
13.0887002945,80.2902832031,78871,78912,41
13.0887002945,80.2902832031,78912,78922,10
13.0886802673,80.2904815674,78922,78932,10
13.0883703232,80.2903518677,78932,78942,10
13.0876998901,80.2899703979,78942,78952,10
13.086979866,80.2896575928,78952,78962,10
13.0859603882,80.2893829346,78962,78972,10
13.0848197937,80.2891693115,78972,78983,11
13.0835103989,80.2892227173,78983,78993,10
13.0824899673,80.2889862061,78993,79003,10
13.0816898346,80.2886962891,79003,79013,10
13.0808801651,80.2884521484,79013,79023,10
13.0800895691,80.2882080078,79023,79033,10
13.0791501999,80.2879562378,79033,79043,10
13.0780000687,80.2875595093,79043,79053,10
13.0767002106,80.2872390747,79053,79063,10
13.0755500793,80.2869033813,79063,79074,11
13.0747098923,80.2864227295,79074,79084,10
13.073800087,80.2860794067,79084,79094,10
13.0728197098,80.2856826782,79094,79104,10
13.0716495514,80.2852478027,79104,79114,10
13.0703001022,80.2849121094,79114,79124,10
13.0690498352,80.2846221924,79124,79134,10
13.0678701401,80.2843780518,79134,79144,10
13.0665903091,80.2841262817,79144,79154,10
13.0652799606,80.283821106,79154,79165,11
13.0640897751,80.283531189,79165,79175,10
13.0631399155,80.2832794189,79175,79185,10
13.0625,80.2831420898,79185,79195,10
13.0624399185,80.2831420898,79195,79205,10
13.0620603561,80.2830505371,79205,79215,10
13.0615797043,80.2829208374,79215,79225,10
13.0608701706,80.2827606201,79225,79235,10
13.0599298477,80.2825622559,79235,79246,11
13.0588102341,80.2823410034,79246,79256,10
13.057800293,80.2821273804,79256,79266,10
13.0570602417,80.2819976807,79266,79276,10
13.0567302704,80.2819290161,79276,79286,10
13.0566701889,80.2819213867,79286,79296,10
13.0562400818,80.281829834,79296,79306,10
13.0555400848,80.2816925049,79306,79316,10
13.054690361,80.2815093994,79316,79326,10
13.0537796021,80.2813262939,79326,79337,11
13.0524997711,80.2811279297,79337,79347,10
13.0514602661,80.2809829712,79347,79357,10
13.0505695343,80.2808380127,79357,79367,10
13.0495700836,80.2806930542,79367,79377,10
13.0484304428,80.2805175781,79377,79387,10
13.0472002029,80.2803421021,79387,79397,10
13.046210289,80.2802200317,79397,79407,10
13.0451803207,80.2800827026,79407,79417,10
13.0437297821,80.279876709,79417,79438,21
13.0437297821,80.279876709,79438,79448,10
13.0436401367,80.2798614502,79448,79458,10
13.0432796478,80.2797775269,79458,79468,10
13.0427503586,80.2796401978,79468,79478,10
13.0419797897,80.2795028687,79478,79488,10
13.0411396027,80.2793579102,79488,79498,10
13.0402698517,80.2791671753,79498,79508,10
13.0395202637,80.2789764404,79508,79519,11
13.0390996933,80.2788619995,79519,79529,10
13.0390100479,80.2788391113,79529,79539,10
13.0388002396,80.2787704468,79539,79549,10
13.038359642,80.2785873413,79549,79559,10
13.0376501083,80.2783813477,79559,79569,10
13.0369997025,80.2781906128,79569,79579,10
13.0362701416,80.2779006958,79579,79589,10
13.0353899002,80.2777175903,79589,79599,10
13.0344200134,80.2775192261,79599,79610,11
13.0337495804,80.2773513794,79610,79620,10
13.0333204269,80.2774200439,79620,79630,10
13.0326700211,80.2774810791,79630,79640,10
13.0318002701,80.2775878906,79640,79650,10
13.0311002731,80.2773971558,79650,79660,10
13.0308103561,80.2772369385,79660,79670,10
13.0304803848,80.2770385742,79670,79680,10
13.0299196243,80.2767486572,79680,79691,11
13.029299736,80.2765274048,79691,79701,10
13.0286197662,80.2763366699,79701,79711,10
13.0279302597,80.276008606,79711,79721,10
13.0271902084,80.2757263184,79721,79731,10
13.0264596939,80.2753829956,79731,79741,10
13.0259304047,80.2751693726,79741,79751,10
13.0259199142,80.2751617432,79751,79761,10
13.025560379,80.2750320435,79761,79771,10
13.0249795914,80.274772644,79771,79782,11
13.0241003036,80.2739868164,79782,79822,40
13.0241003036,80.2739868164,79822,79832,10
13.0240402222,80.2739181519,79832,79842,10
13.0237598419,80.2735366821,79842,79852,10
13.0233297348,80.2729797363,79852,79862,10
13.0227899551,80.2722473145,79862,79873,11
13.0221595764,80.2714614868,79873,79883,10
13.0215797424,80.2706985474,79883,79893,10
13.021030426,80.270072937,79893,79903,10
13.0208902359,80.2699203491,79903,79913,10
13.0207796097,80.2698135376,79913,79923,10
13.0204401016,80.2693481445,79923,79933,10
13.0198802948,80.268661499,79933,79943,10
13.0192403793,80.2678375244,79943,79953,10
13.0187397003,80.2670822144,79953,79964,11
13.0186195374,80.2661590576,79964,79974,10
13.0186796188,80.2656326294,79974,79984,10
13.0188598633,80.2649383545,79984,79994,10
13.0190296173,80.2640991211,79994,80004,10
13.0189695358,80.2635498047,80004,80014,10
13.0189304352,80.2630996704,80014,80024,10
13.0188598633,80.262298584,80024,80034,10
13.0186901093,80.261390686,80034,80045,11
13.0180597305,80.2608795166,80045,80055,10
13.017370224,80.2603988647,80055,80065,10
13.0165395737,80.2598800659,80065,80075,10
13.0160303116,80.2596282959,80075,80085,10
13.0159702301,80.2596206665,80085,80095,10
13.0155801773,80.2594680786,80095,80105,10
13.014960289,80.2593383789,80105,80115,10
13.0141496658,80.2593002319,80115,80125,10
13.0132598877,80.2592697144,80125,80136,11
13.012169838,80.2592163086,80136,80146,10
13.0111198425,80.2591705322,80146,80156,10
13.0101203918,80.2592010498,80156,80166,10
13.0091695786,80.2591934204,80166,80176,10
13.0087795258,80.2591934204,80176,80186,10
13.0083904266,80.2591629028,80186,80196,10
13.0078001022,80.2592773438,80196,80206,10
13.007349968,80.2590866089,80206,80216,10
13.0071802139,80.2586975098,80216,80227,11
13.0071201324,80.2585372925,80227,80237,10
13.006939888,80.2581787109,80237,80247,10
13.0066204071,80.2576904297,80247,80257,10
13.0058603287,80.2573394775,80257,80267,10
13.0050897598,80.2571792603,80267,80277,10
13.0043497086,80.2570266724,80277,80287,10
13.003490448,80.2568511963,80287,80297,10
13.0026702881,80.2567062378,80297,80307,10
13.0018997192,80.2565689087,80307,80318,11
13.0010204315,80.256477356,80318,80328,10
13.0001497269,80.2562866211,80328,80338,10
12.9994001389,80.256149292,80338,80348,10
12.9986000061,80.2560195923,80348,80388,40
12.9986000061,80.2560195923,80388,80398,10
12.9982595444,80.2559432983,80398,80409,11
12.9977998734,80.255859375,80409,80419,10
12.9972696304,80.255859375,80419,80429,10
12.9968700409,80.2558670044,80429,80439,10
12.9963598251,80.255859375,80439,80449,10
12.9956798553,80.2558898926,80449,80459,10
12.9949302673,80.255897522,80459,80469,10
12.9942102432,80.2559585571,80469,80479,10
12.9934396744,80.2560272217,80479,80490,11
12.9924402237,80.2560806274,80490,80500,10
12.9915704727,80.2560806274,80500,80510,10
12.9908103943,80.2560195923,80510,80520,10
12.9901599884,80.2559967041,80520,80530,10
12.989279747,80.2559967041,80530,80540,10
12.988530159,80.2559432983,80540,80581,41
12.988530159,80.2559432983,80581,80591,10
12.9882898331,80.2558670044,80591,80601,10
12.9879102707,80.255821228,80601,80661,60
12.9879102707,80.255821228,80661,80672,11
12.9877195358,80.2557907104,80672,80682,10
12.9875297546,80.2561035156,80682,80692,10
12.9874801636,80.2568283081,80692,80702,10
12.9874296188,80.2576980591,80702,80712,10
12.9873600006,80.2585830688,80712,80722,10
12.9872598648,80.2595062256,80722,80732,10
12.9869203568,80.2599105835,80732,80742,10
12.9864997864,80.2598571777,80742,80752,10
12.9862804413,80.259803772,80752,80763,11
12.9858398438,80.2597122192,80763,80773,10
12.9851198196,80.2596435547,80773,80793,20
12.9851198196,80.2596435547,80793,80803,10
12.9848604202,80.2595596313,80803,80813,10
12.9843301773,80.2595062256,80813,80823,10
12.983590126,80.2594528198,80823,80833,10
12.9829101563,80.2593917847,80833,80844,11
12.9820899963,80.2593383789,80844,80854,10
12.9810600281,80.2593078613,80854,80864,10
12.9801502228,80.2592315674,80864,80874,10
12.9792404175,80.2591018677,80874,80884,10
12.9783802032,80.2590789795,80884,80894,10
12.9778900146,80.2591094971,80894,80904,10
12.977519989,80.2591323853,80904,80914,10
12.9764604568,80.2590713501,80914,80935,21
12.9764604568,80.2590713501,80935,80945,10
12.9762001038,80.258972168,80945,80955,10
12.9756202698,80.2588272095,80955,80965,10
12.9747800827,80.2585601807,80965,80975,10
12.9738397598,80.2583236694,80975,80985,10
12.9728803635,80.2581176758,80985,80995,10
12.9718799591,80.2580566406,80995,81005,10
12.9709396362,80.2580718994,81005,81015,10
12.9695501328,80.2576904297,81015,81036,21
12.9695501328,80.2576904297,81036,81046,10
12.9691896439,80.2575683594,81046,81056,10
12.9685697556,80.2574005127,81056,81066,10
12.9677801132,80.2571792603,81066,81076,10
12.9668397903,80.2569732666,81076,81086,10
12.9658603668,80.2567901611,81086,81096,10
12.9647703171,80.2565994263,81096,81106,10
12.9637804031,80.2564926147,81106,81117,11
12.9629001617,80.256401062,81117,81127,10
12.9619998932,80.2562789917,81127,81137,10
12.9608802795,80.2560806274,81137,81157,20
12.9608802795,80.2560806274,81157,81167,10
12.9604101181,80.2559814453,81167,81177,10
12.9596595764,80.2557907104,81177,81187,10
12.9587602615,80.2555999756,81187,81198,11
12.9577302933,80.2554016113,81198,81208,10
12.9566202164,80.2552337646,81208,81218,10
12.9554195404,80.2552032471,81218,81228,10
12.9544401169,80.2551727295,81228,81238,10
12.9535503387,80.2551422119,81238,81248,10
12.9524803162,80.2550964355,81248,81258,10
12.9513397217,80.2550506592,81258,81268,10
12.9505195618,80.2550201416,81268,81278,10
12.950460434,80.2549972534,81278,81289,11
12.9501495361,80.2549209595,81289,81299,10
12.9496898651,80.2547912598,81299,81309,10
12.9490003586,80.2546386719,81309,81319,10
12.9481201172,80.2543716431,81319,81329,10
12.9470996857,80.2540588379,81329,81339,10
12.9460296631,80.2538299561,81339,81349,10
12.9448795319,80.2537307739,81349,81359,10
12.9437198639,80.2535476685,81359,81369,10
12.9427404404,80.2533569336,81369,81380,11
12.941450119,80.2531585693,81380,81390,10
12.9402303696,80.2528991699,81390,81402,12
12.9390802383,80.2527999878,81402,81412,10
12.9385995865,80.2527770996,81412,81646,234
12.918680191,80.2508163452,81646,81657,11
12.9185199738,80.2507781982,81657,81667,10
12.9179201126,80.2506790161,81667,81677,10
12.9171695709,80.250579834,81677,81687,10
12.9161701202,80.2504882813,81687,81697,10
12.9149703979,80.2504119873,81697,81706,9
12.9136400223,80.2502822876,81706,81717,11
12.9123802185,80.2501983643,81717,81727,10
12.9105997086,80.2500762939,81727,81738,11
12.909119606,80.2499389648,81738,81748,10
12.9076700211,80.2497024536,81748,81758,10
12.9062004089,80.2493591309,81758,81768,10
12.9046602249,80.2490463257,81768,81778,10
12.9030103683,80.2488632202,81778,81788,10
12.9013595581,80.2486495972,81788,81798,10
12.8998203278,80.2481307983,81798,81808,10
12.8983201981,80.2475814819,81808,81819,11
12.8974599838,80.2473907471,81819,81829,10
12.8972101212,80.2473297119,81829,81839,10
12.8966197968,80.2472000122,81839,81849,10
12.8956804276,80.2470092773,81849,81859,10
12.8945999146,80.2467575073,81859,81869,10
12.8933601379,80.2464065552,81869,81879,10
12.8921804428,80.2460632324,81879,81889,10
12.8908901215,80.2457504272,81889,81899,10
12.8895702362,80.2454376221,81899,81910,11
12.888420105,80.2453384399,81910,81920,10
12.8877601624,80.2454833984,81920,81930,10
12.8873901367,80.2455673218,81930,81940,10
12.8869600296,80.2456665039,81940,81950,10
12.8864402771,80.2457809448,81950,81960,10
12.886179924,80.2457427979,81960,81970,10
12.8855800629,80.2456283569,81970,81980,10
12.884759903,80.2454605103,81980,81990,10
12.883649826,80.245262146,81990,82001,11
12.8823003769,80.245010376,82001,82011,10
12.8809204102,80.2447509766,82011,82021,10
12.8797502518,80.2444763184,82021,82031,10
12.8786201477,80.2440185547,82031,82041,10
12.8774795532,80.2437515259,82041,82051,10
12.8772201538,80.2437133789,82051,82061,10
12.8767299652,80.2436218262,82061,82071,10
12.8758201599,80.2434692383,82071,82081,10
12.8746995926,80.2433319092,82081,82092,11
12.8732700348,80.2431793213,82092,82102,10
12.8718595505,80.2431793213,82102,82112,10
12.870349884,80.2433013916,82112,82122,10
12.8691396713,80.2435302734,82122,82132,10
12.8683204651,80.2434616089,82132,82142,10
12.8674602509,80.2431793213,82142,82152,10
12.8663702011,80.242767334,82152,82162,10
12.8650798798,80.2424316406,82162,82172,10
12.8638296127,80.2422332764,82172,82183,11
12.8626403809,80.2421035767,82183,82193,10
12.8617801666,80.2419967651,82193,82203,10
12.8613195419,80.2419662476,82203,82213,10
12.8607597351,80.2419281006,82213,82223,10
12.8602104187,80.241897583,82223,82233,10
12.85958004,80.2418670654,82233,82243,10
12.8593101501,80.2418365479,82243,82253,10
12.8586397171,80.2418212891,82253,82264,11
12.8576202393,80.2417602539,82264,82274,10
12.8565196991,80.2416610718,82274,82284,10
12.8552598953,80.241569519,82284,82294,10
12.8539400101,80.2415008545,82294,82304,10
12.8528699875,80.2414016724,82304,82314,10
12.8520402908,80.2413024902,82314,82324,10
12.8510799408,80.2411804199,82324,82334,10
12.8503904343,80.2411193848,82334,82344,10
12.8502998352,80.2411117554,82344,82355,11
12.8500404358,80.2410583496,82355,82365,10
12.8495597839,80.2409973145,82365,82375,10
12.8487501144,80.2409210205,82375,82385,10
12.8477802277,80.2408218384,82385,82395,10
12.8465795517,80.2407302856,82395,82405,10
12.8452501297,80.2406997681,82405,82415,10
12.8441696167,80.2406616211,82415,82425,10
12.8426198959,80.2406082153,82425,82435,10
12.8417100906,80.2405929565,82435,82446,11
12.8414096832,80.2405471802,82446,82456,10
12.8407297134,80.2405014038,82456,82466,10
12.8397302628,80.2404174805,82466,82476,10
12.8387298584,80.2403793335,82476,82486,10
12.8375501633,80.2403411865,82486,82496,10
12.8362798691,80.2403411865,82496,82506,10
12.8348999023,80.2403793335,82506,82516,10
12.8334903717,80.240447998,82516,82526,10
12.8322401047,80.240447998,82526,82537,11
12.8313903809,80.2404174805,82537,82547,10
12.8312101364,80.2403869629,82547,82557,10
12.8307304382,80.2403488159,82557,82567,10
12.829870224,80.2403030396,82567,82577,10
12.8288602829,80.240272522,82577,82587,10
12.8278598785,80.2402420044,82587,82597,10
12.8267297745,80.2402191162,82597,82607,10
12.8256998062,80.240196228,82607,82618,11
12.8244800568,80.2401428223,82618,82628,10
12.8231697083,80.2400817871,82628,82638,10
12.8219099045,80.2400665283,82638,82648,10
12.820599556,80.2401809692,82648,82658,10
12.8193101883,80.2403182983,82658,82668,10
12.8183603287,80.2404403687,82668,82678,10
12.8182201385,80.2404632568,82678,82688,10
12.8177995682,80.2405090332,82688,82698,10
12.8170604706,80.2406387329,82698,82709,11
12.8160400391,80.2409973145,82709,82719,10
12.8150100708,80.2414321899,82719,82729,10
12.8140802383,80.2418212891,82729,82739,10
12.8129997253,80.2422790527,82739,82749,10
12.8117799759,80.2427902222,82749,82759,10
12.8104200363,80.2433166504,82759,82769,10
12.8089895248,80.2434463501,82769,82779,10
12.8077096939,80.2432479858,82779,82789,10
12.8063297272,80.2429885864,82789,82800,11
12.8047704697,80.24269104,82800,82810,10
12.803560257,80.2424621582,82810,82820,10
12.8022499084,80.2422103882,82820,82830,10
12.8008203506,80.2419509888,82830,82840,10
12.7993803024,80.2416915894,82840,82850,10
12.7981996536,80.2414779663,82850,82860,10
12.7970104218,80.2412490845,82860,82870,10
12.7956600189,80.2410736084,82870,82880,10
12.7946796417,80.2412719727,82880,82891,11
12.7934503555,80.241607666,82891,82901,10
12.7922401428,80.2419433594,82901,82911,10
12.791009903,80.2422790527,82911,82921,10
12.7896900177,80.2426605225,82921,82931,10
12.7886199951,80.2431182861,82931,82941,10
12.7876195908,80.243598938,82941,82951,10
12.7866296768,80.2440719604,82951,82961,10
12.7855997086,80.2445602417,82961,82971,10
12.7847900391,80.2449569702,82971,82982,11
12.7840995789,80.2452926636,82982,82992,10
12.7833404541,80.2456817627,82992,83002,10
12.7824296951,80.2461395264,83002,83012,10
12.7813596725,80.2466964722,83012,83022,10
12.7802400589,80.2473220825,83022,83032,10
12.7791595459,80.2479171753,83032,83042,10
12.7785301208,80.2484130859,83042,83052,10
12.7789697647,80.2485809326,83052,83063,11
12.7798404694,80.2487182617,83063,83073,10
12.780790329,80.2489013672,83073,83083,10
12.7817897797,80.2492218018,83083,83093,10
12.7827701569,80.2495422363,83093,83103,10
12.7835102081,80.2496795654,83103,83113,10
12.7839803696,80.2497406006,83113,83123,10
12.7844400406,80.2498092651,83123,83133,10
12.7852897644,80.2499237061,83133,83143,10
12.7861604691,80.2500076294,83143,83154,11
12.7866001129,80.2500534058,83154,83204,50
12.7866001129,80.2500534058,83204,83214,10
12.7867298126,80.249710083,83214,83224,10
12.7867803574,80.2488479614,83224,83234,10
12.7869300842,80.2476501465,83234,83245,11
12.7872200012,80.2463912964,83245,83255,10
12.7866001129,80.2459411621,83255,83265,10
12.7857198715,80.245552063,83265,83275,10
12.7847795486,80.245010376,83275,83295,20
12.7847795486,80.245010376,83295,83305,10
12.7849597931,80.2448272705,83305,83315,10
12.7856302261,80.2445297241,83315,83325,10
12.7864904404,80.2441101074,83325,83336,11
12.7875204086,80.2436294556,83336,83346,10
12.7886600494,80.2431030273,83346,83356,10
12.7897901535,80.2426071167,83356,83366,10
12.7910699844,80.2422485352,83366,83376,10
12.7923803329,80.241897583,83376,83386,10
12.7937803268,80.2415237427,83386,83396,10
12.7952404022,80.2411193848,83396,83406,10
12.7965602875,80.2411422729,83406,83417,11
12.7980298996,80.2414398193,83417,83427,10
12.799539566,80.2417373657,83427,83437,10
12.8011703491,80.2420120239,83437,83447,10
12.8026800156,80.2423019409,83447,83457,10
12.8039798737,80.2425384521,83457,83467,10
12.8053798676,80.2427978516,83467,83477,10
12.8069095612,80.2430801392,83477,83487,10
12.8084602356,80.2433624268,83487,83497,10
12.8099098206,80.2434234619,83497,83508,11
12.8114595413,80.2429428101,83508,83518,10
12.8128204346,80.2423706055,83518,83528,10
12.8142595291,80.2417602539,83528,83538,10
12.8155698776,80.2412033081,83538,83548,10
12.8167695999,80.2407073975,83548,83558,10
12.817779541,80.2405166626,83558,83568,10
12.8186597824,80.2404174805,83568,83578,10
12.8195104599,80.2403182983,83578,83588,10
12.8204898834,80.2402496338,83588,83599,11
12.821849823,80.2401123047,83599,83609,10
12.8232803345,80.2401123047,83609,83619,10
12.8247900009,80.2401733398,83619,83629,10
12.8261699677,80.2402191162,83629,83639,10
12.8274002075,80.2402572632,83639,83649,10
12.828789711,80.2402877808,83649,83659,10
12.8301897049,80.2403335571,83659,83669,10
12.8317403793,80.2404174805,83669,83679,10
12.8334102631,80.2404403687,83679,83690,11
12.8351402283,80.2404022217,83690,83700,10
12.8364200592,80.2403717041,83700,83710,10
12.8375597,80.2403869629,83710,83720,10
12.8387899399,80.2404403687,83720,83730,10
12.8400402069,80.2405014038,83730,83740,10
12.8414201736,80.240562439,83740,83750,10
12.8427400589,80.2406234741,83750,83760,10
12.8440999985,80.2406616211,83760,83771,11
12.8456802368,80.2407226563,83771,83781,10
12.8469495773,80.2407684326,83781,83791,10
12.848110199,80.2408599854,83791,83801,10
12.8491296768,80.2409591675,83801,83811,10
12.850060463,80.2410812378,83811,83821,10
12.850810051,80.2411575317,83821,83831,10
12.851149559,80.2411880493,83831,83841,10
12.8514404297,80.2412414551,83841,83851,10
12.8517799377,80.2412261963,83851,84347,496
12.8518400192,80.2412414551,84347,84742,395
12.8518400192,80.2412414551,84742,84752,10
12.8520002365,80.2413787842,84752,84772,20
12.8520002365,80.2413787842,84772,84782,10
12.8523197174,80.2414016724,84782,84792,10
12.8529901505,80.2414474487,84792,84802,10
12.8539600372,80.2415237427,84802,84812,10
12.855099678,80.2415771484,84812,84823,11
12.8564395905,80.2416687012,84823,84833,10
12.8577604294,80.2417831421,84833,84843,10
12.859120369,80.2418518066,84843,84853,10
12.8603897095,80.241897583,84853,84863,10
12.8614902496,80.2418823242,84863,84914,51
12.8614902496,80.2418823242,84914,84924,10
12.8615198135,80.2417678833,84924,84934,10
12.8619604111,80.2418518066,84934,84944,10
12.8627700806,80.2420196533,84944,84954,10
12.863820076,80.2421875,84954,84964,10
12.865070343,80.2424163818,84964,84974,10
12.8663597107,80.2427597046,84974,84984,10
12.8675098419,80.2431793213,84984,84995,11
12.8687400818,80.2435379028,84995,85005,10
12.8700399399,80.2433776855,85005,85015,10
12.8713998795,80.2432327271,85015,85025,10
12.8728399277,80.2431716919,85025,85035,10
12.8741903305,80.2432785034,85035,85045,10
12.8756103516,80.2433013916,85045,85055,10
12.8770704269,80.2435684204,85055,85065,10
12.8783397675,80.243850708,85065,85075,10
12.8796796799,80.2443771362,85075,85086,11
12.881070137,80.2447433472,85086,85096,10
12.8824596405,80.2450027466,85096,85106,10
12.883890152,80.245262146,85106,85116,10
12.8852596283,80.2455291748,85116,85126,10
12.8865003586,80.2457199097,85126,85136,10
12.8873500824,80.2455673218,85136,85146,10
12.8877801895,80.2454223633,85146,85156,10
12.8882904053,80.2453079224,85156,85166,10
12.8891296387,80.245300293,85166,85177,11
12.8900499344,80.2454986572,85177,85187,10
12.8909301758,80.2457275391,85187,85197,10
12.8918199539,80.2459411621,85197,85207,10
12.8927097321,80.2461929321,85207,85217,10
12.8935499191,80.2464599609,85217,85227,10
12.8943300247,80.2466888428,85227,85237,10
12.8951396942,80.2469024658,85237,85247,10
12.8959503174,80.2470703125,85247,85258,11
12.8967895508,80.2472305298,85258,85268,10
12.8971004486,80.2472686768,85268,85278,10
12.8974599838,80.2473373413,85278,85288,10
12.8979196548,80.2473983765,85288,85298,10
12.8980503082,80.2474365234,85298,85308,10
12.8984899521,80.2475509644,85308,85318,10
12.8992595673,80.2478485107,85318,85328,10
12.9002599716,80.248260498,85328,85338,10
12.9014997482,80.248626709,85338,85349,11
12.9030399323,80.2488174438,85349,85359,10
12.9045600891,80.2490234375,85359,85369,10
12.9061098099,80.2493209839,85369,85379,10
12.9077396393,80.2496871948,85379,85389,10
12.9093704224,80.2499313354,85389,85399,10
12.9110603333,80.2500762939,85399,85409,10
12.9127702713,80.2501907349,85409,85419,10
12.9143400192,80.250289917,85419,85429,10
12.9158697128,80.2504425049,85429,85440,11
12.9176702499,80.2506027222,85440,85450,10
12.9190702438,80.2508621216,85450,85460,10
12.9198703766,80.2511367798,85460,85470,10
12.9205598831,80.2513580322,85470,85480,10
12.9215097427,80.251159668,85480,85490,10
12.922750473,80.2510223389,85490,85500,10
12.9241800308,80.251121521,85500,85510,10
12.9256095886,80.2511825562,85510,85520,10
12.9271802902,80.2513198853,85520,85531,11
12.928899765,80.2514877319,85531,85541,10
12.9303398132,80.2516708374,85541,85551,10
12.9319000244,80.2518615723,85551,85561,10
12.9334602356,80.2520370483,85561,85571,10
12.9350996017,80.252243042,85571,85581,10
12.9367198944,80.2524185181,85581,85591,10
12.9382095337,80.2526321411,85591,85601,10
12.9396400452,80.2528076172,85601,85612,11
12.9411802292,80.2530975342,85612,85622,10
12.9424695969,80.2533035278,85622,85632,10
12.9436397552,80.2535018921,85632,85642,10
12.9448204041,80.2537078857,85642,85653,11
12.9458999634,80.2538299561,85653,85683,30
12.9486398697,80.2545166016,85683,85693,10
12.9498100281,80.2548065186,85693,85704,11
12.9508495331,80.2549972534,85704,85715,11
12.9521503448,80.2550506592,85715,85725,10
12.9534702301,80.2550964355,85725,85735,10
12.9544801712,80.2551193237,85735,85745,10
12.955280304,80.2551498413,85745,85755,10
12.9562501907,80.2551727295,85755,85764,9
12.9572401047,80.2553024292,85764,85775,11
12.958029747,80.2554168701,85775,85785,10
12.9589595795,80.2556381226,85785,85796,11
12.9598703384,80.2558364868,85796,85806,10
12.9610004425,80.2561035156,85806,85816,10
12.9623498917,80.2563781738,85816,85826,10
12.9637002945,80.2565002441,85826,85836,10
12.9651002884,80.2566604614,85836,85846,10
12.9665699005,80.2569198608,85846,85856,10
12.9680404663,80.2572631836,85856,85866,10
12.9692802429,80.2575912476,85866,85877,11
12.9706602097,80.2580566406,85877,85887,10
12.9720602036,80.258102417,85887,85897,10
12.9734897614,80.2582702637,85897,85907,10
12.9747896194,80.2585830688,85907,85917,10
12.9757699966,80.2588806152,85917,85927,10
12.9768104553,80.2591171265,85927,85937,10
12.9780302048,80.2591323853,85937,85947,10
12.9792804718,80.2591323853,85947,85957,10
12.980389595,80.2593002319,85957,85968,11
12.9820098877,80.2593688965,85968,85978,10
12.9831695557,80.259437561,85978,85988,10
12.9839401245,80.2593688965,85988,85998,10
12.984000206,80.2587280273,85998,86008,10
12.9841003418,80.2580490112,86008,86018,10
12.9844398499,80.2577819824,86018,86028,10
12.9850196838,80.2575912476,86028,86038,10
12.9855003357,80.2572937012,86038,86048,10
12.9860401154,80.2572174072,86048,86059,11
12.9867296219,80.2576599121,86059,86069,10
12.9871797562,80.257850647,86069,86099,30
12.9871797562,80.257850647,86099,86109,10
12.9874000549,80.2580108643,86109,86119,10
12.9874601364,80.2574920654,86119,86129,10
12.9875602722,80.2565612793,86129,86139,10
12.9876003265,80.2558670044,86139,86150,11
12.9877300262,80.255859375,86150,86160,10
12.9876298904,80.2561569214,86160,86170,10
12.9875602722,80.2567901611,86170,86180,10
12.9874696732,80.2576904297,86180,86190,10
12.9873800278,80.2585372925,86190,86210,20
12.9873800278,80.2585372925,86210,86220,10
12.9872102737,80.2586288452,86220,86231,11
