13.0505504608,80.2071990967,13,629,616
13.0504903793,80.2071762085,629,689,60
13.0505199432,80.2072219849,689,7242,6553
13.0505895615,80.207069397,7242,8049,807
13.0506401062,80.2070770264,8049,8130,81
13.0506801605,80.2071762085,8130,8584,454
13.0506000519,80.2071533203,8584,16348,7764
13.050620079,80.2070770264,16348,16762,414
13.0506000519,80.2072372437,16762,18538,1776
13.0505800247,80.2071228027,18538,19073,535
13.0506000519,80.2071609497,19073,19547,474
13.0506601334,80.2071228027,19547,19840,293
13.0506601334,80.2071228027,19840,19850,10
13.0506601334,80.2068481445,19850,19860,10
13.0502901077,80.206817627,19860,19870,10
13.0498504639,80.2068405151,19870,19880,10
13.0495004654,80.2068405151,19880,19890,10
13.0493097305,80.2068710327,19890,19900,10
13.0491895676,80.2069396973,19900,19910,10
13.0491504669,80.2069473267,19910,19921,11
13.0491199493,80.207069397,19921,19931,10
13.0490903854,80.2072982788,19931,19941,10
13.0490999222,80.2076034546,19941,19951,10
13.0492601395,80.2080993652,19951,19961,10
13.0494003296,80.2087783813,19961,19971,10
13.0494804382,80.2094573975,19971,19981,10
13.0496101379,80.2102584839,19981,19991,10
13.0497198105,80.2110137939,19991,20001,10
13.0498600006,80.2117080688,20001,20011,10
13.0503196716,80.2119598389,20011,20021,10
13.0510597229,80.2119903564,20021,20032,11
13.0521402359,80.2119903564,20032,20042,10
13.0530195236,80.2117996216,20042,20052,10
13.0537595749,80.2116317749,20052,20062,10
13.0546598434,80.2114715576,20062,20072,10
13.0557603836,80.211479187,20072,20082,10
13.0569400787,80.2114486694,20082,20092,10
13.0581102371,80.2114181519,20092,20102,10
13.0592498779,80.2115020752,20102,20112,10
13.0603904724,80.2115783691,20112,20122,10
13.0614404678,80.2116394043,20122,20132,10
13.062330246,80.2116394043,20132,20143,11
13.0635595322,80.2115936279,20143,20153,10
13.0646696091,80.2113571167,20153,20163,10
13.0656099319,80.2107086182,20163,20173,10
13.0664796829,80.2099609375,20173,20183,10
13.0672101974,80.2090606689,20183,20193,10
13.0677995682,80.2080917358,20193,20203,10
13.0684299469,80.2071228027,20203,20212,9
13.0689296722,80.2063827515,20212,20223,11
13.0695495605,80.2054290771,20223,20233,10
13.0697202682,80.2049102783,20233,20243,10
13.0694599152,80.2048110962,20243,20254,11
13.0690498352,80.2049636841,20254,20264,10
13.0687599182,80.2052612305,20264,20274,10
13.0684499741,80.2052612305,20274,20284,10
13.0680999756,80.2052612305,20284,20536,252
13.0680999756,80.2052612305,20536,20546,10
13.0679597855,80.2050323486,20546,20667,121
13.0679597855,80.2050323486,20667,20677,10
13.0683002472,80.2049484253,20677,20688,11
13.0684404373,80.2049331665,20688,20698,10
13.0686903,80.2048187256,20698,20708,10
13.0690202713,80.204750061,20708,20718,10
13.0693702698,80.204750061,20718,20728,10
13.0697698593,80.2049102783,20728,20768,40
13.0697698593,80.2049102783,20768,20778,10
13.0698204041,80.2052230835,20778,20788,10
13.0695495605,80.2056503296,20788,20799,11
13.0691003799,80.2063674927,20799,20809,10
13.0685997009,80.2071609497,20809,20819,10
13.0680198669,80.2080688477,20819,20829,10
13.0674200058,80.2089767456,20829,20839,10
13.0667495728,80.2098922729,20839,20849,10
13.065870285,80.2106170654,20849,20859,10
13.0651903152,80.2111968994,20859,20869,10
13.0650196075,80.2113265991,20869,20879,10
13.0646095276,80.2115020752,20879,20889,10
13.0639400482,80.2116470337,20889,20900,11
13.0631198883,80.2117080688,20900,20910,10
13.0623598099,80.211730957,20910,20920,10
13.0611095428,80.2116775513,20920,20930,10
13.059920311,80.2116317749,20930,20940,10
13.0587501526,80.2115783691,20940,20950,10
13.0576601028,80.2115631104,20950,20960,10
13.0565395355,80.2115325928,20960,20970,10
13.0554199219,80.211517334,20970,20980,10
13.0543804169,80.2115783691,20980,20990,10
13.0532903671,80.2118377686,20990,21000,10
13.0524396896,80.2120819092,21000,21010,10
13.0517997742,80.2121963501,21010,21021,11
13.0511198044,80.2121963501,21021,21031,10
13.0504598618,80.2122268677,21031,21041,10
13.0499696732,80.2122116089,21041,21051,10
13.0496501923,80.2122116089,21051,21061,10
13.0496101379,80.2121963501,21061,21071,10
13.0493297577,80.2121963501,21071,21081,10
13.0487203598,80.2122116089,21081,21091,10
13.0478801727,80.212272644,21091,21101,10
13.0467996597,80.2123336792,21101,21111,10
13.0456800461,80.2123718262,21111,21121,10
13.0445604324,80.2124023438,21121,21132,11
13.0433197021,80.2123794556,21132,21142,10
13.0421695709,80.212387085,21142,21152,10
13.0410003662,80.2123794556,21152,21162,10
13.0398702621,80.2123565674,21162,21172,10
13.0387296677,80.2123413086,21172,21182,10
13.0376996994,80.212348938,21182,21192,10
13.037560463,80.212348938,21192,21202,10
13.0373697281,80.2123413086,21202,21212,10
13.0368003845,80.2123413086,21212,21222,10
13.0359601974,80.2123184204,21222,21233,11
13.0349502563,80.2122421265,21233,21243,10
13.0343599319,80.2121963501,21243,21253,10
13.0342102051,80.2121582031,21253,21263,10
13.0341997147,80.2121582031,21263,21273,10
13.0339403152,80.212097168,21273,21283,10
13.0333795547,80.2119903564,21283,21293,10
13.0325603485,80.2118682861,21293,21303,10
13.0319595337,80.2116775513,21303,21313,10
13.0319299698,80.2112121582,21313,21323,10
13.0320501328,80.2104263306,21323,21333,10
13.0320701599,80.2097091675,21333,21350,17
13.0309200287,80.2093276978,21350,21362,12
13.0299301147,80.2090377808,21362,21372,10
13.0295495987,80.2089385986,21372,21382,10
13.0293998718,80.2089233398,21382,21392,10
13.0288200378,80.2087783813,21392,21402,10
13.0280399323,80.2085189819,21402,21412,10
13.0272197723,80.2081069946,21412,21422,10
13.0264196396,80.2076416016,21422,21432,10
13.0254001617,80.2071380615,21432,21442,10
13.0243501663,80.2069320679,21442,21453,11
13.0231704712,80.2066421509,21453,21461,8
13.022310257,80.2064819336,21461,21474,13
13.0208997726,80.206413269,21474,21484,10
13.0197601318,80.2063827515,21484,21494,10
13.0189304352,80.2062835693,21494,21504,10
13.0188598633,80.2062988281,21504,21514,10
13.0184803009,80.206161499,21514,21524,10
13.0178003311,80.2059173584,21524,21534,10
13.0172100067,80.2056427002,21534,21544,10
13.0165195465,80.2053222656,21544,21567,23
13.014550209,80.2046508789,21567,21580,13
13.0136899948,80.2044219971,21580,21590,10
13.0135097504,80.204826355,21590,21600,10
13.013299942,80.2054977417,21600,21610,10
13.0130901337,80.2062835693,21610,21620,10
13.0130300522,80.2070922852,21620,21630,10
13.0129299164,80.2078018188,21630,21640,10
13.0129003525,80.2083969116,21640,21650,10
13.0129098892,80.2087936401,21650,21663,13
13.0130796432,80.2095184326,21663,21673,10
13.0131597519,80.2100982666,21673,21684,11
13.0129995346,80.2109985352,21684,21694,10
13.0126399994,80.2117004395,21694,21704,10
13.0124502182,80.2119674683,21704,21714,10
13.012140274,80.2124176025,21714,21724,10
13.0118398666,80.2127380371,21724,21734,10
13.0114898682,80.2125167847,21734,21757,23
13.0101003647,80.2114486694,21757,21769,12
13.0095100403,80.2110366821,21769,21819,50
13.0092601776,80.2109832764,21819,21850,31
13.0092601776,80.2109832764,21850,21860,10
13.0092096329,80.2111206055,21860,21870,10
13.0089998245,80.2114562988,21870,21880,10
13.0091295242,80.2120437622,21880,21890,10
13.0093698502,80.2127380371,21890,21901,11
13.0096197128,80.2134170532,21901,21911,10
13.009929657,80.2141189575,21911,21921,10
13.010140419,80.2148666382,21921,21931,10
13.0102701187,80.2157287598,21931,21941,10
13.010720253,80.2167205811,21941,21951,10
13.0112304688,80.2178115845,21951,21961,10
13.011639595,80.219078064,21961,21971,10
13.0120801926,80.220413208,21971,21981,10
13.0123596191,80.2213363647,21981,21991,10
13.0130901337,80.222442627,21991,22001,10
13.0137996674,80.2232284546,22001,22012,11
13.0141201019,80.2236022949,22012,22022,10
13.0143899918,80.2240219116,22022,22032,10
13.0149803162,80.2247009277,22032,22042,10
13.0154600143,80.225402832,22042,22052,10
13.0150995255,80.2258682251,22052,22062,10
13.0143404007,80.2261962891,22062,22072,10
13.0133695602,80.2265930176,22072,22082,10
13.0122900009,80.2270126343,22082,22092,10
13.0112400055,80.227432251,22092,22102,10
13.0101995468,80.2278518677,22102,22113,11
13.0095396042,80.2275390625,22113,22123,10
13.0099201202,80.2267684937,22123,22133,10
13.0103597641,80.2257614136,22133,22143,10
13.0108098984,80.2247009277,22143,22153,10
13.0112104416,80.2236175537,22153,22161,8
13.0111103058,80.2230834961,22161,22173,12
13.0102100372,80.2226409912,22173,22183,10
13.0093202591,80.2221069336,22183,22193,10
13.0083303452,80.2215576172,22193,22203,10
13.0073204041,80.2210769653,22203,22213,10
13.0062599182,80.2206420898,22213,22223,10
13.0051403046,80.2203598022,22223,22234,11
13.0040397644,80.2200927734,22234,22244,10
13.0030202866,80.2198028564,22244,22254,10
13.0021600723,80.2191619873,22254,22264,10
13.0016202927,80.2185974121,22264,22274,10
13.0010700226,80.218170166,22274,22284,10
13.0006504059,80.2179031372,22284,22294,10
13.0002002716,80.2176132202,22294,22304,10
12.9996404648,80.2172470093,22304,22314,10
12.9991197586,80.2170028687,22314,22324,10
12.998550415,80.2167434692,22324,22333,9
12.9979896545,80.2165603638,22333,22345,12
12.9973897934,80.216506958,22345,22355,10
12.9972801208,80.216506958,22355,22365,10
12.9969596863,80.2165374756,22365,22375,10
12.9963102341,80.2165985107,22375,22385,10
12.9955596924,80.2167663574,22385,22395,10
12.9948196411,80.2172164917,22395,22404,9
12.9942598343,80.2176437378,22404,22414,10
12.9936599731,80.2180633545,22414,22425,11
12.9929504395,80.2185668945,22425,22435,10
12.9922895432,80.2190475464,22435,22446,11
12.9916601181,80.219543457,22446,22456,10
12.9910202026,80.2194213867,22456,22466,10
12.9901800156,80.2191390991,22466,22476,10
12.9891395569,80.2187805176,22476,22486,10
12.9880199432,80.2184524536,22486,22496,10
12.9869804382,80.2182769775,22496,22506,10
12.9867696762,80.21824646,22506,22516,10
12.9864196777,80.2181472778,22516,22526,10
12.9856996536,80.2179794312,22526,22536,10
12.984749794,80.217956543,22536,22546,10
12.983710289,80.2179489136,22546,22556,10
12.9825496674,80.2179718018,22556,22573,17
12.980629921,80.2183227539,22573,22585,12
12.9795198441,80.21875,22585,22595,10
12.9788703918,80.2189865112,22595,22605,10
12.978219986,80.2192611694,22605,22615,10
12.977399826,80.2195968628,22615,22625,10
12.9764795303,80.2199783325,22625,22635,10
12.9756202698,80.2204208374,22635,22645,10
12.9755096436,80.2206802368,22645,22655,10
12.9757795334,80.2210388184,22655,22665,10
12.9762201309,80.2216186523,22665,22726,61
12.9762201309,80.2216186523,22726,22736,10
12.9764795303,80.2219467163,22736,22746,10
12.9768104553,80.2225494385,22746,22756,10
12.9772996902,80.2233963013,22756,22758,2
12.9772996902,80.2233963013,22758,22804,46
12.9800100327,80.2278213501,22804,22814,10
12.980509758,80.2287216187,22814,22824,10
12.9809598923,80.2295227051,22824,22834,10
12.9814996719,80.2303237915,22834,22844,10
12.9817800522,80.230796814,22844,22854,10
12.982000351,80.2315216064,22854,22864,10
12.9820203781,80.2323532104,22864,22874,10
12.9818000793,80.2331771851,22874,22884,10
12.9816398621,80.233543396,22884,22898,14
12.981590271,80.2335891724,22898,22906,8
12.9814395905,80.2338867188,22906,22917,11
12.9812297821,80.234703064,22917,22929,12
12.9812498093,80.2357635498,22929,22939,10
12.9812602997,80.2370223999,22939,22949,10
12.981300354,80.2381362915,22949,22959,10
12.9813098907,80.2386779785,22959,22969,10
12.9813203812,80.2389373779,22969,22978,9
12.9813203812,80.2395629883,22978,22989,11
12.9813203812,80.2405014038,22989,23000,11
12.9813404083,80.2416381836,23000,23010,10
12.9813499451,80.2426071167,23010,23020,10
12.9813499451,80.2428817749,23020,23030,10
12.9813499451,80.2430877686,23030,23040,10
12.9813604355,80.2436523438,23040,23050,10
12.9812602997,80.2444763184,23050,23060,10
12.9811201096,80.2455215454,23060,23070,10
12.9809799194,80.2466583252,23070,23080,10
12.9808702469,80.2478408813,23080,23090,10
12.9807796478,80.2489929199,23090,23100,10
12.9806003571,80.2501373291,23100,23111,11
12.9802904129,80.2513580322,23111,23121,10
12.980099678,80.2521362305,23121,23131,10
12.9800701141,80.2523193359,23131,23141,10
12.9800701141,80.2524414063,23141,23151,10
12.9803304672,80.2526016235,23151,23161,10
12.9808998108,80.2526397705,23161,23171,10
12.9817199707,80.2526397705,23171,23181,10
12.9828195572,80.2526016235,23181,23191,10
12.9839801788,80.2523803711,23191,23201,10
12.9851198196,80.2520599365,23201,23211,10
12.9862003326,80.2517776489,23211,23222,11
12.9870700836,80.2515335083,23222,23232,10
12.987159729,80.2515029907,23232,23242,10
12.9874401093,80.251411438,23242,23252,10
12.987859726,80.2515029907,23252,23262,10
12.9880199432,80.2521896362,23262,23272,10
12.9879598618,80.2531967163,23272,23282,10
12.9878797531,80.2543563843,23282,23292,10
12.9877796173,80.2553787231,23292,23302,10
12.987739563,80.2557220459,23302,23312,10
12.987660408,80.2559814453,23312,23322,10
12.9876203537,80.2562789917,23322,23333,11
12.9876098633,80.2563705444,23333,23343,10
12.9875602722,80.2567672729,23343,23353,10
12.9875097275,80.2574768066,23353,23363,10
12.9874401093,80.2582626343,23363,23373,10
12.9874200821,80.2586212158,23373,23383,10
12.9873504639,80.2590484619,23383,23393,10
12.9872999191,80.2593994141,23393,23403,10
12.9873104095,80.2594070435,23403,23413,10
12.9872398376,80.2595825195,23413,23474,61
12.9872398376,80.2595825195,23474,23484,10
12.987039566,80.2593612671,23484,23947,463
12.9870796204,80.2590026855,23947,24452,505
12.9870796204,80.2590026855,24452,24462,10
12.9873800278,80.2589492798,24462,24472,10
12.9874000549,80.2587585449,24472,24482,10
12.9874200821,80.2583465576,24482,24492,10
12.9874696732,80.2577896118,24492,24502,10
12.9875497818,80.2571411133,24502,24512,10
12.9875802994,80.2563400269,24512,24522,10
12.9876499176,80.2557373047,24522,24532,10
12.987739563,80.2552185059,24532,24543,11
12.9877595901,80.2549591064,24543,24553,10
12.9877796173,80.2547836304,24553,24563,10
12.987830162,80.2543106079,24563,24573,10
12.9878797531,80.2535705566,24573,24583,10
12.9879302979,80.2527770996,24583,24593,10
12.9879302979,80.2519989014,24593,24603,10
12.9877700806,80.2516326904,24603,24613,10
12.9876403809,80.2515563965,24613,24623,10
12.987159729,80.2516174316,24623,24633,10
12.9863901138,80.2518081665,24633,24643,10
12.985449791,80.2520523071,24643,24654,11
12.9842195511,80.2523803711,24654,24664,10
12.9831199646,80.2526397705,24664,24674,10
12.9819898605,80.2526931763,24674,24684,10
12.980890274,80.2527236938,24684,24693,9
12.9799499512,80.2526779175,24693,24714,21
12.9799499512,80.2526779175,24714,24724,10
12.9799003601,80.2524414063,24724,24734,10
12.9799499512,80.252166748,24734,24775,41
12.9799499512,80.252166748,24775,24785,10
12.9800796509,80.2517700195,24785,24795,10
12.9802598953,80.2512664795,24795,24805,10
12.9804697037,80.2505187988,24805,24815,10
12.9806604385,80.2496109009,24815,24825,10
12.9807701111,80.2488021851,24825,24835,10
12.9808702469,80.2474899292,24835,24845,10
12.9809799194,80.2463378906,24845,24855,10
12.9811201096,80.2451782227,24855,24865,10
12.9812202454,80.2440719604,24865,24876,11
12.9813604355,80.243560791,24876,24885,9
12.9813804626,80.2432174683,24885,24896,11
12.9813899994,80.243019104,24896,24906,10
12.9813899994,80.2428283691,24906,24916,10
12.9813995361,80.2425765991,24916,24926,10
12.9813995361,80.2420425415,24926,24936,10
12.9813995361,80.241317749,24936,24946,10
12.9814300537,80.2406005859,24946,24956,10
12.9814300537,80.2398605347,24956,24966,10
12.9813995361,80.2389602661,24966,24976,10
12.9813404083,80.2381210327,24976,24987,11
12.9813203812,80.2379684448,24987,24997,10
12.9813203812,80.2377090454,24997,25007,10
12.9812803268,80.237197876,25007,25017,10
12.9812898636,80.2365722656,25017,25027,10
12.9812803268,80.2358398438,25027,25037,10
12.9812602997,80.2350463867,25037,25047,10
12.9813098907,80.2342605591,25047,25056,9
12.9815597534,80.2335891724,25056,25066,10
12.9816598892,80.2333679199,25066,25077,11
12.9816999435,80.2332611084,25077,25087,10
12.9818601608,80.2329101563,25087,25098,11
12.9820098877,80.232383728,25098,25108,10
12.9820098877,80.2320404053,25108,25118,10
12.9819803238,80.2314987183,25118,25128,10
12.9819297791,80.2311019897,25128,25138,10
12.9817199707,80.2306671143,25138,25148,10
12.9813699722,80.2300872803,25148,25158,10
12.9809904099,80.2294921875,25158,25168,10
12.9807395935,80.229133606,25168,25178,10
12.9806699753,80.2289505005,25178,25188,10
12.980629921,80.2288513184,25188,25198,10
12.9804000854,80.2284393311,25198,25209,11
12.9800901413,80.2278823853,25209,25219,10
12.9796600342,80.227180481,25219,25229,10
12.9791698456,80.2263793945,25229,25239,10
12.9786701202,80.2255172729,25239,25249,10
12.9781703949,80.2247161865,25249,25259,10
12.9777803421,80.2241821289,25259,25269,10
12.9773397446,80.2234420776,25269,25279,10
12.9770698547,80.2229919434,25279,25289,10
12.9768600464,80.222618103,25289,25299,10
12.9765100479,80.2220993042,25299,25309,10
12.9763002396,80.2217483521,25309,25320,11
12.9760904312,80.2214736938,25320,25330,10
12.9757900238,80.2211227417,25330,25346,16
12.9756803513,80.2210235596,25346,25358,12
12.9754800797,80.2208709717,25358,25368,10
12.9753799438,80.2208023071,25368,25378,10
12.9754695892,80.2205581665,25378,25388,10
12.9759397507,80.2202224731,25388,25396,8
12.9764499664,80.2199630737,25396,25408,12
12.9773797989,80.2195587158,25408,25418,10
12.9782800674,80.2192001343,25418,25427,9
12.9787998199,80.2189788818,25427,25439,12
12.9796600342,80.2186813354,25439,25449,10
12.9803800583,80.2183685303,25449,25459,10
12.9811897278,80.2180862427,25459,25469,10
12.9820804596,80.217880249,25469,25479,10
12.9829101563,80.2178573608,25479,25489,10
12.9836797714,80.2178421021,25489,25499,10
12.9837999344,80.2178421021,25499,25509,10
12.9839096069,80.2178726196,25509,25519,10
12.9841299057,80.2178726196,25519,25529,10
12.9846601486,80.2178573608,25529,25540,11
12.9854602814,80.2178726196,25540,25550,10
12.9862604141,80.2180175781,25550,25560,10
12.9870700836,80.2181930542,25560,25570,10
12.9873895645,80.2182617188,25570,25580,10
12.9876499176,80.2183074951,25580,25590,10
12.9882001877,80.218421936,25590,25600,10
12.9888896942,80.2185821533,25600,25610,10
12.9897203445,80.2188720703,25610,25620,10
12.9905996323,80.2191925049,25620,25630,10
12.991399765,80.2194213867,25630,25640,10
12.9919996262,80.2192077637,25640,25651,11
12.9926700592,80.2187271118,25651,25661,10
12.9933099747,80.2182388306,25661,25671,10
12.9939899445,80.2177429199,25671,25681,10
12.994600296,80.2173233032,25681,25691,10
12.9951295853,80.2169570923,25691,25701,10
12.9956598282,80.2166976929,25701,25711,10
12.996339798,80.2165603638,25711,25721,10
12.9969797134,80.2164916992,25721,25731,10
12.997590065,80.2160797119,25731,25751,20
12.997590065,80.2160797119,25751,25762,11
12.9979295731,80.2157897949,25762,25772,10
12.9984197617,80.2153320313,25772,25782,10
12.9989995956,80.2148284912,25782,25792,10
12.9992599487,80.2146224976,25792,25802,10
12.9996900558,80.2142562866,25802,25812,10
13.0001602173,80.2138595581,25812,25822,10
13.0006999969,80.2133636475,25822,25832,10
13.0012998581,80.2128829956,25832,25842,10
13.0019798279,80.2124099731,25842,25852,10
13.0025901794,80.2121276855,25852,25862,10
13.0030202866,80.2120819092,25862,25873,11
13.0030498505,80.2120819092,25873,25883,10
13.0034599304,80.212059021,25883,25893,10
13.003660202,80.2119369507,25893,25903,10
13.0037202835,80.2118377686,25903,25913,10
13.0037498474,80.2116088867,25913,25923,10
13.0037403107,80.2110977173,25923,25933,10
13.003660202,80.2104415894,25933,25943,10
13.003569603,80.2096862793,25943,25952,9
13.0036697388,80.2089996338,25952,25963,11
13.0043296814,80.2087631226,25963,25973,10
13.005279541,80.2091903687,25973,25984,11
13.0062198639,80.2095489502,25984,25994,10
13.0069503784,80.2098083496,25994,26004,10
13.0073900223,80.2098236084,26004,26044,40
13.0073900223,80.2098236084,26044,26054,10
13.007519722,80.2098922729,26054,26064,10
13.0077896118,80.2099609375,26064,26074,10
13.0078601837,80.2099609375,26074,26084,10
13.0081195831,80.2099685669,26084,26095,11
13.008099556,80.2095031738,26095,26105,10
13.0080003738,80.2087936401,26105,26115,10
13.0078697205,80.207901001,26115,26125,10
13.0077295303,80.2070007324,26125,26135,10
13.007610321,80.2060317993,26135,26145,10
13.0075597763,80.2051086426,26145,26155,10
13.0075397491,80.2043609619,26155,26165,10
13.0074796677,80.2036590576,26165,26175,10
13.0073404312,80.2029190063,26175,26185,10
13.0068597794,80.2025299072,26185,26195,10
13.0065202713,80.2030181885,26195,26206,11
13.0069103241,80.2034225464,26206,26216,10
13.0074396133,80.2036514282,26216,26226,10
13.0081195831,80.2037277222,26226,26236,10
13.0089597702,80.203666687,26236,26246,10
13.0099401474,80.2036132813,26246,26256,10
13.01101017,80.2036437988,26256,26266,10
13.012140274,80.2038192749,26266,26276,10
13.0131397247,80.2040405273,26276,26286,10
13.0138998032,80.2042694092,26286,26303,17
13.0154600143,80.204826355,26303,26315,12
13.0164604187,80.2051773071,26315,26325,10
13.0169401169,80.2051620483,26325,26335,10
13.0175504684,80.2055587769,26335,26345,10
13.0186595917,80.2059707642,26345,26365,20
13.0186595917,80.2059707642,26365,26373,8
13.0188798904,80.2060623169,26373,26386,13
13.019490242,80.206237793,26386,26396,10
13.0202198029,80.2062988281,26396,26406,10
13.0210103989,80.2062911987,26406,26416,10
13.0219202042,80.2062988281,26416,26427,11
13.0229196548,80.2064590454,26427,26437,10
13.0238800049,80.2065963745,26437,26447,10
13.0242795944,80.2066726685,26447,26457,10
13.0244197845,80.2067184448,26457,26480,23
13.0257301331,80.2070999146,26480,26492,12
13.0267496109,80.2077026367,26492,26502,10
13.0275201797,80.2081680298,26502,26512,10
13.0284204483,80.2085494995,26512,26522,10
13.0294704437,80.2088165283,26522,26532,10
13.0304403305,80.2090911865,26532,26543,11
13.0313796997,80.2093276978,26543,26552,9
13.031539917,80.2093734741,26552,26563,11
13.0317401886,80.2094268799,26563,26573,10
13.03221035,80.2095336914,26573,26583,10
13.0329799652,80.2096633911,26583,26593,10
13.0339899063,80.2098693848,26593,26603,10
13.0348596573,80.2101135254,26603,26613,10
13.0349502563,80.2108078003,26613,26623,10
13.0349798203,80.2112808228,26623,26633,10
13.0349798203,80.2112884521,26633,26643,10
13.0349302292,80.2114486694,26643,26654,11
13.0348796844,80.2117767334,26654,26664,10
13.0350503922,80.2122116089,26664,26673,9
13.0356702805,80.2122573853,26673,26685,12
13.0367698669,80.2123031616,26685,26695,10
13.0378704071,80.2123184204,26695,26705,10
13.0390396118,80.212310791,26705,26715,10
13.0400295258,80.2123031616,26715,26725,10
13.0412597656,80.2123794556,26725,26735,10
13.0422201157,80.2125320435,26735,26744,9
13.0430297852,80.2125778198,26744,26756,12
13.0441102982,80.2123336792,26756,26786,30
13.0442399979,80.2122879028,26786,26817,31
13.0442399979,80.2122879028,26817,26827,10
13.0443401337,80.2122573853,26827,26837,10
13.0447502136,80.2122497559,26837,26847,10
13.045419693,80.2122573853,26847,26857,10
13.0462198257,80.2122573853,26857,26868,11
13.0468997955,80.2122421265,26868,26878,10
13.0476102829,80.2121505737,26878,26888,10
13.0483903885,80.2120513916,26888,26898,10
13.0486001968,80.2119903564,26898,26908,10
13.0488004684,80.2119674683,26908,26918,10
13.0492296219,80.2119369507,26918,26928,10
13.0499095917,80.2119216919,26928,26938,10
13.0507202148,80.2119979858,26938,26948,10
13.0516195297,80.2120132446,26948,26958,10
13.0528001785,80.2118377686,26958,26968,10
13.0539398193,80.2115936279,26968,26979,11
13.0543804169,80.21144104,26979,26989,10
13.0544900894,80.2114105225,26989,27000,11
13.0550403595,80.2114028931,27000,27009,9
13.0557498932,80.2114181519,27009,27020,11
13.0568304062,80.2114334106,27020,27030,10
13.0578203201,80.21144104,27030,27040,10
13.0587797165,80.211479187,27040,27049,9
13.0596599579,80.2115325928,27049,27060,11
13.0607595444,80.2115783691,27060,27070,10
13.0618095398,80.2116165161,27070,27080,10
13.0628004074,80.2116012573,27080,27091,11
13.0634498596,80.2115020752,27091,27100,9
13.0636396408,80.211479187,27100,27112,12
13.0641899109,80.2114181519,27112,27122,10
13.064909935,80.2111282349,27122,27132,10
13.0657196045,80.2105636597,27132,27142,10
13.0665903091,80.2098312378,27142,27152,10
13.0673398972,80.2089691162,27152,27162,10
13.067899704,80.2080078125,27162,27172,10
13.0684995651,80.207069397,27172,27182,10
13.0690803528,80.2061386108,27182,27192,10
13.0695495605,80.205368042,27192,27202,10
13.0697202682,80.2048797607,27202,27213,11
13.0692300797,80.2049636841,27213,27223,10
13.0690402985,80.2053222656,27223,27233,10
13.068860054,80.205329895,27233,27243,10
13.0687799454,80.2052078247,27243,27253,10
13.0684995651,80.2051773071,27253,27384,131
13.0685796738,80.2051086426,27384,27415,31
13.0684995651,80.205078125,27415,27566,151
13.0681200027,80.2051391602,27566,28151,585
13.0681200027,80.2051391602,28151,28161,10
13.0680198669,80.2049865723,28161,28171,10
13.0683002472,80.2049407959,28171,28181,10
13.0686502457,80.2048416138,28181,28192,11
13.0691003799,80.2047424316,28192,28202,10
13.0693798065,80.2047805786,28202,28212,10
13.0696296692,80.204826355,28212,28222,10
13.069899559,80.2050323486,28222,28232,10
13.0696601868,80.2054977417,28232,28242,10
13.0692501068,80.2061386108,28242,28252,10
13.0688695908,80.206741333,28252,28262,10
13.0682201385,80.2077713013,28262,28272,10
13.0676403046,80.2087020874,28272,28282,10
13.0670099258,80.2096633911,28282,28293,11
13.0660896301,80.2105026245,28293,28303,10
13.065320015,80.2111587524,28303,28313,10
13.0650997162,80.2113037109,28313,28323,10
13.0650501251,80.2113571167,28323,28333,10
13.0647001266,80.211517334,28333,28343,10
13.0640296936,80.2117004395,28343,28353,10
13.063369751,80.211730957,28353,28363,10
13.0627202988,80.2117462158,28363,28373,10
13.0614995956,80.211730957,28373,28383,10
13.0604200363,80.2116928101,28383,28392,9
13.0594501495,80.2116622925,28392,28404,12
13.0583000183,80.2116165161,28404,28414,10
13.0576696396,80.2116165161,28414,28424,10
13.0575895309,80.2116012573,28424,28434,10
13.0573501587,80.2116012573,28434,28444,10
13.0568399429,80.2116012573,28444,28454,10
13.0561103821,80.2115783691,28454,28464,10
13.0548200607,80.2115097046,28464,28484,20
13.0548200607,80.2115097046,28484,28494,10
13.0546598434,80.2115631104,28494,28504,10
13.0543203354,80.2116088867,28504,28514,10
13.053730011,80.211730957,28514,28525,11
13.0528898239,80.2119674683,28525,28535,10
13.0520801544,80.2121734619,28535,28545,10
13.051320076,80.2121734619,28545,28555,10
13.0503501892,80.2121887207,28555,28595,40
13.0503501892,80.2121887207,28595,28605,10
13.0498104095,80.2121429443,28605,28636,31
13.0498104095,80.2121429443,28636,28646,10
13.0497198105,80.2121124268,28646,28656,10
13.0494604111,80.2121734619,28656,28666,10
13.0492296219,80.2121582031,28666,28676,10
13.0488004684,80.2121734619,28676,28686,10
13.04845047,80.2121887207,28686,28696,10
13.0479402542,80.2122421265,28696,28706,10
13.0472097397,80.212310791,28706,28716,10
13.0463495255,80.2123413086,28716,28726,10
13.0450496674,80.212387085,28726,28757,31
13.0450496674,80.212387085,28757,28767,10
13.0447998047,80.2123794556,28767,28777,10
13.0442695618,80.2123718262,28777,28787,10
13.043510437,80.2123413086,28787,28797,10
13.0425901413,80.2123413086,28797,28807,10
13.0415802002,80.2123718262,28807,28817,10
13.0405597687,80.2123794556,28817,28827,10
13.0394897461,80.2123718262,28827,28837,10
13.0383996964,80.2123718262,28837,28847,10
13.0376396179,80.2123565674,28847,28918,71
13.0376396179,80.2123565674,28918,28934,16
13.0374097824,80.212272644,28934,28946,12
13.0368003845,80.2122802734,28946,28955,9
13.0361604691,80.2123031616,28955,28966,11
13.0352802277,80.2122802734,28966,28977,11
13.0342903137,80.2121582031,28977,29007,30
13.0342903137,80.2121582031,29007,29017,10
13.0341796875,80.2120895386,29017,29026,9
13.0338697433,80.2120819092,29026,29037,11
13.0335302353,80.2119674683,29037,29047,10
13.0329999924,80.2118606567,29047,29057,10
13.0322904587,80.2117385864,29057,29067,10
13.0320100784,80.2113113403,29067,29078,11
13.0320796967,80.2105407715,29078,29087,9
13.0321502686,80.2098999023,29087,29098,11
13.0317201614,80.2095718384,29098,29108,10
13.0308198929,80.2093276978,29108,29137,29
13.0308198929,80.2093276978,29137,29147,10
13.0304803848,80.2092590332,29147,29157,10
13.0297603607,80.2090301514,29157,29189,32
13.0297603607,80.2090301514,29189,29199,10
13.0294303894,80.2089385986,29199,29209,10
13.0288600922,80.2087783813,29209,29219,10
13.0281600952,80.2085494995,29219,29229,10
13.0273704529,80.2081604004,29229,29238,9
13.0266704559,80.2077407837,29238,29249,11
13.0258197784,80.2072296143,29249,29259,10
13.0247297287,80.2069778442,29259,29269,10
13.0239295959,80.2068634033,29269,29279,10
13.0230102539,80.2066497803,29279,29289,10
13.0220499039,80.2065887451,29289,29300,11
13.0209999084,80.206489563,29300,29310,10
13.0200004578,80.2064819336,29310,29320,10
13.0190200806,80.2063217163,29320,29340,20
13.0190200806,80.2063217163,29340,29350,10
13.0187597275,80.2062606812,29350,29360,10
13.0182304382,80.2060165405,29360,29370,10
13.0175895691,80.2057876587,29370,29380,10
13.0170898438,80.2056808472,29380,29389,9
13.0160598755,80.2051773071,29389,29400,11
13.0149803162,80.2048492432,29400,29411,11
13.0139503479,80.2044830322,29411,29421,10
13.0136203766,80.2045288086,29421,29430,9
13.0135698318,80.2046737671,29430,29441,11
13.0135202408,80.2048187256,29441,29451,10
13.0134000778,80.2052078247,29451,29461,10
13.0131998062,80.2058410645,29461,29471,10
13.0130300522,80.206703186,29471,29481,10
13.012960434,80.2075424194,29481,29491,10
13.0128803253,80.2083129883,29491,29501,10
13.0128803253,80.2087097168,29501,29511,10
13.0129404068,80.2091293335,29511,29522,11
13.0131797791,80.2097015381,29522,29532,10
13.0131397247,80.2103118896,29532,29542,10
13.0129804611,80.2110595703,29542,29552,10
13.0126199722,80.2117614746,29552,29562,10
13.0122003555,80.2124099731,29562,29572,10
13.0119104385,80.2128067017,29572,29582,10
13.0117397308,80.2128219604,29582,29592,10
13.0114803314,80.2125778198,29592,29602,10
13.01101017,80.2122192383,29602,29612,10
13.0104904175,80.2118682861,29612,29622,10
13.0099802017,80.2114562988,29622,29633,11
13.009519577,80.2110824585,29633,29693,60
13.009519577,80.2110824585,29693,29703,10
13.0092401505,80.2111968994,29703,29713,10
13.0090503693,80.211479187,29713,29723,10
13.009059906,80.2118377686,29723,29733,10
13.0092096329,80.2123031616,29733,29744,11
13.0093898773,80.2128677368,29744,29753,9
13.0095396042,80.2133026123,29753,29763,10
13.009759903,80.2138137817,29763,29774,11
13.010020256,80.2143478394,29774,29784,10
13.0101995468,80.2151489258,29784,29794,10
13.0104103088,80.2159881592,29794,29804,10
13.010840416,80.2169723511,29804,29814,10
13.0112895966,80.2180175781,29814,29824,10
13.011639595,80.2191772461,29824,29834,10
13.0120296478,80.2202911377,29834,29844,10
13.0123500824,80.2214431763,29844,29855,11
13.0127401352,80.22215271,29855,29865,10
13.0132398605,80.2226409912,29865,29875,10
13.0137901306,80.2232131958,29875,29885,10
13.0140895844,80.2237167358,29885,29895,10
13.0146398544,80.2243728638,29895,29905,10
13.0152597427,80.2250289917,29905,29915,10
13.0154304504,80.2254180908,29915,29925,10
13.0152797699,80.2257995605,29925,29935,10
13.0147304535,80.226020813,29935,29945,10
13.0140399933,80.2263031006,29945,29955,10
13.0132703781,80.2266235352,29955,29966,11
13.012260437,80.2270126343,29966,29976,10
13.0112304688,80.2274169922,29976,29986,10
13.0102396011,80.2278289795,29986,29996,10
13.0095701218,80.2277832031,29996,30006,10
13.0096902847,80.2272567749,30006,30016,10
13.0100097656,80.2265625,30016,30026,10
13.0103702545,80.2257537842,30026,30036,10
13.0107097626,80.2249679565,30036,30046,10
13.0109901428,80.2242584229,30046,30056,10
13.0112600327,80.2235031128,30056,30066,10
13.0111303329,80.2231063843,30066,30077,11
13.0105400085,80.2228164673,30077,30087,10
13.0097799301,80.2223968506,30087,30097,10
13.0090398788,80.2220001221,30097,30107,10
13.008190155,80.2215576172,30107,30117,10
13.0072603226,80.2210464478,30117,30126,9
13.0063695908,80.2206573486,30126,30137,11
13.0051898956,80.2203598022,30137,30147,10
13.0042896271,80.2202529907,30147,30157,10
13.0035200119,80.2200164795,30157,30167,10
13.0023202896,80.2193832397,30167,30177,10
13.0016002655,80.2186584473,30177,30188,11
13.0007600784,80.2180404663,30188,30198,10
13.0,80.2175369263,30198,30207,9
12.9992599487,80.2171096802,30207,30218,11
12.9983501434,80.2166976929,30218,30228,10
12.997469902,80.2165298462,30228,30248,20
12.997469902,80.2165298462,30248,30258,10
12.997130394,80.216506958,30258,30268,10
12.9966096878,80.2165603638,30268,30278,10
12.9959201813,80.2166976929,30278,30288,10
12.9952697754,80.2169570923,30288,30299,11
12.9950199127,80.2171096802,30299,30309,10
12.9949398041,80.2171630859,30309,30319,10
12.9947004318,80.2173233032,30319,30329,10
12.9946203232,80.2173690796,30329,30339,10
12.9943599701,80.2175521851,30339,30349,10
12.9938898087,80.2179107666,30349,30359,10
12.9932804108,80.2183380127,30359,30369,10
12.992650032,80.2188415527,30369,30379,10
12.9918804169,80.2194213867,30379,30389,10
12.9914302826,80.2196273804,30389,30399,10
12.9910402298,80.2194595337,30399,30410,11
12.9903402328,80.2192001343,30410,30420,10
12.9895200729,80.2189025879,30420,30430,10
12.9885396957,80.2185592651,30430,30440,10
12.9875802994,80.2183685303,30440,30450,10
12.9869098663,80.2182693481,30450,30460,10
12.9868297577,80.2182388306,30460,30470,10
12.9866800308,80.2181777954,30470,30480,10
12.9862804413,80.2181167603,30480,30490,10
12.9855499268,80.2179412842,30490,30500,10
12.9846401215,80.2179489136,30500,30510,10
12.984000206,80.2180023193,30510,30521,11
12.9839696884,80.2179870605,30521,30531,10
12.9838600159,80.2180404663,30531,30541,10
12.983499527,80.2180099487,30541,30551,10
12.9828796387,80.2180099487,30551,30561,10
12.9821195602,80.2179870605,30561,30571,10
12.9812602997,80.2181167603,30571,30580,9
12.9804401398,80.2183837891,30580,30591,11
12.9794397354,80.2188034058,30591,30601,10
12.9788303375,80.2190170288,30601,30611,10
12.9780302048,80.2193603516,30611,30621,10
12.9772100449,80.2197189331,30621,30632,11
12.9761600494,80.2201766968,30632,30642,10
12.9755401611,80.2205963135,30642,30652,10
12.9756698608,80.220993042,30652,30662,10
12.9760704041,80.2214736938,30662,30702,40
12.9760704041,80.2214736938,30702,30712,10
12.976360321,80.2218399048,30712,30732,20
12.976360321,80.2218399048,30732,30743,11
12.9764604568,80.2221603394,30743,30753,10
12.976650238,80.2223968506,30753,30763,10
12.9769201279,80.2227630615,30763,30773,10
12.9772500992,80.2233428955,30773,30783,10
12.9776802063,80.2239990234,30783,30793,10
12.9780597687,80.2245864868,30793,30803,10
12.9783201218,80.2249908447,30803,30813,10
12.9785900116,80.2254714966,30813,30823,10
12.9789600372,80.2260818481,30823,30833,10
12.9793796539,80.2267379761,30833,30843,10
12.9798402786,80.2275009155,30843,30854,11
12.980340004,80.2283172607,30854,30864,10
12.9807195663,80.2289962769,30864,30874,10
12.9808998108,80.2292861938,30874,30884,10
12.9809999466,80.2294387817,30884,30894,10
12.9812002182,80.2297821045,30894,30904,10
12.9814901352,80.2302398682,30904,30914,10
12.9816999435,80.2305297852,30914,30924,10
12.9817304611,80.2306365967,30924,30934,10
12.9818696976,80.2310791016,30934,30944,10
12.9820098877,80.2317504883,30944,30954,10
12.982000351,80.2323379517,30954,30965,11
12.9819202423,80.2328796387,30965,30975,10
12.9818201065,80.2331619263,30975,30985,10
12.9816799164,80.2334518433,30985,30995,10
12.9816303253,80.2335662842,30995,31005,10
12.9815998077,80.2336196899,31005,31015,10
12.9814596176,80.2339019775,31015,31025,10
12.9812402725,80.2344894409,31025,31035,10
12.9812202454,80.2353134155,31035,31045,10
12.9812498093,80.2362823486,31045,31055,10
12.9812803268,80.2372589111,31055,31065,10
12.981300354,80.2378768921,31065,31076,11
12.9813404083,80.2383499146,31076,31086,10
12.9813404083,80.2387313843,31086,31096,10
12.9813404083,80.2388534546,31096,31106,10
12.9813299179,80.2392578125,31106,31116,10
12.9813404083,80.2396774292,31116,31126,10
12.9813404083,80.2398223877,31126,31136,10
12.9813499451,80.2401885986,31136,31146,10
12.9813699722,80.2407989502,31146,31156,10
12.9813699722,80.2415771484,31156,31166,10
12.9813699722,80.2422409058,31166,31176,10
12.9813899994,80.2423706055,31176,31187,11
12.9813804626,80.242767334,31187,31207,20
12.9813804626,80.242767334,31207,31217,10
12.9813699722,80.2431030273,31217,31227,10
12.9813499451,80.2436828613,31227,31237,10
12.9812498093,80.2444381714,31237,31247,10
12.9811296463,80.2453613281,31247,31257,10
12.9809999466,80.2463912964,31257,31267,10
12.9808797836,80.247543335,31267,31277,10
12.980799675,80.2487030029,31277,31287,10
12.9806604385,80.2498397827,31287,31298,11
12.9804697037,80.2506484985,31298,31308,10
12.9802799225,80.2514038086,31308,31318,10
12.9801101685,80.2524108887,31318,31348,30
12.9801101685,80.2524108887,31348,31358,10
12.9802799225,80.2526016235,31358,31368,10
12.9807500839,80.2526397705,31368,31378,10
12.981470108,80.2526321411,31378,31388,10
12.9823503494,80.2526016235,31388,31398,10
12.9833803177,80.2525177002,31398,31408,10
12.9844398499,80.2522583008,31408,31419,11
12.9861898422,80.2517318726,31419,31659,240
12.9861898422,80.2517318726,31659,31669,10
12.9862804413,80.251739502,31669,31679,10
12.9865903854,80.2516708374,31679,31689,10
12.987159729,80.2515335083,31689,31699,10
12.987739563,80.2513885498,31699,31709,10
12.9879999161,80.2518005371,31709,31719,10
12.9880599976,80.2523803711,31719,31729,10
12.9879703522,80.2530899048,31729,31739,10
12.9878902435,80.2537689209,31739,31750,11
12.9878196716,80.2543869019,31750,31760,10
12.9877996445,80.2546005249,31760,31770,10
12.9877700806,80.2547073364,31770,31780,10
12.987739563,80.2551727295,31780,31790,10
12.9876899719,80.255821228,31790,31800,10
12.9875898361,80.2566680908,31800,31820,20
12.9875898361,80.2566680908,31820,31830,10
12.9875602722,80.2569122314,31830,31840,10
12.9875097275,80.2575378418,31840,31850,10
12.9874401093,80.2583465576,31850,31867,17
12.9871797562,80.2595825195,31867,31899,32
12.9871797562,80.2595825195,31899,31908,9
12.9869699478,80.2595825195,31908,31919,11
12.9867296219,80.2594985962,31919,31929,10
12.9866695404,80.2591781616,31929,33635,1706
12.9868602753,80.2590637207,33635,33705,70
12.9868602753,80.2590637207,33705,33715,10
12.9872198105,80.2591781616,33715,33725,10
12.9873399734,80.2590332031,33725,33735,10
12.9873600006,80.2586364746,33735,33746,11
12.9874200821,80.2582015991,33746,33756,10
12.9874601364,80.2578887939,33756,33766,10
12.9875202179,80.2576293945,33766,33806,40
12.9875202179,80.2576293945,33806,33816,10
12.987569809,80.2571716309,33816,33826,10
12.9875898361,80.2567367554,33826,33836,10
12.9876098633,80.256362915,33836,33867,31
12.9876098633,80.256362915,33867,33877,10
12.9876098633,80.2561569214,33877,33887,10
12.9876003265,80.255859375,33887,33978,91
12.9876003265,80.255859375,33978,33988,10
12.9876203537,80.2556915283,33988,33998,10
12.9876804352,80.2552337646,33998,34008,10
12.9877195358,80.2548980713,34008,34018,10
12.9877595901,80.2547683716,34018,34028,10
12.9878196716,80.2542800903,34028,34038,10
12.9878396988,80.2536468506,34038,34048,10
12.9878902435,80.2532806396,34048,34221,173
12.9878902435,80.2532806396,34221,34231,10
12.9879398346,80.2531509399,34231,34241,10
12.9879598618,80.252746582,34241,34251,10
12.9879703522,80.2521972656,34251,34261,10
12.9878101349,80.251701355,34261,34271,10
12.9877300262,80.2516326904,34271,34281,10
12.9876804352,80.2515869141,34281,34291,10
12.9872598648,80.2516098022,34291,34301,10
12.9866600037,80.251739502,34301,34312,11
12.9858198166,80.251953125,34312,34322,10
12.9849004745,80.2521896362,34322,34332,10
12.9839096069,80.252456665,34332,34342,10
12.9828500748,80.2526626587,34342,34352,10
12.9817199707,80.2526931763,34352,34362,10
12.9806404114,80.2526779175,34362,34372,10
12.9801597595,80.2527008057,34372,34382,10
12.9799404144,80.2526626587,34382,34392,10
12.9799203873,80.252243042,34392,34423,31
12.9799203873,80.252243042,34423,34433,10
12.9800100327,80.2520217896,34433,34443,10
12.9801397324,80.2515869141,34443,34453,10
12.9803495407,80.2509536743,34453,34463,10
12.9805698395,80.2501678467,34463,34473,10
12.9807195663,80.2492828369,34473,34482,9
12.9807901382,80.2483291626,34482,34493,11
12.9808797836,80.2471923828,34493,34503,10
12.981010437,80.2459411621,34503,34513,10
12.9811201096,80.2447891235,34513,34523,10
12.9813203812,80.2433319092,34523,34604,81
12.9813203812,80.2433319092,34604,34614,10
12.9813404083,80.2431030273,34614,34624,10
12.9813699722,80.2429122925,34624,34634,10
12.9813804626,80.2428817749,34634,34645,11
12.9814100266,80.2425384521,34645,34655,10
12.9813995361,80.2419586182,34655,34665,10
12.9813995361,80.2411727905,34665,34675,10
12.9813995361,80.2402877808,34675,34685,10
12.9813804626,80.2396774292,34685,34695,10
12.9813499451,80.2391204834,34695,34705,10
12.9813203812,80.2384109497,34705,34715,10
12.9813203812,80.2380599976,34715,34725,10
12.9813299179,80.2380218506,34725,34735,10
12.9813098907,80.237739563,34735,34745,10
12.9812803268,80.237197876,34745,34756,11
12.9812602997,80.2363204956,34756,34766,10
12.9812297821,80.2354736328,34766,34776,10
12.9812097549,80.2347412109,34776,34786,10
12.9813404083,80.2339706421,34786,34796,10
12.9816703796,80.2332992554,34796,34816,20
12.9816703796,80.2332992554,34816,34826,10
12.9817399979,80.2331695557,34826,34836,10
12.9818897247,80.2327194214,34836,34846,10
12.982000351,80.2322235107,34846,34856,10
12.9819898605,80.2317123413,34856,34867,11
12.9819202423,80.2312011719,34867,34877,10
12.981760025,80.2306518555,34877,34887,10
12.9813804626,80.2300720215,34887,34897,10
12.9809703827,80.2294235229,34897,34907,10
12.9806699753,80.2289123535,34907,34927,20
12.9806699753,80.2289123535,34927,34937,10
12.9804697037,80.2285614014,34937,34947,10
12.9803600311,80.228302002,34947,34957,10
12.9801197052,80.227897644,34957,34967,10
12.9797697067,80.2273025513,34967,34977,10
12.97935009,80.2266235352,34977,34988,11
12.9788503647,80.2257766724,34988,34998,10
12.9783401489,80.224937439,34998,35008,10
12.9778699875,80.2242431641,35008,35018,10
12.9774303436,80.2235031128,35018,35028,10
12.9770097733,80.2227706909,35028,35038,10
12.976559639,80.222076416,35038,35048,10
12.9761295319,80.2214584351,35048,35058,10
12.9757604599,80.2210617065,35058,35068,10
12.9757204056,80.221031189,35068,35078,10
12.9757404327,80.2210235596,35078,35088,10
12.9754104614,80.2207336426,35088,35149,61
12.9754104614,80.2207336426,35149,35159,10
12.9754600525,80.2205200195,35159,35169,10
12.9757604599,80.2202606201,35169,35179,10
12.9763498306,80.2200088501,35179,35189,10
12.9770803452,80.2197113037,35189,35199,10
12.9779195786,80.2193603516,35199,35210,11
12.9786396027,80.2191009521,35210,35220,10
12.9791402817,80.2189025879,35220,35230,10
12.9797897339,80.2186279297,35230,35240,10
12.9804601669,80.2183685303,35240,35249,9
12.9811201096,80.2181472778,35249,35260,11
12.9820203781,80.2179336548,35260,35270,10
12.9823999405,80.2179031372,35270,35279,9
12.9827899933,80.217880249,35279,35290,11
12.9838399887,80.217880249,35290,35310,20
12.9838399887,80.217880249,35310,35321,11
12.98416996,80.2178878784,35321,35331,10
12.9846696854,80.217880249,35331,35341,10
12.9854097366,80.217880249,35341,35351,10
12.9862003326,80.2180023193,35351,35361,10
12.9873800278,80.2182235718,35361,35391,30
12.9873800278,80.2182235718,35391,35407,16
12.9879102707,80.2183609009,35407,35419,12
12.9886703491,80.218536377,35419,35427,8
12.989279747,80.2187423706,35427,35440,13
12.9902801514,80.219078064,35440,35450,10
12.9911603928,80.2193527222,35450,35460,10
12.9917697906,80.2193832397,35460,35470,10
12.9922399521,80.219039917,35470,35480,10
12.9928998947,80.2185821533,35480,35490,10
12.9935598373,80.2180404663,35490,35500,10
12.9941101074,80.2176513672,35500,35510,10
12.9945001602,80.217338562,35510,35520,10
12.9946804047,80.2172164917,35520,35530,10
12.9949703217,80.2170562744,35530,35541,11
12.9953699112,80.2168426514,35541,35551,10
12.9959402084,80.2166595459,35551,35561,10
12.9965295792,80.2165374756,35561,35571,10
12.996919632,80.2164916992,35571,35581,10
12.9971399307,80.216468811,35581,35591,10
12.9975099564,80.2161178589,35591,35611,20
12.9975099564,80.2161178589,35611,35621,10
12.9977397919,80.2158966064,35621,35631,10
12.9981498718,80.2155380249,35631,35641,10
12.9987602234,80.2150192261,35641,35652,11
12.9991798401,80.2146911621,35652,35662,10
12.9994602203,80.2144012451,35662,35672,10
12.9999103546,80.2140426636,35672,35681,9
13.0003700256,80.2136383057,35681,35692,11
13.0009803772,80.2130966187,35692,35702,10
13.0015897751,80.2126617432,35702,35712,10
13.0021600723,80.2122802734,35712,35722,10
13.0026597977,80.2121200562,35722,35731,9
13.0031499863,80.2120819092,35731,35741,10
13.0036096573,80.2119674683,35741,35752,11
13.0036201477,80.2119598389,35752,35763,11
13.0037002563,80.2117919922,35763,35773,10
13.0037202835,80.21144104,35773,35783,10
13.0036897659,80.2108764648,35783,35792,9
13.0036296844,80.2104187012,35792,35805,13
13.0035400391,80.2097625732,35805,35816,11
13.0036001205,80.2092208862,35816,35826,10
13.0038099289,80.2086410522,35826,35836,10
13.0046796799,80.2089004517,35836,35846,10
13.0055303574,80.2092666626,35846,35856,10
13.0062398911,80.2095184326,35856,35866,10
13.0066099167,80.2096862793,35866,35877,11
13.0068702698,80.2097320557,35877,35887,10
13.007399559,80.2098083496,35887,35907,20
13.007399559,80.2098083496,35907,35917,10
13.0075101852,80.2098770142,35917,35927,10
13.0077695847,80.2099075317,35927,35937,10
13.0080003738,80.2099609375,35937,35947,10
13.0082101822,80.2098999023,35947,35957,10
13.008099556,80.2094116211,35957,35967,10
13.0079402924,80.2087783813,35967,35977,10
13.0078296661,80.2079772949,35977,35988,11
13.0076704025,80.2069396973,35988,35998,10
13.0075397491,80.2058486938,35998,36008,10
13.0075101852,80.2048187256,36008,36018,10
13.0074796677,80.2039489746,36018,36028,10
13.007349968,80.2031478882,36028,36038,10
13.0070199966,80.2025299072,36038,36048,10
13.0065202713,80.2028579712,36048,36058,10
13.006819725,80.20337677,36058,36068,10
13.0074996948,80.2036514282,36068,36078,10
13.0083198547,80.2036972046,36078,36088,10
13.0093898773,80.2036437988,36088,36099,11
13.010720253,80.20362854,36099,36109,10
13.0120096207,80.2037734985,36109,36119,10
13.0130901337,80.2040176392,36119,36129,10
13.0138998032,80.204246521,36129,36139,10
13.0146398544,80.2044372559,36139,36149,10
13.0148200989,80.2044906616,36149,36159,10
13.0150995255,80.2045974731,36159,36169,10
13.0155601501,80.2047195435,36169,36179,10
13.0162401199,80.2049789429,36179,36189,10
13.0166597366,80.2050933838,36189,36199,10
13.0168504715,80.205078125,36199,36210,11
13.0173997879,80.205291748,36210,36220,10
13.0174999237,80.2053833008,36220,36230,10
13.0177202225,80.2054977417,36230,36240,10
13.0182600021,80.2057113647,36240,36250,10
13.0184402466,80.2058105469,36250,36260,10
13.0185203552,80.205909729,36260,36270,10
13.0188798904,80.2060089111,36270,36280,10
13.0195102692,80.2061767578,36280,36290,10
13.02023983,80.2062683105,36290,36300,10
13.0209503174,80.2062683105,36300,36310,10
13.0212202072,80.2062606812,36310,36320,10
13.0215301514,80.2062835693,36320,36331,11
13.0219898224,80.2063064575,36331,36341,10
13.0225896835,80.2063903809,36341,36351,10
13.0233201981,80.2065582275,36351,36361,10
13.0237998962,80.2066192627,36361,36371,10
13.0242395401,80.2066802979,36371,36387,16
13.0245399475,80.2067337036,36387,36400,13
13.0252895355,80.2069091797,36400,36410,10
13.025970459,80.2071914673,36410,36420,10
13.026720047,80.2076416016,36420,36430,10
13.0275001526,80.2080993652,36430,36441,11
13.0284795761,80.2085189819,36441,36451,10
13.0293598175,80.2087478638,36451,36459,8
13.029999733,80.2089233398,36459,36471,12
13.0308799744,80.2091598511,36471,36481,10
13.0312595367,80.2092285156,36481,36491,10
13.0313596725,80.2091903687,36491,36501,10
13.0316696167,80.2092895508,36501,36511,10
13.0322303772,80.2094726563,36511,36521,10
13.0330095291,80.2096176147,36521,36531,10
13.0338001251,80.209777832,36531,36541,10
13.0346603394,80.2099533081,36541,36565,24
13.0349798203,80.2109909058,36565,36587,22
13.0349798203,80.2109909058,36587,36597,10
13.0349903107,80.2111587524,36597,36606,9
13.0349502563,80.2114868164,36606,36617,11
13.0348997116,80.2118682861,36617,36627,10
13.0349397659,80.2121276855,36627,36637,10
13.0354795456,80.2122802734,36637,36678,41
13.0354795456,80.2122802734,36678,36688,10
13.0356998444,80.2122802734,36688,36698,10
13.0360002518,80.2122573853,36698,36708,10
13.036239624,80.2122573853,36708,36718,10
13.0363998413,80.2123184204,36718,36728,10
13.0366401672,80.2123565674,36728,36749,21
13.037229538,80.212310791,36749,36761,12
13.0378799438,80.2123184204,36761,36771,10
13.0385704041,80.2123031616,36771,36782,11
13.0395402908,80.2122573853,36782,36792,10
13.0406799316,80.2122802734,36792,36802,10
13.0418100357,80.2122802734,36802,36812,10
13.042889595,80.212272644,36812,36822,10
13.0437898636,80.212272644,36822,36913,91
13.0437898636,80.212272644,36913,36923,10
13.0440797806,80.2122802734,36923,36933,10
13.0446500778,80.2122497559,36933,36943,10
13.0453796387,80.2122192383,36943,36952,9
13.0460996628,80.2121963501,36952,36963,11
13.0470695496,80.2121582031,36963,36973,10
13.0478801727,80.2121124268,36973,36983,10
13.0482196808,80.2120513916,36983,36993,10
13.0483503342,80.2120285034,36993,37004,11
13.0488300323,80.2119827271,37004,37014,10
13.0492696762,80.2119216919,37014,37034,20
13.0492696762,80.2119216919,37034,37044,10
13.0494804382,80.2119827271,37044,37054,10
13.0497503281,80.2119293213,37054,37064,10
13.0499401093,80.2118988037,37064,37074,10
13.0501804352,80.2119064331,37074,37084,10
13.0506601334,80.2119903564,37084,37094,10
13.0510997772,80.212020874,37094,37104,10
13.0519399643,80.2119903564,37104,37115,11
13.0528202057,80.2118225098,37115,37125,10
13.0537500381,80.2115783691,37125,37135,10
13.0543298721,80.2114181519,37135,37155,20
13.0543298721,80.2114181519,37155,37165,10
13.0544395447,80.2113876343,37165,37175,10
13.0549898148,80.2113800049,37175,37185,10
13.0558795929,80.2114028931,37185,37195,10
13.0569801331,80.21144104,37195,37205,10
13.0577297211,80.2114028931,37205,37215,10
13.0579004288,80.2114028931,37215,37226,11
13.0584802628,80.2114181519,37226,37236,10
13.0592803955,80.211479187,37236,37246,10
13.0602798462,80.211517334,37246,37256,10
13.0614595413,80.2115631104,37256,37266,10
13.0624399185,80.2116088867,37266,37276,10
13.0630397797,80.211517334,37276,37285,9
13.0631198883,80.2115020752,37285,37296,11
13.0634698868,80.2115020752,37296,37306,10
13.0642995834,80.2113876343,37306,37315,9
13.065079689,80.2109985352,37315,37326,11
13.0659599304,80.210319519,37326,37337,11
13.0667600632,80.209602356,37337,37347,10
13.0670499802,80.2091064453,37347,37357,10
13.0672702789,80.2088012695,37357,37367,10
13.0675697327,80.2082824707,37367,37377,10
13.0680103302,80.2076187134,37377,37387,10
13.0684499741,80.20703125,37387,37397,10
13.0689401627,80.2063217163,37397,37407,10
13.0694198608,80.2055969238,37407,37417,10
13.0697402954,80.2049713135,37417,37427,10
13.0694704056,80.2048034668,37427,37437,10
13.0691299438,80.2052383423,37437,37448,11
13.0687799454,80.205291748,37448,37458,10
13.0685596466,80.2052230835,37458,37801,343
13.0685596466,80.2052230835,37801,37811,10
13.068400383,80.2053985596,37811,37821,10
13.0680303574,80.2053985596,37821,37942,121
13.0680303574,80.2053985596,37942,37952,10
13.0679397583,80.205078125,37952,38023,71
13.0679397583,80.205078125,38023,38033,10
13.0682497025,80.2049331665,38033,38043,10
13.0684604645,80.2048873901,38043,38053,10
13.0687103271,80.204750061,38053,38073,20
13.0687103271,80.204750061,38073,38083,10
13.0688800812,80.2046966553,38083,38093,10
13.0691404343,80.2046890259,38093,38103,10
13.0695695877,80.2047424316,38103,38113,10
13.0698003769,80.2048492432,38113,38154,41
13.0698003769,80.2048492432,38154,38164,10
13.0698299408,80.2051696777,38164,38174,10
13.0696001053,80.2055664063,38174,38184,10
13.0692195892,80.2061920166,38184,38194,10
13.0687198639,80.2069702148,38194,38204,10
13.0681495667,80.2078704834,38204,38214,10
13.06772995,80.2084274292,38214,38224,10
13.0676298141,80.2085571289,38224,38235,11
13.0674104691,80.2089004517,38235,38245,10
13.0671300888,80.2093582153,38245,38255,10
13.0667104721,80.2098999023,38255,38265,10
13.0661201477,80.2104187012,38265,38275,10
13.0655298233,80.2109375,38275,38285,10
13.0651702881,80.2112197876,38285,38346,61
13.0651702881,80.2112197876,38346,38356,10
13.0650997162,80.2113189697,38356,38366,10
13.0648498535,80.2114486694,38366,38376,10
13.0643997192,80.2116012573,38376,38386,10
13.0638504028,80.2117080688,38386,38426,40
13.0638504028,80.2117080688,38426,38436,10
13.0633897781,80.211730957,38436,38446,10
13.0627803802,80.2117614746,38446,38457,11
13.0619602203,80.2117462158,38457,38467,10
13.0612096786,80.2117385864,38467,38477,10
13.0602903366,80.2116928101,38477,38487,10
13.0593500137,80.2116622925,38487,38497,10
13.0585899353,80.2116165161,38497,38507,10
13.0579500198,80.2115783691,38507,38517,10
13.0574302673,80.2116088867,38517,38527,10
13.0573797226,80.2116088867,38527,38537,10
13.057299614,80.2116394043,38537,38547,10
13.0569801331,80.2116317749,38547,38557,10
13.0564899445,80.2115936279,38557,38568,11
13.0557498932,80.2115402222,38568,38578,10
13.0551395416,80.211517334,38578,38588,10
13.0548601151,80.211517334,38588,38598,10
13.0545396805,80.2115402222,38598,38608,10
13.054189682,80.2116088867,38608,38618,10
13.0537500381,80.211730957,38618,38628,10
13.0532598495,80.2118606567,38628,38638,10
13.0527696609,80.2120132446,38638,38648,10
13.0523195267,80.2121200562,38648,38658,10
13.0518798828,80.2121887207,38658,38668,10
13.0513496399,80.2121429443,38668,38679,11
13.0509004593,80.2121582031,38679,38689,10
13.0500802994,80.2121429443,38689,38769,80
13.0500802994,80.2121429443,38769,38778,9
13.0499601364,80.2125167847,38778,38911,133
13.0499601364,80.2125167847,38911,38921,10
13.0499601364,80.2127914429,38921,38931,10
13.0500202179,80.2130432129,38931,38941,10
13.0501003265,80.2134017944,38941,38951,10
13.050239563,80.2138366699,38951,38961,10
13.0503902435,80.2143096924,38961,38971,10
13.0504102707,80.2146606445,38971,38981,10
13.0500202179,80.2146606445,38981,38991,10
13.0495004654,80.2146377563,38991,39001,10
13.0490398407,80.2146224976,39001,39012,11
13.0485095978,80.2145385742,39012,39022,10
13.0479803085,80.2144775391,39022,39032,10
13.0474500656,80.2144317627,39032,39042,10
13.0467700958,80.2144699097,39042,39052,10
13.0460596085,80.2146224976,39052,39062,10
13.0451803207,80.2147369385,39062,39072,10
13.0445203781,80.2147216797,39072,39082,10
13.044500351,80.2142410278,39082,39092,10
13.0444602966,80.2134475708,39092,39102,10
13.0444402695,80.212852478,39102,39123,21
13.0444402695,80.212852478,39123,39133,10
13.0444297791,80.2127380371,39133,39143,10
13.0444202423,80.2124710083,39143,39153,10
13.044500351,80.2122268677,39153,39163,10
13.0450000763,80.2122421265,39163,39173,10
13.0457201004,80.2122268677,39173,39183,10
13.0465097427,80.2122116089,39183,39193,10
13.0470399857,80.2121582031,39193,39203,10
13.04708004,80.2120513916,39203,39213,10
13.0470600128,80.2117385864,39213,39223,10
13.0470399857,80.21118927,39223,39233,10
13.0470504761,80.2107772827,39233,39244,11
13.0474395752,80.2107467651,39244,39254,10
13.0479698181,80.2107620239,39254,39264,10
13.048500061,80.2107391357,39264,39274,10
13.0491600037,80.2107620239,39274,39284,10
13.0496101379,80.2107696533,39284,39294,10
13.049659729,80.2104797363,39294,39304,10
13.0495996475,80.2099685669,39304,39314,10
13.049539566,80.2093887329,39314,39324,10
13.0494499207,80.2088928223,39324,39334,10
13.0492897034,80.2082901001,39334,39344,10
13.0490503311,80.2076568604,39344,39355,11
13.0488300323,80.2070617676,39355,39365,10
13.0488195419,80.2069778442,39365,39375,10
13.0490398407,80.2068328857,39375,39385,10
13.0493001938,80.2068099976,39385,39395,10
13.0494403839,80.206741333,39395,39445,50
13.0494699478,80.2066879272,39445,39466,21
13.0494804382,80.2066421509,39466,39506,40
13.0494804382,80.2066421509,39506,39516,10
13.0495595932,80.2066497803,39516,39526,10
13.0495700836,80.2066497803,39526,39536,10
13.0495901108,80.2066879272,39536,39546,10
13.0498695374,80.2067565918,39546,39556,10
13.0499000549,80.2069625854,39556,39587,31
13.0499000549,80.206703186,39587,39667,80
13.0499000549,80.206703186,39667,39677,10
13.0499296188,80.2068862915,39677,39698,21
13.0499200821,80.2069625854,39698,39799,101
13.0499601364,80.2068328857,39799,39849,50
13.0499696732,80.2065887451,39849,39899,50
13.0499200821,80.2067565918,39899,41496,1597
13.0499200821,80.2067565918,41496,41506,10
13.0500602722,80.2069091797,41506,41516,10
13.050359726,80.2070465088,41516,41526,10
13.0503196716,80.2067871094,41526,41536,10
13.0497303009,80.20677948,41536,41546,10
13.0495100021,80.2068023682,41546,41556,10
13.0493202209,80.2068405151,41556,41566,10
13.0491800308,80.2070083618,41566,41586,20
13.0491800308,80.2070083618,41586,41596,10
13.0490903854,80.207321167,41596,41607,11
13.049079895,80.2077026367,41607,41617,10
13.0492801666,80.2082138062,41617,41627,10
13.0493202209,80.2086029053,41627,41637,10
13.0493803024,80.2088165283,41637,41647,10
13.0493898392,80.2088317871,41647,41657,10
13.0494203568,80.2090301514,41657,41667,10
13.0495595932,80.2095031738,41667,41677,10
13.0496902466,80.2101898193,41677,41687,10
13.0497903824,80.2108001709,41687,41697,10
13.0498199463,80.2113265991,41697,41707,10
13.0498199463,80.2115783691,41707,41718,11
13.0498800278,80.2120437622,41718,41728,10
13.0498800278,80.2121963501,41728,41738,10
13.0496301651,80.2121887207,41738,41748,10
13.0496196747,80.2121810913,41748,41758,10
13.0495195389,80.2121505737,41758,41768,10
13.049369812,80.2121505737,41768,41778,10
13.0489501953,80.2121734619,41778,41788,10
13.0482597351,80.2121963501,41788,41798,10
13.0474996567,80.2122573853,41798,41808,10
13.0465898514,80.2123184204,41808,41818,10
13.0450696945,80.2124023438,41818,41879,61
13.0450696945,80.2124023438,41879,41889,10
13.0446996689,80.2124481201,41889,41899,10
13.0442800522,80.2124023438,41899,41909,10
13.0434703827,80.212387085,41909,41919,10
13.0424604416,80.2123718262,41919,41929,10
13.0413398743,80.2124099731,41929,41940,11
13.040430069,80.2123794556,41940,41950,10
13.039560318,80.2124023438,41950,41960,10
13.038599968,80.2124099731,41960,41970,10
13.0378103256,80.2124710083,41970,41980,10
13.037730217,80.2124633789,41980,41990,10
13.0374603271,80.2123794556,41990,42000,10
13.0368499756,80.212348938,42000,42010,10
13.03606987,80.2123336792,42010,42020,10
13.0352096558,80.2122802734,42020,42030,10
13.0347604752,80.2122421265,42030,42040,10
13.0343399048,80.2121810913,42040,42051,11
13.0342702866,80.2121734619,42051,42061,10
13.034040451,80.2121505737,42061,42071,10
13.033659935,80.2120819092,42071,42081,10
13.0330495834,80.2119903564,42081,42091,10
13.0323801041,80.2118682861,42091,42101,10
13.0319595337,80.2115097046,42101,42111,10
13.0320501328,80.2108917236,42111,42121,10
13.0320796967,80.2102966309,42121,42131,10
13.032119751,80.2097702026,42131,42141,10
13.031709671,80.2096099854,42141,42151,10
13.0310401917,80.2093811035,42151,42161,10
13.0302696228,80.2091598511,42161,42172,11
13.0297803879,80.2090301514,42172,42188,16
13.0296201706,80.2089614868,42188,42200,12
13.0292701721,80.2088165283,42200,42210,10
13.0288295746,80.2087173462,42210,42219,9
13.028169632,80.2085418701,42219,42230,11
13.0273303986,80.2081375122,42230,42240,10
13.0265598297,80.2076721191,42240,42250,10
13.0256700516,80.2071762085,42250,42260,10
13.0246696472,80.2070007324,42260,42270,10
13.0242300034,80.2069168091,42270,42281,11
13.0241098404,80.2068710327,42281,42291,10
13.0236797333,80.2067565918,42291,42301,10
13.0230503082,80.2066497803,42301,42311,10
13.022600174,80.2064819336,42311,42321,10
13.0225000381,80.2064590454,42321,42331,10
13.022310257,80.2064285278,42331,42361,30
13.022310257,80.2064285278,42361,42371,10
13.0220499039,80.206489563,42371,42402,31
13.0220499039,80.206489563,42402,42412,10
13.0217399597,80.2064666748,42412,42422,10
13.0214996338,80.2064208984,42422,42432,10
13.0211696625,80.2064437866,42432,42442,10
13.0208702087,80.2064437866,42442,42452,10
13.0206403732,80.206451416,42452,42462,10
13.020409584,80.206451416,42462,42472,10
13.0201702118,80.206451416,42472,42482,10
13.019900322,80.2064590454,42482,42492,10
13.019659996,80.2064285278,42492,42503,11
13.0193195343,80.2063980103,42503,42533,30
13.0193195343,80.2063980103,42533,42543,10
13.018989563,80.2063064575,42543,42553,10
13.0187702179,80.2062606812,42553,42563,10
13.0185804367,80.2061920166,42563,42573,10
13.018239975,80.2060394287,42573,42609,36
13.018239975,80.2060394287,42609,42622,13
13.0178003311,80.2058868408,42622,42632,10
13.0176000595,80.2058181763,42632,42642,10
13.0173597336,80.2057037354,42642,42652,10
13.0170898438,80.2055892944,42652,42662,10
13.016699791,80.2053222656,42662,42672,10
13.015879631,80.2051086426,42672,42681,9
13.0150995255,80.2048797607,42681,42690,9
13.0141401291,80.2045974731,42690,42723,33
13.0141401291,80.2045974731,42723,42733,10
13.0139503479,80.2045288086,42733,42743,10
13.0136804581,80.2044372559,42743,42753,10
13.0136003494,80.204460144,42753,42763,10
13.0135698318,80.2046432495,42763,42773,10
13.0134601593,80.2050170898,42773,42783,10
13.0132799149,80.2056121826,42783,42793,10
13.0130796432,80.2063598633,42793,42803,10
13.0129995346,80.2072296143,42803,42813,10
13.0128898621,80.2079620361,42813,42823,10
13.0128202438,80.2084274292,42823,42833,10
13.0128498077,80.2088623047,42833,42844,11
13.0130300522,80.2094497681,42844,42854,10
13.0130901337,80.2099304199,42854,42864,10
13.0130300522,80.2106781006,42864,42874,10
13.0127096176,80.2113571167,42874,42884,10
13.012430191,80.2119598389,42884,42894,10
13.0120401382,80.2125473022,42894,42904,10
13.0118198395,80.2127304077,42904,42914,10
13.0115003586,80.2125778198,42914,42924,10
13.0109996796,80.2122497559,42924,42934,10
13.0105600357,80.2119293213,42934,42944,10
13.0100603104,80.211479187,42944,42985,41
13.0100603104,80.211479187,42985,42995,10
13.009759903,80.2112808228,42995,43025,30
13.009759903,80.2112808228,43025,43035,10
13.0094099045,80.2110824585,43035,43066,31
13.0094099045,80.2110824585,43066,43076,10
13.0091295242,80.2113723755,43076,43086,10
13.0090503693,80.2115631104,43086,43096,10
13.0090999603,80.2117767334,43096,43106,10
13.0091896057,80.212059021,43106,43116,10
13.0093002319,80.2124404907,43116,43126,10
13.0094804764,80.2129516602,43126,43136,10
13.0096702576,80.2134475708,43136,43146,10
13.009929657,80.2140808105,43146,43156,10
13.0101604462,80.2147521973,43156,43166,10
13.0102596283,80.2154922485,43166,43177,11
13.0105695724,80.2163619995,43177,43187,10
13.0109500885,80.2172164917,43187,43197,10
13.0113697052,80.2181777954,43197,43207,10
13.0117702484,80.2193222046,43207,43217,10
13.0121603012,80.2205581665,43217,43226,9
13.0123701096,80.2212371826,43226,43237,11
13.0125303268,80.2215576172,43237,43247,10
13.0129299164,80.2221908569,43247,43257,10
13.0133399963,80.2227172852,43257,43267,10
13.0137395859,80.2231369019,43267,43277,10
13.0140399933,80.2234725952,43277,43287,10
13.0146102905,80.2242126465,43287,43298,11
13.0150899887,80.2247772217,43298,43308,10
13.0151796341,80.224861145,43308,43318,10
13.0152797699,80.2250366211,43318,43328,10
13.0152902603,80.2250976563,43328,43338,10
13.0154399872,80.2254104614,43338,43348,10
13.0152997971,80.225692749,43348,43358,10
13.0152196884,80.2257919312,43358,43368,10
13.0150403976,80.2259063721,43368,43378,10
13.0146999359,80.22605896,43378,43388,10
13.0141496658,80.2262802124,43388,43398,10
13.0134401321,80.2265472412,43398,43409,11
13.0126399994,80.2268371582,43409,43419,10
13.0118904114,80.2271270752,43419,43429,10
13.0110902786,80.227432251,43429,43439,10
13.0102996826,80.2277526855,43439,43449,10
13.0097398758,80.2279510498,43449,43459,10
13.0094604492,80.2275695801,43459,43469,10
13.0096998215,80.2270812988,43469,43479,10
13.0100402832,80.2263336182,43479,43489,10
13.0104398727,80.2253799438,43489,43499,10
13.010840416,80.2244873047,43499,43509,10
13.011179924,80.2236785889,43509,43520,11
13.0112895966,80.2232894897,43520,43530,10
13.0109195709,80.2230606079,43530,43540,10
13.010219574,80.2227478027,43540,43550,10
13.009519577,80.2223129272,43550,43560,10
13.008649826,80.2218093872,43560,43570,10
13.0077199936,80.2212677002,43570,43580,10
13.0066795349,80.2207794189,43580,43590,10
13.0056200027,80.2204666138,43590,43600,10
13.0045204163,80.2202301025,43600,43610,10
13.0035800934,80.2200012207,43610,43620,10
13.0026302338,80.2196426392,43620,43631,11
13.0019397736,80.2189102173,43631,43641,10
13.0013399124,80.2184371948,43641,43651,10
13.0007095337,80.2180099487,43651,43661,10
13.0001001358,80.2176208496,43661,43671,10
12.9995002747,80.2172164917,43671,43681,10
12.998749733,80.2168579102,43681,43691,10
12.9979000092,80.2165679932,43691,43701,10
12.9974098206,80.2165374756,43701,43721,20
12.9974098206,80.2165374756,43721,43731,10
12.996919632,80.2165679932,43731,43742,11
12.9962596893,80.2166213989,43742,43752,10
12.9956197739,80.2168197632,43752,43762,10
12.995059967,80.2170715332,43762,43782,20
12.995059967,80.2170715332,43782,43792,10
12.9946699142,80.217338562,43792,43802,10
12.9942798615,80.2176437378,43802,43812,10
12.9937295914,80.2180633545,43812,43822,10
12.9930295944,80.2185134888,43822,43832,10
12.9922399521,80.2190704346,43832,43842,10
12.9915599823,80.219543457,43842,43853,11
12.9907398224,80.2193222046,43853,43863,10
12.9898004532,80.2189865112,43863,43872,9
12.9888401031,80.2186737061,43872,43883,11
12.9877796173,80.2183990479,43883,43893,10
12.9870300293,80.2182998657,43893,43903,10
12.9869499207,80.2182693481,43903,43913,10
12.986579895,80.2181777954,43913,43923,10
12.9859304428,80.2180099487,43923,43933,10
12.9849700928,80.2179412842,43933,43943,10
12.9840803146,80.2179794312,43943,43953,10
12.9839496613,80.2179412842,43953,43964,11
12.9837999344,80.217918396,43964,43974,10
12.9832496643,80.2179718018,43974,43984,10
12.9824800491,80.217956543,43984,43994,10
12.9816198349,80.2180328369,43994,44004,10
12.9807100296,80.2183303833,44004,44014,10
12.9799098969,80.2186203003,44014,44024,10
12.9794197083,80.2188034058,44024,44034,10
12.978679657,80.2190628052,44034,44044,10
12.9780197144,80.2193374634,44044,44054,10
12.9772796631,80.219619751,44054,44064,10
12.976849556,80.2198486328,44064,44075,11
12.9767198563,80.2199401855,44075,44085,10
12.9764795303,80.2200317383,44085,44155,70
12.9761104584,80.220199585,44155,44256,101
12.9761104584,80.220199585,44256,44266,10
12.9759302139,80.2203369141,44266,44276,10
12.9757404327,80.2203903198,44276,44286,10
12.9755401611,80.2205963135,44286,44296,10
12.9756803513,80.2209396362,44296,44307,11
12.9762201309,80.2216186523,44307,44327,20
12.9762201309,80.2216186523,44327,44337,10
12.976269722,80.2217178345,44337,44347,10
12.9764795303,80.2220611572,44347,44357,10
12.9767799377,80.2225570679,44357,44367,10
12.9772100449,80.2232589722,44367,44377,10
12.9776601791,80.2239608765,44377,44387,10
12.9780597687,80.224647522,44387,44397,10
12.9784097672,80.2252502441,44397,44407,10
12.9786996841,80.2256774902,44407,44418,11
12.9791402817,80.2264099121,44418,44428,10
12.9795999527,80.2271881104,44428,44438,10
12.980050087,80.2279205322,44438,44448,10
12.980340004,80.2284622192,44448,44458,10
12.9806804657,80.2290496826,44458,44468,10
12.9808101654,80.2292709351,44468,44478,10
12.9809503555,80.2294464111,44478,44488,10
12.9812097549,80.2298812866,44488,44498,10
12.9816303253,80.2304534912,44498,44508,10
12.9816904068,80.2305908203,44508,44518,10
12.9818096161,80.2309265137,44518,44529,11
12.9819402695,80.2315673828,44529,44539,10
12.9819202423,80.2323608398,44539,44549,10
12.9817199707,80.2331314087,44549,44559,10
12.9815502167,80.2335510254,44559,44569,10
12.981470108,80.2337112427,44569,44579,10
12.9812402725,80.2342300415,44579,44589,10
12.9812002182,80.2349624634,44589,44605,16
12.9812498093,80.2364425659,44605,44617,12
12.9812803268,80.2377700806,44617,44625,8
12.9812898636,80.2386016846,44625,44637,12
12.981300354,80.239616394,44637,44648,11
12.9813098907,80.2404022217,44648,44658,10
12.9813098907,80.2412796021,44658,44668,10
12.9813404083,80.2420806885,44668,44678,10
12.9813404083,80.24243927,44678,44688,10
12.981300354,80.2427368164,44688,44698,10
12.9813098907,80.2427597046,44698,44708,10
12.9813098907,80.2429885864,44708,44718,10
12.981300354,80.2434616089,44718,44729,11
12.9812202454,80.2441177368,44729,44739,10
12.9811296463,80.2449874878,44739,44750,11
12.9809999466,80.2461624146,44750,44760,10
12.9808797836,80.2473220825,44760,44770,10
12.980799675,80.2484970093,44770,44780,10
12.9806804657,80.249671936,44780,44790,10
12.9804096222,80.2508087158,44790,44800,10
12.9801597595,80.2518234253,44800,44810,10
12.9801197052,80.2520294189,44810,44820,10
12.9801101685,80.2521286011,44820,44830,10
12.9800395966,80.2523422241,44830,44840,10
12.9802503586,80.2526016235,44840,44850,10
12.9807596207,80.2526473999,44850,44861,11
12.9816703796,80.2526168823,44861,44871,10
12.9827003479,80.2525787354,44871,44881,10
12.9837999344,80.2523880005,44881,44891,10
12.9848804474,80.2520980835,44891,44901,10
12.986120224,80.2517318726,44901,44951,50
12.986120224,80.2517318726,44951,44961,10
12.9863395691,80.2517166138,44961,44971,10
12.9868497849,80.2515792847,44971,44982,11
12.9876403809,80.2513427734,44982,44992,10
12.9879703522,80.2516479492,44992,45002,10
12.9879798889,80.2518463135,45002,45012,10
12.9880304337,80.2521514893,45012,45022,10
12.9879398346,80.2527389526,45022,45032,10
12.9878396988,80.2535095215,45032,45042,10
12.9877300262,80.2542419434,45042,45052,10
12.9878196716,80.2546615601,45052,45093,41
12.9878196716,80.2546615601,45093,45103,10
12.9877700806,80.255027771,45103,45113,10
12.987739563,80.2553634644,45113,45123,10
12.9876699448,80.2556915283,45123,45133,10
12.9875802994,80.256072998,45133,45143,10
12.9875297546,80.2567062378,45143,45153,10
12.9874000549,80.2573165894,45153,45163,10
12.9873800278,80.258102417,45163,45173,10
12.9874000549,80.2588424683,45173,45183,10
12.9873800278,80.2593994141,45183,45194,11
12.9870996475,80.2595672607,45194,45204,10
12.9870901108,80.2595672607,45204,45214,10
12.9869098663,80.2595672607,45214,45224,10
12.9866104126,80.2594528198,45224,45234,10
12.9866600037,80.2590713501,45234,46505,1271
12.9870700836,80.2591018677,46505,46535,30
12.9870700836,80.2591018677,46535,46546,11
12.9873600006,80.2589035034,46546,46556,10
12.9873695374,80.2584381104,46556,46566,10
12.9874000549,80.2580795288,46566,46576,10
12.9874401093,80.2576828003,46576,46586,10
12.9875001907,80.2572479248,46586,46596,10
12.9875297546,80.2569732666,46596,46606,10
12.987569809,80.2565002441,46606,46737,131
12.987569809,80.2565002441,46737,46747,10
12.9874601364,80.2562637329,46747,46757,10
12.9875297546,80.2559204102,46757,46767,10
12.9876804352,80.2553100586,46767,46778,11
12.987739563,80.2548522949,46778,46788,10
12.9877595901,80.2546463013,46788,46798,10
12.9877796173,80.2541503906,46798,46808,10
12.987859726,80.2534408569,46808,46818,10
12.9879102707,80.2526016235,46818,46828,10
12.9878196716,80.2518234253,46828,46838,10
12.9876699448,80.2516098022,46838,46848,10
12.987569809,80.2515792847,46848,46858,10
12.987159729,80.2516174316,46858,46868,10
12.9865503311,80.2517776489,46868,46878,10
12.9857797623,80.2519836426,46878,46889,11
12.9846696854,80.2522583008,46889,46899,10
12.9835500717,80.2525405884,46899,46909,10
12.9823999405,80.2526702881,46909,46919,10
12.9812602997,80.2526931763,46919,46929,10
12.980340004,80.2527313232,46929,46939,10
12.9800195694,80.2527389526,46939,46949,10
12.9798002243,80.2526092529,46949,46969,20
12.9798002243,80.2526092529,46969,46979,10
12.9798698425,80.2525177002,46979,46989,10
12.9799003601,80.2521972656,46989,47000,11
12.9798898697,80.2521820068,47000,47010,10
12.979929924,80.2520599365,47010,47020,10
12.9800100327,80.2518386841,47020,47030,10
12.9801597595,80.2514419556,47030,47040,10
12.9803695679,80.250793457,47040,47050,10
12.9805698395,80.2499465942,47050,47060,10
12.9807300568,80.248916626,47060,47070,10
12.9808197021,80.2478027344,47070,47080,10
12.9809103012,80.2466430664,47080,47090,10
12.9810400009,80.2454605103,47090,47100,10
12.981180191,80.2442932129,47100,47111,11
12.9812202454,80.2436828613,47111,47121,10
12.9813203812,80.2433624268,47121,47131,10
12.9813499451,80.2431182861,47131,47141,10
12.9813899994,80.2427520752,47141,47161,20
12.9813899994,80.2427520752,47161,47171,10
12.9814100266,80.2425613403,47171,47181,10
12.9813995361,80.242149353,47181,47191,10
12.9813899994,80.2414627075,47191,47201,10
12.9813699722,80.2406768799,47201,47211,10
12.9813404083,80.2398223877,47211,47222,11
12.9813203812,80.2389297485,47222,47232,10
12.9812803268,80.2378921509,47232,47252,20
12.9812803268,80.2378921509,47252,47262,10
12.9812803268,80.2377624512,47262,47272,10
12.9812698364,80.2373199463,47272,47282,10
12.9812602997,80.2366409302,47282,47292,10
12.9812402725,80.2358016968,47292,47302,10
12.9812002182,80.2349090576,47302,47312,10
12.9812898636,80.2340774536,47312,47322,10
12.9815797806,80.2334594727,47322,47333,11
12.9816503525,80.2333374023,47333,47343,10
12.9817304611,80.2331924438,47343,47353,10
12.9818897247,80.2328033447,47353,47363,10
12.9820098877,80.2322769165,47363,47373,10
12.9819602966,80.2317962646,47373,47383,10
12.9819602966,80.2314834595,47383,47393,10
12.9819097519,80.2312164307,47393,47403,10
12.9818000793,80.2309036255,47403,47413,10
12.9816703796,80.230682373,47413,47423,10
12.9813995361,80.2302093506,47423,47433,10
12.9809904099,80.2295532227,47433,47443,10
12.9807195663,80.229133606,47443,47454,11
12.9806003571,80.2289505005,47454,47464,10
12.9805297852,80.2287979126,47464,47474,10
12.9803199768,80.2283782959,47474,47484,10
12.980099678,80.2279663086,47484,47494,10
12.9797201157,80.2273406982,47494,47504,10
12.9793596268,80.2267532349,47504,47514,10
12.979060173,80.2262573242,47514,47524,10
12.9786596298,80.2255783081,47524,47534,10
12.9783000946,80.2249679565,47534,47544,10
12.9777803421,80.2241897583,47544,47554,10
12.9769897461,80.2228775024,47554,47575,21
12.9769897461,80.2228775024,47575,47585,10
12.9768400192,80.22265625,47585,47595,10
12.9766302109,80.222328186,47595,47605,10
12.9762802124,80.2217712402,47605,47615,10
12.9757499695,80.2211227417,47615,47694,79
12.9757499695,80.2211227417,47694,47704,10
12.9754400253,80.2208633423,47704,47714,10
12.9753599167,80.2207870483,47714,47724,10
12.9754695892,80.2205581665,47724,47733,9
12.9756298065,80.2203674316,47733,47744,11
12.9759998322,80.220161438,47744,47754,10
12.9766101837,80.2198791504,47754,47764,10
12.9773397446,80.2195663452,47764,47774,10
12.9781904221,80.2192001343,47774,47785,11
12.9788303375,80.218963623,47785,47795,10
12.9795503616,80.2186584473,47795,47805,10
12.9803600311,80.2183532715,47805,47815,10
12.981300354,80.2179718018,47815,47825,10
12.982339859,80.2178268433,47825,47835,10
12.9838399887,80.2178192139,47835,47855,20
12.9838399887,80.2178192139,47855,47865,10
12.9841499329,80.217880249,47865,47875,10
12.9847202301,80.2178573608,47875,47885,10
12.9855003357,80.2178573608,47885,47895,10
12.986410141,80.2180404663,47895,47906,11
12.9872999191,80.2181930542,47906,47922,16
12.9873800278,80.2182235718,47922,47934,12
12.987660408,80.2183303833,47934,47944,10
12.9880399704,80.2183990479,47944,47954,10
12.9888296127,80.2185974121,47954,47964,10
12.9897699356,80.2189025879,47964,47974,10
12.9907999039,80.2192230225,47974,47984,10
12.9916095734,80.2194137573,47984,47994,10
12.9920101166,80.2192382813,47994,48004,10
12.992480278,80.2188568115,48004,48014,10
12.9930200577,80.2184371948,48014,48025,11
12.9935903549,80.217956543,48025,48035,10
12.9940795898,80.2176437378,48035,48044,9
12.9943399429,80.2174530029,48044,48055,11
12.9945497513,80.2173233032,48055,48065,10
12.9948101044,80.2171173096,48065,48075,10
12.9949798584,80.2170181274,48075,48085,10
12.9953804016,80.2167892456,48085,48095,10
12.9960002899,80.2166137695,48095,48105,10
12.9967403412,80.2164764404,48105,48115,10
12.9976196289,80.2160415649,48115,48136,21
12.9976196289,80.2160415649,48136,48146,10
12.9978103638,80.2158966064,48146,48156,10
12.9981403351,80.2155990601,48156,48166,10
12.9986696243,80.2151565552,48166,48176,10
12.9991703033,80.2147598267,48176,48186,10
12.9994401932,80.2145080566,48186,48196,10
12.9998397827,80.2141723633,48196,48206,10
13.0002803802,80.2137832642,48206,48216,10
13.000749588,80.2133483887,48216,48226,10
13.0013303757,80.2128829956,48226,48237,11
13.0018997192,80.2124710083,48237,48247,10
13.0022201538,80.2122879028,48247,48257,10
13.0027399063,80.2121200562,48257,48267,10
13.0033597946,80.2120513916,48267,48277,10
13.0036401749,80.2118835449,48277,48287,10
13.0036697388,80.2117767334,48287,48297,10
13.0036802292,80.2117080688,48297,48307,10
13.0037298203,80.2115783691,48307,48317,10
13.0037097931,80.2111587524,48317,48327,10
13.0036401749,80.2106628418,48327,48337,10
13.0035495758,80.2101287842,48337,48348,11
13.0035295486,80.2094726563,48348,48358,10
13.0037097931,80.2087402344,48358,48368,10
13.0044698715,80.2088317871,48368,48378,10
13.0055198669,80.2092819214,48378,48388,10
13.0063400269,80.2095565796,48388,48398,10
13.0074300766,80.2098007202,48398,48428,30
13.0074300766,80.2098007202,48428,48438,10
13.0076198578,80.2099609375,48438,48448,10
13.0077295303,80.2099685669,48448,48459,11
13.0080003738,80.2099914551,48459,48469,10
13.0080795288,80.2095870972,48469,48479,10
13.0079498291,80.2088317871,48479,48489,10
13.0078201294,80.2078781128,48489,48499,10
13.0076599121,80.206817627,48499,48509,10
13.007519722,80.2057495117,48509,48519,10
13.007519722,80.2047729492,48519,48529,10
13.0074796677,80.2038269043,48529,48539,10
13.0072898865,80.2027816772,48539,48549,10
13.0065898895,80.2026901245,48549,48559,10
13.0067300797,80.2032699585,48559,48569,10
13.0073003769,80.2035675049,48569,48580,11
13.0081100464,80.2036895752,48580,48590,10
13.0090799332,80.2036590576,48590,48600,10
13.0102996826,80.2036209106,48600,48610,10
13.0116796494,80.2037200928,48610,48620,10
13.0129995346,80.2039794922,48620,48630,10
13.013879776,80.2042617798,48630,48640,10
13.0147199631,80.2045211792,48640,48650,10
13.014960289,80.2045974731,48650,48660,10
13.015130043,80.2046432495,48660,48670,10
13.0155200958,80.2048187256,48670,48680,10
13.0162200928,80.205039978,48680,48691,11
13.0168104172,80.2052764893,48691,48701,10
13.0171298981,80.2053222656,48701,48711,10
13.0182695389,80.2058181763,48711,48721,10
13.018910408,80.2060317993,48721,48731,10
13.0193395615,80.206161499,48731,48741,10
13.0199699402,80.2062835693,48741,48751,10
13.0207796097,80.2062988281,48751,48761,10
13.0214796066,80.2062988281,48761,48771,10
13.0218400955,80.2063293457,48771,48781,10
13.0225601196,80.2063903809,48781,48791,10
13.0232601166,80.2065811157,48791,48802,11
13.0242795944,80.20677948,48802,48812,10
13.025349617,80.2070236206,48812,48822,10
13.0263996124,80.2075195313,48822,48832,10
13.0274600983,80.2081375122,48832,48842,10
13.0285396576,80.2085876465,48842,48852,10
13.029540062,80.2088317871,48852,48862,10
13.029999733,80.2089767456,48862,48872,10
13.0301799774,80.2090377808,48872,48882,10
13.0307703018,80.2091903687,48882,48892,10
13.0316896439,80.2093887329,48892,48913,21
13.0316896439,80.2093887329,48913,48923,10
13.0320196152,80.2095870972,48923,48933,10
13.0321397781,80.2096099854,48933,48943,10
13.0325403214,80.2096405029,48943,48953,10
13.0332298279,80.2097625732,48953,48963,10
13.0340900421,80.2099075317,48963,48973,10
13.0348796844,80.2101135254,48973,48983,10
13.0349597931,80.2105865479,48983,48993,10
13.0350198746,80.2111816406,48993,49023,30
13.0350198746,80.2111816406,49023,49034,11
13.0349502563,80.2115020752,49034,49044,10
13.0348997116,80.2120285034,49044,49054,10
13.035490036,80.2122421265,49054,49064,10
13.036190033,80.2122802734,49064,49074,10
13.0367803574,80.2123184204,49074,49090,16
13.0369701385,80.2122573853,49090,49102,12
13.0371198654,80.2122573853,49102,49110,8
13.0372695923,80.2122573853,49110,49122,12
13.0379104614,80.2122497559,49122,49132,10
13.0387401581,80.2122192383,49132,49143,11
13.0398397446,80.2122192383,49143,49153,10
13.0409603119,80.2122421265,49153,49163,10
13.0420799255,80.2122497559,49163,49173,10
13.0432596207,80.2122573853,49173,49183,10
13.0444097519,80.2122421265,49183,49193,10
13.0454797745,80.2122116089,49193,49203,10
13.0463895798,80.2121887207,49203,49212,9
13.0473899841,80.212097168,49212,49223,11
13.0482902527,80.2120132446,49223,49232,9
13.0486803055,80.2119903564,49232,49243,11
13.0487604141,80.2119674683,49243,49254,11
13.0490398407,80.2119598389,49254,49264,10
13.0495901108,80.2119293213,49264,49294,30
13.0495901108,80.2119293213,49294,49304,10
13.0499401093,80.2118606567,49304,49314,10
13.0502796173,80.2119064331,49314,49323,9
13.0507001877,80.2119674683,49323,49333,10
13.0512504578,80.2120513916,49333,49344,11
13.0523700714,80.2118988037,49344,49354,10
13.0533800125,80.2116775513,49354,49365,11
13.0540800095,80.2115020752,49365,49375,10
13.0543403625,80.2114486694,49375,49385,10
13.0546102524,80.2114334106,49385,49395,10
13.0551996231,80.2114868164,49395,49405,10
13.0560398102,80.2115097046,49405,49415,10
13.0570001602,80.211479187,49415,49425,10
13.0576400757,80.2114181519,49425,49435,10
13.0577802658,80.2114028931,49435,49445,10
13.0582799911,80.2114181519,49445,49455,10
13.0589704514,80.2114562988,49455,49465,10
13.0597496033,80.2115631104,49465,49476,11
13.0608997345,80.2116088867,49476,49486,10
13.0619497299,80.2116165161,49486,49496,10
13.062959671,80.2115325928,49496,49506,10
13.0634002686,80.2114868164,49506,49516,10
13.0638799667,80.2114486694,49516,49526,10
13.0645303726,80.2112731934,49526,49536,10
13.0652599335,80.2108688354,49536,49546,10
13.066069603,80.2102432251,49546,49555,9
13.0668296814,80.2095794678,49555,49566,11
13.0672302246,80.2089004517,49566,49576,10
13.0674695969,80.2085113525,49576,49587,11
13.0679502487,80.2077713013,49587,49597,10
13.0684995651,80.2069625854,49597,49607,10
13.0690498352,80.2060928345,49607,49617,10
13.0695199966,80.2052993774,49617,49627,10
13.0697002411,80.2049636841,49627,49637,10
13.0693702698,80.2048110962,49637,49647,10
13.0690002441,80.2052307129,49647,49657,10
13.0685997009,80.2051620483,49657,49724,67
13.0685997009,80.2051620483,49724,49735,11
13.0680704117,80.2051467896,49735,50132,397
13.0680704117,80.2051467896,50132,50142,10
13.0682697296,80.2049636841,50142,50153,11
13.0685100555,80.2048721313,50153,50163,10
13.0689001083,80.2047424316,50163,50173,10
13.0692796707,80.2047195435,50173,50183,10
13.0694904327,80.2047576904,50183,50193,10
13.0697603226,80.2048721313,50193,50203,10
13.0697402954,80.2052993774,50203,50213,10
13.0694503784,80.2057418823,50213,50223,10
13.0689296722,80.2065429688,50223,50233,10
13.0685501099,80.2070999146,50233,50243,10
13.0678901672,80.208152771,50243,50253,10
13.0672197342,80.2091827393,50253,50254,1
13.0672197342,80.2091827393,50254,50302,48
13.0636396408,80.2116699219,50302,50312,10
13.0630397797,80.2117233276,50312,50322,10
13.0623197556,80.2117996216,50322,50332,10
13.0613002777,80.2117614746,50332,50342,10
13.0601100922,80.2116622925,50342,50352,10
13.0589599609,80.2116012573,50352,50362,10
13.057849884,80.2115783691,50362,50372,10
13.05671978,80.2115707397,50372,50383,11
13.0554599762,80.2115325928,50383,50396,13
13.0541200638,80.2115783691,50396,50406,10
13.0530796051,80.2118606567,50406,50415,9
13.0522899628,80.2120666504,50415,50426,11
13.0512504578,80.2121429443,50426,50436,10
13.0505695343,80.2123336792,50436,50445,9
13.049779892,80.2121963501,50445,50455,10
13.0496397018,80.2121276855,50455,50466,11
13.0492401123,80.2121505737,50466,50476,10
13.0485801697,80.2121734619,50476,50486,10
13.0477399826,80.2122268677,50486,50496,10
13.0466995239,80.2123031616,50496,50507,11
13.0455598831,80.2123413086,50507,50517,10
13.0444602966,80.2123794556,50517,50527,10
13.0433502197,80.2123413086,50527,50537,10
13.0422201157,80.2123413086,50537,50547,10
13.0410604477,80.2123413086,50547,50557,10
13.0398597717,80.212348938,50557,50566,9
13.0388402939,80.2123718262,50566,50576,10
13.0377101898,80.212348938,50576,50587,11
13.0365400314,80.212310791,50587,50598,11
13.0354700089,80.2122879028,50598,50628,30
13.0354700089,80.2122879028,50628,50638,10
13.0350999832,80.2122802734,50638,50648,10
13.0345201492,80.2121582031,50648,50668,20
13.0345201492,80.2121582031,50668,50678,10
13.0342597961,80.2121124268,50678,50688,10
13.0337200165,80.2119903564,50688,50698,10
13.0331001282,80.2118530273,50698,50708,10
13.0322904587,80.2117385864,50708,50718,10
13.0319795609,80.2112808228,50718,50729,11
13.0320596695,80.2104415894,50729,50739,10
13.0320501328,80.2096633911,50739,50749,10
13.0314102173,80.2094268799,50749,50759,10
13.0308599472,80.2092819214,50759,50769,10
13.030500412,80.2091827393,50769,50779,10
13.0298900604,80.2089767456,50779,50789,10
13.0294504166,80.2088470459,50789,50799,10
13.0291795731,80.2087936401,50799,50809,10
13.0284996033,80.2086410522,50809,50819,10
13.027680397,80.2083587646,50819,50830,11
13.0267496109,80.2077789307,50830,50840,10
13.0258903503,80.2072677612,50840,50850,10
13.0248203278,80.2070007324,50850,50860,10
13.0240602493,80.2068099976,50860,50870,10
13.0233097076,80.2066421509,50870,50880,10
13.0223703384,80.2064666748,50880,50890,10
13.0212602615,80.2063980103,50890,50900,10
13.0200796127,80.2063827515,50900,50910,10
13.0191497803,80.2062835693,50910,50920,10
13.0184602737,80.2060623169,50920,50930,10
13.017660141,80.2058105469,50930,50941,11
13.0171203613,80.2055587769,50941,50951,10
13.0162801743,80.205291748,50951,50961,10
13.0153198242,80.2049484253,50961,50971,10
13.0142498016,80.2045516968,50971,50981,10
13.0136899948,80.2043762207,50981,50991,10
13.0135202408,80.2047195435,50991,51001,10
13.0132904053,80.2054214478,51001,51011,10
13.0130796432,80.2062530518,51011,51021,10
13.0129899979,80.20728302,51021,51031,10
13.0129203796,80.2077789307,51031,51041,10
13.0129098892,80.2082366943,51041,51052,11
13.0129003525,80.2087020874,51052,51062,10
13.013010025,80.2092208862,51062,51072,10
13.0132198334,80.2098083496,51072,51082,10
13.0131196976,80.2106399536,51082,51092,10
13.0127096176,80.2115402222,51092,51102,10
13.0123195648,80.2122879028,51102,51112,10
13.0119600296,80.2127532959,51112,51122,10
13.0116796494,80.2126998901,51122,51132,10
13.0112400055,80.2123794556,51132,51142,10
13.0106201172,80.2119064331,51142,51152,10
13.0100402832,80.21144104,51152,51163,11
13.0096597672,80.211151123,51163,51173,10
13.0096502304,80.211151123,51173,51183,10
13.0093603134,80.2109832764,51183,51202,19
13.0093603134,80.2109832764,51202,51212,10
13.0092000961,80.2112426758,51212,51223,11
13.0090303421,80.2115707397,51223,51233,10
13.009180069,80.2120437622,51233,51243,10
13.0094003677,80.2127227783,51243,51253,10
13.0096597672,80.2134094238,51253,51263,10
13.0099496841,80.2141265869,51263,51274,11
13.0101804733,80.2149581909,51274,51284,10
13.0103502274,80.2158584595,51284,51294,10
13.0107803345,80.2168197632,51294,51304,10
13.0112495422,80.2178878784,51304,51314,10
13.0116596222,80.2190170288,51314,51324,10
13.0120401382,80.2202377319,51324,51334,10
13.0123901367,80.2211990356,51334,51343,9
13.0126495361,80.2216415405,51343,51353,10
13.0130300522,80.2221832275,51353,51364,11
13.0135698318,80.2227096558,51364,51374,10
13.0140800476,80.2233581543,51374,51385,11
13.0143699646,80.2236785889,51385,51395,10
13.0149402618,80.2244186401,51395,51405,10
13.01541996,80.2251205444,51405,51425,20
13.01541996,80.2251205444,51425,51435,10
13.0154800415,80.2253417969,51435,51445,10
13.0153398514,80.2257614136,51445,51455,10
13.014840126,80.2259979248,51455,51465,10
13.014169693,80.2262802124,51465,51475,10
13.0132904053,80.2266082764,51475,51485,10
13.0122804642,80.2270126343,51485,51496,11
13.0110998154,80.2274780273,51496,51506,10
13.0100603104,80.2278671265,51506,51516,10
13.0094900131,80.2277069092,51516,51526,10
13.00963974,80.2273483276,51526,51536,10
13.0098896027,80.2267303467,51536,51546,10
13.0101900101,80.2259674072,51546,51556,10
13.0105104446,80.2252120972,51556,51566,10
13.0107097626,80.224822998,51566,51576,10
13.0108604431,80.2244186401,51576,51586,10
13.0111198425,80.2238006592,51586,51596,10
13.0113201141,80.2232589722,51596,51606,10
13.0110797882,80.2230682373,51606,51617,11
13.0104398727,80.2227478027,51617,51627,10
13.0098600388,80.2224197388,51627,51637,10
13.0093402863,80.2221374512,51637,51647,10
13.0086898804,80.2217712402,51647,51657,10
13.0079803467,80.2213821411,51657,51667,10
13.0071897507,80.2210006714,51667,51677,10
13.006360054,80.2205886841,51677,51687,10
13.0053501129,80.2203674316,51687,51697,10
13.0043497086,80.220123291,51697,51707,10
13.0036497116,80.2199630737,51707,51717,10
13.0029697418,80.2197418213,51717,51728,11
13.0022802353,80.2192764282,51728,51738,10
13.0019397736,80.2189178467,51738,51754,16
13.0010299683,80.2182235718,51754,51766,12
13.000120163,80.2176208496,51766,51776,10
12.9994401932,80.2171936035,51776,51786,10
12.9986801147,80.2168273926,51786,51796,10
12.9978199005,80.2165222168,51796,51804,8
12.9973897934,80.2165222168,51804,51816,12
12.9973497391,80.2165222168,51816,51826,10
12.997130394,80.216506958,51826,51836,10
12.9965400696,80.2165374756,51836,51847,11
12.995759964,80.2167510986,51847,51857,10
12.995010376,80.2171020508,51857,51866,9
12.99421978,80.2176589966,51866,51877,11
12.9935102463,80.2182006836,51877,51887,10
12.9928102493,80.2187271118,51887,51897,10
12.991900444,80.219329834,51897,51907,10
12.9912996292,80.2195129395,51907,51917,10
12.9904203415,80.2192077637,51917,51927,10
12.9893302917,80.2188110352,51927,51937,10
12.9882898331,80.21849823,51937,51947,10
12.9872303009,80.2182922363,51947,51958,11
12.986579895,80.2181777954,51958,51968,10
12.9865703583,80.218170166,51968,51978,10
12.9862003326,80.2180404663,51978,51988,10
12.9855098724,80.2179107666,51988,51998,10
12.9846897125,80.217918396,51998,52008,10
12.9840097427,80.2179412842,52008,52018,10
12.9839401245,80.2179412842,52018,52028,10
12.9837198257,80.2179489136,52028,52038,10
12.9831399918,80.217956543,52038,52048,10
12.9823198318,80.2179718018,52048,52058,10
12.981300354,80.2180862427,52058,52069,11
12.9801197052,80.2184829712,52069,52079,10
12.9791498184,80.2188720703,52079,52089,10
12.9785203934,80.219078064,52089,52099,10
12.9778404236,80.2193603516,52099,52109,10
12.9769496918,80.2197265625,52109,52119,10
12.9759998322,80.220161438,52119,52129,10
12.9754896164,80.2206420898,52129,52139,10
12.9758901596,80.2211074829,52139,52149,10
12.9762601852,80.221572876,52149,52159,10
12.9763298035,80.2216796875,52159,52175,16
12.9763498306,80.2218322754,52175,52188,13
12.9765195847,80.2221679688,52188,52198,10
12.9767303467,80.2224578857,52198,52208,10
12.9771795273,80.2231826782,52208,52218,10
12.977640152,80.2238693237,52218,52225,7
12.9779901505,80.2244186401,52225,52238,13
12.9786195755,80.2254867554,52238,52248,10
12.979060173,80.2262115479,52248,52258,10
12.9794797897,80.2268981934,52258,52268,10
12.9798402786,80.2275085449,52268,52278,10
12.9799003601,80.2276000977,52278,52288,10
12.9801301956,80.2279586792,52288,52299,11
12.9804897308,80.2285995483,52299,52309,10
12.9808797836,80.2292022705,52309,52332,23
12.9816598892,80.2304534912,52332,52344,12
12.9817895889,80.2307815552,52344,52354,10
12.9819097519,80.231300354,52354,52364,10
12.9819803238,80.2321166992,52364,52374,10
12.9818496704,80.2328720093,52374,52384,10
12.9816198349,80.2334671021,52384,52394,10
12.9815797806,80.233543396,52394,52404,10
12.9814195633,80.2338562012,52404,52415,11
12.9812202454,80.2345809937,52415,52425,10
12.9812202454,80.2355422974,52425,52435,10
12.9812402725,80.2366104126,52435,52445,10
12.9812498093,80.2375793457,52445,52455,10
12.9812803268,80.2384872437,52455,52465,10
12.9812803268,80.2386627197,52465,52475,10
12.9812602997,80.2387008667,52475,52485,10
12.9812498093,80.2390365601,52485,52495,10
12.9812402725,80.2392807007,52495,52504,9
12.9812602997,80.2395935059,52504,52515,11
12.981300354,80.2401504517,52515,52526,11
12.981300354,80.2409667969,52526,52536,10
12.9813098907,80.2418365479,52536,52546,10
12.9813098907,80.2426986694,52546,52556,10
12.9813404083,80.2430877686,52556,52566,10
12.9813404083,80.2431869507,52566,52576,10
12.9813203812,80.2436599731,52576,52586,10
12.9812202454,80.244430542,52586,52596,10
12.9811000824,80.2453994751,52596,52606,10
12.9809799194,80.2465591431,52606,52616,10
12.9808597565,80.247718811,52616,52627,11
12.9807596207,80.2490081787,52627,52637,10
12.9805803299,80.2501678467,52637,52647,10
12.9803104401,80.2512817383,52647,52657,10
12.9801197052,80.2521362305,52657,52667,10
12.9800901413,80.252243042,52667,52677,10
12.9800701141,80.2523727417,52677,52687,10
12.9803695679,80.252571106,52687,52697,10
12.9808998108,80.252571106,52697,52707,10
12.9816904068,80.2525482178,52707,52717,10
12.9827299118,80.2525177002,52717,52727,10
12.9838495255,80.2523193359,52727,52737,10
12.9849500656,80.2520065308,52737,52748,11
12.9861097336,80.2516784668,52748,52768,20
12.9861097336,80.2516784668,52768,52784,16
12.9861898422,80.2516403198,52784,52796,12
12.9867095947,80.2515411377,52796,52805,9
12.9871196747,80.2514266968,52805,52816,11
12.9879102707,80.2514419556,52816,52826,10
12.9880199432,80.2520599365,52826,52836,10
12.9879598618,80.2529830933,52836,52846,10
12.9878797531,80.2540664673,52846,52857,11
12.9877796173,80.2550811768,52857,52867,10
12.9877004623,80.2555389404,52867,52957,90
12.9877004623,80.2555389404,52957,52968,11
12.987660408,80.255897522,52968,52978,10
12.9876003265,80.2563018799,52978,52988,10
12.9875497818,80.2568817139,52988,52998,10
12.9874401093,80.2577514648,52998,53008,10
12.9873504639,80.2587432861,53008,53018,10
12.9870300293,80.2594985962,53018,53099,81
12.9870300293,80.2594985962,53099,53109,10
12.9866304398,80.2593994141,53109,53159,50
12.9866304398,80.2593994141,53159,53169,10
12.9866695404,80.2590408325,53169,53926,757
12.9870195389,80.2591171265,53926,54047,121
12.9870195389,80.2591171265,54047,54057,10
12.9873199463,80.2588806152,54057,54067,10
12.9873895645,80.2585906982,54067,54077,10
12.9874296188,80.2582778931,54077,54088,11
12.9874696732,80.257522583,54088,54098,10
12.9875402451,80.2566680908,54098,54108,10
12.987569809,80.2558670044,54108,54118,10
12.9876699448,80.2555236816,54118,54128,10
12.9876804352,80.2550430298,54128,54138,10
12.9876804352,80.2549209595,54138,54148,10
12.9877099991,80.254699707,54148,54158,10
12.9877700806,80.2541275024,54158,54168,10
12.9878396988,80.2533569336,54168,54184,16
12.987859726,80.2519607544,54184,54196,12
12.9877996445,80.251701355,54196,54207,11
12.9874000549,80.2516021729,54207,54217,10
12.9871397018,80.2516403198,54217,54227,10
12.9869604111,80.2516784668,54227,54237,10
12.9867401123,80.2517471313,54237,54247,10
12.9864597321,80.2518005371,54247,54257,10
12.9862699509,80.2518386841,54257,54266,9
12.9860601425,80.2518768311,54266,54277,11
12.9856004715,80.2520217896,54277,54287,10
12.9848499298,80.2522277832,54287,54297,10
12.9839696884,80.252456665,54297,54307,10
12.9828796387,80.2526779175,54307,54318,11
12.9816102982,80.2527236938,54318,54328,10
12.9806003571,80.252746582,54328,54338,10
12.9802799225,80.2527770996,54338,54348,10
12.9799699783,80.2527389526,54348,54358,10
12.9798402786,80.2526168823,54358,54368,10
12.9798803329,80.2522964478,54368,54378,10
12.9799003601,80.2522201538,54378,54388,10
12.9799404144,80.2520980835,54388,54398,10
12.9800100327,80.2518768311,54398,54408,10
12.9801597595,80.2514266968,54408,54418,10
12.9803800583,80.2507171631,54418,54429,11
12.9806203842,80.2497634888,54429,54439,10
12.9807395935,80.2487106323,54439,54449,10
12.9808101654,80.2476425171,54449,54459,10
12.980890274,80.2465286255,54459,54469,10
12.9810304642,80.2453765869,54469,54479,10
12.9811201096,80.2442321777,54479,54489,10
12.9812698364,80.2435836792,54489,54499,10
12.9813203812,80.2432403564,54499,54509,10
12.9813299179,80.2428512573,54509,54519,10
12.9813098907,80.2427597046,54519,54529,10
12.9813404083,80.242477417,54529,54570,41
12.9813404083,80.242477417,54570,54586,16
12.9813098907,80.2421188354,54586,54598,12
12.9813404083,80.2415237427,54598,54608,10
12.9813404083,80.2410125732,54608,54616,8
12.9813404083,80.2403106689,54616,54628,12
12.9813098907,80.239440918,54628,54638,10
12.9812698364,80.2386779785,54638,54648,10
12.9812498093,80.2380218506,54648,54659,11
12.9812402725,80.237953186,54659,54669,10
12.9812297821,80.2376708984,54669,54679,10
12.9812297821,80.2371292114,54679,54689,10
12.9812202454,80.2363967896,54689,54699,10
12.9811897278,80.2355728149,54699,54709,10
12.9811697006,80.2346572876,54709,54719,10
12.9813995361,80.233757019,54719,54729,10
12.9816102982,80.2332992554,54729,54739,10
12.9816799164,80.2331771851,54739,54749,10
12.9818496704,80.2327728271,54749,54759,10
12.9819698334,80.2322616577,54759,54770,11
12.9819402695,80.2316818237,54770,54780,10
12.9818201065,80.2311477661,54780,54790,10
12.9815998077,80.2306518555,54790,54800,10
12.9812498093,80.2300415039,54800,54810,10
12.9808397293,80.2293624878,54810,54820,10
12.9806699753,80.2290802002,54820,54830,10
12.9806499481,80.2290420532,54830,54840,10
12.9804496765,80.2286987305,54840,54850,10
12.9802703857,80.2282791138,54850,54860,10
12.9800195694,80.2278366089,54860,54870,10
12.9796800613,80.2272720337,54870,54881,11
12.9792699814,80.2265777588,54881,54891,10
12.9788503647,80.2258682251,54891,54901,10
12.9783601761,80.2250366211,54901,54911,10
12.9778699875,80.2243423462,54911,54921,10
12.9774503708,80.2236328125,54921,54931,10
12.9770298004,80.2229232788,54931,54941,10
12.9766798019,80.2223434448,54941,54951,10
12.9763202667,80.2217712402,54951,54961,10
12.9761104584,80.2215194702,54961,54971,10
12.9756603241,80.221031189,54971,54992,21
12.9756603241,80.221031189,54992,55002,10
12.9756002426,80.2209396362,55002,55012,10
12.9753503799,80.2206878662,55012,55022,10
12.975569725,80.2203598022,55022,55032,10
12.9760704041,80.2200622559,55032,55042,10
12.9766597748,80.219833374,55042,55052,10
12.9773902893,80.2194976807,55052,55062,10
12.9780502319,80.2192001343,55062,55072,10
12.9786300659,80.2189407349,55072,55082,10
12.9792404175,80.2186889648,55082,55092,10
12.9800300598,80.2184295654,55092,55103,11
12.9810800552,80.2180633545,55103,55113,10
12.9820699692,80.2178497314,55113,55123,10
12.9829597473,80.2178268433,55123,55133,10
12.9836301804,80.2177963257,55133,55143,10
12.9838695526,80.2177886963,55143,55153,10
12.9841804504,80.2177963257,55153,55163,10
12.9846897125,80.2178192139,55163,55173,10
12.9854202271,80.2178268433,55173,55183,10
12.9862203598,80.2179794312,55183,55193,10
12.9873199463,80.218208313,55193,55224,31
12.9873199463,80.218208313,55224,55234,10
12.9875497818,80.2182693481,55234,55244,10
12.9880800247,80.2183990479,55244,55254,10
12.9887800217,80.2185668945,55254,55264,10
12.989569664,80.2188415527,55264,55274,10
12.9904003143,80.2191314697,55274,55284,10
12.9912700653,80.2193603516,55284,55294,10
12.9919996262,80.2191619873,55294,55304,10
12.9926996231,80.2187194824,55304,55314,10
12.9933795929,80.2181777954,55314,55324,10
12.9939899445,80.2176818848,55324,55335,11
12.9944801331,80.217338562,55335,55345,10
12.9946403503,80.2172317505,55345,55355,10
12.99477005,80.2171096802,55355,55365,10
12.9949598312,80.2170028687,55365,55375,10
12.9953203201,80.2167663574,55375,55385,10
12.9959402084,80.216583252,55385,55395,10
12.9967403412,80.2164611816,55395,55405,10
12.9972496033,80.2162628174,55405,55415,10
12.9975204468,80.2160110474,55415,55425,10
12.9975795746,80.2159881592,55425,55435,10
12.9978599548,80.2157669067,55435,55446,11
12.9982795715,80.2153701782,55446,55456,10
12.9989004135,80.2148590088,55456,55466,10
12.9992103577,80.21459198,55466,55476,10
12.9996299744,80.2142410278,55476,55486,10
13.000120163,80.2138214111,55486,55496,10
13.0006799698,80.2133102417,55496,55506,10
13.001250267,80.2127990723,55506,55516,10
13.0018796921,80.2123794556,55516,55526,10
13.0024404526,80.2120819092,55526,55536,10
13.0028896332,80.2120132446,55536,55546,10
13.0032396317,80.2119293213,55546,55557,11
13.0035400391,80.2118225098,55557,55567,10
13.0036001205,80.2114334106,55567,55577,10
13.0036001205,80.2108688354,55577,55587,10
13.0035200119,80.2101364136,55587,55597,10
13.0034999847,80.2094421387,55597,55607,10
13.0037403107,80.2086715698,55607,55617,10
13.0045204163,80.2088623047,55617,55627,10
13.0054197311,80.2092437744,55627,55637,10
13.0062599182,80.2095489502,55637,55647,10
13.0068702698,80.2097396851,55647,55657,10
13.0072898865,80.2097473145,55657,55678,21
13.0072898865,80.2097473145,55678,55688,10
13.0074396133,80.2097930908,55688,55698,10
13.0077800751,80.2098770142,55698,55708,10
13.0079803467,80.2099227905,55708,55718,10
13.0080900192,80.2096633911,55718,55728,10
13.0079698563,80.2090606689,55728,55738,10
13.0078802109,80.2082672119,55738,55748,10
13.0077295303,80.20728302,55748,55758,10
13.0075798035,80.2062988281,55758,55768,10
13.0075101852,80.205406189,55768,55779,11
13.0074996948,80.2045669556,55779,55789,10
13.0074396133,80.2037963867,55789,55799,10
13.0073204041,80.2030410767,55799,55809,10
13.0068502426,80.2025375366,55809,55819,10
13.0065002441,80.2030029297,55819,55829,10
13.0067796707,80.2033462524,55829,55841,12
13.007349968,80.2036132813,55841,55851,10
13.0080003738,80.2036972046,55851,55861,10
13.0087604523,80.2036819458,55861,55871,10
13.0097398758,80.2035980225,55871,55881,10
13.0108299255,80.2036209106,55881,55891,10
13.0119800568,80.2037582397,55891,55901,10
13.013010025,80.2039794922,55901,55914,13
13.0139503479,80.2043075562,55914,55924,10
13.0145702362,80.2045211792,55924,55934,10
13.0149898529,80.2046203613,55934,55944,10
13.0151195526,80.2046432495,55944,55954,10
13.0155801773,80.2048034668,55954,55964,10
13.0158901215,80.2050170898,55964,55974,10
13.0161600113,80.2050704956,55974,55984,10
13.0167703629,80.2051467896,55984,56007,23
13.0186700821,80.2059326172,56007,56030,23
13.0186700821,80.2059326172,56030,56040,10
13.0189399719,80.2060394287,56040,56049,9
13.0194396973,80.206161499,56049,56059,10
13.0202302933,80.2062835693,56059,56070,11
13.0212497711,80.2063064575,56070,56078,8
13.0218601227,80.2064666748,56078,56090,12
13.0228996277,80.2066192627,56090,56099,9
13.0234498978,80.2066421509,56099,56110,11
13.0236101151,80.2066268921,56110,56121,11
13.0238895416,80.2066421509,56121,56131,10
13.0242300034,80.2066802979,56131,56141,10
13.0243196487,80.206703186,56141,56151,10
13.0244398117,80.2067184448,56151,56161,10
13.0248699188,80.206817627,56161,56171,10
13.0256299973,80.2070617676,56171,56181,10
13.02643013,80.2075195313,56181,56191,10
13.0271396637,80.2079467773,56191,56201,10
13.027469635,80.2081375122,56201,56211,10
13.0277996063,80.2083206177,56211,56221,10
13.0284204483,80.2085418701,56221,56232,11
13.0291700363,80.2087173462,56232,56242,10
13.029589653,80.2088394165,56242,56252,10
13.0296497345,80.2088623047,56252,56262,10
13.0298700333,80.2089233398,56262,56272,10
13.0300798416,80.2089691162,56272,56282,10
13.0304002762,80.2090835571,56282,56292,10
13.0310001373,80.2092514038,56292,56302,10
13.0314798355,80.2093811035,56302,56312,10
13.0315799713,80.2093963623,56312,56322,10
13.0319404602,80.209487915,56322,56332,10
13.0325403214,80.2096176147,56332,56343,11
13.0333204269,80.2098083496,56343,56353,10
13.0341300964,80.2099380493,56353,56363,10
13.0349397659,80.2100601196,56363,56373,10
13.035030365,80.2104797363,56373,56383,10
13.0349597931,80.2109375,56383,56393,10
13.0349302292,80.2112884521,56393,56403,10
13.0349197388,80.2113800049,56403,56413,10
13.0348701477,80.2117385864,56413,56423,10
13.0349798203,80.2121887207,56423,56433,10
13.0356502533,80.2122573853,56433,56443,10
13.036239624,80.2122802734,56443,56453,10
13.0367202759,80.2122421265,56453,56474,21
13.0367202759,80.2122421265,56474,56484,10
13.0371799469,80.212272644,56484,56494,10
13.0376396179,80.2122802734,56494,56504,10
13.0383996964,80.2122573853,56504,56514,10
13.0393600464,80.2122268677,56514,56524,10
13.0404996872,80.2122573853,56524,56534,10
13.0416402817,80.212348938,56534,56544,10
13.0427999496,80.2123031616,56544,56553,9
13.0440998077,80.2122421265,56553,56625,72
13.0442199707,80.2124099731,56625,56655,30
13.0442199707,80.2124099731,56655,56665,10
13.0443496704,80.2122497559,56665,56675,10
13.0448303223,80.2122497559,56675,56686,11
13.0457496643,80.2122421265,56686,56696,10
13.0467395782,80.2122421265,56696,56706,10
13.0478096008,80.2121505737,56706,56716,10
13.0487003326,80.212059021,56716,56726,10
13.0488195419,80.2120285034,56726,56736,10
13.0489301682,80.2120132446,56736,56746,10
13.0493803024,80.2119827271,56746,56756,10
13.0500001907,80.2119369507,56756,56776,20
13.0500001907,80.2119369507,56776,56786,10
13.0504198074,80.2119522095,56786,56797,11
13.051030159,80.2119903564,56797,56806,9
13.0519199371,80.2120132446,56806,56818,12
13.053150177,80.2118225098,56818,56828,10
13.0542097092,80.2115707397,56828,56838,10
13.0552597046,80.2114715576,56838,56848,10
13.0564899445,80.211479187,56848,56858,10
13.057390213,80.2114486694,56858,56868,10
13.0575304031,80.2114486694,56868,56878,10
13.0578899384,80.2114868164,56878,56888,10
13.0584697723,80.2115020752,56888,56898,10
13.0592002869,80.2115097046,56898,56909,11
13.0600996017,80.2115631104,56909,56919,10
13.0610399246,80.2115936279,56919,56929,10
13.061920166,80.2116317749,56929,56939,10
13.0628595352,80.2116088867,56939,56949,10
13.0635499954,80.211517334,56949,56959,10
13.0641002655,80.211517334,56959,56969,10
13.0647802353,80.2113189697,56969,56979,10
13.065489769,80.2107315063,56979,56989,10
13.0663003922,80.2100524902,56989,56999,10
13.0669803619,80.209487915,56999,57009,10
13.0675802231,80.2083969116,57009,57020,11
13.06828022,80.207359314,57020,57030,10
13.0689001083,80.2063980103,57030,57040,10
13.0694303513,80.2054672241,57040,57050,10
13.0695495605,80.2052230835,57050,57060,10
13.0695800781,80.2051391602,57060,57070,10
13.0696496964,80.2048797607,57070,57080,10
13.0693302155,80.2048187256,57080,57090,10
13.069149971,80.2051925659,57090,57100,10
13.0689001083,80.2053527832,57100,57110,10
13.0687599182,80.2051925659,57110,57564,454
13.0687599182,80.2051925659,57564,57575,11
13.0683603287,80.2051620483,57575,57585,10
13.0680799484,80.2051467896,57585,58039,454
13.0680799484,80.2051467896,58039,58049,10
13.0682697296,80.2049865723,58049,58069,20
13.0683803558,80.2049636841,58069,58099,30
13.0683803558,80.2049636841,58099,58109,10
13.0685100555,80.2050094604,58109,58119,10
13.0687599182,80.2049026489,58119,58129,10
13.0691404343,80.204788208,58129,58150,21
13.0691404343,80.204788208,58150,58160,10
13.0692100525,80.2047805786,58160,58170,10
13.0693902969,80.2048187256,58170,58180,10
13.0696201324,80.2048568726,58180,58190,10
13.0698795319,80.2051467896,58190,58200,10
13.0695199966,80.2057418823,58200,58210,10
13.0690097809,80.2065124512,58210,58220,10
13.0685300827,80.2072525024,58220,58230,10
13.067779541,80.2084197998,58230,58240,10
13.0671596527,80.2093811035,58240,58250,10
13.0665102005,80.2102279663,58250,58261,11
13.0654497147,80.2110900879,58261,58271,10
13.0651102066,80.2113800049,58271,58281,10
13.0650997162,80.2113800049,58281,58291,10
13.0647602081,80.2115631104,58291,58301,10
13.0641698837,80.2117462158,58301,58311,10
13.0637197495,80.2117919922,58311,58321,10
13.0631198883,80.2117767334,58321,58331,10
13.0623598099,80.2118301392,58331,58341,10
13.0614995956,80.2117767334,58341,58351,10
13.0604696274,80.2117462158,58351,58360,9
13.0595197678,80.2117385864,58360,58372,12
13.0583400726,80.2117004395,58372,58382,10
13.0576400757,80.2116775513,58382,58392,10
13.0573701859,80.2116699219,58392,58402,10
13.0569095612,80.2116470337,58402,58412,10
13.0562000275,80.2116470337,58412,58422,10
13.0553503036,80.2116394043,58422,58432,10
13.0543804169,80.2116622925,58432,58442,10
13.0533704758,80.2118835449,58442,58452,10
13.0523099899,80.2121582031,58452,58462,10
13.0513696671,80.2122802734,58462,58472,10
13.0500802994,80.2122192383,58472,58523,51
13.0500802994,80.2122192383,58523,58533,10
13.0499296188,80.2122192383,58533,58543,10
13.0495300293,80.2122192383,58543,58563,20
13.0495300293,80.2122192383,58563,58573,10
13.0494298935,80.2121963501,58573,58583,10
13.0489902496,80.2122192383,58583,58594,11
13.0482196808,80.2122573853,58594,58604,10
13.0473203659,80.2123718262,58604,58614,10
13.0462303162,80.2124023438,58614,58624,10
13.0451002121,80.2124481201,58624,58640,16
13.0438404083,80.2124786377,58640,58652,12
13.0427598953,80.2124176025,58652,58662,10
13.041970253,80.2124099731,58662,58672,10
13.0408802032,80.212387085,58672,58682,10
13.0396404266,80.2124328613,58682,58692,10
13.0386600494,80.2124633789,58692,58702,10
13.037610054,80.2124099731,58702,58773,71
13.037610054,80.2124099731,58773,58783,10
13.0372400284,80.212387085,58783,58793,10
13.0367498398,80.212348938,58793,58803,10
13.0359897614,80.2123336792,58803,58813,10
13.035320282,80.2123184204,58813,58824,11
13.0350103378,80.2122573853,58824,58834,10
13.034620285,80.2121963501,58834,58844,10
13.0342302322,80.2121429443,58844,58864,20
13.0342302322,80.2121429443,58864,58874,10
13.0338497162,80.2120819092,58874,58884,10
13.0336103439,80.212020874,58884,58894,10
13.0330696106,80.2118988037,58894,58904,10
13.0323696136,80.2117919922,58904,58914,10
13.0319499969,80.2114562988,58914,58924,10
13.0320501328,80.2108001709,58924,58935,11
13.0321102142,80.2099914551,58935,58945,10
13.0318803787,80.209602356,58945,58955,10
13.0312404633,80.2094421387,58955,58965,10
13.0302801132,80.2091827393,58965,58995,30
13.0302801132,80.2091827393,58995,59004,9
13.0300598145,80.2090835571,59004,59015,11
13.0296297073,80.2089614868,59015,59024,9
13.0295600891,80.208946228,59024,59034,10
13.0293798447,80.2089080811,59034,59046,12
13.0287303925,80.2087097168,59046,59056,10
13.0280504227,80.2085037231,59056,59066,10
13.0272197723,80.2081069946,59066,59076,10
13.0266304016,80.2077484131,59076,59086,10
13.0256996155,80.2072219849,59086,59096,10
13.0244398117,80.2069473267,59096,59126,30
13.0244398117,80.2069473267,59126,59136,10
13.0242004395,80.2069015503,59136,59146,10
13.0237398148,80.2068023682,59146,59157,11
13.0230197906,80.2066497803,59157,59167,10
13.0222597122,80.206489563,59167,59177,10
13.0213603973,80.2064819336,59177,59187,10
13.0204401016,80.206489563,59187,59197,10
13.0195302963,80.2064590454,59197,59207,10
13.0190696716,80.2063217163,59207,59217,10
13.018910408,80.2063064575,59217,59227,10
13.0187797546,80.2062606812,59227,59237,10
13.0186300278,80.2061920166,59237,59253,16
13.0177402496,80.2058486938,59253,59265,12
13.0169496536,80.2055587769,59265,59276,11
13.0160303116,80.2051315308,59276,59286,10
13.0150203705,80.2048416138,59286,59296,10
13.0141201019,80.204536438,59296,59306,10
13.0137395859,80.2044296265,59306,59313,7
13.0135402679,80.2046585083,59313,59327,14
13.013299942,80.2053909302,59327,59337,10
13.0130796432,80.2061767578,59337,59347,10
13.0129995346,80.2070236206,59347,59357,10
13.0129098892,80.2077026367,59357,59367,10
13.0128698349,80.2080230713,59367,59377,10
13.0128898621,80.2084884644,59377,59388,11
13.0128898621,80.2088775635,59388,59398,10
13.0130300522,80.2094497681,59398,59421,23
13.0131196976,80.2107009888,59421,59433,12
13.0127401352,80.2115478516,59433,59443,10
13.0123195648,80.2122116089,59443,59452,9
13.0119800568,80.2126922607,59452,59464,12
13.0117197037,80.2127838135,59464,59474,10
13.0114603043,80.2125778198,59474,59484,10
13.0109596252,80.2122192383,59484,59494,10
13.0103702545,80.2117614746,59494,59505,11
13.0100803375,80.2115020752,59505,59535,30
13.0098695755,80.2113494873,59535,59585,50
13.0098695755,80.2113494873,59585,59595,10
13.009469986,80.2110595703,59595,59606,11
13.0092096329,80.2113037109,59606,59617,11
13.0090703964,80.2117614746,59617,59627,10
13.009180069,80.2121200562,59627,59637,10
13.0092496872,80.212387085,59637,59647,10
13.0093898773,80.2127990723,59647,59656,9
13.0095300674,80.213180542,59656,59667,11
13.0097398758,80.2137374878,59667,59676,9
13.0099802017,80.214302063,59676,59687,11
13.0101900101,80.215133667,59687,59697,10
13.0103902817,80.2160491943,59697,59707,10
13.0108203888,80.2170410156,59707,59717,10
13.0112895966,80.2180633545,59717,59728,11
13.0116996765,80.2191467285,59728,59738,10
13.0120601654,80.2202911377,59738,59748,10
13.0123500824,80.221321106,59748,59758,10
13.012550354,80.2217330933,59758,59768,10
13.0127296448,80.222038269,59768,59778,10
13.0130796432,80.2224884033,59778,59788,10
13.0135402679,80.2229919434,59788,59798,10
13.0139598846,80.2234191895,59798,59808,10
13.0142402649,80.2238464355,59808,59818,10
13.0146999359,80.2244567871,59818,59828,10
13.0151596069,80.2248916626,59828,59839,11
13.0153903961,80.2252731323,59839,59849,10
13.0153999329,80.2257003784,59849,59859,10
13.0151996613,80.2259063721,59859,59869,10
13.0151195526,80.2259368896,59869,59879,10
13.0150003433,80.225982666,59879,59889,10
13.0146598816,80.2260971069,59889,59899,10
13.0141201019,80.22631073,59899,59909,10
13.0133800507,80.2266082764,59909,59919,10
13.0124797821,80.2269668579,59919,59929,10
13.0114898682,80.2273406982,59929,59939,10
13.0105199814,80.227722168,59939,59950,11
13.0096197128,80.2279205322,59950,59960,10
13.00963974,80.2272872925,59960,59970,10
13.0100097656,80.2265167236,59970,59980,10
13.0103597641,80.2257537842,59980,59990,10
13.0104799271,80.2253112793,59990,60000,10
13.0107097626,80.224822998,60000,60010,10
13.0109596252,80.2241821289,60010,60020,10
13.0112400055,80.2234725952,60020,60030,10
13.0109901428,80.2230377197,60030,60040,10
13.0103197098,80.2227020264,60040,60050,10
13.0095901489,80.2222976685,60050,60061,11
13.0086603165,80.2218017578,60061,60071,10
13.0077295303,80.2212982178,60071,60081,10
13.0067100525,80.2207717896,60081,60091,10
13.0055799484,80.2204589844,60091,60101,10
13.0045003891,80.2201766968,60101,60111,10
13.0033798218,80.2199478149,60111,60121,10
13.0023202896,80.2193984985,60121,60131,10
13.0015602112,80.2185974121,60131,60141,10
13.0007400513,80.2180175781,60141,60151,10
13.0000495911,80.2175827026,60151,60161,10
12.9994697571,80.2172317505,60161,60177,16
12.998169899,80.2166137695,60177,60190,13
12.9973402023,80.2165298462,60190,60200,10
12.9972000122,80.2165298462,60200,60210,10
12.9966402054,80.2165679932,60210,60220,10
12.9959602356,80.2166824341,60220,60229,9
12.9952602386,80.2169189453,60229,60240,11
12.994720459,80.2172775269,60240,60250,10
12.9940595627,80.2177581787,60250,60260,10
12.9937696457,80.2179794312,60260,60270,10
12.9932603836,80.2183380127,60270,60280,10
12.9926700592,80.2187805176,60280,60291,11
12.9919700623,80.2192764282,60291,60301,10
12.9914302826,80.2195968628,60301,60311,10
12.990819931,80.2193832397,60311,60321,10
12.9900102615,80.2190933228,60321,60331,10
12.9891500473,80.2188034058,60331,60351,20
12.9874696732,80.2183532715,60351,60363,12
12.9869499207,80.2182312012,60363,60373,10
12.9868402481,80.2181777954,60373,60383,10
12.9863796234,80.2180786133,60383,60393,10
12.9855699539,80.2179107666,60393,60404,11
12.9844503403,80.217918396,60404,60413,9
12.983880043,80.2179412842,60413,60424,11
12.9837703705,80.2179489136,60424,60434,10
12.9833402634,80.2179489136,60434,60444,10
12.9826097488,80.2179489136,60444,60454,10
12.9818496704,80.217956543,60454,60464,10
12.9808301926,80.2182235718,60464,60474,10
12.9801397324,80.218460083,60474,60484,10
12.9798603058,80.2185897827,60484,60494,10
12.9797096252,80.2186813354,60494,60504,10
12.979180336,80.2188720703,60504,60514,10
12.9785203934,80.2191162109,60514,60525,11
12.9776802063,80.2194595337,60525,60535,10
12.9768695831,80.2198028564,60535,60545,10
12.9758901596,80.2202606201,60545,60575,30
12.9758901596,80.2202606201,60575,60585,10
12.9756097794,80.2203826904,60585,60595,10
12.9754896164,80.220741272,60595,60605,10
12.9758501053,80.2211608887,60605,60615,10
12.9763298035,80.2217407227,60615,60646,31
12.9763298035,80.2217407227,60646,60656,10
12.9764099121,80.2219467163,60656,60666,10
12.9765701294,80.2222366333,60666,60676,10
12.9767799377,80.2225494385,60676,60686,10
12.9770402908,80.2230072021,60686,60696,10
12.9774599075,80.2236709595,60696,60706,10
12.9779701233,80.2244415283,60706,60716,10
12.9783697128,80.2251205444,60716,60726,10
12.9787302017,80.225692749,60726,60737,11
12.9791097641,80.2263336182,60737,60747,10
12.9794797897,80.2269592285,60747,60757,10
12.9798803329,80.2275924683,60757,60767,10
12.9802799225,80.2282714844,60767,60777,10
12.9806604385,80.2289123535,60777,60787,10
12.9808702469,80.2292633057,60787,60797,10
12.9810199738,80.2295227051,60797,60807,10
12.9813499451,80.2300415039,60807,60817,10
12.9816598892,80.2304763794,60817,60827,10
12.9817399979,80.2306289673,60827,60837,10
12.9819202423,80.2310409546,60837,60848,11
12.9820604324,80.2317810059,60848,60858,10
12.9820203781,80.2325363159,60858,60868,10
12.9818096161,80.2332000732,60868,60878,10
12.9816999435,80.2334365845,60878,60888,10
12.9816598892,80.2335128784,60888,60898,10
12.9814901352,80.233833313,60898,60908,10
12.9812498093,80.2344284058,60908,60918,10
12.9812202454,80.2350616455,60918,60928,10
12.9812402725,80.2361221313,60928,60938,10
12.9812698364,80.2369766235,60938,60948,10
12.9812898636,80.2372665405,60948,60959,11
12.9812898636,80.2376708984,60959,60969,10
12.981300354,80.2380371094,60969,60979,10
12.981300354,80.2384109497,60979,60989,10
12.981300354,80.2385177612,60989,60999,10
12.9812803268,80.238571167,60999,61009,10
12.9812898636,80.238822937,61009,61019,10
12.9813098907,80.2392730713,61019,61029,10
12.9813299179,80.2396316528,61029,61039,10
12.9813499451,80.2400665283,61039,61049,10
12.9813699722,80.240737915,61049,61059,10
12.9813899994,80.241317749,61059,61070,11
12.9813899994,80.241897583,61070,61079,9
12.9813995361,80.2423400879,61079,61090,11
12.9813899994,80.2428207397,61090,61100,10
12.9813899994,80.2428894043,61100,61110,10
12.9813699722,80.2431411743,61110,61120,10
12.9813499451,80.2435684204,61120,61130,10
12.9812602997,80.2442779541,61130,61140,10
12.9811496735,80.2451477051,61140,61150,10
12.9810400009,80.2461090088,61150,61160,10
12.980919838,80.2471389771,61160,61170,10
12.9808397293,80.2482223511,61170,61181,11
12.9807395935,80.249420166,61181,61191,10
12.9805297852,80.2505187988,61191,61201,10
12.9802398682,80.2516098022,61201,61211,10
12.9800901413,80.2522506714,61211,61221,10
12.9800901413,80.252281189,61221,61231,10
12.9800701141,80.252456665,61231,61241,10
12.9802799225,80.2526321411,61241,61251,10
12.9807100296,80.2526626587,61251,61261,10
12.9813404083,80.2526397705,61261,61271,10
12.9820203781,80.2526321411,61271,61281,10
12.982749939,80.2526016235,61281,61292,11
12.9837198257,80.252456665,61292,61302,10
12.984629631,80.2522201538,61302,61312,10
12.98554039,80.251953125,61312,61322,10
12.9861698151,80.2517471313,61322,61332,10
12.9865999222,80.251663208,61332,61342,10
12.9869604111,80.2515716553,61342,61352,10
12.9873895645,80.2514419556,61352,61362,10
12.987830162,80.2513809204,61362,61372,10
12.9879999161,80.2518386841,61372,61382,10
12.9880599976,80.2521820068,61382,61392,10
12.9880199432,80.2526092529,61392,61403,11
12.9879398346,80.2533493042,61403,61413,10
12.987859726,80.2540435791,61413,61423,10
12.987830162,80.2542114258,61423,61433,10
12.9877996445,80.2544937134,61433,61443,10
12.9877500534,80.2549362183,61443,61584,141
12.9877500534,80.2549362183,61584,61594,10
12.9876499176,80.2552566528,61594,61604,10
12.9876298904,80.2556381226,61604,61614,10
12.9875898361,80.2561035156,61614,61624,10
12.9875402451,80.2567367554,61624,61635,11
12.9874801636,80.2574996948,61635,61645,10
12.9874296188,80.2583084106,61645,61655,10
12.9872703552,80.2593231201,61655,61675,20
12.9872703552,80.2593231201,61675,61685,10
12.987159729,80.2596282959,61685,61705,20
12.987159729,80.2596282959,61705,61715,10
12.9867401123,80.2595214844,61715,61725,10
12.9866104126,80.2593536377,61725,62510,785
12.9866104126,80.2593536377,62510,62520,10
12.9866695404,80.2591171265,62520,62531,11
12.9868402481,80.2590637207,62531,62621,90
12.9868402481,80.2590637207,62621,62631,10
12.9871997833,80.2591705322,62631,62642,11
12.9873199463,80.2590026855,62642,62652,10
12.9873399734,80.2588195801,62652,62662,10
12.9873800278,80.2585906982,62662,62672,10
12.9874000549,80.258102417,62672,62682,10
12.9874601364,80.257598877,62682,62692,10
12.9875297546,80.2569885254,62692,62702,10
12.9875802994,80.2563323975,62702,62793,91
12.9875802994,80.2563323975,62793,62803,10
12.9875898361,80.2559890747,62803,62813,10
12.9876804352,80.2555618286,62813,62823,10
12.9877099991,80.2550201416,62823,62833,10
12.9877195358,80.2548980713,62833,62843,10
12.9877500534,80.254699707,62843,62853,10
12.9877901077,80.2542724609,62853,62864,11
12.9878396988,80.2535095215,62864,62874,10
12.9878997803,80.2527236938,62874,62884,10
12.987859726,80.251991272,62884,62894,10
12.9877195358,80.2516708374,62894,62904,10
12.9876098633,80.2516403198,62904,62914,10
12.9871397018,80.251663208,62914,62924,10
12.9856796265,80.2519989014,62924,62934,10
12.9856796265,80.2519989014,62934,62944,10
12.9846096039,80.2522964478,62944,62954,10
12.9834804535,80.2526016235,62954,62964,10
12.9823904037,80.2527313232,62964,62975,11
12.9812803268,80.2527694702,62975,62985,10
12.9804601669,80.2527999878,62985,63005,20
12.9804601669,80.2527999878,63005,63014,9
12.9802799225,80.2528076172,63014,63025,11
12.9799604416,80.2527999878,63025,63035,10
12.9799003601,80.2523727417,63035,63055,20
12.9799003601,80.2523727417,63055,63065,10
12.9799804688,80.2520370483,63065,63075,10
12.980099678,80.251663208,63075,63086,11
12.9802799225,80.251083374,63086,63096,10
12.9804801941,80.2503967285,63096,63106,10
12.9806499481,80.2495727539,63106,63114,8
12.9807300568,80.248840332,63114,63126,12
12.9808197021,80.2477722168,63126,63136,10
12.980890274,80.2467727661,63136,63146,10
12.981010437,80.2457199097,63146,63156,10
12.9811201096,80.244720459,63156,63166,10
12.9811897278,80.2439880371,63166,63176,10
12.9812803268,80.2436828613,63176,63197,21
12.9812803268,80.2436828613,63197,63207,10
12.9813604355,80.2433776855,63207,63217,10
12.9812898636,80.2431716919,63217,63227,10
12.9813203812,80.242980957,63227,63237,10
12.9813299179,80.2429580688,63237,63253,16
12.9813604355,80.2427597046,63253,63265,12
12.9813699722,80.242401123,63265,63275,10
12.9813499451,80.2420578003,63275,63285,10
12.9813604355,80.2414321899,63285,63295,10
12.9813499451,80.240852356,63295,63305,10
12.9813299179,80.2402877808,63305,63316,11
12.9813203812,80.2398223877,63316,63325,9
12.9813203812,80.2396621704,63325,63336,11
12.9813203812,80.2395019531,63336,63346,10
12.9812898636,80.2390289307,63346,63355,9
12.9812803268,80.2385101318,63355,63366,11
12.9812602997,80.2380218506,63366,63376,10
12.9812498093,80.2379837036,63376,63386,10
12.9812498093,80.237739563,63386,63396,10
12.9812498093,80.2372512817,63396,63406,10
12.9812297821,80.2366104126,63406,63416,10
12.9812097549,80.2359619141,63416,63427,11
12.9811897278,80.2352371216,63427,63437,10
12.981180191,80.2345581055,63437,63447,10
12.9814395905,80.2337722778,63447,63467,20
12.9814395905,80.2337722778,63467,63477,10
12.9815797806,80.2334823608,63477,63487,10
12.9816503525,80.2333374023,63487,63497,10
12.981710434,80.2331924438,63497,63507,10
12.981880188,80.2327880859,63507,63517,10
12.982000351,80.2323226929,63517,63533,16
12.9819498062,80.2316665649,63533,63546,13
12.9818096161,80.231086731,63546,63556,10
12.9816503525,80.230758667,63556,63566,10
12.9812297821,80.2300491333,63566,63576,10
12.9808502197,80.2294082642,63576,63586,10
12.9806604385,80.2290878296,63586,63596,10
12.9805898666,80.2289810181,63596,63606,10
12.9805498123,80.2288665771,63606,63616,10
12.9803199768,80.2285003662,63616,63626,10
12.980050087,80.2279663086,63626,63636,10
12.9796304703,80.2272720337,63636,63647,11
12.9791297913,80.2264022827,63647,63657,10
12.9788999557,80.2260284424,63657,63667,10
12.9785804749,80.2255172729,63667,63677,10
12.9781999588,80.2248687744,63677,63687,10
12.9778003693,80.2243270874,63687,63697,10
12.9774503708,80.2237167358,63697,63707,10
12.9771604538,80.2232589722,63707,63717,10
12.9769897461,80.2229690552,63717,63727,10
12.9767904282,80.2226486206,63727,63737,10
12.9765195847,80.2221984863,63737,63747,10
12.9762001038,80.2217178345,63747,63758,11
12.9756803513,80.2211227417,63758,63778,20
12.9755601883,80.2210235596,63778,63798,20
12.9755601883,80.2210235596,63798,63808,10
12.9754199982,80.2209320068,63808,63818,10
12.9753198624,80.2207717896,63818,63828,10
12.9755601883,80.220451355,63828,63838,10
12.9761295319,80.220123291,63838,63848,10
12.9769201279,80.2197723389,63848,63858,10
12.9778499603,80.219367981,63858,63869,11
12.9785995483,80.2190704346,63869,63879,10
12.9792299271,80.2188415527,63879,63889,10
12.9799699783,80.2185516357,63889,63899,10
12.9806804657,80.2182693481,63899,63909,10
12.9815301895,80.2180023193,63909,63919,10
12.9823503494,80.217918396,63919,63929,10
12.98279953,80.2179107666,63929,63939,10
12.9835195541,80.2178878784,63939,63949,10
12.9837598801,80.217880249,63949,63959,10
12.9840698242,80.217880249,63959,63969,10
12.9846801758,80.2179031372,63969,63979,10
12.9855203629,80.217918396,63979,63990,11
12.9866199493,80.2181396484,63990,64000,10
12.9873800278,80.21824646,64000,64010,10
12.9874000549,80.2182617188,64010,64020,10
12.9876003265,80.2183303833,64020,64030,10
12.9881696701,80.2184829712,64030,64040,10
12.9889001846,80.2186965942,64040,64050,10
12.9897499084,80.2189788818,64050,64060,10
12.99077034,80.2193069458,64060,64070,10
12.9917497635,80.2194824219,64070,64080,10
12.9925298691,80.2189178467,64080,64091,11
12.9934196472,80.21824646,64091,64101,10
12.9941501617,80.2177200317,64101,64111,10
12.994720459,80.2172927856,64111,64121,10
12.9949998856,80.2170791626,64121,64131,10
12.9953603745,80.2168579102,64131,64141,10
12.9960403442,80.2166519165,64141,64151,10
12.9968299866,80.2165603638,64151,64161,10
12.9975004196,80.2162017822,64161,64181,20
12.9975004196,80.2162017822,64181,64191,10
12.9977798462,80.2159500122,64191,64201,10
12.9981603622,80.2156219482,64201,64212,11
12.9987096786,80.2151184082,64212,64222,10
12.9990901947,80.2148208618,64222,64232,10
12.9994001389,80.2145385742,64232,64242,10
12.9998397827,80.2141494751,64242,64252,10
13.0002098083,80.2138519287,64252,64262,10
13.0008201599,80.2132873535,64262,64272,10
13.0013303757,80.212890625,64272,64282,10
13.0017795563,80.212562561,64282,64292,10
13.002240181,80.2122573853,64292,64302,10
13.002579689,80.2121276855,64302,64312,10
13.0029802322,80.2120819092,64312,64322,10
13.0033998489,80.2120437622,64322,64333,11
13.0035800934,80.2119827271,64333,64343,10
13.0036802292,80.2117004395,64343,64353,10
13.0036296844,80.2110824585,64353,64363,10
13.0035400391,80.210319519,64363,64373,10
13.0034999847,80.2095794678,64373,64383,10
13.0036201477,80.2089996338,64383,64393,10
13.0042695999,80.2087783813,64393,64403,10
13.004989624,80.2091064453,64403,64413,10
13.0054101944,80.209312439,64413,64423,10
13.0055999756,80.2093963623,64423,64434,11
13.0058202744,80.2094802856,64434,64474,40
13.0058202744,80.2094802856,64474,64484,10
13.0062704086,80.2096328735,64484,64494,10
13.0066795349,80.209777832,64494,64504,10
13.0068798065,80.2098236084,64504,64514,10
13.007060051,80.2098388672,64514,64524,10
13.0072002411,80.2098770142,64524,64534,10
13.0073795319,80.2098999023,64534,64545,11
13.0074596405,80.2099304199,64545,64555,10
13.0074996948,80.2099380493,64555,64565,10
13.007610321,80.2099533081,64565,64575,10
13.0078201294,80.2099761963,64575,64605,30
13.0078201294,80.2099761963,64605,64615,10
13.0080099106,80.2100296021,64615,64625,10
13.0081701279,80.2099914551,64625,64635,10
13.0080900192,80.2095794678,64635,64645,10
13.0079603195,80.2088623047,64645,64656,11
13.007809639,80.2078781128,64656,64666,10
13.0076599121,80.2069091797,64666,64676,10
13.0075397491,80.2060012817,64676,64686,10
13.0075101852,80.2052993774,64686,64696,10
13.0075101852,80.2046127319,64696,64706,10
13.0074501038,80.2038574219,64706,64716,10
13.0072803497,80.2029418945,64716,64726,10
13.0065803528,80.2027587891,64726,64736,10
13.0067501068,80.2033615112,64736,64746,10
13.0073204041,80.2036514282,64746,64756,10
13.0081195831,80.2037582397,64756,64767,11
13.0093202591,80.2036819458,64767,64777,10
13.0105695724,80.2036590576,64777,64787,10
13.0118598938,80.2037887573,64787,64797,10
13.0129699707,80.2040176392,64797,64807,10
13.0133895874,80.2041091919,64807,64817,10
13.0139102936,80.2042922974,64817,64827,10
13.0146398544,80.2045135498,64827,64837,10
13.0149402618,80.2046127319,64837,64847,10
13.0150604248,80.2046813965,64847,64857,10
13.0155801773,80.2048416138,64857,64867,10
13.016119957,80.205039978,64867,64878,11
13.0165996552,80.205116272,64878,64888,10
13.0167999268,80.2052230835,64888,64898,10
13.0174798965,80.2055587769,64898,64908,10
13.0186595917,80.2059326172,64908,64928,20
13.0186595917,80.2059326172,64928,64938,10
13.018989563,80.2060623169,64938,64948,10
13.0195598602,80.2062301636,64948,64958,10
13.0203399658,80.2062988281,64958,64968,10
13.0213003159,80.2063064575,64968,64978,10
13.0219297409,80.2063369751,64978,64989,11
13.0225200653,80.206489563,64989,64999,10
13.0234603882,80.2066421509,64999,65009,10
13.024140358,80.206703186,65009,65019,10
13.0242595673,80.206703186,65019,65029,10
13.0245895386,80.20677948,65029,65039,10
13.025270462,80.2069778442,65039,65049,10
13.0261297226,80.2073898315,65049,65059,10
13.0269498825,80.2078704834,65059,65069,10
13.0277900696,80.2083435059,65069,65079,10
13.0287303925,80.2086715698,65079,65089,10
13.0294599533,80.2088394165,65089,65100,11
13.0298995972,80.2089309692,65100,65120,20
13.0298995972,80.2089309692,65120,65130,10
13.0300598145,80.209022522,65130,65140,10
13.0305404663,80.2091369629,65140,65149,9
13.0314102173,80.2093582153,65149,65169,20
13.0314102173,80.2093582153,65169,65180,11
13.0315999985,80.2093887329,65180,65190,10
13.0320796967,80.2094802856,65190,65200,10
13.0327796936,80.209602356,65200,65211,11
13.0331697464,80.2097091675,65211,65221,10
13.033659935,80.2098312378,65221,65231,10
13.0343999863,80.2099990845,65231,65241,10
13.0349597931,80.2101821899,65241,65251,10
13.0349597931,80.2106704712,65251,65261,10
13.0349597931,80.2113189697,65261,65281,20
13.0349597931,80.2113189697,65281,65291,10
13.0349197388,80.2114486694,65291,65301,10
13.0348997116,80.2116699219,65301,65311,10
13.0348901749,80.2119979858,65311,65322,11
13.0351896286,80.2122573853,65322,65332,10
13.035779953,80.2123031616,65332,65342,10
13.0364904404,80.2123413086,65342,65352,10
13.0371398926,80.212348938,65352,65362,10
13.0378799438,80.212348938,65362,65372,10
13.0386896133,80.2123031616,65372,65382,10
13.0395698547,80.2122879028,65382,65392,10
13.04047966,80.2122573853,65392,65402,10
13.041560173,80.212272644,65402,65412,10
13.042599678,80.212272644,65412,65421,9
13.0438804626,80.2122192383,65421,65655,234
13.0438804626,80.2122192383,65655,65665,10
13.0443000793,80.2122879028,65665,65675,10
13.0448598862,80.2122802734,65675,65685,10
13.0456600189,80.2122802734,65685,65695,10
13.0466003418,80.2122573853,65695,65705,10
13.0474996567,80.2121963501,65705,65714,9
13.0481700897,80.212097168,65714,65725,11
13.0486602783,80.212020874,65725,65735,10
13.0486803055,80.2120132446,65735,65745,10
13.049079895,80.2119827271,65745,65755,10
13.0495901108,80.2119522095,65755,65766,11
13.0501298904,80.2119216919,65766,65776,10
13.0504703522,80.2119674683,65776,65786,10
13.0508098602,80.212020874,65786,65796,10
13.0516901016,80.2119903564,65796,65806,10
13.0527801514,80.2118377686,65806,65816,10
13.0541400909,80.2114868164,65816,65836,20
13.0541400909,80.2114868164,65836,65846,10
13.0543203354,80.2115020752,65846,65856,10
13.0547103882,80.2114486694,65856,65866,10
13.0553197861,80.2114562988,65866,65877,11
13.0562000275,80.2114562988,65877,65887,10
13.0571804047,80.2114486694,65887,65897,10
13.0581903458,80.2114486694,65897,65907,10
13.0587997437,80.2114486694,65907,65917,10
13.0594396591,80.2114562988,65917,65927,10
13.0602998734,80.211517334,65927,65937,10
13.0612297058,80.2116012573,65937,65947,10
13.061920166,80.2116317749,65947,65957,10
13.0628004074,80.2116012573,65957,65967,10
13.06346035,80.211479187,65967,66016,49
13.06346035,80.211479187,66016,66026,10
13.0636796951,80.2114028931,66026,66036,10
13.0640096664,80.2114181519,66036,66046,10
13.0645599365,80.2112808228,66046,66056,10
13.0652198792,80.2109222412,66056,66066,10
13.0658798218,80.2104110718,66066,66076,10
13.0664997101,80.2099304199,66076,66086,10
13.0671901703,80.2091064453,66086,66096,10
13.067779541,80.2081832886,66096,66107,11
13.0684204102,80.2071685791,66107,66116,9
13.0689096451,80.2064285278,66116,66128,12
13.0694198608,80.205619812,66128,66138,10
13.0696897507,80.2050476074,66138,66147,9
13.0694904327,80.2048721313,66147,66157,10
13.0692300797,80.2050933838,66157,66168,11
13.0689697266,80.2054290771,66168,66178,10
13.0685901642,80.2053375244,66178,66269,91
13.0684499741,80.2053375244,66269,66451,182
13.0684499741,80.2053375244,66451,66461,10
13.0680704117,80.2052764893,66461,67207,746
13.0683403015,80.2050323486,67207,67238,31
13.0683403015,80.2050323486,67238,67248,10
13.0687704086,80.2048492432,67248,67258,10
13.0690097809,80.2047805786,67258,67268,10
13.069560051,80.204826355,67268,67288,20
13.069560051,80.204826355,67288,67298,10
13.0696401596,80.2048416138,67298,67308,10
13.0698204041,80.2050018311,67308,67318,10
13.0698003769,80.2052764893,67318,67329,11
13.069439888,80.2058029175,67329,67339,10
13.0690202713,80.2064590454,67339,67349,10
13.0685901642,80.2071380615,67349,67359,10
13.0681495667,80.207862854,67359,67369,10
13.0677700043,80.2084732056,67369,67379,10
13.0674600601,80.2089996338,67379,67389,10
13.0670404434,80.2096328735,67389,67399,10
13.0663204193,80.210319519,67399,67409,10
13.0655403137,80.2109603882,67409,67419,10
13.0651502609,80.2112808228,67419,67429,10
13.0651197433,80.2113189697,67429,67440,11
13.0649204254,80.2114181519,67440,67450,10
13.064620018,80.2115631104,67450,67460,10
13.0643196106,80.2116622925,67460,67470,10
13.0639801025,80.211730957,67470,67480,10
13.0635995865,80.2117462158,67480,67490,10
13.0630702972,80.2117767334,67490,67500,10
13.0625400543,80.2117996216,67500,67510,10
13.0621595383,80.2118225098,67510,67520,10
13.0616998672,80.2117385864,67520,67530,10
13.0607500076,80.2117614746,67530,67540,10
13.0599002838,80.2117233276,67540,67551,11
13.0587997437,80.2116622925,67551,67571,20
13.0587997437,80.2116622925,67571,67581,10
13.0584697723,80.2116394043,67581,67591,10
13.0579900742,80.2116394043,67591,67601,10
13.0576400757,80.2116470337,67601,67611,10
13.0575704575,80.2116622925,67611,67621,10
13.0572900772,80.2116622925,67621,67631,10
13.0567798615,80.2116317749,67631,67641,10
13.0560703278,80.2116012573,67641,67651,10
13.0552997589,80.2116012573,67651,67661,10
13.0546197891,80.2116165161,67661,67682,21
13.0546197891,80.2116165161,67682,67698,16
13.0540504456,80.2117004395,67698,67710,12
13.0532102585,80.2118988037,67710,67718,8
13.0526599884,80.2120513916,67718,67729,11
13.0519599915,80.2122192383,67729,67739,10
13.051320076,80.2122573853,67739,67751,12
13.051030159,80.2122802734,67751,67761,10
13.0505304337,80.2121810913,67761,67771,10
13.0502099991,80.2121810913,67771,67782,11
13.0497102737,80.2121810913,67782,67822,40
13.0497102737,80.2121810913,67822,67832,10
13.0494098663,80.2121963501,67832,67842,10
13.0490503311,80.2121963501,67842,67852,10
13.0484104156,80.2122497559,67852,67862,10
13.0476303101,80.212310791,67862,67872,10
13.0469102859,80.212348938,67872,67882,10
13.0459604263,80.212387085,67882,67893,11
13.0449399948,80.2124176025,67893,67903,10
13.0445899963,80.2124404907,67903,67913,10
13.0442800522,80.2124633789,67913,67923,10
13.0435695648,80.2124328613,67923,67933,10
13.0427598953,80.2124404907,67933,67943,10
13.0419902802,80.2124099731,67943,67953,10
13.0410995483,80.2124176025,67953,67963,10
13.0400495529,80.2124404907,67963,67973,10
13.0391101837,80.2124328613,67973,67989,16
13.0379896164,80.2124481201,67989,68002,13
13.0373601913,80.2124328613,68002,68012,10
13.036860466,80.2123794556,68012,68022,10
13.0359897614,80.2123794556,68022,68032,10
13.0356397629,80.212387085,68032,68042,10
13.0353603363,80.2123565674,68042,68052,10
13.0352296829,80.2123794556,68052,68081,29
13.0352296829,80.2123794556,68081,68091,10
13.0349798203,80.2123565674,68091,68102,11
13.034740448,80.212310791,68102,68112,10
13.0344400406,80.2122421265,68112,68123,11
13.0341701508,80.2121887207,68123,68143,20
13.0341701508,80.2121887207,68143,68153,10
13.0337200165,80.212097168,68153,68163,10
13.0331001282,80.2119522095,68163,68173,10
13.0323295593,80.2118225098,68173,68183,10
13.0319700241,80.2113876343,68183,68193,10
13.0320196152,80.210609436,68193,68203,10
13.0320796967,80.209777832,68203,68213,10
13.0315198898,80.2095794678,68213,68224,11
13.0307598114,80.2093582153,68224,68234,10
13.0303897858,80.2092666626,68234,68244,10
13.0301599503,80.2091827393,68244,68254,10
13.0299701691,80.2091064453,68254,68264,10
13.0298500061,80.2090682983,68264,68273,9
13.029540062,80.2089767456,68273,68284,11
13.0295000076,80.2089691162,68284,68294,10
13.0293302536,80.2088928223,68294,68304,10
13.0290203094,80.2087936401,68304,68314,10
13.0286397934,80.2087173462,68314,68324,10
13.0285301208,80.2087097168,68324,68335,11
13.0284204483,80.2087173462,68335,68345,10
13.0282402039,80.2086791992,68345,68355,10
13.0280504227,80.2086334229,68355,68365,10
13.0277795792,80.2085189819,68365,68375,10
13.0276203156,80.2084121704,68375,68395,20
13.0276203156,80.2084121704,68395,68411,16
13.0273599625,80.2082519531,68411,68423,12
13.0270996094,80.2080993652,68423,68431,8
13.0267696381,80.2078933716,68431,68454,23
13.0267696381,80.2078933716,68454,68464,10
13.0265798569,80.2077789307,68464,68474,10
13.0264902115,80.2077178955,68474,68484,10
13.0263996124,80.2076797485,68484,68493,9
13.0262699127,80.2076034546,68493,68504,11
13.02602005,80.2074584961,68504,68534,30
13.0258197784,80.2073364258,68534,68554,20
13.0258197784,80.2073364258,68554,68565,11
13.0255498886,80.20728302,68565,68575,10
13.0253400803,80.2072372437,68575,68585,10
13.0250597,80.2071609497,68585,68626,41
13.0250597,80.2071609497,68626,68635,9
13.024720192,80.2070922852,68635,68646,11
13.0244598389,80.2070083618,68646,68677,31
13.0244598389,80.2070083618,68677,68686,9
13.024140358,80.2069091797,68686,68697,11
13.0239801407,80.2068710327,68697,68707,10
13.0235795975,80.20677948,68707,68737,30
13.0235795975,80.20677948,68737,68747,10
13.0234298706,80.2067565918,68747,68757,10
13.0231895447,80.2067565918,68757,68767,10
13.0229196548,80.206703186,68767,68778,11
13.0227403641,80.2066421509,68778,68788,10
13.0225400925,80.2065963745,68788,68798,10
13.0222702026,80.2065505981,68798,68808,10
13.0222101212,80.20652771,68808,68818,10
13.0218801498,80.206489563,68818,68828,10
13.0215797424,80.2064666748,68828,68838,10
13.0211400986,80.206489563,68838,68848,10
13.0208396912,80.206489563,68848,68858,10
13.020529747,80.2065124512,68858,68868,10
13.0204200745,80.2065200806,68868,68878,10
13.0202503204,80.2065429688,68878,68889,11
13.0199203491,80.2065505981,68889,68929,40
13.0195198059,80.2064971924,68929,68979,50
13.0195198059,80.2064971924,68979,68989,10
13.0191402435,80.2063980103,68989,69005,16
13.0187997818,80.2063064575,69005,69058,53
13.0187997818,80.2063064575,69058,69068,10
13.0184898376,80.206199646,69068,69078,10
13.0183095932,80.2061386108,69078,69088,10
13.0179100037,80.2060394287,69088,69119,31
13.0179100037,80.2060394287,69119,69129,10
13.0176897049,80.2058868408,69129,69139,10
13.0175104141,80.2058105469,69139,69149,10
13.0172100067,80.2056884766,69149,69159,10
13.01679039,80.2056274414,69159,69169,10
13.016169548,80.2053527832,69169,69179,10
13.0158004761,80.2051925659,69179,69189,10
13.0152797699,80.2050170898,69189,69199,10
13.0148801804,80.2048873901,69199,69209,10
13.01445961,80.204750061,69209,69219,10
13.0143604279,80.2047195435,69219,69230,11
13.0138998032,80.2045288086,69230,69240,10
13.0135803223,80.204460144,69240,69250,10
13.013469696,80.2047424316,69250,69260,10
13.0133304596,80.2053527832,69260,69270,10
13.0131101608,80.2061004639,69270,69280,10
13.0129804611,80.2068786621,69280,69290,10
13.0129203796,80.2077407837,69290,69300,10
13.0128602982,80.2084732056,69300,69310,10
13.0128803253,80.2087783813,69310,69320,10
13.0129899979,80.2093429565,69320,69330,10
13.0132198334,80.2098388672,69330,69341,11
13.0130901337,80.2106018066,69341,69351,10
13.0128803253,80.2112503052,69351,69361,10
13.0125703812,80.2118225098,69361,69371,10
13.0122203827,80.2124023438,69371,69381,10
13.0120201111,80.2126617432,69381,69391,10
13.0118303299,80.212852478,69391,69401,10
13.011590004,80.2127532959,69401,69411,10
13.0111103058,80.2124023438,69411,69421,10
13.0104799271,80.2118988037,69421,69472,51
13.0102901459,80.2117233276,69472,69593,121
13.0100002289,80.211479187,69593,69684,91
13.0096797943,80.2113037109,69684,69764,80
13.0093898773,80.2110595703,69764,69845,81
13.0093898773,80.2110595703,69845,69855,10
13.0090703964,80.2114562988,69855,69865,10
13.0089998245,80.211730957,69865,69875,10
13.0091600418,80.2122421265,69875,69885,10
13.0093603134,80.2128829956,69885,69896,11
13.0096302032,80.2135772705,69896,69905,9
13.0098495483,80.2141571045,69905,69916,11
13.0101203918,80.2149200439,69916,69926,10
13.0102596283,80.2157821655,69926,69936,10
13.0106601715,80.2167434692,69936,69946,10
13.0111503601,80.2178192139,69946,69956,10
13.011590004,80.2190170288,69956,69966,10
13.0120000839,80.2202987671,69966,69976,10
13.0123300552,80.2214431763,69976,69985,9
13.012720108,80.2221298218,69985,69995,10
13.0133304596,80.2228317261,69995,70007,12
13.0140104294,80.2236328125,70007,70017,10
13.0144195557,80.2240829468,70017,70027,10
13.0148897171,80.2246627808,70027,70037,10
13.0152101517,80.2249832153,70037,70047,10
13.0153398514,80.2252120972,70047,70057,10
13.015370369,80.2255630493,70057,70067,10
13.0152301788,80.2258834839,70067,70077,10
13.014840126,80.2260437012,70077,70087,10
13.0144195557,80.2261734009,70087,70097,10
13.0138196945,80.2264022827,70097,70107,10
13.0130500793,80.2267074585,70107,70118,11
13.0120801926,80.2270889282,70118,70128,10
13.0110797882,80.2274932861,70128,70138,10
13.010140419,80.2278823853,70138,70148,10
13.0095500946,80.2278671265,70148,70158,10
13.009469986,80.2276000977,70158,70168,10
13.0096597672,80.2272567749,70168,70178,10
13.0098495483,80.2268371582,70178,70194,16
13.0100402832,80.2264480591,70194,70206,12
13.0101203918,80.2262573242,70206,70214,8
13.010310173,80.2258300781,70214,70247,33
13.010310173,80.2258300781,70247,70257,10
13.0105400085,80.2252883911,70257,70297,40
13.0107498169,80.225227356,70297,70348,51
13.0107498169,80.225227356,70348,70358,10
13.0107803345,80.2247695923,70358,70368,10
13.0108499527,80.2244415283,70368,70378,10
13.0110902786,80.2238693237,70378,70388,10
13.0111999512,80.2235412598,70388,70398,10
13.011059761,80.223197937,70398,70408,10
13.0104999542,80.2228622437,70408,70418,10
13.0098495483,80.2225036621,70418,70428,10
13.0091199875,80.2220993042,70428,70438,10
13.0082798004,80.2216567993,70438,70448,10
13.0073099136,80.2211227417,70448,70459,11
13.0061998367,80.2206420898,70459,70469,10
13.0051603317,80.2204284668,70469,70478,9
13.0044298172,80.2202301025,70478,70489,11
13.003569603,80.2200469971,70489,70499,10
13.0026397705,80.2197113037,70499,70508,9
13.001999855,80.2191390991,70508,70518,10
13.0012702942,80.2184829712,70518,70529,11
13.0005397797,80.2179794312,70529,70539,10
12.9997997284,80.2175064087,70539,70548,9
12.9989995956,80.2170715332,70548,70559,11
12.9977703094,80.2166213989,70559,70620,61
12.9974002838,80.2165679932,70620,70650,30
12.9974002838,80.2165679932,70650,70660,10
12.9969997406,80.2165908813,70660,70670,10
12.9967699051,80.2165985107,70670,70681,11
12.9965896606,80.2166137695,70681,70691,10
12.9962997437,80.2166519165,70691,70701,10
12.9960203171,80.2166900635,70701,70711,10
12.9955301285,80.2168273926,70711,70822,111
12.9955301285,80.2168273926,70822,70832,10
12.9952201843,80.2170181274,70832,70842,10
12.9951200485,80.2170562744,70842,70852,10
12.9948997498,80.2171936035,70852,70862,10
12.9946203232,80.2173995972,70862,70872,10
12.9941701889,80.2177429199,70872,70882,10
12.9935998917,80.2181396484,70882,70892,10
12.9930000305,80.2185592651,70892,70903,11
12.9924402237,80.2190170288,70903,70913,10
12.9918003082,80.2194519043,70913,70923,10
12.9913301468,80.2196578979,70923,70933,10
12.990819931,80.2194519043,70933,70943,10
12.9900503159,80.2191619873,70943,70953,10
12.9891796112,80.2188415527,70953,70963,10
12.9882001877,80.2185211182,70963,70973,10
12.9875202179,80.218421936,70973,70983,10
12.9873199463,80.2183990479,70983,70993,10
12.9869003296,80.2183227539,70993,71003,10
12.9867897034,80.2182998657,71003,71014,11
12.986579895,80.2182388306,71014,71024,10
12.9860401154,80.2181167603,71024,71034,10
12.9851903915,80.2180099487,71034,71044,10
12.9839601517,80.2180404663,71044,71064,20
12.9839601517,80.2180404663,71064,71074,10
12.9836797714,80.2180404663,71074,71084,10
12.9830904007,80.2180404663,71084,71094,10
12.9822998047,80.2180328369,71094,71104,10
12.9814195633,80.2181015015,71104,71114,10
12.9805698395,80.2183532715,71114,71125,11
12.9798402786,80.2186203003,71125,71135,10
12.97935009,80.2188186646,71135,71145,10
12.9788799286,80.2190170288,71145,71155,10
12.978269577,80.2192611694,71155,71165,10
12.9775295258,80.2195587158,71165,71175,10
12.9767303467,80.2199630737,71175,71236,61
12.9764204025,80.2201538086,71236,71437,201
12.9760398865,80.2202682495,71437,71498,61
12.9757003784,80.2203979492,71498,71599,101
12.9757003784,80.2203979492,71599,71609,10
12.9754695892,80.2206115723,71609,71619,10
12.975689888,80.2210388184,71619,71629,10
12.9763402939,80.2218017578,71629,71649,20
12.9763402939,80.2218017578,71649,71659,10
12.9764299393,80.2220535278,71659,71669,10
12.9766998291,80.2225036621,71669,71680,11
12.9769697189,80.22290802,71680,71690,10
12.9773197174,80.223487854,71690,71700,10
12.9777498245,80.2241897583,71700,71710,10
12.978099823,80.2247390747,71710,71720,10
12.9783401489,80.2251205444,71720,71730,10
12.9786100388,80.2255706787,71730,71740,10
12.9789199829,80.22605896,71740,71750,10
12.9792604446,80.2266616821,71750,71760,10
12.979640007,80.2272720337,71760,71770,10
12.9798297882,80.2275772095,71770,71780,10
12.9800195694,80.227897644,71780,71791,11
12.9803600311,80.2284698486,71791,71801,10
12.9806804657,80.2290420532,71801,71811,10
12.9808101654,80.2292327881,71811,71821,10
12.9809598923,80.2295379639,71821,71831,10
12.9813604355,80.2301330566,71831,71841,10
12.9816398621,80.2305526733,71841,71851,10
12.9817199707,80.2306976318,71851,71861,10
12.9819002151,80.2312469482,71861,71871,10
12.9819803238,80.2320327759,71871,71881,10
12.9819402695,80.2325897217,71881,71891,10
12.9819097519,80.232673645,71891,71902,11
12.9818401337,80.2329406738,71902,71912,10
12.9817800522,80.2331085205,71912,71922,10
12.9817695618,80.2331085205,71922,71932,10
12.981710434,80.2332382202,71932,71942,10
12.9816198349,80.2334518433,71942,71952,10
12.9815196991,80.2336730957,71952,71962,10
12.981300354,80.2341308594,71962,71972,10
12.9811697006,80.2346801758,71972,71982,10
12.9811697006,80.2351379395,71982,71992,10
12.9811897278,80.2357788086,71992,72002,10
12.9812202454,80.2364501953,72002,72013,11
12.9812202454,80.2371368408,72013,72023,10
12.9812402725,80.2376480103,72023,72033,10
12.9812498093,80.2380828857,72033,72043,10
12.9812498093,80.2381820679,72043,72053,10
12.9812602997,80.2383575439,72053,72063,10
12.9812402725,80.2385482788,72063,72073,10
12.9812498093,80.2389297485,72073,72083,10
12.9812498093,80.2392578125,72083,72113,30
12.9812498093,80.2392578125,72113,72124,11
12.9812698364,80.2397079468,72124,72144,20
12.9812698364,80.2397079468,72144,72154,10
12.9812898636,80.2399215698,72154,72164,10
12.9813098907,80.240447998,72164,72174,10
12.9813098907,80.2409362793,72174,72184,10
12.9813098907,80.2414169312,72184,72194,10
12.9813203812,80.2419967651,72194,72204,10
12.9813404083,80.2425308228,72204,72224,20
12.9813404083,80.2425308228,72224,72235,11
12.9813203812,80.2428970337,72235,72245,10
12.9813299179,80.2431488037,72245,72255,10
12.981300354,80.2437210083,72255,72265,10
12.9812002182,80.2445297241,72265,72275,10
12.9810695648,80.245552063,72275,72285,10
12.9809303284,80.246711731,72285,72295,10
12.9808197021,80.2478866577,72295,72305,10
12.9807395935,80.2488174438,72305,72315,10
12.9805402756,80.2502212524,72315,72325,10
12.9802398682,80.2513275146,72325,72335,10
12.9800195694,80.252243042,72335,72346,11
12.9801301956,80.252571106,72346,72356,10
12.9801502228,80.2525863647,72356,72366,10
12.9802799225,80.2527008057,72366,72376,10
12.9807596207,80.2527236938,72376,72386,10
12.9815397263,80.2526779175,72386,72396,10
12.9825401306,80.2526397705,72396,72406,10
12.9836597443,80.2524795532,72406,72416,10
12.9843902588,80.2522506714,72416,72517,101
12.9843902588,80.2522506714,72517,72527,10
12.9848098755,80.2520980835,72527,72537,10
12.9853897095,80.251953125,72537,72547,10
12.9857902527,80.2518386841,72547,72557,10
12.9862003326,80.251739502,72557,72567,10
12.9866399765,80.2516403198,72567,72578,11
12.9872198105,80.2514801025,72578,72588,10
12.9875898361,80.2514038086,72588,72598,10
12.987859726,80.2514801025,72598,72608,10
12.9879398346,80.2517776489,72608,72618,10
12.9879598618,80.2520599365,72618,72628,10
12.987950325,80.2526779175,72628,72638,10
12.9878501892,80.2536087036,72638,72648,10
12.9877796173,80.2544326782,72648,72658,10
12.9877700806,80.2550964355,72658,72729,71
12.9876804352,80.2554168701,72729,72860,131
12.9876804352,80.2554168701,72860,72870,10
12.987660408,80.2557067871,72870,72880,10
12.9875802994,80.256187439,72880,72890,10
12.9875602722,80.2565994263,72890,72901,11
12.9875202179,80.2571105957,72901,72911,10
12.987449646,80.2578887939,72911,72921,10
12.9873800278,80.2586669922,72921,72931,10
12.9873199463,80.2591171265,72931,72941,10
12.9872198105,80.2596282959,72941,72961,20
12.9872198105,80.2596282959,72961,72971,10
12.9869499207,80.2595977783,72971,72997,26
12.9869499207,80.2595977783,72997,73009,12
12.9867696762,80.2595825195,73009,73020,11
12.9865503311,80.259437561,73020,73030,10
12.9866104126,80.2591018677,73030,73040,10
12.9868803024,80.2590789795,73040,73615,575
12.9868803024,80.2590789795,73615,73625,10
12.9872598648,80.2591705322,73625,73635,10
12.9873504639,80.2590026855,73635,73645,10
12.9874000549,80.2583312988,73645,73665,20
12.9874000549,80.2583312988,73665,73675,10
12.9874095917,80.2581100464,73675,73686,11
12.9874401093,80.2576217651,73686,73695,9
12.9874801636,80.2570724487,73695,73706,11
12.9875097275,80.2562179565,73706,73818,112
12.9875097275,80.2562179565,73818,73828,10
12.9875202179,80.2559967041,73828,73838,10
12.9876699448,80.2555084229,73838,73848,10
12.9877004623,80.2549209595,73848,73858,10
12.9877195358,80.254699707,73858,73868,10
12.9877595901,80.2540664673,73868,73878,10
12.9877996445,80.2533416748,73878,73888,10
12.9878797531,80.252456665,73888,73898,10
12.9877700806,80.2517776489,73898,73909,11
12.9877099991,80.251663208,73909,73919,10
12.9872398376,80.251663208,73919,73929,10
12.9869203568,80.2517166138,73929,73939,10
12.9863996506,80.2518386841,73939,73949,10
12.985710144,80.2519989014,73949,73959,10
12.9847002029,80.252243042,73959,73969,10
12.9837598801,80.2525100708,73969,73979,10
12.9828796387,80.2526779175,73979,73989,10
12.9820299149,80.2527236938,73989,73999,10
12.981300354,80.252746582,73999,74009,10
12.981010437,80.2527618408,74009,74020,11
12.9808702469,80.2527389526,74020,74030,10
12.9805603027,80.252746582,74030,74040,10
12.9801197052,80.2527770996,74040,74110,70
12.9801197052,80.2527770996,74110,74120,10
12.9798402786,80.2526931763,74120,74131,11
12.9798698425,80.2523880005,74131,74141,10
12.9799003601,80.252281189,74141,74151,10
12.9799203873,80.2521209717,74151,74161,10
12.9800195694,80.2517700195,74161,74171,10
12.9802303314,80.2511672974,74171,74181,10
12.9804697037,80.2503204346,74181,74191,10
12.9806604385,80.2494506836,74191,74201,10
12.9807395935,80.2484588623,74201,74210,9
12.9808101654,80.2474899292,74210,74220,10
12.9809103012,80.2463226318,74220,74231,11
12.9810495377,80.2450180054,74231,74242,11
12.9811601639,80.2439193726,74242,74252,10
12.981300354,80.2435836792,74252,74262,10
12.9813404083,80.2429275513,74262,74282,20
12.9813404083,80.2429275513,74282,74292,10
12.9813299179,80.2426223755,74292,74302,10
12.981300354,80.2420883179,74302,74312,10
12.981300354,80.2413101196,74312,74322,10
12.9812803268,80.2405014038,74322,74332,10
12.9812698364,80.2397384644,74332,74342,10
12.9812498093,80.2391815186,74342,74353,11
12.9812202454,80.23853302,74353,74363,10
12.9812097549,80.237739563,74363,74383,20
12.9812097549,80.237739563,74383,74393,10
12.9812002182,80.2373428345,74393,74403,10
12.9811897278,80.2366714478,74403,74413,10
12.9811601639,80.2359008789,74413,74429,16
12.9811201096,80.2346801758,74429,74441,12
12.9811601639,80.2343978882,74441,74449,8
12.9812002182,80.2342376709,74449,74460,11
12.9813699722,80.2339630127,74460,74472,12
12.9815597534,80.2335891724,74472,74502,30
12.9815597534,80.2335891724,74502,74512,10
12.981710434,80.233253479,74512,74522,10
12.9818696976,80.2328491211,74522,74532,10
12.9819498062,80.2326126099,74532,74552,20
12.9819498062,80.2326126099,74552,74562,10
12.982000351,80.2323226929,74562,74573,11
12.9819402695,80.232093811,74573,74583,10
12.9819297791,80.2316589355,74583,74593,10
12.9818201065,80.2311477661,74593,74603,10
12.9815797806,80.2306518555,74603,74613,10
12.9812402725,80.2300720215,74613,74623,10
12.981010437,80.2297210693,74623,74633,10
12.9808998108,80.2295074463,74633,74643,10
12.9807701111,80.2292480469,74643,74653,10
12.9806404114,80.2290802002,74653,74663,10
12.9806404114,80.2290725708,74663,74673,10
12.9805002213,80.228843689,74673,74684,11
12.9802598953,80.2284164429,74684,74694,10
12.9800596237,80.2280273438,74694,74704,10
12.9796800613,80.2274398804,74704,74714,10
12.9792604446,80.2267227173,74714,74724,10
12.9788198471,80.2259674072,74724,74734,10
12.9784402847,80.2253112793,74734,74744,10
12.9783201218,80.2250976563,74744,74754,10
12.9781503677,80.224822998,74754,74764,10
12.9779996872,80.2246398926,74764,74774,10
12.9778499603,80.2244873047,74774,74784,10
12.9776296616,80.2241287231,74784,74795,11
12.9773101807,80.2236480713,74795,74805,10
12.9771795273,80.2233886719,74805,74815,10
12.9770803452,80.2232208252,74815,74825,10
12.9769897461,80.2230377197,74825,74835,10
12.9769096375,80.2228775024,74835,74845,10
12.9767904282,80.2227020264,74845,74855,10
12.9766101837,80.2224197388,74855,74865,10
12.9764604568,80.2221984863,74865,74885,20
12.9764604568,80.2221984863,74885,74895,10
12.9762496948,80.2218933105,74895,74905,10
12.9761800766,80.2218017578,74905,74916,11
12.9760503769,80.2216567993,74916,74926,10
12.9759502411,80.2215194702,74926,74956,30
12.9759502411,80.2215194702,74956,74966,10
12.9757499695,80.2212219238,74966,74976,10
12.9755496979,80.2210998535,74976,75043,67
12.9753198624,80.220916748,75043,75146,103
12.9753198624,80.220916748,75146,75156,10
12.9753599167,80.2206268311,75156,75166,10
12.9756498337,80.2203903198,75166,75176,10
12.9761896133,80.2201385498,75176,75186,10
12.976940155,80.2198181152,75186,75196,10
12.977809906,80.2194595337,75196,75206,10
12.9785404205,80.2191696167,75206,75216,10
12.9791498184,80.2189331055,75216,75226,10
12.9798603058,80.2186584473,75226,75236,10
12.9803199768,80.2184371948,75236,75247,11
12.9810695648,80.2181777954,75247,75257,10
12.9818897247,80.2179794312,75257,75267,10
12.9827899933,80.217956543,75267,75277,10
12.9836301804,80.217918396,75277,75287,10
12.9837903976,80.2179107666,75287,75297,10
12.9839401245,80.217918396,75297,75307,10
12.9844999313,80.217918396,75307,75317,10
12.9852399826,80.217918396,75317,75327,10
12.986120224,80.2180480957,75327,75337,10
12.9873399734,80.2182998657,75337,75358,21
12.9873399734,80.2182998657,75358,75368,10
12.9874897003,80.2183609009,75368,75378,10
12.9879398346,80.2184906006,75378,75388,10
12.9885997772,80.2186431885,75388,75398,10
12.9894304276,80.2189025879,75398,75408,10
12.9903402328,80.2192001343,75408,75418,10
12.9913597107,80.2194824219,75418,75434,16
12.9922399521,80.219078064,75434,75446,12
12.992939949,80.2185821533,75446,75454,8
12.9933099747,80.2182998657,75454,75466,12
12.9938402176,80.217918396,75466,75477,11
12.99421978,80.2176437378,75477,75487,10
12.9945802689,80.2173614502,75487,75497,10
12.9949703217,80.217086792,75497,75507,10
12.9955301285,80.216796875,75507,75517,10
12.9961500168,80.2166595459,75517,75526,9
12.9966402054,80.216583252,75526,75537,11
12.9969301224,80.2165298462,75537,75547,10
12.9971904755,80.2164382935,75547,75557,10
12.9974803925,80.2161636353,75557,75577,20
12.9974803925,80.2161636353,75577,75588,11
12.9978199005,80.2158813477,75588,75598,10
12.9982795715,80.2154769897,75598,75608,10
12.9988603592,80.2149734497,75608,75618,10
12.9992103577,80.2146835327,75618,75628,10
12.9996099472,80.2143325806,75628,75638,10
12.9999399185,80.2140579224,75638,75648,10
13.0005598068,80.2134933472,75648,75658,10
13.0010795593,80.2130737305,75658,75668,10
13.0015697479,80.2127227783,75668,75678,10
13.0021600723,80.212348938,75678,75688,10
13.0026798248,80.2121505737,75688,75699,11
13.003490448,80.2121124268,75699,75709,10
13.0036401749,80.2118988037,75709,75719,10
13.0036497116,80.2115936279,75719,75729,10
13.0036096573,80.2109985352,75729,75739,10
13.0035200119,80.2103118896,75739,75749,10
13.0034799576,80.2095794678,75749,75759,10
13.0036401749,80.2088165283,75759,75768,9
13.0043001175,80.2088470459,75768,75778,10
13.0052604675,80.2092666626,75778,75789,11
13.0061903,80.2096176147,75789,75799,10
13.007109642,80.2098617554,75799,75830,31
13.007109642,80.2098617554,75830,75840,10
13.0073003769,80.2098770142,75840,75850,10
13.0074501038,80.2098999023,75850,75860,10
13.0076999664,80.2099609375,75860,75870,10
13.0079402924,80.2100219727,75870,75880,10
13.0081300735,80.2099761963,75880,75890,10
13.008020401,80.2095336914,75890,75900,10
13.0078401566,80.2088012695,75900,75910,10
13.0076999664,80.2078781128,75910,75921,11
13.0075597763,80.2068786621,75921,75931,10
13.0074501038,80.2060470581,75931,75941,10
13.0074195862,80.2052307129,75941,75951,10
13.0074396133,80.2045822144,75951,75961,10
13.0074100494,80.2039108276,75961,75971,10
13.0072603226,80.2030181885,75971,75981,10
13.006649971,80.2025985718,75981,75991,10
13.0065498352,80.2032928467,75991,76001,10
13.0071601868,80.2036437988,76001,76011,10
13.0078897476,80.2037963867,76011,76021,10
13.0087995529,80.203742981,76021,76032,11
13.010140419,80.203666687,76032,76042,10
13.0114803314,80.2037811279,76042,76052,10
13.0127401352,80.2040176392,76052,76062,10
13.0136604309,80.2043075562,76062,76072,10
13.0144500732,80.2045974731,76072,76082,10
13.0153598785,80.2049179077,76082,76092,10
13.016169548,80.2052078247,76092,76102,10
13.0171403885,80.2055282593,76102,76112,10
13.0179796219,80.2058029175,76112,76122,10
13.0185098648,80.2059173584,76122,76132,10
13.0186395645,80.2059402466,76132,76143,11
13.0188302994,80.2060394287,76143,76152,9
13.0191297531,80.206161499,76152,76163,11
13.019900322,80.2062988281,76163,76173,10
13.0207700729,80.2063293457,76173,76183,10
13.0217504501,80.2063674927,76183,76193,10
13.0228204727,80.2065200806,76193,76203,10
13.0238704681,80.2066879272,76203,76213,10
13.0248498917,80.2069091797,76213,76223,10
13.0258798599,80.2072982788,76223,76233,10
13.026889801,80.2079162598,76233,76243,10
13.0278997421,80.2084884644,76243,76254,11
13.0291099548,80.2088088989,76254,76264,10
13.0301103592,80.2090835571,76264,76274,10
13.0310401917,80.2093505859,76274,76284,10
13.0315799713,80.2094497681,76284,76293,9
13.0315999985,80.2094497681,76293,76304,11
13.0317802429,80.2094421387,76304,76314,10
13.0323200226,80.2095489502,76314,76324,10
13.0329704285,80.2097167969,76324,76334,10
13.0339698792,80.2099380493,76334,76344,10
13.0348901749,80.2101593018,76344,76354,10
13.0349302292,80.2106781006,76354,76365,11
13.0349397659,80.2113494873,76365,76395,30
13.0349397659,80.2113494873,76395,76405,10
13.0348596573,80.2116622925,76405,76415,10
13.0348501205,80.2121429443,76415,76425,10
13.0353002548,80.2123336792,76425,76435,10
13.035900116,80.212348938,76435,76445,10
13.0367803574,80.2123565674,76445,76455,10
13.0376996994,80.2123565674,76455,76465,10
13.0387601852,80.2123184204,76465,76476,11
13.0399599075,80.2123184204,76476,76486,10
13.0411100388,80.2123184204,76486,76496,10
13.0420999527,80.2123336792,76496,76506,10
13.0433397293,80.2123184204,76506,76516,10
13.0440797806,80.2122573853,76516,76597,81
13.0440797806,80.2122573853,76597,76607,10
13.0442895889,80.2122268677,76607,76617,10
13.0447502136,80.2122573853,76617,76627,10
13.0454101563,80.2122497559,76627,76637,10
13.046210289,80.2122421265,76637,76647,10
13.0471200943,80.2121963501,76647,76657,10
13.0479803085,80.2121200562,76657,76667,10
13.0485601425,80.2120513916,76667,76677,10
13.0485601425,80.212059021,76677,76687,10
13.0487203598,80.2120437622,76687,76698,11
13.0488700867,80.212020874,76698,76708,10
13.0492801666,80.2119827271,76708,76718,10
13.0494699478,80.2119827271,76718,76728,10
13.0497903824,80.2119598389,76728,76738,10
13.0500297546,80.2119827271,76738,76748,10
13.0505399704,80.2120132446,76748,76758,10
13.0509195328,80.2120437622,76758,76768,10
13.0517396927,80.2120513916,76768,76778,10
13.0525798798,80.2118988037,76778,76788,10
13.0534095764,80.2117233276,76788,76799,11
13.0540399551,80.2115478516,76799,76809,10
13.0543298721,80.2114868164,76809,76819,10
13.0549297333,80.211479187,76819,76828,9
13.0556497574,80.2115097046,76828,76839,11
13.0565700531,80.211479187,76839,76849,10
13.0574798584,80.2114486694,76849,76859,10
13.0576696396,80.2114181519,76859,76869,10
13.0577297211,80.2114181519,76869,76879,10
13.0582304001,80.2114334106,76879,76889,10
13.0589199066,80.2115020752,76889,76899,10
13.0596904755,80.2115707397,76899,76909,10
13.0605297089,80.2116088867,76909,76920,11
13.0614404678,80.2116622925,76920,76930,10
13.0622797012,80.2116394043,76930,76940,10
13.0630998611,80.2115707397,76940,76950,10
13.0632095337,80.2115478516,76950,76960,10
13.0634803772,80.2115478516,76960,76970,10
13.0639896393,80.2115020752,76970,76980,10
13.0646400452,80.2112884521,76980,76990,10
13.0651798248,80.2109603882,76990,77000,10
13.0658998489,80.210319519,77000,77010,10
13.0665998459,80.2097091675,77010,77021,11
13.0671901703,80.2088775635,77021,77031,10
13.0673599243,80.2086105347,77031,77041,10
13.0676298141,80.2081832886,77041,77051,10
13.0680303574,80.2075881958,77051,77061,10
13.0684900284,80.2069320679,77061,77072,11
13.069029808,80.2061233521,77072,77082,10
13.0694599152,80.205406189,77082,77092,10
13.0696496964,80.2049713135,77092,77102,10
13.0693902969,80.204826355,77102,77112,10
13.0690002441,80.2049789429,77112,77122,10
13.0687799454,80.2051773071,77122,77133,11
13.0684499741,80.2050704956,77133,77516,383
13.0684499741,80.2050704956,77516,77526,10
13.0684995651,80.2048568726,77526,77536,10
13.0686998367,80.2048110962,77536,77546,10
13.0690498352,80.204750061,77546,77556,10
13.0694303513,80.2048187256,77556,77566,10
13.0697202682,80.2049407959,77566,77576,10
13.0696601868,80.2053833008,77576,77587,11
13.0692300797,80.2060394287,77587,77597,10
13.068810463,80.2067565918,77597,77607,10
13.0682497025,80.2076568604,77607,77617,10
13.067700386,80.2085037231,77617,77627,10
13.0672903061,80.2091369629,77627,77637,10
13.0668897629,80.209777832,77637,77647,10
13.0663204193,80.210319519,77647,77657,10
13.0656404495,80.2108535767,77657,77667,10
13.0649995804,80.2113189697,77667,77677,10
13.0640001297,80.2117233276,77677,77698,21
13.0640001297,80.2117233276,77698,77708,10
13.0635595322,80.2117462158,77708,77718,10
13.0628995895,80.211769104,77718,77728,10
13.0621004105,80.2117614746,77728,77738,10
13.0609703064,80.2116699219,77738,77748,10
13.0600404739,80.2116775513,77748,77758,10
13.0589599609,80.2116394043,77758,77768,10
13.0579595566,80.2116012573,77768,77778,10
13.0570802689,80.2116012573,77778,77788,10
13.0559902191,80.2115783691,77788,77798,10
13.0548200607,80.2115783691,77798,77809,11
13.0535802841,80.211769104,77809,77819,10
13.0525197983,80.2120513916,77819,77829,10
13.051609993,80.2122573853,77829,77839,10
13.0508298874,80.2122421265,77839,77849,10
13.0502796173,80.2122192383,77849,77859,10
13.0499601364,80.2121887207,77859,77875,16
13.0494098663,80.2121963501,77875,77887,12
13.0486001968,80.2122421265,77887,77896,9
13.0478096008,80.2123413086,77896,77907,11
13.0465898514,80.212387085,77907,77918,11
13.0454502106,80.2124404907,77918,77928,10
13.0450000763,80.2124710083,77928,77937,9
13.0444297791,80.2124710083,77937,77986,49
13.0444297791,80.2124710083,77986,77998,12
13.0444698334,80.2122573853,77998,78008,10
13.0448198318,80.2122497559,78008,78017,9
13.0452404022,80.2122421265,78017,78028,11
13.045999527,80.2122116089,78028,78039,11
13.0467996597,80.2121963501,78039,78048,9
13.0470104218,80.2121582031,78048,78059,11
13.0470504761,80.2120132446,78059,78069,10
13.0470199585,80.2117004395,78069,78079,10
13.0469999313,80.2111663818,78079,78089,10
13.0470695496,80.2107620239,78089,78099,10
13.0474796295,80.2108001709,78099,78109,10
13.0481100082,80.2108078003,78109,78119,10
13.0488395691,80.2108535767,78119,78129,10
13.0496397018,80.2108612061,78129,78140,11
13.0496702194,80.2102432251,78140,78150,10
13.0495796204,80.2095870972,78150,78160,10
13.049489975,80.2089691162,78160,78170,10
13.0493097305,80.2083206177,78170,78180,10
13.0490703583,80.2076416016,78180,78190,10
13.0488595963,80.2071228027,78190,78200,10
13.0489597321,80.2068786621,78200,78230,30
13.0489597321,80.2068786621,78230,78240,10
13.0493803024,80.2068710327,78240,78257,17
13.0495195389,80.206817627,78257,78269,12
13.0500001907,80.2069091797,78269,78279,10
13.0506296158,80.2069091797,78279,78288,9
13.050740242,80.2070465088,78288,78592,304
13.050740242,80.2070465088,78592,78602,10
13.0506601334,80.2069778442,78602,78612,10
13.0504798889,80.2070007324,78612,78622,10
13.050330162,80.2068862915,78622,78632,10
13.0503997803,80.2068405151,78632,78642,10
13.0506801605,80.2067108154,78642,78652,10
13.0507898331,80.2062530518,78652,78662,10
13.0508003235,80.2058868408,78662,78975,313
13.0507898331,80.2062606812,78975,81477,2502
13.0506601334,80.2063980103,81477,81730,253
13.0506801605,80.2063522339,81730,81982,252
13.050740242,80.2064590454,81982,82032,50
13.0507097244,80.2065505981,82032,82557,525
13.0506601334,80.2063903809,82557,83062,505
13.0506401062,80.206413269,83062,83314,252
13.0506801605,80.2064666748,83314,83728,414
13.0506696701,80.206413269,83728,83859,131
13.050740242,80.2063522339,83859,84212,353
13.0506896973,80.2063598633,84212,84414,202
13.0506601334,80.2065124512,84414,85181,767
13.0506801605,80.2063903809,85181,85433,252
