12.9979801178,80.2567214966,13,5352,5339
12.9979801178,80.2567214966,5352,5362,10
12.9979896545,80.2565765381,5362,5372,10
12.9978599548,80.2563705444,5372,5382,10
12.9977302551,80.2564163208,5382,5392,10
12.9977302551,80.2566299438,5392,5433,41
12.9977302551,80.2566299438,5433,5444,11
12.9979400635,80.2564620972,5444,5454,10
12.9979801178,80.256729126,5454,5464,10
12.9979400635,80.2570419312,5464,5474,10
12.9981603622,80.2571868896,5474,5484,10
12.9982995987,80.256942749,5484,5494,10
12.9982795715,80.2566375732,5494,17380,11886
12.9982795715,80.2566375732,17380,17390,10
12.9982500076,80.2563400269,17390,17400,10
12.9980697632,80.2563400269,17400,17410,10
12.9979295731,80.2566299438,17410,18339,929
12.9979295731,80.2566299438,18339,18349,10
12.9979600906,80.2567901611,18349,18359,10
12.9979801178,80.256980896,18359,19096,737
12.9979801178,80.256980896,19096,19106,10
12.9977998734,80.2572402954,19106,19368,262
12.9979095459,80.2571792603,19368,19895,527
12.9977502823,80.2572479248,19895,22700,2805
12.9977502823,80.2572479248,22700,22710,10
12.997759819,80.2571182251,22710,22720,10
12.9977397919,80.2568969727,22720,22730,10
12.9977397919,80.2565612793,22730,22740,10
12.9977502823,80.2563323975,22740,22831,91
12.9977502823,80.2563323975,22831,22841,10
12.9974098206,80.2559509277,22841,24233,1392
12.9974098206,80.2559509277,24233,24243,10
12.9970502853,80.2559432983,24243,24253,10
12.9969501495,80.2559204102,24253,24263,10
12.9967699051,80.2558898926,24263,24274,11
12.9963998795,80.2558822632,24274,24284,10
12.9958295822,80.2558670044,24284,24294,10
12.9951400757,80.2558898926,24294,24304,10
12.9943799973,80.2559280396,24304,24314,10
12.9936599731,80.2559814453,24314,24324,10
12.9927396774,80.2560424805,24324,24334,10
12.9918603897,80.2560424805,24334,24344,10
12.9914798737,80.2559967041,24344,24354,10
12.9910297394,80.2559890747,24354,24364,10
12.9903898239,80.2559890747,24364,24374,10
12.9895496368,80.2559661865,24374,24385,11
12.9887104034,80.2558898926,24385,24395,10
12.9883003235,80.2558288574,24395,24405,10
12.9882001877,80.255821228,24405,24435,30
12.9882001877,80.255821228,24435,24445,10
12.9879102707,80.2557907104,24445,24455,10
12.9876098633,80.2557296753,24455,24465,10
12.9870796204,80.2556381226,24465,24475,10
12.986410141,80.2555389404,24475,24486,11
12.9856395721,80.2553787231,24486,24496,10
12.9848003387,80.2552108765,24496,24506,10
12.9839601517,80.2549972534,24506,24516,10
12.9832401276,80.2547531128,24516,24526,10
12.982509613,80.2545166016,24526,24536,10
12.9819898605,80.2540435791,24536,24545,9
12.9817895889,80.2533187866,24545,24555,10
12.9812202454,80.2527618408,24555,24565,10
12.980509758,80.2527618408,24565,24576,11
12.9798002243,80.2527313232,24576,24586,10
12.9791097641,80.2526397705,24586,24597,11
12.9783601761,80.2524032593,24597,24607,10
12.977689743,80.2518386841,24607,24617,10
12.9767904282,80.2513427734,24617,24627,10
12.9756603241,80.2510070801,24627,24637,10
12.9744701385,80.2506637573,24637,24647,10
12.9732599258,80.2503204346,24647,24657,10
12.9720697403,80.25,24657,24667,10
12.9709396362,80.2496795654,24667,24677,10
12.9697599411,80.2492828369,24677,24687,10
12.9686498642,80.2488327026,24687,24697,10
12.9675998688,80.2483901978,24697,24707,10
12.9668197632,80.2480163574,24707,24718,11
12.9658899307,80.2476196289,24718,24728,10
12.9651603699,80.2473678589,24728,24748,20
12.9651603699,80.2473678589,24748,24758,10
12.964799881,80.2472229004,24758,24768,10
12.9641704559,80.2470016479,24768,24778,10
12.9634599686,80.2466964722,24778,24788,10
12.9625997543,80.2462921143,24788,24798,10
12.9616298676,80.24584198,24798,24808,10
12.9605903625,80.2453384399,24808,24818,10
12.9596300125,80.2448883057,24818,24829,11
12.9584598541,80.2443771362,24829,24839,10
12.9577198029,80.2440795898,24839,24849,10
12.9569301605,80.2438430786,24849,24859,10
12.9563798904,80.2436828613,24859,24869,10
12.9561595917,80.243598938,24869,24879,10
12.9556303024,80.2433013916,24879,24889,10
12.9548101425,80.2429122925,24889,24899,10
12.9538898468,80.2425231934,24899,24909,10
12.9530000687,80.2421417236,24909,24919,10
12.9520301819,80.2417831421,24919,24929,10
12.95154953,80.241607666,24929,24940,11
12.9508199692,80.2413406372,24940,24950,10
12.9497900009,80.2410430908,24950,24960,10
12.9488697052,80.2407302856,24960,24970,10
12.947930336,80.2403182983,24970,24980,10
12.9472198486,80.240020752,24980,24990,10
12.9465703964,80.2397689819,24990,25000,10
12.9457597733,80.2394104004,25000,25010,10
12.9449396133,80.2388381958,25010,25020,10
12.9442396164,80.2380905151,25020,25030,10
12.9435396194,80.2373504639,25030,25040,10
12.9433403015,80.2371368408,25040,25051,11
12.943189621,80.2369766235,25051,25061,10
12.9426202774,80.2366027832,25061,25071,10
12.9416999817,80.2362976074,25071,25081,10
12.9405698776,80.2360305786,25081,25091,10
12.9398603439,80.2358016968,25091,25101,10
12.9396600723,80.235710144,25101,25111,10
12.9390802383,80.2354202271,25111,25121,10
12.938170433,80.2349472046,25121,25131,10
12.9370498657,80.2343978882,25131,25141,10
12.9362001419,80.2340011597,25141,25151,10
12.9359798431,80.2339096069,25151,25162,11
12.9356403351,80.2337493896,25162,25172,10
12.9349603653,80.2334289551,25172,25182,10
12.9341802597,80.2331008911,25182,25192,10
12.9340200424,80.2330169678,25192,25202,10
12.9337396622,80.2328796387,25202,25212,10
12.9330701828,80.2325973511,25212,25222,10
12.9321203232,80.2322463989,25222,25232,10
12.9309101105,80.231842041,25232,25242,10
12.9296398163,80.2314987183,25242,25252,10
12.9283704758,80.2312774658,25252,25262,10
12.9272003174,80.2311172485,25262,25273,11
12.926320076,80.231010437,25273,25283,10
12.9261798859,80.2309875488,25283,25293,10
12.9259796143,80.23097229,25293,25303,10
12.9253396988,80.2308883667,25303,25313,10
12.9244804382,80.2307891846,25313,25323,10
12.9233102798,80.2306518555,25323,25333,10
12.9219799042,80.2304534912,25333,25343,10
12.9206199646,80.2302627563,25343,25353,10
12.919549942,80.2301635742,25353,25363,10
12.9192399979,80.2301177979,25363,25374,11
12.9189195633,80.2300796509,25374,25384,10
12.9181804657,80.2299575806,25384,25394,10
12.917140007,80.2298202515,25394,25404,10
12.9159498215,80.2296600342,25404,25414,10
12.9148101807,80.2294921875,25414,25424,10
12.9138097763,80.2293624878,25424,25434,10
12.913479805,80.2293319702,25434,25444,10
12.913310051,80.2292861938,25444,25454,10
12.9126796722,80.2291564941,25454,25464,10
12.9117097855,80.2290496826,25464,25474,10
12.9104604721,80.2288665771,25474,25485,11
12.9089698792,80.2286071777,25485,25495,10
12.9075803757,80.2283935547,25495,25505,10
12.9065599442,80.228302002,25505,25515,10
12.9063196182,80.2282791138,25515,25525,10
12.9059095383,80.2282333374,25525,25535,10
12.905090332,80.2281570435,25535,25545,10
12.9039001465,80.2281036377,25545,25555,10
12.9026498795,80.2280578613,25555,25565,10
12.9020595551,80.2280426025,25565,25595,30
12.9020595551,80.2280426025,25595,25606,11
12.901720047,80.2279891968,25606,25616,10
12.901260376,80.2279815674,25616,25626,10
12.9007902145,80.2279510498,25626,25636,10
12.9002103806,80.227897644,25636,25646,10
12.8995599747,80.2278594971,25646,25656,10
12.8989400864,80.227897644,25656,25666,10
12.898639679,80.2278900146,25666,25676,10
12.8981304169,80.2278213501,25676,25686,10
12.8974895477,80.2277832031,25686,25696,10
12.896490097,80.2277374268,25696,25706,10
12.8952198029,80.2276992798,25706,25716,10
12.8940095901,80.2276229858,25716,25727,11
12.8928804398,80.2274780273,25727,25737,10
12.8920402527,80.2274017334,25737,25747,10
12.8908996582,80.2273712158,25747,25757,10
12.8895998001,80.2273712158,25757,25767,10
12.8883399963,80.2273483276,25767,25777,10
12.887049675,80.2271881104,25777,25787,10
12.8857603073,80.2268600464,25787,25797,10
12.8847904205,80.2267532349,25797,25807,10
12.8845300674,80.2267608643,25807,25817,10
12.8838796616,80.2267379761,25817,25827,10
12.8829402924,80.2267227173,25827,25838,11
12.8815898895,80.2267227173,25838,25848,10
12.8802995682,80.2267379761,25848,25858,10
12.8791103363,80.2267608643,25858,25868,10
12.8777198792,80.2268600464,25868,25878,10
12.8768196106,80.2269363403,25878,25888,10
12.8764400482,80.2268981934,25888,25898,10
12.8764200211,80.2265625,25898,25908,10
12.8764200211,80.2265319824,25908,25918,10
12.8764400482,80.2263565063,25918,25928,10
12.8765201569,80.2257385254,25928,25939,11
12.8766202927,80.2247009277,25939,25949,10
12.8767795563,80.223739624,25949,25959,10
12.8770399094,80.2226028442,25959,25969,10
12.8773403168,80.2212905884,25969,25979,10
12.8776397705,80.2199783325,25979,25989,10
12.8779201508,80.2187805176,25989,25999,10
12.8781700134,80.2175674438,25999,26009,10
12.8784103394,80.2163619995,26009,26019,10
12.878660202,80.2152862549,26019,26029,10
12.8789300919,80.2139129639,26029,26039,10
12.8791799545,80.2125473022,26039,26049,10
12.8793897629,80.21144104,26049,26060,11
12.8793401718,80.2109909058,26060,26070,10
12.8793001175,80.2109909058,26070,26080,10
12.8788995743,80.210899353,26080,26090,10
12.8782901764,80.2107925415,26090,26100,10
12.8774995804,80.2106399536,26100,26110,10
12.876660347,80.2104797363,26110,26120,10
12.8759298325,80.2103424072,26120,26130,10
12.8750600815,80.2101898193,26130,26140,10
12.8744401932,80.2100524902,26140,26150,10
12.8744096756,80.2096633911,26150,26161,11
12.8747701645,80.2096176147,26161,26171,10
12.8747797012,80.2096405029,26171,26181,10
12.8747196198,80.2098007202,26181,26322,141
12.8747196198,80.2098007202,26322,26332,10
12.8747396469,80.2100524902,26332,26342,10
12.8747596741,80.2101669312,26342,26352,10
12.8750696182,80.2102737427,26352,26362,10
12.8755197525,80.210319519,26362,26372,10
12.8759803772,80.2104034424,26372,26383,11
12.8764896393,80.2105026245,26383,26393,10
12.876999855,80.2105865479,26393,26403,10
12.8775396347,80.2107009888,26403,26413,10
12.8781099319,80.2107925415,26413,26423,10
12.8787403107,80.210899353,26423,26433,10
12.8792600632,80.2110214233,26433,26453,20
12.8792600632,80.2110214233,26453,26463,10
12.87940979,80.2110824585,26463,26473,10
12.8794803619,80.2114105225,26473,26483,10
12.879360199,80.2119903564,26483,26493,10
12.8792104721,80.2127685547,26493,26504,11
12.8790397644,80.2136764526,26504,26514,10
12.8788795471,80.2145690918,26514,26524,10
12.8787002563,80.215461731,26524,26534,10
12.8785200119,80.2162704468,26534,26544,10
12.8783798218,80.2170181274,26544,26554,10
12.8782997131,80.2174911499,26554,26675,121
12.8782997131,80.2174911499,26675,26685,10
12.8782701492,80.2177429199,26685,26695,10
12.8781299591,80.2183532715,26695,26705,10
12.8779296875,80.2192001343,26705,26716,11
12.8776597977,80.2203369141,26716,26726,10
12.8774003983,80.2214202881,26726,26736,10
12.8771400452,80.2225799561,26736,26746,10
12.8768796921,80.2237014771,26746,26756,10
12.8767004013,80.2247924805,26756,26766,10
12.8765802383,80.2258834839,26766,26776,10
12.8764696121,80.226600647,26776,26786,10
12.8765001297,80.2269210815,26786,26796,10
12.8768100739,80.2268829346,26796,26806,10
12.8768796921,80.2268676758,26806,26816,10
12.8769197464,80.226852417,26816,26827,11
12.8773899078,80.2267990112,26827,26837,10
12.8781604767,80.2267608643,26837,26847,10
12.8791599274,80.2266998291,26847,26857,10
12.880279541,80.2266693115,26857,26867,10
12.8813800812,80.2266693115,26867,26877,10
12.8825597763,80.2266616821,26877,26887,10
12.8838195801,80.2266387939,26887,26897,10
12.8851804733,80.2266387939,26897,26916,19
12.8851804733,80.2266387939,26916,26927,11
12.8854904175,80.2266998291,26927,26937,10
12.8861198425,80.2268600464,26937,26948,11
12.8870697021,80.2270965576,26948,26958,10
12.8879499435,80.2272262573,26958,26968,10
12.8892202377,80.2273025513,26968,26978,10
12.8904895782,80.2272796631,26978,26988,10
12.8917102814,80.2272796631,26988,26998,10
12.8925199509,80.2273101807,26998,27008,10
12.8933801651,80.2274169922,27008,27018,10
12.8942804337,80.2275238037,27018,27028,10
12.8944501877,80.2275314331,27028,27038,10
12.894490242,80.2275466919,27038,27049,11
12.8950004578,80.2275695801,27049,27059,10
12.8957796097,80.2276000977,27059,27069,10
12.8968296051,80.2276535034,27069,27079,10
12.8979997635,80.227722168,27079,27089,10
12.899189949,80.2277832031,27089,27099,10
12.9001102448,80.2278137207,27099,27109,10
12.9006204605,80.2278366089,27109,27119,10
12.9009799957,80.2278671265,27119,27129,10
12.9012403488,80.2278823853,27129,27138,9
12.9017000198,80.2279205322,27138,27148,10
12.9025497437,80.2279281616,27148,27170,22
12.9025497437,80.2279281616,27170,27180,10
12.902759552,80.2279586792,27180,27190,10
12.9032897949,80.2279586792,27190,27200,10
12.9039402008,80.2280426025,27200,27210,10
12.9046802521,80.2280807495,27210,27220,10
12.9054002762,80.2281112671,27220,27230,10
12.9061203003,80.2281188965,27230,27240,10
12.9064397812,80.2281417847,27240,27250,10
12.9066400528,80.2281570435,27250,27260,10
12.9069004059,80.2282180786,27260,27270,10
12.9069099426,80.2282180786,27270,27281,11
12.9071998596,80.2282791138,27281,27291,10
12.9077196121,80.2283477783,27291,27301,10
12.9084997177,80.228477478,27301,27317,16
12.9099798203,80.2287216187,27317,27329,12
12.9112300873,80.2289123535,27329,27339,10
12.9120798111,80.2290267944,27339,27349,10
12.9132299423,80.2291793823,27349,27359,10
12.9138097763,80.2292480469,27359,27369,10
12.9140396118,80.2292785645,27369,27379,10
12.914059639,80.2292861938,27379,27390,11
12.9145202637,80.2293624878,27390,27400,10
12.9152498245,80.2294769287,27400,27411,11
12.9162397385,80.2296066284,27411,27420,9
12.9170703888,80.2297210693,27420,27431,11
12.9180002213,80.2298431396,27431,27441,10
12.9189100266,80.2299728394,27441,27451,10
12.9192495346,80.2300033569,27451,27461,10
12.9192895889,80.2300186157,27461,27471,10
12.9197301865,80.2300796509,27471,27481,10
12.9204797745,80.2301712036,27481,27491,10
12.9214496613,80.2303009033,27491,27502,11
12.9227199554,80.2304992676,27502,27512,10
12.9239397049,80.2306671143,27512,27522,10
12.9251203537,80.2308197021,27522,27532,10
12.9261198044,80.2309036255,27532,27542,10
12.9265003204,80.2309494019,27542,27552,10
12.9265098572,80.2309570313,27552,27562,10
12.9269104004,80.2310028076,27562,27572,10
12.9276599884,80.2310791016,27572,27582,10
12.928440094,80.2311782837,27582,27592,10
12.9291095734,80.231300354,27592,27602,10
12.9299497604,80.2314987183,27602,27613,11
12.9310798645,80.2318115234,27613,27623,10
12.9320497513,80.2321472168,27623,27633,10
12.9330396652,80.2324829102,27633,27643,10
12.9337596893,80.2328033447,27643,27663,20
12.9337596893,80.2328033447,27663,27673,10
12.9340200424,80.2329177856,27673,27683,10
12.934630394,80.2331924438,27683,27693,10
12.9353599548,80.2335205078,27693,27703,10
12.9357795715,80.2337036133,27703,27713,10
12.9357700348,80.2337036133,27713,27724,11
12.9360599518,80.2338485718,27724,27734,10
12.9366598129,80.2341384888,27734,27744,10
12.9374504089,80.2345275879,27744,27754,10
12.9383897781,80.2350234985,27754,27764,10
12.9392204285,80.2354202271,27764,27774,10
12.9396800995,80.2356414795,27774,27784,10
12.9397001266,80.2356491089,27784,27794,10
12.9399204254,80.2357635498,27794,27804,10
12.9404296875,80.2359390259,27804,27814,10
12.9411296844,80.2361221313,27814,27824,10
12.9419898987,80.2362976074,27824,27835,11
12.9429302216,80.236656189,27835,27844,9
12.9434995651,80.237121582,27844,27855,11
12.9436302185,80.2372436523,27855,27865,10
12.9436998367,80.2373199463,27865,27875,10
12.9440698624,80.2377471924,27875,27885,10
12.9446401596,80.2383880615,27885,27895,10
12.9453601837,80.2391204834,27895,27905,10
12.946269989,80.2395782471,27905,27915,10
12.9471197128,80.239906311,27915,27925,10
12.9473695755,80.240020752,27925,27935,10
12.9475002289,80.2400665283,27935,27946,11
12.9480800629,80.2403182983,27946,27956,10
12.9488401413,80.2406082153,27956,27976,20
12.9488401413,80.2406082153,27976,27986,10
12.9488697052,80.2406082153,27986,27996,10
12.9492502213,80.2407608032,27996,28006,10
12.9498195648,80.2409591675,28006,28016,10
12.9505395889,80.2411804199,28016,28026,10
12.9511203766,80.2413482666,28026,28036,10
12.951210022,80.2413787842,28036,28046,10
12.9513902664,80.2414474487,28046,28056,10
12.9519100189,80.2416534424,28056,28067,11
12.952750206,80.2419662476,28067,28077,10
12.9536600113,80.2423171997,28077,28087,10
12.9544897079,80.2426528931,28087,28097,10
12.955160141,80.2429199219,28097,28107,10
12.9558496475,80.2432098389,28107,28117,10
12.9562702179,80.2433776855,28117,28147,30
12.9562702179,80.2433776855,28147,28157,10
12.9565696716,80.2434921265,28157,28167,10
12.9571504593,80.2437362671,28167,28178,11
12.9580602646,80.244140625,28178,28188,10
12.9588699341,80.244430542,28188,28198,10
12.958990097,80.2444992065,28198,28208,10
12.9592399597,80.2446212769,28208,28218,10
12.9597797394,80.2448730469,28218,28228,10
12.9605798721,80.2452316284,28228,28238,10
12.9614200592,80.2456207275,28238,28248,10
12.9621295929,80.2459793091,28248,28258,10
12.9625997543,80.2462081909,28258,28268,10
12.9627199173,80.2462615967,28268,28285,17
12.9628000259,80.2462921143,28285,28297,12
12.9630899429,80.2464675903,28297,28307,10
12.9634103775,80.2466278076,28307,28317,10
12.963640213,80.2467422485,28317,28327,10
12.9641103745,80.2469100952,28327,28337,10
12.9648303986,80.2471694946,28337,28347,10
12.9656095505,80.2474365234,28347,28356,9
12.9661502838,80.2476501465,28356,28367,11
12.9663295746,80.2477111816,28367,28377,10
12.9664096832,80.2477416992,28377,28387,10
12.9667901993,80.2479324341,28387,28398,11
12.9674396515,80.248260498,28398,28407,9
12.9681596756,80.2485733032,28407,28418,11
12.9691696167,80.2489776611,28418,28428,10
12.9701795578,80.2493667603,28428,28438,10
12.9712200165,80.2497177124,28438,28448,10
12.9722995758,80.2499923706,28448,28458,10
12.9732503891,80.2502593994,28458,28468,10
12.974029541,80.2504425049,28468,28478,10
12.9743003845,80.2504882813,28478,28488,10
12.9743700027,80.2505264282,28488,28498,10
12.9748601913,80.2506866455,28498,28509,11
12.9756402969,80.2509231567,28509,28519,10
12.9764404297,80.251159668,28519,28529,10
12.977399826,80.2515106201,28529,28539,10
12.9782800674,80.2521820068,28539,28548,9
12.978890419,80.2525100708,28548,28559,11
12.9791402817,80.252571106,28559,28569,10
12.9796600342,80.252571106,28569,28579,10
12.9800100327,80.2522964478,28579,28589,10
12.9800100327,80.2522506714,28589,28599,10
12.9800701141,80.2518768311,28599,28609,10
12.9802999496,80.2511978149,28609,28620,11
12.9805898666,80.2501220703,28620,28630,10
12.9807701111,80.2488632202,28630,28640,10
12.9808397293,80.2474822998,28640,28650,10
12.9809799194,80.2460479736,28650,28660,10
12.9811401367,80.2446517944,28660,28670,10
12.9812002182,80.2438583374,28670,28680,10
12.9813098907,80.243598938,28680,28690,10
12.9813995361,80.2431488037,28690,28700,10
12.9813995361,80.2429428101,28700,28710,10
12.9813995361,80.2428894043,28710,28720,10
12.9813995361,80.2427597046,28720,28730,10
12.9814100266,80.2424087524,28730,28741,11
12.9813899994,80.2418136597,28741,28751,10
12.9813804626,80.2410964966,28751,28761,10
12.9813699722,80.2403106689,28761,28771,10
12.9813604355,80.2395019531,28771,28781,10
12.9813203812,80.2386779785,28781,28791,10
12.9812898636,80.2379684448,28791,28811,20
12.9812898636,80.2379684448,28811,28821,10
12.981300354,80.2377624512,28821,28831,10
12.9812803268,80.2372283936,28831,28841,10
12.9812602997,80.2364578247,28841,28852,11
12.9812297821,80.2355804443,28852,28862,10
12.9812097549,80.2347869873,28862,28872,10
12.9812602997,80.2342834473,28872,28882,10
12.9814300537,80.2338180542,28882,28892,10
12.9815101624,80.2336730957,28892,28902,10
12.9816398621,80.2334213257,28902,28922,20
12.9816398621,80.2334213257,28922,28932,10
12.981710434,80.2332687378,28932,28942,10
12.9818696976,80.2329406738,28942,28951,9
12.9820203781,80.2324295044,28951,28963,12
12.9820098877,80.2318267822,28963,28973,10
12.9819402695,80.2312469482,28973,28983,10
12.981710434,80.2306594849,28983,28993,10
12.9813299179,80.2300415039,28993,29003,10
12.981010437,80.2295303345,29003,29013,10
12.9806995392,80.2290725708,29013,29043,30
12.9806995392,80.2290725708,29043,29053,10
12.9805603027,80.2288208008,29053,29063,10
12.980340004,80.2284164429,29063,29074,11
12.9800596237,80.2278900146,29074,29084,10
12.9796800613,80.2272796631,29084,29094,10
12.9792604446,80.2265701294,29094,29104,10
12.9788398743,80.2258529663,29104,29114,10
12.9784698486,80.2252426147,29114,29124,10
12.9783296585,80.2250213623,29124,29134,10
12.9783201218,80.2250213623,29134,29144,10
12.978219986,80.224822998,29144,29154,10
12.9779195786,80.2244262695,29154,29185,31
12.9779195786,80.2244262695,29185,29195,10
12.9777297974,80.2241210938,29195,29205,10
12.9773902893,80.2235717773,29205,29215,10
12.9770402908,80.2229995728,29215,29225,10
12.9769802094,80.2228469849,29225,29235,10
12.9771795273,80.2227020264,29235,29245,10
12.9772396088,80.2227020264,29245,29255,10
12.977519989,80.2226409912,29255,29265,10
12.9775400162,80.2222976685,29265,29275,10
12.9775400162,80.2222824097,29275,29285,10
12.977519989,80.2219009399,29285,29295,10
12.9774904251,80.2213516235,29295,29306,11
12.9778299332,80.2212219238,29306,29316,10
12.9782600403,80.2211990356,29316,29326,10
12.978969574,80.2211380005,29326,29336,10
12.97976017,80.2210998535,29336,29346,10
12.9805202484,80.2210235596,29346,29356,10
12.9811601639,80.2210922241,29356,29366,10
12.9818000793,80.2214813232,29366,29376,10
12.9824800491,80.2218093872,29376,29386,10
12.9829502106,80.2219772339,29386,29407,21
12.9830598831,80.2220687866,29407,29423,16
12.9836797714,80.2224807739,29423,29435,12
12.9841899872,80.2227478027,29435,29445,10
12.9845600128,80.2229766846,29445,29455,10
12.9852600098,80.2232971191,29455,29465,10
12.9855098724,80.2232437134,29465,29475,10
12.9858503342,80.2229995728,29475,29484,9
12.9864196777,80.2229690552,29484,29495,11
12.9865598679,80.2229614258,29495,29505,10
12.9866695404,80.2229690552,29505,29515,10
12.9869403839,80.2230300903,29515,29525,10
12.9872398376,80.2230834961,29525,29536,11
12.9877996445,80.2230377197,29536,29547,11
12.9883499146,80.2226715088,29547,29557,10
12.9889602661,80.222038269,29557,29567,10
12.9895200729,80.2213668823,29567,29577,10
12.9899902344,80.2208404541,29577,29587,10
12.9904403687,80.2204284668,29587,29607,20
12.9904403687,80.2204284668,29607,29617,10
12.9906396866,80.2203063965,29617,29627,10
12.9910802841,80.2199401855,29627,29637,10
12.9914398193,80.2196426392,29637,29648,11
12.9919204712,80.2192687988,29648,29658,10
12.9926795959,80.218711853,29658,29668,10
12.9934501648,80.2181625366,29668,29678,10
12.9940900803,80.2177200317,29678,29688,10
12.9943799973,80.2175064087,29688,29698,10
12.9947900772,80.2172088623,29698,29708,10
12.9953403473,80.2168426514,29708,29718,10
12.9959897995,80.2166290283,29718,29728,10
12.9966001511,80.2165298462,29728,29738,10
12.9975404739,80.2161407471,29738,29759,21
12.9975404739,80.2161407471,29759,29769,10
12.9975996017,80.2161026001,29769,29779,10
12.9977397919,80.216003418,29779,29789,10
12.998049736,80.215713501,29789,29805,16
12.9987602234,80.215057373,29805,29825,20
12.9987602234,80.215057373,29825,29837,12
12.9988603592,80.2150268555,29837,29847,10
12.9990196228,80.2148666382,29847,29858,11
12.9992399216,80.2146835327,29858,29868,10
12.9996404648,80.2143478394,29868,29878,10
13.0000295639,80.2139892578,29878,29888,10
13.0004501343,80.2136077881,29888,29897,9
13.0010204315,80.213142395,29897,29908,11
13.0017004013,80.2126083374,29908,29919,11
13.0020599365,80.212348938,29919,29929,10
13.0024404526,80.2121810913,29929,29939,10
13.0028800964,80.212097168,29939,29949,10
13.0033903122,80.2120819092,29949,29959,10
13.003660202,80.2119827271,29959,29970,11
13.0037097931,80.2119293213,29970,29980,10
13.0037298203,80.2115631104,29980,29990,10
13.0036802292,80.2108764648,29990,30000,10
13.0035896301,80.2101974487,30000,30010,10
13.0035495758,80.2095489502,30010,30020,10
13.0036802292,80.2089080811,30020,30030,10
13.004119873,80.208656311,30030,30040,10
13.00481987,80.2089767456,30040,30050,10
13.0054302216,80.2092590332,30050,30060,10
13.0059995651,80.209487915,30060,30070,10
13.0064697266,80.2096405029,30070,30081,11
13.0073204041,80.2098464966,30081,30101,20
13.0073204041,80.2098464966,30101,30111,10
13.0074195862,80.2098617554,30111,30121,10
13.0076704025,80.2099075317,30121,30131,10
13.0078496933,80.2099533081,30131,30141,10
13.0080099106,80.2099914551,30141,30151,10
13.0081796646,80.2097320557,30151,30161,10
13.0080404282,80.2089691162,30161,30171,10
13.0078802109,80.2079315186,30171,30181,10
13.0077104568,80.2068786621,30181,30192,11
13.0075702667,80.2056808472,30192,30202,10
13.0075502396,80.2045593262,30202,30212,10
13.0074901581,80.2037506104,30212,30222,10
13.0073299408,80.2028579712,30222,30232,10
13.0066795349,80.2026290894,30232,30242,10
13.0067796707,80.2033309937,30242,30252,10
13.0075397491,80.2036972046,30252,30262,10
13.0086297989,80.203742981,30262,30272,10
13.0100603104,80.2036514282,30272,30282,10
13.0115604401,80.203742981,30282,30292,10
13.0128202438,80.2039718628,30292,30302,10
13.013469696,80.2041625977,30302,30313,11
13.0137195587,80.2042770386,30313,30323,10
13.013710022,80.2044372559,30323,30333,10
13.0136003494,80.2047805786,30333,30343,10
13.0135602951,80.2048721313,30343,30353,10
13.0135002136,80.2050170898,30353,30363,10
13.0132904053,80.205581665,30363,30373,10
13.0130596161,80.2064590454,30373,30383,10
13.012960434,80.2074203491,30383,30393,10
13.0128898621,80.2079086304,30393,30403,10
13.0128602982,80.2084274292,30403,30413,10
13.0128898621,80.2087936401,30413,30424,11
13.0130701065,80.2095565796,30424,30434,10
13.0131597519,80.2101287842,30434,30444,10
13.0130195618,80.2108917236,30444,30454,10
13.0127000809,80.2115402222,30454,30464,10
13.0123596191,80.2121124268,30464,30474,10
13.0120000839,80.212638855,30474,30484,10
13.0117397308,80.2127990723,30484,30494,10
13.0112800598,80.2124404907,30494,30504,10
13.0107002258,80.2120132446,30504,30514,10
13.0103902817,80.2117614746,30514,30531,17
13.0097503662,80.2113189697,30531,31824,1293
13.0094604492,80.2110366821,31824,31885,61
13.0091495514,80.2113037109,31885,31905,20
13.0091495514,80.2113037109,31905,31915,10
13.0090398788,80.2115707397,31915,31925,10
13.0090398788,80.2116470337,31925,31935,10
13.0091104507,80.2119522095,31935,31945,10
13.0092000961,80.2122116089,31945,31955,10
13.0093202591,80.212562561,31955,31965,10
13.0094995499,80.2130432129,31965,31975,10
13.0096998215,80.2135467529,31975,31985,10
13.0099201202,80.2140808105,31985,31996,11
13.0101299286,80.2146530151,31996,32006,10
13.010219574,80.2153015137,32006,32016,10
13.0104799271,80.2161102295,32016,32026,10
13.0108604431,80.2169265747,32026,32036,10
13.0112600327,80.2178573608,32036,32046,10
13.0115995407,80.2188568115,32046,32056,10
13.0119495392,80.219871521,32056,32066,10
13.0122404099,80.2208023071,32066,32075,9
13.0123996735,80.2214431763,32075,32085,10
13.0128002167,80.2221298218,32085,32096,11
13.013420105,80.2227935791,32096,32106,10
13.0139198303,80.2233276367,32106,32117,11
13.0142402649,80.2237701416,32117,32127,10
13.0145797729,80.2242584229,32127,32137,10
13.0149497986,80.2246627808,32137,32147,10
13.0152797699,80.2249832153,32147,32177,30
13.0152797699,80.2249832153,32177,32187,10
13.0155096054,80.2252426147,32187,32197,10
13.0154895782,80.2255325317,32197,32207,10
13.0153398514,80.2258071899,32207,32223,16
13.0144996643,80.2261199951,32223,32236,13
13.0135698318,80.2264785767,32236,32246,10
13.0129003525,80.2267532349,32246,32256,10
13.0116996765,80.2272415161,32256,32266,10
13.0106201172,80.2276611328,32266,32276,10
13.0097398758,80.227897644,32276,32286,10
13.00963974,80.2273712158,32286,32296,10
13.0099496841,80.2266693115,32296,32306,10
13.0102996826,80.2258529663,32306,32316,10
13.0107002258,80.224899292,32316,32326,10
13.0110702515,80.2239837646,32326,32336,10
13.0113401413,80.2232513428,32336,32347,11
13.0109100342,80.2229614258,32347,32357,10
13.010219574,80.2226486206,32357,32367,10
13.0094995499,80.2222595215,32367,32377,10
13.0087099075,80.221862793,32377,32590,213
13.0087099075,80.221862793,32590,32600,10
13.0085697174,80.2217407227,32600,32610,10
13.0082597733,80.2215576172,32610,32620,10
13.0076999664,80.2212600708,32620,32630,10
13.007060051,80.2209320068,32630,32640,10
13.0063695908,80.2206573486,32640,32650,10
13.0055198669,80.2204589844,32650,32660,10
13.0045900345,80.2202529907,32660,32669,9
13.0037899017,80.2200622559,32669,32681,12
13.0028095245,80.2197570801,32681,32691,10
13.0021400452,80.2191925049,32691,32701,10
13.0016202927,80.2186203003,32701,32711,10
13.0010299683,80.218170166,32711,32721,10
13.0004301071,80.2178192139,32721,32731,10
12.9996995926,80.217338562,32731,32741,10
12.9989004135,80.2168807983,32741,32750,9
12.9982099533,80.216583252,32750,32760,10
12.997759819,80.2165298462,32760,32771,11
12.9975996017,80.2165222168,32771,32781,10
12.9972696304,80.2165222168,32781,32792,11
12.9966802597,80.2165603638,32792,32802,10
12.9964199066,80.2166213989,32802,32812,10
12.9962797165,80.2166366577,32812,32822,10
12.9959096909,80.2167129517,32822,32832,10
12.9952402115,80.2170028687,32832,32842,10
12.9947004318,80.2173614502,32842,32852,10
12.9941396713,80.2177200317,32852,32862,10
12.9936599731,80.2180786133,32862,32872,10
12.9930295944,80.2185211182,32872,32882,10
12.9923601151,80.219039917,32882,32892,10
12.9917201996,80.2194900513,32892,32902,10
12.9907598495,80.2202072144,32902,32923,21
12.9907598495,80.2202072144,32923,32933,10
12.9906301498,80.2202606201,32933,32943,10
12.9903402328,80.2204971313,32943,32953,10
12.989979744,80.2208786011,32953,32963,10
12.9894895554,80.2213973999,32963,32973,10
12.989159584,80.2218322754,32973,32983,10
12.9886302948,80.2224197388,32983,32993,10
12.9880800247,80.2228927612,32993,33003,10
12.9876203537,80.2230911255,33003,33013,10
12.9875898361,80.2230911255,33013,33024,11
12.9875202179,80.2230987549,33024,33034,10
12.9872198105,80.2230682373,33034,33044,10
12.9868097305,80.2229995728,33044,33054,10
12.9864902496,80.2229919434,33054,33064,10
12.9860897064,80.2229690552,33064,33074,10
12.985619545,80.2231216431,33074,33084,10
12.985250473,80.2232513428,33084,33094,10
12.9847602844,80.2230682373,33094,33104,10
12.9842700958,80.2227783203,33104,33114,10
12.9839200974,80.2226028442,33114,33124,10
12.9835796356,80.2223587036,33124,33135,11
12.9831199646,80.2220611572,33135,33155,20
12.9831199646,80.2220611572,33155,33165,10
12.9827604294,80.221862793,33165,33175,10
12.9823303223,80.2217407227,33175,33185,10
12.9818696976,80.2214431763,33185,33195,10
12.9811897278,80.2211074829,33195,33205,10
12.9805297852,80.2210617065,33205,33215,10
12.9797401428,80.2211227417,33215,33225,10
12.979060173,80.2211380005,33225,33235,10
12.9784603119,80.2211914063,33235,33246,11
12.9777297974,80.2212219238,33246,33256,10
12.9769296646,80.2212600708,33256,33266,10
12.976360321,80.2212371826,33266,33286,20
12.976360321,80.2212371826,33286,33295,9
12.9761400223,80.2212600708,33295,33306,11
12.9762802124,80.2216262817,33306,33316,10
12.9763898849,80.2219390869,33316,33346,30
12.9763898849,80.2219390869,33346,33357,11
12.9764795303,80.2222824097,33357,33367,10
12.9767599106,80.2226486206,33367,33377,10
12.9770298004,80.2230072021,33377,33387,10
12.9773397446,80.2235107422,33387,33397,10
12.9777402878,80.2241592407,33397,33407,10
12.978099823,80.2246780396,33407,33417,10
12.9784698486,80.2252883911,33417,33427,10
12.9788398743,80.2258987427,33427,33437,10
12.9790897369,80.2263412476,33437,33447,10
12.9792098999,80.2265319824,33447,33457,10
12.9794902802,80.2269592285,33457,33473,16
12.9801197052,80.2280426025,33473,33486,13
12.9806404114,80.2289886475,33486,33496,10
12.9809598923,80.2295684814,33496,33505,9
12.9816799164,80.2305908203,33505,33536,31
12.9816799164,80.2305908203,33536,33546,10
12.9818201065,80.2308425903,33546,33555,9
12.9819498062,80.2312698364,33555,33565,10
12.9820404053,80.2319564819,33565,33576,11
12.9819898605,80.2326431274,33576,33587,11
12.9817695618,80.2332229614,33587,33597,10
12.9815397263,80.2337417603,33597,33637,40
12.9815397263,80.2337417603,33637,33647,10
12.9813995361,80.2340316772,33647,33657,10
12.9812602997,80.2344970703,33657,33667,10
12.9812402725,80.2351303101,33667,33677,10
12.9812698364,80.2359390259,33677,33687,10
12.981300354,80.2368392944,33687,33698,11
12.9813098907,80.2377090454,33698,33708,10
12.9813203812,80.2382888794,33708,33718,10
12.9813299179,80.2390289307,33718,33728,10
12.9813404083,80.2393875122,33728,33738,10
12.9813499451,80.239402771,33738,33748,10
12.9813699722,80.2395095825,33748,33758,10
12.9813899994,80.2396621704,33758,33768,10
12.9813995361,80.2398300171,33768,33778,10
12.9813995361,80.2402114868,33778,33788,10
12.9813699722,80.2408370972,33788,33805,17
12.9813699722,80.2419891357,33805,33817,12
12.9813995361,80.2424163818,33817,33827,10
12.9814195633,80.2427368164,33827,33837,10
12.9814195633,80.2432937622,33837,33847,10
12.9813995361,80.2437820435,33847,33867,20
12.9813995361,80.2437820435,33867,33876,9
12.9813995361,80.2438430786,33876,33887,11
12.981300354,80.2443695068,33887,33897,10
12.9811897278,80.2451095581,33897,33908,11
12.9810695648,80.2460632324,33908,33918,10
12.9809598923,80.2471008301,33918,33929,11
12.9808397293,80.2483825684,33929,33939,10
12.9807395935,80.2495193481,33939,33949,10
12.9805202484,80.250617981,33949,33959,10
12.9802598953,80.2516021729,33959,33969,10
12.9801101685,80.2521514893,33969,33979,10
12.9799404144,80.2525177002,33979,33989,10
12.9799203873,80.2526016235,33989,33999,10
12.9798297882,80.2527694702,33999,34009,10
12.979470253,80.2527389526,34009,34019,10
12.9789400101,80.2526931763,34019,34029,10
12.9788703918,80.2526779175,34029,34040,11
12.9788599014,80.2526931763,34040,34050,10
12.9785900116,80.2526016235,34050,34060,10
12.9781599045,80.252281189,34060,34070,10
12.9776201248,80.2517776489,34070,34080,10
12.9768600464,80.251373291,34080,34090,10
12.9760198593,80.2511291504,34090,34100,10
12.9751796722,80.2508926392,34100,34110,10
12.9743499756,80.2506484985,34110,34120,10
12.9737997055,80.25050354,34120,34130,10
12.9731197357,80.250328064,34130,34140,10
12.9725904465,80.250213623,34140,34151,11
12.9725503922,80.2501983643,34151,34161,10
12.9724798203,80.2501983643,34161,34171,10
12.9721403122,80.2500762939,34171,34181,10
12.9715204239,80.2499008179,34181,34191,10
12.9707403183,80.2496795654,34191,34201,10
12.9697999954,80.2493286133,34201,34211,10
12.9687900543,80.248916626,34211,34221,10
12.9677696228,80.2485198975,34221,34231,10
12.966919899,80.2481307983,34231,34241,10
12.966219902,80.2477874756,34241,34251,10
12.9654502869,80.2474975586,34251,34262,11
12.9649496078,80.2473373413,34262,34342,80
12.9649496078,80.2473373413,34342,34352,10
12.9647903442,80.2472305298,34352,34372,20
12.9647903442,80.2472305298,34372,34383,11
12.9645795822,80.2471694946,34383,34393,10
12.9644403458,80.2471313477,34393,34403,10
12.9643697739,80.2471008301,34403,34413,10
12.9642696381,80.2470703125,34413,34423,10
12.9640798569,80.2469863892,34423,34433,10
12.9638900757,80.2469100952,34433,34443,10
12.9634399414,80.2466888428,34443,34453,10
12.9627199173,80.2463531494,34453,34463,10
12.9618301392,80.2459106445,34463,34473,10
12.9608602524,80.2454376221,34473,34483,10
12.9594898224,80.2448425293,34483,34504,21
12.9594898224,80.2448425293,34504,34514,10
12.9593200684,80.244758606,34514,34524,10
12.958990097,80.2446136475,34524,34534,10
12.9583501816,80.2443389893,34534,34544,10
12.9576396942,80.2440490723,34544,34554,10
12.9569101334,80.2437133789,34554,34564,10
12.956489563,80.2435379028,34564,34574,10
12.9562997818,80.2434768677,34574,34584,10
12.9557199478,80.2432479858,34584,34594,10
12.9549398422,80.2429428101,34594,34605,11
12.954079628,80.2425613403,34605,34615,10
12.9532403946,80.2422180176,34615,34625,10
12.9523000717,80.2418365479,34625,34633,8
12.9517602921,80.2416915894,34633,34645,12
12.9516296387,80.2416381836,34645,34655,10
12.9514598846,80.241569519,34655,34665,10
12.950969696,80.2414016724,34665,34675,10
12.9502096176,80.2411804199,34675,34685,10
12.9492998123,80.2409210205,34685,34757,72
12.9492998123,80.2409210205,34757,34767,10
12.9492197037,80.2409210205,34767,34777,10
12.9488801956,80.2407608032,34777,34787,10
12.9483003616,80.2405014038,34787,34797,10
12.9476299286,80.2402267456,34797,34807,10
12.9472503662,80.2400665283,34807,34817,10
12.9471597672,80.2400436401,34817,34828,11
12.9470701218,80.2400131226,34828,34838,10
12.9466295242,80.2398300171,34838,34848,10
12.9459400177,80.2395324707,34848,34858,10
12.9451999664,80.2390899658,34858,34868,10
12.9444799423,80.2383270264,34868,34878,10
12.9437999725,80.2375869751,34878,34888,10
12.9433403015,80.2371368408,34888,34898,10
12.9432601929,80.2370605469,34898,34908,10
12.9429798126,80.2368011475,34908,34918,10
12.9423303604,80.2364807129,34918,34928,10
12.9414196014,80.2362289429,34928,34938,10
12.9404802322,80.236000061,34938,34949,11
12.9397497177,80.2357635498,34949,34959,10
12.9396896362,80.2357330322,34959,34969,10
12.9394302368,80.2355880737,34969,34979,10
12.9388504028,80.2353134155,34979,34989,10
12.9380998611,80.2349319458,34989,34999,10
12.9371700287,80.2344818115,34999,35009,10
12.9362401962,80.2340393066,35009,35019,10
12.9354896545,80.2336883545,35019,35029,10
12.9346599579,80.2333221436,35029,35039,10
12.9340600967,80.2330703735,35039,35090,51
12.9340600967,80.2330703735,35090,35100,10
12.9338598251,80.232963562,35100,35110,10
12.9334697723,80.2327575684,35110,35120,10
12.9328098297,80.2325134277,35120,35130,10
12.9319601059,80.2322006226,35130,35140,10
12.9308795929,80.2318572998,35140,35150,10
12.9296998978,80.2315292358,35150,35160,10
12.928560257,80.2313079834,35160,35171,11
12.9272003174,80.2311325073,35171,35181,10
12.9260797501,80.2310180664,35181,35201,20
12.9260797501,80.2310180664,35201,35211,10
12.9257698059,80.2309799194,35211,35221,10
12.9251699448,80.2309112549,35221,35231,10
12.9243402481,80.2308197021,35231,35241,10
12.9233598709,80.230682373,35241,35251,10
12.9221801758,80.2304992676,35251,35261,10
12.9208698273,80.2303314209,35261,35271,10
12.9190797806,80.2301177979,35271,35292,21
12.9190797806,80.2301177979,35292,35302,10
12.9188699722,80.2300872803,35302,35312,10
12.9183101654,80.2300033569,35312,35322,10
12.9174499512,80.2298812866,35322,35331,9
12.9165401459,80.2297592163,35331,35342,11
12.9153795242,80.2295837402,35342,35352,10
12.9144001007,80.2294616699,35352,35361,9
12.9132699966,80.229309082,35361,35382,21
12.9132699966,80.229309082,35382,35392,10
12.9131097794,80.2292709351,35392,35403,11
12.9124403,80.2291488647,35403,35413,10
12.9115695953,80.2290496826,35413,35423,10
12.9104795456,80.2288894653,35423,35433,10
12.9092998505,80.2286987305,35433,35443,10
12.9083900452,80.2285385132,35443,35453,10
12.9077396393,80.2284469604,35453,35463,10
12.90721035,80.2284011841,35463,35473,10
12.906829834,80.2283935547,35473,35483,10
12.9064598083,80.2283096313,35483,35503,20
12.9064598083,80.2283096313,35503,35514,11
12.9060297012,80.2282104492,35514,35524,10
12.9049797058,80.2282180786,35524,35554,30
12.9049797058,80.2282180786,35554,35564,10
12.9047403336,80.2282333374,35564,35574,10
12.9043903351,80.2282028198,35574,35584,10
12.9039297104,80.2281723022,35584,35594,10
12.9034900665,80.2281723022,35594,35604,10
12.9031295776,80.2281570435,35604,35614,10
12.9026498795,80.2281112671,35614,35625,11
12.9022598267,80.2281036377,35625,35635,10
12.9019498825,80.2280883789,35635,35826,191
12.9019498825,80.2280883789,35826,35836,10
12.9018096924,80.2280578613,35836,35846,10
12.9015798569,80.2280197144,35846,35857,11
12.9012804031,80.2280197144,35857,35867,10
12.9010295868,80.2279968262,35867,35877,10
12.9008398056,80.2279586792,35877,35887,10
12.9006500244,80.2279281616,35887,35897,10
12.9003000259,80.2279510498,35897,35907,10
12.8998403549,80.2279510498,35907,35917,10
12.8989696503,80.2279281616,35917,35947,30
12.8989696503,80.2279281616,35947,35957,10
12.8987102509,80.2279129028,35957,35968,11
12.8985004425,80.2278900146,35968,35978,10
12.8979797363,80.2278289795,35978,35988,10
12.897190094,80.2277908325,35988,35998,10
12.8962202072,80.2277526855,35998,35999,1
12.8961200714,80.2277526855,35999,36000,1
12.896030426,80.2277374268,36000,36056,56
12.8952598572,80.2276992798,36056,36066,10
12.8949298859,80.2276763916,36066,36076,10
12.8944797516,80.2276535034,36076,36087,11
12.8937902451,80.2276000977,36087,36097,10
12.8933696747,80.2275695801,36097,36107,10
12.8933496475,80.2275619507,36107,36117,10
12.8930597305,80.2275085449,36117,36177,60
12.8930597305,80.2275085449,36177,36187,10
12.8929796219,80.2274475098,36187,36198,11
12.8926296234,80.2274169922,36198,36208,10
12.892370224,80.2273712158,36208,36218,10
12.8918504715,80.2273788452,36218,36228,10
12.8910303116,80.2273864746,36228,36238,10
12.8899803162,80.2273788452,36238,36248,10
12.8889303207,80.2274093628,36248,36258,10
12.8886098862,80.2274093628,36258,36268,10
12.8882598877,80.2274017334,36268,36278,10
12.887550354,80.2273178101,36278,36288,10
12.8866901398,80.2271499634,36288,36298,10
12.8857603073,80.2269134521,36298,36309,11
12.8849096298,80.2267608643,36309,36319,10
12.8846998215,80.2267608643,36319,36329,10
12.8846197128,80.2267532349,36329,36339,10
12.8840999603,80.2267379761,36339,36349,10
12.8832902908,80.2267608643,36349,36359,10
12.882229805,80.2267684937,36359,36369,10
12.8811597824,80.2267684937,36369,36379,10
12.8801002502,80.2267608643,36379,36389,10
12.8789100647,80.2267990112,36389,36399,10
12.8777599335,80.2268829346,36399,36409,10
12.8769798279,80.2269592285,36409,36420,11
12.8767499924,80.2269821167,36420,36430,10
12.8766202927,80.2269668579,36430,36440,10
12.8764200211,80.2266235352,36440,36460,20
12.8764200211,80.2266235352,36460,36470,10
12.8764600754,80.2265701294,36470,36480,10
12.8765296936,80.2260437012,36480,36496,16
12.8767004013,80.2244262695,36496,36508,12
12.8770103455,80.2228393555,36508,36516,8
12.8772697449,80.2217025757,36516,36528,12
12.8776597977,80.2199935913,36528,36539,11
12.877989769,80.2184829712,36539,36549,10
12.878279686,80.2171401978,36549,36559,10
12.8785495758,80.2157974243,36559,36569,10
12.8788204193,80.2145462036,36569,36579,10
12.8790397644,80.2133789063,36579,36589,10
12.8792896271,80.2120437622,36589,36599,10
12.8794498444,80.21118927,36599,36609,10
12.8793401718,80.2109527588,36609,36619,10
12.8789701462,80.2108383179,36619,36629,10
12.8783197403,80.2107620239,36629,36639,10
12.8774299622,80.2106018066,36639,36650,11
12.8763904572,80.2104110718,36650,36660,10
12.87541008,80.2102203369,36660,36670,10
12.8746404648,80.2101135254,36670,36680,10
12.8745002747,80.2100830078,36680,36690,10
12.8744096756,80.2100372314,36690,36700,10
12.8744401932,80.2095718384,36700,36710,10
12.8746299744,80.2098083496,36710,37426,716
12.8746995926,80.2100372314,37426,37447,21
12.8746995926,80.2100372314,37447,37457,10
12.8746995926,80.2101516724,37457,37467,10
12.8750600815,80.2102127075,37467,37477,10
12.8755397797,80.2103118896,37477,37487,10
12.8761100769,80.2104187012,37487,37497,10
12.8768196106,80.2105407715,37497,37507,10
12.8775701523,80.2106781006,37507,37517,10
12.8784103394,80.2108383179,37517,37527,10
12.8791999817,80.2109680176,37527,37547,20
12.8791999817,80.2109680176,37547,37558,11
12.8794698715,80.2110900879,37558,37568,10
12.8794498444,80.2115097046,37568,37578,10
12.8793001175,80.2121810913,37578,37588,10
12.8791503906,80.2129898071,37588,37598,10
12.8789701462,80.2138671875,37598,37608,10
12.8788003922,80.2147827148,37608,37618,10
12.8785896301,80.2157287598,37618,37628,10
12.8783903122,80.2166366577,37628,37638,10
12.8782300949,80.2174377441,37638,37648,10
12.8780698776,80.2182006836,37648,37658,10
12.8779001236,80.2189712524,37658,37669,11
12.8776903152,80.2198791504,37669,37679,10
12.8774900436,80.2207565308,37679,37689,10
12.8772697449,80.2216873169,37689,37699,10
12.8770599365,80.2226409912,37699,37709,10
12.8768396378,80.2235336304,37709,37719,10
12.8767004013,80.2244033813,37719,37729,10
12.8765802383,80.2253570557,37729,37739,10
12.8764801025,80.2261810303,37739,37749,10
12.8764200211,80.2267303467,37749,37769,20
12.8764200211,80.2267303467,37769,37779,10
12.8766098022,80.2269287109,37779,37790,11
12.8772497177,80.2268295288,37790,37800,10
12.8781204224,80.2267608643,37800,37810,10
12.8790502548,80.2266998291,37810,37820,10
12.8800601959,80.2266693115,37820,37830,10
12.8810796738,80.2266693115,37830,37840,10
12.8821697235,80.2266616821,37840,37850,10
12.8831701279,80.2266464233,37850,37860,10
12.8840799332,80.2266387939,37860,37870,10
12.8849000931,80.2266235352,37870,37880,10
12.8851995468,80.2266387939,37880,37890,10
12.885219574,80.2266464233,37890,37901,11
12.8856496811,80.2267303467,37901,37911,10
12.8863697052,80.2269134521,37911,37921,10
12.8872499466,80.2271194458,37921,37931,10
12.8881998062,80.2272262573,37931,37941,10
12.8884897232,80.2272491455,37941,37951,10
12.8885297775,80.2272491455,37951,37961,10
12.8889503479,80.2272720337,37961,37971,10
12.8897199631,80.2272720337,37971,37981,10
12.8906803131,80.2272567749,37981,37991,10
12.8917198181,80.2272567749,37991,38001,10
12.8925304413,80.2272872925,38001,38011,10
12.8933801651,80.2274017334,38011,38022,11
12.8942298889,80.2274932861,38022,38032,10
12.8942804337,80.2275009155,38032,38042,10
12.8943901062,80.2275238037,38042,38052,10
12.8945999146,80.2275238037,38052,38062,10
12.8950996399,80.2275466919,38062,38072,10
12.8959102631,80.2276000977,38072,38082,10
12.8969602585,80.2276611328,38082,38092,10
12.8982000351,80.227722168,38092,38102,10
12.8992700577,80.2277832031,38102,38112,10
12.8996400833,80.2277984619,38112,38122,10
12.8999099731,80.2278289795,38122,38133,11
12.9002504349,80.2278366089,38133,38143,10
12.9006204605,80.2278823853,38143,38153,10
12.9010696411,80.2278900146,38153,38163,10
12.9013900757,80.2279281616,38163,38173,10
12.9016304016,80.2279510498,38173,38183,10
12.9021196365,80.2279586792,38183,38193,10
12.9025297165,80.2279663086,38193,38221,28
12.9025297165,80.2279663086,38221,38229,8
12.9026002884,80.2279281616,38229,38241,12
12.9031496048,80.2279281616,38241,38252,11
12.9035100937,80.2279815674,38252,38261,9
12.9040403366,80.2280502319,38261,38272,11
12.904800415,80.2280883789,38272,38282,10
12.9053897858,80.2281188965,38282,38292,10
12.9058103561,80.2281723022,38292,38301,9
12.90625,80.2281799316,38301,38312,11
12.9065799713,80.2282028198,38312,38322,10
12.907119751,80.2282409668,38322,38342,20
12.907119751,80.2282409668,38342,38352,10
12.9073295593,80.2282867432,38352,38363,11
12.9080200195,80.2284011841,38363,38373,10
12.9088697433,80.2285385132,38373,38383,10
12.909819603,80.2286834717,38383,38393,10
12.9107398987,80.228843689,38393,38403,10
12.9117097855,80.2289810181,38403,38413,10
12.9127597809,80.2291183472,38413,38423,10
12.9136800766,80.2292404175,38423,38433,10
12.9139299393,80.2292709351,38433,38443,10
12.9140100479,80.2292785645,38443,38453,10
12.9144697189,80.2293319702,38453,38463,10
12.9152498245,80.2294616699,38463,38474,11
12.9162597656,80.2296066284,38474,38484,10
12.9170398712,80.2296981812,38484,38494,10
12.9173898697,80.2297592163,38494,38504,10
12.9179000854,80.2298202515,38504,38514,10
12.9187097549,80.229927063,38514,38524,10
12.9193201065,80.2300186157,38524,38534,10
12.9193601608,80.2300262451,38534,38544,10
12.9196395874,80.2300796509,38544,38554,10
12.9202804565,80.2301483154,38554,38564,10
12.9210796356,80.2302474976,38564,38574,10
12.9219198227,80.2303619385,38574,38585,11
12.9229202271,80.230506897,38585,38595,10
12.9238195419,80.2306518555,38595,38605,10
12.9248399734,80.2307662964,38605,38615,10
12.9258804321,80.2308883667,38615,38625,10
12.9262399673,80.2309417725,38625,38635,10
12.9263296127,80.2309494019,38635,38645,10
12.926779747,80.231010437,38645,38655,10
12.9275598526,80.231086731,38655,38665,10
12.9284601212,80.2311935425,38665,38675,10
12.9293003082,80.231338501,38675,38685,10
12.930270195,80.2315826416,38685,38695,10
12.9313402176,80.2319107056,38695,38706,11
12.9325799942,80.2323226929,38706,38716,10
12.9335098267,80.2326583862,38716,38726,10
12.9337100983,80.2327575684,38726,38736,10
12.9337902069,80.2328186035,38736,38746,10
12.934220314,80.2330169678,38746,38756,10
12.9349803925,80.2333374023,38756,38766,10
12.9356498718,80.2336807251,38766,38776,10
12.936249733,80.2339630127,38776,38786,10
12.9370698929,80.2343521118,38786,38796,10
12.9380502701,80.2348175049,38796,38806,10
12.9390201569,80.2352981567,38806,38817,11
12.9399003983,80.2357177734,38817,38837,20
12.9399003983,80.2357177734,38837,38847,10
12.9402704239,80.2358398438,38847,38863,16
12.9414796829,80.2361602783,38863,38875,12
12.9426698685,80.2365112305,38875,38884,9
12.9434404373,80.2370223999,38884,38895,11
12.9436998367,80.2372894287,38895,38905,10
12.9437999725,80.237411499,38905,38915,10
12.9441900253,80.2378616333,38915,38925,10
12.9447898865,80.2385177612,38925,38936,11
12.9457302094,80.2393188477,38936,38946,10
12.9473104477,80.2399520874,38946,38976,30
12.9473104477,80.2399520874,38976,38986,10
12.9476203918,80.2400970459,38986,38996,10
12.9483003616,80.2403717041,38996,39006,10
12.9487304688,80.2405319214,39006,39016,10
12.9488296509,80.2405929565,39016,39026,10
12.9492797852,80.2407836914,39026,39036,10
12.9498996735,80.2409667969,39036,39047,11
12.9508399963,80.2412414551,39047,39057,10
12.951210022,80.2413635254,39057,39067,10
12.9512901306,80.2414093018,39067,39077,10
12.9513597488,80.2414627075,39077,39087,10
12.9516201019,80.2415313721,39087,39097,10
12.9521903992,80.2417526245,39097,39107,10
12.9530000687,80.2420730591,39107,39117,10
12.954079628,80.242477417,39117,39127,10
12.9550199509,80.2428588867,39127,39136,9
12.9556703568,80.2431335449,39136,39146,10
12.9561004639,80.2433319092,39146,39178,32
12.9561004639,80.2433319092,39178,39188,10
12.9563302994,80.2434310913,39188,39198,10
12.9564599991,80.2434768677,39198,39208,10
12.9569797516,80.2436599731,39208,39218,10
12.9577999115,80.2439804077,39218,39228,10
12.9585599899,80.2443008423,39228,39238,10
12.9590997696,80.2445297241,39238,39248,10
12.95911026,80.2445373535,39248,39258,10
12.9591798782,80.2445983887,39258,39269,11
12.9596796036,80.2448501587,39269,39279,10
12.960439682,80.2451705933,39279,39289,10
12.9613895416,80.2455978394,39289,39299,10
12.9623804092,80.2460632324,39299,39329,30
12.9623804092,80.2460632324,39329,39339,10
12.9627304077,80.2462234497,39339,39349,10
12.9629802704,80.2463531494,39349,39359,10
12.9632196426,80.2464828491,39359,39369,10
12.9634895325,80.2466278076,39369,39379,10
12.9637298584,80.2467575073,39379,39396,17
12.9647197723,80.2471084595,39396,39408,12
12.9655799866,80.2474136353,39408,39418,10
12.9660100937,80.2475585938,39418,39428,10
12.9663200378,80.2477264404,39428,39438,10
12.9668998718,80.2479782104,39438,39458,20
12.9668998718,80.2479782104,39458,39468,10
12.9671497345,80.2481231689,39468,39478,10
12.9678001404,80.2484130859,39478,39489,11
12.9688396454,80.2488174438,39489,39500,11
12.9700899124,80.2493286133,39500,39510,10
12.971280098,80.2497177124,39510,39520,10
12.972410202,80.25,39520,39529,9
12.973279953,80.2502365112,39529,39540,11
12.9740400314,80.2504501343,39540,39550,10
12.9744195938,80.2505493164,39550,39560,10
12.9745502472,80.250579834,39560,39570,10
12.9750995636,80.2507705688,39570,39580,10
12.9759197235,80.2510223389,39580,39590,10
12.9770202637,80.2513198853,39590,39600,10
12.9780597687,80.2520523071,39600,39611,11
12.9790697098,80.2525634766,39611,39621,10
12.9798002243,80.2525405884,39621,39631,10
12.9799699783,80.2522735596,39631,39641,10
12.9799699783,80.2522506714,39641,39651,10
12.9799900055,80.2520980835,39651,39661,10
12.980099678,80.2517166138,39661,39671,10
12.9803199768,80.2510299683,39671,39681,10
12.9805603027,80.2500915527,39681,39691,10
12.9807500839,80.2489929199,39691,39701,10
12.9808101654,80.2479629517,39701,39711,10
12.9809303284,80.2466125488,39711,39722,11
12.9810800552,80.245262146,39722,39732,10
12.9811897278,80.2442092896,39732,39742,10
12.9812202454,80.2437515259,39742,39752,10
12.9813098907,80.243598938,39752,39762,10
12.9813299179,80.2432403564,39762,39772,10
12.9813499451,80.2429199219,39772,39782,10
12.9813604355,80.2428131104,39782,39792,10
12.9813699722,80.2425994873,39792,39802,10
12.9813699722,80.2423019409,39802,39812,10
12.9813604355,80.2416763306,39812,39829,17
12.9813404083,80.2402267456,39829,39841,12
12.9813098907,80.2393112183,39841,39851,10
12.9812803268,80.2384414673,39851,39859,8
12.9812602997,80.2379837036,39859,39871,12
12.9812602997,80.2378921509,39871,39881,10
12.9812602997,80.2375564575,39881,39891,10
12.9812402725,80.2368621826,39891,39901,10
12.9812202454,80.2359237671,39901,39911,10
12.9811897278,80.2350692749,39911,39921,10
12.9812202454,80.2342681885,39921,39931,10
12.9814996719,80.2335968018,39931,39941,10
12.9816198349,80.2333602905,39941,39952,11
12.9816598892,80.2332763672,39952,39962,10
12.9818296432,80.2329330444,39962,39972,10
12.9819402695,80.2326202393,39972,39982,10
12.982000351,80.232383728,39982,39992,10
12.9819803238,80.2321395874,39992,40002,10
12.9819898605,80.2316970825,40002,40012,10
12.9819202423,80.2312316895,40012,40022,10
12.9817495346,80.2307815552,40022,40032,10
12.9814195633,80.2302322388,40032,40042,10
12.9809999466,80.2295608521,40042,40052,10
12.9807395935,80.2291488647,40052,40062,10
12.9805698395,80.2288818359,40062,40073,11
12.9805603027,80.2288589478,40073,40083,10
12.9803304672,80.2284698486,40083,40093,10
12.9799804688,80.2277908325,40093,40103,10
12.9795303345,80.2270584106,40103,40113,10
12.9791402817,80.2264099121,40113,40123,10
12.9787101746,80.2257080078,40123,40133,10
12.9782600403,80.2249832153,40133,40143,10
12.9779195786,80.2245178223,40143,40153,10
12.9777603149,80.224281311,40153,40163,10
12.9777002335,80.2241363525,40163,40173,10
12.9774599075,80.2237014771,40173,40183,10
12.9770698547,80.2230606079,40183,40194,11
12.9769601822,80.2228088379,40194,40204,10
12.9772195816,80.2226791382,40204,40214,10
12.9772396088,80.2226791382,40214,40224,10
12.9772901535,80.2226333618,40224,40234,10
12.9775800705,80.2225189209,40234,40244,10
12.9775400162,80.2221298218,40244,40254,10
12.977519989,80.221572876,40254,40264,10
12.9775400162,80.2212524414,40264,40274,10
12.9779396057,80.221206665,40274,40284,10
12.9786996841,80.2211608887,40284,40295,11
12.9795198441,80.2210922241,40295,40304,9
12.9801502228,80.2210464478,40304,40315,11
12.9806995392,80.2210235596,40315,40325,10
12.9813203812,80.2211380005,40325,40335,10
12.9817199707,80.2214431763,40335,40345,10
12.9822998047,80.2217483521,40345,40355,10
12.9826803207,80.2218780518,40355,40365,10
12.9830503464,80.2220077515,40365,40375,10
12.9830999374,80.2220535278,40375,40385,10
12.9831895828,80.2221221924,40385,40395,10
12.983499527,80.222328186,40395,40406,11
12.9840297699,80.2226409912,40406,40416,10
12.9846096039,80.2229766846,40416,40426,10
12.9851398468,80.2232513428,40426,40436,10
12.9852800369,80.2232894897,40436,40446,10
12.9855699539,80.2231521606,40446,40456,10
12.9861097336,80.2229995728,40456,40466,10
12.986579895,80.2229766846,40466,40476,10
12.9865903854,80.2229690552,40476,40486,10
12.9869804382,80.2230224609,40486,40496,10
12.9876403809,80.2230529785,40496,40506,10
12.9883298874,80.2226333618,40506,40516,10
12.9889698029,80.2220077515,40516,40527,11
12.9895496368,80.2212677002,40527,40537,10
12.9901399612,80.2205963135,40537,40547,10
12.9905595779,80.2202529907,40547,40557,10
12.9906797409,80.2201919556,40557,40567,10
12.9911003113,80.2198867798,40567,40577,10
12.9916400909,80.2194900513,40577,40587,10
12.9921798706,80.2190933228,40587,40597,10
12.9928703308,80.2185821533,40597,40607,10
12.9937000275,80.2179794312,40607,40617,10
12.9944400787,80.2174377441,40617,40627,10
12.9949302673,80.2171020508,40627,40638,11
12.9955101013,80.216758728,40638,40648,10
12.9963703156,80.2165374756,40648,40658,10
12.9970998764,80.2164611816,40658,40668,10
12.9974403381,80.2161636353,40668,40678,10
12.9975700378,80.2160491943,40678,40688,10
12.9976596832,80.2159805298,40688,40698,10
12.9980602264,80.215637207,40698,40708,10
12.9987001419,80.2150802612,40708,40718,10
12.9991598129,80.2146987915,40718,40728,10
12.9994802475,80.2144470215,40728,40738,10
12.9999198914,80.2140731812,40738,40749,11
13.0004901886,80.2135620117,40749,40759,10
13.0010595322,80.2130584717,40759,40769,10
13.0016698837,80.212600708,40769,40779,10
13.0023202896,80.2122116089,40779,40789,10
13.0029201508,80.212059021,40789,40799,10
13.003490448,80.2120437622,40799,40809,10
13.0036497116,80.2119598389,40809,40819,10
13.0037002563,80.2115402222,40819,40829,10
13.0036401749,80.2107391357,40829,40839,10
13.0035400391,80.2099075317,40839,40849,10
13.0035800934,80.2092437744,40849,40859,10
13.0038204193,80.2086486816,40859,40870,11
13.0046195984,80.2089004517,40870,40880,10
13.0052700043,80.2091903687,40880,40890,10
13.0059900284,80.2094573975,40890,40900,10
13.0069799423,80.2097320557,40900,40920,20
13.0069799423,80.2097320557,40920,40930,10
13.0070695877,80.2097702026,40930,40940,10
13.0075302124,80.2098693848,40940,40950,10
13.0080099106,80.2099533081,40950,40960,10
13.0081796646,80.2097091675,40960,40971,11
13.0080003738,80.2088165283,40971,40981,10
13.007809639,80.2077026367,40981,40990,9
13.0076503754,80.206703186,40990,41001,11
13.0075502396,80.2057418823,41001,41011,10
13.0075302124,80.2051010132,41011,41021,10
13.0075302124,80.2042694092,41021,41031,10
13.0074195862,80.2033615112,41031,41041,10
13.0070896149,80.2025222778,41041,41051,10
13.0065002441,80.2029724121,41051,41061,10
13.007109642,80.2035293579,41061,41071,10
13.0080404282,80.203742981,41071,41081,10
13.0093202591,80.2036590576,41081,41092,11
13.0109100342,80.2036514282,41092,41102,10
13.0123596191,80.2038574219,41102,41112,10
13.0132398605,80.2040863037,41112,41122,10
13.0137395859,80.2043075562,41122,41152,30
13.0137395859,80.2043075562,41152,41162,10
13.0137796402,80.2044219971,41162,41172,10
13.0136404037,80.2046432495,41172,41182,10
13.013420105,80.2052230835,41182,41192,10
13.0131196976,80.2060470581,41192,41203,11
13.0129804611,80.2070465088,41203,41213,10
13.0129003525,80.207649231,41213,41223,10
13.0128803253,80.2079315186,41223,41233,10
13.0128602982,80.2081985474,41233,41243,10
13.0128602982,80.2085494995,41243,41253,10
13.0129299164,80.2090301514,41253,41263,10
13.0131397247,80.2097091675,41263,41273,10
13.0131196976,80.2102890015,41273,41283,10
13.0129899979,80.2109680176,41283,41293,10
13.0126495361,80.2116394043,41293,41303,10
13.0123996735,80.2120513916,41303,41314,11
13.0118999481,80.2127685547,41314,41334,20
13.0118999481,80.2127685547,41334,41344,10
13.0115699768,80.2126693726,41344,41354,10
13.0109701157,80.2122421265,41354,41364,10
13.0103397369,80.2117767334,41364,41374,10
13.0101299286,80.2115936279,41374,41384,10
13.0099496841,80.2114486694,41384,41394,10
13.0096797943,80.2112579346,41394,42153,759
13.0096797943,80.2112579346,42153,42163,10
13.009349823,80.2110900879,42163,42173,10
13.0092401505,80.2112503052,42173,42183,10
13.0090904236,80.2114562988,42183,42193,10
13.0090904236,80.2117462158,42193,42203,10
13.0092000961,80.2121505737,42203,42213,10
13.0093402863,80.212562561,42213,42224,11
13.0094995499,80.2130432129,42224,42234,10
13.0096702576,80.2134933472,42234,42244,10
13.0098800659,80.2139663696,42244,42254,10
13.0100603104,80.2144317627,42254,42264,10
13.0101900101,80.2149963379,42264,42274,10
13.0102796555,80.2156982422,42274,42284,10
13.0105895996,80.2164077759,42284,42294,10
13.0109300613,80.2171401978,42294,42304,10
13.0112495422,80.2178421021,42304,42314,10
13.0114898682,80.2185287476,42314,42324,10
13.0117702484,80.2193374634,42324,42334,10
13.012049675,80.220199585,42334,42345,11
13.0122995377,80.2210235596,42345,42355,10
13.0124597549,80.221572876,42355,42365,10
13.0128698349,80.2221603394,42365,42375,10
13.0135097504,80.2227401733,42375,42385,10
13.0140399933,80.2234115601,42385,42395,10
13.0145101547,80.2241592407,42395,42405,10
13.0149402618,80.2246322632,42405,42415,10
13.0150403976,80.2246627808,42415,42425,10
13.0152397156,80.2248077393,42425,42435,10
13.0154800415,80.2252426147,42435,42445,10
13.0153198242,80.2257385254,42445,42456,11
13.0150995255,80.2258834839,42456,42466,10
13.0147895813,80.226020813,42466,42476,10
13.0141897202,80.2262573242,42476,42486,10
13.0134496689,80.2265625,42486,42496,10
13.0125703812,80.2268981934,42496,42506,10
13.0116195679,80.2272567749,42506,42516,10
13.0106801987,80.2276306152,42516,42526,10
13.0097799301,80.2279510498,42526,42536,10
13.0095701218,80.2274169922,42536,42546,10
13.0098600388,80.2268218994,42546,42556,10
13.0101604462,80.2260513306,42556,42567,11
13.0103902817,80.2255020142,42567,42577,10
13.0106201172,80.2250366211,42577,42587,10
13.0108499527,80.2246398926,42587,42597,10
13.0111198425,80.2239990234,42597,42607,10
13.0113201141,80.2233886719,42607,42617,10
13.0109195709,80.2230834961,42617,42627,10
13.0103197098,80.2228164673,42627,42637,10
13.0101900101,80.2227096558,42637,42647,10
13.0098104477,80.2224884033,42647,42657,10
13.0092802048,80.2221984863,42657,42667,10
13.0087003708,80.221862793,42667,42678,11
13.0079298019,80.2214584351,42678,42688,10
13.0071897507,80.2210769653,42688,42698,10
13.0063295364,80.2207489014,42698,42708,10
13.0054397583,80.2205123901,42708,42718,10
13.0047903061,80.2203521729,42718,42728,10
13.004650116,80.2202987671,42728,42738,10
13.0043296814,80.2201766968,42738,42748,10
13.0036497116,80.2200317383,42748,42758,10
13.0030002594,80.219833374,42758,42768,10
13.0021600723,80.2192001343,42768,42778,10
13.0015602112,80.2185821533,42778,42788,10
13.0009202957,80.2181396484,42788,42799,11
13.0002698898,80.2176818848,42799,42809,10
12.9995698929,80.2173233032,42809,42819,10
12.9989404678,80.2169799805,42819,42829,10
12.9982099533,80.2166595459,42829,42839,10
12.9974498749,80.2165374756,42839,42859,20
12.9974498749,80.2165374756,42859,42869,10
12.9972000122,80.2165374756,42869,42879,10
12.9965801239,80.2165985107,42879,42889,10
12.9958400726,80.2167510986,42889,42899,10
12.995300293,80.2169494629,42899,42910,11
12.9952096939,80.2170028687,42910,42920,10
12.9949903488,80.2171478271,42920,42930,10
12.9945697784,80.2174224854,42930,42940,10
12.9940700531,80.2177886963,42940,42950,10
12.9935798645,80.2181167603,42950,42960,10
12.9929504395,80.2185592651,42960,42970,10
12.9924097061,80.218963623,42970,42980,10
12.9915304184,80.2196273804,42980,42990,10
12.9908599854,80.2201004028,42990,43000,10
12.9907302856,80.2202072144,43000,43010,10
12.9905395508,80.2203598022,43010,43021,11
12.9899396896,80.2208633423,43021,43031,10
12.9894504547,80.2214126587,43031,43041,10
12.9890003204,80.2219772339,43041,43051,10
12.9883899689,80.2225875854,43051,43061,10
12.9878101349,80.2230377197,43061,43071,10
12.9876003265,80.2230987549,43071,43081,10
12.9874000549,80.2230911255,43081,43091,10
12.9870004654,80.2230224609,43091,43101,10
12.9863796234,80.2229614258,43101,43111,10
12.9856595993,80.2230911255,43111,43121,10
12.9852399826,80.2232437134,43121,43132,11
12.9845399857,80.2229766846,43132,43152,20
12.9831495285,80.2221603394,43152,43172,20
12.9831495285,80.2221603394,43172,43182,10
12.9829301834,80.2219619751,43182,43192,10
12.9825296402,80.2218093872,43192,43202,10
12.9818601608,80.2215270996,43202,43218,16
12.9809904099,80.2212219238,43218,43230,12
12.980219841,80.2211685181,43230,43238,8
12.9796104431,80.2211685181,43238,43251,13
12.9786100388,80.2212219238,43251,43261,10
12.9780597687,80.2212600708,43261,43271,10
12.9772500992,80.221282959,43271,43281,10
12.9764499664,80.2212600708,43281,43291,10
12.9763803482,80.221862793,43291,43340,49
12.9763803482,80.221862793,43340,43350,10
12.9764795303,80.22215271,43350,43361,11
12.9768295288,80.2227172852,43361,43372,11
12.9770898819,80.2231369019,43372,43382,10
12.9775295258,80.2238388062,43382,43392,10
12.9779901505,80.2245788574,43392,43402,10
12.9785003662,80.2253875732,43402,43422,20
12.9785003662,80.2253875732,43422,43432,10
12.9786996841,80.2257232666,43432,43442,10
12.979060173,80.2263183594,43442,43452,10
12.9794597626,80.2270202637,43452,43462,10
12.9798898697,80.2276992798,43462,43472,10
12.9802703857,80.2283477783,43472,43483,11
12.9806604385,80.2290420532,43483,43493,10
12.9810400009,80.2296676636,43493,43503,10
12.981470108,80.2302932739,43503,43513,10
12.9816398621,80.2305526733,43513,43523,10
12.9817399979,80.2307434082,43523,43533,10
12.9819498062,80.2313537598,43533,43543,10
12.9820203781,80.232093811,43543,43553,10
12.9820203781,80.2322769165,43553,43563,10
12.9819297791,80.2327575684,43563,43573,10
12.9816503525,80.2334365845,43573,43583,10
12.981590271,80.2335662842,43583,43594,11
12.9814901352,80.2337722778,43594,43604,10
12.9812202454,80.2343673706,43604,43614,10
12.9812002182,80.235206604,43614,43624,10
12.9812402725,80.2362136841,43624,43634,10
12.9812698364,80.2373199463,43634,43644,10
12.9812898636,80.2380905151,43644,43654,10
12.981300354,80.2386703491,43654,43664,10
12.981300354,80.2387084961,43664,43674,10
12.981300354,80.2390213013,43674,43684,10
12.981300354,80.239616394,43684,43694,10
12.9813203812,80.2403793335,43694,43705,11
12.9813404083,80.2413711548,43705,43715,10
12.9813404083,80.2428207397,43715,43735,20
12.9813404083,80.2428207397,43735,43745,10
12.9813499451,80.2431182861,43745,43755,10
12.9813098907,80.243812561,43755,43765,10
12.9811897278,80.2447433472,43765,43775,10
12.9810400009,80.2458496094,43775,43785,10
12.9809103012,80.2471084595,43785,43795,10
12.9807901382,80.2483978271,43795,43805,10
12.9806804657,80.2496795654,43805,43816,11
12.9803800583,80.2509994507,43816,43826,10
12.9801301956,80.2519378662,43826,43836,10
12.9799404144,80.2523727417,43836,43846,10
12.9798603058,80.2526626587,43846,43856,10
12.9795398712,80.252746582,43856,43866,10
12.9785003662,80.2525482178,43866,43886,20
12.9785003662,80.2525482178,43886,43896,10
12.9781703949,80.2522964478,43896,43906,10
12.9775600433,80.2517623901,43906,43916,10
12.9767103195,80.2512969971,43916,43927,11
12.9756002426,80.2509765625,43927,43937,10
12.9745101929,80.2506790161,43937,43947,10
12.9734897614,80.2503967285,43947,43957,10
12.9727296829,80.2502288818,43957,43967,10
12.9725999832,80.2501907349,43967,43977,10
12.9722499847,80.2500762939,43977,43987,10
12.9715595245,80.2499008179,43987,43997,10
12.970700264,80.2496566772,43997,44007,10
12.9697599411,80.2492980957,44007,44017,10
12.968870163,80.2489395142,44017,44027,10
12.9677495956,80.2485122681,44027,44037,10
12.9667196274,80.2480392456,44037,44048,11
12.9656801224,80.2475662231,44048,44058,10
12.9651002884,80.2473831177,44058,44068,10
12.9650697708,80.2473831177,44068,44078,10
12.9646997452,80.247253418,44078,44088,10
12.964050293,80.2469711304,44088,44098,10
12.9634799957,80.2467193604,44098,44108,10
12.9627199173,80.2463531494,44108,44118,10
12.961810112,80.2459030151,44118,44128,10
12.9607601166,80.2454071045,44128,44138,10
12.9599399567,80.2450408936,44138,44148,10
12.9595403671,80.2448806763,44148,44159,11
12.95952034,80.2448577881,44159,44169,10
12.9591398239,80.244682312,44169,44179,10
12.9584197998,80.2443771362,44179,44189,10
12.95773983,80.2441101074,44189,44199,10
12.9570798874,80.2438964844,44199,44209,10
12.9568395615,80.2438583374,44209,44238,29
12.9566602707,80.243812561,44238,44310,72
12.9566602707,80.243812561,44310,44320,10
12.956410408,80.2437210083,44320,44330,10
12.9563102722,80.2437133789,44330,44340,10
12.9558696747,80.2434463501,44340,44350,10
12.9551200867,80.2430419922,44350,44360,10
12.9541397095,80.2426071167,44360,44370,10
12.9531097412,80.2422027588,44370,44381,11
12.9521598816,80.2418289185,44381,44391,10
12.9517803192,80.2417221069,44391,44401,10
12.9517097473,80.2416915894,44401,44411,10
12.9512195587,80.2415008545,44411,44421,10
12.9504003525,80.2412261963,44421,44431,10
12.9495401382,80.2409362793,44431,44441,10
12.9493904114,80.2408905029,44441,44451,10
12.9492301941,80.2408370972,44451,44461,10
12.9487400055,80.2406997681,44461,44471,10
12.9479703903,80.2403488159,44471,44481,10
12.9472398758,80.2400665283,44481,44491,10
12.9471998215,80.2400588989,44491,44502,11
12.9467601776,80.2398834229,44502,44512,10
12.9460601807,80.2395782471,44512,44522,10
12.9452800751,80.239151001,44522,44532,10
12.9445199966,80.2384109497,44532,44542,10
12.9437198639,80.2375869751,44542,44552,10
12.9431400299,80.2370376587,44552,44562,10
12.9430799484,80.2369689941,44562,44572,10
12.94272995,80.2367019653,44572,44582,10
12.9419698715,80.2363891602,44582,44592,10
12.9409303665,80.2361221313,44592,44602,10
12.9398298264,80.2358398438,44602,44623,21
12.9398298264,80.2358398438,44623,44633,10
12.9396495819,80.235710144,44633,44643,10
12.9389801025,80.2354125977,44643,44653,10
12.9381103516,80.2349700928,44653,44663,10
12.9370698929,80.2344512939,44663,44673,10
12.9362802505,80.2340927124,44673,44683,10
12.9355802536,80.233757019,44683,44693,10
12.9347496033,80.2333679199,44693,44703,10
12.933930397,80.233001709,44703,44713,10
12.9338502884,80.2329788208,44713,44723,10
12.9335803986,80.2328491211,44723,44734,11
12.9328403473,80.2325286865,44734,44744,10
12.9318704605,80.2321929932,44744,44754,10
12.9306898117,80.2317810059,44754,44764,10
12.9293603897,80.2314300537,44764,44774,10
12.9279603958,80.2312164307,44774,44784,10
12.9267501831,80.2310791016,44784,44794,10
12.9261598587,80.2310333252,44794,44804,10
12.9260702133,80.2310180664,44804,44814,10
12.9255895615,80.2309570313,44814,44824,10
12.9248304367,80.2308807373,44824,44834,10
12.9238796234,80.230758667,44834,44845,11
12.922659874,80.2305908203,44845,44855,10
12.9214000702,80.2304000854,44855,44865,10
12.920129776,80.2302627563,44865,44875,10
12.9192199707,80.2301483154,44875,44885,10
12.9191398621,80.230140686,44885,44895,10
12.9184999466,80.2300491333,44895,44952,57
12.9184999466,80.2300491333,44952,44964,12
12.9184799194,80.2300796509,44964,44974,10
12.9180603027,80.2300109863,44974,44984,10
12.9173002243,80.229888916,44984,44994,10
12.9163799286,80.2297515869,44994,45004,10
12.91547966,80.2296218872,45004,45013,9
12.914560318,80.2294998169,45013,45023,10
12.913649559,80.2293930054,45023,45044,21
12.913649559,80.2293930054,45044,45053,9
12.9133901596,80.2293624878,45053,45063,10
12.9128303528,80.2292480469,45063,45075,12
12.9118995667,80.2291107178,45075,45085,10
12.9110298157,80.2289962769,45085,45095,10
12.9100599289,80.2288589478,45095,45105,10
12.9089803696,80.2286834717,45105,45115,10
12.9079504013,80.2285003662,45115,45125,10
12.9067802429,80.2283630371,45125,45186,61
12.9067802429,80.2283630371,45186,45196,10
12.9067802429,80.2284393311,45196,45206,10
12.9065303802,80.2283782959,45206,45216,10
12.9061098099,80.2283096313,45216,45226,10
12.9056997299,80.2282714844,45226,45236,10
12.9049596786,80.2282409668,45236,45246,10
12.9040002823,80.2281723022,45246,45256,10
12.9029197693,80.2281112671,45256,45266,10
12.9020395279,80.2280578613,45266,45276,10
12.9017496109,80.2280502319,45276,45286,10
12.901720047,80.2280502319,45286,45297,11
12.9013595581,80.2280197144,45297,45307,10
12.9008302689,80.2279815674,45307,45317,10
12.9003400803,80.2279586792,45317,45327,10
12.8998699188,80.2279434204,45327,45337,10
12.8995304108,80.2279434204,45337,45347,10
12.8994703293,80.2279434204,45347,45357,10
12.8992595673,80.2279434204,45357,45367,10
12.898730278,80.2279281616,45367,45377,10
12.8979902267,80.2278518677,45377,45387,10
12.8970098495,80.2277832031,45387,45397,10
12.8959703445,80.2277374268,45397,45407,10
12.8949604034,80.2276916504,45407,45418,11
12.8937397003,80.2275924683,45418,45428,10
12.8928003311,80.2274932861,45428,45438,10
12.8924198151,80.2274703979,45438,45448,10
12.8919401169,80.227432251,45448,45458,10
12.8911104202,80.2274169922,45458,45468,10
12.890080452,80.2274169922,45468,45478,10
12.8890695572,80.227432251,45478,45488,10
12.8886499405,80.2274169922,45488,45498,10
12.8883895874,80.2274093628,45498,45508,10
12.8877696991,80.2273483276,45508,45518,10
12.8870000839,80.2272033691,45518,45529,11
12.8858995438,80.2269592285,45529,45539,10
12.8850297928,80.2267913818,45539,45549,10
12.8848600388,80.2267837524,45549,45559,10
12.884469986,80.2267684937,45559,45569,10
12.8836803436,80.2267608643,45569,45579,10
12.882610321,80.2267684937,45579,45589,10
12.8813400269,80.2267684937,45589,45599,10
12.8799495697,80.2267684937,45599,45609,10
12.8785200119,80.2268218994,45609,45619,10
12.877289772,80.2269287109,45619,45629,10
12.8765602112,80.2269897461,45629,45640,11
12.8764400482,80.2268981934,45640,45650,10
12.8764200211,80.2266235352,45650,45660,10
12.8764200211,80.2265090942,45660,45670,10
12.8764896393,80.2259521484,45670,45680,10
12.8765802383,80.2250213623,45680,45690,10
12.8767499924,80.2238311768,45690,45700,10
12.8770599365,80.2224884033,45700,45710,10
12.8773803711,80.2210617065,45710,45720,10
12.8777198792,80.2195892334,45720,45730,10
12.8780498505,80.2181091309,45730,45740,10
12.8783397675,80.2166137695,45740,45750,10
12.878660202,80.215133667,45750,45761,11
12.8789796829,80.2135009766,45761,45771,10
12.879240036,80.2120437622,45771,45781,10
12.8790102005,80.210899353,45781,45801,20
12.8790102005,80.210899353,45801,45811,10
12.8787603378,80.2108764648,45811,45821,10
12.8781204224,80.2107772827,45821,45831,10
12.8772602081,80.2106170654,45831,45841,10
12.8761396408,80.2104110718,45841,45851,10
12.8751497269,80.2102432251,45851,45861,10
12.8746299744,80.2101516724,45861,45872,11
12.8746204376,80.2101516724,45872,45882,10
12.8744602203,80.2101211548,45882,45892,10
12.8744096756,80.2096710205,45892,45902,10
12.8747997284,80.2096633911,45902,46144,242
12.8747997284,80.2096633911,46144,46154,10
12.8749599457,80.2097167969,46154,46194,40
12.8748703003,80.2097015381,46194,46648,454
12.8748397827,80.209602356,46648,46668,20
12.8748102188,80.2095489502,46668,47265,597
12.8748102188,80.2095489502,47265,47275,10
12.8750200272,80.2095794678,47275,47396,121
12.8747596741,80.2097320557,47396,47416,20
12.8747596741,80.2097320557,47416,47426,10
12.8746995926,80.2098693848,47426,47436,10
12.8747997284,80.2101364136,47436,47446,10
12.8753995895,80.2102508545,47446,47456,10
12.8762197495,80.2104110718,47456,47466,10
12.8771696091,80.2105865479,47466,47477,11
12.8782596588,80.2108001709,47477,47487,10
12.8789997101,80.2109375,47487,47497,10
12.8794002533,80.2110519409,47497,47506,9
12.87940979,80.2110595703,47506,47517,11
12.8794698715,80.2113418579,47517,47527,10
12.8793401718,80.2120132446,47527,47537,10
12.8791704178,80.2128067017,47537,47547,10
12.8789796829,80.2138137817,47547,47557,10
12.8787403107,80.2150421143,47557,47567,10
12.8784399033,80.2163619995,47567,47577,10
12.8781604767,80.2177276611,47577,47588,11
12.8778495789,80.2192230225,47588,47598,10
12.8775501251,80.2205429077,47598,47608,10
12.8772296906,80.2218780518,47608,47618,10
12.8769197464,80.2232513428,47618,47628,10
12.8766698837,80.2245330811,47628,47638,10
12.876540184,80.2257766724,47638,47648,10
12.8764200211,80.2265396118,47648,47658,10
12.8764200211,80.2267608643,47658,47668,10
12.876709938,80.2268371582,47668,47688,20
12.876709938,80.2268371582,47688,47698,10
12.8773498535,80.2267990112,47698,47709,11
12.8783798218,80.2267227173,47709,47719,10
12.8795099258,80.2266616821,47719,47729,10
12.8806695938,80.2266464233,47729,47739,10
12.8819599152,80.2266387939,47739,47749,10
12.8832597733,80.2266387939,47749,47759,10
12.884469986,80.2266235352,47759,47769,10
12.8856496811,80.2267608643,47769,47779,10
12.8869400024,80.2270736694,47779,47789,10
12.8883104324,80.2272567749,47789,47799,10
12.889749527,80.2272796631,47799,47809,10
12.8911600113,80.2273025513,47809,47820,11
12.8925600052,80.2273406982,47820,47830,10
12.8937101364,80.2274703979,47830,47840,10
12.8946504593,80.2275390625,47840,47850,10
12.8948602676,80.2275390625,47850,47860,10
12.8950796127,80.2275695801,47860,47870,10
12.8957595825,80.2275924683,47870,47880,10
12.8967695236,80.2276306152,47880,47890,10
12.8980503082,80.2276992798,47890,47900,10
12.8994197845,80.2277984619,47900,47910,10
12.90046978,80.2278213501,47910,47920,10
12.9007997513,80.2277984619,47920,47931,11
12.9011602402,80.2278594971,47931,47941,10
12.9019498825,80.2279205322,47941,47951,10
12.9027299881,80.2279510498,47951,47971,20
12.9027299881,80.2279510498,47971,47981,10
12.9029998779,80.2279586792,47981,47991,10
12.9036998749,80.2280197144,47991,48001,10
12.9047002792,80.2280731201,48001,48011,10
12.9057197571,80.2281036377,48011,48021,10
12.9063396454,80.2281036377,48021,48072,51
12.9063396454,80.2281036377,48072,48082,10
12.9066495895,80.2281112671,48082,48092,10
12.906920433,80.2282028198,48092,48102,10
12.9071397781,80.2282333374,48102,48112,10
12.9077396393,80.2283172607,48112,48122,10
12.9086399078,80.2284698486,48122,48132,10
12.9095897675,80.2286224365,48132,48142,10
12.910779953,80.2288208008,48142,48152,10
12.9118995667,80.2289810181,48152,48163,11
12.9131097794,80.2291412354,48163,48173,10
12.9138002396,80.2292404175,48173,48183,10
12.9139995575,80.2292785645,48183,48193,10
12.914440155,80.2293395996,48193,48203,10
12.9152297974,80.2294464111,48203,48213,10
12.9162902832,80.229598999,48213,48223,10
12.9174003601,80.2297515869,48223,48233,10
12.9184598923,80.2298965454,48233,48243,10
12.9191703796,80.2300109863,48243,48253,10
12.9199199677,80.2300796509,48253,48263,10
12.920920372,80.2302093506,48263,48273,10
12.922129631,80.2303771973,48273,48290,17
12.9244203568,80.2307128906,48290,48302,12
12.9259004593,80.2308807373,48302,48312,10
12.92689991,80.231010437,48312,48322,10
12.92827034,80.2311782837,48322,48332,10
12.9293899536,80.2313766479,48332,48342,10
12.9305801392,80.2316589355,48342,48352,10
12.9315795898,80.2319793701,48352,48362,10
12.9324598312,80.2322769165,48362,48372,10
12.9333295822,80.2325897217,48372,48382,10
12.9337301254,80.2327575684,48382,48393,11
12.9338598251,80.2328186035,48393,48403,10
12.9343500137,80.2330627441,48403,48413,10
12.9350996017,80.2334213257,48413,48423,10
12.9360904694,80.2338562012,48423,48433,10
12.9371595383,80.2343902588,48433,48443,10
12.9383096695,80.2349395752,48443,48453,10
12.9398002625,80.2356719971,48453,48473,20
12.9398002625,80.2356719971,48473,48483,10
12.9399595261,80.235748291,48483,48493,10
12.9405202866,80.2359237671,48493,48504,11
12.9414196014,80.2361373901,48504,48514,10
12.9424600601,80.2364273071,48514,48524,10
12.9436302185,80.2372436523,48524,48534,10
12.9436302185,80.2372436523,48534,48544,10
12.9438199997,80.2374725342,48544,48554,10
12.9442796707,80.2379989624,48554,48564,10
12.9449195862,80.2387008667,48564,48574,10
12.9457998276,80.2393798828,48574,48584,10
12.9468603134,80.2397994995,48584,48594,10
12.9475002289,80.2400512695,48594,48606,12
12.9475603104,80.2400665283,48606,48616,10
12.9477396011,80.2401504517,48616,48626,10
12.9482898712,80.2403717041,48626,48637,11
12.9487800598,80.240562439,48637,48667,30
12.9487800598,80.240562439,48667,48677,10
12.9489202499,80.2406005859,48677,48687,10
12.949379921,80.2407913208,48687,48697,10
12.9500999451,80.2410202026,48697,48707,10
12.9510002136,80.2413024902,48707,48717,10
12.951880455,80.2416000366,48717,48727,10
12.9528398514,80.2419815063,48727,48738,11
12.9539003372,80.242401123,48738,48748,10
12.9547796249,80.2427520752,48748,48758,10
12.9555196762,80.243019104,48758,48768,10
12.9562997818,80.2433013916,48768,48818,50
12.9562997818,80.2433013916,48818,48828,10
12.9565200806,80.2433776855,48828,48838,10
12.9570398331,80.2436294556,48838,48849,11
12.9578800201,80.2439880371,48849,48859,10
12.9586200714,80.2443084717,48859,48869,10
12.9590101242,80.244468689,48869,48879,10
12.9590597153,80.2444992065,48879,48889,10
12.9594402313,80.2446975708,48889,48899,10
12.9601402283,80.2450027466,48899,48909,10
12.9610204697,80.2454223633,48909,48919,10
12.9621200562,80.2459335327,48919,48929,10
12.9631004333,80.2464294434,48929,48939,10
12.9636602402,80.2467193604,48939,48949,10
12.9642896652,80.246963501,48949,48965,16
12.9655599594,80.2474136353,48965,48978,13
12.9665002823,80.2477874756,48978,48988,10
12.9669399261,80.2479782104,48988,49008,20
12.9669399261,80.2479782104,49008,49017,9
12.9672603607,80.2481765747,49017,49028,11
12.9679803848,80.2485122681,49028,49038,10
12.9688596725,80.2488479614,49038,49048,10
12.9699497223,80.2492675781,49048,49058,10
12.9710998535,80.249671936,49058,49068,10
12.9722900391,80.2499694824,49068,49079,11
12.9736003876,80.2503128052,49079,49089,10
12.9743900299,80.2504882813,49089,49099,10
12.9744796753,80.2505111694,49099,49109,10
12.9746599197,80.250579834,49109,49119,10
12.9752502441,80.2507629395,49119,49129,10
12.9760799408,80.2509994507,49129,49139,10
12.9770898819,80.2513198853,49139,49149,10
12.9780597687,80.2519989014,49149,49159,10
12.9790201187,80.2525177002,49159,49169,10
12.9796199799,80.252532959,49169,49179,10
12.9799604416,80.252243042,49179,49190,11
12.9799699783,80.252166748,49190,49200,10
12.9799699783,80.2520599365,49200,49210,10
12.980099678,80.2516098022,49210,49220,10
12.9803304672,80.2508621216,49220,49230,10
12.9805803299,80.2498779297,49230,49240,10
12.9807300568,80.2488021851,49240,49250,10
12.9808397293,80.2476425171,49250,49259,9
12.9809303284,80.2464981079,49259,49269,10
12.9811000824,80.2451324463,49269,49280,11
12.9811897278,80.2438583374,49280,49290,10
12.9813499451,80.2434082031,49290,49301,11
12.9813604355,80.2428283691,49301,49311,10
12.9813604355,80.242729187,49311,49321,10
12.9813699722,80.2426071167,49321,49331,10
12.9813499451,80.2421722412,49331,49341,10
12.9813404083,80.2415084839,49341,49351,10
12.9813404083,80.2407608032,49351,49361,10
12.9813299179,80.2399597168,49361,49371,10
12.9813098907,80.2394790649,49371,49381,10
12.9812898636,80.2387924194,49381,49391,10
12.9812698364,80.2380599976,49391,49401,10
12.9812498093,80.2378005981,49401,49412,11
12.9812498093,80.237701416,49412,49422,10
12.9812402725,80.2372207642,49422,49432,10
12.9812202454,80.2364425659,49432,49442,10
12.9812002182,80.2356567383,49442,49452,10
12.981180191,80.2348022461,49452,49462,10
12.9812803268,80.2340164185,49462,49472,10
12.981590271,80.2333908081,49472,49482,10
12.9816303253,80.2333068848,49482,49492,10
12.9816904068,80.2332000732,49492,49502,10
12.981880188,80.2327575684,49502,49512,10
12.9819803238,80.2321472168,49512,49522,10
12.9819698334,80.2316589355,49522,49533,11
12.9818201065,80.2309799194,49533,49543,10
12.9815502167,80.2304382324,49543,49553,10
12.9811496735,80.2297973633,49553,49563,10
12.9808502197,80.2293014526,49563,49573,10
12.9806404114,80.2289810181,49573,49583,10
12.9806098938,80.2289276123,49583,49593,10
12.9805402756,80.2287979126,49593,49603,10
12.9802999496,80.2283706665,49603,49613,10
12.9800195694,80.2278213501,49613,49623,10
12.9795703888,80.2270965576,49623,49633,10
12.9792404175,80.2265396118,49633,49644,11
12.9787797928,80.2257614136,49644,49654,10
12.9783201218,80.2250137329,49654,49664,10
12.9779596329,80.2245025635,49664,49674,10
12.9776601791,80.2240371704,49674,49684,10
12.9775896072,80.2239227295,49684,49694,10
12.9773902893,80.2235794067,49694,49704,10
12.9770402908,80.2229995728,49704,49714,10
12.9769296646,80.2227401733,49714,49724,10
12.9771795273,80.2226486206,49724,49744,20
12.9771795273,80.2226486206,49744,49755,11
12.9773397446,80.2226715088,49755,49765,10
12.9775104523,80.2223587036,49765,49775,10
12.9774799347,80.2218322754,49775,49785,10
12.9774599075,80.2212905884,49785,49795,10
12.977519989,80.2211990356,49795,49805,10
12.977930069,80.2211990356,49805,49815,10
12.9785804749,80.2211837769,49815,49825,10
12.9793596268,80.2211227417,49825,49835,10
12.9801197052,80.2210617065,49835,49845,10
12.9809398651,80.2210235596,49845,49855,10
12.9816703796,80.2213668823,49855,49866,11
12.9822702408,80.2217025757,49866,49876,10
12.9828100204,80.2219161987,49876,49896,20
12.9828100204,80.2219161987,49896,49906,10
12.9830598831,80.2220077515,49906,49916,10
12.9835195541,80.2222671509,49916,49926,10
12.9839096069,80.2225189209,49926,49936,10
12.9842996597,80.2227478027,49936,49946,10
12.9848299026,80.2230682373,49946,49956,10
12.9852800369,80.2232666016,49956,49966,10
12.9856901169,80.2230300903,49966,49976,10
12.9862699509,80.2229614258,49976,49986,10
12.9863700867,80.2229614258,49986,49997,11
12.986530304,80.2229995728,49997,50007,10
12.9865398407,80.2229919434,50007,50017,10
12.9868001938,80.2230300903,50017,50027,10
12.9872303009,80.2230911255,50027,50037,10
12.9876804352,80.2230682373,50037,50047,10
12.9882497787,80.2227096558,50047,50057,10
12.9888896942,80.2220611572,50057,50067,10
12.98939991,80.2213973999,50067,50077,10
12.9899997711,80.2207107544,50077,50087,10
12.9904098511,80.2203826904,50087,50098,11
12.9904203415,80.2203826904,50098,50108,10
12.9907102585,80.220161438,50108,50118,10
12.9912204742,80.2197570801,50118,50128,10
12.9917697906,80.2193527222,50128,50138,10
12.9923496246,80.2189407349,50138,50148,10
12.9930200577,80.2184524536,50148,50158,10
12.9937295914,80.217918396,50158,50168,10
12.9942903519,80.2175064087,50168,50178,10
12.9948396683,80.2171173096,50178,50188,10
12.9953403473,80.2168121338,50188,50198,10
12.9960603714,80.216583252,50198,50209,11
12.9969100952,80.2164764404,50209,50219,10
12.9976196289,80.2160110474,50219,50249,30
12.9976196289,80.2160110474,50249,50259,10
12.9977798462,80.2158966064,50259,50269,10
12.9981203079,80.2156219482,50269,50285,16
12.9990701675,80.2147598267,50285,50297,12
12.9993801117,80.2145080566,50297,50306,9
12.9998197556,80.2141418457,50306,50316,10
13.0002498627,80.213760376,50316,50327,11
13.0008897781,80.2131729126,50327,50339,12
13.0014095306,80.2127990723,50339,50349,10
13.0019798279,80.2124023438,50349,50359,10
13.0026397705,80.2121124268,50359,50369,10
13.0036497116,80.2119827271,50369,50389,20
13.0036497116,80.2119827271,50389,50399,10
13.0037002563,80.2116394043,50399,50409,10
13.003660202,80.2108917236,50409,50419,10
13.0035800934,80.2102432251,50419,50429,10
13.0035400391,80.2095184326,50429,50440,11
13.0036697388,80.2088394165,50440,50450,10
13.0042104721,80.2087097168,50450,50460,10
13.0050201416,80.2090835571,50460,50470,10
13.0056400299,80.2093200684,50470,50480,10
13.0060997009,80.2094802856,50480,50490,10
13.0063695908,80.2095718384,50490,50500,10
13.0067796707,80.2097015381,50500,50510,10
13.007399559,80.2098083496,50510,50530,20
13.007399559,80.2098083496,50530,50540,10
13.0074396133,80.2098617554,50540,50551,11
13.0078897476,80.2099609375,50551,50561,10
13.0081195831,80.2097320557,50561,50571,10
13.0080299377,80.2094802856,50571,50601,30
13.0080299377,80.2094802856,50601,50611,10
13.0079603195,80.2093200684,50611,50621,10
13.0079202652,80.2087783813,50621,50631,10
13.0078201294,80.2078933716,50631,50641,10
13.0076503754,80.206817627,50641,50651,10
13.0075397491,80.2057418823,50651,50662,11
13.0075397491,80.2046203613,50662,50672,10
13.0074701309,80.2037963867,50672,50682,10
13.0073204041,80.2030334473,50682,50692,10
13.0068502426,80.2024993896,50692,50702,10
13.0064897537,80.2030410767,50702,50712,10
13.0070800781,80.2035522461,50712,50722,10
13.0079803467,80.2037277222,50722,50732,10
13.0090799332,80.2036590576,50732,50742,10
13.0106801987,80.20362854,50742,50752,10
13.0120401382,80.2037811279,50752,50762,10
13.0129404068,80.2039794922,50762,50773,11
13.0135803223,80.2041931152,50773,50783,10
13.0136899948,80.2043685913,50783,50793,10
13.0135803223,80.2046813965,50793,50803,10
13.0135402679,80.2048034668,50803,50813,10
13.0134496689,80.2050628662,50813,50823,10
13.0132398605,80.2056732178,50823,50833,10
13.0130500793,80.2064819336,50833,50843,10
13.0129995346,80.20728302,50843,50853,10
13.0129203796,80.2077026367,50853,50863,10
13.0128803253,80.2080001831,50863,50873,10
13.012840271,80.2080993652,50873,50883,10
13.012840271,80.2084579468,50883,50894,11
13.0129203796,80.2089385986,50894,50904,10
13.0131797791,80.209602356,50904,50914,10
13.0131196976,80.2102890015,50914,50924,10
13.0128803253,80.2111663818,50924,50940,16
13.012140274,80.2124023438,50940,50952,12
13.0118103027,80.2128219604,50952,50971,19
13.0109195709,80.2121582031,50971,50983,12
13.0099201202,80.2113800049,50983,51077,94
13.0096502304,80.2111587524,51077,51396,319
13.0096502304,80.2111587524,51396,51406,10
13.0092496872,80.2111129761,51406,51416,10
13.0090398788,80.2114868164,51416,51436,20
13.0090398788,80.2114868164,51436,51446,10
13.0090303421,80.2116928101,51446,51456,10
13.0092201233,80.2122497559,51456,51467,11
13.0094995499,80.2130737305,51467,51477,10
13.0098304749,80.2138595581,51477,51487,10
13.0101299286,80.2147064209,51487,51497,10
13.010219574,80.2153701782,51497,51507,10
13.0104598999,80.2161331177,51507,51517,10
13.0108604431,80.2170410156,51517,51527,10
13.011300087,80.2181167603,51527,51537,10
13.0117797852,80.2194366455,51537,51547,10
13.0121898651,80.2207183838,51547,51556,9
13.0124597549,80.2216033936,51556,51566,10
13.0129899979,80.2222976685,51566,51578,12
13.0136995316,80.2231063843,51578,51588,10
13.0141296387,80.2237167358,51588,51598,10
13.0146598816,80.2242584229,51598,51608,10
13.0150604248,80.2247161865,51608,51618,10
13.0154399872,80.2253036499,51618,51628,10
13.0153102875,80.2257537842,51628,51638,10
13.0148601532,80.2259292603,51638,51648,10
13.014169693,80.2262115479,51648,51658,10
13.013420105,80.2265167236,51658,51668,10
13.0124998093,80.2269287109,51668,51678,10
13.0114803314,80.2273635864,51678,51689,11
13.0102596283,80.2278213501,51689,51699,10
13.0094900131,80.2276992798,51699,51709,10
13.0097703934,80.2269668579,51709,51719,10
13.010140419,80.2261199951,51719,51729,10
13.0105495453,80.2251281738,51729,51739,10
13.0109195709,80.2242965698,51739,51749,10
13.0112400055,80.2234802246,51749,51759,10
13.0110397339,80.2230987549,51759,51769,10
13.010430336,80.2227783203,51769,51779,10
13.0102796555,80.2226867676,51779,51789,10
13.0101499557,80.2226028442,51789,51799,10
13.0096902847,80.2223434448,51799,51810,11
13.0090303421,80.2219772339,51810,51820,10
13.0083198547,80.221572876,51820,51830,10
13.0074300766,80.2211227417,51830,51840,10
13.0065803528,80.2206878662,51840,51850,10
13.0055799484,80.2204437256,51850,51860,10
13.004650116,80.2202224731,51860,51870,10
13.0039300919,80.2200622559,51870,51880,10
13.0030498505,80.2198181152,51880,51890,10
13.0021600723,80.2192001343,51890,51900,10
13.0016298294,80.2186126709,51900,51910,10
13.0010004044,80.2181777954,51910,51921,11
13.00041008,80.2178115845,51921,51930,9
12.999879837,80.2174911499,51930,51941,11
12.9991102219,80.2170410156,51941,51951,10
12.9982700348,80.2166366577,51951,51962,11
12.997420311,80.2164916992,51962,51972,10
12.997209549,80.2164993286,51972,51982,10
12.9969501495,80.2165374756,51982,51992,10
12.9963502884,80.2165908813,51992,52002,10
12.99559021,80.216758728,52002,52012,10
12.9951000214,80.2169876099,52012,52022,10
12.9949998856,80.2170791626,52022,52033,11
12.9945402145,80.2174224854,52033,52043,10
12.9940500259,80.2178268433,52043,52053,10
12.9934101105,80.2182998657,52053,52063,10
12.992650032,80.2188415527,52063,52073,10
12.9918603897,80.2194213867,52073,52083,10
12.9912004471,80.2199020386,52083,52093,10
12.9907197952,80.2202377319,52093,52103,10
12.9906797409,80.2203063965,52103,52113,10
12.9903202057,80.2205734253,52113,52123,10
12.9897403717,80.2210998535,52123,52133,10
12.9891996384,80.2217025757,52133,52144,11
12.9885797501,80.2224578857,52144,52154,10
12.9875202179,80.2231216431,52154,52174,20
12.9875202179,80.2231216431,52174,52184,10
12.9874801636,80.2231521606,52184,52194,10
12.9870195389,80.2230529785,52194,52204,10
12.9863300323,80.2229690552,52204,52214,10
12.985710144,80.2230529785,52214,52224,10
12.9852600098,80.2232894897,52224,52234,10
12.9847002029,80.2230529785,52234,52244,10
12.9842996597,80.2227783203,52244,52254,10
12.9838695526,80.2225494385,52254,52265,11
12.9832296371,80.22215271,52265,52295,30
12.9832296371,80.22215271,52295,52305,10
12.9829702377,80.2219696045,52305,52315,10
12.9823598862,80.221786499,52315,52325,10
12.9819602966,80.2215194702,52325,52335,10
12.9814100266,80.2211990356,52335,52345,10
12.980629921,80.2210235596,52345,52355,10
12.9798297882,80.2210922241,52355,52365,10
12.9789800644,80.2211380005,52365,52376,11
12.9780101776,80.2211685181,52376,52386,10
12.9770803452,80.221206665,52386,52395,9
12.9762802124,80.2212219238,52395,52406,11
12.9763002396,80.2217025757,52406,52436,30
12.9763002396,80.2217025757,52436,52446,10
12.9764099121,80.2219696045,52446,52456,10
12.9769001007,80.2227478027,52456,52476,20
12.9769001007,80.2227478027,52476,52487,11
12.9770002365,80.2228012085,52487,52497,10
12.977230072,80.2231826782,52497,52507,10
12.9776096344,80.2238006592,52507,52517,10
12.9780902863,80.2245407104,52517,52527,10
12.9785203934,80.2252197266,52527,52537,10
12.9785995483,80.2253570557,52537,52547,10
12.9786901474,80.2255401611,52547,52557,10
12.978969574,80.2260284424,52557,52567,10
12.97935009,80.2266921997,52567,52577,10
12.9797496796,80.2273635864,52577,52587,10
12.9801797867,80.2280731201,52587,52597,10
12.9805603027,80.228767395,52597,52608,11
12.9808702469,80.2293319702,52608,52618,10
12.981180191,80.2298431396,52618,52628,10
12.981590271,80.2304382324,52628,52638,10
12.9816303253,80.2304992676,52638,52648,10
12.981710434,80.2306365967,52648,52658,10
12.9819002151,80.2311096191,52658,52668,10
12.9820299149,80.2318878174,52668,52678,10
12.9819698334,80.2326278687,52678,52688,10
12.9815502167,80.2336502075,52688,52708,20
12.9815502167,80.2336502075,52708,52719,11
12.9815397263,80.2336730957,52719,52729,10
12.9813404083,80.2340393066,52729,52739,10
12.9812097549,80.2347793579,52739,52749,10
12.9812202454,80.2356262207,52749,52759,10
12.9812498093,80.2362976074,52759,52769,10
12.9812602997,80.2370071411,52769,52785,16
12.981300354,80.2387466431,52785,52805,20
12.981300354,80.2387466431,52805,52817,12
12.981300354,80.2391204834,52817,52827,10
12.9813203812,80.2397384644,52827,52838,11
12.9813404083,80.2406005859,52838,52848,10
12.9813604355,80.2414779663,52848,52858,10
12.9813699722,80.2423629761,52858,52868,10
12.9813604355,80.2428665161,52868,52878,10
12.9813604355,80.2428817749,52878,52887,9
12.9813404083,80.2431335449,52887,52898,11
12.981300354,80.2438430786,52898,52908,10
12.9811697006,80.2447433472,52908,52918,10
12.9810400009,80.2458724976,52918,52928,10
12.9809103012,80.2471389771,52928,52938,10
12.9808101654,80.2484817505,52938,52949,11
12.9806404114,80.2499008179,52949,52959,10
12.9803199768,80.2511978149,52959,52969,10
12.9800901413,80.2521133423,52969,52979,10
12.979929924,80.2526473999,52979,52989,10
12.9798002243,80.2527770996,52989,52999,10
12.9792804718,80.2527236938,52999,53009,10
12.9786195755,80.2526092529,53009,53019,10
12.9785699844,80.2526016235,53019,53029,10
12.9782800674,80.2523880005,53029,53039,10
12.9777097702,80.2518768311,53039,53049,10
12.9768896103,80.2513809204,53049,53060,11
12.9758300781,80.2510604858,53060,53070,10
12.9747896194,80.2507629395,53070,53079,9
12.9738302231,80.2504806519,53079,53089,10
12.9729003906,80.2502365112,53089,53100,11
12.9725599289,80.2501678467,53100,53110,10
12.9722995758,80.2500762939,53110,53120,10
12.9716300964,80.2498779297,53120,53130,10
12.9707603455,80.2496490479,53130,53140,10
12.9697399139,80.2493133545,53140,53150,10
12.9687404633,80.248916626,53150,53160,10
12.9676799774,80.2485122681,53160,53170,10
12.9667701721,80.2480621338,53170,53181,11
12.9658203125,80.2476272583,53181,53191,10
12.965089798,80.2473907471,53191,53201,10
12.9650297165,80.2473602295,53201,53217,16
12.964799881,80.247253418,53217,53229,12
12.9640903473,80.2469787598,53229,53237,8
12.9637098312,80.2468490601,53237,53249,12
12.9629602432,80.2464370728,53249,53259,10
12.9619998932,80.2459869385,53259,53269,10
12.960940361,80.2454605103,53269,53279,10
12.9600896835,80.2450790405,53279,53290,11
12.959280014,80.2447433472,53290,53299,9
12.9592103958,80.244720459,53299,53310,11
12.9590797424,80.2446517944,53310,53320,10
12.9585599899,80.2444000244,53320,53330,10
12.9578199387,80.244102478,53330,53340,10
12.9570598602,80.243888855,53340,53350,10
12.9565296173,80.2437515259,53350,53441,91
12.9565296173,80.2437515259,53441,53451,10
12.9559001923,80.2434921265,53451,53461,10
12.9551897049,80.2431030273,53461,53471,10
12.9542598724,80.2426834106,53471,53481,10
12.9532003403,80.2422409058,53481,53491,10
12.9521503448,80.2418365479,53491,53501,10
12.9516201019,80.2416687012,53501,53510,9
12.9515695572,80.2416381836,53510,53522,12
12.9510202408,80.2414398193,53522,53532,10
12.950220108,80.2411880493,53532,53542,10
12.9493198395,80.2409210205,53542,53552,10
12.9484901428,80.2405929565,53552,53562,10
12.9475898743,80.240196228,53562,53572,10
12.94713974,80.240020752,53572,53582,10
12.9470996857,80.2399902344,53582,53592,10
12.9467401505,80.2398529053,53592,53602,10
12.9460897446,80.2395629883,53602,53612,10
12.9452896118,80.2391433716,53612,53622,10
12.9444599152,80.2383422852,53622,53632,10
12.9436798096,80.237487793,53632,53643,11
12.9432601929,80.2370605469,53643,53653,10
12.9432401657,80.2370223999,53653,53663,10
12.9428796768,80.2367172241,53663,53673,10
12.9420995712,80.2363815308,53673,53683,10
12.9410495758,80.2361221313,53683,53692,9
12.9396896362,80.2357635498,53692,53712,20
12.9396896362,80.2357635498,53712,53723,11
12.9394302368,80.2356185913,53723,53733,10
12.9388198853,80.2353210449,53733,53744,11
12.9378900528,80.2348403931,53744,53754,10
12.9368600845,80.2343597412,53754,53764,10
12.9359302521,80.2339019775,53764,53774,10
12.9350099564,80.2334671021,53774,53784,10
12.9340496063,80.2330474854,53784,53794,10
12.9338102341,80.2329330444,53794,53804,10
12.9336795807,80.2328796387,53804,53814,10
12.9332103729,80.2326507568,53814,53824,10
12.9324302673,80.2323379517,53824,53834,10
12.9314002991,80.2320022583,53834,53844,10
12.9301795959,80.2316436768,53844,53855,11
12.9289197922,80.2313613892,53855,53865,10
12.9277496338,80.2311630249,53865,53875,10
12.9265804291,80.231048584,53875,53885,10
12.9260997772,80.2310028076,53885,53895,10
12.9260902405,80.2310028076,53895,53905,10
12.9257001877,80.23097229,53905,53915,10
12.9250001907,80.2308883667,53915,53925,10
12.9240999222,80.2307891846,53925,53935,10
12.9230203629,80.2306518555,53935,53945,10
12.921959877,80.2304763794,53945,53955,10
12.9209699631,80.2303314209,53955,53965,10
12.9201097488,80.2302322388,53965,53976,11
12.9191799164,80.2301177979,53976,53986,10
12.9190597534,80.2301101685,53986,53996,10
12.9189796448,80.2300872803,53996,54006,10
12.9185495377,80.2300415039,54006,54016,10
12.9177703857,80.2299423218,54016,54026,10
12.9167203903,80.2297821045,54026,54036,10
12.9155597687,80.2296218872,54036,54052,16
12.9137496948,80.2293777466,54052,54064,12
12.9132995605,80.2293395996,54064,54072,8
12.9131698608,80.2293395996,54072,54084,12
12.9124698639,80.2292175293,54084,54095,11
12.9114704132,80.2290725708,54095,54107,12
12.910030365,80.2288513184,54107,54117,10
12.9086999893,80.2286224365,54117,54128,11
12.9075403214,80.2284393311,54128,54138,10
12.9070796967,80.2283401489,54138,54147,9
12.9063301086,80.2282867432,54147,54158,11
12.9059000015,80.2283096313,54158,54168,10
12.9057798386,80.2283172607,54168,54178,10
12.9052200317,80.2282409668,54178,54188,10
12.9043197632,80.2282028198,54188,54199,11
12.9030199051,80.2281417847,54199,54209,10
12.9020595551,80.2280883789,54209,54219,10
12.9014797211,80.2280578613,54219,54229,10
12.9009799957,80.2280197144,54229,54239,10
12.9003696442,80.2279586792,54239,54249,10
12.8999700546,80.2279510498,54249,54259,10
12.8997297287,80.2279281616,54259,54269,10
12.8989295959,80.2279205322,54269,54299,30
12.8989295959,80.2279205322,54299,54310,11
12.8987703323,80.2279205322,54310,54320,10
12.8982696533,80.2278594971,54320,54330,10
12.8974599838,80.2277908325,54330,54340,10
12.8964004517,80.2277526855,54340,54350,10
12.8951997757,80.2276992798,54350,54360,10
12.893989563,80.2276382446,54360,54370,10
12.8932199478,80.2275695801,54370,54380,10
12.8930501938,80.2275390625,54380,54390,10
12.892490387,80.2274475098,54390,54400,10
12.8916397095,80.2274093628,54400,54410,10
12.8905496597,80.2273864746,54410,54421,11
12.8892602921,80.2274017334,54421,54431,10
12.8885602951,80.2273864746,54431,54441,10
12.8885097504,80.2273864746,54441,54451,10
12.8881196976,80.2273712158,54451,54461,10
12.8873701096,80.2272872925,54461,54471,10
12.8863697052,80.2270812988,54471,54481,10
12.8852796555,80.2268218994,54481,54491,10
12.8847999573,80.2267837524,54491,54501,10
12.8846998215,80.2267684937,54501,54511,10
12.884180069,80.2267608643,54511,54521,10
12.8833198547,80.2267608643,54521,54531,10
12.8821697235,80.2267684937,54531,54542,11
12.8807296753,80.2267837524,54542,54552,10
12.8793697357,80.2267913818,54552,54562,10
12.8780002594,80.2268600464,54562,54572,10
12.8768196106,80.2269592285,54572,54582,10
12.8763904572,80.2268600464,54582,54592,10
12.8763799667,80.2265319824,54592,54602,10
12.8763904572,80.2265319824,54602,54612,10
12.8763999939,80.2264175415,54612,54622,10
12.8764600754,80.2259368896,54622,54632,10
12.8765602112,80.2250976563,54632,54642,10
12.8767204285,80.2239837646,54642,54653,11
12.8770399094,80.2225265503,54653,54663,10
12.8773698807,80.2211380005,54663,54673,10
12.8776903152,80.2197799683,54673,54683,10
12.8778095245,80.2192306519,54683,54693,10
12.8779697418,80.2185134888,54693,54703,10
12.8781604767,80.2175292969,54703,54713,10
12.8784303665,80.216293335,54713,54723,10
12.8787202835,80.2149581909,54723,54733,10
12.8789796829,80.2135772705,54733,54743,10
12.8792600632,80.2121734619,54743,54753,10
12.8791799545,80.2109527588,54753,54774,21
12.8791799545,80.2109527588,54774,54784,10
12.8790197372,80.2109222412,54784,54794,10
12.8785800934,80.2108383179,54794,54804,10
12.8778295517,80.2107086182,54804,54814,10
12.8770704269,80.2105712891,54814,54824,10
12.8763399124,80.2104110718,54824,54834,10
12.8754396439,80.2102508545,54834,54844,10
12.8745603561,80.2101135254,54844,54864,20
12.8745603561,80.2101135254,54864,54874,10
12.8743801117,80.2100524902,54874,54885,11
12.8744602203,80.2095718384,54885,54895,10
12.8746404648,80.209777832,54895,56943,2048
12.8746404648,80.209777832,56943,56953,10
12.8746995926,80.2099761963,56953,56963,10
12.8747901917,80.2101593018,56963,56973,10
12.8750295639,80.2101974487,56973,56983,10
12.8753700256,80.2102737427,56983,56993,10
12.8758897781,80.2103500366,56993,57003,10
12.8764400482,80.2104568481,57003,57013,10
12.8770503998,80.2105789185,57013,57023,10
12.8776798248,80.2107086182,57023,57033,10
12.8783502579,80.2108306885,57033,57043,10
12.879240036,80.2109985352,57043,57064,21
12.879240036,80.2109985352,57064,57074,10
12.8793401718,80.2110366821,57074,57084,10
12.8794803619,80.2113189697,57084,57094,10
12.8793697357,80.2118606567,57094,57104,10
12.8792104721,80.2126464844,57104,57114,10
12.8790397644,80.2135467529,57114,57124,10
12.8788604736,80.2145309448,57124,57134,10
12.8786802292,80.215461731,57134,57144,10
12.8784799576,80.2163619995,57144,57154,10
12.8782997131,80.2173080444,57154,57165,11
12.8780698776,80.2183990479,57165,57175,10
12.8778400421,80.2194137573,57175,57185,10
12.8775997162,80.2204589844,57185,57195,10
12.8773603439,80.2215118408,57195,57205,10
12.877120018,80.2225570679,57205,57215,10
12.8768796921,80.2236175537,57215,57225,10
12.8766899109,80.2247009277,57225,57235,10
12.8765802383,80.2257614136,57235,57245,10
12.876449585,80.2265472412,57245,57255,10
12.876540184,80.2269592285,57255,57265,10
12.8767299652,80.2268981934,57265,57276,11
12.8769702911,80.226890564,57276,57286,10
12.8775596619,80.2268371582,57286,57296,10
12.8783798218,80.2267837524,57296,57306,10
12.8793697357,80.2267227173,57306,57316,10
12.8804197311,80.2266998291,57316,57326,10
12.8815002441,80.2266921997,57326,57336,10
12.8825798035,80.2266616821,57336,57346,10
12.883649826,80.2266464233,57346,57356,10
12.8846797943,80.2266464233,57356,57366,10
12.8855495453,80.2267227173,57366,57376,10
12.8865003586,80.2269821167,57376,57386,10
12.8874397278,80.227180481,57386,57397,11
12.8884000778,80.2272567749,57397,57407,10
12.8886804581,80.2272567749,57407,57417,10
12.8888196945,80.2272567749,57417,57427,10
12.8894100189,80.2272567749,57427,57437,10
12.8902902603,80.2272567749,57437,57447,10
12.891289711,80.2272720337,57447,57457,10
12.8921499252,80.2272796631,57457,57467,10
12.8924999237,80.2273025513,57467,57477,10
12.892829895,80.2273330688,57477,57487,10
12.8935499191,80.2274169922,57487,57497,10
12.8943595886,80.2275238037,57497,57508,11
12.8954200745,80.2275772095,57508,57518,10
12.8965196609,80.2276306152,57518,57528,10
12.8977003098,80.2276992798,57528,57538,10
12.8988599777,80.2277603149,57538,57548,10
12.8999204636,80.2277908325,57548,57558,10
12.9005403519,80.2278213501,57558,57598,40
12.9005403519,80.2278213501,57598,57608,10
12.9008197784,80.2279205322,57608,57619,11
12.9012203217,80.2279129028,57619,57629,10
12.9015798569,80.2279205322,57629,57639,10
12.9022102356,80.2279281616,57639,57649,10
12.9027299881,80.2279586792,57649,57659,10
12.9027700424,80.2279586792,57659,57669,10
12.9029302597,80.2279815674,57669,57679,10
12.9034795761,80.228012085,57679,57689,10
12.9041700363,80.2280578613,57689,57699,10
12.9050302505,80.2281188965,57699,57709,10
12.9058103561,80.2281417847,57709,57719,10
12.9061803818,80.2281799316,57719,57760,41
12.9061803818,80.2281799316,57760,57770,10
12.9062795639,80.228187561,57770,57780,10
12.9066095352,80.2282104492,57780,57790,10
12.9070396423,80.2282409668,57790,57800,10
12.9071502686,80.2282485962,57800,57810,10
12.9075202942,80.2282791138,57810,57820,10
12.9081802368,80.2284011841,57820,57830,10
12.9089202881,80.2285308838,57830,57841,11
12.910030365,80.2287368774,57841,57851,10
12.9110298157,80.2288970947,57851,57861,10
12.9120502472,80.229057312,57861,57871,10
12.913020134,80.2291870117,57871,57881,10
12.9140100479,80.2293167114,57881,57901,20
12.9140100479,80.2293167114,57901,57911,10
12.9143600464,80.2293624878,57911,57921,10
12.915019989,80.2294387817,57921,57931,10
12.9158496857,80.2295684814,57931,57941,10
12.9167804718,80.2296905518,57941,57951,10
12.9176597595,80.2298202515,57951,57962,11
12.9184103012,80.2299423218,57962,57972,10
12.9190196991,80.2300033569,57972,57982,10
12.919090271,80.2300033569,57982,57992,10
12.9191598892,80.2300186157,57992,58002,10
12.9196100235,80.2300720215,58002,58012,10
12.9203701019,80.2301635742,58012,58022,10
12.9213399887,80.2302932739,58022,58032,10
12.9224395752,80.2304534912,58032,58042,10
12.9235801697,80.2306289673,58042,58052,10
12.9246997833,80.2307815552,58052,58062,10
12.9263000488,80.2309417725,58062,58083,21
12.9263000488,80.2309417725,58083,58093,10
12.9266195297,80.2309799194,58093,58103,10
12.9273099899,80.2310791016,58103,58113,10
12.9282197952,80.2312011719,58113,58123,10
12.9291095734,80.2313537598,58123,58133,10
12.9300603867,80.231552124,58133,58143,10
12.9310998917,80.2318496704,58143,58153,10
12.9321699142,80.232208252,58153,58163,10
12.9330596924,80.2325134277,58163,58173,10
12.9336395264,80.2327575684,58173,58184,11
12.9336900711,80.2327804565,58184,58194,10
12.934009552,80.2329330444,58194,58204,10
12.934679985,80.2332382202,58204,58214,10
12.935500145,80.2336273193,58214,58224,10
12.936340332,80.234046936,58224,58234,10
12.9372301102,80.2344894409,58234,58244,10
12.9382400513,80.2349777222,58244,58254,10
12.939160347,80.2354278564,58254,58264,10
12.9398097992,80.2357406616,58264,58274,10
12.9398899078,80.2357406616,58274,58284,10
12.940290451,80.2359008789,58284,58295,11
12.9411296844,80.2361297607,58295,58305,10
12.9421100616,80.236366272,58305,58315,10
12.9431200027,80.236831665,58315,58325,10
12.9436302185,80.2372894287,58325,58335,10
12.9436397552,80.2373199463,58335,58345,10
12.9439001083,80.2376098633,58345,58355,10
12.9444198608,80.2381896973,58355,58365,10
12.9450597763,80.2388916016,58365,58375,10
12.9458799362,80.2394790649,58375,58385,10
12.9468603134,80.2398681641,58385,58395,10
12.9473800659,80.2400817871,58395,58405,10
12.9473896027,80.2400817871,58405,58416,11
12.9476604462,80.240196228,58416,58432,16
12.9484500885,80.2405395508,58432,58444,12
12.9486503601,80.2406082153,58444,58454,10
12.9490499496,80.2407608032,58454,58464,10
12.9495697021,80.2409362793,58464,58474,10
12.9503602982,80.2411880493,58474,58484,10
12.9509296417,80.2413635254,58484,58494,10
12.9510402679,80.2413864136,58494,58504,10
12.9513397217,80.2415237427,58504,58514,10
12.951880455,80.2417221069,58514,58525,11
12.9526796341,80.2420196533,58525,58535,10
12.9534597397,80.2423324585,58535,58546,11
12.9540195465,80.2425613403,58546,58556,10
12.9546804428,80.2428207397,58556,58566,10
12.9553403854,80.2430877686,58566,58576,10
12.9560098648,80.2432937622,58576,58616,40
12.9560098648,80.2432937622,58616,58626,10
12.9563398361,80.2434463501,58626,58657,31
12.9563398361,80.2434463501,58657,58667,10
12.9564695358,80.2434082031,58667,58677,10
12.9570102692,80.2436599731,58677,58687,10
12.9577999115,80.2440032959,58687,58697,10
12.9585800171,80.2443466187,58697,58707,10
12.9589796066,80.2445220947,58707,58717,10
12.958990097,80.2445297241,58717,58727,10
12.959230423,80.2446517944,58727,58737,10
12.9598197937,80.2449417114,58737,58747,10
12.9606304169,80.2453231812,58747,58758,11
12.9617900848,80.245880127,58758,58768,10
12.9628601074,80.2464065552,58768,58778,10
12.9637498856,80.2468338013,58778,58788,10
12.9646997452,80.2471923828,58788,58798,10
12.9656095505,80.2474899292,58798,58808,10
12.9663896561,80.2478027344,58808,58818,10
12.9668598175,80.248008728,58818,58828,10
12.9668798447,80.2480316162,58828,58838,10
12.966919899,80.2480697632,58838,58848,10
12.9673099518,80.2482681274,58848,58858,10
12.9680595398,80.2485961914,58858,58869,11
12.9690504074,80.2490081787,58869,58879,10
12.9700403214,80.249382019,58879,58889,10
12.971039772,80.2497634888,58889,58899,10
12.972120285,80.2500076294,58899,58909,10
12.9730501175,80.25025177,58909,58919,10
12.973859787,80.2504730225,58919,58929,10
12.9743795395,80.2505722046,58929,58939,10
12.9744195938,80.250579834,58939,58949,10
12.974820137,80.2507324219,58949,58959,10
12.9755601883,80.2509613037,58959,58969,10
12.9764795303,80.2512435913,58969,58980,11
12.9774599075,80.2516174316,58980,58990,10
12.9782600403,80.2522735596,58990,59000,10
12.9792299271,80.2526397705,59000,59010,10
12.9799699783,80.2522964478,59010,59040,30
12.9799699783,80.2522964478,59040,59050,10
12.9799804688,80.2520675659,59050,59060,10
12.9801197052,80.2516937256,59060,59070,10
12.980340004,80.2509536743,59070,59080,10
12.9805803299,80.2500610352,59080,59090,10
12.9807195663,80.2490997314,59090,59101,11
12.9808101654,80.2479171753,59101,59117,16
12.9809904099,80.2459793091,59117,59129,12
12.9811296463,80.2445297241,59129,59139,10
12.9811601639,80.2440567017,59139,59149,10
12.9811601639,80.2439498901,59149,59159,10
12.981180191,80.2438278198,59159,59169,10
12.9812803268,80.2436599731,59169,59179,10
12.9813404083,80.2433395386,59179,59189,10
12.9813604355,80.2427902222,59189,59210,21
12.9813604355,80.2427902222,59210,59220,10
12.9813699722,80.2426300049,59220,59230,10
12.9813699722,80.2421417236,59230,59240,10
12.9813604355,80.2414169312,59240,59250,10
12.9813499451,80.2406387329,59250,59260,10
12.9813299179,80.2400131226,59260,59270,10
12.9813203812,80.2398300171,59270,59280,10
12.9813098907,80.2395401001,59280,59290,10
12.9812898636,80.2389984131,59290,59300,10
12.9812602997,80.2379684448,59300,59321,21
12.9812602997,80.2379684448,59321,59331,10
12.9812498093,80.2378997803,59331,59341,10
12.9812498093,80.2375183105,59341,59351,10
12.9812402725,80.2368164063,59351,59361,10
12.9812097549,80.2360076904,59361,59371,10
12.981180191,80.2351837158,59371,59381,10
12.9811897278,80.2343902588,59381,59391,10
12.9816303253,80.2333374023,59391,59411,20
12.9816303253,80.2333374023,59411,59421,10
12.9818096161,80.2330169678,59421,59432,11
12.982000351,80.2324295044,59432,59442,10
12.9819898605,80.2319869995,59442,59452,10
12.9819602966,80.231552124,59452,59462,10
12.981880188,80.2311935425,59462,59472,10
12.9816102982,80.2306213379,59472,59482,10
12.9811897278,80.2299423218,59482,59492,10
12.9808502197,80.2294006348,59492,59502,10
12.9806604385,80.2291030884,59502,59512,10
12.9806003571,80.2290115356,59512,59522,10
12.980509758,80.2289199829,59522,59532,10
12.9802904129,80.2284927368,59532,59542,10
12.9800195694,80.2279510498,59542,59553,11
12.9796304703,80.2273025513,59553,59563,10
12.9793596268,80.2268295288,59563,59573,10
12.9790096283,80.2262802124,59573,59583,10
12.9786701202,80.2257003784,59583,59593,10
12.978219986,80.2249526978,59593,59603,10
12.9777803421,80.2243728638,59603,59613,10
12.9777297974,80.224281311,59613,59623,10
12.9776201248,80.2240600586,59623,59633,10
12.9772996902,80.2235183716,59633,59643,10
12.9769496918,80.2229232788,59643,59653,10
12.9771404266,80.2227172852,59653,59664,11
12.9772100449,80.2227172852,59664,59674,10
12.9773702621,80.2227325439,59674,59684,10
12.977519989,80.2225418091,59684,59694,10
12.977519989,80.2221298218,59694,59704,10
12.9774799347,80.2215270996,59704,59714,10
12.9776096344,80.2212524414,59714,59724,10
12.9781198502,80.2212295532,59724,59734,10
12.9788303375,80.2211990356,59734,59744,10
12.979590416,80.2211532593,59744,59754,10
12.980389595,80.2210769653,59754,59764,10
12.9812803268,80.2211837769,59764,59785,21
12.9812803268,80.2211837769,59785,59795,10
12.9814100266,80.2212905884,59795,59805,10
12.981710434,80.2214736938,59805,59815,10
12.9819898605,80.2216567993,59815,59825,10
12.982460022,80.2218399048,59825,59835,10
12.9828395844,80.2219619751,59835,59845,10
12.9828500748,80.2219619751,59845,59855,10
12.9829502106,80.2220077515,59855,59865,10
12.983300209,80.2222137451,59865,59875,10
12.9836797714,80.2224807739,59875,59886,11
12.9842195511,80.2228012085,59886,59896,10
12.9848604202,80.2231826782,59896,59906,10
12.9854001999,80.2233581543,59906,59916,10
12.9855899811,80.2231826782,59916,59926,10
12.9860601425,80.2230224609,59926,59936,10
12.9863796234,80.2230072021,59936,59946,10
12.9864997864,80.2229995728,59946,59956,10
12.9869098663,80.2230377197,59956,59958,2
12.9869098663,80.2230377197,59958,60005,47
12.9894599915,80.2214508057,60005,60015,10
12.9899902344,80.2208099365,60015,60025,10
12.9904603958,80.2204437256,60025,60045,20
12.990530014,80.2203826904,60045,60055,10
12.9907903671,80.220199585,60055,60065,10
12.9912595749,80.2198028564,60065,60075,10
12.9916601181,80.2194900513,60075,60085,10
12.9920597076,80.2192001343,60085,60097,12
12.9927196503,80.2187194824,60097,60107,10
12.9934101105,80.2182235718,60107,60118,11
12.9941902161,80.217666626,60118,60128,10
12.9947299957,80.2172698975,60128,60137,9
12.9948797226,80.2171401978,60137,60148,11
12.9953603745,80.2168579102,60148,60158,10
12.9960298538,80.2166366577,60158,60168,10
12.9968004227,80.216506958,60168,60178,10
12.9973201752,80.2163009644,60178,60188,10
12.9975004196,80.2161636353,60188,60198,10
12.9975595474,80.2161331177,60198,60208,10
12.9978904724,80.2158432007,60208,60218,10
12.9984197617,80.2153701782,60218,60229,11
12.9989995956,80.2148666382,60229,60239,10
12.9992303848,80.2146835327,60239,60249,10
12.9996500015,80.2143096924,60249,60259,10
13.0000295639,80.2139663696,60259,60269,10
13.0005397797,80.2135162354,60269,60279,10
13.0010995865,80.2130584717,60279,60289,10
13.0016899109,80.2126464844,60289,60299,10
13.0020999908,80.2123718262,60299,60309,10
13.0024795532,80.2121887207,60309,60319,10
13.0030002594,80.2121200562,60319,60329,10
13.0035800934,80.2120666504,60329,60340,11
13.0036697388,80.2119522095,60340,60350,10
13.0037002563,80.211479187,60350,60360,10
13.0036401749,80.2106781006,60360,60370,10
13.0035600662,80.2098999023,60370,60380,10
13.0036296844,80.2090530396,60380,60390,10
13.004070282,80.2086486816,60390,60400,10
13.0047998428,80.2089996338,60400,60410,10
13.0055999756,80.2093429565,60410,60420,10
13.0061502457,80.2095413208,60420,60430,10
13.0065898895,80.2097091675,60430,60440,10
13.0073795319,80.2098693848,60440,60461,21
13.0073795319,80.2098693848,60461,60471,10
13.0076398849,80.2099685669,60471,60481,10
13.0081501007,80.2100524902,60481,60491,10
13.0081195831,80.2094497681,60491,60501,10
13.0080099106,80.2085876465,60501,60511,10
13.0078601837,80.2076797485,60511,60521,10
13.0077104568,80.2068710327,60521,60531,10
13.007610321,80.2061462402,60531,60541,10
13.0075502396,80.2053604126,60541,60551,10
13.0075397491,80.2045898438,60551,60561,10
13.0074796677,80.2038803101,60561,60572,11
13.0073299408,80.2029800415,60572,60582,10
13.0067396164,80.2025680542,60582,60592,10
13.0066204071,80.2032165527,60592,60602,10
13.0072002411,80.20362854,60602,60612,10
13.0081195831,80.2037887573,60612,60621,9
13.0092601776,80.2037200928,60621,60631,10
13.0106801987,80.2036972046,60631,60641,10
13.0120601654,80.2038574219,60641,60652,11
13.0136203766,80.2042694092,60652,60672,20
13.0136203766,80.2042694092,60672,60683,11
13.0136604309,80.2043228149,60683,60693,10
13.0136995316,80.2044830322,60693,60703,10
13.0136499405,80.2046127319,60703,60713,10
13.0135402679,80.2048187256,60713,60723,10
13.0133399963,80.2054290771,60723,60733,10
13.013130188,80.2060928345,60733,60743,10
13.0130195618,80.2067108154,60743,60753,10
13.0129699707,80.2073898315,60753,60763,10
13.0128898621,80.2078170776,60763,60773,10
13.012840271,80.2083206177,60773,60783,10
13.0128498077,80.2086334229,60783,60794,11
13.0129499435,80.209197998,60794,60804,10
13.0131597519,80.2097091675,60804,60814,10
13.0131998062,80.2099533081,60814,60824,10
13.0131797791,80.2102584839,60824,60834,10
13.013010025,80.2109909058,60834,60844,10
13.012550354,80.2118301392,60844,60854,10
13.0120601654,80.2125778198,60854,60864,10
13.0118503571,80.2128067017,60864,60874,10
13.0115499496,80.2126617432,60874,60884,10
13.0109996796,80.2122421265,60884,60894,10
13.0105400085,80.2118606567,60894,60905,11
13.0100803375,80.21144104,60905,60915,10
13.0096597672,80.2112121582,60915,60955,40
13.0094604492,80.2111206055,60955,61629,674
13.0094604492,80.2111206055,61629,61639,10
13.0092201233,80.21118927,61639,61649,10
13.0090398788,80.2114486694,61649,61659,10
13.0090799332,80.2119369507,61659,61669,10
13.0092697144,80.2125320435,61669,61679,10
13.0095396042,80.2132492065,61679,61689,10
13.0098695755,80.2140426636,61689,61700,11
13.010140419,80.2149429321,61700,61710,10
13.0102596283,80.2157287598,61710,61720,10
13.0106201172,80.216583252,61720,61730,10
13.0110797882,80.2175827026,61730,61740,10
13.0114603043,80.2186203003,61740,61750,10
13.011759758,80.2194900513,61750,61760,10
13.0122003555,80.2207794189,61760,61770,10
13.0124397278,80.2215881348,61770,61780,10
13.0128002167,80.2220993042,61780,61790,10
13.0135097504,80.2229537964,61790,61800,10
13.0142002106,80.2237625122,61800,61811,11
13.0148897171,80.2245864868,61811,61821,10
13.0152397156,80.224937439,61821,61831,10
13.0154600143,80.225440979,61831,61841,10
13.0152797699,80.2258377075,61841,61851,10
13.0146903992,80.2260818481,61851,61861,10
13.0139198303,80.2263565063,61861,61871,10
13.0131101608,80.2266769409,61871,61881,10
13.012260437,80.2270126343,61881,61891,10
13.0113601685,80.2273864746,61891,61901,10
13.0103197098,80.2277832031,61901,61911,10
13.0095796585,80.2278823853,61911,61921,10
13.0095796585,80.2274017334,61921,61932,11
13.009929657,80.2266464233,61932,61942,10
13.0102701187,80.2257766724,61942,61952,10
13.0105800629,80.2250671387,61952,61961,9
13.0105895996,80.2250366211,61961,61971,10
13.0107603073,80.2247314453,61971,61982,11
13.0110301971,80.2240371704,61982,61992,10
13.0112800598,80.2233886719,61992,62002,10
13.0110197067,80.2230682373,62002,62012,10
13.0102996826,80.2227325439,62012,62043,31
13.0102996826,80.2227325439,62043,62053,10
13.0100603104,80.2226028442,62053,62063,10
13.0096597672,80.2223815918,62063,62073,10
13.0091199875,80.2220687866,62073,62083,10
13.0085401535,80.2217712402,62083,62093,10
13.0081501007,80.2216110229,62093,62103,10
13.0077199936,80.2213592529,62103,62113,10
13.0071296692,80.2210235596,62113,62123,10
13.0064401627,80.2206802368,62123,62133,10
13.0056295395,80.2204818726,62133,62143,10
13.0047197342,80.2202911377,62143,62154,11
13.0042695999,80.2201919556,62154,62164,10
13.003660202,80.2200469971,62164,62174,10
13.0028800964,80.2197875977,62174,62184,10
13.0021800995,80.2192382813,62184,62194,10
13.0015602112,80.2185974121,62194,62204,10
13.0008897781,80.2181167603,62204,62214,10
13.0001401901,80.2176513672,62214,62224,10
12.9993200302,80.2171783447,62224,62234,10
12.9984502792,80.2167434692,62234,62244,10
12.9975996017,80.2165527344,62244,62254,10
12.997420311,80.2165222168,62254,62265,11
12.9973897934,80.2165222168,62265,62275,10
12.9970197678,80.2165222168,62275,62285,10
12.9964504242,80.2165603638,62285,62295,10
12.9957895279,80.2167129517,62295,62305,10
12.995349884,80.2168807983,62305,62315,10
12.9952402115,80.2169418335,62315,62325,10
12.995059967,80.217048645,62325,62335,10
12.9947500229,80.2172622681,62335,62345,10
12.9942903519,80.217590332,62345,62361,16
12.9937400818,80.2179870605,62361,62373,12
12.9930295944,80.21849823,62373,62384,11
12.9922800064,80.2190475464,62384,62394,10
12.9915599823,80.219581604,62394,62404,10
12.9906396866,80.2202377319,62404,62424,20
12.9906396866,80.2202377319,62424,62434,10
12.9904203415,80.2203979492,62434,62444,10
12.9899501801,80.2208023071,62444,62453,9
12.9895296097,80.2212982178,62453,62464,11
12.9889602661,80.222038269,62464,62474,10
12.9885101318,80.2225189209,62474,62484,10
12.9877099991,80.2231216431,62484,62505,21
12.9877099991,80.2231216431,62505,62515,10
12.9876499176,80.2231063843,62515,62525,10
12.9872999191,80.2230987549,62525,62535,10
12.9870595932,80.2230606079,62535,62545,10
12.9867296219,80.2229614258,62545,62555,10
12.9864196777,80.2229385376,62555,62565,10
12.9858598709,80.2229995728,62565,62575,10
12.9854202271,80.2232971191,62575,62585,10
12.9849796295,80.2231826782,62585,62595,10
12.9845304489,80.2229537964,62595,62606,11
12.9840402603,80.2226409912,62606,62616,10
12.9836597443,80.2224197388,62616,62626,10
12.9834003448,80.2222213745,62626,62636,10
12.9830799103,80.2220230103,62636,62646,10
12.9830198288,80.2219772339,62646,62656,10
12.98279953,80.2218475342,62656,62666,10
12.9823598862,80.2217407227,62666,62676,10
12.9818601608,80.2214584351,62676,62686,10
12.9812297821,80.2211074829,62686,62696,10
12.9807596207,80.2210006714,62696,62706,10
12.9799499512,80.2210998535,62706,62717,11
12.9790296555,80.2211380005,62717,62727,10
12.9781999588,80.2211914063,62727,62737,10
12.9775104523,80.2212219238,62737,62747,10
12.9767398834,80.2212295532,62747,62757,10
12.9761896133,80.2216033936,62757,62787,30
12.9761896133,80.2216033936,62787,62797,10
12.976360321,80.2218704224,62797,62813,16
12.9767999649,80.2226104736,62813,62825,12
12.9772701263,80.2233505249,62825,62836,11
12.977809906,80.2241897583,62836,62846,10
12.9782304764,80.224861145,62846,62856,10
12.9786195755,80.2254867554,62856,62866,10
12.9790401459,80.2261810303,62866,62876,10
12.9794502258,80.2268371582,62876,62886,10
12.9797096252,80.2273025513,62886,62896,10
12.9798603058,80.2275695801,62896,62906,10
12.9800596237,80.2278823853,62906,62916,10
12.9804096222,80.2284622192,62916,62926,10
12.9811296463,80.2297210693,62926,62936,10
12.9811296463,80.2297210693,62936,62947,11
12.9816303253,80.2304382324,62947,62957,10
12.9816703796,80.2304992676,62957,62967,10
12.9817399979,80.2306289673,62967,62977,10
12.9819297791,80.2311401367,62977,62987,10
12.9820604324,80.2319488525,62987,62997,10
12.9820604324,80.2323608398,62997,63009,12
12.9818601608,80.2330627441,63009,63018,9
12.9816398621,80.2335128784,63018,63027,9
12.9816198349,80.2335586548,63027,63039,12
12.9815301895,80.2337265015,63039,63049,10
12.9812602997,80.2342987061,63049,63060,11
12.9812097549,80.2352218628,63060,63070,10
12.9812297821,80.2359619141,63070,63080,10
12.9812698364,80.2368927002,63080,63090,10
12.9812898636,80.237739563,63090,63100,10
12.9813299179,80.2387466431,63100,63120,20
12.9813299179,80.2387466431,63120,63130,10
12.9813404083,80.2390213013,63130,63140,10
12.9813404083,80.2395401001,63140,63150,10
12.9813499451,80.2397232056,63150,63160,10
12.9813604355,80.2401733398,63160,63171,11
12.9813804626,80.2409210205,63171,63181,10
12.9813804626,80.2416763306,63181,63191,10
12.9813899994,80.2422485352,63191,63201,10
12.9813995361,80.2425308228,63201,63211,10
12.9813995361,80.2425689697,63211,63221,10
12.9814195633,80.2426223755,63221,63231,10
12.9813995361,80.2429199219,63231,63241,10
12.9813995361,80.2434387207,63241,63251,10
12.9812898636,80.2442321777,63251,63261,10
12.9811601639,80.2452087402,63261,63271,10
12.9810304642,80.246383667,63271,63282,11
12.9808998108,80.2477874756,63282,63292,10
12.980799675,80.2490386963,63292,63302,10
12.980629921,80.2501831055,63302,63312,10
12.9804496765,80.2508392334,63312,63322,10
12.9802598953,80.2515029907,63322,63332,10
12.9801101685,80.2520065308,63332,63342,10
12.9800195694,80.252243042,63342,63352,10
12.9799003601,80.2526168823,63352,63362,10
12.9798297882,80.2527694702,63362,63372,10
12.9794397354,80.2527618408,63372,63382,10
12.9787597656,80.2526626587,63382,63403,21
12.9787597656,80.2526626587,63403,63413,10
12.9784698486,80.252532959,63413,63423,10
12.977930069,80.2521133423,63423,63433,10
12.9772195816,80.2515335083,63433,63443,10
12.9763002396,80.2511901855,63443,63453,10
12.9753398895,80.2509078979,63453,63463,10
12.9743003845,80.2506027222,63463,63473,10
12.9732398987,80.250328064,63473,63483,10
12.9725399017,80.2501525879,63483,63493,10
12.9724798203,80.2501373291,63493,63503,10
12.9724197388,80.2501068115,63503,63514,11
12.9718799591,80.2499389648,63514,63524,10
12.9710597992,80.249710083,63524,63534,10
12.9701404572,80.2493972778,63534,63544,10
12.9692001343,80.2490234375,63544,63554,10
12.9682197571,80.2486495972,63554,63564,10
12.9675502777,80.2483978271,63564,63574,10
12.9670696259,80.2481689453,63574,63584,10
12.9665803909,80.2479095459,63584,63594,10
12.9660797119,80.2476882935,63594,63604,10
12.9653596878,80.2474365234,63604,63625,21
12.9653596878,80.2474365234,63625,63635,10
12.9652996063,80.2473907471,63635,63645,10
12.9649600983,80.2472763062,63645,63655,10
12.964389801,80.2470703125,63655,63665,10
12.9638795853,80.2468719482,63665,63675,10
12.9631795883,80.2465362549,63675,63685,10
12.9623203278,80.2461090088,63685,63695,10
12.9614801407,80.2456970215,63695,63705,10
12.9606599808,80.2453079224,63705,63715,10
12.9596004486,80.2448806763,63715,63746,31
12.9596004486,80.2448806763,63746,63756,10
12.9594402313,80.2447433472,63756,63766,10
12.9589099884,80.2444915771,63766,63776,10
12.9581403732,80.2441864014,63776,63786,10
12.9575595856,80.2439804077,63786,63796,10
12.956700325,80.2436904907,63796,63816,20
12.956700325,80.2436904907,63816,63826,10
12.9565696716,80.2436828613,63826,63887,61
12.9565696716,80.2436828613,63887,63897,10
12.9560499191,80.2434616089,63897,63907,10
12.9553804398,80.2431335449,63907,63917,10
12.9545698166,80.2427902222,63917,63927,10
12.9538297653,80.2424926758,63927,63937,10
12.9529895782,80.242149353,63937,63947,10
12.9521903992,80.241859436,63947,63957,10
12.9516000748,80.2416610718,63957,63968,11
12.9516000748,80.2416534424,63968,63978,10
12.9512796402,80.2415313721,63978,63988,10
12.9505901337,80.241317749,63988,63998,10
12.9500999451,80.2412033081,63998,64008,10
12.949839592,80.2411193848,64008,64018,10
12.9494495392,80.2409973145,64018,64028,10
12.9492998123,80.2409286499,64028,64038,10
12.9489603043,80.2407913208,64038,64048,10
12.9482898712,80.2404937744,64048,64058,10
12.9474496841,80.2401275635,64058,64068,10
12.9467000961,80.2398529053,64068,64079,11
12.9464998245,80.2397689819,64079,64089,10
12.9462995529,80.2397079468,64089,64099,10
12.9458198547,80.2394714355,64099,64109,10
12.9451303482,80.2390594482,64109,64119,10
12.944439888,80.2383422852,64119,64129,10
12.9436903,80.2375335693,64129,64139,10
12.9431295395,80.2369766235,64139,64159,20
12.9431295395,80.2369766235,64159,64169,10
12.9428901672,80.2367630005,64169,64179,10
12.9422903061,80.2364730835,64179,64190,11
12.9413900375,80.2362213135,64190,64200,10
12.9404602051,80.2359924316,64200,64210,10
12.9394702911,80.2356414795,64210,64230,20
12.9394702911,80.2356414795,64230,64240,10
12.9391803741,80.235496521,64240,64250,10
12.9385499954,80.2351989746,64250,64260,10
12.9377498627,80.2348175049,64260,64270,10
12.936829567,80.2343597412,64270,64280,10
12.9361000061,80.2339782715,64280,64290,10
12.9357500076,80.2338027954,64290,64301,11
12.9354400635,80.2336730957,64301,64311,10
12.934800148,80.2333908081,64311,64321,10
12.9338598251,80.2329788208,64321,64341,20
12.9338598251,80.2329788208,64341,64351,10
12.9337100983,80.2328872681,64351,64361,10
12.9331998825,80.2326583862,64361,64371,10
12.9324102402,80.2323684692,64371,64381,10
12.931429863,80.2320480347,64381,64391,10
12.9303102493,80.2316970825,64391,64401,10
12.9292802811,80.2314605713,64401,64412,11
12.9282903671,80.231262207,64412,64422,10
12.9273300171,80.2311401367,64422,64432,10
12.9259595871,80.231010437,64432,64452,20
12.9259595871,80.231010437,64452,64462,10
12.9256000519,80.2309494019,64462,64472,10
12.9249401093,80.2308731079,64472,64482,10
12.9240598679,80.2307662964,64482,64492,10
12.9230499268,80.2306213379,64492,64502,10
12.9218597412,80.2304229736,64502,64512,10
12.9206199646,80.2302398682,64512,64522,10
12.9195404053,80.2301330566,64522,64533,11
12.9190101624,80.2300796509,64533,64543,10
12.9189996719,80.2300796509,64543,64553,10
12.9186897278,80.2300415039,64553,64563,10
12.9180202484,80.229927063,64563,64573,10
12.9171304703,80.2297973633,64573,64583,10
12.9160804749,80.229637146,64583,64593,10
12.9149703979,80.2294769287,64593,64603,10
12.9134397507,80.2293014526,64603,64623,20
12.9134397507,80.2293014526,64623,64633,10
12.9133996964,80.2292861938,64633,64644,11
12.9128799438,80.2292098999,64644,64654,10
12.9120597839,80.2291030884,64654,64664,10
12.9110202789,80.2289581299,64664,64674,10
12.9098300934,80.228767395,64674,64684,10
12.908539772,80.2285690308,64684,64694,10
12.9074497223,80.2284088135,64694,64704,10
12.9070701599,80.2283782959,64704,64734,30
12.9070701599,80.2283782959,64734,64744,10
12.9069795609,80.2283706665,64744,64755,11
12.9061403275,80.2282867432,64755,64775,20
12.9061403275,80.2282867432,64775,64785,10
12.906080246,80.2282867432,64785,64795,10
12.9056396484,80.2282485962,64795,64805,10
12.9048700333,80.2282028198,64805,64815,10
12.9038801193,80.2281570435,64815,64825,10
12.9027299881,80.2281036377,64825,64835,10
12.90184021,80.2280578613,64835,64845,10
12.9014701843,80.2280502319,64845,64847,2
12.9014596939,80.2280502319,64847,64924,77
12.9014596939,80.2280502319,64924,64934,10
12.9011602402,80.2280426025,64934,64944,10
12.900560379,80.2279586792,64944,64954,10
12.8999099731,80.2279205322,64954,64964,10
12.8993597031,80.227897644,64964,65005,41
12.8993597031,80.227897644,65005,65015,10
12.8991603851,80.2278823853,65015,65025,10
12.8985795975,80.2278366089,65025,65035,10
12.8978004456,80.2277984619,65035,65045,10
12.8969697952,80.2277526855,65045,65054,9
12.895939827,80.2276992798,65054,65064,10
12.8948802948,80.2276535034,65064,65075,11
12.8937702179,80.2276077271,65075,65085,10
12.893119812,80.2275390625,65085,65096,11
12.8930902481,80.2275314331,65096,65106,10
12.8930397034,80.2275238037,65106,65116,10
12.8926496506,80.2274780273,65116,65126,10
12.8921403885,80.227432251,65126,65136,10
12.8914003372,80.2274093628,65136,65146,10
12.8905000687,80.2274017334,65146,65156,10
12.88945961,80.2273864746,65156,65166,10
12.8884801865,80.2273864746,65166,65196,30
12.8884801865,80.2273864746,65196,65207,11
12.8881196976,80.2273788452,65207,65217,10
12.8874702454,80.2273025513,65217,65227,10
12.8866300583,80.227142334,65227,65237,10
12.8856201172,80.2268829346,65237,65247,10
12.8848400116,80.2267608643,65247,65263,16
12.8847503662,80.2267608643,65263,65275,12
12.88463974,80.2267608643,65275,65283,8
12.8842601776,80.2267532349,65283,65295,12
12.8833398819,80.2267532349,65295,65305,10
12.8824796677,80.2267532349,65305,65315,10
12.8811998367,80.2267532349,65315,65326,11
12.8797903061,80.2267532349,65326,65336,10
12.8784799576,80.2267990112,65336,65346,10
12.877240181,80.2268981934,65346,65356,10
12.8764801025,80.2269592285,65356,65376,20
12.8764801025,80.2269592285,65376,65386,10
12.8764400482,80.2269210815,65386,65396,10
12.8764200211,80.2264099121,65396,65427,31
12.8764200211,80.2264099121,65427,65437,10
12.8764696121,80.2261428833,65437,65447,10
12.876540184,80.2255096436,65447,65457,10
12.8766202927,80.2246627808,65457,65467,10
12.8768196106,80.2236633301,65467,65477,10
12.8770999908,80.2224807739,65477,65487,10
12.8774003983,80.2212371826,65487,65497,10
12.8776903152,80.2200012207,65497,65507,10
12.8779802322,80.2187576294,65507,65517,10
12.8782300949,80.2175216675,65517,65527,10
12.8784704208,80.2162780762,65527,65538,11
12.8787698746,80.2148590088,65538,65548,10
12.8790197372,80.2135162354,65548,65558,10
12.8792600632,80.2122116089,65558,65568,10
12.8794498444,80.2112808228,65568,65578,10
12.879119873,80.2109603882,65578,65608,30
12.879119873,80.2109603882,65608,65618,10
12.8788900375,80.2109298706,65618,65628,10
12.8784103394,80.2108383179,65628,65638,10
12.8776302338,80.2107009888,65638,65649,11
12.8768701553,80.2105407715,65649,65659,10
12.8760204315,80.2103805542,65659,65669,10
12.87458992,80.2101287842,65669,65719,50
12.87458992,80.2101287842,65719,65729,10
12.8745498657,80.2101287842,65729,65739,10
12.8743495941,80.2099609375,65739,65749,10
12.8743696213,80.2097702026,65749,65759,10
12.8745603561,80.2095794678,65759,65770,11
12.8747701645,80.2097091675,65770,65780,10
12.8747596741,80.2097702026,65780,65790,10
12.8746995926,80.2099761963,65790,66557,767
12.8746995926,80.2099761963,66557,66567,10
12.8746900558,80.2101669312,66567,66577,10
12.874879837,80.2102203369,66577,66598,21
12.8757095337,80.2103805542,66598,66610,12
12.8760404587,80.2104263306,66610,66620,10
12.8764801025,80.2105178833,66620,66630,10
12.8770599365,80.2106399536,66630,66640,10
12.8775901794,80.2107467651,66640,66650,10
12.8781900406,80.2108612061,66650,66660,10
12.8787899017,80.2109680176,66660,66671,11
12.8792200089,80.2110595703,66671,66681,10
12.8792600632,80.2110595703,66681,66690,9
12.879360199,80.2110824585,66690,66701,11
12.8794803619,80.2114334106,66701,66711,10
12.8793497086,80.2120132446,66711,66721,10
12.8791904449,80.2128829956,66721,66730,9
12.8789997101,80.2138519287,66730,66741,11
12.8787899017,80.2149429321,66741,66751,10
12.8785896301,80.2158966064,66751,66761,10
12.8784103394,80.216758728,66761,66771,10
12.8782901764,80.2175064087,66771,66842,71
12.8782901764,80.2175064087,66842,66852,10
12.8782596588,80.217590332,66852,66862,10
12.8781499863,80.2181015015,66862,66872,10
12.8779697418,80.2189102173,66872,66882,10
12.8777599335,80.219833374,66882,66893,11
12.8774795532,80.2210235596,66893,66903,10
12.8772096634,80.2221832275,66903,66913,10
12.8769397736,80.2233505249,66913,66923,10
12.8767004013,80.2245864868,66923,66933,10
12.8765802383,80.2257614136,66933,66943,10
12.8764600754,80.2263717651,66943,66953,10
12.876449585,80.226852417,66953,66963,10
12.8765296936,80.2269668579,66963,66973,10
12.8767900467,80.2269134521,66973,66993,20
12.8767900467,80.2269134521,66993,67004,11
12.877120018,80.2268829346,67004,67014,10
12.8777799606,80.2268371582,67014,67024,10
12.8786697388,80.2267684937,67024,67034,10
12.8797197342,80.2267303467,67034,67044,10
12.8808002472,80.2267227173,67044,67054,10
12.8819198608,80.2267074585,67054,67070,16
12.8834400177,80.2267074585,67070,67082,12
12.8846302032,80.2266921997,67082,67090,8
12.885310173,80.2267227173,67090,67112,22
12.885310173,80.2267227173,67112,67123,11
12.8856897354,80.2268218994,67123,67133,10
12.8862600327,80.2269592285,67133,67143,10
12.8868999481,80.2271270752,67143,67153,10
12.8876104355,80.2272567749,67153,67163,10
12.8885202408,80.2273406982,67163,67173,10
12.8891296387,80.2273406982,67173,67183,10
12.8892402649,80.2273406982,67183,67193,10
12.8897695541,80.2273483276,67193,67203,10
12.8906297684,80.2273635864,67203,67213,10
12.8914804459,80.2273406982,67213,67224,11
12.8920497894,80.2273635864,67224,67234,10
12.8925600052,80.2274169922,67234,67244,10
12.8933095932,80.2275238037,67244,67254,10
12.8941402435,80.2276000977,67254,67264,10
12.8944597244,80.2275924683,67264,67274,10
12.894610405,80.2276077271,67274,67284,10
12.8951797485,80.2276382446,67284,67294,10
12.8960399628,80.2276763916,67294,67304,10
12.8971204758,80.227722168,67304,67314,10
12.8983402252,80.2277984619,67314,67324,10
12.8992996216,80.2278671265,67324,67334,10
12.9000701904,80.2279129028,67334,67375,41
12.9000701904,80.2279129028,67375,67385,10
12.9003000259,80.2279281616,67385,67395,10
12.9006595612,80.2279586792,67395,67405,10
12.9009799957,80.2279815674,67405,67415,10
12.9013004303,80.2279891968,67415,67425,10
12.901720047,80.228012085,67425,67435,10
12.9022197723,80.2280197144,67435,67445,10
12.9028100967,80.2280502319,67445,67456,11
12.9029302597,80.2280273438,67456,67466,10
12.9029798508,80.2280197144,67466,67476,10
12.9033603668,80.2280502319,67476,67486,10
12.903840065,80.2281112671,67486,67496,10
12.9042396545,80.2281417847,67496,67506,10
12.904800415,80.2281723022,67506,67516,10
12.9054203033,80.228187561,67516,67526,10
12.9055900574,80.2282028198,67526,67536,10
12.9057397842,80.2282104492,67536,67546,10
12.9059696198,80.2282180786,67546,67556,10
12.9061002731,80.2282333374,67556,67567,11
12.9064702988,80.2282485962,67567,67577,10
12.9065504074,80.2282562256,67577,67587,10
12.9071702957,80.2283172607,67587,67607,20
12.9071702957,80.2283172607,67607,67617,10
12.9074001312,80.2283630371,67617,67627,10
12.9079999924,80.2284622192,67627,67637,10
12.908780098,80.2285919189,67637,67647,10
12.9096298218,80.2287368774,67647,67657,10
12.9105396271,80.2288894653,67657,67667,10
12.9116201401,80.229057312,67667,67678,11
12.9127397537,80.2292098999,67678,67688,10
12.913649559,80.2293395996,67688,67698,10
12.914150238,80.2293930054,67698,67708,10
12.9141597748,80.2293930054,67708,67718,10
12.9141798019,80.2293930054,67718,67728,10
12.9145898819,80.2294387817,67728,67738,10
12.9152803421,80.2295379639,67738,67748,10
12.9161500931,80.2296829224,67748,67758,10
12.9171104431,80.2298126221,67758,67768,10
12.9180803299,80.2299423218,67768,67778,10
12.9188699722,80.2300415039,67778,67789,11
12.9193096161,80.2301101685,67789,67799,10
12.9193201065,80.2301101685,67799,67809,10
12.9194803238,80.2301177979,67809,67819,10
12.9199800491,80.2301864624,67819,67829,10
12.9206600189,80.2302780151,67829,67839,10
12.9214496613,80.2303924561,67839,67849,10
12.9223203659,80.2305297852,67849,67859,10
12.9232902527,80.230682373,67859,67869,10
12.9244098663,80.2308273315,67869,67879,10
12.9254903793,80.2309494019,67879,67889,10
12.9260797501,80.2309875488,67889,67900,11
12.9261302948,80.2310028076,67900,67910,10
12.926440239,80.231048584,67910,67920,10
12.9270601273,80.2311325073,67920,67930,10
12.92786026,80.2312164307,67930,67940,10
12.9286403656,80.231338501,67940,67950,10
12.9292602539,80.2314605713,67950,67960,10
12.9300203323,80.231628418,67960,67970,10
12.9309101105,80.231880188,67970,67980,10
12.9317502975,80.2321395874,67980,67990,10
12.9324703217,80.2323684692,67990,68000,10
12.9332895279,80.2326889038,68000,68011,11
12.9338998795,80.2329177856,68011,68021,10
12.9339199066,80.2329330444,68021,68031,10
12.9340400696,80.2329788208,68031,68041,10
12.9345397949,80.2332000732,68041,68051,10
12.9351797104,80.2334976196,68051,68061,10
12.9357700348,80.2337722778,68061,68077,16
12.9366397858,80.2341995239,68077,68089,12
12.9375295639,80.23462677,68089,68099,10
12.9381904602,80.2349624634,68099,68109,10
12.9391298294,80.2354278564,68109,68119,10
12.9396600723,80.2356796265,68119,68130,11
12.9397001266,80.235710144,68130,68140,10
12.9399404526,80.2358169556,68140,68150,10
12.9405202866,80.236000061,68150,68160,10
12.9412899017,80.2361907959,68160,68170,10
12.942150116,80.2363967896,68170,68180,10
12.9428901672,80.2367019653,68180,68189,9
12.9434995651,80.2371902466,68189,68200,11
12.9438400269,80.2375488281,68200,68210,10
12.9445800781,80.2383880615,68210,68220,10
12.9453601837,80.2391815186,68220,68230,10
12.9462900162,80.2396621704,68230,68241,11
12.9474496841,80.2401199341,68241,68281,40
12.9474496841,80.2401199341,68281,68303,22
12.9481801987,80.2404403687,68303,68315,12
12.9487495422,80.2406692505,68315,68323,8
12.9492998123,80.2408828735,68323,68335,12
12.9502296448,80.2411575317,68335,68344,9
12.9509401321,80.2413482666,68344,68355,11
12.9511804581,80.2414321899,68355,68366,11
12.951259613,80.2414703369,68366,68376,10
12.9516201019,80.241607666,68376,68385,9
12.9520902634,80.2417907715,68385,68395,10
12.9526996613,80.2420120239,68395,68406,11
12.9533195496,80.2422485352,68406,68416,10
12.953669548,80.2423782349,68416,68426,10
12.9540195465,80.2425231934,68426,68436,10
12.954580307,80.2427597046,68436,68446,10
12.9552097321,80.2429733276,68446,68456,10
12.9563503265,80.2433776855,68456,68477,21
12.9563503265,80.2433776855,68477,68487,10
12.9566497803,80.2434768677,68487,68497,10
12.9571895599,80.2437286377,68497,68507,10
12.9578800201,80.2440490723,68507,68517,10
12.9583902359,80.2442703247,68517,68527,10
12.9588098526,80.2444381714,68527,68547,20
12.9588098526,80.2444381714,68547,68557,10
12.9590196609,80.2445526123,68557,68567,10
12.95952034,80.2447814941,68567,68578,11
12.9602899551,80.2451171875,68578,68588,10
12.961139679,80.2455062866,68588,68598,10
12.9620895386,80.2459793091,68598,68608,10
12.9628696442,80.246383667,68608,68618,10
12.963470459,80.2466964722,68618,68628,10
12.9641199112,80.2469787598,68628,68638,10
12.9649095535,80.2472610474,68638,68648,10
12.9657201767,80.2475280762,68648,68658,10
12.9662599564,80.2477416992,68658,68668,10
12.9665498734,80.2478637695,68668,68689,21
12.9665498734,80.2478637695,68689,68699,10
12.9666204453,80.2479095459,68699,68709,10
12.9669103622,80.2480697632,68709,68719,10
12.9673595428,80.2482833862,68719,68729,10
12.968000412,80.2485427856,68729,68739,10
12.96875,80.248840332,68739,68749,10
12.9695301056,80.2491531372,68749,68759,10
12.9703598022,80.2494888306,68759,68769,10
12.9712696075,80.2497711182,68769,68779,10
12.9722900391,80.250038147,68779,68789,10
12.9731998444,80.250289917,68789,68800,11
12.973950386,80.2504806519,68800,68810,10
12.97453022,80.2505874634,68810,68840,30
12.97453022,80.2505874634,68840,68850,10
12.9747400284,80.2506866455,68850,68860,10
12.9752101898,80.2508392334,68860,68870,10
12.9757795334,80.2510223389,68870,68880,10
12.9759902954,80.2510681152,68880,68890,10
12.9763002396,80.2511367798,68890,68911,21
12.9763002396,80.2511367798,68911,68921,10
12.9764900208,80.2512130737,68921,68931,10
12.9769802094,80.2513885498,68931,68941,10
12.9776296616,80.2517471313,68941,68951,10
12.9782896042,80.2522964478,68951,68961,10
12.9788103104,80.2525482178,68961,69062,101
12.9788103104,80.2525482178,69062,69072,10
12.9789304733,80.2525634766,69072,69082,10
12.9793100357,80.2526092529,69082,69092,10
12.9798698425,80.2525482178,69092,69122,30
12.9798698425,80.2525482178,69122,69133,11
12.9800100327,80.2523727417,69133,69143,10
12.9800395966,80.2520599365,69143,69153,10
12.9801597595,80.251663208,69153,69163,10
12.9803495407,80.2509765625,69163,69173,10
12.9805603027,80.2501296997,69173,69183,10
12.9807195663,80.2492218018,69183,69193,10
12.9807796478,80.2482223511,69193,69202,9
12.9808702469,80.2472686768,69202,69213,11
12.9809799194,80.2460327148,69213,69223,10
12.9811096191,80.245010376,69223,69233,10
12.9811897278,80.2440872192,69233,69244,11
12.9812202454,80.2437973022,69244,69254,10
12.9813404083,80.2435684204,69254,69264,10
12.9813098907,80.2431030273,69264,69304,40
12.9813098907,80.2431030273,69304,69314,10
12.9813995361,80.2428207397,69314,69324,10
12.9813804626,80.2425537109,69324,69334,10
12.9813804626,80.2421112061,69334,69344,10
12.9813699722,80.2415237427,69344,69355,11
12.9813699722,80.2407608032,69355,69365,10
12.9813699722,80.2401733398,69365,69375,10
12.9813604355,80.2400131226,69375,69385,10
12.9813604355,80.2397537231,69385,69395,10
12.9813404083,80.2393875122,69395,69405,10
12.9813203812,80.2389831543,69405,69415,10
12.9813098907,80.238861084,69415,69425,10
12.9813098907,80.2386703491,69425,69435,10
12.9812898636,80.2383499146,69435,69445,10
12.981300354,80.2380599976,69445,69466,21
12.981300354,80.2380599976,69466,69476,10
12.981300354,80.2379379272,69476,69486,10
12.9812898636,80.2376022339,69486,69496,10
12.9812698364,80.2369689941,69496,69506,10
12.9812202454,80.2361221313,69506,69516,10
12.9812002182,80.2353286743,69516,69526,10
12.9812002182,80.2346420288,69526,69536,10
12.9813098907,80.2341079712,69536,69546,10
12.9814195633,80.2338562012,69546,69556,10
12.9815502167,80.2336120605,69556,69566,10
12.9815502167,80.2335968018,69566,69576,10
12.9816198349,80.2335510254,69576,69587,11
12.9817800522,80.2331619263,69587,69597,10
12.9819402695,80.2327194214,69597,69607,10
12.9819898605,80.232460022,69607,69617,10
12.9819602966,80.2321472168,69617,69627,10
12.9819602966,80.2317810059,69627,69637,10
12.9819297791,80.2315292358,69637,69647,10
12.9818401337,80.2311477661,69647,69657,10
12.9816598892,80.2307510376,69657,69667,10
12.9814300537,80.2303466797,69667,69677,10
12.9811401367,80.2298278809,69677,69687,10
12.980799675,80.2292709351,69687,69738,51
12.980799675,80.2292709351,69738,69748,10
12.9805002213,80.2288284302,69748,69758,10
12.9803199768,80.2285003662,69758,69768,10
12.9802503586,80.2282791138,69768,69778,10
12.9800701141,80.2279586792,69778,69788,10
12.9798603058,80.2275466919,69788,69798,10
12.9796495438,80.227142334,69798,69809,11
12.9792995453,80.2265319824,69809,69819,10
12.9789199829,80.2259597778,69819,69829,10
12.9784803391,80.2253494263,69829,69839,10
12.978099823,80.2247619629,69839,69849,10
12.9779596329,80.2245635986,69849,69859,10
12.9777297974,80.2242279053,69859,69889,30
12.9777297974,80.2242279053,69889,69899,10
12.9776601791,80.2241592407,69899,69909,10
12.9774503708,80.223777771,69909,69920,11
12.9770803452,80.2231521606,69920,69930,10
12.9769697189,80.2228775024,69930,69940,10
12.9771499634,80.2227630615,69940,69970,30
12.9771499634,80.2227630615,69970,69980,10
12.9772500992,80.2227020264,69980,69990,10
12.9774999619,80.2225799561,69990,70000,10
12.9774799347,80.2222900391,70000,70010,10
12.9774703979,80.221862793,70010,70020,10
12.9774599075,80.2213821411,70020,70031,11
12.9777202606,80.2212524414,70031,70041,10
12.9781198502,80.2211990356,70041,70051,10
12.9786996841,80.2211914063,70051,70061,10
12.9793195724,80.2211608887,70061,70071,10
12.9798803329,80.2209625244,70071,70081,10
12.9804201126,80.220916748,70081,70091,10
12.9810400009,80.2210998535,70091,70101,10
12.9815702438,80.2213516235,70101,70111,10
12.9819602966,80.2217025757,70111,70121,10
12.9824304581,80.2218322754,70121,70131,10
12.9828596115,80.2219161987,70131,70142,11
12.9828901291,80.2219467163,70142,70152,10
12.9830198288,80.2220993042,70152,70162,10
12.9832401276,80.2221832275,70162,70178,16
12.9834299088,80.2222824097,70178,70190,12
12.9836397171,80.2223892212,70190,70200,10
12.9838104248,80.2224578857,70200,70220,20
12.9838104248,80.2224578857,70220,70230,10
12.9839696884,80.222618103,70230,70240,10
12.9842796326,80.2228088379,70240,70250,10
12.9847202301,80.2230987549,70250,70260,10
12.9850997925,80.2232513428,70260,70271,11
12.9853000641,80.2233123779,70271,70281,10
12.9854202271,80.2233123779,70281,70290,9
12.985619545,80.2231521606,70290,70301,11
12.9861898422,80.2230606079,70301,70311,10
12.9863700867,80.2230606079,70311,70321,10
12.986749649,80.2230606079,70321,70472,151
12.986749649,80.2230606079,70472,70483,11
12.9868602753,80.2230300903,70483,70493,10
12.9870195389,80.2230834961,70493,70503,10
12.9871997833,80.2230834961,70503,70513,10
12.9872598648,80.2230911255,70513,70523,10
12.9875297546,80.2230987549,70523,70533,10
12.9878902435,80.2229919434,70533,70543,10
12.9882802963,80.2227020264,70543,70553,10
12.9884700775,80.2225265503,70553,70563,10
12.9886198044,80.2223815918,70563,70573,10
12.9887695313,80.2221984863,70573,70583,10
12.9888896942,80.2220611572,70583,70594,11
12.9891395569,80.2217407227,70594,70604,10
12.98939991,80.2214202881,70604,70614,10
12.9894104004,80.2213973999,70614,70624,10
12.9894800186,80.2212982178,70624,70634,10
12.9897499084,80.2210083008,70634,70644,10
12.9902000427,80.2205810547,70644,70653,9
12.9904003143,80.2203979492,70653,70664,11
12.9904098511,80.220413208,70664,70674,10
12.9906702042,80.2202377319,70674,70684,10
12.9910497665,80.2199020386,70684,70694,10
12.9915895462,80.2194900513,70694,70706,12
12.9923200607,80.218963623,70706,70716,10
12.9929504395,80.2184906006,70716,70726,10
12.9933099747,80.2182312012,70726,70736,10
12.9935398102,80.2181015015,70736,70766,30
12.9935398102,80.2181015015,70766,70776,10
12.994020462,80.2178115845,70776,70796,20
12.994020462,80.2178115845,70796,70806,10
12.9942398071,80.2176208496,70806,70817,11
12.9946298599,80.2173233032,70817,70827,10
12.9949998856,80.2170181274,70827,70837,10
12.9953603745,80.216796875,70837,70847,10
12.9958295822,80.216758728,70847,70857,10
12.9966497421,80.2166366577,70857,70887,30
12.9966497421,80.2166366577,70887,70897,10
12.9969100952,80.2165985107,70897,70917,20
12.9969100952,80.2165985107,70917,70928,11
12.9971199036,80.2164993286,70928,70938,10
12.997300148,80.2163467407,70938,70948,10
12.9973802567,80.2162704468,70948,70958,10
12.9975004196,80.2161712646,70958,70968,10
12.9978103638,80.2158889771,70968,70978,10
12.9982099533,80.2155685425,70978,70988,10
12.9986696243,80.2151031494,70988,70998,10
12.9990797043,80.2147979736,70998,71008,10
12.9993000031,80.21459198,71008,71018,10
12.9997501373,80.2142028809,71018,71028,10
13.0000801086,80.2139205933,71028,71039,11
13.0006103516,80.2134094238,71039,71049,10
13.0010795593,80.2130432129,71049,71059,10
13.0016002655,80.212638855,71059,71069,10
13.0019702911,80.2124099731,71069,71079,10
13.0024795532,80.2121582031,71079,71089,10
13.0030202866,80.2121200562,71089,71099,10
13.0035104752,80.2120895386,71099,71109,10
13.0035400391,80.2120895386,71109,71119,10
13.0036497116,80.212020874,71119,71129,10
13.003660202,80.211769104,71129,71139,10
13.0036401749,80.2112426758,71139,71149,10
13.0035800934,80.2105484009,71149,71160,11
13.0034999847,80.209777832,71160,71170,10
13.0036001205,80.2091369629,71170,71186,16
13.0042695999,80.2088012695,71186,71198,12
13.0050697327,80.2091598511,71198,71208,10
13.0056695938,80.2094192505,71208,71217,9
13.0060195923,80.2095336914,71217,71227,10
13.0061903,80.2095794678,71227,71238,11
13.0065002441,80.2097015381,71238,71248,10
13.0068798065,80.2098007202,71248,71258,10
13.0071296692,80.2097930908,71258,71299,41
13.0071296692,80.2097930908,71299,71309,10
13.0074300766,80.2098388672,71309,71319,10
13.0076904297,80.2098770142,71319,71349,30
13.0076904297,80.2098770142,71349,71359,10
13.0081195831,80.2099761963,71359,71369,10
13.0081501007,80.2096328735,71369,71380,11
13.0079803467,80.2087783813,71380,71390,10
13.0078201294,80.2077789307,71390,71400,10
13.0076599121,80.2068710327,71400,71410,10
13.0075502396,80.2060089111,71410,71420,10
13.007519722,80.2052536011,71420,71440,20
13.0074796677,80.2041015625,71440,71450,10
13.007349968,80.2033004761,71450,71460,10
13.0069704056,80.202583313,71460,71470,10
13.0064697266,80.2030715942,71470,71480,10
13.0070199966,80.2035827637,71480,71497,17
13.0087099075,80.2037277222,71497,71509,12
13.0102901459,80.2036590576,71509,71519,10
13.0113296509,80.2037277222,71519,71527,8
13.0125398636,80.203918457,71527,71540,13
13.0135698318,80.2042617798,71540,71570,30
13.0135698318,80.2042617798,71570,71580,10
13.0136003494,80.2044296265,71580,71590,10
13.0135297775,80.204750061,71590,71611,21
13.0135297775,80.204750061,71611,71634,23
13.0133104324,80.205291748,71634,71646,12
13.0130596161,80.2061233521,71646,71656,10
13.012960434,80.2066726685,71656,71666,10
13.0129003525,80.2074127197,71666,71675,9
13.0128202438,80.207862854,71675,71686,11
13.0127897263,80.2084732056,71686,71696,10
13.0128202438,80.2087097168,71696,71706,10
13.0129098892,80.2092437744,71706,71716,10
13.0131397247,80.2098770142,71716,71727,11
13.0130395889,80.2105636597,71727,71737,10
13.0128698349,80.2111587524,71737,71747,10
13.0125904083,80.2117004395,71747,71756,9
13.0122299194,80.212272644,71756,71767,11
13.0118598938,80.2127838135,71767,71776,9
13.011639595,80.2128372192,71776,71786,10
13.0112600327,80.2124710083,71786,71797,11
13.0105600357,80.2119903564,71797,71807,10
13.0102100372,80.2116775513,71807,71817,10
13.0098199844,80.2114334106,71817,71858,41
13.0095396042,80.2111434937,71858,72554,696
13.0095396042,80.2111434937,72554,72564,10
13.0091495514,80.2112731934,72564,72574,10
13.0090904236,80.2113571167,72574,72584,10
13.0089998245,80.2115097046,72584,72594,10
13.0089998245,80.211769104,72594,72604,10
13.0091295242,80.2121734619,72604,72614,10
13.0093002319,80.2126922607,72614,72625,11
13.009519577,80.2132720947,72625,72635,10
13.0097198486,80.2137985229,72635,72645,10
13.0099401474,80.21434021,72645,72655,10
13.0101003647,80.2149200439,72655,72665,10
13.0101900101,80.2155914307,72665,72675,10
13.0104398727,80.2163009644,72675,72685,10
13.0108003616,80.2170791626,72685,72695,10
13.011179924,80.217956543,72695,72705,10
13.0115299225,80.2189712524,72705,72715,10
13.0118598938,80.2200393677,72715,72726,11
13.0122203827,80.2210922241,72726,72735,9
13.012339592,80.2216415405,72735,72746,11
13.0127401352,80.2221984863,72746,72756,10
13.0131998062,80.2227630615,72756,72766,10
13.0137195587,80.2233428955,72766,72776,10
13.0142602921,80.2240066528,72776,72786,10
13.0148696899,80.2246780396,72786,72796,10
13.0153903961,80.2253265381,72796,72806,10
13.0153198242,80.2258300781,72806,72816,10
13.0149803162,80.226020813,72816,72826,10
13.0144796371,80.2261810303,72826,72836,10
13.013879776,80.2264099121,72836,72847,11
13.013130188,80.2267227173,72847,72857,10
13.0124101639,80.2270126343,72857,72867,10
13.0116195679,80.2273178101,72867,72877,10
13.0108098984,80.2276382446,72877,72887,10
13.0100297928,80.2279434204,72887,72903,16
13.0094604492,80.2276382446,72903,72915,12
13.0098199844,80.2269210815,72915,72923,8
13.0100498199,80.2264022827,72923,72935,12
13.0101995468,80.2260818481,72935,72945,10
13.0102796555,80.2258682251,72945,72956,11
13.0102996826,80.2257003784,72956,72966,10
13.0103797913,80.225479126,72966,72976,10
13.0104799271,80.2252502441,72976,72986,10
13.0106096268,80.2249908447,72986,72997,11
13.0107097626,80.2247467041,72997,73007,10
13.0109100342,80.2242965698,73007,73017,10
13.0110702515,80.2238998413,73017,73027,10
13.0111398697,80.2237014771,73027,73037,10
13.0111999512,80.2234802246,73037,73047,10
13.011179924,80.2231674194,73047,73057,10
13.0106601715,80.2229232788,73057,73068,11
13.0098800659,80.2225418091,73068,73078,10
13.0094604492,80.2223434448,73078,73360,282
13.0094604492,80.2223434448,73360,73370,10
13.0093603134,80.2222900391,73370,73380,10
13.0090799332,80.2221069336,73380,73390,10
13.0087099075,80.2219085693,73390,73401,11
13.0080900192,80.221572876,73401,73411,10
13.0073795319,80.2211990356,73411,73421,10
13.0068101883,80.2208709717,73421,73431,10
13.0060901642,80.2206268311,73431,73441,10
13.0053100586,80.2204589844,73441,73451,10
13.0046701431,80.2203216553,73451,73461,10
13.0045995712,80.2203063965,73461,73471,10
13.0043296814,80.2202301025,73471,73481,10
13.0037899017,80.2201004028,73481,73491,10
13.003080368,80.2199172974,73491,73501,10
13.0023698807,80.2194976807,73501,73512,11
13.0018901825,80.2189712524,73512,73522,10
13.0015201569,80.2186279297,73522,73532,10
13.0013103485,80.2184829712,73532,73562,30
13.0013103485,80.2184829712,73562,73572,10
13.0011901855,80.2184066772,73572,73582,10
13.0009803772,80.21824646,73582,73592,10
13.0008096695,80.2181396484,73592,73602,10
13.0005998611,80.2180023193,73602,73612,10
13.00041008,80.217880249,73612,73622,10
13.0001096725,80.2176895142,73622,73633,11
12.9999599457,80.2176132202,73633,73642,9
12.9997301102,80.2174835205,73642,73653,11
12.9995298386,80.2173690796,73653,73663,10
12.9992599487,80.2172317505,73663,73673,10
12.999250412,80.2172164917,73673,73683,10
12.9989700317,80.2170715332,73683,73703,20
12.9989700317,80.2170715332,73703,73713,10
12.9986495972,80.2169189453,73713,73723,10
12.9984903336,80.2168273926,73723,73733,10
12.9982700348,80.2167282104,73733,73754,21
12.9982700348,80.2167282104,73754,73764,10
12.9980602264,80.2166595459,73764,73774,10
12.9979696274,80.2166366577,73774,73784,10
12.9976797104,80.2166213989,73784,73804,20
12.9976797104,80.2166213989,73804,73814,10
12.9976100922,80.2165985107,73814,73824,10
12.9974498749,80.2165985107,73824,73834,10
12.9972600937,80.2165985107,73834,73865,31
12.9972600937,80.2165985107,73865,73875,10
12.9969997406,80.2165985107,73875,73885,10
12.9967603683,80.2166213989,73885,73895,10
12.9964799881,80.2166519165,73895,73905,10
12.9963598251,80.2166595459,73905,73915,10
12.996049881,80.2167129517,73915,73935,20
12.996049881,80.2167129517,73935,73945,10
12.9958000183,80.2167510986,73945,73955,10
12.9955596924,80.2168426514,73955,73966,11
12.995349884,80.2169265747,73966,73976,10
12.9951696396,80.2170181274,73976,73986,10
12.9949903488,80.2171478271,73986,73996,10
12.9946603775,80.217376709,73996,74006,10
12.99421978,80.2176895142,74006,74016,10
12.9938402176,80.2179718018,74016,74026,10
12.9933395386,80.2183303833,74026,74036,10
12.9929504395,80.2185897827,74036,74046,10
12.992480278,80.2189178467,74046,74056,10
12.9918403625,80.2193908691,74056,74066,10
12.9914999008,80.2196502686,74066,74077,11
12.9910202026,80.2199935913,74077,74087,10
12.9909200668,80.2200622559,74087,74097,10
12.9907999039,80.2201309204,74097,74107,10
12.990530014,80.2203674316,74107,74117,10
12.9900798798,80.220741272,74117,74127,10
12.989689827,80.2212905884,74127,74137,10
12.9892597198,80.2217636108,74137,74147,10
12.9888296127,80.2222366333,74147,74157,10
12.9883804321,80.2226715088,74157,74173,16
12.9876499176,80.2231063843,74173,74185,12
12.9874601364,80.2231216431,74185,74196,11
12.9873504639,80.2231216431,74196,74206,10
12.9871301651,80.2230911255,74206,74216,10
12.9869804382,80.2230682373,74216,74226,10
12.9867200851,80.2230072021,74226,74236,10
12.986289978,80.2229919434,74236,74245,9
12.9859199524,80.2229995728,74245,74256,11
12.9854402542,80.2233123779,74256,74266,10
12.9849700928,80.2232437134,74266,74276,10
12.9845104218,80.2229766846,74276,74287,11
12.9841604233,80.2227706909,74287,74297,10
12.9837999344,80.2225875854,74297,74308,11
12.9834899902,80.2223968506,74308,74318,10
12.9831399918,80.2221603394,74318,74338,20
12.9831399918,80.2221603394,74338,74348,10
12.982919693,80.2220306396,74348,74358,10
12.9825897217,80.2218933105,74358,74368,10
12.9821796417,80.2217636108,74368,74378,10
12.9818000793,80.2215118408,74378,74388,10
12.9812803268,80.2211914063,74388,74398,10
12.9807195663,80.2210769653,74398,74408,10
12.9802398682,80.2211227417,74408,74419,11
12.9795799255,80.2211685181,74419,74429,10
12.9788599014,80.2212219238,74429,74439,10
12.9781599045,80.2212295532,74439,74449,10
12.9775495529,80.2212677002,74449,74459,10
12.9770402908,80.221282959,74459,74469,10
12.9764204025,80.221282959,74469,74479,10
12.9760799408,80.2213897705,74479,74489,10
12.9762096405,80.2216796875,74489,74499,10
12.976360321,80.2219390869,74499,74519,20
12.976360321,80.2219390869,74519,74530,11
12.9764204025,80.2221984863,74530,74540,10
12.9767103195,80.22265625,74540,74550,10
12.9770097733,80.2230987549,74550,74560,10
12.9774198532,80.2237167358,74560,74570,10
12.9778499603,80.2244033813,74570,74579,9
12.9781999588,80.2249526978,74579,74590,11
12.9786300659,80.2256393433,74590,74600,10
12.9790401459,80.2263183594,74600,74610,10
12.9793701172,80.2268829346,74610,74620,10
12.9797401428,80.2275085449,74620,74630,10
12.9801397324,80.2281494141,74630,74641,11
12.9805002213,80.2287826538,74641,74651,10
12.9808502197,80.229347229,74651,74661,10
12.9812202454,80.2299728394,74661,74671,10
12.9816999435,80.23072052,74671,74691,20
12.9816999435,80.23072052,74691,74701,10
12.9817695618,80.2309188843,74701,74711,10
12.9819097519,80.2313766479,74711,74721,10
12.9819898605,80.2320022583,74721,74731,10
12.9819803238,80.2324523926,74731,74741,10
12.981880188,80.2328720093,74741,74752,11
12.9815702438,80.233581543,74752,74772,20
12.9815702438,80.233581543,74772,74782,10
12.9814596176,80.2337875366,74782,74792,10
12.9812698364,80.2341995239,74792,74802,10
12.9811601639,80.2347793579,74802,74812,10
12.9811601639,80.2354812622,74812,74822,10
12.9811897278,80.2362136841,74822,74832,10
12.9812202454,80.2370605469,74832,74842,10
12.9812498093,80.2378768921,74842,74852,10
12.9812602997,80.238609314,74852,74863,11
12.9812803268,80.2388687134,74863,74873,10
12.9812898636,80.2389831543,74873,74883,10
12.981300354,80.2391815186,74883,74893,10
12.9812803268,80.2396469116,74893,74903,10
12.981300354,80.2403335571,74903,74913,10
12.9813098907,80.2409591675,74913,74923,10
12.9813203812,80.241569519,74923,74933,10
12.9813299179,80.2422637939,74933,74943,10
12.9813299179,80.2428207397,74943,74953,10
12.9813203812,80.2429733276,74953,74963,10
12.9813203812,80.2430877686,74963,74974,11
12.9813203812,80.2435531616,74974,74984,10
12.9812297821,80.2442626953,74984,74994,10
12.9811201096,80.2451782227,74994,75004,10
12.9809799194,80.2462997437,75004,75014,10
12.9808597565,80.2475509644,75014,75024,10
12.9807500839,80.2487106323,75024,75034,10
12.9806404114,80.2498016357,75034,75044,10
12.9804201126,80.2508010864,75044,75054,10
12.9801502228,80.2517700195,75054,75064,10
12.9800195694,80.252281189,75064,75074,10
12.9798603058,80.2526321411,75074,75084,10
12.9795703888,80.2528533936,75084,75095,11
12.9788599014,80.2527389526,75095,75105,10
12.9785499573,80.2526626587,75105,75115,10
12.9785299301,80.2526397705,75115,75125,10
12.9781904221,80.2524108887,75125,75135,10
12.9776201248,80.2518920898,75135,75145,10
12.9767799377,80.2513885498,75145,75155,10
12.9757099152,80.2510910034,75155,75165,10
12.9745998383,80.2507705688,75165,75175,10
12.9735803604,80.25050354,75175,75185,10
12.9726495743,80.250289917,75185,75196,11
12.9723901749,80.2502365112,75196,75206,10
12.9721498489,80.2501525879,75206,75216,10
12.9715595245,80.2499771118,75216,75226,10
12.970749855,80.2497406006,75226,75236,10
12.9697599411,80.2493591309,75236,75246,10
12.9687299728,80.2489471436,75246,75256,10
12.9677295685,80.2485580444,75256,75265,9
12.9670295715,80.2482528687,75265,75276,11
12.9662599564,80.2478866577,75276,75286,10
12.9654903412,80.2475967407,75286,75296,10
12.9649801254,80.2474594116,75296,75306,10
12.964969635,80.2474594116,75306,75317,11
12.9649200439,80.247428894,75317,75327,10
12.964509964,80.2472763062,75327,75336,9
12.9638900757,80.2470474243,75336,75347,11
12.9631595612,80.2467193604,75347,75357,10
12.9623603821,80.2463378906,75357,75367,10
12.9616203308,80.2459487915,75367,75377,10
12.9609498978,80.2456207275,75377,75387,10
12.9598999023,80.2451477051,75387,75397,10
12.9593601227,80.2449417114,75397,75407,10
12.9593400955,80.2449188232,75407,75417,10
12.9589796066,80.2447433472,75417,75428,11
12.9582300186,80.2444076538,75428,75438,10
12.9575901031,80.2441711426,75438,75447,9
12.9568796158,80.2439117432,75447,75458,11
12.9564399719,80.2437515259,75458,75468,10
12.9564199448,80.2437591553,75468,75478,10
12.9561595917,80.2436676025,75478,75488,10
12.9555797577,80.2433776855,75488,75498,10
12.9547796249,80.243019104,75498,75508,10
12.9540395737,80.24269104,75508,75518,10
12.9535999298,80.242477417,75518,75528,10
12.9531602859,80.2423019409,75528,75539,11
12.9524497986,80.2420196533,75539,75549,10
12.9518699646,80.2418289185,75549,75559,10
12.9516000748,80.2417373657,75559,75569,10
12.9515695572,80.2417221069,75569,75579,10
12.9511804581,80.241569519,75579,75589,10
12.9504499435,80.2413406372,75589,75599,10
12.9495401382,80.2410812378,75599,75639,40
12.9495401382,80.2410812378,75639,75650,11
12.9493303299,80.2410125732,75650,75660,10
12.9489097595,80.2408599854,75660,75670,10
12.9482402802,80.240562439,75670,75680,10
12.9474802017,80.2402420044,75680,75690,10
12.9469203949,80.2400283813,75690,75710,20
12.9469203949,80.2400283813,75710,75720,10
12.9466104507,80.2398910522,75720,75730,10
12.9460201263,80.2396316528,75730,75740,10
12.9452896118,80.2392578125,75740,75750,10
12.9445896149,80.2386016846,75750,75761,11
12.9437503815,80.2377166748,75761,75771,10
12.9432497025,80.237197876,75771,75781,10
12.9432001114,80.237159729,75781,75791,10
12.9431495667,80.2370605469,75791,75801,10
12.94272995,80.2367477417,75801,75811,10
12.9419698715,80.2364425659,75811,75821,10
12.9410800934,80.2362136841,75821,75831,10
12.9395999908,80.235786438,75831,75851,20
12.9395999908,80.235786438,75851,75861,10
12.9394903183,80.2357406616,75861,75871,10
12.9390296936,80.2355117798,75871,75882,11
12.9383001328,80.2350997925,75882,75892,10
12.9374399185,80.2346572876,75892,75902,10
12.9364299774,80.2341995239,75902,75912,10
12.9355602264,80.2338027954,75912,75928,16
12.933839798,80.2330474854,75928,75950,22
12.933839798,80.2330474854,75950,75960,10
12.9335803986,80.2329483032,75960,75970,10
12.9329595566,80.2326583862,75970,75980,10
12.9321403503,80.2323379517,75980,75991,11
12.9311199188,80.2319793701,75991,76001,10
12.9300403595,80.2316665649,76001,76011,10
12.9289903641,80.2314376831,76011,76021,10
12.9280004501,80.2312698364,76021,76031,10
12.9268598557,80.2311096191,76031,76041,10
12.9262304306,80.2310714722,76041,76051,10
12.9260396957,80.2310562134,76051,76061,10
12.9259395599,80.2310409546,76061,76071,10
12.9254999161,80.2309799194,76071,76081,10
12.9247999191,80.2308883667,76081,76091,10
12.9239196777,80.2307662964,76091,76102,11
12.9226999283,80.2306137085,76102,76112,10
12.9215097427,80.2304229736,76112,76122,10
12.9203996658,80.2303009033,76122,76132,10
12.9195404053,80.2301864624,76132,76142,10
12.919380188,80.2301635742,76142,76152,10
12.9191598892,80.2301177979,76152,76162,10
12.9185695648,80.2300415039,76162,76172,10
12.9177398682,80.2299423218,76172,76182,10
12.916680336,80.2297897339,76182,76192,10
12.9155597687,80.2296218872,76192,76202,10
12.9145002365,80.2294921875,76202,76213,11
12.9134902954,80.2293701172,76213,76243,30
12.9134902954,80.2293701172,76243,76253,10
12.9132204056,80.229309082,76253,76263,10
12.9125995636,80.2292098999,76263,76273,10
12.9117202759,80.2291030884,76273,76283,10
12.9105701447,80.2289428711,76283,76293,10
12.9092903137,80.2287368774,76293,76303,10
12.9081201553,80.228553772,76303,76313,10
12.9075202942,80.2284622192,76313,76324,11
12.9073295593,80.2284393311,76324,76334,10
12.9068899155,80.2283935547,76334,76344,10
12.9063501358,80.2283172607,76344,76354,10
12.9062204361,80.2283172607,76354,76364,10
12.9061203003,80.2283096313,76364,76374,10
12.9056301117,80.2282714844,76374,76390,16
12.9043502808,80.228187561,76390,76402,12
12.9030103683,80.2281112671,76402,76410,8
12.9023199081,80.2280731201,76410,76422,12
12.9017896652,80.2280502319,76422,76432,10
12.9012699127,80.2280197144,76432,76556,124
12.9012699127,80.2280197144,76556,76566,10
12.9011802673,80.2280426025,76566,76576,10
12.9008302689,80.228012085,76576,76586,10
12.9003200531,80.2279663086,76586,76596,10
12.8998603821,80.2279586792,76596,76606,10
12.8995103836,80.2279510498,76606,76626,20
12.8995103836,80.2279510498,76626,76636,10
12.8991804123,80.2279281616,76636,76646,10
12.8985300064,80.2278900146,76646,76656,10
12.8976898193,80.2278518677,76656,76667,11
12.89661026,80.2277908325,76667,76678,11
12.8954401016,80.2277526855,76678,76688,10
12.8943195343,80.2276992798,76688,76698,10
12.8933601379,80.2276306152,76698,76708,10
12.8930797577,80.2275924683,76708,76718,10
12.8929901123,80.2275619507,76718,76728,10
12.8928203583,80.2275238037,76728,76738,10
12.8926401138,80.2275085449,76738,76748,10
12.8922595978,80.2274703979,76748,76758,10
12.8915596008,80.227432251,76758,76768,10
12.8907203674,80.2274169922,76768,76779,11
12.8896903992,80.2274169922,76779,76789,10
12.888420105,80.2274169922,76789,76809,20
12.888420105,80.2274169922,76809,76819,10
12.888299942,80.2274169922,76819,76829,10
12.8877601624,80.2273635864,76829,76839,10
12.8869600296,80.2272186279,76839,76849,10
12.8859901428,80.2269821167,76849,76859,10
12.8850898743,80.2267913818,76859,76869,10
12.8846998215,80.2267608643,76869,76879,10
12.8846902847,80.2267684937,76879,76890,11
12.88463974,80.2267379761,76890,76900,10
12.884180069,80.2267303467,76900,76910,10
12.8833503723,80.2267227173,76910,76920,10
12.8823204041,80.2267227173,76920,76930,10
12.881070137,80.2267303467,76930,76940,10
12.8797597885,80.2267608643,76940,76950,10
12.8784399033,80.2268218994,76950,76960,10
12.8771800995,80.2269287109,76960,76970,10
12.8763999939,80.2269515991,76970,77001,31
12.8763999939,80.2269515991,77001,77011,10
12.8763799667,80.2267227173,77011,77021,10
12.8763904572,80.2264099121,77021,77041,20
12.8763904572,80.2264099121,77041,77051,10
12.8764400482,80.2262191772,77051,77061,10
12.8765001297,80.2256622314,77061,77071,10
12.8765497208,80.225112915,77071,77081,10
12.8766403198,80.2242965698,77081,77091,10
12.8768396378,80.2233886719,77091,77101,10
12.8770503998,80.2224273682,77101,77112,11
12.8773002625,80.2213516235,77112,77122,10
12.8775196075,80.2203369141,77122,77132,10
12.8777599335,80.2192764282,77132,77142,10
12.8780002594,80.2181930542,77142,77152,10
12.8781995773,80.2171707153,77152,77162,10
12.8783903122,80.216178894,77162,77172,10
12.8786201477,80.2150878906,77172,77182,10
12.8788499832,80.2139205933,77182,77192,10
12.879070282,80.2127380371,77192,77202,10
12.879240036,80.2118225098,77202,77212,10
12.8793401718,80.2111816406,77212,77222,10
12.8789196014,80.2109603882,77222,77243,21
12.8789196014,80.2109603882,77243,77253,10
12.8786001205,80.2109069824,77253,77263,10
12.8781900406,80.2108535767,77263,77273,10
12.8776597977,80.2107391357,77273,77289,16
12.8766298294,80.2105407715,77289,77301,12
12.8758497238,80.2104034424,77301,77311,10
12.875120163,80.2102813721,77311,77321,10
12.8745498657,80.2101669312,77321,77352,31
12.8745498657,80.2101669312,77352,77362,10
12.8743400574,80.2100524902,77362,77372,10
12.8743801117,80.2096633911,77372,77382,10
12.8747301102,80.2097015381,77382,77392,10
12.8746500015,80.2100372314,77392,77402,10
12.8747997284,80.2102203369,77402,77412,10
12.8751802444,80.2102737427,77412,77422,10
12.8756999969,80.2103805542,77422,77432,10
12.8761997223,80.2104797363,77432,77442,10
12.8768100739,80.2106018066,77442,77452,10
12.8773899078,80.2107162476,77452,77463,11
12.878080368,80.2108535767,77463,77473,10
12.8786897659,80.2109680176,77473,77483,10
12.8792600632,80.2110824585,77483,77493,10
12.8794403076,80.2114868164,77493,77503,10
12.8793201447,80.212020874,77503,77513,10
12.8791799545,80.2127380371,77513,77523,10
12.8790302277,80.2135467529,77523,77533,10
12.8788700104,80.2144012451,77533,77543,10
12.8787002563,80.2152175903,77543,77553,10
12.8784999847,80.2160720825,77553,77563,10
12.8783302307,80.2168807983,77563,77574,11
12.8781404495,80.2178115845,77574,77583,9
12.8779802322,80.2185897827,77583,77594,11
12.8777704239,80.2194976807,77594,77604,10
12.8775997162,80.2202682495,77604,77614,10
12.8773403168,80.2213973999,77614,77623,9
12.8771400452,80.2222213745,77623,77634,11
12.8769102097,80.2232208252,77634,77644,10
12.8766803741,80.2242279053,77644,77654,10
12.8765697479,80.2251205444,77654,77664,10
12.8765001297,80.225982666,77664,77675,11
12.8763799667,80.2266387939,77675,77684,9
12.8764095306,80.2268981934,77684,77695,11
12.8766202927,80.2269287109,77695,77705,10
12.877120018,80.2268829346,77705,77715,10
12.8779201508,80.2268066406,77715,77725,10
12.8790302277,80.2267303467,77725,77735,10
12.8802995682,80.2267074585,77735,77745,10
12.8816204071,80.2266998291,77745,77755,10
12.8829698563,80.2266693115,77755,77765,10
12.8842401505,80.2266616821,77765,77775,10
12.885430336,80.2267379761,77775,77786,11
12.8867902756,80.2270889282,77786,77796,10
12.8880901337,80.2272796631,77796,77805,9
12.8892602921,80.2273330688,77805,77816,11
12.8907403946,80.2273330688,77816,77826,10
12.8920497894,80.2273406982,77826,77836,10
12.8929901123,80.227432251,77836,77846,10
12.8944997787,80.2275924683,77846,77856,10
12.8958902359,80.2276382446,77856,77866,10
12.8972902298,80.227722168,77866,77876,10
12.8985700607,80.2277984619,77876,77886,10
12.8996200562,80.2278671265,77886,77896,10
12.899939537,80.2278900146,77896,77907,11
12.9002599716,80.2279129028,77907,77917,10
12.9004802704,80.2279281616,77917,77927,10
12.9008798599,80.2279510498,77927,77937,10
12.9013795853,80.2279815674,77937,77947,10
12.9020004272,80.2279968262,77947,77963,16
12.9028100967,80.2280502319,77963,77975,12
12.9030799866,80.2280273438,77975,77985,10
12.9034099579,80.2280197144,77985,78076,91
12.9034099579,80.2280197144,78076,78099,23
12.904299736,80.2281036377,78099,78111,12
12.9046802521,80.2281112671,78111,78121,10
12.904800415,80.2281265259,78121,78193,72
12.904800415,80.2281265259,78193,78203,10
12.9050703049,80.2281265259,78203,78213,10
12.9053096771,80.2281417847,78213,78222,9
12.9054603577,80.2281570435,78222,78232,10
12.9057502747,80.2281799316,78232,78244,12
12.9061002731,80.2281799316,78244,78324,80
12.9061002731,80.2281799316,78324,78334,10
12.9063796997,80.2282409668,78334,78344,10
12.9069099426,80.2282562256,78344,78355,11
12.9070501328,80.2282791138,78355,78365,10
12.907500267,80.2283401489,78365,78375,10
12.9083003998,80.228477478,78375,78385,10
12.9094600677,80.2286911011,78385,78395,10
12.9107503891,80.2288894653,78395,78405,10
12.9119195938,80.2290496826,78405,78415,10
12.913020134,80.2292175293,78415,78425,10
12.9138402939,80.2293319702,78425,78435,10
12.9141702652,80.2293777466,78435,78445,10
12.9149303436,80.2294311523,78445,78455,10
12.9160003662,80.2295913696,78455,78466,11
12.9172201157,80.2297515869,78466,78476,10
12.9182395935,80.2298965454,78476,78486,10
12.9193401337,80.2300415039,78486,78496,10
12.9206399918,80.2302322388,78496,78506,10
12.9218902588,80.2303924561,78506,78516,10
12.9230203629,80.2305831909,78516,78526,10
12.9242200851,80.2307434082,78526,78536,10
12.9254398346,80.2308807373,78536,78546,10
12.9266901016,80.2310333252,78546,78556,10
12.9279298782,80.2311477661,78556,78566,10
12.9287996292,80.2312774658,78566,78577,11
12.9295902252,80.2314376831,78577,78587,10
12.9305295944,80.2316894531,78587,78597,10
12.9315395355,80.2319869995,78597,78607,10
12.9324502945,80.2322921753,78607,78617,10
12.9332895279,80.2326202393,78617,78627,10
12.9336204529,80.2327575684,78627,78637,10
12.9338197708,80.2328567505,78637,78647,10
12.9343595505,80.2331237793,78647,78657,10
12.9350004196,80.2334213257,78657,78667,10
12.9356803894,80.2337417603,78667,78677,10
12.9364995956,80.2341384888,78677,78688,11
12.9375495911,80.2346420288,78688,78698,10
12.9385595322,80.2351531982,78698,78708,10
12.9394903183,80.2356185913,78708,78718,10
12.9403400421,80.2359313965,78718,78728,10
12.9414396286,80.2361907959,78728,78738,10
12.9426898956,80.2365722656,78738,78754,16
12.9442796707,80.2380065918,78754,78766,12
12.9454498291,80.2391967773,78766,78774,8
12.9463396072,80.2396469116,78774,78786,12
12.9475498199,80.2401428223,78786,78796,10
12.9483804703,80.2404708862,78796,78807,11
12.9486398697,80.2405700684,78807,78817,10
12.9489002228,80.2406692505,78817,78827,10
12.9493398666,80.2408599854,78827,78837,10
12.9499502182,80.241027832,78837,78847,10
12.9506597519,80.2412414551,78847,78857,10
12.9511003494,80.2413635254,78857,78867,10
12.951259613,80.2414093018,78867,78877,10
12.9518098831,80.2416229248,78877,78887,10
12.9525699615,80.241897583,78887,78897,10
12.9533195496,80.2421875,78897,78908,11
12.9540596008,80.2424926758,78908,78918,10
12.9547996521,80.2427978516,78918,78928,10
12.955499649,80.2430877686,78928,78938,10
12.9562797546,80.2433776855,78938,78948,10
12.9564304352,80.2434387207,78948,78958,10
12.9565296173,80.2434616089,78958,78968,10
12.9569301605,80.243637085,78968,78978,10
12.9576997757,80.2439575195,78978,78988,10
12.9584999084,80.2442932129,78988,78998,10
12.9589796066,80.2444915771,78998,79008,10
12.9592695236,80.2446365356,79008,79018,10
12.959980011,80.244972229,79018,79029,11
12.9610700607,80.2454605103,79029,79039,10
12.9621295929,80.2459869385,79039,79049,10
12.9628295898,80.2463302612,79049,79059,10
12.9631299973,80.2464675903,79059,79069,10
12.9635095596,80.2466812134,79069,79079,10
12.9640102386,80.2469024658,79079,79089,10
12.9646701813,80.247177124,79089,79099,10
12.9655103683,80.2474594116,79099,79109,10
12.9663000107,80.247756958,79109,79119,10
12.9668998718,80.2480316162,79119,79129,10
12.9674196243,80.2482681274,79129,79146,17
12.9687700272,80.2488098145,79146,79158,12
12.9699697495,80.2492980957,79158,79168,10
12.9710998535,80.2497177124,79168,79178,10
12.9723796844,80.2500534058,79178,79188,10
12.973739624,80.2503967285,79188,79197,9
12.9748401642,80.2507019043,79197,79208,11
12.9764404297,80.2511520386,79208,79218,10
12.9776802063,80.2517166138,79218,79228,10
12.9787502289,80.2524795532,79228,79238,10
12.9796600342,80.2525863647,79238,79249,11
12.9799404144,80.2524414063,79249,79258,9
12.9799404144,80.2524337769,79258,79269,11
12.9799900055,80.2521286011,79269,79279,10
12.9801998138,80.2515106201,79279,79289,10
12.9804496765,80.2506027222,79289,79299,10
12.9807100296,80.2493972778,79299,79309,10
12.980799675,80.2481307983,79309,79319,10
12.9808998108,80.246963501,79319,79329,10
12.9810495377,80.2456130981,79329,79339,10
12.9811897278,80.2444076538,79339,79349,10
12.9812002182,80.2438735962,79349,79360,11
12.981300354,80.2436599731,79360,79370,10
12.9813604355,80.2433319092,79370,79380,10
12.9813604355,80.2431182861,79380,79390,10
12.9813804626,80.2428894043,79390,79400,10
12.9813804626,80.2428436279,79400,79410,10
12.9813899994,80.2426300049,79410,79420,10
12.9813899994,80.2422637939,79420,79430,10
12.9813804626,80.2416610718,79430,79440,10
12.9813699722,80.2408370972,79440,79450,10
12.9813604355,80.2400588989,79450,79460,10
12.9813404083,80.2395019531,79460,79471,11
12.9813203812,80.2387924194,79471,79481,10
12.981300354,80.2379989624,79481,79491,10
12.9812898636,80.2378311157,79491,79501,10
12.9812803268,80.2374801636,79501,79521,20
12.9812498093,80.2358474731,79521,79531,10
12.9812202454,80.2349624634,79531,79541,10
12.9813098907,80.23412323,79541,79558,17
12.9816598892,80.2333221436,79558,79570,12
12.9816799164,80.2332992554,79570,79578,8
12.9817800522,80.2331008911,79578,79591,13
12.9819803238,80.2325363159,79591,79601,10
12.9820203781,80.2322387695,79601,79610,9
12.982000351,80.2318725586,79610,79621,11
12.9819602966,80.2314300537,79621,79631,10
12.9818601608,80.2310409546,79631,79640,9
12.9816598892,80.2306137085,79640,79651,11
12.9812602997,80.2299575806,79651,79661,10
12.9810400009,80.2296066284,79661,79671,10
12.9809303284,80.2294464111,79671,79681,10
12.9808397293,80.2292785645,79681,79692,11
12.9806804657,80.2290420532,79692,79702,10
12.9806604385,80.2290115356,79702,79712,10
12.9804801941,80.2286987305,79712,79722,10
12.9803104401,80.2283172607,79722,79732,10
12.9800195694,80.2278213501,79732,79742,10
12.9796199799,80.2271575928,79742,79752,10
12.9792499542,80.2265625,79752,79762,10
12.9788799286,80.2259521484,79762,79772,10
12.9784603119,80.2252502441,79772,79782,10
12.9780502319,80.224609375,79782,79792,10
12.9778299332,80.2243423462,79792,79802,10
12.9777402878,80.2241592407,79802,79813,11
12.977399826,80.2236175537,79813,79823,10
12.9770097733,80.2229919434,79823,79833,10
12.9769897461,80.2227401733,79833,79843,10
12.9771699905,80.2227020264,79843,79853,10
12.9772996902,80.2227325439,79853,79863,10
12.9775400162,80.2226104736,79863,79873,10
12.9775400162,80.2222824097,79873,79883,10
12.977519989,80.222038269,79883,79893,10
12.9774904251,80.2215576172,79893,79903,10
12.9774799347,80.2212982178,79903,79913,10
12.9777097702,80.2212371826,79913,79924,11
12.9783201218,80.2212371826,79924,79934,10
12.9790401459,80.2211990356,79934,79944,10
12.9797296524,80.2211532593,79944,79954,10
12.9804096222,80.2210769653,79954,79964,10
12.9809799194,80.2210617065,79964,79974,10
12.9814796448,80.2212905884,79974,79984,10
12.9819002151,80.2215881348,79984,79994,10
12.9824199677,80.221862793,79994,80004,10
12.9829301834,80.2220230103,80004,80014,10
12.9830799103,80.2220916748,80014,80024,10
12.9831800461,80.22215271,80024,80035,11
12.9835300446,80.2224197388,80035,80045,10
12.9840297699,80.2227096558,80045,80055,10
12.9845104218,80.2229919434,80055,80065,10
12.9851799011,80.2233200073,80065,80075,10
12.9855899811,80.2231826782,80075,80085,10
12.9861297607,80.2230224609,80085,80095,10
12.9866199493,80.2230300903,80095,80105,10
12.9867601395,80.2230377197,80105,80115,10
12.9870595932,80.2230834961,80115,80125,10
12.9872198105,80.2230987549,80125,80135,10
12.9876403809,80.2230987549,80135,80146,11
12.9883098602,80.2227325439,80146,80156,10
12.9888296127,80.2222213745,80156,80166,10
12.989279747,80.2216567993,80166,80176,10
12.9897203445,80.2211532593,80176,80186,10
12.9902296066,80.2206420898,80186,80196,10
12.9907102585,80.2202377319,80196,80212,16
12.991519928,80.219581604,80212,80224,12
12.9925203323,80.2188873291,80224,80232,8
12.993180275,80.2183990479,80232,80244,12
12.9941301346,80.2177276611,80244,80254,10
12.9947595596,80.2172775269,80254,80265,11
12.9953804016,80.2168731689,80265,80275,10
12.9962797165,80.2165985107,80275,80285,10
12.9970598221,80.2165222168,80285,80295,10
12.9974403381,80.2162628174,80295,80305,10
12.9975404739,80.2161712646,80305,80315,10
12.9978399277,80.215927124,80315,80325,10
12.9982700348,80.2155380249,80325,80335,10
12.9987897873,80.2150802612,80335,80345,10
12.9991502762,80.2147903442,80345,80355,10
12.9994297028,80.2145080566,80355,80365,10
12.999879837,80.2141418457,80365,80376,11
13.0003700256,80.2136993408,80376,80386,10
13.0008802414,80.2132263184,80386,80396,10
13.0014400482,80.2128219604,80396,80406,10
13.0020503998,80.212387085,80406,80416,10
13.002579689,80.2121505737,80416,80426,10
13.0031499863,80.2121200562,80426,80436,10
13.0036201477,80.212020874,80436,80446,10
13.0036802292,80.2119522095,80446,80456,10
13.0037097931,80.2116088867,80456,80466,10
13.0036802292,80.2110977173,80466,80476,10
13.0036096573,80.2105789185,80476,80487,11
13.0035295486,80.2099990845,80487,80497,10
13.0035400391,80.2093963623,80497,80507,10
13.0037202835,80.2087631226,80507,80517,10
13.0043201447,80.2087936401,80517,80527,10
13.0050096512,80.2090988159,80527,80543,16
13.0058403015,80.2094497681,80543,80556,13
13.0060596466,80.2095413208,80556,80566,10
13.0062303543,80.2095718384,80566,80576,10
13.0069799423,80.2097625732,80576,80719,143
13.0069799423,80.2097625732,80719,80729,10
13.0070104599,80.2098312378,80729,80739,10
13.0071496964,80.2098693848,80739,80749,10
13.0073604584,80.2098999023,80749,80759,10
13.0077695847,80.2099609375,80759,80769,10
13.0081100464,80.2099914551,80769,80779,10
13.0081100464,80.2096862793,80779,80789,10
13.0079898834,80.2091369629,80789,80799,10
13.0078401566,80.2083587646,80799,80809,10
13.0077199936,80.2075500488,80809,80820,11
13.0075798035,80.2067108154,80820,80830,10
13.0074996948,80.2058868408,80830,80840,10
13.0074901581,80.2051391602,80840,80850,10
13.0074901581,80.2043914795,80850,80860,10
13.0074396133,80.203666687,80860,80870,10
13.0073003769,80.2029418945,80870,80880,10
13.0068502426,80.2024993896,80880,80890,10
13.0064897537,80.2030181885,80890,80900,10
13.0069904327,80.2034378052,80900,80910,10
13.0076999664,80.2036590576,80910,80920,10
13.0083198547,80.2035217285,80920,80931,11
13.0081796646,80.2028121948,80931,80941,10
13.0075302124,80.203086853,80941,80951,10
13.0075798035,80.2039337158,80951,80961,10
13.0075998306,80.2049179077,80961,80971,10
13.0076599121,80.2059326172,80971,80981,10
13.0078201294,80.2069091797,80981,80991,10
13.0079097748,80.2078475952,80991,81001,10
13.0080499649,80.2088088989,81001,81017,16
13.0085401535,80.2105789185,81017,81029,12
13.008939743,80.2116622925,81029,81039,10
13.0092496872,80.2125320435,81039,81049,10
13.0095500946,80.2133178711,81049,81060,11
13.0099000931,80.2141799927,81060,81070,10
13.010140419,80.2150726318,81070,81080,10
13.0103397369,80.2160186768,81080,81090,10
13.0107698441,80.2169799805,81090,81100,10
13.0112104416,80.2179794312,81100,81110,10
13.0115499496,80.2189712524,81110,81120,10
13.0119695663,80.2202529907,81120,81130,10
13.012260437,80.2212905884,81130,81140,10
13.012720108,80.2220077515,81140,81151,11
13.0133104324,80.2227401733,81151,81161,10
13.0139303207,80.2234191895,81161,81171,10
13.0144300461,80.2240905762,81171,81181,10
13.0149898529,80.2247009277,81181,81191,10
13.0153598785,80.2252731323,81191,81201,10
13.0152301788,80.2257766724,81201,81211,10
13.0146598816,80.2260818481,81211,81221,10
13.0138196945,80.2264328003,81221,81231,10
13.0128898621,80.2268218994,81231,81241,10
13.0119304657,80.2272033691,81241,81251,10
13.0109596252,80.2276000977,81251,81261,10
13.0100002289,80.2279663086,81261,81272,11
13.0091600418,80.2284469604,81272,81282,10
13.0089502335,80.2293319702,81282,81292,10
13.008769989,80.2303695679,81292,81302,10
13.0085897446,80.2313766479,81302,81312,10
13.0084104538,80.2323226929,81312,81322,10
13.0082702637,80.2330093384,81322,81332,10
13.0081796646,80.2334289551,81332,81342,10
13.0081300735,80.2336578369,81342,81352,10
13.0080003738,80.2341918945,81352,81362,10
13.0078897476,80.2348403931,81362,81373,11
13.0077295303,80.2356567383,81373,81383,10
13.0075798035,80.2363891602,81383,81393,10
13.0074300766,80.2372283936,81393,81403,10
13.0072803497,80.2380065918,81403,81413,10
13.0071697235,80.2387237549,81413,81423,10
13.0070199966,80.2394866943,81423,81433,10
13.0068998337,80.2399902344,81433,81504,71
13.0068998337,80.2399902344,81504,81514,10
13.0069198608,80.2404327393,81514,81524,10
13.0067901611,80.2410430908,81524,81534,10
13.0067195892,80.2417602539,81534,81544,10
13.0066995621,80.2424926758,81544,81554,10
13.0066604614,80.2431411743,81554,81564,10
13.0066404343,80.2438278198,81564,81574,10
13.0066404343,80.2445907593,81574,81584,10
13.0066299438,80.2452926636,81584,81594,10
13.006649971,80.2460174561,81594,81605,11
13.0066900253,80.2468032837,81605,81615,10
13.0066604614,80.2473831177,81615,81625,10
13.006649971,80.2480773926,81625,81635,10
13.0066900253,80.2488632202,81635,81645,10
13.0067195892,80.2494430542,81645,81655,10
13.0067195892,80.2494735718,81655,81665,10
13.0067300797,80.2498092651,81665,81675,10
13.0067396164,80.2505493164,81675,81685,10
13.0066995621,80.2515563965,81685,81695,10
13.0065002441,80.2524795532,81695,81705,10
13.006480217,80.253578186,81705,81716,11
13.0065202713,80.2547988892,81716,81726,10
13.0065603256,80.2559814453,81726,81736,10
13.0066003799,80.2572402954,81736,81746,10
13.0063199997,80.2576217651,81746,81756,10
13.0057201385,80.2574386597,81756,81766,10
13.0051002502,80.2572631836,81766,81776,10
13.0043697357,80.2570800781,81776,81786,10
13.0037403107,80.2569503784,81786,81796,10
13.0031795502,80.2568435669,81796,81806,10
13.0026798248,80.2567596436,81806,81816,10
13.0021896362,80.2566680908,81816,81827,11
13.0013799667,80.2565536499,81827,81837,10
13.0007095337,80.2564468384,81837,81847,10
12.9999303818,80.2563095093,81847,81857,10
12.9993000031,80.256187439,81857,81867,10
12.9989595413,80.256111145,81867,81877,10
12.9987297058,80.2560806274,81877,81887,10
12.9984798431,80.2560424805,81887,81897,10
12.9981603622,80.2560119629,81897,81907,10
12.9980602264,80.2560195923,81907,81917,10
12.9978199005,80.2559890747,81917,81998,81
12.9978199005,80.2559890747,81998,82008,10
12.9976596832,80.2560806274,82008,82018,10
12.9976596832,80.2562026978,82018,82028,10
12.9977197647,80.2564163208,82028,83758,1730
12.997759819,80.2565002441,83758,83929,171
12.9977197647,80.2564163208,83929,84555,626
12.9976902008,80.2567977905,84555,84676,121
12.9977302551,80.256942749,84676,84797,121
12.9977302551,80.256942749,84797,84807,10
12.9977903366,80.2571487427,84807,84817,10
12.9980602264,80.2571411133,84817,84827,10
12.9982995987,80.2570571899,84827,84837,10
12.9983196259,80.2567977905,84837,84847,10
